galfind/configs/Brown_Dwarf_templates/sonora_cholla/logkzz2/56g/1250K_56g_logkzz2_resample.dat
# %ECSV 1.0
# ---
# datatype:
# - {name: wav, unit: Angstrom, datatype: float64}
# - {name: flux_nu, unit: erg / (cm2 Hz s), datatype: float64}
# schema: astropy-2.0
wav flux_nu
10000.000000000093 nan
10050.000000000093 2.817396378529343e-07
10100.000000000093 3.358359178180729e-07
10150.000000000093 3.464758299638592e-07
10200.000000000093 3.803797462748122e-07
10250.000000000093 3.9915592496614486e-07
10300.000000000093 3.9143998634652633e-07
10350.000000000093 4.4741037728006604e-07
10400.000000000093 5.040956517188473e-07
10450.000000000093 5.062695234915363e-07
10500.000000000093 4.667105333793177e-07
10550.000000000093 4.5813847441491096e-07
10600.000000000093 4.764216085905193e-07
10650.000000000093 5.323269943692988e-07
10700.000000000093 5.696352135613687e-07
10750.000000000093 6.226903565486285e-07
10800.000000000093 6.653975041934854e-07
10850.000000000093 7.434465641164759e-07
10900.000000000093 6.637226519357792e-07
10950.000000000093 5.201749960891549e-07
11000.000000000093 4.932370441685054e-07
11050.000000000093 4.0089153279137704e-07
11100.000000000093 4.1194296040188416e-07
11150.000000000093 3.5990261406517875e-07
11200.000000000093 3.527032498745068e-07
11250.000000000093 4.232099441228002e-07
11300.000000000093 4.0555594009391677e-07
11350.000000000093 2.825432012490183e-07
11400.000000000093 4.0966653136714824e-07
11450.000000000093 3.435630558692562e-07
11500.000000000093 4.1562448373709127e-07
11550.000000000093 3.493900711938362e-07
11600.000000000093 3.686994762510391e-07
11650.000000000093 4.044671978326669e-07
11700.000000000093 4.257798899071862e-07
11750.000000000093 3.660842470623146e-07
11800.000000000093 4.3929861838306307e-07
11850.000000000093 5.122863466547522e-07
11900.000000000093 5.224776773738116e-07
11950.000000000093 6.022708552036746e-07
12000.000000000093 5.855329438397707e-07
12050.000000000093 7.020519546082058e-07
12100.000000000093 7.409625156477491e-07
12150.000000000093 7.994927736307897e-07
12200.000000000093 8.807791858272016e-07
12250.000000000093 9.79390241210278e-07
12300.000000000093 1.024236359438734e-06
12350.000000000093 1.0627897060749323e-06
12400.000000000093 1.0275960393014985e-06
12450.000000000093 1.1012075302224441e-06
12500.000000000093 1.1725170195429223e-06
12550.000000000093 1.2122943164097288e-06
12600.000000000093 1.2358883463703901e-06
12650.000000000093 1.2396349553436375e-06
12700.000000000093 1.3567840219972852e-06
12750.000000000093 1.2819375868382201e-06
12800.000000000093 1.3464518674818361e-06
12850.000000000093 1.2644133067814763e-06
12900.000000000093 1.1708998987801418e-06
12950.000000000093 1.2676360849120698e-06
13000.000000000093 1.2566361282629196e-06
13050.000000000093 1.2675199508358435e-06
13100.000000000093 1.1748114838697747e-06
13150.000000000093 1.1091967388398113e-06
13200.000000000093 1.0749318107159244e-06
13250.000000000093 8.935705260827664e-07
13300.000000000093 5.976430217894183e-07
13350.000000000093 2.677454630711149e-07
13400.000000000093 1.7705037203748826e-07
13450.000000000093 1.235150218690177e-07
13500.000000000093 8.608601001695754e-08
13550.000000000093 7.69114437166051e-08
13600.000000000093 5.806242177814771e-08
13650.000000000093 1.0820118376058488e-07
13700.000000000093 9.60447374679773e-08
13750.000000000093 8.823404991665663e-08
13800.000000000093 1.1905074578744728e-07
13850.000000000093 9.718381725347205e-08
13900.000000000093 9.98316198679476e-08
13950.000000000093 9.028344511737967e-08
14000.000000000093 7.683079977224777e-08
14050.000000000093 9.30247996534411e-08
14100.000000000093 7.270237344788299e-08
14150.000000000093 8.792394038071784e-08
14200.000000000093 7.844651349994793e-08
14250.000000000093 7.689316120797625e-08
14300.000000000093 8.928318964941617e-08
14350.000000000093 8.746641767021317e-08
14400.000000000093 1.0645938069900028e-07
14450.000000000093 1.056592624644831e-07
14500.000000000093 1.609692628472084e-07
14550.000000000093 1.605083847010297e-07
14600.000000000093 1.9076996717062025e-07
14650.000000000093 2.076385550517545e-07
14700.000000000093 1.6059993705711922e-07
14750.000000000093 1.984058852001132e-07
14800.000000000093 2.3238124567190373e-07
14850.000000000093 2.3013028536759722e-07
14900.000000000093 2.600983521262281e-07
14950.000000000093 2.664791882945924e-07
15000.000000000093 2.7675853331708294e-07
15050.000000000093 3.4764238150530133e-07
15100.000000000093 3.66869815020625e-07
15150.000000000093 3.9901519062588763e-07
15200.000000000093 3.565811420001866e-07
15250.000000000093 4.0216275145445e-07
15300.000000000093 4.5717455297062094e-07
15350.000000000093 5.116506884397778e-07
15400.000000000093 5.410825261198512e-07
15450.000000000093 6.180442789890069e-07
15500.000000000093 6.441799727073336e-07
15550.000000000093 7.097998454454826e-07
15600.000000000093 7.383297617208701e-07
15650.000000000093 7.549424578288422e-07
15700.000000000093 8.68481955979143e-07
15750.000000000093 9.21381449987861e-07
15800.000000000093 9.006797523640356e-07
15850.000000000093 9.669994769404029e-07
15900.000000000093 9.614013163524812e-07
15950.000000000093 9.817768658311292e-07
16000.000000000093 1.0345394120728605e-06
16050.000000000093 1.0448195470917944e-06
16100.000000000093 1.0672939095856182e-06
16150.000000000093 9.077087355011717e-07
16200.000000000093 8.631716249665531e-07
16250.000000000093 8.875361037602759e-07
16300.000000000093 8.675402299494246e-07
16350.000000000093 9.12630569889675e-07
16400.000000000095 9.753820875910701e-07
16450.000000000095 1.0065630782200417e-06
16500.000000000095 1.0528398850475965e-06
16550.000000000095 1.0410536830465138e-06
16600.000000000095 9.789716670367111e-07
16650.000000000095 9.827527811885265e-07
16700.000000000095 7.190818331702669e-07
16750.000000000095 8.194254122006226e-07
16800.000000000095 9.816634049812011e-07
16850.000000000095 9.516969064903187e-07
16900.000000000095 9.276532199033789e-07
16950.000000000095 8.526260082835602e-07
17000.000000000095 8.017195405054498e-07
17050.000000000095 8.636712773367559e-07
17100.000000000095 8.42154399285707e-07
17150.000000000095 7.361389394865146e-07
17200.000000000095 7.387256501077457e-07
17250.000000000095 6.563586846178312e-07
17300.000000000095 5.992493959647462e-07
17350.000000000095 5.801288376108437e-07
17400.000000000095 5.433136087006858e-07
17450.000000000095 5.294383630014071e-07
17500.000000000095 5.444820974348478e-07
17550.000000000095 4.6591989482605826e-07
17600.000000000095 4.502117972933024e-07
17650.000000000095 4.501126648266703e-07
17700.000000000095 3.0596413408080407e-07
17750.000000000095 3.005115439004974e-07
17800.000000000095 3.5275305301346617e-07
17850.000000000095 2.450526548589607e-07
17900.000000000095 2.832237277363902e-07
17950.000000000095 2.3194023917850477e-07
18000.000000000095 2.3584462987919583e-07
18050.000000000095 2.446795355000268e-07
18100.000000000095 2.0819755521704097e-07
18150.000000000095 2.8574624881405575e-07
18200.000000000095 2.004351387694178e-07
18250.000000000095 3.1482390042621837e-07
18300.000000000095 2.4352505756696767e-07
18350.000000000095 2.2825047597166093e-07
18400.000000000095 2.0886475148766885e-07
18450.000000000095 1.939875959700316e-07
18500.000000000095 2.2903876396796244e-07
18550.000000000095 1.8497162054128417e-07
18600.000000000095 1.4858428535323762e-07
18650.000000000095 1.6070211138387804e-07
18700.000000000095 1.81414388335995e-07
18750.000000000095 1.7324953557264337e-07
18800.000000000095 2.4318181593183397e-07
18850.000000000095 2.9799992022163673e-07
18900.000000000095 2.8025355524435235e-07
18950.000000000095 3.4015140248651014e-07
19000.000000000095 3.196080030343449e-07
19050.000000000095 2.7490946261812587e-07
19100.000000000095 3.3855902440529906e-07
19150.000000000095 3.426382455051937e-07
19200.000000000095 3.2222020487681127e-07
19250.000000000095 3.1900097162052015e-07
19300.000000000095 3.0424564252507817e-07
19350.000000000095 2.7349801492291143e-07
19400.000000000095 1.9333964712515648e-07
19450.000000000095 3.0133895097164756e-07
19500.000000000095 2.7056290723268246e-07
19550.000000000095 2.239507216128955e-07
19600.000000000095 2.887052142687424e-07
19650.000000000095 2.951262562252827e-07
19700.000000000095 2.974903494836067e-07
19750.000000000095 2.774759121804654e-07
19800.000000000095 3.1652051343543077e-07
19850.000000000095 3.3854384670612657e-07
19900.000000000095 2.4923120724079347e-07
19950.000000000095 3.767575612593761e-07
20000.000000000095 3.7270968956481067e-07
20050.000000000095 3.9368734108598117e-07
20100.000000000095 4.164103511586223e-07
20150.000000000095 3.9537380392000786e-07
20200.000000000095 4.5975932467531715e-07
20250.000000000095 5.07378242964399e-07
20300.000000000095 4.619201798447948e-07
20350.000000000095 5.096830338901004e-07
20400.000000000095 5.079995031654188e-07
20450.000000000095 6.17320023745322e-07
20500.000000000095 6.134260349768893e-07
20550.000000000095 5.801060822035811e-07
20600.000000000095 7.028201905557547e-07
20650.000000000095 6.389537512359981e-07
20700.000000000095 6.795107737790098e-07
20750.000000000095 7.801213915227873e-07
20800.000000000095 7.714127126606703e-07
20850.000000000095 7.51674376314172e-07
20900.000000000095 8.178776854425079e-07
20950.000000000095 7.811004586355044e-07
21000.000000000095 8.580464089528969e-07
21050.000000000095 8.202616424264909e-07
21100.000000000095 8.412893731977064e-07
21150.000000000095 8.295882906676874e-07
21200.000000000095 8.163074026525098e-07
21250.000000000095 8.470557959119253e-07
21300.000000000095 7.78973058207836e-07
21350.000000000095 8.58079915024598e-07
21400.000000000095 7.46008772634579e-07
21450.000000000095 7.935363996011372e-07
21500.000000000095 7.703628417189931e-07
21550.000000000095 7.458663255492638e-07
21600.000000000095 7.450384548321826e-07
21650.000000000095 6.660559869882458e-07
21700.000000000095 7.262072233331337e-07
21750.000000000095 6.567084411967008e-07
21800.000000000095 6.042428760909852e-07
21850.000000000095 5.505964741593477e-07
21900.000000000095 5.334020924629559e-07
21950.000000000095 3.477125484792254e-07
22000.000000000095 2.811968968156621e-07
22050.000000000095 1.9657830698267484e-07
22100.000000000095 2.5077651887009897e-07
22150.000000000095 2.911587176395991e-07
22200.000000000095 3.019500923874348e-07
22250.000000000095 2.7280525321820543e-07
22300.000000000095 2.8097112742653823e-07
22350.000000000095 2.5253518680995616e-07
22400.000000000095 2.416271548566563e-07
22450.000000000095 2.044475812593728e-07
22500.000000000095 2.243182497194397e-07
22550.000000000095 1.6020594328619232e-07
22600.000000000095 1.9110979515649979e-07
22650.000000000095 1.6986427866596456e-07
22700.000000000095 1.7202115408972975e-07
22750.000000000095 1.7514617733578494e-07
22800.000000000095 1.5673649356762332e-07
22850.000000000095 1.4067663104049868e-07
22900.000000000095 1.318162801287898e-07
22950.000000000095 1.284980922367164e-07
23000.000000000095 9.981533383125953e-08
23050.000000000095 1.4402768191605163e-07
23100.000000000095 1.7774317776559971e-07
23150.000000000095 1.887944683280538e-07
23200.000000000095 1.1527599367585006e-07
23250.000000000095 1.0140855934954984e-07
23300.000000000095 9.422543646935434e-08
23350.000000000095 8.1185473347259e-08
23400.000000000095 1.0434258120383987e-07
23450.000000000095 9.463404229525421e-08
23500.000000000095 1.0169971915639756e-07
23550.000000000095 1.3735521508516486e-07
23600.000000000095 1.3885764968091468e-07
23650.000000000095 1.594765078506043e-07
23700.000000000095 1.159028683733618e-07
23750.000000000095 1.0703476756985733e-07
23800.000000000095 1.0060197375142012e-07
23850.000000000095 1.072475714621833e-07
23900.000000000095 1.5315906639464668e-07
23950.000000000095 1.5801211325182267e-07
24000.000000000095 1.9577389363291808e-07
24050.000000000095 1.9624789439731336e-07
24100.000000000095 1.689124017404559e-07
24150.000000000095 1.8031241109463742e-07
24200.000000000095 2.0051922938310756e-07
24250.000000000095 1.78713756040728e-07
24300.000000000095 1.856284079412844e-07
24350.000000000095 1.7290759595100062e-07
24400.000000000095 2.254827541094406e-07
24450.000000000095 1.8802281015613598e-07
24500.000000000095 2.1403123386941774e-07
24550.000000000095 1.9219723665408108e-07
24600.000000000095 2.1757011602630837e-07
24650.000000000095 2.3282305129390145e-07
24700.000000000095 1.9578139795410136e-07
24750.000000000095 1.7574142978405762e-07
24800.000000000095 1.9022596213516e-07
24850.000000000095 2.4057690656401743e-07
24900.000000000095 1.4560721064526894e-07
24950.000000000095 2.285166331630571e-07
25000.000000000095 2.1405936931517798e-07
25050.000000000095 1.7636632133627423e-07
25100.000000000095 2.0623087997342067e-07
25150.000000000095 1.3844196608071766e-07
25200.000000000095 1.861457659442136e-07
25250.000000000095 1.4580032167696604e-07
25300.000000000095 2.0144701360255654e-07
25350.000000000095 1.1510126666405319e-07
25400.000000000095 1.796626290859372e-07
25450.000000000095 1.4190889753596555e-07
25500.000000000095 1.31649227089899e-07
25550.000000000095 1.5840206062858794e-07
25600.000000000095 1.3257295914737943e-07
25650.000000000095 1.166830994556391e-07
25700.000000000095 1.8846910277145767e-07
25750.000000000095 1.1685963066853168e-07
25800.000000000095 1.7809875300617047e-07
25850.000000000095 1.154630936941639e-07
25900.000000000095 1.4844563069319592e-07
25950.000000000095 1.2030309263697863e-07
26000.000000000095 1.6712147230189935e-07
26050.000000000095 1.6615824143692302e-07
26100.000000000095 1.9588898526119763e-07
26150.000000000095 1.7373307076104682e-07
26200.000000000095 1.950655655440184e-07
26250.000000000095 2.0265234571798286e-07
26300.000000000095 1.7121091247734426e-07
26350.000000000095 2.0956109178787708e-07
26400.000000000095 2.623550761043659e-07
26450.000000000095 2.3482497916024322e-07
26500.000000000095 2.1555006854285315e-07
26550.000000000095 2.1170581288547856e-07
26600.000000000095 2.5814303686182845e-07
26650.000000000095 1.5341793684862485e-07
26700.000000000095 1.3405648339027686e-07
26750.000000000095 1.1684116757363275e-07
26800.000000000095 1.6053076266753452e-07
26850.000000000095 1.0180714212119505e-07
26900.000000000095 1.67240857553948e-07
26950.000000000095 9.737787731425708e-08
27000.000000000095 1.8587082064347054e-07
27050.000000000095 1.6297307511776484e-07
27100.000000000095 1.4202326171172382e-07
27150.000000000095 2.0166725889070722e-07
27200.000000000095 1.507644978284544e-07
27250.000000000095 1.5734199490583957e-07
27300.000000000095 2.4611457551770436e-07
27350.000000000095 1.9582553494156254e-07
27400.000000000095 1.0593359988550671e-07
27450.000000000095 2.6051335216513784e-07
27500.000000000095 2.2202031696104123e-07
27550.000000000095 1.781381123908942e-07
27600.000000000095 2.7501894928328883e-07
27650.000000000095 1.4435023203209256e-07
27700.000000000095 1.1854550442955023e-07
27750.000000000095 2.5326077997408265e-07
27800.000000000095 1.4860350104254492e-07
27850.000000000095 1.6926300890113397e-07
27900.000000000095 2.0379768527280669e-07
27950.000000000095 1.8622223567755467e-07
28000.000000000095 2.242767843890703e-07
28050.000000000095 1.2579907847324198e-07
28100.000000000095 2.524824538002506e-07
28150.000000000095 2.2376427308169347e-07
28200.000000000095 1.1561018388615517e-07
28250.000000000095 2.5078068219076014e-07
28300.000000000095 3.263582512028365e-07
28350.000000000095 1.2481609144114062e-07
28400.000000000095 2.5004322245548627e-07
28450.000000000095 2.2659436349051754e-07
28500.000000000095 2.285504076412335e-07
28550.000000000095 1.1737465299621936e-07
28600.000000000095 2.581138398772593e-07
28650.000000000095 2.520290365590588e-07
28700.000000000095 2.1213062626023317e-07
28750.000000000095 2.740704646413606e-07
28800.000000000095 2.2243012776047216e-07
28850.000000000095 3.2298231786358263e-07
28900.000000000095 1.5608549326679725e-07
28950.000000000095 2.8832020513250023e-07
29000.000000000095 1.9480265578734118e-07
29050.000000000095 2.4092959771423644e-07
29100.000000000095 1.6173455859344015e-07
29150.000000000095 2.867179556785303e-07
29200.000000000095 2.2537694166516835e-07
29250.000000000095 2.972503968010151e-07
