galfind/configs/Brown_Dwarf_templates/sonora_cholla/logkzz2/56g/1250K_56g_logkzz2_resample.dat
# %ECSV 1.0
# ---
# datatype:
# - {name: wav, unit: Angstrom, datatype: float64}
# - {name: flux_nu, unit: erg / (cm2 Hz s), datatype: float64}
# schema: astropy-2.0
wav flux_nu
[from data line 387]
29350.000000000095 4.3096425311707256e-07
29400.000000000095 3.042619844868021e-07
29450.000000000095 2.7847687056455367e-07
29500.000000000095 2.8388401368816157e-07
29550.000000000095 2.5553692740798607e-07
29600.000000000095 3.686707866876901e-07
29650.000000000095 2.663358133453016e-07
29700.000000000095 2.934529560776001e-07
29750.000000000095 3.159638038957021e-07
29800.000000000095 4.053808446737229e-07
29850.000000000095 3.727356709857793e-07
29900.000000000095 3.057646760844266e-07
29950.000000000095 2.988981577854168e-07
30000.000000000095 3.7173501750094317e-07
30050.000000000095 2.9678997510651716e-07
30100.000000000095 3.0051856655845256e-07
30150.000000000095 3.871080736073624e-07
30200.000000000095 3.2130091928137487e-07
30250.000000000095 3.7195763225057637e-07
30300.000000000095 3.3907754561628776e-07
30350.000000000095 2.814050718951906e-07
30400.000000000095 3.2878736759317177e-07
30450.000000000095 2.985974794315526e-07
30500.000000000095 2.813041899652975e-07
30550.000000000095 3.16606600514219e-07
30600.000000000095 3.089596477268938e-07
30650.000000000095 2.9789396428432583e-07
30700.000000000095 2.657494808489158e-07
30750.000000000095 2.3101933677299802e-07
30800.000000000095 2.498238927540018e-07
30850.000000000095 2.3368621327436617e-07
30900.000000000095 2.2977679457931034e-07
30950.000000000095 1.7864504969897234e-07
31000.000000000095 2.057899357978629e-07
31050.000000000095 2.0510017535076942e-07
31100.000000000095 1.5064410940014663e-07
31150.000000000095 1.833827705060432e-07
31200.000000000095 1.7575117929198643e-07
31250.000000000095 1.6586841680268396e-07
31300.000000000095 1.6176538826261404e-07
31350.000000000095 1.4795579193733416e-07
31400.000000000095 1.1469852875267907e-07
31450.000000000095 1.5782065831861337e-07
31500.000000000095 1.3080596970990825e-07
31550.000000000095 1.5422176349960494e-07
31600.000000000095 1.1626853689908605e-07
31650.000000000095 1.3392095273177038e-07
31700.000000000095 1.233923010950907e-07
31750.000000000095 1.1237907549218608e-07
31800.000000000095 1.1624312610019907e-07
31850.000000000095 1.194967885948556e-07
31900.000000000095 1.0580328691094307e-07
31950.000000000095 1.2175190848147828e-07
32000.000000000095 1.14694569187276e-07
32050.000000000095 9.193550909703717e-08
32100.000000000095 8.959556950815467e-08
32150.000000000095 1.161928937302045e-07
32200.000000000095 1.0041079845738354e-07
32250.000000000095 1.1079549348502948e-07
32300.000000000095 9.498329912994263e-08
32350.000000000095 1.3743661062763667e-07
32400.000000000095 1.1381737332019294e-07
32450.000000000095 1.4295692449835797e-07
32500.000000000095 1.138531412086519e-07
32550.000000000095 1.3614782519118922e-07
32600.000000000095 1.5492776736629172e-07
32650.000000000095 1.7434485419932865e-07
32700.000000000095 1.3798448785056044e-07
32750.000000000095 1.8792303704137998e-07
32800.000000000095 1.3734048953383691e-07
32850.000000000095 1.784618623203646e-07
32900.000000000095 1.9531890220055704e-07
32950.000000000095 1.9914480211170734e-07
33000.000000000095 1.8738808077951712e-07
33050.000000000095 1.7242350782792687e-07
33100.000000000095 1.1262156750990735e-07
33150.000000000095 7.265634044418268e-08
33200.000000000095 6.811652475283655e-08
33250.000000000095 3.71536841384948e-08
33300.000000000095 3.7860338616767085e-08
33350.000000000095 5.15704545151826e-08
33400.000000000095 6.308807790751947e-08
33450.000000000095 7.642999927750562e-08
33500.000000000095 8.809890185165016e-08
33550.000000000095 9.390755645596013e-08
33600.000000000095 1.2582699284112116e-07
33650.000000000095 1.344134251601342e-07
33700.000000000095 1.3154997227621976e-07
33750.000000000095 1.5929862790407593e-07
33800.000000000095 1.4712531625953372e-07
33850.000000000095 1.7597750261903877e-07
33900.000000000095 1.5600438443055245e-07
33950.000000000095 1.6198277477853625e-07
34000.000000000095 1.7116050854765285e-07
34050.000000000095 1.1084917694995923e-07
34100.000000000095 1.7141673073836694e-07
34150.000000000095 1.4029265099704703e-07
34200.000000000095 1.6563899748923086e-07
34250.000000000095 1.4244320721779976e-07
34300.000000000095 1.1780742829912216e-07
34350.000000000095 1.3960426089127126e-07
34400.000000000095 1.3943367158827174e-07
34450.000000000095 1.6731850692249757e-07
34500.000000000095 1.600771774108936e-07
34550.000000000095 1.173218074814388e-07
34600.000000000095 1.7175844229261363e-07
34650.000000000095 1.4048735159856736e-07
34700.000000000095 1.4065427911581197e-07
34750.000000000095 1.3848083959921893e-07
34800.000000000095 1.0640707222354731e-07
34850.000000000095 1.384693456600794e-07
34900.000000000095 1.7144311280224319e-07
34950.000000000095 1.3659410430371128e-07
35000.000000000095 1.8373247440129162e-07
35050.000000000095 1.5417696668164272e-07
35100.000000000095 1.7318831845423472e-07
35150.000000000095 1.6344945766710135e-07
35200.000000000095 2.234486783543646e-07
35250.000000000095 2.0796393066022367e-07
35300.000000000095 1.5444898819033436e-07
35350.000000000095 2.0720260419481604e-07
35400.000000000095 1.9333878748248204e-07
35450.000000000095 1.7934664010109888e-07
35500.000000000095 2.4020640184964766e-07
35550.000000000095 2.2816969292741514e-07
35600.000000000095 2.2666699932945034e-07
35650.000000000095 2.2567779885397327e-07
35700.000000000095 1.7688832425879e-07
35750.000000000095 2.5100238399885024e-07
35800.000000000095 2.540424923613949e-07
35850.000000000095 2.0408329940957782e-07
35900.000000000095 2.8152745054579264e-07
35950.000000000095 2.5157197833125394e-07
36000.000000000095 2.1586144649466082e-07
36050.000000000095 2.815659863066067e-07
36100.000000000095 2.6370756763840697e-07
36150.000000000095 2.7474467188940496e-07
36200.000000000095 2.8127756703518655e-07
36250.000000000095 2.9077002109447676e-07
36300.000000000095 3.2455262002265247e-07
36350.000000000095 3.4060840484958375e-07
36400.000000000095 3.657870934183318e-07
36450.000000000095 3.5690404943138297e-07
36500.000000000095 3.866797715654969e-07
36550.000000000095 3.464908290905338e-07
36600.000000000095 4.0682328033646634e-07
36650.000000000095 4.2978680241827597e-07
36700.000000000095 4.787522894773509e-07
36750.000000000095 4.950816481097465e-07
36800.000000000095 4.80204841168322e-07
36850.000000000095 4.838870922738549e-07
36900.000000000095 4.5830304525071434e-07
36950.000000000095 5.219000931168845e-07
37000.000000000095 5.124341769196687e-07
37050.000000000095 5.325688321038864e-07
37100.000000000095 5.906233681392635e-07
37150.000000000095 5.888317261791651e-07
37200.000000000095 5.863271565631236e-07
37250.000000000095 5.414062408050086e-07
37300.000000000095 6.020975629520768e-07
37350.000000000095 5.545480986338392e-07
37400.000000000095 6.919901223432459e-07
37450.000000000095 6.529600991809308e-07
37500.000000000095 6.083652061007943e-07
37550.000000000095 7.510387733172298e-07
37600.000000000095 8.103681709519707e-07
37650.000000000095 6.918090678627841e-07
37700.000000000095 7.316915729902539e-07
37750.000000000095 6.639746194926679e-07
37800.000000000095 7.366611357358196e-07
37850.000000000095 6.848225801635891e-07
37900.000000000095 7.758203698969569e-07
37950.000000000095 8.48717616841127e-07
38000.000000000095 8.610433228071422e-07
38050.000000000095 8.110111186807882e-07
38100.000000000095 8.663393910111916e-07
38150.000000000095 8.907888395706989e-07
38200.000000000095 1.0182649254335265e-06
38250.000000000095 9.063214717545973e-07
38300.000000000095 9.369919268924444e-07
38350.000000000095 1.0441593056549693e-06
38400.000000000095 8.452123274271334e-07
38450.000000000095 1.0239183057336526e-06
38500.000000000095 9.508473800651448e-07
38550.000000000095 1.003747098860953e-06
38600.000000000095 1.0684223883222098e-06
38650.000000000095 1.1833413983375098e-06
38700.000000000095 1.123054505906551e-06
38750.000000000095 1.0747081387417806e-06
38800.000000000095 1.0609666069221469e-06
38850.000000000095 1.1962173533012325e-06
38900.000000000095 1.1237696041059507e-06
38950.000000000095 1.1232259291981011e-06
39000.000000000095 1.272976855074294e-06
39050.000000000095 1.2225588823515067e-06
39100.000000000095 1.0400190318252747e-06
39150.000000000095 1.2139020362462955e-06
39200.000000000095 1.141950385615666e-06
39250.000000000095 1.2485784301031406e-06
39300.000000000095 1.2625639701755136e-06
39350.000000000095 1.385650509987864e-06
39400.000000000095 1.41229761151069e-06
39450.000000000095 1.3833581623686658e-06
39500.000000000095 1.1058228603899265e-06
39550.000000000095 1.2488369800969521e-06
39600.000000000095 1.3291903402762895e-06
39650.000000000095 1.3188143387373323e-06
39700.000000000095 1.2763603957953063e-06
39750.000000000095 1.246852159686357e-06
39800.000000000095 1.3267757702351655e-06
39850.000000000095 1.346480301452265e-06
39900.000000000095 1.2889329802717843e-06
39950.000000000095 1.318198657914844e-06
40000.000000000095 1.2491175002315932e-06
40050.000000000095 1.3859951550689667e-06
40100.000000000095 1.3853310930957816e-06
40150.000000000095 1.4894929151240123e-06
40200.000000000095 1.5615887344146572e-06
40250.000000000095 1.2064938994794592e-06
40300.000000000095 1.3468980030990258e-06
40350.000000000095 1.310152625138701e-06
40400.000000000095 1.4238881817251928e-06
40450.000000000095 1.3941905833330745e-06
40500.000000000095 1.2205393157123604e-06
40550.000000000095 1.4284209437507255e-06
40600.000000000095 1.2003837492866694e-06
40650.000000000095 1.4903801622850255e-06
40700.000000000095 1.5759384358658985e-06
40750.000000000095 1.3492069089742992e-06
40800.000000000095 1.2343607843360663e-06
40850.000000000095 1.335100103824028e-06
40900.000000000095 1.1598293245127162e-06
40950.000000000095 1.2672218848660707e-06
41000.000000000095 1.3087858599843371e-06
41050.000000000095 1.4449725884546735e-06
41100.000000000095 1.217314126772339e-06
41150.000000000095 1.1475592998666823e-06
41200.000000000095 1.2670455689228164e-06
41250.000000000095 1.3604067374120008e-06
41300.000000000095 1.0382073894470094e-06
41350.000000000095 1.3493902247590604e-06
41400.000000000095 1.3218547229262414e-06
41450.000000000095 1.3008515286245083e-06
41500.000000000095 1.283918879028132e-06
41550.000000000095 1.2381417083934366e-06
41600.000000000095 1.2813415595830837e-06
41650.000000000095 1.1156790407675213e-06
41700.000000000095 1.1597447133807396e-06
41750.000000000095 9.277692405365153e-07
41800.000000000095 1.2629612554135513e-06
41850.000000000095 7.341757011087697e-07
41900.000000000095 1.0680806159691652e-06
41950.000000000095 9.88481228991826e-07
42000.000000000095 1.0031838418203636e-06
42050.000000000095 7.745454821515778e-07
42100.000000000095 9.201278012785492e-07
42150.000000000095 6.877131198992914e-07
42200.000000000095 8.342170156625309e-07
42250.000000000095 6.80643521889463e-07
42300.000000000095 7.945825483572925e-07
42350.000000000095 7.622687895288343e-07
42400.000000000095 6.363003872007171e-07
42450.000000000095 5.210804458355536e-07
42500.000000000095 5.929155948313809e-07
42550.000000000095 6.649807069561516e-07
42600.000000000095 6.655550642434453e-07
42650.000000000095 7.638543820230287e-07
42700.000000000095 6.599111274411957e-07
42750.000000000095 6.720857634157259e-07
42800.000000000095 5.916620042473236e-07
42850.000000000095 6.579563602743827e-07
42900.000000000095 6.476050871739111e-07
42950.000000000095 5.616830104020046e-07
43000.000000000095 6.667469176697884e-07
43050.000000000095 5.42231265960639e-07
43100.000000000095 6.651339058705104e-07
43150.000000000095 6.828955430767528e-07
43200.000000000095 6.680988282790896e-07
43250.000000000095 5.36567499614637e-07
43300.000000000095 6.918273863020336e-07
43350.000000000095 6.599018267308974e-07
43400.000000000095 7.266453675564013e-07
43450.000000000095 5.33896947523318e-07
43500.000000000095 5.224852828478133e-07
43550.000000000095 5.200055536517249e-07
43600.000000000095 6.711633619296133e-07
43650.000000000095 4.6097676779888274e-07
43700.000000000095 6.784195507535644e-07
43750.000000000095 6.14038578065459e-07
43800.000000000095 5.1146507339474e-07
43850.000000000095 6.381932574083761e-07
43900.000000000095 4.1078108165615167e-07
43950.000000000095 5.520745569180944e-07
44000.000000000095 4.157462665369572e-07
44050.000000000095 5.46422157908969e-07
44100.000000000095 5.412039253447467e-07
44150.000000000095 5.884674766936247e-07
44200.000000000095 4.786643240924004e-07
44250.000000000095 4.986346399040492e-07
44300.000000000095 4.6915639862551817e-07
44350.000000000095 3.74669521696207e-07
44400.000000000095 4.5280960846519203e-07
44450.000000000095 4.533888703040705e-07
44500.000000000095 3.687252388797831e-07
44550.000000000095 4.284404386343888e-07
44600.000000000095 3.7511681075727446e-07
44650.000000000095 4.3462787208642577e-07
44700.000000000095 3.9999320525203217e-07
44750.000000000095 4.3671533132518327e-07
44800.000000000095 4.164390769245983e-07
44850.000000000095 3.824895701131735e-07
44900.000000000095 3.307296420388192e-07
44950.000000000095 3.4963798263056593e-07
45000.000000000095 3.5813937998911444e-07
45050.000000000095 3.7434501947095646e-07
45100.000000000095 3.3263451757109413e-07
45150.000000000095 3.3076820409846e-07
45200.000000000095 2.8255613654056353e-07
45250.000000000095 2.965614192334531e-07
45300.000000000095 3.300145589789989e-07
45350.000000000095 3.412814683772598e-07
45400.000000000095 2.687454544745571e-07
45450.000000000095 2.7803900486317703e-07
45500.000000000095 2.7639674771476025e-07
45550.000000000095 3.042800990628143e-07
45600.000000000095 2.732386586743808e-07
45650.000000000095 2.7818501499847555e-07
45700.000000000095 3.3519961409636425e-07
45750.000000000095 3.0477318093189923e-07
45800.000000000095 2.786309020057324e-07
45850.000000000095 3.817099638044689e-07
45900.000000000095 3.7245569021559283e-07
45950.000000000095 2.8971207828637494e-07
46000.000000000095 3.5718643983921037e-07
46050.000000000095 3.6894818398375365e-07
46100.000000000095 2.9151465804798977e-07
46150.000000000095 3.530433407699573e-07
46200.000000000095 3.3034761674442314e-07
46250.000000000095 2.2845043631026404e-07
46300.000000000095 3.992936163062661e-07
46350.000000000095 2.727214662361189e-07
46400.000000000095 3.4645495830844405e-07
46450.000000000095 4.162044918752934e-07
46500.000000000095 3.388315507818583e-07
46550.000000000095 4.078272768158533e-07
46600.000000000095 4.1435500971400617e-07
46650.000000000095 5.814242316939518e-07
46700.000000000095 4.556760613632254e-07
46750.000000000095 3.9275686258812084e-07
46800.000000000095 3.2898618453987975e-07
46850.000000000095 4.481194520358083e-07
46900.000000000095 3.829319958372256e-07
46950.000000000095 4.78407962805354e-07
47000.000000000095 3.4211438168263893e-07
47050.000000000095 5.154493972857381e-07
47100.000000000095 3.1040382186491394e-07
47150.000000000095 3.606877700243342e-07
47200.000000000095 4.19860132599535e-07
47250.000000000095 3.3202033426237134e-07
47300.000000000095 3.6797232904652875e-07
47350.000000000095 2.983472376800672e-07
47400.000000000095 4.325275316700112e-07
47450.000000000095 3.167759685832277e-07
47500.000000000095 4.66204229269053e-07
47550.000000000095 3.1571410106753406e-07
47600.000000000095 4.3337913276755125e-07
47650.000000000095 3.1631881478825416e-07
47700.000000000095 4.112022780629879e-07
47750.000000000095 2.643257992199597e-07
47800.000000000095 3.8710973959311315e-07
47850.000000000095 2.352452025480357e-07
47900.000000000095 3.8910293761561245e-07
47950.000000000095 3.071085533395093e-07
48000.000000000095 4.895156029161928e-07
48050.000000000095 3.382590862396189e-07
48100.000000000095 4.162755956084733e-07
48150.000000000095 3.2018144034629966e-07
48200.000000000095 4.42478952274182e-07
48250.000000000095 3.5276598501725845e-07
48300.000000000095 5.126740989793845e-07
48350.000000000095 2.9422411319306606e-07
48400.000000000095 4.213119357890392e-07
48450.000000000095 2.9230105668257966e-07
48500.000000000095 5.133878079668856e-07
48550.000000000095 2.8958790562555925e-07
