galfind/configs/Brown_Dwarf_templates/sonora_cholla/logkzz2/56g/1300K_56g_logkzz2_resample.dat
# %ECSV 1.0
# ---
# datatype:
# - {name: wav, unit: Angstrom, datatype: float64}
# - {name: flux_nu, unit: erg / (cm2 Hz s), datatype: float64}
# schema: astropy-2.0
wav flux_nu
10000.000000000093 nan
10050.000000000093 3.074152906408304e-07
10100.000000000093 3.6750975989897974e-07
10150.000000000093 3.773615521661458e-07
10200.000000000093 4.133242539097586e-07
10250.000000000093 4.3129440130721215e-07
10300.000000000093 4.209915355396801e-07
10350.000000000093 4.814693433551651e-07
10400.000000000093 5.437419084822174e-07
10450.000000000093 5.47740053403127e-07
10500.000000000093 5.058871618654009e-07
10550.000000000093 4.980195502896971e-07
10600.000000000093 5.181193193404914e-07
10650.000000000093 5.79720011464887e-07
10700.000000000093 6.192406442991001e-07
10750.000000000093 6.794127657603824e-07
10800.000000000093 7.295782837804834e-07
10850.000000000093 8.211085062342403e-07
10900.000000000093 7.39921306933768e-07
10950.000000000093 5.934929431791562e-07
11000.000000000093 5.678942415294032e-07
11050.000000000093 4.56434054203706e-07
11100.000000000093 4.791697295345235e-07
11150.000000000093 4.2702844839490197e-07
11200.000000000093 4.2030160169791514e-07
11250.000000000093 5.036464727765199e-07
11300.000000000093 4.806875287776365e-07
11350.000000000093 3.4918991255308257e-07
11400.000000000093 4.889547321180713e-07
11450.000000000093 4.157803797547041e-07
11500.000000000093 5.035379284682013e-07
11550.000000000093 4.351342822381903e-07
11600.000000000093 4.587706448578798e-07
11650.000000000093 4.984696193575833e-07
11700.000000000093 5.21803143818952e-07
11750.000000000093 4.59774369664446e-07
11800.000000000093 5.334426684916224e-07
11850.000000000093 6.106589269505209e-07
11900.000000000093 6.204140607018164e-07
11950.000000000093 6.99723396382279e-07
12000.000000000093 6.668739534483584e-07
12050.000000000093 8.018460281301456e-07
12100.000000000093 8.38660864762666e-07
12150.000000000093 9.050244636182287e-07
12200.000000000093 9.910702013275105e-07
12250.000000000093 1.1002788550255284e-06
12300.000000000093 1.1467542513055529e-06
12350.000000000093 1.187736580354806e-06
12400.000000000093 1.1317887080511144e-06
12450.000000000093 1.199327223959191e-06
12500.000000000093 1.2815381087077135e-06
12550.000000000093 1.3226105485057197e-06
12600.000000000093 1.3486841106273074e-06
12650.000000000093 1.352737393836977e-06
12700.000000000093 1.494447750864946e-06
12750.000000000093 1.4103397949087853e-06
12800.000000000093 1.4876792133672327e-06
12850.000000000093 1.4043530772247303e-06
12900.000000000093 1.3046975875534615e-06
12950.000000000093 1.4185763655364812e-06
13000.000000000093 1.4107141439055067e-06
13050.000000000093 1.4290952521945564e-06
13100.000000000093 1.327951888723616e-06
13150.000000000093 1.2706124598525932e-06
13200.000000000093 1.2333114417296634e-06
13250.000000000093 1.0307975216675206e-06
13300.000000000093 7.118956701948896e-07
13350.000000000093 3.3303728295528456e-07
13400.000000000093 2.2693758225004803e-07
13450.000000000093 1.635679492088205e-07
13500.000000000093 1.1722508015923714e-07
13550.000000000093 1.0526967758727581e-07
13600.000000000093 8.237428591753359e-08
13650.000000000093 1.4673045816006827e-07
13700.000000000093 1.318845495915541e-07
13750.000000000093 1.1934300544073134e-07
13800.000000000093 1.607437731271759e-07
13850.000000000093 1.32119436321933e-07
13900.000000000093 1.3545760273525544e-07
13950.000000000093 1.2375768330086052e-07
14000.000000000093 1.0449866560278695e-07
14050.000000000093 1.2535905513117363e-07
14100.000000000093 9.893167840906049e-08
14150.000000000093 1.1690389878968359e-07
14200.000000000093 1.0595863523379127e-07
14250.000000000093 1.0401053094703552e-07
14300.000000000093 1.1552685792367444e-07
14350.000000000093 1.1414678815672507e-07
14400.000000000093 1.3779904153964336e-07
14450.000000000093 1.3626772659398887e-07
14500.000000000093 2.012083229499329e-07
14550.000000000093 2.0072162085284623e-07
14600.000000000093 2.3518641986862716e-07
14650.000000000093 2.5538006681298437e-07
14700.000000000093 2.0087427865436514e-07
14750.000000000093 2.436178772208981e-07
14800.000000000093 2.820181821282148e-07
14850.000000000093 2.772284119628278e-07
14900.000000000093 3.1444513517784907e-07
14950.000000000093 3.178895025555924e-07
15000.000000000093 3.2982067649564164e-07
15050.000000000093 4.1236151863418905e-07
15100.000000000093 4.3211243337695603e-07
15150.000000000093 4.6871756172552096e-07
15200.000000000093 4.21022862220358e-07
15250.000000000093 4.684701637043686e-07
15300.000000000093 5.298421047586679e-07
15350.000000000093 5.872100874159299e-07
15400.000000000093 6.179754207799135e-07
15450.000000000093 7.057624352762014e-07
15500.000000000093 7.345761661542509e-07
15550.000000000093 8.039368084561011e-07
15600.000000000093 8.351993667201455e-07
15650.000000000093 8.508424258461139e-07
15700.000000000093 9.750762389533197e-07
15750.000000000093 1.032154913282086e-06
15800.000000000093 1.0133234450432196e-06
15850.000000000093 1.0789533070986843e-06
15900.000000000093 1.0745246647753972e-06
15950.000000000093 1.0970390664244203e-06
16000.000000000093 1.168547212927228e-06
16050.000000000093 1.1979443068599407e-06
16100.000000000093 1.2399424571316754e-06
16150.000000000093 1.0788839473682116e-06
16200.000000000093 1.0498799582331655e-06
16250.000000000093 1.0765301108824185e-06
16300.000000000093 1.0661470703513917e-06
16350.000000000093 1.127258359848975e-06
16400.000000000095 1.1838566324027905e-06
16450.000000000095 1.2097444386510504e-06
16500.000000000095 1.2683032371598258e-06
16550.000000000095 1.2664176944681876e-06
16600.000000000095 1.1889934055746139e-06
16650.000000000095 1.2275049445406669e-06
16700.000000000095 9.447330963299758e-07
16750.000000000095 1.0620585475593524e-06
16800.000000000095 1.2286280762326947e-06
16850.000000000095 1.1967833183865938e-06
16900.000000000095 1.177447679679653e-06
16950.000000000095 1.0900649043697082e-06
17000.000000000095 1.0366292924309044e-06
17050.000000000095 1.1018847622114486e-06
17100.000000000095 1.0603099239251416e-06
17150.000000000095 9.410071647923025e-07
17200.000000000095 9.209136144320986e-07
17250.000000000095 8.229218593444398e-07
17300.000000000095 7.627228729959409e-07
17350.000000000095 7.405022642807399e-07
17400.000000000095 6.953446942392966e-07
17450.000000000095 6.71900339886658e-07
17500.000000000095 6.805160577588842e-07
17550.000000000095 5.891478464698538e-07
17600.000000000095 5.751500440374796e-07
17650.000000000095 5.746489299806869e-07
17700.000000000095 3.932179155158244e-07
17750.000000000095 3.894441807909055e-07
17800.000000000095 4.474209207742564e-07
17850.000000000095 3.166416132908221e-07
17900.000000000095 3.633893231166486e-07
17950.000000000095 3.056253211999651e-07
18000.000000000095 3.0552884966945245e-07
18050.000000000095 3.1859047860840665e-07
18100.000000000095 2.711664255577906e-07
18150.000000000095 3.629465454637965e-07
18200.000000000095 2.6291550328546775e-07
18250.000000000095 3.963536438484666e-07
18300.000000000095 3.1381080014356125e-07
18350.000000000095 2.974291763157684e-07
18400.000000000095 2.720322896282681e-07
18450.000000000095 2.4851162986819906e-07
18500.000000000095 2.912728499019643e-07
18550.000000000095 2.3811173851660032e-07
18600.000000000095 1.9204785274801286e-07
18650.000000000095 2.0889247506375272e-07
18700.000000000095 2.3732491405483333e-07
18750.000000000095 2.2266489484890182e-07
18800.000000000095 3.0307077821313164e-07
18850.000000000095 3.7184729045023136e-07
18900.000000000095 3.5036753586884763e-07
18950.000000000095 4.1542551429369617e-07
19000.000000000095 4.0010742491645336e-07
19050.000000000095 3.49262425187411e-07
19100.000000000095 4.12403018549992e-07
19150.000000000095 4.288321321789229e-07
19200.000000000095 3.967393281886208e-07
19250.000000000095 3.987315301850827e-07
19300.000000000095 3.8283549886428826e-07
19350.000000000095 3.4761303151813843e-07
19400.000000000095 2.4908108378974013e-07
19450.000000000095 3.7890813282956866e-07
19500.000000000095 3.395062435389319e-07
19550.000000000095 2.8517321230358943e-07
19600.000000000095 3.617770955545673e-07
19650.000000000095 3.6735121299618043e-07
19700.000000000095 3.693887228347242e-07
19750.000000000095 3.411396591882547e-07
19800.000000000095 3.8644593807567223e-07
19850.000000000095 4.089838899765633e-07
19900.000000000095 3.0497362575398233e-07
19950.000000000095 4.5284811793053545e-07
20000.000000000095 4.4798402879589425e-07
20050.000000000095 4.706604467188794e-07
20100.000000000095 4.978054726916411e-07
20150.000000000095 4.7218813468067753e-07
20200.000000000095 5.42715537003939e-07
20250.000000000095 5.975214385453045e-07
20300.000000000095 5.467560363643297e-07
20350.000000000095 5.994393041540803e-07
20400.000000000095 5.972940172689811e-07
20450.000000000095 7.241398272471042e-07
20500.000000000095 7.176719889968574e-07
20550.000000000095 6.794637837991772e-07
20600.000000000095 8.21127312087924e-07
20650.000000000095 7.464689807084736e-07
20700.000000000095 7.942218564164662e-07
20750.000000000095 9.147694791475911e-07
20800.000000000095 9.037010246887074e-07
20850.000000000095 8.819960381309453e-07
20900.000000000095 9.613741558794455e-07
20950.000000000095 9.22623507013752e-07
21000.000000000095 1.0149501375421734e-06
21050.000000000095 9.752582764980736e-07
21100.000000000095 1.007263915557326e-06
21150.000000000095 9.912414204902157e-07
21200.000000000095 9.806934310553966e-07
21250.000000000095 1.0218311004890002e-06
21300.000000000095 9.491264984444079e-07
21350.000000000095 1.0496876314776413e-06
21400.000000000095 9.148113039433378e-07
21450.000000000095 9.961146585803341e-07
21500.000000000095 9.582931040370903e-07
21550.000000000095 9.390515920015595e-07
21600.000000000095 9.489349952006942e-07
21650.000000000095 8.561735160752397e-07
21700.000000000095 9.425806096611912e-07
21750.000000000095 8.536848199027079e-07
21800.000000000095 7.969330983711886e-07
21850.000000000095 7.393104786517395e-07
21900.000000000095 7.301075473762956e-07
21950.000000000095 5.020242623602155e-07
22000.000000000095 4.2217974771086983e-07
22050.000000000095 3.065035558347619e-07
22100.000000000095 3.829951454095035e-07
22150.000000000095 4.3005466566079195e-07
22200.000000000095 4.4574946037033385e-07
22250.000000000095 4.0614197219400243e-07
22300.000000000095 4.1630507704593394e-07
22350.000000000095 3.778713899673412e-07
22400.000000000095 3.7081488566180236e-07
22450.000000000095 3.109908513951478e-07
22500.000000000095 3.427381880843098e-07
22550.000000000095 2.590673433054111e-07
22600.000000000095 2.9926329675233073e-07
22650.000000000095 2.591635182177038e-07
22700.000000000095 2.6534390778926266e-07
22750.000000000095 2.7234016129638807e-07
22800.000000000095 2.43816284727956e-07
22850.000000000095 2.1941228465235844e-07
22900.000000000095 2.0977775385706885e-07
22950.000000000095 1.9180212848151555e-07
23000.000000000095 1.5280048685557393e-07
23050.000000000095 2.1631493596697953e-07
23100.000000000095 2.58030719036563e-07
23150.000000000095 2.715040121532222e-07
23200.000000000095 1.7863026088133262e-07
23250.000000000095 1.5332772738704982e-07
23300.000000000095 1.4223761690862488e-07
23350.000000000095 1.2225865051831228e-07
23400.000000000095 1.5395645199004978e-07
23450.000000000095 1.4085723123501543e-07
23500.000000000095 1.5224738178879954e-07
23550.000000000095 2.0015999654388044e-07
23600.000000000095 2.0376538579353413e-07
23650.000000000095 2.3037521388636823e-07
23700.000000000095 1.7301424248296487e-07
23750.000000000095 1.62135898711956e-07
23800.000000000095 1.475733034935814e-07
23850.000000000095 1.5490465023069432e-07
23900.000000000095 2.1837972336549797e-07
23950.000000000095 2.22581748855426e-07
24000.000000000095 2.7929354522860207e-07
24050.000000000095 2.6789697156211736e-07
24100.000000000095 2.3518419386356532e-07
24150.000000000095 2.4877974531609767e-07
24200.000000000095 2.766322620363798e-07
24250.000000000095 2.502219608450321e-07
24300.000000000095 2.537316863411836e-07
24350.000000000095 2.3874690873147563e-07
24400.000000000095 3.011606112108562e-07
24450.000000000095 2.5393259941688887e-07
24500.000000000095 2.83699047564718e-07
24550.000000000095 2.501364559897043e-07
24600.000000000095 2.836839835276305e-07
24650.000000000095 3.0229534835755406e-07
24700.000000000095 2.5384679633410064e-07
24750.000000000095 2.2973539434168836e-07
24800.000000000095 2.4489598745248625e-07
24850.000000000095 3.0530720775054346e-07
24900.000000000095 1.872704763539857e-07
24950.000000000095 2.927785942774298e-07
25000.000000000095 2.6986659147584314e-07
25050.000000000095 2.2517189778359232e-07
25100.000000000095 2.6228101675701666e-07
25150.000000000095 1.776305944578717e-07
25200.000000000095 2.361736871984381e-07
25250.000000000095 1.8863204965364943e-07
25300.000000000095 2.5697972051289137e-07
25350.000000000095 1.5035885109793571e-07
25400.000000000095 2.268256224802782e-07
25450.000000000095 1.8254930956287956e-07
25500.000000000095 1.6892627166333815e-07
25550.000000000095 2.0198960246873258e-07
25600.000000000095 1.7431659374518384e-07
25650.000000000095 1.5377312167640298e-07
25700.000000000095 2.42971647276588e-07
25750.000000000095 1.5492374033752341e-07
25800.000000000095 2.2739821051510446e-07
25850.000000000095 1.5357263300226895e-07
25900.000000000095 1.9738573642342286e-07
25950.000000000095 1.629705828825716e-07
26000.000000000095 2.115555959336861e-07
26050.000000000095 2.2032724223397484e-07
26100.000000000095 2.505464679171313e-07
26150.000000000095 2.2772497824235615e-07
26200.000000000095 2.500963282294374e-07
26250.000000000095 2.5384414536796573e-07
26300.000000000095 2.2210819161465313e-07
26350.000000000095 2.5677741910834177e-07
26400.000000000095 3.243750545223489e-07
26450.000000000095 2.89081470898516e-07
26500.000000000095 2.693310972431319e-07
26550.000000000095 2.6939734892953425e-07
26600.000000000095 3.254279857945321e-07
26650.000000000095 1.9844477041751576e-07
26700.000000000095 1.7940497398502662e-07
26750.000000000095 1.5685634394306797e-07
26800.000000000095 2.09715935213063e-07
26850.000000000095 1.3587246273906914e-07
26900.000000000095 2.1404905334627474e-07
26950.000000000095 1.2763210323756547e-07
27000.000000000095 2.3323571128816352e-07
27050.000000000095 2.0364511923656058e-07
27100.000000000095 1.8361522375615545e-07
27150.000000000095 2.485118040581783e-07
27200.000000000095 1.9463336377985734e-07
27250.000000000095 1.9852809571091673e-07
27300.000000000095 2.9504503087807544e-07
27350.000000000095 2.3711884488075707e-07
27400.000000000095 1.4121423613091563e-07
27450.000000000095 3.1807132266188157e-07
27500.000000000095 2.689561728055038e-07
27550.000000000095 2.260581847855523e-07
27600.000000000095 3.415367829766685e-07
27650.000000000095 1.8371338815798414e-07
27700.000000000095 1.5209119892864607e-07
27750.000000000095 3.1323283225368167e-07
27800.000000000095 1.8879472247888052e-07
27850.000000000095 2.148730229267628e-07
27900.000000000095 2.5509968648453596e-07
27950.000000000095 2.294109830169992e-07
28000.000000000095 2.7684271512644665e-07
28050.000000000095 1.6184584568582823e-07
28100.000000000095 3.0826599600727255e-07
28150.000000000095 2.798792822316344e-07
28200.000000000095 1.4897997649136823e-07
28250.000000000095 3.0639311679022044e-07
28300.000000000095 3.933109988148233e-07
28350.000000000095 1.5902317019021794e-07
28400.000000000095 3.108472001120696e-07
28450.000000000095 2.735649722311618e-07
28500.000000000095 2.817504684872889e-07
28550.000000000095 1.4948962706072757e-07
28600.000000000095 3.144030123164033e-07
28650.000000000095 3.074272343483003e-07
28700.000000000095 2.591236484731453e-07
28750.000000000095 3.305529917861772e-07
28800.000000000095 2.682436150981668e-07
28850.000000000095 3.9054799129009844e-07
28900.000000000095 1.9336343115503168e-07
28950.000000000095 3.4410300312406667e-07
29000.000000000095 2.322203273530282e-07
29050.000000000095 2.8703343130088193e-07
29100.000000000095 1.9862212956476695e-07
29150.000000000095 3.4064507271233834e-07
29200.000000000095 2.73450954859728e-07
29250.000000000095 3.531531276597061e-07
