galfind/configs/Brown_Dwarf_templates/sonora_cholla/logkzz2/56g/1300K_56g_logkzz2_resample.dat
# %ECSV 1.0
# ---
# datatype:
# - {name: wav, unit: Angstrom, datatype: float64}
# - {name: flux_nu, unit: erg / (cm2 Hz s), datatype: float64}
# schema: astropy-2.0
wav flux_nu
[from data line 387]
29350.000000000095 5.001779158982149e-07
29400.000000000095 3.618510359741708e-07
29450.000000000095 3.2825845527280894e-07
29500.000000000095 3.353051126188191e-07
29550.000000000095 3.034528147025024e-07
29600.000000000095 4.368587830470312e-07
29650.000000000095 3.112203604807817e-07
29700.000000000095 3.534274343711713e-07
29750.000000000095 3.749250001930456e-07
29800.000000000095 4.797124017220514e-07
29850.000000000095 4.3706378835016183e-07
29900.000000000095 3.553000107439102e-07
29950.000000000095 3.5310545970731154e-07
30000.000000000095 4.4418727009329677e-07
30050.000000000095 3.544107079681938e-07
30100.000000000095 3.505286237751066e-07
30150.000000000095 4.561680036818111e-07
30200.000000000095 3.843858299947926e-07
30250.000000000095 4.3566076326355556e-07
30300.000000000095 3.9935017308329095e-07
30350.000000000095 3.3428481554792094e-07
30400.000000000095 3.8730147220764025e-07
30450.000000000095 3.5579440628571997e-07
30500.000000000095 3.3627915165638715e-07
30550.000000000095 3.818802780593224e-07
30600.000000000095 3.702799213989949e-07
30650.000000000095 3.6028413126147653e-07
30700.000000000095 3.2104967168885257e-07
30750.000000000095 2.7674669681001593e-07
30800.000000000095 3.01297438825997e-07
30850.000000000095 2.826682768551496e-07
30900.000000000095 2.7733933344975775e-07
30950.000000000095 2.1661857661451162e-07
31000.000000000095 2.4917052256904604e-07
31050.000000000095 2.498791775996765e-07
31100.000000000095 1.8552105870633957e-07
31150.000000000095 2.2344275051948146e-07
31200.000000000095 2.1369523906603218e-07
31250.000000000095 2.0548542266407511e-07
31300.000000000095 2.0110944142221696e-07
31350.000000000095 1.8335704890181997e-07
31400.000000000095 1.460559838076017e-07
31450.000000000095 1.9451562194239308e-07
31500.000000000095 1.671150130491501e-07
31550.000000000095 1.9138707739148752e-07
31600.000000000095 1.488941555117324e-07
31650.000000000095 1.7113678172477418e-07
31700.000000000095 1.5543174379384082e-07
31750.000000000095 1.4218937069979855e-07
31800.000000000095 1.4706127564312685e-07
31850.000000000095 1.5210021290936535e-07
31900.000000000095 1.3401475723713115e-07
31950.000000000095 1.548478750248592e-07
32000.000000000095 1.455555255409997e-07
32050.000000000095 1.2084723634712043e-07
32100.000000000095 1.1501960719648987e-07
32150.000000000095 1.5067627248048076e-07
32200.000000000095 1.2996182292599103e-07
32250.000000000095 1.4023705741491253e-07
32300.000000000095 1.2443706011424134e-07
32350.000000000095 1.759417990987182e-07
32400.000000000095 1.4622891267735221e-07
32450.000000000095 1.829833719622064e-07
32500.000000000095 1.487558291801776e-07
32550.000000000095 1.7454392966983338e-07
32600.000000000095 1.9944239296658488e-07
32650.000000000095 2.201008537454122e-07
32700.000000000095 1.779130835433998e-07
32750.000000000095 2.372055309557152e-07
32800.000000000095 1.7466409186998965e-07
32850.000000000095 2.231946829779987e-07
32900.000000000095 2.4598170452246117e-07
32950.000000000095 2.465142548166498e-07
33000.000000000095 2.345798726340517e-07
33050.000000000095 2.1577775566212367e-07
33100.000000000095 1.4797776350311504e-07
33150.000000000095 1.002204177172891e-07
33200.000000000095 9.196603618835925e-08
33250.000000000095 5.1757897647676473e-08
33300.000000000095 5.359368712944731e-08
33350.000000000095 6.870859734173574e-08
33400.000000000095 8.283354302291822e-08
33450.000000000095 9.882053550271079e-08
33500.000000000095 1.1210710086227272e-07
33550.000000000095 1.203614600446047e-07
33600.000000000095 1.5668467660586336e-07
33650.000000000095 1.700015291149346e-07
33700.000000000095 1.6644943538698654e-07
33750.000000000095 2.010792169756576e-07
33800.000000000095 1.8802130448063318e-07
33850.000000000095 2.2275369077156366e-07
33900.000000000095 1.9801128420705811e-07
33950.000000000095 2.053334466657026e-07
34000.000000000095 2.1525691211530837e-07
34050.000000000095 1.4432567408825287e-07
34100.000000000095 2.1583487980724748e-07
34150.000000000095 1.767679079699539e-07
34200.000000000095 2.0897834105426323e-07
34250.000000000095 1.8183511470501144e-07
34300.000000000095 1.5014777623599718e-07
34350.000000000095 1.7575890785806395e-07
34400.000000000095 1.7826121053598967e-07
34450.000000000095 2.098341973715468e-07
34500.000000000095 2.0436398080350458e-07
34550.000000000095 1.5007990901794214e-07
34600.000000000095 2.1603388210246786e-07
34650.000000000095 1.7950734265317709e-07
34700.000000000095 1.8046593415541373e-07
34750.000000000095 1.7736495943286196e-07
34800.000000000095 1.3777714310338706e-07
34850.000000000095 1.7567512223571395e-07
34900.000000000095 2.1752709016184123e-07
34950.000000000095 1.711979154597798e-07
35000.000000000095 2.325084243192257e-07
35050.000000000095 1.9564861974382376e-07
35100.000000000095 2.1773155191315268e-07
35150.000000000095 2.0517263030149957e-07
35200.000000000095 2.761208795141511e-07
35250.000000000095 2.5851650291541527e-07
35300.000000000095 1.944127399411391e-07
35350.000000000095 2.5773892103551353e-07
35400.000000000095 2.4160324764530074e-07
35450.000000000095 2.2363828384710762e-07
35500.000000000095 2.9514652603695286e-07
35550.000000000095 2.805153812932673e-07
35600.000000000095 2.78810753690802e-07
35650.000000000095 2.791020411953326e-07
35700.000000000095 2.203542675805524e-07
35750.000000000095 3.0334606118740877e-07
35800.000000000095 3.113567633462234e-07
35850.000000000095 2.562581333854858e-07
35900.000000000095 3.4413550072339387e-07
35950.000000000095 3.128358394070721e-07
36000.000000000095 2.734343234624033e-07
36050.000000000095 3.499050226554392e-07
36100.000000000095 3.302192546470613e-07
36150.000000000095 3.447177107156609e-07
36200.000000000095 3.521933877527769e-07
36250.000000000095 3.598321298001668e-07
36300.000000000095 4.0910702250607893e-07
36350.000000000095 4.2162529389264125e-07
36400.000000000095 4.558703115325448e-07
36450.000000000095 4.463355646618695e-07
36500.000000000095 4.776420563276238e-07
36550.000000000095 4.294674584676422e-07
36600.000000000095 4.947475933534555e-07
36650.000000000095 5.368803351432668e-07
36700.000000000095 6.078445173162874e-07
36750.000000000095 6.176762026064128e-07
36800.000000000095 6.034383738360068e-07
36850.000000000095 6.187086212145824e-07
36900.000000000095 5.725869972132444e-07
36950.000000000095 6.558987847327796e-07
37000.000000000095 6.547426406642785e-07
37050.000000000095 6.814533093479236e-07
37100.000000000095 7.525247300198932e-07
37150.000000000095 7.498863928320071e-07
37200.000000000095 7.489300105915372e-07
37250.000000000095 6.909772660100399e-07
37300.000000000095 7.738605288714884e-07
37350.000000000095 6.806347062505088e-07
37400.000000000095 8.758912234770362e-07
37450.000000000095 8.072414976763936e-07
37500.000000000095 7.82190154076877e-07
37550.000000000095 9.378388508821583e-07
37600.000000000095 1.0242635497435072e-06
37650.000000000095 8.795491759951929e-07
37700.000000000095 9.383377273929202e-07
37750.000000000095 8.580413357745775e-07
37800.000000000095 9.532620880764318e-07
37850.000000000095 8.729597641210166e-07
37900.000000000095 9.956145014569101e-07
37950.000000000095 1.0853741627583752e-06
38000.000000000095 1.0733276972953245e-06
38050.000000000095 1.0161987710276802e-06
38100.000000000095 1.0920761093615634e-06
38150.000000000095 1.1131505253732035e-06
38200.000000000095 1.2748762676936847e-06
38250.000000000095 1.1153938371286278e-06
38300.000000000095 1.1233630693624334e-06
38350.000000000095 1.2696112072934395e-06
38400.000000000095 1.0419499606027276e-06
38450.000000000095 1.28283412001072e-06
38500.000000000095 1.1994040523188996e-06
38550.000000000095 1.2276819615596396e-06
38600.000000000095 1.3279512751197611e-06
38650.000000000095 1.4301207941869054e-06
38700.000000000095 1.3774846690777218e-06
38750.000000000095 1.3041503597045537e-06
38800.000000000095 1.3220413546281006e-06
38850.000000000095 1.4380229057082856e-06
38900.000000000095 1.3484937096633162e-06
38950.000000000095 1.3499182182946832e-06
39000.000000000095 1.5114117790243136e-06
39050.000000000095 1.4901164153357248e-06
39100.000000000095 1.2309471007856249e-06
39150.000000000095 1.4776175137457597e-06
39200.000000000095 1.3831001106425466e-06
39250.000000000095 1.47934676311503e-06
39300.000000000095 1.5095913377151941e-06
39350.000000000095 1.613486525062292e-06
39400.000000000095 1.6564066904134328e-06
39450.000000000095 1.6315413540493514e-06
39500.000000000095 1.321440272761336e-06
39550.000000000095 1.4802344682654634e-06
39600.000000000095 1.5691690917696418e-06
39650.000000000095 1.511284410228575e-06
39700.000000000095 1.503314136163348e-06
39750.000000000095 1.5115411670958538e-06
39800.000000000095 1.543497533633642e-06
39850.000000000095 1.550727266922333e-06
39900.000000000095 1.4977065184694227e-06
39950.000000000095 1.5285190695874458e-06
40000.000000000095 1.4170852153535283e-06
40050.000000000095 1.5950283584282666e-06
40100.000000000095 1.6196616329676209e-06
40150.000000000095 1.6869753066827747e-06
40200.000000000095 1.7834760336538859e-06
40250.000000000095 1.37453980708666e-06
40300.000000000095 1.5311096602784525e-06
40350.000000000095 1.50130944600225e-06
40400.000000000095 1.6209613045513071e-06
40450.000000000095 1.580123844361764e-06
40500.000000000095 1.3648776106221958e-06
40550.000000000095 1.6291520195373949e-06
40600.000000000095 1.346481649395424e-06
40650.000000000095 1.6831327838927904e-06
40700.000000000095 1.7548717862970691e-06
40750.000000000095 1.5004310797100496e-06
40800.000000000095 1.3974018793049597e-06
40850.000000000095 1.4879638639665636e-06
40900.000000000095 1.298795930737116e-06
40950.000000000095 1.4245922599235978e-06
41000.000000000095 1.4635715348647731e-06
41050.000000000095 1.6076264889155577e-06
41100.000000000095 1.3749034205806642e-06
41150.000000000095 1.2853263534566922e-06
41200.000000000095 1.3889276185075038e-06
41250.000000000095 1.519431609839612e-06
41300.000000000095 1.1575963001222093e-06
41350.000000000095 1.4843729651687787e-06
41400.000000000095 1.4716953080616593e-06
41450.000000000095 1.4335303234408954e-06
41500.000000000095 1.4404686679945314e-06
41550.000000000095 1.3860891256147985e-06
41600.000000000095 1.4108637844198133e-06
41650.000000000095 1.2363084695445465e-06
41700.000000000095 1.289931016169457e-06
41750.000000000095 1.0263072820943033e-06
41800.000000000095 1.3907841328562179e-06
41850.000000000095 8.124399824771337e-07
41900.000000000095 1.1907397918384187e-06
41950.000000000095 1.0996980044153568e-06
42000.000000000095 1.1155564245996551e-06
42050.000000000095 8.418642280999718e-07
42100.000000000095 1.0152135690792082e-06
42150.000000000095 7.502578298601683e-07
42200.000000000095 9.197934167898277e-07
42250.000000000095 7.374546314561792e-07
42300.000000000095 8.74611468780213e-07
42350.000000000095 8.284126060688859e-07
42400.000000000095 7.056152856121106e-07
42450.000000000095 5.546048384317861e-07
42500.000000000095 6.418679726371673e-07
42550.000000000095 7.28925402252284e-07
42600.000000000095 7.257391302108385e-07
42650.000000000095 8.292603398236418e-07
42700.000000000095 7.141890512565804e-07
42750.000000000095 7.295181679679596e-07
42800.000000000095 6.485620066609767e-07
42850.000000000095 7.108479138133766e-07
42900.000000000095 6.858775212200515e-07
42950.000000000095 6.098993832158176e-07
43000.000000000095 7.031101826993865e-07
43050.000000000095 5.874091864518259e-07
43100.000000000095 7.072581473205456e-07
43150.000000000095 7.204716423850616e-07
43200.000000000095 7.072267632216982e-07
43250.000000000095 5.586037045889412e-07
43300.000000000095 7.286260771698708e-07
43350.000000000095 7.125852829576971e-07
43400.000000000095 7.715728718264808e-07
43450.000000000095 5.651339839440199e-07
43500.000000000095 5.60644756498451e-07
43550.000000000095 5.496898920160059e-07
43600.000000000095 7.169360066181176e-07
43650.000000000095 4.825173136051572e-07
43700.000000000095 7.220131778509463e-07
43750.000000000095 6.345834899581031e-07
43800.000000000095 5.358976938432746e-07
43850.000000000095 6.802211731264911e-07
43900.000000000095 4.292026238716021e-07
43950.000000000095 5.869001424954746e-07
44000.000000000095 4.5410791397273913e-07
44050.000000000095 5.831365217965367e-07
44100.000000000095 5.760697860244703e-07
44150.000000000095 6.368675416230773e-07
44200.000000000095 5.13252825755156e-07
44250.000000000095 5.386057749760833e-07
44300.000000000095 5.047265868330129e-07
44350.000000000095 4.087351888690864e-07
44400.000000000095 4.969174941172561e-07
44450.000000000095 4.964641015597286e-07
44500.000000000095 4.110185341657803e-07
44550.000000000095 4.754396165422539e-07
44600.000000000095 4.151570015529109e-07
44650.000000000095 4.831557283611674e-07
44700.000000000095 4.466285644338465e-07
44750.000000000095 4.901665637745274e-07
44800.000000000095 4.694130815742501e-07
44850.000000000095 4.2837716118802363e-07
44900.000000000095 3.765042025190599e-07
44950.000000000095 3.994646507207234e-07
45000.000000000095 4.1060663828469294e-07
45050.000000000095 4.2748880315396933e-07
45100.000000000095 3.786847861425776e-07
45150.000000000095 3.800308143154566e-07
45200.000000000095 3.285586433655758e-07
45250.000000000095 3.41601178853233e-07
45300.000000000095 3.822869195922889e-07
45350.000000000095 3.925909919475966e-07
45400.000000000095 3.131995650448534e-07
45450.000000000095 3.227161377821116e-07
45500.000000000095 3.1981034216100945e-07
45550.000000000095 3.4868931788743376e-07
45600.000000000095 3.194454723429956e-07
45650.000000000095 3.2462115762418574e-07
45700.000000000095 3.8671333790937323e-07
45750.000000000095 3.557358669122617e-07
45800.000000000095 3.280152521994669e-07
45850.000000000095 4.4195008357309915e-07
45900.000000000095 4.317412721631273e-07
45950.000000000095 3.403894888797619e-07
46000.000000000095 4.1469622778658084e-07
46050.000000000095 4.254725878233988e-07
46100.000000000095 3.425043312949295e-07
46150.000000000095 4.0493214112571255e-07
46200.000000000095 3.812828468436615e-07
46250.000000000095 2.6889412131116744e-07
46300.000000000095 4.6102986590346994e-07
46350.000000000095 3.16069859107679e-07
46400.000000000095 4.0118403984453694e-07
46450.000000000095 4.736913359754063e-07
46500.000000000095 3.937037505455986e-07
46550.000000000095 4.658454518011064e-07
46600.000000000095 4.709714017990228e-07
46650.000000000095 6.503906214248264e-07
46700.000000000095 5.162759478197558e-07
46750.000000000095 4.478750348677388e-07
46800.000000000095 3.7857113193981737e-07
46850.000000000095 5.10183703457898e-07
46900.000000000095 4.3711191091638596e-07
46950.000000000095 5.419373581346392e-07
47000.000000000095 3.960374181461028e-07
47050.000000000095 5.836338581124914e-07
47100.000000000095 3.6097450470198746e-07
47150.000000000095 4.1721342581214323e-07
47200.000000000095 4.808551423154166e-07
47250.000000000095 3.878844767435223e-07
47300.000000000095 4.2565275212094104e-07
47350.000000000095 3.4796407584095555e-07
47400.000000000095 4.905125226812039e-07
47450.000000000095 3.722950316729725e-07
47500.000000000095 5.296672416752179e-07
47550.000000000095 3.6869447542047984e-07
47600.000000000095 4.938351046375472e-07
47650.000000000095 3.6920714575150285e-07
47700.000000000095 4.6770295309213797e-07
47750.000000000095 3.088751948278184e-07
47800.000000000095 4.4163789946464715e-07
47850.000000000095 2.736452347782079e-07
47900.000000000095 4.4726805391452833e-07
47950.000000000095 3.552029285501412e-07
48000.000000000095 5.562812478113313e-07
48050.000000000095 3.8801107270100507e-07
48100.000000000095 4.7340245027600043e-07
48150.000000000095 3.677422956485943e-07
48200.000000000095 5.03037469651773e-07
48250.000000000095 4.058642861841124e-07
48300.000000000095 5.751362347179948e-07
48350.000000000095 3.357158603593809e-07
48400.000000000095 4.837636185263195e-07
48450.000000000095 3.361152499867395e-07
48500.000000000095 5.801520330575265e-07
48550.000000000095 3.3248608285157517e-07
