galfind/configs/Brown_Dwarf_templates/sonora_cholla/logkzz2/56g/500K_56g_logkzz2_resample.dat
# %ECSV 1.0
# ---
# datatype:
# - {name: wav, unit: Angstrom, datatype: float64}
# - {name: flux_nu, unit: erg / (cm2 Hz s), datatype: float64}
# schema: astropy-2.0
wav flux_nu
3000.0480007680403 nan
3050.0480007680403 0.0
3100.0480007680403 0.0
3150.0480007680403 0.0
3200.0480007680403 0.0
3250.0480007680403 0.0
3300.0480007680403 0.0
3350.0480007680403 0.0
3400.0480007680403 0.0
3450.0480007680403 0.0
3500.0480007680403 0.0
3550.0480007680403 0.0
3600.0480007680403 0.0
3650.0480007680403 0.0
3700.0480007680403 0.0
3750.0480007680403 0.0
3800.0480007680403 0.0
3850.0480007680403 0.0
3900.0480007680403 0.0
3950.0480007680403 0.0
4000.0480007680403 0.0
4050.0480007680403 0.0
4100.04800076804 0.0
4150.04800076804 0.0
4200.04800076804 0.0
4250.04800076804 0.0
4300.04800076804 0.0
4350.04800076804 0.0
4400.04800076804 0.0
4450.04800076804 0.0
4500.04800076804 0.0
4550.04800076804 0.0
4600.04800076804 0.0
4650.04800076804 0.0
4700.04800076804 0.0
4750.04800076804 0.0
4800.04800076804 0.0
4850.04800076804 0.0
4900.04800076804 0.0
4950.04800076804 0.0
5000.04800076804 2.831751163820767e-12
5050.04800076804 6.912397642032802e-12
5100.04800076804 7.82860098618667e-12
5150.04800076804 9.058475213466504e-12
5200.04800076804 1.0474496643927367e-11
5250.04800076804 1.1716102430533102e-11
5300.04800076804 1.2820950180200274e-11
5350.04800076804 1.3895240887234956e-11
5400.04800076804 1.4586015392483105e-11
5450.04800076804 1.5510560150065595e-11
5500.04800076804 1.653506694966705e-11
5550.04800076804 1.754763183839541e-11
5600.04800076804 1.828229918796717e-11
5650.04800076804 1.8567210795937405e-11
5700.04800076804 1.7582831168200274e-11
5750.04800076804 1.6783542712717087e-11
5800.04800076804 1.4324019184697969e-11
5850.04800076804 9.89950059648041e-12
5900.04800076804 2.0463779424243775e-12
5950.04800076804 4.113823000380138e-12
6000.04800076804 1.844804224071487e-11
6050.04800076804 3.6846631333997664e-11
6100.04800076804 5.976871264044421e-11
6150.04800076804 8.632552264630661e-11
6200.04800076804 1.1664204686581088e-10
6250.04800076804 1.4636751913095091e-10
6300.04800076804 1.8533437704251924e-10
6350.04800076804 2.2812310771124205e-10
6400.04800076804 2.6682063110498207e-10
6450.04800076804 2.5934047957119285e-10
6500.04800076804 2.954936454022587e-10
6550.04800076804 3.5615662164510836e-10
6600.04800076804 4.185620322981119e-10
6650.04800076804 5.026987812948163e-10
6700.04800076804 6.192864159478199e-10
6750.04800076804 7.23973207113256e-10
6800.04800076804 8.210712247184111e-10
6850.04800076804 9.301102479168421e-10
6900.04800076804 8.113870913890626e-10
6950.04800076804 6.591207283336388e-10
7000.04800076804 8.182916221602067e-10
7050.04800076804 7.578150373122711e-10
7100.04800076804 7.832629766125036e-10
7150.04800076804 4.942713108320299e-10
7200.04800076804 3.2367503781740614e-10
7250.04800076804 4.315652803079522e-10
7300.04800076804 4.437301239880091e-10
7350.04800076804 5.488035850249763e-10
7400.04800076804 6.662513338018013e-10
7450.04800076804 9.026010854185223e-10
7500.04800076804 1.0807798939261373e-09
7550.04800076804 1.2738041141143134e-09
7600.04800076804 1.4402568573768372e-09
7650.04800076804 1.4964714762551121e-09
7700.04800076804 8.328268294384236e-10
7750.04800076804 2.422629395799182e-10
7800.04800076804 1.44614721826456e-09
7850.04800076804 1.746114061412183e-09
7900.04800076804 2.0901621762209095e-09
7950.04800076804 2.429065253235866e-09
8000.04800076804 2.3578372162078875e-09
8050.04800076804 2.282502314658862e-09
8100.04800076804 1.1077213321863685e-09
8150.04800076804 8.530340790983293e-10
8200.04800076804 1.4869162386066975e-09
8250.04800076804 1.4318809341011427e-09
8300.04800076804 1.5446492498751727e-09
8350.04800076804 1.2798257722768054e-09
8400.04800076804 1.2787252961698967e-09
8450.04800076804 1.6464110639112214e-09
8500.04800076804 1.940657141773908e-09
8550.04800076804 2.408752876933867e-09
8600.04800076804 2.948613916916838e-09
8650.04800076804 3.193524100682659e-09
8700.04800076804 2.891572489458358e-09
8750.04800076804 3.0078940388362035e-09
8800.04800076804 2.565957370005078e-09
8850.04800076804 1.338238857328598e-09
8900.04800076804 1.0186149091892204e-10
8950.04800076804 1.0377630274162552e-10
9000.04800076804 7.740081624442676e-11
9050.04800076804 3.6352851536368504e-10
9100.04800076804 4.823946705757781e-10
9150.04800076804 4.605104190467888e-10
9200.04800076804 9.241046149266516e-10
9250.04800076804 6.618897757515254e-10
9300.04800076804 1.751240973042295e-11
9350.04800076804 2.3136710564889897e-11
9400.04800076804 8.170716351521872e-11
9450.04800076804 9.195780664980826e-11
9500.04800076804 6.670783406594214e-11
9550.04800076804 7.791421952027252e-11
9600.04800076804 6.939882506275967e-11
9650.04800076804 1.222678823218744e-10
9700.04800076804 2.691358995552416e-10
9750.04800076804 2.3268555352938025e-10
9800.04800076804 2.8835608830024375e-10
9850.04800076804 3.308120297026827e-10
9900.04800076804 5.059510303148449e-10
9950.04800076804 4.379082418741465e-10
10000.04800076804 6.847251542534757e-10
10050.04800076804 6.59262469858905e-10
10100.04800076804 9.67857323966001e-10
10150.04800076804 1.111384336545689e-09
10200.04800076804 1.3221985321891998e-09
10250.04800076804 1.6915393418892676e-09
10300.04800076804 2.167836429561108e-09
10350.04800076804 2.518406515292997e-09
10400.04800076804 3.8065290855436864e-09
10450.04800076804 4.748143108679106e-09
10500.04800076804 5.580553721877821e-09
10550.04800076804 6.526206013955025e-09
10600.04800076804 6.549420061321187e-09
10650.04800076804 6.578708428658633e-09
10700.04800076804 5.85417092317173e-09
10750.04800076804 5.74019997805836e-09
10800.04800076804 4.847346490748548e-09
10850.04800076804 3.887495064693386e-09
10900.04800076804 2.294539432934403e-09
10950.04800076804 8.634808840583403e-10
11000.04800076804 4.370558318457342e-10
11050.04800076804 2.1900665462835394e-10
11100.04800076804 9.740927422407702e-11
11150.04800076804 3.096233910777182e-11
11200.04800076804 1.4662817314799733e-11
11250.04800076804 1.8264836268633605e-11
11300.04800076804 3.8293986151529715e-11
11350.04800076804 7.906375390565717e-12
11400.04800076804 3.867686173484179e-11
11450.04800076804 2.5956104755730286e-11
11500.04800076804 1.7656162491358423e-11
11550.04800076804 2.7388644966804972e-12
11600.04800076804 1.6065245319147199e-12
11650.04800076804 1.0273124688654373e-11
11700.04800076804 1.207315145375309e-11
11750.04800076804 1.764535311283608e-12
11800.04800076804 1.6954852548182392e-11
11850.04800076804 3.467499160396881e-11
11900.04800076804 3.771168428114199e-11
11950.04800076804 7.602396781899492e-11
12000.04800076804 1.777880974330127e-10
12050.04800076804 3.520981485844971e-10
12100.04800076804 6.414573562640134e-10
12150.04800076804 1.0438084809965584e-09
12200.04800076804 1.3595596994231213e-09
12250.04800076804 2.0618372668563783e-09
12300.04800076804 3.0993520958938046e-09
12350.04800076804 3.4012568458540394e-09
12400.04800076804 5.113684867490432e-09
12450.04800076804 7.026294773771004e-09
12500.04800076804 8.112422371393983e-09
12550.04800076804 9.519933266227472e-09
12600.04800076804 1.0708764097080992e-08
12650.04800076804 1.092508382078348e-08
12700.04800076804 1.0896367239634195e-08
12750.04800076804 8.401494014791165e-09
12800.04800076804 6.633481712160226e-09
12850.04800076804 4.153346528636309e-09
12900.04800076804 3.0490787064610064e-09
12950.04800076804 2.3278630382142955e-09
13000.04800076804 2.3596059751537078e-09
13050.04800076804 1.3583079191913547e-09
13100.04800076804 1.1444586998874395e-09
13150.04800076804 7.027247191275603e-10
13200.04800076804 6.796904931903636e-10
13250.04800076804 4.697397161410463e-10
13300.04800076804 1.3953191224929564e-10
13350.04800076804 4.1063685297348643e-11
13400.04800076804 1.9337528788037873e-11
13450.04800076804 4.4231358666641885e-12
13500.04800076804 1.3185620283007497e-12
13550.04800076804 4.416290499000275e-13
13600.04800076804 5.1793005443136215e-14
13650.04800076804 7.62801721486064e-13
13700.04800076804 3.6839631720876736e-13
13750.04800076804 7.898640094201178e-13
13800.04800076804 6.225195978621594e-13
13850.04800076804 3.2070559809031314e-13
13900.04800076804 6.521905813810907e-13
13950.04800076804 4.4452588962158814e-13
14000.04800076804 5.456919997221292e-13
14050.04800076804 1.1406721866883087e-12
14100.04800076804 1.3039386374087595e-12
14150.04800076804 3.393924826066727e-12
14200.04800076804 1.7250382938840127e-12
14250.04800076804 2.8489348353867604e-12
14300.04800076804 1.0515325010402126e-11
14350.04800076804 9.396444538520354e-12
14400.04800076804 1.051697399315063e-11
14450.04800076804 1.7571263161391606e-11
14500.04800076804 5.000914523436864e-11
14550.04800076804 5.5921807002558226e-11
14600.04800076804 1.0087500663823466e-10
14650.04800076804 8.220743130105197e-11
14700.04800076804 4.408746008328884e-11
14750.04800076804 5.025648297360071e-11
14800.04800076804 6.779410171115963e-11
14850.04800076804 7.681651531277776e-11
14900.04800076804 9.163235858657635e-11
14950.04800076804 1.1671240122506e-10
15000.04800076804 2.2212740542229393e-10
15050.04800076804 1.988175344822597e-10
15100.04800076804 1.877136410330137e-10
15150.04800076804 1.5835570377305432e-10
15200.04800076804 2.5600355761682057e-10
15250.04800076804 4.87972949147215e-10
15300.04800076804 5.929126866808611e-10
15350.04800076804 8.440052722662313e-10
15400.04800076804 1.0065635254191163e-09
15450.04800076804 1.2059007324796365e-09
15500.04800076804 1.4552238572008377e-09
15550.04800076804 2.0813500970581442e-09
15600.04800076804 2.529555811296176e-09
15650.04800076804 3.1964326511172037e-09
15700.04800076804 4.39613814856256e-09
15750.04800076804 5.310869704828182e-09
15800.04800076804 5.76119052644742e-09
15850.04800076804 6.626454645658992e-09
15900.04800076804 5.78969548345957e-09
15950.04800076804 5.279687082377089e-09
16000.04800076804 3.5900287494684557e-09
16050.04800076804 1.841164854673316e-09
16100.04800076804 1.035486808964744e-09
16150.04800076804 4.4745973269243005e-10
16200.04800076804 2.1913926302302095e-10
16250.04800076804 1.4893918981356705e-10
16300.04800076804 7.362761542502426e-11
16350.04800076804 9.844214295149665e-11
16400.04800076804 1.2425657652734042e-10
16450.04800076804 1.070107360063212e-10
16500.04800076804 9.341867695114215e-11
16550.04800076804 8.578806610236422e-11
16600.04800076804 1.5601638931759886e-10
16650.04800076804 1.1226860449559773e-10
16700.04800076804 1.0362038517083967e-11
16750.04800076804 5.1869016193097176e-11
16800.04800076804 8.77002370898696e-11
16850.04800076804 1.0258285790769535e-10
16900.04800076804 4.2005999995648516e-11
16950.04800076804 2.5092837011609684e-11
17000.04800076804 1.1796516217915853e-11
17050.04800076804 2.1795402551494724e-11
17100.04800076804 4.350506035396204e-11
17150.04800076804 1.7301666423203612e-11
17200.04800076804 1.0431064584949535e-10
17250.04800076804 4.004888412164134e-11
17300.04800076804 2.002084828660666e-11
17350.04800076804 2.8915734230005313e-11
17400.04800076804 5.581934825089079e-11
17450.04800076804 7.892004779688527e-11
17500.04800076804 1.2853730566233395e-10
17550.04800076804 9.999452084979554e-11
17600.04800076804 6.600113529782742e-11
17650.04800076804 5.13821468503551e-11
17700.04800076804 4.241102684087936e-11
17750.04800076804 4.6014764391110524e-11
17800.04800076804 1.0234578006027494e-10
17850.04800076804 4.405014158805418e-11
17900.04800076804 3.5012297207399084e-11
17950.04800076804 1.907843603362469e-11
18000.04800076804 3.317023174105452e-11
18050.04800076804 3.875539735433374e-11
18100.04800076804 3.235167005756713e-11
18150.04800076804 3.680765251516702e-11
18200.04800076804 1.999397482913926e-11
18250.04800076804 8.506143852171199e-11
18300.04800076804 1.833921568571817e-11
18350.04800076804 1.2047512623781473e-11
18400.04800076804 6.945251159991083e-12
18450.04800076804 4.997686613746225e-11
18500.04800076804 5.092821838740252e-11
18550.04800076804 2.652533278107348e-11
18600.04800076804 4.520833366759409e-11
18650.04800076804 2.6233659006894833e-11
18700.04800076804 6.461472925404026e-12
18750.04800076804 1.4529689818658682e-11
18800.04800076804 1.3200724105010995e-10
18850.04800076804 1.0007292858815697e-10
18900.04800076804 9.4664345849114e-11
18950.04800076804 1.713971718060963e-10
19000.04800076804 4.2473381263307115e-11
19050.04800076804 2.2961436591979576e-11
19100.04800076804 7.350303900359112e-11
19150.04800076804 3.0461510196247046e-11
19200.04800076804 7.226927490939216e-11
19250.04800076804 5.5728659856987315e-11
19300.04800076804 2.8097317478467885e-11
19350.04800076804 4.371675440035361e-11
19400.04800076804 3.173192228424578e-11
19450.04800076804 6.605662840453289e-11
19500.04800076804 5.0899423068536557e-11
19550.04800076804 5.7271200740735044e-11
19600.04800076804 1.0983273905331265e-10
19650.04800076804 1.0014303326459394e-10
19700.04800076804 1.2109143076778936e-10
19750.04800076804 1.6833181549098468e-10
19800.04800076804 1.956453850693266e-10
19850.04800076804 2.46081784477653e-10
19900.04800076804 2.764693649190241e-10
19950.04800076804 3.8039097194225383e-10
20000.04800076804 4.384588771163833e-10
20050.04800076804 3.753217768073515e-10
20100.04800076804 5.332910478138287e-10
20150.04800076804 3.7537994740272214e-10
20200.04800076804 3.369700441453253e-10
20250.04800076804 5.224758765885807e-10
20300.04800076804 5.487996789190128e-10
20350.04800076804 6.110556085578079e-10
20400.04800076804 4.813357079204293e-10
20450.04800076804 7.688183135100562e-10
20500.04800076804 7.716762206992272e-10
20550.04800076804 8.334929611618955e-10
20600.04800076804 8.658376371150555e-10
20650.04800076804 8.958293598188747e-10
20700.04800076804 9.2123314225245e-10
20750.04800076804 9.860547442435542e-10
20800.04800076804 8.815929205975543e-10
20850.04800076804 9.619848988629953e-10
20900.04800076804 9.828696765503536e-10
20950.04800076804 8.987965410976963e-10
21000.04800076804 8.847259354194871e-10
21050.04800076804 8.509393324713662e-10
21100.04800076804 8.049147751678392e-10
21150.04800076804 7.859601733980549e-10
21200.04800076804 7.276390522846042e-10
21250.04800076804 6.779148981528442e-10
21300.04800076804 5.70713622252375e-10
21350.04800076804 5.633695922816193e-10
21400.04800076804 5.421318802460385e-10
21450.04800076804 4.1017970607275296e-10
21500.04800076804 4.198225900795255e-10
21550.04800076804 3.9804786264960774e-10
21600.04800076804 3.3216368195705507e-10
21650.04800076804 2.6561930813847427e-10
21700.04800076804 2.4009023752227925e-10
21750.04800076804 2.927047940519478e-10
21800.04800076804 2.4102264714263545e-10
21850.04800076804 2.1852443983553862e-10
21900.04800076804 1.6895121731783264e-10
21950.04800076804 3.85122692298435e-11
22000.04800076804 6.0867700361874505e-12
22050.04800076804 1.3775605182005633e-11
22100.04800076804 5.338589596835945e-11
22150.04800076804 4.4303752520803414e-11
22200.04800076804 3.3773199863411274e-11
22250.04800076804 3.6624117719675635e-11
22300.04800076804 1.4939286292612518e-11
22350.04800076804 2.3857213405736923e-11
22400.04800076804 8.59430543401888e-12
22450.04800076804 1.1566328948736442e-11
22500.04800076804 1.0454136783836883e-11
22550.04800076804 4.404923608478102e-12
22600.04800076804 6.101947076864123e-12
22650.04800076804 1.5003087189553008e-11
22700.04800076804 6.66234144724257e-12
22750.04800076804 4.297437790431804e-12
22800.04800076804 8.193938619490466e-12
22850.04800076804 7.632579598827127e-12
22900.04800076804 2.6951898812484067e-12
22950.04800076804 1.7266689149086842e-12
23000.04800076804 5.9316819522126014e-12
23050.04800076804 6.0341493944103425e-12
23100.04800076804 3.000559569661237e-11
23150.04800076804 3.6096371467649586e-11
23200.04800076804 1.5305402674265314e-12
23250.04800076804 2.846131103718144e-12
23300.04800076804 5.802993571490728e-12
23350.04800076804 4.84762054511176e-12
23400.04800076804 8.156422207095618e-12
23450.04800076804 3.0869357256751176e-12
23500.04800076804 3.3092738303542996e-12
23550.04800076804 7.441589080962862e-12
23600.04800076804 1.0888699858863608e-11
23650.04800076804 1.9484183913736505e-11
23700.04800076804 3.442648465223414e-12
23750.04800076804 2.7828863277903706e-12
23800.04800076804 1.3577636012750931e-11
