galfind/configs/Brown_Dwarf_templates/sonora_cholla/logkzz2/56g/500K_56g_logkzz2_resample.dat
# %ECSV 1.0
# ---
# datatype:
# - {name: wav, unit: Angstrom, datatype: float64}
# - {name: flux_nu, unit: erg / (cm2 Hz s), datatype: float64}
# schema: astropy-2.0
wav flux_nu
[from data line 418]
23900.04800076804 2.1426536556134872e-11
23950.04800076804 1.2710522935339686e-11
24000.04800076804 2.8069071205953203e-11
24050.04800076804 3.977590054652229e-11
24100.04800076804 3.847388262474243e-11
24150.04800076804 5.981533316277537e-11
24200.04800076804 3.9342914366493045e-11
24250.04800076804 2.0628913359714198e-11
24300.04800076804 6.154251892581132e-11
24350.04800076804 3.957229321919931e-11
24400.04800076804 9.155026350023958e-11
24450.04800076804 1.1134151172806183e-10
24500.04800076804 1.0060165460576717e-10
24550.04800076804 1.687516051292657e-10
24600.04800076804 2.248430177676877e-10
24650.04800076804 2.481197380491678e-10
24700.04800076804 1.939078085103037e-10
24750.04800076804 2.3443618142414126e-10
24800.04800076804 2.084176832964977e-10
24850.04800076804 3.298243329141616e-10
24900.04800076804 1.415736677882703e-10
24950.04800076804 2.6743132386553646e-10
25000.04800076804 3.1201629759714406e-10
25050.04800076804 1.819252483293824e-10
25100.04800076804 2.573701691239036e-10
25150.04800076804 1.088906038105396e-10
25200.04800076804 1.76489917302697e-10
25250.04800076804 7.070500168095338e-11
25300.04800076804 1.0226155706405844e-10
25350.04800076804 4.014599488946902e-11
25400.04800076804 1.1274693645264574e-10
25450.04800076804 3.516999183005069e-11
25500.04800076804 2.6405225757450766e-11
25550.04800076804 6.645702809648344e-11
25600.04800076804 1.0572768658549673e-11
25650.04800076804 1.2893524652304859e-11
25700.04800076804 1.3065801075094449e-11
25750.04800076804 4.773991118860421e-12
25800.04800076804 2.7981883559134274e-11
25850.04800076804 3.4475473104524653e-12
25900.04800076804 6.086659211576815e-12
25950.04800076804 1.3594770701377384e-12
26000.04800076804 1.9379450220526314e-11
26050.04800076804 1.89923277384956e-12
26100.04800076804 1.4406592325261312e-11
26150.04800076804 5.030112733753028e-12
26200.04800076804 5.736309419751718e-12
26250.04800076804 5.6237469315242716e-11
26300.04800076804 9.507744618746095e-12
26350.04800076804 8.318471605786694e-11
26400.04800076804 1.7965668925524514e-10
26450.04800076804 1.0589975251368314e-10
26500.04800076804 2.462382772686309e-10
26550.04800076804 2.587223925334264e-11
26600.04800076804 2.2059909032152428e-11
26650.04800076804 3.6726021386659e-12
26700.04800076804 1.1624595982181082e-12
26750.04800076804 3.5217806127481917e-12
26800.04800076804 9.303849103262258e-12
26850.04800076804 6.717255509476602e-12
26900.04800076804 3.6128438158119605e-11
26950.04800076804 9.216073998002396e-12
27000.04800076804 5.303168918329618e-11
27050.04800076804 6.448391562133275e-11
27100.04800076804 7.74728523237585e-12
27150.04800076804 7.606195307560639e-11
27200.04800076804 6.491738341506628e-12
27250.04800076804 2.6006926833945465e-11
27300.04800076804 2.724456219728828e-10
27350.04800076804 7.420008394614402e-11
27400.04800076804 3.111265952575875e-12
27450.04800076804 1.1530131177152775e-10
27500.04800076804 1.5902702576410848e-10
27550.04800076804 1.8270195962131315e-11
27600.04800076804 6.242323490981863e-11
27650.04800076804 1.4414556045560918e-11
27700.04800076804 1.2424867268719953e-11
27750.04800076804 9.137644725786348e-11
27800.04800076804 2.761524858577119e-11
27850.04800076804 4.618484224034418e-11
27900.04800076804 6.127918195683164e-11
27950.04800076804 1.6788731390650126e-10
28000.04800076804 1.35250857809334e-10
28050.04800076804 1.8244160858746704e-11
28100.04800076804 2.054528771035168e-10
28150.04800076804 1.4196260389571982e-10
28200.04800076804 2.953564454751393e-11
28250.04800076804 2.544705978674741e-10
28300.04800076804 3.843512304163918e-10
28350.04800076804 4.604283655134639e-11
28400.04800076804 2.2535823710734237e-10
28450.04800076804 5.074084294160551e-10
28500.04800076804 2.119936857531059e-10
28550.04800076804 5.0063553799677835e-11
28600.04800076804 3.3338136569420024e-10
28650.04800076804 3.431187866242109e-10
28700.04800076804 3.2827649773989674e-10
28750.04800076804 7.161781933865828e-10
28800.04800076804 4.853721349945903e-10
28850.04800076804 6.873310888306287e-10
28900.04800076804 3.5620818015802015e-10
28950.04800076804 1.0370689124951152e-09
29000.04800076804 6.030467378186853e-10
29050.04800076804 6.197352581160825e-10
29100.04800076804 5.193824106863893e-10
29150.04800076804 9.212696637272083e-10
29200.04800076804 7.980688530389195e-10
29250.04800076804 1.1287335145524077e-09
29300.04800076804 5.75498751683189e-10
29350.04800076804 2.6848153475740993e-09
29400.04800076804 5.579059782488297e-10
29450.04800076804 6.807728365989117e-10
29500.04800076804 1.4716403336498514e-09
29550.04800076804 7.006442494142094e-10
29600.04800076804 1.4645226278186105e-09
29650.04800076804 2.062576007211507e-09
29700.04800076804 5.830525506920239e-10
29750.04800076804 1.3151190218752293e-09
29800.04800076804 1.2707654692578728e-09
29850.04800076804 2.2172610099654334e-09
29900.04800076804 2.2105611777157e-09
29950.04800076804 1.5409318626794419e-09
30000.04800076804 2.1959892133839304e-10
30050.04800076804 5.505773637705988e-10
30100.04800076804 1.2664856383988046e-09
30150.04800076804 2.1612946026404212e-09
30200.04800076804 1.113629812676462e-09
30250.04800076804 3.346757734238039e-09
30300.04800076804 3.460410749712867e-09
30350.04800076804 1.2023761389434433e-09
30400.04800076804 2.997696792583862e-09
30450.04800076804 2.2787615343902496e-09
30500.04800076804 1.6041513402785825e-09
30550.04800076804 1.1502995793503196e-09
30600.04800076804 4.029208054502025e-09
30650.04800076804 2.464574205383162e-09
30700.04800076804 1.7171712362507347e-09
30750.04800076804 2.5587223611566493e-09
30800.04800076804 1.62217041869146e-09
30850.04800076804 2.3735424567897834e-09
30900.04800076804 1.9154206740720748e-09
30950.04800076804 8.646548137946078e-10
31000.04800076804 1.5766051425377205e-09
31050.04800076804 1.1563839518505812e-09
31100.04800076804 6.914778795672934e-10
31150.04800076804 1.046194092517785e-09
31200.04800076804 1.7975823392752688e-09
31250.04800076804 9.081616847787686e-10
31300.04800076804 6.333804698275027e-10
31350.04800076804 1.2145023884668757e-09
31400.04800076804 5.884188632184436e-10
31450.04800076804 9.224053508398092e-10
31500.04800076804 3.656110764196246e-10
31550.04800076804 4.4072752006240313e-10
31600.04800076804 3.082323893782187e-10
31650.04800076804 2.946377073910662e-10
31700.04800076804 3.45677266223134e-10
31750.04800076804 1.0627020500172489e-10
31800.04800076804 3.1256248323214164e-10
31850.04800076804 6.152862903525424e-11
31900.04800076804 1.6700069919906126e-10
31950.04800076804 9.730014587614918e-11
32000.04800076804 7.907745405697826e-11
32050.04800076804 7.32643969143018e-11
32100.04800076804 5.8022099947375184e-11
32150.04800076804 7.287703503589978e-11
32200.04800076804 3.62902061702331e-11
32250.04800076804 1.1469814418534791e-10
32300.04800076804 2.7179468194352185e-11
32350.04800076804 1.1107912303982722e-10
32400.04800076804 2.2633941522073416e-11
32450.04800076804 6.287924775415701e-11
32500.04800076804 2.6749368677700276e-11
32550.04800076804 6.906589564056134e-11
32600.04800076804 2.470601549013369e-11
32650.04800076804 1.4343069609254732e-10
32700.04800076804 4.348027182259619e-11
32750.04800076804 2.851899805741538e-10
32800.04800076804 1.2810142111279943e-10
32850.04800076804 4.918950362700745e-10
32900.04800076804 3.6711790661440457e-10
32950.04800076804 4.713801013847815e-10
33000.04800076804 1.7800871887043591e-10
33050.04800076804 2.0599666470402895e-10
33100.04800076804 5.402982933343609e-11
33150.04800076804 3.610931888129893e-14
33200.04800076804 1.4525706825828349e-12
33250.04800076804 2.3259422844693946e-12
33300.04800076804 1.4920917911828533e-11
33350.04800076804 5.2427948489019883e-11
33400.04800076804 1.5983459273618557e-10
33450.04800076804 7.585894785634837e-11
33500.04800076804 3.062895462927533e-10
33550.04800076804 1.0748148324005152e-10
33600.04800076804 1.6205414176968614e-10
33650.04800076804 1.36941192725491e-10
33700.04800076804 7.784415139799842e-11
33750.04800076804 2.245267295816648e-10
33800.04800076804 3.697886736959192e-11
33850.04800076804 1.309976256495308e-10
33900.04800076804 1.5148634475967264e-10
33950.04800076804 1.2947729536614452e-10
34000.04800076804 2.623517389574491e-10
34050.04800076804 4.037545431702364e-11
34100.04800076804 2.1746963405501274e-10
34150.04800076804 9.879174099889174e-11
34200.04800076804 2.101659666638246e-10
34250.04800076804 1.3824443101145065e-10
34300.04800076804 1.46444872030854e-10
34350.04800076804 3.593138139485079e-10
34400.04800076804 1.1067709377929233e-10
34450.04800076804 3.188612697926401e-10
34500.04800076804 1.3473758068977138e-10
34550.04800076804 1.3156289316827826e-10
34600.04800076804 5.467560179453012e-10
34650.04800076804 8.508032051337346e-11
34700.04800076804 2.3165459110226567e-10
34750.04800076804 1.8463715332605007e-10
34800.04800076804 2.030333556684279e-10
34850.04800076804 4.4430622291603314e-10
34900.04800076804 1.747727859569527e-10
34950.04800076804 2.829528119073914e-10
35000.04800076804 8.022289198438463e-10
35050.04800076804 4.025358726653379e-10
35100.04800076804 8.210254380316563e-10
35150.04800076804 6.732462939389898e-10
35200.04800076804 7.815429230137609e-10
35250.04800076804 9.573781569330649e-10
35300.04800076804 5.01203847323683e-10
35350.04800076804 7.397618479994789e-10
35400.04800076804 5.430857352050002e-10
35450.04800076804 4.0486141241954885e-10
35500.04800076804 1.849632453344822e-09
35550.04800076804 9.021393417243492e-10
35600.04800076804 1.2510462254622219e-09
35650.04800076804 1.4090126852288637e-09
35700.04800076804 1.028362325174481e-09
35750.04800076804 2.0111270758989155e-09
35800.04800076804 1.0652930281086044e-09
35850.04800076804 5.245855586401742e-10
35900.04800076804 1.0259446001065933e-09
35950.04800076804 9.37960449493399e-10
36000.04800076804 4.362954654823671e-10
36050.04800076804 8.483527118461492e-10
36100.04800076804 7.106881932458223e-10
36150.04800076804 1.894222967502372e-09
36200.04800076804 1.5746565429478774e-09
36250.04800076804 1.4323442532437002e-09
36300.04800076804 2.4494750642930364e-09
36350.04800076804 1.4692602575184024e-09
36400.04800076804 2.9600161277770747e-09
36450.04800076804 1.9705403076708815e-09
36500.04800076804 2.4971554704101265e-09
36550.04800076804 4.147935857632204e-09
36600.04800076804 4.0317391218375604e-09
36650.04800076804 3.469938466336511e-09
36700.04800076804 4.3559874535502364e-09
36750.04800076804 4.86054432549683e-09
36800.04800076804 4.240150896361514e-09
36850.04800076804 2.255009496367735e-09
36900.04800076804 3.7157064287734113e-09
36950.04800076804 4.490785726413614e-09
37000.04800076804 3.1295059749455672e-09
37050.04800076804 5.612986153082468e-09
37100.04800076804 4.121855068841106e-09
37150.04800076804 4.188228526872864e-09
37200.04800076804 4.266666150831109e-09
37250.04800076804 3.648373797566542e-09
37300.04800076804 3.0832028230908187e-09
37350.04800076804 5.291908069448099e-09
37400.04800076804 6.016321882690585e-09
37450.04800076804 2.7750243806520233e-09
37500.04800076804 4.82624247729081e-09
37550.04800076804 7.868090789159815e-09
37600.04800076804 1.070018608905448e-08
37650.04800076804 5.2241316592326855e-09
37700.04800076804 7.81786548825135e-09
37750.04800076804 4.410737137313056e-09
37800.04800076804 4.855040631713104e-09
37850.04800076804 2.9740613715991875e-09
37900.04800076804 4.5254833652844095e-09
37950.04800076804 7.075070029962747e-09
38000.04800076804 8.144998829519431e-09
38050.04800076804 1.1482423781122025e-08
38100.04800076804 1.1282219819556944e-08
38150.04800076804 1.168748362275384e-08
38200.04800076804 1.1208212823190295e-08
38250.04800076804 1.168281600495018e-08
38300.04800076804 2.2493013568483968e-08
38350.04800076804 1.7336878185645527e-08
38400.04800076804 7.3730467604385496e-09
38450.04800076804 5.038922394462182e-09
38500.04800076804 2.262511028437156e-09
38550.04800076804 6.176463370343096e-09
38600.04800076804 8.295489013500396e-09
38650.04800076804 1.1101704799278195e-08
38700.04800076804 8.631483419535476e-09
38750.04800076804 1.1450064930110874e-08
38800.04800076804 7.876423036522034e-09
38850.04800076804 1.4240549964685375e-08
38900.04800076804 1.4385585290770225e-08
38950.04800076804 9.775217211672119e-09
39000.04800076804 1.8066302210117846e-08
39050.04800076804 1.0777361994493777e-08
39100.04800076804 1.709173613696737e-08
39150.04800076804 1.514370359584045e-08
39200.04800076804 1.0338392170120864e-08
39250.04800076804 1.7589163736507924e-08
39300.04800076804 1.4155183053021353e-08
39350.04800076804 3.006807452351514e-08
39400.04800076804 1.7533760030289597e-08
39450.04800076804 1.941957875103985e-08
39500.04800076804 2.0112323267724948e-08
39550.04800076804 1.3798851028697679e-08
39600.04800076804 2.3527994657393185e-08
39650.04800076804 3.089560903546046e-08
39700.04800076804 1.8398486261699544e-08
39750.04800076804 1.1528702104521544e-08
39800.04800076804 1.5012934980421035e-08
39850.04800076804 2.7087331186873437e-08
39900.04800076804 3.191039593938524e-08
39950.04800076804 1.917264630113827e-08
40000.04800076804 3.2476465195599216e-08
40050.04800076804 2.7195863916569846e-08
40100.04800076804 1.1976686185968075e-08
40150.04800076804 3.143040235277529e-08
40200.04800076804 3.2234328250404096e-08
40250.04800076804 3.385827037583169e-08
40300.04800076804 3.801058108521335e-08
40350.04800076804 1.868492309125465e-08
40400.04800076804 3.396843374572306e-08
40450.04800076804 1.997982009003444e-08
40500.04800076804 4.326448239614822e-08
40550.04800076804 3.729953515228574e-08
40600.04800076804 3.074957078891536e-08
40650.04800076804 2.861474976497232e-08
40700.04800076804 5.8038123278557495e-08
40750.04800076804 4.057410458473065e-08
40800.04800076804 2.2766583797581404e-08
40850.04800076804 5.827066196634862e-08
40900.04800076804 4.4173901531567776e-08
40950.04800076804 3.222626012010914e-08
41000.04800076804 4.1859997746020385e-08
41050.04800076804 6.112408091119442e-08
41100.04800076804 3.3535704328793886e-08
41150.04800076804 1.981851334419215e-08
41200.04800076804 6.490512900385701e-08
41250.04800076804 4.3367243148797175e-08
41300.04800076804 4.483460983174199e-08
41350.04800076804 6.788582656290788e-08
41400.04800076804 4.8368824945312484e-08
41450.04800076804 6.329907154408543e-08
41500.04800076804 3.983228726154174e-08
41550.04800076804 3.518536920358892e-08
41600.04800076804 5.114830753952913e-08
41650.04800076804 6.049742452587014e-08
41700.04800076804 5.985133760937753e-08
41750.04800076804 4.999190732746996e-08
41800.04800076804 6.66950991999527e-08
41850.04800076804 4.655486853057953e-08
41900.04800076804 4.170215966966727e-08
41950.04800076804 5.101259961745661e-08
42000.04800076804 5.743876184387648e-08
42050.04800076804 5.119567302854441e-08
42100.04800076804 6.653112131495268e-08
42150.04800076804 5.212056609406577e-08
42200.04800076804 6.198878298395919e-08
42250.04800076804 4.316478911947522e-08
42300.04800076804 4.38213735385516e-08
42350.04800076804 6.277178573532385e-08
42400.04800076804 7.052329292627788e-08
42450.04800076804 7.18813042542892e-08
42500.04800076804 6.178822553669267e-08
42550.04800076804 5.878477075433587e-08
42600.04800076804 5.508720374638077e-08
42650.04800076804 9.656471735938076e-08
42700.04800076804 4.007843242711375e-08
42750.04800076804 5.627834523598602e-08
42800.04800076804 6.299548724626994e-08
42850.04800076804 7.286372687060399e-08
42900.04800076804 8.30175038964579e-08
42950.04800076804 6.116523657813048e-08
43000.04800076804 8.216401040441972e-08
43050.04800076804 3.312711006583457e-08
43100.04800076804 5.1009387811994395e-08
43150.04800076804 5.783187223921928e-08
43200.04800076804 7.915567743425662e-08
43250.04800076804 1.0118988743150412e-07
43300.04800076804 9.845512667328883e-08
43350.04800076804 5.416122060073465e-08
43400.04800076804 7.28632329329673e-08
43450.04800076804 4.313736362619764e-08
43500.04800076804 4.977890576557867e-08
43550.04800076804 5.7733294544159104e-08
43600.04800076804 8.036721307604212e-08
