galfind/configs/Brown_Dwarf_templates/sonora_cholla/logkzz2/56g/550K_56g_logkzz2_resample.dat
# %ECSV 1.0
# ---
# datatype:
# - {name: wav, unit: Angstrom, datatype: float64}
# - {name: flux_nu, unit: erg / (cm2 Hz s), datatype: float64}
# schema: astropy-2.0
wav flux_nu
[from data line 814]
43700.04800076804 1.382322821756218e-07
43750.04800076804 1.2738271624037286e-07
43800.04800076804 8.952398622291034e-08
43850.04800076804 1.0581621679103913e-07
43900.04800076804 8.00975369124241e-08
43950.04800076804 5.6581424639465715e-08
44000.04800076804 4.729148720298114e-08
44050.04800076804 1.204797456326283e-07
44100.04800076804 1.454721246455635e-07
44150.04800076804 1.391628667486236e-07
44200.04800076804 1.1089070818753505e-07
44250.04800076804 7.16695459657131e-08
44300.04800076804 6.192172386057828e-08
44350.04800076804 6.378075851279801e-08
44400.04800076804 6.375965904097565e-08
44450.04800076804 9.976002588674458e-08
44500.04800076804 8.572179795122344e-08
44550.04800076804 1.2525504653402352e-07
44600.04800076804 9.293402940398653e-08
44650.04800076804 1.0085485965089858e-07
44700.04800076804 7.05692902120672e-08
44750.04800076804 9.743817170971742e-08
44800.04800076804 6.5137974876809e-08
44850.04800076804 9.812569204873929e-08
44900.04800076804 6.827878525469046e-08
44950.04800076804 7.149030950708929e-08
45000.04800076804 9.202339338417436e-08
45050.04800076804 8.794233306391092e-08
45100.04800076804 8.137291430316401e-08
45150.04800076804 7.183663726526037e-08
45200.04800076804 4.331895144786883e-08
45250.04800076804 5.0133086347337954e-08
45300.04800076804 5.917206861862327e-08
45350.04800076804 6.121180569141608e-08
45400.04800076804 7.254502445166258e-08
45450.04800076804 6.49371518220817e-08
45500.04800076804 7.2610599832612e-08
45550.04800076804 7.688704756192595e-08
45600.04800076804 6.890291736512813e-08
45650.04800076804 6.297112390085629e-08
45700.04800076804 5.141687784197108e-08
45750.04800076804 4.500611131864039e-08
45800.04800076804 6.375994976049314e-08
45850.04800076804 7.984501864589992e-08
45900.04800076804 9.160663107612151e-08
45950.04800076804 5.7056122695832885e-08
46000.04800076804 7.928412455443702e-08
46050.04800076804 7.068103460194379e-08
46100.04800076804 6.690052337599318e-08
46150.04800076804 6.152524588015357e-08
46200.04800076804 5.1715203538544586e-08
46250.04800076804 2.6709744616182217e-08
46300.04800076804 7.77950083426223e-08
46350.04800076804 5.074623513089564e-08
46400.04800076804 7.112964026285863e-08
46450.04800076804 7.768811412773568e-08
46500.04800076804 6.406325070886369e-08
46550.04800076804 4.1662446313455e-08
46600.04800076804 5.7639086291458126e-08
46650.04800076804 1.2814394367354852e-07
46700.04800076804 7.156684511901398e-08
46750.04800076804 4.41354800018358e-08
46800.04800076804 2.498661989292424e-08
46850.04800076804 9.644626821585811e-08
46900.04800076804 8.589697600549547e-08
46950.04800076804 9.490616743102746e-08
47000.04800076804 6.446447099611558e-08
47050.04800076804 8.18667273863396e-08
47100.04800076804 3.4880245162335354e-08
47150.04800076804 5.7557457580584275e-08
47200.04800076804 8.390440143798191e-08
47250.04800076804 4.44354782463662e-08
47300.04800076804 3.9618075203348575e-08
47350.04800076804 6.840501581719568e-08
47400.04800076804 9.956566208973507e-08
47450.04800076804 5.8354056268655914e-08
47500.04800076804 1.1777858840501827e-07
47550.04800076804 7.015646418938229e-08
47600.04800076804 9.18773542283537e-08
47650.04800076804 5.086780199907494e-08
47700.04800076804 8.220629633240882e-08
47750.04800076804 3.775832125408397e-08
47800.04800076804 4.5314962725572195e-08
47850.04800076804 2.4619087629041102e-08
47900.04800076804 3.9549102737899586e-08
47950.04800076804 6.015281048295603e-08
48000.04800076804 1.1805728725066986e-07
48050.04800076804 7.102353414139344e-08
48100.04800076804 4.5080705019782296e-08
48150.04800076804 5.711195091025198e-08
48200.04800076804 6.298466280511107e-08
48250.04800076804 5.581034382783731e-08
48300.04800076804 1.194750248336618e-07
48350.04800076804 4.823482528832449e-08
48400.04800076804 2.2302360460578704e-08
48450.04800076804 4.1396486283857124e-08
48500.04800076804 7.644361212609021e-08
48550.04800076804 4.788053675287606e-08
48600.04800076804 8.02883866012642e-08
48650.04800076804 7.855111371149019e-08
48700.04800076804 7.827178689636755e-08
48750.04800076804 5.473416598097799e-08
48800.04800076804 8.67888553528117e-08
48850.04800076804 5.763482961654732e-08
48900.04800076804 7.286604580698273e-08
48950.04800076804 4.5055621824806616e-08
49000.04800076804 2.889737607443673e-08
49050.04800076804 7.215465675475946e-08
49100.04800076804 6.699345864216108e-08
49150.04800076804 7.645214674527883e-08
49200.04800076804 9.157494623390198e-08
49250.04800076804 1.018146223047845e-07
49300.04800076804 8.080391471419177e-08
49350.04800076804 3.426017516453416e-08
49400.04800076804 4.5265382213708065e-08
49450.04800076804 5.65680344361223e-08
49500.04800076804 4.7788608171246814e-08
49550.04800076804 1.1294653441532654e-08
49600.04800076804 3.166578950606869e-08
49650.04800076804 5.55890369630302e-08
49700.04800076804 5.444980979960125e-08
49750.04800076804 6.765128069525197e-08
49800.04800076804 4.389649956709505e-08
49850.04800076804 9.501069330538014e-08
49900.04800076804 7.732880713682481e-08
49950.04800076804 7.46742355701561e-08
50000.04800076804 6.524110178502212e-08
50050.04800076804 7.757718045282769e-08
50100.04800076804 6.36731924483489e-08
50150.04800076804 2.796620813813867e-08
50200.04800076804 6.8421708645266275e-09
50250.04800076804 3.647824908414024e-08
50300.04800076804 2.551231857352885e-08
50350.04800076804 6.846261254725329e-08
50400.04800076804 7.675039686623108e-08
50450.04800076804 5.808699569914127e-08
50500.04800076804 7.936874576755905e-08
50550.04800076804 8.145867122980055e-08
50600.04800076804 6.145304047136042e-08
50650.04800076804 8.249846140632383e-08
50700.04800076804 9.231253416482585e-08
50750.04800076804 6.43307012285232e-08
50800.04800076804 2.2765205681037983e-08
50850.04800076804 1.2488554647091295e-08
50900.04800076804 6.330365236942687e-08
50950.04800076804 6.395396018406458e-08
51000.04800076804 4.3316886225085294e-08
51050.04800076804 6.208555975325259e-08
51100.04800076804 1.876922723058687e-08
51150.04800076804 3.001233173126516e-08
51200.04800076804 9.049445757576454e-08
51250.04800076804 5.8141744959046586e-08
51300.04800076804 4.420473004201826e-08
51350.04800076804 4.621033673639061e-08
51400.04800076804 1.5638371390385478e-08
51450.04800076804 1.3169915942210467e-08
51500.04800076804 1.1853976859618691e-08
51550.04800076804 3.913888357231548e-08
51600.04800076804 3.276243273027787e-08
51650.04800076804 5.100653574310841e-08
51700.04800076804 4.755791150098023e-08
51750.04800076804 2.9551741848751748e-08
51800.04800076804 6.625800461663931e-08
51850.04800076804 5.4532925705062756e-08
51900.04800076804 6.332268755184154e-08
51950.04800076804 3.515944995666929e-08
52000.04800076804 4.468634840622828e-09
52050.04800076804 1.9717369872204605e-08
52100.04800076804 1.2847785940763118e-08
52150.04800076804 6.814019983920241e-09
52200.04800076804 1.5739861529736946e-08
52250.04800076804 3.240700127445737e-08
52300.04800076804 4.759560594027865e-08
52350.04800076804 1.5198585021248903e-08
52400.04800076804 1.5468443547659563e-08
52450.04800076804 5.137270791260924e-08
52500.04800076804 4.445232595855105e-08
52550.04800076804 4.516416799478801e-08
52600.04800076804 3.3507271684458705e-08
52650.04800076804 3.417554865615791e-08
52700.04800076804 2.915109012153648e-08
52750.04800076804 1.3302715942419725e-08
52800.04800076804 1.861720464980737e-08
52850.04800076804 2.5673154560207706e-08
52900.04800076804 1.1258566521236081e-08
52950.04800076804 1.5474418267894006e-08
53000.04800076804 4.1575706900042334e-08
53050.04800076804 1.1558563759584107e-08
53100.04800076804 4.666447016055087e-08
53150.04800076804 5.531921861839951e-08
53200.04800076804 2.1719226381000363e-08
53250.04800076804 5.281482068753387e-08
53300.04800076804 5.337767867607151e-08
53350.04800076804 5.05222074536245e-08
53400.04800076804 3.4083308684553744e-08
53450.04800076804 8.350136810508336e-09
53500.04800076804 2.2339117632202267e-09
53550.04800076804 5.391195745726194e-09
53600.04800076804 2.1413184094053692e-08
53650.04800076804 2.4066122243581157e-08
53700.04800076804 1.8728446691210394e-08
53750.04800076804 1.791571489800068e-08
53800.04800076804 1.6165708874510782e-08
53850.04800076804 2.3955580248468094e-08
53900.04800076804 3.922440508183685e-08
53950.04800076804 4.0009890444525985e-08
54000.04800076804 2.5542163328701962e-08
54050.04800076804 2.8290743756394475e-08
54100.04800076804 6.182963367920087e-09
54150.04800076804 9.530707664982342e-09
54200.04800076804 1.6000419446380926e-09
54250.04800076804 4.31045738174835e-09
54300.04800076804 1.3862121028007473e-08
54350.04800076804 1.957348094385629e-08
54400.04800076804 1.6649983528873467e-08
54450.04800076804 1.4856584930993035e-08
54500.04800076804 1.2233788711538884e-08
54550.04800076804 1.2979469287175234e-08
54600.04800076804 1.191205662059445e-08
54650.04800076804 1.6148253534875708e-09
54700.04800076804 1.2641823610890926e-08
54750.04800076804 1.3014188686634358e-08
54800.04800076804 6.868299518217544e-09
54850.04800076804 1.1908040928209097e-08
54900.04800076804 2.0797693094322327e-08
54950.04800076804 3.3038744144924346e-08
55000.04800076804 8.405874354928962e-09
55050.04800076804 1.6264225940948117e-08
55100.04800076804 2.0747457201776133e-08
55150.04800076804 8.474534487009236e-09
55200.04800076804 7.21161219017394e-09
55250.04800076804 1.2179666095128892e-08
55300.04800076804 7.619487421747047e-09
55350.04800076804 1.7571360390171236e-08
55400.04800076804 1.9995718580116006e-08
55450.04800076804 1.0972873411699316e-08
55500.04800076804 4.018826858823931e-09
55550.04800076804 3.6341284753377793e-09
55600.04800076804 7.474226105224761e-09
55650.04800076804 7.013730921942523e-09
55700.04800076804 7.098711822320156e-09
55750.04800076804 5.782035544996724e-09
55800.04800076804 2.1497475220599106e-09
55850.04800076804 4.250721615463902e-09
55900.04800076804 1.2204144640715694e-08
55950.04800076804 1.8543745485178403e-08
56000.04800076804 5.9044468858401325e-09
56050.04800076804 7.987737207160447e-09
56100.04800076804 1.2972519870070062e-08
56150.04800076804 4.3954156815826044e-09
56200.04800076804 7.975088623932662e-09
56250.04800076804 1.4583281895524047e-08
56300.04800076804 8.984603772968395e-09
56350.04800076804 5.2763489071853995e-09
56400.04800076804 1.4816863478345923e-09
56450.04800076804 1.4901096336349726e-09
56500.04800076804 5.617019433176475e-09
56550.04800076804 2.483716978753414e-09
56600.04800076804 1.119124445893753e-08
56650.04800076804 1.370883592057919e-08
56700.04800076804 9.021488790250004e-09
56750.04800076804 2.3473239158385195e-09
56800.04800076804 6.601162872462665e-09
56850.04800076804 9.009097057087586e-09
56900.04800076804 4.203934826275299e-09
56950.04800076804 1.0639089113100695e-08
57000.04800076804 1.4526054779821913e-08
57050.04800076804 5.446429949207454e-09
57100.04800076804 1.5420180746414507e-09
57150.04800076804 2.9006078524004514e-09
57200.04800076804 2.308648663810266e-09
57250.04800076804 3.469876371627328e-09
57300.04800076804 6.684959531582427e-09
57350.04800076804 2.7103826793097644e-09
57400.04800076804 8.264464852713687e-09
57450.04800076804 3.56102944638944e-09
57500.04800076804 3.685447481178831e-09
57550.04800076804 6.066485744739762e-09
57600.04800076804 5.063293430429616e-09
57650.04800076804 8.316855319295735e-10
57700.04800076804 1.815518486711609e-09
57750.04800076804 4.592109193462094e-09
57800.04800076804 1.7054765685145464e-09
57850.04800076804 1.614785389584663e-08
57900.04800076804 1.8720300083669128e-08
57950.04800076804 2.0395478370336157e-08
58000.04800076804 4.198758403029078e-09
58050.04800076804 1.022713695279563e-08
58100.04800076804 8.570196047261073e-09
58150.04800076804 5.029210086983874e-09
58200.04800076804 7.649885980149567e-10
58250.04800076804 1.873374235235513e-09
58300.04800076804 2.02438297408057e-09
58350.04800076804 3.0048948397236712e-09
58400.04800076804 8.478642405726854e-09
58450.04800076804 9.672347885626667e-09
58500.04800076804 9.5137167891919e-09
58550.04800076804 7.1068204036256205e-09
58600.04800076804 2.2526797976047787e-09
58650.04800076804 3.3394591159321782e-09
58700.04800076804 5.2947818354685116e-09
58750.04800076804 3.6490564455100247e-09
58800.04800076804 3.2547652327458264e-10
58850.04800076804 2.363998688897715e-09
58900.04800076804 3.5623696621701643e-09
58950.04800076804 1.2772215424868012e-09
59000.04800076804 4.052717117417874e-09
59050.04800076804 7.3363785423915516e-09
59100.04800076804 6.047368784437712e-09
59150.04800076804 4.676657512388463e-09
59200.04800076804 6.675599410033741e-09
59250.04800076804 6.988760536533597e-09
59300.04800076804 4.619628433848529e-09
59350.04800076804 5.476030949762558e-10
59400.04800076804 8.212803967639757e-10
59450.04800076804 5.334855733872418e-09
59500.04800076804 3.0370148340023802e-09
59550.04800076804 6.3895076412100304e-09
59600.04800076804 8.94472344247416e-09
59650.04800076804 3.6780595656629712e-09
59700.04800076804 2.262247840689669e-09
59750.04800076804 8.849990904260811e-09
59800.04800076804 3.6507414750282596e-09
59850.04800076804 4.994401657322294e-09
59900.04800076804 1.371035897586116e-09
59950.04800076804 4.031981238338319e-09
60000.04800076804 1.1609112351393917e-08
60050.04800076804 1.2486417998907798e-08
60100.04800076804 7.936340030380276e-09
60150.04800076804 2.6587553253421217e-09
60200.04800076804 7.964849484245322e-09
60250.04800076804 1.3626505921824535e-08
60300.04800076804 1.1924712857241612e-08
60350.04800076804 7.157340538733119e-09
60400.04800076804 5.758702057424396e-09
60450.04800076804 9.93271585378456e-10
60500.04800076804 2.354244505082754e-10
60550.04800076804 4.244105241875871e-09
60600.04800076804 7.397229182970111e-09
60650.04800076804 3.851569670265329e-09
60700.04800076804 2.3144042471356025e-09
60750.04800076804 1.0072398391385917e-09
60800.04800076804 6.586194351839688e-09
60850.04800076804 1.5196596183704605e-08
60900.04800076804 1.3819942389243254e-08
60950.04800076804 9.54090973378383e-09
61000.04800076804 1.0035403143655036e-08
61050.04800076804 2.818881025922593e-09
61100.04800076804 2.994332601577989e-09
61150.04800076804 7.429421233607191e-10
61200.04800076804 6.1681397470522435e-09
61250.04800076804 9.999035878570158e-09
61300.04800076804 9.219735987528472e-09
61350.04800076804 1.6194887340541957e-08
61400.04800076804 4.45325497119954e-09
61450.04800076804 1.1027922218309697e-09
61500.04800076804 1.5872269182333428e-09
61550.04800076804 5.533545344655697e-09
61600.04800076804 1.6437501956251498e-09
61650.04800076804 4.465808072196442e-09
61700.04800076804 5.451655371278239e-09
61750.04800076804 6.255405749627774e-09
61800.04800076804 4.670750387245346e-09
61850.04800076804 1.0900506492900439e-09
61900.04800076804 8.750013243636841e-09
61950.04800076804 9.973794195906817e-09
62000.04800076804 1.3463819395373125e-08
62050.04800076804 1.6552316302746327e-08
62100.04800076804 7.20024304523413e-09
62150.04800076804 1.4189250293758172e-08
62200.04800076804 1.3017090527951522e-08
62250.04800076804 9.05887863959633e-09
62300.04800076804 2.5580600687829813e-08
62350.04800076804 1.9456246139923194e-08
62400.04800076804 6.769368227755875e-09
62450.04800076804 1.0666294261540362e-08
62500.04800076804 2.3852591349330344e-08
62550.04800076804 2.32901704588926e-08
62600.04800076804 2.0088274608428764e-08
62650.04800076804 1.5176036261331033e-08
62700.04800076804 1.071107046648575e-08
62750.04800076804 1.8919920146061125e-08
62800.04800076804 1.0936406469613088e-08
62850.04800076804 1.8675752318793712e-08
62900.04800076804 1.2528995793545681e-08
62950.04800076804 2.7498874157451834e-08
63000.04800076804 1.5333117304604807e-08
63050.04800076804 3.815834036137935e-08
63100.04800076804 3.167236591519412e-08
63150.04800076804 2.3563526176034903e-08
63200.04800076804 2.0797927269523298e-08
63250.04800076804 1.779054963052849e-08
63300.04800076804 1.3150387202943773e-08
63350.04800076804 1.145527773451522e-08
63400.04800076804 3.5279098393242093e-09
63450.04800076804 1.4828827941956306e-09
