galfind/configs/Brown_Dwarf_templates/sonora_cholla/logkzz2/56g/550K_56g_logkzz2_resample.dat
# %ECSV 1.0
# ---
# datatype:
# - {name: wav, unit: Angstrom, datatype: float64}
# - {name: flux_nu, unit: erg / (cm2 Hz s), datatype: float64}
# schema: astropy-2.0
wav flux_nu
[from data line 1211]
63550.04800076804 1.4045564631237e-08
63600.04800076804 1.3928073173927544e-08
63650.04800076804 7.078550217638317e-09
63700.04800076804 1.8033556338470303e-09
63750.04800076804 6.2346003688686086e-09
63800.04800076804 1.7832986411889587e-08
63850.04800076804 1.187540442456683e-08
63900.04800076804 2.6666211200289307e-09
63950.04800076804 8.563642064482203e-09
64000.04800076804 1.1532112174791674e-08
64050.04800076804 3.6362763768401777e-09
64100.04800076804 6.712296816920528e-10
64150.04800076804 1.069074130227302e-09
64200.04800076804 1.3630088789887903e-09
64250.04800076804 5.707035065360923e-09
64300.04800076804 4.570589044295935e-09
64350.04800076804 2.8348299289314552e-09
64400.04800076804 8.616282489015974e-09
64450.04800076804 1.1138977798299094e-08
64500.04800076804 3.83531801383016e-09
64550.04800076804 9.159190286145268e-09
64600.04800076804 4.0290032040702376e-09
64650.04800076804 7.019388380299872e-09
64700.04800076804 1.870897899098888e-09
64750.04800076804 4.176609812428109e-09
64800.04800076804 2.131903433312976e-09
64850.04800076804 1.176295527407058e-09
64900.04800076804 1.063711129850605e-09
64950.04800076804 9.306529500650431e-10
65000.04800076804 1.9747970902759544e-09
65050.04800076804 4.515837998648487e-09
65100.04800076804 7.536485293427266e-09
65150.04800076804 2.8127739074617874e-09
65200.04800076804 9.42959287385677e-10
65250.04800076804 4.712860828441384e-09
65300.04800076804 5.406064764153569e-09
65350.04800076804 1.5534744579137983e-08
65400.04800076804 5.186193153203401e-09
65450.04800076804 5.343843674300225e-09
65500.04800076804 6.596715364763245e-09
65550.04800076805 2.1783962048436407e-09
65600.04800076805 6.101988070886566e-09
65650.04800076805 3.1580100328842343e-09
65700.04800076805 2.859285933764346e-09
65750.04800076805 1.891720146824733e-09
65800.04800076805 5.093250433140338e-09
65850.04800076805 7.477481568455056e-09
65900.04800076805 1.4712786823084704e-09
65950.04800076805 3.631074297182643e-09
66000.04800076805 4.8535506546421135e-09
66050.04800076805 1.2108948119909304e-08
66100.04800076805 5.978146192097388e-09
66150.04800076805 5.232739377059726e-09
66200.04800076805 5.177177248005742e-09
66250.04800076805 2.723453086937031e-09
66300.04800076805 8.659775667654844e-10
66350.04800076805 5.911960842406703e-10
66400.04800076805 1.4135016146739159e-09
66450.04800076805 6.034997501129745e-09
66500.04800076805 9.467522703735544e-09
66550.04800076805 1.0989707722440727e-08
66600.04800076805 8.341026785809722e-09
66650.04800076805 4.5259562227990684e-09
66700.04800076805 3.3147932495324325e-09
66750.04800076805 3.746009618179505e-09
66800.04800076805 4.513264519121944e-09
66850.04800076805 2.6957446674359444e-09
66900.04800076805 1.2818336091040927e-08
66950.04800076805 1.181548104620311e-08
67000.04800076805 1.2532534818515853e-08
67050.04800076805 6.841882042464021e-09
67100.04800076805 3.1865326219987705e-09
67150.04800076805 4.1428215856241135e-09
67200.04800076805 7.233405784465288e-09
67250.04800076805 6.819075094375358e-09
67300.04800076805 1.2911808919331044e-08
67350.04800076805 5.224219635761576e-09
67400.04800076805 1.3870950738716744e-08
67450.04800076805 7.315500286864318e-09
67500.04800076805 7.061481376059845e-09
67550.04800076805 1.743787933320669e-08
67600.04800076805 2.8746781275539373e-08
67650.04800076805 2.0712663204996267e-08
67700.04800076805 9.983338045376421e-09
67750.04800076805 5.5111780462606525e-09
67800.04800076805 8.746214277097324e-09
67850.04800076805 3.2678519358319097e-09
67900.04800076805 4.103558664494707e-09
67950.04800076805 3.418742085687187e-09
68000.04800076805 8.321023654560853e-09
68050.04800076805 1.1733993117758091e-08
68100.04800076805 2.0404747620363508e-08
68150.04800076805 1.6237829955597148e-08
68200.04800076805 1.0486906613744827e-08
68250.04800076805 1.5777276286509694e-09
68300.04800076805 1.0759811840931252e-08
68350.04800076805 9.32492431084081e-09
68400.04800076805 2.313123557495641e-08
68450.04800076805 1.785018879993684e-08
68500.04800076805 9.574462589798245e-09
68550.04800076805 3.2035942700753937e-09
68600.04800076805 3.2173851600740113e-09
68650.04800076805 1.416234791842911e-09
68700.04800076805 4.843851046402963e-09
68750.04800076805 9.927535644208106e-09
68800.04800076805 1.1273266358900984e-08
68850.04800076805 3.697597744444522e-09
68900.04800076805 1.7954198530602634e-08
68950.04800076805 1.8656773660435904e-08
69000.04800076805 1.128883959594201e-08
69050.04800076805 4.849109276817069e-09
69100.04800076805 1.634162178014229e-08
69150.04800076805 2.54533233327534e-08
69200.04800076805 1.88607540285844e-08
69250.04800076805 2.4610352399512665e-08
69300.04800076805 1.1964567989195093e-08
69350.04800076805 2.9418675208063237e-08
69400.04800076805 8.850878896292852e-09
69450.04800076805 2.493489266444833e-08
69500.04800076805 1.0477560383771855e-08
69550.04800076805 7.376166439605732e-09
69600.04800076805 1.6757953760552717e-09
69650.04800076805 7.541636010698807e-09
69700.04800076805 1.556735329634882e-08
69750.04800076805 9.842117614839214e-09
69800.04800076805 1.823241248458604e-08
69850.04800076805 1.7901331024620934e-08
69900.04800076805 9.798152447139936e-09
69950.04800076805 9.51084408255918e-09
70000.04800076805 1.190153572242324e-08
70050.04800076805 2.5072390170029797e-08
70100.04800076805 1.8538200536711827e-08
70150.04800076805 1.1764918594505494e-08
70200.04800076805 7.919129254608348e-09
70250.04800076805 1.1815075271879834e-08
70300.04800076805 2.3949164764167708e-08
70350.04800076805 1.679685117124532e-08
70400.04800076805 7.344161933101426e-09
70450.04800076805 9.055143564558132e-10
70500.04800076805 6.055399173959006e-09
70550.04800076805 6.480258650562306e-09
70600.04800076805 6.268224601971102e-09
70650.04800076805 1.8717189590572737e-08
70700.04800076805 1.887363590436938e-08
70750.04800076805 2.8900258195705424e-08
70800.04800076805 1.117515725543821e-08
70850.04800076805 1.297215594380613e-08
70900.04800076805 1.627491859662489e-08
70950.04800076805 2.3279477590647456e-08
71000.04800076805 1.978961473748318e-08
71050.04800076805 2.0594134583993164e-08
71100.04800076805 1.3427866257191655e-08
71150.04800076805 1.0175648954017262e-08
71200.04800076805 9.031523327358732e-09
71250.04800076805 1.6143408264694698e-08
71300.04800076805 2.343830740545302e-08
71350.04800076805 2.52707777247267e-08
71400.04800076805 1.798822627888986e-08
71450.04800076805 6.172955200877307e-09
71500.04800076805 6.98215451732594e-09
71550.04800076805 1.0304593859074723e-08
71600.04800076805 1.0717031686317812e-08
71650.04800076805 7.06347554563276e-09
71700.04800076805 4.724319924788162e-09
71750.04800076805 1.221798632958937e-08
71800.04800076805 1.941405005869885e-08
71850.04800076805 1.8506098643023542e-08
71900.04800076805 8.808653869694864e-09
71950.04800076805 1.3383526943369735e-08
72000.04800076805 1.209183438534095e-08
72050.04800076805 5.506147256172792e-09
72100.04800076805 6.560841741684757e-09
72150.04800076805 6.481226189973098e-09
72200.04800076805 1.3921994535203684e-08
72250.04800076805 1.902757581952777e-08
72300.04800076805 1.1495265243889449e-08
72350.04800076805 1.558828597957644e-08
72400.04800076805 1.242406740649679e-08
72450.04800076805 8.920327326369995e-09
72500.04800076805 1.3306545056638888e-08
72550.04800076805 4.500185005540464e-09
72600.04800076805 8.634532583811006e-09
72650.04800076805 1.723426302126515e-08
72700.04800076805 9.43536723102695e-09
72750.04800076805 9.660204735883713e-09
72800.04800076805 5.1428702235194324e-09
72850.04800076805 7.553203575913206e-09
72900.04800076805 1.7653539525572488e-08
72950.04800076805 1.0503203237145164e-08
73000.04800076805 1.1172169751881263e-08
73050.04800076805 4.867343524927968e-09
73100.04800076805 6.8836272924227775e-09
73150.04800076805 1.829949993339008e-08
73200.04800076805 5.7573396009817606e-09
73250.04800076805 8.453689066094334e-09
73300.04800076805 6.03099659884564e-09
73350.04800076805 3.91109708395421e-09
73400.04800076805 8.639389444242505e-09
73450.04800076805 4.193559468622549e-09
73500.04800076805 3.3947482157391484e-09
73550.04800076805 6.572905137791785e-09
73600.04800076805 6.385461100677582e-09
73650.04800076805 7.765330290703347e-09
73700.04800076805 7.101177711827018e-09
73750.04800076805 1.9959345000803345e-09
73800.04800076805 6.492081515371003e-09
73850.04800076805 9.656703096140153e-09
73900.04800076805 4.55070204989222e-09
73950.04800076805 5.150126012854909e-09
74000.04800076805 2.047081085113572e-09
74050.04800076805 1.1226868522895057e-08
74100.04800076805 7.649159755902883e-09
74150.04800076805 7.468374844771855e-09
74200.04800076805 3.399877593912944e-09
74250.04800076805 4.971875901333151e-10
74300.04800076805 6.575615752813845e-09
74350.04800076805 1.1024556262407436e-08
74400.04800076805 9.996595459266042e-09
74450.04800076805 3.217552727019419e-09
74500.04800076805 1.6318992967026681e-09
74550.04800076805 4.573412514538581e-09
74600.04800076805 6.458021143256653e-09
74650.04800076805 6.808835099675084e-09
74700.04800076805 4.222318785166229e-09
74750.04800076805 1.955208898487169e-09
74800.04800076805 3.292110191567948e-09
74850.04800076805 4.242628115972065e-09
74900.04800076805 9.969894487904544e-09
74950.04800076805 9.286322105014e-09
75000.04800076805 3.642014951500627e-09
75050.04800076805 5.275218606923097e-10
75100.04800076805 8.339737856082435e-09
75150.04800076805 1.145763771080267e-08
75200.04800076805 1.2541301735928651e-08
75250.04800076805 1.1566066184306526e-08
75300.04800076805 7.651846594489707e-09
75350.04800076805 1.847813149758495e-09
75400.04800076805 1.1936854244856427e-08
75450.04800076805 1.144567020540794e-08
75500.04800076805 1.1840490118701893e-08
75550.04800076805 1.037059258995478e-08
75600.04800076805 1.213068675371856e-08
75650.04800076805 6.131143354709775e-09
75700.04800076805 1.4771016790506068e-08
75750.04800076805 6.292658667313671e-09
75800.04800076805 1.176894002408582e-08
75850.04800076805 1.356089279909181e-08
75900.04800076805 1.4657415790693514e-08
75950.04800076805 5.729866399760854e-09
76000.04800076805 1.6206900767507438e-08
76050.04800076805 1.6335533570435253e-08
76100.04800076805 1.3326325276609772e-08
76150.04800076805 1.555956766740688e-08
76200.04800076805 1.3084312302604362e-08
76250.04800076805 6.446577149972075e-09
76300.04800076805 1.9996256638458305e-08
76350.04800076805 2.4580419251128726e-08
76400.04800076805 1.952477138882223e-08
76450.04800076805 1.4081929372861355e-08
76500.04800076805 8.138924780596699e-09
76550.04800076805 2.8087766966628685e-09
76600.04800076805 4.965679671206873e-10
76650.04800076805 4.982802602014884e-10
76700.04800076805 9.257487841244444e-10
76750.04800076805 1.1457836517119885e-09
76800.04800076805 2.608621567277147e-09
76850.04800076805 7.675780039513102e-10
76900.04800076805 7.81935424894422e-10
76950.04800076805 3.0123536101267005e-09
77000.04800076805 5.616103696082691e-09
77050.04800076805 8.776930025263585e-10
77100.04800076805 8.302002916576319e-10
77150.04800076805 6.539403100693099e-09
77200.04800076805 3.2079805433664144e-09
77250.04800076805 2.134279071520199e-09
77300.04800076805 5.668659142462274e-09
77350.04800076805 2.1114100875083534e-09
77400.04800076805 2.167971247015293e-09
77450.04800076805 7.065795177188328e-09
77500.04800076805 5.234454594283387e-09
77550.04800076805 3.679268427005602e-09
77600.04800076805 1.5638405855959754e-09
77650.04800076805 2.3782266603858007e-09
77700.04800076805 1.9076755490147146e-09
77750.04800076805 7.423970520212644e-09
77800.04800076805 8.17270452939492e-09
77850.04800076805 1.5473466024388026e-08
77900.04800076805 6.055080924925312e-09
77950.04800076805 9.495458806059834e-10
78000.04800076805 3.5331758346473135e-09
78050.04800076805 5.934902369151308e-09
78100.04800076805 6.541963100776373e-09
78150.04800076805 1.340462980127623e-08
78200.04800076805 1.3291961085931673e-08
78250.04800076805 1.1297641914466639e-08
78300.04800076805 4.1384241433223644e-09
78350.04800076805 9.43535953529671e-09
78400.04800076805 3.2520433650144197e-09
78450.04800076805 8.728370230916477e-09
78500.04800076805 1.3082862758598012e-08
78550.04800076805 2.0468851325272085e-08
78600.04800076805 1.3586042377582557e-08
78650.04800076805 1.2331703713585647e-09
78700.04800076805 2.9218213922335017e-09
78750.04800076805 5.559502630947743e-09
78800.04800076805 5.939819389368321e-09
78850.04800076805 1.7996519886742992e-09
78900.04800076805 6.981463833677933e-09
78950.04800076805 1.2082450017602405e-08
79000.04800076805 8.777124901433443e-09
79050.04800076805 5.667600382975631e-09
79100.04800076805 7.079861811235748e-09
79150.04800076805 6.541869620695794e-09
79200.04800076805 9.010348314966852e-09
79250.04800076805 4.064953209537563e-09
79300.04800076805 3.6502737914534103e-09
79350.04800076805 6.439743217012257e-09
79400.04800076805 3.679474612262451e-09
79450.04800076805 1.274910435485231e-08
79500.04800076805 1.9633171121286144e-08
79550.04800076805 1.2561213398673506e-08
79600.04800076805 6.0151024452155385e-09
79650.04800076805 1.115076190292328e-08
79700.04800076805 9.116051670633155e-09
79750.04800076805 8.813620113344678e-09
79800.04800076805 3.5151054285649107e-09
79850.04800076805 1.0751967683197304e-08
79900.04800076805 1.9948909031071084e-08
79950.04800076805 1.5619249857610906e-08
