galfind/configs/Brown_Dwarf_templates/sonora_cholla/logkzz2/56g/600K_56g_logkzz2_resample.dat
# %ECSV 1.0
# ---
# datatype:
# - {name: wav, unit: Angstrom, datatype: float64}
# - {name: flux_nu, unit: erg / (cm2 Hz s), datatype: float64}
# schema: astropy-2.0
wav flux_nu
[from data line 418]
23900.04800076804 1.9477070798480005e-10
23950.04800076804 1.5725810651422566e-10
24000.04800076804 2.5828312729573895e-10
24050.04800076804 3.66472741660467e-10
24100.04800076804 3.0954093280811394e-10
24150.04800076804 4.2166884782380697e-10
24200.04800076804 3.401362775212979e-10
24250.04800076804 1.888221311487187e-10
24300.04800076804 4.4061456092139213e-10
24350.04800076804 3.0463722920702166e-10
24400.04800076804 6.183631960603194e-10
24450.04800076804 6.637979078017794e-10
24500.04800076804 6.781825417783712e-10
24550.04800076804 9.971622823122665e-10
24600.04800076804 1.2633202499209009e-09
24650.04800076804 1.3597935446821404e-09
24700.04800076804 1.0828557301530867e-09
24750.04800076804 1.1798479785230865e-09
24800.04800076804 1.1723509037186788e-09
24850.04800076804 1.7745396090178379e-09
24900.04800076804 8.329789526017894e-10
24950.04800076804 1.5090960716108639e-09
25000.04800076804 1.738150453921756e-09
25050.04800076804 1.0486467566567255e-09
25100.04800076804 1.4185052248334495e-09
25150.04800076804 6.797723938791419e-10
25200.04800076804 1.0956899149044353e-09
25250.04800076804 4.6193528591460135e-10
25300.04800076804 7.592745223531913e-10
25350.04800076804 3.0113881605415003e-10
25400.04800076804 7.956395152596302e-10
25450.04800076804 3.2421042270412267e-10
25500.04800076804 2.549152209166722e-10
25550.04800076804 5.247691451341003e-10
25600.04800076804 1.1231265933728203e-10
25650.04800076804 1.3799875002018078e-10
25700.04800076804 1.9166727612051629e-10
25750.04800076804 7.453456622960515e-11
25800.04800076804 3.2817694546215924e-10
25850.04800076804 6.18058541878568e-11
25900.04800076804 1.0380066455314462e-10
25950.04800076804 3.164664363010599e-11
26000.04800076804 2.708125066362463e-10
26050.04800076804 4.7287967928364565e-11
26100.04800076804 2.2656706885590496e-10
26150.04800076804 1.1172959358544304e-10
26200.04800076804 1.217206943203219e-10
26250.04800076804 6.794118944151714e-10
26300.04800076804 1.9085865342000433e-10
26350.04800076804 8.48110250488698e-10
26400.04800076804 1.3250462119955852e-09
26450.04800076804 1.0560730823384774e-09
26500.04800076804 1.5776510558012624e-09
26550.04800076804 3.6893677733592804e-10
26600.04800076804 3.577881594673745e-10
26650.04800076804 8.233087991429655e-11
26700.04800076804 2.9485573804268075e-11
26750.04800076804 6.037543343060949e-11
26800.04800076804 1.2649731129358807e-10
26850.04800076804 8.40426140986141e-11
26900.04800076804 3.775506755545082e-10
26950.04800076804 1.2091389692621504e-10
27000.04800076804 5.534305013617817e-10
27050.04800076804 5.69229288450072e-10
27100.04800076804 1.442847724640303e-10
27150.04800076804 7.783805799219881e-10
27200.04800076804 1.1779968820434468e-10
27250.04800076804 3.4021408825236633e-10
27300.04800076804 2.299585368706322e-09
27350.04800076804 8.358041618516896e-10
27400.04800076804 5.225405930280064e-11
27450.04800076804 1.1856956266806906e-09
27500.04800076804 1.5444871505154026e-09
27550.04800076804 2.525352370095435e-10
27600.04800076804 7.096726001002816e-10
27650.04800076804 1.9489847434018987e-10
27700.04800076804 1.4942333564283794e-10
27750.04800076804 8.940204850560318e-10
27800.04800076804 3.000826821093626e-10
27850.04800076804 4.2814201129717977e-10
27900.04800076804 5.699368835806324e-10
27950.04800076804 1.2964466162250757e-09
28000.04800076804 1.0496131708671466e-09
28050.04800076804 2.0816543217527124e-10
28100.04800076804 1.6949360169312912e-09
28150.04800076804 1.0069423989702037e-09
28200.04800076804 2.385631675900842e-10
28250.04800076804 1.8728049787162693e-09
28300.04800076804 2.894009460183266e-09
28350.04800076804 4.089925722280272e-10
28400.04800076804 1.5533397624074638e-09
28450.04800076804 3.0239616794435403e-09
28500.04800076804 1.4873550219306603e-09
28550.04800076804 3.484235103442762e-10
28600.04800076804 2.2647209033331804e-09
28650.04800076804 2.4099122273557747e-09
28700.04800076804 2.0084941529854264e-09
28750.04800076804 4.1002391592492354e-09
28800.04800076804 3.153440380584422e-09
28850.04800076804 4.021505345445969e-09
28900.04800076804 1.7490946939006777e-09
28950.04800076804 5.751076040708677e-09
29000.04800076804 3.1884329210670246e-09
29050.04800076804 3.736419783576412e-09
29100.04800076804 2.7092333343773475e-09
29150.04800076804 5.994415792586878e-09
29200.04800076804 3.934567586238798e-09
29250.04800076804 5.495236358492473e-09
29300.04800076804 3.21464369639109e-09
29350.04800076804 1.4639427489525715e-08
29400.04800076804 3.552605267864665e-09
29450.04800076804 4.621986762866929e-09
29500.04800076804 7.431121797294244e-09
29550.04800076804 4.445930348121822e-09
29600.04800076804 7.946808337414332e-09
29650.04800076804 9.29060910740268e-09
29700.04800076804 3.884193876297066e-09
29750.04800076804 6.8339887312869386e-09
29800.04800076804 7.799576829095374e-09
29850.04800076804 1.1245269830444183e-08
29900.04800076804 1.1393932192389638e-08
29950.04800076804 7.935434813169117e-09
30000.04800076804 3.086654826710755e-09
30050.04800076804 4.4859973441462045e-09
30100.04800076804 7.75368974847537e-09
30150.04800076804 1.0185705457993075e-08
30200.04800076804 6.423990610516484e-09
30250.04800076804 1.4180271196857889e-08
30300.04800076804 1.2880126195121453e-08
30350.04800076804 7.785227862889403e-09
30400.04800076804 1.2447996499692734e-08
30450.04800076804 9.343667505218612e-09
30500.04800076804 7.9030905735819e-09
30550.04800076804 6.202588521947846e-09
30600.04800076804 1.260250672153097e-08
30650.04800076804 9.338740986420868e-09
30700.04800076804 7.08138345976932e-09
30750.04800076804 8.490994792262478e-09
30800.04800076804 6.227027800586733e-09
30850.04800076804 7.932000709554371e-09
30900.04800076804 6.685357806359032e-09
30950.04800076804 3.7895304981783585e-09
31000.04800076804 5.649213779935682e-09
31050.04800076804 4.745800901652656e-09
31100.04800076804 2.9904227205442433e-09
31150.04800076804 4.0625263950790696e-09
31200.04800076804 5.103335972873269e-09
31250.04800076804 3.123722215232331e-09
31300.04800076804 2.3723858470719116e-09
31350.04800076804 3.35406036563317e-09
31400.04800076804 1.66388909037635e-09
31450.04800076804 3.067528848713613e-09
31500.04800076804 1.3647860769729478e-09
31550.04800076804 1.8167640584008472e-09
31600.04800076804 1.0812054437720588e-09
31650.04800076804 1.1291792305309994e-09
31700.04800076804 1.3845979288446262e-09
31750.04800076804 4.995708995234705e-10
31800.04800076804 1.3232186500778157e-09
31850.04800076804 4.35012087140181e-10
31900.04800076804 8.479624412030187e-10
31950.04800076804 5.247733258894716e-10
32000.04800076804 5.445799639401347e-10
32050.04800076804 3.958939492985079e-10
32100.04800076804 3.3874468609993675e-10
32150.04800076804 4.809065050610668e-10
32200.04800076804 2.604804795272926e-10
32250.04800076804 7.835238841290602e-10
32300.04800076804 2.0249029658460453e-10
32350.04800076804 7.548548182898407e-10
32400.04800076804 2.1616043852794212e-10
32450.04800076804 4.6103464362427526e-10
32500.04800076804 2.7917447113880394e-10
32550.04800076804 5.204907904795698e-10
32600.04800076804 2.9694147766704714e-10
32650.04800076804 9.364638868690979e-10
32700.04800076804 4.811889200593885e-10
32750.04800076804 1.4483579299194504e-09
32800.04800076804 8.023240041216147e-10
32850.04800076804 2.1205694747598687e-09
32900.04800076804 1.7367063261406998e-09
32950.04800076804 2.3192139653980435e-09
33000.04800076804 1.1825226922667916e-09
33050.04800076804 1.3656408253651904e-09
33100.04800076804 4.2750051244551054e-10
33150.04800076804 1.903135466656096e-12
33200.04800076804 1.7015500660592832e-11
33250.04800076804 1.8260921100560775e-11
33300.04800076804 5.7505944321091753e-11
33350.04800076804 2.1507553888262776e-10
33400.04800076804 5.37687992220291e-10
33450.04800076804 4.2161514809401735e-10
33500.04800076804 1.2152239171855613e-09
33550.04800076804 6.448030254205044e-10
33600.04800076804 9.63199888389191e-10
33650.04800076804 7.459647946627319e-10
33700.04800076804 5.449551776327837e-10
33750.04800076804 1.2431864241140503e-09
33800.04800076804 3.179717435537298e-10
33850.04800076804 7.820755449854135e-10
33900.04800076804 8.693003806732682e-10
33950.04800076804 7.798907715624402e-10
34000.04800076804 1.36869669538105e-09
34050.04800076804 3.0374344145882307e-10
34100.04800076804 1.163840532107414e-09
34150.04800076804 6.123191616455151e-10
34200.04800076804 1.0686334214987607e-09
34250.04800076804 7.561592401824116e-10
34300.04800076804 7.415911871855175e-10
34350.04800076804 1.4050249062656455e-09
34400.04800076804 6.727877083441224e-10
34450.04800076804 1.4796113087678982e-09
34500.04800076804 6.462154430704317e-10
34550.04800076804 5.657867289992314e-10
34600.04800076804 1.9396600265639205e-09
34650.04800076804 5.070170180020756e-10
34700.04800076804 9.30837268412396e-10
34750.04800076804 7.549334803722555e-10
34800.04800076804 7.922833093355076e-10
34850.04800076804 1.5284979471795703e-09
34900.04800076804 1.0259361328387248e-09
34950.04800076804 1.0612061635744846e-09
35000.04800076804 2.4994093817024542e-09
35050.04800076804 1.4173643435739902e-09
35100.04800076804 2.5752480163659694e-09
35150.04800076804 2.076676045359213e-09
35200.04800076804 2.819873416292428e-09
35250.04800076804 3.051359240313707e-09
35300.04800076804 1.9346844953889433e-09
35350.04800076804 3.0320876671095052e-09
35400.04800076804 2.4134125213851324e-09
35450.04800076804 1.9586736563497694e-09
35500.04800076804 6.2796061152923585e-09
35550.04800076804 3.3232334270429233e-09
35600.04800076804 4.2496984745308615e-09
35650.04800076804 4.387996769124069e-09
35700.04800076804 3.030273858766324e-09
35750.04800076804 6.9080846838174755e-09
35800.04800076804 4.024071739522139e-09
35850.04800076804 2.325362910814353e-09
35900.04800076804 4.228045842031504e-09
35950.04800076804 3.7502903449452775e-09
36000.04800076804 1.6706553733514527e-09
36050.04800076804 3.5112838515879054e-09
36100.04800076804 3.0965314209232953e-09
36150.04800076804 5.195135335831503e-09
36200.04800076804 4.376878958162349e-09
36250.04800076804 5.0628879665723066e-09
36300.04800076804 6.3416613001321175e-09
36350.04800076804 4.8076904193442015e-09
36400.04800076804 8.727438755205801e-09
36450.04800076804 6.946027012323797e-09
36500.04800076804 8.231403291688369e-09
36550.04800076804 1.0552193444365827e-08
36600.04800076804 1.154287855979983e-08
36650.04800076804 1.1384275727149098e-08
36700.04800076804 1.3602779710086988e-08
36750.04800076804 1.4321955136346546e-08
36800.04800076804 1.2009783385878272e-08
36850.04800076804 8.11356164374241e-09
36900.04800076804 1.191171688446017e-08
36950.04800076804 1.2603528461065631e-08
37000.04800076804 1.0812641533591977e-08
37050.04800076804 1.5316825526102627e-08
37100.04800076804 1.4309506163233433e-08
37150.04800076804 1.3929495253130013e-08
37200.04800076804 1.1792573857654939e-08
37250.04800076804 1.0752934820747052e-08
37300.04800076804 1.0440136935649997e-08
37350.04800076804 1.5975764953520382e-08
37400.04800076804 1.7369971157591492e-08
37450.04800076804 1.1610607716633495e-08
37500.04800076804 1.3577866783724131e-08
37550.04800076804 2.1650049854553896e-08
37600.04800076804 2.7771165761648847e-08
37650.04800076804 1.625768773160782e-08
37700.04800076804 2.1099510156962907e-08
37750.04800076804 1.294047610699195e-08
37800.04800076804 1.5168927062178755e-08
37850.04800076804 1.0843475295933477e-08
37900.04800076804 1.490093586001359e-08
37950.04800076804 2.037229665765045e-08
38000.04800076804 2.468757670778749e-08
38050.04800076804 2.7386939426317052e-08
38100.04800076804 2.755988759619853e-08
38150.04800076804 3.009613013011528e-08
38200.04800076804 3.0093078051180995e-08
38250.04800076804 3.0365089698894474e-08
38300.04800076804 5.031324122305156e-08
38350.04800076804 4.319062619390924e-08
38400.04800076804 2.1958957887433694e-08
38450.04800076804 1.8923864038994648e-08
38500.04800076804 9.1271334411401e-09
38550.04800076804 1.8208553995873373e-08
38600.04800076804 2.3433236883104525e-08
38650.04800076804 3.3542930110682333e-08
38700.04800076804 2.661619156848604e-08
38750.04800076804 3.1283689508511724e-08
38800.04800076804 2.2542149905606204e-08
38850.04800076804 3.936320623863943e-08
38900.04800076804 3.924236136384501e-08
38950.04800076804 2.7964522084483287e-08
39000.04800076804 4.688793355361124e-08
39050.04800076804 3.204036644150005e-08
39100.04800076804 4.4931880669788474e-08
39150.04800076804 3.791449333716753e-08
39200.04800076804 2.9174231632454016e-08
39250.04800076804 4.408546365275576e-08
39300.04800076804 4.07375416342608e-08
39350.04800076804 6.853291517516527e-08
39400.04800076804 4.6161624357055224e-08
39450.04800076804 4.964509779192142e-08
39500.04800076804 4.9719587230567055e-08
39550.04800076804 4.175740857428034e-08
39600.04800076804 5.7511550238217304e-08
39650.04800076804 7.342619018186204e-08
39700.04800076804 4.621270658735017e-08
39750.04800076804 3.2178233086799017e-08
39800.04800076804 4.264553101211984e-08
39850.04800076804 6.284474402736643e-08
39900.04800076804 6.891475354059833e-08
39950.04800076804 5.5343235415208364e-08
40000.04800076804 7.750872429780424e-08
40050.04800076804 6.608659058969057e-08
40100.04800076804 3.592025865728967e-08
40150.04800076804 7.785645716261586e-08
40200.04800076804 7.823311759804418e-08
40250.04800076804 7.401798741426469e-08
40300.04800076804 8.717968806166104e-08
40350.04800076804 5.095470188699398e-08
40400.04800076804 7.924298074122398e-08
40450.04800076804 5.756687393408844e-08
40500.04800076804 9.780438467806811e-08
40550.04800076804 8.651716632749744e-08
40600.04800076804 7.731362125608951e-08
40650.04800076804 7.512023057002293e-08
40700.04800076804 1.248976114082869e-07
40750.04800076804 9.925667017745099e-08
40800.04800076804 6.476250768419353e-08
40850.04800076804 1.277104440400989e-07
40900.04800076804 9.669157242558736e-08
40950.04800076804 7.61105456263529e-08
41000.04800076804 9.868335519306104e-08
41050.04800076804 1.2999414271802052e-07
41100.04800076804 7.319482236633233e-08
41150.04800076804 5.5856418635990925e-08
41200.04800076804 1.3593242753696972e-07
41250.04800076804 1.0140215518616478e-07
41300.04800076804 9.411396220494754e-08
41350.04800076804 1.4178790767346526e-07
41400.04800076804 1.1063123052525549e-07
41450.04800076804 1.3088497138386945e-07
41500.04800076804 9.024092266661915e-08
41550.04800076804 8.471164273629224e-08
41600.04800076804 1.2124232690020683e-07
41650.04800076804 1.2349603611540451e-07
41700.04800076804 1.149089125312877e-07
41750.04800076804 1.0281387684009033e-07
41800.04800076804 1.4443307802495653e-07
41850.04800076804 9.211959512607452e-08
41900.04800076804 9.348399685212046e-08
41950.04800076804 1.104597959490232e-07
42000.04800076804 1.3249178698643163e-07
42050.04800076804 1.18290213078785e-07
42100.04800076804 1.4577710591822075e-07
42150.04800076804 1.1154947716938201e-07
42200.04800076804 1.2623613497028768e-07
42250.04800076804 9.81340229018716e-08
42300.04800076804 1.0615743276899286e-07
42350.04800076804 1.302695995982289e-07
42400.04800076804 1.2987522331421942e-07
42450.04800076804 1.3279480613566077e-07
42500.04800076804 1.1520341804169198e-07
42550.04800076804 1.1512417384687884e-07
42600.04800076804 1.0908857586715e-07
42650.04800076804 1.816175679651183e-07
42700.04800076804 9.094169990209051e-08
42750.04800076804 1.0854597692579332e-07
42800.04800076804 1.1051179202887814e-07
42850.04800076804 1.3048524581658757e-07
42900.04800076804 1.4982830123310025e-07
42950.04800076804 1.1626120122621463e-07
43000.04800076804 1.54652461197949e-07
43050.04800076804 7.06248378880602e-08
43100.04800076804 9.838052655878037e-08
43150.04800076804 1.1904910325661664e-07
43200.04800076804 1.4538349177606152e-07
43250.04800076804 1.8100037456292722e-07
43300.04800076804 1.8387972942155898e-07
43350.04800076804 1.0346067513151988e-07
43400.04800076804 1.367037506581101e-07
43450.04800076804 8.46067921188026e-08
43500.04800076804 9.421766342296327e-08
43550.04800076804 1.1136268122695529e-07
