galfind/configs/Brown_Dwarf_templates/sonora_cholla/logkzz2/56g/600K_56g_logkzz2_resample.dat
# %ECSV 1.0
# ---
# datatype:
# - {name: wav, unit: Angstrom, datatype: float64}
# - {name: flux_nu, unit: erg / (cm2 Hz s), datatype: float64}
# schema: astropy-2.0
wav flux_nu
[from data line 1210]
63500.04800076804 1.6724007632932334e-08
63550.04800076804 2.4282988266516762e-08
63600.04800076804 2.4662764575782198e-08
63650.04800076804 1.2906974698106012e-08
63700.04800076804 4.072294733075252e-09
63750.04800076804 1.1777590295065153e-08
63800.04800076804 3.068930033693055e-08
63850.04800076804 2.0861716151402243e-08
63900.04800076804 5.8779820611363275e-09
63950.04800076804 1.6654050060582954e-08
64000.04800076804 2.054334322402417e-08
64050.04800076804 7.259779269835596e-09
64100.04800076804 1.5747480886251031e-09
64150.04800076804 2.528612061991355e-09
64200.04800076804 3.0607411042769343e-09
64250.04800076804 1.080098330668825e-08
64300.04800076804 8.207482419022987e-09
64350.04800076804 5.329254686696215e-09
64400.04800076804 1.573104888297424e-08
64450.04800076804 1.9270984347093345e-08
64500.04800076804 6.6653425080140075e-09
64550.04800076804 1.4935605253571868e-08
64600.04800076804 6.001022403685197e-09
64650.04800076804 1.2313462807673799e-08
64700.04800076804 3.585241071062257e-09
64750.04800076804 7.619228814266322e-09
64800.04800076804 4.614060179750321e-09
64850.04800076804 2.606378518168038e-09
64900.04800076804 2.4657969709748413e-09
64950.04800076804 2.357907302952586e-09
65000.04800076804 4.2862955466614645e-09
65050.04800076804 8.017026835098425e-09
65100.04800076804 1.3575775891567211e-08
65150.04800076804 4.976456652023991e-09
65200.04800076804 2.2058984443389144e-09
65250.04800076804 9.546041548462899e-09
65300.04800076804 9.12700428817983e-09
65350.04800076804 2.565663871618718e-08
65400.04800076804 9.035898610639786e-09
65450.04800076804 9.501893276762315e-09
65500.04800076804 1.1909607417133755e-08
65550.04800076805 4.3270446596184245e-09
65600.04800076805 1.1006542539873707e-08
65650.04800076805 6.401217159283422e-09
65700.04800076805 5.807356329276583e-09
65750.04800076805 3.8275512433378895e-09
65800.04800076805 9.301189367887198e-09
65850.04800076805 1.2961538606342484e-08
65900.04800076805 3.13320237232577e-09
65950.04800076805 6.32236511919991e-09
66000.04800076805 8.658494706670572e-09
66050.04800076805 2.1266315618344687e-08
66100.04800076805 1.0357764685324552e-08
66150.04800076805 8.687504247108688e-09
66200.04800076805 8.524660418614455e-09
66250.04800076805 5.2037081164966104e-09
66300.04800076805 1.8117834853478136e-09
66350.04800076805 1.4743245094460996e-09
66400.04800076805 3.2192774844726797e-09
66450.04800076805 1.1447402728812894e-08
66500.04800076805 1.7506123043479125e-08
66550.04800076805 1.938663887966397e-08
66600.04800076805 1.453568084900057e-08
66650.04800076805 8.787990558409916e-09
66700.04800076805 6.746750867516511e-09
66750.04800076805 7.000491128414426e-09
66800.04800076805 8.748046735555882e-09
66850.04800076805 5.209798077827491e-09
66900.04800076805 2.1682152167070443e-08
66950.04800076805 2.081694892617172e-08
67000.04800076805 2.1175868198443238e-08
67050.04800076805 1.175925401403449e-08
67100.04800076805 5.944807417905154e-09
67150.04800076805 7.045394362107306e-09
67200.04800076805 1.2278607070156171e-08
67250.04800076805 1.1781139994284418e-08
67300.04800076805 1.960249409082625e-08
67350.04800076805 8.4406369666773e-09
67400.04800076805 2.243538599313121e-08
67450.04800076805 1.2926794379680266e-08
67500.04800076805 1.1868718841698651e-08
67550.04800076805 2.5606190425618054e-08
67600.04800076805 4.331639358390173e-08
67650.04800076805 3.1569963976736206e-08
67700.04800076805 1.5985059080688616e-08
67750.04800076805 9.7776927950221e-09
67800.04800076805 1.5338675934816346e-08
67850.04800076805 6.031695442996584e-09
67900.04800076805 7.718975106584778e-09
67950.04800076805 6.211307983250934e-09
68000.04800076805 1.4125370808044785e-08
68050.04800076805 2.032019360734886e-08
68100.04800076805 3.201234871634154e-08
68150.04800076805 2.4974333726520355e-08
68200.04800076805 1.7812584315370085e-08
68250.04800076805 3.233407078547817e-09
68300.04800076805 1.7713895527798973e-08
68350.04800076805 1.2258967173179544e-08
68400.04800076805 3.566227546291688e-08
68450.04800076805 2.7742490986707134e-08
68500.04800076805 1.6348457579433215e-08
68550.04800076805 6.084820384038241e-09
68600.04800076805 6.230285095216519e-09
68650.04800076805 2.8612222337292098e-09
68700.04800076805 8.666834547014548e-09
68750.04800076805 1.635410891688431e-08
68800.04800076805 1.877722576378913e-08
68850.04800076805 6.2821184278347775e-09
68900.04800076805 2.8589465944520472e-08
68950.04800076805 2.800418790128963e-08
69000.04800076805 1.8149801768902042e-08
69050.04800076805 8.430138747509078e-09
69100.04800076805 2.6557186830997873e-08
69150.04800076805 3.945646849177123e-08
69200.04800076805 2.7186788018479965e-08
69250.04800076805 3.780696452526176e-08
69300.04800076805 1.8804905804104634e-08
69350.04800076805 4.24370915785997e-08
69400.04800076805 1.279528633027157e-08
69450.04800076805 3.6859578833946935e-08
69500.04800076805 1.6668297994097894e-08
69550.04800076805 1.2707964841717917e-08
69600.04800076805 3.137102624043145e-09
69650.04800076805 1.2284499177411854e-08
69700.04800076805 2.4659872321568037e-08
69750.04800076805 1.5901939761652105e-08
69800.04800076805 2.7424429771272946e-08
69850.04800076805 2.693356190309483e-08
69900.04800076805 1.5372291087626353e-08
69950.04800076805 1.572975521332859e-08
70000.04800076805 1.8380795710841403e-08
70050.04800076805 3.81870279998333e-08
70100.04800076805 2.6966886947843066e-08
70150.04800076805 1.840743778310281e-08
70200.04800076805 1.250549809443658e-08
70250.04800076805 1.9299276898077424e-08
70300.04800076805 3.588660946298977e-08
70350.04800076805 2.4594859615172773e-08
70400.04800076805 1.1997850888340277e-08
70450.04800076805 1.937107896251384e-09
70500.04800076805 9.886081780865224e-09
70550.04800076805 1.0448137992103303e-08
70600.04800076805 9.79396226195647e-09
70650.04800076805 2.7968923747236345e-08
70700.04800076805 2.723201697008923e-08
70750.04800076805 3.9053661057984826e-08
70800.04800076805 1.6309630690670546e-08
70850.04800076805 1.8550055502853055e-08
70900.04800076805 2.186835096630702e-08
70950.04800076805 3.332488155666732e-08
71000.04800076805 2.8113565328743194e-08
71050.04800076805 2.8709434643826413e-08
71100.04800076805 1.851303628488253e-08
71150.04800076805 1.6116127825418904e-08
71200.04800076805 1.3985177670189022e-08
71250.04800076805 2.2200861744616612e-08
71300.04800076805 3.258927996155938e-08
71350.04800076805 3.5644531410068474e-08
71400.04800076805 2.6760981402625082e-08
71450.04800076805 1.0122194661769815e-08
71500.04800076805 1.1063070128264836e-08
71550.04800076805 1.5650542899404387e-08
71600.04800076805 1.6234646696084965e-08
71650.04800076805 1.1728425805626014e-08
71700.04800076805 8.036002022684302e-09
71750.04800076805 1.7975332785420717e-08
71800.04800076805 2.8144595581862184e-08
71850.04800076805 2.6550389415622386e-08
71900.04800076805 1.3462496389085125e-08
71950.04800076805 1.844153529407269e-08
72000.04800076805 1.759377587132565e-08
72050.04800076805 8.929559847611273e-09
72100.04800076805 1.004169897050573e-08
72150.04800076805 8.91642590692778e-09
72200.04800076805 1.9638592050748375e-08
72250.04800076805 2.5446864556675227e-08
72300.04800076805 1.6786911862309727e-08
72350.04800076805 2.2191871057829086e-08
72400.04800076805 1.6902201959375198e-08
72450.04800076805 1.2688332243892699e-08
72500.04800076805 1.85727856579999e-08
72550.04800076805 6.711096269291958e-09
72600.04800076805 1.2135376505146349e-08
72650.04800076805 2.3872004608346846e-08
72700.04800076805 1.490269632456067e-08
72750.04800076805 1.4920337811671924e-08
72800.04800076805 8.478382641889491e-09
72850.04800076805 1.1209073139268343e-08
72900.04800076805 2.4666845980795003e-08
72950.04800076805 1.596648689241539e-08
73000.04800076805 1.6596599096406303e-08
73050.04800076805 8.08307461421213e-09
73100.04800076805 1.0409481282680878e-08
73150.04800076805 2.675316725598818e-08
73200.04800076805 8.74391950368908e-09
73250.04800076805 1.3305031113673802e-08
73300.04800076805 1.0040624449591827e-08
73350.04800076805 6.672015596049334e-09
73400.04800076805 1.3431319614008008e-08
73450.04800076805 6.795784376204955e-09
73500.04800076805 5.487819540518981e-09
73550.04800076805 1.0864224541307452e-08
73600.04800076805 9.34176185709248e-09
73650.04800076805 1.230775332994072e-08
73700.04800076805 1.1697790575057867e-08
73750.04800076805 3.816155941478078e-09
73800.04800076805 1.051641728115318e-08
73850.04800076805 1.4537610168135544e-08
73900.04800076805 8.274871146642213e-09
73950.04800076805 8.818927641510057e-09
74000.04800076805 4.106025641028073e-09
74050.04800076805 1.8122380442685078e-08
74100.04800076805 1.2026837493517884e-08
74150.04800076805 1.162409835868545e-08
74200.04800076805 6.391407061460251e-09
74250.04800076805 1.1907043040934356e-09
74300.04800076805 1.0325362202415594e-08
74350.04800076805 1.7185385154872687e-08
74400.04800076805 1.6069138678383897e-08
74450.04800076805 5.688269363021265e-09
74500.04800076805 3.4054089840037243e-09
74550.04800076805 8.227153554049163e-09
74600.04800076805 1.0353055292734687e-08
74650.04800076805 1.074373112384906e-08
74700.04800076805 6.71374075726443e-09
74750.04800076805 3.820176360294039e-09
74800.04800076805 6.333763817222264e-09
74850.04800076805 6.189112102769706e-09
74900.04800076805 1.5558123704055045e-08
74950.04800076805 1.5417525318283916e-08
75000.04800076805 6.422730626016986e-09
75050.04800076805 1.5579659019320864e-09
75100.04800076805 1.4158756896182527e-08
75150.04800076805 1.7183077317658892e-08
75200.04800076805 1.903633619544595e-08
75250.04800076805 1.862277633838987e-08
75300.04800076805 1.3531744094359485e-08
75350.04800076805 4.09641534153193e-09
75400.04800076805 1.9229856731616914e-08
75450.04800076805 1.7274552096788212e-08
75500.04800076805 1.67860376175451e-08
75550.04800076805 1.6535884588758357e-08
75600.04800076805 2.016107979723162e-08
75650.04800076805 1.0567749828560421e-08
75700.04800076805 2.0915522863622134e-08
75750.04800076805 9.350416752166987e-09
75800.04800076805 1.7728689642277277e-08
75850.04800076805 2.105006807492121e-08
75900.04800076805 2.1864953165920055e-08
75950.04800076805 9.30608940839865e-09
76000.04800076805 2.2719832229051622e-08
76050.04800076805 2.34054890504945e-08
76100.04800076805 1.9569726041597852e-08
76150.04800076805 2.2825292912726653e-08
76200.04800076805 2.046295013820099e-08
76250.04800076805 1.1962516916161126e-08
76300.04800076805 3.0064123820386224e-08
76350.04800076805 3.7269666626442726e-08
76400.04800076805 2.95442743519326e-08
76450.04800076805 2.2781630625541544e-08
76500.04800076805 1.3616635691895854e-08
76550.04800076805 5.7379216996189995e-09
76600.04800076805 1.1953509472128324e-09
76650.04800076805 1.3122720203860462e-09
76700.04800076805 2.1629156954474234e-09
76750.04800076805 2.3329507676807917e-09
76800.04800076805 5.23091350111719e-09
76850.04800076805 1.3359142680414857e-09
76900.04800076805 1.4255967615741391e-09
76950.04800076805 5.267455265829977e-09
77000.04800076805 8.25594293491828e-09
77050.04800076805 1.996859583098845e-09
77100.04800076805 1.956667671948123e-09
77150.04800076805 9.968439614034783e-09
77200.04800076805 5.484878764409811e-09
77250.04800076805 4.652615306281517e-09
77300.04800076805 8.815442250126786e-09
77350.04800076805 3.319588895911947e-09
77400.04800076805 3.4172751297208096e-09
77450.04800076805 9.10292910807343e-09
77500.04800076805 7.590099162117503e-09
77550.04800076805 6.326434348745815e-09
77600.04800076805 3.059495154571183e-09
77650.04800076805 4.60327123432705e-09
77700.04800076805 3.268254552345056e-09
77750.04800076805 1.1022682030407227e-08
77800.04800076805 1.1636749234102165e-08
77850.04800076805 2.2208745708462045e-08
77900.04800076805 1.016373199507107e-08
77950.04800076805 2.1230112209909766e-09
78000.04800076805 6.14892402631911e-09
78050.04800076805 9.58270749911471e-09
78100.04800076805 9.575620449342719e-09
78150.04800076805 1.9339878824589523e-08
78200.04800076805 1.8195378928823127e-08
78250.04800076805 1.7312353248100907e-08
78300.04800076805 8.33386794665237e-09
78350.04800076805 1.4868314344626907e-08
78400.04800076805 5.8643303922125196e-09
78450.04800076805 1.4805193787231243e-08
78500.04800076805 1.931622617175588e-08
78550.04800076805 2.8282982645935355e-08
78600.04800076805 1.9691578271310397e-08
78650.04800076805 2.4838871764406266e-09
78700.04800076805 5.647563439030862e-09
78750.04800076805 8.883114143363077e-09
78800.04800076805 1.0787236039445803e-08
78850.04800076805 3.6574039225770757e-09
78900.04800076805 1.1390303463058609e-08
78950.04800076805 1.7723225764123815e-08
79000.04800076805 1.3575974241656429e-08
79050.04800076805 9.342223451369423e-09
79100.04800076805 1.1081662782782098e-08
79150.04800076805 1.1069397938090988e-08
79200.04800076805 1.4793607167830581e-08
79250.04800076805 7.599223054758538e-09
79300.04800076805 5.9532642778556e-09
79350.04800076805 1.0548791830432025e-08
79400.04800076805 6.648197952877369e-09
79450.04800076805 1.8808661790114227e-08
79500.04800076805 2.9135442144990317e-08
79550.04800076805 1.904604173414863e-08
79600.04800076805 9.422142253948666e-09
79650.04800076805 1.6475147917067058e-08
79700.04800076805 1.465762509817256e-08
79750.04800076805 1.4508308404299912e-08
79800.04800076805 6.222777564319521e-09
79850.04800076805 1.5555070764984712e-08
79900.04800076805 2.940399958137436e-08
79950.04800076805 2.0817031112767968e-08
