galfind/configs/Brown_Dwarf_templates/sonora_cholla/logkzz2/56g/650K_56g_logkzz2_resample.dat
# %ECSV 1.0
# ---
# datatype:
# - {name: wav, unit: Angstrom, datatype: float64}
# - {name: flux_nu, unit: erg / (cm2 Hz s), datatype: float64}
# schema: astropy-2.0
wav flux_nu
[from data line 813]
43650.04800076804 1.084727889786083e-07
43700.04800076804 2.2562563531864187e-07
43750.04800076804 2.124581125082864e-07
43800.04800076804 1.527641341640879e-07
43850.04800076804 1.7870083587708747e-07
43900.04800076804 1.3875192816860006e-07
43950.04800076804 1.1033838007928796e-07
44000.04800076804 8.512054390780298e-08
44050.04800076804 1.9328599139517535e-07
44100.04800076804 2.1424681291215165e-07
44150.04800076804 2.1341632087732762e-07
44200.04800076804 1.6896579536100195e-07
44250.04800076804 1.2426473755380587e-07
44300.04800076804 1.1265553129481682e-07
44350.04800076804 1.1155205235087952e-07
44400.04800076804 1.1239996520081529e-07
44450.04800076804 1.4936460996141495e-07
44500.04800076804 1.2904814775013943e-07
44550.04800076804 1.818052263219132e-07
44600.04800076804 1.331739839556593e-07
44650.04800076804 1.5021599909145504e-07
44700.04800076804 1.1377816613349383e-07
44750.04800076804 1.436820907503523e-07
44800.04800076804 1.0739929283515234e-07
44850.04800076804 1.411801222374168e-07
44900.04800076804 9.586495463857178e-08
44950.04800076804 9.900515322721789e-08
45000.04800076804 1.2035691761300615e-07
45050.04800076804 1.193031762748099e-07
45100.04800076804 1.1074875475425068e-07
45150.04800076804 1.0094739566302176e-07
45200.04800076804 6.207965451420395e-08
45250.04800076804 7.379784450083598e-08
45300.04800076804 8.672927300902097e-08
45350.04800076804 9.056663003589546e-08
45400.04800076804 8.355466386776194e-08
45450.04800076804 7.965084601864155e-08
45500.04800076804 8.461811904841538e-08
45550.04800076804 9.227408284225689e-08
45600.04800076804 8.153808814315602e-08
45650.04800076804 7.606578922444347e-08
45700.04800076804 7.272645760946186e-08
45750.04800076804 6.64400891166081e-08
45800.04800076804 7.110169122869519e-08
45850.04800076804 1.0624334526502854e-07
45900.04800076804 1.1492240923703852e-07
45950.04800076804 6.828019473217745e-08
46000.04800076804 9.876947722629075e-08
46050.04800076804 9.467610807961226e-08
46100.04800076804 7.442692429283292e-08
46150.04800076804 8.40522328108161e-08
46200.04800076804 7.698218580338133e-08
46250.04800076804 3.716354822310591e-08
46300.04800076804 1.0363000064820615e-07
46350.04800076804 6.738982125180739e-08
46400.04800076804 9.412090826480895e-08
46450.04800076804 1.1596150745566859e-07
46500.04800076804 8.53526773329235e-08
46550.04800076804 7.304784086232101e-08
46600.04800076804 8.812112919848632e-08
46650.04800076804 1.920899374101151e-07
46700.04800076804 1.1196114880902994e-07
46750.04800076804 8.021067834556181e-08
46800.04800076804 4.576782360041687e-08
46850.04800076804 1.4058692007498196e-07
46900.04800076804 1.1618050041066555e-07
46950.04800076804 1.388725965430476e-07
47000.04800076804 8.39939158261966e-08
47050.04800076804 1.3306479759849748e-07
47100.04800076804 5.1645925766928205e-08
47150.04800076804 7.886807339746508e-08
47200.04800076804 1.1865832725128889e-07
47250.04800076804 6.620194300413311e-08
47300.04800076804 6.467879886328737e-08
47350.04800076804 8.028211273477964e-08
47400.04800076804 1.3895260081835963e-07
47450.04800076804 7.60280205018663e-08
47500.04800076804 1.5717318297551808e-07
47550.04800076804 8.372838223327036e-08
47600.04800076804 1.30222033729755e-07
47650.04800076804 6.842662451995977e-08
47700.04800076804 1.1935672992268643e-07
47750.04800076804 5.15096687010555e-08
47800.04800076804 7.583893997271948e-08
47850.04800076804 4.389869375487887e-08
47900.04800076804 6.7487195252115e-08
47950.04800076804 7.95593957483239e-08
48000.04800076804 1.6361463782187327e-07
48050.04800076804 9.477796482894264e-08
48100.04800076804 7.929116174029019e-08
48150.04800076804 8.315681842248758e-08
48200.04800076804 1.064831187670155e-07
48250.04800076804 8.12723876732471e-08
48300.04800076804 1.7291623940573284e-07
48350.04800076804 6.814235589143544e-08
48400.04800076804 4.8353627646054556e-08
48450.04800076804 7.45064324182393e-08
48500.04800076804 1.3534436048421806e-07
48550.04800076804 7.031664210204316e-08
48600.04800076804 1.155833771502323e-07
48650.04800076804 9.655179219729875e-08
48700.04800076804 1.230855481521973e-07
48750.04800076804 8.332793414752078e-08
48800.04800076804 1.313307065847112e-07
48850.04800076804 9.051121366957097e-08
48900.04800076804 1.2354808467548334e-07
48950.04800076804 8.793674751098889e-08
49000.04800076804 5.90998690557843e-08
49050.04800076804 1.1969480389806463e-07
49100.04800076804 9.261087797670513e-08
49150.04800076804 1.3275027498985314e-07
49200.04800076804 1.2730776916088078e-07
49250.04800076804 1.5418969746497608e-07
49300.04800076804 1.143541513071017e-07
49350.04800076804 6.536506734013486e-08
49400.04800076804 8.018650621705881e-08
49450.04800076804 1.0571564258315216e-07
49500.04800076804 8.365695031584008e-08
49550.04800076804 2.8173737054903713e-08
49600.04800076804 7.114548984047215e-08
49650.04800076804 9.258586486103595e-08
49700.04800076804 8.321806125887661e-08
49750.04800076804 1.2016149516842362e-07
49800.04800076804 7.636501684559887e-08
49850.04800076804 1.5732893467957452e-07
49900.04800076804 1.2554449912077751e-07
49950.04800076804 1.2344158460370386e-07
50000.04800076804 1.1879229469289895e-07
50050.04800076804 1.3641700005037651e-07
50100.04800076804 1.1828093810259667e-07
50150.04800076804 5.6183242043662906e-08
50200.04800076804 1.9545675729898115e-08
50250.04800076804 8.470716605657676e-08
50300.04800076804 6.038533080676356e-08
50350.04800076804 1.1844597318528979e-07
50400.04800076804 1.2459186972250755e-07
50450.04800076804 9.990528131953445e-08
50500.04800076804 1.299385673693739e-07
50550.04800076804 1.2386607884515965e-07
50600.04800076804 1.0823621726132055e-07
50650.04800076804 1.2781348637440547e-07
50700.04800076804 1.5643748566446926e-07
50750.04800076804 1.209896880516538e-07
50800.04800076804 4.925290531859394e-08
50850.04800076804 3.318778331795632e-08
50900.04800076804 1.1885834678254457e-07
50950.04800076804 1.179866815210124e-07
51000.04800076804 8.447462970690295e-08
51050.04800076804 1.0579903114607373e-07
51100.04800076804 3.7705448543630923e-08
51150.04800076804 6.500198706229757e-08
51200.04800076804 1.5652362776084568e-07
51250.04800076804 1.039942478433279e-07
51300.04800076804 8.005739296318797e-08
51350.04800076804 9.090172252233393e-08
51400.04800076804 3.911331141334111e-08
51450.04800076804 3.297287229553535e-08
51500.04800076804 2.9708793286251094e-08
51550.04800076804 8.225284382370943e-08
51600.04800076804 6.478752647559836e-08
51650.04800076804 9.284394928936429e-08
51700.04800076804 8.903405603602366e-08
51750.04800076804 5.759899787720715e-08
51800.04800076804 1.2172716252989414e-07
51850.04800076804 9.747427246021468e-08
51900.04800076804 1.2458462130809524e-07
51950.04800076804 7.98278660565455e-08
52000.04800076804 1.3622262008376549e-08
52050.04800076804 4.686004140084129e-08
52100.04800076804 3.5004593669708215e-08
52150.04800076804 2.1494922373210578e-08
52200.04800076804 3.381556904730924e-08
52250.04800076804 6.209998123769045e-08
52300.04800076804 1.0166149254327841e-07
52350.04800076804 4.2565640896348075e-08
52400.04800076804 3.7865703039543016e-08
52450.04800076804 9.865070816434759e-08
52500.04800076804 8.786673417047311e-08
52550.04800076804 8.628367353149803e-08
52600.04800076804 6.204525885281646e-08
52650.04800076804 6.465923592377093e-08
52700.04800076804 5.8690440635988646e-08
52750.04800076804 3.385865103895994e-08
52800.04800076804 4.126036183090007e-08
52850.04800076804 5.459406580461067e-08
52900.04800076804 2.9752053619771322e-08
52950.04800076804 3.450384857913794e-08
53000.04800076804 9.043195482840212e-08
53050.04800076804 2.6749240234256898e-08
53100.04800076804 8.817109118972732e-08
53150.04800076804 1.077168984017847e-07
53200.04800076804 4.4255666283737544e-08
53250.04800076804 1.022365932400402e-07
53300.04800076804 1.0251685595165914e-07
53350.04800076804 9.827685647361315e-08
53400.04800076804 7.960391384100666e-08
53450.04800076804 2.247770700262933e-08
53500.04800076804 8.478456267181619e-09
53550.04800076804 1.8680295464633736e-08
53600.04800076804 4.98630685780256e-08
53650.04800076804 5.03034431975528e-08
53700.04800076804 4.0087767186537695e-08
53750.04800076804 3.954502342535087e-08
53800.04800076804 3.697019255068614e-08
53850.04800076804 5.3149242657306904e-08
53900.04800076804 6.981214568018288e-08
53950.04800076804 8.25813667359702e-08
54000.04800076804 5.120495057668897e-08
54050.04800076804 5.848442149940223e-08
54100.04800076804 1.6089558134701448e-08
54150.04800076804 2.604614254874097e-08
54200.04800076804 5.975915466647334e-09
54250.04800076804 1.2566692739443063e-08
54300.04800076804 3.3629077268730895e-08
54350.04800076804 4.6058047486646276e-08
54400.04800076804 4.3584754276406065e-08
54450.04800076804 3.6064617962634415e-08
54500.04800076804 2.993876656761327e-08
54550.04800076804 2.9071926965187006e-08
54600.04800076804 3.232364183776343e-08
54650.04800076804 7.179287666784016e-09
54700.04800076804 3.6508541678211825e-08
54750.04800076804 3.576677590796459e-08
54800.04800076804 2.0388305628166822e-08
54850.04800076804 3.18387725827756e-08
54900.04800076804 4.9058509801393365e-08
54950.04800076804 7.213898152819237e-08
55000.04800076804 1.983817339519583e-08
55050.04800076804 4.0880220963787846e-08
55100.04800076804 4.3857343659239225e-08
55150.04800076804 2.213691436032273e-08
55200.04800076804 2.095616199074759e-08
55250.04800076804 3.1972048400670737e-08
55300.04800076804 1.9564933308513413e-08
55350.04800076804 4.461718794633489e-08
55400.04800076804 5.2762274078802884e-08
55450.04800076804 2.8034592198318876e-08
55500.04800076804 1.1276794892060164e-08
55550.04800076804 1.3081745225308055e-08
55600.04800076804 1.9653743454485347e-08
55650.04800076804 1.8681757814420455e-08
55700.04800076804 2.0640380795636662e-08
55750.04800076804 1.9383098363719194e-08
55800.04800076804 8.970471093877613e-09
55850.04800076804 1.2604065977449354e-08
55900.04800076804 3.355900362028392e-08
55950.04800076804 4.6879101232769155e-08
56000.04800076804 1.5783568118961544e-08
56050.04800076804 2.270548899129594e-08
56100.04800076804 3.444983578216483e-08
56150.04800076804 1.5743398440880476e-08
56200.04800076804 2.3205612070691674e-08
56250.04800076804 3.562717990916769e-08
56300.04800076804 2.6317574351621522e-08
56350.04800076804 1.94735903589652e-08
56400.04800076804 7.129557534262752e-09
56450.04800076804 6.806331754127084e-09
56500.04800076804 1.5389482002608853e-08
56550.04800076804 8.059960730237185e-09
56600.04800076804 2.996691100588218e-08
56650.04800076804 3.306141578797557e-08
56700.04800076804 2.7034825897467516e-08
56750.04800076804 8.29746889651571e-09
56800.04800076804 2.4764071017365647e-08
56850.04800076804 2.5536256215065566e-08
56900.04800076804 1.2342213296237925e-08
56950.04800076804 2.967133540716387e-08
57000.04800076804 3.8073231736669256e-08
57050.04800076804 1.6216360282772943e-08
57100.04800076804 5.497060738297213e-09
57150.04800076804 9.662157247363232e-09
57200.04800076804 8.312388829823974e-09
57250.04800076804 1.142431320672696e-08
57300.04800076804 2.1440150490889025e-08
57350.04800076804 9.263421287093892e-09
57400.04800076804 2.3234112883879447e-08
57450.04800076804 1.3439293440237162e-08
57500.04800076804 1.4148607267388315e-08
57550.04800076804 2.1378275878279797e-08
57600.04800076804 1.9793996361926852e-08
57650.04800076804 3.9707445640578726e-09
57700.04800076804 7.210827327855258e-09
57750.04800076804 1.4039213694969234e-08
57800.04800076804 5.513251873426278e-09
57850.04800076804 4.4867570466649645e-08
57900.04800076804 4.977738142470849e-08
57950.04800076804 4.929455650127555e-08
58000.04800076804 1.4384258746975812e-08
58050.04800076804 2.7133574093658117e-08
58100.04800076804 2.6568202650263526e-08
58150.04800076804 1.607397738343128e-08
58200.04800076804 4.065196566429469e-09
58250.04800076804 7.082702346293856e-09
58300.04800076804 7.118972701740407e-09
58350.04800076804 1.0250567594806081e-08
58400.04800076804 2.3127781122674703e-08
58450.04800076804 2.534646018113978e-08
58500.04800076804 2.346912230083468e-08
58550.04800076804 2.1561819202836435e-08
58600.04800076804 8.34247796707784e-09
58650.04800076804 1.106933117934097e-08
58700.04800076804 1.6366307939408194e-08
58750.04800076804 1.2843324820340378e-08
58800.04800076804 2.2050378648855376e-09
58850.04800076804 9.97201053422791e-09
58900.04800076804 1.4841643490367186e-08
58950.04800076804 5.865233644818433e-09
59000.04800076804 1.5641104007819822e-08
59050.04800076804 2.3544696118311232e-08
59100.04800076804 2.1386694121844134e-08
59150.04800076804 1.5906072725057884e-08
59200.04800076804 2.030655018394226e-08
59250.04800076804 2.1769966102519747e-08
59300.04800076804 1.620741438163977e-08
59350.04800076804 3.310755177121922e-09
59400.04800076804 3.4065783556115076e-09
59450.04800076804 1.729744213577907e-08
59500.04800076804 8.843485766903436e-09
59550.04800076804 1.9625585424296975e-08
59600.04800076804 2.5263234659842495e-08
59650.04800076804 1.2454494253393801e-08
59700.04800076804 8.351484850798345e-09
59750.04800076804 2.7267106348076506e-08
59800.04800076804 1.2583340398028778e-08
59850.04800076804 1.8415261224373565e-08
59900.04800076804 5.966074174549021e-09
59950.04800076804 1.3476805516955454e-08
60000.04800076804 3.530946029472396e-08
60050.04800076804 3.114928339562919e-08
60100.04800076804 2.6607727933366113e-08
60150.04800076804 1.1605511335903314e-08
60200.04800076804 2.442666437194023e-08
60250.04800076804 3.47750255949745e-08
60300.04800076804 3.202176939672767e-08
60350.04800076804 2.038151398134994e-08
60400.04800076804 2.048059647599306e-08
60450.04800076804 5.0200109291414925e-09
60500.04800076804 1.8048691212398945e-09
60550.04800076804 1.7440996694655806e-08
60600.04800076804 2.4014169880537683e-08
60650.04800076804 1.4480509636004035e-08
60700.04800076804 9.410999705268278e-09
60750.04800076804 5.104556777679919e-09
60800.04800076804 2.192875795321655e-08
60850.04800076804 4.5533850507611785e-08
60900.04800076804 4.206589070084104e-08
60950.04800076804 3.2177708553445635e-08
61000.04800076804 2.697583160501865e-08
61050.04800076804 1.0520369880046014e-08
61100.04800076804 1.306576999776759e-08
61150.04800076804 4.069204241339238e-09
61200.04800076804 2.2973511780158132e-08
61250.04800076804 3.371993109661963e-08
61300.04800076804 3.125922618641978e-08
61350.04800076804 4.634104450206285e-08
61400.04800076804 1.7476344197691356e-08
61450.04800076804 5.598357707296928e-09
61500.04800076804 9.844096245394634e-09
61550.04800076804 1.7856957824099992e-08
61600.04800076804 7.322073156880314e-09
61650.04800076804 1.7892045056031107e-08
61700.04800076804 1.787281385819336e-08
61750.04800076804 1.9940593702012154e-08
61800.04800076804 1.8202836365932787e-08
61850.04800076804 6.169818458571917e-09
61900.04800076804 2.9931958892148966e-08
61950.04800076804 2.762424699524154e-08
62000.04800076804 4.061192041827734e-08
62050.04800076804 3.5752255058321024e-08
62100.04800076804 2.5243045141987568e-08
62150.04800076804 4.0394006850167194e-08
62200.04800076804 3.459978460061813e-08
62250.04800076804 2.8494322037160328e-08
62300.04800076804 6.044448393621314e-08
62350.04800076804 4.4664424717415e-08
62400.04800076804 1.6015436489841617e-08
62450.04800076804 2.8730942958198768e-08
62500.04800076804 5.580658156979193e-08
62550.04800076804 4.777250157253142e-08
62600.04800076804 5.318916187414773e-08
62650.04800076804 3.7036548052069846e-08
62700.04800076804 3.386065136291861e-08
62750.04800076804 5.0016909705298876e-08
62800.04800076804 2.8794671592659452e-08
62850.04800076804 4.764211185477787e-08
62900.04800076804 2.993457946328455e-08
62950.04800076804 5.737785085962395e-08
63000.04800076804 3.839216089010592e-08
63050.04800076804 6.81162894269296e-08
63100.04800076804 6.229354622298372e-08
63150.04800076804 4.766076234405129e-08
63200.04800076804 5.148003926934276e-08
63250.04800076804 3.528777394553659e-08
63300.04800076804 3.7824158040267376e-08
63350.04800076804 3.503571245526747e-08
63400.04800076804 1.3554532662961249e-08
