galfind/configs/Brown_Dwarf_templates/sonora_cholla/logkzz2/56g/650K_56g_logkzz2_resample.dat
# %ECSV 1.0
# ---
# datatype:
# - {name: wav, unit: Angstrom, datatype: float64}
# - {name: flux_nu, unit: erg / (cm2 Hz s), datatype: float64}
# schema: astropy-2.0
wav flux_nu
3000.0480007680403 nan
3050.0480007680403 0.0
3100.0480007680403 0.0
3150.0480007680403 0.0
3200.0480007680403 0.0
3250.0480007680403 0.0
3300.0480007680403 0.0
3350.0480007680403 0.0
3400.0480007680403 0.0
3450.0480007680403 0.0
3500.0480007680403 0.0
3550.0480007680403 0.0
3600.0480007680403 0.0
3650.0480007680403 0.0
3700.0480007680403 0.0
3750.0480007680403 0.0
3800.0480007680403 0.0
3850.0480007680403 0.0
3900.0480007680403 0.0
3950.0480007680403 0.0
4000.0480007680403 0.0
4050.0480007680403 0.0
4100.04800076804 0.0
4150.04800076804 0.0
4200.04800076804 0.0
4250.04800076804 0.0
4300.04800076804 0.0
4350.04800076804 0.0
4400.04800076804 0.0
4450.04800076804 0.0
4500.04800076804 0.0
4550.04800076804 0.0
4600.04800076804 0.0
4650.04800076804 0.0
4700.04800076804 0.0
4750.04800076804 0.0
4800.04800076804 0.0
4850.04800076804 0.0
4900.04800076804 0.0
4950.04800076804 0.0
5000.04800076804 1.8075494235103236e-12
5050.04800076804 5.0124994757251304e-12
5100.04800076804 5.988891049285508e-12
5150.04800076804 7.159238139975327e-12
5200.04800076804 8.522273930798667e-12
5250.04800076804 1.0066289986227996e-11
5300.04800076804 1.1820456725107041e-11
5350.04800076804 1.3812456683528952e-11
5400.04800076804 1.5982807128794856e-11
5450.04800076804 1.8475700306293206e-11
5500.04800076804 2.1288824477109432e-11
5550.04800076804 2.4391063085310945e-11
5600.04800076804 2.7683795057820883e-11
5650.04800076804 3.0999818848129816e-11
5700.04800076804 3.3677302846603654e-11
5750.04800076804 3.620072750968991e-11
5800.04800076804 3.652455050236976e-11
5850.04800076804 3.225139753243182e-11
5900.04800076804 1.09484276859443e-11
5950.04800076804 1.9087043062385317e-11
6000.04800076804 5.3793475023516446e-11
6050.04800076804 7.856477683211687e-11
6100.04800076804 1.0074526667620019e-10
6150.04800076804 1.2163585832733861e-10
6200.04800076804 1.4234568040928844e-10
6250.04800076804 1.626201183573419e-10
6300.04800076804 1.855748218775799e-10
6350.04800076804 2.1002708922192156e-10
6400.04800076804 2.3571391676262715e-10
6450.04800076804 2.5282082109781704e-10
6500.04800076804 2.828816582384497e-10
6550.04800076804 3.189285258505184e-10
6600.04800076804 3.5916446843932834e-10
6650.04800076804 4.04249899259226e-10
6700.04800076804 4.5531532803944026e-10
6750.04800076804 5.083258348074958e-10
6800.04800076804 5.634097385126961e-10
6850.04800076804 6.225084092495246e-10
6900.04800076804 6.447071711438363e-10
6950.04800076804 6.572046699723045e-10
7000.04800076804 7.510660348106924e-10
7050.04800076804 7.893587619083071e-10
7100.04800076804 8.52042966970517e-10
7150.04800076804 7.46476424424726e-10
7200.04800076804 7.248284474246602e-10
7250.04800076804 8.405902109685189e-10
7300.04800076804 8.97488708554565e-10
7350.04800076804 1.0329793859101935e-09
7400.04800076804 1.1627403515550398e-09
7450.04800076804 1.3674121422736275e-09
7500.04800076804 1.5411141413477085e-09
7550.04800076804 1.7220694429959655e-09
7600.04800076804 1.895037986525644e-09
7650.04800076804 2.036114528440277e-09
7700.04800076804 1.506867280722134e-09
7750.04800076804 8.32110083290884e-10
7800.04800076804 2.3616777864908967e-09
7850.04800076804 2.6010033047001422e-09
7900.04800076804 2.8509198351813334e-09
7950.04800076804 3.090877838961767e-09
8000.04800076804 3.1947787481656025e-09
8050.04800076804 3.3013769528641343e-09
8100.04800076804 2.68023769978355e-09
8150.04800076804 2.543481164820438e-09
8200.04800076804 3.2489124618803928e-09
8250.04800076804 3.2566943519593295e-09
8300.04800076804 3.5781842172385398e-09
8350.04800076804 3.4189364906582596e-09
8400.04800076804 3.5788917707601923e-09
8450.04800076804 4.070245315205725e-09
8500.04800076804 4.551326335918503e-09
8550.04800076804 5.091391957845622e-09
8600.04800076804 5.64378148359554e-09
8650.04800076804 6.0521690570842886e-09
8700.04800076804 6.071640129291399e-09
8750.04800076804 6.396391238439684e-09
8800.04800076804 6.289507356745386e-09
8850.04800076804 4.978228470854605e-09
8900.04800076804 1.6251386672143476e-09
8950.04800076804 1.9448516868801297e-09
9000.04800076804 1.413443504153045e-09
9050.04800076804 3.5162530830774512e-09
9100.04800076804 4.069447180020318e-09
9150.04800076804 3.948624331367675e-09
9200.04800076804 5.51564247113193e-09
9250.04800076804 4.839736356043186e-09
9300.04800076804 8.2190915676423e-10
9350.04800076804 9.533433834005398e-10
9400.04800076804 1.7343767910608913e-09
9450.04800076804 2.140085504435272e-09
9500.04800076804 1.7970807894013925e-09
9550.04800076804 2.1067573694483354e-09
9600.04800076804 1.8317803461038033e-09
9650.04800076804 2.393306382000074e-09
9700.04800076804 3.533815340314459e-09
9750.04800076804 3.3651651826395403e-09
9800.04800076804 3.995364099448633e-09
9850.04800076804 4.456173403492044e-09
9900.04800076804 5.854208601249321e-09
9950.04800076804 5.631487698901577e-09
10000.04800076804 7.3465599668479435e-09
10050.04800076804 7.81297556722733e-09
10100.04800076804 1.0147620605921573e-08
10150.04800076804 1.2055500143385825e-08
10200.04800076804 1.46868496374831e-08
10250.04800076804 1.7052403981591025e-08
10300.04800076804 1.9692737948588825e-08
10350.04800076804 2.3245977314790108e-08
10400.04800076804 2.8455161231679936e-08
10450.04800076804 3.1776854985721874e-08
10500.04800076804 3.498528879922414e-08
10550.04800076804 3.852967905668896e-08
10600.04800076804 3.949695149624317e-08
10650.04800076804 4.126967085228503e-08
10700.04800076804 4.080106763267562e-08
10750.04800076804 4.13797337372533e-08
10800.04800076804 3.843561198304665e-08
10850.04800076804 3.464717945293413e-08
10900.04800076804 2.3486734116936874e-08
10950.04800076804 1.0907975294060287e-08
11000.04800076804 6.994709224493856e-09
11050.04800076804 4.2303646695321696e-09
11100.04800076804 2.4653352148029746e-09
11150.04800076804 1.0810573741169729e-09
11200.04800076804 7.313887258815815e-10
11250.04800076804 9.133887063888262e-10
11300.04800076804 1.3008825377768788e-09
11350.04800076804 4.2836242294230174e-10
11400.04800076804 1.1193851041896666e-09
11450.04800076804 8.410498473715633e-10
11500.04800076804 5.693092223569291e-10
11550.04800076804 1.467575765473381e-10
11600.04800076804 1.4217227452150775e-10
11650.04800076804 4.3770387982463483e-10
11700.04800076804 5.023306643806912e-10
11750.04800076804 8.633277691996779e-11
11800.04800076804 6.122029681764679e-10
11850.04800076804 1.2826713267925263e-09
11900.04800076804 1.4865274669679572e-09
11950.04800076804 2.5444632867551575e-09
12000.04800076804 4.664817821515687e-09
12050.04800076804 7.75438593364664e-09
12100.04800076804 1.2652525515043737e-08
12150.04800076804 1.83245122493768e-08
12200.04800076804 2.3988706801859446e-08
12250.04800076804 3.338599278547354e-08
12300.04800076804 4.379838196593856e-08
12350.04800076804 4.64875691722013e-08
12400.04800076804 6.246117340642402e-08
12450.04800076804 7.952380300812948e-08
12500.04800076804 8.876203598962427e-08
12550.04800076804 9.776320884199272e-08
12600.04800076804 9.688267960315275e-08
12650.04800076804 9.324503292106174e-08
12700.04800076804 9.148564295236922e-08
12750.04800076804 8.160098525735455e-08
12800.04800076804 7.465101134336447e-08
12850.04800076804 5.4587082698310516e-08
12900.04800076804 4.185057328450112e-08
12950.04800076804 3.63621174014218e-08
13000.04800076804 3.2718691441637275e-08
13050.04800076804 2.3182315511014206e-08
13100.04800076804 1.9200510751160766e-08
13150.04800076804 1.310580744990182e-08
13200.04800076804 1.1493158961161526e-08
13250.04800076804 7.875687906312513e-09
13300.04800076804 2.9107603421684873e-09
13350.04800076804 8.76980004714103e-10
13400.04800076804 5.196423148126637e-10
13450.04800076804 1.8508346804281503e-10
13500.04800076804 8.016802613721223e-11
13550.04800076804 4.486237905317996e-11
13600.04800076804 1.0691491520975866e-11
13650.04800076804 7.079473698166615e-11
13700.04800076804 4.618037369190946e-11
13750.04800076804 5.917582437144486e-11
13800.04800076804 5.3021253096706216e-11
13850.04800076804 3.9341627498827493e-11
13900.04800076804 4.833246818963473e-11
13950.04800076804 3.7194977586953075e-11
14000.04800076804 4.0378902255062357e-11
14050.04800076804 6.836870788799051e-11
14100.04800076804 7.378586190137301e-11
14150.04800076804 1.3956501998055168e-10
14200.04800076804 8.640730809735726e-11
14250.04800076804 1.1869533443682252e-10
14300.04800076804 2.8521709628555754e-10
14350.04800076804 2.824466320098076e-10
14400.04800076804 3.2658549166414783e-10
14450.04800076804 4.280916147695717e-10
14500.04800076804 1.0253114116387818e-09
14550.04800076804 1.10767080459537e-09
14600.04800076804 1.730652311377674e-09
14650.04800076804 1.8034826660417877e-09
14700.04800076804 1.0999868866235987e-09
14750.04800076804 1.6830240448811403e-09
14800.04800076804 2.2894724809085614e-09
14850.04800076804 2.4150314420098387e-09
14900.04800076804 2.9551552371238854e-09
14950.04800076804 3.920010528295738e-09
15000.04800076804 4.889487798012611e-09
15050.04800076804 5.285308682439332e-09
15100.04800076804 6.633598657285499e-09
15150.04800076804 6.63074936265304e-09
15200.04800076804 6.968281525342735e-09
15250.04800076804 1.0453612305718129e-08
15300.04800076804 1.2838759336624665e-08
15350.04800076804 1.6777537060304432e-08
15400.04800076804 1.9106242830317947e-08
15450.04800076804 2.1834993512575253e-08
15500.04800076804 2.3646467310001623e-08
15550.04800076804 2.9221409803892615e-08
15600.04800076804 3.3079778060067075e-08
15650.04800076804 3.4069040622296874e-08
15700.04800076804 4.09114752859562e-08
15750.04800076804 4.4469843529904685e-08
15800.04800076804 4.366403023849227e-08
15850.04800076804 4.601233717509593e-08
15900.04800076804 3.803191698106811e-08
15950.04800076804 3.2987713477941016e-08
16000.04800076804 2.296339827036123e-08
16050.04800076804 1.3084177041671273e-08
16100.04800076804 8.472078939718202e-09
16150.04800076804 4.37626254090593e-09
16200.04800076804 2.48021591450443e-09
16250.04800076804 2.109704685256002e-09
16300.04800076804 1.2660555831261929e-09
16350.04800076804 1.5225445713847343e-09
16400.04800076804 1.7260252622900132e-09
16450.04800076804 1.8431231926811098e-09
16500.04800076804 1.8574188656676317e-09
16550.04800076804 1.7126673855460373e-09
16600.04800076804 2.0587235516084084e-09
16650.04800076804 1.4690499170459458e-09
16700.04800076804 2.567171659643911e-10
16750.04800076804 7.658400362162987e-10
16800.04800076804 1.367153302913633e-09
16850.04800076804 1.5678925114980593e-09
16900.04800076804 9.130930408054226e-10
16950.04800076804 6.534223569027867e-10
17000.04800076804 3.950603975286143e-10
17050.04800076804 6.158015529764761e-10
17100.04800076804 9.83241537220042e-10
17150.04800076804 5.008144986039513e-10
17200.04800076804 1.7328066914828944e-09
17250.04800076804 1.037522796618788e-09
17300.04800076804 6.157150342795518e-10
17350.04800076804 7.314466185890874e-10
17400.04800076804 9.93488563172418e-10
17450.04800076804 1.4586486118056604e-09
17500.04800076804 2.0639167754780002e-09
17550.04800076804 1.7138780157357828e-09
17600.04800076804 1.2103660725828079e-09
17650.04800076804 1.0790826197577736e-09
17700.04800076804 8.48727169009013e-10
17750.04800076804 8.547626891254448e-10
17800.04800076804 1.5566755927985431e-09
17850.04800076804 9.092753679922417e-10
17900.04800076804 8.045143099510392e-10
17950.04800076804 4.780751932920008e-10
18000.04800076804 7.286446177003691e-10
18050.04800076804 9.32304057031802e-10
18100.04800076804 7.536036177167531e-10
18150.04800076804 1.139449541325258e-09
18200.04800076804 6.434912886712957e-10
18250.04800076804 1.8199708051017722e-09
18300.04800076804 7.563578907512544e-10
18350.04800076804 5.516953188364296e-10
18400.04800076804 4.0622872744258593e-10
18450.04800076804 1.1448218882793536e-09
18500.04800076804 1.2651139490367405e-09
18550.04800076804 8.348859711015776e-10
18600.04800076804 1.032203571664709e-09
18650.04800076804 7.145205379781825e-10
18700.04800076804 4.0404730357182563e-10
18750.04800076804 7.337154737794409e-10
18800.04800076804 2.6939164262304724e-09
18850.04800076804 2.4553291374472287e-09
18900.04800076804 2.2116953809824335e-09
18950.04800076804 3.893517848174385e-09
19000.04800076804 1.7348105932489076e-09
19050.04800076804 1.1106406165741584e-09
19100.04800076804 2.7294447896785436e-09
19150.04800076804 1.4732078453688205e-09
19200.04800076804 2.4516132026928685e-09
19250.04800076804 1.941017163671399e-09
19300.04800076804 1.2972566411274276e-09
19350.04800076804 1.6075282741483704e-09
19400.04800076804 1.0210356712835154e-09
19450.04800076804 2.2230848577365314e-09
19500.04800076804 1.8383572303069894e-09
19550.04800076804 1.6106352976422496e-09
19600.04800076804 2.6612851670508284e-09
19650.04800076804 2.843095289266259e-09
19700.04800076804 3.0278110969065787e-09
19750.04800076804 3.808238229697395e-09
19800.04800076804 4.690550348084468e-09
19850.04800076804 6.126598114939314e-09
19900.04800076804 5.1934307062860455e-09
19950.04800076804 7.886218355146668e-09
20000.04800076804 8.212792359212492e-09
20050.04800076804 8.169932103970169e-09
20100.04800076804 1.00046565848203e-08
20150.04800076804 8.183798191079473e-09
20200.04800076804 9.146553521496463e-09
20250.04800076804 1.205940226425858e-08
20300.04800076804 1.1339707091884637e-08
20350.04800076804 1.3165021169297613e-08
20400.04800076804 1.1838667112178478e-08
20450.04800076804 1.598995757072334e-08
20500.04800076804 1.6143040187939403e-08
20550.04800076804 1.6226045808282007e-08
20600.04800076804 1.782202656735431e-08
20650.04800076804 1.7183446130245195e-08
20700.04800076804 1.7570028810626383e-08
20750.04800076804 1.898302391437824e-08
20800.04800076804 1.7518847992387934e-08
20850.04800076804 1.7820413596572295e-08
20900.04800076804 1.8372447268510477e-08
20950.04800076804 1.6376387486796864e-08
21000.04800076804 1.679083812472665e-08
21050.04800076804 1.5309443228356033e-08
21100.04800076804 1.4436051941637785e-08
21150.04800076804 1.4099120424870465e-08
21200.04800076804 1.3121123193782964e-08
21250.04800076804 1.2089709029450245e-08
21300.04800076804 9.768082548501062e-09
21350.04800076804 9.889559886884479e-09
21400.04800076804 8.914352864771153e-09
21450.04800076804 7.1597538831524884e-09
21500.04800076804 7.363243689280885e-09
21550.04800076804 6.729337290312015e-09
21600.04800076804 5.64451107130842e-09
21650.04800076804 4.621989952876795e-09
21700.04800076804 4.6968880122077115e-09
21750.04800076804 5.009708269881139e-09
21800.04800076804 4.202453852019267e-09
21850.04800076804 3.570859004689886e-09
21900.04800076804 2.7974410844182124e-09
21950.04800076804 7.716400283402558e-10
22000.04800076804 2.413322511947434e-10
22050.04800076804 2.9946992493831334e-10
22100.04800076804 7.642583078723808e-10
22150.04800076804 9.284839591560503e-10
22200.04800076804 8.256031243679526e-10
22250.04800076804 7.778638883665011e-10
22300.04800076804 4.5036211792208577e-10
22350.04800076804 5.34956632099065e-10
22400.04800076804 2.7875112764568067e-10
22450.04800076804 3.120746122132259e-10
22500.04800076804 3.047555754814943e-10
22550.04800076804 1.1883285940415217e-10
22600.04800076804 2.0550162635334916e-10
22650.04800076804 3.5346029155057186e-10
22700.04800076804 1.7522267581064418e-10
22750.04800076804 2.0084437612122941e-10
22800.04800076804 2.1055852333930052e-10
22850.04800076804 1.8293424481866717e-10
22900.04800076804 9.032783604969033e-11
22950.04800076804 8.526573176146171e-11
23000.04800076804 1.7237098590978482e-10
23050.04800076804 1.985345257093957e-10
23100.04800076804 5.621631801601824e-10
23150.04800076804 6.791015596634195e-10
23200.04800076804 7.760340831281474e-11
23250.04800076804 7.820403502300129e-11
23300.04800076804 1.333982613608083e-10
23350.04800076804 1.0051763616224645e-10
23400.04800076804 1.9851955688189515e-10
23450.04800076804 1.2448040341480768e-10
23500.04800076804 1.0684694589749793e-10
23550.04800076804 2.1705677694250854e-10
23600.04800076804 2.334796021788155e-10
23650.04800076804 4.472551932554148e-10
23700.04800076804 1.2648878086521245e-10
23750.04800076804 6.942816205150134e-11
