galfind/configs/Brown_Dwarf_templates/sonora_cholla/logkzz2/56g/700K_56g_logkzz2_resample.dat
# %ECSV 1.0
# ---
# datatype:
# - {name: wav, unit: Angstrom, datatype: float64}
# - {name: flux_nu, unit: erg / (cm2 Hz s), datatype: float64}
# schema: astropy-2.0
wav flux_nu
3000.0480007680403 nan
3050.0480007680403 0.0
3100.0480007680403 0.0
3150.0480007680403 0.0
3200.0480007680403 0.0
3250.0480007680403 0.0
3300.0480007680403 0.0
3350.0480007680403 0.0
3400.0480007680403 0.0
3450.0480007680403 0.0
3500.0480007680403 0.0
3550.0480007680403 0.0
3600.0480007680403 0.0
3650.0480007680403 0.0
3700.0480007680403 0.0
3750.0480007680403 0.0
3800.0480007680403 0.0
3850.0480007680403 0.0
3900.0480007680403 0.0
3950.0480007680403 0.0
4000.0480007680403 0.0
4050.0480007680403 0.0
4100.04800076804 0.0
4150.04800076804 0.0
4200.04800076804 0.0
4250.04800076804 0.0
4300.04800076804 0.0
4350.04800076804 0.0
4400.04800076804 0.0
4450.04800076804 0.0
4500.04800076804 0.0
4550.04800076804 0.0
4600.04800076804 0.0
4650.04800076804 0.0
4700.04800076804 0.0
4750.04800076804 0.0
4800.04800076804 0.0
4850.04800076804 0.0
4900.04800076804 0.0
4950.04800076804 0.0
5000.04800076804 1.9029918785860206e-12
5050.04800076804 4.9122126439959354e-12
5100.04800076804 5.661538750476953e-12
5150.04800076804 6.6314496489787686e-12
5200.04800076804 7.790954053649464e-12
5250.04800076804 9.11535417302574e-12
5300.04800076804 1.0640326777529112e-11
5350.04800076804 1.239567308385065e-11
5400.04800076804 1.4362694512175797e-11
5450.04800076804 1.6649042564436745e-11
5500.04800076804 1.927440561728057e-11
5550.04800076804 2.2249473085269962e-11
5600.04800076804 2.5550998825536277e-11
5650.04800076804 2.912793695308926e-11
5700.04800076804 3.265557729659664e-11
5750.04800076804 3.654193963470241e-11
5800.04800076804 3.9620674678669286e-11
5850.04800076804 3.997486075682685e-11
5900.04800076804 1.7483361640594108e-11
5950.04800076804 2.859887075924616e-11
6000.04800076804 6.221388321220079e-11
6050.04800076804 7.98212400605991e-11
6100.04800076804 9.59373520185766e-11
6150.04800076804 1.1208199652760814e-10
6200.04800076804 1.2906415446299315e-10
6250.04800076804 1.4675266221166234e-10
6300.04800076804 1.6719037746985616e-10
6350.04800076804 1.897839246078125e-10
6400.04800076804 2.1448992224352657e-10
6450.04800076804 2.33931317074987e-10
6500.04800076804 2.641499093659032e-10
6550.04800076804 3.0052397237305924e-10
6600.04800076804 3.4245601193864054e-10
6650.04800076804 3.902516013756438e-10
6700.04800076804 4.4733042814800315e-10
6750.04800076804 5.088941648192907e-10
6800.04800076804 5.749544447849809e-10
6850.04800076804 6.47092558066779e-10
6900.04800076804 6.652074120590499e-10
6950.04800076804 6.643130642755341e-10
7000.04800076804 7.47115785886511e-10
7050.04800076804 7.795123040153067e-10
7100.04800076804 8.380679749752207e-10
7150.04800076804 7.63018406488346e-10
7200.04800076804 7.607685154675605e-10
7250.04800076804 8.649751543340235e-10
7300.04800076804 9.262346482500679e-10
7350.04800076804 1.0450723256395712e-09
7400.04800076804 1.1583334186607026e-09
7450.04800076804 1.3317143065282414e-09
7500.04800076804 1.4797457665908321e-09
7550.04800076804 1.632267372135054e-09
7600.04800076804 1.7796508719399665e-09
7650.04800076804 1.9106726047855566e-09
7700.04800076804 1.5628693666715386e-09
7750.04800076804 1.0891229778675004e-09
7800.04800076804 2.2783967042893046e-09
7850.04800076804 2.4643803604714686e-09
7900.04800076804 2.6980919834162632e-09
7950.04800076804 2.934868551878548e-09
8000.04800076804 3.0854510543708586e-09
8050.04800076804 3.24236248611904e-09
8100.04800076804 2.8297759901903796e-09
8150.04800076804 2.7678353580427313e-09
8200.04800076804 3.4280330792102426e-09
8250.04800076804 3.499852599443584e-09
8300.04800076804 3.851505958352322e-09
8350.04800076804 3.81503597955276e-09
8400.04800076804 4.049880782962616e-09
8450.04800076804 4.5728333318410914e-09
8500.04800076804 5.113762669876339e-09
8550.04800076804 5.710978336678957e-09
8600.04800076804 6.335546598946466e-09
8650.04800076804 6.864364134077784e-09
8700.04800076804 7.042305049923717e-09
8750.04800076804 7.515252757115593e-09
8800.04800076804 7.584868160431472e-09
8850.04800076804 6.457715515813622e-09
8900.04800076804 2.757520179510819e-09
8950.04800076804 3.229757873346877e-09
9000.04800076804 2.497467265223592e-09
9050.04800076804 5.340743110849754e-09
9100.04800076804 6.032968586780808e-09
9150.04800076804 5.841874565993467e-09
9200.04800076804 7.698925205649681e-09
9250.04800076804 6.977705399876663e-09
9300.04800076804 1.676099227674563e-09
9350.04800076804 1.897249758837718e-09
9400.04800076804 3.1004857883633508e-09
9450.04800076804 3.796009006573835e-09
9500.04800076804 3.330734395533584e-09
9550.04800076804 3.900297411866251e-09
9600.04800076804 3.4808175812335103e-09
9650.04800076804 4.343090130573535e-09
9700.04800076804 6.009856397827364e-09
9750.04800076804 5.821676342817623e-09
9800.04800076804 6.885753490636042e-09
9850.04800076804 7.680346981422319e-09
9900.04800076804 9.770014890420414e-09
9950.04800076804 9.71730675729609e-09
10000.04800076804 1.2213117003464273e-08
10050.04800076804 1.323205071193606e-08
10100.04800076804 1.6655728467804855e-08
10150.04800076804 1.9638421135573624e-08
10200.04800076804 2.3607577407747952e-08
10250.04800076804 2.713780342119652e-08
10300.04800076804 3.105331689735046e-08
10350.04800076804 3.638751752028191e-08
10400.04800076804 4.3641041758677945e-08
10450.04800076804 4.8150586855221406e-08
10500.04800076804 5.2564349480635607e-08
10550.04800076804 5.7520943098124824e-08
10600.04800076804 5.945184716011953e-08
10650.04800076804 6.282490462866676e-08
10700.04800076804 6.343610050175677e-08
10750.04800076804 6.511091046476209e-08
10800.04800076804 6.186799419809116e-08
10850.04800076804 5.752409959063139e-08
10900.04800076804 3.9965601193530085e-08
10950.04800076804 1.967338001351776e-08
11000.04800076804 1.350795380457477e-08
11050.04800076804 8.691537383963602e-09
11100.04800076804 5.464452490893959e-09
11150.04800076804 2.6538985808733923e-09
11200.04800076804 1.958862253021648e-09
11250.04800076804 2.4193866287438567e-09
11300.04800076804 3.169575665925256e-09
11350.04800076804 1.1501573747273645e-09
11400.04800076804 2.7450140920831283e-09
11450.04800076804 2.045825509675833e-09
11500.04800076804 1.4521381340891833e-09
11550.04800076804 4.388872808133779e-10
11600.04800076804 4.5500507926532053e-10
11650.04800076804 1.1798299162934387e-09
11700.04800076804 1.3642045803119602e-09
11750.04800076804 2.6861556233730126e-10
11800.04800076804 1.627847830447965e-09
11850.04800076804 3.3087176131178956e-09
11900.04800076804 3.876152174257655e-09
11950.04800076804 6.418711374046508e-09
12000.04800076804 1.0961188988893509e-08
12050.04800076804 1.719292495550942e-08
12100.04800076804 2.6357280188237216e-08
12150.04800076804 3.6189965016302215e-08
12200.04800076804 4.675712787844884e-08
12250.04800076804 6.256675010177097e-08
12300.04800076804 7.886625023779122e-08
12350.04800076804 8.409830177146305e-08
12400.04800076804 1.0854276630851884e-07
12450.04800076804 1.3531431847394106e-07
12500.04800076804 1.4978716019199136e-07
12550.04800076804 1.6303225262024076e-07
12600.04800076804 1.5863113402899287e-07
12650.04800076804 1.521060717915936e-07
12700.04800076804 1.4955982127101318e-07
12750.04800076804 1.3925104506918445e-07
12800.04800076804 1.3241946646093043e-07
12850.04800076804 1.008779798689416e-07
12900.04800076804 7.928502493535097e-08
12950.04800076804 7.188395387599721e-08
13000.04800076804 6.399223602645058e-08
13050.04800076804 4.804916169621579e-08
13100.04800076804 3.990552515751592e-08
13150.04800076804 2.780491468527504e-08
13200.04800076804 2.412780887425496e-08
13250.04800076804 1.640190580986044e-08
13300.04800076804 6.403219211130393e-09
13350.04800076804 1.9206474607372597e-09
13400.04800076804 1.1592859007623017e-09
13450.04800076804 4.577788575227992e-10
13500.04800076804 2.1472962705528895e-10
13550.04800076804 1.319039465814406e-10
13600.04800076804 3.783284705798706e-11
13650.04800076804 2.0231547331784182e-10
13700.04800076804 1.4025459910635537e-10
13750.04800076804 1.6826988827837007e-10
13800.04800076804 1.6003620492314962e-10
13850.04800076804 1.2339313033104707e-10
13900.04800076804 1.4051630247548386e-10
13950.04800076804 1.1206086421497192e-10
14000.04800076804 1.1763816322300575e-10
14050.04800076804 1.867421849699823e-10
14100.04800076804 1.942144049727598e-10
14150.04800076804 3.4399303853802074e-10
14200.04800076804 2.2511894638531277e-10
14250.04800076804 2.9492217557383336e-10
14300.04800076804 6.397823349916581e-10
14350.04800076804 6.365255804046213e-10
14400.04800076804 7.448035911740891e-10
14450.04800076804 9.242595850245311e-10
14500.04800076804 2.1040154215093434e-09
14550.04800076804 2.2464410141752993e-09
14600.04800076804 3.387342867539466e-09
14650.04800076804 3.645203418571536e-09
14700.04800076804 2.3066343174344225e-09
14750.04800076804 3.543633334096908e-09
14800.04800076804 4.8021128180161e-09
14850.04800076804 5.0216459676710634e-09
14900.04800076804 6.0315817155367015e-09
14950.04800076804 7.808335964786095e-09
15000.04800076804 9.210024444508918e-09
15050.04800076804 1.0536800953080132e-08
15100.04800076804 1.320349813352171e-08
15150.04800076804 1.367739074251394e-08
15200.04800076804 1.3371777004133081e-08
15250.04800076804 1.9198590749460387e-08
15300.04800076804 2.348959550521822e-08
15350.04800076804 2.9886893941887333e-08
15400.04800076804 3.3813921201054035e-08
15450.04800076804 3.8392919814882716e-08
15500.04800076804 4.094235121828776e-08
15550.04800076804 4.9465532265575267e-08
15600.04800076804 5.478982670419367e-08
15650.04800076804 5.5078962796145425e-08
15700.04800076804 6.52563209796688e-08
15750.04800076804 7.02231510228956e-08
15800.04800076804 6.795942001469657e-08
15850.04800076804 7.107055625039929e-08
15900.04800076804 5.91110883631108e-08
15950.04800076804 5.19648209494211e-08
16000.04800076804 3.710570095618958e-08
16050.04800076804 2.2177774044202304e-08
16100.04800076804 1.4887597637519792e-08
16150.04800076804 8.078366210246229e-09
16200.04800076804 4.769257649287388e-09
16250.04800076804 4.226481580150672e-09
16300.04800076804 2.7053736923392013e-09
16350.04800076804 3.1947447565432778e-09
16400.04800076804 3.5751735037753008e-09
16450.04800076804 3.944060082092003e-09
16500.04800076804 4.057977121686266e-09
16550.04800076804 3.7122035986036384e-09
16600.04800076804 4.1959298960658256e-09
16650.04800076804 2.9844747282869705e-09
16700.04800076804 6.432686707900688e-10
16750.04800076804 1.6079619336684377e-09
16800.04800076804 2.866048565246901e-09
16850.04800076804 3.241213980872685e-09
16900.04800076804 2.0419449895160946e-09
16950.04800076804 1.5362756738396973e-09
17000.04800076804 9.920716272184355e-10
17050.04800076804 1.4930859399904857e-09
17100.04800076804 2.2511515193509864e-09
17150.04800076804 1.2383196322061297e-09
17200.04800076804 3.636269681510178e-09
17250.04800076804 2.385136174760109e-09
17300.04800076804 1.5094755535745767e-09
17350.04800076804 1.7244897646728937e-09
17400.04800076804 2.148805034412336e-09
17450.04800076804 3.0889978468153577e-09
17500.04800076804 4.229119111785273e-09
17550.04800076804 3.5742748210456616e-09
17600.04800076804 2.5884439273571176e-09
17650.04800076804 2.3795564246439e-09
17700.04800076804 1.8535641438046555e-09
17750.04800076804 1.8281304743134597e-09
17800.04800076804 3.1304027536255764e-09
17850.04800076804 1.9475199961373436e-09
17900.04800076804 1.7994395592730874e-09
17950.04800076804 1.0981391466705104e-09
18000.04800076804 1.5764931554328443e-09
18050.04800076804 2.0043522603776147e-09
18100.04800076804 1.626445308873029e-09
18150.04800076804 2.535604368644309e-09
18200.04800076804 1.4503318457557076e-09
18250.04800076804 3.75387651681205e-09
18300.04800076804 1.768228018419731e-09
18350.04800076804 1.3441101665412077e-09
18400.04800076804 1.0397015428519009e-09
18450.04800076804 2.347992457309122e-09
18500.04800076804 2.656234479425036e-09
18550.04800076804 1.836890478621647e-09
18600.04800076804 2.084781881512724e-09
18650.04800076804 1.5308548921601363e-09
18700.04800076804 1.0183211611121787e-09
18750.04800076804 1.6940118019106989e-09
18800.04800076804 5.18004213987326e-09
18850.04800076804 5.002795726858192e-09
18900.04800076804 4.5020742251247385e-09
18950.04800076804 7.670937527046394e-09
19000.04800076804 3.875299993342344e-09
19050.04800076804 2.5911853699347e-09
19100.04800076804 5.923124347782016e-09
19150.04800076804 3.4885529259950243e-09
19200.04800076804 5.3308567894137216e-09
19250.04800076804 4.2921178566893575e-09
19300.04800076804 3.0758721572644986e-09
19350.04800076804 3.5594000100524968e-09
19400.04800076804 2.2040654571351748e-09
19450.04800076804 4.677453426598926e-09
19500.04800076804 4.045971438903773e-09
19550.04800076804 3.411141978919753e-09
19600.04800076804 5.444587305191237e-09
19650.04800076804 5.9085228219585725e-09
19700.04800076804 6.188218133477513e-09
19750.04800076804 7.46638790695603e-09
19800.04800076804 9.157221420268365e-09
19850.04800076804 1.1699222507057612e-08
19900.04800076804 9.422111349729798e-09
19950.04800076804 1.467092763449625e-08
20000.04800076804 1.4894390574130412e-08
20050.04800076804 1.5163457807518663e-08
20100.04800076804 1.799920329433249e-08
20150.04800076804 1.5333671631772158e-08
20200.04800076804 1.80056168224504e-08
20250.04800076804 2.2717764130713393e-08
20300.04800076804 2.079046205614946e-08
20350.04800076804 2.425791220340608e-08
20400.04800076804 2.2541497910874224e-08
20450.04800076804 2.928325858681898e-08
20500.04800076804 2.964028874787858e-08
20550.04800076804 2.908879732517234e-08
20600.04800076804 3.268105993195416e-08
20650.04800076804 3.089125992542894e-08
20700.04800076804 3.155653302842694e-08
20750.04800076804 3.416518277204404e-08
20800.04800076804 3.194424177668898e-08
20850.04800076804 3.185538554836172e-08
20900.04800076804 3.296435202800569e-08
20950.04800076804 2.9361875273561054e-08
21000.04800076804 3.040932974145807e-08
21050.04800076804 2.7573664461044584e-08
21100.04800076804 2.6101349980798526e-08
21150.04800076804 2.550712840428851e-08
21200.04800076804 2.381719719309369e-08
21250.04800076804 2.2153786009251167e-08
21300.04800076804 1.8014189569543934e-08
21350.04800076804 1.8342189340870262e-08
21400.04800076804 1.637849541699569e-08
21450.04800076804 1.350929228169491e-08
21500.04800076804 1.3884039365535323e-08
21550.04800076804 1.266628449456712e-08
21600.04800076804 1.0699128741065307e-08
21650.04800076804 8.810784723964514e-09
21700.04800076804 9.187169395068067e-09
21750.04800076804 9.486831444399498e-09
21800.04800076804 8.028755632201772e-09
21850.04800076804 6.808619537568886e-09
21900.04800076804 5.386917220304677e-09
21950.04800076804 1.6602663437725447e-09
22000.04800076804 6.084824164972867e-10
22050.04800076804 6.386905282471098e-10
22100.04800076804 1.4841989757097557e-09
22150.04800076804 1.907686353215238e-09
22200.04800076804 1.723738262844079e-09
22250.04800076804 1.5959986784577891e-09
22300.04800076804 1.0291330457222124e-09
22350.04800076804 1.1295844346879736e-09
22400.04800076804 6.479730903139619e-10
22450.04800076804 6.920554466800922e-10
22500.04800076804 6.93846528101275e-10
22550.04800076804 2.7345923097361545e-10
22600.04800076804 4.789887569100472e-10
22650.04800076804 7.481962977372141e-10
22700.04800076804 4.082078577255545e-10
22750.04800076804 4.916592825499084e-10
22800.04800076804 4.681188145526737e-10
22850.04800076804 4.0352467832849885e-10
22900.04800076804 2.1721728130283633e-10
22950.04800076804 2.24266819424649e-10
23000.04800076804 3.6952209439186923e-10
23050.04800076804 4.348108194992335e-10
23100.04800076804 1.132108101973418e-09
23150.04800076804 1.3483083599458623e-09
23200.04800076804 1.9421048445334297e-10
23250.04800076804 1.8593284760334845e-10
23300.04800076804 2.872102546456149e-10
23350.04800076804 2.1795585802491904e-10
23400.04800076804 4.266441014204864e-10
23450.04800076804 2.9355687889033915e-10
23500.04800076804 2.4565913668743633e-10
23550.04800076804 4.893765003244722e-10
23600.04800076804 5.051971256141972e-10
23650.04800076804 9.076040153635282e-10
23700.04800076804 2.833830942508527e-10
23750.04800076804 1.6332732729918707e-10
