galfind/configs/Brown_Dwarf_templates/sonora_cholla/logkzz2/56g/750K_56g_logkzz2_resample.dat
# %ECSV 1.0
# ---
# datatype:
# - {name: wav, unit: Angstrom, datatype: float64}
# - {name: flux_nu, unit: erg / (cm2 Hz s), datatype: float64}
# schema: astropy-2.0
wav flux_nu
[from data line 814]
43700.04800076804 3.0786579409467325e-07
43750.04800076804 3.058632628571197e-07
43800.04800076804 2.2464484629430041e-07
43850.04800076804 2.5220426962391523e-07
43900.04800076804 1.9752813196504824e-07
43950.04800076804 1.7282728322492294e-07
44000.04800076804 1.2492017541110764e-07
44050.04800076804 2.4180176987605205e-07
44100.04800076804 2.5951526442616447e-07
44150.04800076804 2.591204963314288e-07
44200.04800076804 2.128148292785298e-07
44250.04800076804 1.7559906500044645e-07
44300.04800076804 1.6279083721690606e-07
44350.04800076804 1.449136965316053e-07
44400.04800076804 1.5127324922940231e-07
44450.04800076804 1.6978857581775155e-07
44500.04800076804 1.3898209990647153e-07
44550.04800076804 1.7964292254731563e-07
44600.04800076804 1.357023887766694e-07
44650.04800076804 1.582657815636227e-07
44700.04800076804 1.311270450622111e-07
44750.04800076804 1.4819850827464956e-07
44800.04800076804 1.2189198470439618e-07
44850.04800076804 1.3205184047411976e-07
44900.04800076804 9.364939483087117e-08
44950.04800076804 9.391722476436413e-08
45000.04800076804 1.0381453507303787e-07
45050.04800076804 1.0751053746134501e-07
45100.04800076804 9.683657618041078e-08
45150.04800076804 8.911133685361152e-08
45200.04800076804 5.798264621374453e-08
45250.04800076804 6.835886367303193e-08
45300.04800076804 8.079864066907831e-08
45350.04800076804 8.161013994545026e-08
45400.04800076804 5.945943293642197e-08
45450.04800076804 6.027537200824666e-08
45500.04800076804 6.227544157570284e-08
45550.04800076804 7.38683153621496e-08
45600.04800076804 5.784881007519333e-08
45650.04800076804 5.5949081116353915e-08
45700.04800076804 6.768586663995365e-08
45750.04800076804 5.980019477309953e-08
45800.04800076804 4.958036402175378e-08
45850.04800076804 8.451375987295772e-08
45900.04800076804 8.549423538558291e-08
45950.04800076804 5.0373988732455496e-08
46000.04800076804 7.63788658289371e-08
46050.04800076804 8.14644511148815e-08
46100.04800076804 5.181390313456169e-08
46150.04800076804 7.900728375063486e-08
46200.04800076804 7.308107667713692e-08
46250.04800076804 3.3106614743685355e-08
46300.04800076804 9.09088551879721e-08
46350.04800076804 6.32571517171445e-08
46400.04800076804 7.846892316239719e-08
46450.04800076804 1.1266222251467692e-07
46500.04800076804 7.363625954294773e-08
46550.04800076804 9.511721745037189e-08
46600.04800076804 1.0184538251804177e-07
46650.04800076804 1.992398051230439e-07
46700.04800076804 1.2698402028224063e-07
46750.04800076804 9.455806255723971e-08
46800.04800076804 5.906426293695713e-08
46850.04800076804 1.2582288075059509e-07
46900.04800076804 1.0062057606646404e-07
46950.04800076804 1.3815855257020495e-07
47000.04800076804 6.959401277728827e-08
47050.04800076804 1.4175953561307922e-07
47100.04800076804 5.1263226836898436e-08
47150.04800076804 7.496860482857486e-08
47200.04800076804 1.0382177889364377e-07
47250.04800076804 6.143601688817833e-08
47300.04800076804 7.095982710573371e-08
47350.04800076804 5.710346933711196e-08
47400.04800076804 1.205813007205292e-07
47450.04800076804 5.5710367862992386e-08
47500.04800076804 1.3486196368609428e-07
47550.04800076804 6.133583998894763e-08
47600.04800076804 1.2034690098274152e-07
47650.04800076804 6.028025039479972e-08
47700.04800076804 1.1350994613461018e-07
47750.04800076804 4.589461173851072e-08
47800.04800076804 8.948623487295585e-08
47850.04800076804 4.750896103372202e-08
47900.04800076804 7.854853493234244e-08
47950.04800076804 6.84513310875934e-08
48000.04800076804 1.4685235632961916e-07
48050.04800076804 8.571133077836704e-08
48100.04800076804 9.993780567211717e-08
48150.04800076804 8.228748087263447e-08
48200.04800076804 1.2097013950749185e-07
48250.04800076804 8.292446721487473e-08
48300.04800076804 1.6976522554636093e-07
48350.04800076804 7.234230971806699e-08
48400.04800076804 7.727938732991198e-08
48450.04800076804 7.689342403199307e-08
48500.04800076804 1.5329305010998767e-07
48550.04800076804 6.785459229156046e-08
48600.04800076804 1.2597728287050643e-07
48650.04800076804 8.068444538015472e-08
48700.04800076804 1.448035120397144e-07
48750.04800076804 8.658889410209911e-08
48800.04800076804 1.4402884230903082e-07
48850.04800076804 1.0114562315576853e-07
48900.04800076804 1.4584830455413016e-07
48950.04800076804 1.2051897331401476e-07
49000.04800076804 8.557882020022632e-08
49050.04800076804 1.4341283538440433e-07
49100.04800076804 9.371061711757008e-08
49150.04800076804 1.6795969576121346e-07
49200.04800076804 1.200640676528282e-07
49250.04800076804 1.7951762483433065e-07
49300.04800076804 1.2173843504353873e-07
49350.04800076804 9.737120608756198e-08
49400.04800076804 1.1855052240799581e-07
49450.04800076804 1.3919551962705518e-07
49500.04800076804 1.1226266317770714e-07
49550.04800076804 5.010740632638709e-08
49600.04800076804 1.1560412250875323e-07
49650.04800076804 1.190865708716694e-07
49700.04800076804 1.0249158522077002e-07
49750.04800076804 1.707016303147101e-07
49800.04800076804 9.959200175961148e-08
49850.04800076804 2.0975506344203018e-07
49900.04800076804 1.58441488364766e-07
49950.04800076804 1.6501014833920377e-07
50000.04800076804 1.691330792417971e-07
50050.04800076804 1.802169140007274e-07
50100.04800076804 1.7889628098834753e-07
50150.04800076804 8.305969005798259e-08
50200.04800076804 4.0929034937306264e-08
50250.04800076804 1.4334270902368147e-07
50300.04800076804 1.0279068979226642e-07
50350.04800076804 1.5900915259994882e-07
50400.04800076804 1.5707291264028382e-07
50450.04800076804 1.4067437218121863e-07
50500.04800076804 1.8034737521714635e-07
50550.04800076804 1.5477489973196234e-07
50600.04800076804 1.6059958365499876e-07
50650.04800076804 1.6565587813291127e-07
50700.04800076804 2.2020949408214205e-07
50750.04800076804 1.8818425114918307e-07
50800.04800076804 7.947013005521709e-08
50850.04800076804 6.764114897837624e-08
50900.04800076804 1.7827325058330694e-07
50950.04800076804 1.7932545658868876e-07
51000.04800076804 1.3734501200009705e-07
51050.04800076804 1.526750943606047e-07
51100.04800076804 6.67214283042911e-08
51150.04800076804 1.1107112029479543e-07
51200.04800076804 2.1229752303448923e-07
51250.04800076804 1.587624702285593e-07
51300.04800076804 1.113067392519766e-07
51350.04800076804 1.3976638914941017e-07
51400.04800076804 7.470541013658443e-08
51450.04800076804 6.375843754661521e-08
51500.04800076804 5.786418522056114e-08
51550.04800076804 1.381480125351084e-07
51600.04800076804 1.0261162927144854e-07
51650.04800076804 1.4502189149989096e-07
51700.04800076804 1.405920087044717e-07
51750.04800076804 9.36920127410476e-08
51800.04800076804 1.9008249271942072e-07
51850.04800076804 1.4789182153172652e-07
51900.04800076804 1.969080141137725e-07
51950.04800076804 1.4133136799761734e-07
52000.04800076804 3.1202803767399666e-08
52050.04800076804 8.691942934453484e-08
52100.04800076804 7.136329707431377e-08
52150.04800076804 4.87228646648547e-08
52200.04800076804 5.990011121302478e-08
52250.04800076804 9.865010799215618e-08
52300.04800076804 1.6731927861866735e-07
52350.04800076804 8.825496140934205e-08
52400.04800076804 7.142774332802996e-08
52450.04800076804 1.5436363395144978e-07
52500.04800076804 1.3799511692736694e-07
52550.04800076804 1.3877856128392036e-07
52600.04800076804 9.927366056091752e-08
52650.04800076804 1.0659665522893137e-07
52700.04800076804 9.790473162070402e-08
52750.04800076804 6.574407581245591e-08
52800.04800076804 7.473878706972732e-08
52850.04800076804 9.430970559888767e-08
52900.04800076804 5.8868894796498566e-08
52950.04800076804 6.359342448441024e-08
53000.04800076804 1.5667215407809812e-07
53050.04800076804 5.018395612768967e-08
53100.04800076804 1.408955068580123e-07
53150.04800076804 1.7295699498955565e-07
53200.04800076804 7.479610228327716e-08
53250.04800076804 1.616584297317307e-07
53300.04800076804 1.6017195237272321e-07
53350.04800076804 1.532387260398512e-07
53400.04800076804 1.4241931127667187e-07
53450.04800076804 4.7377572969553125e-08
53500.04800076804 2.268789005511024e-08
53550.04800076804 4.557478235665508e-08
53600.04800076804 8.934174400128898e-08
53650.04800076804 8.651081491019196e-08
53700.04800076804 7.144536384174125e-08
53750.04800076804 7.175464559145388e-08
53800.04800076804 6.891605163558195e-08
53850.04800076804 9.85584683660527e-08
53900.04800076804 1.0633601422717504e-07
53950.04800076804 1.376576163270939e-07
54000.04800076804 8.534391983364489e-08
54050.04800076804 9.805659911747864e-08
54100.04800076804 3.330390591734165e-08
54150.04800076804 5.3187776432863635e-08
54200.04800076804 1.6456108156707643e-08
54250.04800076804 2.714054399347167e-08
54300.04800076804 6.244520957367749e-08
54350.04800076804 8.417687006267757e-08
54400.04800076804 8.556540940018242e-08
54450.04800076804 6.654207506715174e-08
54500.04800076804 5.80926820899847e-08
54550.04800076804 5.2924234637816325e-08
54600.04800076804 6.584954156551183e-08
54650.04800076804 2.08412793279897e-08
54700.04800076804 7.626690969186415e-08
54750.04800076804 7.287317996362791e-08
54800.04800076804 4.508778181123408e-08
54850.04800076804 6.417305860068231e-08
54900.04800076804 9.056470254766016e-08
54950.04800076804 1.2637007748204153e-07
55000.04800076804 4.015496441387061e-08
55050.04800076804 7.804699512251422e-08
55100.04800076804 7.461467426234057e-08
55150.04800076804 4.524707607352435e-08
55200.04800076804 4.495171570440402e-08
55250.04800076804 6.262224787951115e-08
55300.04800076804 3.9995857828879907e-08
55350.04800076804 8.170699402881098e-08
55400.04800076804 1.00480401447424e-07
55450.04800076804 5.672759798338585e-08
55500.04800076804 2.5164208247111837e-08
55550.04800076804 3.330252687521615e-08
55600.04800076804 3.8861850949607346e-08
55650.04800076804 3.763146942838439e-08
55700.04800076804 4.4203403093732515e-08
55750.04800076804 4.4843388002732374e-08
55800.04800076804 2.5271558631394248e-08
55850.04800076804 2.821668961264647e-08
55900.04800076804 6.745021665934641e-08
55950.04800076804 8.874097727520815e-08
56000.04800076804 3.335720393696974e-08
56050.04800076804 4.857600016353676e-08
56100.04800076804 6.811122975524984e-08
56150.04800076804 3.791122745394755e-08
56200.04800076804 4.8982114210949854e-08
56250.04800076804 6.4363301480542e-08
56300.04800076804 5.553077713025623e-08
56350.04800076804 4.794422234813732e-08
56400.04800076804 2.1875533452176313e-08
56450.04800076804 1.9965372268060206e-08
56500.04800076804 3.154229274498635e-08
56550.04800076804 1.9662505109510765e-08
56600.04800076804 5.986997604531434e-08
56650.04800076804 6.05702445855774e-08
56700.04800076804 5.7393051271712376e-08
56750.04800076804 2.149795579393397e-08
56800.04800076804 6.101964511497699e-08
56850.04800076804 5.238653004114625e-08
56900.04800076804 2.799949228373305e-08
56950.04800076804 6.113927092904972e-08
57000.04800076804 7.349996984344444e-08
57050.04800076804 3.7001587680494504e-08
57100.04800076804 1.4526240524246225e-08
57150.04800076804 2.4318868011468474e-08
57200.04800076804 2.1099496689992458e-08
57250.04800076804 2.8111560163239544e-08
57300.04800076804 4.9044872779600554e-08
57350.04800076804 2.295847939662858e-08
57400.04800076804 4.842348188542889e-08
57450.04800076804 3.438393313545962e-08
57500.04800076804 3.616951053206147e-08
57550.04800076804 5.1177862692865525e-08
57600.04800076804 5.071399309992716e-08
57650.04800076804 1.2301347349387578e-08
57700.04800076804 1.9898328341344973e-08
57750.04800076804 3.2990100259336334e-08
57800.04800076804 1.2788557102959337e-08
57850.04800076804 8.767117139986263e-08
57900.04800076804 9.647060795015192e-08
57950.04800076804 8.831219282272219e-08
58000.04800076804 3.2723723930021566e-08
58050.04800076804 5.3570745444430066e-08
58100.04800076804 5.8601522330573604e-08
58150.04800076804 3.5450530984528245e-08
58200.04800076804 1.3364380541167178e-08
58250.04800076804 1.9307352658108464e-08
58300.04800076804 1.7797858221033042e-08
58350.04800076804 2.570343402946118e-08
58400.04800076804 4.776774632977973e-08
58450.04800076804 4.969113675353348e-08
58500.04800076804 4.501525106886722e-08
58550.04800076804 4.621837013779271e-08
58600.04800076804 1.9770780504661874e-08
58650.04800076804 2.6469139318215202e-08
58700.04800076804 3.576269723660752e-08
58750.04800076804 3.332619272813194e-08
58800.04800076804 8.27101147379647e-09
58850.04800076804 2.684244594667932e-08
58900.04800076804 3.963540009996662e-08
58950.04800076804 1.7739138126238242e-08
59000.04800076804 3.993308866659427e-08
59050.04800076804 5.054823535840003e-08
59100.04800076804 5.264544178864585e-08
59150.04800076804 3.7064915864148364e-08
59200.04800076804 4.434922077286373e-08
59250.04800076804 4.87770019427824e-08
59300.04800076804 3.958121131774864e-08
59350.04800076804 1.1602637180650376e-08
59400.04800076804 9.876738330406075e-09
59450.04800076804 3.9908660667138946e-08
59500.04800076804 2.0109136987421368e-08
59550.04800076804 4.367627264810714e-08
59600.04800076804 4.977307273856314e-08
59650.04800076804 3.300926204225591e-08
59700.04800076804 2.1694749071089046e-08
59750.04800076804 6.113764641596229e-08
59800.04800076804 3.0882539348728865e-08
59850.04800076804 4.536751926535982e-08
59900.04800076804 1.655836672072296e-08
59950.04800076804 3.1502698572961776e-08
60000.04800076804 7.267440324509428e-08
60050.04800076804 6.146498472607026e-08
60100.04800076804 6.027070446802412e-08
60150.04800076804 3.163893068526258e-08
60200.04800076804 5.0926722661184284e-08
60250.04800076804 6.722171983637908e-08
60300.04800076804 6.468068332286189e-08
60350.04800076804 4.270800009641931e-08
60400.04800076804 4.7582695127248935e-08
60450.04800076804 1.565620164321364e-08
60500.04800076804 7.035994958369246e-09
60550.04800076804 4.584360654434032e-08
60600.04800076804 5.336337467552694e-08
60650.04800076804 3.657867312922135e-08
60700.04800076804 2.510573674005206e-08
60750.04800076804 1.598202513570043e-08
60800.04800076804 5.1215984463355565e-08
60850.04800076804 9.150487387588814e-08
60900.04800076804 8.597365436619729e-08
60950.04800076804 7.128885765304649e-08
61000.04800076804 5.182201713202536e-08
61050.04800076804 2.6569113039989694e-08
61100.04800076804 3.592633166738171e-08
61150.04800076804 1.2466166858654e-08
61200.04800076804 5.6578540529852625e-08
61250.04800076804 7.679676360313911e-08
61300.04800076804 6.938586083486236e-08
61350.04800076804 9.245628519617184e-08
61400.04800076804 4.5336482392955225e-08
61450.04800076804 1.8569760042234363e-08
61500.04800076804 3.280615057271858e-08
61550.04800076804 3.862897939985007e-08
61600.04800076804 2.084092620166908e-08
61650.04800076804 4.450919953054528e-08
61700.04800076804 3.79149901271323e-08
61750.04800076804 4.444208036837627e-08
61800.04800076804 4.7590931321225447e-08
61850.04800076804 2.016105166499299e-08
61900.04800076804 6.583458430174847e-08
61950.04800076804 5.5581124470011865e-08
62000.04800076804 7.918093042602243e-08
62050.04800076804 6.043771520385558e-08
62100.04800076804 5.7664136276097976e-08
62150.04800076804 8.044728904802316e-08
62200.04800076804 6.531992194305959e-08
62250.04800076804 6.1758436448406e-08
62300.04800076804 1.074756348784894e-07
62350.04800076804 7.727041473541912e-08
62400.04800076804 3.183479136533599e-08
62450.04800076804 5.907176117894657e-08
62500.04800076804 9.84548751561452e-08
62550.04800076804 8.508389510184297e-08
62600.04800076804 9.748289797285045e-08
62650.04800076804 6.742481603155054e-08
62700.04800076804 7.24478242589923e-08
62750.04800076804 9.844834083167453e-08
62800.04800076804 5.5656498887470603e-08
62850.04800076804 8.622993083064028e-08
62900.04800076804 5.6231476020944605e-08
62950.04800076804 9.566547051757048e-08
63000.04800076804 7.110908138016788e-08
63050.04800076804 1.0539629100629892e-07
63100.04800076804 9.894363880703303e-08
63150.04800076804 7.890243886453497e-08
63200.04800076804 9.528330835948957e-08
63250.04800076804 5.710909621956623e-08
63300.04800076804 7.823405365492625e-08
63350.04800076804 7.253231674024835e-08
63400.04800076804 3.4662465120585135e-08
63450.04800076804 2.1862599788244715e-08
