galfind/configs/Brown_Dwarf_templates/sonora_cholla/logkzz2/56g/800K_56g_logkzz2_resample.dat
# %ECSV 1.0
# ---
# datatype:
# - {name: wav, unit: Angstrom, datatype: float64}
# - {name: flux_nu, unit: erg / (cm2 Hz s), datatype: float64}
# schema: astropy-2.0
wav flux_nu
3000.0480007680403 nan
3050.0480007680403 0.0
3100.0480007680403 0.0
3150.0480007680403 0.0
3200.0480007680403 0.0
3250.0480007680403 0.0
3300.0480007680403 0.0
3350.0480007680403 0.0
3400.0480007680403 0.0
3450.0480007680403 0.0
3500.0480007680403 0.0
3550.0480007680403 0.0
3600.0480007680403 0.0
3650.0480007680403 0.0
3700.0480007680403 0.0
3750.0480007680403 0.0
3800.0480007680403 0.0
3850.0480007680403 0.0
3900.0480007680403 0.0
3950.0480007680403 0.0
4000.0480007680403 0.0
4050.0480007680403 0.0
4100.04800076804 0.0
4150.04800076804 0.0
4200.04800076804 0.0
4250.04800076804 0.0
4300.04800076804 0.0
4350.04800076804 0.0
4400.04800076804 0.0
4450.04800076804 0.0
4500.04800076804 0.0
4550.04800076804 0.0
4600.04800076804 0.0
4650.04800076804 0.0
4700.04800076804 0.0
4750.04800076804 0.0
4800.04800076804 0.0
4850.04800076804 5.2791994546235555e-53
4900.04800076804 2.15126573922382e-52
4950.04800076804 6.6240063021670525e-52
5000.04800076804 2.2576608304742506e-12
5050.04800076804 5.720191319037294e-12
5100.04800076804 6.532631130365299e-12
5150.04800076804 7.594908837877136e-12
5200.04800076804 8.865572706243457e-12
5250.04800076804 1.0290533308819397e-11
5300.04800076804 1.1932815147302499e-11
5350.04800076804 1.3806736915181275e-11
5400.04800076804 1.589409341484158e-11
5450.04800076804 1.8298918812513637e-11
5500.04800076804 2.1029478426976993e-11
5550.04800076804 2.4102449546067522e-11
5600.04800076804 2.746639068859363e-11
5650.04800076804 3.1041116587872196e-11
5700.04800076804 3.4469019486374847e-11
5750.04800076804 3.8002128743974093e-11
5800.04800076804 4.028468772317461e-11
5850.04800076804 3.911941166691774e-11
5900.04800076804 1.644505351189524e-11
5950.04800076804 2.706951917604733e-11
6000.04800076804 6.228917171675221e-11
6050.04800076804 8.225459803913612e-11
6100.04800076804 1.0034971607324822e-10
6150.04800076804 1.1832631866989437e-10
6200.04800076804 1.3717130376061665e-10
6250.04800076804 1.5686167676590372e-10
6300.04800076804 1.7943513399149208e-10
6350.04800076804 2.0440772198162908e-10
6400.04800076804 2.3166904371892106e-10
6450.04800076804 2.5407653160403226e-10
6500.04800076804 2.873298098866596e-10
6550.04800076804 3.273536120523053e-10
6600.04800076804 3.731626806638745e-10
6650.04800076804 4.25520341193986e-10
6700.04800076804 4.8884768186686e-10
6750.04800076804 5.571719756446023e-10
6800.04800076804 6.307906491448556e-10
6850.04800076804 7.116091004475521e-10
6900.04800076804 7.349855524276379e-10
6950.04800076804 7.371744545494392e-10
7000.04800076804 8.21958726775038e-10
7050.04800076804 8.579129507552218e-10
7100.04800076804 9.198695471305498e-10
7150.04800076804 8.664596812018755e-10
7200.04800076804 8.797919466396653e-10
7250.04800076804 9.856713243126249e-10
7300.04800076804 1.0592317924168844e-09
7350.04800076804 1.1716088398582825e-09
7400.04800076804 1.2808606537417342e-09
7450.04800076804 1.445186801932345e-09
7500.04800076804 1.5826776846513478e-09
7550.04800076804 1.7290599778009841e-09
7600.04800076804 1.8757875631991257e-09
7650.04800076804 2.0039405032555324e-09
7700.04800076804 1.5949936388217327e-09
7750.04800076804 1.0732042699521354e-09
7800.04800076804 2.3578769594087042e-09
7850.04800076804 2.6131960811948292e-09
7900.04800076804 2.883857899198103e-09
7950.04800076804 3.1456778196515068e-09
8000.04800076804 3.3329010139723704e-09
8050.04800076804 3.5251611898246327e-09
8100.04800076804 3.2275459693525944e-09
8150.04800076804 3.2576990773417493e-09
8200.04800076804 3.9036653287314095e-09
8250.04800076804 4.046965507497585e-09
8300.04800076804 4.436466824005548e-09
8350.04800076804 4.561621648105964e-09
8400.04800076804 4.896420433901812e-09
8450.04800076804 5.4614968456861675e-09
8500.04800076804 6.0806517376280645e-09
8550.04800076804 6.750150729524501e-09
8600.04800076804 7.459636344351115e-09
8650.04800076804 8.140046552494517e-09
8700.04800076804 8.53337896794217e-09
8750.04800076804 9.194616379092071e-09
8800.04800076804 9.546604791205355e-09
8850.04800076804 8.899785420947785e-09
8900.04800076804 5.3124013348869e-09
8950.04800076804 5.993793406479757e-09
9000.04800076804 5.16287304542749e-09
9050.04800076804 8.831734351960813e-09
9100.04800076804 9.682637286654442e-09
9150.04800076804 9.43847889804196e-09
9200.04800076804 1.1626267734210703e-08
9250.04800076804 1.1060470606781411e-08
9300.04800076804 4.2016044323830785e-09
9350.04800076804 4.686889760724617e-09
9400.04800076804 6.743351212655974e-09
9450.04800076804 8.126391602374892e-09
9500.04800076804 7.622708979190169e-09
9550.04800076804 9.052777144649616e-09
9600.04800076804 8.504723806189445e-09
9650.04800076804 1.0101143763636182e-08
9700.04800076804 1.297700409045191e-08
9750.04800076804 1.299174484757288e-08
9800.04800076804 1.5386267763157133e-08
9850.04800076804 1.7414460172888018e-08
9900.04800076804 2.0951934036922206e-08
9950.04800076804 2.175500819985552e-08
10000.04800076804 2.6241216921667795e-08
10050.04800076804 2.929799171711114e-08
10100.04800076804 3.5938001578347344e-08
10150.04800076804 4.1551434600782164e-08
10200.04800076804 4.9241604293605923e-08
10250.04800076804 5.6275407598384315e-08
10300.04800076804 6.329585569307418e-08
10350.04800076804 7.459787635609779e-08
10400.04800076804 8.854725605679312e-08
10450.04800076804 9.595786055994434e-08
10500.04800076804 1.0173029615740757e-07
10550.04800076804 1.0925090740814157e-07
10600.04800076804 1.147173828382085e-07
10650.04800076804 1.2437032489325213e-07
10700.04800076804 1.303510481211774e-07
10750.04800076804 1.37426064503993e-07
10800.04800076804 1.3655952441850786e-07
10850.04800076804 1.3568409226623447e-07
10900.04800076804 9.973639859802304e-08
10950.04800076804 5.445348725044809e-08
11000.04800076804 4.1997979068462384e-08
11050.04800076804 3.025316999627247e-08
11100.04800076804 2.1950124075387204e-08
11150.04800076804 1.2885028344034803e-08
11200.04800076804 1.0737568318567705e-08
11250.04800076804 1.3044536499636548e-08
11300.04800076804 1.5388632396786802e-08
11350.04800076804 6.620195006818795e-09
11400.04800076804 1.4156770295066374e-08
11450.04800076804 1.0479631788460182e-08
11500.04800076804 8.487584655521307e-09
11550.04800076804 3.242888308773801e-09
11600.04800076804 3.6558013371283014e-09
11650.04800076804 7.234879695398537e-09
11700.04800076804 8.317814161308034e-09
11750.04800076804 2.178146546428827e-09
11800.04800076804 9.618077666740709e-09
11850.04800076804 1.7349016279321354e-08
11900.04800076804 2.018542085390315e-08
11950.04800076804 3.003392844904998e-08
12000.04800076804 4.684290351696874e-08
12050.04800076804 6.623311248179396e-08
12100.04800076804 9.002447692015616e-08
12150.04800076804 1.1185803861347191e-07
12200.04800076804 1.3893293835908604e-07
12250.04800076804 1.7218035116183417e-07
12300.04800076804 2.0195877945317796e-07
12350.04800076804 2.1577698435622562e-07
12400.04800076804 2.561298182339831e-07
12450.04800076804 3.062188555700352e-07
12500.04800076804 3.327442140992566e-07
12550.04800076804 3.5608085490654095e-07
12600.04800076804 3.443440792211543e-07
12650.04800076804 3.30379975306446e-07
12700.04800076804 3.275336017957021e-07
12750.04800076804 3.2366119704011916e-07
12800.04800076804 3.255422639834319e-07
12850.04800076804 2.676669834169382e-07
12900.04800076804 2.2414561006589023e-07
12950.04800076804 2.192541029067444e-07
13000.04800076804 1.977726337816432e-07
13050.04800076804 1.6606741248056214e-07
13100.04800076804 1.420263183749418e-07
13150.04800076804 1.0514324945195563e-07
13200.04800076804 9.251850672369554e-08
13250.04800076804 6.399248903931224e-08
13300.04800076804 2.6848375992493204e-08
13350.04800076804 7.400978736796136e-09
13400.04800076804 4.4693244722947205e-09
13450.04800076804 2.062432162618293e-09
13500.04800076804 1.0934260788215335e-09
13550.04800076804 7.653517574464664e-10
13600.04800076804 2.8820835520474245e-10
13650.04800076804 1.108961369324049e-09
13700.04800076804 8.488583376271124e-10
13750.04800076804 9.115698038702689e-10
13800.04800076804 9.470269965124693e-10
13850.04800076804 7.711987312335729e-10
13900.04800076804 8.025552747902662e-10
13950.04800076804 6.716442802982901e-10
14000.04800076804 6.652787888659859e-10
14050.04800076804 9.59023562540057e-10
14100.04800076804 9.39747639709949e-10
14150.04800076804 1.4997207472464163e-09
14200.04800076804 1.0836444044466526e-09
14250.04800076804 1.3115101667841247e-09
14300.04800076804 2.4104610019744225e-09
14350.04800076804 2.40212125378406e-09
14400.04800076804 2.8747067573705714e-09
14450.04800076804 3.3014483234498775e-09
14500.04800076804 6.867728091586729e-09
14550.04800076804 7.176787847034774e-09
14600.04800076804 1.018356992296931e-08
14650.04800076804 1.1268549806924242e-08
14700.04800076804 7.530436390287876e-09
14750.04800076804 1.1189530473148452e-08
14800.04800076804 1.5026413396110012e-08
14850.04800076804 1.5747324937294746e-08
14900.04800076804 1.812991520624088e-08
14950.04800076804 2.219193578976484e-08
15000.04800076804 2.464701341223026e-08
15050.04800076804 3.020929743897974e-08
15100.04800076804 3.632704617518649e-08
15150.04800076804 3.915881800283042e-08
15200.04800076804 3.552343358258968e-08
15250.04800076804 4.8103121796438954e-08
15300.04800076804 5.8062354659921445e-08
15350.04800076804 7.163709881617075e-08
15400.04800076804 7.998637871874524e-08
15450.04800076804 9.060420865751476e-08
15500.04800076804 9.536001558968383e-08
15550.04800076804 1.1235972909710546e-07
15600.04800076804 1.2111966975074235e-07
15650.04800076804 1.2088456417099596e-07
15700.04800076804 1.4219673952639378e-07
15750.04800076804 1.525110110772547e-07
15800.04800076804 1.4560423528984066e-07
15850.04800076804 1.5396530806506827e-07
15900.04800076804 1.3227108105614413e-07
15950.04800076804 1.208480866090465e-07
16000.04800076804 9.12389088436144e-08
16050.04800076804 5.830522617809979e-08
16100.04800076804 4.0781283035520784e-08
16150.04800076804 2.323190128059013e-08
16200.04800076804 1.4487293646923493e-08
16250.04800076804 1.3462291965033547e-08
16300.04800076804 9.433812721185317e-09
16350.04800076804 1.0873974432310044e-08
16400.04800076804 1.2115254449724918e-08
16450.04800076804 1.3845227034681667e-08
16500.04800076804 1.4715757978474558e-08
16550.04800076804 1.3268464653006686e-08
16600.04800076804 1.373033865204471e-08
16650.04800076804 9.960853681045137e-09
16700.04800076804 2.886457916694579e-09
16750.04800076804 5.42319565619327e-09
16800.04800076804 9.49316951285537e-09
16850.04800076804 1.0578472278008671e-08
16900.04800076804 7.470748855866049e-09
16950.04800076804 6.03927118966801e-09
17000.04800076804 4.349527663854515e-09
17050.04800076804 6.201774844445812e-09
17100.04800076804 8.58503267439171e-09
17150.04800076804 5.378234463070354e-09
17200.04800076804 1.2233734645529719e-08
17250.04800076804 9.110988042173316e-09
17300.04800076804 6.369591896894652e-09
17350.04800076804 6.850072186143719e-09
17400.04800076804 7.566673646170354e-09
17450.04800076804 1.035041432377029e-08
17500.04800076804 1.3527012242658561e-08
17550.04800076804 1.169591339111104e-08
17600.04800076804 8.909621225600783e-09
17650.04800076804 8.5625608710684e-09
17700.04800076804 6.524065535406118e-09
17750.04800076804 6.399582356372712e-09
17800.04800076804 9.88441361239208e-09
17850.04800076804 6.689865487099382e-09
17900.04800076804 6.645153211996985e-09
17950.04800076804 4.2696419726956146e-09
18000.04800076804 5.558971107860442e-09
18050.04800076804 7.025519858509422e-09
18100.04800076804 5.7720121822609315e-09
18150.04800076804 9.19248023604364e-09
18200.04800076804 5.4938670316735224e-09
18250.04800076804 1.2234059643784501e-08
18300.04800076804 6.9808635169422224e-09
18350.04800076804 5.671735611257946e-09
18400.04800076804 4.71765268803816e-09
18450.04800076804 7.635519893899173e-09
18500.04800076804 8.966205043941763e-09
18550.04800076804 6.637102690546181e-09
18600.04800076804 6.619749562147571e-09
18650.04800076804 5.453254449638605e-09
18700.04800076804 4.5777557417589745e-09
18750.04800076804 6.431457984903309e-09
18800.04800076804 1.495818530672818e-08
18850.04800076804 1.5728249130873205e-08
18900.04800076804 1.4270613749728611e-08
18950.04800076804 2.2469304959197525e-08
19000.04800076804 1.4076090878333345e-08
19050.04800076804 9.996805268822913e-09
19100.04800076804 1.9788086050865793e-08
19150.04800076804 1.3565513769668775e-08
19200.04800076804 1.7787362906106582e-08
19250.04800076804 1.4983366538068826e-08
19300.04800076804 1.1957000809570257e-08
19350.04800076804 1.2459449855628894e-08
19400.04800076804 7.691736352782735e-09
19450.04800076804 1.5115810470661577e-08
19500.04800076804 1.3814834510170406e-08
19550.04800076804 1.1162871007303997e-08
19600.04800076804 1.6922375011988022e-08
19650.04800076804 1.8299793187219744e-08
19700.04800076804 1.8819705328496656e-08
19750.04800076804 2.0965346752406255e-08
19800.04800076804 2.5614905514177375e-08
19850.04800076804 3.126059817377564e-08
19900.04800076804 2.3776373630519084e-08
19950.04800076804 3.765812176403079e-08
20000.04800076804 3.7629617445172215e-08
20050.04800076804 3.9319444926719536e-08
20100.04800076804 4.455272498506055e-08
20150.04800076804 4.016781253372481e-08
20200.04800076804 4.892008863666623e-08
20250.04800076804 5.846342959214988e-08
20300.04800076804 5.2445094162384065e-08
20350.04800076804 6.08853295782118e-08
20400.04800076804 5.849417772915308e-08
20450.04800076804 7.377745685292795e-08
20500.04800076804 7.48334305718135e-08
20550.04800076804 7.174716161714875e-08
20600.04800076804 8.338903222238104e-08
20650.04800076804 7.695568573727775e-08
20700.04800076804 7.976807864704943e-08
20750.04800076804 8.673800025714658e-08
20800.04800076804 8.272049612487667e-08
20850.04800076804 8.04996950092165e-08
20900.04800076804 8.425865809726653e-08
20950.04800076804 7.5351429008331e-08
21000.04800076804 7.923669192895524e-08
21050.04800076804 7.153308486751101e-08
21100.04800076804 6.81572107519862e-08
21150.04800076804 6.657514102964203e-08
21200.04800076804 6.25676803227603e-08
21250.04800076804 5.9105662472694834e-08
21300.04800076804 4.865111781087878e-08
21350.04800076804 5.000903972128016e-08
21400.04800076804 4.394186442066652e-08
21450.04800076804 3.7589395494301055e-08
21500.04800076804 3.834282648515235e-08
21550.04800076804 3.5021305882684e-08
21600.04800076804 2.990489171456801e-08
21650.04800076804 2.4737961194563356e-08
21700.04800076804 2.6386571891005335e-08
21750.04800076804 2.59326172174553e-08
21800.04800076804 2.2135133666002788e-08
21850.04800076804 1.8831009738553776e-08
21900.04800076804 1.5176989761662757e-08
21950.04800076804 5.511283582393035e-09
22000.04800076804 2.6399041618074065e-09
22050.04800076804 2.1553773586130843e-09
22100.04800076804 4.298850279810395e-09
22150.04800076804 5.843159188928345e-09
22200.04800076804 5.448896990189312e-09
22250.04800076804 4.916431530656471e-09
22300.04800076804 3.760291425712733e-09
22350.04800076804 3.749085021558234e-09
22400.04800076804 2.47674420437402e-09
22450.04800076804 2.483087381615397e-09
22500.04800076804 2.587151024516352e-09
22550.04800076804 1.0529124313482836e-09
22600.04800076804 1.8231415081221282e-09
22650.04800076804 2.448517539645148e-09
22700.04800076804 1.6340344774942864e-09
22750.04800076804 1.941302489873937e-09
22800.04800076804 1.6622193620884905e-09
22850.04800076804 1.451336675238563e-09
22900.04800076804 9.108485152668859e-10
22950.04800076804 1.0567586555357571e-09
23000.04800076804 1.251874570080364e-09
23050.04800076804 1.6194979479630094e-09
23100.04800076804 3.514353611341218e-09
23150.04800076804 4.03024522146772e-09
23200.04800076804 8.514289609080808e-10
23250.04800076804 7.791784105162186e-10
23300.04800076804 1.0042927060243331e-09
23350.04800076804 8.142365270862986e-10
23400.04800076804 1.4851711672685299e-09
23450.04800076804 1.1447695566190199e-09
23500.04800076804 9.565040496130397e-10
23550.04800076804 1.80807530786067e-09
23600.04800076804 1.7762805651165962e-09
23650.04800076804 2.936206605384569e-09
23700.04800076804 1.1124238077000228e-09
23750.04800076804 7.019534849399125e-10
