galfind/configs/Brown_Dwarf_templates/sonora_cholla/logkzz2/56g/850K_56g_logkzz2_resample.dat
# %ECSV 1.0
# ---
# datatype:
# - {name: wav, unit: Angstrom, datatype: float64}
# - {name: flux_nu, unit: erg / (cm2 Hz s), datatype: float64}
# schema: astropy-2.0
wav flux_nu
10000.000000000093 nan
10050.000000000093 1.0139458079178462e-07
10100.000000000093 1.2711753615521275e-07
10150.000000000093 1.385248076642495e-07
10200.000000000093 1.62131988076691e-07
10250.000000000093 1.8111654139653884e-07
10300.000000000093 1.9117269288490782e-07
10350.000000000093 2.2800922400342313e-07
10400.000000000093 2.6050522285964874e-07
10450.000000000093 2.6877880811898935e-07
10500.000000000093 2.6293782076455076e-07
10550.000000000093 2.6700505256074053e-07
10600.000000000093 2.755941262834759e-07
10650.000000000093 2.9833595650338094e-07
10700.000000000093 3.124129915822552e-07
10750.000000000093 3.275380488099362e-07
10800.000000000093 3.2674617868091045e-07
10850.000000000093 3.300594585203459e-07
10900.000000000093 2.390773487545359e-07
10950.000000000093 1.2602093080881755e-07
11000.000000000093 9.893544920365862e-08
11050.000000000093 7.16933612234141e-08
11100.000000000093 5.337055974556401e-08
11150.000000000093 3.2982363270920216e-08
11200.000000000093 2.8113919076117038e-08
11250.000000000093 3.421527502809628e-08
11300.000000000093 3.732414155026461e-08
11350.000000000093 1.5622811282615514e-08
11400.000000000093 3.2374101201440064e-08
11450.000000000093 2.373342058466771e-08
11500.000000000093 2.1015525321237462e-08
11550.000000000093 8.955782645287124e-09
11600.000000000093 1.0160843604269864e-08
11650.000000000093 1.7732734462655923e-08
11700.000000000093 2.0079468033346917e-08
11750.000000000093 6.335441379977195e-09
11800.000000000093 2.2821220189866422e-08
11850.000000000093 3.995609967779128e-08
11900.000000000093 4.410194207279013e-08
11950.000000000093 6.801438775083363e-08
12000.000000000093 9.093679530097853e-08
12050.000000000093 1.2300489058658726e-07
12100.000000000093 1.5828791849045512e-07
12150.000000000093 1.8912597314166348e-07
12200.000000000093 2.3029010718024871e-07
12250.000000000093 2.770423609947276e-07
12300.000000000093 3.1561296749947857e-07
12350.000000000093 3.3602205106630107e-07
12400.000000000093 3.8307877349259737e-07
12450.000000000093 4.5057680453089606e-07
12500.000000000093 4.856166253443946e-07
12550.000000000093 5.162998200048506e-07
12600.000000000093 5.108732520402262e-07
12650.000000000093 5.045160879620346e-07
12700.000000000093 5.12763859458305e-07
12750.000000000093 4.769309231852898e-07
12800.000000000093 4.74415592572411e-07
12850.000000000093 4.015952214251772e-07
12900.000000000093 3.450385369387298e-07
12950.000000000093 3.471123914163629e-07
13000.000000000093 3.232889618834236e-07
13050.000000000093 2.876761539285428e-07
13100.000000000093 2.457132255273733e-07
13150.000000000093 1.8710789361461168e-07
13200.000000000093 1.6823162381342806e-07
13250.000000000093 1.1912050853511947e-07
13300.000000000093 5.2271152046222e-08
13350.000000000093 1.4068608878868769e-08
13400.000000000093 8.240526197506994e-09
13450.000000000093 4.023738946770209e-09
13500.000000000093 2.2148797597447414e-09
13550.000000000093 1.6200387574669113e-09
13600.000000000093 6.70051270952152e-10
13650.000000000093 2.287497428555139e-09
13700.000000000093 1.8106227653903047e-09
13750.000000000093 1.884649547416921e-09
13800.000000000093 2.0297607583247106e-09
13850.000000000093 1.6772648799008474e-09
13900.000000000093 1.6964850795313401e-09
13950.000000000093 1.4404430281110476e-09
14000.000000000093 1.3941294613297128e-09
14050.000000000093 1.945460452429067e-09
14100.000000000093 1.8422137678439126e-09
14150.000000000093 2.8150405487251377e-09
14200.000000000093 2.1168244788144755e-09
14250.000000000093 2.474954078563656e-09
14300.000000000093 4.290605813146928e-09
14350.000000000093 4.227925581525187e-09
14400.000000000093 5.1391978372913624e-09
14450.000000000093 5.7790480676114185e-09
14500.000000000093 1.1526301752069691e-08
14550.000000000093 1.1932394957181956e-08
14600.000000000093 1.6551436781847254e-08
14650.000000000093 1.840418194621818e-08
14700.000000000093 1.247350446663202e-08
14750.000000000093 1.833570239321804e-08
14800.000000000093 2.4462958433820023e-08
14850.000000000093 2.5633386645249565e-08
14900.000000000093 2.9025930871840265e-08
14950.000000000093 3.459143956393247e-08
15000.000000000093 3.7837373122006453e-08
15050.000000000093 4.7411496414622144e-08
15100.000000000093 5.588073009558405e-08
15150.000000000093 6.106815415611687e-08
15200.000000000093 5.408366049586625e-08
15250.000000000093 7.153536016743732e-08
15300.000000000093 8.61011428801913e-08
15350.000000000093 1.0491109533481496e-07
15400.000000000093 1.1744899867073702e-07
15450.000000000093 1.3422230798232822e-07
15500.000000000093 1.433793576996316e-07
15550.000000000093 1.6785510866101523e-07
15600.000000000093 1.833188247828939e-07
15650.000000000093 1.9035649642760744e-07
15700.000000000093 2.205089229381383e-07
15750.000000000093 2.3765199462805978e-07
15800.000000000093 2.2235959905184285e-07
15850.000000000093 2.3659695334413059e-07
15900.000000000093 2.144944847819613e-07
15950.000000000093 1.9109197656635232e-07
16000.000000000093 1.522819312919446e-07
16050.000000000093 1.0310859099421635e-07
16100.000000000093 7.420141166975729e-08
16150.000000000093 4.256330639810583e-08
16200.000000000093 2.6414161926747978e-08
16250.000000000093 2.501745729611691e-08
16300.000000000093 1.79451006843654e-08
16350.000000000093 2.0303617242648802e-08
16400.000000000095 2.2872137835483595e-08
16450.000000000095 2.641379920535127e-08
16500.000000000095 2.8365527185136913e-08
16550.000000000095 2.5590924599054274e-08
16600.000000000095 2.5082651069676475e-08
16650.000000000095 1.8432121190953236e-08
16700.000000000095 5.732535687694915e-09
16750.000000000095 9.55228288162188e-09
16800.000000000095 1.6716530829303634e-08
16850.000000000095 1.8638277601125446e-08
16900.000000000095 1.3675795078093986e-08
16950.000000000095 1.1328764684023492e-08
17000.000000000095 8.427382768454264e-09
17050.000000000095 1.1849837069904641e-08
17100.000000000095 1.598160944496907e-08
17150.000000000095 1.0506402821340875e-08
17200.000000000095 2.1479198319801075e-08
17250.000000000095 1.6760553349696523e-08
17300.000000000095 1.211719769335692e-08
17350.000000000095 1.2605085027260682e-08
17400.000000000095 1.3336102682195717e-08
17450.000000000095 1.7708568812578378e-08
17500.000000000095 2.2717503920640066e-08
17550.000000000095 1.9693591104095475e-08
17600.000000000095 1.5384497644919034e-08
17650.000000000095 1.500925873480485e-08
17700.000000000095 1.1225854082383009e-08
17750.000000000095 1.1070778739680383e-08
17800.000000000095 1.6392182163680905e-08
17850.000000000095 1.1324023373851158e-08
17900.000000000095 1.160015829034383e-08
17950.000000000095 7.625067877576353e-09
18000.000000000095 9.567010071221181e-09
18050.000000000095 1.1964830647196033e-08
18100.000000000095 9.908845282245028e-09
18150.000000000095 1.5737804774887408e-08
18200.000000000095 9.627774401454894e-09
18250.000000000095 2.0241530630768696e-08
18300.000000000095 1.2332255030061331e-08
18350.000000000095 1.0303220261863531e-08
18400.000000000095 8.786563378409417e-09
18450.000000000095 1.2581636787279522e-08
18500.000000000095 1.4961742627433226e-08
18550.000000000095 1.1366120453412704e-08
18600.000000000095 1.0761791380644831e-08
18650.000000000095 9.352362613846103e-09
18700.000000000095 8.491436465535142e-09
18750.000000000095 1.1082861246843165e-08
18800.000000000095 2.3517239624539413e-08
18850.000000000095 2.586002683286232e-08
18900.000000000095 2.389179039139086e-08
18950.000000000095 3.764677133984472e-08
19000.000000000095 2.50954578856214e-08
19050.000000000095 1.881491128751976e-08
19100.000000000095 3.479202072284319e-08
19150.000000000095 2.5910761560888627e-08
19200.000000000095 3.094111062412216e-08
19250.000000000095 2.69141936248083e-08
19300.000000000095 2.2088378349090534e-08
19350.000000000095 2.154381523749262e-08
19400.000000000095 1.3602636885109609e-08
19450.000000000095 2.62333022412546e-08
19500.000000000095 2.3606937747790485e-08
19550.000000000095 1.912528858262864e-08
19600.000000000095 2.8230873607716304e-08
19650.000000000095 3.031928191274583e-08
19700.000000000095 3.256714364794334e-08
19750.000000000095 3.531623981791181e-08
19800.000000000095 4.0947502460523175e-08
19850.000000000095 4.958289421752109e-08
19900.000000000095 3.567386042842401e-08
19950.000000000095 5.79743062107108e-08
20000.000000000095 5.839065385306753e-08
20050.000000000095 6.03515643798372e-08
20100.000000000095 6.826054140848585e-08
20150.000000000095 6.19886360567951e-08
20200.000000000095 7.604590736380064e-08
20250.000000000095 8.896436044090166e-08
20300.000000000095 7.793943591766697e-08
20350.000000000095 9.072080627483459e-08
20400.000000000095 8.821340156031822e-08
20450.000000000095 1.106402663855359e-07
20500.000000000095 1.1091289674892366e-07
20550.000000000095 1.0549608217540795e-07
20600.000000000095 1.2366090166946638e-07
20650.000000000095 1.1367408891851413e-07
20700.000000000095 1.1810178068452084e-07
20750.000000000095 1.2942184809422427e-07
20800.000000000095 1.2383898710885986e-07
20850.000000000095 1.1962660508135303e-07
20900.000000000095 1.2578724252610682e-07
20950.000000000095 1.1211305056560629e-07
21000.000000000095 1.1875646889873903e-07
21050.000000000095 1.0732211952680854e-07
21100.000000000095 1.0262164226269066e-07
21150.000000000095 1.0010671855427465e-07
21200.000000000095 9.398414334547847e-08
21250.000000000095 8.93005380765661e-08
21300.000000000095 7.398309406628928e-08
21350.000000000095 7.647737283518704e-08
21400.000000000095 6.661772227554088e-08
21450.000000000095 5.780600065933602e-08
21500.000000000095 5.870050098729114e-08
21550.000000000095 5.364885063495441e-08
21600.000000000095 4.6138270483310924e-08
21650.000000000095 3.825490379236837e-08
21700.000000000095 4.0930559473509906e-08
21750.000000000095 3.949708796669738e-08
21800.000000000095 3.3783459927365555e-08
21850.000000000095 2.8851058032031927e-08
21900.000000000095 2.3486317386872738e-08
21950.000000000095 9.181012100700541e-09
22000.000000000095 4.89046766045804e-09
22050.000000000095 3.6479626107494444e-09
22100.000000000095 6.8164946906881004e-09
22150.000000000095 9.316722357658481e-09
22200.000000000095 8.855453781703484e-09
22250.000000000095 7.912435137451087e-09
22300.000000000095 6.4886712439724355e-09
22350.000000000095 6.261965071236643e-09
22400.000000000095 4.4066679232812665e-09
22450.000000000095 4.282355248271995e-09
22500.000000000095 4.526042027023358e-09
22550.000000000095 1.899621296522213e-09
22600.000000000095 3.2291171093489607e-09
22650.000000000095 4.0707314012799165e-09
22700.000000000095 2.966991078356177e-09
22750.000000000095 3.4286752094516878e-09
22800.000000000095 2.8675134240111958e-09
22850.000000000095 2.539183072682691e-09
22900.000000000095 1.7045659581533354e-09
22950.000000000095 2.0271763616419936e-09
23000.000000000095 2.101335119171809e-09
23050.000000000095 2.8435987194834882e-09
23100.000000000095 5.668726674543926e-09
23150.000000000095 6.429869921367291e-09
23200.000000000095 1.5926479036560538e-09
23250.000000000095 1.4471349494013118e-09
23300.000000000095 1.7314626918911058e-09
23350.000000000095 1.4488965664466946e-09
23400.000000000095 2.5298602252054004e-09
23450.000000000095 2.0279393404597915e-09
23500.000000000095 1.7299936296247098e-09
23550.000000000095 3.1434550685199187e-09
23600.000000000095 3.060677196219541e-09
23650.000000000095 4.83339265967992e-09
23700.000000000095 2.0081367892121597e-09
23750.000000000095 1.3367941265304173e-09
23800.000000000095 2.6463615784812116e-09
23850.000000000095 2.5331432878768075e-09
23900.000000000095 4.924357585930437e-09
23950.000000000095 4.96002482792763e-09
24000.000000000095 6.284390947818888e-09
24050.000000000095 8.810432252693201e-09
24100.000000000095 6.6515088873709244e-09
24150.000000000095 7.990935369148915e-09
24200.000000000095 7.614885138544202e-09
24250.000000000095 5.118167338387375e-09
24300.000000000095 7.972507545090202e-09
24350.000000000095 6.4598534899869796e-09
24400.000000000095 1.1065752781381356e-08
24450.000000000095 9.610545037382939e-09
24500.000000000095 1.1430043728513e-08
24550.000000000095 1.270074830445451e-08
24600.000000000095 1.5537616828730147e-08
24650.000000000095 1.6671051729801553e-08
24700.000000000095 1.3672631666364501e-08
24750.000000000095 1.260831902957495e-08
24800.000000000095 1.4900451214548875e-08
24850.000000000095 2.0805979750555568e-08
24900.000000000095 1.172438999130147e-08
24950.000000000095 1.9636266521991035e-08
25000.000000000095 2.1278243548727926e-08
25050.000000000095 1.511085344876854e-08
25100.000000000095 1.8423175965421477e-08
25150.000000000095 1.0970909605229208e-08
25200.000000000095 1.6987230135657858e-08
25250.000000000095 9.501105531239095e-09
25300.000000000095 1.564104854633931e-08
25350.000000000095 6.958767278091379e-09
25400.000000000095 1.609682919403018e-08
25450.000000000095 9.437928545447795e-09
25500.000000000095 8.760281307891722e-09
25550.000000000095 1.1567228742868078e-08
25600.000000000095 5.104434218279158e-09
25650.000000000095 5.494101292689592e-09
25700.000000000095 1.024407874158315e-08
25750.000000000095 4.574812970776818e-09
25800.000000000095 1.1097676113640009e-08
25850.000000000095 4.373057345869352e-09
25900.000000000095 6.058513240749879e-09
25950.000000000095 3.310531677702668e-09
26000.000000000095 1.142530214358142e-08
26050.000000000095 5.329687818652463e-09
26100.000000000095 1.1177968065191986e-08
26150.000000000095 7.771453549000859e-09
26200.000000000095 1.0366448161781025e-08
26250.000000000095 1.7978756769180382e-08
26300.000000000095 9.822441982729923e-09
26350.000000000095 2.1602804086901367e-08
26400.000000000095 2.6742571738156883e-08
26450.000000000095 2.3349724030104966e-08
26500.000000000095 2.2138174411171235e-08
26550.000000000095 1.4679056426386297e-08
26600.000000000095 1.7678239702722155e-08
26650.000000000095 6.6856447808668496e-09
26700.000000000095 4.115924955281403e-09
26750.000000000095 4.020038987716123e-09
26800.000000000095 7.056867818193701e-09
26850.000000000095 4.082565278870193e-09
26900.000000000095 1.1818724035667506e-08
26950.000000000095 5.044521117353464e-09
27000.000000000095 1.719551950436205e-08
27050.000000000095 1.488007741335675e-08
27100.000000000095 7.823631302253276e-09
27150.000000000095 2.2080088336498987e-08
27200.000000000095 7.948844029748765e-09
27250.000000000095 1.2042336531356745e-08
27300.000000000095 3.7618757662549105e-08
27350.000000000095 2.287241314015556e-08
27400.000000000095 3.821415804251007e-09
27450.000000000095 2.901488107622709e-08
27500.000000000095 3.032802917715354e-08
27550.000000000095 1.1386433473278358e-08
27600.000000000095 2.3047150702328263e-08
27650.000000000095 9.064099994038251e-09
27700.000000000095 6.4700383916034576e-09
27750.000000000095 2.3450935739389755e-08
27800.000000000095 1.0139639377802265e-08
27850.000000000095 1.2239226654886889e-08
27900.000000000095 1.5927481500281738e-08
27950.000000000095 2.195840324440411e-08
28000.000000000095 2.228574715249768e-08
28050.000000000095 7.2939933878490644e-09
28100.000000000095 3.016435175998755e-08
28150.000000000095 1.9539861472186712e-08
28200.000000000095 6.543288912384702e-09
28250.000000000095 3.0675792093933654e-08
28300.000000000095 4.489364243415614e-08
28350.000000000095 9.610091538664778e-09
28400.000000000095 2.5653471330807956e-08
28450.000000000095 3.3391273241642594e-08
28500.000000000095 2.4378936824490183e-08
28550.000000000095 7.710907929513618e-09
28600.000000000095 3.1755353093191245e-08
28650.000000000095 3.2084343816302286e-08
28700.000000000095 2.655634556717569e-08
28750.000000000095 4.199784864489775e-08
28800.000000000095 3.368675648966661e-08
28850.000000000095 4.655776725619229e-08
28900.000000000095 1.893731202811484e-08
28950.000000000095 5.0859234432184063e-08
29000.000000000095 3.1320566079017586e-08
29050.000000000095 3.9070061085460094e-08
29100.000000000095 2.2030214296457526e-08
29150.000000000095 5.4179837775942204e-08
29200.000000000095 3.4513989902116374e-08
29250.000000000095 5.11941985465276e-08
