galfind/configs/Brown_Dwarf_templates/sonora_cholla/logkzz2/56g/850K_56g_logkzz2_resample.dat
# %ECSV 1.0
# ---
# datatype:
# - {name: wav, unit: Angstrom, datatype: float64}
# - {name: flux_nu, unit: erg / (cm2 Hz s), datatype: float64}
# schema: astropy-2.0
wav flux_nu
[from data line 387]
29350.000000000095 1.0049282899889019e-07
29400.000000000095 4.695094777216357e-08
29450.000000000095 4.9999421235793705e-08
29500.000000000095 5.6932729759830793e-08
29550.000000000095 4.387363786386444e-08
29600.000000000095 6.715691159998963e-08
29650.000000000095 6.017678420462124e-08
29700.000000000095 4.362653201641966e-08
29750.000000000095 5.690186387426457e-08
29800.000000000095 7.192466076793288e-08
29850.000000000095 7.749448644910684e-08
29900.000000000095 7.1638657383629e-08
29950.000000000095 5.565200586517181e-08
30000.000000000095 5.532623139739051e-08
30050.000000000095 4.903152877347755e-08
30100.000000000095 6.280247240750396e-08
30150.000000000095 7.571626347038257e-08
30200.000000000095 5.593463972705558e-08
30250.000000000095 8.058944628217496e-08
30300.000000000095 6.960388893964933e-08
30350.000000000095 5.604324177494493e-08
30400.000000000095 6.907821390045683e-08
30450.000000000095 5.4239676711500175e-08
30500.000000000095 5.077305512709624e-08
30550.000000000095 4.994885468455381e-08
30600.000000000095 5.978891848682145e-08
30650.000000000095 5.1314093541427475e-08
30700.000000000095 4.3805621770437714e-08
30750.000000000095 4.014691310743847e-08
30800.000000000095 3.9809279811352494e-08
30850.000000000095 3.827682238321613e-08
30900.000000000095 3.596261048098843e-08
30950.000000000095 2.6354342040068105e-08
31000.000000000095 2.9850270269356225e-08
31050.000000000095 2.8862787183339878e-08
31100.000000000095 1.8705173575817226e-08
31150.000000000095 2.4656404582595785e-08
31200.000000000095 2.4772216536828453e-08
31250.000000000095 1.8252059339539426e-08
31300.000000000095 1.6856353382450032e-08
31350.000000000095 1.7869008163867396e-08
31400.000000000095 1.01372567342064e-08
31450.000000000095 1.8716638227796318e-08
31500.000000000095 1.0459570261727722e-08
31550.000000000095 1.534972674398369e-08
31600.000000000095 9.15406630922639e-09
31650.000000000095 1.0053944712069248e-08
31700.000000000095 1.1426142970471204e-08
31750.000000000095 6.592736144277065e-09
31800.000000000095 1.066270494994215e-08
31850.000000000095 8.18598135313878e-09
31900.000000000095 8.43003896989267e-09
31950.000000000095 7.46961695700693e-09
32000.000000000095 8.381007842454628e-09
32050.000000000095 5.167331186777134e-09
32100.000000000095 5.48972386677398e-09
32150.000000000095 7.15484471060022e-09
32200.000000000095 5.0580852074073465e-09
32250.000000000095 9.794917366155488e-09
32300.000000000095 3.9202891833201495e-09
32350.000000000095 9.972125504256442e-09
32400.000000000095 5.910984176874884e-09
32450.000000000095 8.187356486994782e-09
32500.000000000095 6.025975156909277e-09
32550.000000000095 8.492940686488279e-09
32600.000000000095 8.13055427646073e-09
32650.000000000095 1.2814783592688592e-08
32700.000000000095 9.587484969660791e-09
32750.000000000095 1.499895559563557e-08
32800.000000000095 9.512272738624466e-09
32850.000000000095 1.7166316878766495e-08
32900.000000000095 1.657318683272977e-08
32950.000000000095 1.953217079747534e-08
33000.000000000095 1.5353570747939117e-08
33050.000000000095 1.5769509516708283e-08
33100.000000000095 6.199568786034046e-09
33150.000000000095 8.020452565036473e-10
33200.000000000095 1.205413901102765e-09
33250.000000000095 5.837538364291373e-10
33300.000000000095 8.377708428442483e-10
33350.000000000095 2.115533772152888e-09
33400.000000000095 3.725959541821657e-09
33450.000000000095 5.083399753548384e-09
33500.000000000095 7.631072385829176e-09
33550.000000000095 6.9493374834346874e-09
33600.000000000095 1.1583514068840032e-08
33650.000000000095 9.898020755368501e-09
33700.000000000095 8.877526852075829e-09
33750.000000000095 1.2844480899247107e-08
33800.000000000095 7.896541923620883e-09
33850.000000000095 1.1177373014044562e-08
33900.000000000095 1.0802485104217573e-08
33950.000000000095 1.115953230232823e-08
34000.000000000095 1.4690047962373893e-08
34050.000000000095 5.527726356011198e-09
34100.000000000095 1.3530744693683747e-08
34150.000000000095 9.518997979374941e-09
34200.000000000095 1.267101291853583e-08
34250.000000000095 9.098313534343554e-09
34300.000000000095 8.234250855883177e-09
34350.000000000095 1.208029042021087e-08
34400.000000000095 9.380766765886059e-09
34450.000000000095 1.483303260957589e-08
34500.000000000095 9.15959430696381e-09
34550.000000000095 7.431581228349825e-09
34600.000000000095 1.497789053887226e-08
34650.000000000095 8.061770230026028e-09
34700.000000000095 9.773021217253672e-09
34750.000000000095 8.193672935794867e-09
34800.000000000095 7.224155010504487e-09
34850.000000000095 1.1096953850544281e-08
34900.000000000095 1.3299307133887839e-08
34950.000000000095 1.0612334736525523e-08
35000.000000000095 1.531413672364422e-08
35050.000000000095 1.1997310264031223e-08
35100.000000000095 1.68613726969421e-08
35150.000000000095 1.532255970193298e-08
35200.000000000095 2.258040502570212e-08
35250.000000000095 1.95778622550125e-08
35300.000000000095 1.426611539606992e-08
35350.000000000095 2.1621128241097245e-08
35400.000000000095 2.0848325204393994e-08
35450.000000000095 1.8335449105452127e-08
35500.000000000095 3.368223207837775e-08
35550.000000000095 2.4933975997872808e-08
35600.000000000095 2.7001748957291532e-08
35650.000000000095 2.5304261610247176e-08
35700.000000000095 1.8313923352556232e-08
35750.000000000095 3.851190582754957e-08
35800.000000000095 2.863628930876547e-08
35850.000000000095 1.9797740790314562e-08
35900.000000000095 3.308894647360296e-08
35950.000000000095 3.087448194358401e-08
36000.000000000095 1.6754133003909006e-08
36050.000000000095 2.8189712908052288e-08
36100.000000000095 2.8649796561587628e-08
36150.000000000095 2.8920815299088775e-08
36200.000000000095 2.7007703001850113e-08
36250.000000000095 3.4358554386665875e-08
36300.000000000095 3.4772753456528994e-08
36350.000000000095 3.674325054934511e-08
36400.000000000095 4.87666468641989e-08
36450.000000000095 4.758087313163527e-08
36500.000000000095 5.2800521439632996e-08
36550.000000000095 4.806583283439461e-08
36600.000000000095 6.426574992142628e-08
36650.000000000095 6.7502511952544e-08
36700.000000000095 7.528899502978577e-08
36750.000000000095 8.05723335385611e-08
36800.000000000095 6.539963295329342e-08
36850.000000000095 5.975165156824953e-08
36900.000000000095 7.025777870098813e-08
36950.000000000095 7.317142710291323e-08
37000.000000000095 6.946077368971094e-08
37050.000000000095 7.835549264437068e-08
37100.000000000095 8.61678944186623e-08
37150.000000000095 8.354853378716898e-08
37200.000000000095 7.110584731699983e-08
37250.000000000095 6.681900664605367e-08
37300.000000000095 7.044333516936478e-08
37350.000000000095 8.662781505924016e-08
37400.000000000095 9.799787358848997e-08
37450.000000000095 9.036882863687464e-08
37500.000000000095 7.13902123927229e-08
37550.000000000095 1.2272246818050607e-07
37600.000000000095 1.2356254588233675e-07
37650.000000000095 9.12267960372949e-08
37700.000000000095 9.562352819084757e-08
37750.000000000095 7.320831370825052e-08
37800.000000000095 8.293504094413086e-08
37850.000000000095 7.824280752023665e-08
37900.000000000095 8.840978879798955e-08
37950.000000000095 1.0485751252924304e-07
38000.000000000095 1.293381525296813e-07
38050.000000000095 1.1076840762714978e-07
38100.000000000095 1.177208672334913e-07
38150.000000000095 1.3691359932532837e-07
38200.000000000095 1.373706372531491e-07
38250.000000000095 1.3636524485170513e-07
38300.000000000095 1.7898247177559956e-07
38350.000000000095 1.8072620619053604e-07
38400.000000000095 1.1294927482722573e-07
38450.000000000095 1.1605881457403332e-07
38500.000000000095 8.232510561399519e-08
38550.000000000095 1.0815804038487367e-07
38600.000000000095 1.220880958321434e-07
38650.000000000095 1.7369979497751988e-07
38700.000000000095 1.4019218498716393e-07
38750.000000000095 1.4918164663948463e-07
38800.000000000095 1.2162483805460295e-07
38850.000000000095 1.7931580347335837e-07
38900.000000000095 1.7604024957951152e-07
38950.000000000095 1.4896608013113064e-07
39000.000000000095 2.0163534644280088e-07
39050.000000000095 1.5870061104679024e-07
39100.000000000095 1.910400459898056e-07
39150.000000000095 1.6716819001451008e-07
39200.000000000095 1.5401306357715825e-07
39250.000000000095 1.9942191622444802e-07
39300.000000000095 1.8794998381494335e-07
39350.000000000095 2.5483724959864853e-07
39400.000000000095 2.1843545376837248e-07
39450.000000000095 2.20310146611001e-07
39500.000000000095 1.8994154271724672e-07
39550.000000000095 1.932804716469134e-07
39600.000000000095 2.2015083553255606e-07
39650.000000000095 2.766826445705212e-07
39700.000000000095 2.0232533460730343e-07
39750.000000000095 1.5612101710747573e-07
39800.000000000095 2.2612638683494374e-07
39850.000000000095 2.467072520108884e-07
39900.000000000095 2.3964892177298957e-07
39950.000000000095 2.4210609040218865e-07
40000.000000000095 2.85736243475732e-07
40050.000000000095 2.741534001025425e-07
40100.000000000095 1.9073278229318039e-07
40150.000000000095 3.137512723277873e-07
40200.000000000095 3.095878201466599e-07
40250.000000000095 2.620398562625594e-07
40300.000000000095 3.115205507725881e-07
40350.000000000095 2.402569593364232e-07
40400.000000000095 2.902343886261273e-07
40450.000000000095 2.8053872946186143e-07
40500.000000000095 3.27733410572866e-07
40550.000000000095 3.1885887987921257e-07
40600.000000000095 3.0417701117256303e-07
40650.000000000095 3.143891183087132e-07
40700.000000000095 4.079406172286583e-07
40750.000000000095 3.7030396531929607e-07
40800.000000000095 2.760406287832217e-07
40850.000000000095 4.0321488423151497e-07
40900.000000000095 3.107991639611488e-07
40950.000000000095 2.9745852024495007e-07
41000.000000000095 3.572203823710005e-07
41050.000000000095 4.093256733375292e-07
41100.000000000095 3.19834934860511e-07
41150.000000000095 2.6442186280367234e-07
41200.000000000095 4.21599120479013e-07
41250.000000000095 3.7232949760287213e-07
41300.000000000095 3.1983854196407563e-07
41350.000000000095 4.4653509811785244e-07
41400.000000000095 3.840857739738894e-07
41450.000000000095 4.1744642388615233e-07
41500.000000000095 3.2326072207573525e-07
41550.000000000095 3.331617758364551e-07
41600.000000000095 4.261495327608453e-07
41650.000000000095 3.575660874254501e-07
41700.000000000095 3.581622519365591e-07
41750.000000000095 3.142853230238365e-07
41800.000000000095 4.5817242750372297e-07
41850.000000000095 2.7395175862727513e-07
41900.000000000095 3.4048301131325603e-07
41950.000000000095 3.5265266092958164e-07
42000.000000000095 3.91446794710928e-07
42050.000000000095 3.709684843904262e-07
42100.000000000095 4.003936150110808e-07
42150.000000000095 3.1692108928180314e-07
42200.000000000095 3.632179696984444e-07
42250.000000000095 3.150422792170316e-07
42300.000000000095 3.577759680876817e-07
42350.000000000095 3.7863607394847325e-07
42400.000000000095 3.2921691305831325e-07
42450.000000000095 3.3888279758882936e-07
42500.000000000095 3.0316176201807977e-07
42550.000000000095 3.3199704249860814e-07
42600.000000000095 3.0816525314568636e-07
42650.000000000095 4.4235350303917553e-07
42700.000000000095 2.987044086069478e-07
42750.000000000095 3.0279589975028753e-07
42800.000000000095 2.9134170756080724e-07
42850.000000000095 3.244431495213858e-07
42900.000000000095 3.6633045821893736e-07
42950.000000000095 3.087749263606328e-07
43000.000000000095 4.003624841171018e-07
43050.000000000095 2.3220188700852646e-07
43100.000000000095 3.054568928993003e-07
43150.000000000095 3.6257799209892495e-07
43200.000000000095 3.726236477579162e-07
43250.000000000095 3.9417455100074886e-07
43300.000000000095 4.374887234815535e-07
43350.000000000095 2.9541083724258e-07
43400.000000000095 3.6530302224147345e-07
43450.000000000095 2.535522598623506e-07
43500.000000000095 2.536981604670745e-07
43550.000000000095 2.7845836927130326e-07
43600.000000000095 3.678219681103766e-07
43650.000000000095 2.5850743840223993e-07
43700.000000000095 4.08717964751747e-07
43750.000000000095 4.027739848388744e-07
43800.000000000095 3.1890834525336256e-07
43850.000000000095 3.3615384404376653e-07
43900.000000000095 2.566485083490991e-07
43950.000000000095 2.565762890245556e-07
44000.000000000095 1.7270583920560656e-07
44050.000000000095 3.050055373061498e-07
44100.000000000095 3.165515044026776e-07
44150.000000000095 3.16693950013569e-07
44200.000000000095 2.6254898124753017e-07
44250.000000000095 2.4547596318917805e-07
44300.000000000095 2.2010156366092702e-07
44350.000000000095 1.8017531923915965e-07
44400.000000000095 1.9752203118442768e-07
44450.000000000095 2.094245854784248e-07
44500.000000000095 1.6421044375174783e-07
44550.000000000095 2.0433192641077178e-07
44600.000000000095 1.6018060163122397e-07
44650.000000000095 1.8822173006763778e-07
44700.000000000095 1.6455157116606953e-07
44750.000000000095 1.7793714811317855e-07
44800.000000000095 1.5214012061568561e-07
44850.000000000095 1.5345038375903679e-07
44900.000000000095 1.1329971999610907e-07
44950.000000000095 1.1485341820155461e-07
45000.000000000095 1.222498171730247e-07
45050.000000000095 1.281019712725861e-07
45100.000000000095 1.1383832640858207e-07
45150.000000000095 1.0675970917842615e-07
45200.000000000095 7.462337599342213e-08
45250.000000000095 8.571859442866253e-08
45300.000000000095 9.990475206934442e-08
45350.000000000095 1.0159793199851078e-07
45400.000000000095 7.188845706886816e-08
45450.000000000095 7.406762865916116e-08
45500.000000000095 7.545700091508651e-08
45550.000000000095 9.17847786063663e-08
45600.000000000095 7.18352329491845e-08
45650.000000000095 7.048201429713219e-08
45700.000000000095 8.84337578399803e-08
45750.000000000095 7.747848421406807e-08
45800.000000000095 6.377883271215174e-08
45850.000000000095 1.0634510533303083e-07
45900.000000000095 1.0475512672584002e-07
45950.000000000095 6.603515638529978e-08
46000.000000000095 9.597717699599032e-08
46050.000000000095 1.0311036910554535e-07
46100.000000000095 6.684964452411463e-08
46150.000000000095 1.0201146954063129e-07
46200.000000000095 9.462663702347769e-08
46250.000000000095 4.608979113275924e-08
46300.000000000095 1.1539143830846185e-07
46350.000000000095 8.067092551428648e-08
46400.000000000095 1.0180433686107107e-07
46450.000000000095 1.3992718230598973e-07
46500.000000000095 9.374760219882304e-08
46550.000000000095 1.309126147986289e-07
46600.000000000095 1.365653741508543e-07
46650.000000000095 2.4115557845662797e-07
46700.000000000095 1.6419248891384054e-07
46750.000000000095 1.2501780467540014e-07
46800.000000000095 8.630062088576646e-08
46850.000000000095 1.5248145929329442e-07
46900.000000000095 1.2368044963488345e-07
46950.000000000095 1.7054717533541986e-07
47000.000000000095 8.94052235068711e-08
47050.000000000095 1.80254817672051e-07
47100.000000000095 7.162563926878698e-08
47150.000000000095 9.911087865532201e-08
47200.000000000095 1.2906165195438026e-07
47250.000000000095 8.147691826814144e-08
47300.000000000095 9.767021187659238e-08
47350.000000000095 7.23930131653843e-08
47400.000000000095 1.463672220217464e-07
47450.000000000095 7.23452989398291e-08
47500.000000000095 1.614063593651169e-07
47550.000000000095 7.776097422956629e-08
47600.000000000095 1.4741578067197643e-07
47650.000000000095 7.882254938745097e-08
47700.000000000095 1.3855032759535077e-07
47750.000000000095 6.195362007284728e-08
47800.000000000095 1.1877383308649099e-07
47850.000000000095 6.23363467347371e-08
47900.000000000095 1.0869774443980383e-07
47950.000000000095 8.578580931667626e-08
48000.000000000095 1.7511721204205245e-07
48050.000000000095 1.0541487815305778e-07
48100.000000000095 1.3412242661837058e-07
48150.000000000095 1.0201724923964077e-07
48200.000000000095 1.5418276040298506e-07
48250.000000000095 1.0575977243105411e-07
48300.000000000095 2.0239312749400956e-07
48350.000000000095 9.284791803242398e-08
48400.000000000095 1.1687595521038791e-07
48450.000000000095 9.419213114148832e-08
48500.000000000095 1.9124329242390827e-07
48550.000000000095 8.541163518944114e-08
48600.000000000095 1.5962634391298984e-07
