galfind/configs/Brown_Dwarf_templates/sonora_cholla/logkzz2/56g/900K_56g_logkzz2_resample.dat
# %ECSV 1.0
# ---
# datatype:
# - {name: wav, unit: Angstrom, datatype: float64}
# - {name: flux_nu, unit: erg / (cm2 Hz s), datatype: float64}
# schema: astropy-2.0
wav flux_nu
[from data line 774]
48700.000000000095 1.9243053620899698e-07
48750.000000000095 1.096038182451048e-07
48800.000000000095 1.83377709361037e-07
48850.000000000095 1.3151072856149625e-07
48900.000000000095 1.9507991987532662e-07
48950.000000000095 1.6599378534294483e-07
49000.000000000095 1.2745248430429662e-07
49050.000000000095 1.8591250259358385e-07
49100.000000000095 1.1721844795387161e-07
49150.000000000095 2.1823797213949082e-07
49200.000000000095 1.4418686292047777e-07
49250.000000000095 2.268308363638802e-07
49300.000000000095 1.579939904704463e-07
49350.000000000095 1.4850174851255785e-07
49400.000000000095 1.8258785928787856e-07
49450.000000000095 1.8734279596676765e-07
49500.000000000095 1.685860135738528e-07
49550.000000000095 9.478223871065273e-08
49600.000000000095 1.794924615349411e-07
49650.000000000095 1.659376191909336e-07
49700.000000000095 1.3615598848738099e-07
49750.000000000095 2.432691633611408e-07
49800.000000000095 1.4228255280051257e-07
49850.000000000095 2.8819157852854114e-07
49900.000000000095 2.0854075090788785e-07
49950.000000000095 2.240151731299858e-07
50000.000000000095 2.4159596265720207e-07
50050.000000000095 2.3677817037180748e-07
50100.000000000095 2.7270022820080243e-07
50150.000000000095 1.2832141070097443e-07
50200.000000000095 8.741230358462384e-08
50250.000000000095 2.3558143963177602e-07
50300.000000000095 1.6547830355223103e-07
50350.000000000095 2.2916080863849268e-07
50400.000000000095 2.1450945267640264e-07
50450.000000000095 2.06153538804561e-07
50500.000000000095 2.524572024999161e-07
50550.000000000095 2.1454807650122675e-07
50600.000000000095 2.428089972537758e-07
50650.000000000095 2.2776904989495426e-07
50700.000000000095 3.086963419371177e-07
50750.000000000095 2.9372654948532574e-07
50800.000000000095 1.312089382032707e-07
50850.000000000095 1.4236784452168204e-07
50900.000000000095 2.678815946713807e-07
50950.000000000095 2.755611026051102e-07
51000.000000000095 2.31712879933247e-07
51050.000000000095 2.2341720751214045e-07
51100.000000000095 1.2851176253224018e-07
51150.000000000095 1.8626511031239876e-07
51200.000000000095 2.9478701045666343e-07
51250.000000000095 2.522454221305332e-07
51300.000000000095 1.675982046700836e-07
51350.000000000095 2.197340767620496e-07
51400.000000000095 1.462965323233279e-07
51450.000000000095 1.2720957615979606e-07
51500.000000000095 1.1805488562078592e-07
51550.000000000095 2.36544092982654e-07
51600.000000000095 1.6685254965494512e-07
51650.000000000095 2.3478855777301943e-07
51700.000000000095 2.299544913533118e-07
51750.000000000095 1.5621600590530648e-07
51800.000000000095 3.052195949654636e-07
51850.000000000095 2.2821696422565962e-07
51900.000000000095 3.0901660626351165e-07
51950.000000000095 2.486147850518107e-07
52000.000000000095 7.626490670131165e-08
52050.000000000095 1.6221392563737577e-07
52100.000000000095 1.4742870077643022e-07
52150.000000000095 1.116108469381805e-07
52200.000000000095 1.1205935219619696e-07
52250.000000000095 1.5960239820950086e-07
52300.000000000095 2.6595081624591835e-07
52350.000000000095 1.8438980733872923e-07
52400.000000000095 1.3808816866859925e-07
52450.000000000095 2.455024114796689e-07
52500.000000000095 2.1875341070941363e-07
52550.000000000095 2.3077816287845984e-07
52600.000000000095 1.6720093968791686e-07
52650.000000000095 1.8640613687403204e-07
52700.000000000095 1.6782760276807817e-07
52750.000000000095 1.3129416604810613e-07
52800.000000000095 1.3946827460498365e-07
52850.000000000095 1.6893819016416274e-07
52900.000000000095 1.1880023473486957e-07
52950.000000000095 1.2200436677324236e-07
53000.000000000095 2.7194137444649536e-07
53050.000000000095 1.0098699106446973e-07
53100.000000000095 2.302989163199103e-07
53150.000000000095 2.7924843115395574e-07
53200.000000000095 1.3257188530229244e-07
53250.000000000095 2.5864710407625105e-07
53300.000000000095 2.5520486924209476e-07
53350.000000000095 2.401275264673297e-07
53400.000000000095 2.502718481213875e-07
53450.000000000095 1.0675223853364772e-07
53500.000000000095 6.483346220504365e-08
53550.000000000095 1.1210930696125874e-07
53600.000000000095 1.638860510914856e-07
53650.000000000095 1.5447683925007095e-07
53700.000000000095 1.347988704628478e-07
53750.000000000095 1.379344663154997e-07
53800.000000000095 1.335755926216231e-07
53850.000000000095 1.8601588548028155e-07
53900.000000000095 1.706160432866333e-07
53950.000000000095 2.337133806847417e-07
54000.000000000095 1.5094480550609336e-07
54050.000000000095 1.6964728009165764e-07
54100.000000000095 7.570167359954295e-08
54150.000000000095 1.128251209882446e-07
54200.000000000095 5.020930654320514e-08
54250.000000000095 6.279382270082609e-08
54300.000000000095 1.2063400977535567e-07
54350.000000000095 1.5694397590349288e-07
54400.000000000095 1.68340800198341e-07
54450.000000000095 1.257319861927628e-07
54500.000000000095 1.1713515252138731e-07
54550.000000000095 1.0319935664345034e-07
54600.000000000095 1.3624680626939372e-07
54650.000000000095 6.168617139693114e-08
54700.000000000095 1.5457170121393245e-07
54750.000000000095 1.5082674645396173e-07
54800.000000000095 1.0445717917987866e-07
54850.000000000095 1.3061458102108252e-07
54900.000000000095 1.7105574836398417e-07
54950.000000000095 2.273290575857042e-07
55000.000000000095 8.871849302816072e-08
55050.000000000095 1.505372908591953e-07
55100.000000000095 1.2968213051087228e-07
55150.000000000095 9.78076538417606e-08
55200.000000000095 1.001705935910535e-07
55250.000000000095 1.2476946901616322e-07
55300.000000000095 8.627045501839107e-08
55350.000000000095 1.4601100733794012e-07
55400.000000000095 1.866215149698119e-07
55450.000000000095 1.2163810125076338e-07
55500.000000000095 6.286187888127054e-08
55550.000000000095 8.662917558620566e-08
55600.000000000095 8.10182687883335e-08
55650.000000000095 7.723579863386797e-08
55700.000000000095 9.819269892653798e-08
55750.000000000095 1.0365631527053919e-07
55800.000000000095 7.178890465271065e-08
55850.000000000095 6.785403832012869e-08
55900.000000000095 1.353117255713627e-07
55950.000000000095 1.6891356492411631e-07
56000.000000000095 7.748943852719189e-08
56050.000000000095 1.0957166667310826e-07
56100.000000000095 1.365818546140368e-07
56150.000000000095 9.18575521852168e-08
56200.000000000095 1.0641778940171221e-07
56250.000000000095 1.1499214450153542e-07
56300.000000000095 1.1825858924658436e-07
56350.000000000095 1.1379972783597212e-07
56400.000000000095 6.89409962819791e-08
56450.000000000095 6.086205837582455e-08
56500.000000000095 6.726681775694038e-08
56550.000000000095 5.29573625749422e-08
56600.000000000095 1.2189892057303542e-07
56650.000000000095 1.1555728049174264e-07
56700.000000000095 1.21238191985111e-07
56750.000000000095 5.975835700855924e-08
56800.000000000095 1.3972440859678885e-07
56850.000000000095 1.0896622438235884e-07
56900.000000000095 6.964578736230898e-08
56950.000000000095 1.2892028464417728e-07
57000.000000000095 1.4462628899463233e-07
57050.000000000095 8.947335687066266e-08
57100.000000000095 4.314960869225747e-08
57150.000000000095 6.723871742346494e-08
57200.000000000095 5.6346069354410304e-08
57250.000000000095 7.505493913923662e-08
57300.000000000095 1.1419495255837002e-07
57350.000000000095 5.865871139585191e-08
57400.000000000095 1.0352658671525176e-07
57450.000000000095 9.019314710004758e-08
57500.000000000095 9.098288423373033e-08
57550.000000000095 1.2074851369600528e-07
57600.000000000095 1.2534496597744788e-07
57650.000000000095 4.174736376832706e-08
57700.000000000095 5.844936810084487e-08
57750.000000000095 8.240996547161627e-08
57800.000000000095 3.283921527527968e-08
57850.000000000095 1.6599020345526376e-07
57900.000000000095 1.838423526578749e-07
57950.000000000095 1.5946712889743328e-07
58000.000000000095 7.367702006940244e-08
58050.000000000095 1.1161874994917991e-07
58100.000000000095 1.2753610113584707e-07
58150.000000000095 8.545681741156205e-08
58200.000000000095 4.551620813943382e-08
58250.000000000095 6.100532751468484e-08
58300.000000000095 4.7094217362110944e-08
58350.000000000095 6.81943550065636e-08
58400.000000000095 1.0312318087851626e-07
58450.000000000095 1.015484377998525e-07
58500.000000000095 9.384461486610304e-08
58550.000000000095 9.988756262639409e-08
58600.000000000095 5.1076640698611466e-08
58650.000000000095 6.909296772106559e-08
58700.000000000095 8.285991404285004e-08
58750.000000000095 8.949240166477708e-08
58800.000000000095 3.2341279918445565e-08
58850.000000000095 7.486593898006551e-08
58900.000000000095 1.0427442914902509e-07
58950.000000000095 5.62088142976735e-08
59000.000000000095 1.0144931808506567e-07
59050.000000000095 1.0791393874156532e-07
59100.000000000095 1.2631053487160095e-07
59150.000000000095 8.700744040597403e-08
59200.000000000095 9.979464967329509e-08
59250.000000000095 1.1175153452620903e-07
59300.000000000095 9.938731086710681e-08
59350.000000000095 4.241267785260493e-08
59400.000000000095 3.338582747199552e-08
59450.000000000095 9.13431446098487e-08
59500.000000000095 5.153600232539027e-08
59550.000000000095 1.0173744594566467e-07
59600.000000000095 1.0025862553228607e-07
59650.000000000095 9.303547750250421e-08
59700.000000000095 5.962050701050518e-08
59750.000000000095 1.3587159008637423e-07
59800.000000000095 7.719735036160056e-08
59850.000000000095 1.1040768138717998e-07
59900.000000000095 4.788256822304664e-08
59950.000000000095 7.590369374033173e-08
60000.000000000095 1.4661908131814558e-07
60050.000000000095 1.2932848211025686e-07
60100.000000000095 1.3519281735636207e-07
60150.000000000095 8.564964433328136e-08
60200.000000000095 1.0603484437873551e-07
60250.000000000095 1.305978648743327e-07
60300.000000000095 1.3120088416441943e-07
60350.000000000095 9.182011839655693e-08
60400.000000000095 1.0668467509517476e-07
60450.000000000095 5.118666424247373e-08
60500.000000000095 2.9322877106306282e-08
60550.000000000095 1.1665038879732967e-07
60600.000000000095 1.1783261771605327e-07
60650.000000000095 9.26473695189124e-08
60700.000000000095 7.107057458818668e-08
60750.000000000095 5.368502901163637e-08
60800.000000000095 1.189930823224765e-07
60850.000000000095 1.747672089530472e-07
60900.000000000095 1.6762994687017647e-07
60950.000000000095 1.4980453566041565e-07
61000.000000000095 1.0079195853656673e-07
61050.000000000095 7.029091871826296e-08
61100.000000000095 9.715654049725434e-08
61150.000000000095 3.7427875807188656e-08
61200.000000000095 1.32578865548292e-07
61250.000000000095 1.6613061288060064e-07
61300.000000000095 1.4804160609860728e-07
61350.000000000095 1.7453070925481315e-07
61400.000000000095 1.1343479363842307e-07
61450.000000000095 5.738367304013596e-08
61500.000000000095 8.94930028419197e-08
61550.000000000095 8.620257444475941e-08
61600.000000000095 5.822271805258641e-08
61650.000000000095 1.0354922539755066e-07
61700.000000000095 7.956700962786912e-08
61750.000000000095 9.830519513802698e-08
61800.000000000095 1.1471451776101201e-07
61850.000000000095 6.603182645962928e-08
61900.000000000095 1.367292755793509e-07
61950.000000000095 1.1877565301580823e-07
62000.000000000095 1.457594683941201e-07
62050.000000000095 1.1085287808463983e-07
62100.000000000095 1.2691841542261994e-07
62150.000000000095 1.5612638446046084e-07
62200.000000000095 1.2527262146516335e-07
62250.000000000095 1.31236279705773e-07
62300.000000000095 1.8797942681883562e-07
62350.000000000095 1.3421589495991187e-07
62400.000000000095 7.026176633868515e-08
62450.000000000095 1.2225787495998424e-07
62500.000000000095 1.6607458783841732e-07
62550.000000000095 1.5833750305856811e-07
62600.000000000095 1.7332610906115866e-07
62650.000000000095 1.253499419333731e-07
62700.000000000095 1.4740266319053684e-07
62750.000000000095 1.905984851116817e-07
62800.000000000095 1.1320900144265708e-07
62850.000000000095 1.5717425900559475e-07
62900.000000000095 1.1121364242880948e-07
62950.000000000095 1.5895844806463073e-07
63000.000000000095 1.3380901764192467e-07
63050.000000000095 1.793728177052282e-07
63100.000000000095 1.6278740463663944e-07
63150.000000000095 1.429480715279266e-07
63200.000000000095 1.737679813370495e-07
63250.000000000095 1.007636683273272e-07
63300.000000000095 1.5401890206892642e-07
63350.000000000095 1.4938826412326817e-07
63400.000000000095 8.696682152137031e-08
63450.000000000095 6.627128970023654e-08
63500.000000000095 1.305951944080302e-07
63550.000000000095 1.274205824422271e-07
63600.000000000095 1.4050158663622442e-07
63650.000000000095 1.069461765571079e-07
63700.000000000095 6.943867997127094e-08
63750.000000000095 9.879110082989502e-08
63800.000000000095 1.4837313722385452e-07
63850.000000000095 1.241704845411797e-07
63900.000000000095 8.069359150863756e-08
63950.000000000095 1.289657739243224e-07
64000.000000000095 1.256037177373262e-07
64050.000000000095 8.643704816223804e-08
64100.000000000095 3.276148428554337e-08
64150.000000000095 4.717669209411762e-08
64200.000000000095 4.941391705815483e-08
64250.000000000095 9.988576833719718e-08
64300.000000000095 7.172402899184757e-08
64350.000000000095 6.241689869266644e-08
64400.000000000095 1.0546253940510962e-07
64450.000000000095 1.167526138166784e-07
64500.000000000095 6.146253415026845e-08
64550.000000000095 8.930097336744538e-08
64600.000000000095 4.079560291119087e-08
64650.000000000095 8.46615467274934e-08
64700.000000000095 4.4255968835133404e-08
64750.000000000095 6.314172946959698e-08
64800.000000000095 5.821682569438947e-08
64850.000000000095 4.765301411339694e-08
64900.000000000095 5.206668627317234e-08
64950.000000000095 5.337484432070483e-08
65000.000000000095 6.806694542212907e-08
65050.000000000095 6.739214320974242e-08
65100.000000000095 9.819909884109558e-08
65150.000000000095 4.8956639133919205e-08
65200.000000000095 4.4453421640709273e-08
65250.000000000095 9.691937443972832e-08
65300.000000000095 6.756416231128225e-08
65350.000000000095 1.2996703218845144e-07
65400.000000000095 7.182336941827863e-08
65450.000000000095 7.847608259382237e-08
65500.000000000095 9.552410381748997e-08
65550.00000000009 5.525412879572288e-08
65600.00000000009 8.009638755880351e-08
65650.00000000009 7.735681311144109e-08
65700.00000000009 7.115083899600923e-08
65750.00000000009 5.293920576994621e-08
65800.00000000009 8.305898750321851e-08
65850.00000000009 9.227301799395309e-08
65900.00000000009 5.005253055300625e-08
65950.00000000009 5.041981797930979e-08
66000.00000000009 7.291096136561193e-08
66050.00000000009 1.3785525087896659e-07
66100.00000000009 8.223856483301117e-08
66150.00000000009 5.87224150292444e-08
66200.00000000009 5.973657865561126e-08
66250.00000000009 5.519689709482695e-08
66300.00000000009 2.644980085164524e-08
66350.00000000009 3.4894159103142615e-08
66400.00000000009 5.183477935209589e-08
66450.00000000009 9.291437200734955e-08
66500.00000000009 1.3142340055940975e-07
66550.00000000009 1.3523198967175966e-07
66600.00000000009 9.895408450290421e-08
66650.00000000009 7.504557237096393e-08
66700.00000000009 7.423273015651934e-08
66750.00000000009 6.843596530003422e-08
66800.00000000009 9.062117677080222e-08
66850.00000000009 5.958042009622343e-08
66900.00000000009 1.1350386114568278e-07
66950.00000000009 1.281075871814354e-07
67000.00000000009 1.1376591020364038e-07
67050.00000000009 8.533473671912606e-08
67100.00000000009 6.09959922845869e-08
67150.00000000009 6.43208233105433e-08
67200.00000000009 8.178727502456787e-08
67250.00000000009 8.740772985315042e-08
67300.00000000009 9.175111973110638e-08
67350.00000000009 5.6386034183108516e-08
67400.00000000009 1.2394522653282445e-07
67450.00000000009 8.801273365581173e-08
67500.00000000009 8.325267267312446e-08
67550.00000000009 1.0804790494909015e-07
67600.00000000009 1.7251108292514435e-07
67650.00000000009 1.318643605550075e-07
67700.00000000009 9.197314403246224e-08
67750.00000000009 8.003277648263298e-08
67800.00000000009 1.1081705519847695e-07
67850.00000000009 6.205140882145066e-08
67900.00000000009 7.911192325054245e-08
67950.00000000009 5.4770907289441774e-08
68000.00000000009 8.356591189133416e-08
