galfind/configs/Brown_Dwarf_templates/sonora_cholla/logkzz2/56g/900K_56g_logkzz2_resample.dat
# %ECSV 1.0
# ---
# datatype:
# - {name: wav, unit: Angstrom, datatype: float64}
# - {name: flux_nu, unit: erg / (cm2 Hz s), datatype: float64}
# schema: astropy-2.0
wav flux_nu
[from data line 1162]
68100.00000000009 1.373418801253395e-07
68150.00000000009 1.0811778919844855e-07
68200.00000000009 1.0306725158325699e-07
68250.00000000009 4.4421353764402886e-08
68300.00000000009 8.974417812690902e-08
68350.00000000009 4.652839280295404e-08
68400.00000000009 1.4442923880892363e-07
68450.00000000009 1.3310970648325977e-07
68500.00000000009 1.0535901988639062e-07
68550.00000000009 6.611630620952609e-08
68600.00000000009 6.870562738642842e-08
68650.00000000009 4.240530120889546e-08
68700.00000000009 7.6796332081329e-08
68750.00000000009 1.0086319283841705e-07
68800.00000000009 1.1423656199338493e-07
68850.00000000009 5.056373461211271e-08
68900.00000000009 1.4129798543168306e-07
68950.00000000009 1.3308018151459014e-07
69000.00000000009 1.1897214533785729e-07
69050.00000000009 7.657970665924828e-08
69100.00000000009 1.3844774990575296e-07
69150.00000000009 1.7549380962949892e-07
69200.00000000009 1.0964820459314492e-07
69250.00000000009 1.6308859986088764e-07
69300.00000000009 8.569531902482497e-08
69350.00000000009 1.520788655599763e-07
69400.00000000009 6.556223801658948e-08
69450.00000000009 1.4409203306992416e-07
69500.00000000009 9.373140416888925e-08
69550.00000000009 9.242011561809181e-08
69600.00000000009 3.598858693793804e-08
69650.00000000009 8.304989752685268e-08
69700.00000000009 1.373409299965751e-07
69750.00000000009 9.551266924786218e-08
69800.00000000009 1.2584234555355806e-07
69850.00000000009 1.2617554863920283e-07
69900.00000000009 8.394890524476802e-08
69950.00000000009 9.44196020281131e-08
70000.00000000009 9.42401603540951e-08
70050.00000000009 1.4676686050402492e-07
70100.00000000009 1.0917511700867007e-07
70150.00000000009 1.0251504587847468e-07
70200.00000000009 7.048756315617909e-08
70250.00000000009 1.0531777039303048e-07
70300.00000000009 1.3875662055295065e-07
70350.00000000009 9.516021854770655e-08
70400.00000000009 8.120657446502928e-08
70450.00000000009 3.615232745224482e-08
70500.00000000009 6.761964327216994e-08
70550.00000000009 7.259987252200651e-08
70600.00000000009 6.41062917808744e-08
70650.00000000009 1.1701959823614438e-07
70700.00000000009 1.0826730174897642e-07
70750.00000000009 1.174477413597748e-07
70800.00000000009 7.366229667698862e-08
70850.00000000009 8.042693153890678e-08
70900.00000000009 7.623389120565546e-08
70950.00000000009 1.327580357833552e-07
71000.00000000009 1.0629054080728081e-07
71050.00000000009 1.0255033159349948e-07
71100.00000000009 8.328650583976476e-08
71150.00000000009 9.299115797753775e-08
71200.00000000009 8.263833473897409e-08
71250.00000000009 8.736290526177769e-08
71300.00000000009 1.2486923682075368e-07
71350.00000000009 1.2466864935210343e-07
71400.00000000009 1.1828658805780318e-07
71450.00000000009 6.06264623043271e-08
71500.00000000009 7.316175944818666e-08
71550.00000000009 8.272637280263882e-08
71600.00000000009 8.731541543567895e-08
71650.00000000009 8.249763110201288e-08
71700.00000000009 6.437055372471016e-08
71750.00000000009 8.326578717534013e-08
71800.00000000009 1.1511678897954165e-07
71850.00000000009 1.074189033782589e-07
71900.00000000009 7.397297320321898e-08
71950.00000000009 7.810239439713131e-08
72000.00000000009 8.03462402460132e-08
72050.00000000009 5.969359018227007e-08
72100.00000000009 6.811964883691515e-08
72150.00000000009 5.001709675772138e-08
72200.00000000009 7.808392624783241e-08
72250.00000000009 8.950469933048805e-08
72300.00000000009 8.4902717476877e-08
72350.00000000009 9.180191373548005e-08
72400.00000000009 7.019425102207873e-08
72450.00000000009 6.066061119006498e-08
72500.00000000009 7.723745335630166e-08
72550.00000000009 4.207617758564967e-08
72600.00000000009 4.5527541162774896e-08
72650.00000000009 9.332719269612263e-08
72700.00000000009 8.711005235956248e-08
72750.00000000009 7.447499785956428e-08
72800.00000000009 6.482142311892195e-08
72850.00000000009 6.257330402475698e-08
72900.00000000009 7.900406704477737e-08
72950.00000000009 8.314484079899526e-08
73000.00000000009 8.324825613574618e-08
73050.00000000009 6.081289653151442e-08
73100.00000000009 5.674736212700578e-08
73150.00000000009 1.0828472443855193e-07
73200.00000000009 5.624672589490919e-08
73250.00000000009 6.906791445333121e-08
73300.00000000009 7.233919019787039e-08
73350.00000000009 5.385472792997652e-08
73400.00000000009 7.294015133960237e-08
73450.00000000009 4.834251190678189e-08
73500.00000000009 4.123463567877649e-08
73550.00000000009 6.182121490147047e-08
73600.00000000009 4.642987696391599e-08
73650.00000000009 6.816273834333002e-08
73700.00000000009 7.82880338234104e-08
73750.00000000009 4.533379406884732e-08
73800.00000000009 6.600335970834936e-08
73850.00000000009 7.156152343136801e-08
73900.00000000009 7.293868476015417e-08
73950.00000000009 6.624373584810876e-08
74000.00000000009 5.201723887831759e-08
74050.00000000009 1.0252614910762595e-07
74100.00000000009 6.092152207152486e-08
74150.00000000009 6.760597964450268e-08
74200.00000000009 6.083429750521461e-08
74250.00000000009 3.02044634325715e-08
74300.00000000009 6.100400700311845e-08
74350.00000000009 8.171252391805166e-08
74400.00000000009 7.670078133606448e-08
74450.00000000009 3.79963050745501e-08
74500.00000000009 4.5477506235585234e-08
74550.00000000009 5.894019049717045e-08
74600.00000000009 6.422891749487404e-08
74650.00000000009 6.437275147540817e-08
74700.00000000009 4.725279212578549e-08
74750.00000000009 4.8434877931362734e-08
74800.00000000009 5.681563554326804e-08
74850.00000000009 3.945356179192661e-08
74900.00000000009 7.518574275952862e-08
74950.00000000009 9.104599851081756e-08
75000.00000000009 5.7629726795720643e-08
75050.00000000009 3.939204436618119e-08
75100.00000000009 9.174666443556595e-08
75150.00000000009 8.009494366066807e-08
75200.00000000009 9.530763486954698e-08
75250.00000000009 8.16172825724228e-08
75300.00000000009 8.311022865557453e-08
75350.00000000009 5.007904618842938e-08
75400.00000000009 9.266653015779645e-08
75450.00000000009 7.816158109625245e-08
75500.00000000009 6.28033389556585e-08
75550.00000000009 9.371264365824775e-08
75600.00000000009 1.0976585841507322e-07
75650.00000000009 5.967830851276e-08
75700.00000000009 7.605340633300378e-08
75750.00000000009 5.2310367985038415e-08
75800.00000000009 8.599857845111725e-08
75850.00000000009 1.0805917232087289e-07
75900.00000000009 9.649418778441076e-08
75950.00000000009 6.163944470487104e-08
76000.00000000009 8.320309028126105e-08
76050.00000000009 9.774618671561078e-08
76100.00000000009 7.702812994932169e-08
76150.00000000009 9.921882532133775e-08
76200.00000000009 9.866321975243938e-08
76250.00000000009 1.0843581145060671e-07
76300.00000000009 1.1955095714939055e-07
76350.00000000009 1.5270644590400384e-07
76400.00000000009 1.1482446937249738e-07
76450.00000000009 1.1224213001486068e-07
76500.00000000009 8.332525595794197e-08
76550.00000000009 6.69533145737798e-08
76600.00000000009 2.8641039870774848e-08
76650.00000000009 2.9418531273684895e-08
76700.00000000009 3.3220341570650916e-08
76750.00000000009 3.275705424780444e-08
76800.00000000009 5.64688205726429e-08
76850.00000000009 1.7332816090747985e-08
76900.00000000009 2.700337755209536e-08
76950.00000000009 4.557400487060419e-08
77000.00000000009 5.155847826022308e-08
77050.00000000009 3.021428296532537e-08
77100.00000000009 3.8378547854506094e-08
77150.00000000009 5.9405125380503576e-08
77200.00000000009 4.384600704367819e-08
77250.00000000009 5.2104653035925117e-08
77300.00000000009 5.033075446457022e-08
77350.00000000009 3.202999141050305e-08
77400.00000000009 3.2156895489065956e-08
77450.00000000009 3.652261069584492e-08
77500.00000000009 3.528705059336076e-08
77550.00000000009 4.5611511804731485e-08
77600.00000000009 4.47041729638655e-08
77650.00000000009 4.4745560161456346e-08
77700.00000000009 3.017948261039996e-08
77750.00000000009 5.840481695447068e-08
77800.00000000009 4.6501920253799476e-08
77850.00000000009 7.990902282405529e-08
77900.00000000009 5.962647872751583e-08
77950.00000000009 3.3089801983539136e-08
78000.00000000009 5.209075395447823e-08
78050.00000000009 6.105285064460071e-08
78100.00000000009 4.734975200035024e-08
78150.00000000009 7.502069012365636e-08
78200.00000000009 6.909253184970104e-08
78250.00000000009 8.11886769377589e-08
78300.00000000009 7.504124884236646e-08
78350.00000000009 6.887350730934904e-08
78400.00000000009 6.042849064747185e-08
78450.00000000009 8.847971157009024e-08
78500.00000000009 7.275383256913527e-08
78550.00000000009 9.103879791840392e-08
78600.00000000009 7.92459324161899e-08
78650.00000000009 3.034584747452819e-08
78700.00000000009 4.6332205344030455e-08
78750.00000000009 5.043601438479568e-08
78800.00000000009 7.602911423083637e-08
78850.00000000009 4.4442971113179295e-08
78900.00000000009 7.141781082735843e-08
78950.00000000009 6.764827268147159e-08
79000.00000000009 6.297830158535395e-08
79050.00000000009 5.985918084315074e-08
79100.00000000009 5.8701988236255285e-08
79150.00000000009 6.477949435186874e-08
79200.00000000009 8.392034361497369e-08
79250.00000000009 6.88832629544436e-08
79300.00000000009 4.714518542546972e-08
79350.00000000009 7.15597908029115e-08
79400.00000000009 6.281949805858929e-08
79450.00000000009 7.948652429601868e-08
79500.00000000009 1.1460500073995458e-07
79550.00000000009 8.635808460298626e-08
79600.00000000009 5.364806641213825e-08
79650.00000000009 7.720495246119997e-08
79700.00000000009 9.069320012941013e-08
79750.00000000009 8.817278873678038e-08
79800.00000000009 7.02156968112264e-08
79850.00000000009 7.07175261743408e-08
79900.00000000009 1.1187123618856779e-07
79950.00000000009 6.92835713590945e-08
