galfind/configs/Brown_Dwarf_templates/sonora_cholla/logkzz2/56g/950K_56g_logkzz2_resample.dat
# %ECSV 1.0
# ---
# datatype:
# - {name: wav, unit: Angstrom, datatype: float64}
# - {name: flux_nu, unit: erg / (cm2 Hz s), datatype: float64}
# schema: astropy-2.0
wav flux_nu
10000.000000000093 nan
10050.000000000093 1.5604885951716763e-07
10100.000000000093 1.904883320921811e-07
10150.000000000093 2.0202379125072572e-07
10200.000000000093 2.301494919112315e-07
10250.000000000093 2.5069755245153797e-07
10300.000000000093 2.557345607375127e-07
10350.000000000093 2.997638461844181e-07
10400.000000000093 3.391179984239059e-07
10450.000000000093 3.446699524614213e-07
10500.000000000093 3.293692977873815e-07
10550.000000000093 3.293152643525146e-07
10600.000000000093 3.421217559251437e-07
10650.000000000093 3.743994638760262e-07
10700.000000000093 3.976642841701341e-07
10750.000000000093 4.23704428432047e-07
10800.000000000093 4.341866117067655e-07
10850.000000000093 4.5761732297911e-07
10900.000000000093 3.635649822749409e-07
10950.000000000093 2.2659304556594866e-07
11000.000000000093 1.940770278983009e-07
11050.000000000093 1.517734290340882e-07
11100.000000000093 1.2921970166508962e-07
11150.000000000093 9.242146600986044e-08
11200.000000000093 8.342918778143558e-08
11250.000000000093 1.0080778550655784e-07
11300.000000000093 1.0422717955627925e-07
11350.000000000093 5.188516098908346e-08
11400.000000000093 9.57477614327924e-08
11450.000000000093 7.337856789248401e-08
11500.000000000093 7.530753480257717e-08
11550.000000000093 4.197291574371175e-08
11600.000000000093 4.601482717213319e-08
11650.000000000093 6.574630581361184e-08
11700.000000000093 7.200581636146698e-08
11750.000000000093 3.4418536697178866e-08
11800.000000000093 7.916943488600202e-08
11850.000000000093 1.1776366717816792e-07
11900.000000000093 1.2453396437554312e-07
11950.000000000093 1.736265085816685e-07
12000.000000000093 2.0461014884370925e-07
12050.000000000093 2.589505092093276e-07
12100.000000000093 3.057853400042183e-07
12150.000000000093 3.451684951720985e-07
12200.000000000093 4.0420411893732194e-07
12250.000000000093 4.6573630933723457e-07
12300.000000000093 5.087014706341564e-07
12350.000000000093 5.367928564504008e-07
12400.000000000093 5.751871088320611e-07
12450.000000000093 6.562953274048359e-07
12500.000000000093 6.993751016815618e-07
12550.000000000093 7.357127648898868e-07
12600.000000000093 7.371420924818094e-07
12650.000000000093 7.341001849061256e-07
12700.000000000093 7.630635117706978e-07
12750.000000000093 7.184075920035647e-07
12800.000000000093 7.313698543605645e-07
12850.000000000093 6.498358972129011e-07
12900.000000000093 5.796755366522688e-07
12950.000000000093 6.044562316000266e-07
13000.000000000093 5.760456869888439e-07
13050.000000000093 5.439214192121053e-07
13100.000000000093 4.818190334343986e-07
13150.000000000093 3.9766127814154265e-07
13200.000000000093 3.7140261296590037e-07
13250.000000000093 2.8136368797838675e-07
13300.000000000093 1.4194057258782056e-07
13350.000000000093 4.367652049555971e-08
13400.000000000093 2.5259079830687723e-08
13450.000000000093 1.3492127616676756e-08
13500.000000000093 7.940986241554131e-09
13550.000000000093 6.290870673528091e-09
13600.000000000093 3.036588668211526e-09
13650.000000000093 8.625008830813847e-09
13700.000000000093 7.082235992854589e-09
13750.000000000093 7.078313286824057e-09
13800.000000000093 8.298219748438909e-09
13850.000000000093 6.922066584740616e-09
13900.000000000093 6.826063061067587e-09
13950.000000000093 5.891776644409704e-09
14000.000000000093 5.428588487545576e-09
14050.000000000093 7.203345904269508e-09
14100.000000000093 6.2876801238773215e-09
14150.000000000093 8.883631742353147e-09
14200.000000000093 7.1116930194827934e-09
14250.000000000093 7.755343845936538e-09
14300.000000000093 1.2235570944599474e-08
14350.000000000093 1.1808119145172299e-08
14400.000000000093 1.4681138750577878e-08
14450.000000000093 1.587050649210821e-08
14500.000000000093 2.9518881714265386e-08
14550.000000000093 2.996768014561554e-08
14600.000000000093 3.9788938679661215e-08
14650.000000000093 4.422913484408905e-08
14700.000000000093 3.08058425723463e-08
14750.000000000093 4.369744747612008e-08
14800.000000000093 5.6317500692731736e-08
14850.000000000093 5.8537970735370653e-08
14900.000000000093 6.549937584455262e-08
14950.000000000093 7.420432747800563e-08
15000.000000000093 7.904696809032534e-08
15050.000000000093 1.0122801006895025e-07
15100.000000000093 1.1394917745310616e-07
15150.000000000093 1.257556176999e-07
15200.000000000093 1.0987207288434446e-07
15250.000000000093 1.3773299924121347e-07
15300.000000000093 1.626391464041069e-07
15350.000000000093 1.933466810002047e-07
15400.000000000093 2.1237360385106947e-07
15450.000000000093 2.427302950733418e-07
15500.000000000093 2.564513033763247e-07
15550.000000000093 2.9461620587182245e-07
15600.000000000093 3.145845736257522e-07
15650.000000000093 3.2528429762824135e-07
15700.000000000093 3.781268225911721e-07
15750.000000000093 4.061415647318729e-07
15800.000000000093 3.840040432546643e-07
15850.000000000093 4.1700541447570973e-07
15900.000000000093 3.939313546224237e-07
15950.000000000093 3.743516820008154e-07
16000.000000000093 3.327401365330427e-07
16050.000000000093 2.6113308162595435e-07
16100.000000000093 2.1145038323205843e-07
16150.000000000093 1.3443472970135537e-07
16200.000000000093 9.226739959519293e-08
16250.000000000093 9.062752315495376e-08
16300.000000000093 7.102488619911827e-08
16350.000000000093 7.752110197507014e-08
16400.000000000095 8.892299123401701e-08
16450.000000000095 1.0233380308227084e-07
16500.000000000095 1.0989951426380682e-07
16550.000000000095 9.955183597020974e-08
16600.000000000095 9.331978947909181e-08
16650.000000000095 7.23919384664004e-08
16700.000000000095 2.631801924293676e-08
16750.000000000095 3.5604740291524286e-08
16800.000000000095 6.227857892189854e-08
16850.000000000095 6.78560305729193e-08
16900.000000000095 5.358742584725002e-08
16950.000000000095 4.5383837921005415e-08
17000.000000000095 3.568638182884156e-08
17050.000000000095 4.7761855244289806e-08
17100.000000000095 6.038741110237266e-08
17150.000000000095 4.256708371229112e-08
17200.000000000095 7.010075229848016e-08
17250.000000000095 5.7858976814619466e-08
17300.000000000095 4.41231253900424e-08
17350.000000000095 4.3299374226636215e-08
17400.000000000095 4.262783041027766e-08
17450.000000000095 5.218826654667223e-08
17500.000000000095 6.417267297459847e-08
17550.000000000095 5.4386218640251596e-08
17600.000000000095 4.478300429919813e-08
17650.000000000095 4.490592539311343e-08
17700.000000000095 3.131873738240509e-08
17750.000000000095 3.129974647940798e-08
17800.000000000095 4.355900257392351e-08
17850.000000000095 2.98435119964429e-08
17900.000000000095 3.247245591949791e-08
17950.000000000095 2.2045503412789524e-08
18000.000000000095 2.6375024872681764e-08
18050.000000000095 3.1269678448716754e-08
18100.000000000095 2.631012346905178e-08
18150.000000000095 4.150539387982054e-08
18200.000000000095 2.590035371460289e-08
18250.000000000095 5.054940156062151e-08
18300.000000000095 3.347365342345772e-08
18350.000000000095 2.895512613112989e-08
18400.000000000095 2.5794541609068675e-08
18450.000000000095 3.06617480879881e-08
18500.000000000095 3.7016065598045306e-08
18550.000000000095 2.884298530427837e-08
18600.000000000095 2.513113344595439e-08
18650.000000000095 2.3991593686076855e-08
18700.000000000095 2.4227703371146575e-08
18750.000000000095 2.8053278766541626e-08
18800.000000000095 5.1108202202455745e-08
18850.000000000095 5.933935595627912e-08
18900.000000000095 5.499498409885098e-08
18950.000000000095 8.030025715802653e-08
19000.000000000095 6.118266006409421e-08
19050.000000000095 4.794879029168893e-08
19100.000000000095 7.83885344790522e-08
19150.000000000095 6.51064331028067e-08
19200.000000000095 7.08356236650886e-08
19250.000000000095 6.40631949967371e-08
19300.000000000095 5.586306563243628e-08
19350.000000000095 5.1356920686648485e-08
19400.000000000095 3.3299612926088646e-08
19450.000000000095 6.033260113653422e-08
19500.000000000095 5.5037961506747966e-08
19550.000000000095 4.364766183440698e-08
19600.000000000095 6.234742540896374e-08
19650.000000000095 6.615243363682281e-08
19700.000000000095 6.951351796823805e-08
19750.000000000095 7.119785154863825e-08
19800.000000000095 8.294137652584586e-08
19850.000000000095 9.64050772119433e-08
19900.000000000095 6.799177371276465e-08
19950.000000000095 1.1096423539114066e-07
20000.000000000095 1.1074418709167548e-07
20050.000000000095 1.1673084621119782e-07
20100.000000000095 1.277412355193251e-07
20150.000000000095 1.1880182045605239e-07
20200.000000000095 1.4592994156048727e-07
20250.000000000095 1.6634733732680819e-07
20300.000000000095 1.464327311552165e-07
20350.000000000095 1.6813043414877893e-07
20400.000000000095 1.6530934862428883e-07
20450.000000000095 2.0579499338922593e-07
20500.000000000095 2.0546689273898942e-07
20550.000000000095 1.9392027242619917e-07
20600.000000000095 2.3245798551411123e-07
20650.000000000095 2.1144107191214055e-07
20700.000000000095 2.2246717254875852e-07
20750.000000000095 2.470911515383923e-07
20800.000000000095 2.3995272261463236e-07
20850.000000000095 2.2968212799493894e-07
20900.000000000095 2.449068975582081e-07
20950.000000000095 2.214751358147786e-07
21000.000000000095 2.3797867514971834e-07
21050.000000000095 2.1668153656295715e-07
21100.000000000095 2.098530743554348e-07
21150.000000000095 2.044307867820902e-07
21200.000000000095 1.939853261842428e-07
21250.000000000095 1.879884766300185e-07
21300.000000000095 1.5864243851596228e-07
21350.000000000095 1.665218953847227e-07
21400.000000000095 1.429836158569214e-07
21450.000000000095 1.2858989578576833e-07
21500.000000000095 1.2877895907169528e-07
21550.000000000095 1.1782821881247252e-07
21600.000000000095 1.0374686593895236e-07
21650.000000000095 8.605528458752488e-08
21700.000000000095 9.174974780652376e-08
21750.000000000095 8.591391196408466e-08
21800.000000000095 7.327053522529912e-08
21850.000000000095 6.268934606863062e-08
21900.000000000095 5.235838166692727e-08
21950.000000000095 2.335572037197308e-08
22000.000000000095 1.462968301890587e-08
22050.000000000095 9.793045655363599e-09
22100.000000000095 1.6194651873219575e-08
22150.000000000095 2.1928635485260947e-08
22200.000000000095 2.1440745807682584e-08
22250.000000000095 1.8964981971606733e-08
22300.000000000095 1.7436325800950304e-08
22350.000000000095 1.6110792230263774e-08
22400.000000000095 1.2677110932342839e-08
22450.000000000095 1.1665346793728138e-08
22500.000000000095 1.2569836716787135e-08
22550.000000000095 5.846828435239258e-09
22600.000000000095 9.22935188001472e-09
22650.000000000095 1.0490788687136572e-08
22700.000000000095 8.816891958444847e-09
22750.000000000095 9.550329322083043e-09
22800.000000000095 7.987808449144615e-09
22850.000000000095 7.204474136209202e-09
22900.000000000095 5.469605822102418e-09
22950.000000000095 6.48554834886112e-09
23000.000000000095 5.59030247848269e-09
23050.000000000095 8.180113920644148e-09
23100.000000000095 1.3968555091491352e-08
23150.000000000095 1.5561428477451022e-08
23200.000000000095 5.11585412149349e-09
23250.000000000095 4.635718596902461e-09
23300.000000000095 4.889764963240282e-09
23350.000000000095 4.260310591607724e-09
23400.000000000095 6.827305770156187e-09
23450.000000000095 5.7829522979719815e-09
23500.000000000095 5.275011858818708e-09
23550.000000000095 8.721101761615523e-09
23600.000000000095 8.48633419931199e-09
23650.000000000095 1.2303221901483713e-08
23700.000000000095 6.132196426675634e-09
23750.000000000095 4.5223041447903214e-09
23800.000000000095 6.720437497252002e-09
23850.000000000095 6.937803863368571e-09
23900.000000000095 1.2487648756174697e-08
23950.000000000095 1.285776079544922e-08
24000.000000000095 1.5580437620247686e-08
24050.000000000095 2.083671670377937e-08
24100.000000000095 1.5815067564175047e-08
24150.000000000095 1.8477045268509155e-08
24200.000000000095 1.8604611761445868e-08
24250.000000000095 1.3462431839612287e-08
24300.000000000095 1.8468137941490026e-08
24350.000000000095 1.5706257363561057e-08
24400.000000000095 2.5403312003043697e-08
24450.000000000095 2.1043383621347985e-08
24500.000000000095 2.5616366095925737e-08
24550.000000000095 2.6464052891745747e-08
24600.000000000095 3.1648287183887374e-08
24650.000000000095 3.411661865597612e-08
24700.000000000095 2.86412539575739e-08
24750.000000000095 2.5506221856817258e-08
24800.000000000095 3.0492711506750164e-08
24850.000000000095 4.152308509975049e-08
24900.000000000095 2.444521564013151e-08
24950.000000000095 3.932015567393789e-08
25000.000000000095 4.1885793280636434e-08
25050.000000000095 3.133594383685409e-08
25100.000000000095 3.741431814892227e-08
25150.000000000095 2.3289729514813644e-08
25200.000000000095 3.5087426881521785e-08
25250.000000000095 2.207685550021894e-08
25300.000000000095 3.4795911170372006e-08
25350.000000000095 1.6554021635592385e-08
25400.000000000095 3.4291481338164316e-08
25450.000000000095 2.2617552469542124e-08
25500.000000000095 2.126589595855342e-08
25550.000000000095 2.611833083031474e-08
25600.000000000095 1.4407960783489433e-08
25650.000000000095 1.4654509709654269e-08
25700.000000000095 2.7024754678326943e-08
25750.000000000095 1.3262338220437476e-08
25800.000000000095 2.6894975235444933e-08
25850.000000000095 1.280435587260101e-08
25900.000000000095 1.6581586480622237e-08
25950.000000000095 1.101647658446425e-08
26000.000000000095 2.7482366448721645e-08
26050.000000000095 1.706658835815796e-08
26100.000000000095 2.8600096694356353e-08
26150.000000000095 2.101577086656448e-08
26200.000000000095 2.801936104464055e-08
26250.000000000095 3.8705449106911747e-08
26300.000000000095 2.4853855394370625e-08
26350.000000000095 4.553781842504239e-08
26400.000000000095 5.48232114480246e-08
26450.000000000095 4.9752361981430534e-08
26500.000000000095 4.5054120342147325e-08
26550.000000000095 3.572458368033896e-08
26600.000000000095 4.376630962410993e-08
26650.000000000095 1.9494676980650167e-08
26700.000000000095 1.3607929132993036e-08
26750.000000000095 1.2330388858950989e-08
26800.000000000095 2.0387617707060638e-08
26850.000000000095 1.1767211673735585e-08
26900.000000000095 2.811535686418679e-08
26950.000000000095 1.334494082422556e-08
27000.000000000095 3.731940704229061e-08
27050.000000000095 3.2587975700436e-08
27100.000000000095 2.0844140400398327e-08
27150.000000000095 4.610053063171092e-08
27200.000000000095 2.1691553525825444e-08
27250.000000000095 2.8691019238744023e-08
27300.000000000095 7.076400010088606e-08
27350.000000000095 4.8017713646487837e-08
27400.000000000095 1.1756968734520216e-08
27450.000000000095 6.157503137582438e-08
27500.000000000095 5.887706088851978e-08
27550.000000000095 2.9531667790966823e-08
27600.000000000095 5.4395286548440106e-08
27650.000000000095 2.3551736558054105e-08
27700.000000000095 1.7355939384705342e-08
27750.000000000095 5.292383683599555e-08
27800.000000000095 2.4987722932258616e-08
27850.000000000095 2.9556925677135665e-08
27900.000000000095 3.794242632782547e-08
27950.000000000095 4.421697918581521e-08
28000.000000000095 4.872612232193031e-08
28050.000000000095 1.8933116014763085e-08
28100.000000000095 6.128379316602559e-08
28150.000000000095 4.3744508693518404e-08
28200.000000000095 1.678084969594635e-08
28250.000000000095 6.166009593941488e-08
28300.000000000095 8.775554868702612e-08
28350.000000000095 2.2261929170630206e-08
28400.000000000095 5.4190400566216795e-08
28450.000000000095 6.188424091304442e-08
28500.000000000095 5.093346364283372e-08
28550.000000000095 1.8987073915744687e-08
28600.000000000095 6.306997573494002e-08
28650.000000000095 6.29959023864447e-08
28700.000000000095 5.192480411231445e-08
28750.000000000095 7.688484535501565e-08
28800.000000000095 6.159580325718684e-08
28850.000000000095 8.749531444994291e-08
28900.000000000095 3.6642751639301885e-08
28950.000000000095 8.844729752191529e-08
29000.000000000095 5.6600360341416217e-08
29050.000000000095 7.046020828776123e-08
29100.000000000095 4.0148627126844224e-08
29150.000000000095 9.24989344780652e-08
29200.000000000095 6.196447175461963e-08
29250.000000000095 9.119524621435461e-08
29300.000000000095 5.2955869488462575e-08
