galfind/configs/Brown_Dwarf_templates/sonora_cholla/logkzz7/100g/1000K_100g_logkzz7_resample.dat
# %ECSV 1.0
# ---
# datatype:
# - {name: wav, unit: Angstrom, datatype: float64}
# - {name: flux_nu, unit: erg / (cm2 Hz s), datatype: float64}
# schema: astropy-2.0
wav flux_nu
10000.000000000093 nan
10050.000000000093 1.47270568921384e-07
10100.000000000093 1.7650906829174723e-07
10150.000000000093 1.8650413783166717e-07
10200.000000000093 2.0947058061964364e-07
10250.000000000093 2.2988048540521268e-07
10300.000000000093 2.4039884930076215e-07
10350.000000000093 2.768586503369871e-07
10400.000000000093 3.0521234207279765e-07
10450.000000000093 3.13133330052645e-07
10500.000000000093 3.0687195125892514e-07
10550.000000000093 3.098906175907328e-07
10600.000000000093 3.198698069353009e-07
10650.000000000093 3.4153879643910617e-07
10700.000000000093 3.56647102003873e-07
10750.000000000093 3.739136147707447e-07
10800.000000000093 3.790049603785597e-07
10850.000000000093 3.87407994271115e-07
10900.000000000093 2.946532912766191e-07
10950.000000000093 1.659640047594746e-07
11000.000000000093 1.3203519506141735e-07
11050.000000000093 9.824882205327822e-08
11100.000000000093 7.923736872503078e-08
11150.000000000093 5.74247152632963e-08
11200.000000000093 5.799239112513795e-08
11250.000000000093 7.232990917956185e-08
11300.000000000093 6.969836170640735e-08
11350.000000000093 3.532601776259468e-08
11400.000000000093 7.463274313554397e-08
11450.000000000093 5.555022002452914e-08
11500.000000000093 6.794125732265037e-08
11550.000000000093 4.7352695746496747e-08
11600.000000000093 5.0763591684810047e-08
11650.000000000093 5.8175193910496145e-08
11700.000000000093 6.544680934702768e-08
11750.000000000093 5.3764062842529615e-08
11800.000000000093 8.127035153041145e-08
11850.000000000093 1.0827504215312507e-07
11900.000000000093 1.1837193211909879e-07
11950.000000000093 1.6208371324639098e-07
12000.000000000093 1.850452845351474e-07
12050.000000000093 2.2103058875992456e-07
12100.000000000093 2.4955318338439823e-07
12150.000000000093 2.7732375658143165e-07
12200.000000000093 3.188570385912352e-07
12250.000000000093 3.6001788308019974e-07
12300.000000000093 3.978195655364593e-07
12350.000000000093 4.220582298456406e-07
12400.000000000093 4.637033476912174e-07
12450.000000000093 5.25134003933501e-07
12500.000000000093 5.579336884839745e-07
12550.000000000093 5.894247835178397e-07
12600.000000000093 5.843649342348974e-07
12650.000000000093 5.75995246688677e-07
12700.000000000093 5.835097549243907e-07
12750.000000000093 5.476535814416443e-07
12800.000000000093 5.520765451627814e-07
12850.000000000093 4.7500783724341986e-07
12900.000000000093 4.2319439862182503e-07
12950.000000000093 4.309188546858798e-07
13000.000000000093 4.284099862515491e-07
13050.000000000093 4.0471785889710694e-07
13100.000000000093 3.7269257996697347e-07
13150.000000000093 3.131394445339517e-07
13200.000000000093 2.9218241240290697e-07
13250.000000000093 2.198026565945099e-07
13300.000000000093 1.1906565840462516e-07
13350.000000000093 3.864643283054408e-08
13400.000000000093 1.9108552707002124e-08
13450.000000000093 1.0798243584304374e-08
13500.000000000093 6.056962007640498e-09
13550.000000000093 4.734904553401074e-09
13600.000000000093 2.967052342346146e-09
13650.000000000093 7.997164219802687e-09
13700.000000000093 5.9454116678047295e-09
13750.000000000093 7.876565097305516e-09
13800.000000000093 1.0809338632224387e-08
13850.000000000093 7.553047718369847e-09
13900.000000000093 8.125800916793746e-09
13950.000000000093 7.493550446070233e-09
14000.000000000093 6.971866446571708e-09
14050.000000000093 8.820022499678168e-09
14100.000000000093 6.329033123777245e-09
14150.000000000093 9.275417847836107e-09
14200.000000000093 6.744726896318766e-09
14250.000000000093 7.079818043678898e-09
14300.000000000093 1.1867477169183388e-08
14350.000000000093 1.0737124053963902e-08
14400.000000000093 1.2538025182718884e-08
14450.000000000093 1.3752429288747924e-08
14500.000000000093 2.547612073530235e-08
14550.000000000093 2.568565670046679e-08
14600.000000000093 3.452732599293686e-08
14650.000000000093 3.625834350920977e-08
14700.000000000093 2.4572709191262962e-08
14750.000000000093 3.3943508930840126e-08
14800.000000000093 4.3564916236022203e-08
14850.000000000093 4.4268264826623345e-08
14900.000000000093 4.858517654869266e-08
14950.000000000093 5.556657669551634e-08
15000.000000000093 6.094421819720214e-08
15050.000000000093 7.481052721401628e-08
15100.000000000093 8.529741371202161e-08
15150.000000000093 9.063843137179223e-08
15200.000000000093 8.495172246471456e-08
15250.000000000093 1.0705109953115195e-07
15300.000000000093 1.2669278647853248e-07
15350.000000000093 1.504297092904367e-07
15400.000000000093 1.6580559056322632e-07
15450.000000000093 1.8754033811441465e-07
15500.000000000093 1.998496536635558e-07
15550.000000000093 2.330779295910943e-07
15600.000000000093 2.3064794102441677e-07
15650.000000000093 2.4923767195808717e-07
15700.000000000093 2.951655189740351e-07
15750.000000000093 3.207592825887196e-07
15800.000000000093 3.033996856973082e-07
15850.000000000093 3.3145224347278706e-07
15900.000000000093 3.321902552518326e-07
15950.000000000093 3.3542154080257817e-07
16000.000000000093 3.260212508538377e-07
16050.000000000093 2.998529439157636e-07
16100.000000000093 2.77264348317624e-07
16150.000000000093 2.237921544461128e-07
16200.000000000093 1.8462813044237116e-07
16250.000000000093 1.89264918681624e-07
16300.000000000093 1.678671632800816e-07
16350.000000000093 1.7814794721740414e-07
16400.000000000095 1.9515704652886425e-07
16450.000000000095 2.0629193195048684e-07
16500.000000000095 2.1460378331320413e-07
16550.000000000095 2.0466980731139094e-07
16600.000000000095 2.014739521059756e-07
16650.000000000095 1.6342237337743446e-07
16700.000000000095 1.0731710407927102e-07
16750.000000000095 1.325584583804582e-07
16800.000000000095 1.7268158140387428e-07
16850.000000000095 1.6503007664659052e-07
16900.000000000095 1.501518395264528e-07
16950.000000000095 1.403075279098056e-07
17000.000000000095 1.247210533640548e-07
17050.000000000095 1.4602960438736972e-07
17100.000000000095 1.5093712710449243e-07
17150.000000000095 1.2799566488504043e-07
17200.000000000095 1.4521130193915013e-07
17250.000000000095 1.2327777982310537e-07
17300.000000000095 1.0878151997251679e-07
17350.000000000095 1.0618120267497732e-07
17400.000000000095 1.017206470221928e-07
17450.000000000095 9.720115028792422e-08
17500.000000000095 1.0280435420077967e-07
17550.000000000095 8.644940952225133e-08
17600.000000000095 7.940283649464343e-08
17650.000000000095 7.712667311882368e-08
17700.000000000095 5.4939356783395416e-08
17750.000000000095 4.69120653844774e-08
17800.000000000095 5.828151138800366e-08
17850.000000000095 3.697728042509668e-08
17900.000000000095 4.452356319161156e-08
17950.000000000095 3.197864556277975e-08
18000.000000000095 3.5365351916414364e-08
18050.000000000095 3.051873446142304e-08
18100.000000000095 2.6175662625493207e-08
18150.000000000095 3.824742135521205e-08
18200.000000000095 2.2065454463759993e-08
18250.000000000095 4.793723198424234e-08
18300.000000000095 2.7822823169895063e-08
18350.000000000095 2.4778590510015453e-08
18400.000000000095 2.1604333795154303e-08
18450.000000000095 2.6925049168458273e-08
18500.000000000095 2.97734191723282e-08
18550.000000000095 2.2518390363541517e-08
18600.000000000095 1.9529543615545397e-08
18650.000000000095 1.69256612729606e-08
18700.000000000095 1.5993676312726765e-08
18750.000000000095 2.043960829497224e-08
18800.000000000095 3.890305740155517e-08
18850.000000000095 4.3536209701709375e-08
18900.000000000095 3.923491080715166e-08
18950.000000000095 6.125596608153855e-08
19000.000000000095 4.026354191900949e-08
19050.000000000095 3.055530308912769e-08
19100.000000000095 5.326839254671575e-08
19150.000000000095 3.9475574588939406e-08
19200.000000000095 4.6359062774070646e-08
19250.000000000095 3.924849166931566e-08
19300.000000000095 3.361244666430594e-08
19350.000000000095 3.140639451604359e-08
19400.000000000095 2.0085583623273532e-08
19450.000000000095 3.719284929926581e-08
19500.000000000095 3.38045792030874e-08
19550.000000000095 2.760950305522234e-08
19600.000000000095 3.78030090250631e-08
19650.000000000095 4.199955952116881e-08
19700.000000000095 4.337122497509067e-08
19750.000000000095 4.5903534468699596e-08
19800.000000000095 5.2720671035332964e-08
19850.000000000095 6.340883216938362e-08
19900.000000000095 4.750701849595856e-08
19950.000000000095 7.215240647999901e-08
20000.000000000095 7.08526493518293e-08
20050.000000000095 7.432035886107177e-08
20100.000000000095 8.179277890651173e-08
20150.000000000095 7.733206948522831e-08
20200.000000000095 9.202470293275141e-08
20250.000000000095 1.0394782882303553e-07
20300.000000000095 9.422769088304216e-08
20350.000000000095 1.0837797619102084e-07
20400.000000000095 1.0773309032578597e-07
20450.000000000095 1.2736225556776994e-07
20500.000000000095 1.3023145452537094e-07
20550.000000000095 1.2540680347034525e-07
20600.000000000095 1.4470042541294915e-07
20650.000000000095 1.365332649958825e-07
20700.000000000095 1.3847443398687127e-07
20750.000000000095 1.5167131726363918e-07
20800.000000000095 1.4816306268773068e-07
20850.000000000095 1.502055061049667e-07
20900.000000000095 1.5687155261211664e-07
20950.000000000095 1.483698256909927e-07
21000.000000000095 1.5645919587645313e-07
21050.000000000095 1.493996025023999e-07
21100.000000000095 1.5010393743344914e-07
21150.000000000095 1.5099720455299516e-07
21200.000000000095 1.4467423174004486e-07
21250.000000000095 1.4871155855313883e-07
21300.000000000095 1.3688477291652514e-07
21350.000000000095 1.4153253761359333e-07
21400.000000000095 1.3060525646921472e-07
21450.000000000095 1.2938319438167445e-07
21500.000000000095 1.3114212025469967e-07
21550.000000000095 1.24809327937911e-07
21600.000000000095 1.225378426263942e-07
21650.000000000095 1.1211160052504734e-07
21700.000000000095 1.181459065232027e-07
21750.000000000095 1.0986787191993207e-07
21800.000000000095 1.0230602702411035e-07
21850.000000000095 9.319551551053537e-08
21900.000000000095 9.035154796203269e-08
21950.000000000095 6.004383149541051e-08
22000.000000000095 4.1193638163958456e-08
22050.000000000095 3.378979180109267e-08
22100.000000000095 4.955178302963961e-08
22150.000000000095 5.604000912849391e-08
22200.000000000095 5.38449993066288e-08
22250.000000000095 5.010852707849205e-08
22300.000000000095 4.873852366832221e-08
22350.000000000095 4.597727373401072e-08
22400.000000000095 3.9313294603219474e-08
22450.000000000095 3.5004519919438115e-08
22500.000000000095 3.78333129167027e-08
22550.000000000095 2.6247893575419644e-08
22600.000000000095 3.187822420808982e-08
22650.000000000095 3.23133386687646e-08
22700.000000000095 3.024118718528294e-08
22750.000000000095 3.216238415308137e-08
22800.000000000095 2.9373458919382516e-08
22850.000000000095 2.643985749492657e-08
22900.000000000095 2.4193137042112047e-08
22950.000000000095 2.341339626253095e-08
23000.000000000095 1.7798614763285055e-08
23050.000000000095 2.3861104640817606e-08
23100.000000000095 3.2994733572925796e-08
23150.000000000095 3.070230854165121e-08
23200.000000000095 1.5532187412455765e-08
23250.000000000095 1.6543918512061274e-08
23300.000000000095 1.6806641318618677e-08
23350.000000000095 1.4460715997192231e-08
23400.000000000095 1.9624322817991702e-08
23450.000000000095 1.8434289643633858e-08
23500.000000000095 1.8371900586704652e-08
23550.000000000095 2.4607581407116738e-08
23600.000000000095 2.4914289578502188e-08
23650.000000000095 2.860659662653109e-08
23700.000000000095 1.7655968350633996e-08
23750.000000000095 1.664715250293104e-08
23800.000000000095 2.13989522357962e-08
23850.000000000095 2.03346298878696e-08
23900.000000000095 3.0216219342276026e-08
23950.000000000095 3.03198060058998e-08
24000.000000000095 3.972118719358313e-08
24050.000000000095 4.101129263676936e-08
24100.000000000095 3.33197789038275e-08
24150.000000000095 3.5640572933967344e-08
24200.000000000095 3.860923502119954e-08
24250.000000000095 3.676257069591803e-08
24300.000000000095 3.939215059658145e-08
24350.000000000095 3.437261008740001e-08
24400.000000000095 5.271743758899193e-08
24450.000000000095 4.093277970319367e-08
24500.000000000095 4.616382443712998e-08
24550.000000000095 4.501990324638257e-08
24600.000000000095 5.100802692429715e-08
24650.000000000095 5.598597531367172e-08
24700.000000000095 4.170090386419457e-08
24750.000000000095 3.9219671963130023e-08
24800.000000000095 4.0994225403852013e-08
24850.000000000095 5.686412150982749e-08
24900.000000000095 2.762435308474053e-08
24950.000000000095 4.7667719560699515e-08
25000.000000000095 4.421861712563488e-08
25050.000000000095 3.020753067504158e-08
25100.000000000095 3.962896833246815e-08
25150.000000000095 2.4554252230654808e-08
25200.000000000095 3.3285299939998594e-08
25250.000000000095 1.9948995952937487e-08
25300.000000000095 2.9554136822252176e-08
25350.000000000095 1.5164041758582854e-08
25400.000000000095 2.932791567775724e-08
25450.000000000095 1.7997375270175544e-08
25500.000000000095 1.736652889919703e-08
25550.000000000095 2.347873284231741e-08
25600.000000000095 1.8315256492985452e-08
25650.000000000095 1.247531406898578e-08
25700.000000000095 2.440598070549701e-08
25750.000000000095 1.1312130727420401e-08
25800.000000000095 2.626840976795246e-08
25850.000000000095 1.1203911946848405e-08
25900.000000000095 1.7133408487269705e-08
25950.000000000095 9.428787122522743e-09
26000.000000000095 2.5191099752310158e-08
26050.000000000095 1.477952356758232e-08
26100.000000000095 2.6863841686222214e-08
26150.000000000095 2.113269587835946e-08
26200.000000000095 2.4147828648500118e-08
26250.000000000095 3.646724135183466e-08
26300.000000000095 2.2699954526467912e-08
26350.000000000095 4.1837855656621056e-08
26400.000000000095 5.149728665920276e-08
26450.000000000095 4.3306661977223387e-08
26500.000000000095 4.020598697382884e-08
26550.000000000095 2.7590619495842e-08
26600.000000000095 3.389080547721493e-08
26650.000000000095 1.4675345301926045e-08
26700.000000000095 1.0250625749112797e-08
26750.000000000095 9.511019880313968e-09
26800.000000000095 1.4705364703324755e-08
26850.000000000095 9.086380951816968e-09
26900.000000000095 2.1319414319510926e-08
26950.000000000095 1.015344979095614e-08
27000.000000000095 2.8209755824929405e-08
27050.000000000095 2.544036862595514e-08
27100.000000000095 1.5630480454798832e-08
27150.000000000095 3.4212488128312944e-08
27200.000000000095 1.6136055812462605e-08
27250.000000000095 2.13223362653643e-08
27300.000000000095 5.388379702232389e-08
27350.000000000095 3.7018680500854466e-08
27400.000000000095 8.979883431732835e-09
27450.000000000095 4.474786584053322e-08
27500.000000000095 4.765424754172913e-08
27550.000000000095 2.0783477404087667e-08
27600.000000000095 3.7753343281628106e-08
27650.000000000095 1.715419812458675e-08
27700.000000000095 1.3455461431915753e-08
27750.000000000095 3.7581722363878633e-08
27800.000000000095 1.8377777560303857e-08
27850.000000000095 2.115133640062198e-08
27900.000000000095 2.759805499711688e-08
27950.000000000095 3.563589442596955e-08
28000.000000000095 3.5067408670791434e-08
28050.000000000095 1.3969138191414676e-08
28100.000000000095 4.6082680936050347e-08
28150.000000000095 3.210375808249112e-08
28200.000000000095 1.3047648263498023e-08
28250.000000000095 4.6444031586485396e-08
28300.000000000095 6.319232291074031e-08
28350.000000000095 1.6952436268639965e-08
28400.000000000095 3.9870398706645746e-08
28450.000000000095 4.8773598698315e-08
28500.000000000095 3.804873380428662e-08
28550.000000000095 1.539862992482521e-08
28600.000000000095 4.975867916809097e-08
28650.000000000095 4.694776953247523e-08
28700.000000000095 4.009953261904026e-08
28750.000000000095 5.867283914659265e-08
28800.000000000095 5.0151625483184486e-08
28850.000000000095 6.566680317975796e-08
28900.000000000095 2.9331189616442283e-08
28950.000000000095 7.226354418783536e-08
29000.000000000095 4.716416705160467e-08
29050.000000000095 5.7472980765095124e-08
29100.000000000095 3.5550232012006856e-08
29150.000000000095 7.686476067731834e-08
29200.000000000095 5.038639116282565e-08
29250.000000000095 7.288309563026714e-08
29300.000000000095 4.320751035353658e-08
