galfind/configs/Brown_Dwarf_templates/sonora_cholla/logkzz7/100g/1050K_100g_logkzz7_resample.dat
# %ECSV 1.0
# ---
# datatype:
# - {name: wav, unit: Angstrom, datatype: float64}
# - {name: flux_nu, unit: erg / (cm2 Hz s), datatype: float64}
# schema: astropy-2.0
wav flux_nu
[from data line 776]
48800.000000000095 1.6089834474101578e-07
48850.000000000095 1.2199268166655313e-07
48900.000000000095 1.7340603318093394e-07
48950.000000000095 1.5316724951094405e-07
49000.000000000095 1.3332103201614007e-07
49050.000000000095 1.6310155926640358e-07
49100.000000000095 1.182627339917963e-07
49150.000000000095 1.9022307432721446e-07
49200.000000000095 1.255993887984988e-07
49250.000000000095 1.954729195404643e-07
49300.000000000095 1.4461784213792173e-07
49350.000000000095 1.61762657289399e-07
49400.000000000095 1.9531995472291572e-07
49450.000000000095 1.6881005485886785e-07
49500.000000000095 1.7320147768091353e-07
49550.000000000095 1.1366494010949473e-07
49600.000000000095 1.815003340463992e-07
49650.000000000095 1.6198550465295727e-07
49700.000000000095 1.465291586405323e-07
49750.000000000095 2.485168081922574e-07
49800.000000000095 1.4691032290274637e-07
49850.000000000095 2.69047070581453e-07
49900.000000000095 1.9155378214465785e-07
49950.000000000095 2.2818950979010834e-07
50000.000000000095 2.4637033135400015e-07
50050.000000000095 2.1607344681140214e-07
50100.000000000095 2.986877854661932e-07
50150.000000000095 1.4856376958542244e-07
50200.000000000095 1.2040006065692739e-07
50250.000000000095 2.505687395692392e-07
50300.000000000095 1.7590480253875005e-07
50350.000000000095 2.4165787088508385e-07
50400.000000000095 2.1655390155906256e-07
50450.000000000095 2.286313796746297e-07
50500.000000000095 2.789519553840375e-07
50550.000000000095 2.297864779387921e-07
50600.000000000095 2.7521077440740727e-07
50650.000000000095 2.3816941819555193e-07
50700.000000000095 3.2486732189643915e-07
50750.000000000095 3.2966590175263e-07
50800.000000000095 1.6451006302648645e-07
50850.000000000095 1.9762988217355832e-07
50900.000000000095 3.0716312468135956e-07
50950.000000000095 3.295368059612182e-07
51000.000000000095 2.9111759464334623e-07
51050.000000000095 2.6269064401886145e-07
51100.000000000095 1.7878445944139892e-07
51150.000000000095 2.2456316365567776e-07
51200.000000000095 3.185298095192812e-07
51250.000000000095 3.104941712403508e-07
51300.000000000095 1.964684247961212e-07
51350.000000000095 2.639419809043229e-07
51400.000000000095 2.0975410578055536e-07
51450.000000000095 1.800215178329389e-07
51500.000000000095 1.6378359568827236e-07
51550.000000000095 3.0186338516184367e-07
51600.000000000095 2.0411567222628668e-07
51650.000000000095 2.8764686356206964e-07
51700.000000000095 2.918725682612913e-07
51750.000000000095 1.9692111301865416e-07
51800.000000000095 3.821217307988433e-07
51850.000000000095 2.9007311495899034e-07
51900.000000000095 3.675187904688122e-07
51950.000000000095 3.166003959709677e-07
52000.000000000095 1.221872289107736e-07
52050.000000000095 2.0948109550355624e-07
52100.000000000095 1.986428531725254e-07
52150.000000000095 1.640937709042863e-07
52200.000000000095 1.849949967285761e-07
52250.000000000095 2.1672735701272064e-07
52300.000000000095 3.447812475314136e-07
52350.000000000095 2.502895667963624e-07
52400.000000000095 1.9262465146179598e-07
52450.000000000095 3.06137490389868e-07
52500.000000000095 2.810226501200488e-07
52550.000000000095 2.951571980104565e-07
52600.000000000095 2.2783785037603685e-07
52650.000000000095 2.8853121833557844e-07
52700.000000000095 2.2396945255211324e-07
52750.000000000095 1.826825033029096e-07
52800.000000000095 1.9196714735006534e-07
52850.000000000095 2.2960764663142792e-07
52900.000000000095 1.7988585223633187e-07
52950.000000000095 1.8572015861903737e-07
53000.000000000095 3.524871290973075e-07
53050.000000000095 1.5800317713593176e-07
53100.000000000095 3.1889828819025515e-07
53150.000000000095 3.601828514340767e-07
53200.000000000095 1.764903157328542e-07
53250.000000000095 3.339148455912619e-07
53300.000000000095 3.395031467696489e-07
53350.000000000095 3.1161330088725926e-07
53400.000000000095 3.4159248427567215e-07
53450.000000000095 1.6765735687136278e-07
53500.000000000095 1.0807594354822168e-07
53550.000000000095 1.6735504147292192e-07
53600.000000000095 2.380678059751872e-07
53650.000000000095 2.0318509261951716e-07
53700.000000000095 1.8678739383591388e-07
53750.000000000095 1.927088582453184e-07
53800.000000000095 1.9553354935377195e-07
53850.000000000095 2.5496691662213257e-07
53900.000000000095 2.2831101058132363e-07
53950.000000000095 3.108568252408852e-07
54000.000000000095 2.244767353073073e-07
54050.000000000095 2.2517394898385807e-07
54100.000000000095 1.18975192243187e-07
54150.000000000095 1.713187590529337e-07
54200.000000000095 8.952360652529763e-08
54250.000000000095 1.0164251891981066e-07
54300.000000000095 1.7283707275560656e-07
54350.000000000095 2.267621476100335e-07
54400.000000000095 2.310917854420718e-07
54450.000000000095 1.9119413399090471e-07
54500.000000000095 1.7874643872101973e-07
54550.000000000095 1.5256365637901253e-07
54600.000000000095 1.9268399509420932e-07
54650.000000000095 1.0755522499537592e-07
54700.000000000095 2.2105222529616357e-07
54750.000000000095 2.195683531987108e-07
54800.000000000095 1.572576036774891e-07
54850.000000000095 1.8596506547407453e-07
54900.000000000095 2.423413354974378e-07
54950.000000000095 3.2748994734914147e-07
55000.000000000095 1.481089009325873e-07
55050.000000000095 2.1073204788520922e-07
55100.000000000095 1.8152733405608518e-07
55150.000000000095 1.5712256325636117e-07
55200.000000000095 1.5296260966290752e-07
55250.000000000095 1.7525827651209777e-07
55300.000000000095 1.300485407810598e-07
55350.000000000095 2.000360835304968e-07
55400.000000000095 2.5637999161308006e-07
55450.000000000095 1.8589263795556187e-07
55500.000000000095 1.0282552600785877e-07
55550.000000000095 1.4082397508075568e-07
55600.000000000095 1.354742892170483e-07
55650.000000000095 1.1595873708967111e-07
55700.000000000095 1.5102292860689452e-07
55750.000000000095 1.724107730635182e-07
55800.000000000095 1.1937852467258142e-07
55850.000000000095 1.1160390963840915e-07
55900.000000000095 2.028260512841803e-07
55950.000000000095 2.704270157236723e-07
56000.000000000095 1.2602265482166035e-07
56050.000000000095 1.7184587900452885e-07
56100.000000000095 1.9896649311737282e-07
56150.000000000095 1.4402759842728248e-07
56200.000000000095 1.651467624143817e-07
56250.000000000095 1.6603954421811592e-07
56300.000000000095 1.8010853292932398e-07
56350.000000000095 1.8030049537821576e-07
56400.000000000095 1.2087583558040777e-07
56450.000000000095 1.073918569044954e-07
56500.000000000095 1.2798105583529842e-07
56550.000000000095 9.253353219433792e-08
56600.000000000095 1.8921720805092927e-07
56650.000000000095 1.813678201228135e-07
56700.000000000095 2.0177027439903418e-07
56750.000000000095 1.070105825247343e-07
56800.000000000095 1.9877716990427706e-07
56850.000000000095 1.5884963791908102e-07
56900.000000000095 1.28981782843296e-07
56950.000000000095 1.978886038811033e-07
57000.000000000095 2.0853733834590043e-07
57050.000000000095 1.4100049067582605e-07
57100.000000000095 7.770707319009212e-08
57150.000000000095 1.0909809460290605e-07
57200.000000000095 9.165230209317847e-08
57250.000000000095 1.3336679015216082e-07
57300.000000000095 1.7062769655691187e-07
57350.000000000095 9.676136490982767e-08
57400.000000000095 1.7125944238362466e-07
57450.000000000095 1.5060811801768134e-07
57500.000000000095 1.435460105013948e-07
57550.000000000095 1.8583554901431393e-07
57600.000000000095 1.9749425227047546e-07
57650.000000000095 7.97157794195896e-08
57700.000000000095 1.0093206415955503e-07
57750.000000000095 1.252851108936868e-07
57800.000000000095 5.4562245811477936e-08
57850.000000000095 2.308088962512226e-07
57900.000000000095 2.6845659880096913e-07
57950.000000000095 2.413192880512671e-07
58000.000000000095 1.197354423665833e-07
58050.000000000095 1.763213637451458e-07
58100.000000000095 2.132955301574426e-07
58150.000000000095 1.5784102284611984e-07
58200.000000000095 8.50978171680054e-08
58250.000000000095 1.1262265131069476e-07
58300.000000000095 9.414077468252837e-08
58350.000000000095 1.166051707822021e-07
58400.000000000095 1.6154704967905872e-07
58450.000000000095 1.7141699230100105e-07
58500.000000000095 1.5477262303443534e-07
58550.000000000095 1.7714741457734087e-07
58600.000000000095 1.0399306504762557e-07
58650.000000000095 1.314100249155712e-07
58700.000000000095 1.3746889166607164e-07
58750.000000000095 1.4290446207102146e-07
58800.000000000095 7.14554773847173e-08
58850.000000000095 1.2436820147336495e-07
58900.000000000095 1.629788197269034e-07
58950.000000000095 9.845765753261271e-08
59000.000000000095 1.5627198789050648e-07
59050.000000000095 1.778617144025995e-07
59100.000000000095 2.1453381431401255e-07
59150.000000000095 1.5025889791827455e-07
59200.000000000095 1.607614829497271e-07
59250.000000000095 1.7157325514403006e-07
59300.000000000095 1.59177541497228e-07
59350.000000000095 8.131020112891035e-08
59400.000000000095 6.400361433961823e-08
59450.000000000095 1.4086647241856523e-07
59500.000000000095 8.756128323102585e-08
59550.000000000095 1.824818085562965e-07
59600.000000000095 1.788420832451385e-07
59650.000000000095 1.5558241235147329e-07
59700.000000000095 1.0644317505933038e-07
59750.000000000095 2.3071770819210764e-07
59800.000000000095 1.378498162685763e-07
59850.000000000095 1.84510943935241e-07
59900.000000000095 9.226952308370952e-08
59950.000000000095 1.565987433539241e-07
60000.000000000095 2.5536662605724644e-07
60050.000000000095 2.1880309161189617e-07
60100.000000000095 2.1800789540363573e-07
60150.000000000095 1.4564358784086005e-07
60200.000000000095 1.7504764607877974e-07
60250.000000000095 2.1378242513076882e-07
60300.000000000095 1.9682319119597179e-07
60350.000000000095 1.4175728298631897e-07
60400.000000000095 1.7146669152112672e-07
60450.000000000095 9.394625432657945e-08
60500.000000000095 6.118020439326676e-08
60550.000000000095 1.804761002737315e-07
60600.000000000095 1.788416891323892e-07
60650.000000000095 1.4687212129321965e-07
60700.000000000095 1.3010724402874242e-07
60750.000000000095 9.665322265810076e-08
60800.000000000095 1.910620685408879e-07
60850.000000000095 2.6623227425713047e-07
60900.000000000095 2.472315370004566e-07
60950.000000000095 2.2554241996117787e-07
61000.000000000095 1.7286799426012261e-07
61050.000000000095 1.1888477340897353e-07
61100.000000000095 1.6757585258601507e-07
61150.000000000095 6.620958359654792e-08
61200.000000000095 2.298903561554324e-07
61250.000000000095 2.683804271314568e-07
61300.000000000095 2.398000511229967e-07
61350.000000000095 2.753543575198579e-07
61400.000000000095 1.8314320348302354e-07
61450.000000000095 1.1784539997316286e-07
61500.000000000095 1.4701026650739976e-07
61550.000000000095 1.316058643655079e-07
61600.000000000095 9.490963024665989e-08
61650.000000000095 1.6231345176306562e-07
61700.000000000095 1.3640856956850237e-07
61750.000000000095 1.5884761122972546e-07
61800.000000000095 1.8551820290169034e-07
61850.000000000095 1.1492117561332134e-07
61900.000000000095 2.2159018981750256e-07
61950.000000000095 2.4261383029623114e-07
62000.000000000095 2.1585049494408787e-07
62050.000000000095 2.1357287576925735e-07
62100.000000000095 2.261622478872325e-07
62150.000000000095 2.2906232582604043e-07
62200.000000000095 2.005752299281657e-07
62250.000000000095 2.0706179981629038e-07
62300.000000000095 2.9393626828535895e-07
62350.000000000095 2.4067207613506884e-07
62400.000000000095 1.4068206814572074e-07
62450.000000000095 1.8670010664164444e-07
62500.000000000095 2.651166450150675e-07
62550.000000000095 2.5418750891104644e-07
62600.000000000095 2.815019520389372e-07
62650.000000000095 2.134558505753503e-07
62700.000000000095 2.38881521563343e-07
62750.000000000095 2.9410711109302543e-07
62800.000000000095 1.7492901693335884e-07
62850.000000000095 2.489539206878181e-07
62900.000000000095 1.96340401866065e-07
62950.000000000095 2.607639990678711e-07
63000.000000000095 2.4218029414583453e-07
63050.000000000095 3.318881164127151e-07
63100.000000000095 2.910972195465619e-07
63150.000000000095 1.9943403616116473e-07
63200.000000000095 2.6570329539506373e-07
63250.000000000095 2.403125329820876e-07
63300.000000000095 2.740950750319876e-07
63350.000000000095 2.389991642561566e-07
63400.000000000095 1.3969259377896814e-07
63450.000000000095 1.1660074643379848e-07
63500.000000000095 2.3114187080357184e-07
63550.000000000095 2.105089420922031e-07
63600.000000000095 2.7044907933999626e-07
63650.000000000095 1.845702609967723e-07
63700.000000000095 1.2442956226812924e-07
63750.000000000095 1.8379761951598408e-07
63800.000000000095 2.1170789257286634e-07
63850.000000000095 2.004061519745543e-07
63900.000000000095 1.3586330849680739e-07
63950.000000000095 2.135300990071412e-07
64000.000000000095 2.3301927960775687e-07
64050.000000000095 1.5971840004138743e-07
64100.000000000095 6.26324423408373e-08
64150.000000000095 8.7787106150342e-08
64200.000000000095 1.0500801583107228e-07
64250.000000000095 1.673980684672275e-07
64300.000000000095 1.302204497860618e-07
64350.000000000095 1.1270630060866138e-07
64400.000000000095 1.8475357287276258e-07
64450.000000000095 1.957024296885225e-07
64500.000000000095 1.0776835597810507e-07
64550.000000000095 1.706713212286642e-07
64600.000000000095 1.0201731781262274e-07
64650.000000000095 1.5038802397689531e-07
64700.000000000095 8.629091473092029e-08
64750.000000000095 1.0854826286002908e-07
64800.000000000095 1.0717592158024249e-07
64850.000000000095 9.485989678015492e-08
64900.000000000095 1.1023416730489567e-07
64950.000000000095 9.842953386822978e-08
65000.000000000095 1.201048339654588e-07
65050.000000000095 1.3052592609453572e-07
65100.000000000095 1.5734895018616923e-07
65150.000000000095 1.1069782122338508e-07
65200.000000000095 8.826010607645516e-08
65250.000000000095 1.4625416617614564e-07
65300.000000000095 1.1278067119128883e-07
65350.000000000095 2.2794204534762724e-07
65400.000000000095 1.180748607712177e-07
65450.000000000095 1.2315903178443642e-07
65500.000000000095 1.4378934914473703e-07
65550.00000000009 9.376254652840656e-08
65600.00000000009 1.1890345950849046e-07
65650.00000000009 1.2439329281948222e-07
65700.00000000009 1.1303299302282378e-07
65750.00000000009 9.236104469726085e-08
65800.00000000009 1.3126035284136514e-07
65850.00000000009 1.5679350802228137e-07
65900.00000000009 9.114443218129895e-08
65950.00000000009 7.936014926773805e-08
66000.00000000009 1.1359478175485794e-07
66050.00000000009 1.963764875017084e-07
66100.00000000009 1.2532087020106605e-07
66150.00000000009 9.21639369813465e-08
66200.00000000009 9.463689779826405e-08
66250.00000000009 9.048620429837264e-08
66300.00000000009 4.777256826633063e-08
66350.00000000009 6.770066509863263e-08
66400.00000000009 8.64674762982177e-08
66450.00000000009 1.4785934390253256e-07
66500.00000000009 1.8870811928040118e-07
66550.00000000009 1.8747535350140942e-07
66600.00000000009 1.4165899257315594e-07
66650.00000000009 1.3780002622031088e-07
66700.00000000009 1.1724862158306968e-07
66750.00000000009 1.0676937803422376e-07
66800.00000000009 1.3981870438194913e-07
66850.00000000009 9.716727476721003e-08
66900.00000000009 1.5639306346817367e-07
66950.00000000009 1.968444755766743e-07
67000.00000000009 1.8254260299297663e-07
67050.00000000009 1.2968667856241832e-07
67100.00000000009 1.0442692431510624e-07
67150.00000000009 1.1371091596355805e-07
67200.00000000009 1.3046333644020373e-07
67250.00000000009 1.327148741973289e-07
67300.00000000009 1.4712590089525567e-07
67350.00000000009 9.815600088388946e-08
67400.00000000009 1.9766636889477297e-07
67450.00000000009 1.5312480243640737e-07
67500.00000000009 1.3276038852315765e-07
67550.00000000009 1.6298228893685056e-07
67600.00000000009 2.5220269051891595e-07
67650.00000000009 1.9150149387521382e-07
67700.00000000009 1.485481094350936e-07
67750.00000000009 1.2800851544247318e-07
67800.00000000009 1.693676413039158e-07
67850.00000000009 1.0289379486974148e-07
67900.00000000009 1.311854891354683e-07
67950.00000000009 9.012059036126631e-08
68000.00000000009 1.2599666136427234e-07
