galfind/configs/Brown_Dwarf_templates/sonora_cholla/logkzz7/100g/1100K_100g_logkzz7_resample.dat
# %ECSV 1.0
# ---
# datatype:
# - {name: wav, unit: Angstrom, datatype: float64}
# - {name: flux_nu, unit: erg / (cm2 Hz s), datatype: float64}
# schema: astropy-2.0
wav flux_nu
[from data line 1161]
68050.00000000009 2.106545856107124e-07
68100.00000000009 2.1614124516465282e-07
68150.00000000009 1.6910465954708904e-07
68200.00000000009 1.826555937644757e-07
68250.00000000009 8.943505490105242e-08
68300.00000000009 1.6330305151804846e-07
68350.00000000009 9.82414714718288e-08
68400.00000000009 2.1689858289524115e-07
68450.00000000009 2.0988340887254463e-07
68500.00000000009 1.7791640987711717e-07
68550.00000000009 1.2536257437326127e-07
68600.00000000009 1.340147889906378e-07
68650.00000000009 9.420849803741955e-08
68700.00000000009 1.4694261561770378e-07
68750.00000000009 1.7753549439618775e-07
68800.00000000009 1.962787899019907e-07
68850.00000000009 1.0668031785100746e-07
68900.00000000009 2.368286021411752e-07
68950.00000000009 2.597486083871042e-07
69000.00000000009 2.4847111908252683e-07
69050.00000000009 1.5042036935484016e-07
69100.00000000009 2.393919777920393e-07
69150.00000000009 2.7796336315487617e-07
69200.00000000009 1.7348176812817151e-07
69250.00000000009 2.5582450859653854e-07
69300.00000000009 2.0832251060150097e-07
69350.00000000009 2.3400723323707058e-07
69400.00000000009 1.3491866433100268e-07
69450.00000000009 2.5225950785386953e-07
69500.00000000009 1.6008793726465098e-07
69550.00000000009 1.7906993203268445e-07
69600.00000000009 7.55116647465158e-08
69650.00000000009 1.608014877046279e-07
69700.00000000009 2.2749951102671335e-07
69750.00000000009 1.726028567205632e-07
69800.00000000009 2.1591688091896352e-07
69850.00000000009 2.3502315649232118e-07
69900.00000000009 1.5535757065086598e-07
69950.00000000009 1.8631721244446488e-07
70000.00000000009 1.5751187890967878e-07
70050.00000000009 2.319849487558769e-07
70100.00000000009 1.7828468665822312e-07
70150.00000000009 2.0853692923341133e-07
70200.00000000009 1.4956613450549287e-07
70250.00000000009 1.829192752975088e-07
70300.00000000009 2.2870430015587316e-07
70350.00000000009 1.737049914642143e-07
70400.00000000009 1.5894782814323326e-07
70450.00000000009 8.3266991225448e-08
70500.00000000009 1.2706927680250086e-07
70550.00000000009 1.333865072471918e-07
70600.00000000009 1.4552351676327697e-07
70650.00000000009 1.9671001844198804e-07
70700.00000000009 1.931238238036446e-07
70750.00000000009 2.337878404962851e-07
70800.00000000009 1.6076407495909048e-07
70850.00000000009 1.478810884540013e-07
70900.00000000009 1.5143328060321024e-07
70950.00000000009 2.209091255190356e-07
71000.00000000009 1.897824017131616e-07
71050.00000000009 2.0858083404151344e-07
71100.00000000009 1.848064027562593e-07
71150.00000000009 1.728571804148958e-07
71200.00000000009 1.4983621307935184e-07
71250.00000000009 1.773790924255449e-07
71300.00000000009 2.2161690498265175e-07
71350.00000000009 1.9541490926772824e-07
71400.00000000009 1.9373624222985013e-07
71450.00000000009 1.1815524072335688e-07
71500.00000000009 1.512210087726487e-07
71550.00000000009 1.561107631734684e-07
71600.00000000009 1.780485534700355e-07
71650.00000000009 1.5612346214316065e-07
71700.00000000009 1.2956723475404264e-07
71750.00000000009 1.734120408481635e-07
71800.00000000009 2.2084446134189823e-07
71850.00000000009 2.1426764405519267e-07
71900.00000000009 1.4168074666049365e-07
71950.00000000009 1.7274507927952198e-07
72000.00000000009 1.6301501148509243e-07
72050.00000000009 1.2073183293429685e-07
72100.00000000009 1.4422249781127525e-07
72150.00000000009 1.472016106479269e-07
72200.00000000009 1.729899882321598e-07
72250.00000000009 1.8813269946103736e-07
72300.00000000009 1.821287468419945e-07
72350.00000000009 1.6453360336199978e-07
72400.00000000009 1.495143355112385e-07
72450.00000000009 1.379791402805113e-07
72500.00000000009 1.544620539241383e-07
72550.00000000009 9.973412288276759e-08
72600.00000000009 9.967313676359933e-08
72650.00000000009 1.967206947490695e-07
72700.00000000009 1.8452918723731432e-07
72750.00000000009 1.5132945109889667e-07
72800.00000000009 1.4421031074061097e-07
72850.00000000009 1.4760433466660301e-07
72900.00000000009 1.8196787632303976e-07
72950.00000000009 1.6060017495629272e-07
73000.00000000009 1.680591464687753e-07
73050.00000000009 1.435535433334006e-07
73100.00000000009 1.3640541044463773e-07
73150.00000000009 2.2791339194276265e-07
73200.00000000009 1.4831287995280033e-07
73250.00000000009 1.6736974652061888e-07
73300.00000000009 1.6417786274732195e-07
73350.00000000009 1.2115039054200776e-07
73400.00000000009 1.5170699048844916e-07
73450.00000000009 1.0211325648077603e-07
73500.00000000009 1.2013345884086928e-07
73550.00000000009 1.502773847263612e-07
73600.00000000009 1.1640198422433007e-07
73650.00000000009 1.5545007026214878e-07
73700.00000000009 1.9025109408316884e-07
73750.00000000009 1.2181617618713903e-07
73800.00000000009 1.3674182940752114e-07
73850.00000000009 1.6460437492623052e-07
73900.00000000009 1.8149249948566183e-07
73950.00000000009 1.4936751800169027e-07
74000.00000000009 1.4301367200784785e-07
74050.00000000009 2.300935088081353e-07
74100.00000000009 1.4109684317391013e-07
74150.00000000009 1.6208341918066357e-07
74200.00000000009 1.440745716257721e-07
74250.00000000009 1.0358635609945476e-07
74300.00000000009 1.5031420474134373e-07
74350.00000000009 1.727302696784062e-07
74400.00000000009 1.431072648564415e-07
74450.00000000009 1.0556331261519293e-07
74500.00000000009 1.2054479128236448e-07
74550.00000000009 1.4536923760594357e-07
74600.00000000009 1.2634709837239666e-07
74650.00000000009 1.2363898089728095e-07
74700.00000000009 9.677885687940464e-08
74750.00000000009 1.317732332970755e-07
74800.00000000009 1.1895755906775325e-07
74850.00000000009 8.625485783327139e-08
74900.00000000009 1.8966430059067183e-07
74950.00000000009 1.852311940516848e-07
75000.00000000009 1.546641912350571e-07
75050.00000000009 1.3432958813603984e-07
75100.00000000009 2.0506325401874032e-07
75150.00000000009 1.685474193631755e-07
75200.00000000009 1.9408468083867743e-07
75250.00000000009 1.8671062992043363e-07
75300.00000000009 1.9194628279639335e-07
75350.00000000009 1.14334564407242e-07
75400.00000000009 1.8052974195398867e-07
75450.00000000009 1.6342953146873379e-07
75500.00000000009 1.5351837047759048e-07
75550.00000000009 1.8811685559817945e-07
75600.00000000009 2.3672223943220149e-07
75650.00000000009 1.6108711083408996e-07
75700.00000000009 1.5277254391715965e-07
75750.00000000009 1.1571958831403946e-07
75800.00000000009 1.6531582434729822e-07
75850.00000000009 1.9422010461469502e-07
75900.00000000009 1.615062697144092e-07
75950.00000000009 1.4090099642474447e-07
76000.00000000009 1.514808525614201e-07
76050.00000000009 1.6471691743292386e-07
76100.00000000009 1.429467035971848e-07
76150.00000000009 1.6985609922741188e-07
76200.00000000009 1.7588071162184976e-07
76250.00000000009 2.2903266301314535e-07
76300.00000000009 2.2623221979301965e-07
76350.00000000009 2.8908511331069773e-07
76400.00000000009 2.173198225949974e-07
76450.00000000009 1.9767685952120398e-07
76500.00000000009 1.7643395586799728e-07
76550.00000000009 1.6754913300709988e-07
76600.00000000009 8.762544331361704e-08
76650.00000000009 9.662454238799059e-08
76700.00000000009 1.14400927323027e-07
76750.00000000009 1.0176153547332788e-07
76800.00000000009 1.5180801833049875e-07
76850.00000000009 7.005651100573344e-08
76900.00000000009 8.398648319448079e-08
76950.00000000009 1.1851438059713909e-07
77000.00000000009 1.3147758734205913e-07
77050.00000000009 9.440303702492714e-08
77100.00000000009 9.505941432451856e-08
77150.00000000009 1.3306308363033848e-07
77200.00000000009 1.2421405726001121e-07
77250.00000000009 1.3382591305647034e-07
77300.00000000009 1.2631434713108906e-07
77350.00000000009 8.688437533446751e-08
77400.00000000009 7.611789892371726e-08
77450.00000000009 8.799753739056911e-08
77500.00000000009 1.0637979264591576e-07
77550.00000000009 1.185359933681523e-07
77600.00000000009 1.2506738169686795e-07
77650.00000000009 1.1960341616944798e-07
77700.00000000009 9.726539808755145e-08
77750.00000000009 1.4925363620707065e-07
77800.00000000009 1.2216321017379385e-07
77850.00000000009 1.760245099222605e-07
77900.00000000009 1.4971575153944523e-07
77950.00000000009 1.0067225710700943e-07
78000.00000000009 1.2683080861626173e-07
78050.00000000009 1.358847540305243e-07
78100.00000000009 1.024880094490187e-07
78150.00000000009 1.571175672154446e-07
78200.00000000009 1.6268669713893772e-07
78250.00000000009 1.8543156548558464e-07
78300.00000000009 1.771460870697379e-07
78350.00000000009 1.6385198478478884e-07
78400.00000000009 1.4383125986365692e-07
78450.00000000009 1.9338529111666527e-07
78500.00000000009 1.8225287284986029e-07
78550.00000000009 1.751510171439657e-07
78600.00000000009 1.5330453334842698e-07
78650.00000000009 7.789655313436632e-08
78700.00000000009 1.3846464131447886e-07
78750.00000000009 1.2953482388504378e-07
78800.00000000009 1.7091825039619728e-07
78850.00000000009 1.1647637760108223e-07
78900.00000000009 1.5205055814316596e-07
78950.00000000009 1.2767675952566368e-07
79000.00000000009 1.4097211468616354e-07
79050.00000000009 1.3712819502134928e-07
79100.00000000009 1.4231722772882052e-07
79150.00000000009 1.629107337712301e-07
79200.00000000009 1.9688477413839235e-07
79250.00000000009 1.6293567235830412e-07
79300.00000000009 1.1906203049531779e-07
79350.00000000009 1.7464377840139544e-07
79400.00000000009 1.4152160971212392e-07
79450.00000000009 1.6208756869423218e-07
79500.00000000009 2.247102495504976e-07
79550.00000000009 1.7839353528418674e-07
79600.00000000009 1.2410543579574574e-07
79650.00000000009 1.5267508722679872e-07
79700.00000000009 2.070897776216305e-07
79750.00000000009 1.8788201793867188e-07
79800.00000000009 1.6241835170921433e-07
79850.00000000009 1.5636257607118524e-07
79900.00000000009 2.424069594109815e-07
79950.00000000009 1.7286079650567674e-07
