galfind/configs/Brown_Dwarf_templates/sonora_cholla/logkzz7/100g/1100K_100g_logkzz7_resample.dat
# %ECSV 1.0
# ---
# datatype:
# - {name: wav, unit: Angstrom, datatype: float64}
# - {name: flux_nu, unit: erg / (cm2 Hz s), datatype: float64}
# schema: astropy-2.0
wav flux_nu
[from data line 389]
29450.000000000095 1.1342691422708632e-07
29500.000000000095 1.2147712853189493e-07
29550.000000000095 1.0364015754405754e-07
29600.000000000095 1.4892049936457836e-07
29650.000000000095 1.2243369904479567e-07
29700.000000000095 1.0824124572237006e-07
29750.000000000095 1.3409621405054044e-07
29800.000000000095 1.6142614805546e-07
29850.000000000095 1.650086084973747e-07
29900.000000000095 1.5122379755550764e-07
29950.000000000095 1.3571980105321108e-07
30000.000000000095 1.3909004762482703e-07
30050.000000000095 1.1831807385554675e-07
30100.000000000095 1.394377725593626e-07
30150.000000000095 1.8060483707775152e-07
30200.000000000095 1.4015191215824026e-07
30250.000000000095 2.0125296662807124e-07
30300.000000000095 1.701402498629949e-07
30350.000000000095 1.435331279155553e-07
30400.000000000095 1.9728211888640763e-07
30450.000000000095 1.540283375115401e-07
30500.000000000095 1.4803332896691718e-07
30550.000000000095 1.7230490596961419e-07
30600.000000000095 1.9231222641239878e-07
30650.000000000095 1.8813122071580516e-07
30700.000000000095 1.631870894585891e-07
30750.000000000095 1.5719030147380164e-07
30800.000000000095 1.4885279239262368e-07
30850.000000000095 1.5345076908406214e-07
30900.000000000095 1.572010323938435e-07
30950.000000000095 9.834224221765376e-08
31000.000000000095 1.4206298151005918e-07
31050.000000000095 1.403394826113442e-07
31100.000000000095 9.859653408070224e-08
31150.000000000095 1.24013024760438e-07
31200.000000000095 1.2874770329528828e-07
31250.000000000095 1.1254831322857039e-07
31300.000000000095 1.0892361247683881e-07
31350.000000000095 1.0182190984777423e-07
31400.000000000095 7.556317169895957e-08
31450.000000000095 1.0457945830521805e-07
31500.000000000095 8.473435212034965e-08
31550.000000000095 1.0073544338404221e-07
31600.000000000095 7.280035265749136e-08
31650.000000000095 7.901166377670902e-08
31700.000000000095 8.19590706424348e-08
31750.000000000095 6.671129032155197e-08
31800.000000000095 7.989434600812814e-08
31850.000000000095 7.096889208959976e-08
31900.000000000095 6.72424335792483e-08
31950.000000000095 6.911257669890462e-08
32000.000000000095 6.479413045151659e-08
32050.000000000095 5.7503445976456486e-08
32100.000000000095 5.2998521303308416e-08
32150.000000000095 6.963361532428253e-08
32200.000000000095 5.523704087342146e-08
32250.000000000095 7.056171483922757e-08
32300.000000000095 4.7972491312865677e-08
32350.000000000095 9.45597417792539e-08
32400.000000000095 6.636896578889849e-08
32450.000000000095 8.761376323019651e-08
32500.000000000095 6.885416582936056e-08
32550.000000000095 8.784538593831878e-08
32600.000000000095 9.647015766206541e-08
32650.000000000095 1.126843058481213e-07
32700.000000000095 8.829412024452679e-08
32750.000000000095 1.2835845527030873e-07
32800.000000000095 9.135865086014767e-08
32850.000000000095 1.2628726947019185e-07
32900.000000000095 1.4329688927871175e-07
32950.000000000095 1.357993711657767e-07
33000.000000000095 1.2188702985512495e-07
33050.000000000095 1.2150440211062844e-07
33100.000000000095 7.144678671628041e-08
33150.000000000095 2.0854498241147318e-08
33200.000000000095 2.231948175913673e-08
33250.000000000095 1.2763391505128405e-08
33300.000000000095 1.3547885865607301e-08
33350.000000000095 2.553566484642972e-08
33400.000000000095 3.5885364090663055e-08
33450.000000000095 4.593120264077466e-08
33500.000000000095 6.204709675708004e-08
33550.000000000095 6.046424075525332e-08
33600.000000000095 8.767358151347523e-08
33650.000000000095 9.378695045346402e-08
33700.000000000095 8.526063926646786e-08
33750.000000000095 1.1270545753559113e-07
33800.000000000095 8.48302729037238e-08
33850.000000000095 1.1327735008580206e-07
33900.000000000095 9.996566241416424e-08
33950.000000000095 1.1096006698674089e-07
34000.000000000095 1.1079730193477356e-07
34050.000000000095 6.241555203626766e-08
34100.000000000095 1.0771215064459232e-07
34150.000000000095 8.39646278291271e-08
34200.000000000095 1.0420295021802076e-07
34250.000000000095 9.163038904519515e-08
34300.000000000095 7.055758755443811e-08
34350.000000000095 9.229845958116968e-08
34400.000000000095 8.473308491762656e-08
34450.000000000095 1.1201149614820796e-07
34500.000000000095 1.021169398936676e-07
34550.000000000095 7.003392591288921e-08
34600.000000000095 1.1966552780269558e-07
34650.000000000095 7.943026760399166e-08
34700.000000000095 8.804993189030139e-08
34750.000000000095 8.841419567716689e-08
34800.000000000095 6.132478297180433e-08
34850.000000000095 9.718776682451709e-08
34900.000000000095 1.096455130579275e-07
34950.000000000095 9.086034151890195e-08
35000.000000000095 1.2546314412973308e-07
35050.000000000095 9.897142697443683e-08
35100.000000000095 1.2407418988059883e-07
35150.000000000095 1.1635300572598686e-07
35200.000000000095 1.5189289539739325e-07
35250.000000000095 1.6264111708456055e-07
35300.000000000095 1.0549854998477369e-07
35350.000000000095 1.5170670676780724e-07
35400.000000000095 1.4281578409874349e-07
35450.000000000095 1.2407265889374907e-07
35500.000000000095 1.930133339574775e-07
35550.000000000095 1.717556177291318e-07
35600.000000000095 1.7686726946930487e-07
35650.000000000095 1.836407296433267e-07
35700.000000000095 1.2842553464714142e-07
35750.000000000095 1.981658068883435e-07
35800.000000000095 2.0058567217397532e-07
35850.000000000095 1.4798967804081858e-07
35900.000000000095 2.1915172244580067e-07
35950.000000000095 2.0760745909750176e-07
36000.000000000095 1.7483100694470244e-07
36050.000000000095 2.268106027250423e-07
36100.000000000095 2.078061700126134e-07
36150.000000000095 2.338859678222742e-07
36200.000000000095 2.4055387205140853e-07
36250.000000000095 2.3777665947766783e-07
36300.000000000095 2.687289667351053e-07
36350.000000000095 2.7619760060415406e-07
36400.000000000095 3.1685864577851714e-07
36450.000000000095 3.100632056161024e-07
36500.000000000095 3.070177660128167e-07
36550.000000000095 3.18124705839095e-07
36600.000000000095 3.5530667341013835e-07
36650.000000000095 3.657875072309874e-07
36700.000000000095 3.9052581118411954e-07
36750.000000000095 4.214686413706597e-07
36800.000000000095 3.9786689685150726e-07
36850.000000000095 3.8624040542415935e-07
36900.000000000095 3.8368240024909627e-07
36950.000000000095 4.344664893366751e-07
37000.000000000095 4.08949457998473e-07
37050.000000000095 4.40630408402805e-07
37100.000000000095 4.510927096064616e-07
37150.000000000095 4.758160102656232e-07
37200.000000000095 4.938976300074572e-07
37250.000000000095 4.369357356705773e-07
37300.000000000095 4.5666959911035124e-07
37350.000000000095 4.6700710156825324e-07
37400.000000000095 5.514954188164694e-07
37450.000000000095 5.119651415146772e-07
37500.000000000095 4.745633999504796e-07
37550.000000000095 5.789386607231034e-07
37600.000000000095 6.142820694578417e-07
37650.000000000095 5.22595856726063e-07
37700.000000000095 5.854702735127539e-07
37750.000000000095 4.963339082995374e-07
37800.000000000095 5.75216328766177e-07
37850.000000000095 4.847485709474175e-07
37900.000000000095 5.710306126006182e-07
37950.000000000095 6.200328994931248e-07
38000.000000000095 6.658749937503297e-07
38050.000000000095 6.068758408309658e-07
38100.000000000095 6.434692204013486e-07
38150.000000000095 6.431030534429121e-07
38200.000000000095 6.97454793449985e-07
38250.000000000095 6.400029185824958e-07
38300.000000000095 7.101739798449695e-07
38350.000000000095 7.455609997975391e-07
38400.000000000095 5.930330962995309e-07
38450.000000000095 7.073645572559208e-07
38500.000000000095 6.365756921084277e-07
38550.000000000095 6.913713045470626e-07
38600.000000000095 7.219677819749111e-07
38650.000000000095 7.860020721649991e-07
38700.000000000095 7.795178110154867e-07
38750.000000000095 7.589771260209589e-07
38800.000000000095 7.357126446689283e-07
38850.000000000095 7.953285504592002e-07
38900.000000000095 7.778099453649847e-07
38950.000000000095 7.788895293795956e-07
39000.000000000095 8.487885432503643e-07
39050.000000000095 8.123600818542363e-07
39100.000000000095 7.447695898177944e-07
39150.000000000095 8.19627460041911e-07
39200.000000000095 7.745172678896631e-07
39250.000000000095 8.583450617739582e-07
39300.000000000095 8.454612073643313e-07
39350.000000000095 9.045308079690544e-07
39400.000000000095 9.152479376868279e-07
39450.000000000095 9.214839804540438e-07
39500.000000000095 7.980171264571699e-07
39550.000000000095 8.667928489041193e-07
39600.000000000095 8.916646684435166e-07
39650.000000000095 9.370165924879527e-07
39700.000000000095 8.846872004729248e-07
39750.000000000095 8.138835883517524e-07
39800.000000000095 8.927110953134352e-07
39850.000000000095 9.034560047224716e-07
39900.000000000095 9.01870717769375e-07
39950.000000000095 9.136696388628661e-07
40000.000000000095 8.805551419296224e-07
40050.000000000095 9.405246771209109e-07
40100.000000000095 9.153730354664256e-07
40150.000000000095 1.0050867099754068e-06
40200.000000000095 1.0285337450874575e-06
40250.000000000095 8.407387501999007e-07
40300.000000000095 9.132594040525461e-07
40350.000000000095 8.956290997709847e-07
40400.000000000095 9.638979162231007e-07
40450.000000000095 9.301487683476503e-07
40500.000000000095 8.257330321561559e-07
40550.000000000095 9.623003212388822e-07
40600.000000000095 8.045401154720018e-07
40650.000000000095 9.959587357955537e-07
40700.000000000095 1.0723768288713865e-06
40750.000000000095 8.907816530220686e-07
40800.000000000095 8.046310251886521e-07
40850.000000000095 9.005058319168397e-07
40900.000000000095 8.439663470852871e-07
40950.000000000095 8.645698752578817e-07
41000.000000000095 8.887287331779479e-07
41050.000000000095 9.290133772893495e-07
41100.000000000095 8.146010174074169e-07
41150.000000000095 7.836257027626033e-07
41200.000000000095 8.79574817283332e-07
41250.000000000095 9.032335518829689e-07
41300.000000000095 6.758223389003231e-07
41350.000000000095 9.162566318364711e-07
41400.000000000095 8.523773383100301e-07
41450.000000000095 8.680647375986631e-07
41500.000000000095 8.669352742461739e-07
41550.000000000095 7.769282918558626e-07
41600.000000000095 8.130525703120745e-07
41650.000000000095 7.785829752591399e-07
41700.000000000095 7.323086513052728e-07
41750.000000000095 6.271459325890398e-07
41800.000000000095 8.196715853830997e-07
41850.000000000095 4.582718232875063e-07
41900.000000000095 6.702375606265491e-07
41950.000000000095 6.515576701368563e-07
42000.000000000095 6.360666548178763e-07
42050.000000000095 4.970144373222063e-07
42100.000000000095 5.431220817256044e-07
42150.000000000095 4.074969496981342e-07
42200.000000000095 4.793203703029188e-07
42250.000000000095 4.25255943228975e-07
42300.000000000095 4.3394358675451426e-07
42350.000000000095 4.456059244611572e-07
42400.000000000095 3.63653988398209e-07
42450.000000000095 2.91123292529119e-07
42500.000000000095 3.6781163193471843e-07
42550.000000000095 3.679951207578286e-07
42600.000000000095 4.325804670012475e-07
42650.000000000095 4.552600782242845e-07
42700.000000000095 4.041655226961653e-07
42750.000000000095 4.0375844253379473e-07
42800.000000000095 3.510170076375788e-07
42850.000000000095 4.1882875334765946e-07
42900.000000000095 4.143471118543668e-07
42950.000000000095 3.4543586057057724e-07
43000.000000000095 4.1839791162886736e-07
43050.000000000095 3.03085770385511e-07
43100.000000000095 4.157737531521061e-07
43150.000000000095 4.283658500648117e-07
43200.000000000095 4.1745840901480463e-07
43250.000000000095 3.4901576598405294e-07
43300.000000000095 4.7381223303199194e-07
43350.000000000095 3.780852806613256e-07
43400.000000000095 4.658875547339406e-07
43450.000000000095 3.1895295476370847e-07
43500.000000000095 3.2629436632285005e-07
43550.000000000095 3.16245632670648e-07
43600.000000000095 4.202405255299029e-07
43650.000000000095 2.762921844630338e-07
43700.000000000095 4.1256214439632675e-07
43750.000000000095 3.932741628679006e-07
43800.000000000095 3.1566063341089137e-07
43850.000000000095 3.680963794287118e-07
43900.000000000095 2.5925492820016535e-07
43950.000000000095 3.0725853281414984e-07
44000.000000000095 2.1642685771360225e-07
44050.000000000095 2.898886667637785e-07
44100.000000000095 2.9576551661209215e-07
44150.000000000095 3.0303688896289645e-07
44200.000000000095 2.571734229217488e-07
44250.000000000095 2.481881216782485e-07
44300.000000000095 2.2847725148879942e-07
44350.000000000095 1.8874137596952e-07
44400.000000000095 2.0775433952102128e-07
44450.000000000095 2.0406722000748645e-07
44500.000000000095 1.6148653157025423e-07
44550.000000000095 1.8038641180400073e-07
44600.000000000095 1.5284447524838864e-07
44650.000000000095 1.741473643019703e-07
44700.000000000095 1.643640451534101e-07
44750.000000000095 1.6915951998066705e-07
44800.000000000095 1.5875909296283232e-07
44850.000000000095 1.4526494586184804e-07
44900.000000000095 1.230079695047319e-07
44950.000000000095 1.2295854577330826e-07
45000.000000000095 1.2365987211248512e-07
45050.000000000095 1.3004962779854283e-07
45100.000000000095 1.1829655115029456e-07
45150.000000000095 1.1258698772251687e-07
45200.000000000095 9.366740430974e-08
45250.000000000095 9.906424415979002e-08
45300.000000000095 1.1208057537901757e-07
45350.000000000095 1.1307864347042368e-07
45400.000000000095 8.786539535237419e-08
45450.000000000095 8.788753970615626e-08
45500.000000000095 9.10868893778718e-08
45550.000000000095 1.079248894293343e-07
45600.000000000095 8.580009462353535e-08
45650.000000000095 8.668914442990048e-08
45700.000000000095 1.1044984355433063e-07
45750.000000000095 9.416664248011635e-08
45800.000000000095 8.130426823507388e-08
45850.000000000095 1.1632829553160944e-07
45900.000000000095 1.1277924741818661e-07
45950.000000000095 8.409325624241475e-08
46000.000000000095 1.0818410099370328e-07
46050.000000000095 1.1785357069175266e-07
46100.000000000095 8.504217559893361e-08
46150.000000000095 1.1721300850782393e-07
46200.000000000095 1.1135454507663697e-07
46250.000000000095 6.587638588928009e-08
46300.000000000095 1.2909049040303819e-07
46350.000000000095 9.349774689728204e-08
46400.000000000095 1.1231388520093674e-07
46450.000000000095 1.4528764546636298e-07
46500.000000000095 1.1049722561704853e-07
46550.000000000095 1.5447194549606402e-07
46600.000000000095 1.5445661256533143e-07
46650.000000000095 2.3085236334042376e-07
46700.000000000095 1.7586526052400964e-07
46750.000000000095 1.4135854759676916e-07
46800.000000000095 1.2179524478259671e-07
46850.000000000095 1.4568686057387824e-07
46900.000000000095 1.275724323605368e-07
46950.000000000095 1.7152455363311905e-07
47000.000000000095 1.032544831092429e-07
47050.000000000095 1.7892107328214897e-07
47100.000000000095 1.0011986454302287e-07
47150.000000000095 1.176208636283197e-07
47200.000000000095 1.339481733739668e-07
47250.000000000095 1.0302868210108225e-07
47300.000000000095 1.21845308487515e-07
47350.000000000095 8.9818446369779e-08
47400.000000000095 1.494211736119147e-07
47450.000000000095 9.182455489759346e-08
47500.000000000095 1.598215498925994e-07
47550.000000000095 9.55346453783663e-08
47600.000000000095 1.531961195350071e-07
47650.000000000095 9.85765762542791e-08
47700.000000000095 1.429060376149783e-07
47750.000000000095 8.8458745937699e-08
47800.000000000095 1.447148193210441e-07
47850.000000000095 8.026963064622809e-08
47900.000000000095 1.3647021884740525e-07
47950.000000000095 1.0233029347600736e-07
48000.000000000095 1.6941785654454006e-07
48050.000000000095 1.1655962027721439e-07
48100.000000000095 1.6057443284553044e-07
48150.000000000095 1.1221839183304274e-07
48200.000000000095 1.6256359482088007e-07
48250.000000000095 1.2532778775564984e-07
48300.000000000095 1.9374814351241884e-07
48350.000000000095 1.1651785305124821e-07
48400.000000000095 1.6157366316246617e-07
48450.000000000095 1.0386082077718688e-07
48500.000000000095 1.933353463694404e-07
48550.000000000095 1.0510177064770327e-07
48600.000000000095 1.8172208274547335e-07
48650.000000000095 1.0585540225005516e-07
48700.000000000095 1.9723395567771625e-07
