galfind/configs/Brown_Dwarf_templates/sonora_cholla/logkzz7/100g/1150K_100g_logkzz7_resample.dat
# %ECSV 1.0
# ---
# datatype:
# - {name: wav, unit: Angstrom, datatype: float64}
# - {name: flux_nu, unit: erg / (cm2 Hz s), datatype: float64}
# schema: astropy-2.0
wav flux_nu
10000.000000000093 nan
10050.000000000093 2.0987607427467142e-07
10100.000000000093 2.4835909099592966e-07
10150.000000000093 2.5647411040803626e-07
10200.000000000093 2.842762060912231e-07
10250.000000000093 3.060061833701721e-07
10300.000000000093 3.098195907375722e-07
10350.000000000093 3.557464693723712e-07
10400.000000000093 3.9322192937737396e-07
10450.000000000093 3.9918621216807276e-07
10500.000000000093 3.829343301805404e-07
10550.000000000093 3.8208867884119104e-07
10600.000000000093 3.977228355932846e-07
10650.000000000093 4.306895195118666e-07
10700.000000000093 4.5726553740740424e-07
10750.000000000093 4.877285988887732e-07
10800.000000000093 5.067355949108092e-07
10850.000000000093 5.398695830858328e-07
10900.000000000093 4.5013780986340294e-07
10950.000000000093 3.0053901741042134e-07
11000.000000000093 2.597676005569681e-07
11050.000000000093 2.0821185234189818e-07
11100.000000000093 1.8555954220508463e-07
11150.000000000093 1.484667539329414e-07
11200.000000000093 1.500187863003355e-07
11250.000000000093 1.835392323370164e-07
11300.000000000093 1.7420184442703235e-07
11350.000000000093 1.0002915524144909e-07
11400.000000000093 1.833928895369636e-07
11450.000000000093 1.433403045289337e-07
11500.000000000093 1.813045041852618e-07
11550.000000000093 1.4275440696824098e-07
11600.000000000093 1.5260245462520564e-07
11650.000000000093 1.6307060886953467e-07
11700.000000000093 1.762606686975775e-07
11750.000000000093 1.6427180510792545e-07
11800.000000000093 2.0436162644762905e-07
11850.000000000093 2.4929975820155087e-07
11900.000000000093 2.6361295446643e-07
11950.000000000093 3.3278281147529255e-07
12000.000000000093 3.537744236151392e-07
12050.000000000093 4.128955254165117e-07
12100.000000000093 4.4778985181801487e-07
12150.000000000093 4.869605453576512e-07
12200.000000000093 5.449218534737324e-07
12250.000000000093 6.033091986734035e-07
12300.000000000093 6.478164286817954e-07
12350.000000000093 6.78202240677795e-07
12400.000000000093 7.054564174282883e-07
12450.000000000093 7.826306815490433e-07
12500.000000000093 8.241651142709036e-07
12550.000000000093 8.641635255179509e-07
12600.000000000093 8.69487350732294e-07
12650.000000000093 8.63652650668038e-07
12700.000000000093 8.963173007418978e-07
12750.000000000093 8.506521177454939e-07
12800.000000000093 8.738000591746596e-07
12850.000000000093 7.853077615270254e-07
12900.000000000093 7.179648617159588e-07
12950.000000000093 7.498077583982057e-07
13000.000000000093 7.483685892622562e-07
13050.000000000093 7.34316119611502e-07
13100.000000000093 6.849365286144703e-07
13150.000000000093 6.087184929676753e-07
13200.000000000093 5.763341318301082e-07
13250.000000000093 4.590152803006473e-07
13300.000000000093 2.7180896211035213e-07
13350.000000000093 9.72762778846354e-08
13400.000000000093 5.29062359195518e-08
13450.000000000093 3.3185776780379096e-08
13500.000000000093 2.0454264626747915e-08
13550.000000000093 1.7192717985961683e-08
13600.000000000093 1.2506181425263834e-08
13650.000000000093 2.79753853535475e-08
13700.000000000093 2.242491886393428e-08
13750.000000000093 2.5706102345061352e-08
13800.000000000093 3.578108547432464e-08
13850.000000000093 2.6858624886528716e-08
13900.000000000093 2.854013947055167e-08
13950.000000000093 2.6090149533129514e-08
14000.000000000093 2.3354182301876752e-08
14050.000000000093 2.8524593440119446e-08
14100.000000000093 2.0189794291270352e-08
14150.000000000093 2.7729100818751012e-08
14200.000000000093 2.156471617705644e-08
14250.000000000093 2.1660015005680697e-08
14300.000000000093 3.1307493725995796e-08
14350.000000000093 2.9157705188734572e-08
14400.000000000093 3.410343288476885e-08
14450.000000000093 3.5504699354953815e-08
14500.000000000093 6.075507387605696e-08
14550.000000000093 6.046310860241125e-08
14600.000000000093 7.774506013601838e-08
14650.000000000093 8.189306674290496e-08
14700.000000000093 5.927075319105548e-08
14750.000000000093 7.732021969109825e-08
14800.000000000093 9.635984852613436e-08
14850.000000000093 9.782942698715388e-08
14900.000000000093 1.0633864074722436e-07
14950.000000000093 1.1596738912669355e-07
15000.000000000093 1.2389643241824504e-07
15050.000000000093 1.5427260248377949e-07
15100.000000000093 1.6969295272212832e-07
15150.000000000093 1.8225611957749655e-07
15200.000000000093 1.680939608348567e-07
15250.000000000093 2.0157211640418167e-07
15300.000000000093 2.351414769456641e-07
15350.000000000093 2.719912659989647e-07
15400.000000000093 2.9481379962923255e-07
15450.000000000093 3.329114574832723e-07
15500.000000000093 3.522091982342279e-07
15550.000000000093 4.0116547520370484e-07
15600.000000000093 3.982845802211758e-07
15650.000000000093 4.267972765106623e-07
15700.000000000093 5.001630633884147e-07
15750.000000000093 5.39247182849078e-07
15800.000000000093 5.129251791069399e-07
15850.000000000093 5.638544263491023e-07
15900.000000000093 5.71975733812261e-07
15950.000000000093 5.909265150893255e-07
16000.000000000093 6.029713429337186e-07
16050.000000000093 5.985329136717676e-07
16100.000000000093 5.958459708829926e-07
16150.000000000093 5.262352605617986e-07
16200.000000000093 4.90121472850193e-07
16250.000000000093 5.065929564780285e-07
16300.000000000093 4.780129404611307e-07
16350.000000000093 5.003868141261359e-07
16400.000000000095 5.321152396587684e-07
16450.000000000095 5.443203092323511e-07
16500.000000000095 5.628490363994398e-07
16550.000000000095 5.4546718072225e-07
16600.000000000095 5.239601946597059e-07
16650.000000000095 4.849461091044965e-07
16700.000000000095 3.8758019451407705e-07
16750.000000000095 4.2962601271830284e-07
16800.000000000095 5.011444811988482e-07
16850.000000000095 4.7478725943880594e-07
16900.000000000095 4.567779423608741e-07
16950.000000000095 4.2728112003757384e-07
17000.000000000095 3.992767663091887e-07
17050.000000000095 4.350902933274073e-07
17100.000000000095 4.180142393789694e-07
17150.000000000095 3.653041783750746e-07
17200.000000000095 3.642664704837698e-07
17250.000000000095 3.2190133895102575e-07
17300.000000000095 2.9174300212642615e-07
17350.000000000095 2.822754216031124e-07
17400.000000000095 2.637365606636572e-07
17450.000000000095 2.3977264779188025e-07
17500.000000000095 2.4223799105654257e-07
17550.000000000095 2.0837559073701214e-07
17600.000000000095 2.0007204118318205e-07
17650.000000000095 1.946653014083686e-07
17700.000000000095 1.3558877328885815e-07
17750.000000000095 1.199750243352385e-07
17800.000000000095 1.42157917153125e-07
17850.000000000095 9.26133430337692e-08
17900.000000000095 1.128951852038547e-07
17950.000000000095 8.779984564763712e-08
18000.000000000095 9.020802438550779e-08
18050.000000000095 8.13214431845917e-08
18100.000000000095 6.997304889904443e-08
18150.000000000095 9.795703017585734e-08
18200.000000000095 6.15068808892231e-08
18250.000000000095 1.1592682211935065e-07
18300.000000000095 7.638757341013138e-08
18350.000000000095 7.031636490431735e-08
18400.000000000095 6.299222843847662e-08
18450.000000000095 6.664910428127346e-08
18500.000000000095 7.55217214821627e-08
18550.000000000095 5.915746414454122e-08
18600.000000000095 4.90828329484977e-08
18650.000000000095 4.725882164797557e-08
18700.000000000095 4.890992004792598e-08
18750.000000000095 5.524312537604542e-08
18800.000000000095 8.915409100182159e-08
18850.000000000095 1.042833764100486e-07
18900.000000000095 9.465522541095053e-08
18950.000000000095 1.3537804605875025e-07
19000.000000000095 1.0313583702988203e-07
19050.000000000095 8.260725607875606e-08
19100.000000000095 1.2606931472480778e-07
19150.000000000095 1.0494575187508938e-07
19200.000000000095 1.1257218533032977e-07
19250.000000000095 1.0038734100992706e-07
19300.000000000095 9.110829767185377e-08
19350.000000000095 8.196628084958605e-08
19400.000000000095 5.428300517747399e-08
19450.000000000095 9.294023139508338e-08
19500.000000000095 8.575705445683194e-08
19550.000000000095 6.911738080982117e-08
19600.000000000095 9.078440363132024e-08
19650.000000000095 9.924114751482185e-08
19700.000000000095 1.0056953536141864e-07
19750.000000000095 1.0034056890035757e-07
19800.000000000095 1.157333541163952e-07
19850.000000000095 1.3360459290480852e-07
19900.000000000095 9.866241380135694e-08
19950.000000000095 1.4796517482741962e-07
20000.000000000095 1.4532672817255393e-07
20050.000000000095 1.5494124989684633e-07
20100.000000000095 1.6452160359775564e-07
20150.000000000095 1.6035408106146467e-07
20200.000000000095 1.8926709180312078e-07
20250.000000000095 2.08603554557157e-07
20300.000000000095 1.8986106702630377e-07
20350.000000000095 2.1539472966161116e-07
20400.000000000095 2.174799685398783e-07
20450.000000000095 2.540691262458638e-07
20500.000000000095 2.5999205234653184e-07
20550.000000000095 2.4950410235294805e-07
20600.000000000095 2.9208791366689007e-07
20650.000000000095 2.7253930917486896e-07
20700.000000000095 2.8192174654976404e-07
20750.000000000095 3.107708006149232e-07
20800.000000000095 3.075712341033608e-07
20850.000000000095 3.08638332462083e-07
20900.000000000095 3.2674236383967013e-07
20950.000000000095 3.125785440318189e-07
21000.000000000095 3.327883855275426e-07
21050.000000000095 3.195277707390416e-07
21100.000000000095 3.253730180878627e-07
21150.000000000095 3.283387453517439e-07
21200.000000000095 3.1626696020831637e-07
21250.000000000095 3.283973260338243e-07
21300.000000000095 3.056506156197776e-07
21350.000000000095 3.217343467728952e-07
21400.000000000095 2.951508211651491e-07
21450.000000000095 3.087800170391111e-07
21500.000000000095 3.056510815733027e-07
21550.000000000095 2.9595485784045795e-07
21600.000000000095 2.9515046927646287e-07
21650.000000000095 2.746986751824056e-07
21700.000000000095 2.8879004480807307e-07
21750.000000000095 2.69358636248681e-07
21800.000000000095 2.575498023674568e-07
21850.000000000095 2.4101309094554484e-07
21900.000000000095 2.407525497005031e-07
21950.000000000095 1.842178687073145e-07
22000.000000000095 1.5058244042299687e-07
22050.000000000095 1.2860890871303725e-07
22100.000000000095 1.5991150421507832e-07
22150.000000000095 1.7014769236016613e-07
22200.000000000095 1.688242997308635e-07
22250.000000000095 1.5844562197486998e-07
22300.000000000095 1.59917168987934e-07
22350.000000000095 1.518519635601722e-07
22400.000000000095 1.435615198317836e-07
22450.000000000095 1.2402659096357205e-07
22500.000000000095 1.324013959053945e-07
22550.000000000095 1.0984230054324329e-07
22600.000000000095 1.229785445643059e-07
22650.000000000095 1.1499252304598738e-07
22700.000000000095 1.1295685455464164e-07
22750.000000000095 1.199733350356012e-07
22800.000000000095 1.1202479194749452e-07
22850.000000000095 1.02262143324698e-07
22900.000000000095 9.97411465644894e-08
22950.000000000095 8.816445109271398e-08
23000.000000000095 6.821836006457876e-08
23050.000000000095 8.696058557419446e-08
23100.000000000095 1.0057999603773692e-07
23150.000000000095 9.699329263660199e-08
23200.000000000095 6.719225928137463e-08
23250.000000000095 6.728958144823032e-08
23300.000000000095 6.608389626989853e-08
23350.000000000095 5.999404281718813e-08
23400.000000000095 7.189338467151589e-08
23450.000000000095 6.939409684901349e-08
23500.000000000095 7.11347926226592e-08
23550.000000000095 8.881097303865666e-08
23600.000000000095 8.688091566778964e-08
23650.000000000095 9.49637944389588e-08
23700.000000000095 7.110996373301285e-08
23750.000000000095 7.04442326416438e-08
23800.000000000095 7.473875362377224e-08
23850.000000000095 7.256661125951975e-08
23900.000000000095 9.595688125616612e-08
23950.000000000095 9.70441676315289e-08
24000.000000000095 1.2191683911615576e-07
24050.000000000095 1.1570062663759614e-07
24100.000000000095 9.90056641730796e-08
24150.000000000095 1.062405417514633e-07
24200.000000000095 1.1188840453465623e-07
24250.000000000095 1.1484672026292961e-07
24300.000000000095 1.0866490831790978e-07
24350.000000000095 1.0223212816000782e-07
24400.000000000095 1.373223544507556e-07
24450.000000000095 1.0852720801468789e-07
24500.000000000095 1.187944747569586e-07
24550.000000000095 1.0996346393102685e-07
24600.000000000095 1.2073298171283184e-07
24650.000000000095 1.3177801309696412e-07
24700.000000000095 9.979649220458738e-08
24750.000000000095 9.214144868153915e-08
24800.000000000095 9.727380613860741e-08
24850.000000000095 1.2601486354196393e-07
24900.000000000095 6.468025760017502e-08
24950.000000000095 1.0961821412852749e-07
25000.000000000095 1.0006624544113699e-07
25050.000000000095 7.16449028813285e-08
25100.000000000095 9.125347569265745e-08
25150.000000000095 5.963946644969135e-08
25200.000000000095 7.678895861383476e-08
25250.000000000095 5.229817374489975e-08
25300.000000000095 7.418570816257176e-08
25350.000000000095 4.081754170016721e-08
25400.000000000095 7.01628889012185e-08
25450.000000000095 4.8223862589551446e-08
25500.000000000095 4.62833021809792e-08
25550.000000000095 5.959922914853206e-08
25600.000000000095 5.0739258001545575e-08
25650.000000000095 3.651833605800495e-08
25700.000000000095 6.753578007082151e-08
25750.000000000095 3.540897099326178e-08
25800.000000000095 6.981727297222294e-08
25850.000000000095 3.5919901120445125e-08
25900.000000000095 5.30431586429966e-08
25950.000000000095 3.305300224366592e-08
26000.000000000095 6.423008087911724e-08
26050.000000000095 4.96889763514948e-08
26100.000000000095 7.339685536122477e-08
26150.000000000095 6.253196057819585e-08
26200.000000000095 6.864287367905123e-08
26250.000000000095 8.518839201814629e-08
26300.000000000095 6.435652199497189e-08
26350.000000000095 9.322441833941242e-08
26400.000000000095 1.1330503000381788e-07
26450.000000000095 9.925055128797061e-08
26500.000000000095 8.911917599939782e-08
26550.000000000095 7.296208531139747e-08
26600.000000000095 9.001481719356709e-08
26650.000000000095 4.635375299992211e-08
26700.000000000095 3.597139543869256e-08
26750.000000000095 3.1566698615284015e-08
26800.000000000095 4.541776248617863e-08
26850.000000000095 2.8473279280160703e-08
26900.000000000095 5.5870485125601807e-08
26950.000000000095 2.9250467382416354e-08
27000.000000000095 6.696143342835935e-08
27050.000000000095 6.04691285383229e-08
27100.000000000095 4.459249336070592e-08
27150.000000000095 7.765049606871052e-08
27200.000000000095 4.695064398263433e-08
27250.000000000095 5.4835397856621815e-08
27300.000000000095 1.0953388314727221e-07
27350.000000000095 8.316094500005737e-08
27400.000000000095 2.9256513457106977e-08
27450.000000000095 1.0240372493441267e-07
27500.000000000095 9.913438237918796e-08
27550.000000000095 5.766000384928186e-08
27600.000000000095 9.559635427120149e-08
27650.000000000095 4.7290449686048356e-08
27700.000000000095 3.8758689428363534e-08
27750.000000000095 9.121347483013366e-08
27800.000000000095 4.936000665861219e-08
27850.000000000095 5.5665782979727964e-08
27900.000000000095 7.10148007855581e-08
27950.000000000095 7.840278209421704e-08
28000.000000000095 8.311434043830686e-08
28050.000000000095 3.950346302965555e-08
28100.000000000095 1.0259057424214341e-07
28150.000000000095 7.836010282113768e-08
28200.000000000095 3.639234133438255e-08
28250.000000000095 1.0119324116747915e-07
28300.000000000095 1.3465426740953873e-07
28350.000000000095 4.29795217528745e-08
28400.000000000095 9.266194354643791e-08
28450.000000000095 9.954824785152807e-08
28500.000000000095 8.768082595240368e-08
28550.000000000095 4.092336527717784e-08
28600.000000000095 1.0823609231397627e-07
28650.000000000095 1.0158947907086625e-07
28700.000000000095 8.657557412221689e-08
28750.000000000095 1.1775924864361628e-07
28800.000000000095 1.0137260051501511e-07
28850.000000000095 1.3523365894378204e-07
28900.000000000095 6.375097038729008e-08
28950.000000000095 1.3792464644493706e-07
29000.000000000095 9.377048145161063e-08
29050.000000000095 1.132104934611655e-07
29100.000000000095 7.24016946362778e-08
29150.000000000095 1.4204679417165816e-07
29200.000000000095 1.002492873469211e-07
29250.000000000095 1.3997723867028372e-07
29300.000000000095 8.568576588164639e-08
29350.000000000095 2.3338010606081382e-07
