galfind/configs/Brown_Dwarf_templates/sonora_cholla/logkzz7/100g/1200K_100g_logkzz7_resample.dat
# %ECSV 1.0
# ---
# datatype:
# - {name: wav, unit: Angstrom, datatype: float64}
# - {name: flux_nu, unit: erg / (cm2 Hz s), datatype: float64}
# schema: astropy-2.0
wav flux_nu
[from data line 773]
48650.000000000095 1.4950936567992234e-07
48700.000000000095 2.647313531113673e-07
48750.000000000095 1.6557824750268022e-07
48800.000000000095 2.491258142362114e-07
48850.000000000095 1.9041994087386483e-07
48900.000000000095 2.675839957846807e-07
48950.000000000095 2.3189244141976193e-07
49000.000000000095 2.0711736577101943e-07
49050.000000000095 2.4771259949549023e-07
49100.000000000095 1.8653567058451596e-07
49150.000000000095 2.767963619630393e-07
49200.000000000095 2.001368521087819e-07
49250.000000000095 2.8056767427109926e-07
49300.000000000095 2.228846896280317e-07
49350.000000000095 2.415377309874762e-07
49400.000000000095 2.899142724975956e-07
49450.000000000095 2.510750311396764e-07
49500.000000000095 2.5735309580260206e-07
49550.000000000095 1.8205375009949357e-07
49600.000000000095 2.6588095526652275e-07
49650.000000000095 2.3712774863342187e-07
49700.000000000095 2.13402826609727e-07
49750.000000000095 3.4340917777701155e-07
49800.000000000095 2.1908541185758808e-07
49850.000000000095 3.6481071896826576e-07
49900.000000000095 2.726345427868437e-07
49950.000000000095 3.1233405160324164e-07
50000.000000000095 3.436874577565974e-07
50050.000000000095 2.9854876708462104e-07
50100.000000000095 4.1048612890215997e-07
50150.000000000095 2.261841959362408e-07
50200.000000000095 1.8996389913973531e-07
50250.000000000095 3.5691804616500864e-07
50300.000000000095 2.539163087327443e-07
50350.000000000095 3.361703583691958e-07
50400.000000000095 3.033593627706026e-07
50450.000000000095 3.150188903521693e-07
50500.000000000095 3.700614938928083e-07
50550.000000000095 3.141681279096993e-07
50600.000000000095 3.7424628219572355e-07
50650.000000000095 3.2423619077225036e-07
50700.000000000095 4.2563821884394666e-07
50750.000000000095 4.433274202341971e-07
50800.000000000095 2.4453281770469254e-07
50850.000000000095 3.124417221891158e-07
50900.000000000095 4.1036791763459243e-07
50950.000000000095 4.4764644167558334e-07
51000.000000000095 4.0805476261289257e-07
51050.000000000095 3.526802882805516e-07
51100.000000000095 2.747299579652659e-07
51150.000000000095 3.166830902938427e-07
51200.000000000095 4.168986776513003e-07
51250.000000000095 4.2469474429209336e-07
51300.000000000095 2.762544985928701e-07
51350.000000000095 3.6827103527875393e-07
51400.000000000095 3.2324228351227954e-07
51450.000000000095 2.737661931526673e-07
51500.000000000095 2.5716974875574837e-07
51550.000000000095 4.2787971276396925e-07
51600.000000000095 2.8673565203928585e-07
51650.000000000095 3.997470090156136e-07
51700.000000000095 3.9925770538428474e-07
51750.000000000095 2.800865579545632e-07
51800.000000000095 5.139847011765931e-07
51850.000000000095 3.841897060608302e-07
51900.000000000095 4.883472935536331e-07
51950.000000000095 4.406304614471837e-07
52000.000000000095 2.0585270451374162e-07
52050.000000000095 3.081072879539801e-07
52100.000000000095 3.0606642392673884e-07
52150.000000000095 2.66259590728733e-07
52200.000000000095 2.9385580479292727e-07
52250.000000000095 3.0034725935806547e-07
52300.000000000095 4.5739050052679976e-07
52350.000000000095 3.858889897085777e-07
52400.000000000095 2.876034475366348e-07
52450.000000000095 4.17419785357137e-07
52500.000000000095 3.773452799502248e-07
52550.000000000095 4.1146205603135065e-07
52600.000000000095 3.2048314334253725e-07
52650.000000000095 4.1899664969050825e-07
52700.000000000095 3.2015502319094243e-07
52750.000000000095 2.8238027221246604e-07
52800.000000000095 2.8466655029361397e-07
52850.000000000095 3.384557154854589e-07
52900.000000000095 2.75729278618169e-07
52950.000000000095 2.7627863021425544e-07
53000.000000000095 4.895748810362424e-07
53050.000000000095 2.5130118042531284e-07
53100.000000000095 4.350897979881101e-07
53150.000000000095 4.808686784171773e-07
53200.000000000095 2.572477512136955e-07
53250.000000000095 4.572907112518788e-07
53300.000000000095 4.615392312365068e-07
53350.000000000095 4.1976198989618993e-07
53400.000000000095 4.725625663775764e-07
53450.000000000095 2.6965765205118567e-07
53500.000000000095 1.910505863154216e-07
53550.000000000095 2.7592120184356494e-07
53600.000000000095 3.5421186683509565e-07
53650.000000000095 2.9953413694244655e-07
53700.000000000095 2.8077034521192116e-07
53750.000000000095 2.982852034590856e-07
53800.000000000095 3.0622424019511004e-07
53850.000000000095 3.7798040199920737e-07
53900.000000000095 3.178569397181727e-07
53950.000000000095 4.2935076384791866e-07
54000.000000000095 3.290252899368614e-07
54050.000000000095 3.1908878383867926e-07
54100.000000000095 1.9906774938439518e-07
54150.000000000095 2.741212004394655e-07
54200.000000000095 1.5946277646946196e-07
54250.000000000095 1.719910784714956e-07
54300.000000000095 2.642739619343122e-07
54350.000000000095 3.3614210436889095e-07
54400.000000000095 3.4931756032064543e-07
54450.000000000095 2.9544205275086547e-07
54500.000000000095 2.800395892137164e-07
54550.000000000095 2.3313055184677729e-07
54600.000000000095 2.908917206202277e-07
54650.000000000095 1.9916388145649175e-07
54700.000000000095 3.3747983377585635e-07
54750.000000000095 3.3760617021971473e-07
54800.000000000095 2.577215260893039e-07
54850.000000000095 2.8935999872322414e-07
54900.000000000095 3.6371344096638667e-07
54950.000000000095 4.6883627202695887e-07
55000.000000000095 2.5335417241086775e-07
55050.000000000095 3.227333731764108e-07
55100.000000000095 2.6014361050363183e-07
55150.000000000095 2.5401223067423174e-07
55200.000000000095 2.4974512554813283e-07
55250.000000000095 2.665019478452216e-07
55300.000000000095 2.1162176770119313e-07
55350.000000000095 2.873902913940452e-07
55400.000000000095 3.717669761831734e-07
55450.000000000095 2.969949499700981e-07
55500.000000000095 1.7730751074969985e-07
55550.000000000095 2.345476588619134e-07
55600.000000000095 2.2618729502343518e-07
55650.000000000095 1.782168237258518e-07
55700.000000000095 2.443542294787854e-07
55750.000000000095 2.903565420959102e-07
55800.000000000095 2.1400392855232434e-07
55850.000000000095 1.9035537704111062e-07
55900.000000000095 3.1557985957045164e-07
55950.000000000095 4.2257676472490814e-07
56000.000000000095 2.040824023522506e-07
56050.000000000095 2.8485643280801003e-07
56100.000000000095 3.1271865827764243e-07
56150.000000000095 2.3460394717437147e-07
56200.000000000095 2.6516598297822434e-07
56250.000000000095 2.445424075378599e-07
56300.000000000095 2.8179798241711405e-07
56350.000000000095 2.9542203487012195e-07
56400.000000000095 2.2002148214588812e-07
56450.000000000095 1.9469297495017135e-07
56500.000000000095 2.0643928535285562e-07
56550.000000000095 1.6181731958984147e-07
56600.000000000095 2.9016835159243974e-07
56650.000000000095 2.744207896703824e-07
56700.000000000095 3.221666158594406e-07
56750.000000000095 1.8652977327606523e-07
56800.000000000095 3.1321336738620676e-07
56850.000000000095 2.4676388149672195e-07
56900.000000000095 2.2128146626100087e-07
56950.000000000095 3.1103700837000417e-07
57000.000000000095 3.1561196728885337e-07
57050.000000000095 2.426662988291243e-07
57100.000000000095 1.4293920686251016e-07
57150.000000000095 1.906905756944539e-07
57200.000000000095 1.5637482280696748e-07
57250.000000000095 2.3038439202661928e-07
57300.000000000095 2.7339821550624156e-07
57350.000000000095 1.601306963863851e-07
57400.000000000095 2.712186196949041e-07
57450.000000000095 2.540028032550407e-07
57500.000000000095 2.451347016505736e-07
57550.000000000095 3.00145791832587e-07
57600.000000000095 3.231571918044267e-07
57650.000000000095 1.4833121564746353e-07
57700.000000000095 1.784266770316837e-07
57750.000000000095 2.1691954792249721e-07
57800.000000000095 9.858936687294954e-08
57850.000000000095 3.413913492539189e-07
57900.000000000095 3.974741378919511e-07
57950.000000000095 3.5427586582277716e-07
58000.000000000095 1.9499649869397514e-07
58050.000000000095 2.7777516274951867e-07
58100.000000000095 3.3810691589110723e-07
58150.000000000095 2.696343153217303e-07
58200.000000000095 1.585200885488324e-07
58250.000000000095 2.0659098578601674e-07
58300.000000000095 1.6773389952871576e-07
58350.000000000095 1.9954865574881066e-07
58400.000000000095 2.5311553001730495e-07
58450.000000000095 2.690842986350382e-07
58500.000000000095 2.38632540140647e-07
58550.000000000095 2.786395134249282e-07
58600.000000000095 1.84118656551608e-07
58650.000000000095 2.3215766096292306e-07
58700.000000000095 2.208403397274163e-07
58750.000000000095 2.2492059413540514e-07
58800.000000000095 1.396328441155072e-07
58850.000000000095 2.1235225473686312e-07
58900.000000000095 2.6797801014270745e-07
58950.000000000095 1.760070834467082e-07
59000.000000000095 2.5153305576575807e-07
59050.000000000095 2.7677492315661843e-07
59100.000000000095 3.3683138279284345e-07
59150.000000000095 2.533933106304104e-07
59200.000000000095 2.612409145111703e-07
59250.000000000095 2.745408966824957e-07
59300.000000000095 2.5796380833421364e-07
59350.000000000095 1.5444848366719746e-07
59400.000000000095 1.1957305666705062e-07
59450.000000000095 2.2560076379888839e-07
59500.000000000095 1.4944492162343285e-07
59550.000000000095 2.987671164530419e-07
59600.000000000095 2.7410181768384493e-07
59650.000000000095 2.6196175289828675e-07
59700.000000000095 1.8364817680259964e-07
59750.000000000095 3.54509332256312e-07
59800.000000000095 2.4242691556280936e-07
59850.000000000095 2.8995971186583056e-07
59900.000000000095 1.667651404371818e-07
59950.000000000095 2.6143292236058377e-07
60000.000000000095 3.931359563426251e-07
60050.000000000095 3.2408070184629923e-07
60100.000000000095 3.4380199040056417e-07
60150.000000000095 2.4818446869417844e-07
60200.000000000095 2.747296158398304e-07
60250.000000000095 3.237387908323224e-07
60300.000000000095 2.973726966276194e-07
60350.000000000095 2.28473008842069e-07
60400.000000000095 2.6756584026798397e-07
60450.000000000095 1.7101647551284822e-07
60500.000000000095 1.1909729708255342e-07
60550.000000000095 2.878673094877584e-07
60600.000000000095 2.801326155967564e-07
60650.000000000095 2.484998455526135e-07
60700.000000000095 2.303327823945678e-07
60750.000000000095 1.8470430354809832e-07
60800.000000000095 3.10248050985096e-07
60850.000000000095 3.9799603055144893e-07
60900.000000000095 3.6154686010919795e-07
60950.000000000095 3.5004114049686136e-07
61000.000000000095 2.6915728506099707e-07
61050.000000000095 2.0299960627660875e-07
61100.000000000095 2.878384249347382e-07
61150.000000000095 1.1651304931546381e-07
61200.000000000095 3.7331790478814804e-07
61250.000000000095 4.295883616077516e-07
61300.000000000095 3.898242849332562e-07
61350.000000000095 4.1681487273837326e-07
61400.000000000095 3.134834287357752e-07
61450.000000000095 2.304404364613112e-07
61500.000000000095 2.4730415768344896e-07
61550.000000000095 2.078914221200943e-07
61600.000000000095 1.5139544143716765e-07
61650.000000000095 2.6736228275592397e-07
61700.000000000095 2.195560777393738e-07
61750.000000000095 2.6119511894774517e-07
61800.000000000095 3.0716694748910224e-07
61850.000000000095 2.0563053271993054e-07
61900.000000000095 3.3564610646600865e-07
61950.000000000095 3.7944404029652983e-07
62000.000000000095 3.234946666327792e-07
62050.000000000095 3.329600331497824e-07
62100.000000000095 3.625142651099173e-07
62150.000000000095 3.414656028547689e-07
62200.000000000095 3.0093695178407013e-07
62250.000000000095 3.3549075942089506e-07
62300.000000000095 4.281492249932132e-07
62350.000000000095 3.7781450732314255e-07
62400.000000000095 2.3637712017630942e-07
62450.000000000095 2.9183162029073515e-07
62500.000000000095 4.006424932301506e-07
62550.000000000095 3.6883279095404636e-07
62600.000000000095 4.1664124884803073e-07
62650.000000000095 3.2051994421691907e-07
62700.000000000095 3.7065250341341113e-07
62750.000000000095 4.4207941153550167e-07
62800.000000000095 2.830464367275694e-07
62850.000000000095 3.9245665241149765e-07
62900.000000000095 3.1527119964572614e-07
62950.000000000095 3.930509081401487e-07
63000.000000000095 3.889143791439209e-07
63050.000000000095 4.879924169656931e-07
63100.000000000095 4.308306179671073e-07
63150.000000000095 2.9236959494545397e-07
63200.000000000095 4.0112077941039736e-07
63250.000000000095 3.9637227818008153e-07
63300.000000000095 4.2433805537523966e-07
63350.000000000095 3.5436945555548484e-07
63400.000000000095 2.2526155495818886e-07
63450.000000000095 2.0885110081245223e-07
63500.000000000095 3.763139077116767e-07
63550.000000000095 3.177598434039365e-07
63600.000000000095 4.250455228327437e-07
63650.000000000095 3.112475520511214e-07
63700.000000000095 2.2128758115162115e-07
63750.000000000095 3.0774247005791894e-07
63800.000000000095 2.9801811799322714e-07
63850.000000000095 3.075201023415997e-07
63900.000000000095 2.301611612004022e-07
63950.000000000095 3.5072535048758217e-07
64000.000000000095 3.7085664547930427e-07
64050.000000000095 2.678431200006552e-07
64100.000000000095 1.1553774862073945e-07
64150.000000000095 1.5738157657140464e-07
64200.000000000095 1.9266776264143187e-07
64250.000000000095 2.785829604645019e-07
64300.000000000095 2.207489347269623e-07
64350.000000000095 2.0275878686482748e-07
64400.000000000095 2.927363183631715e-07
64450.000000000095 2.9904087790423156e-07
64500.000000000095 1.842918398367386e-07
64550.000000000095 2.8102583639020177e-07
64600.000000000095 1.8738660289817068e-07
64650.000000000095 2.4608214490140414e-07
64700.000000000095 1.4834711093144005e-07
64750.000000000095 1.7952764605958186e-07
64800.000000000095 1.8289938649230788e-07
64850.000000000095 1.696308809000446e-07
64900.000000000095 2.011382618733118e-07
64950.000000000095 1.76886580289527e-07
65000.000000000095 2.0512328072270152e-07
65050.000000000095 2.1724442607145614e-07
65100.000000000095 2.4587605106686885e-07
65150.000000000095 1.9453319546161996e-07
65200.000000000095 1.5664935270833492e-07
65250.000000000095 2.2979830794225666e-07
65300.000000000095 1.8548049457099842e-07
65350.000000000095 3.4637348307782965e-07
65400.000000000095 1.9384612523485344e-07
65450.000000000095 2.0044957215777853e-07
65500.000000000095 2.2614538720396494e-07
65550.00000000009 1.6044322957719643e-07
65600.00000000009 1.8703855474886263e-07
65650.00000000009 2.0575728432314027e-07
65700.00000000009 1.7997300585799674e-07
65750.00000000009 1.6209532358571942e-07
65800.00000000009 2.158086915002152e-07
65850.00000000009 2.472352738453741e-07
65900.00000000009 1.6115429927793532e-07
65950.00000000009 1.2103019666019062e-07
66000.00000000009 1.846791311616409e-07
66050.00000000009 2.9441941727586065e-07
66100.00000000009 2.0160101320398253e-07
66150.00000000009 1.438543403871759e-07
66200.00000000009 1.5370746597681569e-07
66250.00000000009 1.4676864351220848e-07
66300.00000000009 8.519151117935151e-08
66350.00000000009 1.245982150561589e-07
66400.00000000009 1.4477381211551976e-07
66450.00000000009 2.3025525039506734e-07
66500.00000000009 2.8463399694269004e-07
66550.00000000009 2.7628729511565025e-07
66600.00000000009 2.132906441753241e-07
66650.00000000009 2.2708152520160717e-07
66700.00000000009 1.8863634998230982e-07
66750.00000000009 1.7031521663823077e-07
66800.00000000009 2.1809983047758218e-07
66850.00000000009 1.6578903322043923e-07
66900.00000000009 2.2687949707944121e-07
66950.00000000009 2.88688923860448e-07
67000.00000000009 2.7115285219651875e-07
67050.00000000009 2.039625672001251e-07
67100.00000000009 1.773439779918151e-07
67150.00000000009 1.8928455474703874e-07
67200.00000000009 2.0208294262913306e-07
67250.00000000009 2.098561690147034e-07
67300.00000000009 2.1424239399923803e-07
67350.00000000009 1.6052928258068e-07
67400.00000000009 2.8607566275598677e-07
67450.00000000009 2.3206380808971797e-07
67500.00000000009 2.0568682422585388e-07
67550.00000000009 2.406230591636353e-07
67600.00000000009 3.5194198123182646e-07
67650.00000000009 2.7492763079229463e-07
67700.00000000009 2.2972708241932182e-07
67750.00000000009 2.068102991403862e-07
67800.00000000009 2.604049982131084e-07
67850.00000000009 1.7016533387031048e-07
