galfind/configs/Brown_Dwarf_templates/sonora_cholla/logkzz7/100g/1250K_100g_logkzz7_resample.dat
# %ECSV 1.0
# ---
# datatype:
# - {name: wav, unit: Angstrom, datatype: float64}
# - {name: flux_nu, unit: erg / (cm2 Hz s), datatype: float64}
# schema: astropy-2.0
wav flux_nu
[from data line 773]
48650.000000000095 1.674865695487075e-07
48700.000000000095 2.9302816535202884e-07
48750.000000000095 1.848097872650002e-07
48800.000000000095 2.7685577603497794e-07
48850.000000000095 2.1090232607441948e-07
48900.000000000095 2.966203318804136e-07
48950.000000000095 2.5624043980100626e-07
49000.000000000095 2.2974693195643857e-07
49050.000000000095 2.738083374331253e-07
49100.000000000095 2.079383665564641e-07
49150.000000000095 3.0431391665454293e-07
49200.000000000095 2.2302656799510367e-07
49250.000000000095 3.068859661801739e-07
49300.000000000095 2.468322716807332e-07
49350.000000000095 2.6562626058849347e-07
49400.000000000095 3.1985381539200327e-07
49450.000000000095 2.7629459952723566e-07
49500.000000000095 2.830803077577117e-07
49550.000000000095 2.0215243414161762e-07
49600.000000000095 2.9120213177636183e-07
49650.000000000095 2.5969385057067204e-07
49700.000000000095 2.328849117973848e-07
49750.000000000095 3.7400047117753377e-07
49800.000000000095 2.413828745971096e-07
49850.000000000095 3.955343696246558e-07
49900.000000000095 2.977598903803366e-07
49950.000000000095 3.373138042512067e-07
50000.000000000095 3.7351408846599154e-07
50050.000000000095 3.244479613468455e-07
50100.000000000095 4.4568904936007625e-07
50150.000000000095 2.498602273079354e-07
50200.000000000095 2.0849958280195996e-07
50250.000000000095 3.8910576442003983e-07
50300.000000000095 2.773300174120082e-07
50350.000000000095 3.649833727861266e-07
50400.000000000095 3.29837802883394e-07
50450.000000000095 3.4009611861467485e-07
50500.000000000095 3.988756110751464e-07
50550.000000000095 3.4111988627587094e-07
50600.000000000095 4.0405517767466127e-07
50650.000000000095 3.503851458940938e-07
50700.000000000095 4.5620384845706756e-07
50750.000000000095 4.783431008739678e-07
50800.000000000095 2.6757206843264743e-07
50850.000000000095 3.466806010183577e-07
50900.000000000095 4.41795825690264e-07
50950.000000000095 4.852638814084782e-07
51000.000000000095 4.437027181436324e-07
51050.000000000095 3.8054594961392855e-07
51100.000000000095 3.025625222105484e-07
51150.000000000095 3.4372909406994524e-07
51200.000000000095 4.482536888789517e-07
51250.000000000095 4.587475938543606e-07
51300.000000000095 2.9912806090458694e-07
51350.000000000095 3.9959887748604583e-07
51400.000000000095 3.5694807685091875e-07
51450.000000000095 3.006321260293433e-07
51500.000000000095 2.8418743406149916e-07
51550.000000000095 4.662719444332329e-07
51600.000000000095 3.1056862762326056e-07
51650.000000000095 4.3272427876277835e-07
51700.000000000095 4.302833310731419e-07
51750.000000000095 3.0412081033093823e-07
51800.000000000095 5.538944733234874e-07
51850.000000000095 4.1199911860786204e-07
51900.000000000095 5.250743333734017e-07
51950.000000000095 4.7589203610184484e-07
52000.000000000095 2.2973286484011382e-07
52050.000000000095 3.3659105042846624e-07
52100.000000000095 3.36948303640395e-07
52150.000000000095 2.956751673445451e-07
52200.000000000095 3.320523739710848e-07
52250.000000000095 3.2367581812036076e-07
52300.000000000095 4.919526821751991e-07
52350.000000000095 4.2619180620493366e-07
52400.000000000095 3.1404615489369854e-07
52450.000000000095 4.506194833925429e-07
52500.000000000095 4.062850111819984e-07
52550.000000000095 4.4560308891943213e-07
52600.000000000095 3.4634603374169877e-07
52650.000000000095 4.6034532916416347e-07
52700.000000000095 3.4793790601780755e-07
52750.000000000095 3.1028431830983734e-07
52800.000000000095 3.1050597197695127e-07
52850.000000000095 3.702659474457632e-07
52900.000000000095 3.0286467798181963e-07
52950.000000000095 3.0157167052329276e-07
53000.000000000095 5.315654262407778e-07
53050.000000000095 2.7855227101087876e-07
53100.000000000095 4.704222291095986e-07
53150.000000000095 5.164234858288555e-07
53200.000000000095 2.791951747514433e-07
53250.000000000095 4.940445632738933e-07
53300.000000000095 4.98057525370775e-07
53350.000000000095 4.514634640144466e-07
53400.000000000095 5.104492848790181e-07
53450.000000000095 2.994156486583126e-07
53500.000000000095 2.1390588345941167e-07
53550.000000000095 3.0654606637601976e-07
53600.000000000095 3.8914310856965496e-07
53650.000000000095 3.2684391410673255e-07
53700.000000000095 3.0780526271676094e-07
53750.000000000095 3.291830139663268e-07
53800.000000000095 3.427726869104909e-07
53850.000000000095 4.153900022622734e-07
53900.000000000095 3.4299292355123066e-07
53950.000000000095 4.635102353303173e-07
54000.000000000095 3.5993037926778986e-07
54050.000000000095 3.4583209969160855e-07
54100.000000000095 2.2179125426351534e-07
54150.000000000095 3.044993434375939e-07
54200.000000000095 1.7875746891880853e-07
54250.000000000095 1.9227267779299514e-07
54300.000000000095 2.9041877329211744e-07
54350.000000000095 3.6747972036272894e-07
54400.000000000095 3.8385217532867307e-07
54450.000000000095 3.276342491650892e-07
54500.000000000095 3.169535302328625e-07
54550.000000000095 2.5614838660705204e-07
54600.000000000095 3.182730365104246e-07
54650.000000000095 2.248911234896286e-07
54700.000000000095 3.726451093957722e-07
54750.000000000095 3.7197212802940343e-07
54800.000000000095 2.8644839941595765e-07
54850.000000000095 3.1924660861646754e-07
54900.000000000095 3.995141238105643e-07
54950.000000000095 5.114030428328058e-07
55000.000000000095 2.8994814406128793e-07
55050.000000000095 3.5660862645024175e-07
55100.000000000095 2.817093942509454e-07
55150.000000000095 2.830164869569055e-07
55200.000000000095 2.772111410782978e-07
55250.000000000095 2.9158674432545804e-07
55300.000000000095 2.3547438038840432e-07
55350.000000000095 3.11983431656723e-07
55400.000000000095 4.045383618163373e-07
55450.000000000095 3.3067126178861e-07
55500.000000000095 1.981159465539721e-07
55550.000000000095 2.6026522557430997e-07
55600.000000000095 2.550965814813282e-07
55650.000000000095 1.9537856135006208e-07
55700.000000000095 2.7096072954007036e-07
55750.000000000095 3.269081195383528e-07
55800.000000000095 2.4083812231284727e-07
55850.000000000095 2.1314944069592548e-07
55900.000000000095 3.4944437079358496e-07
55950.000000000095 4.7227483127292284e-07
56000.000000000095 2.26712725250988e-07
56050.000000000095 3.182072264484213e-07
56100.000000000095 3.455302994664362e-07
56150.000000000095 2.5949517860257833e-07
56200.000000000095 2.9444434681300776e-07
56250.000000000095 2.671688702479545e-07
56300.000000000095 3.1064078353241745e-07
56350.000000000095 3.3116510827195307e-07
56400.000000000095 2.487663178181152e-07
56450.000000000095 2.2019676796313496e-07
56500.000000000095 2.3072208580472292e-07
56550.000000000095 1.8072644493704938e-07
56600.000000000095 3.197014728080446e-07
56650.000000000095 3.0240216215436124e-07
56700.000000000095 3.6106580512329244e-07
56750.000000000095 2.0964175066038906e-07
56800.000000000095 3.4510165911697527e-07
56850.000000000095 2.717491175204044e-07
56900.000000000095 2.4828941489497734e-07
56950.000000000095 3.4363695719172e-07
57000.000000000095 3.461171145962963e-07
57050.000000000095 2.735838725438337e-07
57100.000000000095 1.6058712524449274e-07
57150.000000000095 2.1419164360809725e-07
57200.000000000095 1.736055898305705e-07
57250.000000000095 2.5875658538688296e-07
57300.000000000095 3.024643317550228e-07
57350.000000000095 1.7672236836965013e-07
57400.000000000095 3.0181246788733777e-07
57450.000000000095 2.8447268903366826e-07
57500.000000000095 2.739126652674636e-07
57550.000000000095 3.347875310901634e-07
57600.000000000095 3.5980438103235543e-07
57650.000000000095 1.6678018098069306e-07
57700.000000000095 2.0046972575280151e-07
57750.000000000095 2.4269583341297345e-07
57800.000000000095 1.1049345643100014e-07
57850.000000000095 3.7358664009378194e-07
57900.000000000095 4.3602389450044745e-07
57950.000000000095 3.8897836636637016e-07
58000.000000000095 2.1614397821363368e-07
58050.000000000095 3.0805793358657586e-07
58100.000000000095 3.762813193834202e-07
58150.000000000095 3.052347027371641e-07
58200.000000000095 1.78770837243649e-07
58250.000000000095 2.3393530208146553e-07
58300.000000000095 1.894070415499045e-07
58350.000000000095 2.2334980523610568e-07
58400.000000000095 2.7939709029072575e-07
58450.000000000095 2.984988737677104e-07
58500.000000000095 2.63377951306685e-07
58550.000000000095 3.085473650151925e-07
58600.000000000095 2.0935805297383973e-07
58650.000000000095 2.645731034757674e-07
58700.000000000095 2.4494968750521636e-07
58750.000000000095 2.4805302482049685e-07
58800.000000000095 1.5868793508232197e-07
58850.000000000095 2.3691170897331793e-07
58900.000000000095 2.976958779220322e-07
58950.000000000095 1.9757829578808365e-07
59000.000000000095 2.776338070995217e-07
59050.000000000095 3.0608221918108797e-07
59100.000000000095 3.7275539319033257e-07
59150.000000000095 2.843316623778623e-07
59200.000000000095 2.9080196206358243e-07
59250.000000000095 3.042428768595709e-07
59300.000000000095 2.8368166503983613e-07
59350.000000000095 1.744700495616748e-07
59400.000000000095 1.3479238538659764e-07
59450.000000000095 2.488005522323955e-07
59500.000000000095 1.658514090128332e-07
59550.000000000095 3.3450926463681305e-07
59600.000000000095 3.0377582530911544e-07
59650.000000000095 2.945637225704075e-07
59700.000000000095 2.0754245331303884e-07
59750.000000000095 3.9239060980605346e-07
59800.000000000095 2.751837987358357e-07
59850.000000000095 3.1996938298251815e-07
59900.000000000095 1.8907793054442776e-07
59950.000000000095 2.938999995773198e-07
60000.000000000095 4.401011121157464e-07
60050.000000000095 3.5581631901719155e-07
60100.000000000095 3.8115947903341897e-07
60150.000000000095 2.7830589426024737e-07
60200.000000000095 3.047977230981138e-07
60250.000000000095 3.566180465767882e-07
60300.000000000095 3.2533612436892535e-07
60350.000000000095 2.5456416998898953e-07
60400.000000000095 2.9504278570072756e-07
60450.000000000095 1.9191319205499418e-07
60500.000000000095 1.33981451768192e-07
60550.000000000095 3.1785860491399305e-07
60600.000000000095 3.0967560597120014e-07
60650.000000000095 2.7783355458174664e-07
60700.000000000095 2.6131457256188785e-07
60750.000000000095 2.0967115857868726e-07
60800.000000000095 3.52125077370405e-07
60850.000000000095 4.401005486320017e-07
60900.000000000095 3.947308138282337e-07
60950.000000000095 3.893252132618339e-07
61000.000000000095 2.98642474057184e-07
61050.000000000095 2.2751670463771228e-07
61100.000000000095 3.2576330255154787e-07
61150.000000000095 1.3015395533698357e-07
61200.000000000095 4.1838402542338683e-07
61250.000000000095 4.840190210385825e-07
61300.000000000095 4.479033397733374e-07
61350.000000000095 4.6457978255031656e-07
61400.000000000095 3.5743616782464155e-07
61450.000000000095 2.6882572999382653e-07
61500.000000000095 2.7813119500780087e-07
61550.000000000095 2.306611935170458e-07
61600.000000000095 1.6588315145861672e-07
61650.000000000095 2.9906866879595737e-07
61700.000000000095 2.463872918077267e-07
61750.000000000095 2.928197830614586e-07
61800.000000000095 3.5359341056455107e-07
61850.000000000095 2.3103300459269824e-07
61900.000000000095 3.702906036871416e-07
61950.000000000095 4.304218614234462e-07
62000.000000000095 3.5777692650811186e-07
62050.000000000095 3.7363404325064355e-07
62100.000000000095 4.078134675281366e-07
62150.000000000095 3.7588850144599353e-07
62200.000000000095 3.3052174106148277e-07
62250.000000000095 3.809939162720959e-07
62300.000000000095 4.724706344309754e-07
62350.000000000095 4.332584768600171e-07
62400.000000000095 2.704203702513619e-07
62450.000000000095 3.238134174526462e-07
62500.000000000095 4.491899649073355e-07
62550.000000000095 4.057990894482009e-07
62600.000000000095 4.6312563421359046e-07
62650.000000000095 3.5742233766296426e-07
62700.000000000095 4.1281567452962746e-07
62750.000000000095 4.923273737784124e-07
62800.000000000095 3.1514747376794263e-07
62850.000000000095 4.409851166548932e-07
62900.000000000095 3.537855020148596e-07
62950.000000000095 4.529055383075484e-07
63000.000000000095 4.463253179243794e-07
63050.000000000095 5.438986050801646e-07
63100.000000000095 4.831184169873338e-07
63150.000000000095 3.195900289179725e-07
63200.000000000095 4.45796177332462e-07
63250.000000000095 4.673576216603711e-07
63300.000000000095 4.7540869416796067e-07
63350.000000000095 3.9086875947236185e-07
63400.000000000095 2.501419857032788e-07
63450.000000000095 2.3554361020093898e-07
63500.000000000095 4.2850733280173815e-07
63550.000000000095 3.529401031234405e-07
63600.000000000095 4.821867633845648e-07
63650.000000000095 3.6809833185148045e-07
63700.000000000095 2.498878936849057e-07
63750.000000000095 3.473314068843599e-07
63800.000000000095 3.230555327815141e-07
63850.000000000095 3.412300902740069e-07
63900.000000000095 2.56808442986808e-07
63950.000000000095 4.0207871855389996e-07
64000.000000000095 4.186816337034473e-07
64050.000000000095 3.000720777412201e-07
64100.000000000095 1.2872952858019136e-07
64150.000000000095 1.7531440005055243e-07
64200.000000000095 2.1930438843636027e-07
64250.000000000095 3.130822955101546e-07
64300.000000000095 2.468236420037181e-07
64350.000000000095 2.3147345491686854e-07
64400.000000000095 3.2712723043353793e-07
64450.000000000095 3.3136765629224283e-07
64500.000000000095 2.0532872334184074e-07
64550.000000000095 3.1728561803341205e-07
64600.000000000095 2.1722156248043096e-07
64650.000000000095 2.783920907233232e-07
64700.000000000095 1.6528610577635353e-07
64750.000000000095 1.9900958294731548e-07
64800.000000000095 2.034034631895512e-07
64850.000000000095 1.905557493917771e-07
64900.000000000095 2.2739447785985577e-07
64950.000000000095 1.983161292188096e-07
65000.000000000095 2.278932806482273e-07
65050.000000000095 2.4461012259738696e-07
65100.000000000095 2.715850981682796e-07
65150.000000000095 2.1881355431291924e-07
65200.000000000095 1.7540292037755988e-07
65250.000000000095 2.525895959519464e-07
65300.000000000095 2.0378596926938053e-07
65350.000000000095 3.83593463670224e-07
65400.000000000095 2.1449630954911478e-07
65450.000000000095 2.213675781406725e-07
65500.000000000095 2.4879885510212256e-07
65550.00000000009 1.7755579777057688e-07
65600.00000000009 2.0530067333566613e-07
65650.00000000009 2.2781111249571434e-07
65700.00000000009 1.9700846558591482e-07
65750.00000000009 1.8057402554214616e-07
65800.00000000009 2.3838454226671567e-07
65850.00000000009 2.7505369539212625e-07
65900.00000000009 1.800820191067601e-07
65950.00000000009 1.3281111030625565e-07
66000.00000000009 2.0351861690577396e-07
66050.00000000009 3.219406311680189e-07
66100.00000000009 2.2167825511998924e-07
66150.00000000009 1.578092377626887e-07
66200.00000000009 1.686707640794276e-07
66250.00000000009 1.6018306780751788e-07
66300.00000000009 9.473720526718918e-08
66350.00000000009 1.3887428087234471e-07
66400.00000000009 1.601346691755708e-07
66450.00000000009 2.540130712014056e-07
66500.00000000009 3.114169610465457e-07
66550.00000000009 3.0006451674913253e-07
66600.00000000009 2.3188952030484067e-07
66650.00000000009 2.513994716331344e-07
66700.00000000009 2.067480271334231e-07
66750.00000000009 1.869200143222379e-07
66800.00000000009 2.3751970227395198e-07
66850.00000000009 1.8455552768655097e-07
66900.00000000009 2.457975627735603e-07
66950.00000000009 3.1304928564954077e-07
67000.00000000009 2.926197662951398e-07
67050.00000000009 2.2366884038923823e-07
67100.00000000009 1.9638415198456692e-07
67150.00000000009 2.1067777186406976e-07
67200.00000000009 2.2143131067168607e-07
67250.00000000009 2.305516609461825e-07
67300.00000000009 2.3130474494953247e-07
67350.00000000009 1.7914185769919276e-07
67400.00000000009 3.119484291812563e-07
67450.00000000009 2.5351142676294665e-07
67500.00000000009 2.2498175968328228e-07
67550.00000000009 2.6282168948730515e-07
67600.00000000009 3.8082390087969137e-07
67650.00000000009 2.986478279914369e-07
67700.00000000009 2.524982166851838e-07
67750.00000000009 2.2801106142350673e-07
67800.00000000009 2.862775038284665e-07
67850.00000000009 1.8685589357763406e-07
67900.00000000009 2.3963629235785913e-07
