galfind/configs/Brown_Dwarf_templates/sonora_cholla/logkzz7/100g/1300K_100g_logkzz7_resample.dat
# %ECSV 1.0
# ---
# datatype:
# - {name: wav, unit: Angstrom, datatype: float64}
# - {name: flux_nu, unit: erg / (cm2 Hz s), datatype: float64}
# schema: astropy-2.0
wav flux_nu
[from data line 1162]
68100.00000000009 3.270553073717983e-07
68150.00000000009 2.589047495544292e-07
68200.00000000009 2.8900647293813307e-07
68250.00000000009 1.6341266842952109e-07
68300.00000000009 2.612813879046422e-07
68350.00000000009 1.6589778510648174e-07
68400.00000000009 3.2573395339773945e-07
68450.00000000009 3.2576790242012066e-07
68500.00000000009 2.8667407571344984e-07
68550.00000000009 2.043152666149106e-07
68600.00000000009 2.335631659670976e-07
68650.00000000009 1.7504268103721698e-07
68700.00000000009 2.4709220208586925e-07
68750.00000000009 2.9221212064815677e-07
68800.00000000009 3.129649018614594e-07
68850.00000000009 1.8912672730163305e-07
68900.00000000009 3.6090624335384213e-07
68950.00000000009 4.012386042414805e-07
69000.00000000009 3.892424271681416e-07
69050.00000000009 2.5796903254223937e-07
69100.00000000009 3.6017548696047694e-07
69150.00000000009 4.1865194126816e-07
69200.00000000009 2.663725006369914e-07
69250.00000000009 3.6044297921665686e-07
69300.00000000009 3.505071547999126e-07
69350.00000000009 3.4563903169299915e-07
69400.00000000009 2.504691492812699e-07
69450.00000000009 3.8019074996268575e-07
69500.00000000009 2.845401209362167e-07
69550.00000000009 3.0377504237289683e-07
69600.00000000009 1.3190495283316233e-07
69650.00000000009 2.727286250086364e-07
69700.00000000009 3.268751757299466e-07
69750.00000000009 2.9208411676392753e-07
69800.00000000009 3.39557468759546e-07
69850.00000000009 3.8366823696050884e-07
69900.00000000009 2.435353477318156e-07
69950.00000000009 3.3480438206643054e-07
70000.00000000009 2.447982141143571e-07
70050.00000000009 3.3887895351424475e-07
70100.00000000009 2.740594966403945e-07
70150.00000000009 3.2888814277551596e-07
70200.00000000009 2.540197374694005e-07
70250.00000000009 2.927748624820054e-07
70300.00000000009 3.3595366817031387e-07
70350.00000000009 2.56478957019667e-07
70400.00000000009 2.713571864087771e-07
70450.00000000009 1.5694232859830842e-07
70500.00000000009 2.1419221455925713e-07
70550.00000000009 2.2688466687172638e-07
70600.00000000009 2.634210460177157e-07
70650.00000000009 2.8952616129766874e-07
70700.00000000009 3.0587819977428644e-07
70750.00000000009 3.498146530008861e-07
70800.00000000009 2.562886899866269e-07
70850.00000000009 2.430788892629084e-07
70900.00000000009 2.502339881694055e-07
70950.00000000009 3.430539398735989e-07
71000.00000000009 3.0805642250679655e-07
71050.00000000009 3.4249498787095816e-07
71100.00000000009 2.9614744157628246e-07
71150.00000000009 2.839204819656773e-07
71200.00000000009 2.4263914965382493e-07
71250.00000000009 2.999673929179836e-07
71300.00000000009 3.3997247596117e-07
71350.00000000009 2.7926488364899744e-07
71400.00000000009 2.9913927596635393e-07
71450.00000000009 2.04036729626943e-07
71500.00000000009 2.6192054306837617e-07
71550.00000000009 2.5906636006116545e-07
71600.00000000009 3.0362860427030403e-07
71650.00000000009 2.61829174354188e-07
71700.00000000009 2.2492050923072156e-07
71750.00000000009 2.912459924972707e-07
71800.00000000009 3.7009935582414363e-07
71850.00000000009 3.615820658431794e-07
71900.00000000009 2.3508732593502395e-07
71950.00000000009 3.037061011293187e-07
72000.00000000009 2.7320632468869793e-07
72050.00000000009 2.0693740099246177e-07
72100.00000000009 2.475859966270645e-07
72150.00000000009 2.891188366298686e-07
72200.00000000009 3.146966127557569e-07
72250.00000000009 3.080642253766118e-07
72300.00000000009 3.037622776315287e-07
72350.00000000009 2.569694549158482e-07
72400.00000000009 2.561470517669279e-07
72450.00000000009 2.415476011235221e-07
72500.00000000009 2.621552846950476e-07
72550.00000000009 1.9439659831788979e-07
72600.00000000009 1.7365917341112144e-07
72650.00000000009 3.485521344421231e-07
72700.00000000009 3.138330391835688e-07
72750.00000000009 2.471234721949712e-07
72800.00000000009 2.5829910227460443e-07
72850.00000000009 2.724503136396606e-07
72900.00000000009 3.1687800297356476e-07
72950.00000000009 2.4641894035543194e-07
73000.00000000009 2.8344058268257964e-07
73050.00000000009 2.5856147217351306e-07
73100.00000000009 2.7327435490993523e-07
73150.00000000009 3.9060692409465994e-07
73200.00000000009 3.0301310276009464e-07
73250.00000000009 3.0245491932585407e-07
73300.00000000009 3.0116327717484497e-07
73350.00000000009 2.1221577640924906e-07
73400.00000000009 2.5818042967968234e-07
73450.00000000009 1.7483496668370686e-07
73500.00000000009 2.3720815515480877e-07
73550.00000000009 2.5510172719736547e-07
73600.00000000009 2.1273477527212014e-07
73650.00000000009 2.667511327043733e-07
73700.00000000009 3.161213435272169e-07
73750.00000000009 2.5501570099770823e-07
73800.00000000009 2.2663343259309514e-07
73850.00000000009 2.9597250705702465e-07
73900.00000000009 3.2611823666599344e-07
73950.00000000009 2.671473797746809e-07
74000.00000000009 2.820271888115907e-07
74050.00000000009 3.8689650032996133e-07
74100.00000000009 2.414532180414713e-07
74150.00000000009 2.9000175684075944e-07
74200.00000000009 2.4938624215101625e-07
74250.00000000009 2.249453057604257e-07
74300.00000000009 2.611605312049686e-07
74350.00000000009 2.843076651084004e-07
74400.00000000009 2.2840028541329984e-07
74450.00000000009 2.1872160371542463e-07
74500.00000000009 2.3134905117656702e-07
74550.00000000009 2.654414605109162e-07
74600.00000000009 2.101658017809775e-07
74650.00000000009 2.077718509243396e-07
74700.00000000009 1.7077419809360452e-07
74750.00000000009 2.3980056373064384e-07
74800.00000000009 1.9669425177692703e-07
74850.00000000009 1.7410857702345174e-07
74900.00000000009 3.213157182707782e-07
74950.00000000009 3.189522849583248e-07
75000.00000000009 2.6657122288761564e-07
75050.00000000009 2.9572031061305636e-07
75100.00000000009 3.617599173728364e-07
75150.00000000009 3.2603135813291177e-07
75200.00000000009 3.3237010915000755e-07
75250.00000000009 3.239080891179069e-07
75300.00000000009 3.178293765405149e-07
75350.00000000009 2.1923855973245627e-07
75400.00000000009 2.818958238095729e-07
75450.00000000009 2.725710497147333e-07
75500.00000000009 2.5500065427163884e-07
75550.00000000009 3.0162769910813736e-07
75600.00000000009 3.8207225087481366e-07
75650.00000000009 2.760359263886029e-07
75700.00000000009 2.564748753502497e-07
75750.00000000009 2.3129963624575556e-07
75800.00000000009 2.786419672642862e-07
75850.00000000009 2.955533744386354e-07
75900.00000000009 2.529568315286511e-07
75950.00000000009 2.2971200840633255e-07
76000.00000000009 2.504907442690533e-07
76050.00000000009 2.544879003138756e-07
76100.00000000009 2.195555560622406e-07
76150.00000000009 2.594577275239735e-07
76200.00000000009 2.793878140530443e-07
76250.00000000009 3.8303344090735265e-07
76300.00000000009 3.2266762054792175e-07
76350.00000000009 4.429023314347581e-07
76400.00000000009 3.382623491543563e-07
76450.00000000009 3.0032575639913897e-07
76500.00000000009 3.1034571657427494e-07
76550.00000000009 2.731244654774194e-07
76600.00000000009 1.8730951274105314e-07
76650.00000000009 2.1800937581308483e-07
76700.00000000009 2.343922548384196e-07
76750.00000000009 2.297282937347483e-07
76800.00000000009 2.730881278439347e-07
76850.00000000009 1.5326505907101918e-07
76900.00000000009 2.1529759653511184e-07
76950.00000000009 2.1675905987234848e-07
77000.00000000009 2.5477850643585445e-07
77050.00000000009 2.0102594680324124e-07
77100.00000000009 1.7074517274236347e-07
77150.00000000009 2.0860043918058529e-07
77200.00000000009 2.623780187709286e-07
77250.00000000009 2.4763664197496934e-07
77300.00000000009 2.3346563225439282e-07
77350.00000000009 1.7690744391616164e-07
77400.00000000009 1.277272509909757e-07
77450.00000000009 1.6834354889692802e-07
77500.00000000009 2.1572966813480516e-07
77550.00000000009 2.2800406838658755e-07
77600.00000000009 2.2514635264584042e-07
77650.00000000009 2.1230894812592097e-07
77700.00000000009 1.8509035726227305e-07
77750.00000000009 2.553184330281691e-07
77800.00000000009 2.568715023883003e-07
77850.00000000009 2.979017412506534e-07
77900.00000000009 2.812007509305296e-07
77950.00000000009 2.2738415072765655e-07
78000.00000000009 2.529886915951965e-07
78050.00000000009 2.3318105680651845e-07
78100.00000000009 1.768342438867459e-07
78150.00000000009 2.5697668776263216e-07
78200.00000000009 2.984112549545525e-07
78250.00000000009 3.288006049355953e-07
78300.00000000009 3.0895477877105726e-07
78350.00000000009 3.0000019545837035e-07
78400.00000000009 2.6701061386456553e-07
78450.00000000009 3.2642308031134865e-07
78500.00000000009 3.216080792628084e-07
78550.00000000009 2.683479538573679e-07
78600.00000000009 2.4918049238386167e-07
78650.00000000009 1.4469017715412533e-07
78700.00000000009 2.4994696315250323e-07
78750.00000000009 2.5302613423025393e-07
78800.00000000009 2.901271966748641e-07
78850.00000000009 1.9102045934656977e-07
78900.00000000009 2.423587113524451e-07
78950.00000000009 2.0403958641752655e-07
79000.00000000009 2.551616033422743e-07
79050.00000000009 2.707209073404697e-07
79100.00000000009 2.3523106015543672e-07
79150.00000000009 2.8098491017939934e-07
79200.00000000009 3.549262535000639e-07
79250.00000000009 2.853481946342703e-07
79300.00000000009 2.0727077098271925e-07
79350.00000000009 3.0500796091206476e-07
79400.00000000009 2.3715245846140812e-07
79450.00000000009 2.8945652059945663e-07
79500.00000000009 3.526311291836683e-07
79550.00000000009 2.850197031392614e-07
79600.00000000009 2.3036709226744388e-07
79650.00000000009 2.624709204803273e-07
79700.00000000009 3.638378475465431e-07
79750.00000000009 3.077881539690029e-07
79800.00000000009 2.88434448194401e-07
79850.00000000009 2.819323749365363e-07
79900.00000000009 3.799983943325079e-07
79950.00000000009 3.079904390999722e-07
