galfind/configs/Brown_Dwarf_templates/sonora_cholla/logkzz7/100g/1300K_100g_logkzz7_resample.dat
# %ECSV 1.0
# ---
# datatype:
# - {name: wav, unit: Angstrom, datatype: float64}
# - {name: flux_nu, unit: erg / (cm2 Hz s), datatype: float64}
# schema: astropy-2.0
wav flux_nu
[from data line 387]
29350.000000000095 3.583260553569059e-07
29400.000000000095 2.3691642524641296e-07
29450.000000000095 2.2355078159625411e-07
29500.000000000095 2.3265626577692768e-07
29550.000000000095 2.089185858562968e-07
29600.000000000095 2.963581893095339e-07
29650.000000000095 2.242577815228759e-07
29700.000000000095 2.304910246290016e-07
29750.000000000095 2.624436447147096e-07
29800.000000000095 3.2402075153378966e-07
29850.000000000095 3.0839217245564005e-07
29900.000000000095 2.6759292872052493e-07
29950.000000000095 2.626434924526489e-07
30000.000000000095 3.0114528235837753e-07
30050.000000000095 2.4662089518535853e-07
30100.000000000095 2.624951318353877e-07
30150.000000000095 3.485376264384475e-07
30200.000000000095 2.8208315679564945e-07
30250.000000000095 3.6500584548509527e-07
30300.000000000095 3.1410067286894356e-07
30350.000000000095 2.709490770247994e-07
30400.000000000095 3.666969737734183e-07
30450.000000000095 3.025818360907367e-07
30500.000000000095 2.988492888066795e-07
30550.000000000095 3.7982620972522674e-07
30600.000000000095 3.8536643364002635e-07
30650.000000000095 4.079975751704984e-07
30700.000000000095 3.605896186425806e-07
30750.000000000095 3.338601344815442e-07
30800.000000000095 3.377780816906524e-07
30850.000000000095 3.504744798170279e-07
30900.000000000095 3.533827305363229e-07
30950.000000000095 2.3435159245121475e-07
31000.000000000095 3.610578043735348e-07
31050.000000000095 3.395395314005542e-07
31100.000000000095 2.60071868712361e-07
31150.000000000095 3.196153022713016e-07
31200.000000000095 3.130024033242501e-07
31250.000000000095 3.2438957188216776e-07
31300.000000000095 3.162268919547523e-07
31350.000000000095 2.9079522272075766e-07
31400.000000000095 2.3428150617746337e-07
31450.000000000095 2.9823344101974495e-07
31500.000000000095 2.857517641318445e-07
31550.000000000095 3.02295623720555e-07
31600.000000000095 2.4628769543782823e-07
31650.000000000095 2.79594859044627e-07
31700.000000000095 2.6716377321804925e-07
31750.000000000095 2.340655740215525e-07
31800.000000000095 2.718301305811352e-07
31850.000000000095 2.547087804716906e-07
31900.000000000095 2.223383288144065e-07
31950.000000000095 2.4398261599172677e-07
32000.000000000095 2.2088568983203201e-07
32050.000000000095 2.2252930494570285e-07
32100.000000000095 1.9357841726531866e-07
32150.000000000095 2.651771377144042e-07
32200.000000000095 2.2608975489361297e-07
32250.000000000095 2.3114521449122318e-07
32300.000000000095 1.9917405476133846e-07
32350.000000000095 3.4187166055685133e-07
32400.000000000095 2.559464320032434e-07
32450.000000000095 3.150350329233666e-07
32500.000000000095 2.7481565891966686e-07
32550.000000000095 3.403595309916568e-07
32600.000000000095 3.711376347142812e-07
32650.000000000095 3.887004539371367e-07
32700.000000000095 3.0370544452733143e-07
32750.000000000095 4.237363212859072e-07
32800.000000000095 2.929943346313457e-07
32850.000000000095 3.937382928911205e-07
32900.000000000095 4.790980115881842e-07
32950.000000000095 4.016986429896882e-07
33000.000000000095 3.996706587845276e-07
33050.000000000095 3.8447951643471404e-07
33100.000000000095 3.005029204215735e-07
33150.000000000095 1.2556004499160643e-07
33200.000000000095 1.1249810991563385e-07
33250.000000000095 6.816513890492492e-08
33300.000000000095 6.929805186072541e-08
33350.000000000095 1.032954712897292e-07
33400.000000000095 1.3043800012795253e-07
33450.000000000095 1.5957670956702506e-07
33500.000000000095 2.0481727979951335e-07
33550.000000000095 2.1340834629511796e-07
33600.000000000095 2.6637496694722883e-07
33650.000000000095 3.246422087204384e-07
33700.000000000095 2.967904906081744e-07
33750.000000000095 3.67055900650824e-07
33800.000000000095 3.173344569088001e-07
33850.000000000095 3.9103762180750026e-07
33900.000000000095 3.604505090281142e-07
33950.000000000095 3.8772300149632024e-07
34000.000000000095 3.53364745725022e-07
34050.000000000095 2.6147378564492166e-07
34100.000000000095 3.487424641357634e-07
34150.000000000095 2.9543173477983077e-07
34200.000000000095 3.6415704369115577e-07
34250.000000000095 3.478227021605274e-07
34300.000000000095 2.4005432684182306e-07
34350.000000000095 2.8560736213612956e-07
34400.000000000095 3.155046195653291e-07
34450.000000000095 3.63539843053228e-07
34500.000000000095 3.9281634327151134e-07
34550.000000000095 2.5678345993481124e-07
34600.000000000095 4.1858649754159863e-07
34650.000000000095 3.10744185840352e-07
34700.000000000095 3.307294309212903e-07
34750.000000000095 3.333069859129634e-07
34800.000000000095 2.490517641894082e-07
34850.000000000095 3.478805917754591e-07
34900.000000000095 3.887418388679728e-07
34950.000000000095 3.047172727712738e-07
35000.000000000095 4.326632236836983e-07
35050.000000000095 3.6274094446725314e-07
35100.000000000095 4.097333783488086e-07
35150.000000000095 3.820127789755275e-07
35200.000000000095 4.7242851531568406e-07
35250.000000000095 5.10665528715468e-07
35300.000000000095 3.4509182294868846e-07
35350.000000000095 4.997597983250451e-07
35400.000000000095 4.502633490318035e-07
35450.000000000095 4.0338557061171903e-07
35500.000000000095 5.782846628889384e-07
35550.000000000095 5.261823489802376e-07
35600.000000000095 5.334488363166378e-07
35650.000000000095 5.666379695084881e-07
35700.000000000095 4.1828862206200694e-07
35750.000000000095 5.325054792147152e-07
35800.000000000095 6.03278154991173e-07
35850.000000000095 4.839650675949454e-07
35900.000000000095 6.51565035981325e-07
35950.000000000095 6.112579336448181e-07
36000.000000000095 5.753429178283957e-07
36050.000000000095 6.925037723402278e-07
36100.000000000095 6.401470950925774e-07
36150.000000000095 7.099033969789993e-07
36200.000000000095 7.535023787278441e-07
36250.000000000095 6.723276881019213e-07
36300.000000000095 8.10993323271437e-07
36350.000000000095 7.704445442925664e-07
36400.000000000095 8.594300839777435e-07
36450.000000000095 8.814753242514202e-07
36500.000000000095 8.19591135608443e-07
36550.000000000095 8.183131895942581e-07
36600.000000000095 8.432049810553388e-07
36650.000000000095 9.167080022241419e-07
36700.000000000095 1.0280932539243306e-06
36750.000000000095 1.0210564663077308e-06
36800.000000000095 9.97429017624159e-07
36850.000000000095 1.004369404103322e-06
36900.000000000095 9.75947505995988e-07
36950.000000000095 1.0510937583005876e-06
37000.000000000095 1.035562741593106e-06
37050.000000000095 1.1001777656570684e-06
37100.000000000095 1.0745976221751864e-06
37150.000000000095 1.1812494155888575e-06
37200.000000000095 1.2037369655874453e-06
37250.000000000095 1.120304730890845e-06
37300.000000000095 1.1494205393867923e-06
37350.000000000095 1.007653411952916e-06
37400.000000000095 1.2421900346147039e-06
37450.000000000095 1.1366882322181797e-06
37500.000000000095 1.1774051453266293e-06
37550.000000000095 1.2510030537558657e-06
37600.000000000095 1.3603226513593334e-06
37650.000000000095 1.237005290717394e-06
37700.000000000095 1.3644548419681872e-06
37750.000000000095 1.2575956895299127e-06
37800.000000000095 1.3986243217968448e-06
37850.000000000095 1.215364994883501e-06
37900.000000000095 1.3792080469088539e-06
37950.000000000095 1.4488956657125216e-06
38000.000000000095 1.430465318653153e-06
38050.000000000095 1.3721963745020616e-06
38100.000000000095 1.4121834596945122e-06
38150.000000000095 1.441170099964036e-06
38200.000000000095 1.514965948543251e-06
38250.000000000095 1.3353532388429557e-06
38300.000000000095 1.345681387064445e-06
38350.000000000095 1.4879019128413306e-06
38400.000000000095 1.3250577498411818e-06
38450.000000000095 1.5873362894995509e-06
38500.000000000095 1.4813485263670911e-06
38550.000000000095 1.466053454650429e-06
38600.000000000095 1.6171839011059334e-06
38650.000000000095 1.5764248142284468e-06
38700.000000000095 1.5842551378079968e-06
38750.000000000095 1.5406420335036719e-06
38800.000000000095 1.6059134997443064e-06
38850.000000000095 1.5487427676249736e-06
38900.000000000095 1.481687278125187e-06
38950.000000000095 1.5525789007985203e-06
39000.000000000095 1.617082101240074e-06
39050.000000000095 1.6858619576525465e-06
39100.000000000095 1.4172305150281567e-06
39150.000000000095 1.6677818895089044e-06
39200.000000000095 1.5629182464947884e-06
39250.000000000095 1.6083009341646214e-06
39300.000000000095 1.6390222963089172e-06
39350.000000000095 1.6202542505584738e-06
39400.000000000095 1.6931632959752675e-06
39450.000000000095 1.7116215735350416e-06
39500.000000000095 1.5013285893011695e-06
39550.000000000095 1.6102003528779724e-06
39600.000000000095 1.710012881305366e-06
39650.000000000095 1.5626167056595193e-06
39700.000000000095 1.6165932037050792e-06
39750.000000000095 1.6269571710437258e-06
39800.000000000095 1.5690025183867812e-06
39850.000000000095 1.5522603636171065e-06
39900.000000000095 1.5497087205958776e-06
39950.000000000095 1.626748690401008e-06
40000.000000000095 1.4240305609887303e-06
40050.000000000095 1.59621085704079e-06
40100.000000000095 1.7064920233328484e-06
40150.000000000095 1.6445613058863736e-06
40200.000000000095 1.7281261423147983e-06
40250.000000000095 1.3450972479190853e-06
40300.000000000095 1.4629754483896691e-06
40350.000000000095 1.5513157093211953e-06
40400.000000000095 1.593540920145214e-06
40450.000000000095 1.5275979728581143e-06
40500.000000000095 1.2732029711681528e-06
40550.000000000095 1.6223730965835906e-06
40600.000000000095 1.2251202575817063e-06
40650.000000000095 1.6204220563286138e-06
40700.000000000095 1.6355653976119265e-06
40750.000000000095 1.346527982852861e-06
40800.000000000095 1.2831036315558817e-06
40850.000000000095 1.336435770718315e-06
40900.000000000095 1.2582580694310211e-06
40950.000000000095 1.3409905629702508e-06
41000.000000000095 1.3634519062394384e-06
41050.000000000095 1.4050861098524872e-06
41100.000000000095 1.2885702170677187e-06
41150.000000000095 1.2100972980274098e-06
41200.000000000095 1.260734306778296e-06
41250.000000000095 1.3600094936862514e-06
41300.000000000095 9.999980481061985e-07
41350.000000000095 1.321077477942422e-06
41400.000000000095 1.2688125835462435e-06
41450.000000000095 1.254468663565277e-06
41500.000000000095 1.3379279291265638e-06
41550.000000000095 1.1973066879964076e-06
41600.000000000095 1.1789916132450788e-06
41650.000000000095 1.1340746786991644e-06
41700.000000000095 1.081097486740566e-06
41750.000000000095 8.902347775244025e-07
41800.000000000095 1.16811389514337e-06
41850.000000000095 6.728944134820159e-07
41900.000000000095 1.0120172517123014e-06
41950.000000000095 9.658572892100188e-07
42000.000000000095 9.045680584477387e-07
42050.000000000095 6.601272429357473e-07
42100.000000000095 7.740900829317285e-07
42150.000000000095 5.741881579436279e-07
42200.000000000095 6.852883182747282e-07
42250.000000000095 5.952587983424377e-07
42300.000000000095 6.29602330707325e-07
42350.000000000095 6.144995069388988e-07
42400.000000000095 5.201306328047272e-07
42450.000000000095 4.0527413899015844e-07
42500.000000000095 4.988123253592749e-07
42550.000000000095 5.304093401185211e-07
42600.000000000095 5.918496623284022e-07
42650.000000000095 6.153734973068722e-07
42700.000000000095 5.570324213932494e-07
42750.000000000095 5.590039773749526e-07
42800.000000000095 4.928485545663182e-07
42850.000000000095 5.544993485133716e-07
42900.000000000095 5.422436227709115e-07
42950.000000000095 4.6400207764372454e-07
43000.000000000095 5.417526508278358e-07
43050.000000000095 4.3751056623629386e-07
43100.000000000095 5.610514906211552e-07
43150.000000000095 5.692429933235282e-07
43200.000000000095 5.545046707139424e-07
43250.000000000095 4.2901181344232464e-07
43300.000000000095 5.959635782500741e-07
43350.000000000095 5.364936423479823e-07
43400.000000000095 6.243339350513199e-07
43450.000000000095 4.3214060841161914e-07
43500.000000000095 4.3805139238563605e-07
43550.000000000095 4.212243900966238e-07
43600.000000000095 5.595637588159966e-07
43650.000000000095 3.683272625552586e-07
43700.000000000095 5.403623356940172e-07
43750.000000000095 4.886142288253394e-07
43800.000000000095 4.102052748671342e-07
43850.000000000095 5.049802200004691e-07
43900.000000000095 3.3248998159325623e-07
43950.000000000095 4.382077873792608e-07
44000.000000000095 3.2465245209749014e-07
44050.000000000095 4.110605067926713e-07
44100.000000000095 4.155883794256217e-07
44150.000000000095 4.4775004866467727e-07
44200.000000000095 3.682322213471954e-07
44250.000000000095 3.6968864743088104e-07
44300.000000000095 3.450466370966569e-07
44350.000000000095 2.881282030622021e-07
44400.000000000095 3.3354300520005404e-07
44450.000000000095 3.301397129035975e-07
44500.000000000095 2.6602454030218446e-07
44550.000000000095 2.9989313024616164e-07
44600.000000000095 2.63276546777955e-07
44650.000000000095 2.999239218661167e-07
44700.000000000095 2.825457604306039e-07
44750.000000000095 2.9800038928576253e-07
44800.000000000095 2.843726976031133e-07
44850.000000000095 2.6046717090580407e-07
44900.000000000095 2.2766433678928208e-07
44950.000000000095 2.3398277342726823e-07
45000.000000000095 2.37752726820436e-07
45050.000000000095 2.480292657168103e-07
45100.000000000095 2.249189261856617e-07
45150.000000000095 2.181532543221335e-07
45200.000000000095 1.875430108151937e-07
45250.000000000095 1.9792497897542384e-07
45300.000000000095 2.2005619822310252e-07
45350.000000000095 2.256867709617989e-07
45400.000000000095 1.7827074578321825e-07
45450.000000000095 1.8234075942792174e-07
45500.000000000095 1.8594053064837148e-07
45550.000000000095 2.105334208389621e-07
45600.000000000095 1.772377255236151e-07
45650.000000000095 1.8122082708667605e-07
45700.000000000095 2.2390441250287806e-07
45750.000000000095 1.967759084566004e-07
45800.000000000095 1.760950217704934e-07
45850.000000000095 2.4210837074692096e-07
45900.000000000095 2.3547115070315256e-07
45950.000000000095 1.8299158392122043e-07
46000.000000000095 2.2730783560641156e-07
46050.000000000095 2.4331313754572863e-07
46100.000000000095 1.8485448408499084e-07
46150.000000000095 2.3579286407408085e-07
46200.000000000095 2.208357817448684e-07
46250.000000000095 1.4679127584812205e-07
46300.000000000095 2.5978610968714647e-07
46350.000000000095 1.8559153022495626e-07
46400.000000000095 2.2548732975586167e-07
46450.000000000095 2.79276931382716e-07
46500.000000000095 2.2410349784212723e-07
46550.000000000095 2.823864018904038e-07
46600.000000000095 2.845580017791759e-07
46650.000000000095 4.05848801664337e-07
46700.000000000095 3.180554178113345e-07
46750.000000000095 2.694171891245177e-07
46800.000000000095 2.351467997819561e-07
46850.000000000095 2.903779789969281e-07
46900.000000000095 2.524239045465016e-07
46950.000000000095 3.2227905958798367e-07
47000.000000000095 2.1879418625102484e-07
47050.000000000095 3.4289771445321377e-07
47100.000000000095 2.0627568373661662e-07
47150.000000000095 2.3787527820174234e-07
47200.000000000095 2.714903356030721e-07
47250.000000000095 2.172285721514054e-07
47300.000000000095 2.439364553849251e-07
47350.000000000095 1.9149920335774678e-07
47400.000000000095 2.8962828151004183e-07
47450.000000000095 1.9938057589860153e-07
47500.000000000095 3.0792262560327334e-07
47550.000000000095 2.0322010972262248e-07
47600.000000000095 2.9239863641687576e-07
47650.000000000095 2.0532118857021388e-07
47700.000000000095 2.764286475311405e-07
47750.000000000095 1.7878955215957324e-07
47800.000000000095 2.7396717180031354e-07
47850.000000000095 1.5908554040228533e-07
47900.000000000095 2.649871298121518e-07
47950.000000000095 2.0410997780110294e-07
48000.000000000095 3.2356418442726555e-07
48050.000000000095 2.2804019988207568e-07
48100.000000000095 2.968613516115657e-07
48150.000000000095 2.1685582709286205e-07
48200.000000000095 3.001515820469787e-07
48250.000000000095 2.4044713229439084e-07
48300.000000000095 3.5249711817655945e-07
48350.000000000095 2.1491627057352563e-07
48400.000000000095 2.9737559040860125e-07
48450.000000000095 1.959265025314506e-07
48500.000000000095 3.517295398271287e-07
48550.000000000095 1.99249393722053e-07
48600.000000000095 3.2375850135764166e-07
