galfind/configs/Brown_Dwarf_templates/sonora_cholla/logkzz7/100g/500K_100g_logkzz7_resample.dat
# %ECSV 1.0
# ---
# datatype:
# - {name: wav, unit: Angstrom, datatype: float64}
# - {name: flux_nu, unit: erg / (cm2 Hz s), datatype: float64}
# schema: astropy-2.0
wav flux_nu
[from data line 418]
23900.04800076804 2.0320400877350253e-11
23950.04800076804 1.2235491308905211e-11
24000.04800076804 2.5595213134273292e-11
24050.04800076804 3.3069421049268516e-11
24100.04800076804 3.585744571708288e-11
24150.04800076804 5.6221261759164166e-11
24200.04800076804 3.721207282103244e-11
24250.04800076804 2.1208546041468963e-11
24300.04800076804 6.22665120827115e-11
24350.04800076804 3.8592402418716496e-11
24400.04800076804 9.481843915935218e-11
24450.04800076804 1.0450184757587339e-10
24500.04800076804 9.470125921007021e-11
24550.04800076804 1.6133739093820447e-10
24600.04800076804 2.0990718784855006e-10
24650.04800076804 2.3873600777993404e-10
24700.04800076804 1.7840618397676458e-10
24750.04800076804 2.2784769673361977e-10
24800.04800076804 1.9542431444532466e-10
24850.04800076804 3.0253124167376355e-10
24900.04800076804 1.235050596393956e-10
24950.04800076804 2.384455134819553e-10
25000.04800076804 2.651679024812459e-10
25050.04800076804 1.5274772910885086e-10
25100.04800076804 2.270526008516099e-10
25150.04800076804 9.356296981498502e-11
25200.04800076804 1.4731329041781152e-10
25250.04800076804 5.7140046339435215e-11
25300.04800076804 7.883034689210954e-11
25350.04800076804 3.116994944144527e-11
25400.04800076804 9.059476667779177e-11
25450.04800076804 2.7289525816430677e-11
25500.04800076804 2.0151047357002092e-11
25550.04800076804 5.116589729453722e-11
25600.04800076804 1.0624447839193089e-11
25650.04800076804 9.851141614575502e-12
25700.04800076804 9.705774673595172e-12
25750.04800076804 3.4079309906246984e-12
25800.04800076804 2.0360800649091975e-11
25850.04800076804 2.4805759172217933e-12
25900.04800076804 4.326273993988786e-12
25950.04800076804 9.461455706082233e-13
26000.04800076804 1.455489878107315e-11
26050.04800076804 1.303440246607161e-12
26100.04800076804 1.0062879166431127e-11
26150.04800076804 3.4165557739160284e-12
26200.04800076804 4.090768190292633e-12
26250.04800076804 4.0945746088551305e-11
26300.04800076804 6.2661293646680155e-12
26350.04800076804 6.45507188641656e-11
26400.04800076804 1.4412881306268975e-10
26450.04800076804 7.60751259639648e-11
26500.04800076804 1.9693184410352878e-10
26550.04800076804 1.777195063786453e-11
26600.04800076804 1.489170240417342e-11
26650.04800076804 2.3700057942331475e-12
26700.04800076804 8.236531498751217e-13
26750.04800076804 2.4149693432042934e-12
26800.04800076804 6.727249439122191e-12
26850.04800076804 4.777688063392086e-12
26900.04800076804 2.555758224667709e-11
26950.04800076804 6.434075469227587e-12
27000.04800076804 3.922119955163499e-11
27050.04800076804 4.9475110770680546e-11
27100.04800076804 5.097833625090257e-12
27150.04800076804 5.8174968131579145e-11
27200.04800076804 4.4620831073933465e-12
27250.04800076804 1.8209438569927048e-11
27300.04800076804 2.0059341441440063e-10
27350.04800076804 5.252829093873685e-11
27400.04800076804 2.2161118213324146e-12
27450.04800076804 8.189259400565542e-11
27500.04800076804 1.1601181471956828e-10
27550.04800076804 1.2536889970781048e-11
27600.04800076804 4.347362418304911e-11
27650.04800076804 9.9481988343971e-12
27700.04800076804 9.049930649371447e-12
27750.04800076804 6.69881420271416e-11
27800.04800076804 2.0624350131108866e-11
27850.04800076804 3.4709828706387776e-11
27900.04800076804 5.008729496123613e-11
27950.04800076804 1.3316218640408612e-10
28000.04800076804 1.07895875150828e-10
28050.04800076804 1.3522350224526291e-11
28100.04800076804 1.7945797523744247e-10
28150.04800076804 1.1109476801525763e-10
28200.04800076804 2.4118696172668053e-11
28250.04800076804 2.2416298421538446e-10
28300.04800076804 3.4427047774444055e-10
28350.04800076804 3.531445420508296e-11
28400.04800076804 1.7816463236306264e-10
28450.04800076804 4.3913403670752965e-10
28500.04800076804 1.723732005390335e-10
28550.04800076804 4.1155801337156255e-11
28600.04800076804 2.983890732907171e-10
28650.04800076804 3.111037061273838e-10
28700.04800076804 2.692504989481266e-10
28750.04800076804 6.411685255281156e-10
28800.04800076804 4.6318043987158604e-10
28850.04800076804 5.930248677658206e-10
28900.04800076804 3.001147989975501e-10
28950.04800076804 9.189029941710467e-10
29000.04800076804 5.46411372484243e-10
29050.04800076804 5.429503203329656e-10
29100.04800076804 4.866685965248413e-10
29150.04800076804 9.436662961161688e-10
29200.04800076804 7.678049642244951e-10
29250.04800076804 1.032602277410846e-09
29300.04800076804 5.674478018824375e-10
29350.04800076804 2.7138755108764713e-09
29400.04800076804 5.244461880481977e-10
29450.04800076804 6.313875369151756e-10
29500.04800076804 1.62673565773844e-09
29550.04800076804 6.9376569442934e-10
29600.04800076804 1.3731987390059177e-09
29650.04800076804 2.2039293896165177e-09
29700.04800076804 4.879706200812581e-10
29750.04800076804 1.2066492246414198e-09
29800.04800076804 1.1605441416580685e-09
29850.04800076804 2.3894997901004546e-09
29900.04800076804 2.268380964128164e-09
29950.04800076804 1.4751125048228042e-09
30000.04800076804 2.1521847619806303e-10
30050.04800076804 5.781948284888936e-10
30100.04800076804 1.3125711590276191e-09
30150.04800076804 2.3341688220027128e-09
30200.04800076804 1.1081261979817372e-09
30250.04800076804 3.5444222575832134e-09
30300.04800076804 3.47412726249431e-09
30350.04800076804 1.1476848798548064e-09
30400.04800076804 3.1150828937146454e-09
30450.04800076804 2.2712373526340244e-09
30500.04800076804 1.6003753793350081e-09
30550.04800076804 1.102059887712722e-09
30600.04800076804 4.492822316389183e-09
30650.04800076804 2.467592994487898e-09
30700.04800076804 1.8286732139920283e-09
30750.04800076804 2.7559004220254607e-09
30800.04800076804 1.7053924530511953e-09
30850.04800076804 2.482365000917888e-09
30900.04800076804 2.016398469815563e-09
30950.04800076804 8.571111230964702e-10
31000.04800076804 1.6946265549611792e-09
31050.04800076804 1.2095890172382068e-09
31100.04800076804 7.526975880023884e-10
31150.04800076804 1.1669785096053102e-09
31200.04800076804 2.1595374870358057e-09
31250.04800076804 8.938560648231235e-10
31300.04800076804 6.919799533303681e-10
31350.04800076804 1.3005894740802012e-09
31400.04800076804 6.624512177967158e-10
31450.04800076804 9.543129623912744e-10
31500.04800076804 3.8487842247220536e-10
31550.04800076804 4.509057275964038e-10
31600.04800076804 3.338277417784308e-10
31650.04800076804 3.0183115045653244e-10
31700.04800076804 3.4764258069455375e-10
31750.04800076804 1.0440103286810126e-10
31800.04800076804 3.082546729943361e-10
31850.04800076804 6.05227092600158e-11
31900.04800076804 1.5442203877546566e-10
31950.04800076804 8.693986615401086e-11
32000.04800076804 7.140716194568801e-11
32050.04800076804 7.101854862566743e-11
32100.04800076804 5.381009368156965e-11
32150.04800076804 6.62873351611162e-11
32200.04800076804 3.3631122839145657e-11
32250.04800076804 9.820836940001383e-11
32300.04800076804 2.452995182513362e-11
32350.04800076804 1.003286497362328e-10
32400.04800076804 1.955235307419778e-11
32450.04800076804 5.8029532074778756e-11
32500.04800076804 2.2529582214768272e-11
32550.04800076804 6.234796213350701e-11
32600.04800076804 2.1722572725755634e-11
32650.04800076804 1.2790148895045283e-10
32700.04800076804 3.6049621385073147e-11
32750.04800076804 2.668369039353083e-10
32800.04800076804 1.2680068167227077e-10
32850.04800076804 4.737234437465354e-10
32900.04800076804 3.6458311000257635e-10
32950.04800076804 4.3911127001195004e-10
33000.04800076804 1.5582549405667662e-10
33050.04800076804 1.7875151412053873e-10
33100.04800076804 4.606795321432228e-11
33150.04800076804 2.8031912761059466e-14
33200.04800076804 1.371906073692306e-12
33250.04800076804 2.2210956624284333e-12
33300.04800076804 1.6300262772737857e-11
33350.04800076804 5.37985541569519e-11
33400.04800076804 1.6325345314804553e-10
33450.04800076804 7.67853388298284e-11
33500.04800076804 3.1088655881734274e-10
33550.04800076804 9.757643885060118e-11
33600.04800076804 1.5118529139704982e-10
33650.04800076804 1.391454827268939e-10
33700.04800076804 7.05670122750265e-11
33750.04800076804 2.097243130623954e-10
33800.04800076804 3.1589564284492924e-11
33850.04800076804 1.2011657085428287e-10
33900.04800076804 1.3915622134084328e-10
33950.04800076804 1.1770584542975758e-10
34000.04800076804 2.4989057333676404e-10
34050.04800076804 3.5917288938627046e-11
34100.04800076804 1.9781780168782215e-10
34150.04800076804 8.663800818529453e-11
34200.04800076804 1.974581740474892e-10
34250.04800076804 1.2800969592997907e-10
34300.04800076804 1.3518914104037568e-10
34350.04800076804 3.5984834523017595e-10
34400.04800076804 9.697428374420425e-11
34450.04800076804 3.0556437062930666e-10
34500.04800076804 1.3919949141252298e-10
34550.04800076804 1.3059608586833936e-10
34600.04800076804 5.587294869752586e-10
34650.04800076804 7.928199991558795e-11
34700.04800076804 2.4250577030773957e-10
34750.04800076804 1.987268377758914e-10
34800.04800076804 1.9459840838947672e-10
34850.04800076804 4.944068862021317e-10
34900.04800076804 1.577129226011741e-10
34950.04800076804 3.185913470738693e-10
35000.04800076804 8.428565168681772e-10
35050.04800076804 4.193671396196557e-10
35100.04800076804 9.119063978976826e-10
35150.04800076804 7.960673808938266e-10
35200.04800076804 7.599609827283036e-10
35250.04800076804 1.0092485809338682e-09
35300.04800076804 4.812674290804495e-10
35350.04800076804 7.261471186180954e-10
35400.04800076804 5.204579654155113e-10
35450.04800076804 3.890797293226144e-10
35500.04800076804 1.7980372647461305e-09
35550.04800076804 8.986438441052306e-10
35600.04800076804 1.245228937773474e-09
35650.04800076804 1.422805170415668e-09
35700.04800076804 1.0986724565037777e-09
35750.04800076804 2.0441983988087147e-09
35800.04800076804 1.1073210052466658e-09
35850.04800076804 5.131266568403455e-10
35900.04800076804 1.0138225504679335e-09
35950.04800076804 1.0736419111939577e-09
36000.04800076804 5.498236486667548e-10
36050.04800076804 8.662493739680889e-10
36100.04800076804 7.626418309274144e-10
36150.04800076804 2.2044940463913383e-09
36200.04800076804 1.8374820533253051e-09
36250.04800076804 1.532216409913609e-09
36300.04800076804 2.9492677302898223e-09
36350.04800076804 1.6378037675260106e-09
36400.04800076804 3.327843154349209e-09
36450.04800076804 2.1393826690812797e-09
36500.04800076804 2.595665966028019e-09
36550.04800076804 4.7967967170576715e-09
36600.04800076804 4.617474440776929e-09
36650.04800076804 3.638889133278311e-09
36700.04800076804 4.412181752516543e-09
36750.04800076804 5.089937264580462e-09
36800.04800076804 4.9363640016811525e-09
36850.04800076804 2.4096669193019356e-09
36900.04800076804 4.083913037360186e-09
36950.04800076804 5.017056101231965e-09
37000.04800076804 3.3921136031575077e-09
37050.04800076804 6.170876285627427e-09
37100.04800076804 4.0339195448316654e-09
37150.04800076804 4.450768006506172e-09
37200.04800076804 5.258932095708054e-09
37250.04800076804 4.218857810558853e-09
37300.04800076804 3.358986297852971e-09
37350.04800076804 5.6980362063487195e-09
37400.04800076804 7.138142481071957e-09
37450.04800076804 2.8733165718261476e-09
37500.04800076804 5.226690928050502e-09
37550.04800076804 9.066756659832222e-09
37600.04800076804 1.2880945809138747e-08
37650.04800076804 5.576905803952887e-09
37700.04800076804 8.831551900410434e-09
37750.04800076804 5.2600021529738776e-09
37800.04800076804 5.484822720373902e-09
37850.04800076804 3.198796597057391e-09
37900.04800076804 4.677438931016351e-09
37950.04800076804 7.704965664533012e-09
38000.04800076804 8.799871311849256e-09
38050.04800076804 1.2578044039037481e-08
38100.04800076804 1.3083258701338221e-08
38150.04800076804 1.3292498446140992e-08
38200.04800076804 1.295685850946056e-08
38250.04800076804 1.3613944033597635e-08
38300.04800076804 2.5589893332282752e-08
38350.04800076804 1.9263489437285225e-08
38400.04800076804 8.222316630637297e-09
38450.04800076804 5.103462629584448e-09
38500.04800076804 2.4985191434599448e-09
38550.04800076804 7.2515246456429014e-09
38600.04800076804 9.400221203454884e-09
38650.04800076804 1.295281106350607e-08
38700.04800076804 1.0405668973400182e-08
38750.04800076804 1.3427459867675432e-08
38800.04800076804 9.180926073245494e-09
38850.04800076804 1.5861051685771283e-08
38900.04800076804 1.6158140888255546e-08
38950.04800076804 1.0337012978164957e-08
39000.04800076804 2.02341664310454e-08
39050.04800076804 1.1235491616006698e-08
39100.04800076804 1.8256697416798753e-08
39150.04800076804 1.772198914427804e-08
39200.04800076804 1.1905285139406781e-08
39250.04800076804 2.0293453921905208e-08
39300.04800076804 1.5755142043280528e-08
39350.04800076804 3.2851000856729404e-08
39400.04800076804 1.9675948412206053e-08
39450.04800076804 2.197317024859027e-08
39500.04800076804 2.4187284443195042e-08
39550.04800076804 1.5580843551655322e-08
39600.04800076804 2.5239599128696824e-08
39650.04800076804 3.501410272593203e-08
39700.04800076804 2.2841264113121836e-08
39750.04800076804 1.2286868579132366e-08
39800.04800076804 1.6499604298447842e-08
39850.04800076804 3.230891711994613e-08
39900.04800076804 3.7137768908287535e-08
39950.04800076804 2.1294379158045e-08
40000.04800076804 3.7120247107218006e-08
40050.04800076804 3.2174760377026526e-08
40100.04800076804 1.2753945683991127e-08
40150.04800076804 3.462751106167717e-08
40200.04800076804 3.6862906918455097e-08
40250.04800076804 4.031675004985553e-08
40300.04800076804 4.145158166813979e-08
40350.04800076804 2.1064876204222215e-08
40400.04800076804 3.895830917156622e-08
40450.04800076804 2.173279299227436e-08
40500.04800076804 4.710236955833763e-08
40550.04800076804 4.047517868811085e-08
40600.04800076804 3.632353189559159e-08
40650.04800076804 3.0459929839229666e-08
40700.04800076804 6.600384408747811e-08
40750.04800076804 4.4261664230591176e-08
40800.04800076804 2.3621200003561497e-08
40850.04800076804 6.42776888748532e-08
40900.04800076804 5.338010214184935e-08
40950.04800076804 3.5400171967879546e-08
41000.04800076804 4.6166506246044225e-08
41050.04800076804 6.907669160188787e-08
41100.04800076804 4.0986193678346136e-08
41150.04800076804 2.1041947604764197e-08
41200.04800076804 7.056515874158886e-08
41250.04800076804 4.9322903271298456e-08
41300.04800076804 5.106042000282216e-08
41350.04800076804 7.462889517781527e-08
41400.04800076804 5.540674667850015e-08
41450.04800076804 6.80933960882346e-08
41500.04800076804 4.2695636856939637e-08
41550.04800076804 3.6544041075577854e-08
41600.04800076804 5.499906785456644e-08
41650.04800076804 6.816844148993196e-08
41700.04800076804 6.609067455840138e-08
41750.04800076804 5.674265976748287e-08
41800.04800076804 7.787837097142196e-08
41850.04800076804 4.988320064502333e-08
41900.04800076804 4.3599444820523014e-08
41950.04800076804 5.539785421877961e-08
42000.04800076804 6.457905332920798e-08
42050.04800076804 5.5006268227574316e-08
42100.04800076804 7.57118620273768e-08
42150.04800076804 5.631066543289668e-08
42200.04800076804 6.398285585802325e-08
42250.04800076804 4.6498377770855133e-08
42300.04800076804 4.1643928967697074e-08
42350.04800076804 6.40961605730818e-08
42400.04800076804 7.031554998493066e-08
42450.04800076804 7.211687836754492e-08
42500.04800076804 6.439730252516298e-08
42550.04800076804 5.963313204826427e-08
42600.04800076804 5.7765059438618704e-08
42650.04800076804 9.593179403595441e-08
42700.04800076804 3.977141152467215e-08
42750.04800076804 5.707590036011434e-08
42800.04800076804 6.257111861547196e-08
42850.04800076804 7.575398793460554e-08
42900.04800076804 8.440064319807495e-08
42950.04800076804 5.803369408399512e-08
43000.04800076804 7.993514826159653e-08
43050.04800076804 3.185458709499577e-08
43100.04800076804 5.2658371250448965e-08
43150.04800076804 5.689268658625747e-08
43200.04800076804 7.66929594630309e-08
43250.04800076804 1.0253985826508497e-07
43300.04800076804 9.7860270723972e-08
43350.04800076804 5.1891542768078384e-08
43400.04800076804 7.097193841381277e-08
43450.04800076804 4.425263169576669e-08
43500.04800076804 5.321920844757444e-08
43550.04800076804 5.406744667969589e-08
43600.04800076804 7.958035374666216e-08
