galfind/configs/Brown_Dwarf_templates/sonora_cholla/logkzz7/100g/550K_100g_logkzz7_resample.dat
# %ECSV 1.0
# ---
# datatype:
# - {name: wav, unit: Angstrom, datatype: float64}
# - {name: flux_nu, unit: erg / (cm2 Hz s), datatype: float64}
# schema: astropy-2.0
wav flux_nu
[from data line 417]
23850.04800076804 3.181663203242737e-11
23900.04800076804 6.868337883340851e-11
23950.04800076804 4.8198366398274255e-11
24000.04800076804 8.811273566050079e-11
24050.04800076804 1.1405229441590983e-10
24100.04800076804 1.1145145781986683e-10
24150.04800076804 1.62932070925243e-10
24200.04800076804 1.177170739398351e-10
24250.04800076804 7.30671376277958e-11
24300.04800076804 1.8167148611726745e-10
24350.04800076804 1.1750911266311613e-10
24400.04800076804 2.7269983067352304e-10
24450.04800076804 2.831824247847422e-10
24500.04800076804 2.6990244941113397e-10
24550.04800076804 4.274700658676646e-10
24600.04800076804 5.4087868276229e-10
24650.04800076804 6.077892486656508e-10
24700.04800076804 4.5388143255151005e-10
24750.04800076804 5.500359457958783e-10
24800.04800076804 4.895689481582451e-10
24850.04800076804 7.624326178387788e-10
24900.04800076804 3.1468711469710155e-10
24950.04800076804 6.0413274457778e-10
25000.04800076804 6.560784459757678e-10
25050.04800076804 3.801182843876304e-10
25100.04800076804 5.60591775372141e-10
25150.04800076804 2.447704729812427e-10
25200.04800076804 3.804283594571168e-10
25250.04800076804 1.5011237878497277e-10
25300.04800076804 2.2271004005383025e-10
25350.04800076804 8.804420228489461e-11
25400.04800076804 2.48785319408017e-10
25450.04800076804 8.575170125729078e-11
25500.04800076804 6.477987768546177e-11
25550.04800076804 1.5046646097751916e-10
25600.04800076804 3.6901031424111246e-11
25650.04800076804 3.400222070923496e-11
25700.04800076804 4.009786976052543e-11
25750.04800076804 1.4360672190420119e-11
25800.04800076804 7.640731114685924e-11
25850.04800076804 1.1332840720010621e-11
25900.04800076804 1.958929885875557e-11
25950.04800076804 4.9823776767572235e-12
26000.04800076804 5.98485686428718e-11
26050.04800076804 7.132053095507387e-12
26100.04800076804 4.5153500867733166e-11
26150.04800076804 1.793595203772196e-11
26200.04800076804 2.068407294703029e-11
26250.04800076804 1.6118257843105988e-10
26300.04800076804 3.249213764026405e-11
26350.04800076804 2.2694717670887856e-10
26400.04800076804 4.235564016620064e-10
26450.04800076804 2.6289101056408177e-10
26500.04800076804 5.489627466849559e-10
26550.04800076804 7.242334988633874e-11
26600.04800076804 6.575625361550252e-11
26650.04800076804 1.2166966433358007e-11
26700.04800076804 4.4920532473140766e-12
26750.04800076804 1.067752478568413e-11
26800.04800076804 2.5780660112150938e-11
26850.04800076804 1.7973566767902324e-11
26900.04800076804 8.798956113415796e-11
26950.04800076804 2.5006590683746853e-11
27000.04800076804 1.3580185573384344e-10
27050.04800076804 1.55721853980718e-10
27100.04800076804 2.4105485156216405e-11
27150.04800076804 1.9950293956946283e-10
27200.04800076804 2.0724878168189014e-11
27250.04800076804 7.162862662530597e-11
27300.04800076804 6.220388020520462e-10
27350.04800076804 1.8877700200778546e-10
27400.04800076804 9.5394933567647e-12
27450.04800076804 2.7962749782397626e-10
27500.04800076804 3.863208239989719e-10
27550.04800076804 4.870253329384638e-11
27600.04800076804 1.5278346163790513e-10
27650.04800076804 3.8519349359820845e-11
27700.04800076804 3.2695999924672157e-11
27750.04800076804 2.1639574773523993e-10
27800.04800076804 6.934804470192804e-11
27850.04800076804 1.0789187810916067e-10
27900.04800076804 1.5081794886346942e-10
27950.04800076804 3.834763962925546e-10
28000.04800076804 2.990752980451647e-10
28050.04800076804 4.676978402222461e-11
28100.04800076804 5.004973245392712e-10
28150.04800076804 2.995283811221999e-10
28200.04800076804 7.027047497704814e-11
28250.04800076804 5.966283638408132e-10
28300.04800076804 9.129676463389862e-10
28350.04800076804 1.0640580639579727e-10
28400.04800076804 4.738779713022179e-10
28450.04800076804 1.0690760405714883e-09
28500.04800076804 4.5984496776032794e-10
28550.04800076804 1.0870074499842206e-10
28600.04800076804 7.729138947670969e-10
28650.04800076804 8.069972155576325e-10
28700.04800076804 6.727447321978394e-10
28750.04800076804 1.5180148121346789e-09
28800.04800076804 1.1598379709600453e-09
28850.04800076804 1.4141536172460878e-09
28900.04800076804 6.681509417807491e-10
28950.04800076804 2.1706017484019438e-09
29000.04800076804 1.277098088740048e-09
29050.04800076804 1.3419429386716045e-09
29100.04800076804 1.1383721334206888e-09
29150.04800076804 2.3447256052823777e-09
29200.04800076804 1.6555819423277526e-09
29250.04800076804 2.302446304267224e-09
29300.04800076804 1.2670423086256106e-09
29350.04800076804 6.2399603814388816e-09
29400.04800076804 1.2724978187450492e-09
29450.04800076804 1.6663566496098352e-09
29500.04800076804 3.46696263680983e-09
29550.04800076804 1.727049192107715e-09
29600.04800076804 3.161395281908142e-09
29650.04800076804 4.449567146028618e-09
29700.04800076804 1.2836853513621228e-09
29750.04800076804 2.7744193708541888e-09
29800.04800076804 2.8376452783992307e-09
29850.04800076804 5.17157369223871e-09
29900.04800076804 5.1351614461563145e-09
29950.04800076804 3.3705940582639265e-09
30000.04800076804 7.337840919057805e-10
30050.04800076804 1.5346735476632517e-09
30100.04800076804 2.99227444901097e-09
30150.04800076804 4.870671075428351e-09
30200.04800076804 2.601509453546417e-09
30250.04800076804 7.300083750573231e-09
30300.04800076804 6.771941550250417e-09
30350.04800076804 2.9720887442940587e-09
30400.04800076804 6.359818658751465e-09
30450.04800076804 4.689756982566971e-09
30500.04800076804 3.6209596703999706e-09
30550.04800076804 2.59952669130611e-09
30600.04800076804 7.954820422787932e-09
30650.04800076804 4.838931518803785e-09
30700.04800076804 3.767737822611879e-09
30750.04800076804 5.184790259421904e-09
30800.04800076804 3.2711487050846633e-09
30850.04800076804 4.669376189058763e-09
30900.04800076804 3.901461095773691e-09
30950.04800076804 1.837854933990658e-09
31000.04800076804 3.3033700357903886e-09
31050.04800076804 2.5935834365671335e-09
31100.04800076804 1.6314000801054423e-09
31150.04800076804 2.3846113385791468e-09
31200.04800076804 3.775341496188514e-09
31250.04800076804 1.7777479005823132e-09
31300.04800076804 1.4148124111931474e-09
31350.04800076804 2.25021428616407e-09
31400.04800076804 1.199720164048604e-09
31450.04800076804 1.826466887403732e-09
31500.04800076804 7.850818479659237e-10
31550.04800076804 9.556033875956495e-10
31600.04800076804 6.459353484615401e-10
31650.04800076804 6.15507266721894e-10
31700.04800076804 7.490836033185408e-10
31750.04800076804 2.4044935334021356e-10
31800.04800076804 6.944752948369101e-10
31850.04800076804 1.6894146182480978e-10
31900.04800076804 3.8687041128293774e-10
31950.04800076804 2.2322001887905934e-10
32000.04800076804 2.0406986357103553e-10
32050.04800076804 1.864585362250118e-10
32100.04800076804 1.4424241679995506e-10
32150.04800076804 1.9208245781350058e-10
32200.04800076804 1.0051340074215895e-10
32250.04800076804 2.963668308949252e-10
32300.04800076804 7.72887750975341e-11
32350.04800076804 3.032797498932213e-10
32400.04800076804 7.064350374222175e-11
32450.04800076804 1.8383785973533443e-10
32500.04800076804 8.936521600456985e-11
32550.04800076804 2.00549517997814e-10
32600.04800076804 9.10001965307132e-11
32650.04800076804 3.746709967803225e-10
32700.04800076804 1.4504410582353343e-10
32750.04800076804 6.975668364970937e-10
32800.04800076804 3.835297988285249e-10
32850.04800076804 1.119109616487934e-09
32900.04800076804 8.990870122822422e-10
32950.04800076804 1.1082084979164935e-09
33000.04800076804 4.641766335133412e-10
33050.04800076804 5.474607472166849e-10
33100.04800076804 1.5782289726736182e-10
33150.04800076804 2.390260003617112e-13
33200.04800076804 5.116178078015134e-12
33250.04800076804 7.190984769952251e-12
33300.04800076804 3.541542302675883e-11
33350.04800076804 1.246467900144795e-10
33400.04800076804 3.3615562727807713e-10
33450.04800076804 2.038602815784869e-10
33500.04800076804 7.247790722968199e-10
33550.04800076804 2.815861173087094e-10
33600.04800076804 4.2312653018233125e-10
33650.04800076804 3.6738961352178787e-10
33700.04800076804 2.1844705465682253e-10
33750.04800076804 5.789219631317688e-10
33800.04800076804 1.0644839239429458e-10
33850.04800076804 3.3665123692890965e-10
33900.04800076804 3.8499122573934603e-10
33950.04800076804 3.290687395452634e-10
34000.04800076804 6.42371631200304e-10
34050.04800076804 1.122161474507279e-10
34100.04800076804 5.153861362736117e-10
34150.04800076804 2.4231249062218245e-10
34200.04800076804 4.957981319600793e-10
34250.04800076804 3.460184234838616e-10
34300.04800076804 3.4451684159128705e-10
34350.04800076804 7.850157802226385e-10
34400.04800076804 2.676539601078892e-10
34450.04800076804 7.300985967766665e-10
34500.04800076804 3.365179115103504e-10
34550.04800076804 2.889251955711322e-10
34600.04800076804 1.1331118647775144e-09
34650.04800076804 2.1319791141273034e-10
34700.04800076804 5.229760028321205e-10
34750.04800076804 4.502843383214582e-10
34800.04800076804 4.192637248141084e-10
34850.04800076804 9.984837640220154e-10
34900.04800076804 4.347432920124046e-10
34950.04800076804 6.662832223780534e-10
35000.04800076804 1.653931576376059e-09
35050.04800076804 8.273294402150647e-10
35100.04800076804 1.7578794756307748e-09
35150.04800076804 1.4747050340615006e-09
35200.04800076804 1.550337512010586e-09
35250.04800076804 1.9757690885566848e-09
35300.04800076804 1.0469336291633617e-09
35350.04800076804 1.6724767582844434e-09
35400.04800076804 1.2309100040223662e-09
35450.04800076804 9.364671445902869e-10
35500.04800076804 3.731533485941351e-09
35550.04800076804 1.894758939897997e-09
35600.04800076804 2.5055014671342876e-09
35650.04800076804 2.700850042512056e-09
35700.04800076804 1.9947198580971774e-09
35750.04800076804 4.214969294511183e-09
35800.04800076804 2.3793426174490005e-09
35850.04800076804 1.2196697834106837e-09
35900.04800076804 2.2916546464763544e-09
35950.04800076804 2.3069552351553495e-09
36000.04800076804 1.1450181790260401e-09
36050.04800076804 1.967545886317752e-09
36100.04800076804 1.7145816505660848e-09
36150.04800076804 3.994348649441739e-09
36200.04800076804 3.359881638187169e-09
36250.04800076804 3.1732670929570716e-09
36300.04800076804 5.138370640211619e-09
36350.04800076804 3.2151643528372275e-09
36400.04800076804 6.23361466575665e-09
36450.04800076804 4.3407037409572215e-09
36500.04800076804 5.103774637480693e-09
36550.04800076804 8.379179835607327e-09
36600.04800076804 8.459737742962446e-09
36650.04800076804 7.227929619713358e-09
36700.04800076804 8.394097373623184e-09
36750.04800076804 9.402333021882073e-09
36800.04800076804 8.869770803224766e-09
36850.04800076804 4.9343623494442085e-09
36900.04800076804 7.890360595479616e-09
36950.04800076804 8.936601776780759e-09
37000.04800076804 6.760399810259269e-09
37050.04800076804 1.0825829055792703e-08
37100.04800076804 8.319393326711374e-09
37150.04800076804 8.77379272370624e-09
37200.04800076804 9.390149083286364e-09
37250.04800076804 7.70684328620062e-09
37300.04800076804 6.8232195756759664e-09
37350.04800076804 1.0728802679480446e-08
37400.04800076804 1.324708853174158e-08
37450.04800076804 6.356104419424483e-09
37500.04800076804 9.611259896370643e-09
37550.04800076804 1.600798171072358e-08
37600.04800076804 2.1752432253570037e-08
37650.04800076804 1.069841116823716e-08
37700.04800076804 1.5830238024268076e-08
37750.04800076804 9.63838775700914e-09
37800.04800076804 1.0571090869122749e-08
37850.04800076804 6.590498891442668e-09
37900.04800076804 9.363490713610056e-09
37950.04800076804 1.4262160330550459e-08
38000.04800076804 1.655000407542084e-08
38050.04800076804 2.0849055745493345e-08
38100.04800076804 2.1850489610908763e-08
38150.04800076804 2.2167176769175723e-08
38200.04800076804 2.2626602332341566e-08
38250.04800076804 2.259298361901793e-08
38300.04800076804 3.976072148897129e-08
38350.04800076804 3.2124157361326366e-08
38400.04800076804 1.5368243404134064e-08
38450.04800076804 1.1013872582373781e-08
38500.04800076804 5.476904213202965e-09
38550.04800076804 1.350704343404191e-08
38600.04800076804 1.6840531942973664e-08
38650.04800076804 2.361420900004492e-08
38700.04800076804 1.9735965581800575e-08
38750.04800076804 2.3628438424677212e-08
38800.04800076804 1.64610004050689e-08
38850.04800076804 2.781197788387921e-08
38900.04800076804 2.8485442508250508e-08
38950.04800076804 1.8735989949160252e-08
39000.04800076804 3.4263617109999e-08
39050.04800076804 2.127500610748519e-08
39100.04800076804 3.145683264266019e-08
39150.04800076804 2.9186293344082304e-08
39200.04800076804 2.1004534217314815e-08
39250.04800076804 3.3704329541694846e-08
39300.04800076804 2.8278113954958987e-08
39350.04800076804 5.18884374682026e-08
39400.04800076804 3.357582941026523e-08
39450.04800076804 3.678123193531234e-08
39500.04800076804 3.9449145438224236e-08
39550.04800076804 2.8965979576762683e-08
39600.04800076804 4.179582512624502e-08
39650.04800076804 5.630080961951156e-08
39700.04800076804 3.7278168235283107e-08
39750.04800076804 2.192370943554506e-08
39800.04800076804 2.997276523831172e-08
39850.04800076804 5.124407206358628e-08
39900.04800076804 5.709657479388992e-08
39950.04800076804 3.775506000408793e-08
40000.04800076804 5.961844620906741e-08
40050.04800076804 5.179476439510021e-08
40100.04800076804 2.3907378444062424e-08
40150.04800076804 5.679114065822915e-08
40200.04800076804 5.879061570415552e-08
40250.04800076804 6.218639256519554e-08
40300.04800076804 6.548660617432212e-08
40350.04800076804 3.6620303915725003e-08
40400.04800076804 6.236529085457385e-08
40450.04800076804 3.839902814010869e-08
40500.04800076804 7.241833196792708e-08
40550.04800076804 6.498333839432338e-08
40600.04800076804 5.838840546526458e-08
40650.04800076804 5.188830448415422e-08
40700.04800076804 9.975371568064944e-08
40750.04800076804 7.068163959583336e-08
40800.04800076804 4.198027721923178e-08
40850.04800076804 9.71011692460248e-08
40900.04800076804 8.112752709706378e-08
40950.04800076804 5.670756373090915e-08
41000.04800076804 7.253698603700979e-08
41050.04800076804 1.0229906749377354e-07
41100.04800076804 6.166416080370183e-08
41150.04800076804 3.70376846557134e-08
41200.04800076804 1.0471998427680254e-07
41250.04800076804 7.718322006805977e-08
41300.04800076804 7.506431547466768e-08
41350.04800076804 1.1011553356040485e-07
41400.04800076804 8.457860292901308e-08
41450.04800076804 1.0096940788599071e-07
41500.04800076804 6.680793457892261e-08
41550.04800076804 5.865315717585718e-08
41600.04800076804 8.558818877117287e-08
41650.04800076804 9.926960218161305e-08
41700.04800076804 9.297073159292143e-08
41750.04800076804 8.243833551966383e-08
41800.04800076804 1.137167558455957e-07
41850.04800076804 7.108054016580163e-08
41900.04800076804 6.694469678946147e-08
41950.04800076804 8.265112798687242e-08
42000.04800076804 9.798146010120667e-08
42050.04800076804 8.292186766551485e-08
42100.04800076804 1.094618715154625e-07
42150.04800076804 7.997831272830363e-08
42200.04800076804 9.072643316839741e-08
42250.04800076804 7.009607010161487e-08
42300.04800076804 6.476077698645735e-08
42350.04800076804 9.039074938987171e-08
42400.04800076804 9.173127860032301e-08
42450.04800076804 9.498795736432317e-08
42500.04800076804 8.725523105582541e-08
42550.04800076804 8.12278707252884e-08
42600.04800076804 8.241593717919565e-08
42650.04800076804 1.3067193058269647e-07
42700.04800076804 6.064232543967045e-08
42750.04800076804 7.923739256554205e-08
42800.04800076804 8.069199945772372e-08
42850.04800076804 1.019142985025301e-07
42900.04800076804 1.1138065435799739e-07
42950.04800076804 7.703244845790803e-08
43000.04800076804 1.0837226390641901e-07
43050.04800076804 4.5155600777072316e-08
43100.04800076804 7.281043148254158e-08
43150.04800076804 8.101047102719552e-08
43200.04800076804 1.0311592283841148e-07
43250.04800076804 1.3289401016529468e-07
43300.04800076804 1.3365956159296397e-07
43350.04800076804 7.135834301497768e-08
43400.04800076804 9.723702308883835e-08
43450.04800076804 6.156255096521271e-08
43500.04800076804 7.341705416603606e-08
43550.04800076804 7.530627117753178e-08
43600.04800076804 1.0658028836555907e-07
