galfind/configs/Brown_Dwarf_templates/sonora_cholla/logkzz7/100g/600K_100g_logkzz7_resample.dat
# %ECSV 1.0
# ---
# datatype:
# - {name: wav, unit: Angstrom, datatype: float64}
# - {name: flux_nu, unit: erg / (cm2 Hz s), datatype: float64}
# schema: astropy-2.0
wav flux_nu
[from data line 1210]
63500.04800076804 1.4368536768318753e-08
63550.04800076804 2.1591775920294273e-08
63600.04800076804 2.156858332075404e-08
63650.04800076804 1.1403834479520423e-08
63700.04800076804 3.2403203233258244e-09
63750.04800076804 9.850234821712003e-09
63800.04800076804 2.5453996015773325e-08
63850.04800076804 1.7622585965184794e-08
63900.04800076804 4.739615018596037e-09
63950.04800076804 1.3586179940224314e-08
64000.04800076804 1.753555343766223e-08
64050.04800076804 6.065908925597067e-09
64100.04800076804 1.2440434051150324e-09
64150.04800076804 1.988365506472045e-09
64200.04800076804 2.521119125412035e-09
64250.04800076804 8.899962117981078e-09
64300.04800076804 6.979881745063164e-09
64350.04800076804 4.577943103248544e-09
64400.04800076804 1.4045308190083828e-08
64450.04800076804 1.6297816620451236e-08
64500.04800076804 5.739145869983454e-09
64550.04800076804 1.340142348265819e-08
64600.04800076804 6.593317226684393e-09
64650.04800076804 1.1093641188824125e-08
64700.04800076804 3.391631762039756e-09
64750.04800076804 6.4350421842060355e-09
64800.04800076804 3.6887456563454307e-09
64850.04800076804 2.221907865925153e-09
64900.04800076804 2.17028170530224e-09
64950.04800076804 1.8486622420875387e-09
65000.04800076804 3.551559125675188e-09
65050.04800076804 7.267465799168199e-09
65100.04800076804 1.1429163585786645e-08
65150.04800076804 4.535395873427827e-09
65200.04800076804 1.7993788858999553e-09
65250.04800076804 7.495374098644521e-09
65300.04800076804 7.790918463918819e-09
65350.04800076804 2.2439710153259416e-08
65400.04800076804 7.705516103364765e-09
65450.04800076804 7.831401709720422e-09
65500.04800076804 9.67314923391988e-09
65550.04800076805 3.5166208298055253e-09
65600.04800076805 9.167259824375742e-09
65650.04800076805 5.1200650197762545e-09
65700.04800076805 4.699566690986679e-09
65750.04800076805 3.121543515649704e-09
65800.04800076805 7.842920694114935e-09
65850.04800076805 1.1311981099350013e-08
65900.04800076805 2.5689413518497637e-09
65950.04800076805 5.3468783126457725e-09
66000.04800076805 7.141884909757895e-09
66050.04800076805 1.7245019101604493e-08
66100.04800076805 8.584164381634412e-09
66150.04800076805 7.529936892156424e-09
66200.04800076805 7.247977729475973e-09
66250.04800076805 4.247078536754643e-09
66300.04800076805 1.4983520702438733e-09
66350.04800076805 1.160231651097825e-09
66400.04800076805 2.5552366229675847e-09
66450.04800076805 9.30880341201048e-09
66500.04800076805 1.4686862497593394e-08
66550.04800076805 1.5725166048399274e-08
66600.04800076805 1.1851993922974214e-08
66650.04800076805 7.734966919304915e-09
66700.04800076805 5.34827654149584e-09
66750.04800076805 5.699634673001289e-09
66800.04800076805 7.01970562075319e-09
66850.04800076805 4.285212160604401e-09
66900.04800076805 1.7798255170573728e-08
66950.04800076805 1.7143115802143983e-08
67000.04800076805 1.8154991283011823e-08
67050.04800076805 9.794419440822701e-09
67100.04800076805 4.9970161198616125e-09
67150.04800076805 6.311102673609253e-09
67200.04800076805 1.0642994647883351e-08
67250.04800076805 9.768118661384598e-09
67300.04800076805 1.758993647016809e-08
67350.04800076805 7.815269807344858e-09
67400.04800076805 2.027264929973549e-08
67450.04800076805 1.172789679799253e-08
67500.04800076805 1.0388796895893478e-08
67550.04800076805 2.285859726041758e-08
67600.04800076805 3.797507151925237e-08
67650.04800076805 2.7333406434228103e-08
67700.04800076805 1.3945576362644175e-08
67750.04800076805 8.097122551996615e-09
67800.04800076805 1.2956071553430104e-08
67850.04800076805 4.994911761965335e-09
67900.04800076805 6.361285572330884e-09
67950.04800076805 5.099466409949332e-09
68000.04800076805 1.2186639239294094e-08
68050.04800076805 1.7543865963317807e-08
68100.04800076805 2.7385971178980244e-08
68150.04800076805 2.144177113362074e-08
68200.04800076805 1.5315942843490703e-08
68250.04800076805 2.7598555578739693e-09
68300.04800076805 1.5510768455785403e-08
68350.04800076805 1.3235689894766282e-08
68400.04800076805 3.0407890160788e-08
68450.04800076805 2.3600036622814744e-08
68500.04800076805 1.3559292782610657e-08
68550.04800076805 4.978663927986716e-09
68600.04800076805 5.1388519397658564e-09
68650.04800076805 2.3425984873761887e-09
68700.04800076805 7.206917867845108e-09
68750.04800076805 1.3527522784686014e-08
68800.04800076805 1.6185494193593603e-08
68850.04800076805 5.663248492402578e-09
68900.04800076805 2.5321853341394084e-08
68950.04800076805 2.6201312122762226e-08
69000.04800076805 1.7012328880035322e-08
69050.04800076805 7.448344016620298e-09
69100.04800076805 2.220651583936847e-08
69150.04800076805 3.3462769694402926e-08
69200.04800076805 2.414272299778466e-08
69250.04800076805 3.4195593203878994e-08
69300.04800076805 1.78687868752819e-08
69350.04800076805 3.8186253580429314e-08
69400.04800076805 1.1691740336716477e-08
69450.04800076805 3.372357508528807e-08
69500.04800076805 1.4807748624083668e-08
69550.04800076805 1.1167591802460052e-08
69600.04800076805 2.621820805772229e-09
69650.04800076805 1.102290061000061e-08
69700.04800076805 2.235099603703756e-08
69750.04800076805 1.3630846666564136e-08
69800.04800076805 2.3797222733163564e-08
69850.04800076805 2.424613283078855e-08
69900.04800076805 1.4427400280070111e-08
69950.04800076805 1.4115658940156946e-08
70000.04800076805 1.5931710080485934e-08
70050.04800076805 3.330841069078155e-08
70100.04800076805 2.4120738191037373e-08
70150.04800076805 1.7516409096344248e-08
70200.04800076805 1.1329913437801438e-08
70250.04800076805 1.6333039881238765e-08
70300.04800076805 3.203354713221257e-08
70350.04800076805 2.2384771294825608e-08
70400.04800076805 1.0454769288498048e-08
70450.04800076805 1.5754337932688136e-09
70500.04800076805 8.654110347043958e-09
70550.04800076805 8.890965735476727e-09
70600.04800076805 8.72715346942325e-09
70650.04800076805 2.5584282782266925e-08
70700.04800076805 2.539718990802561e-08
70750.04800076805 3.869676959493959e-08
70800.04800076805 1.6487360456591684e-08
70850.04800076805 1.7210425477358053e-08
70900.04800076805 2.116847082438851e-08
70950.04800076805 3.0523734028014e-08
71000.04800076805 2.6293054976542094e-08
71050.04800076805 2.795946567977198e-08
71100.04800076805 1.9437979124846405e-08
71150.04800076805 1.3882668599729301e-08
71200.04800076805 1.2446493791093058e-08
71250.04800076805 2.150235613941363e-08
71300.04800076805 3.0070903251707775e-08
71350.04800076805 3.19691275464115e-08
71400.04800076805 2.3508583232845805e-08
71450.04800076805 8.66104745587174e-09
71500.04800076805 1.0017847010303572e-08
71550.04800076805 1.3811771184122844e-08
71600.04800076805 1.541955620694629e-08
71650.04800076805 9.972215269921517e-09
71700.04800076805 6.900190852271251e-09
71750.04800076805 1.6421750912618443e-08
71800.04800076805 2.6193061657332558e-08
71850.04800076805 2.4413599697251377e-08
71900.04800076805 1.1958782855797025e-08
71950.04800076805 1.8341972332650036e-08
72000.04800076805 1.6397127390262786e-08
72050.04800076805 7.679036197981827e-09
72100.04800076805 9.552819317741482e-09
72150.04800076805 9.86329015675366e-09
72200.04800076805 1.895073830016906e-08
72250.04800076805 2.594050706102697e-08
72300.04800076805 1.6152511710077565e-08
72350.04800076805 2.0287049446977275e-08
72400.04800076805 1.7130946170731513e-08
72450.04800076805 1.2490129989819244e-08
72500.04800076805 1.814773392394638e-08
72550.04800076805 6.424615653496662e-09
72600.04800076805 1.227234626105558e-08
72650.04800076805 2.3108585631975638e-08
72700.04800076805 1.3434628617917132e-08
72750.04800076805 1.3498542008170068e-08
72800.04800076805 7.776247686379615e-09
72850.04800076805 1.0981145143129724e-08
72900.04800076805 2.4288776930471167e-08
72950.04800076805 1.4798655956359106e-08
73000.04800076805 1.5386966461675347e-08
73050.04800076805 7.483308812086456e-09
73100.04800076805 1.0125018452160185e-08
73150.04800076805 2.5566899307234213e-08
73200.04800076805 8.830944568983067e-09
73250.04800076805 1.268017462539006e-08
73300.04800076805 9.192867694696372e-09
73350.04800076805 5.958627332000414e-09
73400.04800076805 1.2225590667027371e-08
73450.04800076805 6.460480950650713e-09
73500.04800076805 5.53813743176818e-09
73550.04800076805 1.050793474708491e-08
73600.04800076805 9.889219830713232e-09
73650.04800076805 1.1795475366410133e-08
73700.04800076805 1.1159705089873502e-08
73750.04800076805 3.5574870916603835e-09
73800.04800076805 9.778617284601525e-09
73850.04800076805 1.4393797529489462e-08
73900.04800076805 7.688739396806342e-09
73950.04800076805 8.179948104455692e-09
74000.04800076805 3.825852009790942e-09
74050.04800076805 1.73013235213869e-08
74100.04800076805 1.141018532781371e-08
74150.04800076805 1.1348809468436345e-08
74200.04800076805 6.060896312354785e-09
74250.04800076805 1.1001838678502578e-09
74300.04800076805 1.045829193617789e-08
74350.04800076805 1.661481597441607e-08
74400.04800076805 1.533853417673687e-08
74450.04800076805 5.536263219130897e-09
74500.04800076805 3.1392363652828592e-09
74550.04800076805 7.629206431294285e-09
74600.04800076805 9.27933305454743e-09
74650.04800076805 9.529825364669424e-09
74700.04800076805 6.1234992615072e-09
74750.04800076805 3.7084631873039464e-09
74800.04800076805 5.7617670986008504e-09
74850.04800076805 7.14130651907731e-09
74900.04800076805 1.5020282196733218e-08
74950.04800076805 1.442100238380024e-08
75000.04800076805 6.065804954891544e-09
75050.04800076805 1.3972111266793534e-09
75100.04800076805 1.3566680121367646e-08
75150.04800076805 1.6571565558708168e-08
75200.04800076805 1.765390242185e-08
75250.04800076805 1.7618221333413682e-08
75300.04800076805 1.306514909756558e-08
75350.04800076805 3.739298556569267e-09
75400.04800076805 1.881959353901365e-08
75450.04800076805 1.7012725844508895e-08
75500.04800076805 1.6599841905600073e-08
75550.04800076805 1.509848011789222e-08
75600.04800076805 1.929833744034535e-08
75650.04800076805 1.0380466467858889e-08
75700.04800076805 2.021932891387171e-08
75750.04800076805 9.227270692800542e-09
75800.04800076805 1.6222837149158088e-08
75850.04800076805 1.9401642458495932e-08
75900.04800076805 1.968464799675131e-08
75950.04800076805 8.69184561676964e-09
76000.04800076805 2.1811191087111245e-08
76050.04800076805 2.103884623485918e-08
76100.04800076805 1.8476901057549452e-08
76150.04800076805 2.074534882842735e-08
76200.04800076805 1.8463304013833827e-08
76250.04800076805 1.1187751626573095e-08
76300.04800076805 2.9977987586764476e-08
76350.04800076805 3.476300132881404e-08
76400.04800076805 2.7653904148005928e-08
76450.04800076805 2.100228720198873e-08
76500.04800076805 1.3455065125972682e-08
76550.04800076805 5.295303139992747e-09
76600.04800076805 1.0829988899187062e-09
76650.04800076805 1.195903860594507e-09
76700.04800076805 1.9880921029709322e-09
76750.04800076805 2.1925095670150607e-09
76800.04800076805 4.9457529543284425e-09
76850.04800076805 1.51359241241109e-09
76900.04800076805 1.4944328468112283e-09
76950.04800076805 5.175325306113046e-09
77000.04800076805 8.190724736639691e-09
77050.04800076805 1.8518189981447172e-09
77100.04800076805 1.894422038231242e-09
77150.04800076805 9.766802211811987e-09
77200.04800076805 5.51297468701341e-09
77250.04800076805 4.428175814313055e-09
77300.04800076805 8.62456225167466e-09
77350.04800076805 3.4920831290187457e-09
77400.04800076805 3.722714047035954e-09
77450.04800076805 1.0074157699142353e-08
77500.04800076805 7.634222326636292e-09
77550.04800076805 6.191007808890413e-09
77600.04800076805 3.1804273125001697e-09
77650.04800076805 4.557890797642862e-09
77700.04800076805 3.4274544868272393e-09
77750.04800076805 1.1493697081312175e-08
77800.04800076805 1.165776015110234e-08
77850.04800076805 2.2233472767141077e-08
77900.04800076805 1.0092377277070873e-08
77950.04800076805 2.1714703561843963e-09
78000.04800076805 6.518531168540816e-09
78050.04800076805 9.200356085978793e-09
78100.04800076805 9.522819313640877e-09
78150.04800076805 1.880893547688902e-08
78200.04800076805 1.8629039414997516e-08
78250.04800076805 1.6682633576067435e-08
78300.04800076805 7.755365910617781e-09
78350.04800076805 1.4595767840535583e-08
78400.04800076805 5.53657521521455e-09
78450.04800076805 1.411642311123073e-08
78500.04800076805 2.0124443534537914e-08
78550.04800076805 2.7733776589327895e-08
78600.04800076805 1.9116730893089204e-08
78650.04800076805 2.393604972193954e-09
78700.04800076805 5.472730566991577e-09
78750.04800076805 9.042829034942182e-09
78800.04800076805 1.01291492779765e-08
78850.04800076805 3.4462011408113096e-09
78900.04800076805 1.086275031505809e-08
78950.04800076805 1.6694494009290207e-08
79000.04800076805 1.31384321851782e-08
79050.04800076805 9.201603437732093e-09
79100.04800076805 1.1430019988157561e-08
79150.04800076805 1.0529318974203891e-08
79200.04800076805 1.3984598257173583e-08
79250.04800076805 7.052399612159876e-09
79300.04800076805 6.172426001799637e-09
79350.04800076805 1.0331404642796583e-08
79400.04800076805 6.186234178629457e-09
79450.04800076805 1.8707016787724844e-08
79500.04800076805 2.7930408936404496e-08
79550.04800076805 1.8750167049046556e-08
79600.04800076805 9.13395184319737e-09
79650.04800076805 1.605967790398582e-08
79700.04800076805 1.3891177842662767e-08
79750.04800076805 1.3682629808868965e-08
79800.04800076805 5.97310004434936e-09
79850.04800076805 1.548809103516709e-08
79900.04800076805 2.9282999250952458e-08
79950.04800076805 2.4017196613071064e-08
