galfind/configs/Brown_Dwarf_templates/sonora_cholla/logkzz7/100g/600K_100g_logkzz7_resample.dat
# %ECSV 1.0
# ---
# datatype:
# - {name: wav, unit: Angstrom, datatype: float64}
# - {name: flux_nu, unit: erg / (cm2 Hz s), datatype: float64}
# schema: astropy-2.0
wav flux_nu
[from data line 417]
23850.04800076804 9.361461149357203e-11
23900.04800076804 1.914185862607421e-10
23950.04800076804 1.513705938746488e-10
24000.04800076804 2.510677959631398e-10
24050.04800076804 3.232411041221549e-10
24100.04800076804 2.9168572276960357e-10
24150.04800076804 3.951984889743805e-10
24200.04800076804 3.1143052379120824e-10
24250.04800076804 2.107177932382501e-10
24300.04800076804 4.4666556449880544e-10
24350.04800076804 3.0310365622702154e-10
24400.04800076804 6.685496883950855e-10
24450.04800076804 6.528650146321218e-10
24500.04800076804 6.510369006465253e-10
24550.04800076804 9.551654086359938e-10
24600.04800076804 1.178491504131921e-09
24650.04800076804 1.3218968503775416e-09
24700.04800076804 9.842842876255697e-10
24750.04800076804 1.1368868065836343e-09
24800.04800076804 1.0456302539801947e-09
24850.04800076804 1.6298872439370945e-09
24900.04800076804 6.872688442264587e-10
24950.04800076804 1.2867164237663275e-09
25000.04800076804 1.379355464182418e-09
25050.04800076804 8.050159620525047e-10
25100.04800076804 1.1772268462265786e-09
25150.04800076804 5.44144347935966e-10
25200.04800076804 8.328924212611892e-10
25250.04800076804 3.37132538176174e-10
25300.04800076804 5.229036368513102e-10
25350.04800076804 2.0935790966782819e-10
25400.04800076804 5.694652732618199e-10
25450.04800076804 2.1869661384833827e-10
25500.04800076804 1.7114085247409822e-10
25550.04800076804 3.639898405673696e-10
25600.04800076804 1.0825377121124036e-10
25650.04800076804 9.483804968811941e-11
25700.04800076804 1.300269615714353e-10
25750.04800076804 4.737374120237026e-11
25800.04800076804 2.226925750622262e-10
25850.04800076804 3.971534270678943e-11
25900.04800076804 6.738076133683495e-11
25950.04800076804 1.960833395928802e-11
26000.04800076804 1.8714370242698812e-10
26050.04800076804 2.8798981728068697e-11
26100.04800076804 1.4949495057666991e-10
26150.04800076804 6.818716925283683e-11
26200.04800076804 7.707788730471393e-11
26250.04800076804 4.683952608195237e-10
26300.04800076804 1.1775628393694388e-10
26350.04800076804 6.102512675326408e-10
26400.04800076804 9.995713300162012e-10
26450.04800076804 7.043401665929715e-10
26500.04800076804 1.2244681691080682e-09
26550.04800076804 2.2276725813301127e-10
26600.04800076804 2.139181502953869e-10
26650.04800076804 4.5674570929151746e-11
26700.04800076804 1.8015011965019484e-11
26750.04800076804 3.6190936981206383e-11
26800.04800076804 7.899981573949687e-11
26850.04800076804 5.3152468179562346e-11
26900.04800076804 2.3738786371628403e-10
26950.04800076804 7.444594141300108e-11
27000.04800076804 3.632774969604024e-10
27050.04800076804 3.9127410176655654e-10
27100.04800076804 8.29582760389006e-11
27150.04800076804 5.221975147209174e-10
27200.04800076804 7.150932613709414e-11
27250.04800076804 2.1225399468388538e-10
27300.04800076804 1.5084690079193173e-09
27350.04800076804 5.24350585253919e-10
27400.04800076804 3.218599095045549e-11
27450.04800076804 7.432148539320521e-10
27500.04800076804 1.0041111956773292e-09
27550.04800076804 1.4838693125376194e-10
27600.04800076804 4.25971708643585e-10
27650.04800076804 1.169700253192764e-10
27700.04800076804 9.5036592494259e-11
27750.04800076804 5.635237682661369e-10
27800.04800076804 1.8882507891342952e-10
27850.04800076804 2.7496388569089644e-10
27900.04800076804 3.792881509446178e-10
27950.04800076804 8.975798248159963e-10
28000.04800076804 6.962888934983567e-10
28050.04800076804 1.296731361055823e-10
28100.04800076804 1.155576715008514e-09
28150.04800076804 6.788516531939785e-10
28200.04800076804 1.7021394851548844e-10
28250.04800076804 1.327441427039851e-09
28300.04800076804 2.0033956284478846e-09
28350.04800076804 2.6402322118186817e-10
28400.04800076804 1.0477897318235602e-09
28450.04800076804 2.1828152471365797e-09
28500.04800076804 1.014685188846108e-09
28550.04800076804 2.446120364132818e-10
28600.04800076804 1.6594093528184727e-09
28650.04800076804 1.7063179274080366e-09
28700.04800076804 1.4084614583877344e-09
28750.04800076804 3.003845822905767e-09
28800.04800076804 2.3719027324187427e-09
28850.04800076804 2.8567813415290602e-09
28900.04800076804 1.2841500630671026e-09
28950.04800076804 4.258049953874843e-09
29000.04800076804 2.4736314952084024e-09
29050.04800076804 2.7514554938144982e-09
29100.04800076804 2.1670774840082834e-09
29150.04800076804 4.7108710015396555e-09
29200.04800076804 3.0682930478753404e-09
29250.04800076804 4.35061293362174e-09
29300.04800076804 2.4418952941985036e-09
29350.04800076804 1.1800064046610384e-08
29400.04800076804 2.6279966850881266e-09
29450.04800076804 3.5175724607827222e-09
29500.04800076804 6.321876978608589e-09
29550.04800076804 3.5035356429402157e-09
29600.04800076804 6.073592718001763e-09
29650.04800076804 7.78957432706358e-09
29700.04800076804 2.780352984065045e-09
29750.04800076804 5.434469963143575e-09
29800.04800076804 5.772525651890239e-09
29850.04800076804 9.455187299776247e-09
29900.04800076804 9.561873172200947e-09
29950.04800076804 6.432419167561466e-09
30000.04800076804 1.9055584868694844e-09
30050.04800076804 3.2957265378779087e-09
30100.04800076804 5.970952524312614e-09
30150.04800076804 8.890391969754313e-09
30200.04800076804 5.1595686202519905e-09
30250.04800076804 1.3053881825254795e-08
30300.04800076804 1.1699872961251703e-08
30350.04800076804 6.227342049178713e-09
30400.04800076804 1.158309372601819e-08
30450.04800076804 8.32612061417106e-09
30500.04800076804 6.9024121920739366e-09
30550.04800076804 5.241533836920478e-09
30600.04800076804 1.2905230333634728e-08
30650.04800076804 8.619896891956728e-09
30700.04800076804 6.786597154214699e-09
30750.04800076804 8.719584253882248e-09
30800.04800076804 5.85416240339004e-09
30850.04800076804 7.87268456472518e-09
30900.04800076804 6.7694879703585685e-09
30950.04800076804 3.4125065893252404e-09
31000.04800076804 5.715212687151415e-09
31050.04800076804 4.827293291301689e-09
31100.04800076804 3.03382480455751e-09
31150.04800076804 4.2951202027941996e-09
31200.04800076804 6.13717016633638e-09
31250.04800076804 3.180652470425057e-09
31300.04800076804 2.6368003541983274e-09
31350.04800076804 3.66089465877696e-09
31400.04800076804 2.030551396813417e-09
31450.04800076804 3.1902372943118833e-09
31500.04800076804 1.466982695834869e-09
31550.04800076804 1.8469763889009011e-09
31600.04800076804 1.1853477085418708e-09
31650.04800076804 1.1580620011251187e-09
31700.04800076804 1.451891517399565e-09
31750.04800076804 5.126600657628293e-10
31800.04800076804 1.3892308032010283e-09
31850.04800076804 4.183120703531508e-10
31900.04800076804 8.439988287450788e-10
31950.04800076804 5.064623138433518e-10
32000.04800076804 4.977782721721839e-10
32050.04800076804 4.2883705179751303e-10
32100.04800076804 3.4076071530257135e-10
32150.04800076804 4.763060752922944e-10
32200.04800076804 2.575807086331167e-10
32250.04800076804 7.388027573906098e-10
32300.04800076804 2.0393754203348723e-10
32350.04800076804 7.671698370484477e-10
32400.04800076804 2.0878976188617048e-10
32450.04800076804 4.835786651296896e-10
32500.04800076804 2.755990677850832e-10
32550.04800076804 5.323586048442418e-10
32600.04800076804 3.023707928616858e-10
32650.04800076804 9.181473836483523e-10
32700.04800076804 4.529983232043489e-10
32750.04800076804 1.5451228317304504e-09
32800.04800076804 9.532619635265583e-10
32850.04800076804 2.296106318545342e-09
32900.04800076804 1.9423483856689118e-09
32950.04800076804 2.3730383524979343e-09
33000.04800076804 1.1421106975818633e-09
33050.04800076804 1.361019682416929e-09
33100.04800076804 4.31508205409367e-10
33150.04800076804 1.5575208648100082e-12
33200.04800076804 1.6827186296570657e-11
33250.04800076804 1.9710751549743456e-11
33300.04800076804 7.09843615345952e-11
33350.04800076804 2.5381350065702925e-10
33400.04800076804 6.220612907878165e-10
33450.04800076804 4.675940371758144e-10
33500.04800076804 1.4376284194321173e-09
33550.04800076804 6.729968711644053e-10
33600.04800076804 1.008296340118338e-09
33650.04800076804 8.484380644958995e-10
33700.04800076804 5.593659707097955e-10
33750.04800076804 1.3482438676354738e-09
33800.04800076804 2.997488239294483e-10
33850.04800076804 8.118522139479072e-10
33900.04800076804 9.038459968348761e-10
33950.04800076804 7.995501969541805e-10
34000.04800076804 1.437944598267724e-09
34050.04800076804 3.0025631063163616e-10
34100.04800076804 1.1656895067318963e-09
34150.04800076804 5.853307333342022e-10
34200.04800076804 1.1006881225992347e-09
34250.04800076804 8.001675397612434e-10
34300.04800076804 7.694541069222365e-10
34350.04800076804 1.5571761713787636e-09
34400.04800076804 6.451710536625577e-10
34450.04800076804 1.5567696096497489e-09
34500.04800076804 7.409793292403091e-10
34550.04800076804 5.984472958603637e-10
34600.04800076804 2.1362678806874807e-09
34650.04800076804 5.070939510994692e-10
34700.04800076804 1.051467174333671e-09
34750.04800076804 9.35592473810451e-10
34800.04800076804 8.201144591934686e-10
34850.04800076804 1.8615158504015136e-09
34900.04800076804 1.0283801830914594e-09
34950.04800076804 1.3017686357021365e-09
35000.04800076804 2.9536686457327702e-09
35050.04800076804 1.5464271927143877e-09
35100.04800076804 3.136449298135932e-09
35150.04800076804 2.6158150151788852e-09
35200.04800076804 2.9371371219894972e-09
35250.04800076804 3.558588024212253e-09
35300.04800076804 2.0449956093853287e-09
35350.04800076804 3.3350044330185726e-09
35400.04800076804 2.565960214232286e-09
35450.04800076804 1.9920777939903473e-09
35500.04800076804 6.775867921498924e-09
35550.04800076804 3.590127130115461e-09
35600.04800076804 4.5805691684501814e-09
35650.04800076804 4.799081007176057e-09
35700.04800076804 3.4308089264416155e-09
35750.04800076804 7.67474632111937e-09
35800.04800076804 4.588230080775466e-09
35850.04800076804 2.5231188104119824e-09
35900.04800076804 4.595062996583462e-09
35950.04800076804 4.542412566061229e-09
36000.04800076804 2.2777430284271753e-09
36050.04800076804 4.009557446741112e-09
36100.04800076804 3.542847225873448e-09
36150.04800076804 6.858689454193603e-09
36200.04800076804 5.8080269231199795e-09
36250.04800076804 6.023860882226984e-09
36300.04800076804 8.542328402854845e-09
36350.04800076804 5.9532704220445e-09
36400.04800076804 1.08692947690355e-08
36450.04800076804 8.115597091301649e-09
36500.04800076804 9.214391303896355e-09
36550.04800076804 1.3761096164530002e-08
36600.04800076804 1.4417504687676144e-08
36650.04800076804 1.2947471030340629e-08
36700.04800076804 1.4786026061848421e-08
36750.04800076804 1.6122752100514536e-08
36800.04800076804 1.501700837997949e-08
36850.04800076804 9.344582597158508e-09
36900.04800076804 1.4015068359967559e-08
36950.04800076804 1.5046306354914825e-08
37000.04800076804 1.2534977337362094e-08
37050.04800076804 1.787584787467814e-08
37100.04800076804 1.5490166387245178e-08
37150.04800076804 1.594856574269719e-08
37200.04800076804 1.6173306202319375e-08
37250.04800076804 1.3449568170708874e-08
37300.04800076804 1.2695828921196538e-08
37350.04800076804 1.8817654303600152e-08
37400.04800076804 2.2766406433311477e-08
37450.04800076804 1.2842322794544205e-08
37500.04800076804 1.6350852806471442e-08
37550.04800076804 2.6588743819000155e-08
37600.04800076804 3.4879011453960894e-08
37650.04800076804 1.8849673538205666e-08
37700.04800076804 2.6456748479401665e-08
37750.04800076804 1.6777701613228584e-08
37800.04800076804 1.886740107720895e-08
37850.04800076804 1.2492313706980132e-08
37900.04800076804 1.700513463180073e-08
37950.04800076804 2.4371630471918205e-08
38000.04800076804 2.8890568788714343e-08
38050.04800076804 3.276518245172989e-08
38100.04800076804 3.4651434246422236e-08
38150.04800076804 3.5319516743805154e-08
38200.04800076804 3.694469516864962e-08
38250.04800076804 3.5937599144538174e-08
38300.04800076804 5.91302518004365e-08
38350.04800076804 5.03734766662396e-08
38400.04800076804 2.6509062799823893e-08
38450.04800076804 2.102423131477881e-08
38500.04800076804 1.1132593632038957e-08
38550.04800076804 2.3666288039502183e-08
38600.04800076804 2.8435607337995972e-08
38650.04800076804 4.0083308479876836e-08
38700.04800076804 3.473781644794687e-08
38750.04800076804 3.8896353105195036e-08
38800.04800076804 2.7829641445631412e-08
38850.04800076804 4.5538160735168176e-08
38900.04800076804 4.6940342439387573e-08
38950.04800076804 3.183134158684856e-08
39000.04800076804 5.4685789475822915e-08
39050.04800076804 3.6748870867953455e-08
39100.04800076804 5.044797235763661e-08
39150.04800076804 4.5819900019551615e-08
39200.04800076804 3.515369893236444e-08
39250.04800076804 5.343087311702372e-08
39300.04800076804 4.7134633278946025e-08
39350.04800076804 7.787643418912061e-08
39400.04800076804 5.426452804503346e-08
39450.04800076804 5.8626483974058346e-08
39500.04800076804 6.071466046003337e-08
39550.04800076804 4.8840249869033367e-08
39600.04800076804 6.499145511488e-08
39650.04800076804 8.538061471757735e-08
39700.04800076804 5.8345206747305264e-08
39750.04800076804 3.648281061565592e-08
39800.04800076804 5.007148077869792e-08
39850.04800076804 7.733633016537641e-08
39900.04800076804 8.42274911502247e-08
39950.04800076804 6.170181525905298e-08
40000.04800076804 8.963472713957986e-08
40050.04800076804 7.864243602357436e-08
40100.04800076804 4.151223153276789e-08
40150.04800076804 8.744232280081154e-08
40200.04800076804 8.84612851604504e-08
40250.04800076804 9.175736446430173e-08
40300.04800076804 9.761594545249714e-08
40350.04800076804 5.936248889463745e-08
40400.04800076804 9.341328669762087e-08
40450.04800076804 6.291699068004115e-08
40500.04800076804 1.0445503458527481e-07
40550.04800076804 9.743107496909528e-08
40600.04800076804 8.832638783214556e-08
40650.04800076804 8.214406420841778e-08
40700.04800076804 1.4192332604276575e-07
40750.04800076804 1.058152418736349e-07
40800.04800076804 6.834187585076472e-08
40850.04800076804 1.3701253159063857e-07
40900.04800076804 1.1689523468517724e-07
40950.04800076804 8.602982694634428e-08
41000.04800076804 1.062668149094009e-07
41050.04800076804 1.430832191394199e-07
41100.04800076804 8.807780649328658e-08
41150.04800076804 6.033994694181756e-08
41200.04800076804 1.467539893259495e-07
41250.04800076804 1.1376024003674214e-07
41300.04800076804 1.0455611997976203e-07
41350.04800076804 1.534456549007534e-07
41400.04800076804 1.2149159832953476e-07
41450.04800076804 1.4156132076900184e-07
41500.04800076804 9.82907705508392e-08
41550.04800076804 8.791298905638614e-08
41600.04800076804 1.2408202539080276e-07
41650.04800076804 1.3714860018184044e-07
41700.04800076804 1.256931368640813e-07
41750.04800076804 1.1434192996037682e-07
41800.04800076804 1.559211599126187e-07
41850.04800076804 9.595820807075015e-08
41900.04800076804 9.748951782290794e-08
41950.04800076804 1.1594297798476571e-07
42000.04800076804 1.3747087846711692e-07
42050.04800076804 1.1595280786576756e-07
42100.04800076804 1.4887800642904102e-07
42150.04800076804 1.0803748119239557e-07
42200.04800076804 1.2247461232074765e-07
42250.04800076804 1.0021682333337702e-07
42300.04800076804 9.532882779266627e-08
42350.04800076804 1.2261053882236166e-07
42400.04800076804 1.191651326718054e-07
42450.04800076804 1.2155241896402136e-07
42500.04800076804 1.1414230558763728e-07
42550.04800076804 1.0642927655082813e-07
42600.04800076804 1.1240232247079133e-07
42650.04800076804 1.7089898267476314e-07
42700.04800076804 8.719573776189639e-08
42750.04800076804 1.0552776455347017e-07
42800.04800076804 1.029083902143782e-07
42850.04800076804 1.3232907620721354e-07
42900.04800076804 1.4301532053485166e-07
42950.04800076804 1.0050560661987242e-07
43000.04800076804 1.4206818841558353e-07
43050.04800076804 6.186386257010806e-08
43100.04800076804 9.762087695451633e-08
43150.04800076804 1.0994698178032014e-07
43200.04800076804 1.3311791063653126e-07
43250.04800076804 1.6738227792264568e-07
43300.04800076804 1.7411774516560542e-07
43350.04800076804 9.391869913497433e-08
43400.04800076804 1.2731648143269841e-07
43450.04800076804 8.221527516839821e-08
43500.04800076804 9.624006247878088e-08
43550.04800076804 9.809772938861455e-08
