galfind/configs/Brown_Dwarf_templates/sonora_cholla/logkzz7/100g/650K_100g_logkzz7_resample.dat
# %ECSV 1.0
# ---
# datatype:
# - {name: wav, unit: Angstrom, datatype: float64}
# - {name: flux_nu, unit: erg / (cm2 Hz s), datatype: float64}
# schema: astropy-2.0
wav flux_nu
3000.0480007680403 nan
3050.0480007680403 0.0
3100.0480007680403 0.0
3150.0480007680403 0.0
3200.0480007680403 0.0
3250.0480007680403 0.0
3300.0480007680403 0.0
3350.0480007680403 0.0
3400.0480007680403 0.0
3450.0480007680403 0.0
3500.0480007680403 0.0
3550.0480007680403 0.0
3600.0480007680403 0.0
3650.0480007680403 0.0
3700.0480007680403 0.0
3750.0480007680403 0.0
3800.0480007680403 0.0
3850.0480007680403 0.0
3900.0480007680403 0.0
3950.0480007680403 0.0
4000.0480007680403 0.0
4050.0480007680403 0.0
4100.04800076804 0.0
4150.04800076804 0.0
4200.04800076804 0.0
4250.04800076804 0.0
4300.04800076804 0.0
4350.04800076804 0.0
4400.04800076804 0.0
4450.04800076804 0.0
4500.04800076804 0.0
4550.04800076804 0.0
4600.04800076804 0.0
4650.04800076804 0.0
4700.04800076804 0.0
4750.04800076804 0.0
4800.04800076804 0.0
4850.04800076804 0.0
4900.04800076804 0.0
4950.04800076804 0.0
5000.04800076804 1.988445941741269e-12
5050.04800076804 5.221284150429195e-12
5100.04800076804 6.0354819021188485e-12
5150.04800076804 7.045699512384941e-12
5200.04800076804 8.212875760285685e-12
5250.04800076804 9.498946557658754e-12
5300.04800076804 1.0904573408619612e-11
5350.04800076804 1.244093887907701e-11
5400.04800076804 1.4045540838276754e-11
5450.04800076804 1.5806217790704056e-11
5500.04800076804 1.7659438833006458e-11
5550.04800076804 1.953954616803524e-11
5600.04800076804 2.1293564259035545e-11
5650.04800076804 2.2783735903230902e-11
5700.04800076804 2.3471172235816706e-11
5750.04800076804 2.3605648637660388e-11
5800.04800076804 2.2252899752525062e-11
5850.04800076804 1.8928423509133315e-11
5900.04800076804 7.040673113794261e-12
5950.04800076804 1.1915155510173998e-11
6000.04800076804 3.319820781761945e-11
6050.04800076804 5.436487453209586e-11
6100.04800076804 7.733463323659883e-11
6150.04800076804 1.007076947487349e-10
6200.04800076804 1.2426447758119924e-10
6250.04800076804 1.4775928145328674e-10
6300.04800076804 1.733506721965954e-10
6350.04800076804 2.0061297633429073e-10
6400.04800076804 2.2876015284647375e-10
6450.04800076804 2.494787433829802e-10
6500.04800076804 2.819224935937709e-10
6550.04800076804 3.214435871983582e-10
6600.04800076804 3.6481982661675096e-10
6650.04800076804 4.1526546498908723e-10
6700.04800076804 4.748633925117147e-10
6750.04800076804 5.373998400658567e-10
6800.04800076804 6.0340110614057e-10
6850.04800076804 6.751642574754849e-10
6900.04800076804 6.880991432485707e-10
6950.04800076804 6.866554074748946e-10
7000.04800076804 7.790323836763871e-10
7050.04800076804 8.106765639818166e-10
7100.04800076804 8.732112082596081e-10
7150.04800076804 7.559663062754966e-10
7200.04800076804 7.259567398538132e-10
7250.04800076804 8.390174266262218e-10
7300.04800076804 8.840818997346605e-10
7350.04800076804 1.015646341992473e-09
7400.04800076804 1.1493000627532552e-09
7450.04800076804 1.338587775383405e-09
7500.04800076804 1.4904349486638842e-09
7550.04800076804 1.6341408439548228e-09
7600.04800076804 1.7515020339807736e-09
7650.04800076804 1.8129515564482318e-09
7700.04800076804 1.1878398481281284e-09
7750.04800076804 5.647010084636931e-10
7800.04800076804 1.958925040068756e-09
7850.04800076804 2.3526379535139158e-09
7900.04800076804 2.6623537563615508e-09
7950.04800076804 2.9518581913321795e-09
8000.04800076804 3.1128064522731166e-09
8050.04800076804 3.254064001771436e-09
8100.04800076804 2.640689496015431e-09
8150.04800076804 2.438580474335757e-09
8200.04800076804 3.242969136004618e-09
8250.04800076804 3.203608162610633e-09
8300.04800076804 3.5323852393823615e-09
8350.04800076804 3.5585246348191005e-09
8400.04800076804 3.793679631250606e-09
8450.04800076804 4.4083866407605726e-09
8500.04800076804 4.9655818989665085e-09
8550.04800076804 5.597469908772865e-09
8600.04800076804 6.26958816980669e-09
8650.04800076804 6.785720738992277e-09
8700.04800076804 6.955849462364413e-09
8750.04800076804 7.401817014757098e-09
8800.04800076804 7.437070945078275e-09
8850.04800076804 6.315564160688096e-09
8900.04800076804 2.655003606798736e-09
8950.04800076804 2.546918198164132e-09
9000.04800076804 2.1778721160175836e-09
9050.04800076804 4.797485602482574e-09
9100.04800076804 5.193161718194615e-09
9150.04800076804 4.742910543020518e-09
9200.04800076804 6.154626402706028e-09
9250.04800076804 4.915647125224428e-09
9300.04800076804 5.897015375481071e-10
9350.04800076804 7.600067741934271e-10
9400.04800076804 1.704898681350409e-09
9450.04800076804 1.9309812061280276e-09
9500.04800076804 1.5835235976914558e-09
9550.04800076804 1.7856712087146098e-09
9600.04800076804 1.6242099503779683e-09
9650.04800076804 2.2529008603700612e-09
9700.04800076804 3.6789655167277604e-09
9750.04800076804 3.574509504036717e-09
9800.04800076804 4.342744416151968e-09
9850.04800076804 5.024788174417652e-09
9900.04800076804 6.75612428460806e-09
9950.04800076804 7.096886142780142e-09
10000.04800076804 9.219689010791551e-09
10050.04800076804 1.0154684475810565e-08
10100.04800076804 1.2635245803385759e-08
10150.04800076804 1.4724530790256878e-08
10200.04800076804 1.7158753440496598e-08
10250.04800076804 1.961910309908403e-08
10300.04800076804 2.2498893721960612e-08
10350.04800076804 2.5226025715231075e-08
10400.04800076804 2.968578816343058e-08
10450.04800076804 3.2377765869571027e-08
10500.04800076804 3.4714336490040506e-08
10550.04800076804 3.7257396354299464e-08
10600.04800076804 3.7442665899223394e-08
10650.04800076804 3.823994401332643e-08
10700.04800076804 3.68710309972705e-08
10750.04800076804 3.69166703840274e-08
10800.04800076804 3.432316084760534e-08
10850.04800076804 3.08120351356393e-08
10900.04800076804 2.1398688771690454e-08
10950.04800076804 9.933927253123406e-09
11000.04800076804 6.127414642996014e-09
11050.04800076804 3.5597159642228302e-09
11100.04800076804 2.114290605298892e-09
11150.04800076804 1.0062171844406589e-09
11200.04800076804 8.034045535147444e-10
11250.04800076804 1.0444913980435965e-09
11300.04800076804 1.3289218862313775e-09
11350.04800076804 4.562662614377115e-10
11400.04800076804 1.4885390227028698e-09
11450.04800076804 9.971337875224034e-10
11500.04800076804 8.713706070281411e-10
11550.04800076804 2.8090186296244034e-10
11600.04800076804 2.421950308751679e-10
11650.04800076804 6.111539389338252e-10
11700.04800076804 7.623831389951319e-10
11750.04800076804 2.1506249325639517e-10
11800.04800076804 1.1008512676589435e-09
11850.04800076804 1.9963721690629133e-09
11900.04800076804 2.433690810252913e-09
11950.04800076804 4.124583333368652e-09
12000.04800076804 6.5048278198359845e-09
12050.04800076804 9.818069762438193e-09
12100.04800076804 1.3942370211965972e-08
12150.04800076804 1.8589485804918642e-08
12200.04800076804 2.29672312950953e-08
12250.04800076804 2.9621024748792642e-08
12300.04800076804 3.7404582677902135e-08
12350.04800076804 3.9667362309372176e-08
12400.04800076804 5.105543248023111e-08
12450.04800076804 6.185758133325393e-08
12500.04800076804 6.812223234211956e-08
12550.04800076804 7.453197288833908e-08
12600.04800076804 7.5594410176341e-08
12650.04800076804 7.343983506784627e-08
12700.04800076804 7.200953779369791e-08
12750.04800076804 6.289359700824539e-08
12800.04800076804 5.7871257898946487e-08
12850.04800076804 4.31053117149612e-08
12900.04800076804 3.402273990678153e-08
12950.04800076804 2.958207390290904e-08
13000.04800076804 2.9787483401044325e-08
13050.04800076804 2.2058417566266078e-08
13100.04800076804 2.013942799514029e-08
13150.04800076804 1.4491095652957889e-08
13200.04800076804 1.3574131352169322e-08
13250.04800076804 9.259566851243393e-09
13300.04800076804 3.676385807457772e-09
13350.04800076804 1.0752638662903962e-09
13400.04800076804 4.696189413047258e-10
13450.04800076804 1.6282994316415892e-10
13500.04800076804 6.451761855078029e-11
13550.04800076804 3.234618315596767e-11
13600.04800076804 8.727118034585172e-12
13650.04800076804 5.824543025559597e-11
13700.04800076804 3.400469383527032e-11
13750.04800076804 6.74135043883438e-11
13800.04800076804 6.940937801887767e-11
13850.04800076804 3.864905292365244e-11
13900.04800076804 5.047355380559988e-11
13950.04800076804 4.3693798681737285e-11
14000.04800076804 4.6745026306959453e-11
14050.04800076804 7.832538100288831e-11
14100.04800076804 7.20030619301683e-11
14150.04800076804 1.368871021461826e-10
14200.04800076804 8.147628408278417e-11
14250.04800076804 1.1023478674234772e-10
14300.04800076804 3.0135785842635243e-10
14350.04800076804 2.603093620219658e-10
14400.04800076804 2.9634010665644e-10
14450.04800076804 4.2116319716380583e-10
14500.04800076804 9.827230099221438e-10
14550.04800076804 1.065590034912049e-09
14600.04800076804 1.715364948606735e-09
14650.04800076804 1.6918453343799852e-09
14700.04800076804 9.72448882614975e-10
14750.04800076804 1.5075296107582198e-09
14800.04800076804 1.9984513220434702e-09
14850.04800076804 1.9876008911079068e-09
14900.04800076804 2.479679254925433e-09
14950.04800076804 3.2271782961300557e-09
15000.04800076804 4.358305800598459e-09
15050.04800076804 4.650780455159283e-09
15100.04800076804 5.759319928660933e-09
15150.04800076804 5.724187020219382e-09
15200.04800076804 6.3128358833652265e-09
15250.04800076804 9.596548651660376e-09
15300.04800076804 1.1754038384286304e-08
15350.04800076804 1.53309284975283e-08
15400.04800076804 1.7518759788886397e-08
15450.04800076804 2.0256023383864413e-08
15500.04800076804 2.1943807424631486e-08
15550.04800076804 2.72566534226706e-08
15600.04800076804 2.8138101237138748e-08
15650.04800076804 2.984205901317501e-08
15700.04800076804 3.702888821113284e-08
15750.04800076804 4.103639395428051e-08
15800.04800076804 4.053929511158337e-08
15850.04800076804 4.3525406441766e-08
15900.04800076804 3.811786007364484e-08
15950.04800076804 3.611053179856799e-08
16000.04800076804 2.7768711544800398e-08
16050.04800076804 1.7871791768347146e-08
16100.04800076804 1.209877520161669e-08
16150.04800076804 6.850501908959348e-09
16200.04800076804 3.9149729774048886e-09
16250.04800076804 3.3132209131917053e-09
16300.04800076804 2.186379590682049e-09
16350.04800076804 2.626486723825869e-09
16400.04800076804 3.0977526207300717e-09
16450.04800076804 3.1912983936694534e-09
16500.04800076804 3.256838005667667e-09
16550.04800076804 3.0670519919299096e-09
16600.04800076804 3.832192560058705e-09
16650.04800076804 2.7481553205771222e-09
16700.04800076804 5.232902405743686e-10
16750.04800076804 1.5157596775078493e-09
16800.04800076804 2.572141395209682e-09
16850.04800076804 2.7244136760709007e-09
16900.04800076804 1.6465175079729007e-09
16950.04800076804 1.2461103279231786e-09
17000.04800076804 7.645306548498008e-10
17050.04800076804 1.2064473124046268e-09
17100.04800076804 1.8206729575269567e-09
17150.04800076804 1.0081341399004686e-09
17200.04800076804 2.867652028894248e-09
17250.04800076804 1.7389841420580923e-09
17300.04800076804 1.117136217528852e-09
17350.04800076804 1.3102580835567897e-09
17400.04800076804 1.7248521327848457e-09
17450.04800076804 2.2525067843192165e-09
17500.04800076804 2.968996519814176e-09
17550.04800076804 2.4312856223995973e-09
17600.04800076804 1.7460568667349889e-09
17650.04800076804 1.5578454774148696e-09
17700.04800076804 1.2305479362747375e-09
17750.04800076804 1.089807829607645e-09
17800.04800076804 1.8458262033320639e-09
17850.04800076804 1.0499535737677031e-09
17900.04800076804 9.612365180062618e-10
17950.04800076804 5.714387621787186e-10
18000.04800076804 8.59955528861202e-10
18050.04800076804 7.923665116138133e-10
18100.04800076804 6.959342274104631e-10
18150.04800076804 9.371306946673902e-10
18200.04800076804 4.798840693979336e-10
18250.04800076804 1.5981551725570423e-09
18300.04800076804 5.313904912298445e-10
18350.04800076804 4.0950350045837217e-10
18400.04800076804 2.9530852969729755e-10
18450.04800076804 9.251860548341338e-10
18500.04800076804 9.63146743811735e-10
18550.04800076804 6.029387270346684e-10
18600.04800076804 7.250519022917895e-10
18650.04800076804 4.5672636757066427e-10
18700.04800076804 2.2890414732979363e-10
18750.04800076804 4.370524286709567e-10
18800.04800076804 1.8836930057729115e-09
18850.04800076804 1.6780367628439362e-09
18900.04800076804 1.5023438206022163e-09
18950.04800076804 2.7497141278418444e-09
19000.04800076804 1.055856734166645e-09
19050.04800076804 6.549656380193032e-10
19100.04800076804 1.6544509153409858e-09
19150.04800076804 8.364176563801603e-10
19200.04800076804 1.5217266528481957e-09
19250.04800076804 1.1367010782765866e-09
19300.04800076804 7.533598861456543e-10
19350.04800076804 9.359484239109255e-10
19400.04800076804 6.001227656721615e-10
19450.04800076804 1.3182559099988057e-09
19500.04800076804 1.0986560802450683e-09
19550.04800076804 9.88215564086537e-10
19600.04800076804 1.5766021610254804e-09
19650.04800076804 1.7999618105680117e-09
19700.04800076804 1.8763669210488002e-09
19750.04800076804 2.4555107982209394e-09
19800.04800076804 2.8649762807555167e-09
19850.04800076804 3.6944455980269456e-09
19900.04800076804 3.342249635106914e-09
19950.04800076804 4.937623576193675e-09
20000.04800076804 4.896385567533856e-09
20050.04800076804 4.865357739179294e-09
20100.04800076804 6.130168501966878e-09
20150.04800076804 4.8941883142815424e-09
20200.04800076804 5.490981395516437e-09
20250.04800076804 7.0669208800516355e-09
20300.04800076804 6.6996841309077655e-09
20350.04800076804 7.726049636189458e-09
20400.04800076804 6.940671239727553e-09
20450.04800076804 8.98886471147955e-09
20500.04800076804 9.083596429235707e-09
20550.04800076804 9.100671340016623e-09
20600.04800076804 9.819400649496252e-09
20650.04800076804 9.598629014719531e-09
20700.04800076804 9.442864368154247e-09
20750.04800076804 1.0187410344256475e-08
20800.04800076804 9.515710351157945e-09
20850.04800076804 9.86247612377328e-09
20900.04800076804 9.979548225845385e-09
20950.04800076804 9.280693835239987e-09
21000.04800076804 9.357479536289014e-09
21050.04800076804 8.86972065198997e-09
21100.04800076804 8.541340224581317e-09
21150.04800076804 8.446643445946257e-09
21200.04800076804 7.947325419863976e-09
21250.04800076804 7.628774377944772e-09
21300.04800076804 6.674202885086988e-09
21350.04800076804 6.678916956793668e-09
21400.04800076804 6.276519992928453e-09
21450.04800076804 5.361148614143997e-09
21500.04800076804 5.553750194605235e-09
21550.04800076804 5.1461507152366035e-09
21600.04800076804 4.5838695529297435e-09
21650.04800076804 3.905559178764797e-09
21700.04800076804 4.1248964924558645e-09
21750.04800076804 4.222664204134585e-09
21800.04800076804 3.6260162387227707e-09
21850.04800076804 3.1760475247346943e-09
21900.04800076804 2.6726008644387556e-09
21950.04800076804 9.968910302024079e-10
22000.04800076804 2.795548830173317e-10
22050.04800076804 3.541168276785656e-10
22100.04800076804 9.584066539628556e-10
22150.04800076804 1.0298383008350054e-09
22200.04800076804 8.677957861525651e-10
22250.04800076804 8.611782193300173e-10
22300.04800076804 5.137945352028902e-10
22350.04800076804 6.050933002897089e-10
22400.04800076804 3.289569230072637e-10
22450.04800076804 3.385341773563276e-10
22500.04800076804 3.529250648102398e-10
22550.04800076804 1.6497915287909148e-10
22600.04800076804 2.4610864727744505e-10
22650.04800076804 4.0158971646797725e-10
22700.04800076804 2.1915144826277028e-10
22750.04800076804 2.3951426904885865e-10
22800.04800076804 2.6471807806510845e-10
22850.04800076804 2.333562992202978e-10
22900.04800076804 1.2899955279639473e-10
22950.04800076804 1.1042938166884194e-10
23000.04800076804 1.8331553556205052e-10
23050.04800076804 1.86529785728845e-10
23100.04800076804 6.120206834538043e-10
23150.04800076804 6.339736602427493e-10
23200.04800076804 7.241488631427156e-11
23250.04800076804 1.045278087301948e-10
23300.04800076804 1.6206517531213518e-10
23350.04800076804 1.0329211090209433e-10
23400.04800076804 2.1327372120060955e-10
23450.04800076804 1.3374886760583494e-10
23500.04800076804 1.2735953639228428e-10
23550.04800076804 2.2599383550047158e-10
23600.04800076804 2.786527515338228e-10
23650.04800076804 3.944588570599961e-10
23700.04800076804 1.1413873329739706e-10
23750.04800076804 9.245272127729781e-11
23800.04800076804 2.9993000304634093e-10
