galfind/configs/Brown_Dwarf_templates/sonora_cholla/logkzz7/100g/650K_100g_logkzz7_resample.dat
# %ECSV 1.0
# ---
# datatype:
# - {name: wav, unit: Angstrom, datatype: float64}
# - {name: flux_nu, unit: erg / (cm2 Hz s), datatype: float64}
# schema: astropy-2.0
wav flux_nu
[from data line 1210]
63500.04800076804 2.3802018787070267e-08
63550.04800076804 3.305840001079219e-08
63600.04800076804 3.388170487245814e-08
63650.04800076804 1.84698505227973e-08
63700.04800076804 6.2650105659284184e-09
63750.04800076804 1.6545558243580874e-08
63800.04800076804 3.876589356878517e-08
63850.04800076804 2.7605926844283116e-08
63900.04800076804 8.85617552732608e-09
63950.04800076804 2.2544186657104953e-08
64000.04800076804 2.8069742053888414e-08
64050.04800076804 1.0741899507159571e-08
64100.04800076804 2.4894391598202123e-09
64150.04800076804 3.988036653487849e-09
64200.04800076804 4.918802479269878e-09
64250.04800076804 1.4908325456610843e-08
64300.04800076804 1.1353112619568978e-08
64350.04800076804 7.81138862523303e-09
64400.04800076804 2.225343908386791e-08
64450.04800076804 2.5468428244307537e-08
64500.04800076804 9.162380259907897e-09
64550.04800076804 2.0288600420053805e-08
64600.04800076804 9.502150717241051e-09
64650.04800076804 1.7399163763268057e-08
64700.04800076804 5.776500289978335e-09
64750.04800076804 1.0504057141913499e-08
64800.04800076804 6.7866438060086834e-09
64850.04800076804 4.317512456582313e-09
64900.04800076804 4.337707571146947e-09
64950.04800076804 3.894020653868792e-09
65000.04800076804 6.69348173873545e-09
65050.04800076804 1.1845154171820771e-08
65100.04800076804 1.8306685200793566e-08
65150.04800076804 7.455506162087355e-09
65200.04800076804 3.5939957164789438e-09
65250.04800076804 1.294071462025137e-08
65300.04800076804 1.2018645240260759e-08
65350.04800076804 3.3834790724446214e-08
65400.04800076804 1.2224448924008446e-08
65450.04800076804 1.2521304016008811e-08
65500.04800076804 1.5566584856642618e-08
65550.04800076805 6.1989724593861666e-09
65600.04800076805 1.4577710160966955e-08
65650.04800076805 9.105711656223128e-09
65700.04800076805 8.36602536107461e-09
65750.04800076805 5.584669352798011e-09
65800.04800076805 1.2669800953654594e-08
65850.04800076805 1.791421032586373e-08
65900.04800076805 4.788970235112183e-09
65950.04800076805 8.413234998615425e-09
66000.04800076805 1.1394817153710705e-08
66050.04800076805 2.669718958478736e-08
66100.04800076805 1.3432893554768074e-08
66150.04800076805 1.1337130956620865e-08
66200.04800076805 1.0978070755427828e-08
66250.04800076805 7.139672995306592e-09
66300.04800076805 2.688537316806682e-09
66350.04800076805 2.4457301189975697e-09
66400.04800076805 4.971247186459094e-09
66450.04800076805 1.556039269559133e-08
66500.04800076805 2.3473770613698758e-08
66550.04800076805 2.4568403746826718e-08
66600.04800076805 1.8474536139041612e-08
66650.04800076805 1.2881275439806472e-08
66700.04800076805 9.418082601720817e-09
66750.04800076805 9.466856305699195e-09
66800.04800076805 1.2020172773469947e-08
66850.04800076805 7.346662158433212e-09
66900.04800076805 2.6911134029801152e-08
66950.04800076805 2.6514115710369937e-08
67000.04800076805 2.7669952553996658e-08
67050.04800076805 1.5264435800918118e-08
67100.04800076805 8.409577789438942e-09
67150.04800076805 9.89249021104749e-09
67200.04800076805 1.6495668803560517e-08
67250.04800076805 1.5300183912693833e-08
67300.04800076805 2.499513667079163e-08
67350.04800076805 1.1601849192527385e-08
67400.04800076805 2.9833407352329185e-08
67450.04800076805 1.8216164743724834e-08
67500.04800076805 1.5963741135749947e-08
67550.04800076805 3.1380921869033086e-08
67600.04800076805 5.304286016773701e-08
67650.04800076805 3.836403287689706e-08
67700.04800076805 2.0745119946974685e-08
67750.04800076805 1.3037911778605992e-08
67800.04800076805 2.0574314078295544e-08
67850.04800076805 8.33921009711799e-09
67900.04800076805 1.0727340027664073e-08
67950.04800076805 8.352159468593465e-09
68000.04800076805 1.8513494557617423e-08
68050.04800076805 2.6514607362110443e-08
68100.04800076805 3.887331596851245e-08
68150.04800076805 3.027934840460963e-08
68200.04800076805 2.3643816029373767e-08
68250.04800076805 4.820462314300355e-09
68300.04800076805 2.324287056639512e-08
68350.04800076805 1.686221723306901e-08
68400.04800076805 4.261859054152898e-08
68450.04800076805 3.368179757041371e-08
68500.04800076805 2.093570339137127e-08
68550.04800076805 8.424968271637968e-09
68600.04800076805 8.84205439886452e-09
68650.04800076805 4.218544479203494e-09
68700.04800076805 1.1691591954512536e-08
68750.04800076805 1.998269738373588e-08
68800.04800076805 2.440467651155517e-08
68850.04800076805 8.704059229927099e-09
68900.04800076805 3.6521031341580766e-08
68950.04800076805 3.692321733952081e-08
69000.04800076805 2.5668830642513634e-08
69050.04800076805 1.1904038151559743e-08
69100.04800076805 3.314208765166808e-08
69150.04800076805 4.7674647797293146e-08
69200.04800076805 3.2387150064661515e-08
69250.04800076805 4.820392087736043e-08
69300.04800076805 2.623652870530134e-08
69350.04800076805 5.12184796948792e-08
69400.04800076805 1.5989379467381372e-08
69450.04800076805 4.632086832721287e-08
69500.04800076805 2.087151588906044e-08
69550.04800076805 1.7334017805381383e-08
69600.04800076805 4.444298642095641e-09
69650.04800076805 1.6601683277577038e-08
69700.04800076805 3.280006344012986e-08
69750.04800076805 2.0309611741328728e-08
69800.04800076805 3.349085857015867e-08
69850.04800076805 3.424971670264015e-08
69900.04800076805 2.126417129043191e-08
69950.04800076805 2.1104249106139473e-08
70000.04800076805 2.270249746753243e-08
70050.04800076805 4.6320046121696686e-08
70100.04800076805 3.264688958746771e-08
70150.04800076805 2.5891777839964285e-08
70200.04800076805 1.674028726836057e-08
70250.04800076805 2.4396571129831545e-08
70300.04800076805 4.4648017325626834e-08
70350.04800076805 3.0951831292314723e-08
70400.04800076805 1.5746653494188757e-08
70450.04800076805 2.9886959892879554e-09
70500.04800076805 1.305991356811506e-08
70550.04800076805 1.3351072553488724e-08
70600.04800076805 1.2834678129221646e-08
70650.04800076805 3.551620794379053e-08
70700.04800076805 3.4462622280041534e-08
70750.04800076805 5.0187000202798155e-08
70800.04800076805 2.304696882893133e-08
70850.04800076805 2.3403713403278097e-08
70900.04800076805 2.750728263923696e-08
70950.04800076805 4.0580618478278446e-08
71000.04800076805 3.508313916472144e-08
71050.04800076805 3.7124088557398604e-08
71100.04800076805 2.6274442684658852e-08
71150.04800076805 2.0468769908451755e-08
71200.04800076805 1.8061519854306957e-08
71250.04800076805 2.852896717661684e-08
71300.04800076805 3.971120409149463e-08
71350.04800076805 4.238712563991793e-08
71400.04800076805 3.27082133260476e-08
71450.04800076805 1.3064611765129412e-08
71500.04800076805 1.4829069830942625e-08
71550.04800076805 1.974162033782292e-08
71600.04800076805 2.205738825119314e-08
71650.04800076805 1.5294628524828397e-08
71700.04800076805 1.082885071714099e-08
71750.04800076805 2.2598863459710895e-08
71800.04800076805 3.583028814805334e-08
71850.04800076805 3.3403486309615617e-08
71900.04800076805 1.7165222838350816e-08
71950.04800076805 2.460647869262908e-08
72000.04800076805 2.2701563466666774e-08
72050.04800076805 1.155972176764304e-08
72100.04800076805 1.40194355011981e-08
72150.04800076805 1.3443666500220673e-08
72200.04800076805 2.582786760785519e-08
72250.04800076805 3.3595243690351644e-08
72300.04800076805 2.25309966544784e-08
72350.04800076805 2.7416046565921122e-08
72400.04800076805 2.2720992575528867e-08
72450.04800076805 1.7184971472416283e-08
72500.04800076805 2.437412865419326e-08
72550.04800076805 9.231086129320061e-09
72600.04800076805 1.6695263545054617e-08
72650.04800076805 3.062375696157031e-08
72700.04800076805 1.9940672977362652e-08
72750.04800076805 1.9516171026557877e-08
72800.04800076805 1.2011683890376052e-08
72850.04800076805 1.565482332964773e-08
72900.04800076805 3.235539467911253e-08
72950.04800076805 2.1308800003147093e-08
73000.04800076805 2.1693458562607977e-08
73050.04800076805 1.161260020691126e-08
73100.04800076805 1.4564284758198294e-08
73150.04800076805 3.5516899972236266e-08
73200.04800076805 1.2823601212482322e-08
73250.04800076805 1.8812622850303378e-08
73300.04800076805 1.4271532744220123e-08
73350.04800076805 9.408662145863012e-09
73400.04800076805 1.7857875780340107e-08
73450.04800076805 9.844754347759954e-09
73500.04800076805 8.516145030679889e-09
73550.04800076805 1.6246633875251994e-08
73600.04800076805 1.3976911836811124e-08
73650.04800076805 1.7487086509947544e-08
73700.04800076805 1.7198825824292767e-08
73750.04800076805 6.253996538950302e-09
73800.04800076805 1.4752849017763315e-08
73850.04800076805 2.058003212495074e-08
73900.04800076805 1.2829214397149707e-08
73950.04800076805 1.2922280043068945e-08
74000.04800076805 6.940961674973623e-09
74050.04800076805 2.6063617563293657e-08
74100.04800076805 1.6778249757254605e-08
74150.04800076805 1.6708805697212445e-08
74200.04800076805 1.0354968855942068e-08
74250.04800076805 2.270067288521759e-09
74300.04800076805 1.545353193804722e-08
74350.04800076805 2.4213258984791434e-08
74400.04800076805 2.266021151384087e-08
74450.04800076805 8.839661594887757e-09
74500.04800076805 5.7494613532402606e-09
74550.04800076805 1.2436834068751743e-08
74600.04800076805 1.3788781639013656e-08
74650.04800076805 1.3966363203654437e-08
74700.04800076805 9.058713787061004e-09
74750.04800076805 6.504890240508165e-09
74800.04800076805 9.778449204630345e-09
74850.04800076805 1.009357277349186e-08
74900.04800076805 2.1864405525142067e-08
74950.04800076805 2.1872971508493893e-08
75000.04800076805 9.95852445680578e-09
75050.04800076805 3.2868870754476593e-09
75100.04800076805 2.1076159286905773e-08
75150.04800076805 2.331538224469054e-08
75200.04800076805 2.5152914264745954e-08
75250.04800076805 2.615499491405358e-08
75300.04800076805 2.0862145301419915e-08
75350.04800076805 7.086761618457933e-09
75400.04800076805 2.782806160965783e-08
75450.04800076805 2.3955686584168e-08
75500.04800076805 2.2613195365787434e-08
75550.04800076805 2.249961464708648e-08
75600.04800076805 2.950210566743413e-08
75650.04800076805 1.6279243902316393e-08
75700.04800076805 2.7114141697745126e-08
75750.04800076805 1.2953178638118838e-08
75800.04800076805 2.295538102356422e-08
75850.04800076805 2.8215179711227783e-08
75900.04800076805 2.7206623193817952e-08
75950.04800076805 1.2987110180980584e-08
76000.04800076805 2.8929566935520215e-08
76050.04800076805 2.8432388078372558e-08
76100.04800076805 2.5686177132852803e-08
76150.04800076805 2.8602899159204047e-08
76200.04800076805 2.6555192311813293e-08
76250.04800076805 1.85878232979751e-08
76300.04800076805 4.19962254784275e-08
76350.04800076805 4.8708070892596654e-08
76400.04800076805 3.884694659475446e-08
76450.04800076805 3.124286599144158e-08
76500.04800076805 2.0781990599596168e-08
76550.04800076805 9.518512419025762e-09
76600.04800076805 2.2411470999420653e-09
76650.04800076805 2.6158338690229596e-09
76700.04800076805 3.959542789622205e-09
76750.04800076805 4.0299786629465555e-09
76800.04800076805 8.696356447503667e-09
76850.04800076805 2.5865039402710728e-09
76900.04800076805 2.6673294022131668e-09
76950.04800076805 8.323041016731621e-09
77000.04800076805 1.164768620399895e-08
77050.04800076805 3.6479560126635845e-09
77100.04800076805 4.152152896250741e-09
77150.04800076805 1.4053289505786062e-08
77200.04800076805 8.790507076663166e-09
77250.04800076805 8.238259157742685e-09
77300.04800076805 1.2771290719231354e-08
77350.04800076805 5.26262837577544e-09
77400.04800076805 5.851422649342866e-09
77450.04800076805 1.2757687981688821e-08
77500.04800076805 1.0655785053357496e-08
77550.04800076805 9.734064646120372e-09
77600.04800076805 5.7790871929114225e-09
77650.04800076805 7.7652080425312e-09
77700.04800076805 5.575153892591771e-09
77750.04800076805 1.6474584684241685e-08
77800.04800076805 1.5956862040042478e-08
77850.04800076805 3.020227720669899e-08
77900.04800076805 1.5586255158374485e-08
77950.04800076805 4.305269669949667e-09
78000.04800076805 1.0476409087172653e-08
78050.04800076805 1.378982819582572e-08
78100.04800076805 1.3341035131197444e-08
78150.04800076805 2.5816179844110705e-08
78200.04800076805 2.4442679846247995e-08
78250.04800076805 2.374103249752896e-08
78300.04800076805 1.3680894792554405e-08
78350.04800076805 2.1366999459340036e-08
78400.04800076805 9.171210049124416e-09
78450.04800076805 2.191996255958031e-08
78500.04800076805 2.7983107621711133e-08
78550.04800076805 3.6452589455790315e-08
78600.04800076805 2.6194540264936424e-08
78650.04800076805 4.337641307690433e-09
78700.04800076805 9.483524242411133e-09
78750.04800076805 1.3396380433095214e-08
78800.04800076805 1.6619368596127752e-08
78850.04800076805 6.178809838966074e-09
78900.04800076805 1.6177982024095178e-08
78950.04800076805 2.2896520698828124e-08
79000.04800076805 1.9022685740943e-08
79050.04800076805 1.4177654970301272e-08
79100.04800076805 1.67087339474822e-08
79150.04800076805 1.6399741731317356e-08
79200.04800076805 2.1246349290696876e-08
79250.04800076805 1.1916364682653506e-08
79300.04800076805 9.548513333078477e-09
79350.04800076805 1.5826695033122713e-08
79400.04800076805 1.025828998114795e-08
79450.04800076805 2.6291250670555887e-08
79500.04800076805 3.9117095168597414e-08
79550.04800076805 2.6589432763431285e-08
79600.04800076805 1.3309256123630895e-08
79650.04800076805 2.2290166611715928e-08
79700.04800076805 2.0838317164580314e-08
79750.04800076805 2.099600719829363e-08
79800.04800076805 9.605074469711476e-09
79850.04800076805 2.1414653089855438e-08
79900.04800076805 4.0874187773113496e-08
79950.04800076805 3.110681701278973e-08
