galfind/configs/Brown_Dwarf_templates/sonora_cholla/logkzz7/100g/750K_100g_logkzz7_resample.dat
# %ECSV 1.0
# ---
# datatype:
# - {name: wav, unit: Angstrom, datatype: float64}
# - {name: flux_nu, unit: erg / (cm2 Hz s), datatype: float64}
# schema: astropy-2.0
wav flux_nu
3000.0480007680403 nan
3050.0480007680403 0.0
3100.0480007680403 0.0
3150.0480007680403 0.0
3200.0480007680403 0.0
3250.0480007680403 0.0
3300.0480007680403 0.0
3350.0480007680403 0.0
3400.0480007680403 0.0
3450.0480007680403 0.0
3500.0480007680403 0.0
3550.0480007680403 0.0
3600.0480007680403 0.0
3650.0480007680403 0.0
3700.0480007680403 0.0
3750.0480007680403 0.0
3800.0480007680403 0.0
3850.0480007680403 0.0
3900.0480007680403 0.0
3950.0480007680403 0.0
4000.0480007680403 0.0
4050.0480007680403 0.0
4100.04800076804 0.0
4150.04800076804 0.0
4200.04800076804 0.0
4250.04800076804 0.0
4300.04800076804 0.0
4350.04800076804 0.0
4400.04800076804 0.0
4450.04800076804 0.0
4500.04800076804 0.0
4550.04800076804 0.0
4600.04800076804 0.0
4650.04800076804 0.0
4700.04800076804 0.0
4750.04800076804 0.0
4800.04800076804 0.0
4850.04800076804 0.0
4900.04800076804 0.0
4950.04800076804 0.0
5000.04800076804 2.65355637208748e-12
5050.04800076804 6.605430121730893e-12
5100.04800076804 7.093985043416538e-12
5150.04800076804 7.761359699886729e-12
5200.04800076804 8.58755594426732e-12
5250.04800076804 9.495921285919815e-12
5300.04800076804 1.0494318911354215e-11
5350.04800076804 1.1652464308761897e-11
5400.04800076804 1.2966793139737564e-11
5450.04800076804 1.454079752383642e-11
5500.04800076804 1.636185389421043e-11
5550.04800076804 1.843764293345301e-11
5600.04800076804 2.0740252349686327e-11
5650.04800076804 2.323980626430037e-11
5700.04800076804 2.5717092230030793e-11
5750.04800076804 2.8368418440970885e-11
5800.04800076804 3.040541612865545e-11
5850.04800076804 3.042671368433095e-11
5900.04800076804 1.3751766708867956e-11
5950.04800076804 2.221869035436192e-11
6000.04800076804 4.8322587769235675e-11
6050.04800076804 6.303329931403912e-11
6100.04800076804 7.750702991291064e-11
6150.04800076804 9.32962358269812e-11
6200.04800076804 1.1154624365479657e-10
6250.04800076804 1.3274075557781309e-10
6300.04800076804 1.5910766635743386e-10
6350.04800076804 1.911055061395045e-10
6400.04800076804 2.2691029317240104e-10
6450.04800076804 2.5735153082017707e-10
6500.04800076804 3.024319410896339e-10
6550.04800076804 3.5872845494761647e-10
6600.04800076804 4.201223299846231e-10
6650.04800076804 4.890811528973769e-10
6700.04800076804 5.713634847772397e-10
6750.04800076804 6.550877038090094e-10
6800.04800076804 7.416051198387675e-10
6850.04800076804 8.32917410512001e-10
6900.04800076804 8.444856937629096e-10
6950.04800076804 8.320395990269787e-10
7000.04800076804 9.283117856573427e-10
7050.04800076804 9.48132112885935e-10
7100.04800076804 1.0061368765690084e-09
7150.04800076804 8.934115244499381e-10
7200.04800076804 8.690458781644038e-10
7250.04800076804 9.838582679709066e-10
7300.04800076804 1.033999865228383e-09
7350.04800076804 1.142640557781182e-09
7400.04800076804 1.2461552309194863e-09
7450.04800076804 1.390687623561065e-09
7500.04800076804 1.4907071031676991e-09
7550.04800076804 1.584763887812512e-09
7600.04800076804 1.6621515671578637e-09
7650.04800076804 1.7113365195112723e-09
7700.04800076804 1.3107207715300921e-09
7750.04800076804 8.831545893703655e-10
7800.04800076804 1.9361539728687024e-09
7850.04800076804 2.2560572046767097e-09
7900.04800076804 2.621912314690909e-09
7950.04800076804 3.004932890884697e-09
8000.04800076804 3.295475976946335e-09
8050.04800076804 3.5538263356731813e-09
8100.04800076804 3.115122758940352e-09
8150.04800076804 3.0684005946396083e-09
8200.04800076804 3.903076337212849e-09
8250.04800076804 3.97714932917862e-09
8300.04800076804 4.396494429105316e-09
8350.04800076804 4.588084314797315e-09
8400.04800076804 4.952394391037136e-09
8450.04800076804 5.648654850013306e-09
8500.04800076804 6.325438297561385e-09
8550.04800076804 7.070590639627987e-09
8600.04800076804 7.862626571932694e-09
8650.04800076804 8.538246328859408e-09
8700.04800076804 8.914547128875896e-09
8750.04800076804 9.534500304919038e-09
8800.04800076804 9.823041740511566e-09
8850.04800076804 9.17075725629656e-09
8900.04800076804 5.657010077321918e-09
8950.04800076804 5.462525240940233e-09
9000.04800076804 5.108946032684701e-09
9050.04800076804 8.57475998119525e-09
9100.04800076804 9.004636420054149e-09
9150.04800076804 8.343814952787943e-09
9200.04800076804 9.937570573985168e-09
9250.04800076804 8.595398883640093e-09
9300.04800076804 2.0487652433957055e-09
9350.04800076804 2.4676125731684727e-09
9400.04800076804 4.391849607256313e-09
9450.04800076804 4.9805289157776716e-09
9500.04800076804 4.39813557583919e-09
9550.04800076804 4.967670334674035e-09
9600.04800076804 4.669093304112005e-09
9650.04800076804 5.873153397311188e-09
9700.04800076804 8.3891724719985e-09
9750.04800076804 8.36217760255081e-09
9800.04800076804 9.937914582493953e-09
9850.04800076804 1.1339279965099794e-08
9900.04800076804 1.424501451202974e-08
9950.04800076804 1.5399315684604853e-08
10000.04800076804 1.8654660373544737e-08
10050.04800076804 2.076525201669888e-08
10100.04800076804 2.4450705998440907e-08
10150.04800076804 2.7845232048449315e-08
10200.04800076804 3.1512770437722856e-08
10250.04800076804 3.516929988123751e-08
10300.04800076804 3.92790498164791e-08
10350.04800076804 4.330838685730071e-08
10400.04800076804 4.917973936979507e-08
10450.04800076804 5.2834610184730664e-08
10500.04800076804 5.627432576811911e-08
10550.04800076804 6.01136157193976e-08
10600.04800076804 6.166396570765814e-08
10650.04800076804 6.426847996573321e-08
10700.04800076804 6.4538101897647e-08
10750.04800076804 6.61635783131367e-08
10800.04800076804 6.42720609985209e-08
10850.04800076804 6.10669750443055e-08
10900.04800076804 4.6002427133116566e-08
10950.04800076804 2.4905153841045254e-08
11000.04800076804 1.750844411042191e-08
11050.04800076804 1.1521186778272157e-08
11100.04800076804 7.9151397782267e-09
11150.04800076804 4.5358669464302796e-09
11200.04800076804 4.137200887195972e-09
11250.04800076804 5.297076772774103e-09
11300.04800076804 5.92476589047309e-09
11350.04800076804 2.469481577775043e-09
11400.04800076804 6.644835478367697e-09
11450.04800076804 4.642812324721429e-09
11500.04800076804 4.564729642864446e-09
11550.04800076804 2.0317672066970472e-09
11600.04800076804 1.9841557258259235e-09
11650.04800076804 3.510076699364828e-09
11700.04800076804 4.274434697484562e-09
11750.04800076804 1.7716201785104302e-09
11800.04800076804 5.9007099105415115e-09
11850.04800076804 9.632527500030956e-09
11900.04800076804 1.1497126421513471e-08
11950.04800076804 1.7678383331859714e-08
12000.04800076804 2.448704573719197e-08
12050.04800076804 3.313274503461516e-08
12100.04800076804 4.260544837025392e-08
12150.04800076804 5.236755588100447e-08
12200.04800076804 6.2769925742175e-08
12250.04800076804 7.653410316963249e-08
12300.04800076804 9.133473062515525e-08
12350.04800076804 9.712703558929616e-08
12400.04800076804 1.1829972367275634e-07
12450.04800076804 1.390639905828841e-07
12500.04800076804 1.50999708324871e-07
12550.04800076804 1.6224769783251589e-07
12600.04800076804 1.601089468171315e-07
12650.04800076804 1.5503455293133965e-07
12700.04800076804 1.5308438245631296e-07
12750.04800076804 1.4148405744841963e-07
12800.04800076804 1.3649563717302703e-07
12850.04800076804 1.0740614383568503e-07
12900.04800076804 8.87787012360854e-08
12950.04800076804 8.221234730156462e-08
13000.04800076804 8.087951824352243e-08
13050.04800076804 6.596752423028168e-08
13100.04800076804 6.109718864856061e-08
13150.04800076804 4.6726263272766915e-08
13200.04800076804 4.348810748989632e-08
13250.04800076804 3.0575349882387794e-08
13300.04800076804 1.3959628328130946e-08
13350.04800076804 4.233425248500496e-09
13400.04800076804 1.916807373000936e-09
13450.04800076804 8.096925952706857e-10
13500.04800076804 3.70045106749861e-10
13550.04800076804 2.2471170990801941e-10
13600.04800076804 8.555743418253681e-11
13650.04800076804 3.9577322474459864e-10
13700.04800076804 2.5289956643092914e-10
13750.04800076804 4.350290336324826e-10
13800.04800076804 5.084351529216427e-10
13850.04800076804 3.08444387337043e-10
13900.04800076804 3.562441384154456e-10
13950.04800076804 3.2257303773833383e-10
14000.04800076804 3.269254181911613e-10
14050.04800076804 4.877578621142264e-10
14100.04800076804 4.082859480737502e-10
14150.04800076804 6.970781706149878e-10
14200.04800076804 4.4363491129624413e-10
14250.04800076804 5.476084944296779e-10
14300.04800076804 1.2463983140955762e-09
14350.04800076804 1.0928929700424812e-09
14400.04800076804 1.2542291154500431e-09
14450.04800076804 1.609261290667654e-09
14500.04800076804 3.468953095707738e-09
14550.04800076804 3.6628781058517307e-09
14600.04800076804 5.4615662616479995e-09
14650.04800076804 5.5935638694497974e-09
14700.04800076804 3.3892295214398053e-09
14750.04800076804 5.150096581032018e-09
14800.04800076804 6.8250341977672146e-09
14850.04800076804 6.851334247662873e-09
14900.04800076804 8.093023661012496e-09
14950.04800076804 1.0114599741834143e-08
15000.04800076804 1.2338627476372047e-08
15050.04800076804 1.4029995605921104e-08
15100.04800076804 1.7134574571352936e-08
15150.04800076804 1.7582378225215234e-08
15200.04800076804 1.786873476839663e-08
15250.04800076804 2.5155830893763254e-08
15300.04800076804 3.0400066120415655e-08
15350.04800076804 3.822569684107629e-08
15400.04800076804 4.294998588933379e-08
15450.04800076804 4.890945688197982e-08
15500.04800076804 5.204568572004008e-08
15550.04800076804 6.277538536564546e-08
15600.04800076804 6.113572983375826e-08
15650.04800076804 6.43659593060519e-08
15700.04800076804 7.885243168632213e-08
15750.04800076804 8.682404610666607e-08
15800.04800076804 8.362599842172535e-08
15850.04800076804 8.985697463512408e-08
15900.04800076804 8.130520024450647e-08
15950.04800076804 8.002499465341108e-08
16000.04800076804 6.594984801124993e-08
16050.04800076804 4.777915964194147e-08
16100.04800076804 3.588621115396223e-08
16150.04800076804 2.2878911410569652e-08
16200.04800076804 1.4523037462336537e-08
16250.04800076804 1.347513870212578e-08
16300.04800076804 9.95770725232876e-09
16350.04800076804 1.1518555551017805e-08
16400.04800076804 1.32133413157733e-08
16450.04800076804 1.426849467750575e-08
16500.04800076804 1.4983071361117646e-08
16550.04800076804 1.3892534470761921e-08
16600.04800076804 1.5650079705802978e-08
16650.04800076804 1.1037198799820092e-08
16700.04800076804 3.33017168929817e-09
16750.04800076804 6.935347296992684e-09
16800.04800076804 1.124753004193315e-08
16850.04800076804 1.1532385674935621e-08
16900.04800076804 8.220001160935784e-09
16950.04800076804 6.883109283618842e-09
17000.04800076804 4.91158072314736e-09
17050.04800076804 6.998416694460217e-09
17100.04800076804 9.185068565416318e-09
17150.04800076804 6.126250309976777e-09
17200.04800076804 1.2208757260645298e-08
17250.04800076804 8.648167612378159e-09
17300.04800076804 6.36907035258891e-09
17350.04800076804 6.8719776372308184e-09
17400.04800076804 7.782996460579983e-09
17450.04800076804 9.28277506005499e-09
17500.04800076804 1.1332035144283676e-08
17550.04800076804 9.385976394104655e-09
17600.04800076804 7.250085092765086e-09
17650.04800076804 6.809074131571243e-09
17700.04800076804 5.250220608007771e-09
17750.04800076804 4.501112555162426e-09
17800.04800076804 6.668349305665036e-09
17850.04800076804 4.083209424866979e-09
17900.04800076804 4.183346184422572e-09
17950.04800076804 2.611461281925184e-09
18000.04800076804 3.5376005286474372e-09
18050.04800076804 3.151977863379234e-09
18100.04800076804 2.743062684042926e-09
18150.04800076804 3.976907297984596e-09
18200.04800076804 2.0589899268244342e-09
18250.04800076804 5.8979146818391754e-09
18300.04800076804 2.4790901418931283e-09
18350.04800076804 2.015866380564926e-09
18400.04800076804 1.5806381822103891e-09
18450.04800076804 3.373118627363417e-09
18500.04800076804 3.564180338673193e-09
18550.04800076804 2.4310586411857942e-09
18600.04800076804 2.546878873121298e-09
18650.04800076804 1.7681920626702974e-09
18700.04800076804 1.1784906700414804e-09
18750.04800076804 1.9852059008803038e-09
18800.04800076804 6.0396324810924356e-09
18850.04800076804 5.842209563159963e-09
18900.04800076804 5.1773528123438324e-09
18950.04800076804 8.893977077971908e-09
19000.04800076804 4.251506301692605e-09
19050.04800076804 2.815907803936055e-09
19100.04800076804 6.247405271343988e-09
19150.04800076804 3.614349412005084e-09
19200.04800076804 5.584346134471378e-09
19250.04800076804 4.312848510930326e-09
19300.04800076804 3.175195607761517e-09
19350.04800076804 3.548019287994901e-09
19400.04800076804 2.1982812821321737e-09
19450.04800076804 4.622717179187632e-09
19500.04800076804 4.02392153842224e-09
19550.04800076804 3.4558769874814115e-09
19600.04800076804 5.201151068886324e-09
19650.04800076804 5.943587553716982e-09
19700.04800076804 6.045069277992503e-09
19750.04800076804 7.316576806968623e-09
19800.04800076804 8.655757323269114e-09
19850.04800076804 1.0971363044412609e-08
19900.04800076804 9.216848153364217e-09
19950.04800076804 1.381591613999335e-08
20000.04800076804 1.34403811711012e-08
20050.04800076804 1.3793765621468499e-08
20100.04800076804 1.6365348733979036e-08
20150.04800076804 1.4037253395659168e-08
20200.04800076804 1.6373717602652217e-08
20250.04800076804 1.9958799684321587e-08
20300.04800076804 1.860396375921752e-08
20350.04800076804 2.1481057674600492e-08
20400.04800076804 2.0132434490091163e-08
20450.04800076804 2.4939913476135883e-08
20500.04800076804 2.534444830250121e-08
20550.04800076804 2.4983646162402812e-08
20600.04800076804 2.758512492977076e-08
20650.04800076804 2.658864780828619e-08
20700.04800076804 2.6316390751093844e-08
20750.04800076804 2.8469841975778364e-08
20800.04800076804 2.7010235177505826e-08
20850.04800076804 2.7772718929903755e-08
20900.04800076804 2.8323160185635568e-08
20950.04800076804 2.6487081280781685e-08
21000.04800076804 2.713620359364044e-08
21050.04800076804 2.569490283067907e-08
21100.04800076804 2.5012390163249184e-08
21150.04800076804 2.488184427513122e-08
21200.04800076804 2.3606997475610353e-08
21250.04800076804 2.3225807085772856e-08
21300.04800076804 2.06383532636059e-08
21350.04800076804 2.0780239072421722e-08
21400.04800076804 1.9343496960927845e-08
21450.04800076804 1.7290592607316202e-08
21500.04800076804 1.7943743626795453e-08
21550.04800076804 1.6655044109537953e-08
21600.04800076804 1.528293199326847e-08
21650.04800076804 1.332159987403099e-08
21700.04800076804 1.4306143382371913e-08
21750.04800076804 1.3858675970427767e-08
21800.04800076804 1.2165900512468562e-08
21850.04800076804 1.0695327742583757e-08
21900.04800076804 9.352878177914438e-09
21950.04800076804 4.243807417594576e-09
22000.04800076804 1.6635757832854367e-09
22050.04800076804 1.6541802823926881e-09
22100.04800076804 3.6282424326248973e-09
22150.04800076804 4.243911026602597e-09
22200.04800076804 3.703812256347707e-09
22250.04800076804 3.6000563030535527e-09
22300.04800076804 2.6000131095539122e-09
22350.04800076804 2.7299100967378778e-09
22400.04800076804 1.7448643100893178e-09
22450.04800076804 1.7020888473439672e-09
22500.04800076804 1.8393790808949494e-09
22550.04800076804 9.225499873884308e-10
22600.04800076804 1.3272968001209296e-09
22650.04800076804 1.8151436442936496e-09
22700.04800076804 1.2007601174654181e-09
22750.04800076804 1.3800365408849637e-09
22800.04800076804 1.3287022494698271e-09
22850.04800076804 1.1635748563650093e-09
22900.04800076804 7.885763185581069e-10
22950.04800076804 7.521615664879798e-10
23000.04800076804 8.728098410250877e-10
23050.04800076804 1.000805046571326e-09
23100.04800076804 2.4110639103215106e-09
23150.04800076804 2.328562200207453e-09
23200.04800076804 4.6281946546342184e-10
23250.04800076804 5.850459327435197e-10
23300.04800076804 7.623068970616651e-10
23350.04800076804 5.273605152560708e-10
23400.04800076804 1.0217832250440965e-09
23450.04800076804 7.651377578843747e-10
23500.04800076804 7.015926704841646e-10
23550.04800076804 1.1452692269037389e-09
23600.04800076804 1.2888883075641957e-09
23650.04800076804 1.7222018977042027e-09
23700.04800076804 6.362242517808466e-10
23750.04800076804 5.263977636020583e-10
23800.04800076804 1.2640340219330067e-09
