galfind/configs/Brown_Dwarf_templates/sonora_cholla/logkzz7/100g/800K_100g_logkzz7_resample.dat
# %ECSV 1.0
# ---
# datatype:
# - {name: wav, unit: Angstrom, datatype: float64}
# - {name: flux_nu, unit: erg / (cm2 Hz s), datatype: float64}
# schema: astropy-2.0
wav flux_nu
3000.0480007680403 nan
3050.0480007680403 0.0
3100.0480007680403 0.0
3150.0480007680403 0.0
3200.0480007680403 0.0
3250.0480007680403 0.0
3300.0480007680403 0.0
3350.0480007680403 0.0
3400.0480007680403 0.0
3450.0480007680403 0.0
3500.0480007680403 0.0
3550.0480007680403 0.0
3600.0480007680403 0.0
3650.0480007680403 0.0
3700.0480007680403 0.0
3750.0480007680403 0.0
3800.0480007680403 0.0
3850.0480007680403 0.0
3900.0480007680403 0.0
3950.0480007680403 0.0
4000.0480007680403 0.0
4050.0480007680403 0.0
4100.04800076804 0.0
4150.04800076804 0.0
4200.04800076804 0.0
4250.04800076804 0.0
4300.04800076804 0.0
4350.04800076804 0.0
4400.04800076804 0.0
4450.04800076804 0.0
4500.04800076804 0.0
4550.04800076804 0.0
4600.04800076804 0.0
4650.04800076804 0.0
4700.04800076804 0.0
4750.04800076804 0.0
4800.04800076804 0.0
4850.04800076804 0.0
4900.04800076804 0.0
4950.04800076804 0.0
5000.04800076804 2.503496054370388e-12
5050.04800076804 6.070095615616216e-12
5100.04800076804 6.572254639840395e-12
5150.04800076804 7.352589915878976e-12
5200.04800076804 8.347195320886248e-12
5250.04800076804 9.49450090526489e-12
5300.04800076804 1.081277830954077e-11
5350.04800076804 1.2344350335366532e-11
5400.04800076804 1.4087633508579595e-11
5450.04800076804 1.6123482077926875e-11
5500.04800076804 1.845832254444729e-11
5550.04800076804 2.1107836992740476e-11
5600.04800076804 2.4056810246041932e-11
5650.04800076804 2.7278584290932574e-11
5700.04800076804 3.0571822352681136e-11
5750.04800076804 3.410226217792274e-11
5800.04800076804 3.7056722159898103e-11
5850.04800076804 3.7856220997353883e-11
5900.04800076804 1.8023070506052214e-11
5950.04800076804 2.869059297971515e-11
6000.04800076804 5.925690294934991e-11
6050.04800076804 7.5128700570348e-11
6100.04800076804 9.016990435544889e-11
6150.04800076804 1.0592090974969832e-10
6200.04800076804 1.2328464755009484e-10
6250.04800076804 1.425017287092275e-10
6300.04800076804 1.652328358675337e-10
6350.04800076804 1.9171246392626784e-10
6400.04800076804 2.2161848647729908e-10
6450.04800076804 2.487757631570208e-10
6500.04800076804 2.873759057284576e-10
6550.04800076804 3.356384755150526e-10
6600.04800076804 3.9091379753498437e-10
6650.04800076804 4.5485330735737233e-10
6700.04800076804 5.333040940921997e-10
6750.04800076804 6.163915642096414e-10
6800.04800076804 7.044850468445002e-10
6850.04800076804 7.984335401637092e-10
6900.04800076804 8.135583193309756e-10
6950.04800076804 8.010775556778187e-10
7000.04800076804 8.845281856722685e-10
7050.04800076804 9.08385962317922e-10
7100.04800076804 9.673439799928158e-10
7150.04800076804 8.962333344138701e-10
7200.04800076804 8.986816007203267e-10
7250.04800076804 1.0048213416125456e-09
7300.04800076804 1.0654614786945387e-09
7350.04800076804 1.1730242416460183e-09
7400.04800076804 1.2796663864106202e-09
7450.04800076804 1.4236412800688299e-09
7500.04800076804 1.5382812884035089e-09
7550.04800076804 1.6529962337622717e-09
7600.04800076804 1.7610007769810823e-09
7650.04800076804 1.8537892047648466e-09
7700.04800076804 1.502601935022571e-09
7750.04800076804 1.0739284209844411e-09
7800.04800076804 2.171867113692511e-09
7850.04800076804 2.431434013596775e-09
7900.04800076804 2.7230007251576065e-09
7950.04800076804 3.0314352647066676e-09
8000.04800076804 3.2868197752002385e-09
8050.04800076804 3.537912317927723e-09
8100.04800076804 3.263075195817035e-09
8150.04800076804 3.260258100182342e-09
8200.04800076804 4.0178918372409486e-09
8250.04800076804 4.136357992390079e-09
8300.04800076804 4.5591535959749224e-09
8350.04800076804 4.837929979304458e-09
8400.04800076804 5.251039810766391e-09
8450.04800076804 5.9428014402807e-09
8500.04800076804 6.6359074690460355e-09
8550.04800076804 7.391283017759553e-09
8600.04800076804 8.19788673562717e-09
8650.04800076804 8.940371774243196e-09
8700.04800076804 9.436523704927817e-09
8750.04800076804 1.014535574697191e-08
8800.04800076804 1.0597386344099796e-08
8850.04800076804 1.0291810704170383e-08
8900.04800076804 7.2731206269455e-09
8950.04800076804 7.005080519048333e-09
9000.04800076804 6.847960804989481e-09
9050.04800076804 1.0388350760626588e-08
9100.04800076804 1.0811173905972903e-08
9150.04800076804 1.0097951037700791e-08
9200.04800076804 1.1735805110689224e-08
9250.04800076804 1.0440421116749342e-08
9300.04800076804 3.103308405642677e-09
9350.04800076804 3.6667041428650823e-09
9400.04800076804 6.074783024971791e-09
9450.04800076804 6.874171462113252e-09
9500.04800076804 6.230618740221795e-09
9550.04800076804 7.0548772414511685e-09
9600.04800076804 6.72854511527225e-09
9650.04800076804 8.227182900396784e-09
9700.04800076804 1.1271835765003835e-08
9750.04800076804 1.1333569522102848e-08
9800.04800076804 1.3388205875944651e-08
9850.04800076804 1.5237286045819653e-08
9900.04800076804 1.8745074216583837e-08
9950.04800076804 2.0489536507026456e-08
10000.04800076804 2.4333221038150557e-08
10050.04800076804 2.722270382232274e-08
10100.04800076804 3.159217844165907e-08
10150.04800076804 3.575075590415819e-08
10200.04800076804 4.0161625232172474e-08
10250.04800076804 4.462721886083333e-08
10300.04800076804 4.960343695601893e-08
10350.04800076804 5.46382795767969e-08
10400.04800076804 6.172660806229778e-08
10450.04800076804 6.613217607263758e-08
10500.04800076804 7.02866025877232e-08
10550.04800076804 7.502192168328615e-08
10600.04800076804 7.751606860547155e-08
10650.04800076804 8.14712910683045e-08
10700.04800076804 8.29464578373755e-08
10750.04800076804 8.583933631353283e-08
10800.04800076804 8.462935632638855e-08
10850.04800076804 8.203681970522825e-08
10900.04800076804 6.290561113948298e-08
10950.04800076804 3.552297697638747e-08
11000.04800076804 2.614921082973163e-08
11050.04800076804 1.806360865263406e-08
11100.04800076804 1.313917610901966e-08
11150.04800076804 8.121980790884955e-09
11200.04800076804 7.747612341914922e-09
11250.04800076804 9.862367573225809e-09
11300.04800076804 1.0575035531944648e-08
11350.04800076804 4.772091490329948e-09
11400.04800076804 1.2045070824811823e-08
11450.04800076804 8.559221925745916e-09
11500.04800076804 8.984891881530047e-09
11550.04800076804 4.6008671127672085e-09
11600.04800076804 4.6545006949964885e-09
11650.04800076804 7.1527601713652316e-09
11700.04800076804 8.580107039888643e-09
11750.04800076804 4.3753199247679784e-09
11800.04800076804 1.1644184922590244e-08
11850.04800076804 1.7901064600285414e-08
11900.04800076804 2.1040988952022548e-08
11950.04800076804 3.0875828871441104e-08
12000.04800076804 4.105491826435715e-08
12050.04800076804 5.3319810239092416e-08
12100.04800076804 6.58939386535668e-08
12150.04800076804 7.838137659798342e-08
12200.04800076804 9.287013792396374e-08
12250.04800076804 1.1065692644895582e-07
12300.04800076804 1.292740500450995e-07
12350.04800076804 1.3782277910281664e-07
12400.04800076804 1.640733543137702e-07
12450.04800076804 1.908853714466755e-07
12500.04800076804 2.06158854590945e-07
12550.04800076804 2.203052107604714e-07
12600.04800076804 2.1531438656693531e-07
12650.04800076804 2.0799013560278712e-07
12700.04800076804 2.0570851560159207e-07
12750.04800076804 1.9495053089389893e-07
12800.04800076804 1.9213559147231785e-07
12850.04800076804 1.5449369882989188e-07
12900.04800076804 1.3017644760378872e-07
12950.04800076804 1.2371929158387137e-07
13000.04800076804 1.2118855086167221e-07
13050.04800076804 1.0268552409666612e-07
13100.04800076804 9.557167455935464e-08
13150.04800076804 7.490740693300133e-08
13200.04800076804 6.969643388178018e-08
13250.04800076804 4.96678291178546e-08
13300.04800076804 2.3933582926307648e-08
13350.04800076804 7.371959741012824e-09
13400.04800076804 3.3608997969283353e-09
13450.04800076804 1.5309471722306954e-09
13500.04800076804 7.373961139693025e-10
13550.04800076804 4.792445090078923e-10
13600.04800076804 2.1016438828784205e-10
13650.04800076804 8.40483063449247e-10
13700.04800076804 5.54124988299365e-10
13750.04800076804 9.097816378123629e-10
13800.04800076804 1.1232738903181073e-09
13850.04800076804 7.009171931941823e-10
13900.04800076804 7.861238232879886e-10
13950.04800076804 7.213770286846663e-10
14000.04800076804 7.167910649119095e-10
14050.04800076804 1.0169678463212799e-09
14100.04800076804 8.115832990913311e-10
14150.04800076804 1.33188927330458e-09
14200.04800076804 8.712464893814895e-10
14250.04800076804 1.0317371502358062e-09
14300.04800076804 2.1884814393675274e-09
14350.04800076804 1.9219286869450776e-09
14400.04800076804 2.214217301222534e-09
14450.04800076804 2.72937865699368e-09
14500.04800076804 5.687701303244465e-09
14550.04800076804 5.932137664619307e-09
14600.04800076804 8.602386152491127e-09
14650.04800076804 8.888555197450886e-09
14700.04800076804 5.5012785273061975e-09
14750.04800076804 8.21741469474077e-09
14800.04800076804 1.083992530682284e-08
14850.04800076804 1.0919049657411447e-08
14900.04800076804 1.2623878510548032e-08
14950.04800076804 1.5460926873265883e-08
15000.04800076804 1.8264425123197505e-08
15050.04800076804 2.1241974358022405e-08
15100.04800076804 2.5587149695810035e-08
15150.04800076804 2.650164756080663e-08
15200.04800076804 2.6272459578970802e-08
15250.04800076804 3.5970375809685505e-08
15300.04800076804 4.322543161655654e-08
15350.04800076804 5.362618307714633e-08
15400.04800076804 5.983975657191371e-08
15450.04800076804 6.785281119453895e-08
15500.04800076804 7.188862730742461e-08
15550.04800076804 8.588614388987776e-08
15600.04800076804 8.321049712584844e-08
15650.04800076804 8.748589084001879e-08
15700.04800076804 1.0652400708397831e-07
15750.04800076804 1.1692392675547654e-07
15800.04800076804 1.1241395039594049e-07
15850.04800076804 1.2152571642694608e-07
15900.04800076804 1.1194483008614945e-07
15950.04800076804 1.1258714797923016e-07
16000.04800076804 9.655351032883267e-08
16050.04800076804 7.417376357576564e-08
16100.04800076804 5.8710183940480815e-08
16150.04800076804 3.966995333836534e-08
16200.04800076804 2.671481829894487e-08
16250.04800076804 2.5649691488680785e-08
16300.04800076804 1.9955875658758983e-08
16350.04800076804 2.265477162885463e-08
16400.04800076804 2.570939505548319e-08
16450.04800076804 2.799960783012535e-08
16500.04800076804 2.9511212202914763e-08
16550.04800076804 2.7388222260720637e-08
16600.04800076804 2.9738827070686895e-08
16650.04800076804 2.1114576599595517e-08
16700.04800076804 7.929059169433766e-09
16750.04800076804 1.4214699591388921e-08
16800.04800076804 2.215228612241378e-08
16850.04800076804 2.229573709722674e-08
16900.04800076804 1.7048055709851874e-08
16950.04800076804 1.4872170707467752e-08
17000.04800076804 1.1336370695621867e-08
17050.04800076804 1.5359541836292228e-08
17100.04800076804 1.89102518015333e-08
17150.04800076804 1.3662658520247669e-08
17200.04800076804 2.315251559637887e-08
17250.04800076804 1.7337746489377274e-08
17300.04800076804 1.3552736122134519e-08
17350.04800076804 1.4140803450575435e-08
17400.04800076804 1.5138381749005224e-08
17450.04800076804 1.703452734823705e-08
17500.04800076804 2.0049801650929256e-08
17550.04800076804 1.6602063429636762e-08
17600.04800076804 1.339127086021451e-08
17650.04800076804 1.2763677064199756e-08
17700.04800076804 9.662633487354535e-09
17750.04800076804 8.17692290187657e-09
17800.04800076804 1.1475050040586594e-08
17850.04800076804 7.119078035610404e-09
17900.04800076804 7.693235222333015e-09
17950.04800076804 4.9172543189033686e-09
18000.04800076804 6.348341460137832e-09
18050.04800076804 5.5043951955119375e-09
18100.04800076804 4.764989400264661e-09
18150.04800076804 7.044947488301632e-09
18200.04800076804 3.6754722792743965e-09
18250.04800076804 9.954604463821066e-09
18300.04800076804 4.529711581615506e-09
18350.04800076804 3.7680082228651866e-09
18400.04800076804 3.0442636798264834e-09
18450.04800076804 5.623533778399118e-09
18500.04800076804 5.984052898444756e-09
18550.04800076804 4.194746769023846e-09
18600.04800076804 4.165093840842728e-09
18650.04800076804 3.0209933377267012e-09
18700.04800076804 2.2236164065742056e-09
18750.04800076804 3.529251145472278e-09
18800.04800076804 9.48529405899934e-09
18850.04800076804 9.487927377053295e-09
18900.04800076804 8.389684941508863e-09
18950.04800076804 1.4015317170791776e-08
19000.04800076804 7.26613164310827e-09
19050.04800076804 4.9432820801195624e-09
19100.04800076804 1.0395196100571636e-08
19150.04800076804 6.346582571647671e-09
19200.04800076804 9.21981186059705e-09
19250.04800076804 7.238190328778954e-09
19300.04800076804 5.543541267893327e-09
19350.04800076804 5.94512358236794e-09
19400.04800076804 3.662954643679842e-09
19450.04800076804 7.50986702306397e-09
19500.04800076804 6.656566438030683e-09
19550.04800076804 5.616301117887988e-09
19600.04800076804 8.28064128141538e-09
19650.04800076804 9.424422673551583e-09
19700.04800076804 9.51767063582221e-09
19750.04800076804 1.1151019241520378e-08
19800.04800076804 1.3246117891450426e-08
19850.04800076804 1.6611856110068742e-08
19900.04800076804 1.3611163215660644e-08
19950.04800076804 2.0462297213867174e-08
20000.04800076804 1.9841581290532296e-08
20050.04800076804 2.0560366919885663e-08
20100.04800076804 2.3889025781047034e-08
20150.04800076804 2.10762202316927e-08
20200.04800076804 2.4824157074701224e-08
20250.04800076804 2.969464231556262e-08
20300.04800076804 2.7539879592949753e-08
20350.04800076804 3.178768562241648e-08
20400.04800076804 3.0254847194712046e-08
20450.04800076804 3.698166697631266e-08
20500.04800076804 3.770651062341541e-08
20550.04800076804 3.6955643234248906e-08
20600.04800076804 4.1270754964118186e-08
20650.04800076804 3.956232139513674e-08
20700.04800076804 3.9326533590539736e-08
20750.04800076804 4.264110684302996e-08
20800.04800076804 4.0770133286755454e-08
20850.04800076804 4.1804293001305806e-08
20900.04800076804 4.28498610976442e-08
20950.04800076804 4.0213744718087576e-08
21000.04800076804 4.150492911839167e-08
21050.04800076804 3.936992965216841e-08
21100.04800076804 3.8605638862537983e-08
21150.04800076804 3.852144229572999e-08
21200.04800076804 3.668063919230908e-08
21250.04800076804 3.658148796069939e-08
21300.04800076804 3.281710028022092e-08
21350.04800076804 3.3178408522631325e-08
21400.04800076804 3.0825961148842295e-08
21450.04800076804 2.8193735399516774e-08
21500.04800076804 2.9199542095578023e-08
21550.04800076804 2.7225624485165948e-08
21600.04800076804 2.5427462335973132e-08
21650.04800076804 2.2430629464955316e-08
21700.04800076804 2.4076407685169875e-08
21750.04800076804 2.290493045805259e-08
21800.04800076804 2.0372534973081604e-08
21850.04800076804 1.8010756149654436e-08
21900.04800076804 1.6158898214679905e-08
21950.04800076804 8.073965796850405e-09
22000.04800076804 3.6635774033043106e-09
22050.04800076804 3.361096582830052e-09
22100.04800076804 6.691673646230235e-09
22150.04800076804 7.929109985841717e-09
22200.04800076804 7.047978420772804e-09
22250.04800076804 6.7886049337844156e-09
22300.04800076804 5.35177724647605e-09
22350.04800076804 5.38329929827648e-09
22400.04800076804 3.701270435625751e-09
22450.04800076804 3.5297846555772496e-09
22500.04800076804 3.853029828451734e-09
22550.04800076804 2.042119984382437e-09
22600.04800076804 2.8388094298587144e-09
22650.04800076804 3.587244482896654e-09
22700.04800076804 2.6213965431342237e-09
22750.04800076804 2.979011227419953e-09
22800.04800076804 2.772795472889837e-09
22850.04800076804 2.4332951730319135e-09
22900.04800076804 1.8084821255434808e-09
22950.04800076804 1.7736849967011919e-09
23000.04800076804 1.771510106769482e-09
23050.04800076804 2.1624989058505025e-09
23100.04800076804 4.52817608461048e-09
23150.04800076804 4.2552720883997454e-09
23200.04800076804 1.080805472627208e-09
23250.04800076804 1.3044013718228547e-09
23300.04800076804 1.5721303870043738e-09
23350.04800076804 1.1495217462803587e-09
23400.04800076804 2.074697586510299e-09
23450.04800076804 1.6625417387072927e-09
23500.04800076804 1.5314608511046863e-09
23550.04800076804 2.390865822148692e-09
23600.04800076804 2.6151825732871005e-09
23650.04800076804 3.3659055552231185e-09
23700.04800076804 1.398046802480187e-09
23750.04800076804 1.1940024044187194e-09
