galfind/configs/Brown_Dwarf_templates/sonora_cholla/logkzz7/100g/800K_100g_logkzz7_resample.dat
# %ECSV 1.0
# ---
# datatype:
# - {name: wav, unit: Angstrom, datatype: float64}
# - {name: flux_nu, unit: erg / (cm2 Hz s), datatype: float64}
# schema: astropy-2.0
wav flux_nu
[from data line 1210]
63500.04800076804 7.139726426099072e-08
63550.04800076804 7.968857827922616e-08
63600.04800076804 9.064938101458785e-08
63650.04800076804 5.644881524401766e-08
63700.04800076804 2.6636532633725195e-08
63750.04800076804 5.190049394219128e-08
63800.04800076804 9.022695962158396e-08
63850.04800076804 7.097478695574513e-08
63900.04800076804 3.322924077286162e-08
63950.04800076804 6.606466332044503e-08
64000.04800076804 7.702800366150133e-08
64050.04800076804 3.9128508508139434e-08
64100.04800076804 1.1617831933088829e-08
64150.04800076804 1.8061890861403762e-08
64200.04800076804 2.1427058741853907e-08
64250.04800076804 4.646166003604011e-08
64300.04800076804 3.457179370308595e-08
64350.04800076804 2.7657738064824055e-08
64400.04800076804 6.075876994755825e-08
64450.04800076804 6.791855830738681e-08
64500.04800076804 2.7844371699600348e-08
64550.04800076804 5.331020658899057e-08
64600.04800076804 2.5955342987663332e-08
64650.04800076804 4.873861683275095e-08
64700.04800076804 2.0713229187962522e-08
64750.04800076804 3.1512724499572545e-08
64800.04800076804 2.5732161826512664e-08
64850.04800076804 1.915835335951966e-08
64900.04800076804 2.0978389814182077e-08
64950.04800076804 1.9216465586112244e-08
65000.04800076804 2.737621399637453e-08
65050.04800076804 3.779896715085718e-08
65100.04800076804 5.156522763473057e-08
65150.04800076804 2.402347720944955e-08
65200.04800076804 1.6532201302041957e-08
65250.04800076804 4.2244436055883155e-08
65300.04800076804 3.301204763822947e-08
65350.04800076804 8.298472989081866e-08
65400.04800076804 3.506180461466205e-08
65450.04800076804 3.620063776484841e-08
65500.04800076804 4.4999154092694555e-08
65550.04800076805 2.259324865939843e-08
65600.04800076805 3.9587433986081596e-08
65650.04800076805 3.20309812226444e-08
65700.04800076805 2.9801762258187277e-08
65750.04800076805 2.0853384264320147e-08
65800.04800076805 3.735552185568445e-08
65850.04800076805 4.9876867858829097e-08
65900.04800076805 1.9533254085273826e-08
65950.04800076805 2.3796077062232846e-08
66000.04800076805 3.300132749310301e-08
66050.04800076805 6.929286497226729e-08
66100.04800076805 3.7318026555335015e-08
66150.04800076805 2.8858278868064407e-08
66200.04800076805 2.8731486809980692e-08
66250.04800076805 2.37697771096659e-08
66300.04800076805 1.0013713245260682e-08
66350.04800076805 1.224874902761423e-08
66400.04800076805 2.0881884254301132e-08
66450.04800076805 4.613822702146341e-08
66500.04800076805 6.432522648475608e-08
66550.04800076805 6.503607753864379e-08
66600.04800076805 4.8640546406299304e-08
66650.04800076805 3.8614728344679284e-08
66700.04800076805 3.2535858972695204e-08
66750.04800076805 2.9084065823495035e-08
66800.04800076805 3.9549706618682684e-08
66850.04800076805 2.481369642690917e-08
66900.04800076805 6.374193560560156e-08
66950.04800076805 6.803484578456217e-08
67000.04800076805 6.660445272521887e-08
67050.04800076805 4.139225907824183e-08
67100.04800076805 2.7409524727279703e-08
67150.04800076805 3.038239241830626e-08
67200.04800076805 4.441227202964188e-08
67250.04800076805 4.184400226489178e-08
67300.04800076805 5.6202353685619635e-08
67350.04800076805 3.165486736429217e-08
67400.04800076805 7.346561965971688e-08
67450.04800076805 5.01170701013937e-08
67500.04800076805 4.295226125406199e-08
67550.04800076805 6.582178301263473e-08
67600.04800076805 1.1108960431387722e-07
67650.04800076805 8.10865844508772e-08
67700.04800076805 5.1412919710714326e-08
67750.04800076805 3.8201893002493734e-08
67800.04800076805 5.7410017647285126e-08
67850.04800076805 2.711325845730951e-08
67900.04800076805 3.51077447551353e-08
67950.04800076805 2.531826098200811e-08
68000.04800076805 4.6030639711460954e-08
68050.04800076805 6.545511150008803e-08
68100.04800076805 8.315444875499514e-08
68150.04800076805 6.395931182283454e-08
68200.04800076805 6.105313546672123e-08
68250.04800076805 1.785530744881781e-08
68300.04800076805 5.533496458077837e-08
68350.04800076805 3.269908430823065e-08
68400.04800076805 8.658638293391557e-08
68450.04800076805 7.384277035052943e-08
68500.04800076805 5.4055911761749983e-08
68550.04800076805 2.7623448353794458e-08
68600.04800076805 2.985791942027805e-08
68650.04800076805 1.633736534906207e-08
68700.04800076805 3.5342866578541805e-08
68750.04800076805 5.070528475024125e-08
68800.04800076805 6.186059245938148e-08
68850.04800076805 2.366595676348639e-08
68900.04800076805 8.235839206262961e-08
68950.04800076805 8.18852791832211e-08
69000.04800076805 7.090474983897462e-08
69050.04800076805 3.5931891838115783e-08
69100.04800076805 8.028862147056128e-08
69150.04800076805 1.0355779243681213e-07
69200.04800076805 6.46523157641824e-08
69250.04800076805 1.0472942716516912e-07
69300.04800076805 6.142972002220299e-08
69350.04800076805 9.861550291481319e-08
69400.04800076805 3.63887572648225e-08
69450.04800076805 9.345289265987514e-08
69500.04800076805 4.631309917755456e-08
69550.04800076805 4.7862826037965447e-08
69600.04800076805 1.4935325033934054e-08
69650.04800076805 4.351692585755434e-08
69700.04800076805 8.024851148880522e-08
69750.04800076805 5.284403430988876e-08
69800.04800076805 7.37511903979335e-08
69850.04800076805 7.5266501031555e-08
69900.04800076805 5.199196464384117e-08
69950.04800076805 5.276019099759829e-08
70000.04800076805 5.098473553980862e-08
70050.04800076805 9.37488935880976e-08
70100.04800076805 6.62968373387439e-08
70150.04800076805 6.573712294883243e-08
70200.04800076805 4.1993139978045656e-08
70250.04800076805 5.957015500100546e-08
70300.04800076805 9.13801506658328e-08
70350.04800076805 6.427372461607095e-08
70400.04800076805 4.162535984724144e-08
70450.04800076805 1.3325194097374723e-08
70500.04800076805 3.441565592896256e-08
70550.04800076805 3.5177467540075226e-08
70600.04800076805 3.3411816206018096e-08
70650.04800076805 7.541821530375837e-08
70700.04800076805 7.152240827825613e-08
70750.04800076805 9.417052909244622e-08
70800.04800076805 5.266383800638921e-08
70850.04800076805 4.974391767008862e-08
70900.04800076805 5.2950448458020776e-08
70950.04800076805 8.042831933048222e-08
71000.04800076805 6.969413577205993e-08
71050.04800076805 7.479516957394757e-08
71100.04800076805 5.854740765718492e-08
71150.04800076805 5.080313751127216e-08
71200.04800076805 4.4451864522880204e-08
71250.04800076805 5.8856400773663175e-08
71300.04800076805 8.162176880858311e-08
71350.04800076805 8.140048299999864e-08
71400.04800076805 7.031886158488536e-08
71450.04800076805 3.294127888979925e-08
71500.04800076805 3.9194943693282167e-08
71550.04800076805 4.684843484559094e-08
71600.04800076805 5.347944904076051e-08
71650.04800076805 4.1342372955847266e-08
71700.04800076805 3.117641157175051e-08
71750.04800076805 5.16209189485412e-08
71800.04800076805 7.655481480957203e-08
71850.04800076805 7.200036680842356e-08
71900.04800076805 4.1331498484334274e-08
71950.04800076805 5.4552217470971326e-08
72000.04800076805 5.1147872455647743e-08
72050.04800076805 3.0890785087538674e-08
72100.04800076805 3.733403914789526e-08
72150.04800076805 3.4299789685936954e-08
72200.04800076805 5.761240046974854e-08
72250.04800076805 6.65893216230153e-08
72300.04800076805 5.403074185931697e-08
72350.04800076805 5.8280536137938953e-08
72400.04800076805 4.9451694249472736e-08
72450.04800076805 3.944548325330397e-08
72500.04800076805 5.117593111985966e-08
72550.04800076805 2.408317425391677e-08
72600.04800076805 3.5423207461499074e-08
72650.04800076805 6.428364736205718e-08
72700.04800076805 5.141099252279389e-08
72750.04800076805 4.54674102102882e-08
72800.04800076805 3.5122156787342627e-08
72850.04800076805 3.9314382398895357e-08
72900.04800076805 6.401576771364905e-08
72950.04800076805 5.1909051655454415e-08
73000.04800076805 5.109354963336208e-08
73050.04800076805 3.3908699028231684e-08
73100.04800076805 3.672190275613573e-08
73150.04800076805 7.856638898525386e-08
73200.04800076805 3.543732577750492e-08
73250.04800076805 4.8447188540226845e-08
73300.04800076805 4.2032531230085094e-08
73350.04800076805 2.8016191679760268e-08
73400.04800076805 4.4242719594854484e-08
73450.04800076805 2.82011669621344e-08
73500.04800076805 2.5612477939610943e-08
73550.04800076805 4.446874276801948e-08
73600.04800076805 3.3077752083283417e-08
73650.04800076805 4.5370650397729665e-08
73700.04800076805 5.0075673432456274e-08
73750.04800076805 2.483130306166213e-08
73800.04800076805 3.972215423858301e-08
73850.04800076805 5.0487597029586546e-08
73900.04800076805 4.355728918510427e-08
73950.04800076805 3.832900658793144e-08
74000.04800076805 2.6899841138235325e-08
74050.04800076805 6.921831598470916e-08
74100.04800076805 4.223922044327923e-08
74150.04800076805 4.354783018317264e-08
74200.04800076805 3.5090812571811593e-08
74250.04800076805 1.3411344836910143e-08
74300.04800076805 4.0446940431977875e-08
74350.04800076805 5.822545143024154e-08
74400.04800076805 5.170993519935418e-08
74450.04800076805 2.502120970513206e-08
74500.04800076805 2.2744423879553756e-08
74550.04800076805 3.713391210328439e-08
74600.04800076805 3.5155362970678915e-08
74650.04800076805 3.476793704165274e-08
74700.04800076805 2.4334921334309227e-08
74750.04800076805 2.517543390703044e-08
74800.04800076805 3.102673192615042e-08
74850.04800076805 2.6092587053029584e-08
74900.04800076805 5.293917343909758e-08
74950.04800076805 5.619663495734255e-08
75000.04800076805 3.273400775033901e-08
75050.04800076805 1.86073835073785e-08
75100.04800076805 5.993568317669076e-08
75150.04800076805 5.343706535678324e-08
75200.04800076805 5.902491347421583e-08
75250.04800076805 6.225346538774409e-08
75300.04800076805 5.751407056883079e-08
75350.04800076805 2.7418985218195754e-08
75400.04800076805 6.636760742701353e-08
75450.04800076805 5.436608386597104e-08
75500.04800076805 4.7906779523430276e-08
75550.04800076805 5.532377102948467e-08
75600.04800076805 7.710809348950105e-08
75650.04800076805 4.448676782379203e-08
75700.04800076805 5.41378671238042e-08
75750.04800076805 3.2018245708877054e-08
75800.04800076805 5.2247097219645575e-08
75850.04800076805 6.798831701394423e-08
75900.04800076805 5.7275459847085376e-08
75950.04800076805 3.452412982122991e-08
76000.04800076805 5.753119246884759e-08
76050.04800076805 5.824003250024792e-08
76100.04800076805 5.319320108399001e-08
76150.04800076805 6.08901481933813e-08
76200.04800076805 6.022003504947423e-08
76250.04800076805 5.604787057934457e-08
76300.04800076805 8.879429399443009e-08
76350.04800076805 1.0211649848526722e-07
76400.04800076805 8.263027504370903e-08
76450.04800076805 7.44644630606003e-08
76500.04800076805 5.7558571783189015e-08
76550.04800076805 3.678659259817388e-08
76600.04800076805 1.1988226123565155e-08
76650.04800076805 1.3580611281227726e-08
76700.04800076805 1.7220891521367666e-08
76750.04800076805 1.704309945295843e-08
76800.04800076805 3.1697899777225966e-08
76850.04800076805 9.733919683588583e-09
76900.04800076805 1.2780126387224314e-08
76950.04800076805 2.684451332927393e-08
77000.04800076805 3.2527276091846766e-08
77050.04800076805 1.6222391446659257e-08
77100.04800076805 1.9969394452744545e-08
77150.04800076805 3.6404248782369154e-08
77200.04800076805 2.744599346213543e-08
77250.04800076805 3.0638448431939756e-08
77300.04800076805 3.301483855185375e-08
77350.04800076805 1.6162064080721006e-08
77400.04800076805 1.8893578480304525e-08
77450.04800076805 2.6066176812448347e-08
77500.04800076805 2.4206377161325408e-08
77550.04800076805 2.7623257541317135e-08
77600.04800076805 2.4252669363857484e-08
77650.04800076805 2.597117082376634e-08
77700.04800076805 2.0017889071210853e-08
77750.04800076805 4.203678373109407e-08
77800.04800076805 3.483820535344734e-08
77850.04800076805 6.240121736205268e-08
77900.04800076805 4.257176670534485e-08
77950.04800076805 1.8551991398778026e-08
78000.04800076805 3.422145098966455e-08
78050.04800076805 3.7566894305962456e-08
78100.04800076805 3.1531500963692466e-08
78150.04800076805 5.620323202847177e-08
78200.04800076805 5.030758543692785e-08
78250.04800076805 5.247917983258451e-08
78300.04800076805 4.7657914289118346e-08
78350.04800076805 5.1605860752118684e-08
78400.04800076805 3.281259017947139e-08
78450.04800076805 5.994199459179032e-08
78500.04800076805 6.105819619826057e-08
78550.04800076805 6.977072258596063e-08
78600.04800076805 5.606599355484666e-08
78650.04800076805 1.6417110370457115e-08
78700.04800076805 3.175432210148313e-08
78750.04800076805 3.443123143940704e-08
78800.04800076805 5.0746941258804513e-08
78850.04800076805 2.330000026777871e-08
78900.04800076805 4.2792974294240694e-08
78950.04800076805 4.754105288848446e-08
79000.04800076805 4.593979750226324e-08
79050.04800076805 3.987077165910482e-08
79100.04800076805 4.155500960251706e-08
79150.04800076805 4.5340913598346943e-08
79200.04800076805 5.614953245610252e-08
79250.04800076805 3.944937877743263e-08
79300.04800076805 2.9680214848563364e-08
79350.04800076805 4.4432997172551994e-08
79400.04800076805 3.5760742707695454e-08
79450.04800076805 6.131120199858353e-08
79500.04800076805 8.601300906931616e-08
79550.04800076805 6.05651410774443e-08
79600.04800076805 3.288039159316066e-08
79650.04800076805 5.086905091405131e-08
79700.04800076805 5.669313947025066e-08
79750.04800076805 5.8821798317404895e-08
79800.04800076805 3.1602939084604283e-08
79850.04800076805 4.926049095628001e-08
79900.04800076805 8.759087277759508e-08
79950.04800076805 6.19902284737565e-08
