galfind/configs/Brown_Dwarf_templates/sonora_cholla/logkzz7/100g/850K_100g_logkzz7_resample.dat
# %ECSV 1.0
# ---
# datatype:
# - {name: wav, unit: Angstrom, datatype: float64}
# - {name: flux_nu, unit: erg / (cm2 Hz s), datatype: float64}
# schema: astropy-2.0
wav flux_nu
[from data line 1163]
68150.00000000009 7.809520434937363e-08
68200.00000000009 7.753861185022279e-08
68250.00000000009 2.539202169812252e-08
68300.00000000009 6.903773138340845e-08
68350.00000000009 3.999967618628564e-08
68400.00000000009 1.0495372229815017e-07
68450.00000000009 9.26506541177159e-08
68500.00000000009 7.017898670018054e-08
68550.00000000009 3.774313928971929e-08
68600.00000000009 4.121240702454323e-08
68650.00000000009 2.357191529599333e-08
68700.00000000009 4.759982220143423e-08
68750.00000000009 6.737563090510139e-08
68800.00000000009 7.911181946642606e-08
68850.00000000009 3.1352694473636477e-08
68900.00000000009 1.0352280870980657e-07
68950.00000000009 1.062591170775966e-07
69000.00000000009 9.376888200519088e-08
69050.00000000009 4.8824150468478533e-08
69100.00000000009 1.0126891745518927e-07
69150.00000000009 1.2716108665654522e-07
69200.00000000009 7.875734533935548e-08
69250.00000000009 1.2831331925110205e-07
69300.00000000009 7.624964734311488e-08
69350.00000000009 1.179490189518726e-07
69400.00000000009 4.8551823638804155e-08
69450.00000000009 1.1760673358365167e-07
69500.00000000009 5.962975629825318e-08
69550.00000000009 6.304195215327583e-08
69600.00000000009 2.0859997691469465e-08
69650.00000000009 5.669703004089377e-08
69700.00000000009 1.015208016298699e-07
69750.00000000009 6.828194220515755e-08
69800.00000000009 9.22833648020443e-08
69850.00000000009 9.778037311982007e-08
69900.00000000009 6.584376948367643e-08
69950.00000000009 6.791032174477797e-08
70000.00000000009 6.662843572744243e-08
70050.00000000009 1.1312394417515138e-07
70100.00000000009 8.098684257257645e-08
70150.00000000009 8.38240964434451e-08
70200.00000000009 5.429312580117766e-08
70250.00000000009 7.530654180247678e-08
70300.00000000009 1.1270550475653902e-07
70350.00000000009 7.956835508691877e-08
70400.00000000009 5.469836335310136e-08
70450.00000000009 1.9658472024923906e-08
70500.00000000009 4.4974974041415486e-08
70550.00000000009 4.603046353425084e-08
70600.00000000009 4.421747601772249e-08
70650.00000000009 9.24410899661703e-08
70700.00000000009 8.768942753919572e-08
70750.00000000009 1.1294979136344141e-07
70800.00000000009 6.669620790683588e-08
70850.00000000009 6.220453082216603e-08
70900.00000000009 6.58291975436823e-08
70950.00000000009 1.0092752557465011e-07
71000.00000000009 8.792455437611454e-08
71050.00000000009 9.13793089951487e-08
71100.00000000009 7.337560950023262e-08
71150.00000000009 6.523962712098308e-08
71200.00000000009 5.714439377743143e-08
71250.00000000009 7.258696640448381e-08
71300.00000000009 1.0103611465959169e-07
71350.00000000009 9.785445009112966e-08
71400.00000000009 8.656273079806636e-08
71450.00000000009 4.23833473674983e-08
71500.00000000009 5.181320432847642e-08
71550.00000000009 5.965295437110222e-08
71600.00000000009 6.858787839793941e-08
71650.00000000009 5.4352446209997427e-08
71700.00000000009 4.1719709670856575e-08
71750.00000000009 6.761499608520639e-08
71800.00000000009 9.472251613502316e-08
71850.00000000009 8.963261563376552e-08
71900.00000000009 5.283384597911594e-08
71950.00000000009 6.895334394700839e-08
72000.00000000009 6.464321624551858e-08
72050.00000000009 4.073323256677289e-08
72100.00000000009 4.943846613178527e-08
72150.00000000009 4.598794087805433e-08
72200.00000000009 7.21372398429935e-08
72250.00000000009 8.161704388496724e-08
72300.00000000009 6.98938174696181e-08
72350.00000000009 7.252985439261064e-08
72400.00000000009 6.276553487402474e-08
72450.00000000009 4.974824442062468e-08
72500.00000000009 6.322019508811426e-08
72550.00000000009 3.2550667627901105e-08
72600.00000000009 4.346667767212563e-08
72650.00000000009 8.034250771023808e-08
72700.00000000009 6.698647692942674e-08
72750.00000000009 5.890466142037725e-08
72800.00000000009 4.72934732593012e-08
72850.00000000009 5.25778820690918e-08
72900.00000000009 7.808935260240668e-08
72950.00000000009 6.569449224748604e-08
73000.00000000009 6.510099436004221e-08
73050.00000000009 4.571595228116743e-08
73100.00000000009 4.7530731705054245e-08
73150.00000000009 9.776462350398193e-08
73200.00000000009 4.748829292353981e-08
73250.00000000009 6.21912103101652e-08
73300.00000000009 5.6601051845076246e-08
73350.00000000009 3.788708456884123e-08
73400.00000000009 5.680103790772383e-08
73450.00000000009 3.7263672778666e-08
73500.00000000009 3.501262441876483e-08
73550.00000000009 5.71741678037037e-08
73600.00000000009 4.170461112790987e-08
73650.00000000009 5.909327342394356e-08
73700.00000000009 6.700504724287474e-08
73750.00000000009 3.528750049659922e-08
73800.00000000009 5.175317896980412e-08
73850.00000000009 6.491164793120155e-08
73900.00000000009 5.994253127246031e-08
73950.00000000009 5.148684689954468e-08
74000.00000000009 3.835802599759318e-08
74050.00000000009 8.99513495878947e-08
74100.00000000009 5.4565689846023056e-08
74150.00000000009 5.6614765306171853e-08
74200.00000000009 4.964580012530745e-08
74250.00000000009 2.1123223674181347e-08
74300.00000000009 5.249715577094982e-08
74350.00000000009 7.300471532632521e-08
74400.00000000009 6.314209075373024e-08
74450.00000000009 3.319934509358162e-08
74500.00000000009 3.2769373381258864e-08
74550.00000000009 4.946101336635438e-08
74600.00000000009 4.564995778075301e-08
74650.00000000009 4.548605110318233e-08
74700.00000000009 3.242153644772271e-08
74750.00000000009 3.641634977408612e-08
74800.00000000009 4.1457334092918025e-08
74850.00000000009 3.4250598111890793e-08
74900.00000000009 6.83819057795318e-08
74950.00000000009 7.351406529221775e-08
75000.00000000009 4.533410539638192e-08
75050.00000000009 2.8098345028743675e-08
75100.00000000009 7.865904111356531e-08
75150.00000000009 6.719884097754365e-08
75200.00000000009 7.775372029298592e-08
75250.00000000009 8.138557792272979e-08
75300.00000000009 7.519704587773891e-08
75350.00000000009 3.7845075517881244e-08
75400.00000000009 8.274693952764612e-08
75450.00000000009 6.827610607962452e-08
75500.00000000009 5.950950168651584e-08
75550.00000000009 7.244813677782071e-08
75600.00000000009 9.842098483812834e-08
75650.00000000009 5.749333821223194e-08
75700.00000000009 6.59641852922949e-08
75750.00000000009 4.206210055623309e-08
75800.00000000009 6.741048247010844e-08
75850.00000000009 8.530871053186338e-08
75900.00000000009 7.062061998821538e-08
75950.00000000009 4.5961806167004135e-08
76000.00000000009 7.026421746900967e-08
76050.00000000009 7.191010404720464e-08
76100.00000000009 6.455111399331185e-08
76150.00000000009 7.509883694076682e-08
76200.00000000009 7.503209137428355e-08
76250.00000000009 8.746367621526249e-08
76300.00000000009 1.0769038589934134e-07
76350.00000000009 1.4176672936657852e-07
76400.00000000009 1.0083546295385336e-07
76450.00000000009 9.190829673889846e-08
76500.00000000009 7.503117392965258e-08
76550.00000000009 5.172345191152437e-08
76600.00000000009 1.837442346800164e-08
76650.00000000009 2.119422188937831e-08
76700.00000000009 2.471482298402887e-08
76750.00000000009 2.4558442493558875e-08
76800.00000000009 4.4524010878364225e-08
76850.00000000009 1.3926960904062226e-08
76900.00000000009 1.9601619855223528e-08
76950.00000000009 3.715557033676868e-08
77000.00000000009 4.3458730262769326e-08
77050.00000000009 2.348132204628843e-08
77100.00000000009 2.8591171259323302e-08
77150.00000000009 4.769803783500546e-08
77200.00000000009 3.7349117653536575e-08
77250.00000000009 4.24828077446545e-08
77300.00000000009 4.329336461027637e-08
77350.00000000009 2.2636975959943e-08
77400.00000000009 2.5045567683597837e-08
77450.00000000009 3.343378081899977e-08
77500.00000000009 3.0071956942389354e-08
77550.00000000009 3.67387554479806e-08
77600.00000000009 3.524876436107314e-08
77650.00000000009 3.545499139404155e-08
77700.00000000009 2.70669334242038e-08
77750.00000000009 5.498689743649339e-08
77800.00000000009 4.366321552885291e-08
77850.00000000009 7.788348979895636e-08
77900.00000000009 5.68269775698619e-08
77950.00000000009 2.6908929054515448e-08
78000.00000000009 4.641925851425788e-08
78050.00000000009 4.914829048851163e-08
78100.00000000009 3.948664644309117e-08
78150.00000000009 6.922887751466523e-08
78200.00000000009 6.356480003848571e-08
78250.00000000009 8.036701310852115e-08
78300.00000000009 6.455518676150389e-08
78350.00000000009 6.53134359252813e-08
78400.00000000009 4.6720885288121074e-08
78450.00000000009 7.81172113343538e-08
78500.00000000009 7.546815678344721e-08
78550.00000000009 8.391618925992461e-08
78600.00000000009 6.912739115315913e-08
78650.00000000009 2.2655827664331136e-08
78700.00000000009 4.284850875415073e-08
78750.00000000009 4.454269997756798e-08
78800.00000000009 6.755421189061329e-08
78850.00000000009 3.2874128222234607e-08
78900.00000000009 5.805159412104306e-08
78950.00000000009 5.791922396995112e-08
79000.00000000009 5.794908028179771e-08
79050.00000000009 5.198835213985749e-08
79100.00000000009 5.372970044308006e-08
79150.00000000009 5.88135045120403e-08
79200.00000000009 7.227493625822552e-08
79250.00000000009 5.3427375349043844e-08
79300.00000000009 3.991343909563056e-08
79350.00000000009 6.275469134297579e-08
79400.00000000009 4.926016932074554e-08
79450.00000000009 7.612074420081248e-08
79500.00000000009 1.0522781363583029e-07
79550.00000000009 7.997839035909047e-08
79600.00000000009 4.278521555508162e-08
79650.00000000009 6.499940841893761e-08
79700.00000000009 7.491898024709975e-08
79750.00000000009 7.703751818139031e-08
79800.00000000009 5.609766580761704e-08
79850.00000000009 6.257722822610006e-08
79900.00000000009 1.0779176422028329e-07
79950.00000000009 7.506097729993708e-08
