galfind/configs/Brown_Dwarf_templates/sonora_cholla/logkzz7/100g/850K_100g_logkzz7_resample.dat
# %ECSV 1.0
# ---
# datatype:
# - {name: wav, unit: Angstrom, datatype: float64}
# - {name: flux_nu, unit: erg / (cm2 Hz s), datatype: float64}
# schema: astropy-2.0
wav flux_nu
[from data line 774]
48700.000000000095 8.074800745406235e-08
48750.000000000095 4.3617923149925837e-08
48800.000000000095 7.763962189927966e-08
48850.000000000095 5.787449603663161e-08
48900.000000000095 8.326991715832457e-08
48950.000000000095 7.813358240900489e-08
49000.000000000095 6.473669057504498e-08
49050.000000000095 8.322509509077195e-08
49100.000000000095 5.785971655003437e-08
49150.000000000095 1.050876598091462e-07
49200.000000000095 5.810122127072927e-08
49250.000000000095 1.0897317629193591e-07
49300.000000000095 7.086783576051181e-08
49350.000000000095 8.1626455766277e-08
49400.000000000095 1.0204668705537108e-07
49450.000000000095 8.824452691371881e-08
49500.000000000095 8.979348716401394e-08
49550.000000000095 4.812241101885775e-08
49600.000000000095 9.676675728784542e-08
49650.000000000095 8.645108468119112e-08
49700.000000000095 8.306211913692918e-08
49750.000000000095 1.4918800441933723e-07
49800.000000000095 7.656534750310759e-08
49850.000000000095 1.6913041849923893e-07
49900.000000000095 1.100539811939471e-07
49950.000000000095 1.4041519794109416e-07
50000.000000000095 1.4271711403552595e-07
50050.000000000095 1.3178517353493315e-07
50100.000000000095 1.772150068085566e-07
50150.000000000095 7.3688794311656e-08
50200.000000000095 4.9088720513908455e-08
50250.000000000095 1.34259689975699e-07
50300.000000000095 9.543974722783649e-08
50350.000000000095 1.4197904610357912e-07
50400.000000000095 1.2787332733573646e-07
50450.000000000095 1.3586709657404006e-07
50500.000000000095 1.795311769004469e-07
50550.000000000095 1.4347975364751568e-07
50600.000000000095 1.6631807933757452e-07
50650.000000000095 1.47285776901754e-07
50700.000000000095 2.1110348642318181e-07
50750.000000000095 2.0107374219505388e-07
50800.000000000095 8.310234501425791e-08
50850.000000000095 8.557469354554197e-08
50900.000000000095 1.8857161352244024e-07
50950.000000000095 1.9603281221883467e-07
51000.000000000095 1.634395443089938e-07
51050.000000000095 1.645916297249856e-07
51100.000000000095 8.430133828862418e-08
51150.000000000095 1.2395679613166355e-07
51200.000000000095 2.0835620268550033e-07
51250.000000000095 1.8577625456557788e-07
51300.000000000095 1.1152149242775517e-07
51350.000000000095 1.5164989111294984e-07
51400.000000000095 9.619170807880115e-08
51450.000000000095 8.234689351127484e-08
51500.000000000095 7.193532351455495e-08
51550.000000000095 1.639843442055378e-07
51600.000000000095 1.1355377625628981e-07
51650.000000000095 1.6564022274469155e-07
51700.000000000095 1.6847665802673915e-07
51750.000000000095 1.0878268453028958e-07
51800.000000000095 2.29102641543884e-07
51850.000000000095 1.7943426331175576e-07
51900.000000000095 2.250834117101721e-07
51950.000000000095 1.705933843237557e-07
52000.000000000095 4.47500818177043e-08
52050.000000000095 1.0427213276995709e-07
52100.000000000095 8.866772158961658e-08
52150.000000000095 6.529694699108974e-08
52200.000000000095 8.541064181588837e-08
52250.000000000095 1.2335984914435363e-07
52300.000000000095 2.0608566742774893e-07
52350.000000000095 1.1029110500784734e-07
52400.000000000095 9.326291962533927e-08
52450.000000000095 1.816539351943494e-07
52500.000000000095 1.6912106370811082e-07
52550.000000000095 1.6575567173856277e-07
52600.000000000095 1.260820168495236e-07
52650.000000000095 1.50353633016084e-07
52700.000000000095 1.1939891373644353e-07
52750.000000000095 8.281110591334121e-08
52800.000000000095 9.342541813896275e-08
52850.000000000095 1.1612863562882584e-07
52900.000000000095 8.004497082544324e-08
52950.000000000095 8.796924338257427e-08
53000.000000000095 1.927493539034475e-07
53050.000000000095 6.9653917801527e-08
53100.000000000095 1.8320219423786857e-07
53150.000000000095 2.1234088930187386e-07
53200.000000000095 9.014668857907008e-08
53250.000000000095 1.9338176341805983e-07
53300.000000000095 1.9924180384064098e-07
53350.000000000095 1.8695118436761537e-07
53400.000000000095 1.8171664046044195e-07
53450.000000000095 6.789480517660762e-08
53500.000000000095 3.4645012902143836e-08
53550.000000000095 6.224101275845438e-08
53600.000000000095 1.1613207009477972e-07
53650.000000000095 1.0261541794445577e-07
53700.000000000095 8.944102601403728e-08
53750.000000000095 8.927172081337002e-08
53800.000000000095 8.957631161824462e-08
53850.000000000095 1.258074151232155e-07
53900.000000000095 1.306447222346505e-07
53950.000000000095 1.7191270334782555e-07
54000.000000000095 1.1293319020046293e-07
54050.000000000095 1.2134276447849047e-07
54100.000000000095 4.619634118840661e-08
54150.000000000095 7.148589737579272e-08
54200.000000000095 2.66333036124677e-08
54250.000000000095 3.962414558565176e-08
54300.000000000095 8.056975942835185e-08
54350.000000000095 1.1087900456036673e-07
54400.000000000095 1.0699345399288036e-07
54450.000000000095 8.980271903675948e-08
54500.000000000095 7.972791990587759e-08
54550.000000000095 7.037416429638458e-08
54600.000000000095 8.58170168035003e-08
54650.000000000095 3.291712450455926e-08
54700.000000000095 1.0091463923727332e-07
54750.000000000095 9.611518781038071e-08
54800.000000000095 6.109382765285816e-08
54850.000000000095 8.151276881709726e-08
54900.000000000095 1.1524623864610765e-07
54950.000000000095 1.696448238808695e-07
55000.000000000095 5.866342786920411e-08
55050.000000000095 9.770278650075143e-08
55100.000000000095 9.405008696393124e-08
55150.000000000095 6.538166212611066e-08
55200.000000000095 6.166387342625381e-08
55250.000000000095 7.98036685770113e-08
55300.000000000095 5.37483152260972e-08
55350.000000000095 1.0141166894294181e-07
55400.000000000095 1.2576305382111093e-07
55450.000000000095 7.834923753585432e-08
55500.000000000095 3.683649811725246e-08
55550.000000000095 4.981271373245104e-08
55600.000000000095 5.508438192984321e-08
55650.000000000095 5.081982566920605e-08
55700.000000000095 6.132703131042342e-08
55750.000000000095 6.570143083606817e-08
55800.000000000095 3.872092061484125e-08
55850.000000000095 4.122534058924573e-08
55900.000000000095 8.934307855189844e-08
55950.000000000095 1.2221536084835805e-07
56000.000000000095 4.910998521144703e-08
56050.000000000095 6.71890491602251e-08
56100.000000000095 8.869623955750111e-08
56150.000000000095 5.449663309610744e-08
56200.000000000095 6.781317565728718e-08
56250.000000000095 8.440812234747671e-08
56300.000000000095 7.605106458252869e-08
56350.000000000095 6.789809743261997e-08
56400.000000000095 3.575915630726117e-08
56450.000000000095 3.245270176058333e-08
56500.000000000095 5.362352661007498e-08
56550.000000000095 3.0894124694734794e-08
56600.000000000095 8.36061597850355e-08
56650.000000000095 8.565979636775346e-08
56700.000000000095 8.455625016655597e-08
56750.000000000095 3.49171092220226e-08
56800.000000000095 7.885324900898804e-08
56850.000000000095 6.94125960655053e-08
56900.000000000095 4.6346937332736586e-08
56950.000000000095 8.325332597203138e-08
57000.000000000095 9.642841227251956e-08
57050.000000000095 5.332886722375276e-08
57100.000000000095 2.3480230579525956e-08
57150.000000000095 3.8108322487869355e-08
57200.000000000095 3.199544580907807e-08
57250.000000000095 4.5706520694841766e-08
57300.000000000095 6.709247896644822e-08
57350.000000000095 3.5201811208882907e-08
57400.000000000095 7.276614542161069e-08
57450.000000000095 5.379309278171546e-08
57500.000000000095 5.1141408168682355e-08
57550.000000000095 7.205401784112807e-08
57600.000000000095 7.234388219375062e-08
57650.000000000095 2.1475941309555014e-08
57700.000000000095 3.236525790224902e-08
57750.000000000095 4.627385358329821e-08
57800.000000000095 1.9103051946297885e-08
57850.000000000095 1.1083285261259477e-07
57900.000000000095 1.2723711581307464e-07
57950.000000000095 1.1966568201275382e-07
58000.000000000095 4.7422516485406655e-08
58050.000000000095 7.526702084032668e-08
58100.000000000095 8.770390502323533e-08
58150.000000000095 5.6741622172470994e-08
58200.000000000095 2.348418792949818e-08
58250.000000000095 3.159202153165632e-08
58300.000000000095 3.10717412023998e-08
58350.000000000095 3.976347724625494e-08
58400.000000000095 6.866175007381089e-08
58450.000000000095 7.431070656920008e-08
58500.000000000095 6.863342956431156e-08
58550.000000000095 7.319477235475592e-08
58600.000000000095 3.491315312270339e-08
58650.000000000095 4.5080398150695174e-08
58700.000000000095 5.34765979284614e-08
58750.000000000095 5.2471240177886743e-08
58800.000000000095 1.6936440891421244e-08
58850.000000000095 4.178979977428546e-08
58900.000000000095 5.8479223220015556e-08
58950.000000000095 2.930668695330359e-08
59000.000000000095 5.82824085185029e-08
59050.000000000095 7.463337785653978e-08
59100.000000000095 8.404651487026903e-08
59150.000000000095 5.833174887144706e-08
59200.000000000095 6.418512978596183e-08
59250.000000000095 6.838106883151586e-08
59300.000000000095 5.868292175220097e-08
59350.000000000095 2.1251022846454506e-08
59400.000000000095 1.7501752756396343e-08
59450.000000000095 5.846525860894333e-08
59500.000000000095 3.098508475703322e-08
59550.000000000095 7.153124782710932e-08
59600.000000000095 7.972690554474737e-08
59650.000000000095 5.366394716535901e-08
59700.000000000095 3.5745079363632715e-08
59750.000000000095 9.611877833798081e-08
59800.000000000095 4.8247130355119414e-08
59850.000000000095 6.969045083599238e-08
59900.000000000095 2.8448110866269545e-08
59950.000000000095 5.736966944276863e-08
60000.000000000095 1.1167178966719086e-07
60050.000000000095 9.927978908628565e-08
60100.000000000095 8.840455473423479e-08
60150.000000000095 4.8930135965419575e-08
60200.000000000095 7.411198735475757e-08
60250.000000000095 1.0072321769214503e-07
60300.000000000095 9.016118346542049e-08
60350.000000000095 5.999058106591925e-08
60400.000000000095 6.992388406589036e-08
60450.000000000095 2.71283969972982e-08
60500.000000000095 1.3860966142870187e-08
60550.000000000095 6.752723580906993e-08
60600.000000000095 7.481382238843478e-08
60650.000000000095 5.3977833900737084e-08
60700.000000000095 4.192489459038938e-08
60750.000000000095 2.7081320137454312e-08
60800.000000000095 7.755525138823463e-08
60850.000000000095 1.2634548294207066e-07
60900.000000000095 1.1621847965525775e-07
60950.000000000095 9.690685056188057e-08
61000.000000000095 7.438364050185908e-08
61050.000000000095 4.111728867886091e-08
61100.000000000095 5.639621672697234e-08
61150.000000000095 2.1260042271815788e-08
61200.000000000095 8.576878901432021e-08
61250.000000000095 1.1056580677175772e-07
61300.000000000095 9.865702594335583e-08
61350.000000000095 1.2857460962717955e-07
61400.000000000095 6.619639379699215e-08
61450.000000000095 3.3575545349087715e-08
61500.000000000095 4.769979647384004e-08
61550.000000000095 5.332213656521669e-08
61600.000000000095 3.301929935127121e-08
61650.000000000095 6.307801769994848e-08
61700.000000000095 5.6677901243202784e-08
61750.000000000095 6.536924690625614e-08
61800.000000000095 7.081683937707554e-08
61850.000000000095 3.368147376382888e-08
61900.000000000095 9.715378289592716e-08
61950.000000000095 1.0705368010429737e-07
62000.000000000095 1.0523224399206384e-07
62050.000000000095 9.877289848144792e-08
62100.000000000095 9.228436595240002e-08
62150.000000000095 1.0813330602398646e-07
62200.000000000095 9.283580954239327e-08
62250.000000000095 8.46918442418789e-08
62300.000000000095 1.4930260714585367e-07
62350.000000000095 1.1584078998985914e-07
62400.000000000095 5.696609114578102e-08
62450.000000000095 8.229886220555943e-08
62500.000000000095 1.3570717886540273e-07
62550.000000000095 1.310746532126964e-07
62600.000000000095 1.3858476274372087e-07
62650.000000000095 1.015254502626865e-07
62700.000000000095 1.0262521919164075e-07
62750.000000000095 1.3571000641020285e-07
62800.000000000095 7.487186150430037e-08
62850.000000000095 1.1695949384523578e-07
62900.000000000095 8.273091604912311e-08
62950.000000000095 1.3995911407065775e-07
63000.000000000095 1.093981524330465e-07
63050.000000000095 1.711018534346599e-07
63100.000000000095 1.52621426623856e-07
63150.000000000095 1.0230384521203147e-07
63200.000000000095 1.2881717069680966e-07
63250.000000000095 1.1005185457673679e-07
63300.000000000095 1.2158677679731743e-07
63350.000000000095 1.099322837522181e-07
63400.000000000095 5.252130495368444e-08
63450.000000000095 3.594908650667794e-08
63500.000000000095 9.527313841820462e-08
63550.000000000095 1.0106666551473113e-07
63600.000000000095 1.1788102963804252e-07
63650.000000000095 7.577636386145298e-08
63700.000000000095 3.884117306828743e-08
63750.000000000095 7.013313522893929e-08
63800.000000000095 1.1195151546185419e-07
63850.000000000095 9.149374467237488e-08
63900.000000000095 4.6462589566542184e-08
63950.000000000095 8.727648547622092e-08
64000.000000000095 1.0022350780192866e-07
64050.000000000095 5.523802883202377e-08
64100.000000000095 1.7393616569791593e-08
64150.000000000095 2.6648949326324194e-08
64200.000000000095 3.134360611809772e-08
64250.000000000095 6.301785013124057e-08
64300.000000000095 4.7024959270569133e-08
64350.000000000095 3.977424071216186e-08
64400.000000000095 7.928286684554587e-08
64450.000000000095 8.789406317698187e-08
64500.000000000095 3.9161432953128226e-08
64550.000000000095 6.971511936112264e-08
64600.000000000095 3.564659808747316e-08
64650.000000000095 6.375105352032999e-08
64700.000000000095 2.9220371184102342e-08
64750.000000000095 4.2161296934039045e-08
64800.000000000095 3.640025492510104e-08
64850.000000000095 2.8340265394107224e-08
64900.000000000095 3.1934751058460445e-08
64950.000000000095 2.8767848479943513e-08
65000.000000000095 3.939244396001469e-08
65050.000000000095 5.1452172725348616e-08
65100.000000000095 6.742531166863371e-08
65150.000000000095 3.5943131134532276e-08
65200.000000000095 2.4444961301756036e-08
65250.000000000095 5.775202187612359e-08
65300.000000000095 4.370198835174175e-08
65350.000000000095 1.0528850271109398e-07
65400.000000000095 4.657361301201995e-08
65450.000000000095 4.8223231590487227e-08
65500.000000000095 5.940481930100064e-08
65550.00000000009 3.186287235732873e-08
65600.00000000009 5.13330845589479e-08
65650.00000000009 4.446424150896988e-08
65700.00000000009 4.213980357106938e-08
65750.00000000009 2.9670350412397965e-08
65800.00000000009 5.005025086724774e-08
65850.00000000009 6.571126597509061e-08
65900.00000000009 2.8327944762324255e-08
65950.00000000009 3.157131290674803e-08
66000.00000000009 4.406699055773952e-08
66050.00000000009 8.942066455004067e-08
66100.00000000009 5.02641521850023e-08
66150.00000000009 3.819258705182811e-08
66200.00000000009 3.794717094855805e-08
66250.00000000009 3.2749262284195576e-08
66300.00000000009 1.4513239652159216e-08
66350.00000000009 1.8492757541133905e-08
66400.00000000009 2.99613657414104e-08
66450.00000000009 6.104426670088432e-08
66500.00000000009 8.364811653269099e-08
66550.00000000009 8.412432654449075e-08
66600.00000000009 6.257367097838484e-08
66650.00000000009 5.1985731542465334e-08
66700.00000000009 4.4575128585109914e-08
66750.00000000009 3.932121903300913e-08
66800.00000000009 5.3837316574108075e-08
66850.00000000009 3.4936086551264166e-08
66900.00000000009 7.91249297915773e-08
66950.00000000009 8.891839848237804e-08
67000.00000000009 8.362427868928787e-08
67050.00000000009 5.420515751818457e-08
67100.00000000009 3.755614057440896e-08
67150.00000000009 4.181987052238053e-08
67200.00000000009 5.7657369446917724e-08
67250.00000000009 5.5271545580310694e-08
67300.00000000009 7.020590345740537e-08
67350.00000000009 4.1184838868271434e-08
67400.00000000009 9.384426218246104e-08
67450.00000000009 6.574248217903874e-08
67500.00000000009 5.610922255832059e-08
67550.00000000009 8.094267975879672e-08
67600.00000000009 1.3524006560624822e-07
67650.00000000009 9.90991073214906e-08
67700.00000000009 6.582355036147276e-08
67750.00000000009 5.088589318373604e-08
67800.00000000009 7.48540659658517e-08
67850.00000000009 3.721070863033836e-08
67900.00000000009 4.8200591688973696e-08
67950.00000000009 3.396648489498874e-08
68000.00000000009 5.7994386599511583e-08
68050.00000000009 8.334527691201499e-08
