galfind/configs/Brown_Dwarf_templates/sonora_cholla/logkzz7/100g/900K_100g_logkzz7_resample.dat
# %ECSV 1.0
# ---
# datatype:
# - {name: wav, unit: Angstrom, datatype: float64}
# - {name: flux_nu, unit: erg / (cm2 Hz s), datatype: float64}
# schema: astropy-2.0
wav flux_nu
10000.000000000093 nan
10050.000000000093 1.0500715058067627e-07
10100.000000000093 1.2782883379696912e-07
10150.000000000093 1.3856720157052766e-07
10200.000000000093 1.5786701500824073e-07
10250.000000000093 1.7590799971764402e-07
10300.000000000093 1.8909214556539003e-07
10350.000000000093 2.18357624372231e-07
10400.000000000093 2.417207662900357e-07
10450.000000000093 2.504622864632161e-07
10500.000000000093 2.4926600286986775e-07
10550.000000000093 2.5407533411095954e-07
10600.000000000093 2.6001132992056426e-07
10650.000000000093 2.7446883198515166e-07
10700.000000000093 2.815145279258672e-07
10750.000000000093 2.9097450362980007e-07
10800.000000000093 2.882487596522181e-07
10850.000000000093 2.8356077179651344e-07
10900.000000000093 2.002883783226888e-07
10950.000000000093 9.963221716973817e-08
11000.000000000093 7.405549960155665e-08
11050.000000000093 5.1638828961590886e-08
11100.000000000093 3.876676200650097e-08
11150.000000000093 2.5754399812598578e-08
11200.000000000093 2.5476971613089668e-08
11250.000000000093 3.214583866792033e-08
11300.000000000093 3.196696920749086e-08
11350.000000000093 1.5019251182940248e-08
11400.000000000093 3.445320125488023e-08
11450.000000000093 2.490188713217157e-08
11500.000000000093 2.84734998460226e-08
11550.000000000093 1.7311121068936773e-08
11600.000000000093 1.8337972404364042e-08
11650.000000000093 2.3588293435331597e-08
11700.000000000093 2.7406320885329845e-08
11750.000000000093 1.826236880832677e-08
11800.000000000093 3.541582160169905e-08
11850.000000000093 5.1160437045812015e-08
11900.000000000093 5.7789589878880884e-08
11950.000000000093 8.346428127785755e-08
12000.000000000093 1.0128510519879663e-07
12050.000000000093 1.2571054320358134e-07
12100.000000000093 1.479207803450294e-07
12150.000000000093 1.6957271462662097e-07
12200.000000000093 1.9896084434458324e-07
12250.000000000093 2.3071253787262197e-07
12300.000000000093 2.62122527225561e-07
12350.000000000093 2.7973422622471245e-07
12400.000000000093 3.2017970996817433e-07
12450.000000000093 3.6898365385117444e-07
12500.000000000093 3.9556376606906583e-07
12550.000000000093 4.203760770536392e-07
12600.000000000093 4.139422323265469e-07
12650.000000000093 4.0516964235689314e-07
12700.000000000093 4.0455087169310794e-07
12750.000000000093 3.745492705678259e-07
12800.000000000093 3.7070918353895157e-07
12850.000000000093 3.0768975342556315e-07
12900.000000000093 2.666879869495879e-07
12950.000000000093 2.6420470479637706e-07
13000.000000000093 2.615279634654681e-07
13050.000000000093 2.371801420134715e-07
13100.000000000093 2.1598361892742307e-07
13150.000000000093 1.7363728196095758e-07
13200.000000000093 1.60646141671749e-07
13250.000000000093 1.1640314866036604e-07
13300.000000000093 5.959498858553046e-08
13350.000000000093 1.8696638963224628e-08
13400.000000000093 8.893155823329548e-09
13450.000000000093 4.601346512905491e-09
13500.000000000093 2.4119058279561815e-09
13550.000000000093 1.7512644216623616e-09
13600.000000000093 9.42218332966213e-10
13650.000000000093 2.9967360733404364e-09
13700.000000000093 2.113201344623402e-09
13750.000000000093 3.069574314831237e-09
13800.000000000093 4.045111734662273e-09
13850.000000000093 2.698299199696323e-09
13900.000000000093 2.929957068024484e-09
13950.000000000093 2.6999157962523245e-09
14000.000000000093 2.5882544100674446e-09
14050.000000000093 3.4290528508379484e-09
14100.000000000093 2.571029454864626e-09
14150.000000000093 3.962273924030574e-09
14200.000000000093 2.7475638325296464e-09
14250.000000000093 3.034365992332173e-09
14300.000000000093 5.64213503519262e-09
14350.000000000093 5.037673810612822e-09
14400.000000000093 5.867512013883273e-09
14450.000000000093 6.7437589312062075e-09
14500.000000000093 1.3190830230509648e-08
14550.000000000093 1.3492896967406878e-08
14600.000000000093 1.8752090541538323e-08
14650.000000000093 1.9624264102237458e-08
14700.000000000093 1.2748987461933932e-08
14750.000000000093 1.8319332412137857e-08
14800.000000000093 2.3896515187641786e-08
14850.000000000093 2.4238024272049757e-08
14900.000000000093 2.7109044283363473e-08
14950.000000000093 3.2010643890789164e-08
15000.000000000093 3.6092409369917385e-08
15050.000000000093 4.3491810696946685e-08
15100.000000000093 5.097669308286904e-08
15150.000000000093 5.367933094352624e-08
15200.000000000093 5.124082518194529e-08
15250.000000000093 6.700001897551397e-08
15300.000000000093 8.005754880307935e-08
15350.000000000093 9.688030482589946e-08
15400.000000000093 1.0795237407867825e-07
15450.000000000093 1.2253793297731651e-07
15500.000000000093 1.3119548209723214e-07
15550.000000000093 1.5551530070768745e-07
15600.000000000093 1.5553106078088457e-07
15650.000000000093 1.6803775938778914e-07
15700.000000000093 1.997622728865261e-07
15750.000000000093 2.1748696687999222e-07
15800.000000000093 2.0604010275168505e-07
15850.000000000093 2.2194498145693534e-07
15900.000000000093 2.1807296631522438e-07
15950.000000000093 2.132628660036123e-07
16000.000000000093 1.9641810905747564e-07
16050.000000000093 1.662187681366638e-07
16100.000000000093 1.420598370453219e-07
16150.000000000093 1.047342709711428e-07
16200.000000000093 7.714185429999307e-08
16250.000000000093 7.726213368009325e-08
16300.000000000093 6.429916496034965e-08
16350.000000000093 6.999144966847032e-08
16400.000000000095 7.830850217638702e-08
16450.000000000095 8.457406200679978e-08
16500.000000000095 8.858608913134906e-08
16550.000000000095 8.334284924701907e-08
16600.000000000095 8.486743136273187e-08
16650.000000000095 6.315630235181307e-08
16700.000000000095 3.2278003170868e-08
16750.000000000095 4.637461940671437e-08
16800.000000000095 6.68063608626388e-08
16850.000000000095 6.550674432442995e-08
16900.000000000095 5.526547051703369e-08
16950.000000000095 5.056537716587145e-08
17000.000000000095 4.21138479228795e-08
17050.000000000095 5.2951822473535635e-08
17100.000000000095 5.940093154369942e-08
17150.000000000095 4.744332748580793e-08
17200.000000000095 6.400414389065234e-08
17250.000000000095 5.175956494217577e-08
17300.000000000095 4.352669095227757e-08
17350.000000000095 4.3530178915799195e-08
17400.000000000095 4.3448832097963324e-08
17450.000000000095 4.4803587434322e-08
17500.000000000095 4.995580447706556e-08
17550.000000000095 4.161566812106281e-08
17600.000000000095 3.598236933050503e-08
17650.000000000095 3.4903106756254526e-08
17700.000000000095 2.5575133049380378e-08
17750.000000000095 2.169708240060913e-08
17800.000000000095 2.838119125508335e-08
17850.000000000095 1.7898382857274424e-08
17900.000000000095 2.068646283368791e-08
17950.000000000095 1.3987296371754479e-08
18000.000000000095 1.6614951288928806e-08
18050.000000000095 1.4379499171285996e-08
18100.000000000095 1.2320513707783302e-08
18150.000000000095 1.837770674154546e-08
18200.000000000095 1.005751148017274e-08
18250.000000000095 2.422592837083566e-08
18300.000000000095 1.2709805669464484e-08
18350.000000000095 1.0982840032253847e-08
18400.000000000095 9.293604740229774e-09
18450.000000000095 1.357858681362155e-08
18500.000000000095 1.4785407294981502e-08
18550.000000000095 1.085417775468301e-08
18600.000000000095 9.91070853271774e-09
18650.000000000095 7.931738739986983e-09
18700.000000000095 6.808849589322053e-09
18750.000000000095 9.59938408235104e-09
18800.000000000095 2.1144371037843552e-08
18850.000000000095 2.27512558370906e-08
18900.000000000095 2.0442143326516068e-08
18950.000000000095 3.387921370170736e-08
19000.000000000095 1.9877949835136695e-08
19050.000000000095 1.4460301015367716e-08
19100.000000000095 2.7735166851288824e-08
19150.000000000095 1.8865571654739965e-08
19200.000000000095 2.3950456792167966e-08
19250.000000000095 1.9593496601182384e-08
19300.000000000095 1.5953725010157745e-08
19350.000000000095 1.554947879016182e-08
19400.000000000095 9.773520735417187e-09
19450.000000000095 1.9200652265649854e-08
19500.000000000095 1.710124633095229e-08
19550.000000000095 1.4198693267866996e-08
19600.000000000095 2.0104327250265798e-08
19650.000000000095 2.253274822550627e-08
19700.000000000095 2.364284885917866e-08
19750.000000000095 2.625216756579564e-08
19800.000000000095 2.99186715162018e-08
19850.000000000095 3.691511078100225e-08
19900.000000000095 2.819579087940748e-08
19950.000000000095 4.316150517482684e-08
20000.000000000095 4.2379621440403976e-08
20050.000000000095 4.38639811216966e-08
20100.000000000095 4.9802700251647695e-08
20150.000000000095 4.556095851570894e-08
20200.000000000095 5.4148188705494334e-08
20250.000000000095 6.266370621746272e-08
20300.000000000095 5.683948988462492e-08
20350.000000000095 6.580539970933797e-08
20400.000000000095 6.432059744152e-08
20450.000000000095 7.716808912224712e-08
20500.000000000095 7.8613154523009e-08
20550.000000000095 7.610606300408815e-08
20600.000000000095 8.666682921201746e-08
20650.000000000095 8.23656257081113e-08
20700.000000000095 8.260224179644289e-08
20750.000000000095 9.019566811028952e-08
20800.000000000095 8.712434256089183e-08
20850.000000000095 8.872394869520637e-08
20900.000000000095 9.184615143807545e-08
20950.000000000095 8.615986393210207e-08
21000.000000000095 9.011934795056466e-08
21050.000000000095 8.558812164422195e-08
21100.000000000095 8.488898575279537e-08
21150.000000000095 8.503944309280693e-08
21200.000000000095 8.110909681199366e-08
21250.000000000095 8.224591504005881e-08
21300.000000000095 7.458583697623868e-08
21350.000000000095 7.627833244728049e-08
21400.000000000095 7.03858398567386e-08
21450.000000000095 6.680846913440424e-08
21500.000000000095 6.865492329300625e-08
21550.000000000095 6.452240013210934e-08
21600.000000000095 6.18396071199853e-08
21650.000000000095 5.5522332433286786e-08
21700.000000000095 5.906588231015856e-08
21750.000000000095 5.517447636466469e-08
21800.000000000095 5.006812970252114e-08
21850.000000000095 4.4759357511406705e-08
21900.000000000095 4.165512812470666e-08
21950.000000000095 2.4009855446585636e-08
22000.000000000095 1.3685817110113263e-08
22050.000000000095 1.1336651664719298e-08
22100.000000000095 1.9279120335076872e-08
22150.000000000095 2.2761702884238423e-08
22200.000000000095 2.1121119816847395e-08
22250.000000000095 1.989292186640043e-08
22300.000000000095 1.7850694743770516e-08
22350.000000000095 1.700507346337145e-08
22400.000000000095 1.3179881491288572e-08
22450.000000000095 1.2088206753107252e-08
22500.000000000095 1.3241151564472458e-08
22550.000000000095 7.845507898446548e-09
22600.000000000095 1.030385032876892e-08
22650.000000000095 1.1511893948602588e-08
22700.000000000095 9.760034033981951e-09
22750.000000000095 1.0683583660157074e-08
22800.000000000095 9.659471837761897e-09
22850.000000000095 8.578548808184448e-09
22900.000000000095 7.189878689500937e-09
22950.000000000095 7.216788741397955e-09
23000.000000000095 5.993104474601122e-09
23050.000000000095 7.936630230065714e-09
23100.000000000095 1.33698095216131e-08
23150.000000000095 1.2462731786657189e-08
23200.000000000095 4.5644757775807285e-09
23250.000000000095 5.0775908123175336e-09
23300.000000000095 5.492839978851571e-09
23350.000000000095 4.437322188026109e-09
23400.000000000095 6.891354975736537e-09
23450.000000000095 6.057325741505324e-09
23500.000000000095 5.784722406570948e-09
23550.000000000095 8.374729097843143e-09
23600.000000000095 8.804719143357385e-09
23650.000000000095 1.07041087784146e-08
23700.000000000095 5.4341384035404475e-09
23750.000000000095 4.8366276225652226e-09
23800.000000000095 7.71787852426138e-09
23850.000000000095 7.0929338407746505e-09
23900.000000000095 1.1692327014648215e-08
23950.000000000095 1.1489971489578854e-08
24000.000000000095 1.55585970927981e-08
24050.000000000095 1.724585560354197e-08
24100.000000000095 1.3741456767569344e-08
24150.000000000095 1.490934159999302e-08
24200.000000000095 1.5927997229437993e-08
24250.000000000095 1.389115672386747e-08
24300.000000000095 1.6962416420708116e-08
24350.000000000095 1.4014899001178786e-08
24400.000000000095 2.3689642695842613e-08
24450.000000000095 1.866732951710199e-08
24500.000000000095 2.1290326083631473e-08
24550.000000000095 2.207185064769318e-08
24600.000000000095 2.5567776782973277e-08
24650.000000000095 2.8293341592925902e-08
24700.000000000095 2.091072068260832e-08
24750.000000000095 2.0251708864059293e-08
24800.000000000095 2.0860161491291833e-08
24850.000000000095 3.0377380470785653e-08
24900.000000000095 1.4310315142395743e-08
24950.000000000095 2.5209328331140248e-08
25000.000000000095 2.3870465705465496e-08
25050.000000000095 1.5775972509319485e-08
25100.000000000095 2.118116846288797e-08
25150.000000000095 1.2453105569954032e-08
25200.000000000095 1.760176743860677e-08
25250.000000000095 9.544938475126015e-09
25300.000000000095 1.4595756280657682e-08
25350.000000000095 7.0373900436987985e-09
25400.000000000095 1.5128266934221205e-08
25450.000000000095 8.43715843028062e-09
25500.000000000095 8.054045488776372e-09
25550.000000000095 1.1321100444055542e-08
25600.000000000095 7.785501004684252e-09
25650.000000000095 5.379198901124181e-09
25700.000000000095 1.0609427032764639e-08
25750.000000000095 4.525604015683488e-09
25800.000000000095 1.1995565265975648e-08
25850.000000000095 4.410736320053962e-09
25900.000000000095 6.8477736570704315e-09
25950.000000000095 3.381062788675226e-09
26000.000000000095 1.1843979695721792e-08
26050.000000000095 5.4193167808397695e-09
26100.000000000095 1.1848395346823219e-08
26150.000000000095 8.64528310585238e-09
26200.000000000095 1.015897073517904e-08
26250.000000000095 1.8789466076111353e-08
26300.000000000095 9.830137852071609e-09
26350.000000000095 2.207854636240584e-08
26400.000000000095 2.7966405691231315e-08
26450.000000000095 2.2378040746459765e-08
26500.000000000095 2.205955774259366e-08
26550.000000000095 1.2817561521738437e-08
26600.000000000095 1.551944962734202e-08
26650.000000000095 5.783200474590589e-09
26700.000000000095 3.7008915370394716e-09
26750.000000000095 3.668170328447687e-09
26800.000000000095 6.058686701357224e-09
26850.000000000095 3.6969137369333266e-09
26900.000000000095 1.0118138814686016e-08
26950.000000000095 4.426906766836221e-09
27000.000000000095 1.4624548218195851e-08
27050.000000000095 1.3080145624069628e-08
27100.000000000095 6.771254728310417e-09
27150.000000000095 1.8150243383325136e-08
27200.000000000095 6.819193852216322e-09
27250.000000000095 1.0113251588301155e-08
27300.000000000095 3.1280193626839895e-08
27350.000000000095 1.9391021026019186e-08
27400.000000000095 3.4628438873517947e-09
27450.000000000095 2.3393690015724424e-08
27500.000000000095 2.6826170773246884e-08
27550.000000000095 9.172089309335325e-09
27600.000000000095 1.8141494105731614e-08
27650.000000000095 7.543322839354076e-09
27700.000000000095 5.775706698130988e-09
27750.000000000095 1.884121658467177e-08
27800.000000000095 8.447803643531489e-09
27850.000000000095 1.0003822911611696e-08
27900.000000000095 1.3201424291225916e-08
27950.000000000095 1.9376322202617237e-08
28000.000000000095 1.7922776069827734e-08
28050.000000000095 6.1536733282947494e-09
28100.000000000095 2.4983507514263106e-08
28150.000000000095 1.624457487599604e-08
28200.000000000095 5.907314468172514e-09
28250.000000000095 2.5623472797260175e-08
28300.000000000095 3.5616085469325865e-08
28350.000000000095 8.241757952560634e-09
28400.000000000095 2.106262904350371e-08
28450.000000000095 2.8732337422901227e-08
28500.000000000095 2.014990699799903e-08
28550.000000000095 7.147503876111554e-09
28600.000000000095 2.770364978792706e-08
28650.000000000095 2.646756239687815e-08
28700.000000000095 2.2417266169333424e-08
28750.000000000095 3.517547351401469e-08
28800.000000000095 2.9734270919338297e-08
28850.000000000095 3.831922059218182e-08
28900.000000000095 1.6513387795812244e-08
28950.000000000095 4.487784651051229e-08
29000.000000000095 2.8179252363448313e-08
29050.000000000095 3.46210366208525e-08
29100.000000000095 2.1321013008737794e-08
29150.000000000095 4.8723628953016324e-08
29200.000000000095 3.053525888077444e-08
29250.000000000095 4.4747248824441444e-08
29300.000000000095 2.612858947774478e-08
