galfind/configs/Brown_Dwarf_templates/sonora_cholla/logkzz7/100g/950K_100g_logkzz7_resample.dat
# %ECSV 1.0
# ---
# datatype:
# - {name: wav, unit: Angstrom, datatype: float64}
# - {name: flux_nu, unit: erg / (cm2 Hz s), datatype: float64}
# schema: astropy-2.0
wav flux_nu
[from data line 775]
48750.000000000095 6.706498839202816e-08
48800.000000000095 1.125263120677711e-07
48850.000000000095 8.45612023197155e-08
48900.000000000095 1.212780713608917e-07
48950.000000000095 1.0999496746906965e-07
49000.000000000095 9.318147511924729e-08
49050.000000000095 1.1668830835229277e-07
49100.000000000095 8.269081538004445e-08
49150.000000000095 1.415838781118978e-07
49200.000000000095 8.590687822337393e-08
49250.000000000095 1.4622279944938225e-07
49300.000000000095 1.0178240962528433e-07
49350.000000000095 1.1629417617527883e-07
49400.000000000095 1.42167350703742e-07
49450.000000000095 1.225256211010651e-07
49500.000000000095 1.2579146148709172e-07
49550.000000000095 7.566706695674136e-08
49600.000000000095 1.334838427124285e-07
49650.000000000095 1.1871252680803339e-07
49700.000000000095 1.1017422089213068e-07
49750.000000000095 1.9288656800726799e-07
49800.000000000095 1.0716994421017276e-07
49850.000000000095 2.1324051716930353e-07
49900.000000000095 1.450550359046065e-07
49950.000000000095 1.7882163424149696e-07
50000.000000000095 1.885020218070682e-07
50050.000000000095 1.684647697353829e-07
50100.000000000095 2.3166542332299958e-07
50150.000000000095 1.0548540862782985e-07
50200.000000000095 7.944789268459274e-08
50250.000000000095 1.8621932169701918e-07
50300.000000000095 1.3091955316264078e-07
50350.000000000095 1.8588935385687855e-07
50400.000000000095 1.6641214893366663e-07
50450.000000000095 1.7710642864129332e-07
50500.000000000095 2.2451576595979542e-07
50550.000000000095 1.8155265688817888e-07
50600.000000000095 2.155712665952664e-07
50650.000000000095 1.874704921601024e-07
50700.000000000095 2.6267614258270086e-07
50750.000000000095 2.6011267656821054e-07
50800.000000000095 1.1858332476283474e-07
50850.000000000095 1.334256248492069e-07
50900.000000000095 2.432891601241791e-07
50950.000000000095 2.573949052992744e-07
51000.000000000095 2.2132542941966896e-07
51050.000000000095 2.0924441045288125e-07
51100.000000000095 1.248973425859876e-07
51150.000000000095 1.6938588075145843e-07
51200.000000000095 2.588811214457563e-07
51250.000000000095 2.4241758267267374e-07
51300.000000000095 1.492515731206244e-07
51350.000000000095 2.0245421875358832e-07
51400.000000000095 1.4554373573238877e-07
51450.000000000095 1.2511232674219442e-07
51500.000000000095 1.110729668347116e-07
51550.000000000095 2.2616832357584598e-07
51600.000000000095 1.5425354581762821e-07
51650.000000000095 2.2026388478557488e-07
51700.000000000095 2.2479502895219451e-07
51750.000000000095 1.4793428319210363e-07
51800.000000000095 3.0009700015352913e-07
51850.000000000095 2.3101890965472462e-07
51900.000000000095 2.9150334165449604e-07
51950.000000000095 2.3758570718987076e-07
52000.000000000095 7.672444319848691e-08
52050.000000000095 1.509619852387927e-07
52100.000000000095 1.364033284250803e-07
52150.000000000095 1.0721394348743997e-07
52200.000000000095 1.2844763905676886e-07
52250.000000000095 1.6569430375500442e-07
52300.000000000095 2.7215429994696985e-07
52350.000000000095 1.7117712246027153e-07
52400.000000000095 1.3737411517170106e-07
52450.000000000095 2.3854731028120034e-07
52500.000000000095 2.2138723345774483e-07
52550.000000000095 2.2408459925359397e-07
52600.000000000095 1.716639154582465e-07
52650.000000000095 2.1293166414631093e-07
52700.000000000095 1.6628018151177873e-07
52750.000000000095 1.257631585772335e-07
52800.000000000095 1.367176515183716e-07
52850.000000000095 1.6608844650710256e-07
52900.000000000095 1.2381210942990874e-07
52950.000000000095 1.3104553840729803e-07
53000.000000000095 2.667081030976234e-07
53050.000000000095 1.0747652633623688e-07
53100.000000000095 2.4657513895532544e-07
53150.000000000095 2.817501959944642e-07
53200.000000000095 1.282504751683656e-07
53250.000000000095 2.578688065834515e-07
53300.000000000095 2.6387736337049954e-07
53350.000000000095 2.4452295641959434e-07
53400.000000000095 2.5630956399442367e-07
53450.000000000095 1.1039669481543472e-07
53500.000000000095 6.407175302179187e-08
53550.000000000095 1.064054867505327e-07
53600.000000000095 1.7019043093120347e-07
53650.000000000095 1.4674982871445344e-07
53700.000000000095 1.3196471365938235e-07
53750.000000000095 1.3367046889657316e-07
53800.000000000095 1.3547315843710974e-07
53850.000000000095 1.8309490283409436e-07
53900.000000000095 1.7415300825947998e-07
53950.000000000095 2.3570194284044748e-07
54000.000000000095 1.6228637246167965e-07
54050.000000000095 1.6824144913145514e-07
54100.000000000095 7.617235810896469e-08
54150.000000000095 1.140597179863086e-07
54200.000000000095 5.183811914122017e-08
54250.000000000095 6.546236860346165e-08
54300.000000000095 1.206263939107008e-07
54350.000000000095 1.6207141031183232e-07
54400.000000000095 1.614490304393485e-07
54450.000000000095 1.3382732488334383e-07
54500.000000000095 1.2363743501633117e-07
54550.000000000095 1.0583591981259082e-07
54600.000000000095 1.3308381023766432e-07
54650.000000000095 6.200715249579822e-08
54700.000000000095 1.542371561985995e-07
54750.000000000095 1.5014709135756568e-07
54800.000000000095 1.0143952827067284e-07
54850.000000000095 1.2649153378153752e-07
54900.000000000095 1.7089794212598334e-07
54950.000000000095 2.4162281631802303e-07
55000.000000000095 9.57319296957411e-08
55050.000000000095 1.4701055956059788e-07
55100.000000000095 1.3363301074551454e-07
55150.000000000095 1.0399736088537008e-07
55200.000000000095 9.988093523280867e-08
55250.000000000095 1.215284474121572e-07
55300.000000000095 8.574198892428717e-08
55350.000000000095 1.4599571915231716e-07
55400.000000000095 1.8486771781250226e-07
55450.000000000095 1.2435062526120997e-07
55500.000000000095 6.369562817782375e-08
55550.000000000095 8.772671048402531e-08
55600.000000000095 8.837668811118184e-08
55650.000000000095 7.920290701694925e-08
55700.000000000095 9.923745132085772e-08
55750.000000000095 1.1069391125525791e-07
55800.000000000095 7.110498186158509e-08
55850.000000000095 7.032992176414201e-08
55900.000000000095 1.3853426548705434e-07
55950.000000000095 1.8634922329361705e-07
56000.000000000095 8.175964835278024e-08
56050.000000000095 1.1075019114706434e-07
56100.000000000095 1.3627351519007685e-07
56150.000000000095 9.24329057166607e-08
56200.000000000095 1.094391830098689e-07
56250.000000000095 1.2092619848130888e-07
56300.000000000095 1.21218566772389e-07
56350.000000000095 1.1534040171597441e-07
56400.000000000095 6.959424038153823e-08
56450.000000000095 6.241945727062163e-08
56500.000000000095 8.615448689296091e-08
56550.000000000095 5.559976152613651e-08
56600.000000000095 1.3013605387955028e-07
56650.000000000095 1.2808350885908116e-07
56700.000000000095 1.3552555539584107e-07
56750.000000000095 6.421134226489588e-08
56800.000000000095 1.3014514277410393e-07
56850.000000000095 1.0841083145110334e-07
56900.000000000095 8.041788543029561e-08
56950.000000000095 1.3264863457110446e-07
57000.000000000095 1.4562165593559532e-07
57050.000000000095 8.956760424616911e-08
57100.000000000095 4.475910075339201e-08
57150.000000000095 6.84255584974925e-08
57200.000000000095 5.670983179781378e-08
57250.000000000095 8.161632354035441e-08
57300.000000000095 1.1137392941048369e-07
57350.000000000095 6.122762021687021e-08
57400.000000000095 1.1564790496317501e-07
57450.000000000095 9.438761249322103e-08
57500.000000000095 8.85097578096514e-08
57550.000000000095 1.208965450551174e-07
57600.000000000095 1.2552049093259374e-07
57650.000000000095 4.408514422637775e-08
57700.000000000095 6.030299886989363e-08
57750.000000000095 7.893867334096673e-08
57800.000000000095 3.399182636208659e-08
57850.000000000095 1.6473642999695436e-07
57900.000000000095 1.9081672399681697e-07
57950.000000000095 1.7442323380283744e-07
58000.000000000095 7.770957109833296e-08
58050.000000000095 1.1862512269766084e-07
58100.000000000095 1.424319337432681e-07
58150.000000000095 9.970961366766547e-08
58200.000000000095 4.7476431009059715e-08
58250.000000000095 6.282688803315274e-08
58300.000000000095 5.6621338516617554e-08
58350.000000000095 7.153557917745857e-08
58400.000000000095 1.0948944922865786e-07
58450.000000000095 1.1663713587188124e-07
58500.000000000095 1.0648593313363898e-07
58550.000000000095 1.1863209158995775e-07
58600.000000000095 6.308763122366763e-08
58650.000000000095 8.076196337135583e-08
58700.000000000095 8.924135341012169e-08
58750.000000000095 9.250736716219088e-08
58800.000000000095 3.7378218122279306e-08
58850.000000000095 7.593821378386457e-08
58900.000000000095 1.0285300817605329e-07
58950.000000000095 5.7019800423687633e-08
59000.000000000095 1.00314137948419e-07
59050.000000000095 1.1968757586930073e-07
59100.000000000095 1.4132565550893874e-07
59150.000000000095 9.689320192954104e-08
59200.000000000095 1.0526443002445115e-07
59250.000000000095 1.1268799531207073e-07
59300.000000000095 1.0068051507221766e-07
59350.000000000095 4.453798525655582e-08
59400.000000000095 3.5735105490935385e-08
59450.000000000095 9.478883311206604e-08
59500.000000000095 5.445758157640148e-08
59550.000000000095 1.1890932959307232e-07
59600.000000000095 1.2394785967688093e-07
59650.000000000095 9.742086925512645e-08
59700.000000000095 6.505546097312259e-08
59750.000000000095 1.5610287385833435e-07
59800.000000000095 8.515155199392456e-08
59850.000000000095 1.1966066563684953e-07
59900.000000000095 5.3989503665485344e-08
59950.000000000095 9.963684828370486e-08
60000.000000000095 1.7646339054286013e-07
60050.000000000095 1.5442314539014182e-07
60100.000000000095 1.4487702054475267e-07
60150.000000000095 8.950062585002475e-08
60200.000000000095 1.185623392082234e-07
60250.000000000095 1.5084797779034638e-07
60300.000000000095 1.3725544391308517e-07
60350.000000000095 9.516412927679228e-08
60400.000000000095 1.1507071686667678e-07
60450.000000000095 5.369429782138304e-08
60500.000000000095 3.159068195739684e-08
60550.000000000095 1.164085463665075e-07
60600.000000000095 1.2035897662272366e-07
60650.000000000095 9.304717807534948e-08
60700.000000000095 7.791353759004472e-08
60750.000000000095 5.457624640737285e-08
60800.000000000095 1.2790456038963597e-07
60850.000000000095 1.8962329957363504e-07
60900.000000000095 1.7600549557125526e-07
60950.000000000095 1.533437862551701e-07
61000.000000000095 1.1699442673192159e-07
61050.000000000095 7.36586270477034e-08
61100.000000000095 1.0220820620496341e-07
61150.000000000095 3.95447675642914e-08
61200.000000000095 1.4776618022917463e-07
61250.000000000095 1.7926620865234682e-07
61300.000000000095 1.6068735055097573e-07
61350.000000000095 1.9396918797952565e-07
61400.000000000095 1.1507791012871111e-07
61450.000000000095 6.647602661695571e-08
61500.000000000095 8.914485136639534e-08
61550.000000000095 8.708633730462618e-08
61600.000000000095 6.0272818461379e-08
61650.000000000095 1.056244997339503e-07
61700.000000000095 9.113727248503702e-08
61750.000000000095 1.0501298266746852e-07
61800.000000000095 1.2116451395236906e-07
61850.000000000095 6.643257271396315e-08
61900.000000000095 1.529751175991976e-07
61950.000000000095 1.6821814658479724e-07
62000.000000000095 1.5412899941649797e-07
62050.000000000095 1.484867513089465e-07
62100.000000000095 1.5060380858581342e-07
62150.000000000095 1.6231915826004907e-07
62200.000000000095 1.4097194500576034e-07
62250.000000000095 1.3775394956165254e-07
62300.000000000095 2.1518684695766009e-07
62350.000000000095 1.7123875316251997e-07
62400.000000000095 9.298963751328419e-08
62450.000000000095 1.2689800226877018e-07
62500.000000000095 1.924307676291489e-07
62550.000000000095 1.8733775661689356e-07
62600.000000000095 2.033690964121537e-07
62650.000000000095 1.521505254698553e-07
62700.000000000095 1.62885571037806e-07
62750.000000000095 2.064418523542681e-07
62800.000000000095 1.1636246358080297e-07
62850.000000000095 1.7196180811062807e-07
62900.000000000095 1.3066951990835884e-07
62950.000000000095 1.9554662479213675e-07
63000.000000000095 1.6738224745225723e-07
63050.000000000095 2.441835962012586e-07
63100.000000000095 2.15272018254935e-07
63150.000000000095 1.4507019664331452e-07
63200.000000000095 1.89608054228836e-07
63250.000000000095 1.6698806358852593e-07
63300.000000000095 1.8983128680462868e-07
63350.000000000095 1.6965280987488126e-07
63400.000000000095 9.04139219835362e-08
63450.000000000095 6.876033683241607e-08
63500.000000000095 1.5445450363018922e-07
63550.000000000095 1.4974938034041063e-07
63600.000000000095 1.8569375929945835e-07
63650.000000000095 1.2386605033819463e-07
63700.000000000095 7.400079508488197e-08
63750.000000000095 1.1784689544535715e-07
63800.000000000095 1.5842550983930934e-07
63850.000000000095 1.3925458710343108e-07
63900.000000000095 8.307862563436867e-08
63950.000000000095 1.417221665154143e-07
64000.000000000095 1.5816973541273537e-07
64050.000000000095 9.924493109459627e-08
64100.000000000095 3.492253429850275e-08
64150.000000000095 5.111504423352084e-08
64200.000000000095 6.067353829621155e-08
64250.000000000095 1.0696502030378822e-07
64300.000000000095 8.123588390138432e-08
64350.000000000095 7.040943186313878e-08
64400.000000000095 1.2537219755295917e-07
64450.000000000095 1.3614970054859514e-07
64500.000000000095 6.725456390454429e-08
64550.000000000095 1.1272850452716034e-07
64600.000000000095 6.324288705961196e-08
64650.000000000095 1.0115283150221077e-07
64700.000000000095 5.27616033121809e-08
64750.000000000095 7.012680907970069e-08
64800.000000000095 6.580532788555383e-08
64850.000000000095 5.54935999414655e-08
64900.000000000095 6.364602033836573e-08
64950.000000000095 5.68030979276381e-08
65000.000000000095 7.285342177069032e-08
65050.000000000095 8.592626167927935e-08
65100.000000000095 1.068053108286986e-07
65150.000000000095 6.53461431032087e-08
65200.000000000095 4.9341914099291126e-08
65250.000000000095 9.639230628196802e-08
65300.000000000095 7.275713916629714e-08
65350.000000000095 1.5964401780148995e-07
65400.000000000095 7.675477602130527e-08
65450.000000000095 7.969271184545638e-08
65500.000000000095 9.595684640496239e-08
65550.00000000009 5.7298230535211256e-08
65600.00000000009 8.077320292826724e-08
65650.00000000009 7.819357456476092e-08
65700.00000000009 7.293618132515903e-08
65750.00000000009 5.507334360895808e-08
65800.00000000009 8.391478528415937e-08
65850.00000000009 1.0559278260115034e-07
65900.00000000009 5.353890862528313e-08
65950.00000000009 5.262390472126193e-08
66000.00000000009 7.33523112881731e-08
66050.00000000009 1.3709801439129018e-07
66100.00000000009 8.228354682065935e-08
66150.00000000009 6.129933431376553e-08
66200.00000000009 6.178427686968453e-08
66250.00000000009 5.6881546728510585e-08
66300.00000000009 2.7975454749550724e-08
66350.00000000009 3.756488640127103e-08
66400.00000000009 5.4257444596492225e-08
66450.00000000009 9.907264369307926e-08
66500.00000000009 1.307053170403073e-07
66550.00000000009 1.3039427173778364e-07
66600.00000000009 9.720566092274863e-08
66650.00000000009 8.753199281551791e-08
66700.00000000009 7.553788782158827e-08
66750.00000000009 6.773729618608293e-08
66800.00000000009 9.101579359177366e-08
66850.00000000009 6.077484140305456e-08
66900.00000000009 1.1393526051168692e-07
66950.00000000009 1.3791265827160728e-07
67000.00000000009 1.2539214962484808e-07
67050.00000000009 8.675573304172579e-08
67100.00000000009 6.515488024451998e-08
67150.00000000009 7.253639762055665e-08
67200.00000000009 8.972873438137085e-08
67250.00000000009 8.850044463202273e-08
67300.00000000009 1.0438221887280052e-07
67350.00000000009 6.530915029742164e-08
67400.00000000009 1.4194601536828465e-07
67450.00000000009 1.045085755257055e-07
67500.00000000009 8.942748636231445e-08
67550.00000000009 1.1735734079278652e-07
67600.00000000009 1.8937037261923993e-07
67650.00000000009 1.4088645867310667e-07
67700.00000000009 1.018664263482774e-07
67750.00000000009 8.369982584657907e-08
67800.00000000009 1.167389010810546e-07
67850.00000000009 6.451527789655778e-08
67900.00000000009 8.30837350377602e-08
67950.00000000009 5.7417459947838326e-08
68000.00000000009 8.679773666934702e-08
