galfind/configs/Brown_Dwarf_templates/sonora_cholla/logkzz2/100g/1000K_100g_logkzz2_resample.dat
# %ECSV 1.0
# ---
# datatype:
# - {name: wav, unit: Angstrom, datatype: float64}
# - {name: flux_nu, unit: erg / (cm2 Hz s), datatype: float64}
# schema: astropy-2.0
wav flux_nu
[from data line 388]
29400.000000000095 1.0472269286960545e-07
29450.000000000095 1.0402780791162976e-07
29500.000000000095 1.1170535236203088e-07
29550.000000000095 9.450867036822839e-08
29600.000000000095 1.3781044082176878e-07
29650.000000000095 1.1231252126797819e-07
29700.000000000095 9.642434206050982e-08
29750.000000000095 1.190639102877876e-07
29800.000000000095 1.481303187327589e-07
29850.000000000095 1.4891334747695355e-07
29900.000000000095 1.3350029483878357e-07
29950.000000000095 1.1318602142727528e-07
30000.000000000095 1.2511124030721124e-07
30050.000000000095 1.0313309651252069e-07
30100.000000000095 1.216503849497228e-07
30150.000000000095 1.5085810732810041e-07
30200.000000000095 1.1484062955178158e-07
30250.000000000095 1.4999180991058472e-07
30300.000000000095 1.3143604829083557e-07
30350.000000000095 1.0856869677681956e-07
30400.000000000095 1.287978219201938e-07
30450.000000000095 1.0677357503156469e-07
30500.000000000095 1.0045513416009344e-07
30550.000000000095 1.0296513822249241e-07
30600.000000000095 1.1158781752787024e-07
30650.000000000095 9.959949860550592e-08
30700.000000000095 8.832865688450862e-08
30750.000000000095 7.825036678511385e-08
30800.000000000095 8.197099182507619e-08
30850.000000000095 7.512739190846032e-08
30900.000000000095 7.280684668444785e-08
30950.000000000095 5.555492083822849e-08
31000.000000000095 6.158467135783373e-08
31050.000000000095 6.167891182359535e-08
31100.000000000095 4.1283504355474934e-08
31150.000000000095 5.246760339666829e-08
31200.000000000095 5.2347660237481937e-08
31250.000000000095 4.186473544556945e-08
31300.000000000095 3.959759674551949e-08
31350.000000000095 3.942096210477759e-08
31400.000000000095 2.5584441612517408e-08
31450.000000000095 4.190889413195248e-08
31500.000000000095 2.731172379229732e-08
31550.000000000095 3.726283183297601e-08
31600.000000000095 2.426449289747007e-08
31650.000000000095 2.645860558123702e-08
31700.000000000095 2.8798537335429243e-08
31750.000000000095 2.0581381957581778e-08
31800.000000000095 2.592902264975406e-08
31850.000000000095 2.392953289900973e-08
31900.000000000095 2.2750353882990107e-08
31950.000000000095 2.250362158642939e-08
32000.000000000095 2.3255706760445926e-08
32050.000000000095 1.6112455079812154e-08
32100.000000000095 1.697340401691426e-08
32150.000000000095 2.127406583980699e-08
32200.000000000095 1.6689200717540303e-08
32250.000000000095 2.5490914182038778e-08
32300.000000000095 1.4080156734160752e-08
32350.000000000095 2.7552330501204546e-08
32400.000000000095 1.9813871896653606e-08
32450.000000000095 2.6363069155089858e-08
32500.000000000095 1.9766249206008213e-08
32550.000000000095 2.5247532025171498e-08
32600.000000000095 2.6366574874186554e-08
32650.000000000095 3.5697628935153167e-08
32700.000000000095 2.7840977746361996e-08
32750.000000000095 3.9962691836201715e-08
32800.000000000095 2.7983571790569264e-08
32850.000000000095 4.2228165054584394e-08
32900.000000000095 4.286855418865741e-08
32950.000000000095 4.8174618744489865e-08
33000.000000000095 4.172205265998737e-08
33050.000000000095 4.0010616788674465e-08
33100.000000000095 1.9024930010327017e-08
33150.000000000095 5.873222526865778e-09
33200.000000000095 6.5036675054446994e-09
33250.000000000095 3.3548757493125043e-09
33300.000000000095 3.702461236503141e-09
33350.000000000095 7.242253625312335e-09
33400.000000000095 1.0989298059860054e-08
33450.000000000095 1.4438459591677366e-08
33500.000000000095 1.899952066806041e-08
33550.000000000095 1.8794549700437173e-08
33600.000000000095 3.0350260486969195e-08
33650.000000000095 2.781597952027607e-08
33700.000000000095 2.62121456323251e-08
33750.000000000095 3.421063780607947e-08
33800.000000000095 2.6063870844148187e-08
33850.000000000095 3.37754698458089e-08
33900.000000000095 3.115158340284206e-08
33950.000000000095 3.2896611564184385e-08
34000.000000000095 3.821710397567856e-08
34050.000000000095 1.7938597620344785e-08
34100.000000000095 3.6975286260252465e-08
34150.000000000095 2.7910239019233206e-08
34200.000000000095 3.462785521439449e-08
34250.000000000095 2.6511604614034154e-08
34300.000000000095 2.361081395147694e-08
34350.000000000095 3.2202181325917024e-08
34400.000000000095 2.6739088682621808e-08
34450.000000000095 3.804507388549332e-08
34500.000000000095 2.9534379344969557e-08
34550.000000000095 2.2429836553139143e-08
34600.000000000095 3.731418571174081e-08
34650.000000000095 2.487699760184532e-08
34700.000000000095 2.767209764301739e-08
34750.000000000095 2.5462525992413734e-08
34800.000000000095 1.946316839174226e-08
34850.000000000095 2.9200629994202317e-08
34900.000000000095 3.607833846333573e-08
34950.000000000095 2.99312992803739e-08
35000.000000000095 3.882277427297582e-08
35050.000000000095 3.176708603370825e-08
35100.000000000095 4.0599746397334094e-08
35150.000000000095 3.7786187164489525e-08
35200.000000000095 5.5038388594951976e-08
35250.000000000095 4.913922969041863e-08
35300.000000000095 3.504946894808117e-08
35350.000000000095 5.109379979098401e-08
35400.000000000095 4.9388422762214225e-08
35450.000000000095 4.3796604310161e-08
35500.000000000095 6.999994515162241e-08
35550.000000000095 5.9504801440874986e-08
35600.000000000095 6.049214960871744e-08
35650.000000000095 5.777464879643794e-08
35700.000000000095 4.3198116629522276e-08
35750.000000000095 7.801666861350107e-08
35800.000000000095 6.633011556150009e-08
35850.000000000095 4.88367035822843e-08
35900.000000000095 7.578655234994333e-08
35950.000000000095 6.918346247301799e-08
36000.000000000095 4.6842861495753445e-08
36050.000000000095 6.846078403461488e-08
36100.000000000095 6.813494817130272e-08
36150.000000000095 6.880724844277626e-08
36200.000000000095 6.765265682054735e-08
36250.000000000095 7.807840618013006e-08
36300.000000000095 8.115123882537164e-08
36350.000000000095 8.89022894125517e-08
36400.000000000095 1.057809541952129e-07
36450.000000000095 1.0267283329851315e-07
36500.000000000095 1.1129190051285932e-07
36550.000000000095 1.0406016488284969e-07
36600.000000000095 1.3152919729084413e-07
36650.000000000095 1.3474925350857076e-07
36700.000000000095 1.4720386054428677e-07
36750.000000000095 1.566195507175391e-07
36800.000000000095 1.3821865267166958e-07
36850.000000000095 1.3278253360669985e-07
36900.000000000095 1.4100285993316548e-07
36950.000000000095 1.5204656450560976e-07
37000.000000000095 1.4474725127797705e-07
37050.000000000095 1.5790188079026318e-07
37100.000000000095 1.7378823056585237e-07
37150.000000000095 1.708237606116036e-07
37200.000000000095 1.6035909569507374e-07
37250.000000000095 1.4506257933201538e-07
37300.000000000095 1.5752029612213348e-07
37350.000000000095 1.765321567430019e-07
37400.000000000095 1.9977033386521383e-07
37450.000000000095 1.906453900642917e-07
37500.000000000095 1.537246042456777e-07
37550.000000000095 2.335339245682897e-07
37600.000000000095 2.3591351156989772e-07
37650.000000000095 1.8694969281086597e-07
37700.000000000095 1.9434583772821554e-07
37750.000000000095 1.5994138775586702e-07
37800.000000000095 1.800766380330458e-07
37850.000000000095 1.6961628414254752e-07
37900.000000000095 1.876820902797911e-07
37950.000000000095 2.1431258431944182e-07
38000.000000000095 2.520950602158763e-07
38050.000000000095 2.172531166136762e-07
38100.000000000095 2.3470572202641412e-07
38150.000000000095 2.565058144774142e-07
38200.000000000095 2.7322382895355573e-07
38250.000000000095 2.6152145167192556e-07
38300.000000000095 3.169282650509569e-07
38350.000000000095 3.25622758104112e-07
38400.000000000095 2.2875391755789206e-07
38450.000000000095 2.483543593281829e-07
38500.000000000095 2.055414759620591e-07
38550.000000000095 2.4537574894666676e-07
38600.000000000095 2.542131139725518e-07
38650.000000000095 3.3708993649569246e-07
38700.000000000095 2.925849761953988e-07
38750.000000000095 2.989962390516732e-07
38800.000000000095 2.594233750907888e-07
38850.000000000095 3.461904576580853e-07
38900.000000000095 3.3983134236376914e-07
38950.000000000095 3.0857242601190836e-07
39000.000000000095 3.834524244375051e-07
39050.000000000095 3.194811765288941e-07
39100.000000000095 3.505127295984132e-07
39150.000000000095 3.282421263520595e-07
39200.000000000095 3.144229706449597e-07
39250.000000000095 3.833040562336018e-07
39300.000000000095 3.652919922047284e-07
39350.000000000095 4.603138813677779e-07
39400.000000000095 4.2927884877616715e-07
39450.000000000095 4.213604667202065e-07
39500.000000000095 3.521621687985973e-07
39550.000000000095 3.791671812570209e-07
39600.000000000095 4.108656760036331e-07
39650.000000000095 4.933335396835852e-07
39700.000000000095 3.960209966488169e-07
39750.000000000095 3.2835045093176757e-07
39800.000000000095 4.3818300762794435e-07
39850.000000000095 4.69671573689426e-07
39900.000000000095 4.4664419794416466e-07
39950.000000000095 4.5736423413467476e-07
40000.000000000095 5.07209886468549e-07
40050.000000000095 5.016014642012368e-07
40100.000000000095 4.056185535745282e-07
40150.000000000095 5.700546523459628e-07
40200.000000000095 5.657119424146331e-07
40250.000000000095 4.772982338854955e-07
40300.000000000095 5.477328852726891e-07
40350.000000000095 4.705736045648724e-07
40400.000000000095 5.37764773830526e-07
40450.000000000095 5.300204098809415e-07
40500.000000000095 5.555613612773587e-07
40550.000000000095 5.735993946120909e-07
40600.000000000095 5.360153682441228e-07
40650.000000000095 5.812186999061221e-07
40700.000000000095 7.084976982236389e-07
40750.000000000095 6.255659668024464e-07
40800.000000000095 5.000365284590144e-07
40850.000000000095 6.535499550516022e-07
40900.000000000095 5.395239786938889e-07
40950.000000000095 5.416710259362176e-07
41000.000000000095 6.041497953889668e-07
41050.000000000095 6.878598859962645e-07
41100.000000000095 5.414579282398851e-07
41150.000000000095 4.955748267650009e-07
41200.000000000095 6.730366569677913e-07
41250.000000000095 6.392934063310412e-07
41300.000000000095 5.18453770108316e-07
41350.000000000095 7.120833803634543e-07
41400.000000000095 6.415229786921381e-07
41450.000000000095 6.75186584079021e-07
41500.000000000095 5.619607522585131e-07
41550.000000000095 5.642965510339546e-07
41600.000000000095 6.744493533666359e-07
41650.000000000095 5.781318535451194e-07
41700.000000000095 5.805673063670818e-07
41750.000000000095 5.045308364196528e-07
41800.000000000095 7.156563991942382e-07
41850.000000000095 4.1765081684434847e-07
41900.000000000095 5.522112065480781e-07
41950.000000000095 5.463898381332346e-07
42000.000000000095 5.885085486663255e-07
42050.000000000095 5.353189413198518e-07
42100.000000000095 5.853767392933025e-07
42150.000000000095 4.59812838670013e-07
42200.000000000095 5.271514775728396e-07
42250.000000000095 4.6616945694713915e-07
42300.000000000095 5.106191534010259e-07
42350.000000000095 5.390142000055419e-07
42400.000000000095 4.316365268907765e-07
42450.000000000095 4.364756462907976e-07
42500.000000000095 4.2761359290938803e-07
42550.000000000095 4.522056485539866e-07
42600.000000000095 4.507948471897723e-07
42650.000000000095 5.848101230552358e-07
42700.000000000095 4.4482314911464053e-07
42750.000000000095 4.4592009173083207e-07
42800.000000000095 3.9535473088192897e-07
42850.000000000095 4.66550975779479e-07
42900.000000000095 5.078062357658424e-07
42950.000000000095 3.9495770979611884e-07
43000.000000000095 5.381933658926009e-07
43050.000000000095 3.425201999793867e-07
43100.000000000095 4.557812441663661e-07
43150.000000000095 5.144976207692826e-07
43200.000000000095 5.119819400205482e-07
43250.000000000095 4.977701224187598e-07
43300.000000000095 5.805929709590344e-07
43350.000000000095 4.3119051567380317e-07
43400.000000000095 5.172256275470615e-07
43450.000000000095 3.7728415097142886e-07
43500.000000000095 3.723431579553836e-07
43550.000000000095 3.8901054940062805e-07
43600.000000000095 5.026123472883785e-07
43650.000000000095 3.6187801542442095e-07
43700.000000000095 5.390852603625882e-07
43750.000000000095 5.344897188708423e-07
43800.000000000095 4.25828941122836e-07
43850.000000000095 4.6229070551689556e-07
43900.000000000095 3.5171172618101965e-07
43950.000000000095 3.802869341517067e-07
44000.000000000095 2.5499552575575754e-07
44050.000000000095 4.096359290986763e-07
44100.000000000095 4.235118891769765e-07
44150.000000000095 4.29931878156876e-07
44200.000000000095 3.574329244697298e-07
44250.000000000095 3.472586936064703e-07
44300.000000000095 3.193982925930266e-07
44350.000000000095 2.557628784039441e-07
44400.000000000095 2.905617948802535e-07
44450.000000000095 3.013642107644703e-07
44500.000000000095 2.3628502951445764e-07
44550.000000000095 2.863557941815294e-07
44600.000000000095 2.3395734389782322e-07
44650.000000000095 2.755586560918501e-07
44700.000000000095 2.4804644435402093e-07
44750.000000000095 2.6630605122484005e-07
44800.000000000095 2.3730367825690018e-07
44850.000000000095 2.3465066409162009e-07
44900.000000000095 1.8141205538250862e-07
44950.000000000095 1.885863098511527e-07
45000.000000000095 1.985279368632043e-07
45050.000000000095 2.074468009073123e-07
45100.000000000095 1.844352383146031e-07
45150.000000000095 1.7776264771661882e-07
45200.000000000095 1.3505476880705142e-07
45250.000000000095 1.5071073393880327e-07
45300.000000000095 1.7092291970829017e-07
45350.000000000095 1.7732014209320503e-07
45400.000000000095 1.3255977706572147e-07
45450.000000000095 1.37137552883607e-07
45500.000000000095 1.371948809849214e-07
45550.000000000095 1.6258139707490408e-07
45600.000000000095 1.3444183411243188e-07
45650.000000000095 1.3230145367487902e-07
45700.000000000095 1.6340649911576022e-07
45750.000000000095 1.454691914246825e-07
45800.000000000095 1.2657766438502982e-07
45850.000000000095 1.9494533877723575e-07
45900.000000000095 1.9088831522156226e-07
45950.000000000095 1.3292411513242166e-07
46000.000000000095 1.7883579743091428e-07
46050.000000000095 1.872763569725511e-07
46100.000000000095 1.3288976219005352e-07
46150.000000000095 1.8112852654290387e-07
46200.000000000095 1.6773926367865933e-07
46250.000000000095 9.587478955927949e-08
46300.000000000095 2.0610458261015415e-07
46350.000000000095 1.4203964471043898e-07
46400.000000000095 1.7977195578467382e-07
46450.000000000095 2.321932872187424e-07
46500.000000000095 1.692972581365378e-07
46550.000000000095 2.1996955912571382e-07
46600.000000000095 2.2637252662745343e-07
46650.000000000095 3.623657386042714e-07
46700.000000000095 2.605815748907246e-07
46750.000000000095 2.0927657799260424e-07
46800.000000000095 1.5819742351746375e-07
46850.000000000095 2.541811710220703e-07
46900.000000000095 2.1067102753816703e-07
46950.000000000095 2.76475868423004e-07
47000.000000000095 1.6684035266039782e-07
47050.000000000095 2.9580822458695076e-07
47100.000000000095 1.4177751329467632e-07
47150.000000000095 1.798402535365952e-07
47200.000000000095 2.2722353734505739e-07
47250.000000000095 1.5679639383271933e-07
47300.000000000095 1.793788327705144e-07
47350.000000000095 1.3977523506420856e-07
47400.000000000095 2.469844509509286e-07
47450.000000000095 1.447376837454079e-07
47500.000000000095 2.661437348073537e-07
47550.000000000095 1.498481533434834e-07
47600.000000000095 2.4409424654732686e-07
47650.000000000095 1.4820502640811915e-07
47700.000000000095 2.2968421064893876e-07
47750.000000000095 1.1973932985762688e-07
47800.000000000095 2.0223721715895614e-07
47850.000000000095 1.1288785104151363e-07
47900.000000000095 1.9407124387612805e-07
47950.000000000095 1.5317118451255882e-07
48000.000000000095 2.818272862032737e-07
48050.000000000095 1.791895404700474e-07
48100.000000000095 2.2288930104055476e-07
48150.000000000095 1.690928594743163e-07
48200.000000000095 2.480336146673863e-07
48250.000000000095 1.7871183411728712e-07
48300.000000000095 3.12310279659442e-07
48350.000000000095 1.554705483730035e-07
48400.000000000095 2.0612649781353e-07
48450.000000000095 1.5604654349490984e-07
48500.000000000095 3.0063452910915897e-07
48550.000000000095 1.474640068012671e-07
48600.000000000095 2.525835248472993e-07
48650.000000000095 1.549989635021697e-07
