galfind/configs/Brown_Dwarf_templates/sonora_cholla/logkzz2/100g/1000K_100g_logkzz2_resample.dat
# %ECSV 1.0
# ---
# datatype:
# - {name: wav, unit: Angstrom, datatype: float64}
# - {name: flux_nu, unit: erg / (cm2 Hz s), datatype: float64}
# schema: astropy-2.0
wav flux_nu
[from data line 1161]
68050.00000000009 1.662678070362737e-07
68100.00000000009 1.8785332427182607e-07
68150.00000000009 1.5007668585228476e-07
68200.00000000009 1.4716588357176628e-07
68250.00000000009 7.487421604390539e-08
68300.00000000009 1.2902405896968438e-07
68350.00000000009 6.955215064405909e-08
68400.00000000009 1.947974155879427e-07
68450.00000000009 1.8603365969167603e-07
68500.00000000009 1.5439316790928788e-07
68550.00000000009 1.0764754332781608e-07
68600.00000000009 1.1222577058777919e-07
68650.00000000009 7.567664192310372e-08
68700.00000000009 1.226149418029485e-07
68750.00000000009 1.5120182090679987e-07
68800.00000000009 1.652461469180157e-07
68850.00000000009 8.870621018885498e-08
68900.00000000009 2.0011373933439688e-07
68950.00000000009 1.9756605346309384e-07
69000.00000000009 1.7938756465142374e-07
69050.00000000009 1.2233906688989302e-07
69100.00000000009 1.9492841307528918e-07
69150.00000000009 2.386345714642962e-07
69200.00000000009 1.5306027028123984e-07
69250.00000000009 2.165803796947984e-07
69300.00000000009 1.320195654683988e-07
69350.00000000009 2.0414861490730264e-07
69400.00000000009 9.930895143047833e-08
69450.00000000009 2.0156549037689792e-07
69500.00000000009 1.4047761848570168e-07
69550.00000000009 1.4276089272649272e-07
69600.00000000009 6.227750130425513e-08
69650.00000000009 1.3229932965873206e-07
69700.00000000009 1.9371185386565113e-07
69750.00000000009 1.346635656196783e-07
69800.00000000009 1.7841934111543195e-07
69850.00000000009 1.810906204409427e-07
69900.00000000009 1.2568535311523165e-07
69950.00000000009 1.446911699601993e-07
70000.00000000009 1.3545790897013508e-07
70050.00000000009 1.9875286112834313e-07
70100.00000000009 1.5061283284899478e-07
70150.00000000009 1.4919577920626346e-07
70200.00000000009 1.0859390577272165e-07
70250.00000000009 1.5015191463047255e-07
70300.00000000009 1.8599816813051756e-07
70350.00000000009 1.3529033112538417e-07
70400.00000000009 1.267998405780224e-07
70450.00000000009 6.633105935704453e-08
70500.00000000009 1.0280698114466413e-07
70550.00000000009 1.1286806266065154e-07
70600.00000000009 1.0297922720881922e-07
70650.00000000009 1.6038444967667408e-07
70700.00000000009 1.4847739459893116e-07
70750.00000000009 1.618811774627819e-07
70800.00000000009 1.0914716434511913e-07
70850.00000000009 1.1621035677208362e-07
70900.00000000009 1.091166400777813e-07
70950.00000000009 1.816087595528677e-07
71000.00000000009 1.4626636315887354e-07
71050.00000000009 1.446337220645407e-07
71100.00000000009 1.2677345739840055e-07
71150.00000000009 1.3830084267721364e-07
71200.00000000009 1.232613649761211e-07
71250.00000000009 1.2641981483809297e-07
71300.00000000009 1.686257083483619e-07
71350.00000000009 1.653404011401731e-07
71400.00000000009 1.6311580121648953e-07
71450.00000000009 9.191158045544125e-08
71500.00000000009 1.1270780663813334e-07
71550.00000000009 1.2163706710664968e-07
71600.00000000009 1.293084751064826e-07
71650.00000000009 1.277296316203265e-07
71700.00000000009 1.0359687513418818e-07
71750.00000000009 1.203632015883401e-07
71800.00000000009 1.5838166222390282e-07
71850.00000000009 1.5040587556717795e-07
71900.00000000009 1.1044850483885318e-07
71950.00000000009 1.1160662237550146e-07
72000.00000000009 1.1591805606588344e-07
72050.00000000009 9.372567213962074e-08
72100.00000000009 1.082438285558687e-07
72150.00000000009 8.274613578809087e-08
72200.00000000009 1.0988906244158133e-07
72250.00000000009 1.2832444679085606e-07
72300.00000000009 1.221701417581642e-07
72350.00000000009 1.2842223056546302e-07
72400.00000000009 9.958654409545851e-08
72450.00000000009 9.154341986448786e-08
72500.00000000009 1.1242758983423011e-07
72550.00000000009 6.790491856068154e-08
72600.00000000009 6.562831118339101e-08
72650.00000000009 1.2884394943489058e-07
72700.00000000009 1.2864332182984614e-07
72750.00000000009 1.0863818034596003e-07
72800.00000000009 9.979193561831874e-08
72850.00000000009 9.229607248805081e-08
72900.00000000009 1.1041136002820731e-07
72950.00000000009 1.2042508314920068e-07
73000.00000000009 1.1972931215313574e-07
73050.00000000009 9.71958484501645e-08
73100.00000000009 8.3889270613216e-08
73150.00000000009 1.4773962517348533e-07
73200.00000000009 8.742920351127416e-08
73250.00000000009 1.0018931399185906e-07
73300.00000000009 1.0776262200351848e-07
73350.00000000009 8.694200562340367e-08
73400.00000000009 1.0798896196439155e-07
73450.00000000009 7.269916202130825e-08
73500.00000000009 6.968619573977768e-08
73550.00000000009 9.313466520029528e-08
73600.00000000009 7.220649735626634e-08
73650.00000000009 1.0084795279186636e-07
73700.00000000009 1.1860560717432376e-07
73750.00000000009 7.124175965706742e-08
73800.00000000009 9.785131203100903e-08
73850.00000000009 1.0186839261585454e-07
73900.00000000009 1.1086076117995285e-07
73950.00000000009 9.850503602771343e-08
74000.00000000009 8.602015511440554e-08
74050.00000000009 1.4546550326090368e-07
74100.00000000009 8.773121572073293e-08
74150.00000000009 1.0298165958493138e-07
74200.00000000009 9.194451735410743e-08
74250.00000000009 5.3951563448247846e-08
74300.00000000009 9.096310418561354e-08
74350.00000000009 1.1459513466630698e-07
74400.00000000009 1.0779974240407113e-07
74450.00000000009 6.10826636716571e-08
74500.00000000009 7.528811994248574e-08
74550.00000000009 9.111516176541058e-08
74600.00000000009 9.676507726075881e-08
74650.00000000009 9.66755614353114e-08
74700.00000000009 7.438090568813307e-08
74750.00000000009 8.145413962286238e-08
74800.00000000009 9.031292238944373e-08
74850.00000000009 6.039919978378558e-08
74900.00000000009 1.159112063737062e-07
74950.00000000009 1.2857111408221226e-07
75000.00000000009 9.786399906728064e-08
75050.00000000009 7.171589002357405e-08
75100.00000000009 1.3291310141956654e-07
75150.00000000009 1.1187626157722e-07
75200.00000000009 1.3384517036887454e-07
75250.00000000009 1.1170772581146375e-07
75300.00000000009 1.240673178495231e-07
75350.00000000009 7.670223153633065e-08
75400.00000000009 1.276452241469699e-07
75450.00000000009 1.0783306692158605e-07
75500.00000000009 9.560488221558403e-08
75550.00000000009 1.369654435821919e-07
75600.00000000009 1.538275544951191e-07
75650.00000000009 9.066540224764975e-08
75700.00000000009 1.0931186320726262e-07
75750.00000000009 7.85373080811398e-08
75800.00000000009 1.2206320652084443e-07
75850.00000000009 1.5110457370382574e-07
75900.00000000009 1.3592737175170367e-07
75950.00000000009 9.862880893627575e-08
76000.00000000009 1.1458356919168725e-07
76050.00000000009 1.3771193464500948e-07
76100.00000000009 1.1133868027329265e-07
76150.00000000009 1.3900651307931056e-07
76200.00000000009 1.3981106343789904e-07
76250.00000000009 1.554145826548628e-07
76300.00000000009 1.686783503475243e-07
76350.00000000009 1.986460067274718e-07
76400.00000000009 1.5600581876910864e-07
76450.00000000009 1.5470989574717457e-07
76500.00000000009 1.1787135020545655e-07
76550.00000000009 1.0660184505421093e-07
76600.00000000009 5.267102648613534e-08
76650.00000000009 5.391166052354625e-08
76700.00000000009 6.076497452469778e-08
76750.00000000009 5.8186417891292887e-08
76800.00000000009 9.028699143632462e-08
76850.00000000009 3.424858851265745e-08
76900.00000000009 4.676451125730402e-08
76950.00000000009 7.165667113421486e-08
77000.00000000009 7.791422442000466e-08
77050.00000000009 5.15581904380217e-08
77100.00000000009 6.077400544634912e-08
77150.00000000009 9.167722000917178e-08
77200.00000000009 7.128784025405672e-08
77250.00000000009 8.166223231870484e-08
77300.00000000009 7.804999498300799e-08
77350.00000000009 5.193347287542318e-08
77400.00000000009 4.957910602071119e-08
77450.00000000009 5.709587442674945e-08
77500.00000000009 5.777235681004721e-08
77550.00000000009 7.137293402815998e-08
77600.00000000009 7.55916755002429e-08
77650.00000000009 7.243045377371291e-08
77700.00000000009 4.843543731977687e-08
77750.00000000009 8.890061672740529e-08
77800.00000000009 6.99175205474907e-08
77850.00000000009 1.0985206329552007e-07
77900.00000000009 8.73509819373378e-08
77950.00000000009 5.713725578075367e-08
78000.00000000009 7.434026345709922e-08
78050.00000000009 9.175472209690184e-08
78100.00000000009 7.129174630104217e-08
78150.00000000009 1.0245663714107119e-07
78200.00000000009 1.0251761289506424e-07
78250.00000000009 1.1031236987115325e-07
78300.00000000009 1.0819473068151143e-07
78350.00000000009 9.646167154301595e-08
78400.00000000009 9.235250700346114e-08
78450.00000000009 1.241915357114159e-07
78500.00000000009 1.0525509613632499e-07
78550.00000000009 1.2407971100343172e-07
78600.00000000009 1.0784260071304221e-07
78650.00000000009 5.1426990051714516e-08
78700.00000000009 7.62393087432647e-08
78750.00000000009 7.606999649993411e-08
78800.00000000009 1.0703454043944673e-07
78850.00000000009 7.378129220672497e-08
78900.00000000009 1.0416986363598059e-07
78950.00000000009 9.501657671191447e-08
79000.00000000009 9.090781985222501e-08
79050.00000000009 8.396503353415173e-08
79100.00000000009 8.915679173874555e-08
79150.00000000009 9.848523388308502e-08
79200.00000000009 1.2091820569344433e-07
79250.00000000009 1.064981640456113e-07
79300.00000000009 7.266736046760861e-08
79350.00000000009 1.0883461834864663e-07
79400.00000000009 9.556009587239557e-08
79450.00000000009 1.016697749208229e-07
79500.00000000009 1.509560094437546e-07
79550.00000000009 1.1906821531747223e-07
79600.00000000009 8.356676968266769e-08
79650.00000000009 1.0931518255519906e-07
79700.00000000009 1.305397318572521e-07
79750.00000000009 1.2392133892591233e-07
79800.00000000009 1.0446485728633532e-07
79850.00000000009 1.0244126212153248e-07
79900.00000000009 1.5040606666548843e-07
79950.00000000009 9.740303229238295e-08
