galfind/configs/Brown_Dwarf_templates/sonora_cholla/logkzz2/100g/1050K_100g_logkzz2_resample.dat
# %ECSV 1.0
# ---
# datatype:
# - {name: wav, unit: Angstrom, datatype: float64}
# - {name: flux_nu, unit: erg / (cm2 Hz s), datatype: float64}
# schema: astropy-2.0
wav flux_nu
10000.000000000093 nan
10050.000000000093 2.1343169170337896e-07
10100.000000000093 2.556764735506462e-07
10150.000000000093 2.6452168120963536e-07
10200.000000000093 2.955604654162676e-07
10250.000000000093 3.180252802210234e-07
10300.000000000093 3.193901098772626e-07
10350.000000000093 3.7018000313633144e-07
10400.000000000093 4.1460923698109916e-07
10450.000000000093 4.2119109778287373e-07
10500.000000000093 4.018617963395649e-07
10550.000000000093 4.005303368150022e-07
10600.000000000093 4.1807390227469247e-07
10650.000000000093 4.557404365715887e-07
10700.000000000093 4.854977217659562e-07
10750.000000000093 5.205588302056976e-07
10800.000000000093 5.414228235701468e-07
10850.000000000093 5.812814923834614e-07
10900.000000000093 4.915553833656544e-07
10950.000000000093 3.381644278529534e-07
11000.000000000093 2.9504250938673637e-07
11050.000000000093 2.3537846064570177e-07
11100.000000000093 2.1118182451307815e-07
11150.000000000093 1.638601949425441e-07
11200.000000000093 1.5681818630734647e-07
11250.000000000093 1.8979448178710474e-07
11300.000000000093 1.8767939660175968e-07
11350.000000000093 1.05381168878767e-07
11400.000000000093 1.845725099511718e-07
11450.000000000093 1.4487290654715502e-07
11500.000000000093 1.6342271468944209e-07
11550.000000000093 1.0944675791379417e-07
11600.000000000093 1.1789385068399215e-07
11650.000000000093 1.4665853448527832e-07
11700.000000000093 1.5808966555430515e-07
11750.000000000093 1.0363267045398586e-07
11800.000000000093 1.740826226511378e-07
11850.000000000093 2.3214527031747805e-07
11900.000000000093 2.451802387011279e-07
11950.000000000093 3.1462057535573453e-07
12000.000000000093 3.4374120481484226e-07
12050.000000000093 4.2032738445183495e-07
12100.000000000093 4.6952992536321e-07
12150.000000000093 5.235778188828969e-07
12200.000000000093 5.908076349150273e-07
12250.000000000093 6.672743972324666e-07
12300.000000000093 7.19282880180313e-07
12350.000000000093 7.477576948575137e-07
12400.000000000093 7.727882137882727e-07
12450.000000000093 8.593009721301982e-07
12500.000000000093 9.073499024165123e-07
12550.000000000093 9.509554820828142e-07
12600.000000000093 9.62119601904928e-07
12650.000000000093 9.572670220981626e-07
12700.000000000093 1.0035131000868273e-06
12750.000000000093 9.479727420230855e-07
12800.000000000093 9.755984539851696e-07
12850.000000000093 8.795844023948039e-07
12900.000000000093 7.973319646755526e-07
12950.000000000093 8.329303996766305e-07
13000.000000000093 8.168792509108185e-07
13050.000000000093 7.928681346101826e-07
13100.000000000093 7.246940724731183e-07
13150.000000000093 6.309970922381713e-07
13200.000000000093 5.937386880891751e-07
13250.000000000093 4.647894935147396e-07
13300.000000000093 2.6112138327038794e-07
13350.000000000093 8.841979955517025e-08
13400.000000000093 5.064588832984283e-08
13450.000000000093 2.9992384972045936e-08
13500.000000000093 1.8378116741873745e-08
13550.000000000093 1.508778375883511e-08
13600.000000000093 8.95783144420294e-09
13650.000000000093 2.1925968883573625e-08
13700.000000000093 1.7915748670565947e-08
13750.000000000093 1.859491513868622e-08
13800.000000000093 2.3757287711593432e-08
13850.000000000093 1.8912498323020727e-08
13900.000000000093 1.919289355004762e-08
13950.000000000093 1.6983525878877696e-08
14000.000000000093 1.5176154326287486e-08
14050.000000000093 1.9513728086329917e-08
14100.000000000093 1.534827654209033e-08
14150.000000000093 2.122338236873846e-08
14200.000000000093 1.7045602437297248e-08
14250.000000000093 1.772078721969379e-08
14300.000000000093 2.6274412330167646e-08
14350.000000000093 2.5107015674072194e-08
14400.000000000093 3.0266410463665385e-08
14450.000000000093 3.1896440054958725e-08
14500.000000000093 5.648259936923432e-08
14550.000000000093 5.670835529492727e-08
14600.000000000093 7.398852225665597e-08
14650.000000000093 7.997352566391799e-08
14700.000000000093 5.760847696446935e-08
14750.000000000093 7.742968926504784e-08
14800.000000000093 9.775377118978495e-08
14850.000000000093 1.0064966230993699e-07
14900.000000000093 1.1120382984100261e-07
14950.000000000093 1.2214157532049197e-07
15000.000000000093 1.2973275345234208e-07
15050.000000000093 1.6494493020675061e-07
15100.000000000093 1.8222546671460927e-07
15150.000000000093 1.9858452390541622e-07
15200.000000000093 1.7885751358298706e-07
15250.000000000093 2.1592077157708438e-07
15300.000000000093 2.533648122847968e-07
15350.000000000093 2.9425015763220974e-07
15400.000000000093 3.196023420575578e-07
15450.000000000093 3.631635601269923e-07
15500.000000000093 3.8343685513294947e-07
15550.000000000093 4.3556797717187087e-07
15600.000000000093 4.579882918340848e-07
15650.000000000093 4.746222347589505e-07
15700.000000000093 5.47249728979511e-07
15750.000000000093 5.853344127789526e-07
15800.000000000093 5.606095052696913e-07
15850.000000000093 6.067695402831288e-07
15900.000000000093 5.907623030480727e-07
15950.000000000093 5.794837461078285e-07
16000.000000000093 5.444705788892807e-07
16050.000000000093 4.719964281333076e-07
16100.000000000093 4.160468599889492e-07
16150.000000000093 3.0097728029862567e-07
16200.000000000093 2.3121727968477993e-07
16250.000000000093 2.326316550258223e-07
16300.000000000093 1.985376622152914e-07
16350.000000000093 2.129044645392288e-07
16400.000000000095 2.4267660116664124e-07
16450.000000000095 2.683835207233581e-07
16500.000000000095 2.83993805721122e-07
16550.000000000095 2.6565879980965417e-07
16600.000000000095 2.5291615881708806e-07
16650.000000000095 2.068301918141106e-07
16700.000000000095 1.0039632459467068e-07
16750.000000000095 1.247160547340388e-07
16800.000000000095 1.919568377559116e-07
16850.000000000095 1.9469491862367878e-07
16900.000000000095 1.6748042608315997e-07
16950.000000000095 1.4892386695086779e-07
17000.000000000095 1.2606859034220434e-07
17050.000000000095 1.5645768359213397e-07
17100.000000000095 1.7692743533351353e-07
17150.000000000095 1.3847465084705042e-07
17200.000000000095 1.8259473185460373e-07
17250.000000000095 1.5542184484836426e-07
17300.000000000095 1.2776678958548202e-07
17350.000000000095 1.2401193084027576e-07
17400.000000000095 1.1807058826635748e-07
17450.000000000095 1.2775366714205407e-07
17500.000000000095 1.4701859970158122e-07
17550.000000000095 1.243224570799712e-07
17600.000000000095 1.0755422680413353e-07
17650.000000000095 1.0940595770477282e-07
17700.000000000095 7.576216882671591e-08
17750.000000000095 7.323013758379022e-08
17800.000000000095 9.461448110618986e-08
17850.000000000095 6.39716938399849e-08
17900.000000000095 7.289645950624187e-08
17950.000000000095 5.243160956899722e-08
18000.000000000095 5.9534417588013355e-08
18050.000000000095 6.354956832109538e-08
18100.000000000095 5.424547156226304e-08
18150.000000000095 8.173869449872026e-08
18200.000000000095 5.1091746629198404e-08
18250.000000000095 9.73873343278496e-08
18300.000000000095 6.598415936627581e-08
18350.000000000095 5.8916113879517755e-08
18400.000000000095 5.353403019014969e-08
18450.000000000095 5.772523011802655e-08
18500.000000000095 6.827100572489581e-08
18550.000000000095 5.37806058591488e-08
18600.000000000095 4.524808146676449e-08
18650.000000000095 4.4685997020047585e-08
18700.000000000095 4.668790141395591e-08
18750.000000000095 5.232898732205536e-08
18800.000000000095 8.669743531117718e-08
18850.000000000095 1.0302054834985157e-07
18900.000000000095 9.41382827688128e-08
18950.000000000095 1.3544096537284713e-07
19000.000000000095 1.0687565001259574e-07
19050.000000000095 8.546078408814374e-08
19100.000000000095 1.315700855811783e-07
19150.000000000095 1.1286706438497495e-07
19200.000000000095 1.1962362216182778e-07
19250.000000000095 1.0808816959680451e-07
19300.000000000095 9.777673003257935e-08
19350.000000000095 8.708973928590642e-08
19400.000000000095 5.741876994169894e-08
19450.000000000095 1.0058774428647187e-07
19500.000000000095 9.29842193116896e-08
19550.000000000095 7.29876068972221e-08
19600.000000000095 1.0012365037386976e-07
19650.000000000095 1.0744630659436755e-07
19700.000000000095 1.1040185176670274e-07
19750.000000000095 1.1034421412842778e-07
19800.000000000095 1.281075727656555e-07
19850.000000000095 1.475036112355655e-07
19900.000000000095 1.0472480361017783e-07
19950.000000000095 1.665267672088896e-07
20000.000000000095 1.6352092850028643e-07
20050.000000000095 1.7472338471590188e-07
20100.000000000095 1.876742351671312e-07
20150.000000000095 1.8001812673425824e-07
20200.000000000095 2.1661460769955354e-07
20250.000000000095 2.4178913748609404e-07
20300.000000000095 2.1788418226315955e-07
20350.000000000095 2.475428528706312e-07
20400.000000000095 2.4743663535026477e-07
20450.000000000095 2.993965475051372e-07
20500.000000000095 3.0197156960628016e-07
20550.000000000095 2.872318219193881e-07
20600.000000000095 3.432731644421483e-07
20650.000000000095 3.1436526046165804e-07
20700.000000000095 3.305645019013562e-07
20750.000000000095 3.66046301059836e-07
20800.000000000095 3.6006315901761477e-07
20850.000000000095 3.495557487338441e-07
20900.000000000095 3.73599836657005e-07
20950.000000000095 3.4707619213938876e-07
21000.000000000095 3.714754040928511e-07
21050.000000000095 3.4501512635884895e-07
21100.000000000095 3.3879014959204854e-07
21150.000000000095 3.359406532192402e-07
21200.000000000095 3.207533868378247e-07
21250.000000000095 3.194496124526527e-07
21300.000000000095 2.7912845743522326e-07
21350.000000000095 2.940881716042567e-07
21400.000000000095 2.5621875442846403e-07
21450.000000000095 2.4139687002774965e-07
21500.000000000095 2.419191628818144e-07
21550.000000000095 2.2349298634871754e-07
21600.000000000095 2.0636077481298294e-07
21650.000000000095 1.7766730915771347e-07
21700.000000000095 1.858131837415485e-07
21750.000000000095 1.707299445706873e-07
21800.000000000095 1.4705031890100602e-07
21850.000000000095 1.2746571172954714e-07
21900.000000000095 1.1106590298465353e-07
21950.000000000095 5.884405528319309e-08
22000.000000000095 3.889742837319867e-08
22050.000000000095 2.6239249803548646e-08
22100.000000000095 3.9939520168491064e-08
22150.000000000095 5.089455504782342e-08
22200.000000000095 5.0691190507240494e-08
22250.000000000095 4.543745229466128e-08
22300.000000000095 4.4368946749326765e-08
22350.000000000095 4.0086390034403465e-08
22400.000000000095 3.3777260342585436e-08
22450.000000000095 3.006536230408077e-08
22500.000000000095 3.2849732557524154e-08
22550.000000000095 1.8395146449058703e-08
22600.000000000095 2.544111154242564e-08
22650.000000000095 2.6860897990770877e-08
22700.000000000095 2.4748233940056116e-08
22750.000000000095 2.5542332154461293e-08
22800.000000000095 2.222981973046256e-08
22850.000000000095 2.011030983483235e-08
22900.000000000095 1.7081466872699606e-08
22950.000000000095 1.890530113832162e-08
23000.000000000095 1.5189935789710917e-08
23050.000000000095 2.2425930854335175e-08
23100.000000000095 3.4391546360252213e-08
23150.000000000095 3.701487406462989e-08
23200.000000000095 1.508658266726125e-08
23250.000000000095 1.4106327208573013e-08
23300.000000000095 1.3903640184924919e-08
23350.000000000095 1.2183827178810847e-08
23400.000000000095 1.769458997919665e-08
23450.000000000095 1.5557714280424317e-08
23500.000000000095 1.539462331887321e-08
23550.000000000095 2.2819881989721643e-08
23600.000000000095 2.310642697305953e-08
23650.000000000095 2.956257950436323e-08
23700.000000000095 1.7055486092756605e-08
23750.000000000095 1.4082148954294312e-08
23800.000000000095 1.743326176997172e-08
23850.000000000095 1.854078676027369e-08
23900.000000000095 3.0339994372645485e-08
23950.000000000095 3.084948330494282e-08
24000.000000000095 3.764385344239697e-08
24050.000000000095 4.512495978211239e-08
24100.000000000095 3.5301078315860324e-08
24150.000000000095 4.019762684076122e-08
24200.000000000095 4.336058823361544e-08
24250.000000000095 3.3718466014574665e-08
24300.000000000095 4.176127143104195e-08
24350.000000000095 3.642540297609262e-08
24400.000000000095 5.526240322287793e-08
24450.000000000095 4.453572224256909e-08
24500.000000000095 5.386744968770687e-08
24550.000000000095 5.3107121827827126e-08
24600.000000000095 6.123113302390666e-08
24650.000000000095 6.706043884438967e-08
24700.000000000095 5.565811034668325e-08
24750.000000000095 4.999490999362377e-08
24800.000000000095 5.7253049815853574e-08
24850.000000000095 7.731048917544506e-08
24900.000000000095 4.440286330743545e-08
24950.000000000095 7.131360251484608e-08
25000.000000000095 7.230353342406136e-08
25050.000000000095 5.511085431974679e-08
25100.000000000095 6.651683497382714e-08
25150.000000000095 4.208637715202796e-08
25200.000000000095 6.106279652767103e-08
25250.000000000095 4.135391660659622e-08
25300.000000000095 6.132505669031193e-08
25350.000000000095 3.178999369561528e-08
25400.000000000095 5.945377662329803e-08
25450.000000000095 4.127684914266149e-08
25500.000000000095 3.919862663711092e-08
25550.000000000095 4.71379316579244e-08
25600.000000000095 3.25175274400919e-08
25650.000000000095 2.9263095092236984e-08
25700.000000000095 5.275816219029452e-08
25750.000000000095 2.7750807716370425e-08
25800.000000000095 5.187570746750966e-08
25850.000000000095 2.698864482070556e-08
25900.000000000095 3.507950800490573e-08
25950.000000000095 2.4843151886573065e-08
26000.000000000095 5.128682425043839e-08
26050.000000000095 3.7331544094957416e-08
26100.000000000095 5.6034800685941344e-08
26150.000000000095 4.389799401483049e-08
26200.000000000095 5.463312503000551e-08
26250.000000000095 6.908242605482432e-08
26300.000000000095 4.7976476492833056e-08
26350.000000000095 7.77467094004867e-08
26400.000000000095 9.377418815182388e-08
26450.000000000095 8.443317800196116e-08
26500.000000000095 7.594248440455237e-08
26550.000000000095 6.423031384709173e-08
26600.000000000095 7.92444541350891e-08
26650.000000000095 3.914489589842468e-08
26700.000000000095 2.983679457511915e-08
26750.000000000095 2.6457383848559787e-08
26800.000000000095 4.101926785765521e-08
26850.000000000095 2.3921392807449303e-08
26900.000000000095 5.026919835260086e-08
26950.000000000095 2.5537053864941698e-08
27000.000000000095 6.236101781679803e-08
27050.000000000095 5.5579550967941905e-08
27100.000000000095 3.950818946001834e-08
27150.000000000095 7.361859118024112e-08
27200.000000000095 4.179448187450827e-08
27250.000000000095 5.0116444102488485e-08
27300.000000000095 1.0621551315595529e-07
27350.000000000095 7.763523020831319e-08
27400.000000000095 2.4701241714383542e-08
27450.000000000095 9.863348034885817e-08
27500.000000000095 9.298908697631055e-08
27550.000000000095 5.3109775807916167e-08
27600.000000000095 9.149857866092048e-08
27650.000000000095 4.286131263424657e-08
27700.000000000095 3.3638143323059513e-08
27750.000000000095 8.762698908393555e-08
27800.000000000095 4.485484532794719e-08
27850.000000000095 5.1851392444697986e-08
27900.000000000095 6.609138408346445e-08
27950.000000000095 7.252828987642421e-08
28000.000000000095 7.935732508418487e-08
28050.000000000095 3.5071987626890835e-08
28100.000000000095 9.757614666277639e-08
28150.000000000095 7.323309021198733e-08
28200.000000000095 3.169343500401724e-08
28250.000000000095 9.68505995458866e-08
28300.000000000095 1.324960076885391e-07
28350.000000000095 3.8732902541057365e-08
28400.000000000095 8.761479432719602e-08
28450.000000000095 9.459913354991786e-08
28500.000000000095 8.224151804325456e-08
28550.000000000095 3.545571086102614e-08
28600.000000000095 1.01361343052869e-07
28650.000000000095 9.734358858319391e-08
28700.000000000095 8.137426406567227e-08
28750.000000000095 1.135351884037271e-07
28800.000000000095 9.465985527983625e-08
28850.000000000095 1.3071268391444145e-07
28900.000000000095 5.841310915196199e-08
28950.000000000095 1.3055366470128983e-07
29000.000000000095 8.646152266326032e-08
29050.000000000095 1.0656494223738473e-07
29100.000000000095 6.456471663408275e-08
29150.000000000095 1.344925656040052e-07
29200.000000000095 9.388066932809114e-08
29250.000000000095 1.332213841015246e-07
29300.000000000095 7.991369336347165e-08
