galfind/configs/Brown_Dwarf_templates/sonora_cholla/logkzz2/100g/1100K_100g_logkzz2_resample.dat
# %ECSV 1.0
# ---
# datatype:
# - {name: wav, unit: Angstrom, datatype: float64}
# - {name: flux_nu, unit: erg / (cm2 Hz s), datatype: float64}
# schema: astropy-2.0
wav flux_nu
[from data line 388]
29400.000000000095 1.6262390394571052e-07
29450.000000000095 1.5575984444779075e-07
29500.000000000095 1.6331625486189078e-07
29550.000000000095 1.4312531472084895e-07
29600.000000000095 2.060502942096879e-07
29650.000000000095 1.6041097256888887e-07
29700.000000000095 1.518934991374223e-07
29750.000000000095 1.7879124505330626e-07
29800.000000000095 2.2265853745298933e-07
29850.000000000095 2.1582354881266248e-07
29900.000000000095 1.8885187543052427e-07
29950.000000000095 1.7049901785369788e-07
30000.000000000095 1.9674150666912404e-07
30050.000000000095 1.5883039185877279e-07
30100.000000000095 1.7739041155568835e-07
30150.000000000095 2.2332418856507745e-07
30200.000000000095 1.7491871444136192e-07
30250.000000000095 2.1878705962387371e-07
30300.000000000095 1.9447353093890954e-07
30350.000000000095 1.619553232843761e-07
30400.000000000095 1.909960875993378e-07
30450.000000000095 1.64116218969393e-07
30500.000000000095 1.5386806522660358e-07
30550.000000000095 1.6443511074225402e-07
30600.000000000095 1.6997003099749462e-07
30650.000000000095 1.5724791899321736e-07
30700.000000000095 1.402639781778975e-07
30750.000000000095 1.242996776957882e-07
30800.000000000095 1.3139838408750998e-07
30850.000000000095 1.2079753596819244e-07
30900.000000000095 1.1871847610242891e-07
30950.000000000095 9.074456081015876e-08
31000.000000000095 1.0289828239642143e-07
31050.000000000095 1.0346430881590372e-07
31100.000000000095 7.151693749632286e-08
31150.000000000095 8.913918475796621e-08
31200.000000000095 8.793754832278949e-08
31250.000000000095 7.536521779694729e-08
31300.000000000095 7.186245704331332e-08
31350.000000000095 6.887846159447777e-08
31400.000000000095 4.828666451262454e-08
31450.000000000095 7.344543235972508e-08
31500.000000000095 5.318387804501947e-08
31550.000000000095 6.840028536469723e-08
31600.000000000095 4.7243374787024026e-08
31650.000000000095 5.198491049809391e-08
31700.000000000095 5.3619333018324217e-08
31750.000000000095 4.406515544967279e-08
31800.000000000095 4.893238227074903e-08
31850.000000000095 4.806209285391072e-08
31900.000000000095 4.433124021098259e-08
31950.000000000095 4.702075083434651e-08
32000.000000000095 4.6115952137530594e-08
32050.000000000095 3.426143789279697e-08
32100.000000000095 3.5061677727051385e-08
32150.000000000095 4.3939870128298836e-08
32200.000000000095 3.6301293281962504e-08
32250.000000000095 4.788903184361817e-08
32300.000000000095 3.277577500958319e-08
32350.000000000095 5.512325033454806e-08
32400.000000000095 4.288986158510998e-08
32450.000000000095 5.5525237956960806e-08
32500.000000000095 4.192605754492071e-08
32550.000000000095 5.219657759801714e-08
32600.000000000095 5.716115882232608e-08
32650.000000000095 7.111599736520615e-08
32700.000000000095 5.528207367051282e-08
32750.000000000095 7.799269849016492e-08
32800.000000000095 5.641087623294356e-08
32850.000000000095 7.856089852087284e-08
32900.000000000095 8.25778502606974e-08
32950.000000000095 8.960871522624115e-08
33000.000000000095 8.034667066447506e-08
33050.000000000095 7.535489634132234e-08
33100.000000000095 4.080976587469202e-08
33150.000000000095 1.8027926079657527e-08
33200.000000000095 1.8535391199896353e-08
33250.000000000095 9.721269949224582e-09
33300.000000000095 9.84291579215447e-09
33350.000000000095 1.7139976836643832e-08
33400.000000000095 2.3430282552628243e-08
33450.000000000095 2.9620441067713238e-08
33500.000000000095 3.669084818225916e-08
33550.000000000095 3.706288045318103e-08
33600.000000000095 5.649925291309823e-08
33650.000000000095 5.537401396967045e-08
33700.000000000095 5.338195779600681e-08
33750.000000000095 6.728906332997523e-08
33800.000000000095 5.541590762091019e-08
33850.000000000095 7.005912939530538e-08
33900.000000000095 6.274113492591457e-08
33950.000000000095 6.643972712156534e-08
34000.000000000095 7.329387244706134e-08
34050.000000000095 3.969100961870275e-08
34100.000000000095 7.19750629390063e-08
34150.000000000095 5.696279714666859e-08
34200.000000000095 6.780744785737552e-08
34250.000000000095 5.503305384268658e-08
34300.000000000095 4.749889830956719e-08
34350.000000000095 6.107477652040761e-08
34400.000000000095 5.4506897933665085e-08
34450.000000000095 7.143944563462802e-08
34500.000000000095 6.230896623754338e-08
34550.000000000095 4.685546646324299e-08
34600.000000000095 7.204144995486309e-08
34650.000000000095 5.247412772736346e-08
34700.000000000095 5.515984952919255e-08
34750.000000000095 5.339204751355926e-08
34800.000000000095 3.9617842003754176e-08
34850.000000000095 5.707288291207534e-08
34900.000000000095 7.003796758327492e-08
34950.000000000095 5.813964208307127e-08
35000.000000000095 7.560018966933316e-08
35050.000000000095 6.255171446347732e-08
35100.000000000095 7.520148207173157e-08
35150.000000000095 7.070045076238083e-08
35200.000000000095 1.0086454571560075e-07
35250.000000000095 9.270702869168358e-08
35300.000000000095 6.5525100560471e-08
35350.000000000095 9.252290273968608e-08
35400.000000000095 8.851727465211625e-08
35450.000000000095 7.997651268478353e-08
35500.000000000095 1.1790082045314636e-07
35550.000000000095 1.0660172824852654e-07
35600.000000000095 1.0666497160917746e-07
35650.000000000095 1.0466328590063522e-07
35700.000000000095 7.893450672521428e-08
35750.000000000095 1.2816971082167574e-07
35800.000000000095 1.1917978751001752e-07
35850.000000000095 8.960436372614593e-08
35900.000000000095 1.3418312645076797e-07
35950.000000000095 1.1958077427604657e-07
36000.000000000095 9.20748961989524e-08
36050.000000000095 1.2729246931834215e-07
36100.000000000095 1.225812597077337e-07
36150.000000000095 1.2577973659851412e-07
36200.000000000095 1.2684606811777933e-07
36250.000000000095 1.3837948665817902e-07
36300.000000000095 1.475266241176649e-07
36350.000000000095 1.60326554915077e-07
36400.000000000095 1.8037602445075833e-07
36450.000000000095 1.7512582398305643e-07
36500.000000000095 1.893174579051776e-07
36550.000000000095 1.7654153286198595e-07
36600.000000000095 2.1462351216325383e-07
36650.000000000095 2.1883366241548872e-07
36700.000000000095 2.3720700170226243e-07
36750.000000000095 2.520647594260211e-07
36800.000000000095 2.3338765127413923e-07
36850.000000000095 2.280039233508023e-07
36900.000000000095 2.2983306481283848e-07
36950.000000000095 2.5339177402750506e-07
37000.000000000095 2.421459504233328e-07
37050.000000000095 2.580508736368713e-07
37100.000000000095 2.8145638879690814e-07
37150.000000000095 2.8051406438791207e-07
37200.000000000095 2.7452530466675995e-07
37250.000000000095 2.481030351823316e-07
37300.000000000095 2.707953818811061e-07
37350.000000000095 2.8723746827944967e-07
37400.000000000095 3.26785258063521e-07
37450.000000000095 3.164329454507858e-07
37500.000000000095 2.686710350157879e-07
37550.000000000095 3.672136394775287e-07
37600.000000000095 3.77714722047957e-07
37650.000000000095 3.1451765959324914e-07
37700.000000000095 3.2643358512025695e-07
37750.000000000095 2.8055173450470675e-07
37800.000000000095 3.132787635830919e-07
37850.000000000095 2.9312137438105326e-07
37900.000000000095 3.2622130196949795e-07
37950.000000000095 3.639184784062016e-07
38000.000000000095 4.0612964305564813e-07
38050.000000000095 3.6157840258993093e-07
38100.000000000095 3.889586620202608e-07
38150.000000000095 4.099992604922705e-07
38200.000000000095 4.4954194667123063e-07
38250.000000000095 4.222848324779929e-07
38300.000000000095 4.85410440730615e-07
38350.000000000095 5.073453009616975e-07
38400.000000000095 3.8145508603645936e-07
38450.000000000095 4.3343681486606655e-07
38500.000000000095 3.8514628478314654e-07
38550.000000000095 4.383890088097571e-07
38600.000000000095 4.4630387191053054e-07
38650.000000000095 5.504757594844117e-07
38700.000000000095 5.01379621107734e-07
38750.000000000095 5.008177976981454e-07
38800.000000000095 4.5134867641013477e-07
38850.000000000095 5.670955435692493e-07
38900.000000000095 5.490926887434671e-07
38950.000000000095 5.251667634675246e-07
39000.000000000095 6.217521719538823e-07
39050.000000000095 5.435939850718658e-07
39100.000000000095 5.458210493638981e-07
39150.000000000095 5.506188110529563e-07
39200.000000000095 5.295992214526487e-07
39250.000000000095 6.210367477258936e-07
39300.000000000095 6.038776219299967e-07
39350.000000000095 7.184151191172499e-07
39400.000000000095 7.025847434352831e-07
39450.000000000095 6.852982277618556e-07
39500.000000000095 5.586543406405298e-07
39550.000000000095 6.210314907271598e-07
39600.000000000095 6.629406259654282e-07
39650.000000000095 7.466827550231673e-07
39700.000000000095 6.467879208527665e-07
39750.000000000095 5.656883777023747e-07
39800.000000000095 7.003991529518662e-07
39850.000000000095 7.362978054007917e-07
39900.000000000095 6.980955363816807e-07
39950.000000000095 7.172621598038916e-07
40000.000000000095 7.486972436368914e-07
40050.000000000095 7.69653094113217e-07
40100.000000000095 6.896256098063065e-07
40150.000000000095 8.616987100835622e-07
40200.000000000095 8.673467137473616e-07
40250.000000000095 7.130298755640475e-07
40300.000000000095 8.027224277840037e-07
40350.000000000095 7.368112150667737e-07
40400.000000000095 8.172202468010566e-07
40450.000000000095 8.100420940482998e-07
40500.000000000095 7.810583021484209e-07
40550.000000000095 8.446090506241332e-07
40600.000000000095 7.617639708648048e-07
40650.000000000095 8.744993899528812e-07
40700.000000000095 1.0046070101519682e-06
40750.000000000095 8.717059190694743e-07
40800.000000000095 7.349605657386481e-07
40850.000000000095 8.819991489725591e-07
40900.000000000095 7.581453721072418e-07
40950.000000000095 7.897833978903827e-07
41000.000000000095 8.428239708915098e-07
41050.000000000095 9.407150023242577e-07
41100.000000000095 7.590561252721927e-07
41150.000000000095 7.252633857843134e-07
41200.000000000095 8.880123298755286e-07
41250.000000000095 8.856015574489407e-07
41300.000000000095 6.951154046029308e-07
41350.000000000095 9.376802924621155e-07
41400.000000000095 8.706180376086262e-07
41450.000000000095 8.944794798541566e-07
41500.000000000095 8.044443685993841e-07
41550.000000000095 7.871252889767871e-07
41600.000000000095 8.805190720500271e-07
41650.000000000095 7.702632682560028e-07
41700.000000000095 7.747873121902415e-07
41750.000000000095 6.62380775427548e-07
41800.000000000095 9.126227020397068e-07
41850.000000000095 5.352855081929015e-07
41900.000000000095 7.318269166522186e-07
41950.000000000095 7.089204988921594e-07
42000.000000000095 7.422308400911452e-07
42050.000000000095 6.448707903204898e-07
42100.000000000095 7.109823410423101e-07
42150.000000000095 5.58889412193615e-07
42200.000000000095 6.435839875394614e-07
42250.000000000095 5.738247372277491e-07
42300.000000000095 6.26744385822778e-07
42350.000000000095 6.442244993725264e-07
42400.000000000095 5.290670510716362e-07
42450.000000000095 5.092467288614476e-07
42500.000000000095 5.064776113550986e-07
42550.000000000095 5.421952185154309e-07
42600.000000000095 5.595680850832873e-07
42650.000000000095 6.773349857786219e-07
42700.000000000095 5.541904659292964e-07
42750.000000000095 5.45215393230532e-07
42800.000000000095 4.879369304653132e-07
42850.000000000095 5.648782135404171e-07
42900.000000000095 5.936625313078467e-07
42950.000000000095 4.73922203073143e-07
43000.000000000095 6.213203916589163e-07
43050.000000000095 4.2881803449614046e-07
43100.000000000095 5.622578782256108e-07
43150.000000000095 6.104833615535476e-07
43200.000000000095 5.96249837618006e-07
43250.000000000095 5.491584617741985e-07
43300.000000000095 6.516408363898604e-07
43350.000000000095 5.281396881239688e-07
43400.000000000095 6.162788817105286e-07
43450.000000000095 4.657886261176735e-07
43500.000000000095 4.472127086499035e-07
43550.000000000095 4.5845511562964825e-07
43600.000000000095 5.792916599639887e-07
43650.000000000095 4.2255373024965805e-07
43700.000000000095 6.026238427184654e-07
43750.000000000095 5.963005995502409e-07
43800.000000000095 4.794772397927663e-07
43850.000000000095 5.336118996806805e-07
43900.000000000095 3.954596634812492e-07
43950.000000000095 4.5378665125124396e-07
44000.000000000095 3.1090990939063895e-07
44050.000000000095 4.570679391427543e-07
44100.000000000095 4.661174441051446e-07
44150.000000000095 4.772544403743104e-07
44200.000000000095 3.983973990114632e-07
44250.000000000095 3.99259575083137e-07
44300.000000000095 3.732428806321523e-07
44350.000000000095 2.9318758643760287e-07
44400.000000000095 3.3978276946430977e-07
44450.000000000095 3.431399429170412e-07
44500.000000000095 2.7032797411474233e-07
44550.000000000095 3.1798523412967304e-07
44600.000000000095 2.7016180535512615e-07
44650.000000000095 3.147581493081834e-07
44700.000000000095 2.880559555321824e-07
44750.000000000095 3.0752474570637614e-07
44800.000000000095 2.8363628875408257e-07
44850.000000000095 2.7057537461288973e-07
44900.000000000095 2.1943403943653202e-07
44950.000000000095 2.2871575324404173e-07
45000.000000000095 2.3624405839949013e-07
45050.000000000095 2.474267257451222e-07
45100.000000000095 2.2077952457837164e-07
45150.000000000095 2.1452056729610528e-07
45200.000000000095 1.7264954180735843e-07
45250.000000000095 1.8769788319839125e-07
45300.000000000095 2.101599648339366e-07
45350.000000000095 2.178479805172412e-07
45400.000000000095 1.663662734540773e-07
45450.000000000095 1.7232036312982237e-07
45500.000000000095 1.7334105584995664e-07
45550.000000000095 1.9993053051869053e-07
45600.000000000095 1.6825442046347367e-07
45650.000000000095 1.685227067269218e-07
45700.000000000095 2.0864757537624653e-07
45750.000000000095 1.8509695209301366e-07
45800.000000000095 1.6391440942424817e-07
45850.000000000095 2.3959429568142854e-07
45900.000000000095 2.3351853818035683e-07
45950.000000000095 1.7214651505418907e-07
46000.000000000095 2.221815165906229e-07
46050.000000000095 2.3361547252149567e-07
46100.000000000095 1.7198368591939543e-07
46150.000000000095 2.2568158869570089e-07
46200.000000000095 2.0924665466548696e-07
46250.000000000095 1.3095026672472788e-07
46300.000000000095 2.541111229949584e-07
46350.000000000095 1.7621722912073097e-07
46400.000000000095 2.1989903780476818e-07
46450.000000000095 2.777415535026487e-07
46500.000000000095 2.1199396802291563e-07
46550.000000000095 2.71440049381151e-07
46600.000000000095 2.763756431008558e-07
46650.000000000095 4.163762183578337e-07
46700.000000000095 3.114205947312418e-07
46750.000000000095 2.5770460845123073e-07
46800.000000000095 2.0761417779203237e-07
46850.000000000095 2.9961212719809253e-07
46900.000000000095 2.522418794545443e-07
46950.000000000095 3.253909055943918e-07
47000.000000000095 2.1074415549547587e-07
47050.000000000095 3.497920340773637e-07
47100.000000000095 1.874961374258733e-07
47150.000000000095 2.260014953306711e-07
47200.000000000095 2.742515395217074e-07
47250.000000000095 2.0221883846668735e-07
47300.000000000095 2.2937630868665515e-07
47350.000000000095 1.7899384489105223e-07
47400.000000000095 2.9284726724411264e-07
47450.000000000095 1.8694036662170573e-07
47500.000000000095 3.1367363498445655e-07
47550.000000000095 1.911376414807282e-07
47600.000000000095 2.9085959875546617e-07
47650.000000000095 1.906983908828131e-07
47700.000000000095 2.7549717639519203e-07
47750.000000000095 1.5784883530782054e-07
47800.000000000095 2.5346826967713e-07
47850.000000000095 1.4380787401355044e-07
47900.000000000095 2.4663319505462847e-07
47950.000000000095 1.9206522360444897e-07
48000.000000000095 3.306887160182179e-07
48050.000000000095 2.1918836118775714e-07
48100.000000000095 2.7683880028855286e-07
48150.000000000095 2.0652074855020723e-07
48200.000000000095 2.9691333741413014e-07
48250.000000000095 2.2385612218006262e-07
48300.000000000095 3.613599460877429e-07
48350.000000000095 1.948657143232905e-07
48400.000000000095 2.682522661948353e-07
48450.000000000095 1.891552362699792e-07
48500.000000000095 3.537017648011461e-07
48550.000000000095 1.8451296264695109e-07
48600.000000000095 3.066440894114702e-07
48650.000000000095 1.8754613244668127e-07
48700.000000000095 3.33647916249051e-07
