galfind/configs/Brown_Dwarf_templates/sonora_cholla/logkzz2/100g/1100K_100g_logkzz2_resample.dat
# %ECSV 1.0
# ---
# datatype:
# - {name: wav, unit: Angstrom, datatype: float64}
# - {name: flux_nu, unit: erg / (cm2 Hz s), datatype: float64}
# schema: astropy-2.0
wav flux_nu
[from data line 1162]
68100.00000000009 2.483967633720651e-07
68150.00000000009 1.9864427548290275e-07
68200.00000000009 2.0247090748665915e-07
68250.00000000009 1.1558525715267219e-07
68300.00000000009 1.8132820618024517e-07
68350.00000000009 1.0317106955258392e-07
68400.00000000009 2.5329322172598336e-07
68450.00000000009 2.4760754073881597e-07
68500.00000000009 2.122290338375117e-07
68550.00000000009 1.5591390710218837e-07
68600.00000000009 1.6726139800541155e-07
68650.00000000009 1.2183553125356058e-07
68700.00000000009 1.7963523071897614e-07
68750.00000000009 2.131153061177545e-07
68800.00000000009 2.2435190678608056e-07
68850.00000000009 1.3616404752964424e-07
68900.00000000009 2.6871686097572624e-07
68950.00000000009 2.725250364153186e-07
69000.00000000009 2.557145485439806e-07
69050.00000000009 1.806594068861084e-07
69100.00000000009 2.570736851623377e-07
69150.00000000009 3.1122302163741284e-07
69200.00000000009 2.0539363024170975e-07
69250.00000000009 2.754648218604137e-07
69300.00000000009 2.1169224086994877e-07
69350.00000000009 2.6329817209061127e-07
69400.00000000009 1.4417267486512614e-07
69450.00000000009 2.711047150772375e-07
69500.00000000009 2.0030143709704307e-07
69550.00000000009 2.0452878195248984e-07
69600.00000000009 9.534354734791114e-08
69650.00000000009 1.950586828675071e-07
69700.00000000009 2.541436915745986e-07
69750.00000000009 1.854662129806326e-07
69800.00000000009 2.4433650473271706e-07
69850.00000000009 2.498474591574445e-07
69900.00000000009 1.7459957310492062e-07
69950.00000000009 2.1242342086574516e-07
70000.00000000009 1.840205009617994e-07
70050.00000000009 2.570178602412347e-07
70100.00000000009 2.013414981535431e-07
70150.00000000009 2.1428457916020842e-07
70200.00000000009 1.605818142735497e-07
70250.00000000009 2.0370504610812984e-07
70300.00000000009 2.4292800916527995e-07
70350.00000000009 1.842598946672495e-07
70400.00000000009 1.853355492815313e-07
70450.00000000009 1.0730328922072664e-07
70500.00000000009 1.4862115841923375e-07
70550.00000000009 1.6345737180673072e-07
70600.00000000009 1.5845239837674502e-07
70650.00000000009 2.1090290533271726e-07
70700.00000000009 1.9905825506583207e-07
70750.00000000009 2.1943775226954776e-07
70800.00000000009 1.532218572751439e-07
70850.00000000009 1.5925902801451688e-07
70900.00000000009 1.507086534202969e-07
70950.00000000009 2.413620207631136e-07
71000.00000000009 1.9728017494380553e-07
71050.00000000009 2.0346135337308943e-07
71100.00000000009 1.8502074022170215e-07
71150.00000000009 1.9771543721130387e-07
71200.00000000009 1.7354750023884841e-07
71250.00000000009 1.7871465209597466e-07
71300.00000000009 2.241833434620966e-07
71350.00000000009 2.1323927117152552e-07
71400.00000000009 2.173048887094374e-07
71450.00000000009 1.3510489442607293e-07
71500.00000000009 1.6282959521207029e-07
71550.00000000009 1.7327599857866034e-07
71600.00000000009 1.803219232133783e-07
71650.00000000009 1.831055073559675e-07
71700.00000000009 1.5336630174281918e-07
71750.00000000009 1.699389387131153e-07
71800.00000000009 2.1687720141578249e-07
71850.00000000009 2.0919005925027694e-07
71900.00000000009 1.578984737981431e-07
71950.00000000009 1.5979178020851868e-07
72000.00000000009 1.6406216211096667e-07
72050.00000000009 1.3985590674470148e-07
72100.00000000009 1.58373782823365e-07
72150.00000000009 1.2800558246591522e-07
72200.00000000009 1.5339979659634024e-07
72250.00000000009 1.7711883212313126e-07
72300.00000000009 1.7532011925858234e-07
72350.00000000009 1.7580366855252908e-07
72400.00000000009 1.3685417653113944e-07
72450.00000000009 1.3587298307394585e-07
72500.00000000009 1.5843786359134211e-07
72550.00000000009 9.8826746445445e-08
72600.00000000009 9.277054302494535e-08
72650.00000000009 1.7987473871693307e-07
72700.00000000009 1.852048561148808e-07
72750.00000000009 1.5765846735960074e-07
72800.00000000009 1.4976763108400458e-07
72850.00000000009 1.369605206503308e-07
72900.00000000009 1.5482597045420242e-07
72950.00000000009 1.655151140246663e-07
73000.00000000009 1.6973997820729343e-07
73050.00000000009 1.4686038445496903e-07
73100.00000000009 1.2520776322996122e-07
73150.00000000009 2.008448644839671e-07
73200.00000000009 1.3268046958641743e-07
73250.00000000009 1.4598619130044388e-07
73300.00000000009 1.5605695337023963e-07
73350.00000000009 1.3378432236788357e-07
73400.00000000009 1.5594718243052814e-07
73450.00000000009 1.0615195768146952e-07
73500.00000000009 1.1208938405076288e-07
73550.00000000009 1.3744473302161944e-07
73600.00000000009 1.128946082849392e-07
73650.00000000009 1.4444746265503422e-07
73700.00000000009 1.729772704837814e-07
73750.00000000009 1.1408304628974355e-07
73800.00000000009 1.3832404953124647e-07
73850.00000000009 1.438779677479154e-07
73900.00000000009 1.6193045053685995e-07
73950.00000000009 1.4042229777120728e-07
74000.00000000009 1.3628147104703803e-07
74050.00000000009 2.012178351720873e-07
74100.00000000009 1.2348400806201075e-07
74150.00000000009 1.5267299316793133e-07
74200.00000000009 1.3945871938151507e-07
74250.00000000009 1.0005746465851565e-07
74300.00000000009 1.3947951545011282e-07
74350.00000000009 1.6149813075875068e-07
74400.00000000009 1.515737473581365e-07
74450.00000000009 9.315235906828713e-08
74500.00000000009 1.1682480939103398e-07
74550.00000000009 1.3499145430184474e-07
74600.00000000009 1.407200404600204e-07
74650.00000000009 1.3952717946305297e-07
74700.00000000009 1.115788642281985e-07
74750.00000000009 1.2770349718026745e-07
74800.00000000009 1.337252794138302e-07
74850.00000000009 8.441758989825961e-08
74900.00000000009 1.7327288457332062e-07
74950.00000000009 1.7555697857678363e-07
75000.00000000009 1.471985733823761e-07
75050.00000000009 1.2425480990246206e-07
75100.00000000009 1.8690457111018334e-07
75150.00000000009 1.568696667156809e-07
75200.00000000009 1.8694196811781235e-07
75250.00000000009 1.534712360385263e-07
75300.00000000009 1.7851119431140348e-07
75350.00000000009 1.1405961049062685e-07
75400.00000000009 1.7415447726720305e-07
75450.00000000009 1.519209871723251e-07
75500.00000000009 1.339887539804487e-07
75550.00000000009 1.935243778836978e-07
75600.00000000009 2.136970469507186e-07
75650.00000000009 1.4034388381463248e-07
75700.00000000009 1.5407403475356336e-07
75750.00000000009 1.1402144679623382e-07
75800.00000000009 1.6945785304121266e-07
75850.00000000009 2.0695305223210354e-07
75900.00000000009 1.8511087207633136e-07
75950.00000000009 1.50595138257462e-07
76000.00000000009 1.5442326316592812e-07
76050.00000000009 1.862724266930314e-07
76100.00000000009 1.5684961580182813e-07
76150.00000000009 1.8854676255354557e-07
76200.00000000009 1.9131979949056737e-07
76250.00000000009 2.1737078927020483e-07
76300.00000000009 2.2086086286175053e-07
76350.00000000009 2.584722980377164e-07
76400.00000000009 2.0983271857189516e-07
76450.00000000009 2.0716730483058355e-07
76500.00000000009 1.6084346101654312e-07
76550.00000000009 1.6006477198511916e-07
76600.00000000009 8.96709700806579e-08
76650.00000000009 9.076659496908848e-08
76700.00000000009 1.1125913554637784e-07
76750.00000000009 9.679225749801535e-08
76800.00000000009 1.3978142175376053e-07
76850.00000000009 6.565676708051354e-08
76900.00000000009 7.985245623406865e-08
76950.00000000009 1.1118209343602919e-07
77000.00000000009 1.2235867435955654e-07
77050.00000000009 8.702788209242712e-08
77100.00000000009 9.402669886952899e-08
77150.00000000009 1.320554778245055e-07
77200.00000000009 1.0987827684788293e-07
77250.00000000009 1.2122124711713446e-07
77300.00000000009 1.1404658069156814e-07
77350.00000000009 8.26982839115748e-08
77400.00000000009 7.662919141260135e-08
77450.00000000009 8.037433420752204e-08
77500.00000000009 1.0152193439239091e-07
77550.00000000009 1.1241077637524427e-07
77600.00000000009 1.1533832458613945e-07
77650.00000000009 1.156237150268509e-07
77700.00000000009 8.984185280651305e-08
77750.00000000009 1.3099660298077517e-07
77800.00000000009 1.0556443412867611e-07
77850.00000000009 1.5075063859457659e-07
77900.00000000009 1.2520221421414935e-07
77950.00000000009 8.923408403713577e-08
78000.00000000009 1.0671285274425323e-07
78050.00000000009 1.340559805309015e-07
78100.00000000009 1.0087909976138646e-07
78150.00000000009 1.418761220084845e-07
78200.00000000009 1.4101746765557502e-07
78250.00000000009 1.505488568054303e-07
78300.00000000009 1.5382344895714302e-07
78350.00000000009 1.4091386620496885e-07
78400.00000000009 1.331979802402964e-07
78450.00000000009 1.6957477156930103e-07
78500.00000000009 1.5035884709352737e-07
78550.00000000009 1.6814286375449783e-07
78600.00000000009 1.4549974449209993e-07
78650.00000000009 8.287862998422433e-08
78700.00000000009 1.2152528200561396e-07
78750.00000000009 1.149023149928356e-07
78800.00000000009 1.505410617305612e-07
78850.00000000009 1.168373669224059e-07
78900.00000000009 1.4252326747218654e-07
78950.00000000009 1.3387513993585656e-07
79000.00000000009 1.3616378016659613e-07
79050.00000000009 1.2012724616638919e-07
79100.00000000009 1.2965454535356304e-07
79150.00000000009 1.4715107863757847e-07
79200.00000000009 1.75960959277989e-07
79250.00000000009 1.5922237346349666e-07
79300.00000000009 1.1228977577635056e-07
79350.00000000009 1.5779183425768468e-07
79400.00000000009 1.3664593523729543e-07
79450.00000000009 1.3408523545984625e-07
79500.00000000009 2.005190647304203e-07
79550.00000000009 1.6332115142753366e-07
79600.00000000009 1.2196711865568058e-07
79650.00000000009 1.463729915880267e-07
79700.00000000009 1.8594138501980922e-07
79750.00000000009 1.7181105596814147e-07
79800.00000000009 1.4952855681381188e-07
79850.00000000009 1.4225435664790508e-07
79900.00000000009 2.105011863334128e-07
79950.00000000009 1.4087256050470213e-07
