galfind/configs/Brown_Dwarf_templates/sonora_cholla/logkzz2/100g/1150K_100g_logkzz2_resample.dat
# %ECSV 1.0
# ---
# datatype:
# - {name: wav, unit: Angstrom, datatype: float64}
# - {name: flux_nu, unit: erg / (cm2 Hz s), datatype: float64}
# schema: astropy-2.0
wav flux_nu
[from data line 1163]
68150.00000000009 2.2756022118284825e-07
68200.00000000009 2.3563102887048316e-07
68250.00000000009 1.4036230995331936e-07
68300.00000000009 2.125587952254578e-07
68350.00000000009 1.2375881395561918e-07
68400.00000000009 2.8679671437356264e-07
68450.00000000009 2.830105665657566e-07
68500.00000000009 2.458555550648343e-07
68550.00000000009 1.8133866226573144e-07
68600.00000000009 1.9969478146566408e-07
68650.00000000009 1.498100718152525e-07
68700.00000000009 2.1218408188517028e-07
68750.00000000009 2.4967716454625084e-07
68800.00000000009 2.581567421401934e-07
68850.00000000009 1.6300014419403567e-07
68900.00000000009 3.071146822096036e-07
68950.00000000009 3.126986610159735e-07
69000.00000000009 2.9780389187744007e-07
69050.00000000009 2.1606975817735575e-07
69100.00000000009 2.897359499662482e-07
69150.00000000009 3.516136723030866e-07
69200.00000000009 2.3524971385179352e-07
69250.00000000009 3.0724843349072317e-07
69300.00000000009 2.5168066525098684e-07
69350.00000000009 2.971213887363479e-07
69400.00000000009 1.7317482721601711e-07
69450.00000000009 3.0980029111491937e-07
69500.00000000009 2.3834470090744194e-07
69550.00000000009 2.396874959220213e-07
69600.00000000009 1.1461408627206046e-07
69650.00000000009 2.3137869238504965e-07
69700.00000000009 2.852800012380739e-07
69750.00000000009 2.175080881515567e-07
69800.00000000009 2.8253813559340783e-07
69850.00000000009 2.896521249187633e-07
69900.00000000009 2.0347881847676644e-07
69950.00000000009 2.5364655613618876e-07
70000.00000000009 2.113159122774028e-07
70050.00000000009 2.887170033389193e-07
70100.00000000009 2.3078944610570195e-07
70150.00000000009 2.497461332048207e-07
70200.00000000009 1.9108966587816768e-07
70250.00000000009 2.3428015305141988e-07
70300.00000000009 2.747390902569812e-07
70350.00000000009 2.1050451695873034e-07
70400.00000000009 2.1817224571099002e-07
70450.00000000009 1.3325533279013433e-07
70500.00000000009 1.7613260151997094e-07
70550.00000000009 1.9335168915655875e-07
70600.00000000009 1.9187337001866393e-07
70650.00000000009 2.3944197793026606e-07
70700.00000000009 2.2801748267695246e-07
70750.00000000009 2.5049804256682377e-07
70800.00000000009 1.7811509221297888e-07
70850.00000000009 1.8448088333798096e-07
70900.00000000009 1.771887031836245e-07
70950.00000000009 2.749962634158663e-07
71000.00000000009 2.2737719166200484e-07
71050.00000000009 2.3811305889392862e-07
71100.00000000009 2.1736941512614114e-07
71150.00000000009 2.3265836012278156e-07
71200.00000000009 2.0271128820585638e-07
71250.00000000009 2.090323534477899e-07
71300.00000000009 2.556300609816838e-07
71350.00000000009 2.398504102509447e-07
71400.00000000009 2.4795818673644897e-07
71450.00000000009 1.606725902746642e-07
71500.00000000009 1.9293867577616336e-07
71550.00000000009 2.024904135240862e-07
71600.00000000009 2.1009851691879506e-07
71650.00000000009 2.1457690764623035e-07
71700.00000000009 1.8173967803488887e-07
71750.00000000009 1.9752515021737825e-07
71800.00000000009 2.5034734732588277e-07
71850.00000000009 2.4193765461007375e-07
71900.00000000009 1.8410250409686853e-07
71950.00000000009 1.8762736881747123e-07
72000.00000000009 1.9261309682831054e-07
72050.00000000009 1.6649835620044604e-07
72100.00000000009 1.863755898833691e-07
72150.00000000009 1.5352001114681537e-07
72200.00000000009 1.7888743582444837e-07
72250.00000000009 2.036723170453468e-07
72300.00000000009 2.062089087655653e-07
72350.00000000009 2.0370185820696953e-07
72400.00000000009 1.5958639886560038e-07
72450.00000000009 1.6179422723247733e-07
72500.00000000009 1.8433599833154453e-07
72550.00000000009 1.214500436621119e-07
72600.00000000009 1.1079981860400861e-07
72650.00000000009 2.1017004135391374e-07
72700.00000000009 2.166790306942393e-07
72750.00000000009 1.841301177241056e-07
72800.00000000009 1.7870220218599316e-07
72850.00000000009 1.6307988646490162e-07
72900.00000000009 1.8184836608342282e-07
72950.00000000009 1.8864728974437636e-07
73000.00000000009 1.9919903033272726e-07
73050.00000000009 1.750375928949975e-07
73100.00000000009 1.5084401770160788e-07
73150.00000000009 2.3019136090157857e-07
73200.00000000009 1.592419049104936e-07
73250.00000000009 1.7211254021353656e-07
73300.00000000009 1.845003357175933e-07
73350.00000000009 1.6072741496278574e-07
73400.00000000009 1.8482391729783892e-07
73450.00000000009 1.2556088914117174e-07
73500.00000000009 1.349316845017323e-07
73550.00000000009 1.6011413329645135e-07
73600.00000000009 1.377848159897964e-07
73650.00000000009 1.6989790825842058e-07
73700.00000000009 2.0228202914463793e-07
73750.00000000009 1.4106491620656623e-07
73800.00000000009 1.6221749485557897e-07
73850.00000000009 1.688323512703421e-07
73900.00000000009 1.900212212301079e-07
73950.00000000009 1.6385456427664182e-07
74000.00000000009 1.6619767255099866e-07
74050.00000000009 2.3152986944586092e-07
74100.00000000009 1.4365651761088548e-07
74150.00000000009 1.8122635010716035e-07
74200.00000000009 1.677023028773852e-07
74250.00000000009 1.2667867617442876e-07
74300.00000000009 1.6767086206761464e-07
74350.00000000009 1.899382375844832e-07
74400.00000000009 1.7589715643432103e-07
74450.00000000009 1.1172481890038858e-07
74500.00000000009 1.45562051184755e-07
74550.00000000009 1.626370144784513e-07
74600.00000000009 1.6728273220036724e-07
74650.00000000009 1.6415450568557032e-07
74700.00000000009 1.3552637463886025e-07
74750.00000000009 1.5411578741324122e-07
74800.00000000009 1.581886081614426e-07
74850.00000000009 1.023477666411093e-07
74900.00000000009 2.0600354240922118e-07
74950.00000000009 2.029303439102622e-07
75000.00000000009 1.74759705313644e-07
75050.00000000009 1.5669333218839445e-07
75100.00000000009 2.1719436444948884e-07
75150.00000000009 1.882033875808234e-07
75200.00000000009 2.1771051853598975e-07
75250.00000000009 1.7729896545512148e-07
75300.00000000009 2.087381656699457e-07
75350.00000000009 1.3891413965917096e-07
75400.00000000009 2.0134777791419236e-07
75450.00000000009 1.8068461975791084e-07
75500.00000000009 1.5574763056791985e-07
75550.00000000009 2.245460005998819e-07
75600.00000000009 2.455731194976329e-07
75650.00000000009 1.656725630265908e-07
75700.00000000009 1.8063704241657027e-07
75750.00000000009 1.379088965248245e-07
75800.00000000009 1.9705648786817802e-07
75850.00000000009 2.3822192925861735e-07
75900.00000000009 2.1354795225641896e-07
75950.00000000009 1.782691106971338e-07
76000.00000000009 1.800135385979265e-07
76050.00000000009 2.135447083945141e-07
76100.00000000009 1.8134446051906755e-07
76150.00000000009 2.165689312327053e-07
76200.00000000009 2.2097120149306793e-07
76250.00000000009 2.523152780364493e-07
76300.00000000009 2.467561063005743e-07
76350.00000000009 2.915668589826142e-07
76400.00000000009 2.396402489590318e-07
76450.00000000009 2.3577633974737327e-07
76500.00000000009 1.8675123741314227e-07
76550.00000000009 1.8755535121970033e-07
76600.00000000009 1.1177711178138574e-07
76650.00000000009 1.108311486949463e-07
76700.00000000009 1.406185752022484e-07
76750.00000000009 1.207484484906037e-07
76800.00000000009 1.6991113931144387e-07
76850.00000000009 8.002292478136778e-08
76900.00000000009 1.0582095942584382e-07
76950.00000000009 1.346276919093609e-07
77000.00000000009 1.4955147464430584e-07
77050.00000000009 1.0665045009535766e-07
77100.00000000009 1.1431773529578149e-07
77150.00000000009 1.5214322558926474e-07
77200.00000000009 1.332470731880183e-07
77250.00000000009 1.4409379928116404e-07
77300.00000000009 1.3496883465209467e-07
77350.00000000009 1.0242259071581235e-07
77400.00000000009 9.309499740786603e-08
77450.00000000009 9.835058011232615e-08
77500.00000000009 1.3069018715683353e-07
77550.00000000009 1.3604258776432596e-07
77600.00000000009 1.3702356177040772e-07
77650.00000000009 1.3861845261800538e-07
77700.00000000009 1.1261526490750759e-07
77750.00000000009 1.543393213957821e-07
77800.00000000009 1.2793302855894667e-07
77850.00000000009 1.7279394208914062e-07
77900.00000000009 1.464564270242724e-07
77950.00000000009 1.0899868234131355e-07
78000.00000000009 1.3378865931691334e-07
78050.00000000009 1.5747727506170401e-07
78100.00000000009 1.1608076555231502e-07
78150.00000000009 1.6389187401707726e-07
78200.00000000009 1.618564593261206e-07
78250.00000000009 1.7395919885362896e-07
78300.00000000009 1.802569092659408e-07
78350.00000000009 1.6749125391919096e-07
78400.00000000009 1.5647025990210378e-07
78450.00000000009 1.940544114331122e-07
78500.00000000009 1.7428867512093777e-07
78550.00000000009 1.9229080803303246e-07
78600.00000000009 1.6663516897898812e-07
78650.00000000009 1.026254743133102e-07
78700.00000000009 1.4821921217268388e-07
78750.00000000009 1.4070813921704912e-07
78800.00000000009 1.7682681154960098e-07
78850.00000000009 1.3978364415912486e-07
78900.00000000009 1.6354726268661399e-07
78950.00000000009 1.556286777980758e-07
79000.00000000009 1.6350780938057223e-07
79050.00000000009 1.431089891263901e-07
79100.00000000009 1.5096360074562908e-07
79150.00000000009 1.733087001929883e-07
79200.00000000009 2.0722225561340697e-07
79250.00000000009 1.895023744121997e-07
79300.00000000009 1.3307241014676282e-07
79350.00000000009 1.8510288672568097e-07
79400.00000000009 1.566172398710691e-07
79450.00000000009 1.582738811007251e-07
79500.00000000009 2.2855313846786634e-07
79550.00000000009 1.9076712312027661e-07
79600.00000000009 1.4388747464437997e-07
79650.00000000009 1.682603660424777e-07
79700.00000000009 2.1735437475438174e-07
79750.00000000009 1.979501834714799e-07
79800.00000000009 1.7542718879464565e-07
79850.00000000009 1.67603859481196e-07
79900.00000000009 2.460132342295917e-07
79950.00000000009 1.6661540154083444e-07
