galfind/configs/Brown_Dwarf_templates/sonora_cholla/logkzz2/100g/1200K_100g_logkzz2_resample.dat
# %ECSV 1.0
# ---
# datatype:
# - {name: wav, unit: Angstrom, datatype: float64}
# - {name: flux_nu, unit: erg / (cm2 Hz s), datatype: float64}
# schema: astropy-2.0
wav flux_nu
[from data line 1162]
68100.00000000009 3.2005550212971146e-07
68150.00000000009 2.5835022892710653e-07
68200.00000000009 2.712889721481943e-07
68250.00000000009 1.684406732593083e-07
68300.00000000009 2.4613298487710597e-07
68350.00000000009 1.4563986763114706e-07
68400.00000000009 3.2166193488032315e-07
68450.00000000009 3.200444673925802e-07
68500.00000000009 2.812867146451175e-07
68550.00000000009 2.073783871242071e-07
68600.00000000009 2.340564762248979e-07
68650.00000000009 1.7957551233675901e-07
68700.00000000009 2.455988243636737e-07
68750.00000000009 2.885244119196506e-07
68800.00000000009 2.9406522043470695e-07
68850.00000000009 1.9020466834761516e-07
68900.00000000009 3.466193734493622e-07
68950.00000000009 3.5450036747213115e-07
69000.00000000009 3.410110216020149e-07
69050.00000000009 2.5337875400313544e-07
69100.00000000009 3.226693652360345e-07
69150.00000000009 3.932502105729711e-07
69200.00000000009 2.662283165745966e-07
69250.00000000009 3.3981077750789624e-07
69300.00000000009 2.8974970790205314e-07
69350.00000000009 3.3317211260587176e-07
69400.00000000009 2.0487941358068413e-07
69450.00000000009 3.498012758394213e-07
69500.00000000009 2.792701391137241e-07
69550.00000000009 2.76714918988552e-07
69600.00000000009 1.3632106044645783e-07
69650.00000000009 2.692900617866597e-07
69700.00000000009 3.1633565245759943e-07
69750.00000000009 2.5105662308095534e-07
69800.00000000009 3.22583129538582e-07
69850.00000000009 3.316841454722485e-07
69900.00000000009 2.3455862507591805e-07
69950.00000000009 2.970708651176562e-07
70000.00000000009 2.4029942797037655e-07
70050.00000000009 3.2124055623395086e-07
70100.00000000009 2.623498431002994e-07
70150.00000000009 2.8557839690370564e-07
70200.00000000009 2.2337705797047683e-07
70250.00000000009 2.6632231903474525e-07
70300.00000000009 3.082511293140342e-07
70350.00000000009 2.3657343312196493e-07
70400.00000000009 2.516814076375841e-07
70450.00000000009 1.6153374831865036e-07
70500.00000000009 2.0533828101757453e-07
70550.00000000009 2.2506467123848423e-07
70600.00000000009 2.2742309587445367e-07
70650.00000000009 2.695134824331414e-07
70700.00000000009 2.5880646225687407e-07
70750.00000000009 2.8307294439246974e-07
70800.00000000009 2.0648975148860552e-07
70850.00000000009 2.1251429868352612e-07
70900.00000000009 2.0731826393241438e-07
70950.00000000009 3.103649533816166e-07
71000.00000000009 2.603049932721175e-07
71050.00000000009 2.75599517768388e-07
71100.00000000009 2.5023302807572137e-07
71150.00000000009 2.696286012011277e-07
71200.00000000009 2.3396551143558928e-07
71250.00000000009 2.4166074927005525e-07
71300.00000000009 2.8896562699181596e-07
71350.00000000009 2.667567851524112e-07
71400.00000000009 2.798536846563468e-07
71450.00000000009 1.864385924092732e-07
71500.00000000009 2.229744099233706e-07
71550.00000000009 2.3291313662278447e-07
71600.00000000009 2.43050458404669e-07
71650.00000000009 2.4719770832974944e-07
71700.00000000009 2.1143452533548602e-07
71750.00000000009 2.2626093506187236e-07
71800.00000000009 2.86054733404143e-07
71850.00000000009 2.759439869166171e-07
71900.00000000009 2.1204794390658148e-07
71950.00000000009 2.174783903591236e-07
72000.00000000009 2.2280694217441292e-07
72050.00000000009 1.9389256632396304e-07
72100.00000000009 2.1619684628476592e-07
72150.00000000009 1.8261057387844234e-07
72200.00000000009 2.079984314409427e-07
72250.00000000009 2.327918157253359e-07
72300.00000000009 2.3880115725017325e-07
72350.00000000009 2.3226367130225917e-07
72400.00000000009 1.8513391374557245e-07
72450.00000000009 1.8854104957082012e-07
72500.00000000009 2.1131816554981608e-07
72550.00000000009 1.4963075754779833e-07
72600.00000000009 1.3237414700198465e-07
72650.00000000009 2.4233501097766283e-07
72700.00000000009 2.4911160755548986e-07
72750.00000000009 2.10815539012387e-07
72800.00000000009 2.0944243174588086e-07
72850.00000000009 1.9025670993577898e-07
72900.00000000009 2.1297959277997596e-07
72950.00000000009 2.1256351866396302e-07
73000.00000000009 2.315097239140863e-07
73050.00000000009 2.0543889371741295e-07
73100.00000000009 1.7924089301585491e-07
73150.00000000009 2.6149566609480163e-07
73200.00000000009 1.8880067834924131e-07
73250.00000000009 2.0084653080311195e-07
73300.00000000009 2.1527943558862058e-07
73350.00000000009 1.8994802985785178e-07
73400.00000000009 2.1540655291159097e-07
73450.00000000009 1.467937355243396e-07
73500.00000000009 1.5929980182746233e-07
73550.00000000009 1.8212170767671753e-07
73600.00000000009 1.6342810023483651e-07
73650.00000000009 1.9759006472349815e-07
73700.00000000009 2.3282112141251887e-07
73750.00000000009 1.720323233186199e-07
73800.00000000009 1.8834554038078267e-07
73850.00000000009 1.9620071952882735e-07
73900.00000000009 2.196466315085311e-07
73950.00000000009 1.8922995360675958e-07
74000.00000000009 1.9807796230005658e-07
74050.00000000009 2.6377033153434996e-07
74100.00000000009 1.663447504710322e-07
74150.00000000009 2.1098384584806598e-07
74200.00000000009 1.947598926443677e-07
74250.00000000009 1.5288115522348775e-07
74300.00000000009 1.9585808006124737e-07
74350.00000000009 2.2138895343162272e-07
74400.00000000009 2.0347200949479844e-07
74450.00000000009 1.3373093641257636e-07
74500.00000000009 1.7571141914329703e-07
74550.00000000009 1.9569702648376817e-07
74600.00000000009 1.953369417656531e-07
74650.00000000009 1.8983744582960176e-07
74700.00000000009 1.628077085641744e-07
74750.00000000009 1.8210215002658724e-07
74800.00000000009 1.834275856538128e-07
74850.00000000009 1.2397869774489678e-07
74900.00000000009 2.408363142918377e-07
74950.00000000009 2.3378900342123662e-07
75000.00000000009 2.0387653648761167e-07
75050.00000000009 1.898856907263283e-07
75100.00000000009 2.5011462969474936e-07
75150.00000000009 2.2472086689051108e-07
75200.00000000009 2.5018618303612317e-07
75250.00000000009 2.0340573192050487e-07
75300.00000000009 2.4063713027998307e-07
75350.00000000009 1.6696881442327044e-07
75400.00000000009 2.3077024608142267e-07
75450.00000000009 2.0867422169384835e-07
75500.00000000009 1.7982857328911543e-07
75550.00000000009 2.5702566080319296e-07
75600.00000000009 2.782290838043127e-07
75650.00000000009 1.9002756730990437e-07
75700.00000000009 2.104315147367156e-07
75750.00000000009 1.6519487064089395e-07
75800.00000000009 2.266795312165354e-07
75850.00000000009 2.7076971221391706e-07
75900.00000000009 2.4352118161742576e-07
75950.00000000009 2.067220741526809e-07
76000.00000000009 2.0873586546728307e-07
76050.00000000009 2.4200128535569955e-07
76100.00000000009 2.060294301470065e-07
76150.00000000009 2.4555817311581447e-07
76200.00000000009 2.521553787908674e-07
76250.00000000009 2.884427309462502e-07
76300.00000000009 2.7342401105922233e-07
76350.00000000009 3.2729483546598266e-07
76400.00000000009 2.706513699976055e-07
76450.00000000009 2.6578846848810327e-07
76500.00000000009 2.170317548199345e-07
76550.00000000009 2.1572800846348284e-07
76600.00000000009 1.355240128100654e-07
76650.00000000009 1.3369534533636463e-07
76700.00000000009 1.711725127782926e-07
76750.00000000009 1.4722732499214574e-07
76800.00000000009 2.0145914706692765e-07
76850.00000000009 9.594395649998759e-08
76900.00000000009 1.3672752120550998e-07
76950.00000000009 1.57054908674539e-07
77000.00000000009 1.7717051030128993e-07
77050.00000000009 1.269593544979551e-07
77100.00000000009 1.3547302496216203e-07
77150.00000000009 1.7230667835344777e-07
77200.00000000009 1.5972052569760887e-07
77250.00000000009 1.6871996073821066e-07
77300.00000000009 1.563482181489425e-07
77350.00000000009 1.2303713393133043e-07
77400.00000000009 1.081727634077105e-07
77450.00000000009 1.204162981241018e-07
77500.00000000009 1.614882540701241e-07
77550.00000000009 1.5987006276982256e-07
77600.00000000009 1.6038083440836053e-07
77650.00000000009 1.6184474439062852e-07
77700.00000000009 1.337268977456937e-07
77750.00000000009 1.7773781988803139e-07
77800.00000000009 1.5255773564250348e-07
77850.00000000009 1.9483423810654383e-07
77900.00000000009 1.694756971672449e-07
77950.00000000009 1.3286971723750688e-07
78000.00000000009 1.625295733794837e-07
78050.00000000009 1.8220503139300266e-07
78100.00000000009 1.3290716176115073e-07
78150.00000000009 1.8676219383609304e-07
78200.00000000009 1.850842082046795e-07
78250.00000000009 1.9973635073596033e-07
78300.00000000009 2.0790704586429062e-07
78350.00000000009 1.9427405991515595e-07
78400.00000000009 1.8193459553933167e-07
78450.00000000009 2.2048655433385092e-07
78500.00000000009 1.9909982152496208e-07
78550.00000000009 2.1670617381314268e-07
78600.00000000009 1.8870645233325534e-07
78650.00000000009 1.2464058134207786e-07
78700.00000000009 1.7445675673806348e-07
78750.00000000009 1.6926788327355978e-07
78800.00000000009 2.0602397954788518e-07
78850.00000000009 1.6116603300076182e-07
78900.00000000009 1.8696152860073846e-07
78950.00000000009 1.7784864880485421e-07
79000.00000000009 1.9020953946375472e-07
79050.00000000009 1.6841106247988006e-07
79100.00000000009 1.7209327834272613e-07
79150.00000000009 2.000762018594433e-07
79200.00000000009 2.398917074844385e-07
79250.00000000009 2.2119794287173541e-07
79300.00000000009 1.534852080132319e-07
79350.00000000009 2.1402663893932798e-07
79400.00000000009 1.778727046057557e-07
79450.00000000009 1.895377243267019e-07
79500.00000000009 2.5750166250779304e-07
79550.00000000009 2.216134575390244e-07
79600.00000000009 1.6881983416131375e-07
79650.00000000009 1.9290810027639195e-07
79700.00000000009 2.502710611570235e-07
79750.00000000009 2.254109122899916e-07
79800.00000000009 2.0450170583377556e-07
79850.00000000009 1.9768713600396407e-07
79900.00000000009 2.819217506327185e-07
79950.00000000009 1.9373985961887865e-07
