galfind/configs/Brown_Dwarf_templates/sonora_cholla/logkzz2/100g/1250K_100g_logkzz2_resample.dat
# %ECSV 1.0
# ---
# datatype:
# - {name: wav, unit: Angstrom, datatype: float64}
# - {name: flux_nu, unit: erg / (cm2 Hz s), datatype: float64}
# schema: astropy-2.0
wav flux_nu
[from data line 774]
48700.000000000095 4.889111109498805e-07
48750.000000000095 3.219608895259982e-07
48800.000000000095 4.7072225229198775e-07
48850.000000000095 3.472391709983219e-07
48900.000000000095 4.90904816200564e-07
48950.000000000095 4.219346588875397e-07
49000.000000000095 3.6783265489445194e-07
49050.000000000095 4.593827841410778e-07
49100.000000000095 3.3343220853208207e-07
49150.000000000095 4.911939269420293e-07
49200.000000000095 3.9087659746569443e-07
49250.000000000095 4.889256693002677e-07
49300.000000000095 4.1033399593614985e-07
49350.000000000095 3.959055785225425e-07
49400.000000000095 4.853691167217419e-07
49450.000000000095 4.483781801979501e-07
49500.000000000095 4.390931604432836e-07
49550.000000000095 3.1921380905457053e-07
49600.000000000095 4.433420270812756e-07
49650.000000000095 4.0327424527311294e-07
49700.000000000095 3.365330792630458e-07
49750.000000000095 5.308211486234648e-07
49800.000000000095 3.8062760728160276e-07
49850.000000000095 5.832035503292118e-07
49900.000000000095 4.6026107359468806e-07
49950.000000000095 4.7320907481415024e-07
50000.000000000095 5.322076657273447e-07
50050.000000000095 4.937976126032731e-07
50100.000000000095 6.036949942598501e-07
50150.000000000095 3.780014349382882e-07
50200.000000000095 2.9927012427624336e-07
50250.000000000095 5.647394207541174e-07
50300.000000000095 4.1704195613026555e-07
50350.000000000095 5.139022234411971e-07
50400.000000000095 4.819793811844735e-07
50450.000000000095 4.5299371024843783e-07
50500.000000000095 5.245025576056788e-07
50550.000000000095 4.747340464309885e-07
50600.000000000095 5.252659427816784e-07
50650.000000000095 4.876819653389473e-07
50700.000000000095 6.011557471171831e-07
50750.000000000095 6.339673477269773e-07
50800.000000000095 3.755269133239248e-07
50850.000000000095 4.820625475124181e-07
50900.000000000095 5.677698596358247e-07
50950.000000000095 6.166744287584976e-07
51000.000000000095 5.748709851872024e-07
51050.000000000095 4.986708216652665e-07
51100.000000000095 4.1751404509574653e-07
51150.000000000095 4.59563453274787e-07
51200.000000000095 5.901375317238221e-07
51250.000000000095 5.775772721301691e-07
51300.000000000095 4.044863168967975e-07
51350.000000000095 5.23512273738372e-07
51400.000000000095 4.6927703335421305e-07
51450.000000000095 4.085250582287299e-07
51500.000000000095 3.9864307585382616e-07
51550.000000000095 6.025385935030286e-07
51600.000000000095 4.1716522733926546e-07
51650.000000000095 5.614753036210297e-07
51700.000000000095 5.397284626178328e-07
51750.000000000095 4.064490676810469e-07
51800.000000000095 6.790391355722603e-07
51850.000000000095 5.089069981755417e-07
51900.000000000095 6.638904249244622e-07
51950.000000000095 5.880776177771542e-07
52000.000000000095 3.228074989410994e-07
52050.000000000095 4.5487332455134135e-07
52100.000000000095 4.6977588239720737e-07
52150.000000000095 4.0835674039903126e-07
52200.000000000095 3.690316207355348e-07
52250.000000000095 3.9921276225312187e-07
52300.000000000095 5.845315740295558e-07
52350.000000000095 5.793504403638218e-07
52400.000000000095 4.070249479285219e-07
52450.000000000095 5.673682816350943e-07
52500.000000000095 4.928914951579325e-07
52550.000000000095 5.594898652955615e-07
52600.000000000095 4.3254415197626996e-07
52650.000000000095 5.356246391560878e-07
52700.000000000095 4.3968961425549755e-07
52750.000000000095 4.152145103639698e-07
52800.000000000095 4.0252211079904214e-07
52850.000000000095 4.799185086165709e-07
52900.000000000095 3.942812667924411e-07
52950.000000000095 3.709959319530707e-07
53000.000000000095 6.522249727674949e-07
53050.000000000095 3.586010834482048e-07
53100.000000000095 5.478381238234721e-07
53150.000000000095 6.193497046492702e-07
53200.000000000095 3.6120223492714276e-07
53250.000000000095 5.985126013612702e-07
53300.000000000095 5.909934877393761e-07
53350.000000000095 5.475469160815001e-07
53400.000000000095 6.020155546693882e-07
53450.000000000095 4.0282263753159093e-07
53500.000000000095 3.1048435267192664e-07
53550.000000000095 4.231357126043739e-07
53600.000000000095 4.797789952379919e-07
53650.000000000095 4.322231990042013e-07
53700.000000000095 4.0499644375925095e-07
53750.000000000095 4.3771940680747004e-07
53800.000000000095 4.1938089820873853e-07
53850.000000000095 5.234990956111189e-07
53900.000000000095 4.265871796891197e-07
53950.000000000095 5.727562309561262e-07
54000.000000000095 4.36556476857469e-07
54050.000000000095 4.402442219487114e-07
54100.000000000095 3.092752788940752e-07
54150.000000000095 3.9931281657123615e-07
54200.000000000095 2.5542962897084606e-07
54250.000000000095 2.6557959825616833e-07
54300.000000000095 3.80526826507231e-07
54350.000000000095 4.5341039934954106e-07
54400.000000000095 5.029608511647288e-07
54450.000000000095 4.070809712630451e-07
54500.000000000095 3.6720474694772496e-07
54550.000000000095 3.4141124437860144e-07
54600.000000000095 4.1697560064057364e-07
54650.000000000095 3.2506073045054077e-07
54700.000000000095 4.809885716339107e-07
54750.000000000095 4.7105812965647677e-07
54800.000000000095 3.94627382150224e-07
54850.000000000095 4.1115917298768377e-07
54900.000000000095 4.981114501603936e-07
54950.000000000095 6.106247649701421e-07
55000.000000000095 3.5203524288973566e-07
55050.000000000095 4.6328792648111795e-07
55100.000000000095 3.4766172577725627e-07
55150.000000000095 3.660905753536267e-07
55200.000000000095 3.701285993131385e-07
55250.000000000095 3.844787028446318e-07
55300.000000000095 3.268738100010026e-07
55350.000000000095 3.8798895526359447e-07
55400.000000000095 5.020801892338567e-07
55450.000000000095 4.332242695840802e-07
55500.000000000095 2.8363017727171436e-07
55550.000000000095 3.468710556039129e-07
55600.000000000095 3.1860919494561663e-07
55650.000000000095 2.571146067967936e-07
55700.000000000095 3.700179587386811e-07
55750.000000000095 4.0709127973083555e-07
55800.000000000095 3.4535250266288695e-07
55850.000000000095 2.910717682282012e-07
55900.000000000095 4.2634820009390486e-07
55950.000000000095 5.311917714224675e-07
56000.000000000095 3.0278629563522826e-07
56050.000000000095 4.196631002933545e-07
56100.000000000095 4.404961420882172e-07
56150.000000000095 3.4458367302832993e-07
56200.000000000095 3.825108639638732e-07
56250.000000000095 3.321955732119446e-07
56300.000000000095 3.922660983378933e-07
56350.000000000095 4.220432370979786e-07
56400.000000000095 3.560202623263855e-07
56450.000000000095 3.15383431923664e-07
56500.000000000095 2.809867088920897e-07
56550.000000000095 2.5937530408088217e-07
56600.000000000095 3.9876759640286367e-07
56650.000000000095 3.715517588733645e-07
56700.000000000095 4.223640286512373e-07
56750.000000000095 2.6964864691324217e-07
56800.000000000095 4.4741915586837127e-07
56850.000000000095 3.6456986907412093e-07
56900.000000000095 3.241383892303584e-07
56950.000000000095 4.302531190774374e-07
57000.000000000095 4.4378673751312827e-07
57050.000000000095 3.8465432999010404e-07
57100.000000000095 2.369125229659782e-07
57150.000000000095 3.1299219021399705e-07
57200.000000000095 2.4344861340562266e-07
57250.000000000095 3.4935101674742263e-07
57300.000000000095 4.0303747669862853e-07
57350.000000000095 2.423263571215037e-07
57400.000000000095 3.7353837501069615e-07
57450.000000000095 3.9120457744990366e-07
57500.000000000095 3.687754876849597e-07
57550.000000000095 4.329050107078759e-07
57600.000000000095 4.6075223606155643e-07
57650.000000000095 2.4035262808626153e-07
57700.000000000095 2.874623846335255e-07
57750.000000000095 3.417245651738929e-07
57800.000000000095 1.6565132378282244e-07
57850.000000000095 4.640037833100603e-07
57900.000000000095 5.20814251251005e-07
57950.000000000095 4.484758621400583e-07
58000.000000000095 2.914129017031578e-07
58050.000000000095 3.911566594595143e-07
58100.000000000095 4.412112999105338e-07
58150.000000000095 3.746443149780369e-07
58200.000000000095 2.623282085356591e-07
58250.000000000095 3.185475874155142e-07
58300.000000000095 2.3842220335717096e-07
58350.000000000095 2.935937787510928e-07
58400.000000000095 3.5337379347358696e-07
58450.000000000095 3.519929801744098e-07
58500.000000000095 3.2950282832775497e-07
58550.000000000095 3.598881023461958e-07
58600.000000000095 2.526676582628402e-07
58650.000000000095 3.2567864463490513e-07
58700.000000000095 3.126904555423188e-07
58750.000000000095 3.302525166957822e-07
58800.000000000095 2.288535720619099e-07
58850.000000000095 3.33087774805492e-07
58900.000000000095 4.0401399060413153e-07
58950.000000000095 2.8476946834660393e-07
59000.000000000095 3.732953506764803e-07
59050.000000000095 3.7710277178302463e-07
59100.000000000095 4.510775354817964e-07
59150.000000000095 3.534019912935032e-07
59200.000000000095 3.7116113225909893e-07
59250.000000000095 3.988061829020839e-07
59300.000000000095 3.678706390614078e-07
59350.000000000095 2.6193174645192384e-07
59400.000000000095 2.0973759008247358e-07
59450.000000000095 3.2419498871672295e-07
59500.000000000095 2.3121142069159095e-07
59550.000000000095 4.0409614845247047e-07
59600.000000000095 3.317971684855045e-07
59650.000000000095 3.8659359616122514e-07
59700.000000000095 2.5803654735610135e-07
59750.000000000095 4.5071028037263595e-07
59800.000000000095 3.3928151405345846e-07
59850.000000000095 3.753842797731484e-07
59900.000000000095 2.4435308773169725e-07
59950.000000000095 3.455928893151751e-07
60000.000000000095 4.662743757673327e-07
60050.000000000095 4.0830846375766855e-07
60100.000000000095 4.613887920311859e-07
60150.000000000095 3.661584917419276e-07
60200.000000000095 3.6480180111243426e-07
60250.000000000095 4.2022555389802064e-07
60300.000000000095 3.971612275164005e-07
60350.000000000095 3.399607827332172e-07
60400.000000000095 3.6238733649689417e-07
60450.000000000095 2.7437133233066446e-07
60500.000000000095 1.954060656090565e-07
60550.000000000095 4.166694062325849e-07
60600.000000000095 3.957672321516946e-07
60650.000000000095 3.664366558919542e-07
60700.000000000095 3.418919352559425e-07
60750.000000000095 2.9654183101059e-07
60800.000000000095 4.0845050024919216e-07
60850.000000000095 5.014510057851725e-07
60900.000000000095 4.61061134455882e-07
60950.000000000095 4.618471762553126e-07
61000.000000000095 3.410943609374782e-07
61050.000000000095 3.0688037192409423e-07
61100.000000000095 4.1087512245379925e-07
61150.000000000095 1.94764625936419e-07
61200.000000000095 4.709162449046473e-07
61250.000000000095 5.495249895694754e-07
61300.000000000095 4.774618345094877e-07
61350.000000000095 5.076850015980976e-07
61400.000000000095 4.3481985604253316e-07
61450.000000000095 3.5746403223216997e-07
61500.000000000095 3.4830895716830444e-07
61550.000000000095 3.042006349358548e-07
61600.000000000095 2.240214701193682e-07
61650.000000000095 3.713399310313893e-07
61700.000000000095 2.8897911397732705e-07
61750.000000000095 3.7159155446537587e-07
61800.000000000095 3.719380086387976e-07
61850.000000000095 3.2662638444208594e-07
61900.000000000095 4.2505164361657613e-07
61950.000000000095 4.2669077165729466e-07
62000.000000000095 4.23667302737832e-07
62050.000000000095 3.8737535528763815e-07
62100.000000000095 4.615554215956632e-07
62150.000000000095 4.52472996020498e-07
62200.000000000095 3.766192650355393e-07
62250.000000000095 4.3697648289107107e-07
62300.000000000095 5.164146638870846e-07
62350.000000000095 3.909646053108127e-07
62400.000000000095 2.8296687258157074e-07
62450.000000000095 4.0454186566708883e-07
62500.000000000095 4.719117296878966e-07
62550.000000000095 4.4873251087175294e-07
62600.000000000095 4.784291311239713e-07
62650.000000000095 3.754031436860049e-07
62700.000000000095 4.584780756231217e-07
62750.000000000095 5.439193992615775e-07
62800.000000000095 3.9681602601389485e-07
62850.000000000095 4.823966965396815e-07
62900.000000000095 4.0040352232412153e-07
62950.000000000095 4.1176124534081635e-07
63000.000000000095 4.326990317873951e-07
63050.000000000095 5.258960724834246e-07
63100.000000000095 4.6443831368555434e-07
63150.000000000095 3.948397981755336e-07
63200.000000000095 4.946521776844338e-07
63250.000000000095 3.591543341815573e-07
63300.000000000095 4.960360593907128e-07
63350.000000000095 4.375733249977682e-07
63400.000000000095 3.2327251614979945e-07
63450.000000000095 3.1147242836737316e-07
63500.000000000095 4.4402008351928854e-07
63550.000000000095 3.92210789110691e-07
63600.000000000095 4.599093156373222e-07
63650.000000000095 3.41596498298162e-07
63700.000000000095 3.339313572637885e-07
63750.000000000095 4.076613808718768e-07
63800.000000000095 3.821543751281275e-07
63850.000000000095 3.8892556002264846e-07
63900.000000000095 3.392606160892353e-07
63950.000000000095 4.2627080785721834e-07
64000.000000000095 4.375998238307689e-07
64050.000000000095 3.73121988443127e-07
64100.000000000095 1.8961178557051828e-07
64150.000000000095 2.3871248479752256e-07
64200.000000000095 2.6983646782746213e-07
64250.000000000095 3.78797081864829e-07
64300.000000000095 3.1356664847650853e-07
64350.000000000095 2.7842465430720103e-07
64400.000000000095 3.71574489163515e-07
64450.000000000095 3.6624100591303875e-07
64500.000000000095 2.7687778128597227e-07
64550.000000000095 3.499810908364146e-07
64600.000000000095 2.2541743722831028e-07
64650.000000000095 2.976756830288249e-07
64700.000000000095 2.1872754529551983e-07
64750.000000000095 2.5549150921689405e-07
64800.000000000095 2.629280154334789e-07
64850.000000000095 2.497827515964556e-07
64900.000000000095 2.943726031080876e-07
64950.000000000095 2.7750553595616584e-07
65000.000000000095 3.038202123576404e-07
65050.000000000095 2.730199595007007e-07
65100.000000000095 3.2968313349403404e-07
65150.000000000095 2.573324891311037e-07
65200.000000000095 2.462869535232188e-07
65250.000000000095 3.263417280773617e-07
65300.000000000095 2.701099284332643e-07
65350.000000000095 4.160803039582114e-07
65400.000000000095 2.858282467922615e-07
65450.000000000095 3.029088787768188e-07
65500.000000000095 3.272511103012073e-07
65550.00000000009 2.4494823125546304e-07
65600.00000000009 2.741679803319946e-07
65650.00000000009 3.1190957542413347e-07
65700.00000000009 2.6126551366193257e-07
65750.00000000009 2.5773138265947884e-07
65800.00000000009 3.2130305609235853e-07
65850.00000000009 3.198762123344812e-07
65900.00000000009 2.520291274597034e-07
65950.00000000009 1.8893664394497703e-07
66000.00000000009 2.811254742692204e-07
66050.00000000009 4.0520084273413863e-07
66100.00000000009 2.995722461588422e-07
66150.00000000009 2.2254991554269462e-07
66200.00000000009 2.307384611866356e-07
66250.00000000009 2.091593338426892e-07
66300.00000000009 1.438682911981981e-07
66350.00000000009 2.04010561585537e-07
66400.00000000009 2.2572054130718832e-07
66450.00000000009 3.0872357168152516e-07
66500.00000000009 3.9955330819125843e-07
66550.00000000009 3.8356947634956e-07
66600.00000000009 3.0382108323850054e-07
66650.00000000009 3.125144020489496e-07
66700.00000000009 2.7630552406288937e-07
66750.00000000009 2.494559573833672e-07
66800.00000000009 3.0539036125026853e-07
66850.00000000009 2.594448737510953e-07
66900.00000000009 3.121708202869218e-07
66950.00000000009 3.731622529926179e-07
67000.00000000009 3.5509538942907857e-07
67050.00000000009 3.0188114468268714e-07
67100.00000000009 2.707390485201781e-07
67150.00000000009 2.695474250534571e-07
67200.00000000009 2.7579351908400456e-07
67250.00000000009 3.065881267605732e-07
67300.00000000009 2.819512515613935e-07
67350.00000000009 2.462927608337266e-07
67400.00000000009 3.569470389459578e-07
67450.00000000009 3.1014669196803586e-07
67500.00000000009 2.8445846762310983e-07
67550.00000000009 3.074041917718512e-07
67600.00000000009 4.2597104992627043e-07
67650.00000000009 3.5727138596472994e-07
67700.00000000009 3.1546322258966705e-07
67750.00000000009 3.0036992513536855e-07
67800.00000000009 3.611832924685414e-07
67850.00000000009 2.5189908054494243e-07
67900.00000000009 3.146914920589324e-07
67950.00000000009 1.9898509914916533e-07
68000.00000000009 2.624628406789324e-07
68050.00000000009 3.648534115077038e-07
