galfind/configs/Brown_Dwarf_templates/sonora_cholla/logkzz2/100g/1250K_100g_logkzz2_resample.dat
# %ECSV 1.0
# ---
# datatype:
# - {name: wav, unit: Angstrom, datatype: float64}
# - {name: flux_nu, unit: erg / (cm2 Hz s), datatype: float64}
# schema: astropy-2.0
wav flux_nu
[from data line 1163]
68150.00000000009 2.937236462880562e-07
68200.00000000009 3.1061186429582254e-07
68250.00000000009 2.0185496505948107e-07
68300.00000000009 2.850144988901047e-07
68350.00000000009 1.6952726540087485e-07
68400.00000000009 3.616208726979724e-07
68450.00000000009 3.626680936938863e-07
68500.00000000009 3.2199069324667327e-07
68550.00000000009 2.3816727661598739e-07
68600.00000000009 2.7490194117401536e-07
68650.00000000009 2.1436570399119524e-07
68700.00000000009 2.832983916830992e-07
68750.00000000009 3.3389198978322606e-07
68800.00000000009 3.3466530810726634e-07
68850.00000000009 2.217805767316921e-07
68900.00000000009 3.90765503820443e-07
68950.00000000009 3.9926962857729e-07
69000.00000000009 3.850723500316135e-07
69050.00000000009 2.9544363028010055e-07
69100.00000000009 3.5559956390205884e-07
69150.00000000009 4.3807823259799765e-07
69200.00000000009 3.0210182862565506e-07
69250.00000000009 3.7541368422475894e-07
69300.00000000009 3.2788627411007764e-07
69350.00000000009 3.7481831041173396e-07
69400.00000000009 2.4002533191115013e-07
69450.00000000009 3.9174662688444093e-07
69500.00000000009 3.243393244660757e-07
69550.00000000009 3.1747356905304255e-07
69600.00000000009 1.6333430659877458e-07
69650.00000000009 3.1276499197827753e-07
69700.00000000009 3.5069842160296996e-07
69750.00000000009 2.89309344287682e-07
69800.00000000009 3.6718688850194996e-07
69850.00000000009 3.762864268389268e-07
69900.00000000009 2.704885143240073e-07
69950.00000000009 3.428952568705344e-07
70000.00000000009 2.762464686820163e-07
70050.00000000009 3.5572988128203673e-07
70100.00000000009 2.981435421884774e-07
70150.00000000009 3.220354964242727e-07
70200.00000000009 2.578815061960087e-07
70250.00000000009 3.0130976852248925e-07
70300.00000000009 3.4440042010490114e-07
70350.00000000009 2.6348698165833825e-07
70400.00000000009 2.885525824131768e-07
70450.00000000009 1.9515629555942102e-07
70500.00000000009 2.382758681576588e-07
70550.00000000009 2.6234850181719137e-07
70600.00000000009 2.6668868404430184e-07
70650.00000000009 3.0265566425790166e-07
70700.00000000009 2.9188826559593406e-07
70750.00000000009 3.165683836233171e-07
70800.00000000009 2.379875984885447e-07
70850.00000000009 2.452816879970509e-07
70900.00000000009 2.4046366283588146e-07
70950.00000000009 3.4853742137684997e-07
71000.00000000009 2.9608818911298524e-07
71050.00000000009 3.1442955898849526e-07
71100.00000000009 2.827250625344407e-07
71150.00000000009 3.106392525678861e-07
71200.00000000009 2.6947736572434396e-07
71250.00000000009 2.7597997893224524e-07
71300.00000000009 3.2411903580064944e-07
71350.00000000009 2.959572489705112e-07
71400.00000000009 3.1455015187927646e-07
71450.00000000009 2.1411185827566742e-07
71500.00000000009 2.5415987091572875e-07
71550.00000000009 2.6613485506898014e-07
71600.00000000009 2.78629618781472e-07
71650.00000000009 2.82397587302919e-07
71700.00000000009 2.447939965007895e-07
71750.00000000009 2.556842720174423e-07
71800.00000000009 3.2330742702264663e-07
71850.00000000009 3.0944552008769836e-07
71900.00000000009 2.435859142657883e-07
71950.00000000009 2.485016872409612e-07
72000.00000000009 2.5333769850023964e-07
72050.00000000009 2.236324103839722e-07
72100.00000000009 2.491047361103237e-07
72150.00000000009 2.1353180538133396e-07
72200.00000000009 2.3994680691669165e-07
72250.00000000009 2.634726586385936e-07
72300.00000000009 2.716868167262217e-07
72350.00000000009 2.6129562670303804e-07
72400.00000000009 2.1139897880722327e-07
72450.00000000009 2.1399839182893558e-07
72500.00000000009 2.4035072437868904e-07
72550.00000000009 1.7895863153494553e-07
72600.00000000009 1.5630254591297487e-07
72650.00000000009 2.741047892047788e-07
72700.00000000009 2.8152542491737647e-07
72750.00000000009 2.3831269730171534e-07
72800.00000000009 2.421869342555288e-07
72850.00000000009 2.1735482450873773e-07
72900.00000000009 2.4389328205790496e-07
72950.00000000009 2.3870258957622255e-07
73000.00000000009 2.67519444805763e-07
73050.00000000009 2.377877520605472e-07
73100.00000000009 2.1073152277817356e-07
73150.00000000009 2.9218741074239007e-07
73200.00000000009 2.211242253113363e-07
73250.00000000009 2.299689388437299e-07
73300.00000000009 2.464789978241989e-07
73350.00000000009 2.2238986938374353e-07
73400.00000000009 2.467226788320264e-07
73450.00000000009 1.70672016248329e-07
73500.00000000009 1.8569488103646796e-07
73550.00000000009 2.0378192873644715e-07
73600.00000000009 1.9082755174274255e-07
73650.00000000009 2.2607645849993694e-07
73700.00000000009 2.630779190486668e-07
73750.00000000009 2.06105209887265e-07
73800.00000000009 2.1607040125648838e-07
73850.00000000009 2.238545224033472e-07
73900.00000000009 2.490537036824697e-07
73950.00000000009 2.1598482360655855e-07
74000.00000000009 2.3041841114857202e-07
74050.00000000009 2.948774189736879e-07
74100.00000000009 1.890819724116339e-07
74150.00000000009 2.4039958005453184e-07
74200.00000000009 2.21224103468046e-07
74250.00000000009 1.789965586854347e-07
74300.00000000009 2.2334339987991925e-07
74350.00000000009 2.543670917045762e-07
74400.00000000009 2.3396620763204638e-07
74450.00000000009 1.6092475929325738e-07
74500.00000000009 2.0355015099516067e-07
74550.00000000009 2.3027615665597725e-07
74600.00000000009 2.2513305380730484e-07
74650.00000000009 2.1751624549665363e-07
74700.00000000009 1.9135421296994633e-07
74750.00000000009 2.120037586884303e-07
74800.00000000009 2.108156875635848e-07
74850.00000000009 1.4855678791740952e-07
74900.00000000009 2.748169265467173e-07
74950.00000000009 2.675876558835183e-07
75000.00000000009 2.3301855958528314e-07
75050.00000000009 2.2418916936458347e-07
75100.00000000009 2.83743367675718e-07
75150.00000000009 2.6187873962701756e-07
75200.00000000009 2.8342717791378933e-07
75250.00000000009 2.291415644583467e-07
75300.00000000009 2.7275438962066804e-07
75350.00000000009 1.9712438948342695e-07
75400.00000000009 2.6215705631668876e-07
75450.00000000009 2.346843232737477e-07
75500.00000000009 2.0468834712496764e-07
75550.00000000009 2.915202933361944e-07
75600.00000000009 3.09109997996876e-07
75650.00000000009 2.1325746931246854e-07
75700.00000000009 2.446955898800966e-07
75750.00000000009 1.9410498406280553e-07
75800.00000000009 2.586358062567929e-07
75850.00000000009 3.057464209807346e-07
75900.00000000009 2.771740462902252e-07
75950.00000000009 2.382899616778258e-07
76000.00000000009 2.3734376682489787e-07
76050.00000000009 2.733223324379198e-07
76100.00000000009 2.3438116737949038e-07
76150.00000000009 2.769765312322565e-07
76200.00000000009 2.8514986047138363e-07
76250.00000000009 3.2286703190990546e-07
76300.00000000009 3.01831579759006e-07
76350.00000000009 3.619939907302231e-07
76400.00000000009 3.012041078774123e-07
76450.00000000009 2.984171777688266e-07
76500.00000000009 2.511143392809325e-07
76550.00000000009 2.4371807451254066e-07
76600.00000000009 1.626306046103969e-07
76650.00000000009 1.6305124679906395e-07
76700.00000000009 2.0305082607961418e-07
76750.00000000009 1.7580727535503137e-07
76800.00000000009 2.3304171780696073e-07
76850.00000000009 1.1693261271981303e-07
76900.00000000009 1.711421313803331e-07
76950.00000000009 1.795896841379262e-07
77000.00000000009 2.0439203417227815e-07
77050.00000000009 1.4964593126535422e-07
77100.00000000009 1.5893672305852258e-07
77150.00000000009 1.935492627545038e-07
77200.00000000009 1.8825736710946093e-07
77250.00000000009 1.938809299528378e-07
77300.00000000009 1.7644999953384285e-07
77350.00000000009 1.4355184027075418e-07
77400.00000000009 1.2441332755990242e-07
77450.00000000009 1.4357678221893297e-07
77500.00000000009 1.895443987115781e-07
77550.00000000009 1.842954963554023e-07
77600.00000000009 1.8411369875844936e-07
77650.00000000009 1.8602524816998342e-07
77700.00000000009 1.5375385830401545e-07
77750.00000000009 1.987927276765839e-07
77800.00000000009 1.7790828012937774e-07
77850.00000000009 2.1457343025336568e-07
77900.00000000009 1.9254773150252492e-07
77950.00000000009 1.6142973072263627e-07
78000.00000000009 1.884374942861425e-07
78050.00000000009 2.085476367182808e-07
78100.00000000009 1.520537645169384e-07
78150.00000000009 2.0931089985259302e-07
78200.00000000009 2.0948009887645758e-07
78250.00000000009 2.2479139527662904e-07
78300.00000000009 2.338930002169194e-07
78350.00000000009 2.195022966400778e-07
78400.00000000009 2.0840372241892231e-07
78450.00000000009 2.479822684272624e-07
78500.00000000009 2.2227367006496882e-07
78550.00000000009 2.4028586012494017e-07
78600.00000000009 2.1097473141160507e-07
78650.00000000009 1.4902708369295777e-07
78700.00000000009 1.9652838124072928e-07
78750.00000000009 1.9647335963401186e-07
78800.00000000009 2.348236776728269e-07
78850.00000000009 1.8313140908175372e-07
78900.00000000009 2.1258484349076131e-07
78950.00000000009 2.0047574276694889e-07
79000.00000000009 2.1663942020945976e-07
79050.00000000009 1.9474058048579446e-07
79100.00000000009 1.9236136845724042e-07
79150.00000000009 2.261972903536371e-07
79200.00000000009 2.7164975943072393e-07
79250.00000000009 2.534929338324531e-07
79300.00000000009 1.7464591246026504e-07
79350.00000000009 2.420991604242855e-07
79400.00000000009 2.0110479703269262e-07
79450.00000000009 2.1929307783137405e-07
79500.00000000009 2.849029217792899e-07
79550.00000000009 2.5131391669967135e-07
79600.00000000009 1.962078122151615e-07
79650.00000000009 2.1993146468821565e-07
79700.00000000009 2.8196075752434496e-07
79750.00000000009 2.5311302999390724e-07
79800.00000000009 2.3507323469941094e-07
79850.00000000009 2.2894527165530015e-07
79900.00000000009 3.148284870554521e-07
79950.00000000009 2.1904444931671547e-07
