galfind/configs/Brown_Dwarf_templates/sonora_cholla/logkzz2/100g/1300K_100g_logkzz2_resample.dat
# %ECSV 1.0
# ---
# datatype:
# - {name: wav, unit: Angstrom, datatype: float64}
# - {name: flux_nu, unit: erg / (cm2 Hz s), datatype: float64}
# schema: astropy-2.0
wav flux_nu
[from data line 1162]
68100.00000000009 3.9686183024272374e-07
68150.00000000009 3.215742336766189e-07
68200.00000000009 3.45944548181779e-07
68250.00000000009 2.2687967362599603e-07
68300.00000000009 3.2072098939320213e-07
68350.00000000009 1.9358795011223004e-07
68400.00000000009 3.942894469175881e-07
68450.00000000009 3.984119494704266e-07
68500.00000000009 3.564563811944992e-07
68550.00000000009 2.63367960308862e-07
68600.00000000009 3.089794714403683e-07
68650.00000000009 2.4245241073457594e-07
68700.00000000009 3.139465130886441e-07
68750.00000000009 3.712341326588831e-07
68800.00000000009 3.71595927428966e-07
68850.00000000009 2.478106823159754e-07
68900.00000000009 4.2830960637965616e-07
68950.00000000009 4.4440339590427815e-07
69000.00000000009 4.278148071403634e-07
69050.00000000009 3.301898970587307e-07
69100.00000000009 3.8962007273609245e-07
69150.00000000009 4.79064864667595e-07
69200.00000000009 3.3103392104631063e-07
69250.00000000009 4.074307856552848e-07
69300.00000000009 3.670536645825796e-07
69350.00000000009 4.1136044928365946e-07
69400.00000000009 2.7522375810256137e-07
69450.00000000009 4.300795575599572e-07
69500.00000000009 3.5969576574060756e-07
69550.00000000009 3.561157138451577e-07
69600.00000000009 1.8663390762387024e-07
69650.00000000009 3.489357922756485e-07
69700.00000000009 3.796397547285152e-07
69750.00000000009 3.305722226274354e-07
69800.00000000009 4.0668654727062143e-07
69850.00000000009 4.2175008756628676e-07
69900.00000000009 3.019034018001791e-07
69950.00000000009 3.86712093901488e-07
70000.00000000009 3.098896702879963e-07
70050.00000000009 3.865005237138358e-07
70100.00000000009 3.29212061662683e-07
70150.00000000009 3.576336286130862e-07
70200.00000000009 2.9232974279615077e-07
70250.00000000009 3.350489542215952e-07
70300.00000000009 3.7986167302403837e-07
70350.00000000009 2.8914507473198416e-07
70400.00000000009 3.21888284756138e-07
70450.00000000009 2.2375588979262178e-07
70500.00000000009 2.6831042650489305e-07
70550.00000000009 2.944249130066674e-07
70600.00000000009 3.0482854368628766e-07
70650.00000000009 3.3365360092821355e-07
70700.00000000009 3.2714134121034115e-07
70750.00000000009 3.558351773543843e-07
70800.00000000009 2.7207959073597314e-07
70850.00000000009 2.7764491105415274e-07
70900.00000000009 2.758333743548966e-07
70950.00000000009 3.867518977520604e-07
71000.00000000009 3.329904307814206e-07
71050.00000000009 3.5720789252764433e-07
71100.00000000009 3.148653671234845e-07
71150.00000000009 3.464421662108429e-07
71200.00000000009 3.007047860396216e-07
71250.00000000009 3.1132147315843434e-07
71300.00000000009 3.610277131771904e-07
71350.00000000009 3.2231914751565727e-07
71400.00000000009 3.4637398805785284e-07
71450.00000000009 2.4178098146123157e-07
71500.00000000009 2.856713942496813e-07
71550.00000000009 3.0056353260025724e-07
71600.00000000009 3.180667373790479e-07
71650.00000000009 3.153031799392411e-07
71700.00000000009 2.7725557831910683e-07
71750.00000000009 2.898710408118949e-07
71800.00000000009 3.646070741361644e-07
71850.00000000009 3.499440726824538e-07
71900.00000000009 2.7481254243078123e-07
71950.00000000009 2.8390926820509034e-07
72000.00000000009 2.8475008540280614e-07
72050.00000000009 2.503655553753462e-07
72100.00000000009 2.820572075951727e-07
72150.00000000009 2.5112065804724103e-07
72200.00000000009 2.801864570155083e-07
72250.00000000009 3.011840231892424e-07
72300.00000000009 3.083782144647552e-07
72350.00000000009 2.8898196403490455e-07
72400.00000000009 2.4095133687256053e-07
72450.00000000009 2.3921264163448584e-07
72500.00000000009 2.7147163086436284e-07
72550.00000000009 2.097312318514545e-07
72600.00000000009 1.8287024839056623e-07
72650.00000000009 3.107510335945623e-07
72700.00000000009 3.1794354388012704e-07
72750.00000000009 2.673110226710832e-07
72800.00000000009 2.767811921795568e-07
72850.00000000009 2.5064293182277447e-07
72900.00000000009 2.8335663851268734e-07
72950.00000000009 2.67709288226342e-07
73000.00000000009 3.081606146103936e-07
73050.00000000009 2.7259699497282475e-07
73100.00000000009 2.498015824098169e-07
73150.00000000009 3.3140461052846874e-07
73200.00000000009 2.617433173648525e-07
73250.00000000009 2.6574876953346224e-07
73300.00000000009 2.8250545094990475e-07
73350.00000000009 2.537966683474506e-07
73400.00000000009 2.79686487225726e-07
73450.00000000009 1.9596936302673841e-07
73500.00000000009 2.195252222817198e-07
73550.00000000009 2.3008543668052496e-07
73600.00000000009 2.2176560463029045e-07
73650.00000000009 2.5748947947083266e-07
73700.00000000009 3.000961481964482e-07
73750.00000000009 2.4566599540512234e-07
73800.00000000009 2.451827192273221e-07
73850.00000000009 2.577797310609368e-07
73900.00000000009 2.861966128602345e-07
73950.00000000009 2.4846888907642084e-07
74000.00000000009 2.6622319454752787e-07
74050.00000000009 3.3565478473480035e-07
74100.00000000009 2.1891769703249913e-07
74150.00000000009 2.726143020080411e-07
74200.00000000009 2.496689464508029e-07
74250.00000000009 2.1068195459532895e-07
74300.00000000009 2.540576957044416e-07
74350.00000000009 2.8912931067599305e-07
74400.00000000009 2.624079048183106e-07
74450.00000000009 1.8786790769829468e-07
74500.00000000009 2.299857419030582e-07
74550.00000000009 2.6726895235694227e-07
74600.00000000009 2.52492608390917e-07
74650.00000000009 2.4536034378814213e-07
74700.00000000009 2.1553914469499556e-07
74750.00000000009 2.4441923474171725e-07
74800.00000000009 2.3738360614569528e-07
74850.00000000009 1.7801989293005362e-07
74900.00000000009 3.1360251935736853e-07
74950.00000000009 3.0660559202641135e-07
75000.00000000009 2.64015223501974e-07
75050.00000000009 2.643991274226265e-07
75100.00000000009 3.234293349094142e-07
75150.00000000009 3.0004405470953204e-07
75200.00000000009 3.209198936707759e-07
75250.00000000009 2.6413179392431535e-07
75300.00000000009 3.104279575279636e-07
75350.00000000009 2.2596301567046032e-07
75400.00000000009 2.973248079554095e-07
75450.00000000009 2.640554932496807e-07
75500.00000000009 2.3614409457918665e-07
75550.00000000009 3.2770820306143684e-07
75600.00000000009 3.4969570600059705e-07
75650.00000000009 2.4392694020352307e-07
75700.00000000009 2.814529068225151e-07
75750.00000000009 2.2480415941192051e-07
75800.00000000009 2.9393646576695555e-07
75850.00000000009 3.38224166855171e-07
75900.00000000009 3.0713380052654405e-07
75950.00000000009 2.697240968458999e-07
76000.00000000009 2.685000064119389e-07
76050.00000000009 3.0179523754102106e-07
76100.00000000009 2.635343074065936e-07
76150.00000000009 3.0466638156954124e-07
76200.00000000009 3.1731634402307504e-07
76250.00000000009 3.6233862658044975e-07
76300.00000000009 3.34954997723052e-07
76350.00000000009 4.0859606065478833e-07
76400.00000000009 3.367189135227284e-07
76450.00000000009 3.31542917784218e-07
76500.00000000009 2.9303899812821813e-07
76550.00000000009 2.757167811278852e-07
76600.00000000009 1.923885065722971e-07
76650.00000000009 2.0151721719012357e-07
76700.00000000009 2.3440890882390516e-07
76750.00000000009 2.063438424583788e-07
76800.00000000009 2.665329945454086e-07
76850.00000000009 1.4641909280152144e-07
76900.00000000009 2.0442307303379567e-07
76950.00000000009 2.0464203926501384e-07
77000.00000000009 2.3464825320507524e-07
77050.00000000009 1.7828447583577129e-07
77100.00000000009 1.864773993057057e-07
77150.00000000009 2.171227654819355e-07
77200.00000000009 2.243082738539237e-07
77250.00000000009 2.233487059675878e-07
77300.00000000009 2.0159538980804564e-07
77350.00000000009 1.6600877885397592e-07
77400.00000000009 1.4241914762945165e-07
77450.00000000009 1.6954500995961303e-07
77500.00000000009 2.1315381054318212e-07
77550.00000000009 2.1274306756744753e-07
77600.00000000009 2.1232754201177913e-07
77650.00000000009 2.1401672412534778e-07
77700.00000000009 1.7781939261548382e-07
77750.00000000009 2.220726818310385e-07
77800.00000000009 2.1054422460212094e-07
77850.00000000009 2.398194317272318e-07
77900.00000000009 2.223146610511593e-07
77950.00000000009 1.9665931589451554e-07
78000.00000000009 2.1612539737613763e-07
78050.00000000009 2.3768532713628019e-07
78100.00000000009 1.7684349622810223e-07
78150.00000000009 2.3583605010520257e-07
78200.00000000009 2.4175233993359476e-07
78250.00000000009 2.583711395254204e-07
78300.00000000009 2.656288487008095e-07
78350.00000000009 2.5087424310546525e-07
78400.00000000009 2.3881511700757447e-07
78450.00000000009 2.8332521054914085e-07
78500.00000000009 2.537041672402039e-07
78550.00000000009 2.6654554223752534e-07
78600.00000000009 2.385620084557777e-07
78650.00000000009 1.7162467831487775e-07
78700.00000000009 2.202059043085535e-07
78750.00000000009 2.263312904865984e-07
78800.00000000009 2.690422741028375e-07
78850.00000000009 2.063041835831303e-07
78900.00000000009 2.4381541788665987e-07
78950.00000000009 2.2482621658444772e-07
79000.00000000009 2.46791530034779e-07
79050.00000000009 2.298197129479867e-07
79100.00000000009 2.1802454597813593e-07
79150.00000000009 2.578059885652297e-07
79200.00000000009 3.090459357334383e-07
79250.00000000009 2.87671462463418e-07
79300.00000000009 1.995840570034062e-07
79350.00000000009 2.7706882070247654e-07
79400.00000000009 2.2973218066813845e-07
79450.00000000009 2.5094643636768466e-07
79500.00000000009 3.174470969636506e-07
79550.00000000009 2.8217018659561576e-07
79600.00000000009 2.2581793564606887e-07
79650.00000000009 2.5212318198586404e-07
79700.00000000009 3.2005605038407935e-07
79750.00000000009 2.842258572939495e-07
79800.00000000009 2.696684035752451e-07
79850.00000000009 2.6367970102655296e-07
79900.00000000009 3.5373834629764433e-07
79950.00000000009 2.517973892918103e-07
