galfind/configs/Brown_Dwarf_templates/sonora_cholla/logkzz2/100g/500K_100g_logkzz2_resample.dat
# %ECSV 1.0
# ---
# datatype:
# - {name: wav, unit: Angstrom, datatype: float64}
# - {name: flux_nu, unit: erg / (cm2 Hz s), datatype: float64}
# schema: astropy-2.0
wav flux_nu
[from data line 1211]
63550.04800076804 6.327173307032636e-09
63600.04800076804 5.703884850545435e-09
63650.04800076804 3.1596549555485856e-09
63700.04800076804 5.443898375205533e-10
63750.04800076804 2.393023313350212e-09
63800.04800076804 7.578305982390035e-09
63850.04800076804 5.206219836618246e-09
63900.04800076804 8.875638653919959e-10
63950.04800076804 3.318237550433874e-09
64000.04800076804 4.90986594307141e-09
64050.04800076804 1.3229667982543015e-09
64100.04800076804 1.9389866934601182e-10
64150.04800076804 3.028003841222369e-10
64200.04800076804 4.0537559570048696e-10
64250.04800076804 2.2690740637107564e-09
64300.04800076804 1.9778797007182592e-09
64350.04800076804 1.187523924476256e-09
64400.04800076804 3.8346244926748065e-09
64450.04800076804 4.963250464828407e-09
64500.04800076804 1.7992435677989694e-09
64550.04800076804 4.458656044406129e-09
64600.04800076804 2.560513956338253e-09
64650.04800076804 3.402489853060746e-09
64700.04800076804 8.424904046760562e-10
64750.04800076804 1.7772460688448676e-09
64800.04800076804 6.982946796700542e-10
64850.04800076804 3.9208414314614867e-10
64900.04800076804 3.14097984534625e-10
64950.04800076804 2.3233667033145835e-10
65000.04800076804 6.559201647808494e-10
65050.04800076804 1.9782209873570672e-09
65100.04800076804 3.1412472698600805e-09
65150.04800076804 1.2430414150969212e-09
65200.04800076804 2.6499382781492014e-10
65250.04800076804 1.71599508900323e-09
65300.04800076804 2.5397799152274286e-09
65350.04800076804 7.217376305861462e-09
65400.04800076804 2.335209393289729e-09
65450.04800076804 2.3378764170460127e-09
65500.04800076804 2.827703791082584e-09
65550.04800076805 8.323961347825423e-10
65600.04800076805 2.5462516915547826e-09
65650.04800076805 1.1533483988666931e-09
65700.04800076805 1.0293758084814277e-09
65750.04800076805 7.010569867679421e-10
65800.04800076805 2.2309045754026414e-09
65850.04800076805 3.4375355087237945e-09
65900.04800076805 5.044756713114809e-10
65950.04800076805 1.6057843552823878e-09
66000.04800076805 2.1093497861437146e-09
66050.04800076805 5.302400478759939e-09
66100.04800076805 2.726057042636615e-09
66150.04800076805 2.507553431687213e-09
66200.04800076805 2.560064856585154e-09
66250.04800076805 1.094130825314482e-09
66300.04800076805 3.061618170599792e-10
66350.04800076805 1.6578458999733828e-10
66400.04800076805 4.261680118990612e-10
66450.04800076805 2.3285859525481047e-09
66500.04800076805 4.160846982250908e-09
66550.04800076805 4.879013689058389e-09
66600.04800076805 3.806212287735697e-09
66650.04800076805 1.945642826773171e-09
66700.04800076805 1.202043379854392e-09
66750.04800076805 1.559443720187179e-09
66800.04800076805 1.7639303920933691e-09
66850.04800076805 1.0627742014634102e-09
66900.04800076805 5.793710990247338e-09
66950.04800076805 5.1102950361347925e-09
67000.04800076805 5.939458834592327e-09
67050.04800076805 3.1384800169290475e-09
67100.04800076805 1.3229298459581507e-09
67150.04800076805 2.061521586821068e-09
67200.04800076805 3.3759212932940146e-09
67250.04800076805 3.0917677707619568e-09
67300.04800076805 7.005739036618829e-09
67350.04800076805 2.6659396518755066e-09
67400.04800076805 7.072368217410223e-09
67450.04800076805 3.541799495089108e-09
67500.04800076805 3.4580240431217786e-09
67550.04800076805 1.0074189058913448e-08
67600.04800076805 1.582715277495007e-08
67650.04800076805 1.1046360500576397e-08
67700.04800076805 5.1243851797912965e-09
67750.04800076805 2.4597456185442372e-09
67800.04800076805 3.938243277405963e-09
67850.04800076805 1.3918214520341518e-09
67900.04800076805 1.6789302047998453e-09
67950.04800076805 1.4696410568248042e-09
68000.04800076805 4.109468558371526e-09
68050.04800076805 5.395592054523215e-09
68100.04800076805 1.039299664768787e-08
68150.04800076805 8.478042453744138e-09
68200.04800076805 4.920292636030837e-09
68250.04800076805 6.563969372472595e-10
68300.04800076805 5.207191925515933e-09
68350.04800076805 6.9236650947640125e-09
68400.04800076805 1.187663110959371e-08
68450.04800076805 9.322502731486483e-09
68500.04800076805 4.426792077722983e-09
68550.04800076805 1.286390423350741e-09
68600.04800076805 1.2523669889777013e-09
68650.04800076805 5.444483670011917e-10
68700.04800076805 2.1542776732324447e-09
68750.04800076805 4.876262609025372e-09
68800.04800076805 5.531090760379733e-09
68850.04800076805 1.940715803160148e-09
68900.04800076805 9.692682261776377e-09
68950.04800076805 1.0666391701646222e-08
69000.04800076805 5.917525717333829e-09
69050.04800076805 2.320741818882774e-09
69100.04800076805 8.124957357861494e-09
69150.04800076805 1.3524274761488035e-08
69200.04800076805 1.1267312198219023e-08
69250.04800076805 1.3095069621780588e-08
69300.04800076805 6.605077501117037e-09
69350.04800076805 1.7365269261913923e-08
69400.04800076805 5.371294144009817e-09
69450.04800076805 1.423526576067741e-08
69500.04800076805 5.706357039355999e-09
69550.04800076805 3.589341787994803e-09
69600.04800076805 7.096909730996472e-10
69650.04800076805 3.931120298627552e-09
69700.04800076805 8.120475592431837e-09
69750.04800076805 4.98202011209639e-09
69800.04800076805 1.0220921281146695e-08
69850.04800076805 1.0044848664486022e-08
69900.04800076805 5.321205994185378e-09
69950.04800076805 4.968328367121978e-09
70000.04800076805 6.590162819389605e-09
70050.04800076805 1.3711166831814471e-08
70100.04800076805 1.0836860982870072e-08
70150.04800076805 6.634018437848397e-09
70200.04800076805 4.236951235549942e-09
70250.04800076805 5.773051482043342e-09
70300.04800076805 1.3071809561752351e-08
70350.04800076805 9.66230457673771e-09
70400.04800076805 3.790776147218044e-09
70450.04800076805 3.258096381703111e-10
70500.04800076805 3.179436893741034e-09
70550.04800076805 3.3835827788396145e-09
70600.04800076805 3.4749852816010617e-09
70650.04800076805 1.0764085964423801e-08
70700.04800076805 1.1835996330513215e-08
70750.04800076805 1.9101894629851523e-08
70800.04800076805 6.8120766602251796e-09
70850.04800076805 8.09184762156017e-09
70900.04800076805 1.07258293799252e-08
70950.04800076805 1.453227351156271e-08
71000.04800076805 1.2760130930371723e-08
71050.04800076805 1.3296749598479445e-08
71100.04800076805 9.203253501732096e-09
71150.04800076805 5.351604019151044e-09
71200.04800076805 5.0556535140103165e-09
71250.04800076805 1.077463043490649e-08
71300.04800076805 1.5029442594926035e-08
71350.04800076805 1.530886547081917e-08
71400.04800076805 1.023350352693049e-08
71450.04800076805 3.0351068397054028e-09
71500.04800076805 3.8301086602597975e-09
71550.04800076805 5.800032295897028e-09
71600.04800076805 6.2739779549951676e-09
71650.04800076805 3.511680174438227e-09
71700.04800076805 2.2721801002246597e-09
71750.04800076805 7.089866483168456e-09
71800.04800076805 1.1725360487611465e-08
71850.04800076805 1.1222080639061611e-08
71900.04800076805 4.991466889306503e-09
71950.04800076805 8.611689664090936e-09
72000.04800076805 7.29122195971474e-09
72050.04800076805 2.8336890200362182e-09
72100.04800076805 3.748957868325446e-09
72150.04800076805 4.670184798027665e-09
72200.04800076805 8.62230121189361e-09
72250.04800076805 1.3367932904387089e-08
72300.04800076805 6.888678221839565e-09
72350.04800076805 9.579119217189448e-09
72400.04800076805 8.257907717470502e-09
72450.04800076805 5.860452563426041e-09
72500.04800076805 8.708637808771518e-09
72550.04800076805 2.637296917931627e-09
72600.04800076805 5.379044212021989e-09
72650.04800076805 1.0631099018142777e-08
72700.04800076805 4.964046728438794e-09
72750.04800076805 5.250114071051607e-09
72800.04800076805 2.6833822552759786e-09
72850.04800076805 4.543378125324907e-09
72900.04800076805 1.1073311529014527e-08
72950.04800076805 5.900757155242662e-09
73000.04800076805 6.459054980572131e-09
73050.04800076805 2.432767060924974e-09
73100.04800076805 3.8929029795610646e-09
73150.04800076805 1.0677879868511455e-08
73200.04800076805 3.3515421164596886e-09
73250.04800076805 4.577596575562473e-09
73300.04800076805 3.009364266785172e-09
73350.04800076805 1.891656531438023e-09
73400.04800076805 4.652159668931446e-09
73450.04800076805 2.211666850750642e-09
73500.04800076805 1.7861508531462246e-09
73550.04800076805 3.446867314201597e-09
73600.04800076805 3.905686012691087e-09
73650.04800076805 4.040532579782045e-09
73700.04800076805 3.556663190844023e-09
73750.04800076805 8.201699670558093e-10
73800.04800076805 3.3142208993598086e-09
73850.04800076805 5.458407997578057e-09
73900.04800076805 1.97805190600128e-09
73950.04800076805 2.481803278207305e-09
74000.04800076805 8.001074539923751e-10
74050.04800076805 5.634907135108911e-09
74100.04800076805 4.019456401089808e-09
74150.04800076805 4.071928612590206e-09
74200.04800076805 1.3934041625980057e-09
74250.04800076805 1.5062301339618616e-10
74300.04800076805 3.6970276969250166e-09
74350.04800076805 5.827200421273078e-09
74400.04800076805 5.116123751581385e-09
74450.04800076805 1.3878311228144264e-09
74500.04800076805 5.659103844408306e-10
74550.04800076805 1.9602544442985736e-09
74600.04800076805 3.3282243936099475e-09
74650.04800076805 3.5837471118452657e-09
74700.04800076805 2.181589324453644e-09
74750.04800076805 7.215548871770133e-10
74800.04800076805 1.2660564409391864e-09
74850.04800076805 3.012143172674957e-09
74900.04800076805 5.189132627545311e-09
74950.04800076805 4.46595155699843e-09
75000.04800076805 1.6196309895388966e-09
75050.04800076805 1.0327650193849539e-10
75100.04800076805 3.814659892946754e-09
75150.04800076805 6.525119459168688e-09
75200.04800076805 6.933463862509837e-09
75250.04800076805 5.682882715876702e-09
75300.04800076805 3.171620330896412e-09
75350.04800076805 5.666672155044471e-10
75400.04800076805 5.747196988347169e-09
75450.04800076805 6.730254446490559e-09
75500.04800076805 6.996881860564574e-09
75550.04800076805 5.411702524994611e-09
75600.04800076805 5.6796620148940785e-09
75650.04800076805 2.588919222997852e-09
75700.04800076805 8.682836171778988e-09
75750.04800076805 3.944410374635749e-09
75800.04800076805 6.54875952877894e-09
75850.04800076805 7.259230342114012e-09
75900.04800076805 8.019779753614872e-09
75950.04800076805 2.911391167287286e-09
76000.04800076805 9.875847434566015e-09
76050.04800076805 9.791880734907096e-09
76100.04800076805 7.765604117817734e-09
76150.04800076805 8.964353867650894e-09
76200.04800076805 6.751142248106029e-09
76250.04800076805 2.561136706119865e-09
76300.04800076805 1.0642505957711157e-08
76350.04800076805 1.2864219436490905e-08
76400.04800076805 1.029413061653923e-08
76450.04800076805 6.983169665936215e-09
76500.04800076805 4.010143166296973e-09
76550.04800076805 9.816320755140682e-10
76600.04800076805 1.3894805818499744e-10
76650.04800076805 1.1787228601038814e-10
76700.04800076805 2.690634794219773e-10
76750.04800076805 4.150510008651004e-10
76800.04800076805 9.102149589753569e-10
76850.04800076805 4.5834274314095864e-10
76900.04800076805 3.786403138570228e-10
76950.04800076805 1.336035821163301e-09
77000.04800076805 3.318956187419732e-09
77050.04800076805 2.6017810045311056e-10
77100.04800076805 2.811070372834556e-10
77150.04800076805 3.7013976285282547e-09
77200.04800076805 1.513205376894842e-09
77250.04800076805 6.511957862602326e-10
77300.04800076805 3.0530168194120687e-09
77350.04800076805 1.3030235699692126e-09
77400.04800076805 1.3957286115156758e-09
77450.04800076805 5.369244142283838e-09
77500.04800076805 3.402803840184498e-09
77550.04800076805 1.7971051359694161e-09
77600.04800076805 6.516994088515423e-10
77650.04800076805 9.562939252671715e-10
77700.04800076805 1.0065485491148917e-09
77750.04800076805 4.499241634887208e-09
77800.04800076805 5.095398892257884e-09
77850.04800076805 9.028357991335255e-09
77900.04800076805 2.8593476260047466e-09
77950.04800076805 3.243887493786614e-10
78000.04800076805 1.98242352737231e-09
78050.04800076805 2.9783018447207027e-09
78100.04800076805 4.0909433945161335e-09
78150.04800076805 7.959244412914115e-09
78200.04800076805 8.641927584137815e-09
78250.04800076805 6.234916388806512e-09
78300.04800076805 1.4530316242886503e-09
78350.04800076805 4.730889077017749e-09
78400.04800076805 1.443936431282303e-09
78450.04800076805 4.10347586216304e-09
78500.04800076805 8.00110173825615e-09
78550.04800076805 1.2526472285445685e-08
78600.04800076805 7.900743303363078e-09
78650.04800076805 4.835264517419509e-10
78700.04800076805 1.2258000187512732e-09
78750.04800076805 3.0536826974635183e-09
78800.04800076805 2.5144491801997432e-09
78850.04800076805 6.440256681616834e-10
78900.04800076805 3.4379972677097374e-09
78950.04800076805 6.8176830827196785e-09
79000.04800076805 4.5174821576096355e-09
79050.04800076805 2.9342334928633483e-09
79100.04800076805 4.0221109793497216e-09
79150.04800076805 3.1128405102151246e-09
79200.04800076805 4.417308854764846e-09
79250.04800076805 1.70825758181857e-09
79300.04800076805 1.976771149359354e-09
79350.04800076805 3.327098987435008e-09
79400.04800076805 1.6077355370442569e-09
79450.04800076805 7.491977245532401e-09
79500.04800076805 1.105353625112139e-08
79550.04800076805 7.306322941524577e-09
79600.04800076805 3.4453547438448702e-09
79650.04800076805 6.692436982529559e-09
79700.04800076805 4.659896970101029e-09
79750.04800076805 4.362947286696099e-09
79800.04800076805 1.7838123887408201e-09
79850.04800076805 6.335200274158634e-09
79900.04800076805 1.2074785824511885e-08
79950.04800076805 1.1826063277234229e-08
