galfind/configs/Brown_Dwarf_templates/sonora_cholla/logkzz2/100g/550K_100g_logkzz2_resample.dat
# %ECSV 1.0
# ---
# datatype:
# - {name: wav, unit: Angstrom, datatype: float64}
# - {name: flux_nu, unit: erg / (cm2 Hz s), datatype: float64}
# schema: astropy-2.0
wav flux_nu
[from data line 417]
23850.04800076804 2.96856404651229e-11
23900.04800076804 6.7665556626342e-11
23950.04800076804 4.3109246245671955e-11
24000.04800076804 8.708781962395098e-11
24050.04800076804 1.1790637786919744e-10
24100.04800076804 1.079305065737204e-10
24150.04800076804 1.6139860766537383e-10
24200.04800076804 1.1666203861091692e-10
24250.04800076804 6.608130308731584e-11
24300.04800076804 1.7418254639408562e-10
24350.04800076804 1.1024826531798474e-10
24400.04800076804 2.549610679419167e-10
24450.04800076804 2.7993486723364955e-10
24500.04800076804 2.644249371764467e-10
24550.04800076804 4.231972036835303e-10
24600.04800076804 5.424467289835478e-10
24650.04800076804 6.086332530963552e-10
24700.04800076804 4.5860746477296183e-10
24750.04800076804 5.49081944378589e-10
24800.04800076804 4.945517184075921e-10
24850.04800076804 7.806266823734913e-10
24900.04800076804 3.2450018641587525e-10
24950.04800076804 6.304453418759396e-10
25000.04800076804 6.945636811168106e-10
25050.04800076804 4.051542653821299e-10
25100.04800076804 5.910369901702877e-10
25150.04800076804 2.5605167557367124e-10
25200.04800076804 4.066403249201753e-10
25250.04800076804 1.6165832332530344e-10
25300.04800076804 2.433187025025394e-10
25350.04800076804 9.642900959589046e-11
25400.04800076804 2.730764913792057e-10
25450.04800076804 9.270805508807008e-11
25500.04800076804 7.10266416571367e-11
25550.04800076804 1.6190102972812969e-10
25600.04800076804 3.570550924951218e-11
25650.04800076804 3.6933484870298174e-11
25700.04800076804 4.3574852449854616e-11
25750.04800076804 1.5858004689290152e-11
25800.04800076804 8.414847397138626e-11
25850.04800076804 1.2416588944044438e-11
25900.04800076804 2.1436235484826994e-11
25950.04800076804 5.518903059279806e-12
26000.04800076804 6.522296158921831e-11
26050.04800076804 7.880687540174297e-12
26100.04800076804 4.9828728548439855e-11
26150.04800076804 2.0228184014325892e-11
26200.04800076804 2.3169570588345293e-11
26250.04800076804 1.7844629278802635e-10
26300.04800076804 3.666010350558016e-11
26350.04800076804 2.477017512342078e-10
26400.04800076804 4.592137562245398e-10
26450.04800076804 2.8944882744549993e-10
26500.04800076804 5.875378390426993e-10
26550.04800076804 8.179551216235942e-11
26600.04800076804 7.509396836389603e-11
26650.04800076804 1.393153125881543e-11
26700.04800076804 5.0543272027989505e-12
26750.04800076804 1.2013276812954072e-11
26800.04800076804 2.884224114222348e-11
26850.04800076804 2.0014938513697014e-11
26900.04800076804 9.855568921031895e-11
26950.04800076804 2.8130954843943126e-11
27000.04800076804 1.524495132292931e-10
27050.04800076804 1.7122824101109262e-10
27100.04800076804 2.7600485718625435e-11
27150.04800076804 2.2298343875567165e-10
27200.04800076804 2.3411385095728408e-11
27250.04800076804 8.058450179056212e-11
27300.04800076804 6.887620557232993e-10
27350.04800076804 2.117316579988049e-10
27400.04800076804 1.0529827108863956e-11
27450.04800076804 3.092458203320139e-10
27500.04800076804 4.242135144449457e-10
27550.04800076804 5.464206926563356e-11
27600.04800076804 1.707395289778919e-10
27650.04800076804 4.315985767245909e-11
27700.04800076804 3.615662942812447e-11
27750.04800076804 2.378158645846314e-10
27800.04800076804 7.519567110929319e-11
27850.04800076804 1.1711258235516346e-10
27900.04800076804 1.575334903848886e-10
27950.04800076804 4.0457207036833215e-10
28000.04800076804 3.1303564158767755e-10
28050.04800076804 4.995386535297864e-11
28100.04800076804 4.880400562391926e-10
28150.04800076804 3.186843617558002e-10
28200.04800076804 7.383711859177737e-11
28250.04800076804 5.897665715953533e-10
28300.04800076804 8.701671391172545e-10
28350.04800076804 1.1147713060324534e-10
28400.04800076804 4.956209644848989e-10
28450.04800076804 1.0566672552073532e-09
28500.04800076804 4.685116340236378e-10
28550.04800076804 1.1251284113375054e-10
28600.04800076804 7.621703625746874e-10
28650.04800076804 7.651769075823249e-10
28700.04800076804 6.908765246861352e-10
28750.04800076804 1.472545624354268e-09
28800.04800076804 1.0724916590082603e-09
28850.04800076804 1.4117887948147513e-09
28900.04800076804 6.807413539526071e-10
28950.04800076804 2.053271110427916e-09
29000.04800076804 1.2331224569208962e-09
29050.04800076804 1.3272149821738717e-09
29100.04800076804 1.0730758028373748e-09
29150.04800076804 2.041863878168627e-09
29200.04800076804 1.5773627768804703e-09
29250.04800076804 2.230131243396709e-09
29300.04800076804 1.158044860324841e-09
29350.04800076804 5.525172512950485e-09
29400.04800076804 1.173502838552874e-09
29450.04800076804 1.5017472189022911e-09
29500.04800076804 3.0242887978007424e-09
29550.04800076804 1.5427243841643187e-09
29600.04800076804 2.9775414522687993e-09
29650.04800076804 4.022353709536262e-09
29700.04800076804 1.2869622999538518e-09
29750.04800076804 2.7063918601139402e-09
29800.04800076804 2.6894533070082876e-09
29850.04800076804 4.57937466680309e-09
29900.04800076804 4.574708133046894e-09
29950.04800076804 3.1406560148747635e-09
30000.04800076804 5.587751647654981e-10
30050.04800076804 1.2247681883065318e-09
30100.04800076804 2.6004738886061146e-09
30150.04800076804 4.207663750001772e-09
30200.04800076804 2.39356238917224e-09
30250.04800076804 6.538972243073185e-09
30300.04800076804 6.374569043029766e-09
30350.04800076804 2.654008450536172e-09
30400.04800076804 5.981133211588164e-09
30450.04800076804 4.328557918898069e-09
30500.04800076804 3.3780133467348818e-09
30550.04800076804 2.4175351664633352e-09
30600.04800076804 7.2504166357096485e-09
30650.04800076804 4.613226187155451e-09
30700.04800076804 3.407730044706132e-09
30750.04800076804 4.661467680686136e-09
30800.04800076804 3.1104807522150673e-09
30850.04800076804 4.266084545262354e-09
30900.04800076804 3.4799973591146465e-09
30950.04800076804 1.7039118667700167e-09
31000.04800076804 2.911122204204626e-09
31050.04800076804 2.3159495051679564e-09
31100.04800076804 1.4077676214762977e-09
31150.04800076804 2.0361111502105992e-09
31200.04800076804 3.277264461108293e-09
31250.04800076804 1.6691740079265064e-09
31300.04800076804 1.2403139078020246e-09
31350.04800076804 2.0501214558786944e-09
31400.04800076804 1.0760475399872337e-09
31450.04800076804 1.656911022098611e-09
31500.04800076804 6.973087049727639e-10
31550.04800076804 8.570969471311114e-10
31600.04800076804 5.866652003893254e-10
31650.04800076804 5.508163275509534e-10
31700.04800076804 6.765301688435658e-10
31750.04800076804 2.201662894109759e-10
31800.04800076804 6.289662838842091e-10
31850.04800076804 1.4827963698800127e-10
31900.04800076804 3.5822773938050813e-10
31950.04800076804 2.0856940636937173e-10
32000.04800076804 1.8925612590677132e-10
32050.04800076804 1.6958492474717415e-10
32100.04800076804 1.3399306884308642e-10
32150.04800076804 1.7817284556728775e-10
32200.04800076804 9.200555753090724e-11
32250.04800076804 2.784030035157248e-10
32300.04800076804 7.118644208026382e-11
32350.04800076804 2.748925927248666e-10
32400.04800076804 6.48291071971818e-11
32450.04800076804 1.6841743494849529e-10
32500.04800076804 8.171991214451818e-11
32550.04800076804 1.8201171578804464e-10
32600.04800076804 8.150231158870548e-11
32650.04800076804 3.478480960054353e-10
32700.04800076804 1.340299884126561e-10
32750.04800076804 6.375239170247017e-10
32800.04800076804 3.4010301129804497e-10
32850.04800076804 1.0227769238799978e-09
32900.04800076804 8.122101517928512e-10
32950.04800076804 1.0226170439845333e-09
33000.04800076804 4.34743502162001e-10
33050.04800076804 5.05337682086904e-10
33100.04800076804 1.4542800386230585e-10
33150.04800076804 2.096725850322604e-13
33200.04800076804 4.566097551441199e-12
33250.04800076804 6.472342253150791e-12
33300.04800076804 3.1849129284077255e-11
33350.04800076804 1.1344008918513702e-10
33400.04800076804 3.100577287538989e-10
33450.04800076804 1.8288935942751923e-10
33500.04800076804 6.546748727911376e-10
33550.04800076804 2.5869058251973474e-10
33600.04800076804 3.880645342777677e-10
33650.04800076804 3.3084007618013557e-10
33700.04800076804 2.0040699749693095e-10
33750.04800076804 5.2751940793984e-10
33800.04800076804 9.904682843323011e-11
33850.04800076804 3.101787417266008e-10
33900.04800076804 3.537144262201868e-10
33950.04800076804 3.0338323169472015e-10
34000.04800076804 5.880249286989847e-10
34050.04800076804 1.0369101450971704e-10
34100.04800076804 4.803402898215216e-10
34150.04800076804 2.2603242709042137e-10
34200.04800076804 4.578751824336022e-10
34250.04800076804 3.1735941468720616e-10
34300.04800076804 3.1851319561996854e-10
34350.04800076804 7.236900985766053e-10
34400.04800076804 2.502747010400222e-10
34450.04800076804 6.702947769047228e-10
34500.04800076804 3.0373725664397e-10
34550.04800076804 2.66488349751381e-10
34600.04800076804 1.037705709806696e-09
34650.04800076804 1.9568454364488464e-10
34700.04800076804 4.731877175358024e-10
34750.04800076804 4.028341858899519e-10
34800.04800076804 3.894003098713871e-10
34850.04800076804 8.945446947330586e-10
34900.04800076804 4.0202020899337566e-10
34950.04800076804 5.915520860761067e-10
35000.04800076804 1.5003184322397033e-09
35050.04800076804 7.581431824772465e-10
35100.04800076804 1.5753319836367764e-09
35150.04800076804 1.3034081038636766e-09
35200.04800076804 1.4376303651388429e-09
35250.04800076804 1.7860036475551734e-09
35300.04800076804 9.682804885190425e-10
35350.04800076804 1.524439021432662e-09
35400.04800076804 1.1316226891396255e-09
35450.04800076804 8.711868345213137e-10
35500.04800076804 3.4581944168408205e-09
35550.04800076804 1.7382937192215875e-09
35600.04800076804 2.30646547873385e-09
35650.04800076804 2.4955747439702725e-09
35700.04800076804 1.821660714933277e-09
35750.04800076804 3.852331165900982e-09
35800.04800076804 2.1449450246474054e-09
35850.04800076804 1.113373933169491e-09
35900.04800076804 2.087792548045154e-09
35950.04800076804 2.0524723055142965e-09
36000.04800076804 9.924304114623232e-10
36050.04800076804 1.7752386881902797e-09
36100.04800076804 1.539471746791585e-09
36150.04800076804 3.552733424293194e-09
36200.04800076804 2.9720766422305718e-09
36250.04800076804 2.85823240774122e-09
36300.04800076804 4.561375924745484e-09
36350.04800076804 2.8726174170836404e-09
36400.04800076804 5.5889828278293104e-09
36450.04800076804 3.968854678851053e-09
36500.04800076804 4.693334928075285e-09
36550.04800076804 7.534282742967788e-09
36600.04800076804 7.644741979034102e-09
36650.04800076804 6.679579965964745e-09
36700.04800076804 7.751190821077213e-09
36750.04800076804 8.659268003682604e-09
36800.04800076804 7.980143031444358e-09
36850.04800076804 4.4627342438263065e-09
36900.04800076804 7.177449920088267e-09
36950.04800076804 8.152938503035983e-09
37000.04800076804 6.0971624238556e-09
37050.04800076804 9.98785724544041e-09
37100.04800076804 7.69238367676722e-09
37150.04800076804 7.951450199922357e-09
37200.04800076804 8.257203816239242e-09
37250.04800076804 6.90987779419864e-09
37300.04800076804 6.172502020712264e-09
37350.04800076804 9.715973760079555e-09
37400.04800076804 1.1796408485219035e-08
37450.04800076804 5.737394343780566e-09
37500.04800076804 8.759002075314052e-09
37550.04800076804 1.4594839486935089e-08
37600.04800076804 1.9538558095066344e-08
37650.04800076804 9.716781414152104e-09
37700.04800076804 1.4245517589690713e-08
37750.04800076804 8.459158880390465e-09
37800.04800076804 9.496006079412528e-09
37850.04800076804 5.928431456575076e-09
37900.04800076804 8.529614252597262e-09
37950.04800076804 1.309272717815054e-08
38000.04800076804 1.5029899039031944e-08
38050.04800076804 1.9030857553559752e-08
38100.04800076804 1.9663977109237325e-08
38150.04800076804 2.027814889635191e-08
38200.04800076804 2.014649499958552e-08
38250.04800076804 2.0039561217219828e-08
38300.04800076804 3.6212263738433015e-08
38350.04800076804 2.945292009016942e-08
38400.04800076804 1.3839022580840409e-08
38450.04800076804 9.948783002352693e-09
38500.04800076804 4.76838950771204e-09
38550.04800076804 1.1911470054570325e-08
38600.04800076804 1.5181326466671677e-08
38650.04800076804 2.080131751069964e-08
38700.04800076804 1.728211557374299e-08
38750.04800076804 2.106562198725951e-08
38800.04800076804 1.4649789155661236e-08
38850.04800076804 2.497971397369957e-08
38900.04800076804 2.5686344573336326e-08
38950.04800076804 1.7107946101393274e-08
39000.04800076804 3.0826307316315365e-08
39050.04800076804 1.9435275385705714e-08
39100.04800076804 2.8833641337731505e-08
39150.04800076804 2.6112008273287307e-08
39200.04800076804 1.8651475440972174e-08
39250.04800076804 3.032891035931002e-08
39300.04800076804 2.537539470080688e-08
39350.04800076804 4.769316264703083e-08
39400.04800076804 3.0310919202469975e-08
39450.04800076804 3.321414522942654e-08
39500.04800076804 3.5115336311399535e-08
39550.04800076804 2.5620110052162032e-08
39600.04800076804 3.8338178833818816e-08
39650.04800076804 5.14975341806626e-08
39700.04800076804 3.270563900530638e-08
39750.04800076804 2.003427940842945e-08
39800.04800076804 2.7403041260252134e-08
39850.04800076804 4.5931214160022124e-08
39900.04800076804 5.158476763518163e-08
39950.04800076804 3.3653851091847297e-08
40000.04800076804 5.3903417608193195e-08
40050.04800076804 4.7146023595816344e-08
40100.04800076804 2.160377846537532e-08
40150.04800076804 5.183157038624107e-08
40200.04800076804 5.3316025607223756e-08
40250.04800076804 5.5862204800073196e-08
40300.04800076804 6.0631298769345e-08
40350.04800076804 3.3012467178367395e-08
40400.04800076804 5.6350819823681676e-08
40450.04800076804 3.463446735635893e-08
40500.04800076804 6.750031989078046e-08
40550.04800076804 6.044824699703718e-08
40600.04800076804 5.2205020045543714e-08
40650.04800076804 4.7762458801601907e-08
40700.04800076804 9.15393533796499e-08
40750.04800076804 6.511151562971555e-08
40800.04800076804 3.85947988682961e-08
40850.04800076804 9.103054942584041e-08
40900.04800076804 7.269321129244797e-08
40950.04800076804 5.1947833417405044e-08
41000.04800076804 6.670337401529227e-08
41050.04800076804 9.486945957931319e-08
41100.04800076804 5.74328650434651e-08
41150.04800076804 3.3993606621583316e-08
41200.04800076804 9.82627173942097e-08
41250.04800076804 7.139381703600742e-08
41300.04800076804 7.085032548658958e-08
41350.04800076804 1.0340222185847169e-07
41400.04800076804 7.845848778171587e-08
41450.04800076804 9.579642319076497e-08
41500.04800076804 6.258928857805293e-08
41550.04800076804 5.628522364277729e-08
41600.04800076804 8.018945428342667e-08
41650.04800076804 9.180569921978094e-08
41700.04800076804 8.928506938183739e-08
41750.04800076804 7.613959057973136e-08
41800.04800076804 1.0604585183595615e-07
41850.04800076804 6.883940372402128e-08
41900.04800076804 6.393883013463344e-08
41950.04800076804 7.96458247370294e-08
42000.04800076804 9.063361701064864e-08
42050.04800076804 7.949584616501397e-08
42100.04800076804 1.0285720017744453e-07
42150.04800076804 7.86288143082862e-08
42200.04800076804 8.85489096110425e-08
42250.04800076804 6.69949405988368e-08
42300.04800076804 6.74910363593174e-08
42350.04800076804 9.232700369902265e-08
42400.04800076804 1.0165878673161419e-07
42450.04800076804 9.96275395917189e-08
42500.04800076804 8.76309775860062e-08
42550.04800076804 8.348728426745281e-08
42600.04800076804 8.08096400891408e-08
42650.04800076804 1.3449100842049305e-07
42700.04800076804 5.95186946683101e-08
42750.04800076804 7.951784424305261e-08
42800.04800076804 8.812347150038801e-08
42850.04800076804 1.0209163916320412e-07
42900.04800076804 1.1653253910842089e-07
42950.04800076804 8.440657179902922e-08
43000.04800076804 1.1277154806046254e-07
43050.04800076804 4.7478525048837e-08
43100.04800076804 7.309069590327341e-08
43150.04800076804 8.160105713892097e-08
43200.04800076804 1.0630812725146658e-07
43250.04800076804 1.4085779645155017e-07
43300.04800076804 1.3555611751574894e-07
43350.04800076804 7.303381912947748e-08
43400.04800076804 9.917102399106542e-08
43450.04800076804 6.152112379635304e-08
43500.04800076804 7.230488215114187e-08
43550.04800076804 7.980351852596587e-08
43600.04800076804 1.0975896343335327e-07
