galfind/configs/Brown_Dwarf_templates/sonora_cholla/logkzz2/100g/600K_100g_logkzz2_resample.dat
# %ECSV 1.0
# ---
# datatype:
# - {name: wav, unit: Angstrom, datatype: float64}
# - {name: flux_nu, unit: erg / (cm2 Hz s), datatype: float64}
# schema: astropy-2.0
wav flux_nu
[from data line 417]
23850.04800076804 8.437424782729085e-11
23900.04800076804 1.8438015398119329e-10
23950.04800076804 1.3477782263943868e-10
24000.04800076804 2.405260191918848e-10
24050.04800076804 3.2828977517841613e-10
24100.04800076804 2.7994068850039356e-10
24150.04800076804 3.935162246554063e-10
24200.04800076804 3.126332779323955e-10
24250.04800076804 1.803616991041963e-10
24300.04800076804 4.2608965510727404e-10
24350.04800076804 2.79764965919909e-10
24400.04800076804 6.058599721369267e-10
24450.04800076804 6.324731361344763e-10
24500.04800076804 6.322039314477588e-10
24550.04800076804 9.491157027122022e-10
24600.04800076804 1.1902424933821438e-09
24650.04800076804 1.3206637649174265e-09
24700.04800076804 1.0065479529503185e-09
24750.04800076804 1.1462527151045623e-09
24800.04800076804 1.0821055402926442e-09
24850.04800076804 1.6891365501333696e-09
24900.04800076804 7.310559225403862e-10
24950.04800076804 1.389649531559265e-09
25000.04800076804 1.525689169479901e-09
25050.04800076804 9.058620758232349e-10
25100.04800076804 1.2907277052040452e-09
25150.04800076804 5.92972860719414e-10
25200.04800076804 9.398472289881156e-10
25250.04800076804 3.857480279519712e-10
25300.04800076804 6.128289335270891e-10
25350.04800076804 2.454430525418342e-10
25400.04800076804 6.724619470266747e-10
25450.04800076804 2.5622991471148673e-10
25500.04800076804 2.0192809242429333e-10
25550.04800076804 4.1789506997759807e-10
25600.04800076804 1.0410643073861595e-10
25650.04800076804 1.0993209785673914e-10
25700.04800076804 1.5018195849080746e-10
25750.04800076804 5.6235140831943263e-11
25800.04800076804 2.6113205121625255e-10
25850.04800076804 4.665786768404294e-11
25900.04800076804 7.866870607463817e-11
25950.04800076804 2.3348432236536666e-11
26000.04800076804 2.1746057165397901e-10
26050.04800076804 3.425225298179568e-11
26100.04800076804 1.7611559693918942e-10
26150.04800076804 8.337848692199842e-11
26200.04800076804 9.329220461981389e-11
26250.04800076804 5.533437092428303e-10
26300.04800076804 1.434465222320155e-10
26350.04800076804 7.084601074008555e-10
26400.04800076804 1.147978302338376e-09
26450.04800076804 8.298180277103809e-10
26500.04800076804 1.3710514599037698e-09
26550.04800076804 2.747839946770618e-10
26600.04800076804 2.6830977802362287e-10
26650.04800076804 5.7693183386603996e-11
26700.04800076804 2.2106234839926415e-11
26750.04800076804 4.4354090845600067e-11
26800.04800076804 9.594360746922337e-11
26850.04800076804 6.385479440524852e-11
26900.04800076804 2.885831384812737e-10
26950.04800076804 9.10818376039481e-11
27000.04800076804 4.4384822896012757e-10
27050.04800076804 4.623372673968141e-10
27100.04800076804 1.044501575994328e-10
27150.04800076804 6.352588021106141e-10
27200.04800076804 8.82499136611837e-11
27250.04800076804 2.599457444701523e-10
27300.04800076804 1.8130147271644616e-09
27350.04800076804 6.410031935186481e-10
27400.04800076804 3.861195887825058e-11
27450.04800076804 8.992602382772778e-10
27500.04800076804 1.2016833980746407e-09
27550.04800076804 1.8246408118848836e-10
27600.04800076804 5.216437495649836e-10
27650.04800076804 1.4303691316491598e-10
27700.04800076804 1.1361811736500471e-10
27750.04800076804 6.764621010519085e-10
27800.04800076804 2.237442091799854e-10
27850.04800076804 3.257937411117736e-10
27900.04800076804 4.364547820676681e-10
27950.04800076804 1.0325320085445542e-09
28000.04800076804 8.006679157049007e-10
28050.04800076804 1.5236125403651634e-10
28100.04800076804 1.268153416320386e-09
28150.04800076804 7.855628081103856e-10
28200.04800076804 1.9317088820530197e-10
28250.04800076804 1.4561564488995793e-09
28300.04800076804 2.1662656896350734e-09
28350.04800076804 3.043301737577993e-10
28400.04800076804 1.2019517830656313e-09
28450.04800076804 2.3883935693719175e-09
28500.04800076804 1.141127494664878e-09
28550.04800076804 2.7655974893111095e-10
28600.04800076804 1.8144351412043043e-09
28650.04800076804 1.8404229882533304e-09
28700.04800076804 1.58107834872084e-09
28750.04800076804 3.241459874776592e-09
28800.04800076804 2.4873129804103397e-09
28850.04800076804 3.1545881937438566e-09
28900.04800076804 1.4189080662539415e-09
28950.04800076804 4.503219225183432e-09
29000.04800076804 2.634460597550243e-09
29050.04800076804 3.0090063837207868e-09
29100.04800076804 2.2811339647803746e-09
29150.04800076804 4.711412286917601e-09
29200.04800076804 3.242526767777965e-09
29250.04800076804 4.58319980838438e-09
29300.04800076804 2.5079137929420403e-09
29350.04800076804 1.1822945345968513e-08
29400.04800076804 2.714373824624911e-09
29450.04800076804 3.576615986888395e-09
29500.04800076804 6.172699055589423e-09
29550.04800076804 3.529869311507575e-09
29600.04800076804 6.3885164607778704e-09
29650.04800076804 7.807756843530259e-09
29700.04800076804 3.060435606751515e-09
29750.04800076804 5.753598353936756e-09
29800.04800076804 6.094500757292854e-09
29850.04800076804 9.378686591575899e-09
29900.04800076804 9.525724552281258e-09
29950.04800076804 6.618884527580967e-09
30000.04800076804 1.8230739967300217e-09
30050.04800076804 3.1230169784186052e-09
30100.04800076804 5.8470098433845734e-09
30150.04800076804 8.447047762457566e-09
30200.04800076804 5.240450246585251e-09
30250.04800076804 1.2479470257504613e-08
30300.04800076804 1.1554233311445019e-08
30350.04800076804 6.180914438868938e-09
30400.04800076804 1.1287862679715014e-08
30450.04800076804 8.192287354609449e-09
30500.04800076804 6.885816025174501e-09
30550.04800076804 5.183548593857839e-09
30600.04800076804 1.2018396484100162e-08
30650.04800076804 8.442961980401736e-09
30700.04800076804 6.409678270008515e-09
30750.04800076804 7.992808470687418e-09
30800.04800076804 5.668130639570584e-09
30850.04800076804 7.333279987139054e-09
30900.04800076804 6.152928251149446e-09
30950.04800076804 3.312323807136694e-09
31000.04800076804 5.163859620565141e-09
31050.04800076804 4.370501742269204e-09
31100.04800076804 2.716229775197891e-09
31150.04800076804 3.73761077478456e-09
31200.04800076804 5.211341543376831e-09
31250.04800076804 2.937264445310517e-09
31300.04800076804 2.2537969155290554e-09
31350.04800076804 3.2532786975180025e-09
31400.04800076804 1.731591354407001e-09
31450.04800076804 2.854556036208502e-09
31500.04800076804 1.2726276554232625e-09
31550.04800076804 1.6270098154720201e-09
31600.04800076804 1.0373166282794579e-09
31650.04800076804 1.0169524273402876e-09
31700.04800076804 1.2774126775920598e-09
31750.04800076804 4.4747162269406655e-10
31800.04800076804 1.2110302192127315e-09
31850.04800076804 3.613158456735303e-10
31900.04800076804 7.545454976162552e-10
31950.04800076804 4.541001758847903e-10
32000.04800076804 4.5639152657073216e-10
32050.04800076804 3.694406848516022e-10
32100.04800076804 3.021781858178233e-10
32150.04800076804 4.217678199463335e-10
32200.04800076804 2.253408750754708e-10
32250.04800076804 6.69291040887198e-10
32300.04800076804 1.7849392798662378e-10
32350.04800076804 6.604681123098845e-10
32400.04800076804 1.811751934018016e-10
32450.04800076804 4.1746187064107126e-10
32500.04800076804 2.3811201994361556e-10
32550.04800076804 4.5647120579189135e-10
32600.04800076804 2.531680751776268e-10
32650.04800076804 8.146469734481347e-10
32700.04800076804 3.987134370026825e-10
32750.04800076804 1.3350425666395461e-09
32800.04800076804 7.834036352436781e-10
32850.04800076804 1.9864091513423976e-09
32900.04800076804 1.6485875024551273e-09
32950.04800076804 2.1007593808881846e-09
33000.04800076804 1.0305222726376381e-09
33050.04800076804 1.1919168256792522e-09
33100.04800076804 3.7497684095775797e-10
33150.04800076804 1.3190621923252199e-12
33200.04800076804 1.4365665104474885e-11
33250.04800076804 1.6652951810939832e-11
33300.04800076804 5.900308741906824e-11
33350.04800076804 2.1554025642131685e-10
33400.04800076804 5.401473026319238e-10
33450.04800076804 3.9682333838170966e-10
33500.04800076804 1.2159128523368277e-09
33550.04800076804 5.856349202798213e-10
33600.04800076804 8.743270933058176e-10
33650.04800076804 7.129199130265924e-10
33700.04800076804 4.861477572108661e-10
33750.04800076804 1.1537717295524433e-09
33800.04800076804 2.659925598247887e-10
33850.04800076804 7.04807509812816e-10
33900.04800076804 7.851995628888987e-10
33950.04800076804 6.951263401324582e-10
34000.04800076804 1.2451770365976375e-09
34050.04800076804 2.6292405228648464e-10
34100.04800076804 1.0381379922684688e-09
34150.04800076804 5.222825096574001e-10
34200.04800076804 9.645369921832345e-10
34250.04800076804 6.913428191878678e-10
34300.04800076804 6.742190192122677e-10
34350.04800076804 1.3574776394408263e-09
34400.04800076804 5.75994912804889e-10
34450.04800076804 1.3522624603539661e-09
34500.04800076804 6.221791050453147e-10
34550.04800076804 5.230513747180838e-10
34600.04800076804 1.8514779038878914e-09
34650.04800076804 4.43499903225105e-10
34700.04800076804 8.943066648850052e-10
34750.04800076804 7.724396928454116e-10
34800.04800076804 7.267180466860537e-10
34850.04800076804 1.5571592341842519e-09
34900.04800076804 9.043442053111982e-10
34950.04800076804 1.0733843672269395e-09
35000.04800076804 2.519138205626041e-09
35050.04800076804 1.342412022720143e-09
35100.04800076804 2.6291877357029352e-09
35150.04800076804 2.1530595993348722e-09
35200.04800076804 2.594707710855876e-09
35250.04800076804 3.028918371621754e-09
35300.04800076804 1.7981243804388388e-09
35350.04800076804 2.880597064957796e-09
35400.04800076804 2.2360315112310616e-09
35450.04800076804 1.7758455874075974e-09
35500.04800076804 6.00135726172572e-09
35550.04800076804 3.1395404606747044e-09
35600.04800076804 4.014997937304371e-09
35650.04800076804 4.211766214556429e-09
35700.04800076804 2.966020098799634e-09
35750.04800076804 6.678691465783558e-09
35800.04800076804 3.898143043785702e-09
35850.04800076804 2.1783014930111037e-09
35900.04800076804 3.960431467131902e-09
35950.04800076804 3.808376604197172e-09
36000.04800076804 1.8080615412389684e-09
36050.04800076804 3.38439806264279e-09
36100.04800076804 2.9895986566334e-09
36150.04800076804 5.636131792182953e-09
36200.04800076804 4.729560326674794e-09
36250.04800076804 5.075175818620783e-09
36300.04800076804 7.00602779815311e-09
36350.04800076804 4.945293246360667e-09
36400.04800076804 9.11129842114867e-09
36450.04800076804 7.006421477573486e-09
36500.04800076804 8.045104876750933e-09
36550.04800076804 1.1518250419345946e-08
36600.04800076804 1.2279379946023961e-08
36650.04800076804 1.1458882114631247e-08
36700.04800076804 1.303800482980091e-08
36750.04800076804 1.4148779389922466e-08
36800.04800076804 1.2670465415595594e-08
36850.04800076804 7.952573876449015e-09
36900.04800076804 1.2104336194450912e-08
36950.04800076804 1.2988501254202774e-08
37000.04800076804 1.0656819724475615e-08
37050.04800076804 1.5718595674027222e-08
37100.04800076804 1.3627425758642938e-08
37150.04800076804 1.3656271261305917e-08
37200.04800076804 1.3076860819059585e-08
37250.04800076804 1.1263987298053184e-08
37300.04800076804 1.0763163309172734e-08
37350.04800076804 1.6044488576461806e-08
37400.04800076804 1.893764392432726e-08
37450.04800076804 1.096821665566377e-08
37500.04800076804 1.4059423907401554e-08
37550.04800076804 2.3009431856836476e-08
37600.04800076804 2.9635894846774914e-08
37650.04800076804 1.6267327793089592e-08
37700.04800076804 2.2349073696234683e-08
37750.04800076804 1.3723393479119534e-08
37800.04800076804 1.5864547212158623e-08
37850.04800076804 1.0616109922842804e-08
37900.04800076804 1.4671410988126935e-08
37950.04800076804 2.1131129821519124e-08
38000.04800076804 2.4866055288355363e-08
38050.04800076804 2.838167924146661e-08
38100.04800076804 2.9418809129452104e-08
38150.04800076804 3.0885938118128316e-08
38200.04800076804 3.134559298956058e-08
38250.04800076804 3.067307968792671e-08
38300.04800076804 5.190766388815304e-08
38350.04800076804 4.4337918860386564e-08
38400.04800076804 2.25314996687493e-08
38450.04800076804 1.815215619098849e-08
38500.04800076804 9.03172850741958e-09
38550.04800076804 1.9432420155248625e-08
38600.04800076804 2.4204224045413686e-08
38650.04800076804 3.3865184921895795e-08
38700.04800076804 2.842069035160738e-08
38750.04800076804 3.317639331071192e-08
38800.04800076804 2.3368397872717453e-08
38850.04800076804 3.9513875824352954e-08
38900.04800076804 4.035089073201557e-08
38950.04800076804 2.7612864170726042e-08
39000.04800076804 4.741676436976873e-08
39050.04800076804 3.195426942631448e-08
39100.04800076804 4.459783923836382e-08
39150.04800076804 3.927276801606716e-08
39200.04800076804 2.9786250376854044e-08
39250.04800076804 4.5870655150511865e-08
39300.04800076804 4.067122248174573e-08
39350.04800076804 6.926698440260933e-08
39400.04800076804 4.692743459284275e-08
39450.04800076804 5.054271765663347e-08
39500.04800076804 5.217301971043049e-08
39550.04800076804 4.203272614528236e-08
39600.04800076804 5.752255327176901e-08
39650.04800076804 7.567771952191178e-08
39700.04800076804 4.8924085382873714e-08
39750.04800076804 3.205720021219986e-08
39800.04800076804 4.413874456426663e-08
39850.04800076804 6.674738499725064e-08
39900.04800076804 7.28475030434731e-08
39950.04800076804 5.3986907579499456e-08
40000.04800076804 7.936105675735972e-08
40050.04800076804 6.967038250138192e-08
40100.04800076804 3.5845735880714134e-08
40150.04800076804 7.781404779602389e-08
40200.04800076804 7.901957394070009e-08
40250.04800076804 7.940420062477321e-08
40300.04800076804 8.820681559544044e-08
40350.04800076804 5.1712780546208465e-08
40400.04800076804 8.235614908007352e-08
40450.04800076804 5.575749532022559e-08
40500.04800076804 9.732478634437178e-08
40550.04800076804 8.859110479200386e-08
40600.04800076804 7.811101917808436e-08
40650.04800076804 7.38402405854384e-08
40700.04800076804 1.2875373181356688e-07
40750.04800076804 9.68151209556214e-08
40800.04800076804 6.195409058340343e-08
40850.04800076804 1.291638140826665e-07
40900.04800076804 1.0258854349190176e-07
40950.04800076804 7.666336889922151e-08
41000.04800076804 9.78332623486715e-08
41050.04800076804 1.325682280399634e-07
41100.04800076804 8.078573350539375e-08
41150.04800076804 5.423060321239657e-08
41200.04800076804 1.3700847872661048e-07
41250.04800076804 1.039651193628824e-07
41300.04800076804 9.804955778742332e-08
41350.04800076804 1.4367523846175333e-07
41400.04800076804 1.1271951187917821e-07
41450.04800076804 1.3267915682212648e-07
41500.04800076804 9.054778688035349e-08
41550.04800076804 8.350863651277098e-08
41600.04800076804 1.1752363142781829e-07
41650.04800076804 1.2607462658582886e-07
41700.04800076804 1.1943459199568806e-07
41750.04800076804 1.0498879223875324e-07
41800.04800076804 1.4846852137127504e-07
41850.04800076804 9.32834357742823e-08
41900.04800076804 9.200111174855994e-08
41950.04800076804 1.1231287979902516e-07
42000.04800076804 1.3079632890604724e-07
42050.04800076804 1.149558209532859e-07
42100.04800076804 1.4522805049803044e-07
42150.04800076804 1.0996211422830856e-07
42200.04800076804 1.2203994597833723e-07
42250.04800076804 9.644808976460103e-08
42300.04800076804 1.0091795561205562e-07
42350.04800076804 1.2829716185965837e-07
42400.04800076804 1.3483063271119132e-07
42450.04800076804 1.3205064305851907e-07
42500.04800076804 1.1620488444822034e-07
42550.04800076804 1.130978565244239e-07
42600.04800076804 1.1021227813564829e-07
42650.04800076804 1.7932401469592216e-07
42700.04800076804 8.624725506979807e-08
42750.04800076804 1.0755918917874452e-07
42800.04800076804 1.1423295470434571e-07
42850.04800076804 1.3322762953441414e-07
42900.04800076804 1.5245492524539192e-07
42950.04800076804 1.132256959175783e-07
43000.04800076804 1.5077884064446534e-07
43050.04800076804 6.683362421113584e-08
43100.04800076804 9.829345352227903e-08
43150.04800076804 1.1329704810931568e-07
43200.04800076804 1.4060553186235498e-07
43250.04800076804 1.8311502118183657e-07
43300.04800076804 1.8036474022024656e-07
43350.04800076804 9.858872354515869e-08
43400.04800076804 1.3250730736162106e-07
43450.04800076804 8.325814798182856e-08
43500.04800076804 9.641326643769074e-08
43550.04800076804 1.0899968185802516e-07
