galfind/configs/Brown_Dwarf_templates/sonora_cholla/logkzz2/100g/600K_100g_logkzz2_resample.dat
# %ECSV 1.0
# ---
# datatype:
# - {name: wav, unit: Angstrom, datatype: float64}
# - {name: flux_nu, unit: erg / (cm2 Hz s), datatype: float64}
# schema: astropy-2.0
wav flux_nu
[from data line 813]
43650.04800076804 8.009634648813972e-08
43700.04800076804 1.799307720979806e-07
43750.04800076804 1.63098892741353e-07
43800.04800076804 1.190401057908925e-07
43850.04800076804 1.359928531274465e-07
43900.04800076804 1.0697263656954453e-07
43950.04800076804 7.756781824588644e-08
44000.04800076804 6.243988208884217e-08
44050.04800076804 1.5244732757138665e-07
44100.04800076804 1.8353944429328964e-07
44150.04800076804 1.7806240782422107e-07
44200.04800076804 1.429610643817321e-07
44250.04800076804 9.375450715186597e-08
44300.04800076804 8.011233378693067e-08
44350.04800076804 8.369007293662127e-08
44400.04800076804 8.379144118001415e-08
44450.04800076804 1.253004416354275e-07
44500.04800076804 1.0687711765355328e-07
44550.04800076804 1.55464994201178e-07
44600.04800076804 1.1530990079364258e-07
44650.04800076804 1.272188244187136e-07
44700.04800076804 9.117561289397233e-08
44750.04800076804 1.2081731452098645e-07
44800.04800076804 8.443825286965874e-08
44850.04800076804 1.2287917429238764e-07
44900.04800076804 8.550915246474467e-08
44950.04800076804 8.816912164127831e-08
45000.04800076804 1.1259449787846439e-07
45050.04800076804 1.0955292167101742e-07
45100.04800076804 1.025258019226664e-07
45150.04800076804 9.006601529701915e-08
45200.04800076804 5.4614778641275785e-08
45250.04800076804 6.350698669811187e-08
45300.04800076804 7.49364785517482e-08
45350.04800076804 7.702788662208607e-08
45400.04800076804 8.768484019118449e-08
45450.04800076804 7.998211376632534e-08
45500.04800076804 8.83483512425409e-08
45550.04800076804 9.53029301546693e-08
45600.04800076804 8.535834649594159e-08
45650.04800076804 7.761095646474033e-08
45700.04800076804 6.63965071718676e-08
45750.04800076804 5.736448691308911e-08
45800.04800076804 7.708923618600091e-08
45850.04800076804 9.986885524527729e-08
45900.04800076804 1.1267033957706817e-07
45950.04800076804 6.957794148658377e-08
46000.04800076804 9.921216748790417e-08
46050.04800076804 8.914067253635395e-08
46100.04800076804 8.130896473779704e-08
46150.04800076804 7.694678084519161e-08
46200.04800076804 6.613382937289522e-08
46250.04800076804 3.499972044658877e-08
46300.04800076804 9.781719397757701e-08
46350.04800076804 6.51056438180089e-08
46400.04800076804 8.987459376670723e-08
46450.04800076804 9.84175008928249e-08
46500.04800076804 7.961848868728153e-08
46550.04800076804 5.535756239856966e-08
46600.04800076804 7.448351136009315e-08
46650.04800076804 1.6108805920074934e-07
46700.04800076804 9.079984483763616e-08
46750.04800076804 5.8124394099393094e-08
46800.04800076804 3.377396631802763e-08
46850.04800076804 1.2137349569927e-07
46900.04800076804 1.0709470363894814e-07
46950.04800076804 1.1983214526524062e-07
47000.04800076804 8.01154034138796e-08
47050.04800076804 1.0469738484343359e-07
47100.04800076804 4.448593530102003e-08
47150.04800076804 7.324288135569866e-08
47200.04800076804 1.0541046517508636e-07
47250.04800076804 5.683428665506502e-08
47300.04800076804 5.123098877507499e-08
47350.04800076804 8.41031719829521e-08
47400.04800076804 1.2406819356663337e-07
47450.04800076804 7.33581132254359e-08
47500.04800076804 1.4487089408512235e-07
47550.04800076804 8.540440045347239e-08
47600.04800076804 1.1522528517798583e-07
47650.04800076804 6.353719177791387e-08
47700.04800076804 1.0364679842305526e-07
47750.04800076804 4.762620224842896e-08
47800.04800076804 5.9255408357552335e-08
47850.04800076804 3.278250916669654e-08
47900.04800076804 5.1954635009336385e-08
47950.04800076804 7.575126359444136e-08
48000.04800076804 1.4470693939098145e-07
48050.04800076804 8.875041498467127e-08
48100.04800076804 5.886482816687351e-08
48150.04800076804 7.092450793821441e-08
48200.04800076804 8.099991598645193e-08
48250.04800076804 6.944686172419174e-08
48300.04800076804 1.4819671731589627e-07
48350.04800076804 6.072561341553235e-08
48400.04800076804 3.081008939226829e-08
48450.04800076804 5.470853785416001e-08
48500.04800076804 9.935548443785055e-08
48550.04800076804 6.121046655714603e-08
48600.04800076804 1.0074214457856298e-07
48650.04800076804 9.531198326982578e-08
48700.04800076804 1.0001128093622573e-07
48750.04800076804 6.728812490451692e-08
48800.04800076804 1.118933756005941e-07
48850.04800076804 7.242325296618432e-08
48900.04800076804 9.534884830635588e-08
48950.04800076804 6.094118083878181e-08
49000.04800076804 3.910480958458488e-08
49050.04800076804 9.353239110645723e-08
49100.04800076804 8.405753944953997e-08
49150.04800076804 9.820864595315933e-08
49200.04800076804 1.1145824290076004e-07
49250.04800076804 1.2665751212090334e-07
49300.04800076804 9.857051968981792e-08
49350.04800076804 4.5675490739892327e-08
49400.04800076804 6.002424560350905e-08
49450.04800076804 7.4497730259982e-08
49500.04800076804 6.282515952657437e-08
49550.04800076804 1.6345741756135823e-08
49600.04800076804 4.3844069000526e-08
49650.04800076804 7.019304629636981e-08
49700.04800076804 7.046336952794655e-08
49750.04800076804 8.89365045091167e-08
49800.04800076804 5.7933868329284884e-08
49850.04800076804 1.2090564503466492e-07
49900.04800076804 9.797859580695546e-08
49950.04800076804 9.329535200305808e-08
50000.04800076804 8.53680991549734e-08
50050.04800076804 9.991177577756899e-08
50100.04800076804 8.311806213323134e-08
50150.04800076804 3.8231573042524966e-08
50200.04800076804 1.042078821545172e-08
50250.04800076804 5.111896639309427e-08
50300.04800076804 3.578523599148681e-08
50350.04800076804 8.929464379619649e-08
50400.04800076804 9.673451814724228e-08
50450.04800076804 7.31800085342678e-08
50500.04800076804 1.0140119564512839e-07
50550.04800076804 1.032909885835029e-07
50600.04800076804 7.799874531927002e-08
50650.04800076804 1.0339345852006689e-07
50700.04800076804 1.1894476346001098e-07
50750.04800076804 8.304791263586024e-08
50800.04800076804 3.1589707619225596e-08
50850.04800076804 1.8536730705412654e-08
50900.04800076804 8.5602023691934e-08
50950.04800076804 8.368150310105679e-08
51000.04800076804 5.858387233464361e-08
51050.04800076804 7.996583812408536e-08
51100.04800076804 2.546277136832933e-08
51150.04800076804 4.118887277068751e-08
51200.04800076804 1.183078662234921e-07
51250.04800076804 7.446181842294058e-08
51300.04800076804 5.702219874781563e-08
51350.04800076804 6.164372759428216e-08
51400.04800076804 2.2803006324362847e-08
51450.04800076804 1.9175652348185675e-08
51500.04800076804 1.704736555866577e-08
51550.04800076804 5.311033429379693e-08
51600.04800076804 4.414445239685793e-08
51650.04800076804 6.504401412982488e-08
51700.04800076804 6.227164303009499e-08
51750.04800076804 3.857168707828601e-08
51800.04800076804 8.559039930541138e-08
51850.04800076804 7.039042538789001e-08
51900.04800076804 8.588263999756083e-08
51950.04800076804 4.9717060475597175e-08
52000.04800076804 7.069470625288561e-09
52050.04800076804 2.812890689739884e-08
52100.04800076804 1.9204944690947037e-08
52150.04800076804 1.095657472753232e-08
52200.04800076804 2.226295219044997e-08
52250.04800076804 4.3664133822143254e-08
52300.04800076804 6.668724337385501e-08
52350.04800076804 2.2781366089758756e-08
52400.04800076804 2.27606273554901e-08
52450.04800076804 6.825145471127395e-08
52500.04800076804 6.004400187221237e-08
52550.04800076804 5.946344402186443e-08
52600.04800076804 4.455776384488398e-08
52650.04800076804 4.543125988867632e-08
52700.04800076804 3.864609406495066e-08
52750.04800076804 1.9339369180862052e-08
52800.04800076804 2.6034327464426678e-08
52850.04800076804 3.4963378781300684e-08
52900.04800076804 1.692182936373657e-08
52950.04800076804 2.2623190221819332e-08
53000.04800076804 5.696679230453204e-08
53050.04800076804 1.6478902487788275e-08
53100.04800076804 6.186374965885155e-08
53150.04800076804 7.372618268729538e-08
53200.04800076804 2.8875989060827388e-08
53250.04800076804 6.909387945051538e-08
53300.04800076804 7.079458467402764e-08
53350.04800076804 6.80094583254515e-08
53400.04800076804 4.8255027369878545e-08
53450.04800076804 1.2732418683825514e-08
53500.04800076804 3.8995332467791765e-09
53550.04800076804 8.851498308198519e-09
53600.04800076804 3.061782331698459e-08
53650.04800076804 3.203547560228658e-08
53700.04800076804 2.551725115587761e-08
53750.04800076804 2.43191892779278e-08
53800.04800076804 2.2526297447417233e-08
53850.04800076804 3.3605117687208666e-08
53900.04800076804 5.0966836070773834e-08
53950.04800076804 5.4518687506676894e-08
54000.04800076804 3.433988820644136e-08
54050.04800076804 3.849061551399086e-08
54100.04800076804 9.077874240543692e-09
54150.04800076804 1.4307274372620868e-08
54200.04800076804 2.7721919669251807e-09
54250.04800076804 6.8821111755601645e-09
54300.04800076804 1.989244167554517e-08
54350.04800076804 2.848163227880379e-08
54400.04800076804 2.44150580380811e-08
54450.04800076804 2.1586959159905987e-08
54500.04800076804 1.7852892358413197e-08
54550.04800076804 1.8339832507508893e-08
54600.04800076804 1.7864790115607438e-08
54650.04800076804 3.015403965814537e-09
54700.04800076804 1.9616435057603288e-08
54750.04800076804 1.951992774592612e-08
54800.04800076804 1.0631991282024306e-08
54850.04800076804 1.731776845422563e-08
54900.04800076804 2.9461634372215915e-08
54950.04800076804 4.580992905391939e-08
55000.04800076804 1.2085763668543483e-08
55050.04800076804 2.3160683434596875e-08
55100.04800076804 2.823301448737587e-08
55150.04800076804 1.2765982539517747e-08
55200.04800076804 1.1112821909287411e-08
55250.04800076804 1.799771441865163e-08
55300.04800076804 1.1098922604961165e-08
55350.04800076804 2.5191863290542043e-08
55400.04800076804 2.9059217590405134e-08
55450.04800076804 1.5987417521687222e-08
55500.04800076804 6.14015046134777e-09
55550.04800076804 6.1454549481983246e-09
55600.04800076804 1.122873061829427e-08
55650.04800076804 1.0447969521581727e-08
55700.04800076804 1.1090826022972525e-08
55750.04800076804 9.517422674929993e-09
55800.04800076804 3.872468687444881e-09
55850.04800076804 6.6070160470144704e-09
55900.04800076804 1.8157722817092493e-08
55950.04800076804 2.706786503936687e-08
56000.04800076804 9.028092652225358e-09
56050.04800076804 1.206475204487498e-08
56100.04800076804 1.906025236192639e-08
56150.04800076804 7.566707660687714e-09
56200.04800076804 1.2184798583831218e-08
56250.04800076804 2.1516283818243124e-08
56300.04800076804 1.3951673236486703e-08
56350.04800076804 8.956008166375103e-09
56400.04800076804 2.898351966532491e-09
56450.04800076804 2.8476128768202043e-09
56500.04800076804 9.129142088641643e-09
56550.04800076804 4.117426695353692e-09
56600.04800076804 1.684148287053437e-08
56650.04800076804 2.0118114776964643e-08
56700.04800076804 1.4237756217608261e-08
56750.04800076804 4.07603184387156e-09
56800.04800076804 1.0759447867132735e-08
56850.04800076804 1.3528231811328056e-08
56900.04800076804 6.732504378612979e-09
56950.04800076804 1.606220763735172e-08
57000.04800076804 2.1414668939403373e-08
57050.04800076804 8.60054665012314e-09
57100.04800076804 2.6219886669620965e-09
57150.04800076804 4.837660778362372e-09
57200.04800076804 3.953719427117842e-09
57250.04800076804 5.829225824323899e-09
57300.04800076804 1.0626406699007907e-08
57350.04800076804 4.535599472272561e-09
57400.04800076804 1.3096208438882317e-08
57450.04800076804 6.288086793038287e-09
57500.04800076804 6.34128647774989e-09
57550.04800076804 1.0012819118351495e-08
57600.04800076804 8.722378771034824e-09
57650.04800076804 1.6416895431734161e-09
57700.04800076804 3.317132868763214e-09
57750.04800076804 7.238902338844469e-09
57800.04800076804 2.7310885867579864e-09
57850.04800076804 2.403873090266027e-08
57900.04800076804 2.7807118320288e-08
57950.04800076804 2.988242325978728e-08
58000.04800076804 7.176020034990837e-09
58050.04800076804 1.5307269943207436e-08
58100.04800076804 1.3638626867702912e-08
58150.04800076804 8.28202152452196e-09
58200.04800076804 1.6011647918365743e-09
58250.04800076804 3.2724983144566814e-09
58300.04800076804 3.5531482480311932e-09
58350.04800076804 4.97473274222179e-09
58400.04800076804 1.2801916632891693e-08
58450.04800076804 1.4758349812407825e-08
58500.04800076804 1.4532936427112416e-08
58550.04800076804 1.1591504993544069e-08
58600.04800076804 4.083080154719265e-09
58650.04800076804 5.704743790200392e-09
58700.04800076804 8.65345126155644e-09
58750.04800076804 6.364125636543966e-09
58800.04800076804 7.762622687892634e-10
58850.04800076804 4.4039131548161455e-09
58900.04800076804 6.418331638883248e-09
58950.04800076804 2.4484213630372165e-09
59000.04800076804 7.133604067934626e-09
59050.04800076804 1.196501445292328e-08
59100.04800076804 1.0560898484048519e-08
59150.04800076804 8.0374220939732e-09
59200.04800076804 1.0644560373485282e-08
59250.04800076804 1.1190524266416237e-08
59300.04800076804 7.904628007003051e-09
59350.04800076804 1.2196005379302687e-09
59400.04800076804 1.5595790648871078e-09
59450.04800076804 8.833907253395796e-09
59500.04800076804 4.786885983423513e-09
59550.04800076804 1.0420410803256845e-08
59600.04800076804 1.4129088662093817e-08
59650.04800076804 6.134812348894114e-09
59700.04800076804 4.0054285595664665e-09
59750.04800076804 1.4689481262647657e-08
59800.04800076804 6.171636666820021e-09
59850.04800076804 8.760830690541205e-09
59900.04800076804 2.6138345108639747e-09
59950.04800076804 7.120786780222256e-09
60000.04800076804 1.859560400925399e-08
60050.04800076804 1.8989755719797655e-08
60100.04800076804 1.3315795625611311e-08
60150.04800076804 4.9051688915485195e-09
60200.04800076804 1.2633568255607795e-08
60250.04800076804 2.1124210659165138e-08
60300.04800076804 1.8243921040228373e-08
60350.04800076804 1.1062976016651432e-08
60400.04800076804 9.813058052698956e-09
60450.04800076804 2.024659801738102e-09
60500.04800076804 6.033210367724366e-10
60550.04800076804 7.725876130565648e-09
60600.04800076804 1.2137650705058532e-08
60650.04800076804 6.723603812725301e-09
60700.04800076804 4.2792294336420155e-09
60750.04800076804 2.0061453411733463e-09
60800.04800076804 1.0849229265773166e-08
60850.04800076804 2.398416503378076e-08
60900.04800076804 2.1724962365125995e-08
60950.04800076804 1.528519744931681e-08
61000.04800076804 1.5270805544307867e-08
61050.04800076804 4.942698340529962e-09
61100.04800076804 5.549738796523596e-09
61150.04800076804 1.5881161045945274e-09
61200.04800076804 1.0707231011136e-08
61250.04800076804 1.6030194260428433e-08
61300.04800076804 1.443292292011901e-08
61350.04800076804 2.4987923260851264e-08
61400.04800076804 7.639969591486116e-09
61450.04800076804 2.1731518570304813e-09
61500.04800076804 3.078045680199913e-09
61550.04800076804 8.943865938328946e-09
61600.04800076804 3.1014146732524505e-09
61650.04800076804 7.60602308880296e-09
61700.04800076804 8.858456282571647e-09
61750.04800076804 1.0116573742623822e-08
61800.04800076804 8.012184586610567e-09
61850.04800076804 2.3212849447017924e-09
61900.04800076804 1.4896188736238866e-08
61950.04800076804 1.6572191729071025e-08
62000.04800076804 2.1038821990510263e-08
62050.04800076804 2.4105111548909337e-08
62100.04800076804 1.185809368772517e-08
62150.04800076804 2.163957996748557e-08
62200.04800076804 1.9376532624819553e-08
62250.04800076804 1.3801845563143827e-08
62300.04800076804 3.605317681900654e-08
62350.04800076804 2.792295326943353e-08
62400.04800076804 1.0309586411793938e-08
62450.04800076804 1.6343748300278662e-08
62500.04800076804 3.3512600773089004e-08
62550.04800076804 3.354192619130338e-08
62600.04800076804 2.965051808417197e-08
62650.04800076804 2.2288205868950408e-08
62700.04800076804 1.692157112992185e-08
62750.04800076804 2.7899740807060382e-08
62800.04800076804 1.6248426300655024e-08
62850.04800076804 2.72214203772058e-08
62900.04800076804 1.8480743446426732e-08
62950.04800076804 3.826711698113079e-08
63000.04800076804 2.2725000245855614e-08
63050.04800076804 5.1438193678909704e-08
63100.04800076804 4.3656397764622215e-08
63150.04800076804 3.173418332114285e-08
63200.04800076804 3.0175319442088064e-08
63250.04800076804 2.6295667407771123e-08
63300.04800076804 2.0718795915333094e-08
63350.04800076804 1.8479317927701177e-08
63400.04800076804 6.289101934195571e-09
63450.04800076804 2.9635785761097478e-09
