galfind/configs/Brown_Dwarf_templates/sonora_cholla/logkzz2/100g/650K_100g_logkzz2_resample.dat
# %ECSV 1.0
# ---
# datatype:
# - {name: wav, unit: Angstrom, datatype: float64}
# - {name: flux_nu, unit: erg / (cm2 Hz s), datatype: float64}
# schema: astropy-2.0
wav flux_nu
[from data line 418]
23900.04800076804 4.308528138380286e-10
23950.04800076804 3.509693794340091e-10
24000.04800076804 5.635528593210378e-10
24050.04800076804 7.625833730069507e-10
24100.04800076804 6.284012528374521e-10
24150.04800076804 8.43571283530483e-10
24200.04800076804 7.244614195972035e-10
24250.04800076804 4.2449271051056573e-10
24300.04800076804 9.125942835714506e-10
24350.04800076804 6.216250597548862e-10
24400.04800076804 1.2732492572624606e-09
24450.04800076804 1.2602740988884515e-09
24500.04800076804 1.3269330953234439e-09
24550.04800076804 1.864753106781641e-09
24600.04800076804 2.298048954211484e-09
24650.04800076804 2.5365766670031414e-09
24700.04800076804 1.952349027485598e-09
24750.04800076804 2.125140859836672e-09
24800.04800076804 2.0996620101917668e-09
24850.04800076804 3.22504317804692e-09
24900.04800076804 1.462206015578595e-09
24950.04800076804 2.6920169446629763e-09
25000.04800076804 2.96254511290784e-09
25050.04800076804 1.7985386860925353e-09
25100.04800076804 2.5003979237061195e-09
25150.04800076804 1.215574681398526e-09
25200.04800076804 1.9180756408272138e-09
25250.04800076804 8.20199272050249e-10
25300.04800076804 1.347504397132715e-09
25350.04800076804 5.49342639244271e-10
25400.04800076804 1.4467934371682e-09
25450.04800076804 6.0733297610667e-10
25500.04800076804 4.949657416793119e-10
25550.04800076804 9.339180029847708e-10
25600.04800076804 2.6442773838277867e-10
25650.04800076804 2.795877902979794e-10
25700.04800076804 4.2937796053389145e-10
25750.04800076804 1.6544958635865082e-10
25800.04800076804 6.688874399469294e-10
25850.04800076804 1.4279151671198615e-10
25900.04800076804 2.329974042019754e-10
25950.04800076804 7.922512775478633e-11
26000.04800076804 5.902687565206761e-10
26050.04800076804 1.1775948595090987e-10
26100.04800076804 4.984791535273881e-10
26150.04800076804 2.677095035173415e-10
26200.04800076804 2.982736678465898e-10
26250.04800076804 1.3729647889051072e-09
26300.04800076804 4.2985147396159057e-10
26350.04800076804 1.6700474322182477e-09
26400.04800076804 2.4554144028087464e-09
26450.04800076804 1.9684325916403787e-09
26500.04800076804 2.7436458776443083e-09
26550.04800076804 7.50378626552922e-10
26600.04800076804 7.636044153128497e-10
26650.04800076804 1.894313104311037e-10
26700.04800076804 7.70946800534779e-11
26750.04800076804 1.3410162719886854e-10
26800.04800076804 2.7051661088941505e-10
26850.04800076804 1.713668657264484e-10
26900.04800076804 7.075736908951865e-10
26950.04800076804 2.4286896766705064e-10
27000.04800076804 1.0713984519110632e-09
27050.04800076804 1.0603627612012393e-09
27100.04800076804 3.1216128891638605e-10
27150.04800076804 1.4955575413047568e-09
27200.04800076804 2.665873399654457e-10
27250.04800076804 6.810660365997974e-10
27300.04800076804 3.983306285651512e-09
27350.04800076804 1.5949031018811476e-09
27400.04800076804 1.1840164378556802e-10
27450.04800076804 2.1764311308779265e-09
27500.04800076804 2.8210880802889474e-09
27550.04800076804 5.072052841844197e-10
27600.04800076804 1.339862742641204e-09
27650.04800076804 3.941622640809237e-10
27700.04800076804 3.038593553703417e-10
27750.04800076804 1.639703229378084e-09
27800.04800076804 5.70419032126646e-10
27850.04800076804 7.840246091255743e-10
27900.04800076804 1.0576573692131117e-09
27950.04800076804 2.2613402216931367e-09
28000.04800076804 1.8084145349034089e-09
28050.04800076804 3.939626969517059e-10
28100.04800076804 2.881689129797334e-09
28150.04800076804 1.7043830393521236e-09
28200.04800076804 4.4337189628852897e-10
28250.04800076804 3.1767883832814623e-09
28300.04800076804 4.738626087783791e-09
28350.04800076804 7.187549255849477e-10
28400.04800076804 2.5487454320856627e-09
28450.04800076804 4.744631605724575e-09
28500.04800076804 2.436039975235501e-09
28550.04800076804 6.036283739193849e-10
28600.04800076804 3.777182149836586e-09
28650.04800076804 3.824344355557809e-09
28700.04800076804 3.195744797291148e-09
28750.04800076804 6.2675230562444506e-09
28800.04800076804 4.993453691530083e-09
28850.04800076804 6.237885704600676e-09
28900.04800076804 2.671708651188607e-09
28950.04800076804 8.647385463032e-09
29000.04800076804 4.960446720710891e-09
29050.04800076804 5.926740270717243e-09
29100.04800076804 4.156527966697735e-09
29150.04800076804 9.340230238612912e-09
29200.04800076804 5.948932238616607e-09
29250.04800076804 8.472292401730633e-09
29300.04800076804 4.862138477832331e-09
29350.04800076804 2.1879714339900223e-08
29400.04800076804 5.688228227655478e-09
29450.04800076804 7.3489684829036425e-09
29500.04800076804 1.1371785559086539e-08
29550.04800076804 7.021895541352119e-09
29600.04800076804 1.1952088182168456e-08
29650.04800076804 1.3627317545735437e-08
29700.04800076804 6.242402147829059e-09
29750.04800076804 1.0734975987540257e-08
29800.04800076804 1.1904058808704267e-08
29850.04800076804 1.6809286709353416e-08
29900.04800076804 1.694885767777501e-08
29950.04800076804 1.2061956100030941e-08
30000.04800076804 4.955600815820047e-09
30050.04800076804 6.884609212792741e-09
30100.04800076804 1.1604735575976998e-08
30150.04800076804 1.5592745656602687e-08
30200.04800076804 1.0093029057064553e-08
30250.04800076804 2.11707568516104e-08
30300.04800076804 1.874240007322414e-08
30350.04800076804 1.2113624744072227e-08
30400.04800076804 1.8832916550885907e-08
30450.04800076804 1.3712726558265857e-08
30500.04800076804 1.2065061632143212e-08
30550.04800076804 9.727138143137376e-09
30600.04800076804 1.8396610129134558e-08
30650.04800076804 1.3877120324538284e-08
30700.04800076804 1.0770019962208093e-08
30750.04800076804 1.2443335480742675e-08
30800.04800076804 9.432350510005099e-09
30850.04800076804 1.1411492163250994e-08
30900.04800076804 9.887349854976781e-09
30950.04800076804 5.733889936512153e-09
31000.04800076804 8.24021553386655e-09
31050.04800076804 7.326948061384557e-09
31100.04800076804 4.619693305593126e-09
31150.04800076804 6.22549181103754e-09
31200.04800076804 7.77235418079321e-09
31250.04800076804 4.699132639653847e-09
31300.04800076804 3.790925137481252e-09
31350.04800076804 4.894764559012804e-09
31400.04800076804 2.618098301056461e-09
31450.04800076804 4.559937601765554e-09
31500.04800076804 2.144938483235205e-09
31550.04800076804 2.8399736877899055e-09
31600.04800076804 1.7328989434486302e-09
31650.04800076804 1.7487902831900859e-09
31700.04800076804 2.1993682545752517e-09
31750.04800076804 8.412482195797989e-10
31800.04800076804 2.105690753288551e-09
31850.04800076804 7.914606359239512e-10
31900.04800076804 1.4031675931324437e-09
31950.04800076804 8.870481207726771e-10
32000.04800076804 9.619707294024372e-10
32050.04800076804 7.167945799970431e-10
32100.04800076804 6.112519647011019e-10
32150.04800076804 8.700857525277164e-10
32200.04800076804 4.840698473697251e-10
32250.04800076804 1.3691474835731075e-09
32300.04800076804 3.8509389311036363e-10
32350.04800076804 1.3646467383032474e-09
32400.04800076804 4.331873941810518e-10
32450.04800076804 8.896322215576997e-10
32500.04800076804 5.622271096268361e-10
32550.04800076804 9.743628488696778e-10
32600.04800076804 6.469323498537308e-10
32650.04800076804 1.6501626403420468e-09
32700.04800076804 9.544312774512323e-10
32750.04800076804 2.4574618516301088e-09
32800.04800076804 1.5338892690960196e-09
32850.04800076804 3.4491443522224462e-09
32900.04800076804 2.984741514297577e-09
32950.04800076804 3.777991339069933e-09
33000.04800076804 2.08714862593882e-09
33050.04800076804 2.3764829498029107e-09
33100.04800076804 7.989219603972775e-10
33150.04800076804 6.443846171511772e-12
33200.04800076804 3.994399444056542e-11
33250.04800076804 3.7602333293132156e-11
33300.04800076804 1.031718703658362e-10
33350.04800076804 3.7121925341300155e-10
33400.04800076804 8.636143581961677e-10
33450.04800076804 7.67168667462509e-10
33500.04800076804 1.9898202085608736e-09
33550.04800076804 1.1343857666305623e-09
33600.04800076804 1.7184571648821435e-09
33650.04800076804 1.375465598248301e-09
33700.04800076804 1.016964875114934e-09
33750.04800076804 2.1836229954946835e-09
33800.04800076804 6.163078485270871e-10
33850.04800076804 1.408278878913958e-09
33900.04800076804 1.5209184321578073e-09
33950.04800076804 1.4012466134070572e-09
34000.04800076804 2.342975976801811e-09
34050.04800076804 5.747870198597496e-10
34100.04800076804 1.9832785676349895e-09
34150.04800076804 1.065022478454326e-09
34200.04800076804 1.8171850769767967e-09
34250.04800076804 1.32183900685061e-09
34300.04800076804 1.2699550723809614e-09
34350.04800076804 2.332013510861021e-09
34400.04800076804 1.1665577411447816e-09
34450.04800076804 2.4556754971165424e-09
34500.04800076804 1.1786987221471294e-09
34550.04800076804 9.594029742664022e-10
34600.04800076804 3.076853952785182e-09
34650.04800076804 8.99082368991515e-10
34700.04800076804 1.5694817552627693e-09
34750.04800076804 1.3676541454611371e-09
34800.04800076804 1.2511039036850205e-09
34850.04800076804 2.5161104310143107e-09
34900.04800076804 1.782058734685117e-09
34950.04800076804 1.828503007508048e-09
35000.04800076804 3.909749069954727e-09
35050.04800076804 2.240949791078962e-09
35100.04800076804 4.109771882671072e-09
35150.04800076804 3.4009032005143863e-09
35200.04800076804 4.355835957015032e-09
35250.04800076804 4.743442863787467e-09
35300.04800076804 3.0266497061881042e-09
35350.04800076804 4.830840200077268e-09
35400.04800076804 3.954913919913271e-09
35450.04800076804 3.2450548994524862e-09
35500.04800076804 9.377527405908734e-09
35550.04800076804 5.187549405917989e-09
35600.04800076804 6.4277361595807905e-09
35650.04800076804 6.606982586865782e-09
35700.04800076804 4.577069885389403e-09
35750.04800076804 1.0473329124904929e-08
35800.04800076804 6.431418870423196e-09
35850.04800076804 3.793141683758617e-09
35900.04800076804 6.7754189531218415e-09
35950.04800076804 6.4610646109814495e-09
36000.04800076804 3.0984580918876965e-09
36050.04800076804 5.829482771846255e-09
36100.04800076804 5.306808963406593e-09
36150.04800076804 8.435193791999534e-09
36200.04800076804 7.124933013879647e-09
36250.04800076804 8.280614133407038e-09
36300.04800076804 1.026539582703655e-08
36350.04800076804 7.959482669733862e-09
36400.04800076804 1.3855225820257653e-08
36450.04800076804 1.1382985990198592e-08
36500.04800076804 1.2746637548658873e-08
36550.04800076804 1.6586182649702983e-08
36600.04800076804 1.8429226260804967e-08
36650.04800076804 1.790602121303575e-08
36700.04800076804 2.0321290237035666e-08
36750.04800076804 2.150986041808387e-08
36800.04800076804 1.8964953033905498e-08
36850.04800076804 1.3122990070947779e-08
36900.04800076804 1.8847712641494168e-08
36950.04800076804 1.955433386350267e-08
37000.04800076804 1.7238798605739368e-08
37050.04800076804 2.3268832518270556e-08
37100.04800076804 2.2013650770143845e-08
37150.04800076804 2.1704621540093486e-08
37200.04800076804 1.9774170028791795e-08
37250.04800076804 1.7390159937884844e-08
37300.04800076804 1.726632384469229e-08
37350.04800076804 2.4702733647935997e-08
37400.04800076804 2.8372826033740313e-08
37450.04800076804 1.9081200750450407e-08
37500.04800076804 2.104032521425862e-08
37550.04800076804 3.413720922633835e-08
37600.04800076804 4.2571541943280654e-08
37650.04800076804 2.5228051858045754e-08
37700.04800076804 3.264850046576271e-08
37750.04800076804 2.1031652966530967e-08
37800.04800076804 2.4478723633553534e-08
37850.04800076804 1.752641236125699e-08
37900.04800076804 2.3120889902419065e-08
37950.04800076804 3.162304108602213e-08
38000.04800076804 3.824710275869805e-08
38050.04800076804 4.0147400030247167e-08
38100.04800076804 4.177204576570297e-08
38150.04800076804 4.469600239003316e-08
38200.04800076804 4.577373468813318e-08
38250.04800076804 4.46990636039128e-08
38300.04800076804 7.099926770068801e-08
38350.04800076804 6.3043109838054e-08
38400.04800076804 3.4040351156514366e-08
38450.04800076804 2.973196941016838e-08
38500.04800076804 1.5780081073674346e-08
38550.04800076804 2.9705307407459957e-08
38600.04800076804 3.625489328419397e-08
38650.04800076804 5.165131422867369e-08
38700.04800076804 4.341065911666172e-08
38750.04800076804 4.890681170046873e-08
38800.04800076804 3.5077759780378486e-08
38850.04800076804 5.843071434325408e-08
38900.04800076804 5.9258898277241516e-08
38950.04800076804 4.182971829405912e-08
39000.04800076804 6.878606471285491e-08
39050.04800076804 4.8485487973287225e-08
39100.04800076804 6.453679381832833e-08
39150.04800076804 5.622719499656928e-08
39200.04800076804 4.5028188559266756e-08
39250.04800076804 6.592395246151711e-08
39300.04800076804 6.073576288349362e-08
39350.04800076804 9.562681411192717e-08
39400.04800076804 6.885442873300492e-08
39450.04800076804 7.306783809140655e-08
39500.04800076804 7.324175875656085e-08
39550.04800076804 6.312271098758894e-08
39600.04800076804 8.113667049385663e-08
39650.04800076804 1.0500018146992314e-07
39700.04800076804 6.993370996229853e-08
39750.04800076804 4.785989514754085e-08
39800.04800076804 6.588625527254559e-08
39850.04800076804 9.225246422978007e-08
39900.04800076804 9.832092838814073e-08
39950.04800076804 8.056370126180422e-08
40000.04800076804 1.1030410150752368e-07
40050.04800076804 9.747745701133857e-08
40100.04800076804 5.506653713400477e-08
40150.04800076804 1.1028031492734835e-07
40200.04800076804 1.106950645409779e-07
40250.04800076804 1.0771100027924611e-07
40300.04800076804 1.2147049000117885e-07
40350.04800076804 7.598697923080764e-08
40400.04800076804 1.134981471171933e-07
40450.04800076804 8.400733715449063e-08
40500.04800076804 1.3256852849452585e-07
40550.04800076804 1.223434155725493e-07
40600.04800076804 1.1055794253115727e-07
40650.04800076804 1.0685252550098535e-07
40700.04800076804 1.7183982365502247e-07
40750.04800076804 1.3578851496288938e-07
40800.04800076804 9.191187808391376e-08
40850.04800076804 1.728817455358043e-07
40900.04800076804 1.379359150746948e-07
40950.04800076804 1.074715488332562e-07
41000.04800076804 1.3518439168909798e-07
41050.04800076804 1.7636503087165377e-07
41100.04800076804 1.0856628496225613e-07
41150.04800076804 8.08608701874067e-08
41200.04800076804 1.8164487264899727e-07
41250.04800076804 1.4334407658050111e-07
41300.04800076804 1.295791148709714e-07
41350.04800076804 1.8981755137877185e-07
41400.04800076804 1.5325220999058665e-07
41450.04800076804 1.753067866218846e-07
41500.04800076804 1.2411602960108404e-07
41550.04800076804 1.1681426381691819e-07
41600.04800076804 1.6253975181821418e-07
41650.04800076804 1.6522766035099075e-07
41700.04800076804 1.5422617214208846e-07
41750.04800076804 1.390037185300319e-07
41800.04800076804 1.973336860608499e-07
41850.04800076804 1.2101736734809543e-07
41900.04800076804 1.2633049101296667e-07
41950.04800076804 1.49697879818973e-07
42000.04800076804 1.76125891521441e-07
42050.04800076804 1.555503000805385e-07
42100.04800076804 1.941603814913524e-07
42150.04800076804 1.4564054063220003e-07
42200.04800076804 1.609654001273653e-07
42250.04800076804 1.3162936827112826e-07
42300.04800076804 1.4068275223059267e-07
42350.04800076804 1.6971516804302176e-07
42400.04800076804 1.7076868689960305e-07
42450.04800076804 1.6800004511972363e-07
42500.04800076804 1.4845698751506723e-07
42550.04800076804 1.4709271273703788e-07
42600.04800076804 1.439282627035774e-07
42650.04800076804 2.2824148034067708e-07
42700.04800076804 1.1821393821596405e-07
42750.04800076804 1.395448266877452e-07
42800.04800076804 1.4283102845075826e-07
42850.04800076804 1.6748691376148751e-07
42900.04800076804 1.9176998920677434e-07
42950.04800076804 1.4561129964999587e-07
43000.04800076804 1.9343650822478002e-07
43050.04800076804 9.005414436197027e-08
43100.04800076804 1.277840288547149e-07
43150.04800076804 1.506351912236518e-07
43200.04800076804 1.787839264100058e-07
43250.04800076804 2.2841282101120607e-07
43300.04800076804 2.295235130080928e-07
43350.04800076804 1.281275054521057e-07
43400.04800076804 1.7026218888414497e-07
43450.04800076804 1.0866786576270726e-07
43500.04800076804 1.2351569635348214e-07
43550.04800076804 1.4004245736469712e-07
43600.04800076804 1.8246568856195627e-07
