galfind/configs/Brown_Dwarf_templates/sonora_cholla/logkzz2/100g/650K_100g_logkzz2_resample.dat
# %ECSV 1.0
# ---
# datatype:
# - {name: wav, unit: Angstrom, datatype: float64}
# - {name: flux_nu, unit: erg / (cm2 Hz s), datatype: float64}
# schema: astropy-2.0
wav flux_nu
[from data line 1210]
63500.04800076804 2.506322191323301e-08
63550.04800076804 3.443059289049066e-08
63600.04800076804 3.439389331438747e-08
63650.04800076804 1.9041519553058356e-08
63700.04800076804 6.8569100545994824e-09
63750.04800076804 1.7516577852184666e-08
63800.04800076804 4.122464408050524e-08
63850.04800076804 2.9470515478386216e-08
63900.04800076804 9.617635645157075e-09
63950.04800076804 2.4104232034121538e-08
64000.04800076804 2.9679728626355173e-08
64050.04800076804 1.1515243248552283e-08
64100.04800076804 2.7289184558167196e-09
64150.04800076804 4.374645809694731e-09
64200.04800076804 5.223721446368903e-09
64250.04800076804 1.6097147513128502e-08
64300.04800076804 1.207769535911006e-08
64350.04800076804 8.216635431904578e-09
64400.04800076804 2.2974974669609178e-08
64450.04800076804 2.683203527602322e-08
64500.04800076804 9.763077424751419e-09
64550.04800076804 2.0772794882324933e-08
64600.04800076804 8.818250680699941e-09
64650.04800076804 1.7787248817727962e-08
64700.04800076804 5.776150942408667e-09
64750.04800076804 1.1079721698184657e-08
64800.04800076804 7.2632446489608755e-09
64850.04800076804 4.5117883853065506e-09
64900.04800076804 4.365222871845959e-09
64950.04800076804 4.230386292623956e-09
65000.04800076804 7.1345668329527985e-09
65050.04800076804 1.1886579561132609e-08
65100.04800076804 1.9355588090971976e-08
65150.04800076804 7.608524600881905e-09
65200.04800076804 3.890294540508001e-09
65250.04800076804 1.4099592667134832e-08
65300.04800076804 1.2838970122340731e-08
65350.04800076804 3.5294404856059177e-08
65400.04800076804 1.3014752345590744e-08
65450.04800076804 1.3587279838743121e-08
65500.04800076804 1.6967157728943653e-08
65550.04800076805 6.751809079577788e-09
65600.04800076805 1.570585908354247e-08
65650.04800076805 1.0017245821574009e-08
65700.04800076805 9.157113656800471e-09
65750.04800076805 6.059781526279002e-09
65800.04800076805 1.360171916876241e-08
65850.04800076805 1.902964523568805e-08
65900.04800076805 5.162550335839166e-09
65950.04800076805 8.999726850457199e-09
66000.04800076805 1.2343642996538127e-08
66050.04800076805 2.9143980322034955e-08
66100.04800076805 1.4618560894534628e-08
66150.04800076805 1.2066622558932619e-08
66200.04800076805 1.178630234333403e-08
66250.04800076805 7.718378891015981e-09
66300.04800076805 2.8753539266936006e-09
66350.04800076805 2.6725752585962913e-09
66400.04800076805 5.44357185562953e-09
66450.04800076805 1.693621289779411e-08
66500.04800076805 2.5079468146970228e-08
66550.04800076805 2.662634104407874e-08
66600.04800076805 2.008089031402787e-08
66650.04800076805 1.326408375874803e-08
66700.04800076805 1.0330137443565005e-08
66750.04800076805 1.0376889757852887e-08
66800.04800076805 1.3212125562574918e-08
66850.04800076805 7.948127502738842e-09
66900.04800076805 2.9287027745572077e-08
66950.04800076805 2.8256169487582892e-08
67000.04800076805 2.9220794942831538e-08
67050.04800076805 1.6509507082227634e-08
67100.04800076805 9.052317839597967e-09
67150.04800076805 1.0227750334099927e-08
67200.04800076805 1.743001881167446e-08
67250.04800076805 1.6634101534095534e-08
67300.04800076805 2.6009740994039766e-08
67350.04800076805 1.1637922428334218e-08
67400.04800076805 2.999857075502456e-08
67450.04800076805 1.8147770723237058e-08
67500.04800076805 1.6772216178384956e-08
67550.04800076805 3.2773023406507604e-08
67600.04800076805 5.578254890470692e-08
67650.04800076805 4.0511966222744196e-08
67700.04800076805 2.196013602755151e-08
67750.04800076805 1.4140986504293036e-08
67800.04800076805 2.175750177485031e-08
67850.04800076805 9.033370184250145e-09
67900.04800076805 1.161649188560693e-08
67950.04800076805 9.101589191411978e-09
68000.04800076805 1.966333008187262e-08
68050.04800076805 2.7251189961454066e-08
68100.04800076805 4.107767143418669e-08
68150.04800076805 3.2307240640505566e-08
68200.04800076805 2.4694370298997315e-08
68250.04800076805 5.063726428085859e-09
68300.04800076805 2.4365313253521812e-08
68350.04800076805 1.6267084347537856e-08
68400.04800076805 4.550934333505612e-08
68450.04800076805 3.620842376270238e-08
68500.04800076805 2.2747012311600617e-08
68550.04800076805 9.182323265333222e-09
68600.04800076805 9.545143739128296e-09
68650.04800076805 4.565163894459708e-09
68700.04800076805 1.2636202542349725e-08
68750.04800076805 2.235288022127782e-08
68800.04800076805 2.553329447806414e-08
68850.04800076805 8.956352862503732e-09
68900.04800076805 3.819691666473893e-08
68950.04800076805 3.754091249262247e-08
69000.04800076805 2.5336124410829177e-08
69050.04800076805 1.2404517305476054e-08
69100.04800076805 3.590479659554768e-08
69150.04800076805 5.12647554283725e-08
69200.04800076805 3.4002383770962654e-08
69250.04800076805 4.8711209957711615e-08
69300.04800076805 2.5677560168737753e-08
69350.04800076805 5.3174012478415816e-08
69400.04800076805 1.6447578726314385e-08
69450.04800076805 4.758206909550758e-08
69500.04800076805 2.171420648605643e-08
69550.04800076805 1.8036141719539962e-08
69600.04800076805 4.771271091324375e-09
69650.04800076805 1.7335605895802597e-08
69700.04800076805 3.33031196924141e-08
69750.04800076805 2.1474887924797585e-08
69800.04800076805 3.5554624834702856e-08
69850.04800076805 3.578682460798257e-08
69900.04800076805 2.171697334585442e-08
69950.04800076805 2.1898066555126034e-08
70000.04800076805 2.424410077311748e-08
70050.04800076805 4.8600102953683644e-08
70100.04800076805 3.376414753795166e-08
70150.04800076805 2.5071961055840904e-08
70200.04800076805 1.7158029069274695e-08
70250.04800076805 2.61060922629258e-08
70300.04800076805 4.647903658218749e-08
70350.04800076805 3.2121127959349785e-08
70400.04800076805 1.663815585209649e-08
70450.04800076805 3.2427400718707244e-09
70500.04800076805 1.3814747986797025e-08
70550.04800076805 1.4340978498933103e-08
70600.04800076805 1.3383510060958392e-08
70650.04800076805 3.638321789489114e-08
70700.04800076805 3.4987303171913325e-08
70750.04800076805 4.9127943573281474e-08
70800.04800076805 2.2073630006009425e-08
70850.04800076805 2.3778586089285076e-08
70900.04800076805 2.7645115978223853e-08
70950.04800076805 4.191095546593073e-08
71000.04800076805 3.59335462937622e-08
71050.04800076805 3.633765738558014e-08
71100.04800076805 2.4794149020132343e-08
71150.04800076805 2.1603810769944504e-08
71200.04800076805 1.8691122995471707e-08
71250.04800076805 2.825511300564579e-08
71300.04800076805 4.032639383296591e-08
71350.04800076805 4.37730978979273e-08
71400.04800076805 3.4307717489012454e-08
71450.04800076805 1.3921712640310465e-08
71500.04800076805 1.5191249251344305e-08
71550.04800076805 2.0566357324417545e-08
71600.04800076805 2.2146482504231054e-08
71650.04800076805 1.6366173334821534e-08
71700.04800076805 1.1476164373789977e-08
71750.04800076805 2.364618431106273e-08
71800.04800076805 3.571329085284535e-08
71850.04800076805 3.380851202982376e-08
71900.04800076805 1.7861630602069533e-08
71950.04800076805 2.3645699933926228e-08
72000.04800076805 2.2854188862931085e-08
72050.04800076805 1.2317714625905924e-08
72100.04800076805 1.4064128297863064e-08
72150.04800076805 1.2139668312668478e-08
72200.04800076805 2.490182858699612e-08
72250.04800076805 3.2271217117401524e-08
72300.04800076805 2.1722559439943953e-08
72350.04800076805 2.7855179560517483e-08
72400.04800076805 2.1502327289277995e-08
72450.04800076805 1.6782832026119818e-08
72500.04800076805 2.3947328457542586e-08
72550.04800076805 9.044197792032264e-09
72600.04800076805 1.5901882407686478e-08
72650.04800076805 2.970784304274534e-08
72700.04800076805 2.004424890557552e-08
72750.04800076805 2.002483555262407e-08
72800.04800076805 1.2026096156989413e-08
72850.04800076805 1.5156681159941055e-08
72900.04800076805 3.122833269793746e-08
72950.04800076805 2.097336308853352e-08
73000.04800076805 2.160319310926038e-08
73050.04800076805 1.1304666014172903e-08
73100.04800076805 1.3855985832406302e-08
73150.04800076805 3.4248873077080865e-08
73200.04800076805 1.1936402550785794e-08
73250.04800076805 1.801767771425189e-08
73300.04800076805 1.4020591038858894e-08
73350.04800076805 9.559968572383112e-09
73400.04800076805 1.803560186523739e-08
73450.04800076805 9.542566070995086e-09
73500.04800076805 7.88766065382714e-09
73550.04800076805 1.5304206095320315e-08
73600.04800076805 1.2902278805952236e-08
73650.04800076805 1.668727232241794e-08
73700.04800076805 1.6301912319668548e-08
73750.04800076805 5.908003843749745e-09
73800.04800076805 1.4492776021196651e-08
73850.04800076805 1.9390263565475736e-08
73900.04800076805 1.2167134972964949e-08
73950.04800076805 1.2499127044966738e-08
74000.04800076805 6.517529282293423e-09
74050.04800076805 2.475034952949384e-08
74100.04800076805 1.6231303269402193e-08
74150.04800076805 1.5976459509565357e-08
74200.04800076805 9.792627011746695e-09
74250.04800076805 2.115615144417616e-09
74300.04800076805 1.436659323222028e-08
74350.04800076805 2.3026460058662466e-08
74400.04800076805 2.1904594198317868e-08
74450.04800076805 8.223736643161856e-09
74500.04800076805 5.41821346861249e-09
74550.04800076805 1.1980950952523884e-08
74600.04800076805 1.4176492475619132e-08
74650.04800076805 1.4495122195247117e-08
74700.04800076805 9.203809999917464e-09
74750.04800076805 6.0442255049577005e-09
74800.04800076805 9.57905345616856e-09
74850.04800076805 9.135495936199461e-09
74900.04800076805 2.0918844255670327e-08
74950.04800076805 2.1207036306184574e-08
75000.04800076805 9.431169317496253e-09
75050.04800076805 3.0506747123433024e-09
75100.04800076805 1.984841419579837e-08
75150.04800076805 2.234974685898318e-08
75200.04800076805 2.4957538228239254e-08
75250.04800076805 2.5197513859751387e-08
75300.04800076805 1.9523066887761474e-08
75350.04800076805 6.664247738421025e-09
75400.04800076805 2.6273268805657792e-08
75450.04800076805 2.278911163981991e-08
75500.04800076805 2.151815804776538e-08
75550.04800076805 2.242345629991871e-08
75600.04800076805 2.79616307039058e-08
75650.04800076805 1.515671069130913e-08
75700.04800076805 2.6620937432411478e-08
75750.04800076805 1.2584763987581684e-08
75800.04800076805 2.3336751162887092e-08
75850.04800076805 2.7864993780318865e-08
75900.04800076805 2.8006544512562133e-08
75950.04800076805 1.2752359218948466e-08
76000.04800076805 2.8885306513206723e-08
76050.04800076805 2.944234745449931e-08
76100.04800076805 2.5406153151487318e-08
76150.04800076805 2.9215704262543748e-08
76200.04800076805 2.6895053144905844e-08
76250.04800076805 1.79620269825267e-08
76300.04800076805 4.0095658942512685e-08
76350.04800076805 4.838218588978675e-08
76400.04800076805 3.8070979890326516e-08
76450.04800076805 3.068877132964317e-08
76500.04800076805 1.931850779353936e-08
76550.04800076805 8.964414534474861e-09
76600.04800076805 2.1099553198198106e-09
76650.04800076805 2.4395715023164367e-09
76700.04800076805 3.71830843298656e-09
76750.04800076805 3.77612670295317e-09
76800.04800076805 8.117890512423257e-09
76850.04800076805 2.273712350584878e-09
76900.04800076805 2.4067360279116438e-09
76950.04800076805 7.724387344826538e-09
77000.04800076805 1.0961869079025585e-08
77050.04800076805 3.400265719535488e-09
77100.04800076805 3.793592849508286e-09
77150.04800076805 1.33375910277576e-08
77200.04800076805 8.110662664596351e-09
77250.04800076805 7.635739625545262e-09
77300.04800076805 1.201364326456416e-08
77350.04800076805 4.79290513229036e-09
77400.04800076805 5.214119351249855e-09
77450.04800076805 1.167370925376125e-08
77500.04800076805 1.0139458749914842e-08
77550.04800076805 9.194177350858703e-09
77600.04800076805 5.170335958249247e-09
77650.04800076805 7.249474801468161e-09
77700.04800076805 5.111233497944042e-09
77750.04800076805 1.5084866121094556e-08
77800.04800076805 1.502146688269514e-08
77850.04800076805 2.8752535322287953e-08
77900.04800076805 1.4688185725681583e-08
77950.04800076805 3.860117884195004e-09
78000.04800076805 9.468411488140364e-09
78050.04800076805 1.3115176552129687e-08
78100.04800076805 1.2696922662220871e-08
78150.04800076805 2.471257610907439e-08
78200.04800076805 2.290305147571224e-08
78250.04800076805 2.35084777578175e-08
78300.04800076805 1.2853499436210607e-08
78350.04800076805 2.0116989017233875e-08
78400.04800076805 8.686777554653179e-09
78450.04800076805 2.0774652432693848e-08
78500.04800076805 2.583447358488149e-08
78550.04800076805 3.523794720616641e-08
78600.04800076805 2.5443336167222763e-08
78650.04800076805 4.077156008867788e-09
78700.04800076805 8.819014193198103e-09
78750.04800076805 1.240639932560878e-08
78800.04800076805 1.5769783318624518e-08
78850.04800076805 5.811645913277137e-09
78900.04800076805 1.555418034994868e-08
78950.04800076805 2.2733892096628585e-08
79000.04800076805 1.815858899360099e-08
79050.04800076805 1.3268350426427163e-08
79100.04800076805 1.5417345020943957e-08
79150.04800076805 1.5705413155667017e-08
79200.04800076805 2.0255431174231157e-08
79250.04800076805 1.1338359123720015e-08
79300.04800076805 8.710496823255711e-09
79350.04800076805 1.5417503615349087e-08
79400.04800076805 9.757441546646248e-09
79450.04800076805 2.4812815896066645e-08
79500.04800076805 3.746098852389221e-08
79550.04800076805 2.567073261599517e-08
79600.04800076805 1.2788088373584588e-08
79650.04800076805 2.12935732099694e-08
79700.04800076805 1.9893198342744625e-08
79750.04800076805 1.9994858378037596e-08
79800.04800076805 9.612968812085042e-09
79850.04800076805 2.01060225452587e-08
79900.04800076805 3.8585375666212405e-08
79950.04800076805 2.763851414146153e-08
