galfind/configs/Brown_Dwarf_templates/sonora_cholla/logkzz2/100g/700K_100g_logkzz2_resample.dat
# %ECSV 1.0
# ---
# datatype:
# - {name: wav, unit: Angstrom, datatype: float64}
# - {name: flux_nu, unit: erg / (cm2 Hz s), datatype: float64}
# schema: astropy-2.0
wav flux_nu
[from data line 417]
23850.04800076804 4.1694853258868257e-10
23900.04800076804 8.724932566897074e-10
23950.04800076804 7.584919225262019e-10
24000.04800076804 1.1400364318045602e-09
24050.04800076804 1.5564731324802653e-09
24100.04800076804 1.2346110907471714e-09
24150.04800076804 1.5970379104207697e-09
24200.04800076804 1.4572006010636057e-09
24250.04800076804 8.581846677811866e-10
24300.04800076804 1.7134930976584204e-09
24350.04800076804 1.207332148499058e-09
24400.04800076804 2.3492303527386055e-09
24450.04800076804 2.244506627103411e-09
24500.04800076804 2.4640657068851247e-09
24550.04800076804 3.2576439345289725e-09
24600.04800076804 3.973656217865643e-09
24650.04800076804 4.372888394723217e-09
24700.04800076804 3.412094323909579e-09
24750.04800076804 3.5473242788550585e-09
24800.04800076804 3.675720785296684e-09
24850.04800076804 5.556395283174435e-09
24900.04800076804 2.650504795982565e-09
24950.04800076804 4.714784950124032e-09
25000.04800076804 5.244572232654453e-09
25050.04800076804 3.269289939429986e-09
25100.04800076804 4.4243400341751685e-09
25150.04800076804 2.2694203591741757e-09
25200.04800076804 3.574380287093365e-09
25250.04800076804 1.6019325777773026e-09
25300.04800076804 2.696911614773649e-09
25350.04800076804 1.1199823157079123e-09
25400.04800076804 2.8329071980115395e-09
25450.04800076804 1.2859049620911252e-09
25500.04800076804 1.0904698290792416e-09
25550.04800076804 1.8874609594128884e-09
25600.04800076804 5.936810289597975e-10
25650.04800076804 6.359688336280741e-10
25700.04800076804 1.0672383662229826e-09
25750.04800076804 4.2394883132604097e-10
25800.04800076804 1.4951399198414412e-09
25850.04800076804 3.749573687894199e-10
25900.04800076804 5.886947272465881e-10
25950.04800076804 2.2891307480425e-10
26000.04800076804 1.3778088833202149e-09
26050.04800076804 3.4095596600558186e-10
26100.04800076804 1.2087912949025509e-09
26150.04800076804 7.179964041673416e-10
26200.04800076804 8.080468091858015e-10
26250.04800076804 2.9308123231838105e-09
26300.04800076804 1.0764227116033272e-09
26350.04800076804 3.460451117206425e-09
26400.04800076804 4.73479854127937e-09
26450.04800076804 4.104827321478963e-09
26500.04800076804 4.970272171221265e-09
26550.04800076804 1.7790592002738204e-09
26600.04800076804 1.862992315828196e-09
26650.04800076804 5.297559823365101e-10
26700.04800076804 2.2901257483824714e-10
26750.04800076804 3.532306284067575e-10
26800.04800076804 6.772929562451134e-10
26850.04800076804 4.0963049182729886e-10
26900.04800076804 1.5434456278754195e-09
26950.04800076804 5.704604858100573e-10
27000.04800076804 2.287135682916974e-09
27050.04800076804 2.181609766436674e-09
27100.04800076804 7.956336376136311e-10
27150.04800076804 3.1232214643188806e-09
27200.04800076804 6.929341817967165e-10
27250.04800076804 1.557522725034598e-09
27300.04800076804 7.760181886388076e-09
27350.04800076804 3.469247424427609e-09
27400.04800076804 3.1794107412612165e-10
27450.04800076804 4.633646910371434e-09
27500.04800076804 5.775613042771998e-09
27550.04800076804 1.2380892844328215e-09
27600.04800076804 3.0462929849102916e-09
27650.04800076804 9.5477104929709e-10
27700.04800076804 7.248900986688209e-10
27750.04800076804 3.5378197994333875e-09
27800.04800076804 1.2920957622964722e-09
27850.04800076804 1.6971727163216878e-09
27900.04800076804 2.2863508940365786e-09
27950.04800076804 4.419723104595889e-09
28000.04800076804 3.6762017858403867e-09
28050.04800076804 8.976277303818041e-10
28100.04800076804 5.712834429112677e-09
28150.04800076804 3.3672118417176946e-09
28200.04800076804 9.277432990454862e-10
28250.04800076804 6.140451179889679e-09
28300.04800076804 9.06735374958251e-09
28350.04800076804 1.5057773192840497e-09
28400.04800076804 4.895473206197143e-09
28450.04800076804 8.406431139134458e-09
28500.04800076804 4.670939425080597e-09
28550.04800076804 1.2121822562598811e-09
28600.04800076804 7.011712079922102e-09
28650.04800076804 7.01657229484356e-09
28700.04800076804 5.855199958477866e-09
28750.04800076804 1.0833729814303746e-08
28800.04800076804 8.762740732824129e-09
28850.04800076804 1.1113354591629214e-08
28900.04800076804 4.632042533965977e-09
28950.04800076804 1.4630488095823548e-08
29000.04800076804 8.446151360695802e-09
29050.04800076804 1.03975943247718e-08
29100.04800076804 6.75674420204825e-09
29150.04800076804 1.5826361268606216e-08
29200.04800076804 9.85435351186825e-09
29250.04800076804 1.4189884012452621e-08
29300.04800076804 8.252334204034137e-09
29350.04800076804 3.4904657708304204e-08
29400.04800076804 1.0508262970428133e-08
29450.04800076804 1.3020709747807854e-08
29500.04800076804 1.834657503695123e-08
29550.04800076804 1.2085142923757929e-08
29600.04800076804 1.9778478178454834e-08
29650.04800076804 2.118741221866141e-08
29700.04800076804 1.1190331470125652e-08
29750.04800076804 1.7758698419309248e-08
29800.04800076804 2.028165807148777e-08
29850.04800076804 2.6392386701891658e-08
29900.04800076804 2.6312427551319582e-08
29950.04800076804 1.9270725518478346e-08
30000.04800076804 1.0375187330693106e-08
30050.04800076804 1.2377468695278444e-08
30100.04800076804 1.9370427040699054e-08
30150.04800076804 2.5048910753005768e-08
30200.04800076804 1.691845488012026e-08
30250.04800076804 3.168087874697997e-08
30300.04800076804 2.751149468791044e-08
30350.04800076804 1.989507391171569e-08
30400.04800076804 2.7953522612556708e-08
30450.04800076804 2.058263151042645e-08
30500.04800076804 1.8620547166417393e-08
30550.04800076804 1.593720595865752e-08
30600.04800076804 2.5890056507633403e-08
30650.04800076804 2.0488209653685417e-08
30700.04800076804 1.623612032635037e-08
30750.04800076804 1.7542589616152308e-08
30800.04800076804 1.4227282973408774e-08
30850.04800076804 1.6142350337243126e-08
30900.04800076804 1.4313540841953228e-08
30950.04800076804 8.924064507006369e-09
31000.04800076804 1.183190502184905e-08
31050.04800076804 1.0980391254655417e-08
31100.04800076804 6.922153394694469e-09
31150.04800076804 9.22409634669445e-09
31200.04800076804 1.069443852419078e-08
31250.04800076804 6.8917860054400114e-09
31300.04800076804 5.760866166484386e-09
31350.04800076804 6.916059626366428e-09
31400.04800076804 3.7114406858474922e-09
31450.04800076804 6.69360802488434e-09
31500.04800076804 3.292894626118624e-09
31550.04800076804 4.5086832976436205e-09
31600.04800076804 2.6942255081830835e-09
31650.04800076804 2.773641783602491e-09
31700.04800076804 3.4541353732389552e-09
31750.04800076804 1.4508005975556033e-09
31800.04800076804 3.3155615838516177e-09
31850.04800076804 1.5172925279952076e-09
31900.04800076804 2.331688876268975e-09
31950.04800076804 1.5735453777257299e-09
32000.04800076804 1.7894071445698524e-09
32050.04800076804 1.2443981064180416e-09
32100.04800076804 1.116933740556894e-09
32150.04800076804 1.5846266099056567e-09
32200.04800076804 9.209883642869269e-10
32250.04800076804 2.4426180248076646e-09
32300.04800076804 7.2967055981143e-10
32350.04800076804 2.4417556205182286e-09
32400.04800076804 9.021291696352669e-10
32450.04800076804 1.6654095923026413e-09
32500.04800076804 1.1185585031069663e-09
32550.04800076804 1.803926446878342e-09
32600.04800076804 1.3796598954698483e-09
32650.04800076804 2.9492328556347418e-09
32700.04800076804 1.907649797529299e-09
32750.04800076804 4.055208710908982e-09
32800.04800076804 2.6088004054463607e-09
32850.04800076804 5.413973439926487e-09
32900.04800076804 4.852690479323505e-09
32950.04800076804 6.059221911902881e-09
33000.04800076804 3.7049012627469495e-09
33050.04800076804 4.130944529019785e-09
33100.04800076804 1.4551591244099263e-09
33150.04800076804 2.4995700894124156e-11
33200.04800076804 9.871171904241157e-11
33250.04800076804 7.580772122542568e-11
33300.04800076804 1.7032315979031367e-10
33350.04800076804 5.872698787657329e-10
33400.04800076804 1.2786567414745605e-09
33450.04800076804 1.3260067557790037e-09
33500.04800076804 2.9370232959160977e-09
33550.04800076804 1.930276548205187e-09
33600.04800076804 2.9900718889634134e-09
33650.04800076804 2.3865825852869267e-09
33700.04800076804 1.87941837928009e-09
33750.04800076804 3.6506497387400026e-09
33800.04800076804 1.2547036775920424e-09
33850.04800076804 2.5071632431377415e-09
33900.04800076804 2.6223081300082192e-09
33950.04800076804 2.505250768668501e-09
34000.04800076804 3.944613047113386e-09
34050.04800076804 1.0959327278654905e-09
34100.04800076804 3.3946395282713993e-09
34150.04800076804 1.9462949558527353e-09
34200.04800076804 3.0926618063907227e-09
34250.04800076804 2.2604015953305727e-09
34300.04800076804 2.1478525386900742e-09
34350.04800076804 3.6740239467130726e-09
34400.04800076804 2.098325523537139e-09
34450.04800076804 4.0392154077898376e-09
34500.04800076804 2.0463106524365915e-09
34550.04800076804 1.6419325406565486e-09
34600.04800076804 4.743050377694328e-09
34650.04800076804 1.6340543721567779e-09
34700.04800076804 2.5442809046231903e-09
34750.04800076804 2.2194867505986984e-09
34800.04800076804 1.9965892980901543e-09
34850.04800076804 3.756758592519294e-09
34900.04800076804 3.1275362225599675e-09
34950.04800076804 2.8971062290403916e-09
35000.04800076804 5.631234725848849e-09
35050.04800076804 3.4858275493185754e-09
35100.04800076804 5.992904197937654e-09
35150.04800076804 5.048653309158107e-09
35200.04800076804 6.791717650606618e-09
35250.04800076804 6.884593630423159e-09
35300.04800076804 4.648740392935058e-09
35350.04800076804 7.335722308037945e-09
35400.04800076804 6.319913865243198e-09
35450.04800076804 5.3513076778302145e-09
35500.04800076804 1.3447638763397964e-08
35550.04800076804 7.911536788726489e-09
35600.04800076804 9.515121188399328e-09
35650.04800076804 9.618080196478728e-09
35700.04800076804 6.62407832596297e-09
35750.04800076804 1.5091259579956377e-08
35800.04800076804 9.703215953784657e-09
35850.04800076804 5.9729542415782635e-09
35900.04800076804 1.0548187441664445e-08
35950.04800076804 9.960661623593637e-09
36000.04800076804 4.88343114974498e-09
36050.04800076804 9.110403988727196e-09
36100.04800076804 8.545468773622519e-09
36150.04800076804 1.1755231379098647e-08
36200.04800076804 1.0085195464718583e-08
36250.04800076804 1.2368399366206359e-08
36300.04800076804 1.4147726808669416e-08
36350.04800076804 1.1878633682933033e-08
36400.04800076804 1.9562006632534627e-08
36450.04800076804 1.694457699907054e-08
36500.04800076804 1.870850262677175e-08
36550.04800076804 2.2295715342267755e-08
36600.04800076804 2.5779295311885644e-08
36650.04800076804 2.569912140420488e-08
36700.04800076804 2.932313623066168e-08
36750.04800076804 3.039903203300783e-08
36800.04800076804 2.650520461852433e-08
36850.04800076804 1.9924710233311955e-08
36900.04800076804 2.7081177875272106e-08
36950.04800076804 2.7605024638368028e-08
37000.04800076804 2.5614260872862036e-08
37050.04800076804 3.2265056987878296e-08
37100.04800076804 3.2606391820578404e-08
37150.04800076804 3.1760231809626416e-08
37200.04800076804 2.8014840962200492e-08
37250.04800076804 2.5073681815463643e-08
37300.04800076804 2.5427987017082104e-08
37350.04800076804 3.5225608750326965e-08
37400.04800076804 3.944472955229674e-08
37450.04800076804 2.9984854039090207e-08
37500.04800076804 2.9249927251588198e-08
37550.04800076804 4.7458390481599904e-08
37600.04800076804 5.725747840314405e-08
37650.04800076804 3.606108016481603e-08
37700.04800076804 4.427290228540153e-08
37750.04800076804 2.9792151684475716e-08
37800.04800076804 3.465382781442287e-08
37850.04800076804 2.6516968168097032e-08
37900.04800076804 3.344503563204709e-08
37950.04800076804 4.3929125451264306e-08
38000.04800076804 5.429458381753017e-08
38050.04800076804 5.3370717913932266e-08
38100.04800076804 5.5608153451104485e-08
38150.04800076804 6.077119927683697e-08
38200.04800076804 6.207229686658787e-08
38250.04800076804 6.075442800584951e-08
38300.04800076804 9.176724359778188e-08
38350.04800076804 8.419568870178923e-08
38400.04800076804 4.75499872194706e-08
38450.04800076804 4.406813468803141e-08
38500.04800076804 2.501607393634183e-08
38550.04800076804 4.211579426187411e-08
38600.04800076804 5.05395284077781e-08
38650.04800076804 7.262815771689712e-08
38700.04800076804 6.089353457949781e-08
38750.04800076804 6.680986498480721e-08
38800.04800076804 4.902847851320303e-08
38850.04800076804 8.007201973182828e-08
38900.04800076804 8.078331535513326e-08
38950.04800076804 5.921270575471742e-08
39000.04800076804 9.289347094176172e-08
39050.04800076804 6.790396933068402e-08
39100.04800076804 8.7324787819935e-08
39150.04800076804 7.548845023062817e-08
39200.04800076804 6.311573475695717e-08
39250.04800076804 8.878906467901656e-08
39300.04800076804 8.371896197449838e-08
39350.04800076804 1.2481856593391562e-07
39400.04800076804 9.45481220963502e-08
39450.04800076804 9.92210756377852e-08
39500.04800076804 9.589436085959265e-08
39550.04800076804 8.674071498948992e-08
39600.04800076804 1.0727473817413466e-07
39650.04800076804 1.3698951756899103e-07
39700.04800076804 9.351712172569448e-08
39750.04800076804 6.64747423569328e-08
39800.04800076804 9.130002851257706e-08
39850.04800076804 1.2003137323116927e-07
39900.04800076804 1.2552739435795343e-07
39950.04800076804 1.1035308300010655e-07
40000.04800076804 1.4371344729010163e-07
40050.04800076804 1.2812418354648373e-07
40100.04800076804 7.78728457172937e-08
40150.04800076804 1.4666803396069028e-07
40200.04800076804 1.4534316272141392e-07
40250.04800076804 1.3760253010441897e-07
40300.04800076804 1.5753689256705232e-07
40350.04800076804 1.0390888664099485e-07
40400.04800076804 1.4670361760935767e-07
40450.04800076804 1.1721931397130483e-07
40500.04800076804 1.7038595344398938e-07
40550.04800076804 1.5877994902032646e-07
40600.04800076804 1.4601936510383447e-07
40650.04800076804 1.4411169557367233e-07
40700.04800076804 2.1645362365020882e-07
40750.04800076804 1.7882783395486159e-07
40800.04800076804 1.2602438593075915e-07
40850.04800076804 2.180556657041629e-07
40900.04800076804 1.736296583202019e-07
40950.04800076804 1.4189025004552007e-07
41000.04800076804 1.7534803769837945e-07
41050.04800076804 2.219904375041963e-07
41100.04800076804 1.3871606075774981e-07
41150.04800076804 1.1211550258078203e-07
41200.04800076804 2.2881939596713005e-07
41250.04800076804 1.8606141817002174e-07
41300.04800076804 1.6398943093168523e-07
41350.04800076804 2.3831926317109103e-07
41400.04800076804 1.9674512082835586e-07
41450.04800076804 2.2119344875320928e-07
41500.04800076804 1.6092494392262023e-07
41550.04800076804 1.5510960475539365e-07
41600.04800076804 2.1173756942642107e-07
41650.04800076804 2.0541671596727316e-07
41700.04800076804 1.9232982177191316e-07
41750.04800076804 1.7493887453551432e-07
41800.04800076804 2.480013167736263e-07
41850.04800076804 1.5119378197606544e-07
41900.04800076804 1.6549547162325542e-07
41950.04800076804 1.8965106765438024e-07
42000.04800076804 2.2209898931302785e-07
42050.04800076804 1.9842176047464114e-07
42100.04800076804 2.4200598277210406e-07
42150.04800076804 1.8263736696000147e-07
42200.04800076804 2.0331782853148232e-07
42250.04800076804 1.699619199490511e-07
42300.04800076804 1.8474764744395477e-07
42350.04800076804 2.1438668889775302e-07
42400.04800076804 2.0718852083447655e-07
42450.04800076804 2.064506742152276e-07
42500.04800076804 1.834364017551841e-07
42550.04800076804 1.8476506701522947e-07
42600.04800076804 1.800848842686728e-07
42650.04800076804 2.7961411007843973e-07
42700.04800076804 1.5418434324718129e-07
42750.04800076804 1.7476730368392448e-07
42800.04800076804 1.7362760372193697e-07
42850.04800076804 2.0357105217976138e-07
42900.04800076804 2.3304440415098115e-07
42950.04800076804 1.8101518700626566e-07
43000.04800076804 2.400017000673855e-07
43050.04800076804 1.1730619186892276e-07
43100.04800076804 1.614210736644368e-07
43150.04800076804 1.9337330722325228e-07
43200.04800076804 2.2092007087238855e-07
43250.04800076804 2.741665967327812e-07
43300.04800076804 2.8126482704505856e-07
43350.04800076804 1.6214223584419147e-07
43400.04800076804 2.1274710871638318e-07
43450.04800076804 1.375594209905835e-07
43500.04800076804 1.5284408751842888e-07
