galfind/configs/Brown_Dwarf_templates/sonora_cholla/logkzz2/100g/700K_100g_logkzz2_resample.dat
# %ECSV 1.0
# ---
# datatype:
# - {name: wav, unit: Angstrom, datatype: float64}
# - {name: flux_nu, unit: erg / (cm2 Hz s), datatype: float64}
# schema: astropy-2.0
wav flux_nu
[from data line 812]
43600.04800076804 2.250488599555669e-07
43650.04800076804 1.3280046088403272e-07
43700.04800076804 2.710066928057796e-07
43750.04800076804 2.5289970703162037e-07
43800.04800076804 1.87260380233947e-07
43850.04800076804 2.11674256490917e-07
43900.04800076804 1.7006360403192044e-07
43950.04800076804 1.364971991242087e-07
44000.04800076804 1.0196716696107042e-07
44050.04800076804 2.2073433425084295e-07
44100.04800076804 2.468926492748892e-07
44150.04800076804 2.4650731388023605e-07
44200.04800076804 1.9905267003884043e-07
44250.04800076804 1.4758838774037047e-07
44300.04800076804 1.3348062384440332e-07
44350.04800076804 1.3114431927939757e-07
44400.04800076804 1.3289072554707193e-07
44450.04800076804 1.672637682897498e-07
44500.04800076804 1.4339188531223402e-07
44550.04800076804 1.9736801817433593e-07
44600.04800076804 1.4496452584998787e-07
44650.04800076804 1.6704917108407346e-07
44700.04800076804 1.2926416009039402e-07
44750.04800076804 1.566485768058702e-07
44800.04800076804 1.21654628031961e-07
44850.04800076804 1.5165645541628864e-07
44900.04800076804 1.0490247272404727e-07
44950.04800076804 1.061146947676446e-07
45000.04800076804 1.2696678484482522e-07
45050.04800076804 1.27532150614183e-07
45100.04800076804 1.1921401009597718e-07
45150.04800076804 1.0700985750743456e-07
45200.04800076804 6.648500857068205e-08
45250.04800076804 7.914441739194855e-08
45300.04800076804 9.391980095945656e-08
45350.04800076804 9.629966325450892e-08
45400.04800076804 8.42744403474345e-08
45450.04800076804 8.167009957991083e-08
45500.04800076804 8.637842293934643e-08
45550.04800076804 9.633346553146153e-08
45600.04800076804 8.230346186005617e-08
45650.04800076804 7.689311115433961e-08
45700.04800076804 7.981095740230358e-08
45750.04800076804 7.132943427143809e-08
45800.04800076804 7.054521981458694e-08
45850.04800076804 1.0981379376066111e-07
45900.04800076804 1.1714466591899313e-07
45950.04800076804 6.89078981520771e-08
46000.04800076804 1.024347531366461e-07
46050.04800076804 1.0148189289514513e-07
46100.04800076804 7.430494326482985e-08
46150.04800076804 9.093360080622179e-08
46200.04800076804 8.397887172612112e-08
46250.04800076804 4.0500871566166664e-08
46300.04800076804 1.1089458390553887e-07
46350.04800076804 7.454275564329846e-08
46400.04800076804 1.0074875402291992e-07
46450.04800076804 1.2670756278305927e-07
46500.04800076804 9.050762753548993e-08
46550.04800076804 8.608236967055384e-08
46600.04800076804 9.964284183511073e-08
46650.04800076804 2.1264229891569095e-07
46700.04800076804 1.25622811730954e-07
46750.04800076804 9.137499810560165e-08
46800.04800076804 5.351277910086002e-08
46850.04800076804 1.5039306518154567e-07
46900.04800076804 1.2343423946233087e-07
46950.04800076804 1.5377547912981537e-07
47000.04800076804 8.781538321378731e-08
47050.04800076804 1.4872410701488117e-07
47100.04800076804 5.6165758157872426e-08
47150.04800076804 8.584406468986341e-08
47200.04800076804 1.270071374013202e-07
47250.04800076804 7.223446416451197e-08
47300.04800076804 7.25947350214661e-08
47350.04800076804 8.095352159640475e-08
47400.04800076804 1.4777071212069803e-07
47450.04800076804 7.729789351153035e-08
47500.04800076804 1.6577927216364714e-07
47550.04800076804 8.477841035164583e-08
47600.04800076804 1.4007995605753235e-07
47650.04800076804 7.238617246502825e-08
47700.04800076804 1.3051765849505265e-07
47750.04800076804 5.489984033193772e-08
47800.04800076804 8.772073781857719e-08
47850.04800076804 4.928081734426129e-08
47900.04800076804 7.635743194788568e-08
47950.04800076804 8.491232081371069e-08
48000.04800076804 1.7307064869184722e-07
48050.04800076804 1.0143407624748084e-07
48100.04800076804 9.219335294838539e-08
48150.04800076804 9.008508032874741e-08
48200.04800076804 1.1977344152802608e-07
48250.04800076804 8.819496737917555e-08
48300.04800076804 1.88160613590448e-07
48350.04800076804 7.584601379541946e-08
48400.04800076804 5.974021596075659e-08
48450.04800076804 8.267340180280458e-08
48500.04800076804 1.5256676957829727e-07
48550.04800076804 7.643974986529395e-08
48600.04800076804 1.2942204185409206e-07
48650.04800076804 1.0079268303698929e-07
48700.04800076804 1.410028104197079e-07
48750.04800076804 9.104815331927525e-08
48800.04800076804 1.5034870505468448e-07
48850.04800076804 1.0037217393713651e-07
48900.04800076804 1.4123000794600269e-07
48950.04800076804 1.0490282459824976e-07
49000.04800076804 7.162688005439461e-08
49050.04800076804 1.3770097984288108e-07
49100.04800076804 1.0287757063536557e-07
49150.04800076804 1.532800580237731e-07
49200.04800076804 1.3515889069930852e-07
49250.04800076804 1.728265374698109e-07
49300.04800076804 1.2376360588519172e-07
49350.04800076804 7.937129355032525e-08
49400.04800076804 9.738373166860469e-08
49450.04800076804 1.2357809699967586e-07
49500.04800076804 9.78573053681761e-08
49550.04800076804 3.553366493411142e-08
49600.04800076804 8.715052024208966e-08
49650.04800076804 1.0540988587826262e-07
49700.04800076804 9.742154730832103e-08
49750.04800076804 1.4444689467077096e-07
49800.04800076804 8.95730102975369e-08
49850.04800076804 1.8246893635402478e-07
49900.04800076804 1.4400295223642456e-07
49950.04800076804 1.4190468296290188e-07
50000.04800076804 1.4077632449031693e-07
50050.04800076804 1.5799430188746057e-07
50100.04800076804 1.4163280056263568e-07
50150.04800076804 6.83232556988829e-08
50200.04800076804 2.6104745741546272e-08
50250.04800076804 1.0469175076664433e-07
50300.04800076804 7.497680440265741e-08
50350.04800076804 1.396692893905456e-07
50400.04800076804 1.4134251892244873e-07
50450.04800076804 1.1576336222203012e-07
50500.04800076804 1.5433049348065347e-07
50550.04800076804 1.4296338562894748e-07
50600.04800076804 1.2680820176550681e-07
50650.04800076804 1.4704565084193104e-07
50700.04800076804 1.8638227819594475e-07
50750.04800076804 1.4351010734542905e-07
50800.04800076804 6.13795602038085e-08
50850.04800076804 4.355875816201974e-08
50900.04800076804 1.4572588056185679e-07
50950.04800076804 1.4101246771886815e-07
51000.04800076804 1.042919557586666e-07
51050.04800076804 1.2594503380848744e-07
51100.04800076804 4.7377297387679416e-08
51150.04800076804 8.039828328088719e-08
51200.04800076804 1.857144062979967e-07
51250.04800076804 1.2303436284601228e-07
51300.04800076804 9.429652750267342e-08
51350.04800076804 1.0904856795444836e-07
51400.04800076804 4.997341504393466e-08
51450.04800076804 4.253619333590329e-08
51500.04800076804 3.807326908640683e-08
51550.04800076804 1.0123357922010826e-07
51600.04800076804 7.895891216607985e-08
51650.04800076804 1.0961015402254798e-07
51700.04800076804 1.0719923883189116e-07
51750.04800076804 6.870062824947078e-08
51800.04800076804 1.4473065978548958e-07
51850.04800076804 1.164892284724032e-07
51900.04800076804 1.5305390701272923e-07
51950.04800076804 1.0031605049125344e-07
52000.04800076804 1.8882287880607158e-08
52050.04800076804 5.9517941437841305e-08
52100.04800076804 4.554825369359176e-08
52150.04800076804 2.943920163111408e-08
52200.04800076804 4.278792178799615e-08
52250.04800076804 7.639020247080577e-08
52300.04800076804 1.2697456518320128e-07
52350.04800076804 5.5482706528682576e-08
52400.04800076804 4.927036950180868e-08
52450.04800076804 1.1888706662164193e-07
52500.04800076804 1.0677456324191322e-07
52550.04800076804 1.0454485163863083e-07
52600.04800076804 7.616568618042877e-08
52650.04800076804 7.937199009656863e-08
52700.04800076804 7.112712342580603e-08
52750.04800076804 4.334453871228672e-08
52800.04800076804 5.2021044984938164e-08
52850.04800076804 6.718414967802777e-08
52900.04800076804 3.912905132386756e-08
52950.04800076804 4.565214788259437e-08
53000.04800076804 1.11026176721572e-07
53050.04800076804 3.432794217926328e-08
53100.04800076804 1.068636066989516e-07
53150.04800076804 1.3118762410215782e-07
53200.04800076804 5.369182870825363e-08
53250.04800076804 1.2206448306846271e-07
53300.04800076804 1.237864315201847e-07
53350.04800076804 1.1959053729410505e-07
53400.04800076804 9.991139837215068e-08
53450.04800076804 3.022329037886511e-08
53500.04800076804 1.2448706318353417e-08
53550.04800076804 2.595678204742894e-08
53600.04800076804 6.329312442199594e-08
53650.04800076804 6.095596631220164e-08
53700.04800076804 4.9800726600282346e-08
53750.04800076804 4.903574043937815e-08
53800.04800076804 4.651078568546152e-08
53850.04800076804 6.77611144783418e-08
53900.04800076804 8.339119229594837e-08
53950.04800076804 1.0110671837309115e-07
54000.04800076804 6.292938360844771e-08
54050.04800076804 7.177388334295138e-08
54100.04800076804 2.1170618663933066e-08
54150.04800076804 3.41520719430909e-08
54200.04800076804 8.891447503627541e-09
54250.04800076804 1.7419504433990894e-08
54300.04800076804 4.244620658847771e-08
54350.04800076804 5.956453217515444e-08
54400.04800076804 5.6022919148236274e-08
54450.04800076804 4.6251988621429896e-08
54500.04800076804 3.881079145661821e-08
54550.04800076804 3.7235856746923755e-08
54600.04800076804 4.2132549337844063e-08
54650.04800076804 1.094698998852526e-08
54700.04800076804 4.89508727972189e-08
54750.04800076804 4.661503416206603e-08
54800.04800076804 2.7394656023983954e-08
54850.04800076804 4.086595996167545e-08
54900.04800076804 6.202824314687287e-08
54950.04800076804 9.00602576709685e-08
55000.04800076804 2.6078053199378808e-08
55050.04800076804 5.1739694696047565e-08
55100.04800076804 5.4149175027154814e-08
55150.04800076804 2.959925610077424e-08
55200.04800076804 2.8168431756513606e-08
55250.04800076804 4.110511039861262e-08
55300.04800076804 2.5620390103138625e-08
55350.04800076804 5.604392947546316e-08
55400.04800076804 6.681636302095935e-08
55450.04800076804 3.6585418793214036e-08
55500.04800076804 1.538173925389162e-08
55550.04800076804 1.874060133253776e-08
55600.04800076804 2.5819695694218768e-08
55650.04800076804 2.4529770803897597e-08
55700.04800076804 2.780951478686314e-08
55750.04800076804 2.680913235603931e-08
55800.04800076804 1.342472184737415e-08
55850.04800076804 1.7231516722904143e-08
55900.04800076804 4.351604994171889e-08
55950.04800076804 6.03032400802517e-08
56000.04800076804 2.1488837340990575e-08
56050.04800076804 3.004991936978571e-08
56100.04800076804 4.437664291248219e-08
56150.04800076804 2.220574893500474e-08
56200.04800076804 3.080832687186597e-08
56250.04800076804 4.560823052722341e-08
56300.04800076804 3.512328264515697e-08
56350.04800076804 2.744386464118335e-08
56400.04800076804 1.1116415619055502e-08
56450.04800076804 1.0441169912922462e-08
56500.04800076804 2.182470915263964e-08
56550.04800076804 1.1546396592193035e-08
56600.04800076804 3.9616450240136044e-08
56650.04800076804 4.282307474316042e-08
56700.04800076804 3.678985099810993e-08
56750.04800076804 1.2211063703629268e-08
56800.04800076804 3.3887984074446666e-08
56850.04800076804 3.341364803842608e-08
56900.04800076804 1.737773133989928e-08
56950.04800076804 3.906198146586323e-08
57000.04800076804 4.898246033749777e-08
57050.04800076804 2.2422382340870863e-08
57100.04800076804 8.056068263718136e-09
57150.04800076804 1.3960193169197069e-08
57200.04800076804 1.199510224861388e-08
57250.04800076804 1.656584870020001e-08
57300.04800076804 2.9145193038891984e-08
57350.04800076804 1.3327629724259515e-08
57400.04800076804 3.180590303116234e-08
57450.04800076804 1.9513518502493343e-08
57500.04800076804 2.0300579019187995e-08
57550.04800076804 2.9700389374816013e-08
57600.04800076804 2.8001907403014595e-08
57650.04800076804 6.267933990783484e-09
57700.04800076804 1.0931318888069112e-08
57750.04800076804 1.9272226592209962e-08
57800.04800076804 7.626672240615313e-09
57850.04800076804 5.749919804245601e-08
57900.04800076804 6.429265154957261e-08
57950.04800076804 6.295544290463578e-08
58000.04800076804 2.0254209856844128e-08
58050.04800076804 3.5351594396925496e-08
58100.04800076804 3.627589606712556e-08
58150.04800076804 2.232981556622348e-08
58200.04800076804 6.615940408845962e-09
58250.04800076804 1.0529607171352376e-08
58300.04800076804 1.053844496639032e-08
58350.04800076804 1.4583433182183955e-08
58400.04800076804 3.043952921073053e-08
58450.04800076804 3.361481183358819e-08
58500.04800076804 3.1388293536820624e-08
58550.04800076804 2.986664875013075e-08
58600.04800076804 1.2272501464020524e-08
58650.04800076804 1.604574374246006e-08
58700.04800076804 2.25937939665513e-08
58750.04800076804 1.911738092475925e-08
58800.04800076804 3.885382204799504e-09
58850.04800076804 1.4808649883487934e-08
58900.04800076804 2.170424687225486e-08
58950.04800076804 9.106251373980812e-09
59000.04800076804 2.263789270868053e-08
59050.04800076804 3.2156198165450486e-08
59100.04800076804 3.1099288536221545e-08
59150.04800076804 2.2699771282683883e-08
59200.04800076804 2.766633068496777e-08
59250.04800076804 2.969798243839126e-08
59300.04800076804 2.3071518157531265e-08
59350.04800076804 5.535115883190352e-09
59400.04800076804 5.316043117438294e-09
59450.04800076804 2.4183574447020354e-08
59500.04800076804 1.2257556585513421e-08
59550.04800076804 2.744338651661447e-08
59600.04800076804 3.399389375271328e-08
59650.04800076804 1.789734802347977e-08
59700.04800076804 1.2338596678251464e-08
59750.04800076804 3.87355571014814e-08
59800.04800076804 1.795582063477815e-08
59850.04800076804 2.6623167095438924e-08
59900.04800076804 9.124293742918794e-09
59950.04800076804 1.997701530833548e-08
60000.04800076804 4.7524014359226653e-08
60050.04800076804 4.161184123656012e-08
60100.04800076804 3.699252355541073e-08
60150.04800076804 1.72358738241372e-08
60200.04800076804 3.2928442093999366e-08
60250.04800076804 4.733600884734571e-08
60300.04800076804 4.2729184034245626e-08
60350.04800076804 2.7205762767628875e-08
60400.04800076804 2.875205591621803e-08
60450.04800076804 7.972036478528253e-09
60500.04800076804 3.189106175359472e-09
60550.04800076804 2.5558167492340174e-08
60600.04800076804 3.282394749968114e-08
60650.04800076804 2.081816625151568e-08
60700.04800076804 1.4067594671379834e-08
60750.04800076804 7.987959826562107e-09
60800.04800076804 3.0423316892958844e-08
60850.04800076804 6.032187521172318e-08
60900.04800076804 5.528431252450499e-08
60950.04800076804 4.319801624966878e-08
61000.04800076804 3.52154772955975e-08
61050.04800076804 1.5218836967664113e-08
61100.04800076804 1.9611492549364153e-08
61150.04800076804 6.537447861811493e-09
61200.04800076804 3.2665383865373224e-08
61250.04800076804 4.565530446420875e-08
61300.04800076804 4.157898003321684e-08
61350.04800076804 6.16677797964053e-08
61400.04800076804 2.5060888764775453e-08
61450.04800076804 8.912609200924534e-09
61500.04800076804 1.4841328856218238e-08
61550.04800076804 2.4151619665686447e-08
61600.04800076804 1.1070595273771129e-08
61650.04800076804 2.5033044408746966e-08
61700.04800076804 2.4317639573546295e-08
61750.04800076804 2.750268961602187e-08
61800.04800076804 2.5676977306551512e-08
61850.04800076804 9.894519704010899e-09
61900.04800076804 4.210378021745661e-08
61950.04800076804 3.954855396196548e-08
62000.04800076804 5.372487314286327e-08
62050.04800076804 4.656467365432992e-08
62100.04800076804 3.4829957163920606e-08
62150.04800076804 5.250282005498291e-08
62200.04800076804 4.483028716708401e-08
62250.04800076804 3.751752444978752e-08
62300.04800076804 7.591912398357371e-08
62350.04800076804 5.689480733266774e-08
62400.04800076804 2.1884451969683994e-08
62450.04800076804 3.866427366215798e-08
62500.04800076804 6.972544796158524e-08
62550.04800076804 6.279089955522482e-08
62600.04800076804 6.807909595369067e-08
62650.04800076804 4.8422731636768684e-08
62700.04800076804 4.5613842170473894e-08
62750.04800076804 6.527369507705145e-08
62800.04800076804 3.723286883592199e-08
62850.04800076804 6.010611106998823e-08
62900.04800076804 3.901372827554048e-08
62950.04800076804 7.175489582664149e-08
63000.04800076804 5.024640282814198e-08
63050.04800076804 8.510095961343528e-08
63100.04800076804 7.766547016606342e-08
63150.04800076804 5.842824617500154e-08
63200.04800076804 6.579017730250698e-08
63250.04800076804 4.668888186673809e-08
63300.04800076804 5.1560813036633074e-08
63350.04800076804 4.754540188214209e-08
