galfind/configs/Brown_Dwarf_templates/sonora_cholla/logkzz2/100g/750K_100g_logkzz2_resample.dat
# %ECSV 1.0
# ---
# datatype:
# - {name: wav, unit: Angstrom, datatype: float64}
# - {name: flux_nu, unit: erg / (cm2 Hz s), datatype: float64}
# schema: astropy-2.0
wav flux_nu
[from data line 418]
23900.04800076804 1.6836581544293518e-09
23950.04800076804 1.5408394595535203e-09
24000.04800076804 2.180328703056773e-09
24050.04800076804 2.9325332406023256e-09
24100.04800076804 2.2920668382796417e-09
24150.04800076804 2.8807394916698507e-09
24200.04800076804 2.7259002880373933e-09
24250.04800076804 1.6882993698181004e-09
24300.04800076804 3.0779143905011673e-09
24350.04800076804 2.253615829480252e-09
24400.04800076804 4.228974591488268e-09
24450.04800076804 3.8493457602460964e-09
24500.04800076804 4.363236407525176e-09
24550.04800076804 5.421273720044113e-09
24600.04800076804 6.5204350105189195e-09
24650.04800076804 7.1988688741068654e-09
24700.04800076804 5.641148928995428e-09
24750.04800076804 5.666730847215488e-09
24800.04800076804 6.042493279233893e-09
24850.04800076804 9.03916937180921e-09
24900.04800076804 4.450125440224702e-09
24950.04800076804 7.637868279985898e-09
25000.04800076804 8.500271401149429e-09
25050.04800076804 5.4204950789225435e-09
25100.04800076804 7.216706416653701e-09
25150.04800076804 3.870385461320988e-09
25200.04800076804 6.02137195654297e-09
25250.04800076804 2.8334240767180343e-09
25300.04800076804 4.7919924932832315e-09
25350.04800076804 2.040991161821632e-09
25400.04800076804 4.906055946857995e-09
25450.04800076804 2.3931053990157543e-09
25500.04800076804 2.1027886678301138e-09
25550.04800076804 3.385253255925115e-09
25600.04800076804 1.2356983693247935e-09
25650.04800076804 1.2732008934387066e-09
25700.04800076804 2.2878781209541504e-09
25750.04800076804 9.318844313414419e-10
25800.04800076804 2.9099052533394564e-09
25850.04800076804 8.406319802939899e-10
25900.04800076804 1.2704118118688286e-09
25950.04800076804 5.591777543743546e-10
26000.04800076804 2.7563100521084226e-09
26050.04800076804 8.262533064951538e-10
26100.04800076804 2.5188881863263505e-09
26150.04800076804 1.6019283239440774e-09
26200.04800076804 1.832949203308118e-09
26250.04800076804 5.3800558093079165e-09
26300.04800076804 2.2516632209354655e-09
26350.04800076804 6.2445278622270065e-09
26400.04800076804 8.13266965791385e-09
26450.04800076804 7.4258257135057746e-09
26500.04800076804 8.139498678897494e-09
26550.04800076804 3.5594427916378417e-09
26600.04800076804 3.785218885967911e-09
26650.04800076804 1.2195516652598311e-09
26700.04800076804 5.650276582383164e-10
26750.04800076804 7.898330197980128e-10
26800.04800076804 1.4566289918347695e-09
26850.04800076804 8.519396147625701e-10
26900.04800076804 2.9126650162823598e-09
26950.04800076804 1.1521359729610704e-09
27000.04800076804 4.178074005364953e-09
27050.04800076804 3.920983081347618e-09
27100.04800076804 1.68666841745031e-09
27150.04800076804 5.589179267518854e-09
27200.04800076804 1.505948339670433e-09
27250.04800076804 3.02204575286566e-09
27300.04800076804 1.3007328702551908e-08
27350.04800076804 6.380144747203589e-09
27400.04800076804 7.273159736695447e-10
27450.04800076804 8.427458313683682e-09
27500.04800076804 1.0078001680550075e-08
27550.04800076804 2.558138207901432e-09
27600.04800076804 5.894685527029269e-09
27650.04800076804 1.9677677145135177e-09
27700.04800076804 1.4972545692819068e-09
27750.04800076804 6.5746452987522555e-09
27800.04800076804 2.535353913900518e-09
27850.04800076804 3.2074774766127034e-09
27900.04800076804 4.331312933931222e-09
27950.04800076804 7.594403525203177e-09
28000.04800076804 6.595794677253458e-09
28050.04800076804 1.7775058517233091e-09
28100.04800076804 9.993729946044038e-09
28150.04800076804 5.923552337678894e-09
28200.04800076804 1.747953352895038e-09
28250.04800076804 1.0526720155143578e-08
28300.04800076804 1.540139414894919e-08
28350.04800076804 2.769527462348144e-09
28400.04800076804 8.359692913481608e-09
28450.04800076804 1.3367285107865389e-08
28500.04800076804 7.99545857885151e-09
28550.04800076804 2.217858089491714e-09
28600.04800076804 1.1663428051831255e-08
28650.04800076804 1.1585297185958445e-08
28700.04800076804 9.618493021400584e-09
28750.04800076804 1.6917925939096243e-08
28800.04800076804 1.3882746712733563e-08
28850.04800076804 1.7770422582564087e-08
28900.04800076804 7.329883843260474e-09
28950.04800076804 2.242873174162579e-08
29000.04800076804 1.316362206696881e-08
29050.04800076804 1.63454938274485e-08
29100.04800076804 1.0124262268614421e-08
29150.04800076804 2.4385841697431467e-08
29200.04800076804 1.4946324803166607e-08
29250.04800076804 2.1819691425883372e-08
29300.04800076804 1.2733455790555442e-08
29350.04800076804 5.095941205712982e-08
29400.04800076804 1.759352188445522e-08
29450.04800076804 2.089046416071707e-08
29500.04800076804 2.7331563715003277e-08
29550.04800076804 1.9089458159184596e-08
29600.04800076804 2.996728441883771e-08
29650.04800076804 3.0498262226571814e-08
29700.04800076804 1.7897120389978168e-08
29750.04800076804 2.681737345963953e-08
29800.04800076804 3.1251922065265446e-08
29850.04800076804 3.850492193487566e-08
29900.04800076804 3.796182946607088e-08
29950.04800076804 2.8313446329647515e-08
30000.04800076804 1.894170916396401e-08
30050.04800076804 2.0227478293022872e-08
30100.04800076804 2.978632693840634e-08
30150.04800076804 3.770613169748838e-08
30200.04800076804 2.6006919403830875e-08
30250.04800076804 4.4948603688476774e-08
30300.04800076804 3.842426037175643e-08
30350.04800076804 2.958990944084842e-08
30400.04800076804 3.940151373529744e-08
30450.04800076804 2.9264821904598018e-08
30500.04800076804 2.6874503007623738e-08
30550.04800076804 2.439307955636125e-08
30600.04800076804 3.545279023405748e-08
30650.04800076804 2.897268112237665e-08
30700.04800076804 2.360437298719431e-08
30750.04800076804 2.4101396872017947e-08
30800.04800076804 2.0694052529570752e-08
30850.04800076804 2.226375937065406e-08
30900.04800076804 2.0338712945693772e-08
30950.04800076804 1.3183782317480926e-08
31000.04800076804 1.6658290138864774e-08
31050.04800076804 1.5905142764362808e-08
31100.04800076804 1.0108829296042341e-08
31150.04800076804 1.3418161517798268e-08
31200.04800076804 1.4833771585201392e-08
31250.04800076804 9.934097063172479e-09
31300.04800076804 8.695135022998651e-09
31350.04800076804 9.815403045084399e-09
31400.04800076804 5.394499415480218e-09
31450.04800076804 9.74299158746879e-09
31500.04800076804 5.050416963899369e-09
31550.04800076804 7.022571962455345e-09
31600.04800076804 4.196110449553739e-09
31650.04800076804 4.3808824866995175e-09
31700.04800076804 5.3678100736933416e-09
31750.04800076804 2.4737670265745144e-09
31800.04800076804 5.129173109116757e-09
31850.04800076804 2.7816182470730363e-09
31900.04800076804 3.757709520291662e-09
31950.04800076804 2.730860009688193e-09
32000.04800076804 3.1471905814807797e-09
32050.04800076804 2.133889101827953e-09
32100.04800076804 1.9881347996758115e-09
32150.04800076804 2.7667978293687157e-09
32200.04800076804 1.690325623822665e-09
32250.04800076804 4.119797607162074e-09
32300.04800076804 1.334917741954664e-09
32350.04800076804 4.18953509364473e-09
32400.04800076804 1.7824865652279038e-09
32450.04800076804 3.0128874320097278e-09
32500.04800076804 2.1022449501536735e-09
32550.04800076804 3.2142456622148462e-09
32600.04800076804 2.7283235944080583e-09
32650.04800076804 5.054525839344349e-09
32700.04800076804 3.535940419287954e-09
32750.04800076804 6.58518663841621e-09
32800.04800076804 4.3607723560298335e-09
32850.04800076804 8.367715524858782e-09
32900.04800076804 7.765548163727126e-09
32950.04800076804 9.419691282847897e-09
33000.04800076804 6.273444501717978e-09
33050.04800076804 6.86266988188406e-09
33100.04800076804 2.5365992620292317e-09
33150.04800076804 8.409393086941825e-11
33200.04800076804 2.3377108826660664e-10
33250.04800076804 1.5194799639822983e-10
33300.04800076804 2.9402909341188893e-10
33350.04800076804 9.428724002373303e-10
33400.04800076804 1.9116912891647616e-09
33450.04800076804 2.2265219389215565e-09
33500.04800076804 4.3197258268978615e-09
33550.04800076804 3.169122088412597e-09
33600.04800076804 5.020858007818108e-09
33650.04800076804 4.082432871425793e-09
33700.04800076804 3.3472597203666406e-09
33750.04800076804 5.944784460868499e-09
33800.04800076804 2.4304273277767144e-09
33850.04800076804 4.353964017501718e-09
33900.04800076804 4.403857949613735e-09
33950.04800076804 4.349577555318404e-09
34000.04800076804 6.44144343634273e-09
34050.04800076804 1.9921002257124964e-09
34100.04800076804 5.630744373033329e-09
34150.04800076804 3.4296791192985085e-09
34200.04800076804 5.1527610014388135e-09
34250.04800076804 3.787585597718992e-09
34300.04800076804 3.544480342808034e-09
34350.04800076804 5.75408801152927e-09
34400.04800076804 3.6122895486891148e-09
34450.04800076804 6.514280550077597e-09
34500.04800076804 3.5473101461965486e-09
34550.04800076804 2.8101415301518534e-09
34600.04800076804 7.277518805204048e-09
34650.04800076804 2.878084377218188e-09
34700.04800076804 4.135883807807102e-09
34750.04800076804 3.6436625828777834e-09
34800.04800076804 3.1587044189373096e-09
34850.04800076804 5.660589923504179e-09
34900.04800076804 5.294430216969915e-09
34950.04800076804 4.676609553982125e-09
35000.04800076804 8.213871663881194e-09
35050.04800076804 5.415588114071024e-09
35100.04800076804 8.865125798922327e-09
35150.04800076804 7.642829491038373e-09
35200.04800076804 1.0477397947919549e-08
35250.04800076804 1.0149147110300946e-08
35300.04800076804 7.049705714524105e-09
35350.04800076804 1.098987437397956e-08
35400.04800076804 9.872226095542658e-09
35450.04800076804 8.502801620232927e-09
35500.04800076804 1.9018165760436416e-08
35550.04800076804 1.2007625862260678e-08
35600.04800076804 1.398603626469079e-08
35650.04800076804 1.390392596245011e-08
35700.04800076804 9.631804533520059e-09
35750.04800076804 2.1450371639286354e-08
35800.04800076804 1.4497364799789616e-08
35850.04800076804 9.291187628240383e-09
35900.04800076804 1.6080759211666085e-08
35950.04800076804 1.5165423814165656e-08
36000.04800076804 7.846769350322725e-09
36050.04800076804 1.4072195287430861e-08
36100.04800076804 1.351278123685017e-08
36150.04800076804 1.6818535845926673e-08
36200.04800076804 1.4758248159306342e-08
36250.04800076804 1.8415657092589755e-08
36300.04800076804 2.0086901827947003e-08
36350.04800076804 1.795265407631076e-08
36400.04800076804 2.7943034835946714e-08
36450.04800076804 2.49132395974347e-08
36500.04800076804 2.7171005460024656e-08
36550.04800076804 3.0634188000615186e-08
36600.04800076804 3.6248009632972343e-08
36650.04800076804 3.628300124044147e-08
36700.04800076804 4.1582221816741907e-08
36750.04800076804 4.2538366086971686e-08
36800.04800076804 3.741745566471801e-08
36850.04800076804 3.005757460724908e-08
36900.04800076804 3.8516569599735496e-08
36950.04800076804 3.922372461962407e-08
37000.04800076804 3.7551893424530207e-08
37050.04800076804 4.469793135332964e-08
37100.04800076804 4.732380385179472e-08
37150.04800076804 4.608237063497907e-08
37200.04800076804 4.077277213758031e-08
37250.04800076804 3.653857157444411e-08
37300.04800076804 3.745568949349783e-08
37350.04800076804 5.010563237589419e-08
37400.04800076804 5.541159002612711e-08
37450.04800076804 4.593628579127541e-08
37500.04800076804 4.0963177545038584e-08
37550.04800076804 6.591379865279078e-08
37600.04800076804 7.756731017938608e-08
37650.04800076804 5.1271887255430135e-08
37700.04800076804 6.070372261994377e-08
37750.04800076804 4.283639028592595e-08
37800.04800076804 4.92769488810525e-08
37850.04800076804 3.962853550844574e-08
37900.04800076804 4.808426581910094e-08
37950.04800076804 6.108100957153834e-08
38000.04800076804 7.6544742282799e-08
38050.04800076804 7.173213698752489e-08
38100.04800076804 7.520892558230146e-08
38150.04800076804 8.252169176571135e-08
38200.04800076804 8.490748062199953e-08
38250.04800076804 8.308578210025905e-08
38300.04800076804 1.1930965333403593e-07
38350.04800076804 1.1226062133602107e-07
38400.04800076804 6.644213042372389e-08
38450.04800076804 6.413821082980544e-08
38500.04800076804 3.973188138846432e-08
38550.04800076804 6.07455483027443e-08
38600.04800076804 7.091188409121242e-08
38650.04800076804 1.0183333734860407e-07
38700.04800076804 8.607955665859824e-08
38750.04800076804 9.189808857449792e-08
38800.04800076804 6.915227007989926e-08
38850.04800076804 1.0933355670147514e-07
38900.04800076804 1.1027509811343914e-07
38950.04800076804 8.377262206703127e-08
39000.04800076804 1.2556018435442458e-07
39050.04800076804 9.462479852941489e-08
39100.04800076804 1.1759592931293586e-07
39150.04800076804 1.0231163743771288e-07
39200.04800076804 8.876737983727078e-08
39250.04800076804 1.2039715352221772e-07
39300.04800076804 1.1486525576136299e-07
39350.04800076804 1.632538409448654e-07
39400.04800076804 1.3027692157756575e-07
39450.04800076804 1.3516531836399427e-07
39500.04800076804 1.26350617937038e-07
39550.04800076804 1.1889114660033201e-07
39600.04800076804 1.4155462314073776e-07
39650.04800076804 1.7861464883431563e-07
39700.04800076804 1.2664424662168348e-07
39750.04800076804 9.242692158461865e-08
39800.04800076804 1.25772006178658e-07
39850.04800076804 1.5775659815599718e-07
39900.04800076804 1.6247869283258998e-07
39950.04800076804 1.4944177738420264e-07
40000.04800076804 1.8709634550425253e-07
40050.04800076804 1.6830853193363425e-07
40100.04800076804 1.1000679751774856e-07
40150.04800076804 1.9429426940960992e-07
40200.04800076804 1.8999672415590246e-07
40250.04800076804 1.7798146734528873e-07
40300.04800076804 2.0328472184681368e-07
40350.04800076804 1.4182881921068653e-07
40400.04800076804 1.9078802902700468e-07
40450.04800076804 1.6129210518333273e-07
40500.04800076804 2.1623241813584744e-07
40550.04800076804 2.0439724989395347e-07
40600.04800076804 1.915045015277703e-07
40650.04800076804 1.9221508799746293e-07
40700.04800076804 2.7228988874813304e-07
40750.04800076804 2.321281587682181e-07
40800.04800076804 1.6893642010231225e-07
40850.04800076804 2.709119213719959e-07
40900.04800076804 2.1949084851304965e-07
40950.04800076804 1.8713802831672691e-07
41000.04800076804 2.2433420294253564e-07
41050.04800076804 2.7692079568847414e-07
41100.04800076804 1.7629776499909826e-07
41150.04800076804 1.534220814372781e-07
41200.04800076804 2.8502645122488666e-07
41250.04800076804 2.391905523256295e-07
41300.04800076804 2.0533687019767114e-07
41350.04800076804 2.951765077540161e-07
41400.04800076804 2.4964557291811923e-07
41450.04800076804 2.760912028068039e-07
41500.04800076804 2.0690111611165697e-07
41550.04800076804 2.01450495195137e-07
41600.04800076804 2.694378016706062e-07
41650.04800076804 2.540555574732963e-07
41700.04800076804 2.384901063809664e-07
41750.04800076804 2.1912530725310223e-07
41800.04800076804 3.067069677631245e-07
41850.04800076804 1.8552493544982576e-07
41900.04800076804 2.1307018229741229e-07
41950.04800076804 2.3591238913472243e-07
42000.04800076804 2.748979555782482e-07
42050.04800076804 2.4566591456408816e-07
42100.04800076804 2.962659316311173e-07
42150.04800076804 2.232021534865535e-07
42200.04800076804 2.506911289374469e-07
42250.04800076804 2.151778959145934e-07
42300.04800076804 2.3292902340152658e-07
42350.04800076804 2.630119641318866e-07
42400.04800076804 2.4346576801904347e-07
42450.04800076804 2.457554687901506e-07
42500.04800076804 2.217361931437957e-07
42550.04800076804 2.2348332740910255e-07
42600.04800076804 2.2121041017710192e-07
42650.04800076804 3.331499971695591e-07
42700.04800076804 1.956419191775805e-07
42750.04800076804 2.135039756511778e-07
42800.04800076804 2.0407884698784287e-07
42850.04800076804 2.4347435114240625e-07
42900.04800076804 2.7628064681801534e-07
42950.04800076804 2.1458933058864197e-07
43000.04800076804 2.882440899242969e-07
43050.04800076804 1.4721543566521336e-07
43100.04800076804 1.9991090466905202e-07
43150.04800076804 2.3955430997726946e-07
43200.04800076804 2.6416984746520494e-07
43250.04800076804 3.1755611346173177e-07
43300.04800076804 3.3355544870696915e-07
43350.04800076804 1.9816551522879682e-07
43400.04800076804 2.5672479162662793e-07
43450.04800076804 1.6992207865862555e-07
43500.04800076804 1.8460165135168764e-07
43550.04800076804 2.0498224806132148e-07
