galfind/configs/Brown_Dwarf_templates/sonora_cholla/logkzz2/100g/850K_100g_logkzz2_resample.dat
# %ECSV 1.0
# ---
# datatype:
# - {name: wav, unit: Angstrom, datatype: float64}
# - {name: flux_nu, unit: erg / (cm2 Hz s), datatype: float64}
# schema: astropy-2.0
wav flux_nu
[from data line 387]
29350.000000000095 9.38034230497873e-08
29400.000000000095 4.0972839940701706e-08
29450.000000000095 4.476584506184741e-08
29500.000000000095 5.249098226345944e-08
29550.000000000095 4.018649352926608e-08
29600.000000000095 6.06984979834014e-08
29650.000000000095 5.570058189388997e-08
29700.000000000095 3.921119909829753e-08
29750.000000000095 5.327051253794774e-08
29800.000000000095 6.446805158759223e-08
29850.000000000095 7.175481393519812e-08
29900.000000000095 6.822148209321473e-08
29950.000000000095 5.324728391910426e-08
30000.000000000095 4.727877738099499e-08
30050.000000000095 4.358234019279241e-08
30100.000000000095 5.779248179428771e-08
30150.000000000095 7.17139312774894e-08
30200.000000000095 5.2040419121383096e-08
30250.000000000095 7.801213818081212e-08
30300.000000000095 6.66932305523976e-08
30350.000000000095 5.423274648184378e-08
30400.000000000095 6.763109659915004e-08
30450.000000000095 5.217852812522903e-08
30500.000000000095 4.879405898018701e-08
30550.000000000095 4.7450457002634856e-08
30600.000000000095 5.8925605882439736e-08
30650.000000000095 5.014107713042408e-08
30700.000000000095 4.265677308426719e-08
30750.000000000095 3.998219372299868e-08
30800.000000000095 3.816327006153973e-08
30850.000000000095 3.7464521508178675e-08
30900.000000000095 3.554795199829972e-08
30950.000000000095 2.5022157147640812e-08
31000.000000000095 2.905293606874522e-08
31050.000000000095 2.865731694648333e-08
31100.000000000095 1.8522091253270906e-08
31150.000000000095 2.419254532808728e-08
31200.000000000095 2.5141214183887745e-08
31250.000000000095 1.8187718883894593e-08
31300.000000000095 1.6714542156284352e-08
31350.000000000095 1.7633151839073066e-08
31400.000000000095 1.0227184464871134e-08
31450.000000000095 1.8171482264905573e-08
31500.000000000095 1.0279621134875293e-08
31550.000000000095 1.4547178235214286e-08
31600.000000000095 8.881736168708553e-09
31650.000000000095 9.49601185245229e-09
31700.000000000095 1.1141662133933483e-08
31750.000000000095 6.131117217415043e-09
31800.000000000095 1.0350546866208872e-08
31850.000000000095 7.3907683641871e-09
31900.000000000095 8.191704598030142e-09
31950.000000000095 6.920137766213298e-09
32000.000000000095 7.808596585754606e-09
32050.000000000095 5.140544754553427e-09
32100.000000000095 5.160515998053089e-09
32150.000000000095 6.810464958400429e-09
32200.000000000095 4.6351452618118875e-09
32250.000000000095 9.36360454201806e-09
32300.000000000095 3.674562985009366e-09
32350.000000000095 9.710298911014904e-09
32400.000000000095 5.3611294161099784e-09
32450.000000000095 7.893571647272603e-09
32500.000000000095 5.741892031597502e-09
32550.000000000095 8.094638524088889e-09
32600.000000000095 7.679662354522334e-09
32650.000000000095 1.205290048819639e-08
32700.000000000095 9.139811345085774e-09
32750.000000000095 1.448928284110514e-08
32800.000000000095 9.750820544523762e-09
32850.000000000095 1.6874580186885113e-08
32900.000000000095 1.637922846062768e-08
32950.000000000095 1.909669540012562e-08
33000.000000000095 1.4647005815833558e-08
33050.000000000095 1.5169868586517572e-08
33100.000000000095 6.126467844538209e-09
33150.000000000095 6.133510006305562e-10
33200.000000000095 1.0186758612810466e-09
33250.000000000095 5.330634055107081e-10
33300.000000000095 8.119416408901476e-10
33350.000000000095 2.1354462904952474e-09
33400.000000000095 3.803327244871854e-09
33450.000000000095 5.042874453810704e-09
33500.000000000095 7.940074691360816e-09
33550.000000000095 6.909673039526669e-09
33600.000000000095 1.1319304100636949e-08
33650.000000000095 9.674493934908117e-09
33700.000000000095 8.462200109412095e-09
33750.000000000095 1.2817034766749408e-08
33800.000000000095 7.1565237447102755e-09
33850.000000000095 1.0722120756928835e-08
33900.000000000095 1.0329409113704618e-08
33950.000000000095 1.0661815021718274e-08
34000.000000000095 1.4093445943677868e-08
34050.000000000095 5.207093864429726e-09
34100.000000000095 1.2874992275147377e-08
34150.000000000095 8.724885697696254e-09
34200.000000000095 1.1930733839616547e-08
34250.000000000095 8.805948867635437e-09
34300.000000000095 8.017298010522112e-09
34350.000000000095 1.2059294774009651e-08
34400.000000000095 8.754338997241077e-09
34450.000000000095 1.423521488886554e-08
34500.000000000095 8.858048690396108e-09
34550.000000000095 6.985326034074335e-09
34600.000000000095 1.4598222637041182e-08
34650.000000000095 7.403744057283679e-09
34700.000000000095 9.371921082728082e-09
34750.000000000095 8.269764705516492e-09
34800.000000000095 6.845096269164475e-09
34850.000000000095 1.1136418650113646e-08
34900.000000000095 1.2574639344822771e-08
34950.000000000095 1.0434070767256784e-08
35000.000000000095 1.547274795179062e-08
35050.000000000095 1.1464902785896366e-08
35100.000000000095 1.688469993350826e-08
35150.000000000095 1.5187313960623374e-08
35200.000000000095 2.1503092950347985e-08
35250.000000000095 1.959886551681691e-08
35300.000000000095 1.3982441856514203e-08
35350.000000000095 2.123304671578023e-08
35400.000000000095 2.0289473895459574e-08
35450.000000000095 1.7712817457205438e-08
35500.000000000095 3.353561654879783e-08
35550.000000000095 2.4212827778039097e-08
35600.000000000095 2.6452375426378765e-08
35650.000000000095 2.5353443079529526e-08
35700.000000000095 1.8040660039228567e-08
35750.000000000095 3.778817201626873e-08
35800.000000000095 2.8047760426557958e-08
35850.000000000095 1.9275878169943106e-08
35900.000000000095 3.18890147107801e-08
35950.000000000095 3.0929825728754656e-08
36000.000000000095 1.7170301073104993e-08
36050.000000000095 2.8123073110441618e-08
36100.000000000095 2.8029456759281253e-08
36150.000000000095 3.037106462412206e-08
36200.000000000095 2.7781262665204563e-08
36250.000000000095 3.471063549321487e-08
36300.000000000095 3.59617731684421e-08
36350.000000000095 3.6659113469176616e-08
36400.000000000095 4.990569516715177e-08
36450.000000000095 4.82486597366853e-08
36500.000000000095 5.1372306788844156e-08
36550.000000000095 5.1273806028982547e-08
36600.000000000095 6.610253122916885e-08
36650.000000000095 6.889594705938509e-08
36700.000000000095 7.403095638288962e-08
36750.000000000095 8.061679852917681e-08
36800.000000000095 6.644702947323997e-08
36850.000000000095 5.8756249501751325e-08
36900.000000000095 7.022714932247186e-08
36950.000000000095 7.28532842246461e-08
37000.000000000095 6.899595260751035e-08
37050.000000000095 7.931503075801232e-08
37100.000000000095 8.566975422855099e-08
37150.000000000095 8.296117243705195e-08
37200.000000000095 7.458114471751255e-08
37250.000000000095 6.771067996857201e-08
37300.000000000095 7.140515111447817e-08
37350.000000000095 8.759825767453267e-08
37400.000000000095 1.0124008303405211e-07
37450.000000000095 8.893225695348035e-08
37500.000000000095 7.333287675874542e-08
37550.000000000095 1.2470473098574968e-07
37600.000000000095 1.2746172890252644e-07
37650.000000000095 9.190913498809345e-08
37700.000000000095 1.0055370026863494e-07
37750.000000000095 7.616178153615092e-08
37800.000000000095 8.681973206116674e-08
37850.000000000095 7.70242982355378e-08
37900.000000000095 8.840914176185452e-08
37950.000000000095 1.0776138316783528e-07
38000.000000000095 1.3193590739681813e-07
38050.000000000095 1.1485062880235008e-07
38100.000000000095 1.2304785365403477e-07
38150.000000000095 1.3795404570209833e-07
38200.000000000095 1.4025951094643288e-07
38250.000000000095 1.3664781333631753e-07
38300.000000000095 1.8285138316292243e-07
38350.000000000095 1.8288223627062813e-07
38400.000000000095 1.1401340244931608e-07
38450.000000000095 1.1660705658707491e-07
38500.000000000095 8.2484829001164e-08
38550.000000000095 1.1203176479589154e-07
38600.000000000095 1.2399015044170593e-07
38650.000000000095 1.730993638135813e-07
38700.000000000095 1.4661487224760153e-07
38750.000000000095 1.5545300190811235e-07
38800.000000000095 1.227544119672396e-07
38850.000000000095 1.818515519525152e-07
38900.000000000095 1.8034427848905387e-07
38950.000000000095 1.4812788459757186e-07
39000.000000000095 2.041545976682173e-07
39050.000000000095 1.6130731774866951e-07
39100.000000000095 1.9008435575141954e-07
39150.000000000095 1.6910159121636303e-07
39200.000000000095 1.5574609271440004e-07
39250.000000000095 2.0126306463472444e-07
39300.000000000095 1.892766151259939e-07
39350.000000000095 2.5463809095155863e-07
39400.000000000095 2.1856043723905611e-07
39450.000000000095 2.209299231466571e-07
39500.000000000095 1.9680606125395523e-07
39550.000000000095 1.9854105631104248e-07
39600.000000000095 2.215662270203837e-07
39650.000000000095 2.7992428256422755e-07
39700.000000000095 2.0732970592678627e-07
39750.000000000095 1.5926420714890469e-07
39800.000000000095 2.2804518534834432e-07
39850.000000000095 2.535761690143564e-07
39900.000000000095 2.475873900554334e-07
39950.000000000095 2.4242947309527657e-07
40000.000000000095 2.897302926847135e-07
40050.000000000095 2.7862200582412135e-07
40100.000000000095 1.934914653195912e-07
40150.000000000095 3.1178123428913446e-07
40200.000000000095 3.0961042588523983e-07
40250.000000000095 2.718920455345963e-07
40300.000000000095 3.1481907288355476e-07
40350.000000000095 2.40896773513838e-07
40400.000000000095 2.965664763580702e-07
40450.000000000095 2.753854896986505e-07
40500.000000000095 3.298441739050772e-07
40550.000000000095 3.245297071813664e-07
40600.000000000095 3.0492427601366715e-07
40650.000000000095 3.125809839233262e-07
40700.000000000095 4.1433094035653115e-07
40750.000000000095 3.6161874577971276e-07
40800.000000000095 2.747370603645194e-07
40850.000000000095 4.090197099445773e-07
40900.000000000095 3.2591505247702026e-07
40950.000000000095 2.971388982882235e-07
41000.000000000095 3.539575327744787e-07
41050.000000000095 4.137376389834641e-07
41100.000000000095 3.2095439365567267e-07
41150.000000000095 2.5991998609849417e-07
41200.000000000095 4.2151803032318244e-07
41250.000000000095 3.7576399913289166e-07
41300.000000000095 3.185924597108035e-07
41350.000000000095 4.4646734523554346e-07
41400.000000000095 3.852737368696639e-07
41450.000000000095 4.1450290284123866e-07
41500.000000000095 3.2272956501109284e-07
41550.000000000095 3.255043441240281e-07
41600.000000000095 4.1328788443160433e-07
41650.000000000095 3.636363661359688e-07
41700.000000000095 3.561857879146927e-07
41750.000000000095 3.17566502858973e-07
41800.000000000095 4.643674044167084e-07
41850.000000000095 2.7127117158769796e-07
41900.000000000095 3.315655812383111e-07
41950.000000000095 3.5652454041426923e-07
42000.000000000095 3.946031977660525e-07
42050.000000000095 3.6746440650100477e-07
42100.000000000095 4.0787738322834913e-07
42150.000000000095 3.1689797235896646e-07
42200.000000000095 3.5738221230862e-07
42250.000000000095 3.1360141098160836e-07
42300.000000000095 3.4612408746022475e-07
42350.000000000095 3.784717934542499e-07
42400.000000000095 3.2608726812786594e-07
42450.000000000095 3.352548018150775e-07
42500.000000000095 3.069777379347262e-07
42550.000000000095 3.240167477006691e-07
42600.000000000095 3.1297967426878904e-07
42650.000000000095 4.4816728764132854e-07
42700.000000000095 2.9126335452693466e-07
42750.000000000095 3.026782002060101e-07
42800.000000000095 2.8701639851568154e-07
42850.000000000095 3.3370078623794275e-07
42900.000000000095 3.75345437084611e-07
42950.000000000095 2.942581985203448e-07
43000.000000000095 3.986979144350986e-07
43050.000000000095 2.223817305183637e-07
43100.000000000095 2.979751616180649e-07
43150.000000000095 3.5281800938909145e-07
43200.000000000095 3.6516363393213347e-07
43250.000000000095 4.1038824206905975e-07
43300.000000000095 4.473088702408227e-07
43350.000000000095 2.849612726152494e-07
43400.000000000095 3.6027576712809477e-07
43450.000000000095 2.480502453889057e-07
43500.000000000095 2.5908948777033164e-07
43550.000000000095 2.810772921986463e-07
43600.000000000095 3.6678087804591365e-07
43650.000000000095 2.515882280878307e-07
43700.000000000095 4.19620177198986e-07
43750.000000000095 4.032915202982647e-07
43800.000000000095 3.193721640076019e-07
43850.000000000095 3.373271026821485e-07
43900.000000000095 2.685691852729398e-07
43950.000000000095 2.5334850108172305e-07
44000.000000000095 1.716961416577868e-07
44050.000000000095 3.18201616206082e-07
44100.000000000095 3.3748309332181e-07
44150.000000000095 3.3971285755199613e-07
44200.000000000095 2.812396898496158e-07
44250.000000000095 2.4962512064160467e-07
44300.000000000095 2.23518547865093e-07
44350.000000000095 1.936367981616624e-07
44400.000000000095 2.0828611887734357e-07
44450.000000000095 2.2902335292281358e-07
44500.000000000095 1.8426969971947925e-07
44550.000000000095 2.342183983936689e-07
44600.000000000095 1.818850991440656e-07
44650.000000000095 2.1386477927147883e-07
44700.000000000095 1.8279136905878523e-07
44750.000000000095 2.0143800074000534e-07
44800.000000000095 1.7035594819177571e-07
44850.000000000095 1.8141750787974015e-07
44900.000000000095 1.317920433650925e-07
44950.000000000095 1.3400213007056712e-07
45000.000000000095 1.4775909364728766e-07
45050.000000000095 1.525561988043911e-07
45100.000000000095 1.3783229026221287e-07
45150.000000000095 1.286312756990367e-07
45200.000000000095 8.802080308676038e-08
45250.000000000095 1.0264701086066469e-07
45300.000000000095 1.1908339320981451e-07
45350.000000000095 1.2232071746956037e-07
45400.000000000095 9.191478944968688e-08
45450.000000000095 9.346427716683577e-08
45500.000000000095 9.489991752851706e-08
45550.000000000095 1.1283162237366977e-07
45600.000000000095 9.247331457434768e-08
45650.000000000095 8.841578910864564e-08
45700.000000000095 1.0561587060268376e-07
45750.000000000095 9.447484580924504e-08
45800.000000000095 8.10653653072142e-08
45850.000000000095 1.3313124503517806e-07
45900.000000000095 1.3301803157703647e-07
45950.000000000095 8.356481118644502e-08
46000.000000000095 1.209110187743205e-07
46050.000000000095 1.259658445010923e-07
46100.000000000095 8.528940415319455e-08
46150.000000000095 1.2056620497427542e-07
46200.000000000095 1.1230336694788551e-07
46250.000000000095 5.5891232376992867e-08
46300.000000000095 1.4004737824851217e-07
46350.000000000095 9.661183423965168e-08
46400.000000000095 1.2547037273335136e-07
46450.000000000095 1.6489798608123284e-07
46500.000000000095 1.1349814100727852e-07
46550.000000000095 1.4095591854186604e-07
46600.000000000095 1.4993397699747602e-07
46650.000000000095 2.7367175157345844e-07
46700.000000000095 1.807476532855071e-07
46750.000000000095 1.390521607372458e-07
46800.000000000095 9.299349128628624e-08
46850.000000000095 1.853282440538673e-07
46900.000000000095 1.5062563706328431e-07
46950.000000000095 2.0056876705824188e-07
47000.000000000095 1.097692679453135e-07
47050.000000000095 2.0850226620408804e-07
47100.000000000095 8.311342400589882e-08
47150.000000000095 1.172514396456297e-07
47200.000000000095 1.5867589975765243e-07
47250.000000000095 9.841314600719332e-08
47300.000000000095 1.1069410091200948e-07
47350.000000000095 9.178691935357488e-08
47400.000000000095 1.7871793297860077e-07
47450.000000000095 9.2260053798963e-08
47500.000000000095 1.9552293580189332e-07
47550.000000000095 9.831947440255927e-08
47600.000000000095 1.7565760574040655e-07
47650.000000000095 9.475745488589032e-08
47700.000000000095 1.6511734389614128e-07
47750.000000000095 7.367396835390903e-08
47800.000000000095 1.3213825343553035e-07
47850.000000000095 7.222790484799813e-08
47900.000000000095 1.2034384248891172e-07
47950.000000000095 1.0388392793777864e-07
48000.000000000095 2.0884889566698845e-07
48050.000000000095 1.2576509962464006e-07
48100.000000000095 1.459054752414458e-07
48150.000000000095 1.1840749842474395e-07
48200.000000000095 1.7279551247393946e-07
48250.000000000095 1.1983185445535545e-07
48300.000000000095 2.3547986409164107e-07
48350.000000000095 1.0451327562614177e-07
48400.000000000095 1.1883948776765958e-07
48450.000000000095 1.1066038467623056e-07
48500.000000000095 2.1658388881228678e-07
48550.000000000095 9.97376389087451e-08
48600.000000000095 1.762777631384956e-07
