galfind/configs/Brown_Dwarf_templates/sonora_cholla/logkzz2/100g/850K_100g_logkzz2_resample.dat
# %ECSV 1.0
# ---
# datatype:
# - {name: wav, unit: Angstrom, datatype: float64}
# - {name: flux_nu, unit: erg / (cm2 Hz s), datatype: float64}
# schema: astropy-2.0
wav flux_nu
10000.000000000093 nan
10050.000000000093 1.0648844705329513e-07
10100.000000000093 1.328638819561647e-07
10150.000000000093 1.4345618615056537e-07
10200.000000000093 1.6670606238547387e-07
10250.000000000093 1.864981607694773e-07
10300.000000000093 1.9806428516464552e-07
10350.000000000093 2.352240024891276e-07
10400.000000000093 2.6690595323281366e-07
10450.000000000093 2.7818370162437737e-07
10500.000000000093 2.7643180258283995e-07
10550.000000000093 2.8240954224312353e-07
10600.000000000093 2.9174899052024974e-07
10650.000000000093 3.1168916710067924e-07
10700.000000000093 3.238466638457126e-07
10750.000000000093 3.372507689529677e-07
10800.000000000093 3.3528028493887275e-07
10850.000000000093 3.349223953915571e-07
10900.000000000093 2.4245569823632645e-07
10950.000000000093 1.2508352880595605e-07
11000.000000000093 9.378042741307713e-08
11050.000000000093 6.500224602389851e-08
11100.000000000093 4.700319083583687e-08
11150.000000000093 2.856396551855003e-08
11200.000000000093 2.519594737492062e-08
11250.000000000093 3.0803412252406925e-08
11300.000000000093 3.333138214288656e-08
11350.000000000093 1.3923721478056415e-08
11400.000000000093 3.0288153295204567e-08
11450.000000000093 2.194181728533137e-08
11500.000000000093 1.98235633307517e-08
11550.000000000093 8.609369534052251e-09
11600.000000000093 9.487349563538538e-09
11650.000000000093 1.639800205075373e-08
11700.000000000093 1.8898128995792456e-08
11750.000000000093 6.416059026276817e-09
11800.000000000093 2.229422249276888e-08
11850.000000000093 3.838062739247987e-08
11900.000000000093 4.368779916470211e-08
11950.000000000093 6.740201566010406e-08
12000.000000000093 9.054614927886303e-08
12050.000000000093 1.2234112527367243e-07
12100.000000000093 1.5623728424764082e-07
12150.000000000093 1.8931227206439108e-07
12200.000000000093 2.2877931374483417e-07
12250.000000000093 2.7558417152771235e-07
12300.000000000093 3.176199711156498e-07
12350.000000000093 3.3610010691377037e-07
12400.000000000093 3.8699034222774336e-07
12450.000000000093 4.518029304533395e-07
12500.000000000093 4.860743835474425e-07
12550.000000000093 5.173472702954795e-07
12600.000000000093 5.117064886724966e-07
12650.000000000093 5.019973402458434e-07
12700.000000000093 5.050496502793329e-07
12750.000000000093 4.6650017400033225e-07
12800.000000000093 4.6198349755575985e-07
12850.000000000093 3.8350676823597946e-07
12900.000000000093 3.2781363706664935e-07
12950.000000000093 3.23172962794442e-07
13000.000000000093 3.0632589891867543e-07
13050.000000000093 2.689504260911264e-07
13100.000000000093 2.3162627825052065e-07
13150.000000000093 1.7661309500884598e-07
13200.000000000093 1.571826139464749e-07
13250.000000000093 1.0948519773691704e-07
13300.000000000093 4.8722326257273575e-08
13350.000000000093 1.3205808983300065e-08
13400.000000000093 7.306743055224119e-09
13450.000000000093 3.5937697691844716e-09
13500.000000000093 1.916115562738437e-09
13550.000000000093 1.3772235985378322e-09
13600.000000000093 5.88070663243909e-10
13650.000000000093 2.0579619801210715e-09
13700.000000000093 1.557814251879744e-09
13750.000000000093 1.7910654732625482e-09
13800.000000000093 1.993980288104406e-09
13850.000000000093 1.5246991243726514e-09
13900.000000000093 1.5906252364101151e-09
13950.000000000093 1.378323120079663e-09
14000.000000000093 1.335625527775693e-09
14050.000000000093 1.892942870686103e-09
14100.000000000093 1.7085977111109937e-09
14150.000000000093 2.674420672900584e-09
14200.000000000093 1.9437564219037683e-09
14250.000000000093 2.2717178569663028e-09
14300.000000000093 4.105649979498712e-09
14350.000000000093 3.987146552570745e-09
14400.000000000093 4.713970557151487e-09
14450.000000000093 5.41875708680934e-09
14500.000000000093 1.091412106599363e-08
14550.000000000093 1.1338010277749226e-08
14600.000000000093 1.6019410600192466e-08
14650.000000000093 1.7337369250022646e-08
14700.000000000093 1.1646818956333018e-08
14750.000000000093 1.7021442780488665e-08
14800.000000000093 2.280798143102806e-08
14850.000000000093 2.3761690463214385e-08
14900.000000000093 2.6919747966028636e-08
14950.000000000093 3.2238061476486715e-08
15000.000000000093 3.599183444211573e-08
15050.000000000093 4.442675423437554e-08
15100.000000000093 5.297463639886944e-08
15150.000000000093 5.6992726148157496e-08
15200.000000000093 5.247718386994788e-08
15250.000000000093 6.98197041768655e-08
15300.000000000093 8.451278644761035e-08
15350.000000000093 1.0283411065210352e-07
15400.000000000093 1.1558536562605423e-07
15450.000000000093 1.3204945901594973e-07
15500.000000000093 1.4163512630907472e-07
15550.000000000093 1.671767946102763e-07
15600.000000000093 1.8490829132487038e-07
15650.000000000093 1.9155352253405677e-07
15700.000000000093 2.1962712022319403e-07
15750.000000000093 2.352438771962975e-07
15800.000000000093 2.2309618834202232e-07
15850.000000000093 2.355522747675254e-07
15900.000000000093 2.1450282124921524e-07
15950.000000000093 1.8963526038672688e-07
16000.000000000093 1.5011449258700424e-07
16050.000000000093 1.0132167969137177e-07
16100.000000000093 7.269780473233079e-08
16150.000000000093 4.319248881677416e-08
16200.000000000093 2.6704660032948616e-08
16250.000000000093 2.5209802298062373e-08
16300.000000000093 1.819539001980888e-08
16350.000000000093 2.0776029805200216e-08
16400.000000000095 2.3730968791316955e-08
16450.000000000095 2.6780693232830463e-08
16500.000000000095 2.8754733347803444e-08
16550.000000000095 2.6238922125397797e-08
16600.000000000095 2.6681664203315422e-08
16650.000000000095 1.9326113622496e-08
16700.000000000095 6.000798309431956e-09
16750.000000000095 1.0513841512697305e-08
16800.000000000095 1.8074107594776862e-08
16850.000000000095 1.964610934086157e-08
16900.000000000095 1.4409691811808494e-08
16950.000000000095 1.2081389563574085e-08
17000.000000000095 8.944536674380246e-09
17050.000000000095 1.2682033146282312e-08
17100.000000000095 1.698440255253364e-08
17150.000000000095 1.1323147759793132e-08
17200.000000000095 2.266360226596203e-08
17250.000000000095 1.7533841705845203e-08
17300.000000000095 1.2733785394531894e-08
17350.000000000095 1.3374162032061608e-08
17400.000000000095 1.430927164100904e-08
17450.000000000095 1.8354445960497434e-08
17500.000000000095 2.3292116060569905e-08
17550.000000000095 2.0155867715626432e-08
17600.000000000095 1.555422599268301e-08
17650.000000000095 1.5261356278124325e-08
17700.000000000095 1.1564786099909885e-08
17750.000000000095 1.107005602745114e-08
17800.000000000095 1.6263942654386183e-08
17850.000000000095 1.0997656750567111e-08
17900.000000000095 1.1259914364972369e-08
17950.000000000095 7.425389219369219e-09
18000.000000000095 9.44232758848758e-09
18050.000000000095 1.0938851892336652e-08
18100.000000000095 9.217683206034667e-09
18150.000000000095 1.4276171600711326e-08
18200.000000000095 8.413174991596335e-09
18250.000000000095 1.8994516309501224e-08
18300.000000000095 1.0800426683293398e-08
18350.000000000095 9.046249489715446e-09
18400.000000000095 7.692577563508736e-09
18450.000000000095 1.1549009253876688e-08
18500.000000000095 1.3340560697165044e-08
18550.000000000095 9.962660767541182e-09
18600.000000000095 9.56350630831995e-09
18650.000000000095 7.987705347973415e-09
18700.000000000095 6.935541710980168e-09
18750.000000000095 9.649659658167692e-09
18800.000000000095 2.1358641420297316e-08
18850.000000000095 2.3160601960427326e-08
18900.000000000095 2.0999350189953154e-08
18950.000000000095 3.503416181195863e-08
19000.000000000095 2.1648177610724235e-08
19050.000000000095 1.588859785273756e-08
19100.000000000095 3.0648246845041424e-08
19150.000000000095 2.1633605475741227e-08
19200.000000000095 2.7090936636527694e-08
19250.000000000095 2.2620066490377388e-08
19300.000000000095 1.8340413139780643e-08
19350.000000000095 1.7928586680158558e-08
19400.000000000095 1.1249119256898037e-08
19450.000000000095 2.230133470019367e-08
19500.000000000095 2.0022764601052092e-08
19550.000000000095 1.6285104005005667e-08
19600.000000000095 2.393628880632333e-08
19650.000000000095 2.631375468805895e-08
19700.000000000095 2.806136095870105e-08
19750.000000000095 3.1236161758461006e-08
19800.000000000095 3.587490679492625e-08
19850.000000000095 4.4425297883088355e-08
19900.000000000095 3.2579426377440006e-08
19950.000000000095 5.2282859352961995e-08
20000.000000000095 5.205927078492179e-08
20050.000000000095 5.383387589065923e-08
20100.000000000095 6.168160039124635e-08
20150.000000000095 5.615166630797176e-08
20200.000000000095 6.800653507780474e-08
20250.000000000095 7.99648707054538e-08
20300.000000000095 7.134539015956153e-08
20350.000000000095 8.328857171652566e-08
20400.000000000095 8.107484122022979e-08
20450.000000000095 1.0054091302586102e-07
20500.000000000095 1.0194634316398373e-07
20550.000000000095 9.778940860659482e-08
20600.000000000095 1.1339815921837552e-07
20650.000000000095 1.0585755549517469e-07
20700.000000000095 1.085008587615936e-07
20750.000000000095 1.182197626119117e-07
20800.000000000095 1.133926216631155e-07
20850.000000000095 1.1135742644892888e-07
20900.000000000095 1.1630251281429921e-07
20950.000000000095 1.051151208639268e-07
21000.000000000095 1.0983701645394605e-07
21050.000000000095 1.0022495589430445e-07
21100.000000000095 9.582845741123655e-08
21150.000000000095 9.450052540337144e-08
21200.000000000095 8.844928626605087e-08
21250.000000000095 8.443380930569704e-08
21300.000000000095 7.075844301100117e-08
21350.000000000095 7.26352316171904e-08
21400.000000000095 6.404998379480325e-08
21450.000000000095 5.605445540224105e-08
21500.000000000095 5.711082336014595e-08
21550.000000000095 5.222985918954301e-08
21600.000000000095 4.5433925728585085e-08
21650.000000000095 3.833779382672682e-08
21700.000000000095 4.053282978297072e-08
21750.000000000095 3.891607980213497e-08
21800.000000000095 3.3042272386097344e-08
21850.000000000095 2.8321001685085273e-08
21900.000000000095 2.3117618683199847e-08
21950.000000000095 9.513113751359355e-09
22000.000000000095 4.5755917386900336e-09
22050.000000000095 3.6271519343029385e-09
22100.000000000095 7.054514501340209e-09
22150.000000000095 9.28257435501339e-09
22200.000000000095 8.726759200732633e-09
22250.000000000095 7.969344147520675e-09
22300.000000000095 6.332061809062152e-09
22350.000000000095 6.161846030890098e-09
22400.000000000095 4.2660746563460235e-09
22450.000000000095 4.083370515676763e-09
22500.000000000095 4.41999162711327e-09
22550.000000000095 1.975578698179691e-09
22600.000000000095 3.1627785172532344e-09
22650.000000000095 4.055694200457391e-09
22700.000000000095 2.9148150058966465e-09
22750.000000000095 3.3585705250657e-09
22800.000000000095 2.8950574753097396e-09
22850.000000000095 2.5458220779779884e-09
22900.000000000095 1.7556843046893719e-09
22950.000000000095 1.9691571265644196e-09
23000.000000000095 2.165095080472142e-09
23050.000000000095 2.868984260906927e-09
23100.000000000095 6.025078641018151e-09
23150.000000000095 6.679025920659244e-09
23200.000000000095 1.5244857479221428e-09
23250.000000000095 1.4925508571217865e-09
23300.000000000095 1.7751081413739562e-09
23350.000000000095 1.463099011287201e-09
23400.000000000095 2.5179051645753957e-09
23450.000000000095 1.965110405470494e-09
23500.000000000095 1.7383334416951749e-09
23550.000000000095 3.0240097044561813e-09
23600.000000000095 3.1321364697343564e-09
23650.000000000095 4.736056493286266e-09
23700.000000000095 1.971078176674863e-09
23750.000000000095 1.3299065422136181e-09
23800.000000000095 2.7157387427309845e-09
23850.000000000095 2.5688265938462397e-09
23900.000000000095 4.95824663307064e-09
23950.000000000095 4.772639532449858e-09
24000.000000000095 6.293769621913739e-09
24050.000000000095 8.39559568480487e-09
24100.000000000095 6.382758272099016e-09
24150.000000000095 7.780311396417384e-09
24200.000000000095 7.766898526978827e-09
24250.000000000095 5.0673646520511726e-09
24300.000000000095 8.077673756619115e-09
24350.000000000095 6.3216830734233886e-09
24400.000000000095 1.0993872008473783e-08
24450.000000000095 9.440341245450832e-09
24500.000000000095 1.1167903998977196e-08
24550.000000000095 1.2628175958100895e-08
24600.000000000095 1.5193764247960747e-08
24650.000000000095 1.6614967430412645e-08
24700.000000000095 1.3254145581275105e-08
24750.000000000095 1.2671473157001952e-08
24800.000000000095 1.428419394989114e-08
24850.000000000095 2.051712200206245e-08
24900.000000000095 1.0848069352325172e-08
24950.000000000095 1.8802027340230782e-08
25000.000000000095 1.9751043122021664e-08
25050.000000000095 1.369450142588618e-08
25100.000000000095 1.731144393761505e-08
25150.000000000095 9.992749837250142e-09
25200.000000000095 1.5449846467674005e-08
25250.000000000095 8.357415542327692e-09
25300.000000000095 1.3563404296847317e-08
25350.000000000095 6.144144322504901e-09
25400.000000000095 1.4316682961054181e-08
25450.000000000095 8.008433870905193e-09
25500.000000000095 7.454931190612199e-09
25550.000000000095 9.966829339642491e-09
25600.000000000095 4.694621674870114e-09
25650.000000000095 4.638502957680509e-09
25700.000000000095 8.754497876767061e-09
25750.000000000095 3.818820059071766e-09
25800.000000000095 9.828279180450336e-09
25850.000000000095 3.6330608203981115e-09
25900.000000000095 5.203291256866236e-09
25950.000000000095 2.6867544615959566e-09
26000.000000000095 9.991313036837705e-09
26050.000000000095 4.319345747043058e-09
26100.000000000095 9.710550376465688e-09
26150.000000000095 6.7648975990659395e-09
26200.000000000095 8.670667742608902e-09
26250.000000000095 1.6336280370878853e-08
26300.000000000095 8.441823938781558e-09
26350.000000000095 1.9374751598103285e-08
26400.000000000095 2.4425545821532938e-08
26450.000000000095 2.0595462352519666e-08
26500.000000000095 2.011995716762696e-08
26550.000000000095 1.2283666367182353e-08
26600.000000000095 1.481278284135838e-08
26650.000000000095 5.375417408639246e-09
26700.000000000095 3.294677328903093e-09
26750.000000000095 3.304188176601848e-09
26800.000000000095 5.759520888651486e-09
26850.000000000095 3.3431452637848004e-09
26900.000000000095 9.967936564041941e-09
26950.000000000095 4.170664351481996e-09
27000.000000000095 1.4788183177826959e-08
27050.000000000095 1.2840815229859134e-08
27100.000000000095 6.468690727873952e-09
27150.000000000095 1.871237617037233e-08
27200.000000000095 6.5288364653866985e-09
27250.000000000095 1.0052923842065017e-08
27300.000000000095 3.293324286507675e-08
27350.000000000095 1.965900434025199e-08
27400.000000000095 3.112668125840045e-09
27450.000000000095 2.4560283346584114e-08
27500.000000000095 2.7157550585081165e-08
27550.000000000095 9.167550826660103e-09
27600.000000000095 1.885202672571427e-08
27650.000000000095 7.370117818901771e-09
27700.000000000095 5.396014437449482e-09
27750.000000000095 1.9586224954345652e-08
27800.000000000095 8.351406766013922e-09
27850.000000000095 1.0121400467555525e-08
27900.000000000095 1.330457808228073e-08
27950.000000000095 1.951671382048879e-08
28000.000000000095 1.8578055698835494e-08
28050.000000000095 5.951871745171348e-09
28100.000000000095 2.600469729932695e-08
28150.000000000095 1.639667186497133e-08
28200.000000000095 5.508882654335162e-09
28250.000000000095 2.6516586159501527e-08
28300.000000000095 3.8183696510463885e-08
28350.000000000095 8.076922103920312e-09
28400.000000000095 2.1689133022750063e-08
28450.000000000095 2.9728634382643948e-08
28500.000000000095 2.0699110227348772e-08
28550.000000000095 6.655427191003324e-09
28600.000000000095 2.8120755102001506e-08
28650.000000000095 2.760696465478082e-08
28700.000000000095 2.2995706012347916e-08
28750.000000000095 3.674919893121144e-08
28800.000000000095 3.0263603711978965e-08
28850.000000000095 4.026848771028083e-08
28900.000000000095 1.6651983484849653e-08
28950.000000000095 4.60409321600012e-08
29000.000000000095 2.8327769409947952e-08
29050.000000000095 3.537281788947807e-08
29100.000000000095 2.05906969020221e-08
29150.000000000095 4.9551285170053636e-08
29200.000000000095 3.108600836057947e-08
29250.000000000095 4.574319421562651e-08
