galfind/configs/Brown_Dwarf_templates/sonora_cholla/logkzz2/100g/900K_100g_logkzz2_resample.dat
# %ECSV 1.0
# ---
# datatype:
# - {name: wav, unit: Angstrom, datatype: float64}
# - {name: flux_nu, unit: erg / (cm2 Hz s), datatype: float64}
# schema: astropy-2.0
wav flux_nu
[from data line 773]
48650.000000000095 1.2461463043460828e-07
48700.000000000095 2.267223086532113e-07
48750.000000000095 1.3386089872334693e-07
48800.000000000095 2.2150068165544886e-07
48850.000000000095 1.5396457815289958e-07
48900.000000000095 2.2925424089136707e-07
48950.000000000095 1.9051610932265807e-07
49000.000000000095 1.4272158320165694e-07
49050.000000000095 2.1846215923010614e-07
49100.000000000095 1.4127824837367333e-07
49150.000000000095 2.487151840301304e-07
49200.000000000095 1.7740853885534773e-07
49250.000000000095 2.581239424961467e-07
49300.000000000095 1.8336737338876698e-07
49350.000000000095 1.6280365480225044e-07
49400.000000000095 1.9387207310386472e-07
49450.000000000095 2.135255572220533e-07
49500.000000000095 1.8207267938402072e-07
49550.000000000095 1.0004705161690081e-07
49600.000000000095 1.9107116204235388e-07
49650.000000000095 1.8375138529914867e-07
49700.000000000095 1.525943056952276e-07
49750.000000000095 2.6005596945821693e-07
49800.000000000095 1.5862324423124938e-07
49850.000000000095 3.0578693182818294e-07
49900.000000000095 2.333213541039972e-07
49950.000000000095 2.3770694286925875e-07
50000.000000000095 2.564637596312884e-07
50050.000000000095 2.611679455235685e-07
50100.000000000095 2.7944642471526345e-07
50150.000000000095 1.4379319716167482e-07
50200.000000000095 8.93713046663891e-08
50250.000000000095 2.4509029462896684e-07
50300.000000000095 1.7500619928689014e-07
50350.000000000095 2.446521830736409e-07
50400.000000000095 2.2995530936218407e-07
50450.000000000095 2.1247918825894162e-07
50500.000000000095 2.6608896782488355e-07
50550.000000000095 2.262116928403869e-07
50600.000000000095 2.437713775047371e-07
50650.000000000095 2.397944082320239e-07
50700.000000000095 3.237135411961798e-07
50750.000000000095 2.9476279677513007e-07
50800.000000000095 1.392495726021765e-07
50850.000000000095 1.3992987575056458e-07
50900.000000000095 2.7790808885327323e-07
50950.000000000095 2.789698810328318e-07
51000.000000000095 2.3139809010574595e-07
51050.000000000095 2.3009590486240233e-07
51100.000000000095 1.270731674746767e-07
51150.000000000095 1.894798961808051e-07
51200.000000000095 3.115316463014152e-07
51250.000000000095 2.4788996500610405e-07
51300.000000000095 1.735135183249938e-07
51350.000000000095 2.22739827137304e-07
51400.000000000095 1.4275073009367237e-07
51450.000000000095 1.254344192028114e-07
51500.000000000095 1.1619412322384913e-07
51550.000000000095 2.364733066308413e-07
51600.000000000095 1.6954637799286398e-07
51650.000000000095 2.303529411748164e-07
51700.000000000095 2.2800048369569323e-07
51750.000000000095 1.54096306115937e-07
51800.000000000095 2.9945512016180996e-07
51850.000000000095 2.304365244758983e-07
51900.000000000095 3.119613022735178e-07
51950.000000000095 2.453563233117834e-07
52000.000000000095 7.5148849132948e-08
52050.000000000095 1.616519363521214e-07
52100.000000000095 1.442102137830587e-07
52150.000000000095 1.0907689303698572e-07
52200.000000000095 1.1088787533320852e-07
52250.000000000095 1.6212962864224826e-07
52300.000000000095 2.718262880441635e-07
52350.000000000095 1.788992834802312e-07
52400.000000000095 1.3684566531076607e-07
52450.000000000095 2.445965448170313e-07
52500.000000000095 2.187463338072334e-07
52550.000000000095 2.2813428129477658e-07
52600.000000000095 1.6710200213460096e-07
52650.000000000095 1.8281991759204928e-07
52700.000000000095 1.6537187179793774e-07
52750.000000000095 1.2833644489775054e-07
52800.000000000095 1.3765433524247813e-07
52850.000000000095 1.661273598860603e-07
52900.000000000095 1.1838103820835786e-07
52950.000000000095 1.2332421864055508e-07
53000.000000000095 2.6459351631091113e-07
53050.000000000095 9.923014447238537e-08
53100.000000000095 2.26951367293323e-07
53150.000000000095 2.7863251646805185e-07
53200.000000000095 1.303058357105614e-07
53250.000000000095 2.5523020877887083e-07
53300.000000000095 2.541479283378394e-07
53350.000000000095 2.413326664118406e-07
53400.000000000095 2.46708742966815e-07
53450.000000000095 1.0426629209018578e-07
53500.000000000095 6.259309177851814e-08
53550.000000000095 1.0823756098293565e-07
53600.000000000095 1.6342755017416097e-07
53650.000000000095 1.5093904991162704e-07
53700.000000000095 1.322560525560476e-07
53750.000000000095 1.345909487189671e-07
53800.000000000095 1.305987738174919e-07
53850.000000000095 1.8120313799971316e-07
53900.000000000095 1.6917114650414893e-07
53950.000000000095 2.2941431528867187e-07
54000.000000000095 1.4963940446931337e-07
54050.000000000095 1.6718122908730022e-07
54100.000000000095 7.345190540920253e-08
54150.000000000095 1.1064516339835035e-07
54200.000000000095 4.857875504150664e-08
54250.000000000095 6.266724076091603e-08
54300.000000000095 1.1769181651000294e-07
54350.000000000095 1.5721728947466987e-07
54400.000000000095 1.6512610301606204e-07
54450.000000000095 1.2536621342239745e-07
54500.000000000095 1.1551671184597233e-07
54550.000000000095 1.0280223330771122e-07
54600.000000000095 1.3323359573280005e-07
54650.000000000095 5.971812240131909e-08
54700.000000000095 1.532657944545417e-07
54750.000000000095 1.4699405336972526e-07
54800.000000000095 1.0108535600028744e-07
54850.000000000095 1.2675362838641926e-07
54900.000000000095 1.6843863778997162e-07
54950.000000000095 2.2314585714417082e-07
55000.000000000095 8.638928983211198e-08
55050.000000000095 1.4744877997540593e-07
55100.000000000095 1.3046845515840475e-07
55150.000000000095 9.59543602090623e-08
55200.000000000095 9.832829045223818e-08
55250.000000000095 1.222484546574757e-07
55300.000000000095 8.434704253488496e-08
55350.000000000095 1.4496305729969624e-07
55400.000000000095 1.8372650893838662e-07
55450.000000000095 1.1861928028079612e-07
55500.000000000095 6.094157858474432e-08
55550.000000000095 8.400805035215294e-08
55600.000000000095 8.005438373525198e-08
55650.000000000095 7.631519225466942e-08
55700.000000000095 9.603952275431346e-08
55750.000000000095 1.0120044679033589e-07
55800.000000000095 6.940244258452979e-08
55850.000000000095 6.626364139490435e-08
55900.000000000095 1.3258726918600403e-07
55950.000000000095 1.6656078427682796e-07
56000.000000000095 7.670028261662687e-08
56050.000000000095 1.0600299072956208e-07
56100.000000000095 1.3347307448278223e-07
56150.000000000095 8.910601452035197e-08
56200.000000000095 1.0419895686948479e-07
56250.000000000095 1.1548458660875067e-07
56300.000000000095 1.1639349881155752e-07
56350.000000000095 1.1111005204539034e-07
56400.000000000095 6.624799718362838e-08
56450.000000000095 5.870489573993114e-08
56500.000000000095 6.980110562533039e-08
56550.000000000095 5.152081042499491e-08
56600.000000000095 1.2118783744987408e-07
56650.000000000095 1.1537353676596642e-07
56700.000000000095 1.207374355590401e-07
56750.000000000095 5.800535019261871e-08
56800.000000000095 1.3369523009624808e-07
56850.000000000095 1.0642720524563109e-07
56900.000000000095 6.809490813823175e-08
56950.000000000095 1.268851855710589e-07
57000.000000000095 1.4279856835260936e-07
57050.000000000095 8.696927222810487e-08
57100.000000000095 4.156278925208122e-08
57150.000000000095 6.572802907228852e-08
57200.000000000095 5.465105682974811e-08
57250.000000000095 7.335731865492248e-08
57300.000000000095 1.1093789309355476e-07
57350.000000000095 5.76609875636917e-08
57400.000000000095 1.0251563248844072e-07
57450.000000000095 8.735435310951714e-08
57500.000000000095 8.750149911049314e-08
57550.000000000095 1.171803056667407e-07
57600.000000000095 1.210342697863726e-07
57650.000000000095 4.012417090023194e-08
57700.000000000095 5.673282183227013e-08
57750.000000000095 7.892605701651268e-08
57800.000000000095 3.197371026731873e-08
57850.000000000095 1.6296946547205747e-07
57900.000000000095 1.8152667820464684e-07
57950.000000000095 1.5890085764151802e-07
58000.000000000095 7.234542078339276e-08
58050.000000000095 1.0921601968079511e-07
58100.000000000095 1.2554712059257545e-07
58150.000000000095 8.454518920499245e-08
58200.000000000095 4.3765971993406915e-08
58250.000000000095 5.861788177117541e-08
58300.000000000095 4.6607029634475185e-08
58350.000000000095 6.606996546303068e-08
58400.000000000095 9.99890552575993e-08
58450.000000000095 1.0067427559642505e-07
58500.000000000095 9.31668630926736e-08
58550.000000000095 9.955897446588019e-08
58600.000000000095 5.104785702365726e-08
58650.000000000095 6.803655125385003e-08
58700.000000000095 8.151034704488979e-08
58750.000000000095 8.826395039339302e-08
58800.000000000095 3.131783764575394e-08
58850.000000000095 7.232338348290956e-08
58900.000000000095 1.009412815217783e-07
58950.000000000095 5.409472346805776e-08
59000.000000000095 9.890292021611856e-08
59050.000000000095 1.0683905184084293e-07
59100.000000000095 1.240744463811624e-07
59150.000000000095 8.551109323620398e-08
59200.000000000095 9.768888306709469e-08
59250.000000000095 1.0882774267311332e-07
59300.000000000095 9.67739624387413e-08
59350.000000000095 4.072088473766711e-08
59400.000000000095 3.232356592913911e-08
59450.000000000095 8.967010664820714e-08
59500.000000000095 5.0491424455280654e-08
59550.000000000095 1.0017445278345829e-07
59600.000000000095 1.0141434934641137e-07
59650.000000000095 8.906353677749381e-08
59700.000000000095 5.79574426134078e-08
59750.000000000095 1.3529152886207093e-07
59800.000000000095 7.52213888237344e-08
59850.000000000095 1.0885178964530881e-07
59900.000000000095 4.6862226300266455e-08
59950.000000000095 7.718754441858013e-08
60000.000000000095 1.4604521203029592e-07
60050.000000000095 1.279334298276106e-07
60100.000000000095 1.3313002569619587e-07
60150.000000000095 8.322643561826145e-08
60200.000000000095 1.0530189838510459e-07
60250.000000000095 1.314956924815442e-07
60300.000000000095 1.2900812856425063e-07
60350.000000000095 8.98352853334811e-08
60400.000000000095 1.065658609904029e-07
60450.000000000095 4.9369587182190615e-08
60500.000000000095 2.8059891353117666e-08
60550.000000000095 1.1347674168543111e-07
60600.000000000095 1.1530667872969458e-07
60650.000000000095 8.995597384723515e-08
60700.000000000095 6.901072729320556e-08
60750.000000000095 5.145255862076196e-08
60800.000000000095 1.1509129946825401e-07
60850.000000000095 1.7392183784650006e-07
60900.000000000095 1.638895557846981e-07
60950.000000000095 1.447984614498355e-07
61000.000000000095 9.993693059085216e-08
61050.000000000095 6.884981625023567e-08
61100.000000000095 9.428396124543345e-08
61150.000000000095 3.671873817959849e-08
61200.000000000095 1.2900723506959473e-07
61250.000000000095 1.6017443846670294e-07
61300.000000000095 1.4230448861668498e-07
61350.000000000095 1.733406487313044e-07
61400.000000000095 1.0995681773464051e-07
61450.000000000095 5.512667756640284e-08
61500.000000000095 8.4173880955607e-08
61550.000000000095 8.46571995588675e-08
61600.000000000095 5.733970727962203e-08
61650.000000000095 1.0032388726695205e-07
61700.000000000095 7.896835142538557e-08
61750.000000000095 9.667258999837563e-08
61800.000000000095 1.1064390559616419e-07
61850.000000000095 6.332039754822808e-08
61900.000000000095 1.383523595618836e-07
61950.000000000095 1.209431993926787e-07
62000.000000000095 1.4557690627474748e-07
62050.000000000095 1.1283471806630454e-07
62100.000000000095 1.237559362513864e-07
62150.000000000095 1.5228193135577832e-07
62200.000000000095 1.24539985510347e-07
62250.000000000095 1.2655530176946598e-07
62300.000000000095 1.8578382658691365e-07
62350.000000000095 1.3532530976577058e-07
62400.000000000095 6.955425847199063e-08
62450.000000000095 1.1976369048463832e-07
62500.000000000095 1.6435624387929424e-07
62550.000000000095 1.5688238735436898e-07
62600.000000000095 1.7287717228827862e-07
62650.000000000095 1.2707137567144638e-07
62700.000000000095 1.448128245249101e-07
62750.000000000095 1.8696260697056408e-07
62800.000000000095 1.1103276253551486e-07
62850.000000000095 1.5478095335930336e-07
62900.000000000095 1.1030624766454929e-07
62950.000000000095 1.5984741185598484e-07
63000.000000000095 1.329029180703147e-07
63050.000000000095 1.807800920396857e-07
63100.000000000095 1.6411505095997024e-07
63150.000000000095 1.408578412432858e-07
63200.000000000095 1.7103434979755565e-07
63250.000000000095 1.0418624370609626e-07
63300.000000000095 1.5554978468957148e-07
63350.000000000095 1.488568265595993e-07
63400.000000000095 8.540652257820929e-08
63450.000000000095 6.388389694427319e-08
63500.000000000095 1.2933320210345804e-07
63550.000000000095 1.2826389690743988e-07
63600.000000000095 1.4049575673345436e-07
63650.000000000095 1.0535838834838932e-07
63700.000000000095 6.755367209085634e-08
63750.000000000095 9.753177552155184e-08
63800.000000000095 1.4573414336916424e-07
63850.000000000095 1.236865234207871e-07
63900.000000000095 7.832816269919991e-08
63950.000000000095 1.2603033710894893e-07
64000.000000000095 1.2729412435784196e-07
64050.000000000095 8.650522484571069e-08
64100.000000000095 3.154359601013847e-08
64150.000000000095 4.597216188418885e-08
64200.000000000095 4.835599877060344e-08
64250.000000000095 9.745303021063677e-08
64300.000000000095 7.037163391996014e-08
64350.000000000095 6.081166893769319e-08
64400.000000000095 1.048785032979819e-07
64450.000000000095 1.1534187173931774e-07
64500.000000000095 5.994073327988179e-08
64550.000000000095 8.910579712006714e-08
64600.000000000095 4.127365397132246e-08
64650.000000000095 8.422779674269074e-08
64700.000000000095 4.34985632922671e-08
64750.000000000095 6.169599260916002e-08
64800.000000000095 5.658803206141352e-08
64850.000000000095 4.6078889794839346e-08
64900.000000000095 5.017506535424662e-08
64950.000000000095 5.114697337509178e-08
65000.000000000095 6.574425407655206e-08
65050.000000000095 6.650764797587523e-08
65100.000000000095 9.647181017341859e-08
65150.000000000095 4.873751531374922e-08
65200.000000000095 4.342510623234132e-08
65250.000000000095 9.360569806730335e-08
65300.000000000095 6.705644730686579e-08
65350.000000000095 1.3141522916426393e-07
65400.000000000095 7.057110003878411e-08
65450.000000000095 7.619750901604072e-08
65500.000000000095 9.294352310694345e-08
65550.00000000009 5.3705661854617385e-08
65600.00000000009 7.83404931656175e-08
65650.00000000009 7.486925028035828e-08
65700.00000000009 6.916172894588974e-08
65750.00000000009 5.1161866358949014e-08
65800.00000000009 8.095623657339102e-08
65850.00000000009 9.248863910593972e-08
65900.00000000009 4.8360824095875595e-08
65950.00000000009 4.916229321832433e-08
66000.00000000009 7.07281810716878e-08
66050.00000000009 1.3539226219145795e-07
66100.00000000009 7.983126154916685e-08
66150.00000000009 5.786380016468507e-08
66200.00000000009 5.85288577664289e-08
66250.00000000009 5.353410640775942e-08
66300.00000000009 2.550614237445729e-08
66350.00000000009 3.352418456825389e-08
66400.00000000009 5.047233885896075e-08
66450.00000000009 9.134271435391715e-08
66500.00000000009 1.2876685432694337e-07
66550.00000000009 1.304920021884115e-07
66600.00000000009 9.619106533369236e-08
66650.00000000009 7.344888089980133e-08
66700.00000000009 7.257740863759079e-08
66750.00000000009 6.639489676922786e-08
66800.00000000009 8.817368185792295e-08
66850.00000000009 5.766054842709971e-08
66900.00000000009 1.1194422632891054e-07
66950.00000000009 1.258989453115201e-07
67000.00000000009 1.1383614950550008e-07
67050.00000000009 8.32538382371573e-08
67100.00000000009 6.048498068096856e-08
67150.00000000009 6.281657944879965e-08
67200.00000000009 8.101226480919042e-08
67250.00000000009 8.522168935262691e-08
67300.00000000009 9.17997759826154e-08
67350.00000000009 5.603118405931897e-08
67400.00000000009 1.208708048288424e-07
67450.00000000009 8.665726704949417e-08
67500.00000000009 8.161074505273331e-08
67550.00000000009 1.0662136740197994e-07
67600.00000000009 1.723795318102284e-07
67650.00000000009 1.3004855740621809e-07
67700.00000000009 9.139263357064016e-08
67750.00000000009 7.8179742012053e-08
67800.00000000009 1.0830113151437039e-07
67850.00000000009 6.063596088912739e-08
67900.00000000009 7.699176296178225e-08
67950.00000000009 5.402328704489099e-08
