galfind/configs/Brown_Dwarf_templates/sonora_cholla/logkzz7/3162g/1000K_3162g_logkzz7_resample.dat
# %ECSV 1.0
# ---
# datatype:
# - {name: wav, unit: Angstrom, datatype: float64}
# - {name: flux_nu, unit: erg / (cm2 Hz s), datatype: float64}
# schema: astropy-2.0
wav flux_nu
[from data line 1162]
68100.00000000009 1.4192822060419112e-07
68150.00000000009 1.1879943145584583e-07
68200.00000000009 1.2153362679869834e-07
68250.00000000009 5.217546906702725e-08
68300.00000000009 1.1018870904938439e-07
68350.00000000009 8.118760001360726e-08
68400.00000000009 1.4776242683254027e-07
68450.00000000009 1.3683648862470426e-07
68500.00000000009 1.1281349113993344e-07
68550.00000000009 7.334578832876749e-08
68600.00000000009 7.834172218149753e-08
68650.00000000009 5.0860260669680246e-08
68700.00000000009 8.659348977299593e-08
68750.00000000009 1.0929308115941909e-07
68800.00000000009 1.2090162865051228e-07
68850.00000000009 6.50850648465381e-08
68900.00000000009 1.5923121393468305e-07
68950.00000000009 1.7293234422646176e-07
69000.00000000009 1.468039872864908e-07
69050.00000000009 8.890950053754476e-08
69100.00000000009 1.5995125176007372e-07
69150.00000000009 1.844578543523565e-07
69200.00000000009 1.1594698230538578e-07
69250.00000000009 1.7886994025272174e-07
69300.00000000009 1.3667474406730005e-07
69350.00000000009 1.6615733493853272e-07
69400.00000000009 8.742376408085674e-08
69450.00000000009 1.6841429490911246e-07
69500.00000000009 9.90788641573283e-08
69550.00000000009 1.0829783650424833e-07
69600.00000000009 4.34376014412722e-08
69650.00000000009 9.865316008460361e-08
69700.00000000009 1.551801794834133e-07
69750.00000000009 1.1300364529982832e-07
69800.00000000009 1.400521781141806e-07
69850.00000000009 1.531441440649181e-07
69900.00000000009 1.2170536549052683e-07
69950.00000000009 1.1858095655212315e-07
70000.00000000009 1.0267928411847054e-07
70050.00000000009 1.6703194093395171e-07
70100.00000000009 1.1737097388457814e-07
70150.00000000009 1.2971550059355406e-07
70200.00000000009 9.430267852436963e-08
70250.00000000009 1.1977213282509016e-07
70300.00000000009 1.6358787556295379e-07
70350.00000000009 1.2688860415313602e-07
70400.00000000009 9.572880909182224e-08
70450.00000000009 4.4830800633440304e-08
70500.00000000009 7.969681179495357e-08
70550.00000000009 8.044636296435435e-08
70600.00000000009 8.995142920250054e-08
70650.00000000009 1.4039131580017679e-07
70700.00000000009 1.306745575229005e-07
70750.00000000009 1.6993186904779412e-07
70800.00000000009 1.065537922008148e-07
70850.00000000009 9.948659346617454e-08
70900.00000000009 1.0740283115659087e-07
70950.00000000009 1.4314818333969032e-07
71000.00000000009 1.3114629876675635e-07
71050.00000000009 1.3355894343594358e-07
71100.00000000009 1.1986489397083473e-07
71150.00000000009 1.0395495752919251e-07
71200.00000000009 9.291397422106949e-08
71250.00000000009 1.1320340976174672e-07
71300.00000000009 1.389737575744879e-07
71350.00000000009 1.3786712090086982e-07
71400.00000000009 1.292042657533173e-07
71450.00000000009 7.489336643554858e-08
71500.00000000009 9.161557973181198e-08
71550.00000000009 9.408049025958076e-08
71600.00000000009 1.1850551600269016e-07
71650.00000000009 9.404687586613001e-08
71700.00000000009 7.581942005092088e-08
71750.00000000009 1.0594222206168782e-07
71800.00000000009 1.3149421248015204e-07
71850.00000000009 1.3233258502870552e-07
71900.00000000009 8.57185246778715e-08
71950.00000000009 1.06298807273413e-07
72000.00000000009 9.944872836432307e-08
72050.00000000009 7.247712208786473e-08
72100.00000000009 8.636024260470988e-08
72150.00000000009 8.24626878510307e-08
72200.00000000009 1.0510627169790649e-07
72250.00000000009 1.2638934510244402e-07
72300.00000000009 1.0194002963215532e-07
72350.00000000009 1.0185398000383092e-07
72400.00000000009 9.723031952961146e-08
72450.00000000009 8.304031123297841e-08
72500.00000000009 1.0427191407805591e-07
72550.00000000009 5.9573147318632524e-08
72600.00000000009 7.726764397905556e-08
72650.00000000009 1.1469760053801863e-07
72700.00000000009 1.0035081695773849e-07
72750.00000000009 9.391099951213569e-08
72800.00000000009 7.731953378332904e-08
72850.00000000009 8.327324368193434e-08
72900.00000000009 1.2468816104923208e-07
72950.00000000009 9.531408485813207e-08
73000.00000000009 9.676744887177408e-08
73050.00000000009 7.379235789914788e-08
73100.00000000009 7.169183625442258e-08
73150.00000000009 1.3500227278315956e-07
73200.00000000009 7.766005647882991e-08
73250.00000000009 9.44074280982786e-08
73300.00000000009 8.616256464419035e-08
73350.00000000009 6.717729837912614e-08
73400.00000000009 9.15909099285286e-08
73450.00000000009 6.504046535515925e-08
73500.00000000009 6.317774146854664e-08
73550.00000000009 9.329295667650422e-08
73600.00000000009 7.912178199457428e-08
73650.00000000009 9.095529684342252e-08
73700.00000000009 9.952078661626595e-08
73750.00000000009 5.816398635206541e-08
73800.00000000009 8.360671664135038e-08
73850.00000000009 9.69334408303173e-08
73900.00000000009 8.862215998513363e-08
73950.00000000009 7.829555288651594e-08
74000.00000000009 6.33771663292812e-08
74050.00000000009 1.2564833696098915e-07
74100.00000000009 8.425527606462339e-08
74150.00000000009 9.007790069857337e-08
74200.00000000009 7.703576271066219e-08
74250.00000000009 4.226955474973731e-08
74300.00000000009 8.348060772927153e-08
74350.00000000009 1.0760024693633231e-07
74400.00000000009 9.801516522188428e-08
74450.00000000009 5.953890014050248e-08
74500.00000000009 5.749252069374661e-08
74550.00000000009 8.166343132376897e-08
74600.00000000009 7.748051054552024e-08
74650.00000000009 7.536255169722081e-08
74700.00000000009 5.995545883255724e-08
74750.00000000009 6.405083812680062e-08
74800.00000000009 7.136145588785053e-08
74850.00000000009 7.353787377680093e-08
74900.00000000009 1.1235104825942408e-07
74950.00000000009 1.0540326468707121e-07
75000.00000000009 8.256713380004764e-08
75050.00000000009 5.266158028323006e-08
75100.00000000009 1.1727957306302312e-07
75150.00000000009 9.953141379723805e-08
75200.00000000009 1.0817596423538374e-07
75250.00000000009 1.196746635740587e-07
75300.00000000009 1.1421779559309813e-07
75350.00000000009 6.056052772742651e-08
75400.00000000009 1.2237100304860398e-07
75450.00000000009 1.0099087667566268e-07
75500.00000000009 9.72176515243625e-08
75550.00000000009 1.0717038124748211e-07
75600.00000000009 1.3740961295553104e-07
75650.00000000009 9.309882791464848e-08
75700.00000000009 1.0451852363369616e-07
75750.00000000009 7.74381927388952e-08
75800.00000000009 1.0507817090696782e-07
75850.00000000009 1.2172843071690948e-07
75900.00000000009 1.0474147759904553e-07
75950.00000000009 7.586212532891263e-08
76000.00000000009 1.0954421991651806e-07
76050.00000000009 1.0610993019214046e-07
76100.00000000009 1.0491381723725384e-07
76150.00000000009 1.1279869852118708e-07
76200.00000000009 1.099739512847957e-07
76250.00000000009 1.19990836579243e-07
76300.00000000009 1.6543979305630566e-07
76350.00000000009 1.807993275930638e-07
76400.00000000009 1.393374776841691e-07
76450.00000000009 1.3284072208643404e-07
76500.00000000009 1.1416386908719114e-07
76550.00000000009 7.822679930346147e-08
76600.00000000009 3.481011440650906e-08
76650.00000000009 4.4536787048807486e-08
76700.00000000009 4.5797385015575086e-08
76750.00000000009 4.5298270236136546e-08
76800.00000000009 7.327432197757748e-08
76850.00000000009 3.429116792296916e-08
76900.00000000009 4.134363362868287e-08
76950.00000000009 6.322571323295791e-08
77000.00000000009 6.953966415972914e-08
77050.00000000009 4.7840933230263134e-08
77100.00000000009 5.290291272234028e-08
77150.00000000009 7.384767718659814e-08
77200.00000000009 6.436044100182701e-08
77250.00000000009 7.063228334273433e-08
77300.00000000009 7.043794070252867e-08
77350.00000000009 4.546190071369788e-08
77400.00000000009 4.7242659985694976e-08
77450.00000000009 6.194114365949148e-08
77500.00000000009 5.3701509155106767e-08
77550.00000000009 6.400553133982974e-08
77600.00000000009 6.834938803808628e-08
77650.00000000009 6.880135208287607e-08
77700.00000000009 5.691346160194656e-08
77750.00000000009 8.88885553417091e-08
77800.00000000009 7.934910358187072e-08
77850.00000000009 1.1258281705416021e-07
77900.00000000009 8.906884801324658e-08
77950.00000000009 5.662199420559162e-08
78000.00000000009 7.917917765297233e-08
78050.00000000009 7.47952935098298e-08
78100.00000000009 6.352516338398747e-08
78150.00000000009 9.841224542940105e-08
78200.00000000009 1.0499770085696245e-07
78250.00000000009 1.0935800364162088e-07
78300.00000000009 9.561489489459584e-08
78350.00000000009 9.931167170172919e-08
78400.00000000009 7.39639052991213e-08
78450.00000000009 1.11619915465159e-07
78500.00000000009 1.1903740212933853e-07
78550.00000000009 1.1862815646808304e-07
78600.00000000009 1.0427915053865024e-07
78650.00000000009 4.865494133071317e-08
78700.00000000009 7.301319840488286e-08
78750.00000000009 7.83956466456465e-08
78800.00000000009 1.0190924750873536e-07
78850.00000000009 5.682016459718902e-08
78900.00000000009 9.338700497151116e-08
78950.00000000009 8.966305438784907e-08
79000.00000000009 9.090601594658392e-08
79050.00000000009 8.12914579150219e-08
79100.00000000009 8.926738770482668e-08
79150.00000000009 9.665675306060073e-08
79200.00000000009 1.0234684670811497e-07
79250.00000000009 8.179382930300874e-08
79300.00000000009 6.916916635428655e-08
79350.00000000009 1.0039279405237391e-07
79400.00000000009 7.531192363803501e-08
79450.00000000009 1.1506865673211103e-07
79500.00000000009 1.449382770198237e-07
79550.00000000009 1.2156543530989768e-07
79600.00000000009 7.172001975507147e-08
79650.00000000009 9.910647513426448e-08
79700.00000000009 1.0433448010214779e-07
79750.00000000009 1.094845654053448e-07
79800.00000000009 8.114685821868932e-08
79850.00000000009 9.7064362208072e-08
79900.00000000009 1.5548680283148051e-07
79950.00000000009 1.2355514166148514e-07
