galfind/configs/Brown_Dwarf_templates/sonora_cholla/logkzz7/3162g/1000K_3162g_logkzz7_resample.dat
# %ECSV 1.0
# ---
# datatype:
# - {name: wav, unit: Angstrom, datatype: float64}
# - {name: flux_nu, unit: erg / (cm2 Hz s), datatype: float64}
# schema: astropy-2.0
wav flux_nu
10000.000000000093 nan
10050.000000000093 1.3813309980353704e-07
10100.000000000093 1.5602283740856823e-07
10150.000000000093 1.6483852439101993e-07
10200.000000000093 1.7837222570781363e-07
10250.000000000093 1.916796431598969e-07
10300.000000000093 2.0644141458359756e-07
10350.000000000093 2.2318684912271848e-07
10400.000000000093 2.403493209373824e-07
10450.000000000093 2.5182611662587317e-07
10500.000000000093 2.586377296628876e-07
10550.000000000093 2.6596322600365064e-07
10600.000000000093 2.715505789902496e-07
10650.000000000093 2.7798598249034256e-07
10700.000000000093 2.808142034281173e-07
10750.000000000093 2.842896966869435e-07
10800.000000000093 2.833976046335277e-07
10850.000000000093 2.756091317093497e-07
10900.000000000093 2.3157797196716243e-07
10950.000000000093 1.5639841765635199e-07
11000.000000000093 1.1570350784412933e-07
11050.000000000093 7.866437451870264e-08
11100.000000000093 5.3398726444255175e-08
11150.000000000093 3.783847256411194e-08
11200.000000000093 4.1355617783648694e-08
11250.000000000093 5.625305524152936e-08
11300.000000000093 5.882059226937166e-08
11350.000000000093 3.0461594882025276e-08
11400.000000000093 7.083827900635407e-08
11450.000000000093 5.174140425694461e-08
11500.000000000093 5.825135307216848e-08
11550.000000000093 3.9707649458056126e-08
11600.000000000093 3.9099194816490276e-08
11650.000000000093 5.3543248602780076e-08
11700.000000000093 5.776196258268622e-08
11750.000000000093 4.6402185425105676e-08
11800.000000000093 7.638031972023712e-08
11850.000000000093 9.952733481566817e-08
11900.000000000093 1.1889810643376096e-07
11950.000000000093 1.430920386263296e-07
12000.000000000093 1.7168297787580527e-07
12050.000000000093 1.9962229621619068e-07
12100.000000000093 2.2414331088234952e-07
12150.000000000093 2.5284083130295333e-07
12200.000000000093 2.7845114619721816e-07
12250.000000000093 3.0546422930612096e-07
12300.000000000093 3.3533810422103355e-07
12350.000000000093 3.5002867251727626e-07
12400.000000000093 3.8387146966055334e-07
12450.000000000093 4.143069071831814e-07
12500.000000000093 4.365236491004583e-07
12550.000000000093 4.56019796023517e-07
12600.000000000093 4.5843557045017984e-07
12650.000000000093 4.5339875415518846e-07
12700.000000000093 4.5245343998273915e-07
12750.000000000093 4.409234002267487e-07
12800.000000000093 4.346752839795965e-07
12850.000000000093 3.8868011310012363e-07
12900.000000000093 3.630200011376391e-07
12950.000000000093 3.4588933416814335e-07
13000.000000000093 3.4075012077526833e-07
13050.000000000093 3.1224634470127756e-07
13100.000000000093 3.084310104796963e-07
13150.000000000093 2.6030501202473616e-07
13200.000000000093 2.459216531879855e-07
13250.000000000093 1.786951413708335e-07
13300.000000000093 1.0416443532061188e-07
13350.000000000093 3.6809422051546234e-08
13400.000000000093 1.2647657203334969e-08
13450.000000000093 7.675439523094921e-09
13500.000000000093 4.285938290271798e-09
13550.000000000093 2.878796656324243e-09
13600.000000000093 2.055463259406533e-09
13650.000000000093 5.750846125175583e-09
13700.000000000093 4.353092459284012e-09
13750.000000000093 7.575606096570122e-09
13800.000000000093 9.464178549307965e-09
13850.000000000093 5.348386584700825e-09
13900.000000000093 5.368548862515556e-09
13950.000000000093 5.291380694416254e-09
14000.000000000093 5.753665611202353e-09
14050.000000000093 7.3097162532450026e-09
14100.000000000093 5.498439802714516e-09
14150.000000000093 7.985958100332457e-09
14200.000000000093 6.078724311888614e-09
14250.000000000093 6.759742647493474e-09
14300.000000000093 1.2561294460985575e-08
14350.000000000093 1.1741284621765343e-08
14400.000000000093 1.1948308524503991e-08
14450.000000000093 1.5929675695602657e-08
14500.000000000093 2.6533084215832495e-08
14550.000000000093 2.6180430441497046e-08
14600.000000000093 4.154007582954054e-08
14650.000000000093 3.8746003869937876e-08
14700.000000000093 2.8623264882888162e-08
14750.000000000093 3.8212675175868834e-08
14800.000000000093 4.4962153368868146e-08
14850.000000000093 4.947435502901525e-08
14900.000000000093 5.09053861883884e-08
14950.000000000093 6.222866252258644e-08
15000.000000000093 7.333454610179918e-08
15050.000000000093 8.468341732759477e-08
15100.000000000093 9.134071084081331e-08
15150.000000000093 9.728402520214912e-08
15200.000000000093 1.0828044976196354e-07
15250.000000000093 1.324783179390058e-07
15300.000000000093 1.4590625854142327e-07
15350.000000000093 1.70000449632838e-07
15400.000000000093 1.87577896775138e-07
15450.000000000093 2.0242898970722437e-07
15500.000000000093 2.1363788823201012e-07
15550.000000000093 2.3664051063666705e-07
15600.000000000093 2.4814277760766293e-07
15650.000000000093 2.572260828163639e-07
15700.000000000093 2.7925041020871286e-07
15750.000000000093 2.878772982697003e-07
15800.000000000093 2.895400126954611e-07
15850.000000000093 2.9692679414094773e-07
15900.000000000093 2.8783102285479744e-07
15950.000000000093 2.7933246338191883e-07
16000.000000000093 2.564880077649877e-07
16050.000000000093 2.188245163277063e-07
16100.000000000093 1.868593071580032e-07
16150.000000000093 1.4924061518458776e-07
16200.000000000093 1.1535666198714699e-07
16250.000000000093 1.0806375437979443e-07
16300.000000000093 9.594318900178557e-08
16350.000000000093 1.0265421991664613e-07
16400.000000000095 1.119154684061872e-07
16450.000000000095 1.187299738085323e-07
16500.000000000095 1.2834012689396138e-07
16550.000000000095 1.2568994004601994e-07
16600.000000000095 1.3280281447704725e-07
16650.000000000095 9.115880335464665e-08
16700.000000000095 5.731995420966335e-08
16750.000000000095 8.27387017577423e-08
16800.000000000095 1.0609402437464587e-07
16850.000000000095 1.0365220214757584e-07
16900.000000000095 9.425449140919997e-08
16950.000000000095 8.58283319905319e-08
17000.000000000095 7.587810118546596e-08
17050.000000000095 9.352008266699723e-08
17100.000000000095 1.0218868976934473e-07
17150.000000000095 9.122935300177522e-08
17200.000000000095 1.1117036243900652e-07
17250.000000000095 9.550196074154282e-08
17300.000000000095 8.662728969143935e-08
17350.000000000095 8.0394921733794e-08
17400.000000000095 7.88189640974447e-08
17450.000000000095 7.843595092469619e-08
17500.000000000095 8.162900291211793e-08
17550.000000000095 6.873998480064683e-08
17600.000000000095 6.207955477065724e-08
17650.000000000095 5.714828476047963e-08
17700.000000000095 4.5455769386699944e-08
17750.000000000095 3.7558415114372206e-08
17800.000000000095 4.247078249263672e-08
17850.000000000095 2.8651457955452433e-08
17900.000000000095 3.318356862783522e-08
17950.000000000095 2.3155390619073925e-08
18000.000000000095 2.710303307689913e-08
18050.000000000095 2.0045535941497245e-08
18100.000000000095 2.13581408926819e-08
18150.000000000095 2.5419948453949026e-08
18200.000000000095 1.610372002143111e-08
18250.000000000095 3.5230467145647135e-08
18300.000000000095 1.7939585908846415e-08
18350.000000000095 1.7179386516181516e-08
18400.000000000095 1.4361268731303406e-08
18450.000000000095 2.2744914960039152e-08
18500.000000000095 2.2095928763788434e-08
18550.000000000095 1.6044199003666758e-08
18600.000000000095 1.5099321656853306e-08
18650.000000000095 1.2506834605048597e-08
18700.000000000095 1.0097733067372545e-08
18750.000000000095 1.6102763444049782e-08
18800.000000000095 3.44785764499084e-08
18850.000000000095 3.6135543600738454e-08
18900.000000000095 3.092486496105155e-08
18950.000000000095 5.226187783962291e-08
19000.000000000095 3.00091664432423e-08
19050.000000000095 2.1291020695674428e-08
19100.000000000095 3.83400068403019e-08
19150.000000000095 2.496998964260343e-08
19200.000000000095 3.331630914563295e-08
19250.000000000095 2.5078642768602065e-08
19300.000000000095 2.232487517325902e-08
19350.000000000095 2.195102338084506e-08
19400.000000000095 1.460679321962278e-08
19450.000000000095 2.665355207264113e-08
19500.000000000095 2.646967096980492e-08
19550.000000000095 2.1210303851611336e-08
19600.000000000095 2.7356641952445555e-08
19650.000000000095 3.4151055078838624e-08
19700.000000000095 3.426788172049248e-08
19750.000000000095 3.7239397334936836e-08
19800.000000000095 4.124582998219374e-08
19850.000000000095 5.45403929573604e-08
19900.000000000095 4.242178700761085e-08
19950.000000000095 6.273958763439847e-08
20000.000000000095 5.748567636927174e-08
20050.000000000095 6.539199473410857e-08
20100.000000000095 7.028587865988771e-08
20150.000000000095 6.942660752513788e-08
20200.000000000095 7.543249195005425e-08
20250.000000000095 8.686619394714385e-08
20300.000000000095 8.346353947653072e-08
20350.000000000095 9.424722188338926e-08
20400.000000000095 9.127143973616257e-08
20450.000000000095 1.0370690801894657e-07
20500.000000000095 1.0675594339841869e-07
20550.000000000095 1.0682086960883065e-07
20600.000000000095 1.1393871005906103e-07
20650.000000000095 1.1380766043826989e-07
20700.000000000095 1.1434705478342705e-07
20750.000000000095 1.1747512050411604e-07
20800.000000000095 1.1722693943534543e-07
20850.000000000095 1.1877397901466519e-07
20900.000000000095 1.202723038563574e-07
20950.000000000095 1.1817886636743974e-07
21000.000000000095 1.1783626330156862e-07
21050.000000000095 1.160703904644164e-07
21100.000000000095 1.1486564075621932e-07
21150.000000000095 1.148464013883865e-07
21200.000000000095 1.1184930952266883e-07
21250.000000000095 1.1059290797551802e-07
21300.000000000095 1.0593479169698417e-07
21350.000000000095 1.0453328960773201e-07
21400.000000000095 1.0231541416244324e-07
21450.000000000095 9.665922081384532e-08
21500.000000000095 9.556058610613499e-08
21550.000000000095 9.287371287358798e-08
21600.000000000095 8.902171982385567e-08
21650.000000000095 8.420714096916143e-08
21700.000000000095 8.532526301461899e-08
21750.000000000095 7.962333810181836e-08
21800.000000000095 7.359460237384734e-08
21850.000000000095 6.722960861783354e-08
21900.000000000095 6.17163798524906e-08
21950.000000000095 4.479382093808251e-08
22000.000000000095 2.4860717760558466e-08
22050.000000000095 2.2204481413222938e-08
22100.000000000095 3.5499887925604406e-08
22150.000000000095 3.8090398158835744e-08
22200.000000000095 3.6868714772321834e-08
22250.000000000095 3.522680981052163e-08
22300.000000000095 3.031698572024721e-08
22350.000000000095 2.982453032279307e-08
22400.000000000095 2.339191606619293e-08
22450.000000000095 2.1607537184734228e-08
22500.000000000095 2.2751290391090242e-08
22550.000000000095 1.7138844142309432e-08
22600.000000000095 1.9386100426743247e-08
22650.000000000095 2.1448426120302046e-08
22700.000000000095 1.9693563546610402e-08
22750.000000000095 2.0410678001367683e-08
22800.000000000095 2.038252079447596e-08
22850.000000000095 1.7351186201186247e-08
22900.000000000095 1.6320829390187702e-08
22950.000000000095 1.5416329308740362e-08
23000.000000000095 1.5877690951857558e-08
23050.000000000095 1.9928427312027584e-08
23100.000000000095 3.2080265393980476e-08
23150.000000000095 2.872200903808989e-08
23200.000000000095 9.82156660325785e-09
23250.000000000095 1.3643733851753034e-08
23300.000000000095 1.3407822129318152e-08
23350.000000000095 1.1541033390917267e-08
23400.000000000095 1.3556406186186398e-08
23450.000000000095 1.2423619250578508e-08
23500.000000000095 1.2475660941066199e-08
23550.000000000095 1.743876881850293e-08
23600.000000000095 2.0673517024273597e-08
23650.000000000095 2.2736767517596654e-08
23700.000000000095 1.1180225744803583e-08
23750.000000000095 1.1597871794823462e-08
23800.000000000095 1.779680559724634e-08
23850.000000000095 1.6536826858505418e-08
23900.000000000095 2.43384186208353e-08
23950.000000000095 2.2482553585333585e-08
24000.000000000095 3.047066793582796e-08
24050.000000000095 3.044381967479706e-08
24100.000000000095 2.664907712105772e-08
24150.000000000095 3.152563241325263e-08
24200.000000000095 3.229975925833979e-08
24250.000000000095 2.9513139390462825e-08
24300.000000000095 3.5823750725015366e-08
24350.000000000095 2.866542031824796e-08
24400.000000000095 4.198331017470216e-08
24450.000000000095 3.507172515554795e-08
24500.000000000095 3.684177412255572e-08
24550.000000000095 3.9482459578351615e-08
24600.000000000095 4.252936757097468e-08
24650.000000000095 4.8504022767179276e-08
24700.000000000095 3.4500984402661656e-08
24750.000000000095 3.419825142818573e-08
24800.000000000095 3.4281844290559444e-08
24850.000000000095 4.976476337017702e-08
24900.000000000095 2.232095679199385e-08
24950.000000000095 4.0429454287239444e-08
25000.000000000095 3.6495922605466244e-08
25050.000000000095 2.2509188376206018e-08
25100.000000000095 3.330113977450454e-08
25150.000000000095 1.9859630776250115e-08
25200.000000000095 2.687964146858991e-08
25250.000000000095 1.551773686575998e-08
25300.000000000095 2.202190693105988e-08
25350.000000000095 1.2172607123984684e-08
25400.000000000095 2.419437996931668e-08
25450.000000000095 1.3285747084099638e-08
25500.000000000095 1.282921376899748e-08
25550.000000000095 1.865401326111569e-08
25600.000000000095 1.5796503519350304e-08
25650.000000000095 8.94616599875963e-09
25700.000000000095 1.768184227691463e-08
25750.000000000095 8.099039863953178e-09
25800.000000000095 2.0385742603023863e-08
25850.000000000095 8.39482136360856e-09
25900.000000000095 1.3579379084673848e-08
25950.000000000095 6.7512438268888925e-09
26000.000000000095 1.9321790219095215e-08
26050.000000000095 9.51816972399195e-09
26100.000000000095 2.1287689128031513e-08
26150.000000000095 1.5279715532592295e-08
26200.000000000095 1.6598104949243233e-08
26250.000000000095 3.237394952303116e-08
26300.000000000095 1.8782366134649843e-08
26350.000000000095 3.8146449073084395e-08
26400.000000000095 3.765623389320933e-08
26450.000000000095 3.51118031993761e-08
26500.000000000095 4.091674839964163e-08
26550.000000000095 2.0202095997962375e-08
26600.000000000095 2.3319649945441914e-08
26650.000000000095 1.0225588003658394e-08
26700.000000000095 8.292144582371061e-09
26750.000000000095 7.510990542195448e-09
26800.000000000095 1.1289489945157176e-08
26850.000000000095 6.632931177594338e-09
26900.000000000095 1.6225918620387054e-08
26950.000000000095 8.31791019197026e-09
27000.000000000095 2.197550247116903e-08
27050.000000000095 2.071395441301531e-08
27100.000000000095 1.190232579681184e-08
27150.000000000095 2.7886922610249604e-08
27200.000000000095 1.2645279534188417e-08
27250.000000000095 1.7456757627352207e-08
27300.000000000095 4.573856099393061e-08
27350.000000000095 2.974638221470664e-08
27400.000000000095 7.312471296321913e-09
27450.000000000095 3.451667225325544e-08
27500.000000000095 4.157995121375105e-08
27550.000000000095 1.4706690536330068e-08
27600.000000000095 2.7101844753758387e-08
27650.000000000095 1.2772695823253212e-08
27700.000000000095 1.0478487649240854e-08
27750.000000000095 2.970503372073596e-08
27800.000000000095 1.4530364900701026e-08
27850.000000000095 1.6193579347193575e-08
27900.000000000095 2.1947204328272268e-08
27950.000000000095 3.492079659799361e-08
28000.000000000095 2.65079901360354e-08
28050.000000000095 1.0458177515421493e-08
28100.000000000095 3.6265408237262325e-08
28150.000000000095 2.4395017469819778e-08
28200.000000000095 1.1437133522818932e-08
28250.000000000095 3.9428741460974754e-08
28300.000000000095 4.672145079196919e-08
28350.000000000095 1.3309603516008177e-08
28400.000000000095 3.2097682925158725e-08
28450.000000000095 4.442010617835728e-08
28500.000000000095 3.015584208631932e-08
28550.000000000095 1.2723692918074416e-08
28600.000000000095 4.612033785841758e-08
28650.000000000095 3.790802987331303e-08
28700.000000000095 3.2427138385154015e-08
28750.000000000095 5.024148062797053e-08
28800.000000000095 4.5628056643947767e-08
28850.000000000095 5.0344223779531355e-08
28900.000000000095 2.5793275608963878e-08
28950.000000000095 6.231528534689767e-08
29000.000000000095 4.678066747699606e-08
29050.000000000095 5.289410014077028e-08
29100.000000000095 3.624751798359074e-08
29150.000000000095 7.81923369455347e-08
29200.000000000095 4.615440562647269e-08
29250.000000000095 6.486415434060538e-08
