galfind/configs/Brown_Dwarf_templates/sonora_cholla/logkzz7/3162g/1050K_3162g_logkzz7_resample.dat
# %ECSV 1.0
# ---
# datatype:
# - {name: wav, unit: Angstrom, datatype: float64}
# - {name: flux_nu, unit: erg / (cm2 Hz s), datatype: float64}
# schema: astropy-2.0
wav flux_nu
10000.000000000093 nan
10050.000000000093 1.6638357730070254e-07
10100.000000000093 1.8920648674942418e-07
10150.000000000093 1.98048858843105e-07
10200.000000000093 2.1490535578566525e-07
10250.000000000093 2.3033927396468756e-07
10300.000000000093 2.4686290711446235e-07
10350.000000000093 2.7007955082994417e-07
10400.000000000093 2.910782749373846e-07
10450.000000000093 3.059270735730001e-07
10500.000000000093 3.1398644330343355e-07
10550.000000000093 3.227756233537974e-07
10600.000000000093 3.318631758042759e-07
10650.000000000093 3.419599077748831e-07
10700.000000000093 3.488426122497179e-07
10750.000000000093 3.55736072030432e-07
10800.000000000093 3.576602964126619e-07
10850.000000000093 3.5219089019167856e-07
10900.000000000093 2.993683087520071e-07
10950.000000000093 2.0529457820022937e-07
11000.000000000093 1.5433624161650082e-07
11050.000000000093 1.0770338930327844e-07
11100.000000000093 7.520213238428826e-08
11150.000000000093 5.5170878079049e-08
11200.000000000093 6.050326611958409e-08
11250.000000000093 8.118956854175375e-08
11300.000000000093 8.384081074165946e-08
11350.000000000093 4.481526636872405e-08
11400.000000000093 1.0024877741837654e-07
11450.000000000093 7.454480844158979e-08
11500.000000000093 8.551316155225089e-08
11550.000000000093 6.072755842101725e-08
11600.000000000093 6.044794274498533e-08
11650.000000000093 7.910382948584335e-08
11700.000000000093 8.420937595759218e-08
11750.000000000093 7.138920950732334e-08
11800.000000000093 1.0877180278523464e-07
11850.000000000093 1.3780128790551812e-07
11900.000000000093 1.6325462987117296e-07
11950.000000000093 1.9186992345537828e-07
12000.000000000093 2.2980657650080988e-07
12050.000000000093 2.6488938876289286e-07
12100.000000000093 2.9444644660703094e-07
12150.000000000093 3.2977782886505425e-07
12200.000000000093 3.614105152260353e-07
12250.000000000093 3.9400745418276255e-07
12300.000000000093 4.2969850463672606e-07
12350.000000000093 4.476221228347943e-07
12400.000000000093 4.860330167100193e-07
12450.000000000093 5.228963421738834e-07
12500.000000000093 5.496338822587502e-07
12550.000000000093 5.732645311906477e-07
12600.000000000093 5.744631067449573e-07
12650.000000000093 5.655360639954901e-07
12700.000000000093 5.646830986462509e-07
12750.000000000093 5.559637260333104e-07
12800.000000000093 5.521116438827693e-07
12850.000000000093 4.9759696855536e-07
12900.000000000093 4.680392599129542e-07
12950.000000000093 4.500529796335527e-07
13000.000000000093 4.432514918420539e-07
13050.000000000093 4.110832849721392e-07
13100.000000000093 4.049546451829245e-07
13150.000000000093 3.454547797815303e-07
13200.000000000093 3.253596328594468e-07
13250.000000000093 2.374440020010742e-07
13300.000000000093 1.4129476106278253e-07
13350.000000000093 5.013923073280244e-08
13400.000000000093 1.8442564582939147e-08
13450.000000000093 1.1773152431130879e-08
13500.000000000093 6.8188661520606815e-09
13550.000000000093 4.820610949915888e-09
13600.000000000093 3.6362989677109548e-09
13650.000000000093 9.432323376499921e-09
13700.000000000093 7.304194542617678e-09
13750.000000000093 1.1962626732442096e-08
13800.000000000093 1.5013662458558785e-08
13850.000000000093 8.939020498126219e-09
13900.000000000093 8.84379848714044e-09
13950.000000000093 8.674519403713213e-09
14000.000000000093 9.253096835241414e-09
14050.000000000093 1.1545301226312675e-08
14100.000000000093 8.673637039643801e-09
14150.000000000093 1.2303992236835926e-08
14200.000000000093 9.485725411165085e-09
14250.000000000093 1.0378854747789503e-08
14300.000000000093 1.8160110184961645e-08
14350.000000000093 1.717175086185683e-08
14400.000000000093 1.7493030101935544e-08
14450.000000000093 2.2586167487998182e-08
14500.000000000093 3.659785514179152e-08
14550.000000000093 3.604399049654227e-08
14600.000000000093 5.552283270673098e-08
14650.000000000093 5.2389146646618275e-08
14700.000000000093 3.977841845866843e-08
14750.000000000093 5.222393212470452e-08
14800.000000000093 6.124002252363815e-08
14850.000000000093 6.71126436666635e-08
14900.000000000093 6.853847099616722e-08
14950.000000000093 8.235770580333579e-08
15000.000000000093 9.57593573566738e-08
15050.000000000093 1.1073209110722639e-07
15100.000000000093 1.1913608768257603e-07
15150.000000000093 1.2742526618117289e-07
15200.000000000093 1.3977209483350108e-07
15250.000000000093 1.6858327780478243e-07
15300.000000000093 1.8503359133808736e-07
15350.000000000093 2.1390578815700212e-07
15400.000000000093 2.3449602344414047e-07
15450.000000000093 2.5261524253736013e-07
15500.000000000093 2.655015830194142e-07
15550.000000000093 2.9299910866705987e-07
15600.000000000093 3.049129595175788e-07
15650.000000000093 3.1520381826608994e-07
15700.000000000093 3.418088531481327e-07
15750.000000000093 3.523415342167123e-07
15800.000000000093 3.5371819111431585e-07
15850.000000000093 3.633919346133144e-07
15900.000000000093 3.5400095056671377e-07
15950.000000000093 3.46121395653358e-07
16000.000000000093 3.2199982745340917e-07
16050.000000000093 2.8107996263524585e-07
16100.000000000093 2.461411951683501e-07
16150.000000000093 2.0298784178582947e-07
16200.000000000093 1.6329770669502908e-07
16250.000000000093 1.5539130551937968e-07
16300.000000000093 1.4013036136420104e-07
16350.000000000093 1.487403762914416e-07
16400.000000000095 1.6003222850462323e-07
16450.000000000095 1.6907657578195318e-07
16500.000000000095 1.813930694429032e-07
16550.000000000095 1.7812161622411237e-07
16600.000000000095 1.8442840047779266e-07
16650.000000000095 1.3197349655584971e-07
16700.000000000095 9.124550337884536e-08
16750.000000000095 1.218601899572592e-07
16800.000000000095 1.5149512505541078e-07
16850.000000000095 1.479662671148303e-07
16900.000000000095 1.373167689318804e-07
16950.000000000095 1.2699124212056514e-07
17000.000000000095 1.1476306462147578e-07
17050.000000000095 1.3730420305672102e-07
17100.000000000095 1.4670753795813003e-07
17150.000000000095 1.326963197991579e-07
17200.000000000095 1.5420505538296356e-07
17250.000000000095 1.348030279193447e-07
17300.000000000095 1.2379983146344593e-07
17350.000000000095 1.1464796762415165e-07
17400.000000000095 1.1073697221697068e-07
17450.000000000095 1.0818117509576545e-07
17500.000000000095 1.1110285865905701e-07
17550.000000000095 9.451220118993709e-08
17600.000000000095 8.615750020508057e-08
17650.000000000095 8.010442763117618e-08
17700.000000000095 6.35668924802955e-08
17750.000000000095 5.318798976958452e-08
17800.000000000095 5.895442177344668e-08
17850.000000000095 4.042885268078618e-08
17900.000000000095 4.764251214746812e-08
17950.000000000095 3.4129467529849616e-08
18000.000000000095 3.8531671690899505e-08
18050.000000000095 2.958701967485909e-08
18100.000000000095 3.108981645513728e-08
18150.000000000095 3.7235835109415415e-08
18200.000000000095 2.4029354770065813e-08
18250.000000000095 4.992785903325527e-08
18300.000000000095 2.7206666495991428e-08
18350.000000000095 2.61868444509998e-08
18400.000000000095 2.2283101952472066e-08
18450.000000000095 3.240674501636554e-08
18500.000000000095 3.1806179497981715e-08
18550.000000000095 2.3639511067494154e-08
18600.000000000095 2.197575496687968e-08
18650.000000000095 1.8702432715712383e-08
18700.000000000095 1.5960951088986893e-08
18750.000000000095 2.4159177949111308e-08
18800.000000000095 4.7920585102965536e-08
18850.000000000095 5.0726892687930494e-08
18900.000000000095 4.379653733106442e-08
18950.000000000095 7.17492231577716e-08
19000.000000000095 4.383798396767552e-08
19050.000000000095 3.204463075572085e-08
19100.000000000095 5.5056258217312255e-08
19150.000000000095 3.7367943095737877e-08
19200.000000000095 4.807773644487183e-08
19250.000000000095 3.6957307768205e-08
19300.000000000095 3.3604687684610606e-08
19350.000000000095 3.256559744773073e-08
19400.000000000095 2.1662550945156998e-08
19450.000000000095 3.8634708883813984e-08
19500.000000000095 3.82279979444603e-08
19550.000000000095 3.076433191201478e-08
19600.000000000095 3.888736088111531e-08
19650.000000000095 4.815037128035459e-08
19700.000000000095 4.797736357423139e-08
19750.000000000095 5.0722782346688514e-08
19800.000000000095 5.695563565342316e-08
19850.000000000095 7.380584476759585e-08
19900.000000000095 5.737430777807829e-08
19950.000000000095 8.39438062524752e-08
20000.000000000095 7.699341585195073e-08
20050.000000000095 8.77617834263192e-08
20100.000000000095 9.24533511964245e-08
20150.000000000095 9.325728956002221e-08
20200.000000000095 1.0160031113717135e-07
20250.000000000095 1.1530440004104695e-07
20300.000000000095 1.1081867332445843e-07
20350.000000000095 1.2508359664447563e-07
20400.000000000095 1.2179385962163346e-07
20450.000000000095 1.3692459729547726e-07
20500.000000000095 1.4109901877889526e-07
20550.000000000095 1.4086494319272728e-07
20600.000000000095 1.5070941121612804e-07
20650.000000000095 1.5003126207563874e-07
20700.000000000095 1.5109540377865015e-07
20750.000000000095 1.5520253509016726e-07
20800.000000000095 1.552953659640893e-07
20850.000000000095 1.57118167462445e-07
20900.000000000095 1.5950422829415308e-07
20950.000000000095 1.5689963421966463e-07
21000.000000000095 1.5690000295016364e-07
21050.000000000095 1.5462883465600815e-07
21100.000000000095 1.534602782785887e-07
21150.000000000095 1.536696988998309e-07
21200.000000000095 1.499614742243462e-07
21250.000000000095 1.4900728977385274e-07
21300.000000000095 1.4322616645604946e-07
21350.000000000095 1.4190622902870072e-07
21400.000000000095 1.3867915757751573e-07
21450.000000000095 1.3258044462723995e-07
21500.000000000095 1.3111710246366025e-07
21550.000000000095 1.277451653145188e-07
21600.000000000095 1.2314523249187204e-07
21650.000000000095 1.1698648128689543e-07
21700.000000000095 1.1814186157522419e-07
21750.000000000095 1.106394473638204e-07
21800.000000000095 1.0323015391310136e-07
21850.000000000095 9.499114291899633e-08
21900.000000000095 8.844333925449663e-08
21950.000000000095 6.68506790787408e-08
22000.000000000095 4.1113160290534184e-08
22050.000000000095 3.600076901313195e-08
22100.000000000095 5.339770694912758e-08
22150.000000000095 5.735853716257221e-08
22200.000000000095 5.611372449269274e-08
22250.000000000095 5.3679711194551615e-08
22300.000000000095 4.783653203540775e-08
22350.000000000095 4.674463677177438e-08
22400.000000000095 3.814184304965394e-08
22450.000000000095 3.517879997558628e-08
22500.000000000095 3.66357329640819e-08
22550.000000000095 2.8825223263837604e-08
22600.000000000095 3.199246245541408e-08
22650.000000000095 3.437433628803893e-08
22700.000000000095 3.226462089530869e-08
22750.000000000095 3.3259131655128116e-08
22800.000000000095 3.281095949814642e-08
22850.000000000095 2.831422647240302e-08
22900.000000000095 2.7194186242863985e-08
22950.000000000095 2.599469610105362e-08
23000.000000000095 2.5586808526189014e-08
23050.000000000095 3.183033695756858e-08
23100.000000000095 4.6932451485524885e-08
23150.000000000095 4.2356489425125644e-08
23200.000000000095 1.7232850211217507e-08
23250.000000000095 2.228074461597689e-08
23300.000000000095 2.1686734493476715e-08
23350.000000000095 1.897249583827389e-08
23400.000000000095 2.205321600156548e-08
23450.000000000095 2.0796614706884726e-08
23500.000000000095 2.0906460618174376e-08
23550.000000000095 2.8277474227632913e-08
23600.000000000095 3.245881495815839e-08
23650.000000000095 3.539497009080653e-08
23700.000000000095 1.895844115774932e-08
23750.000000000095 1.972371768135765e-08
23800.000000000095 2.7643110370174812e-08
23850.000000000095 2.6234837181156674e-08
23900.000000000095 3.7038862224214426e-08
23950.000000000095 3.532942788099566e-08
24000.000000000095 4.607918191590407e-08
24050.000000000095 4.580989813586827e-08
24100.000000000095 4.005509955358592e-08
24150.000000000095 4.651691434238459e-08
24200.000000000095 4.799572031997994e-08
24250.000000000095 4.5113579307607053e-08
24300.000000000095 5.2056839397162896e-08
24350.000000000095 4.274613363570983e-08
24400.000000000095 6.02671069125433e-08
24450.000000000095 4.99718617933767e-08
24500.000000000095 5.2845577382942765e-08
24550.000000000095 5.467583346982567e-08
24600.000000000095 5.88641278225042e-08
24650.000000000095 6.679268663810161e-08
24700.000000000095 4.7811110547743774e-08
24750.000000000095 4.646932447074754e-08
24800.000000000095 4.7398823585111454e-08
24850.000000000095 6.73747560123857e-08
24900.000000000095 3.123319136677908e-08
24950.000000000095 5.5055801723156284e-08
25000.000000000095 4.998825556087646e-08
25050.000000000095 3.143623955345884e-08
25100.000000000095 4.559585665586002e-08
25150.000000000095 2.7879430685532314e-08
25200.000000000095 3.7389539788096535e-08
25250.000000000095 2.2536701460352556e-08
25300.000000000095 3.151050865142494e-08
25350.000000000095 1.797605625694919e-08
25400.000000000095 3.418410317209994e-08
25450.000000000095 1.9573306359285506e-08
25500.000000000095 1.9099215184578687e-08
25550.000000000095 2.6807617428757958e-08
25600.000000000095 2.3492485948887893e-08
25650.000000000095 1.3693813736081961e-08
25700.000000000095 2.6900526953427768e-08
25750.000000000095 1.275743696946407e-08
25800.000000000095 3.007374478800742e-08
25850.000000000095 1.3310544927609464e-08
25900.000000000095 2.1291167730591486e-08
25950.000000000095 1.10885453841054e-08
26000.000000000095 2.8447971805195202e-08
26050.000000000095 1.548323262733788e-08
26100.000000000095 3.198232532988882e-08
26150.000000000095 2.389750615838085e-08
26200.000000000095 2.5660209324612572e-08
26250.000000000095 4.5788029779867535e-08
26300.000000000095 2.844614208837543e-08
26350.000000000095 5.300471684769433e-08
26400.000000000095 5.2282766930644976e-08
26450.000000000095 4.9699882172036736e-08
26500.000000000095 5.590291055623223e-08
26550.000000000095 3.0116639017686496e-08
26600.000000000095 3.498858760946698e-08
26650.000000000095 1.631284383547173e-08
26700.000000000095 1.3535616149996061e-08
26750.000000000095 1.2063452825568739e-08
26800.000000000095 1.7541091506999353e-08
26850.000000000095 1.0389865252411971e-08
26900.000000000095 2.390519609963465e-08
26950.000000000095 1.2588618256589845e-08
27000.000000000095 3.1244385294797686e-08
27050.000000000095 2.917295481066327e-08
27100.000000000095 1.8135564955150507e-08
27150.000000000095 3.8597765983238665e-08
27200.000000000095 1.949364566750588e-08
27250.000000000095 2.5387153715690725e-08
27300.000000000095 6.173961308623107e-08
27350.000000000095 4.2142976018918065e-08
27400.000000000095 1.1678887273280172e-08
27450.000000000095 4.894192684282158e-08
27500.000000000095 5.7322233615445147e-08
27550.000000000095 2.2279214165256174e-08
27600.000000000095 3.971288481888802e-08
27650.000000000095 1.9363996534317184e-08
27700.000000000095 1.600844362506218e-08
27750.000000000095 4.25649580174528e-08
27800.000000000095 2.151637658379056e-08
27850.000000000095 2.373442272961298e-08
27900.000000000095 3.1896456012687114e-08
27950.000000000095 4.8575391545826534e-08
28000.000000000095 3.757080439023142e-08
28050.000000000095 1.5845125425437598e-08
28100.000000000095 5.081030921781459e-08
28150.000000000095 3.464932198415757e-08
28200.000000000095 1.6877288209020304e-08
28250.000000000095 5.406745392099734e-08
28300.000000000095 6.389066086319877e-08
28350.000000000095 1.9399874424107992e-08
28400.000000000095 4.490112362077754e-08
28450.000000000095 5.958937804280808e-08
28500.000000000095 4.2231716121218123e-08
28550.000000000095 1.8693225177417493e-08
28600.000000000095 6.278083186108482e-08
28650.000000000095 5.164566298414652e-08
28700.000000000095 4.431638937882986e-08
28750.000000000095 6.607552280457414e-08
28800.000000000095 6.086458284681337e-08
28850.000000000095 6.738263900498983e-08
28900.000000000095 3.509777661890035e-08
28950.000000000095 8.21735124549971e-08
29000.000000000095 6.183723091455766e-08
29050.000000000095 7.008591492664427e-08
29100.000000000095 4.791264333234983e-08
29150.000000000095 1.0143096583791555e-07
29200.000000000095 6.07531072403195e-08
29250.000000000095 8.415115305801029e-08
29300.000000000095 5.291605949738473e-08
