galfind/configs/Brown_Dwarf_templates/sonora_cholla/logkzz7/3162g/1100K_3162g_logkzz7_resample.dat
# %ECSV 1.0
# ---
# datatype:
# - {name: wav, unit: Angstrom, datatype: float64}
# - {name: flux_nu, unit: erg / (cm2 Hz s), datatype: float64}
# schema: astropy-2.0
wav flux_nu
[from data line 775]
48750.000000000095 1.5801191594771007e-07
48800.000000000095 2.66279705459192e-07
48850.000000000095 1.7835235654273366e-07
48900.000000000095 2.612842571244206e-07
48950.000000000095 2.310312627399493e-07
49000.000000000095 2.057185963632521e-07
49050.000000000095 2.5757927810760927e-07
49100.000000000095 1.9544217774942197e-07
49150.000000000095 2.841102759515211e-07
49200.000000000095 1.963159909706111e-07
49250.000000000095 2.824305023977775e-07
49300.000000000095 2.1363771327075478e-07
49350.000000000095 2.3552238457698974e-07
49400.000000000095 2.661787246953374e-07
49450.000000000095 2.436226488769281e-07
49500.000000000095 2.344034983825423e-07
49550.000000000095 1.436347830326669e-07
49600.000000000095 2.3594837969198316e-07
49650.000000000095 2.3458458862302854e-07
49700.000000000095 2.242209261988184e-07
49750.000000000095 3.335474872562516e-07
49800.000000000095 2.135874865084226e-07
49850.000000000095 3.5054245297829893e-07
49900.000000000095 2.7426259577651747e-07
49950.000000000095 2.943067304529042e-07
50000.000000000095 3.237702996668902e-07
50050.000000000095 2.894846206700695e-07
50100.000000000095 3.622792719400955e-07
50150.000000000095 2.1301609394121324e-07
50200.000000000095 1.5187748662881028e-07
50250.000000000095 3.0585937571676317e-07
50300.000000000095 2.3244690797565958e-07
50350.000000000095 3.5067242894600115e-07
50400.000000000095 2.7467416237542276e-07
50450.000000000095 2.7426176714215095e-07
50500.000000000095 3.795293003598581e-07
50550.000000000095 3.074648470238976e-07
50600.000000000095 3.049961012402606e-07
50650.000000000095 2.948853861144921e-07
50700.000000000095 4.31186662593116e-07
50750.000000000095 3.704287151386517e-07
50800.000000000095 2.1107725937914753e-07
50850.000000000095 2.1855177113077943e-07
50900.000000000095 3.800845617497584e-07
50950.000000000095 3.7666628105383795e-07
51000.000000000095 3.78401202536057e-07
51050.000000000095 3.339608673542236e-07
51100.000000000095 2.2460198889979442e-07
51150.000000000095 2.736495339361272e-07
51200.000000000095 3.965692632490723e-07
51250.000000000095 3.4646298841580443e-07
51300.000000000095 2.5399015400318404e-07
51350.000000000095 3.094664266623842e-07
51400.000000000095 2.235625348794042e-07
51450.000000000095 1.9742456482990778e-07
51500.000000000095 1.8108467822990534e-07
51550.000000000095 3.3142863844596145e-07
51600.000000000095 2.425290707141768e-07
51650.000000000095 2.9804090142993383e-07
51700.000000000095 3.251132806634096e-07
51750.000000000095 2.3026050774911587e-07
51800.000000000095 3.9566712912838876e-07
51850.000000000095 3.3093874750241953e-07
51900.000000000095 4.194938736193329e-07
51950.000000000095 3.3682819501171356e-07
52000.000000000095 1.3768369503597345e-07
52050.000000000095 2.430432442600358e-07
52100.000000000095 2.140521445214375e-07
52150.000000000095 1.768670753517937e-07
52200.000000000095 2.046268608642755e-07
52250.000000000095 2.593564435960475e-07
52300.000000000095 4.140764912505526e-07
52350.000000000095 2.558306044897528e-07
52400.000000000095 2.167332117204054e-07
52450.000000000095 3.376203516507726e-07
52500.000000000095 3.177991509972167e-07
52550.000000000095 3.2019955250487355e-07
52600.000000000095 2.803049938857984e-07
52650.000000000095 2.9858602841251534e-07
52700.000000000095 2.3708444819624e-07
52750.000000000095 1.9161086414386303e-07
52800.000000000095 2.1298846021399745e-07
52850.000000000095 2.4353232387698696e-07
52900.000000000095 2.0516629133485592e-07
52950.000000000095 2.281670568061311e-07
53000.000000000095 3.452556319130433e-07
53050.000000000095 1.674414098808821e-07
53100.000000000095 3.357327884957944e-07
53150.000000000095 3.8938686483201445e-07
53200.000000000095 1.896479052116559e-07
53250.000000000095 3.3951952332139514e-07
53300.000000000095 3.755551882732223e-07
53350.000000000095 3.576891310933335e-07
53400.000000000095 3.4720820144783636e-07
53450.000000000095 1.7763437728343496e-07
53500.000000000095 1.1647592859821618e-07
53550.000000000095 1.726812310962438e-07
53600.000000000095 2.610497434943988e-07
53650.000000000095 2.0757762891910347e-07
53700.000000000095 1.9876536743496807e-07
53750.000000000095 1.9430046727873722e-07
53800.000000000095 2.05648720718798e-07
53850.000000000095 2.666748723797538e-07
53900.000000000095 2.6876386432828294e-07
53950.000000000095 3.4460278495203305e-07
54000.000000000095 2.4375077917061617e-07
54050.000000000095 2.3795497171200254e-07
54100.000000000095 1.2577744574331525e-07
54150.000000000095 1.791702413117146e-07
54200.000000000095 9.902943861092852e-08
54250.000000000095 1.2299700149577352e-07
54300.000000000095 1.8483245927808086e-07
54350.000000000095 2.4148198739285507e-07
54400.000000000095 2.419975702215201e-07
54450.000000000095 2.2568790328675434e-07
54500.000000000095 1.9910793225727954e-07
54550.000000000095 1.6314707156238598e-07
54600.000000000095 2.028544432803875e-07
54650.000000000095 1.1926532357393633e-07
54700.000000000095 2.398229331152003e-07
54750.000000000095 2.2330035721460434e-07
54800.000000000095 1.6090062073305158e-07
54850.000000000095 1.8787888775860085e-07
54900.000000000095 2.536551213155949e-07
54950.000000000095 3.236600554518701e-07
55000.000000000095 1.6239324788195298e-07
55050.000000000095 2.1414407136046533e-07
55100.000000000095 2.1345197627065883e-07
55150.000000000095 1.753905608648964e-07
55200.000000000095 1.7097367532446512e-07
55250.000000000095 1.8675521919179214e-07
55300.000000000095 1.391505182127358e-07
55350.000000000095 2.1832837825096008e-07
55400.000000000095 2.6201047886826964e-07
55450.000000000095 1.9080955231979373e-07
55500.000000000095 1.105126753848244e-07
55550.000000000095 1.4929753268329726e-07
55600.000000000095 1.5011723788124416e-07
55650.000000000095 1.2618030475051328e-07
55700.000000000095 1.5739323052713007e-07
55750.000000000095 1.7764889304362915e-07
55800.000000000095 1.295543999963248e-07
55850.000000000095 1.1902509710934314e-07
55900.000000000095 2.0907133062220953e-07
55950.000000000095 2.7126933502182517e-07
56000.000000000095 1.353150152391093e-07
56050.000000000095 1.7959826497900118e-07
56100.000000000095 2.0383035335440274e-07
56150.000000000095 1.5157139799724832e-07
56200.000000000095 1.6968404878343844e-07
56250.000000000095 1.949883233970576e-07
56300.000000000095 1.9207873451825774e-07
56350.000000000095 1.9070241990876375e-07
56400.000000000095 1.2822294840585252e-07
56450.000000000095 1.1689850657431698e-07
56500.000000000095 1.677739732450431e-07
56550.000000000095 1.0394848011830715e-07
56600.000000000095 2.0300935959138199e-07
56650.000000000095 1.9115450176124072e-07
56700.000000000095 2.1819806382859142e-07
56750.000000000095 1.2042067127118352e-07
56800.000000000095 1.907370252626479e-07
56850.000000000095 1.622706783022397e-07
56900.000000000095 1.3811321547900145e-07
56950.000000000095 2.076786149566499e-07
57000.000000000095 2.3282848561951194e-07
57050.000000000095 1.5134579817425865e-07
57100.000000000095 8.55822638575442e-08
57150.000000000095 1.286962996046146e-07
57200.000000000095 1.0161009538665661e-07
57250.000000000095 1.4280628451446297e-07
57300.000000000095 1.7613965328113315e-07
57350.000000000095 1.1404735908528478e-07
57400.000000000095 1.9288402674718286e-07
57450.000000000095 1.674276755780161e-07
57500.000000000095 1.482324572865019e-07
57550.000000000095 1.881730100687458e-07
57600.000000000095 1.9398256778768989e-07
57650.000000000095 8.856233763694073e-08
57700.000000000095 1.1050731555597591e-07
57750.000000000095 1.3431472145414912e-07
57800.000000000095 6.340755087264233e-08
57850.000000000095 2.361307464630134e-07
57900.000000000095 2.751723285201786e-07
57950.000000000095 2.521627525393855e-07
58000.000000000095 1.4387228298631118e-07
58050.000000000095 1.8096665079501613e-07
58100.000000000095 2.1702419518037293e-07
58150.000000000095 1.7132539445936363e-07
58200.000000000095 9.348638111263941e-08
58250.000000000095 1.2176345980888568e-07
58300.000000000095 1.0454375899843e-07
58350.000000000095 1.216641116271224e-07
58400.000000000095 1.6691145752898906e-07
58450.000000000095 1.85440887763208e-07
58500.000000000095 1.6975037645151105e-07
58550.000000000095 1.9296343603876396e-07
58600.000000000095 1.1739723473714484e-07
58650.000000000095 1.4123893902738863e-07
58700.000000000095 1.4699118788938575e-07
58750.000000000095 1.6685250497400636e-07
58800.000000000095 8.181292837095293e-08
58850.000000000095 1.3450046872776681e-07
58900.000000000095 1.6858519162210703e-07
58950.000000000095 1.0692937621331632e-07
59000.000000000095 1.6987088335834404e-07
59050.000000000095 1.8946880926532522e-07
59100.000000000095 2.1822985468242497e-07
59150.000000000095 1.678797881214095e-07
59200.000000000095 1.6754355619309764e-07
59250.000000000095 1.7840850450621097e-07
59300.000000000095 1.751264152336795e-07
59350.000000000095 9.117661915866731e-08
59400.000000000095 7.591271752963306e-08
59450.000000000095 1.5572670973220276e-07
59500.000000000095 9.95608806251055e-08
59550.000000000095 1.904528427561718e-07
59600.000000000095 2.1428613194909117e-07
59650.000000000095 1.602192819215584e-07
59700.000000000095 1.1504114439646528e-07
59750.000000000095 2.460179794858903e-07
59800.000000000095 1.515512258941083e-07
59850.000000000095 1.976363638101253e-07
59900.000000000095 1.0306507177348454e-07
59950.000000000095 1.669734756993933e-07
60000.000000000095 2.843731046726601e-07
60050.000000000095 2.3930454998684936e-07
60100.000000000095 2.283274557290574e-07
60150.000000000095 1.580051570316004e-07
60200.000000000095 1.874946364108783e-07
60250.000000000095 2.3240709325029584e-07
60300.000000000095 2.1455273770314402e-07
60350.000000000095 1.4945555908953284e-07
60400.000000000095 1.942342898182548e-07
60450.000000000095 1.0316190183875085e-07
60500.000000000095 6.970829534931382e-08
60550.000000000095 1.909236916869069e-07
60600.000000000095 1.8757350377631306e-07
60650.000000000095 1.5849381269922368e-07
60700.000000000095 1.412054112784818e-07
60750.000000000095 1.0541956378169627e-07
60800.000000000095 1.9781431513747448e-07
60850.000000000095 2.827099753577869e-07
60900.000000000095 2.501225038552805e-07
60950.000000000095 2.2210810667538694e-07
61000.000000000095 1.9538530612471747e-07
61050.000000000095 1.3196866273185979e-07
61100.000000000095 1.7172096039396166e-07
61150.000000000095 8.114088973253955e-08
61200.000000000095 2.3189997479591963e-07
61250.000000000095 2.48572600223348e-07
61300.000000000095 2.097875014043887e-07
61350.000000000095 2.740461726377644e-07
61400.000000000095 1.742830302839151e-07
61450.000000000095 1.1727964764376698e-07
61500.000000000095 1.3097289737509635e-07
61550.000000000095 1.4845777735581882e-07
61600.000000000095 1.1011328731438805e-07
61650.000000000095 1.573401838254059e-07
61700.000000000095 1.4141088081337528e-07
61750.000000000095 1.6418673873335847e-07
61800.000000000095 1.8944361535564337e-07
61850.000000000095 1.2071411259028192e-07
61900.000000000095 2.4439024587961637e-07
61950.000000000095 2.487982229772842e-07
62000.000000000095 2.2283760059419438e-07
62050.000000000095 2.2529599711499936e-07
62100.000000000095 2.2428557304995346e-07
62150.000000000095 2.2756676107368853e-07
62200.000000000095 2.058092764355283e-07
62250.000000000095 1.9849752782049124e-07
62300.000000000095 2.8235645073870403e-07
62350.000000000095 2.5125165960540654e-07
62400.000000000095 1.575542439070968e-07
62450.000000000095 1.9274675234456935e-07
62500.000000000095 2.63163218940321e-07
62550.000000000095 2.648522881371932e-07
62600.000000000095 2.70151606375176e-07
62650.000000000095 2.2239967600034146e-07
62700.000000000095 2.279033674093502e-07
62750.000000000095 2.7992089797890555e-07
62800.000000000095 1.87185385565654e-07
62850.000000000095 2.470725553126389e-07
62900.000000000095 2.160958338270416e-07
62950.000000000095 2.992236341484372e-07
63000.000000000095 2.41620734177257e-07
63050.000000000095 3.277127722789133e-07
63100.000000000095 3.122559153527171e-07
63150.000000000095 2.130530519156558e-07
63200.000000000095 2.5704229396634234e-07
63250.000000000095 2.73192171405293e-07
63300.000000000095 2.6682991052801186e-07
63350.000000000095 2.5054892623201254e-07
63400.000000000095 1.55884449631187e-07
63450.000000000095 1.2331542228277177e-07
63500.000000000095 2.399536819451706e-07
63550.000000000095 2.4040685149187794e-07
63600.000000000095 2.668021249326775e-07
63650.000000000095 2.1111148392308737e-07
63700.000000000095 1.3473660209332038e-07
63750.000000000095 1.8726090022264497e-07
63800.000000000095 2.280374175472024e-07
63850.000000000095 2.1041549408277557e-07
63900.000000000095 1.4917299305001267e-07
63950.000000000095 2.1638864697554932e-07
64000.000000000095 2.4224399409999437e-07
64050.000000000095 1.732832585355169e-07
64100.000000000095 7.229164346153623e-08
64150.000000000095 9.93473870041957e-08
64200.000000000095 1.1410782487926672e-07
64250.000000000095 1.7231961536330472e-07
64300.000000000095 1.4184427227863452e-07
64350.000000000095 1.2208869169170557e-07
64400.000000000095 1.9480159271983219e-07
64450.000000000095 2.0257678204314863e-07
64500.000000000095 1.1585173017166696e-07
64550.000000000095 1.7762131978468872e-07
64600.000000000095 1.2568803959571567e-07
64650.000000000095 1.8285012918174497e-07
64700.000000000095 9.657637406744305e-08
64750.000000000095 1.151217867517977e-07
64800.000000000095 1.1060109707561277e-07
64850.000000000095 1.0224933567739407e-07
64900.000000000095 1.1679330062918752e-07
64950.000000000095 1.0578658853406982e-07
65000.000000000095 1.2883014329905444e-07
65050.000000000095 1.3954262173878422e-07
65100.000000000095 1.6609197345897559e-07
65150.000000000095 1.2734706902337464e-07
65200.000000000095 1.0214592179397167e-07
65250.000000000095 1.4846524215368304e-07
65300.000000000095 1.3959020783738996e-07
65350.000000000095 2.3422054802050007e-07
65400.000000000095 1.2739373655209465e-07
65450.000000000095 1.3030547886567872e-07
65500.000000000095 1.486666898754988e-07
65550.00000000009 1.0409968797826779e-07
65600.00000000009 1.3193977694762378e-07
65650.00000000009 1.3374787414163914e-07
65700.00000000009 1.2377347000576908e-07
65750.00000000009 1.0114069003575307e-07
65800.00000000009 1.4018570580376002e-07
65850.00000000009 1.72031438851567e-07
65900.00000000009 1.0066715253880803e-07
65950.00000000009 8.944141186444152e-08
66000.00000000009 1.2050989234902174e-07
66050.00000000009 2.0127639841485482e-07
66100.00000000009 1.3150913935576905e-07
66150.00000000009 1.0724017363837781e-07
66200.00000000009 1.0379484494532677e-07
66250.00000000009 9.776718559425903e-08
66300.00000000009 5.540737393595884e-08
66350.00000000009 7.611979285001449e-08
66400.00000000009 1.0035707478423766e-07
66450.00000000009 1.5807745216580338e-07
66500.00000000009 2.0511424288141195e-07
66550.00000000009 1.839239681724258e-07
66600.00000000009 1.48176679517554e-07
66650.00000000009 1.4286623587076166e-07
66700.00000000009 1.2775261785171937e-07
66750.00000000009 1.1854800652326753e-07
66800.00000000009 1.4954979566936856e-07
66850.00000000009 1.0477119842888237e-07
66900.00000000009 1.65623470990868e-07
66950.00000000009 2.1081663498607083e-07
67000.00000000009 2.185071377550726e-07
67050.00000000009 1.3975986877088733e-07
67100.00000000009 1.1991264780248512e-07
67150.00000000009 1.251576873513583e-07
67200.00000000009 1.4519526103702775e-07
67250.00000000009 1.3965931024686045e-07
67300.00000000009 1.6043362540535776e-07
67350.00000000009 1.0895476053472216e-07
67400.00000000009 2.0022253982037987e-07
67450.00000000009 1.4925750108835188e-07
67500.00000000009 1.4159242054168337e-07
67550.00000000009 1.6944971954647668e-07
67600.00000000009 2.6437383368479227e-07
67650.00000000009 1.9703610661112377e-07
67700.00000000009 1.5767796399037876e-07
67750.00000000009 1.3748407312268459e-07
67800.00000000009 1.742859943813101e-07
67850.00000000009 1.1382623895220758e-07
67900.00000000009 1.3923296948283163e-07
67950.00000000009 1.0559305111750156e-07
68000.00000000009 1.4102310361743594e-07
