galfind/configs/Brown_Dwarf_templates/sonora_cholla/logkzz7/3162g/1150K_3162g_logkzz7_resample.dat
# %ECSV 1.0
# ---
# datatype:
# - {name: wav, unit: Angstrom, datatype: float64}
# - {name: flux_nu, unit: erg / (cm2 Hz s), datatype: float64}
# schema: astropy-2.0
wav flux_nu
10000.000000000093 nan
10050.000000000093 2.3908171185415984e-07
10100.000000000093 2.741747943402756e-07
10150.000000000093 2.8080380078443207e-07
10200.000000000093 3.0527266905117527e-07
10250.000000000093 3.253916352715508e-07
10300.000000000093 3.44012665340222e-07
10350.000000000093 3.834492987089205e-07
10400.000000000093 4.130592600604315e-07
10450.000000000093 4.355776392277768e-07
10500.000000000093 4.4500851638394664e-07
10550.000000000093 4.5625763939606233e-07
10600.000000000093 4.7451444717732403e-07
10650.000000000093 4.939116574161201e-07
10700.000000000093 5.126393232246756e-07
10750.000000000093 5.293506871377804e-07
10800.000000000093 5.404567236250326e-07
10850.000000000093 5.468736704073758e-07
10900.000000000093 4.809844102914646e-07
10950.000000000093 3.473091538268015e-07
11000.000000000093 2.703574994295368e-07
11050.000000000093 1.9878103524376394e-07
11100.000000000093 1.4613328081332478e-07
11150.000000000093 1.1362124142921308e-07
11200.000000000093 1.243467505059824e-07
11250.000000000093 1.6319958990900105e-07
11300.000000000093 1.6485538487324273e-07
11350.000000000093 9.281127686353056e-08
11400.000000000093 1.9309988107980352e-07
11450.000000000093 1.4807454914386514e-07
11500.000000000093 1.7425813770342917e-07
11550.000000000093 1.30682038629868e-07
11600.000000000093 1.3228561220198667e-07
11650.000000000093 1.6247603659031082e-07
11700.000000000093 1.6873197312439712e-07
11750.000000000093 1.5299542716581704e-07
11800.000000000093 2.085751318083529e-07
11850.000000000093 2.5122618785732153e-07
11900.000000000093 2.948231488193967e-07
11950.000000000093 3.2926510804911645e-07
12000.000000000093 3.917295507002078e-07
12050.000000000093 4.4722858222782434e-07
12100.000000000093 4.885712131226839e-07
12150.000000000093 5.434873485505026e-07
12200.000000000093 5.890993173175619e-07
12250.000000000093 6.374892815511322e-07
12300.000000000093 6.876584027419574e-07
12350.000000000093 7.102975911364608e-07
12400.000000000093 7.516902199107275e-07
12450.000000000093 8.057548847473429e-07
12500.000000000093 8.436609905278634e-07
12550.000000000093 8.794559170230249e-07
12600.000000000093 8.802678790034849e-07
12650.000000000093 8.601547705776924e-07
12700.000000000093 8.627247117562312e-07
12750.000000000093 8.622154658610191e-07
12800.000000000093 8.66536107178953e-07
12850.000000000093 7.925199623825888e-07
12900.000000000093 7.530993612174283e-07
12950.000000000093 7.359061859496153e-07
13000.000000000093 7.265813201933109e-07
13050.000000000093 6.885475660172023e-07
13100.000000000093 6.744030298411267e-07
13150.000000000093 5.878175390436529e-07
13200.000000000093 5.501202543175987e-07
13250.000000000093 4.061443265493403e-07
13300.000000000093 2.48829925952637e-07
13350.000000000093 8.871828707426843e-08
13400.000000000093 3.7007803854530575e-08
13450.000000000093 2.5636579748060262e-08
13500.000000000093 1.584598665928324e-08
13550.000000000093 1.2116638612811311e-08
13600.000000000093 9.947291674038913e-09
13650.000000000093 2.279777783630615e-08
13700.000000000093 1.8309094568377784e-08
13750.000000000093 2.6995620782225888e-08
13800.000000000093 3.3934105976067586e-08
13850.000000000093 2.2066294056534435e-08
13900.000000000093 2.1473379482780035e-08
13950.000000000093 2.0810940482682778e-08
14000.000000000093 2.1489709606166558e-08
14050.000000000093 2.6052809400769953e-08
14100.000000000093 1.9628982884035215e-08
14150.000000000093 2.6827910942101753e-08
14200.000000000093 2.1190648510304298e-08
14250.000000000093 2.2582509047035412e-08
14300.000000000093 3.5594555881320413e-08
14350.000000000093 3.440836480599579e-08
14400.000000000093 3.513188526724249e-08
14450.000000000093 4.301662047548746e-08
14500.000000000093 6.62268006274335e-08
14550.000000000093 6.511926116323884e-08
14600.000000000093 9.539596958142993e-08
14650.000000000093 9.158506370398919e-08
14700.000000000093 7.296144478788904e-08
14750.000000000093 9.275237284460815e-08
14800.000000000093 1.078100038410526e-07
14850.000000000093 1.1739719809085531e-07
14900.000000000093 1.1850665400334888e-07
14950.000000000093 1.3788501104445664e-07
15000.000000000093 1.5701829523181714e-07
15050.000000000093 1.821261046600404e-07
15100.000000000093 1.9452387791656838e-07
15150.000000000093 2.09106731413968e-07
15200.000000000093 2.2429827317461878e-07
15250.000000000093 2.6371061645175627e-07
15300.000000000093 2.8785243389351336e-07
15350.000000000093 3.2795498020880747e-07
15400.000000000093 3.554729603070264e-07
15450.000000000093 3.818636207115416e-07
15500.000000000093 3.988817242372137e-07
15550.000000000093 4.372599332940162e-07
15600.000000000093 4.503287285336653e-07
15650.000000000093 4.637594002072754e-07
15700.000000000093 5.017363355472147e-07
15750.000000000093 5.16924736940024e-07
15800.000000000093 5.17499871125406e-07
15850.000000000093 5.331247325528497e-07
15900.000000000093 5.2326612985387e-07
15950.000000000093 5.17082892161349e-07
16000.000000000093 4.902561751294452e-07
16050.000000000093 4.428375857553293e-07
16100.000000000093 4.024240812516297e-07
16150.000000000093 3.4816813056476845e-07
16200.000000000093 2.9776781026489494e-07
16250.000000000093 2.893566328568663e-07
16300.000000000093 2.675384519026522e-07
16350.000000000093 2.803059998386842e-07
16400.000000000095 2.9597521689993825e-07
16450.000000000095 3.0933042629829836e-07
16500.000000000095 3.27861194894032e-07
16550.000000000095 3.230471390126905e-07
16600.000000000095 3.256274441718174e-07
16650.000000000095 2.5403215694724043e-07
16700.000000000095 1.9719039908994097e-07
16750.000000000095 2.363179487907734e-07
16800.000000000095 2.793764332236731e-07
16850.000000000095 2.730851814806472e-07
16900.000000000095 2.5988058228374774e-07
16950.000000000095 2.455894275580937e-07
17000.000000000095 2.286366440182793e-07
17050.000000000095 2.615682124963869e-07
17100.000000000095 2.7041167797240816e-07
17150.000000000095 2.483886931139328e-07
17200.000000000095 2.7048066147518663e-07
17250.000000000095 2.42057899297334e-07
17300.000000000095 2.2548829362586557e-07
17350.000000000095 2.0910392351264136e-07
17400.000000000095 1.9845341673910524e-07
17450.000000000095 1.8922004666772968e-07
17500.000000000095 1.909940936970506e-07
17550.000000000095 1.6546884277755075e-07
17600.000000000095 1.5297042123541128e-07
17650.000000000095 1.445591665677558e-07
17700.000000000095 1.147561271825363e-07
17750.000000000095 9.845296310179548e-08
17800.000000000095 1.0604762062199009e-07
17850.000000000095 7.508166691319448e-08
17900.000000000095 8.99374424851193e-08
17950.000000000095 6.764213474565422e-08
18000.000000000095 7.220505144991819e-08
18050.000000000095 5.9379209014870685e-08
18100.000000000095 6.081438634739213e-08
18150.000000000095 7.30493324861592e-08
18200.000000000095 4.9040260307834317e-08
18250.000000000095 9.303087016027185e-08
18300.000000000095 5.678157751355513e-08
18350.000000000095 5.511568076101858e-08
18400.000000000095 4.8299177614904555e-08
18450.000000000095 6.116905900304443e-08
18500.000000000095 6.131536659968303e-08
18550.000000000095 4.7347036511055964e-08
18600.000000000095 4.329644958951203e-08
18650.000000000095 3.867815519476492e-08
18700.000000000095 3.589125635627653e-08
18750.000000000095 4.950832607150687e-08
18800.000000000095 8.677005161907073e-08
18850.000000000095 9.337361907252297e-08
18900.000000000095 8.191451938780631e-08
18950.000000000095 1.2676705839966102e-07
19000.000000000095 8.605424458233467e-08
19050.000000000095 6.623885123245644e-08
19100.000000000095 1.0497712946351825e-07
19150.000000000095 7.661875556167109e-08
19200.000000000095 9.284611402291789e-08
19250.000000000095 7.418298615501948e-08
19300.000000000095 6.984404411551155e-08
19350.000000000095 6.625931159953608e-08
19400.000000000095 4.4198630267132915e-08
19450.000000000095 7.540151160270047e-08
19500.000000000095 7.429813340706098e-08
19550.000000000095 6.016263206097732e-08
19600.000000000095 7.370719590547238e-08
19650.000000000095 8.971887029936213e-08
19700.000000000095 8.828818666124143e-08
19750.000000000095 8.923598300567214e-08
19800.000000000095 1.0207623999088686e-07
19850.000000000095 1.2767597469899504e-07
19900.000000000095 9.94962953866965e-08
19950.000000000095 1.4199321995417753e-07
20000.000000000095 1.3087244828598862e-07
20050.000000000095 1.4958758831473247e-07
20100.000000000095 1.522660741642744e-07
20150.000000000095 1.5891016619812477e-07
20200.000000000095 1.733708616280283e-07
20250.000000000095 1.91942391895773e-07
20300.000000000095 1.8466931254382974e-07
20350.000000000095 2.080039886153484e-07
20400.000000000095 2.0476532154331183e-07
20450.000000000095 2.2583817561021846e-07
20500.000000000095 2.3332025390355185e-07
20550.000000000095 2.3198924385320883e-07
20600.000000000095 2.495667354766e-07
20650.000000000095 2.4676301584269434e-07
20700.000000000095 2.4976180210509313e-07
20750.000000000095 2.5632099987798494e-07
20800.000000000095 2.578126662783371e-07
20850.000000000095 2.5983363475458895e-07
20900.000000000095 2.6505439782263276e-07
20950.000000000095 2.6109114501602596e-07
21000.000000000095 2.622904853303513e-07
21050.000000000095 2.5867319341090216e-07
21100.000000000095 2.5774872274793614e-07
21150.000000000095 2.588268811399682e-07
21200.000000000095 2.532606806065502e-07
21250.000000000095 2.5335809794157275e-07
21300.000000000095 2.445692362513866e-07
21350.000000000095 2.4399267475186373e-07
21400.000000000095 2.3783374229395458e-07
21450.000000000095 2.3159239925823532e-07
21500.000000000095 2.2906131384677994e-07
21550.000000000095 2.2405278654430495e-07
21600.000000000095 2.1782917890723605e-07
21650.000000000095 2.085713130053706e-07
21700.000000000095 2.095841554092245e-07
21750.000000000095 1.9790196262752414e-07
21800.000000000095 1.8749324457392444e-07
21850.000000000095 1.7471998739506156e-07
21900.000000000095 1.660176045822363e-07
21950.000000000095 1.3342123720641592e-07
22000.000000000095 9.54403662898825e-08
22050.000000000095 8.201112438846066e-08
22100.000000000095 1.0839119598778128e-07
22150.000000000095 1.158109465201378e-07
22200.000000000095 1.1498588116953732e-07
22250.000000000095 1.1050197631437061e-07
22300.000000000095 1.0340473775638309e-07
22350.000000000095 1.0003816330506315e-07
22400.000000000095 8.69037057662474e-08
22450.000000000095 8.00495439287534e-08
22500.000000000095 8.196843150574002e-08
22550.000000000095 6.907836279378816e-08
22600.000000000095 7.460526190087934e-08
22650.000000000095 7.691650577645998e-08
22700.000000000095 7.415532349220306e-08
22750.000000000095 7.578291508043338e-08
22800.000000000095 7.369773798866411e-08
22850.000000000095 6.519766392071464e-08
22900.000000000095 6.418539059795248e-08
22950.000000000095 6.176142934924655e-08
23000.000000000095 5.738719003009086e-08
23050.000000000095 7.013163887190753e-08
23100.000000000095 9.100201134298718e-08
23150.000000000095 8.465832840914239e-08
23200.000000000095 4.454870308499898e-08
23250.000000000095 5.1733516177436134e-08
23300.000000000095 4.945819684505779e-08
23350.000000000095 4.443691845714288e-08
23400.000000000095 5.0632120998591624e-08
23450.000000000095 4.927160082466114e-08
23500.000000000095 4.996617300225145e-08
23550.000000000095 6.405995125708216e-08
23600.000000000095 7.021740093805795e-08
23650.000000000095 7.555075724840598e-08
23700.000000000095 4.657204168197468e-08
23750.000000000095 4.869044539963422e-08
23800.000000000095 5.911184966829117e-08
23850.000000000095 5.779754862776258e-08
23900.000000000095 7.637902303360917e-08
23950.000000000095 7.596683199342756e-08
24000.000000000095 9.321027155936162e-08
24050.000000000095 9.17779686232186e-08
24100.000000000095 8.072818184567403e-08
24150.000000000095 9.126715171472582e-08
24200.000000000095 9.465422083778824e-08
24250.000000000095 9.20662146172497e-08
24300.000000000095 9.865995806356913e-08
24350.000000000095 8.468827594182061e-08
24400.000000000095 1.1208469388943101e-07
24450.000000000095 9.266210984765824e-08
24500.000000000095 9.836110629690681e-08
24550.000000000095 9.68439665516596e-08
24600.000000000095 1.0363136420288665e-07
24650.000000000095 1.1710207475462627e-07
24700.000000000095 8.51344714672843e-08
24750.000000000095 8.027382780381823e-08
24800.000000000095 8.432614989175987e-08
24850.000000000095 1.1500637981307635e-07
24900.000000000095 5.68095019363746e-08
24950.000000000095 9.543576085804403e-08
25000.000000000095 8.78218448726486e-08
25050.000000000095 5.746140669814331e-08
25100.000000000095 8.041281529413432e-08
25150.000000000095 5.1239128913381826e-08
25200.000000000095 6.749882816942607e-08
25250.000000000095 4.408931361555453e-08
25300.000000000095 5.974571402962694e-08
25350.000000000095 3.6074452649722374e-08
25400.000000000095 6.328678399488391e-08
25450.000000000095 3.9152532981432125e-08
25500.000000000095 3.8687192971283465e-08
25550.000000000095 5.1020503866575845e-08
25600.000000000095 4.705392487337561e-08
25650.000000000095 2.9162219563490247e-08
25700.000000000095 5.5702788938124715e-08
25750.000000000095 2.8325977464122364e-08
25800.000000000095 5.922813324667577e-08
25850.000000000095 2.9838609014161244e-08
25900.000000000095 4.621843730512825e-08
25950.000000000095 2.629482065211692e-08
26000.000000000095 5.5890351696563416e-08
26050.000000000095 3.594007920596425e-08
26100.000000000095 6.47930085771492e-08
26150.000000000095 5.157053303928247e-08
26200.000000000095 5.441309979773906e-08
26250.000000000095 8.401655243689415e-08
26300.000000000095 5.8134064882161095e-08
26350.000000000095 9.413511328140538e-08
26400.000000000095 9.354929926389523e-08
26450.000000000095 9.111753140236135e-08
26500.000000000095 9.741758390973509e-08
26550.000000000095 6.081642415497778e-08
26600.000000000095 7.106697891249027e-08
26650.000000000095 3.681632372667201e-08
26700.000000000095 3.1782238295425924e-08
26750.000000000095 2.7695677331432278e-08
26800.000000000095 3.807000164002394e-08
26850.000000000095 2.308151124202347e-08
26900.000000000095 4.7622581728438155e-08
26950.000000000095 2.6236437795614108e-08
27000.000000000095 5.827077573278029e-08
27050.000000000095 5.386997937213729e-08
27100.000000000095 3.789335454402842e-08
27150.000000000095 6.890480261722582e-08
27200.000000000095 4.133523820263877e-08
27250.000000000095 4.9072906733853704e-08
27300.000000000095 1.0491479205543648e-07
27350.000000000095 7.732474152715568e-08
27400.000000000095 2.6436971123302577e-08
27450.000000000095 9.04780631775232e-08
27500.000000000095 1.0009456972229957e-07
27550.000000000095 4.614813513886251e-08
27600.000000000095 7.767869893252395e-08
27650.000000000095 3.9975984550489156e-08
27700.000000000095 3.392358449801049e-08
27750.000000000095 8.015221986845948e-08
27800.000000000095 4.320829086078637e-08
27850.000000000095 4.6848198252921756e-08
27900.000000000095 6.193927703477341e-08
27950.000000000095 8.691667347164634e-08
28000.000000000095 6.996266692379677e-08
28050.000000000095 3.306664010616858e-08
28100.000000000095 9.282844879139865e-08
28150.000000000095 6.512517548633999e-08
28200.000000000095 3.392506150103036e-08
28250.000000000095 9.49453893575199e-08
28300.000000000095 1.118403894638707e-07
28350.000000000095 3.790435113156114e-08
28400.000000000095 8.19466750794759e-08
28450.000000000095 1.0102830424572495e-07
28500.000000000095 7.733269874302097e-08
28550.000000000095 3.718722546235926e-08
28600.000000000095 1.089250627947327e-07
28650.000000000095 9.013099876503287e-08
28700.000000000095 7.76624530612107e-08
28750.000000000095 1.0889759621668662e-07
28800.000000000095 1.0247238216942675e-07
28850.000000000095 1.1401712823614836e-07
28900.000000000095 6.143596274194676e-08
28950.000000000095 1.3499120430164317e-07
29000.000000000095 1.0232097608297282e-07
29050.000000000095 1.1626030656761821e-07
29100.000000000095 7.962738495455316e-08
29150.000000000095 1.6092316867956055e-07
29200.000000000095 1.002271921813918e-07
29250.000000000095 1.343958488670023e-07
29300.000000000095 8.683190282018241e-08
29350.000000000095 2.3675163700723235e-07
