galfind/configs/Brown_Dwarf_templates/sonora_cholla/logkzz7/3162g/1200K_3162g_logkzz7_resample.dat
# %ECSV 1.0
# ---
# datatype:
# - {name: wav, unit: Angstrom, datatype: float64}
# - {name: flux_nu, unit: erg / (cm2 Hz s), datatype: float64}
# schema: astropy-2.0
wav flux_nu
[from data line 1162]
68100.00000000009 2.5441479324393097e-07
68150.00000000009 2.0913633502766529e-07
68200.00000000009 2.2428754060892672e-07
68250.00000000009 1.2591195475234196e-07
68300.00000000009 2.0029038504015637e-07
68350.00000000009 1.4116163653164582e-07
68400.00000000009 2.5254463438040333e-07
68450.00000000009 2.473654340760785e-07
68500.00000000009 2.1765113957686114e-07
68550.00000000009 1.609693489382452e-07
68600.00000000009 1.759387932148564e-07
68650.00000000009 1.287603573178194e-07
68700.00000000009 1.883393050157679e-07
68750.00000000009 2.1650042662853272e-07
68800.00000000009 2.3505097326212238e-07
68850.00000000009 1.4728245497735332e-07
68900.00000000009 2.8586995482602303e-07
68950.00000000009 3.16935644315392e-07
69000.00000000009 2.8986570984642005e-07
69050.00000000009 1.916654105179942e-07
69100.00000000009 2.9845898926512753e-07
69150.00000000009 3.233613107204017e-07
69200.00000000009 2.0861184829146565e-07
69250.00000000009 2.9983226400367714e-07
69300.00000000009 2.6497890078114095e-07
69350.00000000009 2.7840826798393637e-07
69400.00000000009 1.7865594730292773e-07
69450.00000000009 2.9744088663338496e-07
69500.00000000009 2.0222393082582378e-07
69550.00000000009 2.2215509238709168e-07
69600.00000000009 1.063346788505378e-07
69650.00000000009 2.0199931686121762e-07
69700.00000000009 2.755378754783476e-07
69750.00000000009 2.2123159373878697e-07
69800.00000000009 2.5553802517554346e-07
69850.00000000009 2.786916546352474e-07
69900.00000000009 2.221912366964531e-07
69950.00000000009 2.3483813513926544e-07
70000.00000000009 1.9425562575639582e-07
70050.00000000009 2.875163706580957e-07
70100.00000000009 2.1124003039506e-07
70150.00000000009 2.4300464559305754e-07
70200.00000000009 1.875279460191931e-07
70250.00000000009 2.2292046987959323e-07
70300.00000000009 2.7514855393458753e-07
70350.00000000009 2.2218705010940502e-07
70400.00000000009 1.9537342363756235e-07
70450.00000000009 1.1470442941285237e-07
70500.00000000009 1.638968152851633e-07
70550.00000000009 1.6961129559266782e-07
70600.00000000009 1.9063026252548707e-07
70650.00000000009 2.452026523197129e-07
70700.00000000009 2.281546478753044e-07
70750.00000000009 2.774294448160689e-07
70800.00000000009 1.9818187372530773e-07
70850.00000000009 1.844317715628497e-07
70900.00000000009 1.8895939970355473e-07
70950.00000000009 2.522693035417085e-07
71000.00000000009 2.2798236603779018e-07
71050.00000000009 2.3775164217437719e-07
71100.00000000009 2.17996663459229e-07
71150.00000000009 2.054394939789028e-07
71200.00000000009 1.8352567242945534e-07
71250.00000000009 2.0904748094239745e-07
71300.00000000009 2.4164247438568434e-07
71350.00000000009 2.3053828997138314e-07
71400.00000000009 2.2893424447920501e-07
71450.00000000009 1.5319562509288487e-07
71500.00000000009 1.894667428371918e-07
71550.00000000009 1.8619866782269676e-07
71600.00000000009 2.2692281481798995e-07
71650.00000000009 1.938444451812589e-07
71700.00000000009 1.6376435206092207e-07
71750.00000000009 2.002699638147149e-07
71800.00000000009 2.3637885171134726e-07
71850.00000000009 2.437079280749978e-07
71900.00000000009 1.7160072022663115e-07
71950.00000000009 1.975610362346422e-07
72000.00000000009 1.8722884904902875e-07
72050.00000000009 1.523054890265935e-07
72100.00000000009 1.7688641234943373e-07
72150.00000000009 1.6972952117043182e-07
72200.00000000009 1.9467451476438008e-07
72250.00000000009 2.206627521606902e-07
72300.00000000009 1.9792186380959216e-07
72350.00000000009 1.8956870133142977e-07
72400.00000000009 1.7924398586008116e-07
72450.00000000009 1.6447946178709256e-07
72500.00000000009 1.9216341810174484e-07
72550.00000000009 1.2694904518271582e-07
72600.00000000009 1.3988941807650568e-07
72650.00000000009 2.0715683677373434e-07
72700.00000000009 2.0153354015499894e-07
72750.00000000009 1.7967099571357838e-07
72800.00000000009 1.6721187804023463e-07
72850.00000000009 1.6933353807993213e-07
72900.00000000009 2.214870777177429e-07
72950.00000000009 1.8508045349735484e-07
73000.00000000009 1.8825852434060917e-07
73050.00000000009 1.6279069456116713e-07
73100.00000000009 1.493653702450951e-07
73150.00000000009 2.42072728034876e-07
73200.00000000009 1.645401998009883e-07
73250.00000000009 1.8905678713505066e-07
73300.00000000009 1.7899886283006595e-07
73350.00000000009 1.484809901394894e-07
73400.00000000009 1.8145555064281692e-07
73450.00000000009 1.2947898337366417e-07
73500.00000000009 1.3800357685265592e-07
73550.00000000009 1.802128116159302e-07
73600.00000000009 1.526738224261747e-07
73650.00000000009 1.7792859407575613e-07
73700.00000000009 2.0443841431520914e-07
73750.00000000009 1.4073835970214251e-07
73800.00000000009 1.6634943267432368e-07
73850.00000000009 1.8334499336390145e-07
73900.00000000009 1.9146469722168868e-07
73950.00000000009 1.5757766244946589e-07
74000.00000000009 1.5043914728471355e-07
74050.00000000009 2.38556732829645e-07
74100.00000000009 1.6376516533311167e-07
74150.00000000009 1.8143309634140633e-07
74200.00000000009 1.614259485602594e-07
74250.00000000009 1.1996640235048511e-07
74300.00000000009 1.6973171085480705e-07
74350.00000000009 1.9697634067311296e-07
74400.00000000009 1.784867373071112e-07
74450.00000000009 1.2823298491665866e-07
74500.00000000009 1.4036805316603377e-07
74550.00000000009 1.7095486122076642e-07
74600.00000000009 1.578785240429942e-07
74650.00000000009 1.5291305386349153e-07
74700.00000000009 1.294025401953017e-07
74750.00000000009 1.4670848759716457e-07
74800.00000000009 1.4971673069104322e-07
74850.00000000009 1.3808728749841816e-07
74900.00000000009 2.1976275466721118e-07
74950.00000000009 1.9711585490998015e-07
75000.00000000009 1.7666941913284324e-07
75050.00000000009 1.440968760221222e-07
75100.00000000009 2.2408234969158787e-07
75150.00000000009 1.8970101713309505e-07
75200.00000000009 2.0721948954271127e-07
75250.00000000009 2.146009706976858e-07
75300.00000000009 2.1502335018032067e-07
75350.00000000009 1.334431373944243e-07
75400.00000000009 2.1036898915528113e-07
75450.00000000009 1.860572216992062e-07
75500.00000000009 1.7809483017778674e-07
75550.00000000009 2.0969251089852434e-07
75600.00000000009 2.537290849926076e-07
75650.00000000009 1.8878403431353623e-07
75700.00000000009 1.8795670850629364e-07
75750.00000000009 1.5551189662472954e-07
75800.00000000009 1.9781455277697908e-07
75850.00000000009 2.1829501356057858e-07
75900.00000000009 1.9136718893282859e-07
75950.00000000009 1.628696344451584e-07
76000.00000000009 1.9119586014575926e-07
76050.00000000009 1.943447579321571e-07
76100.00000000009 1.886890684518172e-07
76150.00000000009 2.0179741792292024e-07
76200.00000000009 2.030470031086836e-07
76250.00000000009 2.3349525984292748e-07
76300.00000000009 2.758882929450089e-07
76350.00000000009 3.0352415823226814e-07
76400.00000000009 2.415127292884992e-07
76450.00000000009 2.3486968191749613e-07
76500.00000000009 2.0448261251698064e-07
76550.00000000009 1.7742921368164786e-07
76600.00000000009 9.681739547071458e-08
76650.00000000009 1.1493181542093262e-07
76700.00000000009 1.2275067067176834e-07
76750.00000000009 1.1362023136646328e-07
76800.00000000009 1.683406564137209e-07
76850.00000000009 9.379748518132953e-08
76900.00000000009 1.0581260527951323e-07
76950.00000000009 1.4129154896437774e-07
77000.00000000009 1.4537234527674178e-07
77050.00000000009 1.1858836723889238e-07
77100.00000000009 1.1885617973524501e-07
77150.00000000009 1.473295603315891e-07
77200.00000000009 1.4084891953688423e-07
77250.00000000009 1.511337069848385e-07
77300.00000000009 1.4372846460194845e-07
77350.00000000009 1.0360144077860592e-07
77400.00000000009 9.945727877924598e-08
77450.00000000009 1.1558739992395528e-07
77500.00000000009 1.2836975900945856e-07
77550.00000000009 1.414735373426986e-07
77600.00000000009 1.5126493995289154e-07
77650.00000000009 1.489776175286578e-07
77700.00000000009 1.299509484370707e-07
77750.00000000009 1.7093983149240753e-07
77800.00000000009 1.613513523221339e-07
77850.00000000009 1.9498169816256154e-07
77900.00000000009 1.7103143544674247e-07
77950.00000000009 1.2660011103781194e-07
78000.00000000009 1.5723095699821826e-07
78050.00000000009 1.506457568873966e-07
78100.00000000009 1.2147622466930366e-07
78150.00000000009 1.7951025979034996e-07
78200.00000000009 1.8688253658579415e-07
78250.00000000009 1.9687150050042657e-07
78300.00000000009 1.9051920241846176e-07
78350.00000000009 1.8323914766731298e-07
78400.00000000009 1.5954252136741388e-07
78450.00000000009 2.0876086442932218e-07
78500.00000000009 2.1144539673879437e-07
78550.00000000009 1.9793086340633481e-07
78600.00000000009 1.807231214183273e-07
78650.00000000009 1.0999413244730461e-07
78700.00000000009 1.6282199893805613e-07
78750.00000000009 1.570658007400742e-07
78800.00000000009 1.9440142514665902e-07
78850.00000000009 1.318524243652663e-07
78900.00000000009 1.7542266032011578e-07
78950.00000000009 1.589914917064428e-07
79000.00000000009 1.7918586556278996e-07
79050.00000000009 1.628561624065031e-07
79100.00000000009 1.6845305492988112e-07
79150.00000000009 1.9090348752899923e-07
79200.00000000009 2.0081147555573584e-07
79250.00000000009 1.748351718874777e-07
79300.00000000009 1.4249907239686165e-07
79350.00000000009 1.9815517031099132e-07
79400.00000000009 1.6315560515368887e-07
79450.00000000009 1.9584614815784507e-07
79500.00000000009 2.4464780290155527e-07
79550.00000000009 2.0654886220815425e-07
79600.00000000009 1.4551429287444843e-07
79650.00000000009 1.77098966173343e-07
79700.00000000009 2.0523297515588173e-07
79750.00000000009 2.1043920385898081e-07
79800.00000000009 1.6895574541894869e-07
79850.00000000009 1.7895266777320697e-07
79900.00000000009 2.647667185396709e-07
79950.00000000009 2.0771103885037434e-07
