galfind/configs/Brown_Dwarf_templates/sonora_cholla/logkzz7/3162g/1250K_3162g_logkzz7_resample.dat
# %ECSV 1.0
# ---
# datatype:
# - {name: wav, unit: Angstrom, datatype: float64}
# - {name: flux_nu, unit: erg / (cm2 Hz s), datatype: float64}
# schema: astropy-2.0
wav flux_nu
[from data line 1161]
68050.00000000009 2.794051869821689e-07
68100.00000000009 2.847153112660161e-07
68150.00000000009 2.339695070947697e-07
68200.00000000009 2.5273472257938646e-07
68250.00000000009 1.4865597692665581e-07
68300.00000000009 2.2590560995952403e-07
68350.00000000009 1.5997329264663964e-07
68400.00000000009 2.8119414294666883e-07
68450.00000000009 2.77898672585513e-07
68500.00000000009 2.4712461495091144e-07
68550.00000000009 1.8472450239997552e-07
68600.00000000009 2.0447036302849334e-07
68650.00000000009 1.5286813151650522e-07
68700.00000000009 2.175972489866852e-07
68750.00000000009 2.469720953679597e-07
68800.00000000009 2.6661562859768695e-07
68850.00000000009 1.7153496145484716e-07
68900.00000000009 3.1949612492206635e-07
68950.00000000009 3.545510531315421e-07
69000.00000000009 3.2909782458269334e-07
69050.00000000009 2.2181252223541691e-07
69100.00000000009 3.3578785829558674e-07
69150.00000000009 3.603175398082082e-07
69200.00000000009 2.3463808455801498e-07
69250.00000000009 3.308764350470378e-07
69300.00000000009 3.003126040894727e-07
69350.00000000009 3.0855751572850555e-07
69400.00000000009 2.0685553753657832e-07
69450.00000000009 3.322140828541341e-07
69500.00000000009 2.3344181386314456e-07
69550.00000000009 2.547464604489704e-07
69600.00000000009 1.2483540866000698e-07
69650.00000000009 2.3166638178935406e-07
69700.00000000009 3.0638270365667085e-07
69750.00000000009 2.524285355813756e-07
69800.00000000009 2.874370891747057e-07
69850.00000000009 3.145017778736124e-07
69900.00000000009 2.493151405587591e-07
69950.00000000009 2.7015521537235075e-07
70000.00000000009 2.19471529840158e-07
70050.00000000009 3.1984156973411447e-07
70100.00000000009 2.375617699903641e-07
70150.00000000009 2.753589447021496e-07
70200.00000000009 2.1495239574104976e-07
70250.00000000009 2.5140758328393616e-07
70300.00000000009 3.0461098974005593e-07
70350.00000000009 2.4750555227969407e-07
70400.00000000009 2.2330784963475385e-07
70450.00000000009 1.3712006742555785e-07
70500.00000000009 1.8868588373719323e-07
70550.00000000009 1.953542595173897e-07
70600.00000000009 2.2019465446110188e-07
70650.00000000009 2.7231394400115005e-07
70700.00000000009 2.553157000258774e-07
70750.00000000009 3.060686550905874e-07
70800.00000000009 2.244693727000081e-07
70850.00000000009 2.084085111659182e-07
70900.00000000009 2.1342365904962795e-07
70950.00000000009 2.8239457166416906e-07
71000.00000000009 2.5628645762725457e-07
71050.00000000009 2.6882372594909487e-07
71100.00000000009 2.463665512425819e-07
71150.00000000009 2.3499558587123638e-07
71200.00000000009 2.0974105931149303e-07
71250.00000000009 2.3750712141651678e-07
71300.00000000009 2.707992897756566e-07
71350.00000000009 2.548699239191801e-07
71400.00000000009 2.5667168172708847e-07
71450.00000000009 1.7640868827246004e-07
71500.00000000009 2.1936545162011827e-07
71550.00000000009 2.1303981771341107e-07
71600.00000000009 2.5873878938184743e-07
71650.00000000009 2.226193325809297e-07
71700.00000000009 1.8977133059800446e-07
71750.00000000009 2.278549754598281e-07
71800.00000000009 2.67341396784534e-07
71850.00000000009 2.7686880847533565e-07
71900.00000000009 1.9576049973473018e-07
71950.00000000009 2.2548479872924242e-07
72000.00000000009 2.139637938626548e-07
72050.00000000009 1.7619082357288048e-07
72100.00000000009 2.032298714096391e-07
72150.00000000009 1.9637078183283782e-07
72200.00000000009 2.2169913458954183e-07
72250.00000000009 2.4775394133053267e-07
72300.00000000009 2.2660504568054567e-07
72350.00000000009 2.1590996514414167e-07
72400.00000000009 2.0484213627247525e-07
72450.00000000009 1.8937246573526756e-07
72500.00000000009 2.175489239955627e-07
72550.00000000009 1.5027303444523617e-07
72600.00000000009 1.5867231208677373e-07
72650.00000000009 2.3671840562416977e-07
72700.00000000009 2.3114842062691904e-07
72750.00000000009 2.0373601513302882e-07
72800.00000000009 1.9407541701562275e-07
72850.00000000009 1.9534874539659675e-07
72900.00000000009 2.5028458125079484e-07
72950.00000000009 2.097220138569632e-07
73000.00000000009 2.153900168941852e-07
73050.00000000009 1.8995664679035898e-07
73100.00000000009 1.7540757430553156e-07
73150.00000000009 2.7333592734353484e-07
73200.00000000009 1.919529974035324e-07
73250.00000000009 2.17446464478103e-07
73300.00000000009 2.0789221345539302e-07
73350.00000000009 1.7288686943338801e-07
73400.00000000009 2.0833878683040668e-07
73450.00000000009 1.4835200081152814e-07
73500.00000000009 1.611641655640994e-07
73550.00000000009 2.0481392196176592e-07
73600.00000000009 1.7597951747783404e-07
73650.00000000009 2.0393195024616755e-07
73700.00000000009 2.3507252268551617e-07
73750.00000000009 1.6763595144190218e-07
73800.00000000009 1.906479923617072e-07
73850.00000000009 2.1010701139125577e-07
73900.00000000009 2.2195796188830952e-07
73950.00000000009 1.816322536145409e-07
74000.00000000009 1.7804760956682068e-07
74050.00000000009 2.7075671647741717e-07
74100.00000000009 1.8795057636048135e-07
74150.00000000009 2.095115566831047e-07
74200.00000000009 1.8629354537179847e-07
74250.00000000009 1.451198868904314e-07
74300.00000000009 1.9465189169464578e-07
74350.00000000009 2.2292518720459364e-07
74400.00000000009 2.0158642757368028e-07
74450.00000000009 1.5136750913617233e-07
74500.00000000009 1.6693877578029915e-07
74550.00000000009 1.9927338849905926e-07
74600.00000000009 1.8197752064477693e-07
74650.00000000009 1.7594054093451856e-07
74700.00000000009 1.5243752193633557e-07
74750.00000000009 1.7315724528604134e-07
74800.00000000009 1.7225826623619224e-07
74850.00000000009 1.6099536980117742e-07
74900.00000000009 2.5056509199536417e-07
74950.00000000009 2.2339499912538263e-07
75000.00000000009 2.0364621050781448e-07
75050.00000000009 1.7316903849252085e-07
75100.00000000009 2.555909887319284e-07
75150.00000000009 2.2030332857218734e-07
75200.00000000009 2.3640037905083854e-07
75250.00000000009 2.422805416868571e-07
75300.00000000009 2.437417200260285e-07
75350.00000000009 1.5731402677643613e-07
75400.00000000009 2.3491262809483276e-07
75450.00000000009 2.125520979407079e-07
75500.00000000009 2.010932503994097e-07
75550.00000000009 2.3836496719056197e-07
75600.00000000009 2.8649776921408793e-07
75650.00000000009 2.1551737578849624e-07
75700.00000000009 2.1253387290090305e-07
75750.00000000009 1.8304105479944488e-07
75800.00000000009 2.2503553683353817e-07
75850.00000000009 2.45027875117883e-07
75900.00000000009 2.1600464223531923e-07
75950.00000000009 1.8727379534376232e-07
76000.00000000009 2.15925161083004e-07
76050.00000000009 2.1883937759439987e-07
76100.00000000009 2.1129250052958636e-07
76150.00000000009 2.2652611553537532e-07
76200.00000000009 2.3004313306919097e-07
76250.00000000009 2.6635169863590693e-07
76300.00000000009 3.048513505105955e-07
76350.00000000009 3.370568198387797e-07
76400.00000000009 2.7014709725069007e-07
76450.00000000009 2.6205455355617305e-07
76500.00000000009 2.3392365224322771e-07
76550.00000000009 2.0474286176182704e-07
76600.00000000009 1.1725633083014604e-07
76650.00000000009 1.3651225822964372e-07
76700.00000000009 1.477751938631062e-07
76750.00000000009 1.372289800618387e-07
76800.00000000009 1.9788112683656693e-07
76850.00000000009 1.1182563348405302e-07
76900.00000000009 1.322176374047685e-07
76950.00000000009 1.6438465478124606e-07
77000.00000000009 1.7060682207583568e-07
77050.00000000009 1.406504342551961e-07
77100.00000000009 1.3848559514416705e-07
77150.00000000009 1.6687678792568084e-07
77200.00000000009 1.6532253055375024e-07
77250.00000000009 1.755898273812542e-07
77300.00000000009 1.667198465199515e-07
77350.00000000009 1.2354174798246194e-07
77400.00000000009 1.1521272119360837e-07
77450.00000000009 1.3510754711822888e-07
77500.00000000009 1.5307419954196148e-07
77550.00000000009 1.638354604231436e-07
77600.00000000009 1.7515454236908732e-07
77650.00000000009 1.7130137619275026e-07
77700.00000000009 1.5068990227151236e-07
77750.00000000009 1.9577731286111838e-07
77800.00000000009 1.8817901854241514e-07
77850.00000000009 2.1949239310590282e-07
77900.00000000009 1.9565228654923368e-07
77950.00000000009 1.4931345006219474e-07
78000.00000000009 1.8494010123384572e-07
78050.00000000009 1.727796596670806e-07
78100.00000000009 1.3870407452998004e-07
78150.00000000009 2.036200437738047e-07
78200.00000000009 2.1223429884101937e-07
78250.00000000009 2.228673567266541e-07
78300.00000000009 2.1787767146149556e-07
78350.00000000009 2.0997966132670634e-07
78400.00000000009 1.8590187221746904e-07
78450.00000000009 2.3620813171331555e-07
78500.00000000009 2.384550238171761e-07
78550.00000000009 2.205906452642056e-07
78600.00000000009 2.0304683958860407e-07
78650.00000000009 1.2969902445893895e-07
78700.00000000009 1.8864629885974766e-07
78750.00000000009 1.8301636970139444e-07
78800.00000000009 2.2149261630564283e-07
78850.00000000009 1.548784254538499e-07
78900.00000000009 1.981169397143411e-07
78950.00000000009 1.7904425573727e-07
79000.00000000009 2.0382124845227963e-07
79050.00000000009 1.8822647572573138e-07
79100.00000000009 1.912590690544259e-07
79150.00000000009 2.1805320737286553e-07
79200.00000000009 2.310459339598781e-07
79250.00000000009 2.0222790886234843e-07
79300.00000000009 1.6394074681139258e-07
79350.00000000009 2.2589100584609829e-07
79400.00000000009 1.870874243839014e-07
79450.00000000009 2.22445382817477e-07
79500.00000000009 2.731193684052038e-07
79550.00000000009 2.3123166131101936e-07
79600.00000000009 1.6915226260033206e-07
79650.00000000009 2.0243728515726408e-07
79700.00000000009 2.356658219638628e-07
79750.00000000009 2.3772599834623328e-07
79800.00000000009 1.9476544289097588e-07
79850.00000000009 2.0747815219786319e-07
79900.00000000009 2.967033087672053e-07
79950.00000000009 2.3453859472157441e-07
