galfind/configs/Brown_Dwarf_templates/sonora_cholla/logkzz7/3162g/1250K_3162g_logkzz7_resample.dat
# %ECSV 1.0
# ---
# datatype:
# - {name: wav, unit: Angstrom, datatype: float64}
# - {name: flux_nu, unit: erg / (cm2 Hz s), datatype: float64}
# schema: astropy-2.0
wav flux_nu
[from data line 774]
48700.000000000095 3.706301165517008e-07
48750.000000000095 2.2607062906470868e-07
48800.000000000095 3.592973696531199e-07
48850.000000000095 2.4902757020119603e-07
48900.000000000095 3.589175714261098e-07
48950.000000000095 3.1208169639623056e-07
49000.000000000095 2.924303617608917e-07
49050.000000000095 3.4169459203880985e-07
49100.000000000095 2.703581629896265e-07
49150.000000000095 3.679023181534202e-07
49200.000000000095 2.716070670882341e-07
49250.000000000095 3.6167822209569143e-07
49300.000000000095 2.926743462651421e-07
49350.000000000095 3.264512488443971e-07
49400.000000000095 3.632421379151622e-07
49450.000000000095 3.266247893713937e-07
49500.000000000095 3.2473851601205317e-07
49550.000000000095 2.254097459787869e-07
49600.000000000095 3.293316608827509e-07
49650.000000000095 3.217197498175459e-07
49700.000000000095 2.9197003259523165e-07
49750.000000000095 4.3461607721699377e-07
49800.000000000095 2.961362174449119e-07
49850.000000000095 4.461267215977448e-07
49900.000000000095 3.5797332151958076e-07
49950.000000000095 3.8110595890190057e-07
50000.000000000095 4.251434809260325e-07
50050.000000000095 3.701290888225647e-07
50100.000000000095 4.837199323392097e-07
50150.000000000095 3.033743212154023e-07
50200.000000000095 2.4847717506076496e-07
50250.000000000095 4.243344536911526e-07
50300.000000000095 3.2282470345316553e-07
50350.000000000095 4.546341671101991e-07
50400.000000000095 3.615150399152032e-07
50450.000000000095 3.72446890157369e-07
50500.000000000095 4.872243962013059e-07
50550.000000000095 3.8396036376662395e-07
50600.000000000095 4.161918332308639e-07
50650.000000000095 3.8275615478062704e-07
50700.000000000095 5.411857865092962e-07
50750.000000000095 5.097222055167181e-07
50800.000000000095 3.0730260482808225e-07
50850.000000000095 3.502281490379188e-07
50900.000000000095 4.978230118834999e-07
50950.000000000095 4.989248858821057e-07
51000.000000000095 5.312732894660713e-07
51050.000000000095 4.3438551592590505e-07
51100.000000000095 3.355677072818672e-07
51150.000000000095 3.935793599283639e-07
51200.000000000095 4.950312048027566e-07
51250.000000000095 4.778326573139817e-07
51300.000000000095 3.4036109406999664e-07
51350.000000000095 4.265366569404459e-07
51400.000000000095 3.469960769099824e-07
51450.000000000095 3.056235130254999e-07
51500.000000000095 2.9229500727236777e-07
51550.000000000095 4.806101054035746e-07
51600.000000000095 3.346133400414102e-07
51650.000000000095 4.2283308101089686e-07
51700.000000000095 4.5305235453726084e-07
51750.000000000095 3.333666117076486e-07
51800.000000000095 5.468041358561536e-07
51850.000000000095 4.5838110351588154e-07
51900.000000000095 5.569577005171185e-07
51950.000000000095 4.789268315362266e-07
52000.000000000095 2.387219445094853e-07
52050.000000000095 3.6236685732060596e-07
52100.000000000095 3.3717833510467157e-07
52150.000000000095 2.928135418847056e-07
52200.000000000095 3.1539124748293826e-07
52250.000000000095 3.6481113790826887e-07
52300.000000000095 5.608171853029948e-07
52350.000000000095 4.0229284442381667e-07
52400.000000000095 3.2725060420093267e-07
52450.000000000095 4.5879380021244424e-07
52500.000000000095 4.337014832120782e-07
52550.000000000095 4.549507049511751e-07
52600.000000000095 4.025679009394895e-07
52650.000000000095 4.3764705810642596e-07
52700.000000000095 3.5379959593883413e-07
52750.000000000095 3.055260373546825e-07
52800.000000000095 3.247027741846251e-07
52850.000000000095 3.641420386146194e-07
52900.000000000095 3.2629446019293703e-07
52950.000000000095 3.360630072361786e-07
53000.000000000095 4.97560026086886e-07
53050.000000000095 2.710199648171633e-07
53100.000000000095 4.6551372166931505e-07
53150.000000000095 5.46479260086649e-07
53200.000000000095 2.8836483724565786e-07
53250.000000000095 4.818802268127795e-07
53300.000000000095 5.217908728573526e-07
53350.000000000095 4.950427951798446e-07
53400.000000000095 5.06009061742678e-07
53450.000000000095 2.926091100901474e-07
53500.000000000095 2.0954454164809608e-07
53550.000000000095 2.959075844861981e-07
53600.000000000095 3.9266397073834885e-07
53650.000000000095 3.1608260875500143e-07
53700.000000000095 3.07463725336576e-07
53750.000000000095 3.0844165926545177e-07
53800.000000000095 3.213154018018533e-07
53850.000000000095 4.008648498676259e-07
53900.000000000095 3.746168307980432e-07
53950.000000000095 4.919823548376168e-07
54000.000000000095 3.6153577222092685e-07
54050.000000000095 3.487797021989866e-07
54100.000000000095 2.1397806705743991e-07
54150.000000000095 2.912482104372334e-07
54200.000000000095 1.8024835224809893e-07
54250.000000000095 2.1023123638444282e-07
54300.000000000095 2.868398311626446e-07
54350.000000000095 3.6731323669506757e-07
54400.000000000095 3.7485637240095377e-07
54450.000000000095 3.531775633886497e-07
54500.000000000095 3.097618839116386e-07
54550.000000000095 2.5550555296274247e-07
54600.000000000095 3.178988414006468e-07
54650.000000000095 2.208271167707588e-07
54700.000000000095 3.7145088521733636e-07
54750.000000000095 3.5401074156421735e-07
54800.000000000095 2.694402055771187e-07
54850.000000000095 3.00343462331513e-07
54900.000000000095 3.895915144520581e-07
54950.000000000095 4.763778688497268e-07
55000.000000000095 2.710797969738498e-07
55050.000000000095 3.3474502611127134e-07
55100.000000000095 3.18965151138583e-07
55150.000000000095 2.820313297645236e-07
55200.000000000095 2.808708299919292e-07
55250.000000000095 2.910032511046138e-07
55300.000000000095 2.3176316961393225e-07
55350.000000000095 3.307582270784789e-07
55400.000000000095 4.0023433040496054e-07
55450.000000000095 3.103497808154164e-07
55500.000000000095 1.9386180579491377e-07
55550.000000000095 2.5740581213921815e-07
55600.000000000095 2.4990774245186636e-07
55650.000000000095 2.052385765842343e-07
55700.000000000095 2.6011192553417224e-07
55750.000000000095 3.0037179651988726e-07
55800.000000000095 2.3732961854634762e-07
55850.000000000095 2.0755720951123664e-07
55900.000000000095 3.3367004758797645e-07
55950.000000000095 4.2457886503621984e-07
56000.000000000095 2.2370941471395738e-07
56050.000000000095 3.008311237888722e-07
56100.000000000095 3.2591063271043396e-07
56150.000000000095 2.536038845109495e-07
56200.000000000095 2.800947721761874e-07
56250.000000000095 2.9087415905315064e-07
56300.000000000095 3.100319378379332e-07
56350.000000000095 3.2693515062089545e-07
56400.000000000095 2.3582550482295136e-07
56450.000000000095 2.1819161122986139e-07
56500.000000000095 2.693099546309309e-07
56550.000000000095 1.861619145734629e-07
56600.000000000095 3.1810038636845435e-07
56650.000000000095 2.9115862650126723e-07
56700.000000000095 3.4921324307915713e-07
56750.000000000095 2.1310603916268836e-07
56800.000000000095 3.171755769929165e-07
56850.000000000095 2.5974436034402535e-07
56900.000000000095 2.3836457367284937e-07
56950.000000000095 3.359847830643878e-07
57000.000000000095 3.648590465010927e-07
57050.000000000095 2.6016945793418027e-07
57100.000000000095 1.5994444523949578e-07
57150.000000000095 2.2888088708388306e-07
57200.000000000095 1.7975727745996074e-07
57250.000000000095 2.4856286049415775e-07
57300.000000000095 2.92508155404268e-07
57350.000000000095 1.9796086404138817e-07
57400.000000000095 3.0256458768945887e-07
57450.000000000095 2.838729648907172e-07
57500.000000000095 2.596084108119174e-07
57550.000000000095 3.1088129104540283e-07
57600.000000000095 3.314213725957593e-07
57650.000000000095 1.6710825810624985e-07
57700.000000000095 1.9857324414968237e-07
57750.000000000095 2.3694713537125803e-07
57800.000000000095 1.2126507954473882e-07
57850.000000000095 3.592123160203265e-07
57900.000000000095 4.1754278330706273e-07
57950.000000000095 3.7104627431645306e-07
58000.000000000095 2.4236751180550286e-07
58050.000000000095 2.877338849144154e-07
58100.000000000095 3.540539098539471e-07
58150.000000000095 2.915099727792759e-07
58200.000000000095 1.757293058841965e-07
58250.000000000095 2.23646629167412e-07
58300.000000000095 1.859832587735746e-07
58350.000000000095 2.132143372828282e-07
58400.000000000095 2.6838134357213844e-07
58450.000000000095 2.922428544735368e-07
58500.000000000095 2.657486201886442e-07
58550.000000000095 3.106358717137082e-07
58600.000000000095 2.0615961762100684e-07
58650.000000000095 2.475597230553081e-07
58700.000000000095 2.3772887811132467e-07
58750.000000000095 2.728166851266179e-07
58800.000000000095 1.6102172191460483e-07
58850.000000000095 2.339956272635094e-07
58900.000000000095 2.832848455869563e-07
58950.000000000095 1.9544420037352832e-07
59000.000000000095 2.7976631339378815e-07
59050.000000000095 2.983854421358024e-07
59100.000000000095 3.474683665632336e-07
59150.000000000095 2.7640230472168775e-07
59200.000000000095 2.749290892926377e-07
59250.000000000095 2.9237631186361207e-07
59300.000000000095 2.865997609808042e-07
59350.000000000095 1.7513376564574404e-07
59400.000000000095 1.4546382916864868e-07
59450.000000000095 2.535468569159878e-07
59500.000000000095 1.743420571986913e-07
59550.000000000095 3.126146550687882e-07
59600.000000000095 3.323304565378105e-07
59650.000000000095 2.7692132099757854e-07
59700.000000000095 1.9899006995272953e-07
59750.000000000095 3.802997409246996e-07
59800.000000000095 2.625566124938267e-07
59850.000000000095 3.226577709154155e-07
59900.000000000095 1.8780851122713256e-07
59950.000000000095 2.7820296839461117e-07
60000.000000000095 4.383981819779062e-07
60050.000000000095 3.6217144587866483e-07
60100.000000000095 3.6324791386727923e-07
60150.000000000095 2.7242407846188275e-07
60200.000000000095 3.0387585913322103e-07
60250.000000000095 3.4809463722330714e-07
60300.000000000095 3.2443148863820375e-07
60350.000000000095 2.4845835769099117e-07
60400.000000000095 3.164736480802471e-07
60450.000000000095 1.8968480392319076e-07
60500.000000000095 1.3570560091328645e-07
60550.000000000095 3.1268232336530305e-07
60600.000000000095 2.9977807423159734e-07
60650.000000000095 2.7112912553220946e-07
60700.000000000095 2.478839408134241e-07
60750.000000000095 2.0659468627776654e-07
60800.000000000095 3.1971943342710854e-07
60850.000000000095 4.2963179961185566e-07
60900.000000000095 3.768634756548239e-07
60950.000000000095 3.5486119239921444e-07
61000.000000000095 3.0228970719511095e-07
61050.000000000095 2.291752400054746e-07
61100.000000000095 2.9865609433571666e-07
61150.000000000095 1.4472798581525584e-07
61200.000000000095 3.737539967599096e-07
61250.000000000095 4.1486270851972065e-07
61300.000000000095 3.562137951941757e-07
61350.000000000095 4.3318686787190654e-07
61400.000000000095 3.120088235897148e-07
61450.000000000095 2.3178080129293443e-07
61500.000000000095 2.3826251265961174e-07
61550.000000000095 2.461424387041333e-07
61600.000000000095 1.9069805427977087e-07
61650.000000000095 2.669281415239094e-07
61700.000000000095 2.3709942603732454e-07
61750.000000000095 2.741740207141076e-07
61800.000000000095 3.2180266467358507e-07
61850.000000000095 2.2188073919848929e-07
61900.000000000095 3.868381435191869e-07
61950.000000000095 3.7975251840537713e-07
62000.000000000095 3.442632472152512e-07
62050.000000000095 3.434691060386825e-07
62100.000000000095 3.674609875137495e-07
62150.000000000095 3.4825780900559017e-07
62200.000000000095 3.176155141113286e-07
62250.000000000095 3.337497132451469e-07
62300.000000000095 4.222471864353811e-07
62350.000000000095 3.848160894047176e-07
62400.000000000095 2.5318072254590137e-07
62450.000000000095 3.1002644345453545e-07
62500.000000000095 4.0181156444762513e-07
62550.000000000095 3.7789524393397306e-07
62600.000000000095 4.077222486037835e-07
62650.000000000095 3.4442366501030793e-07
62700.000000000095 3.616227398235999e-07
62750.000000000095 4.2826034865753764e-07
62800.000000000095 3.044990172810179e-07
62850.000000000095 3.895269268748462e-07
62900.000000000095 3.376363834528609e-07
62950.000000000095 4.367971240135651e-07
63000.000000000095 3.7965562260546026e-07
63050.000000000095 4.7220993367511346e-07
63100.000000000095 4.5011811260568683e-07
63150.000000000095 3.118915136448647e-07
63200.000000000095 3.9342276752432903e-07
63250.000000000095 4.1312458017407483e-07
63300.000000000095 4.259663917670997e-07
63350.000000000095 3.805608107745613e-07
63400.000000000095 2.608409162202546e-07
63450.000000000095 2.2211981076116922e-07
63500.000000000095 3.7602967109810975e-07
63550.000000000095 3.549212887590361e-07
63600.000000000095 4.204477298827672e-07
63650.000000000095 3.3946408122948307e-07
63700.000000000095 2.396483922508463e-07
63750.000000000095 3.077651896815548e-07
63800.000000000095 3.2724552270009637e-07
63850.000000000095 3.204956782423789e-07
63900.000000000095 2.52035655886224e-07
63950.000000000095 3.505785106576342e-07
64000.000000000095 3.7664918246177137e-07
64050.000000000095 2.898348607354433e-07
64100.000000000095 1.367772689640119e-07
64150.000000000095 1.8026214288818722e-07
64200.000000000095 2.0730963586879417e-07
64250.000000000095 2.854945602730538e-07
64300.000000000095 2.38666286350751e-07
64350.000000000095 2.1438262025282935e-07
64400.000000000095 3.04132216327056e-07
64450.000000000095 3.1212299482991274e-07
64500.000000000095 1.99457565133184e-07
64550.000000000095 2.868270777332937e-07
64600.000000000095 2.131541995628854e-07
64650.000000000095 2.9375891930436716e-07
64700.000000000095 1.690272785319627e-07
64750.000000000095 1.9326272127904732e-07
64800.000000000095 1.9415846107272973e-07
64850.000000000095 1.8513798359647866e-07
64900.000000000095 2.1279063131051026e-07
64950.000000000095 1.9275335113460898e-07
65000.000000000095 2.2310978001923653e-07
65050.000000000095 2.276050166922065e-07
65100.000000000095 2.620372771995743e-07
65150.000000000095 2.133381444611605e-07
65200.000000000095 1.836120164223351e-07
65250.000000000095 2.458739332839321e-07
65300.000000000095 2.2535909307633876e-07
65350.000000000095 3.533663723849185e-07
65400.000000000095 2.1125190650763865e-07
65450.000000000095 2.15110512104668e-07
65500.000000000095 2.3893914328364027e-07
65550.00000000009 1.8339714084341634e-07
65600.00000000009 2.0828318992702018e-07
65650.00000000009 2.2337203296525848e-07
65700.00000000009 2.0161850502420696e-07
65750.00000000009 1.793741681783859e-07
65800.00000000009 2.3188136869781522e-07
65850.00000000009 2.673727752398378e-07
65900.00000000009 1.7899024150041694e-07
65950.00000000009 1.4423755973560863e-07
66000.00000000009 2.000211401735507e-07
66050.00000000009 3.114124251978479e-07
66100.00000000009 2.1620879813718647e-07
66150.00000000009 1.7149330415927346e-07
66200.00000000009 1.7296648824192567e-07
66250.00000000009 1.6637934414163652e-07
66300.00000000009 1.030473433605192e-07
66350.00000000009 1.4194916341217534e-07
66400.00000000009 1.7140463719691025e-07
66450.00000000009 2.491893257984924e-07
66500.00000000009 3.1745986031300663e-07
66550.00000000009 2.879851816881444e-07
66600.00000000009 2.3404314468931038e-07
66650.00000000009 2.3625039198943227e-07
66700.00000000009 2.12057183513074e-07
66750.00000000009 1.9749099177852587e-07
66800.00000000009 2.4336390518605154e-07
66850.00000000009 1.8156868906308237e-07
66900.00000000009 2.4688083949764983e-07
66950.00000000009 3.1978476347135736e-07
67000.00000000009 3.245648324662558e-07
67050.00000000009 2.2459412485758963e-07
67100.00000000009 2.049797890892493e-07
67150.00000000009 2.0777142354032807e-07
67200.00000000009 2.243266681002942e-07
67250.00000000009 2.2429106852753888e-07
67300.00000000009 2.4247405858852223e-07
67350.00000000009 1.8372419458708002e-07
67400.00000000009 3.0322884282236516e-07
67450.00000000009 2.40898369374401e-07
67500.00000000009 2.2373907323277354e-07
67550.00000000009 2.529961555060551e-07
67600.00000000009 3.7980319460930213e-07
67650.00000000009 2.8769617265476494e-07
67700.00000000009 2.4436165687618186e-07
67750.00000000009 2.2376117092648532e-07
67800.00000000009 2.7050881643972995e-07
67850.00000000009 1.92835142507644e-07
67900.00000000009 2.311685618690567e-07
67950.00000000009 1.725201498288318e-07
