galfind/configs/Brown_Dwarf_templates/sonora_cholla/logkzz7/3162g/1300K_3162g_logkzz7_resample.dat
# %ECSV 1.0
# ---
# datatype:
# - {name: wav, unit: Angstrom, datatype: float64}
# - {name: flux_nu, unit: erg / (cm2 Hz s), datatype: float64}
# schema: astropy-2.0
wav flux_nu
10000.000000000093 nan
10050.000000000093 3.226948142770933e-07
10100.000000000093 3.710961183995046e-07
10150.000000000093 3.7152709701089543e-07
10200.000000000093 4.037044139046421e-07
10250.000000000093 4.2920844629140415e-07
10300.000000000093 4.4525317953207765e-07
10350.000000000093 5.044919345405399e-07
10400.000000000093 5.460984080818288e-07
10450.000000000093 5.763782405169688e-07
10500.000000000093 5.845825783703257e-07
10550.000000000093 5.983656435227821e-07
10600.000000000093 6.306338325318708e-07
10650.000000000093 6.635535340608354e-07
10700.000000000093 7.024960352172924e-07
10750.000000000093 7.363624612940093e-07
10800.000000000093 7.665423187864202e-07
10850.000000000093 8.059181462578421e-07
10900.000000000093 7.553125381511685e-07
10950.000000000093 6.099194624685407e-07
11000.000000000093 5.084968784389723e-07
11050.000000000093 4.080169648689251e-07
11100.000000000093 3.298961018272732e-07
11150.000000000093 2.787350305725595e-07
11200.000000000093 3.0138494407956276e-07
11250.000000000093 3.845665679957135e-07
11300.000000000093 3.791228768056748e-07
11350.000000000093 2.3560397182813032e-07
11400.000000000093 4.4116468385852995e-07
11450.000000000093 3.5435785712400267e-07
11500.000000000093 4.2866553436144234e-07
11550.000000000093 3.407555406343514e-07
11600.000000000093 3.529287934616326e-07
11650.000000000093 4.047994526855093e-07
11700.000000000093 4.0965911861252167e-07
11750.000000000093 3.9662950182933373e-07
11800.000000000093 4.813302431010189e-07
11850.000000000093 5.394872609846005e-07
11900.000000000093 6.223826865854408e-07
11950.000000000093 6.340108555861173e-07
12000.000000000093 7.225002928799881e-07
12050.000000000093 8.210459022717512e-07
12100.000000000093 8.72222872657044e-07
12150.000000000093 9.683858095691202e-07
12200.000000000093 1.0234069026981011e-06
12250.000000000093 1.100732733015272e-06
12300.000000000093 1.169355414490623e-06
12350.000000000093 1.1838175095403438e-06
12400.000000000093 1.1956977681623449e-06
12450.000000000093 1.2742966893559808e-06
12500.000000000093 1.326288399501194e-06
12550.000000000093 1.3874541933491345e-06
12600.000000000093 1.402641805964547e-06
12650.000000000093 1.3706104561109193e-06
12700.000000000093 1.4031032132728872e-06
12750.000000000093 1.410087918641002e-06
12800.000000000093 1.4357649363331107e-06
12850.000000000093 1.3429659788123924e-06
12900.000000000093 1.2868616066946134e-06
12950.000000000093 1.2849903973876527e-06
13000.000000000093 1.2936816124424085e-06
13050.000000000093 1.2688825076545271e-06
13100.000000000093 1.244832062297389e-06
13150.000000000093 1.1309173532432035e-06
13200.000000000093 1.0610117407244485e-06
13250.000000000093 8.150381792564401e-07
13300.000000000093 5.211728622542417e-07
13350.000000000093 1.8463251473075152e-07
13400.000000000093 8.755090241828396e-08
13450.000000000093 6.548204925061124e-08
13500.000000000093 4.367609500581285e-08
13550.000000000093 3.577553549940022e-08
13600.000000000093 3.20435565321545e-08
13650.000000000093 6.487280988433413e-08
13700.000000000093 5.377005540518909e-08
13750.000000000093 7.165933744418464e-08
13800.000000000093 9.010652021386267e-08
13850.000000000093 6.38915525031755e-08
13900.000000000093 6.156299160241828e-08
13950.000000000093 5.8699224846031265e-08
14000.000000000093 5.8580802272958415e-08
14050.000000000093 6.896306163538135e-08
14100.000000000093 5.2031268921894345e-08
14150.000000000093 6.829928209644931e-08
14200.000000000093 5.540360189288997e-08
14250.000000000093 5.7403428219075674e-08
14300.000000000093 8.114330174530796e-08
14350.000000000093 8.002017259047581e-08
14400.000000000093 8.174562713967104e-08
14450.000000000093 9.502546335818394e-08
14500.000000000093 1.375520202937443e-07
14550.000000000093 1.3503092716104893e-07
14600.000000000093 1.8761029131868314e-07
14650.000000000093 1.8229033351169598e-07
14700.000000000093 1.5207824646729157e-07
14750.000000000093 1.8585204093444746e-07
14800.000000000093 2.1288408753941497e-07
14850.000000000093 2.3056154352915036e-07
14900.000000000093 2.3007482225563324e-07
14950.000000000093 2.573132535887218e-07
15000.000000000093 2.878916302216047e-07
15050.000000000093 3.3455128251667843e-07
15100.000000000093 3.5242115711592015e-07
15150.000000000093 3.7930138334565186e-07
15200.000000000093 3.9957267309249164e-07
15250.000000000093 4.56276967351913e-07
15300.000000000093 4.961373592498205e-07
15350.000000000093 5.560196019366143e-07
15400.000000000093 5.963580276045455e-07
15450.000000000093 6.404563652763771e-07
15500.000000000093 6.677445225182545e-07
15550.000000000093 7.290494492837512e-07
15600.000000000093 7.425799304926553e-07
15650.000000000093 7.701726013500919e-07
15700.000000000093 8.336873358923442e-07
15750.000000000093 8.61044973612327e-07
15800.000000000093 8.562063566485803e-07
15850.000000000093 8.845367545401004e-07
15900.000000000093 8.865549708655979e-07
15950.000000000093 8.83061703808287e-07
16000.000000000093 8.625299445646595e-07
16050.000000000093 8.200767135601634e-07
16100.000000000093 7.790794366280256e-07
16150.000000000093 7.181017382204912e-07
16200.000000000093 6.612629404008862e-07
16250.000000000093 6.538964667778294e-07
16300.000000000093 6.233189763493578e-07
16350.000000000093 6.397848871238351e-07
16400.000000000095 6.600711772600215e-07
16450.000000000095 6.744340533644804e-07
16500.000000000095 6.99309292451465e-07
16550.000000000095 6.901710896351935e-07
16600.000000000095 6.795533366593336e-07
16650.000000000095 5.985688518655285e-07
16700.000000000095 5.179177684585393e-07
16750.000000000095 5.598277416308013e-07
16800.000000000095 6.167473089620556e-07
16850.000000000095 6.01907270298638e-07
16900.000000000095 5.82876522693811e-07
16950.000000000095 5.618282889256913e-07
17000.000000000095 5.381210950632516e-07
17050.000000000095 5.803824867782351e-07
17100.000000000095 5.743542774247262e-07
17150.000000000095 5.321758659291283e-07
17200.000000000095 5.418132834286288e-07
17250.000000000095 4.938683490987174e-07
17300.000000000095 4.6491345780294683e-07
17350.000000000095 4.344233874594917e-07
17400.000000000095 4.0615136507282805e-07
17450.000000000095 3.767710998457833e-07
17500.000000000095 3.7211495086087423e-07
17550.000000000095 3.2850512736281166e-07
17600.000000000095 3.0829558297074893e-07
17650.000000000095 2.957038328614415e-07
17700.000000000095 2.3482537098487274e-07
17750.000000000095 2.0737445256591768e-07
17800.000000000095 2.1669322018736022e-07
17850.000000000095 1.5895069896382568e-07
17900.000000000095 1.9180025066453003e-07
17950.000000000095 1.5257109070038802e-07
18000.000000000095 1.5387648609790098e-07
18050.000000000095 1.3529631738367848e-07
18100.000000000095 1.347955211463951e-07
18150.000000000095 1.6014765792448875e-07
18200.000000000095 1.1320858211834123e-07
18250.000000000095 1.939455397798064e-07
18300.000000000095 1.3279709767621939e-07
18350.000000000095 1.3005338508570422e-07
18400.000000000095 1.1718069840312827e-07
18450.000000000095 1.2975533859748007e-07
18500.000000000095 1.32902153586355e-07
18550.000000000095 1.070777388964689e-07
18600.000000000095 9.64075198258217e-08
18650.000000000095 9.080586980375287e-08
18700.000000000095 9.071869092446967e-08
18750.000000000095 1.1304056989451526e-07
18800.000000000095 1.7492215620232366e-07
18850.000000000095 1.91805477104642e-07
18900.000000000095 1.7170160159224773e-07
18950.000000000095 2.499735140912703e-07
19000.000000000095 1.8865118740351416e-07
19050.000000000095 1.536644002002214e-07
19100.000000000095 2.2371460837104966e-07
19150.000000000095 1.7624578814244532e-07
19200.000000000095 2.0023615814629997e-07
19250.000000000095 1.6671508367090968e-07
19300.000000000095 1.6230085983324247e-07
19350.000000000095 1.511458044611171e-07
19400.000000000095 1.023488460686639e-07
19450.000000000095 1.6467316405160857e-07
19500.000000000095 1.6152336936687157e-07
19550.000000000095 1.3203018284395033e-07
19600.000000000095 1.564066288835546e-07
19650.000000000095 1.860186368262466e-07
19700.000000000095 1.8117434293963872e-07
19750.000000000095 1.7559291426122894e-07
19800.000000000095 2.0211876095270736e-07
19850.000000000095 2.4347732934673887e-07
19900.000000000095 1.9066549872845495e-07
19950.000000000095 2.6271973049366836e-07
20000.000000000095 2.446653619179553e-07
20050.000000000095 2.7909418548412796e-07
20100.000000000095 2.7539837008354096e-07
20150.000000000095 2.94877438015816e-07
20200.000000000095 3.205780709504295e-07
20250.000000000095 3.4648754701807624e-07
20300.000000000095 3.3353082045091503e-07
20350.000000000095 3.7360040549214726e-07
20400.000000000095 3.731852410099514e-07
20450.000000000095 4.032650549796867e-07
20500.000000000095 4.1805788851315335e-07
20550.000000000095 4.139930046942486e-07
20600.000000000095 4.4779352279084976e-07
20650.000000000095 4.3977850070021275e-07
20700.000000000095 4.4868868824246073e-07
20750.000000000095 4.6013156553702836e-07
20800.000000000095 4.659235072843985e-07
20850.000000000095 4.6738875324786125e-07
20900.000000000095 4.80173200898322e-07
20950.000000000095 4.740604998737794e-07
21000.000000000095 4.788127710834756e-07
21050.000000000095 4.732508234848345e-07
21100.000000000095 4.741586705414065e-07
21150.000000000095 4.779153814307858e-07
21200.000000000095 4.693169870354426e-07
21250.000000000095 4.7300955595131864e-07
21300.000000000095 4.590348963183512e-07
21350.000000000095 4.621710261583542e-07
21400.000000000095 4.49789991960603e-07
21450.000000000095 4.4861522379997665e-07
21500.000000000095 4.4299585080616235e-07
21550.000000000095 4.3609503925467205e-07
21600.000000000095 4.286805431416999e-07
21650.000000000095 4.148831473409503e-07
21700.000000000095 4.157214323080867e-07
21750.000000000095 3.9798022612865043e-07
21800.000000000095 3.8466933695542377e-07
21850.000000000095 3.660665916241688e-07
21900.000000000095 3.569957651113945e-07
21950.000000000095 3.1084465482639794e-07
22000.000000000095 2.6142182213086544e-07
22050.000000000095 2.311350655368765e-07
22100.000000000095 2.663352073337794e-07
22150.000000000095 2.7829668679707674e-07
22200.000000000095 2.7820411131915256e-07
22250.000000000095 2.7225571850443073e-07
22300.000000000095 2.651872090483845e-07
22350.000000000095 2.5633476337537047e-07
22400.000000000095 2.3872063974586857e-07
22450.000000000095 2.216388465772913e-07
22500.000000000095 2.233394952307638e-07
22550.000000000095 2.051313562937867e-07
22600.000000000095 2.136756741409068e-07
22650.000000000095 2.1092836358194609e-07
22700.000000000095 2.067760848574946e-07
22750.000000000095 2.1110996226085987e-07
22800.000000000095 2.044014092496514e-07
22850.000000000095 1.8811454130097433e-07
22900.000000000095 1.8824165572605053e-07
22950.000000000095 1.7542273919513482e-07
23000.000000000095 1.5410413106626218e-07
23050.000000000095 1.7982240842477382e-07
23100.000000000095 2.0206855966026718e-07
23150.000000000095 1.9693333792797665e-07
23200.000000000095 1.3963634762693086e-07
23250.000000000095 1.4732707175290416e-07
23300.000000000095 1.3951568932326086e-07
23350.000000000095 1.3043007048951829e-07
23400.000000000095 1.4376266419593327e-07
23450.000000000095 1.42633413805363e-07
23500.000000000095 1.480755747242592e-07
23550.000000000095 1.7528509946908564e-07
23600.000000000095 1.8201227441300166e-07
23650.000000000095 1.9118862001706213e-07
23700.000000000095 1.4064826273202048e-07
23750.000000000095 1.485482889893171e-07
23800.000000000095 1.578316659515245e-07
23850.000000000095 1.5527779447534374e-07
23900.000000000095 1.8691622220408122e-07
23950.000000000095 1.9405820771055557e-07
24000.000000000095 2.202681420147078e-07
24050.000000000095 2.1164663445743494e-07
24100.000000000095 1.9303676974784856e-07
24150.000000000095 2.105123613523732e-07
24200.000000000095 2.163574087209021e-07
24250.000000000095 2.1815593197302785e-07
24300.000000000095 2.1614370127011095e-07
24350.000000000095 1.946219548871555e-07
24400.000000000095 2.405820779000046e-07
24450.000000000095 1.9981212530025525e-07
24500.000000000095 2.0926679981722822e-07
24550.000000000095 1.9704981467216132e-07
24600.000000000095 2.073888057837315e-07
24650.000000000095 2.3427531813064526e-07
24700.000000000095 1.72802669626296e-07
24750.000000000095 1.5815983593113214e-07
24800.000000000095 1.7101539621693526e-07
24850.000000000095 2.2077750906976562e-07
24900.000000000095 1.1674367665706813e-07
24950.000000000095 1.8902816927708303e-07
25000.000000000095 1.7397370737809403e-07
25050.000000000095 1.190572511449245e-07
25100.000000000095 1.607506967690905e-07
25150.000000000095 1.074105752844966e-07
25200.000000000095 1.3705080532243056e-07
25250.000000000095 9.867527611812758e-08
25300.000000000095 1.2697861581041994e-07
25350.000000000095 8.223204735902552e-08
25400.000000000095 1.325280373679345e-07
25450.000000000095 8.998322109237943e-08
25500.000000000095 8.943506618787615e-08
25550.000000000095 1.1056760321978373e-07
25600.000000000095 1.0775920219219614e-07
25650.000000000095 7.068847085375585e-08
25700.000000000095 1.2793620921944033e-07
25750.000000000095 7.084758487642516e-08
25800.000000000095 1.3111729055728464e-07
25850.000000000095 7.63769655757651e-08
25900.000000000095 1.1360067558571725e-07
25950.000000000095 7.01417777723683e-08
26000.000000000095 1.2419423240083595e-07
26050.000000000095 9.494538984072888e-08
26100.000000000095 1.4599183916273787e-07
26150.000000000095 1.2445645044314652e-07
26200.000000000095 1.2848575408006233e-07
26250.000000000095 1.7339244054910385e-07
26300.000000000095 1.3383879778266754e-07
26350.000000000095 1.8875557048431136e-07
26400.000000000095 1.9090002979931603e-07
26450.000000000095 1.8236795875677416e-07
26500.000000000095 1.890835408050029e-07
26550.000000000095 1.370241442955184e-07
26600.000000000095 1.6294460732758254e-07
26650.000000000095 9.311298696806168e-08
26700.000000000095 8.484548516290346e-08
26750.000000000095 7.108066438245512e-08
26800.000000000095 9.211205783860838e-08
26850.000000000095 5.8414124169711484e-08
26900.000000000095 1.0717939762748291e-07
26950.000000000095 6.179086621161251e-08
27000.000000000095 1.2424893546423522e-07
27050.000000000095 1.1360743934822073e-07
27100.000000000095 8.80989873973469e-08
27150.000000000095 1.3844269791122698e-07
27200.000000000095 9.687896921596684e-08
27250.000000000095 1.0489503591629929e-07
27300.000000000095 1.9537441758143414e-07
27350.000000000095 1.5587635128874322e-07
27400.000000000095 6.610192325423633e-08
27450.000000000095 1.833154407600374e-07
27500.000000000095 1.901621595892472e-07
27550.000000000095 1.0507424527770223e-07
27600.000000000095 1.6624537790360994e-07
27650.000000000095 9.122664115343355e-08
27700.000000000095 7.98295437536632e-08
27750.000000000095 1.6550043444815172e-07
27800.000000000095 9.633072210841684e-08
27850.000000000095 1.0307259550879334e-07
27900.000000000095 1.3203828141411213e-07
27950.000000000095 1.7029073969600603e-07
28000.000000000095 1.4332829794110484e-07
28050.000000000095 7.721712749099373e-08
28100.000000000095 1.85704275889616e-07
28150.000000000095 1.3550129818153754e-07
28200.000000000095 7.64868398799747e-08
28250.000000000095 1.814701661556725e-07
28300.000000000095 2.1349470539986036e-07
28350.000000000095 8.1705979295725e-08
28400.000000000095 1.643524106429426e-07
28450.000000000095 1.8642969095833868e-07
28500.000000000095 1.549573582026005e-07
28550.000000000095 8.174408363815677e-08
28600.000000000095 2.0594886187873544e-07
28650.000000000095 1.7187988195303191e-07
28700.000000000095 1.4943688362649849e-07
28750.000000000095 1.9632605157465376e-07
28800.000000000095 1.877640569808306e-07
28850.000000000095 2.1067215819560663e-07
28900.000000000095 1.1883423432261744e-07
28950.000000000095 2.393433905348751e-07
29000.000000000095 1.84477521361991e-07
29050.000000000095 2.0944694457620818e-07
29100.000000000095 1.4506010684037404e-07
29150.000000000095 2.7195274869908547e-07
29200.000000000095 1.8079268091769034e-07
29250.000000000095 2.3226995251320838e-07
