galfind/configs/Brown_Dwarf_templates/sonora_cholla/logkzz7/3162g/500K_3162g_logkzz7_resample.dat
# %ECSV 1.0
# ---
# datatype:
# - {name: wav, unit: Angstrom, datatype: float64}
# - {name: flux_nu, unit: erg / (cm2 Hz s), datatype: float64}
# schema: astropy-2.0
wav flux_nu
[from data line 814]
43700.04800076804 6.903624502615279e-08
43750.04800076804 7.951291763381477e-08
43800.04800076804 6.67313690921334e-08
43850.04800076804 6.140762313790185e-08
43900.04800076804 5.251161500006461e-08
43950.04800076804 3.909593621048232e-08
44000.04800076804 3.7730938351926376e-08
44050.04800076804 7.094093673675616e-08
44100.04800076804 9.229182892925166e-08
44150.04800076804 8.616267426028303e-08
44200.04800076804 8.136641132380256e-08
44250.04800076804 5.35841909216337e-08
44300.04800076804 3.508350994447151e-08
44350.04800076804 3.648428485661034e-08
44400.04800076804 4.3804079216395334e-08
44450.04800076804 6.210573290433006e-08
44500.04800076804 5.599336190900236e-08
44550.04800076804 7.017293948378233e-08
44600.04800076804 5.535406897389851e-08
44650.04800076804 6.119188018226779e-08
44700.04800076804 4.519851384740194e-08
44750.04800076804 5.3333601980140093e-08
44800.04800076804 3.959585053606137e-08
44850.04800076804 5.205873566490395e-08
44900.04800076804 4.873241683430243e-08
44950.04800076804 5.1954242405528095e-08
45000.04800076804 5.558974866746062e-08
45050.04800076804 5.218427747793247e-08
45100.04800076804 4.9566918705775536e-08
45150.04800076804 4.0852347089797016e-08
45200.04800076804 2.530703435275065e-08
45250.04800076804 2.8624847046971928e-08
45300.04800076804 3.27965441604037e-08
45350.04800076804 2.2839902638082952e-08
45400.04800076804 3.909213000013679e-08
45450.04800076804 3.3575047185882717e-08
45500.04800076804 3.927331170614767e-08
45550.04800076804 4.447371027207873e-08
45600.04800076804 3.248057305239251e-08
45650.04800076804 3.0708764894024586e-08
45700.04800076804 2.6667380162864178e-08
45750.04800076804 1.920644241114673e-08
45800.04800076804 2.6518989676598643e-08
45850.04800076804 3.185595737792833e-08
45900.04800076804 3.956704480901876e-08
45950.04800076804 2.745584213687637e-08
46000.04800076804 3.884703411074576e-08
46050.04800076804 3.8098548959735105e-08
46100.04800076804 2.9301822044781192e-08
46150.04800076804 3.165209433475069e-08
46200.04800076804 2.044311889500613e-08
46250.04800076804 1.0517116077714907e-08
46300.04800076804 3.535497232786701e-08
46350.04800076804 3.2259381244927534e-08
46400.04800076804 3.680334629819324e-08
46450.04800076804 4.019837280798976e-08
46500.04800076804 3.7846819282203174e-08
46550.04800076804 3.1833146565835537e-08
46600.04800076804 2.831578621226633e-08
46650.04800076804 5.045310723070975e-08
46700.04800076804 3.7922519091986776e-08
46750.04800076804 1.4284846914304743e-08
46800.04800076804 9.140639274534618e-09
46850.04800076804 3.4435142569876523e-08
46900.04800076804 3.756148549217988e-08
46950.04800076804 5.16933271790061e-08
47000.04800076804 3.22599534044227e-08
47050.04800076804 3.564121833404649e-08
47100.04800076804 1.9397965370008368e-08
47150.04800076804 3.124872161412016e-08
47200.04800076804 3.234944975503517e-08
47250.04800076804 1.6398948113223563e-08
47300.04800076804 1.361333569505348e-08
47350.04800076804 2.4238841893449292e-08
47400.04800076804 4.619675545243312e-08
47450.04800076804 2.1601628773113935e-08
47500.04800076804 5.1095499054325e-08
47550.04800076804 2.9163844138083657e-08
47600.04800076804 3.805606218101868e-08
47650.04800076804 2.4866902433416167e-08
47700.04800076804 3.6028405774116014e-08
47750.04800076804 2.0300027127393165e-08
47800.04800076804 1.887342276709826e-08
47850.04800076804 6.1820633068674005e-09
47900.04800076804 1.1495981698187111e-08
47950.04800076804 2.891364811856616e-08
48000.04800076804 4.338077870938639e-08
48050.04800076804 3.074421694461133e-08
48100.04800076804 1.8765183023866366e-08
48150.04800076804 2.806097820498343e-08
48200.04800076804 2.4095495009362914e-08
48250.04800076804 3.073968184286385e-08
48300.04800076804 4.291395794072034e-08
48350.04800076804 2.0480526302035923e-08
48400.04800076804 4.8460522712295384e-09
48450.04800076804 9.446904562703394e-09
48500.04800076804 2.2018073872992885e-08
48550.04800076804 2.3457913429263903e-08
48600.04800076804 4.834277435665086e-08
48650.04800076804 4.557951837177185e-08
48700.04800076804 4.501305376472532e-08
48750.04800076804 3.2550917343674647e-08
48800.04800076804 4.435672459041747e-08
48850.04800076804 2.102943595710336e-08
48900.04800076804 2.0576318150380582e-08
48950.04800076804 1.0866914418097896e-08
49000.04800076804 7.045088299858163e-09
49050.04800076804 2.280225324607521e-08
49100.04800076804 3.155694667420135e-08
49150.04800076804 2.907385239324039e-08
49200.04800076804 4.4761085442340157e-08
49250.04800076804 5.068198940351028e-08
49300.04800076804 3.996216491649792e-08
49350.04800076804 1.7332582234503473e-08
49400.04800076804 2.0128129776268676e-08
49450.04800076804 1.5255940164187876e-08
49500.04800076804 1.261085484797917e-08
49550.04800076804 1.851519552248281e-09
49600.04800076804 5.686269532523197e-09
49650.04800076804 2.1504947783679124e-08
49700.04800076804 3.092835174010188e-08
49750.04800076804 2.340892746546928e-08
49800.04800076804 1.2370605710737428e-08
49850.04800076804 3.330720956470918e-08
49900.04800076804 3.9084432064593654e-08
49950.04800076804 3.436197640163636e-08
50000.04800076804 2.0658602951183237e-08
50050.04800076804 2.1895311543552585e-08
50100.04800076804 1.9374914714354764e-08
50150.04800076804 6.560733611600943e-09
50200.04800076804 9.065457446509746e-10
50250.04800076804 5.842570118173769e-09
50300.04800076804 4.439135946898222e-09
50350.04800076804 2.084985570316381e-08
50400.04800076804 2.9141298736081552e-08
50450.04800076804 2.3968579265765795e-08
50500.04800076804 3.4551235121398405e-08
50550.04800076804 3.907340846124382e-08
50600.04800076804 2.5373804499305454e-08
50650.04800076804 3.452350387819301e-08
50700.04800076804 3.2548270153167096e-08
50750.04800076804 1.821461301998662e-08
50800.04800076804 4.525758419960213e-09
50850.04800076804 1.834012593620964e-09
50900.04800076804 1.5608470714388806e-08
50950.04800076804 2.00419596561332e-08
51000.04800076804 1.3127835962996635e-08
51050.04800076804 2.2513794161781936e-08
51100.04800076804 9.111465640677845e-09
51150.04800076804 6.507223683804204e-09
51200.04800076804 2.6105184092877302e-08
51250.04800076804 2.208698649896041e-08
51300.04800076804 1.3896588139117713e-08
51350.04800076804 1.0138555397793226e-08
51400.04800076804 2.371366928839789e-09
51450.04800076804 1.9822741808059502e-09
51500.04800076804 1.856207826851382e-09
51550.04800076804 9.21424428405203e-09
51600.04800076804 1.2436580595006414e-08
51650.04800076804 1.8267737770907675e-08
51700.04800076804 1.3819043467799955e-08
51750.04800076804 1.0924853144693238e-08
51800.04800076804 2.247694438254171e-08
51850.04800076804 1.6952425647302236e-08
51900.04800076804 1.4784932698771e-08
51950.04800076804 6.606755783963423e-09
52000.04800076804 5.820077506065212e-10
52050.04800076804 3.3575202484800005e-09
52100.04800076804 1.7090960313685512e-09
52150.04800076804 8.852773672313483e-10
52200.04800076804 4.335683000419836e-09
52250.04800076804 8.730224395701278e-09
52300.04800076804 9.45957889964193e-09
52350.04800076804 1.8697297561422175e-09
52400.04800076804 2.28805274366629e-09
52450.04800076804 1.1352197235909836e-08
52500.04800076804 9.04254957348761e-09
52550.04800076804 1.2901893344951924e-08
52600.04800076804 1.1301212871694951e-08
52650.04800076804 1.4593208339301482e-08
52700.04800076804 7.397892336221447e-09
52750.04800076804 2.1171071882104775e-09
52800.04800076804 4.526062889726026e-09
52850.04800076804 5.6586209003990596e-09
52900.04800076804 1.458033016050977e-09
52950.04800076804 2.917245781268724e-09
53000.04800076804 8.183251169173652e-09
53050.04800076804 2.912839851237523e-09
53100.04800076804 1.2951760868696207e-08
53150.04800076804 1.427679034713366e-08
53200.04800076804 5.693541457301267e-09
53250.04800076804 1.1670250558950482e-08
53300.04800076804 1.1815363584047435e-08
53350.04800076804 1.010882013733009e-08
53400.04800076804 5.555839815840522e-09
53450.04800076804 1.3009066253659438e-09
53500.04800076804 2.2217957758038955e-10
53550.04800076804 5.297033930808704e-10
53600.04800076804 2.9407940794859756e-09
53650.04800076804 5.359560995051767e-09
53700.04800076804 4.548734525939815e-09
53750.04800076804 3.67890298197402e-09
53800.04800076804 3.4809387266712347e-09
53850.04800076804 8.038860098211583e-09
53900.04800076804 1.0896659319251304e-08
53950.04800076804 8.855016976232711e-09
54000.04800076804 6.586875636444159e-09
54050.04800076804 6.070890214993913e-09
54100.04800076804 1.1111673490020624e-09
54150.04800076804 1.3125634236229109e-09
54200.04800076804 1.9948132295857912e-10
54250.04800076804 5.312480537392267e-10
54300.04800076804 1.8852522719992044e-09
54350.04800076804 3.7124635018366347e-09
54400.04800076804 2.626526453302476e-09
54450.04800076804 2.2087238004750115e-09
54500.04800076804 3.2345140922979736e-09
54550.04800076804 2.3691901195684804e-09
54600.04800076804 1.5104649792324957e-09
54650.04800076804 1.1314562141238817e-10
54700.04800076804 1.560782836383757e-09
54750.04800076804 1.6078240994057896e-09
54800.04800076804 8.102446305852862e-10
54850.04800076804 1.5532054357757793e-09
54900.04800076804 2.8211699657217736e-09
54950.04800076804 5.592550193969629e-09
55000.04800076804 2.161086793650939e-09
55050.04800076804 2.274094203465146e-09
55100.04800076804 3.850813524795797e-09
55150.04800076804 1.5994887113529092e-09
55200.04800076804 9.153912568383349e-10
55250.04800076804 1.488174785227967e-09
55300.04800076804 1.293853971128451e-09
55350.04800076804 2.113348119756987e-09
55400.04800076804 1.938890885769542e-09
55450.04800076804 1.622937493425876e-09
55500.04800076804 6.236797384530595e-10
55550.04800076804 3.581187060960335e-10
55600.04800076804 1.0659978047525112e-09
55650.04800076804 9.288481352018665e-10
55700.04800076804 8.539242240082107e-10
55750.04800076804 4.736579864770021e-10
55800.04800076804 1.8094793054270652e-10
55850.04800076804 4.756356027290919e-10
55900.04800076804 1.4695364103008477e-09
55950.04800076804 2.3855492766985505e-09
56000.04800076804 8.99585958768315e-10
56050.04800076804 8.529607140887815e-10
56100.04800076804 1.2844955037359923e-09
56150.04800076804 4.588015499362514e-10
56200.04800076804 7.867530416398223e-10
56250.04800076804 2.113512615939278e-09
56300.04800076804 9.832489265439357e-10
56350.04800076804 3.3563712911848383e-10
56400.04800076804 7.9728608343688e-11
56450.04800076804 8.30838713326184e-11
56500.04800076804 7.939216884830538e-10
56550.04800076804 3.1937249720389066e-10
56600.04800076804 1.0577526816573707e-09
56650.04800076804 9.803657707077634e-10
56700.04800076804 6.932222361746447e-10
56750.04800076804 2.7401625616751355e-10
56800.04800076804 3.6369720822017556e-10
56850.04800076804 8.043115705532537e-10
56900.04800076804 3.513459907462527e-10
56950.04800076804 1.1109766980725772e-09
57000.04800076804 1.5146805662117982e-09
57050.04800076804 8.642571545211903e-10
57100.04800076804 1.375898578675571e-10
57150.04800076804 3.9407586840958356e-10
57200.04800076804 1.864249530958433e-10
57250.04800076804 3.971651312350044e-10
57300.04800076804 5.177795229343334e-10
57350.04800076804 2.92169123619459e-10
57400.04800076804 8.725062541508438e-10
57450.04800076804 2.4469408274817264e-10
57500.04800076804 1.9822096268931777e-10
57550.04800076804 3.191755108424867e-10
57600.04800076804 1.980036700113344e-10
57650.04800076804 4.899780149256985e-11
57700.04800076804 1.9742325867182532e-10
57750.04800076804 5.969477963964289e-10
57800.04800076804 2.370670978361581e-10
57850.04800076804 1.0895893088010236e-09
57900.04800076804 2.198440249830022e-09
57950.04800076804 1.7920177006125176e-09
58000.04800076804 3.7551233103222175e-10
58050.04800076804 9.701265986737416e-10
58100.04800076804 4.859849360127532e-10
58150.04800076804 3.8262388582983685e-10
58200.04800076804 4.066603492867914e-11
58250.04800076804 1.4782356704902747e-10
58300.04800076804 1.3170142474313737e-10
58350.04800076804 1.9883959534417767e-10
58400.04800076804 6.137308812411933e-10
58450.04800076804 1.0204800447420459e-09
58500.04800076804 1.1133709334861654e-09
58550.04800076804 4.104488054812605e-10
58600.04800076804 1.2140294948711863e-10
58650.04800076804 3.0233477671245877e-10
58700.04800076804 3.3695633412656376e-10
58750.04800076804 3.743336401052771e-10
58800.04800076804 9.907570681887557e-12
58850.04800076804 1.2000124029680263e-10
58900.04800076804 1.3738900180577345e-10
58950.04800076804 7.578980488287114e-11
59000.04800076804 2.395301876359144e-10
59050.04800076804 3.598998040025285e-10
59100.04800076804 1.7980606401323355e-10
59150.04800076804 2.5638385105577847e-10
59200.04800076804 7.404904777549011e-10
59250.04800076804 7.732697492787226e-10
59300.04800076804 4.6129145784480636e-10
59350.04800076804 2.1759748710117228e-11
59400.04800076804 5.1254468186940775e-11
59450.04800076804 5.16339880936788e-10
59500.04800076804 4.6338637513167286e-10
59550.04800076804 7.241581968466441e-10
59600.04800076804 7.530178881568283e-10
59650.04800076804 1.7430224814440194e-10
59700.04800076804 1.791205341985429e-10
59750.04800076804 1.0404345741366812e-09
59800.04800076804 3.9859401114027203e-10
59850.04800076804 3.546241486465339e-10
59900.04800076804 7.840386166091175e-11
59950.04800076804 3.415673144937916e-10
60000.04800076804 1.0905402539046274e-09
60050.04800076804 1.708633151446381e-09
60100.04800076804 7.522718898111097e-10
60150.04800076804 1.5768708879473052e-10
60200.04800076804 3.4769600306185615e-10
60250.04800076804 1.1590596035680219e-09
60300.04800076804 1.1165798833583655e-09
60350.04800076804 7.573054887742153e-10
60400.04800076804 4.847450583264682e-10
60450.04800076804 4.579932695562116e-11
60500.04800076804 3.905669879189491e-12
60550.04800076804 2.6237751995528535e-10
60600.04800076804 5.520515395825746e-10
60650.04800076804 2.754983991046073e-10
60700.04800076804 1.470037868825037e-10
60750.04800076804 3.4120760300026816e-11
60800.04800076804 5.325715950746542e-10
60850.04800076804 9.708274523347732e-10
60900.04800076804 7.468548511070793e-10
60950.04800076804 3.9792424480233175e-10
61000.04800076804 9.817869454899692e-10
61050.04800076804 1.8811888284776878e-10
61100.04800076804 1.5397314307928852e-10
61150.04800076804 2.20482757900681e-11
61200.04800076804 5.528475771282372e-10
61250.04800076804 6.393453976369542e-10
61300.04800076804 2.5389509787315214e-10
61350.04800076804 8.095056175149533e-10
61400.04800076804 1.9861106474634275e-10
61450.04800076804 6.434143663964978e-11
61500.04800076804 4.8637768125217836e-11
61550.04800076804 2.0505712927705609e-10
61600.04800076804 6.705833540147899e-11
61650.04800076804 1.6688755173516475e-10
61700.04800076804 4.408450051029239e-10
61750.04800076804 3.690402950798163e-10
61800.04800076804 2.371537392599551e-10
61850.04800076804 2.575685104701114e-11
61900.04800076804 5.942597426765381e-10
61950.04800076804 6.679532671106862e-10
62000.04800076804 4.511041411474712e-10
62050.04800076804 1.6748325765126204e-09
62100.04800076804 3.286021457056602e-10
62150.04800076804 1.0719054012054142e-09
62200.04800076804 1.0265273049379355e-09
62250.04800076804 6.922496208964619e-10
62300.04800076804 1.9096859823875664e-09
62350.04800076804 2.161158561921234e-09
62400.04800076804 1.4029295296925492e-09
62450.04800076804 1.0990233944591028e-09
62500.04800076804 2.46563222257391e-09
62550.04800076804 4.450093555370747e-09
62600.04800076804 1.4809672474576048e-09
62650.04800076804 8.419398316037344e-10
62700.04800076804 4.525919788283206e-10
62750.04800076804 1.8092263936758434e-09
62800.04800076804 1.0687312573610832e-09
62850.04800076804 9.18294259537742e-10
62900.04800076804 2.3717655049093697e-09
62950.04800076804 4.19149408259219e-09
63000.04800076804 1.0275355129594777e-09
63050.04800076804 5.3417823032763425e-09
63100.04800076804 5.556700443814632e-09
63150.04800076804 4.862759669359896e-09
63200.04800076804 2.7440928033334533e-09
63250.04800076804 2.429390956764546e-09
63300.04800076804 4.624216221083371e-10
63350.04800076804 7.623568700857229e-10
63400.04800076804 2.681752636034433e-10
