galfind/configs/Brown_Dwarf_templates/sonora_cholla/logkzz7/3162g/500K_3162g_logkzz7_resample.dat
# %ECSV 1.0
# ---
# datatype:
# - {name: wav, unit: Angstrom, datatype: float64}
# - {name: flux_nu, unit: erg / (cm2 Hz s), datatype: float64}
# schema: astropy-2.0
wav flux_nu
3000.0480007680403 nan
3050.0480007680403 0.0
3100.0480007680403 0.0
3150.0480007680403 0.0
3200.0480007680403 0.0
3250.0480007680403 0.0
3300.0480007680403 0.0
3350.0480007680403 0.0
3400.0480007680403 0.0
3450.0480007680403 0.0
3500.0480007680403 0.0
3550.0480007680403 0.0
3600.0480007680403 0.0
3650.0480007680403 0.0
3700.0480007680403 0.0
3750.0480007680403 0.0
3800.0480007680403 0.0
3850.0480007680403 0.0
3900.0480007680403 0.0
3950.0480007680403 0.0
4000.0480007680403 0.0
4050.0480007680403 0.0
4100.04800076804 0.0
4150.04800076804 0.0
4200.04800076804 0.0
4250.04800076804 0.0
4300.04800076804 0.0
4350.04800076804 0.0
4400.04800076804 0.0
4450.04800076804 0.0
4500.04800076804 0.0
4550.04800076804 0.0
4600.04800076804 0.0
4650.04800076804 0.0
4700.04800076804 0.0
4750.04800076804 0.0
4800.04800076804 0.0
4850.04800076804 0.0
4900.04800076804 0.0
4950.04800076804 0.0
5000.04800076804 2.1799932455936303e-11
5050.04800076804 5.90278641878877e-11
5100.04800076804 6.911831989237626e-11
5150.04800076804 8.130734840668474e-11
5200.04800076804 9.53200860752745e-11
5250.04800076804 1.1057241408859142e-10
5300.04800076804 1.274880680059291e-10
5350.04800076804 1.4626721532732452e-10
5400.04800076804 1.6573797437228364e-10
5450.04800076804 1.8824644532138206e-10
5500.04800076804 2.1371189663851595e-10
5550.04800076804 2.4189285957062745e-10
5600.04800076804 2.71282938356876e-10
5650.04800076804 2.998272027251873e-10
5700.04800076804 3.1944206580850927e-10
5750.04800076804 3.4124441432250157e-10
5800.04800076804 3.4122292078783036e-10
5850.04800076804 2.9411919464033065e-10
5900.04800076804 7.797857359401061e-11
5950.04800076804 1.4119329475474509e-10
6000.04800076804 4.4198231957053005e-10
6050.04800076804 6.382038063768071e-10
6100.04800076804 8.106422949953888e-10
6150.04800076804 9.628338233663674e-10
6200.04800076804 1.1051451988264213e-09
6250.04800076804 1.2320819386414017e-09
6300.04800076804 1.381255934848644e-09
6350.04800076804 1.5363378910291117e-09
6400.04800076804 1.6810702306013424e-09
6450.04800076804 1.7110152306330465e-09
6500.04800076804 1.842211348039555e-09
6550.04800076804 2.0323490689893645e-09
6600.04800076804 2.200475906798814e-09
6650.04800076804 2.426281513889845e-09
6700.04800076804 2.685131330730027e-09
6750.04800076804 2.9051137495862236e-09
6800.04800076804 3.0868988295791385e-09
6850.04800076804 3.247596731894938e-09
6900.04800076804 3.01756081203095e-09
6950.04800076804 2.7483969652336907e-09
7000.04800076804 3.0667221643458866e-09
7050.04800076804 2.939760298157331e-09
7100.04800076804 2.912669185999122e-09
7150.04800076804 1.878287086707255e-09
7200.04800076804 1.2937828936160408e-09
7250.04800076804 1.5236665197804714e-09
7300.04800076804 1.423270327248098e-09
7350.04800076804 1.6145292658840428e-09
7400.04800076804 1.861993535056756e-09
7450.04800076804 2.105503461755606e-09
7500.04800076804 2.1863282594252513e-09
7550.04800076804 2.2181702820567854e-09
7600.04800076804 2.1841013424029834e-09
7650.04800076804 2.0536720426856424e-09
7700.04800076804 1.3321732090452222e-09
7750.04800076804 5.870789226362203e-10
7800.04800076804 1.3089656231136642e-09
7850.04800076804 1.2035925059300234e-09
7900.04800076804 1.1917976641793523e-09
7950.04800076804 1.2809049410814225e-09
8000.04800076804 1.397724327231265e-09
8050.04800076804 1.5377722105969573e-09
8100.04800076804 1.0825660003373988e-09
8150.04800076804 7.56654033725844e-10
8200.04800076804 1.4176580595777012e-09
8250.04800076804 1.471186062239546e-09
8300.04800076804 1.6887729675866852e-09
8350.04800076804 1.6227252906071331e-09
8400.04800076804 1.6848324548640354e-09
8450.04800076804 1.8271180034341977e-09
8500.04800076804 1.9254300088491716e-09
8550.04800076804 2.2540205899261208e-09
8600.04800076804 2.8729081853879037e-09
8650.04800076804 3.5241762851562627e-09
8700.04800076804 3.943690306894582e-09
8750.04800076804 4.430246207848878e-09
8800.04800076804 4.368304596044631e-09
8850.04800076804 3.167004449413974e-09
8900.04800076804 7.906905650265935e-10
8950.04800076804 4.280629227788639e-10
9000.04800076804 4.085330253559001e-10
9050.04800076804 1.7495062101616466e-09
9100.04800076804 1.76818378228841e-09
9150.04800076804 1.5400074616655129e-09
9200.04800076804 1.895528195744622e-09
9250.04800076804 1.069229133544863e-09
9300.04800076804 1.0103401980692842e-11
9350.04800076804 1.7511274543311146e-11
9400.04800076804 1.9381759076908252e-10
9450.04800076804 6.585638588298102e-11
9500.04800076804 5.92185646724616e-11
9550.04800076804 6.233167945339094e-11
9600.04800076804 8.341556991627973e-11
9650.04800076804 1.636298573445269e-10
9700.04800076804 4.693051145797472e-10
9750.04800076804 5.080486070986199e-10
9800.04800076804 6.525709466802426e-10
9850.04800076804 8.524304512198328e-10
9900.04800076804 1.1403458542909318e-09
9950.04800076804 1.2135174375342922e-09
10000.04800076804 1.2657957035187552e-09
10050.04800076804 1.1101230597749517e-09
10100.04800076804 9.986105241203508e-10
10150.04800076804 7.229863987123535e-10
10200.04800076804 4.763062018005894e-10
10250.04800076804 5.461899789540967e-10
10300.04800076804 6.864881662702921e-10
10350.04800076804 4.601058430467656e-10
10400.04800076804 6.274664149979267e-10
10450.04800076804 7.350681794722101e-10
10500.04800076804 8.073025615015172e-10
10550.04800076804 8.990401112189362e-10
10600.04800076804 9.167747775962896e-10
10650.04800076804 8.757679780766375e-10
10700.04800076804 7.881396906215324e-10
10750.04800076804 7.378403965017169e-10
10800.04800076804 6.830546136658313e-10
10850.04800076804 6.195069654853258e-10
10900.04800076804 5.381352610946596e-10
10950.04800076804 3.8103983069481184e-10
11000.04800076804 2.3832970153247296e-10
11050.04800076804 1.0804584948244923e-10
11100.04800076804 3.578175710256138e-11
11150.04800076804 1.0192250083982747e-11
11200.04800076804 6.838390806626894e-12
11250.04800076804 1.2470349867768618e-11
11300.04800076804 2.2695149742104936e-11
11350.04800076804 7.495917061607522e-12
11400.04800076804 4.607307704835855e-11
11450.04800076804 2.1092451115246753e-11
11500.04800076804 2.107704824734077e-11
11550.04800076804 7.274091129825067e-12
11600.04800076804 4.405192796851273e-12
11650.04800076804 1.773255236959411e-11
11700.04800076804 2.7242521480062614e-11
11750.04800076804 1.3550953079032754e-11
11800.04800076804 5.7428468572715903e-11
11850.04800076804 7.317142344191805e-11
11900.04800076804 8.689905260858043e-11
11950.04800076804 1.0971721186542997e-10
12000.04800076804 1.381855742273629e-10
12050.04800076804 1.8192589919255953e-10
12100.04800076804 2.0395087018607986e-10
12150.04800076804 2.5668540510219643e-10
12200.04800076804 2.873895768940015e-10
12250.04800076804 3.7542187219256607e-10
12300.04800076804 5.26026492728558e-10
12350.04800076804 6.282812518384967e-10
12400.04800076804 8.225343552074699e-10
12450.04800076804 1.0788916328371007e-09
12500.04800076804 1.2570078342744548e-09
12550.04800076804 1.4100625082811007e-09
12600.04800076804 1.7872343615114943e-09
12650.04800076804 2.2235335882581745e-09
12700.04800076804 2.4356378258371202e-09
12750.04800076804 2.1239154806721582e-09
12800.04800076804 1.7174110738171587e-09
12850.04800076804 1.2533137154887322e-09
12900.04800076804 1.0152877911720264e-09
12950.04800076804 8.902430701306656e-10
13000.04800076804 9.354125745329897e-10
13050.04800076804 6.80553783488585e-10
13100.04800076804 7.317803466541477e-10
13150.04800076804 4.623462479202213e-10
13200.04800076804 4.725729877925971e-10
13250.04800076804 4.1225613340441325e-10
13300.04800076804 1.5591583531660612e-10
13350.04800076804 6.853019252092196e-11
13400.04800076804 9.063310651663932e-12
13450.04800076804 1.28002235397992e-12
13500.04800076804 2.3980163223251627e-13
13550.04800076804 3.037960822202778e-14
13600.04800076804 6.560131769268608e-15
13650.04800076804 6.111708338399713e-14
13700.04800076804 3.049610055672973e-14
13750.04800076804 2.7529105296874443e-13
13800.04800076804 3.1981578312062466e-13
13850.04800076804 4.905092500064433e-14
13900.04800076804 1.4988304895724645e-13
13950.04800076804 1.2529604365901258e-13
14000.04800076804 3.396327578773293e-13
14050.04800076804 3.5264038538527957e-13
14100.04800076804 3.068157087311167e-13
14150.04800076804 1.0144298733371017e-12
14200.04800076804 7.278695764892636e-13
14250.04800076804 1.1698993802409034e-12
14300.04800076804 4.7740924384993805e-12
14350.04800076804 4.300998754275333e-12
14400.04800076804 4.142044746034147e-12
14450.04800076804 1.0210692757925116e-11
14500.04800076804 2.5751739101447538e-11
14550.04800076804 3.841985772891117e-11
14600.04800076804 7.468393628631557e-11
14650.04800076804 2.8568052254168958e-11
14700.04800076804 1.1528956349811722e-11
14750.04800076804 7.650684514762649e-12
14800.04800076804 6.203328941808825e-12
14850.04800076804 6.723950624251928e-12
14900.04800076804 6.240778755436908e-12
14950.04800076804 5.2136308456200015e-12
15000.04800076804 1.6273535122036642e-11
15050.04800076804 2.4428668227687955e-11
15100.04800076804 1.0054727576153808e-11
15150.04800076804 4.2395031802201814e-12
15200.04800076804 1.5447082591738962e-11
15250.04800076804 3.1068426978330174e-11
15300.04800076804 4.6915743029542836e-11
15350.04800076804 5.920764627744676e-11
15400.04800076804 8.079475505823545e-11
15450.04800076804 1.1413811765291322e-10
15500.04800076804 1.8126760794494718e-10
15550.04800076804 3.08278558004009e-10
15600.04800076804 5.245026076486048e-10
15650.04800076804 8.921908960302829e-10
15700.04800076804 1.3623895042711725e-09
15750.04800076804 1.690918276281492e-09
15800.04800076804 2.058853656741353e-09
15850.04800076804 2.4252735330707145e-09
15900.04800076804 2.6030135264577606e-09
15950.04800076804 2.7703767711788986e-09
16000.04800076804 2.5427682698463043e-09
16050.04800076804 2.008290069376381e-09
16100.04800076804 1.3315712411627656e-09
16150.04800076804 7.547063879115745e-10
16200.04800076804 3.20298058096284e-10
16250.04800076804 1.6940559911759103e-10
16300.04800076804 9.24601452415153e-11
16350.04800076804 8.780011130097227e-11
16400.04800076804 9.460914219259905e-11
16450.04800076804 1.1309299054683887e-10
16500.04800076804 1.0588902545996627e-10
16550.04800076804 1.220565505528808e-10
16600.04800076804 2.696011898476414e-10
16650.04800076804 1.2729041665526815e-10
16700.04800076804 3.206207138918418e-11
16750.04800076804 1.1707496482901552e-10
16800.04800076804 1.4948378794793991e-10
16850.04800076804 1.3611001106090106e-10
16900.04800076804 7.441991751398122e-11
16950.04800076804 5.436680204082874e-11
17000.04800076804 3.2609959877271426e-11
17050.04800076804 5.854669947302222e-11
17100.04800076804 9.601237414754428e-11
17150.04800076804 7.272052268671767e-11
17200.04800076804 1.8493266229172137e-10
17250.04800076804 7.500045116047009e-11
17300.04800076804 6.105313378925136e-11
17350.04800076804 7.836833412152474e-11
17400.04800076804 1.1787722937716218e-10
17450.04800076804 1.4067516310617251e-10
17500.04800076804 1.896757246687222e-10
17550.04800076804 1.4452556242855724e-10
17600.04800076804 1.376936835039524e-10
17650.04800076804 9.199135959543269e-11
17700.04800076804 7.910612338022974e-11
17750.04800076804 5.205767049322168e-11
17800.04800076804 7.559323312582458e-11
17850.04800076804 3.8239994270983766e-11
17900.04800076804 2.577683177280575e-11
17950.04800076804 1.233114699302982e-11
18000.04800076804 2.4258404521505567e-11
18050.04800076804 7.1829435326793026e-12
18100.04800076804 7.550342891176739e-12
18150.04800076804 5.024736639025414e-12
18200.04800076804 2.8546227163065444e-12
18250.04800076804 1.3006550671398558e-11
18300.04800076804 1.276916389813709e-12
18350.04800076804 1.2769949623987506e-12
18400.04800076804 5.633369057955908e-13
18450.04800076804 6.588062884037277e-12
18500.04800076804 5.845263196208841e-12
18550.04800076804 1.8776026616962397e-12
18600.04800076804 3.955219345870387e-12
18650.04800076804 2.4458226595902683e-12
18700.04800076804 1.7617119062643295e-13
18750.04800076804 5.339386364791596e-13
18800.04800076804 1.2992313664791441e-11
18850.04800076804 1.0786679531707623e-11
18900.04800076804 1.2047206550644929e-11
18950.04800076804 1.775069178489122e-11
19000.04800076804 2.084314689566458e-12
19050.04800076804 9.331716789046842e-13
19100.04800076804 4.276432675352282e-12
19150.04800076804 1.5537645411844709e-12
19200.04800076804 4.155496874910603e-12
19250.04800076804 2.829386551492451e-12
19300.04800076804 1.3621317946294683e-12
19350.04800076804 1.7732881891077553e-12
19400.04800076804 1.0746411230084417e-12
19450.04800076804 1.4484000890612877e-12
19500.04800076804 1.7630266247091286e-12
19550.04800076804 3.134936831715332e-12
19600.04800076804 6.433962091366129e-12
19650.04800076804 6.1194565451615955e-12
19700.04800076804 9.098620298015233e-12
19750.04800076804 1.1370797362809713e-11
19800.04800076804 6.715516391232188e-12
19850.04800076804 1.044043535960106e-11
19900.04800076804 1.6855731898963755e-11
19950.04800076804 1.7906480148121397e-11
20000.04800076804 2.0117642876058957e-11
20050.04800076804 1.701608498879413e-11
20100.04800076804 2.537892352543005e-11
20150.04800076804 1.8957075520581643e-11
20200.04800076804 1.3788709676721423e-11
20250.04800076804 2.565994448160715e-11
20300.04800076804 2.862779103512326e-11
20350.04800076804 3.129708388527225e-11
20400.04800076804 3.243416105242473e-11
20450.04800076804 4.841011267019112e-11
20500.04800076804 5.153624911958378e-11
20550.04800076804 5.404231005330108e-11
20600.04800076804 5.673795632747901e-11
20650.04800076804 5.896710700778378e-11
20700.04800076804 6.020874156078047e-11
20750.04800076804 5.952525932218882e-11
20800.04800076804 5.7055630449117396e-11
20850.04800076804 5.832740275101663e-11
20900.04800076804 5.723182921720384e-11
20950.04800076804 5.510356616864199e-11
21000.04800076804 5.3356711051476e-11
21050.04800076804 5.360579922369291e-11
21100.04800076804 5.260408569019045e-11
21150.04800076804 5.2757557098415215e-11
21200.04800076804 5.247347493882072e-11
21250.04800076804 5.2483162023341065e-11
21300.04800076804 5.138373587061899e-11
21350.04800076804 5.043884028626103e-11
21400.04800076804 5.264519353385462e-11
21450.04800076804 4.710306823185438e-11
21500.04800076804 4.4565277769832783e-11
21550.04800076804 4.380130262149492e-11
21600.04800076804 4.1182952325403255e-11
21650.04800076804 3.7054448933100934e-11
21700.04800076804 3.690198304804843e-11
21750.04800076804 3.4299557546685286e-11
21800.04800076804 2.6044203950548408e-11
21850.04800076804 2.315331994543237e-11
21900.04800076804 1.8133109944065474e-11
21950.04800076804 8.980394920012255e-12
22000.04800076804 1.1169029373863211e-12
22050.04800076804 2.0269071063961707e-12
22100.04800076804 6.050153062909567e-12
22150.04800076804 4.149157398081793e-12
22200.04800076804 3.883595039707306e-12
22250.04800076804 3.3037779716733222e-12
22300.04800076804 1.4300069294309696e-12
22350.04800076804 2.316453495594635e-12
22400.04800076804 8.640062238158525e-13
22450.04800076804 1.440680672875348e-12
22500.04800076804 1.0734739886131472e-12
22550.04800076804 5.049594142073176e-13
22600.04800076804 4.059023541384433e-13
22650.04800076804 5.635746248113418e-13
22700.04800076804 6.559251367097642e-13
22750.04800076804 1.0360465949587093e-12
22800.04800076804 1.4690319929082357e-12
22850.04800076804 9.032044286742437e-13
22900.04800076804 7.172005781838729e-13
22950.04800076804 4.832342222913792e-13
23000.04800076804 5.717658167436295e-13
23050.04800076804 5.613372974796176e-13
23100.04800076804 5.645926803251229e-12
23150.04800076804 4.532781631517621e-12
23200.04800076804 2.0590750428659316e-13
23250.04800076804 1.1906851732317856e-12
23300.04800076804 9.3509959221585e-13
23350.04800076804 9.989692088924738e-13
23400.04800076804 8.24627354413403e-13
23450.04800076804 4.181421923702034e-13
23500.04800076804 4.379683786165256e-13
23550.04800076804 1.2001129165934736e-12
23600.04800076804 3.1700272668708943e-12
23650.04800076804 3.78419610715544e-12
23700.04800076804 4.434484632284042e-13
23750.04800076804 8.009077925296794e-13
