galfind/configs/Brown_Dwarf_templates/sonora_cholla/logkzz7/3162g/600K_3162g_logkzz7_resample.dat
# %ECSV 1.0
# ---
# datatype:
# - {name: wav, unit: Angstrom, datatype: float64}
# - {name: flux_nu, unit: erg / (cm2 Hz s), datatype: float64}
# schema: astropy-2.0
wav flux_nu
3000.0480007680403 nan
3050.0480007680403 0.0
3100.0480007680403 0.0
3150.0480007680403 0.0
3200.0480007680403 0.0
3250.0480007680403 0.0
3300.0480007680403 0.0
3350.0480007680403 0.0
3400.0480007680403 0.0
3450.0480007680403 0.0
3500.0480007680403 0.0
3550.0480007680403 0.0
3600.0480007680403 0.0
3650.0480007680403 0.0
3700.0480007680403 0.0
3750.0480007680403 0.0
3800.0480007680403 0.0
3850.0480007680403 0.0
3900.0480007680403 0.0
3950.0480007680403 0.0
4000.0480007680403 0.0
4050.0480007680403 0.0
4100.04800076804 0.0
4150.04800076804 0.0
4200.04800076804 0.0
4250.04800076804 0.0
4300.04800076804 0.0
4350.04800076804 0.0
4400.04800076804 0.0
4450.04800076804 0.0
4500.04800076804 0.0
4550.04800076804 0.0
4600.04800076804 0.0
4650.04800076804 0.0
4700.04800076804 0.0
4750.04800076804 0.0
4800.04800076804 0.0
4850.04800076804 0.0
4900.04800076804 0.0
4950.04800076804 0.0
5000.04800076804 3.2377661742928386e-11
5050.04800076804 8.866356616731537e-11
5100.04800076804 1.0343629532059915e-10
5150.04800076804 1.2078516101110518e-10
5200.04800076804 1.4060263423967165e-10
5250.04800076804 1.620441051573508e-10
5300.04800076804 1.8573429590301024e-10
5350.04800076804 2.1189032279484948e-10
5400.04800076804 2.3905113413121443e-10
5450.04800076804 2.6946912194586185e-10
5500.04800076804 3.02802077023998e-10
5550.04800076804 3.3955848846844874e-10
5600.04800076804 3.7690415502402025e-10
5650.04800076804 4.1206009133150716e-10
5700.04800076804 4.3527571398209533e-10
5750.04800076804 4.5623497116741256e-10
5800.04800076804 4.4728334855681376e-10
5850.04800076804 3.8076322790184795e-10
5900.04800076804 1.1557981716224142e-10
5950.04800076804 2.0100297921407406e-10
6000.04800076804 5.826222082818715e-10
6050.04800076804 8.39915328629862e-10
6100.04800076804 1.069505626637084e-09
6150.04800076804 1.2751550076073268e-09
6200.04800076804 1.4686884472856965e-09
6250.04800076804 1.6462936286132809e-09
6300.04800076804 1.8472323441775792e-09
6350.04800076804 2.0569675838518093e-09
6400.04800076804 2.2560392887328196e-09
6450.04800076804 2.335060019885051e-09
6500.04800076804 2.5327591228537475e-09
6550.04800076804 2.8063585587429084e-09
6600.04800076804 3.0619016583040617e-09
6650.04800076804 3.3841728097767934e-09
6700.04800076804 3.755105666006116e-09
6750.04800076804 4.098537807265515e-09
6800.04800076804 4.425060668819411e-09
6850.04800076804 4.759815435249354e-09
6900.04800076804 4.6440820329331e-09
6950.04800076804 4.523217795758072e-09
7000.04800076804 5.115307171834848e-09
7050.04800076804 5.136387696726766e-09
7100.04800076804 5.295678383086357e-09
7150.04800076804 3.907517556203902e-09
7200.04800076804 3.23830943222065e-09
7250.04800076804 3.833699872893289e-09
7300.04800076804 3.824841220091361e-09
7350.04800076804 4.329930559316821e-09
7400.04800076804 5.020154348633066e-09
7450.04800076804 5.82139569883524e-09
7500.04800076804 6.3186166427902305e-09
7550.04800076804 6.82167489962544e-09
7600.04800076804 7.250316312667928e-09
7650.04800076804 7.399650902332274e-09
7700.04800076804 5.225982364358251e-09
7750.04800076804 2.7180584805925135e-09
7800.04800076804 6.477602159238053e-09
7850.04800076804 6.475637918427751e-09
7900.04800076804 6.648863732919717e-09
7950.04800076804 7.090383343659178e-09
8000.04800076804 7.523898775622568e-09
8050.04800076804 7.924871400597079e-09
8100.04800076804 5.7890164616302645e-09
8150.04800076804 4.6198608889223e-09
8200.04800076804 7.290969674064507e-09
8250.04800076804 7.102518189748783e-09
8300.04800076804 7.855058321324879e-09
8350.04800076804 7.629457073741148e-09
8400.04800076804 7.863235899212534e-09
8450.04800076804 8.563434650955753e-09
8500.04800076804 9.186036249128872e-09
8550.04800076804 1.0447273710083992e-08
8600.04800076804 1.2456684847906297e-08
8650.04800076804 1.417420182921215e-08
8700.04800076804 1.5072229363279886e-08
8750.04800076804 1.6349489968018055e-08
8800.04800076804 1.6190236300828884e-08
8850.04800076804 1.2913229490070527e-08
8900.04800076804 4.995080115400153e-09
8950.04800076804 3.3792483349852365e-09
9000.04800076804 3.3482425534076706e-09
9050.04800076804 9.160728251436322e-09
9100.04800076804 9.269301061330468e-09
9150.04800076804 7.992929247584714e-09
9200.04800076804 9.198520152994414e-09
9250.04800076804 5.677792688559905e-09
9300.04800076804 1.2238589808836445e-10
9350.04800076804 2.593413250793855e-10
9400.04800076804 1.5639231987244725e-09
9450.04800076804 7.740231632060702e-10
9500.04800076804 6.392077787460701e-10
9550.04800076804 6.805561772577559e-10
9600.04800076804 7.786314044163889e-10
9650.04800076804 1.2475746492463707e-09
9700.04800076804 2.691255903861433e-09
9750.04800076804 2.9535656771435166e-09
9800.04800076804 3.712368661139407e-09
9850.04800076804 4.743660739860699e-09
9900.04800076804 6.251692977866457e-09
9950.04800076804 6.641315445230861e-09
10000.04800076804 7.1475763044773445e-09
10050.04800076804 6.733897510975484e-09
10100.04800076804 6.793278450305585e-09
10150.04800076804 6.041099146898687e-09
10200.04800076804 5.310308318974195e-09
10250.04800076804 5.888250115542547e-09
10300.04800076804 6.560692335397931e-09
10350.04800076804 5.5266952033925846e-09
10400.04800076804 6.304274719888357e-09
10450.04800076804 6.734604322099743e-09
10500.04800076804 6.936326860110231e-09
10550.04800076804 7.189365134239832e-09
10600.04800076804 7.106843133453938e-09
10650.04800076804 6.847604046511101e-09
10700.04800076804 6.386973025243552e-09
10750.04800076804 6.1183438935860616e-09
10800.04800076804 5.775822572202892e-09
10850.04800076804 5.350919172115886e-09
10900.04800076804 4.621483167935817e-09
10950.04800076804 3.1446639749742856e-09
11000.04800076804 1.9788569058039737e-09
11050.04800076804 9.723067966226287e-10
11100.04800076804 3.973533834940182e-10
11150.04800076804 1.5341742896606345e-10
11200.04800076804 1.3400419291382692e-10
11250.04800076804 2.3660771824779075e-10
11300.04800076804 3.3527482852107384e-10
11350.04800076804 1.217632822518721e-10
11400.04800076804 5.763801586017785e-10
11450.04800076804 2.947101435564738e-10
11500.04800076804 3.0500483813999246e-10
11550.04800076804 1.1928811880308168e-10
11600.04800076804 8.586308982120801e-11
11650.04800076804 2.505310484511472e-10
11700.04800076804 3.384338697228869e-10
11750.04800076804 1.765236363509289e-10
11800.04800076804 6.55559300042383e-10
11850.04800076804 9.241537312602718e-10
11900.04800076804 1.1533976658432935e-09
11950.04800076804 1.5244821414273578e-09
12000.04800076804 1.9703109844923995e-09
12050.04800076804 2.526667564117587e-09
12100.04800076804 2.940825324704325e-09
12150.04800076804 3.585585214888141e-09
12200.04800076804 4.004072443427399e-09
12250.04800076804 4.761990061349567e-09
12300.04800076804 5.891227995495401e-09
12350.04800076804 6.549748497553524e-09
12400.04800076804 7.860938544422762e-09
12450.04800076804 9.288528494537297e-09
12500.04800076804 1.0349053713711825e-08
12550.04800076804 1.1453849885479691e-08
12600.04800076804 1.3130085156218303e-08
12650.04800076804 1.4628670284626038e-08
12700.04800076804 1.534610540791479e-08
12750.04800076804 1.3953747870747616e-08
12800.04800076804 1.2242021384859979e-08
12850.04800076804 9.879869267760347e-09
12900.04800076804 8.575203504490981e-09
12950.04800076804 7.571078028976819e-09
13000.04800076804 7.829480223873125e-09
13050.04800076804 6.1690944239143184e-09
13100.04800076804 6.363956138973952e-09
13150.04800076804 4.544828079337062e-09
13200.04800076804 4.557128804864086e-09
13250.04800076804 3.4458097900195775e-09
13300.04800076804 1.4436717009317546e-09
13350.04800076804 5.38866062756947e-10
13400.04800076804 7.799306041426951e-11
13450.04800076804 1.7280161579732253e-11
13500.04800076804 4.9241927204371265e-12
13550.04800076804 1.0982215907117875e-12
13600.04800076804 3.457934498273081e-13
13650.04800076804 2.696283459205125e-12
13700.04800076804 1.4600329250009694e-12
13750.04800076804 7.998597830082423e-12
13800.04800076804 8.984665210579174e-12
13850.04800076804 1.9738238468857837e-12
13900.04800076804 3.839548532431604e-12
13950.04800076804 3.709576732067359e-12
14000.04800076804 6.928800332347323e-12
14050.04800076804 8.43568810234991e-12
14100.04800076804 6.786588551929604e-12
14150.04800076804 1.653342641236418e-11
14200.04800076804 1.1296745889761444e-11
14250.04800076804 1.6316121884998675e-11
14300.04800076804 6.200118497557935e-11
14350.04800076804 5.316186769937556e-11
14400.04800076804 5.1562260205939965e-11
14450.04800076804 1.1218066899939931e-10
14500.04800076804 2.516014819356603e-10
14550.04800076804 3.0309407505774707e-10
14600.04800076804 6.410782749458686e-10
14650.04800076804 3.609808351468005e-10
14700.04800076804 1.7083128755983513e-10
14750.04800076804 1.7915204168491786e-10
14800.04800076804 1.7652350192308874e-10
14850.04800076804 2.0870336760841946e-10
14900.04800076804 2.182155313409572e-10
14950.04800076804 2.5582738611626914e-10
15000.04800076804 5.109879870734715e-10
15050.04800076804 6.268673495085993e-10
15100.04800076804 4.237854476358208e-10
15150.04800076804 2.820935585500952e-10
15200.04800076804 5.893774377156231e-10
15250.04800076804 9.858146177674886e-10
15300.04800076804 1.259540083705978e-09
15350.04800076804 1.5514209561182601e-09
15400.04800076804 1.9768311380841697e-09
15450.04800076804 2.378949428610144e-09
15500.04800076804 3.0804805600820345e-09
15550.04800076804 4.051051415775845e-09
15600.04800076804 5.408351988027319e-09
15650.04800076804 7.170022452147611e-09
15700.04800076804 9.125630596545095e-09
15750.04800076804 1.028574698154082e-08
15800.04800076804 1.1444926762496236e-08
15850.04800076804 1.2550178013954468e-08
15900.04800076804 1.2679113382275709e-08
15950.04800076804 1.2718637019017846e-08
16000.04800076804 1.1399941789315615e-08
16050.04800076804 8.921505271450213e-09
16100.04800076804 6.291338583305478e-09
16150.04800076804 3.8567228770147e-09
16200.04800076804 1.9880352108759033e-09
16250.04800076804 1.309065438560619e-09
16300.04800076804 8.968450266554727e-10
16350.04800076804 9.452306577019306e-10
16400.04800076804 1.0813100801868491e-09
16450.04800076804 1.1876457347857888e-09
16500.04800076804 1.2174740548967713e-09
16550.04800076804 1.283974188001422e-09
16600.04800076804 2.1090312296158896e-09
16650.04800076804 1.1659606361655796e-09
16700.04800076804 2.9121595948635253e-10
16750.04800076804 9.723541350058854e-10
16800.04800076804 1.301059533329551e-09
16850.04800076804 1.2065446601083928e-09
16900.04800076804 7.695252990892838e-10
16950.04800076804 5.80653860636256e-10
17000.04800076804 3.818496649808317e-10
17050.04800076804 6.310201615622089e-10
17100.04800076804 9.015839135258486e-10
17150.04800076804 6.810820346725553e-10
17200.04800076804 1.4551987122403072e-09
17250.04800076804 7.921076583572975e-10
17300.04800076804 6.379222590781355e-10
17350.04800076804 7.0866507987305e-10
17400.04800076804 9.307014326640238e-10
17450.04800076804 1.0665373784781314e-09
17500.04800076804 1.3002461631533e-09
17550.04800076804 9.802603066997307e-10
17600.04800076804 8.892555076391458e-10
17650.04800076804 6.505950007508557e-10
17700.04800076804 5.442758967106029e-10
17750.04800076804 3.693739859742941e-10
17800.04800076804 5.215281818290632e-10
17850.04800076804 2.8080661528308116e-10
17900.04800076804 2.254592285746202e-10
17950.04800076804 1.1464317541116744e-10
18000.04800076804 2.1061926548816635e-10
18050.04800076804 7.577929851407812e-11
18100.04800076804 8.580390873036945e-11
18150.04800076804 7.10444559393325e-11
18200.04800076804 4.0939736503031006e-11
18250.04800076804 1.6313422728336954e-10
18300.04800076804 2.5580023483157033e-11
18350.04800076804 2.435034081245375e-11
18400.04800076804 1.4364652876050359e-11
18450.04800076804 9.589441833645358e-11
18500.04800076804 8.9217415516393e-11
18550.04800076804 3.6234047022157885e-11
18600.04800076804 5.478550174172105e-11
18650.04800076804 3.300791426450213e-11
18700.04800076804 5.8691350222339805e-12
18750.04800076804 1.6744611225121567e-11
18800.04800076804 1.7589131979156244e-10
18850.04800076804 1.574067951886307e-10
18900.04800076804 1.4284830651615046e-10
18950.04800076804 2.545317393012046e-10
19000.04800076804 4.961083042293292e-11
19050.04800076804 2.378937071645068e-11
19100.04800076804 8.180668455892834e-11
19150.04800076804 3.2920601415398464e-11
19200.04800076804 7.504833214426721e-11
19250.04800076804 5.0240268542890635e-11
19300.04800076804 2.976045690951593e-11
19350.04800076804 3.6466771791781536e-11
19400.04800076804 2.4101087625436034e-11
19450.04800076804 4.339367056956905e-11
19500.04800076804 5.100233369712419e-11
19550.04800076804 5.433887568851514e-11
19600.04800076804 1.02026658010868e-10
19650.04800076804 1.0976624486307316e-10
19700.04800076804 1.3936714863319188e-10
19750.04800076804 1.9635349508590742e-10
19800.04800076804 1.40983352940383e-10
19850.04800076804 2.0964816105103382e-10
19900.04800076804 2.618005665512792e-10
19950.04800076804 3.067646690410407e-10
20000.04800076804 3.263043113428183e-10
20050.04800076804 3.079808171430391e-10
20100.04800076804 4.410006366552359e-10
20150.04800076804 3.2364700147401506e-10
20200.04800076804 2.699305454325951e-10
20250.04800076804 4.1922677635000013e-10
20300.04800076804 4.36493661575382e-10
20350.04800076804 4.7240419412229e-10
20400.04800076804 4.68224160482656e-10
20450.04800076804 6.397753796044765e-10
20500.04800076804 6.75700686817211e-10
20550.04800076804 7.003446891699903e-10
20600.04800076804 7.298164471331145e-10
20650.04800076804 7.59867867125639e-10
20700.04800076804 7.692497357134552e-10
20750.04800076804 7.755681861587648e-10
20800.04800076804 7.519826873374181e-10
20850.04800076804 7.700490729975747e-10
20900.04800076804 7.629822693654067e-10
20950.04800076804 7.425519718856408e-10
21000.04800076804 7.244265846520162e-10
21050.04800076804 7.252810091182917e-10
21100.04800076804 7.103613576477156e-10
21150.04800076804 7.059328679875519e-10
21200.04800076804 6.920948551063026e-10
21250.04800076804 6.774719932364649e-10
21300.04800076804 6.49458088939942e-10
21350.04800076804 6.288599359825144e-10
21400.04800076804 6.412976192767763e-10
21450.04800076804 5.689781782111007e-10
21500.04800076804 5.452049043493371e-10
21550.04800076804 5.306905309235936e-10
21600.04800076804 4.98030082707098e-10
21650.04800076804 4.510998314686468e-10
21700.04800076804 4.604541203001868e-10
21750.04800076804 4.314643303167371e-10
21800.04800076804 3.513156353284478e-10
21850.04800076804 3.165334217233552e-10
21900.04800076804 2.6347474137283345e-10
21950.04800076804 1.4309678498693892e-10
22000.04800076804 2.5371006924474573e-11
22050.04800076804 4.06009844378213e-11
22100.04800076804 1.2097956072052716e-10
22150.04800076804 9.264371030097007e-11
22200.04800076804 8.408882906404512e-11
22250.04800076804 7.481488482229725e-11
22300.04800076804 4.073276163052719e-11
22350.04800076804 5.1026135571586355e-11
22400.04800076804 2.375209810261155e-11
22450.04800076804 3.000434007878814e-11
22500.04800076804 2.7279717938258374e-11
22550.04800076804 1.546697367702899e-11
22600.04800076804 1.5086268317891226e-11
22650.04800076804 2.3052408084637878e-11
22700.04800076804 2.016524077389455e-11
22750.04800076804 2.441961098611796e-11
22800.04800076804 3.2356648433678015e-11
22850.04800076804 2.270438411058005e-11
22900.04800076804 1.8481402626223886e-11
22950.04800076804 1.288551900690059e-11
23000.04800076804 1.6251137862474547e-11
23050.04800076804 1.911855502151468e-11
23100.04800076804 1.0330396315369502e-10
23150.04800076804 8.417694883453856e-11
23200.04800076804 5.456909767617017e-12
23250.04800076804 2.291373362856273e-11
23300.04800076804 2.1883681806169513e-11
23350.04800076804 1.9628488888735168e-11
23400.04800076804 1.715388648680164e-11
23450.04800076804 1.0487274960835508e-11
23500.04800076804 1.1211797356637635e-11
23550.04800076804 2.4789712067058835e-11
23600.04800076804 5.066511994723979e-11
23650.04800076804 5.7545239411416736e-11
23700.04800076804 9.83020295827894e-12
23750.04800076804 1.5015405020895778e-11
23800.04800076804 6.55482810248786e-11
