galfind/configs/Brown_Dwarf_templates/sonora_cholla/logkzz7/3162g/600K_3162g_logkzz7_resample.dat
# %ECSV 1.0
# ---
# datatype:
# - {name: wav, unit: Angstrom, datatype: float64}
# - {name: flux_nu, unit: erg / (cm2 Hz s), datatype: float64}
# schema: astropy-2.0
wav flux_nu
[from data line 418]
23900.04800076804 7.994661498069827e-11
23950.04800076804 4.012595643648355e-11
24000.04800076804 9.486642556018646e-11
24050.04800076804 9.120230681903376e-11
24100.04800076804 1.0762225188675169e-10
24150.04800076804 1.5397098633586294e-10
24200.04800076804 1.3320847353039135e-10
24250.04800076804 1.030832354224876e-10
24300.04800076804 2.0953227981671065e-10
24350.04800076804 1.3723839494929656e-10
24400.04800076804 3.002558367196219e-10
24450.04800076804 2.791008159994082e-10
24500.04800076804 2.416848324094911e-10
24550.04800076804 4.1668862343168573e-10
24600.04800076804 4.628587674898703e-10
24650.04800076804 5.506803529025958e-10
24700.04800076804 4.1029137475387444e-10
24750.04800076804 4.90063112288275e-10
24800.04800076804 4.193234993343661e-10
24850.04800076804 5.969912824401962e-10
24900.04800076804 2.2912907501150472e-10
24950.04800076804 4.4790444092403333e-10
25000.04800076804 4.66382284203238e-10
25050.04800076804 2.0904887375353526e-10
25100.04800076804 3.8453268629909334e-10
25150.04800076804 1.6484084489003837e-10
25200.04800076804 2.4660108512762645e-10
25250.04800076804 8.175743935842258e-11
25300.04800076804 1.1715539988033723e-10
25350.04800076804 4.546577125320058e-11
25400.04800076804 1.3179422826826424e-10
25450.04800076804 4.0513040028616024e-11
25500.04800076804 3.3746013097219034e-11
25550.04800076804 9.516848050196844e-11
25600.04800076804 4.952623656556353e-11
25650.04800076804 1.817685695484283e-11
25700.04800076804 2.069528100277504e-11
25750.04800076804 6.815865014212832e-12
25800.04800076804 3.5378136944830177e-11
25850.04800076804 6.484765372028596e-12
25900.04800076804 1.1311658722217332e-11
25950.04800076804 2.5965020520657665e-12
26000.04800076804 3.0138539698565694e-11
26050.04800076804 3.7317905655587206e-12
26100.04800076804 2.167601975283679e-11
26150.04800076804 8.22806021665335e-12
26200.04800076804 1.1393602737872149e-11
26250.04800076804 7.465634875923347e-11
26300.04800076804 1.3113757008727102e-11
26350.04800076804 1.5792332666105346e-10
26400.04800076804 2.293159815575171e-10
26450.04800076804 1.0512000266516567e-10
26500.04800076804 2.761478196516194e-10
26550.04800076804 2.9775002827467214e-11
26600.04800076804 2.7466545549944273e-11
26650.04800076804 4.8494755180634895e-12
26700.04800076804 3.1502607868919802e-12
26750.04800076804 4.893785447273462e-12
26800.04800076804 1.4549641239159333e-11
26850.04800076804 8.776032189229145e-12
26900.04800076804 3.9746108466489244e-11
26950.04800076804 1.3350625262412277e-11
27000.04800076804 6.901925856027725e-11
27050.04800076804 9.780776180279126e-11
27100.04800076804 1.0200751854695995e-11
27150.04800076804 1.1198069900699434e-10
27200.04800076804 9.215493166301091e-12
27250.04800076804 2.979078952560456e-11
27300.04800076804 2.838947463143765e-10
27350.04800076804 7.659736733626021e-11
27400.04800076804 4.897475869328597e-12
27450.04800076804 1.0006219036488126e-10
27500.04800076804 1.4983476655083724e-10
27550.04800076804 1.9553873821576082e-11
27600.04800076804 6.155235205775476e-11
27650.04800076804 1.5996903524349918e-11
27700.04800076804 1.6364179595114146e-11
27750.04800076804 9.28521089732083e-11
27800.04800076804 3.4004415132026053e-11
27850.04800076804 5.131615532782385e-11
27900.04800076804 7.749573358568869e-11
27950.04800076804 1.6622505342739513e-10
28000.04800076804 1.3408126600305326e-10
28050.04800076804 1.986691123890428e-11
28100.04800076804 2.0790071551917994e-10
28150.04800076804 1.3475726321841354e-10
28200.04800076804 3.6847406665412024e-11
28250.04800076804 2.89702219726358e-10
28300.04800076804 3.283175307875265e-10
28350.04800076804 4.28638523947994e-11
28400.04800076804 2.0121421369602393e-10
28450.04800076804 4.221537895955709e-10
28500.04800076804 1.795003816915838e-10
28550.04800076804 5.281987797441476e-11
28600.04800076804 3.4176962556826996e-10
28650.04800076804 2.196105586696777e-10
28700.04800076804 2.8122641469687323e-10
28750.04800076804 7.376390975392027e-10
28800.04800076804 3.3805749944717565e-10
28850.04800076804 5.959667366576591e-10
28900.04800076804 2.9943202457949487e-10
28950.04800076804 5.33947615316027e-10
29000.04800076804 3.887539143026705e-10
29050.04800076804 5.770144934150036e-10
29100.04800076804 2.91624622594401e-10
29150.04800076804 6.135244076495682e-10
29200.04800076804 7.605939775781285e-10
29250.04800076804 8.81297020026517e-10
29300.04800076804 5.375751202551904e-10
29350.04800076804 2.027449556840686e-09
29400.04800076804 5.619849513060123e-10
29450.04800076804 4.0158000586281426e-10
29500.04800076804 1.675549050249939e-09
29550.04800076804 6.724455922164998e-10
29600.04800076804 1.0057130378241096e-09
29650.04800076804 2.2667313181716858e-09
29700.04800076804 4.85616033306106e-10
29750.04800076804 1.2794111446839062e-09
29800.04800076804 1.0180945320903039e-09
29850.04800076804 2.570225681172058e-09
29900.04800076804 1.5616020021069749e-09
29950.04800076804 1.0662724230657244e-09
30000.04800076804 5.1177856395804974e-11
30050.04800076804 2.610849197661126e-10
30100.04800076804 8.522404122634859e-10
30150.04800076804 2.044489339344322e-09
30200.04800076804 1.2071286418513879e-09
30250.04800076804 3.2488911672106928e-09
30300.04800076804 3.0470570495950723e-09
30350.04800076804 9.819202929682368e-10
30400.04800076804 3.450980112871768e-09
30450.04800076804 2.3758772827794114e-09
30500.04800076804 1.7997164961066898e-09
30550.04800076804 1.3057012340055386e-09
30600.04800076804 7.296635389451564e-09
30650.04800076804 3.761156276284534e-09
30700.04800076804 1.9881342208809283e-09
30750.04800076804 3.7452126952418625e-09
30800.04800076804 2.9808401331093076e-09
30850.04800076804 3.463893165732115e-09
30900.04800076804 2.174349725482895e-09
30950.04800076804 1.3836037086172105e-09
31000.04800076804 2.0483774057681003e-09
31050.04800076804 1.7977524174527463e-09
31100.04800076804 8.58313205813347e-10
31150.04800076804 1.52735017294314e-09
31200.04800076804 3.8689864909333035e-09
31250.04800076804 1.3614021135311794e-09
31300.04800076804 1.0524870363818223e-09
31350.04800076804 2.1725263618507116e-09
31400.04800076804 1.1931603362417098e-09
31450.04800076804 1.5213377370124415e-09
31500.04800076804 5.855768247948509e-10
31550.04800076804 9.584968585663149e-10
31600.04800076804 7.106230953287157e-10
31650.04800076804 5.056790452391818e-10
31700.04800076804 5.866481175563991e-10
31750.04800076804 2.1586901407963378e-10
31800.04800076804 5.037614499848234e-10
31850.04800076804 1.1685639089011724e-10
31900.04800076804 3.0157068323174105e-10
31950.04800076804 1.5244676627008275e-10
32000.04800076804 1.4417662280849826e-10
32050.04800076804 1.4676396248682342e-10
32100.04800076804 1.1004429074962293e-10
32150.04800076804 1.4652636257210837e-10
32200.04800076804 7.577886932848395e-11
32250.04800076804 1.6601053834628044e-10
32300.04800076804 5.587835346428992e-11
32350.04800076804 1.870874415983928e-10
32400.04800076804 4.3187313185170644e-11
32450.04800076804 1.4192411625781515e-10
32500.04800076804 4.936486174949516e-11
32550.04800076804 1.501852199661199e-10
32600.04800076804 5.4622135341146105e-11
32650.04800076804 2.4119827786664515e-10
32700.04800076804 7.867194833911116e-11
32750.04800076804 4.6068610075193973e-10
32800.04800076804 2.846750807460607e-10
32850.04800076804 8.134025000638017e-10
32900.04800076804 7.032812737084569e-10
32950.04800076804 7.936742614594766e-10
33000.04800076804 2.88379684717834e-10
33050.04800076804 3.253485654668869e-10
33100.04800076804 8.61223722940548e-11
33150.04800076804 1.304691048047883e-13
33200.04800076804 4.928089001965428e-12
33250.04800076804 9.47933424750741e-12
33300.04800076804 6.924373748040337e-11
33350.04800076804 1.687310782568161e-10
33400.04800076804 4.443865988131459e-10
33450.04800076804 1.9592799983593247e-10
33500.04800076804 7.303008427966506e-10
33550.04800076804 1.9584847943450752e-10
33600.04800076804 3.549022740119937e-10
33650.04800076804 4.1310602993945827e-10
33700.04800076804 1.4582171711729154e-10
33750.04800076804 5.106581551026507e-10
33800.04800076804 6.878219891705595e-11
33850.04800076804 2.5765336044222297e-10
33900.04800076804 2.5335611788690935e-10
33950.04800076804 2.410396145898322e-10
34000.04800076804 5.155493113987001e-10
34050.04800076804 9.198254712907262e-11
34100.04800076804 4.242074623980672e-10
34150.04800076804 1.5246759989859415e-10
34200.04800076804 4.588214456188493e-10
34250.04800076804 2.9355235978554226e-10
34300.04800076804 2.5075373575637993e-10
34350.04800076804 7.697821810992929e-10
34400.04800076804 1.7584802353519195e-10
34450.04800076804 7.006063514365729e-10
34500.04800076804 3.506616067308219e-10
34550.04800076804 3.58059649608487e-10
34600.04800076804 1.4263636976867948e-09
34650.04800076804 1.8314203243426763e-10
34700.04800076804 1.0100378159959623e-09
34750.04800076804 5.612024734505273e-10
34800.04800076804 3.9651481422572576e-10
34850.04800076804 1.549929379023715e-09
34900.04800076804 3.399839356143284e-10
34950.04800076804 1.4337528788775076e-09
35000.04800076804 1.865265459029536e-09
35050.04800076804 1.0359550443986337e-09
35100.04800076804 2.9734065383496637e-09
35150.04800076804 2.252400838525317e-09
35200.04800076804 1.9796121240027984e-09
35250.04800076804 3.3624407781691833e-09
35300.04800076804 9.162497055932847e-10
35350.04800076804 1.5632928943772567e-09
35400.04800076804 1.1330016573782091e-09
35450.04800076804 9.211056646832757e-10
35500.04800076804 3.5615747440593373e-09
35550.04800076804 1.997058006257325e-09
35600.04800076804 2.9951434938073735e-09
35650.04800076804 3.2016039912183026e-09
35700.04800076804 2.8845884443509894e-09
35750.04800076804 5.644665882029903e-09
35800.04800076804 2.7584743367056525e-09
35850.04800076804 1.5969068972563445e-09
35900.04800076804 2.905170061996694e-09
35950.04800076804 4.1600601407961845e-09
36000.04800076804 3.6553860894229496e-09
36050.04800076804 3.233129053280833e-09
36100.04800076804 2.8997497772496343e-09
36150.04800076804 7.416796529241453e-09
36200.04800076804 7.384064298608214e-09
36250.04800076804 4.712085634742464e-09
36300.04800076804 9.953513005475274e-09
36350.04800076804 7.084979487286749e-09
36400.04800076804 1.090624066431464e-08
36450.04800076804 6.919928156907558e-09
36500.04800076804 7.655115658096485e-09
36550.04800076804 1.5662106203854796e-08
36600.04800076804 1.831139209091071e-08
36650.04800076804 1.0180158412269572e-08
36700.04800076804 1.0533197140397528e-08
36750.04800076804 1.770777728020712e-08
36800.04800076804 1.8121512116523624e-08
36850.04800076804 9.790244140212832e-09
36900.04800076804 1.2239464176757421e-08
36950.04800076804 1.9520486414490608e-08
37000.04800076804 1.3875189550615887e-08
37050.04800076804 1.9041783438272343e-08
37100.04800076804 9.104649538178905e-09
37150.04800076804 1.5459035267139872e-08
37200.04800076804 2.638246010275681e-08
37250.04800076804 1.283018858465763e-08
37300.04800076804 9.539253618320168e-09
37350.04800076804 1.866393266603041e-08
37400.04800076804 2.912008356603149e-08
37450.04800076804 1.2430810347005828e-08
37500.04800076804 1.4132637923638585e-08
37550.04800076804 3.3670337049348776e-08
37600.04800076804 4.505601209146121e-08
37650.04800076804 1.4564399292319935e-08
37700.04800076804 2.5549129077134725e-08
37750.04800076804 1.8292165815199952e-08
37800.04800076804 2.2356870531950794e-08
37850.04800076804 1.2366293811176567e-08
37900.04800076804 1.585110523238841e-08
37950.04800076804 2.2500941125882554e-08
38000.04800076804 2.294281693497669e-08
38050.04800076804 2.7849293962558025e-08
38100.04800076804 4.056837801200417e-08
38150.04800076804 4.31435426638696e-08
38200.04800076804 3.082304185786919e-08
38250.04800076804 3.852198530878716e-08
38300.04800076804 6.35214851042565e-08
38350.04800076804 5.206622318748269e-08
38400.04800076804 2.56299312837444e-08
38450.04800076804 1.4999306439926145e-08
38500.04800076804 1.2906837078968379e-08
38550.04800076804 3.185338720034135e-08
38600.04800076804 3.590427500582005e-08
38650.04800076804 3.8693490269644745e-08
38700.04800076804 4.0083482010376826e-08
38750.04800076804 3.88708121377578e-08
38800.04800076804 3.4841044341048983e-08
38850.04800076804 4.318019441554154e-08
38900.04800076804 4.6213461704405016e-08
38950.04800076804 3.2758726370545615e-08
39000.04800076804 4.826602653607883e-08
39050.04800076804 3.212590006919328e-08
39100.04800076804 3.854082139638214e-08
39150.04800076804 5.3853755548390165e-08
39200.04800076804 4.576716525003916e-08
39250.04800076804 5.1794828309620724e-08
39300.04800076804 4.390275331138428e-08
39350.04800076804 7.089257330286902e-08
39400.04800076804 4.906945625647813e-08
39450.04800076804 6.176160474728715e-08
39500.04800076804 7.037673399972249e-08
39550.04800076804 4.269291324989583e-08
39600.04800076804 5.5324637122172896e-08
39650.04800076804 8.530074080524082e-08
39700.04800076804 7.260377907629018e-08
39750.04800076804 3.697619142357163e-08
39800.04800076804 3.9138680895001986e-08
39850.04800076804 8.457880126912324e-08
39900.04800076804 9.026124443656368e-08
39950.04800076804 5.628634833331832e-08
40000.04800076804 8.213694030209508e-08
40050.04800076804 7.869981352966468e-08
40100.04800076804 3.155322326776766e-08
40150.04800076804 7.433778708344656e-08
40200.04800076804 8.697345347595015e-08
40250.04800076804 9.325259407818721e-08
40300.04800076804 8.926478590568569e-08
40350.04800076804 4.8810286075103947e-08
40400.04800076804 7.520422756381258e-08
40450.04800076804 4.970142529891375e-08
40500.04800076804 8.899529921567871e-08
40550.04800076804 8.833208143604047e-08
40600.04800076804 9.139827819435682e-08
40650.04800076804 6.990217501226326e-08
40700.04800076804 1.1694426603898634e-07
40750.04800076804 8.820967783187797e-08
40800.04800076804 5.771971687880888e-08
40850.04800076804 1.1818041835564188e-07
40900.04800076804 1.1626480235212969e-07
40950.04800076804 7.639753772745054e-08
41000.04800076804 8.989176572982228e-08
41050.04800076804 1.2477527607790604e-07
41100.04800076804 1.0402544781756404e-07
41150.04800076804 4.980462684086163e-08
41200.04800076804 1.1370739865538527e-07
41250.04800076804 1.0621736295904734e-07
41300.04800076804 1.1279297505532128e-07
41350.04800076804 1.358612687122361e-07
41400.04800076804 1.1269639234449061e-07
41450.04800076804 1.2832950677898792e-07
41500.04800076804 8.788626005595461e-08
41550.04800076804 8.028964441672685e-08
41600.04800076804 9.009845563265444e-08
41650.04800076804 1.2507243635487352e-07
41700.04800076804 1.348916582286649e-07
41750.04800076804 1.1754675299418384e-07
41800.04800076804 1.3369925454357265e-07
41850.04800076804 9.504512802847288e-08
41900.04800076804 8.625414643314632e-08
41950.04800076804 1.0404780204087191e-07
42000.04800076804 9.700640137432787e-08
42050.04800076804 9.100804446454695e-08
42100.04800076804 1.1215438413045832e-07
42150.04800076804 9.711937988150102e-08
42200.04800076804 1.0158085000098168e-07
42250.04800076804 8.523676575699172e-08
42300.04800076804 8.180180283429986e-08
42350.04800076804 1.1190726497381681e-07
42400.04800076804 1.228235269507235e-07
42450.04800076804 1.1382161505239155e-07
42500.04800076804 1.1903473647219387e-07
42550.04800076804 1.091988186623739e-07
42600.04800076804 1.0428837243088915e-07
42650.04800076804 1.399439375033859e-07
42700.04800076804 8.615543334513292e-08
42750.04800076804 9.099444327645621e-08
42800.04800076804 1.241032582549018e-07
42850.04800076804 1.3231067566578318e-07
42900.04800076804 1.297159155904854e-07
42950.04800076804 1.0540826868867399e-07
43000.04800076804 1.2171961937699473e-07
43050.04800076804 6.917062503542263e-08
43100.04800076804 1.1164804411590552e-07
43150.04800076804 1.0477469269108353e-07
43200.04800076804 1.1574045799262402e-07
43250.04800076804 1.6237476115120298e-07
43300.04800076804 1.41739041787448e-07
43350.04800076804 8.263058040678681e-08
43400.04800076804 1.1621782168798707e-07
43450.04800076804 9.658597766501864e-08
43500.04800076804 9.631436340036046e-08
43550.04800076804 8.905422490060245e-08
43600.04800076804 1.343384495864917e-07
