galfind/configs/Brown_Dwarf_templates/sonora_cholla/logkzz7/3162g/650K_3162g_logkzz7_resample.dat
# %ECSV 1.0
# ---
# datatype:
# - {name: wav, unit: Angstrom, datatype: float64}
# - {name: flux_nu, unit: erg / (cm2 Hz s), datatype: float64}
# schema: astropy-2.0
wav flux_nu
[from data line 417]
23850.04800076804 1.1746952209422772e-10
23900.04800076804 2.358218695153124e-10
23950.04800076804 1.333328608144883e-10
24000.04800076804 2.821079440894967e-10
24050.04800076804 2.717833996282504e-10
24100.04800076804 2.972967201920426e-10
24150.04800076804 4.13963420971934e-10
24200.04800076804 3.6867351233578016e-10
24250.04800076804 2.90323916327575e-10
24300.04800076804 5.470468321380095e-10
24350.04800076804 3.637409258165897e-10
24400.04800076804 7.496185737084202e-10
24450.04800076804 6.867141507385127e-10
24500.04800076804 6.075871694310663e-10
24550.04800076804 9.809599451760004e-10
24600.04800076804 1.0653918234461298e-09
24650.04800076804 1.2557152702874354e-09
24700.04800076804 9.163410774103601e-10
24750.04800076804 1.0582028705231958e-09
24800.04800076804 9.182460819903588e-10
24850.04800076804 1.3529672475366721e-09
24900.04800076804 5.083754401026234e-10
24950.04800076804 1.016279383105899e-09
25000.04800076804 9.973883183030762e-10
25050.04800076804 4.717913279964342e-10
25100.04800076804 8.485449864015593e-10
25150.04800076804 3.822068581482039e-10
25200.04800076804 5.589246380011048e-10
25250.04800076804 2.0228044605346325e-10
25300.04800076804 2.9873026782702577e-10
25350.04800076804 1.2136771565806012e-10
25400.04800076804 3.355816563872666e-10
25450.04800076804 1.1592689782246133e-10
25500.04800076804 9.896766604126176e-11
25550.04800076804 2.455575571100791e-10
25600.04800076804 1.4053191179060651e-10
25650.04800076804 5.508106239047121e-11
25700.04800076804 7.365099430316157e-11
25750.04800076804 2.5404050990678973e-11
25800.04800076804 1.2022420725761054e-10
25850.04800076804 2.4937617887539744e-11
25900.04800076804 4.3296267470955875e-11
25950.04800076804 1.1630439375702989e-11
26000.04800076804 1.0808229171046935e-10
26050.04800076804 1.6826123012553696e-11
26100.04800076804 8.550753744508272e-11
26150.04800076804 3.616331063651283e-11
26200.04800076804 4.727285633565384e-11
26250.04800076804 2.6177743845060734e-10
26300.04800076804 5.753370894444635e-11
26350.04800076804 4.700143532461471e-10
26400.04800076804 6.089338320393923e-10
26450.04800076804 3.272351681988877e-10
26500.04800076804 7.402177404122174e-10
26550.04800076804 1.0505295822748696e-10
26600.04800076804 1.0231367838960084e-10
26650.04800076804 2.1238404849619604e-11
26700.04800076804 1.4170274114055667e-11
26750.04800076804 1.91923248189456e-11
26800.04800076804 4.8686924932673964e-11
26850.04800076804 2.974519130362985e-11
26900.04800076804 1.2369267040411153e-10
26950.04800076804 4.6138131888826586e-11
27000.04800076804 2.1209077831470367e-10
27050.04800076804 2.7387818216673556e-10
27100.04800076804 4.0892574812375656e-11
27150.04800076804 3.457025299171165e-10
27200.04800076804 3.7859529274267234e-11
27250.04800076804 1.0607187877722847e-10
27300.04800076804 7.807683889348265e-10
27350.04800076804 2.4635002296958105e-10
27400.04800076804 1.9275662259429855e-11
27450.04800076804 3.1031099513604745e-10
27500.04800076804 4.518454662802409e-10
27550.04800076804 6.748998682503927e-11
27600.04800076804 1.917768978657513e-10
27650.04800076804 5.5775744266072046e-11
27700.04800076804 5.35685586883848e-11
27750.04800076804 2.7237595985330266e-10
27800.04800076804 1.0497093506310037e-10
27850.04800076804 1.4539450487852634e-10
27900.04800076804 2.1299641335464444e-10
27950.04800076804 4.5565131770756086e-10
28000.04800076804 3.4464389118715433e-10
28050.04800076804 6.259851465037857e-11
28100.04800076804 5.329396114358183e-10
28150.04800076804 3.4244444135732334e-10
28200.04800076804 1.0555838740761302e-10
28250.04800076804 7.1935905083034e-10
28300.04800076804 8.361791727783712e-10
28350.04800076804 1.236434278038063e-10
28400.04800076804 5.097787648463327e-10
28450.04800076804 1.0298319547609418e-09
28500.04800076804 4.676327252351443e-10
28550.04800076804 1.4097751018039554e-10
28600.04800076804 8.66950641978009e-10
28650.04800076804 6.159633671676422e-10
28700.04800076804 6.746662416571135e-10
28750.04800076804 1.6642971441426082e-09
28800.04800076804 9.308268393023809e-10
28850.04800076804 1.3588614366965934e-09
28900.04800076804 6.739369625032351e-10
28950.04800076804 1.3957218473945268e-09
29000.04800076804 1.0557746438741856e-09
29050.04800076804 1.3838655848208074e-09
29100.04800076804 8.206570319458013e-10
29150.04800076804 1.766094569154914e-09
29200.04800076804 1.6463142152158455e-09
29250.04800076804 2.1169951562676353e-09
29300.04800076804 1.2491303173800239e-09
29350.04800076804 5.012041945432739e-09
29400.04800076804 1.3292729291448447e-09
29450.04800076804 1.1913036218297456e-09
29500.04800076804 3.712332009092754e-09
29550.04800076804 1.7375361275034377e-09
29600.04800076804 2.5924544092577597e-09
29650.04800076804 4.692386765070344e-09
29700.04800076804 1.2843435719572503e-09
29750.04800076804 2.9445330562461625e-09
29800.04800076804 2.5518925925607023e-09
29850.04800076804 5.583093443338409e-09
29900.04800076804 4.0281014708854235e-09
29950.04800076804 2.713295348764975e-09
30000.04800076804 2.0269706164099915e-10
30050.04800076804 7.643078166254224e-10
30100.04800076804 2.161610859243958e-09
30150.04800076804 4.601561111846827e-09
30200.04800076804 2.7678591694450398e-09
30250.04800076804 7.476138947060156e-09
30300.04800076804 6.7019978101034226e-09
30350.04800076804 2.739579029536283e-09
30400.04800076804 7.545873948999582e-09
30450.04800076804 4.906671153782093e-09
30500.04800076804 4.243734659824416e-09
30550.04800076804 3.1695910236835296e-09
30600.04800076804 1.301739323800572e-08
30650.04800076804 7.277160144876611e-09
30700.04800076804 4.2840376091352355e-09
30750.04800076804 7.2205615086492526e-09
30800.04800076804 5.4467676741135294e-09
30850.04800076804 6.3550621266788375e-09
30900.04800076804 4.4558458688955125e-09
30950.04800076804 2.7271834167541565e-09
31000.04800076804 3.956986927889023e-09
31050.04800076804 3.849660960840778e-09
31100.04800076804 2.018185324338389e-09
31150.04800076804 3.2137244587139752e-09
31200.04800076804 6.847100401795669e-09
31250.04800076804 2.627377348371894e-09
31300.04800076804 2.289057827703901e-09
31350.04800076804 3.794699454799007e-09
31400.04800076804 2.1913244170887023e-09
31450.04800076804 2.858259561667984e-09
31500.04800076804 1.197289035479333e-09
31550.04800076804 1.8248149904887048e-09
31600.04800076804 1.353381022751369e-09
31650.04800076804 9.963060495243127e-10
31700.04800076804 1.235702613276558e-09
31750.04800076804 4.747755168210285e-10
31800.04800076804 1.0916602346698522e-09
31850.04800076804 2.926619996978956e-10
31900.04800076804 7.022450368190237e-10
31950.04800076804 3.6894081468559106e-10
32000.04800076804 3.7568062310820287e-10
32050.04800076804 3.729277335846693e-10
32100.04800076804 2.7879487006959686e-10
32150.04800076804 3.917872019865408e-10
32200.04800076804 2.089390563878596e-10
32250.04800076804 4.539048329112444e-10
32300.04800076804 1.610466889889993e-10
32350.04800076804 5.177692406270203e-10
32400.04800076804 1.4095122630947873e-10
32450.04800076804 4.0826648462974045e-10
32500.04800076804 1.6864587130115837e-10
32550.04800076804 4.1354897559384105e-10
32600.04800076804 1.9796173305843208e-10
32650.04800076804 6.420845607818434e-10
32700.04800076804 2.7300892207679365e-10
32750.04800076804 1.1418796256219692e-09
32800.04800076804 8.037692703396287e-10
32850.04800076804 1.8771853554792886e-09
32900.04800076804 1.6860975106559057e-09
32950.04800076804 1.879583471402295e-09
33000.04800076804 7.938549542704864e-10
33050.04800076804 9.195501460947129e-10
33100.04800076804 2.705042018112445e-10
33150.04800076804 9.51017529033301e-13
33200.04800076804 1.5529860303562596e-11
33250.04800076804 2.6016448059815626e-11
33300.04800076804 1.388283374320309e-10
33350.04800076804 3.606566662258464e-10
33400.04800076804 8.878258670066677e-10
33450.04800076804 5.112506599752478e-10
33500.04800076804 1.655414935567231e-09
33550.04800076804 5.355512046136305e-10
33600.04800076804 9.14028699461234e-10
33650.04800076804 1.0286532879262306e-09
33700.04800076804 4.2160171798084994e-10
33750.04800076804 1.2828273993131928e-09
33800.04800076804 2.0881942828230042e-10
33850.04800076804 6.598306852279871e-10
33900.04800076804 6.658048483877971e-10
33950.04800076804 6.167864189521372e-10
34000.04800076804 1.2320705023354684e-09
34050.04800076804 2.3564792363954997e-10
34100.04800076804 9.90071214002775e-10
34150.04800076804 3.8806490371354135e-10
34200.04800076804 1.011054759136576e-09
34250.04800076804 7.299125808987973e-10
34300.04800076804 5.759489482923692e-10
34350.04800076804 1.5873426507597032e-09
34400.04800076804 4.3437852596641413e-10
34450.04800076804 1.5151752597748147e-09
34500.04800076804 8.235351056283033e-10
34550.04800076804 7.086036763450476e-10
34600.04800076804 2.630024014179903e-09
34650.04800076804 4.382009136069924e-10
34700.04800076804 1.8515696179283107e-09
34750.04800076804 1.1767791359690525e-09
34800.04800076804 7.927481745912958e-10
34850.04800076804 2.8988814200713513e-09
34900.04800076804 8.16488544458247e-10
34950.04800076804 2.5300826628555096e-09
35000.04800076804 3.4389431730019406e-09
35050.04800076804 1.8173563870848847e-09
35100.04800076804 5.020954481146607e-09
35150.04800076804 3.866737887429733e-09
35200.04800076804 3.4349269391327614e-09
35250.04800076804 5.614263138296999e-09
35300.04800076804 1.7681184557812118e-09
35350.04800076804 3.1969523805460555e-09
35400.04800076804 2.4543130635895267e-09
35450.04800076804 1.962999982460862e-09
35500.04800076804 6.695278381712352e-09
35550.04800076804 3.736272184383757e-09
35600.04800076804 5.258278677442272e-09
35650.04800076804 5.684157783189272e-09
35700.04800076804 4.736481980942138e-09
35750.04800076804 9.710215548385849e-09
35800.04800076804 5.472980410741806e-09
35850.04800076804 3.198129151264598e-09
35900.04800076804 5.6644361951646375e-09
35950.04800076804 7.445746235793924e-09
36000.04800076804 6.279881333835746e-09
36050.04800076804 6.049750443793304e-09
36100.04800076804 5.3046479592873346e-09
36150.04800076804 1.1790246109047906e-08
36200.04800076804 1.2090846524958922e-08
36250.04800076804 8.416579264803844e-09
36300.04800076804 1.5948610917276206e-08
36350.04800076804 1.187144538013847e-08
36400.04800076804 1.7606122213194035e-08
36450.04800076804 1.2035360640643581e-08
36500.04800076804 1.3219954813544504e-08
36550.04800076804 2.4487281025771904e-08
36600.04800076804 2.8296140437276275e-08
36650.04800076804 1.7597895948526042e-08
36700.04800076804 1.756660303589399e-08
36750.04800076804 2.7474831964811617e-08
36800.04800076804 2.80022930864529e-08
36850.04800076804 1.6749173667406444e-08
36900.04800076804 2.071451150823824e-08
36950.04800076804 2.992332712025162e-08
37000.04800076804 2.2285645963292446e-08
37050.04800076804 2.970681392878068e-08
37100.04800076804 1.6694603520267956e-08
37150.04800076804 2.5718131583500915e-08
37200.04800076804 3.945024605759543e-08
37250.04800076804 2.088814813452121e-08
37300.04800076804 1.6821121722677848e-08
37350.04800076804 3.048102783311977e-08
37400.04800076804 4.557076114777633e-08
37450.04800076804 2.0923588087258092e-08
37500.04800076804 2.3767893193760925e-08
37550.04800076804 5.0749568880632735e-08
37600.04800076804 6.524205409735875e-08
37650.04800076804 2.438571112059783e-08
37700.04800076804 4.093628209182344e-08
37750.04800076804 2.9191675339519806e-08
37800.04800076804 3.591934686653155e-08
37850.04800076804 2.0556198642224294e-08
37900.04800076804 2.6635987881584206e-08
37950.04800076804 3.6769645720687594e-08
38000.04800076804 3.857775103969711e-08
38050.04800076804 4.290765121364027e-08
38100.04800076804 6.037731053222467e-08
38150.04800076804 6.287682819416504e-08
38200.04800076804 4.8205715422840005e-08
38250.04800076804 5.726888203898775e-08
38300.04800076804 8.989418371538551e-08
38350.04800076804 7.702509967205596e-08
38400.04800076804 4.098877213427371e-08
38450.04800076804 2.7698239808292963e-08
38500.04800076804 2.282980230380788e-08
38550.04800076804 4.9534304196503944e-08
38600.04800076804 5.3982634924593045e-08
38650.04800076804 5.985569294498508e-08
38700.04800076804 6.336725278170111e-08
38750.04800076804 6.08157465867131e-08
38800.04800076804 5.366280634551122e-08
38850.04800076804 6.666086002472436e-08
38900.04800076804 7.164334419926261e-08
38950.04800076804 5.221871821061998e-08
39000.04800076804 7.352982700831891e-08
39050.04800076804 5.283456501831876e-08
39100.04800076804 6.133465591795615e-08
39150.04800076804 7.985587908017898e-08
39200.04800076804 6.908779402952811e-08
39250.04800076804 7.930304224256257e-08
39300.04800076804 6.870420322123226e-08
39350.04800076804 1.0295589409968263e-07
39400.04800076804 7.567911269980194e-08
39450.04800076804 9.090975002015767e-08
39500.04800076804 1.0220575799553067e-07
39550.04800076804 6.86067238017904e-08
39600.04800076804 8.396093047282203e-08
39650.04800076804 1.221000124629212e-07
39700.04800076804 1.044717229912918e-07
39750.04800076804 5.8907416668677865e-08
39800.04800076804 6.435108979338839e-08
39850.04800076804 1.2233956117373095e-07
39900.04800076804 1.2802518157356453e-07
39950.04800076804 8.697308397053722e-08
40000.04800076804 1.2180788379706896e-07
40050.04800076804 1.1527183421501155e-07
40100.04800076804 5.276041645670037e-08
40150.04800076804 1.1168733229729424e-07
40200.04800076804 1.2631935801614207e-07
40250.04800076804 1.335578015785144e-07
40300.04800076804 1.2852685707748698e-07
40350.04800076804 7.619066805401071e-08
40400.04800076804 1.1499125851957215e-07
40450.04800076804 8.054017791774327e-08
40500.04800076804 1.3084632614919895e-07
40550.04800076804 1.2758306183963427e-07
40600.04800076804 1.3080055353815211e-07
40650.04800076804 1.04981142580641e-07
40700.04800076804 1.6730927873988636e-07
40750.04800076804 1.279112793155302e-07
40800.04800076804 8.818676182226868e-08
40850.04800076804 1.664721286522555e-07
40900.04800076804 1.6320409495946416e-07
40950.04800076804 1.116665960681264e-07
41000.04800076804 1.3211424919647857e-07
41050.04800076804 1.7281530936275368e-07
41100.04800076804 1.4531672889920117e-07
41150.04800076804 7.77652953375213e-08
41200.04800076804 1.6079719301362581e-07
41250.04800076804 1.4837440824169707e-07
41300.04800076804 1.5267186857532982e-07
41350.04800076804 1.8422952627817044e-07
41400.04800076804 1.558935035476429e-07
41450.04800076804 1.7443492845327318e-07
41500.04800076804 1.2548395676853786e-07
41550.04800076804 1.1428217990475168e-07
41600.04800076804 1.295956384450389e-07
41650.04800076804 1.7047340253808233e-07
41700.04800076804 1.7498405679452754e-07
41750.04800076804 1.57601121945707e-07
41800.04800076804 1.8164090107885076e-07
41850.04800076804 1.2717129522706773e-07
41900.04800076804 1.2000307371388725e-07
41950.04800076804 1.475037313088904e-07
42000.04800076804 1.4668811649862013e-07
42050.04800076804 1.3207424747615578e-07
42100.04800076804 1.6188075684051276e-07
42150.04800076804 1.326260792049548e-07
42200.04800076804 1.3797633356539606e-07
42250.04800076804 1.194359734440655e-07
42300.04800076804 1.1501667957112082e-07
42350.04800076804 1.5126147159434296e-07
42400.04800076804 1.6362692026108744e-07
42450.04800076804 1.4630959620683052e-07
42500.04800076804 1.5187105983129595e-07
42550.04800076804 1.4013519041696513e-07
42600.04800076804 1.394244326599567e-07
42650.04800076804 1.8512386117383205e-07
42700.04800076804 1.171034087260974e-07
42750.04800076804 1.171848358982041e-07
42800.04800076804 1.5601606965193293e-07
42850.04800076804 1.68682333828315e-07
42900.04800076804 1.6743699060287748e-07
42950.04800076804 1.3495078421202191e-07
43000.04800076804 1.579086921867018e-07
43050.04800076804 8.794139037132323e-08
43100.04800076804 1.4454848632222229e-07
43150.04800076804 1.3396069447518542e-07
43200.04800076804 1.4655554198886455e-07
43250.04800076804 2.0767257351409913e-07
43300.04800076804 1.830877834506361e-07
43350.04800076804 1.0470728643954255e-07
43400.04800076804 1.4802930146558914e-07
43450.04800076804 1.2260474080185755e-07
43500.04800076804 1.2611433049861716e-07
