galfind/configs/Brown_Dwarf_templates/sonora_cholla/logkzz7/3162g/700K_3162g_logkzz7_resample.dat
# %ECSV 1.0
# ---
# datatype:
# - {name: wav, unit: Angstrom, datatype: float64}
# - {name: flux_nu, unit: erg / (cm2 Hz s), datatype: float64}
# schema: astropy-2.0
wav flux_nu
3000.0480007680403 nan
3050.0480007680403 0.0
3100.0480007680403 0.0
3150.0480007680403 0.0
3200.0480007680403 0.0
3250.0480007680403 0.0
3300.0480007680403 0.0
3350.0480007680403 0.0
3400.0480007680403 0.0
3450.0480007680403 0.0
3500.0480007680403 0.0
3550.0480007680403 0.0
3600.0480007680403 0.0
3650.0480007680403 0.0
3700.0480007680403 0.0
3750.0480007680403 0.0
3800.0480007680403 0.0
3850.0480007680403 0.0
3900.0480007680403 0.0
3950.0480007680403 0.0
4000.0480007680403 0.0
4050.0480007680403 0.0
4100.04800076804 0.0
4150.04800076804 0.0
4200.04800076804 0.0
4250.04800076804 0.0
4300.04800076804 0.0
4350.04800076804 0.0
4400.04800076804 0.0
4450.04800076804 0.0
4500.04800076804 0.0
4550.04800076804 0.0
4600.04800076804 0.0
4650.04800076804 0.0
4700.04800076804 0.0
4750.04800076804 0.0
4800.04800076804 0.0
4850.04800076804 0.0
4900.04800076804 0.0
4950.04800076804 0.0
5000.04800076804 2.3553767580539273e-11
5050.04800076804 5.803419301293576e-11
5100.04800076804 6.473135183074807e-11
5150.04800076804 7.365334671791931e-11
5200.04800076804 8.409055764216206e-11
5250.04800076804 9.394580320704316e-11
5300.04800076804 1.0468094349229625e-10
5350.04800076804 1.1603096084820746e-10
5400.04800076804 1.2674053718152787e-10
5450.04800076804 1.3863222987779417e-10
5500.04800076804 1.5127147944575591e-10
5550.04800076804 1.652871792338365e-10
5600.04800076804 1.7873030774971364e-10
5650.04800076804 1.90935841282473e-10
5700.04800076804 1.9946497329061168e-10
5750.04800076804 2.091081120161532e-10
5800.04800076804 2.130810165566894e-10
5850.04800076804 2.055011687455676e-10
5900.04800076804 9.205542939430088e-11
5950.04800076804 1.4502825972906538e-10
6000.04800076804 3.089163030010624e-10
6050.04800076804 4.0771051541915325e-10
6100.04800076804 5.152313305596625e-10
6150.04800076804 6.324296171082647e-10
6200.04800076804 7.593858825710348e-10
6250.04800076804 8.866663536985022e-10
6300.04800076804 1.0351181662438357e-09
6350.04800076804 1.197124644911352e-09
6400.04800076804 1.3506008110049338e-09
6450.04800076804 1.4146215225791626e-09
6500.04800076804 1.5699712975250296e-09
6550.04800076804 1.790310375407184e-09
6600.04800076804 2.006280634956663e-09
6650.04800076804 2.2854247057103694e-09
6700.04800076804 2.6355638003449107e-09
6750.04800076804 2.980914967594217e-09
6800.04800076804 3.324636431217368e-09
6850.04800076804 3.6956079479711112e-09
6900.04800076804 3.546570554649406e-09
6950.04800076804 3.417101427666439e-09
7000.04800076804 3.859165821051538e-09
7050.04800076804 3.876645616517956e-09
7100.04800076804 4.043957576348192e-09
7150.04800076804 3.316876248771248e-09
7200.04800076804 3.0773448541622044e-09
7250.04800076804 3.5406127969341898e-09
7300.04800076804 3.639656372851045e-09
7350.04800076804 4.03835037893417e-09
7400.04800076804 4.5539348387998915e-09
7450.04800076804 5.168674097717109e-09
7500.04800076804 5.59875535349618e-09
7550.04800076804 6.0615300567961555e-09
7600.04800076804 6.51055443234454e-09
7650.04800076804 6.757515889346027e-09
7700.04800076804 4.928398653591308e-09
7750.04800076804 3.0871976510223e-09
7800.04800076804 6.9080343035824836e-09
7850.04800076804 7.862857038507506e-09
7900.04800076804 8.726822959084167e-09
7950.04800076804 9.581479490105863e-09
8000.04800076804 1.009019654422976e-08
8050.04800076804 1.0402066556878321e-08
8100.04800076804 8.36755967898195e-09
8150.04800076804 7.477829448267274e-09
8200.04800076804 1.0222895075418797e-08
8250.04800076804 1.0031325359491238e-08
8300.04800076804 1.1015298872889328e-08
8350.04800076804 1.1217752993472838e-08
8400.04800076804 1.1885290375759269e-08
8450.04800076804 1.3233773845367733e-08
8500.04800076804 1.456159859947114e-08
8550.04800076804 1.625768317889123e-08
8600.04800076804 1.8411995471242216e-08
8650.04800076804 2.0066523666844883e-08
8700.04800076804 2.0955830618241544e-08
8750.04800076804 2.240302915468356e-08
8800.04800076804 2.262447308105801e-08
8850.04800076804 1.9979003677979697e-08
8900.04800076804 1.1263752998786468e-08
8950.04800076804 9.196022394829379e-09
9000.04800076804 9.23446744073078e-09
9050.04800076804 1.7774576189846275e-08
9100.04800076804 1.824633138790094e-08
9150.04800076804 1.672640878254148e-08
9200.04800076804 1.87546999687236e-08
9250.04800076804 1.3568041349641278e-08
9300.04800076804 8.220995531955616e-10
9350.04800076804 1.6444568965999586e-09
9400.04800076804 6.058949371459261e-09
9450.04800076804 3.925070720582788e-09
9500.04800076804 3.3057360977507e-09
9550.04800076804 3.5092003303130414e-09
9600.04800076804 3.739274760300238e-09
9650.04800076804 5.209117699852563e-09
9700.04800076804 9.00495483372379e-09
9750.04800076804 9.796134989380878e-09
9800.04800076804 1.1827587969847933e-08
9850.04800076804 1.4524431225050435e-08
9900.04800076804 1.83831705986183e-08
9950.04800076804 1.9589159898928874e-08
10000.04800076804 2.1768672354317676e-08
10050.04800076804 2.184178313249893e-08
10100.04800076804 2.3299077771511583e-08
10150.04800076804 2.309820222154943e-08
10200.04800076804 2.288824448917859e-08
10250.04800076804 2.4946005418342868e-08
10300.04800076804 2.6967818669082762e-08
10350.04800076804 2.5435869211542033e-08
10400.04800076804 2.7407950903088916e-08
10450.04800076804 2.841582468168946e-08
10500.04800076804 2.880977920728073e-08
10550.04800076804 2.9291488355402217e-08
10600.04800076804 2.8834812992574052e-08
10650.04800076804 2.813376346621794e-08
10700.04800076804 2.6828658460560737e-08
10750.04800076804 2.6070907989330223e-08
10800.04800076804 2.4939131164304236e-08
10850.04800076804 2.3364258355705606e-08
10900.04800076804 1.989113747513008e-08
10950.04800076804 1.321556348554739e-08
11000.04800076804 8.583637172042904e-09
11050.04800076804 4.6320826850976775e-09
11100.04800076804 2.27268623808583e-09
11150.04800076804 1.104796814226326e-09
11200.04800076804 1.0976689087156014e-09
11250.04800076804 1.7948232537401795e-09
11300.04800076804 2.212974879470774e-09
11350.04800076804 8.86978269058255e-10
11400.04800076804 3.2933796546681503e-09
11450.04800076804 1.9112812163944948e-09
11500.04800076804 2.0131205286567566e-09
11550.04800076804 9.320299137419913e-10
11600.04800076804 7.655092672170486e-10
11650.04800076804 1.689179257827913e-09
11700.04800076804 2.087101783759717e-09
11750.04800076804 1.200440478903706e-09
11800.04800076804 3.591265084245188e-09
11850.04800076804 5.173131948149187e-09
11900.04800076804 6.5127415810065795e-09
11950.04800076804 8.567733194231096e-09
12000.04800076804 1.0854588764813237e-08
12050.04800076804 1.3501798203556801e-08
12100.04800076804 1.578343727694238e-08
12150.04800076804 1.8742412723753094e-08
12200.04800076804 2.0879175032323076e-08
12250.04800076804 2.3911195229933057e-08
12300.04800076804 2.7896821737669487e-08
12350.04800076804 2.990808920536866e-08
12400.04800076804 3.447568579045654e-08
12450.04800076804 3.883874801993446e-08
12500.04800076804 4.214284836628209e-08
12550.04800076804 4.562276415273958e-08
12600.04800076804 4.938588051677642e-08
12650.04800076804 5.196999126908984e-08
12700.04800076804 5.3160294161243166e-08
12750.04800076804 4.932966630633647e-08
12800.04800076804 4.539008649759136e-08
12850.04800076804 3.839184524887756e-08
12900.04800076804 3.43108012978283e-08
12950.04800076804 3.0867952491899866e-08
13000.04800076804 3.145690283671805e-08
13050.04800076804 2.6202292824487897e-08
13100.04800076804 2.6682342109866156e-08
13150.04800076804 2.0471434015570326e-08
13200.04800076804 2.0129670138919772e-08
13250.04800076804 1.450314974295557e-08
13300.04800076804 6.763504267902324e-09
13350.04800076804 2.357532953313135e-09
13400.04800076804 4.2052993397696066e-10
13450.04800076804 1.3518534747934642e-10
13500.04800076804 5.0818982682167294e-11
13550.04800076804 1.727896168964189e-11
13600.04800076804 7.297192860195318e-12
13650.04800076804 4.2755066171038977e-11
13700.04800076804 2.5279017319775915e-11
13750.04800076804 9.315076401714122e-11
13800.04800076804 1.0735907278825493e-10
13850.04800076804 3.2777102384464666e-11
13900.04800076804 4.6456305311073496e-11
13950.04800076804 4.692430467649273e-11
14000.04800076804 6.881302148549524e-11
14050.04800076804 9.189218881542223e-11
14100.04800076804 7.023328154011991e-11
14150.04800076804 1.387669545952511e-10
14200.04800076804 9.529157564629707e-11
14250.04800076804 1.25395852528309e-10
14300.04800076804 4.032170458112416e-10
14350.04800076804 3.425378313790463e-10
14400.04800076804 3.3758386749922333e-10
14450.04800076804 6.346240405989667e-10
14500.04800076804 1.3038064116411402e-09
14550.04800076804 1.3970695998182565e-09
14600.04800076804 2.8347362242590303e-09
14650.04800076804 2.0289209266164213e-09
14700.04800076804 1.1103854311608066e-09
14750.04800076804 1.432720082746568e-09
14800.04800076804 1.5751420795705654e-09
14850.04800076804 1.8382770701655995e-09
14900.04800076804 1.982490983321058e-09
14950.04800076804 2.562089382420404e-09
15000.04800076804 3.956066595715073e-09
15050.04800076804 4.564653963484591e-09
15100.04800076804 4.097037546919922e-09
15150.04800076804 3.524635727146492e-09
15200.04800076804 5.385316893209062e-09
15250.04800076804 7.812725269010478e-09
15300.04800076804 9.207428725336175e-09
15350.04800076804 1.1225599924203398e-08
15400.04800076804 1.3442077411830809e-08
15450.04800076804 1.5119793787259294e-08
15500.04800076804 1.758554645950724e-08
15550.04800076804 2.0855124540166943e-08
15600.04800076804 2.4559160200488116e-08
15650.04800076804 2.8570376112520893e-08
15700.04800076804 3.324542123951785e-08
15750.04800076804 3.565385864204636e-08
15800.04800076804 3.771010855791253e-08
15850.04800076804 3.979843057442216e-08
15900.04800076804 3.901431526341807e-08
15950.04800076804 3.8026754455903216e-08
16000.04800076804 3.381834088781999e-08
16050.04800076804 2.66126968726577e-08
16100.04800076804 1.976807434675013e-08
16150.04800076804 1.307270756852664e-08
16200.04800076804 7.743463173079788e-09
16250.04800076804 5.903995263674173e-09
16300.04800076804 4.549694766267386e-09
16350.04800076804 4.945158363967838e-09
16400.04800076804 5.681378431479532e-09
16450.04800076804 6.0479332685232805e-09
16500.04800076804 6.501855072998037e-09
16550.04800076804 6.524828772917896e-09
16600.04800076804 8.87994032484929e-09
16650.04800076804 5.325025808151259e-09
16700.04800076804 1.6051597875698554e-09
16750.04800076804 4.367293690457127e-09
16800.04800076804 5.993680732894284e-09
16850.04800076804 5.66812511416134e-09
16900.04800076804 4.137608602614479e-09
16950.04800076804 3.295300902363048e-09
17000.04800076804 2.395337524863413e-09
17050.04800076804 3.6026413875701293e-09
17100.04800076804 4.653826037613791e-09
17150.04800076804 3.663229193937866e-09
17200.04800076804 6.576713430643549e-09
17250.04800076804 4.367567884815037e-09
17300.04800076804 3.6075081072106714e-09
17350.04800076804 3.6738927632289036e-09
17400.04800076804 4.308518881349508e-09
17450.04800076804 4.755301744789637e-09
17500.04800076804 5.430701173352229e-09
17550.04800076804 4.179329550552261e-09
17600.04800076804 3.697353620420646e-09
17650.04800076804 2.9442229593514035e-09
17700.04800076804 2.4093360549475317e-09
17750.04800076804 1.7244424198693509e-09
17800.04800076804 2.3065733001887072e-09
17850.04800076804 1.3142395189463e-09
17900.04800076804 1.2278402486711207e-09
17950.04800076804 6.743224582241573e-10
18000.04800076804 1.1012607623444253e-09
18050.04800076804 4.963691565766348e-10
18100.04800076804 5.773887399160082e-10
18150.04800076804 5.593146315275233e-10
18200.04800076804 3.2551897379372397e-10
18250.04800076804 1.1026265909993242e-09
18300.04800076804 2.5942189120981075e-10
18350.04800076804 2.4415745555856017e-10
18400.04800076804 1.6649383468746946e-10
18450.04800076804 6.827736450638561e-10
18500.04800076804 6.334995246403028e-10
18550.04800076804 3.2285714382950754e-10
18600.04800076804 3.9350586431380726e-10
18650.04800076804 2.519449818470515e-10
18700.04800076804 8.679368678130113e-11
18750.04800076804 2.1291675622086104e-10
18800.04800076804 1.1975777908178204e-09
18850.04800076804 1.118920525193642e-09
18900.04800076804 9.319763409941106e-10
18950.04800076804 1.799815222038953e-09
19000.04800076804 5.245980180777441e-10
19050.04800076804 2.7972840589303153e-10
19100.04800076804 7.653317250834089e-10
19150.04800076804 3.5003549020560885e-10
19200.04800076804 6.692170479618669e-10
19250.04800076804 4.5097953663737427e-10
19300.04800076804 3.151168121847915e-10
19350.04800076804 3.604028646201444e-10
19400.04800076804 2.4607368648984403e-10
19450.04800076804 4.828613998508922e-10
19500.04800076804 5.278964869099699e-10
19550.04800076804 4.4916853860408145e-10
19600.04800076804 7.429842693667647e-10
19650.04800076804 8.863506097637303e-10
19700.04800076804 9.901920293812679e-10
19750.04800076804 1.406647320120452e-09
19800.04800076804 1.1888345646686568e-09
19850.04800076804 1.7709416097309798e-09
19900.04800076804 1.7455317199119058e-09
19950.04800076804 2.3013955067173044e-09
20000.04800076804 2.297535209081063e-09
20050.04800076804 2.3641748970871567e-09
20100.04800076804 3.143153309686425e-09
20150.04800076804 2.443114972103497e-09
20200.04800076804 2.289354420877263e-09
20250.04800076804 3.169755627978855e-09
20300.04800076804 3.1718394150183407e-09
20350.04800076804 3.4696163980663594e-09
20400.04800076804 3.3458189001226303e-09
20450.04800076804 4.272090798255723e-09
20500.04800076804 4.458066904177945e-09
20550.04800076804 4.574685572124704e-09
20600.04800076804 4.7672297427706435e-09
20650.04800076804 4.930761475635247e-09
20700.04800076804 4.956630410393849e-09
20750.04800076804 5.057069045369149e-09
20800.04800076804 4.948793165646632e-09
20850.04800076804 5.068598345498082e-09
20900.04800076804 5.0536917147322954e-09
20950.04800076804 4.943504354895895e-09
21000.04800076804 4.850728337625645e-09
21050.04800076804 4.8292659848548865e-09
21100.04800076804 4.7334485106564636e-09
21150.04800076804 4.694170044466636e-09
21200.04800076804 4.56919352432191e-09
21250.04800076804 4.4413187985908e-09
21300.04800076804 4.2289515180912205e-09
21350.04800076804 4.094353489307128e-09
21400.04800076804 4.108035582697263e-09
21450.04800076804 3.67394508770368e-09
21500.04800076804 3.565793565960884e-09
21550.04800076804 3.4558482622055778e-09
21600.04800076804 3.243504166980751e-09
21650.04800076804 2.9730447856957743e-09
21700.04800076804 3.062286128333127e-09
21750.04800076804 2.8674287703293614e-09
21800.04800076804 2.4526280395288842e-09
21850.04800076804 2.2121213330857405e-09
21900.04800076804 1.901655487060124e-09
21950.04800076804 1.115034406084196e-09
22000.04800076804 2.8202090514761583e-10
22050.04800076804 3.7671782476447665e-10
22100.04800076804 9.73649470544984e-10
22150.04800076804 8.53915565318895e-10
22200.04800076804 7.715734533015525e-10
22250.04800076804 7.16121717840469e-10
22300.04800076804 4.536418097140105e-10
22350.04800076804 5.179816792949905e-10
22400.04800076804 2.8853860473526246e-10
22450.04800076804 3.0461806277074074e-10
22500.04800076804 3.111188472440533e-10
22550.04800076804 1.9259801641486872e-10
22600.04800076804 2.1083985485591139e-10
22650.04800076804 3.0150632517011713e-10
22700.04800076804 2.448971589764644e-10
22750.04800076804 2.6818279144573875e-10
22800.04800076804 3.2458350157189246e-10
22850.04800076804 2.502875242894187e-10
22900.04800076804 2.072874966295501e-10
22950.04800076804 1.5936918902119426e-10
23000.04800076804 2.0524649770328504e-10
23050.04800076804 2.52433141302352e-10
23100.04800076804 8.644823672103831e-10
23150.04800076804 7.281872558047654e-10
23200.04800076804 7.438928087011885e-11
23250.04800076804 2.2002166049440064e-10
23300.04800076804 2.240224346826016e-10
23350.04800076804 1.8659661990663798e-10
23400.04800076804 1.8586858179780795e-10
23450.04800076804 1.319258663893717e-10
23500.04800076804 1.3856008250473025e-10
23550.04800076804 2.5355550012268646e-10
23600.04800076804 4.2196643523474826e-10
23650.04800076804 4.754534203998252e-10
23700.04800076804 1.1511286710757034e-10
23750.04800076804 1.5009869772189106e-10
23800.04800076804 4.685054211059973e-10
