galfind/configs/Brown_Dwarf_templates/sonora_cholla/logkzz7/3162g/700K_3162g_logkzz7_resample.dat
# %ECSV 1.0
# ---
# datatype:
# - {name: wav, unit: Angstrom, datatype: float64}
# - {name: flux_nu, unit: erg / (cm2 Hz s), datatype: float64}
# schema: astropy-2.0
wav flux_nu
[from data line 418]
23900.04800076804 6.130633185671219e-10
23950.04800076804 3.8650483991820224e-10
24000.04800076804 7.441652550738614e-10
24050.04800076804 7.192309048868213e-10
24100.04800076804 7.410291120929024e-10
24150.04800076804 1.0022778943770842e-09
24200.04800076804 9.164432322823037e-10
24250.04800076804 7.360730444014716e-10
24300.04800076804 1.2828903169326845e-09
24350.04800076804 8.729647571104983e-10
24400.04800076804 1.6971280207664163e-09
24450.04800076804 1.5346313214881854e-09
24500.04800076804 1.395032744931382e-09
24550.04800076804 2.098323078109664e-09
24600.04800076804 2.2503937566770764e-09
24650.04800076804 2.635461472248433e-09
24700.04800076804 1.886770908984386e-09
24750.04800076804 2.1214976488514033e-09
24800.04800076804 1.875687787530236e-09
24850.04800076804 2.8268000930238117e-09
24900.04800076804 1.0641523412224753e-09
24950.04800076804 2.14447020463713e-09
25000.04800076804 2.0185029161169046e-09
25050.04800076804 1.009075674006666e-09
25100.04800076804 1.7599921734943984e-09
25150.04800076804 8.345157610149906e-10
25200.04800076804 1.1978412165325907e-09
25250.04800076804 4.733203781883141e-10
25300.04800076804 7.035706719205268e-10
25350.04800076804 3.0148371875743633e-10
25400.04800076804 7.963787341234901e-10
25450.04800076804 3.023709918595994e-10
25500.04800076804 2.6403401977027213e-10
25550.04800076804 5.856008361378086e-10
25600.04800076804 3.6411798897056475e-10
25650.04800076804 1.5162234327180305e-10
25700.04800076804 2.3120325201447716e-10
25750.04800076804 8.314487522250369e-11
25800.04800076804 3.581053400245727e-10
25850.04800076804 8.311103174757886e-11
25900.04800076804 1.4395071257407064e-10
25950.04800076804 4.4010539496527777e-11
26000.04800076804 3.3233636393169133e-10
26050.04800076804 6.39746896722125e-11
26100.04800076804 2.8412576679813326e-10
26150.04800076804 1.336374723489623e-10
26200.04800076804 1.660080081123384e-10
26250.04800076804 7.702436399969786e-10
26300.04800076804 2.0840587732473185e-10
26350.04800076804 1.2223044939692222e-09
26400.04800076804 1.4443315919826686e-09
26450.04800076804 8.937380930625406e-10
26500.04800076804 1.7516564716352136e-09
26550.04800076804 3.204473024666606e-10
26600.04800076804 3.277124360141928e-10
26650.04800076804 7.850354775049997e-11
26700.04800076804 5.383397164698516e-11
26750.04800076804 6.547783816108988e-11
26800.04800076804 1.454992798648339e-10
26850.04800076804 8.907337536198447e-11
26900.04800076804 3.410460655276474e-10
26950.04800076804 1.3738809780521122e-10
27000.04800076804 5.69524115664026e-10
27050.04800076804 6.791923166810615e-10
27100.04800076804 1.3869768103939442e-10
27150.04800076804 9.1405672312159e-10
27200.04800076804 1.3185908046447433e-10
27250.04800076804 3.241171114907871e-10
27300.04800076804 1.894000769928943e-09
27350.04800076804 6.927935993833843e-10
27400.04800076804 6.565594455659979e-11
27450.04800076804 8.529089304608148e-10
27500.04800076804 1.205240148467078e-09
27550.04800076804 2.0619776755764048e-10
27600.04800076804 5.343362421336095e-10
27650.04800076804 1.721457278385611e-10
27700.04800076804 1.5651828679755718e-10
27750.04800076804 7.230234025683099e-10
27800.04800076804 2.890322964183915e-10
27850.04800076804 3.764015692590149e-10
27900.04800076804 5.384144214740367e-10
27950.04800076804 1.1264040460451705e-09
28000.04800076804 8.200678850659677e-10
28050.04800076804 1.7647107417679398e-10
28100.04800076804 1.2526252709543518e-09
28150.04800076804 8.044469784196819e-10
28200.04800076804 2.722302292130112e-10
28250.04800076804 1.6310220137499014e-09
28300.04800076804 1.9222852264853704e-09
28350.04800076804 3.2017115472963707e-10
28400.04800076804 1.1800653780197893e-09
28450.04800076804 2.2577738441319676e-09
28500.04800076804 1.0925017151298156e-09
28550.04800076804 3.399342539814001e-10
28600.04800076804 1.988775036760512e-09
28650.04800076804 1.4922347656611511e-09
28700.04800076804 1.483670993073329e-09
28750.04800076804 3.3674931428189503e-09
28800.04800076804 2.2000659216702355e-09
28850.04800076804 2.8390210490883038e-09
28900.04800076804 1.3939968233342906e-09
28950.04800076804 3.190678309295357e-09
29000.04800076804 2.461202725673172e-09
29050.04800076804 2.9721589238567932e-09
29100.04800076804 1.930341331921692e-09
29150.04800076804 4.18490400567209e-09
29200.04800076804 3.2422038964191635e-09
29250.04800076804 4.426849229170659e-09
29300.04800076804 2.5672595823553e-09
29350.04800076804 1.0507648910104416e-08
29400.04800076804 2.864943625941088e-09
29450.04800076804 2.943698166059798e-09
29500.04800076804 7.153426722135284e-09
29550.04800076804 3.836286467638435e-09
29600.04800076804 5.6095674755456755e-09
29650.04800076804 8.454332198084712e-09
29700.04800076804 2.961413802702262e-09
29750.04800076804 6.0229571907264186e-09
29800.04800076804 5.494904590955462e-09
29850.04800076804 1.0478139508729481e-08
29900.04800076804 8.611711128962909e-09
29950.04800076804 5.925646158218111e-09
30000.04800076804 6.689292802696269e-10
30050.04800076804 1.9236314305504435e-09
30100.04800076804 4.706305397770861e-09
30150.04800076804 9.01711155731043e-09
30200.04800076804 5.663543009648553e-09
30250.04800076804 1.446943117274197e-08
30300.04800076804 1.269076255828607e-08
30350.04800076804 6.370643130927247e-09
30400.04800076804 1.4255046369235901e-08
30450.04800076804 9.032684175462474e-09
30500.04800076804 8.497096140824201e-09
30550.04800076804 6.629160104149135e-09
30600.04800076804 2.07732226097848e-08
30650.04800076804 1.2584048579073496e-08
30700.04800076804 8.08380502736754e-09
30750.04800076804 1.2278084409280996e-08
30800.04800076804 9.163222471886964e-09
30850.04800076804 1.055709857026171e-08
30900.04800076804 8.078084086448419e-09
30950.04800076804 4.909615120849746e-09
31000.04800076804 6.915764057407191e-09
31050.04800076804 7.183342495513343e-09
31100.04800076804 4.116047236645535e-09
31150.04800076804 5.929864674309271e-09
31200.04800076804 1.1051479179388965e-08
31250.04800076804 4.7244181047872945e-09
31300.04800076804 4.356479894190635e-09
31350.04800076804 6.1549353192482765e-09
31400.04800076804 3.7524240278729614e-09
31450.04800076804 4.954380285096777e-09
31500.04800076804 2.253807833612344e-09
31550.04800076804 3.2362481994300603e-09
31600.04800076804 2.4008367181178477e-09
31650.04800076804 1.823646228844237e-09
31700.04800076804 2.373186934876922e-09
31750.04800076804 9.689886303641097e-10
31800.04800076804 2.148794941557137e-09
31850.04800076804 6.657343171935308e-10
31900.04800076804 1.475293569747276e-09
31950.04800076804 8.086368420903727e-10
32000.04800076804 8.696060961880455e-10
32050.04800076804 8.422613642133496e-10
32100.04800076804 6.337693422007861e-10
32150.04800076804 9.240879551329038e-10
32200.04800076804 5.079245486711981e-10
32250.04800076804 1.089533701971346e-09
32300.04800076804 4.046257681179797e-10
32350.04800076804 1.2483396721500416e-09
32400.04800076804 3.9176078463099445e-10
32450.04800076804 1.0143742913999397e-09
32500.04800076804 4.868196923044536e-10
32550.04800076804 9.95431208051032e-10
32600.04800076804 5.952428685761084e-10
32650.04800076804 1.4928425283981022e-09
32700.04800076804 7.893337590911868e-10
32750.04800076804 2.477623725508251e-09
32800.04800076804 1.9351138538818345e-09
32850.04800076804 3.8171372195779864e-09
32900.04800076804 3.5448386451328043e-09
32950.04800076804 3.923190715520574e-09
33000.04800076804 1.910168659179858e-09
33050.04800076804 2.2232960789671313e-09
33100.04800076804 7.259453095249002e-10
33150.04800076804 5.3419484328784734e-12
33200.04800076804 4.471190075401323e-11
33250.04800076804 6.359844811714361e-11
33300.04800076804 2.5743460794170117e-10
33350.04800076804 6.843573794521693e-10
33400.04800076804 1.5829172541668354e-09
33450.04800076804 1.1269740104185866e-09
33500.04800076804 3.2284646573213265e-09
33550.04800076804 1.2526177224321802e-09
33600.04800076804 2.067241650823726e-09
33650.04800076804 2.242430598368737e-09
33700.04800076804 1.0485391854994971e-09
33750.04800076804 2.8240392876354323e-09
33800.04800076804 5.484940094377337e-10
33850.04800076804 1.497728182788903e-09
33900.04800076804 1.5293329736918042e-09
33950.04800076804 1.4158660975830918e-09
34000.04800076804 2.6141628842300524e-09
34050.04800076804 5.525065947633244e-10
34100.04800076804 2.088781399574078e-09
34150.04800076804 8.85791575754101e-10
34200.04800076804 2.0350363325919382e-09
34250.04800076804 1.6126102379383132e-09
34300.04800076804 1.2036854690819725e-09
34350.04800076804 3.0144796135804416e-09
34400.04800076804 9.77710512579835e-10
34450.04800076804 2.9832233050991803e-09
34500.04800076804 1.7379955026344925e-09
34550.04800076804 1.3269903898893955e-09
34600.04800076804 4.552262506406274e-09
34650.04800076804 9.571482105099453e-10
34700.04800076804 3.1833847110498596e-09
34750.04800076804 2.286164911231525e-09
34800.04800076804 1.4557041550065054e-09
34850.04800076804 4.964712297814122e-09
34900.04800076804 1.7695634891630784e-09
34950.04800076804 4.201474522655689e-09
35000.04800076804 5.8673167402988255e-09
35050.04800076804 3.066569360166879e-09
35100.04800076804 7.95296401190236e-09
35150.04800076804 6.257171550002989e-09
35200.04800076804 5.71405962427006e-09
35250.04800076804 8.953945322248379e-09
35300.04800076804 3.2195207614794983e-09
35350.04800076804 5.8754731380815325e-09
35400.04800076804 4.782590141027196e-09
35450.04800076804 3.780295247159696e-09
35500.04800076804 1.1409284631842602e-08
35550.04800076804 6.52737052265161e-09
35600.04800076804 8.723164589552409e-09
35650.04800076804 9.510682097189261e-09
35700.04800076804 7.441857728032786e-09
35750.04800076804 1.5403762070826037e-08
35800.04800076804 9.762997504900725e-09
35850.04800076804 5.866106574360277e-09
35900.04800076804 1.0095064665556396e-08
35950.04800076804 1.2374311392793891e-08
36000.04800076804 1.0174030862693134e-08
36050.04800076804 1.0569416673003433e-08
36100.04800076804 9.13531526419125e-09
36150.04800076804 1.788522642603926e-08
36200.04800076804 1.8611196665852732e-08
36250.04800076804 1.4027794589241915e-08
36300.04800076804 2.394253523176139e-08
36350.04800076804 1.8698847923709108e-08
36400.04800076804 2.6599355698664876e-08
36450.04800076804 1.9490953750846212e-08
36500.04800076804 2.1082621529148403e-08
36550.04800076804 3.5924927325766574e-08
36600.04800076804 4.0976468689015615e-08
36650.04800076804 2.8164341580809982e-08
36700.04800076804 2.7566162959602037e-08
36750.04800076804 4.020530694386207e-08
36800.04800076804 4.072585481677356e-08
36850.04800076804 2.672727771995066e-08
36900.04800076804 3.2420271424292785e-08
36950.04800076804 4.3343619079775325e-08
37000.04800076804 3.379432416106742e-08
37050.04800076804 4.360252755729628e-08
37100.04800076804 2.8122397975105625e-08
37150.04800076804 3.97659042894132e-08
37200.04800076804 5.5798065260819026e-08
37250.04800076804 3.226715494900129e-08
37300.04800076804 2.7693011267534955e-08
37350.04800076804 4.626341608267554e-08
37400.04800076804 6.624036025582653e-08
37450.04800076804 3.323611017327958e-08
37500.04800076804 3.720618772561363e-08
37550.04800076804 7.190895053724973e-08
37600.04800076804 8.92266780784797e-08
37650.04800076804 3.823799730522725e-08
37700.04800076804 6.129371870997922e-08
37750.04800076804 4.383897584294316e-08
37800.04800076804 5.405164957271113e-08
37850.04800076804 3.2315440681098084e-08
37900.04800076804 4.187076968551092e-08
37950.04800076804 5.595247823905639e-08
38000.04800076804 6.009545677265354e-08
38050.04800076804 6.228831070632662e-08
38100.04800076804 8.460362595500496e-08
38150.04800076804 8.653852841257522e-08
38200.04800076804 7.059737964431385e-08
38250.04800076804 8.042659908737474e-08
38300.04800076804 1.2028406107098293e-07
38350.04800076804 1.0680594897335499e-07
38400.04800076804 6.11951709068186e-08
38450.04800076804 4.66183753871515e-08
38500.04800076804 3.7697490910622484e-08
38550.04800076804 7.24735512107385e-08
38600.04800076804 7.699635582424079e-08
38650.04800076804 8.672901229893518e-08
38700.04800076804 9.283304174409556e-08
38750.04800076804 8.867505234361266e-08
38800.04800076804 7.758139840987309e-08
38850.04800076804 9.613991855671355e-08
38900.04800076804 1.0345008160242552e-07
38950.04800076804 7.779948954354752e-08
39000.04800076804 1.0490927891036018e-07
39050.04800076804 8.034680528540651e-08
39100.04800076804 9.032848118867206e-08
39150.04800076804 1.112927063948702e-07
39200.04800076804 9.795437825235614e-08
39250.04800076804 1.1348591004604939e-07
39300.04800076804 1.0034903384046371e-07
39350.04800076804 1.4069135477927215e-07
39400.04800076804 1.0900817863796817e-07
39450.04800076804 1.2621332691784888e-07
39500.04800076804 1.3953985095642397e-07
39550.04800076804 1.019433844344754e-07
39600.04800076804 1.1913714509712143e-07
39650.04800076804 1.647271380251672e-07
39700.04800076804 1.4190085747867452e-07
39750.04800076804 8.745617892977679e-08
39800.04800076804 9.769772882154714e-08
39850.04800076804 1.6608448458140305e-07
39900.04800076804 1.714110631503636e-07
39950.04800076804 1.2499564393081318e-07
40000.04800076804 1.6806406098552942e-07
40050.04800076804 1.5845317397249678e-07
40100.04800076804 8.176081981511299e-08
40150.04800076804 1.5669975684906602e-07
40200.04800076804 1.719692916260349e-07
40250.04800076804 1.7960108026891384e-07
40300.04800076804 1.7437843636156683e-07
40350.04800076804 1.1135109315849648e-07
40400.04800076804 1.6288436583028233e-07
40450.04800076804 1.2004761880952792e-07
40500.04800076804 1.7894392719726925e-07
40550.04800076804 1.7395414721924265e-07
40600.04800076804 1.7677271942086836e-07
40650.04800076804 1.4820335415408192e-07
40700.04800076804 2.2448882411571075e-07
40750.04800076804 1.7408635440834355e-07
40800.04800076804 1.2641473637900305e-07
40850.04800076804 2.210879376417698e-07
40900.04800076804 2.1648423757233964e-07
40950.04800076804 1.542572392625828e-07
41000.04800076804 1.8089947958223557e-07
41050.04800076804 2.26049839327528e-07
41100.04800076804 1.9247756506552787e-07
41150.04800076804 1.1407162016711897e-07
41200.04800076804 2.1484934842730783e-07
41250.04800076804 1.9687567115288941e-07
41300.04800076804 1.961729169455996e-07
41350.04800076804 2.3817387994527748e-07
41400.04800076804 2.046576023368787e-07
41450.04800076804 2.261393715811957e-07
41500.04800076804 1.6990470747315563e-07
41550.04800076804 1.5446637581653652e-07
41600.04800076804 1.760190585129164e-07
41650.04800076804 2.2080554127533468e-07
41700.04800076804 2.1824542573990002e-07
41750.04800076804 2.0190166377466748e-07
41800.04800076804 2.3504720322815454e-07
41850.04800076804 1.625563777227445e-07
41900.04800076804 1.592781838569084e-07
41950.04800076804 1.9697560872500365e-07
42000.04800076804 2.0210861921341524e-07
42050.04800076804 1.7685798597157533e-07
42100.04800076804 2.1752373677980683e-07
42150.04800076804 1.7103121299398508e-07
42200.04800076804 1.77641031954662e-07
42250.04800076804 1.5920597854469955e-07
42300.04800076804 1.5419294859225262e-07
42350.04800076804 1.951573629625385e-07
42400.04800076804 2.088805917116185e-07
42450.04800076804 1.816846618990942e-07
42500.04800076804 1.8738545602148483e-07
42550.04800076804 1.737223023705831e-07
42600.04800076804 1.7938137674983464e-07
42650.04800076804 2.3523090904427318e-07
42700.04800076804 1.5247036895617584e-07
42750.04800076804 1.467643810769823e-07
42800.04800076804 1.9034914242714725e-07
42850.04800076804 2.0851951618770187e-07
42900.04800076804 2.0963855785940905e-07
42950.04800076804 1.6749329365494285e-07
43000.04800076804 1.9844507941314985e-07
43050.04800076804 1.0903708653530154e-07
43100.04800076804 1.8067867499033065e-07
43150.04800076804 1.664902077453867e-07
43200.04800076804 1.8085287261373188e-07
43250.04800076804 2.566538628174861e-07
43300.04800076804 2.2892061659742782e-07
43350.04800076804 1.2959454740429114e-07
43400.04800076804 1.833931975375943e-07
43450.04800076804 1.507749417801122e-07
43500.04800076804 1.59126846132037e-07
43550.04800076804 1.4682391761567769e-07
43600.04800076804 2.121739027972709e-07
