galfind/configs/Brown_Dwarf_templates/sonora_cholla/logkzz7/3162g/750K_3162g_logkzz7_resample.dat
# %ECSV 1.0
# ---
# datatype:
# - {name: wav, unit: Angstrom, datatype: float64}
# - {name: flux_nu, unit: erg / (cm2 Hz s), datatype: float64}
# schema: astropy-2.0
wav flux_nu
[from data line 388]
29400.000000000095 5.658934036194649e-09
29450.000000000095 6.309564509356852e-09
29500.000000000095 1.253520725795311e-08
29550.000000000095 7.524085501624327e-09
29600.000000000095 1.07404620259103e-08
29650.000000000095 1.4026841098763168e-08
29700.000000000095 6.080663804198497e-09
29750.000000000095 1.1214837711399868e-08
29800.000000000095 1.0657369765057492e-08
29850.000000000095 1.7984782867835956e-08
29900.000000000095 1.626222334973513e-08
29950.000000000095 1.1547704158909745e-08
30000.000000000095 1.8995926552505795e-09
30050.000000000095 4.342577795357272e-09
30100.000000000095 9.276081339288828e-09
30150.000000000095 1.6264848345876542e-08
30200.000000000095 1.0577520457788111e-08
30250.000000000095 2.5119250393864317e-08
30300.000000000095 2.1788307458658066e-08
30350.000000000095 1.2947817884844739e-08
30400.000000000095 2.4457416692366914e-08
30450.000000000095 1.533467070928221e-08
30500.000000000095 1.5237721944043685e-08
30550.000000000095 1.2470710219427847e-08
30600.000000000095 3.119849930849585e-08
30650.000000000095 2.035385896425164e-08
30700.000000000095 1.4012337080879945e-08
30750.000000000095 1.9346428861998723e-08
30800.000000000095 1.4659311941942507e-08
30850.000000000095 1.6441618471984208e-08
30900.000000000095 1.3613401744970074e-08
30950.000000000095 8.226821036749849e-09
31000.000000000095 1.1284327334837622e-08
31050.000000000095 1.2223908972455829e-08
31100.000000000095 7.506325423814092e-09
31150.000000000095 9.987921331549312e-09
31200.000000000095 1.6739902447300217e-08
31250.000000000095 7.912296469386158e-09
31300.000000000095 7.554088296859936e-09
31350.000000000095 9.430661480497743e-09
31400.000000000095 6.031532874187367e-09
31450.000000000095 8.023797222290305e-09
31500.000000000095 3.951180747573946e-09
31550.000000000095 5.395127273436198e-09
31600.000000000095 3.989687671052622e-09
31650.000000000095 3.1355150355269565e-09
31700.000000000095 4.1967005454079084e-09
31750.000000000095 1.8369571832122063e-09
31800.000000000095 3.853775132363789e-09
31850.000000000095 1.3823180563888302e-09
31900.000000000095 2.81288850211068e-09
31950.000000000095 1.614212637143325e-09
32000.000000000095 1.804939727638227e-09
32050.000000000095 1.6997441081355153e-09
32100.000000000095 1.304788697237081e-09
32150.000000000095 1.9297008975097243e-09
32200.000000000095 1.0945680077653618e-09
32250.000000000095 2.3001100149820465e-09
32300.000000000095 8.944734177859964e-10
32350.000000000095 2.6472315347624793e-09
32400.000000000095 9.39493665674437e-10
32450.000000000095 2.1939209455367312e-09
32500.000000000095 1.1931813857441613e-09
32550.000000000095 2.12019716848817e-09
32600.000000000095 1.5067648668668694e-09
32650.000000000095 3.0782723212623504e-09
32700.000000000095 1.9240336064819733e-09
32750.000000000095 4.771693263344828e-09
32800.000000000095 4.032802476075706e-09
32850.000000000095 6.944354912552821e-09
32900.000000000095 6.656821766874541e-09
32950.000000000095 7.3002364860431165e-09
33000.000000000095 4.04725607300859e-09
33050.000000000095 4.644719941999202e-09
33100.000000000095 1.6801206606796205e-09
33150.000000000095 2.3217907700781135e-11
33200.000000000095 1.1660916009831797e-10
33250.000000000095 1.406218230951235e-10
33300.000000000095 4.5020540307143904e-10
33350.000000000095 1.18837239884476e-09
33400.000000000095 2.5830212713943963e-09
33450.000000000095 2.1768276807643784e-09
33500.000000000095 5.564949325825985e-09
33550.000000000095 2.553445913050282e-09
33600.000000000095 4.121501846360046e-09
33650.000000000095 4.3438759606579865e-09
33700.000000000095 2.268612022286629e-09
33750.000000000095 5.5031698644622696e-09
33800.000000000095 1.267284214445773e-09
33850.000000000095 3.0523947293577234e-09
33900.000000000095 3.099787232193251e-09
33950.000000000095 2.934389278387232e-09
34000.000000000095 4.96345330461749e-09
34050.000000000095 1.1864143679318111e-09
34100.000000000095 4.009741842221434e-09
34150.000000000095 1.8186589844917382e-09
34200.000000000095 3.759245208267654e-09
34250.000000000095 3.1919293686449095e-09
34300.000000000095 2.300666830411799e-09
34350.000000000095 5.2834030037027825e-09
34400.000000000095 2.0005114151142133e-09
34450.000000000095 5.360859485519329e-09
34500.000000000095 3.330221021063392e-09
34550.000000000095 2.3542721350008082e-09
34600.000000000095 7.4015758536104816e-09
34650.000000000095 1.9113997170450352e-09
34700.000000000095 5.181683880402881e-09
34750.000000000095 4.131761601153414e-09
34800.000000000095 2.483294674023407e-09
34850.000000000095 7.886960543075072e-09
34900.000000000095 3.486649975335807e-09
34950.000000000095 6.615255620088094e-09
35000.000000000095 9.362160466799352e-09
35050.000000000095 4.964206992667265e-09
35100.000000000095 1.1922407558183436e-08
35150.000000000095 9.625224145038274e-09
35200.000000000095 9.086166292392828e-09
35250.000000000095 1.3722864921362192e-08
35300.000000000095 5.481105578387611e-09
35350.000000000095 9.871149113996765e-09
35400.000000000095 8.523741828963012e-09
35450.000000000095 6.65995746318176e-09
35500.000000000095 1.7962448726824486e-08
35550.000000000095 1.0764858237488385e-08
35600.000000000095 1.3741208256722607e-08
35650.000000000095 1.516030191505365e-08
35700.000000000095 1.1214617168343141e-08
35750.000000000095 2.3069267034873556e-08
35800.000000000095 1.5998026203803043e-08
35850.000000000095 9.986879784343579e-09
35900.000000000095 1.6756318695651444e-08
35950.000000000095 1.9598512363752323e-08
36000.000000000095 1.594174404595383e-08
36050.000000000095 1.7475162068684626e-08
36100.000000000095 1.4934626009720793e-08
36150.000000000095 2.643018352454932e-08
36200.000000000095 2.761381575302511e-08
36250.000000000095 2.2290340352734078e-08
36300.000000000095 3.4774578851065906e-08
36350.000000000095 2.8629459856033637e-08
36400.000000000095 3.900126676643401e-08
36450.000000000095 3.0856742157428836e-08
36500.000000000095 3.2072114534892506e-08
36550.000000000095 5.1911227678774687e-08
36600.000000000095 5.8170481715086524e-08
36650.000000000095 4.463553093677652e-08
36700.000000000095 4.1762643725815224e-08
36750.000000000095 5.9128613668720996e-08
36800.000000000095 5.814155970745053e-08
36850.000000000095 4.1836281435281694e-08
36900.000000000095 4.862503595879755e-08
36950.000000000095 6.301602021568435e-08
37000.000000000095 4.984251126309339e-08
37050.000000000095 6.329640046109413e-08
37100.000000000095 4.473492032294707e-08
37150.000000000095 5.93353045727149e-08
37200.000000000095 7.865495382515436e-08
37250.000000000095 4.862901963269631e-08
37300.000000000095 4.416088932278188e-08
37350.000000000095 6.800451226549175e-08
37400.000000000095 9.499284460338003e-08
37450.000000000095 5.128529811386315e-08
37500.000000000095 5.6313487171529706e-08
37550.000000000095 1.0187550052935752e-07
37600.000000000095 1.2026099195901035e-07
37650.000000000095 5.829572274783288e-08
37700.000000000095 8.883348804282119e-08
37750.000000000095 6.37761887559623e-08
37800.000000000095 7.950459542157833e-08
37850.000000000095 4.9562771797094904e-08
37900.000000000095 6.368954456564616e-08
37950.000000000095 8.231901391110403e-08
38000.000000000095 8.999092945578063e-08
38050.000000000095 8.807333233522268e-08
38100.000000000095 1.1653681962647601e-07
38150.000000000095 1.1753566977429629e-07
38200.000000000095 9.977688342430635e-08
38250.000000000095 1.0998418008837327e-07
38300.000000000095 1.579341676851433e-07
38350.000000000095 1.4454336092106512e-07
38400.000000000095 8.80173495190046e-08
38450.000000000095 7.402008509187291e-08
38500.000000000095 5.951036844512143e-08
38550.000000000095 1.0299607602294106e-07
38600.000000000095 1.0866711575124045e-07
38650.000000000095 1.216989836625345e-07
38700.000000000095 1.3080347569968636e-07
38750.000000000095 1.2627860314257484e-07
38800.000000000095 1.0951519582405434e-07
38850.000000000095 1.3446181288367865e-07
38900.000000000095 1.4427924280898896e-07
38950.000000000095 1.116752115358469e-07
39000.000000000095 1.4541332718577315e-07
39050.000000000095 1.1781464151122338e-07
39100.000000000095 1.2756730777522027e-07
39150.000000000095 1.5108893879929726e-07
39200.000000000095 1.3554725287432073e-07
39250.000000000095 1.575326156734025e-07
39300.000000000095 1.4141711835106356e-07
39350.000000000095 1.8709126507775696e-07
39400.000000000095 1.5245836035354688e-07
39450.000000000095 1.7042958910658013e-07
39500.000000000095 1.8675011147189786e-07
39550.000000000095 1.4643724163364635e-07
39600.000000000095 1.6343915687333467e-07
39650.000000000095 2.1864966010307758e-07
39700.000000000095 1.8879972807290748e-07
39750.000000000095 1.253428044639462e-07
39800.000000000095 1.4307106948330494e-07
39850.000000000095 2.2053863523640625e-07
39900.000000000095 2.2415615006238893e-07
39950.000000000095 1.7480176886062646e-07
40000.000000000095 2.2705632627111456e-07
40050.000000000095 2.1402960155280359e-07
40100.000000000095 1.213383429632125e-07
40150.000000000095 2.139044569682255e-07
40200.000000000095 2.322088100639509e-07
40250.000000000095 2.357538102073921e-07
40300.000000000095 2.3249243348722145e-07
40350.000000000095 1.5840933797818012e-07
40400.000000000095 2.2505172190903678e-07
40450.000000000095 1.7312557778011638e-07
40500.000000000095 2.403011835270012e-07
40550.000000000095 2.331943687117157e-07
40600.000000000095 2.345717178524091e-07
40650.000000000095 2.0547836846731106e-07
40700.000000000095 2.955498168328985e-07
40750.000000000095 2.328350433117174e-07
40800.000000000095 1.7698710461410723e-07
40850.000000000095 2.9254955155504314e-07
40900.000000000095 2.8385728964795756e-07
40950.000000000095 2.0818215740336425e-07
41000.000000000095 2.4380154210827483e-07
41050.000000000095 2.912410174193603e-07
41100.000000000095 2.5531522673053016e-07
41150.000000000095 1.6310762620439003e-07
41200.000000000095 2.823500937372549e-07
41250.000000000095 2.602437051796899e-07
41300.000000000095 2.502513355519781e-07
41350.000000000095 3.040683383083004e-07
41400.000000000095 2.675466466638131e-07
41450.000000000095 2.8908488782756176e-07
41500.000000000095 2.2620982977193085e-07
41550.000000000095 2.0609070545712982e-07
41600.000000000095 2.3509342402804783e-07
41650.000000000095 2.802121621095934e-07
41700.000000000095 2.7158429600609225e-07
41750.000000000095 2.534354202411435e-07
41800.000000000095 3.0098672647257094e-07
41850.000000000095 2.0458306196589738e-07
41900.000000000095 2.0826066823595913e-07
41950.000000000095 2.5731681694452164e-07
42000.000000000095 2.664034986270115e-07
42050.000000000095 2.285324943991053e-07
42100.000000000095 2.8126172129290295e-07
42150.000000000095 2.1522123306816007e-07
42200.000000000095 2.226023318180293e-07
42250.000000000095 2.056272313095854e-07
42300.000000000095 2.0070570477486003e-07
42350.000000000095 2.455888922220493e-07
42400.000000000095 2.5918238077340744e-07
42450.000000000095 2.2093505359929094e-07
42500.000000000095 2.2782746967084485e-07
42550.000000000095 2.1378881657886687e-07
42600.000000000095 2.2580106908004206e-07
42650.000000000095 2.9205281586995717e-07
42700.000000000095 1.9424630412498405e-07
42750.000000000095 1.8164158062787013e-07
42800.000000000095 2.2903331444405732e-07
42850.000000000095 2.536832788083066e-07
42900.000000000095 2.580576572774979e-07
42950.000000000095 2.037768771934268e-07
43000.000000000095 2.4468093643687116e-07
43050.000000000095 1.3416755968565202e-07
43100.000000000095 2.229493394430598e-07
43150.000000000095 2.0475453744704707e-07
43200.000000000095 2.1991411001918804e-07
43250.000000000095 3.1217275958747063e-07
43300.000000000095 2.812129846335835e-07
43350.000000000095 1.5868635196600793e-07
43400.000000000095 2.2416459684515848e-07
43450.000000000095 1.8400443750280305e-07
43500.000000000095 1.9750673670744977e-07
43550.000000000095 1.8349461297263323e-07
43600.000000000095 2.5845341871862805e-07
43650.000000000095 1.4758961101205778e-07
43700.000000000095 2.63210779578364e-07
43750.000000000095 2.6183359206895183e-07
43800.000000000095 2.2131889690521132e-07
43850.000000000095 2.120420283043975e-07
43900.000000000095 1.9415465234367048e-07
43950.000000000095 1.4865821138527193e-07
44000.000000000095 1.2131950096772364e-07
44050.000000000095 2.1822716940701232e-07
44100.000000000095 2.6385428317625506e-07
44150.000000000095 2.49195273216283e-07
44200.000000000095 2.220299381365485e-07
44250.000000000095 1.5203393612936327e-07
44300.000000000095 1.1537851276176359e-07
44350.000000000095 1.2357720162943636e-07
44400.000000000095 1.2703084461612945e-07
44450.000000000095 1.5156705736139028e-07
44500.000000000095 1.2823284338382183e-07
44550.000000000095 1.5030925648387218e-07
44600.000000000095 1.107887363350539e-07
44650.000000000095 1.304186202687743e-07
44700.000000000095 1.0354191721990933e-07
44750.000000000095 1.1429980509377187e-07
44800.000000000095 9.416990247811335e-08
44850.000000000095 1.0358622386639677e-07
44900.000000000095 8.410917686078165e-08
44950.000000000095 7.570698905402549e-08
45000.000000000095 8.376347155572136e-08
45050.000000000095 8.722352195478146e-08
45100.000000000095 8.927842246287675e-08
45150.000000000095 6.874978754414273e-08
45200.000000000095 4.616319966118933e-08
45250.000000000095 5.191222237962447e-08
45300.000000000095 6.704963832856115e-08
45350.000000000095 5.6843483931343966e-08
45400.000000000095 5.446023663592863e-08
45450.000000000095 4.890912611713195e-08
45500.000000000095 5.960706728558996e-08
45550.000000000095 6.604502938496765e-08
45600.000000000095 4.6167498817391505e-08
45650.000000000095 4.611559320706519e-08
45700.000000000095 5.971080453846264e-08
45750.000000000095 4.353358388440641e-08
45800.000000000095 3.9688411499671776e-08
45850.000000000095 6.112286172755962e-08
45900.000000000095 6.389428461504336e-08
45950.000000000095 3.8826023252778306e-08
46000.000000000095 6.348321663069846e-08
46050.000000000095 6.722115998231227e-08
46100.000000000095 4.2047364499629904e-08
46150.000000000095 6.258294379695458e-08
46200.000000000095 5.261300743546052e-08
46250.000000000095 3.167282447120821e-08
46300.000000000095 7.936534411236558e-08
46350.000000000095 5.855679771221512e-08
46400.000000000095 6.783029256840043e-08
46450.000000000095 9.713269436442526e-08
46500.000000000095 6.776952097260369e-08
46550.000000000095 8.616336847162036e-08
46600.000000000095 8.22780559881876e-08
46650.000000000095 1.639066511148853e-07
46700.000000000095 1.2184363628089965e-07
46750.000000000095 6.156971726348689e-08
46800.000000000095 4.290927776523354e-08
46850.000000000095 9.585815606533788e-08
46900.000000000095 7.791754944771066e-08
46950.000000000095 1.1580650963105736e-07
47000.000000000095 5.43178847143386e-08
47050.000000000095 9.996514351071453e-08
47100.000000000095 4.059908468107819e-08
47150.000000000095 6.683679768243834e-08
47200.000000000095 7.641415069902204e-08
47250.000000000095 4.972962006069557e-08
47300.000000000095 5.293752278734474e-08
47350.000000000095 4.854478045296953e-08
47400.000000000095 1.005224693764892e-07
47450.000000000095 4.326969969468429e-08
47500.000000000095 1.0959635159646432e-07
47550.000000000095 4.7438048607456514e-08
47600.000000000095 9.567441547165529e-08
47650.000000000095 4.704043878473363e-08
47700.000000000095 9.075597399308962e-08
47750.000000000095 4.287615307388754e-08
47800.000000000095 6.960148205479709e-08
47850.000000000095 3.285818913162249e-08
47900.000000000095 5.2271887110200456e-08
47950.000000000095 6.324849575712177e-08
48000.000000000095 1.0732848406302435e-07
48050.000000000095 6.881458878519576e-08
48100.000000000095 6.915686213244257e-08
48150.000000000095 6.473639719089029e-08
48200.000000000095 8.715217105432856e-08
48250.000000000095 6.697305435087486e-08
48300.000000000095 1.257953927481195e-07
48350.000000000095 5.845165700982447e-08
48400.000000000095 4.065214592850089e-08
48450.000000000095 5.063646322356153e-08
48500.000000000095 1.0229790272853921e-07
48550.000000000095 5.940976365031963e-08
48600.000000000095 1.273527060227825e-07
