galfind/configs/Brown_Dwarf_templates/sonora_cholla/logkzz7/3162g/800K_3162g_logkzz7_resample.dat
# %ECSV 1.0
# ---
# datatype:
# - {name: wav, unit: Angstrom, datatype: float64}
# - {name: flux_nu, unit: erg / (cm2 Hz s), datatype: float64}
# schema: astropy-2.0
wav flux_nu
[from data line 814]
43700.04800076804 3.072322604803877e-07
43750.04800076804 3.030817285199347e-07
43800.04800076804 2.5420814053114146e-07
43850.04800076804 2.4227153621613716e-07
43900.04800076804 2.2760488863007758e-07
43950.04800076804 1.7597418471414684e-07
44000.04800076804 1.4151456961330615e-07
44050.04800076804 2.3536802357415887e-07
44100.04800076804 2.74308888630669e-07
44150.04800076804 2.579943685527714e-07
44200.04800076804 2.2928835547631905e-07
44250.04800076804 1.6383718473010973e-07
44300.04800076804 1.344074752558111e-07
44350.04800076804 1.3790630573488492e-07
44400.04800076804 1.3773565056540446e-07
44450.04800076804 1.567167890748638e-07
44500.04800076804 1.3278700320462857e-07
44550.04800076804 1.5103237672303644e-07
44600.04800076804 1.1365339274730423e-07
44650.04800076804 1.3203901222778526e-07
44700.04800076804 1.0973248930134194e-07
44750.04800076804 1.1879962235894294e-07
44800.04800076804 1.0076809452868389e-07
44850.04800076804 1.0502735428877269e-07
44900.04800076804 8.595285070832699e-08
44950.04800076804 7.751877762701836e-08
45000.04800076804 8.367310469063055e-08
45050.04800076804 8.769256428233401e-08
45100.04800076804 8.992627116485408e-08
45150.04800076804 7.108742883186327e-08
45200.04800076804 4.9758777006904246e-08
45250.04800076804 5.520018723495015e-08
45300.04800076804 6.956256043303054e-08
45350.04800076804 6.120990692534887e-08
45400.04800076804 5.503576077033871e-08
45450.04800076804 5.0004487201016736e-08
45500.04800076804 6.06157201188606e-08
45550.04800076804 6.698692805170315e-08
45600.04800076804 4.715066866095289e-08
45650.04800076804 4.6943386096496405e-08
45700.04800076804 6.26215780548922e-08
45750.04800076804 4.744975152509727e-08
45800.04800076804 4.085585584402693e-08
45850.04800076804 6.378641947319302e-08
45900.04800076804 6.501597754537221e-08
45950.04800076804 4.056461579896865e-08
46000.04800076804 6.41774839847324e-08
46050.04800076804 6.870765359679659e-08
46100.04800076804 4.3073523431017515e-08
46150.04800076804 6.594107299952713e-08
46200.04800076804 5.8406298795853856e-08
46250.04800076804 3.508174019876786e-08
46300.04800076804 8.179339143281108e-08
46350.04800076804 5.8737256372259334e-08
46400.04800076804 6.839509505290791e-08
46450.04800076804 1.0030619112225184e-07
46500.04800076804 6.83052037871777e-08
46550.04800076804 9.551325152446994e-08
46600.04800076804 8.945667131148182e-08
46650.04800076804 1.750132023869491e-07
46700.04800076804 1.320129763745826e-07
46750.04800076804 7.189370398432212e-08
46800.04800076804 5.103671393680987e-08
46850.04800076804 9.805057585716018e-08
46900.04800076804 7.986078950040297e-08
46950.04800076804 1.206595630884861e-07
47000.04800076804 5.6479857829583715e-08
47050.04800076804 1.0841313231882058e-07
47100.04800076804 4.515379705064987e-08
47150.04800076804 7.131189059928991e-08
47200.04800076804 7.97932642688904e-08
47250.04800076804 5.3663911145395526e-08
47300.04800076804 6.103732305922437e-08
47350.04800076804 5.0362178958089067e-08
47400.04800076804 1.0237414842136062e-07
47450.04800076804 4.550377473241565e-08
47500.04800076804 1.1048367623501408e-07
47550.04800076804 4.9053607654049786e-08
47600.04800076804 9.90992006385227e-08
47650.04800076804 5.01174349277868e-08
47700.04800076804 9.494233154096684e-08
47750.04800076804 4.608027569486862e-08
47800.04800076804 7.884827055516311e-08
47850.04800076804 3.8758108045889906e-08
47900.04800076804 6.183797261424232e-08
47950.04800076804 6.465730651721458e-08
48000.04800076804 1.1102344943562591e-07
48050.04800076804 7.121383096220419e-08
48100.04800076804 8.066997978325081e-08
48150.04800076804 6.968717786783303e-08
48200.04800076804 9.80941554011112e-08
48250.04800076804 7.153152525714677e-08
48300.04800076804 1.3227654888546372e-07
48350.04800076804 6.5356985481938e-08
48400.04800076804 5.4359897133252333e-08
48450.04800076804 5.886742722769062e-08
48500.04800076804 1.1644214388404807e-07
48550.04800076804 6.385299382126127e-08
48600.04800076804 1.3293419010294967e-07
48650.04800076804 7.534220039812273e-08
48700.04800076804 1.37729746842804e-07
48750.04800076804 7.352517971732129e-08
48800.04800076804 1.3952694929887542e-07
48850.04800076804 8.399277266982379e-08
48900.04800076804 1.13344851737981e-07
48950.04800076804 9.804761163477447e-08
49000.04800076804 6.981459157020047e-08
49050.04800076804 1.326669723750454e-07
49100.04800076804 9.961252624684543e-08
49150.04800076804 1.3885858993573157e-07
49200.04800076804 1.0535820726212252e-07
49250.04800076804 1.6844916681350198e-07
49300.04800076804 1.1378154219282426e-07
49350.04800076804 9.347401477629147e-08
49400.04800076804 1.156112104453039e-07
49450.04800076804 1.092211967227404e-07
49500.04800076804 1.0110591971253977e-07
49550.04800076804 3.489416210127484e-08
49600.04800076804 7.821946583871281e-08
49650.04800076804 1.0321517644734799e-07
49700.04800076804 1.2812221301508544e-07
49750.04800076804 1.5537929872554976e-07
49800.04800076804 8.815647006413421e-08
49850.04800076804 1.8449343365623543e-07
49900.04800076804 1.499319270254681e-07
49950.04800076804 1.503033366008989e-07
50000.04800076804 1.4307895841219182e-07
50050.04800076804 1.4848217064889693e-07
50100.04800076804 1.4472044466457147e-07
50150.04800076804 7.478606974557933e-08
50200.04800076804 2.7988909262351e-08
50250.04800076804 9.39981438134326e-08
50300.04800076804 6.842323775779758e-08
50350.04800076804 1.5820023080044202e-07
50400.04800076804 1.442926578181065e-07
50450.04800076804 1.1558560064073603e-07
50500.04800076804 1.7911821641851932e-07
50550.04800076804 1.7599516857384675e-07
50600.04800076804 1.2906397504302354e-07
50650.04800076804 1.5890456152275806e-07
50700.04800076804 2.0322611507749511e-07
50750.04800076804 1.3503702968813724e-07
50800.04800076804 6.37888316213268e-08
50850.04800076804 4.534283791047037e-08
50900.04800076804 1.5385470973560256e-07
50950.04800076804 1.5357317243147277e-07
51000.04800076804 1.2770435471388353e-07
51050.04800076804 1.4798943020529065e-07
51100.04800076804 6.832747562493335e-08
51150.04800076804 8.140943298195106e-08
51200.04800076804 1.9187475391408057e-07
51250.04800076804 1.349996049635856e-07
51300.04800076804 9.947144756923809e-08
51350.04800076804 1.1237901689594508e-07
51400.04800076804 5.591479384065506e-08
51450.04800076804 4.592362452618401e-08
51500.04800076804 3.857043546103151e-08
51550.04800076804 1.0025151718274253e-07
51600.04800076804 8.694354034485635e-08
51650.04800076804 1.099613804923029e-07
51700.04800076804 1.1345718786982118e-07
51750.04800076804 7.701090278194679e-08
51800.04800076804 1.5069304082773814e-07
51850.04800076804 1.2046380944090236e-07
51900.04800076804 1.5306009067315975e-07
51950.04800076804 1.0266300367478228e-07
52000.04800076804 2.21990047846222e-08
52050.04800076804 6.189038310220725e-08
52100.04800076804 4.7011618412296915e-08
52150.04800076804 3.2675944188384326e-08
52200.04800076804 5.687177657357411e-08
52250.04800076804 8.940791420243707e-08
52300.04800076804 1.334443524069238e-07
52350.04800076804 5.3704425909366256e-08
52400.04800076804 5.384585044250924e-08
52450.04800076804 1.249824602782688e-07
52500.04800076804 1.1256486080436181e-07
52550.04800076804 1.0857217256982323e-07
52600.04800076804 9.177405958155934e-08
52650.04800076804 9.930695075588403e-08
52700.04800076804 7.008134207928402e-08
52750.04800076804 4.367635948990196e-08
52800.04800076804 5.867333008501267e-08
52850.04800076804 7.114300147282938e-08
52900.04800076804 4.3324496791385626e-08
52950.04800076804 6.18959924482477e-08
53000.04800076804 1.0576550566577732e-07
53050.04800076804 4.177074901157522e-08
53100.04800076804 1.2069508122515426e-07
53150.04800076804 1.3202605991425877e-07
53200.04800076804 5.4412082160744974e-08
53250.04800076804 1.1385900734882859e-07
53300.04800076804 1.2923075571179674e-07
53350.04800076804 1.2564297739559181e-07
53400.04800076804 9.52507141738283e-08
53450.04800076804 3.554298440529263e-08
53500.04800076804 1.5778995455268827e-08
53550.04800076804 2.7742670030745734e-08
53600.04800076804 6.689918671714498e-08
53650.04800076804 5.9349608904828334e-08
53700.04800076804 5.290754531454639e-08
53750.04800076804 4.804882407349046e-08
53800.04800076804 5.190946158115883e-08
53850.04800076804 7.979658964485066e-08
53900.04800076804 1.0146754280194266e-07
53950.04800076804 1.1120083459860276e-07
54000.04800076804 7.379560142964142e-08
54050.04800076804 7.541461741559091e-08
54100.04800076804 2.4387727366502817e-08
54150.04800076804 3.729109219487847e-08
54200.04800076804 1.2457944240250452e-08
54250.04800076804 2.2505883258114354e-08
54300.04800076804 4.527836693364265e-08
54350.04800076804 6.385780953521362e-08
54400.04800076804 5.71303079095177e-08
54450.04800076804 5.305890926364364e-08
54500.04800076804 4.945514947094779e-08
54550.04800076804 4.0777769879649233e-08
54600.04800076804 4.6107875046231874e-08
54650.04800076804 1.441069654575447e-08
54700.04800076804 5.257245544539167e-08
54750.04800076804 4.793137543148169e-08
54800.04800076804 2.947528801104623e-08
54850.04800076804 3.941360512938567e-08
54900.04800076804 6.328858528476087e-08
54950.04800076804 9.002866741165658e-08
55000.04800076804 3.5879259537519895e-08
55050.04800076804 5.0426668776360785e-08
55100.04800076804 6.175718729016555e-08
55150.04800076804 3.905798889748064e-08
55200.04800076804 3.2400808864544425e-08
55250.04800076804 4.39431475705036e-08
55300.04800076804 2.85553319001595e-08
55350.04800076804 5.2614870134892925e-08
55400.04800076804 6.061747739827826e-08
55450.04800076804 3.9652998660300653e-08
55500.04800076804 1.8814228358562062e-08
55550.04800076804 2.2563757786972172e-08
55600.04800076804 3.0816938886205975e-08
55650.04800076804 2.6776413236136722e-08
55700.04800076804 3.1391654355378235e-08
55750.04800076804 3.020579455287661e-08
55800.04800076804 1.692885775995309e-08
55850.04800076804 2.0042484541211474e-08
55900.04800076804 4.393622181771679e-08
55950.04800076804 6.32211899829011e-08
56000.04800076804 2.5994744503879098e-08
56050.04800076804 3.308544741843217e-08
56100.04800076804 4.366673530326433e-08
56150.04800076804 2.6201020907041027e-08
56200.04800076804 3.127669842305697e-08
56250.04800076804 5.262613727058146e-08
56300.04800076804 3.792489593461595e-08
56350.04800076804 2.939223852693216e-08
56400.04800076804 1.5084192200034546e-08
56450.04800076804 1.4000767543145758e-08
56500.04800076804 3.395425182577063e-08
56550.04800076804 1.5767052643098967e-08
56600.04800076804 4.3514299763750644e-08
56650.04800076804 4.642916732576673e-08
56700.04800076804 4.29077709508147e-08
56750.04800076804 1.787462034723804e-08
56800.04800076804 2.991804590848754e-08
56850.04800076804 3.284890750324559e-08
56900.04800076804 2.2721697445547697e-08
56950.04800076804 4.125702891577922e-08
57000.04800076804 5.074192348298882e-08
57050.04800076804 2.778874547227946e-08
57100.04800076804 1.0987385481266488e-08
57150.04800076804 1.9866164904303187e-08
57200.04800076804 1.5319263668449385e-08
57250.04800076804 2.2549630120925042e-08
57300.04800076804 3.037288444862745e-08
57350.04800076804 1.772946860377618e-08
57400.04800076804 4.199315658032249e-08
57450.04800076804 2.6474400800890078e-08
57500.04800076804 2.223766289996858e-08
57550.04800076804 3.055222799364805e-08
57600.04800076804 2.790806537608736e-08
57650.04800076804 9.527043984064297e-09
57700.04800076804 1.520533870996968e-08
57750.04800076804 2.349384496979584e-08
57800.04800076804 9.494425799987992e-09
57850.04800076804 5.3268256545232686e-08
57900.04800076804 6.501503997853002e-08
57950.04800076804 6.731254112661331e-08
58000.04800076804 2.5230208980594027e-08
58050.04800076804 3.947329467255942e-08
58100.04800076804 3.915950229022319e-08
58150.04800076804 2.731400801236938e-08
58200.04800076804 1.0210018321913809e-08
58250.04800076804 1.4488051198428407e-08
58300.04800076804 1.5468881112494998e-08
58350.04800076804 1.7436899569789207e-08
58400.04800076804 3.438365342983737e-08
58450.04800076804 4.175759200514313e-08
58500.04800076804 4.165764498143879e-08
58550.04800076804 3.585968977620337e-08
58600.04800076804 1.779491362453867e-08
58650.04800076804 2.2441577338946412e-08
58700.04800076804 2.7579283382552242e-08
58750.04800076804 2.7607868030526176e-08
58800.04800076804 7.332125313845616e-09
58850.04800076804 1.9637962793673162e-08
58900.04800076804 2.4641026264783473e-08
58950.04800076804 1.283966969615727e-08
59000.04800076804 2.696982448853416e-08
59050.04800076804 3.65087789605706e-08
59100.04800076804 3.7364558372221815e-08
59150.04800076804 2.9754110577644542e-08
59200.04800076804 3.270157508520199e-08
59250.04800076804 3.402410646791491e-08
59300.04800076804 3.10452634257687e-08
59350.04800076804 9.063582640447797e-09
59400.04800076804 9.310992751701433e-09
59450.04800076804 3.000522137316853e-08
59500.04800076804 1.6832284306826246e-08
59550.04800076804 3.5955267069536795e-08
59600.04800076804 4.506023039308144e-08
59650.04800076804 2.3205272261524618e-08
59700.04800076804 1.7142287407849803e-08
59750.04800076804 5.2074944886899966e-08
59800.04800076804 2.4711337271702782e-08
59850.04800076804 3.310476544910999e-08
59900.04800076804 1.3313121781571823e-08
59950.04800076804 2.824065237531734e-08
60000.04800076804 5.976361899705566e-08
60050.04800076804 5.773339659148053e-08
60100.04800076804 4.5146571226055974e-08
60150.04800076804 2.2295714023658628e-08
60200.04800076804 3.517796661245136e-08
60250.04800076804 5.903549093123154e-08
60300.04800076804 5.477960112165356e-08
60350.04800076804 3.14650993593474e-08
60400.04800076804 3.409742177842537e-08
60450.04800076804 1.2052716807668836e-08
60500.04800076804 5.723000041861501e-09
60550.04800076804 3.065300201140101e-08
60600.04800076804 3.7778694147016e-08
60650.04800076804 2.582890043683754e-08
60700.04800076804 2.0037429466370286e-08
60750.04800076804 1.0835006309797725e-08
60800.04800076804 3.7043616321331995e-08
60850.04800076804 6.198089826460529e-08
60900.04800076804 5.440437715458165e-08
60950.04800076804 4.069803790455707e-08
61000.04800076804 4.407277831533446e-08
61050.04800076804 1.9603679842054705e-08
61100.04800076804 2.373590402762346e-08
61150.04800076804 1.0086099834272694e-08
61200.04800076804 4.0880184628862325e-08
61250.04800076804 4.068081537937422e-08
61300.04800076804 3.18607383537025e-08
61350.04800076804 5.4313576666740644e-08
61400.04800076804 2.3358204714594448e-08
61450.04800076804 1.300426599720501e-08
61500.04800076804 1.3685189566107928e-08
61550.04800076804 2.510667142488737e-08
61600.04800076804 1.379762467424668e-08
61650.04800076804 2.341301621785501e-08
61700.04800076804 2.6702859181402094e-08
61750.04800076804 3.0100911492304463e-08
61800.04800076804 2.645373971144615e-08
61850.04800076804 1.3468490585683604e-08
61900.04800076804 4.6216006983656334e-08
61950.04800076804 5.3266254253203986e-08
62000.04800076804 4.433882794084365e-08
62050.04800076804 5.90528104450869e-08
62100.04800076804 3.822425413364933e-08
62150.04800076804 5.2038912636893826e-08
62200.04800076804 4.5159403158659376e-08
62250.04800076804 3.375835912524796e-08
62300.04800076804 6.881225048155475e-08
62350.04800076804 6.343321567401504e-08
62400.04800076804 3.732019419855422e-08
62450.04800076804 4.265810783188486e-08
62500.04800076804 6.873290154622477e-08
62550.04800076804 8.797345197482363e-08
62600.04800076804 6.417891741233422e-08
62650.04800076804 5.014895373359763e-08
62700.04800076804 4.284840323467541e-08
62750.04800076804 6.528722117257271e-08
62800.04800076804 3.985782143702961e-08
62850.04800076804 5.622383785603455e-08
62900.04800076804 5.379999602441188e-08
62950.04800076804 9.049801820020188e-08
63000.04800076804 5.427730143121496e-08
63050.04800076804 1.0892695472678624e-07
63100.04800076804 1.0118421817392436e-07
63150.04800076804 6.763223756457292e-08
63200.04800076804 6.467266420659979e-08
63250.04800076804 7.970524730048836e-08
63300.04800076804 5.002521136972335e-08
63350.04800076804 5.348565855304375e-08
63400.04800076804 2.56153937139646e-08
63450.04800076804 1.5559751917516327e-08
