galfind/configs/Brown_Dwarf_templates/sonora_cholla/logkzz7/3162g/850K_3162g_logkzz7_resample.dat
# %ECSV 1.0
# ---
# datatype:
# - {name: wav, unit: Angstrom, datatype: float64}
# - {name: flux_nu, unit: erg / (cm2 Hz s), datatype: float64}
# schema: astropy-2.0
wav flux_nu
[from data line 1162]
68100.00000000009 7.318436361397185e-08
68150.00000000009 6.345510855399506e-08
68200.00000000009 5.958879421180613e-08
68250.00000000009 1.9401950964557125e-08
68300.00000000009 5.789262759273415e-08
68350.00000000009 5.175723245521605e-08
68400.00000000009 8.292321644936904e-08
68450.00000000009 7.2444851725927e-08
68500.00000000009 5.407653740787191e-08
68550.00000000009 2.8776460278573503e-08
68600.00000000009 3.1264375723162014e-08
68650.00000000009 1.8086649253046854e-08
68700.00000000009 3.6293568119455126e-08
68750.00000000009 5.172358731833221e-08
68800.00000000009 5.656859511151183e-08
68850.00000000009 2.7481620845155488e-08
68900.00000000009 8.258790777456729e-08
68950.00000000009 8.78004889699309e-08
69000.00000000009 6.763774166576493e-08
69050.00000000009 3.738613980206382e-08
69100.00000000009 7.849066079261084e-08
69150.00000000009 9.841037960839468e-08
69200.00000000009 6.386795015911434e-08
69250.00000000009 9.882319451322027e-08
69300.00000000009 7.543091882555026e-08
69350.00000000009 9.521823151750398e-08
69400.00000000009 4.395076521505516e-08
69450.00000000009 8.984240299720414e-08
69500.00000000009 4.881193776467249e-08
69550.00000000009 4.833266588006067e-08
69600.00000000009 1.6563913627448183e-08
69650.00000000009 4.5866321784662915e-08
69700.00000000009 7.942844198239789e-08
69750.00000000009 5.3601687531690815e-08
69800.00000000009 7.27980887239869e-08
69850.00000000009 8.030980815428034e-08
69900.00000000009 6.060477773725007e-08
69950.00000000009 5.7033593082304404e-08
70000.00000000009 5.2627423162819086e-08
70050.00000000009 9.219457280640061e-08
70100.00000000009 6.359773679987696e-08
70150.00000000009 6.725368841930303e-08
70200.00000000009 4.5116779853814675e-08
70250.00000000009 5.8950097197433616e-08
70300.00000000009 9.021230033426549e-08
70350.00000000009 7.004004986039577e-08
70400.00000000009 4.4305701799682694e-08
70450.00000000009 1.530867840844859e-08
70500.00000000009 3.6719755285822055e-08
70550.00000000009 3.625559579410962e-08
70600.00000000009 4.149399140863156e-08
70650.00000000009 7.399175061824584e-08
70700.00000000009 7.347812930745644e-08
70750.00000000009 1.0151455974560098e-07
70800.00000000009 5.5321313380322174e-08
70850.00000000009 5.275023336468127e-08
70900.00000000009 6.005873557291367e-08
70950.00000000009 8.0390828026839e-08
71000.00000000009 7.647582831597193e-08
71050.00000000009 7.61102308873133e-08
71100.00000000009 6.589532281225306e-08
71150.00000000009 4.998889074819509e-08
71200.00000000009 4.536223143489698e-08
71250.00000000009 6.248520829100532e-08
71300.00000000009 7.899282187474095e-08
71350.00000000009 8.006579057107462e-08
71400.00000000009 7.00821900373488e-08
71450.00000000009 3.607048857879379e-08
71500.00000000009 4.337023406439791e-08
71550.00000000009 4.595567093047584e-08
71600.00000000009 5.925985959890516e-08
71650.00000000009 4.2222372210493966e-08
71700.00000000009 3.28820970478264e-08
71750.00000000009 5.536402930257567e-08
71800.00000000009 7.193344648236593e-08
71850.00000000009 7.106973421303353e-08
71900.00000000009 4.261622183434077e-08
71950.00000000009 5.721302345945665e-08
72000.00000000009 5.2731852420667185e-08
72050.00000000009 3.259153981365291e-08
72100.00000000009 3.983117528467813e-08
72150.00000000009 4.067955782318852e-08
72200.00000000009 5.5419939926016447e-08
72250.00000000009 7.354358311018755e-08
72300.00000000009 5.2009110404723845e-08
72350.00000000009 5.47661949275252e-08
72400.00000000009 5.218759585531341e-08
72450.00000000009 4.419597885416985e-08
72500.00000000009 5.635354668687152e-08
72550.00000000009 2.5625989514729243e-08
72600.00000000009 4.055876976452112e-08
72650.00000000009 6.500955674334906e-08
72700.00000000009 4.800099274459829e-08
72750.00000000009 4.900078201269682e-08
72800.00000000009 3.425769265504031e-08
72850.00000000009 4.096660722184621e-08
72900.00000000009 7.089645502177171e-08
72950.00000000009 4.742546396622475e-08
73000.00000000009 4.821478730374986e-08
73050.00000000009 3.187691899338397e-08
73100.00000000009 3.504610591983737e-08
73150.00000000009 7.35401923653755e-08
73200.00000000009 3.65934135760351e-08
73250.00000000009 4.622196927518057e-08
73300.00000000009 3.835850498058482e-08
73350.00000000009 2.861964117652549e-08
73400.00000000009 4.414616813425225e-08
73450.00000000009 2.9668504900178233e-08
73500.00000000009 2.7848222449571793e-08
73550.00000000009 4.527905105390578e-08
73600.00000000009 4.212568921527723e-08
73650.00000000009 4.419218790495775e-08
73700.00000000009 4.565243602931239e-08
73750.00000000009 2.2610686756451322e-08
73800.00000000009 3.931430647209254e-08
73850.00000000009 5.003182418387583e-08
73900.00000000009 3.701148309036782e-08
73950.00000000009 3.562010186448996e-08
74000.00000000009 2.4951377938351702e-08
74050.00000000009 6.208878641304198e-08
74100.00000000009 4.2102760859441576e-08
74150.00000000009 4.461031827826458e-08
74200.00000000009 3.435367387057041e-08
74250.00000000009 1.3882007703425756e-08
74300.00000000009 4.24230033823969e-08
74350.00000000009 5.6857609260114974e-08
74400.00000000009 5.362642499336772e-08
74450.00000000009 2.7348726269952667e-08
74500.00000000009 2.05305398481832e-08
74550.00000000009 3.58332210422498e-08
74600.00000000009 3.6754550648770396e-08
74650.00000000009 3.599080820996764e-08
74700.00000000009 2.696481292571402e-08
74750.00000000009 2.4989137508863454e-08
74800.00000000009 3.0766184955847423e-08
74850.00000000009 3.9254485356875436e-08
74900.00000000009 5.7580300322879404e-08
74950.00000000009 5.416049865372575e-08
75000.00000000009 3.290913004927269e-08
75050.00000000009 1.824906505588952e-08
75100.00000000009 5.719324608017207e-08
75150.00000000009 5.440846210105561e-08
75200.00000000009 5.632255752674362e-08
75250.00000000009 6.411446743743244e-08
75300.00000000009 5.590610740115914e-08
75350.00000000009 2.4513510261803984e-08
75400.00000000009 6.693357194159891e-08
75450.00000000009 5.6227856512324403e-08
75500.00000000009 5.148476463510161e-08
75550.00000000009 5.400330632801385e-08
75600.00000000009 6.95962328665722e-08
75650.00000000009 4.555903550842747e-08
75700.00000000009 5.815861961733124e-08
75750.00000000009 4.0318887428882744e-08
75800.00000000009 5.447969310513938e-08
75850.00000000009 6.44369803893811e-08
75900.00000000009 5.65021639921415e-08
75950.00000000009 3.5327212679484434e-08
76000.00000000009 6.275029179010532e-08
76050.00000000009 5.727333107183189e-08
76100.00000000009 5.670419173202652e-08
76150.00000000009 6.121412483207888e-08
76200.00000000009 5.743055673647686e-08
76250.00000000009 5.529145444749172e-08
76300.00000000009 9.42119179377819e-08
76350.00000000009 1.0587084158280266e-07
76400.00000000009 7.772132267428304e-08
76450.00000000009 6.956404478418103e-08
76500.00000000009 5.71948076937865e-08
76550.00000000009 3.104609869401816e-08
76600.00000000009 1.1212646902470548e-08
76650.00000000009 1.4544181045824674e-08
76700.00000000009 1.7492242175361337e-08
76750.00000000009 1.6660686314995802e-08
76800.00000000009 3.0163077140629834e-08
76850.00000000009 1.3977835829690295e-08
76900.00000000009 1.6034441051985742e-08
76950.00000000009 2.744281314066058e-08
77000.00000000009 3.331522133702657e-08
77050.00000000009 1.7478479966399867e-08
77100.00000000009 2.1567940737427078e-08
77150.00000000009 3.617843199993403e-08
77200.00000000009 2.8330173693481718e-08
77250.00000000009 3.034933930671816e-08
77300.00000000009 3.448646209735039e-08
77350.00000000009 1.8435913674863514e-08
77400.00000000009 2.302968033179054e-08
77450.00000000009 3.439422180834025e-08
77500.00000000009 2.9069638745237727e-08
77550.00000000009 2.953389713543601e-08
77600.00000000009 2.752746622418405e-08
77650.00000000009 3.0507454793646686e-08
77700.00000000009 2.8732711379190896e-08
77750.00000000009 4.5198689857204155e-08
77800.00000000009 4.290546874418948e-08
77850.00000000009 6.635431093074668e-08
77900.00000000009 4.386089060106187e-08
77950.00000000009 2.1331929278788013e-08
78000.00000000009 3.815356243055346e-08
78050.00000000009 3.624865875694956e-08
78100.00000000009 3.459105510636739e-08
78150.00000000009 5.423423933272847e-08
78200.00000000009 6.022645328535075e-08
78250.00000000009 6.187156860279815e-08
78300.00000000009 4.188060951154451e-08
78350.00000000009 5.3318755668102836e-08
78400.00000000009 3.024111590876412e-08
78450.00000000009 5.5664603480778454e-08
78500.00000000009 6.809927646216222e-08
78550.00000000009 7.140776901996136e-08
78600.00000000009 5.8580341025338897e-08
78650.00000000009 1.9373385311957607e-08
78700.00000000009 3.1598811365360614e-08
78750.00000000009 4.0379108697869157e-08
78800.00000000009 4.797081944366694e-08
78850.00000000009 2.3041033412992114e-08
78900.00000000009 4.376210952772136e-08
78950.00000000009 5.040755920822602e-08
79000.00000000009 4.699315372438001e-08
79050.00000000009 3.9885973242963426e-08
79100.00000000009 4.761096105836347e-08
79150.00000000009 4.591934223657842e-08
79200.00000000009 5.1425823692707415e-08
79250.00000000009 3.543168664335022e-08
79300.00000000009 3.379711264299273e-08
79350.00000000009 4.719168063441235e-08
79400.00000000009 3.114207079403083e-08
79450.00000000009 6.413098525192715e-08
79500.00000000009 8.258978519512594e-08
79550.00000000009 7.186338891576531e-08
79600.00000000009 3.616883837481942e-08
79650.00000000009 5.423905422426477e-08
79700.00000000009 5.041828586563276e-08
79750.00000000009 5.223076756763476e-08
79800.00000000009 3.791748592461348e-08
79850.00000000009 5.3006953439670505e-08
79900.00000000009 9.090316625944591e-08
79950.00000000009 7.764630593571252e-08
