galfind/configs/Brown_Dwarf_templates/sonora_cholla/logkzz7/3162g/900K_3162g_logkzz7_resample.dat
# %ECSV 1.0
# ---
# datatype:
# - {name: wav, unit: Angstrom, datatype: float64}
# - {name: flux_nu, unit: erg / (cm2 Hz s), datatype: float64}
# schema: astropy-2.0
wav flux_nu
10000.000000000093 nan
10050.000000000093 1.2177857897450497e-07
10100.000000000093 1.3448594474878767e-07
10150.000000000093 1.4176133152700032e-07
10200.000000000093 1.495909026585611e-07
10250.000000000093 1.5938020805911893e-07
10300.000000000093 1.7017978115491084e-07
10350.000000000093 1.7416624756962145e-07
10400.000000000093 1.8161085056475348e-07
10450.000000000093 1.8540677966890325e-07
10500.000000000093 1.8761986057221462e-07
10550.000000000093 1.9008259414207657e-07
10600.000000000093 1.8838597106173097e-07
10650.000000000093 1.8715510352982195e-07
10700.000000000093 1.8290805919963123e-07
10750.000000000093 1.8043323490632971e-07
10800.000000000093 1.7541472109290004e-07
10850.000000000093 1.6612273783253625e-07
10900.000000000093 1.3755465673919788e-07
10950.000000000093 8.938290354622935e-08
11000.000000000093 6.244624254445884e-08
11050.000000000093 3.9180434578827763e-08
11100.000000000093 2.4416857060884662e-08
11150.000000000093 1.5735650422560386e-08
11200.000000000093 1.6963255577648772e-08
11250.000000000093 2.4149446729156772e-08
11300.000000000093 2.6054310815717093e-08
11350.000000000093 1.240384627580856e-08
11400.000000000093 3.222863422246017e-08
11450.000000000093 2.2350031147759324e-08
11500.000000000093 2.4346071589841684e-08
11550.000000000093 1.4889602091691515e-08
11600.000000000093 1.4176798476926476e-08
11650.000000000093 2.179323927484832e-08
11700.000000000093 2.4273196887761036e-08
11750.000000000093 1.7287903335677127e-08
11800.000000000093 3.4189287503452956e-08
11850.000000000093 4.714397031946544e-08
11900.000000000093 5.7553335789991343e-08
11950.000000000093 7.294864040794707e-08
12000.000000000093 8.764620550762031e-08
12050.000000000093 1.0398432527411907e-07
12100.000000000093 1.1906170123984624e-07
12150.000000000093 1.3653356839072883e-07
12200.000000000093 1.5142486272348332e-07
12250.000000000093 1.6823089129851473e-07
12300.000000000093 1.8719978148523252e-07
12350.000000000093 1.958664614822419e-07
12400.000000000093 2.1806119091976582e-07
12450.000000000093 2.3695292850538297e-07
12500.000000000093 2.508589747932016e-07
12550.000000000093 2.6365165985018856e-07
12600.000000000093 2.697161300672308e-07
12650.000000000093 2.706525498195289e-07
12700.000000000093 2.7087825512803954e-07
12750.000000000093 2.567833877472633e-07
12800.000000000093 2.4760737037801706e-07
12850.000000000093 2.181976463374236e-07
12900.000000000093 2.009572511743691e-07
12950.000000000093 1.8792651690175096e-07
13000.000000000093 1.8731668467950892e-07
13050.000000000093 1.6761783498129068e-07
13100.000000000093 1.664524071942428e-07
13150.000000000093 1.3709614425565497e-07
13200.000000000093 1.305686987957597e-07
13250.000000000093 9.382764662183854e-08
13300.000000000093 5.157790914771564e-08
13350.000000000093 1.7911168523487946e-08
13400.000000000093 5.167104743422699e-09
13450.000000000093 2.7312100936388497e-09
13500.000000000093 1.3908883441969664e-09
13550.000000000093 8.101166681636355e-10
13600.000000000093 5.047503528882946e-10
13650.000000000093 1.7136248073554172e-09
13700.000000000093 1.2185740087402297e-09
13750.000000000093 2.50338045604792e-09
13800.000000000093 3.0859023061851365e-09
13850.000000000093 1.5146796710422149e-09
13900.000000000093 1.6019907440596682e-09
13950.000000000093 1.5943317933100705e-09
14000.000000000093 1.829322096805601e-09
14050.000000000093 2.4207486299249758e-09
14100.000000000093 1.819179164551194e-09
14150.000000000093 2.8205157847798416e-09
14200.000000000093 2.079018573301504e-09
14250.000000000093 2.4097856455153655e-09
14300.000000000093 5.20792572480436e-09
14350.000000000093 4.719442892117537e-09
14400.000000000093 4.779853743517313e-09
14450.000000000093 6.930858588292785e-09
14500.000000000093 1.2301649931472476e-08
14550.000000000093 1.2237443714754192e-08
14600.000000000093 2.088057109657359e-08
14650.000000000093 1.8734265895758762e-08
14700.000000000093 1.2879162250949068e-08
14750.000000000093 1.7738409557686245e-08
14800.000000000093 2.0913290921702882e-08
14850.000000000093 2.3256366922828633e-08
14900.000000000093 2.4391964365250284e-08
14950.000000000093 3.09371393141006e-08
15000.000000000093 3.800916793025851e-08
15050.000000000093 4.370379824966037e-08
15100.000000000093 4.6907018085354084e-08
15150.000000000093 4.897257807846271e-08
15200.000000000093 5.715458506013595e-08
15250.000000000093 7.255231087381937e-08
15300.000000000093 8.080287475676288e-08
15350.000000000093 9.581809135102177e-08
15400.000000000093 1.0773336920574518e-07
15450.000000000093 1.1716858452235636e-07
15500.000000000093 1.2570775957623538e-07
15550.000000000093 1.4132098338353968e-07
15600.000000000093 1.5218104928040798e-07
15650.000000000093 1.6095005818618316e-07
15700.000000000093 1.7559342700982245e-07
15750.000000000093 1.8141718683736997e-07
15800.000000000093 1.8293915265670765e-07
15850.000000000093 1.8638768565662884e-07
15900.000000000093 1.8208504762871597e-07
15950.000000000093 1.7217462994787865e-07
16000.000000000093 1.5517076266247407e-07
16050.000000000093 1.2722905821156848e-07
16100.000000000093 1.0276844178072779e-07
16150.000000000093 7.686601079752651e-08
16200.000000000093 5.448190373253532e-08
16250.000000000093 4.881339516369212e-08
16300.000000000093 4.179797059418003e-08
16350.000000000093 4.5275937547822044e-08
16400.000000000095 5.0575292190524724e-08
16450.000000000095 5.36690753083437e-08
16500.000000000095 5.860849171134962e-08
16550.000000000095 5.7160507940023066e-08
16600.000000000095 6.369410508523054e-08
16650.000000000095 4.126306950154384e-08
16700.000000000095 2.0397310921396425e-08
16750.000000000095 3.558014808938263e-08
16800.000000000095 4.807774825545512e-08
16850.000000000095 4.684064317866016e-08
16900.000000000095 4.02779600299091e-08
16950.000000000095 3.532048476421068e-08
17000.000000000095 2.9554396330460946e-08
17050.000000000095 3.8787211006817305e-08
17100.000000000095 4.448638695455417e-08
17150.000000000095 3.8303111273464906e-08
17200.000000000095 5.2268967270798983e-08
17250.000000000095 4.265093729211164e-08
17300.000000000095 3.747493154671199e-08
17350.000000000095 3.521798283521496e-08
17400.000000000095 3.59834015923636e-08
17450.000000000095 3.7215792294371776e-08
17500.000000000095 3.9792052721620124e-08
17550.000000000095 3.266982421486533e-08
17600.000000000095 2.8957829321568526e-08
17650.000000000095 2.5870690222417807e-08
17700.000000000095 2.0708277366198493e-08
17750.000000000095 1.653821779196764e-08
17800.000000000095 1.9663807899104653e-08
17850.000000000095 1.2704970355573801e-08
17900.000000000095 1.4022697144041354e-08
17950.000000000095 9.174039829751203e-09
18000.000000000095 1.1761499463670873e-08
18050.000000000095 7.817938871815197e-09
18100.000000000095 8.611826902550908e-09
18150.000000000095 9.940923587490786e-09
18200.000000000095 6.074675217423731e-09
18250.000000000095 1.5039488972813717e-08
18300.000000000095 6.397156101168436e-09
18350.000000000095 6.062565342044818e-09
18400.000000000095 4.831356873291253e-09
18450.000000000095 9.598785089803545e-09
18500.000000000095 9.118777000042355e-09
18550.000000000095 6.1944097863565035e-09
18600.000000000095 6.066608027664319e-09
18650.000000000095 4.688434805951199e-09
18700.000000000095 3.227696293428208e-09
18750.000000000095 5.827459778770671e-09
18800.000000000095 1.5370230948887883e-08
18850.000000000095 1.570844970606117e-08
18900.000000000095 1.320108791842085e-08
18950.000000000095 2.4171580965850677e-08
19000.000000000095 1.1820860106940172e-08
19050.000000000095 7.777648855996924e-09
19100.000000000095 1.5775238761136677e-08
19150.000000000095 9.218458654310774e-09
19200.000000000095 1.3501533556240717e-08
19250.000000000095 9.653688053630399e-09
19300.000000000095 8.125238039991969e-09
19350.000000000095 8.28571707141959e-09
19400.000000000095 5.573719093816421e-09
19450.000000000095 1.0654126173091885e-08
19500.000000000095 1.068616630155388e-08
19550.000000000095 8.502768318494317e-09
19600.000000000095 1.1581652202026795e-08
19650.000000000095 1.4625794320021872e-08
19700.000000000095 1.5018668526023313e-08
19750.000000000095 1.7654004847502612e-08
19800.000000000095 1.851480782657115e-08
19850.000000000095 2.5767482326953913e-08
19900.000000000095 2.0282734548058793e-08
19950.000000000095 3.030195483275566e-08
20000.000000000095 2.7961129092104132e-08
20050.000000000095 3.141945279949776e-08
20100.000000000095 3.5651865687269464e-08
20150.000000000095 3.308521929654999e-08
20200.000000000095 3.5338065598892885e-08
20250.000000000095 4.2363939604713456e-08
20300.000000000095 4.07750373431619e-08
20350.000000000095 4.587905834360051e-08
20400.000000000095 4.396103151195422e-08
20450.000000000095 5.13826520091025e-08
20500.000000000095 5.280543237668334e-08
20550.000000000095 5.31598363780461e-08
20600.000000000095 5.626115000840009e-08
20650.000000000095 5.673288594776709e-08
20700.000000000095 5.677180541841413e-08
20750.000000000095 5.832680133222629e-08
20800.000000000095 5.785184367707327e-08
20850.000000000095 5.882484232604652e-08
20900.000000000095 5.92556384534068e-08
20950.000000000095 5.808480156078488e-08
21000.000000000095 5.7568776229860395e-08
21050.000000000095 5.671834958327894e-08
21100.000000000095 5.584621699471363e-08
21150.000000000095 5.56454433739942e-08
21200.000000000095 5.398462678435585e-08
21250.000000000095 5.285156960844167e-08
21300.000000000095 5.0306951662392427e-08
21350.000000000095 4.924689904459233e-08
21400.000000000095 4.842484133473603e-08
21450.000000000095 4.469255275201003e-08
21500.000000000095 4.4066387851495514e-08
21550.000000000095 4.2677001190218714e-08
21600.000000000095 4.0444543973727145e-08
21650.000000000095 3.790171949877762e-08
21700.000000000095 3.8717535035214406e-08
21750.000000000095 3.6039030063848436e-08
21800.000000000095 3.265990587752833e-08
21850.000000000095 2.9489131623324696e-08
21900.000000000095 2.63513764203779e-08
21950.000000000095 1.761968573304578e-08
22000.000000000095 7.741045056185994e-09
22050.000000000095 7.502245112086307e-09
22100.000000000095 1.4096452681839941e-08
22150.000000000095 1.4750707850981653e-08
22200.000000000095 1.3894542560213289e-08
22250.000000000095 1.3292684417294554e-08
22300.000000000095 1.04803068914215e-08
22350.000000000095 1.0598735743072553e-08
22400.000000000095 7.58810723300027e-09
22450.000000000095 7.088355861303147e-09
22500.000000000095 7.582612649857077e-09
22550.000000000095 5.273279829835311e-09
22600.000000000095 6.135006778350667e-09
22650.000000000095 7.309486771777314e-09
22700.000000000095 6.335712201457114e-09
22750.000000000095 6.654128972538913e-09
22800.000000000095 6.917744129927925e-09
22850.000000000095 5.745060969191062e-09
22900.000000000095 5.13585403055856e-09
22950.000000000095 4.615085526042968e-09
23000.000000000095 5.280659936219025e-09
23050.000000000095 6.652164831286938e-09
23100.000000000095 1.3116625926170973e-08
23150.000000000095 1.163907720541215e-08
23200.000000000095 2.699395422455333e-09
23250.000000000095 4.532042828759404e-09
23300.000000000095 4.557276210423191e-09
23350.000000000095 3.78868315352566e-09
23400.000000000095 4.461331061637047e-09
23450.000000000095 3.808525913552228e-09
23500.000000000095 3.843386744962801e-09
23550.000000000095 5.757652732889436e-09
23600.000000000095 7.395888492115485e-09
23650.000000000095 8.238686675463103e-09
23700.000000000095 3.3422218444232995e-09
23750.000000000095 3.5386144247326414e-09
23800.000000000095 6.684047875523268e-09
23850.000000000095 5.8175179940864285e-09
23900.000000000095 9.324509215696311e-09
23950.000000000095 7.921543803222899e-09
24000.000000000095 1.1703105778162782e-08
24050.000000000095 1.1724590491620468e-08
24100.000000000095 1.045617560115051e-08
24150.000000000095 1.2900707312726587e-08
24200.000000000095 1.2872310635705679e-08
24250.000000000095 1.1145139863498773e-08
24300.000000000095 1.5109557245473714e-08
24350.000000000095 1.1434825613557709e-08
24400.000000000095 1.8266387033739785e-08
24450.000000000095 1.5588228776498433e-08
24500.000000000095 1.5881752952945593e-08
24550.000000000095 1.8659467331169195e-08
24600.000000000095 2.0000101593358815e-08
24650.000000000095 2.3135855596061115e-08
24700.000000000095 1.6195699800148322e-08
24750.000000000095 1.6783598928531537e-08
24800.000000000095 1.6152868757797626e-08
24850.000000000095 2.438556517749392e-08
24900.000000000095 1.0126885999275522e-08
24950.000000000095 1.9622595573857506e-08
25000.000000000095 1.740481739059932e-08
25050.000000000095 1.024200232988767e-08
25100.000000000095 1.5949711342020533e-08
25150.000000000095 8.956295073022337e-09
25200.000000000095 1.2331467323793117e-08
25250.000000000095 6.4281779000371935e-09
25300.000000000095 9.312339061564012e-09
25350.000000000095 4.812628656319356e-09
25400.000000000095 1.0644387365943883e-08
25450.000000000095 5.2904470027924335e-09
25500.000000000095 5.041274274635097e-09
25550.000000000095 7.941566197158044e-09
25600.000000000095 6.197096636772126e-09
25650.000000000095 3.2388491092881513e-09
25700.000000000095 6.289057562393346e-09
25750.000000000095 2.665278740266268e-09
25800.000000000095 8.008619940259122e-09
25850.000000000095 2.7595024672869203e-09
25900.000000000095 4.637602485479409e-09
25950.000000000095 2.0001111768083215e-09
26000.000000000095 7.662301072212071e-09
26050.000000000095 2.949714252671375e-09
26100.000000000095 7.89823979228095e-09
26150.000000000095 5.11659637191121e-09
26200.000000000095 5.742458861128911e-09
26250.000000000095 1.3982047179739115e-08
26300.000000000095 6.781311634453176e-09
26350.000000000095 1.8125734325329388e-08
26400.000000000095 1.7876044034853637e-08
26450.000000000095 1.4822069583622612e-08
26500.000000000095 1.9409321759341e-08
26550.000000000095 7.653936471145541e-09
26600.000000000095 8.702438357740047e-09
26650.000000000095 3.239629139445359e-09
26700.000000000095 2.5487199210295664e-09
26750.000000000095 2.3429847014333716e-09
26800.000000000095 3.835051677720951e-09
26850.000000000095 2.2708501398123173e-09
26900.000000000095 6.448512505784982e-09
26950.000000000095 3.0853127160998944e-09
27000.000000000095 9.820459723817098e-09
27050.000000000095 9.322252642101268e-09
27100.000000000095 4.234665092222356e-09
27150.000000000095 1.300218161726266e-08
27200.000000000095 4.3300320994730645e-09
27250.000000000095 6.906006829858261e-09
27300.000000000095 2.2013290062495805e-08
27350.000000000095 1.2623891962185721e-08
27400.000000000095 2.294322414442869e-09
27450.000000000095 1.4523812013097953e-08
27500.000000000095 1.8736076769349856e-08
27550.000000000095 5.253736665564575e-09
27600.000000000095 1.0496541990903803e-08
27650.000000000095 4.546972817469911e-09
27700.000000000095 3.7041022220220017e-09
27750.000000000095 1.215199550362375e-08
27800.000000000095 5.5465581686268606e-09
27850.000000000095 6.371970340485992e-09
27900.000000000095 8.750198453530584e-09
27950.000000000095 1.535401897818503e-08
28000.000000000095 1.1233952186185354e-08
28050.000000000095 3.784501839262872e-09
28100.000000000095 1.5857944009609348e-08
28150.000000000095 1.0381529840646964e-08
28200.000000000095 4.469445927574876e-09
28250.000000000095 1.80853520129005e-08
28300.000000000095 2.157171286958797e-08
28350.000000000095 5.293213446677491e-09
28400.000000000095 1.4137443530545074e-08
28450.000000000095 2.1558438606499338e-08
28500.000000000095 1.3227214599893294e-08
28550.000000000095 5.026610789840763e-09
28600.000000000095 2.1529669960636346e-08
28650.000000000095 1.7558891751791815e-08
28700.000000000095 1.508194052746574e-08
28750.000000000095 2.582806361376908e-08
28800.000000000095 2.2446727869649764e-08
28850.000000000095 2.465967262973515e-08
28900.000000000095 1.2296326785441244e-08
28950.000000000095 3.127825495921028e-08
29000.000000000095 2.350717914603057e-08
29050.000000000095 2.6431867011617333e-08
29100.000000000095 1.8352549955032805e-08
29150.000000000095 4.0558484887725966e-08
29200.000000000095 2.3800323564767762e-08
29250.000000000095 3.415652074523108e-08
