galfind/configs/Brown_Dwarf_templates/sonora_cholla/logkzz7/3162g/950K_3162g_logkzz7_resample.dat
# %ECSV 1.0
# ---
# datatype:
# - {name: wav, unit: Angstrom, datatype: float64}
# - {name: flux_nu, unit: erg / (cm2 Hz s), datatype: float64}
# schema: astropy-2.0
wav flux_nu
[from data line 1162]
68100.00000000009 1.1792623333961513e-07
68150.00000000009 9.934644466227643e-08
68200.00000000009 9.947525609259515e-08
68250.00000000009 3.944101134073704e-08
68300.00000000009 9.166781711756829e-08
68350.00000000009 7.040889144328665e-08
68400.00000000009 1.2554914464181974e-07
68450.00000000009 1.1425762710580527e-07
68500.00000000009 9.173436596910311e-08
68550.00000000009 5.644668850882043e-08
68600.00000000009 6.031832466276934e-08
68650.00000000009 3.776404341178052e-08
68700.00000000009 6.74276210362559e-08
68750.00000000009 8.863448859660405e-08
68800.00000000009 9.761854431676033e-08
68850.00000000009 5.045986584069857e-08
68900.00000000009 1.3259533986143943e-07
68950.00000000009 1.427703535826644e-07
69000.00000000009 1.1748054284388259e-07
69050.00000000009 6.935840408934255e-08
69100.00000000009 1.3080237143455054e-07
69150.00000000009 1.5434371310223543e-07
69200.00000000009 9.740980995108423e-08
69250.00000000009 1.5100559371158905e-07
69300.00000000009 1.1377312561431804e-07
69350.00000000009 1.4171773107816929e-07
69400.00000000009 7.157241061140227e-08
69450.00000000009 1.4139211973966737e-07
69500.00000000009 8.031524872599612e-08
69550.00000000009 8.61858701244294e-08
69600.00000000009 3.268298080493579e-08
69650.00000000009 7.895123437406331e-08
69700.00000000009 1.2824951227020463e-07
69750.00000000009 9.120974308655932e-08
69800.00000000009 1.161921518099628e-07
69850.00000000009 1.2835264362052492e-07
69900.00000000009 9.993064328763603e-08
69950.00000000009 9.615834753162302e-08
70000.00000000009 8.493095439191054e-08
70050.00000000009 1.409930575568337e-07
70100.00000000009 9.809410752633241e-08
70150.00000000009 1.0675788733171205e-07
70200.00000000009 7.602027400781764e-08
70250.00000000009 9.797247617486121e-08
70300.00000000009 1.386437079494943e-07
70350.00000000009 1.0701147260464611e-07
70400.00000000009 7.647464181829894e-08
70450.00000000009 3.281897776000306e-08
70500.00000000009 6.336914146853892e-08
70550.00000000009 6.375595757164257e-08
70600.00000000009 7.116237064133006e-08
70650.00000000009 1.1715034822981029e-07
70700.00000000009 1.0998021692415797e-07
70750.00000000009 1.462569059542897e-07
70800.00000000009 8.76063318218335e-08
70850.00000000009 8.208285226958307e-08
70900.00000000009 9.05680815464733e-08
70950.00000000009 1.213173849570767e-07
71000.00000000009 1.1221483119146523e-07
71050.00000000009 1.1255219607222344e-07
71100.00000000009 9.994044273089373e-08
71150.00000000009 8.385989793097102e-08
71200.00000000009 7.512449203439383e-08
71250.00000000009 9.428249281820779e-08
71300.00000000009 1.1730869661211517e-07
71350.00000000009 1.174254610362286e-07
71400.00000000009 1.0807869705468799e-07
71450.00000000009 6.047525694509795e-08
71500.00000000009 7.311154098163858e-08
71550.00000000009 7.611796028986481e-08
71600.00000000009 9.645715619323098e-08
71650.00000000009 7.456955233920233e-08
71700.00000000009 5.939823644379191e-08
71750.00000000009 8.754230699169249e-08
71800.00000000009 1.0977787501106138e-07
71850.00000000009 1.0990708480086136e-07
71900.00000000009 6.952048109055473e-08
71950.00000000009 8.806384428854247e-08
72000.00000000009 8.208443043809815e-08
72050.00000000009 5.7450207839971814e-08
72100.00000000009 6.874948041595874e-08
72150.00000000009 6.612194185827961e-08
72200.00000000009 8.653398678084912e-08
72250.00000000009 1.0677747065748712e-07
72300.00000000009 8.291316821648141e-08
72350.00000000009 8.451428507991442e-08
72400.00000000009 8.030532698446204e-08
72450.00000000009 6.81403492285413e-08
72500.00000000009 8.64361222094527e-08
72550.00000000009 4.635546235126815e-08
72600.00000000009 6.362343454901646e-08
72650.00000000009 9.596697142341166e-08
72700.00000000009 8.052632661166404e-08
72750.00000000009 7.77169769466938e-08
72800.00000000009 6.073937853221545e-08
72850.00000000009 6.757018493847277e-08
72900.00000000009 1.0485791803504794e-07
72950.00000000009 7.710749538001805e-08
73000.00000000009 7.855193780521575e-08
73050.00000000009 5.712510496848101e-08
73100.00000000009 5.749839414866225e-08
73150.00000000009 1.1227620886475522e-07
73200.00000000009 6.166975481651234e-08
73250.00000000009 7.590513300588371e-08
73300.00000000009 6.801825188169088e-08
73350.00000000009 5.216312955273356e-08
73400.00000000009 7.381257501767109e-08
73450.00000000009 5.166294752900929e-08
73500.00000000009 4.928573249298605e-08
73550.00000000009 7.519783468915032e-08
73600.00000000009 6.520313409068777e-08
73650.00000000009 7.32438550856584e-08
73700.00000000009 7.878248530572022e-08
73750.00000000009 4.426538788634067e-08
73800.00000000009 6.68052861328925e-08
73850.00000000009 7.915034253931063e-08
73900.00000000009 6.845729288793997e-08
73950.00000000009 6.212765763908601e-08
74000.00000000009 4.777607361352148e-08
74050.00000000009 1.0175837878503645e-07
74100.00000000009 6.80272731381506e-08
74150.00000000009 7.271536186984822e-08
74200.00000000009 6.148666504141868e-08
74250.00000000009 3.0879980613738404e-08
74300.00000000009 6.748961289287442e-08
74350.00000000009 8.875528556880529e-08
74400.00000000009 8.178594493903507e-08
74450.00000000009 4.691591072402434e-08
74500.00000000009 4.2816842374306726e-08
74550.00000000009 6.396162693126245e-08
74600.00000000009 6.222546280617709e-08
74650.00000000009 6.083716331820632e-08
74700.00000000009 4.7345231101401843e-08
74750.00000000009 4.846889068649295e-08
74800.00000000009 5.601413228166406e-08
74850.00000000009 6.046277403153316e-08
74900.00000000009 9.096764243551967e-08
74950.00000000009 8.644557162063756e-08
75000.00000000009 6.172630674804212e-08
75050.00000000009 3.828322610891979e-08
75100.00000000009 9.449030447472553e-08
75150.00000000009 8.22011050746925e-08
75200.00000000009 8.93003830317888e-08
75250.00000000009 1.0029028424915239e-07
75300.00000000009 9.266507352272054e-08
75350.00000000009 4.680820891925899e-08
75400.00000000009 1.0258309931262541e-07
75450.00000000009 8.407757703079417e-08
75500.00000000009 7.961088305367943e-08
75550.00000000009 8.705140539334379e-08
75600.00000000009 1.1254364101587623e-07
75650.00000000009 7.573992066747809e-08
75700.00000000009 8.764965327409798e-08
75750.00000000009 6.33680827206354e-08
75800.00000000009 8.676068134051569e-08
75850.00000000009 1.0089894257331831e-07
75900.00000000009 8.728463283288046e-08
75950.00000000009 5.963431277950941e-08
76000.00000000009 9.239591836083152e-08
76050.00000000009 8.824431250903995e-08
76100.00000000009 8.744975034535438e-08
76150.00000000009 9.417349512023335e-08
76200.00000000009 9.074434153533093e-08
76250.00000000009 9.691439565977706e-08
76300.00000000009 1.4021588405474275e-07
76350.00000000009 1.5764374694515876e-07
76400.00000000009 1.1723261493993257e-07
76450.00000000009 1.1024716904225384e-07
76500.00000000009 9.348984369303459e-08
76550.00000000009 5.914759354309268e-08
76600.00000000009 2.488117671798146e-08
76650.00000000009 3.233669040083877e-08
76700.00000000009 3.3999177906498114e-08
76750.00000000009 3.341546073329026e-08
76800.00000000009 5.6196628093201435e-08
76850.00000000009 2.5294180474963358e-08
76900.00000000009 3.160395630430775e-08
76950.00000000009 4.9286478195958256e-08
77000.00000000009 5.572929829461046e-08
77050.00000000009 3.527132082022743e-08
77100.00000000009 4.053729236653424e-08
77150.00000000009 5.8933370492970635e-08
77200.00000000009 5.008769431678398e-08
77250.00000000009 5.486336432031898e-08
77300.00000000009 5.6272684368747306e-08
77350.00000000009 3.533059436081586e-08
77400.00000000009 3.8047958937038805e-08
77450.00000000009 5.1029752621571505e-08
77500.00000000009 4.322972654058115e-08
77550.00000000009 5.015995528348304e-08
77600.00000000009 5.2298359185206475e-08
77650.00000000009 5.370231849846715e-08
77700.00000000009 4.609305336922127e-08
77750.00000000009 7.210377040564286e-08
77800.00000000009 6.472054270515896e-08
77850.00000000009 9.557724371736784e-08
77900.00000000009 7.223718785668599e-08
77950.00000000009 4.2552533362384826e-08
78000.00000000009 6.412282030807539e-08
78050.00000000009 5.999610883021595e-08
78100.00000000009 5.2178788166531156e-08
78150.00000000009 8.210972512493182e-08
78200.00000000009 8.723510274966769e-08
78250.00000000009 9.421421614551195e-08
78300.00000000009 7.531832326295391e-08
78350.00000000009 8.250557921407406e-08
78400.00000000009 5.719691809639925e-08
78450.00000000009 9.079286950281366e-08
78500.00000000009 1.0005145742230804e-07
78550.00000000009 1.0161918037409231e-07
78600.00000000009 8.790029570222483e-08
78650.00000000009 3.753209670776415e-08
78700.00000000009 5.6613908831553464e-08
78750.00000000009 6.362929984104537e-08
78800.00000000009 8.216941451620757e-08
78850.00000000009 4.3378960655204484e-08
78900.00000000009 7.494484007369841e-08
78950.00000000009 7.597927192669982e-08
79000.00000000009 7.437251212465636e-08
79050.00000000009 6.575321140545676e-08
79100.00000000009 7.319171674387568e-08
79150.00000000009 7.76368884930444e-08
79200.00000000009 8.321120599553497e-08
79250.00000000009 6.386016651589351e-08
79300.00000000009 5.537145184126521e-08
79350.00000000009 8.05863632650791e-08
79400.00000000009 5.824332192871681e-08
79450.00000000009 9.699688111746463e-08
79500.00000000009 1.2245990906497787e-07
79550.00000000009 1.0486906476018476e-07
79600.00000000009 5.740912058907895e-08
79650.00000000009 8.211877017614408e-08
79700.00000000009 8.360069418793916e-08
79750.00000000009 8.802063999776638e-08
79800.00000000009 6.545116456912388e-08
79850.00000000009 8.024057777657158e-08
79900.00000000009 1.320610830127924e-07
79950.00000000009 1.062958003051467e-07
