galfind/configs/Brown_Dwarf_templates/sonora_cholla/logkzz2/31g/1000K_31g_logkzz2_resample.dat
# %ECSV 1.0
# ---
# datatype:
# - {name: wav, unit: Angstrom, datatype: float64}
# - {name: flux_nu, unit: erg / (cm2 Hz s), datatype: float64}
# schema: astropy-2.0
wav flux_nu
[from data line 776]
48800.000000000095 4.43366237393249e-07
48850.000000000095 3.901911634030946e-07
48900.000000000095 5.050897510118008e-07
48950.000000000095 4.423492747361646e-07
49000.000000000095 3.533579897764795e-07
49050.000000000095 4.977018803991912e-07
49100.000000000095 3.5207925962917795e-07
49150.000000000095 4.984046296340804e-07
49200.000000000095 4.821274977886909e-07
49250.000000000095 5.054629860338803e-07
49300.000000000095 4.81705808953291e-07
49350.000000000095 3.494637486024489e-07
49400.000000000095 3.829647691555802e-07
49450.000000000095 4.759245173285415e-07
49500.000000000095 4.337129793678464e-07
49550.000000000095 3.088892174971143e-07
49600.000000000095 4.1353317492656304e-07
49650.000000000095 4.094699019925411e-07
49700.000000000095 3.13900309364268e-07
49750.000000000095 3.908726744135183e-07
49800.000000000095 3.955774570748629e-07
49850.000000000095 5.228073441330676e-07
49900.000000000095 4.434506326596192e-07
49950.000000000095 4.383760828700163e-07
50000.000000000095 4.412028729521072e-07
50050.000000000095 4.852175073320848e-07
50100.000000000095 4.4337474168745445e-07
50150.000000000095 3.4570479629759334e-07
50200.000000000095 2.4113993475704943e-07
50250.000000000095 4.742581939673052e-07
50300.000000000095 3.9975382579648993e-07
50350.000000000095 4.505428905521018e-07
50400.000000000095 4.641525892428619e-07
50450.000000000095 3.789402825553381e-07
50500.000000000095 4.041241512035257e-07
50550.000000000095 4.3655746339334907e-07
50600.000000000095 4.130916656215308e-07
50650.000000000095 4.3610035722371105e-07
50700.000000000095 4.836985209990655e-07
50750.000000000095 5.074658751382188e-07
50800.000000000095 3.075077055659096e-07
50850.000000000095 3.443411173145878e-07
50900.000000000095 4.171385037508121e-07
50950.000000000095 4.653002800215759e-07
51000.000000000095 4.0918584183590243e-07
51050.000000000095 3.9170978806983626e-07
51100.000000000095 3.1778471188383194e-07
51150.000000000095 3.8337427110531055e-07
51200.000000000095 4.8920353469395e-07
51250.000000000095 4.334749791927053e-07
51300.000000000095 3.721389859448407e-07
51350.000000000095 4.1438778130736575e-07
51400.000000000095 3.3604142637762944e-07
51450.000000000095 2.9072484077094655e-07
51500.000000000095 2.9056237113190966e-07
51550.000000000095 4.2094606774693673e-07
51600.000000000095 3.371084464546592e-07
51650.000000000095 4.4504159195531083e-07
51700.000000000095 4.1439840503102464e-07
51750.000000000095 3.0602490037436556e-07
51800.000000000095 4.958802040627525e-07
51850.000000000095 3.7390350955484136e-07
51900.000000000095 4.945178023732081e-07
51950.000000000095 4.335795665926225e-07
52000.000000000095 2.1190379341990497e-07
52050.000000000095 3.6410913643516475e-07
52100.000000000095 3.7002144794694655e-07
52150.000000000095 2.858294737665625e-07
52200.000000000095 2.277721809239484e-07
52250.000000000095 2.8269353061058015e-07
52300.000000000095 4.2464542715803423e-07
52350.000000000095 4.3409041183833074e-07
52400.000000000095 2.949328340490052e-07
52450.000000000095 4.2261675796394906e-07
52500.000000000095 3.470815765985924e-07
52550.000000000095 4.1707144723415333e-07
52600.000000000095 3.175226431750876e-07
52650.000000000095 3.4555707524338937e-07
52700.000000000095 3.1743315542821816e-07
52750.000000000095 3.045515747349779e-07
52800.000000000095 2.994871726120468e-07
52850.000000000095 3.408696204931117e-07
52900.000000000095 2.662721610228042e-07
52950.000000000095 2.3884213968086633e-07
53000.000000000095 4.7430262046146485e-07
53050.000000000095 2.3330751409493156e-07
53100.000000000095 3.748226966585452e-07
53150.000000000095 4.5403096828024086e-07
53200.000000000095 2.776603469024668e-07
53250.000000000095 4.329820162650219e-07
53300.000000000095 4.160997840490581e-07
53350.000000000095 3.9570728528204094e-07
53400.000000000095 4.1777888251238605e-07
53450.000000000095 2.717362654594842e-07
53500.000000000095 2.216386466253718e-07
53550.000000000095 3.0366370435524286e-07
53600.000000000095 3.0751494704210646e-07
53650.000000000095 3.3035048482045835e-07
53700.000000000095 2.933361588350685e-07
53750.000000000095 3.1165844996885996e-07
53800.000000000095 2.8557078939488653e-07
53850.000000000095 3.64593888130719e-07
53900.000000000095 3.2412223534844884e-07
53950.000000000095 4.298713318596888e-07
54000.000000000095 2.933040698102589e-07
54050.000000000095 3.2837396709660296e-07
54100.000000000095 2.1536986904665543e-07
54150.000000000095 2.6450778591253045e-07
54200.000000000095 1.643807746678588e-07
54250.000000000095 1.6517402880146926e-07
54300.000000000095 2.739790922382535e-07
54350.000000000095 2.9517365327984505e-07
54400.000000000095 3.5573125707176135e-07
54450.000000000095 2.7493367882028125e-07
54500.000000000095 2.4934880139466133e-07
54550.000000000095 2.3267632108836262e-07
54600.000000000095 3.1033459344382603e-07
54650.000000000095 2.1629775939852182e-07
54700.000000000095 3.1945195713843824e-07
54750.000000000095 3.2613325464239865e-07
54800.000000000095 2.8071668708327916e-07
54850.000000000095 2.823282398927502e-07
54900.000000000095 3.3706551621458185e-07
54950.000000000095 4.077354910651732e-07
55000.000000000095 2.259677328184482e-07
55050.000000000095 3.1261186209445537e-07
55100.000000000095 2.3375061468470413e-07
55150.000000000095 2.2652536999954932e-07
55200.000000000095 2.5152033033582844e-07
55250.000000000095 2.8281600761359825e-07
55300.000000000095 2.142562580637777e-07
55350.000000000095 2.7089406054514725e-07
55400.000000000095 3.5440826197210213e-07
55450.000000000095 2.8521133622150883e-07
55500.000000000095 1.9479062967178087e-07
55550.000000000095 2.305755586243902e-07
55600.000000000095 1.8325957986300216e-07
55650.000000000095 1.6206490504836194e-07
55700.000000000095 2.5035446302352153e-07
55750.000000000095 2.4156076920686327e-07
55800.000000000095 2.2810290658668246e-07
55850.000000000095 1.8040539140993284e-07
55900.000000000095 2.860502760972334e-07
55950.000000000095 3.1424747841091904e-07
56000.000000000095 1.9388357861877098e-07
56050.000000000095 2.8038612865783387e-07
56100.000000000095 2.9866839265169424e-07
56150.000000000095 2.326767976241515e-07
56200.000000000095 2.4216833097969555e-07
56250.000000000095 2.163260608661218e-07
56300.000000000095 2.598155058348048e-07
56350.000000000095 2.5169589819369267e-07
56400.000000000095 2.3225426343300542e-07
56450.000000000095 1.9758843281087222e-07
56500.000000000095 1.3604197075879492e-07
56550.000000000095 1.69479168456533e-07
56600.000000000095 2.520342198699134e-07
56650.000000000095 2.3451012264044092e-07
56700.000000000095 2.52893199573547e-07
56750.000000000095 1.7417623192399248e-07
56800.000000000095 3.253560379198507e-07
56850.000000000095 2.579444640247934e-07
56900.000000000095 1.9765366460066865e-07
56950.000000000095 2.7605672138873483e-07
57000.000000000095 3.111003399180682e-07
57050.000000000095 2.498336064797918e-07
57100.000000000095 1.543325773362865e-07
57150.000000000095 2.007930416871211e-07
57200.000000000095 1.6436419922144428e-07
57250.000000000095 2.1637216903089423e-07
57300.000000000095 2.8023602477429553e-07
57350.000000000095 1.6100771281118513e-07
57400.000000000095 2.3597339288813256e-07
57450.000000000095 2.6100645153676533e-07
57500.000000000095 2.4514589092966717e-07
57550.000000000095 2.75527299463931e-07
57600.000000000095 2.992499181129749e-07
57650.000000000095 1.515507896427902e-07
57700.000000000095 1.8166547772201617e-07
57750.000000000095 2.370026162657257e-07
57800.000000000095 9.88867015158084e-08
57850.000000000095 3.214848155712495e-07
57900.000000000095 3.369583682484026e-07
57950.000000000095 2.8223253984817534e-07
58000.000000000095 1.7931010912350104e-07
58050.000000000095 2.5640464044919326e-07
58100.000000000095 2.5942623355759685e-07
58150.000000000095 1.947557056788342e-07
58200.000000000095 1.668487967417608e-07
58250.000000000095 1.9925752295835559e-07
58300.000000000095 1.2119806340482242e-07
58350.000000000095 1.7879556128694944e-07
58400.000000000095 2.314060401041709e-07
58450.000000000095 2.1254559981496836e-07
58500.000000000095 2.0269257969228033e-07
58550.000000000095 2.0421833915124435e-07
58600.000000000095 1.3118621754138046e-07
58650.000000000095 1.8213957805561197e-07
58700.000000000095 1.9458564435656646e-07
58750.000000000095 2.1959824417408112e-07
58800.000000000095 1.328465450471113e-07
58850.000000000095 2.337577700942065e-07
58900.000000000095 2.808116198942837e-07
58950.000000000095 1.8512012869087863e-07
59000.000000000095 2.679782091045082e-07
59050.000000000095 2.289870944887554e-07
59100.000000000095 2.707966441431667e-07
59150.000000000095 2.0629732005325972e-07
59200.000000000095 2.341067565477759e-07
59250.000000000095 2.6770544143195137e-07
59300.000000000095 2.624124006653379e-07
59350.000000000095 1.6747429948374883e-07
59400.000000000095 1.292902436611496e-07
59450.000000000095 2.1218995339054904e-07
59500.000000000095 1.5015631743650887e-07
59550.000000000095 2.293633314040028e-07
59600.000000000095 1.8450171399278753e-07
59650.000000000095 2.4453413095235496e-07
59700.000000000095 1.5459222035711075e-07
59750.000000000095 2.6111520893541727e-07
59800.000000000095 1.9028255817081983e-07
59850.000000000095 2.298432564641922e-07
59900.000000000095 1.4169445817033003e-07
59950.000000000095 1.653059259676721e-07
60000.000000000095 2.6419963332256326e-07
60050.000000000095 2.5261935429395334e-07
60100.000000000095 2.819167696931046e-07
60150.000000000095 2.2511352377391834e-07
60200.000000000095 2.1002401919794841e-07
60250.000000000095 2.3778983680789833e-07
60300.000000000095 2.703409016702525e-07
60350.000000000095 2.1140653010851424e-07
60400.000000000095 2.2766455284850857e-07
60450.000000000095 1.781960313977791e-07
60500.000000000095 1.1730434256371531e-07
60550.000000000095 2.8901555912044815e-07
60600.000000000095 2.6101299219416534e-07
60650.000000000095 2.3509517992257372e-07
60700.000000000095 2.1643726424473887e-07
60750.000000000095 1.809305395463537e-07
60800.000000000095 2.615379056344209e-07
60850.000000000095 3.0460054359273526e-07
60900.000000000095 3.0513132657003806e-07
60950.000000000095 2.982422259335752e-07
61000.000000000095 2.1072053849579678e-07
61050.000000000095 1.7947165174145374e-07
61100.000000000095 2.410895778883883e-07
61150.000000000095 1.1798120275000091e-07
61200.000000000095 2.782119259413761e-07
61250.000000000095 3.129216072944131e-07
61300.000000000095 2.686953688890507e-07
61350.000000000095 2.9230919309440297e-07
61400.000000000095 2.4750782499903774e-07
61450.000000000095 1.7274685495744163e-07
61500.000000000095 2.0686471876591565e-07
61550.000000000095 1.796641646726701e-07
61600.000000000095 1.4632504181231974e-07
61650.000000000095 2.2682050364356898e-07
61700.000000000095 1.4953066632070843e-07
61750.000000000095 2.1569134780060928e-07
61800.000000000095 2.20033821747705e-07
61850.000000000095 2.151534919094911e-07
61900.000000000095 2.532634242424177e-07
61950.000000000095 2.1234306006264234e-07
62000.000000000095 2.5364704040423367e-07
62050.000000000095 2.0413926261215235e-07
62100.000000000095 2.4739655869571545e-07
62150.000000000095 2.9195446497100624e-07
62200.000000000095 2.3397955682174315e-07
62250.000000000095 2.553484071896118e-07
62300.000000000095 3.049592107798893e-07
62350.000000000095 2.0462100240076186e-07
62400.000000000095 1.5212169094302952e-07
62450.000000000095 2.529305979855968e-07
62500.000000000095 2.7022751356022286e-07
62550.000000000095 2.723943089643732e-07
62600.000000000095 2.7068147420008526e-07
62650.000000000095 2.0275893326751534e-07
62700.000000000095 2.6327595129575007e-07
62750.000000000095 3.179671195844786e-07
62800.000000000095 2.401183609861928e-07
62850.000000000095 2.879727530579035e-07
62900.000000000095 2.3690902403362673e-07
62950.000000000095 2.4351716301599344e-07
63000.000000000095 2.3647869403454027e-07
63050.000000000095 2.8251368519967916e-07
63100.000000000095 2.523680880089199e-07
63150.000000000095 2.7015976495240673e-07
63200.000000000095 3.00695665279812e-07
63250.000000000095 1.6065250612037604e-07
63300.000000000095 2.5295846734816644e-07
63350.000000000095 2.570628346292175e-07
63400.000000000095 1.9928872825506166e-07
63450.000000000095 1.9166438164474874e-07
63500.000000000095 2.402082646721665e-07
63550.000000000095 2.2689153755173387e-07
63600.000000000095 2.3209908706463194e-07
63650.000000000095 1.869635119301412e-07
63700.000000000095 2.030913720220991e-07
63750.000000000095 2.291125537602562e-07
63800.000000000095 2.6782952365252e-07
63850.000000000095 2.2518117445402565e-07
63900.000000000095 2.166879957589161e-07
63950.000000000095 2.534413357654102e-07
64000.000000000095 2.1308953248230983e-07
64050.000000000095 2.0453208055893808e-07
64100.000000000095 1.1720263966559388e-07
64150.000000000095 1.438126872030988e-07
64200.000000000095 1.4050361747150466e-07
64250.000000000095 2.3059840561382648e-07
64300.000000000095 1.8422694856229453e-07
64350.000000000095 1.434172629049212e-07
64400.000000000095 2.0965609736588977e-07
64450.000000000095 2.0499669911684408e-07
64500.000000000095 1.752547000313037e-07
64550.000000000095 1.7925272804443417e-07
64600.000000000095 9.662422365818512e-08
64650.000000000095 1.6179654568055137e-07
64700.000000000095 1.2170353013449486e-07
64750.000000000095 1.6078160558039334e-07
64800.000000000095 1.5629511467641026e-07
64850.000000000095 1.388730167816018e-07
64900.000000000095 1.6037159651373643e-07
64950.000000000095 1.7777753539195732e-07
65000.000000000095 1.976997284458231e-07
65050.000000000095 1.468043888911062e-07
65100.000000000095 2.0893498886633875e-07
65150.000000000095 1.266349338446159e-07
65200.000000000095 1.4710292743475794e-07
65250.000000000095 2.2562038898343782e-07
65300.000000000095 1.7791493201116967e-07
65350.000000000095 2.22525326606898e-07
65400.000000000095 1.753554759273113e-07
65450.000000000095 2.1179103516692064e-07
65500.000000000095 2.2711860913583917e-07
65550.00000000009 1.6267111137429676e-07
65600.00000000009 1.9154640849435022e-07
65650.00000000009 2.180503471651422e-07
65700.00000000009 1.847987695493561e-07
65750.00000000009 1.7163267801775033e-07
65800.00000000009 2.210992896545236e-07
65850.00000000009 1.9144262367768365e-07
65900.00000000009 1.6992365886774712e-07
65950.00000000009 1.2089467470346802e-07
66000.00000000009 2.0175028062712567e-07
66050.00000000009 2.8301080927602026e-07
66100.00000000009 2.17364600773088e-07
66150.00000000009 1.4163462327269148e-07
66200.00000000009 1.590307729123334e-07
66250.00000000009 1.4373404715855381e-07
66300.00000000009 9.40193564589636e-08
66350.00000000009 1.2900065066646035e-07
66400.00000000009 1.4982771186451062e-07
66450.00000000009 2.0901013252871224e-07
66500.00000000009 2.820724577533054e-07
66550.00000000009 2.9378726643414406e-07
66600.00000000009 2.292547319293132e-07
66650.00000000009 1.9899476902442782e-07
66700.00000000009 1.9371224751539096e-07
66750.00000000009 1.7378701939901484e-07
66800.00000000009 2.2015844438233686e-07
66850.00000000009 1.762895705449169e-07
66900.00000000009 2.2373988487362975e-07
66950.00000000009 2.5653057994836526e-07
67000.00000000009 2.49513284573646e-07
67050.00000000009 2.2100582950566454e-07
67100.00000000009 1.8011944501375428e-07
67150.00000000009 1.781122228268539e-07
67200.00000000009 1.8177220061708034e-07
67250.00000000009 2.1513361281137603e-07
67300.00000000009 1.857439989875551e-07
67350.00000000009 1.3411994773516806e-07
67400.00000000009 2.2798530956765636e-07
67450.00000000009 1.935161182661306e-07
67500.00000000009 1.9020148248967192e-07
67550.00000000009 2.031962064802972e-07
67600.00000000009 2.7391413257951665e-07
67650.00000000009 2.478196181600112e-07
67700.00000000009 1.9828850989746767e-07
67750.00000000009 2.0680653611490935e-07
67800.00000000009 2.3462571099061271e-07
67850.00000000009 1.7295931560336784e-07
67900.00000000009 2.0094213878313535e-07
67950.00000000009 1.2915299674052478e-07
68000.00000000009 1.7783161004865864e-07
