galfind/configs/Brown_Dwarf_templates/sonora_cholla/logkzz2/31g/1000K_31g_logkzz2_resample.dat
# %ECSV 1.0
# ---
# datatype:
# - {name: wav, unit: Angstrom, datatype: float64}
# - {name: flux_nu, unit: erg / (cm2 Hz s), datatype: float64}
# schema: astropy-2.0
wav flux_nu
[from data line 388]
29400.000000000095 1.8818416583927699e-07
29450.000000000095 1.722578339789412e-07
29500.000000000095 1.7502299497873336e-07
29550.000000000095 1.4881134250203203e-07
29600.000000000095 2.2516053991811953e-07
29650.000000000095 1.666845327231354e-07
29700.000000000095 1.667989731615259e-07
29750.000000000095 1.8713058929569576e-07
29800.000000000095 2.413408741086445e-07
29850.000000000095 2.2588914359483485e-07
29900.000000000095 1.8502151950478103e-07
29950.000000000095 1.5506417707442757e-07
30000.000000000095 2.073771248810056e-07
30050.000000000095 1.571360186562841e-07
30100.000000000095 1.683275816347592e-07
30150.000000000095 2.0561414382697144e-07
30200.000000000095 1.6321854337356433e-07
30250.000000000095 1.828977751539856e-07
30300.000000000095 1.7416844089757708e-07
30350.000000000095 1.3823990048767602e-07
30400.000000000095 1.5289202196612145e-07
30450.000000000095 1.343928332573282e-07
30500.000000000095 1.280131689680431e-07
30550.000000000095 1.2512480436348988e-07
30600.000000000095 1.24212047762994e-07
30650.000000000095 1.115734635016173e-07
30700.000000000095 1.0156847650161403e-07
30750.000000000095 8.680498944667794e-08
30800.000000000095 9.941529793892968e-08
30850.000000000095 8.666203863667628e-08
30900.000000000095 7.822949602954347e-08
30950.000000000095 6.958555303975204e-08
31000.000000000095 7.116924310625028e-08
31050.000000000095 6.730204153614038e-08
31100.000000000095 4.7432658405387396e-08
31150.000000000095 5.9456535444157484e-08
31200.000000000095 5.637010061129151e-08
31250.000000000095 4.677072479496839e-08
31300.000000000095 4.580808041226456e-08
31350.000000000095 4.4190682660954804e-08
31400.000000000095 3.049627285573628e-08
31450.000000000095 4.956814579354296e-08
31500.000000000095 3.259084848272996e-08
31550.000000000095 4.628822939667443e-08
31600.000000000095 3.0215466109506556e-08
31650.000000000095 3.5066912676585676e-08
31700.000000000095 3.460834831053938e-08
31750.000000000095 2.940522855271221e-08
31800.000000000095 3.063816978001123e-08
31850.000000000095 3.334390392376847e-08
31900.000000000095 2.8227462812182773e-08
31950.000000000095 3.203451841664076e-08
32000.000000000095 3.0882324961560466e-08
32050.000000000095 1.9789362872603693e-08
32100.000000000095 2.3255541696748788e-08
32150.000000000095 2.8237819578734387e-08
32200.000000000095 2.502751219029963e-08
32250.000000000095 3.111981258300172e-08
32300.000000000095 2.19086294828654e-08
32350.000000000095 3.267487558733531e-08
32400.000000000095 2.8579894046819502e-08
32450.000000000095 3.420331197577896e-08
32500.000000000095 2.5691859531192543e-08
32550.000000000095 3.296998155481197e-08
32600.000000000095 3.6678730716374906e-08
32650.000000000095 4.622862085408866e-08
32700.000000000095 3.4557867724913704e-08
32750.000000000095 4.8125893137636275e-08
32800.000000000095 3.317595228361502e-08
32850.000000000095 4.906520132449044e-08
32900.000000000095 4.9491742374431663e-08
32950.000000000095 5.6786744564021315e-08
33000.000000000095 5.0856008757578597e-08
33050.000000000095 4.6990347668704216e-08
33100.000000000095 2.381366192899661e-08
33150.000000000095 1.540551181503797e-08
33200.000000000095 1.4636496494757707e-08
33250.000000000095 6.960517656575358e-09
33300.000000000095 6.55228115371445e-09
33350.000000000095 1.0945259451935405e-08
33400.000000000095 1.4948340939010364e-08
33450.000000000095 1.8958531258282994e-08
33500.000000000095 2.2167331721349026e-08
33550.000000000095 2.2740683754844462e-08
33600.000000000095 3.612707204415889e-08
33650.000000000095 3.371732236209665e-08
33700.000000000095 3.40442437951422e-08
33750.000000000095 4.023122741608107e-08
33800.000000000095 3.843683585695331e-08
33850.000000000095 4.3667787539344324e-08
33900.000000000095 4.11108591971784e-08
33950.000000000095 4.113968298156874e-08
34000.000000000095 4.88385207255096e-08
34050.000000000095 2.7238730975300007e-08
34100.000000000095 4.8229112263758414e-08
34150.000000000095 3.9779784839434665e-08
34200.000000000095 4.692412323044549e-08
34250.000000000095 3.471299740032147e-08
34300.000000000095 3.1784161686401954e-08
34350.000000000095 3.808625713914726e-08
34400.000000000095 3.648443817011637e-08
34450.000000000095 4.694350358956826e-08
34500.000000000095 4.0295483409051536e-08
34550.000000000095 3.198741574101064e-08
34600.000000000095 4.5943673886040955e-08
34650.000000000095 3.767716805999802e-08
34700.000000000095 3.740913979945176e-08
34750.000000000095 3.342189674903204e-08
34800.000000000095 2.669579096780605e-08
34850.000000000095 3.590100004067592e-08
34900.000000000095 4.649489483671666e-08
34950.000000000095 3.82270729301989e-08
35000.000000000095 4.732128041360365e-08
35050.000000000095 4.247399321289121e-08
35100.000000000095 4.70955495208846e-08
35150.000000000095 4.468918576646335e-08
35200.000000000095 6.965868822583315e-08
35250.000000000095 5.58395385121208e-08
35300.000000000095 4.1739852122554095e-08
35350.000000000095 5.877491014328384e-08
35400.000000000095 5.6751492013835106e-08
35450.000000000095 5.267163220423315e-08
35500.000000000095 7.38447165584991e-08
35550.000000000095 6.880386374309543e-08
35600.000000000095 6.666282813440919e-08
35650.000000000095 6.250988329759288e-08
35700.000000000095 5.151233816618333e-08
35750.000000000095 8.533191653995031e-08
35800.000000000095 7.677166827810724e-08
35850.000000000095 5.854548133742272e-08
35900.000000000095 8.920377210459596e-08
35950.000000000095 7.275902803436595e-08
36000.000000000095 5.2552434660419385e-08
36050.000000000095 7.446749255052861e-08
36100.000000000095 7.597310589233421e-08
36150.000000000095 6.964784832553291e-08
36200.000000000095 7.202647290159138e-08
36250.000000000095 8.267773615254467e-08
36300.000000000095 8.626015463028176e-08
36350.000000000095 9.890715679810436e-08
36400.000000000095 1.0583329454407518e-07
36450.000000000095 1.0351356116743061e-07
36500.000000000095 1.2448579548682403e-07
36550.000000000095 9.850330765393925e-08
36600.000000000095 1.3010919374087368e-07
36650.000000000095 1.3140019192852218e-07
36700.000000000095 1.5445330406852942e-07
36750.000000000095 1.555705912431516e-07
36800.000000000095 1.4078199609378058e-07
36850.000000000095 1.411568660007386e-07
36900.000000000095 1.4490729953227438e-07
36950.000000000095 1.5769488390675031e-07
37000.000000000095 1.5242418877104555e-07
37050.000000000095 1.5803615665895707e-07
37100.000000000095 1.7683666612247727e-07
37150.000000000095 1.747533573867466e-07
37200.000000000095 1.50979975159286e-07
37250.000000000095 1.4736430587217068e-07
37300.000000000095 1.670104460762803e-07
37350.000000000095 1.7740518490644405e-07
37400.000000000095 1.9239305517283946e-07
37450.000000000095 1.9808438307223857e-07
37500.000000000095 1.5185165723997746e-07
37550.000000000095 2.3417759028342608e-07
37600.000000000095 2.280189607346214e-07
37650.000000000095 1.9395555845700136e-07
37700.000000000095 1.7961003658648665e-07
37750.000000000095 1.543410379067776e-07
37800.000000000095 1.707032864142098e-07
37850.000000000095 1.8454908367212422e-07
37900.000000000095 1.9418639462607905e-07
37950.000000000095 2.1276180620416312e-07
38000.000000000095 2.3997680427640354e-07
38050.000000000095 2.054383550307658e-07
38100.000000000095 2.2740227040690996e-07
38150.000000000095 2.6326373526390184e-07
38200.000000000095 2.80914396337103e-07
38250.000000000095 2.83522661372138e-07
38300.000000000095 3.161907558910482e-07
38350.000000000095 3.3060139666538535e-07
38400.000000000095 2.474025161590634e-07
38450.000000000095 2.606435473646794e-07
38500.000000000095 2.2915185519034905e-07
38550.000000000095 2.5124521666511593e-07
38600.000000000095 2.733070835563593e-07
38650.000000000095 3.6478144233231157e-07
38700.000000000095 2.859803104871615e-07
38750.000000000095 2.913605764757452e-07
38800.000000000095 2.7509666818637637e-07
38850.000000000095 3.605561732810082e-07
38900.000000000095 3.454002377092655e-07
38950.000000000095 3.3856078422703434e-07
39000.000000000095 4.04771414252228e-07
39050.000000000095 3.3354569481886287e-07
39100.000000000095 3.834424622624488e-07
39150.000000000095 3.499405790115449e-07
39200.000000000095 3.341465600810098e-07
39250.000000000095 4.131320444032934e-07
39300.000000000095 3.9318582427536266e-07
39350.000000000095 5.163325640550226e-07
39400.000000000095 4.7425582228938235e-07
39450.000000000095 4.5097632656123354e-07
39500.000000000095 3.5136285305155134e-07
39550.000000000095 3.836401072573679e-07
39600.000000000095 4.4452974135111425e-07
39650.000000000095 5.241362209445099e-07
39700.000000000095 4.078894183642654e-07
39750.000000000095 3.367547092426706e-07
39800.000000000095 4.730995773506649e-07
39850.000000000095 5.00206604383793e-07
39900.000000000095 4.6078327147943513e-07
39950.000000000095 4.907261691612e-07
40000.000000000095 5.363862871785495e-07
40050.000000000095 5.315450571483948e-07
40100.000000000095 4.393176037715551e-07
40150.000000000095 6.292054891184774e-07
40200.000000000095 6.288591541133125e-07
40250.000000000095 4.857260316870364e-07
40300.000000000095 5.828739855664613e-07
40350.000000000095 5.125509971778443e-07
40400.000000000095 5.750384074897579e-07
40450.000000000095 6.026647911039272e-07
40500.000000000095 5.86859594732232e-07
40550.000000000095 5.90805383119033e-07
40600.000000000095 5.955800043749373e-07
40650.000000000095 6.348535129537627e-07
40700.000000000095 7.384749838000292e-07
40750.000000000095 7.251517535760597e-07
40800.000000000095 5.565553641605227e-07
40850.000000000095 6.824124199658851e-07
40900.000000000095 5.301190000633193e-07
40950.000000000095 5.835800887272778e-07
41000.000000000095 6.625599196668517e-07
41050.000000000095 7.263533294172339e-07
41100.000000000095 6.058428758241247e-07
41150.000000000095 5.658078937208564e-07
41200.000000000095 7.193575834276727e-07
41250.000000000095 6.721291503769216e-07
41300.000000000095 5.892313174694343e-07
41350.000000000095 7.600098116389514e-07
41400.000000000095 6.945457207696157e-07
41450.000000000095 7.409484117137409e-07
41500.000000000095 6.164530820305818e-07
41550.000000000095 6.577911578660937e-07
41600.000000000095 7.783163977588535e-07
41650.000000000095 5.98574693585368e-07
41700.000000000095 6.572625685841514e-07
41750.000000000095 5.302486256161647e-07
41800.000000000095 7.29598503351792e-07
41850.000000000095 4.642992030306635e-07
41900.000000000095 6.219747210102954e-07
41950.000000000095 5.622784958209982e-07
42000.000000000095 6.159500766084918e-07
42050.000000000095 5.457978982609763e-07
42100.000000000095 5.976513281299461e-07
42150.000000000095 4.6781844914100446e-07
42200.000000000095 5.696080233634834e-07
42250.000000000095 4.577258721587179e-07
42300.000000000095 5.445772476178254e-07
42350.000000000095 5.356948311422008e-07
42400.000000000095 4.230182047762535e-07
42450.000000000095 3.9510649028516383e-07
42500.000000000095 4.262065412619522e-07
42550.000000000095 4.905100761882065e-07
42600.000000000095 4.283578267699685e-07
42650.000000000095 5.443243230122986e-07
42700.000000000095 4.558095670395877e-07
42750.000000000095 4.7558585976570757e-07
42800.000000000095 4.007744583763624e-07
42850.000000000095 4.3930109179948233e-07
42900.000000000095 4.6976946703129356e-07
42950.000000000095 4.285598851201276e-07
43000.000000000095 5.131394235896399e-07
43050.000000000095 3.9521980054686584e-07
43100.000000000095 4.825728541328665e-07
43150.000000000095 5.124112567835175e-07
43200.000000000095 5.186639462678661e-07
43250.000000000095 4.265528108440155e-07
43300.000000000095 5.301221890264467e-07
43350.000000000095 4.969334441617898e-07
43400.000000000095 5.373801368789359e-07
43450.000000000095 3.892349843012297e-07
43500.000000000095 3.9484823391967467e-07
43550.000000000095 4.1626934725072236e-07
43600.000000000095 5.233917051644124e-07
43650.000000000095 3.768032389519214e-07
43700.000000000095 5.624319570297673e-07
43750.000000000095 5.156998625162975e-07
43800.000000000095 4.1794970684686206e-07
43850.000000000095 5.280589071758303e-07
43900.000000000095 3.3157246145872083e-07
43950.000000000095 4.793852668663415e-07
44000.000000000095 3.667692557453517e-07
44050.000000000095 5.287495792579509e-07
44100.000000000095 5.165476791042936e-07
44150.000000000095 5.465946863064276e-07
44200.000000000095 4.482311390233846e-07
44250.000000000095 4.7537816281808244e-07
44300.000000000095 4.4471171348729227e-07
44350.000000000095 3.500078217691178e-07
44400.000000000095 4.468942274702769e-07
44450.000000000095 4.852558384077576e-07
44500.000000000095 4.30868975250319e-07
44550.000000000095 5.166313235305442e-07
44600.000000000095 4.196042275836952e-07
44650.000000000095 4.952864564382846e-07
44700.000000000095 4.487686117578524e-07
44750.000000000095 5.182641216912062e-07
44800.000000000095 4.653997956294695e-07
44850.000000000095 4.859205984960614e-07
44900.000000000095 3.851033026636717e-07
44950.000000000095 4.5207896805998875e-07
45000.000000000095 4.664270429685955e-07
45050.000000000095 4.7631558194391534e-07
45100.000000000095 4.2259270270777415e-07
45150.000000000095 4.6231465802307373e-07
45200.000000000095 3.991113810911549e-07
45250.000000000095 4.3319551367709714e-07
45300.000000000095 4.1848864578458554e-07
45350.000000000095 4.403233567646856e-07
45400.000000000095 4.2252570630818055e-07
45450.000000000095 4.2308417885642116e-07
45500.000000000095 4.0274926005134e-07
45550.000000000095 4.254372888470142e-07
45600.000000000095 4.338578615025928e-07
45650.000000000095 4.3307316399545285e-07
45700.000000000095 3.9670927254112024e-07
45750.000000000095 4.4031579787196135e-07
45800.000000000095 4.5047822717982316e-07
45850.000000000095 5.350281769173313e-07
45900.000000000095 5.18379632053419e-07
45950.000000000095 4.594707272184724e-07
46000.000000000095 4.688045801493444e-07
46050.000000000095 4.32463419203503e-07
46100.000000000095 4.485600654598521e-07
46150.000000000095 4.518447299070187e-07
46200.000000000095 4.052407627626443e-07
46250.000000000095 3.708443327656182e-07
46300.000000000095 5.055115495428479e-07
46350.000000000095 3.6806241661385315e-07
46400.000000000095 4.7302954216432897e-07
46450.000000000095 4.983424657444591e-07
46500.000000000095 4.3537680276995233e-07
46550.000000000095 4.4345612978166267e-07
46600.000000000095 4.6353837249648646e-07
46650.000000000095 5.831248945743057e-07
46700.000000000095 4.6738101486163867e-07
46750.000000000095 4.404466025680263e-07
46800.000000000095 3.748802179928161e-07
46850.000000000095 5.116794207392494e-07
46900.000000000095 4.774629263415333e-07
46950.000000000095 5.137759683726873e-07
47000.000000000095 4.7132380121781064e-07
47050.000000000095 5.382753276371233e-07
47100.000000000095 4.1668029822665804e-07
47150.000000000095 4.471443351445457e-07
47200.000000000095 5.119111157978524e-07
47250.000000000095 4.09923333118087e-07
47300.000000000095 4.187994818416879e-07
47350.000000000095 4.505195143049719e-07
47400.000000000095 5.347134424061906e-07
47450.000000000095 4.6212737762281426e-07
47500.000000000095 5.659831196907128e-07
47550.000000000095 4.3658173104182266e-07
47600.000000000095 4.993533058903593e-07
47650.000000000095 4.601925800642766e-07
47700.000000000095 4.769669426846788e-07
47750.000000000095 3.7126919620249075e-07
47800.000000000095 3.866856862615006e-07
47850.000000000095 3.010210565059943e-07
47900.000000000095 4.438742153106821e-07
47950.000000000095 4.1231353274133305e-07
48000.000000000095 5.651022134348607e-07
48050.000000000095 4.5659452597570264e-07
48100.000000000095 4.189521996937146e-07
48150.000000000095 4.041717239559337e-07
48200.000000000095 4.902636907277949e-07
48250.000000000095 4.3070576393107445e-07
48300.000000000095 5.614063022052702e-07
48350.000000000095 3.33878230734932e-07
48400.000000000095 4.0057769290466284e-07
48450.000000000095 4.0800910842144956e-07
48500.000000000095 5.374873700428719e-07
48550.000000000095 3.7195781920843774e-07
48600.000000000095 4.5927141797045344e-07
48650.000000000095 3.8020027554638397e-07
48700.000000000095 5.024881167315981e-07
