galfind/configs/Brown_Dwarf_templates/sonora_cholla/logkzz2/31g/1050K_31g_logkzz2_resample.dat
# %ECSV 1.0
# ---
# datatype:
# - {name: wav, unit: Angstrom, datatype: float64}
# - {name: flux_nu, unit: erg / (cm2 Hz s), datatype: float64}
# schema: astropy-2.0
wav flux_nu
[from data line 1161]
68050.00000000009 2.1884547611489804e-07
68100.00000000009 2.3533399166436558e-07
68150.00000000009 1.8774133520890978e-07
68200.00000000009 1.8440838470085677e-07
68250.00000000009 1.0827293808434131e-07
68300.00000000009 1.6666357394041394e-07
68350.00000000009 9.033234066205411e-08
68400.00000000009 2.442818417479113e-07
68450.00000000009 2.3627490521418802e-07
68500.00000000009 1.9875179866214676e-07
68550.00000000009 1.480409695891797e-07
68600.00000000009 1.548717888460484e-07
68650.00000000009 1.1344612419066006e-07
68700.00000000009 1.6773451640058637e-07
68750.00000000009 2.0145171032705388e-07
68800.00000000009 2.086746309245478e-07
68850.00000000009 1.2431692012949184e-07
68900.00000000009 2.5237467686068447e-07
68950.00000000009 2.50243655312509e-07
69000.00000000009 2.3078339538919283e-07
69050.00000000009 1.66102562095238e-07
69100.00000000009 2.2899431813209758e-07
69150.00000000009 2.931473221443576e-07
69200.00000000009 1.9633867880136688e-07
69250.00000000009 2.599745282527186e-07
69300.00000000009 1.8984858024781257e-07
69350.00000000009 2.458385079080675e-07
69400.00000000009 1.3208336042402812e-07
69450.00000000009 2.4703572982830583e-07
69500.00000000009 1.8860655254037606e-07
69550.00000000009 1.905198891882857e-07
69600.00000000009 8.963998287920403e-08
69650.00000000009 1.818813915992129e-07
69700.00000000009 2.381587355785516e-07
69750.00000000009 1.6975990607877926e-07
69800.00000000009 2.3172215577086613e-07
69850.00000000009 2.292188265752996e-07
69900.00000000009 1.552898897286657e-07
69950.00000000009 1.9422522106611252e-07
70000.00000000009 1.7158010184556192e-07
70050.00000000009 2.3617743016110046e-07
70100.00000000009 1.9174239876360945e-07
70150.00000000009 2.000615477393174e-07
70200.00000000009 1.4559680079687514e-07
70250.00000000009 1.9067680737788723e-07
70300.00000000009 2.2817266849392805e-07
70350.00000000009 1.6432983966047697e-07
70400.00000000009 1.725319845119964e-07
70450.00000000009 9.939169294040866e-08
70500.00000000009 1.376733375791208e-07
70550.00000000009 1.539342477266934e-07
70600.00000000009 1.4401699366122779e-07
70650.00000000009 1.9637764736695114e-07
70700.00000000009 1.8726980921887697e-07
70750.00000000009 1.9803870830140295e-07
70800.00000000009 1.3548314174611472e-07
70850.00000000009 1.4929737784973592e-07
70900.00000000009 1.3451619712089342e-07
70950.00000000009 2.2700579792595285e-07
71000.00000000009 1.817768731766073e-07
71050.00000000009 1.849916981613596e-07
71100.00000000009 1.6986249381509346e-07
71150.00000000009 1.8827453263446665e-07
71200.00000000009 1.6378444440946528e-07
71250.00000000009 1.6597668364864647e-07
71300.00000000009 2.1537889252095636e-07
71350.00000000009 2.0410026859815614e-07
71400.00000000009 2.0757375381038615e-07
71450.00000000009 1.2377185471842654e-07
71500.00000000009 1.5154554082672067e-07
71550.00000000009 1.620029174870925e-07
71600.00000000009 1.6109194240609364e-07
71650.00000000009 1.7086213771292723e-07
71700.00000000009 1.429809815127387e-07
71750.00000000009 1.5925112300037878e-07
71800.00000000009 2.0663671439848649e-07
71850.00000000009 1.9447777820415897e-07
71900.00000000009 1.4752398686513787e-07
71950.00000000009 1.493826632676399e-07
72000.00000000009 1.52517153275754e-07
72050.00000000009 1.301003494654011e-07
72100.00000000009 1.4642582506627982e-07
72150.00000000009 1.144047488591499e-07
72200.00000000009 1.3968698561989934e-07
72250.00000000009 1.6120807988769558e-07
72300.00000000009 1.650979735210846e-07
72350.00000000009 1.644274810307245e-07
72400.00000000009 1.2552209575497611e-07
72450.00000000009 1.251513398826229e-07
72500.00000000009 1.45945484398272e-07
72550.00000000009 8.869303197525672e-08
72600.00000000009 8.09860819592238e-08
72650.00000000009 1.711220794835552e-07
72700.00000000009 1.7403840332071478e-07
72750.00000000009 1.4597066757016497e-07
72800.00000000009 1.3921729670681512e-07
72850.00000000009 1.2357068567064163e-07
72900.00000000009 1.352878478972563e-07
72950.00000000009 1.546130810369102e-07
73000.00000000009 1.5988185506659636e-07
73050.00000000009 1.3716462670073047e-07
73100.00000000009 1.1744115731569405e-07
73150.00000000009 1.8881360117854115e-07
73200.00000000009 1.2267189291131926e-07
73250.00000000009 1.318948086196486e-07
73300.00000000009 1.446845452246968e-07
73350.00000000009 1.237652992221847e-07
73400.00000000009 1.4229075016726302e-07
73450.00000000009 9.75519372320755e-08
73500.00000000009 1.0237555334427515e-07
73550.00000000009 1.2445273101213283e-07
73600.00000000009 1.0032161795354167e-07
73650.00000000009 1.3295746658420682e-07
73700.00000000009 1.5797043963929352e-07
73750.00000000009 1.0300994870145643e-07
73800.00000000009 1.2598681471309646e-07
73850.00000000009 1.315936898352122e-07
73900.00000000009 1.4852060323459157e-07
73950.00000000009 1.325568671645303e-07
74000.00000000009 1.2878555588974045e-07
74050.00000000009 1.865570847211699e-07
74100.00000000009 1.1030482087337697e-07
74150.00000000009 1.406893924617286e-07
74200.00000000009 1.262650182890086e-07
74250.00000000009 8.954016890270209e-08
74300.00000000009 1.2673014456663253e-07
74350.00000000009 1.466692732151599e-07
74400.00000000009 1.3796958041140805e-07
74450.00000000009 8.502366504876206e-08
74500.00000000009 1.071849702641297e-07
74550.00000000009 1.2130797625039875e-07
74600.00000000009 1.299072686043001e-07
74650.00000000009 1.2992153976469627e-07
74700.00000000009 1.0209596955575557e-07
74750.00000000009 1.1836803888513381e-07
74800.00000000009 1.2280248932869878e-07
74850.00000000009 7.192674970300624e-08
74900.00000000009 1.544458335641532e-07
74950.00000000009 1.666795221268302e-07
75000.00000000009 1.3501050041252485e-07
75050.00000000009 1.1483497387546926e-07
75100.00000000009 1.7634907626629127e-07
75150.00000000009 1.4690497683872916e-07
75200.00000000009 1.7407604014419777e-07
75250.00000000009 1.3685025738917253e-07
75300.00000000009 1.6448348469448963e-07
75350.00000000009 1.0695932606984451e-07
75400.00000000009 1.6015037023353853e-07
75450.00000000009 1.392504093794957e-07
75500.00000000009 1.189910659869055e-07
75550.00000000009 1.832986501270579e-07
75600.00000000009 1.96423363868952e-07
75650.00000000009 1.250503701009162e-07
75700.00000000009 1.4303199802425656e-07
75750.00000000009 1.0405977310677257e-07
75800.00000000009 1.5792019164676691e-07
75850.00000000009 1.9977219829990848e-07
75900.00000000009 1.7670620578518977e-07
75950.00000000009 1.421473083312104e-07
76000.00000000009 1.392395351657556e-07
76050.00000000009 1.7615340129529972e-07
76100.00000000009 1.4293636361117985e-07
76150.00000000009 1.798807667396276e-07
76200.00000000009 1.8108808913164868e-07
76250.00000000009 2.054887420764227e-07
76300.00000000009 1.9991787105923427e-07
76350.00000000009 2.378206153179601e-07
76400.00000000009 1.9481053935503649e-07
76450.00000000009 1.935147646642185e-07
76500.00000000009 1.460814448601493e-07
76550.00000000009 1.492011559523061e-07
76600.00000000009 8.657437988499983e-08
76650.00000000009 8.247777590567176e-08
76700.00000000009 1.0272659747558782e-07
76750.00000000009 8.975216784124397e-08
76800.00000000009 1.2880897377268742e-07
76850.00000000009 5.7408151833418155e-08
76900.00000000009 7.258505646580937e-08
76950.00000000009 9.858454127089082e-08
77000.00000000009 1.1213135900253707e-07
77050.00000000009 7.666767071466515e-08
77100.00000000009 8.553570961036936e-08
77150.00000000009 1.253175911784161e-07
77200.00000000009 9.879608959755964e-08
77250.00000000009 1.1147123973981897e-07
77300.00000000009 1.0445160528851952e-07
77350.00000000009 7.73085019106425e-08
77400.00000000009 6.801200368887194e-08
77450.00000000009 7.150848624874632e-08
77500.00000000009 8.980532328775952e-08
77550.00000000009 1.0097121645829083e-07
77600.00000000009 1.0359680283427657e-07
77650.00000000009 1.0464638018522429e-07
77700.00000000009 7.531867956710099e-08
77750.00000000009 1.1724624180341154e-07
77800.00000000009 9.391597724758956e-08
77850.00000000009 1.3708150931677598e-07
77900.00000000009 1.1152805066581095e-07
77950.00000000009 7.908404605538905e-08
78000.00000000009 9.362661699193501e-08
78050.00000000009 1.2664776316652707e-07
78100.00000000009 9.442569579744476e-08
78150.00000000009 1.2909224194167946e-07
78200.00000000009 1.298392631806809e-07
78250.00000000009 1.3369901805925948e-07
78300.00000000009 1.393363043780342e-07
78350.00000000009 1.264720291755692e-07
78400.00000000009 1.232924130950791e-07
78450.00000000009 1.5645575472733786e-07
78500.00000000009 1.3261687394834501e-07
78550.00000000009 1.5473308884376876e-07
78600.00000000009 1.3317437343984994e-07
78650.00000000009 7.468149117989607e-08
78700.00000000009 1.0725891491316105e-07
78750.00000000009 1.0515153712218087e-07
78800.00000000009 1.3744662366807832e-07
78850.00000000009 1.1117061850629486e-07
78900.00000000009 1.321242537074754e-07
78950.00000000009 1.2121491613425375e-07
79000.00000000009 1.2004795826997184e-07
79050.00000000009 1.0597061765102201e-07
79100.00000000009 1.1602066187675784e-07
79150.00000000009 1.300902886569537e-07
79200.00000000009 1.6600015286699931e-07
79250.00000000009 1.5013383177811767e-07
79300.00000000009 1.0199714309556239e-07
79350.00000000009 1.4036864267369065e-07
79400.00000000009 1.2448213959346775e-07
79450.00000000009 1.1890944347343079e-07
79500.00000000009 1.8665381338502945e-07
79550.00000000009 1.489821633131577e-07
79600.00000000009 1.1265039950740544e-07
79650.00000000009 1.3668097084500494e-07
79700.00000000009 1.7623641296935536e-07
79750.00000000009 1.5892046461274746e-07
79800.00000000009 1.39561194945695e-07
79850.00000000009 1.327068713628408e-07
79900.00000000009 1.903638513612787e-07
79950.00000000009 1.2317031007529572e-07
