galfind/configs/Brown_Dwarf_templates/sonora_cholla/logkzz2/31g/1100K_31g_logkzz2_resample.dat
# %ECSV 1.0
# ---
# datatype:
# - {name: wav, unit: Angstrom, datatype: float64}
# - {name: flux_nu, unit: erg / (cm2 Hz s), datatype: float64}
# schema: astropy-2.0
wav flux_nu
[from data line 1162]
68100.00000000009 2.6807356407703516e-07
68150.00000000009 2.1461530121306052e-07
68200.00000000009 2.1551951490675472e-07
68250.00000000009 1.3138863577581893e-07
68300.00000000009 1.9628528742206447e-07
68350.00000000009 1.0940835563809014e-07
68400.00000000009 2.75329497189029e-07
68450.00000000009 2.68917756988421e-07
68500.00000000009 2.2953471049564435e-07
68550.00000000009 1.7186448305904512e-07
68600.00000000009 1.8481600579345388e-07
68650.00000000009 1.3997209989061705e-07
68700.00000000009 1.978089142094153e-07
68750.00000000009 2.358624442307104e-07
68800.00000000009 2.3881652850342257e-07
68850.00000000009 1.4956407054859435e-07
68900.00000000009 2.8799082806785476e-07
68950.00000000009 2.8780995744464734e-07
69000.00000000009 2.6946200255227267e-07
69050.00000000009 1.9921123797963673e-07
69100.00000000009 2.571682067681244e-07
69150.00000000009 3.300303411492478e-07
69200.00000000009 2.2399815254559686e-07
69250.00000000009 2.8910768246303684e-07
69300.00000000009 2.3046756893167617e-07
69350.00000000009 2.762465039753789e-07
69400.00000000009 1.5839278085549764e-07
69450.00000000009 2.8367405358878947e-07
69500.00000000009 2.2340181574136998e-07
69550.00000000009 2.2295429246402747e-07
69600.00000000009 1.0762774048607597e-07
69650.00000000009 2.1673913866434723e-07
69700.00000000009 2.667408204383189e-07
69750.00000000009 1.9935327500522107e-07
69800.00000000009 2.6755217384887877e-07
69850.00000000009 2.653330791672929e-07
69900.00000000009 1.8162684140545434e-07
69950.00000000009 2.3304738588369357e-07
70000.00000000009 1.9626091626494563e-07
70050.00000000009 2.650257640884062e-07
70100.00000000009 2.188712388708284e-07
70150.00000000009 2.3276466658192856e-07
70200.00000000009 1.7467162980260794e-07
70250.00000000009 2.1913876486618733e-07
70300.00000000009 2.5802661512007115e-07
70350.00000000009 1.901861026906962e-07
70400.00000000009 2.0407437259660313e-07
70450.00000000009 1.2383976416651823e-07
70500.00000000009 1.6318450193684735e-07
70550.00000000009 1.819256004000922e-07
70600.00000000009 1.7489242706289624e-07
70650.00000000009 2.2330244402542189e-07
70700.00000000009 2.1451039195289822e-07
70750.00000000009 2.2731460739505087e-07
70800.00000000009 1.5811090486265732e-07
70850.00000000009 1.7261185270117e-07
70900.00000000009 1.5817560716566377e-07
70950.00000000009 2.5803045441356796e-07
71000.00000000009 2.093233892773953e-07
71050.00000000009 2.1733390107002577e-07
71100.00000000009 2.012657288458675e-07
71150.00000000009 2.2160586974896073e-07
71200.00000000009 1.9091048568185024e-07
71250.00000000009 1.9419090641486837e-07
71300.00000000009 2.4457239669433396e-07
71350.00000000009 2.2908887225791394e-07
71400.00000000009 2.3599567840433064e-07
71450.00000000009 1.4805380078716543e-07
71500.00000000009 1.7851694539383416e-07
71550.00000000009 1.8965428463122765e-07
71600.00000000009 1.8716543780948495e-07
71650.00000000009 2.000649706791145e-07
71700.00000000009 1.6947002648885854e-07
71750.00000000009 1.8512212453439045e-07
71800.00000000009 2.3788746265445635e-07
71850.00000000009 2.2435445932593872e-07
71900.00000000009 1.7209507932751035e-07
71950.00000000009 1.7551730422910474e-07
72000.00000000009 1.7923481248443988e-07
72050.00000000009 1.5565335131631035e-07
72100.00000000009 1.7255315622004387e-07
72150.00000000009 1.3796924085976894e-07
72200.00000000009 1.6281811252033534e-07
72250.00000000009 1.8578986366466845e-07
72300.00000000009 1.941801286153248e-07
72350.00000000009 1.894647943582845e-07
72400.00000000009 1.4530976667547595e-07
72450.00000000009 1.4928018336498594e-07
72500.00000000009 1.7007121571600516e-07
72550.00000000009 1.0755754476361883e-07
72600.00000000009 9.668713059372366e-08
72650.00000000009 1.9912302454152e-07
72700.00000000009 2.0336725313579538e-07
72750.00000000009 1.714072554133634e-07
72800.00000000009 1.665262312465863e-07
72850.00000000009 1.4818004027393771e-07
72900.00000000009 1.5930420106336648e-07
72950.00000000009 1.7546794833579575e-07
73000.00000000009 1.8730666975137184e-07
73050.00000000009 1.6324362218174808e-07
73100.00000000009 1.4134420757762002e-07
73150.00000000009 2.1627851274176896e-07
73200.00000000009 1.470676368803002e-07
73250.00000000009 1.5610612639565964e-07
73300.00000000009 1.7077238172988842e-07
73350.00000000009 1.492663480247316e-07
73400.00000000009 1.6921007720146152e-07
73450.00000000009 1.1625118180029283e-07
73500.00000000009 1.2451462558797633e-07
73550.00000000009 1.4641833526851797e-07
73600.00000000009 1.2422018231123755e-07
73650.00000000009 1.5631477036941166e-07
73700.00000000009 1.846114736917436e-07
73750.00000000009 1.276792819536155e-07
73800.00000000009 1.477321819468396e-07
73850.00000000009 1.544179061673795e-07
73900.00000000009 1.7406470276536023e-07
73950.00000000009 1.5378234660378735e-07
74000.00000000009 1.5719485704399675e-07
74050.00000000009 2.1396559286279673e-07
74100.00000000009 1.2845977875989117e-07
74150.00000000009 1.6725406616236446e-07
74200.00000000009 1.5384940005519093e-07
74250.00000000009 1.1597717173114243e-07
74300.00000000009 1.544975911487537e-07
74350.00000000009 1.726437689379338e-07
74400.00000000009 1.6141597207737506e-07
74450.00000000009 1.0235234503519627e-07
74500.00000000009 1.3278658310974546e-07
74550.00000000009 1.4586878296422676e-07
74600.00000000009 1.544700760208402e-07
74650.00000000009 1.5305865581905914e-07
74700.00000000009 1.2292934768966875e-07
74750.00000000009 1.4328734269202256e-07
74800.00000000009 1.4560844078049718e-07
74850.00000000009 8.639667173776095e-08
74900.00000000009 1.8464499806825756e-07
74950.00000000009 1.9195834229394198e-07
75000.00000000009 1.603750996402102e-07
75050.00000000009 1.460814043182824e-07
75100.00000000009 2.0371291019969615e-07
75150.00000000009 1.746514136435115e-07
75200.00000000009 2.0227179763508596e-07
75250.00000000009 1.5867602216551348e-07
75300.00000000009 1.9275140778202317e-07
75350.00000000009 1.2980642394288128e-07
75400.00000000009 1.8560131073918075e-07
75450.00000000009 1.6560226549176198e-07
75500.00000000009 1.3898353701764148e-07
75550.00000000009 2.120688115262297e-07
75600.00000000009 2.2572922621354142e-07
75650.00000000009 1.4999042897815047e-07
75700.00000000009 1.6759130724436396e-07
75750.00000000009 1.2431829385645266e-07
75800.00000000009 1.8320910688762575e-07
75850.00000000009 2.291243885502999e-07
75900.00000000009 2.0335437403890503e-07
75950.00000000009 1.6870091971106404e-07
76000.00000000009 1.61815066603511e-07
76050.00000000009 2.0144087719422094e-07
76100.00000000009 1.6705416815767842e-07
76150.00000000009 2.0630903447099454e-07
76200.00000000009 2.085471969094165e-07
76250.00000000009 2.3771641170483215e-07
76300.00000000009 2.2295938814837776e-07
76350.00000000009 2.6761823723584057e-07
76400.00000000009 2.2234086779502035e-07
76450.00000000009 2.198909876368603e-07
76500.00000000009 1.691097610376389e-07
76550.00000000009 1.7432936287955106e-07
76600.00000000009 1.081379763915737e-07
76650.00000000009 1.013481174464389e-07
76700.00000000009 1.3203804916124032e-07
76750.00000000009 1.1249800927815316e-07
76800.00000000009 1.5635848441519018e-07
76850.00000000009 7.188231945635429e-08
76900.00000000009 9.65776537352599e-08
76950.00000000009 1.2136460565543012e-07
77000.00000000009 1.387482731200102e-07
77050.00000000009 9.581280009825132e-08
77100.00000000009 1.046181285729355e-07
77150.00000000009 1.444819194515584e-07
77200.00000000009 1.2006068684917113e-07
77250.00000000009 1.3235089008611886e-07
77300.00000000009 1.2312107084217635e-07
77350.00000000009 9.57238317140118e-08
77400.00000000009 8.42225959411541e-08
77450.00000000009 8.608481518595876e-08
77500.00000000009 1.1844146776377728e-07
77550.00000000009 1.2464216745914917e-07
77600.00000000009 1.2330164075460727e-07
77650.00000000009 1.2740790337078604e-07
77700.00000000009 9.908773699312169e-08
77750.00000000009 1.3947329181166997e-07
77800.00000000009 1.134703229957042e-07
77850.00000000009 1.578157094324322e-07
77900.00000000009 1.311986284126907e-07
77950.00000000009 9.71475213635266e-08
78000.00000000009 1.162481230125424e-07
78050.00000000009 1.487111776761773e-07
78100.00000000009 1.0840985083946779e-07
78150.00000000009 1.4960884215216808e-07
78200.00000000009 1.4864980183099233e-07
78250.00000000009 1.5504344021975055e-07
78300.00000000009 1.6395852428570976e-07
78350.00000000009 1.5181370841487206e-07
78400.00000000009 1.4387820552622834e-07
78450.00000000009 1.7837437934262957e-07
78500.00000000009 1.552462740275047e-07
78550.00000000009 1.7794926840495586e-07
78600.00000000009 1.5282098266552652e-07
78650.00000000009 9.217478052130136e-08
78700.00000000009 1.3197727791520278e-07
78750.00000000009 1.2796782364889314e-07
78800.00000000009 1.6078053162412533e-07
78850.00000000009 1.335785553898036e-07
78900.00000000009 1.5111560206725137e-07
78950.00000000009 1.425702193229377e-07
79000.00000000009 1.4840800679157387e-07
79050.00000000009 1.2722576508455067e-07
79100.00000000009 1.3665964025779352e-07
79150.00000000009 1.5497642335564126e-07
79200.00000000009 1.952062257422559e-07
79250.00000000009 1.7853830014729967e-07
79300.00000000009 1.2280538954336862e-07
79350.00000000009 1.6573630058997602e-07
79400.00000000009 1.4212912030193538e-07
79450.00000000009 1.3910033635325032e-07
79500.00000000009 2.1229919667009122e-07
79550.00000000009 1.735565873896835e-07
79600.00000000009 1.3284506606554243e-07
79650.00000000009 1.5577086756763417e-07
79700.00000000009 2.051905853473124e-07
79750.00000000009 1.8310877261464003e-07
79800.00000000009 1.6319623929326384e-07
79850.00000000009 1.5468938873266777e-07
79900.00000000009 2.2403455274292e-07
79950.00000000009 1.4737739509730546e-07
