galfind/configs/Brown_Dwarf_templates/sonora_cholla/logkzz2/31g/1100K_31g_logkzz2_resample.dat
# %ECSV 1.0
# ---
# datatype:
# - {name: wav, unit: Angstrom, datatype: float64}
# - {name: flux_nu, unit: erg / (cm2 Hz s), datatype: float64}
# schema: astropy-2.0
wav flux_nu
[from data line 776]
48800.000000000095 3.111456478441604e-07
48850.000000000095 2.3461824604481403e-07
48900.000000000095 3.398037480719161e-07
48950.000000000095 2.9020522044210766e-07
49000.000000000095 2.44741561480517e-07
49050.000000000095 3.1638640298876767e-07
49100.000000000095 2.116002113150421e-07
49150.000000000095 3.5049620505812596e-07
49200.000000000095 2.5930601279428386e-07
49250.000000000095 3.5649477498439537e-07
49300.000000000095 2.8130713246283987e-07
49350.000000000095 2.7305839947581176e-07
49400.000000000095 3.3907062794542427e-07
49450.000000000095 3.156327341976494e-07
49500.000000000095 3.106460304717186e-07
49550.000000000095 2.1185070105858835e-07
49600.000000000095 3.1841716745200675e-07
49650.000000000095 2.8001745839152185e-07
49700.000000000095 2.296872804645676e-07
49750.000000000095 3.8502548857602766e-07
49800.000000000095 2.579394192875447e-07
49850.000000000095 4.38866021735899e-07
49900.000000000095 3.273380575966218e-07
49950.000000000095 3.592807189785761e-07
50000.000000000095 3.9238256168686584e-07
50050.000000000095 3.625481171718134e-07
50100.000000000095 4.5000534603646964e-07
50150.000000000095 2.4898600183569034e-07
50200.000000000095 1.9704703738511198e-07
50250.000000000095 4.139620251482367e-07
50300.000000000095 2.984339131837715e-07
50350.000000000095 3.7667577843223545e-07
50400.000000000095 3.567061900380104e-07
50450.000000000095 3.374077432314573e-07
50500.000000000095 3.9091240884417363e-07
50550.000000000095 3.519317148874947e-07
50600.000000000095 3.993862770533895e-07
50650.000000000095 3.659317390022762e-07
50700.000000000095 4.611101180255222e-07
50750.000000000095 4.801613087002373e-07
50800.000000000095 2.584101285683431e-07
50850.000000000095 3.338974687934558e-07
50900.000000000095 4.2782984872436465e-07
50950.000000000095 4.694758299722273e-07
51000.000000000095 4.2326496829480443e-07
51050.000000000095 3.6766508022791423e-07
51100.000000000095 2.9271440185308067e-07
51150.000000000095 3.351482106404262e-07
51200.000000000095 4.4835186876670793e-07
51250.000000000095 4.4382943334232157e-07
51300.000000000095 3.005615862168846e-07
51350.000000000095 3.927132696990971e-07
51400.000000000095 3.3511844289099826e-07
51450.000000000095 2.883783009388037e-07
51500.000000000095 2.7473489884353285e-07
51550.000000000095 4.3872638848790833e-07
51600.000000000095 3.0491041537077657e-07
51650.000000000095 4.2877558347980565e-07
51700.000000000095 4.134070589467614e-07
51750.000000000095 2.9800597974663554e-07
51800.000000000095 5.19576707470059e-07
51850.000000000095 3.780928409239832e-07
51900.000000000095 5.105327473938343e-07
51950.000000000095 4.454701155055745e-07
52000.000000000095 2.0884542894075995e-07
52050.000000000095 3.321605336213681e-07
52100.000000000095 3.37781240559437e-07
52150.000000000095 2.793077892849033e-07
52200.000000000095 2.468398845971835e-07
52250.000000000095 2.911183109505153e-07
52300.000000000095 4.328047960878402e-07
52350.000000000095 4.218556812795626e-07
52400.000000000095 2.961748717855215e-07
52450.000000000095 4.3254291037367536e-07
52500.000000000095 3.6977048073423294e-07
52550.000000000095 4.2592275145605987e-07
52600.000000000095 3.166438044540431e-07
52650.000000000095 3.855409156935136e-07
52700.000000000095 3.229229608365384e-07
52750.000000000095 2.9422545325881645e-07
52800.000000000095 2.908462257941199e-07
52850.000000000095 3.4974054568104607e-07
52900.000000000095 2.706350986194383e-07
52950.000000000095 2.5980982507033624e-07
53000.000000000095 5.017919654312811e-07
53050.000000000095 2.45430278395058e-07
53100.000000000095 4.1415319855307656e-07
53150.000000000095 4.664538353561606e-07
53200.000000000095 2.6487246419450746e-07
53250.000000000095 4.583638279342319e-07
53300.000000000095 4.480086255782229e-07
53350.000000000095 4.0994445295143196e-07
53400.000000000095 4.5464999966468016e-07
53450.000000000095 2.745097429624953e-07
53500.000000000095 2.042491797406964e-07
53550.000000000095 2.9315776949825693e-07
53600.000000000095 3.403863649301754e-07
53650.000000000095 3.1683125394861025e-07
53700.000000000095 2.896674586473308e-07
53750.000000000095 3.1237215338456615e-07
53800.000000000095 2.934125371521203e-07
53850.000000000095 3.821656767156785e-07
53900.000000000095 3.2372403901277885e-07
53950.000000000095 4.3480579772129516e-07
54000.000000000095 3.1361157689657147e-07
54050.000000000095 3.2819806447111253e-07
54100.000000000095 2.0789329535738917e-07
54150.000000000095 2.7202314689608997e-07
54200.000000000095 1.6266560426586644e-07
54250.000000000095 1.6773500523892497e-07
54300.000000000095 2.718838733339994e-07
54350.000000000095 3.224285802249774e-07
54400.000000000095 3.608549794167082e-07
54450.000000000095 2.8046991108343446e-07
54500.000000000095 2.5546292974416823e-07
54550.000000000095 2.335707949497588e-07
54600.000000000095 2.995487265380994e-07
54650.000000000095 2.090542216228315e-07
54700.000000000095 3.355784374064062e-07
54750.000000000095 3.3748795567573777e-07
54800.000000000095 2.7446063608761424e-07
54850.000000000095 2.955387657949346e-07
54900.000000000095 3.5841055993439593e-07
54950.000000000095 4.5660718110949886e-07
55000.000000000095 2.3541609564449797e-07
55050.000000000095 3.2867825008489404e-07
55100.000000000095 2.431742119845907e-07
55150.000000000095 2.4658905234038124e-07
55200.000000000095 2.5469384669696416e-07
55250.000000000095 2.743720329663687e-07
55300.000000000095 2.159855664527689e-07
55350.000000000095 2.8204850506887033e-07
55400.000000000095 3.696277227449044e-07
55450.000000000095 2.986018607368282e-07
55500.000000000095 1.8592603646293134e-07
55550.000000000095 2.3750817101413547e-07
55600.000000000095 2.0536806152964637e-07
55650.000000000095 1.7208644075786116e-07
55700.000000000095 2.5281900815535083e-07
55750.000000000095 2.7107662197848816e-07
55800.000000000095 2.2287493668610875e-07
55850.000000000095 1.8861558677216424e-07
55900.000000000095 3.0262701680046517e-07
55950.000000000095 3.7301974837644894e-07
56000.000000000095 2.0179166768625317e-07
56050.000000000095 2.8993779234499895e-07
56100.000000000095 3.150230352598161e-07
56150.000000000095 2.3700917477506863e-07
56200.000000000095 2.6010751244746103e-07
56250.000000000095 2.2954338766594573e-07
56300.000000000095 2.742319301296006e-07
56350.000000000095 2.8098399680767827e-07
56400.000000000095 2.3024860750194624e-07
56450.000000000095 1.9975263806147004e-07
56500.000000000095 1.6743807306884482e-07
56550.000000000095 1.6439319101300676e-07
56600.000000000095 2.741981545359567e-07
56650.000000000095 2.5393590657726617e-07
56700.000000000095 2.802880903175674e-07
56750.000000000095 1.7718781512769588e-07
56800.000000000095 3.29467254775582e-07
56850.000000000095 2.558472263604069e-07
56900.000000000095 2.079998349758719e-07
56950.000000000095 2.9993017659772883e-07
57000.000000000095 3.185083924522471e-07
57050.000000000095 2.544256104275048e-07
57100.000000000095 1.486644730244845e-07
57150.000000000095 1.947734329147357e-07
57200.000000000095 1.6085594182334254e-07
57250.000000000095 2.2628056094724299e-07
57300.000000000095 2.8117926877911533e-07
57350.000000000095 1.5638037943432382e-07
57400.000000000095 2.534062761843531e-07
57450.000000000095 2.5907527099950074e-07
57500.000000000095 2.525262887155326e-07
57550.000000000095 3.0045213600403213e-07
57600.000000000095 3.1923322768513926e-07
57650.000000000095 1.5108997381571056e-07
57700.000000000095 1.8305374604152433e-07
57750.000000000095 2.2923565986608064e-07
57800.000000000095 9.989309643901854e-08
57850.000000000095 3.4121964438989336e-07
57900.000000000095 3.784632438882461e-07
57950.000000000095 3.180404487148276e-07
58000.000000000095 1.8907985805563946e-07
58050.000000000095 2.6996453737696694e-07
58100.000000000095 2.986305211538229e-07
58150.000000000095 2.355124020051285e-07
58200.000000000095 1.639339403667856e-07
58250.000000000095 2.0648840865085904e-07
58300.000000000095 1.4556361510895247e-07
58350.000000000095 1.9295421957731097e-07
58400.000000000095 2.4905679595090344e-07
58450.000000000095 2.397381306898865e-07
58500.000000000095 2.2335103039013647e-07
58550.000000000095 2.42572200953325e-07
58600.000000000095 1.545040606618517e-07
58650.000000000095 2.0372978044870576e-07
58700.000000000095 2.1155096771665917e-07
58750.000000000095 2.201440122556727e-07
58800.000000000095 1.3586060438592822e-07
58850.000000000095 2.2190706737776058e-07
58900.000000000095 2.798640065675507e-07
58950.000000000095 1.8203471096171246e-07
59000.000000000095 2.616136609149159e-07
59050.000000000095 2.5916512544232977e-07
59100.000000000095 3.116985886415284e-07
59150.000000000095 2.3016963730931916e-07
59200.000000000095 2.512175005498621e-07
59250.000000000095 2.766171326818839e-07
59300.000000000095 2.6394038403432065e-07
59350.000000000095 1.6034493599183262e-07
59400.000000000095 1.2455047254624173e-07
59450.000000000095 2.2185864805681703e-07
59500.000000000095 1.4876111578317125e-07
59550.000000000095 2.6571146696174835e-07
59600.000000000095 2.1465983501799283e-07
59650.000000000095 2.5821405661846977e-07
59700.000000000095 1.6791996318463988e-07
59750.000000000095 3.0649151320402834e-07
59800.000000000095 2.1617544406243552e-07
59850.000000000095 2.592860570605155e-07
59900.000000000095 1.512050970947113e-07
59950.000000000095 2.1477211910583025e-07
60000.000000000095 3.153521238898652e-07
60050.000000000095 2.8568221623519304e-07
60100.000000000095 3.2123633630178644e-07
60150.000000000095 2.4196021330133876e-07
60200.000000000095 2.4551256438599987e-07
60250.000000000095 2.8985253445253074e-07
60300.000000000095 2.886534389025119e-07
60350.000000000095 2.251756806125204e-07
60400.000000000095 2.439313570140334e-07
60450.000000000095 1.7636357249175518e-07
60500.000000000095 1.2125632239969819e-07
60550.000000000095 2.937471658181124e-07
60600.000000000095 2.7436253563021804e-07
60650.000000000095 2.4890086856081483e-07
60700.000000000095 2.1825340397675794e-07
60750.000000000095 1.8825694960853533e-07
60800.000000000095 2.7996303079165256e-07
60850.000000000095 3.535660682620569e-07
60900.000000000095 3.398940011168356e-07
60950.000000000095 3.3095672174500016e-07
61000.000000000095 2.3158719215826057e-07
61050.000000000095 1.9535165949017182e-07
61100.000000000095 2.7300223246381917e-07
61150.000000000095 1.1981526060709936e-07
61200.000000000095 3.2368365210466094e-07
61250.000000000095 3.8315918852734775e-07
61300.000000000095 3.2857005894326233e-07
61350.000000000095 3.5417495281868796e-07
61400.000000000095 2.9122338820576155e-07
61450.000000000095 2.1220572358052707e-07
61500.000000000095 2.3449331424435268e-07
61550.000000000095 2.03119987913816e-07
61600.000000000095 1.469953331668296e-07
61650.000000000095 2.5501460898032167e-07
61700.000000000095 1.8445322941739163e-07
61750.000000000095 2.4730922179599534e-07
61800.000000000095 2.5450523970840384e-07
61850.000000000095 2.1295271133965735e-07
61900.000000000095 2.909090158579196e-07
61950.000000000095 2.8263590734910206e-07
62000.000000000095 2.9475701572645775e-07
62050.000000000095 2.5379727135882217e-07
62100.000000000095 3.0881464279212115e-07
62150.000000000095 3.270501755049577e-07
62200.000000000095 2.6511630882307635e-07
62250.000000000095 3.001209326829048e-07
62300.000000000095 3.7098097649215335e-07
62350.000000000095 2.646688181097988e-07
62400.000000000095 1.7747298508661967e-07
62450.000000000095 2.819073093236502e-07
62500.000000000095 3.3376849252824245e-07
62550.000000000095 3.2374045570604603e-07
62600.000000000095 3.355237472699713e-07
62650.000000000095 2.475394461751833e-07
62700.000000000095 3.2262120790756044e-07
62750.000000000095 3.88534293787294e-07
62800.000000000095 2.744612851073928e-07
62850.000000000095 3.407522129758796e-07
62900.000000000095 2.6739565039162396e-07
62950.000000000095 2.818084067086781e-07
63000.000000000095 2.940610428318943e-07
63050.000000000095 3.685717468104747e-07
63100.000000000095 3.199577918238688e-07
63150.000000000095 2.892190849736995e-07
63200.000000000095 3.547781790205522e-07
63250.000000000095 2.2455734013427564e-07
63300.000000000095 3.2751968813093196e-07
63350.000000000095 3.0509488019273886e-07
63400.000000000095 2.1420877762980195e-07
63450.000000000095 2.051803175141849e-07
63500.000000000095 2.992769157166153e-07
63550.000000000095 2.716739624643934e-07
63600.000000000095 3.044060483171128e-07
63650.000000000095 2.2487903764648613e-07
63700.000000000095 2.1739020393488253e-07
63750.000000000095 2.71542834835997e-07
63800.000000000095 2.8497598596929034e-07
63850.000000000095 2.6912060315662807e-07
63900.000000000095 2.2909511740530818e-07
63950.000000000095 2.963842513381687e-07
64000.000000000095 2.850697641970713e-07
64050.000000000095 2.393440412969282e-07
64100.000000000095 1.1790627239808741e-07
64150.000000000095 1.5304265777737463e-07
64200.000000000095 1.6879669866719024e-07
64250.000000000095 2.5765242550798984e-07
64300.000000000095 2.0741196133692651e-07
64350.000000000095 1.7006871356543857e-07
64400.000000000095 2.5145427642174124e-07
64450.000000000095 2.5200769293503335e-07
64500.000000000095 1.8234322654886656e-07
64550.000000000095 2.260139476244287e-07
64600.000000000095 1.2811456156960814e-07
64650.000000000095 1.9379051232587747e-07
64700.000000000095 1.3582889148486172e-07
64750.000000000095 1.7158260865694006e-07
64800.000000000095 1.7406880236224562e-07
64850.000000000095 1.5798387538177479e-07
64900.000000000095 1.8448168379330005e-07
64950.000000000095 1.7914626742918847e-07
65000.000000000095 2.0388772645593313e-07
65050.000000000095 1.771607626220272e-07
65100.000000000095 2.2730668345329453e-07
65150.000000000095 1.5339763812226398e-07
65200.000000000095 1.5227322202712288e-07
65250.000000000095 2.312610230547172e-07
65300.000000000095 1.8102577105851564e-07
65350.000000000095 2.846025251237845e-07
65400.000000000095 1.89634882966882e-07
65450.000000000095 2.07826493938568e-07
65500.000000000095 2.3086119974597194e-07
65550.00000000009 1.615166669964323e-07
65600.00000000009 1.9092341873952483e-07
65650.00000000009 2.139007385915358e-07
65700.00000000009 1.8272292101943572e-07
65750.00000000009 1.6813754719468718e-07
65800.00000000009 2.227404684580615e-07
65850.00000000009 2.1526218954048512e-07
65900.00000000009 1.6318729974964045e-07
65950.00000000009 1.1983848535473505e-07
66000.00000000009 1.9308951407121483e-07
66050.00000000009 2.9292697326237983e-07
66100.00000000009 2.1050007667802652e-07
66150.00000000009 1.4100854109102183e-07
66200.00000000009 1.552081716774242e-07
66250.00000000009 1.4506982619605194e-07
66300.00000000009 9.158369688039999e-08
66350.00000000009 1.2701123433049696e-07
66400.00000000009 1.4620102542703027e-07
66450.00000000009 2.1641705435366416e-07
66500.00000000009 2.8974525909577144e-07
66550.00000000009 2.8657104233340013e-07
66600.00000000009 2.2006055861691295e-07
66650.00000000009 2.1420827510495763e-07
66700.00000000009 1.9037185319808345e-07
66750.00000000009 1.7478681527222644e-07
66800.00000000009 2.188412800794938e-07
66850.00000000009 1.7326982398453015e-07
66900.00000000009 2.2914308610578205e-07
66950.00000000009 2.7703933718153343e-07
67000.00000000009 2.571382738757191e-07
67050.00000000009 2.1078665980375028e-07
67100.00000000009 1.7644712266321707e-07
67150.00000000009 1.7780107119473228e-07
67200.00000000009 1.9192271126701705e-07
67250.00000000009 2.1552413002878037e-07
67300.00000000009 1.9956868943795665e-07
67350.00000000009 1.5052399731084314e-07
67400.00000000009 2.5755392156571966e-07
67450.00000000009 2.211416300863881e-07
67500.00000000009 1.9965155939946278e-07
67550.00000000009 2.2323536289883623e-07
67600.00000000009 3.1270261908433855e-07
67650.00000000009 2.6299531355663247e-07
67700.00000000009 2.1715478724751532e-07
67750.00000000009 2.0961876812755937e-07
67800.00000000009 2.5595444714170686e-07
67850.00000000009 1.7036354520259587e-07
67900.00000000009 2.147688461827775e-07
67950.00000000009 1.3596365980559625e-07
68000.00000000009 1.9202423455740443e-07
