galfind/configs/Brown_Dwarf_templates/sonora_cholla/logkzz2/31g/1150K_31g_logkzz2_resample.dat
# %ECSV 1.0
# ---
# datatype:
# - {name: wav, unit: Angstrom, datatype: float64}
# - {name: flux_nu, unit: erg / (cm2 Hz s), datatype: float64}
# schema: astropy-2.0
wav flux_nu
[from data line 388]
29400.000000000095 2.3259759040806474e-07
29450.000000000095 2.1477229917558616e-07
29500.000000000095 2.1642910040566515e-07
29550.000000000095 1.9084803531277865e-07
29600.000000000095 2.804801546854688e-07
29650.000000000095 2.0313683057320892e-07
29700.000000000095 2.162745833634034e-07
29750.000000000095 2.3599196239554126e-07
29800.000000000095 3.124502520377708e-07
29850.000000000095 2.892488440265489e-07
29900.000000000095 2.3318947817072068e-07
29950.000000000095 2.1923322672698735e-07
30000.000000000095 2.7710040413176857e-07
30050.000000000095 2.2018796122646353e-07
30100.000000000095 2.2813447889504273e-07
30150.000000000095 2.864833699692361e-07
30200.000000000095 2.343393731836656e-07
30250.000000000095 2.730639490650608e-07
30300.000000000095 2.5074164334488186e-07
30350.000000000095 1.9970926912530532e-07
30400.000000000095 2.3453999311028478e-07
30450.000000000095 2.092887445478525e-07
30500.000000000095 1.9789217944798005e-07
30550.000000000095 2.1495327026174767e-07
30600.000000000095 2.1007909353040698e-07
30650.000000000095 1.9733042226995946e-07
30700.000000000095 1.7701657863152022e-07
30750.000000000095 1.5259684332024123e-07
30800.000000000095 1.668753508914013e-07
30850.000000000095 1.5372391991577317e-07
30900.000000000095 1.4833264236993508e-07
30950.000000000095 1.184516182196394e-07
31000.000000000095 1.326359387419783e-07
31050.000000000095 1.2903925629052597e-07
31100.000000000095 9.292889622429707e-08
31150.000000000095 1.1558223480883566e-07
31200.000000000095 1.097333439775439e-07
31250.000000000095 9.956980199847835e-08
31300.000000000095 9.688007955323488e-08
31350.000000000095 8.950908744533564e-08
31400.000000000095 6.548305442699592e-08
31450.000000000095 9.713318583578439e-08
31500.000000000095 7.32830531911256e-08
31550.000000000095 9.357230304440505e-08
31600.000000000095 6.589777657529518e-08
31650.000000000095 7.637259903845166e-08
31700.000000000095 7.185904089204709e-08
31750.000000000095 6.522443422883801e-08
31800.000000000095 6.665029477412748e-08
31850.000000000095 6.977642919321753e-08
31900.000000000095 6.109900825698303e-08
31950.000000000095 7.00424412129157e-08
32000.000000000095 6.628537706316845e-08
32050.000000000095 4.856981722121412e-08
32100.000000000095 5.040219981245112e-08
32150.000000000095 6.366873401577141e-08
32200.000000000095 5.576121557195774e-08
32250.000000000095 6.446477364955825e-08
32300.000000000095 5.1318110838114265e-08
32350.000000000095 7.576945739940277e-08
32400.000000000095 6.368962050208934e-08
32450.000000000095 7.949683057356785e-08
32500.000000000095 6.090974416393401e-08
32550.000000000095 7.575919411159298e-08
32600.000000000095 8.5366764704648e-08
32650.000000000095 1.0084982882164032e-07
32700.000000000095 7.664667563602364e-08
32750.000000000095 1.0784899562836739e-07
32800.000000000095 7.597739828924146e-08
32850.000000000095 1.0444238415367877e-07
32900.000000000095 1.115225959726369e-07
32950.000000000095 1.189382436254975e-07
33000.000000000095 1.0932163412760958e-07
33050.000000000095 1.0094812931838455e-07
33100.000000000095 5.90041396056475e-08
33150.000000000095 3.7246638184662956e-08
33200.000000000095 3.587393880348244e-08
33250.000000000095 1.8003759498352095e-08
33300.000000000095 1.7532032740228596e-08
33350.000000000095 2.7184438275676856e-08
33400.000000000095 3.43624374113256e-08
33450.000000000095 4.257708276032295e-08
33500.000000000095 4.959142601570636e-08
33550.000000000095 5.167567974434045e-08
33600.000000000095 7.455562598218198e-08
33650.000000000095 7.552226396986509e-08
33700.000000000095 7.504512377763276e-08
33750.000000000095 9.038673695443419e-08
33800.000000000095 8.341764302252581e-08
33850.000000000095 9.992004689969457e-08
33900.000000000095 8.925426457349882e-08
33950.000000000095 9.138753295157195e-08
34000.000000000095 1.0143489205422742e-07
34050.000000000095 6.174931191623847e-08
34100.000000000095 1.0081250879598343e-07
34150.000000000095 8.305110098173773e-08
34200.000000000095 9.77408706308352e-08
34250.000000000095 7.958862538423622e-08
34300.000000000095 6.784519628819272e-08
34350.000000000095 8.136606897750278e-08
34400.000000000095 7.985764631729609e-08
34450.000000000095 9.819389321300112e-08
34500.000000000095 9.046114178787255e-08
34550.000000000095 6.834807657245427e-08
34600.000000000095 9.953958687304558e-08
34650.000000000095 8.081613024476997e-08
34700.000000000095 7.992528146668707e-08
34750.000000000095 7.682829008561725e-08
34800.000000000095 5.935248273492069e-08
34850.000000000095 7.900419179151526e-08
34900.000000000095 9.890721934055795e-08
34950.000000000095 8.019620081846066e-08
35000.000000000095 1.054359347772149e-07
35050.000000000095 8.966095023309058e-08
35100.000000000095 1.0067337183177243e-07
35150.000000000095 9.583816876345004e-08
35200.000000000095 1.3898555742408653e-07
35250.000000000095 1.2086410555495396e-07
35300.000000000095 8.959739516197523e-08
35350.000000000095 1.2338410706835654e-07
35400.000000000095 1.1542311282996642e-07
35450.000000000095 1.0711370157038086e-07
35500.000000000095 1.4814929704656453e-07
35550.000000000095 1.3991488776657795e-07
35600.000000000095 1.3721832883573864e-07
35650.000000000095 1.3349545693666352e-07
35700.000000000095 1.0572962691401119e-07
35750.000000000095 1.6148867625318258e-07
35800.000000000095 1.5590916536437347e-07
35850.000000000095 1.1940141505057673e-07
35900.000000000095 1.761552023466474e-07
35950.000000000095 1.5026510541194168e-07
36000.000000000095 1.2112493000478815e-07
36050.000000000095 1.6600369971090544e-07
36100.000000000095 1.582713342449198e-07
36150.000000000095 1.5809296401268354e-07
36200.000000000095 1.6286756802905775e-07
36250.000000000095 1.742804012894269e-07
36300.000000000095 1.9036362301955847e-07
36350.000000000095 2.0796219267379576e-07
36400.000000000095 2.2122576805508377e-07
36450.000000000095 2.1556818240842405e-07
36500.000000000095 2.4279562134435386e-07
36550.000000000095 2.0914306744839848e-07
36600.000000000095 2.5819468411399397e-07
36650.000000000095 2.655548053920091e-07
36700.000000000095 2.9816518476480826e-07
36750.000000000095 3.082784689301407e-07
36800.000000000095 2.928397587019852e-07
36850.000000000095 2.8911128762527907e-07
36900.000000000095 2.8446292470810405e-07
36950.000000000095 3.1826279798218296e-07
37000.000000000095 3.092579372882551e-07
37050.000000000095 3.1961119907385603e-07
37100.000000000095 3.614311682473578e-07
37150.000000000095 3.5642714659689935e-07
37200.000000000095 3.412287349714338e-07
37250.000000000095 3.178366920661962e-07
37300.000000000095 3.561586192893608e-07
37350.000000000095 3.4836520928680803e-07
37400.000000000095 4.1526924706997303e-07
37450.000000000095 4.060570712026632e-07
37500.000000000095 3.4827283774030256e-07
37550.000000000095 4.7010023775819594e-07
37600.000000000095 4.936025970788097e-07
37650.000000000095 4.1142500074503657e-07
37700.000000000095 4.157873981449385e-07
37750.000000000095 3.7391253644855956e-07
37800.000000000095 4.096579667132827e-07
37850.000000000095 4.112919164348183e-07
37900.000000000095 4.494562568549692e-07
37950.000000000095 4.976833936759766e-07
38000.000000000095 5.234828456639844e-07
38050.000000000095 4.829844035140323e-07
38100.000000000095 5.185024500985215e-07
38150.000000000095 5.61185281486622e-07
38200.000000000095 6.35101127409424e-07
38250.000000000095 5.851465898097899e-07
38300.000000000095 6.221346418021933e-07
38350.000000000095 6.842680049121857e-07
38400.000000000095 5.369146333245603e-07
38450.000000000095 6.163141544178089e-07
38500.000000000095 5.648207872921713e-07
38550.000000000095 6.224854232896182e-07
38600.000000000095 6.585138953864163e-07
38650.000000000095 7.913009562785707e-07
38700.000000000095 7.016218069185476e-07
38750.000000000095 6.83617159150202e-07
38800.000000000095 6.465161062991257e-07
38850.000000000095 7.994504727904197e-07
38900.000000000095 7.47219644935727e-07
38950.000000000095 7.390275922780291e-07
39000.000000000095 8.708960024730777e-07
39050.000000000095 7.872922894318648e-07
39100.000000000095 7.234964054838559e-07
39150.000000000095 7.846436367949572e-07
39200.000000000095 7.399045103150726e-07
39250.000000000095 8.617294549579184e-07
39300.000000000095 8.472223110177962e-07
39350.000000000095 1.0080313643079346e-06
39400.000000000095 9.976363874119186e-07
39450.000000000095 9.601874511240294e-07
39500.000000000095 7.406070585006191e-07
39550.000000000095 8.373450080479353e-07
39600.000000000095 9.249483458843769e-07
39650.000000000095 9.741250797856692e-07
39700.000000000095 8.692873278374908e-07
39750.000000000095 8.017875516076617e-07
39800.000000000095 9.49893214986392e-07
39850.000000000095 9.87359517689396e-07
39900.000000000095 9.161118623710497e-07
39950.000000000095 9.465671594649471e-07
40000.000000000095 9.399810793654347e-07
40050.000000000095 1.022958979079328e-06
40100.000000000095 9.62396967519242e-07
40150.000000000095 1.140675370656299e-06
40200.000000000095 1.192666435884306e-06
40250.000000000095 9.05442804614803e-07
40300.000000000095 1.0350876005852807e-06
40350.000000000095 9.741557928489371e-07
40400.000000000095 1.076355042071377e-06
40450.000000000095 1.0661658000186903e-06
40500.000000000095 9.661510079251652e-07
40550.000000000095 1.0899225775979756e-06
40600.000000000095 9.614701556994092e-07
40650.000000000095 1.1522487771514537e-06
40700.000000000095 1.2652178238107278e-06
40750.000000000095 1.1092442706976648e-06
40800.000000000095 9.688577481834822e-07
40850.000000000095 1.0896982232118755e-06
40900.000000000095 8.944369089396245e-07
40950.000000000095 9.870650451308827e-07
41000.000000000095 1.0499567794232013e-06
41050.000000000095 1.187325064584468e-06
41100.000000000095 9.626832728000203e-07
41150.000000000095 9.037720830861911e-07
41200.000000000095 1.0566596912109817e-06
41250.000000000095 1.0996511136337996e-06
41300.000000000095 8.554332165009914e-07
41350.000000000095 1.1298336728487627e-06
41400.000000000095 1.0931258777862375e-06
41450.000000000095 1.095477564796387e-06
41500.000000000095 1.0119603899961065e-06
41550.000000000095 1.0113069455730344e-06
41600.000000000095 1.1085300362679442e-06
41650.000000000095 9.024893656233914e-07
41700.000000000095 9.721903086829489e-07
41750.000000000095 7.588731289327315e-07
41800.000000000095 1.0573792593772743e-06
41850.000000000095 6.059964854487073e-07
41900.000000000095 8.810226827342182e-07
41950.000000000095 7.955954642684268e-07
42000.000000000095 8.261567386625241e-07
42050.000000000095 6.569555665927442e-07
42100.000000000095 7.760892349562876e-07
42150.000000000095 5.712784551946777e-07
42200.000000000095 7.053288259369378e-07
42250.000000000095 5.558424247906231e-07
42300.000000000095 6.679557902907698e-07
42350.000000000095 6.399119228253643e-07
42400.000000000095 5.16466130057654e-07
42450.000000000095 4.34190837569059e-07
42500.000000000095 4.97413678111177e-07
42550.000000000095 5.646015202433796e-07
42600.000000000095 5.350417645392063e-07
42650.000000000095 6.392205895563578e-07
42700.000000000095 5.419550653010787e-07
42750.000000000095 5.626714042027511e-07
42800.000000000095 4.7565116466772617e-07
42850.000000000095 5.37581540006028e-07
42900.000000000095 5.412750931577998e-07
42950.000000000095 4.733739216824595e-07
43000.000000000095 5.705199236922892e-07
43050.000000000095 4.473689357884916e-07
43100.000000000095 5.603025875777851e-07
43150.000000000095 5.784466441765486e-07
43200.000000000095 5.738088264992995e-07
43250.000000000095 4.534563105326746e-07
43300.000000000095 5.898967305723371e-07
43350.000000000095 5.59077002044465e-07
43400.000000000095 6.15593806852926e-07
43450.000000000095 4.4510743644749525e-07
43500.000000000095 4.345863472375059e-07
43550.000000000095 4.435040045688159e-07
43600.000000000095 5.744180871562795e-07
43650.000000000095 3.897228929538106e-07
43700.000000000095 5.880580202816525e-07
43750.000000000095 5.326725259632922e-07
43800.000000000095 4.3855408104247457e-07
43850.000000000095 5.51579270313919e-07
43900.000000000095 3.4133371088743595e-07
43950.000000000095 4.7347852734460713e-07
44000.000000000095 3.4840448506159823e-07
44050.000000000095 4.747519120256319e-07
44100.000000000095 4.690514621968015e-07
44150.000000000095 5.067840763958612e-07
44200.000000000095 4.09196790659379e-07
44250.000000000095 4.2654773467031705e-07
44300.000000000095 3.9705614616861364e-07
44350.000000000095 3.13698542396604e-07
44400.000000000095 3.799753288873758e-07
44450.000000000095 3.8047973774174704e-07
44500.000000000095 3.0379972860724515e-07
44550.000000000095 3.59676822712605e-07
44600.000000000095 3.061975621859097e-07
44650.000000000095 3.586529149254245e-07
44700.000000000095 3.2782722138338937e-07
44750.000000000095 3.591682290173833e-07
44800.000000000095 3.3779188229213664e-07
44850.000000000095 3.091536185865459e-07
44900.000000000095 2.6071188203370805e-07
44950.000000000095 2.7688091431422827e-07
45000.000000000095 2.8238702669596736e-07
45050.000000000095 2.9836667503087054e-07
45100.000000000095 2.643006520499008e-07
45150.000000000095 2.6036715047706386e-07
45200.000000000095 2.1851597701811853e-07
45250.000000000095 2.3126329857590344e-07
45300.000000000095 2.5664461307824684e-07
45350.000000000095 2.6864174145351533e-07
45400.000000000095 2.0420896103731642e-07
45450.000000000095 2.1281142861295082e-07
45500.000000000095 2.1294458105840127e-07
45550.000000000095 2.385846584918771e-07
45600.000000000095 2.0727867542896896e-07
45650.000000000095 2.1262996110333083e-07
45700.000000000095 2.6068454840429005e-07
45750.000000000095 2.3375951232002795e-07
45800.000000000095 2.1033747714616874e-07
45850.000000000095 2.977776704311256e-07
45900.000000000095 2.899504877513083e-07
45950.000000000095 2.1875742755836083e-07
46000.000000000095 2.757277659970021e-07
46050.000000000095 2.8791414134083163e-07
46100.000000000095 2.2060210185511298e-07
46150.000000000095 2.792633933565529e-07
46200.000000000095 2.582199065100394e-07
46250.000000000095 1.7106353821547258e-07
46300.000000000095 3.1274909275093577e-07
46350.000000000095 2.113442840343996e-07
46400.000000000095 2.708765800767454e-07
46450.000000000095 3.3566962541323953e-07
46500.000000000095 2.620818870618529e-07
46550.000000000095 3.2944539100296915e-07
46600.000000000095 3.3698205778788425e-07
46650.000000000095 4.850429380226127e-07
46700.000000000095 3.728264014202766e-07
46750.000000000095 3.1772845922483234e-07
46800.000000000095 2.599743733884153e-07
46850.000000000095 3.6221966361418435e-07
46900.000000000095 3.044745938756762e-07
46950.000000000095 3.8732485693307454e-07
47000.000000000095 2.6662869568004927e-07
47050.000000000095 4.21094213876844e-07
47100.000000000095 2.405651390602095e-07
47150.000000000095 2.810185256001714e-07
47200.000000000095 3.3303393187074334e-07
47250.000000000095 2.543239450341951e-07
47300.000000000095 2.890237094205875e-07
47350.000000000095 2.2730545460318298e-07
47400.000000000095 3.486513827351765e-07
47450.000000000095 2.39676989502741e-07
47500.000000000095 3.767698387333135e-07
47550.000000000095 2.4026349078989683e-07
47600.000000000095 3.4755306812447406e-07
47650.000000000095 2.4310771412588607e-07
47700.000000000095 3.2956728922053076e-07
47750.000000000095 2.0184851328154425e-07
47800.000000000095 3.096215405190037e-07
47850.000000000095 1.8078005500043103e-07
47900.000000000095 3.1027459140410276e-07
47950.000000000095 2.3803960266265798e-07
48000.000000000095 3.9646488954299104e-07
48050.000000000095 2.665862099391703e-07
48100.000000000095 3.3569478463712643e-07
48150.000000000095 2.515292717299534e-07
48200.000000000095 3.5937781445987774e-07
48250.000000000095 2.789278869886521e-07
48300.000000000095 4.210891465554772e-07
48350.000000000095 2.3179692500181997e-07
48400.000000000095 3.3768834552959595e-07
48450.000000000095 2.3158632846214816e-07
48500.000000000095 4.188121021329113e-07
48550.000000000095 2.2769856704994207e-07
48600.000000000095 3.678362882783574e-07
48650.000000000095 2.2607950089939693e-07
