galfind/configs/Brown_Dwarf_templates/sonora_cholla/logkzz2/31g/1200K_31g_logkzz2_resample.dat
# %ECSV 1.0
# ---
# datatype:
# - {name: wav, unit: Angstrom, datatype: float64}
# - {name: flux_nu, unit: erg / (cm2 Hz s), datatype: float64}
# schema: astropy-2.0
wav flux_nu
[from data line 783]
49150.30000900036 4.561761472075201e-07
49200.30000900036 3.61052977377988e-07
49250.30000900036 4.576007905544227e-07
49300.30000900036 3.819289481325224e-07
49350.30000900036 3.656382956171416e-07
49400.30000900036 4.5235970481362676e-07
49450.30000900036 4.181809004373684e-07
49500.30000900036 4.1493168352249194e-07
49550.30000900036 2.942153795562132e-07
49600.30000900036 4.192381602181055e-07
49650.30000900036 3.672155956154078e-07
49700.30000900036 3.033752635972538e-07
49750.30000900036 4.881434682262202e-07
49800.30000900036 3.537714065601803e-07
49850.30000900036 5.503257380951754e-07
49900.30000900036 4.2137509942320015e-07
49950.30000900036 4.515992500076242e-07
50000.30000900036 4.9734866602846e-07
50050.30000900036 4.601134563426838e-07
50100.30000900036 5.667982138764519e-07
50150.30000900036 3.4201966453726166e-07
50200.30000900036 2.698490849051806e-07
50250.30000900036 5.272990208645503e-07
50300.30000900036 3.938334904376347e-07
50350.30000900036 4.799184631691412e-07
50400.30000900036 4.565879050408936e-07
50450.30000900036 4.2069100341577997e-07
50500.30000900036 4.866493641263004e-07
50550.30000900036 4.5055056259884943e-07
50600.30000900036 4.953847857299091e-07
50650.30000900036 4.594204652084482e-07
50700.30000900036 5.585890719843163e-07
50750.30000900036 5.94904792744601e-07
50800.30000900036 3.4517573910478457e-07
50850.30000900036 4.6512060497911073e-07
50900.30000900036 5.224938348396953e-07
50950.30000900036 5.91335604441369e-07
51000.30000900036 5.403268667841424e-07
51050.30000900036 4.6578472155771826e-07
51100.30000900036 4.0490068786866557e-07
51150.30000900036 4.283996287767676e-07
51200.30000900036 5.497811382480327e-07
51250.30000900036 5.579303454033389e-07
51300.30000900036 3.8722348533567035e-07
51350.30000900036 5.027426131603517e-07
51400.30000900036 4.601851929851245e-07
51450.30000900036 3.9021723432831387e-07
51500.30000900036 3.8302914109586726e-07
51550.30000900036 5.701076315176005e-07
51600.30000900036 3.938525520036375e-07
51650.30000900036 5.455661211963473e-07
51700.30000900036 5.168590931929516e-07
51750.30000900036 3.8948316293655596e-07
51800.30000900036 6.401876986046241e-07
51850.30000900036 4.7167373168618687e-07
51900.30000900036 6.329194029780507e-07
51950.30000900036 5.53969281216723e-07
52000.30000900036 3.0141568301362984e-07
52050.30000900036 4.371744277668788e-07
52100.30000900036 4.618790038116714e-07
52150.30000900036 3.8858121422452584e-07
52200.30000900036 3.374206660066934e-07
52250.30000900036 3.742158869434568e-07
52300.30000900036 5.376696368571516e-07
52350.30000900036 5.717578035122234e-07
52400.30000900036 3.934052045077636e-07
52450.30000900036 5.456271758975232e-07
52500.30000900036 4.599021550556398e-07
52550.30000900036 5.411151131547013e-07
52600.30000900036 4.01243510804293e-07
52650.30000900036 5.14188439887157e-07
52700.30000900036 4.2099580145685774e-07
52750.30000900036 3.901231063113068e-07
52800.30000900036 3.8549904454790255e-07
52850.30000900036 4.641744147539501e-07
52900.30000900036 3.713228708358699e-07
52950.30000900036 3.423899347507182e-07
53000.30000900036 6.385400648868897e-07
53050.30000900036 3.422151120073878e-07
53100.30000900036 5.216987031359634e-07
53150.30000900036 5.756177112163699e-07
53200.30000900036 3.4394808401429044e-07
53250.30000900036 5.798373037921758e-07
53300.30000900036 5.601401710182308e-07
53350.30000900036 5.131772672166279e-07
53400.30000900036 5.686736995056731e-07
53450.30000900036 3.862977631047239e-07
53500.30000900036 2.9644410212257163e-07
53550.30000900036 4.078839108817328e-07
53600.30000900036 4.564739933484064e-07
53650.30000900036 4.190954339420457e-07
53700.30000900036 3.8763027286762757e-07
53750.30000900036 4.261880136976155e-07
53800.30000900036 3.98696032448045e-07
53850.30000900036 5.028237013712907e-07
53900.30000900036 4.1400382189516874e-07
53950.30000900036 5.486343978701576e-07
54000.30000900036 4.1355609849671493e-07
54050.30000900036 4.247559525435162e-07
54100.30000900036 2.991517825419898e-07
54150.30000900036 3.766143203915466e-07
54200.30000900036 2.4070656615504803e-07
54250.30000900036 2.431009099597332e-07
54300.30000900036 3.706850879932596e-07
54350.30000900036 4.1938860635168e-07
54400.30000900036 4.801349169774806e-07
54450.30000900036 3.894912722217565e-07
54500.30000900036 3.456204101111449e-07
54550.30000900036 3.2261215229330557e-07
54600.30000900036 3.9939078592374075e-07
54650.30000900036 3.1019117633941153e-07
54700.30000900036 4.5656800854539805e-07
54750.30000900036 4.487338885508213e-07
54800.30000900036 3.8697230415365757e-07
54850.30000900036 3.9653249345553544e-07
54900.30000900036 4.7208606320182217e-07
54950.30000900036 5.91452171244939e-07
55000.30000900036 3.355830280640118e-07
55050.30000900036 4.4575207028900946e-07
55100.30000900036 3.181199278418414e-07
55150.30000900036 3.4352915344232553e-07
55200.30000900036 3.5454652925636073e-07
55250.30000900036 3.675918736665973e-07
55300.30000900036 3.0894845464252407e-07
55350.30000900036 3.677789782036589e-07
55400.30000900036 4.770265227561919e-07
55450.30000900036 4.1364923902655485e-07
55500.30000900036 2.74644937908146e-07
55550.30000900036 3.311444231981536e-07
55600.30000900036 2.9602844079756547e-07
55650.30000900036 2.3384433621736982e-07
55700.30000900036 3.6090314472912705e-07
55750.30000900036 3.847546834364738e-07
55800.30000900036 3.289384449403954e-07
55850.30000900036 2.7407223318636114e-07
55900.30000900036 4.0528470784664915e-07
55950.30000900036 5.025283761033464e-07
56000.30000900036 2.848622901826964e-07
56050.30000900036 4.066426962713087e-07
56100.30000900036 4.2225236467689787e-07
56150.30000900036 3.257183607582184e-07
56200.30000900036 3.6023477801629396e-07
56250.30000900036 3.092963930458001e-07
56300.30000900036 3.696549374468833e-07
56350.30000900036 3.905526756267634e-07
56400.30000900036 3.4390710670497853e-07
56450.30000900036 3.0108944412073115e-07
56500.30000900036 2.484152068209942e-07
56550.30000900036 2.4423755809600616e-07
56600.30000900036 3.756698838394743e-07
56650.30000900036 3.4854637887719364e-07
56700.30000900036 3.858814964464478e-07
56750.30000900036 2.508954314482759e-07
56800.30000900036 4.3575575454040785e-07
56850.30000900036 3.5194925850763196e-07
56900.30000900036 3.0733996072144275e-07
56950.30000900036 4.039646108845285e-07
57000.30000900036 4.2392579670799223e-07
57050.30000900036 3.7217799007567345e-07
57100.30000900036 2.2708612534742534e-07
57150.30000900036 2.924538186306864e-07
57200.30000900036 2.30686949730951e-07
57250.30000900036 3.328823436643877e-07
57300.30000900036 3.8287375581766986e-07
57350.30000900036 2.228280840636384e-07
57400.30000900036 3.5283541497975297e-07
57450.30000900036 3.763512576634379e-07
57500.30000900036 3.5488381165156804e-07
57550.30000900036 4.157193034628347e-07
57600.30000900036 4.375931103872955e-07
57650.30000900036 2.27631921788866e-07
57700.30000900036 2.7198874600567813e-07
57750.30000900036 3.2739210710121794e-07
57800.30000900036 1.5643037669823074e-07
57850.30000900036 4.489515231673591e-07
57900.30000900036 4.97045749876749e-07
57950.30000900036 4.1802700328847065e-07
58000.30000900036 2.682988700447278e-07
58050.30000900036 3.734127367733179e-07
58100.30000900036 4.064729783936549e-07
58150.30000900036 3.4437859714474434e-07
58200.30000900036 2.5107358370247874e-07
58250.30000900036 3.0254586804240497e-07
58300.30000900036 2.16443678648682e-07
58350.30000900036 2.747147808009167e-07
58400.30000900036 3.4243590003369036e-07
58450.30000900036 3.2746525372062587e-07
58500.30000900036 3.077456620517272e-07
58550.30000900036 3.338021307462097e-07
58600.30000900036 2.2795314135112974e-07
58650.30000900036 3.013329950045503e-07
58700.30000900036 2.947765826286859e-07
58750.30000900036 3.0628532577531796e-07
58800.30000900036 2.1150171044130739e-07
58850.30000900036 3.2140777350765177e-07
58900.30000900036 3.9132870090599983e-07
58950.30000900036 2.663193222314987e-07
59000.30000900036 3.595010806704576e-07
59050.30000900036 3.582143621207343e-07
59100.30000900036 4.2309130201645364e-07
59150.30000900036 3.306733165361374e-07
59200.30000900036 3.4819599286442833e-07
59250.30000900036 3.837412928479868e-07
59300.30000900036 3.512903437641481e-07
59350.30000900036 2.4860855188922274e-07
59400.30000900036 1.9690252572604818e-07
59450.30000900036 3.049612994854903e-07
59500.30000900036 2.180468968806794e-07
59550.30000900036 3.7596156131573395e-07
59600.30000900036 2.878608113648304e-07
59650.30000900036 3.6535578084592294e-07
59700.30000900036 2.4256436291815986e-07
59750.30000900036 4.1038118569063933e-07
59800.30000900036 3.123783795491036e-07
59850.30000900036 3.428282395317928e-07
59900.30000900036 2.2534054366762564e-07
59950.30000900036 3.142528124239374e-07
60000.30000900036 4.254918990630086e-07
60050.30000900036 3.8041007507566594e-07
60100.30000900036 4.3293622533937606e-07
60150.30000900036 3.449241792648866e-07
60200.30000900036 3.374567601952893e-07
60250.30000900036 3.9408574340531026e-07
60300.30000900036 3.767996112334713e-07
60350.30000900036 3.2462717182524543e-07
60400.30000900036 3.3076154597617437e-07
60450.30000900036 2.6194914401258363e-07
60500.30000900036 1.856609176328146e-07
60550.30000900036 4.0095781076271586e-07
60600.30000900036 3.731511358907187e-07
60650.30000900036 3.4880008857536645e-07
60700.30000900036 3.24335561339157e-07
60750.30000900036 2.773447626642644e-07
60800.30000900036 3.8804874038485256e-07
60850.30000900036 4.6303784005841435e-07
60900.30000900036 4.3825954627000425e-07
60950.30000900036 4.4255285211797896e-07
61000.30000900036 3.1346085243572166e-07
61050.30000900036 2.8441663517935343e-07
61100.30000900036 3.849765628673107e-07
61150.30000900036 1.837110140811723e-07
61200.30000900036 4.394267034043341e-07
61250.30000900036 5.200375214965894e-07
61300.30000900036 4.4517804254871674e-07
61350.30000900036 4.68645279701264e-07
61400.30000900036 4.0015356084890154e-07
61450.30000900036 3.3407566489517574e-07
61500.30000900036 3.276465535689698e-07
61550.30000900036 2.8142342752562664e-07
61600.30000900036 2.0884570000189774e-07
61650.30000900036 3.5217546393333626e-07
61700.30000900036 2.581660114250023e-07
61750.30000900036 3.4554854269669103e-07
61800.30000900036 3.379331088092826e-07
61850.30000900036 3.1023947504572777e-07
61900.30000900036 3.8660863719301644e-07
61950.30000900036 3.9335415816766684e-07
62000.30000900036 3.93395076814984e-07
62050.30000900036 3.4891838485349824e-07
62100.30000900036 4.2996886297884867e-07
62150.30000900036 4.3468315439725266e-07
62200.30000900036 3.4885847471597094e-07
62250.30000900036 4.0886289853623634e-07
62300.30000900036 4.890844009619067e-07
62350.30000900036 3.4877240729813407e-07
62400.30000900036 2.593907868517206e-07
62450.30000900036 3.828906435394384e-07
62500.30000900036 4.4018463964403066e-07
62550.30000900036 4.241184048233147e-07
62600.30000900036 4.357419071150203e-07
62650.30000900036 3.333202857941755e-07
62700.30000900036 4.2770022230745275e-07
62750.30000900036 5.113265052446671e-07
62800.30000900036 3.763088796528352e-07
62850.30000900036 4.509806493219443e-07
62900.30000900036 3.721859329897718e-07
62950.30000900036 3.6542278749033054e-07
63000.30000900036 4.0010727691776456e-07
63050.30000900036 4.839522535491586e-07
63100.30000900036 4.236499304394098e-07
63150.30000900036 3.8176107483550417e-07
63200.30000900036 4.6364784323269685e-07
63250.30000900036 3.0750729373446826e-07
63300.30000900036 4.458529989753737e-07
63350.30000900036 4.0100514409072896e-07
63400.30000900036 3.0062226401022634e-07
63450.30000900036 2.963011838890422e-07
63500.30000900036 4.081749105066234e-07
63550.30000900036 3.630746077847533e-07
63600.30000900036 4.162447108487866e-07
63650.30000900036 3.050188985462708e-07
63700.30000900036 3.16278298573841e-07
63750.30000900036 3.8795216010810504e-07
63800.30000900036 3.671322080222476e-07
63850.30000900036 3.566889642785351e-07
63900.30000900036 3.2157273241035665e-07
63950.30000900036 4.022522722333945e-07
64000.30000900036 3.939317601813837e-07
64050.30000900036 3.4082961591160237e-07
64100.30000900036 1.7775272084614746e-07
64150.30000900036 2.2468574020076755e-07
64200.30000900036 2.4989206432777977e-07
64250.30000900036 3.5544946115764366e-07
64300.30000900036 2.949637237440858e-07
64350.30000900036 2.5784992140432326e-07
64400.30000900036 3.458023463174536e-07
64450.30000900036 3.375893935117718e-07
64500.30000900036 2.6306940540321246e-07
64550.30000900036 3.21624793271294e-07
64600.30000900036 1.968904566766306e-07
64650.30000900036 2.6807151519484435e-07
64700.30000900036 2.0184890668019565e-07
64750.30000900036 2.4227165417818326e-07
64800.30000900036 2.4940225568635686e-07
64850.30000900036 2.3371987594959294e-07
64900.30000900036 2.766924346844048e-07
64950.30000900036 2.656050818542369e-07
65000.30000900036 2.8883440580380215e-07
65050.30000900036 2.5272685117380785e-07
65100.30000900036 3.084810838606153e-07
65150.30000900036 2.2960827573556182e-07
65200.30000900036 2.279858157138576e-07
65250.30000900036 3.1115608461935724e-07
65300.30000900036 2.5515293941693537e-07
65350.30000900036 3.794912019212101e-07
65400.30000900036 2.6953944095864086e-07
65450.30000900036 2.916588843992511e-07
65500.30000900036 3.1672600730388363e-07
65550.30000900036 2.3003452062363882e-07
65600.30000900036 2.6442969523819747e-07
65650.30000900036 3.0262473612850974e-07
65700.30000900036 2.478098839730047e-07
65750.30000900036 2.481964298736991e-07
65800.30000900036 3.103960675460376e-07
65850.30000900036 2.931067273638921e-07
65900.30000900036 2.4140353101807375e-07
65950.30000900036 1.7678857100724416e-07
66000.30000900036 2.723943472488198e-07
66050.30000900036 3.8468941612212604e-07
66100.30000900036 2.888552971648096e-07
66150.30000900036 2.0428858632125386e-07
66200.30000900036 2.1654425358516347e-07
66250.30000900036 1.9467053744057159e-07
66300.30000900036 1.4000151698489272e-07
66350.30000900036 1.9334962046844733e-07
66400.30000900036 2.123895927716538e-07
66450.30000900036 2.90020063386026e-07
66500.30000900036 3.82314308313875e-07
66550.30000900036 3.706959135253527e-07
66600.30000900036 2.9306299691140694e-07
66650.30000900036 2.967329403096036e-07
66700.30000900036 2.622055273008453e-07
66750.30000900036 2.355547089135213e-07
66800.30000900036 2.89205331750889e-07
66850.30000900036 2.5034967389502413e-07
66900.30000900036 2.980263212303984e-07
66950.30000900036 3.557823498109801e-07
67000.30000900036 3.2987903461184406e-07
67050.30000900036 2.9139321382714453e-07
67100.30000900036 2.533621448811029e-07
67150.30000900036 2.533403643589814e-07
67200.30000900036 2.609144746640262e-07
67250.30000900036 2.9509469084208235e-07
67300.30000900036 2.652768296899057e-07
67350.30000900036 2.2553235116817398e-07
67400.30000900036 3.360215555791857e-07
67450.30000900036 2.939030913894136e-07
67500.30000900036 2.6732967675259496e-07
67550.30000900036 2.8829148882390783e-07
67600.30000900036 3.940189137353801e-07
67650.30000900036 3.429403661509338e-07
67700.30000900036 2.981551882595132e-07
67750.30000900036 2.879897373581774e-07
67800.30000900036 3.484242176016982e-07
67850.30000900036 2.342005415981443e-07
67900.30000900036 2.9940009817006773e-07
67950.30000900036 1.8087504976264642e-07
68000.30000900036 2.5117281878853314e-07
68050.30000900036 3.4445284558396335e-07
68100.30000900036 3.482395849607449e-07
68150.30000900036 2.8046925828298596e-07
68200.30000900036 2.924047429040329e-07
68250.30000900036 1.9348527960964807e-07
68300.30000900036 2.685493047910034e-07
68350.30000900036 1.543370733179308e-07
68400.30000900036 3.522598747724529e-07
68450.30000900036 3.496060572353794e-07
68500.30000900036 3.040487852174166e-07
68550.30000900036 2.2825067336877917e-07
68600.30000900036 2.601063397712997e-07
68650.30000900036 2.057880785499049e-07
68700.30000900036 2.6904284142953625e-07
68750.30000900036 3.2182489329477373e-07
68800.30000900036 3.132289482508417e-07
68850.30000900036 2.0864253411560907e-07
