galfind/configs/Brown_Dwarf_templates/sonora_cholla/logkzz2/31g/1200K_31g_logkzz2_resample.dat
# %ECSV 1.0
# ---
# datatype:
# - {name: wav, unit: Angstrom, datatype: float64}
# - {name: flux_nu, unit: erg / (cm2 Hz s), datatype: float64}
# schema: astropy-2.0
wav flux_nu
[from data line 1179]
68950.30000900036 3.74038549377307e-07
69000.30000900036 3.554586555407993e-07
69050.30000900036 2.786198339443647e-07
69100.30000900036 3.186069776080236e-07
69150.30000900036 4.1558424975803734e-07
69200.30000900036 2.904143336291717e-07
69250.30000900036 3.5674780913409914e-07
69300.30000900036 3.0833897648355736e-07
69350.30000900036 3.519013953021197e-07
69400.30000900036 2.244679960454539e-07
69450.30000900036 3.676319903175607e-07
69500.30000900036 3.0923444493297344e-07
69550.30000900036 2.988145848675215e-07
69600.30000900036 1.5462554482669871e-07
69650.30000900036 3.014964279017101e-07
69700.30000900036 3.3230771854167357e-07
69750.30000900036 2.6889225292997117e-07
69800.30000900036 3.5302136208545624e-07
69850.30000900036 3.503402716211117e-07
69900.30000900036 2.455718565495251e-07
69950.30000900036 3.2299054598379777e-07
70000.30000900036 2.575965435473573e-07
70050.30000900036 3.30609631409547e-07
70100.30000900036 2.855004163590838e-07
70150.30000900036 3.039492115329215e-07
70200.30000900036 2.410560632449168e-07
70250.30000900036 2.861723311443821e-07
70300.30000900036 3.2963165954102885e-07
70350.30000900036 2.4223605398844283e-07
70400.30000900036 2.764161603235081e-07
70450.30000900036 1.8592809755595924e-07
70500.30000900036 2.2490418265128306e-07
70550.30000900036 2.517917578460428e-07
70600.30000900036 2.4868655232602745e-07
70650.30000900036 2.8674537875923884e-07
70700.30000900036 2.7726087457862645e-07
70750.30000900036 2.9325124227951745e-07
70800.30000900036 2.1327594601293033e-07
70850.30000900036 2.328890604729412e-07
70900.30000900036 2.194448145645546e-07
70950.30000900036 3.3129859651841465e-07
71000.30000900036 2.7474277528841937e-07
71050.30000900036 2.93432580481815e-07
71100.30000900036 2.670743189869219e-07
71150.30000900036 3.010158328813387e-07
71200.30000900036 2.573503243700209e-07
71250.30000900036 2.6162880794368757e-07
71300.30000900036 3.119101341119651e-07
71350.30000900036 2.8722574885067343e-07
71400.30000900036 3.0223827662223144e-07
71450.30000900036 2.0011874853027066e-07
71500.30000900036 2.3832306418547783e-07
71550.30000900036 2.5335880571538385e-07
71600.30000900036 2.5016305613570313e-07
71650.30000900036 2.6642835073863923e-07
71700.30000900036 2.3080504232158006e-07
71750.30000900036 2.408617510149944e-07
71800.30000900036 3.1150278475934004e-07
71850.30000900036 2.875122595462833e-07
71900.30000900036 2.300472739369746e-07
71950.30000900036 2.3496525313941146e-07
72000.30000900036 2.3881146351021317e-07
72050.30000900036 2.1316071212974853e-07
72100.30000900036 2.3264331543272428e-07
72150.30000900036 1.9444191916804097e-07
72200.30000900036 2.1936856917696367e-07
72250.30000900036 2.43845646992505e-07
72300.30000900036 2.587536911574209e-07
72350.30000900036 2.4449616799228297e-07
72400.30000900036 1.929995495463232e-07
72450.30000900036 2.0145911128437245e-07
72500.30000900036 2.2372330842488033e-07
72550.30000900036 1.643454151574655e-07
72600.30000900036 1.3951177615473825e-07
72650.30000900036 2.623162009817489e-07
72700.30000900036 2.645296387191214e-07
72750.30000900036 2.246471630130555e-07
72800.30000900036 2.2934538933881596e-07
72850.30000900036 2.0021995015640128e-07
72900.30000900036 2.1737087580142477e-07
72950.30000900036 2.2268519544500073e-07
73000.30000900036 2.5266000483242804e-07
73050.30000900036 2.2385889698000165e-07
73100.30000900036 1.9905315060597782e-07
73150.30000900036 2.7605901714171526e-07
73200.30000900036 2.0518058586129893e-07
73250.30000900036 2.1179423510142762e-07
73300.30000900036 2.3051576602626027e-07
73350.30000900036 2.0975226760846599e-07
73400.30000900036 2.303724530496538e-07
73450.30000900036 1.5911814508712428e-07
73500.30000900036 1.7254507350382093e-07
73550.30000900036 1.8764334455080383e-07
73600.30000900036 1.7658057526366283e-07
73650.30000900036 2.116257263723215e-07
73700.30000900036 2.4131615271498645e-07
73750.30000900036 1.8944018309602996e-07
73800.30000900036 1.997024794903312e-07
73850.30000900036 2.0629873917649884e-07
73900.30000900036 2.2961466077495695e-07
73950.30000900036 2.0212565286528923e-07
74000.30000900036 2.2043421837442482e-07
74050.30000900036 2.733012367000161e-07
74100.30000900036 1.7136655953224386e-07
74150.30000900036 2.2499851197670598e-07
74200.30000900036 2.0833619369559852e-07
74250.30000900036 1.6712962870484218e-07
74300.30000900036 2.1048451477918808e-07
74350.30000900036 2.3562581624383298e-07
74400.30000900036 2.1667951450489383e-07
74450.30000900036 1.4626176849322397e-07
74500.30000900036 1.9200981722897718e-07
74550.30000900036 2.0943790945179407e-07
74600.30000900036 2.1199328718009307e-07
74650.30000900036 2.0512192071108332e-07
74700.30000900036 1.7727724924757583e-07
74750.30000900036 1.970666449392485e-07
74800.30000900036 1.968852132016806e-07
74850.30000900036 1.280356134575211e-07
74900.30000900036 2.522603038460685e-07
74950.30000900036 2.5541532642644655e-07
75000.30000900036 2.1546860865951972e-07
75050.30000900036 2.1142238023537413e-07
75100.30000900036 2.6694189383066247e-07
75150.30000900036 2.479156621904922e-07
75200.30000900036 2.6583085467961865e-07
75250.30000900036 2.0650868395229469e-07
75300.30000900036 2.549036418927644e-07
75350.30000900036 1.8878999599356263e-07
75400.30000900036 2.448609127254596e-07
75450.30000900036 2.1928697719175856e-07
75500.30000900036 1.862139350682625e-07
75550.30000900036 2.777852561666169e-07
75600.30000900036 2.842786479706835e-07
75650.30000900036 1.9619865387888597e-07
75700.30000900036 2.2834541438718293e-07
75750.30000900036 1.780696218496837e-07
75800.30000900036 2.43427287544064e-07
75850.30000900036 2.9735823791605017e-07
75900.30000900036 2.662433659431052e-07
75950.30000900036 2.2778995957276652e-07
76000.30000900036 2.1915461373685763e-07
76050.30000900036 2.599958777372908e-07
76100.30000900036 2.180893276067603e-07
76150.30000900036 2.669811950153838e-07
76200.30000900036 2.7198248488680103e-07
76250.30000900036 3.0504402239358023e-07
76300.30000900036 2.727755514032291e-07
76350.30000900036 3.3450481258265715e-07
76400.30000900036 2.806416812892538e-07
76450.30000900036 2.815442185223126e-07
76500.30000900036 2.2675866340628192e-07
76550.30000900036 2.268829437837336e-07
76600.30000900036 1.6017331642357761e-07
76650.30000900036 1.4655255943060782e-07
76700.30000900036 1.9455073059098556e-07
76750.30000900036 1.668429235281793e-07
76800.30000900036 2.191466682825169e-07
76850.30000900036 1.0487992363557461e-07
76900.30000900036 1.6110250387727412e-07
76950.30000900036 1.671603913207936e-07
77000.30000900036 1.9241188592680865e-07
77050.30000900036 1.3567858344903485e-07
77100.30000900036 1.4777523045983486e-07
77150.30000900036 1.845271977294313e-07
77200.30000900036 1.7148062448933587e-07
77250.30000900036 1.7902278325412403e-07
77300.30000900036 1.6328195858545493e-07
77350.30000900036 1.3522677134664322e-07
77400.30000900036 1.1478225299632897e-07
77450.30000900036 1.2995070429390178e-07
77500.30000900036 1.7901176831399214e-07
77550.30000900036 1.717987713240495e-07
77600.30000900036 1.667294788958188e-07
77650.30000900036 1.7237816051414435e-07
77700.30000900036 1.405382259345368e-07
77750.30000900036 1.8331216776619947e-07
77800.30000900036 1.5979078485231337e-07
77850.30000900036 1.9829496247039497e-07
77900.30000900036 1.7413122022265536e-07
77950.30000900036 1.4513037764242438e-07
78000.30000900036 1.7184712214910865e-07
78050.30000900036 1.9877979021548755e-07
78100.30000900036 1.4060790487694148e-07
78150.30000900036 1.9346661913653207e-07
78200.30000900036 1.9192831428095093e-07
78250.30000900036 2.032305185441937e-07
78300.30000900036 2.1643329861738562e-07
78350.30000900036 2.02574481709372e-07
78400.30000900036 1.9182742830940428e-07
78450.30000900036 2.2834670605878996e-07
78500.30000900036 2.0140436673502242e-07
78550.30000900036 2.2525376992791652e-07
78600.30000900036 1.9458841143186417e-07
78650.30000900036 1.3762727798064437e-07
78700.30000900036 1.8174826775196756e-07
78750.30000900036 1.8327364226772078e-07
78800.30000900036 2.148093386028887e-07
78850.30000900036 1.7795224547747077e-07
78900.30000900036 1.960294919704214e-07
78950.30000900036 1.8670186920020283e-07
79000.30000900036 2.0337394564580335e-07
79050.30000900036 1.7478122128107276e-07
79100.30000900036 1.7704474609140143e-07
79150.30000900036 2.0519362557266142e-07
79200.30000900036 2.5761902043545217e-07
79250.30000900036 2.4069904639164714e-07
79300.30000900036 1.6365929766392977e-07
79350.30000900036 2.203549571694562e-07
79400.30000900036 1.823749729753846e-07
79450.30000900036 1.9894762918069925e-07
79500.30000900036 2.6741090269030747e-07
79550.30000900036 2.3367789828557288e-07
79600.30000900036 1.827207283521503e-07
79650.30000900036 2.0421367599619385e-07
79700.30000900036 2.6678797119739083e-07
79750.30000900036 2.3695367651525349e-07
79800.30000900036 2.2233848239845366e-07
79850.30000900036 2.1268856946953723e-07
79900.30000900036 2.9251361288923106e-07
79950.30000900036 1.9799890069032262e-07
