galfind/configs/Brown_Dwarf_templates/sonora_cholla/logkzz2/31g/1250K_31g_logkzz2_resample.dat
# %ECSV 1.0
# ---
# datatype:
# - {name: wav, unit: Angstrom, datatype: float64}
# - {name: flux_nu, unit: erg / (cm2 Hz s), datatype: float64}
# schema: astropy-2.0
wav flux_nu
[from data line 773]
48650.000000000095 2.975506567728734e-07
48700.000000000095 4.83195672832549e-07
48750.000000000095 3.2695328327511757e-07
48800.000000000095 4.618482619859647e-07
48850.000000000095 3.5230614135318345e-07
48900.000000000095 4.908336231565269e-07
48950.000000000095 4.281620808050916e-07
49000.000000000095 3.7644848827096317e-07
49050.000000000095 4.633942388466062e-07
49100.000000000095 3.3334468323260974e-07
49150.000000000095 4.975859039175518e-07
49200.000000000095 3.975157839644804e-07
49250.000000000095 4.959772831717742e-07
49300.000000000095 4.213055907152522e-07
49350.000000000095 4.0585710471116705e-07
49400.000000000095 5.023134133515997e-07
49450.000000000095 4.5416899394388746e-07
49500.000000000095 4.562927011123067e-07
49550.000000000095 3.3163488678033763e-07
49600.000000000095 4.5412575358856143e-07
49650.000000000095 4.0367424598667407e-07
49700.000000000095 3.338611471317909e-07
49750.000000000095 5.322685607828362e-07
49800.000000000095 3.8944700825629574e-07
49850.000000000095 5.934352731030949e-07
49900.000000000095 4.576263226106252e-07
49950.000000000095 4.888424415070967e-07
50000.000000000095 5.413528671913392e-07
50050.000000000095 4.965725131871292e-07
50100.000000000095 6.223956274251311e-07
50150.000000000095 3.7848397176892025e-07
50200.000000000095 2.986427580761586e-07
50250.000000000095 5.752926180697173e-07
50300.000000000095 4.305814251143504e-07
50350.000000000095 5.177412148109959e-07
50400.000000000095 5.007811736611046e-07
50450.000000000095 4.5553770613282134e-07
50500.000000000095 5.273838653067389e-07
50550.000000000095 4.898797259305998e-07
50600.000000000095 5.388146495342713e-07
50650.000000000095 4.990668549675111e-07
50700.000000000095 5.94102204671386e-07
50750.000000000095 6.414972307766831e-07
50800.000000000095 3.855137760771504e-07
50850.000000000095 5.189347964463365e-07
50900.000000000095 5.66548281838806e-07
50950.000000000095 6.436372725731514e-07
51000.000000000095 5.924131211057504e-07
51050.000000000095 5.129892991774145e-07
51100.000000000095 4.515196765334973e-07
51150.000000000095 4.697246664329182e-07
51200.000000000095 5.940284148225143e-07
51250.000000000095 6.105765436255631e-07
51300.000000000095 4.231014177304721e-07
51350.000000000095 5.521139505260115e-07
51400.000000000095 5.157394936927945e-07
51450.000000000095 4.397101190983032e-07
51500.000000000095 4.2784070841960543e-07
51550.000000000095 6.308253176175311e-07
51600.000000000095 4.3215408048196846e-07
51650.000000000095 5.964986747170297e-07
51700.000000000095 5.664212396833508e-07
51750.000000000095 4.251732830647318e-07
51800.000000000095 6.952094228893969e-07
51850.000000000095 5.119861925011861e-07
51900.000000000095 6.854291333665178e-07
51950.000000000095 6.01447082743534e-07
52000.000000000095 3.473328241931177e-07
52050.000000000095 4.829296206748801e-07
52100.000000000095 5.131504580218977e-07
52150.000000000095 4.381235601468538e-07
52200.000000000095 3.9079231526565997e-07
52250.000000000095 4.1236791281120714e-07
52300.000000000095 5.858537389944235e-07
52350.000000000095 6.362663719766967e-07
52400.000000000095 4.3809890314236017e-07
52450.000000000095 5.966818533027838e-07
52500.000000000095 5.031326733132582e-07
52550.000000000095 5.926054747415745e-07
52600.000000000095 4.3886776149392025e-07
52650.000000000095 5.751446144109977e-07
52700.000000000095 4.6549157579678596e-07
52750.000000000095 4.354112554542058e-07
52800.000000000095 4.251281613493975e-07
52850.000000000095 5.182453067923953e-07
52900.000000000095 4.2013749795331475e-07
52950.000000000095 3.8542767679962236e-07
53000.000000000095 6.96912178242386e-07
53050.000000000095 3.875958367367995e-07
53100.000000000095 5.770569960213226e-07
53150.000000000095 6.230369447434897e-07
53200.000000000095 3.778934868495094e-07
53250.000000000095 6.35531674824676e-07
53300.000000000095 6.135516809020257e-07
53350.000000000095 5.632747415804227e-07
53400.000000000095 6.197431294610535e-07
53450.000000000095 4.3981368508769215e-07
53500.000000000095 3.418899266402327e-07
53550.000000000095 4.5759325508088276e-07
53600.000000000095 5.119553885564981e-07
53650.000000000095 4.66428621403e-07
53700.000000000095 4.354222324090464e-07
53750.000000000095 4.770183346114519e-07
53800.000000000095 4.566436015785845e-07
53850.000000000095 5.557973844485874e-07
53900.000000000095 4.545567580399575e-07
53950.000000000095 6.001418536144906e-07
54000.000000000095 4.63648807056981e-07
54050.000000000095 4.6713952018442093e-07
54100.000000000095 3.4306869037365e-07
54150.000000000095 4.283219640071842e-07
54200.000000000095 2.7937870957232977e-07
54250.000000000095 2.769117946184514e-07
54300.000000000095 4.148448202358153e-07
54350.000000000095 4.681018128474633e-07
54400.000000000095 5.367648076248925e-07
54450.000000000095 4.3708941128007233e-07
54500.000000000095 3.9550608035201656e-07
54550.000000000095 3.6417730760277045e-07
54600.000000000095 4.4468415994057935e-07
54650.000000000095 3.5829191048526757e-07
54700.000000000095 5.092566224408405e-07
54750.000000000095 5.068588029549623e-07
54800.000000000095 4.3454732805735507e-07
54850.000000000095 4.516440476278331e-07
54900.000000000095 5.28310265355385e-07
54950.000000000095 6.553008177209266e-07
55000.000000000095 3.8682314893383715e-07
55050.000000000095 5.057109107703364e-07
55100.000000000095 3.510932070949367e-07
55150.000000000095 3.9639138197604236e-07
55200.000000000095 3.988798866805313e-07
55250.000000000095 4.084604907669475e-07
55300.000000000095 3.551609742303196e-07
55350.000000000095 4.076078884881303e-07
55400.000000000095 5.277149575467944e-07
55450.000000000095 4.7352292293468575e-07
55500.000000000095 3.153937971187587e-07
55550.000000000095 3.7757567882441554e-07
55600.000000000095 3.442457822874659e-07
55650.000000000095 2.7052128044220133e-07
55700.000000000095 4.0788805528983955e-07
55750.000000000095 4.4653580410550235e-07
55800.000000000095 3.7684359620295656e-07
55850.000000000095 3.170864017823179e-07
55900.000000000095 4.555085978421553e-07
55950.000000000095 5.731010020276174e-07
56000.000000000095 3.287715608872458e-07
56050.000000000095 4.5954977603274115e-07
56100.000000000095 4.7260844452898384e-07
56150.000000000095 3.671516923467841e-07
56200.000000000095 4.143749880811906e-07
56250.000000000095 3.457057730492132e-07
56300.000000000095 4.140767276935233e-07
56350.000000000095 4.430189439784913e-07
56400.000000000095 3.996624792938097e-07
56450.000000000095 3.507374272395186e-07
56500.000000000095 2.929169473096186e-07
56550.000000000095 2.8433004876142504e-07
56600.000000000095 4.255687649275806e-07
56650.000000000095 4.010430833706209e-07
56700.000000000095 4.4494172502212166e-07
56750.000000000095 2.8518543220733294e-07
56800.000000000095 4.798766549239885e-07
56850.000000000095 4.000157180305737e-07
56900.000000000095 3.563687048964905e-07
56950.000000000095 4.5575196843333007e-07
57000.000000000095 4.7094465783161145e-07
57050.000000000095 4.290630590806058e-07
57100.000000000095 2.648579666590313e-07
57150.000000000095 3.4078140545941667e-07
57200.000000000095 2.6247665299848994e-07
57250.000000000095 3.843140423055586e-07
57300.000000000095 4.3274850758250984e-07
57350.000000000095 2.5351742828941024e-07
57400.000000000095 4.0292676353894174e-07
57450.000000000095 4.348067404136627e-07
57500.000000000095 4.0292534275745483e-07
57550.000000000095 4.743826077614789e-07
57600.000000000095 4.971539303228177e-07
57650.000000000095 2.634287255598179e-07
57700.000000000095 3.1342093161366325e-07
57750.000000000095 3.677124587829839e-07
57800.000000000095 1.8289600465583682e-07
57850.000000000095 4.982820950179492e-07
57900.000000000095 5.592899999792278e-07
57950.000000000095 4.734799081736978e-07
58000.000000000095 3.066006256277292e-07
58050.000000000095 4.285789873017218e-07
58100.000000000095 4.6210185643840053e-07
58150.000000000095 4.1032990801983315e-07
58200.000000000095 2.939421493460307e-07
58250.000000000095 3.5054537282674245e-07
58300.000000000095 2.5832123991148775e-07
58350.000000000095 3.1662260709398055e-07
58400.000000000095 3.853727693308535e-07
58450.000000000095 3.7655009022813427e-07
58500.000000000095 3.5167741435281143e-07
58550.000000000095 3.820163263037574e-07
58600.000000000095 2.7202309105218127e-07
58650.000000000095 3.570883182508718e-07
58700.000000000095 3.4179742455951235e-07
58750.000000000095 3.498179156023228e-07
58800.000000000095 2.522584725507927e-07
58850.000000000095 3.6523646196648967e-07
58900.000000000095 4.4427391820267054e-07
58950.000000000095 3.0948069189427384e-07
59000.000000000095 4.0362107281054127e-07
59050.000000000095 4.079124354042066e-07
59100.000000000095 4.837601354973455e-07
59150.000000000095 3.826178712492884e-07
59200.000000000095 4.0005021181247587e-07
59250.000000000095 4.325141496616072e-07
59300.000000000095 3.9163688912890007e-07
59350.000000000095 2.9247463422784736e-07
59400.000000000095 2.3407070518440616e-07
59450.000000000095 3.4500867746282416e-07
59500.000000000095 2.5102279064628184e-07
59550.000000000095 4.355187279876397e-07
59600.000000000095 3.3307715886646296e-07
59650.000000000095 4.2096089663776065e-07
59700.000000000095 2.8261718291614387e-07
59750.000000000095 4.707548250502321e-07
59800.000000000095 3.6666204792922494e-07
59850.000000000095 3.8671353220932535e-07
59900.000000000095 2.665375407088551e-07
59950.000000000095 3.686414724617691e-07
60000.000000000095 4.900385631729196e-07
60050.000000000095 4.335261939435762e-07
60100.000000000095 4.902270730670406e-07
60150.000000000095 3.9837268294948897e-07
60200.000000000095 3.854625768155103e-07
60250.000000000095 4.4700763855119064e-07
60300.000000000095 4.214571541066425e-07
60350.000000000095 3.6941621763142365e-07
60400.000000000095 3.7336847855275507e-07
60450.000000000095 3.023880762437309e-07
60500.000000000095 2.1855191539751303e-07
60550.000000000095 4.5039737186538884e-07
60600.000000000095 4.2355410161887483e-07
60650.000000000095 3.9681221427037255e-07
60700.000000000095 3.8084775475076694e-07
60750.000000000095 3.1709447201055346e-07
60800.000000000095 4.4706110669606496e-07
60850.000000000095 5.284728186112377e-07
60900.000000000095 4.882909725570313e-07
60950.000000000095 5.026848904729779e-07
61000.000000000095 3.610895613594472e-07
61050.000000000095 3.2979770999032435e-07
61100.000000000095 4.478204034549446e-07
61150.000000000095 2.110769737558575e-07
61200.000000000095 5.062883979533289e-07
61250.000000000095 5.945009973893689e-07
61300.000000000095 5.188496483532315e-07
61350.000000000095 5.384767158473048e-07
61400.000000000095 4.619156021393998e-07
61450.000000000095 3.9528031791088326e-07
61500.000000000095 3.787102759811844e-07
61550.000000000095 3.256564688583307e-07
61600.000000000095 2.428103406962516e-07
61650.000000000095 4.034180701423531e-07
61700.000000000095 3.0374922151078864e-07
61750.000000000095 3.92366714313793e-07
61800.000000000095 3.894664785361048e-07
61850.000000000095 3.5655215418970825e-07
61900.000000000095 4.389197845871744e-07
61950.000000000095 4.557382876760662e-07
62000.000000000095 4.5144229231658166e-07
62050.000000000095 4.0860354835241986e-07
62100.000000000095 4.996448476641982e-07
62150.000000000095 4.909261421270449e-07
62200.000000000095 3.9721809828714813e-07
62250.000000000095 4.7185869747276353e-07
62300.000000000095 5.608983178842345e-07
62350.000000000095 4.1243366988805906e-07
62400.000000000095 3.080916288044018e-07
62450.000000000095 4.36898774620069e-07
62500.000000000095 5.030237849884737e-07
62550.000000000095 4.801779889515874e-07
62600.000000000095 5.041780013510839e-07
62650.000000000095 3.856179980098497e-07
62700.000000000095 4.910241232211752e-07
62750.000000000095 5.848457737818487e-07
62800.000000000095 4.292825822761993e-07
62850.000000000095 5.192763131863882e-07
62900.000000000095 4.3260323033747906e-07
62950.000000000095 4.206038902783486e-07
63000.000000000095 4.636911973090852e-07
63050.000000000095 5.59369161081563e-07
63100.000000000095 4.945031716235065e-07
63150.000000000095 4.263027454954075e-07
63200.000000000095 5.259720462095339e-07
63250.000000000095 3.6787022787848106e-07
63300.000000000095 5.198607162498146e-07
63350.000000000095 4.5863801230373413e-07
63400.000000000095 3.4732520520923963e-07
63450.000000000095 3.400769398910712e-07
63500.000000000095 4.810219812847923e-07
63550.000000000095 4.14396074532206e-07
63600.000000000095 4.89209642134336e-07
63650.000000000095 3.6512859261478526e-07
63700.000000000095 3.654716015031594e-07
63750.000000000095 4.526590411067144e-07
63800.000000000095 4.073319536798547e-07
63850.000000000095 4.149372838509934e-07
63900.000000000095 3.648116943008222e-07
63950.000000000095 4.625916293025002e-07
64000.000000000095 4.681741688019317e-07
64050.000000000095 3.975997762525967e-07
64100.000000000095 2.0804342417482713e-07
64150.000000000095 2.584356776679497e-07
64200.000000000095 2.9609768766928037e-07
64250.000000000095 4.1153215028558933e-07
64300.000000000095 3.408226467442956e-07
64350.000000000095 3.078292785672573e-07
64400.000000000095 4.0018410804244996e-07
64450.000000000095 3.9082441994750036e-07
64500.000000000095 3.023455072193902e-07
64550.000000000095 3.7780396487707296e-07
64600.000000000095 2.4006542908257745e-07
64650.000000000095 3.098978876100704e-07
64700.000000000095 2.375209823243526e-07
64750.000000000095 2.781258068063981e-07
64800.000000000095 2.8551526341735103e-07
64850.000000000095 2.727500050839952e-07
64900.000000000095 3.273633852094887e-07
64950.000000000095 3.079179870494349e-07
65000.000000000095 3.267566595396576e-07
65050.000000000095 2.964773883350964e-07
65100.000000000095 3.509315071367096e-07
65150.000000000095 2.7341134097564786e-07
65200.000000000095 2.6567984446214075e-07
65250.000000000095 3.5014388394069313e-07
65300.000000000095 2.8824966401689487e-07
65350.000000000095 4.366807889381723e-07
65400.000000000095 3.1062299697223995e-07
65450.000000000095 3.3294174152123377e-07
65500.000000000095 3.559852298437369e-07
65550.00000000009 2.6296578498879533e-07
65600.00000000009 2.971720768638669e-07
65650.00000000009 3.42806758205642e-07
65700.00000000009 2.791461634396385e-07
65750.00000000009 2.848902823722246e-07
65800.00000000009 3.5045080506710923e-07
65850.00000000009 3.3932052967559725e-07
65900.00000000009 2.7932253866044984e-07
65950.00000000009 2.02451566963943e-07
66000.00000000009 3.07756832587845e-07
66050.00000000009 4.277212889256978e-07
66100.00000000009 3.2626535511377596e-07
66150.00000000009 2.3632181664863444e-07
66200.00000000009 2.4708677881291915e-07
66250.00000000009 2.1776642470842635e-07
66300.00000000009 1.6385896657101934e-07
66350.00000000009 2.257490350410544e-07
66400.00000000009 2.42787901940037e-07
66450.00000000009 3.263228979702027e-07
66500.00000000009 4.201104437588624e-07
66550.00000000009 4.0959826466442923e-07
66600.00000000009 3.255304519218406e-07
66650.00000000009 3.425298573007519e-07
66700.00000000009 2.9510839976595333e-07
66750.00000000009 2.647122955447941e-07
66800.00000000009 3.2077580934084233e-07
66850.00000000009 2.8413934516483527e-07
66900.00000000009 3.2792077726259387e-07
66950.00000000009 3.8944100329338485e-07
67000.00000000009 3.599151793994206e-07
67050.00000000009 3.276383523940876e-07
67100.00000000009 2.891880073714831e-07
67150.00000000009 2.9187092932114e-07
67200.00000000009 2.9609731702215856e-07
67250.00000000009 3.312044624930178e-07
67300.00000000009 2.953174670337545e-07
67350.00000000009 2.666720606210231e-07
67400.00000000009 3.8118752346904826e-07
67450.00000000009 3.282270652547372e-07
67500.00000000009 2.9985104235030424e-07
67550.00000000009 3.241841727779964e-07
67600.00000000009 4.373325743511869e-07
67650.00000000009 3.838717548469799e-07
67700.00000000009 3.388850649340332e-07
67750.00000000009 3.2298764692665324e-07
67800.00000000009 3.928781383644553e-07
67850.00000000009 2.6451312365627126e-07
67900.00000000009 3.4055967251464536e-07
67950.00000000009 2.0299646661001026e-07
68000.00000000009 2.774445357352451e-07
