galfind/configs/Brown_Dwarf_templates/sonora_cholla/logkzz2/31g/1250K_31g_logkzz2_resample.dat
# %ECSV 1.0
# ---
# datatype:
# - {name: wav, unit: Angstrom, datatype: float64}
# - {name: flux_nu, unit: erg / (cm2 Hz s), datatype: float64}
# schema: astropy-2.0
wav flux_nu
[from data line 1162]
68100.00000000009 3.8664303992964136e-07
68150.00000000009 3.121501020587051e-07
68200.00000000009 3.3102044263174684e-07
68250.00000000009 2.2039321343972647e-07
68300.00000000009 3.0812366059323765e-07
68350.00000000009 1.7874773351818603e-07
68400.00000000009 3.8745330228676497e-07
68450.00000000009 3.883570556358797e-07
68500.00000000009 3.4256482356653893e-07
68550.00000000009 2.5688344119036647e-07
68600.00000000009 2.9668765628407416e-07
68650.00000000009 2.3480528354499107e-07
68700.00000000009 3.0094511547518185e-07
68750.00000000009 3.636004527135244e-07
68800.00000000009 3.5214203913530834e-07
68850.00000000009 2.3583651067948715e-07
68900.00000000009 4.1170676318965606e-07
68950.00000000009 4.2217744306194244e-07
69000.00000000009 4.005208368229204e-07
69050.00000000009 3.17182509082067e-07
69100.00000000009 3.512015618461124e-07
69150.00000000009 4.59887434753101e-07
69200.00000000009 3.214014226908982e-07
69250.00000000009 3.9096047198690044e-07
69300.00000000009 3.4736862711855345e-07
69350.00000000009 3.9283439025916815e-07
69400.00000000009 2.593367678266749e-07
69450.00000000009 4.092718632263633e-07
69500.00000000009 3.478964667914618e-07
69550.00000000009 3.390703909766421e-07
69600.00000000009 1.7942417838027421e-07
69650.00000000009 3.4031949061433073e-07
69700.00000000009 3.6400578288986697e-07
69750.00000000009 3.1085113692375576e-07
69800.00000000009 3.960726642953117e-07
69850.00000000009 3.967245142281844e-07
69900.00000000009 2.7926364955094864e-07
69950.00000000009 3.678957546709388e-07
70000.00000000009 2.9084808067849987e-07
70050.00000000009 3.6427228558346546e-07
70100.00000000009 3.1857806990464174e-07
70150.00000000009 3.402058671980373e-07
70200.00000000009 2.7673495449458263e-07
70250.00000000009 3.208087124861672e-07
70300.00000000009 3.671453252042251e-07
70350.00000000009 2.710178277846586e-07
70400.00000000009 3.1103697820682677e-07
70450.00000000009 2.1650377180541545e-07
70500.00000000009 2.5604690062405115e-07
70550.00000000009 2.858881911465423e-07
70600.00000000009 2.8790369111870126e-07
70650.00000000009 3.199358403314746e-07
70700.00000000009 3.1466050785512817e-07
70750.00000000009 3.324991745299972e-07
70800.00000000009 2.5052786745563654e-07
70850.00000000009 2.659407314657603e-07
70900.00000000009 2.5594946467901944e-07
70950.00000000009 3.7169229423432364e-07
71000.00000000009 3.151897006738115e-07
71050.00000000009 3.3769315128730865e-07
71100.00000000009 2.990510505784136e-07
71150.00000000009 3.3983505374400595e-07
71200.00000000009 2.9107460339998166e-07
71250.00000000009 2.965847081351969e-07
71300.00000000009 3.5211002552988314e-07
71350.00000000009 3.14293717755195e-07
71400.00000000009 3.358966228202767e-07
71450.00000000009 2.2812488327717513e-07
71500.00000000009 2.6875756308403677e-07
71550.00000000009 2.8820199157160904e-07
71600.00000000009 2.8880247947577416e-07
71650.00000000009 3.010852028727067e-07
71700.00000000009 2.63992184784303e-07
71750.00000000009 2.75275704686442e-07
71800.00000000009 3.535871166672298e-07
71850.00000000009 3.2739191457544446e-07
71900.00000000009 2.626796580275863e-07
71950.00000000009 2.706153375329479e-07
72000.00000000009 2.6996978965809495e-07
72050.00000000009 2.401439302492862e-07
72100.00000000009 2.6655435219584103e-07
72150.00000000009 2.3151705443037586e-07
72200.00000000009 2.591635607254376e-07
72250.00000000009 2.809642766272036e-07
72300.00000000009 2.962226897780952e-07
72350.00000000009 2.718688762394941e-07
72400.00000000009 2.2313722791746953e-07
72450.00000000009 2.2693980136364314e-07
72500.00000000009 2.5389824323354413e-07
72550.00000000009 1.9639860886193786e-07
72600.00000000009 1.6562387578493582e-07
72650.00000000009 2.9891407589108695e-07
72700.00000000009 3.020002420818055e-07
72750.00000000009 2.537922128423748e-07
72800.00000000009 2.6388594358368375e-07
72850.00000000009 2.3152330281152896e-07
72900.00000000009 2.560358142434294e-07
72950.00000000009 2.498208727384444e-07
73000.00000000009 2.94564451056291e-07
73050.00000000009 2.594291783340766e-07
73100.00000000009 2.3775093690675287e-07
73150.00000000009 3.14680576562971e-07
73200.00000000009 2.473166332789148e-07
73250.00000000009 2.460132611084702e-07
73300.00000000009 2.6646634397169386e-07
73350.00000000009 2.42724234263586e-07
73400.00000000009 2.643671891799881e-07
73450.00000000009 1.845447992946853e-07
73500.00000000009 2.0374804422086784e-07
73550.00000000009 2.1171693149632158e-07
73600.00000000009 2.0643225428885036e-07
73650.00000000009 2.424044354656105e-07
73700.00000000009 2.7772639333497424e-07
73750.00000000009 2.2959528402392877e-07
73800.00000000009 2.2916578070857927e-07
73850.00000000009 2.3951053674842364e-07
73900.00000000009 2.6507128082561123e-07
73950.00000000009 2.3520056699583896e-07
74000.00000000009 2.5681637829409046e-07
74050.00000000009 3.1275715045316563e-07
74100.00000000009 1.9961562109024594e-07
74150.00000000009 2.568836918131124e-07
74200.00000000009 2.3656637148462715e-07
74250.00000000009 1.9679183658816154e-07
74300.00000000009 2.407372263407483e-07
74350.00000000009 2.733251627995267e-07
74400.00000000009 2.465534104065498e-07
74450.00000000009 1.7213328823853942e-07
74500.00000000009 2.192013464606602e-07
74550.00000000009 2.4720775773932076e-07
74600.00000000009 2.4025310706993167e-07
74650.00000000009 2.334292499828635e-07
74700.00000000009 2.0359533349335792e-07
74750.00000000009 2.296177210718714e-07
74800.00000000009 2.2433723836211195e-07
74850.00000000009 1.5527765763144831e-07
74900.00000000009 2.9091398798523507e-07
74950.00000000009 2.957631146867506e-07
75000.00000000009 2.447277780078624e-07
75050.00000000009 2.515790479878637e-07
75100.00000000009 3.0625478017714414e-07
75150.00000000009 2.8888154063719054e-07
75200.00000000009 3.0374348852099424e-07
75250.00000000009 2.402045986328437e-07
75300.00000000009 2.9221186925766504e-07
75350.00000000009 2.1907897879111953e-07
75400.00000000009 2.817733020471264e-07
75450.00000000009 2.4844337996040793e-07
75500.00000000009 2.1712258661820145e-07
75550.00000000009 3.1522672155744584e-07
75600.00000000009 3.2464568981914615e-07
75650.00000000009 2.2385424339384678e-07
75700.00000000009 2.667676225330221e-07
75750.00000000009 2.0920955598978294e-07
75800.00000000009 2.780190946957608e-07
75850.00000000009 3.31917887630857e-07
75900.00000000009 2.991531838722651e-07
75950.00000000009 2.6017706223096225e-07
76000.00000000009 2.5007354946718465e-07
76050.00000000009 2.8969985525451774e-07
76100.00000000009 2.470883020914608e-07
76150.00000000009 2.9588349707380114e-07
76200.00000000009 3.049060129447828e-07
76250.00000000009 3.433264288544226e-07
76300.00000000009 3.0358905316928863e-07
76350.00000000009 3.8201335469217977e-07
76400.00000000009 3.157768783549824e-07
76450.00000000009 3.1564815987498725e-07
76500.00000000009 2.6965661272035873e-07
76550.00000000009 2.5987714132611126e-07
76600.00000000009 1.9038103038193025e-07
76650.00000000009 1.845853057891389e-07
76700.00000000009 2.2702470410068902e-07
76750.00000000009 1.969792950290597e-07
76800.00000000009 2.5266971745405395e-07
76850.00000000009 1.3322681001520472e-07
76900.00000000009 1.9370705679180467e-07
76950.00000000009 1.9092261828123e-07
77000.00000000009 2.229872681823849e-07
77050.00000000009 1.6187779448443742e-07
77100.00000000009 1.7656148113263118e-07
77150.00000000009 2.0711850428618116e-07
77200.00000000009 2.061920414509569e-07
77250.00000000009 2.0783435928674835e-07
77300.00000000009 1.859346373500018e-07
77350.00000000009 1.5719372969023277e-07
77400.00000000009 1.3066616586196593e-07
77450.00000000009 1.559208155280768e-07
77500.00000000009 2.0483615198326588e-07
77550.00000000009 1.9832413090806704e-07
77600.00000000009 1.9431002125356492e-07
77650.00000000009 1.9963668689746923e-07
77700.00000000009 1.6157505765578539e-07
77750.00000000009 2.0616295355075727e-07
77800.00000000009 1.8944441914797858e-07
77850.00000000009 2.2222680145357486e-07
77900.00000000009 2.0281239083508292e-07
77950.00000000009 1.7907894955405048e-07
78000.00000000009 2.0078684229652513e-07
78050.00000000009 2.281396605035995e-07
78100.00000000009 1.6261888839743262e-07
78150.00000000009 2.1986369360651375e-07
78200.00000000009 2.2206416580843258e-07
78250.00000000009 2.3550781015566953e-07
78300.00000000009 2.475268836329672e-07
78350.00000000009 2.3306966573743748e-07
78400.00000000009 2.2181292481697068e-07
78450.00000000009 2.628296609627642e-07
78500.00000000009 2.3102999510347188e-07
78550.00000000009 2.5191522899536154e-07
78600.00000000009 2.2175102129018402e-07
78650.00000000009 1.6072039855307682e-07
78700.00000000009 2.049801299323024e-07
78750.00000000009 2.12230886585023e-07
78800.00000000009 2.492576333234312e-07
78850.00000000009 1.9903598893019008e-07
78900.00000000009 2.2690443610984665e-07
78950.00000000009 2.1094238082310116e-07
79000.00000000009 2.3248613534988726e-07
79050.00000000009 2.0793227954491339e-07
79100.00000000009 1.9990549804238558e-07
79150.00000000009 2.3570935116657325e-07
79200.00000000009 2.947935790681589e-07
79250.00000000009 2.7709079779025806e-07
79300.00000000009 1.8632197273575036e-07
79350.00000000009 2.549207592140896e-07
79400.00000000009 2.090304958927172e-07
79450.00000000009 2.3204492956342145e-07
79500.00000000009 2.9943219510194295e-07
79550.00000000009 2.663165783519899e-07
79600.00000000009 2.1256490577796892e-07
79650.00000000009 2.3543782253602326e-07
79700.00000000009 3.04066228999038e-07
79750.00000000009 2.685566939295071e-07
79800.00000000009 2.5825588446660105e-07
79850.00000000009 2.472178966096405e-07
79900.00000000009 3.3259033695706744e-07
79950.00000000009 2.3036962956314162e-07
