galfind/configs/Brown_Dwarf_templates/sonora_cholla/logkzz2/31g/1300K_31g_logkzz2_resample.dat
# %ECSV 1.0
# ---
# datatype:
# - {name: wav, unit: Angstrom, datatype: float64}
# - {name: flux_nu, unit: erg / (cm2 Hz s), datatype: float64}
# schema: astropy-2.0
wav flux_nu
[from data line 774]
48700.000000000095 5.441668135907753e-07
48750.000000000095 3.7499136613151333e-07
48800.000000000095 5.229496064582036e-07
48850.000000000095 3.99686350438163e-07
48900.000000000095 5.49060941061346e-07
48950.000000000095 4.821936693630626e-07
49000.000000000095 4.297422029674273e-07
49050.000000000095 5.212403867154391e-07
49100.000000000095 3.808617907982374e-07
49150.000000000095 5.551261928274227e-07
49200.000000000095 4.5325912559175757e-07
49250.000000000095 5.511914598856789e-07
49300.000000000095 4.77384701763906e-07
49350.000000000095 4.6040862506828655e-07
49400.000000000095 5.672283873560323e-07
49450.000000000095 5.083069933525201e-07
49500.000000000095 5.119750444379021e-07
49550.000000000095 3.803471007075597e-07
49600.000000000095 5.060767511770951e-07
49650.000000000095 4.547198719068247e-07
49700.000000000095 3.744841198240331e-07
49750.000000000095 5.884481867597358e-07
49800.000000000095 4.389689242302561e-07
49850.000000000095 6.539947703218856e-07
49900.000000000095 5.093561736389382e-07
49950.000000000095 5.387061216919117e-07
50000.000000000095 5.99240217303825e-07
50050.000000000095 5.48741234731273e-07
50100.000000000095 6.905066671940026e-07
50150.000000000095 4.264378865388011e-07
50200.000000000095 3.3875117515279136e-07
50250.000000000095 6.362192400588764e-07
50300.000000000095 4.822175314250807e-07
50350.000000000095 5.703714036055574e-07
50400.000000000095 5.576966395584947e-07
50450.000000000095 5.005340401299275e-07
50500.000000000095 5.800068943278003e-07
50550.000000000095 5.415118165368576e-07
50600.000000000095 5.907273577002457e-07
50650.000000000095 5.500179710970685e-07
50700.000000000095 6.427415993695852e-07
50750.000000000095 7.011285689910023e-07
50800.000000000095 4.3483330290613594e-07
50850.000000000095 5.884090390545317e-07
50900.000000000095 6.164872851371061e-07
50950.000000000095 7.089049549849612e-07
51000.000000000095 6.556337824392168e-07
51050.000000000095 5.699307022128765e-07
51100.000000000095 5.099607487310297e-07
51150.000000000095 5.222723847939187e-07
51200.000000000095 6.491702901237103e-07
51250.000000000095 6.733501060243731e-07
51300.000000000095 4.693904413296107e-07
51350.000000000095 6.119207189440348e-07
51400.000000000095 5.856730320158561e-07
51450.000000000095 4.97547315785682e-07
51500.000000000095 4.875969529824564e-07
51550.000000000095 7.050956440196193e-07
51600.000000000095 4.811079690475832e-07
51650.000000000095 6.591677703472194e-07
51700.000000000095 6.227710087637967e-07
51750.000000000095 4.734683653234923e-07
51800.000000000095 7.590324962436685e-07
51850.000000000095 5.628742823606474e-07
51900.000000000095 7.507033262297756e-07
51950.000000000095 6.578479008913253e-07
52000.000000000095 4.017616658781386e-07
52050.000000000095 5.389976216501632e-07
52100.000000000095 5.806478572852515e-07
52150.000000000095 4.983965114869957e-07
52200.000000000095 4.473281680079259e-07
52250.000000000095 4.588099381755349e-07
52300.000000000095 6.448898901752384e-07
52350.000000000095 7.169766740620819e-07
52400.000000000095 4.916843747184548e-07
52450.000000000095 6.567754537720851e-07
52500.000000000095 5.529799694104672e-07
52550.000000000095 6.536091794420545e-07
52600.000000000095 4.829252689467802e-07
52650.000000000095 6.444335616907413e-07
52700.000000000095 5.200220493863392e-07
52750.000000000095 4.860965386368618e-07
52800.000000000095 4.765298524057356e-07
52850.000000000095 5.821119994392237e-07
52900.000000000095 4.785421095085663e-07
52950.000000000095 4.3326965672384136e-07
53000.000000000095 7.689107257835026e-07
53050.000000000095 4.3918828717279523e-07
53100.000000000095 6.381673017856135e-07
53150.000000000095 6.801925867374073e-07
53200.000000000095 4.194721901593596e-07
53250.000000000095 7.019901321866147e-07
53300.000000000095 6.727614262005123e-07
53350.000000000095 6.222809566364091e-07
53400.000000000095 6.787956373920646e-07
53450.000000000095 5.026316901079342e-07
53500.000000000095 3.9473394172553956e-07
53550.000000000095 5.192924475715564e-07
53600.000000000095 5.763499628180773e-07
53650.000000000095 5.248008614218956e-07
53700.000000000095 4.931378725966135e-07
53750.000000000095 5.397984179065124e-07
53800.000000000095 5.253644434564078e-07
53850.000000000095 6.201787404048509e-07
53900.000000000095 5.041896003088033e-07
53950.000000000095 6.617936885919756e-07
54000.000000000095 5.219114464993842e-07
54050.000000000095 5.168369546288948e-07
54100.000000000095 3.9682351909600095e-07
54150.000000000095 4.871711861084495e-07
54200.000000000095 3.2648289185445137e-07
54250.000000000095 3.1527025287185864e-07
54300.000000000095 4.69256371567531e-07
54350.000000000095 5.195862490885161e-07
54400.000000000095 6.042001470603788e-07
54450.000000000095 4.944588672359285e-07
54500.000000000095 4.537666209971493e-07
54550.000000000095 4.150433050288456e-07
54600.000000000095 5.005030051587505e-07
54650.000000000095 4.1580720037644386e-07
54700.000000000095 5.749682430021827e-07
54750.000000000095 5.71164225679001e-07
54800.000000000095 4.945782005252563e-07
54850.000000000095 5.13070821808088e-07
54900.000000000095 5.93887039869067e-07
54950.000000000095 7.262240560496351e-07
55000.000000000095 4.4561806250318675e-07
55050.000000000095 5.771205084737662e-07
55100.000000000095 3.9245970360306924e-07
55150.000000000095 4.534309774181859e-07
55200.000000000095 4.505434782971167e-07
55250.000000000095 4.598549015172448e-07
55300.000000000095 4.094227787102577e-07
55350.000000000095 4.573429897208454e-07
55400.000000000095 5.869187510783896e-07
55450.000000000095 5.420723912992186e-07
55500.000000000095 3.668386483194123e-07
55550.000000000095 4.3075621928783304e-07
55600.000000000095 4.019262576298991e-07
55650.000000000095 3.1186313466591335e-07
55700.000000000095 4.668035579376292e-07
55750.000000000095 5.14403410003149e-07
55800.000000000095 4.3757419155508703e-07
55850.000000000095 3.663904350572931e-07
55900.000000000095 5.109730884042099e-07
55950.000000000095 6.499672377722217e-07
56000.000000000095 3.782748779587123e-07
56050.000000000095 5.220304363311247e-07
56100.000000000095 5.287090350904844e-07
56150.000000000095 4.1502863968278714e-07
56200.000000000095 4.7531587737932806e-07
56250.000000000095 3.8860605937966275e-07
56300.000000000095 4.6417260043851887e-07
56350.000000000095 5.018886039115986e-07
56400.000000000095 4.666592184385423e-07
56450.000000000095 4.1107774721451187e-07
56500.000000000095 3.398127745327117e-07
56550.000000000095 3.337540569836053e-07
56600.000000000095 4.839463205263305e-07
56650.000000000095 4.5945592389106214e-07
56700.000000000095 5.097720903233789e-07
56750.000000000095 3.255665864458792e-07
56800.000000000095 5.342642305386017e-07
56850.000000000095 4.553846397426141e-07
56900.000000000095 4.1290776097395584e-07
56950.000000000095 5.147349561695261e-07
57000.000000000095 5.288110094117219e-07
57050.000000000095 4.972170473860181e-07
57100.000000000095 3.1092138675634714e-07
57150.000000000095 4.00558678797193e-07
57200.000000000095 3.0115897025298534e-07
57250.000000000095 4.4485710117056914e-07
57300.000000000095 4.907235337855463e-07
57350.000000000095 2.9224919532423307e-07
57400.000000000095 4.601208661238103e-07
57450.000000000095 5.041894875251758e-07
57500.000000000095 4.617719980135309e-07
57550.000000000095 5.448853208569125e-07
57600.000000000095 5.61877256658388e-07
57650.000000000095 3.0648172256775785e-07
57700.000000000095 3.617490118372579e-07
57750.000000000095 4.168217515491849e-07
57800.000000000095 2.1118241201759775e-07
57850.000000000095 5.553718372498262e-07
57900.000000000095 6.282623422891992e-07
57950.000000000095 5.333926692014792e-07
58000.000000000095 3.536561054240507e-07
58050.000000000095 4.894250674498213e-07
58100.000000000095 5.243588915468638e-07
58150.000000000095 4.791903027915716e-07
58200.000000000095 3.4522136108848723e-07
58250.000000000095 4.0914343218739734e-07
58300.000000000095 3.045904309157302e-07
58350.000000000095 3.640781225395759e-07
58400.000000000095 4.376551873856716e-07
58450.000000000095 4.2936753054321215e-07
58500.000000000095 4.006770829310696e-07
58550.000000000095 4.3231352123293565e-07
58600.000000000095 3.233997799863343e-07
58650.000000000095 4.1794033974994816e-07
58700.000000000095 3.9400648214630373e-07
58750.000000000095 4.0600224372041533e-07
58800.000000000095 3.0115318627145594e-07
58850.000000000095 4.207241743722289e-07
58900.000000000095 5.074633593253553e-07
58950.000000000095 3.5694433795674714e-07
59000.000000000095 4.553296840540855e-07
59050.000000000095 4.6553153806948146e-07
59100.000000000095 5.471943608333767e-07
59150.000000000095 4.419000973043057e-07
59200.000000000095 4.5684340802396503e-07
59250.000000000095 4.919244916573322e-07
59300.000000000095 4.406540943238832e-07
59350.000000000095 3.4505072235566014e-07
59400.000000000095 2.7851970373707676e-07
59450.000000000095 3.9150493009920653e-07
59500.000000000095 2.9203981680210334e-07
59550.000000000095 5.009015314221363e-07
59600.000000000095 3.8143497466139905e-07
59650.000000000095 4.848307820048339e-07
59700.000000000095 3.316840330970732e-07
59750.000000000095 5.350343294855437e-07
59800.000000000095 4.273869050639907e-07
59850.000000000095 4.355045252442911e-07
59900.000000000095 3.134060502700385e-07
59950.000000000095 4.263817059787527e-07
60000.000000000095 5.614261150377717e-07
60050.000000000095 4.912506905873944e-07
60100.000000000095 5.536703232709937e-07
60150.000000000095 4.5667961142835764e-07
60200.000000000095 4.36536526629068e-07
60250.000000000095 5.044003618833321e-07
60300.000000000095 4.70178471240039e-07
60350.000000000095 4.20195818298513e-07
60400.000000000095 4.187554433862431e-07
60450.000000000095 3.507010571823198e-07
60500.000000000095 2.5851011362391747e-07
60550.000000000095 5.101628278384427e-07
60600.000000000095 4.814397120039939e-07
60650.000000000095 4.5145486899267466e-07
60700.000000000095 4.463290384649783e-07
60750.000000000095 3.63399738115996e-07
60800.000000000095 5.140910596329021e-07
60850.000000000095 5.967410384540474e-07
60900.000000000095 5.44640858564934e-07
60950.000000000095 5.691569587824809e-07
61000.000000000095 4.1428518743415796e-07
61050.000000000095 3.828323435502586e-07
61100.000000000095 5.163995356949468e-07
61150.000000000095 2.4566890009312845e-07
61200.000000000095 5.763193364715299e-07
61250.000000000095 6.74860810440022e-07
61300.000000000095 6.012971186718348e-07
61350.000000000095 6.132095002601905e-07
61400.000000000095 5.297713501503634e-07
61450.000000000095 4.640225544773533e-07
61500.000000000095 4.3570569817298026e-07
61550.000000000095 3.7684988749258847e-07
61600.000000000095 2.848664837387345e-07
61650.000000000095 4.629910792722033e-07
61700.000000000095 3.509728591974484e-07
61750.000000000095 4.444418400020099e-07
61800.000000000095 4.4705170281873183e-07
61850.000000000095 4.1050670782863577e-07
61900.000000000095 4.963218214616817e-07
61950.000000000095 5.196124112600904e-07
62000.000000000095 5.143963671222923e-07
62050.000000000095 4.729641669716592e-07
62100.000000000095 5.732215117452275e-07
62150.000000000095 5.564093493141628e-07
62200.000000000095 4.484493240778328e-07
62250.000000000095 5.436559185421828e-07
62300.000000000095 6.394079364861733e-07
62350.000000000095 4.787079157469465e-07
62400.000000000095 3.6212487789468493e-07
62450.000000000095 4.967992068190506e-07
62500.000000000095 5.701887364805017e-07
62550.000000000095 5.415411418691378e-07
62600.000000000095 5.729264618032621e-07
62650.000000000095 4.426173515015371e-07
62700.000000000095 5.56396833991808e-07
62750.000000000095 6.61637425564542e-07
62800.000000000095 4.905940093690043e-07
62850.000000000095 5.959651809883257e-07
62900.000000000095 4.98486013422648e-07
62950.000000000095 4.810540567561362e-07
63000.000000000095 5.305713760566271e-07
63050.000000000095 6.345632336379239e-07
63100.000000000095 5.684333438511566e-07
63150.000000000095 4.799257559509181e-07
63200.000000000095 5.909214074537218e-07
63250.000000000095 4.283928874884363e-07
63300.000000000095 5.970051611462771e-07
63350.000000000095 5.185404042736701e-07
63400.000000000095 4.0137653952462886e-07
63450.000000000095 3.9475473887807993e-07
63500.000000000095 5.554085224025806e-07
63550.000000000095 4.702051513813834e-07
63600.000000000095 5.654913937249338e-07
63650.000000000095 4.2588334131943576e-07
63700.000000000095 4.2084193879896265e-07
63750.000000000095 5.249000413221265e-07
63800.000000000095 4.5305016887546554e-07
63850.000000000095 4.766385796809661e-07
63900.000000000095 4.1688506998655947e-07
63950.000000000095 5.244538599713441e-07
64000.000000000095 5.449969226918256e-07
64050.000000000095 4.5922969367868e-07
64100.000000000095 2.4549452966697807e-07
64150.000000000095 2.975136591629138e-07
64200.000000000095 3.4843862693610657e-07
64250.000000000095 4.7436122072638046e-07
64300.000000000095 3.9031103514538257e-07
64350.000000000095 3.6240087746555294e-07
64400.000000000095 4.570968002112939e-07
64450.000000000095 4.437042379820344e-07
64500.000000000095 3.4635516829088385e-07
64550.000000000095 4.371048222581405e-07
64600.000000000095 2.8361537646775785e-07
64650.000000000095 3.541476996454058e-07
64700.000000000095 2.7713347012229105e-07
64750.000000000095 3.18627615721722e-07
64800.000000000095 3.2586072190746155e-07
64850.000000000095 3.161946737707461e-07
64900.000000000095 3.825724537262817e-07
64950.000000000095 3.572239831405461e-07
65000.000000000095 3.70483884799079e-07
65050.000000000095 3.4074594819946985e-07
65100.000000000095 3.9743752184987866e-07
65150.000000000095 3.191801843931091e-07
65200.000000000095 3.093150092756514e-07
65250.000000000095 3.941623735320128e-07
65300.000000000095 3.282671316476451e-07
65350.000000000095 4.94516850169598e-07
65400.000000000095 3.5811586934382044e-07
65450.000000000095 3.8230251954072054e-07
65500.000000000095 4.0409221694248573e-07
65550.00000000009 3.002528472301545e-07
65600.00000000009 3.3542698705940375e-07
65650.00000000009 3.9105650271516747e-07
65700.00000000009 3.145517169004971e-07
65750.00000000009 3.2928119766247383e-07
65800.00000000009 3.995953864483281e-07
65850.00000000009 3.8851759075996117e-07
65900.00000000009 3.252019691317711e-07
65950.00000000009 2.2959933445264775e-07
66000.00000000009 3.5060275116175286e-07
66050.00000000009 4.7616207128371384e-07
66100.00000000009 3.6893841790978374e-07
66150.00000000009 2.7377100875435923e-07
66200.00000000009 2.8303918842202717e-07
66250.00000000009 2.4915469160657565e-07
66300.00000000009 1.9318180686967663e-07
66350.00000000009 2.6480657428878494e-07
66400.00000000009 2.78551459288405e-07
66450.00000000009 3.675342958808426e-07
66500.00000000009 4.661115025437727e-07
66550.00000000009 4.545871866704663e-07
66600.00000000009 3.6566834449338176e-07
66650.00000000009 3.945972236349787e-07
66700.00000000009 3.3472777439220845e-07
66750.00000000009 2.9851734340854337e-07
66800.00000000009 3.5915081728230045e-07
66850.00000000009 3.25314002966873e-07
66900.00000000009 3.6340715304626816e-07
66950.00000000009 4.272544028906311e-07
67000.00000000009 3.9292474185269435e-07
67050.00000000009 3.708832182595708e-07
67100.00000000009 3.306748230456355e-07
67150.00000000009 3.37228103482073e-07
67200.00000000009 3.353014128077615e-07
67250.00000000009 3.7273658422850306e-07
67300.00000000009 3.313214372874551e-07
67350.00000000009 3.165405040624456e-07
67400.00000000009 4.331216383445239e-07
67450.00000000009 3.6437559667448757e-07
67500.00000000009 3.3659504427542764e-07
67550.00000000009 3.635449909943511e-07
67600.00000000009 4.84136113310738e-07
67650.00000000009 4.284955227058158e-07
67700.00000000009 3.8223474823684753e-07
67750.00000000009 3.627460920648023e-07
67800.00000000009 4.427770050952329e-07
67850.00000000009 2.9984013064640394e-07
67900.00000000009 3.8512758992990067e-07
67950.00000000009 2.310530161666918e-07
68000.00000000009 3.0629556084372536e-07
68050.00000000009 4.372715217510502e-07
