galfind/configs/Brown_Dwarf_templates/sonora_cholla/logkzz2/31g/1300K_31g_logkzz2_resample.dat
# %ECSV 1.0
# ---
# datatype:
# - {name: wav, unit: Angstrom, datatype: float64}
# - {name: flux_nu, unit: erg / (cm2 Hz s), datatype: float64}
# schema: astropy-2.0
wav flux_nu
[from data line 1163]
68150.00000000009 3.4594139663735065e-07
68200.00000000009 3.7203339612989183e-07
68250.00000000009 2.5326690941744907e-07
68300.00000000009 3.501968613369691e-07
68350.00000000009 2.0587948261967648e-07
68400.00000000009 4.2887542056990655e-07
68450.00000000009 4.3354669508665464e-07
68500.00000000009 3.848364727700503e-07
68550.00000000009 2.908221843156006e-07
68600.00000000009 3.388650615424919e-07
68650.00000000009 2.6879532433129836e-07
68700.00000000009 3.3820414288131056e-07
68750.00000000009 4.115417136277607e-07
68800.00000000009 3.9522116208686947e-07
68850.00000000009 2.698274423797743e-07
68900.00000000009 4.559687909028874e-07
68950.00000000009 4.738561834356583e-07
69000.00000000009 4.4509065054697703e-07
69050.00000000009 3.591449536938147e-07
69100.00000000009 3.8493652450346627e-07
69150.00000000009 5.066271290630763e-07
69200.00000000009 3.569180892484534e-07
69250.00000000009 4.276876280539995e-07
69300.00000000009 3.8935730994756953e-07
69350.00000000009 4.3767864921148497e-07
69400.00000000009 3.002319483797458e-07
69450.00000000009 4.515855484167133e-07
69500.00000000009 3.913674350360375e-07
69550.00000000009 3.837712029949028e-07
69600.00000000009 2.092096016260733e-07
69650.00000000009 3.8653478713883136e-07
69700.00000000009 3.9943553632681145e-07
69750.00000000009 3.561295307406205e-07
69800.00000000009 4.4306937929869953e-07
69850.00000000009 4.465530014316097e-07
69900.00000000009 3.1478970836925393e-07
69950.00000000009 4.151912895716014e-07
70000.00000000009 3.316684064701397e-07
70050.00000000009 3.9964150482652676e-07
70100.00000000009 3.5494156191432445e-07
70150.00000000009 3.7769256060449603e-07
70200.00000000009 3.157516781335783e-07
70250.00000000009 3.599464554999075e-07
70300.00000000009 4.0902642071886743e-07
70350.00000000009 2.9893387338081184e-07
70400.00000000009 3.4956704151208567e-07
70450.00000000009 2.5239544949678066e-07
70500.00000000009 2.902252997850291e-07
70550.00000000009 3.257131304865454e-07
70600.00000000009 3.3085099649439173e-07
70650.00000000009 3.5529140770051776e-07
70700.00000000009 3.5488895793482627e-07
70750.00000000009 3.7307422954835736e-07
70800.00000000009 2.883171476939005e-07
70850.00000000009 3.032423551618265e-07
70900.00000000009 2.9382812028136776e-07
70950.00000000009 4.151707907836526e-07
71000.00000000009 3.5486170051948744e-07
71050.00000000009 3.821314076349314e-07
71100.00000000009 3.322130162109292e-07
71150.00000000009 3.8200012082834064e-07
71200.00000000009 3.269218522055581e-07
71250.00000000009 3.3450982711293125e-07
71300.00000000009 3.918978960520728e-07
71350.00000000009 3.4508011926548074e-07
71400.00000000009 3.7131659418527554e-07
71450.00000000009 2.5937087885640037e-07
71500.00000000009 3.015875144607444e-07
71550.00000000009 3.27651075917347e-07
71600.00000000009 3.2800850767960595e-07
71650.00000000009 3.383132307115994e-07
71700.00000000009 3.0123291374380127e-07
71750.00000000009 3.1139328498768953e-07
71800.00000000009 3.975731580782542e-07
71850.00000000009 3.6660526736484913e-07
71900.00000000009 2.980452690040589e-07
71950.00000000009 3.0560333984674e-07
72000.00000000009 2.998388035127624e-07
72050.00000000009 2.6969191523768717e-07
72100.00000000009 3.0189615588315334e-07
72150.00000000009 2.668543591069584e-07
72200.00000000009 2.9903227308666935e-07
72250.00000000009 3.1988424450254377e-07
72300.00000000009 3.3477327353002815e-07
72350.00000000009 2.9845677490690323e-07
72400.00000000009 2.521324716919205e-07
72450.00000000009 2.5113469305696945e-07
72500.00000000009 2.8565625181177497e-07
72550.00000000009 2.2659069146431827e-07
72600.00000000009 1.9297488774279732e-07
72650.00000000009 3.360064560420718e-07
72700.00000000009 3.3796613473778275e-07
72750.00000000009 2.8453909811400665e-07
72800.00000000009 3.0078627612156815e-07
72850.00000000009 2.6473849894583937e-07
72900.00000000009 2.9289410587546444e-07
72950.00000000009 2.8245095674470334e-07
73000.00000000009 3.384786579640051e-07
73050.00000000009 2.961015401996995e-07
73100.00000000009 2.7373337309583496e-07
73150.00000000009 3.524918469341221e-07
73200.00000000009 2.897541249531082e-07
73250.00000000009 2.7903805268628925e-07
73300.00000000009 3.0118046726229884e-07
73350.00000000009 2.777953330471818e-07
73400.00000000009 2.992787001767697e-07
73450.00000000009 2.1084842700506576e-07
73500.00000000009 2.393014424604289e-07
73550.00000000009 2.386449541466084e-07
73600.00000000009 2.395153280046733e-07
73650.00000000009 2.7276211526503985e-07
73700.00000000009 3.1386902763093616e-07
73750.00000000009 2.709777561020816e-07
73800.00000000009 2.597994777278174e-07
73850.00000000009 2.733310390913239e-07
73900.00000000009 2.999329866061548e-07
73950.00000000009 2.684514086867716e-07
74000.00000000009 2.937251783374963e-07
74050.00000000009 3.508179883517959e-07
74100.00000000009 2.2849900133860194e-07
74150.00000000009 2.8944975859510455e-07
74200.00000000009 2.663892026586272e-07
74250.00000000009 2.317150077314742e-07
74300.00000000009 2.7112551707981487e-07
74350.00000000009 3.077545536755398e-07
74400.00000000009 2.759031854832157e-07
74450.00000000009 1.9853601919385756e-07
74500.00000000009 2.4496119472298993e-07
74550.00000000009 2.825694135421876e-07
74600.00000000009 2.7002245988675663e-07
74650.00000000009 2.650461226078367e-07
74700.00000000009 2.3006429363718423e-07
74750.00000000009 2.621697882740455e-07
74800.00000000009 2.548467770399127e-07
74850.00000000009 1.8722995487351428e-07
74900.00000000009 3.2881015737376407e-07
74950.00000000009 3.366065734641879e-07
75000.00000000009 2.7324088967919625e-07
75050.00000000009 2.92184670205552e-07
75100.00000000009 3.4514845199571194e-07
75150.00000000009 3.248635567378108e-07
75200.00000000009 3.414491523160111e-07
75250.00000000009 2.7241907649845553e-07
75300.00000000009 3.3020599152845825e-07
75350.00000000009 2.496066742041624e-07
75400.00000000009 3.190067141977387e-07
75450.00000000009 2.765846476388187e-07
75500.00000000009 2.492723424687812e-07
75550.00000000009 3.54263678299463e-07
75600.00000000009 3.631674889791723e-07
75650.00000000009 2.5315494111172427e-07
75700.00000000009 3.0638554124146776e-07
75750.00000000009 2.414007099182859e-07
75800.00000000009 3.1512644695043763e-07
75850.00000000009 3.6826038051784655e-07
75900.00000000009 3.3479581225443727e-07
75950.00000000009 2.9561683096881854e-07
76000.00000000009 2.8284554527921616e-07
76050.00000000009 3.213897428222619e-07
76100.00000000009 2.815062782824394e-07
76150.00000000009 3.270501682172719e-07
76200.00000000009 3.4095489143121304e-07
76250.00000000009 3.80439305196179e-07
76300.00000000009 3.3761474269818974e-07
76350.00000000009 4.278014447212771e-07
76400.00000000009 3.504472889414947e-07
76450.00000000009 3.523876828780932e-07
76500.00000000009 3.10631467056858e-07
76550.00000000009 2.9175966796922314e-07
76600.00000000009 2.2491182183953761e-07
76650.00000000009 2.2352505215622828e-07
76700.00000000009 2.5853206438192207e-07
76750.00000000009 2.295943183452792e-07
76800.00000000009 2.8520152800358186e-07
76850.00000000009 1.605617908534385e-07
76900.00000000009 2.266215733164067e-07
76950.00000000009 2.1521642960943105e-07
77000.00000000009 2.5358580438737634e-07
77050.00000000009 1.9076478384111145e-07
77100.00000000009 2.0616627669220754e-07
77150.00000000009 2.316660068747857e-07
77200.00000000009 2.43022808361888e-07
77250.00000000009 2.3667767179273106e-07
77300.00000000009 2.1048112039169842e-07
77350.00000000009 1.804052306028523e-07
77400.00000000009 1.5060800779128483e-07
77450.00000000009 1.8116530632963446e-07
77500.00000000009 2.2645272475426804e-07
77550.00000000009 2.261818925758461e-07
77600.00000000009 2.2125600631372467e-07
77650.00000000009 2.2856246054083862e-07
77700.00000000009 1.8779608191969053e-07
77750.00000000009 2.274955856218102e-07
77800.00000000009 2.2045134653999108e-07
77850.00000000009 2.451157701293784e-07
77900.00000000009 2.308430560187441e-07
77950.00000000009 2.1318118828316272e-07
78000.00000000009 2.246895672328807e-07
78050.00000000009 2.595716884540364e-07
78100.00000000009 1.8945265771777648e-07
78150.00000000009 2.4546290056103684e-07
78200.00000000009 2.534133873039967e-07
78250.00000000009 2.666950242747923e-07
78300.00000000009 2.777623539184131e-07
78350.00000000009 2.6296533177875736e-07
78400.00000000009 2.5164946493303815e-07
78450.00000000009 2.9795985010399546e-07
78500.00000000009 2.603106955974258e-07
78550.00000000009 2.774019527035091e-07
78600.00000000009 2.4904115390730407e-07
78650.00000000009 1.8435337135248305e-07
78700.00000000009 2.2730587462758103e-07
78750.00000000009 2.398583767042708e-07
78800.00000000009 2.8163361572800793e-07
78850.00000000009 2.2590598548867052e-07
78900.00000000009 2.585208661580926e-07
78950.00000000009 2.3634403744834173e-07
79000.00000000009 2.6311210674777275e-07
79050.00000000009 2.437862640965341e-07
79100.00000000009 2.2459567925084077e-07
79150.00000000009 2.653154615221653e-07
79200.00000000009 3.306243617493237e-07
79250.00000000009 3.135258218777143e-07
79300.00000000009 2.124668682335037e-07
79350.00000000009 2.887146681547664e-07
79400.00000000009 2.4077412330786337e-07
79450.00000000009 2.601086572801692e-07
79500.00000000009 3.2960928317640487e-07
79550.00000000009 2.9634485575435674e-07
79600.00000000009 2.4229460759197504e-07
79650.00000000009 2.683732657994305e-07
79700.00000000009 3.396389631357525e-07
79750.00000000009 2.982037772521581e-07
79800.00000000009 2.937101159206961e-07
79850.00000000009 2.781751475922271e-07
79900.00000000009 3.690446510730138e-07
79950.00000000009 2.612079295362479e-07
