galfind/configs/Brown_Dwarf_templates/sonora_cholla/logkzz2/31g/500K_31g_logkzz2_resample.dat
# %ECSV 1.0
# ---
# datatype:
# - {name: wav, unit: Angstrom, datatype: float64}
# - {name: flux_nu, unit: erg / (cm2 Hz s), datatype: float64}
# schema: astropy-2.0
wav flux_nu
[from data line 418]
23900.04800076804 2.2547715473796064e-11
23950.04800076804 1.533426521838177e-11
24000.04800076804 3.033006133379556e-11
24050.04800076804 4.508031864055246e-11
24100.04800076804 4.26774813817302e-11
24150.04800076804 6.395865372035084e-11
24200.04800076804 4.3366059455151506e-11
24250.04800076804 2.1501608459313746e-11
24300.04800076804 6.34425931963998e-11
24350.04800076804 4.337192560788246e-11
24400.04800076804 9.214892170631463e-11
24450.04800076804 1.1614192616385309e-10
24500.04800076804 1.0612627023271104e-10
24550.04800076804 1.7808148016805474e-10
24600.04800076804 2.383226503911866e-10
24650.04800076804 2.536765823534484e-10
24700.04800076804 2.0781119170909042e-10
24750.04800076804 2.416743848559941e-10
24800.04800076804 2.2245502039077534e-10
24850.04800076804 3.468374290665273e-10
24900.04800076804 1.5791874624581005e-10
24950.04800076804 2.895104924668337e-10
25000.04800076804 3.515510362780456e-10
25050.04800076804 2.0482255028347837e-10
25100.04800076804 2.7799109757037236e-10
25150.04800076804 1.2174746126774228e-10
25200.04800076804 2.0156253726002535e-10
25250.04800076804 8.257072569037965e-11
25300.04800076804 1.2335907400531916e-10
25350.04800076804 4.7904901772494684e-11
25400.04800076804 1.2949421687014545e-10
25450.04800076804 4.3392564110347695e-11
25500.04800076804 3.21596330546839e-11
25550.04800076804 8.199092817884716e-11
25600.04800076804 1.1015871573513406e-11
25650.04800076804 1.5553150785007142e-11
25700.04800076804 1.634985686631961e-11
25750.04800076804 6.156088373115821e-12
25800.04800076804 3.496574799798781e-11
25850.04800076804 4.44376161192497e-12
25900.04800076804 7.921642003981331e-12
25950.04800076804 1.7878778699445841e-12
26000.04800076804 2.340645142749531e-11
26050.04800076804 2.5661877359715196e-12
26100.04800076804 1.8736060970553164e-11
26150.04800076804 6.6732802911843765e-12
26200.04800076804 7.367351737396211e-12
26250.04800076804 6.957935671491743e-11
26300.04800076804 1.2843141151299392e-11
26350.04800076804 9.950753098360353e-11
26400.04800076804 2.0587804289106306e-10
26450.04800076804 1.3490056314390553e-10
26500.04800076804 2.8583790173938724e-10
26550.04800076804 3.3978895951408675e-11
26600.04800076804 2.9251750216785806e-11
26650.04800076804 5.141503876973773e-12
26700.04800076804 1.5019662953652325e-12
26750.04800076804 4.6632025959157566e-12
26800.04800076804 1.1835717546261453e-11
26850.04800076804 8.660410740184352e-12
26900.04800076804 4.683889540519898e-11
26950.04800076804 1.2054885264615707e-11
27000.04800076804 6.458054689119294e-11
27050.04800076804 7.843179156666092e-11
27100.04800076804 1.0600475941072648e-11
27150.04800076804 9.131602926047785e-11
27200.04800076804 8.546108332266419e-12
27250.04800076804 3.383599121869234e-11
27300.04800076804 3.450633664167113e-10
27350.04800076804 9.620749793292723e-11
27400.04800076804 4.065585005299559e-12
27450.04800076804 1.5109343655082418e-10
27500.04800076804 2.0409175344281994e-10
27550.04800076804 2.459622313244989e-11
27600.04800076804 8.299942848513801e-11
27650.04800076804 1.9239008477107142e-11
27700.04800076804 1.586809316075712e-11
27750.04800076804 1.1844985494345173e-10
27800.04800076804 3.6031417314658265e-11
27850.04800076804 5.930665874534007e-11
27900.04800076804 7.772315305826604e-11
27950.04800076804 2.1202408292243186e-10
28000.04800076804 1.7315900207315446e-10
28050.04800076804 2.4562687783171538e-11
28100.04800076804 2.763961060846597e-10
28150.04800076804 1.789129526017497e-10
28200.04800076804 3.595022480646136e-11
28250.04800076804 3.274783288882831e-10
28300.04800076804 5.223410381618395e-10
28350.04800076804 6.152406583033452e-11
28400.04800076804 2.926374014673245e-10
28450.04800076804 6.580968811359887e-10
28500.04800076804 2.786177067292868e-10
28550.04800076804 6.367352777656255e-11
28600.04800076804 4.266674786987592e-10
28650.04800076804 4.753453929897635e-10
28700.04800076804 4.1913933046191805e-10
28750.04800076804 9.404465164339458e-10
28800.04800076804 6.482729129468784e-10
28850.04800076804 8.855186055024487e-10
28900.04800076804 4.420713253968439e-10
28950.04800076804 1.4006702455048656e-09
29000.04800076804 7.70613432447216e-10
29050.04800076804 7.968568973433327e-10
29100.04800076804 6.806957554819802e-10
29150.04800076804 1.2754399692283771e-09
29200.04800076804 9.953440069651557e-10
29250.04800076804 1.3897974829229248e-09
29300.04800076804 7.476062245738079e-10
29350.04800076804 3.6079589689146983e-09
29400.04800076804 7.423106610392435e-10
29450.04800076804 9.514020594314202e-10
29500.04800076804 1.8128333347119636e-09
29550.04800076804 9.544088737208478e-10
29600.04800076804 1.94558736166403e-09
29650.04800076804 2.519476876727177e-09
29700.04800076804 7.620710927180461e-10
29750.04800076804 1.6318925239638477e-09
29800.04800076804 1.7244618065412432e-09
29850.04800076804 2.864588819451559e-09
29900.04800076804 2.971184084161979e-09
29950.04800076804 1.9906593578668367e-09
30000.04800076804 4.1682726176879783e-10
30050.04800076804 8.702427907158179e-10
30100.04800076804 1.8081361515838076e-09
30150.04800076804 2.670223195645194e-09
30200.04800076804 1.4210163361561959e-09
30250.04800076804 4.02573151319181e-09
30300.04800076804 4.069793025893013e-09
30350.04800076804 1.6491865146880868e-09
30400.04800076804 3.4985725736332592e-09
30450.04800076804 2.7674086608375016e-09
30500.04800076804 2.0024280355498664e-09
30550.04800076804 1.4600486985043157e-09
30600.04800076804 4.315901984165196e-09
30650.04800076804 2.8297402326007772e-09
30700.04800076804 2.0047819585583762e-09
30750.04800076804 2.8081705012744392e-09
30800.04800076804 1.8152670205953842e-09
30850.04800076804 2.687821981120143e-09
30900.04800076804 2.1864213489488052e-09
30950.04800076804 1.0250645889645785e-09
31000.04800076804 1.8196820561080293e-09
31050.04800076804 1.3100696430490052e-09
31100.04800076804 8.145846217538769e-10
31150.04800076804 1.1868953888914298e-09
31200.04800076804 1.776409481597147e-09
31250.04800076804 9.870042920056651e-10
31300.04800076804 6.64342035260775e-10
31350.04800076804 1.2524342715925468e-09
31400.04800076804 5.601182192576434e-10
31450.04800076804 1.000006945738827e-09
31500.04800076804 3.9588744893756393e-10
31550.04800076804 4.930323013216568e-10
31600.04800076804 3.1163378659518394e-10
31650.04800076804 3.2862371159172807e-10
31700.04800076804 3.7861257642164455e-10
31750.04800076804 1.1653709474414665e-10
31800.04800076804 3.430176658004931e-10
31850.04800076804 7.237597228583642e-11
31900.04800076804 1.9050692317897227e-10
31950.04800076804 1.1281840530840042e-10
32000.04800076804 9.478189843503134e-11
32050.04800076804 7.93668771671131e-11
32100.04800076804 6.416946600803146e-11
32150.04800076804 8.293620298222611e-11
32200.04800076804 4.163663015968839e-11
32250.04800076804 1.361136883429952e-10
32300.04800076804 3.111179086374106e-11
32350.04800076804 1.2878789978574534e-10
32400.04800076804 2.697356654185672e-11
32450.04800076804 6.976992820928139e-11
32500.04800076804 3.2301366911262825e-11
32550.04800076804 7.981583868949904e-11
32600.04800076804 2.8940658614669603e-11
32650.04800076804 1.6570081056291344e-10
32700.04800076804 5.373916189679507e-11
32750.04800076804 3.129628767844108e-10
32800.04800076804 1.332935134968182e-10
32850.04800076804 5.274487624959407e-10
32900.04800076804 3.8420755935624834e-10
32950.04800076804 5.284525230954591e-10
33000.04800076804 2.0896682288974446e-10
33050.04800076804 2.41242512497018e-10
33100.04800076804 6.408737572057582e-11
33150.04800076804 5.044969946862946e-14
33200.04800076804 1.642535156324759e-12
33250.04800076804 2.56408729333502e-12
33300.04800076804 1.4367533358444536e-11
33350.04800076804 5.2800689878894443e-11
33400.04800076804 1.6141481125543103e-10
33450.04800076804 8.050153288082113e-11
33500.04800076804 3.1426397428451455e-10
33550.04800076804 1.2091530480998938e-10
33600.04800076804 1.7958620050741146e-10
33650.04800076804 1.414018612269428e-10
33700.04800076804 8.793704276205505e-11
33750.04800076804 2.472585646833048e-10
33800.04800076804 4.4139125501350034e-11
33850.04800076804 1.4509762960027677e-10
33900.04800076804 1.683011583115409e-10
33950.04800076804 1.4478052782483133e-10
34000.04800076804 2.8433580288653616e-10
34050.04800076804 4.661673753325221e-11
34100.04800076804 2.445610038944987e-10
34150.04800076804 1.1511637404870123e-10
34200.04800076804 2.3020902036062275e-10
34250.04800076804 1.533214627814141e-10
34300.04800076804 1.6037149611319286e-10
34350.04800076804 3.6843625952654974e-10
34400.04800076804 1.289407060236899e-10
34450.04800076804 3.4904088101189956e-10
34500.04800076804 1.3625782807467315e-10
34550.04800076804 1.3992969449599455e-10
34600.04800076804 5.64225013162885e-10
34650.04800076804 9.606224899069406e-11
34700.04800076804 2.3775021095820084e-10
34750.04800076804 1.7557970537986458e-10
34800.04800076804 2.1927725654816743e-10
34850.04800076804 4.2585074049806e-10
34900.04800076804 2.0003900019342334e-10
34950.04800076804 2.7272259721705316e-10
35000.04800076804 7.911492906899311e-10
35050.04800076804 4.1278679202569413e-10
35100.04800076804 7.90350220885174e-10
35150.04800076804 6.167074985682092e-10
35200.04800076804 8.426250938336712e-10
35250.04800076804 9.692280276306508e-10
35300.04800076804 5.379203271491273e-10
35350.04800076804 7.812470067268477e-10
35400.04800076804 5.822644011461496e-10
35450.04800076804 4.4104753010724883e-10
35500.04800076804 1.959643246056529e-09
35550.04800076804 9.559010822224414e-10
35600.04800076804 1.3201890716983176e-09
35650.04800076804 1.4521757875727602e-09
35700.04800076804 1.0293625706014611e-09
35750.04800076804 2.07996419190246e-09
35800.04800076804 1.0933000831300484e-09
35850.04800076804 5.660530862011907e-10
35900.04800076804 1.0938052114761461e-09
35950.04800076804 8.87992598131441e-10
36000.04800076804 3.8147325585726285e-10
36050.04800076804 8.821597399503041e-10
36100.04800076804 7.058735658140979e-10
36150.04800076804 1.7002513141316222e-09
36200.04800076804 1.432187543176489e-09
36250.04800076804 1.4020243290057187e-09
36300.04800076804 2.139210249037907e-09
36350.04800076804 1.415901599772799e-09
36400.04800076804 2.783960387540854e-09
36450.04800076804 1.900264557849615e-09
36500.04800076804 2.5324509450831207e-09
36550.04800076804 3.7459210066435074e-09
36600.04800076804 3.760318788304935e-09
36650.04800076804 3.4530460942568997e-09
36700.04800076804 4.52406477120885e-09
36750.04800076804 4.887882844008089e-09
36800.04800076804 3.914833813256832e-09
36850.04800076804 2.266683559323897e-09
36900.04800076804 3.566737869245647e-09
36950.04800076804 4.262888830437493e-09
37000.04800076804 3.115449806171844e-09
37050.04800076804 5.354122067099271e-09
37100.04800076804 4.374480936205609e-09
37150.04800076804 4.2346652247221334e-09
37200.04800076804 3.74851253719774e-09
37250.04800076804 3.3657791950354143e-09
37300.04800076804 2.96144228978445e-09
37350.04800076804 5.212034925914806e-09
37400.04800076804 5.5255791417589195e-09
37450.04800076804 2.9102037239008053e-09
37500.04800076804 4.638656935526839e-09
37550.04800076804 7.280499296037708e-09
37600.04800076804 9.690580800934169e-09
37650.04800076804 5.1969059997484825e-09
37700.04800076804 7.345406977661815e-09
37750.04800076804 4.044304678817466e-09
37800.04800076804 4.6013452961243025e-09
37850.04800076804 3.013773922434643e-09
37900.04800076804 4.635077982217319e-09
37950.04800076804 6.815409362888482e-09
38000.04800076804 8.013043598526313e-09
38050.04800076804 1.0966681406826243e-08
38100.04800076804 1.057061224632045e-08
38150.04800076804 1.1119500984952074e-08
38200.04800076804 1.0561502664692655e-08
38250.04800076804 1.1424103372270848e-08
38300.04800076804 2.1605193182213244e-08
38350.04800076804 1.6675315666358854e-08
38400.04800076804 7.041628901952138e-09
38450.04800076804 5.350237596597601e-09
38500.04800076804 2.3110143423092763e-09
38550.04800076804 5.8104889169361995e-09
38600.04800076804 7.990801910508234e-09
38650.04800076804 1.074152226499582e-08
38700.04800076804 7.935131310084023e-09
38750.04800076804 1.074793726986749e-08
38800.04800076804 7.479802153427018e-09
38850.04800076804 1.426200011071376e-08
38900.04800076804 1.397962443644743e-08
38950.04800076804 9.870180585942982e-09
39000.04800076804 1.7738036640833167e-08
39050.04800076804 1.0878643489462007e-08
39100.04800076804 1.7158033822661994e-08
39150.04800076804 1.4426910918378898e-08
39200.04800076804 1.0037624939894408e-08
39250.04800076804 1.664152098751395e-08
39300.04800076804 1.4155403559953129e-08
39350.04800076804 2.9587051493870126e-08
39400.04800076804 1.7030026055162944e-08
39450.04800076804 1.881355202072932e-08
39500.04800076804 1.9088680195224806e-08
39550.04800076804 1.4122620634592265e-08
39600.04800076804 2.3584025732158418e-08
39650.04800076804 2.9661655666336395e-08
39700.04800076804 1.712802339231894e-08
39750.04800076804 1.166501367893207e-08
39800.04800076804 1.4430483181882489e-08
39850.04800076804 2.563487067325556e-08
39900.04800076804 3.017287757667746e-08
39950.04800076804 1.993029704859954e-08
40000.04800076804 3.193264405685512e-08
40050.04800076804 2.540696233212809e-08
40100.04800076804 1.2136123900914154e-08
40150.04800076804 3.1475407142870665e-08
40200.04800076804 3.1899478839350835e-08
40250.04800076804 3.128414957244245e-08
40300.04800076804 3.7582426243485545e-08
40350.04800076804 1.8383674938372086e-08
40400.04800076804 3.288268640665142e-08
40450.04800076804 2.0770581467752634e-08
40500.04800076804 4.39328005378642e-08
40550.04800076804 3.645613558508238e-08
40600.04800076804 3.047365806804214e-08
40650.04800076804 2.91809595097276e-08
40700.04800076804 5.6403693601349e-08
40750.04800076804 4.164212007479756e-08
40800.04800076804 2.4220784522072145e-08
40850.04800076804 5.800176497065067e-08
40900.04800076804 4.162668977827228e-08
40950.04800076804 3.2010029027289733e-08
41000.04800076804 4.266455766309685e-08
41050.04800076804 5.999632445146033e-08
41100.04800076804 2.9627239105766623e-08
41150.04800076804 2.0373641095801424e-08
41200.04800076804 6.419500000889022e-08
41250.04800076804 4.1948686958363245e-08
41300.04800076804 4.25406227793878e-08
41350.04800076804 6.704100149471464e-08
41400.04800076804 4.711517378896344e-08
41450.04800076804 6.172696024420636e-08
41500.04800076804 3.9685059256221646e-08
41550.04800076804 3.535656377092976e-08
41600.04800076804 5.2550811455901224e-08
41650.04800076804 5.96175171569296e-08
41700.04800076804 5.6359114834381e-08
41750.04800076804 4.8703167073965153e-08
41800.04800076804 6.421516195649591e-08
41850.04800076804 4.54734821813247e-08
41900.04800076804 4.184346784931346e-08
41950.04800076804 4.9971558997462455e-08
42000.04800076804 5.998626201440249e-08
42050.04800076804 5.361732820091507e-08
42100.04800076804 6.818395714463794e-08
42150.04800076804 5.337183822477119e-08
42200.04800076804 6.408582267030268e-08
42250.04800076804 4.374493635172584e-08
42300.04800076804 4.631152257066327e-08
42350.04800076804 6.346388952011059e-08
42400.04800076804 6.721347449811434e-08
42450.04800076804 7.155288356706444e-08
42500.04800076804 6.056143433261342e-08
42550.04800076804 5.900541067173666e-08
42600.04800076804 5.420361436927427e-08
42650.04800076804 9.78777455448057e-08
42700.04800076804 4.2507193929818086e-08
42750.04800076804 5.607226006355892e-08
42800.04800076804 5.987595117284915e-08
42850.04800076804 7.069423201063722e-08
42900.04800076804 8.074245300511012e-08
42950.04800076804 6.179408726799821e-08
43000.04800076804 8.350458885156483e-08
43050.04800076804 3.459491096174258e-08
43100.04800076804 5.054631494995084e-08
43150.04800076804 6.006632302466087e-08
43200.04800076804 8.1201530023183e-08
43250.04800076804 9.901149323615576e-08
43300.04800076804 9.977397050707347e-08
43350.04800076804 5.6214562881065676e-08
43400.04800076804 7.45148170003539e-08
43450.04800076804 4.33538929736193e-08
43500.04800076804 4.819488730774735e-08
43550.04800076804 5.97445853602006e-08
43600.04800076804 8.114930900792772e-08
