galfind/configs/Brown_Dwarf_templates/sonora_cholla/logkzz2/31g/500K_31g_logkzz2_resample.dat
# %ECSV 1.0
# ---
# datatype:
# - {name: wav, unit: Angstrom, datatype: float64}
# - {name: flux_nu, unit: erg / (cm2 Hz s), datatype: float64}
# schema: astropy-2.0
wav flux_nu
3000.0480007680403 nan
3050.0480007680403 0.0
3100.0480007680403 0.0
3150.0480007680403 0.0
3200.0480007680403 0.0
3250.0480007680403 0.0
3300.0480007680403 0.0
3350.0480007680403 0.0
3400.0480007680403 0.0
3450.0480007680403 0.0
3500.0480007680403 0.0
3550.0480007680403 0.0
3600.0480007680403 0.0
3650.0480007680403 0.0
3700.0480007680403 0.0
3750.0480007680403 0.0
3800.0480007680403 0.0
3850.0480007680403 0.0
3900.0480007680403 0.0
3950.0480007680403 0.0
4000.0480007680403 0.0
4050.0480007680403 0.0
4100.04800076804 0.0
4150.04800076804 0.0
4200.04800076804 0.0
4250.04800076804 0.0
4300.04800076804 0.0
4350.04800076804 0.0
4400.04800076804 0.0
4450.04800076804 0.0
4500.04800076804 0.0
4550.04800076804 0.0
4600.04800076804 0.0
4650.04800076804 0.0
4700.04800076804 0.0
4750.04800076804 0.0
4800.04800076804 0.0
4850.04800076804 0.0
4900.04800076804 0.0
4950.04800076804 0.0
5000.04800076804 1.0914145555972902e-12
5050.04800076804 2.5476479021549093e-12
5100.04800076804 2.7927218225796018e-12
5150.04800076804 3.1976476590956664e-12
5200.04800076804 3.6991975141792195e-12
5250.04800076804 4.232897463211517e-12
5300.04800076804 4.818237091657138e-12
5350.04800076804 5.476972588850992e-12
5400.04800076804 6.107389953497483e-12
5450.04800076804 6.8813221846384745e-12
5500.04800076804 7.766696367159596e-12
5550.04800076804 8.709952148821715e-12
5600.04800076804 9.593423909828778e-12
5650.04800076804 1.0284238059952349e-11
5700.04800076804 1.02632275666184e-11
5750.04800076804 1.0215862277177625e-11
5800.04800076804 9.046006525123461e-12
5850.04800076804 6.479784948509109e-12
5900.04800076804 1.4104780201399118e-12
5950.04800076804 2.82728155355221e-12
6000.04800076804 1.2031671811320287e-11
6050.04800076804 2.326300698974977e-11
6100.04800076804 3.596547807826277e-11
6150.04800076804 4.890875999715141e-11
6200.04800076804 6.204354854469214e-11
6250.04800076804 7.416726337306331e-11
6300.04800076804 8.953619555997076e-11
6350.04800076804 1.0648025535066951e-10
6400.04800076804 1.2382517196891239e-10
6450.04800076804 1.2638301028021627e-10
6500.04800076804 1.4624872405292462e-10
6550.04800076804 1.761334543092097e-10
6600.04800076804 2.1072044727886203e-10
6650.04800076804 2.552711793450491e-10
6700.04800076804 3.1616484389745804e-10
6750.04800076804 3.7753153248740937e-10
6800.04800076804 4.384467530701387e-10
6850.04800076804 5.057759313422291e-10
6900.04800076804 4.4955200808847677e-10
6950.04800076804 3.694670611666114e-10
7000.04800076804 4.458821786473838e-10
7050.04800076804 4.214207011532255e-10
7100.04800076804 4.3925515716163053e-10
7150.04800076804 2.950596355925284e-10
7200.04800076804 2.1107225255465322e-10
7250.04800076804 2.7868229672793615e-10
7300.04800076804 2.89475311981423e-10
7350.04800076804 3.6193674340100163e-10
7400.04800076804 4.3391830211775537e-10
7450.04800076804 5.752269360491096e-10
7500.04800076804 6.915166814661403e-10
7550.04800076804 8.165120133992195e-10
7600.04800076804 9.218046080752214e-10
7650.04800076804 9.776513373143456e-10
7700.04800076804 5.856758350249022e-10
7750.04800076804 1.8297990647518697e-10
7800.04800076804 1.0180085833851808e-09
7850.04800076804 1.1675257272511835e-09
7900.04800076804 1.3446952199303253e-09
7950.04800076804 1.5259907330707481e-09
8000.04800076804 1.5008596514965066e-09
8050.04800076804 1.4921713560816497e-09
8100.04800076804 8.009914558554234e-10
8150.04800076804 6.560632019556419e-10
8200.04800076804 1.0682766005199588e-09
8250.04800076804 1.055131363447611e-09
8300.04800076804 1.1543288833657541e-09
8350.04800076804 9.101504640416944e-10
8400.04800076804 9.044908941717314e-10
8450.04800076804 1.1390745358061368e-09
8500.04800076804 1.3291910141605516e-09
8550.04800076804 1.6356414903777336e-09
8600.04800076804 1.978798561392986e-09
8650.04800076804 2.136351071336647e-09
8700.04800076804 1.9065232692621367e-09
8750.04800076804 1.974174032806601e-09
8800.04800076804 1.6727668955530444e-09
8850.04800076804 8.414773723213072e-10
8900.04800076804 5.395207644055292e-11
8950.04800076804 6.877500849673108e-11
9000.04800076804 4.5773939603247815e-11
9050.04800076804 2.1900116053824318e-10
9100.04800076804 3.07855415071477e-10
9150.04800076804 3.1650307500465314e-10
9200.04800076804 6.86763994046622e-10
9250.04800076804 5.562370141563033e-10
9300.04800076804 1.9851075576376124e-11
9350.04800076804 2.4239504908199034e-11
9400.04800076804 7.23795925485117e-11
9450.04800076804 8.751303867429436e-11
9500.04800076804 6.381162374044108e-11
9550.04800076804 7.820865280402856e-11
9600.04800076804 6.629258402621813e-11
9650.04800076804 1.0942336169758173e-10
9700.04800076804 2.2167153209409914e-10
9750.04800076804 1.9074623430936627e-10
9800.04800076804 2.3193672877776396e-10
9850.04800076804 2.580430022846915e-10
9900.04800076804 3.898020400629709e-10
9950.04800076804 3.0691584194738204e-10
10000.04800076804 4.856992748435306e-10
10050.04800076804 4.4806712705238213e-10
10100.04800076804 6.998972297689154e-10
10150.04800076804 8.40132635886059e-10
10200.04800076804 1.0863101059768628e-09
10250.04800076804 1.3862440245462385e-09
10300.04800076804 1.7577798206036182e-09
10350.04800076804 2.26617577277408e-09
10400.04800076804 3.497858540111463e-09
10450.04800076804 4.4254702904717215e-09
10500.04800076804 5.2865089241401894e-09
10550.04800076804 6.285891751389754e-09
10600.04800076804 6.3318872350941595e-09
10650.04800076804 6.457797068239029e-09
10700.04800076804 5.801613575724535e-09
10750.04800076804 5.715919330530817e-09
10800.04800076804 4.747838929353944e-09
10850.04800076804 3.747446031272053e-09
10900.04800076804 2.1114111711282953e-09
10950.04800076804 7.885918995759565e-10
11000.04800076804 4.136356490058793e-10
11050.04800076804 2.1561935960735814e-10
11100.04800076804 9.574044500293174e-11
11150.04800076804 2.923854804529329e-11
11200.04800076804 1.237342277246427e-11
11250.04800076804 1.599007673197703e-11
11300.04800076804 3.4898790368577325e-11
11350.04800076804 7.184736603571334e-12
11400.04800076804 2.928523285404445e-11
11450.04800076804 2.2067452136862106e-11
11500.04800076804 1.3387086693111673e-11
11550.04800076804 1.873355476471706e-12
11600.04800076804 1.235236555664257e-12
11650.04800076804 8.188969008774295e-12
11700.04800076804 8.897196689256223e-12
11750.04800076804 1.061343510946861e-12
11800.04800076804 1.1751615702526258e-11
11850.04800076804 2.6393762383285293e-11
11900.04800076804 2.7486845611922427e-11
11950.04800076804 5.4801292126154656e-11
12000.04800076804 1.4131584389556327e-10
12050.04800076804 2.9199250025326467e-10
12100.04800076804 5.859837503868883e-10
12150.04800076804 9.97551915058672e-10
12200.04800076804 1.3398115604690373e-09
12250.04800076804 2.0954880027479547e-09
12300.04800076804 3.1691713205934754e-09
12350.04800076804 3.4332318115132427e-09
12400.04800076804 5.249661620295029e-09
12450.04800076804 7.361178226819286e-09
12500.04800076804 8.50695087205095e-09
12550.04800076804 1.002074607908082e-08
12600.04800076804 1.103091612452154e-08
12650.04800076804 1.104399320415236e-08
12700.04800076804 1.0974521766959758e-08
12750.04800076804 8.610192513089014e-09
12800.04800076804 6.90710589261662e-09
12850.04800076804 4.3977310970912006e-09
12900.04800076804 3.2042262328061546e-09
12950.04800076804 2.4499902593368138e-09
13000.04800076804 2.2963411772779523e-09
13050.04800076804 1.3193452752179577e-09
13100.04800076804 1.0707238060265317e-09
13150.04800076804 6.620308448950945e-10
13200.04800076804 6.07889182398338e-10
13250.04800076804 4.2181230783488185e-10
13300.04800076804 1.194745697519342e-10
13350.04800076804 3.4591111539694335e-11
13400.04800076804 1.9248458662984256e-11
13450.04800076804 4.5115736489633355e-12
13500.04800076804 1.4180674678786367e-12
13550.04800076804 5.177920877210846e-13
13600.04800076804 5.715128962463188e-14
13650.04800076804 8.520218629558505e-13
13700.04800076804 4.312270545250042e-13
13750.04800076804 6.961022829530293e-13
13800.04800076804 5.285186115356434e-13
13850.04800076804 3.2865549218901003e-13
13900.04800076804 6.363112080328442e-13
13950.04800076804 3.9780080912270764e-13
14000.04800076804 4.920010705939577e-13
14050.04800076804 1.0409653018126042e-12
14100.04800076804 1.2667736400351124e-12
14150.04800076804 3.363881499428779e-12
14200.04800076804 1.673504920306084e-12
14250.04800076804 2.8058560530466218e-12
14300.04800076804 9.816913155697827e-12
14350.04800076804 9.474519608496914e-12
14400.04800076804 1.0632979215126303e-11
14450.04800076804 1.6754419252217306e-11
14500.04800076804 4.94669922701364e-11
14550.04800076804 5.5644218149737986e-11
14600.04800076804 1.0188921563848752e-10
14650.04800076804 8.95013697821166e-11
14700.04800076804 5.043660113379527e-11
14750.04800076804 6.507410420086283e-11
14800.04800076804 8.948955724858177e-11
14850.04800076804 1.0240787774055228e-10
14900.04800076804 1.2582608817582482e-10
14950.04800076804 1.7606435595316042e-10
15000.04800076804 2.9023098841155065e-10
15050.04800076804 2.630281727904764e-10
15100.04800076804 2.85114811275077e-10
15150.04800076804 2.592593594692081e-10
15200.04800076804 3.6785924667201094e-10
15250.04800076804 6.757394764422041e-10
15300.04800076804 8.205982819023151e-10
15350.04800076804 1.193274746047908e-09
15400.04800076804 1.3797659609648724e-09
15450.04800076804 1.6133049832682583e-09
15500.04800076804 1.8949806240880824e-09
15550.04800076804 2.593158746252329e-09
15600.04800076804 3.010305291791204e-09
15650.04800076804 3.5802132995524e-09
15700.04800076804 4.859704795587378e-09
15750.04800076804 5.736871056561301e-09
15800.04800076804 6.00635687156767e-09
15850.04800076804 6.780009485718549e-09
15900.04800076804 5.6499117590234644e-09
15950.04800076804 4.960713937695339e-09
16000.04800076804 3.2173348341980635e-09
16050.04800076804 1.5695790174883168e-09
16100.04800076804 8.952090232336943e-10
16150.04800076804 3.7612562054227097e-10
16200.04800076804 1.878033481650445e-10
16250.04800076804 1.321870998307773e-10
16300.04800076804 6.327730548411474e-11
16350.04800076804 8.304178727098951e-11
16400.04800076804 1.0167687797566172e-10
16450.04800076804 8.927141719189585e-11
16500.04800076804 7.873653664327929e-11
16550.04800076804 7.273306264619443e-11
16600.04800076804 1.2234159838104576e-10
16650.04800076804 8.738789279236973e-11
16700.04800076804 7.894626599383489e-12
16750.04800076804 4.0586879253083916e-11
16800.04800076804 6.90143798910633e-11
16850.04800076804 8.50619329160287e-11
16900.04800076804 3.60038156720388e-11
16950.04800076804 2.0905106912618942e-11
17000.04800076804 9.941880981314609e-12
17050.04800076804 1.7743528418545903e-11
17100.04800076804 3.448864032844873e-11
17150.04800076804 1.4090076809167414e-11
17200.04800076804 8.778737785117882e-11
17250.04800076804 3.325626486841997e-11
17300.04800076804 1.6622287257512303e-11
17350.04800076804 2.3227268841704524e-11
17400.04800076804 4.544717279001126e-11
17450.04800076804 6.717555078556536e-11
17500.04800076804 1.1047306855077782e-10
17550.04800076804 8.429377622058417e-11
17600.04800076804 5.6583537774865297e-11
17650.04800076804 4.395856792925417e-11
17700.04800076804 3.598364604411813e-11
17750.04800076804 4.2084135230467415e-11
17800.04800076804 9.217472280404176e-11
17850.04800076804 3.9640786760259445e-11
17900.04800076804 3.224882488919904e-11
17950.04800076804 1.722030424246134e-11
18000.04800076804 3.063685723483786e-11
18050.04800076804 4.1303324308483505e-11
18100.04800076804 3.2688061559953903e-11
18150.04800076804 4.108600637330622e-11
18200.04800076804 2.3027905708355545e-11
18250.04800076804 8.89328465296348e-11
18300.04800076804 2.2541415253618248e-11
18350.04800076804 1.3928057370986765e-11
18400.04800076804 7.989270481945171e-12
18450.04800076804 5.512125424891569e-11
18500.04800076804 5.5616233352262574e-11
18550.04800076804 3.0526442495514414e-11
18600.04800076804 5.384039954649307e-11
18650.04800076804 3.2346649945521014e-11
18700.04800076804 8.657004280113105e-12
18750.04800076804 1.9333198331118186e-11
18800.04800076804 1.5964428725756895e-10
18850.04800076804 1.2015111234749802e-10
18900.04800076804 1.113296579074641e-10
18950.04800076804 1.9677532433362113e-10
19000.04800076804 5.439955406639213e-11
19050.04800076804 3.057016209665478e-11
19100.04800076804 9.668580522281051e-11
19150.04800076804 4.0677092678015853e-11
19200.04800076804 9.767466528094265e-11
19250.04800076804 7.846786108642577e-11
19300.04800076804 3.865623989258414e-11
19350.04800076804 6.324738366652686e-11
19400.04800076804 4.421680073783023e-11
19450.04800076804 9.792883127061496e-11
19500.04800076804 7.579243390745762e-11
19550.04800076804 7.720673575262639e-11
19600.04800076804 1.4761183629526824e-10
19650.04800076804 1.389180445032361e-10
19700.04800076804 1.6383023826123707e-10
19750.04800076804 2.1814428184855542e-10
19800.04800076804 2.787251474867872e-10
19850.04800076804 3.560954529627169e-10
19900.04800076804 3.743676324169041e-10
19950.04800076804 5.230349335084062e-10
20000.04800076804 5.901431527201694e-10
20050.04800076804 5.242949387854955e-10
20100.04800076804 7.055084743339597e-10
20150.04800076804 5.140033608191216e-10
20200.04800076804 4.890145358394644e-10
20250.04800076804 7.303759821548795e-10
20300.04800076804 7.490488950500626e-10
20350.04800076804 8.465952461177301e-10
20400.04800076804 6.78306975376275e-10
20450.04800076804 1.0322229263041035e-09
20500.04800076804 1.0254643445232901e-09
20550.04800076804 1.0973254709655198e-09
20600.04800076804 1.1390577634616608e-09
20650.04800076804 1.1449193629805884e-09
20700.04800076804 1.1851049883521814e-09
20750.04800076804 1.2635603138020053e-09
20800.04800076804 1.119831715781997e-09
20850.04800076804 1.2008703608234039e-09
20900.04800076804 1.2315670980213875e-09
20950.04800076804 1.1033055660767937e-09
21000.04800076804 1.094985634474195e-09
21050.04800076804 1.0308174742721158e-09
21100.04800076804 9.739698679220852e-10
21150.04800076804 9.390292067949181e-10
21200.04800076804 8.704286505893594e-10
21250.04800076804 8.054291635650185e-10
21300.04800076804 6.589232419418692e-10
21350.04800076804 6.514815209311149e-10
21400.04800076804 6.187498945545169e-10
21450.04800076804 4.5449029917477333e-10
21500.04800076804 4.738272893063741e-10
21550.04800076804 4.4513261829034333e-10
21600.04800076804 3.660536538097178e-10
21650.04800076804 2.94822753052451e-10
21700.04800076804 2.597983846942688e-10
21750.04800076804 3.3538592698892395e-10
21800.04800076804 2.7781575190079737e-10
21850.04800076804 2.498089223256257e-10
21900.04800076804 1.917451124650595e-10
21950.04800076804 3.695910973895263e-11
22000.04800076804 6.657565103394099e-12
22050.04800076804 1.536981013136616e-11
22100.04800076804 5.352463807164885e-11
22150.04800076804 4.911535288833336e-11
22200.04800076804 4.0235552368542586e-11
22250.04800076804 4.20206536976865e-11
22300.04800076804 1.7218700144633683e-11
22350.04800076804 2.7065397167079422e-11
22400.04800076804 1.0213035255951502e-11
22450.04800076804 1.3531637646294006e-11
22500.04800076804 1.191368604368528e-11
22550.04800076804 4.522793720226009e-12
22600.04800076804 7.29778264197243e-12
22650.04800076804 1.7536952842478148e-11
22700.04800076804 7.260007298026264e-12
22750.04800076804 5.162011433397548e-12
22800.04800076804 9.058816489351718e-12
22850.04800076804 8.018828765137014e-12
22900.04800076804 2.9208792515805926e-12
22950.04800076804 1.7985353886510415e-12
23000.04800076804 7.1750201527619875e-12
23050.04800076804 7.005546582744295e-12
23100.04800076804 2.9286340133171106e-11
23150.04800076804 3.7704292957278434e-11
23200.04800076804 1.9437541239798686e-12
23250.04800076804 2.634405683775225e-12
23300.04800076804 6.100277660183303e-12
23350.04800076804 4.759657922336429e-12
23400.04800076804 9.29633388485142e-12
23450.04800076804 3.801267718443131e-12
23500.04800076804 3.6730298162909825e-12
23550.04800076804 8.666924628432593e-12
23600.04800076804 1.0862111628228762e-11
23650.04800076804 2.232733971038748e-11
23700.04800076804 4.079126848455798e-12
23750.04800076804 2.8025385428275253e-12
23800.04800076804 1.400908098522819e-11
