galfind/configs/Brown_Dwarf_templates/sonora_cholla/logkzz2/31g/550K_31g_logkzz2_resample.dat
# %ECSV 1.0
# ---
# datatype:
# - {name: wav, unit: Angstrom, datatype: float64}
# - {name: flux_nu, unit: erg / (cm2 Hz s), datatype: float64}
# schema: astropy-2.0
wav flux_nu
[from data line 417]
23850.04800076804 3.4000123265731396e-11
23900.04800076804 7.361465398270846e-11
23950.04800076804 5.713695619851322e-11
24000.04800076804 9.967130270529225e-11
24050.04800076804 1.5137351386715272e-10
24100.04800076804 1.2968091506951156e-10
24150.04800076804 1.7940617970363124e-10
24200.04800076804 1.374853555130324e-10
24250.04800076804 6.972150861445138e-11
24300.04800076804 1.783379062644026e-10
24350.04800076804 1.26305311108813e-10
24400.04800076804 2.5257374973360844e-10
24450.04800076804 3.0193847903691955e-10
24500.04800076804 2.929508060782239e-10
24550.04800076804 4.581839131034899e-10
24600.04800076804 5.991174026709563e-10
24650.04800076804 6.318765069491089e-10
24700.04800076804 5.198410519187628e-10
24750.04800076804 5.685775753511381e-10
24800.04800076804 5.620117686072097e-10
24850.04800076804 8.505274173866245e-10
24900.04800076804 4.102704041316009e-10
24950.04800076804 7.334921974088786e-10
25000.04800076804 8.912831213413963e-10
25050.04800076804 5.282146298681674e-10
25100.04800076804 7.001225860056227e-10
25150.04800076804 3.284367187980216e-10
25200.04800076804 5.44243185285153e-10
25250.04800076804 2.2730196993313045e-10
25300.04800076804 3.668489996482883e-10
25350.04800076804 1.4247185102495908e-10
25400.04800076804 3.759918705845624e-10
25450.04800076804 1.4447671793999876e-10
25500.04800076804 1.1046162706486157e-10
25550.04800076804 2.527318291844557e-10
25600.04800076804 4.0094961745830296e-11
25650.04800076804 5.6474430409477394e-11
25700.04800076804 7.010913146839173e-11
25750.04800076804 2.7406300886796232e-11
25800.04800076804 1.3337144784656775e-10
25850.04800076804 2.1443138468508828e-11
25900.04800076804 3.730873741419885e-11
25950.04800076804 9.988465973845925e-12
26000.04800076804 9.896102748041666e-11
26050.04800076804 1.4949015136424007e-11
26100.04800076804 8.405530091478042e-11
26150.04800076804 3.656160831146634e-11
26200.04800076804 3.932690095153127e-11
26250.04800076804 2.7470346756357667e-10
26300.04800076804 6.670797515051372e-11
26350.04800076804 3.581989599132031e-10
26400.04800076804 6.104327324060615e-10
26450.04800076804 4.743699315596895e-10
26500.04800076804 7.877742398459874e-10
26550.04800076804 1.468733296771147e-10
26600.04800076804 1.3534096759911285e-10
26650.04800076804 2.841928833188749e-11
26700.04800076804 8.880442762583018e-12
26750.04800076804 2.2099859382082502e-11
26800.04800076804 4.911717046251086e-11
26850.04800076804 3.4419285231521394e-11
26900.04800076804 1.6962188372952402e-10
26950.04800076804 4.971263466716951e-11
27000.04800076804 2.350667842683905e-10
27050.04800076804 2.598174217145154e-10
27100.04800076804 5.332242796638911e-11
27150.04800076804 3.3476768581164683e-10
27200.04800076804 4.19366883607729e-11
27250.04800076804 1.3959471696638233e-10
27300.04800076804 1.11812170657919e-09
27350.04800076804 3.6409649504850423e-10
27400.04800076804 1.8859084756561426e-11
27450.04800076804 5.372410665642838e-10
27500.04800076804 7.039233487229911e-10
27550.04800076804 1.0336579327946739e-10
27600.04800076804 3.133199912619273e-10
27650.04800076804 7.982913827107366e-11
27700.04800076804 6.154238300672088e-11
27750.04800076804 4.1105495586703995e-10
27800.04800076804 1.3135317316879541e-10
27850.04800076804 1.9742652284532715e-10
27900.04800076804 2.5553888985152046e-10
27950.04800076804 6.348958461741369e-10
28000.04800076804 5.151196546436262e-10
28050.04800076804 9.133994916471862e-11
28100.04800076804 8.216510087489015e-10
28150.04800076804 5.117766992302123e-10
28200.04800076804 1.1023453856329926e-10
28250.04800076804 9.27551287272618e-10
28300.04800076804 1.457072968864259e-09
28350.04800076804 1.9671199665305131e-10
28400.04800076804 8.160572371756705e-10
28450.04800076804 1.6521894842558867e-09
28500.04800076804 7.755434264069453e-10
28550.04800076804 1.7571423628330858e-10
28600.04800076804 1.1537187083880215e-09
28650.04800076804 1.278626209570434e-09
28700.04800076804 1.091327801578096e-09
28750.04800076804 2.3073811604309195e-09
28800.04800076804 1.6578759849662637e-09
28850.04800076804 2.222371866466304e-09
28900.04800076804 1.0138051229818682e-09
28950.04800076804 3.292047057797349e-09
29000.04800076804 1.7892736680362552e-09
29050.04800076804 2.0211718512392255e-09
29100.04800076804 1.5422213785133323e-09
29150.04800076804 3.1598680742810717e-09
29200.04800076804 2.249218052184354e-09
29250.04800076804 3.102614689712519e-09
29300.04800076804 1.7813441771152816e-09
29350.04800076804 8.244180939326756e-09
29400.04800076804 1.8617147711015282e-09
29450.04800076804 2.428398402263294e-09
29500.04800076804 4.039228438201307e-09
29550.04800076804 2.3707912071262605e-09
29600.04800076804 4.505018036083118e-09
29650.04800076804 5.326809015576833e-09
29700.04800076804 2.040759015583324e-09
29750.04800076804 3.768591130982255e-09
29800.04800076804 4.302244899444181e-09
29850.04800076804 6.314680034051033e-09
29900.04800076804 6.522397144736722e-09
29950.04800076804 4.478478833257279e-09
30000.04800076804 1.4275442264844613e-09
30050.04800076804 2.2966761439073975e-09
30100.04800076804 4.219628594782886e-09
30150.04800076804 5.559591852239579e-09
30200.04800076804 3.3948240951173714e-09
30250.04800076804 8.169816433324082e-09
30300.04800076804 7.774305085279944e-09
30350.04800076804 4.150043208225303e-09
30400.04800076804 7.1597129563113264e-09
30450.04800076804 5.580161821420448e-09
30500.04800076804 4.437101509891782e-09
30550.04800076804 3.399726308318685e-09
30600.04800076804 7.705079346554298e-09
30650.04800076804 5.537384119086002e-09
30700.04800076804 4.050192702577747e-09
30750.04800076804 5.1435947460022265e-09
30800.04800076804 3.593054226835712e-09
30850.04800076804 4.922879688898057e-09
30900.04800076804 4.019762032949709e-09
30950.04800076804 2.177575397152819e-09
31000.04800076804 3.4064648765583034e-09
31050.04800076804 2.686136134346965e-09
31100.04800076804 1.671340865990542e-09
31150.04800076804 2.308909902144288e-09
31200.04800076804 3.0038407693821843e-09
31250.04800076804 1.876048638751116e-09
31300.04800076804 1.3082719131851314e-09
31350.04800076804 2.1159665798576804e-09
31400.04800076804 9.543219199206692e-10
31450.04800076804 1.8568330730777584e-09
31500.04800076804 7.738287651519078e-10
31550.04800076804 1.0354461709531737e-09
31600.04800076804 6.047395067816542e-10
31650.04800076804 6.529622613096203e-10
31700.04800076804 7.756502590420652e-10
31750.04800076804 2.649704921271174e-10
31800.04800076804 7.326861884506505e-10
31850.04800076804 1.9812949176766796e-10
31900.04800076804 4.5243128700520636e-10
31950.04800076804 2.75921933581188e-10
32000.04800076804 2.639016051669352e-10
32050.04800076804 1.9199269656033332e-10
32100.04800076804 1.6401984095176368e-10
32150.04800076804 2.2927813479923577e-10
32200.04800076804 1.2045444965824165e-10
32250.04800076804 3.832851148778717e-10
32300.04800076804 9.139361252916797e-11
32350.04800076804 3.557164709579743e-10
32400.04800076804 9.082807823943949e-11
32450.04800076804 2.035941774128731e-10
32500.04800076804 1.1503018025414234e-10
32550.04800076804 2.349602351570216e-10
32600.04800076804 1.1055357815653369e-10
32650.04800076804 4.573652318079533e-10
32700.04800076804 1.9891732287502413e-10
32750.04800076804 7.459822868593293e-10
32800.04800076804 3.558672581191976e-10
32850.04800076804 1.1565129090003842e-09
32900.04800076804 8.847594625478022e-10
32950.04800076804 1.2471026113200097e-09
33000.04800076804 5.767967487576068e-10
33050.04800076804 6.732522499144996e-10
33100.04800076804 1.952704316662708e-10
33150.04800076804 4.199852572542241e-13
33200.04800076804 6.119394266482313e-12
33250.04800076804 7.65349822429888e-12
33300.04800076804 2.9230175544379306e-11
33350.04800076804 1.1182257259616364e-10
33400.04800076804 3.072198927308301e-10
33450.04800076804 2.0203051974251056e-10
33500.04800076804 6.617676667608044e-10
33550.04800076804 3.176648581100689e-10
33600.04800076804 4.687758555721664e-10
33650.04800076804 3.53194106502697e-10
33700.04800076804 2.5163133268192145e-10
33750.04800076804 6.185895430041751e-10
33800.04800076804 1.4016663480764563e-10
33850.04800076804 3.775308056261353e-10
33900.04800076804 4.3066678716755423e-10
33950.04800076804 3.776826477546518e-10
34000.04800076804 6.939088802234148e-10
34050.04800076804 1.37526116090968e-10
34100.04800076804 6.001128677529986e-10
34150.04800076804 3.0726472205949937e-10
34200.04800076804 5.520989358607214e-10
34250.04800076804 3.8048893072807764e-10
34300.04800076804 3.7910527217549713e-10
34350.04800076804 7.616169854727898e-10
34400.04800076804 3.3901953762478794e-10
34450.04800076804 7.963885785142277e-10
34500.04800076804 3.130259869150219e-10
34550.04800076804 3.0297694986615347e-10
34600.04800076804 1.1090366129078986e-09
34650.04800076804 2.4965727140375066e-10
34700.04800076804 5.002671626977304e-10
34750.04800076804 3.68336854651157e-10
34800.04800076804 4.53581633204825e-10
34850.04800076804 8.329883785554502e-10
34900.04800076804 5.170890657084349e-10
34950.04800076804 5.549221177040701e-10
35000.04800076804 1.4487400536193053e-09
35050.04800076804 8.104100203417663e-10
35100.04800076804 1.4690188923328422e-09
35150.04800076804 1.143648841639267e-09
35200.04800076804 1.669348857155218e-09
35250.04800076804 1.7975581304638919e-09
35300.04800076804 1.1089332853678016e-09
35350.04800076804 1.6760640956248372e-09
35400.04800076804 1.297337156557034e-09
35450.04800076804 1.040754479354683e-09
35500.04800076804 3.791130174601697e-09
35550.04800076804 1.9211004847307274e-09
35600.04800076804 2.5536693056804297e-09
35650.04800076804 2.6645449910197636e-09
35700.04800076804 1.8475213896361187e-09
35750.04800076804 4.074192264066052e-09
35800.04800076804 2.2458047226334484e-09
35850.04800076804 1.2648771496694239e-09
35900.04800076804 2.352441687642667e-09
35950.04800076804 1.892799289458234e-09
36000.04800076804 7.92863681742529e-10
36050.04800076804 1.8903756917855834e-09
36100.04800076804 1.5691298507745972e-09
36150.04800076804 2.898708201420076e-09
36200.04800076804 2.460762585256909e-09
36250.04800076804 2.766352070331318e-09
36300.04800076804 3.542653369985754e-09
36350.04800076804 2.6484383319776104e-09
36400.04800076804 4.960874345001148e-09
36450.04800076804 3.7582602414179704e-09
36500.04800076804 4.814983142837285e-09
36550.04800076804 6.130198990269436e-09
36600.04800076804 6.5903682183326125e-09
36650.04800076804 6.503903192066374e-09
36700.04800076804 8.30571206725e-09
36750.04800076804 8.713087463443355e-09
36800.04800076804 6.9184288565142985e-09
36850.04800076804 4.521998969295934e-09
36900.04800076804 6.703386355369591e-09
36950.04800076804 7.422343291925216e-09
37000.04800076804 6.087156766886095e-09
37050.04800076804 9.181345446892181e-09
37100.04800076804 8.460920894285428e-09
37150.04800076804 8.087746944218789e-09
37200.04800076804 6.431233007710228e-09
37250.04800076804 6.033832488606425e-09
37300.04800076804 5.675079921640637e-09
37350.04800076804 9.406176065186112e-09
37400.04800076804 9.752133966054412e-09
37450.04800076804 6.276725573044161e-09
37500.04800076804 7.986412086828244e-09
37550.04800076804 1.2530881699262832e-08
37600.04800076804 1.646395010085531e-08
37650.04800076804 9.473774587003924e-09
37700.04800076804 1.2428604619359181e-08
37750.04800076804 7.19907505892627e-09
37800.04800076804 8.490796482863644e-09
37850.04800076804 6.066176474675561e-09
37900.04800076804 8.718990153242983e-09
37950.04800076804 1.2037159199981996e-08
38000.04800076804 1.4483284313642332e-08
38050.04800076804 1.7250753272720794e-08
38100.04800076804 1.687879528571002e-08
38150.04800076804 1.8552765312803148e-08
38200.04800076804 1.7771320195901132e-08
38250.04800076804 1.8881555681256953e-08
38300.04800076804 3.301387232399791e-08
38350.04800076804 2.7174599782944325e-08
38400.04800076804 1.2740985865073928e-08
38450.04800076804 1.0760152831781911e-08
38500.04800076804 4.782223743017861e-09
38550.04800076804 1.0255265242940206e-08
38600.04800076804 1.3952018690299766e-08
38650.04800076804 1.9372584357527042e-08
38700.04800076804 1.4651026478757708e-08
38750.04800076804 1.8126748821841264e-08
38800.04800076804 1.3257071831330513e-08
38850.04800076804 2.4232387643734577e-08
38900.04800076804 2.379355921599328e-08
38950.04800076804 1.7270077205580978e-08
39000.04800076804 2.915779098522271e-08
39050.04800076804 1.931004512954142e-08
39100.04800076804 2.8646719430233863e-08
39150.04800076804 2.3315097897744636e-08
39200.04800076804 1.7247340479645004e-08
39250.04800076804 2.7035264878169847e-08
39300.04800076804 2.4795739278081905e-08
39350.04800076804 4.555434377232162e-08
39400.04800076804 2.834391495463339e-08
39450.04800076804 3.106887735474833e-08
39500.04800076804 3.076219507349577e-08
39550.04800076804 2.4943716746257216e-08
39600.04800076804 3.77237420093287e-08
39650.04800076804 4.7031280636596925e-08
39700.04800076804 2.7878041355098347e-08
39750.04800076804 1.9946693209405138e-08
39800.04800076804 2.498571454847483e-08
39850.04800076804 3.9912600161660764e-08
39900.04800076804 4.5246236366783586e-08
39950.04800076804 3.44782117825147e-08
40000.04800076804 5.002382117243002e-08
40050.04800076804 4.078319556992606e-08
40100.04800076804 2.145358483639175e-08
40150.04800076804 5.066746684343608e-08
40200.04800076804 5.0717387165016336e-08
40250.04800076804 4.692697816054125e-08
40300.04800076804 5.813287521626581e-08
40350.04800076804 3.126020551614377e-08
40400.04800076804 5.080671909609367e-08
40450.04800076804 3.591801122582212e-08
40500.04800076804 6.704083064469131e-08
40550.04800076804 5.654248658763882e-08
40600.04800076804 4.906040745252212e-08
40650.04800076804 4.844265339455347e-08
40700.04800076804 8.351635928306438e-08
40750.04800076804 6.661517873933402e-08
40800.04800076804 4.184896743181461e-08
40850.04800076804 8.707403750039761e-08
40900.04800076804 6.222267806179445e-08
40950.04800076804 5.0103690360920153e-08
41000.04800076804 6.640041726278078e-08
41050.04800076804 8.87161211369016e-08
41100.04800076804 4.515112449294936e-08
41150.04800076804 3.502078173701685e-08
41200.04800076804 9.45384394690318e-08
41250.04800076804 6.570082764357519e-08
41300.04800076804 6.359344156013286e-08
41350.04800076804 9.869752804143097e-08
41400.04800076804 7.290994860447187e-08
41450.04800076804 9.085347167438826e-08
41500.04800076804 6.10053821864741e-08
41550.04800076804 5.6830360331904364e-08
41600.04800076804 8.266396680201432e-08
41650.04800076804 8.606384677727053e-08
41700.04800076804 8.028266491150514e-08
41750.04800076804 7.053876853031367e-08
41800.04800076804 9.553264499962195e-08
41850.04800076804 6.555659476464976e-08
41900.04800076804 6.447025815113386e-08
41950.04800076804 7.544889027994364e-08
42000.04800076804 9.136245084657769e-08
42050.04800076804 8.253406431856645e-08
42100.04800076804 9.942371704806196e-08
42150.04800076804 7.863034466378494e-08
42200.04800076804 9.262450148068633e-08
42250.04800076804 6.735947615636511e-08
42300.04800076804 7.397294504326738e-08
42350.04800076804 9.272737602269578e-08
42400.04800076804 9.188018877484092e-08
42450.04800076804 9.85361898537918e-08
42500.04800076804 8.44971476695196e-08
42550.04800076804 8.45691406739096e-08
42600.04800076804 7.786718194110658e-08
42650.04800076804 1.365324900502226e-07
42700.04800076804 6.558855174620151e-08
42750.04800076804 7.937986664981446e-08
42800.04800076804 8.11396836406074e-08
42850.04800076804 9.64433239794032e-08
42900.04800076804 1.1024090469082097e-07
42950.04800076804 8.758180090908741e-08
43000.04800076804 1.1718905284663574e-07
43050.04800076804 5.203162234214232e-08
43100.04800076804 7.226739892330826e-08
43150.04800076804 8.845262226445718e-08
43200.04800076804 1.1261214336759587e-07
43250.04800076804 1.3480942862479383e-07
43300.04800076804 1.3885700285586786e-07
43350.04800076804 7.959009627021723e-08
43400.04800076804 1.0464379958937421e-07
43450.04800076804 6.264326876862106e-08
43500.04800076804 6.766877808002174e-08
43550.04800076804 8.578974968837877e-08
43600.04800076804 1.1330794653461118e-07
