galfind/configs/Brown_Dwarf_templates/sonora_cholla/logkzz2/31g/550K_31g_logkzz2_resample.dat
# %ECSV 1.0
# ---
# datatype:
# - {name: wav, unit: Angstrom, datatype: float64}
# - {name: flux_nu, unit: erg / (cm2 Hz s), datatype: float64}
# schema: astropy-2.0
wav flux_nu
[from data line 814]
43700.04800076804 1.3785305139456627e-07
43750.04800076804 1.3032898137571355e-07
43800.04800076804 8.85936174535069e-08
43850.04800076804 1.0865685364046745e-07
43900.04800076804 8.056086638486298e-08
43950.04800076804 5.891399133935629e-08
44000.04800076804 4.9198274647492025e-08
44050.04800076804 1.2356670555111357e-07
44100.04800076804 1.4243446945625215e-07
44150.04800076804 1.37091286989465e-07
44200.04800076804 1.0706213414146265e-07
44250.04800076804 7.281243618114756e-08
44300.04800076804 6.557611909289809e-08
44350.04800076804 6.598407532943931e-08
44400.04800076804 6.595416198428004e-08
44450.04800076804 9.896940262146865e-08
44500.04800076804 8.63002803964841e-08
44550.04800076804 1.2530292069154707e-07
44600.04800076804 9.169791680093678e-08
44650.04800076804 9.99334077772028e-08
44700.04800076804 7.077584170682341e-08
44750.04800076804 9.74914762154111e-08
44800.04800076804 6.650010489416419e-08
44850.04800076804 9.655963833888339e-08
44900.04800076804 6.587009228482388e-08
44950.04800076804 6.914172390213585e-08
45000.04800076804 8.741183433604101e-08
45050.04800076804 8.36634611095159e-08
45100.04800076804 7.771625018274818e-08
45150.04800076804 6.952988969755999e-08
45200.04800076804 4.175607489014074e-08
45250.04800076804 4.898585375110409e-08
45300.04800076804 5.824284176673469e-08
45350.04800076804 6.079068399040265e-08
45400.04800076804 6.510005129688639e-08
45450.04800076804 5.910929704852358e-08
45500.04800076804 6.519063746936688e-08
45550.04800076804 6.843743339269661e-08
45600.04800076804 6.129428661963893e-08
45650.04800076804 5.7079753948677374e-08
45700.04800076804 4.84413020461986e-08
45750.04800076804 4.350001611241717e-08
45800.04800076804 5.564601419148769e-08
45850.04800076804 7.472756473055964e-08
45900.04800076804 8.46189851710699e-08
45950.04800076804 5.114387379686128e-08
46000.04800076804 7.158534539470936e-08
46050.04800076804 6.588341756635025e-08
46100.04800076804 5.7893077353972106e-08
46150.04800076804 5.770327402612167e-08
46200.04800076804 5.0251751809886664e-08
46250.04800076804 2.4434567914624136e-08
46300.04800076804 7.219420344427504e-08
46350.04800076804 4.580967190569727e-08
46400.04800076804 6.564417223987566e-08
46450.04800076804 7.65654189231653e-08
46500.04800076804 6.033833684494914e-08
46550.04800076804 4.2231958764955266e-08
46600.04800076804 5.524054734791926e-08
46650.04800076804 1.2830537423498178e-07
46700.04800076804 7.227908096759902e-08
46750.04800076804 4.6682155104186125e-08
46800.04800076804 2.5519928692373218e-08
46850.04800076804 9.496380850540606e-08
46900.04800076804 8.141751420715527e-08
46950.04800076804 9.248919044895227e-08
47000.04800076804 5.963566396529386e-08
47050.04800076804 8.345687775606565e-08
47100.04800076804 3.348755628306759e-08
47150.04800076804 5.323453191125818e-08
47200.04800076804 8.073063776502411e-08
47250.04800076804 4.333997298595996e-08
47300.04800076804 3.998784797460305e-08
47350.04800076804 6.115921915614308e-08
47400.04800076804 9.672321082045637e-08
47450.04800076804 5.4154168860888716e-08
47500.04800076804 1.1300911269914339e-07
47550.04800076804 6.343895860220916e-08
47600.04800076804 8.918967702181957e-08
47650.04800076804 4.767440602903827e-08
47700.04800076804 8.036489413305432e-08
47750.04800076804 3.545131059107125e-08
47800.04800076804 4.5839048218140636e-08
47850.04800076804 2.5521259974126175e-08
47900.04800076804 4.0159711897508244e-08
47950.04800076804 5.599361546541253e-08
48000.04800076804 1.1618769709946987e-07
48050.04800076804 6.648440497447031e-08
48100.04800076804 4.675425533490168e-08
48150.04800076804 5.64241936519739e-08
48200.04800076804 6.551524241283619e-08
48250.04800076804 5.511358514297751e-08
48300.04800076804 1.1862686053433766e-07
48350.04800076804 4.6068374205877935e-08
48400.04800076804 2.4291645577114552e-08
48450.04800076804 4.4034403115544666e-08
48500.04800076804 8.100765796235768e-08
48550.04800076804 4.6829956627372603e-08
48600.04800076804 7.81995097176056e-08
48650.04800076804 7.314161558814361e-08
48700.04800076804 7.83260404371571e-08
48750.04800076804 5.607708103170224e-08
48800.04800076804 8.473855746956883e-08
48850.04800076804 5.907629736236972e-08
48900.04800076804 7.448148500895837e-08
48950.04800076804 4.8116022338271196e-08
49000.04800076804 3.143925874509485e-08
49050.04800076804 7.356073959042139e-08
49100.04800076804 6.43029259363159e-08
49150.04800076804 8.03300780020493e-08
49200.04800076804 9.121950581412815e-08
49250.04800076804 1.0314010953404041e-07
49300.04800076804 8.0270620023392e-08
49350.04800076804 3.6208806817420584e-08
49400.04800076804 4.6276751271237295e-08
49450.04800076804 6.056079879557704e-08
49500.04800076804 4.969268936956947e-08
49550.04800076804 1.2753141968732562e-08
49600.04800076804 3.538397616381337e-08
49650.04800076804 5.795133334546499e-08
49700.04800076804 5.339604360950205e-08
49750.04800076804 7.043501176616201e-08
49800.04800076804 4.502229845753886e-08
49850.04800076804 9.89041379478507e-08
49900.04800076804 7.975278246816567e-08
49950.04800076804 7.855317803157985e-08
50000.04800076804 6.922239017572349e-08
50050.04800076804 8.238496445669119e-08
50100.04800076804 6.806117413418816e-08
50150.04800076804 2.984175083987348e-08
50200.04800076804 7.850580494325504e-09
50250.04800076804 4.100164872555615e-08
50300.04800076804 2.885379841730263e-08
50350.04800076804 7.127847348060268e-08
50400.04800076804 7.991976725700605e-08
50450.04800076804 6.17906071004522e-08
50500.04800076804 8.084782595468833e-08
50550.04800076804 8.13487913133356e-08
50600.04800076804 6.554214902439519e-08
50650.04800076804 8.365191324638975e-08
50700.04800076804 9.523082532457355e-08
50750.04800076804 6.985318148357535e-08
50800.04800076804 2.4849854227332976e-08
50850.04800076804 1.4116921729410949e-08
50900.04800076804 6.567022323791556e-08
50950.04800076804 6.794611141053948e-08
51000.04800076804 4.59122197623133e-08
51050.04800076804 6.434906465603537e-08
51100.04800076804 1.989010749790025e-08
51150.04800076804 3.3080712042523004e-08
51200.04800076804 9.346120245545607e-08
51250.04800076804 6.192136437618749e-08
51300.04800076804 4.7357130712118016e-08
51350.04800076804 5.014487294160771e-08
51400.04800076804 1.7607244164077338e-08
51450.04800076804 1.4781187671713373e-08
51500.04800076804 1.3431008396828562e-08
51550.04800076804 4.291647611139449e-08
51600.04800076804 3.5011274949413836e-08
51650.04800076804 5.482622706431408e-08
51700.04800076804 5.0789139977247574e-08
51750.04800076804 3.224774776874185e-08
51800.04800076804 7.083233915798527e-08
51850.04800076804 5.749364737043741e-08
51900.04800076804 6.718503777726834e-08
51950.04800076804 3.8585773757417334e-08
52000.04800076804 5.089239432902493e-09
52050.04800076804 2.194209582877139e-08
52100.04800076804 1.469215977677377e-08
52150.04800076804 7.802390397943642e-09
52200.04800076804 1.6754234255241898e-08
52250.04800076804 3.399263291412519e-08
52300.04800076804 5.158457443951539e-08
52350.04800076804 1.7581811226071357e-08
52400.04800076804 1.6977349769438353e-08
52450.04800076804 5.5153730598615924e-08
52500.04800076804 4.79586286746258e-08
52550.04800076804 4.838221742050479e-08
52600.04800076804 3.506344158447258e-08
52650.04800076804 3.57922406784603e-08
52700.04800076804 3.186017604601239e-08
52750.04800076804 1.5116019947763684e-08
52800.04800076804 2.0302138938759832e-08
52850.04800076804 2.8227974064185098e-08
52900.04800076804 1.266919478749422e-08
52950.04800076804 1.612864632955341e-08
53000.04800076804 4.612190833007228e-08
53050.04800076804 1.2668909690648209e-08
53100.04800076804 4.9551778225436775e-08
53150.04800076804 5.9399587757793804e-08
53200.04800076804 2.3873500255968647e-08
53250.04800076804 5.7785563160559425e-08
53300.04800076804 5.7527173833174147e-08
53350.04800076804 5.425884035770425e-08
53400.04800076804 3.8175221472561505e-08
53450.04800076804 9.222549483925788e-09
53500.04800076804 2.5961496316026655e-09
53550.04800076804 6.365036514645511e-09
53600.04800076804 2.382293763096365e-08
53650.04800076804 2.6732918875564983e-08
53700.04800076804 2.0513352832384508e-08
53750.04800076804 1.9997960233132285e-08
53800.04800076804 1.7971810200303108e-08
53850.04800076804 2.6021484776651213e-08
53900.04800076804 4.146341379920872e-08
53950.04800076804 4.3826601419153924e-08
54000.04800076804 2.7671066873112765e-08
54050.04800076804 3.070625600316628e-08
54100.04800076804 6.975612819232169e-09
54150.04800076804 1.091638880927803e-08
54200.04800076804 1.8428691155883212e-09
54250.04800076804 4.842342373393015e-09
54300.04800076804 1.569212085671285e-08
54350.04800076804 2.1112735292183708e-08
54400.04800076804 1.9138349547885594e-08
54450.04800076804 1.656686754527511e-08
54500.04800076804 1.3492277781878534e-08
54550.04800076804 1.4020465338113335e-08
54600.04800076804 1.3612508744610424e-08
54650.04800076804 1.9180245040562375e-09
54700.04800076804 1.4398479353035441e-08
54750.04800076804 1.4977276500434028e-08
54800.04800076804 7.921229920738023e-09
54850.04800076804 1.388702851901201e-08
54900.04800076804 2.3394963436440284e-08
54950.04800076804 3.615614142273521e-08
55000.04800076804 9.118016801114985e-09
55050.04800076804 1.8890573341131276e-08
55100.04800076804 2.29420766497397e-08
55150.04800076804 9.44778588069569e-09
55200.04800076804 8.335754442075575e-09
55250.04800076804 1.3924460149182049e-08
55300.04800076804 8.596131096072833e-09
55350.04800076804 2.058394202288518e-08
55400.04800076804 2.3491421188063973e-08
55450.04800076804 1.2423236966780479e-08
55500.04800076804 4.516313404964081e-09
55550.04800076804 4.2817412527814e-09
55600.04800076804 8.439171167105563e-09
55650.04800076804 7.956230834564479e-09
55700.04800076804 8.04458450459927e-09
55750.04800076804 6.7764337080994125e-09
55800.04800076804 2.5554360723683274e-09
55850.04800076804 4.893083741166019e-09
55900.04800076804 1.4217917005069076e-08
55950.04800076804 2.1004518455979422e-08
56000.04800076804 6.48059371864279e-09
56050.04800076804 9.28097453761179e-09
56100.04800076804 1.5007190866090253e-08
56150.04800076804 5.094834971243785e-09
56200.04800076804 9.330316824543359e-09
56250.04800076804 1.6219065004971788e-08
56300.04800076804 1.0336936582410631e-08
56350.04800076804 6.3437567001074555e-09
56400.04800076804 1.7653035614324785e-09
56450.04800076804 1.7699624927556963e-09
56500.04800076804 5.9673939922932455e-09
56550.04800076804 2.796439273149211e-09
56600.04800076804 1.2701067764990842e-08
56650.04800076804 1.5175189172378592e-08
56700.04800076804 1.043888891653143e-08
56750.04800076804 2.6266526564302926e-09
56800.04800076804 8.309980343644648e-09
56850.04800076804 1.0579536732910028e-08
56900.04800076804 4.6719998245004226e-09
56950.04800076804 1.2256936137825945e-08
57000.04800076804 1.670405695739862e-08
57050.04800076804 6.132812967749219e-09
57100.04800076804 1.7739822218566917e-09
57150.04800076804 3.269605868870211e-09
57200.04800076804 2.6828253532588e-09
57250.04800076804 3.867478779987856e-09
57300.04800076804 7.896909669839869e-09
57350.04800076804 3.1008473038710854e-09
57400.04800076804 9.203944326098809e-09
57450.04800076804 4.148079158611347e-09
57500.04800076804 4.399229725738631e-09
57550.04800076804 7.252955104810019e-09
57600.04800076804 6.20520141155702e-09
57650.04800076804 9.810974841589245e-10
57700.04800076804 2.067758255100308e-09
57750.04800076804 5.2625197528708234e-09
57800.04800076804 1.995843206699761e-09
57850.04800076804 1.9101997475128114e-08
57900.04800076804 2.147521969249045e-08
57950.04800076804 2.2752287795045267e-08
58000.04800076804 4.815785567707939e-09
58050.04800076804 1.1725549030414078e-08
58100.04800076804 9.997159870096056e-09
58150.04800076804 5.784827204557787e-09
58200.04800076804 9.013293776766986e-10
58250.04800076804 2.1728541510818944e-09
58300.04800076804 2.2766426377622654e-09
58350.04800076804 3.5026046226593854e-09
58400.04800076804 9.70257662968384e-09
58450.04800076804 1.07562019570053e-08
58500.04800076804 1.0162322823949778e-08
58550.04800076804 8.026943532436668e-09
58600.04800076804 2.5828666774560684e-09
58650.04800076804 3.751841359752408e-09
58700.04800076804 5.994054068708541e-09
58750.04800076804 4.108291236321495e-09
58800.04800076804 3.891023745962085e-10
58850.04800076804 2.793659568069498e-09
58900.04800076804 4.308396754472784e-09
58950.04800076804 1.5091543899202803e-09
59000.04800076804 4.808726487755506e-09
59050.04800076804 8.614118397055576e-09
59100.04800076804 6.9047333037676115e-09
59150.04800076804 5.355497732085683e-09
59200.04800076804 7.63245281845128e-09
59250.04800076804 8.044304447178648e-09
59300.04800076804 5.295610719342038e-09
59350.04800076804 6.579317279355457e-10
59400.04800076804 9.322470018423616e-10
59450.04800076804 6.072797876543946e-09
59500.04800076804 3.3983689685257543e-09
59550.04800076804 7.215807866956145e-09
59600.04800076804 1.0216948664728863e-08
59650.04800076804 4.25012462003413e-09
59700.04800076804 2.5875796370603063e-09
59750.04800076804 9.805153478372438e-09
59800.04800076804 4.183424267619798e-09
59850.04800076804 5.794359871183538e-09
59900.04800076804 1.606850638679405e-09
59950.04800076804 4.440022848802605e-09
60000.04800076804 1.3536931146796458e-08
60050.04800076804 1.351389670594442e-08
60100.04800076804 9.221811201460231e-09
60150.04800076804 3.187516512781426e-09
60200.04800076804 9.379009459738918e-09
60250.04800076804 1.4660005055337399e-08
60300.04800076804 1.3398869340227182e-08
60350.04800076804 8.186890746609456e-09
60400.04800076804 6.7591569204559415e-09
60450.04800076804 1.180331052861931e-09
60500.04800076804 2.8913503038447183e-10
60550.04800076804 5.0218886398426666e-09
60600.04800076804 8.618398120700518e-09
60650.04800076804 4.5268395644922704e-09
60700.04800076804 2.669113289020038e-09
60750.04800076804 1.2387591816120843e-09
60800.04800076804 7.668425270383408e-09
60850.04800076804 1.778521034422326e-08
60900.04800076804 1.6357747338841183e-08
60950.04800076804 1.163842100290465e-08
61000.04800076804 1.143958858390643e-08
61050.04800076804 3.2963935390469672e-09
61100.04800076804 3.5993643299826395e-09
61150.04800076804 8.929953123701409e-10
61200.04800076804 7.246325646151069e-09
61250.04800076804 1.2109457712651911e-08
61300.04800076804 1.1771648258648075e-08
61350.04800076804 1.8807348740952483e-08
61400.04800076804 5.47226283956858e-09
61450.04800076804 1.345089452128212e-09
61500.04800076804 2.3016677969071234e-09
61550.04800076804 6.612454297137534e-09
61600.04800076804 1.9661391688200945e-09
61650.04800076804 5.663946058262929e-09
61700.04800076804 6.559181825052648e-09
61750.04800076804 7.221595039192389e-09
61800.04800076804 5.750046659115939e-09
61850.04800076804 1.3334709270445874e-09
61900.04800076804 1.0125177035667766e-08
61950.04800076804 1.05686932606137e-08
62000.04800076804 1.6182348244412956e-08
62050.04800076804 1.745284947096605e-08
62100.04800076804 8.897375043535772e-09
62150.04800076804 1.6697774302241174e-08
62200.04800076804 1.514801437539011e-08
62250.04800076804 1.1095097686731875e-08
62300.04800076804 2.9187568724201405e-08
62350.04800076804 2.1553598241602615e-08
62400.04800076804 7.095085450157692e-09
62450.04800076804 1.1792790709257719e-08
62500.04800076804 2.7224566131535228e-08
62550.04800076804 2.3521679127117696e-08
62600.04800076804 2.3866179767000292e-08
62650.04800076804 1.7028123288204752e-08
62700.04800076804 1.2912211687867565e-08
62750.04800076804 2.1843764103080612e-08
62800.04800076804 1.2755253936862487e-08
62850.04800076804 2.2038019197396255e-08
62900.04800076804 1.3726632055078135e-08
62950.04800076804 2.985054816635979e-08
63000.04800076804 1.7427679600469732e-08
63050.04800076804 3.8866505892355726e-08
63100.04800076804 3.345680253578877e-08
63150.04800076804 2.573531698237026e-08
63200.04800076804 2.350072431886532e-08
63250.04800076804 1.769212364206785e-08
63300.04800076804 1.4900574946611883e-08
63350.04800076804 1.3396124196709774e-08
63400.04800076804 4.111465175827928e-09
63450.04800076804 1.771513217697051e-09
63500.04800076804 1.0016870653915647e-08
