galfind/configs/Brown_Dwarf_templates/sonora_cholla/logkzz2/31g/600K_31g_logkzz2_resample.dat
# %ECSV 1.0
# ---
# datatype:
# - {name: wav, unit: Angstrom, datatype: float64}
# - {name: flux_nu, unit: erg / (cm2 Hz s), datatype: float64}
# schema: astropy-2.0
wav flux_nu
3000.0480007680403 nan
3050.0480007680403 0.0
3100.0480007680403 0.0
3150.0480007680403 0.0
3200.0480007680403 0.0
3250.0480007680403 0.0
3300.0480007680403 0.0
3350.0480007680403 0.0
3400.0480007680403 0.0
3450.0480007680403 0.0
3500.0480007680403 0.0
3550.0480007680403 0.0
3600.0480007680403 0.0
3650.0480007680403 0.0
3700.0480007680403 0.0
3750.0480007680403 0.0
3800.0480007680403 0.0
3850.0480007680403 0.0
3900.0480007680403 0.0
3950.0480007680403 0.0
4000.0480007680403 0.0
4050.0480007680403 0.0
4100.04800076804 0.0
4150.04800076804 0.0
4200.04800076804 0.0
4250.04800076804 0.0
4300.04800076804 0.0
4350.04800076804 0.0
4400.04800076804 0.0
4450.04800076804 0.0
4500.04800076804 0.0
4550.04800076804 0.0
4600.04800076804 0.0
4650.04800076804 0.0
4700.04800076804 0.0
4750.04800076804 0.0
4800.04800076804 0.0
4850.04800076804 0.0
4900.04800076804 0.0
4950.04800076804 0.0
5000.04800076804 1.6210318388386873e-12
5050.04800076804 4.4934248947546854e-12
5100.04800076804 5.401405827107375e-12
5150.04800076804 6.490480260709521e-12
5200.04800076804 7.753979609539965e-12
5250.04800076804 9.156887596844356e-12
5300.04800076804 1.0726793141269265e-11
5350.04800076804 1.2486274987394469e-11
5400.04800076804 1.4321860777758367e-11
5450.04800076804 1.643322461344889e-11
5500.04800076804 1.8791653581370243e-11
5550.04800076804 2.132697520900033e-11
5600.04800076804 2.38757672204902e-11
5650.04800076804 2.619300515628352e-11
5700.04800076804 2.742476551048678e-11
5750.04800076804 2.835837855840514e-11
5800.04800076804 2.681035237941026e-11
5850.04800076804 2.1398382630385348e-11
5900.04800076804 6.008794718994943e-12
5950.04800076804 1.1101134327793207e-11
6000.04800076804 3.751549423112667e-11
6050.04800076804 6.16687587649447e-11
6100.04800076804 8.526367710573944e-11
6150.04800076804 1.0774301215495677e-10
6200.04800076804 1.2965946817808356e-10
6250.04800076804 1.5007243151939285e-10
6300.04800076804 1.7352789207889066e-10
6350.04800076804 1.980420230289352e-10
6400.04800076804 2.2296962053793625e-10
6450.04800076804 2.3403830067708815e-10
6500.04800076804 2.625352726778775e-10
6550.04800076804 2.9835658565617454e-10
6600.04800076804 3.3831198892083357e-10
6650.04800076804 3.835882051052003e-10
6700.04800076804 4.35757536216196e-10
6750.04800076804 4.883752783424031e-10
6800.04800076804 5.414516316417596e-10
6850.04800076804 5.983787746656677e-10
6900.04800076804 6.041833266121779e-10
6950.04800076804 5.991935714636733e-10
7000.04800076804 6.983237747853246e-10
7050.04800076804 7.206060192622969e-10
7100.04800076804 7.719363222194348e-10
7150.04800076804 6.298441304563451e-10
7200.04800076804 5.736329407666573e-10
7250.04800076804 6.89322998862309e-10
7300.04800076804 7.350915322011047e-10
7350.04800076804 8.654702823962521e-10
7400.04800076804 9.848674305185598e-10
7450.04800076804 1.1944097112884552e-09
7500.04800076804 1.3671452557598455e-09
7550.04800076804 1.5577726380907136e-09
7600.04800076804 1.7386080118125352e-09
7650.04800076804 1.868880366364688e-09
7700.04800076804 1.262678002703248e-09
7750.04800076804 5.640805781470048e-10
7800.04800076804 2.0862950725241837e-09
7850.04800076804 2.358705091655721e-09
7900.04800076804 2.623411605721418e-09
7950.04800076804 2.8620789183193144e-09
8000.04800076804 2.8943093427147766e-09
8050.04800076804 2.9379006250191424e-09
8100.04800076804 2.1283203495120247e-09
8150.04800076804 1.9829162123726355e-09
8200.04800076804 2.6384232323589162e-09
8250.04800076804 2.644041685298026e-09
8300.04800076804 2.9125672580297304e-09
8350.04800076804 2.590778912353869e-09
8400.04800076804 2.6698396616277687e-09
8450.04800076804 3.06977399631645e-09
8500.04800076804 3.468274780168196e-09
8550.04800076804 3.955030503444141e-09
8600.04800076804 4.463434893999891e-09
8650.04800076804 4.792697365025696e-09
8700.04800076804 4.644465604689079e-09
8750.04800076804 4.858868883699111e-09
8800.04800076804 4.575785861652867e-09
8850.04800076804 3.1409695556118787e-09
8900.04800076804 6.181258295771863e-10
8950.04800076804 8.363762613504972e-10
9000.04800076804 5.410656159902848e-10
9050.04800076804 1.7085160118330928e-09
9100.04800076804 2.122717914060794e-09
9150.04800076804 2.06558966772864e-09
9200.04800076804 3.273861605600206e-09
9250.04800076804 2.869672607941111e-09
9300.04800076804 3.4169998995472197e-10
9350.04800076804 3.896843455345896e-10
9400.04800076804 7.428045978459042e-10
9450.04800076804 9.60232215980281e-10
9500.04800076804 7.699229188752146e-10
9550.04800076804 9.392133214302658e-10
9600.04800076804 7.724249146663495e-10
9650.04800076804 1.0546224084804773e-09
9700.04800076804 1.608679910496646e-09
9750.04800076804 1.479699928922671e-09
9800.04800076804 1.7643355292598961e-09
9850.04800076804 1.940448239559448e-09
9900.04800076804 2.6502557897549134e-09
9950.04800076804 2.3396249751252117e-09
10000.04800076804 3.2327698202868487e-09
10050.04800076804 3.3103695366319195e-09
10100.04800076804 4.6231665906487145e-09
10150.04800076804 5.658881545351917e-09
10200.04800076804 7.266187231783864e-09
10250.04800076804 8.695486825271254e-09
10300.04800076804 1.0284728220257637e-08
10350.04800076804 1.2774347872026619e-08
10400.04800076804 1.6537016125583123e-08
10450.04800076804 1.897323297774565e-08
10500.04800076804 2.1339680766062274e-08
10550.04800076804 2.3990995811073204e-08
10600.04800076804 2.4400845380676146e-08
10650.04800076804 2.540591390654437e-08
10700.04800076804 2.4589270310817833e-08
10750.04800076804 2.4619289802394704e-08
10800.04800076804 2.1965376209006716e-08
10850.04800076804 1.8934133775722195e-08
10900.04800076804 1.1868392513257955e-08
10950.04800076804 5.0499351401275594e-09
11000.04800076804 3.0932980579211447e-09
11050.04800076804 1.806073554900378e-09
11100.04800076804 9.713011584902442e-10
11150.04800076804 3.7640707943533236e-10
11200.04800076804 2.1449499368570482e-10
11250.04800076804 2.7385532661030174e-10
11300.04800076804 4.436202869008869e-10
11350.04800076804 1.3180976173968465e-10
11400.04800076804 3.45964152941455e-10
11450.04800076804 2.7633366392192264e-10
11500.04800076804 1.6792098653854518e-10
11550.04800076804 3.475259964421978e-11
11600.04800076804 3.291074013249565e-11
11650.04800076804 1.269522825574714e-10
11700.04800076804 1.3739552420509567e-10
11750.04800076804 1.8545857305845653e-11
11800.04800076804 1.6507919850753347e-10
11850.04800076804 3.720030343010591e-10
11900.04800076804 4.105996407425865e-10
11950.04800076804 7.094017865645448e-10
12000.04800076804 1.4818391221821353e-09
12050.04800076804 2.662270578778996e-09
12100.04800076804 4.8389422414537926e-09
12150.04800076804 7.527538559202535e-09
12200.04800076804 1.0155192573305235e-08
12250.04800076804 1.5005566526430275e-08
12300.04800076804 2.066916119469837e-08
12350.04800076804 2.1907891615565936e-08
12400.04800076804 3.089327068783002e-08
12450.04800076804 4.118886169323503e-08
12500.04800076804 4.655620752265624e-08
12550.04800076804 5.233231573399041e-08
12600.04800076804 5.275484895315173e-08
12650.04800076804 5.1032303213610364e-08
12700.04800076804 5.0164896499822925e-08
12750.04800076804 4.343321181907084e-08
12800.04800076804 3.822508550635163e-08
12850.04800076804 2.7129727426274844e-08
12900.04800076804 2.0244299484010133e-08
12950.04800076804 1.695209120484197e-08
13000.04800076804 1.4697418495152348e-08
13050.04800076804 9.799869569939758e-09
13100.04800076804 7.898599848997754e-09
13150.04800076804 5.251702252664611e-09
13200.04800076804 4.5775423695668914e-09
13250.04800076804 3.190087191069126e-09
13300.04800076804 1.079057178823055e-09
13350.04800076804 3.287273191207412e-10
13400.04800076804 2.1164222827117291e-10
13450.04800076804 6.766257218941357e-11
13500.04800076804 2.8110190113810013e-11
13550.04800076804 1.4468134704781838e-11
13600.04800076804 2.7309579754820536e-12
13650.04800076804 2.2294556691409547e-11
13700.04800076804 1.4242455878660743e-11
13750.04800076804 1.6750245504439863e-11
13800.04800076804 1.353075117047e-11
13850.04800076804 1.0832849344654229e-11
13900.04800076804 1.4234017586441461e-11
13950.04800076804 9.999098115539555e-12
14000.04800076804 1.1380270629376783e-11
14050.04800076804 2.035793856529163e-11
14100.04800076804 2.3880864125060087e-11
14150.04800076804 4.917904800043127e-11
14200.04800076804 2.9103042589049987e-11
14250.04800076804 4.243942192138014e-11
14300.04800076804 1.095460804366207e-10
14350.04800076804 1.1198235177305863e-10
14400.04800076804 1.2901789744236462e-10
14450.04800076804 1.7280809988510643e-10
14500.04800076804 4.432627772456222e-10
14550.04800076804 4.853324391270695e-10
14600.04800076804 7.894057454520727e-10
14650.04800076804 8.187052543866114e-10
14700.04800076804 4.947908753736608e-10
14750.04800076804 7.600821274023302e-10
14800.04800076804 1.045123578219126e-09
14850.04800076804 1.1378168222526446e-09
14900.04800076804 1.411291580810296e-09
14950.04800076804 1.9580597070699595e-09
15000.04800076804 2.4693823473057664e-09
15050.04800076804 2.573263888595924e-09
15100.04800076804 3.264239639568795e-09
15150.04800076804 3.2228604363431136e-09
15200.04800076804 3.4911007531212547e-09
15250.04800076804 5.453882965439671e-09
15300.04800076804 6.661843915149156e-09
15350.04800076804 9.016636519768183e-09
15400.04800076804 1.022347301630388e-08
15450.04800076804 1.158865887433509e-08
15500.04800076804 1.2631546444098331e-08
15550.04800076804 1.5766101616772705e-08
15600.04800076804 1.775691624385087e-08
15650.04800076804 1.8510901284374673e-08
15700.04800076804 2.2800923506215515e-08
15750.04800076804 2.5030739627110792e-08
15800.04800076804 2.456323340987023e-08
15850.04800076804 2.5964041638673784e-08
15900.04800076804 2.0962639801083224e-08
15950.04800076804 1.8003019736363165e-08
16000.04800076804 1.203971543427125e-08
16050.04800076804 6.467784249013204e-09
16100.04800076804 4.077598665124187e-09
16150.04800076804 1.958426135584556e-09
16200.04800076804 1.0825346571725106e-09
16250.04800076804 8.906789485293837e-10
16300.04800076804 4.927592056098794e-10
16350.04800076804 5.986625120105861e-10
16400.04800076804 6.705341953642406e-10
16450.04800076804 7.011631330992453e-10
16500.04800076804 6.875106225160984e-10
16550.04800076804 6.350283497860002e-10
16600.04800076804 7.927566512994209e-10
16650.04800076804 5.626155684175163e-10
16700.04800076804 8.246782269487226e-11
16750.04800076804 2.8643033800756993e-10
16800.04800076804 5.109544913033895e-10
16850.04800076804 6.146353710434052e-10
16900.04800076804 3.330357681057976e-10
16950.04800076804 2.226751442915053e-10
17000.04800076804 1.264859095320473e-10
17050.04800076804 2.0121117027852723e-10
17100.04800076804 3.372098231425014e-10
17150.04800076804 1.622037712570983e-10
17200.04800076804 6.716241916476788e-10
17250.04800076804 3.599596962769612e-10
17300.04800076804 2.0280981076252417e-10
17350.04800076804 2.446232476495386e-10
17400.04800076804 3.672184297601626e-10
17450.04800076804 5.664819606075197e-10
17500.04800076804 8.348508718253411e-10
17550.04800076804 6.728196361860906e-10
17600.04800076804 4.794777107461202e-10
17650.04800076804 4.0380381440951865e-10
17700.04800076804 3.2100649401161906e-10
17750.04800076804 3.4337801235150396e-10
17800.04800076804 6.639582990658517e-10
17850.04800076804 3.651292490371207e-10
17900.04800076804 3.146368925749255e-10
17950.04800076804 1.7950210626510757e-10
18000.04800076804 2.9233488546715496e-10
18050.04800076804 4.0946423621080723e-10
18100.04800076804 3.201304442517607e-10
18150.04800076804 4.879906879205083e-10
18200.04800076804 2.8241185391515914e-10
18250.04800076804 8.085415822517418e-10
18300.04800076804 3.2371167515853105e-10
18350.04800076804 2.1904253678173913e-10
18400.04800076804 1.5125613699876333e-10
18450.04800076804 5.305394553682751e-10
18500.04800076804 5.764409821590437e-10
18550.04800076804 3.7045226453146076e-10
18600.04800076804 5.09126671786247e-10
18650.04800076804 3.449837182850815e-10
18700.04800076804 1.697738749927332e-10
18750.04800076804 3.2596072396288674e-10
18800.04800076804 1.3756102761906943e-09
18850.04800076804 1.1920962908053266e-09
18900.04800076804 1.0813784390081057e-09
18950.04800076804 1.8595043158212842e-09
19000.04800076804 7.837253860850513e-10
19050.04800076804 4.868922231490572e-10
19100.04800076804 1.2816402121606628e-09
19150.04800076804 6.52998135890063e-10
19200.04800076804 1.171680612603458e-09
19250.04800076804 9.55989652661986e-10
19300.04800076804 5.869689273660524e-10
19350.04800076804 7.981241598344153e-10
19400.04800076804 5.148813036417259e-10
19450.04800076804 1.1407012769837377e-09
19500.04800076804 9.25788667753442e-10
19550.04800076804 8.148353852152711e-10
19600.04800076804 1.4128446764246407e-09
19650.04800076804 1.449591266706312e-09
19700.04800076804 1.5907636210338813e-09
19750.04800076804 1.993196032673178e-09
19800.04800076804 2.5646713051742017e-09
19850.04800076804 3.3570605567706075e-09
19900.04800076804 2.9219960188769262e-09
19950.04800076804 4.369477306746009e-09
20000.04800076804 4.6592071967586585e-09
20050.04800076804 4.580513953794897e-09
20100.04800076804 5.589779917049198e-09
20150.04800076804 4.488699797739124e-09
20200.04800076804 4.890948113377768e-09
20250.04800076804 6.639948042657816e-09
20300.04800076804 6.311708005481265e-09
20350.04800076804 7.296954170715672e-09
20400.04800076804 6.400702402302894e-09
20450.04800076804 8.861897556563835e-09
20500.04800076804 8.871554999532433e-09
20550.04800076804 9.023590038798515e-09
20600.04800076804 9.77494277444048e-09
20650.04800076804 9.398446023421779e-09
20700.04800076804 9.75424975356214e-09
20750.04800076804 1.0457377848955341e-08
20800.04800076804 9.490181275053354e-09
20850.04800076804 9.662040804198402e-09
20900.04800076804 9.987315166168228e-09
20950.04800076804 8.773239146166098e-09
21000.04800076804 8.999715574741252e-09
21050.04800076804 8.156712355081007e-09
21100.04800076804 7.676121124236949e-09
21150.04800076804 7.4200303138703566e-09
21200.04800076804 6.9137723778079164e-09
21250.04800076804 6.3083756685885036e-09
21300.04800076804 5.001584837864795e-09
21350.04800076804 5.035827441858974e-09
21400.04800076804 4.560692201533571e-09
21450.04800076804 3.5040371347828506e-09
21500.04800076804 3.6367992519572147e-09
21550.04800076804 3.3194673566551952e-09
21600.04800076804 2.7509454907693457e-09
21650.04800076804 2.233240187219594e-09
21700.04800076804 2.187684339417618e-09
21750.04800076804 2.4916227978639287e-09
21800.04800076804 2.10161555869859e-09
21850.04800076804 1.7823781411148732e-09
21900.04800076804 1.3831270707610479e-09
21950.04800076804 3.1268593777396835e-10
22000.04800076804 9.28175685697142e-11
22050.04800076804 1.321947635914734e-10
22100.04800076804 3.4987429860290676e-10
22150.04800076804 4.2603705863679285e-10
22200.04800076804 3.835064924911053e-10
22250.04800076804 3.549507143360196e-10
22300.04800076804 1.90623411625413e-10
22350.04800076804 2.416598633494378e-10
22400.04800076804 1.1566874794141426e-10
22450.04800076804 1.3947109043456022e-10
22500.04800076804 1.2866563653551592e-10
22550.04800076804 4.55686296335356e-11
22600.04800076804 8.442410195873698e-11
22650.04800076804 1.5814755571218587e-10
22700.04800076804 7.156657949171396e-11
22750.04800076804 7.85546614076438e-11
22800.04800076804 8.919913340681277e-11
22850.04800076804 7.665485603434159e-11
22900.04800076804 3.378877663667876e-11
22950.04800076804 3.036899511486274e-11
23000.04800076804 7.470204307226753e-11
23050.04800076804 8.216424769391029e-11
23100.04800076804 2.383103743458384e-10
23150.04800076804 3.038037694413263e-10
23200.04800076804 3.154000881593636e-11
23250.04800076804 2.8073293455044867e-11
23300.04800076804 5.576775755142765e-11
23350.04800076804 4.212065875630135e-11
23400.04800076804 8.749802890542484e-11
23450.04800076804 5.291105174753168e-11
23500.04800076804 4.3384193866755634e-11
23550.04800076804 9.551417098186803e-11
23600.04800076804 9.782464985296614e-11
23650.04800076804 2.103169347744924e-10
23700.04800076804 5.2319668791849566e-11
23750.04800076804 2.7000958249906037e-11
23800.04800076804 1.1660840635399985e-10
