galfind/configs/Brown_Dwarf_templates/sonora_cholla/logkzz2/31g/650K_31g_logkzz2_resample.dat
# %ECSV 1.0
# ---
# datatype:
# - {name: wav, unit: Angstrom, datatype: float64}
# - {name: flux_nu, unit: erg / (cm2 Hz s), datatype: float64}
# schema: astropy-2.0
wav flux_nu
[from data line 417]
23850.04800076804 2.117301518098366e-10
23900.04800076804 4.539076624543402e-10
23950.04800076804 4.1735057957286054e-10
24000.04800076804 6.0872672720904e-10
24050.04800076804 9.221037775215403e-10
24100.04800076804 7.225621636390759e-10
24150.04800076804 9.171914607842337e-10
24200.04800076804 7.94249092779558e-10
24250.04800076804 4.3585962691766534e-10
24300.04800076804 9.153829568324791e-10
24350.04800076804 6.797219644568761e-10
24400.04800076804 1.2494009556958074e-09
24450.04800076804 1.3256068817090855e-09
24500.04800076804 1.4221212881203026e-09
24550.04800076804 1.921930028508027e-09
24600.04800076804 2.4429957876686593e-09
24650.04800076804 2.5695927778993165e-09
24700.04800076804 2.1245980346097837e-09
24750.04800076804 2.0882578034954896e-09
24800.04800076804 2.332328901362061e-09
24850.04800076804 3.369066483385376e-09
24900.04800076804 1.8115006124533557e-09
24950.04800076804 3.003395636704751e-09
25000.04800076804 3.6741633004182323e-09
25050.04800076804 2.2963727605133085e-09
25100.04800076804 2.916384896933811e-09
25150.04800076804 1.5574514682637474e-09
25200.04800076804 2.5243127353394876e-09
25250.04800076804 1.1394920227941347e-09
25300.04800076804 1.99028579227136e-09
25350.04800076804 7.871276420884266e-10
25400.04800076804 1.955178470290674e-09
25450.04800076804 9.144503107367704e-10
25500.04800076804 7.625732268261104e-10
25550.04800076804 1.4204505670634797e-09
25600.04800076804 3.1055843055720245e-10
25650.04800076804 4.2431907399509886e-10
25700.04800076804 6.632624445963746e-10
25750.04800076804 2.745195105303629e-10
25800.04800076804 9.805828029657e-10
25850.04800076804 2.360176897369874e-10
25900.04800076804 3.770066173509936e-10
25950.04800076804 1.3972015044930174e-10
26000.04800076804 8.465520986092871e-10
26050.04800076804 2.12505818704675e-10
26100.04800076804 7.561133727230202e-10
26150.04800076804 4.378037871856751e-10
26200.04800076804 4.849481501232648e-10
26250.04800076804 1.9050596280165332e-09
26300.04800076804 6.939355711665208e-10
26350.04800076804 2.2892043501987732e-09
26400.04800076804 3.1257450134427333e-09
26450.04800076804 2.9747667829104133e-09
26500.04800076804 3.515144447319774e-09
26550.04800076804 1.2764522477426086e-09
26600.04800076804 1.250005069679934e-09
26650.04800076804 3.6620900575550395e-10
26700.04800076804 1.340837213664563e-10
26750.04800076804 2.3721522871935736e-10
26800.04800076804 4.6141415686668863e-10
26850.04800076804 2.8647738295988207e-10
26900.04800076804 1.1517107151077106e-09
26950.04800076804 4.133094993653982e-10
27000.04800076804 1.5817223223182568e-09
27050.04800076804 1.5628139619201364e-09
27100.04800076804 5.564535577193654e-10
27150.04800076804 2.223722701427899e-09
27200.04800076804 4.49622767059086e-10
27250.04800076804 1.1147617266031378e-09
27300.04800076804 6.05954264984895e-09
27350.04800076804 2.535573055448148e-09
27400.04800076804 2.1033946203922695e-10
27450.04800076804 3.5224992932835544e-09
27500.04800076804 4.261348963545733e-09
27550.04800076804 9.362463670939792e-10
27600.04800076804 2.371585812967837e-09
27650.04800076804 6.973295402486341e-10
27700.04800076804 5.107630784413186e-10
27750.04800076804 2.752035071712993e-09
27800.04800076804 9.831393764400873e-10
27850.04800076804 1.3030399018098359e-09
27900.04800076804 1.7125824869098048e-09
27950.04800076804 3.341502342382332e-09
28000.04800076804 2.9421353417752564e-09
28050.04800076804 6.901988066120593e-10
28100.04800076804 4.523358691091769e-09
28150.04800076804 2.682322963943342e-09
28200.04800076804 6.702825772213852e-10
28250.04800076804 4.848307932673035e-09
28300.04800076804 7.45235552317415e-09
28350.04800076804 1.1991037318144802e-09
28400.04800076804 4.014881962141834e-09
28450.04800076804 6.8037074956312525e-09
28500.04800076804 3.827416719614627e-09
28550.04800076804 8.977312927392816e-10
28600.04800076804 5.420952539527983e-09
28650.04800076804 5.808029208276941e-09
28700.04800076804 4.8347092232941785e-09
28750.04800076804 9.0763447414552e-09
28800.04800076804 6.952166214597514e-09
28850.04800076804 9.315861508820582e-09
28900.04800076804 3.800847811767787e-09
28950.04800076804 1.2028620332273123e-08
29000.04800076804 6.624952707651716e-09
29050.04800076804 8.218743250467712e-09
29100.04800076804 5.152446147844063e-09
29150.04800076804 1.2461503731510322e-08
29200.04800076804 7.975651343040235e-09
29250.04800076804 1.1268493724035581e-08
29300.04800076804 6.868972574366911e-09
29350.04800076804 2.7706927057929656e-08
29400.04800076804 8.530063016927174e-09
29450.04800076804 1.0387960784772377e-08
29500.04800076804 1.4579712687450666e-08
29550.04800076804 9.288900841233434e-09
29600.04800076804 1.609759295639717e-08
29650.04800076804 1.718663085000829e-08
29700.04800076804 8.913241041056621e-09
29750.04800076804 1.3402943378885013e-08
29800.04800076804 1.673651871823435e-08
29850.04800076804 2.071690937960673e-08
29900.04800076804 2.0439653631860948e-08
29950.04800076804 1.473195131741669e-08
30000.04800076804 9.25517966567025e-09
30050.04800076804 1.0407772265873024e-08
30100.04800076804 1.582247695422742e-08
30150.04800076804 1.8746313174751902e-08
30200.04800076804 1.2936135045025991e-08
30250.04800076804 2.384968571123986e-08
30300.04800076804 2.1006700015331516e-08
30350.04800076804 1.5265605424052277e-08
30400.04800076804 2.072153935192674e-08
30450.04800076804 1.577310178977748e-08
30500.04800076804 1.3955232917851307e-08
30550.04800076804 1.2026783438992718e-08
30600.04800076804 1.9143178328601256e-08
30650.04800076804 1.5267952370653074e-08
30700.04800076804 1.1816192569159062e-08
30750.04800076804 1.2834404045261428e-08
30800.04800076804 1.0510084985946516e-08
30850.04800076804 1.2209984925374693e-08
30900.04800076804 1.043469198158301e-08
30950.04800076804 6.818864251025094e-09
31000.04800076804 8.830394349655006e-09
31050.04800076804 7.828419645860811e-09
31100.04800076804 4.893112524074586e-09
31150.04800076804 6.5234751561758e-09
31200.04800076804 7.173366240385595e-09
31250.04800076804 4.944997498556046e-09
31300.04800076804 3.887553631552652e-09
31350.04800076804 5.058804263675832e-09
31400.04800076804 2.3775729044768377e-09
31450.04800076804 4.9424182447385074e-09
31500.04800076804 2.269929806788501e-09
31550.04800076804 3.3397972732548796e-09
31600.04800076804 1.8429244146697816e-09
31650.04800076804 2.046684291372885e-09
31700.04800076804 2.4068579058500916e-09
31750.04800076804 1.0255323736823375e-09
31800.04800076804 2.3785701902025234e-09
31850.04800076804 1.0571328851769426e-09
31900.04800076804 1.6397369242057331e-09
31950.04800076804 1.1217291193633354e-09
32000.04800076804 1.265299290823733e-09
32050.04800076804 7.598432992084843e-10
32100.04800076804 7.341009448910859e-10
32150.04800076804 1.0626164102254337e-09
32200.04800076804 6.145469659276067e-10
32250.04800076804 1.7187842512753076e-09
32300.04800076804 4.6177212016742154e-10
32350.04800076804 1.6015935218303824e-09
32400.04800076804 5.900368691945172e-10
32450.04800076804 1.014040934980223e-09
32500.04800076804 6.914025271978862e-10
32550.04800076804 1.1484167518274563e-09
32600.04800076804 8.277805025603656e-10
32650.04800076804 2.052878203901607e-09
32700.04800076804 1.2372704702381728e-09
32750.04800076804 2.7208112733878012e-09
32800.04800076804 1.4726113884331432e-09
32850.04800076804 3.7466067771174884e-09
32900.04800076804 3.1617312459549735e-09
32950.04800076804 4.291921476123332e-09
33000.04800076804 2.5265358461289173e-09
33050.04800076804 2.8942706869198492e-09
33100.04800076804 9.180501997126624e-10
33150.04800076804 1.27734786352678e-11
33200.04800076804 5.626385491169114e-11
33250.04800076804 4.325323837480253e-11
33300.04800076804 9.800368775331899e-11
33350.04800076804 3.513952658941146e-10
33400.04800076804 8.184140470583895e-10
33450.04800076804 8.386016560495821e-10
33500.04800076804 1.877411194793228e-09
33550.04800076804 1.2660078171062896e-09
33600.04800076804 1.9715648065858508e-09
33650.04800076804 1.4855078436581118e-09
33700.04800076804 1.2229113702876845e-09
33750.04800076804 2.345549201986466e-09
33800.04800076804 8.334790491932333e-10
33850.04800076804 1.6167296987010232e-09
33900.04800076804 1.746892659309176e-09
33950.04800076804 1.6452776677161246e-09
34000.04800076804 2.709700272999857e-09
34050.04800076804 7.025491220657812e-10
34100.04800076804 2.3360977554908083e-09
34150.04800076804 1.387685507504416e-09
34200.04800076804 2.1358333282469754e-09
34250.04800076804 1.4845277178407277e-09
34300.04800076804 1.41967687753169e-09
34350.04800076804 2.385785495155672e-09
34400.04800076804 1.4862618787388425e-09
34450.04800076804 2.8297817171107768e-09
34500.04800076804 1.2519489636497927e-09
34550.04800076804 1.112981314299815e-09
34600.04800076804 3.3275274548787352e-09
34650.04800076804 1.1283865086131064e-09
34700.04800076804 1.6830055800448734e-09
34750.04800076804 1.2593894787901593e-09
34800.04800076804 1.4446730641428765e-09
34850.04800076804 2.4074704053623082e-09
34900.04800076804 2.1528288914096106e-09
34950.04800076804 1.7775111034537778e-09
35000.04800076804 3.73241455042929e-09
35050.04800076804 2.4558814361665624e-09
35100.04800076804 3.980174055846136e-09
35150.04800076804 3.297362090505114e-09
35200.04800076804 5.008980307707632e-09
35250.04800076804 4.700128291965972e-09
35300.04800076804 3.3141539517261814e-09
35350.04800076804 5.078319095706849e-09
35400.04800076804 4.349269036289247e-09
35450.04800076804 3.824661370949661e-09
35500.04800076804 9.770665014890883e-09
35550.04800076804 5.637891185850516e-09
35600.04800076804 7.005435227167597e-09
35650.04800076804 6.936591885532583e-09
35700.04800076804 4.75627966086753e-09
35750.04800076804 1.0961895958100803e-08
35800.04800076804 6.685675631109719e-09
35850.04800076804 4.1556792327393425e-09
35900.04800076804 7.532742591343457e-09
35950.04800076804 6.239429575394735e-09
36000.04800076804 2.70078703453646e-09
36050.04800076804 6.072260376712184e-09
36100.04800076804 5.617930721207976e-09
36150.04800076804 7.048777450752278e-09
36200.04800076804 6.178557583833973e-09
36250.04800076804 8.134147140416585e-09
36300.04800076804 8.523243686103026e-09
36350.04800076804 7.471855502490418e-09
36400.04800076804 1.258457801935458e-08
36450.04800076804 1.0944446026625207e-08
36500.04800076804 1.3206172502129588e-08
36550.04800076804 1.3611666401837052e-08
36600.04800076804 1.628734601490477e-08
36650.04800076804 1.6884561634689226e-08
36700.04800076804 2.1516053307781997e-08
36750.04800076804 2.162646186961574e-08
36800.04800076804 1.7304332112119595e-08
36850.04800076804 1.3665032931798139e-08
36900.04800076804 1.810800170954967e-08
36950.04800076804 1.861392869599493e-08
37000.04800076804 1.750457869399079e-08
37050.04800076804 2.192102277274486e-08
37100.04800076804 2.323330531870144e-08
37150.04800076804 2.227821886314347e-08
37200.04800076804 1.638054788056129e-08
37250.04800076804 1.622130643708079e-08
37300.04800076804 1.585833701273632e-08
37350.04800076804 2.404321480859597e-08
37400.04800076804 2.4173911657064123e-08
37450.04800076804 2.084180024115855e-08
37500.04800076804 1.8873155990679812e-08
37550.04800076804 3.0302149461112865e-08
37600.04800076804 3.8021056103343285e-08
37650.04800076804 2.4455785099908444e-08
37700.04800076804 2.845329249341103e-08
37750.04800076804 1.8450341409887653e-08
37800.04800076804 2.1956762212525324e-08
37850.04800076804 1.825284590818054e-08
37900.04800076804 2.2970474582310182e-08
37950.04800076804 2.904185223370585e-08
38000.04800076804 3.688656529240488e-08
38050.04800076804 3.6265120262387314e-08
38100.04800076804 3.6306078302518525e-08
38150.04800076804 4.265637618859147e-08
38200.04800076804 4.1014320619173635e-08
38250.04800076804 4.330892099777272e-08
38300.04800076804 6.604564925420444e-08
38350.04800076804 5.9218670132890876e-08
38400.04800076804 3.2024854350438524e-08
38450.04800076804 3.032805055423267e-08
38500.04800076804 1.5812371717232204e-08
38550.04800076804 2.5955518260711083e-08
38600.04800076804 3.426849672724985e-08
38650.04800076804 5.016158956693894e-08
38700.04800076804 3.8173806708193334e-08
38750.04800076804 4.236198252021862e-08
38800.04800076804 3.312873238920892e-08
38850.04800076804 5.6084832538268753e-08
38900.04800076804 5.50305865431819e-08
38950.04800076804 4.236976835297368e-08
39000.04800076804 6.53503416769616e-08
39050.04800076804 4.6800241093669935e-08
39100.04800076804 6.437706856483478e-08
39150.04800076804 5.221070865762671e-08
39200.04800076804 4.22352721391033e-08
39250.04800076804 6.075074276699027e-08
39300.04800076804 5.9518310059145204e-08
39350.04800076804 9.242376025962661e-08
39400.04800076804 6.639659687193609e-08
39450.04800076804 7.114310859285578e-08
39500.04800076804 6.586160397884738e-08
39550.04800076804 5.898046468427069e-08
39600.04800076804 7.917041297409874e-08
39650.04800076804 9.764493430236156e-08
39700.04800076804 6.298374766537721e-08
39750.04800076804 4.627942540436648e-08
39800.04800076804 5.963855452750376e-08
39850.04800076804 8.169968540078517e-08
39900.04800076804 8.818680807466744e-08
39950.04800076804 8.134776390717469e-08
40000.04800076804 1.034511832005867e-07
40050.04800076804 8.756867875546001e-08
40100.04800076804 5.219661178830034e-08
40150.04800076804 1.0922415998754882e-07
40200.04800076804 1.0633342973334208e-07
40250.04800076804 9.2632057056675e-08
40300.04800076804 1.1630411539137995e-07
40350.04800076804 7.300729138764583e-08
40400.04800076804 1.0264225823842122e-07
40450.04800076804 8.728203801992504e-08
40500.04800076804 1.2968846863304952e-07
40550.04800076804 1.1332073091290385e-07
40600.04800076804 1.0627455076045211e-07
40650.04800076804 1.0689380185757258e-07
40700.04800076804 1.5655984044634337e-07
40750.04800076804 1.40576720570931e-07
40800.04800076804 9.54993521647981e-08
40850.04800076804 1.630545107940988e-07
40900.04800076804 1.1988512262124052e-07
40950.04800076804 1.0464093256822384e-07
41000.04800076804 1.333479127160625e-07
41050.04800076804 1.6589119672248491e-07
41100.04800076804 9.04968159530758e-08
41150.04800076804 8.288259574807582e-08
41200.04800076804 1.7666882695412222e-07
41250.04800076804 1.3476769350364204e-07
41300.04800076804 1.216484497980741e-07
41350.04800076804 1.818057708163543e-07
41400.04800076804 1.4583516491083387e-07
41450.04800076804 1.691452305706677e-07
41500.04800076804 1.2116999125940385e-07
41550.04800076804 1.196976633558881e-07
41600.04800076804 1.6961771751493696e-07
41650.04800076804 1.5574824038689026e-07
41700.04800076804 1.4546339946536782e-07
41750.04800076804 1.3170676067697994e-07
41800.04800076804 1.8050593609138257e-07
41850.04800076804 1.1842909505109879e-07
41900.04800076804 1.308551871282992e-07
41950.04800076804 1.4334606422722256e-07
42000.04800076804 1.7320042427606103e-07
42050.04800076804 1.5929518505430803e-07
42100.04800076804 1.8368761866920393e-07
42150.04800076804 1.4444569023532485e-07
42200.04800076804 1.687179996209133e-07
42250.04800076804 1.3410986364560026e-07
42300.04800076804 1.5140367368965672e-07
42350.04800076804 1.7039901242104505e-07
42400.04800076804 1.5228468000468546e-07
42450.04800076804 1.6608860990183927e-07
42500.04800076804 1.4635427050753345e-07
42550.04800076804 1.5111850600117544e-07
42600.04800076804 1.3951998972163402e-07
42650.04800076804 2.2979058892117934e-07
42700.04800076804 1.2951124373401073e-07
42750.04800076804 1.4004221335307736e-07
42800.04800076804 1.3333080974080963e-07
42850.04800076804 1.592843191320125e-07
42900.04800076804 1.8302835661242818e-07
42950.04800076804 1.524806879810008e-07
43000.04800076804 2.0176711295725125e-07
43050.04800076804 1.0122846386929763e-07
43100.04800076804 1.3165592502227698e-07
43150.04800076804 1.654209156915824e-07
43200.04800076804 1.9069015616017346e-07
43250.04800076804 2.1770559585997253e-07
43300.04800076804 2.3375902709973126e-07
43350.04800076804 1.404833888227984e-07
43400.04800076804 1.8194462167460812e-07
43450.04800076804 1.142026726934917e-07
43500.04800076804 1.1846259338949612e-07
43550.04800076804 1.463495676996488e-07
43600.04800076804 1.933205824866791e-07
