galfind/configs/Brown_Dwarf_templates/sonora_cholla/logkzz2/31g/700K_31g_logkzz2_resample.dat
# %ECSV 1.0
# ---
# datatype:
# - {name: wav, unit: Angstrom, datatype: float64}
# - {name: flux_nu, unit: erg / (cm2 Hz s), datatype: float64}
# schema: astropy-2.0
wav flux_nu
[from data line 417]
23850.04800076804 4.3097883747319783e-10
23900.04800076804 9.160231868294092e-10
23950.04800076804 8.887914513541527e-10
24000.04800076804 1.2156226686914922e-09
24050.04800076804 1.850740274735631e-09
24100.04800076804 1.4159997123463086e-09
24150.04800076804 1.75159464517324e-09
24200.04800076804 1.5313431595243406e-09
24250.04800076804 8.995178684766742e-10
24300.04800076804 1.7336025534673735e-09
24350.04800076804 1.3234932824860205e-09
24400.04800076804 2.371705002101442e-09
24450.04800076804 2.381332809371542e-09
24500.04800076804 2.6494742899546778e-09
24550.04800076804 3.3533729422737043e-09
24600.04800076804 4.219930223338171e-09
24650.04800076804 4.450087114154558e-09
24700.04800076804 3.693409980353185e-09
24750.04800076804 3.481960796459837e-09
24800.04800076804 4.06903366807443e-09
24850.04800076804 5.7914992569396324e-09
24900.04800076804 3.2399782592861935e-09
24950.04800076804 5.171937353192425e-09
25000.04800076804 6.3465817361274015e-09
25050.04800076804 4.083232457989141e-09
25100.04800076804 5.104372741787537e-09
25150.04800076804 2.864101034134939e-09
25200.04800076804 4.579166235762327e-09
25250.04800076804 2.174252943745306e-09
25300.04800076804 3.847636098153416e-09
25350.04800076804 1.5506485151259208e-09
25400.04800076804 3.697181127327845e-09
25450.04800076804 1.8640985537977183e-09
25500.04800076804 1.6222749689955265e-09
25550.04800076804 2.7705546770737616e-09
25600.04800076804 7.066319321676734e-10
25650.04800076804 9.386122877687545e-10
25700.04800076804 1.5868797447263062e-09
25750.04800076804 6.735371902401058e-10
25800.04800076804 2.087671924965653e-09
25850.04800076804 5.919236398156307e-10
25900.04800076804 8.996066441324164e-10
25950.04800076804 3.8977505860184674e-10
26000.04800076804 1.8827125440252963e-09
26050.04800076804 5.824143536926831e-10
26100.04800076804 1.7424350735233365e-09
26150.04800076804 1.091032280313411e-09
26200.04800076804 1.253691510567244e-09
26250.04800076804 3.8346273593651325e-09
26300.04800076804 1.6305922554788965e-09
26350.04800076804 4.529718007574789e-09
26400.04800076804 5.826933573681568e-09
26450.04800076804 5.863221032210341e-09
26500.04800076804 6.231342834676957e-09
26550.04800076804 2.8584514343124004e-09
26600.04800076804 2.8268683970019497e-09
26650.04800076804 9.584673692002877e-10
26700.04800076804 3.813524056090136e-10
26750.04800076804 5.950680347878633e-10
26800.04800076804 1.1148708954218582e-09
26850.04800076804 6.601985211944231e-10
26900.04800076804 2.3886107830812154e-09
26950.04800076804 9.305877168948665e-10
27000.04800076804 3.2227420868193176e-09
27050.04800076804 3.087049746697547e-09
27100.04800076804 1.3274910007222729e-09
27150.04800076804 4.47108909266242e-09
27200.04800076804 1.101702929226912e-09
27250.04800076804 2.4235779165094834e-09
27300.04800076804 1.1145516613545594e-08
27350.04800076804 5.162525819672892e-09
27400.04800076804 5.432418591055274e-10
27450.04800076804 7.0827477624006635e-09
27500.04800076804 8.134950506095433e-09
27550.04800076804 2.177683403360171e-09
27600.04800076804 5.121668236199492e-09
27650.04800076804 1.6055473453896556e-09
27700.04800076804 1.1733234857898427e-09
27750.04800076804 5.669772290495101e-09
27800.04800076804 2.144559842242607e-09
27850.04800076804 2.7243824971767255e-09
27900.04800076804 3.6010433018650276e-09
27950.04800076804 6.2481774424728254e-09
28000.04800076804 5.806642943305793e-09
28050.04800076804 1.5112744693732634e-09
28100.04800076804 8.570729506796719e-09
28150.04800076804 5.152404036799678e-09
28200.04800076804 1.395639752325085e-09
28250.04800076804 9.073842878401954e-09
28300.04800076804 1.3815805201451012e-08
28350.04800076804 2.3984808837025245e-09
28400.04800076804 7.448248998542166e-09
28450.04800076804 1.158394058742658e-08
28500.04800076804 7.108288078854762e-09
28550.04800076804 1.7544195326360083e-09
28600.04800076804 9.770913098201533e-09
28650.04800076804 1.0325627380777068e-08
28700.04800076804 8.581929077207236e-09
28750.04800076804 1.5186185391140665e-08
28800.04800076804 1.1794807049708208e-08
28850.04800076804 1.606684842789201e-08
28900.04800076804 6.4314113935198185e-09
28950.04800076804 1.9459786881017687e-08
29000.04800076804 1.105681164519232e-08
29050.04800076804 1.383214016799798e-08
29100.04800076804 8.143973161948098e-09
29150.04800076804 2.0522034351592637e-08
29200.04800076804 1.2901718246292663e-08
29250.04800076804 1.870180690101718e-08
29300.04800076804 1.1265006181414111e-08
29350.04800076804 4.2654664004867825e-08
29400.04800076804 1.5392904887481977e-08
29450.04800076804 1.7889537304074708e-08
29500.04800076804 2.3206519539596075e-08
29550.04800076804 1.5566435311507197e-08
29600.04800076804 2.5916749057659266e-08
29650.04800076804 2.6249850413051433e-08
29700.04800076804 1.5268643851996237e-08
29750.04800076804 2.1502839414278437e-08
29800.04800076804 2.7380469961916494e-08
29850.04800076804 3.207460877632975e-08
29900.04800076804 3.093169734055685e-08
29950.04800076804 2.2611937772087923e-08
30000.04800076804 1.7677789653990086e-08
30050.04800076804 1.783470245216654e-08
30100.04800076804 2.5390875153414487e-08
30150.04800076804 2.9699183930031994e-08
30200.04800076804 2.1108626168160327e-08
30250.04800076804 3.527008434735607e-08
30300.04800076804 3.066307400504364e-08
30350.04800076804 2.3577393275947138e-08
30400.04800076804 3.048454951987704e-08
30450.04800076804 2.3227341170529215e-08
30500.04800076804 2.1100890030549073e-08
30550.04800076804 1.9133416491951578e-08
30600.04800076804 2.714017200199319e-08
30650.04800076804 2.2271698674495104e-08
30700.04800076804 1.7813555347392094e-08
30750.04800076804 1.8049279195363558e-08
30800.04800076804 1.592147720926163e-08
30850.04800076804 1.7240324130640844e-08
30900.04800076804 1.5129989235293597e-08
30950.04800076804 1.0490757103713488e-08
31000.04800076804 1.2722665000931521e-08
31050.04800076804 1.1638890080268454e-08
31100.04800076804 7.320301654303787e-09
31150.04800076804 9.778925118153251e-09
31200.04800076804 1.0205761603160185e-08
31250.04800076804 7.196757665800584e-09
31300.04800076804 5.993559824782712e-09
31350.04800076804 7.271071949776003e-09
31400.04800076804 3.5250211094100495e-09
31450.04800076804 7.314773315643317e-09
31500.04800076804 3.522716283809671e-09
31550.04800076804 5.307458017208367e-09
31600.04800076804 2.9353060563762223e-09
31650.04800076804 3.27486735187871e-09
31700.04800076804 3.792752288788624e-09
31750.04800076804 1.7852093288651028e-09
31800.04800076804 3.7516227614021115e-09
31850.04800076804 2.0421773164773084e-09
31900.04800076804 2.6739202444635804e-09
31950.04800076804 1.981253444044266e-09
32000.04800076804 2.3075819744373147e-09
32050.04800076804 1.3206112958834737e-09
32100.04800076804 1.3516811272629854e-09
32150.04800076804 1.9084263866531582e-09
32200.04800076804 1.1678726197888188e-09
32250.04800076804 2.97912666367548e-09
32300.04800076804 8.719614372224667e-10
32350.04800076804 2.8123761675372487e-09
32400.04800076804 1.2242738493569555e-09
32450.04800076804 1.895656672011284e-09
32500.04800076804 1.339944867801929e-09
32550.04800076804 2.106042969399278e-09
32600.04800076804 1.736910380932055e-09
32650.04800076804 3.626525036062399e-09
32700.04800076804 2.379299202384152e-09
32750.04800076804 4.5179598506817796e-09
32800.04800076804 2.5329806624828307e-09
32850.04800076804 5.89559616503542e-09
32900.04800076804 5.181964395643287e-09
32950.04800076804 6.787672414386532e-09
33000.04800076804 4.403509170626989e-09
33050.04800076804 4.927785894092787e-09
33100.04800076804 1.6149913177943594e-09
33150.04800076804 4.9268418844329126e-11
33200.04800076804 1.44337456910774e-10
33250.04800076804 8.928237404323354e-11
33300.04800076804 1.7024152234872775e-10
33350.04800076804 5.679554899898962e-10
33400.04800076804 1.2266310127906814e-09
33450.04800076804 1.4512203188557444e-09
33500.04800076804 2.785147804848659e-09
33550.04800076804 2.1171997172827523e-09
33600.04800076804 3.4057238903274736e-09
33650.04800076804 2.6375356865799746e-09
33700.04800076804 2.2586219416085075e-09
33750.04800076804 3.897087596921812e-09
33800.04800076804 1.682055582285448e-09
33850.04800076804 2.8724221659234685e-09
33900.04800076804 3.005595347768569e-09
33950.04800076804 2.931306089806542e-09
34000.04800076804 4.5634100503137365e-09
34050.04800076804 1.3172030712615373e-09
34100.04800076804 3.9676454951635054e-09
34150.04800076804 2.516711667262349e-09
34200.04800076804 3.6642277572048353e-09
34250.04800076804 2.5372925793743987e-09
34300.04800076804 2.382937706214094e-09
34350.04800076804 3.7820257984857015e-09
34400.04800076804 2.6246482283770156e-09
34450.04800076804 4.64678420098334e-09
34500.04800076804 2.2327760562045947e-09
34550.04800076804 1.9480254474420694e-09
34600.04800076804 5.213068968548659e-09
34650.04800076804 2.0520223617167797e-09
34700.04800076804 2.8017491643138835e-09
34750.04800076804 2.1256081975713563e-09
34800.04800076804 2.3234339516836667e-09
34850.04800076804 3.708546766224624e-09
34900.04800076804 3.7402510659757136e-09
34950.04800076804 2.9343964580149403e-09
35000.04800076804 5.503707640779032e-09
35050.04800076804 3.886881076106497e-09
35100.04800076804 6.008234817310585e-09
35150.04800076804 5.138823396184635e-09
35200.04800076804 7.823076415223167e-09
35250.04800076804 6.955741880030394e-09
35300.04800076804 5.069706123275502e-09
35350.04800076804 7.748330479496643e-09
35400.04800076804 6.948963986090892e-09
35450.04800076804 6.2503821279465e-09
35500.04800076804 1.3983127933875704e-08
35550.04800076804 8.688704839181059e-09
35600.04800076804 1.0408636604381724e-08
35650.04800076804 1.00952162450417e-08
35700.04800076804 7.000581463170485e-09
35750.04800076804 1.6007725301570727e-08
35800.04800076804 1.0237818546483053e-08
35850.04800076804 6.581789334674993e-09
35900.04800076804 1.1789937427284051e-08
35950.04800076804 9.879997428419023e-09
36000.04800076804 4.502611497117686e-09
36050.04800076804 9.549561109491279e-09
36100.04800076804 9.232155800369422e-09
36150.04800076804 1.0253876802944138e-08
36200.04800076804 9.208515930240558e-09
36250.04800076804 1.2430247171491227e-08
36300.04800076804 1.2492273291626449e-08
36350.04800076804 1.157615665107727e-08
36400.04800076804 1.840283069632826e-08
36450.04800076804 1.6563143372822353e-08
36500.04800076804 1.969938695155808e-08
36550.04800076804 1.895363141874429e-08
36600.04800076804 2.355594884099482e-08
36650.04800076804 2.4364418275446356e-08
36700.04800076804 3.108736327928252e-08
36750.04800076804 3.0841298445832986e-08
36800.04800076804 2.511865331353126e-08
36850.04800076804 2.1220133765682815e-08
36900.04800076804 2.6682951773942285e-08
36950.04800076804 2.7207741588332156e-08
37000.04800076804 2.637614563181536e-08
37050.04800076804 3.111281990678676e-08
37100.04800076804 3.432809371693442e-08
37150.04800076804 3.3120159696303715e-08
37200.04800076804 2.444913941742667e-08
37250.04800076804 2.4362121084875658e-08
37300.04800076804 2.4007761470670833e-08
37350.04800076804 3.4924170304431645e-08
37400.04800076804 3.4917718770441546e-08
37450.04800076804 3.288345050994018e-08
37500.04800076804 2.6824533338521906e-08
37550.04800076804 4.34607744921431e-08
37600.04800076804 5.287661239258659e-08
37650.04800076804 3.5550315966796016e-08
37700.04800076804 3.966160054150909e-08
37750.04800076804 2.707445491418621e-08
37800.04800076804 3.177475889741952e-08
37850.04800076804 2.8062331877665285e-08
37900.04800076804 3.359672371755554e-08
37950.04800076804 4.115843320635219e-08
38000.04800076804 5.3095249957048005e-08
38050.04800076804 4.928902539293683e-08
38100.04800076804 4.983803162361832e-08
38150.04800076804 5.9369487183943396e-08
38200.04800076804 5.7546744144395166e-08
38250.04800076804 6.054930834497508e-08
38300.04800076804 8.741670072918761e-08
38350.04800076804 8.078692149897668e-08
38400.04800076804 4.6016168167862475e-08
38450.04800076804 4.494881281989525e-08
38500.04800076804 2.5611664371622603e-08
38550.04800076804 3.8073664434063866e-08
38600.04800076804 4.928906680360663e-08
38650.04800076804 7.281612618702504e-08
38700.04800076804 5.5315519657293656e-08
38750.04800076804 5.976528208023407e-08
38800.04800076804 4.7828677162312606e-08
38850.04800076804 7.796316791531163e-08
38900.04800076804 7.675320807075395e-08
38950.04800076804 6.079536143092593e-08
39000.04800076804 9.010580785965864e-08
39050.04800076804 6.633046599369472e-08
39100.04800076804 8.875806080882418e-08
39150.04800076804 7.257778651897962e-08
39200.04800076804 6.06865885052865e-08
39250.04800076804 8.448504961732137e-08
39300.04800076804 8.353667285020906e-08
39350.04800076804 1.23362149232062e-07
39400.04800076804 9.400453701821807e-08
39450.04800076804 9.934402925325304e-08
39500.04800076804 8.876239436927109e-08
39550.04800076804 8.234499360333553e-08
39600.04800076804 1.0613426641749078e-07
39650.04800076804 1.3066531802659768e-07
39700.04800076804 8.763643140914842e-08
39750.04800076804 6.486291859013062e-08
39800.04800076804 8.462739251922114e-08
39850.04800076804 1.0945966883569544e-07
39900.04800076804 1.1593488166853056e-07
39950.04800076804 1.1272401993618384e-07
40000.04800076804 1.3838752740971101e-07
40050.04800076804 1.1856824926014614e-07
40100.04800076804 7.467668925540825e-08
40150.04800076804 1.48322939296422e-07
40200.04800076804 1.4247913097305664e-07
40250.04800076804 1.2274025885517157e-07
40300.04800076804 1.531615251609747e-07
40350.04800076804 1.0235877243449187e-07
40400.04800076804 1.3676775723833804e-07
40450.04800076804 1.236210095791161e-07
40500.04800076804 1.6787273182225865e-07
40550.04800076804 1.4908298159358128e-07
40600.04800076804 1.4365914395866243e-07
40650.04800076804 1.4563288950037054e-07
40700.04800076804 2.0117899439000407e-07
40750.04800076804 1.8776683460685424e-07
40800.04800076804 1.3039026779716566e-07
40850.04800076804 2.0752951464286533e-07
40900.04800076804 1.5505072868633758e-07
40950.04800076804 1.411833521317857e-07
41000.04800076804 1.7491097962184453e-07
41050.04800076804 2.121081253128536e-07
41100.04800076804 1.1979611665976137e-07
41150.04800076804 1.1671344644854279e-07
41200.04800076804 2.2614285654700675e-07
41250.04800076804 1.785917204977733e-07
41300.04800076804 1.5775626870331546e-07
41350.04800076804 2.3087417052252958e-07
41400.04800076804 1.9133126733642314e-07
41450.04800076804 2.167359287008759e-07
41500.04800076804 1.59460369603036e-07
41550.04800076804 1.602120433258983e-07
41600.04800076804 2.2346120804080423e-07
41650.04800076804 1.9690082629022748e-07
41700.04800076804 1.864665799069853e-07
41750.04800076804 1.6979474302697095e-07
41800.04800076804 2.3116815158778815e-07
41850.04800076804 1.5040197112062697e-07
41900.04800076804 1.738184684803912e-07
41950.04800076804 1.8347173224069923e-07
42000.04800076804 2.1981333320302678e-07
42050.04800076804 2.0320547424623208e-07
42100.04800076804 2.318759854056913e-07
42150.04800076804 1.8188579465681157e-07
42200.04800076804 2.134754618913024e-07
42250.04800076804 1.7462402007200956e-07
42300.04800076804 1.962354469296242e-07
42350.04800076804 2.1479242575824985e-07
42400.04800076804 1.8055002770719655e-07
42450.04800076804 2.0050362295330277e-07
42500.04800076804 1.8146888595297692e-07
42550.04800076804 1.8677217103175303e-07
42600.04800076804 1.7430166921453922e-07
42650.04800076804 2.775604838307627e-07
42700.04800076804 1.6780080799662296e-07
42750.04800076804 1.7561518398923964e-07
42800.04800076804 1.5937660193168195e-07
42850.04800076804 1.9403560940351325e-07
42900.04800076804 2.2232381116400805e-07
42950.04800076804 1.8335549656675466e-07
43000.04800076804 2.4715680157452835e-07
43050.04800076804 1.3112861799286507e-07
43100.04800076804 1.6820328459024836e-07
43150.04800076804 2.1071907902649235e-07
43200.04800076804 2.341503964563684e-07
43250.04800076804 2.560545303225118e-07
43300.04800076804 2.82981615569263e-07
43350.04800076804 1.7666264730777595e-07
43400.04800076804 2.2559928761390731e-07
43450.04800076804 1.4537010666312444e-07
43500.04800076804 1.478939603353463e-07
43550.04800076804 1.7668304250386664e-07
