galfind/configs/Brown_Dwarf_templates/sonora_cholla/logkzz2/31g/700K_31g_logkzz2_resample.dat
# %ECSV 1.0
# ---
# datatype:
# - {name: wav, unit: Angstrom, datatype: float64}
# - {name: flux_nu, unit: erg / (cm2 Hz s), datatype: float64}
# schema: astropy-2.0
wav flux_nu
3000.0480007680403 nan
3050.0480007680403 0.0
3100.0480007680403 0.0
3150.0480007680403 0.0
3200.0480007680403 0.0
3250.0480007680403 0.0
3300.0480007680403 0.0
3350.0480007680403 0.0
3400.0480007680403 0.0
3450.0480007680403 0.0
3500.0480007680403 0.0
3550.0480007680403 0.0
3600.0480007680403 0.0
3650.0480007680403 0.0
3700.0480007680403 0.0
3750.0480007680403 0.0
3800.0480007680403 0.0
3850.0480007680403 0.0
3900.0480007680403 0.0
3950.0480007680403 0.0
4000.0480007680403 0.0
4050.0480007680403 0.0
4100.04800076804 0.0
4150.04800076804 0.0
4200.04800076804 0.0
4250.04800076804 0.0
4300.04800076804 0.0
4350.04800076804 0.0
4400.04800076804 0.0
4450.04800076804 0.0
4500.04800076804 0.0
4550.04800076804 0.0
4600.04800076804 0.0
4650.04800076804 0.0
4700.04800076804 0.0
4750.04800076804 0.0
4800.04800076804 0.0
4850.04800076804 0.0
4900.04800076804 0.0
4950.04800076804 0.0
5000.04800076804 2.005090040576282e-12
5050.04800076804 5.5440083686216715e-12
5100.04800076804 6.6182106925149056e-12
5150.04800076804 7.900246147776913e-12
5200.04800076804 9.394880060969653e-12
5250.04800076804 1.1068628659166342e-11
5300.04800076804 1.2951395146442807e-11
5350.04800076804 1.507049214343288e-11
5400.04800076804 1.7340128288837994e-11
5450.04800076804 1.992840277556563e-11
5500.04800076804 2.2813644515943932e-11
5550.04800076804 2.594770003814807e-11
5600.04800076804 2.9184475671330125e-11
5650.04800076804 3.227289744173617e-11
5700.04800076804 3.4415736944216526e-11
5750.04800076804 3.6148015399869794e-11
5800.04800076804 3.5113130267628574e-11
5850.04800076804 2.923575486878582e-11
5900.04800076804 9.151056572640944e-12
5950.04800076804 1.6316138435903986e-11
6000.04800076804 5.0062118840666966e-11
6050.04800076804 7.695610910171228e-11
6100.04800076804 1.0200757774708925e-10
6150.04800076804 1.2571760679875148e-10
6200.04800076804 1.4907738370422475e-10
6250.04800076804 1.7147705679886288e-10
6300.04800076804 1.9687106379896332e-10
6350.04800076804 2.236508106677901e-10
6400.04800076804 2.513351357981187e-10
6450.04800076804 2.677252538401085e-10
6500.04800076804 2.9997367101286794e-10
6550.04800076804 3.389669215760713e-10
6600.04800076804 3.8238854757010335e-10
6650.04800076804 4.303786149326349e-10
6700.04800076804 4.854352772823026e-10
6750.04800076804 5.423197986414787e-10
6800.04800076804 6.010560259028094e-10
6850.04800076804 6.643148068216221e-10
6900.04800076804 6.851213110643516e-10
6950.04800076804 6.965619033807424e-10
7000.04800076804 7.985943008764377e-10
7050.04800076804 8.354825850178832e-10
7100.04800076804 8.967487920697634e-10
7150.04800076804 7.928013395718553e-10
7200.04800076804 7.71899036091225e-10
7250.04800076804 8.927317500169669e-10
7300.04800076804 9.62267546157776e-10
7350.04800076804 1.0932743094860157e-09
7400.04800076804 1.2133380137214129e-09
7450.04800076804 1.4174989279000598e-09
7500.04800076804 1.5844839779249048e-09
7550.04800076804 1.7740064878566055e-09
7600.04800076804 1.9662871697356143e-09
7650.04800076804 2.1182982558880845e-09
7700.04800076804 1.5007880214136118e-09
7750.04800076804 7.693620396622633e-10
7800.04800076804 2.403430836403073e-09
7850.04800076804 2.7238921853158125e-09
7900.04800076804 3.0145878985389593e-09
7950.04800076804 3.2674110651476675e-09
8000.04800076804 3.3612814731482655e-09
8050.04800076804 3.4598468209932335e-09
8100.04800076804 2.8403876182462337e-09
8150.04800076804 2.7912919442782705e-09
8200.04800076804 3.4489189963576886e-09
8250.04800076804 3.5266337611596887e-09
8300.04800076804 3.865957963019263e-09
8350.04800076804 3.734090197724196e-09
8400.04800076804 3.936045368158044e-09
8450.04800076804 4.393169447380513e-09
8500.04800076804 4.9069750106784e-09
8550.04800076804 5.457952311048719e-09
8600.04800076804 6.026441034493794e-09
8650.04800076804 6.504494938039178e-09
8700.04800076804 6.595597730546455e-09
8750.04800076804 6.978633924648765e-09
8800.04800076804 6.960828022284171e-09
8850.04800076804 5.7816776238798886e-09
8900.04800076804 2.272438196599704e-09
8950.04800076804 2.832477814458977e-09
9000.04800076804 2.0680832485003347e-09
9050.04800076804 4.566772599225601e-09
9100.04800076804 5.211353838809245e-09
9150.04800076804 5.0548191454938284e-09
9200.04800076804 6.80724814372871e-09
9250.04800076804 6.357579508920601e-09
9300.04800076804 1.7216481057715164e-09
9350.04800076804 1.875852974500251e-09
9400.04800076804 2.821671472702552e-09
9450.04800076804 3.5366091409836085e-09
9500.04800076804 3.1618129147434654e-09
9550.04800076804 3.7883486840171724e-09
9600.04800076804 3.3354810158830044e-09
9650.04800076804 4.085471572254911e-09
9700.04800076804 5.410969417469016e-09
9750.04800076804 5.193665537803412e-09
9800.04800076804 6.142901937267284e-09
9850.04800076804 6.762719071593605e-09
9900.04800076804 8.507395318032274e-09
9950.04800076804 8.250659144712384e-09
10000.04800076804 1.032228576000752e-08
10050.04800076804 1.1079337501677437e-08
10100.04800076804 1.406581660731207e-08
10150.04800076804 1.6685494441891797e-08
10200.04800076804 2.031060791312074e-08
10250.04800076804 2.3411853708758886e-08
10300.04800076804 2.6755303795613545e-08
10350.04800076804 3.180538926516429e-08
10400.04800076804 3.8489115401806955e-08
10450.04800076804 4.257720502222596e-08
10500.04800076804 4.680710029072632e-08
10550.04800076804 5.1621947582100024e-08
10600.04800076804 5.363697272579279e-08
10650.04800076804 5.72827536934074e-08
10700.04800076804 5.8574503931919225e-08
10750.04800076804 6.041509237612358e-08
10800.04800076804 5.748221835193174e-08
10850.04800076804 5.398277311693862e-08
10900.04800076804 3.755869179811827e-08
10950.04800076804 1.9110028861296694e-08
11000.04800076804 1.3724935339171573e-08
11050.04800076804 9.196320198255208e-09
11100.04800076804 5.8529517858390905e-09
11150.04800076804 2.8236966313395116e-09
11200.04800076804 1.961323401830064e-09
11250.04800076804 2.4305383475773994e-09
11300.04800076804 3.2736633052276395e-09
11350.04800076804 1.1954576103143611e-09
11400.04800076804 2.5780879145942498e-09
11450.04800076804 1.986057130702874e-09
11500.04800076804 1.2870427974286472e-09
11550.04800076804 3.6397989716882534e-10
11600.04800076804 4.03290898913587e-10
11650.04800076804 1.1101001984777697e-09
11700.04800076804 1.2307247479552634e-09
11750.04800076804 2.032305583902189e-10
11800.04800076804 1.3855679136400228e-09
11850.04800076804 3.0445708741629774e-09
11900.04800076804 3.4845625608841097e-09
11950.04800076804 5.708013272665785e-09
12000.04800076804 1.0192021591176477e-08
12050.04800076804 1.629598309082194e-08
12100.04800076804 2.5982205335939246e-08
12150.04800076804 3.582207835412855e-08
12200.04800076804 4.711557806309319e-08
12250.04800076804 6.345362508490982e-08
12300.04800076804 7.948188954737286e-08
12350.04800076804 8.533237059059436e-08
12400.04800076804 1.0945127463118224e-07
12450.04800076804 1.382791742400032e-07
12500.04800076804 1.534017155189067e-07
12550.04800076804 1.6735927320631684e-07
12600.04800076804 1.6198303313455996e-07
12650.04800076804 1.5616438714375462e-07
12700.04800076804 1.5509690716643672e-07
12750.04800076804 1.4834270475294975e-07
12800.04800076804 1.4223764132732434e-07
12850.04800076804 1.1095811224492371e-07
12900.04800076804 8.753043302170104e-08
12950.04800076804 8.090761827425973e-08
13000.04800076804 6.86235873276809e-08
13050.04800076804 5.1807740885511324e-08
13100.04800076804 4.2031888944641735e-08
13150.04800076804 2.8763983197987152e-08
13200.04800076804 2.4516479948595642e-08
13250.04800076804 1.657669221469312e-08
13300.04800076804 6.197900855780882e-09
13350.04800076804 1.8277571318132983e-09
13400.04800076804 1.230885355070262e-09
13450.04800076804 4.934836541043412e-10
13500.04800076804 2.4422170410791363e-10
13550.04800076804 1.5336662309302228e-10
13600.04800076804 4.2893122734818226e-11
13650.04800076804 2.195241826784328e-10
13700.04800076804 1.624219834027184e-10
13750.04800076804 1.6523874226661443e-10
13800.04800076804 1.473633718064195e-10
13850.04800076804 1.292473047063938e-10
13900.04800076804 1.4130400904566856e-10
13950.04800076804 1.0866094503138419e-10
14000.04800076804 1.1480034774179405e-10
14050.04800076804 1.7803750639690923e-10
14100.04800076804 1.9766986649620602e-10
14150.04800076804 3.4754001314439296e-10
14200.04800076804 2.362189956113215e-10
14250.04800076804 3.1213060914682406e-10
14300.04800076804 6.393196036508523e-10
14350.04800076804 6.625065895937718e-10
14400.04800076804 7.895095780776927e-10
14450.04800076804 9.438233628945025e-10
14500.04800076804 2.1476989361672005e-09
14550.04800076804 2.2933906175507326e-09
14600.04800076804 3.413825239943826e-09
14650.04800076804 3.808341527479834e-09
14700.04800076804 2.4814083170420716e-09
14750.04800076804 3.808034489302116e-09
14800.04800076804 5.191158734354854e-09
14850.04800076804 5.547387942157649e-09
14900.04800076804 6.608960816285638e-09
14950.04800076804 8.61993530375282e-09
15000.04800076804 9.79573682678669e-09
15050.04800076804 1.1450312665036563e-08
15100.04800076804 1.4251655977428991e-08
15150.04800076804 1.511384103880065e-08
15200.04800076804 1.4159430183747141e-08
15250.04800076804 2.0267124607793053e-08
15300.04800076804 2.4500057135573588e-08
15350.04800076804 3.138646577749934e-08
15400.04800076804 3.541949190101454e-08
15450.04800076804 3.975122774940867e-08
15500.04800076804 4.192849747868813e-08
15550.04800076804 5.018253874003156e-08
15600.04800076804 5.506021751409623e-08
15650.04800076804 5.470640142469439e-08
15700.04800076804 6.505244809202649e-08
15750.04800076804 6.978295286304214e-08
15800.04800076804 6.639930096166442e-08
15850.04800076804 6.894878960138984e-08
15900.04800076804 5.6060723381802426e-08
15950.04800076804 4.890549802140161e-08
16000.04800076804 3.400066777787698e-08
16050.04800076804 1.9780518071601583e-08
16100.04800076804 1.3250653304141186e-08
16150.04800076804 6.970346920117764e-09
16200.04800076804 4.185089337606501e-09
16250.04800076804 3.725238160687114e-09
16300.04800076804 2.3676519675287992e-09
16350.04800076804 2.7545552990954104e-09
16400.04800076804 2.9789825180225412e-09
16450.04800076804 3.3887554185829615e-09
16500.04800076804 3.4735762323819144e-09
16550.04800076804 3.145441694864363e-09
16600.04800076804 3.4225342498004897e-09
16650.04800076804 2.434674940380994e-09
16700.04800076804 5.49879903734633e-10
16750.04800076804 1.306711766736107e-09
16800.04800076804 2.354381186086345e-09
16850.04800076804 2.7520877119949864e-09
16900.04800076804 1.7500476589911576e-09
16950.04800076804 1.2971786067225357e-09
17000.04800076804 8.46238459599309e-10
17050.04800076804 1.2546394571880194e-09
17100.04800076804 1.8813290270352463e-09
17150.04800076804 1.044399381311907e-09
17200.04800076804 3.1195217569867597e-09
17250.04800076804 2.058396402738128e-09
17300.04800076804 1.3093956659481449e-09
17350.04800076804 1.4608237183551536e-09
17400.04800076804 1.8149858721386062e-09
17450.04800076804 2.735098093333202e-09
17500.04800076804 3.784370728007252e-09
17550.04800076804 3.206769820450199e-09
17600.04800076804 2.388513548379138e-09
17650.04800076804 2.1421624730312807e-09
17700.04800076804 1.6773192281029188e-09
17750.04800076804 1.705625785603028e-09
17800.04800076804 2.943570061887594e-09
17850.04800076804 1.8981001491690453e-09
17900.04800076804 1.7536194374324878e-09
17950.04800076804 1.0694318096196374e-09
18000.04800076804 1.5220285831123624e-09
18050.04800076804 2.1600740909651285e-09
18100.04800076804 1.7122065254611085e-09
18150.04800076804 2.790813432772765e-09
18200.04800076804 1.6870733674720148e-09
18250.04800076804 3.902965826184619e-09
18300.04800076804 2.0711635049387244e-09
18350.04800076804 1.547466748885847e-09
18400.04800076804 1.1986000691409534e-09
18450.04800076804 2.574789897587584e-09
18500.04800076804 2.9872154557878482e-09
18550.04800076804 2.127075295582464e-09
18600.04800076804 2.3992786250428405e-09
18650.04800076804 1.8555731054853767e-09
18700.04800076804 1.3260057228959926e-09
18750.04800076804 2.0856199154686655e-09
18800.04800076804 5.848403613891626e-09
18850.04800076804 5.731597303203283e-09
18900.04800076804 5.2511093813837315e-09
18950.04800076804 8.393569742950949e-09
19000.04800076804 4.721873240800589e-09
19050.04800076804 3.1872437175700878e-09
19100.04800076804 7.0927951764713e-09
19150.04800076804 4.398396049067132e-09
19200.04800076804 6.387171197681583e-09
19250.04800076804 5.375491731927238e-09
19300.04800076804 3.898815580434876e-09
19350.04800076804 4.54834090146764e-09
19400.04800076804 2.796390268807958e-09
19450.04800076804 5.791584498550489e-09
19500.04800076804 5.095311379876364e-09
19550.04800076804 4.20889235461159e-09
19600.04800076804 6.779541422212076e-09
19650.04800076804 7.124609843261058e-09
19700.04800076804 7.526623040436346e-09
19750.04800076804 8.756399784175936e-09
19800.04800076804 1.0995124608465722e-08
19850.04800076804 1.3771283361388786e-08
19900.04800076804 1.0825895756855694e-08
19950.04800076804 1.6969313007225858e-08
20000.04800076804 1.7470258122809775e-08
20050.04800076804 1.7978254330637156e-08
20100.04800076804 2.0697705729533324e-08
20150.04800076804 1.783357818656802e-08
20200.04800076804 2.131293152516906e-08
20250.04800076804 2.67503007608489e-08
20300.04800076804 2.404493957358253e-08
20350.04800076804 2.798272953857156e-08
20400.04800076804 2.6021422592093038e-08
20450.04800076804 3.4085451104889266e-08
20500.04800076804 3.434510414081372e-08
20550.04800076804 3.329106382034072e-08
20600.04800076804 3.785570229727465e-08
20650.04800076804 3.5055121952767025e-08
20700.04800076804 3.66576837540055e-08
20750.04800076804 3.947489150165034e-08
20800.04800076804 3.681172430484513e-08
20850.04800076804 3.5841433908485914e-08
20900.04800076804 3.7401210353522613e-08
20950.04800076804 3.2695119415145794e-08
21000.04800076804 3.4272382267033714e-08
21050.04800076804 3.06122694172581e-08
21100.04800076804 2.892063839428036e-08
21150.04800076804 2.7945027363932006e-08
21200.04800076804 2.6180415866131247e-08
21250.04800076804 2.408900284534444e-08
21300.04800076804 1.9211685191506677e-08
21350.04800076804 1.955363595487497e-08
21400.04800076804 1.7315113928444827e-08
21450.04800076804 1.3954627621088194e-08
21500.04800076804 1.4337301700716983e-08
21550.04800076804 1.303863410687421e-08
21600.04800076804 1.0863003935567994e-08
21650.04800076804 8.805997820057319e-09
21700.04800076804 9.216011105136193e-09
21750.04800076804 9.629403347179877e-09
21800.04800076804 8.272584148276559e-09
21850.04800076804 6.9148680489335445e-09
21900.04800076804 5.44937252197682e-09
21950.04800076804 1.523179608639139e-09
22000.04800076804 6.463870162539632e-10
22050.04800076804 6.268674778765561e-10
22100.04800076804 1.3725484163928082e-09
22150.04800076804 1.90369218563261e-09
22200.04800076804 1.7613757215146613e-09
22250.04800076804 1.5650091782526984e-09
22300.04800076804 1.0534886596200057e-09
22350.04800076804 1.1327674482793963e-09
22400.04800076804 6.528881330273446e-10
22450.04800076804 7.309270652129747e-10
22500.04800076804 6.988004757047014e-10
22550.04800076804 2.499036811914829e-10
22600.04800076804 4.802632010013212e-10
22650.04800076804 7.394624791659541e-10
22700.04800076804 4.065132974463423e-10
22750.04800076804 5.0035306636609e-10
22800.04800076804 4.547789225902245e-10
22850.04800076804 3.899824611749744e-10
22900.04800076804 2.0058278368676172e-10
22950.04800076804 2.2747818384201903e-10
23000.04800076804 3.6427456426345263e-10
23050.04800076804 4.3907598517243376e-10
23100.04800076804 1.056118845510007e-09
23150.04800076804 1.2984713783938943e-09
23200.04800076804 2.120587506940447e-10
23250.04800076804 1.712674693320917e-10
23300.04800076804 2.727458312829478e-10
23350.04800076804 2.1471044762245288e-10
23400.04800076804 4.2762167174123867e-10
23450.04800076804 3.129051412370233e-10
23500.04800076804 2.4077009653356974e-10
23550.04800076804 5.17612662231025e-10
23600.04800076804 4.809783466339269e-10
23650.04800076804 9.58737409912878e-10
23700.04800076804 2.9626392285827583e-10
23750.04800076804 1.5696349672983458e-10
