galfind/configs/Brown_Dwarf_templates/sonora_cholla/logkzz2/31g/750K_31g_logkzz2_resample.dat
# %ECSV 1.0
# ---
# datatype:
# - {name: wav, unit: Angstrom, datatype: float64}
# - {name: flux_nu, unit: erg / (cm2 Hz s), datatype: float64}
# schema: astropy-2.0
wav flux_nu
[from data line 418]
23900.04800076804 1.6761560221900653e-09
23950.04800076804 1.6817773517480942e-09
24000.04800076804 2.1955079190331167e-09
24050.04800076804 3.3519706819589044e-09
24100.04800076804 2.5217593654776812e-09
24150.04800076804 3.0601149700806486e-09
24200.04800076804 2.7403309833754606e-09
24250.04800076804 1.6745551637839522e-09
24300.04800076804 2.995974169339147e-09
24350.04800076804 2.34574473145153e-09
24400.04800076804 4.111764322790305e-09
24450.04800076804 3.943827700734468e-09
24500.04800076804 4.516844399178638e-09
24550.04800076804 5.407072425756493e-09
24600.04800076804 6.749727827886853e-09
24650.04800076804 7.130508830412056e-09
24700.04800076804 5.9667606558696624e-09
24750.04800076804 5.425180785446309e-09
24800.04800076804 6.59458057196671e-09
24850.04800076804 9.24848985205869e-09
24900.04800076804 5.370451337160625e-09
24950.04800076804 8.28341304104572e-09
25000.04800076804 1.0202037474071363e-08
25050.04800076804 6.7688962552054915e-09
25100.04800076804 8.336869782687252e-09
25150.04800076804 4.869041905661298e-09
25200.04800076804 7.714944031329881e-09
25250.04800076804 3.8812143731377255e-09
25300.04800076804 6.869861293279673e-09
25350.04800076804 2.8410956304254304e-09
25400.04800076804 6.466424933263943e-09
25450.04800076804 3.49208386783478e-09
25500.04800076804 3.1558176826599915e-09
25550.04800076804 4.988752570968801e-09
25600.04800076804 1.4669920928346273e-09
25650.04800076804 1.8976494852790895e-09
25700.04800076804 3.3948522622039883e-09
25750.04800076804 1.4807323934674243e-09
25800.04800076804 4.015342906156575e-09
25850.04800076804 1.3206427330341809e-09
25900.04800076804 1.9083420242028364e-09
25950.04800076804 9.632648302243614e-10
26000.04800076804 3.7109935324086453e-09
26050.04800076804 1.40296850778935e-09
26100.04800076804 3.5992025855443737e-09
26150.04800076804 2.374393821215498e-09
26200.04800076804 2.8427219230552525e-09
26250.04800076804 6.929378701570707e-09
26300.04800076804 3.378324028979344e-09
26350.04800076804 8.112984538528853e-09
26400.04800076804 1.0019688614978264e-08
26450.04800076804 1.048151908009253e-08
26500.04800076804 1.0308900015620948e-08
26550.04800076804 5.7310281746910824e-09
26600.04800076804 5.700843168682993e-09
26650.04800076804 2.203655394665484e-09
26700.04800076804 9.565736875139079e-10
26750.04800076804 1.3487490989103013e-09
26800.04800076804 2.446731085526286e-09
26850.04800076804 1.3996267306743128e-09
26900.04800076804 4.556562747019415e-09
26950.04800076804 1.916583511489148e-09
27000.04800076804 5.99361169437929e-09
27050.04800076804 5.5983902056677284e-09
27100.04800076804 2.832634877866586e-09
27150.04800076804 8.181995653379213e-09
27200.04800076804 2.4125382974722154e-09
27250.04800076804 4.767426815021457e-09
27300.04800076804 1.8714688154047257e-08
27350.04800076804 9.472053137961058e-09
27400.04800076804 1.2579605380814962e-09
27450.04800076804 1.2926249212620517e-08
27500.04800076804 1.3996670288953354e-08
27550.04800076804 4.5687814006908125e-09
27600.04800076804 1.0022974428793977e-08
27650.04800076804 3.3567612675587356e-09
27700.04800076804 2.4570654324568486e-09
27750.04800076804 1.0655604053613201e-08
27800.04800076804 4.256825168176999e-09
27850.04800076804 5.24254496226591e-09
27900.04800076804 6.9370510834109525e-09
27950.04800076804 1.0718309942950882e-08
28000.04800076804 1.0548569096322789e-08
28050.04800076804 3.0320968197831494e-09
28100.04800076804 1.4813819498899347e-08
28150.04800076804 9.241753830643257e-09
28200.04800076804 2.718114235220577e-09
28250.04800076804 1.557166231213606e-08
28300.04800076804 2.340151289059498e-08
28350.04800076804 4.4251161307302136e-09
28400.04800076804 1.2879424598004864e-08
28450.04800076804 1.8367221250873404e-08
28500.04800076804 1.2272064513315424e-08
28550.04800076804 3.254034910320934e-09
28600.04800076804 1.6314773688597404e-08
28650.04800076804 1.7078609073248774e-08
28700.04800076804 1.4174068321689333e-08
28750.04800076804 2.378310716515468e-08
28800.04800076804 1.854941984341462e-08
28850.04800076804 2.5834704098018763e-08
28900.04800076804 1.0275034148275048e-08
28950.04800076804 2.942736634004514e-08
29000.04800076804 1.728866416925848e-08
29050.04800076804 2.166087851949437e-08
29100.04800076804 1.2200082210839073e-08
29150.04800076804 3.121302054106936e-08
29200.04800076804 1.9676008846774618e-08
29250.04800076804 2.9038815037216887e-08
29300.04800076804 1.7220311252649144e-08
29350.04800076804 6.11945726159598e-08
29400.04800076804 2.5335953644645546e-08
29450.04800076804 2.810222099026225e-08
29500.04800076804 3.417812497806141e-08
29550.04800076804 2.412472469688595e-08
29600.04800076804 3.901507396810448e-08
29650.04800076804 3.738138056066791e-08
29700.04800076804 2.4048691777220654e-08
29750.04800076804 3.221802377309769e-08
29800.04800076804 4.161085298164931e-08
29850.04800076804 4.646795446488277e-08
29900.04800076804 4.3718168282466875e-08
29950.04800076804 3.239660919491028e-08
30000.04800076804 2.968252298889343e-08
30050.04800076804 2.763127670086085e-08
30100.04800076804 3.7301006242111086e-08
30150.04800076804 4.3428626540593564e-08
30200.04800076804 3.165273744270537e-08
30250.04800076804 4.8762544680289686e-08
30300.04800076804 4.237351593844792e-08
30350.04800076804 3.339250425519964e-08
30400.04800076804 4.1913827944182354e-08
30450.04800076804 3.2228387924436396e-08
30500.04800076804 2.982932998171441e-08
30550.04800076804 2.806118702070185e-08
30600.04800076804 3.6445396114269205e-08
30650.04800076804 3.0447382606223615e-08
30700.04800076804 2.507941296318254e-08
30750.04800076804 2.4036853020183867e-08
30800.04800076804 2.2653961732663888e-08
30850.04800076804 2.3096838536949987e-08
30900.04800076804 2.068202543081601e-08
30950.04800076804 1.511114484827767e-08
31000.04800076804 1.735164545081277e-08
31050.04800076804 1.6179627904694454e-08
31100.04800076804 1.0281710964219008e-08
31150.04800076804 1.3730173284557428e-08
31200.04800076804 1.3808189950700189e-08
31250.04800076804 9.934861665617174e-09
31300.04800076804 8.657820986736731e-09
31350.04800076804 9.99102534147994e-09
31400.04800076804 5.0131196258690166e-09
31450.04800076804 1.0280544980570452e-08
31500.04800076804 5.16776336921629e-09
31550.04800076804 7.915827473504464e-09
31600.04800076804 4.419446031978309e-09
31650.04800076804 4.953722925597844e-09
31700.04800076804 5.637784881978601e-09
31750.04800076804 2.9179728247646143e-09
31800.04800076804 5.512631077238482e-09
31850.04800076804 3.558434963460975e-09
31900.04800076804 4.0621344393206674e-09
31950.04800076804 3.278209623112934e-09
32000.04800076804 3.829183538903953e-09
32050.04800076804 2.133219588676254e-09
32100.04800076804 2.3000111997165576e-09
32150.04800076804 3.1434784045740436e-09
32200.04800076804 2.047055689866836e-09
32250.04800076804 4.698941529801622e-09
32300.04800076804 1.524127082276422e-09
32350.04800076804 4.494488333907734e-09
32400.04800076804 2.2812405820552555e-09
32450.04800076804 3.2477036727259285e-09
32500.04800076804 2.349019814223033e-09
32550.04800076804 3.537828286985225e-09
32600.04800076804 3.175462453097468e-09
32650.04800076804 5.873316667457409e-09
32700.04800076804 4.07832943895842e-09
32750.04800076804 7.000305559036995e-09
32800.04800076804 4.017077188306493e-09
32850.04800076804 8.671452671665754e-09
32900.04800076804 7.876413497948614e-09
32950.04800076804 9.980065626427244e-09
33000.04800076804 7.0598119392167135e-09
33050.04800076804 7.661933168444975e-09
33100.04800076804 2.6051559890329355e-09
33150.04800076804 1.588363420936779e-10
33200.04800076804 3.3651473741287484e-10
33250.04800076804 1.7433585962695946e-10
33300.04800076804 2.8923504156419374e-10
33350.04800076804 8.788806342545566e-10
33400.04800076804 1.7642882592253462e-09
33450.04800076804 2.2944021102804336e-09
33500.04800076804 3.894624425307784e-09
33550.04800076804 3.2597012382372793e-09
33600.04800076804 5.386267363692375e-09
33650.04800076804 4.316755925474914e-09
33700.04800076804 3.806669844142441e-09
33750.04800076804 5.969579966101107e-09
33800.04800076804 3.086549952641485e-09
33850.04800076804 4.726987001252221e-09
33900.04800076804 4.811215092339845e-09
33950.04800076804 4.823797768910192e-09
34000.04800076804 7.093101149423044e-09
34050.04800076804 2.2644670267936556e-09
34100.04800076804 6.27299458489233e-09
34150.04800076804 4.221516282376767e-09
34200.04800076804 5.8580239733368235e-09
34250.04800076804 4.038632668160121e-09
34300.04800076804 3.7179455760525325e-09
34350.04800076804 5.662483052980268e-09
34400.04800076804 4.2671611254954555e-09
34450.04800076804 7.127285125264426e-09
34500.04800076804 3.712990450568076e-09
34550.04800076804 3.2244513368204415e-09
34600.04800076804 7.666008808537644e-09
34650.04800076804 3.4556072194499702e-09
34700.04800076804 4.416363989768268e-09
34750.04800076804 3.3688798001672787e-09
34800.04800076804 3.5351718865727577e-09
34850.04800076804 5.394195392861872e-09
34900.04800076804 6.000456843696083e-09
34950.04800076804 4.615050295048804e-09
35000.04800076804 7.757841537179204e-09
35050.04800076804 5.859432625635922e-09
35100.04800076804 8.5989529266663e-09
35150.04800076804 7.567436855068149e-09
35200.04800076804 1.1558784288923278e-08
35250.04800076804 9.864522208530736e-09
35300.04800076804 7.3053503001637535e-09
35350.04800076804 1.1128137834766785e-08
35400.04800076804 1.0364324770321981e-08
35450.04800076804 9.41675570222272e-09
35500.04800076804 1.8938429004354452e-08
35550.04800076804 1.2665214004882503e-08
35600.04800076804 1.4623379274977909e-08
35650.04800076804 1.3876354599736944e-08
35700.04800076804 9.825440508732041e-09
35750.04800076804 2.1998279354614227e-08
35800.04800076804 1.475846265665951e-08
35850.04800076804 9.805577516982666e-09
35900.04800076804 1.7255914428074297e-08
35950.04800076804 1.4500193549078247e-08
36000.04800076804 7.04502746815359e-09
36050.04800076804 1.4005573137718004e-08
36100.04800076804 1.3975790584831112e-08
36150.04800076804 1.4214147916529089e-08
36200.04800076804 1.3125760671597888e-08
36250.04800076804 1.775823710888491e-08
36300.04800076804 1.7493135724511133e-08
36350.04800076804 1.709988080882669e-08
36400.04800076804 2.547503139910312e-08
36450.04800076804 2.33977243795885e-08
36500.04800076804 2.771170917285942e-08
36550.04800076804 2.5230744053391005e-08
36600.04800076804 3.231393402178305e-08
36650.04800076804 3.316554564432519e-08
36700.04800076804 4.230641465186788e-08
36750.04800076804 4.148188891188981e-08
36800.04800076804 3.4618077436885506e-08
36850.04800076804 3.082451200455002e-08
36900.04800076804 3.694303438787129e-08
36950.04800076804 3.787740305419434e-08
37000.04800076804 3.7140016601284905e-08
37050.04800076804 4.200367497165149e-08
37100.04800076804 4.748697351486363e-08
37150.04800076804 4.612105047108997e-08
37200.04800076804 3.4539432056836064e-08
37250.04800076804 3.4417481374233166e-08
37300.04800076804 3.43094842921353e-08
37350.04800076804 4.7821744339745525e-08
37400.04800076804 4.771207737281533e-08
37450.04800076804 4.776769666622729e-08
37500.04800076804 3.631233134365408e-08
37550.04800076804 5.924015793175914e-08
37600.04800076804 6.972115541067363e-08
37650.04800076804 4.871326649413459e-08
37700.04800076804 5.2504346688556394e-08
37750.04800076804 3.747845351514669e-08
37800.04800076804 4.3294570641780804e-08
37850.04800076804 4.0292153610167106e-08
37900.04800076804 4.636209276196061e-08
37950.04800076804 5.538851267870829e-08
38000.04800076804 7.17636333444449e-08
38050.04800076804 6.396518008873284e-08
38100.04800076804 6.534406589564695e-08
38150.04800076804 7.847625913325262e-08
38200.04800076804 7.680606427617562e-08
38250.04800076804 8.06443698552065e-08
38300.04800076804 1.1092483413224268e-07
38350.04800076804 1.0483316925167056e-07
38400.04800076804 6.2507603486073e-08
38450.04800076804 6.239454512397606e-08
38500.04800076804 3.864829061006407e-08
38550.04800076804 5.304545651761022e-08
38600.04800076804 6.715263376601468e-08
38650.04800076804 9.927429351481597e-08
38700.04800076804 7.520208609589168e-08
38750.04800076804 8.002453545132234e-08
38800.04800076804 6.566264883401668e-08
38850.04800076804 1.0294080574255644e-07
38900.04800076804 1.0161929216078208e-07
38950.04800076804 8.281281745011245e-08
39000.04800076804 1.180444847299376e-07
39050.04800076804 8.893777399789076e-08
39100.04800076804 1.1653998457441332e-07
39150.04800076804 9.609397020852659e-08
39200.04800076804 8.270797556531016e-08
39250.04800076804 1.1199732840653913e-07
39300.04800076804 1.108362021944612e-07
39350.04800076804 1.5814763943379586e-07
39400.04800076804 1.2636740975437496e-07
39450.04800076804 1.31605574062036e-07
39500.04800076804 1.1400562469930948e-07
39550.04800076804 1.0914663601462882e-07
39600.04800076804 1.3605400159863682e-07
39650.04800076804 1.6722797974845461e-07
39700.04800076804 1.1589824652278207e-07
39750.04800076804 8.665822593866201e-08
39800.04800076804 1.1427446751578068e-07
39850.04800076804 1.4107336185097487e-07
39900.04800076804 1.466721898512553e-07
39950.04800076804 1.4764488754193526e-07
40000.04800076804 1.7714621734163653e-07
40050.04800076804 1.5344863845283723e-07
40100.04800076804 1.0177158870290981e-07
40150.04800076804 1.9247776908180509e-07
40200.04800076804 1.8265009138521226e-07
40250.04800076804 1.5624286351872206e-07
40300.04800076804 1.9346128782297183e-07
40350.04800076804 1.3667991801709768e-07
40400.04800076804 1.7487678641552467e-07
40450.04800076804 1.657913570336747e-07
40500.04800076804 2.0916255532425631e-07
40550.04800076804 1.8842436693575014e-07
40600.04800076804 1.8549981206704374e-07
40650.04800076804 1.889407513167437e-07
40700.04800076804 2.4926521711714404e-07
40750.04800076804 2.395557024867932e-07
40800.04800076804 1.6925615849958176e-07
40850.04800076804 2.54867809783871e-07
40900.04800076804 1.924936726504395e-07
40950.04800076804 1.8274461199748684e-07
41000.04800076804 2.2046366359225267e-07
41050.04800076804 2.617840751939728e-07
41100.04800076804 1.530497911110577e-07
41150.04800076804 1.566627075141767e-07
41200.04800076804 2.7891186761288524e-07
41250.04800076804 2.2651359699565245e-07
41300.04800076804 1.9802913963534804e-07
41350.04800076804 2.833621533605624e-07
41400.04800076804 2.4118129764118074e-07
41450.04800076804 2.6847619704035286e-07
41500.04800076804 2.027424894170831e-07
41550.04800076804 2.0559221615472353e-07
41600.04800076804 2.822698205252628e-07
41650.04800076804 2.405872829546174e-07
41700.04800076804 2.3238833319692075e-07
41750.04800076804 2.1061068385230673e-07
41800.04800076804 2.855358565934374e-07
41850.04800076804 1.857383781143376e-07
41900.04800076804 2.2215015531727892e-07
41950.04800076804 2.2660609297560686e-07
42000.04800076804 2.686560000835695e-07
42050.04800076804 2.4928495153275676e-07
42100.04800076804 2.811713243284563e-07
42150.04800076804 2.2130942144217415e-07
42200.04800076804 2.608837592360358e-07
42250.04800076804 2.1785977265723043e-07
42300.04800076804 2.4443553528779383e-07
42350.04800076804 2.615586759256106e-07
42400.04800076804 2.131819494994576e-07
42450.04800076804 2.3632913599744235e-07
42500.04800076804 2.176591614763501e-07
42550.04800076804 2.2504011559869978e-07
42600.04800076804 2.1047755729772165e-07
42650.04800076804 3.249206545623888e-07
42700.04800076804 2.0889157724205315e-07
42750.04800076804 2.1416019994709182e-07
42800.04800076804 1.8881075525864516e-07
42850.04800076804 2.295318604213214e-07
42900.04800076804 2.629333347202252e-07
42950.04800076804 2.1712334058284384e-07
43000.04800076804 2.9366973191469477e-07
43050.04800076804 1.6446316214609017e-07
43100.04800076804 2.0889673126764385e-07
43150.04800076804 2.590454822368211e-07
43200.04800076804 2.8019803526336033e-07
43250.04800076804 2.9223516250925754e-07
43300.04800076804 3.3088281051332636e-07
43350.04800076804 2.1673266197587195e-07
43400.04800076804 2.72490276456809e-07
43450.04800076804 1.796833695610547e-07
43500.04800076804 1.7995403496068615e-07
43550.04800076804 2.1038543028783086e-07
43600.04800076804 2.8191830491886866e-07
