galfind/configs/Brown_Dwarf_templates/sonora_cholla/logkzz2/31g/750K_31g_logkzz2_resample.dat
# %ECSV 1.0
# ---
# datatype:
# - {name: wav, unit: Angstrom, datatype: float64}
# - {name: flux_nu, unit: erg / (cm2 Hz s), datatype: float64}
# schema: astropy-2.0
wav flux_nu
[from data line 814]
43700.04800076804 3.074214196756957e-07
43750.04800076804 3.137582502103839e-07
43800.04800076804 2.2706282352251262e-07
43850.04800076804 2.619066310381312e-07
43900.04800076804 1.9630880094650898e-07
43950.04800076804 1.8264144105346666e-07
44000.04800076804 1.3247851685853253e-07
44050.04800076804 2.528946581953843e-07
44100.04800076804 2.6502048259449873e-07
44150.04800076804 2.6490495788366096e-07
44200.04800076804 2.1605822636270468e-07
44250.04800076804 1.8648939610494744e-07
44300.04800076804 1.7351293064819968e-07
44350.04800076804 1.5012957054254042e-07
44400.04800076804 1.597278575811015e-07
44450.04800076804 1.7812255394719351e-07
44500.04800076804 1.4390038614336203e-07
44550.04800076804 1.8714712169162113e-07
44600.04800076804 1.4172905585676326e-07
44650.04800076804 1.6480426842498567e-07
44700.04800076804 1.3839774555948156e-07
44750.04800076804 1.5683316574046863e-07
44800.04800076804 1.293909149187621e-07
44850.04800076804 1.3813119339497913e-07
44900.04800076804 9.744524571413771e-08
44950.04800076804 9.965861513750158e-08
45000.04800076804 1.0862790710816914e-07
45050.04800076804 1.1298262470848521e-07
45100.04800076804 1.0075794990067428e-07
45150.04800076804 9.47574721419646e-08
45200.04800076804 6.223458322623277e-08
45250.04800076804 7.316671305384334e-08
45300.04800076804 8.582347223671301e-08
45350.04800076804 8.778857769637631e-08
45400.04800076804 6.168957462841636e-08
45450.04800076804 6.363373159009177e-08
45500.04800076804 6.524140824177663e-08
45550.04800076804 7.785799097057015e-08
45600.04800076804 6.100430054115954e-08
45650.04800076804 5.96773751617589e-08
45700.04800076804 7.198743793996995e-08
45750.04800076804 6.429390505468063e-08
45800.04800076804 5.3347218231872197e-08
45850.04800076804 9.129534364468981e-08
45900.04800076804 9.175605026315356e-08
45950.04800076804 5.457154144969476e-08
46000.04800076804 8.177381313802853e-08
46050.04800076804 8.683621365059013e-08
46100.04800076804 5.5678669281438246e-08
46150.04800076804 8.488846812919627e-08
46200.04800076804 7.81965299991571e-08
46250.04800076804 3.58919680089802e-08
46300.04800076804 9.628909624087895e-08
46350.04800076804 6.654195974549332e-08
46400.04800076804 8.194841981498041e-08
46450.04800076804 1.207166071166829e-07
46500.04800076804 7.842960318689792e-08
46550.04800076804 1.0305683993112648e-07
46600.04800076804 1.1037936175453124e-07
46650.04800076804 2.0828344919211216e-07
46700.04800076804 1.352682589317633e-07
46750.04800076804 1.0244941379793092e-07
46800.04800076804 6.428994219116823e-08
46850.04800076804 1.3438989254380358e-07
46900.04800076804 1.0656291003332236e-07
46950.04800076804 1.4589254531178265e-07
47000.04800076804 7.51013943314995e-08
47050.04800076804 1.5245533833122216e-07
47100.04800076804 5.583128981111832e-08
47150.04800076804 8.01698032227795e-08
47200.04800076804 1.1055545295565158e-07
47250.04800076804 6.598224971401882e-08
47300.04800076804 7.753802612621032e-08
47350.04800076804 6.107736442739984e-08
47400.04800076804 1.2864703635635433e-07
47450.04800076804 6.011978573087177e-08
47500.04800076804 1.4352555024554976e-07
47550.04800076804 6.566935163381095e-08
47600.04800076804 1.2786269128403898e-07
47650.04800076804 6.496779835831121e-08
47700.04800076804 1.1955567375048693e-07
47750.04800076804 4.904701349036661e-08
47800.04800076804 9.529184060175065e-08
47850.04800076804 5.1496757617982486e-08
47900.04800076804 8.614171695385892e-08
47950.04800076804 7.21757963473544e-08
48000.04800076804 1.5590427689472676e-07
48050.04800076804 9.051261031133063e-08
48100.04800076804 1.0733979089845321e-07
48150.04800076804 8.749646466956072e-08
48200.04800076804 1.3015042004808108e-07
48250.04800076804 8.876604916479759e-08
48300.04800076804 1.7853792869121391e-07
48350.04800076804 7.53561515798901e-08
48400.04800076804 8.508595329512663e-08
48450.04800076804 8.197507500113443e-08
48500.04800076804 1.6413017322580815e-07
48550.04800076804 7.184870993520374e-08
48600.04800076804 1.326672595501952e-07
48650.04800076804 8.403102336692365e-08
48700.04800076804 1.5216560056273898e-07
48750.04800076804 9.186126991126699e-08
48800.04800076804 1.4835297237093964e-07
48850.04800076804 1.0705735372768737e-07
48900.04800076804 1.5420487549973678e-07
48950.04800076804 1.2860971239422308e-07
49000.04800076804 8.928069746050467e-08
49050.04800076804 1.5100415918368745e-07
49100.04800076804 9.463036904071412e-08
49150.04800076804 1.762657959419677e-07
49200.04800076804 1.2669568129760978e-07
49250.04800076804 1.8925012942151128e-07
49300.04800076804 1.297770767159257e-07
49350.04800076804 1.0213552865052452e-07
49400.04800076804 1.2491091216767017e-07
49450.04800076804 1.483570933297756e-07
49500.04800076804 1.2032742002506604e-07
49550.04800076804 5.6487268593808174e-08
49600.04800076804 1.2651232152240938e-07
49650.04800076804 1.2708665171891795e-07
49700.04800076804 1.0438959784165573e-07
49750.04800076804 1.74043612013651e-07
49800.04800076804 1.0501381059845219e-07
49850.04800076804 2.1933968243174197e-07
49900.04800076804 1.6586089551762334e-07
49950.04800076804 1.744330493964814e-07
50000.04800076804 1.776893090174285e-07
50050.04800076804 1.885939232256217e-07
50100.04800076804 1.8745195712481084e-07
50150.04800076804 8.627659307373684e-08
50200.04800076804 4.586007394867284e-08
50250.04800076804 1.5674587145138036e-07
50300.04800076804 1.1258967599798776e-07
50350.04800076804 1.6606387485902579e-07
50400.04800076804 1.6626745741882558e-07
50450.04800076804 1.49261206777556e-07
50500.04800076804 1.8373540044624307e-07
50550.04800076804 1.5877129798081093e-07
50600.04800076804 1.7108820123783565e-07
50650.04800076804 1.7315977938153854e-07
50700.04800076804 2.2585286585920655e-07
50750.04800076804 2.0173705599746564e-07
50800.04800076804 8.337298710288292e-08
50850.04800076804 7.619100327178803e-08
50900.04800076804 1.8127851381428652e-07
50950.04800076804 1.8845232879726452e-07
51000.04800076804 1.4536826059257792e-07
51050.04800076804 1.581978968224942e-07
51100.04800076804 7.36014109355445e-08
51150.04800076804 1.2026793448055882e-07
51200.04800076804 2.1555170020414544e-07
51250.04800076804 1.6923253541614353e-07
51300.04800076804 1.1736315817701144e-07
51350.04800076804 1.4928349401299986e-07
51400.04800076804 8.374447462669127e-08
51450.04800076804 7.058487699933658e-08
51500.04800076804 6.492867224179196e-08
51550.04800076804 1.4682520633142043e-07
51600.04800076804 1.0982597450173219e-07
51650.04800076804 1.5741899446302253e-07
51700.04800076804 1.4993372829121675e-07
51750.04800076804 1.0240385114901841e-07
51800.04800076804 2.0216818091532517e-07
51850.04800076804 1.535991213630175e-07
51900.04800076804 2.0533425303473586e-07
51950.04800076804 1.537788241648735e-07
52000.04800076804 3.52650335671707e-08
52050.04800076804 9.669334292950604e-08
52100.04800076804 8.159150347876374e-08
52150.04800076804 5.587341703531105e-08
52200.04800076804 6.485228251470232e-08
52250.04800076804 1.0212563799896484e-07
52300.04800076804 1.7449431378916913e-07
52350.04800076804 1.0108473124899587e-07
52400.04800076804 7.791591110825906e-08
52450.04800076804 1.6330332181649406e-07
52500.04800076804 1.4419858579840363e-07
52550.04800076804 1.4842284868754533e-07
52600.04800076804 1.054809134414908e-07
52650.04800076804 1.1311689211065419e-07
52700.04800076804 1.0628383599485952e-07
52750.04800076804 7.358299345552206e-08
52800.04800076804 8.238419349015943e-08
52850.04800076804 1.029233772290848e-07
52900.04800076804 6.455708861163983e-08
52950.04800076804 6.678544579940043e-08
53000.04800076804 1.7128841441468876e-07
53050.04800076804 5.4790915929732996e-08
53100.04800076804 1.489953224182715e-07
53150.04800076804 1.8258813800694947e-07
53200.04800076804 8.243036029797629e-08
53250.04800076804 1.7232978228613476e-07
53300.04800076804 1.6855883090705152e-07
53350.04800076804 1.5989616402446705e-07
53400.04800076804 1.5419956879568934e-07
53450.04800076804 5.2966959272228234e-08
53500.04800076804 2.6599130499789558e-08
53550.04800076804 5.359033972169364e-08
53600.04800076804 9.55857015994658e-08
53650.04800076804 9.629510824701204e-08
53700.04800076804 7.910058420833948e-08
53750.04800076804 7.981408494263444e-08
53800.04800076804 7.700855624786355e-08
53850.04800076804 1.087293342491986e-07
53900.04800076804 1.1296777105076906e-07
53950.04800076804 1.4937855062284878e-07
54000.04800076804 9.127076798251871e-08
54050.04800076804 1.0594351967282708e-07
54100.04800076804 3.766140780587429e-08
54150.04800076804 5.968573004637784e-08
54200.04800076804 1.9267696272201035e-08
54250.04800076804 2.970195590722707e-08
54300.04800076804 6.948452643816992e-08
54350.04800076804 8.916056440782378e-08
54400.04800076804 9.604069387715081e-08
54450.04800076804 7.216836793366424e-08
54500.04800076804 6.430327072069375e-08
54550.04800076804 5.6751179537395974e-08
54600.04800076804 7.462199233968519e-08
54650.04800076804 2.4543622125332216e-08
54700.04800076804 8.437580729565861e-08
54750.04800076804 8.229655751662697e-08
54800.04800076804 5.182696375778875e-08
54850.04800076804 7.29978594951601e-08
54900.04800076804 9.95634282706572e-08
54950.04800076804 1.3525963616741147e-07
55000.04800076804 4.4950891186981714e-08
55050.04800076804 8.705915375894415e-08
55100.04800076804 7.996454585711376e-08
55150.04800076804 4.9894434012843735e-08
55200.04800076804 5.0551705193353095e-08
55250.04800076804 7.035168436337155e-08
55300.04800076804 4.496449705366892e-08
55350.04800076804 8.935802647202894e-08
55400.04800076804 1.1128991049160709e-07
55450.04800076804 6.337047309628816e-08
55500.04800076804 2.85921314056695e-08
55550.04800076804 3.863743142798736e-08
55600.04800076804 4.2787042679334835e-08
55650.04800076804 4.1636025053098114e-08
55700.04800076804 4.951160279830681e-08
55750.04800076804 5.08612111248839e-08
55800.04800076804 2.972693232968272e-08
55850.04800076804 3.176432839868536e-08
55900.04800076804 7.545611874357372e-08
55950.04800076804 9.635104333444131e-08
56000.04800076804 3.65449262268105e-08
56050.04800076804 5.54350746845411e-08
56100.04800076804 7.631230265848384e-08
56150.04800076804 4.35447720258316e-08
56200.04800076804 5.489065633388e-08
56250.04800076804 6.885744721407443e-08
56300.04800076804 6.213015321115017e-08
56350.04800076804 5.515527488274981e-08
56400.04800076804 2.6057358386645792e-08
56450.04800076804 2.3504702255615282e-08
56500.04800076804 3.215066924124004e-08
56550.04800076804 2.2367349981406098e-08
56600.04800076804 6.50264761290804e-08
56650.04800076804 6.426484655219867e-08
56700.04800076804 6.259238725372301e-08
56750.04800076804 2.471676361238848e-08
56800.04800076804 7.256308999320575e-08
56850.04800076804 5.873863855331183e-08
56900.04800076804 3.098675790251223e-08
56950.04800076804 6.813121375023547e-08
57000.04800076804 8.141648506724549e-08
57050.04800076804 4.206485400709702e-08
57100.04800076804 1.6869038524692825e-08
57150.04800076804 2.7871823209094616e-08
57200.04800076804 2.441012049047013e-08
57250.04800076804 3.150394095462406e-08
57300.04800076804 5.65898220567345e-08
57350.04800076804 2.6097649675611585e-08
57400.04800076804 5.2780397633059757e-08
57450.04800076804 3.973984595058807e-08
57500.04800076804 4.216119799796503e-08
57550.04800076804 5.8867864222976584e-08
57600.04800076804 5.97074496912887e-08
57650.04800076804 1.449070814208862e-08
57700.04800076804 2.286116512115798e-08
57750.04800076804 3.8617018979859175e-08
57800.04800076804 1.4536195306641696e-08
57850.04800076804 9.767120811165894e-08
57900.04800076804 1.0575671669706427e-07
57950.04800076804 9.44094021099119e-08
58000.04800076804 3.6445113581843005e-08
58050.04800076804 5.914866351272434e-08
58100.04800076804 6.494947510749375e-08
58150.04800076804 3.8561817356386257e-08
58200.04800076804 1.583070128770059e-08
58250.04800076804 2.2464438372012648e-08
58300.04800076804 1.9536911365283855e-08
58350.04800076804 2.95820492867339e-08
58400.04800076804 5.367045926619046e-08
58450.04800076804 5.3409901416159845e-08
58500.04800076804 4.767058148267451e-08
58550.04800076804 4.9500345483668354e-08
58600.04800076804 2.104431563115178e-08
58650.04800076804 2.903907356736581e-08
58700.04800076804 3.9401841156771806e-08
58750.04800076804 3.781444318213683e-08
58800.04800076804 9.67602995365978e-09
58850.04800076804 3.124583704499054e-08
58900.04800076804 4.640940869304376e-08
58950.04800076804 2.1051465784656594e-08
59000.04800076804 4.6183345643464286e-08
59050.04800076804 5.5224973519983906e-08
59100.04800076804 5.923177767038265e-08
59150.04800076804 4.118430906762221e-08
59200.04800076804 4.95985082273431e-08
59250.04800076804 5.5545984074671415e-08
59300.04800076804 4.5492133367295774e-08
59350.04800076804 1.3872052125650514e-08
59400.04800076804 1.14004615189374e-08
59450.04800076804 4.492172086330723e-08
59500.04800076804 2.2604352498865217e-08
59550.04800076804 4.752867848735024e-08
59600.04800076804 5.242213236641731e-08
59650.04800076804 3.905194243542389e-08
59700.04800076804 2.4733017807257477e-08
59750.04800076804 6.610433277569059e-08
59800.04800076804 3.5393171264934134e-08
59850.04800076804 5.098944548263849e-08
59900.04800076804 1.8874785260563643e-08
59950.04800076804 3.2662737917761725e-08
60000.04800076804 7.801443060403e-08
60050.04800076804 6.610713203462544e-08
60100.04800076804 6.697155027307844e-08
60150.04800076804 3.670658810163178e-08
60200.04800076804 5.5114350642059834e-08
60250.04800076804 6.992886473263551e-08
60300.04800076804 7.11992586886239e-08
60350.04800076804 4.7670820424076276e-08
60400.04800076804 5.286052161081022e-08
60450.04800076804 1.8400574775792663e-08
60500.04800076804 8.455612195840834e-09
60550.04800076804 5.3125753424395614e-08
60600.04800076804 6.024844684479926e-08
60650.04800076804 4.234235770317263e-08
60700.04800076804 2.878725851572416e-08
60750.04800076804 1.9139514792970883e-08
60800.04800076804 5.8510144252422375e-08
60850.04800076804 9.94501657599437e-08
60900.04800076804 9.576483972636409e-08
60950.04800076804 8.115332174886555e-08
61000.04800076804 5.6278452282034504e-08
61050.04800076804 3.0295083191731126e-08
61100.04800076804 4.116619961288527e-08
61150.04800076804 1.4288225554766534e-08
61200.04800076804 6.474637424142853e-08
61250.04800076804 8.693829849258026e-08
61300.04800076804 7.86408522137617e-08
61350.04800076804 9.951760785990377e-08
61400.04800076804 5.212764438008725e-08
61450.04800076804 2.2035745007288213e-08
61500.04800076804 4.093298405178551e-08
61550.04800076804 4.318204830025958e-08
61600.04800076804 2.4240225843464086e-08
61650.04800076804 5.137321996128727e-08
61700.04800076804 4.077326588711007e-08
61750.04800076804 4.921468095658237e-08
61800.04800076804 5.597247187668734e-08
61850.04800076804 2.4181333812510614e-08
61900.04800076804 7.022895020648326e-08
61950.04800076804 5.4862809404453205e-08
62000.04800076804 8.458887072090836e-08
62050.04800076804 6.076756974843879e-08
62100.04800076804 6.373977804547171e-08
62150.04800076804 8.914450567808575e-08
62200.04800076804 6.943722101934698e-08
62250.04800076804 7.016917558219363e-08
62300.04800076804 1.1425472259574688e-07
62350.04800076804 7.95365657917423e-08
62400.04800076804 3.365654609348242e-08
62450.04800076804 6.462355169802353e-08
62500.04800076804 1.0463236131652987e-07
62550.04800076804 8.846476444705431e-08
62600.04800076804 1.0280206314216917e-07
62650.04800076804 6.899947745618062e-08
62700.04800076804 7.958790027798482e-08
62750.04800076804 1.0661316099939258e-07
62800.04800076804 6.091007393199487e-08
62850.04800076804 9.249359474527868e-08
62900.04800076804 6.090571644167836e-08
62950.04800076804 9.932172782820728e-08
63000.04800076804 7.450001440357738e-08
63050.04800076804 1.042608108886341e-07
63100.04800076804 1.0004568226776496e-07
63150.04800076804 8.442941637655054e-08
63200.04800076804 1.0237130136567886e-07
63250.04800076804 5.456725365043392e-08
63300.04800076804 8.199099912793504e-08
63350.04800076804 7.764196843407035e-08
63400.04800076804 3.963595485883282e-08
63450.04800076804 2.5782264688851427e-08
