galfind/configs/Brown_Dwarf_templates/sonora_cholla/logkzz2/31g/800K_31g_logkzz2_resample.dat
# %ECSV 1.0
# ---
# datatype:
# - {name: wav, unit: Angstrom, datatype: float64}
# - {name: flux_nu, unit: erg / (cm2 Hz s), datatype: float64}
# schema: astropy-2.0
wav flux_nu
[from data line 810]
43500.04800076804 2.1093776664188263e-07
43550.04800076804 2.4002517430579655e-07
43600.04800076804 3.2097004747703006e-07
43650.04800076804 2.036188233652341e-07
43700.04800076804 3.4218513216637796e-07
43750.04800076804 3.5373650162518285e-07
43800.04800076804 2.573086417474545e-07
43850.04800076804 2.9535156899945005e-07
43900.04800076804 2.1737517858897563e-07
43950.04800076804 2.1303783486824584e-07
44000.04800076804 1.515055250907454e-07
44050.04800076804 2.695426928278577e-07
44100.04800076804 2.8039472430832605e-07
44150.04800076804 2.8010050057809436e-07
44200.04800076804 2.2977140016762212e-07
44250.04800076804 2.0708937455363295e-07
44300.04800076804 1.9226127170448237e-07
44350.04800076804 1.5882129051188298e-07
44400.04800076804 1.7263983072708912e-07
44450.04800076804 1.8313021312516688e-07
44500.04800076804 1.4387711146864469e-07
44550.04800076804 1.8106283161040668e-07
44600.04800076804 1.4009765107885857e-07
44650.04800076804 1.6340141156616786e-07
44700.04800076804 1.411590704536312e-07
44750.04800076804 1.546890275351888e-07
44800.04800076804 1.3126197882744851e-07
44850.04800076804 1.3199617858539752e-07
44900.04800076804 9.60721576214669e-08
44950.04800076804 9.73874435960693e-08
45000.04800076804 1.0262029897304516e-07
45050.04800076804 1.0829439494114269e-07
45100.04800076804 9.562271571008817e-08
45150.04800076804 8.981272084600286e-08
45200.04800076804 6.135829291175103e-08
45250.04800076804 7.074362374280348e-08
45300.04800076804 8.301594578604265e-08
45350.04800076804 8.39487864412661e-08
45400.04800076804 5.7298364289689e-08
45450.04800076804 5.9429722238663994e-08
45500.04800076804 6.088854205630449e-08
45550.04800076804 7.446947932984578e-08
45600.04800076804 5.64951819878433e-08
45650.04800076804 5.6028840142245056e-08
45700.04800076804 7.146828029804666e-08
45750.04800076804 6.206875167997531e-08
45800.04800076804 5.0030013469220234e-08
45850.04800076804 8.531051350935106e-08
45900.04800076804 8.44175201186305e-08
45950.04800076804 5.158006067720149e-08
46000.04800076804 7.655854809818453e-08
46050.04800076804 8.341965190871102e-08
46100.04800076804 5.2308222171093904e-08
46150.04800076804 8.345710594815976e-08
46200.04800076804 7.736579216281725e-08
46250.04800076804 3.602751152203265e-08
46300.04800076804 9.326550313155358e-08
46350.04800076804 6.567357793677133e-08
46400.04800076804 7.803119913344402e-08
46450.04800076804 1.171744446032478e-07
46500.04800076804 7.590269188452274e-08
46550.04800076804 1.1081637992205782e-07
46600.04800076804 1.159675028556979e-07
46650.04800076804 2.0830349931747684e-07
46700.04800076804 1.399747971834608e-07
46750.04800076804 1.0560339744373051e-07
46800.04800076804 7.092935229224874e-08
46850.04800076804 1.266910251827847e-07
46900.04800076804 1.015965462574967e-07
46950.04800076804 1.4280645454137388e-07
47000.04800076804 7.184539456988314e-08
47050.04800076804 1.5070393087289128e-07
47100.04800076804 5.721311973369708e-08
47150.04800076804 8.025743741320428e-08
47200.04800076804 1.049772988428584e-07
47250.04800076804 6.484286314437757e-08
47300.04800076804 7.998240597406685e-08
47350.04800076804 5.729861380891124e-08
47400.04800076804 1.2114486542129818e-07
47450.04800076804 5.654459743412135e-08
47500.04800076804 1.3501535531055204e-07
47550.04800076804 6.161131002828765e-08
47600.04800076804 1.230118621930946e-07
47650.04800076804 6.352318573087891e-08
47700.04800076804 1.1557119285468762e-07
47750.04800076804 4.9382788025228597e-08
47800.04800076804 9.928728262824612e-08
47850.04800076804 5.147042551666038e-08
47900.04800076804 9.047525184051314e-08
47950.04800076804 7.00803222343357e-08
48000.04800076804 1.479096617041076e-07
48050.04800076804 8.775508997007842e-08
48100.04800076804 1.1357498535012638e-07
48150.04800076804 8.610171821363793e-08
48200.04800076804 1.3168436356478507e-07
48250.04800076804 8.950051073222973e-08
48300.04800076804 1.7356517227194342e-07
48350.04800076804 7.777879273750207e-08
48400.04800076804 9.835464667661316e-08
48450.04800076804 7.972325725344259e-08
48500.04800076804 1.6406693199878308e-07
48550.04800076804 7.104310804044449e-08
48600.04800076804 1.375260607669873e-07
48650.04800076804 8.025207151472299e-08
48700.04800076804 1.5806174757822314e-07
48750.04800076804 9.044097606051859e-08
48800.04800076804 1.5027788624431437e-07
48850.04800076804 1.0929358052300826e-07
48900.04800076804 1.6060788927835903e-07
48950.04800076804 1.369477372398795e-07
49000.04800076804 9.956673774049873e-08
49050.04800076804 1.5556787273481119e-07
49100.04800076804 9.509156717890046e-08
49150.04800076804 1.8391546730373534e-07
49200.04800076804 1.2266617696242162e-07
49250.04800076804 1.9488753342856648e-07
49300.04800076804 1.3275075615518444e-07
49350.04800076804 1.1608455160800923e-07
49400.04800076804 1.4441480563138685e-07
49450.04800076804 1.5700928488121538e-07
49500.04800076804 1.3518384559463158e-07
49550.04800076804 6.911131279087308e-08
49600.04800076804 1.4513821825890722e-07
49650.04800076804 1.3653571892948812e-07
49700.04800076804 1.1197391546760767e-07
49750.04800076804 1.9507095058872802e-07
49800.04800076804 1.1455133753299876e-07
49850.04800076804 2.407870543303649e-07
49900.04800076804 1.759658944944426e-07
49950.04800076804 1.909516505126136e-07
50000.04800076804 1.9894662056470333e-07
50050.04800076804 2.0169238998890166e-07
50100.04800076804 2.1720734865917175e-07
50150.04800076804 9.689240955888419e-08
50200.04800076804 5.99942410195168e-08
50250.04800076804 1.8525437249126238e-07
50300.04800076804 1.3099575573609424e-07
50350.04800076804 1.8534598558205343e-07
50400.04800076804 1.8079876792781194e-07
50450.04800076804 1.6934476350842348e-07
50500.04800076804 2.0596579181398002e-07
50550.04800076804 1.7604198984637784e-07
50600.04800076804 1.978318840766952e-07
50650.04800076804 1.9144804822487933e-07
50700.04800076804 2.536676493500652e-07
50750.04800076804 2.358276416081072e-07
50800.04800076804 9.848525783491681e-08
50850.04800076804 9.99975028579211e-08
50900.04800076804 2.1016477002458623e-07
50950.04800076804 2.1991387155576841e-07
51000.04800076804 1.7598252274008388e-07
51050.04800076804 1.813176725068672e-07
51100.04800076804 9.361422777336968e-08
51150.04800076804 1.43909439446934e-07
51200.04800076804 2.4034338360131243e-07
51250.04800076804 2.0034923977490008e-07
51300.04800076804 1.3512563798519945e-07
51350.04800076804 1.751288645168132e-07
51400.04800076804 1.0743671520139325e-07
51450.04800076804 9.112494768791847e-08
51500.04800076804 8.39652898296068e-08
51550.04800076804 1.786041993830394e-07
51600.04800076804 1.3033345456522992e-07
51650.04800076804 1.8795091148678164e-07
51700.04800076804 1.800255088436874e-07
51750.04800076804 1.2350468955532955e-07
51800.04800076804 2.404562139709612e-07
51850.04800076804 1.8056054118584745e-07
51900.04800076804 2.431545817586109e-07
51950.04800076804 1.8939496562897974e-07
52000.04800076804 4.8883889271082556e-08
52050.04800076804 1.2152714721886784e-07
52100.04800076804 1.0649920054635511e-07
52150.04800076804 7.59191772607246e-08
52200.04800076804 8.172052196204743e-08
52250.04800076804 1.222732676564697e-07
52300.04800076804 2.0722898355759184e-07
52350.04800076804 1.3256830538206408e-07
52400.04800076804 9.99128210745852e-08
52450.04800076804 1.9404194438966797e-07
52500.04800076804 1.710500216649457e-07
52550.04800076804 1.7928782092469151e-07
52600.04800076804 1.278775995435218e-07
52650.04800076804 1.397173560352633e-07
52700.04800076804 1.2957789786716956e-07
52750.04800076804 9.469698168160089e-08
52800.04800076804 1.0364374834115885e-07
52850.04800076804 1.2763288631604112e-07
52900.04800076804 8.369941441674051e-08
52950.04800076804 8.53078970652281e-08
53000.04800076804 2.1043570079158582e-07
53050.04800076804 7.092031788411703e-08
53100.04800076804 1.7946948795814784e-07
53150.04800076804 2.1846377051683177e-07
53200.04800076804 1.0138315064411948e-07
53250.04800076804 2.05309877150297e-07
53300.04800076804 2.0085896131619542e-07
53350.04800076804 1.8934122182300835e-07
53400.04800076804 1.9059636401939406e-07
53450.04800076804 7.160921816841907e-08
53500.04800076804 3.9147978117412816e-08
53550.04800076804 7.480070072525103e-08
53600.04800076804 1.196605917070316e-07
53650.04800076804 1.1888391625365564e-07
53700.04800076804 9.999295978255497e-08
53750.04800076804 1.0137977691240442e-07
53800.04800076804 9.82874770022176e-08
53850.04800076804 1.3827764735519485e-07
53900.04800076804 1.3468618529620544e-07
53950.04800076804 1.8215715921791635e-07
54000.04800076804 1.126666472495516e-07
54050.04800076804 1.302392170649899e-07
54100.04800076804 5.0655844704165346e-08
54150.04800076804 7.84799082573918e-08
54200.04800076804 2.8936174017443927e-08
54250.04800076804 4.044190658561311e-08
54300.04800076804 8.854884359058208e-08
54350.04800076804 1.1274670413490692e-07
54400.04800076804 1.2325021329200664e-07
54450.04800076804 9.133939043695209e-08
54500.04800076804 8.321353909665807e-08
54550.04800076804 7.261627129653844e-08
54600.04800076804 9.759009462195448e-08
54650.04800076804 3.666152941624267e-08
54700.04800076804 1.0981243185518915e-07
54750.04800076804 1.0771255110580752e-07
54800.04800076804 7.063580626148985e-08
54850.04800076804 9.472539127200762e-08
54900.04800076804 1.259075868084106e-07
54950.04800076804 1.691417742600532e-07
55000.04800076804 6.02038174234951e-08
55050.04800076804 1.1069451175336698e-07
55100.04800076804 9.777410958198589e-08
55150.04800076804 6.618953318923159e-08
55200.04800076804 6.774050279720424e-08
55250.04800076804 9.057727619084011e-08
55300.04800076804 5.949137622562684e-08
55350.04800076804 1.1058976249641293e-07
55400.04800076804 1.3988760010855208e-07
55450.04800076804 8.394308198635932e-08
55500.04800076804 3.99440855970568e-08
55550.04800076804 5.507940547965402e-08
55600.04800076804 5.585634295691693e-08
55650.04800076804 5.422446649343128e-08
55700.04800076804 6.66518721180922e-08
55750.04800076804 6.943817962529416e-08
55800.04800076804 4.364629396021768e-08
55850.04800076804 4.385395002988684e-08
55900.04800076804 9.749743120209373e-08
55950.04800076804 1.2258891234816097e-07
56000.04800076804 4.989735796882759e-08
56050.04800076804 7.467849902333017e-08
56100.04800076804 9.863204987220344e-08
56150.04800076804 6.045356572687004e-08
56200.04800076804 7.291342813457461e-08
56250.04800076804 8.538560764642514e-08
56300.04800076804 8.209600450331902e-08
56350.04800076804 7.602520605981583e-08
56400.04800076804 4.002861557297392e-08
56450.04800076804 3.559467930849446e-08
56500.04800076804 4.264568212642773e-08
56550.04800076804 3.218147843795489e-08
56600.04800076804 8.471913318531526e-08
56650.04800076804 8.185596340406025e-08
56700.04800076804 8.287007768341501e-08
56750.04800076804 3.6130028625917725e-08
56800.04800076804 9.847445463018718e-08
56850.04800076804 7.683439109733232e-08
56900.04800076804 4.3599673051910545e-08
56950.04800076804 8.956849905331325e-08
57000.04800076804 1.0452130880728767e-07
57050.04800076804 5.828664158986722e-08
57100.04800076804 2.513561590314539e-08
57150.04800076804 4.077556376178491e-08
57200.04800076804 3.517913128485061e-08
57250.04800076804 4.548571237242314e-08
57300.04800076804 7.723518045188046e-08
57350.04800076804 3.692613992359929e-08
57400.04800076804 7.007067793097236e-08
57450.04800076804 5.6886737023801266e-08
57500.04800076804 5.9173589370749486e-08
57550.04800076804 8.101092264999523e-08
57600.04800076804 8.345399200425844e-08
57650.04800076804 2.273156526390178e-08
57700.04800076804 3.431324738366007e-08
57750.04800076804 5.422290543758047e-08
57800.04800076804 2.0416303308482904e-08
57850.04800076804 1.236362547543652e-07
57900.04800076804 1.3456026553303076e-07
57950.04800076804 1.1785348326131547e-07
58000.04800076804 4.922353686205794e-08
58050.04800076804 7.744801674811874e-08
58100.04800076804 8.695187663051498e-08
58150.04800076804 5.307264165554245e-08
58200.04800076804 2.5044108703610315e-08
58250.04800076804 3.4043004837147435e-08
58300.04800076804 2.8106615117193207e-08
58350.04800076804 4.246882219547951e-08
58400.04800076804 7.150214232321851e-08
58450.04800076804 6.975598452155055e-08
58500.04800076804 6.278900707586483e-08
58550.04800076804 6.61045536314417e-08
58600.04800076804 2.9849075193289834e-08
58650.04800076804 4.17347067907847e-08
58700.04800076804 5.367101402353522e-08
58750.04800076804 5.50870368243839e-08
58800.04800076804 1.6119368707877625e-08
58850.04800076804 4.576462744618763e-08
58900.04800076804 6.655269658023084e-08
58950.04800076804 3.234683085794611e-08
59000.04800076804 6.546349581479116e-08
59050.04800076804 7.30234200751616e-08
59100.04800076804 8.242781418449269e-08
59150.04800076804 5.6981660251535167e-08
59200.04800076804 6.69408456794372e-08
59250.04800076804 7.559775354581071e-08
59300.04800076804 6.40916758447414e-08
59350.04800076804 2.2559154889039706e-08
59400.04800076804 1.78862472474567e-08
59450.04800076804 6.152524588591822e-08
59500.04800076804 3.189638011835468e-08
59550.04800076804 6.544293172572583e-08
59600.04800076804 6.807221537861843e-08
59650.04800076804 5.7825361701422117e-08
59700.04800076804 3.6281807066643866e-08
59750.04800076804 8.976723512361429e-08
59800.04800076804 4.964640204289682e-08
59850.04800076804 7.131078293471784e-08
59900.04800076804 2.8023125689194802e-08
59950.04800076804 4.537372132773678e-08
60000.04800076804 1.0151366570657721e-07
60050.04800076804 8.806859287622527e-08
60100.04800076804 9.067832628492463e-08
60150.04800076804 5.2881691178729955e-08
60200.04800076804 7.232040002540429e-08
60250.04800076804 9.030707758763693e-08
60300.04800076804 9.258709969078812e-08
60350.04800076804 6.332364772006442e-08
60400.04800076804 7.120840264989533e-08
60450.04800076804 2.8640151238334457e-08
60500.04800076804 1.4397764011775348e-08
60550.04800076804 7.528407498141257e-08
60600.04800076804 8.087393577585382e-08
60650.04800076804 6.006988010582436e-08
60700.04800076804 4.236238532176033e-08
60750.04800076804 3.014540563654537e-08
60800.04800076804 8.06244361490263e-08
60850.04800076804 1.2661704754909314e-07
60900.04800076804 1.2295706399000732e-07
60950.04800076804 1.0705876368041019e-07
61000.04800076804 7.149897831532605e-08
61050.04800076804 4.331989532372499e-08
61100.04800076804 5.965533946385623e-08
61150.04800076804 2.1668547571144938e-08
61200.04800076804 8.93422050308892e-08
61250.04800076804 1.1588883335919274e-07
61300.04800076804 1.0466802077936713e-07
61350.04800076804 1.2627832057597574e-07
61400.04800076804 7.337974007198714e-08
61450.04800076804 3.354183229005139e-08
61500.04800076804 5.898237917521632e-08
61550.04800076804 5.7840415350021453e-08
61600.04800076804 3.562540081466329e-08
61650.04800076804 7.034688005957589e-08
61700.04800076804 5.3584854785636214e-08
61750.04800076804 6.60731441338e-08
61800.04800076804 7.784051846667215e-08
61850.04800076804 3.776055903250158e-08
61900.04800076804 9.259483116083242e-08
61950.04800076804 7.42953245928826e-08
62000.04800076804 1.0647944455026065e-07
62050.04800076804 7.615632846650846e-08
62100.04800076804 8.625485105014552e-08
62150.04800076804 1.1414624615000866e-07
62200.04800076804 8.852445178967043e-08
62250.04800076804 9.247064307688801e-08
62300.04800076804 1.408037202824078e-07
62350.04800076804 9.805612254589503e-08
62400.04800076804 4.560484851802383e-08
62450.04800076804 8.494583131551515e-08
62500.04800076804 1.2688286058907563e-07
62550.04800076804 1.1288576187497028e-07
62600.04800076804 1.2693698426792842e-07
62650.04800076804 8.704421108479359e-08
62700.04800076804 1.0391672926939573e-07
62750.04800076804 1.3683909375863317e-07
62800.04800076804 7.886769531429309e-08
62850.04800076804 1.1467912086757481e-07
62900.04800076804 7.801401737703444e-08
62950.04800076804 1.2033942161911835e-07
63000.04800076804 9.477866393313557e-08
63050.04800076804 1.278026484640377e-07
63100.04800076804 1.2061466881536788e-07
63150.04800076804 1.0315716394510169e-07
63200.04800076804 1.2791153686753178e-07
63250.04800076804 6.777965504729722e-08
