galfind/configs/Brown_Dwarf_templates/sonora_cholla/logkzz2/31g/850K_31g_logkzz2_resample.dat
# %ECSV 1.0
# ---
# datatype:
# - {name: wav, unit: Angstrom, datatype: float64}
# - {name: flux_nu, unit: erg / (cm2 Hz s), datatype: float64}
# schema: astropy-2.0
wav flux_nu
[from data line 387]
29350.000000000095 1.06587893863937e-07
29400.000000000095 5.287893423189561e-08
29450.000000000095 5.515523071506556e-08
29500.000000000095 6.109851004775771e-08
29550.000000000095 4.7035886652812106e-08
29600.000000000095 7.311984991579892e-08
29650.000000000095 6.413586584805802e-08
29700.000000000095 4.796047234591672e-08
29750.000000000095 6.03675299427904e-08
29800.000000000095 7.924574783317687e-08
29850.000000000095 8.289119483111832e-08
29900.000000000095 7.472200244453376e-08
29950.000000000095 5.7782627919947455e-08
30000.000000000095 6.262547046488739e-08
30050.000000000095 5.3976769049505837e-08
30100.000000000095 6.703542706095042e-08
30150.000000000095 7.899439032146875e-08
30200.000000000095 5.9418570626013027e-08
30250.000000000095 8.331926196908845e-08
30300.000000000095 7.284615975337918e-08
30350.000000000095 5.77188609835706e-08
30400.000000000095 7.110026945272022e-08
30450.000000000095 5.626569580333515e-08
30500.000000000095 5.310218851165506e-08
30550.000000000095 5.271577766819103e-08
30600.000000000095 6.138490687137442e-08
30650.000000000095 5.300262448862278e-08
30700.000000000095 4.5343312251902104e-08
30750.000000000095 4.082333559185525e-08
30800.000000000095 4.180574530704479e-08
30850.000000000095 3.9647390776595695e-08
30900.000000000095 3.68869051160654e-08
30950.000000000095 2.7945190090828525e-08
31000.000000000095 3.117590410872077e-08
31050.000000000095 2.9503316273384074e-08
31100.000000000095 1.9265836708666518e-08
31150.000000000095 2.5518261551636587e-08
31200.000000000095 2.4984828933369725e-08
31250.000000000095 1.8692219667586056e-08
31300.000000000095 1.7381984017322705e-08
31350.000000000095 1.848345662977541e-08
31400.000000000095 1.032223914026421e-08
31450.000000000095 1.958377986808697e-08
31500.000000000095 1.0895900224489652e-08
31550.000000000095 1.6488462112890414e-08
31600.000000000095 9.678449029193258e-09
31650.000000000095 1.08511614386943e-08
31700.000000000095 1.1942494284921928e-08
31750.000000000095 7.303108651991226e-09
31800.000000000095 1.121201663467372e-08
31850.000000000095 9.22982960396591e-09
31900.000000000095 8.872894219950072e-09
31950.000000000095 8.26184503575082e-09
32000.000000000095 9.129640381584621e-09
32050.000000000095 5.329685601911217e-09
32100.000000000095 5.9731369922743066e-09
32150.000000000095 7.707495663580859e-09
32200.000000000095 5.680271847272957e-09
32250.000000000095 1.0413268727787543e-08
32300.000000000095 4.314446411495556e-09
32350.000000000095 1.047365015893465e-08
32400.000000000095 6.680163833051355e-09
32450.000000000095 8.718686816700338e-09
32500.000000000095 6.49693042154067e-09
32550.000000000095 9.140678150150282e-09
32600.000000000095 8.882331249679587e-09
32650.000000000095 1.3977038256856467e-08
32700.000000000095 1.0288968909697336e-08
32750.000000000095 1.595585607619404e-08
32800.000000000095 9.593332679025779e-09
32850.000000000095 1.7886518198532686e-08
32900.000000000095 1.7262456419587543e-08
32950.000000000095 2.0411851779697103e-08
33000.000000000095 1.6473132417384065e-08
33050.000000000095 1.6758510143517574e-08
33100.000000000095 6.453864826985022e-09
33150.000000000095 1.0884631015570558e-09
33200.000000000095 1.4799556287511727e-09
33250.000000000095 6.691753027744478e-10
33300.000000000095 9.021791762889797e-10
33350.000000000095 2.1697007143682144e-09
33400.000000000095 3.773604390715e-09
33450.000000000095 5.265693564836698e-09
33500.000000000095 7.562894995832514e-09
33550.000000000095 7.164857006267184e-09
33600.000000000095 1.2146054130171903e-08
33650.000000000095 1.0420117107101777e-08
33700.000000000095 9.540055742114927e-09
33750.000000000095 1.3237291808166468e-08
33800.000000000095 8.956375910592814e-09
33850.000000000095 1.1966248353220755e-08
33900.000000000095 1.1621456916246822e-08
33950.000000000095 1.2027259045142258e-08
34000.000000000095 1.5690081450399843e-08
34050.000000000095 6.049423489571394e-09
34100.000000000095 1.4593651967425154e-08
34150.000000000095 1.0593826832047291e-08
34200.000000000095 1.3825422333831858e-08
34250.000000000095 9.65518147716329e-09
34300.000000000095 8.655376514976189e-09
34350.000000000095 1.2378846449916332e-08
34400.000000000095 1.0282010682795953e-08
34450.000000000095 1.5858136486485034e-08
34500.000000000095 9.80585528004768e-09
34550.000000000095 8.123864170180905e-09
34600.000000000095 1.574312486397543e-08
34650.000000000095 9.023953530985053e-09
34700.000000000095 1.0538290791190593e-08
34750.000000000095 8.441992520826543e-09
34800.000000000095 7.794343754245827e-09
34850.000000000095 1.1424306961137411e-08
34900.000000000095 1.4383758687342433e-08
34950.000000000095 1.116505730425742e-08
35000.000000000095 1.5631893172871037e-08
35050.000000000095 1.292386512862442e-08
35100.000000000095 1.731953091561037e-08
35150.000000000095 1.5931403149679955e-08
35200.000000000095 2.419400299425517e-08
35250.000000000095 2.017158582769191e-08
35300.000000000095 1.4894422220717764e-08
35350.000000000095 2.256792858977255e-08
35400.000000000095 2.1881053945061668e-08
35450.000000000095 1.9369250551822553e-08
35500.000000000095 3.4493759049468025e-08
35550.000000000095 2.628080425628926e-08
35600.000000000095 2.815992725249976e-08
35650.000000000095 2.588790135092438e-08
35700.000000000095 1.9092605381683694e-08
35750.000000000095 4.006830720629729e-08
35800.000000000095 3.007082544668312e-08
35850.000000000095 2.0948307814790008e-08
35900.000000000095 3.527089168840821e-08
35950.000000000095 3.167776063159074e-08
36000.000000000095 1.704026770154484e-08
36050.000000000095 2.903181050125693e-08
36100.000000000095 2.9977698037594454e-08
36150.000000000095 2.851360111021941e-08
36200.000000000095 2.725345698877151e-08
36250.000000000095 3.498536173102013e-08
36300.000000000095 3.490604376072569e-08
36350.000000000095 3.820762497140674e-08
36400.000000000095 4.903577438696159e-08
36450.000000000095 4.812860438521075e-08
36500.000000000095 5.554214125317405e-08
36550.000000000095 4.656967843137005e-08
36600.000000000095 6.42805932130242e-08
36650.000000000095 6.768626266265e-08
36700.000000000095 7.812641438589023e-08
36750.000000000095 8.22218901664802e-08
36800.000000000095 6.629840931827115e-08
36850.000000000095 6.239582144639217e-08
36900.000000000095 7.212179259760152e-08
36950.000000000095 7.567288118720366e-08
37000.000000000095 7.165822206759768e-08
37050.000000000095 7.935486204185641e-08
37100.000000000095 8.813084652467565e-08
37150.000000000095 8.614223189894202e-08
37200.000000000095 7.010632384264353e-08
37250.000000000095 6.808467887138876e-08
37300.000000000095 7.157538279475069e-08
37350.000000000095 8.78616609259461e-08
37400.000000000095 9.777624323466501e-08
37450.000000000095 9.375993016628922e-08
37500.000000000095 7.136341867088311e-08
37550.000000000095 1.234876818028021e-07
37600.000000000095 1.2300784422683847e-07
37650.000000000095 9.271572398232667e-08
37700.000000000095 9.385145032593149e-08
37750.000000000095 7.25862069831694e-08
37800.000000000095 8.18922332036286e-08
37850.000000000095 8.162802470068539e-08
37900.000000000095 9.074354764776819e-08
37950.000000000095 1.0509407060473147e-07
38000.000000000095 1.2960827549980709e-07
38050.000000000095 1.0931363610429352e-07
38100.000000000095 1.1597428356414522e-07
38150.000000000095 1.3877130136175049e-07
38200.000000000095 1.3805552714324868e-07
38250.000000000095 1.3992257961449912e-07
38300.000000000095 1.788479718648203e-07
38350.000000000095 1.8199600457683296e-07
38400.000000000095 1.151678534706294e-07
38450.000000000095 1.1858741442583801e-07
38500.000000000095 8.507216079354408e-08
38550.000000000095 1.0781555825911405e-07
38600.000000000095 1.2429950420577204e-07
38650.000000000095 1.782044724183883e-07
38700.000000000095 1.3831853664016632e-07
38750.000000000095 1.4709588070810887e-07
38800.000000000095 1.2476678406907954e-07
38850.000000000095 1.8076249704287955e-07
38900.000000000095 1.7636777906997374e-07
38950.000000000095 1.5372425256851408e-07
39000.000000000095 2.0323937916500497e-07
39050.000000000095 1.599010835803931e-07
39100.000000000095 1.9625329563254577e-07
39150.000000000095 1.697014264898663e-07
39200.000000000095 1.565405211232306e-07
39250.000000000095 2.0330201536063453e-07
39300.000000000095 1.9132643302394264e-07
39350.000000000095 2.603420913466023e-07
39400.000000000095 2.2385586315869326e-07
39450.000000000095 2.2501827744632155e-07
39500.000000000095 1.8838539923543532e-07
39550.000000000095 1.9269776271513343e-07
39600.000000000095 2.2376450801598384e-07
39650.000000000095 2.790879670121659e-07
39700.000000000095 2.0306366560327632e-07
39750.000000000095 1.568138536545979e-07
39800.000000000095 2.2944081364295884e-07
39850.000000000095 2.4668574184269646e-07
39900.000000000095 2.3863287129138976e-07
39950.000000000095 2.4734066170390143e-07
40000.000000000095 2.8789912611554147e-07
40050.000000000095 2.762165408559305e-07
40100.000000000095 1.9311920203555565e-07
40150.000000000095 3.227483641900286e-07
40200.000000000095 3.171524591113235e-07
40250.000000000095 2.594994948125757e-07
40300.000000000095 3.14416844741089e-07
40350.000000000095 2.455766728717826e-07
40400.000000000095 2.9156994673580733e-07
40450.000000000095 2.912809873360538e-07
40500.000000000095 3.2984537778118086e-07
40550.000000000095 3.195968870029299e-07
40600.000000000095 3.1014212347277776e-07
40650.000000000095 3.2244976483621954e-07
40700.000000000095 4.093590457730068e-07
40750.000000000095 3.854547706349933e-07
40800.000000000095 2.8199293811256466e-07
40850.000000000095 4.035497871592797e-07
40900.000000000095 3.0375022736155763e-07
40950.000000000095 3.041080839005381e-07
41000.000000000095 3.6710972980959243e-07
41050.000000000095 4.120501601413204e-07
41100.000000000095 3.2517972143695793e-07
41150.000000000095 2.7450565847081205e-07
41200.000000000095 4.273571523276219e-07
41250.000000000095 3.757974606157318e-07
41300.000000000095 3.2693252743913066e-07
41350.000000000095 4.5280597698872573e-07
41400.000000000095 3.8872513187236027e-07
41450.000000000095 4.2695013838682805e-07
41500.000000000095 3.3067105985019075e-07
41550.000000000095 3.453793199842352e-07
41600.000000000095 4.4500621562822456e-07
41650.000000000095 3.5793084358032103e-07
41700.000000000095 3.6584342647689616e-07
41750.000000000095 3.14330100451799e-07
41800.000000000095 4.5451460307806476e-07
41850.000000000095 2.7671150533949006e-07
41900.000000000095 3.5272603790876104e-07
41950.000000000095 3.501993487928561e-07
42000.000000000095 3.9062262682275866e-07
42050.000000000095 3.6898487610023774e-07
42100.000000000095 3.892048904367034e-07
42150.000000000095 3.105050220738214e-07
42200.000000000095 3.640268813506988e-07
42250.000000000095 3.091797159230617e-07
42300.000000000095 3.493391213333597e-07
42350.000000000095 3.683744510310927e-07
42400.000000000095 2.7785221985953904e-07
42450.000000000095 2.943029554307191e-07
42500.000000000095 2.9232820780629313e-07
42550.000000000095 3.1389435508030797e-07
42600.000000000095 2.9087818627203914e-07
42650.000000000095 4.105644642515561e-07
42700.000000000095 2.949395255381359e-07
42750.000000000095 3.001232337508939e-07
42800.000000000095 2.562947220144328e-07
42850.000000000095 3.105966926417129e-07
42900.000000000095 3.472629490243421e-07
42950.000000000095 2.7678440232727516e-07
43000.000000000095 3.8339925325924713e-07
43050.000000000095 2.3537855390404933e-07
43100.000000000095 3.104485602383709e-07
43150.000000000095 3.616826906618346e-07
43200.000000000095 3.707880798608552e-07
43250.000000000095 3.543405867632386e-07
43300.000000000095 4.210644527945541e-07
43350.000000000095 3.015864023063121e-07
43400.000000000095 3.6876265738584117e-07
43450.000000000095 2.5352709120071754e-07
43500.000000000095 2.4821587299952994e-07
43550.000000000095 2.7562135043621466e-07
43600.000000000095 3.6675297034739516e-07
43650.000000000095 2.5919954059225726e-07
43700.000000000095 3.994211961090523e-07
43750.000000000095 3.9802109835786684e-07
43800.000000000095 3.1300946438122087e-07
43850.000000000095 3.4115177310464047e-07
43900.000000000095 2.4418659246416113e-07
43950.000000000095 2.65525972922617e-07
44000.000000000095 1.7858047629268361e-07
44050.000000000095 3.078264195468924e-07
44100.000000000095 3.1389762382845373e-07
44150.000000000095 3.164759972483434e-07
44200.000000000095 2.6028967881269747e-07
44250.000000000095 2.516143032997954e-07
44300.000000000095 2.2569949737845368e-07
44350.000000000095 1.8100531578341416e-07
44400.000000000095 2.0192719643468058e-07
44450.000000000095 2.1168218077225248e-07
44500.000000000095 1.6402547889832225e-07
44550.000000000095 2.046842717647985e-07
44600.000000000095 1.6071699854540239e-07
44650.000000000095 1.8890753841864956e-07
44700.000000000095 1.6633628240922613e-07
44750.000000000095 1.8011362339487445e-07
44800.000000000095 1.5456684146118307e-07
44850.000000000095 1.5321004182194637e-07
44900.000000000095 1.1338150353386464e-07
44950.000000000095 1.1602040806025296e-07
45000.000000000095 1.218124329996735e-07
45050.000000000095 1.2875676661573278e-07
45100.000000000095 1.1349062652460229e-07
45150.000000000095 1.0737615979635877e-07
45200.000000000095 7.591121057342283e-08
45250.000000000095 8.658005748000851e-08
45300.000000000095 1.0049975373379854e-07
45350.000000000095 1.0279659897028269e-07
45400.000000000095 7.091085409179777e-08
45450.000000000095 7.394196474255014e-08
45500.000000000095 7.494790166091885e-08
45550.000000000095 9.171270972553102e-08
45600.000000000095 7.114475445473319e-08
45650.000000000095 7.086932589111474e-08
45700.000000000095 8.95697078230135e-08
45750.000000000095 7.837426479259548e-08
45800.000000000095 6.433004161333775e-08
45850.000000000095 1.0736920029225502e-07
45900.000000000095 1.0530577459607383e-07
45950.000000000095 6.678103863898519e-08
46000.000000000095 9.64571052937204e-08
46050.000000000095 1.0381817955465342e-07
46100.000000000095 6.74429342121322e-08
46150.000000000095 1.03653030929155e-07
46200.000000000095 9.565051621109905e-08
46250.000000000095 4.700219163940069e-08
46300.000000000095 1.1547947292461271e-07
46350.000000000095 8.069278834142284e-08
46400.000000000095 1.0237673458850794e-07
46450.000000000095 1.4169986058241573e-07
46500.000000000095 9.43928712441025e-08
46550.000000000095 1.349890768065614e-07
46600.000000000095 1.4069642159406743e-07
46650.000000000095 2.428170166598431e-07
46700.000000000095 1.6751026591998298e-07
46750.000000000095 1.283434587293765e-07
46800.000000000095 8.927580561425571e-08
46850.000000000095 1.5357482442601238e-07
46900.000000000095 1.2404444258364145e-07
46950.000000000095 1.7122407351652874e-07
47000.000000000095 9.064099336171875e-08
47050.000000000095 1.8323186398323456e-07
47100.000000000095 7.360827009418676e-08
47150.000000000095 1.0014883901991817e-07
47200.000000000095 1.2972904464165677e-07
47250.000000000095 8.261820243818801e-08
47300.000000000095 1.00597168150021e-07
47350.000000000095 7.289959001665915e-08
47400.000000000095 1.4710491392938215e-07
47450.000000000095 7.304195271522044e-08
47500.000000000095 1.6242910453546465e-07
47550.000000000095 7.821581003057416e-08
47600.000000000095 1.4833044084726134e-07
47650.000000000095 8.013369657625775e-08
47700.000000000095 1.3888931291885963e-07
47750.000000000095 6.285992915080018e-08
47800.000000000095 1.2086701452134483e-07
47850.000000000095 6.362162792021255e-08
47900.000000000095 1.1260512237159366e-07
47950.000000000095 8.626567230531017e-08
48000.000000000095 1.7632923364454283e-07
48050.000000000095 1.0599379436620381e-07
48100.000000000095 1.373758163923633e-07
48150.000000000095 1.031251577171146e-07
48200.000000000095 1.5739254920089177e-07
48250.000000000095 1.0801541780849555e-07
48300.000000000095 2.034830270733661e-07
48350.000000000095 9.29088655446559e-08
48400.000000000095 1.2248645003367948e-07
48450.000000000095 9.510933653402219e-08
48500.000000000095 1.941111766956626e-07
48550.000000000095 8.614683076294705e-08
48600.000000000095 1.6246731057497545e-07
