galfind/configs/Brown_Dwarf_templates/sonora_cholla/logkzz2/31g/900K_31g_logkzz2_resample.dat
# %ECSV 1.0
# ---
# datatype:
# - {name: wav, unit: Angstrom, datatype: float64}
# - {name: flux_nu, unit: erg / (cm2 Hz s), datatype: float64}
# schema: astropy-2.0
wav flux_nu
[from data line 773]
48650.000000000095 1.1248774285745076e-07
48700.000000000095 2.155086815531034e-07
48750.000000000095 1.2585199007491239e-07
48800.000000000095 2.0337298393657542e-07
48850.000000000095 1.4832881305463822e-07
48900.000000000095 2.2022064669206738e-07
48950.000000000095 1.8651075875505858e-07
49000.000000000095 1.4115930277520086e-07
49050.000000000095 2.0936438249897608e-07
49100.000000000095 1.2772116677649403e-07
49150.000000000095 2.411217785849436e-07
49200.000000000095 1.6556266279442024e-07
49250.000000000095 2.524867604520401e-07
49300.000000000095 1.7951935496161768e-07
49350.000000000095 1.627566164046194e-07
49400.000000000095 2.0289631123148705e-07
49450.000000000095 2.1004306201510258e-07
49500.000000000095 1.891270700124214e-07
49550.000000000095 1.0966672168634592e-07
49600.000000000095 2.00766013561872e-07
49650.000000000095 1.8341639313170632e-07
49700.000000000095 1.4490822836672818e-07
49750.000000000095 2.559568560326537e-07
49800.000000000095 1.5774294490747025e-07
49850.000000000095 3.0899644041745365e-07
49900.000000000095 2.2779962414309484e-07
49950.000000000095 2.455845186328772e-07
50000.000000000095 2.6146929764692805e-07
50050.000000000095 2.581693781633449e-07
50100.000000000095 2.90528000580755e-07
50150.000000000095 1.3964819439210473e-07
50200.000000000095 9.809836360668075e-08
50250.000000000095 2.6016383136872593e-07
50300.000000000095 1.8355281638160787e-07
50350.000000000095 2.45692481912087e-07
50400.000000000095 2.3660013562896185e-07
50450.000000000095 2.2208112359173148e-07
50500.000000000095 2.654067500072116e-07
50550.000000000095 2.298300554114411e-07
50600.000000000095 2.614466470839602e-07
50650.000000000095 2.468961519476133e-07
50700.000000000095 3.2378333580129145e-07
50750.000000000095 3.1478152953647976e-07
50800.000000000095 1.421655876670367e-07
50850.000000000095 1.6104088381118095e-07
50900.000000000095 2.7942588318873557e-07
50950.000000000095 2.9684952442924393e-07
51000.000000000095 2.484916045416329e-07
51050.000000000095 2.3711416080368322e-07
51100.000000000095 1.4454205961969005e-07
51150.000000000095 2.0131018013771015e-07
51200.000000000095 3.096013758173619e-07
51250.000000000095 2.7152716002918644e-07
51300.000000000095 1.8414767454470497e-07
51350.000000000095 2.3985059824276755e-07
51400.000000000095 1.6647370624813047e-07
51450.000000000095 1.4350842912136893e-07
51500.000000000095 1.335272232635937e-07
51550.000000000095 2.5302198697036177e-07
51600.000000000095 1.8158515067819237e-07
51650.000000000095 2.583561974026841e-07
51700.000000000095 2.4967362434866656e-07
51750.000000000095 1.7353152073315387e-07
51800.000000000095 3.2626986546207363e-07
51850.000000000095 2.4002471667699e-07
51900.000000000095 3.26866931825362e-07
51950.000000000095 2.686808400815372e-07
52000.000000000095 8.688918646889821e-08
52050.000000000095 1.818024518120999e-07
52100.000000000095 1.6968388498928676e-07
52150.000000000095 1.283030132476042e-07
52200.000000000095 1.2372672132123518e-07
52250.000000000095 1.6857520221966392e-07
52300.000000000095 2.778967143908356e-07
52350.000000000095 2.1203263342341461e-07
52400.000000000095 1.5326348237397912e-07
52450.000000000095 2.643438472785054e-07
52500.000000000095 2.3076689027568515e-07
52550.000000000095 2.5063842634792893e-07
52600.000000000095 1.81619876137439e-07
52650.000000000095 2.034905211130574e-07
52700.000000000095 1.8365544005607125e-07
52750.000000000095 1.4776357097070773e-07
52800.000000000095 1.550071874743938e-07
52850.000000000095 1.8715336758578773e-07
52900.000000000095 1.31439985951659e-07
52950.000000000095 1.3138149043618036e-07
53000.000000000095 2.9776415929463685e-07
53050.000000000095 1.1312663775109953e-07
53100.000000000095 2.47309388247223e-07
53150.000000000095 2.960527032469953e-07
53200.000000000095 1.4701981148650463e-07
53250.000000000095 2.786848712773679e-07
53300.000000000095 2.7227415988390216e-07
53350.000000000095 2.540248159686172e-07
53400.000000000095 2.708238683348967e-07
53450.000000000095 1.2187279519940087e-07
53500.000000000095 7.689840267994546e-08
53550.000000000095 1.3125309187772363e-07
53600.000000000095 1.7815746596748327e-07
53650.000000000095 1.7311315307415537e-07
53700.000000000095 1.5127688906955372e-07
53750.000000000095 1.5581706368742196e-07
53800.000000000095 1.5009880979240464e-07
53850.000000000095 2.0724608898018963e-07
53900.000000000095 1.8639921750791957e-07
53950.000000000095 2.570284087822396e-07
54000.000000000095 1.65333002441906e-07
54050.000000000095 1.8716024227332792e-07
54100.000000000095 8.721879262472221e-08
54150.000000000095 1.2715922245089741e-07
54200.000000000095 5.947874416305599e-08
54250.000000000095 6.982160587778768e-08
54300.000000000095 1.361575207427474e-07
54350.000000000095 1.6951661604230448e-07
54400.000000000095 1.891173280223873e-07
54450.000000000095 1.3845926887142567e-07
54500.000000000095 1.3073031251848713e-07
54550.000000000095 1.133706712107755e-07
54600.000000000095 1.5411973788055886e-07
54650.000000000095 7.292516576705628e-08
54700.000000000095 1.7011930654729249e-07
54750.000000000095 1.705407480709478e-07
54800.000000000095 1.215467036939086e-07
54850.000000000095 1.48244477346813e-07
54900.000000000095 1.8952499954743794e-07
54950.000000000095 2.4884007950535946e-07
55000.000000000095 1.010565648036514e-07
55050.000000000095 1.6832266881841057e-07
55100.000000000095 1.3869730372810312e-07
55150.000000000095 1.0955954092657668e-07
55200.000000000095 1.1353761146560399e-07
55250.000000000095 1.4019190315524365e-07
55300.000000000095 9.732514074287817e-08
55350.000000000095 1.5892590226123157e-07
55400.000000000095 2.0601022772381923e-07
55450.000000000095 1.3764348129464664e-07
55500.000000000095 7.297660782330228e-08
55550.000000000095 1.001307851658215e-07
55600.000000000095 9.029166401228352e-08
55650.000000000095 8.53716998590166e-08
55700.000000000095 1.1180759764924515e-07
55750.000000000095 1.1754740043023544e-07
55800.000000000095 8.406285861636795e-08
55850.000000000095 7.73599737659089e-08
55900.000000000095 1.5109507002606692e-07
55950.000000000095 1.856592603386382e-07
56000.000000000095 8.666421554937517e-08
56050.000000000095 1.266359254212019e-07
56100.000000000095 1.5379726963537416e-07
56150.000000000095 1.0571243969294458e-07
56200.000000000095 1.1972019988752856e-07
56250.000000000095 1.2343259639200257e-07
56300.000000000095 1.3242958426246528e-07
56350.000000000095 1.288255974556006e-07
56400.000000000095 8.252201230154984e-08
56450.000000000095 7.214689740996568e-08
56500.000000000095 7.00501389763115e-08
56550.000000000095 6.155480036403963e-08
56600.000000000095 1.3361500944468857e-07
56650.000000000095 1.253243545626896e-07
56700.000000000095 1.3265810196693326e-07
56750.000000000095 6.946579861628562e-08
56800.000000000095 1.6220026470053115e-07
56850.000000000095 1.228632881917519e-07
56900.000000000095 7.971539664582503e-08
56950.000000000095 1.438548921085672e-07
57000.000000000095 1.6137759329782812e-07
57050.000000000095 1.0291806558635662e-07
57100.000000000095 5.107249932819855e-08
57150.000000000095 7.762069941682981e-08
57200.000000000095 6.538010437053898e-08
57250.000000000095 8.629211543986279e-08
57300.000000000095 1.3110156836485465e-07
57350.000000000095 6.632895041684049e-08
57400.000000000095 1.144247777979778e-07
57450.000000000095 1.0526033109173055e-07
57500.000000000095 1.0607487503340621e-07
57550.000000000095 1.380364248737223e-07
57600.000000000095 1.449294351146359e-07
57650.000000000095 4.9939589352569226e-08
57700.000000000095 6.829201142339923e-08
57750.000000000095 9.653136000712242e-08
57800.000000000095 3.7802288011077956e-08
57850.000000000095 1.8384462035731432e-07
57900.000000000095 2.0184424428510542e-07
57950.000000000095 1.7251686074294078e-07
58000.000000000095 8.267164334029548e-08
58050.000000000095 1.2565776639430625e-07
58100.000000000095 1.4097849167667314e-07
58150.000000000095 9.517758219192967e-08
58200.000000000095 5.4432011745294286e-08
58250.000000000095 7.26767410746311e-08
58300.000000000095 5.2350338395063854e-08
58350.000000000095 7.814412180401669e-08
58400.000000000095 1.1715103410166557e-07
58450.000000000095 1.1148359698751427e-07
58500.000000000095 1.0307071927829282e-07
58550.000000000095 1.0862616792414736e-07
58600.000000000095 5.6556413806311676e-08
58650.000000000095 7.826573220515543e-08
58700.000000000095 9.319226692347208e-08
58750.000000000095 1.0164391002913268e-07
58800.000000000095 3.86780270277822e-08
58850.000000000095 8.776374453344641e-08
58900.000000000095 1.213642349946226e-07
58950.000000000095 6.700373290686768e-08
59000.000000000095 1.1712645611073218e-07
59050.000000000095 1.1903829481847498e-07
59100.000000000095 1.4142545460891623e-07
59150.000000000095 9.783445294148158e-08
59200.000000000095 1.1269189997086459e-07
59250.000000000095 1.2771960611663682e-07
59300.000000000095 1.1503195666713639e-07
59350.000000000095 5.099526238375242e-08
59400.000000000095 3.9771008182249636e-08
59450.000000000095 1.0228727069661027e-07
59500.000000000095 5.8726051313328914e-08
59550.000000000095 1.1372468076374777e-07
59600.000000000095 1.0619062715800065e-07
59650.000000000095 1.0859934359136277e-07
59700.000000000095 6.891270440118494e-08
59750.000000000095 1.4818653328909994e-07
59800.000000000095 8.813347129133592e-08
59850.000000000095 1.2340667246434054e-07
59900.000000000095 5.519906199785883e-08
59950.000000000095 8.10685781153597e-08
60000.000000000095 1.5855457804768656e-07
60050.000000000095 1.419594989871086e-07
60100.000000000095 1.5049307465203223e-07
60150.000000000095 9.912469505558046e-08
60200.000000000095 1.1641962783748502e-07
60250.000000000095 1.389686982973245e-07
60300.000000000095 1.4580211713082318e-07
60350.000000000095 1.0329640693312665e-07
60400.000000000095 1.1631886561998269e-07
60450.000000000095 6.071527452546021e-08
60500.000000000095 3.5646631026502086e-08
60550.000000000095 1.3432197016363893e-07
60600.000000000095 1.3256506566920925e-07
60650.000000000095 1.071827785563913e-07
60700.000000000095 8.294470164122455e-08
60750.000000000095 6.39789685281538e-08
60800.000000000095 1.354234607453449e-07
60850.000000000095 1.8926382613979323e-07
60900.000000000095 1.8561885605576775e-07
60950.000000000095 1.6863164721392718e-07
61000.000000000095 1.1036060290415348e-07
61050.000000000095 7.985313041525875e-08
61100.000000000095 1.1174380395307602e-07
61150.000000000095 4.320032372100635e-08
61200.000000000095 1.502295179483062e-07
61250.000000000095 1.8593415645904192e-07
61300.000000000095 1.6492043080059346e-07
61350.000000000095 1.8723247285898274e-07
61400.000000000095 1.2794645390899052e-07
61450.000000000095 6.687947852120421e-08
61500.000000000095 1.0434164708460349e-07
61550.000000000095 9.579552157374545e-08
61600.000000000095 6.558503264379016e-08
61650.000000000095 1.1713324466612052e-07
61700.000000000095 8.597213928149411e-08
61750.000000000095 1.0863269470149588e-07
61800.000000000095 1.286360098349521e-07
61850.000000000095 7.880452291974408e-08
61900.000000000095 1.4623363011272446e-07
61950.000000000095 1.2448433937982006e-07
62000.000000000095 1.564143032416547e-07
62050.000000000095 1.1651600209945244e-07
62100.000000000095 1.4030896129995616e-07
62150.000000000095 1.730824754492036e-07
62200.000000000095 1.352754172993702e-07
62250.000000000095 1.4718985404406523e-07
62300.000000000095 2.017769068560738e-07
62350.000000000095 1.4033537238128637e-07
62400.000000000095 7.699935437105898e-08
62450.000000000095 1.3537265375943083e-07
62500.000000000095 1.774338139020754e-07
62550.000000000095 1.7083065748250187e-07
62600.000000000095 1.83410409154787e-07
62650.000000000095 1.3083582886490823e-07
62700.000000000095 1.6131831165768371e-07
62750.000000000095 2.0662514613834432e-07
62800.000000000095 1.2565554346741664e-07
62850.000000000095 1.7101280733817606e-07
62900.000000000095 1.2283160316767717e-07
62950.000000000095 1.660409784624051e-07
63000.000000000095 1.4370016538081835e-07
63050.000000000095 1.8726955745677537e-07
63100.000000000095 1.7061199339780772e-07
63150.000000000095 1.5642466946380244e-07
63200.000000000095 1.8817449469453395e-07
63250.000000000095 1.0227348892443093e-07
63300.000000000095 1.613179415599358e-07
63350.000000000095 1.6133824766734775e-07
63400.000000000095 9.774639041418396e-08
63450.000000000095 7.790969772066983e-08
63500.000000000095 1.432879159956411e-07
63550.000000000095 1.3586207785002918e-07
63600.000000000095 1.488992065141538e-07
63650.000000000095 1.1666664051246641e-07
63700.000000000095 8.091890037001698e-08
63750.000000000095 1.0993562077879212e-07
63800.000000000095 1.6197424381224176e-07
63850.000000000095 1.3404842009130102e-07
63900.000000000095 9.323465146970729e-08
63950.000000000095 1.432718155622362e-07
64000.000000000095 1.3247492858883894e-07
64050.000000000095 9.585772739252939e-08
64100.000000000095 3.888086743804572e-08
64150.000000000095 5.445741807267485e-08
64200.000000000095 5.64960443108645e-08
64250.000000000095 1.1348041569021687e-07
64300.000000000095 8.096581926202823e-08
64350.000000000095 7.057142577125129e-08
64400.000000000095 1.146649482084292e-07
64450.000000000095 1.2661980509645983e-07
64500.000000000095 7.001483943695699e-08
64550.000000000095 9.660439797129029e-08
64600.000000000095 4.411830251779097e-08
64650.000000000095 9.166521419535932e-08
64700.000000000095 4.989490664341748e-08
64750.000000000095 7.101882051605964e-08
64800.000000000095 6.636725364902753e-08
64850.000000000095 5.531198629059147e-08
64900.000000000095 6.071431850824258e-08
64950.000000000095 6.347636134093701e-08
65000.000000000095 7.933767263956853e-08
65050.000000000095 7.368092878008274e-08
65100.000000000095 1.0874578197177775e-07
65150.000000000095 5.417619260020609e-08
65200.000000000095 5.219035763915874e-08
65250.000000000095 1.1033382515884427e-07
65300.000000000095 7.562873407305958e-08
65350.000000000095 1.3707459250381224e-07
65400.000000000095 8.042429650954333e-08
65450.000000000095 8.984092774843773e-08
65500.000000000095 1.0815015574664269e-07
65550.00000000009 6.368948428172401e-08
65600.00000000009 9.02403034903012e-08
65650.00000000009 8.987577524350695e-08
65700.00000000009 8.144237991711764e-08
65750.00000000009 6.198698433020029e-08
65800.00000000009 9.472092335159614e-08
65850.00000000009 1.0016203160418402e-07
65900.00000000009 5.881816027711807e-08
65950.00000000009 5.712816262932815e-08
66000.00000000009 8.363907502654868e-08
66050.00000000009 1.5298708936122294e-07
66100.00000000009 9.419305739942002e-08
66150.00000000009 6.559937303275431e-08
66200.00000000009 6.736374609317561e-08
66250.00000000009 6.316564176603982e-08
66300.00000000009 3.127194580775176e-08
66350.00000000009 4.154510150884435e-08
66400.00000000009 5.9445135380468056e-08
66450.00000000009 1.0355625738302918e-07
66500.00000000009 1.4680725486440866e-07
66550.00000000009 1.5318455831213343e-07
66600.00000000009 1.1151006199100839e-07
66650.00000000009 8.493298966977581e-08
66700.00000000009 8.390911312560167e-08
66750.00000000009 7.889449595001565e-08
66800.00000000009 1.033951671516415e-07
66850.00000000009 6.881736182166543e-08
66900.00000000009 1.2400283601502405e-07
66950.00000000009 1.406776447770595e-07
67000.00000000009 1.2321899781589623e-07
67050.00000000009 9.652914384900299e-08
67100.00000000009 6.859969040346448e-08
67150.00000000009 7.329956087040654e-08
67200.00000000009 8.987756313851341e-08
67250.00000000009 9.896181341882431e-08
67300.00000000009 9.854528411941997e-08
67350.00000000009 6.1797322007339e-08
67400.00000000009 1.3655758943517457e-07
67450.00000000009 9.680072806898055e-08
67500.00000000009 9.292728608641819e-08
67550.00000000009 1.175370084198962e-07
67600.00000000009 1.834080168423131e-07
67650.00000000009 1.436317225672039e-07
67700.00000000009 1.0049895887663973e-07
67750.00000000009 9.065880382825968e-08
67800.00000000009 1.2354124972602625e-07
67850.00000000009 7.074980804590844e-08
67900.00000000009 9.029105214087991e-08
