galfind/configs/Brown_Dwarf_templates/sonora_cholla/logkzz2/31g/900K_31g_logkzz2_resample.dat
# %ECSV 1.0
# ---
# datatype:
# - {name: wav, unit: Angstrom, datatype: float64}
# - {name: flux_nu, unit: erg / (cm2 Hz s), datatype: float64}
# schema: astropy-2.0
wav flux_nu
10000.000000000093 nan
10050.000000000093 1.1897342865799495e-07
10100.000000000093 1.4718752145891535e-07
10150.000000000093 1.599363806566089e-07
10200.000000000093 1.8512471850614863e-07
10250.000000000093 2.0371569191584983e-07
10300.000000000093 2.1076225073710583e-07
10350.000000000093 2.4906564443366644e-07
10400.000000000093 2.840573323804336e-07
10450.000000000093 2.877785470414315e-07
10500.000000000093 2.74430862902384e-07
10550.000000000093 2.751945311518401e-07
10600.000000000093 2.844895762324715e-07
10650.000000000093 3.1293926818374e-07
10700.000000000093 3.318334475236077e-07
10750.000000000093 3.516959189923068e-07
10800.000000000093 3.562854668919152e-07
10850.000000000093 3.7024181158182663e-07
10900.000000000093 2.7928077301983264e-07
10950.000000000093 1.6233436857091271e-07
11000.000000000093 1.3890838997956774e-07
11050.000000000093 1.0838371195132726e-07
11100.000000000093 8.921239846636466e-08
11150.000000000093 6.079174910675873e-08
11200.000000000093 5.244452090937468e-08
11250.000000000093 6.351295722101886e-08
11300.000000000093 6.769311204286481e-08
11350.000000000093 3.140172958385028e-08
11400.000000000093 5.916147377267111e-08
11450.000000000093 4.4726066214871924e-08
11500.000000000093 4.32789949934804e-08
11550.000000000093 2.1756277921492486e-08
11600.000000000093 2.4218041701793642e-08
11650.000000000093 3.763049024323955e-08
11700.000000000093 4.1356407366434775e-08
11750.000000000093 1.637412304414136e-08
11800.000000000093 4.5171255783285115e-08
11850.000000000093 7.222884451427855e-08
11900.000000000093 7.589147658640768e-08
11950.000000000093 1.1082493114444248e-07
12000.000000000093 1.3666739083903667e-07
12050.000000000093 1.7670405393919177e-07
12100.000000000093 2.1698298085976423e-07
12150.000000000093 2.457404352345126e-07
12200.000000000093 2.95950311187521e-07
12250.000000000093 3.4457983707819133e-07
12300.000000000093 3.787705118673149e-07
12350.000000000093 4.051651079107627e-07
12400.000000000093 4.4379001933859453e-07
12450.000000000093 5.168753907497398e-07
12500.000000000093 5.554261836831961e-07
12550.000000000093 5.864594587544166e-07
12600.000000000093 5.832678957669659e-07
12650.000000000093 5.825352108581806e-07
12700.000000000093 6.043518636399352e-07
12750.000000000093 5.696606285080112e-07
12800.000000000093 5.750279213333649e-07
12850.000000000093 5.096095192383183e-07
12900.000000000093 4.5045579723364766e-07
12950.000000000093 4.7081730430465635e-07
13000.000000000093 4.3793434966105194e-07
13050.000000000093 4.0642179693669473e-07
13100.000000000093 3.5285861942856084e-07
13150.000000000093 2.8128334995687175e-07
13200.000000000093 2.624165106699812e-07
13250.000000000093 1.960834608775084e-07
13300.000000000093 9.277777560453186e-08
13350.000000000093 2.7889619307785655e-08
13400.000000000093 1.662150727676938e-08
13450.000000000093 8.486033876765312e-09
13500.000000000093 4.949493478619593e-09
13550.000000000093 3.866448236356105e-09
13600.000000000093 1.6905034872200397e-09
13650.000000000093 5.100346752132811e-09
13700.000000000093 4.2737103765607035e-09
13750.000000000093 4.0807503782669016e-09
13800.000000000093 4.528282978739779e-09
13850.000000000093 3.963386407681541e-09
13900.000000000093 3.830292963502367e-09
13950.000000000093 3.25480256836628e-09
14000.000000000093 3.0651472778448655e-09
14050.000000000093 4.063260958290502e-09
14100.000000000093 3.842208419080573e-09
14150.000000000093 5.4409988620265065e-09
14200.000000000093 4.393961557804766e-09
14250.000000000093 4.9174930529461405e-09
14300.000000000093 7.804190861465012e-09
14350.000000000093 7.640059012637705e-09
14400.000000000093 9.70530763818994e-09
14450.000000000093 1.0543328356156803e-08
14500.000000000093 1.9875239285671127e-08
14550.000000000093 2.033345163400185e-08
14600.000000000093 2.6880534689814048e-08
14650.000000000093 3.060799038419886e-08
14700.000000000093 2.1133070124125764e-08
14750.000000000093 3.072511061749879e-08
14800.000000000093 3.962495525939282e-08
14850.000000000093 4.119357235888997e-08
14900.000000000093 4.652521307856739e-08
14950.000000000093 5.3610681841511176e-08
15000.000000000093 5.710140151109972e-08
15050.000000000093 7.297164515518979e-08
15100.000000000093 8.24909462791095e-08
15150.000000000093 9.201182971737555e-08
15200.000000000093 7.877158619542312e-08
15250.000000000093 1.0081808099373148e-07
15300.000000000093 1.1845285528459841e-07
15350.000000000093 1.4296484771503685e-07
15400.000000000093 1.5799577579993089e-07
15450.000000000093 1.8077639901762855e-07
15500.000000000093 1.9077976743830315e-07
15550.000000000093 2.1998665563215206e-07
15600.000000000093 2.3647676996373129e-07
15650.000000000093 2.4406751610677245e-07
15700.000000000093 2.8568250927730995e-07
15750.000000000093 3.079743468878505e-07
15800.000000000093 2.887146790197324e-07
15850.000000000093 3.1446855653293406e-07
15900.000000000093 2.9135761862719145e-07
15950.000000000093 2.7295498825274903e-07
16000.000000000093 2.375267878200559e-07
16050.000000000093 1.7779031643924724e-07
16100.000000000093 1.3912002764833568e-07
16150.000000000093 8.278801313459991e-08
16200.000000000093 5.505764332817998e-08
16250.000000000093 5.3315217129941377e-08
16300.000000000093 4.060557049354019e-08
16350.000000000093 4.429336779285783e-08
16400.000000000095 5.011235033280686e-08
16450.000000000095 5.8917702954119176e-08
16500.000000000095 6.336427363001476e-08
16550.000000000095 5.6678769153495085e-08
16600.000000000095 5.238064038892323e-08
16650.000000000095 4.0336397686581404e-08
16700.000000000095 1.3489829534535466e-08
16750.000000000095 1.8972814165277662e-08
16800.000000000095 3.397549546764643e-08
16850.000000000095 3.8376243542737705e-08
16900.000000000095 2.9488494370211553e-08
16950.000000000095 2.4343760329220305e-08
17000.000000000095 1.8712184400198667e-08
17050.000000000095 2.5470829305773658e-08
17100.000000000095 3.347159159365402e-08
17150.000000000095 2.2670122469424875e-08
17200.000000000095 4.126640521678192e-08
17250.000000000095 3.3465037150093435e-08
17300.000000000095 2.4993309812182213e-08
17350.000000000095 2.4628963050602072e-08
17400.000000000095 2.479816747511127e-08
17450.000000000095 3.2292157818505264e-08
17500.000000000095 4.073008294023831e-08
17550.000000000095 3.462474177294905e-08
17600.000000000095 2.8366239905534374e-08
17650.000000000095 2.7854732419615742e-08
17700.000000000095 1.965113059210212e-08
17750.000000000095 1.995727074722404e-08
17800.000000000095 2.8722771642369556e-08
17850.000000000095 1.9948343566638414e-08
17900.000000000095 2.1229679780122403e-08
17950.000000000095 1.4144941664766483e-08
18000.000000000095 1.709857338590461e-08
18050.000000000095 2.1678690448101117e-08
18100.000000000095 1.7995142560459892e-08
18150.000000000095 2.8896747105635192e-08
18200.000000000095 1.8387183365575916e-08
18250.000000000095 3.5150085736710735e-08
18300.000000000095 2.3491412853361455e-08
18350.000000000095 1.999309179700174e-08
18400.000000000095 1.746814639512432e-08
18450.000000000095 2.185455162111733e-08
18500.000000000095 2.6785061391904057e-08
18550.000000000095 2.081457963477109e-08
18600.000000000095 1.8442623640257326e-08
18650.000000000095 1.7392681727839367e-08
18700.000000000095 1.7358136764951484e-08
18750.000000000095 2.0135982266158537e-08
18800.000000000095 3.8257517455870385e-08
18850.000000000095 4.3674114787609074e-08
18900.000000000095 4.124162675203368e-08
18950.000000000095 5.892416436959578e-08
19000.000000000095 4.4932277508820865e-08
19050.000000000095 3.507391423914082e-08
19100.000000000095 5.834851113153318e-08
19150.000000000095 4.8063910500948563e-08
19200.000000000095 5.258993836121041e-08
19250.000000000095 4.8186516044064604e-08
19300.000000000095 4.1113713385612674e-08
19350.000000000095 3.9043342984109385e-08
19400.000000000095 2.5179689390267864e-08
19450.000000000095 4.593647899582511e-08
19500.000000000095 4.1293418932384056e-08
19550.000000000095 3.3275890862136085e-08
19600.000000000095 4.8335625378293146e-08
19650.000000000095 5.055039038883818e-08
19700.000000000095 5.390528551039966e-08
19750.000000000095 5.548915520222302e-08
19800.000000000095 6.479482102036284e-08
19850.000000000095 7.511771077569339e-08
19900.000000000095 5.3004792371420874e-08
19950.000000000095 8.705518102817347e-08
20000.000000000095 8.842897030597842e-08
20050.000000000095 9.24678410487758e-08
20100.000000000095 1.0159180962841635e-07
20150.000000000095 9.249083484544137e-08
20200.000000000095 1.1481490569952582e-07
20250.000000000095 1.3260319809397594e-07
20300.000000000095 1.1448991103751538e-07
20350.000000000095 1.321359597874496e-07
20400.000000000095 1.2826390249424235e-07
20450.000000000095 1.627592125027154e-07
20500.000000000095 1.6140495795234004e-07
20550.000000000095 1.514188100584757e-07
20600.000000000095 1.8163988089959552e-07
20650.000000000095 1.6433639875109576e-07
20700.000000000095 1.7359405201213093e-07
20750.000000000095 1.936790868480431e-07
20800.000000000095 1.8653713310145785e-07
20850.000000000095 1.7723399196651672e-07
20900.000000000095 1.8890437668912655e-07
20950.000000000095 1.6836778036027423e-07
21000.000000000095 1.8195378316880956e-07
21050.000000000095 1.6451787465359083e-07
21100.000000000095 1.5906429543302949e-07
21150.000000000095 1.5311069017165434e-07
21200.000000000095 1.45345585242912e-07
21250.000000000095 1.3937849855404862e-07
21300.000000000095 1.1621901022337005e-07
21350.000000000095 1.2195029575291474e-07
21400.000000000095 1.0438987305710022e-07
21450.000000000095 9.208590219967727e-08
21500.000000000095 9.209980444453494e-08
21550.000000000095 8.429002319361315e-08
21600.000000000095 7.305489503693994e-08
21650.000000000095 5.952884941734776e-08
21700.000000000095 6.45420274422233e-08
21750.000000000095 6.128410501568616e-08
21800.000000000095 5.2780779145252764e-08
21850.000000000095 4.4937005934659385e-08
21900.000000000095 3.722901596049352e-08
21950.000000000095 1.5169426982780312e-08
22000.000000000095 9.648991045547276e-09
22050.000000000095 6.410897308167291e-09
22100.000000000095 1.0833683010786675e-08
22150.000000000095 1.5159339612267065e-08
22200.000000000095 1.4737019557949405e-08
22250.000000000095 1.2871944216097823e-08
22300.000000000095 1.1576176724941332e-08
22350.000000000095 1.085176779062617e-08
22400.000000000095 8.284827478137963e-09
22450.000000000095 7.856979083194572e-09
22500.000000000095 8.234331047197699e-09
22550.000000000095 3.4949981279063903e-09
22600.000000000095 5.961174157855682e-09
22650.000000000095 6.965608024032204e-09
22700.000000000095 5.568869155622554e-09
22750.000000000095 6.208319712735374e-09
22800.000000000095 5.085845561422387e-09
22850.000000000095 4.5814967240476386e-09
22900.000000000095 3.243409384954389e-09
22950.000000000095 4.026797252174202e-09
23000.000000000095 3.5826321605383976e-09
23050.000000000095 5.214451754672977e-09
23100.000000000095 9.159212430737632e-09
23150.000000000095 1.0449803279655858e-08
23200.000000000095 3.1870747522288527e-09
23250.000000000095 2.788101664127511e-09
23300.000000000095 3.069856629770764e-09
23350.000000000095 2.670215912706786e-09
23400.000000000095 4.47060416357053e-09
23450.000000000095 3.744392094442933e-09
23500.000000000095 3.2515740906428347e-09
23550.000000000095 5.765377883074507e-09
23600.000000000095 5.3814176964764665e-09
23650.000000000095 8.413827704546577e-09
23700.000000000095 3.906757107506214e-09
23750.000000000095 2.7158511323463e-09
23800.000000000095 4.397688434013198e-09
23850.000000000095 4.4449347735694066e-09
23900.000000000095 8.355735269797024e-09
23950.000000000095 8.772406948929042e-09
24000.000000000095 1.0554206782170783e-08
24050.000000000095 1.4907089984435523e-08
24100.000000000095 1.119233970834156e-08
24150.000000000095 1.3123743538702566e-08
24200.000000000095 1.2545001344469243e-08
24250.000000000095 8.992753627968163e-09
24300.000000000095 1.2739770606797362e-08
24350.000000000095 1.0810115479262773e-08
24400.000000000095 1.7853995166264306e-08
24450.000000000095 1.5155401706451734e-08
24500.000000000095 1.831367366005588e-08
24550.000000000095 1.9227795564838934e-08
24600.000000000095 2.3515145783913378e-08
24650.000000000095 2.493256476618284e-08
24700.000000000095 2.1044846505011943e-08
24750.000000000095 1.8503551131869164e-08
24800.000000000095 2.2755692260417848e-08
24850.000000000095 3.0802987634577206e-08
24900.000000000095 1.853229479282588e-08
24950.000000000095 2.9627236799492886e-08
25000.000000000095 3.2364225894208666e-08
25050.000000000095 2.4061728167200624e-08
25100.000000000095 2.835680851194425e-08
25150.000000000095 1.7699208857976033e-08
25200.000000000095 2.6931830438816726e-08
25250.000000000095 1.648296750621706e-08
25300.000000000095 2.6749666768315963e-08
25350.000000000095 1.2102516421160232e-08
25400.000000000095 2.6325856730778943e-08
25450.000000000095 1.7073147498023997e-08
25500.000000000095 1.587330908469712e-08
25550.000000000095 2.0026789473664798e-08
25600.000000000095 9.692201232371107e-09
25650.000000000095 1.0625482541674545e-08
25700.000000000095 1.9565594416502453e-08
25750.000000000095 9.348803639557369e-09
25800.000000000095 1.9595297484048204e-08
25850.000000000095 9.03461255702207e-09
25900.000000000095 1.1701857467541963e-08
25950.000000000095 7.513017828568616e-09
26000.000000000095 2.0294257195492328e-08
26050.000000000095 1.1811679766347115e-08
26100.000000000095 2.070962393403921e-08
26150.000000000095 1.4724551648043089e-08
26200.000000000095 2.0358161922994307e-08
26250.000000000095 2.9066194253251247e-08
26300.000000000095 1.8132556245224206e-08
26350.000000000095 3.5026355623766176e-08
26400.000000000095 4.1870501356048984e-08
26450.000000000095 3.837496376420637e-08
26500.000000000095 3.5019035678133676e-08
26550.000000000095 2.7022389351638178e-08
26600.000000000095 3.2864001488384526e-08
26650.000000000095 1.402053049770362e-08
26700.000000000095 9.36269502555634e-09
26750.000000000095 8.522768465770636e-09
26800.000000000095 1.4536205419217412e-08
26850.000000000095 8.447316114247802e-09
26900.000000000095 2.1310285280431706e-08
26950.000000000095 9.85840881114338e-09
27000.000000000095 2.9191388487247088e-08
27050.000000000095 2.5221937936090877e-08
27100.000000000095 1.530137831461233e-08
27150.000000000095 3.708839298654871e-08
27200.000000000095 1.5761165052099886e-08
27250.000000000095 2.2002818182273172e-08
27300.000000000095 5.777184919584047e-08
27350.000000000095 3.775169736996379e-08
27400.000000000095 8.22117608420742e-09
27450.000000000095 4.889444189407617e-08
27500.000000000095 4.633996746114764e-08
27550.000000000095 2.2432934541369156e-08
27600.000000000095 4.252981004452967e-08
27650.000000000095 1.7739587455689494e-08
27700.000000000095 1.253994583849988e-08
27750.000000000095 4.1595114269781575e-08
27800.000000000095 1.8999327240915383e-08
27850.000000000095 2.263435454185247e-08
27900.000000000095 2.897684550112812e-08
27950.000000000095 3.441397776206153e-08
28000.000000000095 3.874946594828772e-08
28050.000000000095 1.4222165585309232e-08
28100.000000000095 4.863784999897838e-08
28150.000000000095 3.44611656802407e-08
28200.000000000095 1.2476878613902796e-08
28250.000000000095 4.95352875396146e-08
28300.000000000095 7.190335430331642e-08
28350.000000000095 1.72022225447869e-08
28400.000000000095 4.3357674509609265e-08
28450.000000000095 5.021993617507711e-08
28500.000000000095 4.075373646343591e-08
28550.000000000095 1.3878942093359658e-08
28600.000000000095 4.9808872287588476e-08
28650.000000000095 5.129364300846703e-08
28700.000000000095 4.204591758523085e-08
28750.000000000095 6.412354545744566e-08
28800.000000000095 4.9608054006459825e-08
28850.000000000095 7.23803526498256e-08
28900.000000000095 2.951542162600233e-08
28950.000000000095 7.272992195291206e-08
29000.000000000095 4.5774225641309105e-08
29050.000000000095 5.708045459290502e-08
29100.000000000095 3.152965068563657e-08
29150.000000000095 7.652950070793581e-08
29200.000000000095 5.0596916408595677e-08
29250.000000000095 7.580171471461565e-08
