galfind/configs/Brown_Dwarf_templates/sonora_cholla/logkzz2/31g/950K_31g_logkzz2_resample.dat
# %ECSV 1.0
# ---
# datatype:
# - {name: wav, unit: Angstrom, datatype: float64}
# - {name: flux_nu, unit: erg / (cm2 Hz s), datatype: float64}
# schema: astropy-2.0
wav flux_nu
[from data line 1161]
68050.00000000009 1.5162467600013947e-07
68100.00000000009 1.746417029402119e-07
68150.00000000009 1.390934699595673e-07
68200.00000000009 1.313676172118397e-07
68250.00000000009 6.765957162760676e-08
68300.00000000009 1.1603973294457541e-07
68350.00000000009 6.000177438008368e-08
68400.00000000009 1.8522038466501298e-07
68450.00000000009 1.747904475359282e-07
68500.00000000009 1.4188776154801842e-07
68550.00000000009 9.904649534928429e-08
68600.00000000009 1.0121700209984878e-07
68650.00000000009 6.807803754706775e-08
68700.00000000009 1.1161932167048439e-07
68750.00000000009 1.3912656097354025e-07
68800.00000000009 1.5203257401425147e-07
68850.00000000009 7.757092249278464e-08
68900.00000000009 1.8376772027943154e-07
68950.00000000009 1.761242364264667e-07
69000.00000000009 1.588942514267387e-07
69050.00000000009 1.0990032866864484e-07
69100.00000000009 1.7293099935068006e-07
69150.00000000009 2.222376861392673e-07
69200.00000000009 1.440773283786669e-07
69250.00000000009 2.029857396296456e-07
69300.00000000009 1.120650794999348e-07
69350.00000000009 1.887129602014588e-07
69400.00000000009 9.014168439653374e-08
69450.00000000009 1.7914281569500244e-07
69500.00000000009 1.2952925686183225e-07
69550.00000000009 1.2963005509985694e-07
69600.00000000009 5.6403281952618574e-08
69650.00000000009 1.184986329649611e-07
69700.00000000009 1.7918303243753662e-07
69750.00000000009 1.238278968821715e-07
69800.00000000009 1.6561626455138144e-07
69850.00000000009 1.636305406649392e-07
69900.00000000009 1.0882873876105785e-07
69950.00000000009 1.277779799801606e-07
70000.00000000009 1.245258965418618e-07
70050.00000000009 1.8049896851964166e-07
70100.00000000009 1.421599036275487e-07
70150.00000000009 1.3827893276714743e-07
70200.00000000009 9.555490691650651e-08
70250.00000000009 1.382706324370583e-07
70300.00000000009 1.724208011776496e-07
70350.00000000009 1.169760686317311e-07
70400.00000000009 1.1481844100883494e-07
70450.00000000009 5.940050930072694e-08
70500.00000000009 9.375865219733959e-08
70550.00000000009 1.0384780404225164e-07
70600.00000000009 9.236006380472959e-08
70650.00000000009 1.467433095151063e-07
70700.00000000009 1.3764550895390143e-07
70750.00000000009 1.4332875124255707e-07
70800.00000000009 9.466751667414928e-08
70850.00000000009 1.0702005246367696e-07
70900.00000000009 9.621612373765372e-08
70950.00000000009 1.6849461495657845e-07
71000.00000000009 1.332621603863769e-07
71050.00000000009 1.2939725707110853e-07
71100.00000000009 1.1184596476116253e-07
71150.00000000009 1.2881561441541342e-07
71200.00000000009 1.1461848731712197e-07
71250.00000000009 1.1588479938357878e-07
71300.00000000009 1.619607336748933e-07
71350.00000000009 1.576184822013366e-07
71400.00000000009 1.540592351917596e-07
71450.00000000009 8.321557529800082e-08
71500.00000000009 1.0424772441685952e-07
71550.00000000009 1.1175876250075594e-07
71600.00000000009 1.1431514452757337e-07
71650.00000000009 1.1631652697960891e-07
71700.00000000009 9.416781580577517e-08
71750.00000000009 1.1151080224877843e-07
71800.00000000009 1.5006452903380127e-07
71850.00000000009 1.3887192707246902e-07
71900.00000000009 1.0144633176573977e-07
71950.00000000009 1.0349281279355772e-07
72000.00000000009 1.0645583861406455e-07
72050.00000000009 8.472595203132909e-08
72100.00000000009 9.696703633808533e-08
72150.00000000009 7.160266410764187e-08
72200.00000000009 9.921533659182121e-08
72250.00000000009 1.1435492294601085e-07
72300.00000000009 1.1465254325155511e-07
72350.00000000009 1.1990675354735838e-07
72400.00000000009 9.1331482407219e-08
72450.00000000009 8.325011542266677e-08
72500.00000000009 1.0190737469033517e-07
72550.00000000009 6.0161230072676e-08
72600.00000000009 5.6740945659415e-08
72650.00000000009 1.22379573615712e-07
72700.00000000009 1.1966203936090024e-07
72750.00000000009 9.969135400273571e-08
72800.00000000009 9.20098975250616e-08
72850.00000000009 8.283211678027849e-08
72900.00000000009 9.555897479199212e-08
72950.00000000009 1.1146884482986762e-07
73000.00000000009 1.1187452518281325e-07
73050.00000000009 8.937779344943061e-08
73100.00000000009 7.825094416515131e-08
73150.00000000009 1.3810906686638758e-07
73200.00000000009 7.999540749200926e-08
73250.00000000009 8.978591096056163e-08
73300.00000000009 9.932806036021818e-08
73350.00000000009 7.835208199906439e-08
73400.00000000009 9.727423966887055e-08
73450.00000000009 6.553916062024661e-08
73500.00000000009 6.118241655596351e-08
73550.00000000009 8.170153412481534e-08
73600.00000000009 6.308956940293634e-08
73650.00000000009 9.147015821402596e-08
73700.00000000009 1.0718158340291458e-07
73750.00000000009 6.417781176197563e-08
73800.00000000009 8.84711422903824e-08
73850.00000000009 9.234223571098422e-08
73900.00000000009 1.0130355374773421e-07
73950.00000000009 9.237381836013156e-08
74000.00000000009 8.030712799714233e-08
74050.00000000009 1.3483423617454452e-07
74100.00000000009 7.831653366908059e-08
74150.00000000009 9.341857053880214e-08
74200.00000000009 8.317879779358507e-08
74250.00000000009 4.757299430494443e-08
74300.00000000009 8.289506127051449e-08
74350.00000000009 1.041265873604545e-07
74400.00000000009 9.71467356624707e-08
74450.00000000009 5.429386494196989e-08
74500.00000000009 6.888805376947113e-08
74550.00000000009 8.075346984217167e-08
74600.00000000009 8.831686045192657e-08
74650.00000000009 8.857516199259757e-08
74700.00000000009 6.759475951240197e-08
74750.00000000009 7.392327066876889e-08
74800.00000000009 8.104636269065452e-08
74850.00000000009 5.2074540171160874e-08
74900.00000000009 1.0053254542960652e-07
74950.00000000009 1.2168170223235416e-07
75000.00000000009 8.814674449717532e-08
75050.00000000009 6.564053336739829e-08
75100.00000000009 1.2453277590911268e-07
75150.00000000009 1.057565136604135e-07
75200.00000000009 1.2455641252421096e-07
75250.00000000009 9.926126833202926e-08
75300.00000000009 1.120532980539707e-07
75350.00000000009 7.165582801755621e-08
75400.00000000009 1.165251907029291e-07
75450.00000000009 1.0060781768325458e-07
75500.00000000009 8.311897088108919e-08
75550.00000000009 1.2841123778321532e-07
75600.00000000009 1.4099704071465069e-07
75650.00000000009 7.908877942980979e-08
75700.00000000009 9.988193947545661e-08
75750.00000000009 7.168867718746138e-08
75800.00000000009 1.1275332028607413e-07
75850.00000000009 1.4447747620092051e-07
75900.00000000009 1.2789392529939278e-07
75950.00000000009 9.100535069081019e-08
76000.00000000009 1.0306209839675927e-07
76050.00000000009 1.2857430929771512e-07
76100.00000000009 9.85322773929319e-08
76150.00000000009 1.3072318442479825e-07
76200.00000000009 1.3068324558901329e-07
76250.00000000009 1.464354197426929e-07
76300.00000000009 1.4913398647785008e-07
76350.00000000009 1.8371226750536015e-07
76400.00000000009 1.434953207753576e-07
76450.00000000009 1.4315713018636007e-07
76500.00000000009 1.0674024286281743e-07
76550.00000000009 9.866154169806807e-08
76600.00000000009 4.946479907142497e-08
76650.00000000009 4.743659651551036e-08
76700.00000000009 5.3854948557157055e-08
76750.00000000009 5.21579431617087e-08
76800.00000000009 8.31742031064271e-08
76850.00000000009 2.889761361702319e-08
76900.00000000009 4.265173077304765e-08
76950.00000000009 6.419914107060049e-08
77000.00000000009 7.096951545142929e-08
77050.00000000009 4.505246776131519e-08
77100.00000000009 5.556707426067442e-08
77150.00000000009 8.575499148943269e-08
77200.00000000009 6.318595927104433e-08
77250.00000000009 7.434690809588288e-08
77300.00000000009 7.10497832200734e-08
77350.00000000009 4.755118624296726e-08
77400.00000000009 4.391512575234777e-08
77450.00000000009 5.078235341312516e-08
77500.00000000009 5.125479754632574e-08
77550.00000000009 6.421352940482224e-08
77600.00000000009 6.667589922480586e-08
77650.00000000009 6.520357324641277e-08
77700.00000000009 4.019859317964176e-08
77750.00000000009 7.776812166940954e-08
77800.00000000009 6.227088544618826e-08
77850.00000000009 9.921468469781398e-08
77900.00000000009 7.683451470348749e-08
77950.00000000009 4.93602151576494e-08
78000.00000000009 6.735990702280396e-08
78050.00000000009 8.567463467617306e-08
78100.00000000009 6.481334935803858e-08
78150.00000000009 9.31249178469402e-08
78200.00000000009 9.351573650096669e-08
78250.00000000009 9.783536702338533e-08
78300.00000000009 9.814088138633798e-08
78350.00000000009 8.709893734273967e-08
78400.00000000009 8.572049869486931e-08
78450.00000000009 1.1492961598391194e-07
78500.00000000009 9.101957460816463e-08
78550.00000000009 1.1265654699460335e-07
78600.00000000009 9.839193873252121e-08
78650.00000000009 4.535494131777756e-08
78700.00000000009 6.462911727438633e-08
78750.00000000009 6.945316712670296e-08
78800.00000000009 9.80919557325167e-08
78850.00000000009 6.87485267033154e-08
78900.00000000009 9.614548551416336e-08
78950.00000000009 8.516824610604476e-08
79000.00000000009 8.136997317884162e-08
79050.00000000009 7.621710779749516e-08
79100.00000000009 7.827701156258615e-08
79150.00000000009 8.450934171615852e-08
79200.00000000009 1.1345554120747837e-07
79250.00000000009 9.938619591601279e-08
79300.00000000009 6.490318967955318e-08
79350.00000000009 9.531888000562662e-08
79400.00000000009 8.665121751607726e-08
79450.00000000009 9.217955426756665e-08
79500.00000000009 1.4117409337712632e-07
79550.00000000009 1.0841048483474688e-07
79600.00000000009 7.564802903339593e-08
79650.00000000009 1.0167338277805144e-07
79700.00000000009 1.237698100315388e-07
79750.00000000009 1.14683124284793e-07
79800.00000000009 9.790045209862582e-08
79850.00000000009 9.43921821892253e-08
79900.00000000009 1.3631759357584897e-07
79950.00000000009 8.450943215334232e-08
