galfind/configs/Brown_Dwarf_templates/sonora_bobcat/m+0.5/562g/sp_t575g562nc_m+0.5_resample.dat
# %ECSV 1.0
# ---
# datatype:
# - {name: wav, unit: Angstrom, datatype: float64}
# - {name: flux_nu, unit: erg / (cm2 Hz s), datatype: float64}
# meta: {C/O: '1.00', Kzz: '1.0000E+05', Teff: '575.', Y: '0.28', '[Fe/H]': '0.50', f_hole: '1.00', f_rain: '0.00', grav: '562.'}
# schema: astropy-2.0
wav flux_nu
[from data line 499]
28950.056 2.2344434245680234e-09
29000.056 1.7362044249210314e-09
29050.056 2.342200550943652e-09
29100.056 1.4205224519820028e-09
29150.056 2.2462459235569877e-09
29200.056 2.290546616491656e-09
29250.056 3.5928801507883777e-09
29300.056 1.6005421384306849e-09
29350.056 5.333623046051697e-09
29400.056 2.1329989079524292e-09
29450.056 2.190802809803827e-09
29500.056 3.904531230943945e-09
29550.056 2.0920458875335357e-09
29600.056 2.9418395718731246e-09
29650.056 5.295527005729887e-09
29700.056 1.987363163334556e-09
29750.056 4.240331441019149e-09
29800.056 4.018834077270451e-09
29850.056 4.972069600062644e-09
29900.056 3.7096335871108734e-09
29950.056 3.72986102780362e-09
30000.056 1.6945478985455635e-10
30050.056 5.322187570445418e-10
30100.056 1.4134023460731238e-09
30150.056 3.972668906821408e-09
30200.056 3.137374131510446e-09
30250.056 6.7086009017173494e-09
30300.056 7.379412428967142e-09
30350.056 3.176375452131684e-09
30400.056 7.871534792094562e-09
30450.056 4.608246645556027e-09
30500.056 4.545749940169752e-09
30550.056 3.821684934798446e-09
30600.056 9.805385361181977e-09
30650.056 5.2019731294469264e-09
30700.056 4.205776966549608e-09
30750.056 6.866486048383376e-09
30800.056 4.893607594014776e-09
30850.056 5.288828054779325e-09
30900.056 3.1955862290998104e-09
30950.056 3.3629634219380714e-09
31000.056 3.360195829672892e-09
31050.056 3.231273070337913e-09
31100.056 1.9473977420987818e-09
31150.056 3.493440874620508e-09
31200.056 5.617903626157628e-09
31250.056 3.382803568499772e-09
31300.056 2.436088593911583e-09
31350.056 3.6609818147168017e-09
31400.056 2.5955613166119515e-09
31450.056 2.898516912303293e-09
31500.056 1.333923786030777e-09
31550.056 2.006969563118316e-09
31600.056 1.325019240121676e-09
31650.056 1.2478097924660698e-09
31700.056 1.3292492636801954e-09
31750.056 6.835157039605359e-10
31800.056 1.4163051779472896e-09
31850.056 4.026536673299566e-10
31900.056 8.16096152086987e-10
31950.056 4.660237124647807e-10
32000.056 5.438453068970246e-10
32050.056 6.837079191490467e-10
32100.056 5.847274706357917e-10
32150.056 7.536992488001536e-10
32200.056 4.0477803717443393e-10
32250.056 9.984118309537791e-10
32300.056 3.7003762506019276e-10
32350.056 9.557334632049904e-10
32400.056 2.8798479687855067e-10
32450.056 8.203111149749084e-10
32500.056 3.9220778681559004e-10
32550.056 6.51767904421466e-10
32600.056 5.356103872601011e-10
32650.056 1.4544983878041204e-09
32700.056 7.428874261791924e-10
32750.056 2.188028518973724e-09
32800.056 1.6799949785792126e-09
32850.056 2.936081261852616e-09
32900.056 2.7907942914206148e-09
32950.056 3.063988261771005e-09
33000.056 1.6766607193709384e-09
33050.056 2.0906841410924106e-09
33100.056 5.980654028330908e-10
33150.056 2.759785531609791e-12
33200.056 2.1951667006642608e-11
33250.056 2.1577870913631927e-11
33300.056 8.320738923217501e-11
33350.056 2.60592135545422e-10
33400.056 6.845794289251738e-10
33450.056 7.253694604425526e-10
33500.056 2.0538768335517085e-09
33550.056 7.085821889719874e-10
33600.056 1.7197372767464633e-09
33650.056 1.6150117947948981e-09
33700.056 8.65063766827273e-10
33750.056 2.271270247712892e-09
33800.056 4.868782872774931e-10
33850.056 1.310239882714534e-09
33900.056 1.2649967800643888e-09
33950.056 1.0513390537888962e-09
34000.056 2.0253017239893294e-09
34050.056 4.701414035187096e-10
34100.056 1.7710210276875217e-09
34150.056 8.995513503481337e-10
34200.056 1.810154000501953e-09
34250.056 1.3438779254515092e-09
34300.056 1.1617476937477747e-09
34350.056 1.7744137452097165e-09
34400.056 8.002067520723061e-10
34450.056 1.984451321913013e-09
34500.056 1.2860499043680514e-09
34550.056 6.939810032154381e-10
34600.056 2.737120989480453e-09
34650.056 7.935478994729004e-10
34700.056 2.1275753127283074e-09
34750.056 1.5425952803657033e-09
34800.056 1.2216919118458976e-09
34850.056 2.877355772274424e-09
34900.056 1.3928635594789315e-09
34950.056 2.636261061598903e-09
35000.056 5.087914596722577e-09
35050.056 2.109507344274325e-09
35100.056 4.633573499882316e-09
35150.056 4.062437216743099e-09
35200.056 3.4591429669748337e-09
35250.056 6.039051643965865e-09
35300.056 2.9301697312900104e-09
35350.056 3.7952452366000395e-09
35400.056 3.815476689856091e-09
35450.056 2.658269798070987e-09
35500.056 8.200387659053807e-09
35550.056 5.519401461030246e-09
35600.056 5.386169216654273e-09
35650.056 5.784005997402105e-09
35700.056 5.455235571123741e-09
35750.056 8.462462836041566e-09
35800.056 9.026375444027947e-09
35850.056 3.982206470224001e-09
35900.056 5.77549121734964e-09
35950.056 6.863793060621845e-09
36000.056 7.023046467601071e-09
36050.056 5.583894663293382e-09
36100.056 5.3341433928373175e-09
36150.056 8.73307208916247e-09
36200.056 9.902480548857095e-09
36250.056 7.411041919691799e-09
36300.056 1.3439336337735859e-08
36350.056 9.441091373978987e-09
36400.056 1.248443278239368e-08
36450.056 1.2843420290831899e-08
36500.056 1.4737074505942691e-08
36550.056 1.7383366904453438e-08
36600.056 1.9701887585892905e-08
36650.056 1.6097216926775012e-08
36700.056 1.6533255936629053e-08
36750.056 2.0127928964800762e-08
36800.056 2.2066043868827238e-08
36850.056 1.528868092358904e-08
36900.056 2.161546831709468e-08
36950.056 2.2804025272855943e-08
37000.056 1.760576623113392e-08
37050.056 2.3999247251134325e-08
37100.056 2.009281903230377e-08
37150.056 1.9255661549157597e-08
37200.056 2.704248749909336e-08
37250.056 2.0251883201636167e-08
37300.056 1.6911424347947593e-08
37350.056 2.4328177165826255e-08
37400.056 3.525832123368748e-08
37450.056 1.8480522947091128e-08
37500.056 2.2061581895645708e-08
37550.056 3.461882977155915e-08
37600.056 4.4918654366010105e-08
37650.056 1.9834860398810085e-08
37700.056 3.556115003806272e-08
37750.056 2.42916367748649e-08
37800.056 2.612046177152688e-08
37850.056 1.554763621390203e-08
37900.056 1.9537882915845558e-08
37950.056 3.170841339266211e-08
38000.056 3.2185587318201206e-08
38050.056 3.787761660623505e-08
38100.056 4.3878589260390974e-08
38150.056 4.5980286096799114e-08
38200.056 4.402169345485549e-08
38250.056 4.169442025384806e-08
38300.056 6.154093990438264e-08
38350.056 6.045274424881995e-08
38400.056 3.1637956701779854e-08
38450.056 2.342476238486926e-08
38500.056 1.5310976979031597e-08
38550.056 3.477284389981257e-08
38600.056 3.5080910521254374e-08
38650.056 3.991985232230128e-08
38700.056 3.758441424289716e-08
38750.056 3.8105639941605934e-08
38800.056 3.7270963905102034e-08
38850.056 4.048625097107402e-08
38900.056 5.298218034187323e-08
38950.056 3.529247587453968e-08
39000.056 4.851746587938939e-08
39050.056 3.7768205626418975e-08
39100.056 4.625458678167953e-08
39150.056 5.4791542658192786e-08
39200.056 4.4407782142569925e-08
39250.056 6.132156570039957e-08
39300.056 4.6964033685687825e-08
39350.056 7.189081455720172e-08
39400.056 4.955141293121265e-08
39450.056 6.036297001400007e-08
39500.056 6.352104873561416e-08
39550.056 4.393301856696668e-08
39600.056 6.316983776559815e-08
39650.056 7.584615827978932e-08
39700.056 6.924130272740866e-08
39750.056 4.443474556732156e-08
39800.056 5.295472882744913e-08
39850.056 8.636694472600677e-08
39900.056 8.89217908560034e-08
39950.056 5.790957604138987e-08
40000.056 8.615844908180882e-08
40050.056 8.21633313311982e-08
40100.056 4.648532045786139e-08
40150.056 8.173945042740305e-08
40200.056 8.565611958597611e-08
40250.056 9.164121428747416e-08
40300.056 8.895721954300684e-08
40350.056 7.002364158218712e-08
40400.056 9.615115655570308e-08
40450.056 6.2392025187239e-08
40500.056 1.0188928877898909e-07
40550.056 1.0543710736363974e-07
40600.056 9.185998232300776e-08
40650.056 7.792365773201117e-08
40700.056 1.3204805566149203e-07
40750.056 9.139293716798111e-08
40800.056 6.505523192426914e-08
40850.056 1.41504714396032e-07
40900.056 1.2353038728079872e-07
40950.056 1.0411134266649547e-07
41000.056 9.620591924319174e-08
41050.056 1.4707883437096644e-07
41100.056 1.216084032957958e-07
41150.056 6.639308247694948e-08
41200.056 1.437965323000106e-07
41250.056 1.1699235771104728e-07
41300.056 1.1126629541598984e-07
41350.056 1.4861026913199434e-07
41400.056 1.3015923962500985e-07
41450.056 1.5377232046797885e-07
41500.056 1.0665332322644617e-07
41550.056 1.0114881876734488e-07
41600.056 1.209359790994836e-07
41650.056 1.3856903852200688e-07
41700.056 1.414948243869651e-07
41750.056 1.2700856459498234e-07
41800.056 1.525109728850351e-07
41850.056 1.1504639013568354e-07
41900.056 1.1995129292929074e-07
41950.056 1.3095396697001478e-07
42000.056 1.072572734174418e-07
42050.056 1.011669022215016e-07
42100.056 1.4394973496218695e-07
42150.056 1.1016780874150785e-07
42200.056 1.1167905087299501e-07
42250.056 1.0861707066130384e-07
42300.056 1.0335103255299999e-07
42350.056 1.3932806893401688e-07
42400.056 1.4754691081901586e-07
42450.056 1.2936032260903667e-07
42500.056 1.2731045392498967e-07
42550.056 1.1232640010498108e-07
42600.056 1.2968306823584255e-07
42650.056 1.8681217690894697e-07
42700.056 1.1262394969095891e-07
42750.056 1.2208673566101654e-07
42800.056 1.5593078706701973e-07
42850.056 1.7118970447995047e-07
42900.056 1.8823806142903482e-07
42950.056 1.3966470996097513e-07
43000.056 1.6152859825601517e-07
43050.056 9.006173047081957e-08
43100.056 1.358051998819821e-07
43150.056 1.1595284809601274e-07
43200.056 1.5930131167801112e-07
43250.056 2.166210601520177e-07
43300.056 2.0433766381200473e-07
43350.056 1.103440492759705e-07
43400.056 1.533278547100036e-07
43450.056 1.1212959606621344e-07
43500.056 1.1838318969902535e-07
43550.056 1.2643395645351545e-07
43600.056 1.8123938417902151e-07
43650.056 1.17002313811003e-07
43700.056 2.0949424143103356e-07
43750.056 1.7546255574000455e-07
43800.056 1.6154380200298593e-07
43850.056 1.4349300205801692e-07
43900.056 1.3225485719198624e-07
43950.056 8.91348509929904e-08
44000.056 8.462562797779786e-08
44050.056 1.8437282827600454e-07
44100.056 2.462008949120018e-07
44150.056 2.2920871890799495e-07
44200.056 1.936751590639995e-07
44250.056 1.1670004374399707e-07
44300.056 9.573529452471714e-08
44350.056 1.1091915252140857e-07
44400.056 1.0287772131739047e-07
44450.056 1.674008127939977e-07
44500.056 1.5474978891103143e-07
44550.056 2.172745801719789e-07
44600.056 1.917926456391042e-07
44650.056 1.7277921459701582e-07
44700.056 1.1537959969999264e-07
44750.056 1.6846084619003567e-07
44800.056 1.279392357438141e-07
44850.056 1.7965326942201503e-07
44900.056 1.4014058831820447e-07
44950.056 1.6300599540001052e-07
45000.056 1.8407626163900643e-07
45050.056 1.7205285177198175e-07
45100.056 1.6229924602900665e-07
45150.056 1.5565667579987784e-07
45200.056 1.2028424157451092e-07
45250.056 1.3858593339996445e-07
45300.056 1.2025741535701797e-07
45350.056 1.1529201151921977e-07
45400.056 2.2878605939602655e-07
45450.056 1.9631764280701561e-07
45500.056 2.2351659656301395e-07
45550.056 2.407055344409388e-07
45600.056 2.2390571675003703e-07
45650.056 1.8052821736300095e-07
45700.056 1.2551350559839447e-07
45750.056 1.1647406068610384e-07
45800.056 2.498248336600077e-07
45850.056 2.16992348032987e-07
45900.056 2.494034280999956e-07
45950.056 1.982319246319965e-07
46000.056 2.3667691180902302e-07
46050.056 1.7612981209900683e-07
46100.056 2.6481386815997694e-07
46150.056 1.6374604482800582e-07
46200.056 1.4751658409898637e-07
46250.056 7.143317547094053e-08
46300.056 1.7353299130300252e-07
46350.056 1.7884552142302053e-07
46400.056 1.6239181744800503e-07
46450.056 1.4592010367581035e-07
46500.056 1.6807394351903895e-07
46550.056 9.935773600500721e-08
46600.056 1.4429837222297974e-07
46650.056 2.2345461531701557e-07
46700.056 1.4062678328996163e-07
46750.056 8.429359837321264e-08
46800.056 6.004262349806195e-08
46850.056 2.1692003576103232e-07
46900.056 2.0538988440399273e-07
46950.056 1.9794166350197945e-07
47000.056 1.8904643879503255e-07
47050.056 1.4744658652042945e-07
47100.056 1.016480787606119e-07
47150.056 1.5179561499282452e-07
47200.056 1.8175014716199418e-07
47250.056 1.0914947247598648e-07
47300.056 7.423086986885205e-08
47350.056 2.121142713679986e-07
47400.056 1.7907726985198402e-07
47450.056 1.608803415490819e-07
47500.056 2.1481396372397828e-07
47550.056 1.8394003053900843e-07
47600.056 1.825482496339876e-07
47650.056 1.7786453768814844e-07
47700.056 1.4360628216000943e-07
47750.056 1.0785721111200445e-07
47800.056 9.652871123401075e-08
47850.056 5.623141678860891e-08
47900.056 8.187298916009102e-08
47950.056 1.5937909275800852e-07
48000.056 2.1967173388001897e-07
48050.056 1.8733247234799424e-07
48100.056 8.38378858352078e-08
48150.056 1.4129991537300328e-07
48200.056 1.061510216685998e-07
48250.056 1.2617225778400423e-07
48300.056 2.044008340499763e-07
48350.056 1.2448911593599504e-07
48400.056 4.360211456983986e-08
48450.056 8.761363373350075e-08
48500.056 1.3133991281597178e-07
48550.056 1.3647916086261175e-07
48600.056 1.5299048788500346e-07
48650.056 1.9563959986398996e-07
48700.056 1.3405756983801434e-07
48750.056 8.65056854390372e-08
48800.056 1.790773899400047e-07
48850.056 1.0301518861468186e-07
48900.056 1.502413701233476e-07
48950.056 8.69313057900029e-08
49000.056 4.641368382254085e-08
49050.056 1.305311572619809e-07
49100.056 1.587939388835292e-07
49150.056 1.1717370866929672e-07
49200.056 1.7870365826903253e-07
49250.056 1.76396233249019e-07
49300.056 1.483650563009965e-07
49350.056 6.724761454498421e-08
49400.056 9.789077445727623e-08
49450.056 9.943799332517737e-08
49500.056 7.952030600489222e-08
49550.056 2.4165741050651107e-08
49600.056 5.924999407580246e-08
49650.056 1.0453918879499738e-07
49700.056 1.1009786261096502e-07
49750.056 1.2320511845309397e-07
49800.056 8.567944758393851e-08
49850.056 1.5395222643802615e-07
49900.056 1.234246211035899e-07
49950.056 1.2045239084000097e-07
50000.056 1.0183978491677877e-07
50050.056 1.2523933670200069e-07
50100.056 9.778433530299635e-08
50150.056 5.3157307313090515e-08
50200.056 1.4021583201805389e-08
50250.056 6.803404653699597e-08
50300.056 4.639402916490641e-08
50350.056 1.1721887232401616e-07
50400.056 1.1447909939198906e-07
50450.056 8.472313902680283e-08
50500.056 1.2916936059100987e-07
50550.056 1.1358054442700791e-07
50600.056 8.509539620497623e-08
50650.056 1.3459084107902375e-07
50700.056 1.377777265369776e-07
50750.056 9.287859708941017e-08
50800.056 3.997728129669315e-08
50850.056 2.6602140271791654e-08
50900.056 1.1536315588500152e-07
50950.056 9.248805199899762e-08
51000.056 8.367066261197596e-08
51050.056 1.0572703544998672e-07
51100.056 4.3634353758746765e-08
51150.056 5.618368620427764e-08
51200.056 1.407140801389926e-07
51250.056 9.284698178358377e-08
51300.056 6.506621100182416e-08
51350.056 6.878142008621236e-08
51400.056 2.970745921983413e-08
51450.056 2.326960060489764e-08
51500.056 2.2531588161484972e-08
51550.056 7.305915979980889e-08
51600.056 5.5690567419712035e-08
51650.056 6.707657713099175e-08
51700.056 7.567923756499736e-08
51750.056 4.9515829418907794e-08
51800.056 8.610376397098357e-08
51850.056 7.14895779992951e-08
51900.056 1.0175080820499995e-07
51950.056 6.448187147299285e-08
52000.056 9.674347674756652e-09
52050.056 3.731441775750532e-08
52100.056 2.4314239152397028e-08
52150.056 1.5864648965729134e-08
52200.056 3.380071260609984e-08
52250.056 4.990065344811185e-08
52300.056 7.399237709399665e-08
52350.056 3.075917872761626e-08
52400.056 2.8861827569031266e-08
52450.056 7.954090085200694e-08
52500.056 6.727863279478015e-08
52550.056 6.824903482099355e-08
52600.056 5.0881505121599775e-08
52650.056 5.868462520510713e-08
52700.056 4.467401389639815e-08
52750.056 2.2032531908975857e-08
52800.056 3.500000684290467e-08
52850.056 4.028575547298747e-08
52900.056 2.3968907684282152e-08
52950.056 3.323814306050342e-08
53000.056 5.2406796316008784e-08
53050.056 2.2485713895333666e-08
53100.056 5.680070166199399e-08
53150.056 6.602177813200664e-08
53200.056 2.8000960169988092e-08
53250.056 5.9146627495903853e-08
53300.056 7.10528652876693e-08
53350.056 5.6593251663001275e-08
53400.056 4.0365845589993936e-08
53450.056 1.6999992675994606e-08
53500.056 4.573626265199355e-09
