galfind/configs/Brown_Dwarf_templates/sonora_bobcat/m+0.5/562g/sp_t1100g562nc_m+0.5_resample.dat
# %ECSV 1.0
# ---
# datatype:
# - {name: wav, unit: Angstrom, datatype: float64}
# - {name: flux_nu, unit: erg / (cm2 Hz s), datatype: float64}
# meta: {C/O: '1.00', Kzz: '1.0000E+05', Teff: '1100.', Y: '0.28', '[Fe/H]': '0.50', f_hole: '1.00', f_rain: '0.00', grav: '562.'}
# schema: astropy-2.0
wav flux_nu
4000.0559999999996 nan
4050.0559999999996 1.1456070207030192e-12
4100.056 6.568291188909761e-11
4150.056 1.780329505950083e-10
4200.056 1.49387551093281e-10
4250.056 2.781151275130157e-10
4300.056 3.413282167490249e-10
4350.056 3.675939855400141e-10
4400.056 4.2460895052001115e-10
4450.056 4.720491806300015e-10
4500.056 4.579506420600172e-10
4550.056 5.15345464660133e-10
4600.056 5.15767497997994e-10
4650.056 4.3832905159997144e-10
4700.056 3.8552108985000023e-10
4750.056 2.0181346923400074e-10
4800.056 5.322458996599898e-11
4850.056 1.1800339975799852e-11
4900.056 4.710508651999967e-12
4950.056 2.2214853307999814e-12
5000.056 9.007469550999916e-13
5050.056 4.324782445199991e-13
5100.056 3.7725414222999964e-13
5150.056 3.504427878599988e-13
5200.056 3.2521770057999976e-13
5250.056 2.9539427126999963e-13
5300.056 2.668308851199997e-13
5350.056 2.4304416242999976e-13
5400.056 2.2309621777999968e-13
5450.056 2.0412581103999953e-13
5500.056 1.8570094826999979e-13
5550.056 1.6830188368999984e-13
5600.056 1.513433020399997e-13
5650.056 1.3392703902999984e-13
5700.056 1.1631531576999985e-13
5750.056 9.713345461099971e-14
5800.056 7.689476825699975e-14
5850.056 5.1746309357999445e-14
5900.056 1.8030130688276004e-14
5950.056 9.969885959900188e-14
6000.056 2.2299887928000093e-13
6050.056 4.497624088100052e-13
6100.056 8.45240300570007e-13
6150.056 1.5140704552000116e-12
6200.056 2.599819007400017e-12
6250.056 4.2998528450000306e-12
6300.056 6.868541272100047e-12
6350.056 1.067468637020007e-11
6400.056 1.6181743161000083e-11
6450.056 2.3998103734000098e-11
6500.056 3.4728358677000196e-11
6550.056 4.940616318900026e-11
6600.056 6.944300013100043e-11
6650.056 9.63203007050005e-11
6700.056 1.1420312386507096e-10
6750.056 1.7390993031000077e-10
6800.056 2.2054166314000056e-10
6850.056 2.510855063500003e-10
6900.056 2.499118950200008e-10
6950.056 2.3571461105e-10
7000.056 2.4039982757000117e-10
7050.056 2.637610679999991e-10
7100.056 2.910270422000003e-10
7150.056 3.068399182199973e-10
7200.056 3.1052934443500513e-10
7250.056 3.019669861299911e-10
7300.056 2.784673016999997e-10
7350.056 2.5116437710199765e-10
7400.056 2.2243896838000135e-10
7450.056 1.8900035005000015e-10
7500.056 1.5279188721999944e-10
7550.056 1.144369997779993e-10
7600.056 7.878765273899919e-11
7650.056 1.7028582561328095e-11
7700.056 1.0254192252606525e-11
7750.056 6.470811577400149e-11
7800.056 1.307085075248025e-10
7850.056 2.771829441700025e-10
7900.056 4.38959391450004e-10
7950.056 5.269532000523666e-10
8000.056 9.30936909430008e-10
8050.056 1.2634828926000153e-09
8100.056 1.6292033799999993e-09
8150.056 2.0585041402199987e-09
8200.056 2.630106178520072e-09
8250.056 3.238560581510046e-09
8300.056 3.977705551640268e-09
8350.056 4.80269061405987e-09
8400.056 5.765584557099813e-09
8450.056 6.96590918739987e-09
8500.056 7.473198696651572e-09
8550.056 9.473812085200224e-09
8600.056 1.1599536888200086e-08
8650.056 1.3394757552000108e-08
8700.056 1.5568427436999807e-08
8750.056 1.7952713491000177e-08
8800.056 2.056570782300019e-08
8850.056 2.3088684264999926e-08
8900.056 2.3614488662599466e-08
8950.056 2.1628822292219307e-08
9000.056 2.8501877576097068e-08
9050.056 3.5879008559301244e-08
9100.056 3.9992813166850875e-08
9150.056 4.271401086970229e-08
9200.056 4.8378518814994294e-08
9250.056 4.907585105821129e-08
9300.056 3.0268932491911594e-08
9350.056 3.684217150921342e-08
9400.056 4.9150742380263926e-08
9450.056 5.592502376926194e-08
9500.056 5.645148245100335e-08
9550.056 6.284350771125484e-08
9600.056 6.426435672349197e-08
9650.056 7.190503745816552e-08
9700.056 8.375144693711135e-08
9750.056 8.985323761078896e-08
9800.056 9.99849180222043e-08
9850.056 1.1257195825009915e-07
9900.056 1.1872201921959124e-07
9950.056 1.240469185049957e-07
10000.056 1.1742973803799161e-07
10050.056 1.415678882089997e-07
10100.056 1.6433182012199392e-07
10150.056 1.8250147624998447e-07
10200.056 2.04902527039998e-07
10250.056 2.2514744766000135e-07
10300.056 2.46583193390003e-07
10350.056 2.7772868712000206e-07
10400.056 3.03319060359995e-07
10450.056 3.2063200520000163e-07
10500.056 3.304050874900032e-07
10550.056 3.419694810600047e-07
10600.056 3.620507467599895e-07
10650.056 3.8936113940001463e-07
10700.056 4.1312370587001653e-07
10750.056 4.40505153480012e-07
10800.056 4.651151533100055e-07
10850.056 4.822089354799853e-07
10900.056 4.1205368809699017e-07
10950.056 2.78558945664412e-07
11000.056 2.4247542730666316e-07
11050.056 2.0180410983152425e-07
11100.056 1.6772034964822867e-07
11150.056 1.353843386311765e-07
11200.056 1.4537188990073932e-07
11250.056 1.746235937173846e-07
11300.056 1.6912149199546235e-07
11350.056 9.573316030543509e-08
11400.056 1.3288060196636302e-07
11450.056 1.382257119954414e-07
11500.056 1.6040896063311182e-07
11550.056 1.1541119560894945e-07
11600.056 1.2337883210686666e-07
11650.056 1.3737024668461534e-07
11700.056 1.1443439173295544e-07
11750.056 9.076949151788212e-08
11800.056 1.3824605978940247e-07
11850.056 2.0564107917671694e-07
11900.056 2.3303711604876482e-07
11950.056 3.027828149812003e-07
12000.056 3.4550632695999505e-07
12050.056 4.0459922313775545e-07
12100.056 4.548745414289875e-07
12150.056 5.207625220579773e-07
12200.056 5.830336462039412e-07
12250.056 6.425492701499229e-07
12300.056 7.139806228500448e-07
12350.056 7.41927538850018e-07
12400.056 7.336364422299749e-07
12450.056 6.310276868000251e-07
12500.056 6.701621135799887e-07
12550.056 7.18935793950057e-07
12600.056 9.789926999600307e-07
12650.056 9.90517304050003e-07
12700.056 1.0291858268801113e-06
12750.056 1.005600319046039e-06
12800.056 1.0277913163240216e-06
12850.056 9.067808476840573e-07
12900.056 8.328161633930337e-07
12950.056 8.487046815579719e-07
13000.056 8.308849206279044e-07
13050.056 7.960298434033679e-07
13100.056 7.476776017898858e-07
13150.056 6.475435158958535e-07
13200.056 5.764028815939873e-07
13250.056 4.509998168310271e-07
13300.056 2.5728989008669956e-07
13350.056 9.032759865073117e-08
13400.056 6.320429483806461e-08
13450.056 4.329952282998252e-08
13500.056 3.4225488253673755e-08
13550.056 2.764940814927837e-08
13600.056 2.0580912979281236e-08
13650.056 3.5679417381250656e-08
13700.056 2.9696173386444792e-08
13750.056 3.14756572602535e-08
13800.056 3.73257092431061e-08
13850.056 3.268645619952426e-08
13900.056 3.403284423466062e-08
13950.056 3.169784963428718e-08
14000.056 3.002813350842337e-08
14050.056 3.353876930912367e-08
14100.056 2.9336061780802033e-08
14150.056 3.715634194597846e-08
14200.056 3.103567559501488e-08
14250.056 3.17724997432947e-08
14300.056 4.236637716636169e-08
14350.056 4.260334201544959e-08
14400.056 4.721618834686966e-08
14450.056 5.036330384107541e-08
14500.056 7.214439227400304e-08
14550.056 7.820859170335355e-08
14600.056 9.392172064395847e-08
14650.056 9.591304255860977e-08
14700.056 8.447875212870429e-08
14750.056 9.890692616179483e-08
14800.056 1.171259566042691e-07
14850.056 1.2757087489792329e-07
14900.056 1.297559585146494e-07
14950.056 1.406320188540378e-07
15000.056 1.506646174169312e-07
15050.056 1.7710555072887104e-07
15100.056 1.9282005473701376e-07
15150.056 2.1501347391040564e-07
15200.056 2.1465158562012443e-07
15250.056 2.479592282303918e-07
15300.056 2.732410327030751e-07
15350.056 3.0349201792497696e-07
15400.056 3.372281914150161e-07
15450.056 3.685236833090279e-07
15500.056 3.876058936049812e-07
15550.056 4.334934638569698e-07
15600.056 4.265013562920186e-07
15650.056 4.624676546460413e-07
15700.056 5.307763065501153e-07
15750.056 5.748044445599782e-07
15800.056 5.569734610100775e-07
15850.056 6.226705052499851e-07
15900.056 6.209471653600419e-07
15950.056 6.449099255399188e-07
16000.056 6.063000574500072e-07
16050.056 5.349037742209983e-07
16100.056 4.829225514169685e-07
16150.056 4.081378117292917e-07
16200.056 3.4140651124607846e-07
16250.056 3.290210352083388e-07
16300.056 2.955760521569185e-07
16350.056 3.223801932545953e-07
16400.056 3.6855800352615947e-07
16450.056 3.924751765295293e-07
16500.056 4.253077189898489e-07
16550.056 4.1035520699844655e-07
16600.056 3.9835306457371173e-07
16650.056 3.470114166926705e-07
16700.056 1.961171344076681e-07
16750.056 2.318194645055525e-07
16800.056 3.3387734488722246e-07
16850.056 3.3822573395082366e-07
16900.056 3.0377865089689133e-07
16950.056 2.6459700269361856e-07
17000.056 2.1787509411793685e-07
17050.056 2.797352291378639e-07
17100.056 2.9641403510962323e-07
17150.056 2.416271695452761e-07
17200.056 2.805272353157204e-07
17250.056 2.456426330468507e-07
17300.056 2.1021914368404173e-07
17350.056 1.8751767247357625e-07
17400.056 1.998636281136757e-07
17450.056 1.931893099866375e-07
17500.056 2.059734987554977e-07
17550.056 1.94048921973712e-07
17600.056 1.7898282677311152e-07
17650.056 1.7722042712810228e-07
17700.056 1.357928522112671e-07
17750.056 1.266875578790668e-07
17800.056 1.5698544704748306e-07
17850.056 1.1729475084631873e-07
17900.056 1.1712981193094455e-07
17950.056 1.0344843614510427e-07
18000.056 1.1007686626983906e-07
18050.056 1.0626980456885727e-07
18100.056 1.0822202940471293e-07
18150.056 1.3476900739104656e-07
18200.056 9.13646083588727e-08
18250.056 1.5079573520740482e-07
18300.056 1.1952625784153498e-07
18350.056 1.0528662937949548e-07
18400.056 1.0397847368554568e-07
18450.056 1.0676972559032261e-07
18500.056 1.1627202278172513e-07
18550.056 1.002541826697758e-07
18600.056 8.498576524242353e-08
18650.056 8.985364757798676e-08
18700.056 9.426869606526567e-08
18750.056 1.0561217751057554e-07
18800.056 1.4236967700881099e-07
18850.056 1.6371161773009448e-07
18900.056 1.5738384202062008e-07
18950.056 2.0178571068644062e-07
19000.056 1.7860728461788515e-07
19050.056 1.5413457010618712e-07
19100.056 2.0703356112051645e-07
19150.056 1.808622253877975e-07
19200.056 2.0245551464172794e-07
19250.056 1.7317806981375152e-07
19300.056 1.738445126001492e-07
19350.056 1.5409172372289863e-07
19400.056 1.1840036577258076e-07
19450.056 1.7413367405214912e-07
19500.056 1.7570177716733266e-07
19550.056 1.325622336857412e-07
19600.056 1.695679259112695e-07
19650.056 1.8493273438473782e-07
19700.056 1.8890072121593072e-07
19750.056 1.8583532310399172e-07
19800.056 2.00473875483022e-07
19850.056 2.331990823999747e-07
19900.056 1.885516020475919e-07
19950.056 2.618466527493086e-07
20000.056 2.320607129621084e-07
20050.056 2.6183376975728787e-07
20100.056 2.8005928624496027e-07
20150.056 2.9437303485752017e-07
20200.056 3.185628480001013e-07
20250.056 3.511372099607506e-07
20300.056 3.459718167937182e-07
20350.056 3.9191308899372434e-07
20400.056 3.8482972584828734e-07
20450.056 4.2738206780391425e-07
20500.056 4.508648930489534e-07
20550.056 4.4821783908899793e-07
20600.056 5.09912308935085e-07
20650.056 5.004572594070933e-07
20700.056 5.196143705340848e-07
20750.056 5.404345650419466e-07
20800.056 5.646579471639892e-07
20850.056 5.47144389667968e-07
20900.056 5.816380161898781e-07
20950.056 5.754503755879774e-07
21000.056 5.833657313300481e-07
21050.056 5.812913487509864e-07
21100.056 5.646306575200259e-07
21150.056 5.871710947599149e-07
21200.056 5.529768076860037e-07
21250.056 5.566390215439034e-07
21300.056 5.00180740513923e-07
21350.056 5.19017327139783e-07
21400.056 4.83768222809148e-07
21450.056 4.825869832905836e-07
21500.056 4.4485040970303556e-07
21550.056 4.2075445385284583e-07
21600.056 3.9016714298389665e-07
21650.056 3.5610281664291655e-07
21700.056 3.579763517960029e-07
21750.056 3.1318710303482977e-07
21800.056 2.7513689461653445e-07
21850.056 2.477747982919969e-07
21900.056 1.9724026282274225e-07
21950.056 1.357857087266513e-07
22000.056 6.905375627660601e-08
22050.056 4.696344228793999e-08
22100.056 6.357588078415409e-08
22150.056 8.757613148297042e-08
22200.056 9.962550049406265e-08
22250.056 9.22363724576671e-08
22300.056 7.821109808509547e-08
22350.056 7.380189290345414e-08
22400.056 5.864627888429751e-08
22450.056 5.032426254737004e-08
22500.056 4.9644339845172085e-08
22550.056 4.1700212345810397e-08
22600.056 4.306782998448926e-08
22650.056 4.423929398349816e-08
22700.056 3.97899565047478e-08
22750.056 4.051646932842734e-08
22800.056 3.639693919336178e-08
22850.056 3.214432602570759e-08
22900.056 2.9236878987665146e-08
22950.056 2.744520411459144e-08
23000.056 3.3683991496598694e-08
23050.056 4.369167863597798e-08
23100.056 6.550381739491287e-08
23150.056 7.283873837144024e-08
23200.056 2.6058283625918853e-08
23250.056 2.8929745857007236e-08
23300.056 2.523529459649105e-08
23350.056 2.4706455336276778e-08
23400.056 2.6639848338787206e-08
23450.056 2.6740340550468676e-08
23500.056 2.9449642848705947e-08
23550.056 3.60223141372681e-08
23600.056 4.108871815114409e-08
23650.056 5.1060919704292054e-08
23700.056 3.521525779989842e-08
23750.056 2.908354440107036e-08
23800.056 2.815121656692093e-08
23850.056 3.2827235406400637e-08
23900.056 4.716999910127281e-08
23950.056 5.3150688165883154e-08
24000.056 5.7387853971091716e-08
24050.056 6.916288098761081e-08
24100.056 6.443886133281878e-08
24150.056 7.196891424161605e-08
24200.056 7.397245491647615e-08
24250.056 6.429527274219356e-08
24300.056 7.440718186802656e-08
24350.056 6.382675689501756e-08
24400.056 8.124770791383993e-08
24450.056 7.779259848544707e-08
24500.056 7.998364349401189e-08
24550.056 9.173600194864103e-08
24600.056 9.394549451300205e-08
24650.056 1.122368315936073e-07
24700.056 8.87973655904592e-08
24750.056 9.703024293222402e-08
24800.056 9.947481644874886e-08
24850.056 1.253246505427321e-07
24900.056 8.746240688458375e-08
24950.056 1.2992658699171777e-07
25000.056 1.1858282248243822e-07
25050.056 9.077982032322847e-08
25100.056 1.1824549600680213e-07
25150.056 9.035664065878821e-08
25200.056 1.1016975948750792e-07
25250.056 8.739795189612054e-08
25300.056 1.141198576750269e-07
25350.056 7.907790950465344e-08
25400.056 1.1735933562389581e-07
25450.056 8.087426079155204e-08
25500.056 8.330950747001498e-08
25550.056 8.554796411645718e-08
25600.056 8.046536191762283e-08
25650.056 6.442946327283339e-08
25700.056 1.0380487306891415e-07
25750.056 5.718045971684254e-08
25800.056 1.0242392727745034e-07
25850.056 6.420257837424175e-08
25900.056 8.304608091650948e-08
25950.056 5.765238737394789e-08
26000.056 1.1079868041334117e-07
26050.056 8.435674300942586e-08
26100.056 1.0958823617020178e-07
26150.056 9.254634383720559e-08
26200.056 1.0010156857141868e-07
26250.056 1.292475323318122e-07
26300.056 1.0418116118508607e-07
26350.056 1.4887875038753826e-07
26400.056 1.4907340928403021e-07
26450.056 1.5407196874836737e-07
26500.056 1.6491646331854903e-07
26550.056 1.1828710767169679e-07
26600.056 1.604162820989925e-07
26650.056 9.209213456617019e-08
26700.056 9.153500803057784e-08
26750.056 6.579316709503585e-08
26800.056 9.612952357610261e-08
26850.056 6.090432413685446e-08
26900.056 1.1193053130601012e-07
26950.056 6.526442707815178e-08
27000.056 1.2489927406009132e-07
27050.056 1.0051007823800814e-07
27100.056 8.958695017101154e-08
27150.056 1.3075612379561961e-07
27200.056 9.879482403194459e-08
27250.056 1.0661590491584035e-07
27300.056 1.788979346531132e-07
27350.056 1.475869489429995e-07
27400.056 7.405862145919245e-08
27450.056 1.8494559171335086e-07
27500.056 1.7216506359635505e-07
27550.056 1.0760199233266595e-07
27600.056 1.7326745268368594e-07
27650.056 9.863884772129708e-08
27700.056 8.536068429840734e-08
27750.056 1.7365718499168054e-07
27800.056 9.515347546638616e-08
27850.056 1.1182462107473282e-07
27900.056 1.217939150929224e-07
27950.056 1.7848136187109946e-07
28000.056 1.5022209480612886e-07
28050.056 7.694947968622e-08
28100.056 1.9119206906451354e-07
28150.056 1.271047553461232e-07
28200.056 8.211157107850396e-08
28250.056 1.7563580765429278e-07
28300.056 2.1593030853752307e-07
28350.056 1.0231849677466353e-07
28400.056 1.4429238362837837e-07
28450.056 1.7985260326723427e-07
28500.056 1.5446253964535654e-07
28550.056 7.750562584827003e-08
28600.056 1.993507768322637e-07
28650.056 1.7754446448030424e-07
28700.056 1.5545621282946462e-07
28750.056 2.0063446680691703e-07
28800.056 1.7817424886504936e-07
28850.056 2.006228801643141e-07
