galfind/configs/Brown_Dwarf_templates/sonora_bobcat/m+0.5/562g/sp_t1500g562nc_m+0.5_resample.dat
# %ECSV 1.0
# ---
# datatype:
# - {name: wav, unit: Angstrom, datatype: float64}
# - {name: flux_nu, unit: erg / (cm2 Hz s), datatype: float64}
# meta: {C/O: '1.00', Kzz: '1.0000E+05', Teff: '1500.', Y: '0.28', '[Fe/H]': '0.50', f_hole: '1.00', f_rain: '0.00', grav: '562.'}
# schema: astropy-2.0
wav flux_nu
4000.0559999999996 nan
4050.0559999999996 1.3221683219024192e-10
4100.056 6.329469249339624e-10
4150.056 7.293541841770539e-10
4200.056 6.112377973801787e-10
4250.056 6.951621311771236e-10
4300.056 6.630755878361201e-10
4350.056 6.879662288400401e-10
4400.056 7.819564240301089e-10
4450.056 7.13196618980017e-10
4500.056 7.093449216700479e-10
4550.056 8.563807179376919e-10
4600.056 9.044710341499934e-10
4650.056 8.428804983699125e-10
4700.056 9.743042099700281e-10
4750.056 9.78103541069955e-10
4800.056 6.346483208500226e-10
4850.056 5.021106360299922e-10
4900.056 4.2025190772000077e-10
4950.056 2.7149391133999905e-10
5000.056 1.123856752429965e-10
5050.056 4.7131814137000164e-11
5100.056 3.9021926910999895e-11
5150.056 3.481037684400009e-11
5200.056 3.0750729095999614e-11
5250.056 2.509003215399987e-11
5300.056 2.0097237360999942e-11
5350.056 1.6060135491999927e-11
5400.056 1.2891632430999967e-11
5450.056 1.0251995521699969e-11
5500.056 7.977178198699972e-12
5550.056 6.032579936899981e-12
5600.056 4.425628044999981e-12
5650.056 3.0842318427999872e-12
5700.056 2.006410103599988e-12
5750.056 1.1789143427199909e-12
5800.056 6.183070655599938e-13
5850.056 2.7479466709099603e-13
5900.056 7.20633088991961e-14
5950.056 6.13087979790011e-13
6000.056 2.237067595700046e-12
6050.056 6.760736020600079e-12
6100.056 1.679571489700018e-11
6150.056 3.665338584500035e-11
6200.056 7.195936736900059e-11
6250.056 1.3050878355500107e-10
6300.056 2.2316752223000173e-10
6350.056 3.6409104114000244e-10
6400.056 5.681470555200037e-10
6450.056 8.542340504200062e-10
6500.056 1.2472382063000114e-09
6550.056 1.7784386812000087e-09
6600.056 2.4928310100000196e-09
6650.056 3.372164614800029e-09
6700.056 2.7610880929968733e-09
6750.056 5.51190711310004e-09
6800.056 7.131669305100088e-09
6850.056 8.02298793640004e-09
6900.056 7.711952090700048e-09
6950.056 6.951200296899963e-09
7000.056 6.834936610200034e-09
7050.056 7.3846359250000105e-09
7100.056 8.103128642499982e-09
7150.056 8.579528367999955e-09
7200.056 8.96676177910007e-09
7250.056 8.743752585599897e-09
7300.056 7.929648603199984e-09
7350.056 6.828171144199957e-09
7400.056 5.798716022100013e-09
7450.056 4.7988951316e-09
7500.056 3.748016324999979e-09
7550.056 2.7086274856999795e-09
7600.056 1.6147053710899754e-09
7650.056 1.9935026927631799e-10
7700.056 6.741372194370585e-11
7750.056 1.032215293030032e-09
7800.056 2.5389945124078555e-09
7850.056 5.812363955400058e-09
7900.056 9.190046260900054e-09
7950.056 1.0580551398749711e-08
8000.056 1.814305058600013e-08
8050.056 2.4196067936999865e-08
8100.056 3.1273713186999924e-08
8150.056 3.9755870824000117e-08
8200.056 4.48570227746011e-08
8250.056 6.073840566400129e-08
8300.056 7.249311508600302e-08
8350.056 8.549044095699916e-08
8400.056 9.884115027399699e-08
8450.056 1.0810348631699767e-07
8500.056 1.0894134961503918e-07
8550.056 1.272412988040038e-07
8600.056 1.34020117235996e-07
8650.056 1.232724082069855e-07
8700.056 1.2781358691198422e-07
8750.056 1.4328981106800773e-07
8800.056 1.7292522134001213e-07
8850.056 1.963338377049855e-07
8900.056 2.1156582806200044e-07
8950.056 2.030415240919502e-07
9000.056 2.665243223929978e-07
9050.056 2.791425187540113e-07
9100.056 3.173351886230001e-07
9150.056 3.4494283167300507e-07
9200.056 3.711350428259736e-07
9250.056 3.540494569528756e-07
9300.056 2.6358015365007005e-07
9350.056 2.9922411984117403e-07
9400.056 3.508244519385704e-07
9450.056 3.8801480850838215e-07
9500.056 4.062368557788563e-07
9550.056 4.3455957878092954e-07
9600.056 4.162335127979703e-07
9650.056 4.461708504849281e-07
9700.056 4.826595162918573e-07
9750.056 4.7655477922018467e-07
9800.056 5.118389723236172e-07
9850.056 5.446850244209979e-07
9900.056 4.571969068919705e-07
9950.056 4.013321917699828e-07
10000.056 3.775117865699641e-07
10050.056 4.2374971188999745e-07
10100.056 5.015849436999921e-07
10150.056 5.263658531999267e-07
10200.056 5.800954782199665e-07
10250.056 6.0552413462996e-07
10300.056 6.039684440400087e-07
10350.056 6.843611939600137e-07
10400.056 7.616016268899858e-07
10450.056 7.732314315200511e-07
10500.056 7.316330331599808e-07
10550.056 7.288606934000481e-07
10600.056 7.744347285100176e-07
10650.056 8.325829943600386e-07
10700.056 8.854555765800561e-07
10750.056 9.761841324100437e-07
10800.056 1.066997786919984e-06
10850.056 1.176365973809926e-06
10900.056 1.1281311353899606e-06
10950.056 9.748529632909725e-07
11000.056 9.280470687619523e-07
11050.056 8.270447123279876e-07
11100.056 7.981752848143861e-07
11150.056 7.734311415548846e-07
11200.056 7.90143113324121e-07
11250.056 9.277652743120016e-07
11300.056 8.863093412125327e-07
11350.056 6.723338793556539e-07
11400.056 6.27764043413669e-07
11450.056 8.093589146270242e-07
11500.056 9.821542370507784e-07
11550.056 8.820977299913777e-07
11600.056 9.404660700602284e-07
11650.056 9.263017191202624e-07
11700.056 6.841815658298633e-07
11750.056 7.010553314499948e-07
11800.056 7.369206186982283e-07
11850.056 1.0209985276842551e-06
11900.056 1.1072085817038074e-06
11950.056 1.1631379754239835e-06
12000.056 1.1138378073160253e-06
12050.056 1.2966881463340988e-06
12100.056 1.322599665169932e-06
12150.056 1.5002190275198956e-06
12200.056 1.5448223580397335e-06
12250.056 1.6868917365998177e-06
12300.056 1.793142635750173e-06
12350.056 1.8014843265100368e-06
12400.056 1.6624764359599402e-06
12450.056 1.4512749903100375e-06
12500.056 1.5563450508999276e-06
12550.056 1.599353679210104e-06
12600.056 2.0015506581800533e-06
12650.056 2.0264933097399457e-06
12700.056 2.200117204450232e-06
12750.056 2.1685891729899863e-06
12800.056 2.282714105170064e-06
12850.056 2.1402798248700563e-06
12900.056 2.0057296706199493e-06
12950.056 2.0741093671599283e-06
13000.056 2.117123563569658e-06
13050.056 2.167303196535909e-06
13100.056 2.1395971599718663e-06
13150.056 2.054288472684265e-06
13200.056 1.9370948180559687e-06
13250.056 1.6962607118036637e-06
13300.056 1.2680299219108545e-06
13350.056 5.881396151060934e-07
13400.056 4.6767123980589923e-07
13450.056 3.6133731105871756e-07
13500.056 3.2168225733674694e-07
13550.056 2.8063903237668713e-07
13600.056 2.5266805283347023e-07
13650.056 3.4493440608182296e-07
13700.056 2.9194582360100503e-07
13750.056 3.044594636289327e-07
13800.056 3.7411870038415815e-07
13850.056 3.4912954490109085e-07
13900.056 3.539123984450658e-07
13950.056 3.3104062498562635e-07
14000.056 3.0662956345929746e-07
14050.056 3.171954980200954e-07
14100.056 2.6490808966494e-07
14150.056 3.0225425773170664e-07
14200.056 2.605986042389351e-07
14250.056 2.5641963505262194e-07
14300.056 2.926180406710416e-07
14350.056 2.904672567901526e-07
14400.056 3.1588435998902736e-07
14450.056 3.2802995420853697e-07
14500.056 4.125264910372574e-07
14550.056 4.306618388206729e-07
14600.056 4.810391597973839e-07
14650.056 4.820771655588819e-07
14700.056 4.327838302708572e-07
14750.056 4.806895691545776e-07
14800.056 5.341496816709055e-07
14850.056 5.849152065683723e-07
14900.056 5.784335954257907e-07
14950.056 5.979549229521006e-07
15000.056 6.28969655352136e-07
15050.056 7.213422307016169e-07
15100.056 7.454474236230661e-07
15150.056 8.133739633733701e-07
15200.056 8.261291874239057e-07
15250.056 8.801826974479612e-07
15300.056 9.494591443919232e-07
15350.056 1.0146572887339626e-06
15400.056 1.0912904178280354e-06
15450.056 1.1675461499420781e-06
15500.056 1.2150464063098987e-06
15550.056 1.3213033247999014e-06
15600.056 1.2962375058800907e-06
15650.056 1.3977860626401177e-06
15700.056 1.5567583247104187e-06
15750.056 1.660469102769891e-06
15800.056 1.6393518051802921e-06
15850.056 1.7136050786199671e-06
15900.056 1.7687238847301546e-06
15950.056 1.8618749773298218e-06
16000.056 1.897422178029951e-06
16050.056 1.946980965030037e-06
16100.056 2.023822098660065e-06
16150.056 1.984449284970132e-06
16200.056 2.0402840342597592e-06
16250.056 2.0599672572399355e-06
16300.056 2.052484984549957e-06
16350.056 2.157277323790012e-06
16400.056 2.205262627570091e-06
16450.056 2.2626936302000517e-06
16500.056 2.3519431652202443e-06
16550.056 2.4041905883900938e-06
16600.056 2.3089050082803357e-06
16650.056 2.4123487651598867e-06
16700.056 2.2992220158298906e-06
16750.056 2.376655004759931e-06
16800.056 2.539201207029829e-06
16850.056 2.5009866120299765e-06
16900.056 2.4403218775899557e-06
16950.056 2.3643378980399812e-06
17000.056 2.3201217937202514e-06
17050.056 2.327316590779975e-06
17100.056 2.142864647710307e-06
17150.056 2.004909898818919e-06
17200.056 1.8366702813298368e-06
17250.056 1.6772345245318373e-06
17300.056 1.6376676168518306e-06
17350.056 1.5210565103380747e-06
17400.056 1.5282536716179993e-06
17450.056 1.3312873776974257e-06
17500.056 1.3017852960726799e-06
17550.056 1.2441994187891906e-06
17600.056 1.1823170937759745e-06
17650.056 1.175196296450923e-06
17700.056 9.407741506592269e-07
17750.056 8.64596405778111e-07
17800.056 9.284654625515153e-07
17850.056 7.449291213044926e-07
17900.056 7.970224103366076e-07
17950.056 7.369149078122555e-07
18000.056 6.858932946591042e-07
18050.056 6.579228700108093e-07
18100.056 6.302999574952424e-07
18150.056 7.587900300722339e-07
18200.056 5.43114190062134e-07
18250.056 7.644588098305017e-07
18300.056 6.800169461952941e-07
18350.056 6.118572290333266e-07
18400.056 6.04798091389231e-07
18450.056 5.443732051886132e-07
18500.056 5.877542106605563e-07
18550.056 5.276739701038943e-07
18600.056 4.3333541743057844e-07
18650.056 4.871829306541074e-07
18700.056 5.414332379784206e-07
18750.056 5.409779820393892e-07
18800.056 6.094913435355453e-07
18850.056 7.141191313898775e-07
18900.056 6.841338060655131e-07
18950.056 7.670112916759977e-07
19000.056 7.679792821359279e-07
19050.056 7.068699683419607e-07
19100.056 8.173362149888862e-07
19150.056 7.94752927733937e-07
19200.056 8.153127278077898e-07
19250.056 7.451175994896433e-07
19300.056 7.873600802484895e-07
19350.056 7.140579963758895e-07
19400.056 5.74195039984089e-07
19450.056 7.532266993178074e-07
19500.056 7.569758051959983e-07
19550.056 5.897938204387129e-07
19600.056 7.133046115972728e-07
19650.056 7.317087057822719e-07
19700.056 7.399424631124679e-07
19750.056 6.921731691781174e-07
19800.056 7.437637926848923e-07
19850.056 8.046920272342478e-07
19900.056 6.71873843590101e-07
19950.056 8.630571605159956e-07
20000.056 7.555564255160553e-07
20050.056 8.423489364912655e-07
20100.056 8.741704730475471e-07
20150.056 9.088946404790376e-07
20200.056 9.582213733848258e-07
20250.056 1.0230456361198816e-06
20300.056 1.0295208867140702e-06
20350.056 1.1123788169428255e-06
20400.056 1.1057301423295548e-06
20450.056 1.2025458375897936e-06
20500.056 1.2417648463899906e-06
20550.056 1.2544729100900477e-06
20600.056 1.4004504439902161e-06
20650.056 1.3769538775102433e-06
20700.056 1.45481949650023e-06
20750.056 1.505981562979816e-06
20800.056 1.5933913058800026e-06
20850.056 1.5662006038499128e-06
20900.056 1.688575696799753e-06
20950.056 1.7157691833899537e-06
21000.056 1.8125128092499795e-06
21050.056 1.8381420384799944e-06
21100.056 1.8519893123199614e-06
21150.056 1.9780181235599605e-06
21200.056 1.942009671840079e-06
21250.056 2.0790195888598518e-06
21300.056 1.9820617441999732e-06
21350.056 2.162063788040025e-06
21400.056 2.046391997770273e-06
21450.056 2.272346765269992e-06
21500.056 2.125405392440192e-06
21550.056 2.1734418481799526e-06
21600.056 2.2208259843202464e-06
21650.056 2.165033734480095e-06
21700.056 2.303568516650015e-06
21750.056 2.166475080229978e-06
21800.056 2.148685626229699e-06
21850.056 2.106961642000007e-06
21900.056 2.149841748640112e-06
21950.056 1.9700429606601196e-06
22000.056 1.8442009620602164e-06
22050.056 1.6782709151696668e-06
22100.056 1.819779823980231e-06
22150.056 1.8727420076101059e-06
22200.056 1.7881212078241993e-06
22250.056 1.8961760486803863e-06
22300.056 1.8323525475298684e-06
22350.056 1.719321939720287e-06
22400.056 1.7415928533499677e-06
22450.056 1.6436815774698636e-06
22500.056 1.6930584620201766e-06
22550.056 1.5893632475295817e-06
22600.056 1.6409082152001902e-06
22650.056 1.5451988076203738e-06
22700.056 1.5010339012802512e-06
22750.056 1.590120606540124e-06
22800.056 1.4560566326499118e-06
22850.056 1.442484625510215e-06
22900.056 1.4493459984877985e-06
22950.056 8.947077612530184e-07
23000.056 9.916830222620764e-07
23050.056 1.1248896718918316e-06
23100.056 1.1311695059169321e-06
23150.056 1.183136239920158e-06
23200.056 9.651192970940822e-07
23250.056 8.255254495449283e-07
23300.056 8.192725563331962e-07
23350.056 8.531542097739765e-07
23400.056 8.377660797301943e-07
23450.056 8.83565013651118e-07
23500.056 9.311369121560518e-07
23550.056 8.855375394172019e-07
23600.056 8.810817472820271e-07
23650.056 9.854898665209225e-07
23700.056 8.427843420660521e-07
23750.056 8.459981042812202e-07
23800.056 8.142710093479931e-07
23850.056 7.407768729020938e-07
23900.056 9.085260838980538e-07
23950.056 9.748023660252489e-07
24000.056 9.446842793716055e-07
24050.056 9.753627577480566e-07
24100.056 8.503224341028349e-07
24150.056 8.758195486534166e-07
24200.056 8.904190782516489e-07
24250.056 8.409857463980822e-07
24300.056 8.579208620290502e-07
24350.056 7.385453501550596e-07
24400.056 8.702218166690536e-07
24450.056 7.39835940566784e-07
24500.056 7.139057690479297e-07
24550.056 7.034231753381796e-07
24600.056 7.478461719021006e-07
24650.056 8.1939429920104e-07
24700.056 6.332672662129067e-07
24750.056 6.208131693461862e-07
24800.056 6.053820788911308e-07
24850.056 7.47830860545974e-07
24900.056 5.08315361097314e-07
24950.056 7.000595359989485e-07
25000.056 6.214777933370898e-07
25050.056 4.618148421061041e-07
25100.056 5.804614820419896e-07
25150.056 4.77831035476951e-07
25200.056 5.241103082069914e-07
25250.056 4.619175959169228e-07
25300.056 5.467074167320273e-07
25350.056 4.2195354849799634e-07
25400.056 5.191207571131397e-07
25450.056 4.192187263859716e-07
25500.056 4.511624437001356e-07
25550.056 4.322897367340149e-07
25600.056 4.4767683362798424e-07
25650.056 3.7815366708998634e-07
25700.056 5.420417510937868e-07
25750.056 3.4886452142810194e-07
25800.056 5.260459181831014e-07
25850.056 4.0494039886690925e-07
25900.056 4.955113012420279e-07
25950.056 3.846631753760013e-07
26000.056 5.314883073512321e-07
26050.056 5.063223449670049e-07
26100.056 5.581064848249543e-07
26150.056 5.257314252179193e-07
26200.056 5.130520070079799e-07
26250.056 5.662712509190036e-07
26300.056 5.28058716667053e-07
26350.056 6.037908553279579e-07
26400.056 6.187803429368607e-07
26450.056 6.082199945370681e-07
26500.056 6.411700991547674e-07
26550.056 5.51176984410819e-07
26600.056 6.907212665118605e-07
26650.056 4.7169106335491814e-07
26700.056 4.754902380080356e-07
26750.056 3.818836981177939e-07
26800.056 4.7611157106289847e-07
26850.056 3.5275304684098414e-07
26900.056 5.102436249840431e-07
26950.056 3.388433517749534e-07
27000.056 4.970892216920659e-07
27050.056 4.1517626643602143e-07
27100.056 4.123149868268927e-07
27150.056 4.776728367050362e-07
27200.056 4.470157393961119e-07
27250.056 4.3503017842018367e-07
27300.056 5.675306528460243e-07
27350.056 5.17702534355857e-07
27400.056 3.847670382099441e-07
27450.056 6.112427077927842e-07
27500.056 5.596157192568527e-07
27550.056 4.658895686770049e-07
27600.056 6.181102299039079e-07
27650.056 4.36822560773954e-07
27700.056 4.0762620713406727e-07
27750.056 6.088002610687944e-07
27800.056 4.0703168235694024e-07
27850.056 4.5925498070576786e-07
27900.056 4.85911846998055e-07
27950.056 6.003468091379487e-07
28000.056 5.433556887661769e-07
28050.056 3.7446345428609466e-07
28100.056 6.346371071661794e-07
28150.056 4.768809120840586e-07
28200.056 3.843037494460302e-07
28250.056 5.667893907050119e-07
28300.056 6.714265432960574e-07
28350.056 4.4088551947088724e-07
28400.056 5.134244342559768e-07
28450.056 5.698859393388648e-07
28500.056 5.465964760588727e-07
28550.056 3.562416767288763e-07
28600.056 6.534662496639322e-07
28650.056 5.879468312729465e-07
28700.056 5.271517191439192e-07
28750.056 6.195418199690213e-07
28800.056 5.7518735693515e-07
28850.056 6.270655989600685e-07
28900.056 4.479820434460046e-07
