galfind/configs/Brown_Dwarf_templates/sonora_bobcat/m+0.5/562g/sp_t1900g562nc_m+0.5_resample.dat
# %ECSV 1.0
# ---
# datatype:
# - {name: wav, unit: Angstrom, datatype: float64}
# - {name: flux_nu, unit: erg / (cm2 Hz s), datatype: float64}
# meta: {C/O: '1.00', Kzz: '1.0000E+05', Teff: '1900.', Y: '0.28', '[Fe/H]': '0.50', f_hole: '1.00', f_rain: '0.00', grav: '562.'}
# schema: astropy-2.0
wav flux_nu
4000.0559999999996 nan
4050.0559999999996 2.668457575236665e-09
4100.056 3.903181897730797e-09
4150.056 3.076785373995424e-09
4200.056 2.2240309588508476e-09
4250.056 2.02225926973075e-09
4300.056 1.4222292389104183e-09
4350.056 1.5379051808700397e-09
4400.056 1.6713963302304517e-09
4450.056 1.1992869085600597e-09
4500.056 1.2872460032800872e-09
4550.056 1.600117723879666e-09
4600.056 1.5069777138199751e-09
4650.056 1.3909327436498684e-09
4700.056 1.6874467679001686e-09
4750.056 1.9444670500897473e-09
4800.056 1.4290372696501358e-09
4850.056 1.7753040724001311e-09
4900.056 2.637777519959912e-09
4950.056 2.9001837843100565e-09
5000.056 1.7031983795097624e-09
5050.056 1.6740699243301158e-09
5100.056 1.946633707560292e-09
5150.056 1.7668186542504532e-09
5200.056 1.6492704721799616e-09
5250.056 1.9694236803601233e-09
5300.056 2.123486173960011e-09
5350.056 2.1535028626001326e-09
5400.056 2.1169542937000046e-09
5450.056 1.6975518928399513e-09
5500.056 1.2768554605399718e-09
5550.056 1.1869136381699475e-09
5600.056 9.69841729050017e-10
5650.056 7.1311464804999e-10
5700.056 4.5608005125999553e-10
5750.056 2.331025987899955e-10
5800.056 9.369194600399845e-11
5850.056 2.3336559480199398e-11
5900.056 1.8585653272427907e-12
5950.056 6.251780089600173e-11
6000.056 3.232677015900068e-10
6050.056 1.0273466671500125e-09
6100.056 2.180138417800075e-09
6150.056 3.8156545801999844e-09
6200.056 5.3869675061e-09
6250.056 7.635330637200135e-09
6300.056 1.1069563405000109e-08
6350.056 1.4589403124000277e-08
6400.056 1.8376544372999978e-08
6450.056 2.298281766199865e-08
6500.056 2.5684086664997965e-08
6550.056 3.0652057062997894e-08
6600.056 3.3246590565000776e-08
6650.056 3.332453370000228e-08
6700.056 2.356565863899937e-08
6750.056 3.581095944700138e-08
6800.056 4.106955154800212e-08
6850.056 4.8150459256000205e-08
6900.056 5.236242145100109e-08
6950.056 5.704798029399848e-08
7000.056 6.693446249499664e-08
7050.056 6.57016409780023e-08
7100.056 5.175931538899811e-08
7150.056 4.980558628800145e-08
7200.056 6.20410257439991e-08
7250.056 7.68116250540045e-08
7300.056 9.530894001300772e-08
7350.056 1.0525432041100231e-07
7400.056 9.959326656600403e-08
7450.056 8.892068961599115e-08
7500.056 8.434496188499835e-08
7550.056 7.90227111320009e-08
7600.056 5.273409154899843e-08
7650.056 6.970627985534155e-09
7700.056 1.903650502129615e-09
7750.056 3.309731850400084e-08
7800.056 6.744060598552425e-08
7850.056 1.0755396341600129e-07
7900.056 1.2191814591101053e-07
7950.056 1.1774146737051398e-07
8000.056 1.520611817849914e-07
8050.056 2.1164258672298388e-07
8100.056 2.9424259761002526e-07
8150.056 4.0257906352001204e-07
8200.056 3.2430761718017816e-07
8250.056 4.1313731719999535e-07
8300.056 3.842711194100735e-07
8350.056 4.1875264367006507e-07
8400.056 4.375811483400179e-07
8450.056 3.3977528948996705e-07
8500.056 3.18977417147375e-07
8550.056 3.720372417100271e-07
8600.056 4.0600408010890857e-07
8650.056 4.384351308499258e-07
8700.056 4.4077414429604484e-07
8750.056 5.146981323800419e-07
8800.056 6.747862132500948e-07
8850.056 6.889846132299943e-07
8900.056 5.46860864990015e-07
8950.056 5.77607791511829e-07
9000.056 7.260952879900716e-07
9050.056 7.486819443099466e-07
9100.056 9.353016107700065e-07
9150.056 1.0897788892600174e-06
9200.056 1.07742962003011e-06
9250.056 7.899909999899597e-07
9300.056 6.547937341720231e-07
9350.056 7.313202297859408e-07
9400.056 8.196992399100595e-07
9450.056 9.192533970208604e-07
9500.056 1.0630793392488722e-06
9550.056 1.1854613199801945e-06
9600.056 1.2389247071902356e-06
9650.056 1.4011226655862228e-06
9700.056 1.5377719770688348e-06
9750.056 1.240488665522957e-06
9800.056 1.3563518769058532e-06
9850.056 1.3539204736998859e-06
9900.056 1.1355549997999431e-06
9950.056 9.618788740600158e-07
10000.056 9.60475118139927e-07
10050.056 9.917591300399661e-07
10100.056 1.2257395007302291e-06
10150.056 1.222626311379857e-06
10200.056 1.3342286923899587e-06
10250.056 1.3287104199597206e-06
10300.056 1.2862194442998733e-06
10350.056 1.4824818524499037e-06
10400.056 1.6554182121499596e-06
10450.056 1.7584761640202955e-06
10500.056 1.7201897005898381e-06
10550.056 1.7824963384502759e-06
10600.056 1.943194109820253e-06
10650.056 2.0082884692000644e-06
10700.056 2.1158709128601335e-06
10750.056 2.3562162750502204e-06
10800.056 2.5776552151298236e-06
10850.056 2.8188481651197426e-06
10900.056 2.7961110123998812e-06
10950.056 2.6514855956795554e-06
11000.056 2.5128443967500214e-06
11050.056 1.8879033512870384e-06
11100.056 2.02321307361532e-06
11150.056 2.142128425631861e-06
11200.056 2.1861047608358187e-06
11250.056 2.535823042628724e-06
11300.056 2.5128833120290627e-06
11350.056 2.2513480244344916e-06
11400.056 1.7887043732860619e-06
11450.056 2.5033771476874717e-06
11500.056 2.9221511377245073e-06
11550.056 2.7894864677361143e-06
11600.056 2.936739700632278e-06
11650.056 2.9494805091194327e-06
11700.056 2.1886989072771283e-06
11750.056 2.2816221618359132e-06
11800.056 2.313002956270112e-06
11850.056 3.0606455121262662e-06
11900.056 3.2427845077993203e-06
11950.056 3.165619004779906e-06
12000.056 2.8481941472100304e-06
12050.056 3.331859869150138e-06
12100.056 3.274590131439721e-06
12150.056 3.717137467839737e-06
12200.056 3.7223399133993783e-06
12250.056 4.046892884199513e-06
12300.056 4.2016033380004775e-06
12350.056 4.196530534200204e-06
12400.056 3.6603392206997474e-06
12450.056 3.0324157014800594e-06
12500.056 3.3079841660695087e-06
12550.056 3.3380221109901417e-06
12600.056 3.881850104700018e-06
12650.056 4.055610046299689e-06
12700.056 4.401789946100112e-06
12750.056 4.350941068500001e-06
12800.056 4.690957631999725e-06
12850.056 4.502688836450041e-06
12900.056 4.2862609070695275e-06
12950.056 4.44143935722966e-06
13000.056 4.62147192760932e-06
13050.056 4.7650925898096e-06
13100.056 4.775203807609657e-06
13150.056 4.782406533877705e-06
13200.056 4.584310710749893e-06
13250.056 4.192186691818137e-06
13300.056 3.5581288400656365e-06
13350.056 2.109378123140997e-06
13400.056 1.8965183434531096e-06
13450.056 1.6180976168432002e-06
13500.056 1.552888877653165e-06
13550.056 1.4290665674854534e-06
13600.056 1.3150560814056449e-06
13650.056 1.5299490634973421e-06
13700.056 1.3510611643598105e-06
13750.056 1.376695431856095e-06
13800.056 1.6158674587279445e-06
13850.056 1.5687205517826655e-06
13900.056 1.542394582545302e-06
13950.056 1.453093272594225e-06
14000.056 1.3492045985857897e-06
14050.056 1.3805060024118458e-06
14100.056 1.2045562752294781e-06
14150.056 1.2627009321671213e-06
14200.056 1.1505298805177101e-06
14250.056 1.130455662650139e-06
14300.056 1.1853729835322023e-06
14350.056 1.1890114093523157e-06
14400.056 1.2706338672191675e-06
14450.056 1.3233703388477206e-06
14500.056 1.5116582788568265e-06
14550.056 1.5461406860689156e-06
14600.056 1.644704246850601e-06
14650.056 1.6232108854973102e-06
14700.056 1.491351632777833e-06
14750.056 1.6023038398894479e-06
14800.056 1.687984941339546e-06
14850.056 1.8291554238225545e-06
14900.056 1.8193797376949528e-06
14950.056 1.8442983849133547e-06
15000.056 1.9124444848393907e-06
15050.056 2.1235956845794907e-06
15100.056 2.13767463483026e-06
15150.056 2.247648818103191e-06
15200.056 2.33667981258582e-06
15250.056 2.3773624057598633e-06
15300.056 2.5221153891598476e-06
15350.056 2.626274216310036e-06
15400.056 2.744053040880055e-06
15450.056 2.8867460262502e-06
15500.056 2.9604616865996066e-06
15550.056 3.1442398486898093e-06
15600.056 3.1194619160703485e-06
15650.056 3.291724490910125e-06
15700.056 3.548776001781088e-06
15750.056 3.7086869193896803e-06
15800.056 3.724321339020676e-06
15850.056 3.5331898599001513e-06
15900.056 3.655689354900337e-06
15950.056 3.7269227133998033e-06
16000.056 3.8085753489997824e-06
16050.056 3.951709481400273e-06
16100.056 4.1070034178001885e-06
16150.056 3.994007628900292e-06
16200.056 4.1742550805998015e-06
16250.056 4.146077772599986e-06
16300.056 4.196241008200033e-06
16350.056 4.4448096646998175e-06
16400.056 4.366541573700359e-06
16450.056 4.49489716250029e-06
16500.056 4.662026007900352e-06
16550.056 4.896347856099949e-06
16600.056 4.626594783900491e-06
16650.056 5.035265633400154e-06
16700.056 4.812276068599392e-06
16750.056 4.892325010599631e-06
16800.056 5.07152623689991e-06
16850.056 5.111688140199738e-06
16900.056 4.940093703980119e-06
16950.056 4.92962085403967e-06
17000.056 4.946268233100468e-06
17050.056 4.86559612760015e-06
17100.056 4.6146022640008085e-06
17150.056 4.534170424840145e-06
17200.056 4.1398665759096655e-06
17250.056 3.865463708319932e-06
17300.056 3.928845943419514e-06
17350.056 3.7444617198604284e-06
17400.056 3.7904689275439603e-06
17450.056 3.4927887003583326e-06
17500.056 3.35249837643421e-06
17550.056 3.2825847108814614e-06
17600.056 3.1257667410788716e-06
17650.056 3.1804295723537474e-06
17700.056 2.69208502759661e-06
17750.056 2.583696608948987e-06
17800.056 2.598638024581643e-06
17850.056 2.32227705393732e-06
17900.056 2.3944148644109398e-06
17950.056 2.3025993628436603e-06
18000.056 2.095039531100136e-06
18050.056 2.0931982758716205e-06
18100.056 2.0036564770388504e-06
18150.056 2.274540295476745e-06
18200.056 1.8166795229474016e-06
18250.056 2.2412645977795433e-06
18300.056 2.108636088609965e-06
18350.056 1.960318868811234e-06
18400.056 1.9250179069651086e-06
18450.056 1.7339269382312386e-06
18500.056 1.8275538739894117e-06
18550.056 1.6821472207082912e-06
18600.056 1.4066315225281979e-06
18650.056 1.6303057260454042e-06
18700.056 1.789168917900394e-06
18750.056 1.7178954703484623e-06
18800.056 1.8066114597376583e-06
18850.056 2.0993531176488194e-06
18900.056 2.0201307290189607e-06
18950.056 2.092261985564926e-06
19000.056 2.2067868944896497e-06
19050.056 2.1107211240909827e-06
19100.056 2.228893425258537e-06
19150.056 2.2854866173890046e-06
19200.056 2.260906551712831e-06
19250.056 2.140782205448579e-06
19300.056 2.2697020891191673e-06
19350.056 2.2050723030830472e-06
19400.056 1.8812375371774703e-06
19450.056 2.247055590274174e-06
19500.056 2.24577721788872e-06
19550.056 1.8644911232706188e-06
19600.056 2.180150392335853e-06
19650.056 2.1659161646544453e-06
19700.056 2.1778233917251936e-06
19750.056 2.015683092548302e-06
19800.056 2.1411986886406765e-06
19850.056 2.1975276131658425e-06
19900.056 1.9214461044594314e-06
19950.056 2.3060390398199477e-06
20000.056 2.020704852147258e-06
20050.056 2.1982929961227768e-06
20100.056 2.2691042573627233e-06
20150.056 2.2751468203402638e-06
20200.056 2.349621101987423e-06
20250.056 2.4711985297398255e-06
20300.056 2.4936146885202007e-06
20350.056 2.5815864481896676e-06
20400.056 2.5702679665987644e-06
20450.056 2.7449911883196747e-06
20500.056 2.764784258590132e-06
20550.056 2.8257937198200925e-06
20600.056 3.035663955640429e-06
20650.056 2.974974752880581e-06
20700.056 3.121896263850367e-06
20750.056 3.187839617299533e-06
20800.056 3.3357914669200824e-06
20850.056 3.3085112344699e-06
20900.056 3.5122648126396645e-06
20950.056 3.5573041207398595e-06
21000.056 3.7439457126998365e-06
21050.056 3.779601311480063e-06
21100.056 3.821837234279946e-06
21150.056 4.046640274000169e-06
21200.056 4.0240050577002955e-06
21250.056 4.258701069799627e-06
21300.056 4.124105489200008e-06
21350.056 4.449258314600183e-06
21400.056 4.279177654800388e-06
21450.056 4.750499754999993e-06
21500.056 4.481952640200291e-06
21550.056 4.620448615899747e-06
21600.056 4.776472564800495e-06
21650.056 4.736075759600274e-06
21700.056 5.002724999499883e-06
21750.056 4.8521987848999485e-06
21800.056 4.882740681799661e-06
21850.056 4.90888190569977e-06
21900.056 5.102335572300482e-06
21950.056 4.9761611519001835e-06
22000.056 5.168795661299886e-06
22050.056 4.9319885604993865e-06
22100.056 5.139424929499955e-06
22150.056 5.1961832811003905e-06
22200.056 4.99914094152096e-06
22250.056 5.339841333500393e-06
22300.056 5.27754009123973e-06
22350.056 5.069401916000288e-06
22400.056 5.376164916040311e-06
22450.056 5.263264162539335e-06
22500.056 5.369445630449758e-06
22550.056 5.27504952867911e-06
22600.056 5.29954727913986e-06
22650.056 5.193148883351011e-06
22700.056 5.2026231955910625e-06
22750.056 5.438687364079797e-06
22800.056 5.144261045490151e-06
22850.056 5.2829340051005185e-06
22900.056 5.414818281939781e-06
22950.056 3.5376646033804013e-06
23000.056 4.015451399450308e-06
23050.056 4.2471705749825234e-06
23100.056 4.0053661535895546e-06
23150.056 4.2098367413946116e-06
23200.056 4.17394475128518e-06
23250.056 3.294202024447334e-06
23300.056 3.6214131885071145e-06
23350.056 3.7953023568651035e-06
23400.056 3.665154930740062e-06
23450.056 3.7982797670199664e-06
23500.056 3.758454637819262e-06
23550.056 3.219691976540798e-06
23600.056 3.2483096915286726e-06
23650.056 3.5373111171446215e-06
23700.056 3.4662600417301627e-06
23750.056 3.4804900825657153e-06
23800.056 3.4327850567802245e-06
23850.056 2.867384946805334e-06
23900.056 3.2159188828227257e-06
23950.056 3.3429806690608336e-06
24000.056 3.0676886061693327e-06
24050.056 3.070362084283301e-06
24100.056 2.7381573466793636e-06
24150.056 2.699450512880512e-06
24200.056 2.706080143038989e-06
24250.056 2.61405444293023e-06
24300.056 2.5311344083401135e-06
24350.056 2.3047910543602447e-06
24400.056 2.580086152649779e-06
24450.056 2.245661201999814e-06
24500.056 2.0871934401898112e-06
24550.056 2.0254758092500972e-06
24600.056 2.103707301530343e-06
24650.056 2.2786501859679714e-06
24700.056 1.8403740567599422e-06
24750.056 1.747106009586529e-06
24800.056 1.6946562573983571e-06
24850.056 2.029840928687894e-06
24900.056 1.4609419836639019e-06
24950.056 1.9079526561737154e-06
25000.056 1.6841402863631193e-06
25050.056 1.2818843496254034e-06
25100.056 1.5990505546929984e-06
25150.056 1.348036214446945e-06
25200.056 1.4492423386417948e-06
25250.056 1.333212653012665e-06
25300.056 1.4962112366370694e-06
25350.056 1.189269094250996e-06
25400.056 1.3830448565815322e-06
25450.056 1.1873915190419841e-06
25500.056 1.290438396116441e-06
25550.056 1.2049408732191654e-06
25600.056 1.255378993073056e-06
25650.056 1.0905597343709844e-06
25700.056 1.4797465818284267e-06
25750.056 9.96431865605196e-07
25800.056 1.394988009829303e-06
25850.056 1.1889081958917873e-06
25900.056 1.3720069323152387e-06
25950.056 1.13449300486194e-06
26000.056 1.3909618007005844e-06
26050.056 1.4363574159500835e-06
26100.056 1.4659519392370365e-06
26150.056 1.4456676347015994e-06
26200.056 1.37329907628902e-06
26250.056 1.4387548907252435e-06
26300.056 1.4201691032511368e-06
26350.056 1.4805695012638976e-06
26400.056 1.519724044437613e-06
26450.056 1.4936572315022236e-06
26500.056 1.578428803379411e-06
26550.056 1.4922734072845968e-06
26600.056 1.803734781733595e-06
26650.056 1.315672287794766e-06
26700.056 1.3519184025880253e-06
26750.056 1.1340710993743997e-06
26800.056 1.3453876058285936e-06
26850.056 1.0209032475370435e-06
26900.056 1.4143586189260941e-06
26950.056 9.324509243519467e-07
27000.056 1.3329903841202993e-06
27050.056 1.0968587395509648e-06
27100.056 1.1067278767547062e-06
27150.056 1.210769254069018e-06
27200.056 1.1830023259473263e-06
27250.056 1.0945549924405237e-06
27300.056 1.3384647702600356e-06
27350.056 1.2568466505215402e-06
27400.056 1.0099452130479445e-06
27450.056 1.4394449176744226e-06
27500.056 1.3057921648108577e-06
27550.056 1.1908115507730093e-06
27600.056 1.466869431297761e-06
27650.056 1.087933540402845e-06
27700.056 1.0387333399161343e-06
27750.056 1.4670260236692995e-06
27800.056 1.0097527175238854e-06
27850.056 1.1408712976833744e-06
27900.056 1.1848427766381388e-06
27950.056 1.4088093654698635e-06
28000.056 1.3080341495024357e-06
28050.056 9.51961965199288e-07
28100.056 1.4794732514055605e-06
28150.056 1.1445759209260574e-06
28200.056 9.53330011246069e-07
28250.056 1.2874023001800667e-06
28300.056 1.5076258990202077e-06
28350.056 1.0933476494205683e-06
28400.056 1.2044299812969768e-06
28450.056 1.268154669404705e-06
28500.056 1.2696706775996677e-06
28550.056 8.679412061746563e-07
28600.056 1.4973045041699579e-06
28650.056 1.3488426065478544e-06
28700.056 1.1924341367107351e-06
28750.056 1.3777684413079837e-06
