galfind/configs/Brown_Dwarf_templates/sonora_bobcat/m+0.5/562g/sp_t325g562nc_m+0.5_resample.dat
# %ECSV 1.0
# ---
# datatype:
# - {name: wav, unit: Angstrom, datatype: float64}
# - {name: flux_nu, unit: erg / (cm2 Hz s), datatype: float64}
# meta: {C/O: '1.00', Kzz: '1.0000E+05', Teff: '325.', Y: '0.28', '[Fe/H]': '0.50', f_hole: '1.00', f_rain: '0.00', grav: '562.'}
# schema: astropy-2.0
wav flux_nu
[from data line 499]
28950.056 5.222980899948047e-12
29000.056 2.716295137784081e-12
29050.056 5.356234883906722e-12
29100.056 1.9198518324237267e-12
29150.056 2.053873662818375e-12
29200.056 1.510970954122223e-11
29250.056 7.818095808287364e-12
29300.056 4.975469835591502e-12
29350.056 1.3163739747599514e-11
29400.056 6.809716361128647e-12
29450.056 1.8036648587315049e-12
29500.056 1.7159275145885664e-11
29550.056 3.911325833841454e-12
29600.056 3.760344496215573e-12
29650.056 2.5755250287425725e-11
29700.056 2.8242870132918733e-12
29750.056 1.7380715238380688e-11
29800.056 7.153884375970139e-12
29850.056 2.172716649772142e-11
29900.056 6.584468106761674e-12
29950.056 8.928313475571373e-12
30000.056 6.732791938409125e-14
30050.056 1.0936258209315256e-12
30100.056 6.306153807576625e-12
30150.056 2.6858522153992022e-11
30200.056 1.4869665082800214e-11
30250.056 2.0834027308189485e-11
30300.056 3.4700489246406925e-11
30350.056 4.207618427911652e-12
30400.056 3.613192161855058e-11
30450.056 3.439643269054042e-11
30500.056 8.270713647213355e-12
30550.056 7.85066861486105e-12
30600.056 1.9723927935693064e-10
30650.056 5.730666721795888e-11
30700.056 1.7744050558478493e-11
30750.056 5.098041643525178e-11
30800.056 7.201209545011344e-11
30850.056 6.820733489549638e-11
30900.056 3.213709428595216e-11
30950.056 1.91812502877099e-11
31000.056 2.854484905239809e-11
31050.056 1.0990973305109511e-11
31100.056 9.571764936672873e-12
31150.056 1.9088999621207802e-11
31200.056 1.0202121164193534e-10
31250.056 4.290009454280827e-11
31300.056 1.7484700365610935e-11
31350.056 8.709149846390608e-11
31400.056 5.312350959332064e-11
31450.056 5.1016939430959476e-11
31500.056 1.3300799841015717e-11
31550.056 3.000446296309421e-11
31600.056 2.4142525010519938e-11
31650.056 1.799866523918402e-11
31700.056 1.2068910892165171e-11
31750.056 6.342626233140928e-12
31800.056 1.1703362257743253e-11
31850.056 1.5135770731165403e-12
31900.056 4.020443113594401e-12
31950.056 2.3077927752225465e-12
32000.056 1.1890713077896368e-12
32050.056 1.7825457103038313e-12
32100.056 1.5897106479994833e-12
32150.056 1.1377251154407372e-12
32200.056 4.624879351390244e-13
32250.056 1.1599151354532472e-12
32300.056 2.4587559123013365e-13
32350.056 1.0050251222132186e-12
32400.056 6.314650183086273e-14
32450.056 5.926492430235691e-13
32500.056 5.747656837719249e-14
32550.056 4.84674343205411e-13
32600.056 3.783585511843864e-14
32650.056 1.2829885676128542e-12
32700.056 8.024218866825706e-14
32750.056 3.845761644822009e-12
32800.056 1.3985472142669577e-12
32850.056 1.2423905515113155e-11
32900.056 9.317151345399264e-12
32950.056 9.611671791831364e-12
33000.056 2.1050384810532698e-12
33050.056 1.5069599993455112e-12
33100.056 2.1378176815214692e-13
33150.056 1.0767778883281109e-16
33200.056 1.36972472254186e-14
33250.056 2.9640724265360177e-14
33300.056 7.060005078029933e-13
33350.056 1.26724571877309e-12
33400.056 7.0678901890556595e-12
33450.056 1.0936541604245764e-12
33500.056 7.627971356070015e-12
33550.056 9.113296838722731e-13
33600.056 3.040624514620325e-12
33650.056 3.1610680496636126e-12
33700.056 4.366117269504543e-13
33750.056 4.044767114542093e-12
33800.056 1.4689704535876026e-13
33850.056 1.8409537114764996e-12
33900.056 2.0669084648134687e-12
33950.056 2.0407642095292336e-12
34000.056 5.426907778850222e-12
34050.056 7.993121022395583e-13
34100.056 6.2772626797362655e-12
34150.056 1.837651178709293e-12
34200.056 8.411731848132403e-12
34250.056 2.94532823260952e-12
34300.056 4.4389177272814975e-12
34350.056 2.1145057762696464e-11
34400.056 2.7786152612307873e-12
34450.056 1.5461819756720218e-11
34500.056 4.572742677069521e-12
34550.056 9.566797082461606e-12
34600.056 4.769832356273315e-11
34650.056 2.2278976132333054e-12
34700.056 2.484563413683032e-11
34750.056 1.2307750271779151e-11
34800.056 8.959364282403445e-12
34850.056 4.511618261928065e-11
34900.056 3.5789295342840447e-12
34950.056 5.471047202135618e-11
35000.056 6.362668737991971e-11
35050.056 5.253708076962652e-11
35100.056 1.0600103856555886e-10
35150.056 8.419845450268591e-11
35200.056 6.026426044424483e-11
35250.056 1.329100631294916e-10
35300.056 3.167826850919436e-11
35350.056 2.87093177348333e-11
35400.056 1.7790120850700804e-11
35450.056 1.888113228767268e-11
35500.056 8.646445498571552e-11
35550.056 4.541900950142348e-11
35600.056 9.319878974448296e-11
35650.056 1.4351159807372266e-10
35700.056 1.470774166897262e-10
35750.056 1.2916207572719186e-10
35800.056 6.040997132945683e-11
35850.056 2.8669921766410706e-11
35900.056 3.50956952369416e-11
35950.056 7.369722767705764e-11
36000.056 9.36631990458911e-11
36050.056 5.941120938147197e-11
36100.056 5.858124108598984e-11
36150.056 2.7466072263291347e-10
36200.056 2.2604073330625145e-10
36250.056 1.1693445682009283e-10
36300.056 4.39521199900173e-10
36350.056 2.0230245037199674e-10
36400.056 3.617802377796404e-10
36450.056 2.6726368668681777e-10
36500.056 2.6472412496694614e-10
36550.056 6.495263688788871e-10
36600.056 6.147596273398528e-10
36650.056 3.246150854232028e-10
36700.056 4.657344151522047e-10
36750.056 6.559032690243994e-10
36800.056 8.634465505725182e-10
36850.056 2.795930781085189e-10
36900.056 4.483579070300617e-10
36950.056 8.821841072059256e-10
37000.056 4.941802711183297e-10
37050.056 9.880526433581768e-10
37100.056 2.9329326879424774e-10
37150.056 4.983581902309956e-10
37200.056 1.2503840141390125e-09
37250.056 6.450898909853309e-10
37300.056 2.7749334789838674e-10
37350.056 5.757090724450403e-10
37400.056 1.0577369828360618e-09
37450.056 3.07438937225298e-10
37500.056 5.545777448862578e-10
37550.056 1.5940504139427757e-09
37600.056 3.015514846959248e-09
37650.056 4.836296150709552e-10
37700.056 1.0749891554092123e-09
37750.056 8.411046142994414e-10
37800.056 7.022569844031518e-10
37850.056 3.380752018967907e-10
37900.056 3.8309363203928725e-10
37950.056 9.555919633128669e-10
38000.056 8.400545946358078e-10
38050.056 1.791560409738171e-09
38100.056 2.2546169955706055e-09
38150.056 3.029319806490488e-09
38200.056 1.7765822948593657e-09
38250.056 2.841601549405838e-09
38300.056 4.723924203749644e-09
38350.056 3.0793121056711156e-09
38400.056 8.078583349977805e-10
38450.056 2.073235553078007e-10
38500.056 1.8888050604487183e-10
38550.056 1.1520259885721656e-09
38600.056 1.4805880129497389e-09
38650.056 1.5561899818218803e-09
38700.056 9.057146921254506e-10
38750.056 1.3405442043934833e-09
38800.056 1.2262582722792586e-09
38850.056 1.669235641134616e-09
38900.056 2.0279489388754273e-09
38950.056 1.0151235856336022e-09
39000.056 2.383820237878324e-09
39050.056 7.575450805168052e-10
39100.056 1.746031759239464e-09
39150.056 3.0802382192218584e-09
39200.056 1.7299839120736453e-09
39250.056 3.4427286318746453e-09
39300.056 1.7204742712397218e-09
39350.056 4.37714118253982e-09
39400.056 1.915164748570367e-09
39450.056 3.5104282740502913e-09
39500.056 3.545127962350123e-09
39550.056 1.069852311368819e-09
39600.056 3.2959081851002155e-09
39650.056 4.609322179999732e-09
39700.056 4.539490238720807e-09
39750.056 1.3925524021132401e-09
39800.056 1.5031745781456991e-09
39850.056 5.104676745200781e-09
39900.056 6.780185132450505e-09
39950.056 1.8391584942022057e-09
40000.056 4.123873754001835e-09
40050.056 5.284595293017749e-09
40100.056 1.1561321675024602e-09
40150.056 4.17870737589213e-09
40200.056 4.980945597483144e-09
40250.056 5.846161517278788e-09
40300.056 6.106401773260517e-09
40350.056 2.6310820418937816e-09
40400.056 4.049674083269783e-09
40450.056 1.4276133123770845e-09
40500.056 6.033844296400635e-09
40550.056 6.187733859939724e-09
40600.056 5.492098919099883e-09
40650.056 3.6479608092540642e-09
40700.056 7.829167186827158e-09
40750.056 5.022752060922789e-09
40800.056 2.406464896829262e-09
40850.056 1.0344190853502291e-08
40900.056 9.059046266798365e-09
40950.056 6.753834526651757e-09
41000.056 4.612867277768324e-09
41050.056 1.168924114569868e-08
41100.056 9.631232237099676e-09
41150.056 2.334636356270468e-09
41200.056 1.1539502069141742e-08
41250.056 8.91571899059028e-09
41300.056 9.643796498249608e-09
41350.056 1.4194436172499654e-08
41400.056 1.0129152926798993e-08
41450.056 1.5284770825398168e-08
41500.056 7.630267662896397e-09
41550.056 6.644681950509137e-09
41600.056 7.524651249415428e-09
41650.056 1.2716603029101704e-08
41700.056 1.982596842799734e-08
41750.056 1.2935292709599162e-08
41800.056 1.3343866428601256e-08
41850.056 1.2166217672551836e-08
41900.056 8.707614982831255e-09
41950.056 8.3080410422694e-09
42000.056 2.5989685290201e-09
42050.056 4.667869217194983e-09
42100.056 6.030050564016492e-09
42150.056 7.82513690012643e-09
42200.056 1.0276378969209885e-08
42250.056 7.730980580272285e-09
42300.056 6.200871485119178e-09
42350.056 1.332289103027045e-08
42400.056 1.7258929610701593e-08
42450.056 1.8881193975902175e-08
42500.056 1.9596389636998595e-08
42550.056 1.6081594266998527e-08
42600.056 1.4529746012765041e-08
42650.056 2.3331623092696125e-08
42700.056 7.863867616587538e-09
42750.056 1.6500194405002806e-08
42800.056 2.690314522300136e-08
42850.056 2.777287285679531e-08
42900.056 2.7987739937302435e-08
42950.056 2.1060477250600585e-08
43000.056 2.5155190541200065e-08
43050.056 1.0477751316839715e-08
43100.056 1.9317671004999968e-08
43150.056 1.618892698250075e-08
43200.056 2.6360397475902173e-08
43250.056 3.69114597590016e-08
43300.056 3.1930347892600054e-08
43350.056 1.6132724261997155e-08
43400.056 2.5177785975201694e-08
43450.056 1.4420051299900461e-08
43500.056 1.2800088399161423e-08
43550.056 1.5803036645801375e-08
43600.056 3.091180051800162e-08
43650.056 1.600041702529922e-08
43700.056 3.4250977658607725e-08
43750.056 3.434772690999698e-08
43800.056 2.758413934869878e-08
43850.056 2.4693035126403014e-08
43900.056 1.556480275039909e-08
43950.056 1.0792720589699123e-08
44000.056 1.1406203689999441e-08
44050.056 3.3088195681001854e-08
44100.056 4.660896863700119e-08
44150.056 3.941289116179746e-08
44200.056 3.7944723555001267e-08
44250.056 1.7699529167897714e-08
44300.056 1.2117192516301259e-08
44350.056 1.2992394383201358e-08
44400.056 1.2297042140699514e-08
44450.056 2.713182625710338e-08
44500.056 2.3162445011002e-08
44550.056 3.520023670299949e-08
44600.056 2.6598351369400164e-08
44650.056 2.627297774509977e-08
44700.056 1.6829669502497372e-08
44750.056 2.795437970870379e-08
44800.056 1.5796787707100958e-08
44850.056 2.3666998636800848e-08
44900.056 2.2627716403999185e-08
44950.056 2.736860216330358e-08
45000.056 3.5446553645000256e-08
45050.056 2.8976016656997124e-08
45100.056 2.584046258440134e-08
45150.056 2.084195554079754e-08
45200.056 1.4490553667801532e-08
45250.056 1.8163135447696553e-08
45300.056 1.7934576018402038e-08
45350.056 1.2013719263022825e-08
45400.056 4.358665024200368e-08
45450.056 3.1967377007703436e-08
45500.056 4.350786256850301e-08
45550.056 4.666658194539127e-08
45600.056 3.548172885300355e-08
45650.056 3.008871973709861e-08
45700.056 1.653082525757876e-08
45750.056 1.4209128924801265e-08
45800.056 4.2172672408001845e-08
45850.056 3.0505429352201304e-08
45900.056 4.446534587999796e-08
45950.056 4.209272494349727e-08
46000.056 4.216451440600362e-08
46050.056 2.9728545229005163e-08
46100.056 5.3451497366996416e-08
46150.056 2.689441423670001e-08
46200.056 2.007716859287667e-08
46250.056 6.351949157129708e-09
46300.056 2.5934740849601634e-08
46350.056 2.677208640520354e-08
46400.056 2.7440651527000985e-08
46450.056 2.282173761279824e-08
46500.056 2.754366704640387e-08
46550.056 1.2094343346049146e-08
46600.056 1.5955847929217806e-08
46650.056 2.9406746736201272e-08
46700.056 1.850892451339625e-08
46750.056 6.675161180381154e-09
46800.056 4.000556439639576e-09
46850.056 2.5122336282604264e-08
46900.056 3.34098445114986e-08
46950.056 3.4100808009998166e-08
47000.056 3.488929153500311e-08
47050.056 2.001131527279406e-08
47100.056 1.4478568294400679e-08
47150.056 2.594214755620339e-08
47200.056 2.8167795606998274e-08
47250.056 1.1189270884477599e-08
47300.056 7.472584858502223e-09
47350.056 2.9293981761003038e-08
47400.056 3.1477972961998006e-08
47450.056 1.7373359472710944e-08
47500.056 3.626551642380186e-08
47550.056 3.157009387600077e-08
47600.056 2.3504143477896488e-08
47650.056 2.7908588772279573e-08
47700.056 2.016892498061309e-08
47750.056 1.4330812665100137e-08
47800.056 9.657224174501179e-09
47850.056 3.513453302300717e-09
47900.056 6.69237889503015e-09
47950.056 2.2304489129001675e-08
48000.056 3.11352663459976e-08
48050.056 2.2479005589560108e-08
48100.056 8.959304443840714e-09
48150.056 1.918264708240106e-08
48200.056 1.0637604910878512e-08
48250.056 1.646148545650008e-08
48300.056 2.8865388479999683e-08
48350.056 1.5049115924097737e-08
48400.056 2.3958580852362495e-09
48450.056 5.226092903996364e-09
48500.056 1.1156855730997456e-08
48550.056 1.4333351504930512e-08
48600.056 2.707915363200006e-08
48650.056 3.5037933576998745e-08
48700.056 2.0852350183103462e-08
48750.056 1.6365334715201668e-08
48800.056 2.658271709520097e-08
48850.056 1.1420222471538231e-08
48900.056 1.1285165984378777e-08
48950.056 5.298239912439741e-09
49000.056 3.0925236163978927e-09
49050.056 1.2099877689068572e-08
49100.056 1.8870494335103404e-08
49150.056 1.4759161575800357e-08
49200.056 2.701965385600327e-08
49250.056 2.8809250731000055e-08
49300.056 2.1765584938698433e-08
49350.056 6.7686551195622195e-09
49400.056 1.0367395612977507e-08
49450.056 8.217405478356768e-09
49500.056 6.143666225346745e-09
49550.056 8.152842280080065e-10
49600.056 2.757677518986581e-09
49650.056 1.1177381527601416e-08
49700.056 1.4890980493997626e-08
49750.056 1.1024159531269807e-08
49800.056 5.802010085872137e-09
49850.056 1.731807479180228e-08
49900.056 1.8099007294399295e-08
49950.056 1.7308410672899706e-08
50000.056 8.824327406765767e-09
50050.056 1.0935858240881215e-08
50100.056 9.30435437689931e-09
50150.056 3.0178153359993614e-09
50200.056 3.6445133653316496e-10
50250.056 2.7620264387000047e-09
50300.056 1.8988266928944457e-09
50350.056 1.0558743230901705e-08
50400.056 1.4433303854098507e-08
50450.056 1.1366070433900937e-08
50500.056 1.853266154230042e-08
50550.056 1.8062124341000744e-08
50600.056 1.0959266832926703e-08
50650.056 1.9805590148802543e-08
50700.056 1.750389580299916e-08
50750.056 8.968883353099824e-09
50800.056 1.97534770016057e-09
50850.056 7.793749469343903e-10
50900.056 7.922323185501025e-09
50950.056 9.522489790698956e-09
51000.056 6.070213026676956e-09
51050.056 1.210741827639866e-08
51100.056 3.648527993265123e-09
51150.056 2.957179500356774e-09
51200.056 1.4179668818000137e-08
51250.056 1.101907705251845e-08
51300.056 6.503000207830909e-09
51350.056 4.6512895231760285e-09
51400.056 9.095861711402135e-10
51450.056 8.247323486417338e-10
51500.056 8.232460329863266e-10
51550.056 4.225552577480979e-09
51600.056 5.351302797200941e-09
51650.056 8.546991051200085e-09
51700.056 7.25585714276575e-09
51750.056 4.601305252326079e-09
51800.056 1.072613591179942e-08
51850.056 8.058975631299585e-09
51900.056 7.057376174700136e-09
51950.056 2.957748683299491e-09
52000.056 2.476624129129332e-10
52050.056 1.388847211490129e-09
52100.056 6.622779203598506e-10
52150.056 3.5847519390413105e-10
52200.056 1.86694258693e-09
52250.056 3.684735142500696e-09
52300.056 3.881835911799631e-09
52350.056 7.57201756970896e-10
52400.056 9.068602652570031e-10
52450.056 5.3224785234005325e-09
52500.056 3.505698107596459e-09
52550.056 6.15974814979974e-09
52600.056 5.33543609091044e-09
52650.056 6.538743680500067e-09
52700.056 3.5353809859396792e-09
52750.056 8.442033176756808e-10
52800.056 1.9538466913303812e-09
52850.056 2.417217107099398e-09
52900.056 6.069089668835272e-10
52950.056 1.2281299974902374e-09
53000.056 3.296228075700331e-09
53050.056 1.0032078840078025e-09
53100.056 5.4003407510003275e-09
53150.056 5.203476781440073e-09
53200.056 2.2079361184419145e-09
53250.056 4.0893468800998195e-09
53300.056 4.638123395450814e-09
53350.056 3.6353431238601333e-09
53400.056 2.0652055067995855e-09
53450.056 5.357129346848419e-10
53500.056 1.2520154197396683e-10
53550.056 2.2956523352400245e-10
