galfind/configs/Brown_Dwarf_templates/sonora_bobcat/m+0.5/562g/sp_t650g562nc_m+0.5_resample.dat
# %ECSV 1.0
# ---
# datatype:
# - {name: wav, unit: Angstrom, datatype: float64}
# - {name: flux_nu, unit: erg / (cm2 Hz s), datatype: float64}
# meta: {C/O: '1.00', Kzz: '1.0000E+05', Teff: '650.', Y: '0.28', '[Fe/H]': '0.50', f_hole: '1.00', f_rain: '0.00', grav: '562.'}
# schema: astropy-2.0
wav flux_nu
[from data line 499]
28950.056 6.34671736862752e-09
29000.056 5.082777244784934e-09
29050.056 6.354575854727622e-09
29100.056 4.2542510640810155e-09
29150.056 7.0085818017024386e-09
29200.056 5.810397709674811e-09
29250.056 9.216056639242186e-09
29300.056 4.2148192670925205e-09
29350.056 1.4074991910994055e-08
29400.056 6.016475161046677e-09
29450.056 6.598036355986263e-09
29500.056 9.526795490989653e-09
29550.056 6.3065154985860945e-09
29600.056 8.36236332492147e-09
29650.056 1.2126376903103653e-08
29700.056 5.8889573747323325e-09
29750.056 1.0671344823755822e-08
29800.056 1.0454361363271684e-08
29850.056 1.2378861888116439e-08
29900.056 1.0665909726186917e-08
29950.056 9.859189563557412e-09
30000.056 8.772934404052763e-10
30050.056 2.160385550877303e-09
30100.056 4.130100226640541e-09
30150.056 9.655718671887126e-09
30200.056 7.93017578206832e-09
30250.056 1.624114793948766e-08
30300.056 1.6350293906594152e-08
30350.056 9.118630125966596e-09
30400.056 1.7852081581620096e-08
30450.056 1.0794900859486101e-08
30500.056 1.0675035341398362e-08
30550.056 9.747026350586291e-09
30600.056 1.818941627120169e-08
30650.056 1.0926626952296654e-08
30700.056 9.400090848598758e-09
30750.056 1.3801329048251197e-08
30800.056 1.0229000129764637e-08
30850.056 1.0570342221237175e-08
30900.056 6.912082545044157e-09
30950.056 7.4946447584449e-09
31000.056 7.036035271801629e-09
31050.056 7.022061456064082e-09
31100.056 4.645003212154756e-09
31150.056 7.609036436776044e-09
31200.056 9.972619177178092e-09
31250.056 6.4552802560747405e-09
31300.056 4.957155292848086e-09
31350.056 6.646437034697755e-09
31400.056 4.845199132278374e-09
31450.056 5.459926503196515e-09
31500.056 3.026296523878738e-09
31550.056 4.1063545951298776e-09
31600.056 2.7864591589645894e-09
31650.056 2.662265162910174e-09
31700.056 2.905318557144231e-09
31750.056 1.7012326435542734e-09
31800.056 3.106458861440393e-09
31850.056 1.2263100922003297e-09
31900.056 2.079472314881625e-09
31950.056 1.2346671945492429e-09
32000.056 1.5887821193319355e-09
32050.056 1.8272674935246003e-09
32100.056 1.6182256973324749e-09
32150.056 2.0626479409500864e-09
32200.056 1.2671901379514538e-09
32250.056 2.6299066902637676e-09
32300.056 1.1919384949000902e-09
32350.056 2.5728666179538685e-09
32400.056 1.055483574072001e-09
32450.056 2.2645179772576027e-09
32500.056 1.3948651565245638e-09
32550.056 1.8755232771352182e-09
32600.056 1.9154281065481843e-09
32650.056 3.762692963051499e-09
32700.056 2.4546640320848697e-09
32750.056 4.9069963543742165e-09
32800.056 4.159733466963864e-09
32850.056 5.899697355579225e-09
32900.056 5.8868621115962085e-09
32950.056 6.467250410812334e-09
33000.056 4.396314434947562e-09
33050.056 4.977270271412668e-09
33100.056 1.70934440156038e-09
33150.056 2.915471604698217e-11
33200.056 1.0383364725931888e-10
33250.056 8.282269864066552e-11
33300.056 2.2197017065763593e-10
33350.056 6.240510409001909e-10
33400.056 1.3579816203904616e-09
33450.056 1.70927599929758e-09
33500.056 3.9970610941831375e-09
33550.056 1.923473075033122e-09
33600.056 4.065287477452843e-09
33650.056 3.916894786583902e-09
33700.056 2.5377192539119286e-09
33750.056 5.237328032640154e-09
33800.056 1.8440081029780691e-09
33850.056 3.5635464330148717e-09
33900.056 3.1151743404906687e-09
33950.056 2.905797528182811e-09
34000.056 4.7845072389781885e-09
34050.056 1.506822060067736e-09
34100.056 4.3096575255383554e-09
34150.056 2.493826687973708e-09
34200.056 4.149993774271786e-09
34250.056 3.3940543702966056e-09
34300.056 2.841541172390005e-09
34350.056 3.622066071646951e-09
34400.056 2.081270158084846e-09
34450.056 4.269993607875909e-09
34500.056 3.165268738221077e-09
34550.056 1.8062543486782237e-09
34600.056 5.518368395110598e-09
34650.056 2.1914290185998102e-09
34700.056 4.47539402727279e-09
34750.056 3.6029120319413686e-09
34800.056 2.8381342916535294e-09
34850.056 5.343676447558237e-09
34900.056 3.5776606515182987e-09
34950.056 5.23763024138827e-09
35000.056 9.434502304746789e-09
35050.056 4.328239928571736e-09
35100.056 8.148445291109685e-09
35150.056 7.352961746015886e-09
35200.056 6.769735066064672e-09
35250.056 1.0821425468976649e-08
35300.056 6.139327699670661e-09
35350.056 7.333601658941479e-09
35400.056 7.981963901232357e-09
35450.056 5.342354512418655e-09
35500.056 1.4148739735672638e-08
35550.056 1.0698494415058219e-08
35600.056 9.840832550497355e-09
35650.056 1.0823210587430411e-08
35700.056 9.786762742600535e-09
35750.056 1.4527504148465187e-08
35800.056 1.6780215843313226e-08
35850.056 8.321418528659085e-09
35900.056 1.1829098284064348e-08
35950.056 1.2978902068065703e-08
36000.056 1.2929652208221779e-08
36050.056 1.0968164422857446e-08
36100.056 1.0836290720813377e-08
36150.056 1.5003230264125535e-08
36200.056 1.6889936470594694e-08
36250.056 1.3570074498211598e-08
36300.056 2.1456026505636082e-08
36350.056 1.6887180433716546e-08
36400.056 2.0000184116575562e-08
36450.056 2.1558196883405945e-08
36500.056 2.4293486156222767e-08
36550.056 2.6907182775026917e-08
36600.056 3.125101417599105e-08
36650.056 2.6927914456542818e-08
36700.056 2.779654059311607e-08
36750.056 3.2593304098216875e-08
36800.056 3.434836590329772e-08
36850.056 2.6531604853231473e-08
36900.056 3.46652091336891e-08
36950.056 3.659945513459291e-08
37000.056 3.0165205504992316e-08
37050.056 3.725858848726812e-08
37100.056 3.439977454339262e-08
37150.056 3.176232301173701e-08
37200.056 4.181994321959116e-08
37250.056 3.458861834709299e-08
37300.056 2.990411639029547e-08
37350.056 3.861923370245936e-08
37400.056 5.5209649757931884e-08
37450.056 3.319351116284807e-08
37500.056 3.663700498227522e-08
37550.056 5.2787723710810955e-08
37600.056 6.502226050781233e-08
37650.056 3.387936111870231e-08
37700.056 5.700006589250445e-08
37750.056 3.998729333710613e-08
37800.056 4.3398607965646876e-08
37850.056 2.7718356290453356e-08
37900.056 3.404157785725754e-08
37950.056 4.9597678648472015e-08
38000.056 5.335516310997778e-08
38050.056 5.8136848893121e-08
38100.056 6.492774847574624e-08
38150.056 6.854161835579926e-08
38200.056 6.901113726331069e-08
38250.056 6.338076490955673e-08
38300.056 9.023776497757787e-08
38350.056 8.98433051932249e-08
38400.056 5.1447026270477425e-08
38450.056 4.436588396117507e-08
38500.056 2.984894054328332e-08
38550.056 5.7096294705021056e-08
38600.056 5.7287034792893056e-08
38650.056 6.295262236558649e-08
38700.056 6.251538763999838e-08
38750.056 6.417611877860778e-08
38800.056 5.99289113819799e-08
38850.056 6.471253365770833e-08
38900.056 8.417598222561116e-08
38950.056 5.951803508631641e-08
39000.056 7.613339792838757e-08
39050.056 6.366865123682176e-08
39100.056 7.335370626958899e-08
39150.056 8.221847536130266e-08
39200.056 7.188549988258695e-08
39250.056 9.283271603869663e-08
39300.056 7.4222142485878e-08
39350.056 1.0697413411920584e-07
39400.056 7.946864767057814e-08
39450.056 9.1410340479311e-08
39500.056 9.545751451042068e-08
39550.056 7.599597256563495e-08
39600.056 9.779603531428938e-08
39650.056 1.1282744803898468e-07
39700.056 1.0401978272901246e-07
39750.056 7.387122323046066e-08
39800.056 8.747150863699569e-08
39850.056 1.28125259670008e-07
39900.056 1.2836642612300373e-07
39950.056 9.626491899668382e-08
40000.056 1.3320737610981888e-07
40050.056 1.2226781877599772e-07
40100.056 8.102489813028523e-08
40150.056 1.2419781912280156e-07
40200.056 1.2957046264696262e-07
40250.056 1.359153962769589e-07
40300.056 1.318671671670131e-07
40350.056 1.1385497749368171e-07
40400.056 1.4885532465489017e-07
40450.056 1.0622367449865443e-07
40500.056 1.5330451900298138e-07
40550.056 1.5592516713774933e-07
40600.056 1.417971092640146e-07
40650.056 1.2303090859320954e-07
40700.056 1.9307244437099034e-07
40750.056 1.3977866446897366e-07
40800.056 1.0548294450694817e-07
40850.056 2.0292786742504311e-07
40900.056 1.829184609946045e-07
40950.056 1.5537554881461732e-07
41000.056 1.50439854380992e-07
41050.056 2.1095859103195715e-07
41100.056 1.7514614259499357e-07
41150.056 1.0772520985024882e-07
41200.056 2.0558197522800775e-07
41250.056 1.699977655232837e-07
41300.056 1.5739310687397765e-07
41350.056 2.133029341739999e-07
41400.056 1.8905352729601782e-07
41450.056 2.1387601483597964e-07
41500.056 1.5512927324303257e-07
41550.056 1.4964261530644667e-07
41600.056 1.8277297722279615e-07
41650.056 1.987459647180058e-07
41700.056 1.91108424523951e-07
41750.056 1.8146665611897805e-07
41800.056 2.2272635938603917e-07
41850.056 1.592818037488825e-07
41900.056 1.7481148732136e-07
41950.056 1.878269214990285e-07
42000.056 1.6758544807782678e-07
42050.056 1.5169715660563123e-07
42100.056 2.174890590109759e-07
42150.056 1.5997761276201294e-07
42200.056 1.5807972945599687e-07
42250.056 1.6116993631499616e-07
42300.056 1.5367477211540088e-07
42350.056 1.9610346358902772e-07
42400.056 2.020123066470264e-07
42450.056 1.757417802840461e-07
42500.056 1.7305244791998928e-07
42550.056 1.5684886497197808e-07
42600.056 1.7796916787414747e-07
42650.056 2.4450320790292954e-07
42700.056 1.650557329539497e-07
42750.056 1.6824994128901803e-07
42800.056 2.0394120943702737e-07
42850.056 2.261646717029329e-07
42900.056 2.465244880910491e-07
42950.056 1.8599660955796054e-07
43000.056 2.1424916416002092e-07
43050.056 1.273382465900349e-07
43100.056 1.8310953751597276e-07
43150.056 1.62152288746017e-07
43200.056 2.106597136800105e-07
43250.056 2.780252716800213e-07
43300.056 2.663495125460098e-07
43350.056 1.5210235795795992e-07
43400.056 2.025925462350001e-07
43450.056 1.573239720432221e-07
43500.056 1.6486180995702775e-07
43550.056 1.7331420000252347e-07
43600.056 2.3876501164202797e-07
43650.056 1.6093950653540584e-07
43700.056 2.671015010940376e-07
43750.056 2.2715705966801616e-07
43800.056 2.1103656723198083e-07
43850.056 1.8706727115102412e-07
43900.056 1.8409719146598278e-07
43950.056 1.2637601650498667e-07
44000.056 1.1870195057099798e-07
44050.056 2.3801660070200623e-07
44100.056 3.060309678470072e-07
44150.056 2.893712212269885e-07
44200.056 2.452906579209975e-07
44250.056 1.5938071206900177e-07
44300.056 1.3336407378032402e-07
44350.056 1.5535031506404162e-07
44400.056 1.448982988954884e-07
44450.056 2.1671451465898925e-07
44500.056 2.0665737628804452e-07
44550.056 2.7862874322997124e-07
44600.056 2.4282058142190964e-07
44650.056 2.2850663331202549e-07
44700.056 1.573010608769924e-07
44750.056 2.1985667148804443e-07
44800.056 1.7739126556701985e-07
44850.056 2.381743830090251e-07
44900.056 1.852853207800086e-07
44950.056 2.1213464773601e-07
45000.056 2.3422731443000474e-07
45050.056 2.2324078670497964e-07
45100.056 2.1492803807700737e-07
45150.056 2.110758478424721e-07
45200.056 1.6498066484701554e-07
45250.056 1.8710837456294928e-07
45300.056 1.6255153704402425e-07
45350.056 1.6256939154061793e-07
45400.056 2.8282687702502903e-07
45450.056 2.4771742988901305e-07
45500.056 2.677725006420151e-07
45550.056 2.940553544919258e-07
45600.056 2.8121226631004453e-07
45650.056 2.2781182501899495e-07
45700.056 1.7126961196459714e-07
45750.056 1.6149629938490414e-07
45800.056 3.020186663470081e-07
45850.056 2.7806651931098653e-07
45900.056 3.0869337669000115e-07
45950.056 2.4456357334399475e-07
46000.056 2.9254008113502454e-07
46050.056 2.2735778872600797e-07
46100.056 3.1526819253997207e-07
46150.056 2.120357466510031e-07
46200.056 1.956122168419898e-07
46250.056 1.0571048145800417e-07
46300.056 2.265618226320029e-07
46350.056 2.2816933467302538e-07
46400.056 2.1196691546800716e-07
46450.056 1.9183982810241972e-07
46500.056 2.1780818984205156e-07
46550.056 1.3926847842800738e-07
46600.056 1.944990317735769e-07
46650.056 2.9424713468401633e-07
46700.056 1.9066603975795267e-07
46750.056 1.2491691923701507e-07
46800.056 9.22060373544054e-08
46850.056 2.8775009491604357e-07
46900.056 2.635317078229883e-07
46950.056 2.540161808749769e-07
47000.056 2.4017977267204154e-07
47050.056 2.000752689715296e-07
47100.056 1.3817579182261681e-07
47150.056 1.9522799574803276e-07
47200.056 2.367513504199959e-07
47250.056 1.5370413321098176e-07
47300.056 1.0801466945346466e-07
47350.056 2.7348850984399214e-07
47400.056 2.3271085537197929e-07
47450.056 2.1874624645643028e-07
47500.056 2.7176616501397103e-07
47550.056 2.3583353570300937e-07
47600.056 2.3617179327198542e-07
47650.056 2.2160327067757887e-07
47700.056 1.9293852118025598e-07
47750.056 1.459223331050054e-07
47800.056 1.3598800456101128e-07
47850.056 8.802282623441171e-08
47900.056 1.208310903929838e-07
47950.056 2.071602835720117e-07
48000.056 2.8312294163003193e-07
48050.056 2.458030816459919e-07
48100.056 1.1979599226941081e-07
48150.056 1.8926783355000541e-07
48200.056 1.503892786132011e-07
48250.056 1.7070475931800803e-07
48300.056 2.619805337499609e-07
48350.056 1.6232803172699928e-07
48400.056 6.979877357190475e-08
48450.056 1.335246190252317e-07
48500.056 1.8681248404496387e-07
48550.056 1.8399027891741318e-07
48600.056 1.9813773821300525e-07
48650.056 2.432838071739872e-07
48700.056 1.775572212860123e-07
48750.056 1.1451135095205387e-07
48800.056 2.3657157866800355e-07
48850.056 1.423492394893747e-07
48900.056 2.1256600676740634e-07
48950.056 1.282425476340074e-07
49000.056 7.117957474103554e-08
49050.056 1.7980487026597435e-07
49100.056 2.1084028066663866e-07
49150.056 1.5956295779451049e-07
49200.056 2.3407585561804247e-07
49250.056 2.2662868054602853e-07
49300.056 1.9367022077899533e-07
49350.056 9.655484243541873e-08
49400.056 1.3657599855896957e-07
49450.056 1.4259253418004134e-07
49500.056 1.1472632683628979e-07
49550.056 4.4434796444002695e-08
49600.056 9.320827365609712e-08
49650.056 1.4255823041499316e-07
49700.056 1.4601548053495466e-07
49750.056 1.708450463609872e-07
49800.056 1.2599999253116013e-07
49850.056 2.0759800127903876e-07
49900.056 1.6555256244998578e-07
49950.056 1.604481153380011e-07
50000.056 1.4138148284177617e-07
50050.056 1.7384918463999826e-07
50100.056 1.3589078434599876e-07
50150.056 8.097010541698744e-08
50200.056 2.797536983900838e-08
50250.056 1.066906377509917e-07
50300.056 7.691077014660931e-08
50350.056 1.6456423703102094e-07
50400.056 1.5439313505298775e-07
50450.056 1.161183556558035e-07
50500.056 1.6963017432401531e-07
50550.056 1.5138241511101113e-07
50600.056 1.1670905616696862e-07
50650.056 1.7670002897003223e-07
50700.056 1.8346262858896073e-07
50750.056 1.2938442554741603e-07
50800.056 6.434160020179e-08
50850.056 4.910662787831866e-08
50900.056 1.6524660181199946e-07
50950.056 1.275663268090019e-07
51000.056 1.2361248728910786e-07
51050.056 1.4246630747698554e-07
51100.056 6.488839545563289e-08
51150.056 8.710122672668453e-08
51200.056 1.9518066901498748e-07
51250.056 1.2469820822377883e-07
51300.056 9.193075468023478e-08
51350.056 9.996817095839027e-08
51400.056 5.002062133160494e-08
51450.056 4.025788106050843e-08
51500.056 4.0093379948194574e-08
51550.056 1.1070802120621055e-07
51600.056 8.144413585961643e-08
51650.056 9.323853576698569e-08
51700.056 1.0685992631695561e-07
51750.056 7.212252601800912e-08
51800.056 1.180981004079764e-07
51850.056 1.0122979238699281e-07
51900.056 1.4780247034500332e-07
51950.056 1.0037370516198973e-07
52000.056 2.184315068709351e-08
52050.056 6.299446226860852e-08
52100.056 4.4845813919996e-08
52150.056 3.2612838925845085e-08
52200.056 5.3471658134899997e-08
52250.056 7.515049487381602e-08
52300.056 1.1300547605399544e-07
52350.056 5.675723774662838e-08
52400.056 4.919611368500352e-08
52450.056 1.1389106247900866e-07
52500.056 1.0201301688667081e-07
52550.056 9.9479060023988e-08
52600.056 7.719948453840099e-08
52650.056 8.547645444081184e-08
52700.056 6.898374189929747e-08
52750.056 3.932560207435572e-08
52800.056 5.664624713940763e-08
52850.056 6.394544856937979e-08
52900.056 4.490605013752082e-08
52950.056 5.6762688691004585e-08
53000.056 8.368026812001185e-08
53050.056 3.952405296629002e-08
53100.056 8.154431065098779e-08
53150.056 1.0120068599401142e-07
53200.056 4.412762192256784e-08
53250.056 9.016124279600591e-08
53300.056 1.0534719497028865e-07
53350.056 8.863296627400078e-08
53400.056 6.87266669749929e-08
53450.056 3.3277901267191084e-08
53500.056 1.2137299490635992e-08
