galfind/configs/Brown_Dwarf_templates/sonora_bobcat/m+0.5/562g/sp_t375g562nc_m+0.5_resample.dat
# %ECSV 1.0
# ---
# datatype:
# - {name: wav, unit: Angstrom, datatype: float64}
# - {name: flux_nu, unit: erg / (cm2 Hz s), datatype: float64}
# meta: {C/O: '1.00', Kzz: '1.0000E+05', Teff: '375.', Y: '0.28', '[Fe/H]': '0.50', f_hole: '1.00', f_rain: '0.00', grav: '562.'}
# schema: astropy-2.0
wav flux_nu
[from data line 498]
28900.056 2.4216387148935553e-11
28950.056 3.3620652073823463e-11
29000.056 2.0141503058364687e-11
29050.056 3.517129296909235e-11
29100.056 1.4895063703138005e-11
29150.056 2.012756320585323e-11
29200.056 6.921474370557183e-11
29250.056 5.4753896987869124e-11
29300.056 3.321251202195307e-11
29350.056 8.665677873085152e-11
29400.056 3.778807771597555e-11
29450.056 1.6453500419514683e-11
29500.056 9.567485108017194e-11
29550.056 2.6664954786930752e-11
29600.056 3.150220379042135e-11
29650.056 1.4631109286419942e-10
29700.056 2.181205616982889e-11
29750.056 9.575472711112481e-11
29800.056 5.4455713882428845e-11
29850.056 1.1988418534352478e-10
29900.056 4.572545672794221e-11
29950.056 6.025860964753873e-11
30000.056 7.278386327240432e-13
30050.056 6.699030981859178e-12
30100.056 3.2782220760230854e-11
30150.056 1.3773532461267507e-10
30200.056 7.959950145824352e-11
30250.056 1.328794200519399e-10
30300.056 1.986921766659912e-10
30350.056 3.355720857292667e-11
30400.056 1.9744471851003115e-10
30450.056 1.507405211526744e-10
30500.056 6.78586970952143e-11
30550.056 5.5869404858941565e-11
30600.056 6.763600972021191e-10
30650.056 2.298287971301287e-10
30700.056 1.1231128288494412e-10
30750.056 2.5581279661913e-10
30800.056 2.5287346568050464e-10
30850.056 2.7394183219086175e-10
30900.056 1.3604709540458556e-10
30950.056 1.0187013702482924e-10
31000.056 1.3553927233602222e-10
31050.056 7.516213834185816e-11
31100.056 5.5188583941256323e-11
31150.056 1.008524957286744e-10
31200.056 3.8615659001748887e-10
31250.056 1.7146022307837761e-10
31300.056 9.700203186784616e-11
31350.056 2.9679887181312286e-10
31400.056 1.8901649645803563e-10
31450.056 1.9136129527085262e-10
31500.056 5.8409738599446e-11
31550.056 1.1637590670394752e-10
31600.056 8.614821470713988e-11
31650.056 6.797353797733009e-11
31700.056 5.460413755697731e-11
31750.056 2.8276276191456498e-11
31800.056 5.5557020135357314e-11
31850.056 8.783486765751134e-12
31900.056 2.1785980835046857e-11
31950.056 1.2973153773638902e-11
32000.056 8.18694098397275e-12
32050.056 1.2764788675475673e-11
32100.056 1.0764712699951561e-11
32150.056 9.613891845412727e-12
32200.056 4.374165936695479e-12
32250.056 1.1014847073650075e-11
32300.056 2.7365113766104136e-12
32350.056 1.0903295557548282e-11
32400.056 1.0374052598492089e-12
32450.056 7.1520794703890425e-12
32500.056 1.0695029570856082e-12
32550.056 5.799297161924975e-12
32600.056 9.754219897977076e-13
32650.056 1.558208392137038e-11
32700.056 1.79034610933141e-12
32750.056 3.8651295834421436e-11
32800.056 1.7627443063375107e-11
32850.056 9.117244825844812e-11
32900.056 7.525481097120865e-11
32950.056 7.481911900357529e-11
33000.056 1.8974866844386446e-11
33050.056 1.9869893011499434e-11
33100.056 3.3423951705753822e-12
33150.056 1.000511913541037e-15
33200.056 1.0105363981526603e-13
33250.056 2.058389033150259e-13
33300.056 3.39154546030939e-12
33350.056 9.126158906536707e-12
33400.056 3.978126670399176e-11
33450.056 1.333798498076922e-11
33500.056 6.264801065182159e-11
33550.056 9.499017533598497e-12
33600.056 2.7683390167702646e-11
33650.056 2.680929201548812e-11
33700.056 5.88778053002019e-12
33750.056 3.7126507371966576e-11
33800.056 2.0306599213230316e-12
33850.056 1.705248401206381e-11
33900.056 1.9467038360631116e-11
33950.056 1.6341075973007064e-11
34000.056 4.0371602107671864e-11
34050.056 5.607575478589069e-12
34100.056 4.15613860151938e-11
34150.056 1.377008344159506e-11
34200.056 5.043432123279094e-11
34250.056 2.3261270273483154e-11
34300.056 2.833806471000044e-11
34350.056 9.259085990940231e-11
34400.056 1.758378291787084e-11
34450.056 7.845956989816787e-11
34500.056 3.0638005650585276e-11
34550.056 3.448642440969978e-11
34600.056 1.7308340304776662e-10
34650.056 1.4590653868281783e-11
34700.056 1.0384442591651568e-10
34750.056 5.8112811705180953e-11
34800.056 4.694980606975185e-11
34850.056 1.9862596265536134e-10
34900.056 2.4650170179671243e-11
34950.056 1.8927239133014632e-10
35000.056 2.8624952253535624e-10
35050.056 1.6609090816401823e-10
35100.056 3.7841565555198936e-10
35150.056 3.093783070475845e-10
35200.056 2.193761047613465e-10
35250.056 4.5399532883162125e-10
35300.056 1.3792231457001875e-10
35350.056 1.7168898531441766e-10
35400.056 1.1674571142126644e-10
35450.056 1.1343109709826085e-10
35500.056 4.453049067902856e-10
35550.056 2.2942157987115724e-10
35600.056 3.604459294748249e-10
35650.056 4.807170955789951e-10
35700.056 4.841691080782524e-10
35750.056 5.650801769381026e-10
35800.056 3.5576424661967073e-10
35850.056 1.4980156519823805e-10
35900.056 1.936856950460492e-10
35950.056 3.278592707614065e-10
36000.056 3.9485974533520245e-10
36050.056 2.560322942386438e-10
36100.056 2.4537310932450606e-10
36150.056 8.033173316933935e-10
36200.056 7.926633445516574e-10
36250.056 4.686143088746044e-10
36300.056 1.3926697079937066e-09
36350.056 6.696469013000816e-10
36400.056 1.2115359447342237e-09
36450.056 1.0007515208862587e-09
36500.056 1.052534345327256e-09
36550.056 1.9824850275730304e-09
36600.056 1.9550343953621627e-09
36650.056 1.2240238693022644e-09
36700.056 1.4602209445233174e-09
36750.056 1.9797593366911673e-09
36800.056 2.49731255160675e-09
36850.056 1.0264423219262516e-09
36900.056 1.7200898490682416e-09
36950.056 2.4707879100197526e-09
37000.056 1.4855045524300863e-09
37050.056 2.7945299772455785e-09
37100.056 1.2333739875740816e-09
37150.056 1.6525486926366618e-09
37200.056 3.327911110409594e-09
37250.056 1.8205229525093154e-09
37300.056 1.0424690555628046e-09
37350.056 2.0849363900487125e-09
37400.056 3.5329376001259875e-09
37450.056 1.1513983525740544e-09
37500.056 1.9044926417786543e-09
37550.056 4.32360298707683e-09
37600.056 7.2664295790048615e-09
37650.056 1.6263219895122854e-09
37700.056 3.383245398286431e-09
37750.056 2.4420319080075644e-09
37800.056 2.2562063778992417e-09
37850.056 1.1226028195925128e-09
37900.056 1.3861071810005733e-09
37950.056 3.1489739348453912e-09
38000.056 2.7959227660879983e-09
38050.056 4.824185066497606e-09
38100.056 6.036144650811524e-09
38150.056 7.164699606431163e-09
38200.056 4.940429514736942e-09
38250.056 6.5353394144897825e-09
38300.056 1.0333185656128456e-08
38350.056 8.4207432775604e-09
38400.056 2.8434131530502864e-09
38450.056 9.72420663402754e-10
38500.056 7.295078297063579e-10
38550.056 3.3808922330706658e-09
38600.056 3.857436714599264e-09
38650.056 4.42486275028818e-09
38700.056 3.09538748485475e-09
38750.056 3.767371468055309e-09
38800.056 3.708323303935772e-09
38850.056 4.6138903664766145e-09
38900.056 5.701462499948597e-09
38950.056 3.1276664504236235e-09
39000.056 6.056629471788664e-09
39050.056 2.7963369148131625e-09
39100.056 5.095346227804761e-09
39150.056 7.854882538444245e-09
39200.056 4.736581801436817e-09
39250.056 8.738733459519213e-09
39300.056 5.069417449239567e-09
39350.056 1.0606154220479457e-08
39400.056 5.399378018875171e-09
39450.056 8.664855946035053e-09
39500.056 8.79317268402088e-09
39550.056 3.3542884375923995e-09
39600.056 8.257362499772478e-09
39650.056 1.1058969429899244e-08
39700.056 1.0534579030461804e-08
39750.056 4.178202224921934e-09
39800.056 4.702443335221461e-09
39850.056 1.2583186501501668e-08
39900.056 1.53205557675009e-08
39950.056 5.3134814245300565e-09
40000.056 1.0662779795399629e-08
40050.056 1.2649733877259495e-08
40100.056 3.612364955748234e-09
40150.056 1.0686004546670361e-08
40200.056 1.1977414996445431e-08
40250.056 1.3718488614347216e-08
40300.056 1.395668350570101e-08
40350.056 7.233003726989517e-09
40400.056 1.1035032915606363e-08
40450.056 4.634062020795609e-09
40500.056 1.4382899553790986e-08
40550.056 1.5368739875537055e-08
40600.056 1.2435783957399989e-08
40650.056 9.281804036518497e-09
40700.056 1.9473863070117876e-08
40750.056 1.2357180586506824e-08
40800.056 6.6409631760329e-09
40850.056 2.3356151837205157e-08
40900.056 1.9677471930596936e-08
40950.056 1.581435887315667e-08
41000.056 1.1657182511537404e-08
41050.056 2.547059566649584e-08
41100.056 2.0992173435919523e-08
41150.056 6.715081569223945e-09
41200.056 2.4750522449403452e-08
41250.056 1.962964623999963e-08
41300.056 2.1038852844302457e-08
41350.056 2.8184427977998574e-08
41400.056 2.1758499518798878e-08
41450.056 3.171613880769598e-08
41500.056 1.7672958072580694e-08
41550.056 1.5780756527998344e-08
41600.056 1.7347194338837887e-08
41650.056 2.5863541018363107e-08
41700.056 3.6554665894993476e-08
41750.056 2.537707789639743e-08
41800.056 2.6380757237104148e-08
41850.056 2.4851029323275463e-08
41900.056 1.981239063619817e-08
41950.056 1.9752858041699134e-08
42000.056 9.017585764449053e-09
42050.056 1.306330922181642e-08
42100.056 1.5568108769640747e-08
42150.056 1.8030982840139246e-08
42200.056 2.1346098178099026e-08
42250.056 1.694312674440421e-08
42300.056 1.4673044428138563e-08
42350.056 2.6595595292801114e-08
42400.056 3.25938020146028e-08
42450.056 3.2637787397005155e-08
42500.056 3.322685360899687e-08
42550.056 2.7659698951996255e-08
42600.056 2.8122379071710412e-08
42650.056 4.416419236639134e-08
42700.056 1.7847676012373306e-08
42750.056 2.9250951049005186e-08
42800.056 4.49032032530033e-08
42850.056 4.7059012960989976e-08
42900.056 4.948550361700544e-08
42950.056 3.7072918086898914e-08
43000.056 4.3792926054601143e-08
43050.056 1.9771539904500826e-08
43100.056 3.527296465899845e-08
43150.056 2.8064182396602237e-08
43200.056 4.4462703593004094e-08
43250.056 6.213308775900321e-08
43300.056 5.533257215200049e-08
43350.056 2.774490123899402e-08
43400.056 4.337570383590306e-08
43450.056 2.631506054670156e-08
43500.056 2.5599168279604355e-08
43550.056 2.934292870220273e-08
43600.056 5.225153719500433e-08
43650.056 2.8995083734798957e-08
43700.056 5.987463086301292e-08
43750.056 5.5428487035995543e-08
43800.056 4.741825483109714e-08
43850.056 4.2721216828605076e-08
43900.056 2.9610793726596863e-08
43950.056 1.9812189523398016e-08
44000.056 2.0218375451099122e-08
44050.056 5.5456301536002115e-08
44100.056 7.739744962200139e-08
44150.056 6.707878341399647e-08
44200.056 6.25845635190019e-08
44250.056 3.0434455499996226e-08
44300.056 2.2370119769102924e-08
44350.056 2.469360334819381e-08
44400.056 2.3059393065598454e-08
44450.056 4.681701745500469e-08
44500.056 4.052594573830502e-08
44550.056 6.111664503899777e-08
44600.056 4.9206137277500115e-08
44650.056 4.607223488530042e-08
44700.056 2.9249017965796077e-08
44750.056 4.759353274970804e-08
44800.056 2.9152714401502307e-08
44850.056 4.289367578000182e-08
44900.056 3.9057939868099194e-08
44950.056 4.623657805370564e-08
45000.056 5.800690872300118e-08
45050.056 4.9476332159994835e-08
45100.056 4.419799438240204e-08
45150.056 3.701305356969509e-08
45200.056 2.6913608154003116e-08
45250.056 3.3067652640193236e-08
45300.056 3.1912849962704095e-08
45350.056 2.3158956507125632e-08
45400.056 7.309761187600778e-08
45450.056 5.640306411530591e-08
45500.056 7.46774567023054e-08
45550.056 7.913787342028321e-08
45600.056 6.242607900400782e-08
45650.056 5.131328313999904e-08
45700.056 3.003843839775761e-08
45750.056 2.6407479102002017e-08
45800.056 7.460631022800376e-08
45850.056 5.627316695050016e-08
45900.056 7.607170878299602e-08
45950.056 6.723205646799658e-08
46000.056 7.22919861620071e-08
46050.056 5.1392526290807206e-08
46100.056 9.045715342499378e-08
46150.056 4.6572967491000345e-08
46200.056 3.68869197103938e-08
46250.056 1.2901929890949057e-08
46300.056 4.666407791300222e-08
46350.056 4.848511262830651e-08
46400.056 4.7376019157401555e-08
46450.056 4.127204843602778e-08
46500.056 4.7644559094008285e-08
46550.056 2.220101933929982e-08
46600.056 3.2085246889355244e-08
46650.056 5.505630145770261e-08
46700.056 3.4255429204992044e-08
46750.056 1.4292363369652687e-08
46800.056 9.008652707719266e-09
46850.056 4.9602640327007944e-08
46900.056 5.897699703299749e-08
46950.056 5.875667533999567e-08
47000.056 5.8016505198006737e-08
47050.056 3.672602493830872e-08
47100.056 2.568156073060191e-08
47150.056 4.577089114400613e-08
47200.056 5.01027951729968e-08
47250.056 2.2364070242295853e-08
47300.056 1.4712282708843828e-08
47350.056 5.451423153800484e-08
47400.056 5.363446972199563e-08
47450.056 3.442992413694291e-08
47500.056 6.48121869989999e-08
47550.056 5.444338368000201e-08
47600.056 4.579897988254389e-08
47650.056 5.12121033374592e-08
47700.056 3.701383259622685e-08
47750.056 2.6196948296200622e-08
47800.056 1.943283924280289e-08
47850.056 8.028904675561554e-09
47900.056 1.4168178382089934e-08
47950.056 4.1802741827002836e-08
48000.056 5.8975732349997295e-08
48050.056 4.4538913722399747e-08
48100.056 1.7342705655141587e-08
48150.056 3.535869737770164e-08
48200.056 2.1636246635958072e-08
48250.056 3.069138718549978e-08
48300.056 5.5771528288998754e-08
48350.056 3.049245671659568e-08
48400.056 5.718260157961334e-09
48450.056 1.242973126562714e-08
48500.056 2.4241835111594027e-08
48550.056 2.9567196694024064e-08
48600.056 4.7040738849999985e-08
48650.056 6.196498099599737e-08
48700.056 3.71858644802065e-08
48750.056 2.6598518524105167e-08
48800.056 4.880519119160228e-08
48850.056 2.275112300790632e-08
48900.056 2.5878048702297348e-08
48950.056 1.2951441496799458e-08
49000.056 7.032568403269704e-09
49050.056 2.6015621848096742e-08
49100.056 3.764165211472687e-08
49150.056 2.8329726111290923e-08
49200.056 4.882183830100709e-08
49250.056 5.19505302490012e-08
49300.056 4.050125788299808e-08
49350.056 1.34952003536921e-08
49400.056 2.093160879194468e-08
49450.056 1.7963198607109075e-08
49500.056 1.3887055607707537e-08
49550.056 2.176547213308026e-09
49600.056 7.107049192061404e-09
49650.056 2.318334577150216e-08
49700.056 2.832219363519339e-08
49750.056 2.421336027422973e-08
49800.056 1.3496763762147973e-08
49850.056 3.5379763347204685e-08
49900.056 3.289549238639819e-08
49950.056 3.199355750159978e-08
50000.056 1.9622484084813125e-08
50050.056 2.4761672346801873e-08
50100.056 1.9998331592598647e-08
50150.056 7.532996924068479e-09
50200.056 9.857961848854902e-10
50250.056 7.490712052499949e-09
50300.056 4.9778390817760414e-09
50350.056 2.3097149151603875e-08
50400.056 2.8364238521696795e-08
50450.056 2.0972272987201463e-08
50500.056 3.511557594520109e-08
50550.056 3.2011017088001664e-08
50600.056 2.1270961581813157e-08
50650.056 3.705557688800547e-08
50700.056 3.4755216901998264e-08
50750.056 1.9158230767400335e-08
50800.056 4.995453757133055e-09
50850.056 2.170997252211126e-09
50900.056 1.9029905447101962e-08
50950.056 2.011546663179785e-08
51000.056 1.4062052801572924e-08
51050.056 2.4633474269896714e-08
51100.056 7.820478076663349e-09
51150.056 7.446365802591754e-09
51200.056 3.0025352100999605e-08
51250.056 2.2421486314396394e-08
51300.056 1.3661641523413e-08
51350.056 1.1499392232570975e-08
51400.056 2.7270206035596247e-09
51450.056 2.3011215762232013e-09
51500.056 2.1896767917969082e-09
51550.056 1.0429916398522227e-08
51600.056 1.1070746796632198e-08
51650.056 1.632526195959983e-08
51700.056 1.543878596011792e-08
51750.056 9.696961779162131e-09
51800.056 2.092053088499786e-08
51850.056 1.608470856119918e-08
51900.056 1.677079912720039e-08
51950.056 7.925655585798881e-09
52000.056 5.881339197277751e-10
52050.056 3.8353749933004406e-09
52100.056 1.8814249945395895e-09
52150.056 9.862031461823693e-10
52200.056 4.66565507368989e-09
52250.056 8.566883670571821e-09
52300.056 1.0033746436099222e-08
52350.056 2.23251926642973e-09
52400.056 2.5964677415159806e-09
52450.056 1.3298725383401253e-08
52500.056 9.210193979986031e-09
52550.056 1.324658475249939e-08
52600.056 1.0390742718780548e-08
52650.056 1.2713492777800523e-08
52700.056 7.708908388019475e-09
52750.056 2.2136926403011858e-09
52800.056 4.814740402530922e-09
52850.056 5.9095939939684745e-09
52900.056 1.7411800373195642e-09
52950.056 3.413558066110593e-09
53000.056 7.798090973900968e-09
53050.056 2.5075495918293593e-09
53100.056 1.1564039222500326e-08
53150.056 1.1424522184200369e-08
53200.056 4.868922466829847e-09
53250.056 9.50071440059985e-09
53300.056 1.128621312664274e-08
53350.056 8.718981818500415e-09
53400.056 5.190993061098938e-09
53450.056 1.3820192486244997e-09
