galfind/configs/Brown_Dwarf_templates/sonora_bobcat/m+0.5/562g/sp_t2300g562nc_m+0.5_resample.dat
# %ECSV 1.0
# ---
# datatype:
# - {name: wav, unit: Angstrom, datatype: float64}
# - {name: flux_nu, unit: erg / (cm2 Hz s), datatype: float64}
# meta: {C/O: '1.00', Kzz: '1.0000E+05', Teff: '2300.', Y: '0.28', '[Fe/H]': '0.50', f_hole: '1.00', f_rain: '0.00', grav: '562.'}
# schema: astropy-2.0
wav flux_nu
[from data line 501]
29050.056 3.0462743803999556e-06
29100.056 2.6086414629202053e-06
29150.056 3.1882190136201887e-06
29200.056 2.9141393747503167e-06
29250.056 3.1253539395299767e-06
29300.056 2.7823667643487277e-06
29350.056 3.437195364079603e-06
29400.056 2.9691861323098395e-06
29450.056 2.915487054039874e-06
29500.056 3.1042720793897e-06
29550.056 3.0019119801203298e-06
29600.056 3.166901950659977e-06
29650.056 3.0873940409699474e-06
29700.056 2.815836386999847e-06
29750.056 3.3822015340210757e-06
29800.056 3.3132554330598112e-06
29850.056 3.176891522999638e-06
29900.056 2.903014602260738e-06
29950.056 3.4177724813694382e-06
30000.056 3.3530501714890128e-06
30050.056 3.1740335269000054e-06
30100.056 2.657803397229362e-06
30150.056 3.796276913699771e-06
30200.056 3.4644675427502427e-06
30250.056 3.281514861250639e-06
30300.056 3.291955513899778e-06
30350.056 3.2534131458606225e-06
30400.056 3.7316414707004982e-06
30450.056 3.0436718491203685e-06
30500.056 2.989034000380418e-06
30550.056 3.828529876600639e-06
30600.056 3.6273048287003465e-06
30650.056 3.6158060434002016e-06
30700.056 3.3730953541699354e-06
30750.056 3.29951570556011e-06
30800.056 3.874582419970996e-06
30850.056 3.4145347436000157e-06
30900.056 3.4154558767997653e-06
30950.056 3.3261916022303183e-06
31000.056 3.785780809899915e-06
31050.056 3.3398721738000922e-06
31100.056 3.608186731899982e-06
31150.056 3.6655369141996425e-06
31200.056 3.72134693549963e-06
31250.056 4.0036768304007265e-06
31300.056 3.58478707409978e-06
31350.056 3.560313336220001e-06
31400.056 3.7172667901005627e-06
31450.056 3.7215695425201976e-06
31500.056 3.8184659207004895e-06
31550.056 3.513836370999941e-06
31600.056 3.698625389659837e-06
31650.056 3.8553667326998716e-06
31700.056 3.903823816299925e-06
31750.056 3.5185278491000956e-06
31800.056 3.912706024900288e-06
31850.056 4.241561845299933e-06
31900.056 4.120004875499661e-06
31950.056 3.50875537499971e-06
32000.056 3.699647163900737e-06
32050.056 4.150373916700441e-06
32100.056 4.203882591799623e-06
32150.056 4.155338707900039e-06
32200.056 4.007500896299959e-06
32250.056 3.831056346000149e-06
32300.056 4.106954521900097e-06
32350.056 4.361738626800578e-06
32400.056 3.984090364499942e-06
32450.056 3.869507958600327e-06
32500.056 4.196176323200201e-06
32550.056 4.529495033000129e-06
32600.056 4.419025849799734e-06
32650.056 4.311435659501049e-06
32700.056 4.146023841800137e-06
32750.056 4.306247147500028e-06
32800.056 3.993822773000427e-06
32850.056 4.606286689999724e-06
32900.056 4.451794070400123e-06
32950.056 3.971968531199871e-06
33000.056 4.286455060100242e-06
33050.056 4.3509884656995115e-06
33100.056 4.439846835198974e-06
33150.056 4.427794141400216e-06
33200.056 4.188137685400674e-06
33250.056 4.462230711000295e-06
33300.056 4.801849022400321e-06
33350.056 4.4960621470002355e-06
33400.056 4.186610293799596e-06
33450.056 4.525022579398842e-06
33500.056 4.525464021700243e-06
33550.056 4.441174865899383e-06
33600.056 4.512088139100639e-06
33650.056 4.602998980800843e-06
33700.056 4.750948366799404e-06
33750.056 4.706448401800212e-06
33800.056 4.605484967900026e-06
33850.056 4.5011724219000996e-06
33900.056 4.980487184699483e-06
33950.056 4.504871659399504e-06
34000.056 4.551028115899145e-06
34050.056 4.671876507300107e-06
34100.056 4.8728922771005405e-06
34150.056 4.77642993019945e-06
34200.056 4.572363123599447e-06
34250.056 5.018013332299348e-06
34300.056 4.715084689899543e-06
34350.056 4.8650481438994955e-06
34400.056 4.620583260999526e-06
34450.056 4.551306177100117e-06
34500.056 4.772385461000909e-06
34550.056 4.6485253860997585e-06
34600.056 4.773582352799901e-06
34650.056 4.825906388099916e-06
34700.056 4.665151948699394e-06
34750.056 4.970093653800281e-06
34800.056 5.03671980159963e-06
34850.056 4.6407533536999865e-06
34900.056 4.924589306100336e-06
34950.056 4.811821537699173e-06
35000.056 4.69614562069949e-06
35050.056 5.155668839400642e-06
35100.056 4.976521954999197e-06
35150.056 4.911184637599609e-06
35200.056 4.9826359608997476e-06
35250.056 4.569315600700438e-06
35300.056 4.959123416300458e-06
35350.056 5.134988172599665e-06
35400.056 4.879076234899749e-06
35450.056 4.7993827727002454e-06
35500.056 5.069949314100037e-06
35550.056 4.914365501699876e-06
35600.056 4.8079783241992045e-06
35650.056 5.203440766200552e-06
35700.056 4.828576793800337e-06
35750.056 4.888557757299665e-06
35800.056 5.071227021099673e-06
35850.056 5.128498308099796e-06
35900.056 5.258901330199536e-06
35950.056 5.1010108053995565e-06
36000.056 4.742079476399486e-06
36050.056 5.24473571220025e-06
36100.056 5.418756762799914e-06
36150.056 4.896212589800418e-06
36200.056 5.25591583179952e-06
36250.056 4.956814416299297e-06
36300.056 5.5284857411007405e-06
36350.056 5.2977484209993015e-06
36400.056 5.1715403233998955e-06
36450.056 5.496762959899665e-06
36500.056 5.14608426160032e-06
36550.056 5.063090285800561e-06
36600.056 5.086530140800453e-06
36650.056 5.265423035800516e-06
36700.056 5.52071423730013e-06
36750.056 5.097298902800579e-06
36800.056 5.262959253899619e-06
36850.056 5.3626659196000196e-06
36900.056 5.376272423100679e-06
36950.056 5.368130124300093e-06
37000.056 5.423575711800104e-06
37050.056 5.5499572101998665e-06
37100.056 5.326483881600406e-06
37150.056 5.312503216999071e-06
37200.056 5.4944763850000905e-06
37250.056 5.521361668000274e-06
37300.056 5.533101441400902e-06
37350.056 5.253101921800547e-06
37400.056 5.5121577635997575e-06
37450.056 5.456929389400346e-06
37500.056 5.63667608859972e-06
37550.056 5.46553375689919e-06
37600.056 5.707967013399388e-06
37650.056 5.303697659699561e-06
37700.056 5.431323802300179e-06
37750.056 5.677871055399232e-06
37800.056 5.762244713699912e-06
37850.056 5.590935765299784e-06
37900.056 5.668904550200386e-06
37950.056 5.711450190300262e-06
38000.056 5.620390292800639e-06
38050.056 5.624671772200408e-06
38100.056 5.469567554200212e-06
38150.056 5.781018647299332e-06
38200.056 5.869230853799358e-06
38250.056 5.541690200300606e-06
38300.056 5.47581649479992e-06
38350.056 5.664405032399997e-06
38400.056 5.730325515299823e-06
38450.056 5.7335296291005225e-06
38500.056 5.6310862230997515e-06
38550.056 5.677659736300397e-06
38600.056 6.055426590699756e-06
38650.056 5.427827362000192e-06
38700.056 5.516501500800687e-06
38750.056 5.78401111629997e-06
38800.056 5.6620819850007654e-06
38850.056 5.724043121200238e-06
38900.056 5.500745569699967e-06
38950.056 5.742415246199669e-06
39000.056 5.653362977900106e-06
39050.056 5.705095555499951e-06
39100.056 5.442278064699944e-06
39150.056 5.576397101800236e-06
39200.056 5.7032501110002e-06
39250.056 5.692203095599349e-06
39300.056 5.7072651762991215e-06
39350.056 5.657866306400507e-06
39400.056 5.547022421800153e-06
39450.056 5.60992947439982e-06
39500.056 5.524624805899839e-06
39550.056 5.423179093399052e-06
39600.056 5.815713858200306e-06
39650.056 5.377948172400172e-06
39700.056 5.5483910429999465e-06
39750.056 5.5862516503994895e-06
39800.056 5.303201345700276e-06
39850.056 5.461592751799758e-06
39900.056 5.323803978999692e-06
39950.056 5.543860985099794e-06
40000.056 5.257870982999688e-06
40050.056 4.965340254799882e-06
40100.056 5.29296001469983e-06
40150.056 4.965725202099196e-06
40200.056 5.2123932462997325e-06
40250.056 5.146602752298639e-06
40300.056 4.853847491200267e-06
40350.056 5.054206685400248e-06
40400.056 5.137100312300074e-06
40450.056 4.774891656600825e-06
40500.056 4.568434600899997e-06
40550.056 5.166922714299648e-06
40600.056 4.704788288500336e-06
40650.056 4.884000667500965e-06
40700.056 5.110998277500249e-06
40750.056 4.557110020198844e-06
40800.056 4.525883907800492e-06
40850.056 4.309386492300926e-06
40900.056 4.2412017926006276e-06
40950.056 4.5642682846000045e-06
41000.056 4.707690618900283e-06
41050.056 4.619891522399187e-06
41100.056 4.39551442330041e-06
41150.056 4.692712121600201e-06
41200.056 4.421006901800072e-06
41250.056 4.5166489035002154e-06
41300.056 4.04420586819964e-06
41350.056 4.605027619200242e-06
41400.056 4.387976767899994e-06
41450.056 4.256822035900035e-06
41500.056 4.533024392400134e-06
41550.056 4.495168880400111e-06
41600.056 4.585646720199923e-06
41650.056 4.147382286600532e-06
41700.056 4.031695319199668e-06
41750.056 4.2753948506999596e-06
41800.056 4.115757148399687e-06
41850.056 3.864045735100507e-06
41900.056 4.327161820899489e-06
41950.056 3.887966241800606e-06
42000.056 4.076953425600256e-06
42050.056 3.821792159498929e-06
42100.056 4.14169749220033e-06
42150.056 3.5239589556990647e-06
42200.056 3.6465408993301666e-06
42250.056 3.9212676270997394e-06
42300.056 3.491270915300026e-06
42350.056 3.9205674759006815e-06
42400.056 3.55569656760035e-06
42450.056 3.125700169200251e-06
42500.056 3.315417773700349e-06
42550.056 3.4496674371998614e-06
42600.056 3.3808775869004925e-06
42650.056 3.126433990398796e-06
42700.056 3.4464875605008677e-06
42750.056 3.2519657835999145e-06
42800.056 3.2589416340006004e-06
42850.056 3.420780255999828e-06
42900.056 3.3422947277002106e-06
42950.056 3.0540685316988123e-06
43000.056 3.1763394118999178e-06
43050.056 3.114861231601247e-06
43100.056 3.2335836346997902e-06
43150.056 3.3025119699005763e-06
43200.056 3.19060884110005e-06
43250.056 3.1505711801003116e-06
43300.056 3.269938671100252e-06
43350.056 3.035882138299673e-06
43400.056 3.0175781426999235e-06
43450.056 3.0853405025007613e-06
43500.056 2.9940980459994115e-06
43550.056 3.084718403199983e-06
43600.056 3.1794478795001426e-06
43650.056 2.898142093840335e-06
43700.056 2.853192177999632e-06
43750.056 2.9233023614001367e-06
43800.056 2.787250937600179e-06
43850.056 2.879751178800503e-06
43900.056 2.9423301169599274e-06
43950.056 2.8066332540004143e-06
44000.056 2.6440463181003333e-06
44050.056 2.670524810900153e-06
44100.056 2.719604022700537e-06
44150.056 2.898932780599535e-06
44200.056 2.6993602045500132e-06
44250.056 2.6483307781998915e-06
44300.056 2.5879291911004614e-06
44350.056 2.5799730551001155e-06
44400.056 2.6167547017999603e-06
44450.056 2.7752346760001543e-06
44500.056 2.7839942411003566e-06
44550.056 2.5046658982594065e-06
44600.056 2.5715825484402774e-06
44650.056 2.735754437420128e-06
44700.056 2.562806218600191e-06
44750.056 2.696690746719606e-06
44800.056 2.727954613459936e-06
44850.056 2.7507016562001677e-06
44900.056 2.606823731700387e-06
44950.056 2.4226013894599878e-06
45000.056 2.6589091293999555e-06
45050.056 2.6071788174996714e-06
45100.056 2.7370275870998563e-06
45150.056 2.637098252989987e-06
45200.056 2.4460116375999066e-06
45250.056 2.5112795969796886e-06
45300.056 2.6148552567000736e-06
45350.056 2.7233125521996245e-06
45400.056 2.629574379620345e-06
45450.056 2.441465192999617e-06
45500.056 2.481572852599854e-06
45550.056 2.7244399706196983e-06
45600.056 2.5986480090999516e-06
45650.056 2.383883095499423e-06
45700.056 2.590103122400324e-06
45750.056 2.516060244609879e-06
45800.056 2.4928831807199503e-06
45850.056 2.806455891100043e-06
45900.056 2.7256972368600236e-06
45950.056 2.469139752779939e-06
46000.056 2.7888718354600237e-06
46050.056 2.848589667110684e-06
46100.056 2.472324351140149e-06
46150.056 2.5249971999699333e-06
46200.056 2.780055449050616e-06
46250.056 2.3887368468999307e-06
46300.056 2.889040217779895e-06
46350.056 2.4277108749697734e-06
46400.056 2.6311280685197155e-06
46450.056 2.560762662880539e-06
46500.056 2.4800083483099367e-06
46550.056 2.778298251279878e-06
46600.056 2.5806669214998256e-06
46650.056 3.0419510435599636e-06
46700.056 2.8924691516407815e-06
46750.056 2.493052993859941e-06
46800.056 2.7171799002204365e-06
46850.056 2.769172336400053e-06
46900.056 2.6907728889795212e-06
46950.056 2.919908411560186e-06
47000.056 2.7057156563500205e-06
47050.056 2.7893393705997425e-06
47100.056 2.56252057160006e-06
47150.056 2.7198010189804596e-06
47200.056 2.667757340340688e-06
47250.056 2.634693602099328e-06
47300.056 2.7076979397293087e-06
47350.056 2.387216245239566e-06
47400.056 2.7423755707393694e-06
47450.056 2.8222693278798575e-06
47500.056 2.6281279821993915e-06
47550.056 2.625460206929519e-06
47600.056 2.8334709008998628e-06
47650.056 2.2113179310794443e-06
47700.056 2.8219307485800047e-06
47750.056 2.15202169496064e-06
47800.056 2.815439499699769e-06
47850.056 2.2828005532592346e-06
47900.056 2.8865218977001243e-06
47950.056 2.2435986080005853e-06
48000.056 3.0170841787000446e-06
48050.056 2.396995907050441e-06
48100.056 2.5609830513700002e-06
48150.056 2.3724908068402385e-06
48200.056 2.8548379541606233e-06
48250.056 2.423262922899788e-06
48300.056 2.9978207218998095e-06
48350.056 2.176829052719476e-06
48400.056 2.796008564789943e-06
48450.056 2.4648827181901992e-06
48500.056 2.9734735239200258e-06
48550.056 2.248554416610014e-06
48600.056 2.849215126599742e-06
48650.056 2.2454741541599833e-06
48700.056 2.690673501500072e-06
48750.056 2.081638372450333e-06
48800.056 2.947637720820171e-06
48850.056 2.2608725867395933e-06
48900.056 2.791464391200101e-06
48950.056 2.5855498981602345e-06
49000.056 2.53969188977989e-06
49050.056 2.6211976593997696e-06
49100.056 2.509339821260133e-06
49150.056 2.506474403980018e-06
49200.056 2.6074535495198847e-06
49250.056 2.5066907374001462e-06
49300.056 2.3387128570296158e-06
49350.056 2.348307095199978e-06
49400.056 2.7509426327003525e-06
49450.056 2.4150957571005743e-06
49500.056 2.4662615992003865e-06
49550.056 2.2868925243999203e-06
49600.056 2.3658163682703716e-06
49650.056 2.442260273000326e-06
49700.056 2.149090584799763e-06
49750.056 2.955270102299518e-06
49800.056 2.4516265311600415e-06
49850.056 2.8240806033000477e-06
49900.056 2.3727912495201073e-06
49950.056 2.498995556799359e-06
50000.056 2.396777421199444e-06
50050.056 2.5060700249401106e-06
50100.056 2.5468430753998173e-06
50150.056 2.3325043398799472e-06
50200.056 2.1609953098001543e-06
50250.056 2.3095576082102203e-06
50300.056 2.259097635299673e-06
50350.056 2.490766284669933e-06
50400.056 2.3796401447000494e-06
50450.056 2.2757355304602464e-06
50500.056 2.853239224900379e-06
50550.056 2.386106113039817e-06
50600.056 2.490250724700182e-06
50650.056 2.3901403089005827e-06
50700.056 2.582448692859365e-06
50750.056 2.535983108460292e-06
50800.056 2.113014676959846e-06
50850.056 2.3985669844003263e-06
50900.056 2.3937156041999293e-06
50950.056 2.5178727625503983e-06
51000.056 2.7756183188602745e-06
51050.056 2.256222944780355e-06
51100.056 2.256734187349897e-06
51150.056 2.52953064258009e-06
51200.056 2.3269670743798516e-06
51250.056 2.565921552650091e-06
51300.056 2.262403681060585e-06
51350.056 2.479492926699806e-06
51400.056 2.4072936993993675e-06
51450.056 1.8291441474497467e-06
51500.056 2.4729297027299912e-06
51550.056 2.8079625313002425e-06
51600.056 2.0150002391699016e-06
51650.056 2.4292887004996654e-06
51700.056 2.17831634753931e-06
51750.056 2.1986102610901377e-06
51800.056 2.4703552817996812e-06
51850.056 2.48350312159982e-06
51900.056 2.5791476393002886e-06
51950.056 2.3277359089997386e-06
52000.056 2.145376315149992e-06
52050.056 2.463773108839803e-06
52100.056 2.385873546899519e-06
52150.056 2.3888898996603143e-06
52200.056 2.2897591155701206e-06
52250.056 2.2648589270999608e-06
52300.056 2.3585661406999755e-06
52350.056 2.620897122580244e-06
52400.056 2.049228813250061e-06
52450.056 2.2948140941999956e-06
52500.056 2.453112972619361e-06
52550.056 2.276475590699466e-06
52600.056 2.395069948120118e-06
52650.056 2.661720803280465e-06
52700.056 2.322163764160075e-06
52750.056 1.978788037909829e-06
52800.056 2.1926947426001978e-06
52850.056 2.103741295719941e-06
52900.056 2.354827395400229e-06
52950.056 2.2431429304996154e-06
53000.056 2.477441253759672e-06
53050.056 2.3782981885196517e-06
53100.056 2.1097240446595607e-06
53150.056 2.5161121656004798e-06
53200.056 1.932156813590385e-06
53250.056 2.5620257945999293e-06
53300.056 2.4764931533007407e-06
53350.056 2.515870865799762e-06
53400.056 2.2265290696001526e-06
53450.056 2.151418806000047e-06
53500.056 1.9805611312396653e-06
53550.056 2.4243534805999346e-06
53600.056 2.4186038727603824e-06
53650.056 2.1178912408705238e-06
53700.056 2.182129448480523e-06
