galfind/configs/Brown_Dwarf_templates/sonora_bobcat/m+0.5/562g/sp_t900g562nc_m+0.5_resample.dat
# %ECSV 1.0
# ---
# datatype:
# - {name: wav, unit: Angstrom, datatype: float64}
# - {name: flux_nu, unit: erg / (cm2 Hz s), datatype: float64}
# meta: {C/O: '1.00', Kzz: '1.0000E+05', Teff: '900.', Y: '0.28', '[Fe/H]': '0.50', f_hole: '1.00', f_rain: '0.00', grav: '562.'}
# schema: astropy-2.0
wav flux_nu
[from data line 498]
28900.056 2.9521442047332276e-08
28950.056 6.657694114927788e-08
29000.056 5.2770507811922745e-08
29050.056 5.8804839280001327e-08
29100.056 4.2270094986665294e-08
29150.056 7.762498698195422e-08
29200.056 5.23167377070352e-08
29250.056 7.500312666900471e-08
29300.056 4.259328233827684e-08
29350.056 1.186502412792739e-07
29400.056 6.098572583444887e-08
29450.056 6.75512995138546e-08
29500.056 7.73415826399681e-08
29550.056 6.713435734904265e-08
29600.056 7.989966058236087e-08
29650.056 8.313874397057587e-08
29700.056 6.018202922294516e-08
29750.056 8.461046945961721e-08
29800.056 8.815984763941105e-08
29850.056 9.494971554479118e-08
29900.056 9.03774148582027e-08
29950.056 8.955334956896046e-08
30000.056 4.386440922433276e-08
30050.056 5.415591352986106e-08
30100.056 5.443794374839186e-08
30150.056 9.349553164568875e-08
30200.056 7.068103499582094e-08
30250.056 1.1075360174062227e-07
30300.056 9.488355615170966e-08
30350.056 8.021919796651377e-08
30400.056 1.0081176299053982e-07
30450.056 7.090173679560128e-08
30500.056 6.16021211208609e-08
30550.056 6.500442496671835e-08
30600.056 7.979366161899796e-08
30650.056 6.229132125299038e-08
30700.056 5.8912347888688565e-08
30750.056 6.218191115478932e-08
30800.056 5.350533129321217e-08
30850.056 4.9129575014678476e-08
30900.056 4.389200094929099e-08
30950.056 4.0302103046290684e-08
31000.056 3.719106090320383e-08
31050.056 3.8238527804000346e-08
31100.056 2.9001795932847815e-08
31150.056 3.6450646330877625e-08
31200.056 3.9961737169609265e-08
31250.056 2.816540386708562e-08
31300.056 2.6994686942405e-08
31350.056 2.779260220060151e-08
31400.056 2.0985035680660996e-08
31450.056 2.4024920084794813e-08
31500.056 1.7976810765245496e-08
31550.056 2.066615678387739e-08
31600.056 1.600852188920142e-08
31650.056 1.4736780999574142e-08
31700.056 1.526173630049828e-08
31750.056 1.1809868520000002e-08
31800.056 1.6141270143398332e-08
31850.056 1.1514637788052156e-08
31900.056 1.4557944877940188e-08
31950.056 9.028525155085456e-09
32000.056 1.2371671330709248e-08
32050.056 1.2975450316463568e-08
32100.056 1.22324908536117e-08
32150.056 1.3797698213908829e-08
32200.056 1.1091802764158067e-08
32250.056 1.595174082089318e-08
32300.056 1.051606846483519e-08
32350.056 1.6642450667598446e-08
32400.056 1.0612418235757002e-08
32450.056 1.5060186811525366e-08
32500.056 1.3456704571596953e-08
32550.056 1.3479613449188429e-08
32600.056 1.6028408148140703e-08
32650.056 2.234763585112511e-08
32700.056 1.8990144840004727e-08
32750.056 2.386935982281388e-08
32800.056 2.2539076555533634e-08
32850.056 2.5346126202597405e-08
32900.056 2.8017893435835998e-08
32950.056 2.9425119282728168e-08
33000.056 2.4299679847012585e-08
33050.056 2.323195913021108e-08
33100.056 1.1595483009316308e-08
33150.056 2.55134515362012e-09
33200.056 2.6917877382987994e-09
33250.056 1.6863225333095884e-09
33300.056 2.2398623374005484e-09
33350.056 4.126517344230182e-09
33400.056 6.28777602709762e-09
33450.056 9.162292017279181e-09
33500.056 1.491166142790836e-08
33550.056 1.2780417676805594e-08
33600.056 2.021981257617753e-08
33650.056 2.0664324561398485e-08
33700.056 1.7004547996926353e-08
33750.056 2.5346587504956262e-08
33800.056 1.832366085282486e-08
33850.056 2.2759115050977132e-08
33900.056 1.8231031490799526e-08
33950.056 1.8853819186955233e-08
34000.056 2.4694248317788966e-08
34050.056 1.3130924302476404e-08
34100.056 2.4015281109261808e-08
34150.056 1.8075289134279026e-08
34200.056 2.0221631051540802e-08
34250.056 2.0138047030389858e-08
34300.056 1.742459113182179e-08
34350.056 1.6769087234100015e-08
34400.056 1.4224430726577368e-08
34450.056 2.0633875709291888e-08
34500.056 1.858483520602261e-08
34550.056 1.3830121842960907e-08
34600.056 2.493366197529926e-08
34650.056 1.620254173184089e-08
34700.056 2.1068658544798574e-08
34750.056 2.0441037605892576e-08
34800.056 1.7694051778945073e-08
34850.056 2.1912213851105842e-08
34900.056 2.2001251802409445e-08
34950.056 2.3834547774194916e-08
35000.056 3.5403842517257716e-08
35050.056 2.153319022346068e-08
35100.056 2.8970572440302742e-08
35150.056 2.8270654628847316e-08
35200.056 2.913708260691737e-08
35250.056 3.868566021078725e-08
35300.056 2.897944973746608e-08
35350.056 2.998891113695989e-08
35400.056 3.4132301661899336e-08
35450.056 2.337054642841352e-08
35500.056 4.5876892691296404e-08
35550.056 4.125226358949327e-08
35600.056 3.6402316496418434e-08
35650.056 4.122544401262032e-08
35700.056 3.68237567492917e-08
35750.056 4.748555135859437e-08
35800.056 6.051992838490128e-08
35850.056 3.704595632569652e-08
35900.056 5.03010045267056e-08
35950.056 4.86483678084883e-08
36000.056 4.808415282690823e-08
36050.056 4.559957635228445e-08
36100.056 4.7100862264232684e-08
36150.056 5.183320896178782e-08
36200.056 5.664938989118503e-08
36250.056 5.153402066178555e-08
36300.056 6.448319400980284e-08
36350.056 5.984082669260738e-08
36400.056 6.110550584939065e-08
36450.056 7.094495177730203e-08
36500.056 7.450744737732118e-08
36550.056 7.848857389302293e-08
36600.056 9.12661025899938e-08
36650.056 8.619533246872382e-08
36700.056 9.046371535986045e-08
36750.056 9.924077156604455e-08
36800.056 9.928896287899877e-08
36850.056 9.111141995028152e-08
36900.056 1.0160458972578788e-07
36950.056 1.1228955128498195e-07
37000.056 1.0418487275898966e-07
37050.056 1.0871654237899544e-07
37100.056 1.1469700756999694e-07
37150.056 1.0206234291879912e-07
37200.056 1.2153347685798833e-07
37250.056 1.1768020579997664e-07
37300.056 1.0516376028375214e-07
37350.056 1.1369439397282127e-07
37400.056 1.5751794470499535e-07
37450.056 1.213200543187946e-07
37500.056 1.212352143399878e-07
37550.056 1.4891709265908205e-07
37600.056 1.6654988329301558e-07
37650.056 1.208583836170048e-07
37700.056 1.695957657554138e-07
37750.056 1.3122939505700753e-07
37800.056 1.4153174574847587e-07
37850.056 1.082841750490074e-07
37900.056 1.2245150545304523e-07
37950.056 1.4594618086416934e-07
38000.056 1.714972001850003e-07
38050.056 1.7041181067604027e-07
38100.056 1.7164857834622544e-07
38150.056 1.8931361088699147e-07
38200.056 1.9898101317004165e-07
38250.056 1.8681852548600556e-07
38300.056 2.3498115116896293e-07
38350.056 2.391184623150376e-07
38400.056 1.6655876131794084e-07
38450.056 1.7361371465994902e-07
38500.056 1.3058532372202442e-07
38550.056 1.9068990230504794e-07
38600.056 1.909954810779941e-07
38650.056 1.9794462990897127e-07
38700.056 2.0866124337599583e-07
38750.056 2.217919692059999e-07
38800.056 1.9004063523790276e-07
38850.056 2.0291948473802987e-07
38900.056 2.523390252130057e-07
38950.056 2.066822267739819e-07
39000.056 2.3630430712298667e-07
39050.056 2.1507841826200799e-07
39100.056 2.3167305686400937e-07
39150.056 2.396696168259987e-07
39200.056 2.3427392480498159e-07
39250.056 2.6981800021196736e-07
39300.056 2.3584016492991987e-07
39350.056 2.935408254240192e-07
39400.056 2.583203955430499e-07
39450.056 2.6905839440899176e-07
39500.056 2.661301198500324e-07
39550.056 2.648325922310605e-07
39600.056 2.899576167409273e-07
39650.056 3.1702952133098557e-07
39700.056 2.994514627020319e-07
39750.056 2.525433175540764e-07
39800.056 2.901355081899368e-07
39850.056 3.481115893400046e-07
39900.056 3.405108596800076e-07
39950.056 3.171055783019423e-07
40000.056 3.8468631205606527e-07
40050.056 3.4396203809000773e-07
40100.056 2.941496420178167e-07
40150.056 3.649024153359848e-07
40200.056 3.7572537445988457e-07
40250.056 3.64414110849902e-07
40300.056 3.622502502800558e-07
40350.056 3.64779235043976e-07
40400.056 4.2157518453359417e-07
40450.056 3.728053057880498e-07
40500.056 4.1481893880000543e-07
40550.056 4.2404323429392515e-07
40600.056 4.0400306327004555e-07
40650.056 3.8229594095281404e-07
40700.056 5.042328936999919e-07
40750.056 4.046903507999225e-07
40800.056 3.443086565308568e-07
40850.056 4.946230358601019e-07
40900.056 4.717949717680359e-07
40950.056 4.219262469100243e-07
41000.056 4.430218490100035e-07
41050.056 5.208597512099464e-07
41100.056 4.3749672247997875e-07
41150.056 3.491041537629606e-07
41200.056 4.982163531939835e-07
41250.056 4.4137054330097585e-07
41300.056 3.976439067799042e-07
41350.056 5.241509957600547e-07
41400.056 4.718648423380632e-07
41450.056 4.965107596500455e-07
41500.056 4.088477600888999e-07
41550.056 4.04693608473087e-07
41600.056 4.920055151781644e-07
41650.056 4.872667868600248e-07
41700.056 4.390149554798798e-07
41750.056 4.448796993599816e-07
41800.056 5.065292877799991e-07
41850.056 3.574414412049961e-07
41900.056 4.1907491343193486e-07
41950.056 4.074845995100712e-07
42000.056 3.9636077966997e-07
42050.056 3.53008561117992e-07
42100.056 4.628562286400237e-07
42150.056 3.492622833499941e-07
42200.056 3.4085852878999375e-07
42250.056 3.52611180127939e-07
42300.056 3.3295531927799605e-07
42350.056 3.898803976200644e-07
42400.056 3.719867228300736e-07
42450.056 3.418312335660209e-07
42500.056 3.4199337458498283e-07
42550.056 3.297871809919615e-07
42600.056 3.407323537880514e-07
42650.056 3.948644256019003e-07
42700.056 3.484408113119897e-07
42750.056 3.3037966730999805e-07
42800.056 3.5657450834205934e-07
42850.056 4.0297082971988124e-07
42900.056 4.151179170420796e-07
42950.056 3.4792739222688633e-07
43000.056 3.8797407205000496e-07
43050.056 2.7996751876711135e-07
43100.056 3.556713538199694e-07
43150.056 3.4066824677704524e-07
43200.056 3.868469449900158e-07
43250.056 4.3461232232999467e-07
43300.056 4.320927852500117e-07
43350.056 3.1765738572292027e-07
43400.056 3.7045500629097825e-07
43450.056 3.371833949000609e-07
43500.056 3.390039425350014e-07
43550.056 3.4206078544405075e-07
43600.056 4.241936027480335e-07
43650.056 3.346643732700049e-07
43700.056 4.220142246700175e-07
43750.056 3.947408467080704e-07
43800.056 3.741359418719563e-07
43850.056 3.481809665200636e-07
43900.056 3.7390274016894926e-07
43950.056 2.884564293319774e-07
44000.056 2.7105170676600956e-07
44050.056 3.985439852200158e-07
44100.056 4.569915684400261e-07
44150.056 4.400572657029462e-07
44200.056 4.047624206529967e-07
44250.056 3.2978842092901354e-07
44300.056 2.991389460800558e-07
44350.056 3.2664482067408145e-07
44400.056 3.257596532089888e-07
44450.056 3.760721098749779e-07
44500.056 3.823166827160886e-07
44550.056 4.3946306225994915e-07
44600.056 3.812481175070381e-07
44650.056 4.0383822923405874e-07
44700.056 3.117169491499951e-07
44750.056 3.850568923700362e-07
44800.056 3.5582098112603753e-07
44850.056 4.004256053500694e-07
44900.056 3.3683270477803607e-07
44950.056 3.6510458516001513e-07
45000.056 3.863168847199825e-07
45050.056 3.8161630822699234e-07
45100.056 3.8347915693600105e-07
45150.056 3.765878716799693e-07
45200.056 3.174472880480299e-07
45250.056 3.484316361389097e-07
45300.056 3.2562565717904287e-07
45350.056 3.294947986879701e-07
45400.056 4.1724253769003363e-07
45450.056 3.8216367102997687e-07
45500.056 3.872511552940047e-07
45550.056 4.32226896729908e-07
45600.056 4.202247052300359e-07
45650.056 3.4992787616095355e-07
45700.056 3.3768192209602487e-07
45750.056 3.2162125897399795e-07
45800.056 4.158711363700054e-07
45850.056 4.382667005799961e-07
45900.056 4.5351547615001414e-07
45950.056 3.7608113638699194e-07
46000.056 4.355011886100253e-07
46050.056 3.8856440370402384e-07
46100.056 4.2711051378997784e-07
46150.056 3.6557773453497993e-07
46200.056 3.5974429871703223e-07
46250.056 2.694496893621586e-07
46300.056 3.9628927267399514e-07
46350.056 3.748096804800258e-07
46400.056 3.746683546000097e-07
46450.056 3.6005822345204197e-07
46500.056 3.6149077354907036e-07
46550.056 3.1840695293499643e-07
46600.056 3.6978964419799084e-07
46650.056 4.964155353099796e-07
46700.056 3.9096518257999274e-07
46750.056 2.951341427880138e-07
46800.056 2.476754671650218e-07
46850.056 4.776502129900783e-07
46900.056 4.3255815799995706e-07
46950.056 4.396214835599898e-07
47000.056 3.877497363960387e-07
47050.056 3.9791751170786663e-07
47100.056 2.849100698800434e-07
47150.056 3.471753747340473e-07
47200.056 4.1498257384401967e-07
47250.056 3.2363780082597763e-07
47300.056 2.5893671892460043e-07
47350.056 4.195520013899737e-07
47400.056 4.1425121481995765e-07
47450.056 3.853794549360374e-07
47500.056 4.428234888219528e-07
47550.056 3.899714785400008e-07
47600.056 3.992055211899686e-07
47650.056 3.4682518164293584e-07
47700.056 3.803543194771011e-07
47750.056 2.7680291454100733e-07
47800.056 3.138999311120103e-07
47850.056 2.3823583175900816e-07
47900.056 2.995447457679581e-07
47950.056 3.4622182863602354e-07
48000.056 4.660403814000501e-07
48050.056 4.129411282400073e-07
48100.056 2.856055063140157e-07
48150.056 3.4998874211002764e-07
48200.056 3.341296805490023e-07
48250.056 3.277082587200129e-07
48300.056 4.409634998798955e-07
48350.056 2.931865263780188e-07
48400.056 2.1104832427356457e-07
48450.056 3.182165080920762e-07
48500.056 4.019803945699447e-07
48550.056 3.25469864770003e-07
48600.056 3.6993904873000563e-07
48650.056 3.7460704905997934e-07
48700.056 3.551236581340021e-07
48750.056 2.404645875481087e-07
48800.056 4.436750033240038e-07
48850.056 2.876135855719393e-07
48900.056 4.198539255799939e-07
48950.056 3.1188353641002914e-07
49000.056 2.0277877343356725e-07
49050.056 3.700983966899632e-07
49100.056 3.7824510025706735e-07
49150.056 3.391857451087198e-07
49200.056 4.0063017866004504e-07
49250.056 3.9723742196005106e-07
49300.056 3.4551047965599527e-07
49350.056 2.3583899151403967e-07
49400.056 3.136820366829623e-07
49450.056 3.235031765206008e-07
49500.056 2.696500374739768e-07
49550.056 1.6271457828401662e-07
49600.056 2.5839508125605566e-07
49650.056 3.011059074709786e-07
49700.056 2.894220866849225e-07
49750.056 3.6661289165993505e-07
49800.056 2.905126314094137e-07
49850.056 4.155264953840846e-07
49900.056 3.333741744559784e-07
49950.056 3.213632544559862e-07
50000.056 3.0670792334397823e-07
50050.056 3.62141170729991e-07
50100.056 3.0755547433301707e-07
50150.056 2.1343387050997856e-07
50200.056 1.165064694800218e-07
50250.056 2.8899370759996857e-07
50300.056 2.3827335947602173e-07
50350.056 3.6906069845703705e-07
50400.056 3.1694772057697595e-07
50450.056 2.5733210412302455e-07
50500.056 3.4096157718603856e-07
50550.056 3.088391033000231e-07
50600.056 2.682427601449334e-07
50650.056 3.4295257567006877e-07
50700.056 3.7412009894988747e-07
50750.056 3.009743490050464e-07
50800.056 1.873276238779789e-07
50850.056 1.790534981260554e-07
50900.056 3.716948862479941e-07
50950.056 2.876751754790339e-07
51000.056 3.172956053560205e-07
51050.056 2.973525644599902e-07
51100.056 1.7091775887197554e-07
51150.056 2.4017707848638507e-07
51200.056 4.026317593499689e-07
51250.056 2.7337374254394935e-07
51300.056 2.1823579354809036e-07
51350.056 2.462616238039847e-07
51400.056 1.5039210261099998e-07
51450.056 1.2995180129146816e-07
51500.056 1.4302000892904733e-07
51550.056 2.982028417140196e-07
51600.056 2.1475489942802922e-07
51650.056 2.2262089661395842e-07
51700.056 2.519388253716674e-07
51750.056 1.8131216295951425e-07
51800.056 2.7359547216393036e-07
51850.056 2.504621814489893e-07
51900.056 3.5774112992606254e-07
51950.056 2.709985559009745e-07
52000.056 1.0660211909398045e-07
52050.056 2.0280229960302088e-07
52100.056 1.5550603777598869e-07
52150.056 1.3586118785601038e-07
52200.056 1.556896298029952e-07
52250.056 2.0249872819802753e-07
52300.056 3.0620116355997397e-07
52350.056 2.0546831298520588e-07
52400.056 1.5148386830001283e-07
52450.056 2.615567441100174e-07
52500.056 2.6211950708393163e-07
52550.056 2.6103207883395224e-07
52600.056 2.1897000541103327e-07
52650.056 2.2451024154903873e-07
52700.056 1.9803434899999866e-07
52750.056 1.370718413269939e-07
52800.056 1.7163005871202265e-07
52850.056 1.8535408457594351e-07
52900.056 1.6607806493338463e-07
52950.056 1.8237505419200183e-07
53000.056 2.5363433482100445e-07
53050.056 1.3654226894895494e-07
53100.056 1.992266067549666e-07
53150.056 2.903164832900241e-07
53200.056 1.3639021306898893e-07
53250.056 2.5593391868002205e-07
53300.056 2.6095883606714164e-07
53350.056 2.557628845499914e-07
53400.056 2.4339330074001003e-07
53450.056 1.3307772862698825e-07
53500.056 8.034466752437593e-08
