galfind/configs/Brown_Dwarf_templates/sonora_bobcat/m+0.5/562g/sp_t600g562nc_m+0.5_resample.dat
# %ECSV 1.0
# ---
# datatype:
# - {name: wav, unit: Angstrom, datatype: float64}
# - {name: flux_nu, unit: erg / (cm2 Hz s), datatype: float64}
# meta: {C/O: '1.00', Kzz: '1.0000E+05', Teff: '600.', Y: '0.28', '[Fe/H]': '0.50', f_hole: '1.00', f_rain: '0.00', grav: '562.'}
# schema: astropy-2.0
wav flux_nu
4000.0559999999996 nan
4050.0559999999996 7.849168672041498e-16
4100.056 9.695041914670204e-14
4150.056 8.887883188600074e-13
4200.056 8.473654208050302e-13
4250.056 7.0996697832000515e-12
4300.056 1.491301740400012e-11
4350.056 2.3948112743000084e-11
4400.056 3.4889644764000115e-11
4450.056 5.0268824582000315e-11
4500.056 6.169024226000036e-11
4550.056 5.610674947041945e-11
4600.056 6.993908118299962e-12
4650.056 3.766307182199987e-12
4700.056 1.753942941599984e-12
4750.056 5.108801211499937e-13
4800.056 1.6694257825999855e-13
4850.056 7.30777529409995e-14
4900.056 4.4728763375999813e-14
4950.056 3.0310745995999867e-14
5000.056 1.8568119017999885e-14
5050.056 1.2497585751999999e-14
5100.056 1.243617215900005e-14
5150.056 1.3032474309000042e-14
5200.056 1.3684862105000018e-14
5250.056 1.4262162555000003e-14
5300.056 1.4897849683e-14
5350.056 1.5703389470000015e-14
5400.056 1.661388021300001e-14
5450.056 1.7652829470000063e-14
5500.056 1.8757652892000076e-14
5550.056 1.9821831002000024e-14
5600.056 2.0714052078999987e-14
5650.056 2.1281345772999976e-14
5700.056 2.124271302500001e-14
5750.056 2.0585209537999993e-14
5800.056 1.8576857556999964e-14
5850.056 1.3295397768799852e-14
5900.056 4.549225704549001e-15
5950.056 2.5257337742000713e-14
6000.056 5.036295883699961e-14
6050.056 8.749428534700138e-14
6100.056 1.4155402809100125e-13
6150.056 2.1649865878000144e-13
6200.056 3.1995680043000175e-13
6250.056 4.58150500980002e-13
6300.056 6.539721909700019e-13
6350.056 9.191173346100043e-13
6400.056 1.2749885647000078e-12
6450.056 1.7045665639999865e-12
6500.056 2.330334309800004e-12
6550.056 3.1823006153999913e-12
6600.056 4.310265292100075e-12
6650.056 5.789286641600034e-12
6700.056 7.197462116500068e-12
6750.056 9.700123225400037e-12
6800.056 1.1514172831000045e-11
6850.056 1.1925627500999994e-11
6900.056 1.0369517320100102e-11
6950.056 8.66589441059994e-12
7000.056 8.64024155100003e-12
7050.056 9.094466880299876e-12
7100.056 9.825245193599924e-12
7150.056 9.273193297749842e-12
7200.056 8.765500357006933e-12
7250.056 8.87560151615958e-12
7300.056 8.502622307260437e-12
7350.056 8.607300195559814e-12
7400.056 8.700758072000301e-12
7450.056 8.928703584500325e-12
7500.056 8.970076316899955e-12
7550.056 8.789378437699974e-12
7600.056 8.339798412799979e-12
7650.056 3.829684280778905e-12
7700.056 3.4449912623420907e-12
7750.056 9.475250720100105e-12
7800.056 1.2965690663159935e-11
7850.056 1.8746460749000065e-11
7900.056 2.495351041599978e-11
7950.056 2.8931950450000104e-11
8000.056 4.2034354410000435e-11
8050.056 5.3659830169000784e-11
8100.056 6.020216783839859e-11
8150.056 6.949792690158984e-11
8200.056 9.878364581186549e-11
8250.056 1.1705910315957605e-10
8300.056 1.4665668581826542e-10
8350.056 1.7484913125209065e-10
8400.056 2.1332256999859823e-10
8450.056 2.7135753598399665e-10
8500.056 3.105165805279867e-10
8550.056 3.97868144930007e-10
8600.056 4.893793351500041e-10
8650.056 5.784155578500058e-10
8700.056 6.629977801500056e-10
8750.056 7.703498974000037e-10
8800.056 8.637833893500086e-10
8850.056 8.691416110099864e-10
8900.056 5.163236342919595e-10
8950.056 5.17462931323414e-10
9000.056 5.183714279131776e-10
9050.056 1.0447319472828765e-09
9100.056 1.2127621508464375e-09
9150.056 1.3257427613668501e-09
9200.056 1.7365879952207302e-09
9250.056 1.6541713099920886e-09
9300.056 4.193143775343677e-10
9350.056 5.515854807679584e-10
9400.056 1.0776113973429892e-09
9450.056 1.1972727023599237e-09
9500.056 1.0592634614541242e-09
9550.056 1.186536832846001e-09
9600.056 1.1927387357807109e-09
9650.056 1.5745813963826395e-09
9700.056 2.4734201938877383e-09
9750.056 2.5486043046874053e-09
9800.056 2.978648061766103e-09
9850.056 3.45792439933851e-09
9900.056 4.415459959394931e-09
9950.056 4.68470485735021e-09
10000.056 5.207885111399714e-09
10050.056 6.560585727700114e-09
10100.056 7.969083882099974e-09
10150.056 8.934899714499953e-09
10200.056 9.816338890700586e-09
10250.056 1.1337854488220465e-08
10300.056 1.3699350236698892e-08
10350.056 1.4803282754400494e-08
10400.056 1.856837820640025e-08
10450.056 2.138050808239742e-08
10500.056 2.4168874922799375e-08
10550.056 2.7315380714000188e-08
10600.056 2.9163452747999595e-08
10650.056 3.101521280100083e-08
10700.056 3.123902740990066e-08
10750.056 3.257021923080046e-08
10800.056 3.241341185540049e-08
10850.056 3.03862986874005e-08
10900.056 2.309093354619934e-08
10950.056 1.1941280410017289e-08
11000.056 7.787623697788737e-09
11050.056 4.619574813031148e-09
11100.056 2.750954962635143e-09
11150.056 1.3106097742344406e-09
11200.056 1.0944888301770716e-09
11250.056 1.3938398324898201e-09
11300.056 1.7581697618817994e-09
11350.056 6.182342132222637e-10
11400.056 1.926275545380962e-09
11450.056 1.3112603947119752e-09
11500.056 1.0599795703655194e-09
11550.056 3.1899972166222505e-10
11600.056 2.761767842317014e-10
11650.056 7.389363756785378e-10
11700.056 8.905937629183791e-10
11750.056 2.3558287658001145e-10
11800.056 1.1945338765502647e-09
11850.056 2.0889930107460617e-09
11900.056 2.6396673375005075e-09
11950.056 4.3478393207138346e-09
12000.056 6.807377980821639e-09
12050.056 1.0442920947000865e-08
12100.056 1.510628881391743e-08
12150.056 2.1303373133278916e-08
12200.056 2.663564935527934e-08
12250.056 3.5963534246795385e-08
12300.056 4.811446224260411e-08
12350.056 5.130608594729916e-08
12400.056 6.761941790799693e-08
12450.056 8.150835234800359e-08
12500.056 8.87998105020064e-08
12550.056 1.0086192476599865e-07
12600.056 1.1017701403100407e-07
12650.056 1.0627327271499824e-07
12700.056 1.0242254770000489e-07
12750.056 8.634957813560538e-08
12800.056 7.596616525529927e-08
12850.056 5.295465833019439e-08
12900.056 4.0566495215837815e-08
12950.056 3.4462260621881245e-08
13000.056 3.4340046313298465e-08
13050.056 2.442162313029991e-08
13100.056 2.245541684213456e-08
13150.056 1.567447885729152e-08
13200.056 1.3908747571133838e-08
13250.056 9.71286597041032e-09
13300.056 3.846735733814064e-09
13350.056 1.0996835779460701e-09
13400.056 5.151097601300876e-10
13450.056 2.006577271546467e-10
13500.056 9.258777259273177e-11
13550.056 4.518647639145976e-11
13600.056 1.5581071933545203e-11
13650.056 7.646782349169534e-11
13700.056 4.633684854870757e-11
13750.056 8.178783828146141e-11
13800.056 8.520536057342438e-11
13850.056 5.0520294961383215e-11
13900.056 6.346235094833597e-11
13950.056 5.694657116335459e-11
14000.056 6.201926672565444e-11
14050.056 9.540297075989701e-11
14100.056 8.767552388226532e-11
14150.056 1.5347533032630686e-10
14200.056 1.0483498502370979e-10
14250.056 1.3144336000971512e-10
14300.056 3.1339647908845545e-10
14350.056 3.027915616056649e-10
14400.056 3.2661328471930264e-10
14450.056 4.787360197723486e-10
14500.056 9.900252158480138e-10
14550.056 1.093790335958522e-09
14600.056 1.603299213915923e-09
14650.056 1.2707671463815667e-09
14700.056 7.310917757348451e-10
14750.056 6.842047896085431e-10
14800.056 1.0952152773868013e-09
14850.056 1.2160716848967593e-09
14900.056 1.3357437415544832e-09
14950.056 1.353215649738528e-09
15000.056 2.4979319729223987e-09
15050.056 2.3492526447220868e-09
15100.056 2.188701051968047e-09
15150.056 2.0480512795826283e-09
15200.056 2.967454125372091e-09
15250.056 5.662539043163278e-09
15300.056 7.0942898723096636e-09
15350.056 9.116047556346022e-09
15400.056 1.1509449998890968e-08
15450.056 1.4420737405851725e-08
15500.056 1.659195169397642e-08
15550.056 2.2813908272255383e-08
15600.056 2.852038521569872e-08
15650.056 3.493461533990173e-08
15700.056 4.475501380140229e-08
15750.056 5.0393723340299e-08
15800.056 5.3409026077999976e-08
15850.056 5.8405562678003704e-08
15900.056 5.14722789450007e-08
15950.056 4.585075243899658e-08
16000.056 3.321482841300229e-08
16050.056 1.8678732230598604e-08
16100.056 1.1525923275088879e-08
16150.056 6.372254385449511e-09
16200.056 3.526043839693812e-09
16250.056 2.54692627922681e-09
16300.056 1.7384817338196901e-09
16350.056 2.136056037975309e-09
16400.056 2.6721618721249905e-09
16450.056 2.568345362576394e-09
16500.056 2.5623214341506594e-09
16550.056 2.572213678625664e-09
16600.056 3.2328228137048877e-09
16650.056 2.4265845283144576e-09
16700.056 4.375299793874826e-10
16750.056 1.2052807442526124e-09
16800.056 2.086763450698232e-09
16850.056 2.3318113366577658e-09
16900.056 1.3950934529645e-09
16950.056 9.395923894749088e-10
17000.056 5.674139742037286e-10
17050.056 1.098443746773551e-09
17100.056 1.7374997389783585e-09
17150.056 1.0462365252947758e-09
17200.056 2.7285281143738514e-09
17250.056 1.806542699632887e-09
17300.056 1.2124928284104126e-09
17350.056 1.2202926855609126e-09
17400.056 1.798242059059106e-09
17450.056 2.3143547630074596e-09
17500.056 2.920030426998419e-09
17550.056 2.584126596276432e-09
17600.056 2.0183133121234147e-09
17650.056 1.868283577242014e-09
17700.056 1.4275899511185951e-09
17750.056 1.3362609369183222e-09
17800.056 2.525018653051222e-09
17850.056 1.3739677883978622e-09
17900.056 1.0992229073203933e-09
17950.056 8.39544331111056e-10
18000.056 1.2709992425507239e-09
18050.056 9.516325909783856e-10
18100.056 1.1595269638566758e-09
18150.056 1.2116424843918204e-09
18200.056 7.695940385666732e-10
18250.056 2.3270380292938806e-09
18300.056 7.584962474551524e-10
18350.056 6.193999236126955e-10
18400.056 5.110000921818626e-10
18450.056 1.3860754945132736e-09
18500.056 1.3880188839608397e-09
18550.056 9.003206211311154e-10
18600.056 9.423429169099372e-10
18650.056 7.126177671720271e-10
18700.056 3.5489887069301953e-10
18750.056 7.280807293310676e-10
18800.056 2.3209947624844626e-09
18850.056 2.401218869580376e-09
18900.056 2.0460170548713124e-09
18950.056 3.875209833561746e-09
19000.056 1.4483734681420785e-09
19050.056 8.025513757759158e-10
19100.056 1.7713874787650108e-09
19150.056 8.31897350865351e-10
19200.056 1.3188114093961153e-09
19250.056 8.333729778184031e-10
19300.056 6.092566724690036e-10
19350.056 5.333023191146402e-10
19400.056 4.5519225075584807e-10
19450.056 8.475688393265873e-10
19500.056 6.658241418201383e-10
19550.056 7.155120825122007e-10
19600.056 1.3104359050971033e-09
19650.056 1.1940406928020227e-09
19700.056 1.2935275340617163e-09
19750.056 2.2566557541277014e-09
19800.056 1.7520462878819583e-09
19850.056 2.4510611117915063e-09
19900.056 2.6084533447504263e-09
19950.056 4.095515630977356e-09
20000.056 5.0822762896092764e-09
20050.056 4.515143938547812e-09
20100.056 7.374495943846402e-09
20150.056 4.526170167302788e-09
20200.056 4.12125946447676e-09
20250.056 7.42649842475158e-09
20300.056 8.382007877707336e-09
20350.056 9.217304512118606e-09
20400.056 8.148042558601523e-09
20450.056 1.384960454186943e-08
20500.056 1.6449735866128428e-08
20550.056 1.76165024652434e-08
20600.056 1.9799678454045445e-08
20650.056 2.3682444560600004e-08
20700.056 2.576891528788053e-08
20750.056 2.8938085545997274e-08
20800.056 2.952301314523294e-08
20850.056 3.16234903280018e-08
20900.056 3.41934902201938e-08
20950.056 3.2466123746102616e-08
21000.056 3.125301250740378e-08
21050.056 3.1735427230596e-08
21100.056 2.921702873420175e-08
21150.056 2.9191686558654248e-08
21200.056 2.6297362356002925e-08
21250.056 2.381642213273432e-08
21300.056 1.885776715761103e-08
21350.056 1.883716367415935e-08
21400.056 1.7194302148126705e-08
21450.056 1.4145459101083637e-08
21500.056 1.2217142252058531e-08
21550.056 1.0782036132318099e-08
21600.056 8.88527506600729e-09
21650.056 6.555403860859903e-09
21700.056 6.142064590608861e-09
21750.056 5.434929480639313e-09
21800.056 3.902589366319622e-09
21850.056 3.494857442794444e-09
21900.056 2.3301876347962295e-09
21950.056 1.0120389339418024e-09
22000.056 2.5109012012844003e-10
22050.056 2.435077741713812e-10
22100.056 8.126790674160901e-10
22150.056 8.154552461524448e-10
22200.056 9.141987319471219e-10
22250.056 7.193741152978131e-10
22300.056 4.2649174727457857e-10
22350.056 4.999895241774091e-10
22400.056 2.306596445995958e-10
22450.056 2.874889333578076e-10
22500.056 2.4037428750625627e-10
22550.056 1.6454912514725676e-10
22600.056 1.4159273346294824e-10
22650.056 2.4194880065152763e-10
22700.056 1.8500307999408134e-10
22750.056 2.021911565892032e-10
22800.056 2.0956358559535616e-10
22850.056 1.6252089060377116e-10
22900.056 1.255504161379509e-10
22950.056 1.1745369022791043e-10
23000.056 1.5832905368943713e-10
23050.056 2.100139386529554e-10
23100.056 7.688830359592437e-10
23150.056 7.570517474160874e-10
23200.056 5.183374194203303e-11
23250.056 1.466004420954383e-10
23300.056 1.3743604085158165e-10
23350.056 1.7851707968731215e-10
23400.056 1.6398166553325667e-10
23450.056 1.2020602531969687e-10
23500.056 1.3644052648239716e-10
23550.056 2.214297504492159e-10
23600.056 3.439693258909482e-10
23650.056 5.053854811947769e-10
23700.056 1.450159062554091e-10
23750.056 1.2042965001509843e-10
23800.056 3.412522108108293e-10
23850.056 2.8684681697141446e-10
23900.056 5.85181454103269e-10
23950.056 4.296594429889156e-10
24000.056 7.08423379844646e-10
24050.056 8.572932669100062e-10
24100.056 8.529870914102753e-10
24150.056 1.2054010257074513e-09
24200.056 9.058591073505698e-10
24250.056 7.480372664393682e-10
24300.056 1.2091329902019405e-09
24350.056 9.813389061202586e-10
24400.056 1.829340343579383e-09
24450.056 1.903461075039963e-09
24500.056 1.7793806427140173e-09
24550.056 2.5705669270423333e-09
24600.056 2.5991946683563987e-09
24650.056 3.830637325865641e-09
24700.056 2.229254901328247e-09
24750.056 2.817403853198165e-09
24800.056 2.578125373967488e-09
24850.056 4.266842867709372e-09
24900.056 1.8652469494948824e-09
24950.056 3.979009479660548e-09
25000.056 3.4938242084372645e-09
25050.056 2.1890414785471215e-09
25100.056 3.468776045742127e-09
25150.056 1.7831745932993825e-09
25200.056 2.5610053942081436e-09
25250.056 1.1495690684317609e-09
25300.056 1.8274586653927658e-09
25350.056 8.544177904083415e-10
25400.056 2.0731867474382222e-09
25450.056 7.596453924715706e-10
25500.056 6.867965589310334e-10
25550.056 1.134460363818451e-09
25600.056 7.330665571990622e-10
25650.056 4.0738592651319414e-10
25700.056 6.967367130162019e-10
25750.056 2.0662520586963403e-10
25800.056 9.352778956496035e-10
25850.056 2.269508311070513e-10
25900.056 3.329742496458772e-10
25950.056 1.0999172478224042e-10
26000.056 8.984795555523036e-10
26050.056 1.8311169875297684e-10
26100.056 6.9248174845248e-10
26150.056 3.789083628646433e-10
26200.056 4.5509099522588427e-10
26250.056 1.9053362973391966e-09
26300.056 6.22385355991714e-10
26350.056 2.5126264642659125e-09
26400.056 2.8769083662764106e-09
26450.056 2.45850283246047e-09
26500.056 3.945681083095261e-09
26550.056 8.494461000724483e-10
26600.056 1.1798518550250457e-09
26650.056 2.438021287513742e-10
26700.056 1.6876988159970634e-10
26750.056 1.6177690173348896e-10
26800.056 4.091193471204361e-10
26850.056 2.1895292282891668e-10
26900.056 9.167768834855202e-10
26950.056 3.4512511299880647e-10
27000.056 1.6043858347777525e-09
27050.056 1.5114170783165083e-09
27100.056 3.9241400756471236e-10
27150.056 2.1367752728159763e-09
27200.056 3.986475574692195e-10
27250.056 9.501906949760634e-10
27300.056 4.271509556385069e-09
27350.056 1.963306248118607e-09
27400.056 1.623951594884978e-10
27450.056 2.358041098713506e-09
27500.056 2.677649338044636e-09
27550.056 5.540352510477198e-10
27600.056 1.4011537661497374e-09
27650.056 4.442964535126139e-10
27700.056 3.503316970359956e-10
27750.056 1.8195059134149e-09
27800.056 5.631595002629331e-10
27850.056 8.510710436224282e-10
27900.056 8.551457076680152e-10
27950.056 2.115357354903607e-09
28000.056 1.6973185929564213e-09
28050.056 2.8370337444249547e-10
28100.056 1.7369557913416065e-09
28150.056 1.2419504402974191e-09
28200.056 4.1872485609346757e-10
28250.056 2.2698533554669436e-09
28300.056 2.296746920202966e-09
28350.056 5.628478248904774e-10
28400.056 1.6323340581378897e-09
28450.056 2.634887715313082e-09
28500.056 1.7535532648433911e-09
28550.056 4.381705595883922e-10
28600.056 2.8460132459017473e-09
28650.056 2.080436642914031e-09
28700.056 2.423597767004086e-09
28750.056 3.6665657049569062e-09
28800.056 2.067211283937283e-09
28850.056 3.326553770227525e-09
