galfind/configs/Brown_Dwarf_templates/sonora_bobcat/m+0.5/562g/sp_t400g562nc_m+0.5_resample.dat
# %ECSV 1.0
# ---
# datatype:
# - {name: wav, unit: Angstrom, datatype: float64}
# - {name: flux_nu, unit: erg / (cm2 Hz s), datatype: float64}
# meta: {C/O: '1.00', Kzz: '1.0000E+05', Teff: '400.', Y: '0.28', '[Fe/H]': '0.50', f_hole: '1.00', f_rain: '0.00', grav: '562.'}
# schema: astropy-2.0
wav flux_nu
4000.0559999999996 nan
4050.0559999999996 2.003795842515449e-17
4100.056 8.459090247300135e-16
4150.056 5.532554472700051e-15
4200.056 5.705528373971027e-15
4250.056 4.2202780527000355e-14
4300.056 9.540595635300044e-14
4350.056 1.7413773453000065e-13
4400.056 2.9172158159000097e-13
4450.056 4.604538982900011e-13
4500.056 6.99989263760002e-13
4550.056 7.12907927759996e-13
4600.056 1.2456021142799945e-13
4650.056 7.431027368499969e-14
4700.056 4.566123421799981e-14
4750.056 2.7827943696999887e-14
4800.056 1.8595722280999933e-14
4850.056 1.2063421487699953e-14
4900.056 8.648176098599979e-15
4950.056 6.636123296699984e-15
5000.056 4.627035460299981e-15
5050.056 3.395314131900009e-15
5100.056 3.564982859700024e-15
5150.056 3.956105785900004e-15
5200.056 4.36354418260001e-15
5250.056 4.7336355729000035e-15
5300.056 5.122954179600004e-15
5350.056 5.567246572900006e-15
5400.056 6.009474791000009e-15
5450.056 6.558564202500029e-15
5500.056 7.198582894600013e-15
5550.056 7.878367470800005e-15
5600.056 8.510412226100007e-15
5650.056 9.007800454699995e-15
5700.056 9.041832555200012e-15
5750.056 8.837608796999998e-15
5800.056 7.922302972599976e-15
5850.056 5.646332882599935e-15
5900.056 1.7788149830195076e-15
5950.056 1.047395264320029e-14
6000.056 2.13898296012999e-14
6050.056 3.8775659878000375e-14
6100.056 6.319702204300056e-14
6150.056 9.547681874400057e-14
6200.056 1.3912934793000075e-13
6250.056 1.936008316800004e-13
6300.056 2.7292056431000036e-13
6350.056 3.758310449500006e-13
6400.056 5.075316294600021e-13
6450.056 6.218209726299938e-13
6500.056 8.275044689800077e-13
6550.056 1.1289720301599813e-12
6600.056 1.5322840752300325e-12
6650.056 2.091683622000015e-12
6700.056 2.610169537800013e-12
6750.056 3.511581597700014e-12
6800.056 4.028928039900016e-12
6850.056 3.946375150799993e-12
6900.056 3.0585312896000236e-12
6950.056 2.221763479760008e-12
7000.056 2.3357982750899595e-12
7050.056 2.3762559207699864e-12
7100.056 2.6044838571999723e-12
7150.056 2.0670299274155353e-12
7200.056 1.6565705274573847e-12
7250.056 1.8196584957359436e-12
7300.056 1.796946902770544e-12
7350.056 2.1528269689339745e-12
7400.056 2.5098338421900852e-12
7450.056 3.0867252569001228e-12
7500.056 3.5853751258000026e-12
7550.056 3.988853327400009e-12
7600.056 4.181743683499995e-12
7650.056 2.286230013679961e-12
7700.056 2.3061683905100375e-12
7750.056 4.958787933000054e-12
7800.056 6.370661478499987e-12
7850.056 7.776420127599932e-12
7900.056 9.56996872269994e-12
7950.056 1.1059013896700022e-11
8000.056 1.3833837448500085e-11
8050.056 1.6426142438800213e-11
8100.056 1.3696440738619414e-11
8150.056 1.1833340215926631e-11
8200.056 2.1053346516128388e-11
8250.056 2.2914082310221903e-11
8300.056 2.7643397527149713e-11
8350.056 3.1787622760485064e-11
8400.056 3.951411923772035e-11
8450.056 5.544752623439963e-11
8500.056 6.752619577999915e-11
8550.056 8.664294191200144e-11
8600.056 1.0690098165600058e-10
8650.056 1.2445496203000083e-10
8700.056 1.3394204661000125e-10
8750.056 1.4979761712000083e-10
8800.056 1.551612510819992e-10
8850.056 1.302341725709955e-10
8900.056 3.0867877947877355e-11
8950.056 2.403064425797941e-11
9000.056 2.1824345810070992e-11
9050.056 7.854843017307126e-11
9100.056 9.258240774330944e-11
9150.056 1.07612215215216e-10
9200.056 1.8089009717796613e-10
9250.056 1.416179819036738e-10
9300.056 4.368170214852215e-12
9350.056 7.2056064789236945e-12
9400.056 3.613079182630689e-11
9450.056 3.1973708145259903e-11
9500.056 2.43963525849829e-11
9550.056 2.5169538153127604e-11
9600.056 2.8176076914746514e-11
9650.056 5.395018510640951e-11
9700.056 1.4875288029564956e-10
9750.056 1.2915009175036823e-10
9800.056 1.5861412786374064e-10
9850.056 1.9418295222395359e-10
9900.056 2.8151841163221825e-10
9950.056 2.9451333093702125e-10
10000.056 3.2945348816799044e-10
10050.056 4.222332911000096e-10
10100.056 4.978666314000057e-10
10150.056 4.3389826313000406e-10
10200.056 3.223715024170338e-10
10250.056 4.228548468182019e-10
10300.056 6.400659366567678e-10
10350.056 4.901685847181179e-10
10400.056 9.517124479460723e-10
10450.056 1.3672378257697652e-09
10500.056 1.8589210778999955e-09
10550.056 2.5482478678000404e-09
10600.056 2.988648923800035e-09
10650.056 3.2555512741000573e-09
10700.056 3.0959498819599876e-09
10750.056 3.279652948209984e-09
10800.056 3.1474283519300205e-09
10850.056 2.755198639300088e-09
10900.056 1.900001403599919e-09
10950.056 7.557984777819831e-10
11000.056 3.353812997995121e-10
11050.056 1.3429586939321106e-10
11100.056 5.132037131377899e-11
11150.056 1.4690883370922277e-11
11200.056 8.37144125960547e-12
11250.056 9.994598023324113e-12
11300.056 2.036173172635281e-11
11350.056 4.089183797441232e-12
11400.056 3.225659679211411e-11
11450.056 1.539794581401897e-11
11500.056 1.3609570332203482e-11
11550.056 2.3808327388024e-12
11600.056 9.392299664163415e-13
11650.056 6.284043083372643e-12
11700.056 8.74625351425466e-12
11750.056 1.8828943770984316e-12
11800.056 1.3891121852228213e-11
11850.056 2.0580615159396193e-11
11900.056 2.2208141779740382e-11
11950.056 3.96964908718782e-11
12000.056 7.36932439071345e-11
12050.056 1.404109770856393e-10
12100.056 2.060507922659903e-10
12150.056 3.4077400032589855e-10
12200.056 4.2262689450721195e-10
12250.056 7.588390270285202e-10
12300.056 1.390787288951828e-09
12350.056 1.6482328129299847e-09
12400.056 2.799195486019946e-09
12450.056 4.384304214120122e-09
12500.056 5.1903066579403745e-09
12550.056 6.3290414337599795e-09
12600.056 7.949423297480454e-09
12650.056 9.093036337959756e-09
12700.056 8.986192100700083e-09
12750.056 5.755716221090284e-09
12800.056 3.5679943913597357e-09
12850.056 1.6889238120689493e-09
12900.056 1.1359337854017648e-09
12950.056 7.786551226719937e-10
13000.056 9.16821993047892e-10
13050.056 4.778842585701313e-10
13100.056 4.2843029844554615e-10
13150.056 2.167333584215454e-10
13200.056 2.4535436233880636e-10
13250.056 1.8083604067950226e-10
13300.056 5.98675413269619e-11
13350.056 1.9818371150097408e-11
13400.056 6.519558297153915e-12
13450.056 1.4085539934401615e-12
13500.056 3.8932977516408644e-13
13550.056 8.185160395563011e-14
13600.056 1.3030453885223003e-14
13650.056 1.418470775077197e-13
13700.056 6.232173927995277e-14
13750.056 2.6979957496335175e-13
13800.056 2.3278067498169245e-13
13850.056 8.468145580171634e-14
13900.056 1.8473758109350802e-13
13950.056 1.5263049923243992e-13
14000.056 2.174063903728337e-13
14050.056 3.7722477560168657e-13
14100.056 3.51788371120208e-13
14150.056 9.874079094652508e-13
14200.056 5.826639710089345e-13
14250.056 9.363936622464753e-13
14300.056 3.561955563084733e-12
14350.056 2.7831822949952156e-12
14400.056 2.775836127904394e-12
14450.056 6.21574703868486e-12
14500.056 1.478801528335416e-11
14550.056 1.582381912909791e-11
14600.056 2.3190099586669948e-11
14650.056 9.261897471313744e-12
14700.056 3.621684201756754e-12
14750.056 1.201059705603018e-12
14800.056 1.8690949341144856e-12
14850.056 2.4549724022608742e-12
14900.056 2.3280650945255493e-12
14950.056 1.503224599549013e-12
15000.056 5.696582111339108e-12
15050.056 5.378419151654957e-12
15100.056 2.3252421212053105e-12
15150.056 8.3211931774337e-13
15200.056 4.069616145739495e-12
15250.056 1.0139015510905564e-11
15300.056 1.3670482013913538e-11
15350.056 2.0684166001437156e-11
15400.056 2.6684080394345062e-11
15450.056 4.062427882602424e-11
15500.056 5.213735403996823e-11
15550.056 1.3073346767299863e-10
15600.056 2.345004893004158e-10
15650.056 4.786202062085012e-10
15700.056 9.480318402840354e-10
15750.056 1.400694278618064e-09
15800.056 1.8612189263899912e-09
15850.056 2.4752985278502624e-09
15900.056 2.660819261270004e-09
15950.056 2.8985890827999018e-09
16000.056 2.2463612641800914e-09
16050.056 1.246479632419896e-09
16100.056 6.53845864873969e-10
16150.056 2.897106600077619e-10
16200.056 1.205933797586489e-10
16250.056 6.268656564391453e-11
16300.056 3.225370007878928e-11
16350.056 4.6604355806871e-11
16400.056 5.871886741424255e-11
16450.056 5.234143178616915e-11
16500.056 4.0102319343163054e-11
16550.056 3.9421572094506904e-11
16600.056 9.204546737863802e-11
16650.056 6.118922387725209e-11
16700.056 6.5671826117490305e-12
16750.056 2.9701036628504536e-11
16800.056 5.0588675755662196e-11
16850.056 5.6590563731914283e-11
16900.056 2.0231226165124e-11
16950.056 1.1352657909743563e-11
17000.056 4.942348137431224e-12
17050.056 1.2198277911518492e-11
17100.056 2.7763027695459725e-11
17150.056 1.3364623764042972e-11
17200.056 6.318802913015195e-11
17250.056 2.3756133601398744e-11
17300.056 1.495270851041371e-11
17350.056 1.8678993565977174e-11
17400.056 4.0701799941729234e-11
17450.056 5.530078547531647e-11
17500.056 8.175523906192465e-11
17550.056 6.883824708648753e-11
17600.056 5.310907340531655e-11
17650.056 3.8264429230386644e-11
17700.056 3.184798284182239e-11
17750.056 2.7508877399022633e-11
17800.056 7.808443992016091e-11
17850.056 2.9451330206335245e-11
17900.056 1.954064958573653e-11
17950.056 1.26993342094332e-11
18000.056 2.6051831140434834e-11
18050.056 1.3143939151175446e-11
18100.056 1.6802351263264844e-11
18150.056 1.1157776380581636e-11
18200.056 7.576815765742342e-12
18250.056 3.734682139001835e-11
18300.056 3.9885197977147875e-12
18350.056 3.3736341014746982e-12
18400.056 1.9300455739288965e-12
18450.056 1.8376642421740532e-11
18500.056 1.8828140784629046e-11
18550.056 7.736854850336928e-12
18600.056 1.2280444504803021e-11
18650.056 7.398899866586131e-12
18700.056 9.860549498021797e-13
18750.056 2.66337955485201e-12
18800.056 3.267774552257173e-11
18850.056 3.045592020504942e-11
18900.056 2.737414660032104e-11
18950.056 5.1090091753203675e-11
19000.056 8.308530912236863e-12
19050.056 2.9311967237708855e-12
19100.056 1.0155973756642298e-11
19150.056 3.43061902024268e-12
19200.056 6.785548036596884e-12
19250.056 4.533288662034477e-12
19300.056 2.6478552312104046e-12
19350.056 2.3794228954475118e-12
19400.056 1.9906095814562027e-12
19450.056 3.782778289498869e-12
19500.056 2.263677603187575e-12
19550.056 5.683801961423282e-12
19600.056 1.576501145314076e-11
19650.056 9.070996628803047e-12
19700.056 1.4164801252285927e-11
19750.056 2.611380982920197e-11
19800.056 1.401578934800379e-11
19850.056 1.6929025544299166e-11
19900.056 2.880528795604713e-11
19950.056 4.9121186772515975e-11
20000.056 6.959970398088164e-11
20050.056 4.1724500614361115e-11
20100.056 8.609862308181398e-11
20150.056 4.354634987414487e-11
20200.056 2.4294871262569413e-11
20250.056 7.029275882997227e-11
20300.056 9.242059578597989e-11
20350.056 1.1144111034508624e-10
20400.056 7.737532751839108e-11
20450.056 1.8761522178052405e-10
20500.056 2.3138043638413182e-10
20550.056 2.8995355282902316e-10
20600.056 3.2247515713969346e-10
20650.056 4.5565052122794446e-10
20700.056 5.486610198011896e-10
20750.056 6.87102322991934e-10
20800.056 6.690548074138483e-10
20850.056 8.956506388900312e-10
20900.056 9.988383092499196e-10
20950.056 9.786465386100647e-10
21000.056 9.76885811120042e-10
21050.056 1.0908319716399275e-09
21100.056 1.0228664352400294e-09
21150.056 1.0230057525999222e-09
21200.056 9.328295784200782e-10
21250.056 8.421104218458757e-10
21300.056 6.709951996550569e-10
21350.056 6.58683064842484e-10
21400.056 6.186901129621275e-10
21450.056 4.4599259348119233e-10
21500.056 3.6180249768893047e-10
21550.056 3.283601463764476e-10
21600.056 2.5994433215087477e-10
21650.056 1.600194986430439e-10
21700.056 1.2640599088292957e-10
21750.056 1.2391832184419903e-10
21800.056 7.107667035155187e-11
21850.056 6.903141706904865e-11
21900.056 4.399465983010565e-11
21950.056 1.3722388890988095e-11
22000.056 1.3199329352232174e-12
22050.056 2.8445145533762824e-12
22100.056 1.4230563500153257e-11
22150.056 8.821005321851277e-12
22200.056 8.766097797912626e-12
22250.056 6.9317959008958706e-12
22300.056 2.6307787486477317e-12
22350.056 4.02138913975499e-12
22400.056 1.055054914028628e-12
22450.056 2.136413011533782e-12
22500.056 1.6559877633757535e-12
22550.056 6.721336778559892e-13
22600.056 5.086640012304189e-13
22650.056 1.2004965566069595e-12
22700.056 1.0311307937310792e-12
22750.056 1.7942538417073491e-12
22800.056 1.9887956562544322e-12
22850.056 1.2646279626131243e-12
22900.056 8.483218716982138e-13
22950.056 5.815474312065719e-13
23000.056 8.888120740172602e-13
23050.056 1.0284142590680162e-12
23100.056 1.0710706257688246e-11
23150.056 1.0560555110252672e-11
23200.056 1.9214281461213346e-13
23250.056 1.3570252398547724e-12
23300.056 1.1063936453235085e-12
23350.056 1.857004471370932e-12
23400.056 1.2441400001906625e-12
23450.056 6.012926230589029e-13
23500.056 6.895802405317361e-13
23550.056 1.8151512731235538e-12
23600.056 5.2208603911267325e-12
23650.056 6.621319110727815e-12
23700.056 7.704268004785845e-13
23750.056 8.9619350514292e-13
23800.056 6.479470771878416e-12
23850.056 3.5144011945728647e-12
23900.056 9.937890029842633e-12
23950.056 3.80570901394847e-12
24000.056 1.2061515190090485e-11
24050.056 1.4121564346215067e-11
24100.056 1.973194869211798e-11
24150.056 2.951373881902567e-11
24200.056 1.5942667690707667e-11
24250.056 1.2371459827954502e-11
24300.056 2.863273801920537e-11
24350.056 2.0733943436594054e-11
24400.056 6.312977483254207e-11
24450.056 6.99185575246534e-11
24500.056 5.740492752448126e-11
24550.056 1.0670622349666615e-10
24600.056 1.137784410954326e-10
24650.056 1.9568468262013794e-10
24700.056 1.047845834996639e-10
24750.056 1.4610992653926228e-10
24800.056 1.0951995969451098e-10
24850.056 2.1009515011784815e-10
24900.056 6.953943497853879e-11
24950.056 1.624943669476434e-10
25000.056 1.6221581080122667e-10
25050.056 8.634891814567055e-11
25100.056 1.5598799003364592e-10
25150.056 5.838210709376541e-11
25200.056 8.813324876774042e-11
25250.056 2.7216292129762675e-11
25300.056 3.707095970445741e-11
25350.056 1.5295160227778757e-11
25400.056 4.417034585587931e-11
25450.056 1.036168946731601e-11
25500.056 7.982299799663883e-12
25550.056 2.1457567517401028e-11
25600.056 9.183962813070038e-12
25650.056 3.783491288305542e-12
25700.056 3.186018764509359e-12
25750.056 7.706721078021649e-13
25800.056 5.712283054214409e-12
25850.056 7.014148769026698e-13
25900.056 1.002027317296374e-12
25950.056 1.6710067570206813e-13
26000.056 4.3111064891362224e-12
26050.056 2.6913280004525536e-13
26100.056 1.9902697919222772e-12
26150.056 6.285483591731679e-13
26200.056 9.630899150675642e-13
26250.056 1.1444300603991537e-11
26300.056 1.276188165324476e-12
26350.056 2.7096244970914403e-11
26400.056 5.1672054493766594e-11
26450.056 2.5998825514188362e-11
26500.056 8.356850456697857e-11
26550.056 4.232881286626396e-12
26600.056 4.540897779754005e-12
26650.056 4.0316131562718243e-13
26700.056 2.232427443137385e-13
26750.056 4.754876426591948e-13
26800.056 2.253615206751206e-12
26850.056 1.1688102418644308e-12
26900.056 8.040380772314257e-12
26950.056 1.9554387183968135e-12
27000.056 1.4530852943583195e-11
27050.056 2.2399798193330373e-11
27100.056 9.467365176685079e-13
27150.056 2.206965050966501e-11
27200.056 9.45168235331689e-13
27250.056 5.499512544695998e-12
27300.056 7.112036904149492e-11
27350.056 1.611622367272048e-11
27400.056 4.994553949496913e-13
27450.056 2.4645532115354187e-11
27500.056 3.32158413196593e-11
27550.056 3.158794241454187e-12
27600.056 1.2484086057426615e-11
27650.056 2.3830097585247956e-12
27700.056 2.484826772725209e-12
27750.056 2.329520056639147e-11
27800.056 5.7603830179766165e-12
27850.056 1.1923239888427301e-11
27900.056 1.3382467945664194e-11
27950.056 3.5750269338657604e-11
28000.056 3.661560294382325e-11
28050.056 2.6950058477065782e-12
28100.056 3.797326595420344e-11
28150.056 2.7204873344770646e-11
28200.056 5.0199647910674e-12
28250.056 5.4651998536558585e-11
28300.056 4.827529749206496e-11
28350.056 6.64845867624512e-12
28400.056 3.177373982620384e-11
28450.056 6.665230961302317e-11
28500.056 3.344407939080061e-11
28550.056 5.491930685518911e-12
28600.056 6.162159356301773e-11
28650.056 3.4115627625043355e-11
28700.056 6.579568248662554e-11
28750.056 1.0161537396740071e-10
28800.056 3.200383902921983e-11
28850.056 1.1397125871688439e-10
