galfind/configs/Brown_Dwarf_templates/sonora_bobcat/m+0.5/562g/sp_t575g562nc_m+0.5_resample.dat
# %ECSV 1.0
# ---
# datatype:
# - {name: wav, unit: Angstrom, datatype: float64}
# - {name: flux_nu, unit: erg / (cm2 Hz s), datatype: float64}
# meta: {C/O: '1.00', Kzz: '1.0000E+05', Teff: '575.', Y: '0.28', '[Fe/H]': '0.50', f_hole: '1.00', f_rain: '0.00', grav: '562.'}
# schema: astropy-2.0
wav flux_nu
4000.0559999999996 nan
4050.0559999999996 4.950057801113633e-16
4100.056 5.799136901160118e-14
4150.056 5.329197047500048e-13
4200.056 5.112947443324586e-13
4250.056 4.413821007500034e-12
4300.056 9.567042037200061e-12
4350.056 1.5953338037000052e-11
4400.056 2.3922424426000074e-11
4450.056 3.513372367500018e-11
4500.056 4.468527292400021e-11
4550.056 4.050734752293964e-11
4600.056 4.521010914699975e-12
4650.056 2.386960350899989e-12
4700.056 1.0950041069999903e-12
4750.056 3.3586757582999615e-13
4800.056 1.2248886872499906e-13
4850.056 5.726289988599964e-14
4900.056 3.564436293799986e-14
4950.056 2.45316859359999e-14
5000.056 1.5341048309999908e-14
5050.056 1.0519708012700002e-14
5100.056 1.0553906177500046e-14
5150.056 1.1134320592000033e-14
5200.056 1.1762001394000018e-14
5250.056 1.2339237326000003e-14
5300.056 1.2983989985e-14
5350.056 1.3781984412000013e-14
5400.056 1.4659518435000013e-14
5450.056 1.563645504700006e-14
5500.056 1.6661921817000063e-14
5550.056 1.766840535700002e-14
5600.056 1.8583459940999992e-14
5650.056 1.9305786709999973e-14
5700.056 1.9512393081000006e-14
5750.056 1.904058523399999e-14
5800.056 1.6951679819999962e-14
5850.056 1.2107237686099866e-14
5900.056 4.183076481053393e-15
5950.056 2.2907941602000657e-14
6000.056 4.6497058269999614e-14
6050.056 8.045820517400125e-14
6100.056 1.2832652440300113e-13
6150.056 1.952538078000013e-13
6200.056 2.883899121600016e-13
6250.056 4.114973514100017e-13
6300.056 5.844190985200016e-13
6350.056 8.168445545300036e-13
6400.056 1.1283740687300068e-12
6450.056 1.4987798821999878e-12
6500.056 2.042552262850005e-12
6550.056 2.7826887316999895e-12
6600.056 3.759960507800068e-12
6650.056 5.0432464516000285e-12
6700.056 6.259501140200056e-12
6750.056 8.419187381000032e-12
6800.056 9.947085158600038e-12
6850.056 1.0223413291799994e-11
6900.056 8.790602549500089e-12
6950.056 7.274963682899952e-12
7000.056 7.271192202100014e-12
7050.056 7.635807771799895e-12
7100.056 8.253013433299934e-12
7150.056 7.699826801079862e-12
7200.056 7.2280789810749144e-12
7250.056 7.376820069549665e-12
7300.056 7.106752495126402e-12
7350.056 7.304470890459844e-12
7400.056 7.488492320900268e-12
7450.056 7.819639446400298e-12
7500.056 7.976281489599965e-12
7550.056 7.948931987699982e-12
7600.056 7.734058400699984e-12
7650.056 3.6359626148229102e-12
7700.056 3.286536203596083e-12
7750.056 9.003219588600099e-12
7800.056 1.1917290658919935e-11
7850.056 1.6745390394000044e-11
7900.056 2.2057527475199794e-11
7950.056 2.5514057715000078e-11
8000.056 3.632919785000037e-11
8050.056 4.592369367300067e-11
8100.056 5.0380991581898686e-11
8150.056 5.7104543414966e-11
8200.056 8.198928030686447e-11
8250.056 9.642283761648187e-11
8300.056 1.2056928019926657e-10
8350.056 1.4321028446538256e-10
8400.056 1.7469880811019898e-10
8450.056 2.2326990859699744e-10
8500.056 2.5674512728098974e-10
8550.056 3.286994625600056e-10
8600.056 4.0408854951000333e-10
8650.056 4.774483217700047e-10
8700.056 5.458044084600048e-10
8750.056 6.334900910700031e-10
8800.056 7.077068254800062e-10
8850.056 7.039692034699879e-10
8900.056 3.936623733789688e-10
8950.056 3.927046154420076e-10
9000.056 3.8604678804019783e-10
9050.056 8.132118029297584e-10
9100.056 9.454137850387124e-10
9150.056 1.0358853326721206e-09
9200.056 1.378583236273209e-09
9250.056 1.297615361605836e-09
9300.056 2.904720673095731e-10
9350.056 3.8754010606432325e-10
9400.056 7.987173414550084e-10
9450.056 8.779028619288053e-10
9500.056 7.67460852642256e-10
9550.056 8.568465487222289e-10
9600.056 8.626695533351903e-10
9650.056 1.1640234715790982e-09
9700.056 1.897431501731602e-09
9750.056 1.939312071724181e-09
9800.056 2.27612184313823e-09
9850.056 2.652072870974497e-09
9900.056 3.4135910352069785e-09
9950.056 3.615697450600177e-09
10000.056 4.026425934109791e-09
10050.056 5.090919034200097e-09
10100.056 6.208492278499995e-09
10150.056 6.901864446699997e-09
10200.056 7.488952433400486e-09
10250.056 8.691915628070363e-09
10300.056 1.0616465153319128e-08
10350.056 1.1352598781500387e-08
10400.056 1.4572516058900261e-08
10450.056 1.6981055504897764e-08
10500.056 1.9377549130899458e-08
10550.056 2.2108240427000167e-08
10600.056 2.3704470796999706e-08
10650.056 2.524566148160068e-08
10700.056 2.5346763771300482e-08
10750.056 2.644315489560033e-08
10800.056 2.6230226002200363e-08
10850.056 2.4459713383500473e-08
10900.056 1.845312223359945e-08
10950.056 9.339351054099177e-09
11000.056 5.912388832373915e-09
11050.056 3.397467315429383e-09
11100.056 1.959092826786391e-09
11150.056 8.961318506247151e-10
11200.056 7.275865917657519e-10
11250.056 9.289909529290594e-10
11300.056 1.2079049707128344e-09
11350.056 4.067697232689476e-10
11400.056 1.3539432982894935e-09
11450.056 9.028351266569825e-10
11500.056 7.278829981981877e-10
11550.056 2.0745239829693413e-10
11600.056 1.7086728935455311e-10
11650.056 4.898027680009519e-10
11700.056 5.967422462907787e-10
11750.056 1.5279195499388382e-10
11800.056 8.126071361860543e-10
11850.056 1.4247033087153907e-09
11900.056 1.7927250330964982e-09
11950.056 2.9924329580385994e-09
12000.056 4.7855017626255784e-09
12050.056 7.497274128300521e-09
12100.056 1.0990672307656981e-08
12150.056 1.5755316282609253e-08
12200.056 1.9792499658999772e-08
12250.056 2.7266154125216474e-08
12300.056 3.7230662951603224e-08
12350.056 3.98300118075993e-08
12400.056 5.369828280079761e-08
12450.056 6.629236935000289e-08
12500.056 7.279867493300573e-08
12550.056 8.304804740399844e-08
12600.056 8.999010158900339e-08
12650.056 8.69875829259983e-08
12700.056 8.368445611990364e-08
12750.056 6.931580408280431e-08
12800.056 5.986639427719924e-08
12850.056 4.074923276807296e-08
12900.056 3.082798448887556e-08
12950.056 2.5739852144700332e-08
13000.056 2.5921259303006874e-08
13050.056 1.795880595680149e-08
13100.056 1.6543448718174307e-08
13150.056 1.1319460305537656e-08
13200.056 1.0165102566511717e-08
13250.056 7.072722321492574e-09
13300.056 2.7367378545436567e-09
13350.056 7.818071672704938e-10
13400.056 3.5445965004729294e-10
13450.056 1.3232331505025874e-10
13500.056 5.877174826866363e-11
13550.056 2.714552337399747e-11
13600.056 8.816403972503676e-12
13650.056 4.670243266519648e-11
13700.056 2.751132334107793e-11
13750.056 5.191158781782402e-11
13800.056 5.3152808016300264e-11
13850.056 3.0374680599011643e-11
13900.056 3.952079477598819e-11
13950.056 3.5289597039523144e-11
14000.056 3.89666965723877e-11
14050.056 6.138683195709104e-11
14100.056 5.635596980210285e-11
14150.056 1.013334798135817e-10
14200.056 6.804322393439034e-11
14250.056 8.70467387491743e-11
14300.056 2.1597310254122024e-10
14350.056 2.058923280353434e-10
14400.056 2.2054094365055837e-10
14450.056 3.3498163461319355e-10
14500.056 7.022766455547416e-10
14550.056 7.689550558393426e-10
14600.056 1.1325825485280081e-09
14650.056 8.534956451643177e-10
14700.056 4.691439650418813e-10
14750.056 4.05885442725146e-10
14800.056 6.617054627138744e-10
14850.056 7.450181481987752e-10
14900.056 8.123507778495596e-10
14950.056 7.92721000980584e-10
15000.056 1.5892083117545508e-09
15050.056 1.4558795783145959e-09
15100.056 1.2791719735451595e-09
15150.056 1.1312543831927938e-09
15200.056 1.7823197999995348e-09
15250.056 3.5848667215543163e-09
15300.056 4.531337789945765e-09
15350.056 5.906382947304368e-09
15400.056 7.579265140602698e-09
15450.056 9.680291835012678e-09
15500.056 1.1245285030449775e-08
15550.056 1.6033140910602916e-08
15600.056 2.0618672255158927e-08
15650.056 2.6113783390101598e-08
15700.056 3.4287095191701405e-08
15750.056 3.91763879490995e-08
15800.056 4.212246534359985e-08
15850.056 4.654591820700316e-08
15900.056 4.123561506600052e-08
15950.056 3.696479228399738e-08
16000.056 2.6703832323001825e-08
16050.056 1.4864136662098843e-08
16100.056 9.054584496769119e-09
16150.056 4.9100691214045965e-09
16200.056 2.6602301336632483e-09
16250.056 1.8786998290600155e-09
16300.056 1.2584771638398429e-09
16350.056 1.5664774249711975e-09
16400.056 1.9618434880711525e-09
16450.056 1.8591509449640626e-09
16500.056 1.8209286539323697e-09
16550.056 1.832670937697003e-09
16600.056 2.401955356127495e-09
16650.056 1.7955782366306317e-09
16700.056 3.0503368108098706e-10
16750.056 8.929397472777491e-10
16800.056 1.538255802221096e-09
16850.056 1.7211787116747453e-09
16900.056 9.891936266816618e-10
16950.056 6.545756130752585e-10
17000.056 3.8498603921624303e-10
17050.056 7.620192462389444e-10
17100.056 1.236943231050948e-09
17150.056 7.279726485917464e-10
17200.056 2.0063837106922687e-09
17250.056 1.2747499740470486e-09
17300.056 8.477892958766675e-10
17350.056 8.674491768313004e-10
17400.056 1.3183564576920957e-09
17450.056 1.7088317759098467e-09
17500.056 2.175736899581038e-09
17550.056 1.9152619304981956e-09
17600.056 1.4863932263798356e-09
17650.056 1.3559549814068857e-09
17700.056 1.041425717662768e-09
17750.056 9.695613058271442e-10
17800.056 1.8922116023818257e-09
17850.056 1.0017409636954331e-09
17900.056 7.858451065544718e-10
17950.056 5.956697717630212e-10
18000.056 9.246400868727414e-10
18050.056 6.711535395449333e-10
18100.056 8.255128619521451e-10
18150.056 8.343803299155489e-10
18200.056 5.327227784764853e-10
18250.056 1.6791539103849663e-09
18300.056 5.012447999588216e-10
18350.056 4.084723616546259e-10
18400.056 3.275654471885598e-10
18450.056 9.882107823664885e-10
18500.056 9.845454203287517e-10
18550.056 6.187883532464767e-10
18600.056 6.686618680864586e-10
18650.056 4.90580723890932e-10
18700.056 2.215802041361824e-10
18750.056 4.722500267409647e-10
18800.056 1.6483287547732613e-09
18850.056 1.6854959008176088e-09
18900.056 1.425983140113724e-09
18950.056 2.720067703035829e-09
19000.056 9.48932801009563e-10
19050.056 4.991407651099213e-10
19100.056 1.131883332481941e-09
19150.056 5.096054595649576e-10
19200.056 8.097455511246441e-10
19250.056 5.145115173366138e-10
19300.056 3.688568977824957e-10
19350.056 3.2202769174020626e-10
19400.056 2.8003119335628874e-10
19450.056 5.202023877232102e-10
19500.056 3.8870378199197907e-10
19550.056 4.610225112313679e-10
19600.056 8.847662251726826e-10
19650.056 7.542672201630855e-10
19700.056 8.472338115538016e-10
19750.056 1.5134306758156667e-09
19800.056 1.131087499738569e-09
19850.056 1.557434016725484e-09
19900.056 1.7572927549376738e-09
19950.056 2.7437406682603024e-09
20000.056 3.521513887959682e-09
20050.056 3.003504895501068e-09
20100.056 5.123615693791378e-09
20150.056 2.9682095539096157e-09
20200.056 2.5656625015953663e-09
20250.056 4.894242224712208e-09
20300.056 5.625814837976062e-09
20350.056 6.130227550320324e-09
20400.056 5.313517887939152e-09
20450.056 9.538128673786698e-09
20500.056 1.137235268137902e-08
20550.056 1.244433401781658e-08
20600.056 1.3865845059548825e-08
20650.056 1.7073099209279738e-08
20700.056 1.8812660392250124e-08
20750.056 2.1371948544117807e-08
20800.056 2.1765373033334786e-08
20850.056 2.3863727545301372e-08
20900.056 2.5911879172895464e-08
20950.056 2.4689304318402062e-08
21000.056 2.384549310180264e-08
21050.056 2.4435516471996992e-08
21100.056 2.2531909883101298e-08
21150.056 2.2516248280595785e-08
21200.056 2.0318101020602316e-08
21250.056 1.837353784936576e-08
21300.056 1.4527187080560907e-08
21350.056 1.4499166406026649e-08
21400.056 1.324648101086489e-08
21450.056 1.074597303421137e-08
21500.056 9.225574650212715e-09
21550.056 8.119949973233646e-09
21600.056 6.663124366951185e-09
21650.056 4.817335521842508e-09
21700.056 4.44635188593098e-09
21750.056 3.9550898808493785e-09
21800.056 2.7696401249995968e-09
21850.056 2.500883529416179e-09
21900.056 1.6595140956461384e-09
21950.056 6.887910546111386e-10
22000.056 1.568352084881191e-10
22050.056 1.6131952708623349e-10
22100.056 5.842558562452742e-10
22150.056 5.531566364845848e-10
22200.056 6.162833445046821e-10
22250.056 4.84598853206182e-10
22300.056 2.727928530632191e-10
22350.056 3.283920338779067e-10
22400.056 1.4034925304720887e-10
22450.056 1.8552815126737766e-10
22500.056 1.528728328838341e-10
22550.056 9.984256622963401e-11
22600.056 8.325799221630265e-11
22650.056 1.525390077002711e-10
22700.056 1.1617408394647035e-10
22750.056 1.303159522380701e-10
22800.056 1.3586252838714968e-10
22850.056 1.0259882820765204e-10
22900.056 7.809414738906565e-11
22950.056 7.202482091377635e-11
23000.056 9.74491303181914e-11
23050.056 1.3067893583042964e-10
23100.056 5.326424306389372e-10
23150.056 5.175859139449745e-10
23200.056 2.9237490112239594e-11
23250.056 9.280189040650421e-11
23300.056 8.654682561564982e-11
23350.056 1.1736958744864858e-10
23400.056 1.0273061765239353e-10
23450.056 7.266461126182167e-11
23500.056 8.306635416830544e-11
23550.056 1.4129543880023508e-10
23600.056 2.3520851251122913e-10
23650.056 3.4389770184945504e-10
23700.056 8.817692088844483e-11
23750.056 7.373903463385475e-11
23800.056 2.374136375534536e-10
23850.056 1.9068797132812938e-10
23900.056 4.0720835841672773e-10
23950.056 2.811544107537403e-10
24000.056 4.936320054973728e-10
24050.056 5.967006596199339e-10
24100.056 6.069342589791149e-10
24150.056 8.755639175300921e-10
24200.056 6.330553698947998e-10
24250.056 5.203231646735327e-10
24300.056 8.747270313474728e-10
24350.056 7.002767817060878e-10
24400.056 1.3756493011786036e-09
24450.056 1.446886620462467e-09
24500.056 1.332387897617118e-09
24550.056 1.971011431331951e-09
24600.056 2.0004889523459285e-09
24650.056 3.0078504818656453e-09
24700.056 1.7045398993963684e-09
24750.056 2.1849897165954974e-09
24800.056 1.961806840060388e-09
24850.056 3.3352126926845273e-09
24900.056 1.394416288676922e-09
24950.056 3.0610160822865937e-09
25000.056 2.695037362330586e-09
25050.056 1.6552109862150434e-09
25100.056 2.676015278528957e-09
25150.056 1.3209047178634576e-09
25200.056 1.9165192602566124e-09
25250.056 8.109389107369517e-10
25300.056 1.2960115057985142e-09
25350.056 5.8487152608685e-10
25400.056 1.4840368480512313e-09
25450.056 5.078240571921287e-10
25500.056 4.504313047882972e-10
25550.056 7.912236396698691e-10
25600.056 4.908745159958312e-10
25650.056 2.6010322796288646e-10
25700.056 4.2419335405438156e-10
25750.056 1.1765632484171424e-10
25800.056 5.935021679576174e-10
25850.056 1.2923079672292085e-10
25900.056 1.8982544776184962e-10
25950.056 5.639283898474329e-11
26000.056 5.6476935538614e-10
26050.056 9.51791179942515e-11
26100.056 4.1112319922347e-10
26150.056 2.1099706844177132e-10
26200.056 2.5627764308829035e-10
26250.056 1.2742175406354771e-09
26300.056 3.6524610054576007e-10
26350.056 1.7407232698993905e-09
26400.056 2.077897942591111e-09
26450.056 1.6862866216825607e-09
26500.056 2.913490936469067e-09
26550.056 5.267466712204965e-10
26600.056 7.314085270203921e-10
26650.056 1.3039509314570072e-10
26700.056 8.376994863191078e-11
26750.056 8.855772563220336e-11
26800.056 2.400725295229083e-10
26850.056 1.2763561859544997e-10
26900.056 5.891043519479292e-10
26950.056 2.091265734122272e-10
27000.056 1.0760648419021632e-09
27050.056 1.042880595003165e-09
27100.056 2.2180149986170557e-10
27150.056 1.4550963119033258e-09
27200.056 2.2262939855173553e-10
27250.056 5.972362973310654e-10
27300.056 3.061639579679444e-09
27350.056 1.2885851823836283e-09
27400.056 8.79425313687649e-11
27450.056 1.571228434714535e-09
27500.056 1.8215147091104081e-09
27550.056 3.312135335669229e-10
27600.056 8.974934385090882e-10
27650.056 2.602747198008569e-10
27700.056 2.0707596555591752e-10
27750.056 1.2143386618673462e-09
27800.056 3.5297058778886895e-10
27850.056 5.536189580471149e-10
27900.056 5.523342189572133e-10
27950.056 1.4364400784406185e-09
28000.056 1.1663373251258004e-09
28050.056 1.7167571395253965e-10
28100.056 1.169579619073257e-09
28150.056 8.417292998671487e-10
28200.056 2.6066511622551843e-10
28250.056 1.5755050677454372e-09
28300.056 1.5519688829477823e-09
28350.056 3.496726550394829e-10
28400.056 1.1054498015984935e-09
28450.056 1.8432380210037216e-09
28500.056 1.2001055417483466e-09
28550.056 2.741230923208083e-10
28600.056 1.970478092514991e-09
28650.056 1.4071802180733767e-09
28700.056 1.7163491773446152e-09
28750.056 2.604179957865726e-09
28800.056 1.3755446991329652e-09
28850.056 2.389338943728245e-09
