galfind/configs/Brown_Dwarf_templates/sonora_bobcat/m+0.5/562g/sp_t950g562nc_m+0.5_resample.dat
# %ECSV 1.0
# ---
# datatype:
# - {name: wav, unit: Angstrom, datatype: float64}
# - {name: flux_nu, unit: erg / (cm2 Hz s), datatype: float64}
# meta: {C/O: '1.00', Kzz: '1.0000E+05', Teff: '950.', Y: '0.28', '[Fe/H]': '0.50', f_hole: '1.00', f_rain: '0.00', grav: '562.'}
# schema: astropy-2.0
wav flux_nu
[from data line 499]
28950.056 9.638902474506512e-08
29000.056 7.616352586576344e-08
29050.056 8.407661976674101e-08
29100.056 6.054906440322889e-08
29150.056 1.0920374933641684e-07
29200.056 7.469379233671101e-08
29250.056 1.0499704730282437e-07
29300.056 6.224096727921214e-08
29350.056 1.6087709558064163e-07
29400.056 8.712934416701252e-08
29450.056 9.644861529495789e-08
29500.056 1.0728600783371812e-07
29550.056 9.589192845588188e-08
29600.056 1.1247818267726527e-07
29650.056 1.127108792584515e-07
29700.056 8.522224943822518e-08
29750.056 1.1607975088722607e-07
29800.056 1.2220174650199336e-07
29850.056 1.286252580728641e-07
29900.056 1.2229077094642078e-07
29950.056 1.248366509606502e-07
30000.056 7.569590974296941e-08
30050.056 8.532264222780405e-08
30100.056 8.432927675177965e-08
30150.056 1.3344313820348623e-07
30200.056 9.967995826359907e-08
30250.056 1.4653724702403091e-07
30300.056 1.2372335328901004e-07
30350.056 1.0724621242860487e-07
30400.056 1.312461422920997e-07
30450.056 9.516312061145623e-08
30500.056 8.058696273760137e-08
30550.056 8.567380435407933e-08
30600.056 1.0089608706099563e-07
30650.056 8.2134259044385e-08
30700.056 7.881030741218682e-08
30750.056 7.857881383608687e-08
30800.056 6.895868572591549e-08
30850.056 6.263021561717367e-08
30900.056 5.900981719338812e-08
30950.056 5.237464685665424e-08
31000.056 4.845936907980384e-08
31050.056 5.1101089214002054e-08
31100.056 3.852294649859694e-08
31150.056 4.6379524599316835e-08
31200.056 5.0991840502010547e-08
31250.056 3.636942689670399e-08
31300.056 3.587015201621363e-08
31350.056 3.5770644945101405e-08
31400.056 2.7408286484331336e-08
31450.056 3.105391984909373e-08
31500.056 2.4089877996973545e-08
31550.056 2.7151415064536803e-08
31600.056 2.1586890272351286e-08
31650.056 1.989004685540401e-08
31700.056 2.0458727462296822e-08
31750.056 1.6334805188606015e-08
31800.056 2.1482548237797038e-08
31850.056 1.6445292130263225e-08
31900.056 2.0142919962600158e-08
31950.056 1.2650269567310751e-08
32000.056 1.727508031209855e-08
32050.056 1.7895378166520722e-08
32100.056 1.7049725503992533e-08
32150.056 1.884757583159816e-08
32200.056 1.5654970548401136e-08
32250.056 2.153792938824396e-08
32300.056 1.4898482572616944e-08
32350.056 2.2616250247497782e-08
32400.056 1.506133828229617e-08
32450.056 2.06431187362733e-08
32500.056 1.904279967881394e-08
32550.056 1.8672409549247627e-08
32600.056 2.209540591354059e-08
32650.056 2.9991854553594054e-08
32700.056 2.6045362025305872e-08
32750.056 3.1288754926304594e-08
32800.056 2.9688841920074237e-08
32850.056 3.28908660596964e-08
32900.056 3.668286653131548e-08
32950.056 3.8126507864217194e-08
33000.056 3.185411223324024e-08
33050.056 3.002466633121424e-08
33100.056 1.5951859684195797e-08
33150.056 4.5653725615702876e-09
33200.056 4.355223827998352e-09
33250.056 2.7172795528192567e-09
33300.056 3.3870065887208357e-09
33350.056 5.816259421690299e-09
33400.056 8.476928390296962e-09
33450.056 1.2184089377569147e-08
33500.056 1.8991044962609738e-08
33550.056 1.7293153372507015e-08
33600.056 2.6302235997396706e-08
33650.056 2.7201693455197894e-08
33700.056 2.2915231960505267e-08
33750.056 3.299745453560682e-08
33800.056 2.5706193050075417e-08
33850.056 3.070309583179633e-08
33900.056 2.4678026652699147e-08
33950.056 2.5514546496294727e-08
34000.056 3.250991942261082e-08
34050.056 1.8705506740634403e-08
34100.056 3.194947676700073e-08
34150.056 2.497129169923809e-08
34200.056 2.6572856215888478e-08
34250.056 2.7102042695586504e-08
34300.056 2.371305849416858e-08
34350.056 2.2186579321500047e-08
34400.056 1.964170312525689e-08
34450.056 2.7283647103390775e-08
34500.056 2.4992592040302605e-08
34550.056 1.949886619706131e-08
34600.056 3.255456944589868e-08
34650.056 2.256055966810072e-08
34700.056 2.7767624853398096e-08
34750.056 2.7466983397990628e-08
34800.056 2.4281700655633662e-08
34850.056 2.847855661970762e-08
34900.056 2.9690116073757648e-08
34950.056 3.126981147689353e-08
35000.056 4.486569703926026e-08
35050.056 2.8631284555999853e-08
35100.056 3.681092021240264e-08
35150.056 3.625345062736793e-08
35200.056 3.782693102939692e-08
35250.056 4.861966529158521e-08
35300.056 3.798227004470814e-08
35350.056 3.848102343328742e-08
35400.056 4.349449825200181e-08
35450.056 3.0395675588916705e-08
35500.056 5.665557043159742e-08
35550.056 5.2059263130091923e-08
35600.056 4.6041787917621276e-08
35650.056 5.1980076615000524e-08
35700.056 4.677207947039158e-08
35750.056 5.869324316799256e-08
35800.056 7.521973188620119e-08
35850.056 4.762289419699543e-08
35900.056 6.38034237030051e-08
35950.056 6.097748298248685e-08
36000.056 6.065569862201045e-08
36050.056 5.8241507212581736e-08
36100.056 6.04774866556653e-08
36150.056 6.494128303608602e-08
36200.056 7.069714515258283e-08
36250.056 6.532336868228162e-08
36300.056 7.892931485270454e-08
36350.056 7.472268687700694e-08
36400.056 7.544834706719085e-08
36450.056 8.770357936890173e-08
36500.056 9.1205896871899e-08
36550.056 9.581857549002718e-08
36600.056 1.1049659936499579e-07
36650.056 1.0557593845238061e-07
36700.056 1.1102704514397953e-07
36750.056 1.2085533118205125e-07
36800.056 1.2062243977599868e-07
36850.056 1.1301711493357526e-07
36900.056 1.2291612977398555e-07
36950.056 1.371775769389802e-07
37000.056 1.2933213965098972e-07
37050.056 1.3241045171099408e-07
37100.056 1.416341097194937e-07
37150.056 1.2575747339120121e-07
37200.056 1.4778127010098887e-07
37250.056 1.4564994172697189e-07
37300.056 1.3067165085724292e-07
37350.056 1.3855962002902527e-07
37400.056 1.9008906157699465e-07
37450.056 1.5141700847459713e-07
37500.056 1.5021616666848382e-07
37550.056 1.8079995320609438e-07
37600.056 1.9930887075801633e-07
37650.056 1.5136962528100453e-07
37700.056 2.0591400721501754e-07
37750.056 1.6257448040900757e-07
37800.056 1.745228698640959e-07
37850.056 1.3875334236200899e-07
37900.056 1.5395854822205894e-07
37950.056 1.7833063605706256e-07
38000.056 2.1093197472600135e-07
38050.056 2.0874369887804573e-07
38100.056 2.065286533610319e-07
38150.056 2.297540696659877e-07
38200.056 2.410469031640507e-07
38250.056 2.2788913379500455e-07
38300.056 2.812633159019594e-07
38350.056 2.874840976870402e-07
38400.056 2.0673652884993426e-07
38450.056 2.1857199001394536e-07
38500.056 1.6859204943603432e-07
38550.056 2.3839202086005198e-07
38600.056 2.3889361741499504e-07
38650.056 2.459751263349681e-07
38700.056 2.5995927797599237e-07
38750.056 2.7673323346799835e-07
38800.056 2.3642805035887733e-07
38850.056 2.505902291520327e-07
38900.056 3.073849807000137e-07
38950.056 2.594641150099796e-07
39000.056 2.9237710794498486e-07
39050.056 2.6894470985600044e-07
39100.056 2.8634479780501873e-07
39150.056 2.95287070209998e-07
39200.056 2.914048978019791e-07
39250.056 3.3075627157295596e-07
39300.056 2.9264015457189916e-07
39350.056 3.5593921862602216e-07
39400.056 3.2178381615805263e-07
39450.056 3.305198573399919e-07
39500.056 3.233100881330362e-07
39550.056 3.2904267969526303e-07
39600.056 3.5560308219190573e-07
39650.056 3.849265298899885e-07
39700.056 3.6572621693003505e-07
39750.056 3.157152892890855e-07
39800.056 3.5891804891991553e-07
39850.056 4.1995019382000154e-07
39900.056 4.0991887301001087e-07
39950.056 3.908373574179256e-07
40000.056 4.621934855800773e-07
40050.056 4.168003094200133e-07
40100.056 3.6892297774901874e-07
40150.056 4.431312432739771e-07
40200.056 4.5641508364986677e-07
40250.056 4.3454751529488904e-07
40300.056 4.345518391850649e-07
40350.056 4.4432348976498166e-07
40400.056 5.034415337803829e-07
40450.056 4.5823257087407257e-07
40500.056 4.896041955600168e-07
40550.056 5.059740897839219e-07
40600.056 4.800377223600539e-07
40650.056 4.624110926499034e-07
40700.056 5.914603637349902e-07
40750.056 4.84549426679905e-07
40800.056 4.2072838034283366e-07
40850.056 5.717167461201165e-07
40900.056 5.482864440180399e-07
40950.056 4.98407629488025e-07
41000.056 5.258328491800143e-07
41050.056 6.021184423499437e-07
41100.056 5.101678003099758e-07
41150.056 4.250320427989515e-07
41200.056 5.759105273699774e-07
41250.056 5.164670952019749e-07
41300.056 4.6545305840988666e-07
41350.056 6.04526868290067e-07
41400.056 5.481176329500742e-07
41450.056 5.706459731500704e-07
41500.056 4.836593397169952e-07
41550.056 4.799615579140914e-07
41600.056 5.730691457000665e-07
41650.056 5.621942499000349e-07
41700.056 5.064590556298623e-07
41750.056 5.119129146499816e-07
41800.056 5.676645287399906e-07
41850.056 4.0801321658200156e-07
41900.056 4.776723013569341e-07
41950.056 4.554740585900819e-07
42000.056 4.466939269500083e-07
42050.056 3.9869446083398124e-07
42100.056 5.071432025100352e-07
42150.056 3.871952215499789e-07
42200.056 3.802610457179911e-07
42250.056 3.8975043819492976e-07
42300.056 3.6642129234999756e-07
42350.056 4.263506019000722e-07
42400.056 3.994870227900803e-07
42450.056 3.723128250300141e-07
42500.056 3.738605326399811e-07
42550.056 3.6300938804595664e-07
42600.056 3.6921126241605923e-07
42650.056 4.144329760499019e-07
42700.056 3.7955860343600974e-07
42750.056 3.5934327518998913e-07
42800.056 3.8100805104006595e-07
42850.056 4.3086269723987504e-07
42900.056 4.391679370960793e-07
42950.056 3.777146567298692e-07
43000.056 4.16007561803998e-07
43050.056 3.1211972260012836e-07
43100.056 3.868406271099774e-07
43150.056 3.739770122800528e-07
43200.056 4.1762000838002105e-07
43250.056 4.544444627599836e-07
43300.056 4.5489241457000896e-07
43350.056 3.5153790628691543e-07
43400.056 3.995299942669757e-07
43450.056 3.7090454880506585e-07
43500.056 3.6964967297499295e-07
43550.056 3.7442933970005106e-07
43600.056 4.519017728720312e-07
43650.056 3.691448490350055e-07
43700.056 4.4379842092000434e-07
43750.056 4.2106065222708167e-07
43800.056 3.997509554929548e-07
43850.056 3.799197442100714e-07
43900.056 4.0718356942994365e-07
43950.056 3.2516097309498105e-07
44000.056 3.0569074059401506e-07
44050.056 4.229361396600203e-07
44100.056 4.761037612100279e-07
44150.056 4.5877205382993755e-07
44200.056 4.2951898051199754e-07
44250.056 3.646715856850131e-07
44300.056 3.3564849549706245e-07
44350.056 3.591250707860813e-07
44400.056 3.637252186889879e-07
44450.056 4.045846412259812e-07
44500.056 4.1385927271409264e-07
44550.056 4.613445467999449e-07
44600.056 4.0429922113204346e-07
44650.056 4.3255564600706334e-07
44700.056 3.4307707487999703e-07
44750.056 4.143422092710279e-07
44800.056 3.896416846940356e-07
44850.056 4.249781557900749e-07
44900.056 3.647273850280401e-07
44950.056 3.913758990140189e-07
45000.056 4.121156710799778e-07
45050.056 4.0900977904699426e-07
45100.056 4.1244364494599915e-07
45150.056 4.029618977869715e-07
45200.056 3.463873795210298e-07
45250.056 3.771384760819077e-07
45300.056 3.587422610480427e-07
45350.056 3.623029331379594e-07
45400.056 4.3659690346003516e-07
45450.056 4.0255388307996697e-07
45500.056 4.07910480095999e-07
45550.056 4.5316974098990987e-07
45600.056 4.396045625400302e-07
45650.056 3.694400161519446e-07
45700.056 3.712313819040339e-07
45750.056 3.5177745526599484e-07
45800.056 4.312334011400031e-07
45850.056 4.6204093505999617e-07
45900.056 4.738832088800151e-07
45950.056 3.9766640962499574e-07
46000.056 4.5752542132002536e-07
46050.056 4.167712732600274e-07
46100.056 4.4172081495998246e-07
46150.056 3.935895807199779e-07
46200.056 3.915217330210477e-07
46250.056 3.0703157280595693e-07
46300.056 4.269946779499888e-07
46350.056 4.0038925546002094e-07
46400.056 4.0333405770000825e-07
46450.056 3.925051700150429e-07
46500.056 3.8563466266206664e-07
46550.056 3.627645088159954e-07
46600.056 4.039862043059956e-07
46650.056 5.298660834699683e-07
46700.056 4.339715678400154e-07
46750.056 3.3166242567201323e-07
46800.056 2.90011017440027e-07
46850.056 5.043148469800821e-07
46900.056 4.599617754799498e-07
46950.056 4.741621153999948e-07
47000.056 4.136880713300316e-07
47050.056 4.3673426343986085e-07
47100.056 3.1880386495804944e-07
47150.056 3.781515093060454e-07
47200.056 4.4670722454002654e-07
47250.056 3.588265102599801e-07
47300.056 2.9663974126259096e-07
47350.056 4.3836144978997086e-07
47400.056 4.473103996599525e-07
47450.056 4.110316899110333e-07
47500.056 4.713777093069492e-07
47550.056 4.151758697099967e-07
47600.056 4.2949391846996314e-07
47650.056 3.6846364822792725e-07
47700.056 4.184224376171054e-07
47750.056 3.025068979500099e-07
47800.056 3.5726624395000775e-07
47850.056 2.732064162740023e-07
47900.056 3.4180301910095605e-07
47950.056 3.6851661146802415e-07
48000.056 4.955939574300492e-07
48050.056 4.3831253232001343e-07
48100.056 3.2705407197601383e-07
48150.056 3.8041493911003294e-07
48200.056 3.7488133214800545e-07
48250.056 3.5919092806001054e-07
48300.056 4.721621763698844e-07
48350.056 3.209403421900216e-07
48400.056 2.5328560107996324e-07
48450.056 3.52522209740081e-07
48500.056 4.4419237384994593e-07
48550.056 3.504386211460013e-07
48600.056 4.062604007900049e-07
48650.056 3.967054788799783e-07
48700.056 3.936746806400043e-07
48750.056 2.7190038394911255e-07
48800.056 4.825645755380045e-07
48850.056 3.17919179250931e-07
48900.056 4.562602380519973e-07
48950.056 3.556920574200331e-07
49000.056 2.424913614189577e-07
49050.056 4.099767380899644e-07
49100.056 4.0836043077107067e-07
49150.056 3.7901406152701704e-07
49200.056 4.2801685291004035e-07
49250.056 4.3087793890005296e-07
49300.056 3.746037398039953e-07
49350.056 2.747464449860434e-07
49400.056 3.5880182984196454e-07
49450.056 3.613278193591124e-07
49500.056 3.0931673579297386e-07
49550.056 2.0178271042901907e-07
49600.056 3.0141790633126425e-07
49650.056 3.3992153814597645e-07
49700.056 3.2231447185591673e-07
49750.056 4.1281251701992235e-07
49800.056 3.2844062661901574e-07
49850.056 4.593823547800906e-07
49900.056 3.691430075499823e-07
49950.056 3.5919828018198005e-07
50000.056 3.46766423467977e-07
50050.056 4.0104608605999137e-07
50100.056 3.518451048040178e-07
50150.056 2.509152895499785e-07
50200.056 1.4764829846102364e-07
50250.056 3.3805389005996407e-07
50300.056 2.8235656074202094e-07
50350.056 4.170910079130368e-07
50400.056 3.5405821441397175e-07
50450.056 2.952149098390338e-07
50500.056 3.8428287286004384e-07
50550.056 3.46652450650025e-07
50600.056 3.1134319764092763e-07
50650.056 3.820498560500762e-07
50700.056 4.181209168498741e-07
50750.056 3.499421088180565e-07
50800.056 2.22746322856974e-07
50850.056 2.217327422560659e-07
50900.056 4.175812787599932e-07
50950.056 3.307488988400462e-07
51000.056 3.713279797310265e-07
51050.056 3.350476819599935e-07
51100.056 2.0504885565697072e-07
51150.056 2.853216064203776e-07
51200.056 4.4408493646996787e-07
51250.056 3.1584873059794116e-07
51300.056 2.548797824681091e-07
51350.056 2.8670873279098346e-07
51400.056 1.8296758302299647e-07
51450.056 1.5906602854596162e-07
51500.056 1.785564536950572e-07
51550.056 3.5331582707202474e-07
51600.056 2.5489610572003226e-07
51650.056 2.624458552199514e-07
51700.056 2.928549262689544e-07
51750.056 2.1497526192601564e-07
51800.056 3.1910534224991537e-07
51850.056 2.950399838319885e-07
51900.056 4.099151363460795e-07
51950.056 3.186326558499692e-07
52000.056 1.3795456149497783e-07
52050.056 2.487175259740224e-07
52100.056 1.9199977624298515e-07
52150.056 1.719102922040115e-07
52200.056 1.8969767791399183e-07
52250.056 2.407865081110289e-07
52300.056 3.58094951859967e-07
52350.056 2.545580875046089e-07
52400.056 1.8400116421201525e-07
52450.056 3.0102956985002013e-07
52500.056 3.0622317397092324e-07
52550.056 3.098074708099397e-07
52600.056 2.612955777820445e-07
52650.056 2.6837939927404974e-07
52700.056 2.3896730466699974e-07
52750.056 1.6932615824699116e-07
52800.056 2.0905638970602605e-07
52850.056 2.222643395369335e-07
52900.056 2.0638880402239083e-07
52950.056 2.2247491729399826e-07
53000.056 3.025169937630025e-07
53050.056 1.6972028692894042e-07
53100.056 2.337638129819612e-07
53150.056 3.4334600947002466e-07
53200.056 1.6684937320498691e-07
53250.056 3.066464163800265e-07
53300.056 3.0529684912416525e-07
53350.056 3.032366272999857e-07
53400.056 2.9635938877001483e-07
53450.056 1.6817904776599275e-07
53500.056 1.0729719366696928e-07
