galfind/configs/Brown_Dwarf_templates/sonora_bobcat/m+0.5/562g/sp_t1700g562nc_m+0.5_resample.dat
# %ECSV 1.0
# ---
# datatype:
# - {name: wav, unit: Angstrom, datatype: float64}
# - {name: flux_nu, unit: erg / (cm2 Hz s), datatype: float64}
# meta: {C/O: '1.00', Kzz: '1.0000E+05', Teff: '1700.', Y: '0.28', '[Fe/H]': '0.50', f_hole: '1.00', f_rain: '0.00', grav: '562.'}
# schema: astropy-2.0
wav flux_nu
[from data line 498]
28900.056 6.815167416370261e-07
28950.056 1.0526461317359728e-06
29000.056 8.598080917947905e-07
29050.056 9.11862528950931e-07
29100.056 7.24407196719129e-07
29150.056 9.871044554101736e-07
29200.056 8.356357348721542e-07
29250.056 9.80018308390998e-07
29300.056 7.676270773946653e-07
29350.056 1.1759402813398166e-06
29400.056 9.03481443341849e-07
29450.056 9.367608166009795e-07
29500.056 9.700480533688847e-07
29550.056 9.366582424850332e-07
29600.056 1.0362872496747593e-06
29650.056 9.671227348479087e-07
29700.056 8.745528488958252e-07
29750.056 1.08838050436045e-06
29800.056 1.1207341780638655e-06
29850.056 1.0547411683598716e-06
29900.056 9.653868359203302e-07
29950.056 1.1582931949298028e-06
30000.056 1.1362334057737963e-06
30050.056 1.0494636480099206e-06
30100.056 8.996356249197348e-07
30150.056 1.3456619887299273e-06
30200.056 1.1541584915200835e-06
30250.056 1.1834558923103057e-06
30300.056 1.1321398068598387e-06
30350.056 1.1099834035701383e-06
30400.056 1.3776227122302606e-06
30450.056 1.0659478449001164e-06
30500.056 9.804835120501226e-07
30550.056 1.3212379869902555e-06
30600.056 1.2881878568101622e-06
30650.056 1.3235057874900067e-06
30700.056 1.1977957669399066e-06
30750.056 1.168210777640019e-06
30800.056 1.3650306043602545e-06
30850.056 1.1444099008298847e-06
30900.056 1.1506438246798862e-06
30950.056 1.078803655071177e-06
31000.056 1.2630205192699532e-06
31050.056 1.1725861495999772e-06
31100.056 1.07752253576991e-06
31150.056 1.2266779025197252e-06
31200.056 1.2217652144599072e-06
31250.056 1.2795305028300954e-06
31300.056 1.1628480373198492e-06
31350.056 1.1304755162599342e-06
31400.056 1.0790574372403145e-06
31450.056 1.115587315329958e-06
31500.056 1.1345381291399703e-06
31550.056 1.0577579157000028e-06
31600.056 1.0524181137999005e-06
31650.056 1.083829566229953e-06
31700.056 1.0597682605499015e-06
31750.056 9.62274739340248e-07
31800.056 1.1650298816499611e-06
31850.056 1.153454052890181e-06
31900.056 1.2936866707499608e-06
31950.056 8.959414407199451e-07
32000.056 1.0327454264200622e-06
32050.056 1.2274542790301262e-06
32100.056 1.2152226365698778e-06
32150.056 1.3110685531699307e-06
32200.056 1.2225714069099554e-06
32250.056 1.2749411602302035e-06
32300.056 1.1928194787799718e-06
32350.056 1.4679128127602763e-06
32400.056 1.1723429344399913e-06
32450.056 1.3038469219398154e-06
32500.056 1.3968228773403169e-06
32550.056 1.5845657577000683e-06
32600.056 1.5577872679599202e-06
32650.056 1.5959369994604085e-06
32700.056 1.5300211271902407e-06
32750.056 1.5377955964600209e-06
32800.056 1.4524443801000995e-06
32850.056 1.7602173280997374e-06
32900.056 1.7809545257499849e-06
32950.056 1.4966209425498668e-06
33000.056 1.5732138623100915e-06
33050.056 1.5748961485499357e-06
33100.056 1.483292255409677e-06
33150.056 1.0302196284001123e-06
33200.056 7.362924342597641e-07
33250.056 6.101621311996155e-07
33300.056 5.296696112001384e-07
33350.056 6.272490051200618e-07
33400.056 6.690335036198815e-07
33450.056 7.897448994498592e-07
33500.056 1.0906028896502875e-06
33550.056 1.125110804890052e-06
33600.056 1.346604468390217e-06
33650.056 1.5405705791104595e-06
33700.056 1.4941455808098403e-06
33750.056 1.7233059112099575e-06
33800.056 1.591423301009771e-06
33850.056 1.6534284679600857e-06
33900.056 1.7583839192296996e-06
33950.056 1.5968583568399658e-06
34000.056 1.6387435590395761e-06
34050.056 1.5812828921896162e-06
34100.056 1.8075062454401714e-06
34150.056 1.6669098545295299e-06
34200.056 1.5450629389894989e-06
34250.056 1.7901059317397395e-06
34300.056 1.5143456261590516e-06
34350.056 1.5441731306601024e-06
34400.056 1.4998551238600165e-06
34450.056 1.551266030650043e-06
34500.056 1.739463587670178e-06
34550.056 1.4700334650999184e-06
34600.056 1.729504727780022e-06
34650.056 1.7212812090700743e-06
34700.056 1.672856156719644e-06
34750.056 1.8821001958202423e-06
34800.056 1.7677649920195795e-06
34850.056 1.626346641900122e-06
34900.056 1.7339236086402789e-06
34950.056 1.6448308677095946e-06
35000.056 1.803454423479851e-06
35050.056 2.0014569006703696e-06
35100.056 1.743160098079661e-06
35150.056 1.9000399608999671e-06
35200.056 1.9073444185100194e-06
35250.056 1.847600312119978e-06
35300.056 1.8627660466100285e-06
35350.056 1.9398174714998295e-06
35400.056 1.8384682996801013e-06
35450.056 1.6616055524905281e-06
35500.056 2.0967768174998473e-06
35550.056 1.9714743053999575e-06
35600.056 1.7972748438099844e-06
35650.056 2.208334946550231e-06
35700.056 1.829657923130207e-06
35750.056 2.037882053609667e-06
35800.056 2.2494014359998477e-06
35850.056 2.014881916150062e-06
35900.056 2.3944334947997296e-06
35950.056 2.1662654188300635e-06
36000.056 2.0286468367699246e-06
36050.056 2.4017352801003013e-06
36100.056 2.3940139044791664e-06
36150.056 2.142276405690359e-06
36200.056 2.4509768144596995e-06
36250.056 2.196003419989671e-06
36300.056 2.6162733007303728e-06
36350.056 2.398004545699812e-06
36400.056 2.3623350292000397e-06
36450.056 2.6799362527996963e-06
36500.056 2.4522335671800965e-06
36550.056 2.4297575554205848e-06
36600.056 2.4899411092901325e-06
36650.056 2.574503182600002e-06
36700.056 2.7803129330999906e-06
36750.056 2.517384012300154e-06
36800.056 2.626109642899882e-06
36850.056 2.691545781500276e-06
36900.056 2.6898771293003543e-06
36950.056 2.7020547219598437e-06
37000.056 2.8146810631999052e-06
37050.056 2.8362688918998325e-06
37100.056 2.789058174500325e-06
37150.056 2.806486667799617e-06
37200.056 2.9068369554000377e-06
37250.056 2.9407179308000558e-06
37300.056 2.948038272200335e-06
37350.056 2.7296811507003886e-06
37400.056 2.911111421799807e-06
37450.056 2.827245394340185e-06
37500.056 2.9561779420997157e-06
37550.056 2.9197604245995867e-06
37600.056 3.0836239517997378e-06
37650.056 2.9036295492998526e-06
37700.056 3.0433563045999876e-06
37750.056 3.09675015179986e-06
37800.056 3.163387517099908e-06
37850.056 2.9894853093998824e-06
37900.056 3.0695656808002507e-06
37950.056 3.103790322300024e-06
38000.056 3.1238813521003158e-06
38050.056 3.124152426000192e-06
38100.056 2.964144730600262e-06
38150.056 3.2813474388997952e-06
38200.056 3.292250761799734e-06
38250.056 3.0048564310003924e-06
38300.056 2.9958168591999506e-06
38350.056 3.1222876640998964e-06
38400.056 3.1888225228997832e-06
38450.056 3.3560588898001643e-06
38500.056 3.1595227459999214e-06
38550.056 3.20518550760013e-06
38600.056 3.544091184099865e-06
38650.056 3.1100387851000455e-06
38700.056 3.1402906644005507e-06
38750.056 3.3054572580999636e-06
38800.056 3.2715005859002976e-06
38850.056 3.1937372654001638e-06
38900.056 3.084529514699859e-06
38950.056 3.35884635639986e-06
39000.056 3.2016383865000934e-06
39050.056 3.3176297419998826e-06
39100.056 3.074617030600112e-06
39150.056 3.2366107596000845e-06
39200.056 3.331464735100083e-06
39250.056 3.298230226599481e-06
39300.056 3.2682244004994834e-06
39350.056 3.295547986600294e-06
39400.056 3.2321879984000914e-06
39450.056 3.267784772999878e-06
39500.056 3.149130048399693e-06
39550.056 3.1263020659996397e-06
39600.056 3.4435312612999555e-06
39650.056 3.036953601100043e-06
39700.056 3.154200153999854e-06
39750.056 3.148287854319663e-06
39800.056 2.9453276388001167e-06
39850.056 3.1076481023997817e-06
39900.056 3.050497221500036e-06
39950.056 3.20204702529983e-06
40000.056 2.861006224399893e-06
40050.056 2.8330107648999783e-06
40100.056 3.0547842695999115e-06
40150.056 2.8320491556995898e-06
40200.056 2.9367652469997914e-06
40250.056 2.7849975060592335e-06
40300.056 2.683709049000198e-06
40350.056 2.90735089030031e-06
40400.056 2.8782978196000177e-06
40450.056 2.7729196118001825e-06
40500.056 2.528031493600296e-06
40550.056 2.9483394986997396e-06
40600.056 2.478986315080298e-06
40650.056 2.6867355048002226e-06
40700.056 2.854763669200137e-06
40750.056 2.4751705040991416e-06
40800.056 2.4353089578201528e-06
40850.056 2.3633967725805465e-06
40900.056 2.3760414403802367e-06
40950.056 2.4812316994199216e-06
41000.056 2.520558878799976e-06
41050.056 2.479413627399591e-06
41100.056 2.3310358015099845e-06
41150.056 2.502781284600009e-06
41200.056 2.3473230304500403e-06
41250.056 2.418609792600188e-06
41300.056 2.0652921068395895e-06
41350.056 2.4428288782500882e-06
41400.056 2.2534073206002395e-06
41450.056 2.2665441651203043e-06
41500.056 2.4089815813001624e-06
41550.056 2.2812832018700303e-06
41600.056 2.305671574400088e-06
41650.056 2.1368013439003536e-06
41700.056 2.008470465819755e-06
41750.056 2.0318361388697912e-06
41800.056 2.051710512379753e-06
41850.056 1.748986932010326e-06
41900.056 2.0427700095599782e-06
41950.056 1.6944159648405116e-06
42000.056 1.7514778046301614e-06
42050.056 1.5425990047296156e-06
42100.056 1.7607387022302339e-06
42150.056 1.2806600196395086e-06
42200.056 1.4032712820000345e-06
42250.056 1.5153141126801559e-06
42300.056 1.2065302353600312e-06
42350.056 1.4536032114204526e-06
42400.056 1.190529097750334e-06
42450.056 1.060727646100235e-06
42500.056 1.1203492175701766e-06
42550.056 1.1123697352000848e-06
42600.056 1.1345051445003004e-06
42650.056 9.498493706593901e-07
42700.056 1.108808628090438e-06
42750.056 1.0230928005198844e-06
42800.056 9.73745133600408e-07
42850.056 1.0350386287196563e-06
42900.056 1.007807898570024e-06
42950.056 9.652718410794887e-07
43000.056 9.694658388200735e-07
43050.056 9.144801137404201e-07
43100.056 1.0307831147402457e-06
43150.056 9.928737609402031e-07
43200.056 1.024857781830197e-06
43250.056 9.624847923397568e-07
43300.056 1.000240213080146e-06
43350.056 9.33194267299933e-07
43400.056 9.802700358600004e-07
43450.056 9.609591944703087e-07
43500.056 9.353841166398989e-07
43550.056 1.0031336417200618e-06
43600.056 9.772206729301192e-07
43650.056 8.80347655700094e-07
43700.056 8.967718212996351e-07
43750.056 9.061145144402437e-07
43800.056 8.193077145002111e-07
43850.056 8.756247811602112e-07
43900.056 9.161151839199369e-07
43950.056 8.571237211702818e-07
44000.056 8.347977186101689e-07
44050.056 8.40885187770124e-07
44100.056 8.55833385040147e-07
44150.056 8.807304692397776e-07
44200.056 8.304111153599143e-07
44250.056 8.538522506500463e-07
44300.056 8.437239340600691e-07
44350.056 7.981046149299951e-07
44400.056 8.568554034999483e-07
44450.056 8.744786845400121e-07
44500.056 8.850997648100118e-07
44550.056 8.019314104498445e-07
44600.056 8.485855098800761e-07
44650.056 8.709153073100921e-07
44700.056 8.38225977880032e-07
44750.056 8.631271863999125e-07
44800.056 8.956312973899708e-07
44850.056 8.652757664901109e-07
44900.056 8.319918401901023e-07
44950.056 7.87154144049999e-07
45000.056 8.610614139099471e-07
45050.056 8.587386427399247e-07
45100.056 8.983297374699838e-07
45150.056 8.285386991199649e-07
45200.056 7.704004994200243e-07
45250.056 7.982321009299416e-07
45300.056 8.735165231400341e-07
45350.056 9.026665963099487e-07
45400.056 8.425776484401049e-07
45450.056 7.809105588598862e-07
45500.056 8.1750367230997e-07
45550.056 8.868411322999769e-07
45600.056 8.132887812699763e-07
45650.056 7.539104435698719e-07
45700.056 8.902798065400516e-07
45750.056 7.9986211488002e-07
45800.056 7.839970891399696e-07
45850.056 9.420343717999626e-07
45900.056 9.321109031100466e-07
45950.056 8.041175030800025e-07
46000.056 9.576952939800183e-07
46050.056 9.576026023101776e-07
46100.056 7.777188340700862e-07
46150.056 8.725389719899579e-07
46200.056 9.256145389401865e-07
46250.056 7.648690470800022e-07
46300.056 1.002804052509976e-06
46350.056 8.532425026299141e-07
46400.056 8.744191122399145e-07
46450.056 9.21929548260112e-07
46500.056 8.216335910099362e-07
46550.056 1.0327927267200008e-06
46600.056 9.466911400300534e-07
46650.056 1.2344919342398433e-06
46700.056 1.149590075490354e-06
46750.056 8.900409686999455e-07
46800.056 9.710270459001242e-07
46850.056 1.0569117712801348e-06
46900.056 9.781536458298383e-07
46950.056 1.1269580686500092e-06
47000.056 9.075429606100011e-07
47050.056 1.135019289959858e-06
47100.056 8.45746453670077e-07
47150.056 9.534338348201016e-07
47200.056 1.0422614767202204e-06
47250.056 9.03462137769902e-07
47300.056 9.528733594897981e-07
47350.056 8.07311463959877e-07
47400.056 1.022570151789828e-06
47450.056 8.636202960199322e-07
47500.056 1.0173535823398766e-06
47550.056 8.784972003299407e-07
47600.056 1.0282561923399224e-06
47650.056 7.422841254898347e-07
47700.056 1.053620405750041e-06
47750.056 7.14386605190151e-07
47800.056 1.0264730168199035e-06
47850.056 7.699486750099106e-07
47900.056 1.0140133576200502e-06
47950.056 7.619912819501303e-07
48000.056 1.1519330194399866e-06
48050.056 8.490254951001227e-07
48100.056 9.651901236999706e-07
48150.056 8.571205492901192e-07
48200.056 1.0342816271901019e-06
48250.056 8.443851296600118e-07
48300.056 1.132890419619812e-06
48350.056 7.652998189899371e-07
48400.056 1.012811893119991e-06
48450.056 8.062856428400135e-07
48500.056 1.1539441910200293e-06
48550.056 7.702040984100159e-07
48600.056 1.0682142715799107e-06
48650.056 8.032838237099757e-07
48700.056 1.0609130843700936e-06
48750.056 7.242438213800504e-07
48800.056 1.1638703271000566e-06
48850.056 7.872283172498446e-07
48900.056 1.0796416447301008e-06
48950.056 9.369815752399937e-07
49000.056 9.31523804839905e-07
49050.056 1.022000438819959e-06
49100.056 9.078656811000916e-07
49150.056 9.875588197899788e-07
49200.056 8.916836853899567e-07
49250.056 9.804816206799972e-07
49300.056 8.330327152299258e-07
49350.056 9.219634941099832e-07
49400.056 1.0753389821800475e-06
49450.056 9.049756393202034e-07
49500.056 9.640496790700347e-07
49550.056 8.261515198499734e-07
49600.056 9.260399509602031e-07
49650.056 9.74620408749999e-07
49700.056 8.306784472399282e-07
49750.056 1.2955549469798521e-06
49800.056 9.113691111200467e-07
49850.056 1.2251536049600693e-06
49900.056 9.35603640030057e-07
49950.056 1.0070166381897962e-06
50000.056 9.960809406897868e-07
50050.056 9.81811696820075e-07
50100.056 1.0994744821699294e-06
50150.056 8.875787101600337e-07
50200.056 8.468002309301153e-07
50250.056 1.0208307301000472e-06
50300.056 9.167961639899629e-07
50350.056 1.137917461909971e-06
50400.056 9.460514900199372e-07
50450.056 9.62724983360151e-07
50500.056 1.238695292130177e-06
50550.056 9.906014221799748e-07
50600.056 1.0989635595799806e-06
50650.056 1.0099656457401984e-06
50700.056 1.1415453190497513e-06
50750.056 1.2049712341501679e-06
50800.056 8.331942688298891e-07
50850.056 1.0254378361701717e-06
50900.056 1.1265028937899444e-06
50950.056 1.1171314991601996e-06
51000.056 1.3284970247101146e-06
51050.056 9.72379306740107e-07
51100.056 9.441367237099213e-07
51150.056 1.110133739039911e-06
51200.056 1.0537985699599663e-06
51250.056 1.1817328876899632e-06
51300.056 9.295796681802954e-07
51350.056 1.0975635005398292e-06
51400.056 1.007309355879783e-06
51450.056 7.449756785398759e-07
51500.056 1.0126750453000435e-06
51550.056 1.3442212889501216e-06
51600.056 8.691625583900553e-07
51650.056 1.0656504416698361e-06
51700.056 1.0090433488996978e-06
51750.056 9.368454365500669e-07
51800.056 1.181004713399768e-06
51850.056 1.127733048029835e-06
51900.056 1.219191016680193e-06
51950.056 1.1151593832498972e-06
52000.056 8.975571038899456e-07
52050.056 1.082557762689923e-06
52100.056 9.901170438598326e-07
52150.056 1.0058737296700468e-06
52200.056 9.756742589600424e-07
52250.056 1.028749125229997e-06
52300.056 1.173651111589982e-06
52350.056 1.2268542516001449e-06
52400.056 8.660412591801482e-07
52450.056 1.0416245767400052e-06
52500.056 1.2027156136698073e-06
52550.056 1.1033740821296912e-06
52600.056 1.1111423263101446e-06
52650.056 1.2638355469001574e-06
52700.056 1.0373405820400291e-06
52750.056 8.675460602999127e-07
52800.056 9.722502242500944e-07
52850.056 9.276688263998827e-07
52900.056 1.0582388060900318e-06
52950.056 1.0284423014298853e-06
53000.056 1.2016181538699324e-06
53050.056 1.0033094313297897e-06
53100.056 1.0001697975498034e-06
53150.056 1.2628375830001873e-06
53200.056 8.313507953001046e-07
53250.056 1.2100157328899781e-06
53300.056 1.2042293601205025e-06
53350.056 1.185295681929843e-06
53400.056 1.1061657913300767e-06
53450.056 9.71653599100051e-07
53500.056 7.962247944798553e-07
