galfind/configs/Brown_Dwarf_templates/sonora_bobcat/m+0.5/562g/sp_t2200g562nc_m+0.5_resample.dat
# %ECSV 1.0
# ---
# datatype:
# - {name: wav, unit: Angstrom, datatype: float64}
# - {name: flux_nu, unit: erg / (cm2 Hz s), datatype: float64}
# meta: {C/O: '1.00', Kzz: '1.0000E+05', Teff: '2200.', Y: '0.28', '[Fe/H]': '0.50', f_hole: '1.00', f_rain: '0.00', grav: '562.'}
# schema: astropy-2.0
wav flux_nu
[from data line 501]
29050.056 2.5031644644599036e-06
29100.056 2.109310000950205e-06
29150.056 2.6352708881302113e-06
29200.056 2.378143657400333e-06
29250.056 2.586952118490014e-06
29300.056 2.2557825607189356e-06
29350.056 2.8836545455296414e-06
29400.056 2.4422927761898476e-06
29450.056 2.4191597202299056e-06
29500.056 2.569157805149731e-06
29550.056 2.4784473588102517e-06
29600.056 2.6368877766599126e-06
29650.056 2.5543566428399053e-06
29700.056 2.3165662619398465e-06
29750.056 2.8245537888610044e-06
29800.056 2.7810356229598416e-06
29850.056 2.654339201079703e-06
29900.056 2.417053745110637e-06
29950.056 2.8712436773395066e-06
30000.056 2.814738155179209e-06
30050.056 2.6519216514999754e-06
30100.056 2.2146702072394306e-06
30150.056 3.2263364041998056e-06
30200.056 2.9091240664002134e-06
30250.056 2.7780414601206043e-06
30300.056 2.7702541436997726e-06
30350.056 2.7308173439005105e-06
30400.056 3.1894120029504748e-06
30450.056 2.573272894370303e-06
30500.056 2.4996871832203444e-06
30550.056 3.263437486510576e-06
30600.056 3.095212323950333e-06
30650.056 3.104008576540166e-06
30700.056 2.8827763211899168e-06
30750.056 2.8125154067500823e-06
30800.056 3.3432975156608346e-06
30850.056 2.9213127308299865e-06
30900.056 2.918082140339795e-06
30950.056 2.842962756960302e-06
31000.056 3.2689361910499337e-06
31050.056 2.864303731020055e-06
31100.056 3.0908510332899403e-06
31150.056 3.1749865456996423e-06
31200.056 3.1838996366896704e-06
31250.056 3.493291774350643e-06
31300.056 3.0995073545998085e-06
31350.056 3.0965977026799956e-06
31400.056 3.2029741321005427e-06
31450.056 3.2233072060201422e-06
31500.056 3.3025096222504445e-06
31550.056 3.045746332599945e-06
31600.056 3.215454407459831e-06
31650.056 3.368436397299905e-06
31700.056 3.3744793790999028e-06
31750.056 3.0489497108601055e-06
31800.056 3.4306253665002557e-06
31850.056 3.721889020100011e-06
31900.056 3.613677290699705e-06
31950.056 3.020028779799754e-06
32000.056 3.207774697860723e-06
32050.056 3.637649775700362e-06
32100.056 3.6761913005196194e-06
32150.056 3.6365302419200304e-06
32200.056 3.522836578849978e-06
32250.056 3.3424236485001596e-06
32300.056 3.6094122901001053e-06
32350.056 3.8403007654005335e-06
32400.056 3.497942151309936e-06
32450.056 3.3930465484003114e-06
32500.056 3.7031529506002154e-06
32550.056 4.025093056300114e-06
32600.056 3.93225615231976e-06
32650.056 3.815182930100988e-06
32700.056 3.6723573079001546e-06
32750.056 3.8041006797000424e-06
32800.056 3.511508754820309e-06
32850.056 4.09434099409971e-06
32900.056 3.9562966298400645e-06
32950.056 3.4803413259998545e-06
33000.056 3.7728229723802585e-06
33050.056 3.850279933139521e-06
33100.056 3.93471060640902e-06
33150.056 3.923487474600141e-06
33200.056 3.687295803830701e-06
33250.056 3.989449137420271e-06
33300.056 4.293365831960292e-06
33350.056 4.0085143567001725e-06
33400.056 3.682499635279598e-06
33450.056 3.997075432398971e-06
33500.056 4.0453127607002664e-06
33550.056 3.92404883789948e-06
33600.056 4.007672294900674e-06
33650.056 4.11225560470082e-06
33700.056 4.248691470899476e-06
33750.056 4.196783708840172e-06
33800.056 4.081063001200079e-06
33850.056 3.993312609400156e-06
33900.056 4.473646463899479e-06
33950.056 4.009622020599544e-06
34000.056 4.0526846580991946e-06
34050.056 4.1592857195000735e-06
34100.056 4.342405632200525e-06
34150.056 4.254326079399471e-06
34200.056 4.070409502799472e-06
34250.056 4.49762828109943e-06
34300.056 4.224046258299612e-06
34350.056 4.329408149399595e-06
34400.056 4.12063192329956e-06
34450.056 4.035893205200115e-06
34500.056 4.283951556100834e-06
34550.056 4.139619997099755e-06
34600.056 4.264108797599943e-06
34650.056 4.324727587099987e-06
34700.056 4.190458616599321e-06
34750.056 4.464837378000268e-06
34800.056 4.5312611620996065e-06
34850.056 4.141878598600008e-06
34900.056 4.40895446360027e-06
34950.056 4.308163527399219e-06
35000.056 4.183309297599475e-06
35050.056 4.6730707449006365e-06
35100.056 4.4424876796992495e-06
35150.056 4.438689929379686e-06
35200.056 4.479397614099756e-06
35250.056 4.087376605800369e-06
35300.056 4.457229040100411e-06
35350.056 4.628407427599706e-06
35400.056 4.3681687932996995e-06
35450.056 4.299776505000297e-06
35500.056 4.581558884099968e-06
35550.056 4.417449157799851e-06
35600.056 4.290507964599287e-06
35650.056 4.710175627700528e-06
35700.056 4.321948628900346e-06
35750.056 4.414315676699671e-06
35800.056 4.5754207426996724e-06
35850.056 4.610143891999836e-06
35900.056 4.780987508599542e-06
35950.056 4.600696805399662e-06
36000.056 4.260521364499524e-06
36050.056 4.763763278700295e-06
36100.056 4.9141946293998125e-06
36150.056 4.4063600806004505e-06
36200.056 4.766104006499539e-06
36250.056 4.466419636699315e-06
36300.056 5.035025073500715e-06
36350.056 4.78674889009933e-06
36400.056 4.6777574529999255e-06
36450.056 5.0108996192996525e-06
36500.056 4.6665184058003105e-06
36550.056 4.584923225900584e-06
36600.056 4.6137713746003925e-06
36650.056 4.783679579700474e-06
36700.056 5.047864008500117e-06
36750.056 4.622843907900489e-06
36800.056 4.781782491499648e-06
36850.056 4.8756435660001036e-06
36900.056 4.8894965685006555e-06
36950.056 4.879584507500053e-06
37000.056 4.957369419700069e-06
37050.056 5.067312810999849e-06
37100.056 4.869881434300412e-06
37150.056 4.860490702099113e-06
37200.056 5.0316870637000675e-06
37250.056 5.055539939500251e-06
37300.056 5.086463431100868e-06
37350.056 4.790934720600545e-06
37400.056 5.0446247937997494e-06
37450.056 4.984830938800323e-06
37500.056 5.158015247699702e-06
37550.056 5.000424213599201e-06
37600.056 5.2415959034994225e-06
37650.056 4.865968825399601e-06
37700.056 4.99570612650014e-06
37750.056 5.223195799799315e-06
37800.056 5.3032635665998805e-06
37850.056 5.128678980799791e-06
37900.056 5.2077068248003795e-06
37950.056 5.253530912100231e-06
38000.056 5.170785795800616e-06
38050.056 5.17637837790039e-06
38100.056 5.018440342300239e-06
38150.056 5.338918549099383e-06
38200.056 5.415163481299378e-06
38250.056 5.078714919300605e-06
38300.056 5.019930868199927e-06
38350.056 5.199616653199961e-06
38400.056 5.279138689299806e-06
38450.056 5.313803017500475e-06
38500.056 5.183953584699766e-06
38550.056 5.225795108300358e-06
38600.056 5.623692858799766e-06
38650.056 4.999736288800176e-06
38700.056 5.083215106900715e-06
38750.056 5.3383966087999565e-06
38800.056 5.234310546800709e-06
38850.056 5.2702705142002485e-06
38900.056 5.066732314599944e-06
38950.056 5.318516055299675e-06
39000.056 5.212878185300114e-06
39050.056 5.278468009899934e-06
39100.056 5.01250481579996e-06
39150.056 5.152672041200221e-06
39200.056 5.2853182763001815e-06
39250.056 5.265535503099333e-06
39300.056 5.276011404599145e-06
39350.056 5.236139250300491e-06
39400.056 5.135565547900144e-06
39450.056 5.190748746299812e-06
39500.056 5.098786537299777e-06
39550.056 5.006358683099126e-06
39600.056 5.403790393700245e-06
39650.056 4.942645039400155e-06
39700.056 5.118780049799912e-06
39750.056 5.150833332299489e-06
39800.056 4.871016681900274e-06
39850.056 5.040230086799735e-06
39900.056 4.9099834816997366e-06
39950.056 5.128429563599801e-06
40000.056 4.812026697199701e-06
40050.056 4.5514690862999075e-06
40100.056 4.86572392249982e-06
40150.056 4.563867251699205e-06
40200.056 4.7863059460997275e-06
40250.056 4.717150297298726e-06
40300.056 4.429287526500287e-06
40350.056 4.650164956900292e-06
40400.056 4.720516801800027e-06
40450.056 4.371863191000736e-06
40500.056 4.162002530000053e-06
40550.056 4.749541497899646e-06
40600.056 4.271582198900345e-06
40650.056 4.4602318963008675e-06
40700.056 4.676410278700233e-06
40750.056 4.1467412649988765e-06
40800.056 4.115279470500456e-06
40850.056 3.9041046368008755e-06
40900.056 3.861268656400585e-06
40950.056 4.146326088399975e-06
41000.056 4.278506890300236e-06
41050.056 4.202737422399227e-06
41100.056 3.974447422400347e-06
41150.056 4.263189944000177e-06
41200.056 4.00537314280006e-06
41250.056 4.0943200384002484e-06
41300.056 3.6289269301996136e-06
41350.056 4.180732222100201e-06
41400.056 3.957767651500044e-06
41450.056 3.845213618200042e-06
41500.056 4.116895676000166e-06
41550.056 4.052913668960121e-06
41600.056 4.132559797899974e-06
41650.056 3.7272014558005177e-06
41700.056 3.6063725613996524e-06
41750.056 3.814742855899918e-06
41800.056 3.6971164435996326e-06
41850.056 3.4351242003004935e-06
41900.056 3.8835126588996025e-06
41950.056 3.4269178560006486e-06
42000.056 3.6096518645102067e-06
42050.056 3.3543466704990213e-06
42100.056 3.6703077694003327e-06
42150.056 3.0221000384090608e-06
42200.056 3.186192507290127e-06
42250.056 3.4328681646397546e-06
42300.056 2.9706021835600175e-06
42350.056 3.4107094689807035e-06
42400.056 3.0392565696004614e-06
42450.056 2.647644899800234e-06
42500.056 2.835197542000364e-06
42550.056 2.9279068517999057e-06
42600.056 2.868360876700501e-06
42650.056 2.5791681139388167e-06
42700.056 2.939731940890864e-06
42750.056 2.7404363366999306e-06
42800.056 2.732314503470656e-06
42850.056 2.866648952299796e-06
42900.056 2.8055662723301585e-06
42950.056 2.57477201519893e-06
43000.056 2.656876349359877e-06
43050.056 2.6118427386311856e-06
43100.056 2.739461922599962e-06
43150.056 2.7729687304004673e-06
43200.056 2.7057227065001126e-06
43250.056 2.647729687900115e-06
43300.056 2.7699779466002516e-06
43350.056 2.525764726799774e-06
43400.056 2.5592083263799395e-06
43450.056 2.6025363075207132e-06
43500.056 2.5197872407995515e-06
43550.056 2.610367250950019e-06
43600.056 2.6772735702001656e-06
43650.056 2.4147899911503093e-06
43700.056 2.359225060699568e-06
43750.056 2.4345221808001943e-06
43800.056 2.299734665500249e-06
43850.056 2.3805249866004978e-06
43900.056 2.4523404152199147e-06
43950.056 2.3257899910203957e-06
44000.056 2.1876545710503183e-06
44050.056 2.204217643300162e-06
44100.056 2.2677430057004547e-06
44150.056 2.3979782599995694e-06
44200.056 2.231565332439968e-06
44250.056 2.2030285891199616e-06
44300.056 2.1544368679503643e-06
44350.056 2.1306187178001103e-06
44400.056 2.183837548399935e-06
44450.056 2.3012638426601226e-06
44500.056 2.3076039607002533e-06
44550.056 2.067064909919497e-06
44600.056 2.1286750864402243e-06
44650.056 2.2697814957401465e-06
44700.056 2.1265352042601544e-06
44750.056 2.2217284510396744e-06
44800.056 2.268117614089942e-06
44850.056 2.268358371480135e-06
44900.056 2.147617535500315e-06
44950.056 2.0015418125399914e-06
45000.056 2.203490281199938e-06
45050.056 2.169273767799739e-06
45100.056 2.2687971309998997e-06
45150.056 2.1654861814199645e-06
45200.056 1.999422027339946e-06
45250.056 2.06835356053976e-06
45300.056 2.1917089106100844e-06
45350.056 2.268500466459729e-06
45400.056 2.168895821640297e-06
45450.056 2.003917655199695e-06
45500.056 2.054415896379871e-06
45550.056 2.2774804333197946e-06
45600.056 2.1390249887299546e-06
45650.056 1.9532302722795657e-06
45700.056 2.179434539800242e-06
45750.056 2.0692403189999287e-06
45800.056 2.0473326454399536e-06
45850.056 2.352419068760023e-06
45900.056 2.3003603293000394e-06
45950.056 2.0551675254599584e-06
46000.056 2.3721355874500254e-06
46050.056 2.402116434760581e-06
46100.056 2.0462063688001414e-06
46150.056 2.1025345235099365e-06
46200.056 2.3243056886305227e-06
46250.056 1.964357544029941e-06
46300.056 2.4553867257999246e-06
46350.056 2.036843573189801e-06
46400.056 2.189029456069746e-06
46450.056 2.1544602187404552e-06
46500.056 2.0591664165799e-06
46550.056 2.36156769427992e-06
46600.056 2.194518297669897e-06
46650.056 2.6469043568499414e-06
46700.056 2.5063822537806973e-06
46750.056 2.101395169239911e-06
46800.056 2.3004802501803706e-06
46850.056 2.3801670973100963e-06
46900.056 2.2908701548995874e-06
46950.056 2.5276848894201555e-06
47000.056 2.277205023789994e-06
47050.056 2.420944915989738e-06
47100.056 2.1336972728900722e-06
47150.056 2.3162524579104016e-06
47200.056 2.300427358320626e-06
47250.056 2.2170832544794604e-06
47300.056 2.3180390946894232e-06
47350.056 1.983728773199627e-06
47400.056 2.344491700719438e-06
47450.056 2.3508768217198525e-06
47500.056 2.2640314731595047e-06
47550.056 2.211218127419629e-06
47600.056 2.4267813765798512e-06
47650.056 1.834958462449519e-06
47700.056 2.4245599281400124e-06
47750.056 1.7780576595505225e-06
47800.056 2.3976588793997936e-06
47850.056 1.8942927989894617e-06
47900.056 2.460640172200127e-06
47950.056 1.8646852137804491e-06
48000.056 2.6230973668000204e-06
48050.056 2.0138776549203775e-06
48100.056 2.1852838508699707e-06
48150.056 1.9965549487802225e-06
48200.056 2.443298799670474e-06
48250.056 2.038614382399832e-06
48300.056 2.587397448399774e-06
48350.056 1.8144897623295908e-06
48400.056 2.391061112709958e-06
48450.056 2.044010674630158e-06
48500.056 2.584800050380028e-06
48550.056 1.866730877900029e-06
48600.056 2.4530911061997744e-06
48650.056 1.8882433561599862e-06
48700.056 2.331802219300075e-06
48750.056 1.7218266807302646e-06
48800.056 2.5718120484001593e-06
48850.056 1.8843127213196526e-06
48900.056 2.3992102880001265e-06
48950.056 2.1789193025001483e-06
49000.056 2.1643617397998915e-06
49050.056 2.2474361819998217e-06
49100.056 2.1235627336501576e-06
49150.056 2.147860643970023e-06
49200.056 2.183864664669893e-06
49250.056 2.138317386470084e-06
49300.056 1.960689597929665e-06
49350.056 2.014538530499955e-06
49400.056 2.372089766000263e-06
49450.056 2.048416345020492e-06
49500.056 2.1099631800002947e-06
49550.056 1.921348931669927e-06
49600.056 2.021077726780372e-06
49650.056 2.093463598180238e-06
49700.056 1.8188086389198181e-06
49750.056 2.609965240799591e-06
49800.056 2.0735772443200624e-06
49850.056 2.4717825598600422e-06
49900.056 2.0353520383401167e-06
49950.056 2.1371576933894452e-06
50000.056 2.0684006729995034e-06
50050.056 2.138408382350127e-06
50100.056 2.220629320539845e-06
50150.056 1.98526292781998e-06
50200.056 1.8375586879501644e-06
50250.056 2.0135398864201825e-06
50300.056 1.9282813574797513e-06
50350.056 2.186175998199952e-06
50400.056 2.031774855000018e-06
50450.056 1.964338269640241e-06
50500.056 2.5031416463003374e-06
50550.056 2.0473741816198476e-06
50600.056 2.1725730286601217e-06
50650.056 2.060295876000503e-06
50700.056 2.258813264479418e-06
50750.056 2.2400419498402725e-06
50800.056 1.789551635219844e-06
50850.056 2.0834937113202955e-06
50900.056 2.1042096096799368e-06
50950.056 2.1926678385003557e-06
51000.056 2.4651842869502482e-06
51050.056 1.952301505040295e-06
51100.056 1.944974902999904e-06
51150.056 2.20635883059003e-06
51200.056 2.0209206587998818e-06
51250.056 2.2590141423900504e-06
51300.056 1.941420528000537e-06
51350.056 2.1725369359998112e-06
51400.056 2.0928350926794436e-06
51450.056 1.55596290171977e-06
51500.056 2.142502758780006e-06
51550.056 2.5042582255602266e-06
51600.056 1.7304030386599371e-06
51650.056 2.113026841099686e-06
51700.056 1.9031818438493857e-06
51750.056 1.899295428870116e-06
51800.056 2.182986719959708e-06
51850.056 2.176991619799799e-06
51900.056 2.2733815480002826e-06
51950.056 2.0525618476097767e-06
52000.056 1.8563280837599732e-06
52050.056 2.1525278839598228e-06
52100.056 2.0691331072995944e-06
52150.056 2.07801984140025e-06
52200.056 1.990963425370111e-06
52250.056 1.986982760149958e-06
52300.056 2.093769052259978e-06
52350.056 2.321119431660228e-06
52400.056 1.7649223392201012e-06
52450.056 2.0056301910899865e-06
52500.056 2.1814092207894575e-06
52550.056 2.0136152420695013e-06
52600.056 2.113499586000135e-06
52650.056 2.3611708826203995e-06
52700.056 2.0345212013600677e-06
52750.056 1.7167641659298412e-06
52800.056 1.9133430858001665e-06
52850.056 1.8210321882299168e-06
52900.056 2.059826329860181e-06
52950.056 1.965397080899674e-06
53000.056 2.1921697487497384e-06
53050.056 2.073838282589662e-06
53100.056 1.862661715599629e-06
53150.056 2.2448756735004377e-06
53200.056 1.6689667215403387e-06
53250.056 2.2629758644999263e-06
53300.056 2.1991948192007265e-06
53350.056 2.218358792599762e-06
53400.056 1.9710414826001438e-06
53450.056 1.8909041151500559e-06
53500.056 1.7026171840996954e-06
53550.056 2.1201543155598867e-06
53600.056 2.152567372520342e-06
53650.056 1.8312505517604209e-06
