galfind/configs/Brown_Dwarf_templates/sonora_bobcat/m+0.5/562g/sp_t750g562nc_m+0.5_resample.dat
# %ECSV 1.0
# ---
# datatype:
# - {name: wav, unit: Angstrom, datatype: float64}
# - {name: flux_nu, unit: erg / (cm2 Hz s), datatype: float64}
# meta: {C/O: '1.00', Kzz: '1.0000E+05', Teff: '750.', Y: '0.28', '[Fe/H]': '0.50', f_hole: '1.00', f_rain: '0.00', grav: '562.'}
# schema: astropy-2.0
wav flux_nu
[from data line 498]
28900.056 8.468796650819284e-09
28950.056 1.869397555968743e-08
29000.056 1.4967943745196072e-08
29050.056 1.756029350204818e-08
29100.056 1.2414208654007562e-08
29150.056 2.2135489631158795e-08
29200.056 1.573190152542814e-08
29250.056 2.3992253903715216e-08
29300.056 1.1934639506160889e-08
29350.056 3.850270962821869e-08
29400.056 1.7579376694593886e-08
29450.056 1.949002279768831e-08
29500.056 2.4734471609662323e-08
29550.056 1.9134559935532297e-08
29600.056 2.393821740417691e-08
29650.056 2.912115930282426e-08
29700.056 1.75381857004218e-08
29750.056 2.7794897631632805e-08
29800.056 2.7885998073535038e-08
29850.056 3.204067467590077e-08
29900.056 2.976294790579228e-08
29950.056 2.7200935133171445e-08
30000.056 5.386717306306556e-09
30050.056 9.792394349113979e-09
30100.056 1.3050416388891378e-08
30150.056 2.6608467637117125e-08
30200.056 2.1415559225516573e-08
30250.056 4.015286515322873e-08
30300.056 3.707940258202535e-08
30350.056 2.631251091708187e-08
30400.056 4.0433255696370695e-08
30450.056 2.5916887219783507e-08
30500.056 2.4443672654910554e-08
30550.056 2.4202750749244084e-08
30600.056 3.5522424037541845e-08
30650.056 2.400968161731039e-08
30700.056 2.160685793726284e-08
30750.056 2.7766653908083388e-08
30800.056 2.2068500848254567e-08
30850.056 2.1416137534991236e-08
30900.056 1.5793495093491884e-08
30950.056 1.6403683662594432e-08
31000.056 1.495259107371278e-08
31050.056 1.505353124182916e-08
31100.056 1.1002947060675343e-08
31150.056 1.6096694348448685e-08
31200.056 1.827936097010463e-08
31250.056 1.2420081303965812e-08
31300.056 1.0494297946662928e-08
31350.056 1.2497854047999284e-08
31400.056 9.245742719567384e-09
31450.056 1.0512529640817178e-08
31500.056 6.8958636805986174e-09
31550.056 8.519187468885395e-09
31600.056 6.113989167433614e-09
31650.056 5.711759943886021e-09
31700.056 6.1681527716900605e-09
31750.056 4.186808712529598e-09
31800.056 6.591479546870214e-09
31850.056 3.5483076144703066e-09
31900.056 5.100791410216117e-09
31950.056 3.1555766814904505e-09
32000.056 4.2063676116483345e-09
32050.056 4.62407586425656e-09
32100.056 4.234017829645279e-09
32150.056 5.089317600599682e-09
32200.056 3.622759116674326e-09
32250.056 6.1620529364376355e-09
32300.056 3.4217941437897783e-09
32350.056 6.232742304139513e-09
32400.056 3.3207002607048264e-09
32450.056 5.5678534761216435e-09
32500.056 4.2609731387358355e-09
32550.056 4.8138883896588875e-09
32600.056 5.521139350059103e-09
32650.056 8.743866774611381e-09
32700.056 6.732947665798314e-09
32750.056 1.0222918958862052e-08
32800.056 9.302342239969224e-09
32850.056 1.1414911335568751e-08
32900.056 1.2031268613904031e-08
32950.056 1.297001353475272e-08
33000.056 1.0059320040481015e-08
33050.056 1.0353101366944428e-08
33100.056 4.266143756834905e-09
33150.056 3.0242822692501913e-10
33200.056 5.282563082899167e-10
33250.056 3.5253554582494077e-10
33300.056 6.411117414661455e-10
33350.056 1.50114430461095e-09
33400.056 2.7035846695388867e-09
33450.056 3.81746068974616e-09
33500.056 7.311228070065069e-09
33550.056 4.83785912898242e-09
33600.056 8.767493764695338e-09
33650.056 8.659581213729666e-09
33700.056 6.451228374549013e-09
33750.056 1.1002038387363836e-08
33800.056 5.85480663410882e-09
33850.056 8.701366531908579e-09
33900.056 7.118486160234156e-09
33950.056 7.181527865795348e-09
34000.056 1.037306860760941e-08
34050.056 4.292805904822808e-09
34100.056 9.722578085730436e-09
34150.056 6.41820942296417e-09
34200.056 8.735303306095649e-09
34250.056 7.908691801186143e-09
34300.056 6.641668242435726e-09
34350.056 7.262135239180029e-09
34400.056 5.168800633954057e-09
34450.056 8.816612311225059e-09
34500.056 7.3297923718589335e-09
34550.056 4.7162566396742355e-09
34600.056 1.0985458146900432e-08
34650.056 5.6865267666546054e-09
34700.056 9.095167468359417e-09
34750.056 8.114197040606676e-09
34800.056 6.626928252224799e-09
34850.056 1.0024054843907186e-08
34900.056 8.506037269914183e-09
34950.056 1.0416171499697373e-08
35000.056 1.7148159534122668e-08
35050.056 8.996803877117388e-09
35100.056 1.426780295337221e-08
35150.056 1.336779281081073e-08
35200.056 1.310334186596888e-08
35250.056 1.9207660827268267e-08
35300.056 1.2497384488286252e-08
35350.056 1.3926055508264378e-08
35400.056 1.5791382750196572e-08
35450.056 1.0521961227666823e-08
35500.056 2.3975428850375854e-08
35550.056 1.9897501395116627e-08
35600.056 1.7737564603911373e-08
35650.056 1.9949474594294076e-08
35700.056 1.7680104523430833e-08
35750.056 2.471573987659798e-08
35800.056 3.0268333447981426e-08
35850.056 1.6659629619261555e-08
35900.056 2.3270299388455158e-08
35950.056 2.380386831206296e-08
36000.056 2.343080871070352e-08
36050.056 2.110147383719186e-08
36100.056 2.131055491671107e-08
36150.056 2.5959341389792678e-08
36200.056 2.8827537077691185e-08
36250.056 2.4733334680495547e-08
36300.056 3.47665782939011e-08
36350.056 2.987197735452619e-08
36400.056 3.246541776753199e-08
36450.056 3.663632614333636e-08
36500.056 3.995836291476717e-08
36550.056 4.2752242413662564e-08
36600.056 5.0189103990990654e-08
36650.056 4.533730313574453e-08
36700.056 4.719871237041358e-08
36750.056 5.3441566759826575e-08
36800.056 5.4616141650198305e-08
36850.056 4.619747946845333e-08
36900.056 5.598003036847399e-08
36950.056 6.006668345518855e-08
37000.056 5.2517526764990886e-08
37050.056 5.947177910089762e-08
37100.056 5.910947987015166e-08
37150.056 5.3259917699876886e-08
37200.056 6.666681865098925e-08
37250.056 5.991347948658764e-08
37300.056 5.280441392318368e-08
37350.056 6.211107995931283e-08
37400.056 8.794740389199837e-08
37450.056 5.969354561685256e-08
37500.056 6.216747934979576e-08
37550.056 8.28468504778494e-08
37600.056 9.743202577901393e-08
37650.056 5.953079170980383e-08
37700.056 9.275241649760713e-08
37750.056 6.759044523480698e-08
37800.056 7.346789437873354e-08
37850.056 5.04759746779549e-08
37900.056 6.023139877081774e-08
37950.056 7.95008007206249e-08
38000.056 8.988129603549757e-08
38050.056 9.245157053972857e-08
38100.056 9.888637474857209e-08
38150.056 1.0615055102599811e-07
38200.056 1.104299809844208e-07
38250.056 1.012128112494079e-07
38300.056 1.3673789093497203e-07
38350.056 1.374983666340302e-07
38400.056 8.61306550350573e-08
38450.056 8.308812054736286e-08
38500.056 5.836750968560803e-08
38550.056 9.665366837003299e-08
38600.056 9.690977551729269e-08
38650.056 1.0295681501458038e-07
38700.056 1.0632100418399952e-07
38750.056 1.112061011970063e-07
38800.056 9.899969392165661e-08
38850.056 1.0693848374411697e-07
38900.056 1.369007293503926e-07
38950.056 1.0311415978019038e-07
39000.056 1.242350331675879e-07
39050.056 1.0903156417802004e-07
39100.056 1.2078624680839332e-07
39150.056 1.2916075727230144e-07
39200.056 1.2043355043738464e-07
39250.056 1.4630151224728914e-07
39300.056 1.2198289556696116e-07
39350.056 1.6471740396001188e-07
39400.056 1.320406523869422e-07
39450.056 1.4480476804838947e-07
39500.056 1.4815002334922646e-07
39550.056 1.3318013484244784e-07
39600.056 1.5626758153697103e-07
39650.056 1.74834293553982e-07
39700.056 1.6312667098701943e-07
39750.056 1.26481320487048e-07
39800.056 1.4811148269398235e-07
39850.056 1.9629728675400843e-07
39900.056 1.935740613930039e-07
39950.056 1.6317990315597384e-07
40000.056 2.1192879981703374e-07
40050.056 1.8996581217399878e-07
40100.056 1.4359727270271107e-07
40150.056 1.9643727075479733e-07
40200.056 2.0301296821193763e-07
40250.056 2.078425260189366e-07
40300.056 2.0341049932902685e-07
40350.056 1.904722907299755e-07
40400.056 2.3502007660425184e-07
40450.056 1.8489343599500034e-07
40500.056 2.3797474384498207e-07
40550.056 2.395098500955382e-07
40600.056 2.253790925420252e-07
40650.056 2.0205508298544911e-07
40700.056 2.9278099384998984e-07
40750.056 2.2211336936995994e-07
40800.056 1.764151583519167e-07
40850.056 2.99816902230061e-07
40900.056 2.7886538679001556e-07
40950.056 2.4052105146621825e-07
41000.056 2.427981192269912e-07
41050.056 3.133229712699503e-07
41100.056 2.607995660199893e-07
41150.056 1.8065146697038023e-07
41200.056 3.025988723229996e-07
41250.056 2.5755948364617943e-07
41300.056 2.3306816566195534e-07
41350.056 3.1741800982001675e-07
41400.056 2.8254134120603233e-07
41450.056 3.0849204979599355e-07
41500.056 2.3497767406699857e-07
41550.056 2.301209225038623e-07
41600.056 2.84967131761345e-07
41650.056 2.950698070050083e-07
41700.056 2.716160700699283e-07
41750.056 2.700440144319776e-07
41800.056 3.276408895440286e-07
41850.056 2.2759495001798534e-07
41900.056 2.605462439201465e-07
41950.056 2.6973121728704617e-07
42000.056 2.537826243989194e-07
42050.056 2.260627836480269e-07
42100.056 3.1658116504998155e-07
42150.056 2.3296915325301552e-07
42200.056 2.261052551260004e-07
42250.056 2.3698415780147818e-07
42300.056 2.2527920359199917e-07
42350.056 2.739434444520421e-07
42400.056 2.745890675200457e-07
42450.056 2.4164003212204447e-07
42500.056 2.394229566859887e-07
42550.056 2.242267767239751e-07
42600.056 2.445882952270454e-07
42650.056 3.1323491775391174e-07
42700.056 2.4019264052335204e-07
42750.056 2.338135359490152e-07
42800.056 2.6821607878303957e-07
42850.056 3.002797089899098e-07
42900.056 3.2041469982206553e-07
42950.056 2.5072384399093567e-07
43000.056 2.863543408360213e-07
43050.056 1.8457379038106236e-07
43100.056 2.5176481675796354e-07
43150.056 2.3187506219502504e-07
43200.056 2.820033694980093e-07
43250.056 3.503010583500172e-07
43300.056 3.413765988700147e-07
43350.056 2.1490291099694417e-07
43400.056 2.7105348289399204e-07
43450.056 2.2651622958703748e-07
43500.056 2.338928944320229e-07
43550.056 2.398063266087363e-07
43600.056 3.1721691627803413e-07
43650.056 2.2713937057000778e-07
43700.056 3.36410150458036e-07
43750.056 2.975925610700362e-07
43800.056 2.792200866059716e-07
43850.056 2.494956253600379e-07
43900.056 2.596011217359722e-07
43950.056 1.8464166920898046e-07
44000.056 1.7337981827450007e-07
44050.056 3.0753768951100867e-07
44100.056 3.754429851900161e-07
44150.056 3.59390934579973e-07
44200.056 3.130062757279956e-07
44250.056 2.2379187663900872e-07
44300.056 1.9317883751903477e-07
44350.056 2.221346895138608e-07
44400.056 2.113029695599882e-07
44450.056 2.8212782621397963e-07
44500.056 2.781604766870631e-07
44550.056 3.5187967625996276e-07
44600.056 3.034877046391197e-07
44650.056 3.0245648889103926e-07
44700.056 2.1750484297599247e-07
44750.056 2.879206219050483e-07
44800.056 2.480421034820276e-07
44850.056 3.103036009800419e-07
44900.056 2.4717767383701816e-07
44950.056 2.7662424557300973e-07
45000.056 2.988208214099982e-07
45050.056 2.8997622767198256e-07
45100.056 2.853603811710061e-07
45150.056 2.8295359444826814e-07
45200.056 2.264820267940232e-07
45250.056 2.536530649919294e-07
45300.056 2.2536946732403344e-07
45350.056 2.2875033222700437e-07
45400.056 3.4484290077703043e-07
45450.056 3.0850853924500263e-07
45500.056 3.194805825340139e-07
45550.056 3.560889968999137e-07
45600.056 3.4606663950004623e-07
45650.056 2.8275376895798073e-07
45700.056 2.3623819549000448e-07
45750.056 2.2577984464900418e-07
45800.056 3.567166158640082e-07
45850.056 3.5058062622499e-07
45900.056 3.757013555900082e-07
45950.056 3.017601815359913e-07
46000.056 3.5663941331002484e-07
46050.056 2.9457085674301286e-07
46100.056 3.6905633850997064e-07
46150.056 2.7572542287899373e-07
46200.056 2.6146168669899963e-07
46250.056 1.628159256006729e-07
46300.056 2.963984257100031e-07
46350.056 2.9036108244602947e-07
46400.056 2.7931899075800966e-07
46450.056 2.5809694478803175e-07
46500.056 2.8002715914106457e-07
46550.056 2.0173826260200336e-07
46600.056 2.637154824659786e-07
46650.056 3.8173332447100755e-07
46700.056 2.6527380598595427e-07
46750.056 1.88349112790616e-07
46800.056 1.446465596332107e-07
46850.056 3.739921808930589e-07
46900.056 3.367114876849783e-07
46950.056 3.289108518499791e-07
47000.056 3.034005703430472e-07
47050.056 2.7683452027690133e-07
47100.056 1.922279882066255e-07
47150.056 2.551112085160421e-07
47200.056 3.1031350902000205e-07
47250.056 2.1885331043597712e-07
47300.056 1.6129258983721497e-07
47350.056 3.433408041399837e-07
47400.056 3.064458163939714e-07
47450.056 2.9224032338163835e-07
47500.056 3.4441655687896356e-07
47550.056 3.021571699070081e-07
47600.056 3.0376620907998075e-07
47650.056 2.754500755323627e-07
47700.056 2.649271228773774e-07
47750.056 1.9848817393700538e-07
47800.056 1.9811283980701145e-07
47850.056 1.4107898236721375e-07
47900.056 1.8382087488297262e-07
47950.056 2.6791595084401693e-07
48000.056 3.6251143557004444e-07
48050.056 3.1942421021799315e-07
48100.056 1.771367451500149e-07
48150.056 2.546302418000119e-07
48200.056 2.1818780649100097e-07
48250.056 2.328630963960127e-07
48300.056 3.3693480411993584e-07
48350.056 2.1356955925500685e-07
48400.056 1.1465991136167583e-07
48450.056 2.0553755373084995e-07
48500.056 2.698608894439535e-07
48550.056 2.446651318830113e-07
48600.056 2.635645315700063e-07
48650.056 3.0079887446998347e-07
48700.056 2.432547573800067e-07
48750.056 1.582735746120784e-07
48800.056 3.186194891830026e-07
48850.056 1.9886943446296247e-07
48900.056 2.9840542765938753e-07
48950.056 1.9287127303201545e-07
49000.056 1.1269383213098641e-07
49050.056 2.518425482769674e-07
49100.056 2.7998232344505097e-07
49150.056 2.2485937672761629e-07
49200.056 3.057427085800498e-07
49250.056 2.9452678131003973e-07
49300.056 2.5518233283999456e-07
49350.056 1.4279778236822622e-07
49400.056 1.9740565890596316e-07
49450.056 2.0972107548306335e-07
49500.056 1.689955112379855e-07
49550.056 8.021476413780689e-08
49600.056 1.4895517175782967e-07
49650.056 1.992461938019874e-07
49700.056 1.9880243095194153e-07
49750.056 2.417346697289718e-07
49800.056 1.8663065591240498e-07
49850.056 2.8606238360005796e-07
49900.056 2.2857889556898008e-07
49950.056 2.195486329549985e-07
50000.056 2.006001556899752e-07
50050.056 2.45629624854995e-07
50100.056 1.9488111131500564e-07
50150.056 1.2487848311698342e-07
50200.056 5.442701896221307e-08
50250.056 1.6754595637398358e-07
50300.056 1.292481166049146e-07
50350.056 2.376619389390284e-07
50400.056 2.143342993999853e-07
50450.056 1.6462252061260722e-07
50500.056 2.30005511495024e-07
50550.056 2.0827226132101582e-07
50600.056 1.6687330630595551e-07
50650.056 2.379682075450456e-07
50700.056 2.525392970009331e-07
50750.056 1.8623140999002531e-07
50800.056 1.0481117856598675e-07
50850.056 8.899490467403009e-08
50900.056 2.4080222276999673e-07
50950.056 1.819354496380106e-07
51000.056 1.8784906726661123e-07
51050.056 1.9764322266798593e-07
51100.056 9.860044774568691e-08
51150.056 1.3700011615935985e-07
51200.056 2.755991028499791e-07
51250.056 1.7400568640997054e-07
51300.056 1.3389012090405137e-07
51350.056 1.4925417954198794e-07
51400.056 8.229591311800438e-08
51450.056 6.86271338435819e-08
51500.056 7.129819312632433e-08
51550.056 1.7140604901141256e-07
51600.056 1.2367480874612172e-07
51650.056 1.348056013729762e-07
51700.056 1.5549240073558964e-07
51750.056 1.0766447314801095e-07
51800.056 1.6890615454896334e-07
51850.056 1.4951540305899053e-07
51900.056 2.2031700269001764e-07
51950.056 1.5730216321298524e-07
52000.056 4.66640272212888e-08
52050.056 1.0577023309441332e-07
52100.056 7.958451706599407e-08
52150.056 6.378379683460733e-08
52200.056 8.518531192429963e-08
52250.056 1.1638811321402107e-07
52300.056 1.768512345449911e-07
52350.056 1.0235301232020156e-07
52400.056 8.205842019390722e-08
52450.056 1.6535583597101136e-07
52500.056 1.563889609229571e-07
52550.056 1.5063188698797746e-07
52600.056 1.2243046788500807e-07
52650.056 1.29416623897019e-07
52700.056 1.0952587621799723e-07
52750.056 6.988128379499653e-08
52800.056 9.25511596250131e-08
52850.056 1.0299263327796745e-07
52900.056 8.206927063203979e-08
52950.056 9.639503365860548e-08
53000.056 1.379240154640123e-07
53050.056 6.919614755168182e-08
53100.056 1.204773673879794e-07
53150.056 1.6215330819801864e-07
53200.056 7.220059268199577e-08
53250.056 1.4201193045900975e-07
53300.056 1.5811905602838082e-07
53350.056 1.4314601362899928e-07
53400.056 1.2151889882899633e-07
53450.056 6.300852852998666e-08
