galfind/configs/Brown_Dwarf_templates/sonora_bobcat/m+0.5/562g/sp_t525g562nc_m+0.5_resample.dat
# %ECSV 1.0
# ---
# datatype:
# - {name: wav, unit: Angstrom, datatype: float64}
# - {name: flux_nu, unit: erg / (cm2 Hz s), datatype: float64}
# meta: {C/O: '1.00', Kzz: '1.0000E+05', Teff: '525.', Y: '0.28', '[Fe/H]': '0.50', f_hole: '1.00', f_rain: '0.00', grav: '562.'}
# schema: astropy-2.0
wav flux_nu
[from data line 499]
28950.056 9.689091211661401e-10
29000.056 7.248261125971001e-10
29050.056 1.033786192722843e-09
29100.056 5.81037431280972e-10
29150.056 9.026450102592131e-10
29200.056 1.1174749227216303e-09
29250.056 1.6289995740658043e-09
29300.056 7.544680244702224e-10
29350.056 2.403942336680763e-09
29400.056 9.436606989840095e-10
29450.056 8.682794833740801e-10
29500.056 1.9058160862655398e-09
29550.056 8.674427089889368e-10
29600.056 1.2421754905356e-09
29650.056 2.685796987357906e-09
29700.056 8.278942061740327e-10
29750.056 2.0058784655282584e-09
29800.056 1.7958144408766784e-09
29850.056 2.38404718066424e-09
29900.056 1.548021846428388e-09
29950.056 1.6834990154329381e-09
30000.056 5.201309524248507e-11
30050.056 2.023277250984624e-10
30100.056 6.353768731473194e-10
30150.056 2.027791381983372e-09
30200.056 1.5114020295460602e-09
30250.056 3.203954498930111e-09
30300.056 3.784125314205708e-09
30350.056 1.3422970242054691e-09
30400.056 3.914830457202188e-09
30450.056 2.3224776280838523e-09
30500.056 2.157667506877254e-09
30550.056 1.7366022440026513e-09
30600.056 5.878281044845506e-09
30650.056 2.838451315190811e-09
30700.056 2.1690775310436154e-09
30750.056 3.776080883820772e-09
30800.056 2.70207502995968e-09
30850.056 3.0067249270667824e-09
30900.056 1.7377040499669861e-09
30950.056 1.7459959181516041e-09
31000.056 1.8400135196915281e-09
31050.056 1.6725199631173533e-09
31100.056 9.822966780811148e-10
31150.056 1.8294756158919606e-09
31200.056 3.478249911582321e-09
31250.056 1.970869278415992e-09
31300.056 1.3809631031920568e-09
31350.056 2.2860577511330836e-09
31400.056 1.5856005463032504e-09
31450.056 1.7520233393156405e-09
31500.056 7.22031483639497e-10
31550.056 1.1612472510515722e-09
31600.056 7.694860080185409e-10
31650.056 7.016142513836979e-10
31700.056 7.227711197039471e-10
31750.056 3.55844069509051e-10
31800.056 7.649306492361899e-10
31850.056 1.7914863638911218e-10
31900.056 4.0000941556856143e-10
31950.056 2.2751423796118285e-10
32000.056 2.3714305743069725e-10
32050.056 3.2080876948221984e-10
32100.056 2.6893032351728126e-10
32150.056 3.353641105989747e-10
32200.056 1.6921139010307903e-10
32250.056 4.4489217506132854e-10
32300.056 1.4648139361245023e-10
32350.056 4.2720013978200884e-10
32400.056 1.0233643411094594e-10
32450.056 3.560915655867241e-10
32500.056 1.3815265086752816e-10
32550.056 2.776045819098937e-10
32600.056 1.8195564203983057e-10
32650.056 6.589199009367838e-10
32700.056 2.6613601858793686e-10
32750.056 1.1047599841224417e-09
32800.056 7.730047113890626e-10
32850.056 1.6340434962578423e-09
32900.056 1.5054303783684874e-09
32950.056 1.6248495275341903e-09
33000.056 7.38514196049844e-10
33050.056 9.681938093684629e-10
33100.056 2.4417090742135214e-10
33150.056 4.4287784262432663e-13
33200.056 7.037634051556159e-12
33250.056 8.125158361823261e-12
33300.056 4.185887925931572e-11
33350.056 1.385586227196321e-10
33400.056 4.1483850736494943e-10
33450.056 3.7284493180953143e-10
33500.056 1.1736903871989816e-09
33550.056 3.254268911388898e-10
33600.056 8.442633757865945e-10
33650.056 7.769059682878999e-10
33700.056 3.5559237630781493e-10
33750.056 1.117745579993512e-09
33800.056 1.712787374049167e-10
33850.056 5.865044358642505e-10
33900.056 6.054056006641459e-10
33950.056 4.722660691969646e-10
34000.056 9.988264495139713e-10
34050.056 1.8952888138749672e-10
34100.056 8.750103189327025e-10
34150.056 4.0443962870315286e-10
34200.056 9.301452546406402e-10
34250.056 6.422163939267888e-10
34300.056 5.777169328246939e-10
34350.056 1.0239455884388825e-09
34400.056 3.827694459644151e-10
34450.056 1.0856313884408027e-09
34500.056 6.373706707040883e-10
34550.056 3.5559234465456567e-10
34600.056 1.5981489682753072e-09
34650.056 3.622708683798181e-10
34700.056 1.1925133650850634e-09
34750.056 8.096050948445846e-10
34800.056 6.546237852314402e-10
34850.056 1.7891777524594629e-09
34900.056 6.578572352577216e-10
34950.056 1.5752021749813024e-09
35000.056 3.0599215711892405e-09
35050.056 1.2546165644790829e-09
35100.056 2.948678720959865e-09
35150.056 2.530504216200608e-09
35200.056 2.047208484048016e-09
35250.056 3.749524311892717e-09
35300.056 1.6414079976666182e-09
35350.056 2.231766909186288e-09
35400.056 2.0683834168076906e-09
35450.056 1.5320569366233522e-09
35500.056 5.082032832295418e-09
35550.056 3.1561979430645655e-09
35600.056 3.293434792769478e-09
35650.056 3.5239264616417622e-09
35700.056 3.4530640806635937e-09
35750.056 5.337189961477583e-09
35800.056 5.255384505330675e-09
35850.056 2.183210781816429e-09
35900.056 3.1613948081732966e-09
35950.056 3.977239969773384e-09
36000.056 4.205979487240637e-09
36050.056 3.1884675957779596e-09
36100.056 2.9848725553400665e-09
36150.056 5.5760229241554635e-09
36200.056 6.298497817267588e-09
36250.056 4.49455018985818e-09
36300.056 8.998423397934618e-09
36350.056 5.780326555033779e-09
36400.056 8.316188244308648e-09
36450.056 8.25149905941037e-09
36500.056 9.417055504084871e-09
36550.056 1.1902407411523123e-08
36600.056 1.3151931253354867e-08
36650.056 1.0292743121808078e-08
36700.056 1.0603372447685823e-08
36750.056 1.3250452982697225e-08
36800.056 1.4994975299827364e-08
36850.056 9.459619774490019e-09
36900.056 1.4176493278945758e-08
36950.056 1.5177406279777627e-08
37000.056 1.1136551307429407e-08
37050.056 1.637013509671366e-08
37100.056 1.2492926661038896e-08
37150.056 1.2442787396127878e-08
37200.056 1.8534292674795322e-08
37250.056 1.2836054187535714e-08
37300.056 1.0281089819778309e-08
37350.056 1.606590594895284e-08
37400.056 2.371948592036667e-08
37450.056 1.1161886379560218e-08
37500.056 1.4264624240637536e-08
37550.056 2.394726666710451e-08
37600.056 3.2480093380567645e-08
37650.056 1.2593035613500157e-08
37700.056 2.3470972321461755e-08
37750.056 1.588191367495387e-08
37800.056 1.6805408830004304e-08
37850.056 9.552441459550825e-09
37900.056 1.2152244133619702e-08
37950.056 2.1340858495377128e-08
38000.056 2.0736953606049232e-08
38050.056 2.6183269243750625e-08
38100.056 3.107472076599483e-08
38150.056 3.263145221631891e-08
38200.056 2.9719430632158312e-08
38250.056 2.9370186604087497e-08
38300.056 4.4208248493186437e-08
38350.056 4.2901893614913e-08
38400.056 2.087673073575929e-08
38450.056 1.3355024854767442e-08
38500.056 8.670583350786441e-09
38550.056 2.272171743940727e-08
38600.056 2.314064330763813e-08
38650.056 2.6956361220014405e-08
38700.056 2.4163720207446757e-08
38750.056 2.4597488525853898e-08
38800.056 2.4687916623205195e-08
38850.056 2.719927663861237e-08
38900.056 3.545028527079955e-08
38950.056 2.2610838615948725e-08
39000.056 3.305625714190203e-08
39050.056 2.3993168237514493e-08
39100.056 3.122103622666275e-08
39150.056 3.8729570186312194e-08
39200.056 2.940501270110064e-08
39250.056 4.311259096805053e-08
39300.056 3.169163984469299e-08
39350.056 5.1012022505099995e-08
39400.056 3.311408774892789e-08
39450.056 4.2446355196321954e-08
39500.056 4.460501814990944e-08
39550.056 2.732108459772931e-08
39600.056 4.3439377818061006e-08
39650.056 5.3864362650592985e-08
39700.056 4.89821028814101e-08
39750.056 2.887937033400792e-08
39800.056 3.4306965691249635e-08
39850.056 6.133850326400553e-08
39900.056 6.49987023646028e-08
39950.056 3.737087364179402e-08
40000.056 5.916099948880364e-08
40050.056 5.8633562521198636e-08
40100.056 2.8910909248829793e-08
40150.056 5.6955825009842904e-08
40200.056 5.992685132698346e-08
40250.056 6.51407602709831e-08
40300.056 6.359181311400653e-08
40350.056 4.618272989562054e-08
40400.056 6.553135347738699e-08
40450.056 3.916722896133676e-08
40500.056 7.173555703259495e-08
40550.056 7.535487707364476e-08
40600.056 6.324798225100416e-08
40650.056 5.2805445289834784e-08
40700.056 9.507077984829322e-08
40750.056 6.359532030398573e-08
40800.056 4.283847411568112e-08
40850.056 1.0350387091502407e-07
40900.056 8.820824104999616e-08
40950.056 7.407360846869239e-08
41000.056 6.549909971523204e-08
41050.056 1.0784325809697593e-07
41100.056 8.884469107079721e-08
41150.056 4.398228615266203e-08
41200.056 1.0549365890800883e-07
41250.056 8.507911161344976e-08
41300.056 8.289856268639597e-08
41350.056 1.0938837202899387e-07
41400.056 9.436397166400503e-08
41450.056 1.1642511076198233e-07
41500.056 7.761516882292815e-08
41550.056 7.247873821115596e-08
41600.056 8.503679963676248e-08
41650.056 1.0208792357700707e-07
41700.056 1.1059444403297378e-07
41750.056 9.425255602298664e-08
41800.056 1.0956821951302683e-07
41850.056 8.734811673318578e-08
41900.056 8.680349818153076e-08
41950.056 9.472596320400695e-08
42000.056 7.111529963186344e-08
42050.056 7.074431130072726e-08
42100.056 9.785291598199497e-08
42150.056 7.96202474265043e-08
42200.056 8.264597822959497e-08
42250.056 7.68608176658063e-08
42300.056 7.255817614659913e-08
42350.056 1.0280447180661031e-07
42400.056 1.1200117528001085e-07
42450.056 9.943257566802723e-08
42500.056 9.815763690499099e-08
42550.056 8.507046117498451e-08
42600.056 9.826075220043502e-08
42650.056 1.4566701971596e-07
42700.056 8.051973203894843e-08
42750.056 9.280507368701407e-08
42800.056 1.2364427932401742e-07
42850.056 1.3457653471996197e-07
42900.056 1.4820582889602534e-07
42950.056 1.0929630088098616e-07
43000.056 1.267722352650101e-07
43050.056 6.7400404010712e-08
43100.056 1.0563557074799227e-07
43150.056 8.770475529900385e-08
43200.056 1.2549730008601043e-07
43250.056 1.727796465570132e-07
43300.056 1.6114641926700238e-07
43350.056 8.429791335697771e-08
43400.056 1.2106811508200484e-07
43450.056 8.463830292300907e-08
43500.056 8.944540524702082e-08
43550.056 9.636463575181113e-08
43600.056 1.434455651360168e-07
43650.056 8.975936741340139e-08
43700.056 1.6819739925602897e-07
43750.056 1.411306700739993e-07
43800.056 1.2889420462598944e-07
43850.056 1.1481118097401294e-07
43900.056 9.986022025298819e-08
43950.056 6.648475420599263e-08
44000.056 6.397704726119819e-08
44050.056 1.477889624360036e-07
44100.056 2.0173801056e-07
44150.056 1.850153339141965e-07
44200.056 1.5792931193200054e-07
44250.056 8.994737759599538e-08
44300.056 7.267102840071258e-08
44350.056 8.355175987638042e-08
44400.056 7.737446206239254e-08
44450.056 1.3321823124800202e-07
44500.056 1.2061503392102288e-07
44550.056 1.7343568141198465e-07
44600.056 1.5371276395660183e-07
44650.056 1.354948862590099e-07
44700.056 8.865651491699385e-08
44750.056 1.3341135590102785e-07
44800.056 9.67025360108104e-08
44850.056 1.388386089230121e-07
44900.056 1.1022096381980239e-07
44950.056 1.2943358984001015e-07
45000.056 1.491879578380125e-07
45050.056 1.3704612936698482e-07
45100.056 1.2724332215500544e-07
45150.056 1.1880121632688273e-07
45200.056 9.108783177400871e-08
45250.056 1.0653930318447411e-07
45300.056 9.357262195451382e-08
45350.056 8.526587732541774e-08
45400.056 1.8834882016602325e-07
45450.056 1.5863161795501448e-07
45500.056 1.889123808578127e-07
45550.056 2.0049269838094943e-07
45600.056 1.8089742754002945e-07
45650.056 1.4528820370380226e-07
45700.056 9.596539560919417e-08
45750.056 8.787081384870382e-08
45800.056 2.072849184740097e-07
45850.056 1.7283091971398916e-07
45900.056 2.046623631339931e-07
45950.056 1.642904996849933e-07
46000.056 1.9435134098052042e-07
46050.056 1.4100731768600722e-07
46100.056 2.2424444572998166e-07
46150.056 1.3056720942300518e-07
46200.056 1.1532452472688576e-07
46250.056 5.144657253947379e-08
46300.056 1.3719712750400286e-07
46350.056 1.435391430950167e-07
46400.056 1.2936634579200384e-07
46450.056 1.1595015417910506e-07
46500.056 1.334764139080298e-07
46550.056 7.463700575600552e-08
46600.056 1.1084185766314338e-07
46650.056 1.7444534166001211e-07
46700.056 1.0850208718197028e-07
46750.056 6.044125458211022e-08
46800.056 4.1903664162271946e-08
46850.056 1.6788344349402518e-07
46900.056 1.647983203449946e-07
46950.056 1.593533868569832e-07
47000.056 1.5267630350602537e-07
47050.056 1.1404451393508576e-07
47100.056 7.821431664010878e-08
47150.056 1.2247931190861752e-07
47200.056 1.4435186674199418e-07
47250.056 8.146009023958926e-08
47300.056 5.4417250939509996e-08
47350.056 1.6767607419200223e-07
47400.056 1.4332690798798694e-07
47450.056 1.2204557666369616e-07
47500.056 1.747853488389842e-07
47550.056 1.4793865078700715e-07
47600.056 1.4456931355798854e-07
47650.056 1.4528132871039323e-07
47700.056 1.119331486243288e-07
47750.056 8.288409282750358e-08
47800.056 7.191863154900928e-08
47850.056 3.875941397783668e-08
47900.056 5.8871728289994904e-08
47950.056 1.2607256620101424e-07
48000.056 1.752277714600103e-07
48050.056 1.467238471513964e-07
48100.056 6.216302511552588e-08
48150.056 1.0946433348400271e-07
48200.056 7.909875809918381e-08
48250.056 9.700637782100221e-08
48300.056 1.6424720798998475e-07
48350.056 9.806417944299328e-08
48400.056 2.9573566204332727e-08
48450.056 6.116104734964455e-08
48500.056 9.689768039397782e-08
48550.056 1.0422896694160973e-07
48600.056 1.2320654705000281e-07
48650.056 1.607232407199918e-07
48700.056 1.059548551924139e-07
48750.056 6.859853136402685e-08
48800.056 1.4162661616600497e-07
48850.056 7.807598524928629e-08
48900.056 1.1052998656578988e-07
48950.056 6.195362344600087e-08
49000.056 3.250271585814048e-08
49050.056 9.852350503738592e-08
49100.056 1.235036733840228e-07
49150.056 9.040638542697465e-08
49200.056 1.4107905925802518e-07
49250.056 1.4202235694501284e-07
49300.056 1.1758318511699722e-07
49350.056 4.9561825153841265e-08
49400.056 7.375273189568139e-08
49450.056 7.300917083391922e-08
49500.056 5.8007969323993615e-08
49550.056 1.4840421670890495e-08
49600.056 4.017075037807106e-08
49650.056 7.988309264799982e-08
49700.056 8.628394300897302e-08
49750.056 9.27340120033969e-08
49800.056 6.130274449409992e-08
49850.056 1.1901712509781878e-07
49900.056 9.636341467419224e-08
49950.056 9.443833017800053e-08
50000.056 7.652032130158244e-08
50050.056 9.433639350400173e-08
50100.056 7.365489552699635e-08
50150.056 3.721248672419299e-08
50200.056 8.111070849391502e-09
50250.056 4.564840095099805e-08
50300.056 3.036136996435463e-08
50350.056 8.761249709501284e-08
50400.056 8.881154591199067e-08
50450.056 6.50633126400025e-08
50500.056 1.0232418162410672e-07
50550.056 8.921712740900579e-08
50600.056 6.556165143398099e-08
50650.056 1.0655357352301824e-07
50700.056 1.079402862299864e-07
50750.056 6.997452128220642e-08
50800.056 2.6986421451545237e-08
50850.056 1.6172948463467575e-08
50900.056 8.41438120990025e-08
50950.056 7.020490279199628e-08
51000.056 6.024325759974452e-08
51050.056 8.167404714998878e-08
51100.056 3.1469897938806664e-08
51150.056 3.872682253736129e-08
51200.056 1.0632103343299525e-07
51250.056 7.213469455378713e-08
51300.056 4.8714724561917145e-08
51350.056 5.0031411374953866e-08
51400.056 1.9177031453923163e-08
51450.056 1.490641976544297e-08
51500.056 1.4224356665175883e-08
51550.056 5.116234730244732e-08
51600.056 4.081447786980903e-08
51650.056 5.113975823499514e-08
51700.056 5.650479521033845e-08
51750.056 3.6368805359381475e-08
51800.056 6.605698250498819e-08
51850.056 5.374710598849724e-08
51900.056 7.362911758699974e-08
51950.056 4.4049680417994995e-08
52000.056 5.215750489478038e-09
52050.056 2.4203406339103455e-08
52100.056 1.4741061941097825e-08
52150.056 8.924729571330092e-09
52200.056 2.3256987444299685e-08
52250.056 3.5783864659408685e-08
52300.056 5.143653884099731e-08
52350.056 1.8482786511031205e-08
52400.056 1.843184970573036e-08
52450.056 5.821808808000489e-08
52500.056 4.7091054873526303e-08
52550.056 5.000505097399614e-08
52600.056 3.675944278009986e-08
52650.056 4.336944956680456e-08
52700.056 3.1604154793698604e-08
52750.056 1.3932983180128724e-08
52800.056 2.384368134150343e-08
52850.056 2.7847548178191612e-08
52900.056 1.429320248042198e-08
52950.056 2.1564626955362543e-08
53000.056 3.6017361234006044e-08
53050.056 1.446400898667567e-08
53100.056 4.215516945399706e-08
53150.056 4.676437566800411e-08
53200.056 1.980077623906864e-08
53250.056 4.179344461450224e-08
53300.056 5.0751747919979066e-08
53350.056 3.943220971950135e-08
53400.056 2.6757538539995407e-08
53450.056 1.0102072370996507e-08
53500.056 2.191443582106147e-09
53550.056 5.619263983030062e-09
