galfind/configs/Brown_Dwarf_templates/sonora_bobcat/m+0.5/562g/sp_t475g562nc_m+0.5_resample.dat
# %ECSV 1.0
# ---
# datatype:
# - {name: wav, unit: Angstrom, datatype: float64}
# - {name: flux_nu, unit: erg / (cm2 Hz s), datatype: float64}
# meta: {C/O: '1.00', Kzz: '1.0000E+05', Teff: '475.', Y: '0.28', '[Fe/H]': '0.50', f_hole: '1.00', f_rain: '0.00', grav: '562.'}
# schema: astropy-2.0
wav flux_nu
[from data line 498]
28900.056 2.4056825678627793e-10
28950.056 3.7962016416044077e-10
29000.056 2.7039825555182185e-10
29050.056 4.059892224209775e-10
29100.056 2.138613006734423e-10
29150.056 3.235715756240973e-10
29200.056 5.055701363244048e-10
29250.056 6.43450189965792e-10
29300.056 3.242272294432391e-10
29350.056 9.532334772855895e-10
29400.056 3.830119992101425e-10
29450.056 2.9710766453240593e-10
29500.056 8.343242329365191e-10
29550.056 3.284761757774437e-10
29600.056 4.601156285125846e-10
29650.056 1.214249202868676e-09
29700.056 3.083418643789643e-10
29750.056 8.5512385091142e-10
29800.056 6.938247422159413e-10
29850.056 1.033377149808969e-09
29900.056 5.771699892072196e-10
29950.056 6.738543238339529e-10
30000.056 1.582468197326811e-11
30050.056 7.798762389912561e-11
30100.056 2.734960398560498e-10
30150.056 9.598149569915135e-10
30200.056 6.657703379808137e-10
30250.056 1.3415970651259826e-09
30300.056 1.708979092664707e-09
30350.056 4.963209733658988e-10
30400.056 1.711998196115639e-09
30450.056 1.067373440094912e-09
30500.056 8.736917294791214e-10
30550.056 6.883332066029907e-10
30600.056 3.209242898601287e-09
30650.056 1.4030310420273582e-09
30700.056 9.930670798236188e-10
30750.056 1.8380035330989185e-09
30800.056 1.3691369135438675e-09
30850.056 1.5578506583714867e-09
30900.056 8.624151275434427e-10
30950.056 8.178216057516326e-10
31000.056 9.124373704925186e-10
31050.056 7.54455848206052e-10
31100.056 4.5431636036789427e-10
31150.056 8.510968144640215e-10
31200.056 1.9422525588849918e-09
31250.056 1.0298927702728602e-09
31300.056 7.045416162882363e-10
31350.056 1.3182184136935574e-09
31400.056 8.950636268388072e-10
31450.056 9.729637186213448e-10
31500.056 3.6878383107322005e-10
31550.056 6.291669474747385e-10
31600.056 4.2601049242948723e-10
31650.056 3.7335396241945316e-10
31700.056 3.671573600130987e-10
31750.056 1.8237306086695892e-10
31800.056 3.853945618771085e-10
31850.056 7.928461672806536e-11
31900.056 1.8587760673464486e-10
31950.056 1.078418087697755e-10
32000.056 9.775017694149936e-11
32050.056 1.4088149414372876e-10
32100.056 1.1645343820106683e-10
32150.056 1.3647899838402727e-10
32200.056 6.67500099621624e-11
32250.056 1.7681372734461502e-10
32300.056 5.3351073893532415e-11
32350.056 1.729072153351518e-10
32400.056 3.279022383050195e-11
32450.056 1.375955901559383e-10
32500.056 4.218226789290254e-11
32550.056 1.0709131046412039e-10
32600.056 5.2479914636511466e-11
32650.056 2.653537762270786e-10
32700.056 8.002217476936817e-11
32750.056 4.915202173610262e-10
32800.056 3.0816377370541867e-10
32850.056 8.093895529469788e-10
32900.056 7.222541061213089e-10
32950.056 7.61753818660065e-10
33000.056 2.8811110503294946e-10
33050.056 3.829966056699163e-10
33100.056 8.617060783408097e-11
33150.056 5.86416754869475e-14
33200.056 2.1995625688375023e-12
33250.056 3.0076239147108138e-12
33300.056 2.1160499235504103e-11
33350.056 7.17356954887388e-11
33400.056 2.4037659686924913e-10
33450.056 1.7487501140914997e-10
33500.056 5.968278068494833e-10
33550.056 1.3670751634552104e-10
33600.056 3.6786915470813703e-10
33650.056 3.355499500810297e-10
33700.056 1.2968278553430443e-10
33750.056 4.857038836553111e-10
33800.056 5.556476921483229e-11
33850.056 2.406522586883668e-10
33900.056 2.601271781207584e-10
33950.056 1.991291248447347e-10
34000.056 4.455101937934117e-10
34050.056 7.277657506223633e-11
34100.056 4.0203544868859244e-10
34150.056 1.6920495496725512e-10
34200.056 4.429958360169328e-10
34250.056 2.8049796549824624e-10
34300.056 2.6765689505136405e-10
34350.056 5.537430510831573e-10
34400.056 1.7245948536312487e-10
34450.056 5.54404451660817e-10
34500.056 2.948224920022929e-10
34550.056 1.8434806747958998e-10
34600.056 8.827660367231898e-10
34650.056 1.5621204788200766e-10
34700.056 6.298679499430445e-10
34750.056 4.0458339758587055e-10
34800.056 3.3230679625583285e-10
34850.056 1.0368620246358152e-09
34900.056 2.8523720777410016e-10
34950.056 8.980123463633147e-10
35000.056 1.6758496676335152e-09
35050.056 7.235671586778014e-10
35100.056 1.7381800696038237e-09
35150.056 1.460984950940673e-09
35200.056 1.134218216807637e-09
35250.056 2.1400455245963012e-09
35300.056 8.598177114682909e-10
35350.056 1.1933101222882086e-09
35400.056 1.0072423039523716e-09
35450.056 8.104587069272412e-10
35500.056 2.7941888172302676e-09
35550.056 1.6239405181341708e-09
35600.056 1.8498260772640153e-09
35650.056 2.027624764361078e-09
35700.056 2.0481335332073236e-09
35750.056 3.0337526872557518e-09
35800.056 2.6983747119851182e-09
35850.056 1.093763337332724e-09
35900.056 1.5463026213128492e-09
35950.056 2.0717002499414173e-09
36000.056 2.2782985429102906e-09
36050.056 1.6473628471655135e-09
36100.056 1.532645625100301e-09
36150.056 3.2815996366959643e-09
36200.056 3.6497373373924637e-09
36250.056 2.4858218794370905e-09
36300.056 5.505998271737802e-09
36350.056 3.2272190012653663e-09
36400.056 5.039569524476633e-09
36450.056 4.7937428042415966e-09
36500.056 5.369348424909319e-09
36550.056 7.443692753434157e-09
36600.056 7.98081158565683e-09
36650.056 5.936483389491709e-09
36700.056 6.2134661570108045e-09
36750.056 7.953872381454426e-09
36800.056 9.310181880117849e-09
36850.056 5.257837211596553e-09
36900.056 8.32358691938242e-09
36950.056 9.258026601508765e-09
37000.056 6.426610891661621e-09
37050.056 1.0225132386212107e-08
37100.056 6.9091228968979084e-09
37150.056 7.284511374667065e-09
37200.056 1.1659736018437204e-08
37250.056 7.454033765290748e-09
37300.056 5.600323448534701e-09
37350.056 9.518959184594363e-09
37400.056 1.4490848694576496e-08
37450.056 6.083580496520621e-09
37500.056 8.388217816184563e-09
37550.056 1.5197297392965424e-08
37600.056 2.1775184105604935e-08
37650.056 7.279361445096956e-09
37700.056 1.4056207054803081e-08
37750.056 9.52395248035047e-09
37800.056 9.808372192180475e-09
37850.056 5.348268569967825e-09
37900.056 6.845320557076182e-09
37950.056 1.3005222322205367e-08
38000.056 1.2136668045451257e-08
38050.056 1.6658327242716624e-08
38100.056 2.021994180338089e-08
38150.056 2.1554229159558818e-08
38200.056 1.834096327213152e-08
38250.056 1.9345917076112898e-08
38300.056 2.9569072176930285e-08
38350.056 2.811322110378872e-08
38400.056 1.2532833156572252e-08
38450.056 6.709614665364632e-09
38500.056 4.415828961114119e-09
38550.056 1.3559857769503844e-08
38600.056 1.4047941331408598e-08
38650.056 1.6638274793934855e-08
38700.056 1.4046695284237056e-08
38750.056 1.4635876654152131e-08
38800.056 1.4897241308826305e-08
38850.056 1.6812089833971465e-08
38900.056 2.1672461135253257e-08
38950.056 1.3233758962271016e-08
39000.056 2.0769312099364888e-08
39050.056 1.372003551593937e-08
39100.056 1.9289312929508722e-08
39150.056 2.5320682551421377e-08
39200.056 1.7842983411321295e-08
39250.056 2.8119098743220765e-08
39300.056 1.9521167818466526e-08
39350.056 3.344667586337924e-08
39400.056 2.0305546463686827e-08
39450.056 2.7649081356483118e-08
39500.056 2.884171151680543e-08
39550.056 1.535697735498195e-08
39600.056 2.7580436118561818e-08
39650.056 3.5238556796396106e-08
39700.056 3.2155549843007025e-08
39750.056 1.7195780949522084e-08
39800.056 2.015466846261973e-08
39850.056 4.0164407229004134e-08
39900.056 4.418872596540204e-08
39950.056 2.191656516839728e-08
40000.056 3.724329352090067e-08
40050.056 3.885199364659894e-08
40100.056 1.6361303662299572e-08
40150.056 3.640487106378204e-08
40200.056 3.862561920140954e-08
40250.056 4.2735601633640064e-08
40300.056 4.213940409200407e-08
40350.056 2.7832103475703385e-08
40400.056 4.064940773968423e-08
40450.056 2.2014184616503316e-08
40500.056 4.651481514459903e-08
40550.056 4.965012427859117e-08
40600.056 4.009826932820175e-08
40650.056 3.283102859106823e-08
40700.056 6.28339268599945e-08
40750.056 4.075156407719011e-08
40800.056 2.5708909622309822e-08
40850.056 6.988296764101622e-08
40900.056 5.834244312679511e-08
40950.056 4.887326171606902e-08
41000.056 4.0869044224913374e-08
41050.056 7.329729502418437e-08
41100.056 6.025411134939845e-08
41150.056 2.662242282576128e-08
41200.056 7.157032086730702e-08
41250.056 5.738296437170232e-08
41300.056 5.765409993560021e-08
41350.056 7.522309424799507e-08
41400.056 6.337829677000151e-08
41450.056 8.266592387898739e-08
41500.056 5.251808400426128e-08
41550.056 4.8246920659347396e-08
41600.056 5.5126987733643406e-08
41650.056 7.020687997920623e-08
41700.056 8.222401942298143e-08
41750.056 6.567949443429096e-08
41800.056 7.310694652001727e-08
41850.056 6.248238325465892e-08
41900.056 5.8418537230060584e-08
41950.056 6.274725965700191e-08
42000.056 4.188155677880231e-08
42050.056 4.545932902797522e-08
42100.056 5.945304524039949e-08
42150.056 5.342948681530152e-08
42200.056 5.719450610019603e-08
42250.056 5.0451211570406834e-08
42300.056 4.691548235125846e-08
42350.056 7.070910893060542e-08
42400.056 7.986020801400716e-08
42450.056 7.248471251001785e-08
42500.056 7.207116995399275e-08
42550.056 6.146021409598864e-08
42600.056 6.987313606472607e-08
42650.056 1.0612140368697258e-07
42700.056 5.345072924755828e-08
42750.056 6.6936734009011e-08
42800.056 9.349456765001214e-08
42850.056 1.0062094239897278e-07
42900.056 1.1021945931441695e-07
42950.056 8.128934757099158e-08
43000.056 9.466315050300593e-08
43050.056 4.783516876640664e-08
43100.056 7.83363527429956e-08
43150.056 6.322179595250297e-08
43200.056 9.421223131500874e-08
43250.056 1.305948383460088e-07
43300.056 1.2035217077200123e-07
43350.056 6.138348721228426e-08
43400.056 9.137079514500499e-08
43450.056 6.087956890520574e-08
43500.056 6.37999598090149e-08
43550.056 6.947251005390761e-08
43600.056 1.0856968724001224e-07
43650.056 6.567646107140009e-08
43700.056 1.2785534108602381e-07
43750.056 1.0897233212599617e-07
43800.056 9.837167508899255e-08
43850.056 8.795079383900974e-08
43900.056 7.146016651069076e-08
43950.056 4.707564953889472e-08
44000.056 4.6053765578398504e-08
44050.056 1.1322280147200277e-07
44100.056 1.5669277871399989e-07
44150.056 1.4114642717979645e-07
44200.056 1.231928101240014e-07
44250.056 6.621006999699487e-08
44300.056 5.238823330840856e-08
44350.056 5.964407946070335e-08
44400.056 5.522108230789481e-08
44450.056 1.0038680103500453e-07
44500.056 8.930591633141537e-08
44550.056 1.3103873091299028e-07
44600.056 1.149137325011005e-07
44650.056 1.0088886889100528e-07
44700.056 6.482933644299456e-08
44750.056 1.0051644472202017e-07
44800.056 6.925710343100712e-08
44850.056 1.0055803355100764e-07
44900.056 8.272256538620082e-08
44950.056 9.766766825500914e-08
45000.056 1.15456589934009e-07
45050.056 1.0391491645398835e-07
45100.056 9.490575679380408e-08
45150.056 8.562036880668753e-08
45200.056 6.492557404310682e-08
45250.056 7.723146909918234e-08
45300.056 6.958369882950998e-08
45350.056 5.912316494101394e-08
45400.056 1.4712080190201854e-07
45450.056 1.2101840073801192e-07
45500.056 1.5093583919701067e-07
45550.056 1.5850478735196103e-07
45600.056 1.3720498153802135e-07
45650.056 1.1003466499770165e-07
45700.056 6.948323115509485e-08
45750.056 6.278694448880355e-08
45800.056 1.6084841466000847e-07
45850.056 1.2916349773089296e-07
45900.056 1.5863970741599254e-07
45950.056 1.2975137316099458e-07
46000.056 1.5061247691201637e-07
46050.056 1.0747665967300791e-07
46100.056 1.7955484857998646e-07
46150.056 9.892510304000327e-08
46200.056 8.508077393308717e-08
46250.056 3.4827523536666254e-08
46300.056 1.0277581471000303e-07
46350.056 1.0838726314541304e-07
46400.056 9.849783766500292e-08
46450.056 8.807235710210108e-08
46500.056 1.0078395914852137e-07
46550.056 5.3022559003903246e-08
46600.056 7.994339367260771e-08
46650.056 1.2834124636500809e-07
46700.056 7.931914011097891e-08
46750.056 4.0609335470407464e-08
46800.056 2.7358263894230388e-08
46850.056 1.2186195038901853e-07
46900.056 1.255873452889958e-07
46950.056 1.2216265483198776e-07
47000.056 1.173910535390182e-07
47050.056 8.383496561537469e-08
47100.056 5.7221542968206014e-08
47150.056 9.4479809171413e-08
47200.056 1.087665270689946e-07
47250.056 5.7272211714991664e-08
47300.056 3.7764419418647865e-08
47350.056 1.2475694547600477e-07
47400.056 1.0977322601698983e-07
47450.056 8.680950683931068e-08
47500.056 1.353072089249903e-07
47550.056 1.132580359190055e-07
47600.056 1.0758341365398963e-07
47650.056 1.1167343610603639e-07
47700.056 8.297766898369961e-08
47750.056 6.027713618120258e-08
47800.056 5.0238287560007216e-08
47850.056 2.5003760872554546e-08
47900.056 3.962618510297763e-08
47950.056 9.427614535100976e-08
48000.056 1.3223901650500332e-07
48050.056 1.0785837996739813e-07
48100.056 4.35219635713642e-08
48150.056 8.038084351400246e-08
48200.056 5.5576492112761624e-08
48250.056 7.064587881800065e-08
48300.056 1.249701154679914e-07
48350.056 7.26241414359928e-08
48400.056 1.877264886858314e-08
48450.056 3.9654895796169535e-08
48500.056 6.681548069698396e-08
48550.056 7.460452872702743e-08
48600.056 9.51411177720013e-08
48650.056 1.2571167401699364e-07
48700.056 7.987886825821218e-08
48750.056 5.226376562501795e-08
48800.056 1.0676735977000458e-07
48850.056 5.592776366049028e-08
48900.056 7.556002708199275e-08
48950.056 4.085915980199976e-08
49000.056 2.130666519535477e-08
49050.056 6.945274317169052e-08
49100.056 9.047893060886679e-08
49150.056 6.615384155289302e-08
49200.056 1.0597078205401834e-07
49250.056 1.0903538848500755e-07
49300.056 8.858594172399774e-08
49350.056 3.447593278455854e-08
49400.056 5.237714168388643e-08
49450.056 5.008217648311259e-08
49500.056 3.952297853868493e-08
49550.056 8.688387224390184e-09
49600.056 2.5127126330582505e-08
49650.056 5.747673800800153e-08
49700.056 6.403755482198079e-08
49750.056 6.526005995489867e-08
49800.056 4.079271342971594e-08
49850.056 8.670086261741274e-08
49900.056 7.171833937959449e-08
49950.056 7.044679612400014e-08
50000.056 5.366924287161705e-08
50050.056 6.662357851880213e-08
50100.056 5.2027631603997105e-08
50150.056 2.4265251930595338e-08
50200.056 4.468755413220054e-09
50250.056 2.8043377745999184e-08
50300.056 1.8457680627113084e-08
50350.056 6.142416598400958e-08
50400.056 6.538460157579272e-08
50450.056 4.7491806958802125e-08
50500.056 7.706188761170418e-08
50550.056 6.698765055400403e-08
50600.056 4.8169071996285426e-08
50650.056 8.031882059701325e-08
50700.056 8.009472908799259e-08
50750.056 4.953040012040344e-08
50800.056 1.7053749191682945e-08
50850.056 9.267246306874495e-09
50900.056 5.687882042300289e-08
50950.056 5.014362727399614e-08
51000.056 4.067451792297374e-08
51050.056 5.9433234658991476e-08
51100.056 2.1450095172356806e-08
51150.056 2.481999397663029e-08
51200.056 7.573410086299727e-08
51250.056 5.29342547557905e-08
51300.056 3.444890316551109e-08
51350.056 3.3971385351745374e-08
51400.056 1.1494851117387171e-08
51450.056 9.01233857993885e-09
51500.056 8.493975216063538e-09
51550.056 3.329759813302553e-08
51600.056 2.8373047206206267e-08
51650.056 3.71136694301976e-08
51700.056 3.973044158059436e-08
51750.056 2.5300821618179903e-08
51800.056 4.806122933899221e-08
51850.056 3.839610027979808e-08
51900.056 4.954393820500006e-08
51950.056 2.7858285390396826e-08
52000.056 2.753029872055894e-09
52050.056 1.474669781180203e-08
52100.056 8.411483663998579e-09
52150.056 4.793664387168342e-09
52200.056 1.5131926733149654e-08
52250.056 2.4275774972505773e-08
52300.056 3.313773222599803e-08
52350.056 1.0351381380853299e-08
52400.056 1.0933340421809989e-08
52450.056 3.9654306263003396e-08
52500.056 3.056908056234153e-08
52550.056 3.4649610718997827e-08
52600.056 2.550250095710013e-08
52650.056 3.0591302651502667e-08
52700.056 2.132933476329896e-08
52750.056 8.37841017883567e-09
52800.056 1.5457970487502483e-08
52850.056 1.8299106635644756e-08
52900.056 7.99079014768987e-09
52950.056 1.3168108942641737e-08
53000.056 2.351690671350368e-08
53050.056 8.91053784476532e-09
53100.056 2.961361065799894e-08
53150.056 3.138865764560223e-08
53200.056 1.3484260671489313e-08
53250.056 2.783607030570093e-08
53300.056 3.3895275727364455e-08
53350.056 2.604228651290116e-08
53400.056 1.701945643819684e-08
53450.056 5.795951375897893e-09
53500.056 1.0226343575865783e-09
53550.056 2.844101386034047e-09
