galfind/configs/Brown_Dwarf_templates/sonora_bobcat/m+0.5/562g/sp_t2100g562nc_m+0.5_resample.dat
# %ECSV 1.0
# ---
# datatype:
# - {name: wav, unit: Angstrom, datatype: float64}
# - {name: flux_nu, unit: erg / (cm2 Hz s), datatype: float64}
# meta: {C/O: '1.00', Kzz: '1.0000E+05', Teff: '2100.', Y: '0.28', '[Fe/H]': '0.50', f_hole: '1.00', f_rain: '0.00', grav: '562.'}
# schema: astropy-2.0
wav flux_nu
[from data line 499]
28950.056 2.389757146449762e-06
29000.056 1.957470583259421e-06
29050.056 2.046084306579884e-06
29100.056 1.6953154896602e-06
29150.056 2.1664391247002262e-06
29200.056 1.9282734125303167e-06
29250.056 2.130436325560028e-06
29300.056 1.8157992116091349e-06
29350.056 2.410324241369684e-06
29400.056 1.9996737953798426e-06
29450.056 2.0004687582899353e-06
29500.056 2.1151014662097583e-06
29550.056 2.037315874730181e-06
29600.056 2.1879064743198475e-06
29650.056 2.1025332648198836e-06
29700.056 1.90012562503983e-06
29750.056 2.343892170980909e-06
29800.056 2.3251065877598545e-06
29850.056 2.208176307519755e-06
29900.056 2.0071086222805623e-06
29950.056 2.400676838609581e-06
30000.056 2.353647211469371e-06
30050.056 2.2077765766599518e-06
30100.056 1.8436253954094971e-06
30150.056 2.72763601438984e-06
30200.056 2.4320851918801847e-06
30250.056 2.3465839360605526e-06
30300.056 2.3231814921097715e-06
30350.056 2.2883935757404064e-06
30400.056 2.7177698580504507e-06
30450.056 2.172215669170248e-06
30500.056 2.086289214060277e-06
30550.056 2.767752924130505e-06
30600.056 2.633245924460309e-06
30650.056 2.659776753160131e-06
30700.056 2.4577716765899036e-06
30750.056 2.398076505640053e-06
30800.056 2.87425098964068e-06
30850.056 2.493255280769959e-06
30900.056 2.4858667741698222e-06
30950.056 2.418811050700278e-06
31000.056 2.819359182219949e-06
31050.056 2.458383887810022e-06
31100.056 2.6360518456599083e-06
31150.056 2.745690561959647e-06
31200.056 2.716328715939707e-06
31250.056 3.035446519840556e-06
31300.056 2.67773942246983e-06
31350.056 2.6853967697199845e-06
31400.056 2.7493337001305167e-06
31450.056 2.784754330620094e-06
31500.056 2.842601787170386e-06
31550.056 2.634746020659951e-06
31600.056 2.785177316209829e-06
31650.056 2.9375587190799255e-06
31700.056 2.9051258548998932e-06
31750.056 2.634084630740115e-06
31800.056 3.000624971400227e-06
31850.056 3.249276546580085e-06
31900.056 3.163023895519746e-06
31950.056 2.5928198980197972e-06
32000.056 2.7655339099506675e-06
32050.056 3.172124425080303e-06
32100.056 3.2014692291696216e-06
32150.056 3.1729673146800224e-06
32200.056 3.0878820111399906e-06
32250.056 2.9096478590401715e-06
32300.056 3.158595687620105e-06
32350.056 3.3713210756004868e-06
32400.056 3.060912815409944e-06
32450.056 2.9718104616002857e-06
32500.056 3.259129537200225e-06
32550.056 3.5673935440000964e-06
32600.056 3.486543677799785e-06
32650.056 3.367831683700901e-06
32700.056 3.244642831900171e-06
32750.056 3.3496347555800525e-06
32800.056 3.0778529410602046e-06
32850.056 3.6271111100197073e-06
32900.056 3.507893663750023e-06
32950.056 3.048030564909851e-06
33000.056 3.3072865740002705e-06
33050.056 3.3918892704795493e-06
33100.056 3.4716285322190983e-06
33150.056 3.4550912639200704e-06
33200.056 3.2166248938406804e-06
33250.056 3.5396587967802383e-06
33300.056 3.79698648444026e-06
33350.056 3.54583130234011e-06
33400.056 3.2133664372596102e-06
33450.056 3.4970558963391105e-06
33500.056 3.600460511600279e-06
33550.056 3.438323685579581e-06
33600.056 3.5387050393406752e-06
33650.056 3.6571714302007835e-06
33700.056 3.7760146240395527e-06
33750.056 3.720488416380134e-06
33800.056 3.5926743747001154e-06
33850.056 3.5205158049002077e-06
33900.056 3.998821069099485e-06
33950.056 3.554859109699582e-06
34000.056 3.588999754189276e-06
34050.056 3.6838813760000413e-06
34100.056 3.839238272840497e-06
34150.056 3.768797792899502e-06
34200.056 3.6045408933995056e-06
34250.056 4.007641319599522e-06
34300.056 3.764558734199674e-06
34350.056 3.825138998499706e-06
34400.056 3.658432232699607e-06
34450.056 3.555705406200117e-06
34500.056 3.832741857500745e-06
34550.056 3.666978319199754e-06
34600.056 3.788841183059977e-06
34650.056 3.858225066400051e-06
34700.056 3.7530623142992745e-06
34750.056 3.992258641200253e-06
34800.056 4.0499925404996e-06
34850.056 3.6779043832200277e-06
34900.056 3.921925735200204e-06
34950.056 3.835182959699286e-06
35000.056 3.709026301899499e-06
35050.056 4.2215451664006185e-06
35100.056 3.940561995099322e-06
35150.056 3.997225039219766e-06
35200.056 4.006440414599776e-06
35250.056 3.648292717000301e-06
35300.056 3.987133151300356e-06
35350.056 4.151149814299742e-06
35400.056 3.8865802351996674e-06
35450.056 3.833411165500333e-06
35500.056 4.1233523445999095e-06
35550.056 3.958151312499831e-06
35600.056 3.810401123899384e-06
35650.056 4.242558310400488e-06
35700.056 3.851701250700344e-06
35750.056 3.9709443167996785e-06
35800.056 4.1127283680996805e-06
35850.056 4.120580328499884e-06
35900.056 4.329989492299565e-06
35950.056 4.128904634099769e-06
36000.056 3.815996089299571e-06
36050.056 4.3085639916003304e-06
36100.056 4.432993068999713e-06
36150.056 3.947074796000466e-06
36200.056 4.3020402634995585e-06
36250.056 4.009268118499349e-06
36300.056 4.560065481100667e-06
36350.056 4.300334259199398e-06
36400.056 4.212521764199953e-06
36450.056 4.547793596499644e-06
36500.056 4.214676630100291e-06
36550.056 4.137734118800596e-06
36600.056 4.16943683700033e-06
36650.056 4.3275686156004134e-06
36700.056 4.594776519200092e-06
36750.056 4.174704955500397e-06
36800.056 4.3279285203996935e-06
36850.056 4.414719098500185e-06
36900.056 4.428155535500612e-06
36950.056 4.41407550490001e-06
37000.056 4.512535751900028e-06
37050.056 4.603985001599829e-06
37100.056 4.434611440300414e-06
37150.056 4.4325347820991804e-06
37200.056 4.5874788000000465e-06
37250.056 4.610843546300218e-06
37300.056 4.657613078800811e-06
37350.056 4.354136179400533e-06
37400.056 4.594399381999749e-06
37450.056 4.531459386700298e-06
37500.056 4.697654840699686e-06
37550.056 4.555425948699242e-06
37600.056 4.789085210699471e-06
37650.056 4.451409314499649e-06
37700.056 4.582837301100096e-06
37750.056 4.783281975399417e-06
37800.056 4.857123368299852e-06
37850.056 4.681724433099801e-06
37900.056 4.760783827800364e-06
37950.056 4.809043051100195e-06
38000.056 4.739381319700579e-06
38050.056 4.7443656304003636e-06
38100.056 4.5847134341002605e-06
38150.056 4.91062881739945e-06
38200.056 4.972726638099417e-06
38250.056 4.634604753100588e-06
38300.056 4.581695756699933e-06
38350.056 4.74974318279993e-06
38400.056 4.840887123299796e-06
38450.056 4.908484513300423e-06
38500.056 4.7530228579997855e-06
38550.056 4.79129408280031e-06
38600.056 5.200982177299781e-06
38650.056 4.591925947600154e-06
38700.056 4.666719345300721e-06
38750.056 4.907775922999944e-06
38800.056 4.821447835100641e-06
38850.056 4.830029171100252e-06
38900.056 4.64671239309992e-06
38950.056 4.907028378399694e-06
39000.056 4.785322590600116e-06
39050.056 4.864322303299919e-06
39100.056 4.597909168899982e-06
39150.056 4.744357711800198e-06
39200.056 4.877191037200161e-06
39250.056 4.85107119539933e-06
39300.056 4.855427758999185e-06
39350.056 4.827444516100464e-06
39400.056 4.735478407600134e-06
39450.056 4.784391687699814e-06
39500.056 4.6852701789997215e-06
39550.056 4.603887304099219e-06
39600.056 4.999315389700179e-06
39650.056 4.522910158300134e-06
39700.056 4.699756181199879e-06
39750.056 4.7264672820995e-06
39800.056 4.45173275180026e-06
39850.056 4.628427811499723e-06
39900.056 4.509619678499793e-06
39950.056 4.722278517199805e-06
40000.056 4.380962725699724e-06
40050.056 4.162694934699932e-06
40100.056 4.4595471200998305e-06
40150.056 4.182745672399244e-06
40200.056 4.378536151099728e-06
40250.056 4.296267698898835e-06
40300.056 4.033259777800284e-06
40350.056 4.266794984200337e-06
40400.056 4.319198046399994e-06
40450.056 4.0004553102006206e-06
40500.056 3.785514634400116e-06
40550.056 4.3489869680996445e-06
40600.056 3.857489559000347e-06
40650.056 4.055433801500743e-06
40700.056 4.261442203000213e-06
40750.056 3.7616257140989195e-06
40800.056 3.7313082875003973e-06
40850.056 3.5348376151008136e-06
40900.056 3.5147495070005198e-06
40950.056 3.756205065499952e-06
41000.056 3.871109871600176e-06
41050.056 3.8077883394992894e-06
41100.056 3.5838403882002613e-06
41150.056 3.855025948200145e-06
41200.056 3.616538978100047e-06
41250.056 3.7004311372002665e-06
41300.056 3.2502413516995984e-06
41350.056 3.7783045989001697e-06
41400.056 3.551735871900099e-06
41450.056 3.4670320562000817e-06
41500.056 3.7218646611001908e-06
41550.056 3.6336463544401196e-06
41600.056 3.6997531033000186e-06
41650.056 3.3403696836004926e-06
41700.056 3.2149865350396595e-06
41750.056 3.3815267811998716e-06
41800.056 3.308097461199595e-06
41850.056 3.035274391100489e-06
41900.056 3.4570513754397137e-06
41950.056 3.000993092100668e-06
42000.056 3.171211842860168e-06
42050.056 2.9118714282291446e-06
42100.056 3.2244675712803264e-06
42150.056 2.5629324558091106e-06
42200.056 2.7557264091501016e-06
42250.056 2.974301543979805e-06
42300.056 2.5031064925200207e-06
42350.056 2.930948669300697e-06
42400.056 2.5624999017005195e-06
42450.056 2.2277171732202406e-06
42500.056 2.3840749646603587e-06
42550.056 2.446563236039969e-06
42600.056 2.405472098510495e-06
42650.056 2.107931513948858e-06
42700.056 2.4648608534608233e-06
42750.056 2.2772975814599277e-06
42800.056 2.2530326217106665e-06
42850.056 2.35823905009973e-06
42900.056 2.3080397312701078e-06
42950.056 2.135762526899048e-06
43000.056 2.1884863109598975e-06
43050.056 2.144032763671059e-06
43100.056 2.28097877870011e-06
43150.056 2.286080751490376e-06
43200.056 2.254275737630175e-06
43250.056 2.186266691849957e-06
43300.056 2.301461274460244e-06
43350.056 2.069993728939853e-06
43400.056 2.139575912799952e-06
43450.056 2.1620737697406503e-06
43500.056 2.0887806170996705e-06
43550.056 2.1767522798000513e-06
43600.056 2.21684279742018e-06
43650.056 1.9794018167602704e-06
43700.056 1.9253513876295176e-06
43750.056 2.0019927904902486e-06
43800.056 1.8658547396302927e-06
43850.056 1.9417088492804566e-06
43900.056 2.0149903947998984e-06
43950.056 1.8955801266803814e-06
44000.056 1.7910944259502989e-06
44050.056 1.8001041448301668e-06
44100.056 1.8629086337903784e-06
44150.056 1.956400515099606e-06
44200.056 1.8210090701199342e-06
44250.056 1.8120346287300209e-06
44300.056 1.77446991683027e-06
44350.056 1.7365035683000915e-06
44400.056 1.804625389109926e-06
44450.056 1.884182092780089e-06
44500.056 1.8928214919701676e-06
44550.056 1.6901047398395857e-06
44600.056 1.749170099830183e-06
44650.056 1.8596382080001455e-06
44700.056 1.7481375249801232e-06
44750.056 1.8123611617997446e-06
44800.056 1.8644466928699463e-06
44850.056 1.8493738166301365e-06
44900.056 1.7538001827102544e-06
44950.056 1.637444165129998e-06
45000.056 1.8076513054999264e-06
45050.056 1.7850998773298003e-06
45100.056 1.8656664241799328e-06
45150.056 1.7600903669399502e-06
45200.056 1.6201692076399753e-06
45250.056 1.686142769739818e-06
45300.056 1.8129463407600844e-06
45350.056 1.8706787310998044e-06
45400.056 1.7727082518202472e-06
45450.056 1.6322171193797513e-06
45500.056 1.6867657841798906e-06
45550.056 1.8773481536698723e-06
45600.056 1.740113437189955e-06
45650.056 1.58697436118967e-06
45700.056 1.8134463812901762e-06
45750.056 1.6867357367399681e-06
45800.056 1.6655430728199575e-06
45850.056 1.949400239459998e-06
45900.056 1.918862138660051e-06
45950.056 1.692144263159972e-06
46000.056 1.9875745889600225e-06
46050.056 1.9999735233304764e-06
46100.056 1.6692534316901343e-06
46150.056 1.7421879104899296e-06
46200.056 1.919069044150435e-06
46250.056 1.6009015976899593e-06
46300.056 2.0574526997699464e-06
46350.056 1.6969857273798242e-06
46400.056 1.8013318314497806e-06
46450.056 1.7998476465503588e-06
46500.056 1.691853339209888e-06
46550.056 1.9919105481999566e-06
46600.056 1.8459917120599634e-06
46650.056 2.282392702919907e-06
46700.056 2.1511228736906214e-06
46750.056 1.7553010989498989e-06
46800.056 1.9268837287103074e-06
46850.056 2.0274892588601317e-06
46900.056 1.927927890459651e-06
46950.056 2.1614055911801095e-06
47000.056 1.89095094042999e-06
47050.056 2.0877154439397523e-06
47100.056 1.7547324736400857e-06
47150.056 1.9442992076603265e-06
47200.056 1.9703925681205535e-06
47250.056 1.8446447257095934e-06
47300.056 1.9515411590795247e-06
47350.056 1.6358561075796867e-06
47400.056 1.9868260904295276e-06
47450.056 1.919045137089853e-06
47500.056 1.932116206279615e-06
47550.056 1.8372021718497338e-06
47600.056 2.048681032559845e-06
47650.056 1.510165260929598e-06
47700.056 2.0626201856800207e-06
47750.056 1.455910814000413e-06
47800.056 2.0185344032998185e-06
47850.056 1.5583638393196482e-06
47900.056 2.067117303540119e-06
47950.056 1.5378980783903432e-06
48000.056 2.250004515300003e-06
48050.056 1.6801810909903126e-06
48100.056 1.8487561550999525e-06
48150.056 1.6695768636402103e-06
48200.056 2.0611307235003443e-06
48250.056 1.6964065890598914e-06
48300.056 2.2072439033997567e-06
48350.056 1.5020740581096991e-06
48400.056 2.016691049619968e-06
48450.056 1.6713128539001071e-06
48500.056 2.217712181820031e-06
48550.056 1.537591382200036e-06
48600.056 2.0847485611998053e-06
48650.056 1.5743487051499838e-06
48700.056 1.998095968810088e-06
48750.056 1.416454120640196e-06
48800.056 2.212120754830144e-06
48850.056 1.557281475609699e-06
48900.056 2.0429509788001425e-06
48950.056 1.820767118020081e-06
49000.056 1.8248218984998853e-06
49050.056 1.910914999209868e-06
49100.056 1.7790635782901652e-06
49150.056 1.8267156768300172e-06
49200.056 1.8081972993899163e-06
49250.056 1.8127501592400368e-06
49300.056 1.629657207829734e-06
49350.056 1.715587691659939e-06
49400.056 2.0237168086201914e-06
49450.056 1.7253820831304119e-06
49500.056 1.791033464720212e-06
49550.056 1.6025457707799366e-06
49600.056 1.714989314430347e-06
49650.056 1.7838545706201623e-06
49700.056 1.531344602479859e-06
49750.056 2.2850498702996625e-06
49800.056 1.7416713876100713e-06
49850.056 2.1507877402600474e-06
49900.056 1.7335495942601114e-06
49950.056 1.820867515569524e-06
50000.056 1.7772030754495646e-06
50050.056 1.8144498724701253e-06
50100.056 1.925885061259868e-06
50150.056 1.6760218845800053e-06
50200.056 1.5563960045301712e-06
50250.056 1.7481488783101505e-06
50300.056 1.6414906789698228e-06
50350.056 1.912140704939963e-06
50400.056 1.724878429419991e-06
50450.056 1.6904339664402233e-06
50500.056 2.1787506579203016e-06
50550.056 1.751270909679881e-06
50600.056 1.890028017270076e-06
50650.056 1.7703533322704239e-06
50700.056 1.9638095100994863e-06
50750.056 1.974996841800252e-06
50800.056 1.512256258169849e-06
50850.056 1.8014849400602652e-06
50900.056 1.8475251857699416e-06
50950.056 1.9036361085903203e-06
51000.056 2.1792835805102177e-06
51050.056 1.685106748990246e-06
51100.056 1.6711838780599061e-06
51150.056 1.9162632306199777e-06
51200.056 1.755104555979913e-06
51250.056 1.9818933536500253e-06
51300.056 1.659752124760481e-06
51350.056 1.8935364872798036e-06
51400.056 1.809446006889524e-06
51450.056 1.3207057645397979e-06
51500.056 1.8449776516800153e-06
51550.056 2.2193065714602064e-06
51600.056 1.488298517569972e-06
51650.056 1.8340547300997123e-06
51700.056 1.662254322289461e-06
51750.056 1.6357632673101e-06
51800.056 1.9268846189397297e-06
51850.056 1.9006910086997871e-06
51900.056 1.998372992500271e-06
51950.056 1.8069311641598088e-06
52000.056 1.5978183066399689e-06
52050.056 1.873655613379843e-06
52100.056 1.7823075158196646e-06
52150.056 1.79647656278019e-06
52200.056 1.723050715600098e-06
52250.056 1.7394429140199625e-06
52300.056 1.8579988588099743e-06
52350.056 2.0446925309802156e-06
52400.056 1.5183562255001326e-06
52450.056 1.7502642896199847e-06
52500.056 1.935335210799546e-06
52550.056 1.7787704161695346e-06
52600.056 1.8589302311601506e-06
52650.056 2.0856520574903337e-06
52700.056 1.77508289676006e-06
52750.056 1.4839028920198504e-06
52800.056 1.6654354613101434e-06
52850.056 1.5733483238798954e-06
52900.056 1.798769798980136e-06
52950.056 1.719477967139732e-06
53000.056 1.936537865509793e-06
53050.056 1.7958652229796763e-06
53100.056 1.6407485287696813e-06
53150.056 1.9977655602603806e-06
53200.056 1.439847745360285e-06
53250.056 1.9920748056999304e-06
53300.056 1.947217822130708e-06
53350.056 1.9530599170997718e-06
53400.056 1.7480378307101323e-06
53450.056 1.6570082038500596e-06
53500.056 1.4533927704097284e-06
53550.056 1.8424975193798705e-06
