galfind/configs/Brown_Dwarf_templates/sonora_bobcat/m+0.5/562g/sp_t200g562nc_m+0.5_resample.dat
# %ECSV 1.0
# ---
# datatype:
# - {name: wav, unit: Angstrom, datatype: float64}
# - {name: flux_nu, unit: erg / (cm2 Hz s), datatype: float64}
# meta: {C/O: '1.00', Kzz: '1.0000E+05', Teff: '200.', Y: '0.28', '[Fe/H]': '0.50', f_hole: '1.00', f_rain: '0.00', grav: '562.'}
# schema: astropy-2.0
wav flux_nu
[from data line 498]
28900.056 5.035691903313632e-16
28950.056 4.892916760851234e-16
29000.056 4.726723626803265e-16
29050.056 1.0500081766218617e-15
29100.056 1.9472151864836196e-17
29150.056 1.0608319094003503e-17
29200.056 3.4322918977224293e-15
29250.056 7.700384271475093e-16
29300.056 5.0489438676409623e-17
29350.056 9.045805772416976e-16
29400.056 1.0573234434019604e-15
29450.056 1.2323122940659894e-16
29500.056 1.490357857223627e-15
29550.056 1.5388162950007825e-15
29600.056 7.26418194433122e-17
29650.056 8.310057523912999e-16
29700.056 1.8067341948320287e-15
29750.056 5.806776577547512e-15
29800.056 2.49035793027044e-16
29850.056 2.7100387176477177e-15
29900.056 5.371147781474508e-16
29950.056 4.4333187406586824e-16
30000.056 1.1243934817593718e-18
30050.056 5.125506793069853e-16
30100.056 1.3844428214445786e-15
30150.056 1.4115160463261111e-15
30200.056 1.508344264891747e-14
30250.056 2.774994025141581e-15
30300.056 2.7744444791328318e-15
30350.056 5.36236202595314e-15
30400.056 1.3985273313810158e-14
30450.056 1.9835862494916704e-14
30500.056 1.182679050778152e-15
30550.056 1.470261165382821e-15
30600.056 1.8925589924050537e-13
30650.056 4.5199948755379524e-14
30700.056 3.8808959867523835e-16
30750.056 1.0643254315010637e-14
30800.056 9.86367374701196e-14
30850.056 9.590441044773541e-14
30900.056 1.828773615309618e-14
30950.056 2.050762726751119e-14
31000.056 1.776858219477702e-14
31050.056 1.087481175990036e-15
31100.056 7.370102653153582e-16
31150.056 1.419978969613099e-14
31200.056 6.220640532579004e-14
31250.056 7.710828677414343e-14
31300.056 2.6353308215987375e-15
31350.056 7.203112572335584e-14
31400.056 9.111995469361219e-14
31450.056 3.9095589705268664e-14
31500.056 7.312142649281678e-15
31550.056 2.7457586097746817e-14
31600.056 2.6810831814168147e-14
31650.056 1.178695851434558e-14
31700.056 7.874957110538465e-15
31750.056 3.7244108652742806e-15
31800.056 4.683371260546669e-15
31850.056 2.7401086925810327e-16
31900.056 9.87737190405878e-16
31950.056 3.61295035516406e-16
32000.056 2.384199636108231e-16
32050.056 9.929870692192006e-17
32100.056 7.857938474485048e-17
32150.056 2.735052191519238e-17
32200.056 7.13761618215112e-18
32250.056 1.7421624004564038e-17
32300.056 1.8812245080041957e-18
32350.056 5.3370180030236775e-18
32400.056 2.895039659947672e-19
32450.056 2.6792561306589712e-18
32500.056 1.9134217782378592e-19
32550.056 1.2623587587218122e-18
32600.056 6.413624537290156e-20
32650.056 1.6347952035147144e-18
32700.056 8.534731738252815e-20
32750.056 4.110613397130798e-18
32800.056 8.434928956901149e-19
32850.056 2.4181354586581113e-17
32900.056 7.561438659850797e-18
32950.056 2.884114175675003e-17
33000.056 7.107308406550459e-18
33050.056 2.609924597212985e-18
33100.056 4.47498873970642e-19
33150.056 2.9466312955589186e-21
33200.056 5.352644589408721e-19
33250.056 6.997509875405336e-19
33300.056 2.1578215074893162e-17
33350.056 3.9804509328601575e-18
33400.056 4.2038828578842454e-17
33450.056 1.1675783560707106e-18
33500.056 1.9963056803382637e-17
33550.056 2.7271553593724406e-18
33600.056 1.1597057131814348e-17
33650.056 2.049477140272739e-17
33700.056 1.9415620846669647e-18
33750.056 2.943752011600504e-17
33800.056 1.1822165170433398e-18
33850.056 1.654011511207065e-17
33900.056 2.0672256528865608e-17
33950.056 3.375196341474999e-17
34000.056 1.3209580340162138e-16
34050.056 1.758237175167741e-17
34100.056 2.0379040519116856e-16
34150.056 8.058777332474466e-17
34200.056 6.102095571153021e-16
34250.056 8.798264459994276e-17
34300.056 1.9938344519685266e-16
34350.056 4.880954158090707e-15
34400.056 1.9891212373856396e-16
34450.056 1.2813920305757704e-15
34500.056 1.9769948982387813e-16
34550.056 3.841318126804411e-15
34600.056 3.287463145686171e-14
34650.056 1.2790128652208486e-16
34700.056 8.615912517817812e-15
34750.056 1.2019510456366052e-15
34800.056 9.130735820564265e-16
34850.056 3.635539239479181e-15
34900.056 9.305141752625201e-16
34950.056 9.539497404007317e-15
35000.056 5.396188917435385e-15
35050.056 3.5702167024827803e-14
35100.056 2.0431595932193115e-14
35150.056 6.267098355833815e-14
35200.056 1.1212842885667144e-13
35250.056 1.5750242378047006e-13
35300.056 5.366228272388436e-15
35350.056 3.5164326659633255e-16
35400.056 2.2310521449783557e-16
35450.056 3.4045603636971757e-16
35500.056 4.37760382557861e-15
35550.056 5.584827025578762e-15
35600.056 1.7532650911506232e-14
35650.056 2.8323339842731e-14
35700.056 5.742858332395247e-14
35750.056 1.322322025340257e-14
35800.056 3.3951672056266265e-15
35850.056 2.2488869422400123e-15
35900.056 5.7811411512660725e-15
35950.056 3.778006303313134e-14
36000.056 5.559463339936967e-14
36050.056 4.476588550816958e-14
36100.056 2.932226910596928e-14
36150.056 8.400543770329894e-13
36200.056 1.295962101437612e-13
36250.056 4.5063252522783746e-14
36300.056 3.7412154583617304e-13
36350.056 3.5074105218052784e-13
36400.056 2.3271759386278865e-13
36450.056 1.672354010934793e-13
36500.056 1.0128037531803672e-13
36550.056 1.2227851378918347e-12
36600.056 1.2394362238378858e-12
36650.056 2.574822025616056e-13
36700.056 1.0229735260887642e-12
36750.056 2.258226025685852e-12
36800.056 2.444373844572323e-12
36850.056 3.5636519047632825e-13
36900.056 2.714731183706626e-13
36950.056 3.256651331393595e-12
37000.056 2.43750508843269e-12
37050.056 3.773142980903152e-12
37100.056 1.322151248643985e-13
37150.056 4.1840583100088005e-13
37200.056 6.42849566445215e-12
37250.056 2.986900070706263e-12
37300.056 3.294439864012117e-13
37350.056 3.1017967163041183e-13
37400.056 8.53291997539373e-13
37450.056 3.417841018102506e-13
37500.056 5.218858162486407e-13
37550.056 4.382311166650608e-12
37600.056 1.497212178560818e-11
37650.056 4.0141017853836337e-13
37700.056 1.8408447598988595e-12
37750.056 2.1037242710925166e-12
37800.056 1.3316725648129234e-12
37850.056 1.0968532386201045e-12
37900.056 4.813053036715227e-13
37950.056 9.491715092567393e-13
38000.056 4.897987760034518e-13
38050.056 4.650547699176817e-12
38100.056 7.43575848118601e-12
38150.056 1.3908717572791046e-11
38200.056 5.954598179624746e-12
38250.056 1.5466414703550515e-11
38300.056 5.051621454940182e-11
38350.056 5.577718856909135e-12
38400.056 3.4950047361949447e-13
38450.056 4.826350423228961e-14
38500.056 3.5686588692915856e-13
38550.056 5.396998616920477e-12
38600.056 1.3766951177199048e-11
38650.056 4.337426417015209e-12
38700.056 6.065276788553697e-13
38750.056 4.597946771435895e-12
38800.056 3.514689635394739e-12
38850.056 5.534831048273579e-12
38900.056 7.511653299119077e-12
38950.056 3.0799670115276655e-12
39000.056 1.9615647470003475e-11
39050.056 5.417238862604252e-13
39100.056 2.4165439529418153e-12
39150.056 1.2756739704974407e-11
39200.056 9.93865215239626e-12
39250.056 1.0841545776616892e-11
39300.056 5.2860532180563954e-12
39350.056 3.577222486170065e-11
39400.056 6.1675221473028815e-12
39450.056 2.4427436326475705e-11
39500.056 3.205016683974471e-11
39550.056 3.4368120228110746e-12
39600.056 2.1261858498023784e-11
39650.056 6.043367670000117e-11
39700.056 6.005681695660178e-11
39750.056 6.2774287999461835e-12
39800.056 2.6145206874290124e-12
39850.056 3.4485130458306134e-11
39900.056 1.0225655856600248e-10
39950.056 1.1036418880983172e-11
40000.056 2.9952884371444234e-11
40050.056 4.9400215747343285e-11
40100.056 4.086052665336816e-12
40150.056 3.173672027970634e-11
40200.056 4.5356407235292106e-11
40250.056 7.135451230458751e-11
40300.056 9.069993572170533e-11
40350.056 1.741726592376489e-11
40400.056 1.4271498907890232e-11
40450.056 4.086429926396945e-12
40500.056 7.6140191839733e-11
40550.056 7.350560236018067e-11
40600.056 1.372523937759939e-10
40650.056 4.3847062538312844e-11
40700.056 4.1208807725371496e-11
40750.056 3.482133210071662e-11
40800.056 1.7401181865540502e-11
40850.056 2.1305174167902966e-10
40900.056 2.0796932362396843e-10
40950.056 8.943766511306705e-11
41000.056 3.304876387156452e-11
41050.056 2.1678198478596857e-10
41100.056 1.8892752729088175e-10
41150.056 1.274282029376127e-11
41200.056 2.763696241154071e-10
41250.056 2.2761196188375288e-10
41300.056 1.499542076446512e-10
41350.056 5.844489082300236e-10
41400.056 3.588942260299601e-10
41450.056 3.9920766200998895e-10
41500.056 1.1129802434327247e-10
41550.056 9.244384372682111e-11
41600.056 1.1922223581588728e-10
41650.056 4.751650641057864e-10
41700.056 9.043684007199567e-10
41750.056 5.896496761100242e-10
41800.056 6.521199219799739e-10
41850.056 2.9982110365285067e-10
41900.056 1.6233860582944786e-10
41950.056 8.855211803820675e-11
42000.056 1.7465590030337837e-12
42050.056 1.5213087925491594e-11
42100.056 5.4254497189698743e-11
42150.056 1.0570528469739862e-10
42200.056 2.753456315320233e-10
42250.056 2.0370294373403623e-10
42300.056 1.3522643069198234e-10
42350.056 5.50111211055025e-10
42400.056 1.0526751042400778e-09
42450.056 1.6749438460000672e-09
42500.056 1.830180242899989e-09
42550.056 1.4308323795999301e-09
42600.056 6.950816871401185e-10
42650.056 9.746305633538617e-10
42700.056 1.887063068282308e-10
42750.056 1.341870925660167e-09
42800.056 2.811616874100093e-09
42850.056 2.8244390809998714e-09
42900.056 2.338459064400025e-09
42950.056 1.7172284861501107e-09
43000.056 1.964254844579953e-09
43050.056 6.696411383528156e-10
43100.056 9.884811848200995e-10
43150.056 1.6259757810400973e-09
43200.056 2.947085023600095e-09
43250.056 3.1877503052000246e-09
43300.056 2.8512454957998852e-09
43350.056 1.8239387033999067e-09
43400.056 1.8901501930999486e-09
43450.056 6.230503646659567e-10
43500.056 3.8166628610522283e-10
43550.056 1.1272210230701033e-09
43600.056 2.634405901299939e-09
43650.056 1.4351379396699673e-09
43700.056 2.7078755895904446e-09
43750.056 3.7016404765998548e-09
43800.056 2.2715906859399233e-09
43850.056 1.5864517344300786e-09
43900.056 7.982198356900693e-10
43950.056 8.673881067600558e-10
44000.056 1.3011780288999827e-09
44050.056 3.1611000407003035e-09
44100.056 4.364473658200013e-09
44150.056 3.5861675938998977e-09
44200.056 3.3802425964999365e-09
44250.056 1.8285529405999203e-09
44300.056 1.0541381731099885e-09
44350.056 7.533896191939893e-10
44400.056 8.421293432800537e-10
44450.056 2.42321937030027e-09
44500.056 2.295036729899931e-09
44550.056 3.015997195700054e-09
44600.056 2.1065625776999843e-09
44650.056 2.4202529546000088e-09
44700.056 1.947379080299807e-09
44750.056 2.712021269300075e-09
44800.056 1.4233215009299591e-09
44850.056 1.8075340595500871e-09
44900.056 2.2968803226000084e-09
44950.056 3.250074462100247e-09
45000.056 4.058442670099956e-09
45050.056 2.9855086599997405e-09
45100.056 2.653684421800165e-09
45150.056 2.173484251299899e-09
45200.056 1.3699697798699767e-09
45250.056 1.68736427853991e-09
45300.056 1.5003895743500158e-09
45350.056 8.867624999401311e-10
45400.056 3.5143976058000873e-09
45450.056 2.4260821573602178e-09
45500.056 3.935466146200222e-09
45550.056 3.917334323599591e-09
45600.056 3.387813201900146e-09
45650.056 3.1903914801997734e-09
45700.056 1.4720309883198187e-09
45750.056 1.2743075981101473e-09
45800.056 3.137623824999952e-09
45850.056 2.0363536057702012e-09
45900.056 4.17221876020005e-09
45950.056 4.682248696899803e-09
46000.056 3.891461180700035e-09
46050.056 2.456202357900253e-09
46100.056 4.2652261214998615e-09
46150.056 2.6278151034999577e-09
46200.056 1.5924971674797687e-09
46250.056 5.087491255600129e-10
46300.056 1.921248037280169e-09
46350.056 2.0981277221999905e-09
46400.056 2.310234185300079e-09
46450.056 1.3261822583499205e-09
46500.056 2.2951821758000683e-09
46550.056 1.1601494330998218e-09
46600.056 8.54287514319971e-10
46650.056 1.9052286426500855e-09
46700.056 1.4135497930498638e-09
46750.056 4.610353644100133e-10
46800.056 2.8934426475998624e-10
46850.056 1.2691023147702292e-09
46900.056 2.4655554896000614e-09
46950.056 2.9004639010999953e-09
47000.056 3.1362016848000224e-09
47050.056 1.4284951940797433e-09
47100.056 1.4629308872200164e-09
47150.056 1.786909149180129e-09
47200.056 2.0098197143999058e-09
47250.056 7.109010190598423e-10
47300.056 5.47056576180142e-10
47350.056 1.8688569827001407e-09
47400.056 2.4540952292999803e-09
47450.056 1.1341133136299431e-09
47500.056 2.171771857620258e-09
47550.056 2.5289326386999476e-09
47600.056 1.1733140841998771e-09
47650.056 1.4896940865399307e-09
47700.056 1.2837869303401103e-09
47750.056 1.1754871379199804e-09
47800.056 6.202869858199458e-10
47850.056 2.483089968980293e-10
47900.056 4.3539138681001526e-10
47950.056 1.2805435455401218e-09
48000.056 1.5349921351298533e-09
48050.056 1.1641877546100496e-09
48100.056 7.24828649599979e-10
48150.056 1.2356293330600274e-09
48200.056 5.413740576399124e-10
48250.056 9.200326069100606e-10
48300.056 1.2098984000999658e-09
48350.056 6.785801051199216e-10
48400.056 1.936364048799691e-10
48450.056 2.814291289030524e-10
48500.056 4.884958178299584e-10
48550.056 5.746050778701185e-10
48600.056 1.4343985602000544e-09
48650.056 1.7698345397000042e-09
48700.056 1.547029150800037e-09
48750.056 1.5798042775999862e-09
48800.056 1.4522553594999595e-09
48850.056 6.494050033999274e-10
48900.056 4.434480133199502e-10
48950.056 2.8496317012999415e-10
49000.056 2.3375793865303486e-10
49050.056 5.82632601329967e-10
49100.056 8.754139993101113e-10
49150.056 9.065307854899953e-10
49200.056 1.4367574278000642e-09
49250.056 1.399291559999957e-09
49300.056 9.528495349499156e-10
49350.056 4.3948652343006044e-10
49400.056 5.585375411599212e-10
49450.056 4.5144146953006177e-10
49500.056 3.4684591296995567e-10
49550.056 1.3222281738399495e-10
49600.056 1.9498658225602664e-10
49650.056 5.168990339000465e-10
49700.056 7.432112385600079e-10
49750.056 4.807375322999707e-10
49800.056 3.5218126280001867e-10
49850.056 7.888736733000519e-10
49900.056 9.867185721699987e-10
49950.056 8.798462645499729e-10
50000.056 4.324772115899356e-10
50050.056 4.185395641900567e-10
50100.056 4.4480014582998096e-10
50150.056 2.167429337599736e-10
50200.056 8.329964645200885e-11
50250.056 2.1735175333000275e-10
50300.056 1.8484887487601989e-10
50350.056 4.968380484000321e-10
50400.056 6.944131739500113e-10
50450.056 7.901977111400075e-10
50500.056 8.558632816300074e-10
50550.056 9.186079736699773e-10
50600.056 5.618109034899814e-10
50650.056 8.450269900000061e-10
50700.056 7.025161605199702e-10
50750.056 4.627398047999756e-10
50800.056 1.857117810069664e-10
50850.056 1.254978907320253e-10
50900.056 3.846487364500307e-10
50950.056 4.6424077434997364e-10
51000.056 3.3809384386004413e-10
51050.056 6.037599458699783e-10
51100.056 3.685322012699838e-10
51150.056 2.435915338740329e-10
51200.056 5.786841086400237e-10
51250.056 5.539907395299866e-10
51300.056 4.2786343027998517e-10
51350.056 2.5429566999996157e-10
51400.056 1.3278888671601447e-10
51450.056 1.217641240509796e-10
51500.056 1.2977939648302292e-10
51550.056 2.9713394203001363e-10
51600.056 4.1866284204001797e-10
51650.056 5.342033466100106e-10
51700.056 4.340244823699365e-10
51750.056 3.905566470400485e-10
51800.056 5.622709447499995e-10
51850.056 4.89706768439988e-10
51900.056 3.928430202299847e-10
51950.056 2.4622033350997247e-10
52000.056 8.642162411799184e-11
52050.056 1.5933013899599918e-10
52100.056 1.1615353923399615e-10
52150.056 8.552612123201622e-11
52200.056 2.1411695358001374e-10
52250.056 2.945748912800105e-10
52300.056 2.8680285525998766e-10
52350.056 1.3052214842699793e-10
52400.056 1.540064628950046e-10
52450.056 3.254994952800222e-10
52500.056 2.471638301199912e-10
52550.056 4.0820446416999584e-10
52600.056 4.358062185400189e-10
52650.056 4.5679859504998695e-10
52700.056 3.2923295921997785e-10
52750.056 1.2998566387898597e-10
52800.056 2.1721353528001896e-10
52850.056 2.4245174933998614e-10
52900.056 1.124249546669794e-10
52950.056 1.587733358760186e-10
53000.056 2.6043102175000496e-10
53050.056 1.7911429372999755e-10
53100.056 3.182562178400125e-10
53150.056 1.3954217095497543e-10
53200.056 9.188675753298593e-11
53250.056 1.375487099260106e-10
53300.056 2.0278160772000641e-10
53350.056 1.983900654779985e-10
53400.056 1.8638049654999397e-10
53450.056 1.124114150939884e-10
