galfind/configs/Brown_Dwarf_templates/sonora_bobcat/m+0.5/562g/sp_t450g562nc_m+0.5_resample.dat
# %ECSV 1.0
# ---
# datatype:
# - {name: wav, unit: Angstrom, datatype: float64}
# - {name: flux_nu, unit: erg / (cm2 Hz s), datatype: float64}
# meta: {C/O: '1.00', Kzz: '1.0000E+05', Teff: '450.', Y: '0.28', '[Fe/H]': '0.50', f_hole: '1.00', f_rain: '0.00', grav: '562.'}
# schema: astropy-2.0
wav flux_nu
[from data line 500]
29000.056 1.5516022234593073e-10
29050.056 2.400676360464283e-10
29100.056 1.212584176598241e-10
29150.056 1.8126173990911798e-10
29200.056 3.273072265759572e-10
29250.056 3.8111017634650507e-10
29300.056 2.0117751255527221e-10
29350.056 5.711602877819839e-10
29400.056 2.3114760599833967e-10
29450.056 1.611374935917904e-10
29500.056 5.265764418989456e-10
29550.056 1.911505909740103e-10
29600.056 2.6171590526422683e-10
29650.056 7.802352457615342e-10
29700.056 1.7562537415272434e-10
29750.056 5.339692257212885e-10
29800.056 4.0555716324881416e-10
29850.056 6.516785443789507e-10
29900.056 3.3406684384096303e-10
29950.056 4.03474302845944e-10
30000.056 8.233516223727333e-12
30050.056 4.5987438842108426e-11
30100.056 1.7246206990678547e-10
30150.056 6.386022000570326e-10
30200.056 4.2258512900569003e-10
30250.056 8.249454782068254e-10
30300.056 1.0934623743298127e-09
30350.056 2.8117094411435694e-10
30400.056 1.0823796027491962e-09
30450.056 6.973356953728536e-10
30500.056 5.174187331298336e-10
30550.056 4.0533827800765863e-10
30600.056 2.308615221420116e-09
30650.056 9.501984572675754e-10
30700.056 6.350380735398697e-10
30750.056 1.2206793349857121e-09
30800.056 9.44088921525438e-10
30850.056 1.0765167859169104e-09
30900.056 5.812523856776396e-10
30950.056 5.27655750605971e-10
31000.056 6.104772210457351e-10
31050.056 4.72064027672284e-10
31100.056 2.9212805535990776e-10
31150.056 5.454694563386047e-10
31200.056 1.3906654077722475e-09
31250.056 7.054469395735884e-10
31300.056 4.717558366535875e-10
31350.056 9.61634401254124e-10
31400.056 6.43559490559569e-10
31450.056 6.910398866918433e-10
31500.056 2.4974635818824167e-10
31550.056 4.3996503549560117e-10
31600.056 3.025655883252236e-10
31650.056 2.5895901542673613e-10
31700.056 2.4610558446817484e-10
31750.056 1.236724888463455e-10
31800.056 2.57108333820076e-10
31850.056 5.0051239689266665e-11
31900.056 1.1879891185801986e-10
31950.056 6.983472937128779e-11
32000.056 5.847225854948029e-11
32050.056 8.651576656292634e-11
32100.056 7.130576035843202e-11
32150.056 7.983068256934683e-11
32200.056 3.868351209609764e-11
32250.056 1.0132206797364498e-10
32300.056 2.9419845919814955e-11
32350.056 1.0028278074985219e-10
32400.056 1.6679833885224356e-11
32450.056 7.718127188482472e-11
32500.056 2.060911573254039e-11
32550.056 6.038642168975495e-11
32600.056 2.453898871438958e-11
32650.056 1.5252915809337926e-10
32700.056 3.832045665963131e-11
32750.056 2.994070849835465e-10
32800.056 1.757740176632857e-10
32850.056 5.267103041854127e-10
32900.056 4.628454757152523e-10
32950.056 4.806789191904283e-10
33000.056 1.6481258807863863e-10
33050.056 2.1563092571753058e-10
33100.056 4.5687240251021556e-11
33150.056 1.8307001820170867e-14
33200.056 1.1789734746940661e-12
33250.056 1.748982550946354e-12
33300.056 1.4535930548444622e-11
33350.056 4.8542112138640924e-11
33400.056 1.7113638080496566e-10
33450.056 1.0868109676483348e-10
33500.056 3.888093113423056e-10
33550.056 8.103883511355479e-11
33600.056 2.2091068784717538e-10
33650.056 2.0222045444704918e-10
33700.056 7.060028559675248e-11
33750.056 2.920803648675564e-10
33800.056 2.8776703923239675e-11
33850.056 1.4164180659348072e-10
33900.056 1.5593992340878547e-10
33950.056 1.1997378998869697e-10
34000.056 2.7435851979082933e-10
34050.056 4.2253086659151234e-11
34100.056 2.534883072894292e-10
34150.056 1.0135653208665517e-10
34200.056 2.8451159912592954e-10
34250.056 1.7039346099692495e-10
34300.056 1.695675687542283e-10
34350.056 3.834953617307046e-10
34400.056 1.0802670568929111e-10
34450.056 3.7167546729665215e-10
34500.056 1.8665047557931263e-10
34550.056 1.2802463010528746e-10
34600.056 6.242612072775454e-10
34650.056 9.575902457533075e-11
34700.056 4.3212479394267676e-10
34750.056 2.6980931304078795e-10
34800.056 2.229592982637642e-10
34850.056 7.454420688144661e-10
34900.056 1.7349524063816257e-10
34950.056 6.462170857659355e-10
35000.056 1.1689911751667878e-09
35050.056 5.269189616070684e-10
35100.056 1.269149193119738e-09
35150.056 1.0593624525141525e-09
35200.056 8.018988358709656e-10
35250.056 1.5433199561300626e-09
35300.056 5.871253774062088e-10
35350.056 8.15956107491212e-10
35400.056 6.551658183645955e-10
35450.056 5.515550082880242e-10
35500.056 1.9469893151917534e-09
35550.056 1.0916146553446385e-09
35600.056 1.316670685810509e-09
35650.056 1.4918469581903607e-09
35700.056 1.5124313693607941e-09
35750.056 2.1697559938524133e-09
35800.056 1.809221836572497e-09
35850.056 7.267364799371857e-10
35900.056 1.01192634042372e-09
35950.056 1.4128203638494713e-09
36000.056 1.588111317871174e-09
36050.056 1.118647995895304e-09
36100.056 1.040410925075105e-09
36150.056 2.4258455521501146e-09
36200.056 2.6587105155240348e-09
36250.056 1.7609751961733212e-09
36300.056 4.156432186280898e-09
36350.056 2.3079723463366327e-09
36400.056 3.770146001510854e-09
36450.056 3.4979053081846942e-09
36500.056 3.864845340440706e-09
36550.056 5.693990773471554e-09
36600.056 5.998739316109653e-09
36650.056 4.31673936107383e-09
36700.056 4.597106661773505e-09
36750.056 5.959382027013368e-09
36800.056 7.1114268410611235e-09
36850.056 3.7512988652865146e-09
36900.056 6.100004615897375e-09
36950.056 7.023843228059144e-09
37000.056 4.715745913550193e-09
37050.056 7.846880521186197e-09
37100.056 4.891916249566655e-09
37150.056 5.3728706088340545e-09
37200.056 9.001859414857984e-09
37250.056 5.512078664649102e-09
37300.056 3.950468209361839e-09
37350.056 7.031954512920677e-09
37400.056 1.0949931244471208e-08
37450.056 4.301914358302133e-09
37500.056 6.203778926321825e-09
37550.056 1.1778170377292318e-08
37600.056 1.7458074492287704e-08
37650.056 5.3432170032062314e-09
37700.056 1.052110009982085e-08
37750.056 7.1634724503996046e-09
37800.056 7.23632831824491e-09
37850.056 3.8499952207602554e-09
37900.056 4.9348920628634935e-09
37950.056 9.801328723911037e-09
38000.056 8.98511261657368e-09
38050.056 1.2946652886065043e-08
38100.056 1.5881440241216004e-08
38150.056 1.7189289987398822e-08
38200.056 1.401287405023612e-08
38250.056 1.543284287112522e-08
38300.056 2.377167616321198e-08
38350.056 2.216390237177878e-08
38400.056 9.348816366273664e-09
38450.056 4.508799920722682e-09
38500.056 3.010684900947731e-09
38550.056 1.01623036723228e-08
38600.056 1.0675083610207902e-08
38650.056 1.269404590819075e-08
38700.056 1.0329025083697368e-08
38750.056 1.1002715143721486e-08
38800.056 1.1207909172460058e-08
38850.056 1.288234257116119e-08
38900.056 1.6473760399733637e-08
38950.056 9.813691704154594e-09
39000.056 1.6076824549146087e-08
39050.056 9.961751527577125e-09
39100.056 1.4724450915809785e-08
39150.056 1.999739776032102e-08
39200.056 1.352736644629438e-08
39250.056 2.219609231737068e-08
39300.056 1.486199435891769e-08
39350.056 2.647275451657913e-08
39400.056 1.546724918312306e-08
39450.056 2.1820102698762664e-08
39500.056 2.2625464593403875e-08
39550.056 1.113780986952967e-08
39600.056 2.1485856323547797e-08
39650.056 2.7817595391497246e-08
39700.056 2.5540065828003856e-08
39750.056 1.2866706662146944e-08
39800.056 1.494962215240476e-08
39850.056 3.174114162190349e-08
39900.056 3.5683189954901706e-08
39950.056 1.6293352542438403e-08
40000.056 2.8804897454039954e-08
40050.056 3.095048324439906e-08
40100.056 1.192372765399795e-08
40150.056 2.8354654283641496e-08
40200.056 3.031777456631201e-08
40250.056 3.384390804214251e-08
40300.056 3.358248763370211e-08
40350.056 2.102566847370455e-08
40400.056 3.111410869111998e-08
40450.056 1.5916166878627013e-08
40500.056 3.654606242120016e-08
40550.056 3.925566195452603e-08
40600.056 3.126849730720101e-08
40650.056 2.5241174751738184e-08
40700.056 4.9693410435695244e-08
40750.056 3.185808959749201e-08
40800.056 1.9369547270892795e-08
40850.056 5.6013353784212884e-08
40900.056 4.650799545519517e-08
40950.056 3.881781930215506e-08
41000.056 3.148411112772429e-08
41050.056 5.9102330519387204e-08
41100.056 4.857494853959885e-08
41150.056 2.0074699423752415e-08
41200.056 5.759568804160695e-08
41250.056 4.610103166415347e-08
41300.056 4.70838150073815e-08
41350.056 6.131057976299596e-08
41400.056 5.082680611380034e-08
41450.056 6.825814309598992e-08
41500.056 4.219978504575265e-08
41550.056 3.847505009628378e-08
41600.056 4.335981440762705e-08
41650.056 5.712215703580558e-08
41700.056 6.986749054398473e-08
41750.056 5.3921868538392864e-08
41800.056 5.875639142401312e-08
41850.056 5.1922674451220595e-08
41900.056 4.689438329950724e-08
41950.056 4.967205430540044e-08
42000.056 3.0818425860764144e-08
42050.056 3.5445992341929846e-08
42100.056 4.487583839158041e-08
42150.056 4.282795406870053e-08
42200.056 4.672552638539678e-08
42250.056 4.011861518920659e-08
42300.056 3.687042768827827e-08
42350.056 5.763989793890382e-08
42400.056 6.636719014400582e-08
42450.056 6.12405823260139e-08
42500.056 6.119966793199373e-08
42550.056 5.18309587179907e-08
42600.056 5.7962387708721864e-08
42650.056 8.88781085939781e-08
42700.056 4.265233958760259e-08
42750.056 5.623287402400955e-08
42800.056 8.039308916300857e-08
42850.056 8.598265248697762e-08
42900.056 9.359657959701345e-08
42950.056 6.9203393057993e-08
43000.056 8.08060635150048e-08
43050.056 3.976899898850471e-08
43100.056 6.663875317399414e-08
43150.056 5.319356053700576e-08
43200.056 8.067936867700768e-08
43250.056 1.1204093207200709e-07
43300.056 1.0260086720200097e-07
43350.056 5.1882632710286986e-08
43400.056 7.849023607400477e-08
43450.056 5.106513615380445e-08
43500.056 5.300234586331199e-08
43550.056 5.814540298800614e-08
43600.056 9.344296336401016e-08
43650.056 5.548737502909958e-08
43700.056 1.0975587430602128e-07
43750.056 9.484311148899538e-08
43800.056 8.489250749299381e-08
43850.056 7.607570745600851e-08
43900.056 5.961437605479221e-08
43950.056 3.9172313301995614e-08
44000.056 3.8677474145398614e-08
44050.056 9.794011566200255e-08
44100.056 1.3595321801000025e-07
44150.056 1.213951935945962e-07
44200.056 1.0749398627800173e-07
44250.056 5.6250679942994884e-08
44300.056 4.39011068524069e-08
44350.056 4.969700645533047e-08
44400.056 4.602987503309585e-08
44450.056 8.591085118300506e-08
44500.056 7.585824307641228e-08
44550.056 1.122452270169926e-07
44600.056 9.712640085390021e-08
44650.056 8.589825393800358e-08
44700.056 5.4845303622994393e-08
44750.056 8.619461096551684e-08
44800.056 5.784031532260576e-08
44850.056 8.424306976200457e-08
44900.056 7.090000798760024e-08
44950.056 8.373234313400843e-08
45000.056 1.0035055038600357e-07
45050.056 8.933394764899006e-08
45100.056 8.10028015876035e-08
45150.056 7.177489363068964e-08
45200.056 5.4004059697405954e-08
45250.056 6.478068892998559e-08
45300.056 5.9318133008908366e-08
45350.056 4.8477181766011836e-08
45400.056 1.279869446860159e-07
45450.056 1.0390256997101047e-07
45500.056 1.321183848862095e-07
45550.056 1.3848531453596673e-07
45600.056 1.171983112120176e-07
45650.056 9.418702904010098e-08
45700.056 5.8357781178495404e-08
45750.056 5.2408325525603296e-08
45800.056 1.385104948290065e-07
45850.056 1.0943619393219504e-07
45900.056 1.3714987715999297e-07
45950.056 1.1368325422599662e-07
46000.056 1.3020789330451412e-07
46050.056 9.255143051560806e-08
46100.056 1.5748834438998857e-07
46150.056 8.491364155000231e-08
46200.056 7.182405555978848e-08
46250.056 2.8162123457447168e-08
46300.056 8.763369972940294e-08
46350.056 9.23570076162114e-08
46400.056 8.493211497000257e-08
46450.056 7.574354448805966e-08
46500.056 8.647560814881774e-08
46550.056 4.408937949870219e-08
46600.056 6.658822788668971e-08
46650.056 1.082312223911064e-07
46700.056 6.683914757798262e-08
46750.056 3.2627556534606165e-08
46800.056 2.1596215875959105e-08
46850.056 1.0185035220501564e-07
46900.056 1.0800467689799615e-07
46950.056 1.054808678099899e-07
47000.056 1.0165530524401501e-07
47050.056 7.083680990001726e-08
47100.056 4.8376603315504857e-08
47150.056 8.186852894881171e-08
47200.056 9.303674636199493e-08
47250.056 4.71589508581927e-08
47300.056 3.094476804295687e-08
47350.056 1.0574250959600542e-07
47400.056 9.497325100099122e-08
47450.056 7.188809148720822e-08
47500.056 1.1718384091599314e-07
47550.056 9.77207971870046e-08
47600.056 9.09383859229904e-08
47650.056 9.593328737699742e-08
47700.056 7.043574678701583e-08
47750.056 5.068493995210206e-08
47800.056 4.121240110700618e-08
47850.056 1.9610320824523683e-08
47900.056 3.1866538563958555e-08
47950.056 8.020743004400499e-08
48000.056 1.1289019272200086e-07
48050.056 9.058915452259869e-08
48100.056 3.582051328408348e-08
48150.056 6.793736747300232e-08
48200.056 4.5751981743778065e-08
48250.056 5.9471864943000134e-08
48300.056 1.0701325191199396e-07
48350.056 6.128293321899306e-08
48400.056 1.45530668890591e-08
48450.056 3.112499872969157e-08
48500.056 5.433246167398668e-08
48550.056 6.191831664780652e-08
48600.056 8.265152964500058e-08
48650.056 1.0951852439899458e-07
48700.056 6.843969969321104e-08
48750.056 4.527231000601424e-08
48800.056 9.135675797700422e-08
48850.056 4.653167664509203e-08
48900.056 6.095829580809403e-08
48950.056 3.225872977099948e-08
49000.056 1.6814008427612682e-08
49050.056 5.704570567659235e-08
49100.056 7.601993892020412e-08
49150.056 5.569247686934241e-08
49200.056 9.063362327901526e-08
49250.056 9.417475077000545e-08
49300.056 7.578470144699788e-08
49350.056 2.8229902016397423e-08
49400.056 4.3357504277488686e-08
49450.056 4.057174661165994e-08
49500.056 3.1857146559225544e-08
49550.056 6.409537026910113e-09
49600.056 1.925348024343752e-08
49650.056 4.7844447777002045e-08
49700.056 5.430219811998419e-08
49750.056 5.351432959459918e-08
49800.056 3.244834440203924e-08
49850.056 7.259466172281032e-08
49900.056 6.112992062539551e-08
49950.056 6.000710987100002e-08
50000.056 4.3871256551659236e-08
50050.056 5.4760264855602194e-08
50100.056 4.2827595423997514e-08
50150.056 1.8994797476976313e-08
50200.056 3.1971277049615106e-09
50250.056 2.1189931520999488e-08
50300.056 1.3935358606828466e-08
50350.056 5.039081541880812e-08
50400.056 5.5261907108393717e-08
50450.056 3.999652795080199e-08
50500.056 6.589792207230322e-08
50550.056 5.748224381600336e-08
50600.056 4.0725521897587314e-08
50650.056 6.881164671201115e-08
50700.056 6.788685473199468e-08
50750.056 4.080650692000234e-08
50800.056 1.3127669108487656e-08
50850.056 6.756851675293338e-09
50900.056 4.556600365000289e-08
50950.056 4.1598260802996356e-08
51000.056 3.267819927618549e-08
51050.056 4.97672203965928e-08
51100.056 1.726750334456813e-08
51150.056 1.927323372238768e-08
51200.056 6.283833742599802e-08
51250.056 4.4553661298092114e-08
51300.056 2.8392293021208594e-08
51350.056 2.726352728212408e-08
51400.056 8.510091280378704e-09
51450.056 6.739540684771616e-09
51500.056 6.334068986402646e-09
51550.056 2.6099493139724652e-08
51600.056 2.318317662504506e-08
51650.056 3.114475268859845e-08
51700.056 3.265709428804838e-08
51750.056 2.063481328442915e-08
51800.056 4.0400569913993864e-08
51850.056 3.194063230919826e-08
51900.056 3.964868627800029e-08
51950.056 2.1417171045597495e-08
52000.056 1.9392213963132112e-09
52050.056 1.1066057194701478e-08
52100.056 6.090228524688894e-09
52150.056 3.381104967277029e-09
52200.056 1.178551317366969e-08
52250.056 1.9486700939804556e-08
52300.056 2.582219306219836e-08
52350.056 7.431417017955388e-09
52400.056 8.060263920197938e-09
52450.056 3.179887523200309e-08
52500.056 2.3888173537353633e-08
52550.056 2.8262804275998384e-08
52600.056 2.0903660300520296e-08
52650.056 2.5256044095001917e-08
52700.056 1.7107487924899143e-08
52750.056 6.282724432340074e-09
52800.056 1.2050824948302043e-08
52850.056 1.4387880369995982e-08
52900.056 5.740280229490406e-09
52950.056 9.900235073681387e-09
53000.056 1.853728512310279e-08
53050.056 6.765422560657991e-09
53100.056 2.4283448268299546e-08
53150.056 2.522787382060157e-08
53200.056 1.0845778572609501e-08
53250.056 2.2152792121100502e-08
53300.056 2.696923078165858e-08
53350.056 2.065032628280098e-08
53400.056 1.318714387819747e-08
53450.056 4.233305948558438e-09
53500.056 6.963938404937165e-10
53550.056 1.9572273485030288e-09
53600.056 1.011982952239983e-08
53650.056 1.175082773401834e-08
