galfind/configs/Brown_Dwarf_templates/sonora_bobcat/m+0.5/562g/sp_t1300g562nc_m+0.5_resample.dat
# %ECSV 1.0
# ---
# datatype:
# - {name: wav, unit: Angstrom, datatype: float64}
# - {name: flux_nu, unit: erg / (cm2 Hz s), datatype: float64}
# meta: {C/O: '1.00', Kzz: '1.0000E+05', Teff: '1300.', Y: '0.28', '[Fe/H]': '0.50', f_hole: '1.00', f_rain: '0.00', grav: '562.'}
# schema: astropy-2.0
wav flux_nu
[from data line 498]
28900.056 2.730175983549921e-07
28950.056 4.283764000299995e-07
29000.056 3.563167723659218e-07
29050.056 3.799969257099718e-07
29100.056 3.013789372620605e-07
29150.056 4.240700750140845e-07
29200.056 3.4974132812904526e-07
29250.056 4.2448854247300084e-07
29300.056 3.2139274418086694e-07
29350.056 5.216881050538935e-07
29400.056 3.847144640929315e-07
29450.056 4.0683963941498253e-07
29500.056 4.166192360039482e-07
29550.056 4.05002467164006e-07
29600.056 4.496788167188614e-07
29650.056 4.215452740989525e-07
29700.056 3.7465279943388953e-07
29750.056 4.562909331131438e-07
29800.056 4.773342819769283e-07
29850.056 4.591656428659337e-07
29900.056 4.323513087961858e-07
29950.056 4.876650156389074e-07
30000.056 4.794984358819383e-07
30050.056 4.416986216099715e-07
30100.056 4.010495182018719e-07
30150.056 5.384982799899745e-07
30200.056 4.527063111210057e-07
30250.056 5.042151267750975e-07
30300.056 4.5258045185997893e-07
30350.056 4.34274945252031e-07
30400.056 4.972221919460224e-07
30450.056 4.0304551254106635e-07
30500.056 3.486272395200405e-07
30550.056 3.850500042920425e-07
30600.056 4.012188039480048e-07
30650.056 3.734660808269413e-07
30700.056 3.5446754389997855e-07
30750.056 3.3640124305397503e-07
30800.056 3.2066378602306247e-07
30850.056 2.843602110729317e-07
30900.056 2.9460615453794987e-07
30950.056 2.571134310030515e-07
31000.056 2.447258510060024e-07
31050.056 2.647706771000133e-07
31100.056 2.1695192983998304e-07
31150.056 2.3207823925598626e-07
31200.056 2.482476492330233e-07
31250.056 2.0323625314797591e-07
31300.056 2.0513665252797898e-07
31350.056 1.92075731620003e-07
31400.056 1.7441071778201768e-07
31450.056 1.7542868631997612e-07
31500.056 1.6320538232096354e-07
31550.056 1.6910747366399689e-07
31600.056 1.514609896419931e-07
31650.056 1.443624918810008e-07
31700.056 1.461159309589801e-07
31750.056 1.3347273522104242e-07
31800.056 1.5280034208697397e-07
31850.056 1.371992111760175e-07
31900.056 1.5383966930999997e-07
31950.056 1.2167071582301454e-07
32000.056 1.4045862081997705e-07
32050.056 1.4575556714100768e-07
32100.056 1.4693959645801775e-07
32150.056 1.5196606184198207e-07
32200.056 1.3804726823399662e-07
32250.056 1.6613916253201455e-07
32300.056 1.3855052107899426e-07
32350.056 1.733267493279846e-07
32400.056 1.386321955519946e-07
32450.056 1.720778997169409e-07
32500.056 1.7025620429802543e-07
32550.056 1.6727640427999106e-07
32600.056 1.7511763099199647e-07
32650.056 2.1327334805197982e-07
32700.056 2.0054408173602714e-07
32750.056 2.1306742000100683e-07
32800.056 2.072310483560164e-07
32850.056 2.168833991429667e-07
32900.056 2.3778373894399e-07
32950.056 2.3462423307097972e-07
33000.056 2.1409341008294958e-07
33050.056 1.9364703411804728e-07
33100.056 1.531300259639911e-07
33150.056 1.0630291093600659e-07
33200.056 8.358373100398244e-08
33250.056 6.373358784298351e-08
33300.056 6.193079868800996e-08
33350.056 7.417268716000086e-08
33400.056 8.656458915398612e-08
33450.056 9.977523816599789e-08
33500.056 1.2257996237902003e-07
33550.056 1.3215709298502647e-07
33600.056 1.5917301226998962e-07
33650.056 1.7568815347300427e-07
33700.056 1.6718577829997914e-07
33750.056 2.0608317373600246e-07
33800.056 2.0100287450398975e-07
33850.056 2.204601242369781e-07
33900.056 1.9668119188399277e-07
33950.056 1.9484157189298848e-07
34000.056 2.1717956559501696e-07
34050.056 1.8126989994595923e-07
34100.056 2.2021783374397016e-07
34150.056 2.0151361354598115e-07
34200.056 1.818099473069492e-07
34250.056 2.0082211642293617e-07
34300.056 1.8079813353090806e-07
34350.056 1.668921054769959e-07
34400.056 1.6562353515099996e-07
34450.056 1.9320741802098177e-07
34500.056 1.885746959039937e-07
34550.056 1.786735091409972e-07
34600.056 2.1099326143700008e-07
34650.056 1.9575347250197836e-07
34700.056 1.93632963117984e-07
34750.056 2.0656735604397945e-07
34800.056 1.956213264269704e-07
34850.056 1.8958871722101818e-07
34900.056 2.160753978969727e-07
34950.056 2.056691425579634e-07
35000.056 2.5046242065003444e-07
35050.056 2.0136449542597424e-07
35100.056 2.2114981831999896e-07
35150.056 2.284906614390014e-07
35200.056 2.3562546506301095e-07
35250.056 2.588420400579644e-07
35300.056 2.3638935100003366e-07
35350.056 2.2581818324995396e-07
35400.056 2.4329005877005285e-07
35450.056 1.9626580165607055e-07
35500.056 2.716626647100242e-07
35550.056 2.7235165499397224e-07
35600.056 2.5125608945405925e-07
35650.056 2.7717842279000136e-07
35700.056 2.549974005919957e-07
35750.056 2.79641246591956e-07
35800.056 3.4976548304001687e-07
35850.056 2.738386612799836e-07
35900.056 3.3288936113998217e-07
35950.056 3.196000488039848e-07
36000.056 3.245648123200403e-07
36050.056 3.3096813595998015e-07
36100.056 3.417367363398112e-07
36150.056 3.4650864583400093e-07
36200.056 3.816936284699688e-07
36250.056 3.6533857402994365e-07
36300.056 3.939376625700207e-07
36350.056 3.882759546299619e-07
36400.056 3.930616156700045e-07
36450.056 4.379251011100021e-07
36500.056 4.4029309889596164e-07
36550.056 4.684996482401325e-07
36600.056 4.938007065600249e-07
36650.056 4.938762639998999e-07
36700.056 5.370258726299707e-07
36750.056 5.52394867020107e-07
36800.056 5.683187009799726e-07
36850.056 5.794755620999208e-07
36900.056 5.707370087100007e-07
36950.056 6.513154329099405e-07
37000.056 6.533048671899715e-07
37050.056 6.49665379529975e-07
37100.056 7.01999465270021e-07
37150.056 6.615267497600555e-07
37200.056 7.26333211240022e-07
37250.056 7.423533269899147e-07
37300.056 6.922899837198621e-07
37350.056 6.896769143401344e-07
37400.056 8.457084712799626e-07
37450.056 7.685492108100874e-07
37500.056 7.804580254498981e-07
37550.056 8.611923563101257e-07
37600.056 9.152138897000156e-07
37650.056 8.196595282000093e-07
37700.056 9.618738644800836e-07
37750.056 8.786359108200441e-07
37800.056 9.236844489702866e-07
37850.056 8.444993430499964e-07
37900.056 8.829228536902275e-07
37950.056 8.963423814299183e-07
38000.056 1.0284924177300453e-06
38050.056 1.0112683394101156e-06
38100.056 9.468201675901395e-07
38150.056 1.1009425613499754e-06
38200.056 1.1152472162400973e-06
38250.056 1.0218143333000823e-06
38300.056 1.1231102452299158e-06
38350.056 1.1746040795300281e-06
38400.056 1.0653939777898316e-06
38450.056 1.1930963016599844e-06
38500.056 1.0511394426501824e-06
38550.056 1.2002140531900767e-06
38600.056 1.2758107379999203e-06
38650.056 1.1877912735899566e-06
38700.056 1.2421552686400902e-06
38750.056 1.2876962736200157e-06
38800.056 1.2166056904698176e-06
38850.056 1.1994074238900288e-06
38900.056 1.2332653664100208e-06
38950.056 1.31172392722996e-06
39000.056 1.2911522238100219e-06
39050.056 1.329856195129872e-06
39100.056 1.229404093110184e-06
39150.056 1.3175910297100182e-06
39200.056 1.3516376335599904e-06
39250.056 1.3770355867897602e-06
39300.056 1.305357350569719e-06
39350.056 1.39869250435013e-06
39400.056 1.3728673482600801e-06
39450.056 1.378936942149938e-06
39500.056 1.2950093106599649e-06
39550.056 1.3440403783400258e-06
39600.056 1.4551220981597366e-06
39650.056 1.360342839560005e-06
39700.056 1.3730186632399715e-06
39750.056 1.3129680175000115e-06
39800.056 1.3104201363798828e-06
39850.056 1.411846029959936e-06
39900.056 1.3800025150200904e-06
39950.056 1.4313162945598009e-06
40000.056 1.3409361270500717e-06
40050.056 1.3566341540100372e-06
40100.056 1.435656177250005e-06
40150.056 1.3684175675198861e-06
40200.056 1.40015301844981e-06
40250.056 1.2795545964696716e-06
40300.056 1.2819791959400994e-06
40350.056 1.3887360283701186e-06
40400.056 1.3873327504500435e-06
40450.056 1.386082904590109e-06
40500.056 1.270120334080178e-06
40550.056 1.4469896273598857e-06
40600.056 1.2183215196301473e-06
40650.056 1.3070489300498862e-06
40700.056 1.4539339377700107e-06
40750.056 1.2477247692196141e-06
40800.056 1.1752360647198481e-06
40850.056 1.2435625601302334e-06
40900.056 1.233015693450026e-06
40950.056 1.2476943977199548e-06
41000.056 1.2680596425200036e-06
41050.056 1.2960793214698467e-06
41100.056 1.1831300389499393e-06
41150.056 1.1860336970299357e-06
41200.056 1.2278227463599967e-06
41250.056 1.2169230890400396e-06
41300.056 1.0554428599797592e-06
41350.056 1.2787921532500695e-06
41400.056 1.1775744171601807e-06
41450.056 1.2006269529302263e-06
41500.056 1.1687078010799628e-06
41550.056 1.1536083405500395e-06
41600.056 1.1885372008900584e-06
41650.056 1.144054245650149e-06
41700.056 1.0547461816598272e-06
41750.056 1.02432379608991e-06
41800.056 1.0321685180499351e-06
41850.056 8.39140787380072e-07
41900.056 9.63295375959974e-07
41950.056 8.277224629002178e-07
42000.056 8.0243741602812e-07
42050.056 7.230485388398749e-07
42100.056 8.205254187700749e-07
42150.056 6.262003295487977e-07
42200.056 6.535206690670223e-07
42250.056 6.701629813400068e-07
42300.056 5.64487903320043e-07
42350.056 6.701680215701593e-07
42400.056 5.702772234001216e-07
42450.056 5.437961863600513e-07
42500.056 5.679661081320267e-07
42550.056 5.635815794499875e-07
42600.056 5.484326015301222e-07
42650.056 4.911649953898614e-07
42700.056 5.466666332771747e-07
42750.056 5.192152193599378e-07
42800.056 4.943025599271913e-07
42850.056 5.465133737998276e-07
42900.056 5.334994982250189e-07
42950.056 5.263582032697728e-07
43000.056 5.24143585060005e-07
43050.056 4.938188940601976e-07
43100.056 5.486024689000905e-07
43150.056 5.317103414500929e-07
43200.056 5.646050109550809e-07
43250.056 5.260061990278305e-07
43300.056 5.524684772500338e-07
43350.056 5.254944472499764e-07
43400.056 5.368145416300161e-07
43450.056 5.29633428110106e-07
43500.056 5.156090418699628e-07
43550.056 5.554569125800459e-07
43600.056 5.484174499700242e-07
43650.056 5.160665054700652e-07
43700.056 5.34604391509791e-07
43750.056 5.299447474801403e-07
43800.056 4.977961295200618e-07
43850.056 5.230877917800918e-07
43900.056 5.36582737929947e-07
43950.056 5.032416413101052e-07
44000.056 5.02254611550081e-07
44050.056 5.306082498500572e-07
44100.056 5.407077904700605e-07
44150.056 5.41207755539874e-07
44200.056 5.271376071099617e-07
44250.056 5.318806917000197e-07
44300.056 5.230333790300524e-07
44350.056 5.089865324000255e-07
44400.056 5.397267102499784e-07
44450.056 5.486603247599925e-07
44500.056 5.642638175400246e-07
44550.056 5.39531691889922e-07
44600.056 5.392030325950487e-07
44650.056 5.623855839400682e-07
44700.056 5.282805882300102e-07
44750.056 5.600354800199618e-07
44800.056 5.709639718299881e-07
44850.056 5.53941404820086e-07
44900.056 5.256142865900477e-07
44950.056 5.218918229820214e-07
45000.056 5.520907761699739e-07
45050.056 5.554910677799758e-07
45100.056 5.751267744799921e-07
45150.056 5.380143704099821e-07
45200.056 5.04447077240031e-07
45250.056 5.224383737399407e-07
45300.056 5.490638255200225e-07
45350.056 5.619704252099589e-07
45400.056 5.451317805300487e-07
45450.056 5.111110770359214e-07
45500.056 5.338370451699711e-07
45550.056 5.70621214799962e-07
45600.056 5.354795742400014e-07
45650.056 4.914635883199142e-07
45700.056 5.665355847100516e-07
45750.056 5.117648109380115e-07
45800.056 5.183921480599811e-07
45850.056 6.004323193999713e-07
45900.056 5.902377561100297e-07
45950.056 5.159234257000067e-07
46000.056 5.896084463960224e-07
46050.056 5.837702524650938e-07
46100.056 5.141763216200357e-07
46150.056 5.587741123799763e-07
46200.056 5.74911676904104e-07
46250.056 4.959315956899859e-07
46300.056 6.118066903599895e-07
46350.056 5.434659633099642e-07
46400.056 5.579035638899713e-07
46450.056 5.851385708300451e-07
46500.056 5.237302610999863e-07
46550.056 6.308688528799825e-07
46600.056 5.96534428030023e-07
46650.056 7.413948971998752e-07
46700.056 6.860047748902085e-07
46750.056 5.529365817099913e-07
46800.056 5.826498394400554e-07
46850.056 6.521514656000793e-07
46900.056 6.182476269899113e-07
46950.056 6.771796152800021e-07
47000.056 5.674845637600005e-07
47050.056 6.81022732559891e-07
47100.056 5.232192186000542e-07
47150.056 5.740960368400421e-07
47200.056 6.296582284620767e-07
47250.056 5.578421896899775e-07
47300.056 5.596133649499131e-07
47350.056 5.368992119899378e-07
47400.056 6.341731341799202e-07
47450.056 5.424761781999881e-07
47500.056 6.429448626299344e-07
47550.056 5.538645149869659e-07
47600.056 6.286029282099564e-07
47650.056 4.868367407039094e-07
47700.056 6.405598274600757e-07
47750.056 4.6316978138006716e-07
47800.056 6.271737072699534e-07
47850.056 4.865571764999409e-07
47900.056 6.044749331800055e-07
47950.056 4.956359210100438e-07
48000.056 6.842775110000126e-07
48050.056 5.518955808100492e-07
48100.056 5.934639436999983e-07
48150.056 5.477145023700691e-07
48200.056 6.269142366800495e-07
48250.056 5.336583068900214e-07
48300.056 6.764831252598668e-07
48350.056 4.97470009749994e-07
48400.056 5.841249897699787e-07
48450.056 5.267951197100411e-07
48500.056 6.908904231100021e-07
48550.056 5.006040085099985e-07
48600.056 6.402094521499689e-07
48650.056 5.305956177299722e-07
48700.056 6.373044291600416e-07
48750.056 4.718369049400492e-07
48800.056 7.031205530700166e-07
48850.056 5.071954872598995e-07
48900.056 6.697248368300433e-07
48950.056 5.992466847500198e-07
49000.056 5.434287764439128e-07
49050.056 6.41644084079993e-07
49100.056 5.753085965800428e-07
49150.056 6.172202871299745e-07
49200.056 5.789979360199916e-07
49250.056 6.282396598300287e-07
49300.056 5.432486344499712e-07
49350.056 5.63233205000019e-07
49400.056 6.491382495500061e-07
49450.056 5.774148398601342e-07
49500.056 5.878256923199842e-07
49550.056 5.067900160699996e-07
49600.056 5.786968121301018e-07
49650.056 6.000686566299775e-07
49700.056 5.350681210199214e-07
49750.056 7.449057417499041e-07
49800.056 5.70569872160018e-07
49850.056 7.348884898500773e-07
49900.056 5.876234569800187e-07
49950.056 6.275542743699163e-07
50000.056 6.186690434299005e-07
50050.056 6.265178174900263e-07
50100.056 6.588637148999683e-07
50150.056 5.372897974700048e-07
50200.056 4.852855716000324e-07
50250.056 6.389120319099871e-07
50300.056 5.810574695999848e-07
50350.056 7.101336280299986e-07
50400.056 5.997496809799602e-07
50450.056 5.855316279900905e-07
50500.056 7.164181088000845e-07
50550.056 6.138464913200078e-07
50600.056 6.477850147899533e-07
50650.056 6.405858582000961e-07
50700.056 7.024729956798651e-07
50750.056 7.169112114400907e-07
50800.056 5.158455190099257e-07
50850.056 5.981370977501027e-07
50900.056 7.056542460899732e-07
50950.056 6.6030812322014e-07
51000.056 7.707720638700782e-07
51050.056 5.981965467500374e-07
51100.056 5.456719778299445e-07
51150.056 6.486741588299519e-07
51200.056 6.886275447599815e-07
51250.056 6.729006851999555e-07
51300.056 5.656905296801935e-07
51350.056 6.217957087699378e-07
51400.056 5.37504643929929e-07
51450.056 4.4535216308991065e-07
51500.056 5.552833339800713e-07
51550.056 7.652823210800741e-07
51600.056 5.501488730600558e-07
51650.056 6.196232320399254e-07
51700.056 6.120829221998487e-07
51750.056 5.465849792900325e-07
51800.056 6.839970050798227e-07
51850.056 6.656651993699437e-07
51900.056 7.453927829301229e-07
51950.056 6.702608937599486e-07
52000.056 5.051724565999749e-07
52050.056 6.256162672899774e-07
52100.056 5.568656598099345e-07
52150.056 5.577968818000187e-07
52200.056 5.292868624599832e-07
52250.056 5.89018052520014e-07
52300.056 7.116923389799725e-07
52350.056 6.871182877400422e-07
52400.056 5.060101154700716e-07
52450.056 6.246929907600175e-07
52500.056 6.851670784898945e-07
52550.056 6.746643290698484e-07
52600.056 6.25390586140086e-07
52650.056 6.804394209801257e-07
52700.056 6.000519438900085e-07
52750.056 5.045605512499709e-07
52800.056 5.669264310900457e-07
52850.056 5.553489351999107e-07
52900.056 5.9290911525002e-07
52950.056 5.965458042699606e-07
53000.056 6.862899406499788e-07
53050.056 5.424765533398616e-07
53100.056 5.557410087799013e-07
53150.056 7.386910016000546e-07
53200.056 4.817959216400191e-07
53250.056 7.05454610700015e-07
53300.056 6.866193982702775e-07
53350.056 6.806824281599336e-07
53400.056 6.696141769200502e-07
53450.056 5.431637113300295e-07
53500.056 4.456529596699126e-07
53550.056 5.703575694199234e-07
53600.056 6.401321945601039e-07
53650.056 5.304082446800155e-07
