galfind/configs/Brown_Dwarf_templates/sonora_bobcat/m+0.5/562g/sp_t500g562nc_m+0.5_resample.dat
# %ECSV 1.0
# ---
# datatype:
# - {name: wav, unit: Angstrom, datatype: float64}
# - {name: flux_nu, unit: erg / (cm2 Hz s), datatype: float64}
# meta: {C/O: '1.00', Kzz: '1.0000E+05', Teff: '500.', Y: '0.28', '[Fe/H]': '0.50', f_hole: '1.00', f_rain: '0.00', grav: '562.'}
# schema: astropy-2.0
wav flux_nu
[from data line 499]
28950.056 6.162068550814366e-10
29000.056 4.5091956144064214e-10
29050.056 6.591878505699208e-10
29100.056 3.5949692596312785e-10
29150.056 5.507374588003067e-10
29200.056 7.60443139966645e-10
29250.056 1.04268219653089e-09
29300.056 5.026341873000304e-10
29350.056 1.5371942684911028e-09
29400.056 6.108495584639883e-10
29450.056 5.194633624373705e-10
29500.056 1.2791741000920934e-09
29550.056 5.424061059995293e-10
29600.056 7.711811439349903e-10
29650.056 1.8311647135371755e-09
29700.056 5.155219928868812e-10
29750.056 1.3273389698097793e-09
29800.056 1.1374082143040823e-09
29850.056 1.590019229901784e-09
29900.056 9.603429901881843e-10
29950.056 1.0827100184468867e-09
30000.056 2.9097525483836895e-11
30050.056 1.2723916845291414e-10
30100.056 4.2127543678328947e-10
30150.056 1.4085072195547774e-09
30200.056 1.0162898609226912e-09
30250.056 2.1060590708208418e-09
30300.056 2.5819280454848042e-09
30350.056 8.335978399654066e-10
30400.056 2.6260868940780103e-09
30450.056 1.5927617193529458e-09
30500.056 1.403346536613163e-09
30550.056 1.115596378864393e-09
30600.056 4.382247221533226e-09
30650.056 2.019449849094895e-09
30700.056 1.492694314148821e-09
30750.056 2.674943102197629e-09
30800.056 1.9433506174599916e-09
30850.056 2.191722183685391e-09
30900.056 1.2412757789477389e-09
30950.056 1.2163871234404054e-09
31000.056 1.3161476051793882e-09
31050.056 1.1474433171158793e-09
31100.056 6.79438638069794e-10
31150.056 1.2716282369382769e-09
31200.056 2.634187031091364e-09
31250.056 1.44873044833961e-09
31300.056 1.0055288560021489e-09
31350.056 1.758106237272754e-09
31400.056 1.2079284768298674e-09
31450.056 1.3252774597439595e-09
31500.056 5.243151767032047e-10
31550.056 8.680242230155748e-10
31600.056 5.804679281758232e-10
31650.056 5.195865719972795e-10
31700.056 5.245747069367233e-10
31750.056 2.5862316117596897e-10
31800.056 5.529942335371468e-10
31850.056 1.2096570555139575e-10
31900.056 2.778974552520411e-10
31950.056 1.5940746933133498e-10
32000.056 1.5548196566648913e-10
32050.056 2.1735262831152516e-10
32100.056 1.8073507693003128e-10
32150.056 2.1951546998786158e-10
32200.056 1.0877951540232912e-10
32250.056 2.8858430148660716e-10
32300.056 9.079702474144563e-11
32350.056 2.7921974587523225e-10
32400.056 5.978378393170912e-11
32450.056 2.2810588204399416e-10
32500.056 7.919141327389554e-11
32550.056 1.7739241421464562e-10
32600.056 1.017812252050472e-10
32650.056 4.3038027863119395e-10
32700.056 1.5192630507535806e-10
32750.056 7.565550505061251e-10
32800.056 5.028228842584344e-10
32850.056 1.1765861979069216e-09
32900.056 1.0667047069011247e-09
32950.056 1.1393370992550436e-09
33000.056 4.736571119063175e-10
33050.056 6.29142911470278e-10
33100.056 1.5001815942957673e-10
33150.056 1.6919604892693078e-13
33200.056 3.981881999517384e-12
33250.056 5.002656662481606e-12
33300.056 3.005287190888596e-11
33350.056 1.0134580224864709e-10
33400.056 3.215808894186916e-10
33450.056 2.622899834045592e-10
33500.056 8.590626423957101e-10
33550.056 2.1641294418775438e-10
33600.056 5.729717419054642e-10
33650.056 5.23825300443912e-10
33700.056 2.2140491130312709e-10
33750.056 7.56961126773443e-10
33800.056 1.0035299742318249e-10
33850.056 3.8512826262735584e-10
33900.056 4.07292612846574e-10
33950.056 3.1344656576884684e-10
34000.056 6.832399747827121e-10
34050.056 1.1983839629972972e-10
34100.056 6.058042824556537e-10
34150.056 2.6758774664932286e-10
34200.056 6.557029001829041e-10
34250.056 4.350216707072962e-10
34300.056 4.015538666591853e-10
34350.056 7.664114847439561e-10
34400.056 2.622121591869665e-10
34450.056 7.904620077261948e-10
34500.056 4.4259124785395265e-10
34550.056 2.586465372071198e-10
34600.056 1.205534663905244e-09
34650.056 2.427834095705206e-10
34700.056 8.815586974905784e-10
34750.056 5.821815728090226e-10
34800.056 4.745358690165772e-10
34850.056 1.384956854369921e-09
34900.056 4.4345024002421105e-10
34950.056 1.206267177583469e-09
35000.056 2.304942370320587e-09
35050.056 9.647558731333336e-10
35100.056 2.2984281324234825e-09
35150.056 1.9503115880703637e-09
35200.056 1.5475792758863217e-09
35250.056 2.8739549502741615e-09
35300.056 1.2087110135594955e-09
35350.056 1.6640361283311554e-09
35400.056 1.473615080644249e-09
35450.056 1.1359041056640357e-09
35500.056 3.8387847854133e-09
35550.056 2.3082154630511245e-09
35600.056 2.507421351105176e-09
35650.056 2.699760990824104e-09
35700.056 2.6935889509230964e-09
35750.056 4.0884679611895875e-09
35800.056 3.840551517456899e-09
35850.056 1.574666513343042e-09
35900.056 2.255371613132843e-09
35950.056 2.9204469572570793e-09
36000.056 3.1469143401004443e-09
36050.056 2.3318057228508974e-09
36100.056 2.1744223757646924e-09
36150.056 4.328431317682448e-09
36200.056 4.860107388436177e-09
36250.056 3.392715632979538e-09
36300.056 7.1173898330746426e-09
36350.056 4.379080975671664e-09
36400.056 6.554251026171698e-09
36450.056 6.373035478562945e-09
36500.056 7.215841848441815e-09
36550.056 9.510286823738258e-09
36600.056 1.0359325239475894e-08
36650.056 7.920827900985347e-09
36700.056 8.204854488944742e-09
36750.056 1.0375463602555706e-08
36800.056 1.1931980560325593e-08
36850.056 7.1489046628693176e-09
36900.056 1.1009680811201291e-08
36950.056 1.1964696570718265e-08
37000.056 8.553553058525597e-09
37050.056 1.305735473440589e-08
37100.056 9.429670180048061e-09
37150.056 9.630194163848888e-09
37200.056 1.4827689464696313e-08
37250.056 9.87838548118829e-09
37300.056 7.695005751125937e-09
37350.056 1.2523035914567594e-08
37400.056 1.8732393823121037e-08
37450.056 8.350772112055954e-09
37500.056 1.1061209810612942e-08
37550.056 1.924232671601774e-08
37600.056 2.6770455854326262e-08
37650.056 9.679234240137222e-09
37700.056 1.835402440346538e-08
37750.056 1.2413475922441147e-08
37800.056 1.2979597678430571e-08
37850.056 7.234013120120539e-09
37900.056 9.233725096768402e-09
37950.056 1.6840034883167837e-08
38000.056 1.6029649207649276e-08
38050.056 2.1056362493638483e-08
38100.056 2.527602111014255e-08
38150.056 2.6682618027658847e-08
38200.056 2.355598910972757e-08
38250.056 2.3971187887506246e-08
38300.056 3.636484838118844e-08
38350.056 3.501039764721078e-08
38400.056 1.6361833795789404e-08
38450.056 9.6230380080185e-09
38500.056 6.2760287275492605e-09
38550.056 1.772204282180537e-08
38600.056 1.8177412686818343e-08
38650.056 2.1376086999515746e-08
38700.056 1.863308187462685e-08
38750.056 1.9133024415232932e-08
38800.056 1.937082431677702e-08
38850.056 2.1560021646021837e-08
38900.056 2.797035971695669e-08
38950.056 1.746902270541014e-08
39000.056 2.640434225358352e-08
39050.056 1.8371034341991856e-08
39100.056 2.476917117079716e-08
39150.056 3.154743659011178e-08
39200.056 2.3106633715042045e-08
39250.056 3.507032513554073e-08
39300.056 2.5110805123274978e-08
39350.056 4.1612687739099515e-08
39400.056 2.6161844701346056e-08
39450.056 3.450440354231033e-08
39500.056 3.615560904380729e-08
39550.056 2.070624258823169e-08
39600.056 3.487346948927159e-08
39650.056 4.391656441139468e-08
39700.056 3.994814324060851e-08
39750.056 2.2500678618259503e-08
39800.056 2.65711359897097e-08
39850.056 5.0018962080004823e-08
39900.056 5.39535278231024e-08
39950.056 2.890108101229582e-08
40000.056 4.7341325753001856e-08
40050.056 4.80594937585988e-08
40100.056 2.1972735121451504e-08
40150.056 4.592623082520254e-08
40200.056 4.848050778566669e-08
40250.056 5.316259987453694e-08
40300.056 5.2132408805005195e-08
40350.056 3.6177405789812054e-08
40400.056 5.210812476052943e-08
40450.056 2.9716788400481683e-08
40500.056 5.824199135629733e-08
40550.056 6.168216298533003e-08
40600.056 5.0734712757402784e-08
40650.056 4.199069074468286e-08
40700.056 7.799363841239383e-08
40750.056 5.131356892698802e-08
40800.056 3.3495473885265955e-08
40850.056 8.574968018602e-08
40900.056 7.224071413039543e-08
40950.056 6.06094690644907e-08
41000.056 5.2182277212312596e-08
41050.056 8.95720918585803e-08
41100.056 7.36878615791979e-08
41150.056 3.4561672188474694e-08
41200.056 8.757829452800798e-08
41250.056 7.038232792452108e-08
41300.056 6.960052488799837e-08
41350.056 9.12610049199943e-08
41400.056 7.790766148600306e-08
41450.056 9.874501580098479e-08
41500.056 6.43225905208331e-08
41550.056 5.9565986734981474e-08
41600.056 6.901521091493519e-08
41650.056 8.521221427310675e-08
41700.056 9.579920795097777e-08
41750.056 7.912539293938885e-08
41800.056 9.005460756502193e-08
41850.056 7.42897913566273e-08
41900.056 7.1713579242736e-08
41950.056 7.781028990700407e-08
42000.056 5.5328116404582437e-08
42050.056 5.721377058180776e-08
42100.056 7.716647331179776e-08
42150.056 6.56911622526028e-08
42200.056 6.916831219769541e-08
42250.056 6.267869049000675e-08
42300.056 5.879823344491877e-08
42350.056 8.578141629380757e-08
42400.056 9.509669033000884e-08
42450.056 8.522341518302236e-08
42500.056 8.438258413599185e-08
42550.056 7.251437022398654e-08
42600.056 8.332288916053052e-08
42650.056 1.2513976802496645e-07
42700.056 6.605729320009352e-08
42750.056 7.911682444601253e-08
42800.056 1.0791897068901473e-07
42850.056 1.1683624372596754e-07
42900.056 1.284787739540209e-07
42950.056 9.466184821398904e-08
43000.056 1.0999542591400794e-07
43050.056 5.7027144123709034e-08
43100.056 9.131528436599407e-08
43150.056 7.470125984450342e-08
43200.056 1.0916099874200968e-07
43250.056 1.5091382995801087e-07
43300.056 1.3991598590900166e-07
43350.056 7.217173877498117e-08
43400.056 1.0555294283000506e-07
43450.056 7.204422510140726e-08
43500.056 7.59383984440179e-08
43550.056 8.220706085220927e-08
43600.056 1.2523430613701443e-07
43650.056 7.707931032450072e-08
43700.056 1.474051741140264e-07
43750.056 1.2439993398099745e-07
43800.056 1.1303578819999109e-07
43850.056 1.0085272704901118e-07
43900.056 8.485302995508938e-08
43950.056 5.6156648802793725e-08
44000.056 5.446603104639834e-08
44050.056 1.2984586940700313e-07
44100.056 1.7873801604299973e-07
44150.056 1.6245241212919658e-07
44200.056 1.4002902473500098e-07
44250.056 7.742234539799505e-08
44300.056 6.196078533641045e-08
44350.056 7.090865224769666e-08
44400.056 6.56491180729937e-08
44450.056 1.1619954009800352e-07
44500.056 1.042347154000189e-07
44550.056 1.515048272309876e-07
44600.056 1.33902585890101e-07
44650.056 1.1744327420200738e-07
44700.056 7.608985549599419e-08
44750.056 1.1627508291602381e-07
44800.056 8.219419743920865e-08
44850.056 1.1882393418600963e-07
44900.056 9.582013937220152e-08
44950.056 1.129303657300097e-07
45000.056 1.3176647058901075e-07
45050.056 1.198389311029866e-07
45100.056 1.103312580270047e-07
45150.056 1.0130598118738521e-07
45200.056 7.729557536420773e-08
45250.056 9.116632269437854e-08
45300.056 8.098008766051179e-08
45350.056 7.138944592561597e-08
45400.056 1.67331408239021e-07
45450.056 1.393392804760133e-07
45500.056 1.6996887070291178e-07
45550.056 1.7926682910295524e-07
45600.056 1.5857276018002537e-07
45650.056 1.2716092218300212e-07
45700.056 8.201535450939443e-08
45750.056 7.458298432190372e-08
45800.056 1.8396743102300917e-07
45850.056 1.504040266219909e-07
45900.056 1.812675910519925e-07
45950.056 1.4668417383699403e-07
46000.056 1.7212067555951851e-07
46050.056 1.236566357240076e-07
46100.056 2.0194253756998415e-07
46150.056 1.1416765475000429e-07
46200.056 9.960962958598623e-08
46250.056 4.2568377562795146e-08
46300.056 1.19324043777003e-07
46350.056 1.255263774540148e-07
46400.056 1.1330508395500333e-07
46450.056 1.0145448453790287e-07
46500.056 1.1647198787852537e-07
46550.056 6.319568917650437e-08
46600.056 9.471246313936554e-08
46650.056 1.5046338778301003e-07
46700.056 9.319760627697478e-08
46750.056 4.985757959160883e-08
46800.056 3.410986250874904e-08
46850.056 1.439245542430217e-07
46900.056 1.445557157929953e-07
46950.056 1.4015006583598546e-07
47000.056 1.3444151948302166e-07
47050.056 9.823238617243046e-08
47100.056 6.715541636990732e-08
47150.056 1.0801037394021514e-07
47200.056 1.2589818739899436e-07
47250.056 6.870009912599053e-08
47300.056 4.557407199680891e-08
47350.056 1.4546209155800367e-07
47400.056 1.258857542259884e-07
47450.056 1.035467037859533e-07
47500.056 1.5454375117698728e-07
47550.056 1.3002921358600636e-07
47600.056 1.2552375287698904e-07
47650.056 1.2820226308523502e-07
47700.056 9.680539438685394e-08
47750.056 7.10097279493031e-08
47800.056 6.047011174800826e-08
47850.056 3.1364556843575545e-08
47900.056 4.861107872075643e-08
47950.056 1.0957837800401185e-07
48000.056 1.530551299510065e-07
48050.056 1.2662304113659738e-07
48100.056 5.2293042961424996e-08
48150.056 9.421944623400256e-08
48200.056 6.668091192458262e-08
48250.056 8.315275938900133e-08
48300.056 1.4406853149398833e-07
48350.056 8.489642359999286e-08
48400.056 2.376367385216802e-08
48450.056 4.9640641909121854e-08
48500.056 8.099250142298102e-08
48550.056 8.872679440200853e-08
48600.056 1.0864394074000201e-07
48650.056 1.428084098389927e-07
48700.056 9.237301637361315e-08
48750.056 6.003200978102215e-08
48800.056 1.2351329578900485e-07
48850.056 6.643197606148836e-08
48900.056 9.208865746819135e-08
48950.056 5.074963835320021e-08
49000.056 2.6527780626272726e-08
49050.056 8.328388786318839e-08
49100.056 1.0632083140031968e-07
49150.056 7.771671117856377e-08
49200.056 1.2278347534702164e-07
49250.056 1.2498922009701003e-07
49300.056 1.0251327421599752e-07
49350.056 4.15840054228098e-08
49400.056 6.250083197858399e-08
49450.056 6.088602201091568e-08
49500.056 4.82338282475343e-08
49550.056 1.1481148368650301e-08
49600.056 3.208422923358967e-08
49650.056 6.815164079500079e-08
49700.056 7.470025390697706e-08
49750.056 7.834067407139795e-08
49800.056 5.0399192954709875e-08
49850.056 1.0217730285201553e-07
49900.056 8.34464113205934e-08
49950.056 8.19177173960003e-08
50000.056 6.456227213310476e-08
50050.056 7.980725081500195e-08
50100.056 6.230164564499668e-08
50150.056 3.0337525152894226e-08
50200.056 6.0894666737687154e-09
50250.056 3.6184252434998696e-08
50300.056 2.3909554747823803e-08
50350.056 7.381795407901114e-08
50400.056 7.655161865059167e-08
50450.056 5.5844493768602304e-08
50500.056 8.919745485360535e-08
50550.056 7.755382487100483e-08
50600.056 5.643525444918334e-08
50650.056 9.288476240601559e-08
50700.056 9.343654629398985e-08
50750.056 5.925348604800479e-08
50800.056 2.166309830445413e-08
50850.056 1.2383317020145899e-08
50900.056 6.973391422800277e-08
50950.056 5.967750892499611e-08
51000.056 4.984519338010415e-08
51050.056 7.007122076999011e-08
51100.056 2.618756635115132e-08
51150.056 3.1294213718784854e-08
51200.056 9.020232998299636e-08
51250.056 6.212550654888883e-08
51300.056 4.1224511235413935e-08
51350.056 4.155775561978464e-08
51400.056 1.5048476288792664e-08
51450.056 1.1726896899661964e-08
51500.056 1.1111200504190615e-08
51550.056 4.163849930516643e-08
51600.056 3.4245215123407604e-08
51650.056 4.3780336798996505e-08
51700.056 4.767604161471039e-08
51750.056 3.05469212071807e-08
51800.056 5.6610401308990334e-08
51850.056 4.5658426930897694e-08
51900.056 6.085664166499984e-08
51950.056 3.5390846671996e-08
52000.056 3.828241014050505e-09
52050.056 1.911498858880269e-08
52100.056 1.1280918732898221e-08
52150.056 6.620636887991695e-09
52200.056 1.8955568608209644e-08
52250.056 2.9702779226807137e-08
52300.056 4.1657909114997675e-08
52350.056 1.4008587840245231e-08
52400.056 1.4384768236270115e-08
52450.056 4.846458649000413e-08
52500.056 3.8298847390339085e-08
52550.056 4.18894605019971e-08
52600.056 3.077473058829997e-08
52650.056 3.662426797050355e-08
52700.056 2.6153039972498808e-08
52750.056 1.0914577004055201e-08
52800.056 1.938322189860295e-08
52850.056 2.2778925840393312e-08
52900.056 1.081958544414573e-08
52950.056 1.7046252913042126e-08
53000.056 2.9318513331004752e-08
53050.056 1.1468815011976547e-08
53100.056 3.5571923694998125e-08
53150.056 3.8549123676003065e-08
53200.056 1.6464724662709032e-08
53250.056 3.4370476778501506e-08
53300.056 4.181555803511492e-08
53350.056 3.228069130690129e-08
53400.056 2.1516943224296146e-08
53450.056 7.73813096724725e-09
53500.056 1.5071380064923907e-09
53550.056 4.04415327416006e-09
