galfind/configs/Brown_Dwarf_templates/sonora_bobcat/m+0.5/562g/sp_t1300g562nc_m+0.5_resample.dat
# %ECSV 1.0
# ---
# datatype:
# - {name: wav, unit: Angstrom, datatype: float64}
# - {name: flux_nu, unit: erg / (cm2 Hz s), datatype: float64}
# meta: {C/O: '1.00', Kzz: '1.0000E+05', Teff: '1300.', Y: '0.28', '[Fe/H]': '0.50', f_hole: '1.00', f_rain: '0.00', grav: '562.'}
# schema: astropy-2.0
wav flux_nu
4000.0559999999996 nan
4050.0559999999996 1.6570186732180627e-11
4100.056 2.4052249489298807e-10
4150.056 3.9152842754702534e-10
4200.056 3.349707647633409e-10
4250.056 4.579430089310547e-10
4300.056 4.97519683458061e-10
4350.056 5.175561045300292e-10
4400.056 5.898968220000409e-10
4450.056 5.975531973000048e-10
4500.056 5.797061356400321e-10
4550.056 6.811525841864324e-10
4600.056 7.377971920939909e-10
4650.056 6.705311130399403e-10
4700.056 7.10480701070003e-10
4750.056 5.683803870199953e-10
4800.056 2.629434868200001e-10
4850.056 9.808002144099811e-11
4900.056 4.268441625899961e-11
4950.056 1.838467275399983e-11
5000.056 6.183106984799943e-12
5050.056 2.4626425769999854e-12
5100.056 2.0321560819999948e-12
5150.056 1.807366623899984e-12
5200.056 1.5980291949000046e-12
5250.056 1.3680644421999967e-12
5300.056 1.161071971399998e-12
5350.056 9.947057142299982e-13
5400.056 8.596893051899985e-13
5450.056 7.389000118599977e-13
5500.056 6.283922119999977e-13
5550.056 5.297540579199987e-13
5600.056 4.4035003469999883e-13
5650.056 3.572345981899993e-13
5700.056 2.820905350699992e-13
5750.056 2.1227103958999908e-13
5800.056 1.5138599930999926e-13
5850.056 9.4047718530999e-14
5900.056 3.2587442139025397e-14
5950.056 1.8500799722400304e-13
6000.056 4.635572060100052e-13
6050.056 1.0526582062000104e-12
6100.056 2.184564986900019e-12
6150.056 4.247581465400035e-12
6200.056 7.767149424900058e-12
6250.056 1.3501222523000104e-11
6300.056 2.2473486436000167e-11
6350.056 3.6185490006000246e-11
6400.056 5.651549902900032e-11
6450.056 8.596909581000054e-11
6500.056 1.2750825922000085e-10
6550.056 1.8588949219000107e-10
6600.056 2.6722265801000145e-10
6650.056 3.7778045449000156e-10
6700.056 4.0454136181658224e-10
6750.056 6.962485355300037e-10
6800.056 8.997073034800013e-10
6850.056 1.0130583686600003e-09
6900.056 9.86440651500001e-10
6950.056 9.105969293199996e-10
7000.056 9.187828455400032e-10
7050.056 1.0082628387399984e-09
7100.056 1.115880416060002e-09
7150.056 1.183987832219992e-09
7200.056 1.1938644456800143e-09
7250.056 1.1444820392599785e-09
7300.056 1.0388293123399995e-09
7350.056 9.18911900909993e-10
7400.056 7.980774736900029e-10
7450.056 6.650699601e-10
7500.056 5.253957777799977e-10
7550.056 3.838261041899975e-10
7600.056 2.4719177353999696e-10
7650.056 4.1899535386877324e-11
7700.056 2.0832181658099266e-11
7750.056 1.8267841764700493e-10
7800.056 4.049241355700085e-10
7850.056 8.984868986400093e-10
7900.056 1.4417231027000129e-09
7950.056 1.7231208428610208e-09
8000.056 3.1128692184000256e-09
8050.056 4.238427991700048e-09
8100.056 5.501066991500001e-09
8150.056 7.007146376800003e-09
8200.056 8.685527827800173e-09
8250.056 1.1061357761800161e-08
8300.056 1.364453782330069e-08
8350.056 1.6601456032799714e-08
8400.056 2.004411006769946e-08
8450.056 2.4397688987999655e-08
8500.056 2.5811793549621415e-08
8550.056 3.2527933492200814e-08
8600.056 3.8341785984000155e-08
8650.056 4.00284540589987e-08
8700.056 4.617257860399544e-08
8750.056 5.3076940901001605e-08
8800.056 6.223256174300181e-08
8850.056 7.162925854399773e-08
8900.056 7.848688722699944e-08
8950.056 7.086316006342764e-08
9000.056 9.793635754099294e-08
9050.056 1.1353670964300526e-07
9100.056 1.271740403793033e-07
9150.056 1.3674914189500316e-07
9200.056 1.516978595779819e-07
9250.056 1.531534544713357e-07
9300.056 1.0190174339353831e-07
9350.056 1.2140006675876768e-07
9400.056 1.5366115819266787e-07
9450.056 1.722199509744975e-07
9500.056 1.7592265711657596e-07
9550.056 1.9199407101533954e-07
9600.056 1.8743997805604707e-07
9650.056 2.0382343071470463e-07
9700.056 2.2642836239937782e-07
9750.056 2.375095932284946e-07
9800.056 2.595263421766467e-07
9850.056 2.857159828539997e-07
9900.056 2.607580404879813e-07
9950.056 2.4944292114798893e-07
10000.056 2.288433262329813e-07
10050.056 2.6771930840999904e-07
10100.056 3.1477404274998844e-07
10150.056 3.3962756796995876e-07
10200.056 3.7872534423998625e-07
10250.056 4.0634242496999257e-07
10300.056 4.2377011099000805e-07
10350.056 4.808508125100092e-07
10400.056 5.28244680129987e-07
10450.056 5.420828497600157e-07
10500.056 5.284409306999966e-07
10550.056 5.303785829500144e-07
10600.056 5.609250363499909e-07
10650.056 6.071748214300254e-07
10700.056 6.490775738900334e-07
10750.056 7.029087812100233e-07
10800.056 7.565819605499986e-07
10850.056 8.145726545699638e-07
10900.056 7.43442280625976e-07
10950.056 5.735873458950108e-07
11000.056 5.267185307439435e-07
11050.056 4.646069393484612e-07
11100.056 4.1754328965710475e-07
11150.056 3.7151462560923784e-07
11200.056 3.888191199875197e-07
11250.056 4.635923852611926e-07
11300.056 4.4029442110859527e-07
11350.056 2.8280230682859046e-07
11400.056 3.119817107856029e-07
11450.056 3.7533332647661105e-07
11500.056 4.6028484745846246e-07
11550.056 3.8304361571319534e-07
11600.056 4.0957709949081166e-07
11650.056 4.1057812978836184e-07
11700.056 3.0907132190211315e-07
11750.056 3.006114767110571e-07
11800.056 3.5141869286495354e-07
11850.056 5.100429081441051e-07
11900.056 5.640952607965166e-07
11950.056 6.580464835699994e-07
12000.056 6.857880276190127e-07
12050.056 7.872821073310825e-07
12100.056 8.384755869699716e-07
12150.056 9.452789686369415e-07
12200.056 1.0133110174198625e-06
12250.056 1.1022388094098761e-06
12300.056 1.1937649093000902e-06
12350.056 1.2188954916000302e-06
12400.056 1.1656579378799593e-06
12450.056 9.981533803400351e-07
12500.056 1.0676345802599733e-06
12550.056 1.1184535320800852e-06
12600.056 1.4762938148000463e-06
12650.056 1.4891932306299889e-06
12700.056 1.5804448867401843e-06
12750.056 1.5553271203400281e-06
12800.056 1.6133482191500517e-06
12850.056 1.4796464267730737e-06
12900.056 1.3829256534730193e-06
12950.056 1.426204430901955e-06
13000.056 1.4263625729737857e-06
13050.056 1.4238648427324618e-06
13100.056 1.3773706373791102e-06
13150.056 1.2627199065033375e-06
13200.056 1.164636280135989e-06
13250.056 9.695718973049596e-07
13300.056 6.317320704193324e-07
13350.056 2.385093846499085e-07
13400.056 1.6959769568278925e-07
13450.056 1.2271523801160884e-07
13500.056 1.0377513131406485e-07
13550.056 8.77423713314424e-08
13600.056 7.473787359891183e-08
13650.056 1.1309193773238168e-07
13700.056 9.413787201341556e-08
13750.056 1.0060100108526654e-07
13800.056 1.2407220956116639e-07
13850.056 1.1277874410598952e-07
13900.056 1.155700592293156e-07
13950.056 1.0865970099054668e-07
14000.056 1.0107472849104333e-07
14050.056 1.0690576164900249e-07
14100.056 8.944721499424374e-08
14150.056 1.0682096495526922e-07
14200.056 9.037048534254013e-08
14250.056 9.005296532271626e-08
14300.056 1.1056556747418289e-07
14350.056 1.091372283065932e-07
14400.056 1.1952061810155495e-07
14450.056 1.2549346367768314e-07
14500.056 1.6777960232875143e-07
14550.056 1.7798120393873224e-07
14600.056 2.0548039776897234e-07
14650.056 2.0849680757968802e-07
14700.056 1.839714002860318e-07
14750.056 2.0999083769696278e-07
14800.056 2.4278262307485674e-07
14850.056 2.6657346864474524e-07
14900.056 2.646898950362356e-07
14950.056 2.7925054605114225e-07
15000.056 2.961149660926624e-07
15050.056 3.473799564158135e-07
15100.056 3.693545438059284e-07
15150.056 4.09483116767034e-07
15200.056 4.103258994791431e-07
15250.056 4.5653467408598484e-07
15300.056 4.997117489189543e-07
15350.056 5.459437497459671e-07
15400.056 5.998949465680223e-07
15450.056 6.509141361600478e-07
15500.056 6.838485165249625e-07
15550.056 7.583955340559416e-07
15600.056 7.387872494610403e-07
15650.056 8.071338982900787e-07
15700.056 9.219948590202303e-07
15750.056 9.982738954799476e-07
15800.056 9.71914907240161e-07
15850.056 1.078353181909963e-06
15900.056 1.1043612424800974e-06
15950.056 1.1782405863398652e-06
16000.056 1.175560029199994e-06
16050.056 1.157184310650018e-06
16100.056 1.1629136547499925e-06
16150.056 1.101837496000017e-06
16200.056 1.0623047252517548e-06
16250.056 1.0727701434828858e-06
16300.056 1.0378312972809521e-06
16350.056 1.1032138494705207e-06
16400.056 1.1813047516513133e-06
16450.056 1.22673742839634e-06
16500.056 1.300353143998716e-06
16550.056 1.2882876226770464e-06
16600.056 1.2516039601192256e-06
16650.056 1.2032466759931844e-06
16700.056 1.014031707773063e-06
16750.056 1.1000909585199671e-06
16800.056 1.292529492931013e-06
16850.056 1.2548812929549747e-06
16900.056 1.2067035520610086e-06
16950.056 1.126085735520973e-06
17000.056 1.038378861340194e-06
17050.056 1.1143793077600673e-06
17100.056 1.039174101887143e-06
17150.056 9.162847556998992e-07
17200.056 8.80683945182875e-07
17250.056 7.838071337818091e-07
17300.056 7.29192141134978e-07
17350.056 6.543996038025783e-07
17400.056 6.628333476709511e-07
17450.056 5.764809710597751e-07
17500.056 5.762630269359044e-07
17550.056 5.442724053246695e-07
17600.056 5.158296674109399e-07
17650.056 5.073494603682482e-07
17700.056 3.899049808474966e-07
17750.056 3.5523660982688736e-07
17800.056 4.0302969066787205e-07
17850.056 3.0933695335673857e-07
17900.056 3.2793281448578773e-07
17950.056 2.9599860705641063e-07
18000.056 2.908980390165023e-07
18050.056 2.747990630208636e-07
18100.056 2.68502135134044e-07
18150.056 3.2967181189086787e-07
18200.056 2.3047844447736623e-07
18250.056 3.4464983978096655e-07
18300.056 2.932756408370371e-07
18350.056 2.625050540128357e-07
18400.056 2.6051344326649577e-07
18450.056 2.448423524788878e-07
18500.056 2.650930624302632e-07
18550.056 2.3623985893954469e-07
18600.056 1.9724113936851128e-07
18650.056 2.151725602273739e-07
18700.056 2.3453864576308173e-07
18750.056 2.4418529110372033e-07
18800.056 2.923854504746594e-07
18850.056 3.3856449080139954e-07
18900.056 3.24181218442821e-07
18950.056 3.8517570639510334e-07
19000.056 3.675450575189821e-07
19050.056 3.3102238441856575e-07
19100.056 4.062967299475322e-07
19150.056 3.787177654342034e-07
19200.056 4.022644977421314e-07
19250.056 3.5781565415679694e-07
19300.056 3.7030278267225845e-07
19350.056 3.3015956850138274e-07
19400.056 2.638415199736592e-07
19450.056 3.5737301283659236e-07
19500.056 3.607270825612525e-07
19550.056 2.7900760568309856e-07
19600.056 3.412499239165945e-07
19650.056 3.594879114229492e-07
19700.056 3.6511581874453804e-07
19750.056 3.489687579227582e-07
19800.056 3.7539038198754924e-07
19850.056 4.1844620638721306e-07
19900.056 3.460064130085436e-07
19950.056 4.5620953497100637e-07
20000.056 4.033253656890189e-07
20050.056 4.5200551508712593e-07
20100.056 4.730756754524646e-07
20150.056 4.985752954070183e-07
20200.056 5.322386285109343e-07
20250.056 5.745731188239256e-07
20300.056 5.734609525960393e-07
20350.056 6.346544593778934e-07
20400.056 6.278085690277849e-07
20450.056 6.8959418194987e-07
20500.056 7.214876485209655e-07
20550.056 7.221516989540139e-07
20600.056 8.200292029541297e-07
20650.056 8.052011622061445e-07
20700.056 8.46750193678133e-07
20750.056 8.806041111719074e-07
20800.056 9.313164548719924e-07
20850.056 9.09245916119944e-07
20900.056 9.793075841698291e-07
20950.056 9.885352451799682e-07
21000.056 1.0327031110900252e-06
21050.056 1.0422397321599894e-06
21100.056 1.037151145540001e-06
21150.056 1.1014076711199154e-06
21200.056 1.062864379090018e-06
21250.056 1.121757068489881e-06
21300.056 1.0454295475299088e-06
21350.056 1.1236132854800114e-06
21400.056 1.0539305636802289e-06
21450.056 1.1290567980500043e-06
21500.056 1.0493667632501814e-06
21550.056 1.0423315132400447e-06
21600.056 1.0283643670801736e-06
21650.056 9.785572319700401e-07
21700.056 1.0192773252200087e-06
21750.056 9.219858514900053e-07
21800.056 8.730467182797713e-07
21850.056 8.213554837400512e-07
21900.056 7.628912748949595e-07
21950.056 6.192881133040997e-07
22000.056 4.4292444724308293e-07
22050.056 3.440370777377851e-07
22100.056 4.0429314832319327e-07
22150.056 4.746639507320078e-07
22200.056 4.873719467259913e-07
22250.056 4.933762859152302e-07
22300.056 4.51550412579971e-07
22350.056 4.2110543301103985e-07
22400.056 3.785490703429907e-07
22450.056 3.373199759299023e-07
22500.056 3.4293570625912767e-07
22550.056 3.019369385218556e-07
22600.056 3.1380887257117026e-07
22650.056 2.9929963928300954e-07
22700.056 2.768741472260037e-07
22750.056 2.84349681084073e-07
22800.056 2.527813213929452e-07
22850.056 2.3301912440006113e-07
22900.056 2.2193980503293454e-07
22950.056 1.7536271388996214e-07
23000.056 2.0136678269800664e-07
23050.056 2.487575601029452e-07
23100.056 2.974772188180349e-07
23150.056 3.1378132033400025e-07
23200.056 1.7691858674201662e-07
23250.056 1.7168045112202712e-07
23300.056 1.4878143347905994e-07
23350.056 1.455628397079948e-07
23400.056 1.531649975480474e-07
23450.056 1.6138737042402256e-07
23500.056 1.7632693063204757e-07
23550.056 1.9908746734104764e-07
23600.056 2.115974667069773e-07
23650.056 2.471720730609612e-07
23700.056 1.9116524412801335e-07
23750.056 1.7307720647303872e-07
23800.056 1.5560777264600216e-07
23850.056 1.6880506768100818e-07
23900.056 2.2325585516701592e-07
23950.056 2.4973964795405186e-07
24000.056 2.620251126438957e-07
24050.056 2.9047966759597376e-07
24100.056 2.636972064029351e-07
24150.056 2.8136883820513047e-07
24200.056 2.919344027549205e-07
24250.056 2.6827950644201533e-07
24300.056 2.8907889111905656e-07
24350.056 2.485850790369631e-07
24400.056 2.994750604841008e-07
24450.056 2.700578969978577e-07
24500.056 2.7232732992096003e-07
24550.056 2.847596913951096e-07
24600.056 2.981848244820428e-07
24650.056 3.3640456528602567e-07
24700.056 2.6694417550891247e-07
24750.056 2.754499140680679e-07
24800.056 2.7475817898244357e-07
24850.056 3.3578900025503055e-07
24900.056 2.4098245557504753e-07
24950.056 3.3000517296401983e-07
25000.056 3.0033775161607067e-07
25050.056 2.3434601819473696e-07
25100.056 2.894612489842813e-07
25150.056 2.384863466611666e-07
25200.056 2.702190437834251e-07
25250.056 2.3529729903017845e-07
25300.056 2.8135088997651703e-07
25350.056 2.1824720718370235e-07
25400.056 2.7817458586706656e-07
25450.056 2.2059372656167372e-07
25500.056 2.320256622232553e-07
25550.056 2.264420411589776e-07
25600.056 2.2941992076218433e-07
25650.056 1.9532171048389567e-07
25700.056 2.754905110903855e-07
25750.056 1.812472317178624e-07
25800.056 2.714268630812474e-07
25850.056 2.0458694953086287e-07
25900.056 2.4818730595678604e-07
25950.056 1.9445264316132317e-07
26000.056 2.8122751204812075e-07
26050.056 2.5808508071286684e-07
26100.056 2.897179492431754e-07
26150.056 2.668633632161766e-07
26200.056 2.6893912331739793e-07
26250.056 3.0656304267166e-07
26300.056 2.766143930476286e-07
26350.056 3.332902226337609e-07
26400.056 3.391207910409499e-07
26450.056 3.3911457487254266e-07
26500.056 3.568762143158879e-07
26550.056 2.9568022428088907e-07
26600.056 3.7108258969694007e-07
26650.056 2.5163254657496433e-07
26700.056 2.521709880160217e-07
26750.056 2.0345811947289807e-07
26800.056 2.582812960059549e-07
26850.056 1.906966937699903e-07
26900.056 2.802087665050254e-07
26950.056 1.8869909223195905e-07
27000.056 2.8206673386304297e-07
27050.056 2.3914405905801966e-07
27100.056 2.326806980239431e-07
27150.056 2.8166928910402594e-07
27200.056 2.531321680730556e-07
27250.056 2.550788922800998e-07
27300.056 3.426810163890219e-07
27350.056 3.088055734069247e-07
27400.056 2.1717367266596643e-07
27450.056 3.678373825148837e-07
27500.056 3.3980403902990476e-07
27550.056 2.668918874219809e-07
27600.056 3.651609656209555e-07
27650.056 2.5331105824197673e-07
27700.056 2.3388044163103487e-07
27750.056 3.6043765681090057e-07
27800.056 2.391217380379647e-07
27850.056 2.676055997788631e-07
27900.056 2.835558661390299e-07
27950.056 3.613553229109764e-07
28000.056 3.231500320920851e-07
28050.056 2.1412446645104614e-07
28100.056 3.8148931319409236e-07
28150.056 2.8360624520204364e-07
28200.056 2.2253736477502024e-07
28250.056 3.470938591080003e-07
28300.056 4.093470870990329e-07
28350.056 2.573146747209394e-07
28400.056 3.076326861519747e-07
28450.056 3.523208048249117e-07
28500.056 3.303725365119289e-07
28550.056 2.1029286166392823e-07
28600.056 3.9368323519495067e-07
28650.056 3.5785992099297093e-07
28700.056 3.244615453909557e-07
28750.056 3.8109673238702015e-07
28800.056 3.541664447670876e-07
