galfind/configs/Brown_Dwarf_templates/sonora_bobcat/m+0.5/562g/sp_t1600g562nc_m+0.5_resample.dat
# %ECSV 1.0
# ---
# datatype:
# - {name: wav, unit: Angstrom, datatype: float64}
# - {name: flux_nu, unit: erg / (cm2 Hz s), datatype: float64}
# meta: {C/O: '1.00', Kzz: '1.0000E+05', Teff: '1600.', Y: '0.28', '[Fe/H]': '0.50', f_hole: '1.00', f_rain: '0.00', grav: '562.'}
# schema: astropy-2.0
wav flux_nu
[from data line 499]
28950.056 8.725610512619845e-07
29000.056 7.158796852378305e-07
29050.056 7.609473864669426e-07
29100.056 6.032003526731125e-07
29150.056 8.275627019501504e-07
29200.056 6.966273433491205e-07
29250.056 8.240611069619944e-07
29300.056 6.387435796937251e-07
29350.056 9.955909649798364e-07
29400.056 7.574814017978648e-07
29450.056 7.895280117969821e-07
29500.056 8.142007147249001e-07
29550.056 7.883575730210232e-07
29600.056 8.739208960487753e-07
29650.056 8.140777602009218e-07
29700.056 7.358567738998372e-07
29750.056 9.108196716323626e-07
29800.056 9.434010181508759e-07
29850.056 8.900878975118862e-07
29900.056 8.19728144626294e-07
29950.056 9.737765754398326e-07
30000.056 9.565829944668418e-07
30050.056 8.829531889099286e-07
30100.056 7.648171220397715e-07
30150.056 1.1264282372799386e-06
30200.056 9.610584582500622e-07
30250.056 1.0023688099602497e-06
30300.056 9.488690909998738e-07
30350.056 9.266460805401031e-07
30400.056 1.1415353890101944e-06
30450.056 8.856000966551047e-07
30500.056 8.053557438901021e-07
30550.056 1.0586600635302062e-06
30600.056 1.04444081101012e-06
30650.056 1.0616990590799703e-06
30700.056 9.594215109179308e-07
30750.056 9.309119021500135e-07
30800.056 1.053549173520197e-06
30850.056 8.851832366998817e-07
30900.056 8.959248816898977e-07
30950.056 8.1970734276515e-07
31000.056 9.268760074599596e-07
31050.056 8.941796183099828e-07
31100.056 7.891018119799339e-07
31150.056 8.980801484398091e-07
31200.056 9.071465849199566e-07
31250.056 9.087807180600321e-07
31300.056 8.292038596998795e-07
31350.056 7.857679830399471e-07
31400.056 7.397164949102148e-07
31450.056 7.496814916899353e-07
31500.056 7.730031067999254e-07
31550.056 7.23889913940004e-07
31600.056 6.919809043399364e-07
31650.056 6.902302252499731e-07
31700.056 6.7683788687993e-07
31750.056 6.18396076634194e-07
31800.056 7.493163441899366e-07
31850.056 7.080077499121044e-07
31900.056 8.184768290500063e-07
31950.056 5.650581937040018e-07
32000.056 6.743214254849784e-07
32050.056 7.870933967740658e-07
32100.056 7.652709804699639e-07
32150.056 8.446879246199369e-07
32200.056 7.686266733699817e-07
32250.056 8.641357602901446e-07
32300.056 7.531842967979426e-07
32350.056 9.683929808201463e-07
32400.056 7.413496315299738e-07
32450.056 8.901382009597714e-07
32500.056 9.40761977010247e-07
32550.056 1.0582704386600358e-06
32600.056 1.051879345355962e-06
32650.056 1.1177614364801931e-06
32700.056 1.0650547386901761e-06
32750.056 1.0771163552300175e-06
32800.056 1.0452134685000475e-06
32850.056 1.215889641169774e-06
32900.056 1.2889706034899572e-06
32950.056 1.086536055599889e-06
33000.056 1.1130013125599818e-06
33050.056 1.0752761095300331e-06
33100.056 9.312758245998283e-07
33150.056 5.942847412100738e-07
33200.056 4.0311578852984896e-07
33250.056 3.053637985198466e-07
33300.056 2.6288493926005315e-07
33350.056 3.1178921096001053e-07
33400.056 3.40523615489954e-07
33450.056 4.035896937299775e-07
33500.056 5.560202626401605e-07
33550.056 6.225229647800609e-07
33600.056 7.859189435500873e-07
33650.056 9.434669408902581e-07
33700.056 9.390228640599029e-07
33750.056 1.1507348694299571e-06
33800.056 1.0811638988698463e-06
33850.056 1.1485395317900029e-06
33900.056 1.1648233970598136e-06
33950.056 1.0663784542799641e-06
34000.056 1.1307025172097463e-06
34050.056 1.0692266108897306e-06
34100.056 1.245537844690036e-06
34150.056 1.1151463151696439e-06
34200.056 9.933137975496317e-07
34250.056 1.1808994733997456e-06
34300.056 1.0022858025392789e-06
34350.056 9.495314156200659e-07
34400.056 9.487447236300441e-07
34450.056 1.0315875054700085e-06
34500.056 1.1164314445000533e-06
34550.056 9.403693931399919e-07
34600.056 1.1511396597500374e-06
34650.056 1.12603729545e-06
34700.056 1.088706659769758e-06
34750.056 1.2428890968601755e-06
34800.056 1.1488802167696092e-06
34850.056 1.0590215177400645e-06
34900.056 1.193361833110153e-06
34950.056 1.0776694432296839e-06
35000.056 1.2711892053299476e-06
35050.056 1.2952566981600623e-06
35100.056 1.155289528089766e-06
35150.056 1.3225122783999614e-06
35200.056 1.3042624169101123e-06
35250.056 1.3035010179799107e-06
35300.056 1.2680485618600978e-06
35350.056 1.2741652788298408e-06
35400.056 1.2838546669601658e-06
35450.056 1.0561947023105284e-06
35500.056 1.4653386325599059e-06
35550.056 1.3782498434199783e-06
35600.056 1.2551662208800752e-06
35650.056 1.5639252915101355e-06
35700.056 1.271503174120137e-06
35750.056 1.4401304487496598e-06
35800.056 1.6836246928099414e-06
35850.056 1.4045627384000621e-06
35900.056 1.764908558049787e-06
35950.056 1.6063097312900368e-06
36000.056 1.507272169490009e-06
36050.056 1.7896171011102073e-06
36100.056 1.7668662375690941e-06
36150.056 1.6245846077802735e-06
36200.056 1.8866530405597666e-06
36250.056 1.6741482522397663e-06
36300.056 2.0136738797302895e-06
36350.056 1.8469223549498543e-06
36400.056 1.8139507972900586e-06
36450.056 2.098661224499769e-06
36500.056 1.922641956080004e-06
36550.056 1.934369575080565e-06
36600.056 2.005815483420102e-06
36650.056 2.0590652512998587e-06
36700.056 2.2380142100999707e-06
36750.056 2.058325516600151e-06
36800.056 2.1482558960999053e-06
36850.056 2.198811121100187e-06
36900.056 2.1933819652002714e-06
36950.056 2.2394325892398163e-06
37000.056 2.3376850731999045e-06
37050.056 2.3391660572998585e-06
37100.056 2.3322656497802638e-06
37150.056 2.3405206877997465e-06
37200.056 2.4391163057000526e-06
37250.056 2.472847544979997e-06
37300.056 2.435591962300114e-06
37350.056 2.2836826941003462e-06
37400.056 2.4677567208998302e-06
37450.056 2.367576998210143e-06
37500.056 2.4846471150997523e-06
37550.056 2.4890832812997063e-06
37600.056 2.6310006980998115e-06
37650.056 2.468654513699913e-06
37700.056 2.621513254600007e-06
37750.056 2.632627781999956e-06
37800.056 2.704762314999993e-06
37850.056 2.5359967278999014e-06
37900.056 2.6148638905002427e-06
37950.056 2.635448826199992e-06
38000.056 2.694664991500241e-06
38050.056 2.6887527174001446e-06
38100.056 2.5399861955002532e-06
38150.056 2.8442144691998656e-06
38200.056 2.849774484699834e-06
38250.056 2.58864904680033e-06
38300.056 2.6046186345999463e-06
38350.056 2.720507227899913e-06
38400.056 2.7500091867197853e-06
38450.056 2.9335167162001077e-06
38500.056 2.7402261743999727e-06
38550.056 2.8022336452001056e-06
38600.056 3.093559629599873e-06
38650.056 2.7280069571000216e-06
38700.056 2.756862439000463e-06
38750.056 2.8954587142999848e-06
38800.056 2.8634410113001887e-06
38850.056 2.780618865200127e-06
38900.056 2.6964302996998716e-06
38950.056 2.953715969499901e-06
39000.056 2.8069725601000837e-06
39050.056 2.921143321799871e-06
39100.056 2.6928126195001518e-06
39150.056 2.850787611300062e-06
39200.056 2.933897196100068e-06
39250.056 2.9039248050995403e-06
39300.056 2.863093346399557e-06
39350.056 2.9056886699902525e-06
39400.056 2.8508315039000804e-06
39450.056 2.882241124299895e-06
39500.056 2.763967918099733e-06
39550.056 2.757706595429743e-06
39600.056 3.038551296799905e-06
39650.056 2.682707507100025e-06
39700.056 2.7776251426998735e-06
39750.056 2.758748239119732e-06
39800.056 2.5916065275000713e-06
39850.056 2.741575203299814e-06
39900.056 2.696040445200075e-06
39950.056 2.82612955069983e-06
40000.056 2.5165213518999408e-06
40050.056 2.5265523269999823e-06
40100.056 2.7253960542999387e-06
40150.056 2.5169473357996875e-06
40200.056 2.6024188568998053e-06
40250.056 2.4450983473493233e-06
40300.056 2.3762384654001696e-06
40350.056 2.5845595159002677e-06
40400.056 2.545964409860044e-06
40450.056 2.4917427101001247e-06
40500.056 2.2528307914003e-06
40550.056 2.6277716777997818e-06
40600.056 2.1877016136102704e-06
40650.056 2.385038842600124e-06
40700.056 2.5441722657001174e-06
40750.056 2.1963667121992317e-06
40800.056 2.1497490863900937e-06
40850.056 2.1114345921804734e-06
40900.056 2.121849433920179e-06
40950.056 2.205919227119919e-06
41000.056 2.2327863545999614e-06
41050.056 2.2008653445996596e-06
41100.056 2.070080279849958e-06
41150.056 2.2089367159999843e-06
41200.056 2.0851304461500407e-06
41250.056 2.1440828224201543e-06
41300.056 1.8265761350896088e-06
41350.056 2.166918266220079e-06
41400.056 1.9963524888002434e-06
41450.056 2.0177909490803174e-06
41500.056 2.1245197525601203e-06
41550.056 2.0112554686300197e-06
41600.056 2.0294841976000826e-06
41650.056 1.898276125400307e-06
41700.056 1.7770251440897792e-06
41750.056 1.7768885783098052e-06
41800.056 1.7949987455698077e-06
41850.056 1.5101032223302562e-06
41900.056 1.7665673560999983e-06
41950.056 1.4642738648504395e-06
42000.056 1.4896935771301602e-06
42050.056 1.311805847079691e-06
42100.056 1.4955942176101998e-06
42150.056 1.0884662421795917e-06
42200.056 1.1803252182700315e-06
42250.056 1.2669991538201705e-06
42300.056 1.0099548913100405e-06
42350.056 1.21554315222038e-06
42400.056 9.929782859302738e-07
42450.056 8.977751343001888e-07
42500.056 9.470948213701321e-07
42550.056 9.379228632800635e-07
42600.056 9.532003890302463e-07
42650.056 7.99414289729541e-07
42700.056 9.247064624003611e-07
42750.056 8.58531635279893e-07
42800.056 8.124060870103447e-07
42850.056 8.722994282296955e-07
42900.056 8.470887994200179e-07
42950.056 8.208618552495748e-07
43000.056 8.180777801300636e-07
43050.056 7.746924214003396e-07
43100.056 8.729562166302128e-07
43150.056 8.372314397601744e-07
43200.056 8.720902144701682e-07
43250.056 8.122261085497618e-07
43300.056 8.432190407401148e-07
43350.056 7.983394768099504e-07
43400.056 8.333361632500083e-07
43450.056 8.169922558102452e-07
43500.056 7.95171583339918e-07
43550.056 8.585392156800547e-07
43600.056 8.280169308700889e-07
43650.056 7.55938231610083e-07
43700.056 7.785609295796697e-07
43750.056 7.783083463502179e-07
43800.056 7.078503293201769e-07
43850.056 7.580237134701752e-07
43900.056 7.887191899999468e-07
43950.056 7.418435325002454e-07
44000.056 7.283985615701466e-07
44050.056 7.372322431401074e-07
44100.056 7.481882288701207e-07
44150.056 7.653652529298057e-07
44200.056 7.259803902599199e-07
44250.056 7.489865886400379e-07
44300.056 7.402382204600571e-07
44350.056 7.013891620599975e-07
44400.056 7.521600318099562e-07
44450.056 7.668324905400052e-07
44500.056 7.783985477300029e-07
44550.056 7.10965241859872e-07
44600.056 7.497641100300652e-07
44650.056 7.670408369600849e-07
44700.056 7.400492182600247e-07
44750.056 7.641089235399288e-07
44800.056 7.933792251599745e-07
44850.056 7.635578375201049e-07
44900.056 7.350361605100852e-07
44950.056 7.010221146800036e-07
45000.056 7.616302089899563e-07
45050.056 7.611646808099381e-07
45100.056 7.951293119199861e-07
45150.056 7.348439786299704e-07
45200.056 6.854596426600275e-07
45250.056 7.091148097499469e-07
45300.056 7.720239387400274e-07
45350.056 7.968370471199559e-07
45400.056 7.461451701300871e-07
45450.056 6.937729533198996e-07
45500.056 7.262367656499726e-07
45550.056 7.833068376099781e-07
45600.056 7.204806535899816e-07
45650.056 6.702388815998872e-07
45700.056 7.897419917900465e-07
45750.056 7.0853900754002e-07
45800.056 6.962176078599716e-07
45850.056 8.32309463719963e-07
45900.056 8.209889073500432e-07
45950.056 7.10545589930005e-07
46000.056 8.3922693518002e-07
46050.056 8.388968121601485e-07
46100.056 6.889509183200746e-07
46150.056 7.754401658399658e-07
46200.056 8.155788892701576e-07
46250.056 6.80136836560001e-07
46300.056 8.805955391899814e-07
46350.056 7.56564303169926e-07
46400.056 7.746210910799305e-07
46450.056 8.202077347400879e-07
46500.056 7.285888270999467e-07
46550.056 9.136736391699973e-07
46600.056 8.399458715400496e-07
46650.056 1.0880047299898443e-06
46700.056 1.013488304340317e-06
46750.056 7.890427813199572e-07
46800.056 8.570679179901015e-07
46850.056 9.314718641801188e-07
46900.056 8.664163381998612e-07
46950.056 9.90291230580004e-07
47000.056 7.990891045400007e-07
47050.056 1.0023481580398738e-06
47100.056 7.473324548300696e-07
47150.056 8.358379780600789e-07
47200.056 9.165589018901723e-07
47250.056 7.956902541999292e-07
47300.056 8.325329673298309e-07
47350.056 7.198734932498973e-07
47400.056 9.031771233998601e-07
47450.056 7.568189222199476e-07
47500.056 9.027940956098975e-07
47550.056 7.739746293399519e-07
47600.056 9.05221630079936e-07
47650.056 6.609751718598611e-07
47700.056 9.271691324400487e-07
47750.056 6.373001261601258e-07
47800.056 9.079659720799164e-07
47850.056 6.847828176499211e-07
47900.056 8.890249798600402e-07
47950.056 6.78627316830104e-07
48000.056 1.0068040056099908e-06
48050.056 7.536353261400989e-07
48100.056 8.563012585999797e-07
48150.056 7.617778452501045e-07
48200.056 9.110495817500858e-07
48250.056 7.481789794900191e-07
48300.056 9.944079029198285e-07
48350.056 6.845857434599557e-07
48400.056 8.880827798699917e-07
48450.056 7.187274866100141e-07
48500.056 1.0143421572900253e-06
48550.056 6.876087094900108e-07
48600.056 9.396924531499265e-07
48650.056 7.187163441999745e-07
48700.056 9.367415820400816e-07
48750.056 6.499350103600418e-07
48800.056 1.0248679543700434e-06
48850.056 7.030187442398623e-07
48900.056 9.573549679200857e-07
48950.056 8.365867208699969e-07
49000.056 8.191468839699069e-07
49050.056 9.10574131949971e-07
49100.056 8.05806133260073e-07
49150.056 8.807239756499731e-07
49200.056 7.936050392499637e-07
49250.056 8.770097459400035e-07
49300.056 7.447644656899416e-07
49350.056 8.215769395399932e-07
49400.056 9.522504079700361e-07
49450.056 8.083974580701804e-07
49500.056 8.579243859000175e-07
49550.056 7.358913136499792e-07
49600.056 8.275804709301756e-07
49650.056 8.689642947899885e-07
49700.056 7.461070629899296e-07
49750.056 1.1437844394398722e-06
49800.056 8.123212961200391e-07
49850.056 1.0880455598100701e-06
49900.056 8.34527638590046e-07
49950.056 9.017512554698312e-07
50000.056 8.907024948798177e-07
50050.056 8.789889451200629e-07
50100.056 9.801068398399366e-07
50150.056 7.899808069300289e-07
50200.056 7.522341259300965e-07
50250.056 9.182678368600296e-07
50300.056 8.253053659899704e-07
50350.056 1.0229495692999745e-06
50400.056 8.484763496199407e-07
50450.056 8.614127535501372e-07
50500.056 1.0977585172201533e-06
50550.056 8.884917135999846e-07
50600.056 9.805210941999725e-07
50650.056 9.080655167901671e-07
50700.056 1.0224448252597903e-06
50750.056 1.0793992704701474e-06
50800.056 7.475570778898973e-07
50850.056 9.133194903001555e-07
50900.056 1.0162891233199474e-06
50950.056 9.986714934901842e-07
51000.056 1.1864564153501037e-06
51050.056 8.72311773250088e-07
51100.056 8.40508047079926e-07
51150.056 9.892109190499196e-07
51200.056 9.562201093099715e-07
51250.056 1.0517556664599609e-06
51300.056 8.325642853502689e-07
51350.056 9.737957804798529e-07
51400.056 8.843299866498235e-07
51450.056 6.676809119598855e-07
51500.056 8.909392246200511e-07
51550.056 1.195483772230108e-06
51600.056 7.853152187100607e-07
51650.056 9.506168835398613e-07
51700.056 9.092816615497369e-07
51750.056 8.36927810660059e-07
51800.056 1.0546504588197702e-06
51850.056 1.0099216573498604e-06
51900.056 1.0975471824201744e-06
51950.056 1.0032972803499136e-06
52000.056 7.966278773099497e-07
52050.056 9.623576190499343e-07
52100.056 8.757688004398609e-07
52150.056 8.88709418930036e-07
52200.056 8.601743228400278e-07
52250.056 9.170605882400016e-07
52300.056 1.0588142659599817e-06
52350.056 1.09139256432012e-06
52400.056 7.73457690660135e-07
52450.056 9.348601190600075e-07
52500.056 1.075523420009836e-06
52550.056 9.9591990767973e-07
52600.056 9.877829177001327e-07
52650.056 1.1204275361101438e-06
52700.056 9.244646030700232e-07
52750.056 7.758936275999278e-07
52800.056 8.683054468100831e-07
52850.056 8.33159222629887e-07
52900.056 9.396466308600255e-07
52950.056 9.204600539299064e-07
53000.056 1.075623781019947e-06
53050.056 8.84142556249813e-07
53100.056 8.891814612998244e-07
53150.056 1.1350807634201518e-06
53200.056 7.426769254700802e-07
53250.056 1.083758320519988e-06
53300.056 1.0764895965804468e-06
53350.056 1.058639648039864e-06
53400.056 9.99307296350071e-07
53450.056 8.628274694900458e-07
53500.056 7.054572499298721e-07
53550.056 9.198151704599195e-07
53600.056 1.0241582597201753e-06
53650.056 8.058460800800868e-07
