galfind/configs/Brown_Dwarf_templates/sonora_bobcat/m+0.5/562g/sp_t800g562nc_m+0.5_resample.dat
# %ECSV 1.0
# ---
# datatype:
# - {name: wav, unit: Angstrom, datatype: float64}
# - {name: flux_nu, unit: erg / (cm2 Hz s), datatype: float64}
# meta: {C/O: '1.00', Kzz: '1.0000E+05', Teff: '800.', Y: '0.28', '[Fe/H]': '0.50', f_hole: '1.00', f_rain: '0.00', grav: '562.'}
# schema: astropy-2.0
wav flux_nu
[from data line 498]
28900.056 1.305278838135333e-08
28950.056 2.9454666769028615e-08
29000.056 2.348777659747387e-08
29050.056 2.6978841269454923e-08
29100.056 1.926550570254849e-08
29150.056 3.5196501440437165e-08
29200.056 2.4107946087501464e-08
29250.056 3.595248817801493e-08
29300.056 1.8754449600443956e-08
29350.056 5.818208243171892e-08
29400.056 2.7535893833529546e-08
29450.056 3.046544958002134e-08
29500.056 3.7192594103231575e-08
29550.056 3.015742948887273e-08
29600.056 3.7001038549696875e-08
29650.056 4.235938179260497e-08
29700.056 2.7465223983237903e-08
29750.056 4.1515201578478775e-08
29800.056 4.2211123034947404e-08
29850.056 4.7571291863931764e-08
29900.056 4.4814743956061316e-08
29950.056 4.18310594132994e-08
30000.056 1.1709425242612471e-08
30050.056 1.8318590202803065e-08
30100.056 2.1397585271965343e-08
30150.056 4.158244398589505e-08
30200.056 3.284961504577509e-08
30250.056 5.823849797147722e-08
30300.056 5.215836346240713e-08
30350.056 4.0095600824420525e-08
30400.056 5.6377682074898744e-08
30450.056 3.7254736920425983e-08
30500.056 3.4215634183238726e-08
30550.056 3.4819731105092556e-08
30600.056 4.748735789280118e-08
30650.056 3.372538102403693e-08
30700.056 3.08524120689314e-08
30750.056 3.715090782417368e-08
30800.056 3.04303521922067e-08
30850.056 2.8816547866027284e-08
30900.056 2.2661644893055722e-08
30950.056 2.26531173114853e-08
31000.056 2.0664210927523285e-08
31050.056 2.074265447715917e-08
31100.056 1.5630527788024904e-08
31150.056 2.1662626273248468e-08
31200.056 2.39274213043062e-08
31250.056 1.6498970680228008e-08
31300.056 1.4597437266921193e-08
31350.056 1.6471994080281424e-08
31400.056 1.2252170376058565e-08
31450.056 1.4004294654296458e-08
31500.056 9.683517020281948e-09
31550.056 1.162551426021244e-08
31600.056 8.56450165169129e-09
31650.056 7.927617686020807e-09
31700.056 8.427740105399783e-09
31750.056 6.035721705879513e-09
31800.056 9.00052938690988e-09
31850.056 5.39826512287986e-09
31900.056 7.368324692940148e-09
31950.056 4.574175147147257e-09
32000.056 6.1564101464948005e-09
32050.056 6.676984340453405e-09
32100.056 6.17843581549371e-09
32150.056 7.2486544767695035e-09
32200.056 5.4156174102307915e-09
32250.056 8.616993822892055e-09
32300.056 5.123617945818954e-09
32350.056 8.823163524259253e-09
32400.056 5.07398384708833e-09
32450.056 7.913082234667883e-09
32500.056 6.47263913467553e-09
32550.056 6.9357553015295395e-09
32600.056 8.13631685242078e-09
32650.056 1.218433488884676e-08
32700.056 9.796267458643002e-09
32750.056 1.3753456194032586e-08
32800.056 1.2747362816179727e-08
32850.056 1.5033636206198462e-08
32900.056 1.615982667930297e-08
32950.056 1.727400327514439e-08
33000.056 1.3806359133096861e-08
33050.056 1.3768969942216236e-08
33100.056 6.086281907667403e-09
33150.056 7.096303918090317e-10
33200.056 9.83146290399409e-10
33250.056 6.335465768858814e-10
33300.056 1.0005273610612379e-09
33350.056 2.1382430462900122e-09
33400.056 3.5988809984885472e-09
33450.056 5.207446338028218e-09
33500.056 9.340024565306046e-09
33550.056 6.8663403498433405e-09
33600.056 1.1800081069238826e-08
33650.056 1.1786986944179391e-08
33700.056 9.151079938037928e-09
33750.056 1.476176550529469e-08
33800.056 8.898666727158294e-09
33850.056 1.226102849775718e-08
33900.056 9.903881552570029e-09
33950.056 1.0136615462116618e-08
34000.056 1.4082752314365737e-08
34050.056 6.404109389167747e-09
34100.056 1.3385909084582507e-08
34150.056 9.290868101940964e-09
34200.056 1.1710608977794314e-08
34250.056 1.1007921386384532e-08
34300.056 9.332803114459756e-09
34350.056 9.684651751780032e-09
34400.056 7.408335176886124e-09
34450.056 1.1842744377844088e-08
34500.056 1.0191066949492218e-08
34550.056 6.910220698644385e-09
34600.056 1.4603471969500167e-08
34650.056 8.263176426730746e-09
34700.056 1.2165847274789191e-08
34750.056 1.123455059268557e-08
34800.056 9.360156721137106e-09
34850.056 1.309838776655316e-08
34900.056 1.1920402079052752e-08
34950.056 1.3868799649096765e-08
35000.056 2.2027620655253996e-08
35050.056 1.218600984043733e-08
35100.056 1.8144068605742452e-08
35150.056 1.7276615644895618e-08
35200.056 1.7279131278628395e-08
35250.056 2.4457139580230757e-08
35300.056 1.6743666983093163e-08
35350.056 1.8169997649403815e-08
35400.056 2.0735073736496938e-08
35450.056 1.3878886995118678e-08
35500.056 2.999015857981576e-08
35550.056 2.567173411140564e-08
35600.056 2.272972593521351e-08
35650.056 2.5704040646750123e-08
35700.056 2.2765499746652945e-08
35750.056 3.097225693059707e-08
35800.056 3.8609515335901424e-08
35850.056 2.2077508480238054e-08
35900.056 3.059434818330547e-08
35950.056 3.059091583238145e-08
36000.056 3.00669536433048e-08
36050.056 2.764153391778964e-08
36100.056 2.8143100247403244e-08
36150.056 3.2921854185491184e-08
36200.056 3.6336625771089276e-08
36250.056 3.1891178836961396e-08
36300.056 4.2968582651770695e-08
36350.056 3.801953614026683e-08
36400.056 4.0239922508171345e-08
36450.056 4.605278515368295e-08
36500.056 4.953531393796301e-08
36550.056 5.259640901101572e-08
36600.056 6.171415023399123e-08
36650.056 5.6722073397828575e-08
36700.056 5.923002783000359e-08
36750.056 6.623514561353212e-08
36800.056 6.704144094499853e-08
36850.056 5.8546063600790335e-08
36900.056 6.884165726237211e-08
36950.056 7.459418481778628e-08
37000.056 6.668599820829035e-08
37050.056 7.315611800719713e-08
37100.056 7.447228364070071e-08
37150.056 6.671023388129718e-08
37200.056 8.195506730598864e-08
37250.056 7.583503019938446e-08
37300.056 6.720444070869742e-08
37350.056 7.64592629132151e-08
37400.056 1.0761082289039738e-07
37450.056 7.656043825011254e-08
37500.056 7.832140169910374e-08
37550.056 1.0120581573065956e-07
37600.056 1.1687577596801446e-07
37650.056 7.611998338800437e-08
37700.056 1.1437703795580885e-07
37750.056 8.50092618796072e-08
37800.056 9.2271536746045e-08
37850.056 6.561126141140558e-08
37900.056 7.701487746882487e-08
37950.056 9.789022816508048e-08
38000.056 1.124855667576981e-07
38050.056 1.1379258356683213e-07
38100.056 1.192396609840157e-07
38150.056 1.2916597428999668e-07
38200.056 1.3529179714102683e-07
38250.056 1.2489070599860774e-07
38300.056 1.6440160882296914e-07
38350.056 1.6593551443403257e-07
38400.056 1.0799920727705226e-07
38450.056 1.0776373908195779e-07
38500.056 7.738409283631193e-08
38550.056 1.2189754694303843e-07
38600.056 1.22179835776493e-07
38650.056 1.2839312161197743e-07
38700.056 1.3400027034199933e-07
38750.056 1.4111689316100433e-07
38800.056 1.2354636149494186e-07
38850.056 1.3313925339502157e-07
38900.056 1.6899339099019535e-07
38950.056 1.309201236899874e-07
39000.056 1.5450878019598812e-07
39050.056 1.3757415130801734e-07
39100.056 1.5080683385499732e-07
39150.056 1.588027616070006e-07
39200.056 1.5120070740338398e-07
39250.056 1.7972055286898358e-07
39300.056 1.5248069805195043e-07
39350.056 2.0000986648901445e-07
39400.056 1.6572950451194601e-07
39450.056 1.7836825484958998e-07
39500.056 1.8047854634902814e-07
39550.056 1.6910015513555304e-07
39600.056 1.9253016292195915e-07
39650.056 2.136011312859823e-07
39700.056 2.0007979934702356e-07
39750.056 1.6017783046995697e-07
39800.056 1.8651987030197088e-07
39850.056 2.379757971520078e-07
39900.056 2.338645543370044e-07
39950.056 2.050911447549662e-07
40000.056 2.6019343899004253e-07
40050.056 2.320829544340006e-07
40100.056 1.838009897257126e-07
40150.056 2.4235183105199445e-07
40200.056 2.494414987869214e-07
40250.056 2.5164046203492553e-07
40300.056 2.475283160870358e-07
40350.056 2.386374562529738e-07
40400.056 2.874620315832109e-07
40450.056 2.3601920826281032e-07
40500.056 2.888974783789877e-07
40550.056 2.9116531479553353e-07
40600.056 2.7632505611603107e-07
40650.056 2.5222512019623785e-07
40700.056 3.5372590354999077e-07
40750.056 2.733683753099502e-07
40800.056 2.2211025773289888e-07
40850.056 3.5720799685007304e-07
40900.056 3.357238370240225e-07
40950.056 2.924710515890196e-07
41000.056 3.0014771968999164e-07
41050.056 3.746072446099488e-07
41100.056 3.1197649945598613e-07
41150.056 2.2713036081617477e-07
41200.056 3.5997814194999473e-07
41250.056 3.1084868491497796e-07
41300.056 2.8001872084794044e-07
41350.056 3.789332463900284e-07
41400.056 3.3788183737804197e-07
41450.056 3.641206540500064e-07
41500.056 2.840638158587008e-07
41550.056 2.7956800144167073e-07
41600.056 3.460595641044531e-07
41650.056 3.519868619320117e-07
41700.056 3.2027503210991437e-07
41750.056 3.222884636179789e-07
41800.056 3.8446378947401925e-07
41850.056 2.665446587139881e-07
41900.056 3.0909224987134155e-07
41950.056 3.134106787130542e-07
42000.056 2.984372001969234e-07
42050.056 2.6567051612701787e-07
42100.056 3.6545701245999364e-07
42150.056 2.7094578203201263e-07
42200.056 2.624071434600003e-07
42250.056 2.7524138982696566e-07
42300.056 2.612766959739975e-07
42350.056 3.125796227480491e-07
42400.056 3.087185210800558e-07
42450.056 2.7518485282703797e-07
42500.056 2.735539906469873e-07
42550.056 2.59327757439972e-07
42600.056 2.774026559350447e-07
42650.056 3.432408199589057e-07
42700.056 2.7746923645036026e-07
42750.056 2.665613179240113e-07
42800.056 2.9903005104604595e-07
42850.056 3.360549916398993e-07
42900.056 3.5428082641407184e-07
42950.056 2.8329344123792063e-07
43000.056 3.2154420123001767e-07
43050.056 2.153786467090779e-07
43100.056 2.867437119559625e-07
43150.056 2.6815690562703073e-07
43200.056 3.1756993506000994e-07
43250.056 3.814071744400116e-07
43300.056 3.7427463315001504e-07
43350.056 2.482995402779357e-07
43400.056 3.049303087639871e-07
43450.056 2.632846078440458e-07
43500.056 2.6954979697801715e-07
43550.056 2.7367414889614244e-07
43600.056 3.549772531580353e-07
43650.056 2.6230636799300735e-07
43700.056 3.672433870010323e-07
43750.056 3.3157777605304717e-07
43800.056 3.12429815288966e-07
43850.056 2.818780860650461e-07
43900.056 2.982807639409647e-07
43950.056 2.171715902149778e-07
44000.056 2.0411528801500226e-07
44050.056 3.3978779158101027e-07
44100.056 4.0548258642002e-07
44150.056 3.8930618131896397e-07
44200.056 3.4519245104999557e-07
44250.056 2.582051944560112e-07
44300.056 2.2671879874804125e-07
44350.056 2.569650484123698e-07
44400.056 2.480600357239887e-07
44450.056 3.139966220549772e-07
44500.056 3.1346346941507244e-07
44550.056 3.838085080199586e-07
44600.056 3.3063758624502565e-07
44650.056 3.3766608257504607e-07
44700.056 2.4834781710799283e-07
44750.056 3.2092136413704656e-07
44800.056 2.839151419950317e-07
44850.056 3.424943347700518e-07
44900.056 2.7752628086002434e-07
44950.056 3.0719379722601057e-07
45000.056 3.2907963294999337e-07
45050.056 3.214758101319858e-07
45100.056 3.1910366114600475e-07
45150.056 3.159745238599677e-07
45200.056 2.569851689130264e-07
45250.056 2.8605486430792105e-07
45300.056 2.582033507950377e-07
45350.056 2.620706997299938e-07
45400.056 3.712159382700313e-07
45450.056 3.3501314936999513e-07
45500.056 3.428875138000118e-07
45550.056 3.8323630812991e-07
45600.056 3.7322413843004406e-07
45650.056 3.065965239899721e-07
45700.056 2.6954722725300993e-07
45750.056 2.58000216321003e-07
45800.056 3.7871130119200764e-07
45850.056 3.821500155599923e-07
45900.056 4.040394344700108e-07
45950.056 3.2786996970199023e-07
46000.056 3.845494494250251e-07
46050.056 3.267357045000163e-07
46100.056 3.9073418207997186e-07
46150.056 3.063249709089883e-07
46200.056 2.9416828253100793e-07
46250.056 1.9607448811376712e-07
46300.056 3.3019738902800205e-07
46350.056 3.1940178530002985e-07
46400.056 3.119517079200103e-07
46450.056 2.9204735081203635e-07
46500.056 3.084016098640687e-07
46550.056 2.3730624386700067e-07
46600.056 2.987351619079817e-07
46650.056 4.2159396316699973e-07
46700.056 3.053872980929622e-07
46750.056 2.2265435618581552e-07
46800.056 1.7520664645801372e-07
46850.056 4.116830432000662e-07
46900.056 3.7025703328197173e-07
46950.056 3.659076183499819e-07
47000.056 3.3240109031204643e-07
47050.056 3.1667149215088807e-07
47100.056 2.2137635071543106e-07
47150.056 2.853040611540453e-07
47200.056 3.458933751820069e-07
47250.056 2.528992551739764e-07
47300.056 1.9121087010981238e-07
47350.056 3.7194818574998026e-07
47400.056 3.428547399299672e-07
47450.056 3.2542719835404e-07
47500.056 3.784602291999602e-07
47550.056 3.3287827857000653e-07
47600.056 3.358707158849776e-07
47650.056 3.0028342105215394e-07
47700.056 3.025619006709866e-07
47750.056 2.2461777110400545e-07
47800.056 2.336513157750115e-07
47850.056 1.7144945523401342e-07
47900.056 2.1977073758296697e-07
47950.056 2.9561976562401954e-07
48000.056 3.9876156150004786e-07
48050.056 3.528275478979964e-07
48100.056 2.1010908959801616e-07
48150.056 2.866645393670167e-07
48200.056 2.550732653060007e-07
48250.056 2.6419368848201397e-07
48300.056 3.7257277621992244e-07
48350.056 2.395029347480111e-07
48400.056 1.4218575371177127e-07
48450.056 2.4347737015505965e-07
48500.056 3.134337472079491e-07
48550.056 2.726249810620087e-07
48600.056 2.979165792160063e-07
48650.056 3.265983206299818e-07
48700.056 2.789414391410039e-07
48750.056 1.8333380646609029e-07
48800.056 3.6034257864600264e-07
48850.056 2.2785123073895523e-07
48900.056 3.40015745783989e-07
48950.056 2.2960137682601997e-07
49000.056 1.382541591873811e-07
49050.056 2.90038618368965e-07
49100.056 3.133741257820568e-07
49150.056 2.610107723751186e-07
49200.056 3.3894976681005006e-07
49250.056 3.284363833580444e-07
49300.056 2.855049248019947e-07
49350.056 1.7006931002703057e-07
49400.056 2.3251404361296157e-07
49450.056 2.464807981475755e-07
49500.056 1.995715097979829e-07
49550.056 1.0279284139100993e-07
49600.056 1.8173727875143753e-07
49650.056 2.3058660228598438e-07
49700.056 2.2740534241993497e-07
49750.056 2.805241112559611e-07
49800.056 2.1935902940680787e-07
49850.056 3.276687052300676e-07
49900.056 2.6233609820997797e-07
49950.056 2.514711866929956e-07
50000.056 2.3337318599297603e-07
50050.056 2.8351803784999345e-07
50100.056 2.2874546048600977e-07
50150.056 1.5071067742898145e-07
50200.056 7.125572671561592e-08
50250.056 2.0338742920997866e-07
50300.056 1.611934869430176e-07
50350.056 2.784735993840322e-07
50400.056 2.468044063199831e-07
50450.056 1.9234546171241114e-07
50500.056 2.636862813030287e-07
50550.056 2.3947987782101824e-07
50600.056 1.964078757139482e-07
50650.056 2.70870192437053e-07
50700.056 2.9058566909191813e-07
50750.056 2.1954958798703094e-07
50800.056 1.2890738045498494e-07
50850.056 1.1386674918303721e-07
50900.056 2.8218174662199565e-07
50950.056 2.1335854886401657e-07
51000.056 2.256511040419134e-07
51050.056 2.283901110759866e-07
51100.056 1.1886834713768356e-07
51150.056 1.6665039767339605e-07
51200.056 3.1740794098997487e-07
51250.056 2.028850263759647e-07
51300.056 1.5846552110706183e-07
51350.056 1.7793335969198694e-07
51400.056 1.0137501476000353e-07
51450.056 8.577396860837812e-08
51500.056 9.084161187703064e-08
51550.056 2.077458698452141e-07
51600.056 1.495591179970241e-07
51650.056 1.5976189975497082e-07
51700.056 1.8378217587778448e-07
51750.056 1.2866968055701197e-07
51800.056 1.9911325318195444e-07
51850.056 1.7847926191198983e-07
51900.056 2.619882969460299e-07
51950.056 1.906606071239825e-07
52000.056 6.26632216569862e-08
52050.056 1.32438566472016e-07
52100.056 1.0061235825099273e-07
52150.056 8.34095270620083e-08
52200.056 1.0457744488389894e-07
52250.056 1.411250768330234e-07
52300.056 2.1506969630998692e-07
52350.056 1.3078385351640236e-07
52400.056 1.016222641604091e-07
52450.056 1.94277885989013e-07
52500.056 1.8767648941894905e-07
52550.056 1.8195237751897058e-07
52600.056 1.5013412396501461e-07
52650.056 1.5618067201502387e-07
52700.056 1.3436074050099747e-07
52750.056 8.858427373019647e-08
52800.056 1.1452470123901622e-07
52850.056 1.265364603379604e-07
52900.056 1.052479006091793e-07
52950.056 1.2047660254940528e-07
53000.056 1.7136182808201045e-07
53050.056 8.763168232037533e-08
53100.056 1.4332960962897542e-07
53150.056 1.9965404744002134e-07
53200.056 8.988738163679375e-08
53250.056 1.7415942163601312e-07
53300.056 1.8834699353589926e-07
53350.056 1.760479315759978e-07
53400.056 1.5577040019600035e-07
53450.056 8.186721586948553e-08
