galfind/configs/Brown_Dwarf_templates/sonora_bobcat/m+0.5/562g/sp_t600g562nc_m+0.5_resample.dat
# %ECSV 1.0
# ---
# datatype:
# - {name: wav, unit: Angstrom, datatype: float64}
# - {name: flux_nu, unit: erg / (cm2 Hz s), datatype: float64}
# meta: {C/O: '1.00', Kzz: '1.0000E+05', Teff: '600.', Y: '0.28', '[Fe/H]': '0.50', f_hole: '1.00', f_rain: '0.00', grav: '562.'}
# schema: astropy-2.0
wav flux_nu
[from data line 499]
28950.056 3.253083105514501e-09
29000.056 2.5651144405607126e-09
29050.056 3.36255768526692e-09
29100.056 2.1231436367903985e-09
29150.056 3.385693945652707e-09
29200.056 3.186401822435424e-09
29250.056 5.0569958673043725e-09
29300.056 2.259917115378951e-09
29350.056 7.549498239870865e-09
29400.056 3.0976794044577473e-09
29450.056 3.2812069667869944e-09
29500.056 5.363613849902067e-09
29550.056 3.119216200407961e-09
29600.056 4.299154742599285e-09
29650.056 7.117992265322385e-09
29700.056 2.9485210721948035e-09
29750.056 5.903572158890384e-09
29800.056 5.6822345274195495e-09
29850.056 6.888297321606144e-09
29900.056 5.453160466516132e-09
29950.056 5.290830109150997e-09
30000.056 3.0263675124224165e-10
30050.056 8.697925493558727e-10
30100.056 2.0652200845944407e-09
30150.056 5.4079063027542015e-09
30200.056 4.3637380026196275e-09
30250.056 9.222307542369493e-09
30300.056 9.824287349290118e-09
30350.056 4.652313030206902e-09
30400.056 1.0591350268774802e-08
30450.056 6.249950183533544e-09
30500.056 6.224824602546245e-09
30550.056 5.383767811553311e-09
30600.056 1.220449256792923e-08
30650.056 6.7806672062255485e-09
30700.056 5.619441239487966e-09
30750.056 8.849989450212738e-09
30800.056 6.366958036106818e-09
30850.056 6.785080013683817e-09
30900.056 4.20714450915246e-09
30950.056 4.508073745044185e-09
31000.056 4.39218019029311e-09
31050.056 4.294395895478018e-09
31100.056 2.668665237982809e-09
31150.056 4.643120665452719e-09
31200.056 6.903964115897181e-09
31250.056 4.281407673429229e-09
31300.056 3.1474885384611777e-09
31350.056 4.531029510464323e-09
31400.056 3.2504427659292787e-09
31450.056 3.6432224872770673e-09
31500.056 1.7916740544870445e-09
31550.056 2.5988083911659153e-09
31600.056 1.726212402318234e-09
31650.056 1.642317520178167e-09
31700.056 1.7712064932172173e-09
31750.056 9.498179340861387e-10
31800.056 1.891224393505338e-09
31850.056 6.037146553487432e-10
31900.056 1.1500870824473939e-09
31950.056 6.643708257097619e-10
32000.056 8.093670514552197e-10
32050.056 9.818155846334023e-10
32100.056 8.494564184915198e-10
32150.056 1.0992103462950364e-09
32200.056 6.165649844666492e-10
32250.056 1.4412669797749245e-09
32300.056 5.725342847887881e-10
32350.056 1.386466752861963e-09
32400.056 4.679609062793298e-10
32450.056 1.2027315161309899e-09
32500.056 6.323044909396261e-10
32550.056 9.692384626422014e-10
32600.056 8.719109406790482e-10
32650.056 2.0828824958301636e-09
32700.056 1.1730882269857734e-09
32750.056 2.964104170696881e-09
32800.056 2.366674516405488e-09
32850.056 3.806869764782482e-09
32900.056 3.6768861123469558e-09
32950.056 4.05100899181643e-09
33000.056 2.4181217117800272e-09
33050.056 2.919132091482277e-09
33100.056 8.919778155273146e-10
33150.056 6.496936015735914e-12
33200.056 3.807382685400812e-11
33250.056 3.47140056040151e-11
33300.056 1.1762638832456165e-10
33350.056 3.567955870777502e-10
33400.056 8.76924658422686e-10
33450.056 9.947448160543354e-10
33500.056 2.6396452078521623e-09
33550.056 1.023757951151015e-09
33600.056 2.375200273616359e-09
33650.056 2.2525288267899046e-09
33700.056 1.298677691948963e-09
33750.056 3.114510255173483e-09
33800.056 8.002405515136516e-10
33850.056 1.905140142770316e-09
33900.056 1.7715001307832498e-09
33950.056 1.5365402541341972e-09
34000.056 2.795533132765796e-09
34050.056 7.254690990773312e-10
34100.056 2.46521624933879e-09
34150.056 1.3123433432210835e-09
34200.056 2.469412106815614e-09
34250.056 1.896966146160005e-09
34300.056 1.6157368270568213e-09
34350.056 2.303385736676134e-09
34400.056 1.1375783519391982e-09
34450.056 2.633704126453961e-09
34500.056 1.7930902329838302e-09
34550.056 9.770958159310887e-10
34600.056 3.5336838667105192e-09
34650.056 1.1540811138982812e-09
34700.056 2.797741207330849e-09
34750.056 2.1044117462260645e-09
34800.056 1.6544777129324301e-09
34850.056 3.5998318827378054e-09
34900.056 1.9770402707540978e-09
34950.056 3.379374652678687e-09
35000.056 6.388284618103248e-09
35050.056 2.729175052342595e-09
35100.056 5.695010373637439e-09
35150.056 5.040134939032738e-09
35200.056 4.420410293237943e-09
35250.056 7.474037270369914e-09
35300.056 3.84510817609315e-09
35350.056 4.831880291580317e-09
35400.056 5.018017530547011e-09
35450.056 3.431368504209957e-09
35500.056 1.003690490382e-08
35550.056 7.060154342741713e-09
35600.056 6.719551868805284e-09
35650.056 7.265316334705961e-09
35700.056 6.739720405512416e-09
35750.056 1.0318729990003499e-08
35800.056 1.135987512855294e-08
35850.056 5.230432750054494e-09
35900.056 7.530172323144618e-09
35950.056 8.69247836734287e-09
36000.056 8.789231676251272e-09
36050.056 7.156126649554807e-09
36100.056 6.928683978588276e-09
36150.056 1.0631486753503867e-08
36200.056 1.2037285011802332e-08
36250.056 9.2426255979743e-09
36300.056 1.5918704951755307e-08
36350.056 1.1686759468979516e-08
36400.056 1.4818201639786639e-08
36450.056 1.549280421862996e-08
36500.056 1.771096235558956e-08
36550.056 2.0343287455574505e-08
36600.056 2.3290619059892142e-08
36650.056 1.9414478863609827e-08
36700.056 1.995800908928393e-08
36750.056 2.396921691961267e-08
36800.056 2.5883524581507374e-08
36850.056 1.869469057286267e-08
36900.056 2.5673969726888234e-08
36950.056 2.7035880823094975e-08
37000.056 2.1388859008333324e-08
37050.056 2.8102223728788247e-08
37100.056 2.4450723482597776e-08
37150.056 2.3085170775076866e-08
37200.056 3.160832456879255e-08
37250.056 2.4575824264895206e-08
37300.056 2.083150019823113e-08
37350.056 2.8783363434224942e-08
37400.056 4.145213466563223e-08
37450.056 2.288351858007589e-08
37500.056 2.6492106815096874e-08
37550.056 4.026419517896281e-08
37600.056 5.1229113747010984e-08
37650.056 2.404053894113146e-08
37700.056 4.2172851250423265e-08
37750.056 2.9052725976515377e-08
37800.056 3.138008071430615e-08
37850.056 1.916404700642748e-08
37900.056 2.388729616764397e-08
37950.056 3.725342904127487e-08
38000.056 3.863229202090811e-08
38050.056 4.412462924255704e-08
38100.056 5.0477771818689955e-08
38150.056 5.297211072039923e-08
38200.056 5.173557982840694e-08
38250.056 4.8313966125899696e-08
38300.056 7.049126846918101e-08
38350.056 6.962280455442171e-08
38400.056 3.766662703318097e-08
38450.056 2.9613906108717916e-08
38500.056 1.9529386284902073e-08
38550.056 4.153985188981526e-08
38600.056 4.1786812755293835e-08
38650.056 4.69732035155897e-08
38700.056 4.515252965029755e-08
38750.056 4.5913064884006765e-08
38800.056 4.4206939783058564e-08
38850.056 4.783553766229517e-08
38900.056 6.255169113207232e-08
38950.056 4.257376217793879e-08
39000.056 5.693838570595852e-08
39050.056 4.561891061402034e-08
39100.056 5.450873775805899e-08
39150.056 6.324832862640287e-08
39200.056 5.2742152319988823e-08
39250.056 7.103785316809882e-08
39300.056 5.5285399907184846e-08
39350.056 8.280533513220295e-08
39400.056 5.866156480039911e-08
39450.056 6.989924466075295e-08
39500.056 7.345723332001646e-08
39550.056 5.355833796511091e-08
39600.056 7.382392236279581e-08
39650.056 8.733405498958763e-08
39700.056 7.995104696120977e-08
39750.056 5.331145794545843e-08
39800.056 6.342144901819843e-08
39850.056 9.940197015400724e-08
39900.056 1.0122114696600359e-07
39950.056 6.952308413528784e-08
40000.056 1.0068213601221193e-07
40050.056 9.455332478679797e-08
40100.056 5.680208936266476e-08
40150.056 9.487433214320278e-08
40200.056 9.927922812097205e-08
40250.056 1.0548240339196936e-07
40300.056 1.0226735729500859e-07
40350.056 8.333329823778537e-08
40400.056 1.1254827908162039e-07
40450.056 7.562638887867455e-08
40500.056 1.1786973688798615e-07
40550.056 1.2118041218003605e-07
40600.056 1.0725663515900983e-07
40650.056 9.16872955721779e-08
40700.056 1.512097523789914e-07
40750.056 1.062922434719788e-07
40800.056 7.73815743156625e-08
40850.056 1.6094929130403564e-07
40900.056 1.4207238398800042e-07
40950.056 1.2001729972001631e-07
41000.056 1.1289564610749184e-07
41050.056 1.67224637938963e-07
41100.056 1.3845501752199513e-07
41150.056 7.895552436111213e-08
41200.056 1.633768231430101e-07
41250.056 1.3353507738418609e-07
41300.056 1.257519657229862e-07
41350.056 1.6889168063899547e-07
41400.056 1.4869967432001237e-07
41450.056 1.727987714049783e-07
41500.056 1.2179807234327004e-07
41550.056 1.1623305741582884e-07
41600.056 1.4009379259043736e-07
41650.056 1.5746041686500644e-07
41700.056 1.5709924808496068e-07
41750.056 1.440040263989806e-07
41800.056 1.7479864611903766e-07
41850.056 1.290697373668829e-07
41900.056 1.3720767971684723e-07
41950.056 1.4930104139701923e-07
42000.056 1.2652498821338574e-07
42050.056 1.1721989146314806e-07
42100.056 1.6785612766218265e-07
42150.056 1.2599889462880963e-07
42200.056 1.2648778526699537e-07
42250.056 1.2528162256300178e-07
42300.056 1.194297348158004e-07
42350.056 1.5775071150302034e-07
42400.056 1.6528172303001889e-07
42450.056 1.442921950250406e-07
42500.056 1.4192076222898943e-07
42550.056 1.2632275962897978e-07
42600.056 1.4533971295734506e-07
42650.056 2.0630316918494093e-07
42700.056 1.293373591459551e-07
42750.056 1.368744421160173e-07
42800.056 1.7163232289602214e-07
42850.056 1.8912997264094467e-07
42900.056 2.0759034059903968e-07
42950.056 1.5466579427997066e-07
43000.056 1.7867024556501736e-07
43050.056 1.0178893394532411e-07
43100.056 1.5091760982197902e-07
43150.056 1.304844470295141e-07
43200.056 1.7595307375101108e-07
43250.056 2.3740941894001944e-07
43300.056 2.2511424227200625e-07
43350.056 1.2356758150296708e-07
43400.056 1.6926937732800268e-07
43450.056 1.26342232698616e-07
43500.056 1.3312882876702673e-07
43550.056 1.415350233946179e-07
43600.056 1.9991714516402372e-07
43650.056 1.3091699648270398e-07
43700.056 2.2895567844203537e-07
43750.056 1.9227462090300792e-07
43800.056 1.7760719719598435e-07
43850.056 1.57554371933019e-07
43900.056 1.4878091767098539e-07
43950.056 1.0083558649698927e-07
44000.056 9.524588613579782e-08
44050.056 2.020660543040051e-07
44100.056 2.667158729480032e-07
44150.056 2.4972616734699347e-07
44200.056 2.1074449501599883e-07
44250.056 1.3022293309799847e-07
44300.056 1.0752706835001936e-07
44350.056 1.2495511854883267e-07
44400.056 1.1603658230748961e-07
44450.056 1.8371297378799508e-07
44500.056 1.7163204994703567e-07
44550.056 2.3800461025997618e-07
44600.056 2.0926438146740574e-07
44650.056 1.910479676220189e-07
44700.056 1.2881786805899252e-07
44750.056 1.8540942673103906e-07
44800.056 1.4379192102401595e-07
44850.056 1.9924917669801808e-07
44900.056 1.5482082788020566e-07
44950.056 1.7923302986801049e-07
45000.056 2.0073052831500621e-07
45050.056 1.8895006483798068e-07
45100.056 1.7950572592400701e-07
45150.056 1.738574416450757e-07
45200.056 1.3483092404101224e-07
45250.056 1.5438545370795955e-07
45300.056 1.3369992240102e-07
45350.056 1.305566157022199e-07
45400.056 2.473864865500276e-07
45450.056 2.1384380390901534e-07
45500.056 2.3892771854501447e-07
45550.056 2.5908022092493406e-07
45600.056 2.436727713200401e-07
45650.056 1.9673468228199953e-07
45700.056 1.402819197619951e-07
45750.056 1.308981787503039e-07
45800.056 2.6841172416100774e-07
45850.056 2.377504972609864e-07
45900.056 2.6990595243199717e-07
45950.056 2.139341424869961e-07
46000.056 2.559645722345237e-07
46050.056 1.9307263384900697e-07
46100.056 2.826709311999749e-07
46150.056 1.7970273036100553e-07
46200.056 1.6324234184698725e-07
46250.056 8.204722607888866e-08
46300.056 1.9106432525200256e-07
46350.056 1.9542784244002224e-07
46400.056 1.7854094642900575e-07
46450.056 1.6067925006331334e-07
46500.056 1.846717841010433e-07
46550.056 1.1197186219600763e-07
46600.056 1.6071068518857842e-07
46650.056 2.4712510620701654e-07
46700.056 1.5660466188095792e-07
46750.056 9.698016820901361e-08
46800.056 7.0017669140703e-08
46850.056 2.40600472058036e-07
46900.056 2.2476839434199156e-07
46950.056 2.1644557884197818e-07
47000.056 2.0624336609503583e-07
47050.056 1.642858004715431e-07
47100.056 1.1334215075751343e-07
47150.056 1.6597478221102723e-07
47200.056 1.9981407068999453e-07
47250.056 1.2338688493398495e-07
47300.056 8.479888424601296e-08
47350.056 2.330246676559965e-07
47400.056 1.9651905960098255e-07
47450.056 1.8001143769292479e-07
47500.056 2.3380918316297568e-07
47550.056 2.0119432264200889e-07
47600.056 2.0055642452598696e-07
47650.056 1.927562780437456e-07
47700.056 1.594183962499648e-07
47750.056 1.2022309352700487e-07
47800.056 1.0900786085201104e-07
47850.056 6.599213896570988e-08
47900.056 9.402571599698878e-08
47950.056 1.7523250828400944e-07
48000.056 2.408596898400234e-07
48050.056 2.0683423670399335e-07
48100.056 9.512631390740874e-08
48150.056 1.5693926259800372e-07
48200.056 1.2013289712280033e-07
48250.056 1.4061704814900541e-07
48300.056 2.234746841199716e-07
48350.056 1.3697684513299629e-07
48400.056 5.162685854854833e-08
48450.056 1.019005846356241e-07
48500.056 1.4894047455096918e-07
48550.056 1.522318460086124e-07
48600.056 1.6752759339800413e-07
48650.056 2.1179173431598912e-07
48700.056 1.4793232046401397e-07
48750.056 9.539879488904249e-08
48800.056 1.976046369890043e-07
48850.056 1.1564361228757962e-07
48900.056 1.7038191909366694e-07
48950.056 9.99986647850042e-08
49000.056 5.409850353871934e-08
49050.056 1.4638506187797861e-07
49100.056 1.7592163104953233e-07
49150.056 1.3062873209787784e-07
49200.056 1.9695736644203604e-07
49250.056 1.9291697694202219e-07
49300.056 1.6320655244599612e-07
49350.056 7.65302828845156e-08
49400.056 1.101422689760739e-07
49450.056 1.1305188732883173e-07
49500.056 9.069213660749153e-08
49550.056 3.024437109150153e-08
49600.056 6.980403806541242e-08
49650.056 1.1676481603199602e-07
49700.056 1.2169132444796154e-07
49750.056 1.384848530874921e-07
49800.056 9.847854719951882e-08
49850.056 1.711980713250301e-07
49900.056 1.3686341081238864e-07
49950.056 1.332905416850011e-07
50000.056 1.1453652672097773e-07
50050.056 1.407982456969999e-07
50100.056 1.0992181779899682e-07
50150.056 6.193112353758945e-08
50200.056 1.8067741441926374e-08
50250.056 8.027276411999475e-08
50300.056 5.5733065622997296e-08
50350.056 1.3223265260201768e-07
50400.056 1.2722267439698855e-07
50450.056 9.470688483780298e-08
50500.056 1.4219514171701153e-07
50550.056 1.256382129030089e-07
50600.056 9.508233726197392e-08
50650.056 1.4818959742402641e-07
50700.056 1.5237661115897247e-07
50750.056 1.0450500068141203e-07
50800.056 4.750174150575203e-08
50850.056 3.3325588428413884e-08
50900.056 1.3125635734900086e-07
50950.056 1.036649068119988e-07
51000.056 9.617525220910648e-08
51050.056 1.1753690333098615e-07
51100.056 5.0351050493945544e-08
51150.056 6.585112525400949e-08
51200.056 1.5804680978499107e-07
51250.056 1.0303823002078218e-07
51300.056 7.360207610872761e-08
51350.056 7.863961203109163e-08
51400.056 3.604490373510452e-08
51450.056 2.847491164334632e-08
51500.056 2.7794716562290706e-08
51550.056 8.48867478566095e-08
51600.056 6.376296955801352e-08
51650.056 7.536070270598985e-08
51700.056 8.557495499316702e-08
51750.056 5.665963122685825e-08
51800.056 9.623756398798137e-08
51850.056 8.081582237369433e-08
51900.056 1.1630044065400053e-07
51950.056 7.577987775999183e-08
52000.056 1.3045612922345699e-08
52050.056 4.525959568060636e-08
52100.056 3.05227209791967e-08
52150.056 2.0726709007503783e-08
52200.056 3.997153382129991e-08
52250.056 5.777945610881327e-08
52300.056 8.620394399799633e-08
52350.056 3.857893342925574e-08
52400.056 3.517248576210191e-08
52450.056 9.05687659250075e-08
52500.056 7.823174801947708e-08
52550.056 7.80420907549919e-08
52600.056 5.893499389419992e-08
52650.056 6.705296993930866e-08
52700.056 5.220237198139791e-08
52750.056 2.7200641074375678e-08
52800.056 4.1691417146205506e-08
52850.056 4.761486250688508e-08
52900.056 3.023150605325421e-08
52950.056 4.042295803460384e-08
53000.056 6.195209104900997e-08
53050.056 2.762619753139258e-08
53100.056 6.462898823099204e-08
53150.056 7.679959393100806e-08
53200.056 3.292023787691806e-08
53250.056 6.879249396900454e-08
53300.056 8.193517692331523e-08
53350.056 6.642209352700118e-08
53400.056 4.8825748215993364e-08
53450.056 2.176903930019347e-08
53500.056 6.522138689992728e-09
53550.056 1.4631458058139912e-08
