galfind/configs/Brown_Dwarf_templates/sonora_bobcat/m+0.5/562g/sp_t325g562nc_m+0.5_resample.dat
# %ECSV 1.0
# ---
# datatype:
# - {name: wav, unit: Angstrom, datatype: float64}
# - {name: flux_nu, unit: erg / (cm2 Hz s), datatype: float64}
# meta: {C/O: '1.00', Kzz: '1.0000E+05', Teff: '325.', Y: '0.28', '[Fe/H]': '0.50', f_hole: '1.00', f_rain: '0.00', grav: '562.'}
# schema: astropy-2.0
wav flux_nu
4000.0559999999996 nan
4050.0559999999996 4.397586531029091e-18
4100.056 1.2678399030600184e-16
4150.056 6.634391655200053e-16
4200.056 7.660432371060037e-16
4250.056 4.1639254047000315e-15
4300.056 8.977519996800041e-15
4350.056 1.616199091500006e-14
4400.056 2.711405739900009e-14
4450.056 4.2733479687000115e-14
4500.056 6.55702007620002e-14
4550.056 7.828363986099979e-14
4600.056 3.9317289726999934e-14
4650.056 3.0479118633999925e-14
4700.056 2.2029218594999932e-14
4750.056 1.4842134051999954e-14
4800.056 1.0760422698899969e-14
4850.056 7.485792911899975e-15
4900.056 5.702495619499989e-15
4950.056 4.543104948899991e-15
5000.056 3.186354457899987e-15
5050.056 2.315601061700006e-15
5100.056 2.451642420300014e-15
5150.056 2.7657911898999998e-15
5200.056 3.103620770100007e-15
5250.056 3.376794552000003e-15
5300.056 3.668441325800004e-15
5350.056 4.009737440300005e-15
5400.056 4.2970960804000056e-15
5450.056 4.718430257200019e-15
5500.056 5.242735633300005e-15
5550.056 5.799398451000003e-15
5600.056 6.277955227300006e-15
5650.056 6.6352161009e-15
5700.056 6.548830345700011e-15
5750.056 6.5821397187e-15
5800.056 6.078851862099984e-15
5850.056 4.2788405669999476e-15
5900.056 1.2355271630390759e-15
5950.056 7.438192239400215e-15
6000.056 1.5183820135099967e-14
6050.056 2.821754875200022e-14
6100.056 4.76203570250004e-14
6150.056 7.367150902100045e-14
6200.056 1.0789737122400055e-13
6250.056 1.4619864519000022e-13
6300.056 2.0504091288000036e-13
6350.056 2.818315116300004e-13
6400.056 3.798211475200013e-13
6450.056 4.387212236799952e-13
6500.056 5.773878328900074e-13
6550.056 7.998383775799846e-13
6600.056 1.101605450750022e-12
6650.056 1.5499614034500108e-12
6700.056 1.961575908000009e-12
6750.056 2.684234928000012e-12
6800.056 3.052312215100008e-12
6850.056 2.916188112099994e-12
6900.056 2.080578042819997e-12
6950.056 1.2851300518000147e-12
7000.056 1.4087207689099614e-12
7050.056 1.3781598799500018e-12
7100.056 1.5344178534099842e-12
7150.056 1.054336832087878e-12
7200.056 6.50302380794688e-13
7250.056 7.396240921484724e-13
7300.056 7.391868482140591e-13
7350.056 1.0255628726305942e-12
7400.056 1.350514192290035e-12
7450.056 1.902500492770062e-12
7500.056 2.3984079361000054e-12
7550.056 2.8032735629000057e-12
7600.056 3.0383059694999997e-12
7650.056 1.9078699096699736e-12
7700.056 1.9741520785000286e-12
7750.056 3.85675793430003e-12
7800.056 4.663902439600006e-12
7850.056 5.2331036965999315e-12
7900.056 6.273982000699968e-12
7950.056 7.404825980800004e-12
8000.056 8.70435316010003e-12
8050.056 1.0056990065700104e-11
8100.056 6.436933029202694e-12
8150.056 3.791460604115719e-12
8200.056 9.279131065773452e-12
8250.056 9.805449153954482e-12
8300.056 1.0749359820845629e-11
8350.056 1.2280584710092549e-11
8400.056 1.630202166525037e-11
8450.056 2.616349988869999e-11
8500.056 3.392703781099997e-11
8550.056 4.448351864200074e-11
8600.056 5.56547981160003e-11
8650.056 6.331819491000029e-11
8700.056 6.227774127900034e-11
8750.056 6.502707514200023e-11
8800.056 5.955207810199911e-11
8850.056 4.041606133599791e-11
8900.056 3.585185957150572e-12
8950.056 1.4478437799802069e-12
9000.056 1.4820655950984002e-12
9050.056 9.151737089745133e-12
9100.056 1.09308377968894e-11
9150.056 1.4341298907233825e-11
9200.056 3.2817141518969246e-11
9250.056 2.109672353277333e-11
9300.056 7.814164644171161e-14
9350.056 1.2125170709351732e-13
9400.056 1.7416581778379333e-12
9450.056 1.02826540262447e-12
9500.056 7.646467831247307e-13
9550.056 6.899347366524808e-13
9600.056 1.0541369296303778e-12
9650.056 3.0453307321994096e-12
9700.056 1.5469997171443817e-11
9750.056 1.0605156509119185e-11
9800.056 1.3545533299858207e-11
9850.056 1.7503529910515947e-11
9900.056 2.860256450374263e-11
9950.056 2.977491155290223e-11
10000.056 3.3089373793329285e-11
10050.056 3.99449296370002e-11
10100.056 4.013949638100025e-11
10150.056 2.3395680902299746e-11
10200.056 7.9125318859308e-12
10250.056 1.222964878532955e-11
10300.056 2.745866334801738e-11
10350.056 1.1412300594378687e-11
10400.056 4.106919774986485e-11
10450.056 7.867012870018967e-11
10500.056 1.4239038603980451e-10
10550.056 2.6554419584300423e-10
10600.056 3.635008626500095e-10
10650.056 4.090463683100019e-10
10700.056 3.6026610509999575e-10
10750.056 3.867420362519939e-10
10800.056 3.5954637548400385e-10
10850.056 2.957350150573074e-10
10900.056 1.9218374522599072e-10
10950.056 6.901437369199829e-11
11000.056 2.466683101660653e-11
11050.056 7.791793256172576e-12
11100.056 2.0554110500377165e-12
11150.056 3.9701853402459603e-13
11200.056 1.6069882851961402e-13
11250.056 1.5020618654988524e-13
11300.056 5.225523997272144e-13
11350.056 6.621462523808161e-14
11400.056 1.1446617700455855e-12
11450.056 4.1494589324997933e-13
11500.056 4.246886262653756e-13
11550.056 6.131818122698606e-14
11600.056 1.1881351011086424e-14
11650.056 1.5699976431195264e-13
11700.056 2.56026804977359e-13
11750.056 5.790117605079677e-14
11800.056 4.72112953651976e-13
11850.056 5.166263044247217e-13
11900.056 5.082720406012285e-13
11950.056 9.156571057661639e-13
12000.056 1.5788556389969583e-12
12050.056 3.0217228481449693e-12
12100.056 3.670053325119909e-12
12150.056 5.875834917336634e-12
12200.056 6.521966903808071e-12
12250.056 1.566693432104369e-11
12300.056 3.739526395702409e-11
12350.056 5.0327454555051096e-11
12400.056 1.0195183697719912e-10
12450.056 2.051500396860046e-10
12500.056 2.5834805840200497e-10
12550.056 3.169377598570055e-10
12600.056 5.275064711850378e-10
12650.056 8.283242593619926e-10
12700.056 8.785397382799943e-10
12750.056 4.3608022786301513e-10
12800.056 1.9295856215897738e-10
12850.056 6.708862036369578e-11
12900.056 3.947099194267735e-11
12950.056 2.5927891076644134e-11
13000.056 3.226227714562628e-11
13050.056 1.5363409579416615e-11
13100.056 1.3422408385594247e-11
13150.056 5.345182591951611e-12
13200.056 7.347363875623195e-12
13250.056 6.984533295479737e-12
13300.056 2.1962783042818276e-12
13350.056 9.662120144570679e-13
13400.056 2.7182509053846275e-13
13450.056 3.7893854873972115e-14
13500.056 6.345305936337736e-15
13550.056 6.799047038831213e-16
13600.056 6.089750121038604e-17
13650.056 8.315442596058471e-16
13700.056 3.0046508339554387e-16
13750.056 2.5444642604718827e-15
13800.056 2.285014108572446e-15
13850.056 5.653508490975929e-16
13900.056 2.0310017699130294e-15
13950.056 1.4113742898581223e-15
14000.056 3.1974285729410847e-15
14050.056 4.302654614813032e-15
14100.056 4.5262070624377044e-15
14150.056 2.1066127841959267e-14
14200.056 1.3311473865190195e-14
14250.056 2.5187888137416272e-14
14300.056 1.1700131180774647e-13
14350.056 8.154430359628538e-14
14400.056 7.708869576341046e-14
14450.056 2.1517984478817282e-13
14500.056 5.670702331954238e-13
14550.056 7.663471329174037e-13
14600.056 1.1364785592296934e-12
14650.056 3.0561826508355356e-13
14700.056 1.1117580676091952e-13
14750.056 2.533262401887288e-14
14800.056 3.5703020801647016e-14
14850.056 4.0253542503113636e-14
14900.056 3.55971906464987e-14
14950.056 1.9014545620301535e-14
15000.056 9.08730293760189e-14
15050.056 1.258671307441607e-13
15100.056 3.426741488182434e-14
15150.056 8.397798191980268e-15
15200.056 8.12014592157584e-14
15250.056 1.9110199213113838e-13
15300.056 2.9895057888653217e-13
15350.056 4.763189548497682e-13
15400.056 5.223188850144944e-13
15450.056 8.745496042359418e-13
15500.056 1.2730840027991228e-12
15550.056 4.209446864824028e-12
15600.056 9.114683500899154e-12
15650.056 2.2489267977985288e-11
15700.056 5.562585716470501e-11
15750.056 9.056397110420408e-11
15800.056 1.3207443523300233e-10
15850.056 1.970739081340259e-10
15900.056 2.4745187420599464e-10
15950.056 3.260291274199975e-10
16000.056 2.839204902140023e-10
16050.056 1.7034257957998875e-10
16100.056 8.068456805890057e-11
16150.056 3.1665610726855564e-11
16200.056 1.0359115502550179e-11
16250.056 3.9729399321934795e-12
16300.056 1.5579494106209089e-12
16350.056 2.20742189287163e-12
16400.056 2.7500195333086792e-12
16450.056 2.7291333262807086e-12
16500.056 1.861740835651862e-12
16550.056 1.792987477687531e-12
16600.056 6.724747055421953e-12
16650.056 3.57571137438758e-12
16700.056 3.5472497645037923e-13
16750.056 1.6615485504733485e-12
16800.056 3.1307877025407104e-12
16850.056 3.3131882424072047e-12
16900.056 8.31158415783944e-13
16950.056 4.4789378716163616e-13
17000.056 1.5312303162553494e-13
17050.056 4.0041829987900353e-13
17100.056 1.2373110304559439e-12
17150.056 5.409013763965613e-13
17200.056 3.4022062282113625e-12
17250.056 7.333344962042037e-13
17300.056 4.927376798040824e-13
17350.056 7.768700392758573e-13
17400.056 2.1880795282685164e-12
17450.056 3.0276587456896593e-12
17500.056 5.382574974675654e-12
17550.056 4.428104051627835e-12
17600.056 3.783971848371542e-12
17650.056 2.07363823942837e-12
17700.056 1.8327601409461213e-12
17750.056 1.4519391377587693e-12
17800.056 5.449760272834079e-12
17850.056 1.4975012264363597e-12
17900.056 9.212997486550903e-13
17950.056 5.5302104231814e-13
18000.056 1.3033009199447501e-12
18050.056 5.326592354125207e-13
18100.056 6.446893058186e-13
18150.056 2.9988197421331066e-13
18200.056 2.156647596712756e-13
18250.056 1.3762692933456369e-12
18300.056 7.374334998908778e-14
18350.056 6.553479396904408e-14
18400.056 2.652477246138496e-14
18450.056 5.207510085350952e-13
18500.056 4.997214655969807e-13
18550.056 1.5794920209873568e-13
18600.056 3.7531564097608583e-13
18650.056 2.438715051369369e-13
18700.056 1.1019780081684144e-14
18750.056 2.8949519478550904e-14
18800.056 1.23855919390784e-12
18850.056 9.911561462047134e-13
18900.056 1.2571987007133661e-12
18950.056 1.9748038508085313e-12
19000.056 1.5914207479831778e-13
19050.056 5.5225652631218566e-14
19100.056 2.8014623857962925e-13
19150.056 8.701869164076078e-14
19200.056 2.551721714824726e-13
19250.056 1.595865657826369e-13
19300.056 7.553468313088321e-14
19350.056 7.801958726895369e-14
19400.056 5.3171449259430376e-14
19450.056 9.194231616275683e-14
19500.056 5.5849590201145806e-14
19550.056 2.1524361130463664e-13
19600.056 6.686363773909908e-13
19650.056 3.7622056805288456e-13
19700.056 7.233351308925843e-13
19750.056 1.2942825493050817e-12
19800.056 5.697893862623153e-13
19850.056 7.15234198376928e-13
19900.056 1.501345723289085e-12
19950.056 2.6273590876269865e-12
20000.056 3.708059421458644e-12
20050.056 2.075572580862273e-12
20100.056 3.7131545245639906e-12
20150.056 2.270232556412976e-12
20200.056 1.0831432489379817e-12
20250.056 4.0594914995328115e-12
20300.056 6.093531826891646e-12
20350.056 7.506593353748983e-12
20400.056 5.003153397433318e-12
20450.056 1.3008610782049198e-11
20500.056 1.5885160938810498e-11
20550.056 1.9507003457776308e-11
20600.056 2.259380116133567e-11
20650.056 3.0374593352716013e-11
20700.056 3.6187090656698805e-11
20750.056 4.368887778669819e-11
20800.056 4.138290574819235e-11
20850.056 5.535571501500151e-11
20900.056 6.039583733399877e-11
20950.056 5.863009095800181e-11
21000.056 5.7628628946000825e-11
21050.056 6.446233888599807e-11
21100.056 6.103673052800013e-11
21150.056 6.069632384299879e-11
21200.056 5.5890896067002664e-11
21250.056 5.1545807607294675e-11
21300.056 4.208155405430256e-11
21350.056 4.094018896484308e-11
21400.056 4.03056290086414e-11
21450.056 2.857950374234932e-11
21500.056 2.267384124974096e-11
21550.056 2.2467625428382286e-11
21600.056 1.8160028805225868e-11
21650.056 1.0752260245024767e-11
21700.056 7.787616054584878e-12
21750.056 8.4964777815683e-12
21800.056 4.63757043077827e-12
21850.056 4.483080994257721e-12
21900.056 2.774648613250384e-12
21950.056 7.41689933407239e-13
22000.056 3.447133932062069e-14
22050.056 1.1432388183520285e-13
22100.056 5.920199817001192e-13
22150.056 3.166528105518833e-13
22200.056 2.818802149299087e-13
22250.056 2.1512778701804837e-13
22300.056 5.825736236237568e-14
22350.056 1.1335040877003387e-13
22400.056 2.314975577615516e-14
22450.056 6.106616440253422e-14
22500.056 4.3863209042055524e-14
22550.056 1.1471026548281293e-14
22600.056 7.943941818391141e-15
22650.056 1.7468522727954534e-14
22700.056 1.905011932257577e-14
22750.056 4.976697096782897e-14
22800.056 6.008667448466279e-14
22850.056 3.580794366091246e-14
22900.056 2.0746619735778827e-14
22950.056 1.0373979870764358e-14
23000.056 1.8360331764585876e-14
23050.056 1.4473819998279198e-14
23100.056 4.4122587167265864e-13
23150.056 5.099255543567448e-13
23200.056 3.8129262262061645e-15
23250.056 4.504366436009275e-14
23300.056 3.077380047785594e-14
23350.056 5.4090564681467754e-14
23400.056 4.0333150177860926e-14
23450.056 1.1545091398178352e-14
23500.056 1.3987944955717496e-14
23550.056 5.043975380573723e-14
23600.056 2.1115410480846576e-13
23650.056 2.697180949030707e-13
23700.056 1.697195649399557e-14
23750.056 2.575655147351743e-14
23800.056 3.2095988988111095e-13
23850.056 1.2940983694083122e-13
23900.056 4.585860872479201e-13
23950.056 1.1388545766137706e-13
24000.056 5.813261752343268e-13
24050.056 6.566631691422195e-13
24100.056 1.3282691759045996e-12
24150.056 1.887257449326575e-12
24200.056 8.372490055081866e-13
24250.056 5.943387741004594e-13
24300.056 1.782857784509648e-12
24350.056 1.2645394811407781e-12
24400.056 5.140339254403386e-12
24450.056 5.538439688435283e-12
24500.056 4.3258367956019286e-12
24550.056 9.691352496367357e-12
24600.056 1.1261529295469806e-11
24650.056 2.042284467930799e-11
24700.056 1.1762795285748379e-11
24750.056 1.7518650086655115e-11
24800.056 1.1848099072480681e-11
24850.056 2.147204436316926e-11
24900.056 7.40898778109547e-12
24950.056 1.4904150509682314e-11
25000.056 1.839705341626946e-11
25050.056 9.014091346287253e-12
25100.056 1.6029598588523744e-11
25150.056 5.366646894829826e-12
25200.056 8.209518636389493e-12
25250.056 2.2890149090791745e-12
25300.056 2.460549944654338e-12
25350.056 1.0746077800201494e-12
25400.056 3.034831639307572e-12
25450.056 5.732113914741005e-13
25500.056 4.122901324366134e-13
25550.056 1.3623677887327581e-12
25600.056 4.764397435160381e-13
25650.056 1.6302777888172818e-13
25700.056 9.730109186195249e-14
25750.056 2.975198582961117e-14
25800.056 1.8430080320874057e-13
25850.056 2.415640353750847e-14
25900.056 2.9988110358239376e-14
25950.056 9.650795245516103e-15
26000.056 1.114352542234904e-13
26050.056 1.2764591994834506e-14
26100.056 5.177385378401717e-14
26150.056 2.0233576133935947e-14
26200.056 2.831945263931179e-14
26250.056 2.477501588227314e-13
26300.056 3.4086800594641557e-14
26350.056 8.952100583450359e-13
26400.056 2.21048540822606e-12
26450.056 8.479001589757144e-13
26500.056 3.4909162052819413e-12
26550.056 1.3511353822569177e-13
26600.056 1.185388416567498e-13
26650.056 1.9179216182130772e-14
26700.056 1.8400931030950045e-14
26750.056 2.7975845317716028e-14
26800.056 1.100462585308866e-13
26850.056 6.543896942404572e-14
26900.056 3.394285840758534e-13
26950.056 7.643750426595545e-14
27000.056 4.816711154200395e-13
27050.056 1.0159683693825684e-12
27100.056 4.0571959673425026e-14
27150.056 7.427433749982512e-13
27200.056 4.592011878164951e-14
27250.056 1.8760530661040665e-13
27300.056 3.046003323942592e-12
27350.056 6.02154282483322e-13
27400.056 3.60987389274241e-14
27450.056 1.0314127096172975e-12
27500.056 1.4436230077262134e-12
27550.056 1.5888975536605039e-13
27600.056 5.850334717133739e-13
27650.056 1.3352443683413256e-13
27700.056 1.6256932152233265e-13
27750.056 1.2505386954882889e-12
27800.056 3.3896195675148554e-13
27850.056 8.024080886608879e-13
27900.056 1.0903838250770082e-12
27950.056 2.241379763840921e-12
28000.056 2.9922838181842374e-12
28050.056 1.847309487727636e-13
28100.056 3.3524894304906614e-12
28150.056 2.3434999658216377e-12
28200.056 3.44437846052388e-13
28250.056 4.596670293484489e-12
28300.056 4.086340620541537e-12
28350.056 4.325346652345755e-13
28400.056 2.420221686162236e-12
28450.056 5.343254227646012e-12
28500.056 2.0969696093784396e-12
28550.056 3.7915100390808284e-13
28600.056 4.881989360256884e-12
28650.056 1.9662279706381783e-12
28700.056 5.250016693428963e-12
28750.056 8.380532457979173e-12
28800.056 1.7577255289140103e-12
28850.056 1.2075827457472656e-11
