galfind/configs/Brown_Dwarf_templates/sonora_bobcat/m+0.5/562g/sp_t300g562nc_m+0.5_resample.dat
# %ECSV 1.0
# ---
# datatype:
# - {name: wav, unit: Angstrom, datatype: float64}
# - {name: flux_nu, unit: erg / (cm2 Hz s), datatype: float64}
# meta: {C/O: '1.00', Kzz: '1.0000E+05', Teff: '300.', Y: '0.28', '[Fe/H]': '0.50', f_hole: '1.00', f_rain: '0.00', grav: '562.'}
# schema: astropy-2.0
wav flux_nu
[from data line 498]
28900.056 1.1504766132442019e-12
28950.056 1.550292891298595e-12
29000.056 7.557675702341752e-13
29050.056 1.5996978469884855e-12
29100.056 5.047931818932079e-13
29150.056 4.3762257979864975e-13
29200.056 5.43012600522928e-12
29250.056 2.1490962716755717e-12
29300.056 1.3044786645867854e-12
29350.056 3.733463643872221e-12
29400.056 2.2916964297227e-12
29450.056 4.510506179787344e-13
29500.056 5.371417030602235e-12
29550.056 1.1555732528137293e-12
29600.056 9.229124608299063e-13
29650.056 7.692231088685641e-12
29700.056 7.899768416091193e-13
29750.056 5.632662182626451e-12
29800.056 1.867626516336136e-12
29850.056 6.838452254557008e-12
29900.056 1.880229669088915e-12
29950.056 2.5191207185397407e-12
30000.056 1.4168787852598923e-14
30050.056 3.599458804900042e-13
30100.056 2.117764676337507e-12
30150.056 8.411051850468208e-12
30200.056 4.9368388409679635e-12
30250.056 6.025628639107021e-12
30300.056 1.0568050237773701e-11
30350.056 1.1663572403847699e-12
30400.056 1.1677949266452297e-11
30450.056 1.3053322560115372e-11
30500.056 2.0588384398782093e-12
30550.056 2.2221258411634787e-12
30600.056 8.439402757437178e-11
30650.056 2.2842742984472336e-11
30700.056 4.891769895338949e-12
30750.056 1.703387753738197e-11
30800.056 3.1539254616325273e-11
30850.056 2.669953349510659e-11
30900.056 1.2274276055792208e-11
30950.056 6.429996631360807e-12
31000.056 9.873352708513319e-12
31050.056 3.055271454539998e-12
31100.056 2.822609037528191e-12
31150.056 6.651170338376395e-12
31200.056 4.109352427742202e-11
31250.056 1.780143999359089e-11
31300.056 5.425789835096838e-12
31350.056 3.7211394649506376e-11
31400.056 2.213463738041043e-11
31450.056 2.074789451825057e-11
31500.056 4.942666988186254e-12
31550.056 1.2078996738128859e-11
31600.056 1.022669152831876e-11
31650.056 7.349418475591609e-12
31700.056 4.495912096254185e-12
31750.056 2.3540202411841532e-12
31800.056 4.156327890401982e-12
31850.056 4.680408649428333e-13
31900.056 1.3373321653883541e-12
31950.056 7.248613484979129e-13
32000.056 3.594850654079853e-13
32050.056 4.873089274298063e-13
32100.056 4.4955762291120184e-13
32150.056 2.8507980735971113e-13
32200.056 1.0509926608132338e-13
32250.056 2.7000968206004387e-13
32300.056 4.926753631189517e-14
32350.056 1.9391564783219252e-13
32400.056 1.0605599345235826e-14
32450.056 1.1478468134905687e-13
32500.056 9.361606846971703e-15
32550.056 8.784475576056175e-14
32600.056 5.340281385822073e-15
32650.056 2.2058337800171218e-13
32700.056 1.10018846361378e-14
32750.056 7.281912883793282e-13
32800.056 2.2696703221562297e-13
32850.056 2.8634942895796964e-12
32900.056 1.9387507709293897e-12
32950.056 2.270493347266369e-12
33000.056 4.874524771481884e-13
33050.056 2.573058921125587e-13
33100.056 3.3792021021951534e-14
33150.056 2.5579477016758844e-17
33200.056 4.0245762590899995e-15
33250.056 8.304316140460423e-15
33300.056 2.280903736716573e-13
33350.056 2.84602116083548e-13
33400.056 1.9566547467057654e-12
33450.056 1.7562689240315723e-13
33500.056 1.6604877588883233e-12
33550.056 1.7424233249741798e-13
33600.056 6.604872186696427e-13
33650.056 7.212633491093435e-13
33700.056 7.614532617987963e-14
33750.056 8.73952275812421e-13
33800.056 2.7315181790954483e-14
33850.056 3.9862995200161983e-13
33900.056 4.410590525852845e-13
33950.056 4.890657277776014e-13
34000.056 1.3789688681131179e-12
34050.056 2.1395614238691644e-13
34100.056 1.7204203118057804e-12
34150.056 4.832119166958224e-13
34200.056 2.4906170038906735e-12
34250.056 7.340449536390785e-13
34300.056 1.2601529635652555e-12
34350.056 7.74214022477181e-12
34400.056 8.077861320229489e-13
34450.056 5.11093187026692e-12
34500.056 1.2499763498354359e-12
34550.056 3.964499117842306e-12
34600.056 1.9988273864460223e-11
34650.056 6.393240125299836e-13
34700.056 9.5661553763917e-12
34750.056 4.303409313107079e-12
34800.056 2.844440832139539e-12
34850.056 1.5534183036729806e-11
34900.056 1.0566263845561468e-12
34950.056 2.310890780130096e-11
35000.056 2.235499017275579e-11
35050.056 2.3888892199598234e-11
35100.056 4.39444477292908e-11
35150.056 3.3904324238381486e-11
35200.056 2.591889058218459e-11
35250.056 5.86177845224005e-11
35300.056 1.17229463552676e-11
35350.056 7.821914498560176e-12
35400.056 4.7332156715849204e-12
35450.056 5.254336733770535e-12
35500.056 2.711409172938403e-11
35550.056 1.543062147502971e-11
35600.056 3.6362433420406856e-11
35650.056 5.957895096541072e-11
35700.056 6.410931649700699e-11
35750.056 4.5169386738504827e-11
35800.056 1.7685375886674326e-11
35850.056 9.10806163592617e-12
35900.056 1.1180554385406373e-11
35950.056 2.7115821550346565e-11
36000.056 3.547598751801942e-11
36050.056 2.312836979080813e-11
36100.056 2.2767869822338575e-11
36150.056 1.3641844392969188e-10
36200.056 9.548084088344427e-11
36250.056 4.468731020439823e-11
36300.056 1.9696025231799408e-10
36350.056 9.289471353481342e-11
36400.056 1.5530034782127973e-10
36450.056 1.0838652933319859e-10
36500.056 1.018166552192324e-10
36550.056 3.0069647570534044e-10
36600.056 2.8132964765427583e-10
36650.056 1.3103669353808892e-10
36700.056 2.1748420130480703e-10
36750.056 3.1450584401719216e-10
36800.056 4.223941169235128e-10
36850.056 1.1840199050357018e-10
36900.056 1.7852822784103472e-10
36950.056 4.4494896605631775e-10
37000.056 2.456362891278201e-10
37050.056 4.925317073997602e-10
37100.056 1.1087058777838653e-10
37150.056 2.2010208681302633e-10
37200.056 6.550130315480627e-10
37250.056 3.31910036115409e-10
37300.056 1.1616056585054943e-10
37350.056 2.357698812291451e-10
37400.056 4.509842492426665e-10
37450.056 1.273601693478659e-10
37500.056 2.358414300178471e-10
37550.056 8.157111904870325e-10
37600.056 1.6595090081959322e-09
37650.056 2.1142032020563517e-10
37700.056 4.94008249088871e-10
37750.056 4.118300126425342e-10
37800.056 3.2134199891110215e-10
37850.056 1.5561632541649293e-10
37900.056 1.6236770664905338e-10
37950.056 4.184230250126657e-10
38000.056 3.6137298221497906e-10
38050.056 9.139877146444192e-10
38100.056 1.1518054341268586e-09
38150.056 1.689649855535689e-09
38200.056 9.002407468613676e-10
38250.056 1.6208045781104454e-09
38300.056 2.8270332896292637e-09
38350.056 1.5253517535103993e-09
38400.056 3.355796580155388e-10
38450.056 7.354589286264523e-11
38500.056 7.976734972182105e-11
38550.056 5.689688423270676e-10
38600.056 8.025514500158678e-10
38650.056 7.731225995449335e-10
38700.056 3.89452193100855e-10
38750.056 6.757688190901653e-10
38800.056 5.848715503252689e-10
38850.056 8.427715552393918e-10
38900.056 1.0264036340467962e-09
38950.056 4.816712718166129e-10
39000.056 1.3015229963788967e-09
39050.056 3.1185472446119365e-10
39100.056 8.362225464721144e-10
39150.056 1.6305290540208299e-09
39200.056 8.979431764022521e-10
39250.056 1.8112694016025773e-09
39300.056 8.321332532540748e-10
39350.056 2.4355340420449323e-09
39400.056 9.541814825730074e-10
39450.056 1.919664615299232e-09
39500.056 1.9593553932299915e-09
39550.056 5.098436435651221e-10
39600.056 1.7927661421876925e-09
39650.056 2.619964305149856e-09
39700.056 2.62270968068245e-09
39750.056 6.78230638288692e-10
39800.056 7.005407403858622e-10
39850.056 2.79145178548046e-09
39900.056 3.968573541610328e-09
39950.056 9.256853322289554e-10
40000.056 2.206661113813922e-09
40050.056 2.9591500979618386e-09
40100.056 5.514974826169318e-10
40150.056 2.252781204724097e-09
40200.056 2.7963778993871687e-09
40250.056 3.350091505924293e-09
40300.056 3.570057850380316e-09
40350.056 1.3602484544240486e-09
40400.056 2.0616145338005967e-09
40450.056 6.645118278020395e-10
40500.056 3.449836925610414e-09
40550.056 3.4081832084821796e-09
40600.056 3.3048268888199004e-09
40650.056 2.004640618562221e-09
40700.056 4.228782245199543e-09
40750.056 2.7644892534743906e-09
40800.056 1.2462989354348158e-09
40850.056 6.146899077921349e-09
40900.056 5.522300942038955e-09
40950.056 3.8772058718870774e-09
41000.056 2.516050098708415e-09
41050.056 7.072904168839409e-09
41100.056 5.8240057499437525e-09
41150.056 1.1700260922719278e-09
41200.056 7.126092832781112e-09
41250.056 5.403290474993315e-09
41300.056 5.741024358969101e-09
41350.056 9.258812818499923e-09
41400.056 6.278966198099228e-09
41450.056 9.490313106698876e-09
41500.056 4.403709195717641e-09
41550.056 3.754758997488169e-09
41600.056 4.404592930292087e-09
41650.056 8.165208214745144e-09
41700.056 1.3323339128598565e-08
41750.056 8.493961795649645e-09
41800.056 8.784181359100499e-09
41850.056 7.578400245526681e-09
41900.056 5.0979088938203176e-09
41950.056 4.737521375839579e-09
42000.056 1.0990354859420378e-09
42050.056 2.2901061686474403e-09
42100.056 3.278992630923305e-09
42150.056 4.506429824619629e-09
42200.056 6.420543010700075e-09
42250.056 4.696410144631446e-09
42300.056 3.5750710004694718e-09
42350.056 8.621979602330263e-09
42400.056 1.1635275412401101e-08
42450.056 1.3482227318001296e-08
42500.056 1.4186858392599201e-08
42550.056 1.1542713117899187e-08
42600.056 9.565592509463128e-09
42650.056 1.5549165229097576e-08
42700.056 4.647273489382775e-09
42750.056 1.1614881779801883e-08
42800.056 1.9685490358000822e-08
42850.056 2.0126004758897097e-08
42900.056 1.9660108930801488e-08
42950.056 1.4785302695600804e-08
43000.056 1.7745977053399857e-08
43050.056 7.0627898543795004e-09
43100.056 1.3056319566700305e-08
43150.056 1.1614485291200365e-08
43200.056 1.9182792156301435e-08
43250.056 2.6636612060001022e-08
43300.056 2.2709682111399868e-08
43350.056 1.1642495191298222e-08
43400.056 1.7848279202501065e-08
43450.056 9.816613503100141e-09
43500.056 8.153216445480653e-09
43550.056 1.0767124022600897e-08
43600.056 2.2220862066000744e-08
43650.056 1.1046147498599445e-08
43700.056 2.4067029399805453e-08
43750.056 2.5504898259997815e-08
43800.056 1.9553427386499347e-08
43850.056 1.729993171280206e-08
43900.056 1.0382319353919744e-08
43950.056 7.428791846999512e-09
44000.056 8.081559358699603e-09
44050.056 2.396732663890162e-08
44100.056 3.392980500700087e-08
44150.056 2.8276397879398134e-08
44200.056 2.7558201878000835e-08
44250.056 1.2724374261398446e-08
44300.056 8.314207278300714e-09
44350.056 8.675059431510662e-09
44400.056 8.323499077899832e-09
44450.056 1.9308261195402577e-08
44500.056 1.6429475204601014e-08
44550.056 2.4907689579999905e-08
44600.056 1.8192166457800124e-08
44650.056 1.8545216662399737e-08
44700.056 1.2053561089098027e-08
44750.056 2.010004845130228e-08
44800.056 1.0871281414100527e-08
44850.056 1.638015745820056e-08
44900.056 1.6067259048199362e-08
44950.056 1.9894866766102593e-08
45000.056 2.6105989964e-08
45050.056 2.0814428223597965e-08
45100.056 1.8568717801201048e-08
45150.056 1.4750721068398415e-08
45200.056 9.94808079605093e-09
45250.056 1.2586022246097761e-08
45300.056 1.2470186290201285e-08
45350.056 8.021438442701841e-09
45400.056 3.12880363520022e-08
45450.056 2.2234809801502417e-08
45500.056 3.0962222947902085e-08
45550.056 3.3297236892894216e-08
45600.056 2.5090513778002157e-08
45650.056 2.1738591789498677e-08
45700.056 1.1440513604639148e-08
45750.056 9.716939185300945e-09
45800.056 2.9423688923601075e-08
45850.056 2.0725946980521306e-08
45900.056 3.1844504925998744e-08
45950.056 3.146836799339782e-08
46000.056 3.007932457990232e-08
46050.056 2.0945497217303854e-08
46100.056 3.812095089899753e-08
46150.056 1.9119243047599965e-08
46200.056 1.3768051955577752e-08
46250.056 4.1184325881298794e-09
46300.056 1.788709665110129e-08
46350.056 1.847799796800225e-08
46400.056 1.9373829515700744e-08
46450.056 1.545831414354874e-08
46500.056 1.947877031890231e-08
46550.056 8.378860231949092e-09
46600.056 1.0224645730398684e-08
46650.056 1.981978862630085e-08
46700.056 1.2641762284397696e-08
46750.056 4.170275614460655e-09
46800.056 2.4171908103597223e-09
46850.056 1.630788455470287e-08
46900.056 2.3279618620599145e-08
46950.056 2.4195467109198964e-08
47000.056 2.5316595464201876e-08
47050.056 1.366450445095605e-08
47100.056 1.0190097310800325e-08
47150.056 1.7902570640602283e-08
47200.056 1.953140719199889e-08
47250.056 7.264826444568326e-09
47300.056 4.915898420209568e-09
47350.056 1.9788406852002094e-08
47400.056 2.2385840077998858e-08
47450.056 1.1319172323740387e-08
47500.056 2.480111954180197e-08
47550.056 2.2363324608100355e-08
47600.056 1.5273178216667634e-08
47650.056 1.875867917231963e-08
47700.056 1.3672404439441862e-08
47750.056 9.868671572000036e-09
47800.056 6.244566200000588e-09
47850.056 2.107955787290449e-09
47900.056 4.192305031310149e-09
47950.056 1.4892478633501212e-08
48000.056 2.0488075724998156e-08
48050.056 1.4520541790000173e-08
48100.056 5.9690144728904045e-09
48150.056 1.3004774299600762e-08
48200.056 6.746862794656846e-09
48250.056 1.1002056612100195e-08
48300.056 1.864073072799979e-08
48350.056 9.459445399498552e-09
48400.056 1.4039718497915472e-09
48450.056 3.0348227759578012e-09
48500.056 6.770505714158593e-09
48550.056 8.900321287661758e-09
48600.056 1.871255549800013e-08
48650.056 2.385144449299926e-08
48700.056 1.4435571329902184e-08
48750.056 1.2048868520400728e-08
48800.056 1.789967736480048e-08
48850.056 7.32426731845888e-09
48900.056 6.631209268899253e-09
48950.056 2.9947378590898572e-09
49000.056 1.856347741590558e-09
49050.056 7.402676461119158e-09
49100.056 1.2021868392522158e-08
49150.056 9.691152880820166e-09
49200.056 1.8349018332001956e-08
49250.056 1.941740247649985e-08
49300.056 1.4368564792898768e-08
49350.056 4.376926575615427e-09
49400.056 6.589676633588481e-09
49450.056 4.9933658404910415e-09
49500.056 3.6296115047912207e-09
49550.056 4.694830852269999e-10
49600.056 1.534087766842332e-09
49650.056 6.877610668300959e-09
49700.056 9.724701622398911e-09
49750.056 6.583372435259832e-09
49800.056 3.398517877430138e-09
49850.056 1.083247153420143e-08
49900.056 1.2211195495799625e-08
49950.056 1.1527714612899715e-08
50000.056 5.262700626324659e-09
50050.056 6.307726325070825e-09
50100.056 5.592653158099572e-09
50150.056 1.6853954483996384e-09
50200.056 2.2182336677008306e-10
50250.056 1.4923428127200066e-09
50300.056 1.0627644973602555e-09
50350.056 6.291425398600967e-09
50400.056 9.14606436759916e-09
50450.056 7.665704230400643e-09
50500.056 1.1997250209700241e-08
50550.056 1.2247659361400368e-08
50600.056 6.950742978268145e-09
50650.056 1.2913420723301438e-08
50700.056 1.0960372219699433e-08
50750.056 5.419279254099773e-09
50800.056 1.1168855723597343e-09
50850.056 4.443422521092001e-10
50900.056 4.466647959500627e-09
50950.056 5.7213130250993854e-09
51000.056 3.5016049717555883e-09
51050.056 7.537839109899275e-09
51100.056 2.257522617300014e-09
51150.056 1.6595290100704476e-09
51200.056 8.523129006300225e-09
51250.056 6.7946356180191315e-09
51300.056 3.954191546160366e-09
51350.056 2.5321025525114274e-09
51400.056 4.915008275141088e-10
51450.056 4.6051422695286356e-10
51500.056 4.75043072134174e-10
51550.056 2.3742952877805457e-09
51600.056 3.328797152140511e-09
51650.056 5.497663047300097e-09
51700.056 4.389246499665171e-09
51750.056 2.838590222970678e-09
51800.056 6.774391511599804e-09
51850.056 5.041998018709736e-09
51900.056 3.998296910100028e-09
51950.056 1.5984965439497065e-09
52000.056 1.7355038805196525e-10
52050.056 7.676875412300571e-10
52100.056 3.8795614281992084e-10
52150.056 2.2398567289407195e-10
52200.056 1.0646176626800204e-09
52250.056 2.1120575278603557e-09
52300.056 2.114790358599782e-09
52350.056 4.281348856709467e-10
52400.056 5.122914270710042e-10
52450.056 2.9056734281403062e-09
52500.056 1.8773777822227745e-09
52550.056 3.6856009480998566e-09
52600.056 3.449285579850328e-09
52650.056 4.207259453299968e-09
52700.056 2.1418908949497755e-09
52750.056 4.912970586608314e-10
52800.056 1.1214518444902083e-09
52850.056 1.3738358701296704e-09
52900.056 3.537804364220623e-10
52950.056 6.837513886301303e-10
53000.056 1.8910044462001597e-09
53050.056 6.017131528899073e-10
53100.056 3.2267255046002486e-09
53150.056 3.0507633458000237e-09
53200.056 1.3195959415659288e-09
53250.056 2.3445160844098727e-09
53300.056 2.5724397757303697e-09
53350.056 2.0478156776400565e-09
53400.056 1.1671001865897823e-09
53450.056 3.3752018500992243e-10
53500.056 1.0034155122747521e-10
