galfind/configs/Brown_Dwarf_templates/sonora_bobcat/m+0.5/562g/sp_t1400g562nc_m+0.5_resample.dat
# %ECSV 1.0
# ---
# datatype:
# - {name: wav, unit: Angstrom, datatype: float64}
# - {name: flux_nu, unit: erg / (cm2 Hz s), datatype: float64}
# meta: {C/O: '1.00', Kzz: '1.0000E+05', Teff: '1400.', Y: '0.28', '[Fe/H]': '0.50', f_hole: '1.00', f_rain: '0.00', grav: '562.'}
# schema: astropy-2.0
wav flux_nu
4000.0559999999996 nan
4050.0559999999996 5.0226730985712785e-11
4100.056 4.0461276017397795e-10
4150.056 5.441289608210377e-10
4200.056 4.6269381266853754e-10
4250.056 5.697596545240854e-10
4300.056 5.807217030380881e-10
4350.056 6.013420721600365e-10
4400.056 6.837946262000697e-10
4450.056 6.580392559400095e-10
4500.056 6.447697432000403e-10
4550.056 7.68662381456099e-10
4600.056 8.258297735799905e-10
4650.056 7.619084987399258e-10
4700.056 8.498990922800111e-10
4750.056 7.76648141319981e-10
4800.056 4.393196122300079e-10
4850.056 2.4276498894999554e-10
4900.056 1.4022703783599937e-10
4950.056 6.694473150499944e-11
5000.056 2.1311938050999788e-11
5050.056 7.671335608299928e-12
5100.056 6.187647289399956e-12
5150.056 5.41908648759992e-12
5200.056 4.669587823600021e-12
5250.056 3.853298649599985e-12
5300.056 3.152624851899992e-12
5350.056 2.6049130993999938e-12
5400.056 2.1742440793999956e-12
5450.056 1.804211046299994e-12
5500.056 1.4780677141999942e-12
5550.056 1.1955537871999962e-12
5600.056 9.48735173369997e-13
5650.056 7.286942209399978e-13
5700.056 5.387574304599978e-13
5750.056 3.7489134451999786e-13
5800.056 2.4483808079999845e-13
5850.056 1.391956223729984e-13
5900.056 4.5440219494772877e-14
5950.056 2.8238018132000456e-13
6000.056 7.852853540600118e-13
6050.056 1.950034295100019e-12
6100.056 4.31298839200004e-12
6150.056 8.773181087000077e-12
6200.056 1.6550812250000125e-11
6250.056 2.944681991400024e-11
6300.056 5.001862820100038e-11
6350.056 8.188357495100057e-11
6400.056 1.294801564400008e-10
6450.056 1.987210927100013e-10
6500.056 2.9792067676000206e-10
6550.056 4.387477784600028e-10
6600.056 6.367587106300034e-10
6650.056 9.062361756000021e-10
6700.056 8.763614332459729e-10
6750.056 1.6697103230000097e-09
6800.056 2.202469566000003e-09
6850.056 2.4645063622000015e-09
6900.056 2.347750065800003e-09
6950.056 2.1072982256999977e-09
7000.056 2.095370580300009e-09
7050.056 2.296856536599997e-09
7100.056 2.5545486611000057e-09
7150.056 2.7162621044999818e-09
7200.056 2.728821900300029e-09
7250.056 2.5794149321999552e-09
7300.056 2.299834901799997e-09
7350.056 1.9977546883999834e-09
7400.056 1.7098780533000057e-09
7450.056 1.4037327067000014e-09
7500.056 1.0892651749799944e-09
7550.056 7.837263567999946e-10
7600.056 4.866133982999934e-10
7650.056 7.27873927378019e-11
7700.056 3.1853633367378177e-11
7750.056 3.3977326476000975e-10
7800.056 7.88671426188417e-10
7850.056 1.7934876656000197e-09
7900.056 2.9133192676000218e-09
7950.056 3.4859707026626418e-09
8000.056 6.395626785500058e-09
8050.056 8.748306229400085e-09
8100.056 1.1450009526100001e-08
8150.056 1.4732459908900002e-08
8200.056 1.7787146360100367e-08
8250.056 2.3612173878500412e-08
8300.056 2.9244174003001295e-08
8350.056 3.561203154799947e-08
8400.056 4.28155266489988e-08
8450.056 5.104532464099922e-08
8500.056 5.307498061786263e-08
8550.056 6.487860904300163e-08
8600.056 7.256383280199979e-08
8650.056 7.03500806959952e-08
8700.056 7.797766069098974e-08
8750.056 8.887419948600393e-08
8800.056 1.0583084568900536e-07
8850.056 1.2188676668999355e-07
8900.056 1.3409495090499948e-07
8950.056 1.2364562422016875e-07
9000.056 1.6841636479899177e-07
9050.056 1.8547492641100877e-07
9100.056 2.0890902224700352e-07
9150.056 2.2552678045700374e-07
9200.056 2.466805727219744e-07
9250.056 2.435538021641801e-07
9300.056 1.7003699422142924e-07
9350.056 1.9805291507586222e-07
9400.056 2.4166450321908003e-07
9450.056 2.6898188985835475e-07
9500.056 2.772789152988151e-07
9550.056 2.9905387172009234e-07
9600.056 2.8733666842931824e-07
9650.056 3.094201605665284e-07
9700.056 3.3874447638826864e-07
9750.056 3.4628034153998755e-07
9800.056 3.7500430879743654e-07
9850.056 4.0623120335200003e-07
9900.056 3.5287921692797545e-07
9950.056 3.2226303755198525e-07
10000.056 2.9861291407997355e-07
10050.056 3.427577363599986e-07
10100.056 4.044429213599874e-07
10150.056 4.3015303190994347e-07
10200.056 4.769018048399776e-07
10250.056 5.050183589799814e-07
10300.056 5.1430741822001e-07
10350.056 5.834936585500122e-07
10400.056 6.449826295799848e-07
10450.056 6.562308230300293e-07
10500.056 6.276046634199906e-07
10550.056 6.254913550800259e-07
10600.056 6.621108562699992e-07
10650.056 7.156183855800315e-07
10700.056 7.638352583100435e-07
10750.056 8.345793337200324e-07
10800.056 9.057627287999923e-07
10850.056 9.887998825799475e-07
10900.056 9.270136255499682e-07
10950.056 7.586552644669997e-07
11000.056 7.101527541084415e-07
11050.056 6.330157729096937e-07
11100.056 5.89633116054731e-07
11150.056 5.472272483417676e-07
11200.056 5.647446162011542e-07
11250.056 6.700186449581355e-07
11300.056 6.364679632419988e-07
11350.056 4.415351819918535e-07
11400.056 4.459480401012363e-07
11450.056 5.597919467625791e-07
11500.056 6.878265207992851e-07
11550.056 5.95939934875122e-07
11600.056 6.373899368133418e-07
11650.056 6.292530920549676e-07
11700.056 4.641013537774436e-07
11750.056 4.679548884489971e-07
11800.056 5.13777585812414e-07
11850.056 7.325552397648223e-07
11900.056 8.032032663210698e-07
11950.056 8.877683760979949e-07
12000.056 8.860354409310218e-07
12050.056 1.0232909694220934e-06
12100.056 1.0660056004399549e-06
12150.056 1.2047033362399194e-06
12200.056 1.2647303179398041e-06
12250.056 1.3776142560098504e-06
12300.056 1.4777897094101254e-06
12350.056 1.4954406556300332e-06
12400.056 1.4062839220699513e-06
12450.056 1.2155971877900366e-06
12500.056 1.3020303152099574e-06
12550.056 1.3502527390800973e-06
12600.056 1.7380171978700525e-06
12650.056 1.7536881869299729e-06
12700.056 1.8832084526902152e-06
12750.056 1.8543590855100114e-06
12800.056 1.9371340570700626e-06
12850.056 1.7972097340500695e-06
12900.056 1.6814452485699944e-06
12950.056 1.7370112085329451e-06
13000.056 1.755676861039718e-06
13050.056 1.777087859124945e-06
13100.056 1.7391843782584915e-06
13150.056 1.6324013830285027e-06
13200.056 1.5237571142739853e-06
13250.056 1.3011529982395503e-06
13300.056 9.055160839185966e-07
13350.056 3.686939739134768e-07
13400.056 2.710953806679161e-07
13450.056 1.9938082292504285e-07
13500.056 1.717177687052636e-07
13550.056 1.4653395951118062e-07
13600.056 1.279987468035186e-07
13650.056 1.872214338112006e-07
13700.056 1.5533425652099102e-07
13750.056 1.6524575744646362e-07
13800.056 2.0601269532485118e-07
13850.056 1.8886020597201918e-07
13900.056 1.9217758609801748e-07
13950.056 1.8010256481941188e-07
14000.056 1.6651619197266073e-07
14050.056 1.7395208624605517e-07
14100.056 1.431624084626678e-07
14150.056 1.6850173474605865e-07
14200.056 1.4262038750175682e-07
14250.056 1.4100803877066855e-07
14300.056 1.6879089343355257e-07
14350.056 1.6616124349499733e-07
14400.056 1.8183395157095155e-07
14450.056 1.8976233937202194e-07
14500.056 2.491810317513731e-07
14550.056 2.62410394351487e-07
14600.056 2.9919006729571037e-07
14650.056 3.0238040667336375e-07
14700.056 2.6660314466437076e-07
14750.056 3.016995425925173e-07
14800.056 3.450305568495377e-07
14850.056 3.800306878808219e-07
14900.056 3.748533152745952e-07
14950.056 3.920231641315625e-07
15000.056 4.146894552236909e-07
15050.056 4.84818402967673e-07
15100.056 5.094614204890415e-07
15150.056 5.624232116210487e-07
15200.056 5.667091630257261e-07
15250.056 6.193397572509775e-07
15300.056 6.751552057529378e-07
15350.056 7.316952381499625e-07
15400.056 7.980458873010269e-07
15450.056 8.62184550404062e-07
15500.056 9.031636745349409e-07
15550.056 9.952714270679234e-07
15600.056 9.706737388200608e-07
15650.056 1.0573911195501e-06
15700.056 1.1981577608403163e-06
15750.056 1.2906500987199221e-06
15800.056 1.2635348421502213e-06
15850.056 1.369037369519958e-06
15900.056 1.4093989350301284e-06
15950.056 1.499368662989839e-06
16000.056 1.515920568469979e-06
16050.056 1.530623015410028e-06
16100.056 1.5736541771600244e-06
16150.056 1.525464567090067e-06
16200.056 1.5288230914297355e-06
16250.056 1.548139712849899e-06
16300.056 1.5232153884099466e-06
16350.056 1.6078742222720263e-06
16400.056 1.6786251793821051e-06
16450.056 1.7301427121400278e-06
16500.056 1.8161955079201719e-06
16550.056 1.8292425247700788e-06
16600.056 1.7675513442802888e-06
16650.056 1.7752910419799085e-06
16700.056 1.6275821552499798e-06
16750.056 1.715977561969962e-06
16800.056 1.9058937297299324e-06
16850.056 1.8575268432309735e-06
16900.056 1.8052562669199992e-06
16950.056 1.7198262156779573e-06
17000.056 1.6446338821602324e-06
17050.056 1.6922546197400227e-06
17100.056 1.5524364564702296e-06
17150.056 1.4100271874278966e-06
17200.056 1.306149881849865e-06
17250.056 1.1748636134018168e-06
17300.056 1.1203025944929077e-06
17350.056 1.018971501209023e-06
17400.056 1.0243052565759637e-06
17450.056 8.779383287766426e-07
17500.056 8.646388728488042e-07
17550.056 8.179048427838237e-07
17600.056 7.763919606222064e-07
17650.056 7.648803203323287e-07
17700.056 5.907475810575752e-07
17750.056 5.359687507359e-07
17800.056 5.948228583508275e-07
17850.056 4.590446409309583e-07
17900.056 4.917138661081945e-07
17950.056 4.467421839929834e-07
18000.056 4.27311597622405e-07
18050.056 4.027262660071537e-07
18100.056 3.889518836895753e-07
18150.056 4.773762594050424e-07
18200.056 3.320949517260736e-07
18250.056 4.89744615009854e-07
18300.056 4.2267688151150206e-07
18350.056 3.773447020931822e-07
18400.056 3.7499391276660796e-07
18450.056 3.4276141999886005e-07
18500.056 3.717344317972951e-07
18550.056 3.317979238587572e-07
18600.056 2.7360295660427187e-07
18650.056 3.0290995216565756e-07
18700.056 3.33701550491578e-07
18750.056 3.415979143342505e-07
18800.056 3.971082581308824e-07
18850.056 4.644367931471953e-07
18900.056 4.4300148541775323e-07
18950.056 5.153425709515002e-07
19000.056 5.025788949399674e-07
19050.056 4.558176706190651e-07
19100.056 5.469978837411408e-07
19150.056 5.19200550026817e-07
19200.056 5.430823205185832e-07
19250.056 4.879316493293825e-07
19300.056 5.108744625745086e-07
19350.056 4.552792147988811e-07
19400.056 3.6388293004214146e-07
19450.056 4.880523603446986e-07
19500.056 4.930408570471344e-07
19550.056 3.7956151806203616e-07
19600.056 4.6268737559378765e-07
19650.056 4.818448059598589e-07
19700.056 4.884293009708489e-07
19750.056 4.623712875949749e-07
19800.056 4.965521808178294e-07
19850.056 5.473203165701543e-07
19900.056 4.525674462030615e-07
19950.056 5.931129809140017e-07
20000.056 5.208303381190311e-07
20050.056 5.832123575761694e-07
20100.056 6.08250967185688e-07
20150.056 6.396894072800179e-07
20200.056 6.79815166530898e-07
20250.056 7.304202859419119e-07
20300.056 7.331738343620498e-07
20350.056 8.043871611448676e-07
20400.056 7.969734780127087e-07
20450.056 8.744631027398469e-07
20500.056 9.112242593539767e-07
20550.056 9.150992359440328e-07
20600.056 1.0374797818821595e-06
20650.056 1.0186713186841748e-06
20700.056 1.0764613359061717e-06
20750.056 1.1191623735088692e-06
20800.056 1.1877715847599911e-06
20850.056 1.162028701359929e-06
20900.056 1.2576974296297965e-06
20950.056 1.2758911662599668e-06
21000.056 1.3453781212500052e-06
21050.056 1.3630180770899894e-06
21100.056 1.3661200921699802e-06
21150.056 1.4606726107199314e-06
21200.056 1.4209505533400413e-06
21250.056 1.5189721915098709e-06
21300.056 1.4301075356499404e-06
21350.056 1.5573198082100188e-06
21400.056 1.4627989769702471e-06
21450.056 1.607005738060005e-06
21500.056 1.4942403821401788e-06
21550.056 1.510486238520006e-06
21600.056 1.520787066160203e-06
21650.056 1.4644308668500567e-06
21700.056 1.5477944167200222e-06
21750.056 1.4244344114599904e-06
21800.056 1.3841772406297277e-06
21850.056 1.3291933492300603e-06
21900.056 1.3058546218200195e-06
21950.056 1.1295906286401105e-06
22000.056 9.387598864901592e-07
22050.056 7.937491696497235e-07
22100.056 8.921475921502474e-07
22150.056 9.679063566910587e-07
22200.056 9.478436523060378e-07
22250.056 9.892209081303093e-07
22300.056 9.319644484909142e-07
22350.056 8.688514848091485e-07
22400.056 8.334868103469418e-07
22450.056 7.640697094138733e-07
22500.056 7.852196048001961e-07
22550.056 7.119497598847532e-07
22600.056 7.412735326661936e-07
22650.056 6.950711338601249e-07
22700.056 6.576365763580753e-07
22750.056 6.883071943831147e-07
22800.056 6.175958807539269e-07
22850.056 5.897171392941189e-07
22900.056 5.777620039638713e-07
22950.056 3.9126528432096485e-07
23000.056 4.388341104110241e-07
23050.056 5.215828069348977e-07
23100.056 5.661613858810105e-07
23150.056 5.907089746410358e-07
23200.056 4.0436707632003885e-07
23250.056 3.689073012890099e-07
23300.056 3.3734875931011315e-07
23350.056 3.3906878414398873e-07
23400.056 3.454169069731044e-07
23450.056 3.6603936918505897e-07
23500.056 3.9479928597406996e-07
23550.056 4.130738442451009e-07
23600.056 4.217007570639807e-07
23650.056 4.819998778899475e-07
23700.056 3.889926201430399e-07
23750.056 3.734316728230945e-07
23800.056 3.4386932965199675e-07
23850.056 3.4336445209203376e-07
23900.056 4.3841850495704003e-07
23950.056 4.819170735981121e-07
24000.056 4.885796502367874e-07
24050.056 5.205390690390011e-07
24100.056 4.6067289293390694e-07
24150.056 4.841802633642418e-07
24200.056 4.986272856238414e-07
24250.056 4.6518044576204506e-07
24300.056 4.879430545640535e-07
24350.056 4.184654708549919e-07
24400.056 4.983485108970947e-07
24450.056 4.3412007936482825e-07
24500.056 4.2929296159596047e-07
24550.056 4.3439018209514137e-07
24600.056 4.5870587030506475e-07
24650.056 5.085906215340333e-07
24700.056 3.9816590779490776e-07
24750.056 4.002770241951071e-07
24800.056 3.944309770670715e-07
24850.056 4.832802073880126e-07
24900.056 3.3939300253020176e-07
24950.056 4.624650537189983e-07
25000.056 4.164123059120781e-07
25050.056 3.195410916490564e-07
25100.056 3.9454300964198527e-07
25150.056 3.271372942299619e-07
25200.056 3.6336083337701505e-07
25250.056 3.197190756869596e-07
25300.056 3.7793548350002254e-07
25350.056 2.961698230470017e-07
25400.056 3.670973847880885e-07
25450.056 2.964518071259736e-07
25500.056 3.1482463122908485e-07
25550.056 3.0504827857799193e-07
25600.056 3.134374894579815e-07
25650.056 2.6708596048399214e-07
25700.056 3.740566406658498e-07
25750.056 2.4855228425607893e-07
25800.056 3.6737687399206435e-07
25850.056 2.826360081879433e-07
25900.056 3.4259844931100805e-07
25950.056 2.697183580560169e-07
26000.056 3.751969476131566e-07
26050.056 3.522636612619864e-07
26100.056 3.905455180099696e-07
26150.056 3.6496441023995884e-07
26200.056 3.6134716728798785e-07
26250.056 4.0405335617997705e-07
26300.056 3.7120373219903514e-07
26350.056 4.340571527749616e-07
26400.056 4.4365464987491707e-07
26450.056 4.3865216155104436e-07
26500.056 4.6129473528284637e-07
26550.056 3.9013035746586615e-07
26600.056 4.860983443519112e-07
26650.056 3.3523563155294767e-07
26700.056 3.3589490369002287e-07
26750.056 2.740202964488586e-07
26800.056 3.407380956999369e-07
26850.056 2.566544800709851e-07
26900.056 3.665122954250286e-07
26950.056 2.5037271956895997e-07
27000.056 3.6258574244404445e-07
27050.056 3.0828104550602107e-07
27100.056 3.034098038049255e-07
27150.056 3.566026123990284e-07
27200.056 3.288132647370735e-07
27250.056 3.263842393901288e-07
27300.056 4.2642974296802287e-07
27350.056 3.883189546299034e-07
27400.056 2.8587944100195596e-07
27450.056 4.582528542878508e-07
27500.056 4.2264497875488385e-07
27550.056 3.4453094259899444e-07
27600.056 4.5896699025893874e-07
27650.056 3.2699630196696803e-07
27700.056 3.04901102534048e-07
27750.056 4.524350958678622e-07
27800.056 3.074252034809564e-07
27850.056 3.431843689818335e-07
27900.056 3.625914656750359e-07
27950.056 4.508663202209648e-07
28000.056 4.0704955963811844e-07
28050.056 2.808113476820608e-07
28100.056 4.7551877725412595e-07
28150.056 3.594185291760505e-07
28200.056 2.8982935491902385e-07
28250.056 4.30835304359004e-07
28300.056 5.063336594290422e-07
28350.056 3.314288353709277e-07
28400.056 3.8778144179397637e-07
28450.056 4.359087340438997e-07
28500.056 4.142122801609126e-07
28550.056 2.731355727459115e-07
28600.056 4.905129100929458e-07
28650.056 4.4566982267496147e-07
28700.056 4.0419880931494766e-07
28750.056 4.713175572110186e-07
28800.056 4.394007103521076e-07
28850.056 4.788001423540531e-07
