galfind/configs/Brown_Dwarf_templates/sonora_bobcat/m+0.5/562g/sp_t1800g562nc_m+0.5_resample.dat
# %ECSV 1.0
# ---
# datatype:
# - {name: wav, unit: Angstrom, datatype: float64}
# - {name: flux_nu, unit: erg / (cm2 Hz s), datatype: float64}
# meta: {C/O: '1.00', Kzz: '1.0000E+05', Teff: '1800.', Y: '0.28', '[Fe/H]': '0.50', f_hole: '1.00', f_rain: '0.00', grav: '562.'}
# schema: astropy-2.0
wav flux_nu
4000.0559999999996 nan
4050.0559999999996 1.3257375716788358e-09
4100.056 2.3867637843638286e-09
4150.056 2.0041934782892227e-09
4200.056 1.5006752732412297e-09
4250.056 1.4440375989404387e-09
4300.056 1.1054671171202876e-09
4350.056 1.1826685470800392e-09
4400.056 1.3184299742503136e-09
4450.056 1.0175227646300458e-09
4500.056 1.0733254345300715e-09
4550.056 1.3259846442297554e-09
4600.056 1.2928438902699924e-09
4650.056 1.2131626883798737e-09
4700.056 1.4619572949401258e-09
4750.056 1.6396208416798264e-09
4800.056 1.204254750290095e-09
4850.056 1.4270792672200547e-09
4900.056 1.9401776558299585e-09
4950.056 1.9662176533000254e-09
5000.056 1.1392712751798565e-09
5050.056 9.088487558200516e-10
5100.056 9.05964160390105e-10
5150.056 7.79731160110159e-10
5200.056 7.899387282099763e-10
5250.056 8.486759218300487e-10
5300.056 8.18282217870008e-10
5350.056 7.592100285000299e-10
5400.056 6.673247950599993e-10
5450.056 5.186170894299951e-10
5500.056 3.7598155310999474e-10
5550.056 2.9831069307999104e-10
5600.056 2.168066105299996e-10
5650.056 1.415880044699988e-10
5700.056 8.099767889499923e-11
5750.056 4.0069747547999614e-11
5800.056 1.5803484658699762e-11
5850.056 4.2388264537999e-12
5900.056 4.613624194618953e-13
5950.056 1.1356929116300287e-11
6000.056 5.92310777480013e-11
6050.056 2.0822278150000271e-10
6100.056 5.315619297500107e-10
6150.056 1.129886587110011e-09
6200.056 2.014788042000009e-09
6250.056 3.273812343100037e-09
6300.056 5.10247064030004e-09
6350.056 7.291623661100083e-09
6400.056 9.867659824299989e-09
6450.056 1.3014175213599605e-08
6500.056 1.5532209220999294e-08
6550.056 1.9214465650999197e-08
6600.056 2.2372321303000444e-08
6650.056 2.402004592600137e-08
6700.056 1.670756939975748e-08
6750.056 2.787156127600076e-08
6800.056 3.2782326410001567e-08
6850.056 3.81396779620003e-08
6900.056 4.00959014180007e-08
6950.056 4.149105261999914e-08
7000.056 4.563569622899847e-08
7050.056 4.565473555800105e-08
7100.056 3.970694550599894e-08
7150.056 3.928888434700067e-08
7200.056 4.75061833999996e-08
7250.056 5.5952323034002315e-08
7300.056 6.389886884000361e-08
7350.056 6.389318363600119e-08
7400.056 5.537143328600112e-08
7450.056 4.6978795218996726e-08
7500.056 4.156475895799911e-08
7550.056 3.526710815900013e-08
7600.056 2.193097591299953e-08
7650.056 2.336433384557102e-09
7700.056 6.10005849899769e-10
7750.056 1.2773578668100376e-08
7800.056 3.1504640321735176e-08
7850.056 6.015232492700082e-08
7900.056 7.377017969900426e-08
7950.056 7.285389796064533e-08
8000.056 9.998647581099704e-08
8050.056 1.3812062773399094e-07
8100.056 1.8918779241700793e-07
8150.056 2.540633552400066e-07
8200.056 2.2285593468539192e-07
8250.056 2.9225312369000054e-07
8300.056 2.9070013227003975e-07
8350.056 3.2095715126002956e-07
8400.056 3.4127840529000527e-07
8450.056 2.8691740605998115e-07
8500.056 2.7291115948716877e-07
8550.056 3.1553060745001886e-07
8600.056 3.3606816420994175e-07
8650.056 3.428494208579371e-07
8700.056 3.36111084176013e-07
8750.056 3.840952340090247e-07
8800.056 4.938951198800551e-07
8850.056 5.173363826099736e-07
8900.056 4.489769610300124e-07
8950.056 4.6534301458181744e-07
9000.056 5.860264097500475e-07
9050.056 5.97502657159983e-07
9100.056 7.283049564999966e-07
9150.056 8.339296018200133e-07
9200.056 8.422303129600512e-07
9250.056 6.621748920139628e-07
9300.056 5.397357780958095e-07
9350.056 6.021452587155728e-07
9400.056 6.781678114800067e-07
9450.056 7.571296023809259e-07
9500.056 8.53057273684908e-07
9550.056 9.384298059563496e-07
9600.056 9.586108780661659e-07
9650.056 1.0694037728181049e-06
9700.056 1.1711256246788824e-06
9750.056 9.845347666649566e-07
9800.056 1.0692284664938672e-06
9850.056 1.0820858147799348e-06
9900.056 8.970305349199503e-07
9950.056 7.46863424989997e-07
10000.056 7.386596925699424e-07
10050.056 7.830202472099734e-07
10100.056 9.556174454001135e-07
10150.056 9.64467898049882e-07
10200.056 1.0522834520599633e-06
10250.056 1.0609056242898252e-06
10300.056 1.0259348014599439e-06
10350.056 1.1755753352999638e-06
10400.056 1.3221813261099729e-06
10450.056 1.3870953755201967e-06
10500.056 1.3389280473599094e-06
10550.056 1.3793578906001936e-06
10600.056 1.4980328525801638e-06
10650.056 1.5604176150200825e-06
10700.056 1.6402055909701078e-06
10750.056 1.837396972630151e-06
10800.056 2.0218352867998995e-06
10850.056 2.2305850250197914e-06
10900.056 2.2047481828999216e-06
10950.056 2.062341687409735e-06
11000.056 1.9613960333799945e-06
11050.056 1.529551053552018e-06
11100.056 1.602839734464845e-06
11150.056 1.6769133126947699e-06
11200.056 1.7084300886086386e-06
11250.056 1.9977762586528255e-06
11300.056 1.9609585013197105e-06
11350.056 1.7091306908106031e-06
11400.056 1.396731125032073e-06
11450.056 1.9287554988196096e-06
11500.056 2.285583954557075e-06
11550.056 2.154070857273986e-06
11600.056 2.2808129932888495e-06
11650.056 2.272926798350236e-06
11700.056 1.6716216445741242e-06
11750.056 1.7382162161629517e-06
11800.056 1.7717246245440834e-06
11850.056 2.3840902383972183e-06
11900.056 2.545848027974484e-06
11950.056 2.489961495609936e-06
12000.056 2.2294494783000097e-06
12050.056 2.6457642004301207e-06
12100.056 2.6044706708297873e-06
12150.056 2.9861527534197763e-06
12200.056 2.9886341256194395e-06
12250.056 3.2755186580996064e-06
12300.056 3.42057145480039e-06
12350.056 3.4082495987001184e-06
12400.056 2.9751065127998274e-06
12450.056 2.5009227118900478e-06
12500.056 2.7170669529296684e-06
12550.056 2.750144964490135e-06
12600.056 3.2528529394000218e-06
12650.056 3.3787301166997686e-06
12700.056 3.702747247800197e-06
12750.056 3.6459036809999668e-06
12800.056 3.9251540085398735e-06
12850.056 3.740589887530019e-06
12900.056 3.528797420859663e-06
12950.056 3.659099426279776e-06
13000.056 3.807345034929412e-06
13050.056 3.935870109629683e-06
13100.056 3.942004067089738e-06
13150.056 3.925035486083747e-06
13200.056 3.7471112673699353e-06
13250.056 3.3877305270951176e-06
13300.056 2.8050819111662588e-06
13350.056 1.5662764653886033e-06
13400.056 1.3693158268358548e-06
13450.056 1.1380633734045145e-06
13500.056 1.0724543884265506e-06
13550.056 9.719039572150056e-07
13600.056 8.915347615796057e-07
13650.056 1.0801258216319505e-06
13700.056 9.409655126263515e-07
13750.056 9.622348988233057e-07
13800.056 1.1489894789277218e-06
13850.056 1.102996217660716e-06
13900.056 1.0927967293646636e-06
13950.056 1.0247160809024507e-06
14000.056 9.489306306065869e-07
14050.056 9.729122598581055e-07
14100.056 8.346020499523364e-07
14150.056 8.955626078986683e-07
14200.056 8.020023268118466e-07
14250.056 7.864511911240466e-07
14300.056 8.404013052826554e-07
14350.056 8.403786081684666e-07
14400.056 9.048419284352195e-07
14450.056 9.401897887555965e-07
14500.056 1.1035439330530756e-06
14550.056 1.1350309246855295e-06
14600.056 1.2226835848334685e-06
14650.056 1.2100548808284663e-06
14700.056 1.1038628770018834e-06
14750.056 1.1965155634883769e-06
14800.056 1.2780735695124446e-06
14850.056 1.3914706708766637e-06
14900.056 1.3803717881709745e-06
14950.056 1.404537519394263e-06
15000.056 1.4628938710933148e-06
15050.056 1.63980570615559e-06
15100.056 1.6598510801661893e-06
15150.056 1.7649075002111555e-06
15200.056 1.824471441697841e-06
15250.056 1.8741210019998938e-06
15300.056 1.9980602711318622e-06
15350.056 2.0933013688299985e-06
15400.056 2.2039848726200516e-06
15450.056 2.3294509768701586e-06
15500.056 2.398048608509706e-06
15550.056 2.5624761859098344e-06
15600.056 2.5356071511602588e-06
15650.056 2.6916890489101412e-06
15700.056 2.9259381239108816e-06
15750.056 3.073970597109745e-06
15800.056 3.075496873080569e-06
15850.056 2.9512725885000723e-06
15900.056 3.0566927633502642e-06
15950.056 3.131485672899782e-06
16000.056 3.2017010345998335e-06
16050.056 3.3199028140001677e-06
16100.056 3.461034997600156e-06
16150.056 3.3622565720002605e-06
16200.056 3.5183488921998127e-06
16250.056 3.498856818299987e-06
16300.056 3.5353326473000066e-06
16350.056 3.7425796653998857e-06
16400.056 3.6961871089002106e-06
16450.056 3.802523064280232e-06
16500.056 3.944951394000333e-06
16550.056 4.134795094200023e-06
16600.056 3.900640123100463e-06
16650.056 4.242677760120055e-06
16700.056 4.05134956499957e-06
16750.056 4.120335227309735e-06
16800.056 4.287780938339806e-06
16850.056 4.314756036999842e-06
16900.056 4.173581541290023e-06
16950.056 4.148805938679838e-06
17000.056 4.1626789521003665e-06
17050.056 4.1007283480000435e-06
17100.056 3.866459702280679e-06
17150.056 3.7757980015700885e-06
17200.056 3.434188032139716e-06
17250.056 3.1831961120398924e-06
17300.056 3.2154441052396095e-06
17350.056 3.0538310698403133e-06
17400.056 3.084433888687991e-06
17450.056 2.8044539825986733e-06
17500.056 2.699575209577323e-06
17550.056 2.628306084806385e-06
17600.056 2.4975001784218637e-06
17650.056 2.5289793555838336e-06
17700.056 2.1092688756937273e-06
17750.056 2.0011432177770097e-06
17800.056 2.041882976717512e-06
17850.056 1.7701072652482334e-06
17900.056 1.8500488339289845e-06
17950.056 1.7623823005857722e-06
18000.056 1.6015741463600653e-06
18050.056 1.5839701572214007e-06
18100.056 1.5121483916018658e-06
18150.056 1.7513340265687812e-06
18200.056 1.3468366547553424e-06
18250.056 1.7298622023643678e-06
18300.056 1.6058803285498802e-06
18350.056 1.4747063097866253e-06
18400.056 1.4489390935453019e-06
18450.056 1.2952759527499527e-06
18500.056 1.3786880726693464e-06
18550.056 1.2549894894842292e-06
18600.056 1.0371561881584084e-06
18650.056 1.1991391312945045e-06
18700.056 1.3275756764394924e-06
18750.056 1.2832739227162942e-06
18800.056 1.371459276318442e-06
18850.056 1.6069725438038803e-06
18900.056 1.5440315401191543e-06
18950.056 1.6293081315069574e-06
19000.056 1.7025150761747595e-06
19050.056 1.6103408110569742e-06
19100.056 1.7400835246413408e-06
19150.056 1.76486870724708e-06
19200.056 1.7559926114290624e-06
19250.056 1.648849271022722e-06
19300.056 1.7543188330743086e-06
19350.056 1.6685921085860424e-06
19400.056 1.38784096330463e-06
19450.056 1.7155685995360942e-06
19500.056 1.7157336691657737e-06
19550.056 1.3875929927714952e-06
19600.056 1.6466835388379047e-06
19650.056 1.6459392878607817e-06
19700.056 1.6571105844731419e-06
19750.056 1.5306664361892566e-06
19800.056 1.6345049275747468e-06
19850.056 1.701810736320635e-06
19900.056 1.4591938779542869e-06
19950.056 1.7971312123229623e-06
20000.056 1.5666591293651773e-06
20050.056 1.7206989561816205e-06
20100.056 1.7796789286940153e-06
20150.056 1.8025437783141479e-06
20200.056 1.8720157579435537e-06
20250.056 1.978566297149824e-06
20300.056 1.9981016583111455e-06
20350.056 2.093217212989711e-06
20400.056 2.0840334936670267e-06
20450.056 2.2398844919596986e-06
20500.056 2.2706750172500874e-06
20550.056 2.315601098420101e-06
20600.056 2.51684492272037e-06
20650.056 2.4696637892204684e-06
20700.056 2.6008662290103573e-06
20750.056 2.6676489370396145e-06
20800.056 2.8028596946700496e-06
20850.056 2.772951458889892e-06
20900.056 2.962637609239668e-06
20950.056 3.0051715789098947e-06
21000.056 3.1723917896998843e-06
21050.056 3.2092497178000323e-06
21100.056 3.245202340179936e-06
21150.056 3.4500161434401016e-06
21200.056 3.4228535089602285e-06
21250.056 3.64234748769971e-06
21300.056 3.515992638720022e-06
21350.056 3.8153900208601126e-06
21400.056 3.651651491900359e-06
21450.056 4.076071318599981e-06
21500.056 3.831329242900265e-06
21550.056 3.9512867512998044e-06
21600.056 4.085958684400422e-06
21650.056 4.037132258100222e-06
21700.056 4.286792188499943e-06
21750.056 4.1310538063199545e-06
21800.056 4.154554258299671e-06
21850.056 4.1610438704997975e-06
21900.056 4.335948582000379e-06
21950.056 4.195342274610147e-06
22000.056 4.333074385899989e-06
22050.056 4.1230194810994535e-06
22100.056 4.313064720800017e-06
22150.056 4.346689518700313e-06
22200.056 4.1566776638107794e-06
22250.056 4.451208180420371e-06
22300.056 4.395306924149786e-06
22350.056 4.192629899940278e-06
22400.056 4.450123034660258e-06
22450.056 4.332410746069504e-06
22500.056 4.429438540239828e-06
22550.056 4.328134787499232e-06
22600.056 4.3656425267199565e-06
22650.056 4.233170187230869e-06
22700.056 4.232050685650862e-06
22750.056 4.4539957780599045e-06
22800.056 4.1761467515300965e-06
22850.056 4.2902431520404414e-06
22900.056 4.39173088200983e-06
22950.056 2.7434446033902903e-06
23000.056 3.096323217510249e-06
23050.056 3.311495902132652e-06
23100.056 3.1181023318176137e-06
23150.056 3.2953296113085038e-06
23200.056 3.2227128386841848e-06
23250.056 2.5384067907135126e-06
23300.056 2.7748388042381342e-06
23350.056 2.9331244831700375e-06
23400.056 2.823864335470094e-06
23450.056 2.9338392310480034e-06
23500.056 2.943116958779496e-06
23550.056 2.523026138093575e-06
23600.056 2.518376719028467e-06
23650.056 2.7518577819967387e-06
23700.056 2.661865888415441e-06
23750.056 2.6870494182216064e-06
23800.056 2.6515654661700872e-06
23850.056 2.2149256817462297e-06
23900.056 2.523909571380819e-06
23950.056 2.6355751486806476e-06
24000.056 2.420320282883384e-06
24050.056 2.4308658464191795e-06
24100.056 2.143423398681564e-06
24150.056 2.1295122489044754e-06
24200.056 2.133063289261164e-06
24250.056 2.0496783905801733e-06
24300.056 2.002561554450075e-06
24350.056 1.791849734042227e-06
24400.056 2.036066425619824e-06
24450.056 1.7417093587098143e-06
24500.056 1.6278602138797971e-06
24550.056 1.574560117778145e-06
24600.056 1.6549186273702457e-06
24650.056 1.7904723862029953e-06
24700.056 1.4166102406129274e-06
24750.056 1.3482549592054214e-06
24800.056 1.3045784094832925e-06
24850.056 1.5876455160078912e-06
24900.056 1.102432431747682e-06
24950.056 1.4767008375027733e-06
25000.056 1.2993185013080994e-06
25050.056 9.649288651972937e-07
25100.056 1.2188877045700042e-06
25150.056 1.0161000369029441e-06
25200.056 1.0925110093378708e-06
25250.056 9.897439957347728e-07
25300.056 1.1365060352310486e-06
25350.056 8.842872032709902e-07
25400.056 1.0498067354063626e-06
25450.056 8.781642104969783e-07
25500.056 9.587328826473152e-07
25550.056 8.979797919851122e-07
25600.056 9.361762542190224e-07
25650.056 8.018795171809701e-07
25700.056 1.1263535620845733e-06
25750.056 7.319774514681553e-07
25800.056 1.0660997058582285e-06
25850.056 8.735821079298181e-07
25900.056 1.035763455446143e-06
25950.056 8.301943767979473e-07
26000.056 1.0661524880064676e-06
26050.056 1.0702715254280658e-06
26100.056 1.1261169763049654e-06
26150.056 1.0935413298807276e-06
26200.056 1.043884946662995e-06
26250.056 1.110544167983145e-06
26300.056 1.0786099205421107e-06
26350.056 1.1568960494119382e-06
26400.056 1.1873805483866902e-06
26450.056 1.1644190001681643e-06
26500.056 1.2311293469065333e-06
26550.056 1.1295905906366813e-06
26600.056 1.3922274848096925e-06
26650.056 9.809954735138233e-07
26700.056 1.00604513629505e-06
26750.056 8.189177201675601e-07
26800.056 9.94424022237719e-07
26850.056 7.384212150810113e-07
26900.056 1.05137332972108e-06
26950.056 6.841814837959449e-07
27000.056 9.9740891983619e-07
27050.056 8.169870451359999e-07
27100.056 8.230647023097778e-07
27150.056 9.152697341360304e-07
27200.056 8.851909474202446e-07
27250.056 8.274474400483803e-07
27300.056 1.0425928148770268e-06
27350.056 9.663805112196675e-07
27400.056 7.543040546549316e-07
27450.056 1.1209127633645634e-06
27500.056 1.0179490781678321e-06
27550.056 9.031614847730205e-07
27600.056 1.1463573254088133e-06
27650.056 8.278878636378922e-07
27700.056 7.829160092971139e-07
27750.056 1.1391905559235096e-06
27800.056 7.670653554119037e-07
27850.056 8.710399091865298e-07
27900.056 9.131109998431096e-07
27950.056 1.0988714999238978e-06
28000.056 1.0108515203083503e-06
28050.056 7.199509864902183e-07
28100.056 1.1604508302163895e-06
28150.056 8.837236313760579e-07
28200.056 7.266043649880504e-07
28250.056 1.013390733770044e-06
28300.056 1.198428519040138e-06
28350.056 8.337027187787046e-07
28400.056 9.381452418669769e-07
28450.056 1.002209870439762e-06
28500.056 9.901005342997403e-07
28550.056 6.599706994117499e-07
28600.056 1.1827097415399314e-06
28650.056 1.0582185306068946e-06
28700.056 9.345873674338072e-07
28750.056 1.0944875115040047e-06
