galfind/configs/Brown_Dwarf_templates/sonora_bobcat/m+0.5/562g/sp_t500g562nc_m+0.5_resample.dat
# %ECSV 1.0
# ---
# datatype:
# - {name: wav, unit: Angstrom, datatype: float64}
# - {name: flux_nu, unit: erg / (cm2 Hz s), datatype: float64}
# meta: {C/O: '1.00', Kzz: '1.0000E+05', Teff: '500.', Y: '0.28', '[Fe/H]': '0.50', f_hole: '1.00', f_rain: '0.00', grav: '562.'}
# schema: astropy-2.0
wav flux_nu
4000.0559999999996 nan
4050.0559999999996 1.109792113602151e-16
4100.056 9.109753535850175e-15
4150.056 8.407583339100086e-14
4200.056 8.267862012034138e-14
4250.056 7.513153194500066e-13
4300.056 1.737268220200006e-12
4350.056 3.1584392849000106e-12
4400.056 5.141369642200015e-12
4450.056 7.97753391870002e-12
4500.056 1.1379008206100029e-11
4550.056 1.0437993570059928e-11
4600.056 9.643050908899945e-13
4650.056 4.80406016509997e-13
4700.056 2.2340521144999826e-13
4750.056 9.118069936699926e-14
4800.056 4.654458238199975e-14
4850.056 2.6111401771999867e-14
4900.056 1.7563356375999943e-14
4950.056 1.282943463499996e-14
5000.056 8.579280022499957e-15
5050.056 6.201693104900006e-15
5100.056 6.403272971100038e-15
5150.056 6.941269618000019e-15
5200.056 7.496625666100015e-15
5250.056 8.012767546800004e-15
5300.056 8.569368953200003e-15
5350.056 9.232655036300011e-15
5400.056 9.953856315500013e-15
5450.056 1.0797514428800046e-14
5500.056 1.1727640032000041e-14
5550.056 1.2659816311000013e-14
5600.056 1.3478057428999998e-14
5650.056 1.4057913068999984e-14
5700.056 1.410176062300001e-14
5750.056 1.3740064624999997e-14
5800.056 1.2481614762999972e-14
5850.056 9.006361449699898e-15
5900.056 3.0221746022373558e-15
5950.056 1.699145274120048e-14
6000.056 3.3763576790999784e-14
6050.056 5.931709071300083e-14
6100.056 9.599064025900088e-14
6150.056 1.4510515853000093e-13
6200.056 2.1108611448000113e-13
6250.056 2.9602737720000094e-13
6300.056 4.168594836700007e-13
6350.056 5.769798986800018e-13
6400.056 7.865054429500043e-13
6450.056 1.0091096784499905e-12
6500.056 1.355174394230006e-12
6550.056 1.8345966529999825e-12
6600.056 2.46723593190005e-12
6650.056 3.3082814940000214e-12
6700.056 4.1034274648000296e-12
6750.056 5.4802594239000214e-12
6800.056 6.38495947370003e-12
6850.056 6.446612528499995e-12
6900.056 5.367551907600059e-12
6950.056 4.2963351963399785e-12
7000.056 4.3867535550999785e-12
7050.056 4.568247232399947e-12
7100.056 4.96254727339995e-12
7150.056 4.3932279536999024e-12
7200.056 3.973000798551288e-12
7250.056 4.187120443559841e-12
7300.056 4.101404258021292e-12
7350.056 4.458082535975913e-12
7400.056 4.798857487200182e-12
7450.056 5.337702119600226e-12
7500.056 5.742455828299985e-12
7550.056 5.984049458199998e-12
7600.056 5.946601176999989e-12
7650.056 2.984461058756939e-12
7700.056 2.844681291410062e-12
7750.056 6.8796440701000756e-12
7800.056 9.149629420599952e-12
7850.056 1.2249740560099995e-11
7900.056 1.563726732099985e-11
7950.056 1.7960601992600033e-11
8000.056 2.405023465400022e-11
8050.056 2.945414514800041e-11
8100.056 2.9311364490198966e-11
8150.056 3.059801353634045e-11
8200.056 4.625784180028214e-11
8250.056 5.2665207400797993e-11
8300.056 6.507760928941745e-11
8350.056 7.594861354428652e-11
8400.056 9.251541231560011e-11
8450.056 1.2072548199399893e-10
8500.056 1.4115815911899594e-10
8550.056 1.7977788206000294e-10
8600.056 2.2014006505000152e-10
8650.056 2.5857999041000226e-10
8700.056 2.905080456100027e-10
8750.056 3.338626212200017e-10
8800.056 3.6558530947000147e-10
8850.056 3.4636774978999205e-10
8900.056 1.513430300333879e-10
8950.056 1.4529999865056255e-10
9000.056 1.3497699126855958e-10
9050.056 3.356349583374474e-10
9100.056 3.914502104718616e-10
9150.056 4.343226467271025e-10
9200.056 6.166692779986831e-10
9250.056 5.516969079304877e-10
9300.056 7.326941560510922e-11
9350.056 1.0364019845329301e-10
9400.056 2.6801711939718795e-10
9450.056 2.7961994538987077e-10
9500.056 2.3392465520797426e-10
9550.056 2.56517594359727e-10
9600.056 2.6245905102685007e-10
9650.056 3.8780651615023105e-10
9700.056 7.340524659897329e-10
9750.056 7.209761037419224e-10
9800.056 8.581942895242159e-10
9850.056 1.0137339103427435e-09
9900.056 1.3477129652484335e-09
9950.056 1.4191404799120843e-09
10000.056 1.5855098794599337e-09
10050.056 2.0237346866900484e-09
10100.056 2.4802521581000167e-09
10150.056 2.6210550160600297e-09
10200.056 2.6424230479302165e-09
10250.056 3.147535776950104e-09
10300.056 4.040575840413702e-09
10350.056 4.053018324800136e-09
10400.056 5.769459022360219e-09
10450.056 7.0968805599988655e-09
10500.056 8.457509267399773e-09
10550.056 1.008877883270011e-08
10600.056 1.1043720911399943e-08
10650.056 1.18345074357003e-08
10700.056 1.171256528970012e-08
10750.056 1.2268115442640085e-08
10800.056 1.2029164262880115e-08
10850.056 1.099400383889029e-08
10900.056 8.068408855559718e-09
10950.056 3.779018333311025e-09
11000.056 2.142300816493643e-09
11050.056 1.0994091314752364e-09
11100.056 5.626130632019626e-10
11150.056 2.2286021258407566e-10
11200.056 1.6216687044939312e-10
11250.056 2.0621219876342364e-10
11300.056 3.0488891096705967e-10
11350.056 8.749542971575728e-11
11400.056 3.7808173047686653e-10
11450.056 2.308129742461829e-10
11500.056 1.882604711335155e-10
11550.056 4.448446389365813e-11
11600.056 2.95712518669055e-11
11650.056 1.1105128116534075e-10
11700.056 1.4043832222424746e-10
11750.056 3.289362867820766e-11
11800.056 2.019451539198568e-10
11850.056 3.454939060761025e-10
11900.056 4.1918905171552315e-10
11950.056 7.248681594851537e-10
12000.056 1.2408442544130528e-09
12050.056 2.089861640168079e-09
12100.056 3.153541611145429e-09
12150.056 4.772062017281898e-09
12200.056 6.052465565800129e-09
12250.056 8.991992710384002e-09
12300.056 1.3343294581871189e-08
12350.056 1.4574792638609742e-08
12400.056 2.125351516279919e-08
12450.056 2.837235175260112e-08
12500.056 3.2071143948302975e-08
12550.056 3.733793829209886e-08
12600.056 4.0734559439601704e-08
12650.056 4.046363230039889e-08
12700.056 3.8939270470101084e-08
12750.056 2.997606241540179e-08
12800.056 2.379415682421933e-08
12850.056 1.4638450300920483e-08
12900.056 1.0637904360439614e-08
12950.056 8.322825087243525e-09
13000.056 8.781797745905621e-09
13050.056 5.5238297175990515e-09
13100.056 5.101867665401768e-09
13150.056 3.212166211852248e-09
13200.056 3.064538400199602e-09
13250.056 2.1350223222547603e-09
13300.056 7.702283066364132e-10
13350.056 2.2470974288232222e-10
13400.056 9.00497954207091e-11
13450.056 2.7919412645384417e-11
13500.056 1.0589650289803268e-11
13550.056 3.779613726765214e-12
13600.056 9.546995952110244e-13
13650.056 6.888407281875433e-12
13700.056 3.615752398327901e-12
13750.056 9.06334507197363e-12
13800.056 8.657898218841873e-12
13850.056 4.232968955306525e-12
13900.056 6.399888518208758e-12
13950.056 5.61672332973118e-12
14000.056 6.591831251464332e-12
14050.056 1.1294594624422588e-11
14100.056 1.02502272704765e-11
14150.056 2.0993600337380335e-11
14200.056 1.3104780323949175e-11
14250.056 1.8188331169686803e-11
14300.056 5.3638459108525034e-11
14350.056 4.774684352989309e-11
14400.056 4.9861762201436036e-11
14450.056 8.77245627126263e-11
14500.056 1.9364637181714578e-10
14550.056 2.0506285926057395e-10
14600.056 3.0490763694952263e-10
14650.056 1.849891039968638e-10
14700.056 8.597980018009023e-11
14750.056 5.194172689775711e-11
14800.056 8.911092944455808e-11
14850.056 1.0781561300556732e-10
14900.056 1.1188161412922572e-10
14950.056 9.404779096651838e-11
15000.056 2.547992626828906e-10
15050.056 2.1839169559421774e-10
15100.056 1.486565802721823e-10
15150.056 9.622449921222819e-11
15200.056 2.2658762888252124e-10
15250.056 5.365819601957465e-10
15300.056 6.911839991899135e-10
15350.056 9.534114218602676e-10
15400.056 1.2981632672061126e-09
15450.056 1.7981607592510862e-09
15500.056 2.1371431347749634e-09
15550.056 3.60563515019848e-09
15600.056 5.205437487022561e-09
15650.056 7.688198225690876e-09
15700.056 1.1347071496880188e-08
15750.056 1.3961277884760168e-08
15800.056 1.6019658791399927e-08
15850.056 1.86641673301015e-08
15900.056 1.727351503740023e-08
15950.056 1.6216002670699056e-08
16000.056 1.1810530686700742e-08
16050.056 6.450497042669457e-09
16100.056 3.7383865880196695e-09
16150.056 1.8812402605129946e-09
16200.056 9.334516401226305e-10
16250.056 5.984167346151747e-10
16300.056 3.686420324671315e-10
16350.056 4.864789659536367e-10
16400.056 6.116144960611221e-10
16450.056 5.533926048247246e-10
16500.056 5.015889415450331e-10
16550.056 5.061133109372778e-10
16600.056 7.926052302210118e-10
16650.056 5.808402705256644e-10
16700.056 7.801656823254135e-11
16750.056 2.8297001868153055e-10
16800.056 4.837375806434536e-10
16850.056 5.459741863391171e-10
16900.056 2.6465014589587386e-10
16950.056 1.6311608469803307e-10
17000.056 8.632807429087006e-11
17050.056 1.8802332284829034e-10
17100.056 3.411958883521426e-10
17150.056 1.8367257463952481e-10
17200.056 6.273208552791118e-10
17250.056 3.3740819268887355e-10
17300.056 2.1692303372770116e-10
17350.056 2.349664417935833e-10
17400.056 4.053658091860688e-10
17450.056 5.392977383779861e-10
17500.056 7.162834782233025e-10
17550.056 6.185371152573419e-10
17600.056 4.703202251732378e-10
17650.056 4.0111135856649014e-10
17700.056 3.1401345898715006e-10
17750.056 2.859015012576392e-10
17800.056 6.388973196285939e-10
17850.056 3.006941722074267e-10
17900.056 2.20036721657261e-10
17950.056 1.5839873927948294e-10
18000.056 2.7406251224993064e-10
18050.056 1.7420708473081436e-10
18100.056 2.2079884015670922e-10
18150.056 1.9550761294890355e-10
18200.056 1.2684668301999302e-10
18250.056 4.750000313572631e-10
18300.056 9.788028664453668e-11
18350.056 8.01251954888478e-11
18400.056 5.761507484406779e-11
18450.056 2.6384077576527233e-10
18500.056 2.630997980006399e-10
18550.056 1.4309574377174864e-10
18600.056 1.7464108185594202e-10
18650.056 1.1549391233468145e-10
18700.056 3.530937657755324e-11
18750.056 8.487240003439761e-11
18800.056 4.352031840762072e-10
18850.056 4.3037305259747345e-10
18900.056 3.5653513414046554e-10
18950.056 6.96856086338222e-10
19000.056 1.8625344126578003e-10
19050.056 8.129151366566257e-11
19100.056 2.0801526677610287e-10
19150.056 8.2033968180287e-11
19200.056 1.3283869443897127e-10
19250.056 8.772550021143975e-11
19300.056 5.898394733246557e-11
19350.056 5.096355298372125e-11
19400.056 4.613452206121343e-11
19450.056 8.646726023913977e-11
19500.056 5.613947767290597e-11
19550.056 9.194406283862181e-11
19600.056 2.0800930723796981e-10
19650.056 1.4251571801207602e-10
19700.056 1.8452055507558414e-10
19750.056 3.4120031943790363e-10
19800.056 2.2434278019297782e-10
19850.056 2.8798859708041384e-10
19900.056 3.9355456644354067e-10
19950.056 6.28545898850272e-10
20000.056 8.666316822256549e-10
20050.056 6.312666332945568e-10
20100.056 1.241733239252263e-09
20150.056 6.182507907748129e-10
20200.056 4.4257751065955537e-10
20250.056 1.01090130476625e-09
20300.056 1.226536532902695e-09
20350.056 1.3567755137000587e-09
20400.056 1.0653444065253364e-09
20450.056 2.2755230996420936e-09
20500.056 2.7518148858556563e-09
20550.056 3.258946668325802e-09
20600.056 3.562776215831017e-09
20650.056 4.8036748116206494e-09
20700.056 5.550246211419806e-09
20750.056 6.612201277059117e-09
20800.056 6.664629205088414e-09
20850.056 7.998994905400405e-09
20900.056 8.824604694098711e-09
20950.056 8.522211136300735e-09
21000.056 8.35039138816068e-09
21050.056 8.877274645499049e-09
21100.056 8.232287323400408e-09
21150.056 8.238309408298782e-09
21200.056 7.467185752950886e-09
21250.056 6.720527948561647e-09
21300.056 5.293003834130457e-09
21350.056 5.2610862239602246e-09
21400.056 4.8200254290928265e-09
21450.056 3.7062254978163327e-09
21500.056 3.1016420782211946e-09
21550.056 2.716235732340991e-09
21600.056 2.1869335134735863e-09
21650.056 1.465743744420462e-09
21700.056 1.2714072986425917e-09
21750.056 1.158502982313432e-09
21800.056 7.393310413349738e-10
21850.056 6.931959155724622e-10
21900.056 4.518271915138011e-10
21950.056 1.6511717443273905e-10
22000.056 2.8524603025210148e-11
22050.056 3.780742535201062e-11
22100.056 1.6312814927442463e-10
22150.056 1.2795277281300928e-10
22200.056 1.3813055824823914e-10
22250.056 1.0993045851401362e-10
22300.056 5.311059173846748e-11
22350.056 6.947949406035691e-11
22400.056 2.4322160584983024e-11
22450.056 3.8108942987382124e-11
22500.056 3.057808800908297e-11
22550.056 1.718283064246083e-11
22600.056 1.3523228800084232e-11
22650.056 2.8776175590072164e-11
22700.056 2.2353319787332856e-11
22750.056 2.8610879649849192e-11
22800.056 3.052311449370016e-11
22850.056 2.136838517523437e-11
22900.056 1.5646965627646724e-11
22950.056 1.3418878542421825e-11
23000.056 1.8412219783283972e-11
23050.056 2.4517789065529364e-11
23100.056 1.3584660407664224e-10
23150.056 1.2735708464468656e-10
23200.056 4.663377017736132e-12
23250.056 2.0360678123179816e-11
23300.056 1.8429056090937948e-11
23350.056 2.7759845454901148e-11
23400.056 2.1098275104292143e-11
23450.056 1.3368826746475074e-11
23500.056 1.5316950138212157e-11
23550.056 3.022199825128004e-11
23600.056 6.167816324945825e-11
23650.056 8.591040181979642e-11
23700.056 1.6297077235908984e-11
23750.056 1.5040724955448623e-11
23800.056 6.708065054994982e-11
23850.056 4.674216389361579e-11
23900.056 1.1064822015895986e-10
23950.056 6.235352034296194e-11
24000.056 1.3386853813976552e-10
24050.056 1.5971397220366526e-10
24100.056 1.78354805047992e-10
24150.056 2.66424259212287e-10
24200.056 1.7198601312134283e-10
24250.056 1.3937783095583554e-10
24300.056 2.6281809474374443e-10
24350.056 2.026582031570241e-10
24400.056 4.663486139387377e-10
24450.056 5.067017390355141e-10
24500.056 4.4543813073499755e-10
24550.056 7.110031910547436e-10
24600.056 7.320119217050159e-10
24650.056 1.1668873832061645e-09
24700.056 6.254494927799499e-10
24750.056 8.319998349096202e-10
24800.056 6.997548931644139e-10
24850.056 1.273730574100056e-09
24900.056 4.752918311286366e-10
24950.056 1.1049329374923361e-09
25000.056 9.958536769601e-10
25050.056 5.798892407666473e-10
25100.056 9.891642204841593e-10
25150.056 4.350699795122182e-10
25200.056 6.449006332051674e-10
25250.056 2.371686846580681e-10
25300.056 3.667032091012758e-10
25350.056 1.5627005848856375e-10
25400.056 4.290982675228918e-10
25450.056 1.253217945631815e-10
25500.056 1.0505014158534477e-10
25550.056 2.1918824265260606e-10
25600.056 1.1815707272852094e-10
25650.056 5.682857301791031e-11
25700.056 7.397619818251684e-11
25750.056 1.8500480084188724e-11
25800.056 1.1625730137434538e-10
25850.056 1.9440772593006023e-11
25900.056 2.8373552951713894e-11
25950.056 6.391227813698803e-12
26000.056 1.0446688408225147e-10
26050.056 1.082850011358385e-11
26100.056 6.344648381953824e-11
26150.056 2.6644055016102676e-11
26200.056 3.4853441502570445e-11
26250.056 2.6739460955894627e-10
26300.056 5.197969959110267e-11
26350.056 4.258701285047769e-10
26400.056 5.97315541750518e-10
26450.056 4.067659308383986e-10
26500.056 8.966565245789604e-10
26550.056 9.660703213375935e-11
26600.056 1.2576147182728436e-10
26650.056 1.5615448848533136e-11
26700.056 8.679583965250049e-12
26750.056 1.2634673024865245e-11
26800.056 4.242545294266752e-11
26850.056 2.2546487172315706e-11
26900.056 1.2802953277218583e-10
26950.056 3.942881868499637e-11
27000.056 2.469413054084358e-10
27050.056 2.7641194964973423e-10
27100.056 3.136983110377668e-11
27150.056 3.5167479114838443e-10
27200.056 3.063242171206289e-11
27250.056 1.1517654022567155e-10
27300.056 8.583290410842852e-10
27350.056 2.7919104882936e-10
27400.056 1.249923665059108e-11
27450.056 3.6241830415343247e-10
27500.056 4.4794574380515235e-10
27550.056 6.030065644755803e-11
27600.056 1.9263177500573317e-10
27650.056 4.573289548453304e-11
27700.056 3.940712263568978e-11
27750.056 2.9491335623299384e-10
27800.056 7.797795857959578e-11
27850.056 1.3429063158732302e-10
27900.056 1.3517264040488822e-10
27950.056 3.758374399830279e-10
28000.056 3.2680296604746597e-10
28050.056 3.594509806102781e-11
28100.056 3.203758574320921e-10
28150.056 2.348565417270515e-10
28200.056 5.93170186487353e-11
28250.056 4.5425490390731906e-10
28300.056 4.184143626202162e-10
28350.056 7.892462048469302e-11
28400.056 2.9851246618831067e-10
28450.056 5.414778243732687e-10
28500.056 3.290265552714623e-10
28550.056 6.391690002326357e-11
28600.056 5.525237347229021e-10
28650.056 3.635356418086519e-10
28700.056 5.267222571194582e-10
28750.056 7.903280501952407e-10
28800.056 3.476446003196298e-10
28850.056 7.739038262473167e-10
