galfind/configs/Brown_Dwarf_templates/sonora_bobcat/m+0.5/562g/sp_t350g562nc_m+0.5_resample.dat
# %ECSV 1.0
# ---
# datatype:
# - {name: wav, unit: Angstrom, datatype: float64}
# - {name: flux_nu, unit: erg / (cm2 Hz s), datatype: float64}
# meta: {C/O: '1.00', Kzz: '1.0000E+05', Teff: '350.', Y: '0.28', '[Fe/H]': '0.50', f_hole: '1.00', f_rain: '0.00', grav: '562.'}
# schema: astropy-2.0
wav flux_nu
4000.0559999999996 nan
4050.0559999999996 7.489725458950165e-18
4100.056 2.494018913690037e-16
4150.056 1.4099429464700118e-15
4200.056 1.5391083964640077e-15
4250.056 9.393251727700073e-15
4300.056 2.0496813713000097e-14
4350.056 3.691129687900013e-14
4400.056 6.16585716130002e-14
4450.056 9.697123891000026e-14
4500.056 1.4787772410000043e-13
4550.056 1.6596656599299933e-13
4600.056 5.794756557099985e-14
4650.056 4.071504153999987e-14
4700.056 2.7638292815999902e-14
4750.056 1.7866763524999936e-14
4800.056 1.2537908772999961e-14
4850.056 8.527347562499969e-15
4900.056 6.3307432773999864e-15
4950.056 5.01874619459999e-15
5000.056 3.5428461320999855e-15
5050.056 2.5978168769000072e-15
5100.056 2.7544332886000175e-15
5150.056 3.1022981664e-15
5200.056 3.469445932400008e-15
5250.056 3.7797949375000025e-15
5300.056 4.101552669500004e-15
5350.056 4.467640581300004e-15
5400.056 4.799217983200007e-15
5450.056 5.255813592400023e-15
5500.056 5.815670168100006e-15
5550.056 6.418939080900004e-15
5600.056 6.964063428000006e-15
5650.056 7.381179322899998e-15
5700.056 7.328721832400012e-15
5750.056 7.240137604799998e-15
5800.056 6.5775826344999815e-15
5850.056 4.672719910399944e-15
5900.056 1.386787834208087e-15
5950.056 8.371905889400238e-15
6000.056 1.7060735830499952e-14
6050.056 3.157410178600026e-14
6100.056 5.252243492400044e-14
6150.056 8.007782166900048e-14
6200.056 1.167923469720006e-13
6250.056 1.6033146868000027e-13
6300.056 2.2590317009000034e-13
6350.056 3.1085686013000037e-13
6400.056 4.1847189540000153e-13
6450.056 4.939676370799948e-13
6500.056 6.515319854400078e-13
6550.056 8.949272089299831e-13
6600.056 1.2237353060800254e-12
6650.056 1.6994687511000122e-12
6700.056 2.1378760997000096e-12
6750.056 2.9042419018000117e-12
6800.056 3.310791777700011e-12
6850.056 3.1916540859999936e-12
6900.056 2.357061703160006e-12
6950.056 1.5673001201500138e-12
7000.056 1.6903026960799593e-12
7050.056 1.6817526716199978e-12
7100.056 1.8596545133899803e-12
7150.056 1.3530480849292893e-12
7200.056 9.406948072035541e-13
7250.056 1.058545515291365e-12
7300.056 1.0505591947827443e-12
7350.056 1.3695864743126899e-12
7400.056 1.7109181326900498e-12
7450.056 2.2784047105000812e-12
7500.056 2.7824788905000046e-12
7550.056 3.1939588902000076e-12
7600.056 3.4075040838999974e-12
7650.056 2.016486779739971e-12
7700.056 2.105003964450029e-12
7750.056 4.1416660583000395e-12
7800.056 5.212535103700001e-12
7850.056 6.065907494699928e-12
7900.056 7.346582988599961e-12
7950.056 8.57789423830001e-12
8000.056 1.0313578376600045e-11
8050.056 1.203498753460014e-11
8100.056 8.610047618379607e-12
8150.056 6.04506499728134e-12
8200.056 1.2822135742087671e-11
8250.056 1.3626862470166586e-11
8300.056 1.569523925405354e-11
8350.056 1.7935708669586665e-11
8400.056 2.3025881571560362e-11
8450.056 3.4813746862499885e-11
8500.056 4.3934648018999814e-11
8550.056 5.696751335100095e-11
8600.056 7.080146503800036e-11
8650.056 8.136300587700043e-11
8700.056 8.329656663500062e-11
8750.056 8.97519525120004e-11
8800.056 8.691474055199904e-11
8850.056 6.45998435699971e-11
8900.056 8.622745399579109e-12
8950.056 4.794331337762199e-12
9000.056 4.599033262028432e-12
9050.056 2.2725605231200527e-11
9100.056 2.6999724869326337e-11
9150.056 3.3428902770014193e-11
9200.056 6.683023586449525e-11
9250.056 4.6391354806459067e-11
9300.056 3.809669955318793e-13
9350.056 6.445069674378606e-13
9400.056 6.144538547574919e-12
9450.056 4.366425764035995e-12
9500.056 3.1976708038586838e-12
9550.056 3.0543172230524706e-12
9600.056 4.0132753930951484e-12
9650.056 9.904824905718267e-12
9700.056 3.907620038976817e-11
9750.056 2.956899015075469e-11
9800.056 3.7227270668757034e-11
9850.056 4.707771418038475e-11
9900.056 7.362902992891613e-11
9950.056 7.679722919930572e-11
10000.056 8.580032868819797e-11
10050.056 1.0701766686700145e-10
10100.056 1.1620967522500103e-10
10150.056 8.025860853299979e-11
10200.056 3.8919787995184116e-11
10250.056 5.706243707660425e-11
10300.056 1.0715509579285443e-10
10350.056 5.785299235205275e-11
10400.056 1.604293009056159e-10
10450.056 2.729789492349591e-10
10500.056 4.35414465650008e-10
10550.056 7.085303833800115e-10
10600.056 9.055639491700197e-10
10650.056 1.0046478259700094e-09
10700.056 9.139068452399909e-10
10750.056 9.77179034189988e-10
10800.056 9.184425956760077e-10
10850.056 7.722312558960226e-10
10900.056 5.07117599185976e-10
10950.056 1.8418060940209502e-10
11000.056 7.007802952178024e-11
11050.056 2.3991704367909597e-11
11100.056 7.314672196660175e-12
11150.056 1.6490637435260408e-12
11200.056 7.686869355871739e-13
11250.056 8.062384498305253e-13
11300.056 2.237526234044533e-12
11350.056 3.4116902059570666e-13
11400.056 4.353532942169144e-12
11450.056 1.7279518495696047e-12
11500.056 1.678325281455692e-12
11550.056 2.5560937969494877e-13
11600.056 6.532266351270534e-14
11650.056 6.696634169004431e-13
11700.056 1.0201491547965019e-12
11750.056 2.231889634606907e-13
11800.056 1.7640922816912394e-12
11850.056 2.174204867913633e-12
11900.056 2.1696048822875375e-12
11950.056 3.858702513075735e-12
12000.056 6.94112663245239e-12
12050.056 1.3479581378836827e-11
12100.056 1.769529018041027e-11
12150.056 2.917532681887572e-11
12200.056 3.382270745072869e-11
12250.056 7.230792698807882e-11
12300.056 1.577180899535434e-10
12350.056 2.0310859697213156e-10
12400.056 3.865686958729958e-10
12450.056 7.057775215800159e-10
12500.056 8.691671058980335e-10
12550.056 1.0811429022100142e-09
12600.056 1.6167775305261084e-09
12650.056 2.2197708110899624e-09
12700.056 2.282806179339997e-09
12750.056 1.239709471593049e-09
12800.056 6.130979402219352e-10
12850.056 2.357775484139867e-10
12900.056 1.4774591621785678e-10
12950.056 9.67373280397996e-11
13000.056 1.2029610043775392e-10
13050.056 5.831368231703865e-11
13100.056 5.1089879491220505e-11
13150.056 2.2230421128088683e-11
13200.056 2.8798429800616532e-11
13250.056 2.453609917654307e-11
13300.056 7.934548971777708e-12
13350.056 3.1380174642509452e-12
13400.056 9.277093423286924e-13
13450.056 1.5291852052294862e-13
13500.056 3.1674229404938706e-14
13550.056 4.438806620884057e-15
13600.056 5.015779369338935e-16
13650.056 6.4329879948625094e-15
13700.056 2.5009436159877037e-15
13750.056 1.6302591637166943e-14
13800.056 1.4094514257749635e-14
13850.056 4.067229455912818e-15
13900.056 1.2028385825238234e-14
13950.056 9.085530615417598e-15
14000.056 1.6597405337230537e-14
14050.056 2.53258333677416e-14
14100.056 2.5254659051012906e-14
14150.056 9.525435528275436e-14
14200.056 5.782055281812418e-14
14250.056 1.0273946630028996e-13
14300.056 4.4696793575556705e-13
14350.056 3.240492922283367e-13
14400.056 3.1277579339172674e-13
14450.056 8.079550969121952e-13
14500.056 2.03855733963014e-12
14550.056 2.44914489094459e-12
14600.056 3.597366670344204e-12
14650.056 1.1206661991988888e-12
14700.056 4.201426460865063e-13
14750.056 1.0843123930566637e-13
14800.056 1.5706117295135523e-13
14850.056 1.905530743694711e-13
14900.056 1.7449573913470637e-13
14950.056 1.0013576295556758e-13
15000.056 4.343262317578938e-13
15050.056 5.039771282855548e-13
15100.056 1.667312712634274e-13
15150.056 4.773500356232518e-14
15200.056 3.457299008067455e-13
15250.056 8.213377127012288e-13
15300.056 1.197664482141367e-12
15350.056 1.835705182381033e-12
15400.056 2.152771744534631e-12
15450.056 3.4048899673832567e-12
15500.056 4.74015679796555e-12
15550.056 1.4022371156646605e-11
15600.056 2.8160112706794067e-11
15650.056 6.568429763511553e-11
15700.056 1.518184157275117e-10
15750.056 2.4330625164801215e-10
15800.056 3.4695426348400314e-10
15850.056 5.001087104630634e-10
15900.056 6.013047748839923e-10
15950.056 7.432608060699882e-10
16000.056 6.215293133700124e-10
16050.056 3.6290207859997357e-10
16100.056 1.7863758839299797e-10
16150.056 7.33680901434898e-11
16200.056 2.6529166778517863e-11
16250.056 1.1534224460546059e-11
16300.056 5.071337272772435e-12
16350.056 7.394621964272154e-12
16400.056 9.280836513904081e-12
16450.056 8.73401695045619e-12
16500.056 6.129982454108527e-12
16550.056 5.905066722236458e-12
16600.056 1.8511484947485715e-11
16650.056 1.0900303724713459e-11
16700.056 1.0983036640980869e-12
16750.056 5.197165179424257e-12
16800.056 9.27153595235424e-12
16850.056 1.0062105947381852e-11
16900.056 2.900803515634646e-12
16950.056 1.5747934873943172e-12
17000.056 5.908536693686288e-13
17050.056 1.5269930255833015e-12
17100.056 4.170448498681871e-12
17150.056 1.892836923326799e-12
17200.056 1.0749981273562387e-11
17250.056 2.937479014017009e-12
17300.056 1.894815493622686e-12
17350.056 2.7053384890477e-12
17400.056 6.92338698754401e-12
17450.056 9.49161712818477e-12
17500.056 1.5608010396105547e-11
17550.056 1.2940226373094906e-11
17600.056 1.051606698036565e-11
17650.056 6.471527784352434e-12
17700.056 5.614145589670414e-12
17750.056 4.616375865617799e-12
17800.056 1.5527583535649104e-11
17850.056 4.87127230534314e-12
17900.056 3.078154579376911e-12
17950.056 1.8858983054960522e-12
18000.056 4.2502302897698764e-12
18050.056 1.8634013849696055e-12
18100.056 2.3191704394007814e-12
18150.056 1.2385002351815587e-12
18200.056 8.712996300575048e-13
18250.056 5.065410320152428e-12
18300.056 3.5222447022771307e-13
18350.056 3.0637614942295e-13
18400.056 1.4393806671982108e-13
18450.056 2.1738790277220768e-12
18500.056 2.182491177145773e-12
18550.056 7.547710292546263e-13
18600.056 1.5059028134505554e-12
18650.056 9.325096460129408e-13
18700.056 6.441425791406983e-14
18750.056 1.7465248820281197e-13
18800.056 4.531697938596677e-12
18850.056 3.908442995682447e-12
18900.056 4.202163319848069e-12
18950.056 7.168358502759647e-12
19000.056 7.663364070623145e-13
19050.056 2.6193663560878453e-13
19100.056 1.1504676113308172e-12
19150.056 3.6356250060110125e-13
19200.056 9.13171495336352e-13
19250.056 5.866399076030818e-13
19300.056 3.0156262778141473e-13
19350.056 2.927833241577196e-13
19400.056 2.1737791336576413e-13
19450.056 3.9806640362064364e-13
19500.056 2.383069589631991e-13
19550.056 7.809278660675914e-13
19600.056 2.348488936681249e-12
19650.056 1.3195426756754214e-12
19700.056 2.3300666065409227e-12
19750.056 4.236712125967089e-12
19800.056 2.000986427943629e-12
19850.056 2.4587436787528265e-12
19900.056 4.761120026644767e-12
19950.056 8.30087495489194e-12
20000.056 1.1794533195752655e-11
20050.056 6.680034173276568e-12
20100.056 1.2733905337048004e-11
20150.056 7.2078830607444036e-12
20200.056 3.6125251583960486e-12
20250.056 1.225019726620497e-11
20300.056 1.7405820127973573e-11
20350.056 2.1386561507405456e-11
20400.056 1.4359519342761001e-11
20450.056 3.652939389373864e-11
20500.056 4.493361618036414e-11
20550.056 5.58164234531726e-11
20600.056 6.369769607934704e-11
20650.056 8.790962460741852e-11
20700.056 1.0538853082699723e-10
20750.056 1.300901686361923e-10
20800.056 1.2412804733397464e-10
20850.056 1.67913793725005e-10
20900.056 1.8522120067199261e-10
20950.056 1.8088139959000796e-10
21000.056 1.7950301350000432e-10
21050.056 2.0170385169999163e-10
21100.056 1.9025150715000226e-10
21150.056 1.894536853749929e-10
21200.056 1.7354259081701036e-10
21250.056 1.5834741436298137e-10
21300.056 1.279103043835091e-10
21350.056 1.2464186369611645e-10
21400.056 1.2045945040555437e-10
21450.056 8.552475988891413e-11
21500.056 6.844277492837623e-11
21550.056 6.54252497905614e-11
21600.056 5.220527985265613e-11
21650.056 3.1250737294992815e-11
21700.056 2.3397844655974638e-11
21750.056 2.4484650555148298e-11
21800.056 1.3528694095241501e-11
21850.056 1.3106042007286282e-11
21900.056 8.218406283397047e-12
21950.056 2.3274378216123395e-12
22000.056 1.4186556026165514e-13
22050.056 4.1186949015594497e-13
22100.056 2.1314993631904817e-12
22150.056 1.1952552623150252e-12
22200.056 1.108187819887682e-12
22250.056 8.5487591443655e-13
22300.056 2.6786094834026334e-13
22350.056 4.698688393666696e-13
22400.056 1.0361714059107924e-13
22450.056 2.4983610499357227e-13
22500.056 1.8514880863687107e-13
22550.056 5.738156964905673e-14
22600.056 4.166411318883808e-14
22650.056 9.663151491225662e-14
22700.056 9.439683485886476e-14
22750.056 2.1095483280813316e-13
22800.056 2.4455227457353917e-13
22850.056 1.4919694765668592e-13
22900.056 9.161994081846952e-14
22950.056 5.1453107669064905e-14
23000.056 8.76298035120219e-14
23050.056 8.199885232985249e-14
23100.056 1.5715502778369493e-12
23150.056 1.7052258196753037e-12
23200.056 1.7866971743144444e-14
23250.056 1.7471165426810016e-13
23300.056 1.283680956052544e-13
23350.056 2.2375863584682277e-13
23400.056 1.546850352389556e-13
23450.056 5.545935959423892e-14
23500.056 6.534131490723112e-14
23550.056 2.118580062096111e-13
23600.056 7.704316207258383e-13
23650.056 9.580822221867153e-13
23700.056 7.691511147242839e-14
23750.056 1.0540412857999419e-13
23800.056 1.0762780295909558e-12
23850.056 4.844503003343101e-13
23900.056 1.5758864174660455e-12
23950.056 4.563937017508978e-13
24000.056 1.9467237954298124e-12
24050.056 2.2388505931841515e-12
24100.056 3.874129993800978e-12
24150.056 5.640655519599366e-12
24200.056 2.691241557122905e-12
24250.056 1.987672437894606e-12
24300.056 5.393908521418403e-12
24350.056 3.812851116178759e-12
24400.056 1.3994309592773013e-11
24450.056 1.5280450944941275e-11
24500.056 1.2112286064674792e-11
24550.056 2.5276885287043968e-11
24600.056 2.8204990220621967e-11
24650.056 5.0186534484322655e-11
24700.056 2.8096741672632737e-11
24750.056 4.062502341062629e-11
24800.056 2.840799501492717e-11
24850.056 5.3305805999703026e-11
24900.056 1.7684256577803037e-11
24950.056 3.8280728251823443e-11
25000.056 4.3173574831673534e-11
25050.056 2.1737792846017298e-11
25100.056 3.9282260759586584e-11
25150.056 1.3611354872227956e-11
25200.056 2.072074946531127e-11
25250.056 5.935389202620196e-12
25300.056 7.0796751105890375e-12
25350.056 2.9742701887965245e-12
25400.056 8.560710862624557e-12
25450.056 1.7431185626917677e-12
25500.056 1.2778336945887195e-12
25550.056 3.9689326627294045e-12
25600.056 1.4837132239190442e-12
25650.056 5.398573735559188e-13
25700.056 3.505823510190939e-13
25750.056 9.234064448785888e-14
25800.056 6.609009643621478e-13
25850.056 7.633925809834513e-14
25900.056 1.0309157530104752e-13
25950.056 2.1888439661409094e-14
26000.056 4.276592060255533e-13
26050.056 3.1455332651971046e-14
26100.056 1.8224928338987168e-13
26150.056 5.884930270950471e-14
26200.056 8.953375792665476e-14
26250.056 1.047236618418739e-12
26300.056 1.0819928172430981e-13
26350.056 3.3818999020753924e-12
26400.056 7.699699794487936e-12
26450.056 3.2011402193490413e-12
26500.056 1.2445045211303075e-11
26550.056 4.657371883647055e-13
26600.056 4.325018965691729e-13
26650.056 4.660608809684847e-14
26700.056 3.592259977601863e-14
26750.056 6.577931914783761e-14
26800.056 3.161549813821459e-13
26850.056 1.6978147588045914e-13
26900.056 1.0962843764559495e-12
26950.056 2.370618315054988e-13
27000.056 1.7422983755506836e-12
27050.056 3.35843345054717e-12
27100.056 1.0527693999390366e-13
27150.056 2.6947648153268535e-12
27200.056 1.1336235672193121e-13
27250.056 6.302490091724751e-13
27300.056 1.0434988870608592e-11
27350.056 2.0454671750116982e-12
27400.056 7.760280268412955e-14
27450.056 3.447809573376773e-12
27500.056 4.812994488480058e-12
27550.056 4.4106973557896396e-13
27600.056 1.8078456121096945e-12
27650.056 3.4852407063550786e-13
27700.056 4.0850575110729456e-13
27750.056 3.77760760093017e-12
27800.056 9.407735753046833e-13
27850.056 2.197430904259328e-12
27900.056 2.7861001945301443e-12
27950.056 6.511284842099767e-12
28000.056 7.814606118499645e-12
28050.056 4.735845087233926e-13
28100.056 8.53430653963375e-12
28150.056 5.9873328931562285e-12
28200.056 9.17947217452506e-13
28250.056 1.2006735199340718e-11
28300.056 1.0598547865655488e-11
28350.056 1.1929643369405013e-12
28400.056 6.488545524190518e-12
28450.056 1.446506922098432e-11
28500.056 6.18342255171581e-12
28550.056 1.0022658722307808e-12
28600.056 1.2967131202555269e-11
28650.056 5.995074058170701e-12
28700.056 1.4185077866166669e-11
28750.056 2.256800805970336e-11
28800.056 5.4898630743512694e-12
