galfind/configs/Brown_Dwarf_templates/sonora_bobcat/m+0.5/562g/sp_t1000g562nc_m+0.5_resample.dat
# %ECSV 1.0
# ---
# datatype:
# - {name: wav, unit: Angstrom, datatype: float64}
# - {name: flux_nu, unit: erg / (cm2 Hz s), datatype: float64}
# meta: {C/O: '1.00', Kzz: '1.0000E+05', Teff: '1000.', Y: '0.28', '[Fe/H]': '0.50', f_hole: '1.00', f_rain: '0.00', grav: '562.'}
# schema: astropy-2.0
wav flux_nu
[from data line 498]
28900.056 6.3361023815997e-08
28950.056 1.3450517573637826e-07
29000.056 1.0618189156416825e-07
29050.056 1.1641354106354619e-07
29100.056 8.447063506073466e-08
29150.056 1.476181424609094e-07
29200.056 1.034980122971642e-07
29250.056 1.4242473321552787e-07
29300.056 8.847875139680978e-08
29350.056 2.093615093180801e-07
29400.056 1.201516602383895e-07
29450.056 1.3269619654730984e-07
29500.056 1.4372842448202562e-07
29550.056 1.3172225099098868e-07
29600.056 1.5283028000173153e-07
29650.056 1.4878007607158455e-07
29700.056 1.1660794459665885e-07
29750.056 1.5455932201250457e-07
29800.056 1.640458419910487e-07
29850.056 1.686432024700605e-07
29900.056 1.5993170417740135e-07
29950.056 1.6766929735184172e-07
30000.056 1.208190693898177e-07
30050.056 1.25244392941397e-07
30100.056 1.2363198176376197e-07
30150.056 1.8145719085798522e-07
30200.056 1.3626510901879588e-07
30250.056 1.8826504367753884e-07
30300.056 1.578256814950097e-07
30350.056 1.3969784234140666e-07
30400.056 1.677575731537988e-07
30450.056 1.250592279828226e-07
30500.056 1.0406514278000344e-07
30550.056 1.1059731151940061e-07
30600.056 1.2581699037699323e-07
30650.056 1.0582757848887848e-07
30700.056 1.0251756273958469e-07
30750.056 9.817336918448428e-08
30800.056 8.738381030751928e-08
30850.056 7.867231684546845e-08
30900.056 7.712055742218417e-08
30950.056 6.697515201221829e-08
31000.056 6.185034901910377e-08
31050.056 6.658810228000434e-08
31100.056 5.036660842619576e-08
31150.056 5.835738496329593e-08
31200.056 6.42074263300119e-08
31250.056 4.650465121189205e-08
31300.056 4.66516268124322e-08
31350.056 4.5530707030401404e-08
31400.056 3.571142670429183e-08
31450.056 3.970329197939237e-08
31500.056 3.190147945235112e-08
31550.056 3.530361472521631e-08
31600.056 2.878782126570091e-08
31650.056 2.6597204417603722e-08
31700.056 2.7216940433694937e-08
31750.056 2.2399842033548647e-08
31800.056 2.8442318724595436e-08
31850.056 2.3041043544064513e-08
31900.056 2.7460960483800018e-08
31950.056 1.7719978416121263e-08
32000.056 2.376569094649745e-08
32050.056 2.4505559770560963e-08
32100.056 2.362608224844374e-08
32150.056 2.5584127716097132e-08
32200.056 2.1895012629981098e-08
32250.056 2.892645151280488e-08
32300.056 2.0991470256536918e-08
32350.056 3.050939182209685e-08
32400.056 2.115230443019532e-08
32450.056 2.8184651781090438e-08
32500.056 2.6656131903785114e-08
32550.056 2.5774964280996747e-08
32600.056 3.0145232944640436e-08
32650.056 3.9989779074492844e-08
32700.056 3.538707058070729e-08
32750.056 4.089682751930524e-08
32800.056 3.894353539563497e-08
32850.056 4.2658568945694875e-08
32900.056 4.779213659415489e-08
32950.056 4.9172229268595956e-08
33000.056 4.156391861418731e-08
33050.056 3.8733246048217806e-08
33100.056 2.2010445746095412e-08
33150.056 8.088306019070657e-09
33200.056 7.101233396297823e-09
33250.056 4.478344179298689e-09
33300.056 5.254920236501277e-09
33350.056 8.36420498790042e-09
33400.056 1.1657473793196155e-08
33450.056 1.632152247396907e-08
33500.056 2.437460301581117e-08
33550.056 2.3353864138008628e-08
33600.056 3.4101976464695796e-08
33650.056 3.568679927579739e-08
33700.056 3.0721088524953946e-08
33750.056 4.2780651760807073e-08
33800.056 3.5562028555775474e-08
33850.056 4.1155383534495227e-08
33900.056 3.340120272579871e-08
33950.056 3.4402746903294516e-08
34000.056 4.2658860986712664e-08
34050.056 2.6592090775491618e-08
34100.056 4.2307429519198994e-08
34150.056 3.431606511729684e-08
34200.056 3.493070974898573e-08
34250.056 3.63621639326824e-08
34300.056 3.2185717310284143e-08
34350.056 2.9484837825600112e-08
34400.056 2.7123932312896333e-08
34450.056 3.611983144188987e-08
34500.056 3.3564805038902315e-08
34550.056 2.7465648385301778e-08
34600.056 4.247157206879815e-08
34650.056 3.137229668350019e-08
34700.056 3.6635118375897454e-08
34750.056 3.683694238798852e-08
34800.056 3.3302348069692065e-08
34850.056 3.711296217450967e-08
34900.056 3.9900707698585874e-08
34950.056 4.101044534299172e-08
35000.056 5.682832383301325e-08
35050.056 3.805398979839853e-08
35100.056 4.693274027630232e-08
35150.056 4.658434084650817e-08
35200.056 4.9082120114596677e-08
35250.056 6.108352745238308e-08
35300.056 4.960770541971053e-08
35350.056 4.9320705954684645e-08
35400.056 5.5236845849005264e-08
35450.056 3.960871657482038e-08
35500.056 6.988440221639906e-08
35550.056 6.55287114761905e-08
35600.056 5.8180436375224394e-08
35650.056 6.539886968670076e-08
35700.056 5.932330811069194e-08
35750.056 7.25048693429906e-08
35800.056 9.307185515560119e-08
35850.056 6.097076752149415e-08
35900.056 8.041888112350399e-08
35950.056 7.626533078098564e-08
36000.056 7.642046099701313e-08
36050.056 7.415129269697942e-08
36100.056 7.72608447719561e-08
36150.056 8.130789016798429e-08
36200.056 8.823697881898079e-08
36250.056 8.266986422497717e-08
36300.056 9.669265114690657e-08
36350.056 9.304654430940578e-08
36400.056 9.33321804381916e-08
36450.056 1.082270063999018e-07
36500.056 1.1170836045639576e-07
36550.056 1.1705541084653209e-07
36600.056 1.3356213549999826e-07
36650.056 1.2903165626327656e-07
36700.056 1.3590709677617904e-07
36750.056 1.4694881872705812e-07
36800.056 1.4660089206899825e-07
36850.056 1.4005256157796776e-07
36900.056 1.4865194314658324e-07
36950.056 1.6752802674497888e-07
37000.056 1.6014480560299e-07
37050.056 1.616222035309925e-07
37100.056 1.7481939083248961e-07
37150.056 1.5503041599700463e-07
37200.056 1.8006965342299005e-07
37250.056 1.8004261899396652e-07
37300.056 1.6220950570163283e-07
37350.056 1.6933873479903013e-07
37400.056 2.2989101700799418e-07
37450.056 1.885255289792012e-07
37500.056 1.8614994050567904e-07
37550.056 2.2036841758110765e-07
37600.056 2.398391751700174e-07
37650.056 1.894409899890039e-07
37700.056 2.507049986640226e-07
37750.056 2.0180300610200756e-07
37800.056 2.1559474056611942e-07
37850.056 1.778439877140114e-07
37900.056 1.9391709015207514e-07
37950.056 2.1891111766195484e-07
38000.056 2.59861617430002e-07
38050.056 2.5668136249205304e-07
38100.056 2.4996329544503983e-07
38150.056 2.804054756539833e-07
38200.056 2.9329172736006123e-07
38250.056 2.785450022430046e-07
38300.056 3.382380882499554e-07
38350.056 3.472636360900429e-07
38400.056 2.575980504609266e-07
38450.056 2.753775611489424e-07
38500.056 2.1772898540204798e-07
38550.056 2.9887211527005583e-07
38600.056 3.001000223359961e-07
38650.056 3.0652029865596486e-07
38700.056 3.2475267884998864e-07
38750.056 3.4536722005799767e-07
38800.056 2.9588540906184834e-07
38850.056 3.108464637220343e-07
38900.056 3.749087554840235e-07
38950.056 3.2681031745397793e-07
39000.056 3.6255279228998304e-07
39050.056 3.376224116099901e-07
39100.056 3.5409622447003154e-07
39150.056 3.652345452969976e-07
39200.056 3.6358440814897576e-07
39250.056 4.064813818409413e-07
39300.056 3.6328044059987447e-07
39350.056 4.329861573980268e-07
39400.056 4.0066471863205816e-07
39450.056 4.068864050749907e-07
39500.056 3.938989274040414e-07
39550.056 4.080287620550649e-07
39600.056 4.368413476198796e-07
39650.056 4.6673440190999203e-07
39700.056 4.4659578571003627e-07
39750.056 3.9379874365609265e-07
39800.056 4.4172129268989313e-07
39850.056 5.061250117399976e-07
39900.056 4.929871461900159e-07
39950.056 4.794681278919057e-07
40000.056 5.510256676800882e-07
40050.056 5.033552006800201e-07
40100.056 4.6022083202602014e-07
40150.056 5.340476133199671e-07
40200.056 5.487507212398496e-07
40250.056 5.153099573298734e-07
40300.056 5.183013594700721e-07
40350.056 5.362558194979917e-07
40400.056 5.956460509099752e-07
40450.056 5.548978307760917e-07
40500.056 5.730848118200302e-07
40550.056 5.995052027079183e-07
40600.056 5.639300754400638e-07
40650.056 5.528481437758948e-07
40700.056 6.866167397499865e-07
40750.056 5.733668348698833e-07
40800.056 5.061182801498106e-07
40850.056 6.536453361001305e-07
40900.056 6.296621017880404e-07
40950.056 5.826264694400234e-07
41000.056 6.145097352800249e-07
41050.056 6.877076725299386e-07
41100.056 5.888012744699732e-07
41150.056 5.101532080749417e-07
41200.056 6.576394027099715e-07
41250.056 5.975116213639748e-07
41300.056 5.378571703498705e-07
41350.056 6.890954777700766e-07
41400.056 6.290472768600862e-07
41450.056 6.492250101200974e-07
41500.056 5.654556678039873e-07
41550.056 5.628342550850914e-07
41600.056 6.572590074520667e-07
41650.056 6.401597102600467e-07
41700.056 5.777608140698472e-07
41750.056 5.811921398099796e-07
41800.056 6.282791415999836e-07
41850.056 4.614301122630076e-07
41900.056 5.378978964839351e-07
41950.056 5.037822718700949e-07
42000.056 4.952929840700425e-07
42050.056 4.434457833219715e-07
42100.056 5.483472980700423e-07
42150.056 4.234473574699603e-07
42200.056 4.185474454419914e-07
42250.056 4.2575925357492527e-07
42300.056 3.9759351142000116e-07
42350.056 4.6114170416007986e-07
42400.056 4.245474673000859e-07
42450.056 4.002847490800105e-07
42500.056 4.036676340249808e-07
42550.056 3.9449025206195347e-07
42600.056 3.9549217736706883e-07
42650.056 4.3028395519990434e-07
42700.056 4.0747209924403133e-07
42750.056 3.861316578899796e-07
42800.056 4.0246808129807413e-07
42850.056 4.548696823498705e-07
42900.056 4.59252873050076e-07
42950.056 4.0544049109985385e-07
43000.056 4.400821624439914e-07
43050.056 3.434957068061448e-07
43100.056 4.152965503299874e-07
43150.056 4.045317237090592e-07
43200.056 4.4534406068002775e-07
43250.056 4.703518188699698e-07
43300.056 4.7416427945000686e-07
43350.056 3.838425921719147e-07
43400.056 4.2571566711997537e-07
43450.056 4.014374433380687e-07
43500.056 3.970162527399849e-07
43550.056 4.0502440528004937e-07
43600.056 4.7493547906402833e-07
43650.056 4.0137553265800913e-07
43700.056 4.6232237345998654e-07
43750.056 4.4375450674109234e-07
43800.056 4.218723254319564e-07
43850.056 4.0990030791007775e-07
43900.056 4.3649798795993977e-07
43950.056 3.6074719539098743e-07
44000.056 3.399600168830217e-07
44050.056 4.44145799480026e-07
44100.056 4.914237715400294e-07
44150.056 4.7403166967192936e-07
44200.056 4.50866554759998e-07
44250.056 3.9764867590601167e-07
44300.056 3.709732051200675e-07
44350.056 3.8943981215207686e-07
44400.056 3.9945539047698655e-07
44450.056 4.310418155999849e-07
44500.056 4.4292636299009257e-07
44550.056 4.797039516199414e-07
44600.056 4.262036745670476e-07
44650.056 4.5816834980806633e-07
44700.056 3.738414202299994e-07
44750.056 4.414206227610176e-07
44800.056 4.2125646367002994e-07
44850.056 4.4689526243007794e-07
44900.056 3.9110769740804205e-07
44950.056 4.155473000520231e-07
45000.056 4.359852533999742e-07
45050.056 4.344955844229948e-07
45100.056 4.3932929753999753e-07
45150.056 4.266731799159742e-07
45200.056 3.7386037187802944e-07
45250.056 4.0361967754990835e-07
45300.056 3.907721567400411e-07
45350.056 3.94122311441951e-07
45400.056 4.5402582517003625e-07
45450.056 4.2089913807995706e-07
45500.056 4.2769689570599266e-07
45550.056 4.7210866559991335e-07
45600.056 4.566924834000244e-07
45650.056 3.8781355996093614e-07
45700.056 4.036653224840433e-07
45750.056 3.800164146509925e-07
45800.056 4.4488028333000035e-07
45850.056 4.83749057549994e-07
45900.056 4.92056496290016e-07
45950.056 4.174219404840009e-07
46000.056 4.776046339300253e-07
46050.056 4.431196723740319e-07
46100.056 4.542760287199884e-07
46150.056 4.203203254849768e-07
46200.056 4.221246964900638e-07
46250.056 3.429409247229574e-07
46300.056 4.559108597459819e-07
46350.056 4.2425524023001424e-07
46400.056 4.2988099532000576e-07
46450.056 4.23465734706043e-07
46500.056 4.081074443770586e-07
46550.056 4.0791264732899424e-07
46600.056 4.365236363919995e-07
46650.056 5.612470807899555e-07
46700.056 4.7559382692004236e-07
46750.056 3.6747566115401313e-07
46800.056 3.355090326700323e-07
46850.056 5.27623073400084e-07
46900.056 4.851035792999429e-07
46950.056 5.068691984300004e-07
47000.056 4.384228397800239e-07
47050.056 4.739217776518586e-07
47100.056 3.529653541050542e-07
47150.056 4.0881850549004255e-07
47200.056 4.762715880000332e-07
47250.056 3.9284610372998297e-07
47300.056 3.3663257794097985e-07
47350.056 4.5453375327996804e-07
47400.056 4.782682944099473e-07
47450.056 4.3389891100002817e-07
47500.056 4.977352688759455e-07
47550.056 4.3817928261999197e-07
47600.056 4.589494846699573e-07
47650.056 3.8869103258391953e-07
47700.056 4.549730761381075e-07
47750.056 3.2755449322001415e-07
47800.056 4.011570711440027e-07
47850.056 3.0808227294399416e-07
47900.056 3.842787450619562e-07
47950.056 3.8880532297802434e-07
48000.056 5.229165908100469e-07
48050.056 4.603136173400196e-07
48100.056 3.6947310632001114e-07
48150.056 4.093626234900381e-07
48200.056 4.155105382340107e-07
48250.056 3.8955666191000795e-07
48300.056 5.015368608798757e-07
48350.056 3.487716093000231e-07
48400.056 3.00266358297963e-07
48450.056 3.838411684590828e-07
48500.056 4.842303478399499e-07
48550.056 3.7428766322800077e-07
48600.056 4.4208133028000337e-07
48650.056 4.175227723399773e-07
48700.056 4.313970928010086e-07
48750.056 3.040219729531114e-07
48800.056 5.18862360657005e-07
48850.056 3.479451079299227e-07
48900.056 4.90294362550002e-07
48950.056 3.989096115200358e-07
49000.056 2.8630826753594664e-07
49050.056 4.4835981021996733e-07
49100.056 4.362885336060712e-07
49150.056 4.179342294060121e-07
49200.056 4.5307145987003457e-07
49250.056 4.6327873347005385e-07
49300.056 4.0257774760599445e-07
49350.056 3.1670140333104565e-07
49400.056 4.051847550599675e-07
49450.056 3.9733133591512195e-07
49500.056 3.510269237149718e-07
49550.056 2.463911469800202e-07
49600.056 3.4589363619407144e-07
49650.056 3.799327627199746e-07
49700.056 3.556821730639116e-07
49750.056 4.6026206848991174e-07
49800.056 3.6702943556801695e-07
49850.056 5.019899830800946e-07
49900.056 4.0404787367398833e-07
49950.056 3.98354398769973e-07
50000.056 3.881552899599721e-07
50050.056 4.384570302899937e-07
50100.056 3.979832966380148e-07
50150.056 2.917699308999796e-07
50200.056 1.8560100839402347e-07
50250.056 3.8865147619996075e-07
50300.056 3.2844268101501734e-07
50350.056 4.6511639502903435e-07
50400.056 3.9168941704996773e-07
50450.056 3.3620729210104435e-07
50500.056 4.3001928230004916e-07
50550.056 3.856890986500259e-07
50600.056 3.5838259315692455e-07
50650.056 4.222107537800825e-07
50700.056 4.6235150827986336e-07
50750.056 4.0345672532406725e-07
50800.056 2.624027832199678e-07
50850.056 2.7133753153007595e-07
50900.056 4.627068911099923e-07
50950.056 3.7673847832006083e-07
51000.056 4.2935111651403427e-07
51050.056 3.738301904699981e-07
51100.056 2.454854082029654e-07
51150.056 3.3537767430796944e-07
51200.056 4.836631040999684e-07
51250.056 3.627164105249343e-07
51300.056 2.962136521371295e-07
51350.056 3.309319556919819e-07
51400.056 2.2220639941999132e-07
51450.056 1.9355263658895383e-07
51500.056 2.2168156873806648e-07
51550.056 4.13412471616032e-07
51600.056 2.990250362830355e-07
51650.056 3.0813203924994447e-07
51700.056 3.3770300187293844e-07
51750.056 2.5428671598601727e-07
51800.056 3.6941794386989986e-07
51850.056 3.450263174729865e-07
51900.056 4.6253334861609383e-07
51950.056 3.7007024734996334e-07
52000.056 1.7737909128297584e-07
52050.056 3.0147403224602244e-07
52100.056 2.3543118509998e-07
52150.056 2.1597591058401259e-07
52200.056 2.2979805253198757e-07
52250.056 2.8430763144202946e-07
52300.056 4.1199255122996173e-07
52350.056 3.1160702867801296e-07
52400.056 2.2225686634001882e-07
52450.056 3.4422913155002294e-07
52500.056 3.5481887498691593e-07
52550.056 3.6347072054992516e-07
52600.056 3.085419588520558e-07
52650.056 3.1910220400506334e-07
52700.056 2.860604115680012e-07
52750.056 2.078104409549877e-07
52800.056 2.530669250710295e-07
52850.056 2.6451733342892335e-07
52900.056 2.5387615261799853e-07
52950.056 2.691352435479937e-07
53000.056 3.552159703920017e-07
53050.056 2.100138249739233e-07
53100.056 2.7286109273595475e-07
53150.056 3.999822012600256e-07
53200.056 2.02607771976986e-07
53250.056 3.6270691076002997e-07
53300.056 3.5502861935218904e-07
53350.056 3.5474459680997876e-07
53400.056 3.5291272835002e-07
53450.056 2.1069890613999912e-07
53500.056 1.4125738862996118e-07
