galfind/configs/Brown_Dwarf_templates/sonora_bobcat/m+0.5/562g/sp_t550g562nc_m+0.5_resample.dat
# %ECSV 1.0
# ---
# datatype:
# - {name: wav, unit: Angstrom, datatype: float64}
# - {name: flux_nu, unit: erg / (cm2 Hz s), datatype: float64}
# meta: {C/O: '1.00', Kzz: '1.0000E+05', Teff: '550.', Y: '0.28', '[Fe/H]': '0.50', f_hole: '1.00', f_rain: '0.00', grav: '562.'}
# schema: astropy-2.0
wav flux_nu
4000.0559999999996 nan
4050.0559999999996 3.1425164852449783e-16
4100.056 3.351146264140067e-14
4150.056 3.0943756075000293e-13
4200.056 2.988106219777146e-13
4250.056 2.626968863650021e-12
4300.056 5.833363978700027e-12
4350.056 1.0044296744700033e-11
4400.056 1.5478354746000045e-11
4450.056 2.3149652017000098e-11
4500.056 3.0556794531000115e-11
4550.056 2.770023376151978e-11
4600.056 2.847390187999984e-12
4650.056 1.4708900281999916e-12
4700.056 6.683547495999941e-13
4750.056 2.208031023499977e-13
4800.056 9.037153110199938e-14
4850.056 4.504518148299973e-14
4900.056 2.8760227603999896e-14
4950.056 2.0155222401999925e-14
5000.056 1.2836494757999929e-14
5050.056 8.939263388700004e-15
5100.056 9.037181051500045e-15
5150.056 9.61321522730003e-15
5200.056 1.0234987176500017e-14
5250.056 1.0818105371000001e-14
5300.056 1.1453032167000002e-14
5350.056 1.2209463385000013e-14
5400.056 1.3023992784000012e-14
5450.056 1.3945092336000055e-14
5500.056 1.4948746031000057e-14
5550.056 1.598025822600002e-14
5600.056 1.6946071810999993e-14
5650.056 1.769137191899998e-14
5700.056 1.781603484500001e-14
5750.056 1.719843950599999e-14
5800.056 1.5273386739999965e-14
5850.056 1.1115416018599877e-14
5900.056 3.800056428476785e-15
5950.056 2.0872888367800592e-14
6000.056 4.198870893099967e-14
6050.056 7.393851580200114e-14
6100.056 1.1817082658400105e-13
6150.056 1.7833184033000117e-13
6200.056 2.618722211100014e-13
6250.056 3.7242747647000144e-13
6300.056 5.281422304000012e-13
6350.056 7.35079512260003e-13
6400.056 1.009230022620006e-12
6450.056 1.3251055497099888e-12
6500.056 1.799024301630005e-12
6550.056 2.448529745599986e-12
6600.056 3.3051276094000626e-12
6650.056 4.431317258800027e-12
6700.056 5.497710144100046e-12
6750.056 7.375842171400029e-12
6800.056 8.677533878600035e-12
6850.056 8.869056369999993e-12
6900.056 7.54789041290008e-12
6950.056 6.18223148389996e-12
7000.056 6.2160606685e-12
7050.056 6.5108357650999144e-12
7100.056 7.046120070399938e-12
7150.056 6.4717164248438755e-12
7200.056 6.0144908862088965e-12
7250.056 6.201076629379732e-12
7300.056 6.008621546929373e-12
7350.056 6.282357198129867e-12
7400.056 6.538119997900241e-12
7450.056 6.963869790700278e-12
7500.056 7.235473465399972e-12
7550.056 7.352025862099987e-12
7600.056 7.238166978999986e-12
7650.056 3.397966962057919e-12
7700.056 3.147998522330073e-12
7750.056 8.2878354075001e-12
7800.056 1.1127479481399935e-11
7850.056 1.528232662840003e-11
7900.056 1.9876254627799802e-11
7950.056 2.2926709060000055e-11
8000.056 3.2002036333000314e-11
8050.056 4.0021534920000567e-11
8100.056 4.261465588389875e-11
8150.056 4.720870445816017e-11
8200.056 6.87246760841316e-11
8250.056 8.008529671682325e-11
8300.056 9.986181587711814e-11
8350.056 1.1801681518761408e-10
8400.056 1.4391980001879946e-10
8450.056 1.8500514425399812e-10
8500.056 2.1380080835199216e-10
8550.056 2.7342798320000455e-10
8600.056 3.358322126600027e-10
8650.056 3.962920202800038e-10
8700.056 4.5106748610000405e-10
8750.056 5.223599753200025e-10
8800.056 5.805845318500042e-10
8850.056 5.698467562799893e-10
8900.056 2.978011056809763e-10
8950.056 2.9460978436205577e-10
9000.056 2.8438327630683904e-10
9050.056 6.281192733937159e-10
9100.056 7.31182839611136e-10
9150.056 8.035885384363064e-10
9200.056 1.0882888387641843e-09
9250.056 1.0106201707932082e-09
9300.056 1.9661205449930665e-10
9350.056 2.6654709122927304e-10
9400.056 5.837419528374575e-10
9450.056 6.331974979575829e-10
9500.056 5.46566969633382e-10
9550.056 6.07574975636521e-10
9600.056 6.135484320133618e-10
9650.056 8.483256571764653e-10
9700.056 1.4407375053792907e-09
9750.056 1.4579489358263109e-09
9800.056 1.7183111460078293e-09
9850.056 2.0096639421663286e-09
9900.056 2.6087199404870086e-09
9950.056 2.7581375118101454e-09
10000.056 3.0752225180598505e-09
10050.056 3.9006113059000814e-09
10100.056 4.76997185090001e-09
10150.056 5.241141889400022e-09
10200.056 5.590198396600393e-09
10250.056 6.523485343790271e-09
10300.056 8.069545935829344e-09
10350.056 8.504874135220292e-09
10400.056 1.1215678581200262e-08
10450.056 1.3252915231898113e-08
10500.056 1.529300173599955e-08
10550.056 1.7645718720000148e-08
10600.056 1.9017385884799798e-08
10650.056 2.0286251992800536e-08
10700.056 2.0292906171500337e-08
10750.056 2.1188634868100236e-08
10800.056 2.0949993061340257e-08
10850.056 1.9428903008900424e-08
10900.056 1.455367942839955e-08
10950.056 7.209034421699098e-09
11000.056 4.42294960945871e-09
11050.056 2.4586111215926764e-09
11100.056 1.3695835572226907e-09
11150.056 6.002319789997461e-10
11200.056 4.724837328389658e-10
11250.056 6.038444155361605e-10
11300.056 8.127115096336191e-10
11350.056 2.610852982736592e-10
11400.056 9.35795090852541e-10
11450.056 6.091159748130449e-10
11500.056 4.91238273645287e-10
11550.056 1.3231969542934543e-10
11600.056 1.027798176176324e-10
11650.056 3.178926085006588e-10
11700.056 3.9167472450439676e-10
11750.056 9.731680762612676e-11
11800.056 5.422394096967721e-10
11850.056 9.495068911479397e-10
11900.056 1.1868644274930853e-09
11950.056 2.0066554523554146e-09
12000.056 3.277829114866289e-09
12050.056 5.246538929491296e-09
12100.056 7.778768794194478e-09
12150.056 1.1333378408449535e-08
12200.056 1.4292066183390016e-08
12250.056 2.0116871660467435e-08
12300.056 2.8094060646102458e-08
12350.056 3.0191637201599456e-08
12400.056 4.1660642571798204e-08
12450.056 5.2664421532802246e-08
12500.056 5.8323438470004924e-08
12550.056 6.685673065799847e-08
12600.056 7.216056097350277e-08
12650.056 7.009829824999839e-08
12700.056 6.737953121320262e-08
12750.056 5.473099436590339e-08
12800.056 4.627603956459925e-08
12850.056 3.0670149215441865e-08
12900.056 2.2916440138483464e-08
12950.056 1.878456460071428e-08
13000.056 1.91494346797302e-08
13050.056 1.2903209515592057e-08
13100.056 1.1907764460971113e-08
13150.056 7.965533481523216e-09
13200.056 7.260904826892543e-09
13250.056 5.040787575804559e-09
13300.056 1.905477615978984e-09
13350.056 5.446070037054989e-10
13400.056 2.381750048802203e-10
13450.056 8.467605470088583e-11
13500.056 3.6041699372868874e-11
13550.056 1.5581925021513397e-11
13600.056 4.713635155683086e-12
13650.056 2.723029972081125e-11
13700.056 1.552466816838861e-11
13750.056 3.168415010453545e-11
13800.056 3.1802345419308166e-11
13850.056 1.7419109467535484e-11
13900.056 2.3633571969695014e-11
13950.056 2.097318906984524e-11
14000.056 2.3531956411790038e-11
14050.056 3.8032218630297213e-11
14100.056 3.4857046779394935e-11
14150.056 6.475112149885253e-11
14200.056 4.2664499196219336e-11
14250.056 5.5833820378129265e-11
14300.056 1.4490842532138338e-10
14350.056 1.3582152799982831e-10
14400.056 1.4436565052083923e-10
14450.056 2.2829590464098419e-10
14500.056 4.855396695115611e-10
14550.056 5.264320721613094e-10
14600.056 7.786615632305816e-10
14650.056 5.53460658019724e-10
14700.056 2.8971385645824666e-10
14750.056 2.278033728865285e-10
14800.056 3.7811199702729555e-10
14850.056 4.3337100919753154e-10
14900.056 4.669959153514144e-10
14950.056 4.363851159597571e-10
15000.056 9.583357515202667e-10
15050.056 8.565243856192693e-10
15100.056 7.021093330219104e-10
15150.056 5.765903109484194e-10
15200.056 1.0070737999499517e-09
15250.056 2.1391403766992588e-09
15300.056 2.725368636734239e-09
15350.056 3.610064003346109e-09
15400.056 4.716123595910228e-09
15450.056 6.161747594651089e-09
15500.056 7.220261199404504e-09
15550.056 1.075400683163668e-08
15600.056 1.4280723809399144e-08
15650.056 1.882561171818143e-08
15700.056 2.5465134752300802e-08
15750.056 2.962968345249986e-08
15800.056 3.240090369639982e-08
15850.056 3.6278497441002594e-08
15900.056 3.2423582586800403e-08
15950.056 2.935158799199804e-08
16000.056 2.118695574260141e-08
16050.056 1.1686280508699058e-08
16100.056 7.016978870359324e-09
16150.056 3.7250268630226734e-09
16200.056 1.97008920468991e-09
16250.056 1.3556982370112012e-09
16300.056 8.88442817921957e-10
16350.056 1.1227537819062114e-09
16400.056 1.4076557411457342e-09
16450.056 1.3147819387813268e-09
16500.056 1.2598671580292617e-09
16550.056 1.270804197737206e-09
16600.056 1.7489594488115331e-09
16650.056 1.3003133044575132e-09
16700.056 2.0736239655851052e-10
16750.056 6.463426116663171e-10
16800.056 1.1075237812314252e-09
16850.056 1.2418100642816673e-09
16900.056 6.817884757588488e-10
16950.056 4.425982229214152e-10
17000.056 2.525199237026961e-10
17050.056 5.123005002186011e-10
17100.056 8.57547970963661e-10
17150.056 4.923193378349287e-10
17200.056 1.4416377929893349e-09
17250.056 8.734274738100428e-10
17300.056 5.755009179773941e-10
17350.056 5.998939572955237e-10
17400.056 9.440952137311132e-10
17450.056 1.2323817987328617e-09
17500.056 1.5864645698908107e-09
17550.056 1.388791444249018e-09
17600.056 1.0712708233496605e-09
17650.056 9.598943101280896e-10
17700.056 7.414458048036979e-10
17750.056 6.855706760299195e-10
17800.056 1.3877002877022634e-09
17850.056 7.119414737782334e-10
17900.056 5.466195815696797e-10
17950.056 4.104281467103469e-10
18000.056 6.553267582811328e-10
18050.056 4.590462079828543e-10
18100.056 5.70161373363043e-10
18150.056 5.546439970477766e-10
18200.056 3.559807876711385e-10
18250.056 1.1769885803739902e-09
18300.056 3.1693812806957307e-10
18350.056 2.578193038682719e-10
18400.056 2.0005274643874595e-10
18450.056 6.819473896610334e-10
18500.056 6.768827763331284e-10
18550.056 4.0940773997502307e-10
18600.056 4.591729876263507e-10
18650.056 3.2615909032216396e-10
18700.056 1.3106094587160438e-10
18750.056 2.9130616934348727e-10
18800.056 1.1336464757755739e-09
18850.056 1.1455720497425244e-09
18900.056 9.626285244521039e-10
18950.056 1.8498338177381156e-09
19000.056 5.970745958145105e-10
19050.056 2.961933568534936e-10
19100.056 6.958160153605522e-10
19150.056 2.995040999394385e-10
19200.056 4.780508767645753e-10
19250.056 3.0633993193369913e-10
19300.056 2.146046153534931e-10
19350.056 1.8661442193403493e-10
19400.056 1.6484800675867939e-10
19450.056 3.0686118837411797e-10
19500.056 2.1775827867518608e-10
19550.056 2.8753770587992463e-10
19600.056 5.814304147732854e-10
19650.056 4.612377265571404e-10
19700.056 5.410789562034278e-10
19750.056 9.832134006336673e-10
19800.056 7.059445164820628e-10
19850.056 9.528621941618356e-10
19900.056 1.1445765509621528e-09
19950.056 1.7863638927390727e-09
20000.056 2.359661236744339e-09
20050.056 1.922489667654018e-09
20100.056 3.4332466499215383e-09
20150.056 1.8829771200959125e-09
20200.056 1.5370100266437124e-09
20250.056 3.110246811937308e-09
20300.056 3.6412955683731787e-09
20350.056 3.952419595602239e-09
20400.056 3.3401906773242952e-09
20450.056 6.345806243434001e-09
20500.056 7.5925983928139e-09
20550.056 8.5087073732631e-09
20600.056 9.408074969568606e-09
20650.056 1.1929592278369616e-08
20700.056 1.3329579419609915e-08
20750.056 1.53421868272583e-08
20800.056 1.558852939373627e-08
20850.056 1.7541741743100985e-08
20900.056 1.9135505987896807e-08
20950.056 1.830603547080156e-08
21000.056 1.775008487030178e-08
21050.056 1.8377828622297827e-08
21100.056 1.697726348240094e-08
21150.056 1.697064290367702e-08
21200.056 1.5339130069001763e-08
21250.056 1.385218901449593e-08
21300.056 1.093961024198877e-08
21350.056 1.0905932146422264e-08
21400.056 9.974086386006266e-09
21450.056 7.968069790215351e-09
21500.056 6.7934922760906875e-09
21550.056 5.966444109876501e-09
21600.056 4.871300751641883e-09
21650.056 3.4446363225641883e-09
21700.056 3.123653401430842e-09
21750.056 2.797170554841821e-09
21800.056 1.9039916677210363e-09
21850.056 1.7368539915464827e-09
21900.056 1.1459891512142898e-09
21950.056 4.5248732636045587e-10
22000.056 9.29699021255672e-11
22050.056 1.0271474701132152e-10
22100.056 4.05100520189138e-10
22150.056 3.5937747577500193e-10
22200.056 3.972618719289681e-10
22250.056 3.125087052364068e-10
22300.056 1.655898157454923e-10
22350.056 2.05211834392484e-10
22400.056 8.035192837646442e-11
22450.056 1.1368601068445236e-10
22500.056 9.24549193168313e-11
22550.056 5.677573927652399e-11
22600.056 4.585710673563142e-11
22650.056 9.078573068515235e-11
22700.056 6.888447422719407e-11
22750.056 8.029138247547947e-11
22800.056 8.401836524043642e-11
22850.056 6.147860479014008e-11
22900.056 4.611484664101395e-11
22950.056 4.1510406452972836e-11
23000.056 5.66097409446417e-11
23050.056 7.666153547671893e-11
23100.056 3.539261876891595e-10
23150.056 3.404445390579926e-10
23200.056 1.5453162528293282e-11
23250.056 5.5892118458768735e-11
23300.056 5.1727711695264274e-11
23350.056 7.358161411358734e-11
23400.056 6.087142871749751e-11
23450.056 4.125548447999869e-11
23500.056 4.754901505845764e-11
23550.056 8.548918750811577e-11
23600.056 1.5457809706352918e-10
23650.056 2.2357595847676607e-10
23700.056 5.045569199100656e-11
23750.056 4.277670338218472e-11
23800.056 1.5851382150167153e-10
23850.056 1.210112009390975e-10
23900.056 2.7200328206226955e-10
23950.056 1.7484921675474211e-10
24000.056 3.3035889497290774e-10
24050.056 3.989389915118656e-10
24100.056 4.1748351205032955e-10
24150.056 6.145589994649258e-10
24200.056 4.2558240647522994e-10
24250.056 3.476256827519631e-10
24300.056 6.111008205365442e-10
24350.056 4.810813754388119e-10
24400.056 1.0048885694343148e-09
24450.056 1.068936712404427e-09
24500.056 9.679672635301383e-10
24550.056 1.471950997419178e-09
24600.056 1.5008047857125217e-09
24650.056 2.30693302454485e-09
24700.056 1.272335721908269e-09
24750.056 1.6560928899490015e-09
24800.056 1.4544799715449664e-09
24850.056 2.5448049682194294e-09
24900.056 1.0126413044325054e-09
24950.056 2.2916639817576214e-09
25000.056 2.0270485812946078e-09
25050.056 1.2166666244360587e-09
25100.056 2.0121380957304786e-09
25150.056 9.490422597270697e-10
25200.056 1.3905228946101101e-09
25250.056 5.502949414627133e-10
25300.056 8.825136688816362e-10
25350.056 3.833463038715141e-10
25400.056 1.0216952250188593e-09
25450.056 3.235476272972542e-10
25500.056 2.80857407442004e-10
25550.056 5.285650706595801e-10
25600.056 3.1350784468104634e-10
25650.056 1.5739070908679097e-10
25700.056 2.397384277568068e-10
25750.056 6.211917678801324e-11
25800.056 3.518295860190696e-10
25850.056 6.782850446077827e-11
25900.056 9.968285578830637e-11
25950.056 2.6323319226377173e-11
26000.056 3.3096849454807195e-10
26050.056 4.502045133720807e-11
26100.056 2.2458464479368043e-10
26150.056 1.067365057101353e-10
26200.056 1.3211275404147375e-10
26250.056 7.978902113434428e-10
26300.056 1.955444259608334e-10
26350.056 1.1459307215081969e-09
26400.056 1.4432863635099703e-09
26450.056 1.0971911762803655e-09
26500.056 2.0699984307471777e-09
26550.056 3.0412129690156147e-10
26600.056 4.2127495973193693e-10
26650.056 6.352737727658829e-11
26700.056 3.7732813778324725e-11
26750.056 4.488057048818532e-11
26800.056 1.3170417883322365e-10
26850.056 6.962071776121553e-11
26900.056 3.56477779797522e-10
26950.056 1.1877374350545917e-10
27000.056 6.811406627906236e-10
27050.056 6.837054313770771e-10
27100.056 1.1510147060810992e-10
27150.056 9.353360241014703e-10
27200.056 1.1360407157127273e-10
27250.056 3.506908749012912e-10
27300.056 2.098474844388716e-09
27350.056 7.94803342880221e-10
27400.056 4.426775072690491e-11
27450.056 9.928955822537953e-10
27500.056 1.1788768668177823e-09
27550.056 1.8480829981502094e-10
27600.056 5.422155472053668e-10
27650.056 1.4224334645161802e-10
27700.056 1.1500430052799814e-10
27750.056 7.711449360850092e-10
27800.056 2.093788065745152e-10
27850.056 3.4290419876611497e-10
27900.056 3.4041767944714247e-10
27950.056 9.354643810423105e-10
28000.056 7.706791025104243e-10
28050.056 9.851053933789727e-11
28100.056 7.609187935434505e-10
28150.056 5.486047932421545e-10
28200.056 1.5433526646962536e-10
28250.056 1.0568190049321899e-09
28300.056 1.013024741931406e-09
28350.056 2.0666885812258956e-10
28400.056 7.184711929668453e-10
28450.056 1.2477560424087528e-09
28500.056 7.898343708376693e-10
28550.056 1.634771964583155e-10
28600.056 1.311956192530132e-09
28650.056 9.1353304491269e-10
28700.056 1.173805758571441e-09
28750.056 1.7911855530501093e-09
28800.056 8.76498134522121e-10
28850.056 1.6699046858769586e-09
