galfind/configs/Brown_Dwarf_templates/sonora_bobcat/m+0.5/562g/sp_t275g562nc_m+0.5_resample.dat
# %ECSV 1.0
# ---
# datatype:
# - {name: wav, unit: Angstrom, datatype: float64}
# - {name: flux_nu, unit: erg / (cm2 Hz s), datatype: float64}
# meta: {C/O: '1.00', Kzz: '1.0000E+05', Teff: '275.', Y: '0.28', '[Fe/H]': '0.50', f_hole: '1.00', f_rain: '0.00', grav: '562.'}
# schema: astropy-2.0
wav flux_nu
4000.0559999999996 nan
4050.0559999999996 1.359463951020025e-18
4100.056 3.084772827260042e-17
4150.056 1.4247459193800108e-16
4200.056 1.9926760809800098e-16
4250.056 7.992029838500055e-16
4300.056 1.647106107800007e-15
4350.056 2.9121347943000108e-15
4400.056 4.833169383200016e-15
4450.056 7.512757903700018e-15
4500.056 1.1615424297000033e-14
4550.056 1.5914205621000016e-14
4600.056 1.5921249037000008e-14
4650.056 1.584853800799999e-14
4700.056 1.3653443569999977e-14
4750.056 1.0309608364199978e-14
4800.056 7.953714174299982e-15
4850.056 5.8292642528999825e-15
4900.056 4.603766359299992e-15
4950.056 3.785156312399993e-15
5000.056 2.6463143923999876e-15
5050.056 1.8121114581000028e-15
5100.056 1.9110764149000097e-15
5150.056 2.1898461747000003e-15
5200.056 2.5276891675000047e-15
5250.056 2.762635773300003e-15
5300.056 2.9907618871000035e-15
5350.056 3.239739896200002e-15
5400.056 3.3553134332000023e-15
5450.056 3.650556863000013e-15
5500.056 4.0915696537000026e-15
5550.056 4.605286928500003e-15
5600.056 5.039983157100005e-15
5650.056 5.3410272294e-15
5700.056 5.086712324300008e-15
5750.056 5.175656404400001e-15
5800.056 4.861580091899993e-15
5850.056 3.5205902011999563e-15
5900.056 9.356967776330516e-16
5950.056 5.382367822100154e-15
6000.056 1.0940952660600004e-14
6050.056 2.1799942495000178e-14
6100.056 3.846003761700032e-14
6150.056 6.064159185000037e-14
6200.056 8.982307064400045e-14
6250.056 1.1934971228000013e-13
6300.056 1.687057932980003e-13
6350.056 2.3308548160000033e-13
6400.056 3.12621368950001e-13
6450.056 3.325766653199962e-13
6500.056 4.286296456700068e-13
6550.056 6.10532255339988e-13
6600.056 8.698130767700164e-13
6650.056 1.2929321589000087e-12
6700.056 1.6777477775000083e-12
6750.056 2.364390628100011e-12
6800.056 2.680293964200003e-12
6850.056 2.4844593404999928e-12
6900.056 1.5916357073299823e-12
6950.056 7.671117388320151e-13
7000.056 8.806387942399689e-13
7050.056 8.131805745700063e-13
7100.056 9.244055187299919e-13
7150.056 5.428486135025355e-13
7200.056 2.172827520312839e-13
7250.056 2.4261949176112675e-13
7300.056 2.534945190396683e-13
7350.056 4.334452865705994e-13
7400.056 6.922558406960129e-13
7450.056 1.1870852121600324e-12
7500.056 1.6714007115700048e-12
7550.056 2.085486233800005e-12
7600.056 2.341942340700002e-12
7650.056 1.5994711306699815e-12
7700.056 1.7201489542400213e-12
7750.056 3.0877772350000223e-12
7800.056 3.664599784400006e-12
7850.056 3.668878698299942e-12
7900.056 4.166599833299995e-12
7950.056 5.089473568199993e-12
8000.056 5.51184940760001e-12
8050.056 6.185672825200045e-12
8100.056 2.812799021365843e-12
8150.056 8.250943666592339e-13
8200.056 3.418262341006961e-12
8250.056 3.744333200895746e-12
8300.056 3.232112511524348e-12
8350.056 3.737322490513725e-12
8400.056 5.7986146266602956e-12
8450.056 1.1483555093600091e-11
8500.056 1.6348427114000094e-11
8550.056 2.243402678600035e-11
8600.056 2.8676824252000183e-11
8650.056 3.1416736864000046e-11
8700.056 2.670535403799994e-11
8750.056 2.470648213899997e-11
8800.056 1.843842788119949e-11
8850.056 9.430158015699344e-12
8900.056 2.565127746336376e-13
8950.056 3.1856257389535585e-14
9000.056 3.8801040516495607e-14
9050.056 4.522973796716579e-13
9100.056 5.52613906781393e-13
9150.056 9.156396939182244e-13
9200.056 3.2553827734695343e-12
9250.056 1.7833308201297248e-12
9300.056 1.4943420243656558e-15
9350.056 1.1810177797581822e-15
9400.056 4.399862626221634e-14
9450.056 1.4698308431984026e-14
9500.056 1.3992100886293685e-14
9550.056 1.0839195772663362e-14
9600.056 2.7103491076991094e-14
9650.056 1.0784804380592266e-13
9700.056 1.0644437655103544e-12
9750.056 5.762931778933477e-13
9800.056 7.640084153337377e-13
9850.056 1.0399535076717642e-12
9900.056 1.8160351441181875e-12
9950.056 1.8669414410201424e-12
10000.056 2.0025183508142576e-12
10050.056 2.180266268159963e-12
10100.056 1.7698035666900028e-12
10150.056 7.254106606039772e-13
10200.056 9.764991194030492e-14
10250.056 1.2701078389126197e-13
10300.056 4.697482397479885e-13
10350.056 1.1862796930133126e-13
10400.056 7.749353939193391e-13
10450.056 1.8867191439398238e-12
10500.056 4.8381540802203226e-12
10550.056 1.3116401368000246e-11
10600.056 2.1651773240000665e-11
10650.056 2.522305866199993e-11
10700.056 2.030756636989973e-11
10750.056 2.1405827615599546e-11
10800.056 1.962561966580038e-11
10850.056 1.5595850747960167e-11
10900.056 1.067010778223952e-11
10950.056 4.227306395059946e-12
11000.056 1.4215373037297999e-12
11050.056 3.81535296463055e-13
11100.056 6.90655394980757e-14
11150.056 8.676586595382027e-15
11200.056 2.2655855858032073e-15
11250.056 1.4089741420665254e-15
11300.056 9.963037850809406e-15
11350.056 7.559384539946179e-16
11400.056 2.6860665099512202e-14
11450.056 9.04286000623275e-15
11500.056 9.672154986510142e-15
11550.056 1.3654093929770904e-15
11600.056 1.3522860473413313e-16
11650.056 3.0611897692828935e-15
11700.056 6.210742905280196e-15
11750.056 1.60744743381581e-15
11800.056 1.3682640188812544e-14
11850.056 1.1401081940091591e-14
11900.056 1.2630543788929002e-14
11950.056 2.5307183702213752e-14
12000.056 3.79360841676638e-14
12050.056 6.852292982780066e-14
12100.056 7.169055953046033e-14
12150.056 1.0778034411485438e-13
12200.056 1.15262024410558e-13
12250.056 3.950003360497683e-13
12300.056 1.1206490457045061e-12
12350.056 1.6069237916805938e-12
12400.056 3.906820253390011e-12
12450.056 1.002119808120031e-11
12500.056 1.3259825443699794e-11
12550.056 1.4662474730100235e-11
12600.056 2.873306400760214e-11
12650.056 6.133695622560088e-11
12700.056 6.979726863399883e-11
12750.056 2.981673064190082e-11
12800.056 1.184087847509853e-11
12850.056 3.4236226153997505e-12
12900.056 1.5542441456167237e-12
12950.056 1.0399064760441515e-12
13000.056 1.2224838563140137e-12
13050.056 5.394020848126507e-13
13100.056 4.84485026911424e-13
13150.056 1.474636374589804e-13
13200.056 2.209713085875171e-13
13250.056 2.7926620024378766e-13
13300.056 7.420902816396026e-14
13350.056 4.045549403687459e-14
13400.056 1.0833537618634474e-14
13450.056 1.0307906209365262e-15
13500.056 9.209815760489665e-17
13550.056 4.9353020703781225e-18
13600.056 2.4968140450562635e-19
13650.056 3.301317391590815e-18
13700.056 1.0388249687230671e-18
13750.056 1.608339240979881e-17
13800.056 1.7074180454071947e-17
13850.056 2.9714757515761385e-18
13900.056 1.6761661629466775e-17
13950.056 8.568836565971237e-18
14000.056 4.002841152122171e-17
14050.056 3.7520040179593173e-17
14100.056 4.5503154713891716e-17
14150.056 3.734141834353481e-16
14200.056 2.7998274747429533e-16
14250.056 6.205080806371165e-16
14300.056 3.1109394467747794e-15
14350.056 2.0147688546846998e-15
14400.056 1.82772357857082e-15
14450.056 5.727804103193273e-15
14500.056 1.7429387308688998e-14
14550.056 3.6724644921488615e-14
14600.056 5.367963846208155e-14
14650.056 9.78647511539538e-15
14700.056 3.166311352811551e-15
14750.056 5.772398330364097e-16
14800.056 7.510384496346882e-16
14850.056 6.905830838354497e-16
14900.056 5.161358515367698e-16
14950.056 2.0423961259865594e-16
15000.056 1.2578078997631057e-15
15050.056 3.3907244669417496e-15
15100.056 5.120672042025408e-16
15150.056 7.925359539794032e-17
15200.056 1.7832519781015395e-15
15250.056 4.011388938188954e-15
15300.056 8.145817374901317e-15
15350.056 1.5613627028670972e-14
15400.056 1.3685314746091686e-14
15450.056 2.900260441116106e-14
15500.056 4.902157551929658e-14
15550.056 2.4105160498031516e-13
15600.056 6.610535176752882e-13
15650.056 1.950496336740431e-12
15700.056 5.692099331680592e-12
15750.056 9.316476415430242e-12
15800.056 1.4025895067600401e-11
15850.056 2.2452132774002797e-11
15900.056 2.955328085209892e-11
15950.056 4.3979507192000116e-11
16000.056 4.088716809799943e-11
16050.056 2.5305748401798626e-11
16100.056 1.0855497694460411e-11
16150.056 3.809101103569469e-12
16200.056 9.209933759738836e-13
16250.056 2.4687519749378684e-13
16300.056 6.857017912354284e-14
16350.056 7.653207008488614e-14
16400.056 9.034668716182624e-14
16450.056 1.0515002464656275e-13
16500.056 7.232337121963474e-14
16550.056 7.429261238609703e-14
16600.056 4.515684830887072e-13
16650.056 1.627244523504871e-13
16700.056 1.7591634034667887e-14
16750.056 7.023718895923525e-14
16800.056 1.6316198074724197e-13
16850.056 1.6081308097204142e-13
16900.056 2.8174292469458554e-14
16950.056 1.5654345839032113e-14
17000.056 4.328963359556229e-15
17050.056 1.0564285293367096e-14
17100.056 4.7231310547152077e-14
17150.056 1.8357960301080977e-14
17200.056 1.4731292819207658e-13
17250.056 1.4476625745366394e-14
17300.056 1.2284977828044957e-14
17350.056 2.7143780527400783e-14
17400.056 9.523303612555528e-14
17450.056 1.3855776168610627e-13
17500.056 3.095296320938675e-13
17550.056 2.548097117861854e-13
17600.056 2.61483724996458e-13
17650.056 9.988877470595488e-14
17700.056 8.93466295495212e-14
17750.056 6.242110101649469e-14
17800.056 3.1909874717067275e-13
17850.056 5.891270723872227e-14
17900.056 3.4106534969521026e-14
17950.056 2.1182439606595537e-14
18000.056 5.2032945817518026e-14
18050.056 1.9824679811096623e-14
18100.056 2.151318029406485e-14
18150.056 7.0876816942330905e-15
18200.056 5.492030274833564e-15
18250.056 4.179344875529175e-14
18300.056 1.3028008608847921e-15
18350.056 1.223426264953578e-15
18400.056 3.4365805452570966e-16
18450.056 9.922967097450735e-15
18500.056 7.690935996402883e-15
18550.056 2.1552242824757902e-15
18600.056 8.73663118092755e-15
18650.056 7.04754359195155e-15
18700.056 1.6103508051512336e-16
18750.056 3.185833248242741e-16
18800.056 3.4480065362390037e-14
18850.056 2.123583928124966e-14
18900.056 4.6896107424912216e-14
18950.056 5.501983098011436e-14
19000.056 2.5201681975531606e-15
19050.056 9.936207915107665e-16
19100.056 6.644870996582602e-15
19150.056 2.2377319107946076e-15
19200.056 8.572622725918566e-15
19250.056 5.207429606850528e-15
19300.056 2.0919930696765987e-15
19350.056 2.5467864236761794e-15
19400.056 1.3976057672663897e-15
19450.056 1.6836739992943796e-15
19500.056 1.1561037259744603e-15
19550.056 6.258950375276034e-15
19600.056 1.949156952031473e-14
19650.056 1.129521354110645e-14
19700.056 2.690930570951115e-14
19750.056 4.691165582572578e-14
19800.056 1.8303557883180632e-14
19850.056 2.4401259447023042e-14
19900.056 6.160766672769753e-14
19950.056 1.0184884558917228e-13
20000.056 1.3583143274312283e-13
20050.056 8.003749900010501e-14
20100.056 1.2725038446124467e-13
20150.056 9.204620281001399e-14
20200.056 4.105938339253131e-14
20250.056 1.9494378021990592e-13
20300.056 3.3431907969789167e-13
20350.056 4.140291770412129e-13
20400.056 2.863911311632307e-13
20450.056 7.407812478970798e-13
20500.056 8.741582569192995e-13
20550.056 1.0260445382475422e-12
20600.056 1.2116800007792511e-12
20650.056 1.4848979908798112e-12
20700.056 1.7403935503269216e-12
20750.056 1.9396172346299674e-12
20800.056 1.8249369988397624e-12
20850.056 2.2926460777400476e-12
20900.056 2.4090286571000215e-12
20950.056 2.2822716696500146e-12
21000.056 2.1707574820399957e-12
21050.056 2.3634447589999692e-12
21100.056 2.2669522379999723e-12
21150.056 2.2752552696000158e-12
21200.056 2.156275348050057e-12
21250.056 2.0813075378198446e-12
21300.056 1.7779143375500664e-12
21350.056 1.7484296130304924e-12
21400.056 1.804445516182063e-12
21450.056 1.30025955188236e-12
21500.056 1.0093614857261975e-12
21550.056 1.0881199191792962e-12
21600.056 9.258178135257184e-13
21650.056 5.463729762341767e-13
21700.056 3.6095773370952963e-13
21750.056 4.3371127822925334e-13
21800.056 2.43955251063969e-13
21850.056 2.3867339829725545e-13
21900.056 1.424290690677839e-13
21950.056 3.391664249508063e-14
22000.056 8.939847909131443e-16
22050.056 3.1824314262120797e-15
22100.056 1.590447567911438e-14
22150.056 7.598320864898345e-15
22200.056 6.261304438335278e-15
22250.056 4.836553910379272e-15
22300.056 8.03413216629099e-16
22350.056 2.2259910390648148e-15
22400.056 4.2796760886715883e-16
22450.056 1.2607964318140724e-15
22500.056 8.619420670583217e-16
22550.056 1.4739798724900493e-16
22600.056 8.278737310353835e-17
22650.056 1.3621543177222038e-16
22700.056 2.187655336624692e-16
22750.056 8.050349665455778e-16
22800.056 1.1149756288505224e-15
22850.056 6.146125035260877e-16
22900.056 3.153523222861242e-16
22950.056 1.2688501720838313e-16
23000.056 2.0197725285061557e-16
23050.056 9.439736513533753e-17
23100.056 1.2798260053814364e-14
23150.056 1.6635242201940747e-14
23200.056 5.660413723533937e-17
23250.056 1.0395430008664678e-15
23300.056 5.688475237400015e-16
23350.056 1.0396978060378579e-15
23400.056 1.0889675504405103e-15
23450.056 1.6352174600345705e-16
23500.056 2.1285612458345884e-16
23550.056 8.809715534263833e-16
23600.056 5.207798281054444e-15
23650.056 8.507172851033096e-15
23700.056 2.693145679738424e-16
23750.056 5.445928875462707e-16
23800.056 9.977829932614058e-15
23850.056 3.1524866658408877e-15
23900.056 1.3991286395112051e-14
23950.056 2.6597378327162316e-15
24000.056 2.0342213287813128e-14
24050.056 2.1412999351547693e-14
24100.056 6.744462717789494e-14
24150.056 8.989566186446218e-14
24200.056 3.522520840852482e-14
24250.056 2.158833964843029e-14
24300.056 8.166667966978558e-14
24350.056 6.519840213458144e-14
24400.056 3.052454930222486e-13
24450.056 3.280231170268635e-13
24500.056 2.5490806443873855e-13
24550.056 6.62978490064642e-13
24600.056 8.907828743228582e-13
24650.056 1.6909138555591494e-12
24700.056 1.0213598031697425e-12
24750.056 1.677616508309323e-12
24800.056 1.1108989127590942e-12
24850.056 1.741862902447527e-12
24900.056 7.550915142348944e-13
24950.056 1.209663037516218e-12
25000.056 1.8643358279180243e-12
25050.056 9.076807174306689e-13
25100.056 1.4546912428435918e-12
25150.056 4.765861104954166e-13
25200.056 7.37002708605522e-13
25250.056 2.172729034005411e-13
25300.056 1.731353021951606e-13
25350.056 9.702916513442828e-14
25400.056 2.3404174232528265e-13
25450.056 4.6613183402838187e-14
25500.056 3.417869395298885e-14
25550.056 1.0087378257387348e-13
25600.056 3.3696350469422926e-14
25650.056 1.2326824949490423e-14
25700.056 9.344959076050337e-15
25750.056 4.248893451232027e-15
25800.056 1.76516942560597e-14
25850.056 3.6443737993263986e-15
25900.056 3.3606569751987963e-15
25950.056 2.7408160427625062e-15
26000.056 1.073962409979841e-14
26050.056 3.31952762942169e-15
26100.056 7.851845086866689e-15
26150.056 4.595464212813802e-15
26200.056 5.775589903288232e-15
26250.056 2.0723269366369058e-14
26300.056 7.459387926516294e-15
26350.056 4.487876220832395e-14
26400.056 1.1239696868717466e-13
26450.056 5.725513553942223e-14
26500.056 1.649348441314392e-13
26550.056 1.9567168489589375e-14
26600.056 1.8272182106686513e-14
26650.056 6.024965201444808e-15
26700.056 7.01367373060053e-15
26750.056 9.025175365911965e-15
26800.056 2.2610960681877465e-14
26850.056 1.7016740975737024e-14
26900.056 4.5422788075918623e-14
26950.056 1.528925805847069e-14
27000.056 5.099810729483773e-14
27050.056 9.487709998169459e-14
27100.056 1.2286334672866011e-14
27150.056 7.50180857881947e-14
27200.056 1.45057324864287e-14
27250.056 3.1005130898216443e-14
27300.056 2.1764533313360518e-13
27350.056 7.370234898336607e-14
27400.056 1.3316677283681662e-14
27450.056 1.064652070141145e-13
27500.056 1.346256266403449e-13
27550.056 3.720838074069361e-14
27600.056 8.676671698102292e-14
27650.056 3.525217080268191e-14
27700.056 4.243126069633539e-14
27750.056 1.4655077107639822e-13
27800.056 6.470872448375972e-14
27850.056 1.17574313942388e-13
27900.056 1.563858696466454e-13
27950.056 2.197291911924049e-13
28000.056 3.389355565483687e-13
28050.056 3.814213694523318e-14
28100.056 3.664904919376936e-13
28150.056 2.7613280863560384e-13
28200.056 5.412744522895391e-14
28250.056 4.328121209299057e-13
28300.056 3.80078247625612e-13
28350.056 5.194917220673087e-14
28400.056 2.466705993590129e-13
28450.056 3.742559075325204e-13
28500.056 1.4650635759680255e-13
28550.056 5.835305218225963e-14
28600.056 4.433567568161596e-13
28650.056 1.2329316142116845e-13
28700.056 4.128047864052034e-13
28750.056 5.811747466796349e-13
28800.056 9.551403977807372e-14
