galfind/configs/Brown_Dwarf_templates/sonora_bobcat/m+0.5/562g/sp_t1800g562nc_m+0.5_resample.dat
# %ECSV 1.0
# ---
# datatype:
# - {name: wav, unit: Angstrom, datatype: float64}
# - {name: flux_nu, unit: erg / (cm2 Hz s), datatype: float64}
# meta: {C/O: '1.00', Kzz: '1.0000E+05', Teff: '1800.', Y: '0.28', '[Fe/H]': '0.50', f_hole: '1.00', f_rain: '0.00', grav: '562.'}
# schema: astropy-2.0
wav flux_nu
[from data line 497]
28850.056 1.0997683010681279e-06
28900.056 8.060854442800393e-07
28950.056 1.2325477204199578e-06
29000.056 1.0038967886527486e-06
29050.056 1.0619043838499193e-06
29100.056 8.471275666531425e-07
29150.056 1.1450805409201933e-06
29200.056 9.754423788851873e-07
29250.056 1.1338564371530043e-06
29300.056 8.986851870096039e-07
29350.056 1.3502922633097983e-06
29400.056 1.0481954269538388e-06
29450.056 1.0810464682309758e-06
29500.056 1.124014653789871e-06
29550.056 1.082859012870046e-06
29600.056 1.194479905019754e-06
29650.056 1.1181756955298966e-06
29700.056 1.0109481001998186e-06
29750.056 1.2625117708905329e-06
29800.056 1.2919318603098597e-06
29850.056 1.2147933031198593e-06
29900.056 1.1068577677503617e-06
29950.056 1.3361527206397716e-06
30000.056 1.309090487189749e-06
30050.056 1.210394119039917e-06
30100.056 1.0294811941797004e-06
30150.056 1.553136400589917e-06
30200.056 1.339096967560103e-06
30250.056 1.3539148610303556e-06
30300.056 1.3056313089398124e-06
30350.056 1.2828673786001746e-06
30400.056 1.5934985532403126e-06
30450.056 1.2335313603401286e-06
30500.056 1.1449969692501426e-06
30550.056 1.5606861249902988e-06
30600.056 1.5084680532001976e-06
30650.056 1.5556132672200386e-06
30700.056 1.4114414693698937e-06
30750.056 1.3821246010700217e-06
30800.056 1.6445457442303068e-06
30850.056 1.3856440629998956e-06
30900.056 1.3833232101198802e-06
30950.056 1.3170315792101941e-06
31000.056 1.5739347724599571e-06
31050.056 1.415246563629975e-06
31100.056 1.3614416139698935e-06
31150.056 1.526230627869676e-06
31200.056 1.503747871789862e-06
31250.056 1.6194824974201684e-06
31300.056 1.4645925967498382e-06
31350.056 1.4601176953899426e-06
31400.056 1.40387461466039e-06
31450.056 1.4695766783699835e-06
31500.056 1.4724745061000695e-06
31550.056 1.385811061459988e-06
31600.056 1.4107402911298729e-06
31650.056 1.4986473563799339e-06
31700.056 1.45392632519989e-06
31750.056 1.3128663388502479e-06
31800.056 1.5792656167800228e-06
31850.056 1.6088870148402385e-06
31900.056 1.7359372187198964e-06
31950.056 1.2442641490199006e-06
32000.056 1.3908048366101763e-06
32050.056 1.6540235848402075e-06
32100.056 1.6543764248998086e-06
32150.056 1.7403429238599416e-06
32200.056 1.6412701504599438e-06
32250.056 1.6374971859802207e-06
32300.056 1.6297034269600034e-06
32350.056 1.9109605934903627e-06
32400.056 1.59237238468003e-06
32450.056 1.6790600048499458e-06
32500.056 1.8064552843803254e-06
32550.056 2.059059700440067e-06
32600.056 2.008896899899872e-06
32650.056 2.007352564680567e-06
32700.056 1.9238596589802563e-06
32750.056 1.9535393026700366e-06
32800.056 1.7955222575501398e-06
32850.056 2.210605236019718e-06
32900.056 2.180450105759993e-06
32950.056 1.839354203939849e-06
33000.056 1.95886207025019e-06
33050.056 1.9979022289298325e-06
33100.056 1.974912066999519e-06
33150.056 1.5225227405201254e-06
33200.056 1.1625605249797254e-06
33250.056 1.1466473571394848e-06
33300.056 1.088911951400268e-06
33350.056 1.2080283771801006e-06
33400.056 1.2137514167297725e-06
33450.056 1.3735098077996514e-06
33500.056 1.7391102609103285e-06
33550.056 1.6721567383100105e-06
33600.056 1.8946084195103704e-06
33650.056 2.086240223090587e-06
33700.056 2.0262323953397535e-06
33750.056 2.2103396551199926e-06
33800.056 2.0339973128397683e-06
33850.056 2.081324688400175e-06
33900.056 2.32532492529961e-06
33950.056 2.074438575069872e-06
34000.056 2.0994958611994886e-06
34050.056 2.0533960151696198e-06
34100.056 2.280005342590291e-06
34150.056 2.159201448889506e-06
34200.056 2.0447707848794334e-06
34250.056 2.346637892049736e-06
34300.056 1.995588470659033e-06
34350.056 2.1112515682100643e-06
34400.056 2.0147512683398974e-06
34450.056 2.019607164810076e-06
34500.056 2.2901923628003315e-06
34550.056 1.994747064279824e-06
34600.056 2.238860751260031e-06
34650.056 2.2573427008201272e-06
34700.056 2.2112600302394977e-06
34750.056 2.4306675147002463e-06
34800.056 2.336744398109617e-06
34850.056 2.1384824823001352e-06
34900.056 2.221863138610304e-06
34950.056 2.1832302158495246e-06
35000.056 2.2510969380397746e-06
35050.056 2.6048171700406244e-06
35100.056 2.283564702879576e-06
35150.056 2.4127199604999843e-06
35200.056 2.4284182340098957e-06
35250.056 2.2946263254900565e-06
35300.056 2.391573688060039e-06
35350.056 2.524132276599819e-06
35400.056 2.324483472179969e-06
35450.056 2.2175471679904628e-06
35500.056 2.6210645170998225e-06
35550.056 2.4767753136999002e-06
35600.056 2.2771584520198464e-06
35650.056 2.7321758987603123e-06
35700.056 2.3258340101002575e-06
35750.056 2.532996821639683e-06
35800.056 2.7032730532997755e-06
35850.056 2.5380158659000326e-06
35900.056 2.8950918329996844e-06
35950.056 2.6356427918400506e-06
36000.056 2.4577796000998276e-06
36050.056 2.8852765460003574e-06
36100.056 2.907845592999302e-06
36150.056 2.566009184270417e-06
36200.056 2.900555333239654e-06
36250.056 2.6292613078695703e-06
36300.056 3.0966332258604485e-06
36350.056 2.8454437655997295e-06
36400.056 2.8074741770000183e-06
36450.056 3.1409942865996526e-06
36500.056 2.874669628800173e-06
36550.056 2.8303280786605945e-06
36600.056 2.877959425700165e-06
36650.056 2.987816260000127e-06
36700.056 3.2214615730000083e-06
36750.056 2.890392729400175e-06
36800.056 3.015906850799852e-06
36850.056 3.0923310995003134e-06
36900.056 3.0935926531004236e-06
36950.056 3.086342244739873e-06
37000.056 3.2084180269999135e-06
37050.056 3.24762614359981e-06
37100.056 3.167935540200365e-06
37150.056 3.1889753768994998e-06
37200.056 3.295772045100028e-06
37250.056 3.328765290200098e-06
37300.056 3.3664736297005054e-06
37350.056 3.0999680310004326e-06
37400.056 3.2910561239997855e-06
37450.056 3.2170611661002214e-06
37500.056 3.3571882957996845e-06
37550.056 3.2872745091994835e-06
37600.056 3.4736994821996693e-06
37650.056 3.2639894726998016e-06
37700.056 3.4021911958999875e-06
37750.056 3.4915821701997664e-06
37800.056 3.556561023899859e-06
37850.056 3.377877000199862e-06
37900.056 3.458895907800277e-06
37950.056 3.502539122600057e-06
38000.056 3.4973638218003904e-06
38050.056 3.49921612570024e-06
38100.056 3.331760999500277e-06
38150.056 3.66302902619972e-06
38200.056 3.681411520599643e-06
38250.056 3.369920313700454e-06
38300.056 3.3441332814999474e-06
38350.056 3.4815821221998875e-06
38400.056 3.571020688399779e-06
38450.056 3.726118067700225e-06
38500.056 3.5242111652998834e-06
38550.056 3.5643252512001633e-06
38600.056 3.944215674399846e-06
38650.056 3.4463133434000695e-06
38700.056 3.4836134184006247e-06
38750.056 3.673331375499948e-06
38800.056 3.6324791390003894e-06
38850.056 3.5652199319001963e-06
38900.056 3.4344186838998596e-06
38950.056 3.7203269596998185e-06
39000.056 3.5590678509001013e-06
39050.056 3.6743114161998884e-06
39100.056 3.4163618643000802e-06
39150.056 3.581868659700109e-06
39200.056 3.689101801200099e-06
39250.056 3.6549152767994186e-06
39300.056 3.6329326886993997e-06
39350.056 3.6489510130003386e-06
39400.056 3.5761420288001043e-06
39450.056 3.6162120864998593e-06
39500.056 3.496032670099661e-06
39550.056 3.4590443128995465e-06
39600.056 3.8097155091999967e-06
39650.056 3.358718398600064e-06
39700.056 3.4975881265998388e-06
39750.056 3.5026070958996038e-06
39800.056 3.267540022000155e-06
39850.056 3.44387334319975e-06
39900.056 3.3723093183999952e-06
39950.056 3.544381095099823e-06
40000.056 3.1786534703998476e-06
40050.056 3.1115522453999735e-06
40100.056 3.356539244899888e-06
40150.056 3.118829444899489e-06
40200.056 3.244830403999774e-06
40250.056 3.099620595099149e-06
40300.056 2.9635783554502258e-06
40350.056 3.1998445400003465e-06
40400.056 3.1844420447999955e-06
40450.056 3.024608975900259e-06
40500.056 2.778908139000283e-06
40550.056 3.243860449099697e-06
40600.056 2.746153837960324e-06
40650.056 2.9626525877003235e-06
40700.056 3.1428117143001526e-06
40750.056 2.72809723559906e-06
40800.056 2.692588053620205e-06
40850.056 2.587325388380612e-06
40900.056 2.601886658700294e-06
40950.056 2.729350954579924e-06
41000.056 2.7836358726000013e-06
41050.056 2.7391525817395235e-06
41100.056 2.567518735040019e-06
41150.056 2.7669526425000327e-06
41200.056 2.5877870350500386e-06
41250.056 2.6666638619002227e-06
41300.056 2.2812458190595754e-06
41350.056 2.699264414000098e-06
41400.056 2.490380623000232e-06
41450.056 2.4938841608302766e-06
41500.056 2.6656200938401884e-06
41550.056 2.5330721132600513e-06
41600.056 2.5597896919000903e-06
41650.056 2.3541152239003942e-06
41700.056 2.220717404479727e-06
41750.056 2.269300944909787e-06
41800.056 2.286548744449699e-06
41850.056 1.9723713127403806e-06
41900.056 2.300222724129948e-06
41950.056 1.912493190200571e-06
42000.056 1.9997601794301585e-06
42050.056 1.7668243693695414e-06
42100.056 2.0151994204202645e-06
42150.056 1.4711333814394316e-06
42200.056 1.6221976436400384e-06
42250.056 1.7569135455101103e-06
42300.056 1.403183908240021e-06
42350.056 1.69034817697052e-06
42400.056 1.3934559518303899e-06
42450.056 1.2284013443202663e-06
42500.056 1.2991243549502202e-06
42550.056 1.2953959233800961e-06
42600.056 1.3182733212003487e-06
42650.056 1.1073841634892475e-06
42700.056 1.3019535773405117e-06
42750.056 1.1962105020998813e-06
42800.056 1.1473041942104673e-06
42850.056 1.2088513281796316e-06
42900.056 1.180246299410032e-06
42950.056 1.1190375231294076e-06
43000.056 1.1322813207500707e-06
43050.056 1.0672516716605098e-06
43100.056 1.198093384950264e-06
43150.056 1.1614736178002292e-06
43200.056 1.1883731374402185e-06
43250.056 1.1248156760997656e-06
43300.056 1.1718855815901732e-06
43350.056 1.0784082535399165e-06
43400.056 1.1369938375499902e-06
43450.056 1.116852587730372e-06
43500.056 1.0864248969398792e-06
43550.056 1.1568333803700673e-06
43600.056 1.1394918431201453e-06
43650.056 1.0167336834801112e-06
43700.056 1.0226384297796059e-06
43750.056 1.044774149790263e-06
43800.056 9.430710898202391e-07
43850.056 1.0039890052602486e-06
43900.056 1.0537286951799248e-06
43950.056 9.82098859070309e-07
44000.056 9.499998456801901e-07
44050.056 9.541225289601371e-07
44100.056 9.74711428240176e-07
44150.056 1.0080609396397509e-06
44200.056 9.461093085899125e-07
44250.056 9.679634587600542e-07
44300.056 9.558163835900858e-07
44350.056 9.054137885499995e-07
44400.056 9.713534411899415e-07
44450.056 9.924294574000202e-07
44500.056 1.0025497344300263e-06
44550.056 9.031448846898135e-07
44600.056 9.549344680900888e-07
44650.056 9.854095644200996e-07
44700.056 9.44952140930041e-07
44750.056 9.712493466898952e-07
44800.056 1.0064132747199675e-06
44850.056 9.770304159301157e-07
44900.056 9.375987317301208e-07
44950.056 8.823626830699963e-07
45000.056 9.695953042899384e-07
45050.056 9.65431698589912e-07
45100.056 1.010267952079981e-06
45150.056 9.316376693499601e-07
45200.056 8.641090595800197e-07
45250.056 8.969861230499327e-07
45300.056 9.832676056700425e-07
45350.056 1.0162522244999386e-06
45400.056 9.479938084101232e-07
45450.056 8.765554765898701e-07
45500.056 9.172942310799642e-07
45550.056 1.000664672509973e-06
45600.056 9.164434631899724e-07
45650.056 8.464070529998542e-07
45700.056 9.986691253100598e-07
45750.056 8.997730870300192e-07
45800.056 8.816499837399676e-07
45850.056 1.0605873183599638e-06
45900.056 1.0521710227700486e-06
45950.056 9.071637842099987e-07
46000.056 1.085058028300017e-06
46050.056 1.0850151797902113e-06
46100.056 8.769276413900956e-07
46150.056 9.7592037758995e-07
46200.056 1.0431967886702178e-06
46250.056 8.580713692400019e-07
46300.056 1.1328048824199705e-06
46350.056 9.563008856199023e-07
46400.056 9.818281721798977e-07
46450.056 1.0285619439401391e-06
46500.056 9.219044009299264e-07
46550.056 1.1557716253100015e-06
46600.056 1.058736770150053e-06
46650.056 1.3818228849198465e-06
46700.056 1.28683427555039e-06
46750.056 9.960312875199338e-07
46800.056 1.0895279778701481e-06
46850.056 1.1864489273601469e-06
46900.056 1.0961171982898148e-06
46950.056 1.2672467825100172e-06
47000.056 1.0247798673300005e-06
47050.056 1.2679148579098415e-06
47100.056 9.512400338900833e-07
47150.056 1.078022217800128e-06
47200.056 1.170767582350272e-06
47250.056 1.0184637077398698e-06
47300.056 1.0800361322097652e-06
47350.056 9.028778263298541e-07
47400.056 1.1469275863197915e-06
47450.056 9.827585654399166e-07
47500.056 1.136288735219852e-06
47550.056 9.921993487399252e-07
47600.056 1.1573136458999079e-06
47650.056 8.309723150098068e-07
47700.056 1.1853084445200342e-06
47750.056 7.983325992501777e-07
47800.056 1.149559158689892e-06
47850.056 8.61406906589898e-07
47900.056 1.1459956102800592e-06
47950.056 8.523165888401566e-07
48000.056 1.3023777210299835e-06
48050.056 9.511292872701468e-07
48100.056 1.077601882859962e-06
48150.056 9.57754970600134e-07
48200.056 1.1632450911701206e-06
48250.056 9.470568746800017e-07
48300.056 1.2755869059697972e-06
48350.056 8.514327847299142e-07
48400.056 1.1414304915499892e-06
48450.056 9.020078338700167e-07
48500.056 1.297076838910031e-06
48550.056 8.588385524500198e-07
48600.056 1.201072082669895e-06
48650.056 8.942763035299772e-07
48700.056 1.1872224199001018e-06
48750.056 8.036099654500632e-07
48800.056 1.306042230270071e-06
48850.056 8.770804670198261e-07
48900.056 1.2052138535001135e-06
48950.056 1.0423032840299943e-06
49000.056 1.047242063499903e-06
49050.056 1.1359982371499463e-06
49100.056 1.0153901667401105e-06
49150.056 1.0961391280999861e-06
49200.056 9.975118172999517e-07
49250.056 1.0862217060299926e-06
49300.056 9.27002700309907e-07
49350.056 1.023876760959973e-06
49400.056 1.2003111606600608e-06
49450.056 1.005700891050227e-06
49500.056 1.0712714870100537e-06
49550.056 9.199527263299688e-07
49600.056 1.0263196890602272e-06
49650.056 1.0808034440900134e-06
49700.056 9.171731887399248e-07
49750.056 1.44253576519983e-06
49800.056 1.013721537470054e-06
49850.056 1.359198282190067e-06
49900.056 1.0391568836800678e-06
49950.056 1.1121368816897603e-06
50000.056 1.1011351690197563e-06
50050.056 1.0869138506700854e-06
50100.056 1.2157215622499246e-06
50150.056 9.865025130500358e-07
50200.056 9.398711543601301e-07
50250.056 1.120553558730065e-06
50300.056 1.0084526175599526e-06
50350.056 1.2485237918099691e-06
50400.056 1.0448118187899374e-06
50450.056 1.0616904145601629e-06
50500.056 1.3745695442701984e-06
50550.056 1.091170005269964e-06
50600.056 1.212358383589989e-06
50650.056 1.1108513322402296e-06
50700.056 1.2569802570897104e-06
50750.056 1.3223825002501859e-06
50800.056 9.190245660298823e-07
50850.056 1.1336620272601857e-06
50900.056 1.231187006749944e-06
50950.056 1.2294691152102161e-06
51000.056 1.460425225470125e-06
51050.056 1.0696852502701251e-06
51100.056 1.044296901649918e-06
51150.056 1.2256791292999068e-06
51200.056 1.1483549765999605e-06
51250.056 1.303181732969966e-06
51300.056 1.0249543750603197e-06
51350.056 1.214158712579813e-06
51400.056 1.1244376822097456e-06
51450.056 8.20806436339868e-07
51500.056 1.1307595287900365e-06
51550.056 1.482837894390134e-06
51600.056 9.512191067700472e-07
51650.056 1.1747714076498129e-06
51700.056 1.1021778884896626e-06
51750.056 1.0326519451500738e-06
51800.056 1.2966302169597653e-06
51850.056 1.2388452059698145e-06
51900.056 1.3336155025202092e-06
51950.056 1.2187545197698818e-06
52000.056 9.94749649179944e-07
52050.056 1.1973270021799133e-06
52100.056 1.1005902677598066e-06
52150.056 1.11853960463006e-06
52200.056 1.0848373188900548e-06
52250.056 1.133821124569992e-06
52300.056 1.2789072070799817e-06
52350.056 1.352010373800166e-06
52400.056 9.555535124701555e-07
52450.056 1.1427311729700025e-06
52500.056 1.3185729136997774e-06
52550.056 1.203294268159658e-06
52600.056 1.2257437753601527e-06
52650.056 1.3941537891901757e-06
52700.056 1.1444475446500348e-06
52750.056 9.547263059298996e-07
52800.056 1.0710288928101031e-06
52850.056 1.0175134646798815e-06
52900.056 1.1694406560700404e-06
52950.056 1.129263823249865e-06
53000.056 1.3159596546899174e-06
53050.056 1.1171307256097668e-06
53100.056 1.099711173189784e-06
53150.056 1.3786613330502204e-06
53200.056 9.164293081801294e-07
53250.056 1.3268782306499694e-06
53300.056 1.3210117272905495e-06
53350.056 1.3025203577498248e-06
