galfind/configs/Brown_Dwarf_templates/sonora_bobcat/m+0.5/562g/sp_t2400g562nc_m+0.5_resample.dat
# %ECSV 1.0
# ---
# datatype:
# - {name: wav, unit: Angstrom, datatype: float64}
# - {name: flux_nu, unit: erg / (cm2 Hz s), datatype: float64}
# meta: {C/O: '1.00', Kzz: '1.0000E+05', Teff: '2400.', Y: '0.28', '[Fe/H]': '0.50', f_hole: '1.00', f_rain: '0.00', grav: '562.'}
# schema: astropy-2.0
wav flux_nu
4000.0559999999996 nan
4050.0559999999996 4.03010814622621e-08
4100.056 4.134580989344262e-08
4150.056 3.4319097827613174e-08
4200.056 2.6310661589468698e-08
4250.056 2.3082141298144807e-08
4300.056 1.591040750729591e-08
4350.056 1.6237407785740246e-08
4400.056 1.584773917173526e-08
4450.056 9.119843932580843e-09
4500.056 9.650646609131574e-09
4550.056 1.1939966415016563e-08
4600.056 9.576316391248316e-09
4650.056 7.199013308910131e-09
4700.056 8.813164419091742e-09
4750.056 1.116066431212631e-08
4800.056 6.971599176391832e-09
4850.056 9.097947108963582e-09
4900.056 1.8846125210697565e-08
4950.056 2.2523977314340603e-08
5000.056 1.004342949610937e-08
5050.056 1.4735412787744042e-08
5100.056 3.037498091470668e-08
5150.056 3.439958342801958e-08
5200.056 1.759877236411109e-08
5250.056 2.4915175768997388e-08
5300.056 3.078220465750105e-08
5350.056 3.001384205930444e-08
5400.056 3.3822412571999366e-08
5450.056 2.6188185330795508e-08
5500.056 2.04210271213969e-08
5550.056 2.8709746430998893e-08
5600.056 2.171793708520165e-08
5650.056 1.7830602195301788e-08
5700.056 2.3904373110002336e-08
5750.056 2.601568166969749e-08
5800.056 2.9972764634198824e-08
5850.056 1.881443019540121e-08
5900.056 3.415682263972162e-09
5950.056 1.6273606772300472e-08
6000.056 2.7573209343998366e-08
6050.056 4.424106287200431e-08
6100.056 5.972542471599989e-08
6150.056 5.862494997918727e-08
6200.056 2.7067283567401558e-08
6250.056 2.8591510793003473e-08
6300.056 4.37903163130015e-08
6350.056 5.958903852000368e-08
6400.056 7.594593190600511e-08
6450.056 1.0079200559497082e-07
6500.056 1.003827167399722e-07
6550.056 1.2714872122596993e-07
6600.056 1.0372162248401084e-07
6650.056 7.721901928801112e-08
6700.056 5.6769297756274785e-08
6750.056 6.621064441000908e-08
6800.056 7.444807262900218e-08
6850.056 9.561585200399535e-08
6900.056 1.3137469103599788e-07
6950.056 1.8629388890698142e-07
7000.056 3.0470352445496474e-07
7050.056 2.8470776467903545e-07
7100.056 1.3133343202198713e-07
7150.056 8.822948586601685e-08
7200.056 1.3408943025199032e-07
7250.056 2.125268435170303e-07
7300.056 3.7532457300908005e-07
7350.056 5.805170232999846e-07
7400.056 7.862829157500617e-07
7450.056 8.930503976799383e-07
7500.056 1.0067463717800329e-06
7550.056 1.1293966287200405e-06
7600.056 7.583700217119618e-07
7650.056 2.476552714391349e-07
7700.056 1.6173315258947125e-07
7750.056 4.044661976100905e-07
7800.056 4.835585868541257e-07
7850.056 5.32923505749983e-07
7900.056 6.285189596800901e-07
7950.056 6.706183372878725e-07
8000.056 8.205492085998733e-07
8050.056 1.1759562591198775e-06
8100.056 1.6097980692303111e-06
8150.056 2.1237172214400626e-06
8200.056 1.5050389950497942e-06
8250.056 1.8147484349898786e-06
8300.056 1.4736267476404087e-06
8350.056 1.5518432562705e-06
8400.056 1.560959734660269e-06
8450.056 8.980650597298309e-07
8500.056 7.984146219253503e-07
8550.056 1.0222770014500467e-06
8600.056 1.2665916711195642e-06
8650.056 1.6260228898798365e-06
8700.056 1.8768984635203082e-06
8750.056 2.2506425922701434e-06
8800.056 2.8065773770005382e-06
8850.056 2.63736925220024e-06
8900.056 1.873722258860031e-06
8950.056 2.048773437671747e-06
9000.056 2.4777779629503135e-06
9050.056 2.656938685779353e-06
9100.056 3.2526466982102105e-06
9150.056 3.720664704530031e-06
9200.056 3.6057340157308013e-06
9250.056 2.619065030749879e-06
9300.056 2.2757539087201914e-06
9350.056 2.4989566524896393e-06
9400.056 2.7107762191307706e-06
9450.056 2.98903735131914e-06
9500.056 3.4914158312997824e-06
9550.056 3.843808982900609e-06
9600.056 4.132583567000842e-06
9650.056 4.576469793301193e-06
9700.056 4.895762067199617e-06
9750.056 4.043235040700136e-06
9800.056 4.353286677599706e-06
9850.056 4.2452095873998976e-06
9900.056 3.984957201219994e-06
9950.056 3.961205143150312e-06
10000.056 4.002336283039766e-06
10050.056 3.854213066859923e-06
10100.056 4.443376905181625e-06
10150.056 4.356767882979662e-06
10200.056 4.662911079019123e-06
10250.056 4.586982073058345e-06
10300.056 4.582657124739491e-06
10350.056 5.040885878649593e-06
10400.056 5.281850873220119e-06
10450.056 5.5950994341306865e-06
10500.056 5.701383220208622e-06
10550.056 5.864073460030498e-06
10600.056 6.179841524400513e-06
10650.056 6.293981011319197e-06
10700.056 6.5587462294502356e-06
10750.056 6.8610997621904e-06
10800.056 7.138673660459466e-06
10850.056 7.409593232199957e-06
10900.056 7.394475624399503e-06
10950.056 7.275608862298212e-06
11000.056 6.988865956500305e-06
11050.056 5.527161042799513e-06
11100.056 5.95244762372098e-06
11150.056 6.2367879227495566e-06
11200.056 6.322557258760187e-06
11250.056 6.883837713940066e-06
11300.056 6.96226306140011e-06
11350.056 6.7096971771299795e-06
11400.056 5.394516532139918e-06
11450.056 7.0970211013988485e-06
11500.056 7.636432822999366e-06
11550.056 7.557407675040044e-06
11600.056 7.743030601878882e-06
11650.056 7.963019831840766e-06
11700.056 6.846620150699812e-06
11750.056 7.032407394899508e-06
11800.056 7.026638061080266e-06
11850.056 8.070653035900135e-06
11900.056 8.249950176798626e-06
11950.056 8.184345314199676e-06
12000.056 7.927983045400533e-06
12050.056 8.405160880600473e-06
12100.056 8.398603632499993e-06
12150.056 8.866682254099838e-06
12200.056 8.972152851400021e-06
12250.056 9.289415305299401e-06
12300.056 9.401761003301e-06
12350.056 9.488224927300475e-06
12400.056 8.904604474199232e-06
12450.056 7.756575278720062e-06
12500.056 8.295965600298696e-06
12550.056 8.281618957020102e-06
12600.056 8.774152421600033e-06
12650.056 9.074165329699451e-06
12700.056 9.247666397999313e-06
12750.056 9.364309239300342e-06
12800.056 9.822827157798825e-06
12850.056 9.725495799900233e-06
12900.056 9.627227786999276e-06
12950.056 9.859890366698902e-06
13000.056 1.0086956487599175e-05
13050.056 1.0222508651099496e-05
13100.056 1.0209538843299209e-05
13150.056 1.0306537453499661e-05
13200.056 1.0098618632999496e-05
13250.056 9.709114545500134e-06
13300.056 8.979704153378721e-06
13350.056 6.730068685500859e-06
13400.056 6.58208854158006e-06
13450.056 6.117231031589787e-06
13500.056 6.122776769059497e-06
13550.056 5.93772796730242e-06
13600.056 5.585601320330018e-06
13650.056 5.866762838430022e-06
13700.056 5.548053654030468e-06
13750.056 5.655861366898962e-06
13800.056 6.087161884471182e-06
13850.056 6.06480701837935e-06
13900.056 5.848073253390078e-06
13950.056 5.660951382789877e-06
14000.056 5.395175360090256e-06
14050.056 5.505916604721303e-06
14100.056 5.1103240007707515e-06
14150.056 5.0911018714603725e-06
14200.056 4.875167941280586e-06
14250.056 4.849224676599076e-06
14300.056 4.893247055419206e-06
14350.056 4.949118490050438e-06
14400.056 5.0836150840202636e-06
14450.056 5.2836004696603245e-06
14500.056 5.517741945649541e-06
14550.056 5.528659471959918e-06
14600.056 5.68476526964117e-06
14650.056 5.607417923628334e-06
14700.056 5.305679888569367e-06
14750.056 5.513057450970654e-06
14800.056 5.556648910440953e-06
14850.056 5.8515376321390065e-06
14900.056 5.858437879709571e-06
14950.056 5.898525114300919e-06
15000.056 6.001012988500743e-06
15050.056 6.397118850099098e-06
15100.056 6.342938553500742e-06
15150.056 6.416164072800367e-06
15200.056 6.69855876639963e-06
15250.056 6.67954901719978e-06
15300.056 6.898346519599961e-06
15350.056 7.050197764700278e-06
15400.056 7.146175220200022e-06
15450.056 7.346209634700436e-06
15500.056 7.429511254199115e-06
15550.056 7.677376206299712e-06
15600.056 7.669277799700863e-06
15650.056 7.875274866499905e-06
15700.056 8.201326098702024e-06
15750.056 8.388570753599295e-06
15800.056 8.485111122400863e-06
15850.056 8.280654996100657e-06
15900.056 8.439590484800784e-06
15950.056 8.563942469800024e-06
16000.056 8.684110380199498e-06
16050.056 8.908985677600548e-06
16100.056 9.042704090300261e-06
16150.056 9.014346754500334e-06
16200.056 9.19966992869953e-06
16250.056 9.240002221999916e-06
16300.056 9.32817014210011e-06
16350.056 9.66417402069943e-06
16400.056 9.590019106001333e-06
16450.056 9.816230977400591e-06
16500.056 9.970996009200606e-06
16550.056 1.0300745148099267e-05
16600.056 1.0033957323500515e-05
16650.056 1.057486428180098e-05
16700.056 1.0357914557898503e-05
16750.056 1.0490175552799371e-05
16800.056 1.0668671285600385e-05
16850.056 1.0698396772499318e-05
16900.056 1.0520648836100208e-05
16950.056 1.0462209476598994e-05
17000.056 1.0412720174301153e-05
17050.056 1.0287068134400587e-05
17100.056 9.929362776299993e-06
17150.056 9.770809337400038e-06
17200.056 9.286594311999728e-06
17250.056 9.021405237399813e-06
17300.056 9.18326708009903e-06
17350.056 8.841610548200238e-06
17400.056 8.952765423200094e-06
17450.056 8.537402891496925e-06
17500.056 8.301804485449154e-06
17550.056 8.193394999270601e-06
17600.056 7.96541086465041e-06
17650.056 8.080411763758597e-06
17700.056 7.380445157968662e-06
17750.056 7.216994444039965e-06
17800.056 7.0892777023114894e-06
17850.056 6.8957531620508654e-06
17900.056 6.873511094980093e-06
17950.056 6.717871562689241e-06
18000.056 6.357150702290646e-06
18050.056 6.420171345612423e-06
18100.056 6.224119975949923e-06
18150.056 6.611400076851956e-06
18200.056 5.953059053079885e-06
18250.056 6.5039337994789124e-06
18300.056 6.322061387369413e-06
18350.056 6.1705757717000746e-06
18400.056 6.041014546890042e-06
18450.056 5.617723145072553e-06
18500.056 5.744303806790782e-06
18550.056 5.537615802369983e-06
18600.056 4.881421079367863e-06
18650.056 5.4885501819711265e-06
18700.056 5.779182130500793e-06
18750.056 5.55081287751227e-06
18800.056 5.608176259722093e-06
18850.056 6.195158893149378e-06
18900.056 5.992854317568187e-06
18950.056 5.996172696189516e-06
19000.056 6.296291782808885e-06
19050.056 6.175357948940177e-06
19100.056 6.227793587071953e-06
19150.056 6.42260201663977e-06
19200.056 6.386707770051538e-06
19250.056 6.1726040830486964e-06
19300.056 6.38029707467935e-06
19350.056 6.5227016394594425e-06
19400.056 6.139638800998719e-06
19450.056 6.474867130880954e-06
19500.056 6.521073407319432e-06
19550.056 6.003414651160981e-06
19600.056 6.550110385209139e-06
19650.056 6.418904106196993e-06
19700.056 6.466905836330419e-06
19750.056 6.150886157250217e-06
19800.056 6.374574769639281e-06
19850.056 6.296427949151437e-06
19900.056 5.9751033283119825e-06
19950.056 6.4595763185297e-06
20000.056 5.880477300520829e-06
20050.056 6.160002295321428e-06
20100.056 6.2219013118367515e-06
20150.056 6.127242916581408e-06
20200.056 6.220317521538491e-06
20250.056 6.39034438956013e-06
20300.056 6.392686629010663e-06
20350.056 6.407334072999352e-06
20400.056 6.373542073457188e-06
20450.056 6.593030784799467e-06
20500.056 6.568721943600088e-06
20550.056 6.688163106599522e-06
20600.056 6.8950516438005904e-06
20650.056 6.727615223701127e-06
20700.056 6.942265990600102e-06
20750.056 6.949178526399113e-06
20800.056 7.145872572400177e-06
20850.056 7.120801932700051e-06
20900.056 7.3449212835999145e-06
20950.056 7.391373089799522e-06
21000.056 7.608386256399547e-06
21050.056 7.637043171600253e-06
21100.056 7.672707442200067e-06
21150.056 7.935956226600364e-06
21200.056 7.936324594200517e-06
21250.056 8.171909801499197e-06
21300.056 7.9996623124999e-06
21350.056 8.359994692100506e-06
21400.056 8.196529705600303e-06
21450.056 8.75412117580011e-06
21500.056 8.429261609700301e-06
21550.056 8.615197264899524e-06
21600.056 8.808488622300616e-06
21650.056 8.811580474300445e-06
21700.056 9.04441788879958e-06
21750.056 8.947634506199983e-06
21800.056 8.981464402599737e-06
21850.056 9.080121043399826e-06
21900.056 9.24849125060072e-06
21950.056 9.175186279600433e-06
22000.056 9.450515373099448e-06
22050.056 9.102844044599284e-06
22100.056 9.33547530479967e-06
22150.056 9.538495987300658e-06
22200.056 9.384486032801254e-06
22250.056 9.810982066700428e-06
22300.056 9.712263343999655e-06
22350.056 9.557654672200338e-06
22400.056 9.901259893100141e-06
22450.056 9.80973837019913e-06
22500.056 9.930534810999761e-06
22550.056 9.88365129569888e-06
22600.056 9.839330469399597e-06
22650.056 9.898033343101386e-06
22700.056 9.879430202401341e-06
22750.056 1.0107316149599328e-05
22800.056 9.870119670800035e-06
22850.056 1.0003196175700675e-05
22900.056 1.0174519980299323e-05
22950.056 8.195764960800867e-06
23000.056 8.985448781400496e-06
23050.056 9.204650834718582e-06
23100.056 8.969915856030114e-06
23150.056 9.11320913724088e-06
23200.056 9.116143236670135e-06
23250.056 7.810286206768222e-06
23300.056 8.349887043030311e-06
23350.056 8.457083345419874e-06
23400.056 8.30630338910036e-06
23450.056 8.51253125400026e-06
23500.056 8.283046057498468e-06
23550.056 7.454183346102311e-06
23600.056 7.702222578091575e-06
23650.056 8.172870149668759e-06
23700.056 8.080243377048165e-06
23750.056 8.057384110530647e-06
23800.056 7.952891189501208e-06
23850.056 6.90578647040056e-06
23900.056 7.348445862319451e-06
23950.056 7.5373311904019625e-06
24000.056 7.180080356498802e-06
24050.056 7.040406317871408e-06
24100.056 6.612305902948122e-06
24150.056 6.456916245460749e-06
24200.056 6.533100852498387e-06
24250.056 6.465941874100625e-06
24300.056 6.1674280114003566e-06
24350.056 5.936869126960042e-06
24400.056 6.296122475299747e-06
24450.056 5.907507291630092e-06
24500.056 5.511490577520509e-06
24550.056 5.4531974695497496e-06
24600.056 5.410875092250963e-06
24650.056 5.817102164919741e-06
24700.056 5.15796161211002e-06
24750.056 4.953469715791051e-06
24800.056 4.860985386790246e-06
24850.056 5.380431671230463e-06
24900.056 4.56658367633239e-06
24950.056 5.330166748579402e-06
25000.056 4.810848843270409e-06
25050.056 4.2324538201209244e-06
25100.056 4.818020568679739e-06
25150.056 4.347544386460182e-06
25200.056 4.5923521279593384e-06
25250.056 4.473895656958779e-06
25300.056 4.551802217440506e-06
25350.056 4.152110854469895e-06
25400.056 4.320403347351661e-06
25450.056 4.177445048730163e-06
25500.056 4.340903763091532e-06
25550.056 4.1432966057700335e-06
25600.056 4.229737628950071e-06
25650.056 3.940034829749769e-06
25700.056 4.540105448378235e-06
25750.056 3.7943808779408054e-06
25800.056 4.329032307140587e-06
25850.056 4.173020359619583e-06
25900.056 4.349120668121196e-06
25950.056 4.105168167170879e-06
26000.056 4.229970783970848e-06
26050.056 4.6476907349800485e-06
26100.056 4.404969954920992e-06
26150.056 4.483506106998909e-06
26200.056 4.243745877190361e-06
26250.056 4.324035047470992e-06
26300.056 4.39755986983973e-06
26350.056 4.263411366049555e-06
26400.056 4.359290402199338e-06
26450.056 4.297881233820379e-06
26500.056 4.463253187648726e-06
26550.056 4.61025881725906e-06
26600.056 5.02584320088887e-06
26650.056 4.411143684138944e-06
26700.056 4.45561384186952e-06
26750.056 4.306840204338374e-06
26800.056 4.53233340524873e-06
26850.056 4.165320494740684e-06
26900.056 4.744299665569943e-06
26950.056 3.6664933715003133e-06
27000.056 4.508318656090921e-06
27050.056 4.02278923380923e-06
27100.056 4.0163645204594496e-06
27150.056 4.155118374869789e-06
27200.056 4.126672811400825e-06
27250.056 3.813543625341825e-06
27300.056 4.048675228590292e-06
27350.056 4.0060263440685674e-06
27400.056 3.656404490600105e-06
27450.056 4.245919467268549e-06
27500.056 3.9355645111904195e-06
27550.056 3.949653023169953e-06
27600.056 4.1663527643295685e-06
27650.056 3.6464325021196865e-06
27700.056 3.6644701052504877e-06
27750.056 4.254455933397729e-06
27800.056 3.4914034246900704e-06
27850.056 3.731568709498765e-06
27900.056 3.704393228169972e-06
27950.056 4.104344938309618e-06
28000.056 3.970505203020943e-06
28050.056 3.3583380060606337e-06
28100.056 4.191434107992086e-06
28150.056 3.594156952050182e-06
28200.056 3.2247467304001935e-06
28250.056 3.710503915639881e-06
28300.056 4.0999993397510836e-06
28350.056 3.6549743433787317e-06
28400.056 3.674608181130144e-06
28450.056 3.6441756812394083e-06
28500.056 3.748452841709434e-06
28550.056 3.1703488465390407e-06
28600.056 4.0697320596705305e-06
28650.056 3.9090662726896585e-06
28700.056 3.553406867549394e-06
28750.056 3.8178521692796114e-06
28800.056 3.7968421868005534e-06
28850.056 3.856154735590231e-06
28900.056 3.3895416241803898e-06
28950.056 4.2264448976693945e-06
29000.056 3.5594428515889114e-06
