galfind/configs/Brown_Dwarf_templates/sonora_bobcat/m+0.5/562g/sp_t2200g562nc_m+0.5_resample.dat
# %ECSV 1.0
# ---
# datatype:
# - {name: wav, unit: Angstrom, datatype: float64}
# - {name: flux_nu, unit: erg / (cm2 Hz s), datatype: float64}
# meta: {C/O: '1.00', Kzz: '1.0000E+05', Teff: '2200.', Y: '0.28', '[Fe/H]': '0.50', f_hole: '1.00', f_rain: '0.00', grav: '562.'}
# schema: astropy-2.0
wav flux_nu
4000.0559999999996 nan
4050.0559999999996 1.5993992267333867e-08
4100.056 1.754711182239063e-08
4150.056 1.378753087883196e-08
4200.056 1.0003328469465155e-08
4250.056 8.551975188932927e-09
4300.056 5.454988607352143e-09
4350.056 5.79383410924009e-09
4400.056 5.733360330281959e-09
4450.056 3.266670169150273e-09
4500.056 3.5606957528904902e-09
4550.056 4.458951056898807e-09
4600.056 3.7217248258495316e-09
4650.056 2.9881226282100342e-09
4700.056 3.6400329231705366e-09
4750.056 4.605059919128789e-09
4800.056 2.997090175040535e-09
4850.056 3.891678610821036e-09
4900.056 7.475873218699334e-09
4950.056 9.078230168080319e-09
5000.056 4.314501222449536e-09
5050.056 5.950848188221013e-09
5100.056 1.0660639712152404e-08
5150.056 1.1579308798133692e-08
5200.056 6.877462246960088e-09
5250.056 9.533463317099627e-09
5300.056 1.184087809180021e-08
5350.056 1.2199807761701496e-08
5400.056 1.3776953222099903e-08
5450.056 1.1194073534398722e-08
5500.056 8.929219536199211e-09
5550.056 1.148843518619951e-08
5600.056 1.0013952521300712e-08
5650.056 9.042598617800218e-09
5700.056 9.985974690200396e-09
5750.056 8.544113692799462e-09
5800.056 7.067501018499786e-09
5850.056 2.983264784919977e-09
5900.056 2.866396008736129e-10
5950.056 4.911181640800016e-09
6000.056 1.1217363451699757e-08
6050.056 1.899581093400095e-08
6100.056 2.5348809079100687e-08
6150.056 2.758518177059676e-08
6200.056 1.9878952445200213e-08
6250.056 2.25472075720012e-08
6300.056 3.124101415400063e-08
6350.056 3.901249340300164e-08
6400.056 4.680386484400111e-08
6450.056 5.807800127499014e-08
6500.056 5.953690862098942e-08
6550.056 7.179289618698756e-08
6600.056 6.557934609200396e-08
6650.056 5.641147234100575e-08
6700.056 4.2744089757289205e-08
6750.056 5.3424047657004236e-08
6800.056 5.9442295048002716e-08
6850.056 7.197428976999886e-08
6900.056 8.702774584100132e-08
6950.056 1.102750740469934e-07
7000.056 1.602268441899841e-07
7050.056 1.5148995235101286e-07
7100.056 8.611780286699395e-08
7150.056 7.236038324100617e-08
7200.056 9.772736923599609e-08
7250.056 1.375084278960134e-07
7300.056 2.1239090991403267e-07
7350.056 3.017353685699984e-07
7400.056 3.740710144300321e-07
7450.056 3.966738325999526e-07
7500.056 4.31989258130005e-07
7550.056 4.737047919300139e-07
7600.056 3.1483924101898257e-07
7650.056 7.758525114307464e-08
7700.056 3.950482346115543e-08
7750.056 1.9161111293102028e-07
7800.056 2.537158617514471e-07
7850.056 2.984948696899952e-07
7900.056 3.3446871877004693e-07
7950.056 3.3976947706955246e-07
8000.056 4.1798345478994094e-07
8050.056 6.074657885699343e-07
8100.056 8.654331978001672e-07
8150.056 1.1953407686000357e-06
8200.056 8.368662451678963e-07
8250.056 1.029535856409942e-06
8300.056 8.397291932802622e-07
8350.056 8.95748850140287e-07
8400.056 9.095570101901253e-07
8450.056 5.601397179798888e-07
8500.056 5.017808274751504e-07
8550.056 6.224951710700555e-07
8600.056 7.447619310597348e-07
8650.056 9.281474488098989e-07
8700.056 1.0421734777402043e-06
8750.056 1.269840079330144e-06
8800.056 1.6599454819503152e-06
8850.056 1.5985271064201687e-06
8900.056 1.1083850883600118e-06
8950.056 1.2089215140385642e-06
9000.056 1.505162862480185e-06
9050.056 1.6034455558696595e-06
9100.056 2.0292702961201114e-06
9150.056 2.3766531475900224e-06
9200.056 2.2873832120504438e-06
9250.056 1.5589618595399274e-06
9300.056 1.3189410719801086e-06
9350.056 1.4728022874897596e-06
9400.056 1.6292615783804177e-06
9450.056 1.8278386410894803e-06
9500.056 2.181793377229775e-06
9550.056 2.448152805530422e-06
9600.056 2.638279911770584e-06
9650.056 2.986749314980798e-06
9700.056 3.242110915279661e-06
9750.056 2.5760422080300394e-06
9800.056 2.814874088309781e-06
9850.056 2.7496840516198074e-06
9900.056 2.4626911772599445e-06
9950.056 2.3402895576701674e-06
10000.056 2.361075361029816e-06
10050.056 2.295600327409933e-06
10100.056 2.7665501735309456e-06
10150.056 2.708864712889775e-06
10200.056 2.939895317689684e-06
10250.056 2.876919129609053e-06
10300.056 2.8477574747595075e-06
10350.056 3.218702294749647e-06
10400.056 3.4479293796199434e-06
10450.056 3.687831225210607e-06
10500.056 3.7274615613592543e-06
10550.056 3.851706592780483e-06
10600.056 4.129228306150501e-06
10650.056 4.2196332822196336e-06
10700.056 4.4422686330002175e-06
10750.056 4.753038462370387e-06
10800.056 5.033884694159543e-06
10850.056 5.319841110309797e-06
10900.056 5.294274320439643e-06
10950.056 5.145627830298714e-06
11000.056 4.885805317510182e-06
11050.056 3.6830416209698666e-06
11100.056 4.018437618770701e-06
11150.056 4.2491881825397205e-06
11200.056 4.3276528691804105e-06
11250.056 4.832559045159944e-06
11300.056 4.867004085830147e-06
11350.056 4.577527340719929e-06
11400.056 3.5724261668999896e-06
11450.056 4.92579587553902e-06
11500.056 5.46289019464937e-06
11550.056 5.35120255352011e-06
11600.056 5.534059734888858e-06
11650.056 5.6681941027607036e-06
11700.056 4.528961163966003e-06
11750.056 4.702712777649697e-06
11800.056 4.71601859945422e-06
11850.056 5.769578435620242e-06
11900.056 5.968067750038814e-06
11950.056 5.89238877619976e-06
12000.056 5.5640945770003514e-06
12050.056 6.095830106100329e-06
12100.056 6.052190149199768e-06
12150.056 6.557808375099756e-06
12200.056 6.62255433509966e-06
12250.056 6.972030065999371e-06
12300.056 7.117843053000827e-06
12350.056 7.166862503700439e-06
12400.056 6.515918377699403e-06
12450.056 5.453709249450101e-06
12500.056 5.920984945298965e-06
12550.056 5.930184331210141e-06
12600.056 6.5246812983000454e-06
12650.056 6.798902686599508e-06
12700.056 7.0750926601996206e-06
12750.056 7.109153450400221e-06
12800.056 7.558533711799148e-06
12850.056 7.408334082300203e-06
12900.056 7.248581206199258e-06
12950.056 7.461721356299148e-06
13000.056 7.687826089699136e-06
13050.056 7.835929673599477e-06
13100.056 7.833938086499334e-06
13150.056 7.898827475699636e-06
13200.056 7.67451146699963e-06
13250.056 7.251917770880155e-06
13300.056 6.517039678339072e-06
13350.056 4.4965158891876055e-06
13400.056 4.297966911022803e-06
13450.056 3.883060299756829e-06
13500.056 3.856064597001455e-06
13550.056 3.674813489644795e-06
13600.056 3.408512438888991e-06
13650.056 3.669077785505972e-06
13700.056 3.3743667562553884e-06
13750.056 3.428810661269181e-06
13800.056 3.816710008149863e-06
13850.056 3.7890132203975534e-06
13900.056 3.66856793889718e-06
13950.056 3.512319627957816e-06
14000.056 3.3042975858480607e-06
14050.056 3.3702113067620396e-06
14100.056 3.06660973100538e-06
14150.056 3.0793689561113274e-06
14200.056 2.905520200979501e-06
14250.056 2.877791339850201e-06
14300.056 2.9251738429605143e-06
14350.056 2.9521966512213684e-06
14400.056 3.078970061672295e-06
14450.056 3.217543024077228e-06
14500.056 3.452694332700638e-06
14550.056 3.4828856375849093e-06
14600.056 3.6134794004610142e-06
14650.056 3.5576377950187216e-06
14700.056 3.326891573189575e-06
14750.056 3.498946149420632e-06
14800.056 3.5728295440208577e-06
14850.056 3.8071936524391887e-06
14900.056 3.8093433281897673e-06
14950.056 3.841076489090724e-06
15000.056 3.93343444551063e-06
15050.056 4.260623942069191e-06
15100.056 4.239296379310555e-06
15150.056 4.336779553830317e-06
15200.056 4.5447336561197205e-06
15250.056 4.55111685504978e-06
15300.056 4.751885539179874e-06
15350.056 4.886983630300188e-06
15400.056 5.006233643700055e-06
15450.056 5.194206832820349e-06
15500.056 5.277432856099273e-06
15550.056 5.5118503167997315e-06
15600.056 5.496163698700665e-06
15650.056 5.701146531400013e-06
15700.056 6.014089142901725e-06
15750.056 6.197799032199457e-06
15800.056 6.263073632400903e-06
15850.056 6.018586753400493e-06
15900.056 6.172659445300657e-06
15950.056 6.27319606569997e-06
16000.056 6.38454868859963e-06
16050.056 6.586810258900563e-06
16100.056 6.7451390510002985e-06
16150.056 6.661673204300363e-06
16200.056 6.868046424699643e-06
16250.056 6.869007386699912e-06
16300.056 6.946382224600116e-06
16350.056 7.275519265199581e-06
16400.056 7.174496017501035e-06
16450.056 7.369011683000488e-06
16500.056 7.551329108700549e-06
16550.056 7.864356538499534e-06
16600.056 7.569903848800536e-06
16650.056 8.101035834500707e-06
16700.056 7.853424122098723e-06
16750.056 7.972912512699394e-06
16800.056 8.168823548600257e-06
16850.056 8.209416341399421e-06
16900.056 8.005174126400348e-06
16950.056 7.98014069769911e-06
17000.056 7.963612279000966e-06
17050.056 7.849543712900499e-06
17100.056 7.523158928500571e-06
17150.056 7.40680727240007e-06
17200.056 6.924778083799632e-06
17250.056 6.63450949010994e-06
17300.056 6.76894750739916e-06
17350.056 6.4897523210605496e-06
17400.056 6.586049166340017e-06
17450.056 6.21323340638722e-06
17500.056 5.993204311178975e-06
17550.056 5.9140956778005776e-06
17600.056 5.69481835311011e-06
17650.056 5.807256275279079e-06
17700.056 5.147066103329133e-06
17750.056 5.014251909169956e-06
17800.056 4.9377522774610764e-06
17850.056 4.7004973523106644e-06
17900.056 4.710435505579899e-06
17950.056 4.590173102789325e-06
18000.056 4.256698289600439e-06
18050.056 4.312049065909695e-06
18100.056 4.151553427919915e-06
18150.056 4.504797583070365e-06
18200.056 3.911113594609318e-06
18250.056 4.428206517674107e-06
18300.056 4.265485185084751e-06
18350.056 4.095659525531132e-06
18400.056 4.014870554260031e-06
18450.056 3.6874411004321474e-06
18500.056 3.7981941453206513e-06
18550.056 3.607750649040289e-06
18600.056 3.10587837741236e-06
18650.056 3.566084956100873e-06
18700.056 3.817973342412686e-06
18750.056 3.6488851814253967e-06
18800.056 3.715359204921486e-06
18850.056 4.203097589419633e-06
18900.056 4.05230604631841e-06
18950.056 4.070476304939737e-06
19000.056 4.315876860159167e-06
19050.056 4.211470614680063e-06
19100.056 4.279847573171381e-06
19150.056 4.437009457395741e-06
19200.056 4.39123445022535e-06
19250.056 4.215687496688981e-06
19300.056 4.400242751029043e-06
19350.056 4.45695974135986e-06
19400.056 4.069614606888923e-06
19450.056 4.455384741200615e-06
19500.056 4.4714955445095e-06
19550.056 3.972827015480907e-06
19600.056 4.45429017110949e-06
19650.056 4.376740019857402e-06
19700.056 4.4032413156503685e-06
19750.056 4.132363930470351e-06
19800.056 4.323574988199442e-06
19850.056 4.309003857141412e-06
19900.056 3.9761792155512175e-06
19950.056 4.453944328199845e-06
20000.056 3.984311413930612e-06
20050.056 4.225110283031278e-06
20100.056 4.3146949495776e-06
20150.056 4.252477628840845e-06
20200.056 4.339796750728837e-06
20250.056 4.501490678999988e-06
20300.056 4.517156396730421e-06
20350.056 4.561812100429526e-06
20400.056 4.5368607586077875e-06
20450.056 4.757566510619593e-06
20500.056 4.739281756140193e-06
20550.056 4.847725196329873e-06
20600.056 5.06603698320058e-06
20650.056 4.943550609410952e-06
20700.056 5.136956652070261e-06
20750.056 5.178546634099275e-06
20800.056 5.360118417600186e-06
20850.056 5.340642658789977e-06
20900.056 5.56478069509976e-06
20950.056 5.613935939899695e-06
21000.056 5.8371562072996445e-06
21050.056 5.865135634500192e-06
21100.056 5.91282802520002e-06
21150.056 6.17649801280032e-06
21200.056 6.165563646900471e-06
21250.056 6.416635494399342e-06
21300.056 6.2541368116999175e-06
21350.056 6.621527033400401e-06
21400.056 6.447357151500399e-06
21450.056 6.998645274600057e-06
21500.056 6.684485986300328e-06
21550.056 6.85974003809958e-06
21600.056 7.049727720500645e-06
21650.056 7.036483596200412e-06
21700.056 7.301149773599667e-06
21750.056 7.179514975199956e-06
21800.056 7.2139614026996774e-06
21850.056 7.290762127399777e-06
21900.056 7.482808080800708e-06
21950.056 7.387141912500351e-06
22000.056 7.653354718399591e-06
22050.056 7.333862721699255e-06
22100.056 7.571091073099771e-06
22150.056 7.724457161300577e-06
22200.056 7.543077789901272e-06
22250.056 7.961339337400475e-06
22300.056 7.872700943199644e-06
22350.056 7.68860385960034e-06
22400.056 8.043705626100284e-06
22450.056 7.942933530199103e-06
22500.056 8.06628815399971e-06
22550.056 7.993776979298864e-06
22600.056 7.97781917509968e-06
22650.056 7.97901779030137e-06
22700.056 7.977331901801415e-06
22750.056 8.214787977799472e-06
22800.056 7.940608162100141e-06
22850.056 8.085146827500678e-06
22900.056 8.264579034399502e-06
22950.056 6.184585539950728e-06
23000.056 6.933515802320441e-06
23050.056 7.175050748318973e-06
23100.056 6.901427547409742e-06
23150.056 7.094016615670864e-06
23200.056 7.093588554530102e-06
23250.056 5.8436977350186606e-06
23300.056 6.344354973120197e-06
23350.056 6.499745910530065e-06
23400.056 6.336042440410165e-06
23450.056 6.528498953830085e-06
23500.056 6.339743528858654e-06
23550.056 5.579564852191723e-06
23600.056 5.750746005691246e-06
23650.056 6.179562308849171e-06
23700.056 6.1045227752384075e-06
23750.056 6.085447182760788e-06
23800.056 5.995986892020919e-06
23850.056 5.102565717400565e-06
23900.056 5.536537726149516e-06
23950.056 5.7015688172515184e-06
24000.056 5.341259513559098e-06
24050.056 5.276996795090893e-06
24100.056 4.858634958068576e-06
24150.056 4.742435888870701e-06
24200.056 4.788542870818506e-06
24250.056 4.69774067490043e-06
24300.056 4.482260481900268e-06
24350.056 4.241459425080161e-06
24400.056 4.584329115969767e-06
24450.056 4.194278622419856e-06
24500.056 3.877732208120202e-06
24550.056 3.8137661535598623e-06
24600.056 3.838871411380717e-06
24650.056 4.156507497859814e-06
24700.056 3.5576328729799903e-06
24750.056 3.389472078650827e-06
24800.056 3.308296664400413e-06
24850.056 3.782619173730105e-06
24900.056 3.0263034661817858e-06
24950.056 3.6883378435795146e-06
25000.056 3.285003342900228e-06
25050.056 2.736781496120773e-06
25100.056 3.2317113686798816e-06
25150.056 2.8382932659000094e-06
25200.056 3.0363199115094924e-06
25250.056 2.9024838550791694e-06
25300.056 3.047343058140219e-06
25350.056 2.637439634039986e-06
25400.056 2.857030534391235e-06
25450.056 2.6597409927800637e-06
25500.056 2.8144407617410006e-06
25550.056 2.6542906730801984e-06
25600.056 2.735646616290168e-06
25650.056 2.483096839739982e-06
25700.056 3.024629428198792e-06
25750.056 2.339269521410426e-06
25800.056 2.8607372457505096e-06
25850.056 2.6731474166997537e-06
25900.056 2.869843963770696e-06
25950.056 2.5989240133102275e-06
26000.056 2.817622466090821e-06
26050.056 3.0751798162100636e-06
26100.056 2.9456278108305278e-06
26150.056 2.9877477324791087e-06
26200.056 2.825367235090221e-06
26250.056 2.8827640444606734e-06
26300.056 2.923438571789974e-06
26350.056 2.873618013399684e-06
26400.056 2.952247816769381e-06
26450.056 2.901852052600397e-06
26500.056 3.0432990857589844e-06
26550.056 3.0838630670892982e-06
26600.056 3.4925387445491755e-06
26650.056 2.873959998589394e-06
26700.056 2.924609897349826e-06
26750.056 2.717037776308791e-06
26800.056 2.9633911458290647e-06
26850.056 2.5327082802503375e-06
26900.056 3.1011420152600754e-06
26950.056 2.2455412374501103e-06
27000.056 2.923879605570744e-06
27050.056 2.51061209005964e-06
27100.056 2.5240123381295227e-06
27150.056 2.6468607486498906e-06
27200.056 2.632976074350605e-06
27250.056 2.4095839852712047e-06
27300.056 2.68301113315013e-06
27350.056 2.6169990128789846e-06
27400.056 2.2962237948200556e-06
27450.056 2.848302140358906e-06
27500.056 2.607704277990139e-06
27550.056 2.5565986408699506e-06
27600.056 2.8397229793996176e-06
27650.056 2.335511346149712e-06
27700.056 2.310957903170248e-06
27750.056 2.8861086460883815e-06
27800.056 2.2046811433698914e-06
27850.056 2.4223407506889185e-06
27900.056 2.434549734960138e-06
27950.056 2.7636549247897395e-06
28000.056 2.6411341785607245e-06
28050.056 2.1183774435005206e-06
28100.056 2.8556042727513344e-06
28150.056 2.3558289065400885e-06
28200.056 2.060087226550167e-06
28250.056 2.496820399800063e-06
28300.056 2.8210441444606333e-06
28350.056 2.349893184869075e-06
28400.056 2.4277116591900214e-06
28450.056 2.4437916744495325e-06
28500.056 2.506494489939495e-06
28550.056 1.9655479021393005e-06
28600.056 2.8123364385302003e-06
28650.056 2.634058869809705e-06
28700.056 2.358623421789481e-06
28750.056 2.602990732879794e-06
28800.056 2.5376372697504933e-06
28850.056 2.6242767527102875e-06
28900.056 2.1821424392701965e-06
28950.056 2.9145284823996437e-06
