galfind/configs/Brown_Dwarf_templates/sonora_bobcat/m+0.5/562g/sp_t425g562nc_m+0.5_resample.dat
# %ECSV 1.0
# ---
# datatype:
# - {name: wav, unit: Angstrom, datatype: float64}
# - {name: flux_nu, unit: erg / (cm2 Hz s), datatype: float64}
# meta: {C/O: '1.00', Kzz: '1.0000E+05', Teff: '425.', Y: '0.28', '[Fe/H]': '0.50', f_hole: '1.00', f_rain: '0.00', grav: '562.'}
# schema: astropy-2.0
wav flux_nu
4000.0559999999996 nan
4050.0559999999996 3.20732781836008e-17
4100.056 1.550348869420026e-15
4150.056 1.128442420240011e-14
4200.056 1.1449616452246053e-14
4250.056 9.19781717300008e-14
4300.056 2.1017515394000093e-13
4350.056 3.844900645100014e-13
4400.056 6.423410836000021e-13
4450.056 1.0120836948700025e-12
4500.056 1.5294875317000038e-12
4550.056 1.5017301677499907e-12
4600.056 2.0391904794999902e-13
4650.056 1.1371784157199946e-13
4700.056 6.503288180899967e-14
4750.056 3.663179031599983e-14
4800.056 2.330848221399991e-14
4850.056 1.469101852899994e-14
4900.056 1.0333975253999974e-14
4950.056 7.819315322199979e-15
5000.056 5.354060626199977e-15
5050.056 3.918402484600008e-15
5100.056 4.1001624240000276e-15
5150.056 4.515609069500006e-15
5200.056 4.93758237570001e-15
5250.056 5.324697510600003e-15
5300.056 5.744475791800004e-15
5350.056 6.243724457700008e-15
5400.056 6.76923415550001e-15
5450.056 7.406944407500035e-15
5500.056 8.126779501600018e-15
5550.056 8.857389196200006e-15
5600.056 9.499800460900004e-15
5650.056 9.970743221999992e-15
5700.056 9.994361546200012e-15
5750.056 9.805636610600001e-15
5800.056 8.919211399599978e-15
5850.056 6.351445483399928e-15
5900.056 2.0475558688511184e-15
5950.056 1.1912188939400335e-14
6000.056 2.3995885472999873e-14
6050.056 4.273962723000046e-14
6100.056 6.984019790100063e-14
6150.056 1.0596494696300067e-13
6200.056 1.5396371617000078e-13
6250.056 2.137559784600005e-13
6300.056 3.002284325500004e-13
6350.056 4.141276449100009e-13
6400.056 5.620213467000026e-13
6450.056 6.992834239199931e-13
6500.056 9.334877033200075e-13
6550.056 1.269114906509981e-12
6600.056 1.7156712783000367e-12
6650.056 2.3280284227000167e-12
6700.056 2.902768214800016e-12
6750.056 3.898768250800016e-12
6800.056 4.49326048270002e-12
6850.056 4.434140083799993e-12
6900.056 3.5065088246000314e-12
6950.056 2.6256535614200033e-12
7000.056 2.7350441890199618e-12
7050.056 2.8031241679899794e-12
7100.056 3.0630604187999674e-12
7150.056 2.513169787586929e-12
7200.056 2.1028532744060713e-12
7250.056 2.2848496760149265e-12
7300.056 2.2541265144683787e-12
7350.056 2.6214681502249627e-12
7400.056 2.9830789733901063e-12
7450.056 3.5607522017001464e-12
7500.056 4.039147917399998e-12
7550.056 4.391491401400008e-12
7600.056 4.505800912399993e-12
7650.056 2.451467516229958e-12
7700.056 2.433466964000046e-12
7750.056 5.339935485300054e-12
7800.056 6.894473325699982e-12
7850.056 8.716154942299944e-12
7900.056 1.0884505149799924e-11
7950.056 1.2550932521600023e-11
8000.056 1.594855452850011e-11
8050.056 1.906484628600025e-11
8100.056 1.6783958275639305e-11
8150.056 1.5474807795797133e-11
8200.056 2.602725218828607e-11
8250.056 2.8693812509677577e-11
8300.056 3.4983598778740775e-11
8350.056 4.038418540682561e-11
8400.056 4.981323905650033e-11
8450.056 6.82282595243995e-11
8500.056 8.206371459599861e-11
8550.056 1.0508024867900174e-10
8600.056 1.2940858089800074e-10
8650.056 1.5128470949000108e-10
8700.056 1.6543031157000163e-10
8750.056 1.87065697510001e-10
8800.056 1.9782469964999953e-10
8850.056 1.7308506847599464e-10
8900.056 5.0314760477495863e-11
8950.056 4.27130948089794e-11
9000.056 3.865977499144287e-11
9050.056 1.2372438225247747e-10
9100.056 1.4539554046320144e-10
9150.056 1.6606059495485275e-10
9200.056 2.634895637808231e-10
9250.056 2.1571652999390705e-10
9300.056 1.0913891097403396e-11
9350.056 1.7257379721122894e-11
9400.056 6.878290450574146e-11
9450.056 6.481412359877834e-11
9500.056 5.080745461705567e-11
9550.056 5.3649892098824824e-11
9600.056 5.777560575298942e-11
9650.056 1.0105727023141645e-10
9700.056 2.456351231700191e-10
9750.056 2.2302723796850347e-10
9800.056 2.711541505296196e-10
9850.056 3.279942572805581e-10
9900.056 4.6178779733422533e-10
9950.056 4.837789343230336e-10
10000.056 5.408674180999827e-10
10050.056 6.948089626900171e-10
10100.056 8.349410822200094e-10
10150.056 7.825137287100098e-10
10200.056 6.550734872510661e-10
10250.056 8.272599497179026e-10
10300.056 1.1758861049683354e-09
10350.056 9.998297934780345e-10
10400.056 1.7329223234601141e-09
10450.056 2.354185289379591e-09
10500.056 3.048127503699966e-09
10550.056 3.966993003600059e-09
10600.056 4.53318281470003e-09
10650.056 4.908518985200101e-09
10700.056 4.735088491699999e-09
10750.056 4.996599653209993e-09
10800.056 4.831069608500033e-09
10850.056 4.292898718990136e-09
10900.056 3.027326426999878e-09
10950.056 1.2678292338699784e-09
11000.056 6.063989543238106e-10
11050.056 2.611815639275877e-10
11100.056 1.091663349658289e-10
11150.056 3.4425151573090435e-11
11200.056 2.1157668804637623e-11
11250.056 2.6089623684325e-11
11300.056 4.770706989398004e-11
11350.056 1.0658316791265468e-11
11400.056 6.969496751757314e-11
11450.056 3.595280264181241e-11
11500.056 3.075193809510076e-11
11550.056 5.802959409765956e-12
11600.056 2.7049242831856923e-12
11650.056 1.5196296267650386e-11
11700.056 2.050302464080901e-11
11750.056 4.458987141318376e-12
11800.056 3.161388038107875e-11
11850.056 4.982615129734282e-11
11900.056 5.597153139061919e-11
11950.056 1.0005971080952115e-10
12000.056 1.8402503003023851e-10
12050.056 3.410608684757008e-10
12100.056 5.130194004325643e-10
12150.056 8.315870898693261e-10
12200.056 1.0466466780810316e-09
12250.056 1.761046122308594e-09
12300.056 3.0053607173332776e-09
12350.056 3.454959482325955e-09
12400.056 5.58701725461986e-09
12450.056 8.281247988600258e-09
12500.056 9.657373712500803e-09
12550.056 1.1598277545199867e-08
12600.056 1.3758478771600723e-08
12650.056 1.4896973556899571e-08
12700.056 1.456171406470021e-08
12750.056 9.938577822600528e-09
12800.056 6.726240615759604e-09
12850.056 3.477994402589952e-09
12900.056 2.397445376345938e-09
12950.056 1.7057048384056086e-09
13000.056 1.9408339882738126e-09
13050.056 1.064751912468521e-09
13100.056 9.658077110158398e-10
13150.056 5.224553860619374e-10
13200.056 5.575318669836597e-10
13250.056 3.965691438064131e-10
13300.056 1.3310606382101587e-10
13350.056 4.1470413825095115e-11
13400.056 1.4375772868489983e-11
13450.056 3.4600299927785797e-12
13500.056 1.0563731928499755e-12
13550.056 2.595717137658328e-13
13600.056 4.7053990050476357e-14
13650.056 4.684638776678841e-13
13700.056 2.1591998186803636e-13
13750.056 7.969146532555308e-13
13800.056 7.013419561733486e-13
13850.056 2.783085319871595e-13
13900.056 5.405828763205437e-13
13950.056 4.573760707094387e-13
14000.056 6.06394102262752e-13
14050.056 1.0742343028539622e-12
14100.056 9.845291408476982e-13
14150.056 2.49420601178286e-12
14200.056 1.4762555470424657e-12
14250.056 2.2762152427546417e-12
14300.056 8.12069973176049e-12
14350.056 6.571729810411542e-12
14400.056 6.641514390651516e-12
14450.056 1.3946193708740251e-11
14500.056 3.247532822466205e-11
14550.056 3.408969366696385e-11
14600.056 5.0220660620342454e-11
14650.056 2.2502009548345476e-11
14700.056 9.053074933273461e-12
14750.056 3.4440244925655958e-12
14800.056 5.605727461628854e-12
14850.056 7.371488909663844e-12
14900.056 7.10374260707266e-12
14950.056 4.906671156594494e-12
15000.056 1.748216117217644e-11
15050.056 1.556313786761964e-11
15100.056 7.545167986880883e-12
15150.056 3.04609166462191e-12
15200.056 1.2613676659615172e-11
15250.056 3.2170160693961197e-11
15300.056 4.247270750305271e-11
15350.056 6.345595808175761e-11
15400.056 8.524875881183023e-11
15450.056 1.2861013683178926e-10
15500.056 1.5931184894917577e-10
15550.056 3.6073386082520095e-10
15600.056 6.124399242108928e-10
15650.056 1.1466656202322163e-09
15700.056 2.0848638190580454e-09
15750.056 2.9201685371401115e-09
15800.056 3.719530636779972e-09
15850.056 4.750835339890456e-09
15900.056 4.847152790020029e-09
15950.056 5.009653017099792e-09
16000.056 3.776180817500182e-09
16050.056 2.0628570081398223e-09
16100.056 1.1125233587509309e-09
16150.056 5.100999453229362e-10
16200.056 2.2386426451742106e-10
16250.056 1.242658739957629e-10
16300.056 6.763764315122992e-11
16350.056 9.584500447297649e-11
16400.056 1.2075172991370226e-10
16450.056 1.0685834133274011e-10
16500.056 8.585601715670006e-11
16550.056 8.529400487276661e-11
16600.056 1.7631849189422813e-10
16650.056 1.2164807179398313e-10
16700.056 1.3596948552274898e-11
16750.056 5.900599669144799e-11
16800.056 1.0004530696864314e-10
16850.056 1.1274494564856938e-10
16900.056 4.39386887314839e-11
16950.056 2.517242146422776e-11
17000.056 1.1605647369679498e-11
17050.056 2.788806339407619e-11
17100.056 5.925830189888675e-11
17150.056 2.9276862697410016e-11
17200.056 1.2725965352007795e-10
17250.056 5.3561684028577116e-11
17300.056 3.3710493837852754e-11
17350.056 4.016006531547529e-11
17400.056 8.185587461801781e-11
17450.056 1.1081368227106441e-10
17500.056 1.5802615428465207e-10
17550.056 1.3393711694518257e-10
17600.056 1.0214446216359199e-10
17650.056 7.776381469905776e-11
17700.056 6.347717979917154e-11
17750.056 5.5770927359954937e-11
17800.056 1.4789390845203296e-10
17850.056 5.961017274907877e-11
17900.056 4.0507056094039615e-11
17950.056 2.7067300318861423e-11
18000.056 5.315923485134661e-11
18050.056 2.8552520170058836e-11
18100.056 3.664276717519645e-11
18150.056 2.654329328589085e-11
18200.056 1.775286137502192e-11
18250.056 8.14667557920085e-11
18300.056 1.0394526885983605e-11
18350.056 8.704326941682368e-12
18400.056 5.336219632602861e-12
18450.056 4.168047285615443e-11
18500.056 4.248979825688658e-11
18550.056 1.8858730800617155e-11
18600.056 2.7582797130500378e-11
18650.056 1.676814463901662e-11
18700.056 2.8671661805485684e-12
18750.056 7.616899304228834e-12
18800.056 7.116836896239741e-11
18850.056 6.770644383987614e-11
18900.056 5.82373432442387e-11
18950.056 1.1146043321839515e-10
19000.056 2.1042837388115275e-11
19050.056 7.705484562435949e-12
19100.056 2.4322319510085294e-11
19150.056 8.503328174958555e-12
19200.056 1.5535610456343157e-11
19250.056 1.0448307570727245e-11
19300.056 6.383111802855658e-12
19350.056 5.609206718033909e-12
19400.056 4.875087556744299e-12
19450.056 9.314409688738153e-12
19500.056 5.607252973036638e-12
19550.056 1.262070157006245e-11
19600.056 3.352954310097947e-11
19650.056 1.9776782261106025e-11
19700.056 2.944770968500249e-11
19750.056 5.4485207702367585e-11
19800.056 3.089720756222966e-11
19850.056 3.7495554132299576e-11
19900.056 6.049388849243221e-11
19950.056 1.0182144449675926e-10
20000.056 1.4381302538244923e-10
20050.056 8.959745338274386e-11
20100.056 1.87529445501503e-10
20150.056 9.170516240470805e-11
20200.056 5.409966000931434e-11
20250.056 1.4720041202799585e-10
20300.056 1.8866985919281204e-10
20350.056 2.2351963711954617e-10
20400.056 1.58653824275099e-10
20450.056 3.7664977566665217e-10
20500.056 4.630777413119072e-10
20550.056 5.7834810527587e-10
20600.056 6.372613844616872e-10
20650.056 9.006124433442982e-10
20700.056 1.0798670667651786e-09
20750.056 1.3451087573558514e-09
20800.056 1.323760093412692e-09
20850.056 1.7379127718700672e-09
20900.056 1.9389513581998077e-09
20950.056 1.896121154150141e-09
21000.056 1.8879031758700983e-09
21050.056 2.088037789639836e-09
21100.056 1.952081179630069e-09
21150.056 1.9543754459898137e-09
21200.056 1.7792043256801678e-09
21250.056 1.6021998571287404e-09
21300.056 1.2700979194301117e-09
21350.056 1.251603271164249e-09
21400.056 1.163919315286761e-09
21450.056 8.497617066681625e-10
21500.056 6.938697483953174e-10
21550.056 6.194775273002815e-10
21600.056 4.910524074422558e-10
21650.056 3.072814763269385e-10
21700.056 2.484256665904849e-10
21750.056 2.3761972311455017e-10
21800.056 1.3919385631313694e-10
21850.056 1.3469124702293682e-10
21900.056 8.618427597962315e-11
21950.056 2.7912803779271894e-11
22000.056 3.214200386064195e-12
22050.056 6.029967802918448e-12
22100.056 2.937533853658166e-11
22150.056 1.922613101919761e-11
22200.056 1.9637675765098192e-11
22250.056 1.5636582198780615e-11
22300.056 6.35539245955055e-12
22350.056 9.25815780739015e-12
22400.056 2.6301747082936115e-12
22450.056 4.948122141747816e-12
22500.056 3.888340714537625e-12
22550.056 1.7499432256300315e-12
22600.056 1.3386015275750747e-12
22650.056 3.111326175702854e-12
22700.056 2.572733329697657e-12
22750.056 4.068464749504202e-12
22800.056 4.450290127547785e-12
22850.056 2.894947910635803e-12
22900.056 2.0023570656490502e-12
22950.056 1.4820666795558084e-12
23000.056 2.1710476597872046e-12
23050.056 2.6667179144557678e-12
23100.056 2.257944557918441e-11
23150.056 2.1630440404449452e-11
23200.056 4.890936133298284e-13
23250.056 3.003249304920995e-12
23300.056 2.541988287261601e-12
23350.056 4.158474978303768e-12
23400.056 2.837654430806021e-12
23450.056 1.5108356090783568e-12
23500.056 1.7259545533339597e-12
23550.056 4.1567331510006515e-12
23600.056 1.0822746992510418e-11
23650.056 1.4043467515368046e-11
23700.056 1.8913845847567248e-12
23750.056 2.057282051786981e-12
23800.056 1.289388542320878e-11
23850.056 7.540440669636717e-12
23900.056 2.0181042329371115e-11
23950.056 8.683490233163074e-12
24000.056 2.4435796357064045e-11
24050.056 2.876337323348451e-11
24100.056 3.736181980729407e-11
24150.056 5.6178233801463646e-11
24200.056 3.190973458359145e-11
24250.056 2.515558868218155e-11
24300.056 5.4761686155888136e-11
24350.056 4.0280673389291316e-11
24400.056 1.1343003975281902e-10
24450.056 1.2561113578935616e-10
24500.056 1.0498163412132967e-10
24550.056 1.8657455267522474e-10
24600.056 1.9636243153220268e-10
24650.056 3.324260675204734e-10
24700.056 1.7565906275813505e-10
24750.056 2.420294197074509e-10
24800.056 1.871342862179914e-10
24850.056 3.5800893894917267e-10
24900.056 1.206339061379839e-10
24950.056 2.8620520648087506e-10
25000.056 2.7473246965304745e-10
25050.056 1.497546721262506e-10
25100.056 2.683433628463492e-10
25150.056 1.0434334141418314e-10
25200.056 1.5687854741480616e-10
25250.056 5.0434324574876375e-11
25300.056 7.181014460245438e-11
25350.056 2.9703743010406715e-11
25400.056 8.526279719058458e-11
25450.056 2.1234369098489037e-11
25500.056 1.6742865290264735e-11
25550.056 4.203642843416596e-11
25600.056 1.9154018439059504e-11
25650.056 8.292418415336609e-12
25700.056 7.908581305498433e-12
25750.056 1.914462702890421e-12
25800.056 1.3740169617607924e-11
25850.056 1.824636180878429e-12
25900.056 2.6290572017686233e-12
25950.056 4.631902290467043e-13
26000.056 1.1011524838649923e-11
26050.056 7.611933049525808e-13
26100.056 5.464233608626326e-12
26150.056 1.8464712533239855e-12
26200.056 2.721569444043829e-12
26250.056 2.946672099306063e-11
26300.056 3.7757744954391886e-12
26350.056 6.145334524694197e-11
26400.056 1.076717128264e-10
26450.056 5.892766326541253e-11
26500.056 1.7183359991635e-10
26550.056 1.0538841348369367e-11
26600.056 1.2014158908773906e-11
26650.056 1.1334739258989465e-12
26700.056 6.053433798098961e-13
26750.056 1.2036819437126473e-12
26800.056 5.20940180862568e-12
26850.056 2.729292540713564e-12
26900.056 1.8037280621011942e-11
26950.056 4.713852467599058e-12
27000.056 3.369812419459542e-11
27050.056 4.712902122986364e-11
27100.056 2.5956043417008287e-12
27150.056 5.045449704602401e-11
27200.056 2.5503542800979573e-12
27250.056 1.340628107818291e-11
27300.056 1.4976134797256858e-10
27350.056 3.714528483836422e-11
27400.056 1.2334987440708007e-12
27450.056 5.4035716369799943e-11
27500.056 7.130878661083815e-11
27550.056 7.367436640648965e-12
27600.056 2.7548971144716862e-11
27650.056 5.538702378214263e-12
27700.056 5.460234800254919e-12
27750.056 4.8585823196678214e-11
27800.056 1.2224704753247966e-11
27850.056 2.384246238504891e-11
27900.056 2.5669310363077656e-11
27950.056 7.051603444382349e-11
28000.056 6.839330042970208e-11
28050.056 5.649837423157601e-12
28100.056 6.944272853229861e-11
28150.056 5.0261999866268573e-11
28200.056 1.0181082963295213e-11
28250.056 1.0010609555529023e-10
28300.056 8.894814153935743e-11
28350.056 1.3516102947371415e-11
28400.056 6.03270047028544e-11
28450.056 1.2162498108609507e-10
28500.056 6.503198545296321e-11
28550.056 1.1162073205232987e-11
28600.056 1.1537640561229104e-10
28650.056 6.772501198633466e-11
28700.056 1.202256523340166e-10
28750.056 1.833598077266027e-10
28800.056 6.40049168717608e-11
28850.056 1.969740629257905e-10
