galfind/configs/Brown_Dwarf_templates/sonora_bobcat/m+0.5/100g/sp_t800g100nc_m+0.5_resample.dat
# %ECSV 1.0
# ---
# datatype:
# - {name: wav, unit: Angstrom, datatype: float64}
# - {name: flux_nu, unit: erg / (cm2 Hz s), datatype: float64}
# meta: {C/O: '1.00', Kzz: '1.0000E+05', Teff: '800.', Y: '0.28', '[Fe/H]': '0.50', f_hole: '1.00', f_rain: '0.00', grav: '100.'}
# schema: astropy-2.0
wav flux_nu
[from data line 498]
28900.056 1.8176820858411693e-08
28950.056 4.286213462494765e-08
29000.056 3.3579233532703756e-08
29050.056 3.683246556937809e-08
29100.056 2.6996655079381297e-08
29150.056 4.779470269107514e-08
29200.056 3.3421049222026716e-08
29250.056 4.9915913681550295e-08
29300.056 2.6930119251616972e-08
29350.056 7.508391898835237e-08
29400.056 3.8113505665486964e-08
29450.056 4.275074906191923e-08
29500.056 4.98490374285884e-08
29550.056 4.126858693245296e-08
29600.056 5.0554412030808186e-08
29650.056 5.352004748301652e-08
29700.056 3.5688780572516907e-08
29750.056 5.2947297678906684e-08
29800.056 5.47690709623686e-08
29850.056 6.042710689717297e-08
29900.056 5.49492508891041e-08
29950.056 5.335387581431144e-08
30000.056 2.3825694089529738e-08
30050.056 2.8947010743212014e-08
30100.056 2.7229638174105114e-08
30150.056 5.092762660867981e-08
30200.056 3.776785996107739e-08
30250.056 6.521449679779399e-08
30300.056 5.6697632552512e-08
30350.056 4.6812862899602994e-08
30400.056 5.8718985353316576e-08
30450.056 4.0113137838055706e-08
30500.056 3.444082068374957e-08
30550.056 3.642744510474639e-08
30600.056 4.491180027019904e-08
30650.056 3.301325804657285e-08
30700.056 3.160457828477028e-08
30750.056 3.508274824578317e-08
30800.056 2.7821740038165596e-08
30850.056 2.6779191054813688e-08
30900.056 2.183049026397644e-08
30950.056 2.2212307773376113e-08
31000.056 1.873644319844231e-08
31050.056 1.7869808486739594e-08
31100.056 1.482121124420782e-08
31150.056 1.9205895386018748e-08
31200.056 1.9598612705304894e-08
31250.056 1.3956039017246918e-08
31300.056 1.2954917168894708e-08
31350.056 1.3845420682520278e-08
31400.056 1.0441855790743892e-08
31450.056 1.141158223299734e-08
31500.056 8.655494244140832e-09
31550.056 1.0097376248773137e-08
31600.056 7.217198713060441e-09
31650.056 6.86042939791646e-09
31700.056 6.94561403775921e-09
31750.056 5.547656357900098e-09
31800.056 7.3643627113000536e-09
31850.056 5.226719918526596e-09
31900.056 6.331711980659369e-09
31950.056 3.902309231719745e-09
32000.056 5.288071944380001e-09
32050.056 5.916118859607183e-09
32100.056 5.680108244070099e-09
32150.056 6.060732720899383e-09
32200.056 4.943522296908664e-09
32250.056 6.95716037517096e-09
32300.056 4.837944213378807e-09
32350.056 7.134218308298591e-09
32400.056 4.65519116973818e-09
32450.056 6.45124793334791e-09
32500.056 5.571902504248234e-09
32550.056 5.466802972019687e-09
32600.056 6.88800493514665e-09
32650.056 1.0595447737427779e-08
32700.056 8.323002065492095e-09
32750.056 1.0859170615832466e-08
32800.056 9.990805919972927e-09
32850.056 1.1690035044818836e-08
32900.056 1.2957757385070854e-08
32950.056 1.398902782370985e-08
33000.056 1.1215399171569491e-08
33050.056 1.0959838684987435e-08
33100.056 4.758253655258144e-09
33150.056 1.0471588126219824e-09
33200.056 1.107553182633623e-09
33250.056 6.065203743199264e-10
33300.056 7.828354860701491e-10
33350.056 1.5962230826499632e-09
33400.056 2.5831724500586383e-09
33450.056 3.93502308043947e-09
33500.056 6.723245468364973e-09
33550.056 5.4576785016131594e-09
33600.056 9.40678520343851e-09
33650.056 9.048403500787994e-09
33700.056 7.78662998835355e-09
33750.056 1.1484238313194613e-08
33800.056 8.836176496462571e-09
33850.056 1.048048662355888e-08
33900.056 8.478772345500346e-09
33950.056 8.598720810077676e-09
34000.056 1.169166532035579e-08
34050.056 5.5258379780769566e-09
34100.056 1.1390882527031083e-08
34150.056 8.823116892280855e-09
34200.056 9.338016066865207e-09
34250.056 9.189969409873387e-09
34300.056 8.439325327806062e-09
34350.056 7.446524873319501e-09
34400.056 6.3282233966583e-09
34450.056 9.107361663355834e-09
34500.056 8.493583379121954e-09
34550.056 6.497813169640948e-09
34600.056 1.1502289650599353e-08
34650.056 7.495200363720763e-09
34700.056 9.979889484148925e-09
34750.056 9.5519513275962e-09
34800.056 8.586484606186089e-09
34850.056 1.0031396726604069e-08
34900.056 1.0578286082394376e-08
34950.056 1.174364033279667e-08
35000.056 1.778257169355555e-08
35050.056 1.0322652483519192e-08
35100.056 1.4190203939332925e-08
35150.056 1.2658385349134163e-08
35200.056 1.4354951777907405e-08
35250.056 1.8966555049172672e-08
35300.056 1.4640115170282755e-08
35350.056 1.4759837416333693e-08
35400.056 1.6930610768597335e-08
35450.056 1.1347410911006732e-08
35500.056 2.3593132169737886e-08
35550.056 2.1577030029284326e-08
35600.056 1.759042806821157e-08
35650.056 2.042793995902642e-08
35700.056 1.8798935974923075e-08
35750.056 2.4978037887096245e-08
35800.056 3.2549288035100326e-08
35850.056 1.8668436270046858e-08
35900.056 2.486558773090194e-08
35950.056 2.358954791521979e-08
36000.056 2.364140712030474e-08
36050.056 2.0997187354390766e-08
36100.056 2.2725884016245067e-08
36150.056 2.4715395143442515e-08
36200.056 2.6325281445690207e-08
36250.056 2.502044149606963e-08
36300.056 3.095730417466808e-08
36350.056 2.855135021432668e-08
36400.056 2.7997253795532908e-08
36450.056 3.5708759478835367e-08
36500.056 3.824065641124093e-08
36550.056 3.709430848261026e-08
36600.056 4.540744945699702e-08
36650.056 4.408265483984717e-08
36700.056 4.7523112387166456e-08
36750.056 5.118946551513755e-08
36800.056 5.017534144950049e-08
36850.056 4.595033581005164e-08
36900.056 5.30680156936506e-08
36950.056 5.775375173098738e-08
37000.056 5.315094167059108e-08
37050.056 5.350000003339117e-08
37100.056 6.126596088380159e-08
37150.056 5.0056942368913035e-08
37200.056 6.066959994578607e-08
37250.056 6.179582887318934e-08
37300.056 5.3720374433812286e-08
37350.056 5.7024487234115e-08
37400.056 8.553922913579679e-08
37450.056 6.322650357063416e-08
37500.056 6.358656908399358e-08
37550.056 7.566392711926304e-08
37600.056 8.413797150720863e-08
37650.056 6.101339222839812e-08
37700.056 9.290608121580883e-08
37750.056 6.780666345589682e-08
37800.056 7.21936785940472e-08
37850.056 5.231532246570581e-08
37900.056 6.088578355561825e-08
37950.056 7.635376353337866e-08
38000.056 9.149680612190461e-08
38050.056 8.917106239892156e-08
38100.056 8.641966849222431e-08
38150.056 1.0294609124199583e-07
38200.056 1.0891469812863398e-07
38250.056 1.0402209586981078e-07
38300.056 1.3356342148797982e-07
38350.056 1.3518376202102101e-07
38400.056 8.642736468906258e-08
38450.056 9.067551454157263e-08
38500.056 6.341792632819921e-08
38550.056 9.756844471403142e-08
38600.056 1.0196024012341224e-07
38650.056 9.582972183617999e-08
38700.056 1.0191113287959845e-07
38750.056 1.1489123510961019e-07
38800.056 9.81865619622098e-08
38850.056 1.017298278457157e-07
38900.056 1.3822629353401265e-07
38950.056 1.1070342833367983e-07
39000.056 1.248434871029981e-07
39050.056 1.0974449179499839e-07
39100.056 1.2558447909200928e-07
39150.056 1.245009606662064e-07
39200.056 1.306220660418918e-07
39250.056 1.4883698298406815e-07
39300.056 1.2080207655793712e-07
39350.056 1.6533932365100295e-07
39400.056 1.3811533039865904e-07
39450.056 1.4845574261029354e-07
39500.056 1.4560142500113896e-07
39550.056 1.504861669556471e-07
39600.056 1.5976464157384997e-07
39650.056 1.7176592447798571e-07
39700.056 1.662909105420275e-07
39750.056 1.3950686494265443e-07
39800.056 1.6287724893794971e-07
39850.056 1.9628351988900212e-07
39900.056 1.9437860058701784e-07
39950.056 1.7014898518294357e-07
40000.056 2.3431096414006303e-07
40050.056 1.9536285047199943e-07
40100.056 1.6351253446970097e-07
40150.056 2.0923079417396503e-07
40200.056 2.135072915579029e-07
40250.056 2.099686013439129e-07
40300.056 2.0806369419805073e-07
40350.056 2.2104972552297934e-07
40400.056 2.52840147187198e-07
40450.056 2.2303002702524886e-07
40500.056 2.5003639015198187e-07
40550.056 2.4965930886073694e-07
40600.056 2.44457010766035e-07
40650.056 2.166871953311225e-07
40700.056 2.98586057503e-07
40750.056 2.485328408129686e-07
40800.056 2.0273790204189127e-07
40850.056 3.1055724582009424e-07
40900.056 2.8657043064643943e-07
40950.056 2.6476264795282076e-07
41000.056 2.7417535453000336e-07
41050.056 3.338161743199566e-07
41100.056 2.786214561860193e-07
41150.056 2.1777504329686668e-07
41200.056 3.2561071012696214e-07
41250.056 2.735302482721635e-07
41300.056 2.522229583319275e-07
41350.056 3.537658492500609e-07
41400.056 3.1577042733606386e-07
41450.056 3.3668833089005037e-07
41500.056 2.779238891767252e-07
41550.056 2.7718058603726654e-07
41600.056 3.412661538025636e-07
41650.056 3.405666273960081e-07
41700.056 3.0404067318386255e-07
41750.056 3.1405955525398814e-07
41800.056 3.3884160268199146e-07
41850.056 2.585524875695083e-07
41900.056 2.83883331158154e-07
41950.056 2.596629874910547e-07
42000.056 2.5374565454293697e-07
42050.056 2.38583963578018e-07
42100.056 3.133737002399967e-07
42150.056 2.48533144560981e-07
42200.056 2.3136431796300925e-07
42250.056 2.3395142940043742e-07
42300.056 2.2891052671200584e-07
42350.056 2.78416593433048e-07
42400.056 2.576690905820772e-07
42450.056 2.410546180040228e-07
42500.056 2.3657690727498456e-07
42550.056 2.3327214249996094e-07
42600.056 2.3380878549934102e-07
42650.056 2.652372443019209e-07
42700.056 2.467099263130065e-07
42750.056 2.3234082254298414e-07
42800.056 2.4720087237805307e-07
42850.056 2.8022399236990223e-07
42900.056 2.8609337965907747e-07
42950.056 2.5111925767091155e-07
43000.056 2.7406143324400697e-07
43050.056 2.0490269027409452e-07
43100.056 2.5243979619596404e-07
43150.056 2.42079722079042e-07
43200.056 2.844561901440121e-07
43250.056 3.084325396999985e-07
43300.056 3.096395912979985e-07
43350.056 2.3802868537295394e-07
43400.056 2.6833181235197303e-07
43450.056 2.4819798559504383e-07
43500.056 2.3313506137599235e-07
43550.056 2.4313373277805907e-07
43600.056 3.122999842400264e-07
43650.056 2.563297936690021e-07
43700.056 2.937302428300255e-07
43750.056 2.897872972590669e-07
43800.056 2.708075527659619e-07
43850.056 2.5602720615503845e-07
43900.056 2.717396622029679e-07
43950.056 2.13493564362006e-07
44000.056 2.091304341495038e-07
44050.056 3.031016537660247e-07
44100.056 3.390995849100191e-07
44150.056 3.147753243199299e-07
44200.056 3.019943686539911e-07
44250.056 2.516287466330148e-07
44300.056 2.2722771717104862e-07
44350.056 2.43482167700264e-07
44400.056 2.552598135320018e-07
44450.056 2.902897042679621e-07
44500.056 3.0154922858607835e-07
44550.056 3.4156381124995064e-07
44600.056 2.875804838618384e-07
44650.056 3.122701372680694e-07
44700.056 2.399336267170058e-07
44750.056 3.053129397980283e-07
44800.056 2.7479477436702535e-07
44850.056 3.027869888690618e-07
44900.056 2.6671346928002435e-07
44950.056 2.927334163300141e-07
45000.056 3.083312838699745e-07
45050.056 3.0268627285300357e-07
45100.056 2.980876290629949e-07
45150.056 3.0059636077956286e-07
45200.056 2.5872387099602746e-07
45250.056 2.786175600389095e-07
45300.056 2.520914626620475e-07
45350.056 2.6090344001398705e-07
45400.056 3.421096009570273e-07
45450.056 3.039928657099759e-07
45500.056 3.12610942974005e-07
45550.056 3.459071375139118e-07
45600.056 3.4029010211003057e-07
45650.056 2.7592779567696134e-07
45700.056 2.7160853559502764e-07
45750.056 2.549828340149894e-07
45800.056 3.389190587579989e-07
45850.056 3.5260017573299465e-07
45900.056 3.651198974500082e-07
45950.056 3.091676669339909e-07
46000.056 3.4823114316751067e-07
46050.056 3.1049535650502394e-07
46100.056 3.449141494099868e-07
46150.056 2.977797767769859e-07
46200.056 2.885684599760238e-07
46250.056 2.1794746009126027e-07
46300.056 3.2188977300600065e-07
46350.056 3.011273745690231e-07
46400.056 2.926686908200103e-07
46450.056 2.8359187541004535e-07
46500.056 2.922178664490577e-07
46550.056 2.6025576390698304e-07
46600.056 2.9752087637799325e-07
46650.056 3.921573476039629e-07
46700.056 3.141538761450169e-07
46750.056 2.3422316284779562e-07
46800.056 2.0028528478502166e-07
46850.056 3.853684517790784e-07
46900.056 3.4498652986996057e-07
46950.056 3.498676431780054e-07
47000.056 3.152441355800272e-07
47050.056 3.1495941017308333e-07
47100.056 2.322072415342414e-07
47150.056 2.748750874040285e-07
47200.056 3.248438249460208e-07
47250.056 2.604850526509885e-07
47300.056 2.0809474361129813e-07
47350.056 3.3650432070396387e-07
47400.056 3.3036302975196004e-07
47450.056 3.177255464666253e-07
47500.056 3.58389621302946e-07
47550.056 3.180081465099995e-07
47600.056 3.157533353699821e-07
47650.056 2.757328688475467e-07
47700.056 3.077156811312796e-07
47750.056 2.2146446999501115e-07
47800.056 2.565424023660096e-07
47850.056 1.931563896990045e-07
47900.056 2.4457307607696164e-07
47950.056 2.686697800720351e-07
48000.056 3.733867208100621e-07
48050.056 3.3745397767601024e-07
48100.056 2.3387745935701742e-07
48150.056 2.8951272630002414e-07
48200.056 2.719297674030072e-07
48250.056 2.6691367115401396e-07
48300.056 3.405070651998842e-07
48350.056 2.336221421720236e-07
48400.056 1.6935382785507108e-07
48450.056 2.582060144100813e-07
48500.056 3.2833191723395394e-07
48550.056 2.623387352919956e-07
48600.056 2.956880983430047e-07
48650.056 2.976302254099725e-07
48700.056 2.7840487920098733e-07
48750.056 1.9835142322710436e-07
48800.056 3.641726479169908e-07
48850.056 2.3076120360545775e-07
48900.056 3.3153642142199844e-07
48950.056 2.5726208110203745e-07
49000.056 1.590043806329633e-07
49050.056 2.862127985829841e-07
49100.056 3.0723158448106194e-07
49150.056 2.6950308052103456e-07
49200.056 3.316641899610421e-07
49250.056 3.220686258820469e-07
49300.056 2.8150363305100316e-07
49350.056 1.8920146805403552e-07
49400.056 2.4847874244697505e-07
49450.056 2.556483409780843e-07
49500.056 2.1384683065297345e-07
49550.056 1.2475699268301754e-07
49600.056 2.0362614557305265e-07
49650.056 2.472331865249904e-07
49700.056 2.3079547437492851e-07
49750.056 2.775221901209355e-07
49800.056 2.3086961627862112e-07
49850.056 3.3295617633508823e-07
49900.056 2.645011560939768e-07
49950.056 2.6346920774299586e-07
50000.056 2.425845205489741e-07
50050.056 2.8720613320500494e-07
50100.056 2.406387193640188e-07
50150.056 1.670002945109766e-07
50200.056 8.426739012721434e-08
50250.056 2.2902974568796694e-07
50300.056 1.8030437247002186e-07
50350.056 2.961698426210305e-07
50400.056 2.557716218509818e-07
50450.056 2.0818302771263079e-07
50500.056 2.6044944253003915e-07
50550.056 2.4026112689201825e-07
50600.056 2.171418476549427e-07
50650.056 2.7801663527006816e-07
50700.056 2.9514465217988213e-07
50750.056 2.414237323980417e-07
50800.056 1.4551442897459093e-07
50850.056 1.3629436135005074e-07
50900.056 2.89494707376004e-07
50950.056 2.2229460584503794e-07
51000.056 2.4445082241601733e-07
51050.056 2.29658967120999e-07
51100.056 1.3469479101278502e-07
51150.056 1.891076749531746e-07
51200.056 3.117457308349814e-07
51250.056 2.1492115091594078e-07
51300.056 1.7785180394409456e-07
51350.056 1.875011795519915e-07
51400.056 1.1086879737999783e-07
51450.056 9.576305981757207e-08
51500.056 1.0677989774884232e-07
51550.056 2.4002742420061487e-07
51600.056 1.7177275706443642e-07
51650.056 1.759817064539592e-07
51700.056 1.9281036505637075e-07
51750.056 1.3853325610602297e-07
51800.056 2.0833716881795208e-07
51850.056 1.9495129555299702e-07
51900.056 2.729861822340601e-07
51950.056 2.0967019717598255e-07
52000.056 7.667231339798444e-08
52050.056 1.5566851065012639e-07
52100.056 1.1481044501498566e-07
52150.056 1.0157569139260877e-07
52200.056 1.1574854906580025e-07
52250.056 1.5214679589703006e-07
52300.056 2.2354027101598076e-07
52350.056 1.530711779160079e-07
52400.056 1.1052668573340658e-07
52450.056 2.0350568094801018e-07
52500.056 1.932898336119413e-07
52550.056 2.0202568757894807e-07
52600.056 1.6781204696603192e-07
52650.056 1.7535766612902907e-07
52700.056 1.5648170383299639e-07
52750.056 1.029456826755962e-07
52800.056 1.3273791026102297e-07
52850.056 1.4217852872695057e-07
52900.056 1.2308915094779706e-07
52950.056 1.365304982442001e-07
53000.056 1.903820248210073e-07
53050.056 9.827625766416635e-08
53100.056 1.4360173577995118e-07
53150.056 2.1134644648202466e-07
53200.056 1.027066822496965e-07
53250.056 1.921024935880138e-07
53300.056 2.010277077227131e-07
53350.056 1.9374235175599267e-07
53400.056 1.786141828820096e-07
53450.056 9.33345203189874e-08
53500.056 5.37980232377832e-08
53550.056 9.118213041098834e-08
