galfind/configs/Brown_Dwarf_templates/sonora_bobcat/m+0.5/100g/sp_t575g100nc_m+0.5_resample.dat
# %ECSV 1.0
# ---
# datatype:
# - {name: wav, unit: Angstrom, datatype: float64}
# - {name: flux_nu, unit: erg / (cm2 Hz s), datatype: float64}
# meta: {C/O: '1.00', Kzz: '1.0000E+05', Teff: '575.', Y: '0.28', '[Fe/H]': '0.50', f_hole: '1.00', f_rain: '0.00', grav: '100.'}
# schema: astropy-2.0
wav flux_nu
4000.0559999999996 nan
4050.0559999999996 7.8608803152348425e-16
4100.056 9.631748472320228e-14
4150.056 8.532566284000062e-13
4200.056 8.055543000482658e-13
4250.056 5.902708834500046e-12
4300.056 1.1467774256800161e-11
4350.056 1.7152223051000225e-11
4400.056 2.355438770800013e-11
4450.056 3.3404236304e-11
4500.056 3.8364740009000436e-11
4550.056 3.6894839101675706e-11
4600.056 1.1148923344619942e-11
4650.056 6.545363097199995e-12
4700.056 3.1215504868999706e-12
4750.056 7.771064044799878e-13
4800.056 2.1471054678999787e-13
4850.056 7.66025028499993e-14
4900.056 3.846169705099978e-14
4950.056 2.192130476699987e-14
5000.056 1.12506224915999e-14
5050.056 6.6256744580000075e-15
5100.056 6.440678156500049e-15
5150.056 6.690591005500075e-15
5200.056 6.99642471310002e-15
5250.056 7.285860040600002e-15
5300.056 7.641758868199998e-15
5350.056 8.119222152200009e-15
5400.056 8.650560598199997e-15
5450.056 9.297681557700049e-15
5500.056 1.0020854888300115e-14
5550.056 1.0756833654400039e-14
5600.056 1.1425837035999983e-14
5650.056 1.1926625879999973e-14
5700.056 1.2030817731200013e-14
5750.056 1.1792352096799999e-14
5800.056 1.0642274666699983e-14
5850.056 7.690162369499888e-15
5900.056 2.6169716783495382e-15
5950.056 1.4572710245200577e-14
6000.056 2.939177971729942e-14
6050.056 5.136655763400128e-14
6100.056 8.307551949200098e-14
6150.056 1.2663249737000104e-13
6200.056 1.8684139388000118e-13
6250.056 2.6587775703000076e-13
6300.056 3.8145603325000105e-13
6350.056 5.388495180700038e-13
6400.056 7.507704379200069e-13
6450.056 9.912062611699702e-13
6500.056 1.3840604320699857e-12
6550.056 1.9453558107399924e-12
6600.056 2.727340087200094e-12
6650.056 3.796515298600032e-12
6700.056 4.896866248700049e-12
6750.056 6.867200573900036e-12
6800.056 8.390326789300069e-12
6850.056 8.870680095900004e-12
6900.056 7.599614951600185e-12
6950.056 6.205684606369867e-12
7000.056 6.272961370250088e-12
7050.056 6.560352448719847e-12
7100.056 7.077012903899853e-12
7150.056 6.451582262057217e-12
7200.056 5.977551218687476e-12
7250.056 6.125068362009411e-12
7300.056 5.967668330776349e-12
7350.056 6.09057752539733e-12
7400.056 6.2715152595503475e-12
7450.056 6.55852523210038e-12
7500.056 6.69840532309988e-12
7550.056 6.664539044699939e-12
7600.056 6.372561627699982e-12
7650.056 2.621409684415919e-12
7700.056 2.157515616322071e-12
7750.056 7.367907126400078e-12
7800.056 1.018065928241986e-11
7850.056 1.4717971569899984e-11
7900.056 1.949065628889944e-11
7950.056 2.2367724959959988e-11
8000.056 3.2175010839200284e-11
8050.056 4.0704582346001095e-11
8100.056 4.38200882092112e-11
8150.056 5.1675981735241254e-11
8200.056 7.43402803113095e-11
8250.056 8.98330966199868e-11
8300.056 1.1428431520596422e-10
8350.056 1.3202328609431573e-10
8400.056 1.6171742951709495e-10
8450.056 2.1074586553639236e-10
8500.056 2.4327533531498124e-10
8550.056 3.233956233650039e-10
8600.056 4.1033763458000604e-10
8650.056 4.924346912900112e-10
8700.056 5.59420005810007e-10
8750.056 6.554211290100038e-10
8800.056 7.223973594000229e-10
8850.056 6.609883892899717e-10
8900.056 2.542601412960938e-10
8950.056 3.1445134394219955e-10
9000.056 2.6122910714135097e-10
9050.056 6.760595307714849e-10
9100.056 8.541413849167005e-10
9150.056 9.656781257439955e-10
9200.056 1.4058331967788457e-09
9250.056 1.3980987800692711e-09
9300.056 3.789002639236206e-10
9350.056 4.509284166581721e-10
9400.056 7.602188193798234e-10
9450.056 9.602359295654111e-10
9500.056 8.406414672987042e-10
9550.056 9.938853178080464e-10
9600.056 9.310089905718276e-10
9650.056 1.2058280535549141e-09
9700.056 1.7306183477681082e-09
9750.056 1.7387236231838496e-09
9800.056 1.9420270739825307e-09
9850.056 2.1793621933726352e-09
9900.056 2.805579532267195e-09
9950.056 2.674041910273118e-09
10000.056 3.21753940450327e-09
10050.056 3.786448948130269e-09
10100.056 5.015278574299411e-09
10150.056 5.8345647632997036e-09
10200.056 6.7742284233906e-09
10250.056 7.96647666336636e-09
10300.056 9.924777276094994e-09
10350.056 1.1441216117939856e-08
10400.056 1.544474740970047e-08
10450.056 1.8460352452095872e-08
10500.056 2.1467660523199845e-08
10550.056 2.49648450023007e-08
10600.056 2.6691856467598572e-08
10650.056 2.856089064021113e-08
10700.056 2.8267730396180916e-08
10750.056 2.949258865263262e-08
10800.056 2.874232906193337e-08
10850.056 2.547695043381887e-08
10900.056 1.7234794852067608e-08
10950.056 7.980388850589925e-09
11000.056 5.5803933817410185e-09
11050.056 3.4347473664104737e-09
11100.056 1.9591619268710746e-09
11150.056 7.875076945371974e-10
11200.056 5.004088520818907e-10
11250.056 6.033315123510787e-10
11300.056 9.030578599798511e-10
11350.056 2.939013521117865e-10
11400.056 7.175463607908773e-10
11450.056 5.575737604857836e-10
11500.056 3.276972455357623e-10
11550.056 6.906919913230892e-11
11600.056 7.330459951707544e-11
11650.056 2.4729319201986563e-10
11700.056 2.7161796985158606e-10
11750.056 3.961399096342082e-11
11800.056 2.9932316769336603e-10
11850.056 6.099950738499539e-10
11900.056 7.326617830662971e-10
11950.056 1.2752027285111866e-09
12000.056 2.3238294620771662e-09
12050.056 4.076123641170202e-09
12100.056 7.0109206348597015e-09
12150.056 1.1209654996056754e-08
12200.056 1.484706593790798e-08
12250.056 2.198003866883182e-08
12300.056 3.125109863684955e-08
12350.056 3.327521323838002e-08
12400.056 4.6515464659116596e-08
12450.056 5.834199339910689e-08
12500.056 6.431939648190542e-08
12550.056 7.366624270650248e-08
12600.056 8.215470288860638e-08
12650.056 7.878766511705611e-08
12700.056 7.728408933534973e-08
12750.056 6.627855627950217e-08
12800.056 5.82947610406943e-08
12850.056 4.063888178162989e-08
12900.056 3.0153682639990227e-08
12950.056 2.5768105332255602e-08
13000.056 2.2447751756010764e-08
13050.056 1.5099631719678448e-08
13100.056 1.2807767382998452e-08
13150.056 8.543372735908025e-09
13200.056 6.876535179386514e-09
13250.056 4.679034359368562e-09
13300.056 1.6987273884108983e-09
13350.056 4.66975606713954e-10
13400.056 3.2848181902376e-10
13450.056 1.2663486176414688e-10
13500.056 6.269747704755112e-11
13550.056 3.293418757582624e-11
13600.056 8.107294878926321e-12
13650.056 4.4591288503188376e-11
13700.056 2.931291223594409e-11
13750.056 3.41234686121077e-11
13800.056 3.077194544045498e-11
13850.056 2.134018333178566e-11
13900.056 2.828447110028098e-11
13950.056 2.0906552371845705e-11
14000.056 2.3668342066026103e-11
14050.056 3.7359503591580567e-11
14100.056 4.424914668463835e-11
14150.056 7.680509004646257e-11
14200.056 5.3542549259046054e-11
14250.056 7.56194587676101e-11
14300.056 1.502266569217741e-10
14350.056 1.718274463510001e-10
14400.056 2.0074022256201299e-10
14450.056 2.71433201407922e-10
14500.056 5.682906060067806e-10
14550.056 6.777293816981417e-10
14600.056 8.997223207666683e-10
14650.056 7.77482280102725e-10
14700.056 4.919869922748836e-10
14750.056 4.429392408711178e-10
14800.056 8.005182087806412e-10
14850.056 9.82308097575817e-10
14900.056 1.0995086380711976e-09
14950.056 1.1157381269225718e-09
15000.056 1.8471855710219444e-09
15050.056 1.7314927308876657e-09
15100.056 1.6918017510607944e-09
15150.056 1.7676672244190358e-09
15200.056 2.404794224957444e-09
15250.056 4.416364221878696e-09
15300.056 5.538151469494515e-09
15350.056 6.89933886691739e-09
15400.056 8.754348978454111e-09
15450.056 1.0835028189198584e-08
15500.056 1.2090978021097707e-08
15550.056 1.613915101146103e-08
15600.056 1.8866199238318522e-08
15650.056 2.281868281172244e-08
15700.056 2.9118450037276055e-08
15750.056 3.294428435063545e-08
15800.056 3.358916213258289e-08
15850.056 3.620990084130692e-08
15900.056 2.9673190210601228e-08
15950.056 2.4860939946195138e-08
16000.056 1.6078476165103e-08
16050.056 7.858734514269235e-09
16100.056 4.736790310805338e-09
16150.056 2.5346094435323993e-09
16200.056 1.3989227310964969e-09
16250.056 9.833418162339272e-10
16300.056 6.411003088219141e-10
16350.056 7.341782722230476e-10
16400.056 9.435176669591786e-10
16450.056 8.604294471816112e-10
16500.056 7.999114666403824e-10
16550.056 8.518185659503442e-10
16600.056 9.92425655555759e-10
16650.056 7.810972745768002e-10
16700.056 1.3317194323430926e-10
16750.056 3.5038826452341854e-10
16800.056 6.479253579132873e-10
16850.056 7.790316064370769e-10
16900.056 4.350931568664145e-10
16950.056 2.6456627397674103e-10
17000.056 1.5971844153956634e-10
17050.056 3.1719869558901725e-10
17100.056 5.169551945447124e-10
17150.056 2.840560911614007e-10
17200.056 8.465564756444615e-10
17250.056 6.082207042384192e-10
17300.056 3.5811928420049594e-10
17350.056 3.592516304767918e-10
17400.056 5.642712947949222e-10
17450.056 7.975559634660188e-10
17500.056 1.0583492339421385e-09
17550.056 9.966696832361753e-10
17600.056 7.603032610591651e-10
17650.056 7.537530121112153e-10
17700.056 5.322237050365857e-10
17750.056 5.746936877593843e-10
17800.056 1.2710251630609461e-09
17850.056 6.716550675363313e-10
17900.056 5.024553520140718e-10
17950.056 4.237666622309079e-10
18000.056 6.101740055500642e-10
18050.056 6.20780157362615e-10
18100.056 7.790402403470326e-10
18150.056 8.132539881653755e-10
18200.056 5.49235643408849e-10
18250.056 1.516226601603805e-09
18300.056 5.889941576067147e-10
18350.056 4.4060838901106e-10
18400.056 3.941567528768285e-10
18450.056 9.639036670461791e-10
18500.056 9.94051359608939e-10
18550.056 6.793707555005908e-10
18600.056 7.72620677241438e-10
18650.056 6.345769676171478e-10
18700.056 3.146233577477437e-10
18750.056 6.644196109689906e-10
18800.056 1.8063649161726018e-09
18850.056 1.9630820951742325e-09
18900.056 1.7117262865543513e-09
18950.056 2.9025695615975847e-09
19000.056 1.2106970885669363e-09
19050.056 7.358479247892948e-10
19100.056 1.585336199656431e-09
19150.056 8.234938253556075e-10
19200.056 1.240356599130677e-09
19250.056 8.507573561874807e-10
19300.056 6.196600642808443e-10
19350.056 5.314045547835041e-10
19400.056 4.6227268848646466e-10
19450.056 9.192010821674653e-10
19500.056 7.198763174458821e-10
19550.056 6.096954630058548e-10
19600.056 1.3109859731329903e-09
19650.056 1.1824960571281206e-09
19700.056 1.2419024126591193e-09
19750.056 2.197521057465673e-09
19800.056 1.740518934361602e-09
19850.056 2.6017924196510526e-09
19900.056 2.472596291902215e-09
19950.056 3.930529030669403e-09
20000.056 4.747400701748893e-09
20050.056 4.295026325630021e-09
20100.056 6.853290478059593e-09
20150.056 4.32153503546644e-09
20200.056 4.2889993054534365e-09
20250.056 7.384105351129968e-09
20300.056 8.207582037674444e-09
20350.056 9.53522371255153e-09
20400.056 8.392830072917693e-09
20450.056 1.3031967052708544e-08
20500.056 1.5708305234150243e-08
20550.056 1.64112602642656e-08
20600.056 1.8158091555323557e-08
20650.056 2.108981713881783e-08
20700.056 2.268734770591272e-08
20750.056 2.54153073762392e-08
20800.056 2.5019029549154088e-08
20850.056 2.556299782516434e-08
20900.056 2.7362167401160423e-08
20950.056 2.505073042559945e-08
21000.056 2.3282590177969946e-08
21050.056 2.3547084347994235e-08
21100.056 2.0711439670893435e-08
21150.056 2.0723445102423326e-08
21200.056 1.809662171789944e-08
21250.056 1.5896005124103648e-08
21300.056 1.1778718090726755e-08
21350.056 1.1973311668089634e-08
21400.056 1.066230518264545e-08
21450.056 8.485234354442612e-09
21500.056 7.320234899445042e-09
21550.056 6.358346518350375e-09
21600.056 5.001333083454158e-09
21650.056 3.759667940722693e-09
21700.056 3.481250563734146e-09
21750.056 3.2376457475423974e-09
21800.056 2.402503882875904e-09
21850.056 2.2101402733670785e-09
21900.056 1.3832507916243238e-09
21950.056 5.405888561250415e-10
22000.056 1.3311771691489322e-10
22050.056 1.0758134610465466e-10
22100.056 3.425589421526362e-10
22150.056 4.459981971212288e-10
22200.056 5.077129872395016e-10
22250.056 3.7349243059413136e-10
22300.056 2.3225116959116507e-10
22350.056 2.7033957133067787e-10
22400.056 1.2759335743564619e-10
22450.056 1.4691812200518891e-10
22500.056 1.1597894252217231e-10
22550.056 8.235164847331701e-11
22600.056 7.055691186672982e-11
22650.056 1.1576869656425583e-10
22700.056 8.959675961850392e-11
22750.056 9.125466928339316e-11
22800.056 8.898339602387456e-11
22850.056 7.106524213525654e-11
22900.056 5.219311604920121e-11
22950.056 4.996817783702763e-11
23000.056 7.25807112644375e-11
23050.056 9.579375736243486e-11
23100.056 3.2733864661834133e-10
23150.056 3.652657575915038e-10
23200.056 2.7875435918676336e-11
23250.056 5.908809610660883e-11
23300.056 6.206016430206898e-11
23350.056 8.268415387957364e-11
23400.056 8.411534421799046e-11
23450.056 6.136678942025943e-11
23500.056 6.602817089709732e-11
23550.056 1.0868906133169034e-10
23600.056 1.5276926732653296e-10
23650.056 2.5452498170555566e-10
23700.056 8.013723265159034e-11
23750.056 5.7885670942788384e-11
23800.056 1.5709467764460872e-10
23850.056 1.3810608099296753e-10
23900.056 2.7317817045485255e-10
23950.056 2.2536485987281966e-10
24000.056 3.4241285643012524e-10
24050.056 4.674998581130944e-10
24100.056 4.590566915600981e-10
24150.056 6.24445981785862e-10
24200.056 4.827286726588697e-10
24250.056 3.86934757363412e-10
24300.056 5.892903967373246e-10
24350.056 5.031589027615748e-10
24400.056 9.23561987913438e-10
24450.056 1.0150855943721107e-09
24500.056 9.731628700108412e-10
24550.056 1.3834860057818185e-09
24600.056 1.3975136960916978e-09
24650.056 2.0892861853829327e-09
24700.056 1.247554799706619e-09
24750.056 1.647084537544405e-09
24800.056 1.5921897228129408e-09
24850.056 2.4371610199512e-09
24900.056 1.2731657876119469e-09
24950.056 2.5608486404346847e-09
25000.056 2.408834269632149e-09
25050.056 1.6382629065105781e-09
25100.056 2.4636594423940887e-09
25150.056 1.2974913987629535e-09
25200.056 1.924946435900556e-09
25250.056 9.567561472604203e-10
25300.056 1.5439818277558176e-09
25350.056 7.289627128338764e-10
25400.056 1.7298715827053446e-09
25450.056 6.38479224998407e-10
25500.056 5.974832992540276e-10
25550.056 9.442150271981164e-10
25600.056 5.563251496195623e-10
25650.056 3.5083287680972017e-10
25700.056 6.000230164446108e-10
25750.056 1.8247692503739467e-10
25800.056 7.403412924332576e-10
25850.056 1.9461680134988262e-10
25900.056 2.7726951498355774e-10
25950.056 9.870212454570129e-11
26000.056 7.369840516241426e-10
26050.056 1.620588086262878e-10
26100.056 5.47712832728322e-10
26150.056 3.1009962422192515e-10
26200.056 4.013457165185988e-10
26250.056 1.4520926486952582e-09
26300.056 5.122251205190785e-10
26350.056 1.9265269366473844e-09
26400.056 2.246130459967474e-09
26450.056 2.1488479197385562e-09
26500.056 3.154678555819821e-09
26550.056 7.443901846054208e-10
26600.056 1.0460101565689939e-09
26650.056 2.332704649942721e-10
26700.056 1.6570699587335468e-10
26750.056 1.5679956919868679e-10
26800.056 4.0007754192863475e-10
26850.056 2.1567120240978116e-10
26900.056 8.57763475136533e-10
26950.056 3.3386470344554585e-10
27000.056 1.505345393812749e-09
27050.056 1.3510235376666716e-09
27100.056 3.784744032231245e-10
27150.056 1.9527793180970013e-09
27200.056 3.807007056771671e-10
27250.056 8.772389412081431e-10
27300.056 3.848463780745065e-09
27350.056 1.8171461034307923e-09
27400.056 1.5716968591979946e-10
27450.056 2.266337619287007e-09
27500.056 2.4003317130578267e-09
27550.056 5.358679580525786e-10
27600.056 1.3302892124907806e-09
27650.056 4.234219462959411e-10
27700.056 3.3141557009414747e-10
27750.056 1.6840633297704034e-09
27800.056 4.943106046856258e-10
27850.056 7.842062362426818e-10
27900.056 7.807870095911888e-10
27950.056 1.9721062969474978e-09
28000.056 1.6125918574404661e-09
28050.056 2.651878348982398e-10
28100.056 1.6419584664724275e-09
28150.056 1.1643574610777197e-09
28200.056 3.95982790384286e-10
28250.056 2.0985980456920247e-09
28300.056 2.2598350773738165e-09
28350.056 5.46604172580194e-10
28400.056 1.4967318568996006e-09
28450.056 2.387211882223465e-09
28500.056 1.5955314180925516e-09
28550.056 4.204142765969327e-10
28600.056 2.6599575536006585e-09
28650.056 2.0121517959120433e-09
28700.056 2.2197655661212074e-09
28750.056 3.5106359853627605e-09
28800.056 1.923722883020637e-09
28850.056 3.0746103711361985e-09
28900.056 1.5638837104471562e-09
