galfind/configs/Brown_Dwarf_templates/sonora_bobcat/m+0.5/100g/sp_t325g100nc_m+0.5_resample.dat
# %ECSV 1.0
# ---
# datatype:
# - {name: wav, unit: Angstrom, datatype: float64}
# - {name: flux_nu, unit: erg / (cm2 Hz s), datatype: float64}
# meta: {C/O: '1.00', Kzz: '1.0000E+05', Teff: '325.', Y: '0.28', '[Fe/H]': '0.50', f_hole: '1.00', f_rain: '0.00', grav: '100.'}
# schema: astropy-2.0
wav flux_nu
[from data line 499]
28950.056 7.585477336211031e-12
29000.056 3.841817999553496e-12
29050.056 6.8902504653963934e-12
29100.056 2.934501767506398e-12
29150.056 2.8857066252285e-12
29200.056 1.6131169728222117e-11
29250.056 1.1191220262622076e-11
29300.056 5.982826448215985e-12
29350.056 1.6341199687464772e-11
29400.056 9.057123734208915e-12
29450.056 2.900452074763889e-12
29500.056 1.9977027075595543e-11
29550.056 5.082456690899015e-12
29600.056 5.52671932834291e-12
29650.056 2.6738907298368692e-11
29700.056 4.0153651457414974e-12
29750.056 2.0927664295054143e-11
29800.056 1.0324161643835278e-11
29850.056 2.1926867285399015e-11
29900.056 8.124830412552532e-12
29950.056 1.247605419187704e-11
30000.056 1.1065523173293859e-13
30050.056 1.202412485114985e-12
30100.056 7.276968663327256e-12
30150.056 2.9191628881529546e-11
30200.056 1.5392496341835604e-11
30250.056 2.640012789486192e-11
30300.056 4.5199647913925524e-11
30350.056 6.6164391626260816e-12
30400.056 3.87047049540222e-11
30450.056 3.644786034627145e-11
30500.056 1.1946289953691791e-11
30550.056 1.0997857305930449e-11
30600.056 1.4616223488189833e-10
30650.056 5.384819453788953e-11
30700.056 1.922605167702822e-11
30750.056 5.4408910215888305e-11
30800.056 5.587152893455456e-11
30850.056 6.255271011254415e-11
30900.056 2.5421710501388788e-11
30950.056 2.0873380960698473e-11
31000.056 3.102256319670108e-11
31050.056 1.213324926710285e-11
31100.056 1.0140932100024725e-11
31150.056 1.858283540221256e-11
31200.056 8.524997247266589e-11
31250.056 4.589771851875747e-11
31300.056 2.06681268777807e-11
31350.056 7.548761120423341e-11
31400.056 5.331874190751444e-11
31450.056 4.822153644522989e-11
31500.056 1.4278440894006957e-11
31550.056 2.783768923771004e-11
31600.056 2.1254497250334023e-11
31650.056 1.764662034347878e-11
31700.056 1.287138901596602e-11
31750.056 7.382679944219635e-12
31800.056 1.2424738132037412e-11
31850.056 1.7700079142603454e-12
31900.056 4.300856410781335e-12
31950.056 3.055498745910566e-12
32000.056 1.4639979229371233e-12
32050.056 2.788205720580424e-12
32100.056 2.5263235120793303e-12
32150.056 1.9057914003595595e-12
32200.056 7.970870825244237e-13
32250.056 2.073802772523212e-12
32300.056 4.728009087305643e-13
32350.056 1.8630349671939495e-12
32400.056 1.3923106836229432e-13
32450.056 1.1048210251968315e-12
32500.056 1.3128584283105647e-13
32550.056 7.687009749675071e-13
32600.056 9.568939337118697e-14
32650.056 2.58993132400314e-12
32700.056 1.7988287506265846e-13
32750.056 6.742965764724279e-12
32800.056 2.3689798004292285e-12
32850.056 1.876901458620909e-11
32900.056 1.3927535074906201e-11
32950.056 1.4710333570428996e-11
33000.056 3.214232133221136e-12
33050.056 3.210505052445703e-12
33100.056 4.846264594355798e-13
33150.056 1.252338956421912e-16
33200.056 1.944952103305831e-14
33250.056 3.6812056661764816e-14
33300.056 6.463017779524569e-13
33350.056 1.4868178539916116e-12
33400.056 8.222603120392563e-12
33450.056 2.18387863255429e-12
33500.056 1.1175292743763585e-11
33550.056 1.4968873750773971e-12
33600.056 5.074302356743957e-12
33650.056 4.6692375823793835e-12
33700.056 8.870532893798827e-13
33750.056 7.017805856736058e-12
33800.056 3.0396076892431583e-13
33850.056 3.1969269450748467e-12
33900.056 3.792310259973535e-12
33950.056 3.2075980152388623e-12
34000.056 8.570866513987859e-12
34050.056 1.1592313562641346e-12
34100.056 9.13275542396287e-12
34150.056 3.2843506207875583e-12
34200.056 1.2665036464160095e-11
34250.056 4.9715274122766815e-12
34300.056 6.977010742724623e-12
34350.056 2.2983685343258214e-11
34400.056 4.2605135990983255e-12
34450.056 1.8146724049691802e-11
34500.056 6.361464106070328e-12
34550.056 8.099064033965727e-12
34600.056 4.1728835608424687e-11
34650.056 3.160092851277867e-12
34700.056 2.3302904813348556e-11
34750.056 1.3955555212476977e-11
34800.056 1.3231887211503521e-11
34850.056 4.927859331690967e-11
34900.056 5.511008479877521e-12
34950.056 4.744495767828197e-11
35000.056 7.163240920867853e-11
35050.056 4.6427933155060845e-11
35100.056 9.246102031909934e-11
35150.056 7.087752238509133e-11
35200.056 5.883085662106033e-11
35250.056 1.1550184995295985e-10
35300.056 3.979495136507754e-11
35350.056 3.8283604363498764e-11
35400.056 2.426648084063067e-11
35450.056 2.8061945921436748e-11
35500.056 1.0933110449214062e-10
35550.056 5.2317101295101556e-11
35600.056 9.019548856343158e-11
35650.056 1.3346620398877367e-10
35700.056 1.3964850164328855e-10
35750.056 1.306544738758829e-10
35800.056 9.099099299100247e-11
35850.056 3.323972422298317e-11
35900.056 4.0099774431846746e-11
35950.056 6.172016743783605e-11
36000.056 9.436583128590219e-11
36050.056 5.837530442099295e-11
36100.056 5.4549308704365517e-11
36150.056 1.9771125273800455e-10
36200.056 1.8043117548339686e-10
36250.056 1.0891061842156852e-10
36300.056 3.492332221318794e-10
36350.056 1.56921708434179e-10
36400.056 3.001023002379266e-10
36450.056 2.749457513040638e-10
36500.056 2.748022341298953e-10
36550.056 5.227264865723052e-10
36600.056 4.6060303864686615e-10
36650.056 2.960383143896454e-10
36700.056 4.0844391925743043e-10
36750.056 5.085689157503331e-10
36800.056 6.412205187044145e-10
36850.056 2.1857861220318452e-10
36900.056 4.656405282627554e-10
36950.056 6.352811789742746e-10
37000.056 3.7740197338746487e-10
37050.056 6.987244477457178e-10
37100.056 3.383957921865887e-10
37150.056 3.80463019948401e-10
37200.056 9.022899377744425e-10
37250.056 4.843927236097678e-10
37300.056 2.530493552156385e-10
37350.056 5.422713913008098e-10
37400.056 8.862645946452605e-10
37450.056 2.790977496959327e-10
37500.056 5.361554022219889e-10
37550.056 1.0500623951635055e-09
37600.056 1.9299887272065335e-09
37650.056 4.1603513379809476e-10
37700.056 8.933041172254901e-10
37750.056 6.485486392996797e-10
37800.056 5.487470210869202e-10
37850.056 2.443208473217075e-10
37900.056 3.4176132735638194e-10
37950.056 8.444192485930424e-10
38000.056 8.102733067197181e-10
38050.056 1.4903734186862085e-09
38100.056 1.6536155743551533e-09
38150.056 2.1213866631328922e-09
38200.056 1.4989485641979568e-09
38250.056 2.041170806234784e-09
38300.056 3.0490979166615127e-09
38350.056 2.465507631919583e-09
38400.056 7.250775479553191e-10
38450.056 2.111327361357181e-10
38500.056 1.5582851102524526e-10
38550.056 8.876442990790782e-10
38600.056 9.340797575982829e-10
38650.056 1.1861776667522638e-09
38700.056 5.354254441209305e-10
38750.056 9.270987812567335e-10
38800.056 9.238525811295809e-10
38850.056 1.2355660722679927e-09
38900.056 1.49215567511723e-09
38950.056 8.074226579838618e-10
39000.056 1.931858142970297e-09
39050.056 6.739501702570316e-10
39100.056 1.3857655151248253e-09
39150.056 2.2413362873009285e-09
39200.056 1.2792753343038464e-09
39250.056 2.7640212031516377e-09
39300.056 1.3136549221111317e-09
39350.056 3.321753404507741e-09
39400.056 1.3975564603089646e-09
39450.056 2.520074774050281e-09
39500.056 2.3225622639087043e-09
39550.056 8.641448926286627e-10
39600.056 2.5273408712551358e-09
39650.056 2.7592432198967963e-09
39700.056 3.019199299117467e-09
39750.056 1.2307847593033781e-09
39800.056 1.3440567539242408e-09
39850.056 3.51130159655099e-09
39900.056 4.767050647260414e-09
39950.056 1.408118631405872e-09
40000.056 3.078087741874172e-09
40050.056 3.691013422867787e-09
40100.056 1.112808518625074e-09
40150.056 3.3776672638983068e-09
40200.056 3.6495826101795598e-09
40250.056 4.268804624255034e-09
40300.056 4.219814868689102e-09
40350.056 2.2292330127057704e-09
40400.056 3.2318084700779124e-09
40450.056 1.3358452268165689e-09
40500.056 4.722512293597089e-09
40550.056 5.396373568682e-09
40600.056 3.5521549769101134e-09
40650.056 2.5299684709656255e-09
40700.056 5.7521987925850195e-09
40750.056 3.6197448828773217e-09
40800.056 2.091384275573019e-09
40850.056 8.100077624852213e-09
40900.056 6.306074454183075e-09
40950.056 5.67297287076852e-09
41000.056 3.6686353738377327e-09
41050.056 8.437790239826935e-09
41100.056 6.595395369062021e-09
41150.056 2.026514608088882e-09
41200.056 9.065273231501653e-09
41250.056 5.71761040508719e-09
41300.056 6.157052048076094e-09
41350.056 9.104524598198742e-09
41400.056 7.182254594719284e-09
41450.056 1.1522764950616218e-08
41500.056 6.6639471523467915e-09
41550.056 5.522853956368051e-09
41600.056 5.8310883033379495e-09
41650.056 9.35687686326845e-09
41700.056 1.3266509043696176e-08
41750.056 9.271866038157852e-09
41800.056 8.603649167641988e-09
41850.056 9.335720366567769e-09
41900.056 7.019555973457984e-09
41950.056 6.682577980460241e-09
42000.056 2.5838746252570206e-09
42050.056 4.648175351452644e-09
42100.056 4.505069414017325e-09
42150.056 6.1584007901796175e-09
42200.056 8.412189141843365e-09
42250.056 5.795848990780736e-09
42300.056 5.285762870065655e-09
42350.056 1.0058886558690171e-08
42400.056 1.3084285176801786e-08
42450.056 1.3317609455503384e-08
42500.056 1.3252124279097449e-08
42550.056 1.0844490721196858e-08
42600.056 1.0785444113377813e-08
42650.056 1.794358682795313e-08
42700.056 6.846486991879817e-09
42750.056 1.3845285698502845e-08
42800.056 2.2347675242803617e-08
42850.056 2.113194691539412e-08
42900.056 2.144579562980436e-08
42950.056 1.7874890792898596e-08
43000.056 2.0729476976203423e-08
43050.056 9.585124409972752e-09
43100.056 1.543931727848847e-08
43150.056 1.210817312214171e-08
43200.056 2.2847146452402732e-08
43250.056 2.7761907247000228e-08
43300.056 2.6888949723999318e-08
43350.056 1.4236271164294985e-08
43400.056 2.1644105176591813e-08
43450.056 1.2175684860680259e-08
43500.056 1.1020918680472281e-08
43550.056 1.347732767854219e-08
43600.056 2.528542959140399e-08
43650.056 1.5214138073079995e-08
43700.056 2.9489711974309632e-08
43750.056 2.739219552079611e-08
43800.056 2.3823746311295908e-08
43850.056 2.0568595369300942e-08
43900.056 1.4578840198088825e-08
43950.056 8.63019386079921e-09
44000.056 9.87391792164881e-09
44050.056 2.9463576554799323e-08
44100.056 3.7431824091598484e-08
44150.056 3.3563046203079176e-08
44200.056 3.126061087250072e-08
44250.056 1.4252778184098122e-08
44300.056 1.1717771144901654e-08
44350.056 1.2283665328963117e-08
44400.056 1.0595938151598729e-08
44450.056 2.3100979164101827e-08
44500.056 2.169479161754322e-08
44550.056 3.1342087598997925e-08
44600.056 2.605748247435862e-08
44650.056 2.1876374555203333e-08
44700.056 1.453472496839866e-08
44750.056 2.737729301050594e-08
44800.056 1.489910665306525e-08
44850.056 1.9883980912641805e-08
44900.056 2.0358603738421118e-08
44950.056 2.5067367408003952e-08
45000.056 3.221699786660173e-08
45050.056 2.578679093479558e-08
45100.056 2.2715886193799444e-08
45150.056 1.8298705880405674e-08
45200.056 1.4553772036351447e-08
45250.056 1.7960569137154817e-08
45300.056 1.7187754527042458e-08
45350.056 1.1611044753664485e-08
45400.056 4.195458858800624e-08
45450.056 2.9404497614002596e-08
45500.056 4.2882472802803294e-08
45550.056 4.29284910853868e-08
45600.056 3.241380510600721e-08
45650.056 2.6383822676900513e-08
45700.056 1.6204954151298187e-08
45750.056 1.5211998190351408e-08
45800.056 4.232390604290166e-08
45850.056 2.8665461213598823e-08
45900.056 4.357446328199544e-08
45950.056 4.0386558814999135e-08
46000.056 3.993844108705433e-08
46050.056 2.7877243194205855e-08
46100.056 5.381614413699519e-08
46150.056 2.7270993709901834e-08
46200.056 2.1429181967085648e-08
46250.056 7.457913950085257e-09
46300.056 2.6867359977400285e-08
46350.056 2.7105046854144456e-08
46400.056 2.505381903320005e-08
46450.056 2.3477130301520622e-08
46500.056 2.7575570054725694e-08
46550.056 1.1763227699500382e-08
46600.056 1.889483433570514e-08
46650.056 3.1963167532702e-08
46700.056 1.9636332849994143e-08
46750.056 8.161144794551652e-09
46800.056 4.8771325564299525e-09
46850.056 2.9418930449705145e-08
46900.056 3.300159609629906e-08
46950.056 3.4483099791797155e-08
47000.056 3.354787301890505e-08
47050.056 2.0872253332869887e-08
47100.056 1.4531022782802234e-08
47150.056 2.6577522642923105e-08
47200.056 2.812554615729759e-08
47250.056 1.3526082989277913e-08
47300.056 8.604066834651135e-09
47350.056 3.247125068420275e-08
47400.056 2.9716008732596237e-08
47450.056 1.9956158433113285e-08
47500.056 3.622579091819958e-08
47550.056 3.232827620400222e-08
47600.056 2.6642629620897352e-08
47650.056 2.927903841604383e-08
47700.056 2.106083383762747e-08
47750.056 1.531517101780081e-08
47800.056 1.1116071751901977e-08
47850.056 4.516530625252066e-09
47900.056 8.194536618091654e-09
47950.056 2.3700708856401788e-08
48000.056 3.4289049000000115e-08
48050.056 2.6256332637201165e-08
48100.056 9.971050066065574e-09
48150.056 2.1438446913700743e-08
48200.056 1.167511032984327e-08
48250.056 1.6101036254448884e-08
48300.056 3.308664198399775e-08
48350.056 1.706463577809738e-08
48400.056 3.1787494624570268e-09
48450.056 6.848167475324812e-09
48500.056 1.3285159948896596e-08
48550.056 1.570554237641377e-08
48600.056 2.6513185619497997e-08
48650.056 3.563276977699653e-08
48700.056 2.084070498600431e-08
48750.056 1.6133215100904903e-08
48800.056 2.9062288137900602e-08
48850.056 1.3262578314707838e-08
48900.056 1.458503353048829e-08
48950.056 6.878234339519859e-09
49000.056 3.6684619105306173e-09
49050.056 1.464513288344795e-08
49100.056 2.206387397813452e-08
49150.056 1.6090313004617942e-08
49200.056 2.9502577202005774e-08
49250.056 3.0447941277200036e-08
49300.056 2.3879144863199608e-08
49350.056 7.366833612484989e-09
49400.056 1.1697560928096214e-08
49450.056 1.0299685435362488e-08
49500.056 7.43566990130166e-09
49550.056 1.1036905201920302e-09
49600.056 3.714874712032782e-09
49650.056 1.3219287221901962e-08
49700.056 1.5706820328294537e-08
49750.056 1.288640419493063e-08
49800.056 7.272558434466247e-09
49850.056 2.0529389111043303e-08
49900.056 1.811485978439832e-08
49950.056 1.8589479923500553e-08
50000.056 1.0553142792036247e-08
50050.056 1.3600937616860798e-08
50100.056 1.0777785070099082e-08
50150.056 3.935825463477107e-09
50200.056 4.77513431292225e-10
50250.056 3.818578054099985e-09
50300.056 2.4061146698205465e-09
50350.056 1.2674995114702579e-08
50400.056 1.519082043667712e-08
50450.056 1.2264735090341777e-08
50500.056 2.031007928129042e-08
50550.056 1.698384432520151e-08
50600.056 1.1721755892536714e-08
50650.056 2.2126208366403116e-08
50700.056 1.9313842850297468e-08
50750.056 1.0683449516600524e-08
50800.056 2.55560688019345e-09
50850.056 1.0627293719265508e-09
50900.056 9.973352694401131e-09
50950.056 1.0302825764998597e-08
51000.056 7.260724118757679e-09
51050.056 1.3848975179498311e-08
51100.056 4.156659679221155e-09
51150.056 3.8374073477487956e-09
51200.056 1.6565532733999905e-08
51250.056 1.209803950225033e-08
51300.056 7.578037767472627e-09
51350.056 5.761708829546016e-09
51400.056 1.223153091004268e-09
51450.056 1.0616950032306054e-09
51500.056 1.0864813881664673e-09
51550.056 5.381440585441249e-09
51600.056 5.625524803231702e-09
51650.056 8.823090983200054e-09
51700.056 8.388554793627452e-09
51750.056 4.955152991341142e-09
51800.056 1.1066558492898703e-08
51850.056 8.59297234093935e-09
51900.056 8.428898138499495e-09
51950.056 3.7958774585195785e-09
52000.056 2.93001758210904e-10
52050.056 1.790485170320216e-09
52100.056 8.781929498298108e-10
52150.056 4.4773950495799134e-10
52200.056 2.229816826859974e-09
52250.056 4.029775026251067e-09
52300.056 4.54119436079965e-09
52350.056 1.0382728924204482e-09
52400.056 1.223200049832997e-09
52450.056 6.590804730200397e-09
52500.056 4.33471615838587e-09
52550.056 6.819144194899694e-09
52600.056 5.507303873919886e-09
52650.056 6.645116266280246e-09
52700.056 4.197752284619545e-09
52750.056 1.020563676214626e-09
52800.056 2.4205645421304725e-09
52850.056 2.8719318248192914e-09
52900.056 7.880122089551506e-10
52950.056 1.60454622647827e-09
53000.056 3.6507249505007668e-09
53050.056 1.1613515881216302e-09
53100.056 5.425022213999569e-09
53150.056 5.204067825237504e-09
53200.056 2.4903831690810926e-09
53250.056 4.207556004461741e-09
53300.056 5.431100064369404e-09
53350.056 3.9676833257043426e-09
53400.056 2.265859318549202e-09
53450.056 6.246814667647739e-10
53500.056 1.0845687612446517e-10
