galfind/configs/Brown_Dwarf_templates/sonora_bobcat/m+0.5/100g/sp_t425g100nc_m+0.5_resample.dat
# %ECSV 1.0
# ---
# datatype:
# - {name: wav, unit: Angstrom, datatype: float64}
# - {name: flux_nu, unit: erg / (cm2 Hz s), datatype: float64}
# meta: {C/O: '1.00', Kzz: '1.0000E+05', Teff: '425.', Y: '0.28', '[Fe/H]': '0.50', f_hole: '1.00', f_rain: '0.00', grav: '100.'}
# schema: astropy-2.0
wav flux_nu
[from data line 498]
28900.056 1.2015614916337977e-10
28950.056 1.8501139261990238e-10
29000.056 1.1778457362060216e-10
29050.056 1.8582233882584705e-10
29100.056 9.997886306107038e-11
29150.056 1.2176682529227647e-10
29200.056 2.3095492301973983e-10
29250.056 3.1043608338245327e-10
29300.056 1.3724659282318382e-10
29350.056 3.9311333971428705e-10
29400.056 1.920013360876494e-10
29450.056 1.32337760801411e-10
29500.056 3.6893988858664477e-10
29550.056 1.4458155732031147e-10
29600.056 2.0462525844692063e-10
29650.056 5.135288975542511e-10
29700.056 1.3417544459468046e-10
29750.056 3.720372233776596e-10
29800.056 3.0162456601468794e-10
29850.056 4.1664905898761e-10
29900.056 2.4069311931395394e-10
29950.056 3.128268167551107e-10
30000.056 5.976720778905112e-12
30050.056 3.232217707559968e-11
30100.056 1.23525761884529e-10
30150.056 3.7368313319091387e-10
30200.056 2.618627563402553e-10
30250.056 5.451928253278303e-10
30300.056 7.95467212686691e-10
30350.056 2.266869500979818e-10
30400.056 6.918331760938026e-10
30450.056 4.626660308546792e-10
30500.056 3.764764659570319e-10
30550.056 3.1281483516037275e-10
30600.056 1.2201136253202839e-09
30650.056 6.24978086139214e-10
30700.056 3.9387524524205885e-10
30750.056 8.102095870345658e-10
30800.056 5.473485686282063e-10
30850.056 6.584534469503425e-10
30900.056 3.253552910718652e-10
30950.056 3.6747322764461793e-10
31000.056 4.105185308063757e-10
31050.056 2.9523742490782986e-10
31100.056 1.828201800627683e-10
31150.056 3.486961039216102e-10
31200.056 7.60129924965827e-10
31250.056 4.866235696835362e-10
31300.056 2.939304175601951e-10
31350.056 5.819674368427287e-10
31400.056 4.000736767718854e-10
31450.056 4.0708040113462005e-10
31500.056 1.7105734453703287e-10
31550.056 2.6924586901271246e-10
31600.056 1.7628939184430985e-10
31650.056 1.765809223321709e-10
31700.056 1.6782122095568855e-10
31750.056 8.395267832079265e-11
31800.056 1.6546608020364963e-10
31850.056 3.326356311094012e-11
31900.056 7.760602648401196e-11
31950.056 5.023006381404862e-11
32000.056 3.8215151639424524e-11
32050.056 6.3987506700865e-11
32100.056 5.6605303955387586e-11
32150.056 6.236576195822796e-11
32200.056 2.9125287090375615e-11
32250.056 8.017801910395148e-11
32300.056 2.488175758505656e-11
32350.056 7.248354166606774e-11
32400.056 1.3890021133544083e-11
32450.056 5.4941241010773335e-11
32500.056 1.648208547314139e-11
32550.056 4.059821075039897e-11
32600.056 1.9623599159237857e-11
32650.056 1.2217231425166844e-10
32700.056 2.9816419370705264e-11
32750.056 2.1907967586230286e-10
32800.056 1.1384230412784709e-10
32850.056 3.606829311902316e-10
32900.056 3.0001810882005505e-10
32950.056 3.4132990780614534e-10
33000.056 1.2230785697761725e-10
33050.056 1.7688502931055055e-10
33100.056 3.658859989335382e-11
33150.056 1.0644977526569661e-14
33200.056 8.218841802326905e-13
33250.056 9.451291730402942e-13
33300.056 7.838104853902202e-12
33350.056 2.5867935628413212e-11
33400.056 1.0075629352977617e-10
33450.056 7.508748479251436e-11
33500.056 2.5819348440551086e-10
33550.056 5.3550872991322686e-11
33600.056 1.6060271168172702e-10
33650.056 1.4077481665372168e-10
33700.056 5.7291369384548905e-11
33750.056 2.167170547419285e-10
33800.056 2.4891098735704704e-11
33850.056 1.0969945539517827e-10
33900.056 1.1693968217407067e-10
33950.056 8.889530303217034e-11
34000.056 2.1264581925559827e-10
34050.056 3.379884458635749e-11
34100.056 1.908750493283689e-10
34150.056 8.812279999445389e-11
34200.056 2.2326185371531862e-10
34250.056 1.3170627412282964e-10
34300.056 1.375080487968567e-10
34350.056 2.427405991776996e-10
34400.056 8.280998878618671e-11
34450.056 2.4218444190648703e-10
34500.056 1.3048396393860915e-10
34550.056 8.231015095524069e-11
34600.056 3.785173406160971e-10
34650.056 7.510489241211286e-11
34700.056 2.897496044408135e-10
34750.056 1.799135047157315e-10
34800.056 1.7687121832186867e-10
34850.056 4.3042056889884683e-10
34900.056 1.3646365464318547e-10
34950.056 4.014831571229069e-10
35000.056 7.804999310293859e-10
35050.056 3.4711680688853996e-10
35100.056 7.703532141865235e-10
35150.056 5.78594669801158e-10
35200.056 5.682069615989842e-10
35250.056 9.629108239823153e-10
35300.056 4.506128891372193e-10
35350.056 5.335933728474008e-10
35400.056 4.414634694833895e-10
35450.056 3.8423277985300117e-10
35500.056 1.3410888223861566e-09
35550.056 8.030449925806926e-10
35600.056 8.418985852840833e-10
35650.056 8.842797688533806e-10
35700.056 9.788114137283918e-10
35750.056 1.3671378226453913e-09
35800.056 1.3545859678204711e-09
35850.056 4.892863266549264e-10
35900.056 6.560160494165834e-10
35950.056 7.912089497725584e-10
36000.056 1.0257355623775856e-09
36050.056 6.96356854692742e-10
36100.056 6.542159120611031e-10
36150.056 1.362993674509697e-09
36200.056 1.4535937676029904e-09
36250.056 1.0489155487129164e-09
36300.056 2.2549600037307833e-09
36350.056 1.2990823503319947e-09
36400.056 2.0537095642379536e-09
36450.056 2.2505300729992314e-09
36500.056 2.4763370435753387e-09
36550.056 3.064770441947903e-09
36600.056 3.3193434167341133e-09
36650.056 2.520352432889604e-09
36700.056 2.855669819396304e-09
36750.056 3.4308202656563064e-09
36800.056 3.854186074343088e-09
36850.056 2.1265901348516725e-09
36900.056 3.843248672630067e-09
36950.056 3.935895027016158e-09
37000.056 2.7893272327247637e-09
37050.056 4.2008800738942226e-09
37100.056 3.3865681301969e-09
37150.056 2.8292563885898623e-09
37200.056 4.968792971111076e-09
37250.056 3.313954454631519e-09
37300.056 2.5050514335025144e-09
37350.056 4.2768893930374706e-09
37400.056 6.397854320153091e-09
37450.056 2.756394993962111e-09
37500.056 3.805690731430094e-09
37550.056 6.1846201616598686e-09
37600.056 8.966265075204484e-09
37650.056 3.119919269996049e-09
37700.056 6.400551893758007e-09
37750.056 4.083883546617911e-09
37800.056 4.131855953227928e-09
37850.056 2.097368389618726e-09
37900.056 3.020771757742051e-09
37950.056 5.83998416400506e-09
38000.056 5.7995724064515075e-09
38050.056 7.766966056918976e-09
38100.056 8.790049211578762e-09
38150.056 9.656371129121325e-09
38200.056 8.64211388985833e-09
38250.056 9.054054203036177e-09
38300.056 1.3428348152655055e-08
38350.056 1.3129998473236585e-08
38400.056 5.494180952189663e-09
38450.056 3.012303494236821e-09
38500.056 1.8318526932670063e-09
38550.056 5.901462889411543e-09
38600.056 5.866961971862043e-09
38650.056 6.890386902105841e-09
38700.056 4.800121291201025e-09
38750.056 6.0592944835508115e-09
38800.056 6.263011375731992e-09
38850.056 7.0339132783399506e-09
38900.056 9.225340751423528e-09
38950.056 5.789242770072127e-09
39000.056 9.931521950896525e-09
39050.056 5.779359180685857e-09
39100.056 8.788090249332001e-09
39150.056 1.0867507980302454e-08
39200.056 8.071081865520486e-09
39250.056 1.307727210932186e-08
39300.056 8.066962365102626e-09
39350.056 1.600018065275959e-08
39400.056 8.531430662620317e-09
39450.056 1.2479686818365482e-08
39500.056 1.2841838408390632e-08
39550.056 7.15979919179178e-09
39600.056 1.2789047959857962e-08
39650.056 1.4727392728685583e-08
39700.056 1.4332327372882792e-08
39750.056 8.262807879522521e-09
39800.056 9.343178826689332e-09
39850.056 1.802819444560318e-08
39900.056 2.062502476700126e-08
39950.056 9.749026931516745e-09
40000.056 1.763639697458141e-08
40050.056 1.7680577453858668e-08
40100.056 7.823107423008713e-09
40150.056 1.7470981748311517e-08
40200.056 1.8364619292402646e-08
40250.056 2.064391296237731e-08
40300.056 1.9531497617497478e-08
40350.056 1.3774916091724542e-08
40400.056 1.9496281265928847e-08
40450.056 1.1012940926610399e-08
40500.056 2.359062596107993e-08
40550.056 2.5146105088747953e-08
40600.056 1.874068289800166e-08
40650.056 1.4503250532783758e-08
40700.056 2.9741627953156616e-08
40750.056 1.920500633869433e-08
40800.056 1.3017720710178259e-08
40850.056 3.550460283931221e-08
40900.056 2.811264347315974e-08
40950.056 2.5648292444139085e-08
41000.056 2.0810938664845935e-08
41050.056 3.689876019368539e-08
41100.056 2.9561087583780974e-08
41150.056 1.3310741203907065e-08
41200.056 3.829361139228505e-08
41250.056 2.6246456473083543e-08
41300.056 2.7423344489836967e-08
41350.056 3.734317016949454e-08
41400.056 3.236577696920052e-08
41450.056 4.399636881658637e-08
41500.056 2.907953388473925e-08
41550.056 2.6542596261390647e-08
41600.056 2.8390040963243284e-08
41650.056 3.7356720697091775e-08
41700.056 4.3262294679682783e-08
41750.056 3.5962676243091605e-08
41800.056 3.854176676391164e-08
41850.056 3.532250553089994e-08
41900.056 3.24737430493847e-08
41950.056 3.2595594903553066e-08
42000.056 2.157128087962525e-08
42050.056 2.554322519588812e-08
42100.056 2.9047029865335014e-08
42150.056 2.949672284775046e-08
42200.056 3.336776769970984e-08
42250.056 2.6422589015313094e-08
42300.056 2.681962611129465e-08
42350.056 4.0743538024502806e-08
42400.056 4.608888667210788e-08
42450.056 4.327156617371726e-08
42500.056 4.009160047139109e-08
42550.056 3.493600801618651e-08
42600.056 3.882622226861159e-08
42650.056 6.245489754907151e-08
42700.056 3.189503412191348e-08
42750.056 4.363802122120587e-08
42800.056 6.185885340321318e-08
42850.056 6.191231740797943e-08
42900.056 6.6971635818319e-08
42950.056 5.3355838639190616e-08
43000.056 5.976454644441672e-08
43050.056 3.239874504966468e-08
43100.056 4.756374391298988e-08
43150.056 3.927035722510696e-08
43200.056 6.511233113800633e-08
43250.056 8.116475296200118e-08
43300.056 7.833823329499384e-08
43350.056 4.3432086399886315e-08
43400.056 6.079445571750179e-08
43450.056 4.0078962814102866e-08
43500.056 3.899344439741074e-08
43550.056 4.43798951697509e-08
43600.056 7.178947616181011e-08
43650.056 4.7833628401302304e-08
43700.056 8.31618791740234e-08
43750.056 7.115538327939456e-08
43800.056 6.625773293199094e-08
43850.056 5.6162871120600855e-08
43900.056 4.875204051693057e-08
43950.056 2.994540102159733e-08
44000.056 3.128182133129629e-08
44050.056 7.920984565500028e-08
44100.056 1.0491141163799272e-07
44150.056 9.210354196860182e-08
44200.056 8.035185277199865e-08
44250.056 4.358350631889796e-08
44300.056 3.66152591552064e-08
44350.056 4.129363105412445e-08
44400.056 3.7229127333793926e-08
44450.056 6.722059078039554e-08
44500.056 6.365880980681279e-08
44550.056 9.318574332799039e-08
44600.056 8.098027257107735e-08
44650.056 6.647394193671145e-08
44700.056 4.377549447519953e-08
44750.056 7.479943985431895e-08
44800.056 4.8102127413205926e-08
44850.056 6.520562541250743e-08
44900.056 5.7311717484603844e-08
44950.056 7.117277662440732e-08
45000.056 8.225493163800429e-08
45050.056 7.290873136248869e-08
45100.056 6.481142748539862e-08
45150.056 5.931068101842532e-08
45200.056 4.745840337880247e-08
45250.056 5.539842597648118e-08
45300.056 4.8435819752408795e-08
45350.056 4.1360856492096036e-08
45400.056 1.0984197765601601e-07
45450.056 8.43328831164095e-08
45500.056 1.0995564168170673e-07
45550.056 1.117473098349593e-07
45600.056 9.598183151602338e-08
45650.056 7.597581485160264e-08
45700.056 4.954518501039606e-08
45750.056 4.700744547640242e-08
45800.056 1.186984491572982e-07
45850.056 9.043527456149076e-08
45900.056 1.172405907009883e-07
45950.056 9.94556642419998e-08
46000.056 1.0916423851201066e-07
46050.056 7.864311123080918e-08
46100.056 1.319934551199826e-07
46150.056 7.452807213080971e-08
46200.056 6.386090611778947e-08
46250.056 2.6526152703725988e-08
46300.056 7.648068213760105e-08
46350.056 8.115452313641216e-08
46400.056 6.828958793069952e-08
46450.056 6.423758538833872e-08
46500.056 7.706487331981867e-08
46550.056 3.904755705830377e-08
46600.056 6.162498355453115e-08
46650.056 9.637332798550835e-08
46700.056 5.9406524611380326e-08
46750.056 3.182851392122587e-08
46800.056 2.0679829958961322e-08
46850.056 9.50071390400171e-08
46900.056 9.027918103699813e-08
46950.056 9.11501382329907e-08
47000.056 8.837876362001761e-08
47050.056 6.25659698275082e-08
47100.056 4.271650301142701e-08
47150.056 6.814867289020976e-08
47200.056 7.882586142239637e-08
47250.056 4.563793086829519e-08
47300.056 2.9437034159756265e-08
47350.056 9.639772756899886e-08
47400.056 7.886076735399232e-08
47450.056 6.748604633193677e-08
47500.056 1.0027026747033067e-07
47550.056 8.586648257600847e-08
47600.056 8.122590279349703e-08
47650.056 8.352194940879021e-08
47700.056 6.28045102546544e-08
47750.056 4.6332079423903485e-08
47800.056 3.8526890289205056e-08
47850.056 1.936932280889452e-08
47900.056 3.0856161057816004e-08
47950.056 6.93163041102069e-08
48000.056 9.964046042701161e-08
48050.056 8.348535288880454e-08
48100.056 3.362395730184506e-08
48150.056 6.432002365440127e-08
48200.056 4.206089501659994e-08
48250.056 5.133031612399941e-08
48300.056 9.320909971398568e-08
48350.056 5.3131969890196796e-08
48400.056 1.4572387518519901e-08
48450.056 3.0666435903804213e-08
48500.056 5.0927958560987225e-08
48550.056 5.430168840418531e-08
48600.056 6.982151510099805e-08
48650.056 9.130769264898823e-08
48700.056 5.862344345590777e-08
48750.056 4.0509534552019545e-08
48800.056 8.235043524999968e-08
48850.056 4.283230196939267e-08
48900.056 5.855484766633549e-08
48950.056 3.063786512100124e-08
49000.056 1.535542411591753e-08
49050.056 5.134799353509268e-08
49100.056 6.891108893219441e-08
49150.056 4.94508758444992e-08
49200.056 8.310898674701883e-08
49250.056 8.32348969230078e-08
49300.056 6.880960134839963e-08
49350.056 2.5535144634331565e-08
49400.056 3.875093198198838e-08
49450.056 3.846931382056615e-08
49500.056 2.8954487116926647e-08
49550.056 6.444906467090311e-09
49600.056 1.875448204457778e-08
49650.056 4.434788505900224e-08
49700.056 4.7659639429281445e-08
49750.056 4.786541829374996e-08
49800.056 3.0228587155576305e-08
49850.056 6.667187302901411e-08
49900.056 5.2071466725192644e-08
49950.056 5.391058222380261e-08
50000.056 4.004778332229624e-08
50050.056 4.983195629340125e-08
50100.056 3.834410617799793e-08
50150.056 1.818640562790596e-08
50200.056 3.2065087182974166e-09
50250.056 2.080789429599886e-08
50300.056 1.3223778352629243e-08
50350.056 4.595049870600697e-08
50400.056 4.62939347865926e-08
50450.056 3.640839852108327e-08
50500.056 5.637777004700426e-08
50550.056 4.684769961830497e-08
50600.056 3.4773362623890574e-08
50650.056 5.973151154901e-08
50700.056 5.74695284699854e-08
50750.056 3.6716271334203764e-08
50800.056 1.247561651449738e-08
50850.056 6.67495433980735e-09
50900.056 4.0664806839001584e-08
50950.056 3.435249058499781e-08
51000.056 2.861573021399721e-08
51050.056 4.288541137049421e-08
51100.056 1.5690215201341038e-08
51150.056 1.826858723956993e-08
51200.056 5.4521056682999306e-08
51250.056 3.7005839396624295e-08
51300.056 2.5676321507682092e-08
51350.056 2.368102330433684e-08
51400.056 7.763211117461137e-09
51450.056 6.104851615538744e-09
51500.056 6.149707136100736e-09
51550.056 2.4578174142104093e-08
51600.056 1.9948450133386277e-08
51650.056 2.6294031173397028e-08
51700.056 2.789732320928828e-08
51750.056 1.7816394131229195e-08
51800.056 3.297309801499541e-08
51850.056 2.685443458279752e-08
51900.056 3.4079885014796486e-08
51950.056 1.9024180958797658e-08
52000.056 1.9304501443562415e-09
52050.056 1.0338411628351503e-08
52100.056 5.974056113989115e-09
52150.056 3.3043335736100667e-09
52200.056 1.0340063977339878e-08
52250.056 1.5911942448605396e-08
52300.056 2.147656767259857e-08
52350.056 7.279588703346241e-09
52400.056 7.537870412315238e-09
52450.056 2.7838994727702294e-08
52500.056 2.0659717942447996e-08
52550.056 2.3886687022998172e-08
52600.056 1.793555207777879e-08
52650.056 2.16843578364016e-08
52700.056 1.588302187628913e-08
52750.056 5.846205751317413e-09
52800.056 1.1239897466541597e-08
52850.056 1.2780091623016523e-08
52900.056 5.420999972311322e-09
52950.056 9.18596627537117e-09
53000.056 1.5925597367204036e-08
53050.056 6.008268899626116e-09
53100.056 1.9147382036596874e-08
53150.056 2.0111079884841248e-08
53200.056 9.643689077756162e-09
53250.056 1.8739305638841756e-08
53300.056 2.3338010583780908e-08
53350.056 1.732077089594146e-08
53400.056 1.0957338345596527e-08
53450.056 3.876646558463578e-09
53500.056 6.07832827403778e-10
53550.056 1.8392482446490587e-09
53600.056 9.400085042657615e-09
