galfind/configs/Brown_Dwarf_templates/sonora_bobcat/m+0.5/100g/sp_t500g100nc_m+0.5_resample.dat
# %ECSV 1.0
# ---
# datatype:
# - {name: wav, unit: Angstrom, datatype: float64}
# - {name: flux_nu, unit: erg / (cm2 Hz s), datatype: float64}
# meta: {C/O: '1.00', Kzz: '1.0000E+05', Teff: '500.', Y: '0.28', '[Fe/H]': '0.50', f_hole: '1.00', f_rain: '0.00', grav: '100.'}
# schema: astropy-2.0
wav flux_nu
4000.0559999999996 nan
4050.0559999999996 1.549407339743057e-16
4100.056 1.9907276225700412e-14
4150.056 1.7632300439900127e-13
4200.056 1.711493234029717e-13
4250.056 1.4403001984000097e-12
4300.056 3.1310111374000184e-12
4350.056 5.306226824500029e-12
4400.056 7.988385592100021e-12
4450.056 1.2030986552600028e-11
4500.056 1.5362868427000097e-11
4550.056 1.440008923946807e-11
4600.056 2.723402727967985e-12
4650.056 1.5163680065999978e-12
4700.056 6.943067540899937e-13
4750.056 2.004082456099974e-13
4800.056 7.056803385799942e-14
4850.056 2.938478611599977e-14
4900.056 1.6000313284999925e-14
4950.056 9.918580068499956e-15
5000.056 5.660288104999953e-15
5050.056 3.641595421500007e-15
5100.056 3.694395508200041e-15
5150.056 3.980152591200048e-15
5200.056 4.292920800600016e-15
5250.056 4.593936605200003e-15
5300.056 4.9401067048999996e-15
5350.056 5.366118741200007e-15
5400.056 5.814589931900003e-15
5450.056 6.35662475050005e-15
5500.056 6.964453137100079e-15
5550.056 7.587072117400026e-15
5600.056 8.161499717999991e-15
5650.056 8.620489086499978e-15
5700.056 8.749229038500008e-15
5750.056 8.662129571500001e-15
5800.056 7.849979832099987e-15
5850.056 5.675821642399915e-15
5900.056 1.8914812280256724e-15
5950.056 1.0678945312100475e-14
6000.056 2.1622685092499466e-14
6050.056 3.7921657575001e-14
6100.056 6.124384288300077e-14
6150.056 9.286054312200075e-14
6200.056 1.3569791947000087e-13
6250.056 1.8949377187000045e-13
6300.056 2.677247548600003e-13
6350.056 3.713549195200023e-13
6400.056 5.068610964600045e-13
6450.056 6.413875808799796e-13
6500.056 8.769984295489912e-13
6550.056 1.2161614032399866e-12
6600.056 1.6845489620400673e-12
6650.056 2.326352071000021e-12
6700.056 2.9856943716700258e-12
6750.056 4.128184278000023e-12
6800.056 4.9435937986000515e-12
6850.056 5.1084566357000036e-12
6900.056 4.222563405700115e-12
6950.056 3.3472374448519283e-12
7000.056 3.458333031450024e-12
7050.056 3.5826524653699246e-12
7100.056 3.872784764059897e-12
7150.056 3.360766704776869e-12
7200.056 3.0263922880934808e-12
7250.056 3.2415762781199503e-12
7300.056 3.2411385478290003e-12
7350.056 3.511316589346245e-12
7400.056 3.804983141910237e-12
7450.056 4.255977510090301e-12
7500.056 4.59841662949992e-12
7550.056 4.810969880299964e-12
7600.056 4.78931968419999e-12
7650.056 2.1544863312559407e-12
7700.056 1.8733779525920535e-12
7750.056 5.748862006400059e-12
7800.056 7.580869581859867e-12
7850.056 1.0319794718199997e-11
7900.056 1.3198425907679536e-11
7950.056 1.489457874171992e-11
8000.056 1.9908511173100108e-11
8050.056 2.416122766380055e-11
8100.056 2.33722962640981e-11
8150.056 2.558048593905546e-11
8200.056 3.7839869096225905e-11
8250.056 4.413465302604981e-11
8300.056 5.513127277928255e-11
8350.056 6.087871352334201e-11
8400.056 7.345608041413442e-11
8450.056 9.696969872087722e-11
8500.056 1.1321314934049347e-10
8550.056 1.4991753239500189e-10
8600.056 1.8924421009800257e-10
8650.056 2.255454299900047e-10
8700.056 2.500175484000038e-10
8750.056 2.90031045810001e-10
8800.056 3.1099302141200665e-10
8850.056 2.633665495229853e-10
8900.056 7.00048274066004e-11
8950.056 9.034256924821931e-11
9000.056 6.841463532399247e-11
9050.056 2.1562944435264904e-10
9100.056 2.8209358482404974e-10
9150.056 3.3226305289363814e-10
9200.056 5.400613407129884e-10
9250.056 5.242028715491546e-10
9300.056 9.118041073130914e-11
9350.056 1.1207604845062444e-10
9400.056 2.2386405916516986e-10
9450.056 2.7994616126872865e-10
9500.056 2.334296341261878e-10
9550.056 2.7801032295332987e-10
9600.056 2.556550913799763e-10
9650.056 3.5930497877367635e-10
9700.056 5.840761256421889e-10
9750.056 5.669810648017385e-10
9800.056 6.318189594832113e-10
9850.056 7.056711135209691e-10
9900.056 9.3139232528293e-10
9950.056 8.475591274351183e-10
10000.056 1.04970710524978e-09
10050.056 1.2160749357010993e-09
10100.056 1.6870023270498334e-09
10150.056 1.9038532896099572e-09
10200.056 2.1488430349262066e-09
10250.056 2.6072472617525284e-09
10300.056 3.4111819746247677e-09
10350.056 3.903489120380397e-09
10400.056 5.9431902214545224e-09
10450.056 7.620817545732916e-09
10500.056 9.321480466921875e-09
10550.056 1.1392406680500378e-08
10600.056 1.2447233145599394e-08
10650.056 1.3432806682210622e-08
10700.056 1.3065127213800263e-08
10750.056 1.3656367577547408e-08
10800.056 1.30060692706138e-08
10850.056 1.1111563589647691e-08
10900.056 7.1249809746345676e-09
10950.056 2.9658978678234964e-09
11000.056 1.851120421079104e-09
11050.056 1.0203581337966446e-09
11100.056 5.167058473212126e-10
11150.056 1.773362656992724e-10
11200.056 9.730319171090737e-11
11250.056 1.1507065187468455e-10
11300.056 2.037384107358531e-10
11350.056 5.655777159405532e-11
11400.056 1.68436283736004e-10
11450.056 1.2940465094284452e-10
11500.056 7.588510978403266e-11
11550.056 1.3406615359784597e-11
11600.056 1.210795614865603e-11
11650.056 5.0195853746544315e-11
11700.056 5.464274458836931e-11
11750.056 7.591919504353314e-12
11800.056 6.227023995800993e-11
11850.056 1.1972103608967088e-10
11900.056 1.3381614814675444e-10
11950.056 2.425418554198121e-10
12000.056 4.821850459355511e-10
12050.056 9.315234069756471e-10
12100.056 1.7682169311079103e-09
12150.056 3.106147417454169e-09
12200.056 4.281932532016783e-09
12250.056 7.118544274981778e-09
12300.056 1.130891294019378e-08
12350.056 1.2132450937386941e-08
12400.056 1.892259137971857e-08
12450.056 2.6500911243543524e-08
12500.056 2.987242065909395e-08
12550.056 3.5348215080810324e-08
12600.056 3.922850764986341e-08
12650.056 3.788925266006738e-08
12700.056 3.679431057830923e-08
12750.056 2.911517578030454e-08
12800.056 2.3484941333882692e-08
12850.056 1.4526923414126909e-08
12900.056 1.024306150317918e-08
12950.056 8.077550365688894e-09
13000.056 7.146864820723057e-09
13050.056 4.2413094835959786e-09
13100.056 3.550794583954348e-09
13150.056 2.2023205134911202e-09
13200.056 1.8175994628848256e-09
13250.056 1.2476091153334387e-09
13300.056 4.3282000124090984e-10
13350.056 1.2142371693613677e-10
13400.056 8.074418884570381e-11
13450.056 2.6970925949970452e-11
13500.056 1.158846787099504e-11
13550.056 5.179507504332405e-12
13600.056 9.911573569184337e-13
13650.056 7.672252030220463e-12
13700.056 4.387096901058802e-12
13750.056 6.342463451533277e-12
13800.056 5.3256116900032615e-12
13850.056 3.348310607065082e-12
13900.056 5.103947248842378e-12
13950.056 3.5712451946740234e-12
14000.056 4.177015041058097e-12
14050.056 7.263292008621128e-12
14100.056 8.687352783296491e-12
14150.056 1.6778964086655847e-11
14200.056 1.0557280967991347e-11
14250.056 1.615800414213828e-11
14300.056 3.5999178731953844e-11
14350.056 4.039781358078473e-11
14400.056 4.6158267883369744e-11
14450.056 7.027882589550144e-11
14500.056 1.5597774196220926e-10
14550.056 1.797192048979654e-10
14600.056 2.315891438419851e-10
14650.056 1.6767311573157202e-10
14700.056 8.824850719493158e-11
14750.056 5.8151897831928536e-11
14800.056 1.2141150045736862e-10
14850.056 1.59225973187857e-10
14900.056 1.7576856057012074e-10
14950.056 1.5238783719648736e-10
15000.056 3.2804173226588447e-10
15050.056 2.7785124940059485e-10
15100.056 2.2381309581692586e-10
15150.056 2.0470657699731517e-10
15200.056 3.490748495063645e-10
15250.056 7.8155498718493e-10
15300.056 9.949623599273297e-10
15350.056 1.3412261415126123e-09
15400.056 1.801107748115848e-09
15450.056 2.3960638842569386e-09
15500.056 2.7229603046070345e-09
15550.056 4.186745315181887e-09
15600.056 5.362726593751189e-09
15650.056 7.2597125002785286e-09
15700.056 1.0014044945373377e-08
15750.056 1.2008716930835398e-08
15800.056 1.2919944716420837e-08
15850.056 1.4497145543593125e-08
15900.056 1.2084023449290225e-08
15950.056 1.0344667931097969e-08
16000.056 6.747751354281413e-09
16050.056 3.221759023443513e-09
16100.056 1.9080090349326264e-09
16150.056 9.576884781643862e-10
16200.056 4.980016289368718e-10
16250.056 3.280434400492049e-10
16300.056 2.0033405109503663e-10
16350.056 2.3766794038319415e-10
16400.056 3.084918223478762e-10
16450.056 2.5957514569707997e-10
16500.056 2.278067132709962e-10
16550.056 2.4435295750300864e-10
16600.056 3.270981459056669e-10
16650.056 2.545692729737341e-10
16700.056 3.407232919330103e-11
16750.056 1.1354813253458709e-10
16800.056 2.0721810899326768e-10
16850.056 2.522820215383561e-10
16900.056 1.2174516276907454e-10
16950.056 6.79575415015131e-11
17000.056 3.7763420168130796e-11
17050.056 8.076674180161616e-11
17100.056 1.4407357648951165e-10
17150.056 7.223201718846576e-11
17200.056 2.6823506930041697e-10
17250.056 1.6689806699695253e-10
17300.056 9.397050515358887e-11
17350.056 9.89593149769283e-11
17400.056 1.7526198540117585e-10
17450.056 2.5153819587483543e-10
17500.056 3.4378310709722923e-10
17550.056 3.1931286868900917e-10
17600.056 2.360434635377308e-10
17650.056 2.2692096814854762e-10
17700.056 1.5971201915817422e-10
17750.056 1.7399922992692074e-10
17800.056 4.427038327168716e-10
17850.056 2.03584678156133e-10
17900.056 1.4850492775049762e-10
17950.056 1.2259602033075897e-10
18000.056 1.86890014924749e-10
18050.056 1.7829375795990544e-10
18100.056 2.3067071480321474e-10
18150.056 2.132390919275358e-10
18200.056 1.4717241276362545e-10
18250.056 4.742250131853178e-10
18300.056 1.3443008820943907e-10
18350.056 9.842582599311174e-11
18400.056 7.939453389630114e-11
18450.056 2.809169603142014e-10
18500.056 2.8280363214631757e-10
18550.056 1.7367708407933278e-10
18600.056 2.2227052873826177e-10
18650.056 1.6495729243209137e-10
18700.056 5.7651780383208844e-11
18750.056 1.402858680184452e-10
18800.056 5.056286623481543e-10
18850.056 5.348338078365752e-10
18900.056 4.4820197471260134e-10
18950.056 7.812217895601064e-10
19000.056 2.4952132951717805e-10
19050.056 1.2954356933172492e-10
19100.056 3.025812267324227e-10
19150.056 1.334234643886631e-10
19200.056 2.0475291060002395e-10
19250.056 1.4208367594850226e-10
19300.056 9.50552803447443e-11
19350.056 8.139054986623433e-11
19400.056 7.463720145604176e-11
19450.056 1.513372363205637e-10
19500.056 9.192212852169802e-11
19550.056 1.1196892421527352e-10
19600.056 2.9799530411912014e-10
19650.056 2.1222428791280135e-10
19700.056 2.371119855053355e-10
19750.056 4.769923376733636e-10
19800.056 3.3468379425790456e-10
19850.056 4.820115259511568e-10
19900.056 5.570338674476958e-10
19950.056 8.527320315019115e-10
20000.056 1.1820967300555563e-09
20050.056 9.537956158445367e-10
20100.056 1.7399457030775871e-09
20150.056 8.734740148569908e-10
20200.056 7.408578840811727e-10
20250.056 1.5675858508171898e-09
20300.056 1.8478257518466027e-09
20350.056 2.1055247500448074e-09
20400.056 1.7554419426536676e-09
20450.056 3.230348834003483e-09
20500.056 4.045509392737974e-09
20550.056 4.618423624342577e-09
20600.056 4.946512683663476e-09
20650.056 6.476245831067549e-09
20700.056 7.251040725033491e-09
20750.056 8.592727225902777e-09
20800.056 8.409428195252275e-09
20850.056 9.263173184361493e-09
20900.056 1.0280429907347288e-08
20950.056 9.478692539960074e-09
21000.056 8.970251177212255e-09
21050.056 9.39629814155745e-09
21100.056 8.298859423281363e-09
21150.056 8.381337707422327e-09
21200.056 7.36267605440979e-09
21250.056 6.473128972256676e-09
21300.056 4.7220004409784045e-09
21350.056 4.831098467226091e-09
21400.056 4.277915841408093e-09
21450.056 3.227599936779742e-09
21500.056 2.7253843174498875e-09
21550.056 2.3518896304208075e-09
21600.056 1.8204219940995991e-09
21650.056 1.2910084121741225e-09
21700.056 1.1111859982814356e-09
21750.056 1.0717868426188636e-09
21800.056 7.193453485242507e-10
21850.056 6.819267061101825e-10
21900.056 4.206468084574378e-10
21950.056 1.3551642347616303e-10
22000.056 2.701638175805353e-11
22050.056 2.7074929898462358e-11
22100.056 1.0793611945802758e-10
22150.056 1.1587837513797454e-10
22200.056 1.2991272117444857e-10
22250.056 9.632188883312563e-11
22300.056 5.082458248973887e-11
22350.056 6.533973049534128e-11
22400.056 2.572820364091967e-11
22450.056 3.405322340330842e-11
22500.056 2.6253295043278483e-11
22550.056 1.6681810164195715e-11
22600.056 1.3083273780351982e-11
22650.056 2.5740710452893644e-11
22700.056 1.995932261414077e-11
22750.056 2.135300348410313e-11
22800.056 2.1342605606838324e-11
22850.056 1.6052568890508434e-11
22900.056 1.1599089534913515e-11
22950.056 1.0486922108561143e-11
23000.056 1.535896346290403e-11
23050.056 2.0247863204291043e-11
23100.056 9.116385147452925e-11
23150.056 9.774343627297262e-11
23200.056 4.867691325398168e-12
23250.056 1.385833225424514e-11
23300.056 1.4474419772945174e-11
23350.056 2.1970263634565952e-11
23400.056 1.965464230853074e-11
23450.056 1.2883584083281574e-11
23500.056 1.3779207757756304e-11
23550.056 2.5826000308051438e-11
23600.056 4.3373291436415775e-11
23650.056 7.100369233814036e-11
23700.056 1.6845290738096153e-11
23750.056 1.2599679362634296e-11
23800.056 4.7521716899031275e-11
23850.056 3.711630531869845e-11
23900.056 8.08487094868306e-11
23950.056 5.5341692576780304e-11
24000.056 1.006925908195377e-10
24050.056 1.353822126526478e-10
24100.056 1.4446672163511714e-10
24150.056 2.074513068258611e-10
24200.056 1.4251888854547187e-10
24250.056 1.1364842088647319e-10
24300.056 1.8948520486397441e-10
24350.056 1.597890112143718e-10
24400.056 3.364898426368351e-10
24450.056 3.870921450843525e-10
24500.056 3.5363248679523945e-10
24550.056 5.318097044008992e-10
24600.056 5.402209371911323e-10
24650.056 8.730824674833521e-10
24700.056 4.684079435033752e-10
24750.056 6.509409667838754e-10
24800.056 5.953484910162149e-10
24850.056 9.842862610561928e-10
24900.056 4.665404701587198e-10
24950.056 1.0011305646068363e-09
25000.056 9.58797923366135e-10
25050.056 6.247740256416385e-10
25100.056 9.805064596644686e-10
25150.056 4.581962502811416e-10
25200.056 7.052929093291862e-10
25250.056 3.0519468015509153e-10
25300.056 4.825170418182682e-10
25350.056 2.135014626471335e-10
25400.056 5.576184749373938e-10
25450.056 1.7282999217817438e-10
25500.056 1.5467528347541216e-10
25550.056 2.8399021398663e-10
25600.056 1.4652235954530543e-10
25650.056 8.497676366042144e-11
25700.056 1.2382719410660804e-10
25750.056 3.322220320968277e-11
25800.056 1.7339003351261814e-10
25850.056 3.4388396349705275e-11
25900.056 4.90125581275042e-11
25950.056 1.3340534522238522e-11
26000.056 1.620408401049581e-10
26050.056 2.2263230545488274e-11
26100.056 1.0353010260966485e-10
26150.056 4.898872073263363e-11
26200.056 6.614089248141313e-11
26250.056 3.7408121130892303e-10
26300.056 9.230874871314016e-11
26350.056 5.390030005346653e-10
26400.056 7.214945148790055e-10
26450.056 6.025903709671688e-10
26500.056 1.0928691408847851e-09
26550.056 1.5845078834227162e-10
26600.056 2.1564459474258702e-10
26650.056 3.3670187931199586e-11
26700.056 2.017417801307104e-11
26750.056 2.5888915254447013e-11
26800.056 7.883596345259204e-11
26850.056 4.256794778062663e-11
26900.056 2.1063705181064653e-10
26950.056 7.108229823257761e-11
27000.056 3.9720379595449936e-10
27050.056 3.97555373496543e-10
27100.056 6.37888397901606e-11
27150.056 5.317160892662168e-10
27200.056 6.240037190604181e-11
27250.056 1.9585062168570444e-10
27300.056 1.20265309061144e-09
27350.056 4.5171206817846196e-10
27400.056 2.4784155197682145e-11
27450.056 5.703658790970882e-10
27500.056 6.379507885185655e-10
27550.056 1.0956536894275957e-10
27600.056 3.1612689793159995e-10
27650.056 8.355452782087342e-11
27700.056 6.896197470179622e-11
27750.056 4.446456124876066e-10
27800.056 1.1688575811036768e-10
27850.056 2.0125932443568578e-10
27900.056 1.9457602563383166e-10
27950.056 5.357333629215904e-10
28000.056 4.701781451580389e-10
28050.056 5.858453900622406e-11
28100.056 4.350711823676096e-10
28150.056 3.3128592679993e-10
28200.056 9.406219296107061e-11
28250.056 6.002425719763657e-10
28300.056 5.797663685577634e-10
28350.056 1.2628201384993208e-10
28400.056 4.0903109191394377e-10
28450.056 7.003396049321121e-10
28500.056 4.45717708294746e-10
28550.056 1.0202543837547137e-10
28600.056 7.560172559538533e-10
28650.056 5.243084534038206e-10
28700.056 6.955623450026028e-10
28750.056 1.0439285043723837e-09
28800.056 4.852632343862752e-10
28850.056 9.82350484630077e-10
