galfind/configs/Brown_Dwarf_templates/sonora_bobcat/m+0.5/100g/sp_t375g100nc_m+0.5_resample.dat
# %ECSV 1.0
# ---
# datatype:
# - {name: wav, unit: Angstrom, datatype: float64}
# - {name: flux_nu, unit: erg / (cm2 Hz s), datatype: float64}
# meta: {C/O: '1.00', Kzz: '1.0000E+05', Teff: '375.', Y: '0.28', '[Fe/H]': '0.50', f_hole: '1.00', f_rain: '0.00', grav: '100.'}
# schema: astropy-2.0
wav flux_nu
4000.0559999999996 nan
4050.0559999999996 7.109534638021397e-18
4100.056 4.330880182440077e-16
4150.056 3.572731706000035e-15
4200.056 3.653911378697327e-15
4250.056 3.3558746378000307e-14
4300.056 8.064780285800032e-14
4350.056 1.5348809655000054e-13
4400.056 2.636988812400005e-13
4450.056 4.2518888714999995e-13
4500.056 6.596964472700015e-13
4550.056 6.401179821105968e-13
4600.056 8.293651691399957e-14
4650.056 4.7064944703999783e-14
4700.056 2.6563376797999885e-14
4750.056 1.4494950236999926e-14
4800.056 8.698042336599958e-15
4850.056 4.899909068199975e-15
4900.056 3.161581173699993e-15
4950.056 2.2752669844999956e-15
5000.056 1.5044490781999912e-15
5050.056 1.075382889700004e-15
5100.056 1.1675032400100212e-15
5150.056 1.3425048064000115e-15
5200.056 1.520261962200007e-15
5250.056 1.6906386550000016e-15
5300.056 1.8858187114000015e-15
5350.056 2.1188869214000034e-15
5400.056 2.3467821747000055e-15
5450.056 2.637312915000033e-15
5500.056 2.977202145500027e-15
5550.056 3.331147926100007e-15
5600.056 3.649924980000001e-15
5650.056 3.9031746439999885e-15
5700.056 3.934412321100006e-15
5750.056 3.964911064800004e-15
5800.056 3.677360133999991e-15
5850.056 2.6195706315999598e-15
5900.056 7.930414521060966e-16
5950.056 4.805038570080266e-15
6000.056 9.83373435429971e-15
6050.056 1.7771870947800424e-14
6100.056 2.9470781317000395e-14
6150.056 4.4992832478000345e-14
6200.056 6.515494014100039e-14
6250.056 8.798855113800002e-14
6300.056 1.220547908099997e-13
6350.056 1.6546946245000035e-13
6400.056 2.199344431800014e-13
6450.056 2.5208762835199245e-13
6500.056 3.3322579675900037e-13
6550.056 4.586690842919835e-13
6600.056 6.33942296172028e-13
6650.056 8.873374072100103e-13
6700.056 1.1566126911300062e-12
6750.056 1.5869922890000096e-12
6800.056 1.8442688751000246e-12
6850.056 1.8448884421000008e-12
6900.056 1.4047833509300401e-12
6950.056 9.909523541158961e-13
7000.056 1.0936400172269787e-12
7050.056 1.102206651627494e-12
7100.056 1.2070864409689592e-12
7150.056 9.00908019601769e-13
7200.056 6.908627195610292e-13
7250.056 8.196777757190448e-13
7300.056 8.391401067700041e-13
7350.056 1.0572937074447713e-12
7400.056 1.2859837680560893e-12
7450.056 1.6977578135401523e-12
7500.056 2.082469778679978e-12
7550.056 2.4185868241999987e-12
7600.056 2.596045908399998e-12
7650.056 1.3978174991349734e-12
7700.056 1.3724895479400273e-12
7750.056 3.2867152298000354e-12
7800.056 4.045516726679924e-12
7850.056 4.825889263649985e-12
7900.056 5.845522494379783e-12
7950.056 6.56855321250992e-12
8000.056 7.650917145389992e-12
8050.056 8.70804555751014e-12
8100.056 6.323546452619327e-12
8150.056 5.489953263599736e-12
8200.056 9.550577448117158e-12
8250.056 1.0389373729390355e-11
8300.056 1.2315265592196415e-11
8350.056 1.2298788082687306e-11
8400.056 1.4517740036574485e-11
8450.056 2.0671093024513684e-11
8500.056 2.4930689582299668e-11
8550.056 3.295356813700046e-11
8600.056 4.121677240400031e-11
8650.056 4.749226726000075e-11
8700.056 4.716967974700097e-11
8750.056 5.117118610800014e-11
8800.056 4.8612121680999035e-11
8850.056 3.29269888944972e-11
8900.056 2.9277251722771594e-12
8950.056 3.1886913005673867e-12
9000.056 2.288991386970817e-12
9050.056 1.1038171256432913e-11
9100.056 1.5528642522941413e-11
9150.056 2.1936107540556277e-11
9200.056 5.109856457939818e-11
9250.056 4.454291466776084e-11
9300.056 1.592470799443406e-12
9350.056 2.1356693777735313e-12
9400.056 8.516008324495472e-12
9450.056 9.43049569623834e-12
9500.056 7.226162164411605e-12
9550.056 8.360428458819158e-12
9600.056 8.089313000105527e-12
9650.056 1.5419828672746475e-11
9700.056 3.830040942975545e-11
9750.056 3.089961492610292e-11
9800.056 3.3077772041939146e-11
9850.056 3.5586308462251963e-11
9900.056 5.0501515502644186e-11
9950.056 4.1459525905972605e-11
10000.056 5.3819547702203126e-11
10050.056 5.6764351870903464e-11
10100.056 7.833062722469494e-11
10150.056 6.723525336575264e-11
10200.056 5.2017011971002956e-11
10250.056 7.22758469282016e-11
10300.056 1.1742911330771713e-10
10350.056 1.0292043108787688e-10
10400.056 2.6008848411877885e-10
10450.056 4.5115992286422674e-10
10500.056 7.035027883518859e-10
10550.056 1.0896193938900511e-09
10600.056 1.3494496103999915e-09
10650.056 1.5244415507310798e-09
10700.056 1.399024852261051e-09
10750.056 1.5253382753510524e-09
10800.056 1.4063749135925824e-09
10850.056 1.1146951669532989e-09
10900.056 6.282412189790856e-10
10950.056 2.1599723687162204e-10
11000.056 1.0285877112311519e-10
11050.056 4.718641847490806e-11
11100.056 1.7755052514447403e-11
11150.056 4.358547623326326e-12
11200.056 1.5474482607611022e-12
11250.056 1.5684176978360373e-12
11300.056 4.8397226919051954e-12
11350.056 7.486415165409162e-13
11400.056 4.798995274094665e-12
11450.056 3.0682003209565554e-12
11500.056 1.912384027893017e-12
11550.056 2.1421561829695758e-13
11600.056 9.920840809626704e-14
11650.056 8.577171766748163e-13
11700.056 9.54092413317203e-13
11750.056 1.1794919678340334e-13
11800.056 1.1413353417359327e-12
11850.056 1.6435396136943649e-12
11900.056 1.4337447202154096e-12
11950.056 2.8304164220149236e-12
12000.056 6.1837816319676536e-12
12050.056 1.4109776855040414e-11
12100.056 2.7081409873325417e-11
12150.056 5.1279092566583786e-11
12200.056 6.926256455350534e-11
12250.056 1.5622103690588135e-10
12300.056 3.439283438702725e-10
12350.056 4.1073325056010683e-10
12400.056 8.358903098192875e-10
12450.056 1.507924277807394e-09
12500.056 1.8120169760285772e-09
12550.056 2.4272856213186067e-09
12600.056 3.327080090639235e-09
12650.056 3.836115049194461e-09
12700.056 3.780515992055703e-09
12750.056 2.2024925244699645e-09
12800.056 1.1910541381252931e-09
12850.056 5.026893690041695e-10
12900.056 3.362311472176032e-10
12950.056 2.2154051076730268e-10
13000.056 2.256792305269104e-10
13050.056 1.026304893909171e-10
13100.056 8.136588437642574e-11
13150.056 4.105191225134588e-11
13200.056 4.220226319135419e-11
13250.056 3.2255300561266946e-11
13300.056 1.1259657610799733e-11
13350.056 3.187427466970871e-12
13400.056 1.7791151665480313e-12
13450.056 4.100150712743106e-13
13500.056 1.1841653422596303e-13
13550.056 3.160947492202623e-14
13600.056 3.321345897663821e-15
13650.056 4.808767767308853e-14
13700.056 2.004067458587277e-14
13750.056 5.763217392565619e-14
13800.056 3.831627230815712e-14
13850.056 1.929171127862711e-14
13900.056 4.65094174182956e-14
13950.056 2.900440388568431e-14
14000.056 3.834168454435542e-14
14050.056 7.506876952374917e-14
14100.056 9.254792057129837e-14
14150.056 2.649559946953379e-13
14200.056 1.353487284312652e-13
14250.056 2.535129610933874e-13
14300.056 7.330045142141209e-13
14350.056 7.348538207114774e-13
14400.056 7.856190815493292e-13
14450.056 1.635172423213692e-12
14500.056 4.088027801454929e-12
14550.056 4.417507412780647e-12
14600.056 4.661999905140219e-12
14650.056 1.9521023897187394e-12
14700.056 7.294634254148144e-13
14750.056 1.8282594948121738e-13
14800.056 4.2192630993661483e-13
14850.056 6.495795002013916e-13
14900.056 6.282665564809231e-13
14950.056 3.356019775137915e-13
15000.056 1.3210663153913757e-12
15050.056 1.008849889315714e-12
15100.056 4.799856458171622e-13
15150.056 2.1377633878939964e-13
15200.056 8.300101912193629e-13
15250.056 2.282372829715328e-12
15300.056 2.8184137392973686e-12
15350.056 5.277938382583501e-12
15400.056 7.071561741583158e-12
15450.056 1.0581854293191276e-11
15500.056 1.2322645089762533e-11
15550.056 3.666820143499314e-11
15600.056 5.6338933149103713e-11
15650.056 1.2572150317427501e-10
15700.056 2.4841814284389254e-10
15750.056 4.1061757160317147e-10
15800.056 5.210752945792209e-10
15850.056 7.118077013024945e-10
15900.056 7.537229852000153e-10
15950.056 8.020967540378162e-10
16000.056 5.877864136231123e-10
16050.056 2.832040223349479e-10
16100.056 1.5343465596986817e-10
16150.056 6.404996047763777e-11
16200.056 2.8173526798088193e-11
16250.056 1.5427958366063393e-11
16300.056 7.643709475538548e-12
16350.056 1.0412604765349644e-11
16400.056 1.3807385115988944e-11
16450.056 9.722897750070012e-12
16500.056 7.291726689840049e-12
16550.056 7.069128338437613e-12
16600.056 1.58501620111412e-11
16650.056 1.1372140441311191e-11
16700.056 1.0632516276256977e-12
16750.056 4.987997756145887e-12
16800.056 8.799186638546394e-12
16850.056 1.0612842710533257e-11
16900.056 3.6089287227052367e-12
16950.056 1.6576491151762833e-12
17000.056 7.379351940858497e-13
17050.056 1.7847664672236727e-12
17100.056 4.265347652140189e-12
17150.056 1.822124898108272e-12
17200.056 1.1183274860377602e-11
17250.056 4.3897816226583054e-12
17300.056 2.4036843906771145e-12
17350.056 2.9440149449288583e-12
17400.056 7.120714974926441e-12
17450.056 1.0029896835390654e-11
17500.056 1.5504801701478764e-11
17550.056 1.4186701239720853e-11
17600.056 1.0070424991017396e-11
17650.056 8.3948749047613e-12
17700.056 6.255019145134467e-12
17750.056 6.8594992168717626e-12
17800.056 2.4767472225417364e-11
17850.056 7.77160413514045e-12
17900.056 5.68093609424433e-12
17950.056 4.285686553096485e-12
18000.056 7.323438918353575e-12
18050.056 5.919502873450642e-12
18100.056 8.00550284773291e-12
18150.056 5.074861093493589e-12
18200.056 3.736142424140201e-12
18250.056 1.7411311002407737e-11
18300.056 2.1437676524572023e-12
18350.056 1.6035285552613036e-12
18400.056 9.18883006036088e-13
18450.056 8.396908099299653e-12
18500.056 8.356846959001638e-12
18550.056 3.827125408203953e-12
18600.056 6.87790039402215e-12
18650.056 4.41206252089065e-12
18700.056 5.739013551835731e-13
18750.056 1.6064006885813665e-12
18800.056 1.4595549660900785e-11
18850.056 1.4739394437416815e-11
18900.056 1.2918668281918642e-11
18950.056 2.141810750883944e-11
19000.056 3.799514597097555e-12
19050.056 1.4758076434897802e-12
19100.056 4.341205722928767e-12
19150.056 1.6089338744598437e-12
19200.056 2.7110081421170034e-12
19250.056 2.096030765481592e-12
19300.056 1.2440028644218247e-12
19350.056 1.0701101952642124e-12
19400.056 9.64282114324523e-13
19450.056 1.96120544258162e-12
19500.056 8.603953273804274e-13
19550.056 2.211525340546076e-12
19600.056 7.58277994702476e-12
19650.056 4.053260494586398e-12
19700.056 5.1435886123764135e-12
19750.056 1.1135231860280222e-11
19800.056 5.854569270702411e-12
19850.056 7.184554234474925e-12
19900.056 1.209271631588324e-11
19950.056 1.8799798483688737e-11
20000.056 2.7894606663645978e-11
20050.056 1.7249839213648612e-11
20100.056 3.725388313279085e-11
20150.056 1.59304821644362e-11
20200.056 9.668766894418096e-12
20250.056 2.8419249953972618e-11
20300.056 3.637110003937594e-11
20350.056 4.9073294485294354e-11
20400.056 3.2623555658587617e-11
20450.056 7.350243599261946e-11
20500.056 9.951719258043017e-11
20550.056 1.3357483422398515e-10
20600.056 1.4441190638773308e-10
20650.056 2.1897837711019694e-10
20700.056 2.641699055040208e-10
20750.056 3.672348438637376e-10
20800.056 3.450012081362979e-10
20850.056 4.661403569503212e-10
20900.056 5.523001934432546e-10
20950.056 5.22454758508026e-10
21000.056 5.267977617646292e-10
21050.056 6.046877228898641e-10
21100.056 5.479096081740698e-10
21150.056 5.619975563607499e-10
21200.056 4.987311357696737e-10
21250.056 4.462039947328532e-10
21300.056 3.312502975650537e-10
21350.056 3.3665464662879455e-10
21400.056 3.036220944263624e-10
21450.056 2.0465480181764196e-10
21500.056 1.646586006999041e-10
21550.056 1.503357102179329e-10
21600.056 1.1054710103311021e-10
21650.056 6.857755727757668e-11
21700.056 4.8098314681823346e-11
21750.056 5.482776505613185e-11
21800.056 3.096580554657109e-11
21850.056 3.239489569789921e-11
21900.056 2.002706059754114e-11
21950.056 4.812024643105144e-12
22000.056 5.017814459943765e-13
22050.056 9.994463336170131e-13
22100.056 5.292972041990507e-12
22150.056 3.6904287966970405e-12
22200.056 3.733036493348254e-12
22250.056 2.90509896950064e-12
22300.056 1.0900134690770705e-12
22350.056 1.736155642250445e-12
22400.056 4.926983549744723e-13
22450.056 8.377790577063932e-13
22500.056 6.652856207536951e-13
22550.056 2.822271198278321e-13
22600.056 2.0578754597416328e-13
22650.056 5.154874688177496e-13
22700.056 4.2108415603548334e-13
22750.056 6.221602769266125e-13
22800.056 6.5901046171761e-13
22850.056 4.3026781252596965e-13
22900.056 3.0087076011418205e-13
22950.056 1.9468226174589583e-13
23000.056 3.4128747366824367e-13
23050.056 3.800907736791293e-13
23100.056 3.3980378039674344e-12
23150.056 3.8484381521470966e-12
23200.056 7.622167625048097e-14
23250.056 4.2821014509126037e-13
23300.056 3.984533058957337e-13
23350.056 7.864315538873881e-13
23400.056 5.399607796060401e-13
23450.056 2.526631279836678e-13
23500.056 2.6752699605975136e-13
23550.056 7.003065807295965e-13
23600.056 1.9240713707820327e-12
23650.056 2.731553877210662e-12
23700.056 3.4747361137898806e-13
23750.056 3.311917140909299e-13
23800.056 2.2891530643970438e-12
23850.056 1.3833519043589755e-12
23900.056 3.694192376766216e-12
23950.056 1.5342668850511473e-12
24000.056 4.560199581815504e-12
24050.056 5.954161742146061e-12
24100.056 8.583128446387688e-12
24150.056 1.2548282676409746e-11
24200.056 6.6886095338782146e-12
24250.056 5.1853042770386066e-12
24300.056 1.0402102178701322e-11
24350.056 8.555311034372272e-12
24400.056 2.529361041158138e-11
24450.056 3.120771894391118e-11
24500.056 2.6402956966804853e-11
24550.056 4.4330998318833385e-11
24600.056 4.602699636274381e-11
24650.056 8.64106251536614e-11
24700.056 4.258477559665547e-11
24750.056 6.235016702917538e-11
24800.056 4.972909941541362e-11
24850.056 9.282166110783446e-11
24900.056 3.8664939135065566e-11
24950.056 8.353075961754849e-11
25000.056 8.864490016511058e-11
25050.056 5.462630131980132e-11
25100.056 9.018785778108817e-11
25150.056 3.398049840065566e-11
25200.056 5.4527119790439126e-11
25250.056 1.908815482214648e-11
25300.056 2.486642314325342e-11
25350.056 1.0815829721051203e-11
25400.056 3.0193194869753204e-11
25450.056 6.962932859687036e-12
25500.056 5.5695889337215655e-12
25550.056 1.4041119069004806e-11
25600.056 5.248436647387219e-12
25650.056 2.594824597066368e-12
25700.056 2.2390285031363477e-12
25750.056 5.529013291777804e-13
25800.056 3.927501454172455e-12
25850.056 4.795189590832869e-13
25900.056 6.677201011951623e-13
25950.056 1.1681928200753837e-13
26000.056 2.942828232196457e-12
26050.056 1.860709741532643e-13
26100.056 1.286136638801937e-12
26150.056 4.1000583360184114e-13
26200.056 6.497630896777385e-13
26250.056 7.346944919830521e-12
26300.056 8.710290686197437e-13
26350.056 1.590248306201527e-11
26400.056 3.211882613477194e-11
26450.056 1.9127085379608024e-11
26500.056 5.624910294072546e-11
26550.056 2.8205421463744234e-12
26600.056 3.1960929842415547e-12
26650.056 2.94474833218563e-13
26700.056 1.6144194924760654e-13
26750.056 3.7177858040341325e-13
26800.056 1.7242766184282963e-12
26850.056 9.072192131676101e-13
26900.056 6.113657523243091e-12
26950.056 1.4796154351128552e-12
27000.056 1.0897361529301739e-11
27050.056 1.608815816039821e-11
27100.056 7.089270262594888e-13
27150.056 1.5443677907095747e-11
27200.056 7.150837197701735e-13
27250.056 4.1739822005651736e-12
27300.056 5.074950894165466e-11
27350.056 1.2064774686044583e-11
27400.056 3.7903035163285953e-13
27450.056 1.8514312597578145e-11
27500.056 2.3275810166136015e-11
27550.056 2.5340123980020286e-12
27600.056 9.664482577219246e-12
27650.056 1.874009960068111e-12
27700.056 1.9387973661932922e-12
27750.056 1.7639830771351287e-11
27800.056 4.119879938316957e-12
27850.056 8.675827131089e-12
27900.056 8.733608414681654e-12
27950.056 2.566639078951789e-11
28000.056 2.7672880458660814e-11
28050.056 1.983912960678399e-12
28100.056 2.499641679243658e-11
28150.056 1.94120747001798e-11
28200.056 3.6329352660871913e-12
28250.056 3.632635893991647e-11
28300.056 3.165383825965623e-11
28350.056 4.869963695094173e-12
28400.056 2.0920456174890948e-11
28450.056 4.273510905427981e-11
28500.056 2.2527171859721727e-11
28550.056 4.085648460523302e-12
28600.056 4.118666788964557e-11
28650.056 2.3169391892531732e-11
28700.056 4.6247454014058825e-11
28750.056 6.438955407018143e-11
28800.056 2.0452645872384714e-11
28850.056 7.924096448213802e-11
