galfind/configs/Brown_Dwarf_templates/sonora_bobcat/m+0.5/100g/sp_t1900g100nc_m+0.5_resample.dat
# %ECSV 1.0
# ---
# datatype:
# - {name: wav, unit: Angstrom, datatype: float64}
# - {name: flux_nu, unit: erg / (cm2 Hz s), datatype: float64}
# meta: {C/O: '1.00', Kzz: '1.0000E+05', Teff: '1900.', Y: '0.28', '[Fe/H]': '0.50', f_hole: '1.00', f_rain: '0.00', grav: '100.'}
# schema: astropy-2.0
wav flux_nu
4000.0559999999996 nan
4050.0559999999996 2.863375237240953e-09
4100.056 3.141754448208033e-09
4150.056 2.2225041636076255e-09
4200.056 1.5971345153053477e-09
4250.056 1.4154354647508846e-09
4300.056 9.626501881003222e-10
4350.056 1.1100163056999613e-09
4400.056 1.1519821656502595e-09
4450.056 8.036049852000238e-10
4500.056 9.078689899800647e-10
4550.056 1.1372246350497396e-09
4600.056 1.0545439225299861e-09
4650.056 9.373488664999575e-10
4700.056 1.1415839596602612e-09
4750.056 1.3750612602497856e-09
4800.056 1.0569180112900855e-09
4850.056 1.3393813884301572e-09
4900.056 2.237119030449882e-09
4950.056 2.6111273638201716e-09
5000.056 1.55124567681982e-09
5050.056 1.8489067978502508e-09
5100.056 2.8954780688405326e-09
5150.056 3.134890084941082e-09
5200.056 2.2696820031000142e-09
5250.056 2.777043944510165e-09
5300.056 3.317958501170053e-09
5350.056 3.59880954905042e-09
5400.056 4.112521587300017e-09
5450.056 3.3880925847497202e-09
5500.056 2.6788845916497647e-09
5550.056 3.1569645774197598e-09
5600.056 2.852787777750191e-09
5650.056 2.4971822282999917e-09
5700.056 2.3423951639000425e-09
5750.056 1.5686526188799168e-09
5800.056 9.297640367399685e-10
5850.056 2.64800319367991e-10
5900.056 1.6218722785750983e-11
5950.056 6.276037409700062e-10
6000.056 2.239687681299991e-09
6050.056 4.8447472502001556e-09
6100.056 7.104029058400433e-09
6150.056 8.711361478099352e-09
6200.056 7.995106972500069e-09
6250.056 9.744605612200521e-09
6300.056 1.3726667798000269e-08
6350.056 1.750326373940066e-08
6400.056 2.1203389031000125e-08
6450.056 2.6031613742996768e-08
6500.056 2.6459248770995933e-08
6550.056 3.0932361736995414e-08
6600.056 3.043088050000123e-08
6650.056 2.8110121688002585e-08
6700.056 2.1269932905997405e-08
6750.056 2.8865103027002236e-08
6800.056 3.2791169287001315e-08
6850.056 4.0123637186999605e-08
6900.056 4.713860351400082e-08
6950.056 5.3557888327996164e-08
7000.056 6.425697359099462e-08
7050.056 6.09278616020037e-08
7100.056 4.4253110158996873e-08
7150.056 4.010501731500267e-08
7200.056 5.249939496199863e-08
7250.056 7.030970114200555e-08
7300.056 9.817236372501282e-08
7350.056 1.1838079989200394e-07
7400.056 1.2041389560700668e-07
7450.056 1.1425199799997439e-07
7500.056 1.207266414709962e-07
7550.056 1.3387771802600324e-07
7600.056 1.013994519649949e-07
7650.056 2.21522658713232e-08
7700.056 8.361775310259854e-09
7750.056 7.288926699900443e-08
7800.056 1.0861033224024477e-07
7850.056 1.356625056670003e-07
7900.056 1.3894437216502518e-07
7950.056 1.2930594332637194e-07
8000.056 1.5247609824098467e-07
8050.056 2.1264823251697222e-07
8100.056 3.072966573980566e-07
8150.056 4.4165793932002936e-07
8200.056 3.6941027006195913e-07
8250.056 4.1584131617000005e-07
8300.056 3.631101444200876e-07
8350.056 3.906788190100841e-07
8400.056 4.0432722253002923e-07
8450.056 2.874214604099455e-07
8500.056 2.706370677980512e-07
8550.056 3.147866443000237e-07
8600.056 3.4397577724389935e-07
8650.056 3.802273422319431e-07
8700.056 4.0764235703013107e-07
8750.056 4.914180122620475e-07
8800.056 6.564838343401264e-07
8850.056 6.747367672900666e-07
8900.056 5.198426334499759e-07
8950.056 5.509811353824854e-07
9000.056 6.84424973610103e-07
9050.056 7.336304628598388e-07
9100.056 9.164643094000278e-07
9150.056 1.0625792864300196e-06
9200.056 1.0204063879700522e-06
9250.056 6.83295940174918e-07
9300.056 5.528423685950469e-07
9350.056 6.183370262494854e-07
9400.056 6.935408618420675e-07
9450.056 7.720876273553209e-07
9500.056 8.972399198198523e-07
9550.056 1.0211710982921123e-06
9600.056 1.0574083710993148e-06
9650.056 1.2130660176632786e-06
9700.056 1.3217563486487976e-06
9750.056 1.0561521025429804e-06
9800.056 1.180518771992841e-06
9850.056 1.18820390513985e-06
9900.056 1.1330265673100178e-06
9950.056 1.121351946090021e-06
10000.056 1.1372355215298361e-06
10050.056 1.1269435243700292e-06
10100.056 1.374950749980419e-06
10150.056 1.3503008468096923e-06
10200.056 1.4711403916098507e-06
10250.056 1.4517963999895178e-06
10300.056 1.4686891373096364e-06
10350.056 1.6730782724097239e-06
10400.056 1.7963037169699073e-06
10450.056 1.930305305670328e-06
10500.056 1.8474479855697304e-06
10550.056 1.8575919370404891e-06
10600.056 2.0018160421504415e-06
10650.056 2.1417759329098425e-06
10700.056 2.344654849380163e-06
10750.056 2.571699370640165e-06
10800.056 2.746415487069806e-06
10850.056 2.9811465242597693e-06
10900.056 2.847905427419709e-06
10950.056 2.5971723988793506e-06
11000.056 2.491141072580085e-06
11050.056 1.83624220670206e-06
11100.056 1.9946526201052716e-06
11150.056 2.0698566740239156e-06
11200.056 2.1092058316879197e-06
11250.056 2.385500081256695e-06
11300.056 2.3989844987422542e-06
11350.056 2.174520351206914e-06
11400.056 1.8996211842961453e-06
11450.056 2.3507732952756544e-06
11500.056 2.614602049349364e-06
11550.056 2.5190596013125306e-06
11600.056 2.6384965912202305e-06
11650.056 2.7558235778021726e-06
11700.056 2.2693584494340817e-06
11750.056 2.292710005015028e-06
11800.056 2.2944539628070114e-06
11850.056 2.7671535654392403e-06
11900.056 2.8168387390292784e-06
11950.056 2.9305026057497285e-06
12000.056 2.814430592770216e-06
12050.056 3.103121925580496e-06
12100.056 3.124306126109826e-06
12150.056 3.418328873439795e-06
12200.056 3.539797438479537e-06
12250.056 3.765707182849349e-06
12300.056 3.907557478430673e-06
12350.056 3.9885186104504525e-06
12400.056 3.7063919366996075e-06
12450.056 3.1562360698400786e-06
12500.056 3.445971399639388e-06
12550.056 3.4806808928500587e-06
12600.056 3.707771461300105e-06
12650.056 3.911420449199588e-06
12700.056 4.125666530299836e-06
12750.056 4.107679711030314e-06
12800.056 4.4119764893996835e-06
12850.056 4.3136855407002866e-06
12900.056 4.2150231708094826e-06
12950.056 4.3952427495791594e-06
13000.056 4.477575830909045e-06
13050.056 4.539805920609601e-06
13100.056 4.501720952223323e-06
13150.056 4.488465208047636e-06
13200.056 4.301309978469574e-06
13250.056 4.014005281646148e-06
13300.056 3.395712794171659e-06
13350.056 2.1558670432107854e-06
13400.056 1.9739552350237085e-06
13450.056 1.7116343379666331e-06
13500.056 1.7043408585908314e-06
13550.056 1.5944772316732127e-06
13600.056 1.3979743783347817e-06
13650.056 1.5287281799474463e-06
13700.056 1.3366713922873632e-06
13750.056 1.314655475635481e-06
13800.056 1.5211131232548038e-06
13850.056 1.525663103747829e-06
13900.056 1.5127136495307316e-06
13950.056 1.433407632303459e-06
14000.056 1.3331679658190192e-06
14050.056 1.338500302351593e-06
14100.056 1.2090170479677833e-06
14150.056 1.1921574952431042e-06
14200.056 1.1292765718296372e-06
14250.056 1.1109966711051688e-06
14300.056 1.1369478714299965e-06
14350.056 1.1262442580905598e-06
14400.056 1.2193381665592026e-06
14450.056 1.2813246878647433e-06
14500.056 1.4273405193397388e-06
14550.056 1.454679963636001e-06
14600.056 1.506882589469637e-06
14650.056 1.4864074191543974e-06
14700.056 1.3759444571107411e-06
14750.056 1.46803047172737e-06
14800.056 1.529597056398529e-06
14850.056 1.64722608421641e-06
14900.056 1.6748090006440196e-06
14950.056 1.6824547503042915e-06
15000.056 1.7394200221295092e-06
15050.056 1.9092250420974277e-06
15100.056 1.9231196735823364e-06
15150.056 2.0331390775631815e-06
15200.056 2.1008131531238502e-06
15250.056 2.10875988031978e-06
15300.056 2.250958084709847e-06
15350.056 2.3094813051501005e-06
15400.056 2.4087808874800978e-06
15450.056 2.5383207298302876e-06
15500.056 2.5887878539594075e-06
15550.056 2.7510408908098616e-06
15600.056 2.7206391795703905e-06
15650.056 2.874179008830099e-06
15700.056 3.100663710261262e-06
15750.056 3.2325771341997427e-06
15800.056 3.2603432206008682e-06
15850.056 3.247220823250117e-06
15900.056 3.3273503895805903e-06
15950.056 3.442601907809883e-06
16000.056 3.5290855183397563e-06
16050.056 3.665760474500226e-06
16100.056 3.793891006500356e-06
16150.056 3.790103161800377e-06
16200.056 3.9330564366996175e-06
16250.056 3.993142183699926e-06
16300.056 4.027574198800073e-06
16350.056 4.2483971204997465e-06
16400.056 4.224632207700907e-06
16450.056 4.330311872040216e-06
16500.056 4.485250251600721e-06
16550.056 4.679475572149806e-06
16600.056 4.486793402840759e-06
16650.056 4.8865114996603325e-06
16700.056 4.749304141329062e-06
16750.056 4.863812838819298e-06
16800.056 5.030298657520278e-06
16850.056 5.008528215139803e-06
16900.056 4.8944732386502545e-06
16950.056 4.882605773649444e-06
17000.056 4.851980796800732e-06
17050.056 4.759841857980204e-06
17100.056 4.4798504160508125e-06
17150.056 4.379313748479606e-06
17200.056 4.023548021799749e-06
17250.056 3.824033522499864e-06
17300.056 3.915074219349352e-06
17350.056 3.6917106365302564e-06
17400.056 3.844446282562158e-06
17450.056 3.5659609751979654e-06
17500.056 3.396228576373789e-06
17550.056 3.409316687362118e-06
17600.056 3.2395587871310648e-06
17650.056 3.294122121173294e-06
17700.056 2.876481905391572e-06
17750.056 2.7341044460211276e-06
17800.056 2.736755223586643e-06
17850.056 2.5588858676034308e-06
17900.056 2.545328494069817e-06
17950.056 2.4815186659322734e-06
18000.056 2.2492252696772144e-06
18050.056 2.2748997136791546e-06
18100.056 2.172499611932082e-06
18150.056 2.4254668301428903e-06
18200.056 2.012485477402522e-06
18250.056 2.3456894206133124e-06
18300.056 2.2645582837978744e-06
18350.056 2.0987639534644114e-06
18400.056 2.0802670231312238e-06
18450.056 1.899719799248728e-06
18500.056 1.945916028503577e-06
18550.056 1.8365811562644119e-06
18600.056 1.5575839591447724e-06
18650.056 1.8105192668716152e-06
18700.056 1.9412737307963526e-06
18750.056 1.8410028123305773e-06
18800.056 1.8970408611018596e-06
18850.056 2.1774390150077794e-06
18900.056 2.1104757699559432e-06
18950.056 2.0964198329809238e-06
19000.056 2.2549280858495265e-06
19050.056 2.1953158396799717e-06
19100.056 2.2350619631548793e-06
19150.056 2.34890151064683e-06
19200.056 2.3116461816810024e-06
19250.056 2.2047639915472442e-06
19300.056 2.296842585152024e-06
19350.056 2.303840412576136e-06
19400.056 2.095216305028094e-06
19450.056 2.333735074571444e-06
19500.056 2.3063300671925888e-06
19550.056 2.010922147040875e-06
19600.056 2.3364972317048223e-06
19650.056 2.2934719184401955e-06
19700.056 2.314480956682366e-06
19750.056 2.1775060989423896e-06
19800.056 2.262649908233562e-06
19850.056 2.2752124178616196e-06
19900.056 2.061092113894645e-06
19950.056 2.381621835610113e-06
20000.056 2.1031050106084483e-06
20050.056 2.22969564309024e-06
20100.056 2.3700278683223478e-06
20150.056 2.288654370160199e-06
20200.056 2.360465228159076e-06
20250.056 2.494570094650163e-06
20300.056 2.4878296341600903e-06
20350.056 2.5321467772397773e-06
20400.056 2.507770342008663e-06
20450.056 2.718903933679819e-06
20500.056 2.661608219800363e-06
20550.056 2.739616242760126e-06
20600.056 2.924783241530631e-06
20650.056 2.8541057500709613e-06
20700.056 2.9724592645101433e-06
20750.056 3.040953685929376e-06
20800.056 3.160995901640339e-06
20850.056 3.16828852633982e-06
20900.056 3.3044167811096114e-06
20950.056 3.3592183583899365e-06
21000.056 3.5524860911997527e-06
21050.056 3.5406788342501597e-06
21100.056 3.6179704414199557e-06
21150.056 3.8393801662803004e-06
21200.056 3.7968955201604516e-06
21250.056 4.0015546417995305e-06
21300.056 3.883606627209819e-06
21350.056 4.185920631240231e-06
21400.056 4.0363963801005276e-06
21450.056 4.452989410000053e-06
21500.056 4.231560027700315e-06
21550.056 4.349511621919717e-06
21600.056 4.504805563600575e-06
21650.056 4.472175019600534e-06
21700.056 4.72183690859975e-06
21750.056 4.623277808919868e-06
21800.056 4.625837880899774e-06
21850.056 4.689666540999739e-06
21900.056 4.8404740917006875e-06
21950.056 4.771302748980407e-06
22000.056 4.98738093239978e-06
22050.056 4.792594299099203e-06
22100.056 4.996616966199866e-06
22150.056 5.039659152100513e-06
22200.056 4.876689821971447e-06
22250.056 5.170620241260358e-06
22300.056 5.124520579269469e-06
22350.056 5.000582610220403e-06
22400.056 5.285102401500381e-06
22450.056 5.219559503139078e-06
22500.056 5.320120265559568e-06
22550.056 5.2257314241188144e-06
22600.056 5.239422667699728e-06
22650.056 5.244962935561392e-06
22700.056 5.246196216551406e-06
22750.056 5.427804952939615e-06
22800.056 5.201276771920134e-06
22850.056 5.298963032470746e-06
22900.056 5.489483673109604e-06
22950.056 3.938929555740597e-06
23000.056 4.489134624620412e-06
23050.056 4.656326960509128e-06
23100.056 4.416786393325589e-06
23150.056 4.568663885204983e-06
23200.056 4.619447761861044e-06
23250.056 3.7305567644818654e-06
23300.056 4.089022361272241e-06
23350.056 4.187754606878157e-06
23400.056 4.028197856160098e-06
23450.056 4.202876679479648e-06
23500.056 3.996157207298873e-06
23550.056 3.5394450585412673e-06
23600.056 3.6387235303830037e-06
23650.056 3.902397612305583e-06
23700.056 3.893349154398745e-06
23750.056 3.808232893479593e-06
23800.056 3.7640596135367017e-06
23850.056 3.1722839448894315e-06
23900.056 3.504275039735368e-06
23950.056 3.611030632221328e-06
24000.056 3.3517768241195054e-06
24050.056 3.3326031448903706e-06
24100.056 3.0119929632090373e-06
24150.056 2.9247781718506524e-06
24200.056 2.971799072138781e-06
24250.056 2.880157694020639e-06
24300.056 2.729471261630094e-06
24350.056 2.5828287039502186e-06
24400.056 2.8279560177095517e-06
24450.056 2.5322077401697575e-06
24500.056 2.311585853119809e-06
24550.056 2.2864574826598274e-06
24600.056 2.3310081787645176e-06
24650.056 2.5228710703697035e-06
24700.056 2.1205260319799057e-06
24750.056 2.000460435765852e-06
24800.056 1.922039617294535e-06
24850.056 2.2440108719399272e-06
24900.056 1.7442986320442773e-06
24950.056 2.1643826762695786e-06
25000.056 1.896140057608026e-06
25050.056 1.5412829450464928e-06
25100.056 1.8397646835880364e-06
25150.056 1.5568909280131413e-06
25200.056 1.694834173917422e-06
25250.056 1.6058983240295509e-06
25300.056 1.7209451114700848e-06
25350.056 1.4265814151040826e-06
25400.056 1.5921888401387998e-06
25450.056 1.4379603078490785e-06
25500.056 1.5342533173976039e-06
25550.056 1.4190158175932837e-06
25600.056 1.4757248234062525e-06
25650.056 1.3198983810060194e-06
25700.056 1.644058258087235e-06
25750.056 1.221818024534182e-06
25800.056 1.5764010940144165e-06
25850.056 1.403938035598757e-06
25900.056 1.5676514189393595e-06
25950.056 1.3756568993968977e-06
26000.056 1.5465913027305138e-06
26050.056 1.7007957019801716e-06
26100.056 1.6159602230701524e-06
26150.056 1.6425585298493464e-06
26200.056 1.551615967770108e-06
26250.056 1.5576487692606241e-06
26300.056 1.6012681927501746e-06
26350.056 1.5603661773697597e-06
26400.056 1.6302660841493311e-06
26450.056 1.6116668533402778e-06
26500.056 1.6855384542891952e-06
26550.056 1.6484601124694237e-06
26600.056 1.9119841637993517e-06
26650.056 1.5026580474297142e-06
26700.056 1.5104088441099373e-06
26750.056 1.3914295589892483e-06
26800.056 1.558486680109355e-06
26850.056 1.293971002240024e-06
26900.056 1.6480321974201912e-06
26950.056 1.159829147540033e-06
27000.056 1.5558840961705502e-06
27050.056 1.303637520349946e-06
27100.056 1.3201772708797257e-06
27150.056 1.4058205999599247e-06
27200.056 1.3889096586505593e-06
27250.056 1.2976013449507825e-06
27300.056 1.4539360797298606e-06
27350.056 1.436773728609388e-06
27400.056 1.230680003540023e-06
27450.056 1.5867743709291657e-06
27500.056 1.4405318254498352e-06
27550.056 1.3966807877600928e-06
27600.056 1.6059956222396379e-06
27650.056 1.2545403180097362e-06
27700.056 1.244342107070243e-06
27750.056 1.5955049511388633e-06
27800.056 1.158700630979749e-06
27850.056 1.322655825299019e-06
27900.056 1.3516334192002514e-06
27950.056 1.5306752911797781e-06
28000.056 1.4842131719405358e-06
28050.056 1.1453872904103404e-06
28100.056 1.6126387333608352e-06
28150.056 1.303636020920052e-06
28200.056 1.1212465755401392e-06
28250.056 1.3990959582001e-06
28300.056 1.6068404624502688e-06
28350.056 1.3183822038393934e-06
28400.056 1.3388342915299474e-06
28450.056 1.362909875499627e-06
28500.056 1.4121394406196772e-06
28550.056 1.0722103173495334e-06
28600.056 1.6066723416400028e-06
28650.056 1.504322077149688e-06
28700.056 1.358330232869535e-06
28750.056 1.5178045338999532e-06
