galfind/configs/Brown_Dwarf_templates/sonora_bobcat/m+0.5/100g/sp_t700g100nc_m+0.5_resample.dat
# %ECSV 1.0
# ---
# datatype:
# - {name: wav, unit: Angstrom, datatype: float64}
# - {name: flux_nu, unit: erg / (cm2 Hz s), datatype: float64}
# meta: {C/O: '1.00', Kzz: '1.0000E+05', Teff: '700.', Y: '0.28', '[Fe/H]': '0.50', f_hole: '1.00', f_rain: '0.00', grav: '100.'}
# schema: astropy-2.0
wav flux_nu
[from data line 498]
28900.056 6.83618662619242e-09
28950.056 1.6192979799182694e-08
29000.056 1.2395630313516082e-08
29050.056 1.4378835841609041e-08
29100.056 1.0377508872709597e-08
29150.056 1.755536294251895e-08
29200.056 1.3051002399496748e-08
29250.056 2.0492160081496955e-08
29300.056 9.821504546957193e-09
29350.056 3.116022013543342e-08
29400.056 1.4728785430510588e-08
29450.056 1.637899778360211e-08
29500.056 2.0176021301320422e-08
29550.056 1.5653431564782418e-08
29600.056 2.0057115888264714e-08
29650.056 2.31908307945963e-08
29700.056 1.3620244227384066e-08
29750.056 2.1975661420899372e-08
29800.056 2.2024981257606437e-08
29850.056 2.561411331053286e-08
29900.056 2.301899869124227e-08
29950.056 2.1016051109379827e-08
30000.056 4.702180551977686e-09
30050.056 7.961242160915453e-09
30100.056 9.616845545031967e-09
30150.056 1.9304248603383594e-08
30200.056 1.4519824800412352e-08
30250.056 2.8926403869249632e-08
30300.056 2.73227143144767e-08
30350.056 2.006682900713127e-08
30400.056 2.8717221933335e-08
30450.056 1.828305858696129e-08
30500.056 1.6980924251220927e-08
30550.056 1.7359017580577616e-08
30600.056 2.3315927208771964e-08
30650.056 1.6037621763321918e-08
30700.056 1.4445868999689199e-08
30750.056 1.8782647048894405e-08
30800.056 1.3797714754262528e-08
30850.056 1.418777047371356e-08
30900.056 9.88507943360421e-09
30950.056 1.1106901523385584e-08
31000.056 9.1861037728559e-09
31050.056 9.040854500224463e-09
31100.056 7.125106415853788e-09
31150.056 1.0281935021757108e-08
31200.056 1.0566478789372576e-08
31250.056 7.512184199696895e-09
31300.056 6.336593678872026e-09
31350.056 7.533624162164283e-09
31400.056 5.618078355840919e-09
31450.056 5.974813886858161e-09
31500.056 4.274891050617555e-09
31550.056 5.098015717562642e-09
31600.056 3.4316163294609783e-09
31650.056 3.382076673157183e-09
31700.056 3.603743831174737e-09
31750.056 2.530994360873293e-09
31800.056 3.7374800149904464e-09
31850.056 2.1421734965894236e-09
31900.056 2.809679282521805e-09
31950.056 1.799577976604295e-09
32000.056 2.355838095615129e-09
32050.056 2.7131333441435364e-09
32100.056 2.5714750822261195e-09
32150.056 2.8485370218397925e-09
32200.056 2.1152179333623342e-09
32250.056 3.386901333633569e-09
32300.056 2.089357302422093e-09
32350.056 3.35015194434729e-09
32400.056 1.972280820992144e-09
32450.056 3.0537543940980885e-09
32500.056 2.301628781561339e-09
32550.056 2.5016586838021247e-09
32600.056 3.0515450052806668e-09
32650.056 5.266624932878666e-09
32700.056 3.777640258215231e-09
32750.056 5.7942490740293946e-09
32800.056 5.0896938377708316e-09
32850.056 6.448801371579403e-09
32900.056 6.830720126168662e-09
32950.056 7.576226927882398e-09
33000.056 5.84080292095085e-09
33050.056 6.0610535921258694e-09
33100.056 2.2934981480687593e-09
33150.056 2.0469708248959273e-10
33200.056 3.2715069521070296e-10
33250.056 1.8158332348298807e-10
33300.056 2.9875715719905863e-10
33350.056 7.408088041319252e-10
33400.056 1.3711361327751934e-09
33450.056 2.0469811547494757e-09
33500.056 3.950309269113375e-09
33550.056 2.6039740325927786e-09
33600.056 5.032328510784393e-09
33650.056 4.731904027825247e-09
33700.056 3.8289753137018e-09
33750.056 6.183392196048059e-09
33800.056 3.81407273882755e-09
33850.056 5.170970085698448e-09
33900.056 4.2310660503413364e-09
33950.056 4.227799457388379e-09
34000.056 6.150264089484252e-09
34050.056 2.406589078055902e-09
34100.056 5.862610109933479e-09
34150.056 4.141324334169742e-09
34200.056 5.0245490399192645e-09
34250.056 4.597101441658641e-09
34300.056 4.147529080744141e-09
34350.056 3.965398465061643e-09
34400.056 2.971678051685042e-09
34450.056 4.7990228706690535e-09
34500.056 4.262194449114438e-09
34550.056 2.9150045956444637e-09
34600.056 6.142127610790317e-09
34650.056 3.460952438227495e-09
34700.056 5.4002382827452914e-09
34750.056 4.765569967289948e-09
34800.056 4.2247901397718454e-09
34850.056 5.504489751356915e-09
34900.056 5.251978690558508e-09
34950.056 6.347640125117789e-09
35000.056 1.040187718187281e-08
35050.056 5.419477013248048e-09
35100.056 8.328713211391965e-09
35150.056 7.074453092871025e-09
35200.056 8.057600678552592e-09
35250.056 1.1176124610147154e-08
35300.056 7.816512997655228e-09
35350.056 8.237752912808446e-09
35400.056 9.472593845527053e-09
35450.056 6.325635676226185e-09
35500.056 1.4530749955564188e-08
35550.056 1.2647390426486321e-08
35600.056 1.0300974878577987e-08
35650.056 1.1767186603047817e-08
35700.056 1.0927070480332777e-08
35750.056 1.5183761629758715e-08
35800.056 1.9378509253200565e-08
35850.056 1.0243901695479462e-08
35900.056 1.3829389651912202e-08
35950.056 1.3605341305250611e-08
36000.056 1.3710276841782448e-08
36050.056 1.1636048306095108e-08
36100.056 1.2377278944021144e-08
36150.056 1.4517705463205164e-08
36200.056 1.5637525417103675e-08
36250.056 1.4293165740076452e-08
36300.056 1.911873020402841e-08
36350.056 1.6595446018617097e-08
36400.056 1.7177202063394223e-08
36450.056 2.1672546998235458e-08
36500.056 2.3898748495159904e-08
36550.056 2.3136105002906494e-08
36600.056 2.8526658389295103e-08
36650.056 2.6654085090526212e-08
36700.056 2.894922815421894e-08
36750.056 3.188717581628557e-08
36800.056 3.146306039210014e-08
36850.056 2.7160572267576755e-08
36900.056 3.364407942899442e-08
36950.056 3.559611501203212e-08
37000.056 3.135064539679296e-08
37050.056 3.338341452705469e-08
37100.056 3.7423449062152007e-08
37150.056 2.9908709791993894e-08
37200.056 3.8203894742088584e-08
37250.056 3.700586214499398e-08
37300.056 3.190553707055259e-08
37350.056 3.60357329659496e-08
37400.056 5.451990951547893e-08
37450.056 3.701902517225466e-08
37500.056 3.793170337047228e-08
37550.056 4.767012200678358e-08
37600.056 5.505099497400797e-08
37650.056 3.511294760367937e-08
37700.056 5.844963963602554e-08
37750.056 4.061275804679959e-08
37800.056 4.330290008016406e-08
37850.056 2.87362778089053e-08
37900.056 3.583148192967718e-08
37950.056 4.787673953959738e-08
38000.056 5.6077952701661386e-08
38050.056 5.53501668516195e-08
38100.056 5.6343688801915504e-08
38150.056 6.571037462719877e-08
38200.056 6.963149039162224e-08
38250.056 6.463040453256776e-08
38300.056 8.76999940545832e-08
38350.056 8.770074105221917e-08
38400.056 5.155307787085209e-08
38450.056 5.183352205674745e-08
38500.056 3.4754637948397085e-08
38550.056 5.7933585272022644e-08
38600.056 6.014947355020515e-08
38650.056 5.711819082888579e-08
38700.056 5.893473814010148e-08
38750.056 6.671824945170922e-08
38800.056 5.891021840297851e-08
38850.056 6.241700484020006e-08
38900.056 8.502409404240229e-08
38950.056 6.473081484176805e-08
39000.056 7.620768211189675e-08
39050.056 6.471554238890565e-08
39100.056 7.556484307459899e-08
39150.056 7.651934863280702e-08
39200.056 7.787945581650105e-08
39250.056 9.208709471658543e-08
39300.056 7.137010344306161e-08
39350.056 1.0523918528460491e-07
39400.056 8.078555840495788e-08
39450.056 9.11883478247803e-08
39500.056 9.222311682283155e-08
39550.056 8.898356360094898e-08
39600.056 9.874327859177413e-08
39650.056 1.048415612746824e-07
39700.056 1.0322887623702006e-07
39750.056 8.226199244004957e-08
39800.056 9.601015760638202e-08
39850.056 1.2450235225000436e-07
39900.056 1.2373568999901025e-07
39950.056 1.0085921630696979e-07
40000.056 1.4453424034283895e-07
40050.056 1.213996719687945e-07
40100.056 9.381358036494045e-08
40150.056 1.2623967681498142e-07
40200.056 1.3182385209394251e-07
40250.056 1.3357079038294347e-07
40300.056 1.3082860647002516e-07
40350.056 1.3228339604548014e-07
40400.056 1.570949866611302e-07
40450.056 1.2827075283113975e-07
40500.056 1.5969454160097335e-07
40550.056 1.5682841050974926e-07
40600.056 1.517803351400226e-07
40650.056 1.2717942082746028e-07
40700.056 1.861134547584908e-07
40750.056 1.5026646612698437e-07
40800.056 1.1932707051522755e-07
40850.056 2.021868953690621e-07
40900.056 1.8420222691742255e-07
40950.056 1.6798016029680969e-07
41000.056 1.6780563285549738e-07
41050.056 2.156421507829548e-07
41100.056 1.8089347870801355e-07
41150.056 1.2793554917016018e-07
41200.056 2.142534567393828e-07
41250.056 1.7210147274437145e-07
41300.056 1.6036592463495573e-07
41350.056 2.3057978491702794e-07
41400.056 2.041727870870345e-07
41450.056 2.2481346897400506e-07
41500.056 1.7628537138019112e-07
41550.056 1.7566048853474952e-07
41600.056 2.1423910902098706e-07
41650.056 2.224417521039946e-07
41700.056 2.017504273099081e-07
41750.056 2.0709351112198348e-07
41800.056 2.3490969179001182e-07
41850.056 1.792593027053956e-07
41900.056 1.943056334439576e-07
41950.056 1.8458556508204048e-07
42000.056 1.7992438039373045e-07
42050.056 1.7006985870483774e-07
42100.056 2.2599599281897864e-07
42150.056 1.8208388432100056e-07
42200.056 1.675285700855127e-07
42250.056 1.705628871669649e-07
42300.056 1.7044444942180655e-07
42350.056 2.0915161062703232e-07
42400.056 2.0287843072305818e-07
42450.056 1.854203980820424e-07
42500.056 1.7859889415998254e-07
42550.056 1.7374760679796875e-07
42600.056 1.8162217558593624e-07
42650.056 2.2160720461592248e-07
42700.056 1.876874780155777e-07
42750.056 1.8263223805099417e-07
42800.056 2.0357767177704036e-07
42850.056 2.26661253335921e-07
42900.056 2.3666177954307215e-07
42950.056 1.9916973169594382e-07
43000.056 2.196290632560251e-07
43050.056 1.5438771640686068e-07
43100.056 1.9660368125995617e-07
43150.056 1.865642915920276e-07
43200.056 2.2945776510800285e-07
43250.056 2.634184673090109e-07
43300.056 2.6047276407600027e-07
43350.056 1.8262169374296087e-07
43400.056 2.1603927239697822e-07
43450.056 1.900125112784353e-07
43500.056 1.7814252023140775e-07
43550.056 1.8753024510525322e-07
43600.056 2.563597865000299e-07
43650.056 1.9886998990320382e-07
43700.056 2.4875854254104237e-07
43750.056 2.3740106101904348e-07
43800.056 2.2245291959676927e-07
43850.056 1.9997970972202213e-07
43900.056 2.106173604129813e-07
43950.056 1.5484276759599788e-07
44000.056 1.5172182575949579e-07
44050.056 2.52134933127016e-07
44100.056 2.9438474374001533e-07
44150.056 2.7084375282055656e-07
44200.056 2.493226262659912e-07
44250.056 1.9094115070301578e-07
44300.056 1.659923946946343e-07
44350.056 1.8636733053195381e-07
44400.056 1.8669386605139574e-07
44450.056 2.3408772205695708e-07
44500.056 2.3857857985006357e-07
44550.056 2.894515923699625e-07
44600.056 2.4158121362442594e-07
44650.056 2.5113337131805605e-07
44700.056 1.833370185600039e-07
44750.056 2.461485315590402e-07
44800.056 2.0900077151802118e-07
44850.056 2.452726547740417e-07
44900.056 2.123604784018166e-07
44950.056 2.400357348670089e-07
45000.056 2.5329529692998697e-07
45050.056 2.4566690581099545e-07
45100.056 2.3660135589999636e-07
45150.056 2.419359235963602e-07
45200.056 2.0064806525702215e-07
45250.056 2.194564389869222e-07
45300.056 1.9167124688504047e-07
45350.056 1.9864141151601056e-07
45400.056 2.965857158260236e-07
45450.056 2.575699406569926e-07
45500.056 2.6786336515731233e-07
45550.056 2.958197297139122e-07
45600.056 2.9100148818004103e-07
45650.056 2.3277897065827943e-07
45700.056 2.0556115988091097e-07
45750.056 1.9746481526999783e-07
45800.056 2.988411913509972e-07
45850.056 2.9700031323499335e-07
45900.056 3.1342190471000084e-07
45950.056 2.622794274899883e-07
46000.056 2.965222873835113e-07
46050.056 2.534560369140214e-07
46100.056 3.062381119599771e-07
46150.056 2.418674904029947e-07
46200.056 2.272617381040017e-07
46250.056 1.5066920930476796e-07
46300.056 2.592368025898062e-07
46350.056 2.490511343950286e-07
46400.056 2.3420633810700954e-07
46450.056 2.2261616794404166e-07
46500.056 2.4259774819405874e-07
46550.056 1.850670174739914e-07
46600.056 2.3219547499378699e-07
46650.056 3.194650799639846e-07
46700.056 2.3616360157297997e-07
46750.056 1.7142496599840228e-07
46800.056 1.3344612351381552e-07
46850.056 3.2185274068106534e-07
46900.056 2.828138903539761e-07
46950.056 2.802434412629964e-07
47000.056 2.6190601350803775e-07
47050.056 2.414486694823073e-07
47100.056 1.7349592734862985e-07
47150.056 2.1774787772702815e-07
47200.056 2.608828627080076e-07
47250.056 1.9686103669798747e-07
47300.056 1.479127093132705e-07
47350.056 2.907458245679728e-07
47400.056 2.63034799605973e-07
47450.056 2.606890296272274e-07
47500.056 2.973822846309603e-07
47550.056 2.630871278510062e-07
47600.056 2.563765459369926e-07
47650.056 2.3328222254236403e-07
47700.056 2.3644373562036522e-07
47750.056 1.7476132903470642e-07
47800.056 1.829386770260101e-07
47850.056 1.3240256962261135e-07
47900.056 1.7200530725196847e-07
47950.056 2.2300357939002962e-07
48000.056 3.098540277300578e-07
48050.056 2.810424814060023e-07
48100.056 1.6524285127181767e-07
48150.056 2.3160197700901434e-07
48200.056 2.000052997190033e-07
48250.056 2.0743251272601608e-07
48300.056 2.784675868299153e-07
48350.056 1.8381897434801802e-07
48400.056 1.0796892361907542e-07
48450.056 1.8977513000486092e-07
48500.056 2.4674819367895696e-07
48550.056 2.1165360012900307e-07
48600.056 2.317439721250035e-07
48650.056 2.4992283767997494e-07
48700.056 2.1182311370099196e-07
48750.056 1.461919056800859e-07
48800.056 2.861922986219895e-07
48850.056 1.7629178163696886e-07
48900.056 2.6026414645859294e-07
48950.056 1.802096199180249e-07
49000.056 1.019396168733786e-07
49050.056 2.1493796871898148e-07
49100.056 2.4602056089505145e-07
49150.056 1.9991122256933228e-07
49200.056 2.721723614230466e-07
49250.056 2.587776303710414e-07
49300.056 2.2684815220600256e-07
49350.056 1.299811508061251e-07
49400.056 1.7542498142997251e-07
49450.056 1.8781366780406127e-07
49500.056 1.5086701100698284e-07
49550.056 7.256588574541034e-08
49600.056 1.3500008205947438e-07
49650.056 1.824418408779927e-07
49700.056 1.7518800281994198e-07
49750.056 2.0402782777896171e-07
49800.056 1.649904803432152e-07
49850.056 2.5331827429007097e-07
49900.056 2.0062952451137445e-07
49950.056 1.9962578990400522e-07
50000.056 1.776630363559713e-07
50050.056 2.1504317568500518e-07
50100.056 1.7175720145101324e-07
50150.056 1.1265076805598141e-07
50200.056 4.749530075681084e-08
50250.056 1.5243389263997726e-07
50300.056 1.148505203369167e-07
50350.056 2.1482674989402627e-07
50400.056 1.897591385769867e-07
50450.056 1.4931942534861594e-07
50500.056 1.9386595414902869e-07
50550.056 1.7865294054101625e-07
50600.056 1.5074562226795643e-07
50650.056 2.0999347908104743e-07
50700.056 2.1955913561991205e-07
50750.056 1.6671375053002492e-07
50800.056 9.361992589499352e-08
50850.056 7.981264797603156e-08
50900.056 2.0942502527800029e-07
50950.056 1.5665761613002113e-07
51000.056 1.638262168075104e-07
51050.056 1.6924522681999365e-07
51100.056 8.82206372363305e-08
51150.056 1.2361742098622797e-07
51200.056 2.358348474149843e-07
51250.056 1.5003599870976364e-07
51300.056 1.2275933090006145e-07
51350.056 1.285626295509918e-07
51400.056 6.932021887100097e-08
51450.056 5.8426858062282464e-08
51500.056 6.268670828752541e-08
51550.056 1.5783433783500935e-07
51600.056 1.1185101290532769e-07
51650.056 1.1866636798197073e-07
51700.056 1.3319058308229075e-07
51750.056 9.34621088305161e-08
51800.056 1.4275852907197353e-07
51850.056 1.3103668364299354e-07
51900.056 1.8762765830001674e-07
51950.056 1.3647416757498916e-07
52000.056 4.058165984308956e-08
52050.056 9.332670162831594e-08
52100.056 6.875727839699308e-08
52150.056 5.666617254170654e-08
52200.056 7.282417125240067e-08
52250.056 9.91864701650253e-08
52300.056 1.4500418706699142e-07
52350.056 8.988889566368318e-08
52400.056 6.886750006500646e-08
52450.056 1.442445709910072e-07
52500.056 1.2994201506996179e-07
52550.056 1.313495159389728e-07
52600.056 1.0820700261001316e-07
52650.056 1.1519863366811486e-07
52700.056 9.93267273119966e-08
52750.056 6.198432245639747e-08
52800.056 8.265708460801502e-08
52850.056 9.036651902036732e-08
52900.056 7.087157563932528e-08
52950.056 8.351783246120341e-08
53000.056 1.1980224146101788e-07
53050.056 5.791275840198445e-08
53100.056 9.738917794296712e-08
53150.056 1.322168093650164e-07
53200.056 6.223940887259986e-08
53250.056 1.2182917946000606e-07
53300.056 1.3709769940027598e-07
53350.056 1.2408504513899823e-07
53400.056 1.031147717429932e-07
53450.056 5.1947937785487844e-08
