galfind/configs/Brown_Dwarf_templates/sonora_bobcat/m+0.5/100g/sp_t1000g100nc_m+0.5_resample.dat
# %ECSV 1.0
# ---
# datatype:
# - {name: wav, unit: Angstrom, datatype: float64}
# - {name: flux_nu, unit: erg / (cm2 Hz s), datatype: float64}
# meta: {C/O: '1.00', Kzz: '1.0000E+05', Teff: '1000.', Y: '0.28', '[Fe/H]': '0.50', f_hole: '1.00', f_rain: '0.00', grav: '100.'}
# schema: astropy-2.0
wav flux_nu
4000.0559999999996 nan
4050.0559999999996 6.4278973610578e-13
4100.056 3.481434574579788e-11
4150.056 8.617702016900681e-11
4200.056 6.766519589751146e-11
4250.056 1.2395951228702436e-10
4300.056 1.4677112057001453e-10
4350.056 1.5695575550201147e-10
4400.056 1.805294024810106e-10
4450.056 2.037512687419981e-10
4500.056 2.012699596350092e-10
4550.056 2.3254643035290607e-10
4600.056 2.578949194870756e-10
4650.056 2.284104372069819e-10
4700.056 2.182566234699946e-10
4750.056 1.255592758640023e-10
4800.056 3.6219383471999233e-11
4850.056 7.313437839099882e-12
4900.056 2.54009889909998e-12
4950.056 1.0861093220999901e-12
5000.056 3.9808269602999577e-13
5050.056 1.7099937786999959e-13
5100.056 1.4221680477999983e-13
5150.056 1.2772905864999948e-13
5200.056 1.1524484464999986e-13
5250.056 1.0258535198799985e-13
5300.056 9.18234427139999e-14
5350.056 8.391363752799994e-14
5400.056 7.811653335199987e-14
5450.056 7.344634007799987e-14
5500.056 6.95473537420001e-14
5550.056 6.635011709900001e-14
5600.056 6.345594003299991e-14
5650.056 6.032064206499997e-14
5700.056 5.6692428156e-14
5750.056 5.17651683299999e-14
5800.056 4.476810581799992e-14
5850.056 3.237251235099965e-14
5900.056 1.1642738996770584e-14
5950.056 6.099642449900127e-14
6000.056 1.236928691149998e-13
6050.056 2.2507002464000292e-13
6100.056 3.8913992768000324e-13
6150.056 6.555815419400049e-13
6200.056 1.0865854071600074e-12
6250.056 1.7723068774000118e-12
6300.056 2.8533838383000205e-12
6350.056 4.5301502916000316e-12
6400.056 7.085473337700039e-12
6450.056 1.087577312130001e-11
6500.056 1.6357470810000106e-11
6550.056 2.4149401037000114e-11
6600.056 3.517029026200029e-11
6650.056 5.0398499411000315e-11
6700.056 6.133347991383052e-11
6750.056 9.61356898760004e-11
6800.056 1.2427086381000034e-10
6850.056 1.427381299400002e-10
6900.056 1.4113552832000128e-10
6950.056 1.3144823198999976e-10
7000.056 1.3445842619200126e-10
7050.056 1.476420836999987e-10
7100.056 1.6324184359e-10
7150.056 1.6886959739099757e-10
7200.056 1.6866232219760344e-10
7250.056 1.6365745252799133e-10
7300.056 1.4960890395199915e-10
7350.056 1.3430647091699743e-10
7400.056 1.189730458790019e-10
7450.056 1.0101106786500082e-10
7500.056 8.210762464799962e-11
7550.056 6.254017669699958e-11
7600.056 4.505719941999961e-11
7650.056 1.1138033872133468e-11
7700.056 7.259093467770353e-12
7750.056 4.0172750518000836e-11
7800.056 7.544437658836117e-11
7850.056 1.5516109932000116e-10
7900.056 2.47387383580002e-10
7950.056 3.0152875506248396e-10
8000.056 5.428320139100063e-10
8050.056 7.479430100200156e-10
8100.056 9.6103801428e-10
8150.056 1.2278338880969933e-09
8200.056 1.6066379484040885e-09
8250.056 1.996243185477063e-09
8300.056 2.4885910104042173e-09
8350.056 3.0428739437227628e-09
8400.056 3.6995311307998586e-09
8450.056 4.557653794979801e-09
8500.056 4.953663242007565e-09
8550.056 6.414185893800098e-09
8600.056 8.013521604900079e-09
8650.056 9.371307261100141e-09
8700.056 1.0990906720199688e-08
8750.056 1.2812849101000248e-08
8800.056 1.481100592720043e-08
8850.056 1.663851699199964e-08
8900.056 1.5864316543399092e-08
8950.056 1.4455000245727975e-08
9000.056 1.876310671075974e-08
9050.056 2.5278196560502986e-08
9100.056 2.8367412846599155e-08
9150.056 2.9267548770110377e-08
9200.056 3.379473437686158e-08
9250.056 3.365094336276618e-08
9300.056 1.847757307428768e-08
9350.056 2.154034515750855e-08
9400.056 2.755409182172821e-08
9450.056 3.3945263234753684e-08
9500.056 3.390728777968183e-08
9550.056 3.873019306588846e-08
9600.056 3.817604601817897e-08
9650.056 4.2998809141059946e-08
9700.056 4.8995082183400926e-08
9750.056 5.110989396731463e-08
9800.056 5.6433493623760067e-08
9850.056 6.403562034250957e-08
9900.056 7.151066844279449e-08
9950.056 7.544928760299403e-08
10000.056 7.350924700478299e-08
10050.056 8.871548045200135e-08
10100.056 1.0564533567398126e-07
10150.056 1.2212411225497658e-07
10200.056 1.412005412589921e-07
10250.056 1.571786160009971e-07
10300.056 1.756503674920074e-07
10350.056 2.0214620716799506e-07
10400.056 2.2512517807999078e-07
10450.056 2.370568171499987e-07
10500.056 2.4038703525000706e-07
10550.056 2.484542881480122e-07
10600.056 2.6140817374198593e-07
10650.056 2.8336720987401e-07
10700.056 2.9723033961402115e-07
10750.056 3.192624646010107e-07
10800.056 3.368129474740032e-07
10850.056 3.4121167697296934e-07
10900.056 2.6587473259728777e-07
10950.056 1.56072491553986e-07
11000.056 1.4198938831829232e-07
11050.056 1.2155202314256714e-07
11100.056 1.0044353406969805e-07
11150.056 7.715831719668642e-08
11200.056 7.597673689523537e-08
11250.056 8.871274843522798e-08
11300.056 8.863726884959989e-08
11350.056 4.921759791435024e-08
11400.056 6.997614625710332e-08
11450.056 6.90528033773544e-08
11500.056 7.469324101181925e-08
11550.056 4.773208015572786e-08
11600.056 5.388047348056511e-08
11650.056 6.536091266761787e-08
11700.056 5.869120335309577e-08
11750.056 3.755886833290789e-08
11800.056 6.933332199543957e-08
11850.056 9.937556147755846e-08
11900.056 1.0923860077055234e-07
11950.056 1.4995364682338202e-07
12000.056 1.776564710418922e-07
12050.056 2.1233230843625855e-07
12100.056 2.426917115431963e-07
12150.056 2.8338121125697665e-07
12200.056 3.259089361515313e-07
12250.056 3.632971309698802e-07
12300.056 4.100502457320576e-07
12350.056 4.3566145934902974e-07
12400.056 4.6380079269799043e-07
12450.056 4.319223509800419e-07
12500.056 4.6917285268899405e-07
12550.056 5.034900817950571e-07
12600.056 6.233799169090258e-07
12650.056 6.167765850109944e-07
12700.056 6.4172177831612e-07
12750.056 6.326145679554516e-07
12800.056 6.488989234882485e-07
12850.056 5.747227950029215e-07
12900.056 5.163767948148693e-07
12950.056 5.325705196679768e-07
13000.056 4.953012029163772e-07
13050.056 4.6766870694686014e-07
13100.056 4.298855347185331e-07
13150.056 3.6926359242892385e-07
13200.056 3.262340234589246e-07
13250.056 2.5851981968118087e-07
13300.056 1.4161693173350597e-07
13350.056 5.041674596356304e-08
13400.056 3.8119828819204287e-08
13450.056 2.5076398005743535e-08
13500.056 2.0363006993252635e-08
13550.056 1.6388137866576378e-08
13600.056 1.0510082016112937e-08
13650.056 1.8566530057207327e-08
13700.056 1.5950373269931623e-08
13750.056 1.505167702710906e-08
13800.056 1.700909744009441e-08
13850.056 1.5270760392016894e-08
13900.056 1.6013009843698323e-08
13950.056 1.466286092253767e-08
14000.056 1.4275927750233504e-08
14050.056 1.614114488630346e-08
14100.056 1.5170346705208378e-08
14150.056 1.8909368691568986e-08
14200.056 1.619004543598152e-08
14250.056 1.7361334391331034e-08
14300.056 2.268674822384881e-08
14350.056 2.283475907944923e-08
14400.056 2.66682638144435e-08
14450.056 2.8187148808416567e-08
14500.056 4.0695665927012364e-08
14550.056 4.521874182367646e-08
14600.056 5.2801134408155115e-08
14650.056 5.5258877661571135e-08
14700.056 4.9301262131236807e-08
14750.056 5.784731173476839e-08
14800.056 6.919107720184381e-08
14850.056 7.524226667178329e-08
14900.056 7.904898892221223e-08
14950.056 8.439478583747862e-08
15000.056 9.134111512166926e-08
15050.056 1.0545002452186728e-07
15100.056 1.1669630743299765e-07
15150.056 1.3058717499360437e-07
15200.056 1.307633723395484e-07
15250.056 1.4750326025563882e-07
15300.056 1.64194227033102e-07
15350.056 1.784471946146705e-07
15400.056 1.9948160500771145e-07
15450.056 2.1826316963302417e-07
15500.056 2.2757880057596154e-07
15550.056 2.533668843199893e-07
15600.056 2.439967354510136e-07
15650.056 2.6763306945902916e-07
15700.056 3.112911670781356e-07
15750.056 3.407208562499889e-07
15800.056 3.254677257921115e-07
15850.056 3.7091601006794916e-07
15900.056 3.657163921970486e-07
15950.056 3.8876576982391245e-07
16000.056 3.575828966240069e-07
16050.056 3.0302417901600526e-07
16100.056 2.706120071606954e-07
16150.056 2.2112795366454894e-07
16200.056 1.8119879197132557e-07
16250.056 1.708723909965836e-07
16300.056 1.4690493948529283e-07
16350.056 1.611674369607454e-07
16400.056 1.9229362793876512e-07
16450.056 2.0316058419216878e-07
16500.056 2.2236451556563688e-07
16550.056 2.1533528543910108e-07
16600.056 2.0355805186800133e-07
16650.056 1.8861279030330458e-07
16700.056 8.814539971367442e-08
16750.056 1.0349267067054684e-07
16800.056 1.6860178151225298e-07
16850.056 1.764580361921118e-07
16900.056 1.5200660881686322e-07
16950.056 1.2400787442514767e-07
17000.056 9.353497188575729e-08
17050.056 1.2960472708357946e-07
17100.056 1.4663755003978548e-07
17150.056 1.0956219025351229e-07
17200.056 1.401162947936702e-07
17250.056 1.223603331840623e-07
17300.056 9.802993498100077e-08
17350.056 8.564215225022253e-08
17400.056 9.812815534000368e-08
17450.056 1.0060984387773188e-07
17500.056 1.1075136793260297e-07
17550.056 1.0736110551438602e-07
17600.056 9.614380705807845e-08
17650.056 9.543330726274147e-08
17700.056 7.001110789431084e-08
17750.056 6.804087492465016e-08
17800.056 9.261502109011349e-08
17850.056 6.887383294238904e-08
17900.056 6.194760720022149e-08
17950.056 5.632206949510333e-08
18000.056 6.290037576880269e-08
18050.056 6.441694078256532e-08
18100.056 6.764928587550875e-08
18150.056 8.564885927206717e-08
18200.056 5.890242320391769e-08
18250.056 9.469479063118998e-08
18300.056 7.782360143209316e-08
18350.056 6.605877688802767e-08
18400.056 6.808193028345477e-08
18450.056 7.031731495576272e-08
18500.056 7.657650045150215e-08
18550.056 6.756185735107773e-08
18600.056 5.870206753106379e-08
18650.056 6.387391587445584e-08
18700.056 6.586326410674238e-08
18750.056 7.364116448496125e-08
18800.056 9.666563942142506e-08
18850.056 1.1144679225962485e-07
18900.056 1.0892843823001125e-07
18950.056 1.3198630425961895e-07
19000.056 1.2290882563774215e-07
19050.056 1.0689693274882808e-07
19100.056 1.3903122997711964e-07
19150.056 1.2768682310456946e-07
19200.056 1.3779044381832368e-07
19250.056 1.2263168381593045e-07
19300.056 1.246560229569661e-07
19350.056 1.1048454311566831e-07
19400.056 8.953750056007894e-08
19450.056 1.2808575183739032e-07
19500.056 1.2570979737129672e-07
19550.056 9.588371589046039e-08
19600.056 1.2682209118851542e-07
19650.056 1.345469940325861e-07
19700.056 1.3845156698722771e-07
19750.056 1.3619911779647952e-07
19800.056 1.4485423806837067e-07
19850.056 1.6721020612545813e-07
19900.056 1.373567855674803e-07
19950.056 1.8868868164407926e-07
20000.056 1.6726848936621436e-07
20050.056 1.8580219282953512e-07
20100.056 2.0589429875471612e-07
20150.056 2.082055195148319e-07
20200.056 2.252414309764071e-07
20250.056 2.4978552512617613e-07
20300.056 2.4766399390187834e-07
20350.056 2.779431793531707e-07
20400.056 2.7089398749911276e-07
20450.056 3.0654336825452824e-07
20500.056 3.177032423317935e-07
20550.056 3.1636777117389706e-07
20600.056 3.5813062261862387e-07
20650.056 3.5115925480315386e-07
20700.056 3.6432045277159007e-07
20750.056 3.8432730204373036e-07
20800.056 3.955183176428245e-07
20850.056 3.8395261455696816e-07
20900.056 4.023935164798855e-07
20950.056 3.9792595392295426e-07
21000.056 4.0147827238207597e-07
21050.056 3.997388267649898e-07
21100.056 3.8443803878503177e-07
21150.056 4.012939338981408e-07
21200.056 3.736216985314995e-07
21250.056 3.7166140651651286e-07
21300.056 3.2515100802919963e-07
21350.056 3.43209014714075e-07
21400.056 3.138004644740278e-07
21450.056 3.121745024414304e-07
21500.056 2.811488251078591e-07
21550.056 2.6274211208594856e-07
21600.056 2.3674578390515513e-07
21650.056 2.0857620778690402e-07
21700.056 2.123014618693897e-07
21750.056 1.8214906888719047e-07
21800.056 1.5589021401652433e-07
21850.056 1.3940330036298083e-07
21900.056 1.0466531374073667e-07
21950.056 6.592054088480606e-08
22000.056 3.002766108090058e-08
22050.056 1.7752457246212386e-08
22100.056 2.4879386639772758e-08
22150.056 3.9271138522663565e-08
22200.056 4.7234915470781145e-08
22250.056 4.157860946361882e-08
22300.056 3.505690186177523e-08
22350.056 3.265705288539819e-08
22400.056 2.4799289625436134e-08
22450.056 2.073106748021354e-08
22500.056 1.9335594239322643e-08
22550.056 1.593572318635132e-08
22600.056 1.6691989056260932e-08
22650.056 1.7213148234780166e-08
22700.056 1.5281411252489872e-08
22750.056 1.6034562433950146e-08
22800.056 1.3775249496959543e-08
22850.056 1.2124407852401762e-08
22900.056 1.0527940652591607e-08
22950.056 9.970945841496948e-09
23000.056 1.2584783514639155e-08
23050.056 1.6873046842610307e-08
23100.056 2.681007028909552e-08
23150.056 3.227021178324247e-08
23200.056 1.027351265857086e-08
23250.056 1.0777721228952472e-08
23300.056 9.681066702955237e-09
23350.056 9.598526747927707e-09
23400.056 1.0605160163514533e-08
23450.056 1.0659021686797375e-08
23500.056 1.174223899060885e-08
23550.056 1.465556487366458e-08
23600.056 1.6529128638158252e-08
23650.056 2.1583961640148522e-08
23700.056 1.527117129357593e-08
23750.056 1.1807170536990234e-08
23800.056 1.1457434823200703e-08
23850.056 1.3680351458099013e-08
23900.056 2.0087857860463788e-08
23950.056 2.377780232311051e-08
24000.056 2.474188866552682e-08
24050.056 3.242462614342807e-08
24100.056 3.041536652699307e-08
24150.056 3.4155059727887353e-08
24200.056 3.442645834490876e-08
24250.056 2.9250236979321375e-08
24300.056 3.459027411578249e-08
24350.056 2.945997185073789e-08
24400.056 3.8447445453089054e-08
24450.056 3.8811940963314416e-08
24500.056 4.0022091507608136e-08
24550.056 4.788194353895985e-08
24600.056 4.9047208473954416e-08
24650.056 5.9207171580182894e-08
24700.056 4.8917074782990623e-08
24750.056 5.575955524634365e-08
24800.056 5.8061494390741975e-08
24850.056 7.123692006087847e-08
24900.056 5.428678166877323e-08
24950.056 7.896235050799642e-08
25000.056 7.401002316146697e-08
25050.056 5.989688393342336e-08
25100.056 7.714530050752957e-08
25150.056 5.9113016931237485e-08
25200.056 7.365773967418076e-08
25250.056 6.136879300277704e-08
25300.056 8.028286087703458e-08
25350.056 5.570579831878299e-08
25400.056 8.261894321051922e-08
25450.056 5.821227191704904e-08
25500.056 5.815630194116792e-08
25550.056 6.065313766996702e-08
25600.056 5.3008933325204586e-08
25650.056 4.589127134750945e-08
25700.056 6.917061655120913e-08
25750.056 3.926979534798795e-08
25800.056 6.51517528100062e-08
25850.056 4.367852246672147e-08
25900.056 5.304875860544014e-08
25950.056 3.9713227254564684e-08
26000.056 7.446979877339684e-08
26050.056 5.843595915782584e-08
26100.056 7.012517452429402e-08
26150.056 5.98608008683087e-08
26200.056 6.765312513059156e-08
26250.056 8.443887394743249e-08
26300.056 7.149796357214267e-08
26350.056 1.0061084418978577e-07
26400.056 1.0269678589022113e-07
26450.056 1.1192314335149e-07
26500.056 1.1736755096743236e-07
26550.056 8.51251039476043e-08
26600.056 1.128744500117233e-07
26650.056 6.667142407975332e-08
26700.056 6.72380452606996e-08
26750.056 4.950037761706685e-08
26800.056 7.487036276875005e-08
26850.056 4.74691924326728e-08
26900.056 8.662276024294989e-08
26950.056 5.165424027131767e-08
27000.056 9.702211685931916e-08
27050.056 7.754717802460773e-08
27100.056 7.017440870271476e-08
27150.056 1.0415893063469382e-07
27200.056 7.795334908425272e-08
27250.056 8.446337671394837e-08
27300.056 1.3648604296847282e-07
27350.056 1.1556908544507265e-07
27400.056 6.005401213851761e-08
27450.056 1.4628112634817622e-07
27500.056 1.3443977028064824e-07
27550.056 8.678119561823816e-08
27600.056 1.3907303285729634e-07
27650.056 7.936207069296096e-08
27700.056 6.944804277071624e-08
27750.056 1.361861417706676e-07
27800.056 7.595476377697272e-08
27850.056 8.992187266062092e-08
27900.056 9.865507768732746e-08
27950.056 1.4270542318710617e-07
28000.056 1.2387196040854255e-07
28050.056 6.287467933001682e-08
28100.056 1.5110258479551246e-07
28150.056 1.0415164324313058e-07
28200.056 6.799922369501448e-08
28250.056 1.397461927342115e-07
28300.056 1.7456104458519746e-07
28350.056 8.707567781106805e-08
28400.056 1.1618598513967562e-07
28450.056 1.430999317381236e-07
28500.056 1.2798872367985347e-07
28550.056 6.450888397336868e-08
28600.056 1.6212138459455333e-07
28650.056 1.460482826214861e-07
28700.056 1.3134796736106622e-07
28750.056 1.6615158890452338e-07
28800.056 1.4458119670214615e-07
