galfind/configs/Brown_Dwarf_templates/sonora_bobcat/m+0.5/100g/sp_t300g100nc_m+0.5_resample.dat
# %ECSV 1.0
# ---
# datatype:
# - {name: wav, unit: Angstrom, datatype: float64}
# - {name: flux_nu, unit: erg / (cm2 Hz s), datatype: float64}
# meta: {C/O: '1.00', Kzz: '1.0000E+05', Teff: '300.', Y: '0.28', '[Fe/H]': '0.50', f_hole: '1.00', f_rain: '0.00', grav: '100.'}
# schema: astropy-2.0
wav flux_nu
[from data line 498]
28900.056 1.602332038463182e-12
28950.056 2.2660475978852322e-12
29000.056 1.0574507507202737e-12
29050.056 1.985338605745563e-12
29100.056 7.619586861123534e-13
29150.056 6.354127215039252e-13
29200.056 6.008086618773731e-12
29250.056 3.09232005602017e-12
29300.056 1.6781546891873309e-12
29350.056 4.759470269979827e-12
29400.056 2.9321804036305373e-12
29450.056 6.90110672280942e-13
29500.056 6.416127763857276e-12
29550.056 1.4440032387261884e-12
29600.056 1.3508171066803894e-12
29650.056 8.231914709800467e-12
29700.056 1.0766327356487243e-12
29750.056 7.0571553345946896e-12
29800.056 2.7497888015322877e-12
29850.056 6.989093902716853e-12
29900.056 2.250673043142495e-12
29950.056 3.5170011953891878e-12
30000.056 2.3757264326584036e-14
30050.056 3.6050480638220327e-13
30100.056 2.4988812590172205e-12
30150.056 1.0154240703895637e-11
30200.056 5.133548413937968e-12
30250.056 7.935972360369742e-12
30300.056 1.4445145918279343e-11
30350.056 1.7435059587609964e-12
30400.056 1.2723922651925966e-11
30450.056 1.4209104367979162e-11
30500.056 2.9705364012786043e-12
30550.056 3.0068027039289104e-12
30600.056 6.571884703043397e-11
30650.056 2.1192798784791874e-11
30700.056 5.445878628554675e-12
30750.056 1.8247292411299942e-11
30800.056 2.4513297681857142e-11
30850.056 2.494462914446192e-11
30900.056 9.689370604500907e-12
30950.056 6.7497142423637836e-12
31000.056 1.091449644360297e-11
31050.056 3.359420569831145e-12
31100.056 3.207574175139286e-12
31150.056 5.9345245392556075e-12
31200.056 3.576594636326623e-11
31250.056 1.8994375089230386e-11
31300.056 6.846784851127346e-12
31350.056 3.3241004813921674e-11
31400.056 2.4257717396421067e-11
31450.056 2.0909395740753682e-11
31500.056 5.415601004560873e-12
31550.056 1.1629136306748447e-11
31600.056 9.420179400830367e-12
31650.056 7.472234836357448e-12
31700.056 4.816985342262457e-12
31750.056 2.8884065882946878e-12
31800.056 4.570746533113767e-12
31850.056 5.852346740342652e-13
31900.056 1.4256303699810706e-12
31950.056 1.023123331842383e-12
32000.056 4.359945696311719e-13
32050.056 8.072468547758606e-13
32100.056 7.475745990169676e-13
32150.056 4.845902230239048e-13
32200.056 1.9010723339208757e-13
32250.056 4.885734507789864e-13
32300.056 9.792107943095092e-14
32350.056 3.984782648519865e-13
32400.056 2.2490085300819943e-14
32450.056 2.2308341516119573e-13
32500.056 1.9553038842392402e-14
32550.056 1.4764429072623844e-13
32600.056 1.1402129259570477e-14
32650.056 4.887174672235104e-13
32700.056 2.359575191339306e-14
32750.056 1.4171940874105012e-12
32800.056 4.4538867801762457e-13
32850.056 4.99917100653636e-12
32900.056 3.5243800954445944e-12
32950.056 3.780728416326366e-12
33000.056 7.859614321070004e-13
33050.056 5.839370374753861e-13
33100.056 8.009584743582564e-14
33150.056 2.9980518690196536e-17
33200.056 5.331364926592851e-15
33250.056 1.0847369061758416e-14
33300.056 2.2706911032949146e-13
33350.056 3.968654026478034e-13
33400.056 2.6062233965491302e-12
33450.056 4.122729778734264e-13
33500.056 2.73533353625059e-12
33550.056 3.282090427270916e-13
33600.056 1.1908407487151006e-12
33650.056 1.1500381893634654e-12
33700.056 1.6037396668430249e-13
33750.056 1.6444061861043067e-12
33800.056 5.445674942893718e-14
33850.056 7.491134682580975e-13
33900.056 8.980449048730568e-13
33950.056 8.384670663406997e-13
34000.056 2.300168460114032e-12
34050.056 3.25396908477447e-13
34100.056 2.6691462585838867e-12
34150.056 8.985821526783999e-13
34200.056 3.936654511172918e-12
34250.056 1.3064478228096646e-12
34300.056 2.0720369417261376e-12
34350.056 8.841899608534093e-12
34400.056 1.3100266542233507e-12
34450.056 6.321226295676366e-12
34500.056 1.8832343216026896e-12
34550.056 3.4937565833053844e-12
34600.056 1.7871531159336574e-11
34650.056 9.169080429580584e-13
34700.056 8.710993266556172e-12
34750.056 5.105445147662346e-12
34800.056 4.500560969142755e-12
34850.056 1.908454661912266e-11
34900.056 1.6073213251990446e-12
34950.056 2.0997057589534103e-11
35000.056 2.7091678718118238e-11
35050.056 2.1429411718100066e-11
35100.056 3.93130220907435e-11
35150.056 2.9991160702562566e-11
35200.056 2.417999935552448e-11
35250.056 5.047899953621547e-11
35300.056 1.5070314272443205e-11
35350.056 1.1679330171716098e-11
35400.056 7.061433138196371e-12
35450.056 8.655382569549646e-12
35500.056 3.697571875030677e-11
35550.056 1.6853612792019145e-11
35600.056 3.663307066547343e-11
35650.056 6.090980400870092e-11
35700.056 6.360314152796617e-11
35750.056 4.753446858976888e-11
35800.056 2.870092397735141e-11
35850.056 1.1170052190241424e-11
35900.056 1.3278794000666774e-11
35950.056 2.2922395553020568e-11
36000.056 3.589917510478011e-11
36050.056 2.2191195817962436e-11
36100.056 2.0859169646011826e-11
36150.056 9.612214874736363e-11
36200.056 7.854225837267508e-11
36250.056 4.3377338208072777e-11
36300.056 1.6441429270517473e-10
36350.056 7.196526323736482e-11
36400.056 1.3605045203057961e-10
36450.056 1.1563046117365983e-10
36500.056 1.1203781262319496e-10
36550.056 2.5466879902598076e-10
36600.056 2.09287210357347e-10
36650.056 1.2421915218793465e-10
36700.056 1.9370804767207247e-10
36750.056 2.4432126564955866e-10
36800.056 3.194739957365584e-10
36850.056 9.093625942151542e-11
36900.056 1.9396259952462863e-10
36950.056 3.1888435083158683e-10
37000.056 1.7982256207261795e-10
37050.056 3.480393343160854e-10
37100.056 1.3329043888464614e-10
37150.056 1.7528849589027393e-10
37200.056 4.719280198930706e-10
37250.056 2.4422644745937756e-10
37300.056 1.0424351754213521e-10
37350.056 2.3103601752730355e-10
37400.056 3.922812928617899e-10
37450.056 1.1341354077023206e-10
37500.056 2.441274159075912e-10
37550.056 5.353254037283488e-10
37600.056 1.0631101921751267e-09
37650.056 1.8852889077562644e-10
37700.056 4.129842278985264e-10
37750.056 3.2292018084643746e-10
37800.056 2.5090927219415134e-10
37850.056 1.0831874555219597e-10
37900.056 1.4211450163633357e-10
37950.056 3.8232306788423806e-10
38000.056 3.6845613781587354e-10
38050.056 7.775667667848251e-10
38100.056 8.488929924950797e-10
38150.056 1.2004232710008143e-09
38200.056 7.769724042324358e-10
38250.056 1.1855839221766822e-09
38300.056 1.7980514905106608e-09
38350.056 1.2471995668297637e-09
38400.056 3.101806829869765e-10
38450.056 7.287912142373115e-11
38500.056 6.241220845427184e-11
38550.056 4.2882160404361594e-10
38600.056 4.777544222822188e-10
38650.056 5.985121942959351e-10
38700.056 2.2544925303487733e-10
38750.056 4.5570254368423213e-10
38800.056 4.3481872681568684e-10
38850.056 6.377902383839507e-10
38900.056 7.509023878222406e-10
38950.056 3.783090482534482e-10
39000.056 1.0446609574177284e-09
39050.056 2.8401341107629415e-10
39100.056 6.742023386284388e-10
39150.056 1.2305568644182134e-09
39200.056 6.423471136101248e-10
39250.056 1.5257080476329481e-09
39300.056 6.496662119893379e-10
39350.056 1.8247188775607737e-09
39400.056 7.024440003432386e-10
39450.056 1.3828106929429404e-09
39500.056 1.2188056909916943e-09
39550.056 3.9211687100070175e-10
39600.056 1.393968799532682e-09
39650.056 1.479513854203708e-09
39700.056 1.7073367972914271e-09
39750.056 5.966534407673496e-10
39800.056 6.421144727233953e-10
39850.056 1.8812635033445717e-09
39900.056 2.7592546077493144e-09
39950.056 6.868327876486986e-10
40000.056 1.6106291078321575e-09
40050.056 2.0257438277369037e-09
40100.056 5.425255828329808e-10
40150.056 1.8262368689299033e-09
40200.056 2.027011046639728e-09
40250.056 2.3881201396126293e-09
40300.056 2.419911262184492e-09
40350.056 1.148311371876204e-09
40400.056 1.6650668642188736e-09
40450.056 6.06516237886097e-10
40500.056 2.6395046181613542e-09
40550.056 2.9970284578977636e-09
40600.056 1.9984178178700364e-09
40650.056 1.3374470888555001e-09
40700.056 3.0645253916127374e-09
40750.056 1.9615497201685295e-09
40800.056 1.06090933236739e-09
40850.056 4.734471982191275e-09
40900.056 3.730523058991293e-09
40950.056 3.273151717766397e-09
41000.056 1.958378497853289e-09
41050.056 4.96062831096829e-09
41100.056 3.875184155120756e-09
41150.056 1.0066473970139107e-09
41200.056 5.470834690461082e-09
41250.056 3.310681918070902e-09
41300.056 3.5267372894631167e-09
41350.056 5.647167684499426e-09
41400.056 4.2541227316095075e-09
41450.056 7.069732017197593e-09
41500.056 3.8655411350719036e-09
41550.056 3.074944363947862e-09
41600.056 3.361978341662085e-09
41650.056 5.800431094279863e-09
41700.056 8.64107027346798e-09
41750.056 5.807536810858731e-09
41800.056 5.243592003441101e-09
41850.056 5.763925737565254e-09
41900.056 3.982283345822303e-09
41950.056 3.783802117913153e-09
42000.056 1.1066123958841336e-09
42050.056 2.3585418246345307e-09
42100.056 2.3798117234828e-09
42150.056 3.4340980818536324e-09
42200.056 5.117016786911317e-09
42250.056 3.4209252500991862e-09
42300.056 2.9685682824642e-09
42350.056 6.2330795190400954e-09
42400.056 8.468461645071199e-09
42450.056 9.052005689102009e-09
42500.056 9.207290286798405e-09
42550.056 7.357809452898195e-09
42600.056 6.988343687719649e-09
42650.056 1.1625394757675944e-08
42700.056 3.940252663305743e-09
42750.056 9.366947703851993e-09
42800.056 1.5771650761302137e-08
42850.056 1.4760454445296268e-08
42900.056 1.456972872147265e-08
42950.056 1.2282246370599559e-08
43000.056 1.444690679214187e-08
43050.056 6.240676322555147e-09
43100.056 1.0287986208015408e-08
43150.056 8.194138826540949e-09
43200.056 1.6103595132501877e-08
43250.056 1.9421316353200398e-08
43300.056 1.8733718632699942e-08
43350.056 9.78484530219652e-09
43400.056 1.5073950304181397e-08
43450.056 8.072082804540096e-09
43500.056 6.917004880106143e-09
43550.056 8.842273401631225e-09
43600.056 1.770036268170273e-08
43650.056 1.017802162953995e-08
43700.056 2.0532416754907088e-08
43750.056 1.9876372104197048e-08
43800.056 1.6520092786907125e-08
43850.056 1.431419224886093e-08
43900.056 9.460849204324422e-09
43950.056 5.6388774576095396e-09
44000.056 6.65834153194918e-09
44050.056 2.0848206986099563e-08
44100.056 2.639843737839941e-08
44150.056 2.3833138516818946e-08
44200.056 2.2535319994900795e-08
44250.056 9.76030489639862e-09
44300.056 7.82400282639102e-09
44350.056 8.018312561844544e-09
44400.056 6.788768312769441e-09
44450.056 1.6120232342881815e-08
44500.056 1.502978126862201e-08
44550.056 2.1607213766598806e-08
44600.056 1.7542520566779156e-08
44650.056 1.493843910450227e-08
44700.056 1.0038614746198741e-08
44750.056 1.9385661750203896e-08
44800.056 9.960675526180711e-09
44850.056 1.3377165461921072e-08
44900.056 1.4329672795660552e-08
44950.056 1.7603653302502973e-08
45000.056 2.343531690700115e-08
45050.056 1.800462533419699e-08
45100.056 1.6000938746419696e-08
45150.056 1.2353256886567122e-08
45200.056 9.714545666291059e-09
45250.056 1.2209879725806609e-08
45300.056 1.191952723031156e-08
45350.056 7.600776340542838e-09
45400.056 3.016862466600425e-08
45450.056 2.0405254278161628e-08
45500.056 3.0527144393762336e-08
45550.056 3.0699688399491215e-08
45600.056 2.2348112541004667e-08
45650.056 1.8498966547400192e-08
45700.056 1.106073903819878e-08
45750.056 1.0283454594601015e-08
45800.056 2.9478642017201393e-08
45850.056 1.9327202753939887e-08
45900.056 3.0823343649197064e-08
45950.056 2.9716111624099056e-08
46000.056 2.826742588720299e-08
46050.056 1.9338440614984558e-08
46100.056 3.905052509399684e-08
46150.056 1.922493020540088e-08
46200.056 1.4579172032437002e-08
46250.056 4.782728751002611e-09
46300.056 1.862617757070028e-08
46350.056 1.8294580367143014e-08
46400.056 1.7610443575500203e-08
46450.056 1.6181483005364918e-08
46500.056 1.929117389834368e-08
46550.056 7.793391768799973e-09
46600.056 1.2209921979786156e-08
46650.056 2.166060356810116e-08
46700.056 1.322747343049615e-08
46750.056 5.028506673090985e-09
46800.056 2.9139266690399195e-09
46850.056 1.9308494482403417e-08
46900.056 2.3070923417399206e-08
46950.056 2.43891831568982e-08
47000.056 2.412257805430326e-08
47050.056 1.4120122540995808e-08
47100.056 9.977343725561394e-09
47150.056 1.880448425378218e-08
47200.056 1.9591178762998217e-08
47250.056 8.767928253168442e-09
47300.056 5.609880641619482e-09
47350.056 2.1968720292202388e-08
47400.056 2.1137830053397337e-08
47450.056 1.2956185342850632e-08
47500.056 2.488391916530066e-08
47550.056 2.2792272908401176e-08
47600.056 1.751228847743792e-08
47650.056 1.9840150492663948e-08
47700.056 1.4170684469940886e-08
47750.056 1.0335554497000412e-08
47800.056 7.109422017701292e-09
47850.056 2.7028030589586356e-09
47900.056 5.131125875413941e-09
47950.056 1.597148573320107e-08
48000.056 2.307741818279933e-08
48050.056 1.7152544470580673e-08
48100.056 6.506110775477011e-09
48150.056 1.444617006080055e-08
48200.056 7.346955439233317e-09
48250.056 1.0604636179799372e-08
48300.056 2.210046263799897e-08
48350.056 1.1002507148298184e-08
48400.056 1.8515406546154147e-09
48450.056 3.982603169472065e-09
48500.056 8.121724186877946e-09
48550.056 9.953861083567302e-09
48600.056 1.8582510808598504e-08
48650.056 2.491506738489794e-08
48700.056 1.4263725443453104e-08
48750.056 1.1690719782102757e-08
48800.056 1.9772368297400433e-08
48850.056 8.62665807355863e-09
48900.056 8.672237167698982e-09
48950.056 3.934490591659868e-09
49000.056 2.188585046989494e-09
49050.056 9.124252503358741e-09
49100.056 1.4403306990322915e-08
49150.056 1.0664217610837893e-08
49200.056 2.0234195016203638e-08
49250.056 2.0803991828099557e-08
49300.056 1.5953428815599563e-08
49350.056 4.718513936963099e-09
49400.056 7.502488000427586e-09
49450.056 6.332166927976451e-09
49500.056 4.47588640032409e-09
49550.056 6.058335489170121e-10
49600.056 2.0595466582464486e-09
49650.056 8.28419218700144e-09
49700.056 1.0304908533396803e-08
49750.056 7.790238417000403e-09
49800.056 4.288572730728222e-09
49850.056 1.3064024387121982e-08
49900.056 1.2315802258799054e-08
49950.056 1.2491813149500283e-08
50000.056 6.305538042799787e-09
50050.056 8.115167074680639e-09
50100.056 6.615595682899413e-09
50150.056 2.2114587093184933e-09
50200.056 2.6380134605611247e-10
50250.056 2.0501096841000083e-09
50300.056 1.3134386168043211e-09
50350.056 7.740811985801631e-09
50400.056 9.930682099638091e-09
50450.056 8.218831778961338e-09
50500.056 1.3689325506180095e-08
50550.056 1.1765937628300947e-08
50600.056 7.693720151077846e-09
50650.056 1.5067076614002004e-08
50700.056 1.2670147876598651e-08
50750.056 6.6220957733201815e-09
50800.056 1.4262007078366884e-09
50850.056 5.715490459342828e-10
50900.056 5.802528395200761e-09
50950.056 6.49945635599909e-09
51000.056 4.318577993459418e-09
51050.056 8.939475423319074e-09
51100.056 2.5432100837160377e-09
51150.056 2.150736099808501e-09
51200.056 1.0472374144799966e-08
51250.056 7.755106657288938e-09
51300.056 4.742299994381346e-09
51350.056 3.2755146841963726e-09
51400.056 6.306535594961437e-10
51450.056 5.738467092256011e-10
51500.056 5.970477630918456e-10
51550.056 3.0266421775307364e-09
51600.056 3.50421863026104e-09
51650.056 5.835491909200173e-09
51700.056 5.285383305808436e-09
51750.056 3.0664457651557084e-09
51800.056 7.281377284799286e-09
51850.056 5.573624366699598e-09
51900.056 4.919544356399771e-09
51950.056 2.0647166770897515e-09
52000.056 1.8115031241995284e-10
52050.056 9.511405058300972e-10
52100.056 4.697139988099015e-10
52150.056 2.498367602507007e-10
52200.056 1.2681555210900024e-09
52250.056 2.383119528970572e-09
52300.056 2.5133251724597827e-09
52350.056 5.428382515037191e-10
52400.056 6.483264624639965e-10
52450.056 3.714547045860214e-09
52500.056 2.367373544958442e-09
52550.056 4.224089007999851e-09
52600.056 3.60881797902001e-09
52650.056 4.309645701500099e-09
52700.056 2.557111744379683e-09
52750.056 5.637428412587966e-10
52800.056 1.3704676717702702e-09
52850.056 1.6373639177096025e-09
52900.056 4.234616691431833e-10
52950.056 8.580879996881512e-10
53000.056 2.1025158418304047e-09
53050.056 6.623516191158107e-10
53100.056 3.3355000425198065e-09
53150.056 3.101470825148954e-09
53200.056 1.4801200546539773e-09
53250.056 2.3610596874762295e-09
53300.056 3.074764206441644e-09
53350.056 2.234983996324186e-09
53400.056 1.263249627859559e-09
53450.056 3.581462333298905e-10
53500.056 8.02164215970755e-11
