galfind/configs/Brown_Dwarf_templates/sonora_bobcat/m+0.5/100g/sp_t1200g100nc_m+0.5_resample.dat
# %ECSV 1.0
# ---
# datatype:
# - {name: wav, unit: Angstrom, datatype: float64}
# - {name: flux_nu, unit: erg / (cm2 Hz s), datatype: float64}
# meta: {C/O: '1.00', Kzz: '1.0000E+05', Teff: '1200.', Y: '0.28', '[Fe/H]': '0.50', f_hole: '1.00', f_rain: '0.00', grav: '100.'}
# schema: astropy-2.0
wav flux_nu
4000.0559999999996 nan
4050.0559999999996 1.0981734397383255e-11
4100.056 1.3152355918199286e-10
4150.056 1.9053859273001782e-10
4200.056 1.5501993340728585e-10
4250.056 2.1073116109705788e-10
4300.056 2.2401228556103107e-10
4350.056 2.361617436850175e-10
4400.056 2.725246353910285e-10
4450.056 2.814246234760011e-10
4500.056 2.8354799356001657e-10
4550.056 3.3800012732797267e-10
4600.056 3.7986892449639783e-10
4650.056 3.579608886189668e-10
4700.056 3.973473298199997e-10
4750.056 3.4278095376999726e-10
4800.056 1.780199375949997e-10
4850.056 7.549732865099799e-11
4900.056 3.3408951455999675e-11
4950.056 1.3208621575899858e-11
5000.056 3.7684640895999565e-12
5050.056 1.2903959249999886e-12
5100.056 1.010156236309996e-12
5150.056 8.637682940699883e-13
5200.056 7.348350036300033e-13
5250.056 6.068030773699977e-13
5300.056 4.978213111499989e-13
5350.056 4.152385564499991e-13
5400.056 3.5231337973999923e-13
5450.056 3.00094902209999e-13
5500.056 2.5601742377999915e-13
5550.056 2.1966786838999952e-13
5600.056 1.889398419999996e-13
5650.056 1.6155133250999975e-13
5700.056 1.3701503070999979e-13
5750.056 1.1297604267199965e-13
5800.056 8.925474968999973e-14
5850.056 6.055499377999938e-14
5900.056 2.1289277583044347e-14
5950.056 1.1593872666100197e-13
6000.056 2.580780130200016e-13
6050.056 5.277916919700054e-13
6100.056 1.027533261750009e-12
6150.056 1.946792392700016e-12
6200.056 3.582462704100027e-12
6250.056 6.395204087100053e-12
6300.056 1.1049476878100088e-11
6350.056 1.8560369383000138e-11
6400.056 3.0298130287000176e-11
6450.056 4.806756595600026e-11
6500.056 7.425892204000058e-11
6550.056 1.1243956226400067e-10
6600.056 1.6772805251000117e-10
6650.056 2.4589916641000096e-10
6700.056 2.660934464079514e-10
6750.056 4.833162443000024e-10
6800.056 6.415231361500003e-10
6850.056 7.248296813400001e-10
6900.056 6.90848217800003e-10
6950.056 6.209236977399977e-10
7000.056 6.237485086600044e-10
7050.056 6.849290990599961e-10
7100.056 7.607726386700013e-10
7150.056 7.924008632699898e-10
7200.056 7.842021125100144e-10
7250.056 7.439280807499718e-10
7300.056 6.608691949899984e-10
7350.056 5.744739919899907e-10
7400.056 4.921291470100061e-10
7450.056 4.0202223250000237e-10
7500.056 3.105083297999983e-10
7550.056 2.2107910545999834e-10
7600.056 1.409464144309983e-10
7650.056 2.5602390269528477e-11
7700.056 1.3899974414696788e-11
7750.056 1.0815789474200283e-10
7800.056 2.38332405300805e-10
7850.056 5.475561372200057e-10
7900.056 9.128448107100074e-10
7950.056 1.1201849980250348e-09
8000.056 2.1142655400000244e-09
8050.056 2.954708718300055e-09
8100.056 3.857163505429996e-09
8150.056 5.009847105869988e-09
8200.056 6.408485866920284e-09
8250.056 8.312495464180295e-09
8300.056 1.0478969794950745e-08
8350.056 1.301709011006922e-08
8400.056 1.5979043010899346e-08
8450.056 1.980787915749919e-08
8500.056 2.1158771308517938e-08
8550.056 2.6983580250600518e-08
8600.056 3.195434336800003e-08
8650.056 3.29598582069979e-08
8700.056 3.756761937299505e-08
8750.056 4.31906113750025e-08
8800.056 5.104003580500458e-08
8850.056 5.916049758599616e-08
8900.056 6.287900497289812e-08
8950.056 5.5923495054679933e-08
9000.056 7.705173798968789e-08
9050.056 9.094008622360419e-08
9100.056 1.0160998585771405e-07
9150.056 1.045971068174019e-07
9200.056 1.1685562804081919e-07
9250.056 1.1443426751397853e-07
9300.056 6.827011103710357e-08
9350.056 7.730149295117457e-08
9400.056 9.373575591061702e-08
9450.056 1.1167541294703467e-07
9500.056 1.1269280931492116e-07
9550.056 1.248152691219258e-07
9600.056 1.1730922135519631e-07
9650.056 1.2745422118338155e-07
9700.056 1.3842823491773643e-07
9750.056 1.4180094982200782e-07
9800.056 1.5417030079053528e-07
9850.056 1.7142014415320055e-07
9900.056 1.6981826983547229e-07
9950.056 1.6907908253567908e-07
10000.056 1.5795728824696223e-07
10050.056 1.848189765560027e-07
10100.056 2.203380127849594e-07
10150.056 2.471513321519398e-07
10200.056 2.8081165681797126e-07
10250.056 3.020004546899731e-07
10300.056 3.207145609200158e-07
10350.056 3.666209094099929e-07
10400.056 4.0709848731998057e-07
10450.056 4.164019589100154e-07
10500.056 3.962580606600001e-07
10550.056 3.9507950666002975e-07
10600.056 4.160938222899931e-07
10650.056 4.534387930400124e-07
10700.056 4.810511006470413e-07
10750.056 5.234500421860231e-07
10800.056 5.64198265204002e-07
10850.056 5.980549180119341e-07
10900.056 5.091658802859602e-07
10950.056 3.495872436271445e-07
11000.056 3.3391575027925464e-07
11050.056 3.011704962391348e-07
11100.056 2.704159612004966e-07
11150.056 2.328875053976969e-07
11200.056 2.3336662414243522e-07
11250.056 2.714581718336469e-07
11300.056 2.618920536345004e-07
11350.056 1.6597156596727648e-07
11400.056 1.957813289627975e-07
11450.056 2.1278497476578885e-07
11500.056 2.519821863632059e-07
11550.056 2.0392431095535555e-07
11600.056 2.2566792906040712e-07
11650.056 2.341751719396388e-07
11700.056 1.9685952262741993e-07
11750.056 1.7742494938304796e-07
11800.056 2.1507854728857779e-07
11850.056 2.9192999389541353e-07
11900.056 3.1146836901759566e-07
11950.056 3.828615560909828e-07
12000.056 4.091877621352144e-07
12050.056 4.67245124095211e-07
12100.056 5.008879526099907e-07
12150.056 5.670222281689299e-07
12200.056 6.239869435478368e-07
12250.056 6.804182026258013e-07
12300.056 7.449769740561191e-07
12350.056 7.785232763130534e-07
12400.056 7.911173916499774e-07
12450.056 7.30933806100059e-07
12500.056 7.913865282199757e-07
12550.056 8.273704171150748e-07
12600.056 1.0004480210300451e-06
12650.056 9.985781354959713e-07
12700.056 1.0587035444371946e-06
12750.056 1.050405821897061e-06
12800.056 1.0939382134230934e-06
12850.056 1.0061441374424973e-06
12900.056 9.327825215053898e-07
12950.056 9.715820289369076e-07
13000.056 9.341469207637123e-07
13050.056 9.199673760010855e-07
13100.056 8.76829471442938e-07
13150.056 7.981741798283567e-07
13200.056 7.330800554488605e-07
13250.056 6.163015199178735e-07
13300.056 3.924868311004963e-07
13350.056 1.5245405512205426e-07
13400.056 1.1186987849248166e-07
13450.056 7.868850202024418e-08
13500.056 6.801037919879926e-08
13550.056 5.7613378993782056e-08
13600.056 4.5279447730854165e-08
13650.056 6.760834243776275e-08
13700.056 5.637928693804808e-08
13750.056 5.686181482151145e-08
13800.056 6.937563535781547e-08
13850.056 6.447549273399153e-08
13900.056 6.639676260775411e-08
13950.056 6.316181252800749e-08
14000.056 5.979447971930501e-08
14050.056 6.167461079572311e-08
14100.056 5.2742690761575156e-08
14150.056 6.115039852062335e-08
14200.056 5.259013368508051e-08
14250.056 5.339865851607678e-08
14300.056 6.444507603357591e-08
14350.056 6.205479469489632e-08
14400.056 7.12548253044437e-08
14450.056 7.370886837513333e-08
14500.056 9.986123057449565e-08
14550.056 1.076607002997026e-07
14600.056 1.201832527307577e-07
14650.056 1.2425014752790462e-07
14700.056 1.092579763905901e-07
14750.056 1.2551895172561232e-07
14800.056 1.464557319530958e-07
14850.056 1.602924126346608e-07
14900.056 1.6393537493609812e-07
14950.056 1.6999940311422315e-07
15000.056 1.8201250335263625e-07
15050.056 2.1045546239878327e-07
15100.056 2.2723287727053336e-07
15150.056 2.5347092920512336e-07
15200.056 2.540026423446659e-07
15250.056 2.7632933806786007e-07
15300.056 3.062626056108639e-07
15350.056 3.280669534271564e-07
15400.056 3.6254085410901546e-07
15450.056 3.9536709674204663e-07
15500.056 4.121778694919214e-07
15550.056 4.575919945819824e-07
15600.056 4.394765504210345e-07
15650.056 4.858171387050554e-07
15700.056 5.620843927442724e-07
15750.056 6.140279271339692e-07
15800.056 5.93708355592227e-07
15850.056 6.777989635548874e-07
15900.056 6.886001366911177e-07
15950.056 7.581087763478582e-07
16000.056 7.543899984929875e-07
16050.056 7.349774678700107e-07
16100.056 7.492197458000494e-07
16150.056 7.105713716490565e-07
16200.056 6.862625171357695e-07
16250.056 6.990011995387049e-07
16300.056 6.729392801872415e-07
16350.056 7.204843278466951e-07
16400.056 7.899050521086288e-07
16450.056 8.188667457245003e-07
16500.056 8.838731594788565e-07
16550.056 8.710476005578224e-07
16600.056 8.490689468622536e-07
16650.056 8.304644648706287e-07
16700.056 6.821794249166807e-07
16750.056 7.520634110789215e-07
16800.056 9.168039685730117e-07
16850.056 8.862807457174662e-07
16900.056 8.613900363505888e-07
16950.056 7.930263446690025e-07
17000.056 7.116311895981279e-07
17050.056 7.704516715141072e-07
17100.056 7.230936219012207e-07
17150.056 6.275093639080743e-07
17200.056 6.053530118678898e-07
17250.056 5.377880218914222e-07
17300.056 4.984334099473357e-07
17350.056 4.409649843241359e-07
17400.056 4.659967555271753e-07
17450.056 4.1026547646437695e-07
17500.056 4.061558413231518e-07
17550.056 3.960511031860079e-07
17600.056 3.7226641607547694e-07
17650.056 3.595577393720002e-07
17700.056 2.7176788902521064e-07
17750.056 2.471458696953115e-07
17800.056 2.917053769480817e-07
17850.056 2.2291976001037448e-07
17900.056 2.2432550431347394e-07
17950.056 2.0746840240729298e-07
18000.056 2.0363029637830457e-07
18050.056 1.932782770856724e-07
18100.056 1.8862557477676947e-07
18150.056 2.386365949657183e-07
18200.056 1.6385725627294497e-07
18250.056 2.4202365135915775e-07
18300.056 2.1182137774638205e-07
18350.056 1.8219286419281996e-07
18400.056 1.858358740231408e-07
18450.056 1.7479725726693942e-07
18500.056 1.8773542739847042e-07
18550.056 1.693332849773541e-07
18600.056 1.414239044380922e-07
18650.056 1.569949393248053e-07
18700.056 1.6838889103769904e-07
18750.056 1.7434985203675608e-07
18800.056 2.0542979785523848e-07
18850.056 2.3797071091423346e-07
18900.056 2.2974301440300435e-07
18950.056 2.6127824914749964e-07
19000.056 2.574496765366858e-07
19050.056 2.3254491840367903e-07
19100.056 2.7906207750982725e-07
19150.056 2.6961247924791996e-07
19200.056 2.7877245249612853e-07
19250.056 2.549094378141836e-07
19300.056 2.6474599748756415e-07
19350.056 2.3481153362752346e-07
19400.056 1.9533782114834462e-07
19450.056 2.608673771234304e-07
19500.056 2.560674541022109e-07
19550.056 1.9924278699562447e-07
19600.056 2.517948077195934e-07
19650.056 2.5986646531227124e-07
19700.056 2.6504138894231987e-07
19750.056 2.542781162952785e-07
19800.056 2.693786825022273e-07
19850.056 2.989138551566621e-07
19900.056 2.4902971467483255e-07
19950.056 3.286224482138262e-07
20000.056 2.892001724812389e-07
20050.056 3.201710420926937e-07
20100.056 3.490517039472721e-07
20150.056 3.5476372073676003e-07
20200.056 3.787435578153e-07
20250.056 4.1292694704997174e-07
20300.056 4.1404743504688655e-07
20350.056 4.5592147580788094e-07
20400.056 4.47614248128823e-07
20450.056 5.056359115758953e-07
20500.056 5.171065982920431e-07
20550.056 5.200945927920255e-07
20600.056 5.920381149081869e-07
20650.056 5.830049809722336e-07
20700.056 6.112011859811291e-07
20750.056 6.485046543238727e-07
20800.056 6.79686901316054e-07
20850.056 6.674186818809259e-07
20900.056 7.12025190642838e-07
20950.056 7.258082330689671e-07
21000.056 7.647804698700526e-07
21050.056 7.69862892542994e-07
21100.056 7.703153178999901e-07
21150.056 8.262159776009547e-07
21200.056 7.952792922630211e-07
21250.056 8.438944601718938e-07
21300.056 7.805651988918413e-07
21350.056 8.570092354579826e-07
21400.056 7.938989585902435e-07
21450.056 8.671332721949977e-07
21500.056 7.943412646702413e-07
21550.056 7.898437030200231e-07
21600.056 7.83643336904225e-07
21650.056 7.35223650468085e-07
21700.056 7.86685481589979e-07
21750.056 7.003063257389961e-07
21800.056 6.568793428277702e-07
21850.056 6.17884928097056e-07
21900.056 5.661220358129493e-07
21950.056 4.4737943803711577e-07
22000.056 3.031474897590854e-07
22050.056 2.2213076787577986e-07
22100.056 2.7341452815920135e-07
22150.056 3.3560986452402414e-07
22200.056 3.535798869212366e-07
22250.056 3.475101870302539e-07
22300.056 3.197148779284526e-07
22350.056 2.9659355660499987e-07
22400.056 2.612080876468015e-07
22450.056 2.3119158738827848e-07
22500.056 2.314451307405947e-07
22550.056 1.9756112685903804e-07
22600.056 2.0869511031617136e-07
22650.056 1.9846561493119427e-07
22700.056 1.811970384959953e-07
22750.056 1.8796030360986432e-07
22800.056 1.6133100175314994e-07
22850.056 1.4859043906286974e-07
22900.056 1.3913080372135063e-07
22950.056 1.0689547773697345e-07
23000.056 1.2709304810200492e-07
23050.056 1.611127831336533e-07
23100.056 1.9981133463102518e-07
23150.056 2.1661803489511478e-07
23200.056 1.1231125829202218e-07
23250.056 1.0600881098411921e-07
23300.056 9.193962053074624e-08
23350.056 8.991169338679151e-08
23400.056 9.58109512894422e-08
23450.056 1.0195933358200794e-07
23500.056 1.1136082749772913e-07
23550.056 1.2643349340774125e-07
23600.056 1.3418237030599213e-07
23650.056 1.6096737157796662e-07
23700.056 1.2705199480469072e-07
23750.056 1.0896550850603237e-07
23800.056 9.61916190080132e-08
23850.056 1.0625022542900607e-07
23900.056 1.450953892568032e-07
23950.056 1.6612472073776374e-07
24000.056 1.715962906049135e-07
24050.056 1.9745344961134034e-07
24100.056 1.7718402422512697e-07
24150.056 1.9133419007112354e-07
24200.056 1.9855630851141097e-07
24250.056 1.7872406226401423e-07
24300.056 1.9487700493305485e-07
24350.056 1.6692477373948329e-07
24400.056 2.0294704026906347e-07
24450.056 1.8542499535886315e-07
24500.056 1.8575040150995815e-07
24550.056 1.993589491284895e-07
24600.056 2.1017368505203348e-07
24650.056 2.3675586212001137e-07
24700.056 1.9092592985991892e-07
24750.056 2.006700520051839e-07
24800.056 1.9781335232814475e-07
24850.056 2.4077379042902196e-07
24900.056 1.7984721302523625e-07
24950.056 2.4037317437060127e-07
25000.056 2.2051006153724485e-07
25050.056 1.7562740878800908e-07
25100.056 2.1478370601139052e-07
25150.056 1.7702992534527272e-07
25200.056 2.0106636429219744e-07
25250.056 1.803403833954013e-07
25300.056 2.1456257121931368e-07
25350.056 1.6603030551320748e-07
25400.056 2.0983016729285748e-07
25450.056 1.6984515051457218e-07
25500.056 1.7594287041204384e-07
25550.056 1.7163582886407914e-07
25600.056 1.6883071225899406e-07
25650.056 1.5042279628038815e-07
25700.056 2.018553475106051e-07
25750.056 1.3827625369255164e-07
25800.056 1.9803218619103078e-07
25850.056 1.537155116019555e-07
25900.056 1.794656537519714e-07
25950.056 1.4835058472002348e-07
26000.056 2.0699081863807532e-07
26050.056 1.9619185257096093e-07
26100.056 2.0972872120297626e-07
26150.056 1.9612800308198088e-07
26200.056 1.9836410693998674e-07
26250.056 2.216171444839804e-07
26300.056 2.0687400849202755e-07
26350.056 2.4200653880994923e-07
26400.056 2.500093940119357e-07
26450.056 2.568463207210435e-07
26500.056 2.656892894918909e-07
26550.056 2.1964996886387453e-07
26600.056 2.67673396730929e-07
26650.056 1.8548610998398255e-07
26700.056 1.8427064382602502e-07
26750.056 1.5429482069091263e-07
26800.056 1.9694076263595596e-07
26850.056 1.4931199492397447e-07
26900.056 2.129294227290254e-07
26950.056 1.4795347554797484e-07
27000.056 2.1301014022802456e-07
27050.056 1.8101781513403778e-07
27100.056 1.7893965384795838e-07
27150.056 2.1559801866802882e-07
27200.056 1.9511503363807325e-07
27250.056 1.9905816500310316e-07
27300.056 2.539317305100025e-07
27350.056 2.360936982759499e-07
27400.056 1.7392076004696982e-07
27450.056 2.8181716545587785e-07
27500.056 2.5991936867488515e-07
27550.056 2.1064100232200852e-07
27600.056 2.8212379122194415e-07
27650.056 1.9981627250195773e-07
27700.056 1.8698958037205689e-07
27750.056 2.7144497735787873e-07
27800.056 1.857967981959372e-07
27850.056 2.099233647518441e-07
27900.056 2.23692520960038e-07
27950.056 2.7796708562999013e-07
28000.056 2.536960384811031e-07
28050.056 1.7295704869003642e-07
28100.056 2.913525155810937e-07
28150.056 2.2357239019005116e-07
28200.056 1.8142989502803517e-07
28250.056 2.6720706931601654e-07
28300.056 3.1760523160099185e-07
28350.056 2.123288698259473e-07
28400.056 2.401092111439758e-07
28450.056 2.715667396569092e-07
28500.056 2.6342324584294017e-07
28550.056 1.7393956809193058e-07
28600.056 3.0936183608494004e-07
28650.056 2.862648998549371e-07
28700.056 2.6488520230696156e-07
28750.056 3.070699189270308e-07
28800.056 2.815239967460804e-07
