galfind/configs/Brown_Dwarf_templates/sonora_bobcat/m+0.5/100g/sp_t400g100nc_m+0.5_resample.dat
# %ECSV 1.0
# ---
# datatype:
# - {name: wav, unit: Angstrom, datatype: float64}
# - {name: flux_nu, unit: erg / (cm2 Hz s), datatype: float64}
# meta: {C/O: '1.00', Kzz: '1.0000E+05', Teff: '400.', Y: '0.28', '[Fe/H]': '0.50', f_hole: '1.00', f_rain: '0.00', grav: '100.'}
# schema: astropy-2.0
wav flux_nu
[from data line 499]
28950.056 9.877271812357211e-11
29000.056 6.043746128052806e-11
29050.056 9.783257380990432e-11
29100.056 5.0629360741928906e-11
29150.056 6.017870226085172e-11
29200.056 1.3531695641785556e-10
29250.056 1.630694016659697e-10
29300.056 7.56784057334831e-11
29350.056 2.1030351845844168e-10
29400.056 1.0501346249852215e-10
29450.056 6.340993089901931e-11
29500.056 2.097045708305726e-10
29550.056 7.508299842497462e-11
29600.056 1.0269583118481104e-10
29650.056 2.9092687212745757e-10
29700.056 6.824615478020616e-11
29750.056 2.1022087692492572e-10
29800.056 1.57364871591039e-10
29850.056 2.3459468497056224e-10
29900.056 1.241273587513477e-10
29950.056 1.6846583311926402e-10
30000.056 2.762523186119951e-12
30050.056 1.6961835130774132e-11
30100.056 7.062872678102697e-11
30150.056 2.2806597157361152e-10
30200.056 1.5164939675625626e-10
30250.056 3.0416975386740873e-10
30300.056 4.5852087433066205e-10
30350.056 1.1500221945227838e-10
30400.056 3.920390274923948e-10
30450.056 2.7802430519790936e-10
30500.056 1.9777371564184615e-10
30550.056 1.6525014689541235e-10
30600.056 7.978297784332767e-10
30650.056 3.866943132316632e-10
30700.056 2.2559319163922849e-10
30750.056 4.876483662903898e-10
30800.056 3.4584180383117244e-10
30850.056 4.1849005708786503e-10
30900.056 1.9816786581563573e-10
30950.056 2.1403348988858337e-10
31000.056 2.5283463379998056e-10
31050.056 1.6448970764257749e-10
31100.056 1.051808064348319e-10
31150.056 2.016354697528893e-10
31200.056 5.034096128933587e-10
31250.056 3.0996262133452044e-10
31300.056 1.8097673460608988e-10
31350.056 3.9556055059022707e-10
31400.056 2.7028924398513273e-10
31450.056 2.7086290261708647e-10
31500.056 1.0649000873630595e-10
31550.056 1.7417509460729234e-10
31600.056 1.1718193237420064e-10
31650.056 1.1287926967180604e-10
31700.056 1.0301153084310578e-10
31750.056 5.26312549297665e-11
31800.056 1.012809009929154e-10
31850.056 1.8714364668389543e-11
31900.056 4.4854592652211725e-11
31950.056 2.966129035812314e-11
32000.056 2.0397769157615453e-11
32050.056 3.574118911951319e-11
32100.056 3.1592268792948837e-11
32150.056 3.2777053768420914e-11
32200.056 1.490242670490182e-11
32250.056 4.1133871504581915e-11
32300.056 1.1924397712327663e-11
32350.056 3.763002544565254e-11
32400.056 5.953004996949451e-12
32450.056 2.7178675889890837e-11
32500.056 6.8219384582060726e-12
32550.056 1.9862080394108508e-11
32600.056 7.554273457285366e-12
32650.056 6.18525316356383e-11
32700.056 1.183962580458916e-11
32750.056 1.200058119861019e-10
32800.056 5.710204852529699e-11
32850.056 2.16003089635309e-10
32900.056 1.7487287449455152e-10
32950.056 1.959140401963357e-10
33000.056 6.161709630338152e-11
33050.056 8.76133469631623e-11
33100.056 1.691572791396949e-11
33150.056 3.296478227718921e-15
33200.056 3.725458951429005e-13
33250.056 4.924103569116842e-13
33300.056 4.9603140670124865e-12
33350.056 1.5810644791611596e-11
33400.056 6.585328116517526e-11
33450.056 4.1758495652473266e-11
33500.056 1.5156639191208488e-10
33550.056 2.823059187354945e-11
33600.056 8.675332600411351e-11
33650.056 7.578553246233014e-11
33700.056 2.694236388499929e-11
33750.056 1.1783131033038795e-10
33800.056 1.0920814271629698e-11
33850.056 5.739485366537801e-11
33900.056 6.312063314124646e-11
33950.056 4.780966385908964e-11
34000.056 1.1882366206754728e-10
34050.056 1.74546723107057e-11
34100.056 1.0882314198932814e-10
34150.056 4.7662823554154763e-11
34200.056 1.3225441994563374e-10
34250.056 7.268034721455514e-11
34300.056 7.955942757326117e-11
34350.056 1.5745720394496313e-10
34400.056 4.765796482041841e-11
34450.056 1.501056405109911e-10
34500.056 7.474764782614198e-11
34550.056 5.157443423034334e-11
34600.056 2.485453416219273e-10
34650.056 4.12747767136506e-11
34700.056 1.8067511619860432e-10
34750.056 1.1054552238184191e-10
34800.056 1.1000146675162047e-10
34850.056 2.9172149557111666e-10
34900.056 7.495028529142999e-11
34950.056 2.6609752998765883e-10
35000.056 5.028906023500116e-10
35050.056 2.3506522278781456e-10
35100.056 5.213201134711893e-10
35150.056 3.918605722094318e-10
35200.056 3.7133576424850014e-10
35250.056 6.456699825293465e-10
35300.056 2.8627183185998284e-10
35350.056 3.377171057205975e-10
35400.056 2.621044256623517e-10
35450.056 2.4337743016435517e-10
35500.056 8.629004976697314e-10
35550.056 4.908749213633964e-10
35600.056 5.552354507604785e-10
35650.056 6.134516934446382e-10
35700.056 6.772108965534936e-10
35750.056 9.000632078710596e-10
35800.056 8.392044748186244e-10
35850.056 2.9652004673158864e-10
35900.056 3.8994703369806053e-10
35950.056 4.87826503914134e-10
36000.056 6.614142865327367e-10
36050.056 4.3817165240293885e-10
36100.056 4.083280908117156e-10
36150.056 9.380970925663745e-10
36200.056 9.824903788928337e-10
36250.056 6.878085211064321e-10
36300.056 1.5901895440540336e-09
36350.056 8.621898785438811e-10
36400.056 1.4414489895850215e-09
36450.056 1.533617109637184e-09
36500.056 1.6531854579486678e-09
36550.056 2.204609866291659e-09
36600.056 2.2966586838704953e-09
36650.056 1.6963837077964935e-09
36700.056 1.96353257580351e-09
36750.056 2.3784258480583382e-09
36800.056 2.7353461768784673e-09
36850.056 1.3813382714942497e-09
36900.056 2.618066853309262e-09
36950.056 2.7640943684371927e-09
37000.056 1.8922176627953248e-09
37050.056 2.9872176761070473e-09
37100.056 2.216075004869119e-09
37150.056 1.9249673669620132e-09
37200.056 3.57123976394171e-09
37250.056 2.2584052023172236e-09
37300.056 1.6229379062236068e-09
37350.056 2.92904644432072e-09
37400.056 4.430772248038011e-09
37450.056 1.7897433480961662e-09
37500.056 2.628912507331796e-09
37550.056 4.4024440948124175e-09
37600.056 6.6780489719263836e-09
37650.056 2.1262246497078993e-09
37700.056 4.402792008865234e-09
37750.056 2.8529518541869814e-09
37800.056 2.8090510635085615e-09
37850.056 1.3864004589150907e-09
37900.056 2.007657355961228e-09
37950.056 4.081793925937378e-09
38000.056 3.9893455794894805e-09
38050.056 5.667193585651605e-09
38100.056 6.422483033357165e-09
38150.056 7.158463133135215e-09
38200.056 6.133351679025163e-09
38250.056 6.7171862457141255e-09
38300.056 9.942396653620183e-09
38350.056 9.584513228002974e-09
38400.056 3.791755238570595e-09
38450.056 1.8349706316798914e-09
38500.056 1.1343146355377706e-09
38550.056 4.092141693296917e-09
38600.056 4.0768711095522595e-09
38650.056 4.913324762353661e-09
38700.056 3.1609168118280604e-09
38750.056 4.189831671876515e-09
38800.056 4.35335246953312e-09
38850.056 5.000451961592134e-09
38900.056 6.467323186380903e-09
38950.056 3.95303698727554e-09
39000.056 7.207616277031296e-09
39050.056 3.865848163737707e-09
39100.056 6.1676883302310775e-09
39150.056 7.984548163929388e-09
39200.056 5.6310362535837005e-09
39250.056 9.629864937181708e-09
39300.056 5.686168512559104e-09
39350.056 1.1783430916265505e-08
39400.056 5.986508436325429e-09
39450.056 9.114012422404617e-09
39500.056 9.215731433057109e-09
39550.056 4.730558335439584e-09
39600.056 9.249105845449516e-09
39650.056 1.0628065341566987e-08
39700.056 1.0502825553990023e-08
39750.056 5.7134463937827646e-09
39800.056 6.408998982654633e-09
39850.056 1.309889388380264e-08
39900.056 1.5468811299030897e-08
39950.056 6.66081672754956e-09
40000.056 1.247679615218244e-08
40050.056 1.3036098601729047e-08
40100.056 5.30820195728865e-09
40150.056 1.2652139888303662e-08
40200.056 1.3290577614576306e-08
40250.056 1.511601900221354e-08
40300.056 1.4397674869967706e-08
40350.056 9.571305199108319e-09
40400.056 1.3640846073251224e-08
40450.056 7.277911484772638e-09
40500.056 1.7145878476920926e-08
40550.056 1.8663822592048254e-08
40600.056 1.333075709515098e-08
40650.056 1.0248578391808335e-08
40700.056 2.167036262182916e-08
40750.056 1.3789649491165404e-08
40800.056 9.069135581322968e-09
40850.056 2.6497495474228612e-08
40900.056 2.072991960341912e-08
40950.056 1.898015018250029e-08
41000.056 1.4679754065638465e-08
41050.056 2.7472963422649197e-08
41100.056 2.1870247622080603e-08
41150.056 9.200019230499234e-09
41200.056 2.8673400850334146e-08
41250.056 1.9356305388499274e-08
41300.056 2.0444956046172637e-08
41350.056 2.7852067065495527e-08
41400.056 2.3846435476299623e-08
41450.056 3.3720642226889296e-08
41500.056 2.174559747331937e-08
41550.056 1.948616700990834e-08
41600.056 2.0535104686131596e-08
41650.056 2.8140481908501778e-08
41700.056 3.415118078508698e-08
41750.056 2.7282931775093517e-08
41800.056 2.8141021909488095e-08
41850.056 2.7070330123320704e-08
41900.056 2.3996862993647298e-08
41950.056 2.3809623739651575e-08
42000.056 1.444013413914215e-08
42050.056 1.837100878488299e-08
42100.056 1.9691361264053915e-08
42150.056 2.1619052932990006e-08
42200.056 2.534696683888509e-08
42250.056 1.9328567310383092e-08
42300.056 1.929514520889189e-08
42350.056 3.055903355030152e-08
42400.056 3.565317837770569e-08
42450.056 3.376438274901229e-08
42500.056 3.171435771279302e-08
42550.056 2.7294083553189753e-08
42600.056 2.9766582745686746e-08
42650.056 4.8612241898678035e-08
42700.056 2.335816625100465e-08
42750.056 3.439531934715533e-08
42800.056 5.02535738879105e-08
42850.056 4.953191969818387e-08
42900.056 5.307717229901412e-08
42950.056 4.26536684418931e-08
43000.056 4.802306368081244e-08
43050.056 2.528446655666323e-08
43100.056 3.7872728258892825e-08
43150.056 3.0681522440205434e-08
43200.056 5.2424785848005694e-08
43250.056 6.49893162320001e-08
43300.056 6.279432329399527e-08
43350.056 3.4456305832188704e-08
43400.056 4.921768750060221e-08
43450.056 3.132970808960177e-08
43500.056 3.035439263590831e-08
43550.056 3.4887565564337976e-08
43600.056 5.785211022120839e-08
43650.056 3.7893553677601484e-08
43700.056 6.754478809861953e-08
43750.056 5.8331810958794175e-08
43800.056 5.393063335339218e-08
43850.056 4.5855501438800747e-08
43900.056 3.8204843801228585e-08
43950.056 2.3179023927997795e-08
44000.056 2.4674248723997057e-08
44050.056 6.481911692699969e-08
44100.056 8.52288675259938e-08
44150.056 7.495345983360122e-08
44200.056 6.623912434099932e-08
44250.056 3.4568908923497543e-08
44300.056 2.9078369987504904e-08
44350.056 3.229564456309972e-08
44400.056 2.8890659501995245e-08
44450.056 5.3936510422498325e-08
44500.056 5.0997430551209584e-08
44550.056 7.4718631121993e-08
44600.056 6.483529169132718e-08
44650.056 5.286541106820868e-08
44700.056 3.479669215819915e-08
44750.056 6.092187163281496e-08
44800.056 3.781106092788434e-08
44850.056 5.093058436200555e-08
44900.056 4.6156455069503225e-08
44950.056 5.738795949060675e-08
45000.056 6.779646755300372e-08
45050.056 5.9029532645490434e-08
45100.056 5.213107165119867e-08
45150.056 4.640629085476868e-08
45200.056 3.7214009788902285e-08
45250.056 4.39486042490856e-08
45300.056 3.921199046670678e-08
45350.056 3.1674611092792554e-08
45400.056 9.032890755601368e-08
45450.056 6.810409513180759e-08
45500.056 9.187901413490584e-08
45550.056 9.250788493196707e-08
45600.056 7.706829999801854e-08
45650.056 6.119819182310206e-08
45700.056 3.933792007343644e-08
45750.056 3.730480045440238e-08
45800.056 9.698097509449974e-08
45850.056 7.169343216399292e-08
45900.056 9.633393608598957e-08
45950.056 8.293280525399976e-08
46000.056 8.930769890550927e-08
46050.056 6.386063871260849e-08
46100.056 1.1085959426098636e-07
46150.056 6.074866486800741e-08
46200.056 5.134888792769082e-08
46250.056 2.0512899048506117e-08
46300.056 6.179958104720066e-08
46350.056 6.549951439521004e-08
46400.056 5.5715098377799536e-08
46450.056 5.260454001181599e-08
46500.056 6.251429300841461e-08
46550.056 3.058393942580277e-08
46600.056 4.887084003053287e-08
46650.056 7.717831901850656e-08
46700.056 4.7591996929484635e-08
46750.056 2.4238260311624707e-08
46800.056 1.549117810396074e-08
46850.056 7.527651339371343e-08
46900.056 7.377724788809856e-08
46950.056 7.50638804589925e-08
47000.056 7.243682860001377e-08
47050.056 5.0185531184256635e-08
47100.056 3.430986417731568e-08
47150.056 5.646207728040764e-08
47200.056 6.398165886019636e-08
47250.056 3.579715639429604e-08
47300.056 2.2915171025106025e-08
47350.056 7.763010710200068e-08
47400.056 6.463375567699318e-08
47450.056 5.2791203543670984e-08
47500.056 8.214912498323331e-08
47550.056 7.059810065820695e-08
47600.056 6.553428328154675e-08
47650.056 6.828784257859888e-08
47700.056 5.054344157996194e-08
47750.056 3.711314551550272e-08
47800.056 3.01104920660043e-08
47850.056 1.4446213064833415e-08
47900.056 2.3633121192857345e-08
47950.056 5.617759505180533e-08
48000.056 8.081996164800746e-08
48050.056 6.660038720800366e-08
48100.056 2.6306903132184045e-08
48150.056 5.1623013756801193e-08
48200.056 3.262656662983961e-08
48250.056 4.071292115899867e-08
48300.056 7.650952255198965e-08
48350.056 4.279353132359633e-08
48400.056 1.0749465417154927e-08
48450.056 2.2803805805256026e-08
48500.056 3.907807247079005e-08
48550.056 4.2471925554824074e-08
48600.056 5.7547505434997705e-08
48650.056 7.601209406799041e-08
48700.056 4.7784731359207315e-08
48750.056 3.35817934886151e-08
48800.056 6.701117964140027e-08
48850.056 3.3980862855804186e-08
48900.056 4.472154342847884e-08
48950.056 2.2935581855500603e-08
49000.056 1.1557931687400095e-08
49050.056 4.031428094309428e-08
49100.056 5.5159122364191454e-08
49150.056 3.961449319546736e-08
49200.056 6.7561131674015e-08
49250.056 6.840710117400502e-08
49300.056 5.604521992899972e-08
49350.056 1.992154718447266e-08
49400.056 3.063307287679055e-08
49450.056 2.9724595696443297e-08
49500.056 2.2210787081017194e-08
49550.056 4.515285244979183e-09
49600.056 1.3662609591482734e-08
49650.056 3.5151168630602545e-08
49700.056 3.847258228968506e-08
49750.056 3.726312257433056e-08
49800.056 2.2893485404656184e-08
49850.056 5.315431413601055e-08
49900.056 4.215999547869441e-08
49950.056 4.368914602690195e-08
50000.056 3.1088314693849085e-08
50050.056 3.8988478562001085e-08
50100.056 3.004614846619801e-08
50150.056 1.3551780627086975e-08
50200.056 2.162831193972995e-09
50250.056 1.496530685289939e-08
50300.056 9.433916238268689e-09
50350.056 3.5790892456905835e-08
50400.056 3.719096675679371e-08
50450.056 2.934870695524292e-08
50500.056 4.624558158840293e-08
50550.056 3.814701701180392e-08
50600.056 2.806603611334242e-08
50650.056 4.915870226900792e-08
50700.056 4.646600093598959e-08
50750.056 2.895458686980267e-08
50800.056 9.167713998554047e-09
50850.056 4.613685727130349e-09
50900.056 3.1011135372001696e-08
50950.056 2.7138471033997645e-08
51000.056 2.1859325339613786e-08
51050.056 3.4483179244195224e-08
51100.056 1.2097072399403226e-08
51150.056 1.348574288521374e-08
51200.056 4.312256459399961e-08
51250.056 2.988121726073554e-08
51300.056 2.0245335300619217e-08
51350.056 1.8115965587057463e-08
51400.056 5.442257931088898e-09
51450.056 4.325914733309364e-09
51500.056 4.3564496430879345e-09
51550.056 1.832015620718335e-08
51600.056 1.5544726900754854e-08
51650.056 2.1184291118198226e-08
51700.056 2.2057886763925646e-08
51750.056 1.388048106046828e-08
51800.056 2.6598729389996358e-08
51850.056 2.1421639528098115e-08
51900.056 2.6018693635997446e-08
51950.056 1.395204247429838e-08
52000.056 1.2719434921934945e-09
52050.056 7.357842408671059e-09
52100.056 4.07112236703932e-09
52150.056 2.1727261244247726e-09
52200.056 7.674513482649876e-09
52250.056 1.2181673537163942e-08
52300.056 1.591678065689894e-08
52350.056 4.931873533009927e-09
52400.056 5.293829649986095e-09
52450.056 2.122680111850167e-08
52500.056 1.532889284558658e-08
52550.056 1.866408521729872e-08
52600.056 1.4106714305779084e-08
52650.056 1.7107750313601144e-08
52700.056 1.2226902301729212e-08
52750.056 4.121873512129767e-09
52800.056 8.349312653901299e-09
52850.056 9.574085543487457e-09
52900.056 3.667459572167265e-09
52950.056 6.5535279177428905e-09
53000.056 1.1935132947802925e-08
53050.056 4.325976607130602e-09
53100.056 1.5011799648797887e-08
53150.056 1.5422708706756977e-08
53200.056 7.42200878477333e-09
53250.056 1.4069265982041201e-08
53300.056 1.765480659790534e-08
53350.056 1.3052573926177146e-08
53400.056 8.063376537597367e-09
53450.056 2.65874345905399e-09
53500.056 3.7861227566535803e-10
53550.056 1.168088406473043e-09
