galfind/configs/Brown_Dwarf_templates/sonora_bobcat/m+0.5/100g/sp_t850g100nc_m+0.5_resample.dat
# %ECSV 1.0
# ---
# datatype:
# - {name: wav, unit: Angstrom, datatype: float64}
# - {name: flux_nu, unit: erg / (cm2 Hz s), datatype: float64}
# meta: {C/O: '1.00', Kzz: '1.0000E+05', Teff: '850.', Y: '0.28', '[Fe/H]': '0.50', f_hole: '1.00', f_rain: '0.00', grav: '100.'}
# schema: astropy-2.0
wav flux_nu
[from data line 498]
28900.056 2.9176099991164452e-08
28950.056 6.684263924745668e-08
29000.056 5.254435140435097e-08
29050.056 5.673074441811307e-08
29100.056 4.162547631114311e-08
29150.056 7.324154199671422e-08
29200.056 5.145387756248502e-08
29250.056 7.53769570706466e-08
29300.056 4.242585563208415e-08
29350.056 1.1004411269723459e-07
29400.056 5.8413375475158774e-08
29450.056 6.598755309571455e-08
29500.056 7.479194018076344e-08
29550.056 6.360702352282984e-08
29600.056 7.639873416900628e-08
29650.056 7.822139544861602e-08
29700.056 5.455681560010372e-08
29750.056 7.870325238607363e-08
29800.056 8.219503385689349e-08
29850.056 8.827128204553658e-08
29900.056 8.032976516150142e-08
29950.056 8.089041504360993e-08
30000.056 4.5665934244279225e-08
30050.056 5.0778487099031194e-08
30100.056 4.5979615860487826e-08
30150.056 7.978843609408525e-08
30200.056 5.8446412749280784e-08
30250.056 9.373872410522478e-08
30300.056 7.888607278761359e-08
30350.056 6.675272714438416e-08
30400.056 8.10141827231878e-08
30450.056 5.7250329037057435e-08
30500.056 4.7240931376233646e-08
30550.056 5.0509291721799426e-08
30600.056 6.0095065508097e-08
30650.056 4.6039613583488724e-08
30700.056 4.5274271256808216e-08
30750.056 4.638293734129111e-08
30800.056 3.78944533570476e-08
30850.056 3.587030670249979e-08
30900.056 3.1393781119925025e-08
30950.056 3.033178391229884e-08
31000.056 2.60952074910122e-08
31050.056 2.5224746461300242e-08
31100.056 2.052321698818722e-08
31150.056 2.53367136981984e-08
31200.056 2.6476923967206033e-08
31250.056 1.889875651128555e-08
31300.056 1.81678200454068e-08
31350.056 1.8598189696100205e-08
31400.056 1.4179896863889874e-08
31450.056 1.5598542079396924e-08
31500.056 1.2105272931276788e-08
31550.056 1.3962023306978786e-08
31600.056 1.0318538106150157e-08
31650.056 9.7905036249522e-09
31700.056 9.732563133458534e-09
31750.056 8.066559420513353e-09
31800.056 1.0301662321769425e-08
31850.056 8.041136552041022e-09
31900.056 9.41272179907903e-09
31950.056 5.730027252729863e-09
32000.056 7.877409192569661e-09
32050.056 8.592202551330227e-09
32100.056 8.321131681801702e-09
32150.056 8.75293900069896e-09
32200.056 7.406085438370762e-09
32250.056 9.905754468421315e-09
32300.056 7.2382477909188585e-09
32350.056 1.0297521331898025e-08
32400.056 6.974195057257433e-09
32450.056 9.299413882576915e-09
32500.056 8.45081098073173e-09
32550.056 8.01284345900926e-09
32600.056 1.010540648156074e-08
32650.056 1.4863938524947154e-08
32700.056 1.2094059525702738e-08
32750.056 1.4815817246753135e-08
32800.056 1.381404322002238e-08
32850.056 1.575744569435817e-08
32900.056 1.7731515911896193e-08
32950.056 1.885481863265923e-08
33000.056 1.5289066389314057e-08
33050.056 1.4663833418679902e-08
33100.056 6.807396593147812e-09
33150.056 2.0412543947499995e-09
33200.056 1.9044633102094954e-09
33250.056 1.0460475975398255e-09
33300.056 1.2602269469102405e-09
33350.056 2.3645856051100028e-09
33400.056 3.628718476458221e-09
33450.056 5.466375293319471e-09
33500.056 8.891416369206013e-09
33550.056 7.78964701878413e-09
33600.056 1.2777000388847937e-08
33650.056 1.2469188784607042e-08
33700.056 1.0945441078847871e-08
33750.056 1.557801267931536e-08
33800.056 1.3003971906213042e-08
33850.056 1.4754952047098359e-08
33900.056 1.1963682219140304e-08
33950.056 1.2140073926957391e-08
34000.056 1.6014999346837494e-08
34050.056 8.34547158677527e-09
34100.056 1.5766650082500343e-08
34150.056 1.2690842797800605e-08
34200.056 1.2782715189213808e-08
34250.056 1.2957095332150901e-08
34300.056 1.1991310296674207e-08
34350.056 1.0277014043999452e-08
34400.056 9.183793203417756e-09
34450.056 1.2628311319195046e-08
34500.056 1.1920413365292181e-08
34550.056 9.613351634361324e-09
34600.056 1.5716511924198566e-08
34650.056 1.0955575356030833e-08
34700.056 1.3603482023398682e-08
34750.056 1.3421504757784934e-08
34800.056 1.2204540046534809e-08
34850.056 1.3627854786855602e-08
34900.056 1.4874467360012977e-08
34950.056 1.5990622919395875e-08
35000.056 2.32653758744575e-08
35050.056 1.4269876326558346e-08
35100.056 1.8653189569403422e-08
35150.056 1.7010739756924608e-08
35200.056 1.9204982973496683e-08
35250.056 2.4740412676671044e-08
35300.056 2.0042358517584128e-08
35350.056 1.9716268104881928e-08
35400.056 2.2428319410898177e-08
35450.056 1.5227374726658582e-08
35500.056 3.006083500019809e-08
35550.056 2.805789444959316e-08
35600.056 2.306688057561379e-08
35650.056 2.673506829516581e-08
35700.056 2.464898200812248e-08
35750.056 3.189771324799444e-08
35800.056 4.18121202658001e-08
35850.056 2.4904893329935704e-08
35900.056 3.287219437225167e-08
35950.056 3.075866526448863e-08
36000.056 3.0980692005506216e-08
36050.056 2.8023465236387998e-08
36100.056 3.049574868094073e-08
36150.056 3.223823903909068e-08
36200.056 3.4219878427788046e-08
36250.056 3.297762461835616e-08
36300.056 3.9390645559339194e-08
36350.056 3.726861997080729e-08
36400.056 3.597268302709235e-08
36450.056 4.567282317643596e-08
36500.056 4.830406397949959e-08
36550.056 4.7021258939712775e-08
36600.056 5.707089402399858e-08
36650.056 5.6099264169425174e-08
36700.056 6.031731212496562e-08
36750.056 6.441300704394433e-08
36800.056 6.320733409600056e-08
36850.056 5.929875018368758e-08
36900.056 6.62594773459882e-08
36950.056 7.31395266503851e-08
37000.056 6.856353278169047e-08
37050.056 6.771547935968887e-08
37100.056 7.793872077600063e-08
37150.056 6.441396480739334e-08
37200.056 7.642032724278524e-08
37250.056 7.923146031398612e-08
37300.056 6.917973177846573e-08
37350.056 7.186695049041853e-08
37400.056 1.0682752171499599e-07
37450.056 8.175405028887664e-08
37500.056 8.190738765749021e-08
37550.056 9.559173906287419e-08
37600.056 1.045350674970091e-07
37650.056 7.994543049789678e-08
37700.056 1.1679028885001138e-07
37750.056 8.733037430169479e-08
37800.056 9.277846356886384e-08
37850.056 7.047420903440635e-08
37900.056 7.914526719132678e-08
37950.056 9.664093398567286e-08
38000.056 1.1666819409360671e-07
38050.056 1.1420334126702403e-07
38100.056 1.0779225298303052e-07
38150.056 1.2981499492199312e-07
38200.056 1.3691615604304197e-07
38250.056 1.3221135821091157e-07
38300.056 1.661042479879779e-07
38350.056 1.6945220517602224e-07
38400.056 1.1219887801385617e-07
38450.056 1.191548503733701e-07
38500.056 8.543373175920218e-08
38550.056 1.2759865796903553e-07
38600.056 1.338207859579172e-07
38650.056 1.2599329250607684e-07
38700.056 1.3455943112099377e-07
38750.056 1.5134840170501113e-07
38800.056 1.2791772759078214e-07
38850.056 1.3117694742471834e-07
38900.056 1.7667643705402097e-07
38950.056 1.4575072531177515e-07
39000.056 1.6183105993499694e-07
39050.056 1.4419120946399288e-07
39100.056 1.6327666226901735e-07
39150.056 1.6113009708490576e-07
39200.056 1.7021941897589046e-07
39250.056 1.918555455169543e-07
39300.056 1.5900428061391608e-07
39350.056 2.1045311171800134e-07
39400.056 1.8264740311696685e-07
39450.056 1.9210239014519473e-07
39500.056 1.8537610911824572e-07
39550.056 1.9651134610894928e-07
39600.056 2.0613977278093247e-07
39650.056 2.2224103681098824e-07
39700.056 2.142561801920301e-07
39750.056 1.8308342658886258e-07
39800.056 2.137523287379248e-07
39850.056 2.5005604416599977e-07
39900.056 2.467880700160243e-07
39950.056 2.2279135924792324e-07
40000.056 2.9846297521807973e-07
40050.056 2.504579218940036e-07
40100.056 2.1783080317380244e-07
40150.056 2.7099025281875283e-07
40200.056 2.7658070266787855e-07
40250.056 2.6529716969289617e-07
40300.056 2.6408925230206393e-07
40350.056 2.8505843917498424e-07
40400.056 3.220388313597831e-07
40450.056 2.929766272984756e-07
40500.056 3.1210099454698953e-07
40550.056 3.157371803263306e-07
40600.056 3.085345573680445e-07
40650.056 2.806097440793059e-07
40700.056 3.755233433800041e-07
40750.056 3.177806679749533e-07
40800.056 2.6456512470386843e-07
40850.056 3.8084189217011073e-07
40900.056 3.5417629292804896e-07
40950.056 3.2932598225102905e-07
41000.056 3.466683001520145e-07
41050.056 4.0923889961995676e-07
41100.056 3.433596108220225e-07
41150.056 2.808816816441566e-07
41200.056 3.9796888013195166e-07
41250.056 3.4034032260995985e-07
41300.056 3.139344338759097e-07
41350.056 4.301300220900772e-07
41400.056 3.886482233360789e-07
41450.056 4.0669631145408284e-07
41500.056 3.4615720703842105e-07
41550.056 3.450602643806742e-07
41600.056 4.211047388320676e-07
41650.056 4.1241109726001924e-07
41700.056 3.678419820678385e-07
41750.056 3.7918888111498754e-07
41800.056 4.000060574379801e-07
41850.056 3.070886676180165e-07
41900.056 3.374920456161533e-07
41950.056 3.03347138156065e-07
42000.056 2.9965067418196705e-07
42050.056 2.79444040426e-07
42100.056 3.6271555668001174e-07
42150.056 2.836315458569622e-07
42200.056 2.6906047456600147e-07
42250.056 2.689144308629244e-07
42300.056 2.591121821376081e-07
42350.056 3.1452017384005756e-07
42400.056 2.8406881451008463e-07
42450.056 2.690619180360145e-07
42500.056 2.6617693212998716e-07
42550.056 2.6380448148195796e-07
42600.056 2.597246836350481e-07
42650.056 2.8470378856292145e-07
42700.056 2.748902089366262e-07
42750.056 2.568518394289783e-07
42800.056 2.6772192915206277e-07
42850.056 3.0555440916989415e-07
42900.056 3.0885498416607684e-07
42950.056 2.7730902434789337e-07
43000.056 2.995000202359984e-07
43050.056 2.3094321623811213e-07
43100.056 2.7979373952697223e-07
43150.056 2.692082671520494e-07
43200.056 3.112720567540193e-07
43250.056 3.2743394452998754e-07
43300.056 3.3192185026999743e-07
43350.056 2.6667214743595383e-07
43400.056 2.933540933869731e-07
43450.056 2.761373570630469e-07
43500.056 2.601164458229841e-07
43550.056 2.7206570975095916e-07
43600.056 3.3708395527802326e-07
43650.056 2.849737298510048e-07
43700.056 3.1475194491000857e-07
43750.056 3.1389128824507927e-07
43800.056 2.9309313761096093e-07
43850.056 2.8478276417604797e-07
43900.056 3.016915221959599e-07
43950.056 2.4450113932001265e-07
44000.056 2.397559686500092e-07
44050.056 3.265823061780298e-07
44100.056 3.5855893695002036e-07
44150.056 3.3364256979191717e-07
44200.056 3.2612850596599025e-07
44250.056 2.829215357040131e-07
44300.056 2.598224670650552e-07
44350.056 2.722111996051656e-07
44400.056 2.9042781786300366e-07
44450.056 3.179544498039671e-07
44500.056 3.3297405011608144e-07
44550.056 3.647709395299451e-07
44600.056 3.106991443517439e-07
44650.056 3.4144556361307464e-07
44700.056 2.699744818020077e-07
44750.056 3.346240945370187e-07
44800.056 3.094718362680281e-07
44850.056 3.3026883816107017e-07
44900.056 2.93854402522027e-07
44950.056 3.1821396338201707e-07
45000.056 3.3530628817996897e-07
45050.056 3.311335219470057e-07
45100.056 3.2916251080599416e-07
45150.056 3.285852075858655e-07
45200.056 2.8774878898502813e-07
45250.056 3.077246442829059e-07
45300.056 2.84331449374049e-07
45350.056 2.9365864942997575e-07
45400.056 3.634483848500294e-07
45450.056 3.2566400023396513e-07
45500.056 3.3484039315100003e-07
45550.056 3.6992989335191414e-07
45600.056 3.627959710400249e-07
45650.056 2.968043758199513e-07
45700.056 3.064146460490375e-07
45750.056 2.838844546159851e-07
45800.056 3.5696828651999906e-07
45850.056 3.794816721209931e-07
45900.056 3.896977746800121e-07
45950.056 3.315281592159944e-07
46000.056 3.737440249100101e-07
46050.056 3.390082706620255e-07
46100.056 3.620134394499935e-07
46150.056 3.2639268849498293e-07
46200.056 3.2080789630203857e-07
46250.056 2.540193642472588e-07
46300.056 3.538193304819956e-07
46350.056 3.2669929529301746e-07
46400.056 3.218262503000089e-07
46450.056 3.1547424797704637e-07
46500.056 3.1676154281205315e-07
46550.056 3.036595290939799e-07
46600.056 3.317515892579967e-07
46650.056 4.293414740299527e-07
46700.056 3.566524778750426e-07
46750.056 2.6817360267059264e-07
46800.056 2.4140060519502574e-07
46850.056 4.149462389140831e-07
46900.056 3.757543152799522e-07
46950.056 3.8661124245601136e-07
47000.056 3.4207740588201976e-07
47050.056 3.5384785026787326e-07
47100.056 2.6459568169314684e-07
47150.056 3.057730557070274e-07
47200.056 3.5751718175402866e-07
47250.056 2.942010452389884e-07
47300.056 2.4401567298608824e-07
47350.056 3.569395727299583e-07
47400.056 3.6520298816595297e-07
47450.056 3.4426955998002235e-07
47500.056 3.8898878650393795e-07
47550.056 3.443663671999949e-07
47600.056 3.4718773795997486e-07
47650.056 2.9588582682933767e-07
47700.056 3.4584134282338525e-07
47750.056 2.4539397816101507e-07
47800.056 2.9859194366200695e-07
47850.056 2.2666490172899772e-07
47900.056 2.8551570253895987e-07
47950.056 2.9041702208203707e-07
48000.056 4.0528069673006217e-07
48050.056 3.628725297300167e-07
48100.056 2.7335404999701556e-07
48150.056 3.1864939894003007e-07
48200.056 3.117480472330116e-07
48250.056 2.975205851780105e-07
48300.056 3.729102042998689e-07
48350.056 2.60276274485025e-07
48400.056 2.0911197326777076e-07
48450.056 2.918478179940887e-07
48500.056 3.709109499719552e-07
48550.056 2.8733681052399316e-07
48600.056 3.3044035794000435e-07
48650.056 3.2134528273997104e-07
48700.056 3.1478412485198803e-07
48750.056 2.2770354990010884e-07
48800.056 4.0470505985099235e-07
48850.056 2.5996294447395145e-07
48900.056 3.682451245680023e-07
48950.056 3.000257690500433e-07
49000.056 1.958140949339526e-07
49050.056 3.2494564943998634e-07
49100.056 3.377245947300655e-07
49150.056 3.07945614426333e-07
49200.056 3.6077161657003767e-07
49250.056 3.556536896550482e-07
49300.056 3.0946166812000163e-07
49350.056 2.253818625470398e-07
49400.056 2.9159349399097815e-07
49450.056 2.917645578680963e-07
49500.056 2.516491693419689e-07
49550.056 1.6055578133302042e-07
49600.056 2.444383204544623e-07
49650.056 2.8441088273598975e-07
49700.056 2.6171260391392245e-07
49750.056 3.2046565495992144e-07
49800.056 2.679123080034239e-07
49850.056 3.7650471268909456e-07
49900.056 2.9896188656698134e-07
49950.056 3.0002365201598793e-07
50000.056 2.804452812259735e-07
50050.056 3.2604439459000554e-07
50100.056 2.8194153127101877e-07
50150.056 2.0047379234497506e-07
50200.056 1.109228782720143e-07
50250.056 2.749720895619626e-07
50300.056 2.2053398735302138e-07
50350.056 3.426784873060301e-07
50400.056 2.925162114139788e-07
50450.056 2.441426315626415e-07
50500.056 3.0097021958304483e-07
50550.056 2.7575206297401857e-07
50600.056 2.58911518424937e-07
50650.056 3.1694868261008016e-07
50700.056 3.383908472308667e-07
50750.056 2.8900228172405395e-07
50800.056 1.7861203836598757e-07
50850.056 1.7523939905706261e-07
50900.056 3.337514835020065e-07
50950.056 2.625293608250496e-07
51000.056 2.9529100037502343e-07
51050.056 2.6441331017000355e-07
51100.056 1.6639788934818147e-07
51150.056 2.3155044611576556e-07
51200.056 3.52636506169981e-07
51250.056 2.5614281003392705e-07
51300.056 2.1270121634611686e-07
51350.056 2.2427812506299076e-07
51400.056 1.3978662208699448e-07
51450.056 1.214131268198652e-07
51500.056 1.3854187427085317e-07
51550.056 2.9302824236002034e-07
51600.056 2.0991095053104168e-07
51650.056 2.1409669388895225e-07
51700.056 2.302328375868555e-07
51750.056 1.6835134463952827e-07
51800.056 2.507373273519369e-07
51850.056 2.3679256862699924e-07
51900.056 3.232689151820861e-07
51950.056 2.554288965479762e-07
52000.056 1.0422764743598235e-07
52050.056 1.9879991003803122e-07
52100.056 1.4709773235897907e-07
52150.056 1.3407842759681016e-07
52200.056 1.4569515959479882e-07
52250.056 1.864297322810323e-07
52300.056 2.721613430939738e-07
52350.056 1.9728009622081213e-07
52400.056 1.3910974234400578e-07
52450.056 2.4004613917501316e-07
52500.056 2.3337638745993049e-07
52550.056 2.485440238739313e-07
52600.056 2.0608724141604356e-07
52650.056 2.1609311292204204e-07
52700.056 1.951005073749969e-07
52750.056 1.3178477575419368e-07
52800.056 1.6717923519902712e-07
52850.056 1.7569768833594118e-07
52900.056 1.6001513432840942e-07
52950.056 1.7288127599299583e-07
53000.056 2.348319295470002e-07
53050.056 1.2752685645345094e-07
53100.056 1.7351079046594182e-07
53150.056 2.604897448940288e-07
53200.056 1.3107825084729355e-07
53250.056 2.398655988520211e-07
53300.056 2.419051406874352e-07
53350.056 2.3753496006998737e-07
53400.056 2.2858516094001912e-07
53450.056 1.2387394998499187e-07
