galfind/configs/Brown_Dwarf_templates/sonora_bobcat/m+0.5/100g/sp_t200g100nc_m+0.5_resample.dat
# %ECSV 1.0
# ---
# datatype:
# - {name: wav, unit: Angstrom, datatype: float64}
# - {name: flux_nu, unit: erg / (cm2 Hz s), datatype: float64}
# meta: {C/O: '1.00', Kzz: '1.0000E+05', Teff: '200.', Y: '0.28', '[Fe/H]': '0.50', f_hole: '1.00', f_rain: '0.00', grav: '100.'}
# schema: astropy-2.0
wav flux_nu
4000.0559999999996 nan
4050.0559999999996 4.1617728850600695e-20
4100.056 5.879025247500067e-19
4150.056 1.982977225500014e-18
4200.056 3.1308916211000166e-18
4250.056 1.1519929505900074e-17
4300.056 2.4824682276000083e-17
4350.056 4.56802877850002e-17
4400.056 6.666507239799988e-17
4450.056 8.687384785099988e-17
4500.056 1.6661822580900063e-16
4550.056 2.8298529975000115e-16
4600.056 4.006388343900007e-16
4650.056 4.772852274000001e-16
4700.056 4.625047223800012e-16
4750.056 4.543059036500016e-16
4800.056 4.644233829099998e-16
4850.056 3.484272348299984e-16
4900.056 2.8159470975999976e-16
4950.056 2.414242139500002e-16
5000.056 1.4114157893599888e-16
5050.056 6.230584734469958e-17
5100.056 7.835397836400162e-17
5150.056 1.3263850601500003e-16
5200.056 1.96662779550001e-16
5250.056 2.292664679600004e-16
5300.056 2.6294931800000074e-16
5350.056 2.9778031103000013e-16
5400.056 2.6831339275e-16
5450.056 2.953115596200044e-16
5500.056 3.779767314800002e-16
5550.056 4.955171150800003e-16
5600.056 5.873657156400007e-16
5650.056 6.37652670329999e-16
5700.056 4.897515661000005e-16
5750.056 5.442906537000026e-16
5800.056 5.582962795099996e-16
5850.056 3.7474125794299177e-16
5900.056 3.5191679862289345e-17
5950.056 2.816931707782111e-16
6000.056 6.932187830009937e-16
6050.056 2.2227950667800227e-15
6100.056 5.087136376200063e-15
6150.056 8.935869291800062e-15
6200.056 1.3611216482000069e-14
6250.056 1.472259473049989e-14
6300.056 1.9641909276599904e-14
6350.056 2.569939525129973e-14
6400.056 3.1129933068999986e-14
6450.056 1.8440958247469348e-14
6500.056 1.7622279717037333e-14
6550.056 2.581131905846859e-14
6600.056 4.793591076734413e-14
6650.056 1.0659185369900164e-13
6700.056 1.9744039692000227e-13
6750.056 3.3194223250000296e-13
6800.056 3.714057327800008e-13
6850.056 3.2350929381999895e-13
6900.056 1.4765884905843657e-13
6950.056 2.2184646017170037e-14
7000.056 2.8355250359163923e-14
7050.056 2.068242776448404e-14
7100.056 2.589816368683922e-14
7150.056 8.745820999801531e-15
7200.056 6.097946646531075e-16
7250.056 4.0975370498798434e-16
7300.056 7.943756436743442e-16
7350.056 2.6196612884901934e-15
7400.056 1.120843407347969e-14
7450.056 7.221652150530557e-14
7500.056 2.073554600900017e-13
7550.056 4.033009829300032e-13
7600.056 5.80292171830003e-13
7650.056 5.106789084799972e-13
7700.056 5.907604471400052e-13
7750.056 9.72308853730005e-13
7800.056 8.971670082399916e-13
7850.056 4.4963577481847977e-13
7900.056 3.18964677464553e-13
7950.056 5.236391527182513e-13
8000.056 2.38005697733896e-13
8050.056 2.30321106566002e-13
8100.056 2.925203590967966e-14
8150.056 3.784448019714938e-16
8200.056 7.287489342695784e-15
8250.056 1.2482335157943222e-14
8300.056 3.2809202844603253e-15
8350.056 4.44069180306665e-15
8400.056 1.1632277220615812e-14
8450.056 4.682281062120152e-14
8500.056 8.111240039449985e-14
8550.056 1.311647669680028e-13
8600.056 1.7747038060900166e-13
8650.056 1.5832990772899855e-13
8700.056 5.4078359930998356e-14
8750.056 2.435640282799927e-14
8800.056 6.7295984309990724e-15
8850.056 2.0683323218337926e-15
8900.056 4.262551300563022e-18
8950.056 5.879834004699259e-20
9000.056 5.2612900912791885e-20
9050.056 9.852911559399644e-19
9100.056 5.559689724529285e-18
9150.056 3.2364711097620404e-17
9200.056 5.006757439827405e-16
9250.056 2.3040788201376494e-16
9300.056 8.194100808306638e-20
9350.056 5.386020047618338e-21
9400.056 8.314198189527553e-19
9450.056 1.5561989972890484e-19
9500.056 3.7240964057205843e-19
9550.056 2.5721111488787943e-19
9600.056 1.5167680362878182e-18
9650.056 1.0900911881678767e-17
9700.056 2.919270232119502e-16
9750.056 6.277585002812639e-17
9800.056 4.7411942433530406e-17
9850.056 3.6192925474940043e-17
9900.056 3.760695854692582e-17
9950.056 3.017015435375794e-17
10000.056 2.4634808167959056e-17
10050.056 2.7743804689130385e-17
10100.056 2.2259216189111555e-17
10150.056 7.945592366599538e-18
10200.056 2.36802321217706e-19
10250.056 7.054297513464353e-20
10300.056 7.148288056855793e-19
10350.056 1.934909363862427e-19
10400.056 7.350013207421911e-18
10450.056 2.3010210812943968e-17
10500.056 2.3167619636230756e-16
10550.056 2.3850451785300284e-15
10600.056 7.241970270920629e-15
10650.056 9.924924604499917e-15
10700.056 5.6008362963496e-15
10750.056 5.7093930864120655e-15
10800.056 5.68254200163774e-15
10850.056 4.054440036363443e-15
10900.056 2.539757609813097e-15
10950.056 1.101718253181623e-15
11000.056 3.1243660412506434e-16
11050.056 1.131632274054826e-16
11100.056 1.1685451793907282e-17
11150.056 6.336693372900335e-19
11200.056 3.7285289032991774e-20
11250.056 3.651926935112607e-21
11300.056 2.251916802444755e-19
11350.056 3.1023310220509835e-21
11400.056 4.502535173316412e-19
11450.056 1.581695686985184e-19
11500.056 1.9255209195881705e-19
11550.056 2.5301015127245203e-20
11600.056 4.196760000360398e-22
11650.056 1.6186488068722423e-20
11700.056 4.992575677064661e-20
11750.056 7.622437550610161e-21
11800.056 7.787763902509956e-20
11850.056 2.9297311014813187e-20
11900.056 7.381570251179711e-20
11950.056 2.537256020121375e-19
12000.056 2.5886487177185053e-19
12050.056 3.2316262025430066e-19
12100.056 3.7049489691225655e-19
12150.056 5.215448283569866e-19
12200.056 4.567790272296345e-19
12250.056 1.0800243910607223e-17
12300.056 5.159664573744413e-17
12350.056 6.782008931037488e-17
12400.056 4.536163494715613e-16
12450.056 2.9821673561040844e-15
12500.056 4.4766469814786334e-15
12550.056 3.0952525122978547e-15
12600.056 8.474758821032063e-15
12650.056 5.387469618857687e-14
12700.056 5.947375374224148e-14
12750.056 1.2739105249367033e-14
12800.056 3.768351307932413e-15
12850.056 5.198269096094312e-16
12900.056 1.0636717873819426e-16
12950.056 7.716815452385864e-17
13000.056 6.458217654136543e-17
13050.056 2.707437639750729e-17
13100.056 1.440697395248783e-17
13150.056 2.82328352984735e-18
13200.056 4.999143770720559e-18
13250.056 1.4175195802707946e-17
13300.056 3.795323073557277e-18
13350.056 1.7113359430442814e-18
13400.056 8.97703895425538e-19
13450.056 1.0590983365033709e-19
13500.056 3.6952727534098744e-21
13550.056 3.745704999585874e-22
13600.056 1.1090524907223717e-23
13650.056 1.3467027592764455e-22
13700.056 5.645875636813709e-23
13750.056 2.682560460958473e-22
13800.056 1.6397281533700322e-22
13850.056 6.311511610583336e-23
13900.056 2.4624538523364103e-22
13950.056 1.0646222105974523e-22
14000.056 7.339844980757492e-22
14050.056 4.741104951016485e-22
14100.056 1.1549212067989057e-21
14150.056 1.6931674106902568e-20
14200.056 1.6793475969155647e-20
14250.056 4.5784427639799455e-20
14300.056 1.5342599961001248e-19
14350.056 1.2792099661789244e-19
14400.056 1.1421729375853053e-19
14450.056 2.2978471376045614e-19
14500.056 8.79304933977323e-19
14550.056 5.6414082917760915e-18
14600.056 2.881047917456069e-18
14650.056 4.23102673553257e-19
14700.056 1.4202386342135467e-19
14750.056 8.977201931971372e-21
14800.056 2.2302775957894252e-20
14850.056 1.353256087700566e-20
14900.056 6.0022778037701086e-21
14950.056 8.712755738426943e-22
15000.056 4.493869518325028e-21
15050.056 1.0076866565211242e-19
15100.056 3.094705720948081e-21
15150.056 1.9917820910901022e-22
15200.056 3.819091729288578e-20
15250.056 6.244880986642306e-20
15300.056 2.041548633390948e-19
15350.056 1.1392343252579154e-18
15400.056 4.73945440598626e-19
15450.056 1.7584300909731e-18
15500.056 3.0032908260814303e-18
15550.056 5.1554680833596914e-17
15600.056 1.9091646284898953e-16
15650.056 8.81180722696303e-16
15700.056 4.012949927442746e-15
15750.056 6.8260152252225855e-15
15800.056 9.448326124045211e-15
15850.056 1.841649348177171e-14
15900.056 3.248433034727188e-14
15950.056 6.91618871959476e-14
16000.056 7.899480647871647e-14
16050.056 4.394236701272873e-14
16100.056 1.6809342312427385e-14
16150.056 4.716777069139106e-15
16200.056 7.373221458332258e-16
16250.056 1.1459214659142813e-16
16300.056 1.0456430236932789e-17
16350.056 5.5730406333911496e-18
16400.056 7.76023736162375e-18
16450.056 7.117607352254757e-18
16500.056 6.795858772953639e-18
16550.056 6.387486635372139e-18
16600.056 1.0335312002492765e-16
16650.056 9.109807652788909e-18
16700.056 2.5576059426487933e-18
16750.056 3.485007589497381e-18
16800.056 2.002463045659357e-17
16850.056 1.7659289608765412e-17
16900.056 1.2087587791312311e-18
16950.056 5.798721398002297e-19
17000.056 1.4780876636456495e-19
17050.056 9.992236818354634e-20
17100.056 2.536863999971351e-18
17150.056 4.469610156389616e-19
17200.056 8.38502439671394e-18
17250.056 1.0471419510300123e-19
17300.056 3.5044552301558064e-19
17350.056 1.5722688830135296e-18
17400.056 7.252354558782873e-18
17450.056 1.1942640779098752e-17
17500.056 4.992332241563381e-17
17550.056 4.560331289813152e-17
17600.056 6.480158586372319e-17
17650.056 9.152586339470362e-18
17700.056 6.51367996292541e-18
17750.056 3.262284679641597e-18
17800.056 1.1969044963091643e-16
17850.056 4.381414135885548e-18
17900.056 3.845344150058765e-18
17950.056 4.516520612114478e-18
18000.056 6.337173099959366e-18
18050.056 8.91499694495407e-18
18100.056 1.159985130108278e-17
18150.056 3.2694172512191566e-18
18200.056 3.907683350746505e-18
18250.056 2.887551997637307e-17
18300.056 2.4509616944737954e-18
18350.056 1.611129421922464e-18
18400.056 6.401407753849913e-19
18450.056 6.1653893560967425e-18
18500.056 3.90756197145612e-18
18550.056 3.0384511110662653e-18
18600.056 9.746878688275642e-18
18650.056 1.529422407795119e-17
18700.056 1.8517744259768277e-18
18750.056 2.5138562064173497e-18
18800.056 2.9343968758867653e-17
18850.056 1.8672560111735175e-17
18900.056 4.4813652047042265e-17
18950.056 3.663694342579577e-17
19000.056 6.254572765143982e-18
19050.056 2.699968191118755e-18
19100.056 8.524533978533417e-18
19150.056 4.486415075586863e-18
19200.056 6.605629359242623e-18
19250.056 3.87382689081197e-18
19300.056 1.5966423996682987e-18
19350.056 1.0157642193374205e-18
19400.056 4.9227494175078775e-19
19450.056 1.1799288601754322e-19
19500.056 7.299967880253859e-20
19550.056 6.249995400227764e-19
19600.056 2.0423320990540792e-18
19650.056 8.16532847360047e-19
19700.056 2.483813005856902e-18
19750.056 8.981340557779616e-18
19800.056 2.8401680724780035e-18
19850.056 5.105974119370304e-18
19900.056 1.0825583871650196e-17
19950.056 1.4864436986408054e-17
20000.056 1.5508323032150124e-17
20050.056 1.4929492192688448e-17
20100.056 2.2283869487657495e-17
20150.056 1.8778275704996664e-17
20200.056 7.658133701169554e-18
20250.056 6.647437082692725e-17
20300.056 1.536718354897126e-16
20350.056 2.3234533225569926e-16
20400.056 1.418954258492182e-16
20450.056 3.215477056806922e-16
20500.056 3.4772893535429994e-16
20550.056 3.9770733216080277e-16
20600.056 4.434215880116253e-16
20650.056 5.077935168808198e-16
20700.056 5.76849278702902e-16
20750.056 5.851465036469512e-16
20800.056 5.116108941219138e-16
20850.056 6.099933998600042e-16
20900.056 6.071008704400166e-16
20950.056 5.270813498299857e-16
21000.056 4.706055929599926e-16
21050.056 4.776226218599914e-16
21100.056 4.661189957999985e-16
21150.056 4.887653940100194e-16
21200.056 4.982412373900202e-16
21250.056 5.490118877199544e-16
21300.056 5.212724545340252e-16
21350.056 5.665153984837637e-16
21400.056 6.556798885707968e-16
21450.056 4.886265121941331e-16
21500.056 3.6656148049102574e-16
21550.056 4.85287238291894e-16
21600.056 4.125443524213931e-16
21650.056 2.1505542413066998e-16
21700.056 7.18658721172614e-17
21750.056 1.387435515280537e-16
21800.056 1.1239185257752e-16
21850.056 1.2849767599989312e-16
21900.056 6.896196438692158e-17
21950.056 1.14456801388719e-17
22000.056 1.16683104791584e-19
22050.056 2.6089389413670413e-19
22100.056 1.8284533408127588e-18
22150.056 4.847743912227429e-19
22200.056 3.289064846931794e-19
22250.056 2.360027873098731e-19
22300.056 1.1666394109158968e-20
22350.056 9.457451674490111e-20
22400.056 2.195887049999295e-20
22450.056 5.976312025481564e-20
22500.056 4.669851517187317e-20
22550.056 2.746099460650762e-21
22600.056 1.2750362615118088e-21
22650.056 9.079032209874585e-22
22700.056 2.6916432902979323e-21
22750.056 1.1571464151788884e-20
22800.056 2.1538736188868315e-20
22850.056 1.2051341593068457e-20
22900.056 5.2340607865076936e-21
22950.056 1.6108002678012274e-21
23000.056 1.648312879572559e-21
23050.056 2.8340964689904615e-22
23100.056 7.722672121906217e-19
23150.056 1.2946604264789804e-18
23200.056 1.3770562367312531e-21
23250.056 6.128489387514919e-20
23300.056 9.743964357954745e-21
23350.056 5.233845635194029e-20
23400.056 1.1861666643968008e-19
23450.056 5.3484067927592404e-21
23500.056 6.276971158740958e-21
23550.056 2.6052316088781548e-20
23600.056 2.0640337484362554e-19
23650.056 9.285927449655092e-19
23700.056 8.527453142152705e-21
23750.056 3.398198051528733e-20
23800.056 8.134979362465389e-19
23850.056 1.4512383274277594e-19
23900.056 1.0465327125942616e-18
23950.056 1.656302159155756e-19
24000.056 3.44524304647842e-18
24050.056 3.07645825128356e-18
24100.056 2.4750600214242935e-17
24150.056 3.030114840997426e-17
24200.056 8.355241145236648e-18
24250.056 5.5822980763400244e-18
24300.056 1.51069028270671e-17
24350.056 4.006200700689549e-17
24400.056 1.3695650209648345e-16
24450.056 2.386674441672069e-16
24500.056 2.603577161520883e-16
24550.056 5.517088645954061e-16
24600.056 9.210951752007304e-16
24650.056 2.477598007698603e-15
24700.056 1.742401028261943e-15
24750.056 2.9881481008684998e-15
24800.056 2.8466878657176426e-15
24850.056 4.0342676896062405e-15
24900.056 3.111372868304089e-15
24950.056 4.399189349708334e-15
25000.056 6.074017283903474e-15
25050.056 6.432137052133539e-15
25100.056 5.760879947009203e-15
25150.056 3.073025240588126e-15
25200.056 4.261659866048926e-15
25250.056 2.738385316575733e-15
25300.056 2.2930804712756706e-15
25350.056 2.023843162231119e-15
25400.056 3.255237227866248e-15
25450.056 1.1900782102200884e-15
25500.056 7.399567231103073e-16
25550.056 1.1891013527688315e-15
25600.056 3.776030901223276e-16
25650.056 1.8527053772990794e-16
25700.056 2.161459960752686e-16
25750.056 5.656661592506646e-17
25800.056 6.351006600031269e-16
25850.056 9.26308383698852e-17
25900.056 2.8597780213324695e-17
25950.056 1.4068818726688458e-16
26000.056 3.338592845954934e-16
26050.056 1.6305131824726061e-16
26100.056 3.2533406864652463e-16
26150.056 2.796066784417778e-16
26200.056 3.7770524220398014e-16
26250.056 9.802303955317477e-16
26300.056 5.594539140625826e-16
26350.056 1.2015266334611456e-15
26400.056 2.674026831783865e-15
26450.056 4.038369927436441e-15
26500.056 5.9902341340404654e-15
26550.056 1.5017071098368038e-15
26600.056 2.021124274374565e-15
26650.056 7.388071613464839e-16
26700.056 1.0085368638062582e-15
26750.056 1.3224213357363564e-15
26800.056 3.3022328193128453e-15
26850.056 2.2634009535718753e-15
26900.056 4.505940752836443e-15
26950.056 1.919221525721069e-15
27000.056 5.327725019401576e-15
27050.056 8.612823333489541e-15
27100.056 1.8568990745925715e-15
27150.056 7.95760719471946e-15
27200.056 2.5097100602162417e-15
27250.056 4.921602044151906e-15
27300.056 1.7232751939100588e-14
27350.056 9.577541111433816e-15
27400.056 2.644017591597854e-15
27450.056 1.3688554927751375e-14
27500.056 1.465792242511771e-14
27550.056 6.66729478171065e-15
27600.056 1.316567526581045e-14
27650.056 6.489467158112261e-15
27700.056 7.348769233839017e-15
27750.056 1.66813312357823e-14
27800.056 8.822863216019464e-15
27850.056 1.2307240052249438e-14
27900.056 1.1444950700991459e-14
27950.056 1.2759513655784764e-14
28000.056 1.981235404568765e-14
28050.056 2.7354434872863243e-15
28100.056 1.0448197554078386e-14
28150.056 1.037657476853805e-14
28200.056 2.99136659901146e-15
28250.056 4.743141125734795e-15
28300.056 2.4688423181702987e-15
28350.056 7.653167488624811e-16
28400.056 3.2899242652802236e-15
28450.056 7.485818291789657e-16
28500.056 7.714621453333018e-16
28550.056 1.8370432624847136e-15
28600.056 2.2315296573148175e-15
28650.056 5.417813486836335e-16
28700.056 1.5207907184328427e-15
28750.056 1.539005464998505e-15
28800.056 2.2062593842066424e-16
28850.056 1.1775241554263843e-14
28900.056 5.166929317399836e-16
