galfind/configs/Brown_Dwarf_templates/sonora_bobcat/m+0.5/100g/sp_t525g100nc_m+0.5_resample.dat
# %ECSV 1.0
# ---
# datatype:
# - {name: wav, unit: Angstrom, datatype: float64}
# - {name: flux_nu, unit: erg / (cm2 Hz s), datatype: float64}
# meta: {C/O: '1.00', Kzz: '1.0000E+05', Teff: '525.', Y: '0.28', '[Fe/H]': '0.50', f_hole: '1.00', f_rain: '0.00', grav: '100.'}
# schema: astropy-2.0
wav flux_nu
[from data line 499]
28950.056 1.401075412220792e-09
29000.056 9.808695478981924e-10
29050.056 1.3930291873157497e-09
29100.056 8.208118922752138e-10
29150.056 1.1239976686653673e-09
29200.056 1.3547184845772444e-09
29250.056 2.304975155669194e-09
29300.056 8.83772992586839e-10
29350.056 3.0630737697005584e-09
29400.056 1.3074883354987582e-09
29450.056 1.2896839566753383e-09
29500.056 2.236438967879967e-09
29550.056 1.1955936156832236e-09
29600.056 1.7483853987425994e-09
29650.056 3.0820452455093397e-09
29700.056 1.0702045634649774e-09
29750.056 2.4410011644618295e-09
29800.056 2.326272671234138e-09
29850.056 2.758502831528198e-09
29900.056 2.0437316543461493e-09
29950.056 2.193456353891763e-09
30000.056 7.379158956097932e-11
30050.056 2.567114253941985e-10
30100.056 7.977319477012594e-10
30150.056 2.020721815008755e-09
30200.056 1.525802616786982e-09
30250.056 3.5619137458920917e-09
30300.056 4.3878191070777895e-09
30350.056 1.7849931327917612e-09
30400.056 4.282406281498085e-09
30450.056 2.4702018445372026e-09
30500.056 2.5061907889873043e-09
30550.056 2.1420676847536947e-09
30600.056 4.872548102536464e-09
30650.056 2.8647487861604057e-09
30700.056 2.1040781383278077e-09
30750.056 3.785945582511455e-09
30800.056 2.4033342520011545e-09
30850.056 2.7582944832931935e-09
30900.056 1.4806777562642355e-09
30950.056 1.8070148139187542e-09
31000.056 1.7437808154122449e-09
31050.056 1.5461745484873065e-09
31100.056 9.488875446073394e-10
31150.056 1.7121134079031223e-09
31200.056 2.6272649118370197e-09
31250.056 1.8039028482833482e-09
31300.056 1.1723447003100463e-09
31350.056 1.8691048786976e-09
31400.056 1.319951548945402e-09
31450.056 1.3682235131924903e-09
31500.056 6.87709106331148e-10
31550.056 9.686166581542748e-10
31600.056 6.003493931815385e-10
31650.056 6.502657518077614e-10
31700.056 6.653744480562147e-10
31750.056 3.205092812546706e-10
31800.056 6.62448095732715e-10
31850.056 1.7646582547606568e-10
31900.056 3.537299110959632e-10
31950.056 2.1372605306708855e-10
32000.056 2.199618965727109e-10
32050.056 3.1454263606727597e-10
32100.056 2.835270266823004e-10
32150.056 3.408817241796501e-10
32200.056 1.767074238768604e-10
32250.056 4.519712293748559e-10
32300.056 1.732467906666959e-10
32350.056 4.046618841943885e-10
32400.056 1.2442014311810687e-10
32450.056 3.393294266038904e-10
32500.056 1.5318725214112294e-10
32550.056 2.527850690197291e-10
32600.056 2.0964213957333616e-10
32650.056 7.103373968279637e-10
32700.056 2.956509590136723e-10
32750.056 1.0570999200874583e-09
32800.056 7.005772265767361e-10
32850.056 1.4207065784137135e-09
32900.056 1.2914320120840764e-09
32950.056 1.519396192050711e-09
33000.056 7.85456898496707e-10
33050.056 1.041837201366341e-09
33100.056 2.626886978213525e-10
33150.056 6.390749229796054e-13
33200.056 8.005594566289605e-12
33250.056 6.517338248032379e-12
33300.056 2.9028762305272758e-11
33350.056 9.433535616590757e-11
33400.056 2.8974427799064937e-10
33450.056 3.181988733260656e-10
33500.056 9.626359911813515e-10
33550.056 2.876974590073107e-10
33600.056 7.916687969259571e-10
33650.056 7.181160301335571e-10
33700.056 4.021685567012751e-10
33750.056 1.070095648721473e-09
33800.056 2.2141967746453583e-10
33850.056 6.232883087045777e-10
33900.056 6.018668508651174e-10
33950.056 4.842401027505708e-10
34000.056 1.0059555541070445e-09
34050.056 2.0884634219116948e-10
34100.056 8.804175563975305e-10
34150.056 4.736651306656547e-10
34200.056 9.017321659349142e-10
34250.056 6.361711245274405e-10
34300.056 6.086841795684577e-10
34350.056 7.961594967926602e-10
34400.056 3.752718478632864e-10
34450.056 9.002598323196765e-10
34500.056 5.959300124924626e-10
34550.056 3.2680140609631753e-10
34600.056 1.2604356029843743e-09
34650.056 3.8856653437552564e-10
34700.056 1.0696015440185592e-09
34750.056 7.158564331470362e-10
34800.056 6.704553131214212e-10
34850.056 1.277590314134334e-09
34900.056 6.870997401140116e-10
34950.056 1.3177568139330762e-09
35000.056 2.6622085271864083e-09
35050.056 1.078191021776008e-09
35100.056 2.310371865057403e-09
35150.056 1.7695072214297385e-09
35200.056 1.90116276071919e-09
35250.056 3.0380526611669307e-09
35300.056 1.604144122605922e-09
35350.056 1.8527109850245915e-09
35400.056 1.862744131693586e-09
35450.056 1.3413771981951586e-09
35500.056 4.443262661552629e-09
35550.056 3.0840652057280477e-09
35600.056 2.7293559080860707e-09
35650.056 2.805202077777266e-09
35700.056 2.9189282902818142e-09
35750.056 4.403871502184536e-09
35800.056 5.051646072940678e-09
35850.056 2.0048693943332716e-09
35900.056 2.806363450888457e-09
35950.056 3.1519648859472236e-09
36000.056 3.537119703034573e-09
36050.056 2.5796351069742047e-09
36100.056 2.532017210297272e-09
36150.056 4.150211773591386e-09
36200.056 4.540714498287051e-09
36250.056 3.547655739400754e-09
36300.056 6.3555938115175945e-09
36350.056 4.332028340580633e-09
36400.056 5.756720544967627e-09
36450.056 6.7845689538266475e-09
36500.056 7.833031992879729e-09
36550.056 8.228878833526864e-09
36600.056 9.739961354899892e-09
36650.056 7.979265477144623e-09
36700.056 8.81848875277368e-09
36750.056 1.0330665360603567e-08
36800.056 1.0861969077909065e-08
36850.056 7.50621178389843e-09
36900.056 1.1516483063428847e-08
36950.056 1.157112219197094e-08
37000.056 8.97042832088587e-09
37050.056 1.169696072140075e-08
37100.056 1.1405755383827963e-08
37150.056 8.974419616491387e-09
37200.056 1.3626335412904425e-08
37250.056 1.0740989735878848e-08
37300.056 8.895797149782119e-09
37350.056 1.2707867938760902e-08
37400.056 1.8968635138676875e-08
37450.056 9.849342831450057e-09
37500.056 1.1578896410538512e-08
37550.056 1.7117097505512547e-08
37600.056 2.2219316044156493e-08
37650.056 9.97020883505406e-09
37700.056 1.9511820546393838e-08
37750.056 1.237551274140223e-08
37800.056 1.3162487643910385e-08
37850.056 7.262849672204489e-09
37900.056 1.012099912629837e-08
37950.056 1.6812702507264524e-08
38000.056 1.7919736523582864e-08
38050.056 2.0319043531572343e-08
38100.056 2.241592293641537e-08
38150.056 2.4819203329719785e-08
38200.056 2.4747650094886568e-08
38250.056 2.330781449144512e-08
38300.056 3.461273268350956e-08
38350.056 3.392316000935222e-08
38400.056 1.6271828054627855e-08
38450.056 1.2525091812831461e-08
38500.056 7.66086162484217e-09
38550.056 1.8085123929217337e-08
38600.056 1.8254395164300357e-08
38650.056 1.9342408605255472e-08
38700.056 1.6616474748309266e-08
38750.056 1.915276246852573e-08
38800.056 1.8794992391944205e-08
38850.056 2.051666197127245e-08
38900.056 2.7589328058448246e-08
38950.056 1.863421488578875e-08
39000.056 2.6840936117597966e-08
39050.056 1.90023845892789e-08
39100.056 2.543509054807814e-08
39150.056 2.8249183028643e-08
39200.056 2.446462071181637e-08
39250.056 3.3962264060369515e-08
39300.056 2.350365311723295e-08
39350.056 4.1008632286660985e-08
39400.056 2.5528085646382342e-08
39450.056 3.301157943115604e-08
39500.056 3.49589059415642e-08
39550.056 2.535409213205876e-08
39600.056 3.525653271599916e-08
39650.056 3.9169119145747774e-08
39700.056 3.80869185914119e-08
39750.056 2.5418425872790858e-08
39800.056 2.9589344649040778e-08
39850.056 4.806102493430508e-08
39900.056 5.014726354650394e-08
39950.056 3.130108641066095e-08
40000.056 5.1055657903050105e-08
40050.056 4.561288034143592e-08
40100.056 2.6375830798264515e-08
40150.056 4.679596305281494e-08
40200.056 4.970718955086838e-08
40250.056 5.332455941463459e-08
40300.056 5.0146706575601925e-08
40350.056 4.2510446314671414e-08
40400.056 5.722994368784475e-08
40450.056 3.8170683239909807e-08
40500.056 6.183259712108901e-08
40550.056 6.217583190428563e-08
40600.056 5.405815635800757e-08
40650.056 4.215317805547122e-08
40700.056 7.492386840459365e-08
40750.056 5.296119627099034e-08
40800.056 3.930563748696312e-08
40850.056 8.570392881023035e-08
40900.056 7.266819869602647e-08
40950.056 6.522801443624883e-08
41000.056 6.034645191412167e-08
41050.056 9.015752850256883e-08
41100.056 7.418260179820373e-08
41150.056 4.0629149322862355e-08
41200.056 9.171395151626316e-08
41250.056 6.674956016909855e-08
41300.056 6.655425516678709e-08
41350.056 9.337203924299588e-08
41400.056 8.244358857980863e-08
41450.056 9.90616515141784e-08
41500.056 7.079549656572847e-08
41550.056 6.83046716851293e-08
41600.056 7.763262220694836e-08
41650.056 9.040839234299784e-08
41700.056 9.070392049096009e-08
41750.056 8.503735585198294e-08
41800.056 1.0036077646422688e-07
41850.056 8.020113724455681e-08
41900.056 8.136257658013784e-08
41950.056 8.16076524106164e-08
42000.056 6.77389888525722e-08
42050.056 6.924310615117288e-08
42100.056 9.123700632589915e-08
42150.056 7.649104620900297e-08
42200.056 7.743237720355053e-08
42250.056 7.071658624594838e-08
42300.056 7.24980615361457e-08
42350.056 9.710754824081291e-08
42400.056 1.013507465530218e-07
42450.056 9.339308660704088e-08
42500.056 8.6088880464084e-08
42550.056 7.845852801597435e-08
42600.056 8.801790971825764e-08
42650.056 1.2793031874394456e-07
42700.056 8.250485178719227e-08
42750.056 9.278445055950565e-08
42800.056 1.1712842799022748e-07
42850.056 1.2385736856895855e-07
42900.056 1.3385301382504304e-07
42950.056 1.0690316267198498e-07
43000.056 1.184211993258313e-07
43050.056 7.126698699791567e-08
43100.056 9.83684566024767e-08
43150.056 8.783686467545423e-08
43200.056 1.2716299167600504e-07
43250.056 1.5708116202701006e-07
43300.056 1.5302997807299445e-07
43350.056 9.079283837187675e-08
43400.056 1.1806631895709595e-07
43450.056 8.852839762581196e-08
43500.056 8.487244678081802e-08
43550.056 9.38463030988167e-08
43600.056 1.4139933375921964e-07
43650.056 9.961464534790522e-08
43700.056 1.5264050602503764e-07
43750.056 1.3377780772200507e-07
43800.056 1.2543062277318474e-07
43850.056 1.070794088160045e-07
43900.056 1.0464786811713032e-07
43950.056 6.808443097289596e-08
44000.056 6.781167610929342e-08
44050.056 1.4720900968100479e-07
44100.056 1.8865083128499798e-07
44150.056 1.6881556645339676e-07
44200.056 1.4609563415499547e-07
44250.056 9.203112498600322e-08
44300.056 7.680025719751462e-08
44350.056 8.959287362602583e-08
44400.056 8.317862413939014e-08
44450.056 1.3105493986097751e-07
44500.056 1.2724807386223079e-07
44550.056 1.766657997759783e-07
44600.056 1.4991023775620408e-07
44650.056 1.352772817357276e-07
44700.056 9.125878026300126e-08
44750.056 1.4011920933303594e-07
44800.056 1.0300541847805438e-07
44850.056 1.3630653213252032e-07
44900.056 1.1410827251840649e-07
44950.056 1.3713979757820722e-07
45000.056 1.4939281072801263e-07
45050.056 1.392866974494843e-07
45100.056 1.2791739319059924e-07
45150.056 1.271128689385793e-07
45200.056 1.0105666903870593e-07
45250.056 1.1396236687975794e-07
45300.056 9.607490376502013e-08
45350.056 9.504832876222681e-08
45400.056 1.93237776804021e-07
45450.056 1.5760720797601166e-07
45500.056 1.7993295092771112e-07
45550.056 1.917557417049318e-07
45600.056 1.8011598927704207e-07
45650.056 1.4282574787680085e-07
45700.056 1.0257159477529693e-07
45750.056 9.850650011250204e-08
45800.056 2.0389451197299978e-07
45850.056 1.7668805383298764e-07
45900.056 2.0406604079198982e-07
45950.056 1.685056560199898e-07
46000.056 1.91605457696513e-07
46050.056 1.4679741157491286e-07
46100.056 2.138152489749726e-07
46150.056 1.391740674380125e-07
46200.056 1.2368472949708812e-07
46250.056 6.083058579889847e-08
46300.056 1.464870261196039e-07
46350.056 1.4943462757102185e-07
46400.056 1.29426264849002e-07
46450.056 1.2060017060982255e-07
46500.056 1.4448122319833858e-07
46550.056 8.412257243630483e-08
46600.056 1.2336175216326506e-07
46650.056 1.860799428620099e-07
46700.056 1.1903222888796447e-07
46750.056 7.460465037374887e-08
46800.056 5.0992381763091396e-08
46850.056 1.8783901001703537e-07
46900.056 1.6631777727199338e-07
46950.056 1.6364762821798767e-07
47000.056 1.5984770846903292e-07
47050.056 1.243847346145542e-07
47100.056 8.59681157383635e-08
47150.056 1.2323203173321632e-07
47200.056 1.4873810543599724e-07
47250.056 9.614328745209003e-08
47300.056 6.511274208325771e-08
47350.056 1.814204198019885e-07
47400.056 1.4716855516498792e-07
47450.056 1.4177460024976073e-07
47500.056 1.8037663457097945e-07
47550.056 1.5565006425201114e-07
47600.056 1.5070476478149824e-07
47650.056 1.4705216169265845e-07
47700.056 1.23106589949765e-07
47750.056 9.236318542450549e-08
47800.056 8.2918063029008e-08
47850.056 4.892848756355975e-08
47900.056 7.169450018816699e-08
47950.056 1.3043128784962889e-07
48000.056 1.854619802800332e-07
48050.056 1.618710309686041e-07
48100.056 7.301756872701013e-08
48150.056 1.2638839079200354e-07
48200.056 9.21008947566084e-08
48250.056 1.0569844624000586e-07
48300.056 1.6717140266596458e-07
48350.056 1.0151972118000246e-07
48400.056 3.745415932479983e-08
48450.056 7.669957868582277e-08
48500.056 1.1474879656197378e-07
48550.056 1.1349090734800989e-07
48600.056 1.2821753498100227e-07
48650.056 1.575391275969812e-07
48700.056 1.109997985045056e-07
48750.056 7.453646677374244e-08
48800.056 1.5582577527699532e-07
48850.056 8.786986486428525e-08
48900.056 1.3052032969240916e-07
48950.056 7.392280088700645e-08
49000.056 3.718950703904153e-08
49050.056 1.06651053476785e-07
49100.056 1.351283284185293e-07
49150.056 9.857401002502841e-08
49200.056 1.5696780533703527e-07
49250.056 1.504792395550219e-07
49300.056 1.285190158547993e-07
49350.056 5.55704304857214e-08
49400.056 8.065320626227918e-08
49450.056 8.509697352887698e-08
49500.056 6.547780542149359e-08
49550.056 1.8966913089461988e-08
49600.056 4.8927050555246893e-08
49650.056 9.009494336999915e-08
49700.056 9.167391366446558e-08
49750.056 1.0036724551139259e-07
49800.056 7.07332452053992e-08
49850.056 1.3212563080583386e-07
49900.056 1.0204285040058452e-07
49950.056 1.0412062522120615e-07
50000.056 8.488593397487487e-08
50050.056 1.0452979563000286e-07
50100.056 8.080513547610052e-08
50150.056 4.387854670429046e-08
50200.056 1.0480402382022193e-08
50250.056 5.595468926199458e-08
50300.056 3.697087429415582e-08
50350.056 9.967085759961326e-08
50400.056 9.287952521918905e-08
50450.056 7.208980083460518e-08
50500.056 1.041651349938117e-07
50550.056 9.084403362101036e-08
50600.056 6.950142481627948e-08
50650.056 1.1133809469502117e-07
50700.056 1.1202626925096172e-07
50750.056 7.648325647441013e-08
50800.056 3.192533392377466e-08
50850.056 2.045420899941029e-08
50900.056 9.353223464500046e-08
50950.056 7.218719045100204e-08
51000.056 6.65314475439434e-08
51050.056 8.445830692199097e-08
51100.056 3.4995659646868155e-08
51150.056 4.5917113595048805e-08
51200.056 1.1519234774899504e-07
51250.056 7.250588169592679e-08
51300.056 5.4077902517927016e-08
51350.056 5.3699969724654485e-08
51400.056 2.157699076681197e-08
51450.056 1.6949136071829266e-08
51500.056 1.7301198103057914e-08
51550.056 6.066998022084659e-08
51600.056 4.415416242131371e-08
51650.056 5.298138469698906e-08
51700.056 5.894938424147393e-08
51750.056 3.868144801113348e-08
51800.056 6.591768599398992e-08
51850.056 5.617108934709633e-08
51900.056 7.893122763199383e-08
51950.056 4.902626433789343e-08
52000.056 6.743569228427487e-09
52050.056 2.8421058240804302e-08
52100.056 1.817048090999803e-08
52150.056 1.1504195331152614e-08
52200.056 2.523082264970014e-08
52250.056 3.6809554376513563e-08
52300.056 5.39591988933966e-08
52350.056 2.3203671573170435e-08
52400.056 2.1089645385471924e-08
52450.056 6.311169287140382e-08
52500.056 5.058463463993499e-08
52550.056 5.273997493059381e-08
52600.056 3.977852951759913e-08
52650.056 4.670333484190474e-08
52700.056 3.630259028159809e-08
52750.056 1.6806438322862866e-08
52800.056 2.7613175212403487e-08
52850.056 3.093621423529031e-08
52900.056 1.7420813019317487e-08
52950.056 2.4885010331362532e-08
53000.056 3.986231480281129e-08
53050.056 1.597583483516532e-08
53100.056 4.093415706548963e-08
53150.056 4.692907342640305e-08
53200.056 2.144994540854804e-08
53250.056 4.5379566101744956e-08
53300.056 5.510108666360228e-08
53350.056 4.253108628464186e-08
53400.056 2.8706683584191594e-08
53450.056 1.1707311223296126e-08
53500.056 2.661787921721223e-09
53550.056 7.090772011227883e-09
