galfind/configs/Brown_Dwarf_templates/sonora_bobcat/m+0.5/100g/sp_t950g100nc_m+0.5_resample.dat
# %ECSV 1.0
# ---
# datatype:
# - {name: wav, unit: Angstrom, datatype: float64}
# - {name: flux_nu, unit: erg / (cm2 Hz s), datatype: float64}
# meta: {C/O: '1.00', Kzz: '1.0000E+05', Teff: '950.', Y: '0.28', '[Fe/H]': '0.50', f_hole: '1.00', f_rain: '0.00', grav: '100.'}
# schema: astropy-2.0
wav flux_nu
[from data line 499]
28950.056 1.425167948316976e-07
29000.056 1.1306947899587706e-07
29050.056 1.1956021800278162e-07
29100.056 8.940249071014635e-08
29150.056 1.4648171954458606e-07
29200.056 1.09991870674096e-07
29250.056 1.5127720371798788e-07
29300.056 9.661332357675813e-08
29350.056 2.0106433636515205e-07
29400.056 1.2260794547144022e-07
29450.056 1.3709501706404104e-07
29500.056 1.4700986815048677e-07
29550.056 1.3369615044152751e-07
29600.056 1.53385380173942e-07
29650.056 1.4966981498697717e-07
29700.056 1.1337594122062264e-07
29750.056 1.5427168421019275e-07
29800.056 1.6186825889323983e-07
29850.056 1.6568793944166538e-07
29900.056 1.511448114670951e-07
29950.056 1.6013497445034313e-07
30000.056 1.276735711877902e-07
30050.056 1.2539408516209117e-07
30100.056 1.1748060773635234e-07
30150.056 1.688329046248821e-07
30200.056 1.2605068063599363e-07
30250.056 1.736472176650459e-07
30300.056 1.4272734672901348e-07
30350.056 1.2452096668680747e-07
30400.056 1.47207969985299e-07
30450.056 1.1174773355641594e-07
30500.056 8.760888073750858e-08
30550.056 9.394775526640201e-08
30600.056 1.0446366290799184e-07
30650.056 8.56389895812759e-08
30700.056 8.687502819578232e-08
30750.056 8.005824641018643e-08
30800.056 6.806329658881308e-08
30850.056 6.257049971617002e-08
30900.056 6.107382192078913e-08
30950.056 5.435950630391638e-08
31000.056 4.777799974540183e-08
31050.056 4.937777996700417e-08
31100.056 3.839742061759496e-08
31150.056 4.371565064849705e-08
31200.056 4.73726571820083e-08
31250.056 3.437033464059196e-08
31300.056 3.430963328215461e-08
31350.056 3.343622431759986e-08
31400.056 2.6708220678460143e-08
31450.056 2.852280074249529e-08
31500.056 2.3486324336493043e-08
31550.056 2.6201026122798515e-08
31600.056 2.0836833571398725e-08
31650.056 1.9850355041201115e-08
31700.056 1.9497560717295917e-08
31750.056 1.7000811045207605e-08
31800.056 2.0375301136097163e-08
31850.056 1.820234164140258e-08
31900.056 2.0231573451398054e-08
31950.056 1.2957323831300834e-08
32000.056 1.7240542146398053e-08
32050.056 1.8290146515300508e-08
32100.056 1.809976263760422e-08
32150.056 1.8445468557697025e-08
32200.056 1.6583907214900787e-08
32250.056 2.0392143358702622e-08
32300.056 1.6459351975499855e-08
32350.056 2.157509375169586e-08
32400.056 1.5749132328895366e-08
32450.056 1.986911041889318e-08
32500.056 1.9430532534703025e-08
32550.056 1.7796353987397834e-08
32600.056 2.166371091100115e-08
32650.056 2.9542290920795313e-08
32700.056 2.558074016100487e-08
32750.056 2.838920950410448e-08
32800.056 2.6970601820803727e-08
32850.056 2.965683628829525e-08
32900.056 3.370233031479439e-08
32950.056 3.484418484819708e-08
33000.056 2.90106958380896e-08
33050.056 2.704899565581641e-08
33100.056 1.4866741747697319e-08
33150.056 7.856219365800279e-09
33200.056 6.103369156999233e-09
33250.056 3.5950646079991265e-09
33300.056 3.8914844759007146e-09
33350.056 5.964896425200171e-09
33400.056 8.143559101796954e-09
33450.056 1.1393635319699373e-08
33500.056 1.6733420795308573e-08
33550.056 1.6503214168407002e-08
33600.056 2.4266054737096492e-08
33650.056 2.4526559248694958e-08
33700.056 2.2190611719595694e-08
33750.056 2.9480664328606342e-08
33800.056 2.7732246325802967e-08
33850.056 2.982999750219627e-08
33900.056 2.4793118070800123e-08
33950.056 2.4917747615797397e-08
34000.056 3.0797521333911556e-08
34050.056 1.9932662679789546e-08
34100.056 3.086459153889699e-08
34150.056 2.6746380335098902e-08
34200.056 2.5013503974689804e-08
34250.056 2.6634112161883453e-08
34300.056 2.4972994487987003e-08
34350.056 2.0723723628299565e-08
34400.056 2.029640394519616e-08
34450.056 2.5524416446193333e-08
34500.056 2.437559657110232e-08
34550.056 2.1819734970002227e-08
34600.056 3.02814219829967e-08
34650.056 2.4406790796500187e-08
34700.056 2.6534285256597924e-08
34750.056 2.7290741421691498e-08
34800.056 2.5711928142091583e-08
34850.056 2.6373444604409743e-08
34900.056 3.015200079238955e-08
34950.056 3.072282976469328e-08
35000.056 4.112422623531287e-08
35050.056 2.834502941279529e-08
35100.056 3.377323043030383e-08
35150.056 3.204489547530447e-08
35200.056 3.5820862268295386e-08
35250.056 4.351818302838724e-08
35300.056 3.819134444410797e-08
35350.056 3.614292491638747e-08
35400.056 4.0088349882602405e-08
35450.056 2.883659059961408e-08
35500.056 5.016531954539996e-08
35550.056 4.8626804566990534e-08
35600.056 4.111662900021947e-08
35650.056 4.6848570399895153e-08
35700.056 4.36238299757925e-08
35750.056 5.3342726505790255e-08
35800.056 6.985428982899959e-08
35850.056 4.509297535319266e-08
35900.056 5.787931857150046e-08
35950.056 5.3568536064687614e-08
36000.056 5.47952251870107e-08
36050.056 5.121090796838229e-08
36100.056 5.585656843046709e-08
36150.056 5.6570836930385845e-08
36200.056 6.0015506961983e-08
36250.056 5.885610431547678e-08
36300.056 6.60935237975035e-08
36350.056 6.489961308060738e-08
36400.056 6.222597313119217e-08
36450.056 7.675159166680823e-08
36500.056 8.005600608879401e-08
36550.056 7.85397452860207e-08
36600.056 9.261864631800316e-08
36650.056 9.289581339667847e-08
36700.056 9.941103470598439e-08
36750.056 1.0505142900506061e-07
36800.056 1.0392051907099965e-07
36850.056 1.0230848908937426e-07
36900.056 1.0672856185918206e-07
36950.056 1.2146841404798114e-07
37000.056 1.1741563484299071e-07
37050.056 1.1362947229498291e-07
37100.056 1.3121974877499596e-07
37150.056 1.105850982367969e-07
37200.056 1.2720931346598507e-07
37250.056 1.3469529398497648e-07
37300.056 1.1899016232284813e-07
37350.056 1.2000866461802832e-07
37400.056 1.7334419369199556e-07
37450.056 1.4087111846200745e-07
37500.056 1.407272771734803e-07
37550.056 1.6015833682910203e-07
37600.056 1.7053314468901048e-07
37650.056 1.4141391580199235e-07
37700.056 1.9272294634202085e-07
37750.056 1.5096465868099051e-07
37800.056 1.5965474222211385e-07
37850.056 1.325558928120104e-07
37900.056 1.403774186670538e-07
37950.056 1.6282800117445754e-07
38000.056 1.9750215855901073e-07
38050.056 1.9611698353203661e-07
38100.056 1.77139869318048e-07
38150.056 2.1686390980098513e-07
38200.056 2.2649145252706364e-07
38250.056 2.2024931716301653e-07
38300.056 2.667265299059726e-07
38350.056 2.769158516310226e-07
38400.056 1.9708207057593702e-07
38450.056 2.1354280743096609e-07
38500.056 1.615813326430194e-07
38550.056 2.2706580221004376e-07
38600.056 2.3987130117802785e-07
38650.056 2.2661170675596985e-07
38700.056 2.4292752540297925e-07
38750.056 2.6895569397301516e-07
38800.056 2.2764964225180934e-07
38850.056 2.2745085187602263e-07
38900.056 2.9456765342804533e-07
38950.056 2.616430366039673e-07
39000.056 2.814838120889905e-07
39050.056 2.589404365049716e-07
39100.056 2.80689702517045e-07
39150.056 2.77280235091003e-07
39200.056 2.9779613957798373e-07
39250.056 3.2524218794691154e-07
39300.056 2.794795861228529e-07
39350.056 3.477188918380038e-07
39400.056 3.2208034779809056e-07
39450.056 3.262699693749908e-07
39500.056 3.073980881130707e-07
39550.056 3.363917168470532e-07
39600.056 3.4750570952788e-07
39650.056 3.686860990249951e-07
39700.056 3.5875791519002546e-07
39750.056 3.16565792754071e-07
39800.056 3.632113307238659e-07
39850.056 4.0510817608999075e-07
39900.056 3.959992738900438e-07
39950.056 3.781576586358757e-07
40000.056 4.633996040201083e-07
40050.056 4.0667988098201567e-07
40100.056 3.8123724124760503e-07
40150.056 4.3711734735192265e-07
40200.056 4.4541833263683543e-07
40250.056 4.1263063930486447e-07
40300.056 4.154416024550783e-07
40350.056 4.5462937430401436e-07
40400.056 4.973566620427614e-07
40450.056 4.7436646815612435e-07
40500.056 4.6902988466001804e-07
40550.056 4.876388955699213e-07
40600.056 4.673822328000701e-07
40650.056 4.4522712381887955e-07
40700.056 5.582753788300009e-07
40750.056 4.888234056499047e-07
40800.056 4.243368879528241e-07
40850.056 5.395169731701342e-07
40900.056 5.10609261176056e-07
40950.056 4.853612450620375e-07
41000.056 5.143286938780421e-07
41050.056 5.756819896999473e-07
41100.056 4.945910592400254e-07
41150.056 4.362784074239355e-07
41200.056 5.569282329899374e-07
41250.056 4.955828375709594e-07
41300.056 4.533033628498788e-07
41350.056 5.955466105800926e-07
41400.056 5.51048375964108e-07
41450.056 5.590751175401507e-07
41500.056 5.018351135789974e-07
41550.056 5.046325143000688e-07
41600.056 5.910356866000662e-07
41650.056 5.624469531400477e-07
41700.056 5.038439383318108e-07
41750.056 5.140114218399763e-07
41800.056 5.214519374999608e-07
41850.056 4.1143634065703265e-07
41900.056 4.5080063801695704e-07
41950.056 3.9390776834809466e-07
42000.056 3.9680145400005e-07
42050.056 3.650727308259665e-07
42100.056 4.507509786200337e-07
42150.056 3.491712879099162e-07
42200.056 3.4314853696599325e-07
42250.056 3.379426527199228e-07
42300.056 3.1471024109801893e-07
42350.056 3.7956837411007615e-07
42400.056 3.299653065900898e-07
42450.056 3.175325848000106e-07
42500.056 3.198263843099976e-07
42550.056 3.2017545641996283e-07
42600.056 3.0625705285707134e-07
42650.056 3.1242194867792294e-07
42700.056 3.2183765919206536e-07
42750.056 2.999552246299696e-07
42800.056 3.0097517584708653e-07
42850.056 3.4385833058988686e-07
42900.056 3.4178266806006287e-07
42950.056 3.220062111088642e-07
43000.056 3.361256206079921e-07
43050.056 2.801171593781406e-07
43100.056 3.2572248064999776e-07
43150.056 3.1272586650206e-07
43200.056 3.527727747400334e-07
43250.056 3.5110525629995736e-07
43300.056 3.616311528999991e-07
43350.056 3.1832325871496523e-07
43400.056 3.3215926729398043e-07
43450.056 3.214645805360499e-07
43500.056 3.0492450760997203e-07
43550.056 3.2465111965804917e-07
43600.056 3.6880854049401844e-07
43650.056 3.3046055285902445e-07
43700.056 3.469074688799574e-07
43750.056 3.486965098050995e-07
43800.056 3.251872249799688e-07
43850.056 3.3364825260006497e-07
43900.056 3.47881458889954e-07
43950.056 2.9918830909502765e-07
44000.056 2.9627672564902643e-07
44050.056 3.6082852628004247e-07
44100.056 3.8238130732002407e-07
44150.056 3.579633026148977e-07
44200.056 3.5863343451598673e-07
44250.056 3.3794483101900675e-07
44300.056 3.192660356880617e-07
44350.056 3.220748661240585e-07
44400.056 3.484430273890029e-07
44450.056 3.6251375549597913e-07
44500.056 3.837231752500674e-07
44550.056 3.9431275795993983e-07
44600.056 3.5102248831704846e-07
44650.056 3.8554000910207756e-07
44700.056 3.269359250700107e-07
44750.056 3.8191904936999523e-07
44800.056 3.7071156346201965e-07
44850.056 3.7286696755007573e-07
44900.056 3.4168628154402824e-07
44950.056 3.598318181280223e-07
45000.056 3.802283634199644e-07
45050.056 3.792022183140025e-07
45100.056 3.8256697944399155e-07
45150.056 3.740089816779731e-07
45200.056 3.3963648447002636e-07
45250.056 3.5728491225990927e-07
45300.056 3.460455005020449e-07
45350.056 3.559204062399595e-07
45400.056 3.9666327941003106e-07
45450.056 3.6075190163994367e-07
45500.056 3.727787094139887e-07
45550.056 4.075925087899269e-07
45600.056 3.9622261125001255e-07
45650.056 3.339220093039319e-07
45700.056 3.714927202280561e-07
45750.056 3.3673863556498194e-07
45800.056 3.8330964270999697e-07
45850.056 4.2362010428998547e-07
45900.056 4.2795020040001856e-07
45950.056 3.6826292109300596e-07
46000.056 4.1489581216500916e-07
46050.056 3.8862106941502905e-07
46100.056 3.863109493800095e-07
46150.056 3.79205782059982e-07
46200.056 3.8088288920006855e-07
46250.056 3.210875146419624e-07
46300.056 4.104123654759827e-07
46350.056 3.710426778299995e-07
46400.056 3.732006769800011e-07
46450.056 3.7558372349404714e-07
46500.056 3.606737594990334e-07
46550.056 3.9242544537497547e-07
46600.056 3.9446298255800245e-07
46650.056 4.95846469079933e-07
46700.056 4.361485855000939e-07
46750.056 3.365772872959893e-07
46800.056 3.352216802180357e-07
46850.056 4.606613516600839e-07
46900.056 4.2805997268993834e-07
46950.056 4.516798778900207e-07
47000.056 3.905364766900035e-07
47050.056 4.251773054078648e-07
47100.056 3.301119025280538e-07
47150.056 3.67170552996026e-07
47200.056 4.1530546567004207e-07
47250.056 3.5885668692998894e-07
47300.056 3.2446510810695896e-07
47350.056 3.881321030899485e-07
47400.056 4.271540447599397e-07
47450.056 3.8641451867501454e-07
47500.056 4.4001166995392586e-07
47550.056 3.882991091699821e-07
47600.056 4.0668592503995945e-07
47650.056 3.3136259162192277e-07
47700.056 4.1723943921209125e-07
47750.056 2.939552636270255e-07
47800.056 3.855114192799882e-07
47850.056 2.957462479049752e-07
47900.056 3.6971860406796356e-07
47950.056 3.2926663874603593e-07
48000.056 4.597954002500563e-07
48050.056 4.00906123970028e-07
48100.056 3.551296181320088e-07
48150.056 3.732507341400408e-07
48200.056 3.911901322920274e-07
48250.056 3.548364374100003e-07
48300.056 4.3270899131985225e-07
48350.056 3.152334423600229e-07
48400.056 3.0646766625697404e-07
48450.056 3.5217618929709073e-07
48500.056 4.4892411425997047e-07
48550.056 3.3469209634199974e-07
48600.056 3.981437612199995e-07
48650.056 3.646676798499689e-07
48700.056 3.8530696538099976e-07
48750.056 2.899596760301e-07
48800.056 4.755449914149965e-07
48850.056 3.203844210399373e-07
48900.056 4.3554059222001376e-07
48950.056 3.8431781493004964e-07
49000.056 2.850337781799254e-07
49050.056 4.00623323879995e-07
49100.056 3.9069277782306014e-07
49150.056 3.832932926660189e-07
49200.056 4.0994351830002397e-07
49250.056 4.1883257416004626e-07
49300.056 3.631096446799938e-07
49350.056 3.094293250170393e-07
49400.056 3.8362058107998784e-07
49450.056 3.6116282222011396e-07
49500.056 3.36835815648965e-07
49550.056 2.5370623794102276e-07
49600.056 3.346204562920767e-07
49650.056 3.634341765659857e-07
49700.056 3.273898331219122e-07
49750.056 4.1296922175990455e-07
49800.056 3.4633012269402494e-07
49850.056 4.5990920245009717e-07
49900.056 3.669684583159994e-07
49950.056 3.7913494839796756e-07
50000.056 3.6238620782995984e-07
50050.056 4.020257816500105e-07
50100.056 3.718210329890028e-07
50150.056 2.8180343452997593e-07
50200.056 1.9098174372700378e-07
50250.056 3.729437724599577e-07
50300.056 3.1404003673601096e-07
50350.056 4.359787432670226e-07
50400.056 3.686808906549768e-07
50450.056 3.272688701830651e-07
50500.056 3.9299785526005594e-07
50550.056 3.530810711100155e-07
50600.056 3.5527383394193945e-07
50650.056 3.990249841200964e-07
50700.056 4.263669611098494e-07
50750.056 3.989174209800754e-07
50800.056 2.6515340017997493e-07
50850.056 2.794813504800817e-07
50900.056 4.2167833246000754e-07
50950.056 3.548868530180796e-07
51000.056 4.1043924207604214e-07
51050.056 3.4041160630501637e-07
51100.056 2.544079670439704e-07
51150.056 3.348947167659464e-07
51200.056 4.3310710596998404e-07
51250.056 3.5289118544990493e-07
51300.056 3.0175701902216527e-07
51350.056 3.126486745469814e-07
51400.056 2.241646513299799e-07
51450.056 1.9317661057894474e-07
51500.056 2.326250759590705e-07
51550.056 4.147423642220401e-07
51600.056 3.005435958130509e-07
51650.056 3.1267498616994296e-07
51700.056 3.1951814935891597e-07
51750.056 2.513714782800406e-07
51800.056 3.5228992465990487e-07
51850.056 3.422240902659985e-07
51900.056 4.2610977722212066e-07
51950.056 3.602982058599609e-07
52000.056 1.9181680918898022e-07
52050.056 3.109882354430333e-07
52100.056 2.40197074979958e-07
52150.056 2.3103800565201438e-07
52200.056 2.2909666596298988e-07
52250.056 2.7550300801303436e-07
52300.056 3.7943177392996777e-07
52350.056 3.1713975813802366e-07
52400.056 2.1984993002700676e-07
52450.056 3.2887988508001976e-07
52500.056 3.331282043729141e-07
52550.056 3.590010287418933e-07
52600.056 3.019452430020651e-07
52650.056 3.239714991520797e-07
52700.056 2.96269166761e-07
52750.056 2.147339734489831e-07
52800.056 2.62565981513036e-07
52850.056 2.635384177239225e-07
52900.056 2.609204610580388e-07
52950.056 2.7254419573598254e-07
53000.056 3.386886654499884e-07
53050.056 2.149593341349092e-07
53100.056 2.510792810219233e-07
53150.056 3.732520904800353e-07
53200.056 2.0889372959099163e-07
53250.056 3.578347455100303e-07
53300.056 3.4414729068718347e-07
53350.056 3.4150705613397256e-07
53400.056 3.4498770569003736e-07
53450.056 2.144096446450118e-07
53500.056 1.5164437082795085e-07
53550.056 2.2736787977994888e-07
