galfind/configs/Brown_Dwarf_templates/sonora_bobcat/m+0.5/100g/sp_t2400g100nc_m+0.5_resample.dat
# %ECSV 1.0
# ---
# datatype:
# - {name: wav, unit: Angstrom, datatype: float64}
# - {name: flux_nu, unit: erg / (cm2 Hz s), datatype: float64}
# meta: {C/O: '1.00', Kzz: '1.0000E+05', Teff: '2400.', Y: '0.28', '[Fe/H]': '0.50', f_hole: '1.00', f_rain: '0.00', grav: '100.'}
# schema: astropy-2.0
wav flux_nu
[from data line 502]
29100.056 3.7150931621000462e-06
29150.056 4.233708815000089e-06
29200.056 4.019610984500045e-06
29250.056 4.203323022599893e-06
29300.056 3.915937634998391e-06
29350.056 4.453708219799519e-06
29400.056 4.03429305229984e-06
29450.056 3.919768297599795e-06
29500.056 4.167227950299568e-06
29550.056 4.047293577700406e-06
29600.056 4.182716133400127e-06
29650.056 4.1618877458001436e-06
29700.056 3.836817097999711e-06
29750.056 4.420123491501051e-06
29800.056 4.299571100099751e-06
29850.056 4.20238160389951e-06
29900.056 3.8927884154009255e-06
29950.056 4.415836614299384e-06
30000.056 4.365127925898576e-06
30050.056 4.19171455000004e-06
30100.056 3.556487539899312e-06
30150.056 4.783874411199698e-06
30200.056 4.504714746800293e-06
30250.056 4.222776576000625e-06
30300.056 4.328279382499927e-06
30350.056 4.240574385300758e-06
30400.056 4.659513884400489e-06
30450.056 3.965432095200487e-06
30500.056 3.964480547900523e-06
30550.056 4.804529039100707e-06
30600.056 4.580391561600289e-06
30650.056 4.526812373800243e-06
30700.056 4.280946954799999e-06
30750.056 4.210674944300159e-06
30800.056 4.748711632901226e-06
30850.056 4.302049623600035e-06
30900.056 4.3275893554997235e-06
30950.056 4.182528264200314e-06
31000.056 4.674850352299883e-06
31050.056 4.1792465967001335e-06
31100.056 4.5336262906000775e-06
31150.056 4.532366613299746e-06
31200.056 4.687892725199554e-06
31250.056 4.817114876500781e-06
31300.056 4.450297121199715e-06
31350.056 4.361428969999973e-06
31400.056 4.610462526800514e-06
31450.056 4.575261122200323e-06
31500.056 4.6806791784005445e-06
31550.056 4.337348977799968e-06
31600.056 4.513121328399893e-06
31650.056 4.664745470999838e-06
31700.056 4.823139459800031e-06
31750.056 4.328207483900076e-06
31800.056 4.705213839700349e-06
31850.056 5.056189569999777e-06
31900.056 4.941391690699648e-06
31950.056 4.369366034399623e-06
32000.056 4.52210337610064e-06
32050.056 4.967176484700552e-06
32100.056 5.033279080999657e-06
32150.056 4.976970341200115e-06
32200.056 4.7952602671999e-06
32250.056 4.638745378000129e-06
32300.056 4.887011610400088e-06
32350.056 5.146821018800552e-06
32400.056 4.760848801400003e-06
32450.056 4.649209099800302e-06
32500.056 4.946839917400174e-06
32550.056 5.2580164017001345e-06
32600.056 5.117498104599723e-06
32650.056 5.066799603401023e-06
32700.056 4.861269649400092e-06
32750.056 5.063819212999973e-06
32800.056 4.755113575900664e-06
32850.056 5.33783918119978e-06
32900.056 5.171103059400226e-06
32950.056 4.75990957279994e-06
33000.056 5.03966871170021e-06
33050.056 5.0668823419996055e-06
33100.056 5.177285077699069e-06
33150.056 5.164622780900359e-06
33200.056 4.93328456940053e-06
33250.056 5.12054762530029e-06
33300.056 5.466189879200305e-06
33350.056 5.1774425726003605e-06
33400.056 4.9477168120996675e-06
33450.056 5.27669603199871e-06
33500.056 5.188950114500173e-06
33550.056 5.169076826099268e-06
33600.056 5.208881991900467e-06
33650.056 5.278501732600759e-06
33700.056 5.415568140999326e-06
33750.056 5.3918207889002345e-06
33800.056 5.3527539362998645e-06
33850.056 5.189133109899948e-06
33900.056 5.603260659199548e-06
33950.056 5.1755725532995065e-06
34000.056 5.210936486999203e-06
34050.056 5.354350134700157e-06
34100.056 5.562445392600458e-06
34150.056 5.490774296299553e-06
34200.056 5.250946458899475e-06
34250.056 5.662247568399324e-06
34300.056 5.3627067652994475e-06
34350.056 5.572311789999383e-06
34400.056 5.2825348080995305e-06
34450.056 5.272241011500094e-06
34500.056 5.3902567787009016e-06
34550.056 5.327626383399802e-06
34600.056 5.449532826399886e-06
34650.056 5.465800336199794e-06
34700.056 5.269510157499636e-06
34750.056 5.57593536640026e-06
34800.056 5.660361906999677e-06
34850.056 5.300128941899996e-06
34900.056 5.585752113300425e-06
34950.056 5.45784926819918e-06
35000.056 5.383163688999644e-06
35050.056 5.6900168280005245e-06
35100.056 5.6541910772991845e-06
35150.056 5.471342521299531e-06
35200.056 5.6120235358997406e-06
35250.056 5.1943025729004765e-06
35300.056 5.56789994770047e-06
35350.056 5.744216688199616e-06
35400.056 5.525088869799935e-06
35450.056 5.414629242600139e-06
35500.056 5.634683735000137e-06
35550.056 5.520060866299978e-06
35600.056 5.4811661463991405e-06
35650.056 5.758092990300481e-06
35700.056 5.456097289300278e-06
35750.056 5.453524460299685e-06
35800.056 5.649973854399734e-06
35850.056 5.758179079399714e-06
35900.056 5.7734899146995835e-06
35950.056 5.686582702799399e-06
36000.056 5.34659771139949e-06
36050.056 5.763214445200139e-06
36100.056 5.957196044000139e-06
36150.056 5.499691029400268e-06
36200.056 5.804298169099516e-06
36250.056 5.534274549199331e-06
36300.056 6.031777515800725e-06
36350.056 5.8937302194994365e-06
36400.056 5.722702244199819e-06
36450.056 5.9909033749997024e-06
36500.056 5.691948559900313e-06
36550.056 5.5921972565004345e-06
36600.056 5.6409872813004915e-06
36650.056 5.78893485490049e-06
36700.056 5.981167698400157e-06
36750.056 5.650496769100661e-06
36800.056 5.790332957199559e-06
36850.056 5.875169922399852e-06
36900.056 5.9065880282006355e-06
36950.056 5.894744541000145e-06
37000.056 5.894595007900216e-06
37050.056 6.025560243299935e-06
37100.056 5.809569359500318e-06
37150.056 5.765835705799133e-06
37200.056 5.96624067910015e-06
37250.056 5.992346315600322e-06
37300.056 5.943108700300846e-06
37350.056 5.784733640100552e-06
37400.056 5.976760712899756e-06
37450.056 5.951984451900387e-06
37500.056 6.092340433599792e-06
37550.056 5.924577248899297e-06
37600.056 6.133894465699388e-06
37650.056 5.7387083784995185e-06
37700.056 5.819021156200225e-06
37750.056 6.108121843199194e-06
37800.056 6.193016237799993e-06
37850.056 6.024533414399782e-06
37900.056 6.102440196400333e-06
37950.056 6.130562807200285e-06
38000.056 6.0220557162006504e-06
38050.056 6.0333577239003644e-06
38100.056 5.899141717500141e-06
38150.056 6.166841403899298e-06
38200.056 6.27994883459936e-06
38250.056 6.008302177100542e-06
38300.056 5.924460032899917e-06
38350.056 6.115113461700066e-06
38400.056 6.124781086899876e-06
38450.056 6.0642345467005725e-06
38500.056 6.042273928399762e-06
38550.056 6.090244411500424e-06
38600.056 6.383570969899748e-06
38650.056 5.833030801500199e-06
38700.056 5.918632867600491e-06
38750.056 6.1838915005000386e-06
38800.056 6.031730675600745e-06
38850.056 6.130354342200221e-06
38900.056 5.9054155634000164e-06
38950.056 6.081887559399619e-06
39000.056 6.0471857810000935e-06
39050.056 6.060293695200005e-06
39100.056 5.835881633799903e-06
39150.056 5.957505664900243e-06
39200.056 6.046418299400212e-06
39250.056 6.050843834399432e-06
39300.056 6.069759850799166e-06
39350.056 6.024448580600498e-06
39400.056 5.883593700000185e-06
39450.056 5.957310516999817e-06
39500.056 5.911987655499999e-06
39550.056 5.810245486598978e-06
39600.056 6.143867940500439e-06
39650.056 5.807422880800175e-06
39700.056 5.955228807200013e-06
39750.056 5.973613687099534e-06
39800.056 5.727443614400228e-06
39850.056 5.860074460299799e-06
39900.056 5.71734523119968e-06
39950.056 5.910300073599797e-06
40000.056 5.718519401499721e-06
40050.056 5.3926515867998155e-06
40100.056 5.71774160599987e-06
40150.056 5.411021446299293e-06
40200.056 5.642369498099737e-06
40250.056 5.585334918698644e-06
40300.056 5.328610321600134e-06
40350.056 5.467797707700217e-06
40400.056 5.568915382700087e-06
40450.056 5.235531449300936e-06
40500.056 5.045177589099883e-06
40550.056 5.5924632064996994e-06
40600.056 5.219634622100274e-06
40650.056 5.334647192601023e-06
40700.056 5.563473238800291e-06
40750.056 5.038994852198915e-06
40800.056 5.018015224100492e-06
40850.056 4.8281858282008955e-06
40900.056 4.72563279790064e-06
40950.056 5.072897171700065e-06
41000.056 5.229526037100386e-06
41050.056 5.106586275799267e-06
41100.056 4.933456229500529e-06
41150.056 5.206391035300223e-06
41200.056 4.926893185000073e-06
41250.056 5.03251616590013e-06
41300.056 4.609613496799774e-06
41350.056 5.107658161900315e-06
41400.056 4.95080185589989e-06
41450.056 4.789381969100073e-06
41500.056 5.0264024832999975e-06
41550.056 5.053267672700041e-06
41600.056 5.179008348899788e-06
41650.056 4.730740314100502e-06
41700.056 4.62894891489976e-06
41750.056 4.861964815200032e-06
41800.056 4.6420497494998195e-06
41850.056 4.477793786500519e-06
41900.056 4.868776764199349e-06
41950.056 4.49627719390047e-06
42000.056 4.705313550400284e-06
42050.056 4.477268178098883e-06
42100.056 4.764395395300317e-06
42150.056 4.2970371816992035e-06
42200.056 4.331417993400234e-06
42250.056 4.5845038712998396e-06
42300.056 4.292815464300073e-06
42350.056 4.6145204674005545e-06
42400.056 4.3075376340001e-06
42450.056 3.905347357700361e-06
42500.056 4.019560480600252e-06
42550.056 4.23759792219984e-06
42600.056 4.174057389100444e-06
42650.056 4.016155247499008e-06
42700.056 4.203269966700789e-06
42750.056 4.045774455699918e-06
42800.056 4.063973965900331e-06
42850.056 4.223457348199826e-06
42900.056 4.1304808429003006e-06
42950.056 3.825120515598722e-06
43000.056 3.9785199323999715e-06
43050.056 3.915748056501158e-06
43100.056 3.9998006672995145e-06
43150.056 4.125383580300675e-06
43200.056 3.970442743799926e-06
43250.056 3.961039247100708e-06
43300.056 4.076744221100277e-06
43350.056 3.869727384599609e-06
43400.056 3.8043822117998802e-06
43450.056 3.907750037000844e-06
43500.056 3.8117037226991406e-06
43550.056 3.928432423799854e-06
43600.056 4.0394694413000195e-06
43650.056 3.7767397050004164e-06
43700.056 3.793551209299812e-06
43750.056 3.808722591399997e-06
43800.056 3.7174430457000693e-06
43850.056 3.872754491300322e-06
43900.056 3.8501271259999205e-06
43950.056 3.6942683005005377e-06
44000.056 3.58463832820047e-06
44050.056 3.6720548604001347e-06
44100.056 3.6171907985006415e-06
44150.056 3.912338722399381e-06
44200.056 3.7016459635000766e-06
44250.056 3.5326860718997976e-06
44300.056 3.502164982400514e-06
44350.056 3.569919845200065e-06
44400.056 3.5224494209000467e-06
44450.056 3.7380246917001387e-06
44500.056 3.836684746600565e-06
44550.056 3.5143080651992568e-06
44600.056 3.590132523500435e-06
44650.056 3.6901255730001063e-06
44700.056 3.506535620000313e-06
44750.056 3.6964603012996476e-06
44800.056 3.7110578381998363e-06
44850.056 3.840742546900381e-06
44900.056 3.6986416668005713e-06
44950.056 3.4301114675000435e-06
45000.056 3.6999241936000076e-06
45050.056 3.617634900299609e-06
45100.056 3.7373082271996894e-06
45150.056 3.7436415148000934e-06
45200.056 3.5176827624998017e-06
45250.056 3.5525925398995484e-06
45300.056 3.477303699799966e-06
45350.056 3.7259180533992667e-06
45400.056 3.7501081104003407e-06
45450.056 3.5573074544993466e-06
45500.056 3.4894052907998807e-06
45550.056 3.6791744354993115e-06
45600.056 3.6659458079999476e-06
45650.056 3.4697610969990145e-06
45700.056 3.4885529250005008e-06
45750.056 3.6093573675997363e-06
45800.056 3.6488973126000563e-06
45850.056 3.7580930562001423e-06
45900.056 3.737382722099884e-06
45950.056 3.4713514190000237e-06
46000.056 3.6123224463001025e-06
46050.056 3.7250724186008227e-06
46100.056 3.499039399300197e-06
46150.056 3.5439494744999923e-06
46200.056 3.7556721108006563e-06
46250.056 3.4087896759999434e-06
46300.056 3.7402400705998176e-06
46350.056 3.3314134455997725e-06
46400.056 3.5597096654996154e-06
46450.056 3.4308851549006893e-06
46500.056 3.416042582200149e-06
46550.056 3.6329003313998495e-06
46600.056 3.3612887218996265e-06
46650.056 3.8127892593000253e-06
46700.056 3.5904101417007904e-06
46750.056 3.3463621587999858e-06
46800.056 3.5430552387005408e-06
46850.056 3.5928347648999493e-06
46900.056 3.5238088732994375e-06
46950.056 3.5983637382001603e-06
47000.056 3.6157409585001205e-06
47050.056 3.530032902399803e-06
47100.056 3.5336739587001815e-06
47150.056 3.504342065700447e-06
47200.056 3.473626467700696e-06
47250.056 3.540393267199033e-06
47300.056 3.3765367383991044e-06
47350.056 3.3292336364995405e-06
47400.056 3.5838143869994525e-06
47450.056 3.7545630156998184e-06
47500.056 3.367908041399151e-06
47550.056 3.5405993482992853e-06
47600.056 3.606965533299974e-06
47650.056 3.1396776156993748e-06
47700.056 3.619077097400133e-06
47750.056 3.0678446635008692e-06
47800.056 3.6320312755997427e-06
47850.056 3.2498251772985613e-06
47900.056 3.663496702200115e-06
47950.056 3.162292421200818e-06
48000.056 3.7025863525000823e-06
48050.056 3.3377033831006605e-06
48100.056 3.2851100199000806e-06
48150.056 3.284336171100347e-06
48200.056 3.5842462772009463e-06
48250.056 3.339175027399796e-06
48300.056 3.748013178799871e-06
48350.056 3.0498430069993608e-06
48400.056 3.578622803999871e-06
48450.056 3.454467807500218e-06
48500.056 3.6390621127000213e-06
48550.056 3.2548213882000046e-06
48600.056 3.5265648187997485e-06
48650.056 3.139896400999946e-06
48700.056 3.307432356700106e-06
48750.056 3.0457146329005456e-06
48800.056 3.5984757004001747e-06
48850.056 3.2387848948993972e-06
48900.056 3.5154241423000148e-06
48950.056 3.475361141200599e-06
49000.056 3.3355930432998045e-06
49050.056 3.3306208008997633e-06
49100.056 3.3314741804999787e-06
49150.056 3.2546713390001286e-06
49200.056 3.5689988438000656e-06
49250.056 3.3409763171003508e-06
49300.056 3.2273809134997375e-06
49350.056 3.0359522796000572e-06
49400.056 3.4734927877005937e-06
49450.056 3.2489471153005936e-06
49500.056 3.2390528438004196e-06
49550.056 3.152739028800017e-06
49600.056 3.1397705560002998e-06
49650.056 3.1876383663006787e-06
49700.056 2.901196326499641e-06
49750.056 3.523703557499363e-06
49800.056 3.3334999176999643e-06
49850.056 3.486081542400115e-06
49900.056 3.1327281408000206e-06
49950.056 3.3201064756989484e-06
50000.056 3.0817462445993606e-06
50050.056 3.3308191608000218e-06
50100.056 3.19597112879972e-06
50150.056 3.1164491189997674e-06
50200.056 2.9011918229001394e-06
50250.056 2.912575188500227e-06
50300.056 3.032116534499412e-06
50350.056 3.0851426822999347e-06
50400.056 3.1543216694002232e-06
50450.056 2.967390058500142e-06
50500.056 3.4755215257004442e-06
50550.056 3.182900875099758e-06
50600.056 3.1436121724003514e-06
50650.056 3.100720307700669e-06
50700.056 3.189356337999298e-06
50750.056 3.0626485233002605e-06
50800.056 2.944792639099998e-06
50850.056 3.01816452770033e-06
50900.056 3.0051665773999993e-06
50950.056 3.2295608316004463e-06
51000.056 3.3286035131002876e-06
51050.056 2.915263524700529e-06
51100.056 2.9145229948998603e-06
51150.056 3.1454398208002547e-06
51200.056 3.0820974301998056e-06
51250.056 3.1451244537002475e-06
51300.056 2.9923916383006216e-06
51350.056 3.0897082234997208e-06
51400.056 3.014494242099358e-06
51450.056 2.518036971899806e-06
51500.056 3.1231151749998737e-06
51550.056 3.302650350100244e-06
51600.056 2.71304130799984e-06
51650.056 3.072389803399687e-06
51700.056 2.7463949417992364e-06
51750.056 2.8600162623001894e-06
51800.056 2.9999519196996812e-06
51850.056 3.090840479099992e-06
51900.056 3.16165094330026e-06
51950.056 2.862596635499701e-06
52000.056 2.7607188416000197e-06
52050.056 3.0819327143997796e-06
52100.056 3.0184285740993496e-06
52150.056 2.9838889071004924e-06
52200.056 2.8740456162000897e-06
52250.056 2.817790216799974e-06
52300.056 2.8644602673999328e-06
52350.056 3.1722978596003e-06
52400.056 2.7321665956999215e-06
52450.056 2.898955725100032e-06
52500.056 2.949956270399137e-06
52550.056 2.795065122399404e-06
52600.056 2.9564424602001565e-06
52650.056 3.208141782100564e-06
52700.056 2.913825126600109e-06
52750.056 2.498177778899811e-06
52800.056 2.7739779071003226e-06
52850.056 2.703294696599914e-06
52900.056 2.9334725140003663e-06
52950.056 2.824978493299482e-06
53000.056 3.0116798633994775e-06
53050.056 2.960177076199659e-06
53100.056 2.58947712289941e-06
53150.056 2.9961605769004663e-06
53200.056 2.5511535738004595e-06
53250.056 3.154730463799968e-06
53300.056 2.9873063642007434e-06
53350.056 3.1004403468998645e-06
53400.056 2.7728529843001697e-06
53450.056 2.6616184804999754e-06
53500.056 2.5998387704996875e-06
53550.056 3.0069596545001337e-06
53600.056 2.896137206700428e-06
53650.056 2.759880363300797e-06
53700.056 2.750060298400619e-06
53750.056 3.024800080099712e-06
53800.056 3.0585823222003863e-06
