galfind/configs/Brown_Dwarf_templates/sonora_bobcat/m+0.5/100g/sp_t1100g100nc_m+0.5_resample.dat
# %ECSV 1.0
# ---
# datatype:
# - {name: wav, unit: Angstrom, datatype: float64}
# - {name: flux_nu, unit: erg / (cm2 Hz s), datatype: float64}
# meta: {C/O: '1.00', Kzz: '1.0000E+05', Teff: '1100.', Y: '0.28', '[Fe/H]': '0.50', f_hole: '1.00', f_rain: '0.00', grav: '100.'}
# schema: astropy-2.0
wav flux_nu
4000.0559999999996 nan
4050.0559999999996 3.000436988925044e-12
4100.056 7.332361159939544e-11
4150.056 1.3373097792101174e-10
4200.056 1.0680801994528229e-10
4250.056 1.6412850258603964e-10
4300.056 1.830949992480221e-10
4350.056 1.9350647168901508e-10
4400.056 2.2252966058101822e-10
4450.056 2.401136414719991e-10
4500.056 2.393475572340126e-10
4550.056 2.8158643729851184e-10
4600.056 3.173902698971952e-10
4650.056 2.9239003085897515e-10
4700.056 3.0666671218999367e-10
4750.056 2.249085057420022e-10
4800.056 9.064186675699878e-11
4850.056 2.4768059854999446e-11
4900.056 8.635318879699908e-12
4950.056 3.3779171637999666e-12
5000.056 1.0968210467099872e-12
5050.056 4.2707567741999803e-13
5100.056 3.449785876499993e-13
5150.056 3.021278482199977e-13
5200.056 2.646785397500001e-13
5250.056 2.2699802914999948e-13
5300.056 1.947808708699997e-13
5350.056 1.7039462181999975e-13
5400.056 1.5190512016999973e-13
5450.056 1.3654795192999964e-13
5500.056 1.2350416135999987e-13
5550.056 1.126516967199999e-13
5600.056 1.0313604249899982e-13
5650.056 9.394197533199992e-14
5700.056 8.478482968099994e-14
5750.056 7.439530738399983e-14
5800.056 6.219249391899985e-14
5850.056 4.3987160376999546e-14
5900.056 1.5677810946820967e-14
5950.056 8.325677073300156e-14
6000.056 1.7445527646100038e-13
6050.056 3.317068094300038e-13
6100.056 6.00742207440005e-13
6150.056 1.0617961869700083e-12
6200.056 1.841259127600013e-12
6250.056 3.132475124600024e-12
6300.056 5.219242129600039e-12
6350.056 8.52856150060006e-12
6400.056 1.3647138168000075e-11
6450.056 2.1338347469000098e-11
6500.056 3.251833116600024e-11
6550.056 4.8575065599000246e-11
6600.056 7.15086978420005e-11
6650.056 1.0352764242600061e-10
6700.056 1.2075416802752087e-10
6750.056 2.0046053270000097e-10
6800.056 2.6152395531000065e-10
6850.056 2.9885736630000024e-10
6900.056 2.919483513600019e-10
6950.056 2.689148064299994e-10
7000.056 2.732507402900021e-10
7050.056 3.0006962915999807e-10
7100.056 3.320199267300002e-10
7150.056 3.4489848733099547e-10
7200.056 3.4412390501200675e-10
7250.056 3.3140048786998565e-10
7300.056 2.99633396651999e-10
7350.056 2.652251134599956e-10
7400.056 2.3119800059000309e-10
7450.056 1.9263573789000116e-10
7500.056 1.525932825599993e-10
7550.056 1.1212841556699922e-10
7600.056 7.607156135799922e-11
7650.056 1.6415905535715134e-11
7700.056 9.952047887746515e-12
7750.056 6.336912162800148e-11
7800.056 1.2819201837780238e-10
7850.056 2.7925227319000256e-10
7900.056 4.555269959200041e-10
7950.056 5.566568256941273e-10
8000.056 1.0238415010200112e-09
8050.056 1.4183840798000276e-09
8100.056 1.8353307659499976e-09
8150.056 2.3606883690599932e-09
8200.056 3.059990953700146e-09
8250.056 3.857262328557123e-09
8300.056 4.823371695960381e-09
8350.056 5.942978105839603e-09
8400.056 7.2622986178597195e-09
8450.056 8.997753468799634e-09
8500.056 9.721065215944107e-09
8550.056 1.264285583130021e-08
8600.056 1.5637312516000126e-08
8650.056 1.7436270033999752e-08
8700.056 2.0428606854998188e-08
8750.056 2.37439754610009e-08
8800.056 2.776575706000158e-08
8850.056 3.184917992599864e-08
8900.056 3.258294663969869e-08
8950.056 2.8893728813310957e-08
9000.056 3.9517620203562156e-08
9050.056 4.972852382526243e-08
9100.056 5.5600138105436344e-08
9150.056 5.719220863014227e-08
9200.056 6.497045000418741e-08
9250.056 6.44848250543295e-08
9300.056 3.6519663809059594e-08
9350.056 4.2168329739430745e-08
9400.056 5.2773400545126285e-08
9450.056 6.416805503133888e-08
9500.056 6.44763323815653e-08
9550.056 7.266718853247387e-08
9600.056 6.986167550136655e-08
9650.056 7.7219759322153e-08
9700.056 8.563792869666823e-08
9750.056 8.879056796730074e-08
9800.056 9.726563177567717e-08
9850.056 1.0954144098840977e-07
9900.056 1.1466121872217805e-07
9950.056 1.1782382583358755e-07
10000.056 1.1116525604597358e-07
10050.056 1.325338499710017e-07
10100.056 1.5791599949697032e-07
10150.056 1.8004966316495956e-07
10200.056 2.0654525054998268e-07
10250.056 2.2609655407198815e-07
10300.056 2.4606275151001203e-07
10350.056 2.824634900299942e-07
10400.056 3.138279075899853e-07
10450.056 3.245694744500046e-07
10500.056 3.173785899400042e-07
10550.056 3.21222802950019e-07
10600.056 3.3790532276998695e-07
10650.056 3.676850078820112e-07
10700.056 3.883435614440307e-07
10750.056 4.1989357577801684e-07
10800.056 4.483159190330022e-07
10850.056 4.6588805172795274e-07
10900.056 3.805030316764758e-07
10950.056 2.4174761593330795e-07
11000.056 2.2629806018904217e-07
11050.056 2.0011695526898745e-07
11100.056 1.726362279679694e-07
11150.056 1.4109980648296884e-07
11200.056 1.410434760951364e-07
11250.056 1.647677031785674e-07
11300.056 1.604671940810105e-07
11350.056 9.458848054740895e-08
11400.056 1.219447890928989e-07
11450.056 1.2707603933917108e-07
11500.056 1.4655799554613115e-07
11550.056 1.0812330737213679e-07
11600.056 1.204840457792877e-07
11650.056 1.315386267191156e-07
11700.056 1.140449357343601e-07
11750.056 9.086864314665512e-08
11800.056 1.2951384292916138e-07
11850.056 1.801790600696379e-07
11900.056 1.9478855829614503e-07
11950.056 2.5262713663088977e-07
12000.056 2.8271053843820055e-07
12050.056 3.2753889615908353e-07
12100.056 3.6062793303519643e-07
12150.056 4.128490856799549e-07
12200.056 4.639073678838894e-07
12250.056 5.096826945428402e-07
12300.056 5.657032793020849e-07
12350.056 5.962404015010411e-07
12400.056 6.195777595699848e-07
12450.056 5.725781897640519e-07
12500.056 6.21352147889988e-07
12550.056 6.57615729765068e-07
12600.056 8.071590799540356e-07
12650.056 8.018352344879863e-07
12700.056 8.425660589211609e-07
12750.056 8.340479388650584e-07
12800.056 8.628837135082733e-07
12850.056 7.805695715686626e-07
12900.056 7.145879747603149e-07
12950.056 7.422559705870607e-07
13000.056 7.023621520253016e-07
13050.056 6.800309425735639e-07
13100.056 6.37793917218573e-07
13150.056 5.650496505060504e-07
13200.056 5.103264822670297e-07
13250.056 4.171290751094081e-07
13300.056 2.468357278307832e-07
13350.056 9.047693706900112e-08
13400.056 6.667531979260567e-08
13450.056 4.579487500916659e-08
13500.056 3.879877580041098e-08
13550.056 3.230834748282671e-08
13600.056 2.3728248893095028e-08
13650.056 3.749774097050853e-08
13700.056 3.181374014713365e-08
13750.056 3.139052137688643e-08
13800.056 3.708983066230843e-08
13850.056 3.409032790162471e-08
13900.056 3.538054789534234e-08
13950.056 3.333037548896912e-08
14000.056 3.191049094895997e-08
14050.056 3.4065995855251626e-08
14100.056 3.0321349854301786e-08
14150.056 3.608920562309636e-08
14200.056 3.106429705393618e-08
14250.056 3.218529813474017e-08
14300.056 4.0013231566799005e-08
14350.056 3.9162427836317786e-08
14400.056 4.5174842681354793e-08
14450.056 4.7119637670104045e-08
14500.056 6.524740905862227e-08
14550.056 7.11638497023258e-08
14600.056 8.08853013694924e-08
14650.056 8.411880368672024e-08
14700.056 7.459212305117604e-08
14750.056 8.639617538920767e-08
14800.056 1.0183582384534564e-07
14850.056 1.1097012445750332e-07
14900.056 1.1480201435355577e-07
14950.056 1.2044357930402598e-07
15000.056 1.2937380445586583e-07
15050.056 1.4951382626054167e-07
15100.056 1.634174837482239e-07
15150.056 1.8252276813165545e-07
15200.056 1.8250155992133284e-07
15250.056 2.0189795350057115e-07
15300.056 2.242122933129753e-07
15350.056 2.418146787133635e-07
15400.056 2.687844796118126e-07
15450.056 2.935560239700336e-07
15500.056 3.0626890046494563e-07
15550.056 3.4075071973098593e-07
15600.056 3.2711323703302106e-07
15650.056 3.60954423618041e-07
15700.056 4.1943916973919486e-07
15750.056 4.597341955409809e-07
15800.056 4.4118179110916134e-07
15850.056 5.064316239939176e-07
15900.056 5.092551476770802e-07
15950.056 5.557222326648854e-07
16000.056 5.36857019062e-07
16050.056 4.952642222860099e-07
16100.056 4.803714496900135e-07
16150.056 4.2944130782472294e-07
16200.056 3.88770256726027e-07
16250.056 3.8590826436191695e-07
16300.056 3.565196904874681e-07
16350.056 3.864651428686408e-07
16400.056 4.406784996121479e-07
16450.056 4.6138845874991347e-07
16500.056 5.029216240933585e-07
16550.056 4.883886223245381e-07
16600.056 4.720440472357419e-07
16650.056 4.5113610020062715e-07
16700.056 2.932791680733983e-07
16750.056 3.346923145903271e-07
16800.056 4.625042409914271e-07
16850.056 4.565106315028371e-07
16900.056 4.254379179503746e-07
16950.056 3.730311220304122e-07
17000.056 3.095546245695548e-07
17050.056 3.6966463257951163e-07
17100.056 3.709376111053986e-07
17150.056 3.0192580384823147e-07
17200.056 3.2438148750709696e-07
17250.056 2.8358488841353514e-07
17300.056 2.485254005205138e-07
17350.056 2.1771345067797904e-07
17400.056 2.37692756396997e-07
17450.056 2.211841488383901e-07
17500.056 2.2836204294134497e-07
17550.056 2.2186719357310815e-07
17600.056 2.0515151202584905e-07
17650.056 2.001900108866409e-07
17700.056 1.497863893546889e-07
17750.056 1.4010524379013248e-07
17800.056 1.7465533832220565e-07
17850.056 1.3263423291169387e-07
17900.056 1.2753013613392136e-07
17950.056 1.1740264494685659e-07
18000.056 1.2201287701060906e-07
18050.056 1.1922769892385397e-07
18100.056 1.1972901686242698e-07
18150.056 1.5109097392620974e-07
18200.056 1.04928603242927e-07
18250.056 1.585349411507236e-07
18300.056 1.3600331681239807e-07
18350.056 1.1719923325854761e-07
18400.056 1.1990704700022544e-07
18450.056 1.1703384329605136e-07
18500.056 1.262276840335398e-07
18550.056 1.134685132977502e-07
18600.056 9.653272541510397e-08
18650.056 1.0616010719584643e-07
18700.056 1.1249915224667017e-07
18750.056 1.1939576537084975e-07
18800.056 1.4607874868539765e-07
18850.056 1.682136785974461e-07
18900.056 1.6349760014767525e-07
18950.056 1.902851652008708e-07
19000.056 1.8381592234529395e-07
19050.056 1.6440431217063642e-07
19100.056 2.0270467506009214e-07
19150.056 1.9238704925834386e-07
19200.056 2.0216564687648304e-07
19250.056 1.8320122077935497e-07
19300.056 1.8853891874744134e-07
19350.056 1.6751703096039733e-07
19400.056 1.3879042584736117e-07
19450.056 1.8856295008062004e-07
19500.056 1.8513525900669268e-07
19550.056 1.4393485204722094e-07
19600.056 1.8400913467868994e-07
19650.056 1.9206421920126084e-07
19700.056 1.9674687200782142e-07
19750.056 1.902917860260731e-07
19800.056 2.0227281383947644e-07
19850.056 2.276009151042169e-07
19900.056 1.8922163986452247e-07
19950.056 2.5222554468052227e-07
20000.056 2.2323699278312304e-07
20050.056 2.473624462114489e-07
20100.056 2.706831350407272e-07
20150.056 2.751986231886752e-07
20200.056 2.953253627259349e-07
20250.056 3.236995100020715e-07
20300.056 3.2273449556939e-07
20350.056 3.583023473142995e-07
20400.056 3.509243898381717e-07
20450.056 3.9576109424691046e-07
20500.056 4.0725080830551564e-07
20550.056 4.077330474310056e-07
20600.056 4.6293598190115234e-07
20650.056 4.5498606322519105e-07
20700.056 4.747436837731068e-07
20750.056 5.024835111069077e-07
20800.056 5.225637131300391e-07
20850.056 5.108114513219489e-07
20900.056 5.405618774428637e-07
20950.056 5.445005109679566e-07
21000.056 5.63291116300067e-07
21050.056 5.646271258649928e-07
21100.056 5.552414355920174e-07
21150.056 5.887567960439397e-07
21200.056 5.589829376900047e-07
21250.056 5.776657478129016e-07
21300.056 5.22223088398854e-07
21350.056 5.630685678139729e-07
21400.056 5.190789725532023e-07
21450.056 5.446517714759774e-07
21500.056 4.95650445151222e-07
21550.056 4.785079714594453e-07
21600.056 4.570707047911792e-07
21650.056 4.170616390340356e-07
21700.056 4.359512925549756e-07
21750.056 3.801506412230185e-07
21800.056 3.4151650609067793e-07
21850.056 3.1294771846191066e-07
21900.056 2.6060376177141607e-07
21950.056 1.8435580470427895e-07
22000.056 1.015521491696219e-07
22050.056 6.466416159649702e-08
22100.056 8.352755332149415e-08
22150.056 1.1954501908148337e-07
22200.056 1.3600499387430937e-07
22250.056 1.2641825403312858e-07
22300.056 1.1167475206459187e-07
22350.056 1.0347554603346464e-07
22400.056 8.359798646152722e-08
22450.056 7.10562157202503e-08
22500.056 6.856728411204285e-08
22550.056 5.7263189878841e-08
22600.056 5.999443415638711e-08
22650.056 5.903127761477596e-08
22700.056 5.301377335028302e-08
22750.056 5.4666891279328924e-08
22800.056 4.6649358597373154e-08
22850.056 4.159241579122776e-08
22900.056 3.71169461630804e-08
22950.056 3.343314951739045e-08
23000.056 4.053797132590039e-08
23050.056 5.3655265167290504e-08
23100.056 7.609572702511679e-08
23150.056 8.743751358290651e-08
23200.056 3.5173972090806305e-08
23250.056 3.471614743920898e-08
23300.056 2.997391812041566e-08
23350.056 2.914248341749574e-08
23400.056 3.196533060421245e-08
23450.056 3.3265471081297417e-08
23500.056 3.691349137541718e-08
23550.056 4.434441445301375e-08
23600.056 4.908569556399564e-08
23650.056 6.12646804257871e-08
23700.056 4.6351581557191335e-08
23750.056 3.714718445630797e-08
23800.056 3.3478809991803656e-08
23850.056 3.924529592719815e-08
23900.056 5.56328190648028e-08
23950.056 6.557755455452489e-08
24000.056 6.821761534137829e-08
24050.056 8.43485501820661e-08
24100.056 7.789146758386178e-08
24150.056 8.599388611894011e-08
24200.056 8.813287555955454e-08
24250.056 7.741137686819124e-08
24300.056 8.760642049873236e-08
24350.056 7.532378889737952e-08
24400.056 9.398392596955492e-08
24450.056 9.083755235731532e-08
24500.056 9.308291730955669e-08
24550.056 1.0521040270864903e-07
24600.056 1.0940736484780608e-07
24650.056 1.269798547319062e-07
24700.056 1.0473204563604432e-07
24750.056 1.1477320121594792e-07
24800.056 1.1623155563211744e-07
24850.056 1.411486926071288e-07
24900.056 1.08699130143391e-07
24950.056 1.4851053452511064e-07
25000.056 1.3864297956033925e-07
25050.056 1.1281875267300323e-07
25100.056 1.3982622746188775e-07
25150.056 1.132670265160743e-07
25200.056 1.3342997546941503e-07
25250.056 1.1763801711221616e-07
25300.056 1.4406040021530768e-07
25350.056 1.0823564047140623e-07
25400.056 1.4457613291223928e-07
25450.056 1.1266392573647212e-07
25500.056 1.1433789609282049e-07
25550.056 1.1345713880766933e-07
25600.056 1.0703285384079598e-07
25650.056 9.590172051198803e-08
25700.056 1.3172554286864272e-07
25750.056 8.645952251893612e-08
25800.056 1.2721381511551553e-07
25850.056 9.573129517937594e-08
25900.056 1.1108622096915405e-07
25950.056 9.083282999373314e-08
26000.056 1.3796454933114905e-07
26050.056 1.250205429395459e-07
26100.056 1.360641822028811e-07
26150.056 1.2370783429760504e-07
26200.056 1.3063581603349862e-07
26250.056 1.50482116355758e-07
26300.056 1.3687301638592673e-07
26350.056 1.6979663479754922e-07
26400.056 1.7461248737015916e-07
26450.056 1.8372134881934445e-07
26500.056 1.9057941757332275e-07
26550.056 1.526944993153986e-07
26600.056 1.908459622943636e-07
26650.056 1.2705039354319674e-07
26700.056 1.272295379126241e-07
26750.056 1.0299493212325093e-07
26800.056 1.3846548450087011e-07
26850.056 9.945715682048949e-08
26900.056 1.522325667453226e-07
26950.056 1.0124538720827091e-07
27000.056 1.5731352967193195e-07
27050.056 1.3134935708313008e-07
27100.056 1.2720946545986962e-07
27150.056 1.6259191446442783e-07
27200.056 1.396682024505535e-07
27250.056 1.4522089872397706e-07
27300.056 1.9731272820280976e-07
27350.056 1.7910560130616154e-07
27400.056 1.200659700148753e-07
27450.056 2.1806116217380927e-07
27500.056 2.0045474447410607e-07
27550.056 1.521433666134906e-07
27600.056 2.156214132580602e-07
27650.056 1.4346464141757283e-07
27700.056 1.3164329922033702e-07
27750.056 2.084293612754198e-07
27800.056 1.3445625860035086e-07
27850.056 1.5343301500807537e-07
27900.056 1.6469892136533231e-07
27950.056 2.14775195856698e-07
28000.056 1.9325063237227276e-07
28050.056 1.2056321905632729e-07
28100.056 2.257297517207574e-07
28150.056 1.676009181304411e-07
28200.056 1.277840836045277e-07
28250.056 2.0735439144201523e-07
28300.056 2.499928537903913e-07
28350.056 1.5385385602645499e-07
28400.056 1.8130578208937352e-07
28450.056 2.1138684580281513e-07
28500.056 2.0075896343484679e-07
28550.056 1.2215920442344617e-07
28600.056 2.3975921106254467e-07
28650.056 2.2048666669325739e-07
28700.056 2.0289690255746453e-07
28750.056 2.398152236968315e-07
28800.056 2.171646252781653e-07
