galfind/configs/Brown_Dwarf_templates/sonora_bobcat/m+0.5/100g/sp_t350g100nc_m+0.5_resample.dat
# %ECSV 1.0
# ---
# datatype:
# - {name: wav, unit: Angstrom, datatype: float64}
# - {name: flux_nu, unit: erg / (cm2 Hz s), datatype: float64}
# meta: {C/O: '1.00', Kzz: '1.0000E+05', Teff: '350.', Y: '0.28', '[Fe/H]': '0.50', f_hole: '1.00', f_rain: '0.00', grav: '100.'}
# schema: astropy-2.0
wav flux_nu
[from data line 498]
28900.056 1.470113461691107e-11
28950.056 2.0707652088637486e-11
29000.056 1.1323886311323772e-11
29050.056 1.9508352931254543e-11
29100.056 8.997411580541927e-12
29150.056 9.768764585862322e-12
29200.056 3.676234884214174e-11
29250.056 3.2245740858231824e-11
29300.056 1.652089360247442e-11
29350.056 4.473472633671568e-11
29400.056 2.3453571888128463e-11
29450.056 9.753829836548123e-12
29500.056 5.05684219588835e-11
29550.056 1.4605246371187003e-11
29600.056 1.7627265388332756e-11
29650.056 6.913578437967484e-11
29700.056 1.2226686809176565e-11
29750.056 5.154095333498058e-11
29800.056 3.0445918720747637e-11
29850.056 5.5911101415239484e-11
29900.056 2.3688376179809882e-11
29950.056 3.509510007904023e-11
30000.056 3.9378332043418366e-13
30050.056 3.36630400082223e-12
30100.056 1.769233960575914e-11
30150.056 6.667378730841263e-11
30200.056 3.808356250788751e-11
30250.056 6.985469113786159e-11
30300.056 1.1349155512377707e-10
30350.056 2.036667289091995e-11
30400.056 9.62180449004571e-11
30450.056 8.011753083787116e-11
30500.056 3.693008590543993e-11
30550.056 3.2169293632757047e-11
30600.056 2.8258163157951456e-10
30650.056 1.1659252011458518e-10
30700.056 5.218723769557804e-11
30750.056 1.3107503439613829e-10
30800.056 1.1258945374803601e-10
30850.056 1.3274345580262946e-10
30900.056 5.6806811078992637e-11
30950.056 5.279812562411838e-11
31000.056 7.194269080621532e-11
31050.056 3.4669130403901046e-11
31100.056 2.567804900210117e-11
31150.056 4.802224882428637e-11
31200.056 1.7302797407705973e-10
31250.056 9.702194207327524e-11
31300.056 4.9862230790756895e-11
31350.056 1.46202049700078e-10
31400.056 1.0098496836683614e-10
31450.056 9.550777528348953e-11
31500.056 3.1642011484365196e-11
31550.056 5.733428206196887e-11
31600.056 4.161606519214029e-11
31650.056 3.6353007298595367e-11
31700.056 2.921836735337918e-11
31750.056 1.6016845528261567e-11
31800.056 2.8474671000588207e-11
31850.056 4.4424424025286136e-12
31900.056 1.0850788853216215e-11
31950.056 7.536468947369543e-12
32000.056 4.110529522095834e-12
32050.056 7.730061423272943e-12
32100.056 6.9036393961238526e-12
32150.056 5.934758676809768e-12
32200.056 2.5683176996447514e-12
32250.056 6.864331372814179e-12
32300.056 1.7142934617641113e-12
32350.056 6.344824191003421e-12
32400.056 6.237659351888688e-13
32450.056 4.040427270731069e-12
32500.056 6.355058458989932e-13
32550.056 2.871007137668142e-12
32600.056 5.563138198335278e-13
32650.056 9.539038087465699e-12
32700.056 9.610233765464447e-13
32750.056 2.2365818411922538e-11
32800.056 8.72925952826354e-12
32850.056 5.1887384431712855e-11
32900.056 3.975806188859818e-11
32950.056 4.270140897216925e-11
33000.056 1.0337834750479413e-11
33050.056 1.2447501407362084e-11
33100.056 2.05251420017195e-12
33150.056 4.1194551985861614e-16
33200.056 5.840855927989836e-14
33250.056 1.0048021466185741e-13
33300.056 1.4791298269987205e-12
33350.056 4.006811879766827e-12
33400.056 1.9716257595560052e-11
33450.056 7.667411596670233e-12
33500.056 3.319693447893945e-11
33550.056 4.958624101331554e-12
33600.056 1.612464147974541e-11
33650.056 1.4386202812161235e-11
33700.056 3.5215720464809054e-12
33750.056 2.2228228807800386e-11
33800.056 1.2583439734203697e-12
33850.056 1.024359824494251e-11
33900.056 1.1917586978484104e-11
33950.056 9.460805915171018e-12
34000.056 2.4816514508122157e-11
34050.056 3.3280092011202053e-12
34100.056 2.469423819634769e-11
34150.056 9.53016245240561e-12
34200.056 3.261484478620195e-11
34250.056 1.4693899093187336e-11
34300.056 1.8594313761535497e-11
34350.056 4.9872493913277386e-11
34400.056 1.1174566650691778e-11
34450.056 4.244747377031969e-11
34500.056 1.710554184358321e-11
34550.056 1.6460667345588778e-11
34600.056 8.428519451816546e-11
34650.056 8.743629950375374e-12
34700.056 5.2547900066360214e-11
34750.056 3.168331102125945e-11
34800.056 3.122108909154732e-11
34850.056 1.0248222014392433e-10
34900.056 1.5497412374136412e-11
34950.056 9.327063979137305e-11
35000.056 1.5688904058243563e-10
35050.056 8.769634751890513e-11
35100.056 1.8523224406234785e-10
35150.056 1.4099258552266948e-10
35200.056 1.224407715888827e-10
35250.056 2.2849677083053733e-10
35300.056 8.747032112765327e-11
35350.056 9.498844331838567e-11
35400.056 6.41977505791983e-11
35450.056 6.917098861285348e-11
35500.056 2.5608852108687135e-10
35550.056 1.2992936738552692e-10
35600.056 1.8656082210475867e-10
35650.056 2.461029193612424e-10
35700.056 2.622822648005411e-10
35750.056 2.8865170567704514e-10
35800.056 2.265214655093413e-10
35850.056 7.992251423933663e-11
35900.056 9.931081768597777e-11
35950.056 1.3974191462809864e-10
36000.056 2.0651254191919415e-10
36050.056 1.3008404040889043e-10
36100.056 1.208850121331204e-10
36150.056 3.6304328263449234e-10
36200.056 3.5457251630862675e-10
36250.056 2.280225997308485e-10
36300.056 6.405722310936838e-10
36350.056 3.0441538492464704e-10
36400.056 5.652459257028978e-10
36450.056 5.511684270345336e-10
36500.056 5.659462756640611e-10
36550.056 9.318513460371527e-10
36600.056 8.753857202759432e-10
36650.056 5.971296460790785e-10
36700.056 7.569593690233649e-10
36750.056 9.332218137908598e-10
36800.056 1.1370501389554571e-09
36850.056 4.5273904661318507e-10
36900.056 9.375891370003143e-10
36950.056 1.1293940388578253e-09
37000.056 7.073720876081138e-10
37050.056 1.2412834661379008e-09
37100.056 7.201936234800566e-10
37150.056 7.203375887048866e-10
37200.056 1.5466842086842985e-09
37250.056 8.737279863565817e-10
37300.056 5.275915537467994e-10
37350.056 1.0717672012112454e-09
37400.056 1.6943004868413357e-09
37450.056 5.840957600126383e-10
37500.056 1.0110019765587023e-09
37550.056 1.8429309825276832e-09
37600.056 3.150066119392943e-09
37650.056 7.944856390968233e-10
37700.056 1.6803957310080028e-09
37750.056 1.1573181424466035e-09
37800.056 1.0453520929261445e-09
37850.056 4.82676563460121e-10
37900.056 6.940182119609377e-10
37950.056 1.5922424708324391e-09
38000.056 1.5276930766969888e-09
38050.056 2.5298983130139304e-09
38100.056 2.840490345860849e-09
38150.056 3.4034040325136207e-09
38200.056 2.5941163266921706e-09
38250.056 3.2267885166109755e-09
38300.056 4.7849177112924345e-09
38350.056 4.2465758493351324e-09
38400.056 1.4185904961024247e-09
38450.056 5.012304605741923e-10
38500.056 3.3758237737460364e-10
38550.056 1.6188089650062228e-09
38600.056 1.650593979811179e-09
38650.056 2.077676301445612e-09
38700.056 1.0820341264910449e-09
38750.056 1.6697943673235245e-09
38800.056 1.708907303412506e-09
38850.056 2.1334291075530766e-09
38900.056 2.646120808340877e-09
38950.056 1.507348967635338e-09
39000.056 3.2271860193781926e-09
39050.056 1.3557470403294853e-09
39100.056 2.497942447251359e-09
39150.056 3.6816723540919253e-09
39200.056 2.2791460594857883e-09
39250.056 4.497886148086158e-09
39300.056 2.3403035169639864e-09
39350.056 5.452167932052605e-09
39400.056 2.467003064448806e-09
39450.056 4.154710132597258e-09
39500.056 3.98057842738106e-09
39550.056 1.67523710932568e-09
39600.056 4.168347463400556e-09
39650.056 4.662048072277875e-09
39700.056 4.883002790073791e-09
39750.056 2.2470174303695432e-09
39800.056 2.4775401313713754e-09
39850.056 5.876631241201504e-09
39900.056 7.53215369692052e-09
39950.056 2.574386674055804e-09
40000.056 5.293194825114225e-09
40050.056 6.0543025811096016e-09
40100.056 2.0357816715062094e-09
40150.056 5.643504652128283e-09
40200.056 5.99687273641791e-09
40250.056 6.959889370645607e-09
40300.056 6.7674410231086224e-09
40350.056 3.905244957141775e-09
40400.056 5.63248462605055e-09
40450.056 2.582132547609375e-09
40500.056 7.75340467212133e-09
40550.056 8.776438661659369e-09
40600.056 5.8553297754402675e-09
40650.056 4.338435338523892e-09
40700.056 9.668732128506405e-09
40750.056 6.06251996035745e-09
40800.056 3.693513911731201e-09
40850.056 1.2783166635463648e-08
40900.056 9.904447624558912e-09
40950.056 9.031540994807912e-09
41000.056 6.2404145963791895e-09
41050.056 1.3263111355735015e-08
41100.056 1.0418786613396144e-08
41150.056 3.6458794500566148e-09
41200.056 1.4046742274352366e-08
41250.056 9.124659072620379e-09
41300.056 9.807505860234131e-09
41350.056 1.3835609901997794e-08
41400.056 1.131696253555914e-08
41450.056 1.7424178803034375e-08
41500.056 1.0536456062113898e-08
41550.056 9.011948512531899e-09
41600.056 9.381985389524442e-09
41650.056 1.418361248229719e-08
41700.056 1.9078844083893725e-08
41750.056 1.3943178302886687e-08
41800.056 1.3351606002883338e-08
41850.056 1.405177363258756e-08
41900.056 1.1298666450888406e-08
41950.056 1.087278531617039e-08
42000.056 5.118118285007085e-09
42050.056 8.009819099332127e-09
42100.056 7.811022156657741e-09
42150.056 1.0019212932813658e-08
42200.056 1.284570781800637e-08
42250.056 9.134964265287303e-09
42300.056 8.656303313982589e-09
42350.056 1.526938239890035e-08
42400.056 1.911284223630266e-08
42450.056 1.879063661400542e-08
42500.056 1.8314134898996242e-08
42550.056 1.5286773605195006e-08
42600.056 1.57690217210787e-08
42650.056 2.6171077452489154e-08
42700.056 1.0946183523028227e-08
42750.056 1.948556317960374e-08
42800.056 3.033783111050557e-08
42850.056 2.904442382559131e-08
42900.056 3.014370226080678e-08
42950.056 2.481369471659718e-08
43000.056 2.8420073156405675e-08
43050.056 1.3864627428481331e-08
43100.056 2.1768812999997093e-08
43150.056 1.712196888230273e-08
43200.056 3.1160785130003726e-08
43250.056 3.810152229079992e-08
43300.056 3.693348881799826e-08
43350.056 1.9822845502393133e-08
43400.056 2.955291763971215e-08
43450.056 1.7384766463500546e-08
43500.056 1.630221042624391e-08
43550.056 1.9372541028833604e-08
43600.056 3.450946142680536e-08
43650.056 2.152348315349027e-08
43700.056 4.0394667299612555e-08
43750.056 3.63382110587952e-08
43800.056 3.256368406109466e-08
43850.056 2.7966694819300857e-08
43900.056 2.10765462604448e-08
43950.056 1.2526985020298788e-08
44000.056 1.3948904958798336e-08
44050.056 3.975438864949923e-08
44100.056 5.098630592399713e-08
44150.056 4.536243009979971e-08
44200.056 4.151015693250041e-08
44250.056 1.987956078869771e-08
44300.056 1.6580087571852515e-08
44350.056 1.7747672759390596e-08
44400.056 1.5542268487497743e-08
44450.056 3.172779336630136e-08
44500.056 2.9924283552204844e-08
44550.056 4.3475872890996714e-08
44600.056 3.6866956968718006e-08
44650.056 3.04956421891047e-08
44700.056 2.0148737562998705e-08
44750.056 3.702161798050844e-08
44800.056 2.1176861567482022e-08
44850.056 2.8215251003352784e-08
44900.056 2.7656260773281815e-08
44950.056 3.4196361839204976e-08
45000.056 4.259529835200236e-08
45050.056 3.528051887659396e-08
45100.056 3.0979410401599146e-08
45150.056 2.5896958607163824e-08
45200.056 2.0729174742101803e-08
45250.056 2.5158744151392424e-08
45300.056 2.3532642759403625e-08
45350.056 1.6868913857026658e-08
45400.056 5.597938054300855e-08
45450.056 4.0381323775503956e-08
45500.056 5.7596924423104205e-08
45550.056 5.752938472008119e-08
45600.056 4.492196479401039e-08
45650.056 3.615400284200093e-08
45700.056 2.262816905567755e-08
45750.056 2.1368420121241823e-08
45800.056 5.8016243636101576e-08
45850.056 4.049368569989723e-08
45900.056 5.891827355979348e-08
45950.056 5.295046524099932e-08
46000.056 5.4130851333455906e-08
46050.056 3.822815282960693e-08
46100.056 7.101798615199291e-08
46150.056 3.694064850130326e-08
46200.056 2.9917871145194085e-08
46250.056 1.0963772699720734e-08
46300.056 3.6848508761200316e-08
46350.056 3.804714974010615e-08
46400.056 3.395494297589986e-08
46450.056 3.2086214811201874e-08
46500.056 3.7594102112808164e-08
46550.056 1.6885842499700998e-08
46600.056 2.7317931050215896e-08
46650.056 4.47162834628032e-08
46700.056 2.7573638219891592e-08
46750.056 1.238560680806252e-08
46800.056 7.597505104190076e-09
46850.056 4.2191333452307395e-08
46900.056 4.4883355039298963e-08
46950.056 4.643543571679585e-08
47000.056 4.478551833610739e-08
47050.056 2.9200118496387424e-08
47100.056 2.0141726295683255e-08
47150.056 3.55499599578043e-08
47200.056 3.843620496359701e-08
47250.056 1.9642990512997348e-08
47300.056 1.2479719964352948e-08
47350.056 4.536845453180265e-08
47400.056 3.9903476620995134e-08
47450.056 2.893097996689222e-08
47500.056 4.97567611293979e-08
47550.056 4.359271642860365e-08
47600.056 3.7869440993196914e-08
47650.056 4.069002554449561e-08
47700.056 2.9510128923363482e-08
47750.056 2.149475161730134e-08
47800.056 1.6313696968602738e-08
47850.056 7.0424877388516694e-09
47900.056 1.2282039516869149e-08
47950.056 3.3122928486202743e-08
48000.056 4.782791181500168e-08
48050.056 3.7667990962141866e-08
48100.056 1.443280207356228e-08
48150.056 3.003680630340093e-08
48200.056 1.734952006930729e-08
48250.056 2.29999020488985e-08
48300.056 4.6093785853995786e-08
48350.056 2.4539345763496695e-08
48400.056 5.072151049896491e-09
48450.056 1.0893419966770861e-08
48500.056 2.0170283365994816e-08
48550.056 2.3073353678002335e-08
48600.056 3.575486323799766e-08
48650.056 4.7908336710994734e-08
48700.056 2.873151659370549e-08
48750.056 2.131537832970771e-08
48800.056 4.0170385293600686e-08
48850.056 1.908802731957682e-08
48900.056 2.2590114927465352e-08
48950.056 1.1012133853499945e-08
49000.056 5.711148714898624e-09
49050.056 2.1777805934096928e-08
49100.056 3.1532053155186496e-08
49150.056 2.2800463671195215e-08
49200.056 4.0588045029008414e-08
49250.056 4.1772412016701085e-08
49300.056 3.336445585859969e-08
49350.056 1.0796924116446891e-08
49400.056 1.7006261520374536e-08
49450.056 1.5548794062083954e-08
49500.056 1.1393270153528192e-08
49550.056 1.886859077893058e-09
49600.056 6.15628764367326e-09
49650.056 1.9440378219502367e-08
49700.056 2.232190388299173e-08
49750.056 1.9583303555920794e-08
49800.056 1.1367607587854228e-08
49850.056 2.984855898952514e-08
49900.056 2.5088799846497297e-08
49950.056 2.5911389842700914e-08
50000.056 1.617846009165822e-08
50050.056 2.0697385912500908e-08
50100.056 1.6143747318298687e-08
50150.056 6.395625984008564e-09
50200.056 8.386545236984029e-10
50250.056 6.4975459010999026e-09
50300.056 4.072692454558849e-09
50350.056 1.9058057502503635e-08
50400.056 2.156250807801603e-08
50450.056 1.7195743327262185e-08
50500.056 2.8063696161940988e-08
50550.056 2.3157849027202195e-08
50600.056 1.6511124441705455e-08
50650.056 3.0268978308504465e-08
50700.056 2.7271635381595612e-08
50750.056 1.583509820250105e-08
50800.056 4.207844149416101e-09
50850.056 1.860046304362968e-09
50900.056 1.5599154674401458e-08
50950.056 1.5058028157698123e-08
51000.056 1.1173120979181008e-08
51050.056 1.9842926234797355e-08
51100.056 6.301351565829255e-09
51150.056 6.268758112139129e-09
51200.056 2.4101844741999852e-08
51250.056 1.7335997924537557e-08
51300.056 1.1147776923694412e-08
51350.056 9.105989534855572e-09
51400.056 2.192864534206445e-09
51450.056 1.8282327107240007e-09
51500.056 1.8519473431862114e-09
51550.056 8.707362028261884e-09
51600.056 8.361311317592556e-09
51650.056 1.2416877513199725e-08
51700.056 1.2264328852045669e-08
51750.056 7.413701745811723e-09
51800.056 1.5600469181398e-08
51850.056 1.2274612210799021e-08
51900.056 1.3147531950599013e-08
51950.056 6.337880669599319e-09
52000.056 4.916230920508173e-10
52050.056 3.105215101660411e-09
52100.056 1.5734153123596792e-09
52150.056 8.003270342531331e-10
52200.056 3.6135612437099346e-09
52250.056 6.227993279021781e-09
52300.056 7.445168488099475e-09
52350.056 1.8809573775073508e-09
52400.056 2.158776498028001e-09
52450.056 1.0521581691400699e-08
52500.056 7.15087579106103e-09
52550.056 1.0116644602599461e-08
52600.056 7.895523923219677e-09
52650.056 9.573114507600467e-09
52700.056 6.369080238909413e-09
52750.056 1.7407686721243911e-09
52800.056 3.931809792100726e-09
52850.056 4.609538645018836e-09
52900.056 1.4089725976709685e-09
52950.056 2.7785056388884353e-09
53000.056 5.805065726501302e-09
53050.056 1.922404163733366e-09
53100.056 8.105270329499197e-09
53150.056 7.965884440174496e-09
53200.056 3.828238938190591e-09
53250.056 6.780741864533374e-09
53300.056 8.667385127374597e-09
53350.056 6.364801323784564e-09
53400.056 3.726533274898711e-09
53450.056 1.0708280260045882e-09
