galfind/configs/Brown_Dwarf_templates/sonora_bobcat/m+0.5/100g/sp_t500g100nc_m+0.5_resample.dat
# %ECSV 1.0
# ---
# datatype:
# - {name: wav, unit: Angstrom, datatype: float64}
# - {name: flux_nu, unit: erg / (cm2 Hz s), datatype: float64}
# meta: {C/O: '1.00', Kzz: '1.0000E+05', Teff: '500.', Y: '0.28', '[Fe/H]': '0.50', f_hole: '1.00', f_rain: '0.00', grav: '100.'}
# schema: astropy-2.0
wav flux_nu
[from data line 499]
28950.056 8.938695877787749e-10
29000.056 6.202673122554529e-10
29050.056 8.989704516912957e-10
29100.056 5.268003233915989e-10
29150.056 6.921526770680509e-10
29200.056 9.091316842936684e-10
29250.056 1.4951977114156577e-09
29300.056 5.917976519849698e-10
29350.056 1.9318788564728945e-09
29400.056 8.62032077517117e-10
29450.056 7.961706490043582e-10
29500.056 1.493580757175971e-09
29550.056 7.539697853263811e-10
29600.056 1.1016522043048395e-09
29650.056 2.0750391766433577e-09
29700.056 6.905418015357141e-10
29750.056 1.594593584365346e-09
29800.056 1.495489888756564e-09
29850.056 1.7975426244478369e-09
29900.056 1.2764697044058646e-09
29950.056 1.4326326239911422e-09
30000.056 4.3097282523781136e-11
30050.056 1.6627488723948853e-10
30100.056 5.244674846642162e-10
30150.056 1.3604050177024126e-09
30200.056 1.026474034843119e-09
30250.056 2.34172844406907e-09
30300.056 3.0248305786722633e-09
30350.056 1.1551109051319717e-09
30400.056 2.8625195259387847e-09
30450.056 1.6940473760273589e-09
30500.056 1.6928141380378264e-09
30550.056 1.428146385660228e-09
30600.056 3.5535804499014056e-09
30650.056 2.041830387570005e-09
30700.056 1.4706722502389592e-09
30750.056 2.709714029939235e-09
30800.056 1.7271596025102846e-09
30850.056 2.005233384965423e-09
30900.056 1.0777162126212222e-09
30950.056 1.3062419398974077e-09
31000.056 1.2897591502091971e-09
31050.056 1.1100932368624127e-09
31100.056 6.840643000836278e-10
31150.056 1.2390743760283438e-09
31200.056 2.007793998144806e-09
31250.056 1.3765799709202416e-09
31300.056 8.942472611236266e-10
31350.056 1.456576758777997e-09
31400.056 1.0303585045989407e-09
31450.056 1.0700359679941263e-09
31500.056 5.287920010388517e-10
31550.056 7.578405174546781e-10
31600.056 4.743675285034171e-10
31650.056 5.088380599679446e-10
31700.056 5.205613733599492e-10
31750.056 2.585082260264738e-10
31800.056 5.178460643623751e-10
31850.056 1.3518762635262372e-10
31900.056 2.7613430229579516e-10
31950.056 1.7163148316400356e-10
32000.056 1.673926433757755e-10
32050.056 2.433629549035698e-10
32100.056 2.1780541032369332e-10
32150.056 2.620381574919566e-10
32200.056 1.3441419503155937e-10
32250.056 3.4494766933729804e-10
32300.056 1.2903414460553036e-10
32350.056 3.0850424884247093e-10
32400.056 8.983207796190739e-11
32450.056 2.5657110852783684e-10
32500.056 1.0979035192382483e-10
32550.056 1.9323546070798056e-10
32600.056 1.485230748176371e-10
32650.056 5.343980607504521e-10
32700.056 2.0925776106731844e-10
32750.056 8.034705815771851e-10
32800.056 5.144479104969698e-10
32850.056 1.1052912684109671e-09
32900.056 9.88633345585958e-10
32950.056 1.154672785463684e-09
33000.056 5.705948910979873e-10
33050.056 7.783612288566051e-10
33100.056 1.919850522334463e-10
33150.056 3.116992757954673e-13
33200.056 5.402005877392747e-12
33250.056 4.638923049208716e-12
33300.056 2.3392832459148292e-11
33350.056 7.792410365749533e-11
33400.056 2.5143947347131424e-10
33450.056 2.582718625165625e-10
33500.056 7.827454347560699e-10
33550.056 2.2029782375240532e-10
33600.056 6.119420235666664e-10
33650.056 5.512392828682531e-10
33700.056 2.970427791254885e-10
33750.056 8.170525474316982e-10
33800.056 1.5947938323823478e-10
33850.056 4.705478218574133e-10
33900.056 4.590672045663872e-10
33950.056 3.70681163801185e-10
34000.056 7.74709040042627e-10
34050.056 1.5817222096108817e-10
34100.056 6.846812814333077e-10
34150.056 3.5922295470288004e-10
34200.056 7.217584202053879e-10
34250.056 4.953982229672733e-10
34300.056 4.752604103689748e-10
34350.056 6.532823981662475e-10
34400.056 2.940696623060549e-10
34450.056 7.222347253273751e-10
34500.056 4.642400209867933e-10
34550.056 2.612074762839774e-10
34600.056 1.0150342416527073e-09
34650.056 2.979131038981252e-10
34700.056 8.543849264830923e-10
34750.056 5.684104911914287e-10
34800.056 5.302482437164931e-10
34850.056 1.0523428467964056e-09
34900.056 5.283147455450197e-10
34950.056 1.0623572969372668e-09
35000.056 2.1089037081183893e-09
35050.056 8.824629022295929e-10
35100.056 1.8743794404249064e-09
35150.056 1.429710893153663e-09
35200.056 1.5176143446272744e-09
35250.056 2.4212578792967973e-09
35300.056 1.2788764919497885e-09
35350.056 1.4738106256690395e-09
35400.056 1.4278530238883736e-09
35450.056 1.0737944173410287e-09
35500.056 3.5069963514357958e-09
35550.056 2.3924194099262882e-09
35600.056 2.1780114004582366e-09
35650.056 2.2109567773263613e-09
35700.056 2.344357148094305e-09
35750.056 3.479425446604021e-09
35800.056 3.895233700208061e-09
35850.056 1.5449338633968527e-09
35900.056 2.1298919349802043e-09
35950.056 2.4056475428528108e-09
36000.056 2.7724130767283696e-09
36050.056 2.004273974686736e-09
36100.056 1.956939319375581e-09
36150.056 3.29116988274037e-09
36200.056 3.597953284199805e-09
36250.056 2.7819377090490595e-09
36300.056 5.0853738832336294e-09
36350.056 3.3947097726446753e-09
36400.056 4.627660302340867e-09
36450.056 5.373113417390548e-09
36500.056 6.155082819098105e-09
36550.056 6.612789793927096e-09
36600.056 7.730896197240587e-09
36650.056 6.253880419974982e-09
36700.056 6.9164379655748526e-09
36750.056 8.13023229860251e-09
36800.056 8.644305389768129e-09
36850.056 5.762712939978396e-09
36900.056 9.118946283065282e-09
36950.056 9.123434715001436e-09
37000.056 6.975191516795318e-09
37050.056 9.330394401696976e-09
37100.056 8.8400369733337e-09
37150.056 6.99776494678013e-09
37200.056 1.088204598117953e-08
37250.056 8.323709929631126e-09
37300.056 6.820664629509206e-09
37350.056 1.0066559597832656e-08
37400.056 1.497169095506546e-08
37450.056 7.529078844639504e-09
37500.056 9.089558328742154e-09
37550.056 1.3680836999780163e-08
37600.056 1.8057713986822444e-08
37650.056 7.740229594858348e-09
37700.056 1.5315823207233426e-08
37750.056 9.677304254472618e-09
37800.056 1.0232395477635022e-08
37850.056 5.585316105672475e-09
37900.056 7.828130059633335e-09
37950.056 1.3337364136816501e-08
38000.056 1.4009328208398875e-08
38050.056 1.6383489587190128e-08
38100.056 1.820743640278802e-08
38150.056 2.0001695088379753e-08
38200.056 1.9589656701219833e-08
38250.056 1.879227009303973e-08
38300.056 2.7950116275831137e-08
38350.056 2.749979784649201e-08
38400.056 1.28916064169403e-08
38450.056 9.350099457261174e-09
38500.056 5.686152052567083e-09
38550.056 1.4138886762054987e-08
38600.056 1.4179498856480239e-08
38650.056 1.5385045505791662e-08
38700.056 1.274947587110523e-08
38750.056 1.4854959232784703e-08
38800.056 1.4769117391623336e-08
38850.056 1.6132433690915674e-08
38900.056 2.162598125127273e-08
38950.056 1.442933437276589e-08
39000.056 2.1462910621080863e-08
39050.056 1.472613989782762e-08
39100.056 2.0180108189684086e-08
39150.056 2.277225147311691e-08
39200.056 1.9123153863851022e-08
39250.056 2.742395900766026e-08
39300.056 1.854801566342611e-08
39350.056 3.3207490055500555e-08
39400.056 2.0030973830244358e-08
39450.056 2.6548207128668613e-08
39500.056 2.805876517687327e-08
39550.056 1.9285575207972243e-08
39600.056 2.811555577145345e-08
39650.056 3.1616904521169956e-08
39700.056 3.054601815710228e-08
39750.056 1.9907199361573326e-08
39800.056 2.2982344655630938e-08
39850.056 3.866640231840454e-08
39900.056 4.105661789420313e-08
39950.056 2.426408953852359e-08
40000.056 4.048613446576635e-08
40050.056 3.682861257257687e-08
40100.056 2.018663868894963e-08
40150.056 3.765574953041625e-08
40200.056 3.990742151720015e-08
40250.056 4.330162972663418e-08
40300.056 4.062939652544883e-08
40350.056 3.3197690953343104e-08
40400.056 4.5406398426351755e-08
40450.056 2.927498337967781e-08
40500.056 5.013368546859264e-08
40550.056 5.08968538038767e-08
40600.056 4.281625690350561e-08
40650.056 3.335410381046786e-08
40700.056 6.150687173339454e-08
40750.056 4.234460420119134e-08
40800.056 3.0892092393349064e-08
40850.056 7.071253276032554e-08
40900.056 5.887420710058428e-08
40950.056 5.3013344697366246e-08
41000.056 4.7945835638457677e-08
41050.056 7.419678415377242e-08
41100.056 6.057103311160287e-08
41150.056 3.1914994581489484e-08
41200.056 7.581901225617585e-08
41250.056 5.428412198619299e-08
41300.056 5.481553080609075e-08
41350.056 7.623293413159446e-08
41400.056 6.717820143720604e-08
41450.056 8.283638010997932e-08
41500.056 5.818783643239017e-08
41550.056 5.547897492616486e-08
41600.056 6.218574454236413e-08
41650.056 7.433455738279906e-08
41700.056 7.673824611296676e-08
41750.056 7.01902868778852e-08
41800.056 8.182168426232377e-08
41850.056 6.688805667329719e-08
41900.056 6.657421997789742e-08
41950.056 6.724332616411214e-08
42000.056 5.357441222398178e-08
42050.056 5.5945599267613e-08
42100.056 7.220014836207369e-08
42150.056 6.219029503656239e-08
42200.056 6.437226442784978e-08
42250.056 5.692720475955034e-08
42300.056 5.8684667922348585e-08
42350.056 8.063518229620976e-08
42400.056 8.539933290781736e-08
42450.056 7.89713321380353e-08
42500.056 7.233561043048545e-08
42550.056 6.521844055397668e-08
42600.056 7.36348829592148e-08
42650.056 1.103499882929511e-07
42700.056 6.735675609051618e-08
42750.056 7.843345299360596e-08
42800.056 1.0181310914862137e-07
42850.056 1.0634278488996419e-07
42900.056 1.1553679440303672e-07
42950.056 9.16892039569817e-08
43000.056 1.0179602964542924e-07
43050.056 5.970036086071197e-08
43100.056 8.348743704497796e-08
43150.056 7.311850731531121e-08
43200.056 1.0979923999000579e-07
43250.056 1.3669995033300772e-07
43300.056 1.326494617199933e-07
43350.056 7.69281116719792e-08
43400.056 1.0187920273759812e-07
43450.056 7.403570893810884e-08
43500.056 7.134918112011677e-08
43550.056 7.950759628542221e-08
43600.056 1.2172592551961682e-07
43650.056 8.458175092530472e-08
43700.056 1.3434265729703455e-07
43750.056 1.1617350411200099e-07
43800.056 1.0892876928438682e-07
43850.056 9.24915918400028e-08
43900.056 8.836443560807143e-08
43950.056 5.6531010229796374e-08
44000.056 5.668708743329368e-08
44050.056 1.2850157784800338e-07
44100.056 1.6733605462499535e-07
44150.056 1.486078070831997e-07
44200.056 1.2807559820949625e-07
44250.056 7.76904048733017e-08
44300.056 6.475942281521212e-08
44350.056 7.53260436780212e-08
44400.056 6.93440118747908e-08
44450.056 1.1347735162498259e-07
44500.056 1.092499985000255e-07
44550.056 1.5481855512798118e-07
44600.056 1.3221617086880143e-07
44650.056 1.159010802780229e-07
44700.056 7.735410435200106e-08
44750.056 1.2221637344303205e-07
44800.056 8.692798302705225e-08
44850.056 1.1673431791641513e-07
44900.056 9.79377916930056e-08
44950.056 1.1910547114920744e-07
45000.056 1.3112301807000446e-07
45050.056 1.2094086027998475e-07
45100.056 1.1013330975059909e-07
45150.056 1.0777836519067329e-07
45200.056 8.564856338090437e-08
45250.056 9.720641028566454e-08
45300.056 8.208797242211666e-08
45350.056 7.934098019422525e-08
45400.056 1.720013007730203e-07
45450.056 1.3833420854601233e-07
45500.056 1.6263425116991024e-07
45550.056 1.7138282408893774e-07
45600.056 1.5830545832803816e-07
45650.056 1.252667178847024e-07
45700.056 8.725695468159625e-08
45750.056 8.336024321770213e-08
45800.056 1.833214639079948e-07
45850.056 1.5387835656598733e-07
45900.056 1.8224801562698856e-07
45950.056 1.508178054229979e-07
46000.056 1.7084553636101273e-07
46050.056 1.283701911047118e-07
46100.056 1.9389887995997404e-07
46150.056 1.2153290073201335e-07
46200.056 1.0704345320898762e-07
46250.056 5.018688374285091e-08
46300.056 1.2730530644300322e-07
46350.056 1.3157975659801922e-07
46400.056 1.1221279431500095e-07
46450.056 1.0459869885371883e-07
46500.056 1.264533309397334e-07
46550.056 7.079027366090526e-08
46600.056 1.0617585683756629e-07
46650.056 1.6202356791801096e-07
46700.056 1.0182292115496729e-07
46750.056 6.171262027676851e-08
46800.056 4.1722719275924234e-08
46850.056 1.6286625533103027e-07
46900.056 1.4575996265199514e-07
46950.056 1.4409121797698756e-07
47000.056 1.4104123642202954e-07
47050.056 1.0675412759330669e-07
47100.056 7.331083477595158e-08
47150.056 1.0791415159891708e-07
47200.056 1.2955309617599696e-07
47250.056 8.163951702499153e-08
47300.056 5.4525677317098484e-08
47350.056 1.5914489641199133e-07
47400.056 1.2808962539998936e-07
47450.056 1.210296462098934e-07
47500.056 1.5922323113496233e-07
47550.056 1.3678506278201108e-07
47600.056 1.3237917049449816e-07
47650.056 1.3078486849208134e-07
47700.056 1.0598203575527462e-07
47750.056 7.925432327120539e-08
47800.056 6.974247673800714e-08
47850.056 3.977134004577842e-08
47900.056 5.9225558563789956e-08
47950.056 1.1373351996581269e-07
48000.056 1.6251139097002756e-07
48050.056 1.4076207390980508e-07
48100.056 6.12689521824487e-08
48150.056 1.0906188685000244e-07
48200.056 7.744620762640151e-08
48250.056 9.005086741000395e-08
48300.056 1.4738891673697058e-07
48350.056 8.806547067280064e-08
48400.056 3.0492449172611716e-08
48450.056 6.2573557754488e-08
48500.056 9.591944775697751e-08
48550.056 9.702176138840914e-08
48600.056 1.1185317473199958e-07
48650.056 1.401930117599827e-07
48700.056 9.610377431800675e-08
48750.056 6.461880888703585e-08
48800.056 1.3532707005999656e-07
48850.056 7.486054922408755e-08
48900.056 1.1000539381611807e-07
48950.056 6.086642188400471e-08
49000.056 3.059510773344662e-08
49050.056 9.07604762500871e-08
49100.056 1.167195663410251e-07
49150.056 8.439749693716581e-08
49200.056 1.3670636087303142e-07
49250.056 1.323078682090182e-07
49300.056 1.1202720207199933e-07
49350.056 4.669344017545987e-08
49400.056 6.832642401808165e-08
49450.056 7.12835052648223e-08
49500.056 5.460254488819454e-08
49550.056 1.5293992351851284e-08
49600.056 3.975323402353657e-08
49650.056 7.695018265900001e-08
49700.056 7.916947640307002e-08
49750.056 8.551796003199535e-08
49800.056 5.867710963957211e-08
49850.056 1.1366625599882814e-07
49900.056 8.750645726778648e-08
49950.056 8.976926844560526e-08
50000.056 7.212864903957782e-08
50050.056 8.875465721200222e-08
50100.056 6.840717532369957e-08
50150.056 3.631762006249215e-08
50200.056 8.361928380509253e-09
50250.056 4.5184394387995786e-08
50300.056 2.971787069521465e-08
50350.056 8.377678784661114e-08
50400.056 7.919080195058986e-08
50450.056 6.16682421724845e-08
50500.056 9.064386520280956e-08
50550.056 7.799369681900881e-08
50600.056 5.922630434658296e-08
50650.056 9.646696802101785e-08
50700.056 9.625833771796861e-08
50750.056 6.480694274560813e-08
50800.056 2.609453467946526e-08
50850.056 1.6342801891927952e-08
50900.056 7.77103003460007e-08
50950.056 6.096385897500048e-08
51000.056 5.514703550525356e-08
51050.056 7.23842827299918e-08
51100.056 2.9369395641261708e-08
51150.056 3.764942290872948e-08
51200.056 9.716229484699672e-08
51250.056 6.209547426290919e-08
51300.056 4.570579083052246e-08
51350.056 4.483162210283495e-08
51400.056 1.768424461835178e-08
51450.056 1.3882768745136272e-08
51500.056 1.4086369965732278e-08
51550.056 4.9700909432166014e-08
51600.056 3.688796805261157e-08
51650.056 4.500818484799161e-08
51700.056 4.968695612240073e-08
51750.056 3.261234169785729e-08
51800.056 5.608419900899181e-08
51850.056 4.7327724778295195e-08
51900.056 6.536015264699413e-08
51950.056 3.9901423001894614e-08
52000.056 5.456554054827983e-09
52050.056 2.3124900554203382e-08
52100.056 1.4764111932698405e-08
52150.056 9.147932422234238e-09
52200.056 2.1026513162270043e-08
52250.056 3.0616834207811125e-08
52300.056 4.4089767091997104e-08
52350.056 1.842895311877351e-08
52400.056 1.7223076678021322e-08
52450.056 5.274415202810411e-08
52500.056 4.1798544340967815e-08
52550.056 4.404748227279541e-08
52600.056 3.313541223629865e-08
52650.056 3.920965426850367e-08
52700.056 3.024730421369867e-08
52750.056 1.3630029460467343e-08
52800.056 2.2923863706602835e-08
52850.056 2.5663280447092335e-08
52900.056 1.3865299119622823e-08
52950.056 2.0403634150822168e-08
53000.056 3.2547920113408886e-08
53050.056 1.3266956166886225e-08
53100.056 3.4543010569791934e-08
53150.056 3.8801955738202324e-08
53200.056 1.8207999355088556e-08
53250.056 3.737915788653386e-08
53300.056 4.562111053687208e-08
53350.056 3.4791991656402e-08
53400.056 2.3367492894793153e-08
53450.056 9.63089455024684e-09
53500.056 2.1021987734303483e-09
53550.056 5.641893608440011e-09
