galfind/configs/Brown_Dwarf_templates/sonora_bobcat/m+0.5/100g/sp_t1300g100nc_m+0.5_resample.dat
# %ECSV 1.0
# ---
# datatype:
# - {name: wav, unit: Angstrom, datatype: float64}
# - {name: flux_nu, unit: erg / (cm2 Hz s), datatype: float64}
# meta: {C/O: '1.00', Kzz: '1.0000E+05', Teff: '1300.', Y: '0.28', '[Fe/H]': '0.50', f_hole: '1.00', f_rain: '0.00', grav: '100.'}
# schema: astropy-2.0
wav flux_nu
[from data line 498]
28900.056 2.8068798224800367e-07
28950.056 4.1137758684601455e-07
29000.056 3.44946638291928e-07
29050.056 3.5974692418693677e-07
29100.056 2.9927655214804845e-07
29150.056 3.937556213231035e-07
29200.056 3.403431429750731e-07
29250.056 4.104795522740007e-07
29300.056 3.193978799438344e-07
29350.056 4.849249255518714e-07
29400.056 3.6738633668990903e-07
29450.056 3.9264492938398125e-07
29500.056 4.02936023805951e-07
29550.056 3.889472465680101e-07
29600.056 4.24657566118909e-07
29650.056 4.05504703397953e-07
29700.056 3.557338833698986e-07
29750.056 4.4332681572120777e-07
29800.056 4.561501899689613e-07
29850.056 4.4468384550393797e-07
29900.056 4.103128912311253e-07
29950.056 4.6397160196891583e-07
30000.056 4.613881137739492e-07
30050.056 4.316806576599406e-07
30100.056 3.780470667108853e-07
30150.056 5.229439934099562e-07
30200.056 4.4597837270801806e-07
30250.056 4.895526216701402e-07
30300.056 4.590314138799594e-07
30350.056 4.211978574760302e-07
30400.056 5.026836279450607e-07
30450.056 4.085978915660429e-07
30500.056 3.586243304690504e-07
30550.056 4.251511132160749e-07
30600.056 4.3842537613003676e-07
30650.056 4.162166230799509e-07
30700.056 3.9447353963599647e-07
30750.056 3.784989738649907e-07
30800.056 3.812882072490646e-07
30850.056 3.330893152279355e-07
30900.056 3.4989695233295466e-07
30950.056 3.1316018611005205e-07
31000.056 3.113694777919901e-07
31050.056 3.135015294799969e-07
31100.056 2.803266273569818e-07
31150.056 3.0592899509596893e-07
31200.056 3.1796904409000615e-07
31250.056 2.8215386976597955e-07
31300.056 2.7758080459997046e-07
31350.056 2.622732313259993e-07
31400.056 2.452639139450394e-07
31450.056 2.469966434219807e-07
31500.056 2.407787207359666e-07
31550.056 2.419236052080049e-07
31600.056 2.251572110969806e-07
31650.056 2.2052609863299805e-07
31700.056 2.217782406199808e-07
31750.056 2.0587635684805678e-07
31800.056 2.3347385233997688e-07
31850.056 2.139915281210273e-07
31900.056 2.3763331609899875e-07
31950.056 1.918921330360156e-07
32000.056 2.1574904721797903e-07
32050.056 2.3124263150101497e-07
32100.056 2.2884288196802093e-07
32150.056 2.3635989520797938e-07
32200.056 2.215118285759921e-07
32250.056 2.5259977140202544e-07
32300.056 2.2244524263499676e-07
32350.056 2.669964110499905e-07
32400.056 2.2039192830299672e-07
32450.056 2.6063048165792815e-07
32500.056 2.6681196378904107e-07
32550.056 2.6968342808799863e-07
32600.056 2.7306477064999273e-07
32650.056 3.146555367600017e-07
32700.056 2.994295725600379e-07
32750.056 3.1176890522000986e-07
32800.056 3.0516449567701556e-07
32850.056 3.218898504499494e-07
32900.056 3.483857650299798e-07
32950.056 3.249942153489752e-07
33000.056 3.1230452927295703e-07
33050.056 2.9213224368003934e-07
33100.056 2.5048315155998163e-07
33150.056 1.9061648232700257e-07
33200.056 1.490882337959697e-07
33250.056 1.2460540795496751e-07
33300.056 1.1849464973901767e-07
33350.056 1.3588386187800209e-07
33400.056 1.4781883202598012e-07
33450.056 1.6720631976999441e-07
33500.056 1.9927268978003176e-07
33550.056 2.110804410700342e-07
33600.056 2.432745647980019e-07
33650.056 2.6602521729001383e-07
33700.056 2.596712107979762e-07
33750.056 3.0548068281999914e-07
33800.056 3.0288232716897396e-07
33850.056 3.208186427599728e-07
33900.056 3.064445847599793e-07
33950.056 2.9231238084998703e-07
34000.056 3.1747055232998846e-07
34050.056 2.8532993602495196e-07
34100.056 3.314650020199761e-07
34150.056 3.10978467141963e-07
34200.056 2.7555458928393166e-07
34250.056 3.1229124462992587e-07
34300.056 2.77584898476856e-07
34350.056 2.593574722299951e-07
34400.056 2.6181689792200274e-07
34450.056 2.958160011199789e-07
34500.056 2.9225017402000224e-07
34550.056 2.7560808201198683e-07
34600.056 3.186916040400094e-07
34650.056 3.0412044623597017e-07
34700.056 2.9609985680995717e-07
34750.056 3.1866228878000216e-07
34800.056 3.088275417909376e-07
34850.056 2.906547253500101e-07
34900.056 3.305288393979873e-07
34950.056 3.067994742399513e-07
35000.056 3.5993965188501876e-07
35050.056 3.1824455303996436e-07
35100.056 3.274495867499783e-07
35150.056 3.4536235182599924e-07
35200.056 3.4999749288002556e-07
35250.056 3.6664865122995986e-07
35300.056 3.48602547290032e-07
35350.056 3.400833562399428e-07
35400.056 3.5019866135006015e-07
35450.056 2.976922801701147e-07
35500.056 3.8562361155003255e-07
35550.056 3.8282449322996513e-07
35600.056 3.5225353192005427e-07
35650.056 4.024716572000092e-07
35700.056 3.5826212115001244e-07
35750.056 3.950917674698974e-07
35800.056 4.733482575900102e-07
35850.056 3.9224211964996145e-07
35900.056 4.7274521789995213e-07
35950.056 4.4722935058001946e-07
36000.056 4.43941384580005e-07
36050.056 4.7613587280999737e-07
36100.056 4.864395796597318e-07
36150.056 4.780880975800236e-07
36200.056 5.346664156999395e-07
36250.056 5.016143546399182e-07
36300.056 5.622582455200773e-07
36350.056 5.397823194799492e-07
36400.056 5.338250506500074e-07
36450.056 5.998978333699989e-07
36500.056 5.89989036729973e-07
36550.056 6.137787883601933e-07
36600.056 6.507751811600325e-07
36650.056 6.622359199898883e-07
36700.056 7.160399298799707e-07
36750.056 7.1489338371013e-07
36800.056 7.332830033399627e-07
36850.056 7.476611095200063e-07
36900.056 7.513416943300737e-07
36950.056 8.219263125099138e-07
37000.056 8.469757310999487e-07
37050.056 8.168301281299445e-07
37100.056 8.83214581260124e-07
37150.056 8.603442459299868e-07
37200.056 9.062466069600819e-07
37250.056 9.448166398899621e-07
37300.056 8.837235971999148e-07
37350.056 8.538740528301761e-07
37400.056 9.886509310598972e-07
37450.056 9.499725238701507e-07
37500.056 9.576031146698436e-07
37550.056 1.0186730169799996e-06
37600.056 1.0825041125799295e-06
37650.056 1.0030391053299577e-06
37700.056 1.1171461841000669e-06
37750.056 1.0732774504500296e-06
37800.056 1.1290455293702343e-06
37850.056 1.0201810379899714e-06
37900.056 1.0692532918801582e-06
37950.056 1.0818321911998963e-06
38000.056 1.178932516530098e-06
38050.056 1.181208555900065e-06
38100.056 1.097382564890188e-06
38150.056 1.2951477780099403e-06
38200.056 1.3356271995200162e-06
38250.056 1.1634328044701752e-06
38300.056 1.2228248403799265e-06
38350.056 1.3032114476799078e-06
38400.056 1.2404108789097696e-06
38450.056 1.385870033130049e-06
38500.056 1.2487075371800683e-06
38550.056 1.3529970055900277e-06
38600.056 1.4729598581298455e-06
38650.056 1.313674823339992e-06
38700.056 1.3862127733202198e-06
38750.056 1.3855684594800415e-06
38800.056 1.3815768594798832e-06
38850.056 1.3154241958500905e-06
38900.056 1.3319859015099476e-06
38950.056 1.4783944236799412e-06
39000.056 1.3879827730000192e-06
39050.056 1.4719962438098464e-06
39100.056 1.3426871368801845e-06
39150.056 1.412248820990003e-06
39200.056 1.5105629594800756e-06
39250.056 1.5133833308796065e-06
39300.056 1.444964446119598e-06
39350.056 1.5060513484601318e-06
39400.056 1.4792373537300501e-06
39450.056 1.4849154412098966e-06
39500.056 1.4143178196399017e-06
39550.056 1.444655747379969e-06
39600.056 1.5851084757597786e-06
39650.056 1.4105001306899644e-06
39700.056 1.4660753640198845e-06
39750.056 1.4166038681798803e-06
39800.056 1.378140782099912e-06
39850.056 1.4511004224298872e-06
39900.056 1.4551901375301877e-06
39950.056 1.520998427419803e-06
40000.056 1.357807056650048e-06
40050.056 1.3794539290400102e-06
40100.056 1.5189132900999951e-06
40150.056 1.3853934773598063e-06
40200.056 1.4041633745197828e-06
40250.056 1.3385061460396126e-06
40300.056 1.2969290134400964e-06
40350.056 1.4585855694002254e-06
40400.056 1.4235472267100472e-06
40450.056 1.4318989825501599e-06
40500.056 1.2794126419702485e-06
40550.056 1.4979058789798863e-06
40600.056 1.2437135810602351e-06
40650.056 1.2971761462298762e-06
40700.056 1.4490004030600622e-06
40750.056 1.2466139959794628e-06
40800.056 1.1909177276400426e-06
40850.056 1.218087017720272e-06
40900.056 1.2188553872900996e-06
40950.056 1.2660252080899426e-06
41000.056 1.2630865293800103e-06
41050.056 1.2740337901498024e-06
41100.056 1.2036188429499762e-06
41150.056 1.2074173487099878e-06
41200.056 1.2034672108099836e-06
41250.056 1.2234154291300962e-06
41300.056 1.0408265209297075e-06
41350.056 1.2657829699800546e-06
41400.056 1.1782855016902377e-06
41450.056 1.1857339856903205e-06
41500.056 1.1928331430499956e-06
41550.056 1.1419841545700216e-06
41600.056 1.2023457988800495e-06
41650.056 1.1168018527902254e-06
41700.056 1.028351144039811e-06
41750.056 9.963248047998709e-07
41800.056 9.78823907769905e-07
41850.056 8.366194283401171e-07
41900.056 9.398402493900075e-07
41950.056 7.42075018310219e-07
42000.056 7.645276558301026e-07
42050.056 6.886518920598265e-07
42100.056 7.81581506950121e-07
42150.056 5.791541473597836e-07
42200.056 6.09610311899996e-07
42250.056 6.202124104401051e-07
42300.056 5.076538629900488e-07
42350.056 6.108584243701692e-07
42400.056 5.042345195901017e-07
42450.056 4.7042265209009464e-07
42500.056 5.014647974600733e-07
42550.056 4.961815375900463e-07
42600.056 4.91897916330126e-07
42650.056 4.1170654549981443e-07
42700.056 4.695028146201408e-07
42750.056 4.444689394999658e-07
42800.056 4.118885808601769e-07
42850.056 4.470492255198828e-07
42900.056 4.3620248703000283e-07
42950.056 4.292787762998082e-07
43000.056 4.1406248867004395e-07
43050.056 4.1114051757015067e-07
43100.056 4.551409617801049e-07
43150.056 4.181354054000924e-07
43200.056 4.4632467771008637e-07
43250.056 4.1331353826986455e-07
43300.056 4.231843551700356e-07
43350.056 4.23620318239998e-07
43400.056 4.275924655700155e-07
43450.056 4.32339565920118e-07
43500.056 4.095297693899711e-07
43550.056 4.566282353000072e-07
43600.056 4.225967950300195e-07
43650.056 4.032730753900501e-07
43700.056 4.305151674398123e-07
43750.056 4.168841139300951e-07
43800.056 3.864338306100737e-07
43850.056 4.2089009900008226e-07
43900.056 4.28903185429998e-07
43950.056 4.0917332854015085e-07
44000.056 4.1916274051008593e-07
44050.056 4.340817955000656e-07
44100.056 4.3690843031006566e-07
44150.056 4.3499125793989075e-07
44200.056 4.1120273874993397e-07
44250.056 4.436967022500136e-07
44300.056 4.3360628993001895e-07
44350.056 4.155137808700254e-07
44400.056 4.425885419499779e-07
44450.056 4.487075168499854e-07
44500.056 4.6961540211997157e-07
44550.056 4.355540685599378e-07
44600.056 4.632248434500304e-07
44650.056 4.5766291366006674e-07
44700.056 4.54335902850018e-07
44750.056 4.7285647413995963e-07
44800.056 5.061889202799887e-07
44850.056 4.784058265700715e-07
44900.056 4.687667611400482e-07
44950.056 4.5177193352999476e-07
45000.056 4.925762366399732e-07
45050.056 4.863152418399645e-07
45100.056 5.050852448399773e-07
45150.056 4.853469846699672e-07
45200.056 4.6244237060003186e-07
45250.056 4.707412922099592e-07
45300.056 4.98738620140021e-07
45350.056 5.163087474099817e-07
45400.056 5.011147223900449e-07
45450.056 4.6832384144994423e-07
45500.056 4.823755812399836e-07
45550.056 5.157701730199787e-07
45600.056 4.8293487904999e-07
45650.056 4.574782536899289e-07
45700.056 5.289619712900284e-07
45750.056 4.798103878800025e-07
45800.056 4.765150531099809e-07
45850.056 5.464386662499712e-07
45900.056 5.435637347000279e-07
45950.056 4.806797494000062e-07
46000.056 5.465496479600276e-07
46050.056 5.391089338400647e-07
46100.056 4.714000884800529e-07
46150.056 5.228070738999881e-07
46200.056 5.396161913500772e-07
46250.056 4.669430137399921e-07
46300.056 5.72788902079994e-07
46350.056 4.998515213899532e-07
46400.056 5.108913968299572e-07
46450.056 5.423771108100525e-07
46500.056 4.922346802199612e-07
46550.056 5.966744023399747e-07
46600.056 5.539980850300285e-07
46650.056 6.958238338598745e-07
46700.056 6.429088082002079e-07
46750.056 5.20184214139953e-07
46800.056 5.628366605800649e-07
46850.056 6.035976445900627e-07
46900.056 5.763586523599108e-07
46950.056 6.266703845500141e-07
47000.056 5.31347228189994e-07
47050.056 6.377255884998951e-07
47100.056 5.039347616000475e-07
47150.056 5.420165383300438e-07
47200.056 5.869643047700844e-07
47250.056 5.229306984599698e-07
47300.056 5.342888906198917e-07
47350.056 4.907221593499231e-07
47400.056 5.888098228299191e-07
47450.056 5.060250315399803e-07
47500.056 5.902949194199275e-07
47550.056 5.205769812799702e-07
47600.056 5.850074792099742e-07
47650.056 4.491541522299104e-07
47700.056 5.993664697500513e-07
47750.056 4.403176993200789e-07
47800.056 5.96813109579945e-07
47850.056 4.726067000899326e-07
47900.056 5.782384930900268e-07
47950.056 4.572660306100539e-07
48000.056 6.420786927400077e-07
48050.056 5.041204727300542e-07
48100.056 5.580013549899958e-07
48150.056 5.141099080200691e-07
48200.056 5.898708744000613e-07
48250.056 5.026694823800123e-07
48300.056 6.333380947898625e-07
48350.056 4.7268627823998e-07
48400.056 5.755930664999956e-07
48450.056 4.980627889400098e-07
48500.056 6.516481420700171e-07
48550.056 4.798077592900102e-07
48600.056 5.977686651599624e-07
48650.056 5.010629177099735e-07
48700.056 5.944454515000369e-07
48750.056 4.584216939600306e-07
48800.056 6.660384718000202e-07
48850.056 4.893757542199164e-07
48900.056 6.203855132200485e-07
48950.056 5.722189597400163e-07
49000.056 5.401577121399193e-07
49050.056 5.994383481000033e-07
49100.056 5.425829313300411e-07
49150.056 5.868091026999878e-07
49200.056 5.491688135499879e-07
49250.056 5.8714740354001e-07
49300.056 5.103622184199696e-07
49350.056 5.48551813730003e-07
49400.056 6.253551554700394e-07
49450.056 5.474455061201149e-07
49500.056 5.734964689499978e-07
49550.056 5.019397906500081e-07
49600.056 5.593376525701147e-07
49650.056 5.810921938599952e-07
49700.056 5.122889179099441e-07
49750.056 7.114402061399068e-07
49800.056 5.511950047200287e-07
49850.056 7.070381666700556e-07
49900.056 5.598962316700305e-07
49950.056 6.140530904098895e-07
50000.056 5.961210262298947e-07
50050.056 6.020877106700387e-07
50100.056 6.353024343799639e-07
50150.056 5.331619219900225e-07
50200.056 5.052948004600472e-07
50250.056 6.119343304500045e-07
50300.056 5.719133954799765e-07
50350.056 6.732804266399982e-07
50400.056 5.81670425869979e-07
50450.056 5.759337117900936e-07
50500.056 7.037378227800998e-07
50550.056 6.00177663479994e-07
50600.056 6.43028788859989e-07
50650.056 6.18998226910113e-07
50700.056 6.746048630798476e-07
50750.056 6.949612495400889e-07
50800.056 5.195436512099349e-07
50850.056 6.000364371601182e-07
50900.056 6.787027135899765e-07
50950.056 6.608985631401229e-07
51000.056 7.567568956300651e-07
51050.056 5.742114300100507e-07
51100.056 5.560338373399521e-07
51150.056 6.447636511399405e-07
51200.056 6.575500544899744e-07
51250.056 6.751428727499425e-07
51300.056 5.68375381890202e-07
51350.056 6.213983771698975e-07
51400.056 5.596633430099048e-07
51450.056 4.5907204618991707e-07
51500.056 5.741498405100346e-07
51550.056 7.659044728200654e-07
51600.056 5.426885497500653e-07
51650.056 6.210632526799281e-07
51700.056 5.975784672398493e-07
51750.056 5.565659083400553e-07
51800.056 6.751521120298371e-07
51850.056 6.675542177299454e-07
51900.056 7.179427483601468e-07
51950.056 6.6185411876995e-07
52000.056 5.340434625199701e-07
52050.056 6.212677463399775e-07
52100.056 5.702764129499096e-07
52150.056 5.800025893100197e-07
52200.056 5.534839933700034e-07
52250.056 6.00162448390007e-07
52300.056 6.810069793699933e-07
52350.056 6.964451642700686e-07
52400.056 5.24076070460081e-07
52450.056 6.243010011799992e-07
52500.056 6.84615915079898e-07
52550.056 6.572999414498146e-07
52600.056 6.327657049200974e-07
52650.056 7.021732620201145e-07
52700.056 6.161381958100019e-07
52750.056 5.182719724299615e-07
52800.056 5.803788712100482e-07
52850.056 5.587280871099167e-07
52900.056 6.041808098100348e-07
52950.056 6.081796971199418e-07
53000.056 6.875208140899489e-07
53050.056 5.666849968298829e-07
53100.056 5.572613763398744e-07
53150.056 7.253194653400817e-07
53200.056 5.060529015200407e-07
53250.056 7.133110037999984e-07
53300.056 6.924051721902768e-07
53350.056 6.802936804499267e-07
53400.056 6.61404426480062e-07
53450.056 5.555760692600263e-07
53500.056 4.815769887499175e-07
53550.056 5.930184429299264e-07
53600.056 6.539013133401054e-07
