galfind/configs/Brown_Dwarf_templates/sonora_bobcat/m+0.5/100g/sp_t2000g100nc_m+0.5_resample.dat
# %ECSV 1.0
# ---
# datatype:
# - {name: wav, unit: Angstrom, datatype: float64}
# - {name: flux_nu, unit: erg / (cm2 Hz s), datatype: float64}
# meta: {C/O: '1.00', Kzz: '1.0000E+05', Teff: '2000.', Y: '0.28', '[Fe/H]': '0.50', f_hole: '1.00', f_rain: '0.00', grav: '100.'}
# schema: astropy-2.0
wav flux_nu
4000.0559999999996 nan
4050.0559999999996 5.2553615563744325e-09
4100.056 5.351676681380215e-09
4150.056 3.8033895449209906e-09
4200.056 2.706219919376072e-09
4250.056 2.3262797128614557e-09
4300.056 1.480669928930547e-09
4350.056 1.7110205660699166e-09
4400.056 1.6998121952604148e-09
4450.056 1.0726053748700398e-09
4500.056 1.232727197840112e-09
4550.056 1.5483429300696005e-09
4600.056 1.3825129496398966e-09
4650.056 1.1658647402200271e-09
4700.056 1.4192073401103488e-09
4750.056 1.7775814551596427e-09
4800.056 1.3107171406701278e-09
4850.056 1.6710102503402962e-09
4900.056 3.0734871176897167e-09
4950.056 3.6574373554902944e-09
5000.056 2.026458598769848e-09
5050.056 2.5895588210104586e-09
5100.056 4.666417422920958e-09
5150.056 5.287627352601878e-09
5200.056 3.297924121410086e-09
5250.056 4.167407631870072e-09
5300.056 5.1205904951501525e-09
5350.056 5.44062169490073e-09
5400.056 6.3919461072999934e-09
5450.056 5.29466800023943e-09
5500.056 4.291532820319504e-09
5550.056 5.4901865221495614e-09
5600.056 4.904602121900381e-09
5650.056 4.495223410200077e-09
5700.056 5.007866731600191e-09
5750.056 4.117406679309732e-09
5800.056 3.4063515112398662e-09
5850.056 1.3909275564799841e-09
5900.056 1.16714710432777e-10
5950.056 2.360698042730004e-09
6000.056 5.7005964489998655e-09
6050.056 9.980271883500465e-09
6100.056 1.2971167568600692e-08
6150.056 1.401363576359837e-08
6200.056 1.0525694376900187e-08
6250.056 1.2139937580200823e-08
6300.056 1.70078245616004e-08
6350.056 2.1621331252000982e-08
6400.056 2.609926494500045e-08
6450.056 3.2297000347994726e-08
6500.056 3.2144756435994165e-08
6550.056 3.8041665066992894e-08
6600.056 3.540994654100189e-08
6650.056 3.1310273754003145e-08
6700.056 2.4473371252045856e-08
6750.056 3.125831510600283e-08
6800.056 3.5309943358001236e-08
6850.056 4.374108975999925e-08
6900.056 5.338792811900044e-08
6950.056 6.380565926699407e-08
7000.056 8.165918718599204e-08
7050.056 7.62695067910062e-08
7100.056 5.0468147354995865e-08
7150.056 4.354382348200392e-08
7200.056 5.8333867356997857e-08
7250.056 8.066274942000719e-08
7300.056 1.2023628041101827e-07
7350.056 1.5741053229400273e-07
7400.056 1.7648813157601113e-07
7450.056 1.784197834119579e-07
7500.056 1.9600813167999558e-07
7550.056 2.2509746724100668e-07
7600.056 1.6702684630398933e-07
7650.056 4.50211545808569e-08
7700.056 2.294836323616913e-08
7750.056 1.1548717034401305e-07
7800.056 1.5169223980518372e-07
7850.056 1.7422364107399826e-07
7900.056 1.8110249812003442e-07
7950.056 1.7311454678037581e-07
8000.056 2.030138683029745e-07
8050.056 2.8950163990795554e-07
8100.056 4.2569478602509504e-07
8150.056 6.189045976900424e-07
8200.056 4.986949831449333e-07
8250.056 5.483341083699932e-07
8300.056 4.5594846988012764e-07
8350.056 4.878454111001351e-07
8400.056 5.017059902800583e-07
8450.056 3.2769671707992466e-07
8500.056 3.031419012502818e-07
8550.056 3.606398379200287e-07
8600.056 4.088100826898656e-07
8650.056 4.788260465099491e-07
8700.056 5.369939716901826e-07
8750.056 6.611283456390578e-07
8800.056 8.864736835101885e-07
8850.056 8.910425258001138e-07
8900.056 6.541122347899567e-07
8950.056 7.01977495012958e-07
9000.056 8.716975852101421e-07
9050.056 9.425719110397424e-07
9100.056 1.1873211158400526e-06
9150.056 1.3844978626200187e-06
9200.056 1.3169078674801202e-06
9250.056 8.495035415998929e-07
9300.056 6.950308003720612e-07
9350.056 7.830047790508398e-07
9400.056 8.782359673401528e-07
9450.056 9.786704946087316e-07
9500.056 1.1598832906168073e-06
9550.056 1.325726127507396e-06
9600.056 1.3981766792304205e-06
9650.056 1.6065986878064438e-06
9700.056 1.7516693656807329e-06
9750.056 1.3828087414999976e-06
9800.056 1.5479118847848338e-06
9850.056 1.5414024079298346e-06
9900.056 1.5050472442800378e-06
9950.056 1.5250472027600684e-06
10000.056 1.5481961367298114e-06
10050.056 1.5062597140000505e-06
10100.056 1.8151624408406558e-06
10150.056 1.7677884844896162e-06
10200.056 1.918134538869722e-06
10250.056 1.889449427449319e-06
10300.056 1.9156567448795293e-06
10350.056 2.1663991986596315e-06
10400.056 2.3011576051599337e-06
10450.056 2.477073171450363e-06
10500.056 2.404014322929558e-06
10550.056 2.425824480780571e-06
10600.056 2.597359325350544e-06
10650.056 2.765619962029687e-06
10700.056 3.0141618980401823e-06
10750.056 3.266233715260197e-06
10800.056 3.449680210539742e-06
10850.056 3.7032611481798144e-06
10900.056 3.5569735836696435e-06
10950.056 3.301167373179071e-06
11000.056 3.1674576649501502e-06
11050.056 2.3341628464959443e-06
11100.056 2.543758404256528e-06
11150.056 2.6466618275716495e-06
11200.056 2.6975244828042096e-06
11250.056 3.024714838483878e-06
11300.056 3.0556428949301785e-06
11350.056 2.818833390788982e-06
11400.056 2.466667520110142e-06
11450.056 3.0275290951910034e-06
11500.056 3.324169277584296e-06
11550.056 3.2294455346751523e-06
11600.056 3.3564855646430637e-06
11650.056 3.5137892248116545e-06
11700.056 2.9665401319210267e-06
11750.056 2.998501846571964e-06
11800.056 2.9967201945730307e-06
11850.056 3.523882534680237e-06
11900.056 3.5760985736491154e-06
11950.056 3.6982428032996967e-06
12000.056 3.5868741634603225e-06
12050.056 3.889479813060584e-06
12100.056 3.920653143839881e-06
12150.056 4.234434201889827e-06
12200.056 4.377411389099654e-06
12250.056 4.6143300337393065e-06
12300.056 4.755592240000805e-06
12350.056 4.849275112000504e-06
12400.056 4.545830626099492e-06
12450.056 3.891352074070065e-06
12500.056 4.2354602773992474e-06
12550.056 4.265138055420045e-06
12600.056 4.468484931900104e-06
12650.056 4.7089502037995415e-06
12700.056 4.916971636499664e-06
12750.056 4.909175884400401e-06
12800.056 5.246497390199512e-06
12850.056 5.159837532000279e-06
12900.056 5.081400854269477e-06
12950.056 5.281925550078956e-06
13000.056 5.381847598929018e-06
13050.056 5.44743663991957e-06
13100.056 5.403536776909205e-06
13150.056 5.406458875989632e-06
13200.056 5.208351073989466e-06
13250.056 4.907764550832152e-06
13300.056 4.247788562238447e-06
13350.056 2.8230529104173947e-06
13400.056 2.6394967925976073e-06
13450.056 2.32823486614379e-06
13500.056 2.338798964953072e-06
13550.056 2.2056666602705577e-06
13600.056 1.9481841549669556e-06
13650.056 2.0895153543269565e-06
13700.056 1.853801700878292e-06
13750.056 1.8305449232984608e-06
13800.056 2.083749582577674e-06
13850.056 2.0999567153342765e-06
13900.056 2.0690417640244143e-06
13950.056 1.9681571171487363e-06
14000.056 1.8364723085519544e-06
14050.056 1.8484834262165522e-06
14100.056 1.6880765399872852e-06
14150.056 1.653616081338684e-06
14200.056 1.5762410740454933e-06
14250.056 1.5549791408802498e-06
14300.056 1.5805941148597177e-06
14350.056 1.5742568935853082e-06
14400.056 1.6815804245782508e-06
14450.056 1.7706443448961667e-06
14500.056 1.9334466502286756e-06
14550.056 1.959593138037007e-06
14600.056 2.0204679200527728e-06
14650.056 1.9911785362402407e-06
14700.056 1.8538267287546582e-06
14750.056 1.963700295467428e-06
14800.056 2.0252239345516305e-06
14850.056 2.1695691497823e-06
14900.056 2.201494931471968e-06
14950.056 2.213175506780402e-06
15000.056 2.2769127499005842e-06
15050.056 2.4827512825793416e-06
15100.056 2.4891857813904324e-06
15150.056 2.6107555757602175e-06
15200.056 2.699621339639818e-06
15250.056 2.701718281059755e-06
15300.056 2.8645263306998502e-06
15350.056 2.933225883360157e-06
15400.056 3.0380541419301e-06
15450.056 3.1839358823403358e-06
15500.056 3.240331035799309e-06
15550.056 3.422854699089832e-06
15600.056 3.3952623467804853e-06
15650.056 3.5623319380400687e-06
15700.056 3.8105394476314557e-06
15750.056 3.952722335219679e-06
15800.056 3.994150948640912e-06
15850.056 3.975898385000208e-06
15900.056 4.0672050690006965e-06
15950.056 4.193965434299919e-06
16000.056 4.290649860499679e-06
16050.056 4.445724313800268e-06
16100.056 4.57505122910037e-06
16150.056 4.581831471500408e-06
16200.056 4.732153207299568e-06
16250.056 4.80389515559992e-06
16300.056 4.845991288600103e-06
16350.056 5.090346865699676e-06
16400.056 5.066334502801112e-06
16450.056 5.194008495200298e-06
16500.056 5.3473257363008405e-06
16550.056 5.562618637299676e-06
16600.056 5.3644734692007776e-06
16650.056 5.797620048900514e-06
16700.056 5.652410014298858e-06
16750.056 5.781331869699233e-06
16800.056 5.951652343700372e-06
16850.056 5.930221271669693e-06
16900.056 5.811160704060218e-06
16950.056 5.78715116019939e-06
17000.056 5.746569420700931e-06
17050.056 5.649537507300287e-06
17100.056 5.3436085099006334e-06
17150.056 5.225184694709529e-06
17200.056 4.847049987259749e-06
17250.056 4.64266421779989e-06
17300.056 4.753955079869294e-06
17350.056 4.499928434840202e-06
17400.056 4.671268084970217e-06
17450.056 4.361794918977609e-06
17500.056 4.1780287425087245e-06
17550.056 4.185796627316085e-06
17600.056 4.000127282512135e-06
17650.056 4.069281095758061e-06
17700.056 3.610521399096446e-06
17750.056 3.4483557091241547e-06
17800.056 3.4283898096227825e-06
17850.056 3.2659381993385444e-06
17900.056 3.2327765531308193e-06
17950.056 3.1523735422151583e-06
18000.056 2.8861031007672755e-06
18050.056 2.928451145596538e-06
18100.056 2.802155539555173e-06
18150.056 3.0794602119840893e-06
18200.056 2.62943282152747e-06
18250.056 2.9836193085961704e-06
18300.056 2.893378846889779e-06
18350.056 2.7210722757344106e-06
18400.056 2.688611825734166e-06
18450.056 2.4675209982069706e-06
18500.056 2.514598732682661e-06
18550.056 2.398898499758398e-06
18600.056 2.0493618290554596e-06
18650.056 2.3716056527917637e-06
18700.056 2.5299142433064195e-06
18750.056 2.402458376399953e-06
18800.056 2.447412335169126e-06
18850.056 2.788897780646749e-06
18900.056 2.702240033370781e-06
18950.056 2.672237995269873e-06
19000.056 2.8677963057393623e-06
19050.056 2.804573708063973e-06
19100.056 2.8313347931871327e-06
19150.056 2.972700297008705e-06
19200.056 2.937967119526124e-06
19250.056 2.806333767520028e-06
19300.056 2.9122384734870265e-06
19350.056 2.9576674354500597e-06
19400.056 2.7369993917749007e-06
19450.056 2.970265266390603e-06
19500.056 2.9537103586515342e-06
19550.056 2.6282966234369454e-06
19600.056 3.000319168203697e-06
19650.056 2.93884473951088e-06
19700.056 2.9700790608374467e-06
19750.056 2.805803218481394e-06
19800.056 2.9073063005735015e-06
19850.056 2.895872581051835e-06
19900.056 2.6695087455449313e-06
19950.056 3.0164667006300745e-06
20000.056 2.681864939870572e-06
20050.056 2.8219599495113683e-06
20100.056 2.9743712675679897e-06
20150.056 2.8713689603004098e-06
20200.056 2.9500341000488727e-06
20250.056 3.098853581740256e-06
20300.056 3.085636714560166e-06
20350.056 3.1173515734197675e-06
20400.056 3.086533727298358e-06
20450.056 3.3180424510098215e-06
20500.056 3.24665382696037e-06
20550.056 3.3388098103100415e-06
20600.056 3.53290508049067e-06
20650.056 3.4411122091910645e-06
20700.056 3.5760903464900834e-06
20750.056 3.636065240489304e-06
20800.056 3.7682641139203637e-06
20850.056 3.77974189373986e-06
20900.056 3.922928279949632e-06
20950.056 3.978230824899899e-06
21000.056 4.186330041999678e-06
21050.056 4.17085690620021e-06
21100.056 4.2505488319199794e-06
21150.056 4.487288899600333e-06
21200.056 4.443953396200518e-06
21250.056 4.658450823399439e-06
21300.056 4.52866779329979e-06
21350.056 4.846732129800301e-06
21400.056 4.694008592400531e-06
21450.056 5.137341878600076e-06
21500.056 4.899925405300328e-06
21550.056 5.0293076111996694e-06
21600.056 5.19391752920062e-06
21650.056 5.169381433400555e-06
21700.056 5.417924245799679e-06
21750.056 5.324213807799867e-06
21800.056 5.328468935299794e-06
21850.056 5.406381120399751e-06
21900.056 5.559294759600739e-06
21950.056 5.49133205140045e-06
22000.056 5.725351222999671e-06
22050.056 5.524149077499186e-06
22100.056 5.728954559199829e-06
22150.056 5.790368068900564e-06
22200.056 5.625116541021501e-06
22250.056 5.949979045200397e-06
22300.056 5.8939610528994655e-06
22350.056 5.77075095320041e-06
22400.056 6.068413344860367e-06
22450.056 6.000719492669025e-06
22500.056 6.108330689619588e-06
22550.056 6.019729941558748e-06
22600.056 6.022975639519686e-06
22650.056 6.055540976901491e-06
22700.056 6.050711179151524e-06
22750.056 6.236784147599516e-06
22800.056 6.0145613069801205e-06
22850.056 6.114426522920789e-06
22900.056 6.312503768219477e-06
22950.056 4.730067531010688e-06
23000.056 5.3467810008504625e-06
23050.056 5.517661277658955e-06
23100.056 5.275541393589719e-06
23150.056 5.416312211131062e-06
23200.056 5.475859472050016e-06
23250.056 4.508573535808597e-06
23300.056 4.900810761680305e-06
23350.056 4.99395949055009e-06
23400.056 4.829875697030112e-06
23450.056 5.010983666839696e-06
23500.056 4.75782646854866e-06
23550.056 4.258379519471591e-06
23600.056 4.399031903081181e-06
23650.056 4.6927507093994345e-06
23700.056 4.681888604398483e-06
23750.056 4.587045828260631e-06
23800.056 4.533640083140929e-06
23850.056 3.847508308870485e-06
23900.056 4.208424651119317e-06
23950.056 4.319885911281555e-06
24000.056 4.048040992329482e-06
24050.056 3.998152175550587e-06
24100.056 3.6541410858287812e-06
24150.056 3.547155092410693e-06
24200.056 3.607838139088643e-06
24250.056 3.5194559497207464e-06
24300.056 3.3216183156701413e-06
24350.056 3.1780837462401536e-06
24400.056 3.4442542968095856e-06
24450.056 3.1377732041598042e-06
24500.056 2.867523494319924e-06
24550.056 2.8467550991996917e-06
24600.056 2.872474505740667e-06
24650.056 3.104623877119602e-06
24700.056 2.659127108109898e-06
24750.056 2.518432774500936e-06
24800.056 2.4255516165805656e-06
24850.056 2.787802477310013e-06
24900.056 2.243670341491587e-06
24950.056 2.726957743409517e-06
25000.056 2.3985159387900624e-06
25050.056 2.0174488083106197e-06
25100.056 2.3550006391499805e-06
25150.056 2.0310501856902374e-06
25200.056 2.2038756791092954e-06
25250.056 2.1082420940293785e-06
25300.056 2.209953203610127e-06
25350.056 1.8957371653900798e-06
25400.056 2.0605801131710405e-06
25450.056 1.914974017970166e-06
25500.056 2.0243051116507905e-06
25550.056 1.8761923242002602e-06
25600.056 1.9496168932503056e-06
25650.056 1.766969839770041e-06
25700.056 2.1274416129489894e-06
25750.056 1.6626537345802738e-06
25800.056 2.043667042730488e-06
25850.056 1.8715439982697708e-06
25900.056 2.0444338447705232e-06
25950.056 1.845310767160009e-06
26000.056 1.9917245072706177e-06
26050.056 2.2244476536502005e-06
26100.056 2.0794451714103684e-06
26150.056 2.1254158237491828e-06
26200.056 2.0062151068402015e-06
26250.056 2.0050058427108073e-06
26300.056 2.07004463856013e-06
26350.056 1.9877945336596526e-06
26400.056 2.073348138409246e-06
26450.056 2.041870647740344e-06
26500.056 2.134372699969036e-06
26550.056 2.1402883227093133e-06
26600.056 2.4349519491292073e-06
26650.056 1.9988818226395674e-06
26700.056 2.0084487036998502e-06
26750.056 1.9073958776790688e-06
26800.056 2.0686533105691625e-06
26850.056 1.8007889964301338e-06
26900.056 2.186983921740196e-06
26950.056 1.5936135966901083e-06
27000.056 2.0692577540107773e-06
27050.056 1.7717938632197904e-06
27100.056 1.7853512073897008e-06
27150.056 1.872308476059852e-06
27200.056 1.861641381930657e-06
27250.056 1.7317777653210384e-06
27300.056 1.8834899334898703e-06
27350.056 1.8803847497691843e-06
27400.056 1.6576369585800673e-06
27450.056 2.0336198092389976e-06
27500.056 1.858373083259963e-06
27550.056 1.8448951295000553e-06
27600.056 2.039416114569596e-06
27650.056 1.65543441173971e-06
27700.056 1.6655271173402993e-06
27750.056 2.0441365968285268e-06
27800.056 1.5410356528097507e-06
27850.056 1.7403967490088736e-06
27900.056 1.7522829285902592e-06
27950.056 1.9564109843097265e-06
28000.056 1.9140995400506005e-06
28050.056 1.5319670471804084e-06
28100.056 2.051986373961093e-06
28150.056 1.6915339603600641e-06
28200.056 1.476574850390181e-06
28250.056 1.7793470159600858e-06
28300.056 2.0193850834504274e-06
28350.056 1.7336417005192438e-06
28400.056 1.728431622589964e-06
28450.056 1.7341058958795672e-06
28500.056 1.8034419123796209e-06
28550.056 1.443910782739413e-06
28600.056 2.0134571260601067e-06
28650.056 1.910965772629636e-06
28700.056 1.733786838549414e-06
28750.056 1.9052493197598852e-06
28800.056 1.8240845271904256e-06
