galfind/configs/Brown_Dwarf_templates/sonora_bobcat/m+0.5/100g/sp_t2300g100nc_m+0.5_resample.dat
# %ECSV 1.0
# ---
# datatype:
# - {name: wav, unit: Angstrom, datatype: float64}
# - {name: flux_nu, unit: erg / (cm2 Hz s), datatype: float64}
# meta: {C/O: '1.00', Kzz: '1.0000E+05', Teff: '2300.', Y: '0.28', '[Fe/H]': '0.50', f_hole: '1.00', f_rain: '0.00', grav: '100.'}
# schema: astropy-2.0
wav flux_nu
4000.0559999999996 nan
4050.0559999999996 2.331692390981156e-08
4100.056 2.1827677458901654e-08
4150.056 1.708442122057229e-08
4200.056 1.2802689812474973e-08
4250.056 1.1129745959244379e-08
4300.056 7.295846797662465e-09
4350.056 7.815231373809662e-09
4400.056 7.453023053862153e-09
4450.056 4.105629628890281e-09
4500.056 4.67153617117061e-09
4550.056 5.880757849268121e-09
4600.056 4.752979092148937e-09
4650.056 3.5048391575705917e-09
4700.056 4.2768995011613155e-09
4750.056 5.686316169907888e-09
4800.056 3.777323845110607e-09
4850.056 4.847894316811812e-09
4900.056 1.063300788582813e-08
4950.056 1.283686452710068e-08
5000.056 6.123125930320403e-09
5050.056 8.293988821433042e-09
5100.056 1.9497876836523873e-08
5150.056 2.313626318810687e-08
5200.056 1.0814375403361206e-08
5250.056 1.4053500098808318e-08
5300.056 1.7249613033901125e-08
5350.056 1.5946391031402792e-08
5400.056 1.8210200232799425e-08
5450.056 1.430128306539734e-08
5500.056 1.1407577859797919e-08
5550.056 1.6459557534498563e-08
5600.056 1.1366414012400478e-08
5650.056 9.167222392701314e-09
5700.056 1.3138741172501613e-08
5750.056 1.5455765835798373e-08
5800.056 2.0410962956299183e-08
5850.056 1.452009557380152e-08
5900.056 3.5192019284979667e-09
5950.056 9.657417208900482e-09
6000.056 1.549514690709896e-08
6050.056 2.5393513580002796e-08
6100.056 3.500215841959994e-08
6150.056 3.3806332183891354e-08
6200.056 1.4183886093001354e-08
6250.056 1.4961097556902056e-08
6300.056 2.3187141762600795e-08
6350.056 3.290215770300255e-08
6400.056 4.339528064800369e-08
6450.056 5.977559151997921e-08
6500.056 5.776208934498286e-08
6550.056 7.470693139697808e-08
6600.056 5.742887631300747e-08
6650.056 4.195376784600631e-08
6700.056 3.245326686447272e-08
6750.056 3.753594530200612e-08
6800.056 4.311021178200047e-08
6850.056 5.8446433727996735e-08
6900.056 8.560578415999569e-08
6950.056 1.225061989959784e-07
7000.056 1.9158531787897778e-07
7050.056 1.7413690974302676e-07
7100.056 8.398775815599036e-08
7150.056 5.351038382501264e-08
7200.056 8.178021829199237e-08
7250.056 1.3011251596001696e-07
7300.056 2.3985471797205414e-07
7350.056 3.8100977819398424e-07
7400.056 5.294888984700224e-07
7450.056 6.114106901799219e-07
7500.056 7.00338991520012e-07
7550.056 8.008710007700336e-07
7600.056 5.485223304359668e-07
7650.056 2.2166230884947166e-07
7700.056 1.5478905089025314e-07
7750.056 2.84090592675089e-07
7800.056 3.279441178200987e-07
7850.056 3.4715183083798537e-07
7900.056 4.110569683740668e-07
7950.056 4.3902833464025037e-07
8000.056 5.316022549499149e-07
8050.056 7.74794223599878e-07
8100.056 1.0986955649602556e-06
8150.056 1.5188076188201005e-06
8200.056 1.1986118041938103e-06
8250.056 1.2554619622999513e-06
8300.056 9.922641604102776e-07
8350.056 1.0473110992203658e-06
8400.056 1.0616756431702189e-06
8450.056 5.749212233698548e-07
8500.056 5.068318196202537e-07
8550.056 6.577550129600264e-07
8600.056 8.275085928396989e-07
8650.056 1.0906508083899158e-06
8700.056 1.3157544363603035e-06
8750.056 1.6239337924300088e-06
8800.056 2.065049671810528e-06
8850.056 1.951797813860168e-06
8900.056 1.3751240855799084e-06
8950.056 1.5034928736598016e-06
9000.056 1.8287618992702602e-06
9050.056 2.0001642069093978e-06
9100.056 2.4655200061401936e-06
9150.056 2.8280638534700204e-06
9200.056 2.694052096000474e-06
9250.056 1.8069356229597557e-06
9300.056 1.5415257437100977e-06
9350.056 1.7278079465596802e-06
9400.056 1.9032579761805877e-06
9450.056 2.1063599934793896e-06
9500.056 2.499024519529746e-06
9550.056 2.8012055071606116e-06
9600.056 3.0320124497607416e-06
9650.056 3.393070317271027e-06
9700.056 3.658114361109624e-06
9750.056 2.957309583370097e-06
9800.056 3.2469491783497984e-06
9850.056 3.178767130699932e-06
9900.056 3.211250707420103e-06
9950.056 3.3301780983602226e-06
10000.056 3.3885559552497613e-06
10050.056 3.230064911590157e-06
10100.056 3.699724658291547e-06
10150.056 3.5940522121694713e-06
10200.056 3.83515298750906e-06
10250.056 3.8064242306584933e-06
10300.056 3.85851079950961e-06
10350.056 4.238317044939539e-06
10400.056 4.394757780420244e-06
10450.056 4.6903938398803715e-06
10500.056 4.710726017848921e-06
10550.056 4.811416391110565e-06
10600.056 5.050793160080609e-06
10650.056 5.270716107479235e-06
10700.056 5.5877965250401994e-06
10750.056 5.863690372710224e-06
10800.056 6.040055487699645e-06
10850.056 6.29779199090001e-06
10900.056 6.151812734799552e-06
10950.056 5.950178241898409e-06
11000.056 5.775689507100293e-06
11050.056 4.447333634879321e-06
11100.056 4.788275249451013e-06
11150.056 4.984890099739463e-06
11200.056 5.058325372040107e-06
11250.056 5.516357724699962e-06
11300.056 5.607803386290162e-06
11350.056 5.405673794649959e-06
11400.056 4.898577926720074e-06
11450.056 5.708016219798752e-06
11500.056 6.060068923999256e-06
11550.056 5.991723385470166e-06
11600.056 6.121214199828894e-06
11650.056 6.379577182060747e-06
11700.056 5.865385494489712e-06
11750.056 5.910602351429646e-06
11800.056 5.903182648680067e-06
11850.056 6.442103724500167e-06
11900.056 6.4986216799987386e-06
11950.056 6.609082262899668e-06
12000.056 6.534575423900477e-06
12050.056 6.839178986000699e-06
12100.056 6.905752528600112e-06
12150.056 7.222137292299917e-06
12200.056 7.404679469599969e-06
12250.056 7.63287040519927e-06
12300.056 7.746741685300992e-06
12350.056 7.861237344800538e-06
12400.056 7.5512435264992755e-06
12450.056 6.756532125439961e-06
12500.056 7.204512017798968e-06
12550.056 7.2084814952999445e-06
12600.056 7.255330509300041e-06
12650.056 7.5746053569994445e-06
12700.056 7.739749417099292e-06
12750.056 7.77295566380052e-06
12800.056 8.159178758999017e-06
12850.056 8.131836542700105e-06
12900.056 8.12550774959966e-06
12950.056 8.365334827298607e-06
13000.056 8.50288343029922e-06
13050.056 8.57501270509957e-06
13100.056 8.521761146799035e-06
13150.056 8.580735599199738e-06
13200.056 8.389560938299439e-06
13250.056 8.090422643960162e-06
13300.056 7.395652867788873e-06
13350.056 5.524358589140655e-06
13400.056 5.380080632909887e-06
13450.056 4.961340133419704e-06
13500.056 4.999264939709556e-06
13550.056 4.82419519074229e-06
13600.056 4.439165839899948e-06
13650.056 4.635343689870042e-06
13700.056 4.325181510870266e-06
13750.056 4.354637272519096e-06
13800.056 4.710373818861145e-06
13850.056 4.731333182159449e-06
13900.056 4.6018704517400396e-06
13950.056 4.445226555969772e-06
14000.056 4.230029651530187e-06
14050.056 4.294579404281198e-06
14100.056 4.010633939530675e-06
14150.056 3.9549975349504175e-06
14200.056 3.8070188840805804e-06
14250.056 3.7847454345390977e-06
14300.056 3.817017527319344e-06
14350.056 3.848520423390385e-06
14400.056 3.970686974290263e-06
14450.056 4.145275339340249e-06
14500.056 4.336340699589573e-06
14550.056 4.347540080880004e-06
14600.056 4.454950338901056e-06
14650.056 4.401047089648689e-06
14700.056 4.1693416583694175e-06
14750.056 4.337058900500519e-06
14800.056 4.378373789560837e-06
14850.056 4.605839603679099e-06
14900.056 4.635378224189695e-06
14950.056 4.668138746240764e-06
15000.056 4.750665322000703e-06
15050.056 5.064042152909203e-06
15100.056 5.035657603400718e-06
15150.056 5.178060902440295e-06
15200.056 5.3289347455996875e-06
15250.056 5.3151258709997456e-06
15300.056 5.513038725799967e-06
15350.056 5.620261375500281e-06
15400.056 5.714025710500056e-06
15450.056 5.888259427300429e-06
15500.056 5.957571554299127e-06
15550.056 6.174012448799785e-06
15600.056 6.165215114400742e-06
15650.056 6.3435874291999326e-06
15700.056 6.622812367401845e-06
15750.056 6.779634512499464e-06
15800.056 6.8638620139007854e-06
15850.056 6.8711162725003965e-06
15900.056 6.9827673640007726e-06
15950.056 7.134503111799926e-06
16000.056 7.246762598399443e-06
16050.056 7.442241058500215e-06
16100.056 7.544732764800241e-06
16150.056 7.607703541800378e-06
16200.056 7.743301427399476e-06
16250.056 7.85054777379996e-06
16300.056 7.911830301100085e-06
16350.056 8.178666320499487e-06
16400.056 8.190769937401286e-06
16450.056 8.365262458400457e-06
16500.056 8.483379860300863e-06
16550.056 8.729547414399447e-06
16600.056 8.554865905500693e-06
16650.056 9.011063564800778e-06
16700.056 8.879456109298697e-06
16750.056 9.02889432719928e-06
16800.056 9.179090788800441e-06
16850.056 9.157129128399492e-06
16900.056 9.063562583599777e-06
16950.056 8.99104520939953e-06
17000.056 8.916731930301158e-06
17050.056 8.810247581400392e-06
17100.056 8.465763486599777e-06
17150.056 8.288861518999563e-06
17200.056 7.89433744039982e-06
17250.056 7.704394783099853e-06
17300.056 7.8502946823993e-06
17350.056 7.518078208299623e-06
17400.056 7.694169075540272e-06
17450.056 7.307139142247209e-06
17500.056 7.120947701609091e-06
17550.056 7.068312905980165e-06
17600.056 6.876396161230452e-06
17650.056 6.950783865318576e-06
17700.056 6.427750108428834e-06
17750.056 6.216631453720238e-06
17800.056 6.1340217783714266e-06
17850.056 6.003966547300843e-06
17900.056 5.958579149350025e-06
17950.056 5.81092293733914e-06
18000.056 5.5070074216604575e-06
18050.056 5.555322615642453e-06
18100.056 5.3787925780602054e-06
18150.056 5.7078823955418535e-06
18200.056 5.164420984549932e-06
18250.056 5.582539368248985e-06
18300.056 5.450848380599355e-06
18350.056 5.298040835700328e-06
18400.056 5.194905844770022e-06
18450.056 4.85605175387238e-06
18500.056 4.924670939270843e-06
18550.056 4.7846195120600415e-06
18600.056 4.2188750282078034e-06
18650.056 4.732533893131029e-06
18700.056 4.965510115430613e-06
18750.056 4.773727441142304e-06
18800.056 4.79117163776201e-06
18850.056 5.298344919869488e-06
18900.056 5.143118941498411e-06
18950.056 5.106026903529607e-06
19000.056 5.372985349358964e-06
19050.056 5.279789782030108e-06
19100.056 5.30256595332183e-06
19150.056 5.486698588889698e-06
19200.056 5.470981477021333e-06
19250.056 5.274440975718722e-06
19300.056 5.4261023326594185e-06
19350.056 5.570592914589559e-06
19400.056 5.3166827176886684e-06
19450.056 5.52224668258097e-06
19500.056 5.561231345579456e-06
19550.056 5.173694675601015e-06
19600.056 5.639478067309197e-06
19650.056 5.516821951797252e-06
19700.056 5.580653662410484e-06
19750.056 5.3431487939802196e-06
19800.056 5.506619946049304e-06
19850.056 5.4182078972117585e-06
19900.056 5.183009136511939e-06
19950.056 5.571639648579799e-06
20000.056 5.078582270900883e-06
20050.056 5.280186047111434e-06
20100.056 5.396303328546933e-06
20150.056 5.268210904381278e-06
20200.056 5.361593902978443e-06
20250.056 5.528305943840379e-06
20300.056 5.503930931000542e-06
20350.056 5.505136041289588e-06
20400.056 5.463915521797486e-06
20450.056 5.70200382029967e-06
20500.056 5.635124857000182e-06
20550.056 5.745773296499546e-06
20600.056 5.942392212500635e-06
20650.056 5.7907451091012115e-06
20700.056 5.969823161399915e-06
20750.056 5.984027623199153e-06
20800.056 6.149123365700295e-06
20850.056 6.151523139600021e-06
20900.056 6.317136061199837e-06
20950.056 6.365227225299662e-06
21000.056 6.5743290161995365e-06
21050.056 6.570159533500279e-06
21100.056 6.6281293469000475e-06
21150.056 6.8750222704003585e-06
21200.056 6.847522900200572e-06
21250.056 7.059222143899242e-06
21300.056 6.907433914899799e-06
21350.056 7.228226849500443e-06
21400.056 7.086848542700374e-06
21450.056 7.557512589600116e-06
21500.056 7.2918331808002995e-06
21550.056 7.443476459499579e-06
21600.056 7.6145455907005844e-06
21650.056 7.6142245019005025e-06
21700.056 7.82440465139957e-06
21750.056 7.749760545899941e-06
21800.056 7.764508072299842e-06
21850.056 7.863960109199842e-06
21900.056 8.004209122100709e-06
21950.056 7.947388356800498e-06
22000.056 8.194972037199433e-06
22050.056 7.996568290199286e-06
22100.056 8.179000407499729e-06
22150.056 8.28096079410065e-06
22200.056 8.133278290901333e-06
22250.056 8.502494308600402e-06
22300.056 8.425104705399551e-06
22350.056 8.310789814800355e-06
22400.056 8.606912035900179e-06
22450.056 8.535040675899073e-06
22500.056 8.64616533009973e-06
22550.056 8.592177118298814e-06
22600.056 8.55985175499959e-06
22650.056 8.642626871701459e-06
22700.056 8.618595976301402e-06
22750.056 8.812830877699328e-06
22800.056 8.616443025499988e-06
22850.056 8.720654118200726e-06
22900.056 8.89524154649922e-06
22950.056 7.349798646270862e-06
23000.056 8.02218529001054e-06
23050.056 8.187743269378567e-06
23100.056 7.989121696160267e-06
23150.056 8.078548979221014e-06
23200.056 8.125668932630089e-06
23250.056 7.09406596435804e-06
23300.056 7.518944036600481e-06
23350.056 7.591208120429813e-06
23400.056 7.460311191880278e-06
23450.056 7.614838926940019e-06
23500.056 7.333249993598394e-06
23550.056 6.735744327282376e-06
23600.056 6.957922250171603e-06
23650.056 7.3119988306187786e-06
23700.056 7.263795752068131e-06
23750.056 7.194015740320497e-06
23800.056 7.116662666001207e-06
23850.056 6.216423482010472e-06
23900.056 6.607886934719366e-06
23950.056 6.747463461002019e-06
24000.056 6.471064347369094e-06
24050.056 6.317491279671391e-06
24100.056 5.944236067678159e-06
24150.056 5.808544539360708e-06
24200.056 5.8951967545384645e-06
24250.056 5.844583470190916e-06
24300.056 5.529716481300247e-06
24350.056 5.388114710179958e-06
24400.056 5.697835364859706e-06
24450.056 5.379472257140243e-06
24500.056 5.009044684220287e-06
24550.056 4.995227010909465e-06
24600.056 4.9388407114110405e-06
24650.056 5.2863229488395015e-06
24700.056 4.742674907979922e-06
24750.056 4.570811881031199e-06
24800.056 4.450102396440379e-06
24850.056 4.888843477940433e-06
24900.056 4.25201258485242e-06
24950.056 4.885105477779384e-06
25000.056 4.406454081640343e-06
25050.056 3.987359078980819e-06
25100.056 4.4257470069197485e-06
25150.056 4.030824848910593e-06
25200.056 4.246296855029165e-06
25250.056 4.173581442568796e-06
25300.056 4.18946452443051e-06
25350.056 3.8960452856298735e-06
25400.056 3.984917491481596e-06
25450.056 3.901506786100357e-06
25500.056 4.0355177531414885e-06
25550.056 3.8125987948899e-06
25600.056 3.918844567820081e-06
25650.056 3.679285001179733e-06
25700.056 4.133823084858143e-06
25750.056 3.5746584134708894e-06
25800.056 3.983163918240534e-06
25850.056 3.8382097932395394e-06
25900.056 3.995386259611131e-06
25950.056 3.816079051690966e-06
26000.056 3.8417985096607626e-06
26050.056 4.289137816980271e-06
26100.056 4.007624309801132e-06
26150.056 4.08751288233899e-06
26200.056 3.860161210790386e-06
26250.056 3.898137748071189e-06
26300.056 3.997828750339817e-06
26350.056 3.813659089369402e-06
26400.056 3.920642944319258e-06
26450.056 3.857595925270437e-06
26500.056 3.999095623888694e-06
26550.056 4.144200178358986e-06
26600.056 4.4862609515188315e-06
26650.056 4.0159746417288795e-06
26700.056 4.0482577472193875e-06
26750.056 3.989340232618526e-06
26800.056 4.130195392188629e-06
26850.056 3.959259927230678e-06
26900.056 4.351881666000023e-06
26950.056 3.4522029785704735e-06
27000.056 4.164530345401135e-06
27050.056 3.7932112111290883e-06
27100.056 3.7580600621696224e-06
27150.056 3.867826620279667e-06
27200.056 3.837179643270886e-06
27250.056 3.5986229263819315e-06
27300.056 3.7004392498101304e-06
27350.056 3.7276383002486352e-06
27400.056 3.4590025075202075e-06
27450.056 3.873757623708549e-06
27500.056 3.6269327632704414e-06
27550.056 3.704062933560033e-06
27600.056 3.794756783769554e-06
27650.056 3.3819020522396714e-06
27700.056 3.4619609532406596e-06
27750.056 3.859986256857685e-06
27800.056 3.221897906070081e-06
27850.056 3.4717068855687585e-06
27900.056 3.4305817636100232e-06
27950.056 3.7338291720695517e-06
28000.056 3.681715860170847e-06
28050.056 3.183960207250515e-06
28100.056 3.832585087712097e-06
28150.056 3.3198748074102616e-06
28200.056 3.0045523067402784e-06
28250.056 3.3752158195898536e-06
28300.056 3.7261372633510485e-06
28350.056 3.466819303198762e-06
28400.056 3.375808542690173e-06
28450.056 3.3210267971493723e-06
28500.056 3.4448542372094485e-06
28550.056 3.051416175079026e-06
28600.056 3.6757637051705606e-06
28650.056 3.59355124087958e-06
28700.056 3.3158472619792657e-06
28750.056 3.519142212539648e-06
28800.056 3.476296055830537e-06
28850.056 3.561263875000118e-06
28900.056 3.23943953363048e-06
28950.056 3.8762278396292414e-06
