galfind/configs/Brown_Dwarf_templates/sonora_bobcat/m+0.5/100g/sp_t225g100nc_m+0.5_resample.dat
# %ECSV 1.0
# ---
# datatype:
# - {name: wav, unit: Angstrom, datatype: float64}
# - {name: flux_nu, unit: erg / (cm2 Hz s), datatype: float64}
# meta: {C/O: '1.00', Kzz: '1.0000E+05', Teff: '225.', Y: '0.28', '[Fe/H]': '0.50', f_hole: '1.00', f_rain: '0.00', grav: '100.'}
# schema: astropy-2.0
wav flux_nu
4000.0559999999996 nan
4050.0559999999996 1.0141081438740186e-19
4100.056 1.7055992111300217e-18
4150.056 6.561618320000047e-18
4200.056 8.947711076300042e-18
4250.056 3.7206878330000235e-17
4300.056 7.784583111700023e-17
4350.056 1.4019880292000057e-16
4400.056 2.2056232172999985e-16
4450.056 3.168341251299992e-16
4500.056 5.464861595500017e-16
4550.056 8.171548603800019e-16
4600.056 9.388265526900006e-16
4650.056 1.0268090763199998e-15
4700.056 9.591844280100017e-16
4750.056 8.624221430000021e-16
4800.056 7.963943465999992e-16
4850.056 5.848586258099975e-16
4900.056 4.512378696699996e-16
4950.056 3.692215635500002e-16
5000.056 2.3286606132799867e-16
5050.056 1.2755885657099993e-16
5100.056 1.534170330360032e-16
5150.056 2.225682840699999e-16
5200.056 2.9710807985000156e-16
5250.056 3.4301828447000056e-16
5300.056 3.920050605000011e-16
5350.056 4.454360384100005e-16
5400.056 4.425280824400009e-16
5450.056 4.956844581000077e-16
5500.056 6.034540377200007e-16
5550.056 7.416813075e-16
5600.056 8.577237587200014e-16
5650.056 9.39063238449999e-16
5700.056 8.195613843400022e-16
5750.056 8.819118035800029e-16
5800.056 8.587115243999973e-16
5850.056 5.773789601799884e-16
5900.056 8.308186523090955e-17
5950.056 6.366204086120318e-16
6000.056 1.490364540550976e-15
6050.056 3.8007659565000336e-15
6100.056 7.59396389920009e-15
6150.056 1.2556693525000087e-14
6200.056 1.87985166530001e-14
6250.056 2.2273733090999866e-14
6300.056 3.051353282469986e-14
6350.056 4.0418901767999664e-14
6400.056 5.065122635299996e-14
6450.056 3.690441616159875e-14
6500.056 4.0944398552760987e-14
6550.056 5.979768364419644e-14
6600.056 9.846709257870233e-14
6650.056 1.8209845000300266e-13
6700.056 2.934516368400026e-13
6750.056 4.572144149100037e-13
6800.056 5.136930016900024e-13
6850.056 4.659047325899989e-13
6900.056 2.4528891266864734e-13
6950.056 6.351879953099135e-14
7000.056 8.33648304897226e-14
7050.056 6.884650653494415e-14
7100.056 8.212025644429771e-14
7150.056 3.4682205936291786e-14
7200.056 5.265020495387565e-15
7250.056 5.698208953604673e-15
7300.056 8.354766901389178e-15
7350.056 2.0040333982277144e-14
7400.056 5.099982532275078e-14
7450.056 1.777428763120137e-13
7500.056 3.7943990980700194e-13
7550.056 6.242757516300034e-13
7600.056 8.268612837100026e-13
7650.056 6.582707355399952e-13
7700.056 7.426321994200068e-13
7750.056 1.2911839240000077e-12
7800.056 1.2765505821099893e-12
7850.056 8.561439897399681e-13
7900.056 7.669123355800144e-13
7950.056 1.055262666218681e-12
8000.056 6.970501355799937e-13
8050.056 7.010966485240062e-13
8100.056 1.4096238725050352e-13
8150.056 1.0854155087891965e-14
8200.056 8.643110987652699e-14
8250.056 1.1834078616532228e-13
8300.056 5.699502913641128e-14
8350.056 6.292067494149268e-14
8400.056 1.0687880313174885e-13
8450.056 3.008316431886368e-13
8500.056 4.627077854090015e-13
8550.056 7.011727955900162e-13
8600.056 9.225432264400042e-13
8650.056 8.822243323699979e-13
8700.056 4.1723010269999536e-13
8750.056 2.449454749499958e-13
8800.056 9.409578853578918e-14
8850.056 3.080662702101679e-14
8900.056 9.665579930170123e-17
8950.056 4.901178869336494e-18
9000.056 4.909236146769458e-18
9050.056 6.628804807116333e-17
9100.056 2.0380432346072097e-16
9150.056 8.849457657441143e-16
9200.056 9.462438487000944e-15
9250.056 5.1522948560509645e-15
9300.056 2.9850486521603237e-18
9350.056 7.182574877297838e-19
9400.056 5.138665829953244e-17
9450.056 1.5858186831921218e-17
9500.056 2.36088914136421e-17
9550.056 1.8250537468402213e-17
9600.056 6.273353916369793e-17
9650.056 3.5735334699366077e-16
9700.056 5.292551986303811e-15
9750.056 1.5235051308546303e-15
9800.056 1.1361133990598435e-15
9850.056 9.342736933958019e-16
9900.056 1.1449346959339713e-15
9950.056 8.901577631592813e-16
10000.056 8.549830163205672e-16
10050.056 8.22604261929808e-16
10100.056 6.332473050017239e-16
10150.056 2.2887796205175903e-16
10200.056 1.2312144823167237e-17
10250.056 7.547866840006215e-18
10300.056 4.9886615428999565e-17
10350.056 1.2447708654783748e-17
10400.056 2.6712518853608074e-16
10450.056 8.432624523680649e-16
10500.056 5.312609741820779e-15
10550.056 3.722445630070062e-14
10600.056 1.0233466797300927e-13
10650.056 1.4687238390199958e-13
10700.056 9.9926768984392e-14
10750.056 1.2008071455055005e-13
10800.056 1.2263152717268856e-13
10850.056 9.277186576456812e-14
10900.056 5.640024491941436e-14
10950.056 2.398396530630737e-14
11000.056 7.321905250111775e-15
11050.056 2.6847765313040333e-15
11100.056 3.411958368681882e-16
11150.056 2.808970031259102e-17
11200.056 2.440422500571413e-18
11250.056 4.703541796431471e-19
11300.056 1.499315384286558e-17
11350.056 2.825151892352663e-19
11400.056 2.7751039966901475e-17
11450.056 1.0183454844836883e-17
11500.056 1.0792000744028788e-17
11550.056 1.1452773449539526e-18
11600.056 3.355540954721864e-20
11650.056 1.4709603672898193e-18
11700.056 3.331682564428998e-18
11750.056 4.880105469150024e-19
11800.056 5.027592363621664e-18
11850.056 2.2455074694839088e-18
11900.056 3.2408918869458545e-18
11950.056 9.844399981948751e-18
12000.056 1.3955080205667132e-17
12050.056 2.0862245584332757e-17
12100.056 2.650533426677022e-17
12150.056 3.610488063853429e-17
12200.056 3.182339843218557e-17
12250.056 3.677808201560866e-16
12300.056 1.5475293940503344e-15
12350.056 2.051279702820047e-15
12400.056 9.241876169416852e-15
12450.056 4.381050594082466e-14
12500.056 6.102787447631734e-14
12550.056 5.357499687765787e-14
12600.056 1.5401948966630705e-13
12650.056 6.827403098748965e-13
12700.056 7.522242514046532e-13
12750.056 1.8477394139432286e-13
12800.056 4.786435645092513e-14
12850.056 8.799098428768363e-15
12900.056 2.8238085653306328e-15
12950.056 2.0222811165439893e-15
13000.056 1.8137679745385198e-15
13050.056 8.666426729206935e-16
13100.056 4.942267314758427e-16
13150.056 1.299586231803172e-16
13200.056 2.1665727534705453e-16
13250.056 4.1782335750048756e-16
13300.056 1.321974066525757e-16
13350.056 5.634090275844267e-17
13400.056 2.751307104412952e-17
13450.056 3.0045790676795202e-18
13500.056 1.407996312253125e-19
13550.056 8.361632598982491e-21
13600.056 2.0869608352005054e-22
13650.056 2.7229196218430915e-21
13700.056 7.952514048687144e-22
13750.056 9.398543267141777e-21
13800.056 7.020701776343158e-21
13850.056 2.141668695071702e-21
13900.056 1.1418898015771907e-20
13950.056 4.5022679030601296e-21
14000.056 3.226659124365632e-20
14050.056 1.9547501405032084e-20
14100.056 4.030176876412249e-20
14150.056 6.656519021753627e-19
14200.056 5.012144421092354e-19
14250.056 1.3169584473939942e-18
14300.056 5.2076143111296546e-18
14350.056 4.246327092445346e-18
14400.056 3.891222301440549e-18
14450.056 1.002760529232648e-17
14500.056 3.788513802732536e-17
14550.056 1.362566692052882e-16
14600.056 9.110969618305137e-17
14650.056 1.533232197682316e-17
14700.056 4.7332154947130855e-18
14750.056 3.9013082394338686e-19
14800.056 1.0144968340498343e-18
14850.056 7.520579119627168e-19
14900.056 4.481755276934175e-19
14950.056 1.2645738116792707e-19
15000.056 6.684297794049208e-19
15050.056 4.978513731359256e-18
15100.056 3.0300703308243893e-19
15150.056 3.05236916001127e-20
15200.056 2.2107809720764647e-18
15250.056 4.2469693009692404e-18
15300.056 9.885487577300832e-18
15350.056 4.1934886715657246e-17
15400.056 2.182453545770761e-17
15450.056 5.492907438817022e-17
15500.056 8.844852924428953e-17
15550.056 9.125209815059058e-16
15600.056 2.659145079475391e-15
15650.056 1.0072505547615842e-14
15700.056 3.9453512778272086e-14
15750.056 7.121825833052618e-14
15800.056 9.86891579735627e-14
15850.056 1.7003818244326373e-13
15900.056 2.8354600573494063e-13
15950.056 5.271965105533746e-13
16000.056 5.649258559605845e-13
16050.056 3.261924113080881e-13
16100.056 1.304774773100542e-13
16150.056 3.814845873149244e-14
16200.056 8.09360325951289e-15
16250.056 1.7546265523447239e-15
16300.056 2.538027933347758e-16
16350.056 2.5004712068387803e-16
16400.056 3.5820520953982103e-16
16450.056 3.1523563309598024e-16
16500.056 2.9590623602723406e-16
16550.056 2.338679991674186e-16
16600.056 2.1395169572445884e-15
16650.056 3.943739712633377e-16
16700.056 6.473599010176661e-17
16750.056 1.4008580394269773e-16
16800.056 5.629319841376806e-16
16850.056 4.890610506847395e-16
16900.056 5.141158069399109e-17
16950.056 2.1786652351191862e-17
17000.056 5.7658010334925096e-18
17050.056 7.77411359877688e-18
17100.056 8.296260595727272e-17
17150.056 2.0659874662773473e-17
17200.056 3.0163177521792086e-16
17250.056 1.1723517363993965e-17
17300.056 2.0135172301466402e-17
17350.056 5.1923939996834474e-17
17400.056 2.2303897455351736e-16
17450.056 3.216617049870291e-16
17500.056 1.0270915462068525e-15
17550.056 9.343504336221067e-16
17600.056 1.012021847633457e-15
17650.056 2.5913016403467727e-16
17700.056 1.9864726247958804e-16
17750.056 1.373657876134605e-16
17800.056 2.606310375528073e-15
17850.056 1.3607200392851416e-16
17900.056 1.1427655166770418e-16
17950.056 1.0700691944096523e-16
18000.056 1.7730235562726205e-16
18050.056 1.5652203578596828e-16
18100.056 2.0392045767398991e-16
18150.056 4.84640642488869e-17
18200.056 4.5580913351469943e-17
18250.056 4.066228483869989e-16
18300.056 1.4076479585979704e-17
18350.056 1.0928907456085736e-17
18400.056 3.377317591746239e-18
18450.056 5.964891134538923e-17
18500.056 3.5793709512094426e-17
18550.056 1.7195991337882462e-17
18600.056 8.398153224511112e-17
18650.056 1.0299724285338939e-16
18700.056 5.3142887277406055e-18
18750.056 7.345475630242272e-18
18800.056 2.8637677775605125e-16
18850.056 1.5648559263601767e-16
18900.056 4.883456176369694e-16
18950.056 4.3389683336510233e-16
19000.056 2.879300406572185e-17
19050.056 1.3111881907673897e-17
19100.056 6.189209373761996e-17
19150.056 2.756082860428083e-17
19200.056 7.862133234661495e-17
19250.056 4.762862084312962e-17
19300.056 1.859645548398944e-17
19350.056 1.8290314320795607e-17
19400.056 9.635792209906177e-18
19450.056 6.884771084000706e-18
19500.056 3.204332162027791e-18
19550.056 2.6796311402678347e-17
19600.056 9.47074822961051e-17
19650.056 4.6045571908999566e-17
19700.056 1.1583366202161577e-16
19750.056 3.4304476745786544e-16
19800.056 1.057160697756916e-16
19850.056 1.4858192626358326e-16
19900.056 3.8491068155501036e-16
19950.056 5.948563745743678e-16
20000.056 7.33431681049712e-16
20050.056 5.488947811960726e-16
20100.056 7.525794696871243e-16
20150.056 6.028840096810675e-16
20200.056 2.406059589888842e-16
20250.056 1.6950034298327078e-15
20300.056 3.551916623956578e-15
20350.056 5.331216216055779e-15
20400.056 3.037415509052353e-15
20450.056 7.725295371085361e-15
20500.056 9.068429667313605e-15
20550.056 1.0866915935152859e-14
20600.056 1.2444644871178468e-14
20650.056 1.567259382208269e-14
20700.056 1.8149963770285292e-14
20750.056 2.0714481842167886e-14
20800.056 1.8209221029486315e-14
20850.056 2.3799569636400404e-14
20900.056 2.5673778202200285e-14
20950.056 2.3206459808899704e-14
21000.056 2.1492563170800005e-14
21050.056 2.3523190302999338e-14
21100.056 2.2608332749799837e-14
21150.056 2.3146294300401138e-14
21200.056 2.1873229121601497e-14
21250.056 2.2360965665997206e-14
21300.056 1.9329248916551363e-14
21350.056 1.9809501249534177e-14
21400.056 2.1544068929024485e-14
21450.056 1.4906330728547432e-14
21500.056 1.1019836611905785e-14
21550.056 1.390225850255135e-14
21600.056 1.1297576265255832e-14
21650.056 5.665275631482988e-15
21700.056 2.300639222515318e-15
21750.056 4.3670218398520185e-15
21800.056 2.7714616428281424e-15
21850.056 3.1080063615581195e-15
21900.056 1.7617252030807105e-15
21950.056 2.781810468830903e-16
22000.056 3.774752631295007e-18
22050.056 1.424487121476954e-17
22100.056 8.624303977103207e-17
22150.056 3.0352336945957565e-17
22200.056 2.2077692084257557e-17
22250.056 1.5395334687036754e-17
22300.056 1.4543653410628455e-18
22350.056 7.106519288783795e-18
22400.056 1.3656337556708988e-18
22450.056 3.839532583063279e-18
22500.056 2.8158141728339714e-18
22550.056 2.476780913099097e-19
22600.056 1.2509792632747279e-19
22650.056 1.5630542347156038e-19
22700.056 3.214463047546801e-19
22750.056 1.3593791612979372e-18
22800.056 2.2209833492467566e-18
22850.056 1.2753828503682168e-18
22900.056 6.145707375480014e-19
22950.056 1.6670435132054694e-19
23000.056 2.954109303412384e-19
23050.056 6.70358926624866e-20
23100.056 4.112490597465313e-17
23150.056 7.237890279954642e-17
23200.056 1.1101958897790242e-19
23250.056 3.2461030347385243e-18
23300.056 9.585650194393296e-19
23350.056 3.558329362528411e-18
23400.056 5.102890133162809e-18
23450.056 3.5187137741764065e-19
23500.056 4.877455270417258e-19
23550.056 2.1283004189154237e-18
23600.056 1.6143631445999282e-17
23650.056 4.4462478823914834e-17
23700.056 6.966408849131615e-19
23750.056 1.8862651092640923e-18
23800.056 4.054002405221118e-17
23850.056 1.0687744590252949e-17
23900.056 5.696947708828901e-17
23950.056 8.48897515095453e-18
24000.056 1.2783957985280477e-16
24050.056 1.3403034133927306e-16
24100.056 7.528855799502096e-16
24150.056 8.804221784111247e-16
24200.056 2.413839681149266e-16
24250.056 1.7826361859529738e-16
24300.056 4.750149400089874e-16
24350.056 7.278266278253346e-16
24400.056 3.417526702087635e-15
24450.056 4.64627096967971e-15
24500.056 4.39301522474196e-15
24550.056 9.754341392230019e-15
24600.056 1.3950992311611901e-14
24650.056 3.5078998388059326e-14
24700.056 2.0771450851069883e-14
24750.056 3.503776332498408e-14
24800.056 2.4935842928983342e-14
24850.056 4.090732736617565e-14
24900.056 2.610485735473699e-14
24950.056 3.425079642048585e-14
25000.056 5.642115487862978e-14
25050.056 4.299556961337091e-14
25100.056 5.019877407624617e-14
25150.056 1.9377522376016858e-14
25200.056 2.8326120710394264e-14
25250.056 1.3224870515492865e-14
25300.056 9.112447023038275e-15
25350.056 7.284808461474132e-15
25400.056 1.2933137612097325e-14
25450.056 3.821443530173935e-15
25500.056 2.768888896986797e-15
25550.056 5.332734275049189e-15
25600.056 1.7456283488852619e-15
25650.056 8.420970760930299e-16
25700.056 8.959274214811223e-16
25750.056 3.2766973905533463e-16
25800.056 1.976267695384134e-15
25850.056 3.5841116055453522e-16
25900.056 2.0835579292465972e-16
25950.056 3.968251101600967e-16
26000.056 1.1429270740218548e-15
26050.056 4.522081732282446e-16
26100.056 9.580772409341924e-16
26150.056 6.706401856526772e-16
26200.056 8.730654651951664e-16
26250.056 2.492250046430346e-15
26300.056 1.2335351472154066e-15
26350.056 3.259030940018225e-15
26400.056 7.378971619484651e-15
26450.056 8.295064905965814e-15
26500.056 1.4297540129052057e-14
26550.056 3.0412139442820502e-15
26600.056 3.581684506101417e-15
26650.056 1.2642387373219709e-15
26700.056 1.6431208974216012e-15
26750.056 2.1623205619450887e-15
26800.056 5.382471563994472e-15
26850.056 3.818235588604357e-15
26900.056 8.614025975220267e-15
26950.056 3.281818744282825e-15
27000.056 9.45475940666327e-15
27050.056 1.5537715345328806e-14
27100.056 2.957994895066894e-15
27150.056 1.3909121854218768e-14
27200.056 3.916188941563445e-15
27250.056 7.783032692400773e-15
27300.056 3.0731842776391225e-14
27350.056 1.613674835242106e-14
27400.056 3.943762854201902e-15
27450.056 2.245098132846272e-14
27500.056 2.4858841444979594e-14
27550.056 1.035672809435668e-14
27600.056 2.0970752440810515e-14
27650.056 9.985726889812202e-15
27700.056 1.1701384282095465e-14
27750.056 2.8913933359555965e-14
27800.056 1.5051053942408868e-14
27850.056 2.2774461753225867e-14
27900.056 2.30075263498049e-14
27950.056 2.8996429242116364e-14
28000.056 4.443786047188252e-14
28050.056 6.885303182718855e-15
28100.056 3.1928437296226414e-14
28150.056 2.922034715674107e-14
28200.056 7.984931325535582e-15
28250.056 2.5478783908019743e-14
28300.056 1.8002084504642114e-14
28350.056 4.407940339315363e-15
28400.056 1.5574526714531054e-14
28450.056 1.0307303771136518e-14
28500.056 6.4296773617162076e-15
28550.056 7.251578781605339e-15
28600.056 1.900233445496702e-14
28650.056 4.6871506433125535e-15
28700.056 1.613328228053684e-14
28750.056 1.5058546646730985e-14
28800.056 2.7175177424633874e-15
