galfind/configs/Brown_Dwarf_templates/sonora_bobcat/m+0.5/100g/sp_t1800g100nc_m+0.5_resample.dat
# %ECSV 1.0
# ---
# datatype:
# - {name: wav, unit: Angstrom, datatype: float64}
# - {name: flux_nu, unit: erg / (cm2 Hz s), datatype: float64}
# meta: {C/O: '1.00', Kzz: '1.0000E+05', Teff: '1800.', Y: '0.28', '[Fe/H]': '0.50', f_hole: '1.00', f_rain: '0.00', grav: '100.'}
# schema: astropy-2.0
wav flux_nu
[from data line 497]
28850.056 1.1986203723792002e-06
28900.056 9.360324324350699e-07
28950.056 1.3429889423698949e-06
29000.056 1.07427332211963e-06
29050.056 1.107031544519754e-06
29100.056 9.167398618800934e-07
29150.056 1.1967172040702932e-06
29200.056 1.062563839925373e-06
29250.056 1.2344979879650755e-06
29300.056 1.0023697694073714e-06
29350.056 1.4047942332396881e-06
29400.056 1.1079779537537894e-06
29450.056 1.1494114053799507e-06
29500.056 1.214325598149847e-06
29550.056 1.1574480601000943e-06
29600.056 1.2434381075498407e-06
29650.056 1.2177080537699052e-06
29700.056 1.045310247919799e-06
29750.056 1.3731945222608424e-06
29800.056 1.3503170030599506e-06
29850.056 1.3106510168398367e-06
29900.056 1.1706419921203258e-06
29950.056 1.3964634876297668e-06
30000.056 1.3918075353896335e-06
30050.056 1.2963828400298539e-06
30100.056 1.0496863386696783e-06
30150.056 1.6487728864598475e-06
30200.056 1.4316946616101521e-06
30250.056 1.4188220302505036e-06
30300.056 1.434725495529802e-06
30350.056 1.3068069549102059e-06
30400.056 1.650272327690385e-06
30450.056 1.3044195029201177e-06
30500.056 1.2063199192502156e-06
30550.056 1.7053615022904284e-06
30600.056 1.639402251810265e-06
30650.056 1.6585093987100515e-06
30700.056 1.5401690028699554e-06
30750.056 1.46487488261005e-06
30800.056 1.7793528605404332e-06
30850.056 1.5143849171799262e-06
30900.056 1.5397349086398767e-06
30950.056 1.472030749720216e-06
31000.056 1.7343957910199268e-06
31050.056 1.4441138471199647e-06
31100.056 1.608812336829888e-06
31150.056 1.7340308155697077e-06
31200.056 1.6979322718697844e-06
31250.056 1.8497790459003456e-06
31300.056 1.645887315169808e-06
31350.056 1.686410101949987e-06
31400.056 1.6565644190604402e-06
31450.056 1.7190088096200815e-06
31500.056 1.7227583118003383e-06
31550.056 1.6140004884100129e-06
31600.056 1.70468947942984e-06
31650.056 1.8179620862799917e-06
31700.056 1.814639413049894e-06
31750.056 1.5596405005302405e-06
31800.056 1.9007201667601837e-06
31850.056 2.010312458390188e-06
31900.056 2.0259198251998606e-06
31950.056 1.484635846409807e-06
32000.056 1.6903279547704168e-06
32050.056 2.011167424770222e-06
32100.056 1.9988052970496834e-06
32150.056 2.0302696595100735e-06
32200.056 1.9335750698399192e-06
32250.056 1.8369733055402198e-06
32300.056 1.9994324422901008e-06
32350.056 2.1559062757503225e-06
32400.056 1.893476574160073e-06
32450.056 1.8852677809601633e-06
32500.056 2.0539326051002836e-06
32550.056 2.3065621876601138e-06
32600.056 2.288048063019835e-06
32650.056 2.206860303480795e-06
32700.056 2.1053962220802105e-06
32750.056 2.2029323844400517e-06
32800.056 1.993849201890141e-06
32850.056 2.4283970671897544e-06
32900.056 2.3317873996799705e-06
32950.056 1.9599351938997977e-06
33000.056 2.1338722491303012e-06
33050.056 2.222213685339776e-06
33100.056 2.3116335002192977e-06
33150.056 2.1064788838501765e-06
33200.056 1.7845389900501346e-06
33250.056 2.0360017972798166e-06
33300.056 2.1451327986902766e-06
33350.056 2.0897944177201363e-06
33400.056 1.9594032812796994e-06
33450.056 2.1439753873592876e-06
33500.056 2.294160281860307e-06
33550.056 2.169645631959803e-06
33600.056 2.2911694509606308e-06
33650.056 2.4241806398406575e-06
33700.056 2.469867441909582e-06
33750.056 2.5059537264800355e-06
33800.056 2.365885661139927e-06
33850.056 2.308679868530132e-06
33900.056 2.65300457455955e-06
33950.056 2.318726176419674e-06
34000.056 2.353063829529387e-06
34050.056 2.3632596444598555e-06
34100.056 2.590826732560381e-06
34150.056 2.512475025979676e-06
34200.056 2.359043212319443e-06
34250.056 2.685041061899706e-06
34300.056 2.395305579659393e-06
34350.056 2.5417207343998434e-06
34400.056 2.314051795129638e-06
34450.056 2.3769964687099828e-06
34500.056 2.5017533332104935e-06
34550.056 2.353831779339807e-06
34600.056 2.533930950020098e-06
34650.056 2.5497296628900323e-06
34700.056 2.4661076295793926e-06
34750.056 2.6446014378002455e-06
34800.056 2.750559762349585e-06
34850.056 2.4190690791901183e-06
34900.056 2.574357817460253e-06
34950.056 2.5166057975493732e-06
35000.056 2.450318387049659e-06
35050.056 2.8185860388405828e-06
35100.056 2.577327546469301e-06
35150.056 2.64278498335996e-06
35200.056 2.6890277397497774e-06
35250.056 2.3915175001800646e-06
35300.056 2.63692645707016e-06
35350.056 2.787903095399752e-06
35400.056 2.5436369709697733e-06
35450.056 2.4899773612904643e-06
35500.056 2.7696328103998033e-06
35550.056 2.5832113422998763e-06
35600.056 2.4309907104096794e-06
35650.056 2.8752797656803818e-06
35700.056 2.4814193107704248e-06
35750.056 2.671696505169694e-06
35800.056 2.7390341659996705e-06
35850.056 2.7337555258797846e-06
35900.056 2.9657633343995846e-06
35950.056 2.757726068000022e-06
36000.056 2.5008306035796602e-06
36050.056 2.936476749300319e-06
36100.056 2.9946545248995936e-06
36150.056 2.6853290757603587e-06
36200.056 2.9445297967595675e-06
36250.056 2.6605738677394222e-06
36300.056 3.1539380252807137e-06
36350.056 2.9477060784997016e-06
36400.056 2.8281152988999754e-06
36450.056 3.1282360071996633e-06
36500.056 2.9048840794602373e-06
36550.056 2.7922818224805174e-06
36600.056 2.8910738897802437e-06
36650.056 2.9966803406003146e-06
36700.056 3.1517935705001495e-06
36750.056 2.9228189397002684e-06
36800.056 2.994531433599695e-06
36850.056 2.9827198065004117e-06
36900.056 3.0936955312005415e-06
36950.056 3.061229715079926e-06
37000.056 3.164843985500053e-06
37050.056 3.167656552999864e-06
37100.056 3.110495114460412e-06
37150.056 3.101382161799313e-06
37200.056 3.2278615156000728e-06
37250.056 3.2670838452002557e-06
37300.056 3.294145464200638e-06
37350.056 3.0489426844004657e-06
37400.056 3.2087108775996403e-06
37450.056 3.2125691783903168e-06
37500.056 3.2633546572997333e-06
37550.056 3.188784541899389e-06
37600.056 3.3777152508995163e-06
37650.056 3.1514957259996724e-06
37700.056 3.202284181900047e-06
37750.056 3.414567695799583e-06
37800.056 3.4815954756998864e-06
37850.056 3.2770261583998524e-06
37900.056 3.3787429346002474e-06
37950.056 3.4319963199001083e-06
38000.056 3.3168018740004773e-06
38050.056 3.3829302711002125e-06
38100.056 3.2356885322002446e-06
38150.056 3.5484308348995007e-06
38200.056 3.6332768708994602e-06
38250.056 3.2725824007005436e-06
38300.056 3.2318777128999344e-06
38350.056 3.3819105957998017e-06
38400.056 3.4593372500997588e-06
38450.056 3.5461217653003264e-06
38500.056 3.4160274074998032e-06
38550.056 3.413677425100146e-06
38600.056 3.7680234905997815e-06
38650.056 3.2856186151001487e-06
38700.056 3.37366754110063e-06
38750.056 3.501602157399988e-06
38800.056 3.475176028300401e-06
38850.056 3.4180960559003453e-06
38900.056 3.339573262499835e-06
38950.056 3.5558523631996387e-06
39000.056 3.4166450805001154e-06
39050.056 3.507240747399905e-06
39100.056 3.295536308999999e-06
39150.056 3.4226771482001323e-06
39200.056 3.569295311100178e-06
39250.056 3.538360608999323e-06
39300.056 3.514449026399231e-06
39350.056 3.506895199200395e-06
39400.056 3.4369105314000827e-06
39450.056 3.4489660031997536e-06
39500.056 3.4109399975997183e-06
39550.056 3.333450556099418e-06
39600.056 3.685257574300131e-06
39650.056 3.2566388712000382e-06
39700.056 3.4214115557997936e-06
39750.056 3.3966334098795626e-06
39800.056 3.214159077500183e-06
39850.056 3.3183894526997133e-06
39900.056 3.2883621696999643e-06
39950.056 3.4780714060998584e-06
40000.056 3.121959988599807e-06
40050.056 3.001825629199937e-06
40100.056 3.251232498599823e-06
40150.056 3.0193623231994416e-06
40200.056 3.1310295447996645e-06
40250.056 3.1394036335090316e-06
40300.056 2.8659340359001972e-06
40350.056 3.1325649741004357e-06
40400.056 3.1527554981998365e-06
40450.056 2.9499117241005323e-06
40500.056 2.71570025740024e-06
40550.056 3.2007444348997588e-06
40600.056 2.7917760676603378e-06
40650.056 2.880515886800467e-06
40700.056 3.0750991721002764e-06
40750.056 2.6903560873990353e-06
40800.056 2.6747541784803793e-06
40850.056 2.541186598460612e-06
40900.056 2.5417654237004624e-06
40950.056 2.7340790161199377e-06
41000.056 2.802333850100177e-06
41050.056 2.7230737921194376e-06
41100.056 2.591542934510268e-06
41150.056 2.7705251523001438e-06
41200.056 2.5731831532499873e-06
41250.056 2.6554184890102585e-06
41300.056 2.2750109335596092e-06
41350.056 2.721022531230162e-06
41400.056 2.551642092100163e-06
41450.056 2.468200398230206e-06
41500.056 2.6789167568201135e-06
41550.056 2.5538660423500208e-06
41600.056 2.6998048604000005e-06
41650.056 2.371939722380507e-06
41700.056 2.2432710267796798e-06
41750.056 2.3014658390197958e-06
41800.056 2.2839661580896105e-06
41850.056 2.104203865270436e-06
41900.056 2.3726447237398618e-06
41950.056 1.858194543100583e-06
42000.056 2.1225552955301596e-06
42050.056 1.8809906388693044e-06
42100.056 2.1698516346003662e-06
42150.056 1.590633841799251e-06
42200.056 1.7608997248899828e-06
42250.056 1.8501923236600444e-06
42300.056 1.4638923167199813e-06
42350.056 1.8050530530205898e-06
42400.056 1.50749607621039e-06
42450.056 1.2375996034003685e-06
42500.056 1.365092409940338e-06
42550.056 1.3651311974101823e-06
42600.056 1.3827416567804748e-06
42650.056 1.110369711418964e-06
42700.056 1.3726770464605976e-06
42750.056 1.2328911826200136e-06
42800.056 1.1656015847405134e-06
42850.056 1.1781017064597098e-06
42900.056 1.183273336310032e-06
42950.056 1.094458654189341e-06
43000.056 1.0899885038000923e-06
43050.056 1.0735180270605923e-06
43100.056 1.1917810833902612e-06
43150.056 1.125995379530256e-06
43200.056 1.1730799659602227e-06
43250.056 1.1155535500898865e-06
43300.056 1.1445126008201828e-06
43350.056 1.0600445775499283e-06
43400.056 1.1218451113699726e-06
43450.056 1.1548739039705573e-06
43500.056 1.0744058579998354e-06
43550.056 1.1702121863399802e-06
43600.056 1.1453481257602083e-06
43650.056 9.994527976901568e-07
43700.056 1.0195977677696105e-06
43750.056 1.053184174740206e-06
43800.056 9.372754949602588e-07
43850.056 1.0095789361702996e-06
43900.056 1.0772312521199849e-06
43950.056 1.0072533554604725e-06
44000.056 9.691741588402737e-07
44050.056 1.0002478693501785e-06
44100.056 1.0069267266802285e-06
44150.056 1.037420542589671e-06
44200.056 9.614776940898687e-07
44250.056 9.963409458500567e-07
44300.056 9.794792854900882e-07
44350.056 9.331474234800115e-07
44400.056 1.0009741005999516e-06
44450.056 1.0321151945699957e-06
44500.056 1.0758254251600388e-06
44550.056 9.421747548297499e-07
44600.056 1.0290339459601093e-06
44650.056 1.0440087825201894e-06
44700.056 1.0016321750200798e-06
44750.056 1.0437678065698388e-06
44800.056 1.1324430259299503e-06
44850.056 1.083802742530124e-06
44900.056 1.0374773878101892e-06
44950.056 9.55350691879922e-07
45000.056 1.0949105978599005e-06
45050.056 1.0659744686898753e-06
45100.056 1.1303070246299154e-06
45150.056 1.072450577679893e-06
45200.056 9.906864643600361e-07
45250.056 1.0185463453298606e-06
45300.056 1.1073806349300767e-06
45350.056 1.1651319105199247e-06
45400.056 1.108273222630183e-06
45450.056 1.0033486529398488e-06
45500.056 1.0393732835499505e-06
45550.056 1.1643076277799313e-06
45600.056 1.0754247939299498e-06
45650.056 9.689179782097812e-07
45700.056 1.1675067057600968e-06
45750.056 1.060580682529965e-06
45800.056 1.0362877659399738e-06
45850.056 1.2397414550499657e-06
45900.056 1.2585601596700964e-06
45950.056 1.0709233504499829e-06
46000.056 1.2937062530400066e-06
46050.056 1.2707752009002376e-06
46100.056 1.0481931392301208e-06
46150.056 1.1403039496599576e-06
46200.056 1.2603536039002816e-06
46250.056 1.0111106083499609e-06
46300.056 1.3483084214099227e-06
46350.056 1.0902235559398755e-06
46400.056 1.1387361976598502e-06
46450.056 1.1742472632302474e-06
46500.056 1.0709206548599055e-06
46550.056 1.3298095104999753e-06
46600.056 1.2138867080600112e-06
46650.056 1.5743769896298945e-06
46700.056 1.4513933971904082e-06
46750.056 1.1360522977998728e-06
46800.056 1.281649442180231e-06
46850.056 1.3676331740601301e-06
46900.056 1.2801995614197313e-06
46950.056 1.4427700434901043e-06
47000.056 1.226272262689979e-06
47050.056 1.4258793708197247e-06
47100.056 1.1347141590301196e-06
47150.056 1.2688964991002444e-06
47200.056 1.3294621454303952e-06
47250.056 1.1844975639597548e-06
47300.056 1.2629343333796526e-06
47350.056 1.0359548897897463e-06
47400.056 1.3409607683296658e-06
47450.056 1.203373535629909e-06
47500.056 1.292949035549704e-06
47550.056 1.175438686369828e-06
47600.056 1.3587946902399172e-06
47650.056 9.424183684296955e-07
47700.056 1.381912738650067e-06
47750.056 9.058040108202602e-07
47800.056 1.3472833847698372e-06
47850.056 1.0075850113297612e-06
47900.056 1.3689505438600825e-06
47950.056 9.5689388543023e-07
48000.056 1.5301348539099957e-06
48050.056 1.0786016480802212e-06
48100.056 1.2123571361599634e-06
48150.056 1.0979160060101656e-06
48200.056 1.3598854783002513e-06
48250.056 1.0962648908598696e-06
48300.056 1.4999281358897293e-06
48350.056 9.72325609369891e-07
48400.056 1.356240873779983e-06
48450.056 1.0765378765600675e-06
48500.056 1.5144865533800369e-06
48550.056 1.0049550811200643e-06
48600.056 1.371753963309861e-06
48650.056 1.0324251441399648e-06
48700.056 1.3155568140800971e-06
48750.056 9.233213878201402e-07
48800.056 1.5419208549401111e-06
48850.056 1.0312969763597955e-06
48900.056 1.355805184490114e-06
48950.056 1.2337740018000527e-06
49000.056 1.2240623985998493e-06
49050.056 1.2805700778899183e-06
49100.056 1.1778372338501638e-06
49150.056 1.2524216725500625e-06
49200.056 1.2058434097799564e-06
49250.056 1.2339613067700245e-06
49300.056 1.0676220079998649e-06
49350.056 1.1443225698899921e-06
49400.056 1.3832607647501581e-06
49450.056 1.1467089270802873e-06
49500.056 1.2316145443901256e-06
49550.056 1.0533650586000032e-06
49600.056 1.1730954879303112e-06
49650.056 1.2216637770400952e-06
49700.056 1.0301564266399156e-06
49750.056 1.5942247007197196e-06
49800.056 1.1857118225500762e-06
49850.056 1.5128596146300375e-06
49900.056 1.1778928766701244e-06
49950.056 1.2850039923795881e-06
50000.056 1.2383640386796947e-06
50050.056 1.2532817174201277e-06
50100.056 1.3423824770798916e-06
50150.056 1.1384436591300452e-06
50200.056 1.0475432592601372e-06
50250.056 1.2196734372900913e-06
50300.056 1.1372681932198826e-06
50350.056 1.3367686471200192e-06
50400.056 1.1857240298000169e-06
50450.056 1.1714801100301853e-06
50500.056 1.5487087171302843e-06
50550.056 1.2285492541899104e-06
50600.056 1.3362907579300776e-06
50650.056 1.248123917210347e-06
50700.056 1.3778943202195197e-06
50750.056 1.3939536879002062e-06
50800.056 1.0511663119999098e-06
50850.056 1.2547183554902457e-06
50900.056 1.3181211180799543e-06
50950.056 1.3731064425902144e-06
51000.056 1.5699057140601565e-06
51050.056 1.160430428230206e-06
51100.056 1.1531866582898988e-06
51150.056 1.3397057943199223e-06
51200.056 1.261835756049919e-06
51250.056 1.4174431838799421e-06
51300.056 1.169172504980428e-06
51350.056 1.3264546437397048e-06
51400.056 1.2443743904696223e-06
51450.056 9.043577460898443e-07
51500.056 1.27832121073995e-06
51550.056 1.6066313063301595e-06
51600.056 1.0491667164400364e-06
51650.056 1.2725043393997664e-06
51700.056 1.1664911910996141e-06
51750.056 1.1347155303200958e-06
51800.056 1.365457269729811e-06
51850.056 1.368505712009861e-06
51900.056 1.4269837675602917e-06
51950.056 1.296621708879864e-06
52000.056 1.121808913469943e-06
52050.056 1.313082894179908e-06
52100.056 1.2355629491997143e-06
52150.056 1.2523539488101335e-06
52200.056 1.2099276856000839e-06
52250.056 1.2473559348599993e-06
52300.056 1.3270976956899845e-06
52350.056 1.4905628385002173e-06
52400.056 1.0672276652901295e-06
52450.056 1.2583950116999481e-06
52500.056 1.3939328607796738e-06
52550.056 1.269024286589562e-06
52600.056 1.3327360716901964e-06
52650.056 1.5227099626102605e-06
52700.056 1.278006706380024e-06
52750.056 1.0217649635898483e-06
52800.056 1.1734888862401343e-06
52850.056 1.1067643398898645e-06
52900.056 1.2448688191601142e-06
52950.056 1.2341428288797639e-06
53000.056 1.3984478424598588e-06
53050.056 1.241239316769749e-06
53100.056 1.1462370340296773e-06
53150.056 1.453166464910306e-06
53200.056 1.003368862150201e-06
