galfind/configs/Brown_Dwarf_templates/sonora_bobcat/m+0.5/100g/sp_t650g100nc_m+0.5_resample.dat
# %ECSV 1.0
# ---
# datatype:
# - {name: wav, unit: Angstrom, datatype: float64}
# - {name: flux_nu, unit: erg / (cm2 Hz s), datatype: float64}
# meta: {C/O: '1.00', Kzz: '1.0000E+05', Teff: '650.', Y: '0.28', '[Fe/H]': '0.50', f_hole: '1.00', f_rain: '0.00', grav: '100.'}
# schema: astropy-2.0
wav flux_nu
4000.0559999999996 nan
4050.0559999999996 2.961274775179207e-15
4100.056 3.831539826200077e-13
4150.056 3.301030922200057e-12
4200.056 2.932025805332281e-12
4250.056 1.6310511559100327e-11
4300.056 2.7751813913000692e-11
4350.056 3.699222115900087e-11
4400.056 4.727468904300046e-11
4450.056 6.338778387699978e-11
4500.056 6.785438366500115e-11
4550.056 6.803728361791495e-11
4600.056 3.352526674171983e-11
4650.056 2.1136941095999654e-11
4700.056 1.0863147094999917e-11
4750.056 2.5511453346999547e-12
4800.056 5.686560800899934e-13
4850.056 1.7671445704999832e-13
4900.056 8.549976328799949e-14
4950.056 4.722239677099969e-14
5000.056 2.253727200899979e-14
5050.056 1.2055809731600009e-14
5100.056 1.1136944074500054e-14
5150.056 1.1082309638000096e-14
5200.056 1.1152612728000023e-14
5250.056 1.1211277187999999e-14
5300.056 1.1392632051999995e-14
5350.056 1.1778715738000011e-14
5400.056 1.2278507458899987e-14
5450.056 1.2927527227000046e-14
5500.056 1.367460012100014e-14
5550.056 1.446168830400005e-14
5600.056 1.5202468503999974e-14
5650.056 1.5750210121999973e-14
5700.056 1.581322901700002e-14
5750.056 1.528771455999999e-14
5800.056 1.3642462048999981e-14
5850.056 9.89334541939986e-15
5900.056 3.4038804555240446e-15
5950.056 1.8780810238500665e-14
6000.056 3.789908385699932e-14
6050.056 6.660343460600156e-14
6100.056 1.0755977673700119e-13
6150.056 1.6482926538000138e-13
6200.056 2.4664146394000157e-13
6250.056 3.5916190293000125e-13
6300.056 5.262163144700021e-13
6350.056 7.620533213600057e-13
6400.056 1.0925752225600093e-12
6450.056 1.5095265747499614e-12
6500.056 2.164942942279984e-12
6550.056 3.1032764017400015e-12
6600.056 4.424880347400124e-12
6650.056 6.236267117900048e-12
6700.056 8.067694552940087e-12
6750.056 1.1510682478500055e-11
6800.056 1.4309544634000088e-11
6850.056 1.549132994000001e-11
6900.056 1.3783819365400296e-11
6950.056 1.1574225921399812e-11
7000.056 1.1556578007200196e-11
7050.056 1.2209060062999723e-11
7100.056 1.3191953463199807e-11
7150.056 1.2480937832270707e-11
7200.056 1.1743707220984781e-11
7250.056 1.157962855700225e-11
7300.056 1.090960418002176e-11
7350.056 1.051363667655558e-11
7400.056 1.0249924926000486e-11
7450.056 1.0016849265800454e-11
7500.056 9.633913391799846e-12
7550.056 9.05818690989992e-12
7600.056 8.299757917999971e-12
7650.056 3.1561264692848914e-12
7700.056 2.4565035212180906e-12
7750.056 9.298601036800107e-12
7800.056 1.3375077884619894e-11
7850.056 2.065366553159997e-11
7900.056 2.8659047631599424e-11
7950.056 3.3771734752280154e-11
8000.056 5.2915554288000613e-11
8050.056 7.02683748320022e-11
8100.056 8.268289051799107e-11
8150.056 1.0286185011815978e-10
8200.056 1.4564336508687606e-10
8250.056 1.7976347004511516e-10
8300.056 2.2997098457086046e-10
8350.056 2.7275672361287616e-10
8400.056 3.349173966876037e-10
8450.056 4.292189263929816e-10
8500.056 4.873569861879587e-10
8550.056 6.420480550300079e-10
8600.056 8.091278064800117e-10
8650.056 9.67903909770023e-10
8700.056 1.108334934790015e-09
8750.056 1.29608138660001e-09
8800.056 1.4478494292600496e-09
8850.056 1.4056381229999566e-09
8900.056 7.14514893007824e-10
8950.056 8.275578463175629e-10
9000.056 7.554330244642436e-10
9050.056 1.6363354911075824e-09
9100.056 1.9956566696825297e-09
9150.056 2.194780526772823e-09
9200.056 2.9550721151577316e-09
9250.056 2.9677778003142496e-09
9300.056 1.0772817447658624e-09
9350.056 1.259716488189833e-09
9400.056 1.903078831235808e-09
9450.056 2.391478076285812e-09
9500.056 2.1784711899329036e-09
9550.056 2.5487801252079085e-09
9600.056 2.4427628517462647e-09
9650.056 3.0014629867068356e-09
9700.056 3.976656094353085e-09
9750.056 4.069435027025666e-09
9800.056 4.546367836236735e-09
9850.056 5.1143571314781944e-09
9900.056 6.482386161059451e-09
9950.056 6.423431062480986e-09
10000.056 7.520311679018281e-09
10050.056 8.932308577770505e-09
10100.056 1.1356096584098533e-08
10150.056 1.3324878132998997e-08
10200.056 1.5554505767201072e-08
10250.056 1.7975316348855335e-08
10300.056 2.174149647249808e-08
10350.056 2.4982281633699966e-08
10400.056 3.121681546879999e-08
10450.056 3.580544343649423e-08
10500.056 4.048295430640049e-08
10550.056 4.5757942941001307e-08
10600.056 4.8426550776497254e-08
10650.056 5.16340624916019e-08
10700.056 5.174536909371202e-08
10750.056 5.413397142734121e-08
10800.056 5.371834841957346e-08
10850.056 4.892532907251876e-08
10900.056 3.412942639209928e-08
10950.056 1.6943587422598446e-08
11000.056 1.2886691994195395e-08
11050.056 8.772600416094348e-09
11100.056 5.6055885914183836e-09
11150.056 2.6742977637994785e-09
11200.056 1.9378220033637697e-09
11250.056 2.3221657316207527e-09
11300.056 3.0815233663364467e-09
11350.056 1.1579605533161863e-09
11400.056 2.4817475896174793e-09
11450.056 1.9688156905618776e-09
11500.056 1.2432659152365762e-09
11550.056 3.113326088814526e-10
11600.056 3.645943387356987e-10
11650.056 1.0180478355257949e-09
11700.056 1.0955930847612355e-09
11750.056 1.799751910156852e-10
11800.056 1.2147987102534426e-09
11850.056 2.3952151045921015e-09
11900.056 2.921601866309285e-09
11950.056 4.844633014466279e-09
12000.056 7.97962658294235e-09
12050.056 1.2692043986747483e-08
12100.056 1.952364538358316e-08
12150.056 2.843822457631326e-08
12200.056 3.633778748090134e-08
12250.056 4.8977380332321615e-08
12300.056 6.433226090979217e-08
12350.056 6.860905586898054e-08
12400.056 8.818099616559489e-08
12450.056 1.0089787280221062e-07
12500.056 1.0998018033800526e-07
12550.056 1.2381499945530853e-07
12600.056 1.416973511776089e-07
12650.056 1.365011324096964e-07
12700.056 1.355255938667584e-07
12750.056 1.225289813395677e-07
12800.056 1.1371981814946443e-07
12850.056 8.569893616883546e-08
12900.056 6.673541682579571e-08
12950.056 6.069915326392733e-08
13000.056 5.3058665207298656e-08
13050.056 3.9564984616269824e-08
13100.056 3.4129184037500054e-08
13150.056 2.431824110055649e-08
13200.056 1.972958741645472e-08
13250.056 1.3727876664665611e-08
13300.056 5.3442124935698905e-09
13350.056 1.4634918740302573e-09
13400.056 1.050432410404018e-09
13450.056 4.4233447210320904e-10
13500.056 2.433991504293747e-10
13550.056 1.3939744840986875e-10
13600.056 4.064513798086732e-11
13650.056 1.743385790866762e-10
13700.056 1.2600996142371082e-10
13750.056 1.2913821154633787e-10
13800.056 1.2169158630149538e-10
13850.056 9.009093998412447e-11
13900.056 1.0876925603901237e-10
13950.056 8.394630714181218e-11
14000.056 9.237698758407511e-11
14050.056 1.3595492470244315e-10
14100.056 1.5841947301492713e-10
14150.056 2.5787097600269346e-10
14200.056 1.9143174970010559e-10
14250.056 2.5589967764675505e-10
14300.056 4.741867315100087e-10
14350.056 5.370424380188209e-10
14400.056 6.378347068832922e-10
14450.056 8.053485557559209e-10
14500.056 1.605992525732278e-09
14550.056 1.949491318974245e-09
14600.056 2.6062189744802897e-09
14650.056 2.503035102119975e-09
14700.056 1.7795713626333445e-09
14750.056 1.8774176499188147e-09
14800.056 3.0700330618188593e-09
14850.056 3.6230182960892576e-09
14900.056 4.032663916236094e-09
14950.056 4.388419529189771e-09
15000.056 6.23457936051446e-09
15050.056 6.29932523875791e-09
15100.056 6.7620608201738134e-09
15150.056 7.452210365596459e-09
15200.056 8.903979031712136e-09
15250.056 1.3957927234814821e-08
15300.056 1.701452283557467e-08
15350.056 2.0254744841378777e-08
15400.056 2.4655085897076572e-08
15450.056 2.9153413141439572e-08
15500.056 3.1766478945631534e-08
15550.056 3.916653329526932e-08
15600.056 4.2791853012660244e-08
15650.056 4.91410736793811e-08
15700.056 6.022182959701744e-08
15750.056 6.654264864269294e-08
15800.056 6.575757294360975e-08
15850.056 7.04825037698076e-08
15900.056 5.923122099880218e-08
15950.056 5.0956900242489054e-08
16000.056 3.403382230690508e-08
16050.056 1.742764527705879e-08
16100.056 1.0590806209508954e-08
16150.056 5.821385438354048e-09
16200.056 3.2810874670612816e-09
16250.056 2.395395415514848e-09
16300.056 1.6146690083701482e-09
16350.056 1.8272120003588185e-09
16400.056 2.3351047435971342e-09
16450.056 2.2477887385316667e-09
16500.056 2.1937353861617267e-09
16550.056 2.2981714285121185e-09
16600.056 2.4369470935445033e-09
16650.056 1.9509955816268233e-09
16700.056 3.897315185785192e-10
16750.056 8.421730529761499e-10
16800.056 1.5732744729014575e-09
16850.056 1.8916555245687158e-09
16900.056 1.1626254287723559e-09
16950.056 7.507244819652947e-10
17000.056 4.790449803942082e-10
17050.056 9.043787308280353e-10
17100.056 1.405516800614611e-09
17150.056 8.24492667785368e-10
17200.056 2.1084873587369935e-09
17250.056 1.6665472218244259e-09
17300.056 1.0176654210197995e-09
17350.056 9.805519789457968e-10
17400.056 1.4178016570286564e-09
17450.056 1.974247751464297e-09
17500.056 2.584390584159546e-09
17550.056 2.467211546804144e-09
17600.056 1.9272467179255355e-09
17650.056 1.9372341751482788e-09
17700.056 1.374138515705428e-09
17750.056 1.4748152982654273e-09
17800.056 2.949061518727896e-09
17850.056 1.7188081706691954e-09
17900.056 1.3166068866813084e-09
17950.056 1.1182177077203043e-09
18000.056 1.5438583918112405e-09
18050.056 1.6395695565649502e-09
18100.056 2.0101194100587403e-09
18150.056 2.282149678140054e-09
18200.056 1.514658674077779e-09
18250.056 3.761513074318307e-09
18300.056 1.7961234756646176e-09
18350.056 1.3751470323378988e-09
18400.056 1.3146447349747993e-09
18450.056 2.4942783562216875e-09
18500.056 2.643231411325878e-09
18550.056 1.9258802992517598e-09
18600.056 2.0173270163828588e-09
18650.056 1.797691791970039e-09
18700.056 1.1275186018188662e-09
18750.056 2.0976491906136183e-09
18800.056 4.7254864294005075e-09
18850.056 5.282547728168135e-09
18900.056 4.767032169441822e-09
18950.056 7.813178551971896e-09
19000.056 4.031413315677556e-09
19050.056 2.699632227635481e-09
19100.056 5.405208382307786e-09
19150.056 3.249624041210809e-09
19200.056 4.670367581907352e-09
19250.056 3.29653517987002e-09
19300.056 2.602026189744217e-09
19350.056 2.206058010939263e-09
19400.056 1.8516633046441741e-09
19450.056 3.6345061940111194e-09
19500.056 3.246401653400919e-09
19550.056 2.321477511076183e-09
19600.056 4.277139998727931e-09
19650.056 4.388432315157529e-09
19700.056 4.624744234725518e-09
19750.056 6.866313865481969e-09
19800.056 6.040965603038488e-09
19850.056 8.797104303000629e-09
19900.056 7.465178789859808e-09
19950.056 1.2385215689055898e-08
20000.056 1.3067978604824382e-08
20050.056 1.273860223887001e-08
20100.056 1.8405835731821355e-08
20150.056 1.4093211902630001e-08
20200.056 1.5112630059012457e-08
20250.056 2.222234758366261e-08
20300.056 2.3525934742059036e-08
20350.056 2.7870754075516322e-08
20400.056 2.5048492447885e-08
20450.056 3.473176957228652e-08
20500.056 4.0449646724865916e-08
20550.056 4.029947877453362e-08
20600.056 4.5817135915078756e-08
20650.056 4.908103467345103e-08
20700.056 5.1604823857410905e-08
20750.056 5.6153651076595514e-08
20800.056 5.555123038171471e-08
20850.056 5.440647132500704e-08
20900.056 5.696016624142163e-08
20950.056 5.2116126651396734e-08
21000.056 4.8149345892551833e-08
21050.056 4.7704156516890486e-08
21100.056 4.1933901102956856e-08
21150.056 4.176998156458024e-08
21200.056 3.627438725357487e-08
21250.056 3.189467004743352e-08
21300.056 2.393458345731046e-08
21350.056 2.4196694597016145e-08
21400.056 2.155530567991057e-08
21450.056 1.777281728787603e-08
21500.056 1.548269918543501e-08
21550.056 1.3538772356613126e-08
21600.056 1.0715403990405863e-08
21650.056 8.367076892443973e-09
21700.056 8.055806199900097e-09
21750.056 7.3252341145869955e-09
21800.056 5.766333232394961e-09
21850.056 5.261049092847242e-09
21900.056 3.376489110023826e-09
21950.056 1.5373549278793092e-09
22000.056 4.4346003913442307e-10
22050.056 3.194438868122468e-10
22100.056 8.196647998405278e-10
22150.056 1.1956776323140187e-09
22200.056 1.3746843573054772e-09
22250.056 1.0353746050290047e-09
22300.056 7.168962265256454e-10
22350.056 7.711177632888174e-10
22400.056 4.2758599280577647e-10
22450.056 4.381966436914171e-10
22500.056 3.6104591554490193e-10
22550.056 2.737657148583272e-10
22600.056 2.578313601954162e-10
22650.056 3.604235653142129e-10
22700.056 2.817796539875211e-10
22750.056 2.897332347331487e-10
22800.056 2.7696655539972586e-10
22850.056 2.3019280407052084e-10
22900.056 1.7557610568481828e-10
22950.056 1.6947704235013625e-10
23000.056 2.4232807859235693e-10
23050.056 3.1680600182734737e-10
23100.056 8.555227308711742e-10
23150.056 1.0034814007451652e-09
23200.056 1.1549858200232532e-10
23250.056 1.9307922566256255e-10
23300.056 1.9931710443646909e-10
23350.056 2.3749598851475635e-10
23400.056 2.5953048033626965e-10
23450.056 2.0772028637847515e-10
23500.056 2.23828148950003e-10
23550.056 3.317880084515981e-10
23600.056 4.150395374698622e-10
23650.056 6.667994144992242e-10
23700.056 2.713299047275558e-10
23750.056 2.0173506686791603e-10
23800.056 3.9504097273356825e-10
23850.056 3.872540401809638e-10
23900.056 6.926708611231644e-10
23950.056 6.573554982369772e-10
24000.056 8.677630233953532e-10
24050.056 1.1910138595521469e-09
24100.056 1.123033297685979e-09
24150.056 1.4400294007189896e-09
24200.056 1.2199693818442788e-09
24250.056 9.842684133213048e-10
24300.056 1.3909615034689634e-09
24350.056 1.1915299188161825e-09
24400.056 1.9743996214202092e-09
24450.056 2.1023774542083326e-09
24500.056 2.087983402347417e-09
24550.056 2.840087505286289e-09
24600.056 2.862617108247903e-09
24650.056 4.032560802583846e-09
24700.056 2.6462051585449844e-09
24750.056 3.3457653336752472e-09
24800.056 3.365925909168705e-09
24850.056 4.826376125192947e-09
24900.056 2.7513030892917383e-09
24950.056 5.1985058676772356e-09
25000.056 4.840161832092471e-09
25050.056 3.42961891591608e-09
25100.056 4.9757973343996045e-09
25150.056 2.885515732991327e-09
25200.056 4.122842091070227e-09
25250.056 2.3139271455815105e-09
25300.056 3.6922965144129123e-09
25350.056 1.884640349598495e-09
25400.056 4.044053131728585e-09
25450.056 1.7483557631817555e-09
25500.056 1.6877024381819616e-09
25550.056 2.3500419959168116e-09
25600.056 1.5461191041358952e-09
25650.056 1.0623960516182086e-09
25700.056 1.906506835757349e-09
25750.056 6.846610060054402e-10
25800.056 2.13656865627021e-09
25850.056 7.337622812702224e-10
25900.056 1.0186634901254342e-09
25950.056 4.680632494344365e-10
26000.056 2.2350135950532275e-09
26050.056 7.412380886472982e-10
26100.056 1.8205757442992594e-09
26150.056 1.1847605114924813e-09
26200.056 1.4975367281310064e-09
26250.056 3.770146426299789e-09
26300.056 1.7499685611728802e-09
26350.056 4.8530688737048855e-09
26400.056 5.258654358642025e-09
26450.056 5.435152429656466e-09
26500.056 6.951676328168849e-09
26550.056 2.33138904666455e-09
26600.056 3.3085091872687084e-09
26650.056 1.008580635608796e-09
26700.056 8.348676820680559e-10
26750.056 6.622195822832534e-10
26800.056 1.4316294971605328e-09
26850.056 7.951497380737815e-10
26900.056 2.501146703890184e-09
26950.056 1.117485160748836e-09
27000.056 4.022478430354047e-09
27050.056 3.375459489702386e-09
27100.056 1.4369653112054996e-09
27150.056 5.028017257659735e-09
27200.056 1.486440687607903e-09
27250.056 2.6766810712788067e-09
27300.056 9.0815180348948e-09
27350.056 5.050007578354206e-09
27400.056 7.238835407082645e-10
27450.056 6.4124854279723745e-09
27500.056 6.545329879821662e-09
27550.056 1.8617181412737294e-09
27600.056 4.071478202854197e-09
27650.056 1.5366170477910558e-09
27700.056 1.2035483257557922e-09
27750.056 4.7825141426325136e-09
27800.056 1.6195618454853772e-09
27850.056 2.3543036175289783e-09
27900.056 2.4218269713262535e-09
27950.056 5.54205304496237e-09
28000.056 4.362270845413043e-09
28050.056 9.613612183770995e-10
28100.056 4.958863781819604e-09
28150.056 3.2712390932723412e-09
28200.056 1.3149640892341534e-09
28250.056 5.792848339498097e-09
28300.056 6.858864252894602e-09
28350.056 1.8724995681582276e-09
28400.056 4.259575311320705e-09
28450.056 6.420106959857304e-09
28500.056 4.5020719053449145e-09
28550.056 1.4105663146424452e-09
28600.056 7.176931090969021e-09
28650.056 5.834265847520185e-09
28700.056 5.672022152847393e-09
28750.056 9.106055948708357e-09
