galfind/configs/Brown_Dwarf_templates/sonora_bobcat/m+0.5/100g/sp_t750g100nc_m+0.5_resample.dat
# %ECSV 1.0
# ---
# datatype:
# - {name: wav, unit: Angstrom, datatype: float64}
# - {name: flux_nu, unit: erg / (cm2 Hz s), datatype: float64}
# meta: {C/O: '1.00', Kzz: '1.0000E+05', Teff: '750.', Y: '0.28', '[Fe/H]': '0.50', f_hole: '1.00', f_rain: '0.00', grav: '100.'}
# schema: astropy-2.0
wav flux_nu
[from data line 499]
28950.056 2.6778831147577333e-08
29000.056 2.07703282885913e-08
29050.056 2.33385445169539e-08
29100.056 1.703625921821337e-08
29150.056 2.9790214263886874e-08
29200.056 2.120147452128272e-08
29250.056 3.235206078949359e-08
29300.056 1.6582496794305807e-08
29350.056 4.936960443784043e-08
29400.056 2.416499038607718e-08
29450.056 2.6906054168018918e-08
29500.056 3.225621670455647e-08
29550.056 2.5980333583427085e-08
29600.056 3.244336792423629e-08
29650.056 3.569137755487349e-08
29700.056 2.254289985907668e-08
29750.056 3.463313778711314e-08
29800.056 3.530348362638491e-08
29850.056 4.008608151785193e-08
29900.056 3.629748892033276e-08
29950.056 3.403860945637719e-08
30000.056 1.1206773346909619e-08
30050.056 1.568620275913774e-08
30100.056 1.62672636703705e-08
30150.056 3.1819768977043904e-08
30200.056 2.3741700454297918e-08
30250.056 4.415302913849149e-08
30300.056 3.989501159180956e-08
30350.056 3.15145631017693e-08
30400.056 4.171895972363297e-08
30450.056 2.7507217516121457e-08
30500.056 2.4603864303126456e-08
30550.056 2.5647276943855374e-08
30600.056 3.2795436355540356e-08
30650.056 2.323513766199554e-08
30700.056 2.1624265619312233e-08
30750.056 2.5993356712808987e-08
30800.056 1.990470309749391e-08
30850.056 1.968904724632369e-08
30900.056 1.4900902734730316e-08
30950.056 1.5913998466532075e-08
31000.056 1.3213531657632191e-08
31050.056 1.2796965977669475e-08
31100.056 1.0459653033775304e-08
31150.056 1.4294136047108941e-08
31200.056 1.4440506062943673e-08
31250.056 1.0270228942314046e-08
31300.056 9.13251270668442e-09
31350.056 1.0277295872534262e-08
31400.056 7.689952699606913e-09
31450.056 8.284626657157723e-09
31500.056 6.139210087980455e-09
31550.056 7.224894991695449e-09
31600.056 5.009996398250527e-09
31650.056 4.8164774443834055e-09
31700.056 5.009392370829552e-09
31750.056 3.785294924745258e-09
31800.056 5.2669502486703584e-09
31850.056 3.3776430297443697e-09
31900.056 4.238763297039631e-09
31950.056 2.6707831566147408e-09
32000.056 3.5553387776751264e-09
32050.056 4.052272089249157e-09
32100.056 3.864499336324706e-09
32150.056 4.187761738375636e-09
32200.056 3.275920303153554e-09
32250.056 4.884738970218731e-09
32300.056 3.2217145531799083e-09
32350.056 4.925480120948983e-09
32400.056 3.0824462495887323e-09
32450.056 4.476987482894598e-09
32500.056 3.640818301162839e-09
32550.056 3.7336322515919595e-09
32600.056 4.654099012582572e-09
32650.056 7.53137052893828e-09
32700.056 5.6888266783216135e-09
32750.056 7.97209026432188e-09
32800.056 7.200494384281597e-09
32850.056 8.709426673499209e-09
32900.056 9.463082621975405e-09
32950.056 1.0355228470681218e-08
33000.056 8.18121808515063e-09
33050.056 8.199776489915456e-09
33100.056 3.3357187441464677e-09
33150.056 5.099949695749881e-10
33200.056 6.316986593297205e-10
33250.056 3.4701058899797033e-10
33300.056 4.919511292720958e-10
33350.056 1.0959628004659406e-09
33400.056 1.88031750938895e-09
33450.056 2.858137244058467e-09
33500.056 5.154537008244112e-09
33550.056 3.819785071697402e-09
33600.056 6.934071331768987e-09
33650.056 6.5882241230887205e-09
33700.056 5.525124716143039e-09
33750.056 8.477632386626822e-09
33800.056 5.92094883865005e-09
33850.056 7.434014311919217e-09
33900.056 6.031433068356359e-09
33950.056 6.08972828492202e-09
34000.056 8.53767301901939e-09
34050.056 3.6849084638821017e-09
34100.056 8.233156552435408e-09
34150.056 6.115363981796847e-09
34200.056 6.872575658726335e-09
34250.056 6.545316537895237e-09
34300.056 5.959721960027282e-09
34350.056 5.448067098739579e-09
34400.056 4.379149855662715e-09
34450.056 6.630224990436499e-09
34500.056 6.067509671690701e-09
34550.056 4.4010900808246686e-09
34600.056 8.445919456699931e-09
34650.056 5.146428989298634e-09
34700.056 7.369447218469121e-09
34750.056 6.801482824967181e-09
34800.056 6.0667210244990816e-09
34850.056 7.447255139602865e-09
34900.056 7.522446145434539e-09
34950.056 8.668940286067296e-09
35000.056 1.364308412009402e-08
35050.056 7.51283095526372e-09
35100.056 1.0880917133822418e-08
35150.056 9.481280248567604e-09
35200.056 1.0788351599968041e-08
35250.056 1.4597311129750029e-08
35300.056 1.0725820250309812e-08
35350.056 1.1075848676928191e-08
35400.056 1.2755966444307027e-08
35450.056 8.510002601219314e-09
35500.056 1.8564778694337977e-08
35550.056 1.6598871608575385e-08
35600.056 1.3490212569959653e-08
35650.056 1.559277898642612e-08
35700.056 1.4376664162823882e-08
35750.056 1.955648101351767e-08
35800.056 2.5262674144720474e-08
35850.056 1.3935885741947763e-08
35900.056 1.87008852694621e-08
35950.056 1.8037224609191168e-08
36000.056 1.8072264348043495e-08
36050.056 1.5724654948783146e-08
36100.056 1.6884720914598455e-08
36150.056 1.8990597795533974e-08
36200.056 2.0329462204442087e-08
36250.056 1.899431219546234e-08
36300.056 2.4383727442177567e-08
36350.056 2.18612976792459e-08
36400.056 2.193516425311356e-08
36450.056 2.791465919058488e-08
36500.056 3.031800768105162e-08
36550.056 2.934016560465821e-08
36600.056 3.609577596579583e-08
36650.056 3.447190031397877e-08
36700.056 3.7285130942347574e-08
36750.056 4.0580153215031274e-08
36800.056 3.9844652664800345e-08
36850.056 3.55192410479146e-08
36900.056 4.2424213910152646e-08
36950.056 4.5527350896589775e-08
37000.056 4.104924056819198e-08
37050.056 4.2361590269493075e-08
37100.056 4.810543119510197e-08
37150.056 3.885301835375329e-08
37200.056 4.8268377818987227e-08
37250.056 4.8070268186791893e-08
37300.056 4.1619417161487865e-08
37350.056 4.5415631187562065e-08
37400.056 6.853422508535782e-08
37450.056 4.868960105689298e-08
37500.056 4.931150269598627e-08
37550.056 6.015189917385293e-08
37600.056 6.810976908100829e-08
37650.056 4.6477165759998905e-08
37700.056 7.398825657430698e-08
37750.056 5.268833861679836e-08
37800.056 5.615983490978414e-08
37850.056 3.8897517545755627e-08
37900.056 4.690615293331185e-08
37950.056 6.059135655815346e-08
38000.056 7.188091407070278e-08
38050.056 7.021197531552039e-08
38100.056 6.980445547083947e-08
38150.056 8.229549812299766e-08
38200.056 8.724149833992764e-08
38250.056 8.215304706480955e-08
38300.056 1.0826867063938157e-07
38350.056 1.0888196892182e-07
38400.056 6.691607784749772e-08
38450.056 6.9009461695475e-08
38500.056 4.7227765892197736e-08
38550.056 7.523511382822719e-08
38600.056 7.838785270860833e-08
38650.056 7.382527217838292e-08
38700.056 7.765477010920088e-08
38750.056 8.776190250380955e-08
38800.056 7.610896262603134e-08
38850.056 7.971717739041295e-08
38900.056 1.086843803228066e-07
38950.056 8.482792724838408e-08
39000.056 9.745724686759784e-08
39050.056 8.435948302100251e-08
39100.056 9.734906126730346e-08
39150.056 9.734518470160685e-08
39200.056 1.0101395542659167e-07
39250.056 1.1675550610897809e-07
39300.056 9.266031347805149e-08
39350.056 1.314778364108044e-07
39400.056 1.0548231489035345e-07
39450.056 1.1603843065579172e-07
39500.056 1.1560042379133482e-07
39550.056 1.1592278760694378e-07
39600.056 1.2522925566516342e-07
39650.056 1.337286727579837e-07
39700.056 1.3055288933102382e-07
39750.056 1.0706289673304662e-07
39800.056 1.2485498869196864e-07
39850.056 1.5566999929000353e-07
39900.056 1.5443192307101336e-07
39950.056 1.30768882385559e-07
40000.056 1.8370710428524898e-07
40050.056 1.5350214354139642e-07
40100.056 1.2367369716588032e-07
40150.056 1.6178866576037427e-07
40200.056 1.6660094962892527e-07
40250.056 1.667423603024289e-07
40300.056 1.6451841858653715e-07
40350.056 1.7089178773437859e-07
40400.056 1.9850490553172775e-07
40450.056 1.689721016570304e-07
40500.056 1.996638400679765e-07
40550.056 1.972739762539435e-07
40600.056 1.9254821597302785e-07
40650.056 1.660511814669179e-07
40700.056 2.3528778189299453e-07
40750.056 1.9310774761097873e-07
40800.056 1.5506041717491113e-07
40850.056 2.50500348910077e-07
40900.056 2.296719048454299e-07
40950.056 2.1094122228361365e-07
41000.056 2.143777709529985e-07
41050.056 2.6853639393195524e-07
41100.056 2.2434524418801643e-07
41150.056 1.6705490402167441e-07
41200.056 2.6391712832397317e-07
41250.056 2.171575991079673e-07
41300.056 2.0052257112994362e-07
41350.056 2.864155481250436e-07
41400.056 2.538407558820481e-07
41450.056 2.7533498399402396e-07
41500.056 2.2105713446652452e-07
41550.056 2.2066061082905733e-07
41600.056 2.714653020730561e-07
41650.056 2.761222510089997e-07
41700.056 2.479015629508872e-07
41750.056 2.559405483809864e-07
41800.056 2.830684777990021e-07
41850.056 2.1572759715950129e-07
41900.056 2.3578003691835527e-07
41950.056 2.1985865610904682e-07
42000.056 2.1468036245462874e-07
42050.056 2.023768536266317e-07
42100.056 2.6730861878298486e-07
42150.056 2.1450414350699384e-07
42200.056 1.9737653172001348e-07
42250.056 2.011438582674518e-07
42300.056 1.992857728164056e-07
42350.056 2.430638193740392e-07
42400.056 2.3053193566206815e-07
42450.056 2.1292703270603306e-07
42500.056 2.071799713179832e-07
42550.056 2.0315387162796516e-07
42600.056 2.0780211850713713e-07
42650.056 2.4411427585292097e-07
42700.056 2.1754425838878996e-07
42750.056 2.0755268277598956e-07
42800.056 2.2577798078104578e-07
42850.056 2.5380729556391134e-07
42900.056 2.619698738390758e-07
42950.056 2.2498406737492881e-07
43000.056 2.472326651020165e-07
43050.056 1.7937618959007717e-07
43100.056 2.245961911889585e-07
43150.056 2.144086287505345e-07
43200.056 2.570267530780065e-07
43250.056 2.870844214800062e-07
43300.056 2.857791195379997e-07
43350.056 2.099246823269566e-07
43400.056 2.4244380712897473e-07
43450.056 2.1928457416084005e-07
43500.056 2.0551615145000072e-07
43550.056 2.149207009894571e-07
43600.056 2.8524304543702883e-07
43650.056 2.2744971913270227e-07
43700.056 2.7176772421203634e-07
43750.056 2.6417653866205505e-07
43800.056 2.471925976259649e-07
43850.056 2.275883572540296e-07
43900.056 2.4099834179397556e-07
43950.056 1.8334656610200095e-07
44000.056 1.7960040923049929e-07
44050.056 2.7821627922601996e-07
44100.056 3.1770112381001776e-07
44150.056 2.9381224394794315e-07
44200.056 2.761837332819912e-07
44250.056 2.2081960049901587e-07
44300.056 1.957073499100414e-07
44350.056 2.1472844826455986e-07
44400.056 2.202591970979989e-07
44450.056 2.621906354259584e-07
44500.056 2.6989524283007185e-07
44550.056 3.1628842839995667e-07
44600.056 2.6458006344113224e-07
44650.056 2.819501922010631e-07
44700.056 2.1101251521900458e-07
44750.056 2.7567592694703544e-07
44800.056 2.4106146280402255e-07
44850.056 2.7418803560405166e-07
44900.056 2.3948124118502077e-07
44950.056 2.6661799357701124e-07
45000.056 2.8092194867998077e-07
45050.056 2.74135939912e-07
45100.056 2.671689220809956e-07
45150.056 2.7166573563766105e-07
45200.056 2.2955911182102552e-07
45250.056 2.4907302308791503e-07
45300.056 2.2117037905004457e-07
45350.056 2.2922413007199924e-07
45400.056 3.1989492677602534e-07
45450.056 2.8129943147998494e-07
45500.056 2.9023748592200946e-07
45550.056 3.2117533746991106e-07
45600.056 3.163893969300361e-07
45650.056 2.546258701869707e-07
45700.056 2.3783649837501856e-07
45750.056 2.2609165567299396e-07
45800.056 3.1954760152399825e-07
45850.056 3.2524976135899465e-07
45900.056 3.3965830096000436e-07
45950.056 2.860081026189888e-07
46000.056 3.22468176794011e-07
46050.056 2.8193640817502267e-07
46100.056 3.263268225099814e-07
46150.056 2.696305518289898e-07
46200.056 2.573514242410113e-07
46250.056 1.8309786567366338e-07
46300.056 2.9033246638200406e-07
46350.056 2.7514535144902677e-07
46400.056 2.6335696204601045e-07
46450.056 2.5260410323504395e-07
46500.056 2.675469216370595e-07
46550.056 2.2057888907798699e-07
46600.056 2.6423057141358987e-07
46650.056 3.5527421391197397e-07
46700.056 2.736877178769959e-07
46750.056 2.0193836185939897e-07
46800.056 1.6445791266861832e-07
46850.056 3.5416916546307227e-07
46900.056 3.1383205814296873e-07
46950.056 3.141954969140005e-07
47000.056 2.885217806000335e-07
47050.056 2.771892582472949e-07
47100.056 2.018015510103356e-07
47150.056 2.4558402079602884e-07
47200.056 2.924096070500135e-07
47250.056 2.2791757306898814e-07
47300.056 1.7626627225250553e-07
47350.056 3.1453442573996873e-07
47400.056 2.9618905997596696e-07
47450.056 2.898758789640271e-07
47500.056 3.2783402758795367e-07
47550.056 2.9087968109200316e-07
47600.056 2.8550561429998815e-07
47650.056 2.548160622735555e-07
47700.056 2.711207587522728e-07
47750.056 1.9798205193800826e-07
47800.056 2.1791823771601023e-07
47850.056 1.6165013214200888e-07
47900.056 2.066787878009646e-07
47950.056 2.4621410463403263e-07
48000.056 3.415153245400606e-07
48050.056 3.1005751836200527e-07
48100.056 1.9774326300741808e-07
48150.056 2.604521247800188e-07
48200.056 2.346611115100045e-07
48250.056 2.3683840981001583e-07
48300.056 3.089875662198999e-07
48350.056 2.0814567626502118e-07
48400.056 1.3596438308237266e-07
48450.056 2.2404776312227168e-07
48500.056 2.8677206758195473e-07
48550.056 2.3715339737199923e-07
48600.056 2.627800405270042e-07
48650.056 2.7381489723997377e-07
48700.056 2.439712593099888e-07
48750.056 1.7108718939009629e-07
48800.056 3.2440453364998963e-07
48850.056 2.0290950540096352e-07
48900.056 2.955675609679954e-07
48950.056 2.1709349357003114e-07
49000.056 1.2796869619897183e-07
49050.056 2.4940698862798243e-07
49100.056 2.7653137163905687e-07
49150.056 2.333226056503341e-07
49200.056 3.0212475899104513e-07
49250.056 2.897044697410446e-07
49300.056 2.539890420690033e-07
49350.056 1.5751782670363027e-07
49400.056 2.0969164374497312e-07
49450.056 2.2085975555457245e-07
49500.056 1.8046905378797832e-07
49550.056 9.580578729321398e-08
49600.056 1.671455272598431e-07
49650.056 2.1322523325699152e-07
49700.056 2.0196279376493522e-07
49750.056 2.386256821499492e-07
49800.056 1.9655720355581826e-07
49850.056 2.9152366107608013e-07
49900.056 2.3164629342777476e-07
49950.056 2.3011029383300155e-07
50000.056 2.084095416529728e-07
50050.056 2.5002195007000504e-07
50100.056 2.038904548780165e-07
50150.056 1.379116377629788e-07
50200.056 6.374169463121287e-08
50250.056 1.8814744833897203e-07
50300.056 1.451628671979199e-07
50350.056 2.534081304040292e-07
50400.056 2.2149175640498471e-07
50450.056 1.7676882102682233e-07
50500.056 2.2483571989003377e-07
50550.056 2.078752128740173e-07
50600.056 1.8127132003094956e-07
50650.056 2.4241440683805716e-07
50700.056 2.5537304193089753e-07
50750.056 2.008629863380321e-07
50800.056 1.1752363755179282e-07
50850.056 1.0503566618704025e-07
50900.056 2.4775097427600173e-07
50950.056 1.8714435265202863e-07
51000.056 2.0069843457491324e-07
51050.056 1.9794668377899583e-07
51100.056 1.0915032451568794e-07
51150.056 1.5345229140118195e-07
51200.056 2.726886174899825e-07
51250.056 1.796664513489534e-07
51300.056 1.482046070850762e-07
51350.056 1.5586478092099168e-07
51400.056 8.795792443599982e-08
51450.056 7.52012856553778e-08
51500.056 8.216537733923299e-08
51550.056 1.9521356862441142e-07
51600.056 1.391967717956318e-07
51650.056 1.4459399789796524e-07
51700.056 1.6070036651868243e-07
51750.056 1.1403627592451907e-07
51800.056 1.7262958498296435e-07
51850.056 1.6011569139899494e-07
51900.056 2.2745910862003576e-07
51950.056 1.7014055579698674e-07
52000.056 5.625963270878697e-08
52050.056 1.2099172936242107e-07
52100.056 8.928819871999006e-08
52150.056 7.650521377120756e-08
52200.056 9.197735222360067e-08
52250.056 1.2344430075902774e-07
52300.056 1.810478752939871e-07
52350.056 1.1802385378420504e-07
52400.056 8.763488361930686e-08
52450.056 1.7193051867100823e-07
52500.056 1.591363191139521e-07
52550.056 1.6321362987096187e-07
52600.056 1.355055048710216e-07
52650.056 1.4231769774202045e-07
52700.056 1.2504188762399636e-07
52750.056 8.031612239359728e-08
52800.056 1.0507500137301901e-07
52850.056 1.1402516630495919e-07
52900.056 9.399445088038908e-08
52950.056 1.0729845116340246e-07
53000.056 1.5217180303301392e-07
53050.056 7.570734776357725e-08
53100.056 1.1857867929895964e-07
53150.056 1.685357802780205e-07
53200.056 8.008966512189879e-08
53250.056 1.5310937639300848e-07
53300.056 1.665994481911935e-07
53350.056 1.5616844868699611e-07
53400.056 1.368974465250004e-07
53450.056 6.996944735498642e-08
53500.056 3.73473589323896e-08
