galfind/configs/Brown_Dwarf_templates/sonora_bobcat/m+0.5/100g/sp_t900g100nc_m+0.5_resample.dat
# %ECSV 1.0
# ---
# datatype:
# - {name: wav, unit: Angstrom, datatype: float64}
# - {name: flux_nu, unit: erg / (cm2 Hz s), datatype: float64}
# meta: {C/O: '1.00', Kzz: '1.0000E+05', Teff: '900.', Y: '0.28', '[Fe/H]': '0.50', f_hole: '1.00', f_rain: '0.00', grav: '100.'}
# schema: astropy-2.0
wav flux_nu
[from data line 499]
28950.056 1.0073114530245764e-07
29000.056 7.940499852800416e-08
29050.056 8.474727762800568e-08
29100.056 6.240264238489895e-08
29150.056 1.0700534862243258e-07
29200.056 7.729913492235009e-08
29250.056 1.099737306195675e-07
29300.056 6.561033380481256e-08
29350.056 1.5350997770401329e-07
29400.056 8.698269014616968e-08
29450.056 9.80596008024873e-08
29500.056 1.0804033620824512e-07
29550.056 9.509280014395671e-08
29600.056 1.113690554685425e-07
29650.056 1.1083432834752872e-07
29700.056 8.072865622367793e-08
29750.056 1.1297555417093748e-07
29800.056 1.1843673259427338e-07
29850.056 1.2416679256184795e-07
29900.056 1.1299408242273697e-07
29950.056 1.1717211027119949e-07
30000.056 7.995469529666898e-08
30050.056 8.359977690999917e-08
30100.056 7.676472223317301e-08
30150.056 1.2041540715978253e-07
30200.056 8.797973929379795e-08
30250.056 1.305654665690362e-07
30300.056 1.0771677998181408e-07
30350.056 9.245790864080556e-08
30400.056 1.1058027883118879e-07
30450.056 8.10403635122608e-08
30500.056 6.465152733716514e-08
30550.056 6.949511293438046e-08
30600.056 7.975161803799442e-08
30650.056 6.351604783488296e-08
30700.056 6.373320194962553e-08
30750.056 6.108447460348886e-08
30800.056 5.1127010421210064e-08
30850.056 4.768419229787539e-08
30900.056 4.446170173109274e-08
30950.056 4.0922738151422304e-08
31000.056 3.5731967049901965e-08
31050.056 3.581090626540189e-08
31100.056 2.824728609947628e-08
31150.056 3.338136242400776e-08
31200.056 3.568050230410704e-08
31250.056 2.55955712980139e-08
31300.056 2.523929616326574e-08
31350.056 2.5067629463639975e-08
31400.056 1.9445388995099916e-08
31450.056 2.12220479340963e-08
31500.056 1.693063585027518e-08
31550.056 1.9225583767198526e-08
31600.056 1.4739786873199606e-08
31650.056 1.4009944296391709e-08
31700.056 1.38125002804974e-08
31750.056 1.175720135044519e-08
31800.056 1.4510756422898444e-08
31850.056 1.227294210005172e-08
31900.056 1.3939827291218602e-08
31950.056 8.581542923750195e-09
32000.056 1.1758493866879017e-08
32050.056 1.2567512856220324e-08
32100.056 1.2298097180492697e-08
32150.056 1.273486452682822e-08
32200.056 1.1137253750910822e-08
32250.056 1.4228208549761863e-08
32300.056 1.0940043998949174e-08
32350.056 1.4947971797397147e-08
32400.056 1.0514998531396459e-08
32450.056 1.3579790628415409e-08
32500.056 1.2878038249652339e-08
32550.056 1.1923196473888623e-08
32600.056 1.4867645876780897e-08
32650.056 2.099591940462636e-08
32700.056 1.7660289006103647e-08
32750.056 2.046373133700385e-08
32800.056 1.9282938864723007e-08
32850.056 2.1547772122197038e-08
32900.056 2.4465416412315377e-08
32950.056 2.561645396552832e-08
33000.056 2.1020182580232138e-08
33050.056 1.985954334081295e-08
33100.056 9.969025225917512e-09
33150.056 4.02949332720009e-09
33200.056 3.37527636789934e-09
33250.056 1.891242874859597e-09
33300.056 2.1500314167804125e-09
33350.056 3.6752903635500797e-09
33400.056 5.330990279097655e-09
33450.056 7.807035875039446e-09
33500.056 1.2077480107707252e-08
33550.056 1.1298538656825413e-08
33600.056 1.7575911657337255e-08
33650.056 1.7444788026895933e-08
33700.056 1.5562489368696926e-08
33750.056 2.1389228423605975e-08
33800.056 1.9116582615903276e-08
33850.056 2.0990730828637528e-08
33900.056 1.7168080047450218e-08
33950.056 1.7365325995497257e-08
34000.056 2.2180946826209484e-08
34050.056 1.2884457625792805e-08
34100.056 2.2059656487999007e-08
34150.056 1.8442877703049948e-08
34200.056 1.781308799831202e-08
34250.056 1.8554718319687558e-08
34300.056 1.729437866222129e-08
34350.056 1.4499002674599464e-08
34400.056 1.3603068823677046e-08
34450.056 1.787886569849415e-08
34500.056 1.7000801367302335e-08
34550.056 1.4469199081121784e-08
34600.056 2.1773516104497603e-08
34650.056 1.6317044597900716e-08
34700.056 1.8900305492798364e-08
34750.056 1.911071805239333e-08
34800.056 1.766244677362324e-08
34850.056 1.8873354814407528e-08
34900.056 2.1168788272641325e-08
34950.056 2.2111273393394787e-08
35000.056 3.084050792585997e-08
35050.056 2.0063733138297062e-08
35100.056 2.4965726097203766e-08
35150.056 2.3247917606244778e-08
35200.056 2.6122311091095945e-08
35250.056 3.270648446078916e-08
35300.056 2.769150762390591e-08
35350.056 2.6652113480589844e-08
35400.056 2.996375804439983e-08
35450.056 2.0832943196611045e-08
35500.056 3.874101074919876e-08
35550.056 3.686541766109189e-08
35600.056 3.069850777471643e-08
35650.056 3.532278919069537e-08
35700.056 3.271218914339226e-08
35750.056 4.114201537589234e-08
35800.056 5.404791788209981e-08
35850.056 3.3478126966294284e-08
35900.056 4.366051324010124e-08
35950.056 4.0486992856687854e-08
36000.056 4.109218382340814e-08
36050.056 3.781017845138499e-08
36100.056 4.125735191527488e-08
36150.056 4.2569934335488405e-08
36200.056 4.5129720701185565e-08
36250.056 4.39510552831818e-08
36300.056 5.0789266820401045e-08
36350.056 4.910690775420757e-08
36400.056 4.703127486179203e-08
36450.056 5.903408239940686e-08
36500.056 6.186437336789735e-08
36550.056 6.045466792951615e-08
36600.056 7.245754319900059e-08
36650.056 7.197804317738238e-08
36700.056 7.721106166118497e-08
36750.056 8.192379601065204e-08
36800.056 8.065637762300033e-08
36850.056 7.752367034648187e-08
36900.056 8.368466445028533e-08
36950.056 9.378642884198294e-08
37000.056 8.940253391529031e-08
37050.056 8.712244263178608e-08
37100.056 1.0054957608549875e-07
37150.056 8.397867521089446e-08
37200.056 9.78941863889848e-08
37250.056 1.0281622759698187e-07
37300.056 9.02532305020578e-08
37350.056 9.218541122442285e-08
37400.056 1.3526572936719557e-07
37450.056 1.068596293890009e-07
37500.056 1.0687017807478588e-07
37550.056 1.2285819895208714e-07
37600.056 1.323491368860097e-07
37650.056 1.0590787563999486e-07
37700.056 1.490055397394152e-07
37750.056 1.1411143602499241e-07
37800.056 1.209187739334857e-07
37850.056 9.628289858650788e-08
37900.056 1.0463967571643835e-07
37950.056 1.244828733485657e-07
38000.056 1.5088938464890875e-07
38050.056 1.4873032512822866e-07
38100.056 1.3697800344203837e-07
38150.056 1.6657129642298957e-07
38200.056 1.7477852917105173e-07
38250.056 1.6992986492301312e-07
38300.056 2.0936071714897568e-07
38350.056 2.1543239274602285e-07
38400.056 1.47789360168948e-07
38450.056 1.585826975807676e-07
38500.056 1.1688296847700816e-07
38550.056 1.6935094891603968e-07
38600.056 1.78203619514023e-07
38650.056 1.682759232559735e-07
38700.056 1.799522660969869e-07
38750.056 2.013541270370128e-07
38800.056 1.6958470126584788e-07
38850.056 1.7163006281202062e-07
38900.056 2.2760789142903207e-07
38950.056 1.9443134118397052e-07
39000.056 2.126726788929942e-07
39050.056 1.9225778398198444e-07
39100.056 2.1372302647502918e-07
39150.056 2.106702731680046e-07
39200.056 2.2432407820238773e-07
39250.056 2.4912571098493596e-07
39300.056 2.1049411013788813e-07
39350.056 2.6984113014600096e-07
39400.056 2.4276876805207747e-07
39450.056 2.500031444309944e-07
39500.056 2.379210608630564e-07
39550.056 2.5724363400485116e-07
39600.056 2.672571966129094e-07
39650.056 2.8690842496899163e-07
39700.056 2.7716975647503e-07
39750.056 2.409682258193684e-07
39800.056 2.796476316018959e-07
39850.056 3.18613123309996e-07
39900.056 3.129557471790328e-07
39950.056 2.9099362206890036e-07
40000.056 3.7445414542409534e-07
40050.056 3.20119529452009e-07
40100.056 2.894609734912039e-07
40150.056 3.4650955370593845e-07
40200.056 3.542047021498568e-07
40250.056 3.321767807628808e-07
40300.056 3.326352475070735e-07
40350.056 3.622724644959956e-07
40400.056 4.033522180523684e-07
40450.056 3.7680414813930245e-07
40500.056 3.844650459700012e-07
40550.056 3.943607850059258e-07
40600.056 3.82686652600056e-07
40650.056 3.5672678601349147e-07
40700.056 4.617672052100047e-07
40750.056 3.983295564849329e-07
40800.056 3.3910215595884516e-07
40850.056 4.5697753837012356e-07
40900.056 4.286957254040547e-07
40950.056 4.023758764240353e-07
41000.056 4.271647386340294e-07
41050.056 4.89701810839954e-07
41100.056 4.1521515301802494e-07
41150.056 3.5415764952994546e-07
41200.056 4.7539040369994335e-07
41250.056 4.141734104769581e-07
41300.056 3.812297027518938e-07
41350.056 5.105743046000882e-07
41400.056 4.6751333240609295e-07
41450.056 4.80639114412117e-07
41500.056 4.2126944354951104e-07
41550.056 4.2130471162307525e-07
41600.056 5.04914899981568e-07
41650.056 4.864262305600321e-07
41700.056 4.3450430211382113e-07
41750.056 4.46228340927984e-07
41800.056 4.609873867699694e-07
41850.056 3.583045870250249e-07
41900.056 3.9310546937995455e-07
41950.056 3.4826958076407824e-07
42000.056 3.489120044100131e-07
42050.056 3.228053669619835e-07
42100.056 4.086848210000251e-07
42150.056 3.174260001399398e-07
42200.056 3.0695488052899484e-07
42250.056 3.0382178097991873e-07
42300.056 2.880790055620127e-07
42350.056 3.4843215756006675e-07
42400.056 3.0815706747008833e-07
42450.056 2.947682650190098e-07
42500.056 2.941884819309914e-07
42550.056 2.931948665239585e-07
42600.056 2.8398636532205843e-07
42650.056 3.0036272444492354e-07
42700.056 3.0013622377204665e-07
42750.056 2.796541277199731e-07
42800.056 2.857937352200737e-07
42850.056 3.270790217298895e-07
42900.056 3.2750330721207187e-07
42950.056 3.0143221959287724e-07
43000.056 3.206073949339925e-07
43050.056 2.566208156361283e-07
43100.056 3.044990516929837e-07
43150.056 2.933798546410556e-07
43200.056 3.343669480700266e-07
43250.056 3.4139797422997366e-07
43300.056 3.4936864901999716e-07
43350.056 2.9411648172795757e-07
43400.056 3.148948749869757e-07
43450.056 3.0100407545704836e-07
43500.056 2.845694543629769e-07
43550.056 2.997423360170555e-07
43600.056 3.561056107640202e-07
43650.056 3.105710888530124e-07
43700.056 3.324907037099855e-07
43750.056 3.3375422955009e-07
43800.056 3.116042769069628e-07
43850.056 3.1148665361005714e-07
43900.056 3.276921184499547e-07
43950.056 2.7412320128601967e-07
44000.056 2.697491291820166e-07
44050.056 3.4590704321903586e-07
44100.056 3.727855218500216e-07
44150.056 3.4772896598390654e-07
44200.056 3.4535444842998923e-07
44250.056 3.1255068862701004e-07
44300.056 2.914350685830603e-07
44350.056 2.991209548426635e-07
44400.056 3.224889960070041e-07
44450.056 3.425215482199737e-07
44500.056 3.609796205130781e-07
44550.056 3.824831690699418e-07
44600.056 3.319491887850474e-07
44650.056 3.6622932694807737e-07
44700.056 2.9948484755000934e-07
44750.056 3.604825965480073e-07
44800.056 3.4201436473602603e-07
44850.056 3.536776559600743e-07
44900.056 3.191295854620281e-07
44950.056 3.4084181263202013e-07
45000.056 3.5943857842996544e-07
45050.056 3.569094422000054e-07
45100.056 3.5758483278999296e-07
45150.056 3.532578226719694e-07
45200.056 3.1518775819102724e-07
45250.056 3.343516445419059e-07
45300.056 3.1622055494004787e-07
45350.056 3.256682051099658e-07
45400.056 3.814093322920303e-07
45450.056 3.4457125957995375e-07
45500.056 3.549014628919943e-07
45550.056 3.9029248694991955e-07
45600.056 3.813393536600186e-07
45650.056 3.1614299871694107e-07
45700.056 3.4029765103404765e-07
45750.056 3.1161394732398226e-07
45800.056 3.714584578999986e-07
45850.056 4.029693716299898e-07
45900.056 4.1029607164001556e-07
45950.056 3.5127139159600024e-07
46000.056 3.957059103350095e-07
46050.056 3.6495139089102674e-07
46100.056 3.754969419900015e-07
46150.056 3.5381584050498153e-07
46200.056 3.520010160000547e-07
46250.056 2.895391364247595e-07
46300.056 3.8323263210698883e-07
46350.056 3.5002583874100937e-07
46400.056 3.489372568700058e-07
46450.056 3.463914127890467e-07
46500.056 3.3959219822304486e-07
46550.056 3.4870518881397745e-07
46600.056 3.6442285506399965e-07
46650.056 4.635005346099432e-07
46700.056 3.9769708987006954e-07
46750.056 3.0264163046599073e-07
46800.056 2.8760592595903056e-07
46850.056 4.395041685400847e-07
46900.056 4.0338953055994474e-07
46950.056 4.2062259537001724e-07
47000.056 3.6725579902001097e-07
47050.056 3.905720457008673e-07
47100.056 2.980913624210511e-07
47150.056 3.3691121771402605e-07
47200.056 3.877153794520357e-07
47250.056 3.275955965299889e-07
47300.056 2.8355646443657483e-07
47350.056 3.738539724299531e-07
47400.056 3.9776018020594606e-07
47450.056 3.6717192018201865e-07
47500.056 4.1597495328593106e-07
47550.056 3.6781422070998896e-07
47600.056 3.775169561699666e-07
47650.056 3.1454966214692947e-07
47700.056 3.8276437727708927e-07
47750.056 2.698472109930196e-07
47800.056 3.4252976704199996e-07
47850.056 2.6156130626598766e-07
47900.056 3.281055929519601e-07
47950.056 3.10699386356037e-07
48000.056 4.337055241100603e-07
48050.056 3.8389462398002296e-07
48100.056 3.1459090547001246e-07
48150.056 3.4676108768003573e-07
48200.056 3.5217328564101856e-07
48250.056 3.274000731200051e-07
48300.056 4.034972914298584e-07
48350.056 2.88002770460025e-07
48400.056 2.55638248886372e-07
48450.056 3.235418530390919e-07
48500.056 4.113358397379609e-07
48550.056 3.116414171879944e-07
48600.056 3.6482927097000293e-07
48650.056 3.438263403399698e-07
48700.056 3.5077336407299236e-07
48750.056 2.5905304655310745e-07
48800.056 4.4180998264399433e-07
48850.056 2.902893600509442e-07
48900.056 4.029925635000072e-07
48950.056 3.436438095900476e-07
49000.056 2.387443861139392e-07
49050.056 3.6368070668998997e-07
49100.056 3.657078149340649e-07
49150.056 3.4639570721392756e-07
49200.056 3.869386372500313e-07
49250.056 3.881177342400479e-07
49300.056 3.369692753719986e-07
49350.056 2.663676370270415e-07
49400.056 3.377253260049821e-07
49450.056 3.274760491301066e-07
49500.056 2.9353447270796605e-07
49550.056 2.0468513880502226e-07
49600.056 2.890776429060701e-07
49650.056 3.2391068810298846e-07
49700.056 2.9456920848991667e-07
49750.056 3.6587844857991065e-07
49800.056 3.0713171870862534e-07
49850.056 4.189719462420975e-07
49900.056 3.3370324599398956e-07
49950.056 3.3901741593997826e-07
50000.056 3.2089943504196957e-07
50050.056 3.649020619400072e-07
50100.056 3.264585245520132e-07
50150.056 2.3935236337097484e-07
50200.056 1.4642648522001086e-07
50250.056 3.244519035199591e-07
50300.056 2.6586366896701743e-07
50350.056 3.901799628920274e-07
50400.056 3.3075850802097705e-07
50450.056 2.8460280687105354e-07
50500.056 3.4550270080605044e-07
50550.056 3.138309567180176e-07
50600.056 3.0585578403193586e-07
50650.056 3.5815511071009013e-07
50700.056 3.826795456968556e-07
50750.056 3.4264134756806653e-07
50800.056 2.1899179682798218e-07
50850.056 2.2369895520007373e-07
50900.056 3.7820302348600775e-07
50950.056 3.0741179215706364e-07
51000.056 3.5157237917003204e-07
51050.056 3.0195523622800927e-07
51100.056 2.0670859937897652e-07
51150.056 2.809247591773557e-07
51200.056 3.93453086689982e-07
51250.056 3.0279312821591435e-07
51300.056 2.5463422892114196e-07
51350.056 2.666268415439881e-07
51400.056 1.776411367769887e-07
51450.056 1.541518047774562e-07
51500.056 1.8038278874406366e-07
51550.056 3.5261580524602905e-07
51600.056 2.5405337569904675e-07
51650.056 2.6051071072794634e-07
51700.056 2.732747557619364e-07
51750.056 2.060651437320347e-07
51800.056 2.997309472899205e-07
51850.056 2.867456453890002e-07
51900.056 3.752539503941073e-07
51950.056 3.068107575869685e-07
52000.056 1.424162666269808e-07
52050.056 2.5198130959303407e-07
52100.056 1.8900482190796956e-07
52150.056 1.7738910882701194e-07
52200.056 1.8390965549699537e-07
52250.056 2.2809526578003395e-07
52300.056 3.2538767929996896e-07
52350.056 2.5294147999321755e-07
52400.056 1.757690144610051e-07
52450.056 2.825780668400166e-07
52500.056 2.8040532407392124e-07
52550.056 3.0229158859391227e-07
52600.056 2.515144184720553e-07
52650.056 2.664459050970599e-07
52700.056 2.425823985229982e-07
52750.056 1.6924495071198912e-07
52800.056 2.1089027788903165e-07
52850.056 2.1658838614893103e-07
52900.056 2.066111549330246e-07
52950.056 2.1875965641798975e-07
53000.056 2.8515158301499413e-07
53050.056 1.66383145112931e-07
53100.056 2.0972415558093197e-07
53150.056 3.155023001300323e-07
53200.056 1.6669925886339155e-07
53250.056 2.9650910134002726e-07
53300.056 2.904571652521593e-07
53350.056 2.877262646679804e-07
53400.056 2.8586373817002837e-07
53450.056 1.6432349269700032e-07
53500.056 1.0914504525216472e-07
