galfind/configs/Brown_Dwarf_templates/sonora_bobcat/m+0.5/100g/sp_t550g100nc_m+0.5_resample.dat
# %ECSV 1.0
# ---
# datatype:
# - {name: wav, unit: Angstrom, datatype: float64}
# - {name: flux_nu, unit: erg / (cm2 Hz s), datatype: float64}
# meta: {C/O: '1.00', Kzz: '1.0000E+05', Teff: '550.', Y: '0.28', '[Fe/H]': '0.50', f_hole: '1.00', f_rain: '0.00', grav: '100.'}
# schema: astropy-2.0
wav flux_nu
4000.0559999999996 nan
4050.0559999999996 4.800530800372818e-16
4100.056 5.887289188010134e-14
4150.056 5.183474735900032e-13
4200.056 4.955688288540401e-13
4250.056 3.865339604400024e-12
4300.056 7.831422519000086e-12
4350.056 1.2220101523200125e-11
4400.056 1.727242025900008e-11
4450.056 2.4993198811000023e-11
4500.056 2.961277282400028e-11
4550.056 2.8174338511839764e-11
4600.056 7.228855255389962e-12
4650.056 4.169661138300002e-12
4700.056 1.9592562748199813e-12
4750.056 5.089835359799926e-13
4800.056 1.5266046642499855e-13
4850.056 5.72575806429995e-14
4900.056 2.923449267399984e-14
4950.056 1.6986803953999908e-14
5000.056 8.999242919999921e-15
5050.056 5.461035757600009e-15
5100.056 5.384812566800046e-15
5150.056 5.6619083337000646e-15
5200.056 5.983763785900019e-15
5250.056 6.291183012200002e-15
5300.056 6.6563629100999986e-15
5350.056 7.127167060100008e-15
5400.056 7.641217959299999e-15
5450.056 8.26572940790005e-15
5500.056 8.966515471600101e-15
5550.056 9.683012280100035e-15
5600.056 1.0336647822699985e-14
5650.056 1.0831574979999976e-14
5700.056 1.0940517700400013e-14
5750.056 1.07506184687e-14
5800.056 9.729708182399987e-15
5850.056 7.037978408199896e-15
5900.056 2.38205910531545e-15
5950.056 1.3310652197100548e-14
6000.056 2.6821857248599407e-14
6050.056 4.693900245000121e-14
6100.056 7.58895298360009e-14
6150.056 1.1526951769000096e-13
6200.056 1.6920712163000106e-13
6250.056 2.390990710200006e-13
6300.056 3.4109541315000085e-13
6350.056 4.787148577300033e-13
6400.056 6.62141340220006e-13
6450.056 8.627559285299733e-13
6500.056 1.1962046528699875e-12
6550.056 1.6730725899299906e-12
6600.056 2.3352427562600847e-12
6650.056 3.240078206900028e-12
6700.056 4.17101785297004e-12
6750.056 5.819701929600032e-12
6800.056 7.064817277000063e-12
6850.056 7.410508534600005e-12
6900.056 6.275228534000159e-12
6950.056 5.07981930419989e-12
7000.056 5.164239326070064e-12
7050.056 5.385256666489876e-12
7100.056 5.811136138929868e-12
7150.056 5.225673633384441e-12
7200.056 4.80939508318006e-12
7250.056 4.994874630982438e-12
7300.056 4.9126986233698074e-12
7350.056 5.1082178774520495e-12
7400.056 5.347988828030308e-12
7450.056 5.712740501400354e-12
7500.056 5.944232375199893e-12
7550.056 6.020317833599947e-12
7600.056 5.841716127199986e-12
7650.056 2.468388590689926e-12
7700.056 2.0680883081640648e-12
7750.056 6.829955829700072e-12
7800.056 9.298501329639859e-12
7850.056 1.315155863069999e-11
7900.056 1.7186982587399465e-11
7950.056 1.9600822457779954e-11
8000.056 2.750494536010022e-11
8050.056 3.4306618849700884e-11
8100.056 3.5784341990589e-11
8150.056 4.1295099986171787e-11
8200.056 5.977705915885236e-11
8250.056 7.148957281346212e-11
8300.056 9.049957607154693e-11
8350.056 1.032429437157838e-10
8400.056 1.2598786753172466e-10
8450.056 1.6484956053559447e-10
8500.056 1.9111173847498653e-10
8550.056 2.5410008602000324e-10
8600.056 3.2238661952000467e-10
8650.056 3.866888293700086e-10
8700.056 4.369721925000061e-10
8750.056 5.113318221300027e-10
8800.056 5.597863755200163e-10
8850.056 5.007789498099765e-10
8900.056 1.7296402007383263e-10
8950.056 2.1765560692610437e-10
9000.056 1.7535194438257184e-10
9050.056 4.82894368413307e-10
9100.056 6.174554266271101e-10
9150.056 7.059096552578986e-10
9200.056 1.0603017849689563e-09
9250.056 1.0480254615628877e-09
9300.056 2.509631319463388e-10
9350.056 3.012740914029308e-10
9400.056 5.320413561371723e-10
9450.056 6.715043820875131e-10
9500.056 5.791671659590914e-10
9550.056 6.867920096910956e-10
9600.056 6.387248761823296e-10
9650.056 8.460431226603353e-10
9700.056 1.256698945802523e-09
9750.056 1.2514509898875675e-09
9800.056 1.3970380888063756e-09
9850.056 1.5656254569027969e-09
9900.056 2.028620500168065e-09
9950.056 1.9064716866115975e-09
10000.056 2.3145272470054827e-09
10050.056 2.713437985530205e-09
10100.056 3.647226477889592e-09
10150.056 4.2155343391198245e-09
10200.056 4.86573978441045e-09
10250.056 5.765609545003398e-09
10300.056 7.279078173938305e-09
10350.056 8.387716135929808e-09
10400.056 1.1707002033980537e-08
10450.056 1.4259047673096539e-08
10500.056 1.6803716285919808e-08
10550.056 1.979862994210058e-08
10600.056 2.1283270173998887e-08
10650.056 2.281896006399094e-08
10700.056 2.2472107166615664e-08
10750.056 2.3439978382513663e-08
10800.056 2.2686976094347157e-08
10850.056 1.9896459186208043e-08
10900.056 1.3271900420234002e-08
10950.056 5.965706180203767e-09
11000.056 4.035315073437767e-09
11050.056 2.3974092248051986e-09
11100.056 1.3159393699201039e-09
11150.056 5.015990705761888e-10
11200.056 3.046090331512167e-10
11250.056 3.660721189294355e-10
11300.056 5.748684535790943e-10
11350.056 1.7855512034043513e-10
11400.056 4.599132943920541e-10
11450.056 3.5658372356571676e-10
11500.056 2.0850705873632323e-10
11550.056 4.190007597595367e-11
11600.056 4.246426781477885e-11
11650.056 1.516633533787496e-10
11700.056 1.6628336862135634e-10
11750.056 2.3953348063753313e-11
11800.056 1.8477762628673872e-10
11850.056 3.720592796550906e-10
11900.056 4.394174902113225e-10
11950.056 7.750007505975058e-10
12000.056 1.4549141036042172e-09
12050.056 2.6324337062564146e-09
12100.056 4.689297846069021e-09
12150.056 7.734842412877466e-09
12200.056 1.0375235742087323e-08
12250.056 1.591734933791871e-08
12300.056 2.3367602417348022e-08
12350.056 2.4899418997768993e-08
12400.056 3.595972198337727e-08
12450.056 4.6657248190225745e-08
12500.056 5.1731604069105086e-08
12550.056 5.972135328306166e-08
12600.056 6.624481319310541e-08
12650.056 6.355774369263638e-08
12700.056 6.212253493238766e-08
12750.056 5.210516676364818e-08
12800.056 4.4787646094767684e-08
12850.056 3.021077802146331e-08
12900.056 2.2049508160422387e-08
12950.056 1.839758856105676e-08
13000.056 1.6062891596386165e-08
13050.056 1.0402337367914324e-08
13100.056 8.783760270809937e-09
13150.056 5.727782991591838e-09
13200.056 4.6264289613432185e-09
13250.056 3.14660396701461e-09
13300.056 1.124093657246561e-09
13350.056 3.126543505107406e-10
13400.056 2.1710591574541568e-10
13450.056 8.047280562306652e-11
13500.056 3.824230089305708e-11
13550.056 1.9233904675842626e-11
13600.056 4.389881666981098e-12
13650.056 2.6782744889523717e-11
13700.056 1.6878959639427995e-11
13750.056 2.0891658424267575e-11
13800.056 1.847158691054725e-11
13850.056 1.2451868745308556e-11
13900.056 1.717662168471382e-11
13950.056 1.247447468218327e-11
14000.056 1.4266060151076847e-11
14050.056 2.3182622572242952e-11
14100.056 2.756932917497274e-11
14150.056 4.927198801303258e-11
14200.056 3.33744063337651e-11
14250.056 4.824011751287415e-11
14300.056 9.889231932902953e-11
14350.056 1.1282658778084607e-10
14400.056 1.3092915287154519e-10
14450.056 1.8277977147779006e-10
14500.056 3.895488493905641e-10
14550.056 4.60215320040201e-10
14600.056 6.068427851455678e-10
14650.056 4.99732540042695e-10
14700.056 3.004170008472544e-10
14750.056 2.4933601520833197e-10
14800.056 4.685331476920901e-10
14850.056 5.855505606983935e-10
14900.056 6.534726777598065e-10
14950.056 6.365916585363147e-10
15000.056 1.1325800733235362e-09
15050.056 1.0310296809925066e-09
15100.056 9.546291812829248e-10
15150.056 9.660463174471533e-10
15200.056 1.3988546048867026e-09
15250.056 2.732887432163698e-09
15300.056 3.451012875120081e-09
15350.056 4.3886630274569565e-09
15400.056 5.654707649544655e-09
15450.056 7.139568631886189e-09
15500.056 8.030760591315638e-09
15550.056 1.1123343623379206e-08
15600.056 1.3361888114836778e-08
15650.056 1.661309932601693e-08
15700.056 2.161748198225774e-08
15750.056 2.4782193407226507e-08
15800.056 2.5635684497822033e-08
15850.056 2.7859840255505445e-08
15900.056 2.2822393451130436e-08
15950.056 1.914061788589631e-08
16000.056 1.2373066714302418e-08
16050.056 6.0060860999192526e-09
16100.056 3.6113569935004264e-09
16150.056 1.9038162049240943e-09
16200.056 1.0353022828369284e-09
16250.056 7.149815082485795e-10
16300.056 4.581871516728047e-10
16350.056 5.290861958850224e-10
16400.056 6.819733218264851e-10
16450.056 6.079276390628476e-10
16500.056 5.552030782759894e-10
16550.056 5.935629068577169e-10
16600.056 7.193008889845615e-10
16650.056 5.630799802338783e-10
16700.056 8.954540370862099e-11
16750.056 2.5363047500025806e-10
16800.056 4.667839688091963e-10
16850.056 5.627351842410345e-10
16900.056 3.0157940751569746e-10
16950.056 1.7886033849380828e-10
17000.056 1.0529458811561906e-10
17050.056 2.137691604544085e-10
17100.056 3.5729024690690977e-10
17150.056 1.9102925998594573e-10
17200.056 6.072353295682559e-10
17250.056 4.1826916695860476e-10
17300.056 2.4287034950474956e-10
17350.056 2.474759393418186e-10
17400.056 4.025781892129939e-10
17450.056 5.716318736499183e-10
17500.056 7.643512164993262e-10
17550.056 7.164868018254184e-10
17600.056 5.414875816796096e-10
17650.056 5.32631145573099e-10
17700.056 3.752957842127412e-10
17750.056 4.0591671901561557e-10
17800.056 9.357169901205986e-10
17850.056 4.745555804437333e-10
17900.056 3.519325437436049e-10
17950.056 2.9554428600671397e-10
18000.056 4.328011965635321e-10
18050.056 4.3209048344636176e-10
18100.056 5.473683397062471e-10
18150.056 5.517260283413007e-10
18200.056 3.7479100658594303e-10
18250.056 1.0833975387331812e-09
18300.056 3.8399790811910514e-10
18350.056 2.846425729735147e-10
18400.056 2.469666420654832e-10
18450.056 6.741710724009972e-10
18500.056 6.887105763689685e-10
18550.056 4.568073767512472e-10
18600.056 5.381084568512136e-10
18650.056 4.283435489884541e-10
18700.056 1.911597901944824e-10
18750.056 4.2377278363139646e-10
18800.056 1.251356781151581e-09
18850.056 1.3475267847153387e-09
18900.056 1.1598171005455183e-09
18950.056 1.9878401775825924e-09
19000.056 7.627581296341879e-10
19050.056 4.427119391238204e-10
19100.056 9.81646755898252e-10
19150.056 4.823786532740849e-10
19200.056 7.349263684676022e-10
19250.056 5.017259707590314e-10
19300.056 3.5453802867759386e-10
19350.056 3.044714020562078e-10
19400.056 2.687855452294458e-10
19450.056 5.377490931010183e-10
19500.056 3.9153454813583997e-10
19550.056 3.660041741748028e-10
19600.056 8.431256598732798e-10
19650.056 7.102909480224321e-10
19700.056 7.544712748487345e-10
19750.056 1.4085687894806381e-09
19800.056 1.0728109895778883e-09
19850.056 1.597965446242322e-09
19900.056 1.6038377006913162e-09
19950.056 2.509984439508165e-09
20000.056 3.1866053286934923e-09
20050.056 2.790940177315939e-09
20100.056 4.634247720978187e-09
20150.056 2.714986507464924e-09
20200.056 2.5760150950373246e-09
20250.056 4.7394355996462704e-09
20300.056 5.373927250274515e-09
20350.056 6.186236880752329e-09
20400.056 5.3809489856516546e-09
20450.056 8.79026515383348e-09
20500.056 1.0717465917861035e-08
20550.056 1.1469830987608433e-08
20600.056 1.2555488959018324e-08
20650.056 1.510687546031728e-08
20700.056 1.6433654736668818e-08
20750.056 1.8677751051020567e-08
20800.056 1.8357164629655834e-08
20850.056 1.9144827086503327e-08
20900.056 2.0704597196962612e-08
20950.056 1.89880438746398e-08
21000.056 1.772953198849334e-08
21050.056 1.8104068641595382e-08
21100.056 1.5941958716772645e-08
21150.056 1.5991468117172494e-08
21200.056 1.3991294921791942e-08
21250.056 1.2293153047148541e-08
21300.056 9.06467275458946e-09
21350.056 9.231752508001935e-09
21400.056 8.210405599479702e-09
21450.056 6.434965784479845e-09
21500.056 5.519013930284869e-09
21550.056 4.780796067105368e-09
21600.056 3.745550675271194e-09
21650.056 2.76710545591196e-09
21700.056 2.510678438882677e-09
21750.056 2.357920093143487e-09
21800.056 1.6989280830385106e-09
21850.056 1.5721069819550239e-09
21900.056 9.770949022325854e-10
21950.056 3.5678694225658385e-10
22000.056 8.125446385919935e-11
22050.056 6.945512143692057e-11
22100.056 2.422316490419953e-10
22150.056 2.9794062655341655e-10
22200.056 3.3841092983943585e-10
22250.056 2.477421189026408e-10
22300.056 1.4567411541314766e-10
22350.056 1.754768286592067e-10
22400.056 7.698626081589182e-11
22450.056 9.334958653992758e-11
22500.056 7.267836359222589e-11
22550.056 4.9553982999898416e-11
22600.056 4.081329820655729e-11
22650.056 7.210688083670332e-11
22700.056 5.56115422333936e-11
22750.056 5.698528347141751e-11
22800.056 5.5801302189436166e-11
22850.056 4.362031445844809e-11
22900.056 3.1749801889910825e-11
22950.056 2.995837682480547e-11
23000.056 4.370905556204404e-11
23050.056 5.813287219549915e-11
23100.056 2.210004640992752e-10
23150.056 2.4374155916860066e-10
23200.056 1.5432621473483423e-11
23250.056 3.634783264119685e-11
23300.056 3.827066373625247e-11
23350.056 5.356454329026296e-11
23400.056 5.233446133802429e-11
23450.056 3.670972432340878e-11
23500.056 3.952729674887824e-11
23550.056 6.821831801704734e-11
23600.056 1.0209845833547425e-10
23650.056 1.7084735924412645e-10
23700.056 4.8133638555510246e-11
23750.056 3.457994487710194e-11
23800.056 1.0713790882534829e-10
23850.056 9.01866221414295e-11
23900.056 1.862763354383268e-10
23950.056 1.4452438281772663e-10
24000.056 2.337241325144989e-10
24050.056 3.18862427913606e-10
24100.056 3.203199556860181e-10
24150.056 4.4622113638082544e-10
24200.056 3.3103181706191576e-10
24250.056 2.6464694663754893e-10
24300.056 4.166682800136832e-10
24350.056 3.536013453621304e-10
24400.056 6.822180737316913e-10
24450.056 7.610979188603317e-10
24500.056 7.17699854620888e-10
24550.056 1.04199815401235e-09
24600.056 1.0544374765395295e-09
24650.056 1.6196901958984813e-09
24700.056 9.288186573299441e-10
24750.056 1.2500712801594845e-09
24800.056 1.1871808717988504e-09
24850.056 1.8690789165717277e-09
24900.056 9.401407978581588e-10
24950.056 1.9436021898687436e-09
25000.056 1.8369228852521032e-09
25050.056 1.2278603249464233e-09
25100.056 1.8762656889211147e-09
25150.056 9.466413241401389e-10
25200.056 1.425422760806449e-09
25250.056 6.708878008146774e-10
25300.056 1.0854991033858574e-09
25350.056 4.956691019451554e-10
25400.056 1.22949273628149e-09
25450.056 4.2237155059656564e-10
25500.056 3.8969913039008474e-10
25550.056 6.507924910808169e-10
25600.056 3.666589031347471e-10
25650.056 2.2195437991683915e-10
25700.056 3.6470346375762515e-10
25750.056 1.0363090096295762e-10
25800.056 4.699940106400042e-10
25850.056 1.1016427031164713e-10
25900.056 1.5761746907947277e-10
25950.056 5.012869483280327e-11
26000.056 4.599496507780652e-10
26050.056 8.357193786326098e-11
26100.056 3.23860199700956e-10
26150.056 1.718696232855488e-10
26200.056 2.2498372479010941e-10
26250.056 9.675420223437965e-10
26300.056 2.99180804474887e-10
26350.056 1.315045968801408e-09
26400.056 1.6001693497844854e-09
26450.056 1.4639461064997752e-09
26500.056 2.3021877545935573e-09
26550.056 4.570797437166604e-10
26600.056 6.424670727488363e-10
26650.056 1.2379628600158908e-10
26700.056 8.102989849347152e-11
26750.056 8.528890033561837e-11
26800.056 2.3293881762318764e-10
26850.056 1.2472296264495448e-10
26900.056 5.476145889562657e-10
26950.056 2.006848052834241e-10
27000.056 1.0000933835252103e-09
27050.056 9.223466989542253e-10
27100.056 2.120557043417119e-10
27150.056 1.310230243850186e-09
27200.056 2.1050514815449459e-10
27250.056 5.459834394111005e-10
27300.056 2.716697235963531e-09
27350.056 1.1809524467245162e-09
27400.056 8.323602425898683e-11
27450.056 1.4800492836030651e-09
27500.056 1.5940076954339149e-09
27550.056 3.170569465337579e-10
27600.056 8.409084654799991e-10
27650.056 2.457116486740008e-10
27700.056 1.937877636143093e-10
27750.056 1.1053592851310533e-09
27800.056 3.045029649738766e-10
27850.056 5.022273485785903e-10
27900.056 4.931629443353548e-10
27950.056 1.3061414151718786e-09
28000.056 1.087488296616383e-09
28050.056 1.5772129951387746e-10
28100.056 1.0661560589520234e-09
28150.056 7.729411106719531e-10
28200.056 2.424962968831985e-10
28250.056 1.4103347873375336e-09
28300.056 1.4631154906341212e-09
28350.056 3.3160350238312244e-10
28400.056 9.860598303367722e-10
28450.056 1.620091222136825e-09
28500.056 1.0607777065791446e-09
28550.056 2.5831133711260467e-10
28600.056 1.790738081309957e-09
28650.056 1.3171935251907428e-09
28700.056 1.534706328126801e-09
28750.056 2.4061671197199057e-09
28800.056 1.236756423231001e-09
28850.056 2.1389257859323756e-09
