galfind/configs/Brown_Dwarf_templates/sonora_bobcat/m+0.5/100g/sp_t275g100nc_m+0.5_resample.dat
# %ECSV 1.0
# ---
# datatype:
# - {name: wav, unit: Angstrom, datatype: float64}
# - {name: flux_nu, unit: erg / (cm2 Hz s), datatype: float64}
# meta: {C/O: '1.00', Kzz: '1.0000E+05', Teff: '275.', Y: '0.28', '[Fe/H]': '0.50', f_hole: '1.00', f_rain: '0.00', grav: '100.'}
# schema: astropy-2.0
wav flux_nu
[from data line 498]
28900.056 3.601272416985009e-13
28950.056 5.24986923730156e-13
29000.056 2.3039889578181976e-13
29050.056 4.5409755601690203e-13
29100.056 1.4826050262024287e-13
29150.056 9.662661225362852e-14
29200.056 1.7946578591485056e-12
29250.056 6.50556254831835e-13
29300.056 3.3121896200303705e-13
29350.056 1.038052301885929e-12
29400.056 7.612692609184231e-13
29450.056 1.3036314617915681e-13
29500.056 1.5759162420599649e-12
29550.056 3.289279221195936e-13
29600.056 2.4357692310503115e-13
29650.056 1.874250520007821e-12
29700.056 2.380635694393898e-13
29750.056 1.887234056457353e-12
29800.056 5.483138643984368e-13
29850.056 1.7140281640201716e-12
29900.056 4.823883851345644e-13
29950.056 7.465234282530784e-13
30000.056 3.634923227499833e-15
30050.056 8.922971763999806e-14
30100.056 6.790555918666992e-13
30150.056 2.5583150485018656e-12
30200.056 1.3705343940817365e-12
30250.056 1.7916957414795394e-12
30300.056 3.435383025852941e-12
30350.056 3.7702773715748e-13
30400.056 3.2392853133940083e-12
30450.056 4.528612922215188e-12
30500.056 5.539603314710661e-13
30550.056 6.354288466203397e-13
30600.056 2.424622072157915e-11
30650.056 6.803391234507921e-12
30700.056 1.0908465438237188e-12
30750.056 4.641418812507337e-12
30800.056 9.165839020392562e-12
30850.056 8.03517433186522e-12
30900.056 3.0225422371393095e-12
30950.056 1.7471879119484171e-12
31000.056 2.9518710634607144e-12
31050.056 7.155570255899651e-13
31100.056 7.526773461293612e-13
31150.056 1.5376090618690924e-12
31200.056 1.2128487420867806e-11
31250.056 6.7422154913073174e-12
31300.056 1.7124248476055299e-12
31350.056 1.1775708002209213e-11
31400.056 8.914875739127556e-12
31450.056 7.367630281735018e-12
31500.056 1.645412020738632e-12
31550.056 4.000213957794649e-12
31600.056 3.4673118551420422e-12
31650.056 2.6366360130280026e-12
31700.056 1.4753469233168244e-12
31750.056 9.1557621073438e-13
31800.056 1.357857192169622e-12
31850.056 1.504972672240737e-13
31900.056 3.8340365470089564e-13
31950.056 2.683522072894794e-13
32000.056 1.0889166268752536e-13
32050.056 1.7950611874105267e-13
32100.056 1.7062582810531691e-13
32150.056 9.391179748203723e-14
32200.056 3.293153882781553e-14
32250.056 8.646256505089726e-14
32300.056 1.430966478460464e-14
32350.056 5.683171315662518e-14
32400.056 2.6506370695347178e-15
32450.056 3.1344229704142575e-14
32500.056 2.1754754776167775e-15
32550.056 1.876810622511966e-14
32600.056 1.081181829111889e-15
32650.056 5.695770089284166e-14
32700.056 2.164558936049244e-15
32750.056 1.8355391597070664e-13
32800.056 5.092622209070582e-14
32850.056 8.707444805955741e-13
32900.056 5.54858439836697e-13
32950.056 6.633078312446272e-13
33000.056 1.4178397463664327e-13
33050.056 6.884432300994548e-14
33100.056 8.666597487850504e-15
33150.056 5.41679142958107e-18
33200.056 1.1873671712757405e-15
33250.056 2.396296463811181e-15
33300.056 5.823482168625744e-14
33350.056 6.567247911552181e-14
33400.056 5.638476411515303e-13
33450.056 4.628317910068419e-14
33500.056 4.3677077808836445e-13
33550.056 4.678052326709762e-14
33600.056 1.9013814290386176e-13
33650.056 1.9689825742785774e-13
33700.056 1.967759069029525e-14
33750.056 2.623389908297462e-13
33800.056 7.213673667736045e-15
33850.056 1.21068156749969e-13
33900.056 1.4549601118297403e-13
33950.056 1.5558321217561526e-13
34000.056 4.4881417796041234e-13
34050.056 6.80710091091854e-14
34100.056 5.733468919970417e-13
34150.056 1.8457090108918053e-13
34200.056 9.203521377903265e-13
34250.056 2.513571972383124e-13
34300.056 4.547211707046521e-13
34350.056 2.696868238105789e-12
34400.056 3.057285974998563e-13
34450.056 1.6847863844478728e-12
34500.056 4.1824946381121925e-13
34550.056 1.237826121792026e-12
34600.056 6.313341560431787e-12
34650.056 2.00004011286035e-13
34700.056 2.6229939862227267e-12
34750.056 1.4498099936666307e-12
34800.056 1.1464922681117583e-12
34850.056 5.468678531145198e-12
34900.056 3.7892117820216553e-13
34950.056 7.61274453564307e-12
35000.056 7.995106871745364e-12
35050.056 8.131044266231869e-12
35100.056 1.3578468026261788e-11
35150.056 1.0008890089847961e-11
35200.056 8.232657381843131e-12
35250.056 1.8271647154081533e-11
35300.056 4.457825544201131e-12
35350.056 2.4396896259573576e-12
35400.056 1.4509919216047032e-12
35450.056 1.8756247746906154e-12
35500.056 9.219167943844002e-12
35550.056 4.136439410919238e-12
35600.056 1.1685624546325765e-11
35650.056 2.1691585830811824e-11
35700.056 2.3253657537877827e-11
35750.056 1.2900469007125144e-11
35800.056 6.658650042477283e-12
35850.056 2.8187556019399654e-12
35900.056 3.4193945387911722e-12
35950.056 6.7893981430771565e-12
36000.056 1.0808655074600518e-11
36050.056 6.905711119967369e-12
36100.056 6.471293272832831e-12
36150.056 4.056509065888559e-11
36200.056 2.7698859682013836e-11
36250.056 1.3462673581879328e-11
36300.056 6.331610769338864e-11
36350.056 2.8601226022656325e-11
36400.056 4.975948495136377e-11
36450.056 3.9079604121709475e-11
36500.056 3.623239180600038e-11
36550.056 1.0289540020671995e-10
36600.056 7.873832594396377e-11
36650.056 4.197209303521031e-11
36700.056 7.745849718307646e-11
36750.056 9.96575446193052e-11
36800.056 1.3526313511160221e-10
36850.056 3.144181372265281e-11
36900.056 6.425715405198228e-11
36950.056 1.3832858103533535e-10
37000.056 7.501942639930321e-11
37050.056 1.4822361143353263e-10
37100.056 4.191984821504214e-11
37150.056 6.703716019754076e-11
37200.056 2.1426087642841538e-10
37250.056 1.093956414937793e-10
37300.056 3.5480970854734006e-11
37350.056 7.81100953046284e-11
37400.056 1.3758213652085335e-10
37450.056 3.749837157820913e-11
37500.056 9.015983101707422e-11
37550.056 2.361312677761121e-10
37600.056 5.082764997116114e-10
37650.056 7.05777685411133e-11
37700.056 1.587796547970787e-10
37750.056 1.3745024127847486e-10
37800.056 9.562472622758251e-11
37850.056 4.0781450985538263e-11
37900.056 4.736049971143063e-11
37950.056 1.39705794674864e-10
38000.056 1.348379884752269e-10
38050.056 3.4318066131104497e-10
38100.056 3.680832818879601e-10
38150.056 5.929042229148319e-10
38200.056 3.480153833339015e-10
38250.056 6.101430179051867e-10
38300.056 9.531000901186875e-10
38350.056 5.193860940184453e-10
38400.056 1.0353858113379213e-10
38450.056 1.9562284377506085e-11
38500.056 2.1003647596758884e-11
38550.056 1.7605035393407806e-10
38600.056 2.1550634476479408e-10
38650.056 2.556579503014048e-10
38700.056 7.6077235083695e-11
38750.056 1.9006220921936038e-10
38800.056 1.704460319771139e-10
38850.056 2.8113999073740906e-10
38900.056 3.271452953397513e-10
38950.056 1.486147638530025e-10
39000.056 4.947249468589789e-10
39050.056 9.645740717457232e-11
39100.056 2.7396038191918815e-10
39150.056 5.855561468776073e-10
39200.056 2.801801102232684e-10
39250.056 7.189312345176338e-10
39300.056 2.710739852206537e-10
39350.056 8.718396234033637e-10
39400.056 2.994882625898322e-10
39450.056 6.610827520224373e-10
39500.056 5.59563186264913e-10
39550.056 1.5140410532143967e-10
39600.056 6.763265937758914e-10
39650.056 6.997139977872148e-10
39700.056 8.588240698174473e-10
39750.056 2.480657991890952e-10
39800.056 2.588078049689443e-10
39850.056 8.692640575162758e-10
39900.056 1.418962339487211e-09
39950.056 2.9027177943158774e-10
40000.056 7.325166500392737e-10
40050.056 9.673734848147625e-10
40100.056 2.272657382089061e-10
40150.056 8.616931392441998e-10
40200.056 9.93847691679753e-10
40250.056 1.1820312272704353e-09
40300.056 1.2449661515487604e-09
40350.056 5.16815716980261e-10
40400.056 7.366532404044199e-10
40450.056 2.3249431932012682e-10
40500.056 1.3197562785977318e-09
40550.056 1.452963068592047e-09
40600.056 1.0234567196880058e-09
40650.056 6.232370137075798e-10
40700.056 1.3950656452223538e-09
40750.056 9.30072391647639e-10
40800.056 4.668117410616633e-10
40850.056 2.487818964018676e-09
40900.056 1.9978362425035188e-09
40950.056 1.6873610944771915e-09
41000.056 9.164258288367077e-10
41050.056 2.623662654359169e-09
41100.056 2.064346657363542e-09
41150.056 4.3212569720752165e-10
41200.056 3.0267161050746435e-09
41250.056 1.7365964272230984e-09
41300.056 1.7817993926236638e-09
41350.056 3.2427762215698345e-09
41400.056 2.307384255039721e-09
41450.056 3.922483529628591e-09
41500.056 2.002291736827118e-09
41550.056 1.507951461323705e-09
41600.056 1.746237765731392e-09
41650.056 3.3197440160363834e-09
41700.056 5.156722080019126e-09
41750.056 3.373684856169333e-09
41800.056 2.973828432910542e-09
41850.056 3.2284763082097623e-09
41900.056 2.0053611197192535e-09
41950.056 1.920639753734374e-09
42000.056 3.7567200113664085e-10
42050.056 9.903104586138844e-10
42100.056 1.1040067387627046e-09
42150.056 1.6773185494388499e-09
42200.056 2.825441480568946e-09
42250.056 1.8367812133967185e-09
42300.056 1.4951884616241512e-09
42350.056 3.5606897243580536e-09
42400.056 5.106520492330779e-09
42450.056 5.831556767701112e-09
42500.056 6.080333866999128e-09
42550.056 4.725133378789075e-09
42600.056 4.2131474032861115e-09
42650.056 6.985516139597782e-09
42700.056 2.033871078892493e-09
42750.056 5.9570465579812605e-09
42800.056 1.0570112962301145e-08
42850.056 9.808175070497813e-09
42900.056 9.331261145171503e-09
42950.056 7.952653913950096e-09
43000.056 9.489277601320894e-09
43050.056 3.769017780308678e-09
43100.056 6.300388540961941e-09
43150.056 5.262053871930455e-09
43200.056 1.0824788886501182e-08
43250.056 1.2871922293700392e-08
43300.056 1.2333007243900195e-08
43350.056 6.3849453028377305e-09
43400.056 9.825057251360956e-09
43450.056 4.962622672666005e-09
43500.056 3.926698592270175e-09
43550.056 5.3971954929906085e-09
43600.056 1.1675909034101664e-08
43650.056 6.360584239530029e-09
43700.056 1.3461825732504885e-08
43750.056 1.375067847119793e-08
43800.056 1.0683623556818223e-08
43850.056 9.253214901360784e-09
43900.056 5.651836095278182e-09
43950.056 3.4621655679597687e-09
44000.056 4.248093315449465e-09
44050.056 1.3942267008199849e-08
44100.056 1.7697746550799935e-08
44150.056 1.6032459888858992e-08
44200.056 1.5335635064100683e-08
44250.056 6.3293883569991065e-09
44300.056 4.873547133880587e-09
44350.056 4.863055567798517e-09
44400.056 4.032867908109874e-09
44450.056 1.066805437169151e-08
44500.056 9.856689561941136e-09
44550.056 1.4108193211399434e-08
44600.056 1.1127858791079535e-08
44650.056 9.580738891501445e-09
44700.056 6.584634114718938e-09
44750.056 1.3020906520002302e-08
44800.056 6.2673366494663615e-09
44850.056 8.47112159417058e-09
44900.056 9.514275287540188e-09
44950.056 1.173501237380211e-08
45000.056 1.6244639946700652e-08
45050.056 1.1900340645098117e-08
45100.056 1.0734973334039878e-08
45150.056 7.897843185448211e-09
45200.056 6.110544328640689e-09
45250.056 7.819525243087908e-09
45300.056 7.751094481480915e-09
45350.056 4.670778308821652e-09
45400.056 2.0535329609102627e-08
45450.056 1.329799122382098e-08
45500.056 2.0563482967381514e-08
45550.056 2.080144108279454e-08
45600.056 1.4569717050102743e-08
45650.056 1.2376549823099973e-08
45700.056 7.127017645979279e-09
45750.056 6.534187749220684e-09
45800.056 1.934503936550097e-08
45850.056 1.223830667768045e-08
45900.056 2.0612722809698297e-08
45950.056 2.0902449428999095e-08
46000.056 1.8994290574801922e-08
46050.056 1.2583088482623145e-08
46100.056 2.6773008703998034e-08
46150.056 1.2821840896500326e-08
46200.056 9.337678689048085e-09
46250.056 2.8650223965988286e-09
46300.056 1.211984372530028e-08
46350.056 1.1579830252371859e-08
46400.056 1.1646489164100283e-08
46450.056 1.0319761821582667e-08
46500.056 1.2722892355122144e-08
46550.056 4.883520118049749e-09
46600.056 7.265606070532929e-09
46650.056 1.3746505678760633e-08
46700.056 8.35098177889766e-09
46750.056 2.86515622421052e-09
46800.056 1.6013280365499348e-09
46850.056 1.1770192733702125e-08
46900.056 1.5151250368199397e-08
46950.056 1.6244544437798976e-08
47000.056 1.6473355278201955e-08
47050.056 8.932787743225297e-09
47100.056 6.468115093120765e-09
47150.056 1.2383267914421462e-08
47200.056 1.2831598245298807e-08
47250.056 5.293234053578927e-09
47300.056 3.426688173970974e-09
47350.056 1.3887895748701762e-08
47400.056 1.4202182700998325e-08
47450.056 7.814185521756221e-09
47500.056 1.5891870986741115e-08
47550.056 1.5076445124500488e-08
47600.056 1.0578553904923531e-08
47650.056 1.2450427689509966e-08
47700.056 8.869299510146706e-09
47750.056 6.5481722310501595e-09
47800.056 4.2244263876007435e-09
47850.056 1.4946796462633526e-09
47900.056 2.982351686874061e-09
47950.056 1.0012559791500605e-08
48000.056 1.4340062254699146e-08
48050.056 1.0360672825360369e-08
48100.056 3.97197397833459e-09
48150.056 9.068181154600383e-09
48200.056 4.265754964739421e-09
48250.056 6.477793466079792e-09
48300.056 1.3475274214499592e-08
48350.056 6.471017339398904e-09
48400.056 9.956900953836764e-10
48450.056 2.116959388776571e-09
48500.056 4.5337523032588955e-09
48550.056 5.761074791112899e-09
48600.056 1.208503317189906e-08
48650.056 1.6041413137698914e-08
48700.056 9.091982656222014e-09
48750.056 8.02460885880129e-09
48800.056 1.243709688840026e-08
48850.056 5.170903046979196e-09
48900.056 4.672658259231443e-09
48950.056 2.0324470730199164e-09
49000.056 1.202312132057325e-09
49050.056 5.189536666909305e-09
49100.056 8.620102835267712e-09
49150.056 6.5438532078110765e-09
49200.056 1.2880651832502033e-08
49250.056 1.3061227030099463e-08
49300.056 9.751513081099584e-09
49350.056 2.8023963752982952e-09
49400.056 4.415798982768613e-09
49450.056 3.5633980314257757e-09
49500.056 2.4440283293264517e-09
49550.056 3.2185923815700147e-10
49600.056 1.0435500221682336e-09
49650.056 4.68713202760092e-09
49700.056 6.199149947798421e-09
49750.056 4.248104673019197e-09
49800.056 2.3009231819561685e-09
49850.056 7.543242841461108e-09
49900.056 7.748604894199529e-09
49950.056 7.7110124298001e-09
50000.056 3.394582153780833e-09
50050.056 4.287552921360447e-09
50100.056 3.660694688799665e-09
50150.056 1.1257107155357444e-09
50200.056 1.5022210658004966e-10
50250.056 1.00478603188001e-09
50300.056 6.673816237301672e-10
50350.056 4.252948739600889e-09
50400.056 5.878820273198877e-09
50450.056 5.099118004120906e-09
50500.056 8.372769680539968e-09
50550.056 7.536553940700496e-09
50600.056 4.529878556343795e-09
50650.056 9.303511676301153e-09
50700.056 7.500894540799335e-09
50750.056 3.691044530360005e-09
50800.056 7.346226921808347e-10
50850.056 3.020688478051298e-10
50900.056 3.0139556827004386e-09
50950.056 3.683154600899504e-09
51000.056 2.302634360760231e-09
51050.056 5.216777817769584e-09
51100.056 1.4295515655299576e-09
51150.056 1.099453585394278e-09
51200.056 5.917767702000023e-09
51250.056 4.448096540759383e-09
51300.056 2.6658415210205636e-09
51350.056 1.6361545921996432e-09
51400.056 3.1804419113706943e-10
51450.056 3.0145592021430873e-10
51500.056 3.18579847214918e-10
51550.056 1.5320175068703728e-09
51600.056 1.9875954854905625e-09
51650.056 3.5058789850101597e-09
51700.056 2.9983452325235557e-09
51750.056 1.7354963709204068e-09
51800.056 4.3259727942997e-09
51850.056 3.264948433369778e-09
51900.056 2.565548884489899e-09
51950.056 1.0232525655798649e-09
52000.056 1.223158768819767e-10
52050.056 4.808608390900362e-10
52100.056 2.586288683959548e-10
52150.056 1.5012249739205144e-10
52200.056 6.721868048300144e-10
52250.056 1.2699561046902659e-09
52300.056 1.256143787769879e-09
52350.056 2.8701985487136306e-10
52400.056 3.40583839496996e-10
52450.056 1.85581331901011e-09
52500.056 1.1554547187587718e-09
52550.056 2.3459269912999437e-09
52600.056 2.1859735793300597e-09
52650.056 2.5631029957500135e-09
52700.056 1.4232114442398053e-09
52750.056 3.0549679059590427e-10
52800.056 7.210192173201316e-10
52850.056 8.558175876697975e-10
52900.056 2.343712717617048e-10
52950.056 4.431968394290764e-10
53000.056 1.1025314996901902e-09
53050.056 3.709492579699173e-10
53100.056 1.8479505441999384e-09
53150.056 1.6344451499347363e-09
53200.056 7.858768097589694e-10
53250.056 1.1737616998251988e-09
53300.056 1.5437317969562419e-09
53350.056 1.123721637912089e-09
53400.056 6.537147992097845e-10
53450.056 2.1432491539195208e-10
53500.056 6.168451400908104e-11
53550.056 1.0891490577000643e-10
