galfind/configs/Brown_Dwarf_templates/sonora_bobcat/m+0.5/100g/sp_t425g100nc_m+0.5_resample.dat
# %ECSV 1.0
# ---
# datatype:
# - {name: wav, unit: Angstrom, datatype: float64}
# - {name: flux_nu, unit: erg / (cm2 Hz s), datatype: float64}
# meta: {C/O: '1.00', Kzz: '1.0000E+05', Teff: '425.', Y: '0.28', '[Fe/H]': '0.50', f_hole: '1.00', f_rain: '0.00', grav: '100.'}
# schema: astropy-2.0
wav flux_nu
4000.0559999999996 nan
4050.0559999999996 2.4502927266931382e-17
4100.056 2.662335497710052e-15
4150.056 2.4773746848100234e-14
4200.056 2.454831472352635e-14
4250.056 2.1684208754800188e-13
4300.056 4.972805366700013e-13
4350.056 9.107902478800025e-13
4400.056 1.4903980970000022e-12
4450.056 2.3442122386000022e-12
4500.056 3.398148952600009e-12
4550.056 3.197011832930983e-12
4600.056 4.5123824383599755e-13
4650.056 2.401521630399987e-13
4700.056 1.1103403144899915e-13
4750.056 4.227951792599961e-14
4800.056 2.0113532588999878e-14
4850.056 1.0123457717899938e-14
4900.056 6.149424095299981e-15
4950.056 4.196698068699988e-15
5000.056 2.650381498899982e-15
5050.056 1.830636848420005e-15
5100.056 1.93802614850003e-15
5150.056 2.174562013000024e-15
5200.056 2.423384451200011e-15
5250.056 2.6593173183000017e-15
5300.056 2.9174698528000003e-15
5350.056 3.216799972300005e-15
5400.056 3.513247624000005e-15
5450.056 3.88574525160004e-15
5500.056 4.326317881000044e-15
5550.056 4.805719859000013e-15
5600.056 5.2717719824999985e-15
5650.056 5.664061466799983e-15
5700.056 5.758676918200008e-15
5750.056 5.7031477302000015e-15
5800.056 5.14461809629999e-15
5850.056 3.741711800299944e-15
5900.056 1.192862297611661e-15
5950.056 6.918859046100349e-15
6000.056 1.4162921728099597e-14
6050.056 2.5480875643000678e-14
6100.056 4.116408048300054e-14
6150.056 6.173832918300048e-14
6200.056 8.959296959500056e-14
6250.056 1.236953076530002e-13
6300.056 1.740301864499998e-13
6350.056 2.38420014310001e-13
6400.056 3.193028274100026e-13
6450.056 3.8226317506698824e-13
6500.056 5.114220741179972e-13
6550.056 7.034150953719831e-13
6600.056 9.691644681500425e-13
6650.056 1.3415294426000139e-12
6700.056 1.7283177792700115e-12
6750.056 2.3706581721000147e-12
6800.056 2.785775873900035e-12
6850.056 2.824280986900002e-12
6900.056 2.2377741723300662e-12
6950.056 1.6865696930760748e-12
7000.056 1.8047858917689883e-12
7050.056 1.8456630779709753e-12
7100.056 2.006881833799936e-12
7150.056 1.6130009287307637e-12
7200.056 1.3577290457307932e-12
7250.056 1.5360031279645163e-12
7300.056 1.5595474818431765e-12
7350.056 1.8214815656961452e-12
7400.056 2.0910575567851424e-12
7450.056 2.5388669812302116e-12
7500.056 2.9306393956699617e-12
7550.056 3.2612353209999873e-12
7600.056 3.4399338291999955e-12
7650.056 1.6957477446969593e-12
7700.056 1.5622842424080365e-12
7750.056 4.324635352700047e-12
7800.056 5.349671909639898e-12
7850.056 6.696305774399995e-12
7900.056 8.30469882579968e-12
7950.056 9.335249134299913e-12
8000.056 1.163355044120002e-11
8050.056 1.3626733475200255e-11
8100.056 1.13924799583448e-11
8150.056 1.1168165813427763e-11
8200.056 1.770877381834755e-11
8250.056 1.98165512691013e-11
8300.056 2.413990280075302e-11
8350.056 2.5160835912294555e-11
8400.056 2.9868955363929504e-11
8450.056 4.064194110449918e-11
8500.056 4.813041004949843e-11
8550.056 6.343293145600081e-11
8600.056 7.942976941500082e-11
8650.056 9.306499745000167e-11
8700.056 9.80233424680018e-11
8750.056 1.1044253376000024e-10
8800.056 1.1214579670500008e-10
8850.056 8.495977342199387e-11
8900.056 1.3126421168598677e-11
8950.056 1.6388027431456108e-11
9000.056 1.1664406258248907e-11
9050.056 4.6232800524303015e-11
9100.056 6.260035782484621e-11
9150.056 7.974045917398241e-11
9200.056 1.5367314207287504e-10
9250.056 1.4192367564476448e-10
9300.056 1.1789659912037991e-11
9350.056 1.5243862585448598e-11
9400.056 4.142565665865224e-11
9450.056 4.9414957918252596e-11
9500.056 3.905735318122868e-11
9550.056 4.6210986082809e-11
9600.056 4.2785897747510445e-11
9650.056 6.904253689323114e-11
9700.056 1.3755853839962195e-10
9750.056 1.2376440845745694e-10
9800.056 1.360603372767928e-10
9850.056 1.498135836320593e-10
9900.056 2.0507500791498697e-10
9950.056 1.7644696253399282e-10
10000.056 2.2525955741906244e-10
10050.056 2.5055663100601953e-10
10100.056 3.561935923289724e-10
10150.056 3.6210106173820496e-10
10200.056 3.5933692107724755e-10
10250.056 4.6268362403588493e-10
10300.056 6.637488350178434e-10
10350.056 7.008457635030039e-10
10400.056 1.3309158171264482e-09
10450.056 1.953491598970516e-09
10500.056 2.6481634808936196e-09
10550.056 3.581347376690151e-09
10600.056 4.113951862979869e-09
10650.056 4.526742509140239e-09
10700.056 4.2800901221476714e-09
10750.056 4.5425528750670635e-09
10800.056 4.22240784770471e-09
10850.056 3.4470450548554626e-09
10900.056 2.0490292936827452e-09
10950.056 7.555003763695013e-10
11000.056 4.0854699793850655e-10
11050.056 2.0280769902034318e-10
11100.056 8.910454644912382e-11
11150.056 2.573556505836115e-11
11200.056 1.1419963277211282e-11
11250.056 1.2730277302112e-11
11300.056 2.9407936705826725e-11
11350.056 6.18351770659488e-12
11400.056 2.649940777984386e-11
11450.056 1.8961372532290303e-11
11500.056 1.1317212501536946e-11
11550.056 1.528224511297836e-12
11600.056 1.0225882191585262e-12
11650.056 6.103605649024288e-12
11700.056 6.655626459665996e-12
11750.056 8.517126487771081e-13
11800.056 7.848859098022807e-12
11850.056 1.3397340231302044e-11
11900.056 1.3177893812592774e-11
11950.056 2.519295331270426e-11
12000.056 5.400519010245911e-11
12050.056 1.1548334439046728e-10
12100.056 2.2869538386316333e-10
12150.056 4.297032985286981e-10
12200.056 6.019646155066887e-10
12250.056 1.1581022522247085e-09
12300.056 2.1678702969636094e-09
12350.056 2.420570716308244e-09
12400.056 4.3624841329389525e-09
12450.056 7.003658671788974e-09
12500.056 8.191087577399551e-09
12550.056 1.034118346710394e-08
12600.056 1.2247878387105868e-08
12650.056 1.2492454406907917e-08
12700.056 1.2107874945830182e-08
12750.056 8.314914773370675e-09
12800.056 5.640631677603132e-09
12850.056 2.8733161292615776e-09
12900.056 1.950448312843e-09
12950.056 1.3922286576334465e-09
13000.056 1.3083271466899246e-09
13050.056 6.66441958279829e-10
13100.056 5.50536425860561e-10
13150.056 3.0893351140338285e-10
13200.056 2.7925428048281584e-10
13250.056 1.9927065120864436e-10
13300.056 6.743235378094413e-11
13350.056 1.841153165571515e-11
13400.056 1.1092943490000044e-11
13450.056 3.0254558498435392e-12
13500.056 1.0643459528594647e-12
13550.056 3.681596074167688e-13
13600.056 5.137575187354861e-14
13650.056 5.799993619999075e-13
13700.056 2.792763225490426e-13
13750.056 5.691543136761006e-13
13800.056 4.229222102306177e-13
13850.056 2.3496059392849646e-13
13900.056 4.497000149931109e-13
13950.056 2.958795885426691e-13
14000.056 3.6337371308745476e-13
14050.056 6.967510456498158e-13
14100.056 8.397232849528387e-13
14150.056 1.944631519238655e-12
14200.056 1.0732145098931585e-12
14250.056 1.8335157725217104e-12
14300.056 4.7520924356639826e-12
14350.056 5.028038577089337e-12
14400.056 5.5451467933111335e-12
14450.056 1.0103796056525348e-11
14500.056 2.3912824515735386e-11
14550.056 2.61869840099871e-11
14600.056 3.0782753918068345e-11
14650.056 1.6545002207306306e-11
14700.056 6.840286902469404e-12
14750.056 2.5495222508127626e-12
14800.056 6.1827436868652504e-12
14850.056 9.080260569963852e-12
14900.056 9.358438313249747e-12
14950.056 6.113118916880595e-12
15000.056 1.964638093637066e-11
15050.056 1.4612753722286755e-11
15100.056 8.751849702312274e-12
15150.056 5.674871211861074e-12
15200.056 1.455500197766952e-11
15250.056 3.988295082135571e-11
15300.056 5.00386199348719e-11
15350.056 8.044476803736926e-11
15400.056 1.1562883474601701e-10
15450.056 1.720780510004443e-10
15500.056 1.9184311894271046e-10
15550.056 4.099113286472835e-10
15600.056 5.899455263263724e-10
15650.056 1.0238457082924526e-09
15700.056 1.6761183060703291e-09
15750.056 2.333466708648449e-09
15800.056 2.7451542090115474e-09
15850.056 3.397834702478662e-09
15900.056 3.1215614604971058e-09
15950.056 2.925245165799353e-09
16000.056 1.987905797816419e-09
16050.056 9.280172153478311e-10
16100.056 5.247600028275292e-10
16150.056 2.367319161227383e-10
16200.056 1.1232850030054319e-10
16250.056 6.723930177054341e-11
16300.056 3.702390625845565e-11
16350.056 4.718095806164265e-11
16400.056 6.18450791651273e-11
16450.056 4.663794543296767e-11
16500.056 3.7525065761625166e-11
16550.056 3.917105504663313e-11
16600.056 6.717869724906734e-11
16650.056 5.108584219896395e-11
16700.056 5.3601128571311656e-12
16750.056 2.2496288872964144e-11
16800.056 3.993836189216702e-11
16850.056 4.9056373039422345e-11
16900.056 1.9493931237507516e-11
16950.056 9.768663733371102e-12
17000.056 4.859061720040237e-12
17050.056 1.1241976670894421e-11
17100.056 2.311503060338277e-11
17150.056 1.051330337300497e-11
17200.056 5.16406596031516e-11
17250.056 2.5679042571665844e-11
17300.056 1.4003223193299683e-11
17350.056 1.589535856350979e-11
17400.056 3.319909630058594e-11
17450.056 4.761583028103356e-11
17500.056 6.874463195761418e-11
17550.056 6.314359836142396e-11
17600.056 4.5328773535149915e-11
17650.056 4.091736450587419e-11
17700.056 2.945733153728165e-11
17750.056 3.235023347588838e-11
17800.056 9.885792513587171e-11
17850.056 3.754268525467394e-11
17900.056 2.708025287301371e-11
17950.056 2.1441337944718714e-11
18000.056 3.48781856913363e-11
18050.056 3.044130670966321e-11
18100.056 4.0536447970745705e-11
18150.056 3.100618804601524e-11
18200.056 2.2180418440525294e-11
18250.056 8.705475366695447e-11
18300.056 1.5949401996950454e-11
18350.056 1.168587406638701e-11
18400.056 7.985843558897991e-12
18450.056 4.673459026780129e-11
18500.056 4.663063384804337e-11
18550.056 2.4432857762308412e-11
18600.056 3.7145793437509026e-11
18650.056 2.4880337551128412e-11
18700.056 5.298048383595478e-12
18750.056 1.4284203018380164e-11
18800.056 7.945868301266996e-11
18850.056 8.213489584037849e-11
18900.056 6.81395726958669e-11
18950.056 1.1741997679704418e-10
19000.056 2.7506584746286943e-11
19050.056 1.1867160199784278e-11
19100.056 3.020319387474976e-11
19150.056 1.195224198434686e-11
19200.056 1.8303975836135878e-11
19250.056 1.386193139559442e-11
19300.056 8.727477629439697e-12
19350.056 7.382110496445285e-12
19400.056 6.918178874928052e-12
19450.056 1.4081186124995666e-11
19500.056 6.800175791824468e-12
19550.056 1.3049058077910182e-11
19600.056 4.122824789862377e-11
19650.056 2.3432939649262923e-11
19700.056 2.8633093464353593e-11
19750.056 5.971499645708842e-11
19800.056 3.59599928440769e-11
19850.056 4.6681318591548003e-11
19900.056 6.899876437883161e-11
19950.056 1.061959434828253e-10
20000.056 1.5560935907431516e-10
20050.056 1.0638226116935338e-10
20100.056 2.2409709559400157e-10
20150.056 9.445566227838427e-11
20200.056 6.564810899231664e-11
20250.056 1.6936167552804503e-10
20300.056 2.0933634901305537e-10
20350.056 2.56590725248805e-10
20400.056 1.882247551352221e-10
20450.056 4.0260733078427327e-10
20500.056 5.297315297479086e-10
20550.056 6.845194553833951e-10
20600.056 7.248292405540772e-10
20650.056 1.0683488068847245e-09
20700.056 1.2598507190783804e-09
20750.056 1.6464550494901633e-09
20800.056 1.585071994104901e-09
20850.056 1.967985958451177e-09
20900.056 2.2859064110042634e-09
20950.056 2.139720043080061e-09
21000.056 2.09798024269494e-09
21050.056 2.3200619673593866e-09
21100.056 2.0743754174603126e-09
21150.056 2.1210210594286957e-09
21200.056 1.877377841534116e-09
21250.056 1.661533602430742e-09
21300.056 1.2115324817464388e-09
21350.056 1.2422404507765755e-09
21400.056 1.1017193821900065e-09
21450.056 7.766479838650242e-10
21500.056 6.375369360129082e-10
21550.056 5.588906716204415e-10
21600.056 4.209078705632744e-10
21650.056 2.769734865081336e-10
21700.056 2.136904314815565e-10
21750.056 2.2220507526688404e-10
21800.056 1.3328746421820132e-10
21850.056 1.346836780764179e-10
21900.056 8.315081837240443e-11
21950.056 2.264106073934728e-11
22000.056 3.3668522145252637e-12
22050.056 4.790767398518918e-12
22100.056 2.2796575405538513e-11
22150.056 1.904471535933612e-11
22200.056 2.037083499774358e-11
22250.056 1.5748336636735834e-11
22300.056 6.874653371370034e-12
22350.056 9.874896402079364e-12
22400.056 3.2859559895011034e-12
22450.056 4.969089438448238e-12
22500.056 3.870237448864314e-12
22550.056 2.054738082296881e-12
22600.056 1.5305656182630296e-12
22650.056 3.5027034082331875e-12
22700.056 2.77607434551237e-12
22750.056 3.4214193498674166e-12
22800.056 3.5348365239439625e-12
22850.056 2.4597973393150574e-12
22900.056 1.7501814859647847e-12
22950.056 1.3748165222511665e-12
23000.056 2.132836247308318e-12
23050.056 2.660158462917176e-12
23100.056 1.666997554559944e-11
23150.056 1.7805027212778073e-11
23200.056 5.617227695213219e-13
23250.056 2.2846486081438576e-12
23300.056 2.287224175476714e-12
23350.056 3.988031242692279e-12
23400.056 3.053560832275484e-12
23450.056 1.7155436436739639e-12
23500.056 1.8186435214153268e-12
23550.056 4.031956403642701e-12
23600.056 8.674244965246434e-12
23650.056 1.3196448135391315e-11
23700.056 2.281505172325572e-12
23750.056 1.911456389396122e-12
23800.056 9.961025039796035e-12
23850.056 6.830721037569736e-12
23900.056 1.6408894503697533e-11
23950.056 8.754634541227194e-12
24000.056 2.024798609364882e-11
24050.056 2.666358840940274e-11
24100.056 3.2771346853470495e-11
24150.056 4.825883021411066e-11
24200.056 2.898387010470121e-11
24250.056 2.278416926452484e-11
24300.056 4.2014269981041584e-11
24350.056 3.4943726077899854e-11
24400.056 8.723347338944998e-11
24450.056 1.0512384238227248e-10
24500.056 9.156982500669204e-11
24550.056 1.4545166573917206e-10
24600.056 1.493905046704339e-10
24650.056 2.618640405219406e-10
24700.056 1.3120954975712694e-10
24750.056 1.8901647486222001e-10
24800.056 1.6111166530730253e-10
24850.056 2.8597091788068087e-10
24900.056 1.251693865980062e-10
24950.056 2.7499427082658235e-10
25000.056 2.7484629701703497e-10
25050.056 1.7346280668995375e-10
25100.056 2.815898270694233e-10
25150.056 1.1635707183093883e-10
25200.056 1.8445403978609355e-10
25250.056 7.054660709913443e-11
25300.056 1.0213305706423849e-10
25350.056 4.42595578525318e-11
25400.056 1.2140928782645518e-10
25450.056 3.201863659314396e-11
25500.056 2.6993367422475703e-11
25550.056 5.897781797386834e-11
25600.056 2.5546502793970146e-11
25650.056 1.3761391271025123e-11
25700.056 1.5313315326891507e-11
25750.056 3.844799073570418e-12
25800.056 2.453235607569378e-11
25850.056 3.670112303352513e-12
25900.056 5.188875491055795e-12
25950.056 1.0618879038719808e-12
26000.056 2.0672001714750482e-11
26050.056 1.752102154991236e-12
26100.056 1.0737762624203218e-11
26150.056 4.055808304780259e-12
26200.056 5.9671066696929006e-12
26250.056 5.1854420084646594e-11
26300.056 8.443205925851106e-12
26350.056 8.890800029709509e-11
26400.056 1.467328768031349e-10
26450.056 1.0294474698175114e-10
26500.056 2.4352907026475733e-10
26550.056 1.97137640428531e-11
26600.056 2.4567145579506593e-11
26650.056 2.740976183340725e-12
26700.056 1.4620184517241463e-12
26750.056 2.7189611436134566e-12
26800.056 1.0407165552477188e-11
26850.056 5.593373293939357e-12
26900.056 3.3549433656891924e-11
26950.056 9.555807562412606e-12
27000.056 6.322179832564411e-11
27050.056 7.661238518626034e-11
27100.056 6.065501454839064e-12
27150.056 8.760443672086884e-11
27200.056 5.912415558505153e-12
27250.056 2.6559869330641105e-11
27300.056 2.3784319520548975e-10
27350.056 6.912721167924214e-11
27400.056 2.629929570849087e-12
27450.056 9.425126673594183e-11
27500.056 1.1298256627510014e-10
27550.056 1.4995177061369358e-11
27600.056 5.0662932993893717e-11
27650.056 1.1136118637281773e-11
27700.056 1.0288049748895938e-11
27750.056 8.148779546709853e-11
27800.056 2.0002422019713518e-11
27850.056 3.7917528325598546e-11
27900.056 3.676272225761013e-11
27950.056 1.0659085742072545e-10
28000.056 1.037864095290383e-10
28050.056 9.67135814080294e-12
28100.056 9.30152284389021e-11
28150.056 7.29172309003126e-11
28200.056 1.6712383922853765e-11
28250.056 1.3290829745230844e-10
28300.056 1.1943859708212163e-10
28350.056 2.235441654091347e-11
28400.056 8.421555924222545e-11
28450.056 1.5678094556799863e-10
28500.056 9.225190042202678e-11
28550.056 1.8672998946097907e-11
28600.056 1.5991689951224152e-10
28650.056 9.932224690542407e-11
28700.056 1.6581979777107735e-10
28750.056 2.345677162894008e-10
28800.056 9.077863894655076e-11
