galfind/configs/Brown_Dwarf_templates/sonora_bobcat/m0.0/562g/sp_t425g562nc_m0.0_resample.dat
# %ECSV 1.0
# ---
# datatype:
# - {name: wav, unit: Angstrom, datatype: float64}
# - {name: flux_nu, unit: erg / (cm2 Hz s), datatype: float64}
# meta: {C/O: '1.00', Kzz: '1.0000E+05', Teff: '425.', Y: '0.28', '[Fe/H]': '0.00', f_hole: '1.00', f_rain: '0.00', grav: '562.'}
# schema: astropy-2.0
wav flux_nu
[from data line 499]
28950.056 1.3492912023115472e-10
29000.056 9.346280215995552e-11
29050.056 1.5672500789799258e-10
29100.056 6.710976684853819e-11
29150.056 1.121306998011401e-10
29200.056 2.445040122800514e-10
29250.056 2.366299747263324e-10
29300.056 1.402988719402982e-10
29350.056 3.9094215005989254e-10
29400.056 1.4994535814430688e-10
29450.056 8.590407902312283e-11
29500.056 3.887737460567007e-10
29550.056 1.2698267394035396e-10
29600.056 1.649499858224952e-10
29650.056 5.958805527713539e-10
29700.056 1.050397792722657e-10
29750.056 3.8028952206854805e-10
29800.056 2.526417315194327e-10
29850.056 5.231748721852139e-10
29900.056 2.33250462901888e-10
29950.056 2.576268679420206e-10
30000.056 4.606363714944073e-12
30050.056 3.3445731822236266e-11
30100.056 1.3604481537655404e-10
30150.056 5.031809998708779e-10
30200.056 3.284526742321339e-10
30250.056 6.081642056799237e-10
30300.056 7.525736523006812e-10
30350.056 1.6859266383152846e-10
30400.056 8.272648082029421e-10
30450.056 5.640673115025461e-10
30500.056 3.4053142086479684e-10
30550.056 2.6441948229786314e-10
30600.056 2.194425854341395e-09
30650.056 8.432816356938465e-10
30700.056 4.928220583155774e-10
30750.056 9.677746283787014e-10
30800.056 8.978488398672379e-10
30850.056 9.690532244258522e-10
30900.056 5.234326597610738e-10
30950.056 4.07227534891423e-10
31000.056 5.23193691752231e-10
31050.056 3.7933173671900017e-10
31100.056 2.173127418064437e-10
31150.056 4.196253773646263e-10
31200.056 1.2982979729481344e-09
31250.056 5.408066376182938e-10
31300.056 3.474630743099469e-10
31350.056 8.749578878015642e-10
31400.056 5.473954405346771e-10
31450.056 5.962449634214745e-10
31500.056 1.963270607564527e-10
31550.056 3.880813538116342e-10
31600.056 2.7288769595547617e-10
31650.056 2.145809811157878e-10
31700.056 1.9562222766567243e-10
31750.056 9.133300030014757e-11
31800.056 1.9724728204213892e-10
31850.056 3.6227934618097785e-11
31900.056 9.116517107136188e-11
31950.056 4.7767032892712704e-11
32000.056 3.8574814263814686e-11
32050.056 5.0683304728398175e-11
32100.056 4.035597559816335e-11
32150.056 4.333720547836586e-11
32200.056 2.0776974048581693e-11
32250.056 5.127603356183931e-11
32300.056 1.4394097459381039e-11
32350.056 5.426739571845459e-11
32400.056 7.414006339307343e-12
32450.056 3.897676985649246e-11
32500.056 8.603992126194172e-12
32550.056 3.534464056750918e-11
32600.056 9.475062932507409e-12
32650.056 7.689944678628087e-11
32700.056 1.5197636520269475e-11
32750.056 1.7405353181348174e-10
32800.056 9.768384091627736e-11
32850.056 3.4821257374027064e-10
32900.056 3.029390737619927e-10
32950.056 3.1069908799224933e-10
33000.056 9.136471016865749e-11
33050.056 1.0522644180815412e-10
33100.056 2.020222395771241e-11
33150.056 8.202128284543486e-15
33200.056 6.677035675778867e-13
33250.056 1.2360364009185073e-12
33300.056 1.3508337965158841e-11
33350.056 3.9829550974812214e-11
33400.056 1.452490834705548e-10
33450.056 6.388484862696741e-11
33500.056 2.6919428847813487e-10
33550.056 4.917211009391934e-11
33600.056 1.289023113753199e-10
33650.056 1.2849948421637104e-10
33700.056 3.466900690213294e-11
33750.056 1.7317065693078108e-10
33800.056 1.3378708096007361e-11
33850.056 8.087690416170815e-11
33900.056 8.692691664453998e-11
33950.056 7.233482771303563e-11
34000.056 1.6842649530038822e-10
34050.056 2.4743159938289788e-11
34100.056 1.635722864622295e-10
34150.056 5.416892602754217e-11
34200.056 1.789871715350929e-10
34250.056 9.964126783518076e-11
34300.056 1.0346582638629013e-10
34350.056 3.0593911542103154e-10
34400.056 6.568101248380816e-11
34450.056 2.7781802142184173e-10
34500.056 1.2549481686004542e-10
34550.056 1.1826756447482497e-10
34600.056 5.749998008666734e-10
34650.056 5.986546459289534e-11
34700.056 3.7594668622847214e-10
34750.056 2.0682502533303118e-10
34800.056 1.5407982369204425e-10
34850.056 6.37109330457508e-10
34900.056 1.0133298529678717e-10
34950.056 6.053552673087798e-10
35000.056 9.129317316203352e-10
35050.056 4.78536763734738e-10
35100.056 1.1963462326079111e-09
35150.056 1.002448507522987e-09
35200.056 7.3689080580129e-10
35250.056 1.452155955258607e-09
35300.056 4.190765310583068e-10
35350.056 6.086490540741366e-10
35400.056 4.467798462027883e-10
35450.056 3.8774034658965986e-10
35500.056 1.4886356243426522e-09
35550.056 8.17854396358104e-10
35600.056 1.1738672929698103e-09
35650.056 1.3569794999316193e-09
35700.056 1.357828713151512e-09
35750.056 1.9916753281224063e-09
35800.056 1.2313735972847323e-09
35850.056 5.721605977302545e-10
35900.056 8.400913563345806e-10
35950.056 1.3447114738926337e-09
36000.056 1.446391733622195e-09
36050.056 1.0203472371538022e-09
36100.056 9.32502108250037e-10
36150.056 2.6288510041726187e-09
36200.056 2.7166615840876007e-09
36250.056 1.606104488188052e-09
36300.056 4.223348297030972e-09
36350.056 2.4031710746012667e-09
36400.056 3.850206693053325e-09
36450.056 3.0250584665773528e-09
36500.056 3.3209008537194878e-09
36550.056 5.970562966118964e-09
36600.056 6.530121305998338e-09
36650.056 3.954712232985347e-09
36700.056 4.31369571242769e-09
36750.056 6.332412360902433e-09
36800.056 7.488472729757395e-09
36850.056 3.73292608628495e-09
36900.056 5.350355001269937e-09
36950.056 7.719464228398557e-09
37000.056 5.015208523320704e-09
37050.056 8.274868647003474e-09
37100.056 3.898596180088013e-09
37150.056 5.46953745894603e-09
37200.056 1.0199523464898887e-08
37250.056 5.350228305177813e-09
37300.056 3.636871968734967e-09
37350.056 6.798554923665781e-09
37400.056 1.0870413550878847e-08
37450.056 4.122285677591661e-09
37500.056 5.722329745925814e-09
37550.056 1.2994416121813961e-08
37600.056 1.9476561127401768e-08
37650.056 5.1872562406229385e-09
37700.056 1.026893685239131e-08
37750.056 7.357142781737762e-09
37800.056 7.692761212141036e-09
37850.056 4.150297824869945e-09
37900.056 4.927042586962822e-09
37950.056 9.276061363460078e-09
38000.056 8.292310597764044e-09
38050.056 1.2597280611313027e-08
38100.056 1.6841905762959765e-08
38150.056 1.8538310181298565e-08
38200.056 1.3222094279910601e-08
38250.056 1.6497961058788802e-08
38300.056 2.663386661599329e-08
38350.056 2.2319004490606814e-08
38400.056 9.179463215093457e-09
38450.056 3.9962398732732685e-09
38500.056 3.148681283156598e-09
38550.056 1.1211368078302108e-08
38600.056 1.241289659679729e-08
38650.056 1.3315265114548326e-08
38700.056 1.1905060421436896e-08
38750.056 1.2132403538450052e-08
38800.056 1.1972935888320203e-08
38850.056 1.4108688117701385e-08
38900.056 1.72214825150598e-08
38950.056 1.040158059875127e-08
39000.056 1.672451225295598e-08
39050.056 9.954881974846322e-09
39100.056 1.4898560198543363e-08
39150.056 2.18054442299099e-08
39200.056 1.503928492263839e-08
39250.056 2.1832326805610543e-08
39300.056 1.5740165405139333e-08
39350.056 2.78483989268997e-08
39400.056 1.6340656117916575e-08
39450.056 2.4008558115966535e-08
39500.056 2.609130777550073e-08
39550.056 1.1859811239590425e-08
39600.056 2.1987183121642202e-08
39650.056 3.2084003275998495e-08
39700.056 2.8557523549803233e-08
39750.056 1.2492351366790765e-08
39800.056 1.4055392916745369e-08
39850.056 3.436278501400247e-08
39900.056 3.816374762200199e-08
39950.056 1.725688279159945e-08
40000.056 2.9705334178199457e-08
40050.056 3.272511605109907e-08
40100.056 1.0786624902097893e-08
40150.056 2.8480311928701608e-08
40200.056 3.208551946299548e-08
40250.056 3.584240890749319e-08
40300.056 3.613297051000421e-08
40350.056 1.9957762925644526e-08
40400.056 3.005802729293751e-08
40450.056 1.456810784930309e-08
40500.056 3.540658849379928e-08
40550.056 3.795527119278964e-08
40600.056 3.4603292254999966e-08
40650.056 2.613821882790571e-08
40700.056 4.915411722199705e-08
40750.056 3.32204032247952e-08
40800.056 1.953579129309511e-08
40850.056 5.383627563500823e-08
40900.056 4.8657023048994795e-08
40950.056 3.6761927313364274e-08
41000.056 3.119708527005707e-08
41050.056 5.8162969530995435e-08
41100.056 4.9626321177797507e-08
41150.056 1.8691491555228604e-08
41200.056 5.459810097460581e-08
41250.056 4.7984067689142114e-08
41300.056 5.0682103870004335e-08
41350.056 6.467185741099866e-08
41400.056 5.074598967299981e-08
41450.056 6.668992659699702e-08
41500.056 4.0036855273701994e-08
41550.056 3.6722774189809884e-08
41600.056 4.052247205528031e-08
41650.056 5.778357193900529e-08
41700.056 7.304609298099098e-08
41750.056 5.573371053099731e-08
41800.056 6.09825466320052e-08
41850.056 5.057535405659384e-08
41900.056 4.413963584488841e-08
41950.056 4.680267585569892e-08
42000.056 2.7828075989353035e-08
42050.056 3.2228346525886414e-08
42100.056 4.2401591661896946e-08
42150.056 4.24646049687984e-08
42200.056 4.57600658204965e-08
42250.056 3.9950014521205903e-08
42300.056 3.518655219169775e-08
42350.056 5.607109430020248e-08
42400.056 6.508634216400441e-08
42450.056 6.20066283420072e-08
42500.056 6.454574238599678e-08
42550.056 5.5778877642996114e-08
42600.056 5.585483557291556e-08
42650.056 8.181856414898912e-08
42700.056 4.109830842978812e-08
42750.056 5.316133563500846e-08
42800.056 7.702177368700326e-08
42850.056 8.280737642498704e-08
42900.056 8.520473053400707e-08
42950.056 6.491088431999831e-08
43000.056 7.635053023399958e-08
43050.056 3.838531522700281e-08
43100.056 6.638779375099752e-08
43150.056 5.5181142347002434e-08
43200.056 7.419991536100462e-08
43250.056 1.050468058790042e-07
43300.056 9.312200603599944e-08
43350.056 4.9153560172993116e-08
43400.056 7.453574650200402e-08
43450.056 5.11585981520034e-08
43500.056 5.1464705017005636e-08
43550.056 5.439276428570369e-08
43600.056 8.839187354200409e-08
43650.056 4.980565111689764e-08
43700.056 9.552657605901485e-08
43750.056 9.1794517254995e-08
43800.056 7.888225152499642e-08
43850.056 7.217023794400889e-08
43900.056 5.6108431482996024e-08
43950.056 4.028793252699667e-08
44000.056 3.811434375899925e-08
44050.056 8.910607794300517e-08
44100.056 1.2050936488700275e-07
44150.056 1.0855161154599524e-07
44200.056 1.006810471930025e-07
44250.056 5.571504996399598e-08
44300.056 3.961707805820405e-08
44350.056 4.5037839941005225e-08
44400.056 4.4639610149997726e-08
44450.056 7.86578550800065e-08
44500.056 6.761539119020748e-08
44550.056 9.897023223599798e-08
44600.056 7.956276812930153e-08
44650.056 7.886778155599736e-08
44700.056 5.209253947199353e-08
44750.056 7.451897051701086e-08
44800.056 5.157390861200348e-08
44850.056 7.628278639700334e-08
44900.056 6.60788390609982e-08
44950.056 7.632840373600706e-08
45000.056 9.047302375600113e-08
45050.056 8.165743922799302e-08
45100.056 7.456357955200481e-08
45150.056 6.67253727969951e-08
45200.056 4.676024515570354e-08
45250.056 5.6061749605991205e-08
45300.056 5.437770714670626e-08
45350.056 4.08873534872062e-08
45400.056 1.0814308801800811e-07
45450.056 9.044691997800943e-08
45500.056 1.067726256330058e-07
45550.056 1.1598246652198171e-07
45600.056 1.010577397770078e-07
45650.056 8.550542902899556e-08
45700.056 5.042973837839678e-08
45750.056 4.3884956899503136e-08
45800.056 1.1097808809000469e-07
45850.056 9.012561139800163e-08
45900.056 1.1292764129799654e-07
45950.056 9.913130268599487e-08
46000.056 1.0781043618500973e-07
46050.056 8.330371665800608e-08
46100.056 1.2478626059399308e-07
46150.056 7.243072752600027e-08
46200.056 5.8821371286292296e-08
46250.056 2.227618490154852e-08
46300.056 7.231744620600368e-08
46350.056 7.854569027000862e-08
46400.056 7.705748387400247e-08
46450.056 6.534351025469566e-08
46500.056 7.446791585701087e-08
46550.056 4.0734935105599164e-08
46600.056 5.191467648585294e-08
46650.056 8.368946932400422e-08
46700.056 5.7256131428990304e-08
46750.056 2.5227977097804186e-08
46800.056 1.6582976421038468e-08
46850.056 7.624779559301086e-08
46900.056 9.105889829299629e-08
46950.056 8.881998541199501e-08
47000.056 8.815903257300753e-08
47050.056 5.905349872798293e-08
47100.056 4.3467099589601877e-08
47150.056 7.043443270900901e-08
47200.056 7.913436848099609e-08
47250.056 3.6292260350993534e-08
47300.056 2.4656374668016242e-08
47350.056 8.372513156300537e-08
47400.056 8.449371431699566e-08
47450.056 5.6674977837406066e-08
47500.056 9.744722275499899e-08
47550.056 8.146111964600271e-08
47600.056 7.071873649649201e-08
47650.056 7.910214971451699e-08
47700.056 6.032343090610009e-08
47750.056 4.372729723200037e-08
47800.056 3.3430330075003584e-08
47850.056 1.4178875405642433e-08
47900.056 2.4242695775939655e-08
47950.056 6.693675011000439e-08
48000.056 8.87286858569963e-08
48050.056 6.918385869559833e-08
48100.056 2.9750650464981443e-08
48150.056 5.583218446400275e-08
48200.056 3.759165020353687e-08
48250.056 5.378010786800037e-08
48300.056 8.37643905519992e-08
48350.056 4.9644294337993845e-08
48400.056 1.0299624553265204e-08
48450.056 2.209163952482136e-08
48500.056 4.182970576939089e-08
48550.056 4.942182518390732e-08
48600.056 7.291181130000111e-08
48650.056 9.092828872299729e-08
48700.056 6.092583353700724e-08
48750.056 4.2004531787005784e-08
48800.056 7.312726955700376e-08
48850.056 3.6686943669194305e-08
48900.056 4.347464967979566e-08
48950.056 2.342832538879897e-08
49000.056 1.2990394494546968e-08
49050.056 4.355695462959501e-08
49100.056 5.8773885840239466e-08
49150.056 4.5280425759819813e-08
49200.056 7.393852116900788e-08
49250.056 7.74081214680017e-08
49300.056 6.22669614439967e-08
49350.056 2.3937514608635097e-08
49400.056 3.513602260239231e-08
49450.056 3.0265522064606764e-08
49500.056 2.4422333470855903e-08
49550.056 4.3141201472500075e-09
49600.056 1.3252387977784466e-08
49650.056 3.796370601900239e-08
49700.056 4.6420080893992276e-08
49750.056 4.157144663469802e-08
49800.056 2.3976483649435666e-08
49850.056 5.666814190500652e-08
49900.056 5.479947462399827e-08
49950.056 5.038633163399878e-08
50000.056 3.4141346347254086e-08
50050.056 4.1585496774703207e-08
50100.056 3.454688650099793e-08
50150.056 1.392536364946734e-08
50200.056 2.046289727870996e-09
50250.056 1.4396409186699831e-08
50300.056 9.75583637650293e-09
50350.056 3.923911395900522e-08
50400.056 4.64123978467969e-08
50450.056 3.349739678360103e-08
50500.056 5.4543568469902595e-08
50550.056 5.347417507000166e-08
50600.056 3.468809818548963e-08
50650.056 5.610287398900789e-08
50700.056 5.57755462279979e-08
50750.056 3.2018750177800167e-08
50800.056 9.473938589970162e-09
50850.056 4.4278087405262395e-09
50900.056 3.353562707600283e-08
50950.056 3.5017242042997324e-08
51000.056 2.513561743983875e-08
51050.056 4.010399085199457e-08
51100.056 1.4266232744030243e-08
51150.056 1.3870842415075166e-08
51200.056 4.9234486853999646e-08
51250.056 3.716389521839381e-08
51300.056 2.2995045282303908e-08
51350.056 2.0994094253354433e-08
51400.056 5.8211197721982534e-09
51450.056 4.7274635205264575e-09
51500.056 4.303134892663737e-09
51550.056 1.9252671818403526e-08
51600.056 1.9606286019803044e-08
51650.056 2.7409301625398992e-08
51700.056 2.6062092625083122e-08
51750.056 1.7791258185008576e-08
51800.056 3.563217637999691e-08
51850.056 2.7313960830298676e-08
51900.056 3.0242090618001044e-08
51950.056 1.54792560174976e-08
52000.056 1.231774901664493e-09
52050.056 7.712328604000896e-09
52100.056 3.983776406509157e-09
52150.056 2.1610793195357114e-09
52200.056 8.932305249699703e-09
52250.056 1.6165532202403026e-08
52300.056 2.0059422586998633e-08
52350.056 4.745316386093531e-09
52400.056 5.3915146505149575e-09
52450.056 2.42767220802028e-08
52500.056 1.7959618566526486e-08
52550.056 2.3221795083498452e-08
52600.056 1.822115400186146e-08
52650.056 2.2432092152200847e-08
52700.056 1.3407081449899495e-08
52750.056 4.548282540585411e-09
52800.056 9.027218576791711e-09
52850.056 1.1225733154967217e-08
52900.056 3.720872980896556e-09
52950.056 6.95125958380116e-09
53000.056 1.5327905005201192e-08
53050.056 5.1722967368909875e-09
53100.056 2.1610316934901115e-08
53150.056 2.243053025540021e-08
53200.056 8.867900583909589e-09
53250.056 1.882268237600014e-08
53300.056 2.1372930513535072e-08
53350.056 1.747602058050013e-08
53400.056 1.0790755493398505e-08
53450.056 2.8897062512889848e-09
53500.056 4.5907945725083836e-10
53550.056 1.2321425515400002e-09
53600.056 6.971353380725444e-09
