galfind/configs/Brown_Dwarf_templates/sonora_bobcat/m0.0/562g/sp_t1000g562nc_m0.0_resample.dat
# %ECSV 1.0
# ---
# datatype:
# - {name: wav, unit: Angstrom, datatype: float64}
# - {name: flux_nu, unit: erg / (cm2 Hz s), datatype: float64}
# meta: {C/O: '1.00', Kzz: '1.0000E+05', Teff: '1000.', Y: '0.28', '[Fe/H]': '0.00', f_hole: '1.00', f_rain: '0.00', grav: '562.'}
# schema: astropy-2.0
wav flux_nu
[from data line 499]
28950.056 1.0227446783577094e-07
29000.056 8.302953497900124e-08
29050.056 9.360477480742979e-08
29100.056 6.637468045801024e-08
29150.056 1.1959958712433453e-07
29200.056 8.242676610176694e-08
29250.056 1.1274628478128814e-07
29300.056 6.743123949379417e-08
29350.056 1.725272055291092e-07
29400.056 9.478058411594585e-08
29450.056 1.0296872143830876e-07
29500.056 1.1539352988834488e-07
29550.056 1.0382641008367182e-07
29600.056 1.2074890859064947e-07
29650.056 1.2245634719399284e-07
29700.056 9.583413900042244e-08
29750.056 1.2847455450900734e-07
29800.056 1.3327564777305079e-07
29850.056 1.3911531646846173e-07
29900.056 1.3514316698667949e-07
29950.056 1.3680056763175005e-07
30000.056 7.021751859160701e-08
30050.056 8.568615682560913e-08
30100.056 8.97242569417868e-08
30150.056 1.4501380282799016e-07
30200.056 1.1415466070260272e-07
30250.056 1.6553286353852633e-07
30300.056 1.4255399534800545e-07
30350.056 1.2476111085620517e-07
30400.056 1.5547604670490364e-07
30450.056 1.1201962379701912e-07
30500.056 9.957422047050087e-08
30550.056 1.0526591856540021e-07
30600.056 1.2642139416999945e-07
30650.056 1.0233237643298778e-07
30700.056 9.576506742698563e-08
30750.056 9.893064550488505e-08
30800.056 8.90097426515203e-08
30850.056 8.030956068327325e-08
30900.056 7.4241567970285e-08
30950.056 6.675098619581569e-08
31000.056 6.37292998292065e-08
31050.056 6.97421550400019e-08
31100.056 5.078574197119753e-08
31150.056 6.17486891267964e-08
31200.056 6.967013143501337e-08
31250.056 5.0097606163394267e-08
31300.056 4.875760359704168e-08
31350.056 4.912273781196325e-08
31400.056 3.837647612360305e-08
31450.056 4.361474799179068e-08
31500.056 3.325521871803211e-08
31550.056 3.7652565740515295e-08
31600.056 3.066971669910267e-08
31650.056 2.7930019366116176e-08
31700.056 2.9681981668696514e-08
31750.056 2.3129027642227193e-08
31800.056 3.1140753430595516e-08
31850.056 2.264734576314448e-08
31900.056 2.8857482430301806e-08
31950.056 1.872876209331182e-08
32000.056 2.4991086615396984e-08
32050.056 2.562912150958135e-08
32100.056 2.4105083722502266e-08
32150.056 2.7604139722897766e-08
32200.056 2.2264251348831286e-08
32250.056 3.17159655687068e-08
32300.056 2.0929489032995022e-08
32350.056 3.3397255295998644e-08
32400.056 2.1696640266796426e-08
32450.056 3.096902530669032e-08
32500.056 2.8087354477696346e-08
32550.056 2.8649405215896642e-08
32600.056 3.270044619760076e-08
32650.056 4.2438910834891396e-08
32700.056 3.828936621240819e-08
32750.056 4.60631858371056e-08
32800.056 4.460807802386585e-08
32850.056 4.9434621375395156e-08
32900.056 5.404801564583567e-08
32950.056 5.555290296549685e-08
33000.056 4.691023869278774e-08
33050.056 4.4690736314814686e-08
33100.056 2.4971792983194e-08
33150.056 6.380667627540724e-09
33200.056 6.3962580651770844e-09
33250.056 4.433822113998633e-09
33300.056 5.671140997201509e-09
33350.056 9.37789714790059e-09
33400.056 1.3510202074296183e-08
33450.056 1.8503291040299036e-08
33500.056 2.864550946441167e-08
33550.056 2.5741700834108088e-08
33600.056 3.825519995219594e-08
33650.056 4.082949287090118e-08
33700.056 3.328778597642303e-08
33750.056 4.90508944404055e-08
33800.056 3.5412195747407016e-08
33850.056 4.432404252899487e-08
33900.056 3.585256722059832e-08
33950.056 3.7683670900392624e-08
34000.056 4.711965827631119e-08
34050.056 2.7691910228595063e-08
34100.056 4.5982584418801884e-08
34150.056 3.467316087289671e-08
34200.056 3.887418645138445e-08
34250.056 3.906050121928461e-08
34300.056 3.307042453297465e-08
34350.056 3.3746789071001465e-08
34400.056 2.846046751235644e-08
34450.056 4.046495531778896e-08
34500.056 3.6614007976601405e-08
34550.056 2.7597244666400862e-08
34600.056 4.746297937599952e-08
34650.056 3.18064375730001e-08
34700.056 4.0403533871698086e-08
34750.056 3.980939942778769e-08
34800.056 3.414308241759405e-08
34850.056 4.2756030357506493e-08
34900.056 4.1603701133784963e-08
34950.056 4.4316966000990984e-08
35000.056 6.359746577551079e-08
35050.056 4.062020657360291e-08
35100.056 5.3847699341001065e-08
35150.056 5.4368631276108845e-08
35200.056 5.411120347249889e-08
35250.056 7.027898966258e-08
35300.056 5.206272696390968e-08
35350.056 5.505173689108609e-08
35400.056 6.207888585000338e-08
35450.056 4.377110732222198e-08
35500.056 7.969241872159627e-08
35550.056 7.150144461899357e-08
35600.056 6.659901343072554e-08
35650.056 7.500994684630688e-08
35700.056 6.569357292289198e-08
35750.056 8.245317189799291e-08
35800.056 1.0266070325860217e-07
35850.056 6.686331530509723e-08
35900.056 9.139307566350707e-08
35950.056 8.852302353198571e-08
36000.056 8.755777202701313e-08
36050.056 8.69264619029814e-08
36100.056 8.619008621915407e-08
36150.056 9.634818155098524e-08
36200.056 1.0637952500898136e-07
36250.056 9.539801566988066e-08
36300.056 1.1701149537860864e-07
36350.056 1.1040712574700401e-07
36400.056 1.1411294155299085e-07
36450.056 1.2599571098659731e-07
36500.056 1.2956536296219642e-07
36550.056 1.4344994810903853e-07
36600.056 1.6061342777399327e-07
36650.056 1.4850859514517627e-07
36700.056 1.5654350766197826e-07
36750.056 1.7394945846204584e-07
36800.056 1.7437906325299664e-07
36850.056 1.6254124269156564e-07
36900.056 1.7453830596498736e-07
36950.056 1.9626839147797604e-07
37000.056 1.8402990217998865e-07
37050.056 1.9379825970400438e-07
37100.056 1.9732611645399e-07
37150.056 1.8453081496001329e-07
37200.056 2.1639496036199262e-07
37250.056 2.0293621398196108e-07
37300.056 1.849933658455335e-07
37350.056 2.038025321150254e-07
37400.056 2.6422657430599324e-07
37450.056 2.118429485743995e-07
37500.056 2.1268318718638345e-07
37550.056 2.6060307022409946e-07
37600.056 2.875645039500217e-07
37650.056 2.1468971497501922e-07
37700.056 2.829285619260254e-07
37750.056 2.303661344420183e-07
37800.056 2.508995292011025e-07
37850.056 2.032452941050072e-07
37900.056 2.247566167790696e-07
37950.056 2.5453630978196245e-07
38000.056 2.904424734169938e-07
38050.056 2.886006454570536e-07
38100.056 2.969229051960298e-07
38150.056 3.195635138299882e-07
38200.056 3.280091563050448e-07
38250.056 3.090028040480093e-07
38300.056 3.7807456013994633e-07
38350.056 3.8398980951004696e-07
38400.056 2.898485547659278e-07
38450.056 3.046657083389338e-07
38500.056 2.4882432937805654e-07
38550.056 3.3672360341005676e-07
38600.056 3.2969691781497257e-07
38650.056 3.464855676199686e-07
38700.056 3.67575158619997e-07
38750.056 3.765879480999955e-07
38800.056 3.3403496841390334e-07
38850.056 3.5855052151003224e-07
38900.056 4.114572580279935e-07
38950.056 3.5759457710798627e-07
39000.056 3.9644786843997933e-07
39050.056 3.796180741500116e-07
39100.056 3.84917302480022e-07
39150.056 4.105665440799961e-07
39200.056 3.9165637661997956e-07
39250.056 4.411110920799669e-07
39300.056 4.0445053450991365e-07
39350.056 4.6795085022003133e-07
39400.056 4.294956140150502e-07
39450.056 4.4275963831999167e-07
39500.056 4.421822645900214e-07
39550.056 4.3182181193507505e-07
39600.056 4.7110284731991194e-07
39650.056 5.065954704599883e-07
39700.056 4.815623307400396e-07
39750.056 4.1914480686808653e-07
39800.056 4.6062365363994093e-07
39850.056 5.416021529600034e-07
39900.056 5.303662840600028e-07
39950.056 5.091182382499431e-07
40000.056 5.675979676900495e-07
40050.056 5.312282829800196e-07
40100.056 4.7196507657202167e-07
40150.056 5.556494968299996e-07
40200.056 5.718430771498926e-07
40250.056 5.486201953798883e-07
40300.056 5.530663208600583e-07
40350.056 5.408632884899714e-07
40400.056 6.031693114020066e-07
40450.056 5.510546759440476e-07
40500.056 5.926791043600236e-07
40550.056 6.222715308359364e-07
40600.056 5.804479909700442e-07
40650.056 5.686960366459119e-07
40700.056 6.994305058499798e-07
40750.056 5.809912231798898e-07
40800.056 5.138883839898307e-07
40850.056 6.702486626401003e-07
40900.056 6.500715804980115e-07
40950.056 5.94721196554012e-07
41000.056 6.168907976299977e-07
41050.056 6.913665341199368e-07
41100.056 6.073307579499546e-07
41150.056 5.128445196059563e-07
41200.056 6.659690741199932e-07
41250.056 6.119890874869805e-07
41300.056 5.563963468599066e-07
41350.056 6.905816468500443e-07
41400.056 6.283744987300622e-07
41450.056 6.621379355600417e-07
41500.056 5.644697549979699e-07
41550.056 5.54612653603084e-07
41600.056 6.350482088720563e-07
41650.056 6.437257018400405e-07
41700.056 5.867015318398958e-07
41750.056 6.031462622099716e-07
41800.056 7.059466037999903e-07
41850.056 4.892734705700008e-07
41900.056 5.937502448239025e-07
41950.056 6.201789861600778e-07
42000.056 6.080692405800111e-07
42050.056 5.243852539399739e-07
42100.056 6.987428667700494e-07
42150.056 5.108162723200107e-07
42200.056 5.112308721359828e-07
42250.056 5.594017554949458e-07
42300.056 5.212227354239868e-07
42350.056 6.03917382590087e-07
42400.056 5.820739210800789e-07
42450.056 5.061813529200328e-07
42500.056 5.1463535887e-07
42550.056 4.921679484099774e-07
42600.056 5.354868898460834e-07
42650.056 6.404440624198516e-07
42700.056 5.43462877833943e-07
42750.056 4.943715011500328e-07
42800.056 5.482573979460587e-07
42850.056 6.083177593698566e-07
42900.056 6.374877458500881e-07
42950.056 5.040736684298604e-07
43000.056 5.764838087120243e-07
43050.056 4.0811788528215216e-07
43100.056 5.271941015699469e-07
43150.056 4.91694525326047e-07
43200.056 5.408059897500076e-07
43250.056 6.545128526700318e-07
43300.056 6.450230903400235e-07
43350.056 4.4479471192287923e-07
43400.056 5.387114395699846e-07
43450.056 4.732991865380844e-07
43500.056 4.954912885399999e-07
43550.056 4.989798713180401e-07
43600.056 6.078249312140527e-07
43650.056 4.5523805661600983e-07
43700.056 6.129476893300409e-07
43750.056 5.659796826240686e-07
43800.056 5.329550424459358e-07
43850.056 4.82914365430096e-07
43900.056 5.267513027099438e-07
43950.056 4.018174705389459e-07
44000.056 3.7080504572801e-07
44050.056 5.392669613200095e-07
44100.056 6.252011329200488e-07
44150.056 6.161318940799559e-07
44200.056 5.492099669700066e-07
44250.056 4.3895619303700524e-07
44300.056 3.9882055244806784e-07
44350.056 4.380767849530844e-07
44400.056 4.29144688555982e-07
44450.056 5.004491624799885e-07
44500.056 4.980627133801027e-07
44550.056 5.740409144199488e-07
44600.056 5.090958827450418e-07
44650.056 5.265742332070456e-07
44700.056 4.148029267899873e-07
44750.056 4.969223569750441e-07
44800.056 4.67995826568045e-07
44850.056 5.344367077600711e-07
44900.056 4.3982010222404077e-07
44950.056 4.713378243380206e-07
45000.056 5.005573888699939e-07
45050.056 4.945898933199879e-07
45100.056 5.075712012660072e-07
45150.056 4.915788452239747e-07
45200.056 4.1121165164502924e-07
45250.056 4.52487268087902e-07
45300.056 4.3372033936004666e-07
45350.056 4.299133365419616e-07
45400.056 5.329811979800441e-07
45450.056 4.969339627399711e-07
45500.056 5.008022331920072e-07
45550.056 5.621809868099009e-07
45600.056 5.452543591500377e-07
45650.056 4.605855433839356e-07
45700.056 4.397640433770299e-07
45750.056 4.186244307129957e-07
45800.056 5.351866958900103e-07
45850.056 5.679121932099934e-07
45900.056 5.806824441600236e-07
45950.056 4.779549142699896e-07
46000.056 5.612429556500378e-07
46050.056 5.032038651700248e-07
46100.056 5.507040000399747e-07
46150.056 4.670591870899709e-07
46200.056 4.623304542200446e-07
46250.056 3.483026219809539e-07
46300.056 5.073351402159876e-07
46350.056 4.799093693500235e-07
46400.056 4.883911654600133e-07
46450.056 4.629562920440348e-07
46500.056 4.616179561420803e-07
46550.056 4.093126973900002e-07
46600.056 4.7098722253198306e-07
46650.056 6.241540941799887e-07
46700.056 4.995622579299952e-07
46750.056 3.798421324630244e-07
46800.056 3.2460507586602424e-07
46850.056 5.993763760300846e-07
46900.056 5.526766375999532e-07
46950.056 5.613036892099841e-07
47000.056 4.975303407500503e-07
47050.056 5.041616625698534e-07
47100.056 3.677014807790445e-07
47150.056 4.5191593925406036e-07
47200.056 5.291391016600192e-07
47250.056 4.1364402736996677e-07
47300.056 3.361877373790013e-07
47350.056 5.375060398799737e-07
47400.056 5.343931200899542e-07
47450.056 4.921302601500462e-07
47500.056 5.587027476899574e-07
47550.056 4.949121407800025e-07
47600.056 5.128467551699549e-07
47650.056 4.4749357419791993e-07
47700.056 4.816781977861188e-07
47750.056 3.5877663455101135e-07
47800.056 4.0089652887001343e-07
47850.056 3.056705575410056e-07
47900.056 3.815597434259518e-07
47950.056 4.514127928300189e-07
48000.056 5.861492638400425e-07
48050.056 5.141698913900065e-07
48100.056 3.633680201260127e-07
48150.056 4.346653234500314e-07
48200.056 4.2357032828199675e-07
48250.056 4.1513189114000996e-07
48300.056 5.662041133599109e-07
48350.056 3.742990625700081e-07
48400.056 2.7534482924595674e-07
48450.056 4.0411515080608105e-07
48500.056 5.028505908999364e-07
48550.056 4.1390046216200606e-07
48600.056 4.709001295400053e-07
48650.056 4.75407179929976e-07
48700.056 4.541973979300082e-07
48750.056 3.0213761057611517e-07
48800.056 5.435113002600151e-07
48850.056 3.619032413899257e-07
48900.056 5.291962276899935e-07
48950.056 3.9205825768002765e-07
49000.056 2.703300169059726e-07
49050.056 4.7178137391995424e-07
49100.056 4.7161689287206784e-07
49150.056 4.24549291081007e-07
49200.056 5.000824493500478e-07
49250.056 4.87384245860053e-07
49300.056 4.300332085199855e-07
49350.056 3.0419943314904714e-07
49400.056 4.0193515967994937e-07
49450.056 4.100233726501178e-07
49500.056 3.4757889719097815e-07
49550.056 2.2109182175401424e-07
49600.056 3.3215581655206123e-07
49650.056 3.745952355199712e-07
49700.056 3.647503774739106e-07
49750.056 4.6839407560993264e-07
49800.056 3.6978934581001023e-07
49850.056 5.104728175400809e-07
49900.056 4.239401735419825e-07
49950.056 3.943472952099762e-07
50000.056 3.8610551382997914e-07
50050.056 4.5066372726997837e-07
50100.056 3.909222193540024e-07
50150.056 2.7716323734997984e-07
50200.056 1.651003713660269e-07
50250.056 3.671381931699706e-07
50300.056 3.1064789188202067e-07
50350.056 4.5745858574604393e-07
50400.056 3.963088350399746e-07
50450.056 3.235917296640204e-07
50500.056 4.311097399400435e-07
50550.056 3.9568307957002205e-07
50600.056 3.339094084379295e-07
50650.056 4.267624414900746e-07
50700.056 4.699647447299008e-07
50750.056 3.7873242946405153e-07
50800.056 2.4437906419696657e-07
50850.056 2.4185363387306074e-07
50900.056 4.5782750729998765e-07
50950.056 3.6725445450003724e-07
51000.056 4.0576928551702787e-07
51050.056 3.8034034227998584e-07
51100.056 2.2611189620796753e-07
51150.056 3.092823317319947e-07
51200.056 4.980117720599646e-07
51250.056 3.4758097198795903e-07
51300.056 2.7692525757809144e-07
51350.056 3.229716526899741e-07
51400.056 2.081745808599985e-07
51450.056 1.789976342659613e-07
51500.056 1.9670591108905502e-07
51550.056 3.7645617549402664e-07
51600.056 2.7359884293202455e-07
51650.056 2.8689655862995425e-07
51700.056 3.2471378677995177e-07
51750.056 2.4172291886001264e-07
51800.056 3.5274321813991295e-07
51850.056 3.1944757779398424e-07
51900.056 4.4878574223005584e-07
51950.056 3.447817770399704e-07
52000.056 1.5358800758597613e-07
52050.056 2.689371662360195e-07
52100.056 2.1279954862099e-07
52150.056 1.8854338713901258e-07
52200.056 2.116605079549925e-07
52250.056 2.667988644690262e-07
52300.056 3.986588696399773e-07
52350.056 2.7819449939600473e-07
52400.056 2.0708456863002038e-07
52450.056 3.324879880700244e-07
52500.056 3.433846148659241e-07
52550.056 3.3311783637995044e-07
52600.056 2.8535189847403384e-07
52650.056 2.9542602366805003e-07
52700.056 2.5538705835900145e-07
52750.056 1.8567286126099194e-07
52800.056 2.2604604905702533e-07
52850.056 2.432619772989343e-07
52900.056 2.2631680867877554e-07
52950.056 2.4459076486600147e-07
53000.056 3.2783400478200677e-07
53050.056 1.9160207682694202e-07
53100.056 2.6929935473397067e-07
53150.056 3.7512954962002733e-07
53200.056 1.8131277274898518e-07
53250.056 3.2894448261002475e-07
53300.056 3.3761787855316705e-07
53350.056 3.2818540096998885e-07
53400.056 3.1662614547000883e-07
53450.056 1.883765917109892e-07
53500.056 1.201288039075668e-07
53550.056 1.8376453786297937e-07
53600.056 2.7142622846904086e-07
53650.056 2.0495003005697972e-07
