galfind/configs/Brown_Dwarf_templates/sonora_bobcat/m0.0/562g/sp_t800g562nc_m0.0_resample.dat
# %ECSV 1.0
# ---
# datatype:
# - {name: wav, unit: Angstrom, datatype: float64}
# - {name: flux_nu, unit: erg / (cm2 Hz s), datatype: float64}
# meta: {C/O: '1.00', Kzz: '1.0000E+05', Teff: '800.', Y: '0.28', '[Fe/H]': '0.00', f_hole: '1.00', f_rain: '0.00', grav: '562.'}
# schema: astropy-2.0
wav flux_nu
4000.0559999999996 nan
4050.0559999999996 2.2430412342030604e-14
4100.056 2.723508228960005e-12
4150.056 1.616201784390042e-11
4200.056 1.4093168210162775e-11
4250.056 4.9588341723000587e-11
4300.056 7.690760765300255e-11
4350.056 9.385730547900084e-11
4400.056 1.1992478002500115e-10
4450.056 1.5098833598400174e-10
4500.056 1.5618610508400306e-10
4550.056 1.5934598972829707e-10
4600.056 8.411531788499965e-11
4650.056 5.73506426469995e-11
4700.056 3.443245504699977e-11
4750.056 1.129972870869987e-11
4800.056 2.569807222699964e-12
4850.056 6.108220943499925e-13
4900.056 2.352967054799982e-13
4950.056 1.0863408222999912e-13
5000.056 4.330498442999955e-14
5050.056 1.9765923350999936e-14
5100.056 1.702974762000003e-14
5150.056 1.6016241091000027e-14
5200.056 1.5309532626000002e-14
5250.056 1.4651321004999994e-14
5300.056 1.4286413976999997e-14
5350.056 1.4304628588000002e-14
5400.056 1.4573897732000007e-14
5450.056 1.5076156991000032e-14
5500.056 1.5745421450000036e-14
5550.056 1.6518194610000016e-14
5600.056 1.7249793843000008e-14
5650.056 1.7747593506999993e-14
5700.056 1.7696318374999994e-14
5750.056 1.6946092346999988e-14
5800.056 1.5061552128999962e-14
5850.056 1.0774989791199882e-14
5900.056 3.64262702325709e-15
5950.056 2.0908995753000393e-14
6000.056 4.2704896561000086e-14
6050.056 7.480851653600081e-14
6100.056 1.2045429047400098e-13
6150.056 1.8567371911000119e-13
6200.056 2.812233857600016e-13
6250.056 4.201954356300022e-13
6300.056 6.31966257900003e-13
6350.056 9.503051951800057e-13
6400.056 1.42781921030001e-12
6450.056 2.0917900831999965e-12
6500.056 3.113403267000012e-12
6550.056 4.614662989300001e-12
6600.056 6.781170950400097e-12
6650.056 9.853638245300067e-12
6700.056 1.2746273375100117e-11
6750.056 1.92304573190001e-11
6800.056 2.467984255700013e-11
6850.056 2.7712527115000024e-11
6900.056 2.5680406723000126e-11
6950.056 2.2078806413999914e-11
7000.056 2.1842386284000046e-11
7050.056 2.3373902412999864e-11
7100.056 2.544639603099992e-11
7150.056 2.523894180239967e-11
7200.056 2.4116055662500172e-11
7250.056 2.3143589544999228e-11
7300.056 2.0962596224300506e-11
7350.056 1.934403968609977e-11
7400.056 1.7750287087000312e-11
7450.056 1.6261170234000287e-11
7500.056 1.461670871599994e-11
7550.056 1.2781895611999955e-11
7600.056 1.0939204648199945e-11
7650.056 3.801937632351854e-12
7700.056 2.9031621923581117e-12
7750.056 1.111989059040016e-11
7800.056 1.7304909128720103e-11
7850.056 2.930721921900017e-11
7900.056 4.343589992800001e-11
7950.056 5.2819975162400515e-11
8000.056 9.100168885500084e-11
8050.056 1.2739223740600147e-10
8100.056 1.6316676082499854e-10
8150.056 2.0889688478300052e-10
8200.056 2.951094121960103e-10
8250.056 3.742940650310021e-10
8300.056 4.832148847060264e-10
8350.056 6.040222202099872e-10
8400.056 7.582370425999901e-10
8450.056 9.663649971599944e-10
8500.056 1.085871641808955e-09
8550.056 1.4308468247100392e-09
8600.056 1.813381885700016e-09
8650.056 2.184611496000021e-09
8700.056 2.5852338950000185e-09
8750.056 3.066185595600021e-09
8800.056 3.569368989200034e-09
8850.056 3.959161797399994e-09
8900.056 3.590765333099881e-09
8950.056 3.419346971751996e-09
9000.056 4.25245818551967e-09
9050.056 6.2616684989100575e-09
9100.056 7.168926745441221e-09
9150.056 7.87954473072036e-09
9200.056 9.373618674699526e-09
9250.056 9.484859319792432e-09
9300.056 4.2331508144444155e-09
9350.056 5.548539321690162e-09
9400.056 9.018411387306345e-09
9450.056 9.5989691739039e-09
9500.056 9.312367436181388e-09
9550.056 1.0328976054270693e-08
9600.056 1.079044585479525e-08
9650.056 1.296332047971697e-08
9700.056 1.720541514159135e-08
9750.056 1.8503281830170156e-08
9800.056 2.1182868770209447e-08
9850.056 2.4354436929799767e-08
9900.056 2.8763688799299764e-08
9950.056 3.113019149920018e-08
10000.056 2.933463681519937e-08
10050.056 3.882054114100016e-08
10100.056 4.452259192599986e-08
10150.056 4.9285849352999204e-08
10200.056 5.4299295567000864e-08
10250.056 6.083204337500083e-08
10300.056 6.909088882199826e-08
10350.056 7.485641994500123e-08
10400.056 8.386053214100001e-08
10450.056 9.101225802199722e-08
10500.056 9.765580053099962e-08
10550.056 1.0461886575400048e-07
10600.056 1.0997597442299893e-07
10650.056 1.1566361972800198e-07
10700.056 1.1888867766800187e-07
10750.056 1.2337357385700167e-07
10800.056 1.254916927480015e-07
10850.056 1.2362026212299997e-07
10900.056 1.0427300437199845e-07
10950.056 6.727401923530084e-08
11000.056 5.075376036662303e-08
11050.056 3.531461932005078e-08
11100.056 2.480103453978371e-08
11150.056 1.617063097603597e-08
11200.056 1.6885200122609025e-08
11250.056 2.1595132636216113e-08
11300.056 2.2859144984067545e-08
11350.056 1.074427662214306e-08
11400.056 2.4276290133172566e-08
11450.056 1.8372812539484735e-08
11500.056 1.83450598502596e-08
11550.056 9.685444613229672e-09
11600.056 9.5737997101205e-09
11650.056 1.519060799466629e-08
11700.056 1.603310806398096e-08
11750.056 8.352172769307948e-09
11800.056 2.1178841828956622e-08
11850.056 3.2324363815239035e-08
11900.056 3.9653348319987094e-08
11950.056 5.4915375784404406e-08
12000.056 6.992364876410025e-08
12050.056 8.823263916870736e-08
12100.056 1.0751145744899441e-07
12150.056 1.3058238819299487e-07
12200.056 1.507378602309938e-07
12250.056 1.7573960954399169e-07
12300.056 2.0501273330100718e-07
12350.056 2.1477209615899977e-07
12400.056 2.3910123050999455e-07
12450.056 2.480807700900055e-07
12500.056 2.601570143900044e-07
12550.056 2.8388860664000577e-07
12600.056 3.294753374200058e-07
12650.056 3.302985656600001e-07
12700.056 3.303336943600116e-07
12750.056 3.0676922248600746e-07
12800.056 2.939284436390009e-07
12850.056 2.418915588470071e-07
12900.056 2.1116646641600993e-07
12950.056 1.9646039569840022e-07
13000.056 1.9366057562600197e-07
13050.056 1.6548680796766854e-07
13100.056 1.5740610493336957e-07
13150.056 1.250316996984795e-07
13200.056 1.1207725425484048e-07
13250.056 8.267381096465753e-08
13300.056 4.133573587430726e-08
13350.056 1.339678353153255e-08
13400.056 6.237984300063098e-09
13450.056 3.271522556121513e-09
13500.056 1.8625585875684206e-09
13550.056 1.1613831422617245e-09
13600.056 6.382022019137215e-10
13650.056 1.9106556782592248e-09
13700.056 1.3358516507967972e-09
13750.056 2.046188461496661e-09
13800.056 2.4343353366904024e-09
13850.056 1.6272121692339379e-09
13900.056 1.7299632943494084e-09
13950.056 1.6643678538375405e-09
14000.056 1.6716995177626196e-09
14050.056 2.2000553494273897e-09
14100.056 1.8128677934707287e-09
14150.056 2.7609637265879753e-09
14200.056 2.0536369373022406e-09
14250.056 2.2403179608932665e-09
14300.056 4.373382765565814e-09
14350.056 4.251400683164811e-09
14400.056 4.52418914350921e-09
14450.056 5.786448522360938e-09
14500.056 1.0426320490236464e-08
14550.056 1.1168344756548628e-08
14600.056 1.5924776072999245e-08
14650.056 1.4390689626224585e-08
14700.056 1.0180429873026273e-08
14750.056 1.1917805265814755e-08
14800.056 1.602539071370643e-08
14850.056 1.7162767153039572e-08
14900.056 1.79387864854228e-08
14950.056 2.0537621400928004e-08
15000.056 2.7258641415271135e-08
15050.056 3.003640819786687e-08
15100.056 3.105314511196499e-08
15150.056 3.279876428823291e-08
15200.056 3.7689784166458894e-08
15250.056 5.359732714264283e-08
15300.056 6.157172268745157e-08
15350.056 7.407029999699738e-08
15400.056 8.610987452681438e-08
15450.056 9.845380460381053e-08
15500.056 1.0720010791698893e-07
15550.056 1.268617056340073e-07
15600.056 1.419192249529981e-07
15650.056 1.5464605976200534e-07
15700.056 1.7732166777101033e-07
15750.056 1.8757708872599804e-07
15800.056 1.9122699692000347e-07
15850.056 2.0057531236000245e-07
15900.056 1.8752697781000276e-07
15950.056 1.74916897509991e-07
16000.056 1.4607764842500406e-07
16050.056 1.049513772009958e-07
16100.056 7.707373589879502e-08
16150.056 5.256714676212819e-08
16200.056 3.480947059736775e-08
16250.056 2.935573344831868e-08
16300.056 2.3586898473066014e-08
16350.056 2.7056896301256895e-08
16400.056 3.189578404757442e-08
16450.056 3.372880597654448e-08
16500.056 3.6624774266421144e-08
16550.056 3.549055068911791e-08
16600.056 3.857187409950076e-08
16650.056 2.7514596104864613e-08
16700.056 9.364018981491805e-09
16750.056 1.6929751585454982e-08
16800.056 2.656766311416609e-08
16850.056 2.8066727073741247e-08
16900.056 2.218193908149474e-08
16950.056 1.77225014092785e-08
17000.056 1.3241148312193721e-08
17050.056 2.053899932628563e-08
17100.056 2.6207164234660575e-08
17150.056 2.0176399808064055e-08
17200.056 3.282577766973708e-08
17250.056 2.6302842196653763e-08
17300.056 2.092458598991119e-08
17350.056 1.9392745084750664e-08
17400.056 2.2587419863117865e-08
17450.056 2.500601390041643e-08
17500.056 2.8453733386096046e-08
17550.056 2.5083061930718836e-08
17600.056 2.1838250055666225e-08
17650.056 2.0739171010706678e-08
17700.056 1.6181698597018843e-08
17750.056 1.4260380049413573e-08
17800.056 2.010827522565569e-08
17850.056 1.2917546496175102e-08
17900.056 1.2467751466152416e-08
17950.056 9.601146595087794e-09
18000.056 1.211537462144026e-08
18050.056 9.59336818057276e-09
18100.056 1.0766362222820174e-08
18150.056 1.2651500763986574e-08
18200.056 7.941534721820434e-09
18250.056 1.827451542764915e-08
18300.056 9.229500298035617e-09
18350.056 8.011498439424544e-09
18400.056 7.129043316384006e-09
18450.056 1.1502515958155393e-08
18500.056 1.1683429380658928e-08
18550.056 8.653144403011989e-09
18600.056 7.871457714825126e-09
18650.056 6.850391737431807e-09
18700.056 5.251849279472955e-09
18750.056 8.300387959596692e-09
18800.056 1.73668744833896e-08
18850.056 1.8562359857525147e-08
18900.056 1.6549161399016763e-08
18950.056 2.7311331284346573e-08
19000.056 1.540199459301865e-08
19050.056 1.0730381986378036e-08
19100.056 1.875240910006954e-08
19150.056 1.1740683214683398e-08
19200.056 1.5965380083704553e-08
19250.056 1.1070446460496192e-08
19300.056 9.40928669412484e-09
19350.056 8.366728308532895e-09
19400.056 6.266191670926086e-09
19450.056 1.08184907476076e-08
19500.056 1.0366317433523649e-08
19550.056 8.71999129875527e-09
19600.056 1.2024917557734633e-08
19650.056 1.3562372445945768e-08
19700.056 1.3690168787767415e-08
19750.056 1.7413530494574933e-08
19800.056 1.6368481689840688e-08
19850.056 2.1772278536633542e-08
19900.056 1.9309721893135067e-08
19950.056 2.8642072007283003e-08
20000.056 2.8453447998719528e-08
20050.056 3.0150428477061244e-08
20100.056 3.806503827183056e-08
20150.056 3.2098781168308955e-08
20200.056 3.3466903795072456e-08
20250.056 4.330227021483681e-08
20300.056 4.486184500699289e-08
20350.056 4.909833828742979e-08
20400.056 4.776218068626724e-08
20450.056 6.048440749150292e-08
20500.056 6.65017402704802e-08
20550.056 6.767233815440869e-08
20600.056 7.479799901951192e-08
20650.056 7.903332166200103e-08
20700.056 8.20550849117069e-08
20750.056 8.558635364699469e-08
20800.056 8.756035256598892e-08
20850.056 8.866752524900002e-08
20900.056 9.215488686998805e-08
20950.056 8.946445086400402e-08
21000.056 8.766541786100542e-08
21050.056 8.726570318299503e-08
21100.056 8.399112550900263e-08
21150.056 8.408223872998771e-08
21200.056 7.909523491700419e-08
21250.056 7.540940040278852e-08
21300.056 6.726603688359715e-08
21350.056 6.625045341549627e-08
21400.056 6.353350649671163e-08
21450.056 5.769212251955944e-08
21500.056 5.339424637395221e-08
21550.056 4.916164789324116e-08
21600.056 4.418152230213487e-08
21650.056 3.7879854887807815e-08
21700.056 3.7766933788200764e-08
21750.056 3.291426532340913e-08
21800.056 2.748538664744163e-08
21850.056 2.4634243979722325e-08
21900.056 1.8871255451250075e-08
21950.056 1.1698510775253169e-08
22000.056 4.6404498131749655e-09
22050.056 4.031827578035938e-09
22100.056 8.181479182756242e-09
22150.056 9.087206966237083e-09
22200.056 1.0067516104892587e-08
22250.056 8.761800138122415e-09
22300.056 6.447703151441226e-09
22350.056 6.804107769084676e-09
22400.056 4.4201775876112105e-09
22450.056 4.489454893403281e-09
22500.056 4.204441335083077e-09
22550.056 3.3310331185836592e-09
22600.056 3.2771554475619928e-09
22650.056 4.0489493186987345e-09
22700.056 3.366186213146582e-09
22750.056 3.5442954115021987e-09
22800.056 3.564968364976355e-09
22850.056 3.0204469692029687e-09
22900.056 2.680173083145902e-09
22950.056 2.494766819257932e-09
23000.056 3.1635570301491506e-09
23050.056 4.015820675407048e-09
23100.056 8.685086244065206e-09
23150.056 8.31962981277465e-09
23200.056 1.5764206047332892e-09
23250.056 2.836371830778057e-09
23300.056 2.5208971126711854e-09
23350.056 2.7271408864258016e-09
23400.056 2.7739836772293302e-09
23450.056 2.442281777430534e-09
23500.056 2.7146817744679203e-09
23550.056 3.6502294164978443e-09
23600.056 4.5882728624636154e-09
23650.056 6.072272050408184e-09
23700.056 2.7745988990400838e-09
23750.056 2.496012642810726e-09
23800.056 4.018284616991731e-09
23850.056 3.9825874916030034e-09
23900.056 6.516118415192726e-09
23950.056 5.90519335720007e-09
24000.056 7.81693796487683e-09
24050.056 8.798479602597759e-09
24100.056 8.247999449922112e-09
24150.056 1.0289451591043196e-08
24200.056 9.255399130270406e-09
24250.056 8.104695983151778e-09
24300.056 1.0844107967995703e-08
24350.056 9.160350884322146e-09
24400.056 1.332402322508148e-08
24450.056 1.2853806117484747e-08
24500.056 1.268484051495513e-08
24550.056 1.5893174787748424e-08
24600.056 1.6076085775277364e-08
24650.056 2.0736925101386705e-08
24700.056 1.4123832241322612e-08
24750.056 1.6009702798934747e-08
24800.056 1.5591176120067678e-08
24850.056 2.275420061674662e-08
24900.056 1.1859816806126043e-08
24950.056 2.1516247999571383e-08
25000.056 1.8818961668219867e-08
25050.056 1.259901639053526e-08
25100.056 1.8434433713841235e-08
25150.056 1.167613756403463e-08
25200.056 1.5437899772340368e-08
25250.056 8.947040492081342e-09
25300.056 1.3222523928588895e-08
25350.056 7.469904916310529e-09
25400.056 1.4493059839939478e-08
25450.056 7.25298534081745e-09
25500.056 7.235768731311995e-09
25550.056 9.265909493213561e-09
25600.056 7.67985367796186e-09
25650.056 4.839462858827091e-09
25700.056 9.013051826228841e-09
25750.056 3.7013759521189384e-09
25800.056 1.0530390942311994e-08
25850.056 4.123112091157438e-09
25900.056 6.0387202995591356e-09
25950.056 2.9213766621682506e-09
26000.056 1.052507430829738e-08
26050.056 4.572796232756739e-09
26100.056 1.003575584946946e-08
26150.056 6.979375692809538e-09
26200.056 7.811278856185984e-09
26250.056 1.687777888729857e-08
26300.056 9.04327173582959e-09
26350.056 2.0418459042176545e-08
26400.056 2.015224595492844e-08
26450.056 1.941194238468546e-08
26500.056 2.4277976048348154e-08
26550.056 1.0277199292498521e-08
26600.056 1.4164297748850954e-08
26650.056 5.3292638252316886e-09
26700.056 4.682371438670637e-09
26750.056 3.4430077053745624e-09
26800.056 6.286438160021031e-09
26850.056 3.5918796382279283e-09
26900.056 9.599000654181378e-09
26950.056 4.6501730216591544e-09
27000.056 1.3514499545017518e-08
27050.056 1.1526034882597119e-08
27100.056 6.408487459610635e-09
27150.056 1.624984759758373e-08
27200.056 6.746704660329599e-09
27250.056 1.0218177753119168e-08
27300.056 2.7254212723571038e-08
27350.056 1.7331565549766383e-08
27400.056 3.7262045105766204e-09
27450.056 2.0602758525068198e-08
27500.056 2.1694098960619847e-08
27550.056 7.67472453460196e-09
27600.056 1.5036756401082107e-08
27650.056 6.764310947572008e-09
27700.056 5.403776531526885e-09
27750.056 1.680769366386958e-08
27800.056 7.087556589568714e-09
27850.056 9.11406657435126e-09
27900.056 9.732291929932349e-09
27950.056 1.836589748806626e-08
28000.056 1.4286452460621213e-08
28050.056 4.398306438896389e-09
28100.056 1.6887436697669683e-08
28150.056 1.1311398437292997e-08
28200.056 5.55098213838176e-09
28250.056 1.872716579237991e-08
28300.056 2.0742544575450318e-08
28350.056 7.176894554961751e-09
28400.056 1.457403515927903e-08
28450.056 2.0666899329098125e-08
28500.056 1.5039988833175714e-08
28550.056 5.556027296942994e-09
28600.056 2.259703520568779e-08
28650.056 1.7595066154644424e-08
28700.056 1.752647377991642e-08
28750.056 2.5695390661624375e-08
28800.056 1.8763583330760458e-08
