galfind/configs/Brown_Dwarf_templates/sonora_bobcat/m0.0/562g/sp_t900g562nc_m0.0_resample.dat
# %ECSV 1.0
# ---
# datatype:
# - {name: wav, unit: Angstrom, datatype: float64}
# - {name: flux_nu, unit: erg / (cm2 Hz s), datatype: float64}
# meta: {C/O: '1.00', Kzz: '1.0000E+05', Teff: '900.', Y: '0.28', '[Fe/H]': '0.00', f_hole: '1.00', f_rain: '0.00', grav: '562.'}
# schema: astropy-2.0
wav flux_nu
[from data line 499]
28950.056 5.368105321436491e-08
29000.056 4.419713478848438e-08
29050.056 5.090291324184046e-08
29100.056 3.5630424236576234e-08
29150.056 6.492190397835439e-08
29200.056 4.49948618426043e-08
29250.056 6.342426333693683e-08
29300.056 3.54325637043332e-08
29350.056 9.929296667382394e-08
29400.056 5.078000328896844e-08
29450.056 5.532538560968312e-08
29500.056 6.544372707989436e-08
29550.056 5.5571965234085994e-08
29600.056 6.605282296904372e-08
29650.056 7.227580478075804e-08
29700.056 5.216684743856419e-08
29750.056 7.409354333335901e-08
29800.056 7.526006100602046e-08
29850.056 8.153471238837445e-08
29900.056 7.845043485597716e-08
29950.056 7.570511917755925e-08
30000.056 2.5569190761985532e-08
30050.056 3.732764674999116e-08
30100.056 4.269789152550065e-08
30150.056 7.714671937499437e-08
30200.056 6.325507513538316e-08
30250.056 1.0048786808981304e-07
30300.056 8.872267143480493e-08
30350.056 7.307997548618314e-08
30400.056 9.770400158940346e-08
30450.056 6.72475165072597e-08
30500.056 6.206420611100071e-08
30550.056 6.387602354325779e-08
30600.056 8.38657420390023e-08
30650.056 6.302483339879546e-08
30700.056 5.7756687678088555e-08
30750.056 6.518689000208984e-08
30800.056 5.675641183411279e-08
30850.056 5.244340161008249e-08
30900.056 4.429570405799018e-08
30950.056 4.218383844450934e-08
31000.056 4.022372746120548e-08
31050.056 4.2922052930599394e-08
31100.056 3.0738138409198855e-08
31150.056 4.026987937836785e-08
31200.056 4.6443173519010114e-08
31250.056 3.2400756888426774e-08
31300.056 2.986436083899462e-08
31350.056 3.2052875486683055e-08
31400.056 2.4571449984821957e-08
31450.056 2.8348915317993467e-08
31500.056 2.0027440372395877e-08
31550.056 2.3705686985476634e-08
31600.056 1.856602605483736e-08
31650.056 1.6852322876465504e-08
31700.056 1.8146777777299182e-08
31750.056 1.3388211922847445e-08
31800.056 1.9283545649198142e-08
31850.056 1.2452348485552227e-08
31900.056 1.684997286540115e-08
31950.056 1.063014855461727e-08
32000.056 1.4281486347688441e-08
32050.056 1.4860854500963953e-08
32100.056 1.3714909307370998e-08
32150.056 1.6256067384678916e-08
32200.056 1.2416267083451133e-08
32250.056 1.905827488614482e-08
32300.056 1.1575515847220247e-08
32350.056 1.9994548106299498e-08
32400.056 1.1918095518257574e-08
32450.056 1.8225510316524916e-08
32500.056 1.5671236004974814e-08
32550.056 1.6635018447168147e-08
32600.056 1.897280412643503e-08
32650.056 2.5697785259893763e-08
32700.056 2.2424680758205636e-08
32750.056 2.9061195584604264e-08
32800.056 2.7968361789353516e-08
32850.056 3.1984944391097175e-08
32900.056 3.44252654724964e-08
32950.056 3.5865981001988346e-08
33000.056 2.934280123880249e-08
33050.056 2.8788351746409505e-08
33100.056 1.4450143463385398e-08
33150.056 2.3337000353382265e-09
33200.056 2.7899388700284183e-09
33250.056 1.965857288209451e-09
33300.056 2.8559960605307665e-09
33350.056 5.331226858230272e-09
33400.056 8.313777917697509e-09
33450.056 1.1495403509831115e-08
33500.056 1.9308840714108947e-08
33550.056 1.5536860301549252e-08
33600.056 2.46541257218975e-08
33650.056 2.5789721458200833e-08
33700.056 1.9953334726235382e-08
33750.056 3.1495088020804784e-08
33800.056 1.9740233047728657e-08
33850.056 2.6677675767826385e-08
33900.056 2.1545027089699248e-08
33950.056 2.2613677121474364e-08
34000.056 2.956080176370835e-08
34050.056 1.532898281416614e-08
34100.056 2.835369381000318e-08
34150.056 1.9951852603478766e-08
34200.056 2.4547903940739436e-08
34250.056 2.3749864153890538e-08
34300.056 1.9662097300456247e-08
34350.056 2.1326477698301186e-08
34400.056 1.6566200834677114e-08
34450.056 2.556056575559127e-08
34500.056 2.2228400384501995e-08
34550.056 1.5568736103520423e-08
34600.056 3.0578360758300006e-08
34650.056 1.814942301186055e-08
34700.056 2.5543126864099496e-08
34750.056 2.4262092983391463e-08
34800.056 2.0038943215996333e-08
34850.056 2.798146750500412e-08
34900.056 2.5036390850008374e-08
34950.056 2.8262660533594163e-08
35000.056 4.268679493825632e-08
35050.056 2.526308425928343e-08
35100.056 3.645182679790191e-08
35150.056 3.615043604212736e-08
35200.056 3.5096273586828896e-08
35250.056 4.81067394377046e-08
35300.056 3.303763993090591e-08
35350.056 3.6459077407310666e-08
35400.056 4.112513404929838e-08
35450.056 2.821465615945498e-08
35500.056 5.58110271119945e-08
35550.056 4.805470441919579e-08
35600.056 4.512775401311964e-08
35650.056 5.098496610248533e-08
35700.056 4.402789728679225e-08
35750.056 5.812207306779568e-08
35800.056 7.079395186520219e-08
35850.056 4.393346123049817e-08
35900.056 6.152268251750804e-08
35950.056 6.077565736758924e-08
36000.056 5.964499995000873e-08
36050.056 5.807053764518498e-08
36100.056 5.6973539444369935e-08
36150.056 6.661661423488763e-08
36200.056 7.411839365178496e-08
36250.056 6.458140334578664e-08
36300.056 8.380725907260599e-08
36350.056 7.685500270520578e-08
36400.056 8.10981413471899e-08
36450.056 8.812590176189955e-08
36500.056 9.213446885930062e-08
36550.056 1.0352566404852849e-07
36600.056 1.1729228279399008e-07
36650.056 1.0575850174898333e-07
36700.056 1.1078971739938061e-07
36750.056 1.255536327800354e-07
36800.056 1.2665838949399721e-07
36850.056 1.1387974781997764e-07
36900.056 1.2646061120799077e-07
36950.056 1.4099457033597917e-07
37000.056 1.2888499365698954e-07
37050.056 1.4012966534400366e-07
37100.056 1.3803029194499627e-07
37150.056 1.3065620563360762e-07
37200.056 1.5728890686699098e-07
37250.056 1.416962954489707e-07
37300.056 1.2830604713155123e-07
37350.056 1.4667911833401944e-07
37400.056 1.9297063731799535e-07
37450.056 1.458670918655964e-07
37500.056 1.4890308129058897e-07
37550.056 1.9005320886807806e-07
37600.056 2.1418702301001978e-07
37650.056 1.4746775662001625e-07
37700.056 2.0458060529601818e-07
37750.056 1.6139146193801455e-07
37800.056 1.773261910660703e-07
37850.056 1.360976826860052e-07
37900.056 1.535800864320447e-07
37950.056 1.8232455363587386e-07
38000.056 2.0520366978799304e-07
38050.056 2.0649911213204316e-07
38100.056 2.186916132820203e-07
38150.056 2.3291347936199327e-07
38200.056 2.3735337234203018e-07
38250.056 2.2196906592901204e-07
38300.056 2.8140145333795397e-07
38350.056 2.8436687455604075e-07
38400.056 2.0360557475793778e-07
38450.056 2.0683151909094094e-07
38500.056 1.6333091444203698e-07
38550.056 2.352925315300492e-07
38600.056 2.299737510859765e-07
38650.056 2.444562169049735e-07
38700.056 2.597431870399987e-07
38750.056 2.63026913264e-07
38800.056 2.350263964379342e-07
38850.056 2.5426108725002557e-07
38900.056 2.981338522179859e-07
38950.056 2.479717604649889e-07
39000.056 2.8047467102197937e-07
39050.056 2.658375833620238e-07
39100.056 2.7292418737400515e-07
39150.056 2.9517626302099527e-07
39200.056 2.7567370464898216e-07
39250.056 3.180741819669819e-07
39300.056 2.8659614501494275e-07
39350.056 3.429626126620227e-07
39400.056 3.028375695130478e-07
39450.056 3.193983335439919e-07
39500.056 3.2377701480002005e-07
39550.056 3.0333225301036935e-07
39600.056 3.393003387899443e-07
39650.056 3.7370220301998507e-07
39700.056 3.506596325000318e-07
39750.056 2.919887327490721e-07
39800.056 3.2630449285996586e-07
39850.056 4.022294101200068e-07
39900.056 3.9556075994000236e-07
39950.056 3.6335740689396165e-07
40000.056 4.21575299500034e-07
40050.056 3.9167268350001065e-07
40100.056 3.2714123727661824e-07
40150.056 4.080138556960067e-07
40200.056 4.19533869449916e-07
40250.056 4.121969467499104e-07
40300.056 4.1322250214004474e-07
40350.056 3.906555868429669e-07
40400.056 4.5147554005201284e-07
40450.056 3.91456328987018e-07
40500.056 4.4846451987000397e-07
40550.056 4.6786682262393975e-07
40600.056 4.3696775452003273e-07
40650.056 4.1696106707992783e-07
40700.056 5.377441790599819e-07
40750.056 4.3386767378992105e-07
40800.056 3.715557587498679e-07
40850.056 5.239360302100759e-07
40900.056 5.043826788580055e-07
40950.056 4.496692667540152e-07
41000.056 4.6197530399998965e-07
41050.056 5.390653859399446e-07
41100.056 4.7017754008996556e-07
41150.056 3.7130910278096864e-07
41200.056 5.199616539999988e-07
41250.056 4.714850757949792e-07
41300.056 4.2966631216993733e-07
41350.056 5.418536875000266e-07
41400.056 4.877975098200483e-07
41450.056 5.226307575400134e-07
41500.056 4.291643919479734e-07
41550.056 4.176922607710773e-07
41600.056 4.86444308586051e-07
41650.056 5.038481032900285e-07
41700.056 4.6118169268991787e-07
41750.056 4.6709186515997337e-07
41800.056 5.560252998100117e-07
41850.056 3.8193804515998996e-07
41900.056 4.57578093358917e-07
41950.056 4.885449265900585e-07
42000.056 4.696021476599519e-07
42050.056 4.0346291297999734e-07
42100.056 5.577801799200143e-07
42150.056 4.016948138100173e-07
42200.056 3.987917204029884e-07
42250.056 4.3745194883996775e-07
42300.056 4.0786316850998944e-07
42350.056 4.801750169700657e-07
42400.056 4.72727556360058e-07
42450.056 4.0323283640004287e-07
42500.056 4.0972342368999666e-07
42550.056 3.8604984772598137e-07
42600.056 4.2868798020507386e-07
42650.056 5.315044895698811e-07
42700.056 4.2800772200393153e-07
42750.056 3.90250410230035e-07
42800.056 4.4494392160204343e-07
42850.056 4.942617906798824e-07
42900.056 5.245588008760742e-07
42950.056 4.0552661913990027e-07
43000.056 4.687705670380206e-07
43050.056 3.1488502665611034e-07
43100.056 4.236288901199545e-07
43150.056 3.8673765863603445e-07
43200.056 4.3880300180000877e-07
43250.056 5.548940052900344e-07
43300.056 5.400167394100218e-07
43350.056 3.4756902116390747e-07
43400.056 4.3863682929399524e-07
43450.056 3.721654687310641e-07
43500.056 3.959713659100125e-07
43550.056 3.996233814070316e-07
43600.056 5.003632917320464e-07
43650.056 3.581069225640091e-07
43700.056 5.215942242600425e-07
43750.056 4.6917168824804687e-07
43800.056 4.4045044284694906e-07
43850.056 3.9528889921007213e-07
43900.056 4.2478778921295833e-07
43950.056 3.1396794437195764e-07
44000.056 2.880359927320065e-07
44050.056 4.58997352400009e-07
44100.056 5.476145331300356e-07
44150.056 5.39276220897966e-07
44200.056 4.704596424400041e-07
44250.056 3.533153131510042e-07
44300.056 3.1244639983105307e-07
44350.056 3.5335460908007126e-07
44400.056 3.3957454091798405e-07
44450.056 4.2450189035998926e-07
44500.056 4.152322220220843e-07
44550.056 5.024012127999574e-07
44600.056 4.4435116371903046e-07
44650.056 4.466848257250335e-07
44700.056 3.4064939916998433e-07
44750.056 4.196254135680525e-07
44800.056 3.8468692227804036e-07
44850.056 4.647125816000576e-07
44900.056 3.704549255040281e-07
44950.056 4.0254742036401736e-07
45000.056 4.324026278400005e-07
45050.056 4.2422572047998315e-07
45100.056 4.3079185641201045e-07
45150.056 4.2082582671397306e-07
45200.056 3.4219790157302646e-07
45250.056 3.800114152689146e-07
45300.056 3.55165385501042e-07
45350.056 3.510101657859824e-07
45400.056 4.752334615500413e-07
45450.056 4.401040801699905e-07
45500.056 4.468871478890143e-07
45550.056 5.023002574399075e-07
45600.056 4.880170520000416e-07
45650.056 4.0907854120195463e-07
45700.056 3.6201411226601555e-07
45750.056 3.446511545139995e-07
45800.056 4.892993809900132e-07
45850.056 4.992446988599913e-07
45900.056 5.189917810900199e-07
45950.056 4.197792469899884e-07
46000.056 4.978780768400393e-07
46050.056 4.2962974532001333e-07
46100.056 5.037846772499723e-07
46150.056 3.979734841699809e-07
46200.056 3.8636715967001974e-07
46250.056 2.6655911364496353e-07
46300.056 4.300071092739943e-07
46350.056 4.154731272100277e-07
46400.056 4.153420477700148e-07
46450.056 3.842372776300269e-07
46500.056 3.9783024299307687e-07
46550.056 3.2143757075900375e-07
46600.056 3.904853243819744e-07
46650.056 5.35385736140004e-07
46700.056 4.0554089881996796e-07
46750.056 2.9749589168302316e-07
46800.056 2.433485711480162e-07
46850.056 5.188975660500711e-07
46900.056 4.798406646599671e-07
46950.056 4.7518298709997655e-07
47000.056 4.31861857040053e-07
47050.056 4.120188970368732e-07
47100.056 2.968718403020326e-07
47150.056 3.7985965515605474e-07
47200.056 4.493818895900056e-07
47250.056 3.3321685278296965e-07
47300.056 2.5826845053171195e-07
47350.056 4.769668461799811e-07
47400.056 4.515976807499625e-07
47450.056 4.197894172880481e-07
47500.056 4.818713934899623e-07
47550.056 4.265427170400074e-07
47600.056 4.382622583799648e-07
47650.056 3.915063635259398e-07
47700.056 3.941254739721025e-07
47750.056 2.981878737180077e-07
47800.056 3.1314496685401596e-07
47850.056 2.3199737862501156e-07
47900.056 2.9317928553996353e-07
47950.056 3.9032925758001463e-07
48000.056 5.055185482400387e-07
48050.056 4.452729976299936e-07
48100.056 2.8115450387601246e-07
48150.056 3.637447635900198e-07
48200.056 3.355916990299965e-07
48250.056 3.4590540268000943e-07
48300.056 4.839292408299345e-07
48350.056 3.1419678322000275e-07
48400.056 1.9882354227716534e-07
48450.056 3.2133113909706646e-07
48500.056 4.050750197099412e-07
48550.056 3.5389057609001104e-07
48600.056 3.891215566100074e-07
48650.056 4.187455506199801e-07
48700.056 3.688559147340107e-07
48750.056 2.4071285010609655e-07
48800.056 4.500609242730136e-07
48850.056 2.9548610781194246e-07
48900.056 4.369861885759878e-07
48950.056 3.052400641300192e-07
49000.056 1.9821715303658434e-07
49050.056 3.8327624245995795e-07
49100.056 3.985534427910582e-07
49150.056 3.394518934284071e-07
49200.056 4.2773540599005e-07
49250.056 4.107719572900445e-07
49300.056 3.6118656742998845e-07
49350.056 2.3259036453003896e-07
49400.056 3.142636151949511e-07
49450.056 3.2471828007409137e-07
49500.056 2.706026171819809e-07
49550.056 1.5367648329800947e-07
49600.056 2.49590368143245e-07
49650.056 2.990657410859772e-07
49700.056 2.9686997600992395e-07
49750.056 3.731216310399546e-07
49800.056 2.926322996582049e-07
49850.056 4.163823383200653e-07
49900.056 3.460597502719833e-07
49950.056 3.192188826539868e-07
50000.056 3.068942308559807e-07
50050.056 3.660514390799836e-07
50100.056 3.0593066533999904e-07
50150.056 2.084030046499809e-07
50200.056 1.1092544857302117e-07
50250.056 2.77691185199979e-07
50300.056 2.2688346983501878e-07
50350.056 3.607766226600376e-07
50400.056 3.2102574157798094e-07
50450.056 2.5326851177201e-07
50500.056 3.467219764100336e-07
50550.056 3.2020269513001707e-07
50600.056 2.584433064309421e-07
50650.056 3.4906071021006053e-07
50700.056 3.8017793546992804e-07
50750.056 2.922343329200372e-07
50800.056 1.802769359019748e-07
50850.056 1.687823727500457e-07
50900.056 3.640243867799916e-07
50950.056 2.8801537575002053e-07
51000.056 3.077339569430205e-07
51050.056 3.053295368099829e-07
51100.056 1.680262818239761e-07
51150.056 2.2992442857400252e-07
51200.056 4.056247985899711e-07
51250.056 2.724349841329673e-07
51300.056 2.1283540963306746e-07
51350.056 2.471179156119781e-07
51400.056 1.5127440154900378e-07
51450.056 1.2833274892427113e-07
51500.056 1.3605237288663998e-07
51550.056 2.811532313640202e-07
51600.056 2.0487201071502135e-07
51650.056 2.1900557248396628e-07
51700.056 2.5082521762576903e-07
51750.056 1.82571716872012e-07
51800.056 2.7317606533993733e-07
51850.056 2.4253591612898756e-07
51900.056 3.490498334920335e-07
51950.056 2.613083673929778e-07
52000.056 1.0057841418898142e-07
52050.056 1.9207718838701767e-07
52100.056 1.4997146566099257e-07
52150.056 1.2783289350801067e-07
52200.056 1.5344553907799702e-07
52250.056 1.995568199960234e-07
52300.056 3.0285180941998677e-07
52350.056 1.9423154491980216e-07
52400.056 1.5038134934901362e-07
52450.056 2.600270605800197e-07
52500.056 2.6127216345793896e-07
52550.056 2.503038730099663e-07
52600.056 2.1029111894401824e-07
52650.056 2.2001144280203513e-07
52700.056 1.8647103609299975e-07
52750.056 1.3037537659999448e-07
52800.056 1.6311964255001975e-07
52850.056 1.791342474189505e-07
52900.056 1.5784330985937406e-07
52950.056 1.757387298020049e-07
53000.056 2.395399289860066e-07
53050.056 1.3443244629796268e-07
53100.056 2.0641799937797722e-07
53150.056 2.798404385600255e-07
53200.056 1.3004643857398865e-07
53250.056 2.4276856079001933e-07
53300.056 2.588912962961254e-07
53350.056 2.43487652549995e-07
53400.056 2.2510716164000317e-07
53450.056 1.2831737129398528e-07
53500.056 7.459132906257736e-08
