galfind/configs/Brown_Dwarf_templates/sonora_bobcat/m0.0/562g/sp_t575g562nc_m0.0_resample.dat
# %ECSV 1.0
# ---
# datatype:
# - {name: wav, unit: Angstrom, datatype: float64}
# - {name: flux_nu, unit: erg / (cm2 Hz s), datatype: float64}
# meta: {C/O: '1.00', Kzz: '1.0000E+05', Teff: '575.', Y: '0.28', '[Fe/H]': '0.00', f_hole: '1.00', f_rain: '0.00', grav: '562.'}
# schema: astropy-2.0
wav flux_nu
4000.0559999999996 nan
4050.0559999999996 2.5787014465079204e-16
4100.056 4.445511430280091e-14
4150.056 4.337902896100049e-13
4200.056 4.2733423565813533e-13
4250.056 3.4051878111000294e-12
4300.056 7.217068197400069e-12
4350.056 1.159274737010005e-11
4400.056 1.742959046500009e-11
4450.056 2.5238126736000166e-11
4500.056 3.1874886002000167e-11
4550.056 3.016095404239973e-11
4600.056 6.136181816099968e-12
4650.056 3.0644260628999804e-12
4700.056 1.2759663409899875e-12
4750.056 3.4591064394999576e-13
4800.056 1.05169766170999e-13
4850.056 3.928709099199967e-14
4900.056 1.995486752899989e-14
4950.056 1.1387324504399936e-14
5000.056 5.883178649399958e-15
5050.056 3.6180949803999985e-15
5100.056 3.587723885500015e-15
5150.056 3.800574757600007e-15
5200.056 4.0596362093000056e-15
5250.056 4.323466092400003e-15
5300.056 4.644944048600004e-15
5350.056 5.0536773087000055e-15
5400.056 5.520532395300007e-15
5450.056 6.078204125800017e-15
5500.056 6.7057550001000146e-15
5550.056 7.366604907500008e-15
5600.056 7.977318800400007e-15
5650.056 8.4292453059e-15
5700.056 8.528017189300001e-15
5750.056 8.272642020899996e-15
5800.056 7.41911860939998e-15
5850.056 5.2648507384999425e-15
5900.056 1.7220864545612724e-15
5950.056 1.03266212200002e-14
6000.056 2.1370162722000063e-14
6050.056 3.769553929600036e-14
6100.056 6.015450423300044e-14
6150.056 8.98238412570005e-14
6200.056 1.2948508844000062e-13
6250.056 1.8167959243000067e-13
6300.056 2.5542706801000084e-13
6350.056 3.5650277960000145e-13
6400.056 4.945884415300026e-13
6450.056 6.555207698899981e-13
6500.056 9.023728527900055e-13
6550.056 1.2554774675299926e-12
6600.056 1.7467929142000267e-12
6650.056 2.4380901481000165e-12
6700.056 3.150228009800024e-12
6750.056 4.43862514400002e-12
6800.056 5.433663823200025e-12
6850.056 5.718962765199997e-12
6900.056 4.881398067200023e-12
6950.056 3.9791594992999935e-12
7000.056 4.046940953699983e-12
7050.056 4.2759113284999745e-12
7100.056 4.678345762899978e-12
7150.056 4.370782330229926e-12
7200.056 4.101242983959973e-12
7250.056 4.2910626887598385e-12
7300.056 4.245783655380201e-12
7350.056 4.560697583829963e-12
7400.056 4.862608958800109e-12
7450.056 5.269733983000129e-12
7500.056 5.555408468800002e-12
7550.056 5.677243140399999e-12
7600.056 5.565723059799987e-12
7650.056 2.351562695841925e-12
7700.056 1.9792440899120614e-12
7750.056 6.068674640500074e-12
7800.056 8.410743607800022e-12
7850.056 1.1721442838999996e-11
7900.056 1.4920777460499966e-11
7950.056 1.695204290140008e-11
8000.056 2.343990061800017e-11
8050.056 2.9059202492000268e-11
8100.056 3.1055426489399345e-11
8150.056 3.388956538900038e-11
8200.056 4.942671354870176e-11
8250.056 5.833223542122949e-11
8300.056 7.306334758030211e-11
8350.056 8.908327886849844e-11
8400.056 1.114612883729996e-10
8450.056 1.4527240571999968e-10
8500.056 1.697594916899961e-10
8550.056 2.2093497892000478e-10
8600.056 2.7760839078000226e-10
8650.056 3.3478812350000284e-10
8700.056 3.926856930200034e-10
8750.056 4.6540110689000335e-10
8800.056 5.370694326400032e-10
8850.056 5.752019502299962e-10
8900.056 4.1580929102998335e-10
8950.056 3.933143909234071e-10
9000.056 4.4368163822005914e-10
9050.056 8.224734381095049e-10
9100.056 9.508295554113378e-10
9150.056 1.0737570439980403e-09
9200.056 1.3722856021250027e-09
9250.056 1.3446332145170648e-09
9300.056 3.200327241879132e-10
9350.056 4.589357945906936e-10
9400.056 1.0403311516602384e-09
9450.056 1.0072342582971255e-09
9500.056 9.307664726852138e-10
9550.056 1.0184013435623913e-09
9600.056 1.1059333844993827e-09
9650.056 1.5053872499939918e-09
9700.056 2.475806757518164e-09
9750.056 2.594986297181178e-09
9800.056 3.090525044850887e-09
9850.056 3.6929016372499357e-09
9900.056 4.681504915090107e-09
9950.056 5.153381807000113e-09
10000.056 4.894908533929942e-09
10050.056 6.711578278300066e-09
10100.056 7.647837917800038e-09
10150.056 8.046650286400016e-09
10200.056 8.225700276400315e-09
10250.056 9.549078858800189e-09
10300.056 1.1528287062199414e-08
10350.056 1.1526334331200367e-08
10400.056 1.4219833301200139e-08
10450.056 1.622734031669882e-08
10500.056 1.813226463119974e-08
10550.056 2.028192813400012e-08
10600.056 2.1583065323999962e-08
10650.056 2.2620842565000255e-08
10700.056 2.2676826667000163e-08
10750.056 2.3342987982400146e-08
10800.056 2.3260543663800198e-08
10850.056 2.2221587770200146e-08
10900.056 1.8337368677699612e-08
10950.056 1.0913779637600066e-08
11000.056 7.106710531119072e-09
11050.056 4.051821437766317e-09
11100.056 2.311492297313026e-09
11150.056 1.162419857767539e-09
11200.056 1.086858699255154e-09
11250.056 1.4889621004649955e-09
11300.056 1.7937521693532005e-09
11350.056 6.694807791209589e-10
11400.056 2.3214533784247394e-09
11450.056 1.4536510893520015e-09
11500.056 1.4032255815339104e-09
11550.056 5.135442142160251e-10
11600.056 4.006561368125352e-10
11650.056 9.682989658805957e-10
11700.056 1.1683947118123534e-09
11750.056 4.5091749883986354e-10
11800.056 1.7753653115023842e-09
11850.056 2.787673787356887e-09
11900.056 3.4806819483898104e-09
11950.056 5.1082169422505425e-09
12000.056 7.163257173420459e-09
12050.056 9.943538135400375e-09
12100.056 1.2722533386308996e-08
12150.056 1.6612856481699357e-08
12200.056 1.9522331498600082e-08
12250.056 2.4653801115298386e-08
12300.056 3.161209306890127e-08
12350.056 3.4114739455699726e-08
12400.056 4.2757425015999225e-08
12450.056 5.078532080000089e-08
12500.056 5.579616448400253e-08
12550.056 6.246284425899966e-08
12600.056 6.834028581500133e-08
12650.056 7.02846137779995e-08
12700.056 6.99663002570011e-08
12750.056 6.015772764300139e-08
12800.056 5.247358032799962e-08
12850.056 3.858975235580019e-08
12900.056 3.1541804565701776e-08
12950.056 2.715577097051106e-08
13000.056 2.815406886230252e-08
13050.056 2.1326777067005658e-08
13100.056 2.0875222968361124e-08
13150.056 1.4797446677874009e-08
13200.056 1.4136963055259893e-08
13250.056 1.0309438543498456e-08
13300.056 4.33357463265812e-09
13350.056 1.3439002064543945e-09
13400.056 4.4748373977381553e-10
13450.056 1.720076295300913e-10
13500.056 7.559550193615601e-11
13550.056 3.231174886788748e-11
13600.056 1.2499819496501024e-11
13650.056 6.046518303840758e-11
13700.056 3.584436861392236e-11
13750.056 8.681646053084719e-11
13800.056 9.428481726892254e-11
13850.056 4.6709646144996246e-11
13900.056 6.012481359031812e-11
13950.056 5.793105327639868e-11
14000.056 6.576443042942113e-11
14050.056 9.985227097308932e-11
14100.056 8.146513085600161e-11
14150.056 1.466604542544099e-10
14200.056 9.940463031263603e-11
14250.056 1.240264257800479e-10
14300.056 3.313033247337774e-10
14350.056 2.9004733406805253e-10
14400.056 2.9842337943995623e-10
14450.056 4.828427150798877e-10
14500.056 9.765821235886026e-10
14550.056 1.0115248113540719e-09
14600.056 1.569890282845894e-09
14650.056 1.0439777562976443e-09
14700.056 5.573993985359869e-10
14750.056 4.643677649799452e-10
14800.056 6.606529939415668e-10
14850.056 7.325942193601949e-10
14900.056 7.619287708807695e-10
14950.056 7.491574175435692e-10
15000.056 1.5440469967764717e-09
15050.056 1.5128349338081086e-09
15100.056 1.1278078230598532e-09
15150.056 8.450794756053421e-10
15200.056 1.5660349338561924e-09
15250.056 2.964094870575235e-09
15300.056 3.657622021463664e-09
15350.056 4.64965523988515e-09
15400.056 5.907268589918941e-09
15450.056 7.480641243990096e-09
15500.056 8.907703960353582e-09
15550.056 1.2419986119101913e-08
15600.056 1.6386775652199095e-08
15650.056 2.149862948630144e-08
15700.056 2.8116783012400582e-08
15750.056 3.202412329180044e-08
15800.056 3.5317135142999905e-08
15850.056 3.903081602000132e-08
15900.056 3.781960768000033e-08
15950.056 3.646318656799891e-08
16000.056 2.9986040457000785e-08
16050.056 2.023163758309906e-08
16100.056 1.3468093550899295e-08
16150.056 8.0407273962495e-09
16200.056 4.488663602278065e-09
16250.056 3.2580525185698634e-09
16300.056 2.301746226136679e-09
16350.056 2.812665151952911e-09
16400.056 3.341516870285328e-09
16450.056 3.3867753278809815e-09
16500.056 3.3825422278992826e-09
16550.056 3.3547558592973157e-09
16600.056 4.563669771069079e-09
16650.056 3.087094237234626e-09
16700.056 6.805380052660057e-10
16750.056 1.8844795475769307e-09
16800.056 2.9448241248416402e-09
16850.056 3.1115088420523752e-09
16900.056 1.976157610669311e-09
16950.056 1.4206625184318606e-09
17000.056 9.07913280084257e-10
17050.056 1.6221206862060707e-09
17100.056 2.395446143647281e-09
17150.056 1.6312995218880305e-09
17200.056 3.6902916609838425e-09
17250.056 2.3544073178431216e-09
17300.056 1.7646911062046156e-09
17350.056 1.8047078310301986e-09
17400.056 2.4686391490202823e-09
17450.056 2.949242818035262e-09
17500.056 3.5422128782183306e-09
17550.056 2.982318784240509e-09
17600.056 2.501583381322959e-09
17650.056 2.1623730253753055e-09
17700.056 1.7498615130158105e-09
17750.056 1.4546830102918332e-09
17800.056 2.4234556999928165e-09
17850.056 1.3581876827498594e-09
17900.056 1.1374682281018883e-09
17950.056 8.087421844226305e-10
18000.056 1.221107368387012e-09
18050.056 7.630912130853342e-10
18100.056 9.190475827286597e-10
18150.056 8.987533040865381e-10
18200.056 5.750904674625712e-10
18250.056 1.712477087211319e-09
18300.056 5.131835117820892e-10
18350.056 4.4089529635148494e-10
18400.056 3.3513212725846355e-10
18450.056 1.0191042416730015e-09
18500.056 9.739152034500473e-10
18550.056 6.037563993845085e-10
18600.056 6.610159131133476e-10
18650.056 4.702585921826833e-10
18700.056 2.0562010711035406e-10
18750.056 4.289377317546647e-10
18800.056 1.5607464117251366e-09
18850.056 1.511236907826857e-09
18900.056 1.29670987989612e-09
18950.056 2.2459013617232076e-09
19000.056 8.405828928259233e-10
19050.056 4.357518264469768e-10
19100.056 9.318537388693963e-10
19150.056 4.4600220946642547e-10
19200.056 6.595269596303601e-10
19250.056 4.435266416910095e-10
19300.056 3.274106146287551e-10
19350.056 2.927217882057783e-10
19400.056 2.3911995234491505e-10
19450.056 4.0011196771227745e-10
19500.056 3.3746942687668297e-10
19550.056 4.2737213264497403e-10
19600.056 7.331364212268201e-10
19650.056 6.297656153029489e-10
19700.056 7.581458175952223e-10
19750.056 1.1329246934122659e-09
19800.056 8.445390174680736e-10
19850.056 1.1031107699235952e-09
19900.056 1.2892962237188152e-09
19950.056 1.8434546747652657e-09
20000.056 2.147995542446306e-09
20050.056 1.8696016921787682e-09
20100.056 2.990998658410103e-09
20150.056 1.897343929355762e-09
20200.056 1.5338112719697823e-09
20250.056 2.632896224150999e-09
20300.056 2.9639419622544146e-09
20350.056 3.0670681530706885e-09
20400.056 2.837379334788248e-09
20450.056 4.513142526064227e-09
20500.056 5.088343108549176e-09
20550.056 5.528057947390484e-09
20600.056 5.963385031531019e-09
20650.056 6.99205950179973e-09
20700.056 7.608256500340317e-09
20750.056 8.190162316099457e-09
20800.056 8.237493704198719e-09
20850.056 9.066285345000198e-09
20900.056 9.461020304499205e-09
20950.056 9.271415015000471e-09
21000.056 9.147428254500308e-09
21050.056 9.419494711899556e-09
21100.056 9.112696925100233e-09
21150.056 9.099604882299146e-09
21200.056 8.655512726200511e-09
21250.056 8.204577606678988e-09
21300.056 7.33210290311996e-09
21350.056 7.139232196699538e-09
21400.056 6.993598205740898e-09
21450.056 6.000344837248007e-09
21500.056 5.465746836233722e-09
21550.056 4.949344948017302e-09
21600.056 4.398867310521635e-09
21650.056 3.470870414765572e-09
21700.056 3.370725577043873e-09
21750.056 2.9331810472419126e-09
21800.056 2.2073005543143116e-09
21850.056 2.0229080573040886e-09
21900.056 1.5021967275083988e-09
21950.056 7.697717154115748e-10
22000.056 1.8921665666937735e-10
22050.056 2.2304251898225064e-10
22100.056 7.087463439354264e-10
22150.056 5.924023137300516e-10
22200.056 6.379896973975841e-10
22250.056 5.383601029566541e-10
22300.056 3.123872627367014e-10
22350.056 3.793281391567256e-10
22400.056 1.6634078286191012e-10
22450.056 2.2894748781553243e-10
22500.056 1.8970486301970525e-10
22550.056 1.2478936587755356e-10
22600.056 1.0714392573350989e-10
22650.056 1.7796955066049257e-10
22700.056 1.4828731429127974e-10
22750.056 1.7660048167774576e-10
22800.056 1.9103049347308587e-10
22850.056 1.4165083979806682e-10
22900.056 1.1351903484335617e-10
22950.056 1.0279295173587938e-10
23000.056 1.2953690015225753e-10
23050.056 1.711856129354861e-10
23100.056 6.512592930759883e-10
23150.056 5.569683465873606e-10
23200.056 4.005952736990695e-11
23250.056 1.3716582983226053e-10
23300.056 1.1787129066897636e-10
23350.056 1.5155302727436576e-10
23400.056 1.2473680887796347e-10
23450.056 9.322969014844507e-11
23500.056 1.05725680225325e-10
23550.056 1.8237708893119058e-10
23600.056 3.098654109624462e-10
23650.056 4.1397410534519007e-10
23700.056 1.0380457199136555e-10
23750.056 1.0191934351724437e-10
23800.056 3.333392896302512e-10
23850.056 2.5034773754778847e-10
23900.056 5.147552413040936e-10
23950.056 3.37931503191987e-10
24000.056 6.219699947350392e-10
24050.056 6.864422618130549e-10
24100.056 6.984416460560038e-10
24150.056 9.916605100253678e-10
24200.056 7.395294259510334e-10
24250.056 6.302430249513438e-10
24300.056 1.069739555207682e-09
24350.056 8.410893263388235e-10
24400.056 1.574713639758483e-09
24450.056 1.6012368255410741e-09
24500.056 1.4514810279803238e-09
24550.056 2.1309391456266707e-09
24600.056 2.2105820423685837e-09
24650.056 3.0580106735010864e-09
24700.056 1.9123857357171974e-09
24750.056 2.3304289452854964e-09
24800.056 2.0822944548835933e-09
24850.056 3.437187685385518e-09
24900.056 1.413572327374145e-09
24950.056 2.9889635648722784e-09
25000.056 2.6909446374126694e-09
25050.056 1.5834508531228256e-09
25100.056 2.608338713313609e-09
25150.056 1.3194003392584356e-09
25200.056 1.8852129399100443e-09
25250.056 7.715235732285475e-10
25300.056 1.2095603986323545e-09
25350.056 5.468940042328151e-10
25400.056 1.396564866892797e-09
25450.056 4.808492627552487e-10
25500.056 4.2926725188056804e-10
25550.056 8.058821161693775e-10
25600.056 5.240987302216148e-10
25650.056 2.4408150074570556e-10
25700.056 3.898678867257309e-10
25750.056 1.090914831673646e-10
25800.056 5.676697563327153e-10
25850.056 1.2353712278561145e-10
25900.056 1.8781913509750312e-10
25950.056 5.1522610130066514e-11
26000.056 5.423445149832628e-10
26050.056 8.741007502295909e-11
26100.056 4.0345282621613614e-10
26150.056 2.002763549047505e-10
26200.056 2.365599687330515e-10
26250.056 1.2665840156729662e-09
26300.056 3.4376481511430313e-10
26350.056 1.8417330377366807e-09
26400.056 2.141113734111399e-09
26450.056 1.5903909524085262e-09
26500.056 2.9209290795253172e-09
26550.056 5.019854659752683e-10
26600.056 6.676175693523891e-10
26650.056 1.1602376489458371e-10
26700.056 7.436496881595292e-11
26750.056 7.902312080339027e-11
26800.056 2.1762871643341672e-10
26850.056 1.1602190051087404e-10
26900.056 5.447039322445258e-10
26950.056 1.923681923669275e-10
27000.056 1.001104540562598e-09
27050.056 1.011079658216405e-09
27100.056 1.9743943077145207e-10
27150.056 1.3988222255980148e-09
27200.056 1.9592923677910559e-10
27250.056 5.463762209808725e-10
27300.056 2.9805304329290014e-09
27350.056 1.1846693473998332e-09
27400.056 8.143922243592724e-11
27450.056 1.4638353268294265e-09
27500.056 1.7699254643972236e-09
27550.056 2.9922355858323246e-10
27600.056 8.370069753862297e-10
27650.056 2.3734886055120426e-10
27700.056 1.9297010751540905e-10
27750.056 1.1582304653134207e-09
27800.056 3.495102584591418e-10
27850.056 5.433522327501256e-10
27900.056 5.732391438486663e-10
27950.056 1.4092563124448442e-09
28000.056 1.1375274336464713e-09
28050.056 1.6945509296558115e-10
28100.056 1.2200788807722372e-09
28150.056 8.409856078489791e-10
28200.056 2.632989522912995e-10
28250.056 1.6336027908851087e-09
28300.056 1.5837572266816568e-09
28350.056 3.4216385745420057e-10
28400.056 1.1414126333164126e-09
28450.056 1.920896943502673e-09
28500.056 1.2211461845462322e-09
28550.056 2.707402234347587e-10
28600.056 2.0204268785470295e-09
28650.056 1.3630818016967443e-09
28700.056 1.7232903579847985e-09
28750.056 2.7453291683073117e-09
28800.056 1.4060031515434546e-09
