galfind/configs/Brown_Dwarf_templates/sonora_bobcat/m0.0/562g/sp_t250g562nc_m0.0_resample.dat
# %ECSV 1.0
# ---
# datatype:
# - {name: wav, unit: Angstrom, datatype: float64}
# - {name: flux_nu, unit: erg / (cm2 Hz s), datatype: float64}
# meta: {C/O: '1.00', Kzz: '1.0000E+05', Teff: '250.', Y: '0.28', '[Fe/H]': '0.00', f_hole: '1.00', f_rain: '0.00', grav: '562.'}
# schema: astropy-2.0
wav flux_nu
[from data line 498]
28900.056 1.0659671553507593e-13
28950.056 1.3326601703675332e-13
29000.056 6.74257617309636e-14
29050.056 1.749182548455909e-13
29100.056 2.665028994992984e-14
29150.056 2.111823730133698e-14
29200.056 5.74397618114925e-13
29250.056 1.591232210945411e-13
29300.056 6.605519243436713e-14
29350.056 3.256771936919554e-13
29400.056 3.0376007994604125e-13
29450.056 3.625059661684752e-14
29500.056 5.517541050263063e-13
29550.056 1.3908987109797942e-13
29600.056 6.832423116641683e-14
29650.056 6.179222408060254e-13
29700.056 9.384498774375423e-14
29750.056 6.06881156665678e-13
29800.056 1.3783974934062843e-13
29850.056 7.547129975650711e-13
29900.056 2.0663367926807382e-13
29950.056 2.0049074065363026e-13
30000.056 7.727878106107795e-16
30050.056 7.460516894191879e-14
30100.056 2.9433386892016755e-13
30150.056 6.563790857232761e-13
30200.056 7.173810926149582e-13
30250.056 6.906360777423574e-13
30300.056 1.072942179745887e-12
30350.056 1.7437373884597884e-13
30400.056 1.6373421036252618e-12
30450.056 2.151416636029535e-12
30500.056 1.9535396486262855e-13
30550.056 2.7392441592298897e-13
30600.056 1.523986883775629e-11
30650.056 4.462399128124575e-12
30700.056 4.1321406006088796e-13
30750.056 2.5087617474571996e-12
30800.056 6.7642156801836525e-12
30850.056 5.001710931780973e-12
30900.056 1.771227949113204e-12
30950.056 1.166468321200798e-12
31000.056 1.7305242931082945e-12
31050.056 3.471381118451385e-13
31100.056 2.1410457291379812e-13
31150.056 1.3120020759519472e-12
31200.056 7.322133611011405e-12
31250.056 3.585753381540092e-12
31300.056 5.379285629985222e-13
31350.056 6.50775738572381e-12
31400.056 3.2543478168652e-12
31450.056 3.077016479028364e-12
31500.056 7.768158048934175e-13
31550.056 2.1234301046020848e-12
31600.056 1.7664540672213827e-12
31650.056 1.04824839767377e-12
31700.056 7.03699822487685e-13
31750.056 2.943568432347472e-13
31800.056 4.934626624940217e-13
31850.056 4.626936851432026e-14
31900.056 1.5198222384416562e-13
31950.056 5.686309674846598e-14
32000.056 3.8179744981390635e-14
32050.056 2.76777085473807e-14
32100.056 2.405802002753234e-14
32150.056 1.3019375678563951e-14
32200.056 3.926330262991127e-15
32250.056 9.9956229341114e-15
32300.056 1.275351307827235e-15
32350.056 4.363797644266771e-15
32400.056 2.9300698614375005e-16
32450.056 2.7653789165664945e-15
32500.056 2.6636922707414307e-16
32550.056 1.922199589940636e-15
32600.056 1.4623507613197673e-16
32650.056 3.2733118540349206e-15
32700.056 2.138718653303722e-16
32750.056 1.1714249539052625e-14
32800.056 2.5703777109087293e-15
32850.056 5.983065075971052e-14
32900.056 2.8376783477786144e-14
32950.056 6.676004526692646e-14
33000.056 1.418453958993217e-14
33050.056 4.335305470608337e-15
33100.056 6.223885737069415e-16
33150.056 1.8484264233759696e-18
33200.056 2.8483200606766266e-16
33250.056 4.50255595528058e-16
33300.056 1.6327644354737316e-14
33350.056 7.39787138553899e-15
33400.056 7.084775736973696e-14
33450.056 2.216125845254613e-15
33500.056 3.813970380936613e-14
33550.056 3.5160396387526093e-15
33600.056 1.686176883086526e-14
33650.056 2.297284369664784e-14
33700.056 1.7890287668445107e-15
33750.056 2.585580584881883e-14
33800.056 8.775331556131863e-16
33850.056 1.1887026652034085e-14
33900.056 1.2610337158178891e-14
33950.056 1.8378274337505004e-14
34000.056 6.305375832466743e-14
34050.056 9.523161841550514e-15
34100.056 9.237002414352184e-14
34150.056 2.3660337541320247e-14
34200.056 1.7036472839382486e-13
34250.056 3.766947169360369e-14
34300.056 7.974617298893829e-14
34350.056 7.811123345633644e-13
34400.056 5.077231217832348e-14
34450.056 4.3139088666461857e-13
34500.056 6.994952172257689e-14
34550.056 5.82505366932568e-13
34600.056 3.432661776295484e-12
34650.056 5.4746982677509056e-14
34700.056 1.6068585788152834e-12
34750.056 4.451571227672723e-13
34800.056 2.457609122251074e-13
34850.056 1.3355862545981496e-12
34900.056 1.133468167517959e-13
34950.056 3.005083537771857e-12
35000.056 2.0987705646267034e-12
35050.056 4.793465533706551e-12
35100.056 6.379512835519953e-12
35150.056 6.269058652195955e-12
35200.056 7.39336791802105e-12
35250.056 1.4349628380786743e-11
35300.056 1.5275531198580018e-12
35350.056 3.868387228172792e-13
35400.056 2.2877152669151894e-13
35450.056 2.557692280581387e-13
35500.056 2.2173609323010732e-12
35550.056 2.3922420881923573e-12
35600.056 5.084519667218861e-12
35650.056 6.771821070679157e-12
35700.056 1.0374815865023868e-11
35750.056 5.772372532229966e-12
35800.056 1.218613124462384e-12
35850.056 8.618921245528867e-13
35900.056 1.5256866899567527e-12
35950.056 5.720162288189988e-12
36000.056 7.642900957986944e-12
36050.056 5.3507305653921e-12
36100.056 4.560259839997603e-12
36150.056 4.5616923056672484e-11
36200.056 2.0415071135048415e-11
36250.056 7.33663905363336e-12
36300.056 3.8849554706005226e-11
36350.056 2.438869242288616e-11
36400.056 3.124213804945165e-11
36450.056 1.7579442974421366e-11
36500.056 1.4358351205572784e-11
36550.056 7.730701345029268e-11
36600.056 8.806845681219503e-11
36650.056 2.4305274850838486e-11
36700.056 5.276298017226842e-11
36750.056 1.0834811715503525e-10
36800.056 1.2302142514872363e-10
36850.056 2.8984127145978548e-11
36900.056 3.1703445890898486e-11
36950.056 1.4808484787183123e-10
37000.056 9.007905031790326e-11
37050.056 1.5065550010518887e-10
37100.056 1.574037699238331e-11
37150.056 4.581826907646604e-11
37200.056 2.4735059330903706e-10
37250.056 1.0365858867452653e-10
37300.056 2.6518180568512946e-11
37350.056 4.76437664791006e-11
37400.056 1.0062284669599801e-10
37450.056 3.6537922879758584e-11
37500.056 4.4231248286756734e-11
37550.056 2.717248843806929e-10
37600.056 5.998421406819318e-10
37650.056 4.5567492966560556e-11
37700.056 1.2961215613838104e-10
37750.056 1.1822404609188604e-10
37800.056 1.0415642568231642e-10
37850.056 6.123969502109746e-11
37900.056 4.7588446028481814e-11
37950.056 9.451446458079428e-11
38000.056 6.552841337282739e-11
38050.056 2.617302370835421e-10
38100.056 3.8986654794481513e-10
38150.056 5.694016380642718e-10
38200.056 2.6628913990261087e-10
38250.056 5.55607393599582e-10
38300.056 1.2667133682173534e-09
38350.056 4.457974036136105e-10
38400.056 7.914167480152742e-11
38450.056 1.4268490378857495e-11
38500.056 2.9086108703165994e-11
38550.056 2.3870777278202764e-10
38600.056 4.2522995406994055e-10
38650.056 2.6655320384628e-10
38700.056 1.1861693426852392e-10
38750.056 2.7123545267879607e-10
38800.056 2.265320319470144e-10
38850.056 3.098428564400677e-10
38900.056 3.435433484737388e-10
38950.056 1.735137140847121e-10
39000.056 5.557390166878203e-10
39050.056 7.761735274327638e-11
39100.056 1.9987266122679866e-10
39150.056 5.549455524170242e-10
39200.056 4.1176613781799695e-10
39250.056 4.91707263094417e-10
39300.056 2.874854476905657e-10
39350.056 1.051040457800004e-09
39400.056 3.512349010414415e-10
39450.056 7.889121992768604e-10
39500.056 9.64775726859929e-10
39550.056 2.0480556589711005e-10
39600.056 6.15702251978301e-10
39650.056 1.4618169942999887e-09
39700.056 1.3045747833000347e-09
39750.056 2.4224125916882215e-10
39800.056 1.6561082986402672e-10
39850.056 1.1955048344801749e-09
39900.056 1.890149256600041e-09
39950.056 4.229896841150459e-10
40000.056 9.54333885456049e-10
40050.056 1.2117045739458996e-09
40100.056 1.6729112589305652e-10
40150.056 9.030286899801103e-10
40200.056 1.2762092158998703e-09
40250.056 1.6327751091197363e-09
40300.056 1.7026427450001505e-09
40350.056 4.90591118689167e-10
40400.056 6.476492717477312e-10
40450.056 2.36561973117605e-10
40500.056 1.464330852949118e-09
40550.056 1.5615367943697017e-09
40600.056 2.038826122799941e-09
40650.056 9.557071414966453e-10
40700.056 1.6757010560099035e-09
40750.056 1.1772667806318685e-09
40800.056 5.344801132949138e-10
40850.056 2.982327244820379e-09
40900.056 3.0269379609997143e-09
40950.056 1.5038400513888303e-09
41000.056 1.0514778176098734e-09
41050.056 3.335328979580095e-09
41100.056 2.7481826074797504e-09
41150.056 4.01926516616347e-10
41200.056 3.219028579364479e-09
41250.056 2.8859726016624785e-09
41300.056 2.991050984090508e-09
41350.056 5.476656294500067e-09
41400.056 3.732331932999735e-09
41450.056 4.516483299699938e-09
41500.056 1.8182823953836214e-09
41550.056 1.6006941061303332e-09
41600.056 1.9954346581977832e-09
41650.056 4.593475314420557e-09
41700.056 7.27212116879971e-09
41750.056 5.07071854370013e-09
41800.056 5.632696255699899e-09
41850.056 3.437731998119629e-09
41900.056 2.3302310546393682e-09
41950.056 1.9334159802797645e-09
42000.056 3.2308237773592843e-10
42050.056 7.54602582924469e-10
42100.056 1.6303751600599694e-09
42150.056 2.3454372431999253e-09
42200.056 3.372162162100019e-09
42250.056 2.475789695030332e-09
42300.056 1.9119593170998216e-09
42350.056 4.7506050139701786e-09
42400.056 6.793436377600357e-09
42450.056 8.488060580300354e-09
42500.056 9.136048056699876e-09
42550.056 7.794315506199765e-09
42600.056 5.174217210600807e-09
42650.056 7.4928368519992e-09
42700.056 2.5609966572398048e-09
42750.056 6.996565298800808e-09
42800.056 1.1447371563000222e-08
42850.056 1.1559557070199389e-08
42900.056 1.0622373216600261e-08
42950.056 8.324322123700352e-09
43000.056 9.496989476899794e-09
43050.056 4.569180785039378e-09
43100.056 7.0166823769004244e-09
43150.056 7.938928924000184e-09
43200.056 1.1094784251700314e-08
43250.056 1.3520739073000142e-08
43300.056 1.1823377619299602e-08
43350.056 7.605143063999725e-09
43400.056 9.647354536100069e-09
43450.056 5.776893989799936e-09
43500.056 4.308516319040145e-09
43550.056 6.283320038500341e-09
43600.056 1.1543043362599934e-08
43650.056 6.461096059399644e-09
43700.056 1.1121689231001567e-08
43750.056 1.352765649919952e-08
43800.056 1.0355744257999772e-08
43850.056 8.875206655800563e-09
43900.056 5.98971212290009e-09
43950.056 4.997803800499894e-09
44000.056 5.660578248799965e-09
44050.056 1.2063020034200912e-08
44100.056 1.55808808960001e-08
44150.056 1.3667863341599664e-08
44200.056 1.3359994798399993e-08
44250.056 8.223699479699555e-09
44300.056 5.114974926499964e-09
44350.056 4.632361480890125e-09
44400.056 5.359030386800002e-09
44450.056 1.0013493836500882e-08
44500.056 9.008210902799993e-09
44550.056 1.1890436917900157e-08
44600.056 8.897015380400042e-09
44650.056 1.0267570085799764e-08
44700.056 7.73624283499928e-09
44750.056 1.0138167357000498e-08
44800.056 6.362691346199898e-09
44850.056 8.765754195700361e-09
44900.056 9.142820282499873e-09
44950.056 1.1376930143700675e-08
45000.056 1.326221967699992e-08
45050.056 1.103392289359919e-08
45100.056 1.0000683244900629e-08
45150.056 8.86948478519966e-09
45200.056 5.624642385399997e-09
45250.056 6.9466916075995575e-09
45300.056 6.539112647000182e-09
45350.056 4.1787857916205406e-09
45400.056 1.3038193272400354e-08
45450.056 1.0290655721800893e-08
45500.056 1.338017069980049e-08
45550.056 1.379338825249878e-08
45600.056 1.24514161120004e-08
45650.056 1.1346632503799278e-08
45700.056 5.8727884475393265e-09
45750.056 5.1103370008005345e-09
45800.056 1.2105866599300064e-08
45850.056 8.977421919100575e-09
45900.056 1.4201949673999937e-08
45950.056 1.4688904493899418e-08
46000.056 1.3395294577200331e-08
46050.056 1.030503999450087e-08
46100.056 1.4461832585999446e-08
46150.056 9.366708158699936e-09
46200.056 6.275090344199171e-09
46250.056 2.0397944705400256e-09
46300.056 7.7751986153006e-09
46350.056 8.8753288749003e-09
46400.056 9.463462978500225e-09
46450.056 6.509546766099588e-09
46500.056 9.285879984500322e-09
46550.056 4.9859533324993836e-09
46600.056 4.19005963662973e-09
46650.056 8.103510073900353e-09
46700.056 6.020464884199388e-09
46750.056 1.911936695050156e-09
46800.056 1.0616636108498848e-09
46850.056 5.943018442501009e-09
46900.056 9.992882601900065e-09
46950.056 1.0878051045699895e-08
47000.056 1.1459875300000205e-08
47050.056 6.238734937198801e-09
47100.056 5.780414060700106e-09
47150.056 7.654187137800606e-09
47200.056 8.378860150599652e-09
47250.056 3.0122580478492914e-09
47300.056 2.1683820913206856e-09
47350.056 7.980260362800551e-09
47400.056 9.823239348799877e-09
47450.056 5.2059731489e-09
47500.056 9.79294975460083e-09
47550.056 1.0083415180199955e-08
47600.056 5.854996039619421e-09
47650.056 7.316877882919627e-09
47700.056 6.029556461390619e-09
47750.056 5.007026954199927e-09
47800.056 2.6876443070198275e-09
47850.056 7.953051902801613e-10
47900.056 1.6691902094900773e-09
47950.056 5.8983394416005326e-09
48000.056 7.332768797999387e-09
48050.056 5.493614081020121e-09
48100.056 2.923738316679954e-09
48150.056 5.666226642700227e-09
48200.056 2.6750528199695373e-09
48250.056 4.834146643200215e-09
48300.056 6.235208573199838e-09
48350.056 3.2902587453995206e-09
48400.056 5.227077537648487e-10
48450.056 1.0060485332822516e-09
48500.056 2.2996039723497148e-09
48550.056 2.9830021977306954e-09
48600.056 7.241883646800209e-09
48650.056 8.603531795899919e-09
48700.056 6.91647173810029e-09
48750.056 6.438659601600015e-09
48800.056 6.896827734299907e-09
48850.056 2.8250096355996e-09
48900.056 2.0872277105897355e-09
48950.056 9.639611908599626e-10
49000.056 7.142737837101905e-10
49050.056 2.5814970006197693e-09
49100.056 4.18342819323066e-09
49150.056 3.9707406146099614e-09
49200.056 6.925022066100392e-09
49250.056 7.139813466499892e-09
49300.056 5.155170281699493e-09
49350.056 1.8688510974403605e-09
49400.056 2.4674717856795507e-09
49450.056 1.732785005940323e-09
49500.056 1.2282342381997533e-09
49550.056 2.1492324792199377e-10
49600.056 5.08680450086102e-10
49650.056 2.2863872494002924e-09
49700.056 3.6470832975999917e-09
49750.056 2.191237770739851e-09
49800.056 1.2143456039900685e-09
49850.056 3.840838843100376e-09
49900.056 4.9020540751999735e-09
49950.056 4.398270308699831e-09
50000.056 1.8722293708666034e-09
50050.056 1.8247184524502949e-09
50100.056 1.7938267262998723e-09
50150.056 5.523293413898925e-10
50200.056 1.1488499789702397e-10
50250.056 4.959459609200038e-10
50300.056 4.037956720450806e-10
50350.056 2.0104748261002183e-09
50400.056 3.2299011811000026e-09
50450.056 3.3660257542000767e-09
50500.056 4.2249845624001105e-09
50550.056 4.694305247599943e-09
50600.056 2.5749453616697237e-09
50650.056 4.2910884275001375e-09
50700.056 3.4286772882997992e-09
50750.056 1.7647517997698547e-09
50800.056 4.0446777049489135e-10
50850.056 1.9673367815306198e-10
50900.056 1.3214463134301781e-09
50950.056 1.8040174453598414e-09
51000.056 1.1297090927202311e-09
51050.056 2.524546654039803e-09
51100.056 1.0337676194699505e-09
51150.056 5.855150521541384e-10
51200.056 2.5257070276001523e-09
51250.056 2.3107032833998505e-09
51300.056 1.4002246421999577e-09
51350.056 7.216263633418405e-10
51400.056 2.0644129471103362e-10
51450.056 1.920626371259563e-10
51500.056 2.0612170974905499e-10
51550.056 8.033357052301167e-10
51600.056 1.333388548770089e-09
51650.056 2.0097610121000404e-09
51700.056 1.4506161545697118e-09
51750.056 1.1582270423202328e-09
51800.056 2.2610711912999983e-09
51850.056 1.7503271424199075e-09
51900.056 1.2340614969999433e-09
51950.056 5.365764517099031e-10
52000.056 1.0719451579398632e-10
52050.056 3.037506982500114e-10
52100.056 1.7964758076497337e-10
52150.056 1.1631878890302806e-10
52200.056 4.121961394100286e-10
52250.056 7.344138199200589e-10
52300.056 7.026533575899419e-10
52350.056 1.9298768070698845e-10
52400.056 2.3238039853400768e-10
52450.056 8.695536413500943e-10
52500.056 5.905698497099664e-10
52550.056 1.248504307739946e-09
52600.056 1.339932950490131e-09
52650.056 1.5880050951999398e-09
52700.056 8.110753311199078e-10
52750.056 2.1692299942895086e-10
52800.056 4.3780926966006353e-10
52850.056 5.126288692999267e-10
52900.056 1.6458575829295572e-10
52950.056 2.7375646680404505e-10
53000.056 6.692716330000208e-10
53050.056 2.9810871029598374e-10
53100.056 1.0708112669101096e-09
53150.056 1.0231908254599541e-09
53200.056 5.34256769059976e-10
53250.056 8.529425468799674e-10
53300.056 8.023145798100736e-10
53350.056 7.065815925699795e-10
53400.056 4.455301114899556e-10
53450.056 1.7528985620797442e-10
53500.056 6.701347095299008e-11
53550.056 1.0170410938800222e-10
