galfind/configs/Brown_Dwarf_templates/sonora_bobcat/m0.0/562g/sp_t2400g562nc_m0.0_resample.dat
# %ECSV 1.0
# ---
# datatype:
# - {name: wav, unit: Angstrom, datatype: float64}
# - {name: flux_nu, unit: erg / (cm2 Hz s), datatype: float64}
# meta: {C/O: '1.00', Kzz: '1.0000E+05', Teff: '2400.', Y: '0.28', '[Fe/H]': '0.00', f_hole: '1.00', f_rain: '0.00', grav: '562.'}
# schema: astropy-2.0
wav flux_nu
4000.0559999999996 nan
4050.0559999999996 3.956635783730329e-08
4100.056 4.485402901212158e-08
4150.056 4.006732437688309e-08
4200.056 3.200591225008828e-08
4250.056 2.8838207533792315e-08
4300.056 2.037631986635837e-08
4350.056 2.0453520225651025e-08
4400.056 2.090935337485757e-08
4450.056 1.1917822814101528e-08
4500.056 1.1657531320882415e-08
4550.056 1.4693233501465937e-08
4600.056 1.134598098528805e-08
4650.056 8.240006371749114e-09
4700.056 1.0362396141931993e-08
4750.056 1.2824071523165427e-08
4800.056 6.660395429272551e-09
4850.056 9.091298364604023e-09
4900.056 1.9754917649617483e-08
4950.056 2.3850787475620198e-08
5000.056 8.334275752938963e-09
5050.056 1.3553012889363839e-08
5100.056 2.6307758853946045e-08
5150.056 2.7122086117396977e-08
5200.056 1.4171160912080477e-08
5250.056 2.3044636931167948e-08
5300.056 2.9352763489900387e-08
5350.056 2.8617829832003688e-08
5400.056 3.1774284129099774e-08
5450.056 2.3360006862895963e-08
5500.056 1.665147530569757e-08
5550.056 2.3566373053299903e-08
5600.056 1.715271704560171e-08
5650.056 1.3365882182801301e-08
5700.056 1.734487514970163e-08
5750.056 1.7535071968598392e-08
5800.056 1.7264104501199412e-08
5850.056 8.92683114550047e-09
5900.056 1.3485875587827068e-09
5950.056 9.233851762500158e-09
6000.056 1.834959327799897e-08
6050.056 3.295618691500329e-08
6100.056 4.824112964599978e-08
6150.056 4.879485588788993e-08
6200.056 2.1152562187001373e-08
6250.056 2.2820730197503072e-08
6300.056 3.683425404700194e-08
6350.056 5.1841850397003926e-08
6400.056 6.799810209100409e-08
6450.056 9.336462594397121e-08
6500.056 9.624078967497154e-08
6550.056 1.2471175921097106e-07
6600.056 1.0026801212401049e-07
6650.056 7.042745439101046e-08
6700.056 4.6159406556194735e-08
6750.056 5.630624099200792e-08
6800.056 6.396085138100158e-08
6850.056 8.052443231099498e-08
6900.056 1.0615428012900187e-07
6950.056 1.6188333561099419e-07
7000.056 3.105930572039658e-07
7050.056 2.9931616116503135e-07
7100.056 1.1042622837199144e-07
7150.056 7.263493088801235e-08
7200.056 1.1658359298199238e-07
7250.056 2.0158270917703485e-07
7300.056 3.7886061825008157e-07
7350.056 6.036666955949903e-07
7400.056 8.168774572800861e-07
7450.056 9.152432061199969e-07
7500.056 1.0144631513600496e-06
7550.056 1.0957365043900282e-06
7600.056 6.715874257749611e-07
7650.056 1.624741172950001e-07
7700.056 8.966002910904707e-08
7750.056 3.257713587870588e-07
7800.056 4.3678754084091637e-07
7850.056 5.174809015299887e-07
7900.056 6.386077925500925e-07
7950.056 7.043722386574812e-07
8000.056 9.181970343498624e-07
8050.056 1.3278731187799385e-06
8100.056 1.7788491305802783e-06
8150.056 2.2390272427500096e-06
8200.056 1.4228587611578105e-06
8250.056 1.930055672089864e-06
8300.056 1.6030735467104124e-06
8350.056 1.7035101711404457e-06
8400.056 1.7135777596402494e-06
8450.056 9.615343702798506e-07
8500.056 8.386884372893531e-07
8550.056 1.1182107432900644e-06
8600.056 1.4251341371795314e-06
8650.056 1.8451433577497823e-06
8700.056 2.0298906353801004e-06
8750.056 2.3851189038002563e-06
8800.056 2.9700080111204395e-06
8850.056 2.7487127149301457e-06
8900.056 1.922356596700164e-06
8950.056 2.11735552002669e-06
9000.056 2.59872802102027e-06
9050.056 2.707572034169444e-06
9100.056 3.3286913012801207e-06
9150.056 3.802357523210048e-06
9200.056 3.7240406284207736e-06
9250.056 2.818664514369985e-06
9300.056 2.4605107825602423e-06
9350.056 2.6983262916997384e-06
9400.056 2.927294008300642e-06
9450.056 3.2685654456891865e-06
9500.056 3.797121742099888e-06
9550.056 4.126456211800383e-06
9600.056 4.427482954000687e-06
9650.056 4.8536984806009e-06
9700.056 5.170098549899693e-06
9750.056 4.340867316900055e-06
9800.056 4.612042271399717e-06
9850.056 4.493415863699878e-06
9900.056 3.824833831919855e-06
9950.056 3.5528959512202495e-06
10000.056 3.5787819371198293e-06
10050.056 3.520594301619814e-06
10100.056 4.154571597981284e-06
10150.056 4.080039807779855e-06
10200.056 4.386419847929449e-06
10250.056 4.280117968578634e-06
10300.056 4.184673940709508e-06
10350.056 4.6695446587498045e-06
10400.056 4.9888538879999765e-06
10450.056 5.251308757660699e-06
10500.056 5.421742212108828e-06
10550.056 5.644380462010351e-06
10600.056 6.012847635460328e-06
10650.056 6.00806694217948e-06
10700.056 6.176242155400241e-06
10750.056 6.495305488710396e-06
10800.056 6.798795935639475e-06
10850.056 7.09050168840986e-06
10900.056 7.151415314199601e-06
10950.056 7.110867343698628e-06
11000.056 6.847447684800209e-06
11050.056 5.5532784313997445e-06
11100.056 5.959700379800855e-06
11150.056 6.276823991039621e-06
11200.056 6.354184065320293e-06
11250.056 6.954110406370121e-06
11300.056 6.9791871704000205e-06
11350.056 6.684711543899857e-06
11400.056 4.977152193249896e-06
11450.056 7.093922805399163e-06
11500.056 7.759796081999532e-06
11550.056 7.661045209159895e-06
11600.056 7.889167018399026e-06
11650.056 8.00162557670066e-06
11700.056 6.592739512269899e-06
11750.056 6.855015349159452e-06
11800.056 6.884854522640392e-06
11850.056 8.205660594400159e-06
11900.056 8.49447286429885e-06
11950.056 8.219239545799794e-06
12000.056 7.771156685700434e-06
12050.056 8.40424574800022e-06
12100.056 8.323245912899828e-06
12150.056 8.914192794099715e-06
12200.056 8.913822639599826e-06
12250.056 9.297560365299609e-06
12300.056 9.408549919600815e-06
12350.056 9.416127399900385e-06
12400.056 8.652257471699447e-06
12450.056 7.515085447320083e-06
12500.056 8.053917118398752e-06
12550.056 8.062156495250124e-06
12600.056 8.881092113400027e-06
12650.056 9.108825314899521e-06
12700.056 9.379304215599558e-06
12750.056 9.47936613790008e-06
12800.056 9.917860990799113e-06
12850.056 9.758927737600288e-06
12900.056 9.5650534523992e-06
12950.056 9.755427482599387e-06
13000.056 1.0040073188499242e-05
13050.056 1.0232019282799603e-05
13100.056 1.0248675862799506e-05
13150.056 1.0357930630399678e-05
13200.056 1.0149284088099698e-05
13250.056 9.7316197296001e-06
13300.056 9.035683037828855e-06
13350.056 6.680750181230817e-06
13400.056 6.53127248085024e-06
13450.056 6.070590266573875e-06
13500.056 6.022394713074533e-06
13550.056 5.8482277240040865e-06
13600.056 5.600913370299122e-06
13650.056 5.981628201789948e-06
13700.056 5.689985869270597e-06
13750.056 5.854136302889036e-06
13800.056 6.325240091130935e-06
13850.056 6.245985994519433e-06
13900.056 5.990985341586137e-06
13950.056 5.7975634322500065e-06
14000.056 5.520014437990245e-06
14050.056 5.668583057971145e-06
14100.056 5.214339409330654e-06
14150.056 5.263718495200295e-06
14200.056 4.997611697070501e-06
14250.056 4.9628816975391275e-06
14300.056 5.029810465529254e-06
14350.056 5.105230896940388e-06
14400.056 5.240114472180202e-06
14450.056 5.43336384538035e-06
14500.056 5.709568149189605e-06
14550.056 5.727313467289818e-06
14600.056 5.948919319981149e-06
14650.056 5.856939856398243e-06
14700.056 5.528707808839467e-06
14750.056 5.762851830070706e-06
14800.056 5.825549519630949e-06
14850.056 6.1541411929790435e-06
14900.056 6.135232568509558e-06
14950.056 6.177394305400925e-06
15000.056 6.301597896000632e-06
15050.056 6.748606495899103e-06
15100.056 6.67590132080061e-06
15150.056 6.698078839900363e-06
15200.056 7.068098599499618e-06
15250.056 7.069625578799835e-06
15300.056 7.295055111399968e-06
15350.056 7.488270266600187e-06
15400.056 7.593821154500017e-06
15450.056 7.810758908200376e-06
15500.056 7.907238081599317e-06
15550.056 8.172222710999639e-06
15600.056 8.175632549000811e-06
15650.056 8.394707828499941e-06
15700.056 8.744310253701819e-06
15750.056 8.955198141499285e-06
15800.056 9.045037542100822e-06
15850.056 8.53568955650077e-06
15900.056 8.739584418700571e-06
15950.056 8.816819174600013e-06
16000.056 8.946992560899657e-06
16050.056 9.164719175400722e-06
16100.056 9.334247620300225e-06
16150.056 9.164091547100247e-06
16200.056 9.418606579799707e-06
16250.056 9.331380893999906e-06
16300.056 9.440550825300102e-06
16350.056 9.830278311899518e-06
16400.056 9.674789212501003e-06
16450.056 9.934227369400612e-06
16500.056 1.0110318574200341e-05
16550.056 1.0476079742299333e-05
16600.056 1.0118452217500378e-05
16650.056 1.0687639288700828e-05
16700.056 1.0397129737198729e-05
16750.056 1.048349837969947e-05
16800.056 1.0683097695400117e-05
16850.056 1.077175651509935e-05
16900.056 1.0528305938900412e-05
16950.056 1.049512966479893e-05
17000.056 1.0491204984500943e-05
17050.056 1.0375502826700626e-05
17100.056 1.0040879149700273e-05
17150.056 9.925751429900312e-06
17200.056 9.396256460699626e-06
17250.056 9.056723989999848e-06
17300.056 9.190762433898968e-06
17350.056 8.920408320600622e-06
17400.056 8.913183868779915e-06
17450.056 8.528035666897064e-06
17500.056 8.279313674899358e-06
17550.056 8.119566923430884e-06
17600.056 7.8904441334603e-06
17650.056 8.00624713553905e-06
17700.056 7.2007494362287824e-06
17750.056 7.1005134040297494e-06
17800.056 6.949854202791409e-06
17850.056 6.67455335900062e-06
17900.056 6.705522350800176e-06
17950.056 6.561456020859428e-06
18000.056 6.180849991380578e-06
18050.056 6.241001692251862e-06
18100.056 6.05840361076966e-06
18150.056 6.4721634339317645e-06
18200.056 5.747495127270047e-06
18250.056 6.400115561089033e-06
18300.056 6.183775695379616e-06
18350.056 6.0460796745300395e-06
18400.056 5.9033757260000935e-06
18450.056 5.451336052102328e-06
18500.056 5.617081611080663e-06
18550.056 5.361236405129969e-06
18600.056 4.703455718008265e-06
18650.056 5.319652713191051e-06
18700.056 5.648662845660837e-06
18750.056 5.4138139835618574e-06
18800.056 5.518639115361807e-06
18850.056 6.125093955819427e-06
18900.056 5.904929384758173e-06
18950.056 5.974489859809529e-06
19000.056 6.265473275048961e-06
19050.056 6.123912168610149e-06
19100.056 6.2272332697916266e-06
19150.056 6.402175648609872e-06
19200.056 6.355440893111486e-06
19250.056 6.143330331818921e-06
19300.056 6.388719393449244e-06
19350.056 6.479699033419479e-06
19400.056 5.962975675228936e-06
19450.056 6.440878865130715e-06
19500.056 6.482170087809512e-06
19550.056 5.856094476610926e-06
19600.056 6.418888097869233e-06
19650.056 6.314496378977187e-06
19700.056 6.34158426651032e-06
19750.056 5.9698450355102755e-06
19800.056 6.2292098568793225e-06
19850.056 6.2070773455509345e-06
19900.056 5.792882081711611e-06
19950.056 6.354274257679664e-06
20000.056 5.759659133030748e-06
20050.056 6.103827143831261e-06
20100.056 6.093869206447092e-06
20150.056 6.069897725821229e-06
20200.056 6.167973689158796e-06
20250.056 6.320756489329887e-06
20300.056 6.3520137707006065e-06
20350.056 6.410042275199267e-06
20400.056 6.39587971089739e-06
20450.056 6.5788216879992685e-06
20500.056 6.611360918799939e-06
20550.056 6.727435585199616e-06
20600.056 6.952761845300467e-06
20650.056 6.788541099900792e-06
20700.056 7.0344672374003135e-06
20750.056 7.046144272999248e-06
20800.056 7.264725411000023e-06
20850.056 7.206289865900044e-06
20900.056 7.485428008599932e-06
20950.056 7.52561371789953e-06
21000.056 7.733275740199635e-06
21050.056 7.807382516900201e-06
21100.056 7.819112977800029e-06
21150.056 8.083899433000247e-06
21200.056 8.109052841500403e-06
21250.056 8.353876627199338e-06
21300.056 8.173156342000026e-06
21350.056 8.555975701700399e-06
21400.056 8.368645345300251e-06
21450.056 8.961336315800056e-06
21500.056 8.609618611300292e-06
21550.056 8.811466819099558e-06
21600.056 8.998771602900545e-06
21650.056 8.991448907600314e-06
21700.056 9.232832761499684e-06
21750.056 9.10882922230003e-06
21800.056 9.154838115599656e-06
21850.056 9.227869965999779e-06
21900.056 9.403290803900662e-06
21950.056 9.314054035600278e-06
22000.056 9.556786047399577e-06
22050.056 9.118364032499337e-06
22100.056 9.36309439269972e-06
22150.056 9.61014818440053e-06
22200.056 9.446584531001009e-06
22250.056 9.854629145400456e-06
22300.056 9.749197881899827e-06
22350.056 9.561373172300241e-06
22400.056 9.882627757300094e-06
22450.056 9.776738493699331e-06
22500.056 9.87373815429984e-06
22550.056 9.831987240999127e-06
22600.056 9.80391476389971e-06
22650.056 9.782180971001145e-06
22700.056 9.767102307301136e-06
22750.056 9.998489627899487e-06
22800.056 9.730053851700034e-06
22850.056 9.871666479200527e-06
22900.056 1.0001273940199546e-05
22950.056 7.886222769500794e-06
23000.056 8.648109269180371e-06
23050.056 8.897512051548836e-06
23100.056 8.650854832759974e-06
23150.056 8.850541036840651e-06
23200.056 8.797610786300225e-06
23250.056 7.469769044168553e-06
23300.056 8.012386121730132e-06
23350.056 8.169462231679992e-06
23400.056 8.014327485800271e-06
23450.056 8.203276492400431e-06
23500.056 8.088174683198795e-06
23550.056 7.191080085701883e-06
23600.056 7.390879927921339e-06
23650.056 7.875244148798943e-06
23700.056 7.76189701505846e-06
23750.056 7.790781269500769e-06
23800.056 7.692637422620878e-06
23850.056 6.676495886440554e-06
23900.056 7.125677611579757e-06
23950.056 7.314897910101609e-06
24000.056 6.932340961468722e-06
24050.056 6.828878922531123e-06
24100.056 6.392620165688472e-06
24150.056 6.243991604680733e-06
24200.056 6.279746205198552e-06
24250.056 6.1916725299903705e-06
24300.056 5.967743060900387e-06
24350.056 5.654220121240165e-06
24400.056 6.0378901514998585e-06
24450.056 5.612146712629974e-06
24500.056 5.251816308290537e-06
24550.056 5.155260989610061e-06
24600.056 5.151876600460767e-06
24650.056 5.550963889619956e-06
24700.056 4.847501928990056e-06
24750.056 4.635798887990807e-06
24800.056 4.575042719850178e-06
24850.056 5.122532366570352e-06
24900.056 4.211581895671994e-06
24950.056 5.0133372924395475e-06
25000.056 4.528149973660433e-06
25050.056 3.8606372912908845e-06
25100.056 4.499539675259776e-06
25150.056 4.030449147119879e-06
25200.056 4.262709227939606e-06
25250.056 4.102873813748964e-06
25300.056 4.260691585410441e-06
25350.056 3.7857240068599393e-06
25400.056 4.0267185376514655e-06
25450.056 3.818896946990048e-06
25500.056 4.007724807401265e-06
25550.056 3.837066627100107e-06
25600.056 3.908241035400036e-06
25650.056 3.6062560315397844e-06
25700.056 4.2905300400585575e-06
25750.056 3.4359800679506166e-06
25800.056 4.0519523832605195e-06
25850.056 3.87927486418966e-06
25900.056 4.0676966849310276e-06
25950.056 3.7723728776206285e-06
26000.056 4.011486513970876e-06
26050.056 4.322757163479965e-06
26100.056 4.181116321580715e-06
26150.056 4.232102268589006e-06
26200.056 4.011038682930285e-06
26250.056 4.129487643810667e-06
26300.056 4.165297969269758e-06
26350.056 4.120516506979737e-06
26400.056 4.195499342229498e-06
26450.056 4.133809836290295e-06
26500.056 4.317524835898909e-06
26550.056 4.416741625809265e-06
26600.056 4.897217985259111e-06
26650.056 4.1674082989691915e-06
26700.056 4.23894804082976e-06
26750.056 3.9680055980184926e-06
26800.056 4.264855386118985e-06
26850.056 3.726756518970582e-06
26900.056 4.441272200179904e-06
26950.056 3.3150003791501195e-06
27000.056 4.1912417463106775e-06
27050.056 3.6595142846994447e-06
27100.056 3.676597488229383e-06
27150.056 3.820204149019912e-06
27200.056 3.806359040570652e-06
27250.056 3.4757478550014455e-06
27300.056 3.828256699840366e-06
27350.056 3.7184784456387663e-06
27400.056 3.323541091010004e-06
27450.056 4.025708437438773e-06
27500.056 3.7011528968803383e-06
27550.056 3.639110458449843e-06
27600.056 3.976327228549635e-06
27650.056 3.3855761770797495e-06
27700.056 3.3438822755702773e-06
27750.056 4.063432103428155e-06
27800.056 3.2488869038300164e-06
27850.056 3.464718782708985e-06
27900.056 3.4717840057999263e-06
27950.056 3.915476599709712e-06
28000.056 3.719584918140892e-06
28050.056 3.065057748740657e-06
28100.056 3.999119856501678e-06
28150.056 3.3674131481501074e-06
28200.056 2.9915604408801205e-06
28250.056 3.5442255894599426e-06
28300.056 3.942442976990896e-06
28350.056 3.3380168681489243e-06
28400.056 3.477081758680117e-06
28450.056 3.48253025090951e-06
28500.056 3.5521087443294427e-06
28550.056 2.8501729878591733e-06
28600.056 3.9368546653303875e-06
28650.056 3.6929880472597532e-06
28700.056 3.315239420319538e-06
28750.056 3.629382950259705e-06
28800.056 3.5994708387205264e-06
28850.056 3.6496847628702865e-06
28900.056 3.088194162940232e-06
28950.056 4.024328111419577e-06
