galfind/configs/Brown_Dwarf_templates/sonora_bobcat/m0.0/562g/sp_t400g562nc_m0.0_resample.dat
# %ECSV 1.0
# ---
# datatype:
# - {name: wav, unit: Angstrom, datatype: float64}
# - {name: flux_nu, unit: erg / (cm2 Hz s), datatype: float64}
# meta: {C/O: '1.00', Kzz: '1.0000E+05', Teff: '400.', Y: '0.28', '[Fe/H]': '0.00', f_hole: '1.00', f_rain: '0.00', grav: '562.'}
# schema: astropy-2.0
wav flux_nu
[from data line 498]
28900.056 5.2347116463179404e-11
28950.056 7.238010806762968e-11
29000.056 4.784947325674765e-11
29050.056 8.424143944657757e-11
29100.056 3.377406972190735e-11
29150.056 5.445597585224605e-11
29200.056 1.4636066041872978e-10
29250.056 1.261593555783247e-10
29300.056 7.755054520410554e-11
29350.056 2.1262800979677188e-10
29400.056 8.43256039924214e-11
29450.056 4.095286452570654e-11
29500.056 2.243383678249555e-10
29550.056 6.714830035548712e-11
29600.056 8.402295678209136e-11
29650.056 3.477390397535247e-10
29700.056 5.310043491685175e-11
29750.056 2.1522997364581056e-10
29800.056 1.3128705336344669e-10
29850.056 3.0419711299648746e-10
29900.056 1.2394808337739227e-10
29950.056 1.3854760665817635e-10
30000.056 2.0758272164135083e-12
30050.056 1.8166974060877163e-11
30100.056 7.926149683960245e-11
30150.056 3.004569262499829e-10
30200.056 1.8908963139185856e-10
30250.056 3.3808032648022754e-10
30300.056 4.3477819214200025e-10
30350.056 8.477610796532458e-11
30400.056 4.793146429412372e-10
30450.056 3.420224418283093e-10
30500.056 1.7761074074440406e-10
30550.056 1.4010484111374432e-10
30600.056 1.4731609549167618e-09
30650.056 5.389250902633189e-10
30700.056 2.826684490201578e-10
30750.056 5.884319177392466e-10
30800.056 5.888983308326527e-10
30850.056 6.241070499130978e-10
30900.056 3.2743424886288255e-10
30950.056 2.4229626983114096e-10
31000.056 3.237243023362955e-10
31050.056 2.1124125039364517e-10
31100.056 1.248365518965225e-10
31150.056 2.45442957439094e-10
31200.056 8.520754087055314e-10
31250.056 3.3915922829680723e-10
31300.056 2.028797536570638e-10
31350.056 5.911491294200637e-10
31400.056 3.593446936521471e-10
31450.056 3.847501706447556e-10
31500.056 1.2166234099763845e-10
31550.056 2.498960140581951e-10
31600.056 1.786061704640782e-10
31650.056 1.3776174758577752e-10
31700.056 1.195312683672461e-10
31750.056 5.5290626277202146e-11
31800.056 1.1786070833922296e-10
31850.056 2.0200089813395468e-11
31900.056 5.199192468031986e-11
31950.056 2.7022207144709537e-11
32000.056 1.9883534352674197e-11
32050.056 2.632272870046215e-11
32100.056 2.1246355618850135e-11
32150.056 2.125424977433006e-11
32200.056 9.85290540180535e-12
32250.056 2.42022177826427e-11
32300.056 6.4905388211918875e-12
32350.056 2.5420017631159908e-11
32400.056 2.9142112362381843e-12
32450.056 1.728050050386361e-11
32500.056 3.196549789335141e-12
32550.056 1.617736355975319e-11
32600.056 3.225679094993764e-12
32650.056 3.565656525137843e-11
32700.056 5.427194219618153e-12
32750.056 8.701772046744111e-11
32800.056 4.4434803942503783e-11
32850.056 1.8953109997994437e-10
32900.056 1.6028538279631114e-10
32950.056 1.6448824431623827e-10
33000.056 4.384147591336969e-11
33050.056 4.689675583938739e-11
33100.056 8.303197080999106e-12
33150.056 3.19823079286597e-15
33200.056 2.8811769348681356e-13
33250.056 5.882917251909512e-13
33300.056 8.308024569878225e-12
33350.056 2.2465498155542538e-11
33400.056 8.762803264163974e-11
33450.056 3.0773094747264416e-11
33500.056 1.439664476612668e-10
33550.056 2.345460848235073e-11
33600.056 6.373779706433549e-11
33650.056 6.507701335268545e-11
33700.056 1.5041539872834633e-11
33750.056 8.632019662139369e-11
33800.056 5.541867200491323e-12
33850.056 3.9733858950021275e-11
33900.056 4.255972577879916e-11
33950.056 3.685459260673466e-11
34000.056 8.885658912658307e-11
34050.056 1.2721023907369714e-11
34100.056 8.920941954204551e-11
34150.056 2.772169006978135e-11
34200.056 1.0082517486374098e-10
34250.056 5.098294737872032e-11
34300.056 5.706695530542739e-11
34350.056 1.889189609856575e-10
34400.056 3.551684021670903e-11
34450.056 1.6439708185850619e-10
34500.056 6.794238698374495e-11
34550.056 7.688655491175419e-11
34600.056 3.7777125491985683e-10
34650.056 3.240187816128721e-11
34700.056 2.3871855674675105e-10
34750.056 1.250267257751157e-10
34800.056 9.13956434865924e-11
34850.056 4.0191059102395747e-10
34900.056 5.2932228219781745e-11
34950.056 4.045650804066531e-10
35000.056 5.690170868609463e-10
35050.056 3.292998626162845e-10
35100.056 8.016995177970144e-10
35150.056 6.68552315795671e-10
35200.056 4.92279149452912e-10
35250.056 9.842119091835623e-10
35300.056 2.6094689645385816e-10
35350.056 3.5764735737477795e-10
35400.056 2.5015593726274257e-10
35450.056 2.2519852072581455e-10
35500.056 9.094227277297071e-10
35550.056 4.987191264310944e-10
35600.056 7.694861367483783e-10
35650.056 9.178813998740351e-10
35700.056 9.335123581723943e-10
35750.056 1.2890321103012328e-09
35800.056 7.118581300759366e-10
35850.056 3.3984815841155167e-10
35900.056 4.913992654505432e-10
35950.056 8.433329677191868e-10
36000.056 9.282067392661011e-10
36050.056 6.380697283091064e-10
36100.056 5.903672632607191e-10
36150.056 1.8510029189867496e-09
36200.056 1.8350640305354063e-09
36250.056 1.0391260331033989e-09
36300.056 2.9315746229903513e-09
36350.056 1.6117523405814373e-09
36400.056 2.6458576361824486e-09
36450.056 1.9950668450965677e-09
36500.056 2.1579050458688765e-09
36550.056 4.2058962622433564e-09
36600.056 4.5833055749489164e-09
36650.056 2.6087141088676924e-09
36700.056 2.966838672112577e-09
36750.056 4.459100881501752e-09
36800.056 5.330319774797775e-09
36850.056 2.460631327540652e-09
36900.056 3.530831251685282e-09
36950.056 5.533554487199016e-09
37000.056 3.489080764916762e-09
37050.056 5.9166575114316925e-09
37100.056 2.4666644551333774e-09
37150.056 3.716914440316938e-09
37200.056 7.4292463732993715e-09
37250.056 3.7479036648289584e-09
37300.056 2.374633002911518e-09
37350.056 4.583464337278651e-09
37400.056 7.555362597641784e-09
37450.056 2.731521755713816e-09
37500.056 3.851227211111735e-09
37550.056 9.434138202892755e-09
37600.056 1.4687783711500981e-08
37650.056 3.513869349898573e-09
37700.056 7.131840135521021e-09
37750.056 5.180550671553395e-09
37800.056 5.323840857674418e-09
37850.056 2.8200068525749374e-09
37900.056 3.3024867687088725e-09
37950.056 6.39107415518312e-09
38000.056 5.654396938130695e-09
38050.056 9.12787707240707e-09
38100.056 1.2359726682647476e-08
38150.056 1.3932317891002825e-08
38200.056 9.435032500231278e-09
38250.056 1.2445798814562041e-08
38300.056 2.0544312774034925e-08
38350.056 1.636443983640504e-08
38400.056 6.270654864389353e-09
38450.056 2.482258818311659e-09
38500.056 2.0311635533233567e-09
38550.056 7.94584276370138e-09
38600.056 9.105815038798044e-09
38650.056 9.540388662202911e-09
38700.056 8.190543611967597e-09
38750.056 8.711469957039932e-09
38800.056 8.488336525120267e-09
38850.056 1.0182301109201107e-08
38900.056 1.233092376555348e-08
38950.056 7.2520355575210445e-09
39000.056 1.2310350396077124e-08
39050.056 6.636403505584298e-09
39100.056 1.0576454661657987e-08
39150.056 1.6096030493099956e-08
39200.056 1.0920726799918924e-08
39250.056 1.602309587345039e-08
39300.056 1.116879323336966e-08
39350.056 2.098822338379975e-08
39400.056 1.1749810047262413e-08
39450.056 1.791141049999342e-08
39500.056 1.9590571480500313e-08
39550.056 8.256882098714774e-09
39600.056 1.6172848063417893e-08
39650.056 2.433667305299895e-08
39700.056 2.1703772533702378e-08
39750.056 8.757707341861985e-09
39800.056 9.67347625785787e-09
39850.056 2.587443078000205e-08
39900.056 2.9280137715801526e-08
39950.056 1.229824987953985e-08
40000.056 2.1965461483199583e-08
40050.056 2.4679375952099175e-08
40100.056 7.364180447134194e-09
40150.056 2.0992950602401208e-08
40200.056 2.415939104759683e-08
40250.056 2.725903215049488e-08
40300.056 2.7538604730303243e-08
40350.056 1.4289169585155792e-08
40400.056 2.1801734834782733e-08
40450.056 1.0022816376191589e-08
40500.056 2.661923874569975e-08
40550.056 2.8371042632692355e-08
40600.056 2.6428487492999794e-08
40650.056 1.926639747788926e-08
40700.056 3.701496523259787e-08
40750.056 2.4907234328696533e-08
40800.056 1.4072995678876626e-08
40850.056 4.1353164524006304e-08
40900.056 3.7683532480995896e-08
40950.056 2.7627445108903002e-08
41000.056 2.312552596999772e-08
41050.056 4.518038061199714e-08
41100.056 3.8373917191598006e-08
41150.056 1.3239862259598928e-08
41200.056 4.224700056440472e-08
41250.056 3.704754631340363e-08
41300.056 3.970206091960387e-08
41350.056 5.1377016400999124e-08
41400.056 3.948914630899933e-08
41450.056 5.2487353811997926e-08
41500.056 3.03673599959838e-08
41550.056 2.7791829744607338e-08
41600.056 3.075558403394973e-08
41650.056 4.5556658492604404e-08
41700.056 5.960776311099325e-08
41750.056 4.4497772737998366e-08
41800.056 4.859492863500339e-08
41850.056 4.010539983219518e-08
41900.056 3.379789405209102e-08
41950.056 3.539613028669874e-08
42000.056 1.9402333614577974e-08
42050.056 2.3647909350316517e-08
42100.056 3.1530341835098066e-08
42150.056 3.2892239706998484e-08
42200.056 3.61534302157975e-08
42250.056 3.078463789440488e-08
42300.056 2.66569237004981e-08
42350.056 4.45465692457018e-08
42400.056 5.245329291400351e-08
42450.056 5.132680397600537e-08
42500.056 5.365116417399752e-08
42550.056 4.6266571177997124e-08
42600.056 4.46346505130121e-08
42650.056 6.595652710599171e-08
42700.056 3.1626350192791304e-08
42750.056 4.360818647600682e-08
42800.056 6.423452087400238e-08
42850.056 6.860019337999013e-08
42900.056 6.976424342300534e-08
42950.056 5.3320115521999476e-08
43000.056 6.27620988479994e-08
43050.056 3.105751417150152e-08
43100.056 5.414077867999854e-08
43150.056 4.564512432500162e-08
43200.056 6.162073592800368e-08
43250.056 8.719259265800314e-08
43300.056 7.65985937859992e-08
43350.056 4.069867975169492e-08
43400.056 6.161873612200316e-08
43450.056 4.187095480500239e-08
43500.056 4.105169364300413e-08
43550.056 4.3982134642402955e-08
43600.056 7.328753466200276e-08
43650.056 4.062632107519779e-08
43700.056 7.813170345601237e-08
43750.056 7.70799723919956e-08
43800.056 6.525795660399742e-08
43850.056 5.967957438400718e-08
43900.056 4.520292166199726e-08
43950.056 3.274462274799749e-08
44000.056 3.1268977849999346e-08
44050.056 7.401747674600457e-08
44100.056 1.0021635189100221e-07
44150.056 8.9527477338996e-08
44200.056 8.401465798800206e-08
44250.056 4.620666578599656e-08
44300.056 3.212038609910287e-08
44350.056 3.609935151630369e-08
44400.056 3.6255101943998326e-08
44450.056 6.47293523590057e-08
44500.056 5.545539483760539e-08
44550.056 8.129449526899888e-08
44600.056 6.410621402780116e-08
44650.056 6.485156697499757e-08
44700.056 4.288137752099457e-08
44750.056 6.155175905000832e-08
44800.056 4.16188437868025e-08
44850.056 6.182510645000261e-08
44900.056 5.452589076999835e-08
44950.056 6.338643325300585e-08
45000.056 7.554829033500067e-08
45050.056 6.752166651299427e-08
45100.056 6.140765402890404e-08
45150.056 5.4512906498996205e-08
45200.056 3.759860907670266e-08
45250.056 4.535981279699322e-08
45300.056 4.431868268990483e-08
45350.056 3.2433444772405e-08
45400.056 8.952792482900607e-08
45450.056 7.398453082200782e-08
45500.056 8.799911409600464e-08
45550.056 9.563360238698559e-08
45600.056 8.271607254800587e-08
45650.056 7.048759952099593e-08
45700.056 4.0692286805397264e-08
45750.056 3.5179836913402706e-08
45800.056 9.041907510200363e-08
45850.056 7.252876126720194e-08
45900.056 9.30429737799972e-08
45950.056 8.341079786799549e-08
46000.056 8.87071523210075e-08
46050.056 6.874925321800561e-08
46100.056 1.0274887879299432e-07
46150.056 5.940010090200018e-08
46200.056 4.727837838039371e-08
46250.056 1.7314621865058998e-08
46300.056 5.859657215180333e-08
46350.056 6.39078121570069e-08
46400.056 6.343553774600192e-08
46450.056 5.315805020619617e-08
46500.056 6.132947497200823e-08
46550.056 3.296878507019875e-08
46600.056 4.076733460995461e-08
46650.056 6.69181654840033e-08
46700.056 4.603776484099257e-08
46750.056 1.9349506264403154e-08
46800.056 1.250691061499869e-08
46850.056 5.994990084900873e-08
46900.056 7.428483798499713e-08
46950.056 7.307107937999635e-08
47000.056 7.314352883900563e-08
47050.056 4.7644425264786575e-08
47100.056 3.5505687989001324e-08
47150.056 5.7518298095007214e-08
47200.056 6.434476797999691e-08
47250.056 2.8390020478194655e-08
47300.056 1.9355475094195175e-08
47350.056 6.714921663700462e-08
47400.056 6.958305313099677e-08
47450.056 4.472048673690433e-08
47500.056 7.957802076500039e-08
47550.056 6.711713698900202e-08
47600.056 5.617371251839348e-08
47650.056 6.404550450227764e-08
47700.056 4.8828139279267656e-08
47750.056 3.54019783432002e-08
47800.056 2.6160957932002496e-08
47850.056 1.0561138350231858e-08
47900.056 1.855637921941989e-08
47950.056 5.358190923000371e-08
48000.056 7.093322791699639e-08
48050.056 5.4506464311398945e-08
48100.056 2.3590931697281066e-08
48150.056 4.510553215700234e-08
48200.056 2.9478863542877188e-08
48250.056 4.343199114400036e-08
48300.056 6.666616549199951e-08
48350.056 3.9003076502994984e-08
48400.056 7.562394537213883e-09
48450.056 1.6285249236344007e-08
48500.056 3.200766833319324e-08
48550.056 3.8475772670646145e-08
48600.056 6.002738377200089e-08
48650.056 7.443475258099786e-08
48700.056 4.9868562073005724e-08
48750.056 3.537140026000386e-08
48800.056 5.9187804941002767e-08
48850.056 2.8863775120625592e-08
48900.056 3.267565508009665e-08
48950.056 1.7237108664699175e-08
49000.056 9.733731260066359e-09
49050.056 3.340362015829624e-08
49100.056 4.623279678013748e-08
49150.056 3.6086960658359804e-08
49200.056 6.004647164200605e-08
49250.056 6.322802331900098e-08
49300.056 5.0454945531997025e-08
49350.056 1.8860514160774007e-08
49400.056 2.7486952740304067e-08
49450.056 2.3024495611545066e-08
49500.056 1.8453825195506743e-08
49550.056 3.0212325724730024e-09
49600.056 9.50918317341182e-09
49650.056 2.9738647099002295e-08
49700.056 3.7380208308994616e-08
49750.056 3.188106525085845e-08
49800.056 1.791198074879787e-08
49850.056 4.453657908700509e-08
49900.056 4.4526679330998757e-08
49950.056 4.0892217052998904e-08
50000.056 2.6168340236995344e-08
50050.056 3.1746511700002857e-08
50100.056 2.6711918712998363e-08
50150.056 1.0208146940448004e-08
50200.056 1.3804043309596833e-09
50250.056 1.0173772635799916e-08
50300.056 6.947289632629442e-09
50350.056 3.0145493975003967e-08
50400.056 3.698836955759764e-08
50450.056 2.7131688843200898e-08
50500.056 4.389836442440199e-08
50550.056 4.3823620940001266e-08
50600.056 2.7887009461191774e-08
50650.056 4.5270533267006016e-08
50700.056 4.4179589005998344e-08
50750.056 2.4816392338999805e-08
50800.056 6.8746078889925995e-09
50850.056 3.0326819868775606e-09
50900.056 2.4939916192002384e-08
50950.056 2.724194686499775e-08
51000.056 1.8880717379058018e-08
51050.056 3.146284535139586e-08
51100.056 1.1032373314600296e-08
51150.056 1.0104868348800405e-08
51200.056 3.8202314962000055e-08
51250.056 2.9408848465595363e-08
51300.056 1.794754907950264e-08
51350.056 1.557565672102322e-08
51400.056 3.9453556329918795e-09
51450.056 3.2741912465829333e-09
51500.056 3.014459144493222e-09
51550.056 1.4193986121002705e-08
51600.056 1.5383148559602276e-08
51650.056 2.203598217589937e-08
51700.056 2.01349933753748e-08
51750.056 1.3858067120102878e-08
51800.056 2.8423190667998005e-08
51850.056 2.1613719165198924e-08
51900.056 2.2583538675000715e-08
51950.056 1.1045803451498168e-08
52000.056 8.20204362534667e-10
52050.056 5.415789962900599e-09
52100.056 2.6876131427593938e-09
52150.056 1.4267636677275055e-09
52200.056 6.528513772199821e-09
52250.056 1.220065858422222e-08
52300.056 1.454797692579893e-08
52350.056 3.167535015465651e-09
52400.056 3.6789491765539892e-09
52450.056 1.7982315697702074e-08
52500.056 1.3014409810832719e-08
52550.056 1.793021607679879e-08
52600.056 1.4405155200801279e-08
52650.056 1.785315575520046e-08
52700.056 1.0267860714979521e-08
52750.056 3.2034972301448218e-09
52800.056 6.640127000451289e-09
52850.056 8.30243520894798e-09
52900.056 2.483656141220059e-09
52950.056 4.837997697810872e-09
53000.056 1.145753082780082e-08
53050.056 3.7176809537113462e-09
53100.056 1.6753171418901053e-08
53150.056 1.7265240504799975e-08
53200.056 6.817285849709725e-09
53250.056 1.4323449143299953e-08
53300.056 1.5938511987363418e-08
53350.056 1.3123768685400068e-08
53400.056 7.870995474698878e-09
53450.056 1.9749284918093038e-09
53500.056 2.9991622380490193e-10
53550.056 7.894848368639988e-10
