galfind/configs/Brown_Dwarf_templates/sonora_bobcat/m0.0/562g/sp_t1100g562nc_m0.0_resample.dat
# %ECSV 1.0
# ---
# datatype:
# - {name: wav, unit: Angstrom, datatype: float64}
# - {name: flux_nu, unit: erg / (cm2 Hz s), datatype: float64}
# meta: {C/O: '1.00', Kzz: '1.0000E+05', Teff: '1100.', Y: '0.28', '[Fe/H]': '0.00', f_hole: '1.00', f_rain: '0.00', grav: '562.'}
# schema: astropy-2.0
wav flux_nu
4000.0559999999996 nan
4050.0559999999996 1.4004327336618659e-12
4100.056 4.7484100315397546e-11
4150.056 1.1618601949600692e-10
4200.056 1.0239315305486437e-10
4250.056 1.750981302640054e-10
4300.056 2.1885178519601799e-10
4350.056 2.3927116091200787e-10
4400.056 2.920533248190093e-10
4450.056 3.23586062770004e-10
4500.056 3.1401579460001387e-10
4550.056 3.587768489289809e-10
4600.056 3.5064998806399735e-10
4650.056 3.0619336555998546e-10
4700.056 2.840414850600011e-10
4750.056 1.6293617167399827e-10
4800.056 5.2847304607999934e-11
4850.056 1.6227210271599807e-11
4900.056 7.081506295399945e-12
4950.056 3.301166499499971e-12
5000.056 1.1948379524099859e-12
5050.056 4.650905239899979e-13
5100.056 3.6822446486999975e-13
5150.056 3.1546715291999986e-13
5200.056 2.692726812299996e-13
5250.056 2.2224995042999953e-13
5300.056 1.8210074772999964e-13
5350.056 1.513280476199997e-13
5400.056 1.2739826510999974e-13
5450.056 1.0813990362299986e-13
5500.056 9.260320937099996e-14
5550.056 8.04457256679999e-14
5600.056 7.078882421699989e-14
5650.056 6.288760918499989e-14
5700.056 5.617594163999993e-14
5750.056 4.9944644834999925e-14
5800.056 4.29121275879999e-14
5850.056 3.0971516014999664e-14
5900.056 1.066432458876645e-14
5950.056 5.873965155800092e-14
6000.056 1.1990712502500058e-13
6050.056 2.2621589334000245e-13
6100.056 4.242084013100042e-13
6150.056 8.017109263000074e-13
6200.056 1.5014351302000125e-12
6250.056 2.731203314000022e-12
6300.056 4.83391033900004e-12
6350.056 8.276103867500068e-12
6400.056 1.3694650532000108e-11
6450.056 2.1801755955000047e-11
6500.056 3.388841159700015e-11
6550.056 5.1449584451000266e-11
6600.056 7.649261473400074e-11
6650.056 1.1104592498700068e-10
6700.056 1.259483641219008e-10
6750.056 2.127356814200012e-10
6800.056 2.7658737391000117e-10
6850.056 3.1596946234000035e-10
6900.056 3.092373942800007e-10
6950.056 2.8451783904999936e-10
7000.056 2.871029667100011e-10
7050.056 3.1392979089999925e-10
7100.056 3.4612240138999986e-10
7150.056 3.628169737999972e-10
7200.056 3.6306007561000404e-10
7250.056 3.4778729973999223e-10
7300.056 3.141323421100008e-10
7350.056 2.7647057925999753e-10
7400.056 2.375159183000015e-10
7450.056 1.9543339512000066e-10
7500.056 1.5138507840999892e-10
7550.056 1.0700584651199914e-10
7600.056 6.780939210099917e-11
7650.056 1.2492770870469278e-11
7700.056 7.254007913730354e-12
7750.056 5.0173168588001273e-11
7800.056 1.1558000798824226e-10
7850.056 2.7178000555000287e-10
7900.056 4.571711958200031e-10
7950.056 5.62001658148427e-10
8000.056 1.043574970460009e-09
8050.056 1.4513340472000146e-09
8100.056 1.8993292787000005e-09
8150.056 2.4326872307200037e-09
8200.056 3.1372374465000754e-09
8250.056 3.9136203334100475e-09
8300.056 4.836277919100253e-09
8350.056 5.8467988835999125e-09
8400.056 7.038329002799865e-09
8450.056 8.507199472599924e-09
8500.056 9.06152789784557e-09
8550.056 1.147509114200032e-08
8600.056 1.3900470889000071e-08
8650.056 1.560154459699995e-08
8700.056 1.8039888246999548e-08
8750.056 2.0762044670000244e-08
8800.056 2.385932531400028e-08
8850.056 2.672502212199983e-08
8900.056 2.7585617613999688e-08
8950.056 2.5471961944229348e-08
9000.056 3.361468104099824e-08
9050.056 4.173483289520115e-08
9100.056 4.6901744916700934e-08
9150.056 5.09870626903018e-08
9200.056 5.767602709679523e-08
9250.056 5.9350671604054344e-08
9300.056 3.7611472848245445e-08
9350.056 4.6718597319199294e-08
9400.056 6.329059197073658e-08
9450.056 6.909729126893252e-08
9500.056 7.017864511802012e-08
9550.056 7.737227165417398e-08
9600.056 7.925479017179478e-08
9650.056 8.873368339132227e-08
9700.056 1.0403053222025534e-07
9750.056 1.1170132754148585e-07
9800.056 1.2408869470381738e-07
9850.056 1.385178522719987e-07
9900.056 1.3343953270299513e-07
9950.056 1.3286628435999776e-07
10000.056 1.1627857353899686e-07
10050.056 1.4722384675699974e-07
10100.056 1.7123171610999915e-07
10150.056 1.8473821364999006e-07
10200.056 2.0542793320999868e-07
10250.056 2.2426868070000035e-07
10300.056 2.4060377217000094e-07
10350.056 2.7119142302000555e-07
10400.056 2.961901144599958e-07
10450.056 3.1198176543000095e-07
10500.056 3.176864856500004e-07
10550.056 3.268617016900033e-07
10600.056 3.4578064246999435e-07
10650.056 3.6993915726001106e-07
10700.056 3.9335555993001026e-07
10750.056 4.1798245595000875e-07
10800.056 4.406197632200036e-07
10850.056 4.632689931799929e-07
10900.056 4.226320065299947e-07
10950.056 3.1955521075200196e-07
11000.056 2.738163858047696e-07
11050.056 2.247962954886337e-07
11100.056 1.860124441588115e-07
11150.056 1.518027080644818e-07
11200.056 1.6372885989422448e-07
11250.056 2.0098035023745472e-07
11300.056 1.9666261705165898e-07
11350.056 1.1338908471376049e-07
11400.056 1.6347544159172794e-07
11450.056 1.644753437855107e-07
11500.056 1.884472152404547e-07
11550.056 1.363572036945908e-07
11600.056 1.4269703037691802e-07
11650.056 1.6291451093067446e-07
11700.056 1.3272617526798174e-07
11750.056 1.0485053904242449e-07
11800.056 1.5973268579273532e-07
11850.056 2.4174597670599637e-07
11900.056 2.8251232125177266e-07
11950.056 3.4650235117100774e-07
12000.056 3.8301377365999946e-07
12050.056 4.517161941960427e-07
12100.056 5.016851159939837e-07
12150.056 5.775036828099822e-07
12200.056 6.291724303499595e-07
12250.056 6.947440206899667e-07
12300.056 7.620806413800269e-07
12350.056 7.758912442600068e-07
12400.056 7.606538731999822e-07
12450.056 6.889229932900157e-07
12500.056 7.153387949399877e-07
12550.056 7.627300594800429e-07
12600.056 9.885445683500188e-07
12650.056 1.00190668583e-06
12700.056 1.046356214130064e-06
12750.056 1.0159916770200131e-06
12800.056 1.0301781689200151e-06
12850.056 9.279485826370145e-07
12900.056 8.59424827877021e-07
12950.056 8.584440545309867e-07
13000.056 8.557985220939508e-07
13050.056 8.207710490573729e-07
13100.056 7.89244837220317e-07
13150.056 6.936586349007677e-07
13200.056 6.268801209699822e-07
13250.056 4.916095779107814e-07
13300.056 2.897178610951409e-07
13350.056 1.0295069015462586e-07
13400.056 6.466837976889391e-08
13450.056 4.374382547344486e-08
13500.056 3.210850459937397e-08
13550.056 2.5010268346819976e-08
13600.056 1.860678616072271e-08
13650.056 3.531002823007743e-08
13700.056 2.844301737623457e-08
13750.056 3.295110729734872e-08
13800.056 3.997400760247512e-08
13850.056 3.300466511356741e-08
13900.056 3.3766815762704714e-08
13950.056 3.1559575114632376e-08
14000.056 2.985199459957334e-08
14050.056 3.428248739114105e-08
14100.056 2.861926392029352e-08
14150.056 3.7887253771581104e-08
14200.056 3.085829286380365e-08
14250.056 3.1147852253859025e-08
14300.056 4.467465891907942e-08
14350.056 4.5217836864898145e-08
14400.056 4.878988574325058e-08
14450.056 5.370624786345434e-08
14500.056 8.007270689863698e-08
14550.056 8.55942829400613e-08
14600.056 1.0818863094207307e-07
14650.056 1.0777804739968093e-07
14700.056 9.213119934468613e-08
14750.056 1.0952104549206368e-07
14800.056 1.3075151207834738e-07
14850.056 1.425180831425834e-07
14900.056 1.432342523434679e-07
14950.056 1.589215928010661e-07
15000.056 1.737065353256609e-07
15050.056 2.0511053583495838e-07
15100.056 2.1936621000880766e-07
15150.056 2.437364305955189e-07
15200.056 2.4862503657536006e-07
15250.056 2.929309917627967e-07
15300.056 3.200804188357745e-07
15350.056 3.6099065651398065e-07
15400.056 3.9818616540602064e-07
15450.056 4.3309729838002475e-07
15500.056 4.538216978799905e-07
15550.056 5.037216363419728e-07
15600.056 5.162503543650156e-07
15650.056 5.424339670700259e-07
15700.056 6.011743906900692e-07
15750.056 6.300582736499852e-07
15800.056 6.242633014300387e-07
15850.056 6.581291544699997e-07
15900.056 6.416383824100203e-07
15950.056 6.311438154499574e-07
16000.056 5.788757967100058e-07
16050.056 4.923201953599901e-07
16100.056 4.2236166808397436e-07
16150.056 3.445062130309934e-07
16200.056 2.770827362345525e-07
16250.056 2.6006177768476536e-07
16300.056 2.3409526303411217e-07
16350.056 2.541557128146389e-07
16400.056 2.845659514921327e-07
16450.056 3.03194260522119e-07
16500.056 3.260404905829571e-07
16550.056 3.1623306381197474e-07
16600.056 3.1413186961103747e-07
16650.056 2.500979110658618e-07
16700.056 1.4502981864787747e-07
16750.056 1.7880690881459373e-07
16800.056 2.4539275503805395e-07
16850.056 2.515577009495782e-07
16900.056 2.2899414762851456e-07
16950.056 2.0306569448818016e-07
17000.056 1.7363028071433082e-07
17050.056 2.2372398194793502e-07
17100.056 2.454158441320091e-07
17150.056 2.116736995371902e-07
17200.056 2.52557789091949e-07
17250.056 2.2570204607400336e-07
17300.056 1.967756938595068e-07
17350.056 1.7916558644458196e-07
17400.056 1.872015635567964e-07
17450.056 1.8524108309995316e-07
17500.056 1.980519213079175e-07
17550.056 1.82982947896625e-07
17600.056 1.6928266275165565e-07
17650.056 1.671841634368968e-07
17700.056 1.3225907663503678e-07
17750.056 1.204941395743235e-07
17800.056 1.4585664843036018e-07
17850.056 1.071672099158795e-07
17900.056 1.1149493560364609e-07
17950.056 9.49245744421474e-08
18000.056 1.0078346667928112e-07
18050.056 9.38812730054321e-08
18100.056 9.660448093248666e-08
18150.056 1.1859268151798451e-07
18200.056 7.862937224488003e-08
18250.056 1.3825766731649744e-07
18300.056 1.015558487294301e-07
18350.056 9.050289877890005e-08
18400.056 8.660784983254896e-08
18450.056 9.39693086761073e-08
18500.056 1.0113379961033358e-07
18550.056 8.349417152018958e-08
18600.056 7.069522694718702e-08
18650.056 7.197982168484829e-08
18700.056 7.333544820058746e-08
18750.056 8.738953754941396e-08
18800.056 1.2820547341338654e-07
18850.056 1.4580135595613695e-07
18900.056 1.371913911833385e-07
18950.056 1.8860686644649842e-07
19000.056 1.531664879191267e-07
19050.056 1.2758713052654266e-07
19100.056 1.8121351115191938e-07
19150.056 1.47540045308295e-07
19200.056 1.721012698845501e-07
19250.056 1.4009505385207511e-07
19300.056 1.368524252851169e-07
19350.056 1.2213525509434676e-07
19400.056 8.864757083698874e-08
19450.056 1.3868504444060928e-07
19500.056 1.400551134766837e-07
19550.056 1.062783328196832e-07
19600.056 1.341954316164173e-07
19650.056 1.5207890348900664e-07
19700.056 1.5284080123504897e-07
19750.056 1.5505612350050574e-07
19800.056 1.6621619434905945e-07
19850.056 1.9954904872469905e-07
19900.056 1.600322176821921e-07
19950.056 2.257245897832047e-07
20000.056 2.021708958567184e-07
20050.056 2.303684058428651e-07
20100.056 2.445786176448955e-07
20150.056 2.5464124224144914e-07
20200.056 2.7473222444715546e-07
20250.056 3.047292987169693e-07
20300.056 2.999809770529205e-07
20350.056 3.3881651193954796e-07
20400.056 3.338492072850158e-07
20450.056 3.6757123362193656e-07
20500.056 3.884194153479442e-07
20550.056 3.875423224900092e-07
20600.056 4.289253419420481e-07
20650.056 4.2516282800703833e-07
20700.056 4.3645631588804443e-07
20750.056 4.4637118292897464e-07
20800.056 4.6129559673398125e-07
20850.056 4.507556108769849e-07
20900.056 4.700676848799294e-07
20950.056 4.613536130100004e-07
21000.056 4.5896330002002665e-07
21050.056 4.5474034580998784e-07
21100.056 4.4301049638001196e-07
21150.056 4.4957079267993906e-07
21200.056 4.2807746279000874e-07
21250.056 4.211235968929428e-07
21300.056 3.871960355029659e-07
21350.056 3.8826110680199425e-07
21400.056 3.7157536018507733e-07
21450.056 3.583317694535978e-07
21500.056 3.380121500154561e-07
21550.056 3.204111607720211e-07
21600.056 2.9784004642464015e-07
21650.056 2.758945958690119e-07
21700.056 2.7463754447900646e-07
21750.056 2.4513442711871706e-07
21800.056 2.187140583028675e-07
21850.056 1.9849691701819548e-07
21900.056 1.6222885017297636e-07
21950.056 1.168774357736336e-07
22000.056 6.170568255350226e-08
22050.056 4.746763110776534e-08
22100.056 6.712235285583284e-08
22150.056 8.298706392127384e-08
22200.056 9.116191151274147e-08
22250.056 8.544552463013627e-08
22300.056 7.153153011594319e-08
22350.056 6.949420367233372e-08
22400.056 5.555986428710407e-08
22450.056 4.9437020593209004e-08
22500.056 4.9795921810402726e-08
22550.056 4.208309424635302e-08
22600.056 4.3211221559189675e-08
22650.056 4.541438712513186e-08
22700.056 4.0738965501143785e-08
22750.056 4.1478822085147464e-08
22800.056 3.905869451928756e-08
22850.056 3.445390106088394e-08
22900.056 3.2124978995998366e-08
22950.056 2.983791461709046e-08
23000.056 3.655977535079753e-08
23050.056 4.614140590514855e-08
23100.056 7.043268670370962e-08
23150.056 7.287134956547468e-08
23200.056 2.5685455408745302e-08
23250.056 3.163843294906605e-08
23300.056 2.7575436482210954e-08
23350.056 2.7342530628718438e-08
23400.056 2.8682995449007174e-08
23450.056 2.8168727521058655e-08
23500.056 3.075993617363545e-08
23550.056 3.7642875271267474e-08
23600.056 4.348397898412459e-08
23650.056 5.3199676225412225e-08
23700.056 3.383323651810203e-08
23750.056 2.9616925703148244e-08
23800.056 3.1486117967860075e-08
23850.056 3.5212105521262397e-08
23900.056 5.053464912581086e-08
23950.056 5.3533745718817844e-08
24000.056 6.0445210372276e-08
24050.056 6.870639296396767e-08
24100.056 6.370397618008745e-08
24150.056 7.199474232086314e-08
24200.056 7.27171363483423e-08
24250.056 6.432230199950051e-08
24300.056 7.494192547771197e-08
24350.056 6.45151806791414e-08
24400.056 8.259586801972041e-08
24450.056 7.697641891666416e-08
24500.056 7.873530315816462e-08
24550.056 8.909192602613286e-08
24600.056 9.064490149340085e-08
24650.056 1.0934658421900941e-07
24700.056 8.249369175443106e-08
24750.056 8.857357546354835e-08
24800.056 8.986104150120663e-08
24850.056 1.1744471675236646e-07
24900.056 7.441006783781176e-08
24950.056 1.1630017578491208e-07
25000.056 1.0392343452762746e-07
25050.056 7.552429892305898e-08
25100.056 1.0151933024773366e-07
25150.056 7.519693880368742e-08
25200.056 9.207595617368106e-08
25250.056 6.751159274497344e-08
25300.056 9.069885187110623e-08
25350.056 6.044269694732581e-08
25400.056 9.478270385437857e-08
25450.056 6.063305535351804e-08
25500.056 6.347229331343882e-08
25550.056 6.74007619771786e-08
25600.056 6.433176681155112e-08
25650.056 4.72875040357672e-08
25700.056 8.171518843428321e-08
25750.056 4.20037820574945e-08
25800.056 8.441514030827744e-08
25850.056 4.764284254693688e-08
25900.056 6.52522562221496e-08
25950.056 4.087615006710831e-08
26000.056 8.883864841330182e-08
26050.056 6.063321821378141e-08
26100.056 8.965236307682039e-08
26150.056 7.269411752828581e-08
26200.056 7.783670100573866e-08
26250.056 1.1086519730373828e-07
26300.056 8.181375952401902e-08
26350.056 1.2833942983323189e-07
26400.056 1.261731803080347e-07
26450.056 1.2641899054185524e-07
26500.056 1.394053649316669e-07
26550.056 9.072157813784895e-08
26600.056 1.267579732059139e-07
26650.056 6.687865650425757e-08
26700.056 6.409466120558887e-08
26750.056 4.5209735428320207e-08
26800.056 6.749874168175194e-08
26850.056 4.176749633583565e-08
26900.056 8.253015039210023e-08
26950.056 4.6018221163381297e-08
27000.056 9.648737227386271e-08
27050.056 7.718243066190056e-08
27100.056 6.455004668626791e-08
27150.056 1.015365900292028e-07
27200.056 7.023265130654248e-08
27250.056 7.987551665135176e-08
27300.056 1.5051914432862826e-07
27350.056 1.1670424667445633e-07
27400.056 4.9664806174688964e-08
27450.056 1.4590283420771168e-07
27500.056 1.394741363832359e-07
27550.056 7.640315711282295e-08
27600.056 1.293968591109972e-07
27650.056 6.960611186041779e-08
27700.056 5.889012376054675e-08
27750.056 1.3281857053122648e-07
27800.056 6.820505115265489e-08
27850.056 8.126086965604159e-08
27900.056 8.917258360070064e-08
27950.056 1.380029115131057e-07
28000.056 1.1101891736262608e-07
28050.056 5.2629334044249525e-08
28100.056 1.465594038388349e-07
28150.056 9.370830849627147e-08
28200.056 5.71840741849352e-08
28250.056 1.3737763051588426e-07
28300.056 1.6701106093733615e-07
28350.056 7.131018071575238e-08
28400.056 1.1061809669563909e-07
28450.056 1.4274226931785816e-07
28500.056 1.1475740803172042e-07
28550.056 5.446144631037735e-08
28600.056 1.562008156945017e-07
28650.056 1.337785425975041e-07
28700.056 1.17169399305715e-07
28750.056 1.6013497079265168e-07
28800.056 1.3776262141323523e-07
28850.056 1.566488562250037e-07
