galfind/configs/Brown_Dwarf_templates/sonora_bobcat/m0.0/562g/sp_t300g562nc_m0.0_resample.dat
# %ECSV 1.0
# ---
# datatype:
# - {name: wav, unit: Angstrom, datatype: float64}
# - {name: flux_nu, unit: erg / (cm2 Hz s), datatype: float64}
# meta: {C/O: '1.00', Kzz: '1.0000E+05', Teff: '300.', Y: '0.28', '[Fe/H]': '0.00', f_hole: '1.00', f_rain: '0.00', grav: '562.'}
# schema: astropy-2.0
wav flux_nu
[from data line 499]
28950.056 2.044122814680427e-12
29000.056 1.0405491903834052e-12
29050.056 2.40403233974709e-12
29100.056 6.59064853415312e-13
29150.056 6.941888501483635e-13
29200.056 7.023501035783581e-12
29250.056 2.9377128999653574e-12
29300.056 1.8260413476951668e-12
29350.056 5.7361474932245524e-12
29400.056 3.5220616867653604e-12
29450.056 6.526844782823814e-13
29500.056 8.240019516424878e-12
29550.056 1.781181139448904e-12
29600.056 1.5746541323048368e-12
29650.056 1.1795686508799976e-11
29700.056 1.1563546553746418e-12
29750.056 7.630572576316457e-12
29800.056 2.7101049904449278e-12
29850.056 1.1343688054762597e-11
29900.056 3.307596798631858e-12
29950.056 3.579018219347762e-12
30000.056 2.316977102333655e-14
30050.056 7.046840283812195e-13
30100.056 3.398192232326473e-12
30150.056 1.1309015850207619e-11
30200.056 7.450767564694146e-12
30250.056 1.0230009371833121e-11
30300.056 1.569865006793684e-11
30350.056 1.8786236127221097e-12
30400.056 1.9210879928605035e-11
30450.056 1.9586027592699153e-11
30500.056 3.545220639754575e-12
30550.056 3.685416117188461e-12
30600.056 1.2559590728003676e-10
30650.056 3.8661428353814554e-11
30700.056 8.496756185750232e-12
30750.056 2.896834234372194e-11
30800.056 5.070570248812595e-11
30850.056 4.349798356738776e-11
30900.056 1.8957630576825838e-11
30950.056 1.1307576206208478e-11
31000.056 1.7657098381364773e-11
31050.056 5.716121728412649e-12
31100.056 3.860825949485075e-12
31150.056 1.1860957611601593e-11
31200.056 6.442213274484789e-11
31250.056 2.4299818043314063e-11
31300.056 7.191090006576184e-12
31350.056 5.2073957947725e-11
31400.056 2.720549941005887e-11
31450.056 2.7143820112849664e-11
31500.056 7.12485598828513e-12
31550.056 1.760042182746099e-11
31600.056 1.3950350812890996e-11
31650.056 9.528021292996204e-12
31700.056 6.569542874456769e-12
31750.056 2.8730003973046786e-12
31800.056 5.43285776489165e-12
31850.056 6.448811318183756e-13
31900.056 1.926064851201554e-12
31950.056 8.629618073388934e-13
32000.056 4.773470736987333e-13
32050.056 5.363106827557278e-13
32100.056 4.783117099482527e-13
32150.056 3.3236360988025263e-13
32200.056 1.1734520126036802e-13
32250.056 2.945035543686614e-13
32300.056 5.4981667640542906e-14
32350.056 2.156976353907999e-13
32400.056 1.2544454239356984e-14
32450.056 1.2804639174900053e-13
32500.056 1.1651295006725695e-14
32550.056 1.1697123135092872e-13
32600.056 6.99744350575058e-15
32650.056 2.4577863337539586e-13
32700.056 1.3244899241234472e-14
32750.056 8.350449504442786e-13
32800.056 2.4742505486435207e-13
32850.056 2.982433431180728e-12
32900.056 1.9343302924369403e-12
32950.056 2.579491334753691e-12
33000.056 5.185336393004069e-13
33050.056 2.81912756577225e-13
33100.056 3.6708266277834014e-14
33150.056 5.5030757264084925e-17
33200.056 5.062435559615391e-15
33250.056 1.0697330759996111e-14
33300.056 3.4608688486687405e-13
33350.056 3.7480118471700137e-13
33400.056 2.350279340845507e-12
33450.056 1.833235596782738e-13
33500.056 1.948343641908542e-12
33550.056 1.9823456006257787e-13
33600.056 7.680455624667266e-13
33650.056 8.917739402985012e-13
33700.056 8.98810372505731e-14
33750.056 1.0587829619181725e-12
33800.056 3.229277641684739e-14
33850.056 4.730278677493858e-13
33900.056 4.856396160784742e-13
33950.056 5.753733489638682e-13
34000.056 1.6834963808910147e-12
34050.056 2.5330770339642696e-13
34100.056 2.1059525430999964e-12
34150.056 5.362503058509733e-13
34200.056 3.0296097494355113e-12
34250.056 9.058501703186212e-13
34300.056 1.5398724462448385e-12
34350.056 9.615943924748146e-12
34400.056 9.2801322095015e-13
34450.056 6.5580543344369716e-12
34500.056 1.5143333128378576e-12
34550.056 5.58445845714738e-12
34600.056 2.9326483746714094e-11
34650.056 9.16267997827284e-13
34700.056 1.5612330310874054e-11
34750.056 6.024667619940803e-12
34800.056 3.5720938099462654e-12
34850.056 1.972573292022971e-11
34900.056 1.3580396031079659e-12
34950.056 3.219087960920074e-11
35000.056 2.8434908455113243e-11
35050.056 3.459424335365528e-11
35100.056 6.441726053057146e-11
35150.056 5.3686364928625e-11
35200.056 4.692295602946402e-11
35250.056 9.805933297744163e-11
35300.056 1.5810667174578425e-11
35350.056 9.96113370043079e-12
35400.056 6.0288875093907924e-12
35450.056 6.2076744523983864e-12
35500.056 3.6600071013004957e-11
35550.056 2.633526170694115e-11
35600.056 5.464255399453012e-11
35650.056 7.417429965183632e-11
35700.056 8.986908140231254e-11
35750.056 7.500294573187032e-11
35800.056 2.1883794594885632e-11
35850.056 1.3387616837507619e-11
35900.056 1.9426838463093658e-11
35950.056 5.158518683734685e-11
36000.056 6.394405626945e-11
36050.056 4.2924817381912366e-11
36100.056 4.0434943538475877e-11
36150.056 2.4018432919305594e-10
36200.056 1.6325281670557506e-10
36250.056 7.044941555539815e-11
36300.056 2.936110987916498e-10
36350.056 1.5793293953573103e-10
36400.056 2.4766958998197777e-10
36450.056 1.5165586322358572e-10
36500.056 1.4291365442253854e-10
36550.056 4.766545907724484e-10
36600.056 5.274421412389335e-10
36650.056 1.9971670084554518e-10
36700.056 3.2389648098063195e-10
36750.056 5.620576807882166e-10
36800.056 6.814559762855282e-10
36850.056 2.07231768719912e-10
36900.056 2.683755995940186e-10
36950.056 7.628484196457621e-10
37000.056 4.445082135149214e-10
37050.056 7.893380917232442e-10
37100.056 1.5144174228240378e-10
37150.056 3.484752957916104e-10
37200.056 1.1465981661600802e-09
37250.056 5.076861184295767e-10
37300.056 1.942573452628255e-10
37350.056 3.919714921895293e-10
37400.056 7.511958792731953e-10
37450.056 2.455033315907734e-10
37500.056 3.3609691554504457e-10
37550.056 1.3841426650125511e-09
37600.056 2.646705916003846e-09
37650.056 3.307721020509344e-10
37700.056 7.924550970311753e-10
37750.056 6.490459271879588e-10
37800.056 6.03426872208382e-10
37850.056 3.159194786845857e-10
37900.056 3.1131036289186885e-10
37950.056 6.444133814837317e-10
38000.056 5.217907893150419e-10
38050.056 1.3335936744129448e-09
38100.056 1.8930958559175892e-09
38150.056 2.517933531708057e-09
38200.056 1.3137869326497387e-09
38250.056 2.336818604039149e-09
38300.056 4.532119263333421e-09
38350.056 2.400733198291496e-09
38400.056 5.977190329992878e-10
38450.056 1.4693515026013128e-10
38500.056 1.76966414630483e-10
38550.056 1.0993787273901359e-09
38600.056 1.6098018966697195e-09
38650.056 1.3379429890418026e-09
38700.056 8.350468878588725e-10
38750.056 1.2850281489401385e-09
38800.056 1.132033813003072e-09
38850.056 1.4897225542202675e-09
38900.056 1.7213065097387336e-09
38950.056 8.971807739202472e-10
39000.056 2.1743502993856026e-09
39050.056 5.752156708532714e-10
39100.056 1.276469187147608e-09
39150.056 2.5899843643710455e-09
39200.056 1.7477880364899291e-09
39250.056 2.467484201290164e-09
39300.056 1.4634654216990103e-09
39350.056 4.033599350299988e-09
39400.056 1.6916409510368817e-09
39450.056 3.2067370264448764e-09
39500.056 3.6992640878498467e-09
39550.056 1.0429540275018653e-09
39600.056 2.6754535338081717e-09
39650.056 5.0318637329998705e-09
39700.056 4.512734589530304e-09
39750.056 1.1510266871658836e-09
39800.056 1.0430555154197783e-09
39850.056 4.81876338870059e-09
39900.056 6.349366589700261e-09
39950.056 1.8095568999501429e-09
40000.056 3.826484525860026e-09
40050.056 4.694980830383724e-09
40100.056 8.586916410958419e-10
40150.056 3.6145805224203176e-09
40200.056 4.7135427349995146e-09
40250.056 5.670909055148988e-09
40300.056 5.814192522800625e-09
40350.056 2.1235265630221283e-09
40400.056 3.2023057514973576e-09
40450.056 1.205690358373289e-09
40500.056 5.257170159150237e-09
40550.056 5.446230254778742e-09
40600.056 6.08337622149983e-09
40650.056 3.485638110465102e-09
40700.056 6.850351317479647e-09
40750.056 4.6437446710594424e-09
40800.056 2.200174962363556e-09
40850.056 9.348670127601333e-09
40900.056 9.061084320199054e-09
40950.056 5.386049865498318e-09
41000.056 4.156981676173517e-09
41050.056 1.06282421493e-08
41100.056 8.803303185879364e-09
41150.056 1.8303697716227885e-09
41200.056 9.96441509582136e-09
41250.056 8.683630627678393e-09
41300.056 9.508174272501372e-09
41350.056 1.4431217635000017e-08
41400.056 1.0049933112299323e-08
41450.056 1.3230341955999692e-08
41500.056 6.202837266552688e-09
41550.056 5.561479063481299e-09
41600.056 6.542130895967474e-09
41650.056 1.231705106090143e-08
41700.056 1.8494129313998854e-08
41750.056 1.2887475258300124e-08
41800.056 1.4188518492000063e-08
41850.056 1.0241938397978865e-08
41900.056 7.411102678377929e-09
41950.056 7.056809441799387e-09
42000.056 2.126189561722185e-09
42050.056 3.578186978540473e-09
42100.056 5.957342836829866e-09
42150.056 7.522580548539593e-09
42200.056 9.527011965699816e-09
42250.056 7.2460313788512e-09
42300.056 5.750943836299446e-09
42350.056 1.2457925170900394e-08
42400.056 1.6173392107800968e-08
42450.056 1.8361097039001122e-08
42500.056 1.9651771844999495e-08
42550.056 1.681961494299942e-08
42600.056 1.2919133387902724e-08
42650.056 1.950055166959789e-08
42700.056 7.4032772558587475e-09
42750.056 1.5181471683202045e-08
42800.056 2.4099732429000514e-08
42850.056 2.4751551677997922e-08
42900.056 2.354607074500105e-08
42950.056 1.823410251540075e-08
43000.056 2.1297645924199537e-08
43050.056 1.0120871533499265e-08
43100.056 1.704556436660052e-08
43150.056 1.6648557937100287e-08
43200.056 2.2851830150000936e-08
43250.056 3.0550621843000576e-08
43300.056 2.6236878624999204e-08
43350.056 1.520064552249904e-08
43400.056 2.1514475193500576e-08
43450.056 1.3794016933600144e-08
43500.056 1.1492799274700621e-08
43550.056 1.4083855601400836e-08
43600.056 2.579438566100012e-08
43650.056 1.3678948229999066e-08
43700.056 2.5514357478504037e-08
43750.056 2.9014429666998548e-08
43800.056 2.280893929279948e-08
43850.056 2.035030121830187e-08
43900.056 1.4057986420799901e-08
43950.056 1.0857025195199494e-08
44000.056 1.1247960194999829e-08
44050.056 2.640586438200202e-08
44100.056 3.518711364000046e-08
44150.056 3.0689055920998894e-08
44200.056 2.9928249615000366e-08
44250.056 1.7035718898998833e-08
44300.056 1.0751054144400265e-08
44350.056 1.088522482860051e-08
44400.056 1.1903995627599783e-08
44450.056 2.2150689109702193e-08
44500.056 1.9196828715200542e-08
44550.056 2.7068327708000228e-08
44600.056 2.0031641700500223e-08
44650.056 2.2343033211999195e-08
44700.056 1.5563220650798153e-08
44750.056 2.174800848300171e-08
44800.056 1.3575673853700177e-08
44850.056 1.9879494461000812e-08
44900.056 1.9210149218999484e-08
44950.056 2.3461707491001823e-08
45000.056 2.7981007710999892e-08
45050.056 2.3803175928198064e-08
45100.056 2.1456644500701488e-08
45150.056 1.8803042148699056e-08
45200.056 1.2043198311300354e-08
45250.056 1.4889943949898481e-08
45300.056 1.4496808024100934e-08
45350.056 9.546544954701419e-09
45400.056 3.030614436900116e-08
45450.056 2.3879682659202406e-08
45500.056 2.9854779386001276e-08
45550.056 3.1834301349996375e-08
45600.056 2.7726008023001208e-08
45650.056 2.4614562018998233e-08
45700.056 1.2955064524398792e-08
45750.056 1.1075844941701074e-08
45800.056 2.862861929400058e-08
45850.056 2.167267771540125e-08
45900.056 3.183202317199944e-08
45950.056 3.159245656099835e-08
46000.056 2.999099973800148e-08
46050.056 2.33186490471023e-08
46100.056 3.3817014202998357e-08
46150.056 2.022254682739995e-08
46200.056 1.4470723204398029e-08
46250.056 4.723199943539944e-09
46300.056 1.824346737170137e-08
46350.056 2.046861988210146e-08
46400.056 2.134892670900054e-08
46450.056 1.6181825257248806e-08
46500.056 2.0869502196201416e-08
46550.056 1.0829103027598809e-08
46600.056 1.0757691754278934e-08
46650.056 1.962487196700091e-08
46700.056 1.4096852554798302e-08
46750.056 4.786570592260589e-09
46800.056 2.8009237187596277e-09
46850.056 1.5717092301502553e-08
46900.056 2.366331438999967e-08
46950.056 2.4653750933999445e-08
47000.056 2.5705485075000976e-08
47050.056 1.4691318057996536e-08
47100.056 1.2180939590100245e-08
47150.056 1.815459214520187e-08
47200.056 2.0091013009999166e-08
47250.056 7.561120708718281e-09
47300.056 5.3086114476116855e-09
47350.056 1.9677180286001465e-08
47400.056 2.3034651249999467e-08
47450.056 1.2490989476100468e-08
47500.056 2.4459443730001608e-08
47550.056 2.2886145508000195e-08
47600.056 1.532911675304825e-08
47650.056 1.8844936693759173e-08
47700.056 1.4820319232021752e-08
47750.056 1.1361077397299938e-08
47800.056 6.915633637400028e-09
47850.056 2.207733510090448e-09
47900.056 4.418992402410134e-09
47950.056 1.5151340640101286e-08
48000.056 1.9481451545898466e-08
48050.056 1.4382042574600097e-08
48100.056 6.8673924502400906e-09
48150.056 1.3780331564400719e-08
48200.056 7.471079680238864e-09
48250.056 1.2687385217500334e-08
48300.056 1.7501329116999716e-08
48350.056 9.50970125409864e-09
48400.056 1.4680922050745443e-09
48450.056 3.097329761910799e-09
48500.056 7.036112744738894e-09
48550.056 9.001348982881912e-09
48600.056 1.8813388397000394e-08
48650.056 2.2508613312999577e-08
48700.056 1.622660393540122e-08
48750.056 1.36625108642003e-08
48800.056 1.7625639840000187e-08
48850.056 7.5071612586289e-09
48900.056 6.591781853739227e-09
48950.056 3.0965065844798495e-09
49000.056 2.031911219979571e-09
49050.056 7.522268576509224e-09
49100.056 1.168218316536192e-08
49150.056 1.0073487805109894e-08
49200.056 1.79750538470013e-08
49250.056 1.898178503599987e-08
49300.056 1.4395471082998744e-08
49350.056 5.0292083333910505e-09
49400.056 6.867933190228637e-09
49450.056 5.046948917161031e-09
49500.056 3.764806746669229e-09
49550.056 5.113012556609952e-10
49600.056 1.5807999111223341e-09
49650.056 6.993092329200852e-09
49700.056 1.030534506289958e-08
49750.056 6.8481364037295985e-09
49800.056 3.592737881910121e-09
49850.056 1.1042924162501205e-08
49900.056 1.3125010453399832e-08
49950.056 1.1967265032299542e-08
50000.056 5.727478173569817e-09
50050.056 6.282464632780927e-09
50100.056 5.790615522199598e-09
50150.056 1.753154535359625e-09
50200.056 2.2960826755908707e-10
50250.056 1.550971350650006e-09
50300.056 1.1575251623082725e-09
50350.056 6.390736299000762e-09
50400.056 9.478818498499706e-09
50450.056 8.347339762700281e-09
50500.056 1.194400869300043e-08
50550.056 1.3031878383700083e-08
50600.056 7.448902606548501e-09
50650.056 1.245251906440093e-08
50700.056 1.071098347009946e-08
50750.056 5.5374025612996366e-09
50800.056 1.189471568005676e-09
50850.056 4.687030047932138e-10
50900.056 4.472173839400605e-09
50950.056 5.878572853899449e-09
51000.056 3.6275679077997233e-09
51050.056 7.54534584859924e-09
51100.056 2.6785919586599984e-09
51150.056 1.7597446804704647e-09
51200.056 8.290565743800378e-09
51250.056 7.108310910799289e-09
51300.056 4.151706127320122e-09
51350.056 2.5737577060604303e-09
51400.056 5.213020227121147e-10
51450.056 4.812785490308598e-10
51500.056 4.958858388081805e-10
51550.056 2.5410115720004886e-09
51600.056 3.7853119540003735e-09
51650.056 5.88047022090003e-09
51700.056 4.4346205556491244e-09
51750.056 3.271743323030734e-09
51800.056 7.05453228179993e-09
51850.056 5.283758132499709e-09
51900.056 4.127862344599948e-09
51950.056 1.682450637709658e-09
52000.056 1.7090343684096133e-10
52050.056 8.248367975800572e-10
52100.056 4.025741729479095e-10
52150.056 2.2525050713007517e-10
52200.056 1.1458035163300392e-09
52250.056 2.3031043160403045e-09
52300.056 2.308169131599777e-09
52350.056 4.4407494254894835e-10
52400.056 5.447461264100177e-10
52450.056 2.9789223494703606e-09
52500.056 2.0011137699428335e-09
52550.056 3.884716361699751e-09
52600.056 3.7261940221704186e-09
52650.056 4.649019230699889e-09
52700.056 2.268927618289764e-09
52750.056 5.241813084938156e-10
52800.056 1.2011470835302246e-09
52850.056 1.4785010847996808e-09
52900.056 3.6055149120585354e-10
52950.056 7.128124295401463e-10
53000.056 2.0965937050000934e-09
53050.056 6.870749554259318e-10
53100.056 3.52579721520036e-09
53150.056 3.6028428888198827e-09
53200.056 1.5353556575399457e-09
53250.056 2.873888541279878e-09
53300.056 2.7841700766803483e-09
53350.056 2.3715340252999547e-09
53400.056 1.320560167819818e-09
53450.056 3.4633281564991597e-10
53500.056 9.206267116048196e-11
53550.056 1.5740652065000104e-10
