galfind/configs/Brown_Dwarf_templates/sonora_bobcat/m0.0/562g/sp_t850g562nc_m0.0_resample.dat
# %ECSV 1.0
# ---
# datatype:
# - {name: wav, unit: Angstrom, datatype: float64}
# - {name: flux_nu, unit: erg / (cm2 Hz s), datatype: float64}
# meta: {C/O: '1.00', Kzz: '1.0000E+05', Teff: '850.', Y: '0.28', '[Fe/H]': '0.00', f_hole: '1.00', f_rain: '0.00', grav: '562.'}
# schema: astropy-2.0
wav flux_nu
4000.0559999999996 nan
4050.0559999999996 4.9540510634034065e-14
4100.056 5.066410262709964e-12
4150.056 2.5754292285800796e-11
4200.056 2.2244790195766775e-11
4250.056 6.697421739100087e-11
4300.056 9.918562252900383e-11
4350.056 1.1730140915700134e-10
4400.056 1.4769789962100168e-10
4450.056 1.8156450005100218e-10
4500.056 1.835806522130043e-10
4550.056 1.917088220135958e-10
4600.056 1.1925298570099947e-10
4650.056 8.619867939699891e-11
4700.056 5.638554098399968e-11
4750.056 2.0292150160699795e-11
4800.056 4.798658028599933e-12
4850.056 1.1546413679899858e-12
4900.056 4.431865728199965e-13
4950.056 1.9752021726999832e-13
5000.056 7.399367965199919e-14
5050.056 3.167898223199988e-14
5100.056 2.6514363512000034e-14
5150.056 2.4260358848000028e-14
5200.056 2.2509910905999998e-14
5250.056 2.0832621861999986e-14
5300.056 1.9630191719999985e-14
5350.056 1.9038659694999996e-14
5400.056 1.8853428596999998e-14
5450.056 1.900700552100003e-14
5500.056 1.9398825958000043e-14
5550.056 1.9944622420000015e-14
5600.056 2.0471351402000005e-14
5650.056 2.077907115599999e-14
5700.056 2.0582342304999996e-14
5750.056 1.9735362751999986e-14
5800.056 1.7616482209999958e-14
5850.056 1.256611502859986e-14
5900.056 4.253448424622429e-15
5950.056 2.4370814790000456e-14
6000.056 4.95195372680001e-14
6050.056 8.623236348400093e-14
6100.056 1.4036588033000116e-13
6150.056 2.208867518800015e-13
6200.056 3.4296394795000203e-13
6250.056 5.26815080350003e-13
6300.056 8.149705305300043e-13
6350.056 1.2594955527500085e-12
6400.056 1.9394383625000145e-12
6450.056 2.909526114299996e-12
6500.056 4.403607324300016e-12
6550.056 6.6100025341000096e-12
6600.056 9.813840750800134e-12
6650.056 1.4375103218000097e-11
6700.056 1.8480031637760167e-11
6750.056 2.845027766200015e-11
6800.056 3.684556589200019e-11
6850.056 4.180871904700004e-11
6900.056 3.932547328800018e-11
6950.056 3.427661989299987e-11
7000.056 3.39918387090001e-11
7050.056 3.65720331329998e-11
7100.056 3.9933005473999895e-11
7150.056 4.0069423852999504e-11
7200.056 3.8516882612400345e-11
7250.056 3.6632665378998816e-11
7300.056 3.27880688420006e-11
7350.056 2.950718221359964e-11
7400.056 2.6269238974000405e-11
7450.056 2.3115043345000343e-11
7500.056 1.9826552963999896e-11
7550.056 1.6429393641999922e-11
7600.056 1.332812250199992e-11
7650.056 4.309678953002827e-12
7700.056 3.2160424392201284e-12
7750.056 1.30017069842002e-11
7800.056 2.1438846542320175e-11
7850.056 3.909897717600026e-11
7900.056 6.08151669520001e-11
7950.056 7.530405388874082e-11
8000.056 1.3581442158700128e-10
8050.056 1.9330350227000226e-10
8100.056 2.526931697999984e-10
8150.056 3.278608848600006e-10
8200.056 4.585589024980156e-10
8250.056 5.834041949120045e-10
8300.056 7.508800510100424e-10
8350.056 9.362460404199802e-10
8400.056 1.1692164779399826e-09
8450.056 1.4777724914399898e-09
8500.056 1.6438028613609282e-09
8550.056 2.15494616430006e-09
8600.056 2.718183559600024e-09
8650.056 3.2523798491000302e-09
8700.056 3.831937728600022e-09
8750.056 4.519198881100031e-09
8800.056 5.24024889780005e-09
8850.056 5.817894928399995e-09
8900.056 5.419717767899834e-09
8950.056 5.13168177074897e-09
9000.056 6.449399956199523e-09
9050.056 9.153128941810106e-09
9100.056 1.04220335228203e-08
9150.056 1.139502603989052e-08
9200.056 1.3386296279039212e-08
9250.056 1.3577710016639067e-08
9300.056 6.573775400810184e-09
9350.056 8.49867918392145e-09
9400.056 1.3208805418630473e-08
9450.056 1.416265814609625e-08
9500.056 1.3853216040759493e-08
9550.056 1.535355116780801e-08
9600.056 1.599697990501564e-08
9650.056 1.8886241535636797e-08
9700.056 2.4342868427850608e-08
9750.056 2.6203460271275805e-08
9800.056 2.9791562929427603e-08
9850.056 3.404194855629969e-08
9900.056 3.930667981209946e-08
9950.056 4.2285645769000045e-08
10000.056 3.9374406906699115e-08
10050.056 5.162977515500013e-08
10100.056 5.919969215999974e-08
10150.056 6.548996001399858e-08
10200.056 7.240824695300085e-08
10250.056 8.065291956300088e-08
10300.056 9.074609240299841e-08
10350.056 9.901866233300138e-08
10400.056 1.0987186989099979e-07
10450.056 1.185620157069974e-07
10500.056 1.263358471699999e-07
10550.056 1.3442014909000068e-07
10600.056 1.4135232676999845e-07
10650.056 1.4895718899400282e-07
10700.056 1.540046665190027e-07
10750.056 1.6030980426500235e-07
10800.056 1.6397577092200198e-07
10850.056 1.630650053359996e-07
10900.056 1.3894436411299806e-07
10950.056 9.166335993470117e-08
11000.056 7.094141974091036e-08
11050.056 5.104904836092903e-08
11100.056 3.7012218413916484e-08
11150.056 2.521220233752056e-08
11200.056 2.6661889214759078e-08
11250.056 3.369310679067911e-08
11300.056 3.507149217492616e-08
11350.056 1.713982314196264e-08
11400.056 3.586781569639904e-08
11450.056 2.8251870838733184e-08
11500.056 2.8754477169972368e-08
11550.056 1.619334789813105e-08
11600.056 1.6343112272253226e-08
11650.056 2.4270517398148973e-08
11700.056 2.4672666694262086e-08
11750.056 1.3827643325129539e-08
11800.056 3.195994924860697e-08
11850.056 4.843233853380873e-08
11900.056 5.88566444693355e-08
11950.056 8.025055658780558e-08
12000.056 1.0000188301699996e-07
12050.056 1.2407553025901123e-07
12100.056 1.4890989886599323e-07
12150.056 1.784936810879936e-07
12200.056 2.045319805969909e-07
12250.056 2.353920526009893e-07
12300.056 2.708863261880092e-07
12350.056 2.8260549127000056e-07
12400.056 3.0656170982999326e-07
12450.056 3.0873961001000686e-07
12500.056 3.220301385000029e-07
12550.056 3.5008904035001e-07
12600.056 4.1711089113000744e-07
12650.056 4.1946111213000064e-07
12700.056 4.223032557200167e-07
12750.056 3.967123544760093e-07
12800.056 3.850521008780017e-07
12850.056 3.226905491590091e-07
12900.056 2.85488877704012e-07
12950.056 2.695546095978992e-07
13000.056 2.6487028812499845e-07
13050.056 2.3130167243642583e-07
13100.056 2.1925726281517015e-07
13150.056 1.771305124044625e-07
13200.056 1.580140047401601e-07
13250.056 1.1731657872986483e-07
13300.056 6.046354119231373e-08
13350.056 1.9972160495201133e-08
13400.056 9.907722401668227e-09
13450.056 5.448644826361888e-09
13500.056 3.2426304762613703e-09
13550.056 2.1173637668084306e-09
13600.056 1.22201883593374e-09
13650.056 3.38574230333756e-09
13700.056 2.4288401582804193e-09
13750.056 3.4934377001049266e-09
13800.056 4.193659397393965e-09
13850.056 2.931099846145776e-09
13900.056 3.069628452273088e-09
13950.056 2.9351593087604736e-09
14000.056 2.9024494364400165e-09
14050.056 3.7213548156311308e-09
14100.056 3.0700467951585834e-09
14150.056 4.5731402904891814e-09
14200.056 3.454987678833881e-09
14250.056 3.700735637023221e-09
14300.056 6.845994793182327e-09
14350.056 6.739924104854938e-09
14400.056 7.205076834829205e-09
14450.056 8.8931679777959e-09
14500.056 1.5601012250114306e-08
14550.056 1.6766239456855564e-08
14600.056 2.344846743512138e-08
14650.056 2.187841460410037e-08
14700.056 1.620020612720906e-08
14750.056 1.935190669951254e-08
14800.056 2.5438684632034894e-08
14850.056 2.7298702849328002e-08
14900.056 2.8342076732842018e-08
14950.056 3.262012461396257e-08
15000.056 4.0982359898498e-08
15050.056 4.624627890014349e-08
15100.056 4.879608294293591e-08
15150.056 5.2677590784136534e-08
15200.056 5.8157616703531266e-08
15250.056 7.90202868943226e-08
15300.056 8.96864556425876e-08
15350.056 1.0652925665989636e-07
15400.056 1.2231139443201837e-07
15450.056 1.3808355921821228e-07
15500.056 1.4862664010998722e-07
15550.056 1.7286819455400518e-07
15600.056 1.894285282559993e-07
15650.056 2.0318970327300718e-07
15700.056 2.30181866086016e-07
15750.056 2.421844366699968e-07
15800.056 2.449496044100064e-07
15850.056 2.5640122700000217e-07
15900.056 2.4059654557000424e-07
15950.056 2.2551562472998756e-07
16000.056 1.9071742345900474e-07
16050.056 1.4036425878699476e-07
16100.056 1.054681964799931e-07
16150.056 7.398140059709789e-08
16200.056 5.0514764442125864e-08
16250.056 4.352090001820552e-08
16300.056 3.5685232509339314e-08
16350.056 4.0528329614260484e-08
16400.056 4.7550077039554354e-08
16450.056 5.0614393352043604e-08
16500.056 5.5168842281470264e-08
16550.056 5.340205625239978e-08
16600.056 5.6610778367898826e-08
16650.056 4.084088327390417e-08
16700.056 1.5167523490352698e-08
16750.056 2.5360597110242058e-08
16800.056 3.940055964473486e-08
16850.056 4.1591487543920174e-08
16900.056 3.388591334137166e-08
16950.056 2.758482261763839e-08
17000.056 2.111034576420985e-08
17050.056 3.1908517894976884e-08
17100.056 3.980116436736099e-08
17150.056 3.1319294862322466e-08
17200.056 4.814777130993442e-08
17250.056 3.963777768668612e-08
17300.056 3.196754545218936e-08
17350.056 2.936359238861174e-08
17400.056 3.343339780877024e-08
17450.056 3.6366392988424235e-08
17500.056 4.103618224470799e-08
17550.056 3.64943968991401e-08
17600.056 3.208577052696546e-08
17650.056 3.0786147075326685e-08
17700.056 2.3935421850351044e-08
17750.056 2.1222656282113535e-08
17800.056 2.918275165425202e-08
17850.056 1.9136417728572313e-08
17900.056 1.880273828902983e-08
17950.056 1.4688102159595665e-08
18000.056 1.799050033266129e-08
18050.056 1.4729209855859351e-08
18100.056 1.6284504353949132e-08
18150.056 1.952746083694822e-08
18200.056 1.2236672303652145e-08
18250.056 2.7078528129753466e-08
18300.056 1.4678008766848676e-08
18350.056 1.2759042869311789e-08
18400.056 1.1572115807375609e-08
18450.056 1.7125870757124333e-08
18500.056 1.7643226213901902e-08
18550.056 1.3314904750587165e-08
18600.056 1.1853421279221492e-08
18650.056 1.0659910277642999e-08
18700.056 8.712693093822952e-09
18750.056 1.3148738889076275e-08
18800.056 2.570301978850421e-08
18850.056 2.795929249379538e-08
18900.056 2.51164379098377e-08
18950.056 4.071849583657433e-08
19000.056 2.4553803883773163e-08
19050.056 1.7781365360592688e-08
19100.056 3.0301866518450615e-08
19150.056 1.9885505078441277e-08
19200.056 2.654951762089667e-08
19250.056 1.877043050299436e-08
19300.056 1.6325252597177865e-08
19350.056 1.4469146455464166e-08
19400.056 1.0612272255193396e-08
19450.056 1.8350138494811124e-08
19500.056 1.796035183233519e-08
19550.056 1.4393438549061e-08
19600.056 1.9456459981300236e-08
19650.056 2.2449784564513618e-08
19700.056 2.250076055609366e-08
19750.056 2.7323406175271495e-08
19800.056 2.6542791770124365e-08
19850.056 3.49687016225338e-08
19900.056 2.985036448412824e-08
19950.056 4.462165058710564e-08
20000.056 4.29826708900225e-08
20050.056 4.6603918705135015e-08
20100.056 5.658531003785598e-08
20150.056 5.0532336886110104e-08
20200.056 5.3997249112982205e-08
20250.056 6.700873369600835e-08
20300.056 6.837622171196191e-08
20350.056 7.592365542137199e-08
20400.056 7.406586395731371e-08
20450.056 9.063054348179959e-08
20500.056 9.897518290377146e-08
20550.056 9.986731429301176e-08
20600.056 1.1093332143001649e-07
20650.056 1.1504642870800285e-07
20700.056 1.1877939610361053e-07
20750.056 1.2325802253299236e-07
20800.056 1.26386411288986e-07
20850.056 1.2640164157599904e-07
20900.056 1.313944989809821e-07
20950.056 1.274947237490049e-07
21000.056 1.2497378650300804e-07
21050.056 1.239185102979934e-07
21100.056 1.192636752050038e-07
21150.056 1.1957689692598198e-07
21200.056 1.1238776580100542e-07
21250.056 1.0749669047188359e-07
21300.056 9.60383105275953e-08
21350.056 9.480914027509529e-08
21400.056 9.06711785232173e-08
21450.056 8.317724352869918e-08
21500.056 7.716385901709983e-08
21550.056 7.133498710730223e-08
21600.056 6.42896011663174e-08
21650.056 5.5975357326108136e-08
21700.056 5.5831276609401574e-08
21750.056 4.8760792466305146e-08
21800.056 4.1213029501067765e-08
21850.056 3.687997234633535e-08
21900.056 2.8423979183191303e-08
21950.056 1.8098133855569935e-08
22000.056 7.542383611443988e-09
22050.056 6.3661345175785165e-09
22100.056 1.203014885839071e-08
22150.056 1.3816744146966404e-08
22200.056 1.5322235116490362e-08
22250.056 1.3468029259516892e-08
22300.056 1.0194265093935256e-08
22350.056 1.0531025651349261e-08
22400.056 7.182598785682238e-09
22450.056 7.022528452131619e-09
22500.056 6.697067506127294e-09
22550.056 5.374448561625594e-09
22600.056 5.373943486210884e-09
22650.056 6.399199466660985e-09
22700.056 5.37093069490422e-09
22750.056 5.612610696325965e-09
22800.056 5.566672242809913e-09
22850.056 4.771253682010106e-09
22900.056 4.282408118355124e-09
22950.056 3.981048125667496e-09
23000.056 5.045007217401994e-09
23050.056 6.3988241881534395e-09
23100.056 1.2896503201692587e-08
23150.056 1.2635336839967746e-08
23200.056 2.691045595746675e-09
23250.056 4.4707440096955645e-09
23300.056 3.9721743938839565e-09
23350.056 4.1959326701852435e-09
23400.056 4.333832506589117e-09
23450.056 3.898509338576262e-09
23500.056 4.318003457210156e-09
23550.056 5.666920383834567e-09
23600.056 6.967479209004233e-09
23650.056 9.105785717243798e-09
23700.056 4.479212563045028e-09
23750.056 3.9876870057038034e-09
23800.056 5.853804809663261e-09
23850.056 5.997279070010805e-09
23900.056 9.548442523322784e-09
23950.056 8.995765472421439e-09
24000.056 1.1453275472025632e-08
24050.056 1.2941228659151164e-08
24100.056 1.2055972881604848e-08
24150.056 1.4747974059822386e-08
24200.056 1.3637464075454372e-08
24250.056 1.1921717331123796e-08
24300.056 1.5505999173498847e-08
24350.056 1.3148873413884558e-08
24400.056 1.8601239578112387e-08
24450.056 1.7799387454755066e-08
24500.056 1.7727327607394984e-08
24550.056 2.1795410922406468e-08
24600.056 2.2029096057196934e-08
24650.056 2.806930436934717e-08
24700.056 1.946473921170231e-08
24750.056 2.1846440596045528e-08
24800.056 2.1497873782199872e-08
24850.056 3.070533530831935e-08
24900.056 1.6592665497556197e-08
24950.056 2.933050165995243e-08
25000.056 2.5693743930385647e-08
25050.056 1.7461061092269856e-08
25100.056 2.513868434224483e-08
25150.056 1.6418349060631863e-08
25200.056 2.1407651210108733e-08
25250.056 1.2978457505907036e-08
25300.056 1.8922559303319582e-08
25350.056 1.1024267783653243e-08
25400.056 2.058488086499043e-08
25450.056 1.0796360208550823e-08
25500.056 1.0901723750515885e-08
25550.056 1.336529822646604e-08
25600.056 1.1453666877169763e-08
25650.056 7.455389007499475e-09
25700.056 1.3798251373643712e-08
25750.056 5.9476576174276936e-09
25800.056 1.5696521382417887e-08
25850.056 6.631329425011074e-09
25900.056 9.596416524327689e-09
25950.056 4.932615483324281e-09
26000.056 1.586483065189725e-08
26050.056 7.626191545538412e-09
26100.056 1.536146508823524e-08
26150.056 1.1066177156312052e-08
26200.056 1.229399110375206e-08
26250.056 2.415752290310482e-08
26300.056 1.3866412632940473e-08
26350.056 2.8939467274431457e-08
26400.056 2.8411859625671873e-08
26450.056 2.7719906691072807e-08
26500.056 3.3500255532075446e-08
26550.056 1.5574689620057796e-08
26600.056 2.1614483484922004e-08
26650.056 8.798945904527035e-09
26700.056 7.884525585926794e-09
26750.056 5.717097209645328e-09
26800.056 9.946493041056155e-09
26850.056 5.781135580038028e-09
26900.056 1.4401654927285052e-08
26950.056 7.235261172533979e-09
27000.056 1.9583038431512696e-08
27050.056 1.6395735588806207e-08
27100.056 1.0094857922486609e-08
27150.056 2.2934965088363372e-08
27200.056 1.0706193089971893e-08
27250.056 1.521626008567295e-08
27300.056 3.7731091651802733e-08
27350.056 2.5084894191832847e-08
27400.056 6.257478326469831e-09
27450.056 3.01735274676336e-08
27500.056 3.1197888521505755e-08
27550.056 1.1994444351561581e-08
27600.056 2.279427279233645e-08
27650.056 1.0679925587853637e-08
27700.056 8.602742389808483e-09
27750.056 2.4964861295980434e-08
27800.056 1.0976608890610842e-08
27850.056 1.384453077526174e-08
27900.056 1.489841186943835e-08
27950.056 2.714025851822019e-08
28000.056 2.106736133291653e-08
28050.056 7.134492400173151e-09
28100.056 2.573231503842935e-08
28150.056 1.6933233259880685e-08
28200.056 8.706629674415915e-09
28250.056 2.7557787694656702e-08
28300.056 3.128924192118064e-08
28350.056 1.1220897545270909e-08
28400.056 2.153427028567621e-08
28450.056 3.0126784628021746e-08
28500.056 2.2202378299482207e-08
28550.056 8.679009331921413e-09
28600.056 3.280921794214437e-08
28650.056 2.6093526245131785e-08
28700.056 2.5175552701775164e-08
28750.056 3.6712993959046987e-08
28800.056 2.7857347919185302e-08
