galfind/configs/Brown_Dwarf_templates/sonora_bobcat/m0.0/562g/sp_t700g562nc_m0.0_resample.dat
# %ECSV 1.0
# ---
# datatype:
# - {name: wav, unit: Angstrom, datatype: float64}
# - {name: flux_nu, unit: erg / (cm2 Hz s), datatype: float64}
# meta: {C/O: '1.00', Kzz: '1.0000E+05', Teff: '700.', Y: '0.28', '[Fe/H]': '0.00', f_hole: '1.00', f_rain: '0.00', grav: '562.'}
# schema: astropy-2.0
wav flux_nu
4000.0559999999996 nan
4050.0559999999996 3.622329791794079e-15
4100.056 5.889104897730088e-13
4150.056 4.595456114600083e-12
4200.056 4.188370181275831e-12
4250.056 2.1091419298000214e-11
4300.056 3.667937701100085e-11
4350.056 4.912528053900031e-11
4400.056 6.604132064400048e-11
4450.056 8.73763620280009e-11
4500.056 9.675784406700126e-11
4550.056 9.463440157399868e-11
4600.056 3.322909672499986e-11
4650.056 1.982822820199988e-11
4700.056 9.988663808399914e-12
4750.056 2.8014731373999624e-12
4800.056 6.345386935199918e-13
4850.056 1.6631951232699815e-13
4900.056 7.175555541899953e-14
4950.056 3.724028225899975e-14
5000.056 1.695592960699985e-14
5050.056 8.94052580919998e-15
5100.056 8.254574928100026e-15
5150.056 8.242349700200015e-15
5200.056 8.346154804800006e-15
5250.056 8.454127787100002e-15
5300.056 8.679932535500003e-15
5350.056 9.074299416500006e-15
5400.056 9.567883898300009e-15
5450.056 1.0178877169000023e-14
5500.056 1.0864458469000022e-14
5550.056 1.1579080396000011e-14
5600.056 1.2231208307000008e-14
5650.056 1.2716920091999997e-14
5700.056 1.2836705964e-14
5750.056 1.2487385593999993e-14
5800.056 1.114220216999997e-14
5850.056 7.878231031899915e-15
5900.056 2.643632982722501e-15
5950.056 1.5407009090200302e-14
6000.056 3.185208293500006e-14
6050.056 5.520755117500058e-14
6100.056 8.827883002700069e-14
6150.056 1.3511779561000083e-13
6200.056 2.012420630800011e-13
6250.056 2.9212876664000133e-13
6300.056 4.241602457900016e-13
6350.056 6.12404542290003e-13
6400.056 8.812335084700054e-13
6450.056 1.226804602899997e-12
6500.056 1.7553709459000078e-12
6550.056 2.520114167499992e-12
6600.056 3.6046414419000555e-12
6650.056 5.132342949800034e-12
6700.056 6.645997382700061e-12
6750.056 9.679199437900045e-12
6800.056 1.2155946759000062e-11
6850.056 1.3286152610000002e-11
6900.056 1.1889697617600068e-11
6950.056 9.967099952299963e-12
7000.056 9.9218246095e-12
7050.056 1.0530685367599934e-11
7100.056 1.1450488908699952e-11
7150.056 1.1067808327199833e-11
7200.056 1.0498231935400013e-11
7250.056 1.0434896834899638e-11
7300.056 9.827944143900364e-12
7350.056 9.707272481699893e-12
7400.056 9.566213549300208e-12
7450.056 9.521546223400224e-12
7500.056 9.27724689829998e-12
7550.056 8.754662017099982e-12
7600.056 7.944278112399969e-12
7650.056 3.017992248711895e-12
7700.056 2.4241154642240865e-12
7750.056 8.318389024900108e-12
7800.056 1.2319642826180046e-11
7850.056 1.9050129726000066e-11
7900.056 2.6105419322999934e-11
7950.056 3.0526085053600204e-11
8000.056 4.722137002100039e-11
8050.056 6.256614119400065e-11
8100.056 7.449056917799882e-11
8150.056 9.020447787590043e-11
8200.056 1.2896714197100464e-10
8250.056 1.597499448177999e-10
8300.056 2.0473397090000948e-10
8350.056 2.540499323409946e-10
8400.056 3.19135651089997e-10
8450.056 4.1071574472999835e-10
8500.056 4.693990902819839e-10
8550.056 6.177367242800154e-10
8600.056 7.81961111980007e-10
8650.056 9.45827819430009e-10
8700.056 1.120008116200009e-09
8750.056 1.3338022452000094e-09
8800.056 1.5548041580000131e-09
8850.056 1.7099470390999945e-09
8900.056 1.4422155855499472e-09
8950.056 1.3843667093420106e-09
9000.056 1.665899305699859e-09
9050.056 2.6704221309680174e-09
9100.056 3.083138926237104e-09
9150.056 3.4315639708001498e-09
9200.056 4.2010851884778726e-09
9250.056 4.221725443164819e-09
9300.056 1.5335218592186197e-09
9350.056 2.0771730129884064e-09
9400.056 3.7840261964084565e-09
9450.056 3.924080991727511e-09
9500.056 3.739934868197793e-09
9550.056 4.1434324952371395e-09
9600.056 4.374701459676361e-09
9650.056 5.494843590818434e-09
9700.056 7.862594774993176e-09
9750.056 8.414305706626415e-09
9800.056 9.791387879705437e-09
9850.056 1.1429185224639861e-08
9900.056 1.3988330656300078e-08
9950.056 1.527236015400021e-08
10000.056 1.4604109593879738e-08
10050.056 1.9687703954000148e-08
10100.056 2.260111452000001e-08
10150.056 2.4822934290999852e-08
10200.056 2.6919880208000673e-08
10250.056 3.057711725140056e-08
10300.056 3.548299799199859e-08
10350.056 3.766878910100087e-08
10400.056 4.345316662500015e-08
10450.056 4.790802991899761e-08
10500.056 5.214096713499943e-08
10550.056 5.6714541654000244e-08
10600.056 5.973843410799963e-08
10650.056 6.269341558200088e-08
10700.056 6.376787893900077e-08
10750.056 6.589065770100073e-08
10800.056 6.638510274000071e-08
10850.056 6.441402865700024e-08
10900.056 5.355817040299907e-08
10950.056 3.320638270080036e-08
11000.056 2.363637471068678e-08
11050.056 1.523054874181776e-08
11100.056 9.920116709065495e-09
11150.056 5.86076492675382e-09
11200.056 5.911785394610554e-09
11250.056 7.783208898030825e-09
11300.056 8.597823549358804e-09
11350.056 3.6965307378694994e-09
11400.056 9.842231881893476e-09
11450.056 6.914903807450885e-09
11500.056 6.720439462769327e-09
11550.056 3.066815925364055e-09
11600.056 2.8289039880448095e-09
11650.056 5.234830156973876e-09
11700.056 5.886799121798826e-09
11750.056 2.6652285867042958e-09
11800.056 8.175614776597462e-09
11850.056 1.2703768873279528e-08
11900.056 1.5822225457778953e-08
11950.056 2.2553083000512214e-08
12000.056 2.9963662344100664e-08
12050.056 3.9310044277802494e-08
12100.056 4.923224811689673e-08
12150.056 6.163344734399723e-08
12200.056 7.197461122199812e-08
12250.056 8.652031957099518e-08
12300.056 1.0438237198100388e-07
12350.056 1.103530220369993e-07
12400.056 1.295353152039971e-07
12450.056 1.4292023160200302e-07
12500.056 1.5245769157800503e-07
12550.056 1.678951619300007e-07
12600.056 1.8604661925000322e-07
12650.056 1.8627522486999944e-07
12700.056 1.8469951672700486e-07
12750.056 1.666758471860041e-07
12800.056 1.5464912055600006e-07
12850.056 1.2211064299740303e-07
12900.056 1.0360061555650574e-07
12950.056 9.339572244470132e-08
13000.056 9.347870943760437e-08
13050.056 7.622748745915089e-08
13100.056 7.332004922358246e-08
13150.056 5.599769830314728e-08
13200.056 5.111306438031594e-08
13250.056 3.73075453493728e-08
13300.056 1.739949736443287e-08
13350.056 5.461421495980135e-09
13400.056 2.219771362673932e-09
13450.056 1.0449393315791532e-09
13500.056 5.410460560389461e-10
13550.056 3.000789300583351e-10
13600.056 1.4716980206284272e-10
13650.056 5.217192153960336e-10
13700.056 3.450754808608799e-10
13750.056 6.15446032049109e-10
13800.056 7.109601949069861e-10
13850.056 4.283853826726941e-10
13900.056 4.796985375341516e-10
13950.056 4.651242625002322e-10
14000.056 4.864603895403125e-10
14050.056 6.774394982136064e-10
14100.056 5.571207161464372e-10
14150.056 8.939147732446987e-10
14200.056 6.423128939275766e-10
14250.056 7.338601882772978e-10
14300.056 1.608614313222931e-09
14350.056 1.5127431038965985e-09
14400.056 1.589950473362696e-09
14450.056 2.2136576483553375e-09
14500.056 4.190726775776837e-09
14550.056 4.434450715874694e-09
14600.056 6.5583292746997105e-09
14650.056 5.379842829811802e-09
14700.056 3.408677670015271e-09
14750.056 3.6568704200437647e-09
14800.056 5.11551222416784e-09
14850.056 5.501947709032217e-09
14900.056 5.794082826988302e-09
14950.056 6.388412053015771e-09
15000.056 9.88555406244662e-09
15050.056 1.0272687957521664e-08
15100.056 9.755507456785178e-09
15150.056 9.457212944852267e-09
15200.056 1.2425957447074863e-08
15250.056 1.9737509225380535e-08
15300.056 2.3325770092197494e-08
15350.056 2.8783714717348355e-08
15400.056 3.455841374946626e-08
15450.056 4.084386794539622e-08
15500.056 4.591611432294387e-08
15550.056 5.708166537070629e-08
15600.056 6.741180384999788e-08
15650.056 7.751387342900312e-08
15700.056 9.236445305700349e-08
15750.056 9.969432313799985e-08
15800.056 1.0409160845700062e-07
15850.056 1.1057270281200235e-07
15900.056 1.0368041627900112e-07
15950.056 9.684721355599583e-08
16000.056 7.955764817100244e-08
16050.056 5.502633276999756e-08
16100.056 3.87126945192976e-08
16150.056 2.496737505450883e-08
16200.056 1.5491554690936515e-08
16250.056 1.2405001791369252e-08
16300.056 9.520415752592145e-09
16350.056 1.11798840536955e-08
16400.056 1.3260035124450321e-08
16450.056 1.3767811121638218e-08
16500.056 1.4659566961890196e-08
16550.056 1.4280831753877102e-08
16600.056 1.6659460274081857e-08
16650.056 1.1646666982510832e-08
16700.056 3.3150152434068884e-09
16750.056 7.117916215691494e-09
16800.056 1.1247606331534333e-08
16850.056 1.187321787878178e-08
16900.056 8.705038576823403e-09
16950.056 6.675686091836007e-09
17000.056 4.7199877885212565e-09
17050.056 7.724007151067932e-09
17100.056 1.0362341370564187e-08
17150.056 7.6060889494497e-09
17200.056 1.4035915162741567e-08
17250.056 1.0456451107697405e-08
17300.056 8.10571966052833e-09
17350.056 7.742380606187622e-09
17400.056 9.5319555567461e-09
17450.056 1.0918026135965762e-08
17500.056 1.2646276844178011e-08
17550.056 1.0945736457207477e-08
17600.056 9.359376223049737e-09
17650.056 8.637921705754276e-09
17700.056 6.829366195738464e-09
17750.056 5.919236421399059e-09
17800.056 8.844993134760098e-09
17850.056 5.423755996545719e-09
17900.056 4.992413898441205e-09
17950.056 3.738265055984602e-09
18000.056 5.030537003233929e-09
18050.056 3.6797909744515413e-09
18100.056 4.257567536505501e-09
18150.056 4.716547077631731e-09
18200.056 2.985273517901571e-09
18250.056 7.49820766460211e-09
18300.056 3.195819472634592e-09
18350.056 2.764509954307078e-09
18400.056 2.336640951712752e-09
18450.056 4.665302081197685e-09
18500.056 4.602123330569282e-09
18550.056 3.241015019750266e-09
18600.056 3.1244754328158217e-09
18650.056 2.5212988889370222e-09
18700.056 1.6290624536208838e-09
18750.056 2.8509548788909913e-09
18800.056 7.076165998822462e-09
18850.056 7.265481370455355e-09
18900.056 6.376051212819738e-09
18950.056 1.0760119709656844e-08
19000.056 5.2417967181938976e-09
19050.056 3.3008726419153944e-09
19100.056 6.0869054545832835e-09
19150.056 3.446696804926769e-09
19200.056 4.803705447717038e-09
19250.056 3.2577778741160897e-09
19300.056 2.6413595504264934e-09
19350.056 2.3529274117187e-09
19400.056 1.8494861345346367e-09
19450.056 3.1407024546791416e-09
19500.056 2.846986186455549e-09
19550.056 2.759766032787035e-09
19600.056 4.069036041773349e-09
19650.056 4.206514903266172e-09
19700.056 4.420400290296369e-09
19750.056 6.158599593751153e-09
19800.056 5.302344362519564e-09
19850.056 7.0834291491242845e-09
19900.056 6.972678955645879e-09
19950.056 1.0092968084907856e-08
20000.056 1.080764919432778e-08
20050.056 1.0706725378388166e-08
20100.056 1.4866684941072997e-08
20150.056 1.0968577925964402e-08
20200.056 1.0491093883364512e-08
20250.056 1.513364908926717e-08
20300.056 1.6263917689325576e-08
20350.056 1.720566679028649e-08
20400.056 1.654798366012913e-08
20450.056 2.2894395765553662e-08
20500.056 2.5488461629143195e-08
20550.056 2.6605865847203317e-08
20600.056 2.901177375560496e-08
20650.056 3.2109311173599776e-08
20700.056 3.3940746589102426e-08
20750.056 3.587046347929765e-08
20800.056 3.6498509971194544e-08
20850.056 3.8216016991000545e-08
20900.056 3.976937894799546e-08
20950.056 3.875580789000205e-08
21000.056 3.806234197000199e-08
21050.056 3.837281270899778e-08
21100.056 3.7006932357001114e-08
21150.056 3.6985053995995216e-08
21200.056 3.4941853555102095e-08
21250.056 3.317733219749519e-08
21300.056 2.959319024409916e-08
21350.056 2.90091281790081e-08
21400.056 2.803331820030458e-08
21450.056 2.488595577719377e-08
21500.056 2.2898154498432058e-08
21550.056 2.089648296554617e-08
21600.056 1.8695228849687495e-08
21650.056 1.5475559999457397e-08
21700.056 1.533982469821997e-08
21750.056 1.3318100788098932e-08
21800.056 1.0747060209454669e-08
21850.056 9.703189416603049e-09
21900.056 7.352426610893357e-09
21950.056 4.260689999738828e-09
22000.056 1.466836111908177e-09
22050.056 1.393259621725146e-09
22100.056 3.3644370735384628e-09
22150.056 3.3914556042003785e-09
22200.056 3.7352269244719006e-09
22250.056 3.1955203649994193e-09
22300.056 2.177156752080866e-09
22350.056 2.425800206743863e-09
22400.056 1.3780283366717913e-09
22450.056 1.5522932180160814e-09
22500.056 1.387859444968151e-09
22550.056 1.0501229676936026e-09
22600.056 9.831609003530283e-10
22650.056 1.3448798950121358e-09
22700.056 1.1050943638629086e-09
22750.056 1.1962649812591821e-09
22800.056 1.2415031079655897e-09
22850.056 1.0110936290082594e-09
22900.056 8.666054045131348e-10
22950.056 8.081859087307355e-10
23000.056 1.0234002558984747e-09
23050.056 1.313540740569517e-09
23100.056 3.4315327173121946e-09
23150.056 3.1057526725885464e-09
23200.056 4.2480464662980816e-10
23250.056 9.545019615886045e-10
23300.056 8.418620275503653e-10
23350.056 9.71615809869377e-10
23400.056 9.310322464140618e-10
23450.056 7.748173180518953e-10
23500.056 8.707125198032835e-10
23550.056 1.2634063708710572e-09
23600.056 1.725274241486324e-09
23650.056 2.3304945520083036e-09
23700.056 8.660697239130612e-10
23750.056 7.972051020926774e-10
23800.056 1.6489854632896824e-09
23850.056 1.4888061432824213e-09
23900.056 2.6377000152061986e-09
23950.056 2.14702111068609e-09
24000.056 3.1708755081860555e-09
24050.056 3.536543973484048e-09
24100.056 3.3872639820088843e-09
24150.056 4.440846067264884e-09
24200.056 3.7237135085625717e-09
24250.056 3.2547829491816925e-09
24300.056 4.709747757288173e-09
24350.056 3.908402916614827e-09
24400.056 6.157291402001388e-09
24450.056 6.062180410037478e-09
24500.056 5.820486124746585e-09
24550.056 7.667398044865401e-09
24600.056 7.79891125828547e-09
24650.056 1.0347944205489268e-08
24700.056 6.771961936772057e-09
24750.056 7.875188410804803e-09
24800.056 7.451293734582457e-09
24850.056 1.1441065684569418e-08
24900.056 5.455755573916569e-09
24950.056 1.0526465127181198e-08
25000.056 9.225847481186543e-09
25050.056 5.92473986849946e-09
25100.056 9.039412448824069e-09
25150.056 5.288147158624943e-09
25200.056 7.225527080211056e-09
25250.056 3.712428170076298e-09
25300.056 5.654738365375718e-09
25350.056 2.9403944947122945e-09
25400.056 6.3105483615746856e-09
25450.056 2.773489351122534e-09
25500.056 2.669729645469551e-09
25550.056 3.883075388654791e-09
25600.056 2.9444346669308885e-09
25650.056 1.6776367668435887e-09
25700.056 3.1200480099079148e-09
25750.056 1.1069528400719771e-09
25800.056 3.920690193235395e-09
25850.056 1.2428290905552154e-09
25900.056 1.86871447701939e-09
25950.056 7.466792115760261e-10
26000.056 3.832292234150173e-09
26050.056 1.2126031461048602e-09
26100.056 3.440798842213148e-09
26150.056 2.1527349147422496e-09
26200.056 2.442720498554969e-09
26250.056 7.0413315303126024e-09
26300.056 3.073382015930301e-09
26350.056 8.848603969581837e-09
26400.056 9.006967385598898e-09
26450.056 8.207348414647427e-09
26500.056 1.144593827630661e-08
26550.056 3.6713822715609756e-09
26600.056 5.017155261838928e-09
26650.056 1.4710221336038114e-09
26700.056 1.1835994111934977e-09
26750.056 9.334737953223927e-10
26800.056 1.9662015091225247e-09
26850.056 1.0754480577275164e-09
26900.056 3.5460740882267867e-09
26950.056 1.529789878117653e-09
27000.056 5.4993716679421574e-09
27050.056 4.926133095443659e-09
27100.056 1.9948426308521644e-09
27150.056 7.025528286569053e-09
27200.056 2.064001292817061e-09
27250.056 3.776996698204773e-09
27300.056 1.2560035304773798e-08
27350.056 6.961562277599752e-09
27400.056 9.799657333514694e-10
27450.056 8.174435637718411e-09
27500.056 9.014301712961623e-09
27550.056 2.5078145614799823e-09
27600.056 5.474520366157586e-09
27650.056 2.131720941000085e-09
27700.056 1.6776312596854742e-09
27750.056 6.51534413520895e-09
27800.056 2.4272268739367974e-09
27850.056 3.319802549931481e-09
27900.056 3.4956983514794e-09
27950.056 7.2527114963834385e-09
28000.056 5.698589394800726e-09
28050.056 1.3464832008114142e-09
28100.056 6.315234943351107e-09
28150.056 4.3546217989433555e-09
28200.056 1.8414178304772047e-09
28250.056 7.58205488962248e-09
28300.056 7.9257552397068e-09
28350.056 2.3939091152931424e-09
28400.056 5.7633061000653754e-09
28450.056 8.537990418952305e-09
28500.056 5.994789631078014e-09
28550.056 1.8486849812527581e-09
28600.056 9.378482891078283e-09
28650.056 6.910919740799213e-09
28700.056 7.480699665561081e-09
28750.056 1.1175888167835761e-08
28800.056 7.3028161715332685e-09
28850.056 1.0208952094760698e-08
28900.056 5.345860537888503e-09
