galfind/configs/Brown_Dwarf_templates/sonora_bobcat/m0.0/562g/sp_t425g562nc_m0.0_resample.dat
# %ECSV 1.0
# ---
# datatype:
# - {name: wav, unit: Angstrom, datatype: float64}
# - {name: flux_nu, unit: erg / (cm2 Hz s), datatype: float64}
# meta: {C/O: '1.00', Kzz: '1.0000E+05', Teff: '425.', Y: '0.28', '[Fe/H]': '0.00', f_hole: '1.00', f_rain: '0.00', grav: '562.'}
# schema: astropy-2.0
wav flux_nu
4000.0559999999996 nan
4050.0559999999996 1.1030187345827338e-17
4100.056 9.227292615260173e-16
4150.056 7.842274862700082e-15
4200.056 8.555295803269047e-15
4250.056 7.137180360600063e-14
4300.056 1.6853449635000078e-13
4350.056 3.1471591475000125e-13
4400.056 5.33208890260002e-13
4450.056 8.501861577200029e-13
4500.056 1.2891587375000043e-12
4550.056 1.3548799608299932e-12
4600.056 3.642705586799985e-13
4650.056 2.0264616704999885e-13
4700.056 9.731959295799929e-14
4750.056 4.054083527199972e-14
4800.056 2.0400917125999886e-14
4850.056 1.0330922944899933e-14
4900.056 6.107049231099974e-15
4950.056 4.022724100399984e-15
5000.056 2.433020966799987e-15
5050.056 1.656349390000001e-15
5100.056 1.7140338927000069e-15
5150.056 1.8817344010000014e-15
5200.056 2.0714497760000033e-15
5250.056 2.250394409000002e-15
5300.056 2.4528451877000028e-15
5350.056 2.694956172600003e-15
5400.056 2.9507572913000037e-15
5450.056 3.2666036875000087e-15
5500.056 3.630555010700006e-15
5550.056 4.021325261600004e-15
5600.056 4.387615844900004e-15
5650.056 4.669623403200001e-15
5700.056 4.7238870713000026e-15
5750.056 4.610123079499997e-15
5800.056 4.130807495599989e-15
5850.056 2.8942261873999677e-15
5900.056 8.963784567695413e-16
5950.056 5.674607069300108e-15
6000.056 1.2028070968200052e-14
6050.056 2.1734000170000174e-14
6100.056 3.519243382500025e-14
6150.056 5.31343667670003e-14
6200.056 7.739063905200039e-14
6250.056 1.0853719341400038e-13
6300.056 1.531245881700005e-13
6350.056 2.1297554847000066e-13
6400.056 2.921234256300013e-13
6450.056 3.675730564299988e-13
6500.056 4.944829150100045e-13
6550.056 6.81272227259994e-13
6600.056 9.375079013800134e-13
6650.056 1.307207782150009e-12
6700.056 1.6888155832000094e-12
6750.056 2.3285638657000097e-12
6800.056 2.7615031083000095e-12
6850.056 2.7958235839999962e-12
6900.056 2.250396130600001e-12
6950.056 1.7171614756000054e-12
7000.056 1.826648467579978e-12
7050.056 1.8980598038199948e-12
7100.056 2.10830629689999e-12
7150.056 1.7750770188699598e-12
7200.056 1.5018148507979742e-12
7250.056 1.6522236963499328e-12
7300.056 1.673804306971092e-12
7350.056 1.999308913279994e-12
7400.056 2.330457733720042e-12
7450.056 2.7878409729000608e-12
7500.056 3.1590926871000056e-12
7550.056 3.4114923087000043e-12
7600.056 3.4910204178999966e-12
7650.056 1.6954823383059565e-12
7700.056 1.557332948920038e-12
7750.056 3.967137506900043e-12
7800.056 5.20301791780002e-12
7850.056 6.825208773399968e-12
7900.056 8.396350511599996e-12
7950.056 9.465760465900031e-12
8000.056 1.2300136605700073e-11
8050.056 1.4644354458000112e-11
8100.056 1.302616621409965e-11
8150.056 1.1389651901200404e-11
8200.056 1.9214388639840525e-11
8250.056 2.109040152586775e-11
8300.056 2.5169143025429957e-11
8350.056 2.9903080193699736e-11
8400.056 3.771513344060024e-11
8450.056 5.1487341506e-11
8500.056 6.212187167599954e-11
8550.056 7.894220160600132e-11
8600.056 9.758690833700065e-11
8650.056 1.1481098835000074e-10
8700.056 1.281611598100009e-10
8750.056 1.464983803800009e-10
8800.056 1.6029830159000012e-10
8850.056 1.5532483103999743e-10
8900.056 6.894647388399632e-11
8950.056 5.541895575325167e-11
9000.056 5.666874784784506e-11
9050.056 1.5433693434524113e-10
9100.056 1.7635482298288363e-10
9150.056 2.0507222626440366e-10
9200.056 2.944698447466147e-10
9250.056 2.5787782315389073e-10
9300.056 1.456276689983654e-11
9350.056 2.4746037466518493e-11
9400.056 1.1329271644660287e-10
9450.056 8.488048359138216e-11
9500.056 7.215595135140253e-11
9550.056 7.431480182158179e-11
9600.056 9.085351903739349e-11
9650.056 1.5654033890949272e-10
9700.056 3.8228645374615493e-10
9750.056 3.6809891472098456e-10
9800.056 4.6135370791528906e-10
9850.056 5.86073428384988e-10
9900.056 8.10090613762034e-10
9950.056 9.040689633100273e-10
10000.056 8.209044229809951e-10
10050.056 1.098584878000004e-09
10100.056 1.159414809110006e-09
10150.056 9.995636196299953e-10
10200.056 7.671470389300423e-10
10250.056 9.463711690590115e-10
10300.056 1.3013201502999318e-09
10350.056 9.938202135400399e-10
10400.056 1.5232638233900327e-09
10450.056 1.92406553903984e-09
10500.056 2.3183590791199943e-09
10550.056 2.816494662500022e-09
10600.056 3.0854600701000176e-09
10650.056 3.179695726600014e-09
10700.056 3.015998548e-09
10750.056 3.0297918589999855e-09
10800.056 2.913884017340025e-09
10850.056 2.6623125352000163e-09
10900.056 2.1410436725999427e-09
10950.056 1.1757150345999916e-09
11000.056 6.361330289829229e-10
11050.056 2.781347086528645e-10
11100.056 1.1505164961367628e-10
11150.056 3.9765069048235595e-11
11200.056 2.9814126988541276e-11
11250.056 4.155444457965976e-11
11300.056 6.502048519802323e-11
11350.056 1.8531640483203025e-11
11400.056 1.1282331677503608e-10
11450.056 5.3553331503119317e-11
11500.056 5.517593926038576e-11
11550.056 1.425603854770631e-11
11600.056 7.13179760826297e-12
11650.056 3.104951451198712e-11
11700.056 4.299378635563984e-11
11750.056 1.449948529330728e-11
11800.056 7.780925011975516e-11
11850.056 1.1125414615079882e-10
11900.056 1.3150229930739552e-10
11950.056 1.9522190327001656e-10
12000.056 2.8975021441173157e-10
12050.056 4.4020846811301054e-10
12100.056 5.474610166649638e-10
12150.056 7.671805897730001e-10
12200.056 8.908551660700137e-10
12250.056 1.2777831702669491e-09
12300.056 1.9356797605100957e-09
12350.056 2.2644208396100058e-09
12400.056 3.2075765079999755e-09
12450.056 4.384147350000062e-09
12500.056 5.0875720556001474e-09
12550.056 5.895320229800041e-09
12600.056 7.28835731570022e-09
12650.056 8.630344332999961e-09
12700.056 8.977270652100019e-09
12750.056 6.90940201400011e-09
12800.056 5.070503292699855e-09
12850.056 3.0996299026199064e-09
12900.056 2.3441822893380786e-09
12950.056 1.8563192136200942e-09
13000.056 2.0713658569402323e-09
13050.056 1.348958258242311e-09
13100.056 1.3446430462988667e-09
13150.056 7.806658644813693e-10
13200.056 8.462911694824662e-10
13250.056 6.671144855337208e-10
13300.056 2.383056255168592e-10
13350.056 8.512910223450506e-11
13400.056 2.0446242484071665e-11
13450.056 4.735414965820599e-12
13500.056 1.394744411119169e-12
13550.056 2.9071580689403054e-13
13600.056 6.487666896935618e-14
13650.056 5.552315112266546e-13
13700.056 2.6008140039414857e-13
13750.056 1.3084785092896927e-12
13800.056 1.2778828280438696e-12
13850.056 3.9797672937246643e-13
13900.056 7.963174354798049e-13
13950.056 7.208668980911463e-13
14000.056 1.0888744520385589e-12
14050.056 1.6924942212890648e-12
14100.056 1.4085718900542715e-12
14150.056 3.659027055258522e-12
14200.056 2.3301920843990338e-12
14250.056 3.5190830215388204e-12
14300.056 1.37225318482323e-11
14350.056 1.0162022530015793e-11
14400.056 1.0095523312968284e-11
14450.056 2.2250412311082717e-11
14500.056 5.042356464487436e-11
14550.056 5.496025476834036e-11
14600.056 9.405901525783145e-11
14650.056 3.9581263633692236e-11
14700.056 1.700774029936057e-11
14750.056 8.313852014829825e-12
14800.056 1.0427777690731922e-11
14850.056 1.1866687958281485e-11
14900.056 1.1684570933195481e-11
14950.056 8.790656837896841e-12
15000.056 2.805835234537909e-11
15050.056 3.085342757182553e-11
15100.056 1.3892198777477228e-11
15150.056 5.80710503586661e-12
15200.056 2.234343823304338e-11
15250.056 5.010851636951687e-11
15300.056 6.86203314465286e-11
15350.056 8.816624749276756e-11
15400.056 1.1550306090038976e-10
15450.056 1.6626812639206733e-10
15500.056 2.234352103480121e-10
15550.056 4.241420818268896e-10
15600.056 7.142403913639271e-10
15650.056 1.2605340520601537e-09
15700.056 2.0909679816000555e-09
15750.056 2.7163917900200722e-09
15800.056 3.405376608899991e-09
15850.056 4.18463545860023e-09
15900.056 4.503777289600014e-09
15950.056 4.847684780999951e-09
16000.056 4.181254803100043e-09
16050.056 2.8637034089998737e-09
16100.056 1.73647302876996e-09
16150.056 9.093553285379225e-10
16200.056 4.0357375890252456e-10
16250.056 2.299224507069998e-10
16300.056 1.3271340460503162e-10
16350.056 1.6853102647492435e-10
16400.056 1.9787235984211596e-10
16450.056 2.0521931217581156e-10
16500.056 1.6813902691552469e-10
16550.056 1.768399473308536e-10
16600.056 3.5626880063986477e-10
16650.056 2.1778011298995105e-10
16700.056 3.365943966313278e-11
16750.056 1.320055862434012e-10
16800.056 2.0248180861135742e-10
16850.056 2.1268253533712057e-10
16900.056 9.729901256492491e-11
16950.056 6.350192984086629e-11
17000.056 3.2397958636844256e-11
17050.056 6.76446960197648e-11
17100.056 1.269529534975396e-10
17150.056 7.640879691464214e-11
17200.056 2.463300692813712e-10
17250.056 1.0431980179539576e-10
17300.056 7.555305623944164e-11
17350.056 9.172530527418368e-11
17400.056 1.59900692688782e-10
17450.056 2.0135094528636605e-10
17500.056 2.710283684856443e-10
17550.056 2.1804429812704193e-10
17600.056 1.8494923570705243e-10
17650.056 1.3318927662422774e-10
17700.056 1.1328536216535173e-10
17750.056 8.494124879309997e-11
17800.056 1.7556608155270598e-10
17850.056 8.162182099321447e-11
17900.056 5.642618445369366e-11
17950.056 3.5280429541103954e-11
18000.056 6.712081865970041e-11
18050.056 2.960500289393575e-11
18100.056 3.588281546256725e-11
18150.056 2.594361633713747e-11
18200.056 1.7186972403494613e-11
18250.056 7.10724619996126e-11
18300.056 9.610183858702448e-12
18350.056 8.48705210280427e-12
18400.056 5.0329130511019095e-12
18450.056 3.685397054379652e-11
18500.056 3.534264775621731e-11
18550.056 1.529912479355144e-11
18600.056 2.3128489800709116e-11
18650.056 1.4297381493259614e-11
18700.056 2.3218005477954453e-12
18750.056 6.004898457327849e-12
18800.056 6.141473235817056e-11
18850.056 5.4392470342622614e-11
18900.056 5.019607297317382e-11
18950.056 8.525919947243783e-11
19000.056 1.7519933973866352e-11
19050.056 6.9636391976665905e-12
19100.056 2.2625097493685537e-11
19150.056 8.343590409009786e-12
19200.056 1.67202581016426e-11
19250.056 1.0962149053020802e-11
19300.056 6.51257270520319e-12
19350.056 6.387297238739509e-12
19400.056 4.816795487012396e-12
19450.056 7.845968801375656e-12
19500.056 6.543814662803955e-12
19550.056 1.2649996027816729e-11
19600.056 2.7066598190589884e-11
19650.056 1.9272504407771572e-11
19700.056 2.9263228730148494e-11
19750.056 4.328180174490507e-11
19800.056 2.6587818610718603e-11
19850.056 3.3787728861394245e-11
19900.056 5.0702782735039736e-11
19950.056 7.258039608804096e-11
20000.056 8.773369240083358e-11
20050.056 6.438134397139121e-11
20100.056 1.1201494280611875e-10
20150.056 6.90777807089455e-11
20200.056 4.5467770371969186e-11
20250.056 9.674209198735993e-11
20300.056 1.1477325890267656e-10
20350.056 1.2114727290617253e-10
20400.056 1.0702669761668567e-10
20450.056 1.9110700673295576e-10
20500.056 2.143523756174913e-10
20550.056 2.3706732166800375e-10
20600.056 2.568425438410418e-10
20650.056 3.01569014224975e-10
20700.056 3.292660806910008e-10
20750.056 3.5084295737998653e-10
20800.056 3.416028179399565e-10
20850.056 3.84317098910006e-10
20900.056 3.946425753899865e-10
20950.056 3.83942754220011e-10
21000.056 3.759653489900048e-10
21050.056 3.9165158030999063e-10
21100.056 3.7967935280000454e-10
21150.056 3.786221617899862e-10
21200.056 3.647486426200148e-10
21250.056 3.499859241169714e-10
21300.056 3.1748998042900406e-10
21350.056 3.085104141831838e-10
21400.056 3.131734880310273e-10
21450.056 2.616699674405086e-10
21500.056 2.379789615130719e-10
21550.056 2.2305051696343764e-10
21600.056 1.9903084126632204e-10
21650.056 1.5471548876266207e-10
21700.056 1.450931106647901e-10
21750.056 1.3282773191693417e-10
21800.056 9.246130234150413e-11
21850.056 8.533583888078356e-11
21900.056 6.233821629856528e-11
21950.056 2.772367666038612e-11
22000.056 3.635978187021646e-12
22050.056 6.777676879367451e-12
22100.056 2.629528597878873e-11
22150.056 1.7360285385564566e-11
22200.056 1.715659006398266e-11
22250.056 1.4303436629632613e-11
22300.056 6.443752349261433e-12
22350.056 9.034705819167986e-12
22400.056 2.9359375470610696e-12
22450.056 5.341924486753475e-12
22500.056 3.987400433354785e-12
22550.056 1.9716014225230244e-12
22600.056 1.5691261962888146e-12
22650.056 2.94687010522089e-12
22700.056 2.8200043264121057e-12
22750.056 4.475829970434936e-12
22800.056 5.21360405722132e-12
22850.056 3.378918287802547e-12
22900.056 2.391821915907627e-12
22950.056 1.844512564494515e-12
23000.056 2.3383424459303608e-12
23050.056 2.789569387629436e-12
23100.056 2.1435053192858255e-11
23150.056 1.8680117117388548e-11
23200.056 6.257926624968809e-13
23250.056 3.779249586468666e-12
23300.056 2.9794571294132855e-12
23350.056 4.099325696803567e-12
23400.056 2.899586859958953e-12
23450.056 1.6824648650006006e-12
23500.056 1.8309217790099974e-12
23550.056 4.488094032555031e-12
23600.056 1.0752786825736367e-11
23650.056 1.3327978600888499e-11
23700.056 1.923507160760646e-12
23750.056 2.4415558349342994e-12
23800.056 1.4241822286196643e-11
23850.056 7.941584677234493e-12
23900.056 1.9089064935612092e-11
23950.056 8.55728042664902e-12
24000.056 2.3047895510544153e-11
24050.056 2.483059886553182e-11
24100.056 3.0687385149533106e-11
24150.056 4.556281934047811e-11
24200.056 2.988017172909517e-11
24250.056 2.3577266099064125e-11
24300.056 5.1808167897998545e-11
24350.056 3.829140124235548e-11
24400.056 9.172958289333147e-11
24450.056 9.667012703357992e-11
24500.056 8.068661242912072e-11
24550.056 1.4336326429707e-10
24600.056 1.5934595223678052e-10
24650.056 2.2389777783368248e-10
24700.056 1.4992432319775172e-10
24750.056 1.9464203202926394e-10
24800.056 1.6238623670431815e-10
24850.056 2.638451259817645e-10
24900.056 1.0329549784900208e-10
24950.056 2.1317745681636278e-10
25000.056 2.2301320111040764e-10
25050.056 1.1746464466934436e-10
25100.056 2.0409347191459766e-10
25150.056 8.740006078699491e-11
25200.056 1.3192077321154084e-10
25250.056 4.368785303256323e-11
25300.056 6.050565693238144e-11
25350.056 2.5390849544215813e-11
25400.056 7.140434230005239e-11
25450.056 1.8577336149461403e-11
25500.056 1.4849500322908222e-11
25550.056 4.060198821488464e-11
25600.056 1.9617441493706376e-11
25650.056 7.319718687869485e-12
25700.056 6.744366110049867e-12
25750.056 1.6379634333881316e-12
25800.056 1.176740063575901e-11
25850.056 1.5992246670729781e-12
25900.056 2.428507210185497e-12
25950.056 3.862605683938096e-13
26000.056 9.449177043617053e-12
26050.056 6.421179066525939e-13
26100.056 4.836789663915012e-12
26150.056 1.5882258560836842e-12
26200.056 2.3539352640418906e-12
26250.056 2.5489726181276794e-11
26300.056 3.0681205746367065e-12
26350.056 5.926852277444851e-11
26400.056 9.89209458465199e-11
26450.056 4.786430459331004e-11
26500.056 1.4386446929146574e-10
26550.056 9.39914382446769e-12
26600.056 9.762981196543911e-12
26650.056 9.260385540121218e-13
26700.056 5.086373362331632e-13
26750.056 9.805610089081346e-13
26800.056 4.514856319395279e-12
26850.056 2.329178955805557e-12
26900.056 1.5341438008852886e-11
26950.056 4.0177704599704215e-12
27000.056 2.859470856105515e-11
27050.056 4.2231723586562876e-11
27100.056 2.1048828973915125e-12
27150.056 4.464821862373981e-11
27200.056 2.0429347283070996e-12
27250.056 1.0966229493055282e-11
27300.056 1.327246271215245e-10
27350.056 3.12686223052329e-11
27400.056 1.0426042767531573e-12
27450.056 4.603181727685874e-11
27500.056 6.351214781259185e-11
27550.056 6.119660812547419e-12
27600.056 2.3820940679210197e-11
27650.056 4.62781729381846e-12
27700.056 4.7212327061688796e-12
27750.056 4.262871336083003e-11
27800.056 1.1150772051763405e-11
27850.056 2.2367322400054967e-11
27900.056 2.7130552635609986e-11
27950.056 6.703634839122494e-11
28000.056 6.41250355529557e-11
28050.056 5.2959094084112865e-12
28100.056 7.547799881241358e-11
28150.056 5.0666947015625894e-11
28200.056 1.0171337879950307e-11
28250.056 1.0556069883518878e-10
28300.056 9.831618588929993e-11
28350.056 1.3051630420230368e-11
28400.056 6.475327660864358e-11
28450.056 1.319417529490083e-10
28500.056 6.560444461400585e-11
28550.056 1.1030386812835583e-11
28600.056 1.2219835891512325e-10
28650.056 6.683078765529209e-11
28700.056 1.203216028169569e-10
28750.056 2.1262990604876186e-10
28800.056 7.02979515727726e-11
28850.056 2.0860321485186326e-10
