galfind/configs/Brown_Dwarf_templates/sonora_bobcat/m0.0/562g/sp_t1100g562nc_m0.0_resample.dat
# %ECSV 1.0
# ---
# datatype:
# - {name: wav, unit: Angstrom, datatype: float64}
# - {name: flux_nu, unit: erg / (cm2 Hz s), datatype: float64}
# meta: {C/O: '1.00', Kzz: '1.0000E+05', Teff: '1100.', Y: '0.28', '[Fe/H]': '0.00', f_hole: '1.00', f_rain: '0.00', grav: '562.'}
# schema: astropy-2.0
wav flux_nu
[from data line 499]
28950.056 1.8037004546957066e-07
29000.056 1.4503698378326894e-07
29050.056 1.6141300188510877e-07
29100.056 1.1661990227832004e-07
29150.056 2.0098766077975178e-07
29200.056 1.4181793693581175e-07
29250.056 1.8822073888221349e-07
29300.056 1.2076598982358657e-07
29350.056 2.742624869766831e-07
29400.056 1.6377806677579737e-07
29450.056 1.7674420509207845e-07
29500.056 1.8990332010520173e-07
29550.056 1.7784495893999923e-07
29600.056 2.0440207786382042e-07
29650.056 1.9639153608078284e-07
29700.056 1.629454915002582e-07
29750.056 2.0885353043714292e-07
29800.056 2.20489209281669e-07
29850.056 2.2147440573895268e-07
29900.056 2.1471837678742186e-07
29950.056 2.2821226323703225e-07
30000.056 1.606851583165007e-07
30050.056 1.675684813840024e-07
30100.056 1.6888734020695658e-07
30150.056 2.4645093841398767e-07
30200.056 1.9232842328659902e-07
30250.056 2.5410357844704105e-07
30300.056 2.1650870579800426e-07
30350.056 1.976181972280098e-07
30400.056 2.3548547315300207e-07
30450.056 1.769807899209337e-07
30500.056 1.5351250475380504e-07
30550.056 1.634607920478043e-07
30600.056 1.8403026130499582e-07
30650.056 1.5760095641897636e-07
30700.056 1.496039560177821e-07
30750.056 1.4538979073297958e-07
30800.056 1.3392513720803e-07
30850.056 1.1906878092996246e-07
30900.056 1.1718270740907657e-07
30950.056 1.0195405972732394e-07
31000.056 9.69138734706072e-08
31050.056 1.0786029387500611e-07
31100.056 8.071590973819537e-08
31150.056 9.222306583919432e-08
31200.056 1.0243583154901663e-07
31250.056 7.61751588465906e-08
31300.056 7.636184458458804e-08
31350.056 7.404390096900363e-08
31400.056 5.99341867405048e-08
31450.056 6.611614727298693e-08
31500.056 5.3864970764386497e-08
31550.056 5.8898467870193974e-08
31600.056 4.973842418700242e-08
31650.056 4.5609560278906365e-08
31700.056 4.7910021278992126e-08
31750.056 3.9255381911213284e-08
31800.056 4.990232692269141e-08
31850.056 3.965747997590777e-08
31900.056 4.814219895560238e-08
31950.056 3.275956142250294e-08
32000.056 4.2508332798893986e-08
32050.056 4.339417194970212e-08
32100.056 4.162447274030454e-08
32150.056 4.613475891409549e-08
32200.056 3.8943011406501064e-08
32250.056 5.209222006760907e-08
32300.056 3.709655544229396e-08
32350.056 5.486934916139708e-08
32400.056 3.827223768889541e-08
32450.056 5.1928230575282564e-08
32500.056 4.8777709428010015e-08
32550.056 4.871035725959491e-08
32600.056 5.473324103120005e-08
32650.056 6.898078397588838e-08
32700.056 6.364375343901171e-08
32750.056 7.246449757360679e-08
32800.056 7.029994028070764e-08
32850.056 7.635209990199146e-08
32900.056 8.406960161879498e-08
32950.056 8.525488860639455e-08
33000.056 7.388758999728087e-08
33050.056 6.891840908702133e-08
33100.056 4.2945761745292676e-08
33150.056 1.5967348557602026e-08
33200.056 1.4246074032495007e-08
33250.056 1.0008649127996888e-08
33300.056 1.1509620014702872e-08
33350.056 1.69596366773009e-08
33400.056 2.271442890069434e-08
33450.056 2.9953782547498825e-08
33500.056 4.317285722701469e-08
33550.056 4.213800736621168e-08
33600.056 5.875541255579404e-08
33650.056 6.380837738860191e-08
33700.056 5.448466450078978e-08
33750.056 7.557258284500531e-08
33800.056 6.112926041730675e-08
33850.056 7.23094366129924e-08
33900.056 5.9445270776297035e-08
33950.056 6.190812081159131e-08
34000.056 7.438185616321388e-08
34050.056 4.910687569028947e-08
34100.056 7.368784560399855e-08
34150.056 5.918241733129331e-08
34200.056 6.136086548517754e-08
34250.056 6.363179204017599e-08
34300.056 5.5050539922073445e-08
34350.056 5.393200886860175e-08
34400.056 4.8441640907795904e-08
34450.056 6.410696555398723e-08
34500.056 5.985813727999968e-08
34550.056 4.847785129740143e-08
34600.056 7.36998349089993e-08
34650.056 5.500325215439849e-08
34700.056 6.400925853699592e-08
34750.056 6.489524416198356e-08
34800.056 5.7747838167990784e-08
34850.056 6.591532015300971e-08
34900.056 6.820008194408162e-08
34950.056 6.960823097498611e-08
35000.056 9.484174760701693e-08
35050.056 6.524167202020094e-08
35100.056 8.046823571799954e-08
35150.056 8.232147519390944e-08
35200.056 8.341333413199983e-08
35250.056 1.0275921213677498e-07
35300.056 8.149007800821491e-08
35350.056 8.310904164598007e-08
35400.056 9.297388732201213e-08
35450.056 6.799775960753127e-08
35500.056 1.1382147810900006e-07
35550.056 1.0583563187799083e-07
35600.056 9.82339284190327e-08
35650.056 1.1006560165300803e-07
35700.056 9.795573902599294e-08
35750.056 1.1731802796998892e-07
35800.056 1.4742059133200272e-07
35850.056 1.0102395730399577e-07
35900.056 1.34018614253004e-07
35950.056 1.2855608862498215e-07
36000.056 1.2827780751901933e-07
36050.056 1.2910249091397917e-07
36100.056 1.2907591354793075e-07
36150.056 1.3942341500498406e-07
36200.056 1.5301310769897856e-07
36250.056 1.4056308051197327e-07
36300.056 1.641190382150118e-07
36350.056 1.5813411729999954e-07
36400.056 1.6146763755599378e-07
36450.056 1.7941255924699572e-07
36500.056 1.8235392281598922e-07
36550.056 1.9942170629005118e-07
36600.056 2.1957232740999817e-07
36650.056 2.0773436663136642e-07
36700.056 2.1994833607977754e-07
36750.056 2.4025712295405704e-07
36800.056 2.405442825999949e-07
36850.056 2.3123400337495002e-07
36900.056 2.4053921371798474e-07
36950.056 2.727968300199737e-07
37000.056 2.6112419150498766e-07
37050.056 2.6870946443000394e-07
37100.056 2.8032043630598203e-07
37150.056 2.605820994290226e-07
37200.056 2.985942611999959e-07
37250.056 2.889209100199501e-07
37300.056 2.65167553524913e-07
37350.056 2.840208276160347e-07
37400.056 3.618760347299909e-07
37450.056 3.04607224462006e-07
37500.056 3.032241965859762e-07
37550.056 3.594029594601212e-07
37600.056 3.8916091574002405e-07
37650.056 3.1094718736202117e-07
37700.056 3.9149605599403585e-07
37750.056 3.2917974812402333e-07
37800.056 3.5491293249814234e-07
37850.056 3.0308489403501047e-07
37900.056 3.282811421241023e-07
37950.056 3.571062642619487e-07
38000.056 4.098139356299955e-07
38050.056 4.0456572889406656e-07
38100.056 4.0636788690404357e-07
38150.056 4.4184572992998137e-07
38200.056 4.539834735120626e-07
38250.056 4.302536068100082e-07
38300.056 5.102755535099385e-07
38350.056 5.20978497550053e-07
38400.056 4.1371558134291693e-07
38450.056 4.439091369299315e-07
38500.056 3.76148202430083e-07
38550.056 4.817988327000627e-07
38600.056 4.7418729262996716e-07
38650.056 4.908741230399637e-07
38700.056 5.195697669299954e-07
38750.056 5.350869911699939e-07
38800.056 4.772914783898665e-07
38850.056 5.057824424200357e-07
38900.056 5.661345509900054e-07
38950.056 5.152767531099848e-07
39000.056 5.588913631099801e-07
39050.056 5.414632033699922e-07
39100.056 5.403634836200477e-07
39150.056 5.733505152599995e-07
39200.056 5.561400136699759e-07
39250.056 6.114745865399448e-07
39300.056 5.684075206898765e-07
39350.056 6.389806807300429e-07
39400.056 6.052045790600537e-07
39450.056 6.140914513099894e-07
39500.056 6.045394039000227e-07
39550.056 6.068764045350757e-07
39600.056 6.517505064998706e-07
39650.056 6.834549958099933e-07
39700.056 6.58317411950045e-07
39750.056 5.95200860290096e-07
39800.056 6.40515331499914e-07
39850.056 7.251499277099974e-07
39900.056 7.076878328400068e-07
39950.056 7.008835143499179e-07
40000.056 7.512686309200645e-07
40050.056 7.136832327000314e-07
40100.056 6.665494449300241e-07
40150.056 7.435992756999855e-07
40200.056 7.632312511798697e-07
40250.056 7.201206896498581e-07
40300.056 7.2976743845007e-07
40350.056 7.319470712299847e-07
40400.056 7.890362874760034e-07
40450.056 7.492466703500723e-07
40500.056 7.662550875300478e-07
40550.056 8.136449288399333e-07
40600.056 7.517237294500587e-07
40650.056 7.553283057119002e-07
40700.056 8.901714281899772e-07
40750.056 7.591422349298496e-07
40800.056 6.883001840597973e-07
40850.056 8.378899514301282e-07
40900.056 8.159501008900123e-07
40950.056 7.690674155200052e-07
41000.056 7.969534238000068e-07
41050.056 8.649969054099253e-07
41100.056 7.685576841999457e-07
41150.056 6.879993760099439e-07
41200.056 8.324651695699889e-07
41250.056 7.768880082199833e-07
41300.056 7.04953541149875e-07
41350.056 8.596646891700604e-07
41400.056 7.903387577600783e-07
41450.056 8.224321944000786e-07
41500.056 7.272923840619645e-07
41550.056 7.210345574900814e-07
41600.056 8.032161668640577e-07
41650.056 8.020622075600584e-07
41700.056 7.343752909798749e-07
41750.056 7.59542960629968e-07
41800.056 8.65876291969969e-07
41850.056 6.157866775500179e-07
41900.056 7.480782216378929e-07
41950.056 7.638567550201037e-07
42000.056 7.535674761600739e-07
42050.056 6.567762537099478e-07
42100.056 8.387556365600768e-07
42150.056 6.283535582399931e-07
42200.056 6.330907470959829e-07
42250.056 6.881551273399255e-07
42300.056 6.394914592499902e-07
42350.056 7.333037389801076e-07
42400.056 6.910209687501003e-07
42450.056 6.146781236400225e-07
42500.056 6.256140302500028e-07
42550.056 6.064384330699688e-07
42600.056 6.463937550100996e-07
42650.056 7.425959579198244e-07
42700.056 6.611864911179738e-07
42750.056 6.046541870400207e-07
42800.056 6.535182400060789e-07
42850.056 7.254171272998337e-07
42900.056 7.47971569830097e-07
42950.056 6.09836624499814e-07
43000.056 6.850584864600232e-07
43050.056 5.133643013932e-07
43100.056 6.348446212399503e-07
43150.056 6.04077081862063e-07
43200.056 6.459475526300116e-07
43250.056 7.453894465200208e-07
43300.056 7.432825615000211e-07
43350.056 5.514415876898551e-07
43400.056 6.391981179999735e-07
43450.056 5.799552998381008e-07
43500.056 5.972172493299821e-07
43550.056 6.016039708860473e-07
43600.056 7.113765415800549e-07
43650.056 5.594099175620094e-07
43700.056 6.980783311000311e-07
43750.056 6.594002886800913e-07
43800.056 6.215864930099285e-07
43850.056 5.758348814801184e-07
43900.056 6.271900189599315e-07
43950.056 4.994203894899394e-07
44000.056 4.625987501950156e-07
44050.056 6.133383327200138e-07
44100.056 6.940696266500581e-07
44150.056 6.838082483599466e-07
44200.056 6.23167884150011e-07
44250.056 5.288773850150045e-07
44300.056 4.913319954260821e-07
44350.056 5.22296677247089e-07
44400.056 5.219897834679783e-07
44450.056 5.753592602999932e-07
44500.056 5.781859235401161e-07
44550.056 6.351229955899372e-07
44600.056 5.693751150070538e-07
44650.056 6.008298427300559e-07
44700.056 4.901653758799936e-07
44750.056 5.703015038800277e-07
44800.056 5.473718252900379e-07
44850.056 5.948263213400798e-07
44900.056 5.070763994200503e-07
44950.056 5.356123277860265e-07
45000.056 5.63518007849986e-07
45050.056 5.604165388199896e-07
45100.056 5.776368400300037e-07
45150.056 5.535907184869784e-07
45200.056 4.776645258200298e-07
45250.056 5.193517367998976e-07
45300.056 5.110174285200468e-07
45350.056 5.079774044659436e-07
45400.056 5.829414038200474e-07
45450.056 5.463757845699499e-07
45500.056 5.515403922699952e-07
45550.056 6.139426175099012e-07
45600.056 5.929094364500307e-07
45650.056 5.068392369479186e-07
45700.056 5.16370457140047e-07
45750.056 4.884085967919929e-07
45800.056 5.734802589100042e-07
45850.056 6.27565147199993e-07
45900.056 6.330847582000237e-07
45950.056 5.308742514099968e-07
46000.056 6.174799648200352e-07
46050.056 5.724762463000415e-07
46100.056 5.878054421399814e-07
46150.056 5.328594358099651e-07
46200.056 5.364060165100755e-07
46250.056 4.3131562441894984e-07
46300.056 5.805848913399778e-07
46350.056 5.404870993700136e-07
46400.056 5.552342517200083e-07
46450.056 5.389897654200395e-07
46500.056 5.202358019100738e-07
46550.056 5.062854026999987e-07
46600.056 5.495771113759944e-07
46650.056 7.049691804399694e-07
46700.056 5.953805053800409e-07
46750.056 4.645203005460262e-07
46800.056 4.1965077321003513e-07
46850.056 6.671254669700952e-07
46900.056 6.172428602799386e-07
46950.056 6.43562163279994e-07
47000.056 5.594321816100407e-07
47050.056 5.95771529069844e-07
47100.056 4.4322703058805713e-07
47150.056 5.242331453300608e-07
47200.056 6.044042930100361e-07
47250.056 4.944320395299664e-07
47300.056 4.246233392849824e-07
47350.056 5.85359130259966e-07
47400.056 6.119810069899456e-07
47450.056 5.553875590700383e-07
47500.056 6.293377783199514e-07
47550.056 5.56529983559994e-07
47600.056 5.853040259699443e-07
47650.056 4.996777552279016e-07
47700.056 5.696855422511267e-07
47750.056 4.186681973860185e-07
47800.056 4.972661442900061e-07
47850.056 3.83179445488993e-07
47900.056 4.768557534359458e-07
47950.056 5.055332632600231e-07
48000.056 6.599051371000418e-07
48050.056 5.735911711200212e-07
48100.056 4.5536826965200986e-07
48150.056 5.041487710900444e-07
48200.056 5.160186770400021e-07
48250.056 4.846572787300075e-07
48300.056 6.426415614298887e-07
48350.056 4.363990288100117e-07
48400.056 3.7104811415395233e-07
48450.056 4.805321224580876e-07
48500.056 5.992999357799383e-07
48550.056 4.706030960740036e-07
48600.056 5.555964945100015e-07
48650.056 5.268929774399741e-07
48700.056 5.43326644650011e-07
48750.056 3.7106675532912316e-07
48800.056 6.341021233900164e-07
48850.056 4.302213569249088e-07
48900.056 6.152990473300024e-07
48950.056 4.848909135100345e-07
49000.056 3.597220595119569e-07
49050.056 5.608079791399544e-07
49100.056 5.40891087640074e-07
49150.056 5.131906158070018e-07
49200.056 5.648336595000391e-07
49250.056 5.641138300800588e-07
49300.056 4.974298661799814e-07
49350.056 3.900798492600529e-07
49400.056 4.996568666799527e-07
49450.056 4.946151562901427e-07
49500.056 4.3489916194997645e-07
49550.056 3.0841078477801684e-07
49600.056 4.250427208500764e-07
49650.056 4.593678913199667e-07
49700.056 4.3748759106889896e-07
49750.056 5.730174342699113e-07
49800.056 4.5261278541401464e-07
49850.056 6.071183808100932e-07
49900.056 5.034205371179869e-07
49950.056 4.77205536049962e-07
50000.056 4.748812836199696e-07
50050.056 5.348486849499782e-07
50100.056 4.878449005900014e-07
50150.056 3.6070765355998175e-07
50200.056 2.402935102240307e-07
50250.056 4.6924822366996384e-07
50300.056 4.0645157878101694e-07
50350.056 5.614414551800454e-07
50400.056 4.767371027999657e-07
50450.056 4.0654061254803713e-07
50500.056 5.276660160400543e-07
50550.056 4.785038797900265e-07
50600.056 4.2640836785592046e-07
50650.056 5.107366853600877e-07
50700.056 5.656714269198757e-07
50750.056 4.84204373076069e-07
50800.056 3.227012673829552e-07
50850.056 3.376276286420772e-07
50900.056 5.566407642499832e-07
50950.056 4.605412542100621e-07
51000.056 5.226289343990397e-07
51050.056 4.6319589283999293e-07
51100.056 3.0356090756595815e-07
51150.056 4.0789216872898293e-07
51200.056 5.882402997999622e-07
51250.056 4.400937759289521e-07
51300.056 3.5677574695012233e-07
51350.056 4.1386514912996844e-07
51400.056 2.848050648259886e-07
51450.056 2.4624344463394853e-07
51500.056 2.804070840630714e-07
51550.056 4.939147367200373e-07
51600.056 3.5862544757902926e-07
51650.056 3.739445555399404e-07
51700.056 4.1428890496392607e-07
51750.056 3.184872371500131e-07
51800.056 4.505586887098832e-07
51850.056 4.1581039412997865e-07
51900.056 5.584742981000795e-07
51950.056 4.441696502799612e-07
52000.056 2.2938958554497152e-07
52050.056 3.68641165303018e-07
52100.056 2.9692717791998475e-07
52150.056 2.7250049799801423e-07
52200.056 2.8951511431798593e-07
52250.056 3.5218572306902723e-07
52300.056 5.073207949499677e-07
52350.056 3.8808908860001046e-07
52400.056 2.8110387922503065e-07
52450.056 4.1827635462002904e-07
52500.056 4.422435881609102e-07
52550.056 4.3559301331992876e-07
52600.056 3.7908238426605294e-07
52650.056 3.9343523758507063e-07
52700.056 3.447258654030042e-07
52750.056 2.6012149210698734e-07
52800.056 3.092184949700312e-07
52850.056 3.250085647209166e-07
52900.056 3.17248606799982e-07
52950.056 3.33743527635995e-07
53000.056 4.3449726591701027e-07
53050.056 2.69840027702914e-07
53100.056 3.4784477790996155e-07
53150.056 4.88113499070029e-07
53200.056 2.495917821179839e-07
53250.056 4.3583750714002897e-07
53300.056 4.348403344112119e-07
53350.056 4.302349707999776e-07
53400.056 4.25807232630015e-07
53450.056 2.707744417899977e-07
53500.056 1.8604873561995304e-07
53550.056 2.7452631863796144e-07
53600.056 3.6799597136106104e-07
53650.056 2.8195732205198044e-07
53700.056 2.7920925835103023e-07
