galfind/configs/Brown_Dwarf_templates/sonora_bobcat/m0.0/562g/sp_t850g562nc_m0.0_resample.dat
# %ECSV 1.0
# ---
# datatype:
# - {name: wav, unit: Angstrom, datatype: float64}
# - {name: flux_nu, unit: erg / (cm2 Hz s), datatype: float64}
# meta: {C/O: '1.00', Kzz: '1.0000E+05', Teff: '850.', Y: '0.28', '[Fe/H]': '0.00', f_hole: '1.00', f_rain: '0.00', grav: '562.'}
# schema: astropy-2.0
wav flux_nu
[from data line 498]
28900.056 1.8414955287463135e-08
28950.056 3.7569295701444026e-08
29000.056 3.1167018314725054e-08
29050.056 3.643008303639646e-08
29100.056 2.5260215587374096e-08
29150.056 4.5738108204717345e-08
29200.056 3.226936336619306e-08
29250.056 4.620114290081383e-08
29300.056 2.4958170461494713e-08
29350.056 7.239411143386997e-08
29400.056 3.5863971382178086e-08
29450.056 3.907013652131911e-08
29500.056 4.780654979225355e-08
29550.056 3.9112745610690865e-08
29600.056 4.711646358081366e-08
29650.056 5.405085135583957e-08
29700.056 3.703802878474016e-08
29750.056 5.446368325537459e-08
29800.056 5.469584283412295e-08
29850.056 6.038256524048013e-08
29900.056 5.7387831091524835e-08
29950.056 5.4260806873288225e-08
30000.056 1.4300077922442809e-08
30050.056 2.3131945928861482e-08
30100.056 2.8533126612832935e-08
30150.056 5.426076718019621e-08
30200.056 4.5602823088022606e-08
30250.056 7.556799383770764e-08
30300.056 6.788514037640423e-08
30350.056 5.33421890722284e-08
30400.056 7.534687411296293e-08
30450.056 5.070033046731686e-08
30500.056 4.7691228247210874e-08
30550.056 4.805835782291691e-08
30600.056 6.691134855110314e-08
30650.056 4.8211375650097765e-08
30700.056 4.371604221104985e-08
30750.056 5.177654032658195e-08
30800.056 4.42334940975097e-08
30850.056 4.1517328722186543e-08
30900.056 3.3296658347242044e-08
30950.056 3.2754176813806836e-08
31000.056 3.119678477800483e-08
31050.056 3.295575326329888e-08
31100.056 2.3292551524999353e-08
31150.056 3.184734475116828e-08
31200.056 3.745788811320839e-08
31250.056 2.567104154370769e-08
31300.056 2.287602646556576e-08
31350.056 2.5570130911182887e-08
31400.056 1.9476894443741525e-08
31450.056 2.253974768119462e-08
31500.056 1.5202051582727164e-08
31550.056 1.8501417161245214e-08
31600.056 1.4185685979437122e-08
31650.056 1.2859756711354989e-08
31700.056 1.396665141049993e-08
31750.056 9.963292433762186e-09
31800.056 1.4945631688199002e-08
31850.056 8.947291264089465e-09
31900.056 1.2579609056260858e-08
31950.056 7.832368679713106e-09
32000.056 1.0523742176508833e-08
32050.056 1.104629219183783e-08
32100.056 1.0084760010130569e-08
32150.056 1.2191429472639259e-08
32200.056 9.001125703406984e-09
32250.056 1.4476252169973985e-08
32300.056 8.356586327682865e-09
32350.056 1.5140797623399756e-08
32400.056 8.526598121048096e-09
32450.056 1.3689931688486467e-08
32500.056 1.1319020359013864e-08
32550.056 1.2395608033858762e-08
32600.056 1.4013035590125021e-08
32650.056 1.9597515006274746e-08
32700.056 1.6678107531424567e-08
32750.056 2.273209540966364e-08
32800.056 2.1724284766183918e-08
32850.056 2.544429694019783e-08
32900.056 2.7077702410418787e-08
32950.056 2.8405815792388864e-08
33000.056 2.2719174788854267e-08
33050.056 2.273335554430737e-08
33100.056 1.0747454129516093e-08
33150.056 1.2664893490981215e-09
33200.056 1.7270644994968995e-09
33250.056 1.2380288739296737e-09
33300.056 1.9704339999605247e-09
33350.056 3.957932090700139e-09
33400.056 6.486939646538031e-09
33450.056 8.896528644667151e-09
33500.056 1.573988325770773e-08
33550.056 1.1788580616270023e-08
33600.056 1.9437028644218167e-08
33650.056 2.0106387415900684e-08
33700.056 1.5052969526068357e-08
33750.056 2.4815757761634246e-08
33800.056 1.421558442468177e-08
33850.056 2.0231992381826974e-08
33900.056 1.641979655230958e-08
33950.056 1.712417996525531e-08
34000.056 2.3009867792316974e-08
34050.056 1.107582137969108e-08
34100.056 2.1846201642783344e-08
34150.056 1.4757371798250419e-08
34200.056 1.9204958829521427e-08
34250.056 1.8159550091822773e-08
34300.056 1.485165174840653e-08
34350.056 1.678214223622105e-08
34400.056 1.2357254919643463e-08
34450.056 2.0049111300592444e-08
34500.056 1.699697675814204e-08
34550.056 1.1430232276060281e-08
34600.056 2.4262841428800205e-08
34650.056 1.3370847204320598e-08
34700.056 2.0065387109499968e-08
34750.056 1.8607010830793085e-08
34800.056 1.5054431064337157e-08
34850.056 2.24696237133032e-08
34900.056 1.901056741685003e-08
34950.056 2.232627760299532e-08
35000.056 3.4645238514704586e-08
35050.056 1.96529752619834e-08
35100.056 2.985044089960213e-08
35150.056 2.9249457299406456e-08
35200.056 2.7946891372669053e-08
35250.056 3.944818315086671e-08
35300.056 2.5929343293444493e-08
35350.056 2.9347286864192514e-08
35400.056 3.296503168649693e-08
35450.056 2.238293454188211e-08
35500.056 4.632566183429417e-08
35550.056 3.891817967609675e-08
35600.056 3.679107642801702e-08
35650.056 4.1571687781004485e-08
35700.056 3.5708569872632696e-08
35750.056 4.845112341199671e-08
35800.056 5.804385985660223e-08
35850.056 3.509983941826846e-08
35900.056 4.9693141233958026e-08
35950.056 4.9813893796890934e-08
36000.056 4.8741206156907036e-08
36050.056 4.684705074238693e-08
36100.056 4.568469596901597e-08
36150.056 5.497620786008901e-08
36200.056 6.144329839338685e-08
36250.056 5.261472221483908e-08
36300.056 7.053202946190493e-08
36350.056 6.353603019800602e-08
36400.056 6.80437024027899e-08
36450.056 7.302077125247076e-08
36500.056 7.713019867444182e-08
36550.056 8.750170144052402e-08
36600.056 9.951442704298904e-08
36650.056 8.844089030260622e-08
36700.056 9.226978679722228e-08
36750.056 1.0581125929103054e-07
36800.056 1.0731988713499725e-07
36850.056 9.441215188978237e-08
36900.056 1.0676789580419249e-07
36950.056 1.1858828486798097e-07
37000.056 1.0678500011298999e-07
37050.056 1.1842040359300294e-07
37100.056 1.1421236379689856e-07
37150.056 1.0904631683840552e-07
37200.056 1.3330153849499063e-07
37250.056 1.1715976633097501e-07
37300.056 1.0567075350495897e-07
37350.056 1.2363021909941727e-07
37400.056 1.6370613791099631e-07
37450.056 1.195642094937956e-07
37500.056 1.2352745377789115e-07
37550.056 1.6152993121506779e-07
37600.056 1.8417303699301888e-07
37650.056 1.2096717501001442e-07
37700.056 1.726111437990154e-07
37750.056 1.3406300829601303e-07
37800.056 1.4780924931005686e-07
37850.056 1.104181438185045e-07
37900.056 1.2575854992503487e-07
37950.056 1.5339414980937877e-07
38000.056 1.7084253928999304e-07
38050.056 1.7367340699203838e-07
38100.056 1.869301829724166e-07
38150.056 1.9806448272999504e-07
38200.056 2.0038848059902393e-07
38250.056 1.8686854936001307e-07
38300.056 2.4162945790595776e-07
38350.056 2.435220584450376e-07
38400.056 1.6945195196094256e-07
38450.056 1.6796555650594598e-07
38500.056 1.3059517816502938e-07
38550.056 1.9530641552004444e-07
38600.056 1.9086307813797833e-07
38650.056 2.0399243655397578e-07
38700.056 2.166740787389989e-07
38750.056 2.1755834020100244e-07
38800.056 1.9607964589794717e-07
38850.056 2.1251911318602155e-07
38900.056 2.517556777019837e-07
38950.056 2.0489332626399073e-07
39000.056 2.3431239316197926e-07
39050.056 2.206968093040277e-07
39100.056 2.279912585129992e-07
39150.056 2.493175563719956e-07
39200.056 2.2965294240598334e-07
39250.056 2.6861570544498745e-07
39300.056 2.395560624049542e-07
39350.056 2.921242519620188e-07
39400.056 2.5230378401404525e-07
39450.056 2.699235611539916e-07
39500.056 2.7569371823001936e-07
39550.056 2.5119236490786507e-07
39600.056 2.859311678409572e-07
39650.056 3.1899370085598466e-07
39700.056 2.9736638051002773e-07
39750.056 2.413603612110642e-07
39800.056 2.7164320403497615e-07
39850.056 3.444494839700075e-07
39900.056 3.396965270900027e-07
39950.056 3.032489857779685e-07
40000.056 3.5936491237002723e-07
40050.056 3.338835138220074e-07
40100.056 2.6862870541041674e-07
40150.056 3.461253016580082e-07
40200.056 3.556463916799278e-07
40250.056 3.5406358400992036e-07
40300.056 3.540490500200381e-07
40350.056 3.2755295201396694e-07
40400.056 3.8588792150201393e-07
40450.056 3.2392001069800516e-07
40500.056 3.8521602049999616e-07
40550.056 4.0161386596394223e-07
40600.056 3.7410095071002775e-07
40650.056 3.521063356585369e-07
40700.056 4.6598420734998243e-07
40750.056 3.70355872129934e-07
40800.056 3.112848287798861e-07
40850.056 4.577727181500657e-07
40900.056 4.382238619400015e-07
40950.056 3.86397394926016e-07
41000.056 3.933138295799878e-07
41050.056 4.702845644899478e-07
41100.056 4.09372966749971e-07
41150.056 3.113907914319742e-07
41200.056 4.540434736400017e-07
41250.056 4.091765542099792e-07
41300.056 3.7374950752995165e-07
41350.056 4.743389256400182e-07
41400.056 4.248749076000417e-07
41450.056 4.5978691526000295e-07
41500.056 3.705173016419745e-07
41550.056 3.588855243300719e-07
41600.056 4.1943175315484657e-07
41650.056 4.4053645975002424e-07
41700.056 4.0606644940992786e-07
41750.056 4.064050599199739e-07
41800.056 4.855205441500211e-07
41850.056 3.347922851459863e-07
41900.056 3.965686191569249e-07
41950.056 4.2745555165005e-07
42000.056 4.0498041136993177e-07
42050.056 3.489135355120081e-07
42100.056 4.879783144399974e-07
42150.056 3.5126123193701776e-07
42200.056 3.474587236049905e-07
42250.056 3.8006110407297767e-07
42300.056 3.547104373239915e-07
42350.056 4.216046002200554e-07
42400.056 4.195311974200483e-07
42450.056 3.554801893720461e-07
42500.056 3.6116370668499484e-07
42550.056 3.375707773819823e-07
42600.056 3.7818517460907047e-07
42650.056 4.768582454798959e-07
42700.056 3.7311547328793115e-07
42750.056 3.419919224400338e-07
42800.056 3.9606310774003713e-07
42850.056 4.4007096313989575e-07
42900.056 4.692217224160664e-07
42950.056 3.598969440599176e-07
43000.056 4.1725605462401817e-07
43050.056 2.735317473690917e-07
43100.056 3.751763459399602e-07
43150.056 3.3856227758202946e-07
43200.056 3.905907432300097e-07
43250.056 5.03416822330034e-07
43300.056 4.867169257100194e-07
43350.056 3.0383393024492064e-07
43400.056 3.9075517296999936e-07
43450.056 3.256224192520541e-07
43500.056 3.488575826200165e-07
43550.056 3.5274169602302736e-07
43600.056 4.4766281054004227e-07
43650.056 3.1386260369900796e-07
43700.056 4.749425749500421e-07
43750.056 4.217613548030367e-07
43800.056 3.9498190563195586e-07
43850.056 3.5428082229006123e-07
43900.056 3.754019193319653e-07
43950.056 2.745043494219639e-07
44000.056 2.510259037150052e-07
44050.056 4.1785723183000925e-07
44100.056 5.064005091100285e-07
44150.056 4.977594502319711e-07
44200.056 4.303405894100035e-07
44250.056 3.133217357520032e-07
44300.056 2.7301171524004634e-07
44350.056 3.122297709430633e-07
44400.056 2.9783192514398476e-07
44450.056 3.866827860099915e-07
44500.056 3.7398111261807483e-07
44550.056 4.6336792376996156e-07
44600.056 4.1016865692202514e-07
44650.056 4.056576547220275e-07
44700.056 3.0459755172998377e-07
44750.056 3.806692208400542e-07
44800.056 3.430431634560356e-07
44850.056 4.264358318300498e-07
44900.056 3.3574032137002175e-07
44950.056 3.672512549000166e-07
45000.056 3.969271085600031e-07
45050.056 3.8795716493998107e-07
45100.056 3.9093978707601147e-07
45150.056 3.829571414619733e-07
45200.056 3.07626573608024e-07
45250.056 3.4286136203892297e-07
45300.056 3.168594378940386e-07
45350.056 3.121355980479918e-07
45400.056 4.4352339441003983e-07
45450.056 4.0903550646999854e-07
45500.056 4.185518861840162e-07
45550.056 4.694914041799126e-07
45600.056 4.5568472889004217e-07
45650.056 3.81026130839964e-07
45700.056 3.2378914222700957e-07
45750.056 3.07515615559001e-07
45800.056 4.627728431200135e-07
45850.056 4.617268288199904e-07
45900.056 4.845059091200162e-07
45950.056 3.8931111303298934e-07
46000.056 4.634803336550393e-07
46050.056 3.9214603698900985e-07
46100.056 4.76475067869972e-07
46150.056 3.6296241536698644e-07
46200.056 3.4855348181701046e-07
46250.056 2.2907069465176896e-07
46300.056 3.9076289748599623e-07
46350.056 3.821662249100282e-07
46400.056 3.777821343000147e-07
46450.056 3.4557942968802204e-07
46500.056 3.6450693608607266e-07
46550.056 2.8187858023200573e-07
46600.056 3.507305750319718e-07
46650.056 4.883110472800098e-07
46700.056 3.607641295099602e-07
46750.056 2.5853986793202236e-07
46800.056 2.0783793808801292e-07
46850.056 4.744501446100639e-07
46900.056 4.4094930470997296e-07
46950.056 4.319264739999743e-07
47000.056 3.976817569320513e-07
47050.056 3.6696043635288514e-07
47100.056 2.6398146068302764e-07
47150.056 3.4464734813905027e-07
47200.056 4.0864175355000045e-07
47250.056 2.944043141969719e-07
47300.056 2.2341382290451454e-07
47350.056 4.4223235914998523e-07
47400.056 4.0969207190996665e-07
47450.056 3.811240186740468e-07
47500.056 4.421821950399647e-07
47550.056 3.907361790000088e-07
47600.056 4.0031518475996905e-07
47650.056 3.6243277999194945e-07
47700.056 3.5194087954409254e-07
47750.056 2.682146754190064e-07
47800.056 2.736179446820163e-07
47850.056 1.9806162157201262e-07
47900.056 2.530722898679696e-07
47950.056 3.578815412740126e-07
48000.056 4.6313172062003525e-07
48050.056 4.08193565119989e-07
48100.056 2.444145315000115e-07
48150.056 3.284275839800153e-07
48200.056 2.94567631581997e-07
48250.056 3.1202713449000824e-07
48300.056 4.415635794199458e-07
48350.056 2.8525730474200024e-07
48400.056 1.6684391466236998e-07
48450.056 2.798806820640583e-07
48500.056 3.5751115937994515e-07
48550.056 3.2260306947201303e-07
48600.056 3.503130559000077e-07
48650.056 3.886598886599827e-07
48700.056 3.2896394437201265e-07
48750.056 2.1338186012808567e-07
48800.056 4.0415234418601305e-07
48850.056 2.634350203659502e-07
48900.056 3.898572607539859e-07
48950.056 2.6566104933001516e-07
49000.056 1.6805125314678903e-07
49050.056 3.406877273259609e-07
49100.056 3.6152811182305303e-07
49150.056 2.9988010658850613e-07
49200.056 3.8977979125004886e-07
49250.056 3.7329074598003976e-07
49300.056 3.2728055561798984e-07
49350.056 2.017958997160349e-07
49400.056 2.749893054339534e-07
49450.056 2.841124648665789e-07
49500.056 2.361359377609824e-07
49550.056 1.262015926880071e-07
49600.056 2.128940256608376e-07
49650.056 2.6490411768398043e-07
49700.056 2.654241067199309e-07
49750.056 3.292479946989639e-07
49800.056 2.5645889083260253e-07
49850.056 3.7143422215005723e-07
49900.056 3.090042036019847e-07
49950.056 2.8471524811499064e-07
50000.056 2.709974567889806e-07
50050.056 3.2503333981498676e-07
50100.056 2.6818912248799703e-07
50150.056 1.7892953829698208e-07
50200.056 8.935771085821831e-08
50250.056 2.3833029124998284e-07
50300.056 1.9047517669101696e-07
50350.056 3.1655282049903393e-07
50400.056 2.8588098325098315e-07
50450.056 2.2235244656900688e-07
50500.056 3.0880008295002897e-07
50550.056 2.855271426200147e-07
50600.056 2.2612272874094851e-07
50650.056 3.1282995083005386e-07
50700.056 3.384892107099408e-07
50750.056 2.5505815001203117e-07
50800.056 1.5271917239897798e-07
50850.056 1.388622937540391e-07
50900.056 3.2013642712399346e-07
50950.056 2.5325874052001456e-07
51000.056 2.65195750186018e-07
51050.056 2.7111719117998215e-07
51100.056 1.4411045229397987e-07
51150.056 1.9618231567400522e-07
51200.056 3.603468513699752e-07
51250.056 2.4012373826097087e-07
51300.056 1.8546242010705775e-07
51350.056 2.1410067540297966e-07
51400.056 1.2784328297500534e-07
51450.056 1.0740191528827512e-07
51500.056 1.1178173679763356e-07
51550.056 2.407146268380182e-07
51600.056 1.759460719420199e-07
51650.056 1.9051234458397147e-07
51700.056 2.1877540019887526e-07
51750.056 1.578170990915116e-07
51800.056 2.390227070579474e-07
51850.056 2.0999017835398889e-07
51900.056 3.038589984180242e-07
51950.056 2.2471649158598077e-07
52000.056 7.971528620198397e-08
52050.056 1.605815129130161e-07
52100.056 1.2426835991099337e-07
52150.056 1.034463765012097e-07
52200.056 1.2978353728129825e-07
52250.056 1.7114369505202182e-07
52300.056 2.6015992980999016e-07
52350.056 1.5988610156520148e-07
52400.056 1.2669262033101085e-07
52450.056 2.279989138450177e-07
52500.056 2.2538028803494613e-07
52550.056 2.1526283084997247e-07
52600.056 1.7851500447901232e-07
52650.056 1.887679776930293e-07
52700.056 1.5790109156499918e-07
52750.056 1.0776973286099491e-07
52800.056 1.3725879123401708e-07
52850.056 1.520427175309575e-07
52900.056 1.2976775925117494e-07
52950.056 1.4708941956900556e-07
53000.056 2.018176042720072e-07
53050.056 1.1128189346297049e-07
53100.056 1.794144231629803e-07
53150.056 2.3830606978002372e-07
53200.056 1.0903723922359067e-07
53250.056 2.0642597471401633e-07
53300.056 2.2473293369710653e-07
53350.056 2.0681916444999674e-07
53400.056 1.862281839400003e-07
