galfind/configs/Brown_Dwarf_templates/sonora_bobcat/m0.0/562g/sp_t1300g562nc_m0.0_resample.dat
# %ECSV 1.0
# ---
# datatype:
# - {name: wav, unit: Angstrom, datatype: float64}
# - {name: flux_nu, unit: erg / (cm2 Hz s), datatype: float64}
# meta: {C/O: '1.00', Kzz: '1.0000E+05', Teff: '1300.', Y: '0.28', '[Fe/H]': '0.00', f_hole: '1.00', f_rain: '0.00', grav: '562.'}
# schema: astropy-2.0
wav flux_nu
4000.0559999999996 nan
4050.0559999999996 1.4447230740155129e-11
4100.056 1.6486046886898795e-10
4150.056 2.625360766510216e-10
4200.056 2.3146280297151954e-10
4250.056 3.0274157746201253e-10
4300.056 3.324304952780432e-10
4350.056 3.580355762600163e-10
4400.056 4.336020444000291e-10
4450.056 4.3824662308000773e-10
4500.056 4.294302290300236e-10
4550.056 5.122972932213553e-10
4600.056 5.43720312733997e-10
4650.056 5.080668326499615e-10
4700.056 5.550742144600106e-10
4750.056 4.380601627999903e-10
4800.056 1.962933078170063e-10
4850.056 9.569975413399915e-11
4900.056 5.2443749040999544e-11
4950.056 2.5227089867999788e-11
5000.056 9.286587196099886e-12
5050.056 3.913107550099987e-12
5100.056 3.264965324199998e-12
5150.056 2.913514601000005e-12
5200.056 2.591339598099992e-12
5250.056 2.214889703699996e-12
5300.056 1.8631282451999967e-12
5350.056 1.5748788037999972e-12
5400.056 1.3359165587999976e-12
5450.056 1.1251221632999977e-12
5500.056 9.351826771699985e-13
5550.056 7.67578114679998e-13
5600.056 6.167849060899981e-13
5650.056 4.789602163499984e-13
5700.056 3.5588798901999856e-13
5750.056 2.4961011779999877e-13
5800.056 1.6409033634999895e-13
5850.056 9.412461753299881e-14
5900.056 2.9320092352837614e-14
5950.056 1.911649888250032e-13
6000.056 5.307586623800062e-13
6050.056 1.3225772135900165e-12
6100.056 2.931445570700032e-12
6150.056 5.944192102500057e-12
6200.056 1.1149151982900088e-11
6250.056 1.9614974564000153e-11
6300.056 3.297454383400024e-11
6350.056 5.325312277000038e-11
6400.056 8.290806410200055e-11
6450.056 1.2486119794000048e-10
6500.056 1.8370780608000087e-10
6550.056 2.6542707870000135e-10
6600.056 3.7710276437000263e-10
6650.056 5.228832722900027e-10
6700.056 5.008492294619519e-10
6750.056 9.193247950700059e-10
6800.056 1.1927770760000049e-09
6850.056 1.3387525728000012e-09
6900.056 1.297756768900001e-09
6950.056 1.1946227163999971e-09
7000.056 1.2003534460000033e-09
7050.056 1.3081570194999994e-09
7100.056 1.4377646642000008e-09
7150.056 1.5230445248199922e-09
7200.056 1.5482463542600128e-09
7250.056 1.4943626647999796e-09
7300.056 1.3678621617000003e-09
7350.056 1.2172860190299919e-09
7400.056 1.063702760400003e-09
7450.056 8.968336822800005e-10
7500.056 7.183226675699958e-10
7550.056 5.333870535099963e-10
7600.056 3.452302362499956e-10
7650.056 5.399779312482622e-11
7700.056 2.3107564753799586e-11
7750.056 2.4529499821400666e-10
7800.056 5.526118099938106e-10
7850.056 1.2050360115600118e-09
7900.056 1.8945649191000136e-09
7950.056 2.2284959239958845e-09
8000.056 3.911906496300028e-09
8050.056 5.264478584000036e-09
8100.056 6.788169224100012e-09
8150.056 8.59573055100002e-09
8200.056 1.0519831972600188e-08
8250.056 1.3363101905700167e-08
8300.056 1.6340076612100644e-08
8350.056 1.9677404448899835e-08
8400.056 2.3542200737999605e-08
8450.056 2.7959464051999744e-08
8500.056 2.9211797534511594e-08
8550.056 3.6513822188301084e-08
8600.056 4.2322838741999984e-08
8650.056 4.2904695115998474e-08
8700.056 4.8558133052995665e-08
8750.056 5.5583331324001675e-08
8800.056 6.569753408800159e-08
8850.056 7.486556379399802e-08
8900.056 8.139655654800005e-08
8950.056 7.526820258015354e-08
9000.056 1.0274347357899646e-07
9050.056 1.1640538792700394e-07
9100.056 1.3226274634800195e-07
9150.056 1.45096562546003e-07
9200.056 1.6070258301698735e-07
9250.056 1.6301744924518708e-07
9300.056 1.1547064478125706e-07
9350.056 1.3912509600385935e-07
9400.056 1.7536479403398985e-07
9450.056 1.9217246838139325e-07
9500.056 1.9983895731655746e-07
9550.056 2.1704678650830422e-07
9600.056 2.1685613094021453e-07
9650.056 2.3714709495780609e-07
9700.056 2.6769233115808586e-07
9750.056 2.7678586835840254e-07
9800.056 3.0168552606056854e-07
9850.056 3.2505363027699936e-07
9900.056 2.703217200219864e-07
9950.056 2.4283025376999544e-07
10000.056 2.1178321834299208e-07
10050.056 2.607843772899994e-07
10100.056 3.0723984822000084e-07
10150.056 3.220995355599743e-07
10200.056 3.5627648003999245e-07
10250.056 3.822655333799952e-07
10300.056 3.929123350800029e-07
10350.056 4.479621227000138e-07
10400.056 4.916757964499895e-07
10450.056 5.089780632800099e-07
10500.056 5.049248587099948e-07
10550.056 5.142544366300109e-07
10600.056 5.462543571199933e-07
10650.056 5.843928442600217e-07
10700.056 6.235548399200213e-07
10750.056 6.715538682800168e-07
10800.056 7.186980214900004e-07
10850.056 7.799882210099808e-07
10900.056 7.463670054599878e-07
10950.056 6.295672250209922e-07
11000.056 5.712340484399543e-07
11050.056 4.957526321215849e-07
11100.056 4.4935142797026187e-07
11150.056 4.092452934585376e-07
11200.056 4.3022632603527905e-07
11250.056 5.241154614101193e-07
11300.056 5.018813992352204e-07
11350.056 3.3739649239507234e-07
11400.056 3.797712711672797e-07
11450.056 4.4907808250541823e-07
11500.056 5.467848970747401e-07
11550.056 4.499175797843775e-07
11600.056 4.7641637888409113e-07
11650.056 4.852632807068275e-07
11700.056 3.5288757260941677e-07
11750.056 3.3387665241842337e-07
11800.056 4.0512857391950555e-07
11850.056 6.085129909696024e-07
11900.056 6.963500053554209e-07
11950.056 7.51711292931006e-07
12000.056 7.485937599870079e-07
12050.056 8.836698043730656e-07
12100.056 9.285512648999665e-07
12150.056 1.0668868850299607e-06
12200.056 1.1080494197998986e-06
12250.056 1.2147106837199419e-06
12300.056 1.3025084280500566e-06
12350.056 1.297964093150007e-06
12400.056 1.2131337357399713e-06
12450.056 1.0727418146200217e-06
12500.056 1.1216711915499694e-06
12550.056 1.1767338587000733e-06
12600.056 1.517074281500026e-06
12650.056 1.5331103161099884e-06
12700.056 1.6457332083801202e-06
12750.056 1.6095921719099968e-06
12800.056 1.6650385453400413e-06
12850.056 1.547832802060003e-06
12900.056 1.4449498511700158e-06
12950.056 1.473857170929969e-06
13000.056 1.502441070889889e-06
13050.056 1.5146512820399592e-06
13100.056 1.495052119416336e-06
13150.056 1.3927255520943433e-06
13200.056 1.2925110444059695e-06
13250.056 1.0793176735065084e-06
13300.056 7.256180660871293e-07
13350.056 2.802090695453243e-07
13400.056 1.9102784676473896e-07
13450.056 1.4106910830252713e-07
13500.056 1.1512019444705896e-07
13550.056 9.653373392752872e-08
13600.056 8.291503358770371e-08
13650.056 1.3031745238465133e-07
13700.056 1.0876348361567601e-07
13750.056 1.1990465185217607e-07
13800.056 1.4725852400052567e-07
13850.056 1.2949731012855474e-07
13900.056 1.307919509796701e-07
13950.056 1.2192984706192233e-07
14000.056 1.135641319090206e-07
14050.056 1.2394020741814085e-07
14100.056 1.0271099296708589e-07
14150.056 1.2573412785982128e-07
14200.056 1.0626614241589868e-07
14250.056 1.0493570007283912e-07
14300.056 1.3261177849598915e-07
14350.056 1.3344557606030696e-07
14400.056 1.4320617244332255e-07
14450.056 1.5314340187528391e-07
14500.056 2.0616075925686813e-07
14550.056 2.1657910986624852e-07
14600.056 2.5909692950129497e-07
14650.056 2.5909872665798347e-07
14700.056 2.285501636602218e-07
14750.056 2.6284817739379997e-07
14800.056 3.020479484248919e-07
14850.056 3.3110091224186583e-07
14900.056 3.2639353679645747e-07
14950.056 3.4927740786964537e-07
15000.056 3.726670558236484e-07
15050.056 4.3791114627572475e-07
15100.056 4.587841545580177e-07
15150.056 5.072107079133378e-07
15200.056 5.144970186305407e-07
15250.056 5.772488027399927e-07
15300.056 6.242127584329594e-07
15350.056 6.884545107559684e-07
15400.056 7.484678306420235e-07
15450.056 8.061803259620441e-07
15500.056 8.421447419399879e-07
15550.056 9.235875726699319e-07
15600.056 9.260397517600385e-07
15650.056 9.81880816880057e-07
15700.056 1.088501629290154e-06
15750.056 1.147651805529961e-06
15800.056 1.1335255747100928e-06
15850.056 1.1735576916300003e-06
15900.056 1.1802447872000496e-06
15950.056 1.1980482788799182e-06
16000.056 1.1661430341200008e-06
16050.056 1.0984090924399994e-06
16100.056 1.0431223513999667e-06
16150.056 9.39720242689987e-07
16200.056 8.629332914068435e-07
16250.056 8.407896416119117e-07
16300.056 8.042071361583898e-07
16350.056 8.524331940757098e-07
16400.056 9.05760841859086e-07
16450.056 9.443470755055502e-07
16500.056 9.943692036604743e-07
16550.056 9.81938306005901e-07
16600.056 9.561180359901209e-07
16650.056 8.561987203237396e-07
16700.056 6.739540181720691e-07
16750.056 7.355605937069685e-07
16800.056 8.743683844400249e-07
16850.056 8.67232629311954e-07
16900.056 8.285498771300053e-07
16950.056 7.742505504209808e-07
17000.056 7.150680934301326e-07
17050.056 8.001232290500638e-07
17100.056 7.92431938340052e-07
17150.056 7.158442531139465e-07
17200.056 7.314666375398792e-07
17250.056 6.673797916128489e-07
17300.056 6.153431338630032e-07
17350.056 5.644250999759695e-07
17400.056 5.650083149039717e-07
17450.056 5.193249290988394e-07
17500.056 5.295165586664926e-07
17550.056 4.951333489651452e-07
17600.056 4.699427231164356e-07
17650.056 4.6649906994419235e-07
17700.056 3.748710287027965e-07
17750.056 3.4455187808527963e-07
17800.056 3.847013952626491e-07
17850.056 3.018625089331417e-07
17900.056 3.2290575764924523e-07
17950.056 2.8826164577990077e-07
18000.056 2.857102241030002e-07
18050.056 2.74053028773113e-07
18100.056 2.7226334299624604e-07
18150.056 3.2481678251174654e-07
18200.056 2.3318971523639727e-07
18250.056 3.491695326868998e-07
18300.056 2.920355457225231e-07
18350.056 2.679677180330326e-07
18400.056 2.6081753204745245e-07
18450.056 2.5215123477326783e-07
18500.056 2.7087620122603337e-07
18550.056 2.378372499120602e-07
18600.056 2.0168821409906562e-07
18650.056 2.1578639950832238e-07
18700.056 2.337591542244326e-07
18750.056 2.481952411883321e-07
18800.056 3.0873202717246404e-07
18850.056 3.5251095510670857e-07
18900.056 3.3694796804912754e-07
18950.056 4.126910031282076e-07
19000.056 3.800621605917799e-07
19050.056 3.39864986298462e-07
19100.056 4.2450943679456063e-07
19150.056 3.8363628331270924e-07
19200.056 4.136334249587865e-07
19250.056 3.623526269620569e-07
19300.056 3.7010943304174234e-07
19350.056 3.378556707821481e-07
19400.056 2.623644178914991e-07
19450.056 3.618538416150619e-07
19500.056 3.6399784811707235e-07
19550.056 2.878499918687164e-07
19600.056 3.443487775867052e-07
19650.056 3.710452114995931e-07
19700.056 3.7284411201303317e-07
19750.056 3.5791463081894377e-07
19800.056 3.891560863389605e-07
19850.056 4.373686525682598e-07
19900.056 3.6224249426333697e-07
19950.056 4.7205148073999833e-07
20000.056 4.224329418550248e-07
20050.056 4.776034506360754e-07
20100.056 4.875563659468996e-07
20150.056 5.164213770410583e-07
20200.056 5.478616402309919e-07
20250.056 5.87308135056915e-07
20300.056 5.811274459740529e-07
20350.056 6.412105883139244e-07
20400.056 6.36900144192807e-07
20450.056 6.811943643448656e-07
20500.056 7.123122721269361e-07
20550.056 7.132157385339995e-07
20600.056 7.832503318400862e-07
20650.056 7.716460682760861e-07
20700.056 7.990104615090822e-07
20750.056 8.143282818399603e-07
20800.056 8.470429316599837e-07
20850.056 8.294056994699723e-07
20900.056 8.705760633698835e-07
20950.056 8.657707856699827e-07
21000.056 8.762042693500342e-07
21050.056 8.755543701999892e-07
21100.056 8.649228709800117e-07
21150.056 8.878451058899156e-07
21200.056 8.603232105200098e-07
21250.056 8.697297165399123e-07
21300.056 8.213736350599348e-07
21350.056 8.391036867500113e-07
21400.056 8.073978159301393e-07
21450.056 8.10832512192001e-07
21500.056 7.74003666426097e-07
21550.056 7.545200327200357e-07
21600.056 7.271869138600875e-07
21650.056 6.954883469800237e-07
21700.056 6.975846208800058e-07
21750.056 6.416566117530194e-07
21800.056 6.013063185898756e-07
21850.056 5.634602600100194e-07
21900.056 5.029509046059687e-07
21950.056 4.091090737240667e-07
22000.056 2.80609808650029e-07
22050.056 2.2199106030688366e-07
22100.056 2.637452977121001e-07
22150.056 3.090605902459819e-07
22200.056 3.26111231314788e-07
22250.056 3.224873599531181e-07
22300.056 2.904298029936908e-07
22350.056 2.779954627862198e-07
22400.056 2.4354901933900225e-07
22450.056 2.2010148000255924e-07
22500.056 2.2345292560107504e-07
22550.056 1.9879653623713126e-07
22600.056 2.0380757522009597e-07
22650.056 2.015753443809048e-07
22700.056 1.8721435275549108e-07
22750.056 1.8907746535604033e-07
22800.056 1.7554593982315937e-07
22850.056 1.5978512008203224e-07
22900.056 1.5327896717355715e-07
22950.056 1.379893013099686e-07
23000.056 1.5854585425900075e-07
23050.056 1.9325072756557041e-07
23100.056 2.4202797738003607e-07
23150.056 2.4937014027198894e-07
23200.056 1.330695942929973e-07
23250.056 1.3801710215402385e-07
23300.056 1.1955194154944273e-07
23350.056 1.1664312676539967e-07
23400.056 1.213785630934252e-07
23450.056 1.2542746571951102e-07
23500.056 1.3559369810094278e-07
23550.056 1.569803340530262e-07
23600.056 1.722781791179761e-07
23650.056 1.996497586609705e-07
23700.056 1.4784533982892378e-07
23750.056 1.3473207284900996e-07
23800.056 1.2619063685999856e-07
23850.056 1.3895615416400894e-07
23900.056 1.8259205598721678e-07
23950.056 1.9911691992103138e-07
24000.056 2.1376598929994744e-07
24050.056 2.3569837248769084e-07
24100.056 2.2017004085535788e-07
24150.056 2.3545292497907673e-07
24200.056 2.4283936179775573e-07
24250.056 2.2445873965300932e-07
24300.056 2.4350614198604997e-07
24350.056 2.1360625479375154e-07
24400.056 2.5599077210007096e-07
24450.056 2.3567941629609583e-07
24500.056 2.401366589334566e-07
24550.056 2.535589348090885e-07
24600.056 2.611346644470248e-07
24650.056 3.0008409689002946e-07
24700.056 2.3979534877592874e-07
24750.056 2.472837436840402e-07
24800.056 2.5124821315342727e-07
24850.056 3.0797684306044387e-07
24900.056 2.1743485088951877e-07
24950.056 3.0506403764342977e-07
25000.056 2.7825298531247005e-07
25050.056 2.1494079532634678e-07
25100.056 2.713915631848746e-07
25150.056 2.198665651372685e-07
25200.056 2.541891817434377e-07
25250.056 2.1297576131597428e-07
25300.056 2.602994011525159e-07
25350.056 1.961723872047029e-07
25400.056 2.627715173089609e-07
25450.056 1.9867325366937333e-07
25500.056 2.101229552372388e-07
25550.056 2.0816358485187904e-07
25600.056 2.097184779563791e-07
25650.056 1.7114272261539994e-07
25700.056 2.5632955089310564e-07
25750.056 1.5779526660454973e-07
25800.056 2.545308326658482e-07
25850.056 1.8051573996078122e-07
25900.056 2.276683993892798e-07
25950.056 1.674246841254231e-07
26000.056 2.6619516352811045e-07
26050.056 2.2981637565865272e-07
26100.056 2.7481393630258833e-07
26150.056 2.4514299624317924e-07
26200.056 2.5076270305911185e-07
26250.056 2.9930101637693995e-07
26300.056 2.584494896135291e-07
26350.056 3.3084173549506615e-07
26400.056 3.296014062851664e-07
26450.056 3.298210297366489e-07
26500.056 3.5290987296511115e-07
26550.056 2.822266981041243e-07
26600.056 3.6639542306206085e-07
26650.056 2.361619511416585e-07
26700.056 2.3773344868942252e-07
26750.056 1.8084180665061597e-07
26800.056 2.3813981804686423e-07
26850.056 1.6449486398690874e-07
26900.056 2.632283336241205e-07
26950.056 1.6577900365785124e-07
27000.056 2.7405100310236185e-07
27050.056 2.272606939781053e-07
27100.056 2.1525869596275333e-07
27150.056 2.731264743090239e-07
27200.056 2.3381238303023692e-07
27250.056 2.3818063757667786e-07
27300.056 3.5133352849303225e-07
27350.056 3.034855396861211e-07
27400.056 1.886208469602795e-07
27450.056 3.670963986342185e-07
27500.056 3.406647326609555e-07
27550.056 2.4594724243573503e-07
27600.056 3.569907576099772e-07
27650.056 2.299812781011912e-07
27700.056 2.0691290158110656e-07
27750.056 3.579019463262425e-07
27800.056 2.19888562074685e-07
27850.056 2.4875946410139813e-07
27900.056 2.662296072870274e-07
27950.056 3.581788204279972e-07
28000.056 3.0886315704294334e-07
28050.056 1.8646040533744692e-07
28100.056 3.802450671463587e-07
28150.056 2.6749807583133476e-07
28200.056 1.9505720315060526e-07
28250.056 3.4363598363198707e-07
28300.056 4.074998796069551e-07
28350.056 2.284589002323335e-07
28400.056 2.966449810211811e-07
28450.056 3.508991961279181e-07
28500.056 3.134436376669301e-07
28550.056 1.81198961988343e-07
28600.056 3.8820363512396317e-07
28650.056 3.441665243831991e-07
28700.056 3.0510422631895203e-07
28750.056 3.7269504214241314e-07
28800.056 3.438964185550838e-07
