galfind/configs/Brown_Dwarf_templates/sonora_bobcat/m0.0/562g/sp_t200g562nc_m0.0_resample.dat
# %ECSV 1.0
# ---
# datatype:
# - {name: wav, unit: Angstrom, datatype: float64}
# - {name: flux_nu, unit: erg / (cm2 Hz s), datatype: float64}
# meta: {C/O: '1.00', Kzz: '1.0000E+05', Teff: '200.', Y: '0.28', '[Fe/H]': '0.00', f_hole: '1.00', f_rain: '0.00', grav: '562.'}
# schema: astropy-2.0
wav flux_nu
[from data line 498]
28900.056 2.9221309010626965e-15
28950.056 3.195803938891949e-15
29000.056 2.5833416396593525e-15
29050.056 5.922560795188132e-15
29100.056 1.8423653575709234e-16
29150.056 1.7280300570224826e-16
29200.056 1.8203743828841334e-14
29250.056 4.405296584794414e-15
29300.056 5.701183286109325e-16
29350.056 7.205058574144771e-15
29400.056 8.152734526566018e-15
29450.056 9.314988004018563e-16
29500.056 1.325778193715574e-14
29550.056 7.666212821953318e-15
29600.056 9.343729853330112e-16
29650.056 8.87173001927152e-15
29700.056 6.288889172623737e-15
29750.056 2.7371427791450006e-14
29800.056 2.3874101288904007e-15
29850.056 1.931026010292736e-14
29900.056 4.739959501444624e-15
29950.056 3.547982966866043e-15
30000.056 1.0199742431764555e-17
30050.056 3.604647695726316e-15
30100.056 1.0959759158379846e-14
30150.056 1.2606545496711477e-14
30200.056 5.859815544740253e-14
30250.056 2.495863726802254e-14
30300.056 2.8196057460586022e-14
30350.056 1.7889711218234537e-14
30400.056 8.459514976448106e-14
30450.056 1.1247124527035673e-13
30500.056 7.229137212329259e-15
30550.056 1.163984726995658e-14
30600.056 7.871879715815749e-13
30650.056 2.2967130898484365e-13
30700.056 5.898191801805235e-15
30750.056 9.535168234240608e-14
30800.056 4.0405555680049007e-13
30850.056 3.54837540641645e-13
30900.056 7.103252791363668e-14
30950.056 8.901997678061813e-14
31000.056 1.0421690083633843e-13
31050.056 1.132665896501451e-14
31100.056 5.084976441974867e-15
31150.056 7.962582559129528e-14
31200.056 3.407993237697309e-13
31250.056 2.9259109165859594e-13
31300.056 1.9393141150023354e-14
31350.056 3.342690377093545e-13
31400.056 2.3978114800900915e-13
31450.056 1.6876580578679097e-13
31500.056 4.230490340441541e-14
31550.056 1.2817344679827074e-13
31600.056 1.0750572028193894e-13
31650.056 4.8557036242797125e-14
31700.056 3.690208393731287e-14
31750.056 1.4773127418988862e-14
31800.056 2.0855815432998918e-14
31850.056 1.605327356327473e-15
31900.056 5.1880696632509754e-15
31950.056 1.6080875071794656e-15
32000.056 1.2108502546840627e-15
32050.056 4.896887880503706e-16
32100.056 3.654127696552358e-16
32150.056 1.342833068434222e-16
32200.056 3.1396399086789937e-17
32250.056 7.651986737661988e-17
32300.056 6.894373532844988e-18
32350.056 2.094312876549685e-17
32400.056 1.1220608106494494e-18
32450.056 1.085178596699386e-17
32500.056 8.342132989225521e-19
32550.056 5.637398874014258e-18
32600.056 2.958345440029318e-19
32650.056 7.100187220609079e-18
32700.056 3.948278471174869e-19
32750.056 2.0194821668003825e-17
32800.056 3.850016636532262e-18
32850.056 1.5250711513701295e-16
32900.056 4.798828102157288e-17
32950.056 1.9296523455391908e-16
33000.056 4.0781672589525674e-17
33050.056 1.1019791712389413e-17
33100.056 1.8218577206434248e-18
33150.056 7.830016997158762e-21
33200.056 2.0046407619023467e-18
33250.056 2.943824583906984e-18
33300.056 1.1716397359355245e-16
33350.056 2.17545865094844e-17
33400.056 2.616018100809642e-16
33450.056 4.849572978388589e-18
33500.056 1.0154680886941105e-16
33550.056 1.1669796451096796e-17
33600.056 5.901170720697403e-17
33650.056 1.0431774502379802e-16
33700.056 7.74438353490877e-18
33750.056 1.3874619845056288e-16
33800.056 4.2844597467779645e-18
33850.056 7.118668880506554e-17
33900.056 8.712484950222496e-17
33950.056 1.594529172297701e-16
34000.056 7.088926266582382e-16
34050.056 8.690851943764355e-17
34100.056 1.1734132694629053e-15
34150.056 3.5490018667075176e-16
34200.056 3.4028927492536526e-15
34250.056 5.617150595279661e-16
34300.056 1.3296929348483363e-15
34350.056 2.1810933907311153e-14
34400.056 1.0038343271059164e-15
34450.056 7.693970070545316e-15
34500.056 1.1083435525463234e-15
34550.056 2.1191769588264583e-14
34600.056 1.5706630385962286e-13
34650.056 9.884280025259598e-16
34700.056 5.776688448576822e-14
34750.056 8.313421136993571e-15
34800.056 6.353816881224323e-15
34850.056 2.5223602345596167e-14
34900.056 5.215357544313732e-15
34950.056 6.302745282771631e-14
35000.056 3.9262389567509066e-14
35050.056 2.0507479768230937e-13
35100.056 1.41565360941461e-13
35150.056 3.661867582070382e-13
35200.056 5.841227739213193e-13
35250.056 8.404283628598963e-13
35300.056 3.886715427159621e-14
35350.056 2.9452446141119273e-15
35400.056 1.7008145847820887e-15
35450.056 2.3937351050523798e-15
35500.056 3.8442105993750856e-14
35550.056 6.101906899427615e-14
35600.056 1.2992865275343456e-13
35650.056 1.5426390888204423e-13
35700.056 3.193580815593701e-13
35750.056 1.3730495885665547e-13
35800.056 2.3491809340246616e-14
35850.056 1.8143796750813194e-14
35900.056 5.3271691423357315e-14
35950.056 3.123968129048362e-13
36000.056 4.5349453613181263e-13
36050.056 2.775735003708657e-13
36100.056 1.8894946254390839e-13
36150.056 3.85274853877734e-12
36200.056 9.6893664928143e-13
36250.056 3.0413729748352706e-13
36300.056 1.9120638915227454e-12
36350.056 1.7048999132838702e-12
36400.056 1.5706208113219449e-12
36450.056 8.259657540188825e-13
36500.056 5.950366142005776e-13
36550.056 6.158955355939763e-12
36600.056 7.059849253400099e-12
36650.056 1.3529798696870685e-12
36700.056 4.01488848325619e-12
36750.056 1.1224998522502568e-11
36800.056 1.0711777697998738e-11
36850.056 1.934676897930771e-12
36900.056 1.5876563737889063e-12
36950.056 1.4231354298874673e-11
37000.056 9.947890637176874e-12
37050.056 1.471961010495791e-11
37100.056 7.042782802083387e-13
37150.056 2.3162475050747605e-12
37200.056 2.7127107953604934e-11
37250.056 1.0446792190314466e-11
37300.056 1.743487891881638e-12
37350.056 2.2316300531357123e-12
37400.056 5.85300463048856e-12
37450.056 2.9501704069801143e-12
37500.056 2.8386828907246516e-12
37550.056 2.3698144798863542e-11
37600.056 6.267562160291106e-11
37650.056 2.582145751697758e-12
37700.056 1.0229913102272607e-11
37750.056 1.0211589468358538e-11
37800.056 8.830265322863954e-12
37850.056 7.155762386919803e-12
37900.056 3.5619291604896897e-12
37950.056 6.324260691380812e-12
38000.056 3.389280225372161e-12
38050.056 2.24693252087418e-11
38100.056 3.842512887466435e-11
38150.056 5.5502322280486695e-11
38200.056 2.4832461396071644e-11
38250.056 5.839129133439939e-11
38300.056 1.7264823368138582e-10
38350.056 3.4215368413969815e-11
38400.056 3.934798354030621e-12
38450.056 5.027093169369265e-13
38500.056 2.741053751886935e-12
38550.056 3.0215433914404185e-11
38600.056 6.613122977299321e-11
38650.056 2.5181091112045747e-11
38700.056 6.640536445878402e-12
38750.056 2.8134916352241104e-11
38800.056 2.39490227860413e-11
38850.056 3.282214384750771e-11
38900.056 3.305881269357571e-11
38950.056 1.8187058602232695e-11
39000.056 7.732304380915119e-11
39050.056 4.663900714550873e-12
39100.056 1.2111584951104299e-11
39150.056 5.837305568690439e-11
39200.056 5.481387301900022e-11
39250.056 4.509869830635695e-11
39300.056 3.106763660957122e-11
39350.056 1.51828437237001e-10
39400.056 3.9264237522720224e-11
39450.056 1.0728627608368305e-10
39500.056 1.4266671813298512e-10
39550.056 2.1285027803388565e-11
39600.056 7.61872942876039e-11
39650.056 2.6037177606000533e-10
39700.056 2.2839451247799637e-10
39750.056 2.9290698432857494e-11
39800.056 1.2128243907078099e-11
39850.056 1.619361186410261e-10
39900.056 3.477804893899968e-10
39950.056 6.390191333900686e-11
40000.056 1.424437596090164e-10
40050.056 1.7704767461368048e-10
40100.056 1.8285258190876465e-11
40150.056 1.3540215220802124e-10
40200.056 2.0753927618097873e-10
40250.056 2.9054703559996415e-10
40300.056 3.1063595966902024e-10
40350.056 7.062759038511452e-11
40400.056 6.765952862943568e-11
40450.056 2.5757017953119058e-11
40500.056 2.450894780717305e-10
40550.056 3.037778536239615e-10
40600.056 4.675512358099884e-10
40650.056 1.708159920655807e-10
40700.056 2.270268887549834e-10
40750.056 1.679362667921829e-10
40800.056 8.228601152599403e-11
40850.056 6.319490092700651e-10
40900.056 6.812745167799472e-10
40950.056 2.69372505977189e-10
41000.056 1.5185989409242023e-10
41050.056 6.418761185600347e-10
41100.056 5.462218923729392e-10
41150.056 5.66048266461924e-11
41200.056 6.71601957826107e-10
41250.056 6.603579981968874e-10
41300.056 6.098473705501132e-10
41350.056 1.4475766833000333e-09
41400.056 1.0456671234299383e-09
41450.056 1.0713286708099936e-09
41500.056 3.652936750129274e-10
41550.056 3.1837674289705745e-10
41600.056 4.1099425476095496e-10
41650.056 1.1943169686241408e-09
41700.056 1.976578301899943e-09
41750.056 1.4542952465400435e-09
41800.056 1.6009080451999596e-09
41850.056 7.917887332899151e-10
41900.056 5.124439566498837e-10
41950.056 3.117935934819455e-10
42000.056 2.3189960881838535e-11
42050.056 9.233511735410611e-11
42100.056 2.822296186669955e-10
42150.056 4.876595317900076e-10
42200.056 8.134556765100176e-10
42250.056 6.26935727060051e-10
42300.056 4.975647604699638e-10
42350.056 1.3242295204200686e-09
42400.056 2.1502208284000977e-09
42450.056 2.9240084212000754e-09
42500.056 3.127966191299985e-09
42550.056 2.6626849090999132e-09
42600.056 1.5911829028001424e-09
42650.056 1.981604594879784e-09
42700.056 6.655632163080269e-10
42750.056 2.4040907005602283e-09
42800.056 3.998268222200074e-09
42850.056 4.063131841099891e-09
42900.056 3.6683337234000175e-09
42950.056 2.963298262400077e-09
43000.056 3.2104875746999462e-09
43050.056 1.5738238356497252e-09
43100.056 2.1344390523801738e-09
43150.056 2.889485109900092e-09
43200.056 4.115996981900069e-09
43250.056 4.429614759200018e-09
43300.056 4.064347548699894e-09
43350.056 3.018706764899932e-09
43400.056 3.1733901781999445e-09
43450.056 1.6814529923499495e-09
43500.056 1.126641771160024e-09
43550.056 2.2129489701001257e-09
43600.056 3.820527978099974e-09
43650.056 2.5426307457999186e-09
43700.056 3.760575344900393e-09
43750.056 4.660870288799905e-09
43800.056 3.554628923999897e-09
43850.056 2.84976487870008e-09
43900.056 1.921203272420041e-09
43950.056 1.8721044886000317e-09
44000.056 2.3687234438000083e-09
44050.056 4.162271563500257e-09
44100.056 5.120330402000007e-09
44150.056 4.620678326499944e-09
44200.056 4.4313355023999474e-09
44250.056 3.0640344473999017e-09
44300.056 2.0140760864999497e-09
44350.056 1.6042642215500173e-09
44400.056 1.8817367500900336e-09
44450.056 3.5018798585002274e-09
44500.056 3.3856278403999587e-09
44550.056 4.043175305700049e-09
44600.056 3.2506330195999934e-09
44650.056 3.6748097386999774e-09
44700.056 3.108136306899827e-09
44750.056 3.683100175500091e-09
44800.056 2.4878655940999236e-09
44850.056 3.0345933966001175e-09
44900.056 3.49131115020001e-09
44950.056 4.258733654400166e-09
45000.056 4.777777064199978e-09
45050.056 3.997575690899787e-09
45100.056 3.6898565930001545e-09
45150.056 3.320742857799915e-09
45200.056 2.2684228096999582e-09
45250.056 2.6635711424999266e-09
45300.056 2.417576183599985e-09
45350.056 1.6124452310101499e-09
45400.056 4.208415375900084e-09
45450.056 3.508795968200214e-09
45500.056 4.616015537700128e-09
45550.056 4.576737716999736e-09
45600.056 4.326458232500097e-09
45650.056 4.037990777599813e-09
45700.056 2.2401434403297333e-09
45750.056 2.045481737020201e-09
45800.056 3.926478963599971e-09
45850.056 2.986659883000164e-09
45900.056 4.77473638180004e-09
45950.056 5.027496432999889e-09
46000.056 4.574607109400017e-09
46050.056 3.536614154300169e-09
46100.056 4.649715891599897e-09
46150.056 3.4390345485999576e-09
46200.056 2.237576933229732e-09
46250.056 8.446047281200218e-10
46300.056 2.614042391600182e-09
46350.056 3.0133024100000042e-09
46400.056 3.2259985115000577e-09
46450.056 2.081151179329901e-09
46500.056 3.1499350971000546e-09
46550.056 1.9079911728298086e-09
46600.056 1.4055419864699694e-09
46650.056 2.6320160663000946e-09
46700.056 2.0478440065298273e-09
46750.056 7.414575748300201e-10
46800.056 4.3490255228997343e-10
46850.056 1.7979711904302897e-09
46900.056 3.1849139638000712e-09
46950.056 3.6128100810000043e-09
47000.056 3.766499319600007e-09
47050.056 2.137243005799734e-09
47100.056 2.233150319300037e-09
47150.056 2.544507320500121e-09
47200.056 2.6739218787998895e-09
47250.056 1.0385516730897838e-09
47300.056 7.932553823602025e-10
47350.056 2.5087565063001463e-09
47400.056 3.1289257976999823e-09
47450.056 1.8719900354999576e-09
47500.056 2.934958456900233e-09
47550.056 3.255899788199959e-09
47600.056 1.7992472398398724e-09
47650.056 2.1675284234298993e-09
47700.056 1.919814690800153e-09
47750.056 1.7429873188999539e-09
47800.056 8.919098615499001e-10
47850.056 3.1190200697004335e-10
47900.056 6.085459661500287e-10
47950.056 1.79402789930015e-09
48000.056 2.133471884999846e-09
48050.056 1.721350885350054e-09
48100.056 1.0951785824499632e-09
48150.056 1.7941502447000333e-09
48200.056 8.27412789559879e-10
48250.056 1.4238341661000763e-09
48300.056 1.6923708852999507e-09
48350.056 9.453768539598792e-10
48400.056 2.235849244169573e-10
48450.056 3.419965501470695e-10
48500.056 6.666690049599407e-10
48550.056 8.23356158780177e-10
48600.056 2.001110043700069e-09
48650.056 2.398224982100002e-09
48700.056 2.2114469086000302e-09
48750.056 2.1796161428999903e-09
48800.056 2.0077292501999434e-09
48850.056 9.30427735669897e-10
48900.056 6.057025963299267e-10
48950.056 3.3853272567999014e-10
49000.056 2.77027702527052e-10
49050.056 7.970803291399622e-10
49100.056 1.2283753940101511e-09
49150.056 1.3170761291199963e-09
49200.056 1.965815796600073e-09
49250.056 1.952198649499962e-09
49300.056 1.3636329442598772e-09
49350.056 6.152685049800807e-10
49400.056 7.661166246398906e-10
49450.056 5.717475710900788e-10
49500.056 4.146799658199395e-10
49550.056 1.3332054696899437e-10
49600.056 2.0808761335103052e-10
49650.056 6.616627813300673e-10
49700.056 1.014427172970015e-09
49750.056 6.558908641199586e-10
49800.056 4.49375972370022e-10
49850.056 1.0937499055500771e-09
49900.056 1.359963772099999e-09
49950.056 1.200453547739961e-09
50000.056 5.590810682799055e-10
50050.056 5.161822296200716e-10
50100.056 5.30525176909971e-10
50150.056 2.2515935197996927e-10
50200.056 8.161334587400848e-11
50250.056 2.1718375339000274e-10
50300.056 1.9239062144302355e-10
50350.056 6.011748674500481e-10
50400.056 9.120114836300211e-10
50450.056 1.059813035800011e-09
50500.056 1.1745224876000187e-09
50550.056 1.2471219750999717e-09
50600.056 7.715580317899704e-10
50650.056 1.1150314737000061e-09
50700.056 9.00940151419955e-10
50750.056 5.404233462899646e-10
50800.056 1.862165664309638e-10
50850.056 1.2328169274602471e-10
50900.056 4.2803159684004134e-10
50950.056 5.469371053999665e-10
51000.056 3.9423646327005773e-10
51050.056 7.469147813699706e-10
51100.056 4.383419452899751e-10
51150.056 2.615379106600377e-10
51200.056 6.979954775300337e-10
51250.056 6.780570075099779e-10
51300.056 4.884709345599789e-10
51350.056 2.63907892602958e-10
51400.056 1.287536031190124e-10
51450.056 1.1432677042698163e-10
51500.056 1.2331635688702169e-10
51550.056 3.11019910410024e-10
51600.056 4.727927407500203e-10
51650.056 6.210680388000131e-10
51700.056 4.892515106499271e-10
51750.056 4.413546417100576e-10
51800.056 6.526635550099981e-10
51850.056 5.542142445899803e-10
51900.056 4.183015811399808e-10
51950.056 2.3853882574997015e-10
52000.056 8.401984894699296e-11
52050.056 1.5987572728000195e-10
52100.056 1.1026604072599019e-10
52150.056 8.029864894701448e-11
52200.056 2.042398852100146e-10
52250.056 2.995664627200107e-10
52300.056 2.8795688976998543e-10
52350.056 1.241597298529975e-10
52400.056 1.4756620524400503e-10
52450.056 3.294966119000243e-10
52500.056 2.559719279899921e-10
52550.056 4.4419069994999653e-10
52600.056 4.86941577890024e-10
52650.056 5.186257617599862e-10
52700.056 3.412854259699727e-10
52750.056 1.31135515217984e-10
52800.056 2.1893766519002118e-10
52850.056 2.418634430299855e-10
52900.056 1.0624813192198012e-10
52950.056 1.5277234164801906e-10
53000.056 2.770217383800054e-10
53050.056 1.810204453439976e-10
53100.056 3.595409035700228e-10
53150.056 2.608157207759795e-10
53200.056 1.8418808916799083e-10
53250.056 2.4996032593000375e-10
53300.056 2.721110238100093e-10
53350.056 2.5549832539999407e-10
53400.056 2.0476956504999036e-10
53450.056 1.142149943929873e-10
53500.056 4.98537273079953e-11
53550.056 7.60087701610025e-11
