galfind/configs/Brown_Dwarf_templates/sonora_bobcat/m0.0/562g/sp_t1200g562nc_m0.0_resample.dat
# %ECSV 1.0
# ---
# datatype:
# - {name: wav, unit: Angstrom, datatype: float64}
# - {name: flux_nu, unit: erg / (cm2 Hz s), datatype: float64}
# meta: {C/O: '1.00', Kzz: '1.0000E+05', Teff: '1200.', Y: '0.28', '[Fe/H]': '0.00', f_hole: '1.00', f_rain: '0.00', grav: '562.'}
# schema: astropy-2.0
wav flux_nu
[from data line 498]
28900.056 1.5589479016469098e-07
28950.056 2.8980088879777735e-07
29000.056 2.3420429346244847e-07
29050.056 2.5762437972170405e-07
29100.056 1.9111348492583674e-07
29150.056 3.0857722059606185e-07
29200.056 2.280116438070212e-07
29250.056 2.9175062595101275e-07
29300.056 2.0034739303945205e-07
29350.056 3.9866459247494877e-07
29400.056 2.5986405347207363e-07
29450.056 2.7724351068437545e-07
29500.056 2.9012743736829023e-07
29550.056 2.781707737840012e-07
29600.056 3.1661991007238355e-07
29650.056 2.9600508414597085e-07
29700.056 2.5617221011522736e-07
29750.056 3.178154175663687e-07
29800.056 3.3697760200034477e-07
29850.056 3.283504912789434e-07
29900.056 3.163365662471653e-07
29950.056 3.485672905799175e-07
30000.056 2.985575359581853e-07
30050.056 2.819702866889963e-07
30100.056 2.741763234169172e-07
30150.056 3.769648476599876e-07
30200.056 3.0020246670399677e-07
30250.056 3.6586199893705795e-07
30300.056 3.1391693181200017e-07
30350.056 2.969721271300191e-07
30400.056 3.408237187390016e-07
30450.056 2.659857078760517e-07
30500.056 2.2914397718101594e-07
30550.056 2.4404569929201247e-07
30600.056 2.627099124489932e-07
30650.056 2.3349197438796231e-07
30700.056 2.2270716470797822e-07
30750.056 2.1086141748297366e-07
30800.056 1.968862609900428e-07
30850.056 1.7439017594495037e-07
30900.056 1.7700278848796495e-07
30950.056 1.5324909503923404e-07
31000.056 1.4483722808000755e-07
31050.056 1.6178135205101133e-07
31100.056 1.2505784436099207e-07
31150.056 1.3701058691699193e-07
31200.056 1.4994516271402041e-07
31250.056 1.1584604999708569e-07
31300.056 1.1713912303388396e-07
31350.056 1.1151352217600445e-07
31400.056 9.459241894200789e-08
31450.056 1.0045678105098189e-07
31500.056 8.664879907107878e-08
31550.056 9.230077418119313e-08
31600.056 8.033496146300113e-08
31650.056 7.451403429040598e-08
31700.056 7.74415202679864e-08
31750.056 6.629976471442259e-08
31800.056 8.05102413409855e-08
31850.056 6.793976046181189e-08
31900.056 7.950695505100269e-08
31950.056 5.744388113490518e-08
32000.056 7.147715232898841e-08
32050.056 7.318575241350366e-08
32100.056 7.15643083136081e-08
32150.056 7.716221177399156e-08
32200.056 6.734589889400024e-08
32250.056 8.586922455601146e-08
32300.056 6.531924954219294e-08
32350.056 9.010327485699448e-08
32400.056 6.670114915999507e-08
32450.056 8.712615193596996e-08
32500.056 8.368962997601544e-08
32550.056 8.296274622599324e-08
32600.056 9.08205298599987e-08
32650.056 1.1197953695998463e-07
32700.056 1.0493292991601688e-07
32750.056 1.150044714410074e-07
32800.056 1.1176496795681066e-07
32850.056 1.1957472684398505e-07
32900.056 1.3145744977579425e-07
32950.056 1.3177088222399095e-07
33000.056 1.1707298606597127e-07
33050.056 1.076136006630297e-07
33100.056 7.467666449599114e-08
33150.056 3.696259769940469e-08
33200.056 3.086967725259148e-08
33250.056 2.274211109119356e-08
33300.056 2.394598646180518e-08
33350.056 3.177932516600102e-08
33400.056 3.981851328199182e-08
33450.056 4.964092219569838e-08
33500.056 6.703259243001775e-08
33550.056 6.916157380061648e-08
33600.056 9.066536759899207e-08
33650.056 9.981159475700362e-08
33700.056 8.898083708848503e-08
33750.056 1.1711285669500388e-07
33800.056 1.0317320556440308e-07
33850.056 1.1750107213298814e-07
33900.056 9.93364149489954e-08
33950.056 1.0190848251499004e-07
34000.056 1.1807041998601588e-07
34050.056 8.641195484598036e-08
34100.056 1.1834077905699196e-07
34150.056 1.0034629571838822e-07
34200.056 9.79310636829677e-08
34250.056 1.0413289120396377e-07
34300.056 9.162552297535454e-08
34350.056 8.799170952300186e-08
34400.056 8.232522913079618e-08
34450.056 1.0279391478698606e-07
34500.056 9.82171878079967e-08
34550.056 8.480047298100145e-08
34600.056 1.1575484123599963e-07
34650.056 9.475418509399436e-08
34700.056 1.0271647698599292e-07
34750.056 1.0649343028898003e-07
34800.056 9.758158861098606e-08
34850.056 1.0355144124001349e-07
34900.056 1.1165744099697833e-07
34950.056 1.1048666051597854e-07
35000.056 1.4337346628852488e-07
35050.056 1.055686877389964e-07
35100.056 1.2301515911699734e-07
35150.056 1.270342889030087e-07
35200.056 1.2992722881800272e-07
35250.056 1.524034724459693e-07
35300.056 1.2818694645102175e-07
35350.056 1.2711969327097242e-07
35400.056 1.4047719174202527e-07
35450.056 1.0691538031204379e-07
35500.056 1.64881597546006e-07
35550.056 1.5799398781298753e-07
35600.056 1.4671937754204174e-07
35650.056 1.6340411776000844e-07
35700.056 1.475240369009953e-07
35750.056 1.6964221847698239e-07
35800.056 2.1264378439800502e-07
35850.056 1.5387080407899384e-07
35900.056 1.9720232774399802e-07
35950.056 1.8898524406097902e-07
36000.056 1.899560882990277e-07
36050.056 1.9286868420797933e-07
36100.056 1.940817865358964e-07
36150.056 2.0457236862498561e-07
36200.056 2.2372355280197714e-07
36250.056 2.0933222249296523e-07
36300.056 2.3496273879801477e-07
36350.056 2.294242400109913e-07
36400.056 2.329393793059986e-07
36450.056 2.582871708059949e-07
36500.056 2.607420017979792e-07
36550.056 2.82247966290069e-07
36600.056 3.044963410200048e-07
36650.056 2.942062714789516e-07
36700.056 3.126065681439779e-07
36750.056 3.3600421570006837e-07
36800.056 3.374199157699912e-07
36850.056 3.3287988607793207e-07
36900.056 3.367261028359849e-07
36950.056 3.841934290699715e-07
37000.056 3.735436092899851e-07
37050.056 3.7906420989000306e-07
37100.056 4.013133767949769e-07
37150.056 3.7402530031003674e-07
37200.056 4.194314614800012e-07
37250.056 4.1519154222993766e-07
37300.056 3.8417191006189124e-07
37350.056 4.0301670584005046e-07
37400.056 5.024926671599883e-07
37450.056 4.397260395840181e-07
37500.056 4.378018822859666e-07
37550.056 5.048021555401383e-07
37600.056 5.379395180400267e-07
37650.056 4.545801817100221e-07
37700.056 5.495623363000509e-07
37750.056 4.778461073390306e-07
37800.056 5.101210692001873e-07
37850.056 4.5617983567001305e-07
37900.056 4.848406754101415e-07
37950.056 5.100011125789343e-07
38000.056 5.84086570789999e-07
38050.056 5.750773495600823e-07
38100.056 5.669272787600633e-07
38150.056 6.22604279119974e-07
38200.056 6.376128719500809e-07
38250.056 6.054740213400142e-07
38300.056 6.973000183999308e-07
38350.056 7.157739502700565e-07
38400.056 5.980596525599035e-07
38450.056 6.490310766399366e-07
38500.056 5.703941765101148e-07
38550.056 6.935453434700679e-07
38600.056 6.902499246399573e-07
38650.056 6.996301102499607e-07
38700.056 7.378213985999991e-07
38750.056 7.600296267099982e-07
38800.056 6.899296792498338e-07
38850.056 7.18631101870034e-07
38900.056 7.806146482200186e-07
38950.056 7.456277470899841e-07
39000.056 7.877725652699857e-07
39050.056 7.753680430299645e-07
39100.056 7.579389888400842e-07
39150.056 8.048421559800071e-07
39200.056 7.92409921209973e-07
39250.056 8.485597935599129e-07
39300.056 7.981983487998364e-07
39350.056 8.750923065000599e-07
39400.056 8.483378209100608e-07
39450.056 8.532841919499831e-07
39500.056 8.290091314000208e-07
39550.056 8.44723042680068e-07
39600.056 9.000901757698258e-07
39650.056 9.174561606899994e-07
39700.056 8.959687295300441e-07
39750.056 8.352313466600935e-07
39800.056 8.772359133198953e-07
39850.056 9.646609513799874e-07
39900.056 9.390573263500166e-07
39950.056 9.497426960698877e-07
40000.056 9.777143172000736e-07
40050.056 9.468285499700436e-07
40100.056 9.20840333024022e-07
40150.056 9.764673104099636e-07
40200.056 9.986991053298523e-07
40250.056 9.322642256798138e-07
40300.056 9.474068196900788e-07
40350.056 9.69408722800009e-07
40400.056 1.0120434024400113e-06
40450.056 9.882753549000863e-07
40500.056 9.706664881000764e-07
40550.056 1.0462930491699283e-06
40600.056 9.497670153300759e-07
40650.056 9.772288099898962e-07
40700.056 1.1111704663999775e-06
40750.056 9.661553470197984e-07
40800.056 8.92958607559781e-07
40850.056 1.0247650368801576e-06
40900.056 1.0007291012500073e-06
40950.056 9.723202716699939e-07
41000.056 9.994095141800082e-07
41050.056 1.057249512209909e-06
41100.056 9.524582784999398e-07
41150.056 8.958085005199359e-07
41200.056 1.0165219419899888e-06
41250.056 9.655990070699903e-07
41300.056 8.730844534198446e-07
41350.056 1.0464996826600703e-06
41400.056 9.696222396200975e-07
41450.056 1.000767385150119e-06
41500.056 9.152344921599594e-07
41550.056 9.136946001400676e-07
41600.056 9.848069757340556e-07
41650.056 9.740612204400813e-07
41700.056 9.000206525398602e-07
41750.056 9.313399255999604e-07
41800.056 1.0318175594999484e-06
41850.056 7.588340713600421e-07
41900.056 9.157004974198927e-07
41950.056 9.162469283801397e-07
42000.056 9.006525586901212e-07
42050.056 7.942741677799163e-07
42100.056 9.755250877600927e-07
42150.056 7.477364964299613e-07
42200.056 7.57723160829994e-07
42250.056 8.206551216099136e-07
42300.056 7.553213212100015e-07
42350.056 8.629743031901262e-07
42400.056 7.941922145101213e-07
42450.056 7.211000833400173e-07
42500.056 7.358609945800089e-07
42550.056 7.220115847599562e-07
42600.056 7.55066133820121e-07
42650.056 8.297428979297955e-07
42700.056 7.741869392100239e-07
42750.056 7.147719918199978e-07
42800.056 7.532955984801091e-07
42850.056 8.379318127098149e-07
42900.056 8.486146795000965e-07
42950.056 7.168809474197673e-07
43000.056 7.861572075100122e-07
43050.056 6.246729957102494e-07
43100.056 7.394826585599658e-07
43150.056 7.167645360100788e-07
43200.056 7.469903636300245e-07
43250.056 8.220865740299929e-07
43300.056 8.2922956527002e-07
43350.056 6.59022382439847e-07
43400.056 7.330472040199673e-07
43450.056 6.84331351712109e-07
43500.056 6.94880622299961e-07
43550.056 7.013519847180527e-07
43600.056 8.03830678090052e-07
43650.056 6.622900118500114e-07
43700.056 7.720131831800059e-07
43750.056 7.425590306301118e-07
43800.056 7.006786812199343e-07
43850.056 6.688106083301324e-07
43900.056 7.194311114599233e-07
43950.056 6.003732999599433e-07
44000.056 5.576696084300252e-07
44050.056 6.777402350300216e-07
44100.056 7.511190528300634e-07
44150.056 7.413846693299391e-07
44200.056 6.890178572400163e-07
44250.056 6.164032574800026e-07
44300.056 5.830040086070909e-07
44350.056 6.013591500380819e-07
44400.056 6.107174695299733e-07
44450.056 6.457675019600003e-07
44500.056 6.506399232901179e-07
44550.056 6.825501834299243e-07
44600.056 6.242549954570645e-07
44650.056 6.658080608000604e-07
44700.056 5.639652120500023e-07
44750.056 6.360095885700031e-07
44800.056 6.188251618300201e-07
44850.056 6.453458161200837e-07
44900.056 5.694055069800542e-07
44950.056 5.915355458700338e-07
45000.056 6.186397951299788e-07
45050.056 6.188663920199858e-07
45100.056 6.383789447500009e-07
45150.056 6.044317158279832e-07
45200.056 5.376882835200296e-07
45250.056 5.764248416399022e-07
45300.056 5.822109504200423e-07
45350.056 5.816781436599344e-07
45400.056 6.239182793800512e-07
45450.056 5.867374915999303e-07
45500.056 5.977747102999799e-07
45550.056 6.562847890499107e-07
45600.056 6.298490861700196e-07
45650.056 5.476218143099062e-07
45700.056 5.871137190900625e-07
45750.056 5.49181501509995e-07
45800.056 6.040203419299949e-07
45850.056 6.771357339299881e-07
45900.056 6.749070373800219e-07
45950.056 5.760759839600074e-07
46000.056 6.650723894000317e-07
46050.056 6.344872370300637e-07
46100.056 6.147107174999933e-07
46150.056 5.922602011699645e-07
46200.056 6.04273735990106e-07
46250.056 5.061034957339538e-07
46300.056 6.470165691599691e-07
46350.056 5.948664438399986e-07
46400.056 6.124269583899988e-07
46450.056 6.084895346800424e-07
46500.056 5.712541769400538e-07
46550.056 6.048943883099984e-07
46600.056 6.215541213920063e-07
46650.056 7.769418925399435e-07
46700.056 6.865790074100994e-07
46750.056 5.46596720888028e-07
46800.056 5.23236455930047e-07
46850.056 7.210848704700995e-07
46900.056 6.717557822199239e-07
46950.056 7.177979683700021e-07
47000.056 6.156125247700278e-07
47050.056 6.828851773598483e-07
47100.056 5.180006388430663e-07
47150.056 5.939428766300575e-07
47200.056 6.716360272000541e-07
47250.056 5.698936298499685e-07
47300.056 5.200375487969583e-07
47350.056 6.208039859499587e-07
47400.056 6.801678285899358e-07
47450.056 6.06596247867025e-07
47500.056 6.909318566199445e-07
47550.056 6.088063997999823e-07
47600.056 6.540383322799363e-07
47650.056 5.45763398809888e-07
47700.056 6.522892976301224e-07
47750.056 4.7569209072003164e-07
47800.056 5.951234914699909e-07
47850.056 4.594740125319747e-07
47900.056 5.72339775599951e-07
47950.056 5.510774839900275e-07
48000.056 7.255439923800352e-07
48050.056 6.212180336100345e-07
48100.056 5.514001415100047e-07
48150.056 5.688285761800576e-07
48200.056 6.07156242030016e-07
48250.056 5.506170591600051e-07
48300.056 7.112633998898729e-07
48350.056 4.984409057200106e-07
48400.056 4.83115344107952e-07
48450.056 5.457778361700825e-07
48500.056 6.890427682599499e-07
48550.056 5.229008177100044e-07
48600.056 6.392673070299957e-07
48650.056 5.723230829699742e-07
48700.056 6.303452237700198e-07
48750.056 4.4290088920011426e-07
48800.056 7.160574002300172e-07
48850.056 4.973943392548925e-07
48900.056 6.917894623800164e-07
48950.056 5.75142661710036e-07
49000.056 4.621614707199383e-07
49050.056 6.443756140899602e-07
49100.056 6.024609187200728e-07
49150.056 5.986477777379909e-07
49200.056 6.191162943600242e-07
49250.056 6.37179052590061e-07
49300.056 5.599015916979758e-07
49350.056 4.866740955300517e-07
49400.056 6.005609786899609e-07
49450.056 5.719384854051599e-07
49500.056 5.282968527299774e-07
49550.056 4.122369881500143e-07
49600.056 5.22029801450088e-07
49650.056 5.48831373579965e-07
49700.056 5.118967608098914e-07
49750.056 6.828980873198971e-07
49800.056 5.367473794060154e-07
49850.056 7.014036336400989e-07
49900.056 5.79650935469996e-07
49950.056 5.658641783399469e-07
50000.056 5.685411166399473e-07
50050.056 6.134761333499868e-07
50100.056 5.910362522699918e-07
50150.056 4.5681427425998746e-07
50200.056 3.3998025489602943e-07
50250.056 5.750987311699626e-07
50300.056 5.073852733500073e-07
50350.056 6.644432721100389e-07
50400.056 5.589194750799571e-07
50450.056 5.006657476360574e-07
50500.056 6.333388263300654e-07
50550.056 5.652123070700274e-07
50600.056 5.337252319199207e-07
50650.056 5.975024299700966e-07
50700.056 6.616970667898603e-07
50750.056 6.048352507240848e-07
50800.056 4.154467477249412e-07
50850.056 4.559041234500902e-07
50900.056 6.541496820499781e-07
50950.056 5.642357454400944e-07
51000.056 6.520875662450563e-07
51050.056 5.505453463000056e-07
51100.056 4.0461697039994847e-07
51150.056 5.235173757259706e-07
51200.056 6.711990228099655e-07
51250.056 5.492461293599514e-07
51300.056 4.5343021588015563e-07
51350.056 5.185638843599603e-07
51400.056 3.8663845994997174e-07
51450.056 3.324420977159318e-07
51500.056 3.9161397988308487e-07
51550.056 6.275245737480529e-07
51600.056 4.565832532220344e-07
51650.056 4.821821850899273e-07
51700.056 5.171249441688916e-07
51750.056 4.160662915550142e-07
51800.056 5.644755012098519e-07
51850.056 5.304994465199684e-07
51900.056 6.701678800200979e-07
51950.056 5.561876070999526e-07
52000.056 3.341430406759694e-07
52050.056 4.893528026210099e-07
52100.056 4.060244245699757e-07
52150.056 3.8483575034401564e-07
52200.056 3.893422477349793e-07
52250.056 4.5704599260002496e-07
52300.056 6.222287015699618e-07
52350.056 5.221467701160191e-07
52400.056 3.75313935480045e-07
52450.056 5.172174054200306e-07
52500.056 5.568925679598975e-07
52550.056 5.539068466699021e-07
52600.056 4.907508606600708e-07
52650.056 5.154451485700966e-07
52700.056 4.551052328100081e-07
52750.056 3.5779565929198127e-07
52800.056 4.157010013700375e-07
52850.056 4.264053407599024e-07
52900.056 4.3261749321199215e-07
52950.056 4.452172845599861e-07
53000.056 5.552421020100125e-07
53050.056 3.753881110618817e-07
53100.056 4.4366399730994723e-07
53150.056 6.13449556460034e-07
53200.056 3.3877411444698824e-07
53250.056 5.600354504000304e-07
53300.056 5.506694422602517e-07
53350.056 5.474088789799628e-07
53400.056 5.45533253050024e-07
53450.056 3.8017495285500973e-07
53500.056 2.783758260979348e-07
53550.056 3.935496860499406e-07
53600.056 4.867416895010842e-07
53650.056 3.8150656742198606e-07
53700.056 3.8263953374505123e-07
