galfind/configs/Brown_Dwarf_templates/sonora_bobcat/m0.0/562g/sp_t500g562nc_m0.0_resample.dat
# %ECSV 1.0
# ---
# datatype:
# - {name: wav, unit: Angstrom, datatype: float64}
# - {name: flux_nu, unit: erg / (cm2 Hz s), datatype: float64}
# meta: {C/O: '1.00', Kzz: '1.0000E+05', Teff: '500.', Y: '0.28', '[Fe/H]': '0.00', f_hole: '1.00', f_rain: '0.00', grav: '562.'}
# schema: astropy-2.0
wav flux_nu
4000.0559999999996 nan
4050.0559999999996 5.590261341934492e-17
4100.056 6.8517255385601386e-15
4150.056 6.676159890400071e-14
4200.056 6.864386730678432e-14
4250.056 6.076170358700054e-13
4300.056 1.3981197827900077e-12
4350.056 2.4872674735000093e-12
4400.056 4.027959000800017e-12
4450.056 6.173559075300026e-12
4500.056 8.654582058500028e-12
4550.056 8.387779169599945e-12
4600.056 1.6099420522999917e-12
4650.056 7.859398688499948e-13
4700.056 3.2362836199999696e-13
4750.056 1.0486110431399901e-13
4800.056 4.414299487999969e-14
4850.056 2.0279104244999857e-14
4900.056 1.1170711722899947e-14
4950.056 6.8118697787999675e-15
5000.056 3.796130125799978e-15
5050.056 2.4566396023e-15
5100.056 2.4831139993000105e-15
5150.056 2.6713358611000027e-15
5200.056 2.893112228900004e-15
5250.056 3.1178194880000025e-15
5300.056 3.3833445995000036e-15
5350.056 3.704960218600004e-15
5400.056 4.048848431000006e-15
5450.056 4.446597704100011e-15
5500.056 4.881116204000007e-15
5550.056 5.331819065600005e-15
5600.056 5.753193977600005e-15
5650.056 6.093127322200001e-15
5700.056 6.213363289200002e-15
5750.056 6.089763739099997e-15
5800.056 5.428742716899984e-15
5850.056 3.825587066199959e-15
5900.056 1.263468986727255e-15
5950.056 7.504071225700143e-15
6000.056 1.586252437060006e-14
6050.056 2.795884022300024e-14
6100.056 4.472323039100033e-14
6150.056 6.79805786820004e-14
6200.056 9.99339429570005e-14
6250.056 1.4127773055000048e-13
6300.056 1.9894313504000058e-13
6350.056 2.7646379656000093e-13
6400.056 3.809236694000018e-13
6450.056 4.936537554799986e-13
6500.056 6.726325569800058e-13
6550.056 9.30825625199992e-13
6600.056 1.2874133539800193e-12
6650.056 1.7929326309000128e-12
6700.056 2.315139453600015e-12
6750.056 3.224373903000014e-12
6800.056 3.887979062100016e-12
6850.056 4.0160621110999966e-12
6900.056 3.3338027683000117e-12
6950.056 2.642499284600003e-12
7000.056 2.743131793999975e-12
7050.056 2.878527999899988e-12
7100.056 3.1705087639999847e-12
7150.056 2.8309408982099458e-12
7200.056 2.5583300402299647e-12
7250.056 2.7476021960498933e-12
7300.056 2.7543535306001455e-12
7350.056 3.104492908209984e-12
7400.056 3.445001680900072e-12
7450.056 3.912751374100096e-12
7500.056 4.2570273595000035e-12
7550.056 4.413147743400003e-12
7600.056 4.320644447599991e-12
7650.056 1.966426820767945e-12
7700.056 1.7238374832860492e-12
7750.056 4.778773257700051e-12
7800.056 6.508875343300026e-12
7850.056 9.05388933649997e-12
7900.056 1.1446497624699994e-11
7950.056 1.292016699240005e-11
8000.056 1.7248721431000113e-11
8050.056 2.0866928521000173e-11
8100.056 2.0472379238299508e-11
8150.056 2.0415594944150448e-11
8200.056 3.141187038652102e-11
8250.056 3.5778888930259527e-11
8300.056 4.3961586594490564e-11
8350.056 5.288161154619934e-11
8400.056 6.610934763400003e-11
8450.056 8.764035765399988e-11
8500.056 1.0380637704999843e-10
8550.056 1.336936628010026e-10
8600.056 1.668076141500012e-10
8650.056 1.993108801000015e-10
8700.056 2.2949199019000186e-10
8750.056 2.684835031200019e-10
8800.056 3.0391732583000104e-10
8850.056 3.136238843199967e-10
8900.056 1.894594811129916e-10
8950.056 1.7107337237500395e-10
9000.056 1.8393098438208287e-10
9050.056 3.941147050281029e-10
9100.056 4.5355012166855256e-10
9150.056 5.170494422691161e-10
9200.056 6.880414061410171e-10
9250.056 6.482647663358842e-10
9300.056 9.373386106079056e-11
9350.056 1.4337662625168677e-10
9400.056 4.1410961693138895e-10
9450.056 3.6794855601022946e-10
9500.056 3.294211684012332e-10
9550.056 3.5352433473623455e-10
9600.056 3.981544953739513e-10
9650.056 5.877880101111672e-10
9700.056 1.1122914048681855e-09
9750.056 1.1316651951753688e-09
9800.056 1.3716461331115634e-09
9850.056 1.6729000400339657e-09
9900.056 2.1820056054200706e-09
9950.056 2.4128273669700638e-09
10000.056 2.2506429623909804e-09
10050.056 3.0865178583000274e-09
10100.056 3.4382252085000217e-09
10150.056 3.3869654779000065e-09
10200.056 3.1599888592001497e-09
10250.056 3.744934794440062e-09
10300.056 4.7237368050797545e-09
10350.056 4.330036504080157e-09
10400.056 5.765021409800088e-09
10450.056 6.82667357629944e-09
10500.056 7.843739125399914e-09
10550.056 9.041541429900065e-09
10600.056 9.738281422700021e-09
10650.056 1.0173214330100092e-08
10700.056 1.003081207240004e-08
10750.056 1.0268646376900018e-08
10800.056 1.012847130720008e-08
10850.056 9.545068930000067e-09
10900.056 7.83991624799982e-09
10950.056 4.5361158871600035e-09
11000.056 2.742347179680655e-09
11050.056 1.403722540064716e-09
11100.056 7.04399041664853e-10
11150.056 3.049541982070226e-10
11200.056 2.624470947985535e-10
11250.056 3.676274604294138e-10
11300.056 4.857009100124505e-10
11350.056 1.607544889190579e-10
11400.056 7.056403981265145e-10
11450.056 3.9430090175016177e-10
11500.056 3.876805977375184e-10
11550.056 1.2000702743863768e-10
11600.056 7.83611616679723e-11
11650.056 2.4184062633537076e-10
11700.056 3.08154504901616e-10
11750.056 1.0909911834277236e-10
11800.056 5.053249593149674e-10
11850.056 7.788942397689746e-10
11900.056 9.572675155189555e-10
11950.056 1.4223103206601429e-09
12000.056 2.0636784661821872e-09
12050.056 2.990234998670085e-09
12100.056 3.8211174806597035e-09
12150.056 5.151858770119884e-09
12200.056 6.040980656240098e-09
12250.056 7.993167116189527e-09
12300.056 1.0903208570300478e-08
12350.056 1.209013339179994e-08
12400.056 1.590094295649979e-08
12450.056 1.991942867880029e-08
12500.056 2.2347156157000943e-08
12550.056 2.5383887668999944e-08
12600.056 2.875598682300068e-08
12650.056 3.098969438099976e-08
12700.056 3.1279876183000283e-08
12750.056 2.5756615075400537e-08
12800.056 2.106208924569966e-08
12850.056 1.4441614577499828e-08
12900.056 1.146345357373055e-08
12950.056 9.516753422250478e-09
13000.056 1.0176837590401077e-08
13050.056 7.2359892269922005e-09
13100.056 7.14932011307631e-09
13150.056 4.6854111013853015e-09
13200.056 4.69834660031307e-09
13250.056 3.481203073800912e-09
13300.056 1.3537137987202058e-09
13350.056 4.309518958436095e-10
13400.056 1.232784108394425e-10
13450.056 3.838715591213574e-11
13500.056 1.432903035082983e-11
13550.056 4.505731843477481e-12
13600.056 1.3594369655090706e-12
13650.056 8.884363938506739e-12
13700.056 4.688550034228682e-12
13750.056 1.5699230704779272e-11
13800.056 1.613427010184817e-11
13850.056 6.522392292468087e-12
13900.056 9.919295356160286e-12
13950.056 9.415720887919134e-12
14000.056 1.1787621318286279e-11
14050.056 1.8846132179948216e-11
14100.056 1.522687359963531e-11
14150.056 3.163233134281468e-11
14200.056 2.043156789483987e-11
14250.056 2.7717198290859558e-11
14300.056 8.909878333630458e-11
14350.056 7.212443731845819e-11
14400.056 7.30073694728762e-11
14450.056 1.3583960884345436e-10
14500.056 2.8944930178462816e-10
14550.056 2.992244618350901e-10
14600.056 4.831328220377553e-10
14650.056 2.625623614388558e-10
14700.056 1.2455717042631763e-10
14750.056 8.014346512218524e-11
14800.056 1.1044164142132335e-10
14850.056 1.2602566242407197e-10
14900.056 1.2807691145546086e-10
14950.056 1.1217200103052803e-10
15000.056 2.8731872708420656e-10
15050.056 2.8548764743622595e-10
15100.056 1.677412408397705e-10
15150.056 9.434289167940002e-11
15200.056 2.486408799938246e-10
15250.056 5.23378047167439e-10
15300.056 6.712824818675974e-10
15350.056 8.635952175421538e-10
15400.056 1.1333857307351176e-09
15450.056 1.530838891915753e-09
15500.056 1.9124031851906752e-09
15550.056 3.034586301332538e-09
15600.056 4.465560449669654e-09
15650.056 6.691176389800628e-09
15700.056 9.681105143600185e-09
15750.056 1.1679091177000255e-08
15800.056 1.3615410030699935e-08
15850.056 1.5726751469800682e-08
15900.056 1.590954778680011e-08
15950.056 1.6012104161999675e-08
16000.056 1.3382642741600261e-08
16050.056 9.032870662799586e-09
16100.056 5.7735945967097716e-09
16150.056 3.252780782301763e-09
16200.056 1.650583231144071e-09
16250.056 1.0867274080196017e-09
16300.056 7.069953824929959e-10
16350.056 8.893949305578417e-10
16400.056 1.053635307188777e-09
16450.056 1.0643731350299922e-09
16500.056 9.82134548982166e-10
16550.056 9.9588372837136e-10
16600.056 1.5880214438302886e-09
16650.056 1.0367964794906915e-09
16700.056 1.877988388233142e-10
16750.056 6.270070424020283e-10
16800.056 9.70850256385939e-10
16850.056 1.0282629797333116e-09
16900.056 5.664992483860297e-10
16950.056 3.866284097266908e-10
17000.056 2.241018824245555e-10
17050.056 4.3346705288541943e-10
17100.056 7.069849591637703e-10
17150.056 4.5242708489486017e-10
17200.056 1.211252057213561e-09
17250.056 6.569165911169172e-10
17300.056 4.810454321999087e-10
17350.056 5.254767251528364e-10
17400.056 7.970049651139063e-10
17450.056 9.790305988955824e-10
17500.056 1.2268220020482528e-09
17550.056 1.0094284904500179e-09
17600.056 8.415430275445895e-10
17650.056 6.757781955392926e-10
17700.056 5.568860746662759e-10
17750.056 4.418188653971416e-10
17800.056 8.161999284894267e-10
17850.056 4.183830733681718e-10
17900.056 3.2145189050734425e-10
17950.056 2.144762490758963e-10
18000.056 3.633390268091201e-10
18050.056 1.9258199207848919e-10
18100.056 2.3642232833973843e-10
18150.056 2.0424666645701183e-10
18200.056 1.3168120834152277e-10
18250.056 4.6216482618738455e-10
18300.056 9.536111196960812e-11
18350.056 8.264401847081647e-11
18400.056 5.656053316756375e-11
18450.056 2.5862981699292565e-10
18500.056 2.4652545545253505e-10
18550.056 1.3063115474677082e-10
18600.056 1.627565670867405e-10
18650.056 1.0555842608100809e-10
18700.056 3.039449003784044e-11
18750.056 7.223131899990521e-11
18800.056 4.0431416744449187e-10
18850.056 3.7596027925241305e-10
18900.056 3.22413892742968e-10
18950.056 5.689696326092487e-10
19000.056 1.6383017810931272e-10
19050.056 7.25653638168218e-11
19100.056 1.8679583960749928e-10
19150.056 7.75494031029437e-11
19200.056 1.2834302964902843e-10
19250.056 8.521272458333091e-11
19300.056 5.7054959591941e-11
19350.056 5.230082335939311e-11
19400.056 4.212961151725128e-11
19450.056 7.088127539806826e-11
19500.056 5.820449868706989e-11
19550.056 9.046283097874218e-11
19600.056 1.752445901710853e-10
19650.056 1.3350884395002536e-10
19700.056 1.8083799806401255e-10
19750.056 2.744869057203287e-10
19800.056 1.8481161268827818e-10
19850.056 2.367525030123644e-10
19900.056 3.1220392913139635e-10
19950.056 4.527205828661175e-10
20000.056 5.426886883474854e-10
20050.056 4.2941030822992345e-10
20100.056 7.387686712817688e-10
20150.056 4.4652084423456084e-10
20200.056 3.2122887691869645e-10
20250.056 6.202158449399057e-10
20300.056 7.169945300243758e-10
20350.056 7.489876271526624e-10
20400.056 6.686403189364968e-10
20450.056 1.1539795291973465e-09
20500.056 1.3066158048948726e-09
20550.056 1.4449766896360761e-09
20600.056 1.5613082681802643e-09
20650.056 1.8654211067598865e-09
20700.056 2.0534919132600418e-09
20750.056 2.221205281489875e-09
20800.056 2.2036643044796747e-09
20850.056 2.4839895032000504e-09
20900.056 2.585115910599845e-09
20950.056 2.5309968657001063e-09
21000.056 2.4951262796000584e-09
21050.056 2.5966959447999054e-09
21100.056 2.5126745994000504e-09
21150.056 2.5060547606798334e-09
21200.056 2.3926342810201233e-09
21250.056 2.2711554881297622e-09
21300.056 2.033726178940015e-09
21350.056 1.9732049636208826e-09
21400.056 1.9575478369722055e-09
21450.056 1.6442071138631258e-09
21500.056 1.4888702146236002e-09
21550.056 1.3560282658350075e-09
21600.056 1.2004540532407462e-09
21650.056 9.252346483435766e-10
21700.056 8.807903764052482e-10
21750.056 7.771982618421864e-10
21800.056 5.555082181595829e-10
21850.056 5.126343084601732e-10
21900.056 3.746135885931517e-10
21950.056 1.7681968934665864e-10
22000.056 3.265794949175629e-11
22050.056 4.7453526219223705e-11
22100.056 1.717234277019649e-10
22150.056 1.2635467186450845e-10
22200.056 1.3170145983394984e-10
22250.056 1.1071926237429728e-10
22300.056 5.6969556539370996e-11
22350.056 7.358824834567423e-11
22400.056 2.750925411060149e-11
22450.056 4.3508907556172226e-11
22500.056 3.439676552340626e-11
22550.056 1.9983136745515558e-11
22600.056 1.652714803212119e-11
22650.056 3.0021408902540626e-11
22700.056 2.618918055296793e-11
22750.056 3.5123537444707823e-11
22800.056 3.917872620674922e-11
22850.056 2.718297041847711e-11
22900.056 2.068901085007565e-11
22950.056 1.7685301952167103e-11
23000.056 2.2220454739720346e-11
23050.056 2.884792991215763e-11
23100.056 1.4739564723701258e-10
23150.056 1.2499953464309814e-10
23200.056 6.185119873020844e-12
23250.056 2.786817035011237e-11
23300.056 2.326127833426124e-11
23350.056 3.130293187338563e-11
23400.056 2.3394458403531032e-11
23450.056 1.59150088567592e-11
23500.056 1.7754286283460245e-11
23550.056 3.564971190460594e-11
23600.056 7.116943602871668e-11
23650.056 9.167690534982906e-11
23700.056 1.7734187296948957e-11
23750.056 1.942749461140541e-11
23800.056 8.434431875220215e-11
23850.056 5.509461414394397e-11
23900.056 1.2250616802052554e-10
23950.056 6.757611373802582e-11
24000.056 1.477532358143622e-10
24050.056 1.6136341404681932e-10
24100.056 1.7713698637906764e-10
24150.056 2.5966000602210136e-10
24200.056 1.8052874341493052e-10
24250.056 1.4938368301635987e-10
24300.056 2.8580186368058527e-10
24350.056 2.1672651387275109e-10
24400.056 4.597473442302207e-10
24450.056 4.770562943073121e-10
24500.056 4.146008927791902e-10
24550.056 6.661667556667625e-10
24600.056 7.08035860092886e-10
24650.056 9.968710254083053e-10
24700.056 6.2882164353256e-10
24750.056 7.901844929051736e-10
24800.056 6.781716502527381e-10
24850.056 1.1410779500223e-09
24900.056 4.4106524913237113e-10
24950.056 9.517532240356366e-10
25000.056 9.014140767852441e-10
25050.056 5.001667156797778e-10
25100.056 8.583821574484591e-10
25150.056 3.9580062427833254e-10
25200.056 5.797102856815701e-10
25250.056 2.1016318670607852e-10
25300.056 3.180194523773203e-10
25350.056 1.3644300824933333e-10
25400.056 3.725311434341196e-10
25450.056 1.1187010618210543e-10
25500.056 9.463455004939035e-11
25550.056 2.12284503606999e-10
25600.056 1.2075651326615816e-10
25650.056 5.0713312175691434e-11
25700.056 6.426161403212596e-11
25750.056 1.6551120189808338e-11
25800.056 1.0290395189811313e-10
25850.056 1.7906736208660936e-11
25900.056 2.713837099705219e-11
25950.056 5.779759883798495e-12
26000.056 9.331447585904177e-11
26050.056 9.769867570085987e-12
26100.056 5.87430714148582e-11
26150.056 2.4115458600542174e-11
26200.056 3.1171719084806464e-11
26250.056 2.4241428830868637e-10
26300.056 4.524268951167622e-11
26350.056 4.240567070079471e-10
26400.056 5.757850820229147e-10
26450.056 3.507241858861481e-10
26500.056 8.161697515890989e-10
26550.056 8.777393274868785e-11
26600.056 1.0637552163526036e-10
26650.056 1.3520911556333184e-11
26700.056 7.806877276273161e-12
26750.056 1.0998228878310487e-11
26800.056 3.7681506702780005e-11
26850.056 2.0053566778518202e-11
26900.056 1.1224011095652417e-10
26950.056 3.515210494763652e-11
27000.056 2.1541129344153883e-10
27050.056 2.53884188490834e-10
27100.056 2.6969823759401985e-11
27150.056 3.20542691631363e-10
27200.056 2.608751949446689e-11
27250.056 9.928079650877358e-11
27300.056 7.864241290245462e-10
27350.056 2.421314392976396e-10
27400.056 1.1427410400743843e-11
27450.056 3.2102159203663395e-10
27500.056 4.150393786452938e-10
27550.056 5.2413142553194426e-11
27600.056 1.7130172139115882e-10
27650.056 4.034217080687694e-11
27700.056 3.583571610861233e-11
27750.056 2.666740042678047e-10
27800.056 7.469553778295438e-11
27850.056 1.2817163724443543e-10
27900.056 1.4111676609485837e-10
27950.056 3.6116123065092923e-10
28000.056 3.089605217596034e-10
28050.056 3.5141400739424577e-11
28100.056 3.4120624752629435e-10
28150.056 2.333644955410454e-10
28200.056 5.992562498532347e-11
28250.056 4.733520356675889e-10
28300.056 4.4437761088464405e-10
28350.056 7.735340801435988e-11
28400.056 3.107902638375872e-10
28450.056 5.747448466869621e-10
28500.056 3.3165641274087165e-10
28550.056 6.341934377170595e-11
28600.056 5.694080938562947e-10
28650.056 3.5551957282853684e-10
28700.056 5.224341691430103e-10
28750.056 8.706124293617795e-10
28800.056 3.680403112247006e-10
28850.056 8.133801776554152e-10
