galfind/configs/Brown_Dwarf_templates/sonora_bobcat/m0.0/562g/sp_t1500g562nc_m0.0_resample.dat
# %ECSV 1.0
# ---
# datatype:
# - {name: wav, unit: Angstrom, datatype: float64}
# - {name: flux_nu, unit: erg / (cm2 Hz s), datatype: float64}
# meta: {C/O: '1.00', Kzz: '1.0000E+05', Teff: '1500.', Y: '0.28', '[Fe/H]': '0.00', f_hole: '1.00', f_rain: '0.00', grav: '562.'}
# schema: astropy-2.0
wav flux_nu
[from data line 500]
29000.056 5.905952592358731e-07
29050.056 6.352808881820014e-07
29100.056 5.018578812010869e-07
29150.056 6.982419678900811e-07
29200.056 5.768001848880557e-07
29250.056 6.751629104029855e-07
29300.056 5.254273713608289e-07
29350.056 8.277004567798934e-07
29400.056 6.304182875719232e-07
29450.056 6.49624701193982e-07
29500.056 6.676731004469358e-07
29550.056 6.547264218940174e-07
29600.056 7.242541990438144e-07
29650.056 6.702149908629477e-07
29700.056 6.203508488318856e-07
29750.056 7.347959191351854e-07
29800.056 7.661952876958941e-07
29850.056 7.228418970619049e-07
29900.056 6.881241952672639e-07
29950.056 7.928222071398705e-07
30000.056 7.661842639598789e-07
30050.056 7.096478022899783e-07
30100.056 6.405934922698224e-07
30150.056 8.737507246899744e-07
30200.056 7.437123609900232e-07
30250.056 7.987038387801275e-07
30300.056 7.264723426499573e-07
30350.056 7.221750150500704e-07
30400.056 8.232600211400512e-07
30450.056 6.662183523731036e-07
30500.056 5.993947209200612e-07
30550.056 6.837538122900894e-07
30600.056 6.953333591600247e-07
30650.056 6.66119765849944e-07
30700.056 6.180042666179624e-07
30750.056 5.980709431399705e-07
30800.056 6.02023277430115e-07
30850.056 5.272758222199119e-07
30900.056 5.396110360899229e-07
30950.056 4.832669470030771e-07
31000.056 4.828960348200048e-07
31050.056 5.133935646700123e-07
31100.056 4.3430859586997946e-07
31150.056 4.6348235860696956e-07
31200.056 4.856821482600164e-07
31250.056 4.259039085819795e-07
31300.056 4.214915242859544e-07
31350.056 3.968374232380053e-07
31400.056 3.7004331054304636e-07
31450.056 3.755171338899616e-07
31500.056 3.571525860849414e-07
31550.056 3.6303587652199694e-07
31600.056 3.349976850199892e-07
31650.056 3.237681639310045e-07
31700.056 3.316917003199621e-07
31750.056 3.0177560001008246e-07
31800.056 3.4413384877995284e-07
31850.056 3.1056869639904166e-07
31900.056 3.5058536220001087e-07
31950.056 2.8509732744202184e-07
32000.056 3.2452386447494883e-07
32050.056 3.382433629880222e-07
32100.056 3.35881257987018e-07
32150.056 3.5777062956997065e-07
32200.056 3.2158499354398765e-07
32250.056 3.844156378900356e-07
32300.056 3.207573204019811e-07
32350.056 4.053036729899965e-07
32400.056 3.253442504299994e-07
32450.056 4.009858756698913e-07
32500.056 3.956325583800661e-07
32550.056 4.083470970399936e-07
32600.056 4.160577129819901e-07
32650.056 4.7385043149998735e-07
32700.056 4.5958628596005147e-07
32750.056 4.794917250600096e-07
32800.056 4.736406061030373e-07
32850.056 5.007208753799384e-07
32900.056 5.351964065599937e-07
32950.056 5.112789529899736e-07
33000.056 4.88770714399935e-07
33050.056 4.477990277100327e-07
33100.056 3.8049241731997206e-07
33150.056 2.498424403650232e-07
33200.056 2.0199714431494652e-07
33250.056 1.6732779773395093e-07
33300.056 1.6036374681802313e-07
33350.056 1.846094498500035e-07
33400.056 2.0646147498997342e-07
33450.056 2.3200707184299402e-07
33500.056 2.787061781000379e-07
33550.056 3.0075221327004313e-07
33600.056 3.491533676799964e-07
33650.056 3.884593472300328e-07
33700.056 3.789313647369657e-07
33750.056 4.597531696599908e-07
33800.056 4.425818101769656e-07
33850.056 4.877773790499732e-07
33900.056 4.514125839499799e-07
33950.056 4.4652720431998156e-07
34000.056 4.848783973499774e-07
34050.056 4.216369345769288e-07
34100.056 5.021371126199696e-07
34150.056 4.504927189539423e-07
34200.056 4.1121835067990085e-07
34250.056 4.545146368999041e-07
34300.056 3.9818300041680116e-07
34350.056 3.899006918099989e-07
34400.056 3.758214146020122e-07
34450.056 4.3003342883997985e-07
34500.056 4.32775918429985e-07
34550.056 3.925431313899966e-07
34600.056 4.655994090600045e-07
34650.056 4.356220877699652e-07
34700.056 4.329425854199591e-07
34750.056 4.731875609400027e-07
34800.056 4.360059343799358e-07
34850.056 4.316970317400104e-07
34900.056 4.7440891436997806e-07
34950.056 4.463935493899137e-07
35000.056 5.339488687300414e-07
35050.056 4.5335307319998395e-07
35100.056 4.809492272299733e-07
35150.056 5.131175988399946e-07
35200.056 5.080105471900466e-07
35250.056 5.511439089799506e-07
35300.056 5.004492530200507e-07
35350.056 4.926799943499325e-07
35400.056 5.332020268700945e-07
35450.056 4.3273506650015336e-07
35500.056 5.774408756400314e-07
35550.056 5.672113831599676e-07
35600.056 5.316131712800781e-07
35650.056 6.025811153900159e-07
35700.056 5.353537953100049e-07
35750.056 5.797646158499074e-07
35800.056 7.071155134700255e-07
35850.056 5.743755840199955e-07
35900.056 7.005878267299607e-07
35950.056 6.768374258799888e-07
36000.056 6.738757919200581e-07
36050.056 7.187261178300167e-07
36100.056 7.226952046396432e-07
36150.056 7.363277444600684e-07
36200.056 8.205267072999575e-07
36250.056 7.624454446999392e-07
36300.056 8.567500968300523e-07
36350.056 8.285605390599214e-07
36400.056 8.335291101000296e-07
36450.056 9.311228792499702e-07
36500.056 9.013764892199403e-07
36550.056 9.680952046002578e-07
36600.056 9.939937508900467e-07
36650.056 9.977450025798402e-07
36700.056 1.096814036969954e-06
36750.056 1.0868019791001104e-06
36800.056 1.1252381617799417e-06
36850.056 1.1718040577999275e-06
36900.056 1.1452241506400624e-06
36950.056 1.2556860743799049e-06
37000.056 1.269429777419938e-06
37050.056 1.2856844845599795e-06
37100.056 1.3311533806100672e-06
37150.056 1.3236163071299955e-06
37200.056 1.4011580106000216e-06
37250.056 1.417355276899913e-06
37300.056 1.3630397471998818e-06
37350.056 1.3516340258002039e-06
37400.056 1.5371415139999355e-06
37450.056 1.4322191367301005e-06
37500.056 1.496687653149888e-06
37550.056 1.5842485480000118e-06
37600.056 1.6666326666999986e-06
37650.056 1.539530960380016e-06
37700.056 1.6982255853200697e-06
37750.056 1.6273544349000644e-06
37800.056 1.708284327600164e-06
37850.056 1.6044577435999767e-06
37900.056 1.6625974395002434e-06
37950.056 1.6718698083399543e-06
38000.056 1.7975752186600837e-06
38050.056 1.7745429018401123e-06
38100.056 1.6967453278201644e-06
38150.056 1.894647547699953e-06
38200.056 1.9022456231000424e-06
38250.056 1.7678833506001334e-06
38300.056 1.8509803243999318e-06
38350.056 1.9267661317000185e-06
38400.056 1.860880377829856e-06
38450.056 2.0075474703000062e-06
38500.056 1.8822129360000907e-06
38550.056 1.995196655900094e-06
38600.056 2.118722423499899e-06
38650.056 1.9699925386999804e-06
38700.056 2.0046071526001787e-06
38750.056 2.0864086751000213e-06
38800.056 2.021553939399969e-06
38850.056 2.010550162000029e-06
38900.056 1.9851983326999744e-06
38950.056 2.1209860201999805e-06
39000.056 2.074852888700042e-06
39050.056 2.128841726699894e-06
39100.056 1.9789860034001872e-06
39150.056 2.112408143700052e-06
39200.056 2.139018910999991e-06
39250.056 2.1413369773997537e-06
39300.056 2.099740051799738e-06
39350.056 2.155281740210153e-06
39400.056 2.1297677713000796e-06
39450.056 2.1530094123999366e-06
39500.056 2.0568059105998996e-06
39550.056 2.072926901009916e-06
39600.056 2.237059940699841e-06
39650.056 2.0726863625000196e-06
39700.056 2.09900110419999e-06
39750.056 2.0626682219799426e-06
39800.056 1.990423213799981e-06
39850.056 2.1198342544999175e-06
39900.056 2.0625868888000627e-06
39950.056 2.1435146373998414e-06
40000.056 1.9770344091000173e-06
40050.056 1.978797969500028e-06
40100.056 2.0789206238399747e-06
40150.056 1.9757476091998335e-06
40200.056 2.0393942681998535e-06
40250.056 1.8775428578695636e-06
40300.056 1.8855842884001364e-06
40350.056 2.0000527047001067e-06
40400.056 1.9746165884800705e-06
40450.056 1.95274284060007e-06
40500.056 1.7930925774001853e-06
40550.056 2.041811800599879e-06
40600.056 1.7314796921601516e-06
40650.056 1.8952082976999836e-06
40700.056 2.0208177182000297e-06
40750.056 1.763995567099518e-06
40800.056 1.7031933432399258e-06
40850.056 1.728440848540293e-06
40900.056 1.727627343680052e-06
40950.056 1.7706683344399582e-06
41000.056 1.784721172499951e-06
41050.056 1.7902441036698074e-06
41100.056 1.6654980779399301e-06
41150.056 1.7346257446999504e-06
41200.056 1.7139857709500405e-06
41250.056 1.7090643567100643e-06
41300.056 1.499201501529739e-06
41350.056 1.7559490864000598e-06
41400.056 1.6245684425001731e-06
41450.056 1.6652646987702067e-06
41500.056 1.6696203816200334e-06
41550.056 1.6323526935800313e-06
41600.056 1.6319374165200634e-06
41650.056 1.5872561473801762e-06
41700.056 1.496331524449843e-06
41750.056 1.5508790738699e-06
41800.056 1.6391960867098472e-06
41850.056 1.2924947986201618e-06
41900.056 1.5546582268799296e-06
41950.056 1.4887029758502918e-06
42000.056 1.451553394140215e-06
42050.056 1.2948384843697802e-06
42100.056 1.494555017040156e-06
42150.056 1.1394457220797838e-06
42200.056 1.200215699130061e-06
42250.056 1.3459622882399593e-06
42300.056 1.1635415425600509e-06
42350.056 1.3437666487402254e-06
42400.056 1.1773212654902024e-06
42450.056 1.0731659064000508e-06
42500.056 1.1169625679300902e-06
42550.056 1.1195978247999432e-06
42600.056 1.135431011370173e-06
42650.056 1.1200669029296143e-06
42700.056 1.1628037668802197e-06
42750.056 1.0867600288899387e-06
42800.056 1.0922866747902905e-06
42850.056 1.2080161548097367e-06
42900.056 1.1870204280600583e-06
42950.056 1.063449891449623e-06
43000.056 1.110628936599976e-06
43050.056 9.827094989503774e-07
43100.056 1.0867253566900557e-06
43150.056 1.0769569463501189e-06
43200.056 1.0634005378900923e-06
43250.056 1.0784096685298401e-06
43300.056 1.1220161458700587e-06
43350.056 9.739805017698922e-07
43400.056 1.028043302469982e-06
43450.056 9.971141890801556e-07
43500.056 1.00069255515991e-06
43550.056 1.019776173770071e-06
43600.056 1.0803283443700394e-06
43650.056 9.473165467500252e-07
43700.056 9.919747149298452e-07
43750.056 9.89582751420149e-07
43800.056 9.332388195900279e-07
43850.056 9.33728229100152e-07
43900.056 9.709696249499153e-07
43950.056 8.834892749400088e-07
44000.056 8.352665112600579e-07
44050.056 8.723761335600401e-07
44100.056 9.239107108900977e-07
44150.056 9.402483535899131e-07
44200.056 8.874562182800139e-07
44250.056 8.590867002100076e-07
44300.056 8.340087543900823e-07
44350.056 8.198252608800509e-07
44400.056 8.500271446799581e-07
44450.056 8.621425239500175e-07
44500.056 8.554936201000891e-07
44550.056 8.229247670798867e-07
44600.056 8.028494731900834e-07
44650.056 8.55409688240048e-07
44700.056 7.833789579400221e-07
44750.056 8.255482624899399e-07
44800.056 8.189203391199752e-07
44850.056 8.107109955200863e-07
44900.056 7.610023067300613e-07
44950.056 7.497010321300416e-07
45000.056 7.884466268099719e-07
45050.056 7.930718037099596e-07
45100.056 8.229498238400005e-07
45150.056 7.583757541599938e-07
45200.056 7.063951361800221e-07
45250.056 7.349460632899356e-07
45300.056 7.816371936600261e-07
45350.056 7.932895791899441e-07
45400.056 7.625833184900708e-07
45450.056 7.18705928129898e-07
45500.056 7.484426940899589e-07
45550.056 8.006046106399644e-07
45600.056 7.490867057599964e-07
45650.056 6.892521168298903e-07
45700.056 7.858274695700616e-07
45750.056 7.146531740700226e-07
45800.056 7.187781992599705e-07
45850.056 8.382693958399716e-07
45900.056 8.168538548700217e-07
45950.056 7.182732962600036e-07
46000.056 8.267809705100273e-07
46050.056 8.257559241901512e-07
46100.056 7.136735046800424e-07
46150.056 7.691893075599589e-07
46200.056 7.970876129801445e-07
46250.056 6.869742472499868e-07
46300.056 8.508808598999906e-07
46350.056 7.570172130699501e-07
46400.056 7.776250109399555e-07
46450.056 8.067334181600589e-07
46500.056 7.249811848199754e-07
46550.056 8.648415012299954e-07
46600.056 8.21693632200038e-07
46650.056 1.0090319152298566e-06
46700.056 9.46980409000285e-07
46750.056 7.68423334730003e-07
46800.056 8.058041237600756e-07
46850.056 8.97861604170103e-07
46900.056 8.454415201298866e-07
46950.056 9.384570734999926e-07
47000.056 7.893318870400076e-07
47050.056 9.425031600798912e-07
47100.056 7.266356553400647e-07
47150.056 8.040909688600577e-07
47200.056 8.752225427601212e-07
47250.056 7.772284165699538e-07
47300.056 7.874485335998871e-07
47350.056 7.405527389199229e-07
47400.056 8.763085342698986e-07
47450.056 7.609993335399711e-07
47500.056 8.835557893999237e-07
47550.056 7.697958911599539e-07
47600.056 8.718171866999341e-07
47650.056 6.830172485998833e-07
47700.056 8.847363294700691e-07
47750.056 6.456862893500985e-07
47800.056 8.623583756699465e-07
47850.056 6.702896872099409e-07
47900.056 8.363919413600068e-07
47950.056 6.952640928700678e-07
48000.056 9.465598273100041e-07
48050.056 7.564953898400712e-07
48100.056 8.198427687899919e-07
48150.056 7.464532683200959e-07
48200.056 8.63317200640058e-07
48250.056 7.340290579200292e-07
48300.056 9.386252713498641e-07
48350.056 6.803790840099652e-07
48400.056 8.065133502699749e-07
48450.056 7.158617810200342e-07
48500.056 9.468130568400027e-07
48550.056 6.8224142968999e-07
48600.056 8.887559963699536e-07
48650.056 7.184948253899759e-07
48700.056 8.878241910700532e-07
48750.056 6.41400650560054e-07
48800.056 9.532730900000297e-07
48850.056 6.860890889598637e-07
48900.056 9.165146383000616e-07
48950.056 8.044047133500115e-07
49000.056 7.54368611709927e-07
49050.056 8.737308655399747e-07
49100.056 7.840071548800536e-07
49150.056 8.336310008999629e-07
49200.056 7.822705260999773e-07
49250.056 8.424498933300319e-07
49300.056 7.363692874099511e-07
49350.056 7.693165435800095e-07
49400.056 8.790483034300044e-07
49450.056 7.824609412501729e-07
49500.056 7.968946174099975e-07
49550.056 6.961697434099812e-07
49600.056 7.787695625101235e-07
49650.056 8.078673501399739e-07
49700.056 7.223861720799143e-07
49750.056 1.019811783239895e-06
49800.056 7.696315912200175e-07
49850.056 9.821138924900794e-07
49900.056 7.990676300600146e-07
49950.056 8.31980435249895e-07
50000.056 8.326368826198618e-07
50050.056 8.312067091800303e-07
50100.056 8.932353919999562e-07
50150.056 7.341811673000056e-07
50200.056 6.778085115200571e-07
50250.056 8.506013826000021e-07
50300.056 7.75512695429978e-07
50350.056 9.465271277299973e-07
50400.056 7.982707986099429e-07
50450.056 7.861548784501057e-07
50500.056 9.66913774210101e-07
50550.056 8.238752181300052e-07
50600.056 8.653517440199564e-07
50650.056 8.453264849201151e-07
50700.056 9.394130133098616e-07
50750.056 9.605804730501087e-07
50800.056 6.90330266049902e-07
50850.056 8.136428016801125e-07
50900.056 9.312565765399568e-07
50950.056 8.835545037101589e-07
51000.056 1.034743999130092e-06
51050.056 8.124886807800515e-07
51100.056 7.471017448199376e-07
51150.056 8.738335274799584e-07
51200.056 8.978217994999836e-07
51250.056 9.089160163399835e-07
51300.056 7.52403877030213e-07
51350.056 8.575238200599177e-07
51400.056 7.558537754198989e-07
51450.056 6.143070908798952e-07
51500.056 7.686372514000813e-07
51550.056 1.0249437694500862e-06
51600.056 7.290968784300502e-07
51650.056 8.361051665698989e-07
51700.056 8.275189979397967e-07
51750.056 7.435415390000304e-07
51800.056 9.222037243797933e-07
51850.056 8.843327062599184e-07
51900.056 9.889221487401239e-07
51950.056 8.907458072099391e-07
52000.056 6.951411900199695e-07
52050.056 8.461178226299612e-07
52100.056 7.668352156099283e-07
52150.056 7.644691788900266e-07
52200.056 7.380591146199992e-07
52250.056 8.033905644500071e-07
52300.056 9.518763969499717e-07
52350.056 9.309977059500528e-07
52400.056 6.916581801500986e-07
52450.056 8.308520479500185e-07
52500.056 9.276561597398646e-07
52550.056 8.923836333698292e-07
52600.056 8.531658492200919e-07
52650.056 9.324799046001295e-07
52700.056 8.036113265800174e-07
52750.056 6.899005046599607e-07
52800.056 7.624295485000582e-07
52850.056 7.459216327198987e-07
52900.056 8.112846776900073e-07
52950.056 8.020917548599525e-07
53000.056 9.304717150599888e-07
53050.056 7.542496564798367e-07
53100.056 7.784642425498958e-07
53150.056 9.901285961400802e-07
53200.056 6.551488546300357e-07
53250.056 9.333572083600115e-07
53300.056 9.231502916203371e-07
53350.056 9.176287712899138e-07
53400.056 8.877415342700499e-07
53450.056 7.50641207210029e-07
53500.056 6.173925621199007e-07
53550.056 7.880936234299313e-07
53600.056 8.700953083201293e-07
53650.056 7.111731686700347e-07
53700.056 7.367601831800997e-07
53750.056 7.829621643000125e-07
