galfind/configs/Brown_Dwarf_templates/sonora_bobcat/m0.0/562g/sp_t1600g562nc_m0.0_resample.dat
# %ECSV 1.0
# ---
# datatype:
# - {name: wav, unit: Angstrom, datatype: float64}
# - {name: flux_nu, unit: erg / (cm2 Hz s), datatype: float64}
# meta: {C/O: '1.00', Kzz: '1.0000E+05', Teff: '1600.', Y: '0.28', '[Fe/H]': '0.00', f_hole: '1.00', f_rain: '0.00', grav: '562.'}
# schema: astropy-2.0
wav flux_nu
[from data line 500]
29000.056 7.249234465418446e-07
29050.056 7.778712684710005e-07
29100.056 6.171262123641011e-07
29150.056 8.461460970900907e-07
29200.056 7.062405193060702e-07
29250.056 8.173909929159784e-07
29300.056 6.445903185447907e-07
29350.056 9.935209954198824e-07
29400.056 7.685582828839108e-07
29450.056 7.869333654559828e-07
29500.056 8.100760766349232e-07
29550.056 7.943412917650231e-07
29600.056 8.77022426709792e-07
29650.056 8.101291018399422e-07
29700.056 7.55542791509878e-07
29750.056 8.943566626242353e-07
29800.056 9.296917612098756e-07
29850.056 8.724945588898908e-07
29900.056 8.270813351102994e-07
29950.056 9.644332486298481e-07
30000.056 9.334202641078487e-07
30050.056 8.661326263899728e-07
30100.056 7.730403949797922e-07
30150.056 1.0751974720999681e-06
30200.056 9.208837858800399e-07
30250.056 9.701495071001629e-07
30300.056 8.948679813699306e-07
30350.056 8.976826105100979e-07
30400.056 1.041236975550095e-06
30450.056 8.340637200501188e-07
30500.056 7.612905945800771e-07
30550.056 9.07788616780135e-07
30600.056 9.082518127400522e-07
30650.056 8.919121862299529e-07
30700.056 8.165975516299458e-07
30750.056 7.98011730939979e-07
30800.056 8.392696130601537e-07
30850.056 7.247546384498974e-07
30900.056 7.344782511099084e-07
30950.056 6.644490601801026e-07
31000.056 6.945343239000005e-07
31050.056 7.180241036200042e-07
31100.056 6.19065174809974e-07
31150.056 6.670502636199368e-07
31200.056 6.899945248699994e-07
31250.056 6.371717681699938e-07
31300.056 6.110497624599274e-07
31350.056 5.787075346299961e-07
31400.056 5.441294706300897e-07
31450.056 5.538506502799464e-07
31500.056 5.378409652799313e-07
31550.056 5.366230682099963e-07
31600.056 4.9973806478998e-07
31650.056 4.892961125800046e-07
31700.056 4.980202117299499e-07
31750.056 4.5718099772811395e-07
31800.056 5.227292087399426e-07
31850.056 4.772975286500599e-07
31900.056 5.377505874200194e-07
31950.056 4.3295083158002494e-07
32000.056 4.93056701454937e-07
32050.056 5.244722073200409e-07
32100.056 5.180541446900104e-07
32150.056 5.599713598399602e-07
32200.056 5.003634242619828e-07
32250.056 5.948164127200604e-07
32300.056 4.991323009599615e-07
32350.056 6.382016470200276e-07
32400.056 5.084788474099991e-07
32450.056 6.221671355798495e-07
32500.056 6.223322371201175e-07
32550.056 6.671149697399968e-07
32600.056 6.70158885819987e-07
32650.056 7.401645425000195e-07
32700.056 7.17661887130077e-07
32750.056 7.412414185200086e-07
32800.056 7.301866568300513e-07
32850.056 7.926505952698953e-07
32900.056 8.435217215299886e-07
32950.056 7.74459725599954e-07
33000.056 7.602839087699425e-07
33050.056 7.017099880200139e-07
33100.056 6.063962098999412e-07
33150.056 3.8895897815003866e-07
33200.056 3.115339138399197e-07
33250.056 2.647927280599236e-07
33300.056 2.5300575089003935e-07
33350.056 2.8783230120000834e-07
33400.056 3.1349239352996684e-07
33450.056 3.4703248401999105e-07
33500.056 4.1071910299005063e-07
33550.056 4.4309836523005244e-07
33600.056 5.137243676100133e-07
33650.056 5.847640991500697e-07
33700.056 5.856034056999605e-07
33750.056 7.152463762299946e-07
33800.056 6.856882940599353e-07
33850.056 7.56277795349984e-07
33900.056 7.25101183959948e-07
33950.056 7.029700878199709e-07
34000.056 7.606710806499152e-07
34050.056 6.791171552798853e-07
34100.056 7.983408426299807e-07
34150.056 7.095530847398727e-07
34200.056 6.410438138998335e-07
34250.056 7.273014584898569e-07
34300.056 6.239564371096679e-07
34350.056 6.127225316699989e-07
34400.056 5.905976391200251e-07
34450.056 6.657498794099877e-07
34500.056 6.910636002099881e-07
34550.056 6.065535071899928e-07
34600.056 7.299192740200226e-07
34650.056 6.86581196479958e-07
34700.056 6.823927988999116e-07
34750.056 7.640122415600533e-07
34800.056 6.875904014098635e-07
34850.056 6.8262527749001e-07
34900.056 7.465724956900036e-07
34950.056 6.933913075498484e-07
35000.056 8.267877521400324e-07
35050.056 7.343275044799997e-07
35100.056 7.491648548699269e-07
35150.056 8.275568162899757e-07
35200.056 7.995287865400846e-07
35250.056 8.538165800999411e-07
35300.056 7.82401556070084e-07
35350.056 7.807061852399078e-07
35400.056 8.417217738001187e-07
35450.056 6.710665125502706e-07
35500.056 9.140075947600174e-07
35550.056 8.819344748699624e-07
35600.056 8.214743058100872e-07
35650.056 9.665320539000431e-07
35700.056 8.308930353700196e-07
35750.056 9.064607815098243e-07
35800.056 1.1003343476200201e-06
35850.056 9.006287141600257e-07
35900.056 1.116785792539917e-06
35950.056 1.0634457339999982e-06
36000.056 1.034867952810073e-06
36050.056 1.1565174907600789e-06
36100.056 1.1543095319194111e-06
36150.056 1.1346537717001543e-06
36200.056 1.2923925146399163e-06
36250.056 1.178148974089915e-06
36300.056 1.3679135851801113e-06
36350.056 1.2921889065198807e-06
36400.056 1.290742174620056e-06
36450.056 1.4717461958199186e-06
36500.056 1.3808946474199534e-06
36550.056 1.4544813040504048e-06
36600.056 1.4873216967500704e-06
36650.056 1.5125066450498068e-06
36700.056 1.6704367245399347e-06
36750.056 1.5850145344001255e-06
36800.056 1.6574980070799162e-06
36850.056 1.7372276496399928e-06
36900.056 1.697414725900139e-06
36950.056 1.7989159215798606e-06
37000.056 1.844286756899915e-06
37050.056 1.8720880766999425e-06
37100.056 1.8951674945001386e-06
37150.056 1.905867052499894e-06
37200.056 1.9941608105000233e-06
37250.056 2.0176343042999317e-06
37300.056 1.9746693624999688e-06
37350.056 1.9039987976002775e-06
37400.056 2.1059079600999076e-06
37450.056 1.98654209700012e-06
37500.056 2.099333165699842e-06
37550.056 2.1541227172998814e-06
37600.056 2.2671983621999483e-06
37650.056 2.118799604799987e-06
37700.056 2.2884717738000397e-06
37750.056 2.2389542335000382e-06
37800.056 2.3278801678000734e-06
37850.056 2.2025161293999504e-06
37900.056 2.266599914900252e-06
37950.056 2.2818298765999842e-06
38000.056 2.3883032837001378e-06
38050.056 2.3649259596001295e-06
38100.056 2.250700531000197e-06
38150.056 2.5003194753999334e-06
38200.056 2.501204172899978e-06
38250.056 2.316675877600201e-06
38300.056 2.370581674199944e-06
38350.056 2.4702990409999912e-06
38400.056 2.452007824299843e-06
38450.056 2.6129678831000383e-06
38500.056 2.460645915100036e-06
38550.056 2.5531215584001115e-06
38600.056 2.7510301039999013e-06
38650.056 2.50793257319999e-06
38700.056 2.529483751300284e-06
38750.056 2.6501998432000133e-06
38800.056 2.5910353143000795e-06
38850.056 2.56213895860004e-06
38900.056 2.4910525762999374e-06
38950.056 2.6888759968999703e-06
39000.056 2.604966573500064e-06
39050.056 2.6802812970998912e-06
39100.056 2.4887961232001774e-06
39150.056 2.640819863100064e-06
39200.056 2.685292282300008e-06
39250.056 2.6662396104996947e-06
39300.056 2.6345717952997014e-06
39350.056 2.673105948000186e-06
39400.056 2.639757084300084e-06
39450.056 2.6731076004999243e-06
39500.056 2.557502995899843e-06
39550.056 2.560719672639832e-06
39600.056 2.7752353700998824e-06
39650.056 2.5280177312000305e-06
39700.056 2.578998162399962e-06
39750.056 2.5556278522998628e-06
39800.056 2.4263673640000317e-06
39850.056 2.580175989699885e-06
39900.056 2.5085005606000603e-06
39950.056 2.6138026853998404e-06
40000.056 2.3781032487999808e-06
40050.056 2.3629646271000123e-06
40100.056 2.508182744099944e-06
40150.056 2.3556980294997487e-06
40200.056 2.443152974499855e-06
40250.056 2.255403265699465e-06
40300.056 2.2503043388501802e-06
40350.056 2.3911235066001404e-06
40400.056 2.357810011200069e-06
40450.056 2.2982612137000807e-06
40500.056 2.105164100100207e-06
40550.056 2.4188309974998398e-06
40600.056 2.040696405940182e-06
40650.056 2.2493161890000487e-06
40700.056 2.3750463176000474e-06
40750.056 2.0730770027994046e-06
40800.056 2.0180823455499874e-06
40850.056 1.9992955003203604e-06
40900.056 2.012123856300097e-06
40950.056 2.0745742369799554e-06
41000.056 2.0930543957999415e-06
41050.056 2.082472663419752e-06
41100.056 1.943334459179933e-06
41150.056 2.0616254805999593e-06
41200.056 1.9915490735500568e-06
41250.056 2.0015455342000967e-06
41300.056 1.7444021518697043e-06
41350.056 2.0413126196200556e-06
41400.056 1.8833565883001924e-06
41450.056 1.9271475423802166e-06
41500.056 1.972944598760082e-06
41550.056 1.911905344990032e-06
41600.056 1.8962232767000756e-06
41650.056 1.8298210361002134e-06
41700.056 1.7300054070298223e-06
41750.056 1.8048388301598805e-06
41800.056 1.890964676539806e-06
41850.056 1.5117139542202075e-06
41900.056 1.8214399544799318e-06
41950.056 1.7292757177003453e-06
42000.056 1.6941066275502383e-06
42050.056 1.5114521658297203e-06
42100.056 1.7323094343501861e-06
42150.056 1.3182594857597352e-06
42200.056 1.4000562591700755e-06
42250.056 1.5870467839599647e-06
42300.056 1.3595062274900593e-06
42350.056 1.5715838805202844e-06
42400.056 1.367170532520239e-06
42450.056 1.2377514939200668e-06
42500.056 1.2926978235801222e-06
42550.056 1.3008381229499433e-06
42600.056 1.3188910217101966e-06
42650.056 1.2832495498195248e-06
42700.056 1.350340197940278e-06
42750.056 1.258590317539931e-06
42800.056 1.2673122071903476e-06
42850.056 1.390654159299703e-06
42900.056 1.364126372460058e-06
42950.056 1.2187686919095598e-06
43000.056 1.2738447540799708e-06
43050.056 1.1351428647404391e-06
43100.056 1.247888622960078e-06
43150.056 1.2411270485401384e-06
43200.056 1.2110574259401102e-06
43250.056 1.2231319345898276e-06
43300.056 1.2732928316800778e-06
43350.056 1.1077009845198889e-06
43400.056 1.1658338149499754e-06
43450.056 1.1313145157301872e-06
43500.056 1.1354600003198934e-06
43550.056 1.1554669175900744e-06
43600.056 1.2136509385500463e-06
43650.056 1.064075093540029e-06
43700.056 1.0999800503498154e-06
43750.056 1.1040111368301593e-06
43800.056 1.0366120369200527e-06
43850.056 1.0431447211401748e-06
43900.056 1.0807390577099152e-06
43950.056 9.91677597770025e-07
44000.056 9.360820771400653e-07
44050.056 9.589963229800464e-07
44100.056 1.0114010987101161e-06
44150.056 1.0367036411499025e-06
44200.056 9.752620989300144e-07
44250.056 9.530278467700085e-07
44300.056 9.262828762900852e-07
44350.056 9.035514392300491e-07
44400.056 9.405971693199528e-07
44450.056 9.524875078000261e-07
44500.056 9.399614188500891e-07
44550.056 8.921467951498704e-07
44600.056 8.812629422700906e-07
44650.056 9.37517357240042e-07
44700.056 8.663654991500296e-07
44750.056 9.042799122999273e-07
44800.056 8.979892725099682e-07
44850.056 8.871659521700881e-07
44900.056 8.388905053200692e-07
44950.056 8.174541998100426e-07
45000.056 8.636456951399699e-07
45050.056 8.678070054399504e-07
45100.056 9.002825481400017e-07
45150.056 8.273651349999952e-07
45200.056 7.729062428600157e-07
45250.056 8.020861885499403e-07
45300.056 8.597734557300258e-07
45350.056 8.746926034399427e-07
45400.056 8.311704892000808e-07
45450.056 7.827726817698916e-07
45500.056 8.166273565299589e-07
45550.056 8.722627712999744e-07
45600.056 8.122694130399905e-07
45650.056 7.533250870198825e-07
45700.056 8.6135115112006e-07
45750.056 7.826800174800263e-07
45800.056 7.804616892599674e-07
45850.056 9.138542388899693e-07
45900.056 8.897327762500227e-07
45950.056 7.858033650500027e-07
46000.056 9.068739278900248e-07
46050.056 9.094038437501713e-07
46100.056 7.722148373600554e-07
46150.056 8.422259724199555e-07
46200.056 8.751209575101576e-07
46250.056 7.522791721399941e-07
46300.056 9.372045526699924e-07
46350.056 8.28076361879937e-07
46400.056 8.491136172899417e-07
46450.056 8.828701897500712e-07
46500.056 7.954048742799598e-07
46550.056 9.568634083599993e-07
46600.056 9.002248731100451e-07
46650.056 1.1126248588798471e-06
46700.056 1.050445806260322e-06
46750.056 8.484965714299927e-07
46800.056 8.975668507100885e-07
46850.056 9.83237020000112e-07
46900.056 9.23793352979875e-07
46950.056 1.0353856289799886e-06
47000.056 8.654929936200067e-07
47050.056 1.041496641209896e-06
47100.056 8.03669315890065e-07
47150.056 8.906937691200634e-07
47200.056 9.646475400201498e-07
47250.056 8.578101762899394e-07
47300.056 8.798994273898644e-07
47350.056 8.023985125199105e-07
47400.056 9.600495210198819e-07
47450.056 8.329463168199555e-07
47500.056 9.65700274689913e-07
47550.056 8.429699486199488e-07
47600.056 9.60308018959929e-07
47650.056 7.446115870798766e-07
47700.056 9.76293145430055e-07
47750.056 7.100410760601177e-07
47800.056 9.553405517199384e-07
47850.056 7.408368236999371e-07
47900.056 9.29652388920021e-07
47950.056 7.594405823000859e-07
48000.056 1.0452744715399977e-06
48050.056 8.228692385600841e-07
48100.056 9.097994397399867e-07
48150.056 8.180591033901062e-07
48200.056 9.563230223600696e-07
48250.056 8.069618982300324e-07
48300.056 1.0359621992598592e-06
48350.056 7.471707706499468e-07
48400.056 9.080315550799806e-07
48450.056 7.815544881300245e-07
48500.056 1.047515024530013e-06
48550.056 7.465931049199909e-07
48600.056 9.8508434736994e-07
48650.056 7.817538364999769e-07
48700.056 9.844759405900644e-07
48750.056 7.058888841400462e-07
48800.056 1.0507529020800368e-06
48850.056 7.538016055398558e-07
48900.056 1.007286699290074e-06
48950.056 8.823933693700043e-07
49000.056 8.473057044099309e-07
49050.056 9.586760494499713e-07
49100.056 8.594785880900567e-07
49150.056 9.174180504999592e-07
49200.056 8.521796501199681e-07
49250.056 9.218898078700217e-07
49300.056 8.048106279699415e-07
49350.056 8.584942958099977e-07
49400.056 9.751731728400143e-07
49450.056 8.579271816101816e-07
49500.056 8.862946720100066e-07
49550.056 7.777092828699724e-07
49600.056 8.613173161601408e-07
49650.056 8.96757366409976e-07
49700.056 7.942623782399208e-07
49750.056 1.1419889278998916e-06
49800.056 8.494746539100215e-07
49850.056 1.0891211004400753e-06
49900.056 8.795806071500198e-07
49950.056 9.206322119698753e-07
50000.056 9.204938768098349e-07
50050.056 9.107701287200413e-07
50100.056 9.954993665299467e-07
50150.056 8.2026555241001e-07
50200.056 7.728823623600744e-07
50250.056 9.404358302400147e-07
50300.056 8.557497118499727e-07
50350.056 1.0449090850999875e-06
50400.056 8.798614602799368e-07
50450.056 8.77629215460118e-07
50500.056 1.0845164386401156e-06
50550.056 9.112968238199987e-07
50600.056 9.731571213099629e-07
50650.056 9.301931173201295e-07
50700.056 1.0392059275298512e-06
50750.056 1.0770004763001203e-06
50800.056 7.702963806498938e-07
50850.056 9.188958532201217e-07
50900.056 1.02767689007995e-06
50950.056 9.898943262401724e-07
51000.056 1.1635337371200987e-06
51050.056 9.020129765100649e-07
51100.056 8.493718548099353e-07
51150.056 9.84325530879952e-07
51200.056 9.799281108599858e-07
51250.056 1.0297442420999895e-06
51300.056 8.424151988702309e-07
51350.056 9.710685490999004e-07
51400.056 8.73598760249872e-07
51450.056 6.93809424469889e-07
51500.056 8.828002536700754e-07
51550.056 1.159847598470093e-06
51600.056 8.089485892500497e-07
51650.056 9.469305705498838e-07
51700.056 9.251442603497672e-07
51750.056 8.423547477800372e-07
51800.056 1.0423544245997845e-06
51850.056 9.945921668198963e-07
51900.056 1.097814950340134e-06
51950.056 9.985927067899294e-07
52000.056 7.95952384809965e-07
52050.056 9.567174158899494e-07
52100.056 8.750925546399082e-07
52150.056 8.764953502000318e-07
52200.056 8.480402125000114e-07
52250.056 9.109632712100014e-07
52300.056 1.0608548155699748e-06
52350.056 1.057798419750071e-06
52400.056 7.844765423801138e-07
52450.056 9.304115696300167e-07
52500.056 1.0507292965198505e-06
52550.056 9.963934763398022e-07
52600.056 9.705999139200983e-07
52650.056 1.071758256030131e-06
52700.056 9.101274006300227e-07
52750.056 7.853595092799498e-07
52800.056 8.647792234100681e-07
52850.056 8.401667135198978e-07
52900.056 9.274591706300081e-07
52950.056 9.084007416999397e-07
53000.056 1.0530320158399785e-06
53050.056 8.696154147998242e-07
53100.056 8.908410175598815e-07
53150.056 1.1144487449601045e-06
53200.056 7.465953672300514e-07
53250.056 1.0513963802400055e-06
53300.056 1.0459582780203755e-06
53350.056 1.0386648648298946e-06
53400.056 9.943730247100552e-07
53450.056 8.59854218000033e-07
53500.056 7.106673832998915e-07
53550.056 9.055215421299352e-07
53600.056 9.933758073901433e-07
53650.056 8.06938235680053e-07
53700.056 8.424716074801161e-07
53750.056 9.04400107480012e-07
