galfind/configs/Brown_Dwarf_templates/sonora_bobcat/m0.0/562g/sp_t275g562nc_m0.0_resample.dat
# %ECSV 1.0
# ---
# datatype:
# - {name: wav, unit: Angstrom, datatype: float64}
# - {name: flux_nu, unit: erg / (cm2 Hz s), datatype: float64}
# meta: {C/O: '1.00', Kzz: '1.0000E+05', Teff: '275.', Y: '0.28', '[Fe/H]': '0.00', f_hole: '1.00', f_rain: '0.00', grav: '562.'}
# schema: astropy-2.0
wav flux_nu
[from data line 499]
28950.056 5.791515389470145e-13
29000.056 2.843360843824891e-13
29050.056 7.059682219039575e-13
29100.056 1.5617089556916567e-13
29150.056 1.3993058896999588e-13
29200.056 2.2465465113845045e-12
29250.056 7.541027025657083e-13
29300.056 4.107658745912957e-13
29350.056 1.5323386530653554e-12
29400.056 1.1539173333962123e-12
29450.056 1.6630488718623496e-13
29500.056 2.397993707475826e-12
29550.056 5.280006092910549e-13
29600.056 3.7245211830593957e-13
29650.056 3.1253111670317167e-12
29700.056 3.4406480224880096e-13
29750.056 2.3361162240307287e-12
29800.056 6.814281831701702e-13
29850.056 3.2856042472829347e-12
29900.056 9.194965671391111e-13
29950.056 9.533808293813491e-13
30000.056 4.796659572321701e-15
30050.056 2.465165552994434e-13
30100.056 1.0993001036552712e-12
30150.056 3.11739689976901e-12
30200.056 2.4453099740897756e-12
30250.056 2.9184097290738234e-12
30300.056 4.586559176595598e-12
30350.056 5.823588771975843e-13
30400.056 6.103405713286535e-12
30450.056 7.07577448302498e-12
30500.056 8.997220697735543e-13
30550.056 1.0785902252644246e-12
30600.056 4.844648690729626e-11
30650.056 1.4494604876022745e-11
30700.056 2.165586306171929e-12
30750.056 9.454366783760342e-12
30800.056 2.037149118004871e-11
30850.056 1.6073504825823137e-11
30900.056 6.448490152303491e-12
30950.056 3.873792177549712e-12
31000.056 6.021584691061393e-12
31050.056 1.5438156690861394e-12
31100.056 1.0217257581300358e-12
31150.056 4.246366295651563e-12
31200.056 2.407243734571302e-11
31250.056 9.958251453551434e-12
31300.056 2.146999503858809e-12
31350.056 2.032906745225678e-11
31400.056 1.0255226152581517e-11
31450.056 1.0042285716102178e-11
31500.056 2.556564865554489e-12
31550.056 6.6457995684411544e-12
31600.056 5.40924835392619e-12
31650.056 3.4874215310529646e-12
31700.056 2.333832521720975e-12
31750.056 9.99960576455992e-13
31800.056 1.791243717667152e-12
31850.056 1.891865342904979e-13
31900.056 5.951595219033615e-13
31950.056 2.4529643904041845e-13
32000.056 1.4585733654157754e-13
32050.056 1.3645689862459441e-13
32100.056 1.2186585940730288e-13
32150.056 7.603329875116767e-14
32200.056 2.4767437708506292e-14
32250.056 6.294051823690999e-14
32300.056 9.706338362413212e-15
32350.056 3.5866616589872244e-14
32400.056 2.1485725756773294e-15
32450.056 2.2372097935336407e-14
32500.056 1.985285193451693e-15
32550.056 1.780420787024703e-14
32600.056 1.1409981662639671e-15
32650.056 3.4570387101810866e-14
32700.056 1.89595307058174e-15
32750.056 1.2427304762403383e-13
32800.056 3.117712681993077e-14
32850.056 5.224379915721134e-13
32900.056 2.9537267014175375e-13
32950.056 5.032957400297671e-13
33000.056 1.0378298918152238e-13
33050.056 4.175951627432909e-14
33100.056 5.430125566136994e-15
33150.056 1.2605644304739755e-17
33200.056 1.3981606020375507e-15
33250.056 2.5941238586596434e-15
33300.056 9.064582774562688e-14
33350.056 6.488917391910003e-14
33400.056 5.025395735958974e-13
33450.056 2.400604324663849e-14
33500.056 3.3567669623867364e-13
33550.056 3.144515755505346e-14
33600.056 1.3818869545581835e-13
33650.056 1.709724906203842e-13
33700.056 1.444165195362778e-14
33750.056 1.957206370942108e-13
33800.056 5.9429081237955866e-15
33850.056 8.781037507034799e-14
33900.056 9.077747845161348e-14
33950.056 1.192355246490214e-13
34000.056 3.7488142974616064e-13
34050.056 5.755460814331585e-14
34100.056 5.077316175331187e-13
34150.056 1.2783648187720672e-13
34200.056 8.114361152856227e-13
34250.056 2.0871210434042902e-13
34300.056 3.9830032353043974e-13
34350.056 3.0794970856507827e-12
34400.056 2.443234303571232e-13
34450.056 1.9195633773627844e-12
34500.056 3.6806157073248384e-13
34550.056 2.0177084667147043e-12
34600.056 1.1087602777395159e-11
34650.056 2.5255771208501254e-13
34700.056 5.582399536913703e-12
34750.056 1.8748658750722964e-12
34800.056 1.0498792245496718e-12
34850.056 5.886581916042276e-12
34900.056 4.1338608742553363e-13
34950.056 1.1382118066551383e-11
35000.056 8.811558939058093e-12
35050.056 1.4345882435843079e-11
35100.056 2.3286503472158163e-11
35150.056 2.0190548482808634e-11
35200.056 2.0064579253100252e-11
35250.056 4.1167444287500693e-11
35300.056 5.525620462624601e-12
35350.056 2.32274347457744e-12
35400.056 1.3860107530851166e-12
35450.056 1.4787168573780898e-12
35500.056 1.0307770097519078e-11
35550.056 8.925798447382219e-12
35600.056 1.9000854137117062e-11
35650.056 2.5860420242190055e-11
35700.056 3.4794492565539067e-11
35750.056 2.3746910075919414e-11
35800.056 5.835405000152735e-12
35850.056 3.8514127409594996e-12
35900.056 5.998995859678183e-12
35950.056 1.867228396774207e-11
36000.056 2.3987928750692038e-11
36050.056 1.6501291793862156e-11
36100.056 1.5003086189451416e-11
36150.056 1.1318502763120985e-10
36200.056 6.4002505763286e-11
36250.056 2.516524349207645e-11
36300.056 1.1858472105050478e-10
36350.056 6.74870815003649e-11
36400.056 9.75569454282001e-11
36450.056 5.696679543284087e-11
36500.056 5.024060376159203e-11
36550.056 2.0809948466887768e-10
36600.056 2.335115576639785e-10
36650.056 7.614131804428847e-11
36700.056 1.4195331477274683e-10
36750.056 2.640441006680955e-10
36800.056 3.1336113664713925e-10
36850.056 8.40088960243876e-11
36900.056 1.013597568300497e-10
36950.056 3.625815484247175e-10
37000.056 2.13573576996619e-10
37050.056 3.712641996007099e-10
37100.056 5.368880697461196e-11
37150.056 1.397872670657099e-10
37200.056 5.71748182854065e-10
37250.056 2.4671962269453946e-10
37300.056 7.794909990055271e-11
37350.056 1.5136012879691074e-10
37400.056 3.02882612017726e-10
37450.056 1.0217734141713225e-10
37500.056 1.3313757212666277e-10
37550.056 6.6603937737877e-10
37600.056 1.3618217177558792e-09
37650.056 1.3478680804138847e-10
37700.056 3.473734827965817e-10
37750.056 2.9934796752607175e-10
37800.056 2.70382394539217e-10
37850.056 1.4734453128449338e-10
37900.056 1.3150380146576232e-10
37950.056 2.6921336012128346e-10
38000.056 2.0481673638138638e-10
38050.056 6.41470660314575e-10
38100.056 9.267728961922028e-10
38150.056 1.2978462292291245e-09
38200.056 6.366140519189684e-10
38250.056 1.230365640717085e-09
38300.056 2.561280651486272e-09
38350.056 1.1303750218579086e-09
38400.056 2.408079265264455e-10
38450.056 5.101451801564585e-11
38500.056 7.639975826222995e-11
38550.056 5.434728834880637e-10
38600.056 8.732732379598621e-10
38650.056 6.439718269403721e-10
38700.056 3.4675568673376256e-10
38750.056 6.344951662881592e-10
38800.056 5.421791175004351e-10
38850.056 7.297057212841462e-10
38900.056 8.284454261309879e-10
38950.056 4.218525630364338e-10
39000.056 1.1670965019165088e-09
39050.056 2.307613240685448e-10
39100.056 5.567904089522056e-10
39150.056 1.2919619930220377e-09
39200.056 9.018445745399795e-10
39250.056 1.1957796682560354e-09
39300.056 6.938658268309094e-10
39350.056 2.1900131136000017e-09
39400.056 8.257689167088711e-10
39450.056 1.6943897906974283e-09
39500.056 2.0052753901598848e-09
39550.056 4.948571646719035e-10
39600.056 1.372198820645064e-09
39650.056 2.8560348617999478e-09
39700.056 2.5580462377001232e-09
39750.056 5.605314093349218e-10
39800.056 4.5235373772850125e-10
39850.056 2.561803342680346e-09
39900.056 3.64649384480012e-09
39950.056 9.221544152600892e-10
40000.056 2.0248721640200522e-09
40050.056 2.5347900364338253e-09
40100.056 4.0346516247553346e-10
40150.056 1.9128490832501987e-09
40200.056 2.595217392799737e-09
40250.056 3.2078758734494477e-09
40300.056 3.3129121590503284e-09
40350.056 1.0785081852488206e-09
40400.056 1.5509372527319244e-09
40450.056 5.696365154580539e-10
40500.056 2.929308059180181e-09
40550.056 3.0501780532193494e-09
40600.056 3.6678413700998925e-09
40650.056 1.915032678099125e-09
40700.056 3.6195043572898082e-09
40750.056 2.4891102909197117e-09
40800.056 1.1431394333367878e-09
40850.056 5.5215391797007505e-09
40900.056 5.470171793699451e-09
40950.056 2.9943358370235232e-09
41000.056 2.2215890329455364e-09
41050.056 6.2666541158800915e-09
41100.056 5.166040383869582e-09
41150.056 9.065750502828871e-10
41200.056 5.937678699740849e-09
41250.056 5.218194479629043e-09
41300.056 5.606820668340879e-09
41350.056 9.23954024570006e-09
41400.056 6.323138760599543e-09
41450.056 8.061759730099843e-09
41500.056 3.5173272589482602e-09
41550.056 3.1239964398206944e-09
41600.056 3.782734651716636e-09
41650.056 7.814288809800933e-09
41700.056 1.2068061312199401e-08
41750.056 8.372233170300158e-09
41800.056 9.26119314709992e-09
41850.056 6.203618975069323e-09
41900.056 4.334237530358791e-09
41950.056 3.9110933785696e-09
42000.056 9.06760374297549e-10
42050.056 1.7553377504261967e-09
42100.056 3.2841222367399374e-09
42150.056 4.4039835550198e-09
42200.056 5.912901126099967e-09
42250.056 4.394087758750674e-09
42300.056 3.424455810499668e-09
42350.056 7.975109507000266e-09
42400.056 1.081153579610061e-08
42450.056 1.2867062678100655e-08
42500.056 1.383075707099973e-08
42550.056 1.1816964653799636e-08
42600.056 8.433929323501563e-09
42650.056 1.2583368594698655e-08
42700.056 4.5065366212894284e-09
42750.056 1.0614165695101334e-08
42800.056 1.7133345707000338e-08
42850.056 1.741985022649882e-08
42900.056 1.6268515064200567e-08
42950.056 1.2657614936500567e-08
43000.056 1.4652372282199668e-08
43050.056 6.98494616699926e-09
43100.056 1.131487701380052e-08
43150.056 1.1822081822000223e-08
43200.056 1.6354230123000565e-08
43250.056 2.1003739689000313e-08
43300.056 1.81355437299994e-08
43350.056 1.100227641389946e-08
43400.056 1.4878686468400256e-08
43450.056 9.274991387399989e-09
43500.056 7.318474115700311e-09
43550.056 9.648127698000541e-09
43600.056 1.7825571019999972e-08
43650.056 9.591132114499391e-09
43700.056 1.7339016713402633e-08
43750.056 2.0460205303999114e-08
43800.056 1.5832667789999658e-08
43850.056 1.3890176123201093e-08
43900.056 9.460959825500054e-09
43950.056 7.541108661999732e-09
44000.056 8.128484300999908e-09
44050.056 1.8399120668501424e-08
44100.056 2.4198890425000232e-08
44150.056 2.111594382899935e-08
44200.056 2.066320161000013e-08
44250.056 1.2160182692299241e-08
44300.056 7.568736815100058e-09
44350.056 7.288564477060263e-09
44400.056 8.203326161199926e-09
44450.056 1.532146062200146e-08
44500.056 1.3476569411400164e-08
44550.056 1.8474229022000212e-08
44600.056 1.3658722144000112e-08
44650.056 1.5562124806999527e-08
44700.056 1.1212193490298786e-08
44750.056 1.525482963150097e-08
44800.056 9.48411444619998e-09
44850.056 1.3566096752900556e-08
44900.056 1.3566497590699711e-08
44950.056 1.677867486800116e-08
45000.056 1.982616728399989e-08
45050.056 1.6654720635298695e-08
45100.056 1.5033934186101016e-08
45150.056 1.3237330462999413e-08
45200.056 8.383325318500119e-09
45250.056 1.039342619099913e-08
45300.056 9.974042295000472e-09
45350.056 6.441090688040907e-09
45400.056 2.0547971870000663e-08
45450.056 1.613239346420153e-08
45500.056 2.056483796400082e-08
45550.056 2.1609977920897806e-08
45600.056 1.911033768900072e-08
45650.056 1.718600001459881e-08
45700.056 8.915706434859073e-09
45750.056 7.665351765400774e-09
45800.056 1.9194510386000246e-08
45850.056 1.4346897563400894e-08
45900.056 2.1923554747999753e-08
45950.056 2.2267122095998955e-08
46000.056 2.0634127748000762e-08
46050.056 1.5975361057501502e-08
46100.056 2.283202901099899e-08
46150.056 1.4106706914299937e-08
46200.056 9.767629635098682e-09
46250.056 3.151780163060003e-09
46300.056 1.2251274405500943e-08
46350.056 1.3870885813400738e-08
46400.056 1.4637334258500362e-08
46450.056 1.060400144852927e-08
46500.056 1.4349687104500714e-08
46550.056 7.522017993699094e-09
46600.056 6.891683123939424e-09
46650.056 1.2974994228300589e-08
46700.056 9.472654506098954e-09
46750.056 3.079310176700321e-09
46800.056 1.751321491899782e-09
46850.056 9.96561743860166e-09
46900.056 1.5877315387999934e-08
46950.056 1.689264757699973e-08
47000.056 1.7741937636000493e-08
47050.056 9.852762295597868e-09
47100.056 8.58493729020016e-09
47150.056 1.2147365605801122e-08
47200.056 1.3393191347999447e-08
47250.056 4.8932356683288585e-09
47300.056 3.473821914161115e-09
47350.056 1.2922784870700934e-08
47400.056 1.555306228799973e-08
47450.056 8.248185823200156e-09
47500.056 1.6034026475601233e-08
47550.056 1.5703540236000027e-08
47600.056 9.783473966898948e-09
47650.056 1.2168786600079419e-08
47700.056 9.765352429561076e-09
47750.056 7.755658456799927e-09
47800.056 4.432481936199869e-09
47850.056 1.3481008771002784e-09
47900.056 2.77463908881011e-09
47950.056 9.76669573490086e-09
48000.056 1.2365481510698982e-08
48050.056 9.153358053500135e-09
48100.056 4.585167428169996e-09
48150.056 9.129573246200435e-09
48200.056 4.6276789411292386e-09
48250.056 8.140060575800285e-09
48300.056 1.084913078759977e-08
48350.056 5.7885661436991606e-09
48400.056 8.868025523957286e-10
48450.056 1.806429957472463e-09
48500.056 4.164141163559418e-09
48550.056 5.3807720998612045e-09
48600.056 1.2177746005000295e-08
48650.056 1.4476083856999789e-08
48700.056 1.0951207054600647e-08
48750.056 9.711195380800097e-09
48800.056 1.1438859145399984e-08
48850.056 4.7403565549193135e-09
48900.056 3.8306984422595345e-09
48950.056 1.7651849245699215e-09
49000.056 1.228455072450341e-09
49050.056 4.538386785479556e-09
49100.056 7.229738138061175e-09
49150.056 6.506675773929932e-09
49200.056 1.1600684396000748e-08
49250.056 1.2136088236499863e-08
49300.056 9.008663736199154e-09
49350.056 3.1794100655306426e-09
49400.056 4.2522498315891855e-09
49450.056 3.0381022387105984e-09
49500.056 2.206740772309545e-09
49550.056 3.2703880888999353e-10
49600.056 9.0632001809819e-10
49650.056 4.151917202200528e-09
49700.056 6.395154981199877e-09
49750.056 4.006611680189746e-09
49800.056 2.1312940362400975e-09
49850.056 6.752565321200706e-09
49900.056 8.365515089599927e-09
49950.056 7.582783476499704e-09
50000.056 3.3930529008652827e-09
50050.056 3.516199970620553e-09
50100.056 3.3448658877997616e-09
50150.056 9.96134277089792e-10
50200.056 1.587828126850457e-10
50250.056 8.793726599500052e-10
50300.056 6.843006905111531e-10
50350.056 3.706217239500425e-09
50400.056 5.75918265199991e-09
50450.056 5.502064850700159e-09
50500.056 7.402760543400234e-09
50550.056 8.197504142599981e-09
50600.056 4.569245305709295e-09
50650.056 7.661601046800406e-09
50700.056 6.330993068999652e-09
50750.056 3.241259476399752e-09
50800.056 6.965159588428055e-10
50850.056 2.979076867651154e-10
50900.056 2.4959593445503446e-09
50950.056 3.37427282959969e-09
51000.056 2.076430704140426e-09
51050.056 4.53016321579959e-09
51100.056 1.6966725018299562e-09
51150.056 1.022603625396262e-09
51200.056 4.762374783000261e-09
51250.056 4.222223955299649e-09
51300.056 2.483555994209994e-09
51350.056 1.3898289914306843e-09
51400.056 3.190775009350625e-10
51450.056 2.972810258449217e-10
51500.056 3.145217171741004e-10
51550.056 1.452067167100253e-09
51600.056 2.3167430306001924e-09
51650.056 3.5832457512000462e-09
51700.056 2.6143106827994732e-09
51750.056 1.997468148990434e-09
51800.056 4.171170887599987e-09
51850.056 3.157726973699824e-09
51900.056 2.315246109999929e-09
51950.056 9.503916249498126e-10
52000.056 1.3380524043197653e-10
52050.056 4.943202200400263e-10
52100.056 2.639594988849503e-10
52150.056 1.584881807360456e-10
52200.056 6.85254765750037e-10
52250.056 1.3185504164501422e-09
52300.056 1.2830214660998805e-09
52350.056 2.8526968400797463e-10
52400.056 3.4754344996301203e-10
52450.056 1.6338562450901917e-09
52500.056 1.0938089915909246e-09
52550.056 2.266283095699873e-09
52600.056 2.307347677240251e-09
52650.056 2.828050368399906e-09
52700.056 1.3797176366298427e-09
52750.056 3.3057731462090296e-10
52800.056 7.230646850601219e-10
52850.056 8.698765505798372e-10
52900.056 2.3744611488091955e-10
52950.056 4.33799056676082e-10
53000.056 1.1976156085800458e-09
53050.056 4.466557171439654e-10
53100.056 2.0053581007002117e-09
53150.056 2.011156902819923e-09
53200.056 9.291644931699632e-10
53250.056 1.6216233414799277e-09
53300.056 1.5281503154201664e-09
53350.056 1.3189599098199664e-09
53400.056 7.654757073999065e-10
53450.056 2.430744526399545e-10
53500.056 7.837522956698618e-11
53550.056 1.2547944697800192e-10
