galfind/configs/Brown_Dwarf_templates/sonora_bobcat/m0.0/562g/sp_t550g562nc_m0.0_resample.dat
# %ECSV 1.0
# ---
# datatype:
# - {name: wav, unit: Angstrom, datatype: float64}
# - {name: flux_nu, unit: erg / (cm2 Hz s), datatype: float64}
# meta: {C/O: '1.00', Kzz: '1.0000E+05', Teff: '550.', Y: '0.28', '[Fe/H]': '0.00', f_hole: '1.00', f_rain: '0.00', grav: '562.'}
# schema: astropy-2.0
wav flux_nu
[from data line 499]
28950.056 1.4663692645060645e-09
29000.056 1.1656456217016614e-09
29050.056 1.6636041874134097e-09
29100.056 8.991707823584031e-10
29150.056 1.5635182883971356e-09
29200.056 1.7841446907233035e-09
29250.056 2.4503936991699083e-09
29300.056 1.230316847131583e-09
29350.056 3.816989086564311e-09
29400.056 1.4560512405085193e-09
29450.056 1.3526300050485917e-09
29500.056 3.0425680802948947e-09
29550.056 1.4451478249496583e-09
29600.056 1.996219255703941e-09
29650.056 4.236050251625175e-09
29700.056 1.3676049344514284e-09
29750.056 3.2514949506518918e-09
29800.056 2.8113018630033175e-09
29850.056 3.979357229420551e-09
29900.056 2.5955718711268125e-09
29950.056 2.6135904546096062e-09
30000.056 1.0113119217774038e-10
30050.056 3.885793950481298e-10
30100.056 1.0944637940100857e-09
30150.056 3.3249041020268014e-09
30200.056 2.624275310970168e-09
30250.056 5.220145837795067e-09
30300.056 5.596023605400151e-09
30350.056 2.1885592437910863e-09
30400.056 6.281659763466619e-09
30450.056 3.8726934710953564e-09
30500.056 3.4638888029519356e-09
30550.056 2.7865647559072225e-09
30600.056 9.642554782750842e-09
30650.056 4.689164521274554e-09
30700.056 3.6232283654328373e-09
30750.056 5.919444851461601e-09
30800.056 4.6436292071062145e-09
30850.056 4.993382595134362e-09
30900.056 2.9983456840095556e-09
30950.056 2.8226230801538932e-09
31000.056 3.1050577741097793e-09
31050.056 2.9674817739222154e-09
31100.056 1.6402648272752632e-09
31150.056 3.0277601275725366e-09
31200.056 5.937031709980531e-09
31250.056 3.0497425281878505e-09
31300.056 2.260979472213857e-09
31350.056 3.6999718871395478e-09
31400.056 2.5634833105588473e-09
31450.056 2.946936537924427e-09
31500.056 1.182406451280708e-09
31550.056 1.9758427859059753e-09
31600.056 1.342867791263892e-09
31650.056 1.1409474919046558e-09
31700.056 1.2151509872643162e-09
31750.056 6.049340708027527e-10
31800.056 1.3012947126861944e-09
31850.056 3.341069051146818e-10
31900.056 7.417240973681738e-10
31950.056 3.933024336097977e-10
32000.056 4.496086814080996e-10
32050.056 5.371704649626253e-10
32100.056 4.3108113327316184e-10
32150.056 5.641920055139589e-10
32200.056 2.965554310647663e-10
32250.056 7.308486964564926e-10
32300.056 2.475022939591732e-10
32350.056 7.482590964432629e-10
32400.056 1.8720598051528182e-10
32450.056 6.267138092962617e-10
32500.056 2.603827621683961e-10
32550.056 5.285130975970926e-10
32600.056 3.44071670145344e-10
32650.056 1.0530539840794626e-09
32700.056 4.830730665639815e-10
32750.056 1.7812917928426654e-09
32800.056 1.3733288307064604e-09
32850.056 2.6744739129900697e-09
32900.056 2.525637453630232e-09
32950.056 2.683584956390182e-09
33000.056 1.2475235502660204e-09
33050.056 1.562186606472452e-09
33100.056 4.167762344200022e-10
33150.056 1.3809346853043433e-12
33200.056 1.4850366476554746e-11
33250.056 1.8774893585068515e-11
33300.056 8.644092217414822e-11
33350.056 2.70534995487392e-10
33400.056 7.483269586493809e-10
33450.056 6.31841394409531e-10
33500.056 1.9867951101112013e-09
33550.056 6.05403888451977e-10
33600.056 1.4347686135814565e-09
33650.056 1.3691284535178467e-09
33700.056 6.089473116428716e-10
33750.056 1.8895200042816907e-09
33800.056 3.0414061783579506e-10
33850.056 9.981103327638917e-10
33900.056 1.0091176733019043e-09
33950.056 8.245947857839367e-10
34000.056 1.624342104511711e-09
34050.056 3.300757708175997e-10
34100.056 1.4459434190781515e-09
34150.056 6.330292536044621e-10
34200.056 1.4474275733551301e-09
34250.056 1.0702285618734211e-09
34300.056 8.979165662848438e-10
34350.056 1.7485097688279244e-09
34400.056 6.338284830670658e-10
34450.056 1.8428376480061859e-09
34500.056 1.1000071866921524e-09
34550.056 6.481687690925714e-10
34600.056 2.769510163400192e-09
34650.056 5.976488122473073e-10
34700.056 2.041230389268414e-09
34750.056 1.3728478921490812e-09
34800.056 1.0257143594370388e-09
34850.056 3.103862999634232e-09
34900.056 1.060760183892655e-09
34950.056 2.6699579038292646e-09
35000.056 4.795289943382315e-09
35050.056 2.039547052445258e-09
35100.056 4.991349940634238e-09
35150.056 4.368809082173458e-09
35200.056 3.404994166467127e-09
35250.056 6.213091324755892e-09
35300.056 2.46450519981302e-09
35350.056 3.638582548976544e-09
35400.056 3.331125260788154e-09
35450.056 2.443651157386387e-09
35500.056 7.832381300650248e-09
35550.056 4.83782337010962e-09
35600.056 5.433057619952926e-09
35650.056 5.924769438090376e-09
35700.056 5.435038130367081e-09
35750.056 8.907885353981338e-09
35800.056 7.936603218220702e-09
35850.056 3.7160242747874968e-09
35900.056 5.651736665624197e-09
35950.056 7.236144458784468e-09
36000.056 7.196734468811342e-09
36050.056 5.787714753489293e-09
36100.056 5.234023968931279e-09
36150.056 9.956519608314075e-09
36200.056 1.125977915799173e-08
36250.056 7.767161284586734e-09
36300.056 1.545167969839281e-08
36350.056 1.0667812998618312e-08
36400.056 1.4573131421317682e-08
36450.056 1.3152052545347217e-08
36500.056 1.4967440950696273e-08
36550.056 2.0694414254287823e-08
36600.056 2.3136858413893552e-08
36650.056 1.710785762152971e-08
36700.056 1.7304534062865715e-08
36750.056 2.297206680630776e-08
36800.056 2.55474177990366e-08
36850.056 1.684054580261348e-08
36900.056 2.2547768022447654e-08
36950.056 2.6417026430894345e-08
37000.056 1.9734643129055147e-08
37050.056 2.7884130038428153e-08
37100.056 1.9478782894596205e-08
37150.056 2.1891803668916578e-08
37200.056 3.2675941676794874e-08
37250.056 2.1062326294375314e-08
37300.056 1.7345294035793606e-08
37350.056 2.701234834758116e-08
37400.056 3.866682822395907e-08
37450.056 1.9029904147571147e-08
37500.056 2.35702984415534e-08
37550.056 4.1166400509715054e-08
37600.056 5.374681011320819e-08
37650.056 2.1433171002322365e-08
37700.056 3.809075664464342e-08
37750.056 2.6994201826094433e-08
37800.056 2.967292336788834e-08
37850.056 1.783492441720067e-08
37900.056 2.1338226917672247e-08
37950.056 3.451459825719829e-08
38000.056 3.308949174752819e-08
38050.056 4.0954752155211335e-08
38100.056 5.0744236887385766e-08
38150.056 5.2939428068197586e-08
38200.056 4.5649441120402444e-08
38250.056 4.701334957887521e-08
38300.056 7.008068136898247e-08
38350.056 6.655738648901765e-08
38400.056 3.5049123567577635e-08
38450.056 2.2823329985698826e-08
38500.056 1.6716958443963895e-08
38550.056 4.032446478300999e-08
38600.056 4.072673202339163e-08
38650.056 4.525713455099261e-08
38700.056 4.522777245299491e-08
38750.056 4.260853423890223e-08
38800.056 4.2316586504596533e-08
38850.056 4.6940348873303516e-08
38900.056 5.827322042297163e-08
38950.056 3.9557261436001556e-08
39000.056 5.320016964898739e-08
39050.056 4.216679396842127e-08
39100.056 5.076050936568201e-08
39150.056 6.490833151429936e-08
39200.056 5.0029342293193964e-08
39250.056 6.696915190780108e-08
39300.056 5.413040837219435e-08
39350.056 7.894826255880087e-08
39400.056 5.512093630943351e-08
39450.056 7.0008183621069e-08
39500.056 7.460798075300546e-08
39550.056 4.6545160996991014e-08
39600.056 6.844713933290141e-08
39650.056 8.889179926699423e-08
39700.056 7.943320961400902e-08
39750.056 4.665431861713536e-08
39800.056 5.450375452549982e-08
39850.056 9.640220538800468e-08
39900.056 1.0048463747300448e-07
39950.056 6.182283230819423e-08
40000.056 9.062177661100093e-08
40050.056 9.14710385329994e-08
40100.056 4.5519710703323835e-08
40150.056 8.741595097240503e-08
40200.056 9.239144740298376e-08
40250.056 9.903587177797911e-08
40300.056 9.89243358690105e-08
40350.056 6.953161431288598e-08
40400.056 9.651507402860218e-08
40450.056 5.9229524335793416e-08
40500.056 1.0245288546199316e-07
40550.056 1.1001619897917191e-07
40600.056 9.790122566100346e-08
40650.056 8.244922424069984e-08
40700.056 1.3648679917999197e-07
40750.056 9.668932218498448e-08
40800.056 6.712125870497857e-08
40850.056 1.4192122882502181e-07
40900.056 1.281656143299903e-07
40950.056 1.0518047820261264e-07
41000.056 9.582481579399348e-08
41050.056 1.4754463403798068e-07
41100.056 1.2745924133099303e-07
41150.056 6.636518595353614e-08
41200.056 1.4144043391901088e-07
41250.056 1.2466739833558516e-07
41300.056 1.2257527200200194e-07
41350.056 1.5426375182799607e-07
41400.056 1.3037237724500718e-07
41450.056 1.5796778429698978e-07
41500.056 1.088726742547326e-07
41550.056 1.0147693354462818e-07
41600.056 1.1430794295939827e-07
41650.056 1.4122740744200987e-07
41700.056 1.5284253218997613e-07
41750.056 1.30787766377989e-07
41800.056 1.4807995280702004e-07
41850.056 1.1634299230718634e-07
41900.056 1.1744829069387156e-07
41950.056 1.2914466159700544e-07
42000.056 9.93307938057495e-08
42050.056 9.63506583145389e-08
42100.056 1.2992348344898545e-07
42150.056 1.0875460884700148e-07
42200.056 1.1047618604999117e-07
42250.056 1.0744730498850799e-07
42300.056 9.93547957265964e-08
42350.056 1.3453977586700976e-07
42400.056 1.4691010212301095e-07
42450.056 1.2864360521802172e-07
42500.056 1.3203627493699268e-07
42550.056 1.1631936014798966e-07
42600.056 1.289164535610363e-07
42650.056 1.8026730597896918e-07
42700.056 1.0926281536596689e-07
42750.056 1.156295498890179e-07
42800.056 1.5402780401001011e-07
42850.056 1.68978793080966e-07
42900.056 1.7962758245401976e-07
42950.056 1.3583497063698592e-07
43000.056 1.5865072885000236e-07
43050.056 8.776091252501533e-08
43100.056 1.4032990787899025e-07
43150.056 1.1647228215000881e-07
43200.056 1.5066139231900904e-07
43250.056 2.0872145170001161e-07
43300.056 1.9236871121600225e-07
43350.056 1.0420674130497862e-07
43400.056 1.515045580570073e-07
43450.056 1.1073457391601156e-07
43500.056 1.19050541394015e-07
43550.056 1.2205977967660832e-07
43600.056 1.7719525473001393e-07
43650.056 1.0840357420479855e-07
43700.056 1.978745406380265e-07
43750.056 1.756944178759959e-07
43800.056 1.586176508009883e-07
43850.056 1.4443041661601917e-07
43900.056 1.2765928134498803e-07
43950.056 9.047315147699061e-08
44000.056 8.367688111399943e-08
44050.056 1.7657226367000746e-07
44100.056 2.3347710728800514e-07
44150.056 2.193297170699922e-07
44200.056 1.9319050463300387e-07
44250.056 1.1550211273299471e-07
44300.056 9.002272102541318e-08
44350.056 1.046946002203176e-07
44400.056 9.995477033899361e-08
44450.056 1.619654837160078e-07
44500.056 1.435160315850229e-07
44550.056 2.0179839347998987e-07
44600.056 1.7525371763570468e-07
44650.056 1.6368607992700005e-07
44700.056 1.1146398493698849e-07
44750.056 1.5314830482902734e-07
44800.056 1.181735949290103e-07
44850.056 1.6884534947400948e-07
44900.056 1.3580464995600004e-07
44950.056 1.5421463776901225e-07
45000.056 1.7608160102800467e-07
45050.056 1.6488851962498608e-07
45100.056 1.5510012206600872e-07
45150.056 1.4570988762898767e-07
45200.056 1.086670110625088e-07
45250.056 1.267451448399765e-07
45300.056 1.1722169731801549e-07
45350.056 1.0057291876901144e-07
45400.056 2.116401935500204e-07
45450.056 1.8581019521201607e-07
45500.056 2.0979226314001143e-07
45550.056 2.2767371561995903e-07
45600.056 2.0903048025002068e-07
45650.056 1.7437619983299447e-07
45700.056 1.146726706041947e-07
45750.056 1.0378777273070452e-07
45800.056 2.2868344813500987e-07
45850.056 1.9691462925299717e-07
45900.056 2.2659933120399543e-07
45950.056 1.8642542801199382e-07
46000.056 2.1642071079802286e-07
46050.056 1.67481402128005e-07
46100.056 2.446417200099863e-07
46150.056 1.5105632987100088e-07
46200.056 1.327335398101868e-07
46250.056 6.087403884320395e-08
46300.056 1.5620980674400336e-07
46350.056 1.6611533050801718e-07
46400.056 1.5693923005800629e-07
46450.056 1.3762354394369677e-07
46500.056 1.5289743574602825e-07
46550.056 9.349743361500334e-08
46600.056 1.2573992470658258e-07
46650.056 1.8952562260801066e-07
46700.056 1.3003673582897548e-07
46750.056 7.061828583371096e-08
46800.056 5.0028295923198866e-08
46850.056 1.814262344780237e-07
46900.056 1.8936443510799185e-07
46950.056 1.8105845023298623e-07
47000.056 1.753264695090204e-07
47050.056 1.3199447357755884e-07
47100.056 9.540551386210677e-08
47150.056 1.4542160246101957e-07
47200.056 1.6803133177199214e-07
47250.056 9.234328824798779e-08
47300.056 6.337348219428144e-08
47350.056 1.8577639530200553e-07
47400.056 1.7102899368398844e-07
47450.056 1.3721354551411847e-07
47500.056 1.9731044750098787e-07
47550.056 1.6601457683800648e-07
47600.056 1.6076927820348554e-07
47650.056 1.663246503341904e-07
47700.056 1.317278108369285e-07
47750.056 9.839704298500158e-08
47800.056 8.56173084480105e-08
47850.056 4.4993418398906645e-08
47900.056 6.84472963135961e-08
47950.056 1.4851217284000672e-07
48000.056 1.9413120297000177e-07
48050.056 1.6222123383999255e-07
48100.056 7.389194945520404e-08
48150.056 1.2442972727000432e-07
48200.056 9.359147769719622e-08
48250.056 1.1897364908100097e-07
48300.056 1.846539049999933e-07
48350.056 1.154842031179904e-07
48400.056 3.4524456840741986e-08
48450.056 7.0417093383916e-08
48500.056 1.1232753577097557e-07
48550.056 1.2120629083981265e-07
48600.056 1.4628735111600306e-07
48650.056 1.8195462117999402e-07
48700.056 1.2795907408101425e-07
48750.056 8.261201744502241e-08
48800.056 1.574703841100087e-07
48850.056 8.957083161278496e-08
48900.056 1.2275940506940914e-07
48950.056 7.285938523999912e-08
49000.056 3.979727482068559e-08
49050.056 1.1450732638898569e-07
49100.056 1.3869639635182153e-07
49150.056 1.0493972985190042e-07
49200.056 1.5762639821501966e-07
49250.056 1.586876923400089e-07
49300.056 1.3287929339899565e-07
49350.056 6.043780170790267e-08
49400.056 8.814266315418049e-08
49450.056 8.412456165362032e-08
49500.056 6.899226544019146e-08
49550.056 1.806755945599022e-08
49600.056 4.699537206466391e-08
49650.056 9.227841737399945e-08
49700.056 1.022059469109754e-07
49750.056 1.0835946436479394e-07
49800.056 7.15682277840381e-08
49850.056 1.3483825262101668e-07
49900.056 1.1764881941699505e-07
49950.056 1.0863816347099827e-07
50000.056 8.961431478438655e-08
50050.056 1.0843583781600296e-07
50100.056 8.787020847999521e-08
50150.056 4.4097094730192526e-08
50200.056 1.0130409312904168e-08
50250.056 5.35885368609982e-08
50300.056 3.6504479016025636e-08
50350.056 1.0185908387001324e-07
50400.056 1.0543332019399238e-07
50450.056 7.560112949540164e-08
50500.056 1.1908359035000732e-07
50550.056 1.109970013170042e-07
50600.056 7.772319174697844e-08
50650.056 1.2187704863301945e-07
50700.056 1.2736575940099223e-07
50750.056 8.14910488124051e-08
50800.056 3.2219888099634365e-08
50850.056 1.9826490742028803e-08
50900.056 9.744225930900316e-08
50950.056 8.628495351999671e-08
51000.056 7.224976973443746e-08
51050.056 9.675598615298725e-08
51100.056 3.857959632485787e-08
51150.056 4.5771638639987574e-08
51200.056 1.2243722127399542e-07
51250.056 8.628510016298509e-08
51300.056 5.7694841556814466e-08
51350.056 6.089714378543158e-08
51400.056 2.4305166175024163e-08
51450.056 1.8911851722094184e-08
51500.056 1.7338362357766718e-08
51550.056 6.038159914820831e-08
51600.056 4.9729118406308145e-08
51650.056 6.246401031199494e-08
51700.056 6.760839912161275e-08
51750.056 4.5756303308907334e-08
51800.056 8.17719216349874e-08
51850.056 6.543516365539688e-08
51900.056 8.782932476100274e-08
51950.056 5.360753901599361e-08
52000.056 6.872337590947484e-09
52050.056 2.9601605846003864e-08
52100.056 1.8351033283297264e-08
52150.056 1.1451385489810462e-08
52200.056 2.8916848625599164e-08
52250.056 4.545104405710883e-08
52300.056 6.521407723199694e-08
52350.056 2.2842534240755068e-08
52400.056 2.2928037190330163e-08
52450.056 6.97430103410079e-08
52500.056 5.772608238130519e-08
52550.056 6.116254740999545e-08
52600.056 4.586377466850198e-08
52650.056 5.43148944586049e-08
52700.056 3.756394600909935e-08
52750.056 1.759367170987571e-08
52800.056 2.8865891744204544e-08
52850.056 3.4547002371790487e-08
52900.056 1.8001374634856783e-08
52950.056 2.6909341539803025e-08
53000.056 4.579129681600431e-08
53050.056 1.8930927889655277e-08
53100.056 5.4791730577999506e-08
53150.056 6.082014658500414e-08
53200.056 2.4502315443837864e-08
53250.056 5.270489770700279e-08
53300.056 6.236705252169095e-08
53350.056 5.0343573338000137e-08
53400.056 3.553634729899614e-08
53450.056 1.3157153952095922e-08
53500.056 3.2972722703637627e-09
