galfind/configs/Brown_Dwarf_templates/sonora_bobcat/m0.0/562g/sp_t750g562nc_m0.0_resample.dat
# %ECSV 1.0
# ---
# datatype:
# - {name: wav, unit: Angstrom, datatype: float64}
# - {name: flux_nu, unit: erg / (cm2 Hz s), datatype: float64}
# meta: {C/O: '1.00', Kzz: '1.0000E+05', Teff: '750.', Y: '0.28', '[Fe/H]': '0.00', f_hole: '1.00', f_rain: '0.00', grav: '562.'}
# schema: astropy-2.0
wav flux_nu
[from data line 498]
28900.056 8.461806047783909e-09
28950.056 1.656930911885906e-08
29000.056 1.3913756415977286e-08
29050.056 1.6940663233503562e-08
29100.056 1.133570205570788e-08
29150.056 1.9953191650430193e-08
29200.056 1.5163489553296852e-08
29250.056 2.2358053401235928e-08
29300.056 1.1322673867765137e-08
29350.056 3.4562961373022173e-08
29400.056 1.603340788772386e-08
29450.056 1.739253090952888e-08
29500.056 2.344638766152219e-08
29550.056 1.726281514617292e-08
29600.056 2.154413268568757e-08
29650.056 2.798539097175834e-08
29700.056 1.658997143678083e-08
29750.056 2.6764698027664243e-08
29800.056 2.619695773094426e-08
29850.056 3.01599737961583e-08
29900.056 2.7281969851327155e-08
29950.056 2.517531957164085e-08
30000.056 3.7157130916823494e-09
30050.056 7.654493401381207e-09
30100.056 1.1716793135774334e-08
30150.056 2.4840138530378597e-08
30200.056 2.1672147137655137e-08
30250.056 3.874975945708408e-08
30300.056 3.6413911141202456e-08
30350.056 2.4798518677552697e-08
30400.056 4.1075778124753056e-08
30450.056 2.6513649470728395e-08
30500.056 2.5710198202018933e-08
30550.056 2.44464355794482e-08
30600.056 4.025885268780343e-08
30650.056 2.634602996662993e-08
30700.056 2.3327353213272557e-08
30750.056 3.046454623946537e-08
30800.056 2.4933342713064842e-08
30850.056 2.4414967355333346e-08
30900.056 1.7613479032024794e-08
30950.056 1.8186770141983083e-08
31000.056 1.7504087916773336e-08
31050.056 1.8266794894318715e-08
31100.056 1.2159035881409175e-08
31150.056 1.835637351956874e-08
31200.056 2.3417369180104992e-08
31250.056 1.517896721239896e-08
31300.056 1.2598185139988436e-08
31350.056 1.549587411503431e-08
31400.056 1.1604492761186748e-08
31450.056 1.3481887661596671e-08
31500.056 8.000532693401744e-09
31550.056 1.050609215874937e-08
31600.056 7.683514243542523e-09
31650.056 6.939752483774433e-09
31700.056 7.670307983360568e-09
31750.056 4.963973478309373e-09
31800.056 8.30427305796e-09
31850.056 4.039729015019897e-09
31900.056 6.3474147041703745e-09
31950.056 3.7712826192832545e-09
32000.056 5.083087940458403e-09
32050.056 5.421168084236959e-09
32100.056 4.799494887212331e-09
32150.056 6.10510054321968e-09
32200.056 4.090177101898848e-09
32250.056 7.505470564262445e-09
32300.056 3.7559321785726635e-09
32350.056 7.77618046028004e-09
32400.056 3.6774075950318015e-09
32450.056 6.902254859557596e-09
32500.056 5.02145311420371e-09
32550.056 6.1045234720196995e-09
32600.056 6.551596274719359e-09
32650.056 1.0257564162256505e-08
32700.056 7.990208223904674e-09
32750.056 1.2801957523432515e-08
32800.056 1.189352751802325e-08
32850.056 1.5073305607748833e-08
32900.056 1.5532624792017393e-08
32950.056 1.656361099222957e-08
33000.056 1.2239365430572042e-08
33050.056 1.2949726260893786e-08
33100.056 5.276348628533473e-09
33150.056 2.451689520567391e-10
33200.056 5.073408072718822e-10
33250.056 4.0117826869390487e-10
33300.056 8.328624518532037e-10
33350.056 1.977444368952933e-09
33400.056 3.702637685878914e-09
33450.056 4.779954126946094e-09
33500.056 9.80992012540539e-09
33550.056 5.99516287712044e-09
33600.056 1.0953401537129312e-08
33650.056 1.1043784701960337e-08
33700.056 7.509462988357357e-09
33750.056 1.4105332308227019e-08
33800.056 6.177874340229428e-09
33850.056 1.0343783173791059e-08
33900.056 8.671325271370058e-09
33950.056 8.699511493373327e-09
34000.056 1.2688260064714346e-08
34050.056 4.984341040151798e-09
34100.056 1.1713808148921023e-08
34150.056 7.114855538120982e-09
34200.056 1.0706268084404776e-08
34250.056 9.534042861316235e-09
34300.056 7.616014041143469e-09
34350.056 9.669781841970709e-09
34400.056 6.113261445315662e-09
34450.056 1.1382693815064708e-08
34500.056 8.958679261082755e-09
34550.056 5.469946271746081e-09
34600.056 1.4232791036400455e-08
34650.056 6.3944563938024816e-09
34700.056 1.149836761684052e-08
34750.056 9.934302051605898e-09
34800.056 7.663632614812353e-09
34850.056 1.3689370275201739e-08
34900.056 9.790747472238323e-09
34950.056 1.3009255206997051e-08
35000.056 2.1536361386986875e-08
35050.056 1.0981861364910941e-08
35100.056 1.9148578056702215e-08
35150.056 1.8174747984828506e-08
35200.056 1.6581890531579495e-08
35250.056 2.5147260770318742e-08
35300.056 1.4740026707110413e-08
35350.056 1.7808261142758675e-08
35400.056 1.9568057622995732e-08
35450.056 1.309346422446623e-08
35500.056 3.0434954385434315e-08
35550.056 2.391389420220832e-08
35600.056 2.3119749495112176e-08
35650.056 2.6033256395838786e-08
35700.056 2.225001287183906e-08
35750.056 3.22051339634782e-08
35800.056 3.669579268496217e-08
35850.056 2.0794794397051815e-08
35900.056 3.013696918970748e-08
35950.056 3.1647414863363966e-08
36000.056 3.080325185770446e-08
36050.056 2.854567379099078e-08
36100.056 2.74178137990175e-08
36150.056 3.588514754529208e-08
36200.056 4.052487626029067e-08
36250.056 3.308849488993331e-08
36300.056 4.828097746658317e-08
36350.056 4.138304023562571e-08
36400.056 4.6367389140590716e-08
36450.056 4.787480919759297e-08
36500.056 5.194823314225506e-08
36550.056 6.068387467951575e-08
36600.056 6.920335615998821e-08
36650.056 5.928159317698136e-08
36700.056 6.11621836697263e-08
36750.056 7.237444892102161e-08
36800.056 7.466605772999696e-08
36850.056 6.199472106386998e-08
36900.056 7.316112330317576e-08
36950.056 8.09228213159849e-08
37000.056 7.007743942659098e-08
37050.056 8.185037603240102e-08
37100.056 7.447904338705174e-08
37150.056 7.30396208380823e-08
37200.056 9.27919200649906e-08
37250.056 7.641823447438286e-08
37300.056 6.816344932410272e-08
37350.056 8.478512382571414e-08
37400.056 1.1376962837859795e-07
37450.056 7.625592255777522e-08
37500.056 8.158926477952444e-08
37550.056 1.1340774614004805e-07
37600.056 1.3295297131201672e-07
37650.056 7.78527406295102e-08
37700.056 1.1828049684461063e-07
37750.056 8.900315253541047e-08
37800.056 9.865305590283483e-08
37850.056 6.957891921650345e-08
37900.056 8.053012443901963e-08
37950.056 1.050337564455872e-07
38000.056 1.1337424771539455e-07
38050.056 1.1913314089962917e-07
38100.056 1.3298825740561036e-07
38150.056 1.3953410412599702e-07
38200.056 1.3758818584801342e-07
38250.056 1.2855815380301297e-07
38300.056 1.7353770944096533e-07
38350.056 1.7353822127503155e-07
38400.056 1.1303859625345235e-07
38450.056 1.041433453359586e-07
38500.056 7.860848482701751e-08
38550.056 1.298203605510332e-07
38600.056 1.2701692086998207e-07
38650.056 1.3753688134998048e-07
38700.056 1.4520150429599816e-07
38750.056 1.4257351772200581e-07
38800.056 1.3194449744796905e-07
38850.056 1.4305159600001344e-07
38900.056 1.7301274615498225e-07
38950.056 1.343582827389951e-07
39000.056 1.5829039452197892e-07
39050.056 1.4590072949803208e-07
39100.056 1.5361920490739113e-07
39150.056 1.7355610190399667e-07
39200.056 1.53910858767986e-07
39250.056 1.8606343185799532e-07
39300.056 1.6206173868397213e-07
39350.056 2.0617313243201119e-07
39400.056 1.6928791330143444e-07
39450.056 1.8761916165579266e-07
39500.056 1.9467165901601662e-07
39550.056 1.6414989628585283e-07
39600.056 1.9637298971397846e-07
39650.056 2.2639595127398558e-07
39700.056 2.0808409739402036e-07
39750.056 1.5814129515954792e-07
39800.056 1.8048509843599078e-07
39850.056 2.4564212341000756e-07
39900.056 2.443770517300043e-07
39950.056 2.0199356456597917e-07
40000.056 2.5140591691401574e-07
40050.056 2.357771292170032e-07
40100.056 1.720328373896144e-07
40150.056 2.41015375422009e-07
40200.056 2.4814892616995026e-07
40250.056 2.5313109704494113e-07
40300.056 2.520650239660262e-07
40350.056 2.201248895439709e-07
40400.056 2.7117138534832817e-07
40450.056 2.1070173741159025e-07
40500.056 2.732463473799862e-07
40550.056 2.8623014932394897e-07
40600.056 2.6371240683001845e-07
40650.056 2.41050071149856e-07
40700.056 3.3838689140498456e-07
40750.056 2.6029387687995547e-07
40800.056 2.0966135827992095e-07
40850.056 3.379817320100485e-07
40900.056 3.1844012033199467e-07
40950.056 2.751998568040178e-07
41000.056 2.72824908810989e-07
41050.056 3.465703736199553e-07
41100.056 3.0101628215598037e-07
41150.056 2.0959220028438438e-07
41200.056 3.3525297901200753e-07
41250.056 2.9868501584897996e-07
41300.056 2.759025102199758e-07
41350.056 3.5202245803000436e-07
41400.056 3.1201031099002917e-07
41450.056 3.460558922399895e-07
41500.056 2.680384499492758e-07
41550.056 2.5689481661105906e-07
41600.056 2.9954641953533476e-07
41650.056 3.2623223638001756e-07
41700.056 3.0884320637994593e-07
41750.056 2.9877946118997613e-07
41800.056 3.5573691066003295e-07
41850.056 2.512977336449823e-07
41900.056 2.8801380027294103e-07
41950.056 3.152856166900335e-07
42000.056 2.875913779539172e-07
42050.056 2.517758000240227e-07
42100.056 3.54369258969975e-07
42150.056 2.591204110760145e-07
42200.056 2.55657268729991e-07
42250.056 2.746276700419932e-07
42300.056 2.570088803939945e-07
42350.056 3.129350876340365e-07
42400.056 3.187477121700313e-07
42450.056 2.688326579680457e-07
42500.056 2.7336924268799184e-07
42550.056 2.508663092919832e-07
42600.056 2.845630676170633e-07
42650.056 3.7103886344492324e-07
42700.056 2.7182262089793723e-07
42750.056 2.5457981238402986e-07
42800.056 3.058513408190264e-07
42850.056 3.3943101027992144e-07
42900.056 3.6392777691404986e-07
42950.056 2.7637216103794664e-07
43000.056 3.213056685220126e-07
43050.056 2.0070977210905933e-07
43100.056 2.867330555899723e-07
43150.056 2.5211642405502147e-07
43200.056 3.0145187558001085e-07
43250.056 4.0064928766002897e-07
43300.056 3.8219200705001304e-07
43350.056 2.2619878422294348e-07
43400.056 3.0181981651100477e-07
43450.056 2.4219687412803636e-07
43500.056 2.6223577594702113e-07
43550.056 2.662282861210196e-07
43600.056 3.4819485346003325e-07
43650.056 2.346889138450049e-07
43700.056 3.812530015600395e-07
43750.056 3.3199923834301806e-07
43800.056 3.088859295029685e-07
43850.056 2.78109111880043e-07
43900.056 2.8292772520497606e-07
43950.056 2.0389673178497512e-07
44000.056 1.8570692728200272e-07
44050.056 3.355012468600094e-07
44100.056 4.199320009200162e-07
44150.056 4.0973126020998097e-07
44200.056 3.5055875963000334e-07
44250.056 2.3961859187899997e-07
44300.056 2.0242346602203425e-07
44350.056 2.3490654314224683e-07
44400.056 2.221062356779867e-07
44450.056 3.1162529811599834e-07
44500.056 2.933328808040567e-07
44550.056 3.8008611508997057e-07
44600.056 3.37966310631016e-07
44650.056 3.230948792210164e-07
44700.056 2.3516586452398402e-07
44750.056 3.0294896456505144e-07
44800.056 2.6211836896602575e-07
44850.056 3.442536658500335e-07
44900.056 2.668916250600115e-07
44950.056 2.95975498234016e-07
45000.056 3.241806605400064e-07
45050.056 3.1388966981997933e-07
45100.056 3.1036038099701213e-07
45150.056 3.037694973329758e-07
45200.056 2.3881140707201837e-07
45250.056 2.685143957739415e-07
45300.056 2.440545949270312e-07
45350.056 2.3632290135400567e-07
45400.056 3.7374825368003604e-07
45450.056 3.411729585300106e-07
45500.056 3.576166503490172e-07
45550.056 3.975455503299256e-07
45600.056 3.8298155576003973e-07
45650.056 3.1939604356198027e-07
45700.056 2.4959983895900065e-07
45750.056 2.3465870864600308e-07
45800.056 3.9993756841001295e-07
45850.056 3.8020341553598967e-07
45900.056 4.076221682200076e-07
45950.056 3.256586334899921e-07
46000.056 3.886435846600369e-07
46050.056 3.165909446390053e-07
46100.056 4.1282930716997405e-07
46150.056 2.9249926567099535e-07
46200.056 2.742353195619969e-07
46250.056 1.6260664362857907e-07
46300.056 3.1182064631799857e-07
46350.056 3.134575517700267e-07
46400.056 3.023217726170131e-07
46450.056 2.715399571740121e-07
46500.056 2.952982641500607e-07
46550.056 2.107292470480083e-07
46600.056 2.7293464908397037e-07
46650.056 3.8983438077201695e-07
46700.056 2.768228871559551e-07
46750.056 1.8651828713042e-07
46800.056 1.4524285623040718e-07
46850.056 3.791341391300496e-07
46900.056 3.5935080449498234e-07
46950.056 3.461883171799739e-07
47000.056 3.2630569080804375e-07
47050.056 2.811781634939104e-07
47100.056 2.0267053407401928e-07
47150.056 2.7616016893404e-07
47200.056 3.2706871070999356e-07
47250.056 2.2034815410297762e-07
47300.056 1.610026667383157e-07
47350.056 3.6394309011999365e-07
47400.056 3.269462416599745e-07
47450.056 3.000223488090404e-07
47500.056 3.6145149930897076e-07
47550.056 3.165816165500099e-07
47600.056 3.2252959191997605e-07
47650.056 3.0190802643636667e-07
47700.056 2.7210846633137105e-07
47750.056 2.0914342403800455e-07
47800.056 2.0275687668901624e-07
47850.056 1.3697113142771235e-07
47900.056 1.814220895879805e-07
47950.056 2.900909211220093e-07
48000.056 3.752430018300252e-07
48050.056 3.295841602579851e-07
48100.056 1.7886487356660905e-07
48150.056 2.58314714900009e-07
48200.056 2.1911963372199748e-07
48250.056 2.4547102628800523e-07
48300.056 3.559197846799661e-07
48350.056 2.2872793695499573e-07
48400.056 1.1236132955117876e-07
48450.056 2.0059601062604254e-07
48500.056 2.675672191159542e-07
48550.056 2.572795358050151e-07
48600.056 2.7725929302500723e-07
48650.056 3.2461807253998763e-07
48700.056 2.553470390670158e-07
48750.056 1.6437679286406318e-07
48800.056 3.160336451240121e-07
48850.056 2.0151292309096345e-07
48900.056 2.960722872417842e-07
48950.056 1.9371554717800782e-07
49000.056 1.1652794433999742e-07
49050.056 2.5998049084896795e-07
49100.056 2.8691897806704263e-07
49150.056 2.2748112783910354e-07
49200.056 3.1172387455004203e-07
49250.056 2.999756920800293e-07
49300.056 2.6068623477799244e-07
49350.056 1.4772909996912724e-07
49400.056 2.0461576499296031e-07
49450.056 2.0912479281855618e-07
49500.056 1.7373492556498538e-07
49550.056 7.98227713088033e-08
49600.056 1.4765773590942505e-07
49650.056 2.0224674980398706e-07
49700.056 2.070483838589449e-07
49750.056 2.4833151946797824e-07
49800.056 1.8844689567259888e-07
49850.056 2.865374268340418e-07
49900.056 2.3950591803598855e-07
49950.056 2.208513277579954e-07
50000.056 2.0508786992698115e-07
50050.056 2.4696724220999333e-07
50100.056 2.007025566519939e-07
50150.056 1.2691819454098492e-07
50200.056 5.3436753612813165e-08
50250.056 1.6815423919198952e-07
50300.056 1.2738380907541287e-07
50350.056 2.3621320519202666e-07
50400.056 2.2043478605598644e-07
50450.056 1.6708090832360335e-07
50500.056 2.397530008300205e-07
50550.056 2.2159176049001043e-07
50600.056 1.693439185909603e-07
50650.056 2.448307757600412e-07
50700.056 2.616261932099633e-07
50750.056 1.8951045271502086e-07
50800.056 1.0430548559278356e-07
50850.056 8.796204528822765e-08
50900.056 2.3867621914199725e-07
50950.056 1.911965477180053e-07
51000.056 1.9016458691891371e-07
51050.056 2.0825959645398184e-07
51100.056 1.0285030254848681e-07
51150.056 1.370812426018886e-07
51200.056 2.7380815215998314e-07
51250.056 1.829396554579759e-07
51300.056 1.370823485670412e-07
51350.056 1.555394707373831e-07
51400.056 8.690983346760704e-08
51450.056 7.112783605968217e-08
51500.056 7.10241321634227e-08
51550.056 1.7035786595281485e-07
51600.056 1.2613772576631653e-07
51650.056 1.4114448089398078e-07
51700.056 1.617233713570841e-07
51750.056 1.1459918707651063e-07
51800.056 1.7908622387996372e-07
51850.056 1.5353042006499177e-07
51900.056 2.2232575681001098e-07
51950.056 1.5929624470998573e-07
52000.056 4.513490931358874e-08
52050.056 1.0714271683101227e-07
52100.056 7.999691309799464e-08
52150.056 6.237467764580759e-08
52200.056 8.952714820369922e-08
52250.056 1.2170254447301832e-07
52300.056 1.8442599519999427e-07
52350.056 1.0167714672072086e-07
52400.056 8.527762938870597e-08
52450.056 1.7003936824801415e-07
52500.056 1.6122434488195952e-07
52550.056 1.5487517843398276e-07
52600.056 1.2389380598500479e-07
52650.056 1.3530527390201962e-07
52700.056 1.0897791149599874e-07
52750.056 6.920192275679438e-08
52800.056 9.302519960301197e-08
52850.056 1.048683812869701e-07
52900.056 8.197765823503961e-08
52950.056 9.770657365620553e-08
53000.056 1.3726945288700807e-07
53050.056 7.204567407008211e-08
53100.056 1.3177708173498706e-07
53150.056 1.6609911673201808e-07
53200.056 7.353321537729399e-08
53250.056 1.44427112546011e-07
53300.056 1.6349679782347238e-07
53350.056 1.430946115759986e-07
53400.056 1.2114477327099595e-07
53450.056 6.391656431348715e-08
