galfind/configs/Brown_Dwarf_templates/sonora_bobcat/m0.0/562g/sp_t2000g562nc_m0.0_resample.dat
# %ECSV 1.0
# ---
# datatype:
# - {name: wav, unit: Angstrom, datatype: float64}
# - {name: flux_nu, unit: erg / (cm2 Hz s), datatype: float64}
# meta: {C/O: '1.00', Kzz: '1.0000E+05', Teff: '2000.', Y: '0.28', '[Fe/H]': '0.00', f_hole: '1.00', f_rain: '0.00', grav: '562.'}
# schema: astropy-2.0
wav flux_nu
[from data line 497]
28850.056 1.6914571165001697e-06
28900.056 1.272847550370039e-06
28950.056 1.8891960504798856e-06
29000.056 1.5624753539996176e-06
29050.056 1.6636973669599897e-06
29100.056 1.3248826740001949e-06
29150.056 1.7729309956701395e-06
29200.056 1.5149922372601778e-06
29250.056 1.695980198399969e-06
29300.056 1.3941179204195061e-06
29350.056 2.0018597683297914e-06
29400.056 1.6126271065198687e-06
29450.056 1.6174747216799752e-06
29500.056 1.6887071249698403e-06
29550.056 1.6414540262400898e-06
29600.056 1.8026433773297286e-06
29650.056 1.6710483212599036e-06
29700.056 1.55994480023985e-06
29750.056 1.8804012261605727e-06
29800.056 1.9152638214197955e-06
29850.056 1.7777157014998107e-06
29900.056 1.6451696632405193e-06
29950.056 1.9895063474496957e-06
30000.056 1.9254990905196195e-06
30050.056 1.787863724309986e-06
30100.056 1.5386636152695896e-06
30150.056 2.2591100667899306e-06
30200.056 1.9739563736401364e-06
30250.056 1.9555532602903797e-06
30300.056 1.8711908000497914e-06
30350.056 1.9193262252303063e-06
30400.056 2.2856882484403467e-06
30450.056 1.79757037173021e-06
30500.056 1.708206748910175e-06
30550.056 2.246248877390326e-06
30600.056 2.148797995020216e-06
30650.056 2.2043772033100742e-06
30700.056 2.0031387932198537e-06
30750.056 1.994755415020002e-06
30800.056 2.373282521580435e-06
30850.056 2.0288791904398984e-06
30900.056 1.9788071480998598e-06
30950.056 1.9288239835602093e-06
31000.056 2.292458323889994e-06
31050.056 2.0981302781800112e-06
31100.056 2.0344704020299182e-06
31150.056 2.188618998079625e-06
31200.056 2.160186025579803e-06
31250.056 2.393620598430299e-06
31300.056 2.128866953209827e-06
31350.056 2.139571370729968e-06
31400.056 2.116326738970478e-06
31450.056 2.193831075899987e-06
31500.056 2.1853563254701263e-06
31550.056 2.0727516162899543e-06
31600.056 2.1233924800598396e-06
31650.056 2.274019156769888e-06
31700.056 2.2078751863998818e-06
31750.056 2.0262968514702097e-06
31800.056 2.3394609643000594e-06
31850.056 2.4352928396102688e-06
31900.056 2.530851345219834e-06
31950.056 1.978515069009932e-06
32000.056 2.102904345260218e-06
32050.056 2.4512193041803207e-06
32100.056 2.484068878749727e-06
32150.056 2.540850778339918e-06
32200.056 2.398307370969948e-06
32250.056 2.375561664710188e-06
32300.056 2.4354922284600253e-06
32350.056 2.7526458355004724e-06
32400.056 2.383600898770034e-06
32450.056 2.4437991122500797e-06
32500.056 2.6372520790002804e-06
32550.056 2.9553256729000236e-06
32600.056 2.8563934565598204e-06
32650.056 2.8259468476506265e-06
32700.056 2.7255040458002485e-06
32750.056 2.7742032208800273e-06
32800.056 2.545196185460214e-06
32850.056 3.0562125497197008e-06
32900.056 2.996033751590032e-06
32950.056 2.610623561199863e-06
33000.056 2.787756630340201e-06
33050.056 2.818125582319664e-06
33100.056 2.8144043240093963e-06
33150.056 2.456837982560155e-06
33200.056 2.0430455533598363e-06
33250.056 2.216513639659691e-06
33300.056 2.244724961340456e-06
33350.056 2.2719079298100444e-06
33400.056 2.140290581449687e-06
33450.056 2.345773867189497e-06
33500.056 2.7039535578002664e-06
33550.056 2.5657298764598925e-06
33600.056 2.77638023890046e-06
33650.056 2.9706062589206596e-06
33700.056 2.9828409742197045e-06
33750.056 3.0828846082600305e-06
33800.056 2.8724965919998996e-06
33850.056 2.9531991120602606e-06
33900.056 3.33331409839955e-06
33950.056 2.982666662699737e-06
34000.056 3.0072787201994524e-06
34050.056 3.0077803073997344e-06
34100.056 3.1576668252604034e-06
34150.056 3.056466694499432e-06
34200.056 2.957794802449484e-06
34250.056 3.329913500399681e-06
34300.056 2.942620217849228e-06
34350.056 3.0819634665999684e-06
34400.056 2.9850503286698445e-06
34450.056 2.8643927391801585e-06
34500.056 3.2780976006004894e-06
34550.056 2.9606412200498095e-06
34600.056 3.1485603988599946e-06
34650.056 3.2101518372001394e-06
34700.056 3.1825048619993805e-06
34750.056 3.4160876627002363e-06
34800.056 3.2946945725996944e-06
34850.056 3.062257608920067e-06
34900.056 3.1836869695601795e-06
34950.056 3.1604659138994706e-06
35000.056 3.124779734039753e-06
35050.056 3.6316140695006793e-06
35100.056 3.271187332999587e-06
35150.056 3.396689488339913e-06
35200.056 3.37888307359989e-06
35250.056 3.2000552331002254e-06
35300.056 3.376014104900163e-06
35350.056 3.523086061999862e-06
35400.056 3.2754113663998232e-06
35450.056 3.213363029000348e-06
35500.056 3.6017768545998904e-06
35550.056 3.456664564199845e-06
35600.056 3.2506865467996217e-06
35650.056 3.7109747552003772e-06
35700.056 3.3101099607002337e-06
35750.056 3.4568415272996947e-06
35800.056 3.6688419963997638e-06
35850.056 3.532635918400073e-06
35900.056 3.866657176099695e-06
35950.056 3.60179688379989e-06
36000.056 3.3927066504997345e-06
36050.056 3.8543650086003465e-06
36100.056 3.9267637935994356e-06
36150.056 3.452543057100474e-06
36200.056 3.852655120199679e-06
36250.056 3.5850290777995486e-06
36300.056 4.073748917800412e-06
36350.056 3.7849320809995737e-06
36400.056 3.7806308979000187e-06
36450.056 4.138114521199666e-06
36500.056 3.802913856200207e-06
36550.056 3.778195606700592e-06
36600.056 3.765067455400195e-06
36650.056 3.923299157800208e-06
36700.056 4.2075719674999746e-06
36750.056 3.7578610719002304e-06
36800.056 3.945893436999857e-06
36850.056 4.084486699800209e-06
36900.056 4.025623488000444e-06
36950.056 4.0189359665999255e-06
37000.056 4.13473106229991e-06
37050.056 4.221323416099806e-06
37100.056 4.0875343842003695e-06
37150.056 4.115655478699418e-06
37200.056 4.21824456569999e-06
37250.056 4.25273254230006e-06
37300.056 4.313341862200594e-06
37350.056 4.006703233600457e-06
37400.056 4.232311713299855e-06
37450.056 4.120842645400205e-06
37500.056 4.3358688175997156e-06
37550.056 4.2188515152994125e-06
37600.056 4.427871415399679e-06
37650.056 4.1703197476998104e-06
37700.056 4.341227599499989e-06
37750.056 4.404220354699706e-06
37800.056 4.474566867899835e-06
37850.056 4.34156746679987e-06
37900.056 4.393442049800309e-06
37950.056 4.430894265900126e-06
38000.056 4.444607782600377e-06
38050.056 4.415596930600288e-06
38100.056 4.243492350700249e-06
38150.056 4.56523952619974e-06
38200.056 4.574689746799673e-06
38250.056 4.277050853400434e-06
38300.056 4.243814594899967e-06
38350.056 4.397356689399943e-06
38400.056 4.488207753399821e-06
38450.056 4.612920172200226e-06
38500.056 4.410965140099878e-06
38550.056 4.46634764360024e-06
38600.056 4.8451942027998775e-06
38650.056 4.32678337580006e-06
38700.056 4.347654641100615e-06
38750.056 4.581076251199947e-06
38800.056 4.504309214800483e-06
38850.056 4.496335735400113e-06
38900.056 4.306162151999903e-06
38950.056 4.588837108099883e-06
39000.056 4.460417492500109e-06
39050.056 4.5509527344999154e-06
39100.056 4.285154899600069e-06
39150.056 4.444174017200132e-06
39200.056 4.541579108300086e-06
39250.056 4.506609456199501e-06
39300.056 4.504693915999459e-06
39350.056 4.485584987800334e-06
39400.056 4.42941447260011e-06
39450.056 4.478928861599893e-06
39500.056 4.3408363768997335e-06
39550.056 4.287849908499469e-06
39600.056 4.637124092100018e-06
39650.056 4.197030854300106e-06
39700.056 4.32992805969991e-06
39750.056 4.363396558999618e-06
39800.056 4.085148177200201e-06
39850.056 4.29957779829978e-06
39900.056 4.167167726199905e-06
39950.056 4.3495072237998186e-06
40000.056 4.000708253799807e-06
40050.056 3.850725451899977e-06
40100.056 4.105608031799851e-06
40150.056 3.8645262461993455e-06
40200.056 4.036916335799827e-06
40250.056 3.847091654799075e-06
40300.056 3.7302373861003533e-06
40350.056 3.916316381500225e-06
40400.056 3.918991357800023e-06
40450.056 3.6593168057003177e-06
40500.056 3.4455107283001807e-06
40550.056 3.950140385099667e-06
40600.056 3.43089845890029e-06
40650.056 3.7057826678004005e-06
40700.056 3.872571971900095e-06
40750.056 3.424449693199045e-06
40800.056 3.3849977180001963e-06
40850.056 3.2027860272006755e-06
40900.056 3.2347025310003393e-06
40950.056 3.380875476899952e-06
41000.056 3.4680096695000306e-06
41050.056 3.430960082399438e-06
41100.056 3.2039648727000352e-06
41150.056 3.464306062000046e-06
41200.056 3.2677210478000814e-06
41250.056 3.32392431710021e-06
41300.056 2.908405549099632e-06
41350.056 3.3715370797000826e-06
41400.056 3.1344663629001855e-06
41450.056 3.1410609304001403e-06
41500.056 3.3233902743002197e-06
41550.056 3.2200571830600924e-06
41600.056 3.2029762343000975e-06
41650.056 2.9967099116003576e-06
41700.056 2.873419015259704e-06
41750.056 3.074418723799881e-06
41800.056 3.096580017099708e-06
41850.056 2.6704243916004023e-06
41900.056 3.1277406852097845e-06
41950.056 2.930637486500497e-06
42000.056 2.9425580617503075e-06
42050.056 2.6869985417593824e-06
42100.056 3.008633676000278e-06
42150.056 2.4019526291095083e-06
42200.056 2.5176242554101696e-06
42250.056 2.86241106102981e-06
42300.056 2.508415077900091e-06
42350.056 2.851211456920519e-06
42400.056 2.5204600179503455e-06
42450.056 2.2499223621800854e-06
42500.056 2.3500285073002394e-06
42550.056 2.443922093719916e-06
42600.056 2.422724360400329e-06
42650.056 2.347670227239125e-06
42700.056 2.4915648547904607e-06
42750.056 2.334035001299953e-06
42800.056 2.3849144430705115e-06
42850.056 2.5600544147996396e-06
42900.056 2.5063504395401175e-06
42950.056 2.192320564239202e-06
43000.056 2.328015797909937e-06
43050.056 2.1373528099408866e-06
43100.056 2.2976592913999832e-06
43150.056 2.314335878500354e-06
43200.056 2.194288413500108e-06
43250.056 2.236916644799985e-06
43300.056 2.288009483800153e-06
43350.056 2.03185787280972e-06
43400.056 2.093342009659902e-06
43450.056 2.053663907860397e-06
43500.056 2.0370262964997543e-06
43550.056 2.0553877164800468e-06
43600.056 2.156795400980109e-06
43650.056 1.8867330112501001e-06
43700.056 1.9010864677998302e-06
43750.056 1.920703794010175e-06
43800.056 1.7938422511300792e-06
43850.056 1.8194224191003666e-06
43900.056 1.8828979584799445e-06
43950.056 1.7452245291400636e-06
44000.056 1.6097514392200898e-06
44050.056 1.6049272083000884e-06
44100.056 1.7049035856402584e-06
44150.056 1.7827939798898346e-06
44200.056 1.6293338029400645e-06
44250.056 1.618152003849984e-06
44300.056 1.5607783047402124e-06
44350.056 1.4985244172301199e-06
44400.056 1.5819298949099104e-06
44450.056 1.6204979471200928e-06
44500.056 1.5757096357601686e-06
44550.056 1.440154284119727e-06
44600.056 1.4503838900001623e-06
44650.056 1.5691730662400092e-06
44700.056 1.449651620260096e-06
44750.056 1.492940677449836e-06
44800.056 1.4800770802199583e-06
44850.056 1.4780977448701285e-06
44900.056 1.3989912361101459e-06
44950.056 1.3226733494900677e-06
45000.056 1.4351037389799475e-06
45050.056 1.433050976899872e-06
45100.056 1.4803603114800087e-06
45150.056 1.3548951584299983e-06
45200.056 1.2477425922199773e-06
45250.056 1.3109845837799013e-06
45300.056 1.4355961773700607e-06
45350.056 1.4646073016198825e-06
45400.056 1.3596527081201644e-06
45450.056 1.266771514569813e-06
45500.056 1.3252333915399254e-06
45550.056 1.4491484894799622e-06
45600.056 1.3258028133999683e-06
45650.056 1.2207492599997954e-06
45700.056 1.4066437125100976e-06
45750.056 1.2817735519200277e-06
45800.056 1.2625832058799516e-06
45850.056 1.507561370499975e-06
45900.056 1.477829681700033e-06
45950.056 1.2947386089099897e-06
46000.056 1.5395235245800135e-06
46050.056 1.5533840760103453e-06
46100.056 1.2576145398401063e-06
46150.056 1.3570378854699144e-06
46200.056 1.4577024954203167e-06
46250.056 1.2146766126100002e-06
46300.056 1.5870037914799828e-06
46350.056 1.3495258037298776e-06
46400.056 1.3877722394598598e-06
46450.056 1.4241317776201975e-06
46500.056 1.3034825189699042e-06
46550.056 1.5860322605400062e-06
46600.056 1.467892310130053e-06
46650.056 1.852072673239846e-06
46700.056 1.7586272461605368e-06
46750.056 1.3904617810799578e-06
46800.056 1.4992427535302002e-06
46850.056 1.6200106911601749e-06
46900.056 1.5073789636397652e-06
46950.056 1.7479378983700143e-06
47000.056 1.442487404230008e-06
47050.056 1.7099901216198365e-06
47100.056 1.3285814176300823e-06
47150.056 1.5151536794201628e-06
47200.056 1.6003728120903856e-06
47250.056 1.4381689264997873e-06
47300.056 1.5316442158696986e-06
47350.056 1.2734024177598298e-06
47400.056 1.5745075204897132e-06
47450.056 1.4199662751898903e-06
47500.056 1.5611546830497988e-06
47550.056 1.4066551140798865e-06
47600.056 1.6077393644398593e-06
47650.056 1.1871035963097504e-06
47700.056 1.6346906992700079e-06
47750.056 1.1339730939402595e-06
47800.056 1.5822507689698862e-06
47850.056 1.1958994776398669e-06
47900.056 1.592663713660073e-06
47950.056 1.2133126891002185e-06
48000.056 1.783312836999981e-06
48050.056 1.3279636961701963e-06
48100.056 1.4921396540599449e-06
48150.056 1.322389584870166e-06
48200.056 1.6096159039801613e-06
48250.056 1.3235149443300133e-06
48300.056 1.7435043019897978e-06
48350.056 1.1837585476198228e-06
48400.056 1.5634082039499747e-06
48450.056 1.259018158760047e-06
48500.056 1.7667165581600233e-06
48550.056 1.1840254606500049e-06
48600.056 1.6672222535998648e-06
48650.056 1.2284355710699812e-06
48700.056 1.6347638256601103e-06
48750.056 1.1024910354400933e-06
48800.056 1.751876691250101e-06
48850.056 1.1988462072097701e-06
48900.056 1.6488579034001475e-06
48950.056 1.4070671566199986e-06
49000.056 1.4323398194299365e-06
49050.056 1.5408778546699167e-06
49100.056 1.3924048515701257e-06
49150.056 1.46643075708997e-06
49200.056 1.3690611262499331e-06
49250.056 1.4576759225500005e-06
49300.056 1.274321408619841e-06
49350.056 1.3891920716299402e-06
49400.056 1.6119123305200708e-06
49450.056 1.3654107403202965e-06
49500.056 1.4314224782900929e-06
49550.056 1.2598665797799246e-06
49600.056 1.3738946568802625e-06
49650.056 1.4420644996400264e-06
49700.056 1.2329015775098958e-06
49750.056 1.9048605863998001e-06
49800.056 1.3595763878400499e-06
49850.056 1.7755641903800829e-06
49900.056 1.3966348204400554e-06
49950.056 1.458231308809732e-06
50000.056 1.454003805229675e-06
50050.056 1.4379761755901009e-06
50100.056 1.598216521179912e-06
50150.056 1.324740246360022e-06
50200.056 1.2591581130201504e-06
50250.056 1.4631998209700876e-06
50300.056 1.3245070700099287e-06
50350.056 1.6334779893799563e-06
50400.056 1.3821375811499137e-06
50450.056 1.394222194300188e-06
50500.056 1.7875421945702078e-06
50550.056 1.4245639809399528e-06
50600.056 1.567383763669986e-06
50650.056 1.4463983988402717e-06
50700.056 1.6420844429996992e-06
50750.056 1.7141927788602025e-06
50800.056 1.2112193607298503e-06
50850.056 1.4887145143001842e-06
50900.056 1.5798861159499308e-06
50950.056 1.5713589000302758e-06
51000.056 1.8623435278901615e-06
51050.056 1.4108824702301489e-06
51100.056 1.3823794290099123e-06
51150.056 1.5990258589199337e-06
51200.056 1.467758190639969e-06
51250.056 1.6693377798300042e-06
51300.056 1.3365001993503587e-06
51350.056 1.5844083897598462e-06
51400.056 1.4911321383996944e-06
51450.056 1.0892542690098323e-06
51500.056 1.5022351576900656e-06
51550.056 1.8938837398401535e-06
51600.056 1.2326575611500154e-06
51650.056 1.5369580442697763e-06
51700.056 1.4294762261895664e-06
51750.056 1.3523295505700665e-06
51800.056 1.6670584006997275e-06
51850.056 1.5804399259897815e-06
51900.056 1.7078084322002041e-06
51950.056 1.5583769701498572e-06
52000.056 1.300624190249959e-06
52050.056 1.5635148262598906e-06
52100.056 1.4544049980697868e-06
52150.056 1.4694508394700865e-06
52200.056 1.4185822499400684e-06
52250.056 1.4611430137899698e-06
52300.056 1.6293880487199705e-06
52350.056 1.7170907115001724e-06
52400.056 1.2512405890901569e-06
52450.056 1.4609911214500203e-06
52500.056 1.676198636089709e-06
52550.056 1.5373528987696473e-06
52600.056 1.5767580667901323e-06
52650.056 1.7684737641702136e-06
52700.056 1.4656548637800583e-06
52750.056 1.2577150583298908e-06
52800.056 1.388298652980112e-06
52850.056 1.3226381857098915e-06
52900.056 1.5269841905100438e-06
52950.056 1.445367386249851e-06
53000.056 1.669477497109906e-06
53050.056 1.4742480623497141e-06
53100.056 1.4267837659497873e-06
53150.056 1.7461190261402552e-06
53200.056 1.1948968686101668e-06
53250.056 1.6685012182999796e-06
53300.056 1.669667174090591e-06
53350.056 1.6639874418797902e-06
