galfind/configs/Brown_Dwarf_templates/sonora_bobcat/m0.0/562g/sp_t700g562nc_m0.0_resample.dat
# %ECSV 1.0
# ---
# datatype:
# - {name: wav, unit: Angstrom, datatype: float64}
# - {name: flux_nu, unit: erg / (cm2 Hz s), datatype: float64}
# meta: {C/O: '1.00', Kzz: '1.0000E+05', Teff: '700.', Y: '0.28', '[Fe/H]': '0.00', f_hole: '1.00', f_rain: '0.00', grav: '562.'}
# schema: astropy-2.0
wav flux_nu
[from data line 500]
29000.056 8.566548660153749e-09
29050.056 1.0738557015628303e-08
29100.056 6.9591035352246596e-09
29150.056 1.20686102479756e-08
29200.056 9.74559512872439e-09
29250.056 1.4512965957431054e-08
29300.056 7.161900890448871e-09
29350.056 2.224875758876578e-08
29400.056 9.915222149559831e-09
29450.056 1.0660109233475532e-08
29500.056 1.548502609516769e-08
29550.056 1.0552103492515009e-08
29600.056 1.3498779076419057e-08
29650.056 1.9082277665431192e-08
29700.056 1.01951762863214e-08
29750.056 1.756437769783425e-08
29800.056 1.6924014756820823e-08
29850.056 2.001408392827977e-08
29900.056 1.7296277432610415e-08
29950.056 1.601243403557932e-08
30000.056 1.7050863433244935e-09
30050.056 4.0141164561170365e-09
30100.056 7.054270375770164e-09
30150.056 1.6045155413089193e-08
30200.056 1.4063438529404518e-08
30250.056 2.6024176919221812e-08
30300.056 2.5132838759121636e-08
30350.056 1.546505991558158e-08
30400.056 2.8499352443813665e-08
30450.056 1.8046501301020272e-08
30500.056 1.7627067706179975e-08
30550.056 1.614713247118848e-08
30600.056 3.006328874409298e-08
30650.056 1.854726923825224e-08
30700.056 1.613524635243403e-08
30750.056 2.218794967025066e-08
30800.056 1.7755234499943146e-08
30850.056 1.783381603024788e-08
30900.056 1.2216995323654953e-08
30950.056 1.2700886195046746e-08
31000.056 1.243685131605258e-08
31050.056 1.2876290419988827e-08
31100.056 8.18132734667771e-09
31150.056 1.3053207753688925e-08
31200.056 1.7878727050403496e-08
31250.056 1.1114378550680365e-08
31300.056 8.922500929212055e-09
31350.056 1.158878451375794e-08
31400.056 8.571957914481418e-09
31450.056 9.970679927097563e-09
31500.056 5.423897367667953e-09
31550.056 7.494769526267181e-09
31600.056 5.346497587032193e-09
31650.056 4.804055301410648e-09
31700.056 5.333286861360617e-09
31750.056 3.231332968133315e-09
31800.056 5.796636800020214e-09
31850.056 2.452503785227452e-09
31900.056 4.164800262164188e-09
31950.056 2.392831543303291e-09
32000.056 3.204999159512825e-09
32050.056 3.465479496321919e-09
32100.056 3.0019026094649804e-09
32150.056 3.923558197653798e-09
32200.056 2.4673445249418567e-09
32250.056 4.927623074092733e-09
32300.056 2.2482825606876955e-09
32350.056 5.0700705152400924e-09
32400.056 2.1157849088075204e-09
32450.056 4.453841065681248e-09
32500.056 2.9408617641057615e-09
32550.056 3.879548185113981e-09
32600.056 3.928695995362581e-09
32650.056 6.7792352623734014e-09
32700.056 4.900180300066807e-09
32750.056 8.931197787052017e-09
32800.056 8.095873173706904e-09
32850.056 1.0937002528429251e-08
32900.056 1.103991391335735e-08
32950.056 1.1862816933229795e-08
33000.056 8.179229692429483e-09
33050.056 8.99567934588236e-09
33100.056 3.348556012093177e-09
33150.056 8.71740207187319e-11
33200.056 2.400750125710595e-10
33250.056 2.077877043959521e-10
33300.056 5.079578603151135e-10
33350.056 1.3084138126748892e-09
33400.056 2.6592988013892715e-09
33450.056 3.2289667445985446e-09
33500.056 7.3078657166042125e-09
33550.056 3.8810591411318066e-09
33600.056 7.570663892153713e-09
33650.056 7.525239541420144e-09
33700.056 4.762066113100599e-09
33750.056 9.837667710196318e-09
33800.056 3.535849656694801e-09
33850.056 6.7076434158230735e-09
33900.056 5.817070707861191e-09
33950.056 5.609540797696905e-09
34000.056 8.688302554638102e-09
34050.056 2.983412141324932e-09
34100.056 7.887174713500507e-09
34150.056 4.480696217840988e-09
34200.056 7.3717771390682075e-09
34250.056 6.3258501619384844e-09
34300.056 5.027258855562263e-09
34350.056 6.910224686488519e-09
34400.056 3.938980193350511e-09
34450.056 8.020922713415858e-09
34500.056 5.987505623448427e-09
34550.056 3.485053933411018e-09
34600.056 1.0283695505900466e-08
34650.056 4.027205545328357e-09
34700.056 8.182784882550616e-09
34750.056 6.7270857731070676e-09
34800.056 5.078179881782788e-09
34850.056 1.018623371250116e-08
34900.056 6.424175768244983e-09
34950.056 9.406744691497719e-09
35000.056 1.6154629997845925e-08
35050.056 7.731716671522102e-09
35100.056 1.4717961515662138e-08
35150.056 1.3706915613491444e-08
35200.056 1.2101093010523721e-08
35250.056 1.9177697012732693e-08
35300.056 1.0403824117337059e-08
35350.056 1.3127444541098037e-08
35400.056 1.4100679548720116e-08
35450.056 9.439185732537201e-09
35500.056 2.364979890437487e-08
35550.056 1.7727313330688906e-08
35600.056 1.7470895689309762e-08
35650.056 1.9573007787148927e-08
35700.056 1.6787402571511016e-08
35750.056 2.5237865787258736e-08
35800.056 2.769279029254202e-08
35850.056 1.5030167224562893e-08
35900.056 2.2085743408206897e-08
35950.056 2.4035693431635323e-08
36000.056 2.335236268650354e-08
36050.056 2.1087059162292596e-08
36100.056 2.0034799541329352e-08
36150.056 2.793294064168375e-08
36200.056 3.17042260261526e-08
36250.056 2.5052314086568123e-08
36300.056 3.8729553863141505e-08
36350.056 3.2009030585145145e-08
36400.056 3.712140916281147e-08
36450.056 3.7285598920963794e-08
36500.056 4.114231944977916e-08
36550.056 4.919874254171195e-08
36600.056 5.6007111866988606e-08
36650.056 4.680656331982172e-08
36700.056 4.794973840816464e-08
36750.056 5.7967233659017637e-08
36800.056 6.057884705049669e-08
36850.056 4.8347311057032925e-08
36900.056 5.8537692826517146e-08
36950.056 6.489703844898707e-08
37000.056 5.4725680498391645e-08
37050.056 6.620590586929994e-08
37100.056 5.7777031434702776e-08
37150.056 5.7859060162281105e-08
37200.056 7.544163728099103e-08
37250.056 5.943560365938648e-08
37300.056 5.253451867596891e-08
37350.056 6.811556789281292e-08
37400.056 9.218373216819854e-08
37450.056 5.8400767612695495e-08
37500.056 6.408709326793568e-08
37550.056 9.275175531703875e-08
37600.056 1.1073861699801525e-07
37650.056 6.031495064600795e-08
37700.056 9.493616986560857e-08
37750.056 7.028350470020919e-08
37800.056 7.80287109463261e-08
37850.056 5.323325751620288e-08
37900.056 6.208993822221369e-08
37950.056 8.453379842319074e-08
38000.056 8.920485005939581e-08
38050.056 9.619913815302468e-08
38100.056 1.0971092253720777e-07
38150.056 1.1461298924599738e-07
38200.056 1.1071417783350927e-07
38250.056 1.043317500548118e-07
38300.056 1.4412141876196927e-07
38350.056 1.431782992320285e-07
38400.056 8.960573442915782e-08
38450.056 7.815248492886604e-08
38500.056 5.820490375751306e-08
38550.056 1.028157272240271e-07
38600.056 1.008342640219841e-07
38650.056 1.1001206487698313e-07
38700.056 1.1534937137099733e-07
38750.056 1.1175492294300611e-07
38800.056 1.0525197079497825e-07
38850.056 1.1413081769300988e-07
38900.056 1.3940970493218322e-07
38950.056 1.0537214038119736e-07
39000.056 1.268250970659794e-07
39050.056 1.1465207054803229e-07
39100.056 1.2277564675198913e-07
39150.056 1.4191130836299744e-07
39200.056 1.2263494338598764e-07
39250.056 1.512571863459979e-07
39300.056 1.2995818020897917e-07
39350.056 1.6949903255100773e-07
39400.056 1.3500780667502665e-07
39450.056 1.5316708214839384e-07
39500.056 1.6016778783001429e-07
39550.056 1.280245863563449e-07
39600.056 1.586177262009869e-07
39650.056 1.8693779935098704e-07
39700.056 1.7051784425701715e-07
39750.056 1.2391891261783955e-07
39800.056 1.4248010619299514e-07
39850.056 2.030494116600071e-07
39900.056 2.0341170870500495e-07
39950.056 1.5951295727498322e-07
40000.056 2.04688845990011e-07
40050.056 1.9400766407900183e-07
40100.056 1.3244076806945368e-07
40150.056 1.9632907768300862e-07
40200.056 2.0271241062396042e-07
40250.056 2.0919067072495152e-07
40300.056 2.0805874932102119e-07
40350.056 1.7474351033597423e-07
40400.056 2.2094786702280318e-07
40450.056 1.6399554957198813e-07
40500.056 2.2407852765598494e-07
40550.056 2.359071699679535e-07
40600.056 2.15613172370014e-07
40650.056 1.9391284287236543e-07
40700.056 2.8168117889498613e-07
40750.056 2.127895205799642e-07
40800.056 1.669760324309374e-07
40850.056 2.838120318100413e-07
40900.056 2.646262839319922e-07
40950.056 2.264507413178179e-07
41000.056 2.207111517659903e-07
41050.056 2.9110544063996033e-07
41100.056 2.526790489999843e-07
41150.056 1.6658935421398852e-07
41200.056 2.816566611700099e-07
41250.056 2.497828929119808e-07
41300.056 2.331439273499851e-07
41350.056 2.9689339982999965e-07
41400.056 2.6136592284802333e-07
41450.056 2.944976198699863e-07
41500.056 2.2313671378027668e-07
41550.056 2.1256959508705203e-07
41600.056 2.464545072477277e-07
41650.056 2.7479125299301524e-07
41700.056 2.6587087274995405e-07
41750.056 2.513605289269783e-07
41800.056 2.9694068717003426e-07
41850.056 2.1414316467598182e-07
41900.056 2.3989958689314897e-07
41950.056 2.6396478288702553e-07
42000.056 2.3444423468691924e-07
42050.056 2.0821996315882545e-07
42100.056 2.916282594999716e-07
42150.056 2.172785026900115e-07
42200.056 2.1487077885299027e-07
42250.056 2.269955214869988e-07
42300.056 2.1257803499999524e-07
42350.056 2.631118973980282e-07
42400.056 2.717706254200245e-07
42450.056 2.298902401000419e-07
42500.056 2.3405442675599096e-07
42550.056 2.1262763116198386e-07
42600.056 2.415740515010584e-07
42650.056 3.2034890110993584e-07
42700.056 2.2589921321494288e-07
42750.056 2.1548878943402744e-07
42800.056 2.6452347228702186e-07
42850.056 2.930608884899336e-07
42900.056 3.1435114238204174e-07
42950.056 2.3821845010195864e-07
43000.056 2.7704686263800963e-07
43050.056 1.6872460636604558e-07
43100.056 2.4665895420997775e-07
43150.056 2.13785825679018e-07
43200.056 2.604969796400111e-07
43250.056 3.500991382100246e-07
43300.056 3.316744406000095e-07
43350.056 1.9189479802095337e-07
43400.056 2.608969694680064e-07
43450.056 2.0517119398602882e-07
43500.056 2.2281287989602142e-07
43550.056 2.2652954066291623e-07
43600.056 3.018182928620284e-07
43650.056 1.993950390100032e-07
43700.056 3.34068840579037e-07
43750.056 2.899535830830102e-07
43800.056 2.6854080621697406e-07
43850.056 2.424798533270357e-07
43900.056 2.4003101882397946e-07
43950.056 1.7212652938997971e-07
44000.056 1.569734815630017e-07
44050.056 2.9424900115500915e-07
44100.056 3.736447349700119e-07
44150.056 3.622771605419854e-07
44200.056 3.1036782164500344e-07
44250.056 2.056976383749982e-07
44300.056 1.7101597028702868e-07
44350.056 1.9905256104813887e-07
44400.056 1.8806144886598805e-07
44450.056 2.7354572624000193e-07
44500.056 2.538244533320478e-07
44550.056 3.3549640212997554e-07
44600.056 2.9861269942701233e-07
44650.056 2.8164978134201145e-07
44700.056 2.0181491457598464e-07
44750.056 2.6386947584904713e-07
44800.056 2.23110698869021e-07
44850.056 3.001133283600257e-07
44900.056 2.3281914115400769e-07
44950.056 2.598969318350156e-07
45000.056 2.86831529620007e-07
45050.056 2.759733482599799e-07
45100.056 2.696878857450117e-07
45150.056 2.627976067329781e-07
45200.056 2.0456285497201557e-07
45250.056 2.31630672860951e-07
45300.056 2.0978120163502736e-07
45350.056 1.9946001856300943e-07
45400.056 3.3500848839003294e-07
45450.056 3.0386269841501445e-07
45500.056 3.234363146810165e-07
45550.056 3.5719248614993315e-07
45600.056 3.417840415900363e-07
45650.056 2.8503856903698624e-07
45700.056 2.1350133267999783e-07
45750.056 1.9949966740600374e-07
45800.056 3.6167156836001267e-07
45850.056 3.3538553501199075e-07
45900.056 3.6436504241000316e-07
45950.056 2.9193893268899327e-07
46000.056 3.4738290231003473e-07
46050.056 2.7848586051700405e-07
46100.056 3.750146093899767e-07
46150.056 2.566739686859983e-07
46200.056 2.376849618049922e-07
46250.056 1.3345676835318358e-07
46300.056 2.7178057374799963e-07
46350.056 2.7751451947202503e-07
46400.056 2.646495293940116e-07
46450.056 2.3626540599200715e-07
46500.056 2.59275935520053e-07
46550.056 1.7849232379100816e-07
46600.056 2.3453512260777207e-07
46650.056 3.384538299420174e-07
46700.056 2.3751695333495784e-07
46750.056 1.5373022145881831e-07
46800.056 1.1764932077160454e-07
46850.056 3.289127625530426e-07
46900.056 3.1665190084898555e-07
46950.056 3.035549211799759e-07
47000.056 2.8871138127403827e-07
47050.056 2.408109168269232e-07
47100.056 1.740050348322158e-07
47150.056 2.426458440880345e-07
47200.056 2.864682253879918e-07
47250.056 1.8537833645498053e-07
47300.056 1.3312080969031498e-07
47350.056 3.2044168755999747e-07
47400.056 2.8630664040997826e-07
47450.056 2.5802840960903547e-07
47500.056 3.202905575079744e-07
47550.056 2.783713221810096e-07
47600.056 2.8198921862397886e-07
47650.056 2.69949910322374e-07
47700.056 2.345488022418599e-07
47750.056 1.8018690254500372e-07
47800.056 1.7081241523601568e-07
47850.056 1.0998442071261135e-07
47900.056 1.4954698976038523e-07
47950.056 2.5498330626000814e-07
48000.056 3.2980928136001897e-07
48050.056 2.880610076399855e-07
48100.056 1.495665598468077e-07
48150.056 2.2371946486900703e-07
48200.056 1.8459542830599733e-07
48250.056 2.1276377672000373e-07
48300.056 3.127407585099748e-07
48350.056 2.007000618779938e-07
48400.056 8.904883228228265e-08
48450.056 1.638416711245352e-07
48500.056 2.2553266304195895e-07
48550.056 2.2331173970701519e-07
48600.056 2.428493363390063e-07
48650.056 2.903558134799896e-07
48700.056 2.2139799097601663e-07
48750.056 1.422634736720521e-07
48800.056 2.7411107346501165e-07
48850.056 1.7176264657996927e-07
48900.056 2.5005103734958415e-07
48950.056 1.607579877730047e-07
49000.056 9.426079149460097e-08
49050.056 2.2172157665697204e-07
49100.056 2.493675102390374e-07
49150.056 1.9438066633610247e-07
49200.056 2.7209275396003686e-07
49250.056 2.6388282956002377e-07
49300.056 2.2797974195199356e-07
49350.056 1.2359672408722356e-07
49400.056 1.7286944227196476e-07
49450.056 1.748236487870459e-07
49500.056 1.4517949883458695e-07
49550.056 6.015519624820206e-08
49600.056 1.186759817998998e-07
49650.056 1.7317526584399048e-07
49700.056 1.796942576399521e-07
49750.056 2.1087360931898355e-07
49800.056 1.5651533474979784e-07
49850.056 2.465292293880346e-07
49900.056 2.0705390743399038e-07
49950.056 1.9113370917199666e-07
50000.056 1.7447173204198177e-07
50050.056 2.1009729690399638e-07
50100.056 1.702250944769932e-07
50150.056 1.0354117617298649e-07
50200.056 3.880236982121085e-08
50250.056 1.3631159476699232e-07
50300.056 1.0014435748831101e-07
50350.056 1.9969996906702327e-07
50400.056 1.8993193713098776e-07
50450.056 1.4211434357140257e-07
50500.056 2.0797280259901662e-07
50550.056 1.920670197280086e-07
50600.056 1.4409544453496549e-07
50650.056 2.1267862025503542e-07
50700.056 2.2613101330997276e-07
50750.056 1.6012077273201636e-07
50800.056 8.302385260918636e-08
50850.056 6.630697577662263e-08
50900.056 2.008598676679991e-07
50950.056 1.6309831563400196e-07
51000.056 1.5687029447171186e-07
51050.056 1.7903592919098226e-07
51100.056 8.465476275589008e-08
51150.056 1.1090018192780935e-07
51200.056 2.330828360799868e-07
51250.056 1.571465340399778e-07
51300.056 1.1530277516403398e-07
51350.056 1.2932169864098508e-07
51400.056 6.860574812460713e-08
51450.056 5.529161765074548e-08
51500.056 5.393992260423804e-08
51550.056 1.3932350365601345e-07
51600.056 1.0440649832431463e-07
51650.056 1.1936021796198492e-07
51700.056 1.3596306673408718e-07
51750.056 9.534148076951007e-08
51800.056 1.5245701179497045e-07
51850.056 1.2877660814799317e-07
51900.056 1.8546162860600713e-07
51950.056 1.2970651494198777e-07
52000.056 3.133732633219125e-08
52050.056 8.399279762791016e-08
52100.056 6.074670530199509e-08
52150.056 4.53150201285463e-08
52200.056 7.191506320529928e-08
52250.056 9.994517821301632e-08
52300.056 1.508212431369953e-07
52350.056 7.69260244354404e-08
52400.056 6.686517703520388e-08
52450.056 1.432872356660127e-07
52500.056 1.3226640013926592e-07
52550.056 1.2846080623798686e-07
52600.056 1.0059726442200301e-07
52650.056 1.1211559883201546e-07
52700.056 8.787471783069878e-08
52750.056 5.2859601167694034e-08
52800.056 7.384149416400968e-08
52850.056 8.418435569667589e-08
52900.056 6.170334366405496e-08
52950.056 7.622983713060513e-08
53000.056 1.0983501534700783e-07
53050.056 5.53936587157864e-08
53100.056 1.104629334919907e-07
53150.056 1.3513005658501449e-07
53200.056 5.85374603608951e-08
53250.056 1.1782285417300872e-07
53300.056 1.3564016952875721e-07
53350.056 1.156600424369991e-07
53400.056 9.4355878860995e-08
53450.056 4.711400272098921e-08
53500.056 1.8915242589053302e-08
