galfind/configs/Brown_Dwarf_templates/sonora_bobcat/m0.0/562g/sp_t2200g562nc_m0.0_resample.dat
# %ECSV 1.0
# ---
# datatype:
# - {name: wav, unit: Angstrom, datatype: float64}
# - {name: flux_nu, unit: erg / (cm2 Hz s), datatype: float64}
# meta: {C/O: '1.00', Kzz: '1.0000E+05', Teff: '2200.', Y: '0.28', '[Fe/H]': '0.00', f_hole: '1.00', f_rain: '0.00', grav: '562.'}
# schema: astropy-2.0
wav flux_nu
[from data line 500]
29000.056 2.2988480265794085e-06
29050.056 2.425278792769994e-06
29100.056 1.979447189390246e-06
29150.056 2.5582735880401397e-06
29200.056 2.242746513500247e-06
29250.056 2.44619256239996e-06
29300.056 2.0936461981992254e-06
29350.056 2.805958545949725e-06
29400.056 2.340964969109863e-06
29450.056 2.315416565429959e-06
29500.056 2.437462248659775e-06
29550.056 2.3666092733401866e-06
29600.056 2.561697759989808e-06
29650.056 2.408533671089899e-06
29700.056 2.2448023013098754e-06
29750.056 2.6940271905707923e-06
29800.056 2.6981037893497693e-06
29850.056 2.5216950053597475e-06
29900.056 2.3196592370906535e-06
29950.056 2.7943657390795726e-06
30000.056 2.70900701762939e-06
30050.056 2.53735141470002e-06
30100.056 2.162001617739453e-06
30150.056 3.132624058599889e-06
30200.056 2.7942227504501874e-06
30250.056 2.698255895950494e-06
30300.056 2.6248928821097563e-06
30350.056 2.6856640368204746e-06
30400.056 3.137414722080427e-06
30450.056 2.500134740860291e-06
30500.056 2.4201072772802688e-06
30550.056 3.145579349410442e-06
30600.056 2.9833579960102904e-06
30650.056 3.030243139900149e-06
30700.056 2.7776701594298577e-06
30750.056 2.760348510530028e-06
30800.056 3.2955398702206792e-06
30850.056 2.860103070199956e-06
30900.056 2.7919693300598412e-06
30950.056 2.7554503176802367e-06
31000.056 3.2262479822999796e-06
31050.056 2.9027461128100516e-06
31100.056 2.9697682363199374e-06
31150.056 3.0928701355795834e-06
31200.056 3.0563420346496985e-06
31250.056 3.4507770973505652e-06
31300.056 3.0330035126998267e-06
31350.056 3.0402325264799824e-06
31400.056 3.12400718100054e-06
31450.056 3.157963312780079e-06
31500.056 3.2147001581403045e-06
31550.056 2.987997201399924e-06
31600.056 3.1466763077398333e-06
31650.056 3.3245172869998588e-06
31700.056 3.2553802786998974e-06
31750.056 3.013840340180073e-06
31800.056 3.3641103124002e-06
31850.056 3.634380490400128e-06
31900.056 3.5689696150997094e-06
31950.056 2.9873065856998655e-06
32000.056 3.1175403092805617e-06
32050.056 3.5502044881003714e-06
32100.056 3.6133918971196186e-06
32150.056 3.5917689814199434e-06
32200.056 3.4715854778499993e-06
32250.056 3.3195495203001446e-06
32300.056 3.5484697553600653e-06
32350.056 3.813978511200569e-06
32400.056 3.4607580987999267e-06
32450.056 3.3938884142002715e-06
32500.056 3.6921679774002004e-06
32550.056 4.0243992011000515e-06
32600.056 3.91550187969976e-06
32650.056 3.8093386519008143e-06
32700.056 3.6867714420001927e-06
32750.056 3.774068222000031e-06
32800.056 3.4810242742002407e-06
32850.056 4.073980891299683e-06
32900.056 3.964365611010056e-06
32950.056 3.5088966691998473e-06
33000.056 3.7779410940702373e-06
33050.056 3.838257846419521e-06
33100.056 3.8770153478791315e-06
33150.056 3.860407212500048e-06
33200.056 3.602210360310587e-06
33250.056 3.93908078472031e-06
33300.056 4.196127979600291e-06
33350.056 3.943625960300018e-06
33400.056 3.5801966175195814e-06
33450.056 3.860636295199164e-06
33500.056 4.050626874900225e-06
33550.056 3.8429107454996304e-06
33600.056 3.974236318100612e-06
33650.056 4.099415307400787e-06
33700.056 4.213194057999574e-06
33750.056 4.1659126005001155e-06
33800.056 4.000290198100134e-06
33850.056 4.000796903200271e-06
33900.056 4.50744096519947e-06
33950.056 4.045273456099566e-06
34000.056 4.065652017699309e-06
34050.056 4.180409485700003e-06
34100.056 4.261508634700537e-06
34150.056 4.203700065399414e-06
34200.056 4.066853311599533e-06
34250.056 4.497251400799537e-06
34300.056 4.218879884999675e-06
34350.056 4.275985505999763e-06
34400.056 4.172506116099674e-06
34450.056 3.9566739838002165e-06
34500.056 4.3771495809007525e-06
34550.056 4.144483853999779e-06
34600.056 4.250096050399923e-06
34650.056 4.352127301300094e-06
34700.056 4.2841550154992696e-06
34750.056 4.5264586088002416e-06
34800.056 4.493520354099662e-06
34850.056 4.156314553199969e-06
34900.056 4.384760421800145e-06
34950.056 4.319169743499347e-06
35000.056 4.189855253899553e-06
35050.056 4.786587834700646e-06
35100.056 4.438990354199443e-06
35150.056 4.522065470999753e-06
35200.056 4.489479889199842e-06
35250.056 4.188799806400395e-06
35300.056 4.510393615200363e-06
35350.056 4.6588863654998095e-06
35400.056 4.376769523199639e-06
35450.056 4.360435637100266e-06
35500.056 4.667919444699968e-06
35550.056 4.517638814199804e-06
35600.056 4.337762196499352e-06
35650.056 4.7812245968004935e-06
35700.056 4.400527413600285e-06
35750.056 4.487312004199665e-06
35800.056 4.683208031799706e-06
35850.056 4.641365637399995e-06
35900.056 4.889939097499622e-06
35950.056 4.656606015999724e-06
36000.056 4.371874874999553e-06
36050.056 4.86442017460032e-06
36100.056 5.0001563085996946e-06
36150.056 4.433659171200494e-06
36200.056 4.843292955799613e-06
36250.056 4.574752091399422e-06
36300.056 5.099780312100531e-06
36350.056 4.798746761199398e-06
36400.056 4.775065839099973e-06
36450.056 5.125031900299668e-06
36500.056 4.752751750600265e-06
36550.056 4.714539346700599e-06
36600.056 4.684963058800305e-06
36650.056 4.8726307214003794e-06
36700.056 5.169327402600019e-06
36750.056 4.668742898000387e-06
36800.056 4.874801238999795e-06
36850.056 5.014907847700131e-06
36900.056 4.963690033700553e-06
36950.056 4.952257000600006e-06
37000.056 5.0528765141999545e-06
37050.056 5.167229502699801e-06
37100.056 4.976845747900427e-06
37150.056 4.9926834079992364e-06
37200.056 5.112381062400005e-06
37250.056 5.151232723000121e-06
37300.056 5.209726218000759e-06
37350.056 4.8812792231005105e-06
37400.056 5.13403888369984e-06
37450.056 5.031999140900244e-06
37500.056 5.2624736716997076e-06
37550.056 5.103153404199274e-06
37600.056 5.335680626499562e-06
37650.056 5.006643862499725e-06
37700.056 5.180091547600053e-06
37750.056 5.293495580699501e-06
37800.056 5.368627303899838e-06
37850.056 5.2392623447998496e-06
37900.056 5.289360250700348e-06
37950.056 5.326670208900197e-06
38000.056 5.307911946300472e-06
38050.056 5.279759867900355e-06
38100.056 5.114461055800242e-06
38150.056 5.4312671207995976e-06
38200.056 5.466414914599555e-06
38250.056 5.150173395200513e-06
38300.056 5.102818191299958e-06
38350.056 5.272285252899962e-06
38400.056 5.364160490199827e-06
38450.056 5.442774037500338e-06
38500.056 5.265721768999824e-06
38550.056 5.319555772800318e-06
38600.056 5.7111302822998384e-06
38650.056 5.129784133800109e-06
38700.056 5.175019811100687e-06
38750.056 5.4302583383999365e-06
38800.056 5.332331534200641e-06
38850.056 5.36309378800014e-06
38900.056 5.142777757999933e-06
38950.056 5.416765950899838e-06
39000.056 5.3027962844001036e-06
39050.056 5.378228550999932e-06
39100.056 5.105970989100028e-06
39150.056 5.251935699800177e-06
39200.056 5.364369237500128e-06
39250.056 5.340823820499448e-06
39300.056 5.349363057999326e-06
39350.056 5.305515587000404e-06
39400.056 5.239203464400121e-06
39450.056 5.290858579799886e-06
39500.056 5.163146073299767e-06
39550.056 5.0865331043992805e-06
39600.056 5.462128612100102e-06
39650.056 5.0072152930001436e-06
39700.056 5.156967994699932e-06
39750.056 5.211678640199558e-06
39800.056 4.9067023447002565e-06
39850.056 5.114971427399766e-06
39900.056 4.963969838299788e-06
39950.056 5.1688785605998026e-06
40000.056 4.835695118699738e-06
40050.056 4.625497368799951e-06
40100.056 4.907605128299843e-06
40150.056 4.63385952199922e-06
40200.056 4.841627958699806e-06
40250.056 4.690817804098857e-06
40300.056 4.505002292100372e-06
40350.056 4.686727213900193e-06
40400.056 4.721395695300052e-06
40450.056 4.39683825520051e-06
40500.056 4.191707573000115e-06
40550.056 4.755778303499634e-06
40600.056 4.2291800069003255e-06
40650.056 4.493886957600634e-06
40700.056 4.687100649900136e-06
40750.056 4.174820413898927e-06
40800.056 4.13845446840031e-06
40850.056 3.910802922800836e-06
40900.056 3.91089752750048e-06
40950.056 4.129796148399961e-06
41000.056 4.25175571900012e-06
41050.056 4.20456899499928e-06
41100.056 3.948929853900152e-06
41150.056 4.247101384700113e-06
41200.056 4.0154572615000855e-06
41250.056 4.0871923464002286e-06
41300.056 3.6189878414996235e-06
41350.056 4.146681386800131e-06
41400.056 3.905082086700126e-06
41450.056 3.859707688600079e-06
41500.056 4.094033785000224e-06
41550.056 4.004916599420123e-06
41600.056 4.014318455500058e-06
41650.056 3.716262593700426e-06
41700.056 3.592564717199665e-06
41750.056 3.864223309699942e-06
41800.056 3.817736747899761e-06
41850.056 3.418906949700448e-06
41900.056 3.912541658699616e-06
41950.056 3.6818124515004614e-06
42000.056 3.737462066200321e-06
42050.056 3.4591220469991763e-06
42100.056 3.818004247700303e-06
42150.056 3.2008058180994574e-06
42200.056 3.2815215794102086e-06
42250.056 3.683450482199747e-06
42300.056 3.3445452358000766e-06
42350.056 3.6880334449006013e-06
42400.056 3.340517637200273e-06
42450.056 3.003578733500105e-06
42500.056 3.1001185294002476e-06
42550.056 3.2747565660998548e-06
42600.056 3.223923484900417e-06
42650.056 3.177093302599005e-06
42700.056 3.2990547053004966e-06
42750.056 3.1189854661999825e-06
42800.056 3.2034658944004137e-06
42850.056 3.4035867269996694e-06
42900.056 3.3299816218001992e-06
42950.056 2.8993024933989982e-06
43000.056 3.1102479800999904e-06
43050.056 2.8999779895710983e-06
43100.056 3.060104341799771e-06
43150.056 3.1113645533005587e-06
43200.056 2.941429381700015e-06
43250.056 3.010913666700282e-06
43300.056 3.042399956400162e-06
43350.056 2.7937296924995357e-06
43400.056 2.8068085160798442e-06
43450.056 2.788885016600521e-06
43500.056 2.7460966888995826e-06
43550.056 2.7592748698199925e-06
43600.056 2.9000362366001333e-06
43650.056 2.5811933178001676e-06
43700.056 2.5965049632999542e-06
43750.056 2.616023172200126e-06
43800.056 2.472275173700022e-06
43850.056 2.51209200660047e-06
43900.056 2.5845523923799674e-06
43950.056 2.4284331495400917e-06
44000.056 2.2382229161500846e-06
44050.056 2.2284921143001045e-06
44100.056 2.3572723773004023e-06
44150.056 2.4814423831997856e-06
44200.056 2.2596111475201335e-06
44250.056 2.2430527966999152e-06
44300.056 2.1598980803903794e-06
44350.056 2.093288502520182e-06
44400.056 2.191527717679896e-06
44450.056 2.280145152120146e-06
44500.056 2.2199880923002854e-06
44550.056 2.017908376359581e-06
44600.056 2.0345326935102383e-06
44650.056 2.2121654674599787e-06
44700.056 2.039701752900155e-06
44750.056 2.1223353077797326e-06
44800.056 2.099175101579967e-06
44850.056 2.115170290870163e-06
44900.056 1.995694464960225e-06
44950.056 1.8707336811400862e-06
45000.056 2.0441935560999518e-06
45050.056 2.0242129226997734e-06
45100.056 2.105315148599995e-06
45150.056 1.955814372510012e-06
45200.056 1.7921134450099286e-06
45250.056 1.8815123496698253e-06
45300.056 2.0436213332100947e-06
45350.056 2.077553251989789e-06
45400.056 1.947833538240236e-06
45450.056 1.810583928979726e-06
45500.056 1.8783436989998762e-06
45550.056 2.075839482349889e-06
45600.056 1.916486305169959e-06
45650.056 1.7583006021796786e-06
45700.056 1.9812417874401783e-06
45750.056 1.8418361099299942e-06
45800.056 1.81547941663994e-06
45850.056 2.138582593140002e-06
45900.056 2.078516516540021e-06
45950.056 1.8430001859199726e-06
46000.056 2.171924368810007e-06
46050.056 2.2058722434305305e-06
46100.056 1.8139288269301314e-06
46150.056 1.890992612149902e-06
46200.056 2.0691685696704755e-06
46250.056 1.7373800458499747e-06
46300.056 2.2333239251499737e-06
46350.056 1.877603958879831e-06
46400.056 1.9687646143597915e-06
46450.056 1.9710442958203376e-06
46500.056 1.8503311984698807e-06
46550.056 2.1719866457599773e-06
46600.056 2.026356634070001e-06
46650.056 2.470797667299889e-06
46700.056 2.361130562820695e-06
46750.056 1.922269640319957e-06
46800.056 2.0827010969003064e-06
46850.056 2.197069189560156e-06
46900.056 2.0819109275596676e-06
46950.056 2.3762257754100734e-06
47000.056 2.0401449815100076e-06
47050.056 2.277433482709791e-06
47100.056 1.885580896130072e-06
47150.056 2.119867158730273e-06
47200.056 2.1485929137005586e-06
47250.056 2.0163337315896105e-06
47300.056 2.150955067639541e-06
47350.056 1.7890033981797383e-06
47400.056 2.1504509216595585e-06
47450.056 2.0778762467198794e-06
47500.056 2.1092858495696564e-06
47550.056 1.9972593169497773e-06
47600.056 2.22145525889982e-06
47650.056 1.6678166549896138e-06
47700.056 2.2380491212399744e-06
47750.056 1.6018162983904181e-06
47800.056 2.181004873899849e-06
47850.056 1.681183250109697e-06
47900.056 2.2302600890000966e-06
47950.056 1.6991246703503486e-06
48000.056 2.4301190770999976e-06
48050.056 1.8364124562002972e-06
48100.056 2.0304867897999393e-06
48150.056 1.8191787224002042e-06
48200.056 2.232572726790294e-06
48250.056 1.846417050519961e-06
48300.056 2.382466025199792e-06
48350.056 1.6377002809996661e-06
48400.056 2.1646596774299594e-06
48450.056 1.7947269389201038e-06
48500.056 2.397002741600015e-06
48550.056 1.6533745093700036e-06
48600.056 2.287221960199806e-06
48650.056 1.6999258059499868e-06
48700.056 2.2026788610001016e-06
48750.056 1.5316487316601761e-06
48800.056 2.36381631736015e-06
48850.056 1.6687554954696879e-06
48900.056 2.2341632286001726e-06
48950.056 1.940875603860047e-06
49000.056 1.9731101866199397e-06
49050.056 2.0847359379998618e-06
49100.056 1.9201489965001525e-06
49150.056 1.9714338535999786e-06
49200.056 1.9254507925098946e-06
49250.056 1.9596597935300315e-06
49300.056 1.7607014974297254e-06
49350.056 1.8728477927999147e-06
49400.056 2.182966945300152e-06
49450.056 1.8661641636004159e-06
49500.056 1.9255046154002035e-06
49550.056 1.7370035826298934e-06
49600.056 1.8486547176103289e-06
49650.056 1.931149736280119e-06
49700.056 1.6620187084398488e-06
49750.056 2.485074621999698e-06
49800.056 1.8590069607000604e-06
49850.056 2.3257686463400776e-06
49900.056 1.8723022238200774e-06
49950.056 1.943711466139608e-06
50000.056 1.9178774771795564e-06
50050.056 1.941553947610127e-06
50100.056 2.085011372199887e-06
50150.056 1.7988091792500077e-06
50200.056 1.6907480467201664e-06
50250.056 1.8967139196601493e-06
50300.056 1.7626538020498492e-06
50350.056 2.0955505195399412e-06
50400.056 1.8532226037999344e-06
50450.056 1.8289404250402362e-06
50500.056 2.3401087036002674e-06
50550.056 1.8800998624598992e-06
50600.056 2.031855963410042e-06
50650.056 1.9004837910804038e-06
50700.056 2.131826307179577e-06
50750.056 2.1760889078202463e-06
50800.056 1.6203629022798197e-06
50850.056 1.948822868480234e-06
50900.056 2.0096717968999244e-06
50950.056 2.0330921019003457e-06
51000.056 2.3546302462402174e-06
51050.056 1.8388092647802222e-06
51100.056 1.8179719941199052e-06
51150.056 2.0808691380599796e-06
51200.056 1.8803102193399358e-06
51250.056 2.1366757818700315e-06
51300.056 1.7701973669304578e-06
51350.056 2.0512481899998573e-06
51400.056 1.9681366406895566e-06
51450.056 1.4420891551297825e-06
51500.056 1.995182972300064e-06
51550.056 2.4009869117601943e-06
51600.056 1.6016664550299717e-06
51650.056 1.9955217644997168e-06
51700.056 1.8223431764294273e-06
51750.056 1.7695680306300795e-06
51800.056 2.1059349996796864e-06
51850.056 2.032947080799747e-06
51900.056 2.1682399877002427e-06
51950.056 1.968786938379808e-06
52000.056 1.713795053569975e-06
52050.056 2.0312426102298436e-06
52100.056 1.9224431896496957e-06
52150.056 1.937252011980156e-06
52200.056 1.8631484177500995e-06
52250.056 1.877848718539953e-06
52300.056 2.0312789422399657e-06
52350.056 2.1865679136202114e-06
52400.056 1.6359189158301494e-06
52450.056 1.8771023094900255e-06
52500.056 2.1058716209695757e-06
52550.056 1.935096336909566e-06
52600.056 2.0124134903001254e-06
52650.056 2.243321433710311e-06
52700.056 1.8930465471600734e-06
52750.056 1.6335485851098662e-06
52800.056 1.797817920600131e-06
52850.056 1.7117621397899184e-06
52900.056 1.9705207594000986e-06
52950.056 1.8491852000997706e-06
53000.056 2.100491200549823e-06
53050.056 1.940216760429656e-06
53100.056 1.7996440080997196e-06
53150.056 2.173931574500357e-06
53200.056 1.5569934484002682e-06
53250.056 2.118637142899963e-06
53300.056 2.101327977300658e-06
53350.056 2.1099256615997465e-06
53400.056 1.8965986550001208e-06
53450.056 1.8111175740500682e-06
53500.056 1.5635019461797533e-06
53550.056 1.990501804059907e-06
