galfind/configs/Brown_Dwarf_templates/sonora_bobcat/m0.0/562g/sp_t450g562nc_m0.0_resample.dat
# %ECSV 1.0
# ---
# datatype:
# - {name: wav, unit: Angstrom, datatype: float64}
# - {name: flux_nu, unit: erg / (cm2 Hz s), datatype: float64}
# meta: {C/O: '1.00', Kzz: '1.0000E+05', Teff: '450.', Y: '0.28', '[Fe/H]': '0.00', f_hole: '1.00', f_rain: '0.00', grav: '562.'}
# schema: astropy-2.0
wav flux_nu
[from data line 499]
28950.056 2.3448991552718016e-10
29000.056 1.6869435397957552e-10
29050.056 2.716150372685471e-10
29100.056 1.2319735435712823e-10
29150.056 2.0994651292126161e-10
29200.056 3.8569594984479473e-10
29250.056 4.107760982009566e-10
29300.056 2.346579216565923e-10
29350.056 6.677168261127172e-10
29400.056 2.518039685664563e-10
29450.056 1.6506300530323766e-10
29500.056 6.301198345741223e-10
29550.056 2.2325913455660815e-10
29600.056 2.9789144840976496e-10
29650.056 9.507121713592144e-10
29700.056 1.919884120755015e-10
29750.056 6.281110944455501e-10
29800.056 4.4789127638648683e-10
29850.056 8.414850887001218e-10
29900.056 4.0826448333378214e-10
29950.056 4.4401893393255914e-10
30000.056 9.34190004483935e-12
30050.056 5.8089994220078194e-11
30100.056 2.1952947492081553e-10
30150.056 7.862618585451917e-10
30200.056 5.33844332957772e-10
30250.056 1.0154417076857717e-09
30300.056 1.214595930437257e-09
30350.056 3.092651001940454e-10
30400.056 1.336166260450655e-09
30450.056 8.804427802702505e-10
30500.056 5.983738312007175e-10
30550.056 4.621815416175423e-10
30600.056 3.1118679530510632e-09
30650.056 1.2544589368598903e-09
30700.056 7.963970888199484e-10
30750.056 1.4930606739555947e-09
30800.056 1.3084922865363274e-09
30850.056 1.4257377890115117e-09
30900.056 7.892527362489057e-10
30950.056 6.433276236800923e-10
31000.056 7.968677914902235e-10
31050.056 6.273203640058045e-10
31100.056 3.51502733792667e-10
31150.056 6.725397515858759e-10
31200.056 1.8719831683579603e-09
31250.056 8.163408035283295e-10
31300.056 5.508646003463277e-10
31350.056 1.2320093096639411e-09
31400.056 7.907051503214155e-10
31450.056 8.740674853911788e-10
31500.056 2.99114308224687e-10
31550.056 5.70475736799268e-10
31600.056 3.959125875177858e-10
31650.056 3.168264256175555e-10
31700.056 3.014249213301062e-10
31750.056 1.4206036955153231e-10
31800.056 3.091742926744601e-10
31850.056 6.057576608749255e-11
31900.056 1.4936410403458337e-10
31950.056 7.859404069370645e-11
32000.056 6.903800945335295e-11
32050.056 8.949867911288332e-11
32100.056 7.078696739139864e-11
32150.056 8.057887097139736e-11
32200.056 3.953152641494574e-11
32250.056 9.820458205731307e-11
32300.056 2.8645488482694634e-11
32350.056 1.0358214742767499e-10
32400.056 1.6411975520552047e-11
32450.056 7.790754874100652e-11
32500.056 2.0031247969967183e-11
32550.056 6.88169098796775e-11
32600.056 2.3458876270611827e-11
32650.056 1.4751027457435134e-10
32700.056 3.6313568361915306e-11
32750.056 3.118909012011431e-10
32800.056 1.8961995119830395e-10
32850.056 5.80651966325096e-10
32900.056 5.160591010918231e-10
32950.056 5.322125169466623e-10
33000.056 1.7224839056464966e-10
33050.056 2.081814205266774e-10
33100.056 4.299430176111246e-11
33150.056 2.4000626634913636e-14
33200.056 1.3884568221849807e-12
33250.056 2.3562540966635227e-12
33300.056 2.0684738275489354e-11
33350.056 6.41765741815174e-11
33400.056 2.2061332308136713e-10
33450.056 1.1594224804181518e-10
33500.056 4.518371994132409e-10
33550.056 9.184479034176097e-11
33600.056 2.350629229045764e-10
33650.056 2.2992035499535044e-10
33700.056 7.053816967416482e-11
33750.056 3.1347377653664326e-10
33800.056 2.8479459892249673e-11
33850.056 1.4898743916902104e-10
33900.056 1.596346346773863e-10
33950.056 1.2961503810068942e-10
34000.056 2.923120017407114e-10
34050.056 4.474281083258755e-11
34100.056 2.764807005211641e-10
34150.056 9.731295214135612e-11
34200.056 2.95148301183821e-10
34250.056 1.77733678781933e-10
34300.056 1.7362041757517957e-10
34350.056 4.649363355836129e-10
34400.056 1.1252061172383572e-10
34450.056 4.3799524858107193e-10
34500.056 2.1252343903006035e-10
34550.056 1.7341514470250614e-10
34600.056 8.313413836790906e-10
34650.056 1.028112499666872e-10
34700.056 5.603824198730788e-10
34750.056 3.22219667722112e-10
34800.056 2.423119026151895e-10
34850.056 9.424324097460173e-10
34900.056 1.78598898952879e-10
34950.056 8.601607227341063e-10
35000.056 1.3699899539866064e-09
35050.056 6.670082926991113e-10
35100.056 1.6909253792060145e-09
35150.056 1.4253829166612278e-09
35200.056 1.0536473137104071e-09
35250.056 2.0463410438502018e-09
35300.056 6.363383841340173e-10
35350.056 9.523206933227033e-10
35400.056 7.327577448144889e-10
35450.056 6.137732967486913e-10
35500.056 2.2587513184635393e-09
35550.056 1.2578978424066572e-09
35600.056 1.694856752863364e-09
35650.056 1.910444170710298e-09
35700.056 1.88429153171401e-09
35750.056 2.8850134872364845e-09
35800.056 1.96133223177262e-09
35850.056 8.989080999018535e-10
35900.056 1.3361177628155047e-09
35950.056 2.0182070858017915e-09
36000.056 2.1284510038883287e-09
36050.056 1.5421697748329707e-09
36100.056 1.3972155484051626e-09
36150.056 3.588073135762442e-09
36200.056 3.822080736430289e-09
36250.056 2.344193055322508e-09
36300.056 5.787910255018801e-09
36350.056 3.419112130097504e-09
36400.056 5.3217361662135414e-09
36450.056 4.331596349329438e-09
36500.056 4.8092288961417074e-09
36550.056 8.082848174382688e-09
36600.056 8.88259382959762e-09
36650.056 5.661281077171317e-09
36700.056 5.999082149035282e-09
36750.056 8.620428617403236e-09
36800.056 1.0077877416812e-08
36850.056 5.372312497071572e-09
36900.056 7.64928074914878e-09
36950.056 1.035150699339799e-08
37000.056 6.926154535088144e-09
37050.056 1.1100242403157841e-08
37100.056 5.792332515617166e-09
37150.056 7.656398037543818e-09
37200.056 1.3490466545998283e-08
37250.056 7.361827287230375e-09
37300.056 5.289090939835468e-09
37350.056 9.55491226788567e-09
37400.056 1.4876876693355146e-08
37450.056 5.9278129851599465e-09
37500.056 8.071766004745162e-09
37550.056 1.720860516528547e-08
37600.056 2.495372970600276e-08
37650.056 7.292464698198836e-09
37700.056 1.4127625596541621e-08
37750.056 1.0025416379232258e-08
37800.056 1.0635887368747818e-08
37850.056 5.8518288306349815e-09
37900.056 7.002602855879145e-09
37950.056 1.281423611810997e-08
38000.056 1.158284911716953e-08
38050.056 1.6735749335714214e-08
38100.056 2.207866507676674e-08
38150.056 2.3869129662238315e-08
38200.056 1.7821503478530773e-08
38250.056 2.1189143858431418e-08
38300.056 3.3593445908791424e-08
38350.056 2.92535437344088e-08
38400.056 1.2773505662249497e-08
38450.056 6.071922837619273e-09
38500.056 4.657419983364941e-09
38550.056 1.5219753066703074e-08
38600.056 1.6399822637496396e-08
38650.056 1.7880988100707568e-08
38700.056 1.6500503562496234e-08
38750.056 1.631379033875026e-08
38800.056 1.6224685391320004e-08
38850.056 1.8829513817401697e-08
38900.056 2.3131220777107136e-08
38950.056 1.4318037528311476e-08
39000.056 2.2009904047054625e-08
39050.056 1.4179552182488752e-08
39100.056 2.0101835345373615e-08
39150.056 2.8480092869199846e-08
39200.056 2.0012143019897734e-08
39250.056 2.8681741557460724e-08
39300.056 2.1281684085568833e-08
39350.056 3.5831067459399704e-08
39400.056 2.1892080630662018e-08
39450.056 3.1129971332054566e-08
39500.056 3.365953277880133e-08
39550.056 1.6389799190852715e-08
39600.056 2.8888751592902448e-08
39650.056 4.107380109099793e-08
39700.056 3.651060863940422e-08
39750.056 1.712880967255835e-08
39800.056 1.9525051199970335e-08
39850.056 4.419795229400291e-08
39900.056 4.83387154410025e-08
39950.056 2.3372833348298853e-08
40000.056 3.888509840999938e-08
40050.056 4.203661955579899e-08
40100.056 1.517313139863841e-08
40150.056 3.7379386743202104e-08
40200.056 4.1375953722993794e-08
40250.056 4.580728133899113e-08
40300.056 4.60888230200053e-08
40350.056 2.69044186517631e-08
40400.056 3.9944940535299854e-08
40450.056 2.0349536668918374e-08
40500.056 4.573242615029862e-08
40550.056 4.9223948027386476e-08
40600.056 4.423821207300029e-08
40650.056 3.438861002906185e-08
40700.056 6.322012706299612e-08
40750.056 4.2972530566993584e-08
40800.056 2.6210077281593118e-08
40850.056 6.823003932901049e-08
40900.056 6.136169067199366e-08
40950.056 4.745430865128576e-08
41000.056 4.081972807319634e-08
41050.056 7.297445841299324e-08
41100.056 6.247829359299688e-08
41150.056 2.539444780501823e-08
41200.056 6.880292532500696e-08
41250.056 6.054132665229057e-08
41300.056 6.294635001800458e-08
41350.056 7.973623519299814e-08
41400.056 6.37032617730006e-08
41450.056 8.255623748799587e-08
41500.056 5.118598203455005e-08
41550.056 4.703731087751287e-08
41600.056 5.196860786250119e-08
41650.056 7.168530297600624e-08
41700.056 8.761214421198838e-08
41750.056 6.837565897399603e-08
41800.056 7.514253252500743e-08
41850.056 6.209211863139236e-08
41900.056 5.601580430018548e-08
41950.056 6.00395351999994e-08
42000.056 3.814647311077727e-08
42050.056 4.2228617216008636e-08
42100.056 5.54304869386955e-08
42150.056 5.332184642509851e-08
42200.056 5.655569426649537e-08
42250.056 5.0564542290706845e-08
42300.056 4.5154424049397424e-08
42350.056 6.91054689248034e-08
42400.056 7.918669873700545e-08
42450.056 7.371105605500944e-08
42500.056 7.646676030799598e-08
42550.056 6.623810396099497e-08
42600.056 6.838494113291939e-08
42650.056 9.933611889198594e-08
42700.056 5.201051208878443e-08
42750.056 6.379402258601025e-08
42800.056 9.096511749400431e-08
42850.056 9.835846054098347e-08
42900.056 1.0218032136100909e-07
42950.056 7.758946185699674e-08
43000.056 9.119311481999987e-08
43050.056 4.658901658400447e-08
43100.056 7.971152372599632e-08
43150.056 6.572223869600343e-08
43200.056 8.795948027300562e-08
43250.056 1.243197992760054e-07
43300.056 1.1118432148599979e-07
43350.056 5.8517235948990944e-08
43400.056 8.85527991820049e-08
43450.056 6.138965779300462e-08
43500.056 6.303100798500735e-08
43550.056 6.598921160640453e-08
43600.056 1.0474090936300568e-07
43650.056 5.994073288739759e-08
43700.056 1.1443610414101743e-07
43750.056 1.0754884306799454e-07
43800.056 9.35927828499952e-08
43850.056 8.557384541001073e-08
43900.056 6.829541288199463e-08
43950.056 4.869107910099571e-08
44000.056 4.572589212699917e-08
44050.056 1.0536481327100578e-07
44100.056 1.4216649963600323e-07
44150.056 1.2919187536099452e-07
44200.056 1.1840499831700294e-07
44250.056 6.613787624199544e-08
44300.056 4.800343878190545e-08
44350.056 5.5045176231207083e-08
44400.056 5.3958546529997046e-08
44450.056 9.383273336800718e-08
44500.056 8.100199348720998e-08
44550.056 1.1810575292099684e-07
44600.056 9.672596068480196e-08
44650.056 9.417261976099734e-08
44700.056 6.230097994699247e-08
44750.056 8.866577691701375e-08
44800.056 6.276621670770464e-08
44850.056 9.240273289600424e-08
44900.056 7.863967941199817e-08
44950.056 9.043884658000824e-08
45000.056 1.0651359085500173e-07
45050.056 9.695847381799165e-08
45100.056 8.89799187480056e-08
45150.056 8.033755066299382e-08
45200.056 5.7085209774004515e-08
45250.056 6.805372410998888e-08
45300.056 6.541318498300787e-08
45350.056 5.0524529917207486e-08
45400.056 1.2801823748801037e-07
45450.056 1.0824521019201104e-07
45500.056 1.2686569120400702e-07
45550.056 1.376705995569774e-07
45600.056 1.2108763782101004e-07
45650.056 1.0187813973599529e-07
45700.056 6.131153040259624e-08
45750.056 5.370160256020356e-08
45800.056 1.3330547020600585e-07
45850.056 1.094950186625011e-07
45900.056 1.3442207879999591e-07
45950.056 1.1584198248599442e-07
46000.056 1.2840123562101218e-07
46050.056 9.892853272800631e-08
46100.056 1.4828956911199177e-07
46150.056 8.665203926800039e-08
46200.056 7.165804789739082e-08
46250.056 2.8042282766727922e-08
46300.056 8.735150180000396e-08
46350.056 9.452305341801037e-08
46400.056 9.173920858300315e-08
46450.056 7.847559825999534e-08
46500.056 8.869598378601384e-08
46550.056 4.942483720989976e-08
46600.056 6.443827921315105e-08
46650.056 1.023480652290053e-07
46700.056 6.97238228409877e-08
46750.056 3.209198558410537e-08
46800.056 2.1411881126978294e-08
46850.056 9.451588342201321e-08
46900.056 1.0923992717499538e-07
46950.056 1.0584107810899347e-07
47000.056 1.0432122179300972e-07
47050.056 7.168848570027881e-08
47100.056 5.2259229149802576e-08
47150.056 8.432256762601093e-08
47200.056 9.524055406199521e-08
47250.056 4.530142295539235e-08
47300.056 3.072116416108737e-08
47350.056 1.0199918627700598e-07
47400.056 1.0051784168699439e-07
47450.056 7.01799014260081e-08
47500.056 1.164624766649972e-07
47550.056 9.695464600400347e-08
47600.056 8.675235918129053e-08
47650.056 9.533004998339617e-08
47700.056 7.288715951181293e-08
47750.056 5.2954596409000596e-08
47800.056 4.169690986500481e-08
47850.056 1.8511187151823105e-08
47900.056 3.086402385879931e-08
47950.056 8.154555655800504e-08
48000.056 1.0806721918399654e-07
48050.056 8.551153227219753e-08
48100.056 3.673591061504186e-08
48150.056 6.763025124900315e-08
48200.056 4.671271758587662e-08
48250.056 6.507979819100039e-08
48300.056 1.023223687739987e-07
48350.056 6.128312322499275e-08
48400.056 1.3616103315618413e-08
48450.056 2.9040472667890947e-08
48500.056 5.307213842798823e-08
48550.056 6.163375175266847e-08
48600.056 8.65538533270014e-08
48650.056 1.0834259583899665e-07
48700.056 7.28835638310088e-08
48750.056 4.9093648864008185e-08
48800.056 8.824838525700481e-08
48850.056 4.542538024249283e-08
48900.056 5.602095293259455e-08
48950.056 3.07444573505988e-08
49000.056 1.6838588218111587e-08
49050.056 5.511452641909359e-08
49100.056 7.265359744041165e-08
49150.056 5.5421780146529865e-08
49200.056 8.896401489400995e-08
49250.056 9.247430562900266e-08
49300.056 7.494119178299641e-08
49350.056 2.9668920318946322e-08
49400.056 4.372503892729032e-08
49450.056 3.8625171892108773e-08
49500.056 3.129821612493503e-08
49550.056 5.970484285880016e-09
49600.056 1.783684863771724e-08
49650.056 4.704036914000229e-08
49700.056 5.618080950398956e-08
49750.056 5.252245098139747e-08
49800.056 3.1096831919483414e-08
49850.056 7.009019923700814e-08
49900.056 6.587626519699772e-08
49950.056 6.061476628899867e-08
50000.056 4.317002273522269e-08
50050.056 5.262574963640344e-08
50100.056 4.3289727471997445e-08
50150.056 1.831342758088658e-08
50200.056 2.938158334971394e-09
50250.056 1.9617219977999693e-08
50300.056 1.3244836048262498e-08
50350.056 4.945181491900661e-08
50400.056 5.66338808549961e-08
50450.056 4.048701215700115e-08
50500.056 6.599369584200329e-08
50550.056 6.37236585650021e-08
50600.056 4.202228045738745e-08
50650.056 6.774864600400994e-08
50700.056 6.83571358459973e-08
50750.056 4.007141984440069e-08
50800.056 1.2611067340107632e-08
50850.056 6.243569447333087e-09
50900.056 4.347475430800317e-08
50950.056 4.3561893578996954e-08
51000.056 3.2355405284639513e-08
51050.056 4.963638462219317e-08
51100.056 1.7967062047410076e-08
51150.056 1.8383601767690004e-08
51200.056 6.146624200099911e-08
51250.056 4.5585012452592115e-08
51300.056 2.8593094912905442e-08
51350.056 2.7196646447039586e-08
51400.056 8.207143400762702e-09
51450.056 6.553883508797868e-09
51500.056 5.932717269618383e-09
51550.056 2.5224773692304403e-08
51600.056 2.433126322310391e-08
51650.056 3.32309351021985e-08
51700.056 3.2704001251157455e-08
51750.056 2.22022952804543e-08
51800.056 4.342707144799555e-08
51850.056 3.3560147138298406e-08
51900.056 3.907874794900138e-08
51950.056 2.083667569659697e-08
52000.056 1.8052894511942618e-09
52050.056 1.0572103834201273e-08
52100.056 5.685028076868874e-09
52150.056 3.161445785796959e-09
52200.056 1.1789051371699579e-08
52250.056 2.067429335720395e-08
52300.056 2.659363003299832e-08
52350.056 6.834711898625407e-09
52400.056 7.591052667971921e-09
52450.056 3.145176478100365e-08
52500.056 2.380501259760492e-08
52550.056 2.916560742499805e-08
52600.056 2.2490191722801606e-08
52650.056 2.7497398884101345e-08
52700.056 1.7007875551999476e-08
52750.056 6.2264559046939526e-09
52800.056 1.1854191588702185e-08
52850.056 1.4638597005596294e-08
52900.056 5.36174317106333e-09
52950.056 9.582789596501476e-09
53000.056 1.9805321211601636e-08
53050.056 6.970561580486517e-09
53100.056 2.6978394167001087e-08
53150.056 2.8265057181000615e-08
53200.056 1.1212317300909396e-08
53250.056 2.3958230244100425e-08
53300.056 2.7620309200697146e-08
53350.056 2.2446622839000194e-08
53400.056 1.4258163892398086e-08
53450.056 4.089769098418583e-09
53500.056 7.01615972800742e-10
53550.056 1.869634226704002e-09
53600.056 9.735261239733883e-09
