galfind/configs/Brown_Dwarf_templates/sonora_bobcat/m0.0/562g/sp_t1400g562nc_m0.0_resample.dat
# %ECSV 1.0
# ---
# datatype:
# - {name: wav, unit: Angstrom, datatype: float64}
# - {name: flux_nu, unit: erg / (cm2 Hz s), datatype: float64}
# meta: {C/O: '1.00', Kzz: '1.0000E+05', Teff: '1400.', Y: '0.28', '[Fe/H]': '0.00', f_hole: '1.00', f_rain: '0.00', grav: '562.'}
# schema: astropy-2.0
wav flux_nu
4000.0559999999996 nan
4050.0559999999996 3.8807414988656175e-11
4100.056 2.804705974059763e-10
4150.056 3.8283993596203293e-10
4200.056 3.295560485432297e-10
4250.056 3.979180337320212e-10
4300.056 4.0791467255206417e-10
4350.056 4.397882690390207e-10
4400.056 5.299565684000496e-10
4450.056 5.101178596600118e-10
4500.056 5.071713379200296e-10
4550.056 6.12676068554534e-10
4600.056 6.451626284319989e-10
4650.056 6.126278473999469e-10
4700.056 6.989646419000194e-10
4750.056 6.142269031999815e-10
4800.056 3.1778635102401555e-10
4850.056 2.0507463060999917e-10
4900.056 1.417915168629989e-10
4950.056 7.376556250599954e-11
5000.056 2.6371894843999453e-11
5050.056 1.0903453825299999e-11
5100.056 9.114370360200018e-12
5150.056 8.132463316700092e-12
5200.056 7.297490148499924e-12
5250.056 6.276266099099992e-12
5300.056 5.28446662969999e-12
5350.056 4.467722518199993e-12
5400.056 3.792338381099992e-12
5450.056 3.1954652063999937e-12
5500.056 2.6543140324999946e-12
5550.056 2.1742637430999948e-12
5600.056 1.7386173547999948e-12
5650.056 1.3352046961999954e-12
5700.056 9.684802154199957e-13
5750.056 6.461205178199962e-13
5800.056 3.8465543310999673e-13
5850.056 1.8618946862399716e-13
5900.056 5.002695099437086e-14
5950.056 4.0379343523000764e-13
6000.056 1.2911546928500177e-12
6050.056 3.368731129400041e-12
6100.056 7.45894279540008e-12
6150.056 1.4881161501000135e-11
6200.056 2.7324023752000207e-11
6250.056 4.7097273836000355e-11
6300.056 7.772246832500056e-11
6350.056 1.2342569448800085e-10
6400.056 1.891599386700012e-10
6450.056 2.811474437200013e-10
6500.056 4.08627108440002e-10
6550.056 5.849907465400027e-10
6600.056 8.247658657600057e-10
6650.056 1.1276489101300076e-09
6700.056 9.713234750744121e-10
6750.056 1.914944707700015e-09
6800.056 2.518881784800019e-09
6850.056 2.8229258342000064e-09
6900.056 2.7029420382999935e-09
6950.056 2.469244716299989e-09
7000.056 2.4634973748000026e-09
7050.056 2.6702940629000024e-09
7100.056 2.9122907899000006e-09
7150.056 3.081617657899987e-09
7200.056 3.1694621131000194e-09
7250.056 3.06338433229997e-09
7300.056 2.793190246100001e-09
7350.056 2.4588088868999863e-09
7400.056 2.1279527067000032e-09
7450.056 1.7869141891999987e-09
7500.056 1.431465671099992e-09
7550.056 1.0715945769999929e-09
7600.056 6.93731387499991e-10
7650.056 1.0762022547416135e-10
7700.056 4.369234104747524e-11
7750.056 4.885417341200131e-10
7800.056 1.0828468435076205e-09
7850.056 2.3247661982000228e-09
7900.056 3.6114279465000284e-09
7950.056 4.2054891748668465e-09
8000.056 7.334295607300046e-09
8050.056 9.91471036170003e-09
8100.056 1.2929242930600024e-08
8150.056 1.656312279480006e-08
8200.056 1.972356433300033e-08
8250.056 2.5971827550000344e-08
8300.056 3.17230079280011e-08
8350.056 3.821576712499978e-08
8400.056 4.5456852214999277e-08
8450.056 5.2165670954999426e-08
8500.056 5.3638581526102424e-08
8550.056 6.59797361340021e-08
8600.056 7.392831130799945e-08
8650.056 7.122761103599596e-08
8700.056 7.76536961329913e-08
8750.056 8.828873269000364e-08
8800.056 1.0628527219500359e-07
8850.056 1.2053423211799514e-07
8900.056 1.3031274428800042e-07
8950.056 1.2262967937295534e-07
9000.056 1.6564029121599622e-07
9050.056 1.7880593043200584e-07
9100.056 2.0455107762800161e-07
9150.056 2.2524347718500397e-07
9200.056 2.4571129357298393e-07
9250.056 2.423056157109835e-07
9300.056 1.8013389632242556e-07
9350.056 2.1248479624767647e-07
9400.056 2.5864722419108533e-07
9450.056 2.837298048489434e-07
9500.056 2.992997939050416e-07
9550.056 3.230006095510407e-07
9600.056 3.2236664142392346e-07
9650.056 3.5107266595939654e-07
9700.056 3.932035832690666e-07
9750.056 3.919039286334969e-07
9800.056 4.24196712236157e-07
9850.056 4.4787239552300013e-07
9900.056 3.565592772799803e-07
9950.056 3.0601164142999527e-07
10000.056 2.7161677557998844e-07
10050.056 3.279398968299987e-07
10100.056 3.8775198004000383e-07
10150.056 4.012755711899663e-07
10200.056 4.4198852009998915e-07
10250.056 4.693607303999894e-07
10300.056 4.730525378000027e-07
10350.056 5.401863434300179e-07
10400.056 5.961650418999857e-07
10450.056 6.143884572900189e-07
10500.056 6.060107002399892e-07
10550.056 6.192425010100182e-07
10600.056 6.599559957299979e-07
10650.056 7.022222606900287e-07
10700.056 7.464056989400283e-07
10750.056 8.096568808100236e-07
10800.056 8.713942852399954e-07
10850.056 9.5633480417997e-07
10900.056 9.30902612839982e-07
10950.056 8.203905611689798e-07
11000.056 7.593940428869528e-07
11050.056 6.608651805991807e-07
11100.056 6.220220374959518e-07
11150.056 5.920845000046142e-07
11200.056 6.154777653498154e-07
11250.056 7.472026435968245e-07
11300.056 7.142720696642625e-07
11350.056 5.180346718517611e-07
11400.056 5.312920589038468e-07
11450.056 6.6258600199875e-07
11500.056 8.175289899917198e-07
11550.056 7.025881261196986e-07
11600.056 7.472880568282119e-07
11650.056 7.396399637494838e-07
11700.056 5.260670054625316e-07
11750.056 5.245671018596721e-07
11800.056 5.936860957186189e-07
11850.056 8.798329116030172e-07
11900.056 9.985427067398794e-07
11950.056 1.0157482978220061e-06
12000.056 9.648105977800158e-07
12050.056 1.1500923962300708e-06
12100.056 1.1807477962999514e-06
12150.056 1.364221817799944e-06
12200.056 1.3872220793998542e-06
12250.056 1.5238586941199276e-06
12300.056 1.6203986284600806e-06
12350.056 1.6000515519600056e-06
12400.056 1.4638658934999662e-06
12450.056 1.2870445917200233e-06
12500.056 1.351476462689953e-06
12550.056 1.407964458280088e-06
12600.056 1.792491262800027e-06
12650.056 1.8135441674999742e-06
12700.056 1.9721929963501485e-06
12750.056 1.9306266021999814e-06
12800.056 2.014999490690053e-06
12850.056 1.8898655038999897e-06
12900.056 1.7622563468600007e-06
12950.056 1.807330236179961e-06
13000.056 1.8615197958398522e-06
13050.056 1.9084777952149503e-06
13100.056 1.9033361374659303e-06
13150.056 1.8130345870379175e-06
13200.056 1.6993115632999758e-06
13250.056 1.4559004827202156e-06
13300.056 1.042999175188439e-06
13350.056 4.313053212319668e-07
13400.056 3.069994959327577e-07
13450.056 2.3212749227340414e-07
13500.056 1.9500441174475396e-07
13550.056 1.6653787334242397e-07
13600.056 1.4874241596878138e-07
13650.056 2.225376096136572e-07
13700.056 1.8650506057019777e-07
13750.056 2.0394630446245223e-07
13800.056 2.523192857088065e-07
13850.056 2.253592533947159e-07
13900.056 2.2587551887650758e-07
13950.056 2.1019244880580972e-07
14000.056 1.947065410417422e-07
14050.056 2.092862758462614e-07
14100.056 1.7160477487847424e-07
14150.056 2.0552944466805249e-07
14200.056 1.747232517174787e-07
14250.056 1.7119918561798344e-07
14300.056 2.0871499455477847e-07
14350.056 2.0959163652215795e-07
14400.056 2.2423766005791748e-07
14450.056 2.3779889688774187e-07
14500.056 3.107644092872698e-07
14550.056 3.2393715032298167e-07
14600.056 3.8101216628311453e-07
14650.056 3.801787904341553e-07
14700.056 3.3670696186398646e-07
14750.056 3.8246170410732615e-07
14800.056 4.3370334699573174e-07
14850.056 4.762531566797226e-07
14900.056 4.663296766500816e-07
14950.056 4.930242451490697e-07
15000.056 5.235805669637685e-07
15050.056 6.12572193337491e-07
15100.056 6.349562569810269e-07
15150.056 6.981579143738536e-07
15200.056 7.105787461759238e-07
15250.056 7.824446608899896e-07
15300.056 8.427393204379474e-07
15350.056 9.21367345031963e-07
15400.056 9.949144196500267e-07
15450.056 1.0671886793400565e-06
15500.056 1.112862430829981e-06
15550.056 1.2137839286999066e-06
15600.056 1.2116868271800567e-06
15650.056 1.287346231060077e-06
15700.056 1.4234313863202167e-06
15750.056 1.5020440736999388e-06
15800.056 1.4854450778201317e-06
15850.056 1.4981100854700041e-06
15900.056 1.524178191970068e-06
15950.056 1.5568403282198972e-06
16000.056 1.5476364292699946e-06
16050.056 1.5104913687200136e-06
16100.056 1.4895460481799802e-06
16150.056 1.3835963860800025e-06
16200.056 1.3390237135598025e-06
16250.056 1.3139247751299001e-06
16300.056 1.2830556388539833e-06
16350.056 1.3511510640970139e-06
16400.056 1.4010663911561024e-06
16450.056 1.4481542715500488e-06
16500.056 1.5114543314671028e-06
16550.056 1.515258131550007e-06
16600.056 1.4632197173001623e-06
16650.056 1.389407991451009e-06
16700.056 1.208790559380025e-06
16750.056 1.2746039467099557e-06
16800.056 1.4313820971599951e-06
16850.056 1.4140591903299298e-06
16900.056 1.3665200065300073e-06
16950.056 1.3031899628399648e-06
17000.056 1.2444457752401906e-06
17050.056 1.3220451330100523e-06
17100.056 1.2695627200301008e-06
17150.056 1.170609803067936e-06
17200.056 1.1380940233798585e-06
17250.056 1.0422040836458464e-06
17300.056 9.835336483529759e-07
17350.056 9.105185654199973e-07
17400.056 9.005379638409701e-07
17450.056 8.083434115597389e-07
17500.056 8.092641164109457e-07
17550.056 7.576999293936971e-07
17600.056 7.228435544956175e-07
17650.056 7.181846799874994e-07
17700.056 5.776586399291759e-07
17750.056 5.3087908910958e-07
17800.056 5.781483178108942e-07
17850.056 4.592127322436316e-07
17900.056 4.963300917959053e-07
17950.056 4.479442904036875e-07
18000.056 4.339190199029991e-07
18050.056 4.1632170204804227e-07
18100.056 4.0857287843927835e-07
18150.056 4.839117595751123e-07
18200.056 3.5248461951914254e-07
18250.056 5.08894384725251e-07
18300.056 4.3656564096901057e-07
18350.056 4.0284450865495194e-07
18400.056 3.9349256403339946e-07
18450.056 3.684091429423234e-07
18500.056 3.953350157808631e-07
18550.056 3.513201775932407e-07
18600.056 2.967871481300912e-07
18650.056 3.2234798117983977e-07
18700.056 3.5347129190987186e-07
18750.056 3.656856205673615e-07
18800.056 4.341880931241977e-07
18850.056 4.98558900761691e-07
18900.056 4.757058391486745e-07
18950.056 5.648565096102069e-07
19000.056 5.362143618319596e-07
19050.056 4.875745453616557e-07
19100.056 5.887816031270449e-07
19150.056 5.463892780556786e-07
19200.056 5.775205416355375e-07
19250.056 5.144378734551991e-07
19300.056 5.315627855391276e-07
19350.056 4.868284697132575e-07
19400.056 3.841354037317444e-07
19450.056 5.131834450607773e-07
19500.056 5.170694685954644e-07
19550.056 4.1128618479229604e-07
19600.056 4.851680585965956e-07
19650.056 5.150088173707167e-07
19700.056 5.165743619490478e-07
19750.056 4.905283199417528e-07
19800.056 5.318425928947443e-07
19850.056 5.88094870940081e-07
19900.056 4.912109709394606e-07
19950.056 6.273680182969928e-07
20000.056 5.610255181080365e-07
20050.056 6.315881338550954e-07
20100.056 6.394737044357341e-07
20150.056 6.77587828805074e-07
20200.056 7.155032893099616e-07
20250.056 7.607386106618961e-07
20300.056 7.566621583170698e-07
20350.056 8.274705569519076e-07
20400.056 8.240670899257405e-07
20450.056 8.77065469119829e-07
20500.056 9.157717945949307e-07
20550.056 9.187084348900051e-07
20600.056 1.008677370250105e-06
20650.056 9.922319441101059e-07
20700.056 1.0332095946101066e-06
20750.056 1.0527003867599465e-06
20800.056 1.0997467370799816e-06
20850.056 1.0780264015099666e-06
20900.056 1.1377886370398621e-06
20950.056 1.1374989764599738e-06
21000.056 1.160970942770029e-06
21050.056 1.1655098984299897e-06
21100.056 1.1579336464100057e-06
21150.056 1.196484022039912e-06
21200.056 1.1676211580800172e-06
21250.056 1.1956552646599056e-06
21300.056 1.1387051954899456e-06
21350.056 1.1770204809600185e-06
21400.056 1.1328507199101566e-06
21450.056 1.1614635674900012e-06
21500.056 1.1109388351900958e-06
21550.056 1.0979318790600225e-06
21600.056 1.0759827286901057e-06
21650.056 1.0396703642200209e-06
21700.056 1.0508576052600108e-06
21750.056 9.810097750900144e-07
21800.056 9.393046900498366e-07
21850.056 8.948743774900294e-07
21900.056 8.361305952499878e-07
21950.056 7.192633875700748e-07
22000.056 5.622870100010519e-07
22050.056 4.687422597668487e-07
22100.056 5.236137738551315e-07
22150.056 5.820929811400018e-07
22200.056 5.944122244749865e-07
22250.056 6.014448068641668e-07
22300.056 5.581348039519772e-07
22350.056 5.342794336280673e-07
22400.056 4.90624450561981e-07
22450.056 4.5182445784594806e-07
22500.056 4.6065236002412686e-07
22550.056 4.20853502451895e-07
22600.056 4.3085445249511556e-07
22650.056 4.180264043920425e-07
22700.056 3.942161404890106e-07
22750.056 4.002666580740602e-07
22800.056 3.733227795079415e-07
22850.056 3.476106527550492e-07
22900.056 3.389550392829299e-07
22950.056 2.8827811645296345e-07
23000.056 3.2117786137301096e-07
23050.056 3.7879067413993654e-07
23100.056 4.3302213452303846e-07
23150.056 4.4392210847399693e-07
23200.056 2.8622066893100813e-07
23250.056 2.815477297720283e-07
23300.056 2.492710524830765e-07
23350.056 2.4437265950700133e-07
23400.056 2.507831030370486e-07
23450.056 2.621019816670359e-07
23500.056 2.809681019640633e-07
23550.056 3.1139375195005294e-07
23600.056 3.3069012920197114e-07
23650.056 3.730471624609512e-07
23700.056 2.930292490190447e-07
23750.056 2.781969396680345e-07
23800.056 2.582439080499959e-07
23850.056 2.724865610180197e-07
23900.056 3.411008675520374e-07
23950.056 3.69755573588066e-07
24000.056 3.8784335839387944e-07
24050.056 4.152296740290175e-07
24100.056 3.860797066049384e-07
24150.056 4.041289815041502e-07
24200.056 4.159138811229163e-07
24250.056 3.928615746020277e-07
24300.056 4.137914798230544e-07
24350.056 3.6543796681095316e-07
24400.056 4.2832397111809595e-07
24450.056 3.8823879998285894e-07
24500.056 3.9082731667996376e-07
24550.056 4.000760862191178e-07
24600.056 4.141207214510474e-07
24650.056 4.658919951000452e-07
24700.056 3.7556722333491593e-07
24750.056 3.789954857930663e-07
24800.056 3.828086108540443e-07
24850.056 4.6090898751104965e-07
24900.056 3.31829023322169e-07
24950.056 4.4993011380502953e-07
25000.056 4.111178795790907e-07
25050.056 3.211934308552641e-07
25100.056 3.97177897925975e-07
25150.056 3.3085073083866053e-07
25200.056 3.7221920266743835e-07
25250.056 3.2298547867055603e-07
25300.056 3.82184641874025e-07
25350.056 3.0019723941290113e-07
25400.056 3.797441462370883e-07
25450.056 3.024134954151707e-07
25500.056 3.213155640715678e-07
25550.056 3.137316261149844e-07
25600.056 3.216423184847706e-07
25650.056 2.6992545963699776e-07
25700.056 3.8431207031035935e-07
25750.056 2.519061812584742e-07
25800.056 3.788623523950645e-07
25850.056 2.880471426250662e-07
25900.056 3.523952138971087e-07
25950.056 2.720731608436283e-07
26000.056 3.9124003554315524e-07
26050.056 3.5858849797696614e-07
26100.056 4.0766276694099454e-07
26150.056 3.753254430605625e-07
26200.056 3.754806056473063e-07
26250.056 4.291115872109456e-07
26300.056 3.8588688364203006e-07
26350.056 4.655229509839632e-07
26400.056 4.6718248713794636e-07
26450.056 4.6275278246505017e-07
26500.056 4.922321424458723e-07
26550.056 4.1464273124889615e-07
26600.056 5.247168435819328e-07
26650.056 3.595160147399376e-07
26700.056 3.634851490330233e-07
26750.056 2.879223792408696e-07
26800.056 3.6096655456394165e-07
26850.056 2.6325093855800767e-07
26900.056 3.8958401333901877e-07
26950.056 2.584317098619431e-07
27000.056 3.9280593748807554e-07
27050.056 3.3179975802200397e-07
27100.056 3.2241938985492936e-07
27150.056 3.8441855043402395e-07
27200.056 3.479338979740518e-07
27250.056 3.452384562861123e-07
27300.056 4.7244368878904523e-07
27350.056 4.2036744307889306e-07
27400.056 2.926063961049638e-07
27450.056 4.988422429168814e-07
27500.056 4.6170885619095e-07
27550.056 3.614754363219253e-07
27600.056 4.937960972969633e-07
27650.056 3.4107974449698277e-07
27700.056 3.141813683020169e-07
27750.056 4.941693430128972e-07
27800.056 3.2521732543198265e-07
27850.056 3.618492215578662e-07
27900.056 3.828333955050261e-07
27950.056 4.90273545591988e-07
28000.056 4.32975991613071e-07
28050.056 2.8622307312406794e-07
28100.056 5.178919907791031e-07
28150.056 3.801319479730441e-07
28200.056 2.9570021809100933e-07
28250.056 4.663931510359917e-07
28300.056 5.46117278639074e-07
28350.056 3.378761660619182e-07
28400.056 4.143332741229807e-07
28450.056 4.739565581499049e-07
28500.056 4.373843021229103e-07
28550.056 2.7519720359691915e-07
28600.056 5.2609051812096e-07
28650.056 4.7044087362498867e-07
28700.056 4.2148264079894486e-07
28750.056 4.990542400120109e-07
28800.056 4.672081860781078e-07
28850.056 5.059230203760421e-07
