galfind/configs/Brown_Dwarf_templates/sonora_bobcat/m0.0/562g/sp_t350g562nc_m0.0_resample.dat
# %ECSV 1.0
# ---
# datatype:
# - {name: wav, unit: Angstrom, datatype: float64}
# - {name: flux_nu, unit: erg / (cm2 Hz s), datatype: float64}
# meta: {C/O: '1.00', Kzz: '1.0000E+05', Teff: '350.', Y: '0.28', '[Fe/H]': '0.00', f_hole: '1.00', f_rain: '0.00', grav: '562.'}
# schema: astropy-2.0
wav flux_nu
4000.0559999999996 nan
4050.0559999999996 2.093879622205051e-18
4100.056 9.610445656500157e-17
4150.056 6.189669519100057e-16
4200.056 7.709497310190046e-16
4250.056 4.6929046825000384e-15
4300.056 1.067050359260005e-14
4350.056 1.990522235100008e-14
4400.056 3.4025885058000124e-14
4450.056 5.5033151997000183e-14
4500.056 8.636464210800029e-14
4550.056 1.0587808513399977e-13
4600.056 5.772657806499991e-14
4650.056 4.342843258899986e-14
4700.056 2.8102789882999872e-14
4750.056 1.5927529469999927e-14
4800.056 9.998672736199958e-15
4850.056 5.8208948510999684e-15
4900.056 3.7670323686999876e-15
4950.056 2.596787312599991e-15
5000.056 1.5750155557999918e-15
5050.056 1.07389975607e-15
5100.056 1.1306533131300036e-15
5150.056 1.2663485459000006e-15
5200.056 1.422134590800002e-15
5250.056 1.5613574908000016e-15
5300.056 1.7173827442000024e-15
5350.056 1.902483305300002e-15
5400.056 2.0849300161000024e-15
5450.056 2.3220815629000055e-15
5500.056 2.6020243916000032e-15
5550.056 2.905106366700003e-15
5600.056 3.1886912696000037e-15
5650.056 3.418279765800001e-15
5700.056 3.472852449400003e-15
5750.056 3.4649846263999987e-15
5800.056 3.149934274199992e-15
5850.056 2.225751127809975e-15
5900.056 6.859582487786304e-16
5950.056 4.2361494376000825e-15
6000.056 8.979908971600044e-15
6050.056 1.628519315700012e-14
6100.056 2.6574117924000188e-14
6150.056 4.053137553500023e-14
6200.056 5.932314504600029e-14
6250.056 8.226889325300027e-14
6300.056 1.1569662357600042e-13
6350.056 1.6028603593000052e-13
6400.056 2.1830816460000092e-13
6450.056 2.6279235650999894e-13
6500.056 3.4831355592000354e-13
6550.056 4.809747080399965e-13
6600.056 6.631858037100084e-13
6650.056 9.381272175300061e-13
6700.056 1.222729389120006e-12
6750.056 1.6931195779000077e-12
6800.056 1.9879916881000045e-12
6850.056 1.966465022199997e-12
6900.056 1.5047122785999915e-12
6950.056 1.0527998434100068e-12
7000.056 1.154806346799982e-12
7050.056 1.1745338025299994e-12
7100.056 1.3207079831099943e-12
7150.056 1.0068207728569725e-12
7200.056 7.305987512509894e-13
7250.056 8.240919166189616e-13
7300.056 8.448356752560444e-13
7350.056 1.1198032564799994e-12
7400.056 1.424270992520017e-12
7450.056 1.863010915300031e-12
7500.056 2.236407332200004e-12
7550.056 2.503089021100003e-12
7600.056 2.6081689682999986e-12
7650.056 1.4570484903999725e-12
7700.056 1.4401125008400284e-12
7750.056 3.1006789903000273e-12
7800.056 3.90079417730002e-12
7850.056 4.879026850599973e-12
7900.056 5.87781860130001e-12
7950.056 6.681161163100016e-12
8000.056 8.301778978400034e-12
8050.056 9.67675539890006e-12
8100.056 7.296651482599787e-12
8150.056 4.899068674192293e-12
8200.056 1.016212834336017e-11
8250.056 1.0808301851293946e-11
8300.056 1.2152910381109878e-11
8350.056 1.4469414662889966e-11
8400.056 1.9183950441200333e-11
8450.056 2.830627995500013e-11
8500.056 3.552693788399998e-11
8550.056 4.5300002213000664e-11
8600.056 5.6148010780000385e-11
8650.056 6.497766549700034e-11
8700.056 6.891803666300033e-11
8750.056 7.566010118700037e-11
8800.056 7.737313703899975e-11
8850.056 6.603738075899813e-11
8900.056 1.6257137312498727e-11
8950.056 9.187045259483406e-12
9000.056 9.1822766478279e-12
9050.056 3.858433321476003e-11
9100.056 4.2977211086322807e-11
9150.056 5.2346144457587186e-11
9200.056 8.712921673154672e-11
9250.056 6.678033707522531e-11
9300.056 7.230672569465765e-13
9350.056 1.232060942052892e-12
9400.056 1.3459787275019515e-11
9450.056 6.7789226385171675e-12
9500.056 5.626901094765975e-12
9550.056 5.270410790586749e-12
9600.056 8.012069280860566e-12
9650.056 1.828353650660818e-11
9700.056 7.111180061389373e-11
9750.056 6.213518729788892e-11
9800.056 8.244977461567716e-11
9850.056 1.1255315108809818e-10
9900.056 1.7115178249500885e-10
9950.056 1.9284306875000638e-10
10000.056 1.6846597257032466e-10
10050.056 1.985639305199981e-10
10100.056 1.8436980245000014e-10
10150.056 1.2413101764399754e-10
10200.056 6.267823851100344e-11
10250.056 7.906745050410071e-11
10300.056 1.2899948058559288e-10
10350.056 6.997034711770341e-11
10400.056 1.3893112302500434e-10
10450.056 1.9462504066598538e-10
10500.056 2.542373873280026e-10
10550.056 3.3752626304000255e-10
10600.056 3.77689465220003e-10
10650.056 3.752373013999994e-10
10700.056 3.282410100299983e-10
10750.056 3.1326988629999596e-10
10800.056 2.8675222626200336e-10
10850.056 2.489101383850006e-10
10900.056 1.9770842574199434e-10
10950.056 1.0930323955699884e-10
11000.056 5.520989630379378e-11
11050.056 2.0926002051658552e-11
11100.056 6.718352715505983e-12
11150.056 1.6967206488909491e-12
11200.056 9.87553539404499e-13
11250.056 1.2356489186794236e-12
11300.056 2.699529457335321e-12
11350.056 6.325873681484989e-13
11400.056 5.920949011917277e-12
11450.056 2.3502232640146823e-12
11500.056 2.59951238772083e-12
11550.056 5.839812023251184e-13
11600.056 1.9733413554364254e-13
11650.056 1.3756265787955125e-12
11700.056 2.1996028216211e-12
11750.056 7.698969658768161e-13
11800.056 4.524914413241874e-12
11850.056 5.52505495531716e-12
11900.056 6.382457890659918e-12
11950.056 9.50291822790059e-12
12000.056 1.3661331047301516e-11
12050.056 2.1095469619800444e-11
12100.056 2.4368106781398693e-11
12150.056 3.459333286850068e-11
12200.056 3.946129431520014e-11
12250.056 6.451246520537943e-11
12300.056 1.1209682185170614e-10
12350.056 1.4125915352800227e-10
12400.056 2.2077636317799977e-10
12450.056 3.4383950408000594e-10
12500.056 4.1778342700000323e-10
12550.056 4.762035134500073e-10
12600.056 6.720007599200259e-10
12650.056 9.342465723900044e-10
12700.056 1.0324573255499946e-09
12750.056 7.508753658400071e-10
12800.056 4.981342069199804e-10
12850.056 2.7161636223998825e-10
12900.056 1.8801428955770437e-10
12950.056 1.4456080376830528e-10
13000.056 1.658285544570179e-10
13050.056 9.916874243835753e-11
13100.056 1.0259502069452051e-10
13150.056 5.104606231416515e-11
13200.056 6.039092964934942e-11
13250.056 5.616368825136772e-11
13300.056 1.7770462935341214e-11
13350.056 7.856138152311675e-12
13400.056 1.577818239463119e-12
13450.056 2.3596386118097226e-13
13500.056 4.5543484961457586e-14
13550.056 5.182118559478649e-15
13600.056 7.377014637425597e-16
13650.056 7.82148642806955e-15
13700.056 3.2154335113063284e-15
13750.056 2.8083232670934925e-14
13800.056 2.8292770131592426e-14
13850.056 6.041143852275422e-15
13900.056 1.8904174758723295e-14
13950.056 1.4729180159769063e-14
14000.056 3.334683497510206e-14
14050.056 4.3089762057285654e-14
14100.056 3.9314657999054483e-14
14150.056 1.5100678954041144e-13
14200.056 1.0102393898914701e-13
14250.056 1.7717414007053018e-13
14300.056 8.317705164654422e-13
14350.056 5.688415723778001e-13
14400.056 5.505631978255049e-13
14450.056 1.4835056754641486e-12
14500.056 3.731799532324325e-12
14550.056 4.952697642601347e-12
14600.056 9.300242648705289e-12
14650.056 2.7994056013162075e-12
14700.056 1.0733231471651451e-12
14750.056 4.07863216983988e-13
14800.056 4.4263730904085824e-13
14850.056 4.686511253524019e-13
14900.056 4.280436743515505e-13
14950.056 2.589911208549813e-13
15000.056 1.107439010869134e-12
15050.056 1.588938082281808e-12
15100.056 5.105272246755545e-13
15150.056 1.5429085666976342e-13
15200.056 9.634682260016498e-13
15250.056 2.3117595915578476e-12
15300.056 3.611816567657378e-12
15350.056 4.8119485168353334e-12
15400.056 5.982107826342979e-12
15450.056 9.636342248983224e-12
15500.056 1.4627245299387836e-11
15550.056 3.5493447486268674e-11
15600.056 7.081473428429261e-11
15650.056 1.480458438680204e-10
15700.056 2.8468601751401044e-10
15750.056 3.9278784944001003e-10
15800.056 5.239651458600027e-10
15850.056 6.858895225800416e-10
15900.056 7.745250424899968e-10
15950.056 8.994134319599982e-10
16000.056 8.006051336599984e-10
16050.056 5.575196165799769e-10
16100.056 3.1455352109199817e-10
16150.056 1.4990762642628532e-10
16200.056 5.4082634661863175e-11
16250.056 2.4414028880195114e-11
16300.056 1.1507492707332747e-11
16350.056 1.3552121660435251e-11
16400.056 1.5446667685504162e-11
16450.056 1.7422842083456422e-11
16500.056 1.2401258386173396e-11
16550.056 1.3821363662087737e-11
16600.056 3.996063147954061e-11
16650.056 2.110885959839313e-11
16700.056 2.97854117366486e-12
16750.056 1.2840416545200036e-11
16800.056 2.0158754176689245e-11
16850.056 2.0442585741707806e-11
16900.056 7.260793031402208e-12
16950.056 4.635683856045326e-12
17000.056 1.954376308764527e-12
17050.056 4.325062533849598e-12
17100.056 1.0137996760166512e-11
17150.056 5.7519634383341495e-12
17200.056 2.289902548506689e-11
17250.056 6.255491517995994e-12
17300.056 4.691237017150946e-12
17350.056 6.8596998816306635e-12
17400.056 1.4532655631768571e-11
17450.056 1.8860428326988097e-11
17500.056 2.8887442270213145e-11
17550.056 2.2938027697506308e-11
17600.056 2.0747814054164243e-11
17650.056 1.2544276010768262e-11
17700.056 1.1021636649548573e-11
17750.056 7.715030795354131e-12
17800.056 1.79426006562385e-11
17850.056 7.313322673772195e-12
17900.056 4.449500908158633e-12
17950.056 2.6086757594952754e-12
18000.056 5.517632846963911e-12
18050.056 1.992980381917703e-12
18100.056 2.258967007973365e-12
18150.056 1.257491006895006e-12
18200.056 8.644592083726439e-13
18250.056 4.293045929880944e-12
18300.056 3.392864993912071e-13
18350.056 3.112211993498711e-13
18400.056 1.4188564281439943e-13
18450.056 1.863208531623685e-12
18500.056 1.7135505446175487e-12
18550.056 5.791959848887825e-13
18600.056 1.2105575429513875e-12
18650.056 7.817637868654172e-13
18700.056 5.327817916391361e-14
18750.056 1.4078228011934436e-13
18800.056 3.6269114484541044e-12
18850.056 2.927913468087595e-12
18900.056 3.4049930498849857e-12
18950.056 5.003141871541761e-12
19000.056 6.118810534416595e-13
19050.056 2.4012880077059974e-13
19100.056 1.0579091227891793e-12
19150.056 3.618368809674669e-13
19200.056 9.622815935680099e-13
19250.056 6.243725828862426e-13
19300.056 3.117234219304514e-13
19350.056 3.5138104635000614e-13
19400.056 2.292644352460876e-13
19450.056 3.298212152336e-13
19500.056 2.8943701304241775e-13
19550.056 7.461879179439176e-13
19600.056 1.7176359600795139e-12
19650.056 1.2095058519081397e-12
19700.056 2.0694502091174932e-12
19750.056 2.8410985260605256e-12
19800.056 1.5914148659408861e-12
19850.056 2.064487755973938e-12
19900.056 3.6462318351691575e-12
19950.056 4.86468546957932e-12
20000.056 5.848867726748232e-12
20050.056 4.1069475283702074e-12
20100.056 6.844121911505915e-12
20150.056 4.513076682866748e-12
20200.056 2.8085976521054976e-12
20250.056 6.547520927889249e-12
20300.056 8.033862590081375e-12
20350.056 8.514594099106807e-12
20400.056 7.760718748139389e-12
20450.056 1.360356324874346e-11
20500.056 1.4799345090500096e-11
20550.056 1.603396194599957e-11
20600.056 1.7212689536202548e-11
20650.056 1.9079093162098168e-11
20700.056 2.0215799006499695e-11
20750.056 2.0629261979399608e-11
20800.056 1.961327251089815e-11
20850.056 2.12449245720002e-11
20900.056 2.118631419299975e-11
20950.056 2.025611704000025e-11
21000.056 1.9496070888000043e-11
21050.056 2.0041827744999738e-11
21100.056 1.9521350631000046e-11
21150.056 1.9582579580999837e-11
21200.056 1.925865767240054e-11
21250.056 1.9041155133798953e-11
21300.056 1.7865521072700198e-11
21350.056 1.7617436144899205e-11
21400.056 1.8562177303801384e-11
21450.056 1.576137243356072e-11
21500.056 1.450090941657537e-11
21550.056 1.4304469065044842e-11
21600.056 1.305568182596884e-11
21650.056 1.054334702979027e-11
21700.056 9.719130122915454e-12
21750.056 9.492753540471412e-12
21800.056 6.630663022265263e-12
21850.056 6.101107568029608e-12
21900.056 4.489723391334897e-12
21950.056 1.8819741997415985e-12
22000.056 1.5906118063517386e-13
22050.056 3.760931193963464e-13
22100.056 1.4733549278135464e-12
22150.056 8.891368302021607e-13
22200.056 8.218800748535865e-13
22250.056 6.669312647119368e-13
22300.056 2.442584916195654e-13
22350.056 3.998379654766592e-13
22400.056 1.1548314387332673e-13
22450.056 2.4377029729804316e-13
22500.056 1.684885029622532e-13
22550.056 6.51536111538606e-14
22600.056 4.742379975104048e-14
22650.056 8.234953872820842e-14
22700.056 9.601001056785474e-14
22750.056 1.9621913005041797e-13
22800.056 2.4645548479545045e-13
22850.056 1.4643242271661404e-13
22900.056 9.428949472295996e-14
22950.056 6.164886231571911e-14
23000.056 7.739738998043127e-14
23050.056 7.241700027917931e-14
23100.056 1.1565234128655928e-12
23150.056 1.0884639980136171e-12
23200.056 2.2723313225221795e-14
23250.056 1.921996988673944e-13
23300.056 1.3406811814239263e-13
23350.056 1.877786805456229e-13
23400.056 1.385076855121629e-13
23450.056 5.925639138242266e-14
23500.056 6.28638627649079e-14
23550.056 1.9372404600127255e-13
23600.056 5.939019692844426e-13
23650.056 7.393737803479991e-13
23700.056 7.175210304627452e-14
23750.056 1.1092016098444785e-13
23800.056 9.066452979755006e-13
23850.056 4.160498831233266e-13
23900.056 1.1053251332183396e-12
23950.056 3.8907031356636047e-13
24000.056 1.3726651862457532e-12
24050.056 1.45072412369055e-12
24100.056 2.2088507205105215e-12
24150.056 3.2639535274125814e-12
24200.056 2.0573096794842463e-12
24250.056 1.4922000031744759e-12
24300.056 3.925822704935203e-12
24350.056 2.928110778551329e-12
24400.056 7.921244844728145e-12
24450.056 8.480806429169067e-12
24500.056 6.917024057933697e-12
24550.056 1.3821086135539523e-11
24600.056 1.680070563801871e-11
24650.056 2.3581765768415306e-11
24700.056 1.7197650728405664e-11
24750.056 2.3773564751272702e-11
24800.056 1.9819526462595226e-11
24850.056 2.9105655921334015e-11
24900.056 1.3020888562067264e-11
24950.056 2.362228944879773e-11
25000.056 2.931898667457777e-11
25050.056 1.4734119169077427e-11
25100.056 2.4920513802523343e-11
25150.056 1.0141936512801567e-11
25200.056 1.5969359113891402e-11
25250.056 5.00719215818456e-12
25300.056 5.753178839175497e-12
25350.056 2.5260974508882664e-12
25400.056 7.044516416016223e-12
25450.056 1.542011902061411e-12
25500.056 1.1646637156933226e-12
25550.056 3.926720139393491e-12
25600.056 1.5634224413571137e-12
25650.056 5.025428053619931e-13
25700.056 3.2496962930573905e-13
25750.056 8.560961600647501e-14
25800.056 6.058234702184807e-13
25850.056 7.073662306158758e-14
25900.056 1.0250188874999888e-13
25950.056 1.8420506427935034e-14
26000.056 3.9091142648221376e-13
26050.056 2.697972482485849e-14
26100.056 1.729257295935899e-13
26150.056 5.421268663937032e-14
26200.056 8.265119511144643e-14
26250.056 9.572303915048767e-13
26300.056 9.512187146360702e-14
26350.056 3.257408640946394e-12
26400.056 7.075964825833048e-12
26450.056 2.6351919590130417e-12
26500.056 9.971856552753469e-12
26550.056 4.5187683000839486e-13
26600.056 3.807973818894708e-13
26650.056 4.0145072947942073e-14
26700.056 2.9895148487561996e-14
26750.056 5.701408515357994e-14
26800.056 3.048744793303337e-13
26850.056 1.5969422374423743e-13
26900.056 1.0018220382549685e-12
26950.056 2.1520394031456686e-13
27000.056 1.594272735013928e-12
27050.056 3.133561947723757e-12
27100.056 9.167529083252724e-14
27150.056 2.5136765353953034e-12
27200.056 9.777312716289071e-14
27250.056 5.517655776608402e-13
27300.056 9.534032233929e-12
27350.056 1.8337923295477862e-12
27400.056 6.726944941106944e-14
27450.056 3.0340630174557196e-12
27500.056 4.397305209001123e-12
27550.056 4.0681975909987903e-13
27600.056 1.6961299360867435e-12
27650.056 3.1878892856624394e-13
27700.056 3.8968620974629006e-13
27750.056 3.4886393477114934e-12
27800.056 9.141305533052406e-13
27850.056 2.19176213075382e-12
27900.056 3.120533768456181e-12
27950.056 6.39643768012616e-12
28000.056 7.530408091890223e-12
28050.056 4.722945447642292e-13
28100.056 9.57223921774401e-12
28150.056 6.362760788748926e-12
28200.056 9.984914090572031e-13
28250.056 1.3119661894063852e-11
28300.056 1.2342610244354735e-11
28350.056 1.248975320476426e-12
28400.056 7.556304779792009e-12
28450.056 1.6039646982376707e-11
28500.056 6.4179648437471295e-12
28550.056 1.0972649191615497e-12
28600.056 1.4581068820506343e-11
28650.056 6.044801067841441e-12
28700.056 1.474921211515455e-11
28750.056 2.7748565974911852e-11
28800.056 6.408802813982332e-12
