galfind/configs/Brown_Dwarf_templates/sonora_bobcat/m0.0/562g/sp_t650g562nc_m0.0_resample.dat
# %ECSV 1.0
# ---
# datatype:
# - {name: wav, unit: Angstrom, datatype: float64}
# - {name: flux_nu, unit: erg / (cm2 Hz s), datatype: float64}
# meta: {C/O: '1.00', Kzz: '1.0000E+05', Teff: '650.', Y: '0.28', '[Fe/H]': '0.00', f_hole: '1.00', f_rain: '0.00', grav: '562.'}
# schema: astropy-2.0
wav flux_nu
[from data line 499]
28950.056 5.877702804421248e-09
29000.056 4.8909590289680966e-09
29050.056 6.360475373939031e-09
29100.056 3.935494968586808e-09
29150.056 6.774386575715224e-09
29200.056 5.935987070927738e-09
29250.056 8.83213350584391e-09
29300.056 4.29396842321699e-09
29350.056 1.3492896234331551e-08
29400.056 5.72647692475836e-09
29450.056 6.0291119396623706e-09
29500.056 9.717169153849815e-09
29550.056 5.996564129746819e-09
29600.056 7.895696362052918e-09
29650.056 1.2414999888342483e-08
29700.056 5.803533042836311e-09
29750.056 1.0878224825281978e-08
29800.056 1.0257157894476243e-08
29850.056 1.2602341171730127e-08
29900.056 1.0184301085583834e-08
29950.056 9.582443018071148e-09
30000.056 7.265302188677921e-10
30050.056 1.9696435547992057e-09
30100.056 4.03908626132727e-09
30150.056 1.0007662861322518e-08
30200.056 8.661509409694893e-09
30250.056 1.6546264953288618e-08
30300.056 1.6468882279440982e-08
30350.056 8.955178466785001e-09
30400.056 1.870137491370785e-08
30450.056 1.165172248787041e-08
30500.056 1.1335038092639096e-08
30550.056 9.955300169815106e-09
30600.056 2.172352740093231e-08
30650.056 1.2515166419701101e-08
30700.056 1.0606563056193569e-08
30750.056 1.5408288281202717e-08
30800.056 1.2099573893706941e-08
30850.056 1.24698700894177e-08
30900.056 8.135270216593074e-09
30950.056 8.354585837833775e-09
31000.056 8.41833056856188e-09
31050.056 8.59822217910101e-09
31100.056 5.181336146766321e-09
31150.056 8.744387663831114e-09
31200.056 1.3173312468502235e-08
31250.056 7.762392369596629e-09
31300.056 6.05283052938498e-09
31350.056 8.359269574791532e-09
31400.056 6.078663602784667e-09
31450.056 7.069052156318333e-09
31500.056 3.475236168625697e-09
31550.056 5.095127438107414e-09
31600.056 3.5510602547034747e-09
31650.056 3.153766745345387e-09
31700.056 3.4942727509505598e-09
31750.056 1.9657797516400722e-09
31800.056 3.8008240119902904e-09
31850.056 1.3657206122145773e-09
31900.056 2.5405741788240602e-09
31950.056 1.4092300997828667e-09
32000.056 1.8440078017078577e-09
32050.056 2.0409449201410973e-09
32100.056 1.7227673737227345e-09
32150.056 2.2971943271138747e-09
32200.056 1.3502671500379916e-09
32250.056 2.944428114329102e-09
32300.056 1.212847349571145e-09
32350.056 3.0092261308861035e-09
32400.056 1.0800787012326967e-09
32450.056 2.613438179033157e-09
32500.056 1.5248753354626984e-09
32550.056 2.2405518719541136e-09
32600.056 2.0640588223910426e-09
32650.056 4.092990899062279e-09
32700.056 2.6616236905574588e-09
32750.056 5.783822375627545e-09
32800.056 5.062894942772728e-09
32850.056 7.470149208829615e-09
32900.056 7.377531791060108e-09
32950.056 7.955848283625253e-09
33000.056 4.9633912602675135e-09
33050.056 5.712950963166284e-09
33100.056 1.9204042199899294e-09
33150.056 2.6495461642073285e-11
33200.056 1.0389134375342809e-10
33250.056 1.0059588376627732e-10
33300.056 2.9530668394565693e-10
33350.056 8.203234084726871e-10
33400.056 1.8275743750015546e-09
33450.056 2.031569085726298e-09
33500.056 5.132973703823069e-09
33550.056 2.305747409224569e-09
33600.056 4.831165656401951e-09
33650.056 4.7314836635399646e-09
33700.056 2.724465516203643e-09
33750.056 6.335380247221788e-09
33800.056 1.7830763618298293e-09
33850.056 3.964568201600703e-09
33900.056 3.6045141192032263e-09
33950.056 3.2903774150635078e-09
34000.056 5.493266494676996e-09
34050.056 1.6054427624033986e-09
34100.056 4.9093236261531895e-09
34150.056 2.5818262305571933e-09
34200.056 4.690193155700436e-09
34250.056 3.8637239470994246e-09
34300.056 3.082724462005996e-09
34350.056 4.669814276206348e-09
34400.056 2.3456536080358834e-09
34450.056 5.304126579665997e-09
34500.056 3.7115728964865296e-09
34550.056 2.0864745794159835e-09
34600.056 7.049255025600399e-09
34650.056 2.3346654014952335e-09
34700.056 5.497319069159625e-09
34750.056 4.258252286100022e-09
34800.056 3.169814156223138e-09
34850.056 7.256273386630713e-09
34900.056 3.883796114348133e-09
34950.056 6.495636529758304e-09
35000.056 1.1543232389098281e-08
35050.056 5.185826510771723e-09
35100.056 1.0860487993646e-08
35150.056 9.911963797816364e-09
35200.056 8.406205226852925e-09
35250.056 1.3995338514579347e-08
35300.056 6.908259811502039e-09
35350.056 9.18496855566156e-09
35400.056 9.518853841849091e-09
35450.056 6.447422054488101e-09
35500.056 1.7584590521563757e-08
35550.056 1.2430293375240357e-08
35600.056 1.2608330154907313e-08
35650.056 1.400976245581662e-08
35700.056 1.2152040565162923e-08
35750.056 1.8997599355119083e-08
35800.056 1.982548013286171e-08
35850.056 1.0224090188147738e-08
35900.056 1.5257534065745993e-08
35950.056 1.737833207706655e-08
36000.056 1.689205671800278e-08
36050.056 1.4773682821294281e-08
36100.056 1.3828057178626293e-08
36150.056 2.0947191240095387e-08
36200.056 2.3861052692014477e-08
36250.056 1.812338495686216e-08
36300.056 3.008118051889799e-08
36350.056 2.3708257379384322e-08
36400.056 2.875118926150855e-08
36450.056 2.7951491177157905e-08
36500.056 3.136455266446934e-08
36550.056 3.876237889345843e-08
36600.056 4.393915845598968e-08
36650.056 3.559967486608032e-08
36700.056 3.6198005512862014e-08
36750.056 4.492359592311401e-08
36800.056 4.7736399307796457e-08
36850.056 3.6251087500615235e-08
36900.056 4.519788112823828e-08
36950.056 5.0506764943989395e-08
37000.056 4.12089256762925e-08
37050.056 5.204838280139898e-08
37100.056 4.300909307179342e-08
37150.056 4.4295430873284105e-08
37200.056 5.971874216899186e-08
37250.056 4.4531132749089845e-08
37300.056 3.881765534437461e-08
37350.056 5.2959434608311684e-08
37400.056 7.250964490019891e-08
37450.056 4.2878718188505984e-08
37500.056 4.860438199687672e-08
37550.056 7.392503287902995e-08
37600.056 9.029585475201336e-08
37650.056 4.514352092740577e-08
37700.056 7.380055875800662e-08
37750.056 5.37663651927078e-08
37800.056 5.969305996671881e-08
37850.056 3.920895266855218e-08
37900.056 4.611155823930875e-08
37950.056 6.603607567226382e-08
38000.056 6.775762900309701e-08
38050.056 7.563910531722018e-08
38100.056 8.838554583872543e-08
38150.056 9.202714897899745e-08
38200.056 8.647773216310606e-08
38250.056 8.289231288690991e-08
38300.056 1.1725808743297341e-07
38350.056 1.1535874079502531e-07
38400.056 6.889458184796391e-08
38450.056 5.589297621407398e-08
38500.056 4.1168908380209426e-08
38550.056 7.902497942702099e-08
38600.056 7.78885142719864e-08
38650.056 8.561682198258611e-08
38700.056 8.884025152699632e-08
38750.056 8.492160171000531e-08
38800.056 8.15313342089861e-08
38850.056 8.863600444800704e-08
38900.056 1.0917333790158531e-07
38950.056 8.001426734699935e-08
39000.056 9.901959310658105e-08
39050.056 8.69622469650306e-08
39100.056 9.554110465388874e-08
39150.056 1.135395786709982e-07
39200.056 9.508563527818957e-08
39250.056 1.199861514479996e-07
39300.056 1.0149977856698525e-07
39350.056 1.3629045442600476e-07
39400.056 1.0473587101511816e-07
39450.056 1.2238081162959556e-07
39500.056 1.2888032364101149e-07
39550.056 9.645147648759617e-08
39600.056 1.2487229666799368e-07
39650.056 1.511606316559892e-07
39700.056 1.3685806782201424e-07
39750.056 9.402761928623121e-08
39800.056 1.0893209123299781e-07
39850.056 1.6422606172700643e-07
39900.056 1.6610606962200523e-07
39950.056 1.220653957399871e-07
40000.056 1.6243915519300678e-07
40050.056 1.5633956367300088e-07
40100.056 9.82064289447389e-08
40150.056 1.5608897258300785e-07
40200.056 1.6189136468996924e-07
40250.056 1.6903345300596158e-07
40300.056 1.68124608270017e-07
40350.056 1.3461678647597797e-07
40400.056 1.7514642865095865e-07
40450.056 1.2335523825238845e-07
40500.056 1.793507172019863e-07
40550.056 1.8997153325915878e-07
40600.056 1.7205445381200998e-07
40650.056 1.5195812884012455e-07
40700.056 2.2935375616398798e-07
40750.056 1.698832765459719e-07
40800.056 1.2911905231295285e-07
40850.056 2.332241397310346e-07
40900.056 2.1504586527999054e-07
40950.056 1.8199168458741721e-07
41000.056 1.7400160261399148e-07
41050.056 2.3966083504196633e-07
41100.056 2.0783053072798754e-07
41150.056 1.284730276023919e-07
41200.056 2.3164087120301142e-07
41250.056 2.0473049186618186e-07
41300.056 1.9370826627399246e-07
41350.056 2.4573736402999677e-07
41400.056 2.1432389998201756e-07
41450.056 2.4618716140398573e-07
41500.056 1.818717423583979e-07
41550.056 1.7210337164064457e-07
41600.056 1.979603091186205e-07
41650.056 2.2696452847301332e-07
41700.056 2.259462779299619e-07
41750.056 2.078260678919813e-07
41800.056 2.427464975900319e-07
41850.056 1.7949872485498237e-07
41900.056 1.9558416726615666e-07
41950.056 2.1587495529301804e-07
42000.056 1.8518724350092587e-07
42050.056 1.6775887694702536e-07
42100.056 2.328451898559735e-07
42150.056 1.7830429782300797e-07
42200.056 1.7725904772998988e-07
42250.056 1.8319416604800317e-07
42300.056 1.7138416148999567e-07
42350.056 2.1673384826802086e-07
42400.056 2.2747094381001903e-07
42450.056 1.9373037527603614e-07
42500.056 1.9759090428999082e-07
42550.056 1.7768115942198526e-07
42600.056 2.0138555300205212e-07
42650.056 2.716572158199478e-07
42700.056 1.8348352150494994e-07
42750.056 1.7943861646602462e-07
42800.056 2.2561423099001763e-07
42850.056 2.4934847945194505e-07
42900.056 2.6716687080803386e-07
42950.056 2.0224595276896905e-07
43000.056 2.3531520723000684e-07
43050.056 1.3940547844203363e-07
43100.056 2.0911714515498255e-07
43150.056 1.7858157207001483e-07
43200.056 2.2187719267001087e-07
43250.056 3.0114046225002e-07
43300.056 2.831241434600066e-07
43350.056 1.603131523429625e-07
43400.056 2.2237163490400727e-07
43450.056 1.7109906811802215e-07
43500.056 1.8593920932402046e-07
43550.056 1.8934478008041326e-07
43600.056 2.580110148060236e-07
43650.056 1.6674377238000142e-07
43700.056 2.876800191700338e-07
43750.056 2.5004589794900373e-07
43800.056 2.3020007804497917e-07
43850.056 2.0848452242002944e-07
43900.056 1.9982990734298213e-07
43950.056 1.426813038449838e-07
44000.056 1.3058559448600076e-07
44050.056 2.5382080462600863e-07
44100.056 3.2696921158000885e-07
44150.056 3.144672418239887e-07
44200.056 2.7069670847000363e-07
44250.056 1.737531348439965e-07
44300.056 1.419768269970233e-07
44350.056 1.653949120087313e-07
44400.056 1.5647976661598974e-07
44450.056 2.3570804684700475e-07
44500.056 2.1544509812103902e-07
44550.056 2.9053292915998063e-07
44600.056 2.580469197643092e-07
44650.056 2.41077091528007e-07
44700.056 1.699629606749856e-07
44750.056 2.2564067524404122e-07
44800.056 1.858700464120168e-07
44850.056 2.5550863848001905e-07
44900.056 1.9941988841900463e-07
44950.056 2.2394496872901482e-07
45000.056 2.494663239400068e-07
45050.056 2.3825015789998147e-07
45100.056 2.3000986264201093e-07
45150.056 2.22261098495981e-07
45200.056 1.710759199190131e-07
45250.056 1.9535722576596016e-07
45300.056 1.772367924860235e-07
45350.056 1.6425934439961153e-07
45400.056 2.9469004430002934e-07
45450.056 2.6509135775801645e-07
45500.056 2.873511448610152e-07
45550.056 3.1523819383994134e-07
45600.056 2.986135756800317e-07
45650.056 2.4896936889499044e-07
45700.056 1.787176743347959e-07
45750.056 1.6569033002500418e-07
45800.056 3.199233253110121e-07
45850.056 2.8947681492099253e-07
45900.056 3.193485232899995e-07
45950.056 2.5724870261299383e-07
46000.056 3.046330178250316e-07
46050.056 2.407830197940037e-07
46100.056 3.3401367659997996e-07
46150.056 2.208840249449999e-07
46200.056 2.0172096823398896e-07
46250.056 1.0682856983828757e-07
46300.056 2.3223369622800083e-07
46350.056 2.406848363940228e-07
46400.056 2.2771972271000986e-07
46450.056 2.022650596370028e-07
46500.056 2.2310519561104468e-07
46550.056 1.4822759624400707e-07
46600.056 1.9695730912897492e-07
46650.056 2.8743327378001595e-07
46700.056 1.9998836263196302e-07
46750.056 1.2336934417221623e-07
46800.056 9.246944452800218e-08
46850.056 2.787077283280358e-07
46900.056 2.7383262765098803e-07
46950.056 2.617654512829789e-07
47000.056 2.5059799639403244e-07
47050.056 2.0253260397833565e-07
47100.056 1.4655118276251258e-07
47150.056 2.0969905480802927e-07
47200.056 2.4628683932799105e-07
47250.056 1.5221392217198323e-07
47300.056 1.07513921800814e-07
47350.056 2.7556440354000087e-07
47400.056 2.467552574199818e-07
47450.056 2.1632800021352994e-07
47500.056 2.791507300389785e-07
47550.056 2.4028930371600886e-07
47600.056 2.4123510292598126e-07
47650.056 2.365465562155804e-07
47700.056 1.9870713541074885e-07
47750.056 1.518895203270029e-07
47800.056 1.4077345287701467e-07
47850.056 8.553685797810999e-08
47900.056 1.201009683589895e-07
47950.056 2.1946468949400748e-07
48000.056 2.842770502100126e-07
48050.056 2.458398234399872e-07
48100.056 1.223475088124064e-07
48150.056 1.8958862161300573e-07
48200.056 1.5218267012879692e-07
48250.056 1.8055921721800253e-07
48300.056 2.6979025219998225e-07
48350.056 1.7252300871099204e-07
48400.056 6.819791678248614e-08
48450.056 1.296432583594283e-07
48500.056 1.85645136855964e-07
48550.056 1.888260179592148e-07
48600.056 2.0974850171900526e-07
48650.056 2.548619689299912e-07
48700.056 1.8905970035801676e-07
48750.056 1.2144517958304145e-07
48800.056 2.3378044735101096e-07
48850.056 1.430215805867747e-07
48900.056 2.0544827994958493e-07
48950.056 1.2954994022900215e-07
49000.056 7.402947156494375e-08
49050.056 1.8472346705597647e-07
49100.056 2.1189585771373203e-07
49150.056 1.6306926635730158e-07
49200.056 2.3293487179003101e-07
49250.056 2.2827984161601838e-07
49300.056 1.9569943405999447e-07
49350.056 1.0103957367951984e-07
49400.056 1.4300653570596976e-07
49450.056 1.4257203341053654e-07
49500.056 1.1816907427998848e-07
49550.056 4.2979895709301176e-08
49600.056 9.20571826454952e-08
49650.056 1.4527237752899372e-07
49700.056 1.5326521904895958e-07
49750.056 1.7514705562398777e-07
49800.056 1.2614502846491745e-07
49850.056 2.0802570372802802e-07
49900.056 1.76040775960992e-07
49950.056 1.6265983893399745e-07
50000.056 1.4509524605658266e-07
50050.056 1.747298225799992e-07
50100.056 1.4146623972899324e-07
50150.056 8.17906901169882e-08
50200.056 2.658866232586858e-08
50250.056 1.0633592971799472e-07
50300.056 7.57244272207092e-08
50350.056 1.6530903293101994e-07
50400.056 1.6074124953198907e-07
50450.056 1.1864513469660217e-07
50500.056 1.7752765841701314e-07
50550.056 1.6397682326300694e-07
50600.056 1.2059033517697003e-07
50650.056 1.815760202890299e-07
50700.056 1.922209746659809e-07
50750.056 1.324700547520123e-07
50800.056 6.375340257828916e-08
50850.056 4.7410138610517794e-08
50900.056 1.6475447954600068e-07
50950.056 1.365042140659994e-07
51000.056 1.2612122772801023e-07
51050.056 1.5088782297598322e-07
51100.056 6.784278276912309e-08
51150.056 8.682147752598945e-08
51200.056 1.9433000624999004e-07
51250.056 1.3269719260197975e-07
51300.056 9.488503051672712e-08
51350.056 1.0488821077848719e-07
51400.056 5.1769770982606585e-08
51450.056 4.108633277178868e-08
51500.056 3.914484004131381e-08
51550.056 1.106463604306119e-07
51600.056 8.44867325131126e-08
51650.056 9.914744777998872e-08
51700.056 1.1178763130304955e-07
51750.056 7.745482920350946e-08
51800.056 1.2761934699097655e-07
51850.056 1.0602125589299452e-07
51900.056 1.508638312210047e-07
51950.056 1.0205110332798976e-07
52000.056 2.0279998791593704e-08
52050.056 6.304288073360798e-08
52100.056 4.367942925499562e-08
52150.056 3.088599077044491e-08
52200.056 5.5780988707399226e-08
52250.056 8.001340491411409e-08
52300.056 1.1979264964899595e-07
52350.056 5.518637445461981e-08
52400.056 5.003658910220218e-08
52450.056 1.1773523318301129e-07
52500.056 1.052621368282723e-07
52550.056 1.041418497859904e-07
52600.056 7.993439615660227e-08
52650.056 9.09756904810115e-08
52700.056 6.889113300889898e-08
52750.056 3.867721849799409e-08
52800.056 5.65789837266077e-08
52850.056 6.544975847468126e-08
52900.056 4.3999004332194646e-08
52950.056 5.7027297371404575e-08
53000.056 8.55182457210071e-08
53050.056 4.08058040108899e-08
53100.056 9.063123407099428e-08
53150.056 1.0744219698001077e-07
53200.056 4.532879753529598e-08
53250.056 9.377137942200665e-08
53300.056 1.0945746085334346e-07
53350.056 9.116183091199958e-08
53400.056 7.125226053899482e-08
53450.056 3.2797080008491537e-08
53500.056 1.139903576765588e-08
