galfind/configs/Brown_Dwarf_templates/sonora_bobcat/m0.0/562g/sp_t950g562nc_m0.0_resample.dat
# %ECSV 1.0
# ---
# datatype:
# - {name: wav, unit: Angstrom, datatype: float64}
# - {name: flux_nu, unit: erg / (cm2 Hz s), datatype: float64}
# meta: {C/O: '1.00', Kzz: '1.0000E+05', Teff: '950.', Y: '0.28', '[Fe/H]': '0.00', f_hole: '1.00', f_rain: '0.00', grav: '562.'}
# schema: astropy-2.0
wav flux_nu
4000.0559999999996 nan
4050.0559999999996 2.024264809530387e-13
4100.056 1.4361204684999621e-11
4150.056 5.387305600400232e-11
4200.056 4.652705179203382e-11
4250.056 1.0773827573100201e-10
4300.056 1.4780040965200782e-10
4350.056 1.672177248280034e-10
4400.056 2.069921972650035e-10
4450.056 2.429800186570028e-10
4500.056 2.3877512323000764e-10
4550.056 2.6002597555219144e-10
4600.056 2.0635091944399882e-10
4650.056 1.6348864475999575e-10
4700.056 1.248293990399997e-10
4750.056 5.404603759799961e-11
4800.056 1.4230156888199815e-11
4850.056 3.646332281299957e-12
4900.056 1.4644200422699889e-12
4950.056 6.515245797299942e-13
5000.056 2.2994189796999726e-13
5050.056 8.959215245699961e-14
5100.056 7.1516575675e-14
5150.056 6.239361969500004e-14
5200.056 5.481612586199996e-14
5250.056 4.7479654767999935e-14
5300.056 4.160301552399995e-14
5350.056 3.7540050276999956e-14
5400.056 3.4736418031999966e-14
5450.056 3.2862625935000025e-14
5500.056 3.167989907100005e-14
5550.056 3.1033088128000003e-14
5600.056 3.0624194981999995e-14
5650.056 3.013123680399997e-14
5700.056 2.9132420076999985e-14
5750.056 2.7294284621999975e-14
5800.056 2.3914670639999935e-14
5850.056 1.7081629846999814e-14
5900.056 5.820013636384555e-15
5950.056 3.2921801304000586e-14
6000.056 6.739431399500018e-14
6050.056 1.200945649100013e-13
6100.056 2.0159353166000176e-13
6150.056 3.324949951300025e-13
6200.056 5.482100376200038e-13
6250.056 8.998917016400059e-13
6300.056 1.48342776360001e-12
6350.056 2.4268855892000188e-12
6400.056 3.917647220700032e-12
6450.056 6.134041512499998e-12
6500.056 9.543313147500035e-12
6550.056 1.4605021102000055e-11
6600.056 2.199226004300028e-11
6650.056 3.249899047700021e-11
6700.056 4.051001233028033e-11
6750.056 6.489293170800035e-11
6800.056 8.478571501700041e-11
6850.056 9.723635219500012e-11
6900.056 9.363397515300035e-11
6950.056 8.383320236999973e-11
7000.056 8.379977678600033e-11
7050.056 9.104766201299959e-11
7100.056 1.0001903085499984e-10
7150.056 1.0256150357299892e-10
7200.056 1.0021837541400113e-10
7250.056 9.489423766599724e-11
7300.056 8.431630398000081e-11
7350.056 7.380293030899918e-11
7400.056 6.32548399960007e-11
7450.056 5.2497173553000467e-11
7500.056 4.164435917999971e-11
7550.056 3.108802457499979e-11
7600.056 2.2306423525999804e-11
7650.056 5.94869549686473e-12
7700.056 4.111328654434179e-12
7750.056 1.9633638291000363e-11
7800.056 3.721491305992051e-11
7850.056 7.908731781300074e-11
7900.056 1.3274371492900058e-10
7950.056 1.6750536642432215e-10
8000.056 3.1824828962000304e-10
8050.056 4.566928093500053e-10
8100.056 6.064983011699984e-10
8150.056 7.907988440300013e-10
8200.056 1.072769165430033e-09
8250.056 1.3563972551800144e-09
8300.056 1.718665915630099e-09
8350.056 2.1160476286999582e-09
8400.056 2.600230795059954e-09
8450.056 3.2194669814999734e-09
8500.056 3.5089810984588376e-09
8550.056 4.528683535000126e-09
8600.056 5.625051006000044e-09
8650.056 6.5965117318000456e-09
8700.056 7.693494031599999e-09
8750.056 8.960984148100066e-09
8800.056 1.0309571554600103e-08
8850.056 1.1459313438999985e-08
8900.056 1.1168094694999731e-08
8950.056 1.0457901536263845e-08
9000.056 1.3375469943099119e-08
9050.056 1.782467163820031e-08
9100.056 2.010641139854049e-08
9150.056 2.1838797394500962e-08
9200.056 2.5142411074098197e-08
9250.056 2.5636105710317825e-08
9300.056 1.4172468883670393e-08
9350.056 1.793712683059901e-08
9400.056 2.600046666170289e-08
9450.056 2.813868924375845e-08
9500.056 2.7968996572908034e-08
9550.056 3.0939715886411194e-08
9600.056 3.21262253393411e-08
9650.056 3.693080764448778e-08
9700.056 4.5460592454732955e-08
9750.056 4.898903383211624e-08
9800.056 5.5099436757184936e-08
9850.056 6.23687724108994e-08
9900.056 6.788287312299841e-08
9950.056 7.161406068399945e-08
10000.056 6.482888963399847e-08
10050.056 8.3645013803e-08
10100.056 9.617674353199942e-08
10150.056 1.057092847379965e-07
10200.056 1.1733052925600053e-07
10250.056 1.294760476020009e-07
10300.056 1.430735054199992e-07
10350.056 1.582188051200021e-07
10400.056 1.7359142564999888e-07
10450.056 1.8552668330999831e-07
10500.056 1.9452018008000056e-07
10550.056 2.041616028200013e-07
10600.056 2.151597251099971e-07
10650.056 2.2805022627000526e-07
10700.056 2.38724357600005e-07
10750.056 2.504662174200043e-07
10800.056 2.59412178350003e-07
10850.056 2.63753946859998e-07
10900.056 2.3044085080499711e-07
10950.056 1.597577815332019e-07
11000.056 1.2931961754768328e-07
11050.056 9.873571923226873e-08
11100.056 7.570813730017459e-08
11150.056 5.5799030390357614e-08
11200.056 6.00702503889104e-08
11250.056 7.464930765846082e-08
11300.056 7.548516468620898e-08
11350.056 3.9478273349233195e-08
11400.056 7.104457186820983e-08
11450.056 6.132364126029915e-08
11500.056 6.537967677974631e-08
11550.056 4.1232082590695196e-08
11600.056 4.26051700457911e-08
11650.056 5.619742732321396e-08
11700.056 5.239747374941006e-08
11750.056 3.398060455368578e-08
11800.056 6.57317617420104e-08
11850.056 9.907200507336794e-08
11900.056 1.1828246099082013e-07
11950.056 1.5576380440090744e-07
12000.056 1.8550444240499947e-07
12050.056 2.24011835806022e-07
12100.056 2.605948926819905e-07
12150.056 3.0580272145099054e-07
12200.056 3.4427455899998287e-07
12250.056 3.879686199199822e-07
12300.056 4.365217949100145e-07
12350.056 4.512862861600031e-07
12400.056 4.6679329430998976e-07
12450.056 4.457441382300101e-07
12500.056 4.62407561819998e-07
12550.056 4.991783930300216e-07
12600.056 6.235320003100117e-07
12650.056 6.305773707900015e-07
12700.056 6.445119275000314e-07
12750.056 6.162381116800128e-07
12800.056 6.109695498600047e-07
12850.056 5.290758933080126e-07
12900.056 4.789631404880161e-07
12950.056 4.644932992439961e-07
13000.056 4.570199911039853e-07
13050.056 4.158261658431876e-07
13100.056 3.940815530099167e-07
13150.056 3.2908565541024633e-07
13200.056 2.9304301655999626e-07
13250.056 2.2101945339233735e-07
13300.056 1.2010133592067475e-07
13350.056 4.1043619811869567e-08
13400.056 2.2827883746301966e-08
13450.056 1.3731803333038479e-08
13500.056 8.921185407432642e-09
13550.056 6.308847342950127e-09
13600.056 4.0218036975665395e-09
13650.056 9.539848126820862e-09
13700.056 7.202322266706571e-09
13750.056 9.300465753119033e-09
13800.056 1.1262732282150361e-08
13850.056 8.514079602509992e-09
13900.056 8.772896192799694e-09
13950.056 8.286516271646688e-09
14000.056 8.003405485610198e-09
14050.056 9.767945381167636e-09
14100.056 8.091544256192464e-09
14150.056 1.1529460330621316e-08
14200.056 8.979445579711875e-09
14250.056 9.338366158148176e-09
14300.056 1.5536655656356316e-08
14350.056 1.5578344541318245e-08
14400.056 1.6758184973401885e-08
14450.056 1.949895642440758e-08
14500.056 3.220265277831694e-08
14550.056 3.466623854743882e-08
14600.056 4.653756235923394e-08
14650.056 4.524247505617483e-08
14700.056 3.6071369445279954e-08
14750.056 4.364560461512745e-08
14800.056 5.490066299972599e-08
14850.056 5.932921528744006e-08
14900.056 6.071515559131918e-08
14950.056 6.94121482507618e-08
15000.056 8.062928169198955e-08
15050.056 9.398167808598901e-08
15100.056 1.0091970060890398e-07
15150.056 1.1130526425096995e-07
15200.056 1.1701794064801045e-07
15250.056 1.4780138188400024e-07
15300.056 1.644927198413803e-07
15350.056 1.9081159534579153e-07
15400.056 2.1474174750102244e-07
15450.056 2.3769599982301555e-07
15500.056 2.51765333688987e-07
15550.056 2.854888312019956e-07
15600.056 3.026499055900042e-07
15650.056 3.1905397579001266e-07
15700.056 3.560916575200322e-07
15750.056 3.727541045499935e-07
15800.056 3.728074107800156e-07
15850.056 3.9069506230000113e-07
15900.056 3.713571871100086e-07
15950.056 3.538609474999783e-07
16000.056 3.084663233300056e-07
16050.056 2.398640670139925e-07
16100.056 1.8946858638198742e-07
16150.056 1.409362191182973e-07
16200.056 1.0243345255970779e-07
16250.056 9.166222532552605e-08
16300.056 7.810742646352078e-08
16350.056 8.707799167739038e-08
16400.056 1.0075862206011875e-07
16450.056 1.0797671194835173e-07
16500.056 1.1762396418721637e-07
16550.056 1.1379356513840385e-07
16600.056 1.1642939994331892e-07
16650.056 8.65430879380462e-08
16700.056 3.833803197160568e-08
16750.056 5.5685887764915605e-08
16800.056 8.357570109454315e-08
16850.056 8.768123332893667e-08
16900.056 7.521290596087243e-08
16950.056 6.345288164802265e-08
17000.056 5.081547386225752e-08
17050.056 7.260454965698427e-08
17100.056 8.638784214240257e-08
17150.056 7.0801040638642e-08
17200.056 9.78462352467842e-08
17250.056 8.399835517452349e-08
17300.056 6.978976184804078e-08
17350.056 6.354210269733426e-08
17400.056 6.958601510740235e-08
17450.056 7.296738565558582e-08
17500.056 8.080623848051245e-08
17550.056 7.309448269872071e-08
17600.056 6.560121056888013e-08
17650.056 6.392292192010414e-08
17700.056 4.9721716910010835e-08
17750.056 4.4578350334014284e-08
17800.056 5.8341747429404096e-08
17850.056 3.9912926559e-08
17900.056 4.032505422423474e-08
17950.056 3.253154590639612e-08
18000.056 3.753913086630601e-08
18050.056 3.2643933484716887e-08
18100.056 3.502102463185967e-08
18150.056 4.303753391163265e-08
18200.056 2.7167697671183658e-08
18250.056 5.5348127364448305e-08
18300.056 3.4199613193770765e-08
18350.056 2.9884224952909806e-08
18400.056 2.7893479408869525e-08
18450.056 3.5608552927358505e-08
18500.056 3.7611162152192164e-08
18550.056 2.936370186883306e-08
18600.056 2.5324584514618507e-08
18650.056 2.4137390665866663e-08
18700.056 2.193462175508402e-08
18750.056 3.014627314554225e-08
18800.056 5.216790557345472e-08
18850.056 5.832610683754431e-08
18900.056 5.331398791060169e-08
18950.056 8.191754072372347e-08
19000.056 5.62414785157695e-08
19050.056 4.338728796433623e-08
19100.056 6.948495964761752e-08
19150.056 4.9989356067902693e-08
19200.056 6.351936950227825e-08
19250.056 4.734988571267522e-08
19300.056 4.322534302267812e-08
19350.056 3.8097167654175626e-08
19400.056 2.7203369761964767e-08
19450.056 4.622662812207964e-08
19500.056 4.647008958130935e-08
19550.056 3.5196562759602895e-08
19600.056 4.629920528762307e-08
19650.056 5.415222760189313e-08
19700.056 5.404524623564861e-08
19750.056 6.046520664758967e-08
19800.056 6.168449984113152e-08
19850.056 7.886476645628742e-08
19900.056 6.407873959364656e-08
19950.056 9.53556046189909e-08
20000.056 8.789078189001246e-08
20050.056 9.834550957649402e-08
20100.056 1.1185820965701107e-07
20150.056 1.0896907718895958e-07
20200.056 1.1872638292279823e-07
20250.056 1.3874294558884905e-07
20300.056 1.3845634884080617e-07
20350.056 1.5658730163826726e-07
20400.056 1.5339737999277527e-07
20450.056 1.7790615119398317e-07
20500.056 1.915387170614551e-07
20550.056 1.9147102556601528e-07
20600.056 2.134075674400269e-07
20650.056 2.1547519968701127e-07
20700.056 2.211723759300213e-07
20750.056 2.2775481776898597e-07
20800.056 2.3440398331198185e-07
20850.056 2.3068617481999502e-07
20900.056 2.400514064199649e-07
20950.056 2.3345702926800548e-07
21000.056 2.297073075500148e-07
21050.056 2.269990435719902e-07
21100.056 2.1905213019200682e-07
21150.056 2.2056863648996655e-07
21200.056 2.0771466537200764e-07
21250.056 2.0050203827897005e-07
21300.056 1.8050453171198864e-07
21350.056 1.7914374111759368e-07
21400.056 1.7088657270163463e-07
21450.056 1.5988605900769848e-07
21500.056 1.4911840996382204e-07
21550.056 1.3900728704390662e-07
21600.056 1.263454561569354e-07
21650.056 1.13047863027701e-07
21700.056 1.1260671264700394e-07
21750.056 9.890094102172996e-08
21800.056 8.527861225958328e-08
21850.056 7.637250861459408e-08
21900.056 5.980371820019536e-08
21950.056 3.9909686552825626e-08
22000.056 1.814944225568263e-08
22050.056 1.4652814588511129e-08
22100.056 2.4436066276153962e-08
22150.056 2.938941215119009e-08
22200.056 3.256804996174097e-08
22250.056 2.9284837554739365e-08
22300.056 2.3193810824733595e-08
22350.056 2.320447154920478e-08
22400.056 1.709357832549758e-08
22450.056 1.5795509009702994e-08
22500.056 1.5510126344452567e-08
22550.056 1.2700268855099137e-08
22600.056 1.2943600683461561e-08
22650.056 1.4532170787311614e-08
22700.056 1.250617922303495e-08
22750.056 1.294065388078644e-08
22800.056 1.2523974771547523e-08
22850.056 1.0892182978331949e-08
22900.056 9.938472147284654e-09
22950.056 9.229070614276681e-09
23000.056 1.1625929002989268e-08
23050.056 1.47490314406579e-08
23100.056 2.6380186531215388e-08
23150.056 2.6658957304805968e-08
23200.056 6.951506363705182e-09
23250.056 1.0153012797288281e-08
23300.056 8.967988008707599e-09
23350.056 9.155786545984753e-09
23400.056 9.590012358801241e-09
23450.056 8.949621431395626e-09
23500.056 9.860529449197672e-09
23550.056 1.2509843751019318e-08
23600.056 1.494599478046796e-08
23650.056 1.902249092189747e-08
23700.056 1.0508856736152015e-08
23750.056 9.219934407467942e-09
23800.056 1.1663181228212082e-08
23850.056 1.2547291927531825e-08
23900.056 1.912233356336132e-08
23950.056 1.910497059385035e-08
24000.056 2.292522848167751e-08
24050.056 2.603633218133761e-08
24100.056 2.4110211406966092e-08
24150.056 2.8508281315514264e-08
24200.056 2.7546274998250208e-08
24250.056 2.4041029891800623e-08
24300.056 2.983205084213841e-08
24350.056 2.542785062919387e-08
24400.056 3.440571228523593e-08
24450.056 3.250184530285395e-08
24500.056 3.280447467100459e-08
24550.056 3.900710908967284e-08
24600.056 3.945320172911684e-08
24650.056 4.915137822952481e-08
24700.056 3.52720103717896e-08
24750.056 3.8893221710914154e-08
24800.056 3.8884721541201015e-08
24850.056 5.34532183225589e-08
24900.056 3.084187481955314e-08
24950.056 5.1927891954630764e-08
25000.056 4.5758071385871085e-08
25050.056 3.192113667548437e-08
25100.056 4.468663331768741e-08
25150.056 3.0764666635433996e-08
25200.056 3.912434118349991e-08
25250.056 2.564392604466968e-08
25300.056 3.635520756016e-08
25350.056 2.233084109971627e-08
25400.056 3.896485592935995e-08
25450.056 2.212551529965838e-08
25500.056 2.274457230337036e-08
25550.056 2.6088447681327927e-08
25600.056 2.352831449653941e-08
25650.056 1.6094930032926533e-08
25700.056 2.9309151824144595e-08
25750.056 1.3575985219666655e-08
25800.056 3.1921552903174135e-08
25850.056 1.5213704694322328e-08
25900.056 2.1597812660168326e-08
25950.056 1.2098226693592417e-08
26000.056 3.290074436303774e-08
26050.056 1.841030638434655e-08
26100.056 3.249521252979852e-08
26150.056 2.4657926922431503e-08
26200.056 2.702431536323125e-08
26250.056 4.590969699813647e-08
26300.056 2.9383849987197354e-08
26350.056 5.426510046652838e-08
26400.056 5.31474950952254e-08
26450.056 5.2601157584488365e-08
26500.056 6.059070425414861e-08
26550.056 3.264844219137418e-08
26600.056 4.589362701689227e-08
26650.056 2.0922639096445036e-08
26700.056 1.92448929842199e-08
26750.056 1.3679558711858429e-08
26800.056 2.2233707480720938e-08
26850.056 1.3225044773562509e-08
26900.056 2.980169178341862e-08
26950.056 1.56918331233831e-08
27000.056 3.817110104992594e-08
27050.056 3.1084083154274206e-08
27100.056 2.2182463451161612e-08
27150.056 4.268709195846477e-08
27200.056 2.382180574186179e-08
27250.056 3.0661411052546226e-08
27300.056 6.788902666150082e-08
27350.056 4.8292624982619364e-08
27400.056 1.515356161873022e-08
27450.056 5.9458357988158854e-08
27500.056 5.947362727146595e-08
27550.056 2.629141662988334e-08
27600.056 4.789132830227496e-08
27650.056 2.3698653036330588e-08
27700.056 1.9398761476877012e-08
27750.056 5.088384834950823e-08
27800.056 2.3840417804723838e-08
27850.056 2.92547049015679e-08
27900.056 3.193246707750834e-08
27950.056 5.459452618876471e-08
28000.056 4.2573583273943714e-08
28050.056 1.6730413566539434e-08
28100.056 5.488062248279349e-08
28150.056 3.507774751315831e-08
28200.056 1.930420111232689e-08
28250.056 5.5219472955342294e-08
28300.056 6.520530319204601e-08
28350.056 2.467565336582584e-08
28400.056 4.337394906494964e-08
28450.056 5.904673981006162e-08
28500.056 4.472725071238534e-08
28550.056 1.896906290870282e-08
28600.056 6.412908836582104e-08
28650.056 5.277962774290106e-08
28700.056 4.8442579988761485e-08
28750.056 6.96232851358277e-08
28800.056 5.599707438039213e-08
28850.056 6.626035872794259e-08
28900.056 3.60726793304578e-08
