galfind/configs/Brown_Dwarf_templates/sonora_bobcat/m0.0/562g/sp_t575g562nc_m0.0_resample.dat
# %ECSV 1.0
# ---
# datatype:
# - {name: wav, unit: Angstrom, datatype: float64}
# - {name: flux_nu, unit: erg / (cm2 Hz s), datatype: float64}
# meta: {C/O: '1.00', Kzz: '1.0000E+05', Teff: '575.', Y: '0.28', '[Fe/H]': '0.00', f_hole: '1.00', f_rain: '0.00', grav: '562.'}
# schema: astropy-2.0
wav flux_nu
[from data line 498]
28900.056 1.2327738039331893e-09
28950.056 2.1664116300687947e-09
29000.056 1.748063846063944e-09
29050.056 2.433744885838642e-09
29100.056 1.3649500906444627e-09
29150.056 2.3670520925134036e-09
29200.056 2.487093541438424e-09
29250.056 3.5354730131093793e-09
29300.056 1.7425416018869458e-09
29350.056 5.464771354870553e-09
29400.056 2.131468518585659e-09
29450.056 2.0765220400681615e-09
29500.056 4.2227720278231274e-09
29550.056 2.1524748941872513e-09
29600.056 2.9523186775578827e-09
29650.056 5.747155818109945e-09
29700.056 2.0582979686594145e-09
29750.056 4.57713075238431e-09
29800.056 4.0762589462971585e-09
29850.056 5.5083340554492535e-09
29900.056 3.8279696215071855e-09
29950.056 3.7780966379339025e-09
30000.056 1.7156177608214368e-10
30050.056 5.964954464645996e-10
30100.056 1.5597670754812636e-09
30150.056 4.504180660344051e-09
30200.056 3.6677633801561646e-09
30250.056 7.261735802343048e-09
30300.056 7.618091020899302e-09
30350.056 3.2692191048144254e-09
30400.056 8.593377478979444e-09
30450.056 5.2873351839218396e-09
30500.056 4.89393235661913e-09
30550.056 4.019286389686705e-09
30600.056 1.2150315084541178e-08
30650.056 6.188934309266274e-09
30700.056 4.9241186951179425e-09
30750.056 7.808111048407908e-09
30800.056 6.083133604805845e-09
30850.056 6.483045666296672e-09
30900.056 3.965503949845157e-09
30950.056 3.8410605956649935e-09
31000.056 4.122475129231009e-09
31050.056 4.036680288832386e-09
31100.056 2.2635633097345235e-09
31150.056 4.109754176121428e-09
31200.056 7.484559351960845e-09
31250.056 3.988833384981819e-09
31300.056 2.9948998421593357e-09
31350.056 4.658642507937328e-09
31400.056 3.2716972656041672e-09
31450.056 3.780204845679214e-09
31500.056 1.5871149828065183e-09
31550.056 2.567825165205322e-09
31600.056 1.7483068927120729e-09
31650.056 1.5042816774394981e-09
31700.056 1.6272700550323817e-09
31750.056 8.27397421950458e-10
31800.056 1.7538213936102333e-09
31850.056 4.858234398220369e-10
31900.056 1.039315373248981e-09
31950.056 5.539379868401093e-10
32000.056 6.637181947136101e-10
32050.056 7.761739171868282e-10
32100.056 6.295811649590601e-10
32150.056 8.360807091365442e-10
32200.056 4.491732426695595e-10
32250.056 1.0870050177994317e-09
32300.056 3.8436742022390303e-10
32350.056 1.108919948832077e-09
32400.056 3.0506655927299524e-10
32450.056 9.406014870530275e-10
32500.056 4.301313851953219e-10
32550.056 7.930993062551151e-10
32600.056 5.75827891201036e-10
32650.056 1.5497054845823313e-09
32700.056 7.917196418240151e-10
32750.056 2.5011425008708684e-09
32800.056 2.0093483889761576e-09
32850.056 3.6009684061600013e-09
32900.056 3.441314765008515e-09
32950.056 3.6787071667249145e-09
33000.056 1.8554263113546675e-09
33050.056 2.28660850274369e-09
33100.056 6.470208911472699e-10
33150.056 3.123325110094034e-12
33200.056 2.48779529494948e-11
33250.056 2.9345639918668265e-11
33300.056 1.1920525333790477e-10
33350.056 3.6420120355786575e-10
33400.056 9.52541652173828e-10
33450.056 8.74619303172246e-10
33500.056 2.615658758541596e-09
33550.056 8.797095719159155e-10
33600.056 2.0344010410694598e-09
33650.056 1.949520373649841e-09
33700.056 9.31470021128802e-10
33750.056 2.681076329659338e-09
33800.056 4.952364942502963e-10
33850.056 1.46832461682692e-09
33900.056 1.4502893662186152e-09
33950.056 1.2099245402423888e-09
34000.056 2.2941725016987735e-09
34050.056 5.08754661653518e-10
34100.056 2.0317067996505414e-09
34150.056 9.334373205950587e-10
34200.056 2.0083219658288105e-09
34250.056 1.5347165424243309e-09
34300.056 1.2620145097086355e-09
34350.056 2.2962546921121674e-09
34400.056 9.087086235499662e-10
34450.056 2.4747184322393948e-09
34500.056 1.5407873514147144e-09
34550.056 8.77217392481003e-10
34600.056 3.580632331640236e-09
34650.056 8.672859601988116e-10
34700.056 2.6806440859827855e-09
34750.056 1.8699472947164443e-09
34800.056 1.3918571675211339e-09
34850.056 3.940197689827811e-09
34900.056 1.5240322555068741e-09
34950.056 3.399649810529058e-09
35000.056 6.16638278645085e-09
35050.056 2.614338866171377e-09
35100.056 6.2236985231568235e-09
35150.056 5.503788934614987e-09
35200.056 4.3715605690411045e-09
35250.056 7.827149315780266e-09
35300.056 3.2773286993550306e-09
35350.056 4.7383531701434775e-09
35400.056 4.50195535538854e-09
35450.056 3.2124556456605792e-09
35500.056 9.939541292039347e-09
35550.056 6.342803030090157e-09
35600.056 6.901623121713878e-09
35650.056 7.549743485000487e-09
35700.056 6.801964317201846e-09
35750.056 1.1106725204267302e-08
35800.056 1.038341124608097e-08
35850.056 4.956126880638219e-09
35900.056 7.529500674424462e-09
35950.056 9.33725850467507e-09
36000.056 9.1987111782017e-09
36050.056 7.571655682684593e-09
36100.056 6.896697667084884e-09
36150.056 1.2314654105247513e-08
36200.056 1.3994392942377021e-08
36250.056 9.90518222640405e-09
36300.056 1.8756209172440367e-08
36350.056 1.3441305585522812e-08
36400.056 1.7774415605466808e-08
36450.056 1.6354955737052885e-08
36500.056 1.862361419927428e-08
36550.056 2.485698762393399e-08
36600.056 2.7890339368792424e-08
36650.056 2.1198793370203856e-08
36700.056 2.1412874841264217e-08
36750.056 2.7907517984309207e-08
36800.056 3.064458684869643e-08
36850.056 2.1059235062293413e-08
36900.056 2.7658958438907422e-08
36950.056 3.1846919084793124e-08
37000.056 2.4386636343574366e-08
37050.056 3.340309205558817e-08
37100.056 2.456684330559847e-08
37150.056 2.6877211378091126e-08
37200.056 3.889531916699397e-08
37250.056 2.611051297249415e-08
37300.056 2.192729321408072e-08
37350.056 3.2922814793513247e-08
37400.056 4.642455701563908e-08
37450.056 2.4058808015714958e-08
37500.056 2.9070532885633025e-08
37550.056 4.8758816406618346e-08
37600.056 6.239690936460963e-08
37650.056 2.6554128389973048e-08
37700.056 4.616333287950411e-08
37750.056 3.291063141818535e-08
37800.056 3.632957485468048e-08
37850.056 2.2350324238351014e-08
37900.056 2.6632625725013425e-08
37950.056 4.171128291838743e-08
38000.056 4.0694976765448084e-08
38050.056 4.884903182811351e-08
38100.056 5.956785075108253e-08
38150.056 6.19966382823975e-08
38200.056 5.489281826335305e-08
38250.056 5.51991211179464e-08
38300.056 8.112777827518012e-08
38350.056 7.794528689541978e-08
38400.056 4.2580956563534085e-08
38450.056 2.9619454326425495e-08
38500.056 2.1656494721125074e-08
38550.056 4.891822213601248e-08
38600.056 4.898457487339027e-08
38650.056 5.4338370719691e-08
38700.056 5.4968657391995076e-08
38750.056 5.180859666300302e-08
38800.056 5.110800589769463e-08
38850.056 5.62719297973042e-08
38900.056 6.981292486278992e-08
38950.056 4.840742725890125e-08
39000.056 6.349682852208549e-08
39050.056 5.201150826842428e-08
39100.056 6.081780396689082e-08
39150.056 7.615896354289912e-08
39200.056 6.009498844469283e-08
39250.056 7.908395206150092e-08
39300.056 6.485133828259248e-08
39350.056 9.223106782800156e-08
39400.056 6.620125704253652e-08
39450.056 8.207117351032823e-08
39500.056 8.720743078100691e-08
39550.056 5.736950018582106e-08
39600.056 8.122238805220021e-08
39650.056 1.0340323068099299e-07
39700.056 9.268207464801031e-08
39750.056 5.696682046052911e-08
39800.056 6.654941444039956e-08
39850.056 1.1222389898100512e-07
39900.056 1.159033514880048e-07
39950.056 7.507479213979257e-08
40000.056 1.07032818177002e-07
40050.056 1.0651027776299971e-07
40100.056 5.672579274437115e-08
40150.056 1.0317742530000585e-07
40200.056 1.0834052308498053e-07
40250.056 1.1529981512897514e-07
40300.056 1.1499587073101198e-07
40350.056 8.394322741628399e-08
40400.056 1.1453551735675463e-07
40450.056 7.31449037260119e-08
40500.056 1.2014739687499126e-07
40550.056 1.2857363049936836e-07
40600.056 1.1486527377100485e-07
40650.056 9.809817188432656e-08
40700.056 1.5828499348899095e-07
40750.056 1.1348866411998164e-07
40800.056 8.092465139397302e-08
40850.056 1.635424474610249e-07
40900.056 1.4838254536999e-07
40950.056 1.229201292554142e-07
41000.056 1.1352506446899296e-07
41050.056 1.6930304325897698e-07
41100.056 1.4645908333499183e-07
41150.056 8.014412773037535e-08
41200.056 1.627897662820114e-07
41250.056 1.4352673886598416e-07
41300.056 1.395459687580002e-07
41350.056 1.7586394431399578e-07
41400.056 1.5012872442600957e-07
41450.056 1.790775435279883e-07
41500.056 1.2600799469587108e-07
41550.056 1.1792540472313241e-07
41600.056 1.3360173360486093e-07
41650.056 1.6149045448901076e-07
41700.056 1.7048527495997277e-07
41750.056 1.4892783323898696e-07
41800.056 1.700655991430235e-07
41850.056 1.3149642035238505e-07
41900.056 1.3574114456086783e-07
41950.056 1.496388681460081e-07
42000.056 1.1906752591224256e-07
42050.056 1.1297407094282114e-07
42100.056 1.5361229236998213e-07
42150.056 1.2514864885000288e-07
42200.056 1.2623767251599055e-07
42250.056 1.249383233620073e-07
42300.056 1.1605773124179617e-07
42350.056 1.5380984931501214e-07
42400.056 1.6612439198901266e-07
42450.056 1.4415042587102538e-07
42500.056 1.47656081063992e-07
42550.056 1.3076248672998843e-07
42600.056 1.4614268574704053e-07
42650.056 2.024116875519642e-07
42700.056 1.2653671247236233e-07
42750.056 1.306656218320197e-07
42800.056 1.7127091736701187e-07
42850.056 1.8830873017896104e-07
42900.056 2.00754849075023e-07
42950.056 1.5186050075098222e-07
43000.056 1.7710372122600336e-07
43050.056 9.990617873301923e-08
43100.056 1.5690572694798853e-07
43150.056 1.311092035070103e-07
43200.056 1.6783507153400968e-07
43250.056 2.3117635431001355e-07
43300.056 2.143178709940032e-07
43350.056 1.1746929502797483e-07
43400.056 1.6859591509200746e-07
43450.056 1.2498080813201383e-07
43500.056 1.3501598982101676e-07
43550.056 1.380727702760094e-07
43600.056 1.966958489020163e-07
43650.056 1.2223371204839914e-07
43700.056 2.1992723468202845e-07
43750.056 1.937508409339972e-07
43800.056 1.7601031338898614e-07
43850.056 1.6007650019602155e-07
43900.056 1.4473633968698643e-07
43950.056 1.0276298524398905e-07
44000.056 9.479131734849969e-08
44050.056 1.9545315941100775e-07
44100.056 2.567716052000058e-07
44150.056 2.428989542479916e-07
44200.056 2.123854371480039e-07
44250.056 1.2945292871799496e-07
44300.056 1.0233866524191562e-07
44350.056 1.1910666851822087e-07
44400.056 1.1334882504599262e-07
44450.056 1.8014167163400733e-07
44500.056 1.6088247830302674e-07
44550.056 2.2372464917998772e-07
44600.056 1.9601845503780558e-07
44650.056 1.825415165020015e-07
44700.056 1.2546780148498763e-07
44750.056 1.707460673030309e-07
44800.056 1.3424002729401176e-07
44850.056 1.900034528280114e-07
44900.056 1.51337016801001e-07
44950.056 1.71361612485013e-07
45000.056 1.9426012955000537e-07
45050.056 1.8295235888298482e-07
45100.056 1.732393025550094e-07
45150.056 1.6416394208098603e-07
45200.056 1.2362016188900983e-07
45250.056 1.433733677129727e-07
45300.056 1.3167844232901755e-07
45350.056 1.1558122031261181e-07
45400.056 2.326474025800228e-07
45450.056 2.0577243216901672e-07
45500.056 2.2987328850801243e-07
45550.056 2.4996507357695446e-07
45600.056 2.3166829933002352e-07
45650.056 1.932156125279939e-07
45700.056 1.299840422599947e-07
45750.056 1.185355902965045e-07
45800.056 2.523069577390106e-07
45850.056 2.19983440171996e-07
45900.056 2.49999328805996e-07
45950.056 2.0431585896599388e-07
46000.056 2.3872341239602533e-07
46050.056 1.8555868255900446e-07
46100.056 2.6784668848998485e-07
46150.056 1.6829507397800082e-07
46200.056 1.4961276815098678e-07
46250.056 7.145490318133254e-08
46300.056 1.7482504711200279e-07
46350.056 1.8484926294701872e-07
46400.056 1.7430722356200717e-07
46450.056 1.5348671147879788e-07
46500.056 1.7015428509103228e-07
46550.056 1.0649885316600438e-07
46600.056 1.4301637832798048e-07
46650.056 2.1335921682401211e-07
46700.056 1.469790706539723e-07
46750.056 8.27966446643124e-08
46800.056 5.958884053579948e-08
46850.056 2.0524840623302655e-07
46900.056 2.10324788027991e-07
46950.056 2.009257681969843e-07
47000.056 1.9398351293102339e-07
47050.056 1.4894538771755328e-07
47100.056 1.0776758774390812e-07
47150.056 1.613974197570219e-07
47200.056 1.8739662938599162e-07
47250.056 1.0647322441298671e-07
47300.056 7.353251071491219e-08
47350.056 2.081006044020047e-07
47400.056 1.896457366419868e-07
47450.056 1.563274336730213e-07
47500.056 2.1782056615498537e-07
47550.056 1.8435386730500717e-07
47600.056 1.806737736679845e-07
47650.056 1.8434310301658822e-07
47700.056 1.4799145912123327e-07
47750.056 1.1138414973200185e-07
47800.056 9.882144334801183e-08
47850.056 5.402888722780754e-08
47900.056 8.043394418139473e-08
47950.056 1.662820056520069e-07
48000.056 2.1659300147000407e-07
48050.056 1.8295174277799108e-07
48100.056 8.526946878320463e-08
48150.056 1.403343977330046e-07
48200.056 1.074932502591963e-07
48250.056 1.3402525682800127e-07
48300.056 2.0597385668999102e-07
48350.056 1.2991228646099052e-07
48400.056 4.187185279843063e-08
48450.056 8.398084697719887e-08
48500.056 1.2988032189497244e-07
48550.056 1.3784574939541345e-07
48600.056 1.6199079030000358e-07
48650.056 2.0047072847999334e-07
48700.056 1.429391577820152e-07
48750.056 9.207145904302687e-08
48800.056 1.7615720831800946e-07
48850.056 1.0242308174418253e-07
48900.056 1.425273573036678e-07
48950.056 8.621412744199957e-08
49000.056 4.752315967316565e-08
49050.056 1.316152022789834e-07
49100.056 1.5677876528972418e-07
49150.056 1.1899888314500064e-07
49200.056 1.7613669194302235e-07
49250.056 1.7600696249401105e-07
49300.056 1.4845646967499544e-07
49350.056 6.998952297541446e-08
49400.056 1.0129474384777778e-07
49450.056 9.798492744817403e-08
49500.056 8.063553038089064e-08
49550.056 2.2983493911830385e-08
49600.056 5.70960287153495e-08
49650.056 1.0523739204199821e-07
49700.056 1.1485496108697141e-07
49750.056 1.245095962941926e-07
49800.056 8.434440578457781e-08
49850.056 1.5278215507001924e-07
49900.056 1.3193029564699426e-07
49950.056 1.2189636779599813e-07
50000.056 1.030917463079852e-07
50050.056 1.2450368268100237e-07
50100.056 1.0086533083199454e-07
50150.056 5.2673801810591365e-08
50200.056 1.3234859818865196e-08
50250.056 6.55716283559975e-08
50300.056 4.497727347451655e-08
50350.056 1.1715981312101493e-07
50400.056 1.1900454755999145e-07
50450.056 8.593160056880178e-08
50500.056 1.3353212581400865e-07
50550.056 1.2399318740200484e-07
50600.056 8.802301661497632e-08
50650.056 1.3662612065802203e-07
50700.056 1.4341029355199003e-07
50750.056 9.374498010400676e-08
50800.056 3.912866455833319e-08
50850.056 2.5325043901110886e-08
50900.056 1.1366731539500271e-07
50950.056 9.858209713499705e-08
51000.056 8.475318707404813e-08
51050.056 1.1009755889698593e-07
51100.056 4.5292523385086884e-08
51150.056 5.503354957672027e-08
51200.056 1.398564717999942e-07
51250.056 9.770451175198352e-08
51300.056 6.654646372391744e-08
51350.056 7.129470019805049e-08
51400.056 3.021212061599487e-08
51450.056 2.3551675840882936e-08
51500.056 2.1765144264468293e-08
51550.056 7.197324785500929e-08
51600.056 5.7785809403809293e-08
51650.056 7.12301206129936e-08
51700.056 7.816004361718204e-08
51750.056 5.3148938177058e-08
51800.056 9.288105029198484e-08
51850.056 7.504783855309636e-08
51900.056 1.0284007598000311e-07
51950.056 6.467739274199263e-08
52000.056 9.207794688186745e-09
52050.056 3.669127833060482e-08
52100.056 2.342655112419678e-08
52150.056 1.5076643006384986e-08
52200.056 3.483013882009914e-08
52250.056 5.341048701331021e-08
52300.056 7.786515654899666e-08
52350.056 2.9360000997931142e-08
52400.056 2.869528623036047e-08
52450.056 8.132732767800889e-08
52500.056 6.870229485378202e-08
52550.056 7.12096810259944e-08
52600.056 5.3519822251202035e-08
52650.056 6.279621284420632e-08
52700.056 4.451603978709929e-08
52750.056 2.1911608626955145e-08
52800.056 3.4839415320005264e-08
52850.056 4.135916229758842e-08
52900.056 2.318801878847484e-08
52950.056 3.3277161579503456e-08
53000.056 5.4612932863005116e-08
53050.056 2.3416801430854105e-08
53100.056 6.329139072099854e-08
53150.056 7.143587470400558e-08
53200.056 2.9003009104667343e-08
53250.056 6.208518456200368e-08
53300.056 7.34024565763759e-08
53350.056 5.954815439700004e-08
53400.056 4.315245957499566e-08
53450.056 1.6897246972444948e-08
53500.056 4.610463116983285e-09
