galfind/configs/Brown_Dwarf_templates/sonora_bobcat/m0.0/562g/sp_t325g562nc_m0.0_resample.dat
# %ECSV 1.0
# ---
# datatype:
# - {name: wav, unit: Angstrom, datatype: float64}
# - {name: flux_nu, unit: erg / (cm2 Hz s), datatype: float64}
# meta: {C/O: '1.00', Kzz: '1.0000E+05', Teff: '325.', Y: '0.28', '[Fe/H]': '0.00', f_hole: '1.00', f_rain: '0.00', grav: '562.'}
# schema: astropy-2.0
wav flux_nu
[from data line 499]
28950.056 6.091884730582563e-12
29000.056 3.3214646424528676e-12
29050.056 7.114693675783313e-12
29100.056 2.2054055820968755e-12
29150.056 2.7208182333189606e-12
29200.056 1.8266022620124994e-11
29250.056 9.515717893708249e-12
29300.056 6.174157027864401e-12
29350.056 1.7689094348567473e-11
29400.056 9.182212476155451e-12
29450.056 2.2453026385614222e-12
29500.056 2.3325329767927714e-11
29550.056 5.342430861721641e-12
29600.056 5.405941022763698e-12
29650.056 3.516192476295431e-11
29700.056 3.6116683662588145e-12
29750.056 2.1443455639736962e-11
29800.056 9.019033954026296e-12
29850.056 3.2162469195325815e-11
29900.056 1.0007957200950193e-11
29950.056 1.1108126839330065e-11
30000.056 9.060344898536772e-14
30050.056 1.8212274336608844e-12
30100.056 8.979578426971313e-12
30150.056 3.274218781431427e-11
30200.056 2.0144024851892505e-11
30250.056 3.027876471417554e-11
30300.056 4.457098061937386e-11
30350.056 5.761208082317421e-12
30400.056 5.1954734233038607e-11
30450.056 4.705544268401402e-11
30500.056 1.1954109938310455e-11
30550.056 1.1083473194579782e-11
30600.056 2.7660171741448856e-10
30650.056 8.826206091517757e-11
30700.056 2.632124546292595e-11
30750.056 7.47282865876895e-11
30800.056 1.0908373359246699e-10
30850.056 1.0114384300911534e-10
30900.056 4.6799168540542375e-11
30950.056 2.9234490157744887e-11
31000.056 4.422337508134284e-11
31050.056 1.7824458974040234e-11
31100.056 1.1820822256128516e-11
31150.056 2.9438538686300316e-11
31200.056 1.4635126422403584e-10
31250.056 5.36647066186934e-11
31300.056 2.0556428983815776e-11
31350.056 1.1353094295226933e-10
31400.056 6.19846513823107e-11
31450.056 6.27686553849873e-11
31500.056 1.7203736266716612e-11
31550.056 4.0492747009936885e-11
31600.056 3.110789223974766e-11
31650.056 2.21182664015537e-11
31700.056 1.6075267118826707e-11
31750.056 7.1614163962749185e-12
31800.056 1.4126058757162098e-11
31850.056 1.869318580815544e-12
31900.056 5.327431704024823e-12
31950.056 2.539238312722118e-12
32000.056 1.4422221314060547e-12
32050.056 1.7789087437974207e-12
32100.056 1.5506397341300668e-12
32150.056 1.1881199998585323e-12
32200.056 4.556573684718296e-13
32250.056 1.1325731101124947e-12
32300.056 2.4139824554125185e-13
32350.056 9.798451513450457e-13
32400.056 6.217288165092829e-14
32450.056 5.768768494349668e-13
32500.056 5.868175156653725e-14
32550.056 5.630623820928632e-13
32600.056 3.89280777874175e-14
32650.056 1.2322080492915258e-12
32700.056 7.765557909731331e-14
32750.056 3.873283985601522e-12
32800.056 1.3501214828079744e-12
32850.056 1.1969831320703132e-11
32900.056 8.608919175311767e-12
32950.056 9.955945898513483e-12
33000.056 2.0664855878473996e-12
33050.056 1.4229664939774477e-12
33100.056 1.9518729334419238e-13
33150.056 1.8435924756904834e-16
33200.056 1.5131993482717088e-14
33250.056 3.479595686202228e-14
33300.056 9.978637836958126e-13
33350.056 1.5079024666619375e-12
33400.056 8.01946484424044e-12
33450.056 9.947505502191117e-13
33500.056 8.104402427502665e-12
33550.056 9.184301269900952e-13
33600.056 3.156769506397226e-12
33650.056 3.518509719012491e-12
33700.056 4.3876036082101394e-13
33750.056 4.3214495091200145e-12
33800.056 1.4827850430778853e-13
33850.056 1.935373887854491e-12
33900.056 1.999890993901402e-12
33950.056 2.150846943547025e-12
34000.056 5.930505057212417e-12
34050.056 8.689009976964177e-13
34100.056 6.9200537740023765e-12
34150.056 1.8186877011350318e-12
34200.056 9.172982572845239e-12
34250.056 3.1722677321222513e-12
34300.056 4.7995881343011075e-12
34350.056 2.4810134102360844e-11
34400.056 2.8846143661697947e-12
34450.056 1.8189530825205678e-11
34500.056 5.023639236351012e-12
34550.056 1.2902380132425919e-11
34600.056 6.593602818614423e-11
34650.056 2.7468238855698217e-12
34700.056 3.6796712014990225e-11
34750.056 1.5750601493419208e-11
34800.056 9.997516447369608e-12
34850.056 5.288283946711443e-11
34900.056 4.011458938799457e-12
34950.056 7.34585165986944e-11
35000.056 7.458494724013084e-11
35050.056 7.096155232770269e-11
35100.056 1.458420421476079e-10
35150.056 1.2064619145798827e-10
35200.056 9.697785728557856e-11
35250.056 2.02297982426341e-10
35300.056 3.7909488565062725e-11
35350.056 3.254300629143663e-11
35400.056 2.014608946008505e-11
35450.056 2.0100888777557346e-11
35500.056 1.0400615777171688e-10
35550.056 6.549302815601663e-11
35600.056 1.2859546903287721e-10
35650.056 1.7095264553359447e-10
35700.056 1.920573997992042e-10
35750.056 1.9078670073166894e-10
35800.056 6.652090383292466e-11
35850.056 3.768444259092215e-11
35900.056 5.312920281350594e-11
35950.056 1.2317767137674767e-10
36000.056 1.4770373978083243e-10
36050.056 9.777244287259714e-11
36100.056 9.318960752515598e-11
36150.056 4.5253230671795065e-10
36200.056 3.5364420289787836e-10
36250.056 1.662818398177749e-10
36300.056 6.171277862681973e-10
36350.056 3.240650023617829e-10
36400.056 5.322976291774252e-10
36450.056 3.438818924497592e-10
36500.056 3.412742317474894e-10
36550.056 9.540872453849053e-10
36600.056 1.0452526322998353e-09
36650.056 4.505574594539335e-10
36700.056 6.478990089581106e-10
36750.056 1.0697771050704254e-09
36800.056 1.3050453905609464e-09
36850.056 4.472114608398512e-10
36900.056 6.079020360960702e-10
36950.056 1.4219058988833066e-09
37000.056 8.335390663999085e-10
37050.056 1.4876044291394325e-09
37100.056 3.641383374186425e-10
37150.056 7.410469723926067e-10
37200.056 2.0561376046400514e-09
37250.056 9.354606531275974e-10
37300.056 4.2216415821725537e-10
37350.056 8.615592217054923e-10
37400.056 1.585997973319636e-09
37450.056 5.1813484329497e-10
37500.056 7.296841933457216e-10
37550.056 2.5366566302086587e-09
37600.056 4.568618145219885e-09
37650.056 6.987760411902896e-10
37700.056 1.5831766959543199e-09
37750.056 1.243208299334965e-09
37800.056 1.1898375141388418e-09
37850.056 6.135833074009738e-10
37900.056 6.48244289262626e-10
37950.056 1.3361318829675598e-09
38000.056 1.1245570347326033e-09
38050.056 2.4461331818624185e-09
38100.056 3.4294503266686054e-09
38150.056 4.333940531532175e-09
38200.056 2.4217997577284762e-09
38250.056 3.961794858567569e-09
38300.056 7.270141768822365e-09
38350.056 4.4465907488093375e-09
38400.056 1.266100590833504e-09
38450.056 3.5616784578289097e-10
38500.056 3.6863130165585015e-10
38550.056 2.0153318071002695e-09
38600.056 2.7236447621694867e-09
38650.056 2.47110161676562e-09
38700.056 1.727018425898349e-09
38750.056 2.3268835425787027e-09
38800.056 2.114904905324126e-09
38850.056 2.71491328282043e-09
38900.056 3.1819204885665353e-09
38950.056 1.708902754420403e-09
39000.056 3.6943757118162636e-09
39050.056 1.2408792894678142e-09
39100.056 2.5169589096016582e-09
39150.056 4.615232472920041e-09
39200.056 3.070207647869822e-09
39250.056 4.476738593475108e-09
39300.056 2.7569923491549994e-09
39350.056 6.739927176789954e-09
39400.056 3.096508739216221e-09
39450.056 5.483822049582639e-09
39500.056 6.204664455399841e-09
39550.056 1.968832275137995e-09
39600.056 4.688958412627659e-09
39650.056 8.158919232799742e-09
39700.056 7.3150436717006064e-09
39750.056 2.139797504253904e-09
39800.056 2.0991480332373556e-09
39850.056 8.168434792400899e-09
39900.056 1.0174732314400474e-08
39950.056 3.242623875450184e-09
40000.056 6.570473392779961e-09
40050.056 7.882805725139601e-09
40100.056 1.6487650726298121e-09
40150.056 6.217378332550469e-09
40200.056 7.812658828399159e-09
40250.056 9.200651791348328e-09
40300.056 9.383182516101066e-09
40350.056 3.805170588661566e-09
40400.056 5.862542406123968e-09
40450.056 2.298279712036506e-09
40500.056 8.64779707254026e-09
40550.056 8.999927984697795e-09
40600.056 9.445022132599769e-09
40650.056 5.853154726926764e-09
40700.056 1.16541354222994e-08
40750.056 7.838709563039026e-09
40800.056 3.8720493291491755e-09
40850.056 1.4702483675402162e-08
40900.056 1.3974709605898497e-08
40950.056 8.898171620970661e-09
41000.056 7.0610589770292044e-09
41050.056 1.6613158145699747e-08
41100.056 1.38495242697991e-08
41150.056 3.3549107691376442e-09
41200.056 1.5494267917722014e-08
41250.056 1.3483103947717504e-08
41300.056 1.4840427834301966e-08
41350.056 2.1181828606999922e-08
41400.056 1.5111980782199133e-08
41450.056 2.021479103379947e-08
41500.056 1.0098148995360867e-08
41550.056 9.123716117082218e-09
41600.056 1.0477734309718344e-08
41650.056 1.8258625527002044e-08
41700.056 2.6550285349998005e-08
41750.056 1.8719763011999974e-08
41800.056 2.0525458215000408e-08
41850.056 1.5664216601298227e-08
41900.056 1.1774949007696743e-08
41950.056 1.1619594547999141e-08
42000.056 4.304064617837308e-09
42050.056 6.508104815068981e-09
42100.056 9.912450941399708e-09
42150.056 1.1863296573199319e-08
42200.056 1.432410731839952e-08
42250.056 1.1205921833501918e-08
42300.056 9.09535798439916e-09
42350.056 1.8313555335900585e-08
42400.056 2.298826566900143e-08
42450.056 2.4984849940001785e-08
42500.056 2.657560098399915e-08
42550.056 2.278717534799908e-08
42600.056 1.8750128862604348e-08
42650.056 2.831843429079688e-08
42700.056 1.1445542787877665e-08
42750.056 2.0750807324902952e-08
42800.056 3.232390353900077e-08
42850.056 3.3571470597996646e-08
42900.056 3.2543549140001757e-08
42950.056 2.5114354141500807e-08
43000.056 2.9478206177999418e-08
43050.056 1.4064306471599451e-08
43100.056 2.4251604344400358e-08
43150.056 2.2445404213000414e-08
43200.056 3.064474149900144e-08
43250.056 4.208895717800098e-08
43300.056 3.6182626280999065e-08
43350.056 2.026186433149841e-08
43400.056 2.9560494613001033e-08
43450.056 1.9335886679000446e-08
43500.056 1.6933520463201122e-08
43550.056 1.970406602050123e-08
43600.056 3.5418704405000425e-08
43650.056 1.88230891318987e-08
43700.056 3.574330791400576e-08
43750.056 3.9083369523997876e-08
43800.056 3.13110141029992e-08
43850.056 2.8254712901702897e-08
43900.056 1.9893899997699578e-08
43950.056 1.5017493930199168e-08
44000.056 1.509917666359973e-08
44050.056 3.606846587100265e-08
44100.056 4.8469663146000784e-08
44150.056 4.241068247199829e-08
44200.056 4.1071775118000706e-08
44250.056 2.288951769499835e-08
44300.056 1.4759866047700616e-08
44350.056 1.5532440202400923e-08
44400.056 1.6540611026199557e-08
44450.056 3.0557550341003034e-08
44500.056 2.6254570783601225e-08
44550.056 3.774029904700014e-08
44600.056 2.8213914746300384e-08
44650.056 3.069276065799879e-08
44700.056 2.0885213082797398e-08
44750.056 2.9667849869102787e-08
44800.056 1.8777589446300518e-08
44850.056 2.784069678200113e-08
44900.056 2.61652658035992e-08
44950.056 3.148280848400265e-08
45000.056 3.772337539399994e-08
45050.056 3.25234131539973e-08
45100.056 2.9336211105802035e-08
45150.056 2.5680072637298575e-08
45200.056 1.673582487330072e-08
45250.056 2.0587738820097582e-08
45300.056 2.020377458560159e-08
45350.056 1.36282449031021e-08
45400.056 4.227169850600191e-08
45450.056 3.362457512600351e-08
45500.056 4.1339693149001886e-08
45550.056 4.451098293899445e-08
45600.056 3.841510707500193e-08
45650.056 3.36980910229976e-08
45700.056 1.8116552263658476e-08
45750.056 1.546766512170143e-08
45800.056 4.054150937000109e-08
45850.056 3.11492751426016e-08
45900.056 4.397721987699901e-08
45950.056 4.251946487799764e-08
46000.056 4.156120748000251e-08
46050.056 3.23775947440032e-08
46100.056 4.7479862815997556e-08
46150.056 2.7831872748199984e-08
46200.056 2.05334180507972e-08
46250.056 6.85025063483983e-09
46300.056 2.588607517940186e-08
46350.056 2.8791945312702475e-08
46400.056 2.9662053755000764e-08
46450.056 2.330721222874821e-08
46500.056 2.88885255120025e-08
46550.056 1.4991849583298583e-08
46600.056 1.5992478642058225e-08
46650.056 2.828421284600133e-08
46700.056 2.0021719500297375e-08
46750.056 7.170228072590989e-09
46800.056 4.324664433299428e-09
46850.056 2.3478458543903705e-08
46900.056 3.3457629265999234e-08
46950.056 3.422072828999899e-08
47000.056 3.5329062582001716e-08
47050.056 2.0881334221094767e-08
47100.056 1.664891701400038e-08
47150.056 2.5773541677602865e-08
47200.056 2.8580362888998776e-08
47250.056 1.1159243770317558e-08
47300.056 7.762189007542391e-09
47350.056 2.8446760338002144e-08
47400.056 3.2293404846999066e-08
47450.056 1.8165069888600996e-08
47500.056 3.517499020900183e-08
47550.056 3.167366332100047e-08
47600.056 2.2702567211697332e-08
47650.056 2.7453879457058892e-08
47700.056 2.12856913192727e-08
47750.056 1.5901907710499964e-08
47800.056 1.0259502143900348e-08
47850.056 3.480649103100682e-09
47900.056 6.731699175130138e-09
47950.056 2.2216592631001802e-08
48000.056 2.8916144060997875e-08
48050.056 2.1442300055299986e-08
48100.056 9.860387596640244e-09
48150.056 1.970410626040107e-08
48200.056 1.1342185808098442e-08
48250.056 1.854863971910036e-08
48300.056 2.642669110499969e-08
48350.056 1.4657021061897954e-08
48400.056 2.3596432579012773e-09
48450.056 5.0545530858932935e-09
48500.056 1.1140838650798065e-08
48550.056 1.4064729108162799e-08
48600.056 2.7096258157000484e-08
48650.056 3.2722362911999266e-08
48700.056 2.280043464300203e-08
48750.056 1.825396827200069e-08
48800.056 2.5547514113000563e-08
48850.056 1.1262192866458338e-08
48900.056 1.06646010418988e-08
48950.056 5.1656626159997366e-09
49000.056 3.223378232456889e-09
49050.056 1.177070833449875e-08
49100.056 1.7757391827762918e-08
49150.056 1.4801019413699852e-08
49200.056 2.609595045400209e-08
49250.056 2.7673279266999947e-08
49300.056 2.135477298019829e-08
49350.056 7.50622094842159e-09
49400.056 1.0451790666417874e-08
49450.056 7.94161072471166e-09
49500.056 6.079363870178786e-09
49550.056 8.315253807749954e-10
49600.056 2.6691334938425553e-09
49650.056 1.0968605907501245e-08
49700.056 1.5438801404998983e-08
49750.056 1.0968555614989397e-08
49800.056 5.782554866270122e-09
49850.056 1.6931060086801882e-08
49900.056 1.9212420295999675e-08
49950.056 1.7578091441099365e-08
50000.056 9.0884938943482e-09
50050.056 1.0411049624981391e-08
50100.056 9.318036453499378e-09
50150.056 2.9710365631693724e-09
50200.056 3.614286801111589e-10
50250.056 2.679167181400003e-09
50300.056 1.936480105119453e-09
50350.056 1.0304767716001269e-08
50400.056 1.4521339325599374e-08
50450.056 1.1946248654500429e-08
50500.056 1.7957893467200706e-08
50550.056 1.9175196414000268e-08
50600.056 1.1302141540587296e-08
50650.056 1.8721049444001765e-08
50700.056 1.6745185177999237e-08
50750.056 8.814689989499546e-09
50800.056 1.9894417055194956e-09
50850.056 7.762469814563834e-10
50900.056 7.543130626100967e-09
50950.056 9.516616896699115e-09
51000.056 5.990047292345142e-09
51050.056 1.173496753819871e-08
51100.056 4.079715011940076e-09
51150.056 2.9451284419107697e-09
51200.056 1.3368597498400459e-08
51250.056 1.1113317399598717e-08
51300.056 6.5291884162104e-09
51350.056 4.497122339483053e-09
51400.056 9.084730924722092e-10
51450.056 8.192019084107477e-10
51500.056 8.147552710483164e-10
51550.056 4.256556779500847e-09
51600.056 5.830774339600661e-09
51650.056 8.94660210679997e-09
51700.056 7.066306017580658e-09
51750.056 5.0896475169411384e-09
51800.056 1.1003556884899765e-08
51850.056 8.226672858499556e-09
51900.056 6.935906103400028e-09
51950.056 2.9269801629594194e-09
52000.056 2.4141682075492993e-10
52050.056 1.408588069620117e-09
52100.056 6.62780053049839e-10
52150.056 3.539324784141298e-10
52200.056 1.9089068505300247e-09
52250.056 3.845769919320579e-09
52300.056 4.012817059499627e-09
52350.056 7.456781352419058e-10
52400.056 9.106056025490216e-10
52450.056 5.169316342500623e-09
52500.056 3.532141655549635e-09
52550.056 6.2478181586995725e-09
52600.056 5.6546185554806225e-09
52650.056 7.0948106291999116e-09
52700.056 3.5788672923396847e-09
52750.056 8.664202357206715e-10
52800.056 1.986297124920387e-09
52850.056 2.4749030458994353e-09
52900.056 5.945680138385321e-10
52950.056 1.2188859031202544e-09
53000.056 3.5210938137001812e-09
53050.056 1.0977948887038742e-09
53100.056 5.769893680800543e-09
53150.056 5.91229697189984e-09
53200.056 2.411731279019916e-09
53250.056 4.7330287235998344e-09
53300.056 4.776573536730691e-09
53350.056 4.028740621499955e-09
53400.056 2.246645904699675e-09
53450.056 5.369843974548436e-10
53500.056 1.1296586462797473e-10
53550.056 2.1873798199900056e-10
