galfind/configs/Brown_Dwarf_templates/sonora_bobcat/m0.0/562g/sp_t1300g562nc_m0.0_resample.dat
# %ECSV 1.0
# ---
# datatype:
# - {name: wav, unit: Angstrom, datatype: float64}
# - {name: flux_nu, unit: erg / (cm2 Hz s), datatype: float64}
# meta: {C/O: '1.00', Kzz: '1.0000E+05', Teff: '1300.', Y: '0.28', '[Fe/H]': '0.00', f_hole: '1.00', f_rain: '0.00', grav: '562.'}
# schema: astropy-2.0
wav flux_nu
[from data line 498]
28900.056 2.492534989128879e-07
28950.056 4.218860595869801e-07
29000.056 3.468684215829216e-07
29050.056 3.771563368610016e-07
29100.056 2.8801365372905705e-07
29150.056 4.338217975520687e-07
29200.056 3.3845730925803314e-07
29250.056 4.1584992227300554e-07
29300.056 3.036087458119064e-07
29350.056 5.361528700829205e-07
29400.056 3.779453483019518e-07
29450.056 3.973777521869764e-07
29500.056 4.104790363989689e-07
29550.056 3.988985333910065e-07
29600.056 4.4799323989185335e-07
29650.056 4.1578881129495987e-07
29700.056 3.7131959404390265e-07
29750.056 4.4982944495110454e-07
29800.056 4.7378098149492575e-07
29850.056 4.5383567102293115e-07
29900.056 4.3485987646220385e-07
29950.056 4.889527246649053e-07
30000.056 4.570123013139475e-07
30050.056 4.203755777519908e-07
30100.056 3.941649738088796e-07
30150.056 5.294603514199858e-07
30200.056 4.349960852700005e-07
30250.056 4.98309675625077e-07
30300.056 4.3599395744999164e-07
30350.056 4.222682477600323e-07
30400.056 4.7479368522900664e-07
30450.056 3.815740230930713e-07
30500.056 3.313815528170308e-07
30550.056 3.5625398124602804e-07
30600.056 3.726965425599948e-07
30650.056 3.4052357974794856e-07
30700.056 3.2372058940397453e-07
30750.056 3.0612323779396827e-07
30800.056 2.899198657490612e-07
30850.056 2.575017801039376e-07
30900.056 2.640582012799509e-07
30950.056 2.3107753791804614e-07
31000.056 2.189263873790074e-07
31050.056 2.430072915120163e-07
31100.056 1.937091045489875e-07
31150.056 2.0763444724698853e-07
31200.056 2.2390356456402423e-07
31250.056 1.8009644723597984e-07
31300.056 1.8216164433097875e-07
31350.056 1.7174183068000567e-07
31400.056 1.5239392283001332e-07
31450.056 1.5681163637097567e-07
31500.056 1.4154535926896819e-07
31550.056 1.4801190029299356e-07
31600.056 1.3170855270599862e-07
31650.056 1.2394057618200494e-07
31700.056 1.280005885399797e-07
31750.056 1.1288716925903669e-07
31800.056 1.326997782699765e-07
31850.056 1.159272110970174e-07
31900.056 1.328502151090034e-07
31950.056 1.0137800703800938e-07
32000.056 1.211834010279791e-07
32050.056 1.2482039548500652e-07
32100.056 1.235680987720125e-07
32150.056 1.3109478517898578e-07
32200.056 1.1667713954799834e-07
32250.056 1.4414523333601505e-07
32300.056 1.1499574097899074e-07
32350.056 1.5030543938199087e-07
32400.056 1.1647826600199535e-07
32450.056 1.4807937889395e-07
32500.056 1.4410916191202453e-07
32550.056 1.433006696839917e-07
32600.056 1.5256072353099642e-07
32650.056 1.8425274369398058e-07
32700.056 1.7488422613402482e-07
32750.056 1.8708844808900736e-07
32800.056 1.8267466867601623e-07
32850.056 1.9292210301997514e-07
32900.056 2.1061135191799388e-07
32950.056 2.088705667559858e-07
33000.056 1.9004796461795753e-07
33050.056 1.7346081413804e-07
33100.056 1.3158299535098865e-07
33150.056 7.756497181700842e-08
33200.056 6.296859130398419e-08
33250.056 4.831285763998717e-08
33300.056 4.817704880500875e-08
33350.056 5.955989454600122e-08
33400.056 7.11653967269879e-08
33450.056 8.41716851849978e-08
33500.056 1.076306954670218e-07
33550.056 1.1472320301102338e-07
33600.056 1.429269064279903e-07
33650.056 1.5875844858500734e-07
33700.056 1.4685636400197846e-07
33750.056 1.857760456909999e-07
33800.056 1.728542327999955e-07
33850.056 1.9285982490898154e-07
33900.056 1.6800084694999337e-07
33950.056 1.7006318115098736e-07
34000.056 1.9096726181001495e-07
34050.056 1.515722952009669e-07
34100.056 1.9348110332298085e-07
34150.056 1.7019539742398058e-07
34200.056 1.5991881450495271e-07
34250.056 1.730968603529463e-07
34300.056 1.536487357979231e-07
34350.056 1.46812496887001e-07
34400.056 1.4031679957399776e-07
34450.056 1.6823507953598307e-07
34500.056 1.633811613949929e-07
34550.056 1.4747127356900007e-07
34600.056 1.8559935399399936e-07
34650.056 1.6315146505298567e-07
34700.056 1.682453157089882e-07
34750.056 1.777466544529779e-07
34800.056 1.6522031176797696e-07
34850.056 1.673531237550169e-07
34900.056 1.844590994909749e-07
34950.056 1.7856386412696557e-07
35000.056 2.2291458300503445e-07
35050.056 1.7364848716998812e-07
35100.056 1.9430094351499425e-07
35150.056 2.0170727590500657e-07
35200.056 2.0662796449400943e-07
35250.056 2.328222615939618e-07
35300.056 2.0482550118802967e-07
35350.056 1.9946067518396235e-07
35400.056 2.178710342010445e-07
35450.056 1.7191719130506344e-07
35500.056 2.4678330493001386e-07
35550.056 2.4157504165698356e-07
35600.056 2.2533249185505396e-07
35650.056 2.495249336680081e-07
35700.056 2.27080745429999e-07
35750.056 2.5282399209397003e-07
35800.056 3.138895112200105e-07
35850.056 2.3921949731399196e-07
35900.056 2.969855003249889e-07
35950.056 2.8573279455797727e-07
36000.056 2.8834249089003785e-07
36050.056 2.949547080599824e-07
36100.056 2.978878521138451e-07
36150.056 3.096035064229938e-07
36200.056 3.384098234699765e-07
36250.056 3.196032928489566e-07
36300.056 3.5019674576601827e-07
36350.056 3.4426595987997756e-07
36400.056 3.4866144120000506e-07
36450.056 3.8388337505599394e-07
36500.056 3.8545192190196603e-07
36550.056 4.1507545486009833e-07
36600.056 4.3815543230001367e-07
36650.056 4.303862027619276e-07
36700.056 4.596290431439778e-07
36750.056 4.856239986200803e-07
36800.056 4.911633390999838e-07
36850.056 4.942723794899151e-07
36900.056 4.901349282399919e-07
36950.056 5.590273665299651e-07
37000.056 5.498602691599776e-07
37050.056 5.549867718300024e-07
37100.056 5.898247903799845e-07
37150.056 5.582644426700512e-07
37200.056 6.126463767000079e-07
37250.056 6.149358912999234e-07
37300.056 5.749992439748714e-07
37350.056 5.939747115500797e-07
37400.056 7.20456911929982e-07
37450.056 6.490566068660394e-07
37500.056 6.527685126699525e-07
37550.056 7.340690278601385e-07
37600.056 7.742355334900286e-07
37650.056 6.830895651600237e-07
37700.056 7.96583182410069e-07
37750.056 7.179781228900424e-07
37800.056 7.607661534602253e-07
37850.056 7.0176743216001e-07
37900.056 7.359878770301852e-07
37950.056 7.540344773199253e-07
38000.056 8.546546538900114e-07
38050.056 8.406908818200977e-07
38100.056 8.177593784500911e-07
38150.056 9.068605548199679e-07
38200.056 9.230513872100923e-07
38250.056 8.723965725800336e-07
38300.056 9.73864557379925e-07
38350.056 1.005268896960054e-06
38400.056 8.857510580398864e-07
38450.056 9.664156567599529e-07
38500.056 8.766625774101411e-07
38550.056 1.011260274990074e-06
38600.056 1.025958119389937e-06
38650.056 1.0115050200899627e-06
38700.056 1.0575088116000234e-06
38750.056 1.0891430296100081e-06
38800.056 1.01327488248983e-06
38850.056 1.0362167546100284e-06
38900.056 1.0859432638600234e-06
38950.056 1.0886861202699821e-06
39000.056 1.1163805124999992e-06
39050.056 1.1192590149099315e-06
39100.056 1.0687300503701295e-06
39150.056 1.1395406395100195e-06
39200.056 1.1362248864299735e-06
39250.056 1.1838087693398679e-06
39300.056 1.129174114709799e-06
39350.056 1.207727953230086e-06
39400.056 1.1873227359000691e-06
39450.056 1.1924111912399702e-06
39500.056 1.146007329480003e-06
39550.056 1.1709172210600438e-06
39600.056 1.2483738279897957e-06
39650.056 1.2302382309000056e-06
39700.056 1.2184956843200337e-06
39750.056 1.1622834937800689e-06
39800.056 1.1863528285298987e-06
39850.056 1.2799417596499711e-06
39900.056 1.2446805106200323e-06
39950.056 1.2762806093398601e-06
40000.056 1.2583835651200693e-06
40050.056 1.2423700775900497e-06
40100.056 1.2494684166700135e-06
40150.056 1.264252220279935e-06
40200.056 1.292945070879846e-06
40250.056 1.1975751862797487e-06
40300.056 1.2155744064000873e-06
40350.056 1.2649827718100422e-06
40400.056 1.2836817712200322e-06
40450.056 1.274985733050087e-06
40500.056 1.2128837449601116e-06
40550.056 1.3326539738199198e-06
40600.056 1.1793237472100963e-06
40650.056 1.2418222414999021e-06
40700.056 1.3736805445499874e-06
40750.056 1.2038868246997255e-06
40800.056 1.132038062799801e-06
40850.056 1.235152859590192e-06
40900.056 1.2126757985600052e-06
40950.056 1.2087212212399792e-06
41000.056 1.230752571359996e-06
41050.056 1.2737552333398859e-06
41100.056 1.163290504769935e-06
41150.056 1.1407164405399372e-06
41200.056 1.222747929319999e-06
41250.056 1.1844055336200066e-06
41300.056 1.0621119376798127e-06
41350.056 1.2560011664200709e-06
41400.056 1.1673691569801213e-06
41450.056 1.1998173327401561e-06
41500.056 1.132309260269963e-06
41550.056 1.1309712153100491e-06
41600.056 1.1796994068800535e-06
41650.056 1.1603957305501095e-06
41700.056 1.0822354414298556e-06
41750.056 1.1181171940199451e-06
41800.056 1.2110997724399226e-06
41850.056 9.189106879200744e-07
41900.056 1.1018207876299017e-06
41950.056 1.0836898483401855e-06
42000.056 1.059348884440155e-06
42050.056 9.42056452149878e-07
42100.056 1.1216367585701067e-06
42150.056 8.689998241799127e-07
42200.056 8.87406748160016e-07
42250.056 9.675372506999193e-07
42300.056 8.741067824300179e-07
42350.056 9.999607028201468e-07
42400.056 9.012341550701443e-07
42450.056 8.278649784400209e-07
42500.056 8.491388187600267e-07
42550.056 8.41366320029946e-07
42600.056 8.665671382101428e-07
42650.056 9.105560180797514e-07
42700.056 8.884289050700842e-07
42750.056 8.277943373399725e-07
42800.056 8.525953630401558e-07
42850.056 9.489386692297961e-07
42900.056 9.466207157800852e-07
42950.056 8.25032358169724e-07
43000.056 8.832453513299956e-07
43050.056 7.395541910602927e-07
43100.056 8.448130835199901e-07
43150.056 8.29885419420092e-07
43200.056 8.45150851890044e-07
43250.056 8.940179981999457e-07
43300.056 9.123027019500261e-07
43350.056 7.634652060298584e-07
43400.056 8.243143397999694e-07
43450.056 7.865140591301152e-07
43500.056 7.909547651199413e-07
43550.056 8.010976142600574e-07
43600.056 8.902424021100465e-07
43650.056 7.598350676000162e-07
43700.056 8.40281388839962e-07
43750.056 8.201175664401262e-07
43800.056 7.751775759899575e-07
43850.056 7.592009078401363e-07
43900.056 8.041988959099183e-07
43950.056 6.985357208599595e-07
44000.056 6.528818435700378e-07
44050.056 7.390451657400293e-07
44100.056 8.033327482200704e-07
44150.056 7.986331936999333e-07
44200.056 7.513793078900184e-07
44250.056 6.994717107800023e-07
44300.056 6.706598698300904e-07
44350.056 6.766958744900692e-07
44400.056 6.935038449399674e-07
44450.056 7.146379548800066e-07
44500.056 7.181447936201081e-07
44550.056 7.244774906699122e-07
44600.056 6.785277957100715e-07
44650.056 7.262081322200588e-07
44700.056 6.376107805400096e-07
44750.056 6.980724825799763e-07
44800.056 6.862516358300014e-07
44850.056 6.938441885400841e-07
44900.056 6.306334026400545e-07
44950.056 6.4221296950004e-07
45000.056 6.710275799699744e-07
45050.056 6.741297021399781e-07
45100.056 6.965326937299998e-07
45150.056 6.513070376799881e-07
45200.056 5.94158471600029e-07
45250.056 6.278853544299138e-07
45300.056 6.492198468300354e-07
45350.056 6.532057180799349e-07
45400.056 6.627656401500557e-07
45450.056 6.243450903899142e-07
45500.056 6.432500617499657e-07
45550.056 6.968930237999277e-07
45600.056 6.632870627400088e-07
45650.056 5.890749662498993e-07
45700.056 6.540682778100696e-07
45750.056 6.040750500500043e-07
45800.056 6.336984174699844e-07
45850.056 7.243477565999815e-07
45900.056 7.142786465300198e-07
45950.056 6.183225463500117e-07
46000.056 7.103016213500293e-07
46050.056 6.944785609800934e-07
46100.056 6.396217898800085e-07
46150.056 6.489318426299635e-07
46200.056 6.684520812001257e-07
46250.056 5.717725931119629e-07
46300.056 7.116882959399704e-07
46350.056 6.464789974099825e-07
46400.056 6.656258781499856e-07
46450.056 6.755833703100461e-07
46500.056 6.184330253100236e-07
46550.056 6.982127568899968e-07
46600.056 6.887014967300177e-07
46650.056 8.473801450299083e-07
46700.056 7.728658707001654e-07
46750.056 6.249934447600252e-07
46800.056 6.264871666600576e-07
46850.056 7.718416794200996e-07
46900.056 7.237615441199098e-07
46950.056 7.878389992600055e-07
47000.056 6.700600699500164e-07
47050.056 7.68452322789862e-07
47100.056 5.895148069300686e-07
47150.056 6.628288822400548e-07
47200.056 7.347860046400738e-07
47250.056 6.407512202299689e-07
47300.056 6.165674018149343e-07
47350.056 6.538824308999518e-07
47400.056 7.436719406899255e-07
47450.056 6.53163670900008e-07
47500.056 7.502661353399382e-07
47550.056 6.577536804099691e-07
47600.056 7.233588427999342e-07
47650.056 5.888519684798817e-07
47700.056 7.299194087601077e-07
47750.056 5.322298843700532e-07
47800.056 6.895821489399706e-07
47850.056 5.34202694059954e-07
47900.056 6.652652449999684e-07
47950.056 5.946971307900362e-07
48000.056 7.90930045760024e-07
48050.056 6.626656422400464e-07
48100.056 6.467936214399995e-07
48150.056 6.295705045200712e-07
48200.056 6.956044963600329e-07
48250.056 6.130400354800096e-07
48300.056 7.797880897598663e-07
48350.056 5.606205430900022e-07
48400.056 6.011068225299551e-07
48450.056 6.044975672600682e-07
48500.056 7.746678457999693e-07
48550.056 5.741896815700022e-07
48600.056 7.227474681899859e-07
48650.056 6.171317602699748e-07
48700.056 7.156466742400306e-07
48750.056 5.141228827100925e-07
48800.056 7.928482841500187e-07
48850.056 5.629480672098792e-07
48900.056 7.638477844900339e-07
48950.056 6.584344191300302e-07
49000.056 5.68134555527924e-07
49050.056 7.229140490999697e-07
49100.056 6.603796714400643e-07
49150.056 6.799625560199782e-07
49200.056 6.699845890500061e-07
49250.056 7.06623906220057e-07
49300.056 6.194491791199675e-07
49350.056 5.8744406424004e-07
49400.056 6.989644208299747e-07
49450.056 6.444191835451672e-07
49500.056 6.227944172399824e-07
49550.056 5.200803880300051e-07
49600.056 6.167375804660991e-07
49650.056 6.390398310399676e-07
49700.056 5.863399415598915e-07
49750.056 7.955291784898935e-07
49800.056 6.191089651380143e-07
49850.056 7.938218587100956e-07
49900.056 6.534698811000043e-07
49950.056 6.584449739999317e-07
50000.056 6.620893662099172e-07
50050.056 6.877901962500022e-07
50100.056 6.952999128499775e-07
50150.056 5.582638584399949e-07
50200.056 4.5933580869002954e-07
50250.056 6.756083596999692e-07
50300.056 6.073710881999963e-07
50350.056 7.626759856500263e-07
50400.056 6.417535124399515e-07
50450.056 6.010035733300761e-07
50500.056 7.446954753800769e-07
50550.056 6.539996855500215e-07
50600.056 6.487929178099317e-07
50650.056 6.841029236501004e-07
50700.056 7.562384077398588e-07
50750.056 7.29960769690093e-07
50800.056 5.167667006299257e-07
50850.056 5.861131709600968e-07
50900.056 7.486726492499723e-07
50950.056 6.73074511300126e-07
51000.056 7.842856693600745e-07
51050.056 6.399231286000222e-07
51100.056 5.245194935399409e-07
51150.056 6.476663300219647e-07
51200.056 7.483240659599726e-07
51250.056 6.695643964799605e-07
51300.056 5.608910071501804e-07
51350.056 6.328876089999481e-07
51400.056 5.10747079149948e-07
51450.056 4.3312309669591275e-07
51500.056 5.244625457720905e-07
51550.056 7.651020896700692e-07
51600.056 5.57914889000039e-07
51650.056 6.054426060499188e-07
51700.056 6.258095696788544e-07
51750.056 5.30428987245018e-07
51800.056 6.863697162098241e-07
51850.056 6.552424640399542e-07
51900.056 7.794397244101084e-07
51950.056 6.728426518799484e-07
52000.056 4.630040951799716e-07
52050.056 6.182683803099943e-07
52100.056 5.338564807299629e-07
52150.056 5.192585061800186e-07
52200.056 5.070058176279777e-07
52250.056 5.762187768500194e-07
52300.056 7.368531891799623e-07
52350.056 6.676542242180283e-07
52400.056 4.858793474330623e-07
52450.056 6.256448072700276e-07
52500.056 6.82523390049885e-07
52550.056 6.764221099098768e-07
52600.056 6.145139519700812e-07
52650.056 6.543967689101204e-07
52700.056 5.78123034610011e-07
52750.056 4.749345299099757e-07
52800.056 5.389388126600436e-07
52850.056 5.408296200798976e-07
52900.056 5.65080545098002e-07
52950.056 5.721456095399747e-07
53000.056 6.832243554800066e-07
53050.056 5.060021115798563e-07
53100.056 5.53532534889928e-07
53150.056 7.428457375600437e-07
53200.056 4.478315270970015e-07
53250.056 6.91635343320026e-07
53300.056 6.774848998302815e-07
53350.056 6.739148398999469e-07
53400.056 6.67030274950035e-07
53450.056 5.109779229300211e-07
53500.056 3.9763790450191676e-07
53550.056 5.330415947399261e-07
53600.056 6.19020577780105e-07
