galfind/configs/Brown_Dwarf_templates/sonora_bobcat/m0.0/562g/sp_t475g562nc_m0.0_resample.dat
# %ECSV 1.0
# ---
# datatype:
# - {name: wav, unit: Angstrom, datatype: float64}
# - {name: flux_nu, unit: erg / (cm2 Hz s), datatype: float64}
# meta: {C/O: '1.00', Kzz: '1.0000E+05', Teff: '475.', Y: '0.28', '[Fe/H]': '0.00', f_hole: '1.00', f_rain: '0.00', grav: '562.'}
# schema: astropy-2.0
wav flux_nu
4000.0559999999996 nan
4050.0559999999996 3.850742251679123e-17
4100.056 3.773863485070074e-15
4150.056 3.491105879200037e-14
4200.056 3.636686631734818e-14
4250.056 3.183017256100028e-13
4300.056 7.401557615100037e-13
4350.056 1.3436162397000053e-12
4400.056 2.2145698351000084e-12
4450.056 3.444639884800013e-12
4500.056 4.977658614000015e-12
4550.056 4.91180687913997e-12
4600.056 9.97436459289995e-13
4650.056 4.980601080999968e-13
4700.056 2.1242737616999814e-13
4750.056 7.563341231499937e-14
4800.056 3.4929139412999784e-14
4850.056 1.7117912575999892e-14
4900.056 9.915281841299958e-15
4950.056 6.3227358826999725e-15
5000.056 3.677421233199979e-15
5050.056 2.4436893306000007e-15
5100.056 2.48643397350001e-15
5150.056 2.683675835900002e-15
5200.056 2.9087882784000043e-15
5250.056 3.126032866500002e-15
5300.056 3.376842959100004e-15
5350.056 3.683653814500003e-15
5400.056 4.020432403800005e-15
5450.056 4.4271776173000115e-15
5500.056 4.8885631620000055e-15
5550.056 5.377029544000005e-15
5600.056 5.827505290600006e-15
5650.056 6.1575044012e-15
5700.056 6.199078077100002e-15
5750.056 5.979803449599997e-15
5800.056 5.307592678699985e-15
5850.056 3.714871855799958e-15
5900.056 1.1782564861491528e-15
5950.056 7.321233731400138e-15
6000.056 1.5526970499000066e-14
6050.056 2.8029272455000237e-14
6100.056 4.5320911842000327e-14
6150.056 6.83132330630004e-14
6200.056 9.93413954600005e-14
6250.056 1.399418647400005e-13
6300.056 1.9766059052000062e-13
6350.056 2.7597993226000097e-13
6400.056 3.8117934002000177e-13
6450.056 4.925672467899986e-13
6500.056 6.691733463600058e-13
6550.056 9.235345192199923e-13
6600.056 1.2723925619700186e-12
6650.056 1.7647810229000122e-12
6700.056 2.269564146800014e-12
6750.056 3.138596075300014e-12
6800.056 3.765494781300014e-12
6850.056 3.881431994299997e-12
6900.056 3.2242606047000093e-12
6950.056 2.5499711480000034e-12
7000.056 2.6533254001999747e-12
7050.056 2.779183616799989e-12
7100.056 3.0635556519999856e-12
7150.056 2.711080742589948e-12
7200.056 2.4213278555239656e-12
7250.056 2.6040846259098973e-12
7300.056 2.608223460090139e-12
7350.056 2.962215283569986e-12
7400.056 3.305475730100065e-12
7450.056 3.773380080300085e-12
7500.056 4.135002799900007e-12
7550.056 4.357179628900004e-12
7600.056 4.3780921283999934e-12
7650.056 1.9782387895169426e-12
7700.056 1.7346499196340467e-12
7750.056 4.827475839100057e-12
7800.056 6.533683833800025e-12
7850.056 8.818276598699968e-12
7900.056 1.1014342594899991e-11
7950.056 1.2449436162400053e-11
8000.056 1.6639542873000112e-11
8050.056 2.0158431805000165e-11
8100.056 1.9565589448099525e-11
8150.056 1.9063019729440465e-11
8200.056 2.9818288902680936e-11
8250.056 3.370696448680954e-11
8300.056 4.120038979114035e-11
8350.056 4.947103716649946e-11
8400.056 6.183016912700011e-11
8450.056 8.207742787099992e-11
8500.056 9.728135301399875e-11
8550.056 1.2430699751100233e-10
8600.056 1.5407401781000103e-10
8650.056 1.8287298393000132e-10
8700.056 2.0872604203000165e-10
8750.056 2.4219384104000163e-10
8800.056 2.715253406300008e-10
8850.056 2.7681722894999683e-10
8900.056 1.5778840644399284e-10
8950.056 1.3892432863320367e-10
9000.056 1.4635990263332635e-10
9050.056 3.2746025502820254e-10
9100.056 3.7523632862127994e-10
9150.056 4.2971867730251233e-10
9200.056 5.77805701390418e-10
9250.056 5.383243188176862e-10
9300.056 6.606792419320058e-11
9350.056 1.0223266284474061e-10
9400.056 3.215148499694114e-10
9450.056 2.7577188060485516e-10
9500.056 2.4503313193417075e-10
9550.056 2.605661497235292e-10
9600.056 2.9856049477210997e-10
9650.056 4.520182098094981e-10
9700.056 8.94993073060122e-10
9750.056 8.98096540621333e-10
9800.056 1.091027372239573e-09
9850.056 1.3357513408249713e-09
9900.056 1.7504749847000619e-09
9950.056 1.9338685176800534e-09
10000.056 1.7904942450849859e-09
10050.056 2.4412067628000193e-09
10100.056 2.685492999600017e-09
10150.056 2.5690120922000027e-09
10200.056 2.2882947290401143e-09
10250.056 2.7208717043300403e-09
10300.056 3.4976840655898183e-09
10350.056 3.0783102128801132e-09
10400.056 4.239599360700073e-09
10450.056 5.0955908085995715e-09
10500.056 5.925490990199948e-09
10550.056 6.919748667200052e-09
10600.056 7.495591096300026e-09
10650.056 7.821439521800061e-09
10700.056 7.664382841100022e-09
10750.056 7.828073316000002e-09
10800.056 7.701386479000061e-09
10850.056 7.23322130120005e-09
10900.056 5.9602121443998614e-09
10950.056 3.4647817716999984e-09
11000.056 2.067098393447743e-09
11050.056 1.0295857788661527e-09
11100.056 4.931811290885892e-10
11150.056 2.0079335353809647e-10
11200.056 1.6600119814163157e-10
11250.056 2.3341922086349854e-10
11300.056 3.220080806172256e-10
11350.056 1.0040189861740119e-10
11400.056 4.911631154230436e-10
11450.056 2.6026695538067023e-10
11500.056 2.590065185214555e-10
11550.056 7.359056738736653e-11
11600.056 4.3641082349714923e-11
11650.056 1.5386007403769444e-10
11700.056 2.014388599207116e-10
11750.056 6.828624209775611e-11
11800.056 3.4148177368437843e-10
11850.056 5.185859966227855e-10
11900.056 6.320486099609727e-10
11950.056 9.40314418218091e-10
12000.056 1.3728196961551352e-09
12050.056 2.009511150120053e-09
12100.056 2.542309560299807e-09
12150.056 3.448157173119947e-09
12200.056 4.0214728023200715e-09
12250.056 5.4162229056897025e-09
12300.056 7.566109008700343e-09
12350.056 8.485695287099972e-09
12400.056 1.1332707782499867e-08
12450.056 1.4466568433100202e-08
12500.056 1.6320399363400638e-08
12550.056 1.8569348265999997e-08
12600.056 2.139378643680055e-08
12650.056 2.355578551859983e-08
12700.056 2.3936239420000162e-08
12750.056 1.945672572580038e-08
12800.056 1.55628699279997e-08
12850.056 1.0431754094999825e-08
12900.056 8.200623680570374e-09
12950.056 6.744183223750351e-09
13000.056 7.273188209410793e-09
13050.056 5.0738228024341215e-09
13100.056 5.039620513948104e-09
13150.056 3.2054435256138933e-09
13200.056 3.28136675735467e-09
13250.056 2.4717392678444854e-09
13300.056 9.277987853893286e-10
13350.056 2.867006649625214e-10
13400.056 7.18364543734768e-11
13450.056 1.9575365167359232e-11
13500.056 6.734886507145185e-12
13550.056 1.8126912083650949e-12
13600.056 4.920760814570176e-13
13650.056 3.616551437789437e-12
13700.056 1.813026544197307e-12
13750.056 7.1303722791164326e-12
13800.056 7.124141518112062e-12
13850.056 2.6094990769287303e-12
13900.056 4.314394001266238e-12
13950.056 4.067685708594446e-12
14000.056 5.377654088949551e-12
14050.056 8.681719003380672e-12
14100.056 7.003029260798784e-12
14150.056 1.5735764007074526e-11
14200.056 9.954735824215757e-12
14250.056 1.4061839866168544e-11
14300.056 5.075925593878719e-11
14350.056 3.843470873643307e-11
14400.056 3.867081297948559e-11
14450.056 7.905806578010784e-11
14500.056 1.738173003510466e-10
14550.056 1.8045686748046956e-10
14600.056 3.0466620790588207e-10
14650.056 1.482828353352419e-10
14700.056 6.577925939805743e-11
14750.056 3.8036335142832446e-11
14800.056 5.2057017121603314e-11
14850.056 5.97270698634392e-11
14900.056 5.998302427214742e-11
14950.056 5.039918065433196e-11
15000.056 1.425505267845448e-10
15050.056 1.4554762605752753e-10
15100.056 7.684972335080873e-11
15150.056 3.783675647800015e-11
15200.056 1.1798899675679324e-10
15250.056 2.629725501148476e-10
15300.056 3.449971310256881e-10
15350.056 4.53613023710831e-10
15400.056 5.986415529209065e-10
15450.056 8.371575060027936e-10
15500.056 1.0699633982598154e-09
15550.056 1.8258900071783455e-09
15600.056 2.83203094151675e-09
15650.056 4.5052525300204754e-09
15700.056 6.842462792700144e-09
15750.056 8.461339012600202e-09
15800.056 1.009344273409995e-08
15850.056 1.188366558070056e-08
15900.056 1.2233758672600074e-08
15950.056 1.2540122020599786e-08
16000.056 1.0533584759700171e-08
16050.056 7.062524050299676e-09
16100.056 4.377528312429847e-09
16150.056 2.3590915396068136e-09
16200.056 1.1234740764248566e-09
16250.056 6.958317810251839e-10
16300.056 4.289601841001632e-10
16350.056 5.489627603696442e-10
16400.056 6.520147144212534e-10
16450.056 6.594194796606739e-10
16500.056 5.880831329950703e-10
16550.056 6.022957252558363e-10
16600.056 1.0378445743788509e-09
16650.056 6.672637498786117e-10
16700.056 1.0657239834348109e-10
16750.056 3.8646884980826326e-10
16800.056 6.06313934309124e-10
16850.056 6.436613216600489e-10
16900.056 3.2653900871429604e-10
16950.056 2.1717360051895556e-10
17000.056 1.1967059401325888e-10
17050.056 2.418410258826651e-10
17100.056 4.167965150242243e-10
17150.056 2.574306835934256e-10
17200.056 7.484954982811608e-10
17250.056 3.722532297801057e-10
17300.056 2.689320342451627e-10
17350.056 3.0115641953339496e-10
17400.056 4.80807903994009e-10
17450.056 5.988294289940395e-10
17500.056 7.678041634156461e-10
17550.056 6.226900251113024e-10
17600.056 5.188813659701689e-10
17650.056 4.0003357507379063e-10
17700.056 3.3138237713389456e-10
17750.056 2.571927730355858e-10
17800.056 4.974709494927447e-10
17850.056 2.447405774805839e-10
17900.056 1.810529629025983e-10
17950.056 1.1740594340335113e-10
18000.056 2.089634381966671e-10
18050.056 1.0300170487289476e-10
18100.056 1.2651791059599365e-10
18150.056 1.031447572060858e-10
18200.056 6.691666166833745e-11
18250.056 2.507695511092308e-10
18300.056 4.425800945393078e-11
18350.056 3.8614889790290536e-11
18400.056 2.5203743018294734e-11
18450.056 1.3649407302282233e-10
18500.056 1.3057587021866784e-10
18550.056 6.441071606586846e-11
18600.056 8.537638270360629e-11
18650.056 5.3965462527858684e-11
18700.056 1.2860679954282848e-11
18750.056 3.1708969250100054e-11
18800.056 2.1677086745305009e-10
18850.056 1.9836245386328887e-10
18900.056 1.725322972383342e-10
18950.056 3.0357106174722666e-10
19000.056 7.785925395193313e-11
19050.056 3.2839736145796964e-11
19100.056 9.15938583124905e-11
19150.056 3.6260008900429256e-11
19200.056 6.373693559936016e-11
19250.056 4.214580426560018e-11
19300.056 2.71123174736327e-11
19350.056 2.5329760399643403e-11
19400.056 2.0065503791911418e-11
19450.056 3.355220212222824e-11
19500.056 2.7571812131066032e-11
19550.056 4.632338932880821e-11
19600.056 9.339649916299149e-11
19650.056 6.889416328640254e-11
19700.056 9.740732135456839e-11
19750.056 1.4722187332845147e-10
19800.056 9.567219625784772e-11
19850.056 1.2191487236599065e-10
19900.056 1.683358384499645e-10
19950.056 2.4421600870654106e-10
20000.056 2.943178295876395e-10
20050.056 2.2560305049370985e-10
20100.056 3.930048134787418e-10
20150.056 2.373264369822333e-10
20200.056 1.6448464265265198e-10
20250.056 3.301057236009617e-10
20300.056 3.8520153027269727e-10
20350.056 4.0439260987268184e-10
20400.056 3.579234043840453e-10
20450.056 6.298521725412897e-10
20500.056 7.122891542219459e-10
20550.056 7.896924758020313e-10
20600.056 8.543388561521435e-10
20650.056 1.0195069211399292e-09
20700.056 1.122114949910015e-09
20750.056 1.2108425398299388e-09
20800.056 1.1934173341798306e-09
20850.056 1.3498056952800255e-09
20900.056 1.3999847937499294e-09
20950.056 1.3683199473300515e-09
21000.056 1.3466381490400261e-09
21050.056 1.404071558429955e-09
21100.056 1.3588983456700238e-09
21150.056 1.3547718180299245e-09
21200.056 1.2964106782600622e-09
21250.056 1.2334754549198804e-09
21300.056 1.1077322558500113e-09
21350.056 1.0744519019449387e-09
21400.056 1.0733756914201046e-09
21450.056 8.975305322225197e-10
21500.056 8.128916555267362e-10
21550.056 7.459883002742956e-10
21600.056 6.612330957349108e-10
21650.056 5.090852512188895e-10
21700.056 4.81658102716569e-10
21750.056 4.2959929448979625e-10
21800.056 3.030709935483598e-10
21850.056 2.8002254489941065e-10
21900.056 2.0430037043997822e-10
21950.056 9.420561380137635e-11
22000.056 1.5480468404319385e-11
22050.056 2.4598744449853953e-11
22100.056 9.1877453618292e-11
22150.056 6.47771940998288e-11
22200.056 6.635170290983268e-11
22250.056 5.569448111332655e-11
22300.056 2.7388143303574806e-11
22350.056 3.6324961442840005e-11
22400.056 1.2880967660900571e-11
22450.056 2.142687391237664e-11
22500.056 1.6618952355988782e-11
22550.056 9.156703932871638e-12
22600.056 7.48058114044023e-12
22650.056 1.3860863101189788e-11
22700.056 1.2424834215090391e-11
22750.056 1.760573952248777e-11
22800.056 1.9918457718609605e-11
22850.056 1.3483104450461535e-11
22900.056 1.0020970922375634e-11
22950.056 8.298189685963058e-12
23000.056 1.0448698164853931e-11
23050.056 1.3289304833652085e-11
23100.056 7.73004814287315e-11
23150.056 6.587226576831505e-11
23200.056 2.8406938917007195e-12
23250.056 1.4213785834053245e-11
23300.056 1.167033131308054e-11
23350.056 1.5872365090842507e-11
23400.056 1.1546216636295404e-11
23450.056 7.485356054338523e-12
23500.056 8.279271667506328e-12
23550.056 1.7788200542571147e-11
23600.056 3.7829065111019913e-11
23650.056 4.799761056022719e-11
23700.056 8.390800006208592e-12
23750.056 9.662497468521825e-12
23800.056 4.66245084137232e-11
23850.056 2.881137140282734e-11
23900.056 6.586393810860263e-11
23950.056 3.380373701919817e-11
24000.056 7.936853285792025e-11
24050.056 8.62869945568397e-11
24100.056 9.829559000112574e-11
24150.056 1.450595080434868e-10
24200.056 9.856059560319212e-11
24250.056 8.03870726663148e-11
24300.056 1.6129901300224744e-10
24350.056 1.2097708559150886e-10
24400.056 2.6827416672761323e-10
24450.056 2.8025044790886376e-10
24500.056 2.397971726604149e-10
24550.056 3.991246446270001e-10
24600.056 4.2986618054083605e-10
24650.056 6.055631065446386e-10
24700.056 3.888569585533063e-10
24750.056 4.938909084332079e-10
24800.056 4.187476148153978e-10
24850.056 6.999159015448781e-10
24900.056 2.69365434802694e-10
24950.056 5.760378245819024e-10
25000.056 5.623135151799657e-10
25050.056 3.0617892011549025e-10
25100.056 5.294765184030538e-10
25150.056 2.371888495815135e-10
25200.056 3.5096353283166367e-10
25250.056 1.2273749467133373e-10
25300.056 1.8104060442310915e-10
25350.056 7.674170798568637e-11
25400.056 2.1246786947884927e-10
25450.056 6.073138655970625e-11
25500.056 5.032805712193362e-11
25550.056 1.2112232716807084e-10
25600.056 6.50307745141058e-11
25650.056 2.626775728700753e-11
25700.056 2.990607134837933e-11
25750.056 7.512303142717542e-12
25800.056 4.947764113426651e-11
25850.056 7.89000243997886e-12
25900.056 1.1961949600203915e-11
25950.056 2.2904985113971703e-12
26000.056 4.33482912358459e-11
26050.056 3.8568388490328596e-12
26100.056 2.5405210009446706e-11
26150.056 9.62862808561317e-12
26200.056 1.3043334606320427e-11
26250.056 1.1524557807321946e-10
26300.056 1.8424407651414262e-11
26350.056 2.2042677532731574e-10
26400.056 3.205207136540728e-10
26450.056 1.8057510371984357e-10
26500.056 4.6056778344587337e-10
26550.056 4.138738992439354e-11
26600.056 4.7740559592386973e-11
26650.056 5.421735692212794e-12
26700.056 3.0374723690856975e-12
26750.056 4.810128666681908e-12
26800.056 1.8200032558773508e-11
26850.056 9.620402667476769e-12
26900.056 5.732987648721714e-11
26950.056 1.696610481211679e-11
27000.056 1.0991567428666557e-10
27050.056 1.3949801297363578e-10
27100.056 1.1408194228570413e-11
27150.056 1.670124165472161e-10
27200.056 1.0986517541993469e-11
27250.056 4.739013021934462e-11
27300.056 4.357641972745346e-10
27350.056 1.2171838505041284e-10
27400.056 5.024207804619137e-12
27450.056 1.6697361510848383e-10
27500.056 2.2116748121401841e-10
27550.056 2.518674935107472e-11
27600.056 8.76428318094436e-11
27650.056 1.922388880512349e-11
27700.056 1.7853065542035012e-11
27750.056 1.4312126980730015e-10
27800.056 3.9098339174343847e-11
27850.056 7.050497280851545e-11
27900.056 7.982652573835773e-11
27950.056 2.038161006686108e-10
28000.056 1.802841356783408e-10
28050.056 1.837228279590375e-11
28100.056 2.0303214784482905e-10
28150.056 1.3812870698331711e-10
28200.056 3.260628888338164e-11
28250.056 2.833271706341557e-10
28300.056 2.644728590796337e-10
28350.056 4.200924245266893e-11
28400.056 1.8166909116214284e-10
28450.056 3.481406809803772e-10
28500.056 1.9168381113408752e-10
28550.056 3.4865397521860155e-11
28600.056 3.364690607920833e-10
28650.056 2.0185013364883137e-10
28700.056 3.174277487542308e-10
28750.056 5.390213428828021e-10
28800.056 2.101546134060623e-10
28850.056 5.106266323056533e-10
