galfind/configs/Brown_Dwarf_templates/sonora_bobcat/m0.0/562g/sp_t1900g562nc_m0.0_resample.dat
# %ECSV 1.0
# ---
# datatype:
# - {name: wav, unit: Angstrom, datatype: float64}
# - {name: flux_nu, unit: erg / (cm2 Hz s), datatype: float64}
# meta: {C/O: '1.00', Kzz: '1.0000E+05', Teff: '1900.', Y: '0.28', '[Fe/H]': '0.00', f_hole: '1.00', f_rain: '0.00', grav: '562.'}
# schema: astropy-2.0
wav flux_nu
[from data line 496]
28800.056 1.3111875261102971e-06
28850.056 1.390190342020129e-06
28900.056 1.0282605826880221e-06
28950.056 1.550629615459921e-06
29000.056 1.2849691015497003e-06
29050.056 1.3724749848599918e-06
29100.056 1.0881840919301642e-06
29150.056 1.4692078911901307e-06
29200.056 1.2437497998001441e-06
29250.056 1.4078666472999699e-06
29300.056 1.1392964330596107e-06
29350.056 1.681408517039823e-06
29400.056 1.3355266502598738e-06
29450.056 1.3475421915599782e-06
29500.056 1.401055407899873e-06
29550.056 1.3639232941800606e-06
29600.056 1.5044550810797267e-06
29650.056 1.388081664029913e-06
29700.056 1.2985641422398517e-06
29750.056 1.5607576520004668e-06
29800.056 1.6019909248098122e-06
29850.056 1.4861676215698383e-06
29900.056 1.3818573411604499e-06
29950.056 1.666209612089743e-06
30000.056 1.6112042050097079e-06
30050.056 1.492079654789974e-06
30100.056 1.2934714797196563e-06
30150.056 1.8949161218499457e-06
30200.056 1.64219107094011e-06
30250.056 1.65033409250032e-06
30300.056 1.5664056042098214e-06
30350.056 1.6026232685602376e-06
30400.056 1.917921856470285e-06
30450.056 1.5018899294701782e-06
30500.056 1.4144642076801434e-06
30550.056 1.8517849751702759e-06
30600.056 1.780593811760173e-06
30650.056 1.8277567243000373e-06
30700.056 1.655251748479864e-06
30750.056 1.6446933218700014e-06
30800.056 1.9295269874803406e-06
30850.056 1.6368593195998802e-06
30900.056 1.6051733229098655e-06
30950.056 1.5427736250901925e-06
31000.056 1.8128157087099888e-06
31050.056 1.7025346058400012e-06
31100.056 1.5784887229799286e-06
31150.056 1.7290306843896815e-06
31200.056 1.7242918980798652e-06
31250.056 1.8522678493401663e-06
31300.056 1.667512508199833e-06
31350.056 1.6565474114299553e-06
31400.056 1.6082956830103847e-06
31450.056 1.67397694303995e-06
31500.056 1.6692279946200162e-06
31550.056 1.5812440681599753e-06
31600.056 1.5863444290598898e-06
31650.056 1.67231321148992e-06
31700.056 1.637650725799883e-06
31750.056 1.5029694652102363e-06
31800.056 1.7514233330399729e-06
31850.056 1.7734676481202213e-06
31900.056 1.921519483589922e-06
31950.056 1.451800134379953e-06
32000.056 1.5816909319300859e-06
32050.056 1.8406448254602227e-06
32100.056 1.849143399759804e-06
32150.056 1.9485873612899085e-06
32200.056 1.8139336011299483e-06
32250.056 1.861873230220199e-06
32300.056 1.8099342506899953e-06
32350.056 2.145555416360392e-06
32400.056 1.794636882360017e-06
32450.056 1.911349567539922e-06
32500.056 2.04197957778031e-06
32550.056 2.3129261626300305e-06
32600.056 2.2435816031798783e-06
32650.056 2.2620383270304935e-06
32700.056 2.1829821887502453e-06
32750.056 2.207970611600013e-06
32800.056 2.0466212926301986e-06
32850.056 2.4679171942797297e-06
32900.056 2.4497479198000314e-06
32950.056 2.1249568778698733e-06
33000.056 2.2467328397401414e-06
33050.056 2.2420602425797874e-06
33100.056 2.184913046339574e-06
33150.056 1.6539516945501715e-06
33200.056 1.2904972429896976e-06
33250.056 1.2446964014395179e-06
33300.056 1.1864884314302843e-06
33350.056 1.2897534974400828e-06
33400.056 1.2942441950598174e-06
33450.056 1.447049134379733e-06
33500.056 1.806119748420262e-06
33550.056 1.7915578168999975e-06
33600.056 2.0306576041403015e-06
33650.056 2.2548245067305407e-06
33700.056 2.2263391504497996e-06
33750.056 2.4399740034799985e-06
33800.056 2.245801981409778e-06
33850.056 2.361301228010185e-06
33900.056 2.5853642547996414e-06
33950.056 2.347219640749874e-06
34000.056 2.3893202088295207e-06
34050.056 2.3275174311996173e-06
34100.056 2.5343058056002844e-06
34150.056 2.381843128589438e-06
34200.056 2.293951049979478e-06
34250.056 2.6050718363997108e-06
34300.056 2.218704785059037e-06
34350.056 2.350762614950049e-06
34400.056 2.259821505029968e-06
34450.056 2.232633090820104e-06
34500.056 2.5715658387002977e-06
34550.056 2.2260513968498727e-06
34600.056 2.4856586230000137e-06
34650.056 2.493207473600106e-06
34700.056 2.4727235167995417e-06
34750.056 2.717819530680251e-06
34800.056 2.5399974690696734e-06
34850.056 2.3979109604001095e-06
34900.056 2.4777189633902584e-06
34950.056 2.441375492099541e-06
35000.056 2.522618746629837e-06
35050.056 2.8586536130005743e-06
35100.056 2.5610889760996566e-06
35150.056 2.6993514457599367e-06
35200.056 2.6900750822999622e-06
35250.056 2.6065514773401136e-06
35300.056 2.6678846980900723e-06
35350.056 2.7935100179998714e-06
35400.056 2.627976644680005e-06
35450.056 2.485297696440422e-06
35500.056 2.9340569519998764e-06
35550.056 2.793792711099912e-06
35600.056 2.5981891057998152e-06
35650.056 3.0479584734002933e-06
35700.056 2.645129778500186e-06
35750.056 2.8211910962397015e-06
35800.056 3.0657331789998224e-06
35850.056 2.855400958700112e-06
35900.056 3.2332209659997343e-06
35950.056 2.9778572003999597e-06
36000.056 2.8163327576998726e-06
36050.056 3.243007645600329e-06
36100.056 3.2741019657992513e-06
36150.056 2.8970286072004343e-06
36200.056 3.277229408299724e-06
36250.056 3.0090133595996483e-06
36300.056 3.4751887415303467e-06
36350.056 3.2113012717996805e-06
36400.056 3.2070755938000464e-06
36450.056 3.5620459492996905e-06
36500.056 3.262089836700159e-06
36550.056 3.253441129200592e-06
36600.056 3.2571611101001545e-06
36650.056 3.390787544400096e-06
36700.056 3.659426034799956e-06
36750.056 3.268660661600179e-06
36800.056 3.4392719374998773e-06
36850.056 3.57412483500021e-06
36900.056 3.514413337200384e-06
36950.056 3.522202911699886e-06
37000.056 3.6349372096998964e-06
37050.056 3.707331914799824e-06
37100.056 3.6078248333003314e-06
37150.056 3.6386619654995233e-06
37200.056 3.737234297799995e-06
37250.056 3.770397936900032e-06
37300.056 3.816699614700473e-06
37350.056 3.541383807600423e-06
37400.056 3.757197676299863e-06
37450.056 3.6417848139001863e-06
37500.056 3.842617550699734e-06
37550.056 3.7582341144995052e-06
37600.056 3.949407438899743e-06
37650.056 3.7255009600998515e-06
37700.056 3.894748090199976e-06
37750.056 3.931763488999804e-06
37800.056 4.004485027699861e-06
37850.056 3.868328494499883e-06
37900.056 3.922994914400288e-06
37950.056 3.958544816600089e-06
38000.056 3.989953506300319e-06
38050.056 3.963029117000248e-06
38100.056 3.7917662406002454e-06
38150.056 4.109989890799804e-06
38200.056 4.1111449109997445e-06
38250.056 3.829253683600385e-06
38300.056 3.8084733386999665e-06
38350.056 3.953447098499943e-06
38400.056 4.033838748199822e-06
38450.056 4.17510272930017e-06
38500.056 3.9726817576999074e-06
38550.056 4.030880365900202e-06
38600.056 4.385889268799895e-06
38650.056 3.9159141634000374e-06
38700.056 3.9284617362005535e-06
38750.056 4.143565029499961e-06
38800.056 4.075521448100395e-06
38850.056 4.051417941100097e-06
38900.056 3.881134031299895e-06
38950.056 4.161398978699908e-06
39000.056 4.031097005100105e-06
39050.056 4.125787393699908e-06
39100.056 3.8686553545000946e-06
39150.056 4.03158013880011e-06
39200.056 4.118697182800066e-06
39250.056 4.08042933689954e-06
39300.056 4.072432869799531e-06
39350.056 4.066215840500297e-06
39400.056 4.014632900700102e-06
39450.056 4.0628815375999e-06
39500.056 3.923414796199738e-06
39550.056 3.883534273299562e-06
39600.056 4.210553039299983e-06
39650.056 3.796449379200083e-06
39700.056 3.913932444199912e-06
39750.056 3.933937812599665e-06
39800.056 3.6798692402001652e-06
39850.056 3.887508010099799e-06
39900.056 3.7686859359999596e-06
39950.056 3.935524993499829e-06
40000.056 3.5934462430998507e-06
40050.056 3.476670723199986e-06
40100.056 3.7129377080998635e-06
40150.056 3.486156594299435e-06
40200.056 3.639589531899836e-06
40250.056 3.4370091545991782e-06
40300.056 3.355553375700322e-06
40350.056 3.53760853070022e-06
40400.056 3.5251590599000263e-06
40450.056 3.3099969282002334e-06
40500.056 3.092043022400202e-06
40550.056 3.5591108441996998e-06
40600.056 3.058817868400268e-06
40650.056 3.329505468700294e-06
40700.056 3.4832256436000804e-06
40750.056 3.0691884680991163e-06
40800.056 3.0274328378001438e-06
40850.056 2.879963480500595e-06
40900.056 2.9152444534002703e-06
40950.056 3.034700822599951e-06
41000.056 3.1015453810999936e-06
41050.056 3.0673994187195243e-06
41100.056 2.8630128582999913e-06
41150.056 3.096798169300017e-06
41200.056 2.922551359000079e-06
41250.056 2.9694871620001897e-06
41300.056 2.587056668899641e-06
41350.056 3.010784764400068e-06
41400.056 2.7856106438002003e-06
41450.056 2.811466601700175e-06
41500.056 2.962913272300199e-06
41550.056 2.861465944580071e-06
41600.056 2.837624472600101e-06
41650.056 2.6730242582003248e-06
41700.056 2.5530265559797315e-06
41750.056 2.7181069434998644e-06
41800.056 2.7667373723397133e-06
41850.056 2.3364295483903596e-06
41900.056 2.7662176104698445e-06
41950.056 2.5926362777004795e-06
42000.056 2.5891359378902928e-06
42050.056 2.34497099036948e-06
42100.056 2.643257044200259e-06
42150.056 2.068466762579564e-06
42200.056 2.188629018140139e-06
42250.056 2.4983095866298614e-06
42300.056 2.159828575740086e-06
42350.056 2.4784968795604693e-06
42400.056 2.1691681705503396e-06
42450.056 1.9369737535500846e-06
42500.056 2.0280244500902173e-06
42550.056 2.088349335399933e-06
42600.056 2.0858073272502915e-06
42650.056 2.0126026938292177e-06
42700.056 2.1447637642004275e-06
42750.056 2.000969818499938e-06
42800.056 2.039097668210499e-06
42850.056 2.1981769903996367e-06
42900.056 2.1547592573300934e-06
42950.056 1.8906412192393006e-06
43000.056 2.0005007690499414e-06
43050.056 1.817360100390757e-06
43100.056 1.9695432672600466e-06
43150.056 1.977320939320275e-06
43200.056 1.8819901889501288e-06
43250.056 1.9143229997899083e-06
43300.056 1.968434615820138e-06
43350.056 1.7273998499197863e-06
43400.056 1.797732617049924e-06
43450.056 1.7527617936003358e-06
43500.056 1.7459089784998124e-06
43550.056 1.765131158600065e-06
43600.056 1.8515143259800925e-06
43650.056 1.6129728816900697e-06
43700.056 1.6306850210198063e-06
43750.056 1.648292273420181e-06
43800.056 1.5344660148500849e-06
43850.056 1.555321102580308e-06
43900.056 1.6108341568899325e-06
43950.056 1.4864698566400543e-06
44000.056 1.3776683123800863e-06
44050.056 1.3772732955900763e-06
44100.056 1.4597184347702055e-06
44150.056 1.5207354773198576e-06
44200.056 1.397569893330042e-06
44250.056 1.3856234392399997e-06
44300.056 1.3401030666701553e-06
44350.056 1.2865823601000897e-06
44400.056 1.3565341737899235e-06
44450.056 1.3810175522400698e-06
44500.056 1.3458644179001323e-06
44550.056 1.2387033523597812e-06
44600.056 1.2456841461801346e-06
44650.056 1.3394360627200201e-06
44700.056 1.2408347387300715e-06
44750.056 1.2768789029298723e-06
44800.056 1.266281003469958e-06
44850.056 1.2598962216901128e-06
44900.056 1.1954134579601165e-06
44950.056 1.136924112740057e-06
45000.056 1.2249227790599537e-06
45050.056 1.2264499229199039e-06
45100.056 1.265929234140007e-06
45150.056 1.1577126799999964e-06
45200.056 1.073168836959992e-06
45250.056 1.1222131932099233e-06
45300.056 1.223851013750045e-06
45350.056 1.2499149566899106e-06
45400.056 1.1635462276601335e-06
45450.056 1.0881670422398447e-06
45500.056 1.1387083910199417e-06
45550.056 1.2334653988699744e-06
45600.056 1.132215559179975e-06
45650.056 1.0481677713898324e-06
45700.056 1.2068806061100766e-06
45750.056 1.0978768467900323e-06
45800.056 1.0834325851899569e-06
45850.056 1.2874057629699701e-06
45900.056 1.2624565931600297e-06
45950.056 1.1081744078299943e-06
46000.056 1.307921404980018e-06
46050.056 1.318346228760278e-06
46100.056 1.0752979301400906e-06
46150.056 1.1726156000799278e-06
46200.056 1.2448315403802547e-06
46250.056 1.0452399447600044e-06
46300.056 1.351262251819986e-06
46350.056 1.1628789466398982e-06
46400.056 1.1900598880098885e-06
46450.056 1.2300531411501487e-06
46500.056 1.1184230211799197e-06
46550.056 1.3677162357000081e-06
46600.056 1.265606106580057e-06
46650.056 1.604198377989838e-06
46700.056 1.5195568556504642e-06
46750.056 1.2005914014599654e-06
46800.056 1.2882881400801602e-06
46850.056 1.3994751852901621e-06
46900.056 1.2985574851198052e-06
46950.056 1.5015544479099997e-06
47000.056 1.2319979186700063e-06
47050.056 1.4844702725398608e-06
47100.056 1.1395274259900772e-06
47150.056 1.2937324866201218e-06
47200.056 1.3846153790103036e-06
47250.056 1.2312879666498487e-06
47300.056 1.3004917988797593e-06
47350.056 1.1006073272898613e-06
47400.056 1.3575360729997779e-06
47450.056 1.1979778135799079e-06
47500.056 1.3514929998298462e-06
47550.056 1.1987816969199152e-06
47600.056 1.377318112969885e-06
47650.056 1.0267523014498034e-06
47700.056 1.4026861213700192e-06
47750.056 9.81646981950205e-07
47800.056 1.3604507734099048e-06
47850.056 1.034228121709903e-06
47900.056 1.3562949282600582e-06
47950.056 1.0498591597501718e-06
48000.056 1.526648281499982e-06
48050.056 1.1477529907201554e-06
48100.056 1.2912874350599565e-06
48150.056 1.1454877340901464e-06
48200.056 1.3774676226201228e-06
48250.056 1.1392955525500268e-06
48300.056 1.4953645891898162e-06
48350.056 1.0298184270198721e-06
48400.056 1.33669329693998e-06
48450.056 1.0831533664500308e-06
48500.056 1.5165731843000239e-06
48550.056 1.0276675641499998e-06
48600.056 1.4287329268198908e-06
48650.056 1.0677093675599796e-06
48700.056 1.4124903892601016e-06
48750.056 9.625243058100672e-07
48800.056 1.5094623793800782e-06
48850.056 1.0411505505198028e-06
48900.056 1.4254762621401247e-06
48950.056 1.2195941060799935e-06
49000.056 1.2319585598999367e-06
49050.056 1.3375944423299368e-06
49100.056 1.2037661609701033e-06
49150.056 1.2775645553399655e-06
49200.056 1.1790606680399458e-06
49250.056 1.2723599942200003e-06
49300.056 1.1070490936498827e-06
49350.056 1.208525743769958e-06
49400.056 1.3932633192500474e-06
49450.056 1.1859095171802508e-06
49500.056 1.2471323624600587e-06
49550.056 1.0932662452599405e-06
49600.056 1.1991147082202242e-06
49650.056 1.258813169030003e-06
49700.056 1.0822606275899114e-06
49750.056 1.659502175439838e-06
49800.056 1.1814518194900408e-06
49850.056 1.5515936071600815e-06
49900.056 1.2200933560000434e-06
49950.056 1.2764068481397842e-06
50000.056 1.2764316458097293e-06
50050.056 1.254044477420083e-06
50100.056 1.4036540600199243e-06
50150.056 1.1528894957500211e-06
50200.056 1.1015830083401317e-06
50250.056 1.2927203316400633e-06
50300.056 1.1659679885299494e-06
50350.056 1.445110902499964e-06
50400.056 1.2106043325299154e-06
50450.056 1.2265771731701655e-06
50500.056 1.5613367961101793e-06
50550.056 1.254826235489972e-06
50600.056 1.3801367328299718e-06
50650.056 1.2742651409402186e-06
50700.056 1.4462788007597521e-06
50750.056 1.5192450655101793e-06
50800.056 1.0644509865298646e-06
50850.056 1.3065686934001635e-06
50900.056 1.405644882069936e-06
50950.056 1.3881257412302426e-06
51000.056 1.6518547416301369e-06
51050.056 1.245454775280119e-06
51100.056 1.2129983151499191e-06
51150.056 1.4045446093699296e-06
51200.056 1.3084133471899775e-06
51250.056 1.4746175898899957e-06
51300.056 1.1738931289703145e-06
51350.056 1.393758770159854e-06
51400.056 1.298200278049754e-06
51450.056 9.629432587698531e-07
51500.056 1.3049815494600654e-06
51550.056 1.6743816381001327e-06
51600.056 1.0952222752300308e-06
51650.056 1.3515181194598085e-06
51700.056 1.2723013485596314e-06
51750.056 1.190786714780062e-06
51800.056 1.4802550326497452e-06
51850.056 1.3975742855698081e-06
51900.056 1.5180802646201839e-06
51950.056 1.3885848664698785e-06
52000.056 1.1408783923799545e-06
52050.056 1.3727181930899117e-06
52100.056 1.269259355239821e-06
52150.056 1.2822249986300644e-06
52200.056 1.2402641282000526e-06
52250.056 1.2911327692899794e-06
52300.056 1.4590896966299738e-06
52350.056 1.5183839937801487e-06
52400.056 1.1037328229901506e-06
52450.056 1.2938091575900197e-06
52500.056 1.4918757971397626e-06
52550.056 1.37207022752969e-06
52600.056 1.3942417971101264e-06
52650.056 1.563553112230178e-06
52700.056 1.292871200750049e-06
52750.056 1.1114811495999073e-06
52800.056 1.2241842840401015e-06
52850.056 1.1710773754598907e-06
52900.056 1.3444350882500263e-06
52950.056 1.2804138679198817e-06
53000.056 1.4873657573999352e-06
53050.056 1.2854501830597497e-06
53100.056 1.2695765623898156e-06
53150.056 1.5610862268602109e-06
53200.056 1.0553987172301261e-06
53250.056 1.4802928802499883e-06
