galfind/configs/Brown_Dwarf_templates/sonora_cholla/logkzz2/178g/1000K_178g_logkzz2_resample.dat
# %ECSV 1.0
# ---
# datatype:
# - {name: wav, unit: Angstrom, datatype: float64}
# - {name: flux_nu, unit: erg / (cm2 Hz s), datatype: float64}
# schema: astropy-2.0
wav flux_nu
[from data line 388]
29400.000000000095 9.423643880823218e-08
29450.000000000095 9.538132793278327e-08
29500.000000000095 1.0503349247575491e-07
29550.000000000095 8.843355395661069e-08
29600.000000000095 1.268466953023014e-07
29650.000000000095 1.0561901565504601e-07
29700.000000000095 8.851508627042794e-08
29750.000000000095 1.1322173483845287e-07
29800.000000000095 1.3506674642745187e-07
29850.000000000095 1.394043531650504e-07
29900.000000000095 1.294590533620315e-07
29950.000000000095 1.0989904421977491e-07
30000.000000000095 1.124209824388384e-07
30050.000000000095 9.45145194902176e-08
30100.000000000095 1.1470254346905144e-07
30150.000000000095 1.4525244187992622e-07
30200.000000000095 1.0894487249712709e-07
30250.000000000095 1.4761779283134032e-07
30300.000000000095 1.2758898314095683e-07
30350.000000000095 1.077636960592899e-07
30400.000000000095 1.2877553718413904e-07
30450.000000000095 1.044364243701316e-07
30500.000000000095 9.855382045303574e-08
30550.000000000095 1.0076943388566823e-07
30600.000000000095 1.1249992875422756e-07
30650.000000000095 9.971296233021244e-08
30700.000000000095 8.823540938891416e-08
30750.000000000095 7.950554576067492e-08
30800.000000000095 8.081092414590253e-08
30850.000000000095 7.511124040115646e-08
30900.000000000095 7.387270128509818e-08
30950.000000000095 5.435043776492853e-08
31000.000000000095 6.136414215876086e-08
31050.000000000095 6.298400784549357e-08
31100.000000000095 4.1998553032691135e-08
31150.000000000095 5.275554089943835e-08
31200.000000000095 5.39899169664097e-08
31250.000000000095 4.259563148778847e-08
31300.000000000095 4.022754764600497e-08
31350.000000000095 4.006455344453743e-08
31400.000000000095 2.6230715494806502e-08
31450.000000000095 4.1794110650492947e-08
31500.000000000095 2.762477393141982e-08
31550.000000000095 3.662008329822038e-08
31600.000000000095 2.4303804824898515e-08
31650.000000000095 2.590149672170504e-08
31700.000000000095 2.9036041920822705e-08
31750.000000000095 1.995012199106881e-08
31800.000000000095 2.612584791358656e-08
31850.000000000095 2.2812365491011867e-08
31900.000000000095 2.288448571815233e-08
31950.000000000095 2.1781988692727545e-08
32000.000000000095 2.2724826935357924e-08
32050.000000000095 1.654325958508163e-08
32100.000000000095 1.668925207558141e-08
32150.000000000095 2.113659925943737e-08
32200.000000000095 1.596905328664579e-08
32250.000000000095 2.5494736577038733e-08
32300.000000000095 1.365526250821056e-08
32350.000000000095 2.7965972417511852e-08
32400.000000000095 1.9090283139031675e-08
32450.000000000095 2.6296805902586243e-08
32500.000000000095 1.970658660476453e-08
32550.000000000095 2.5050803305966833e-08
32600.000000000095 2.611073414665721e-08
32650.000000000095 3.504797944544322e-08
32700.000000000095 2.8006528517205708e-08
32750.000000000095 3.9959302053566004e-08
32800.000000000095 2.9361102212555907e-08
32850.000000000095 4.294669522251357e-08
32900.000000000095 4.385484815964054e-08
32950.000000000095 4.8736282673512846e-08
33000.000000000095 4.156772140822355e-08
33050.000000000095 4.033104718075481e-08
33100.000000000095 1.948643557595628e-08
33150.000000000095 4.939743014010069e-09
33200.000000000095 5.764131917390443e-09
33250.000000000095 3.1240186949598815e-09
33300.000000000095 3.623585223545213e-09
33350.000000000095 7.319502060456408e-09
33400.000000000095 1.1284204265723809e-08
33450.000000000095 1.4743298841322252e-08
33500.000000000095 2.0140029456098737e-08
33550.000000000095 1.9346557145765055e-08
33600.000000000095 3.092752830963203e-08
33650.000000000095 2.8548911976948347e-08
33700.000000000095 2.6234079953774283e-08
33750.000000000095 3.5347668106822065e-08
33800.000000000095 2.495556653531882e-08
33850.000000000095 3.3559996194797344e-08
33900.000000000095 3.083270429009763e-08
33950.000000000095 3.295155376964807e-08
34000.000000000095 3.799784776013062e-08
34050.000000000095 1.7460139296735904e-08
34100.000000000095 3.6454860338614774e-08
34150.000000000095 2.6780606765389652e-08
34200.000000000095 3.383914738132911e-08
34250.000000000095 2.6544858606468504e-08
34300.000000000095 2.3564291295431277e-08
34350.000000000095 3.29491327334162e-08
34400.000000000095 2.6050344935281395e-08
34450.000000000095 3.794120350916857e-08
34500.000000000095 2.9325063623095716e-08
34550.000000000095 2.193573940685642e-08
34600.000000000095 3.755679073844285e-08
34650.000000000095 2.3743929396589403e-08
34700.000000000095 2.737441382170267e-08
34750.000000000095 2.6016488325292395e-08
34800.000000000095 1.9058861728159166e-08
34850.000000000095 2.9822674719122294e-08
34900.000000000095 3.5583670629704956e-08
34950.000000000095 3.015036664898901e-08
35000.000000000095 3.971175971424286e-08
35050.000000000095 3.130004381267569e-08
35100.000000000095 4.1657495707982235e-08
35150.000000000095 3.8411889171968025e-08
35200.000000000095 5.38701110626759e-08
35250.000000000095 5.075223305438586e-08
35300.000000000095 3.530786210388736e-08
35350.000000000095 5.145821556902784e-08
35400.000000000095 4.993430702360981e-08
35450.000000000095 4.39997955837079e-08
35500.000000000095 7.145881721631096e-08
35550.000000000095 5.970252911108092e-08
35600.000000000095 6.155457841095179e-08
35650.000000000095 5.998451911235062e-08
35700.000000000095 4.373008875797377e-08
35750.000000000095 7.869444023915955e-08
35800.000000000095 6.708651738402632e-08
35850.000000000095 4.946050915355962e-08
35900.000000000095 7.578470011126102e-08
35950.000000000095 7.170260202284301e-08
36000.000000000095 4.9305529151802396e-08
36050.000000000095 7.07486786238133e-08
36100.000000000095 6.911422684916738e-08
36150.000000000095 7.345192506758937e-08
36200.000000000095 7.141897115031604e-08
36250.000000000095 8.143489696428878e-08
36300.000000000095 8.529505597424354e-08
36350.000000000095 9.125294034265571e-08
36400.000000000095 1.106650159288236e-07
36450.000000000095 1.0708906677177209e-07
36500.000000000095 1.1199660995428176e-07
36550.000000000095 1.1228373633460463e-07
36600.000000000095 1.3803205404517784e-07
36650.000000000095 1.4055414162185618e-07
36700.000000000095 1.495110426666333e-07
36750.000000000095 1.6147754126008805e-07
36800.000000000095 1.4364678338298822e-07
36850.000000000095 1.3559103444817813e-07
36900.000000000095 1.4500394153807526e-07
36950.000000000095 1.5680882924347337e-07
37000.000000000095 1.4836981252159162e-07
37050.000000000095 1.642384043765876e-07
37100.000000000095 1.7791795691701144e-07
37150.000000000095 1.7529581433339312e-07
37200.000000000095 1.7110668608637528e-07
37250.000000000095 1.517007657346243e-07
37300.000000000095 1.62979797961959e-07
37350.000000000095 1.838114799773444e-07
37400.000000000095 2.1055467520000908e-07
37450.000000000095 1.9509418204614936e-07
37500.000000000095 1.616957508519288e-07
37550.000000000095 2.4248111119423264e-07
37600.000000000095 2.480727251328024e-07
37650.000000000095 1.9324243132850556e-07
37700.000000000095 2.0919562184924716e-07
37750.000000000095 1.7000477148420864e-07
37800.000000000095 1.9293690675688514e-07
37850.000000000095 1.7286448915042197e-07
37900.000000000095 1.950121621455266e-07
37950.000000000095 2.250610554354458e-07
38000.000000000095 2.6411088810952167e-07
38050.000000000095 2.2963487661738112e-07
38100.000000000095 2.4875121204396895e-07
38150.000000000095 2.6373749800760035e-07
38200.000000000095 2.8171285083260037e-07
38250.000000000095 2.6810921531777505e-07
38300.000000000095 3.287026379166834e-07
38350.000000000095 3.3497182577188836e-07
38400.000000000095 2.3569129648517034e-07
38450.000000000095 2.5697020918798935e-07
38500.000000000095 2.1174004811744875e-07
38550.000000000095 2.568535337082888e-07
38600.000000000095 2.6372895868921813e-07
38650.000000000095 3.412050655652718e-07
38700.000000000095 3.096136514515316e-07
38750.000000000095 3.1440751892530135e-07
38800.000000000095 2.686305035002017e-07
38850.000000000095 3.5510747866929983e-07
38900.000000000095 3.5206589938998927e-07
38950.000000000095 3.139857608710452e-07
39000.000000000095 3.905065870794051e-07
39050.000000000095 3.287331672179125e-07
39100.000000000095 3.543230202563789e-07
39150.000000000095 3.3699898181158713e-07
39200.000000000095 3.2332722048919657e-07
39250.000000000095 3.9113700234477584e-07
39300.000000000095 3.7254890437284445e-07
39350.000000000095 4.5991523399847134e-07
39400.000000000095 4.3127470695552786e-07
39450.000000000095 4.2651982872467003e-07
39500.000000000095 3.693527524683434e-07
39550.000000000095 3.929175530923693e-07
39600.000000000095 4.1410706235865813e-07
39650.000000000095 4.986710295470549e-07
39700.000000000095 4.0912641610670474e-07
39750.000000000095 3.388839189625586e-07
39800.000000000095 4.429939068770349e-07
39850.000000000095 4.775732884045546e-07
39900.000000000095 4.609145136767074e-07
39950.000000000095 4.586986154465162e-07
40000.000000000095 5.137254002115794e-07
40050.000000000095 5.072176628107341e-07
40100.000000000095 4.100996742318651e-07
40150.000000000095 5.648624322116108e-07
40200.000000000095 5.605205633859796e-07
40250.000000000095 4.90975760156551e-07
40300.000000000095 5.506776341993855e-07
40350.000000000095 4.7068290534684885e-07
40400.000000000095 5.427713933229152e-07
40450.000000000095 5.22906411678019e-07
40500.000000000095 5.533869716377115e-07
40550.000000000095 5.733095181574438e-07
40600.000000000095 5.355929540365372e-07
40650.000000000095 5.731323591174359e-07
40700.000000000095 7.050858940202681e-07
40750.000000000095 6.086204640894396e-07
40800.000000000095 4.964634561109483e-07
40850.000000000095 6.534445408688573e-07
40900.000000000095 5.615959468739157e-07
40950.000000000095 5.404400258625441e-07
41000.000000000095 5.970909124260657e-07
41050.000000000095 6.785310218211745e-07
41100.000000000095 5.373885616689697e-07
41150.000000000095 4.914882240564877e-07
41200.000000000095 6.668581667269319e-07
41250.000000000095 6.360664887127798e-07
41300.000000000095 5.142815800473444e-07
41350.000000000095 7.032229681362831e-07
41400.000000000095 6.327674357910773e-07
41450.000000000095 6.631349582756178e-07
41500.000000000095 5.59563123072551e-07
41550.000000000095 5.505069835138696e-07
41600.000000000095 6.487885983603813e-07
41650.000000000095 5.845353507431646e-07
41700.000000000095 5.680649996597013e-07
41750.000000000095 5.117275005410962e-07
41800.000000000095 7.154678115433892e-07
41850.000000000095 4.1781783157825186e-07
41900.000000000095 5.397242196851945e-07
41950.000000000095 5.568886264528014e-07
42000.000000000095 5.986654323232504e-07
42050.000000000095 5.416438177629556e-07
42100.000000000095 6.007017395463411e-07
42150.000000000095 4.668927823329157e-07
42200.000000000095 5.258138980876401e-07
42250.000000000095 4.830522742462372e-07
42300.000000000095 5.149240944036738e-07
42350.000000000095 5.517907073724276e-07
42400.000000000095 4.730876336503711e-07
42450.000000000095 4.7161199458533037e-07
42500.000000000095 4.4503861579686803e-07
42550.000000000095 4.6380936121621933e-07
42600.000000000095 4.768635561324927e-07
42650.000000000095 6.2012924240552e-07
42700.000000000095 4.5297981811728833e-07
42750.000000000095 4.513186215727133e-07
42800.000000000095 4.2056331509177984e-07
42850.000000000095 4.907021838149713e-07
42900.000000000095 5.340812274680343e-07
42950.000000000095 4.121237790986388e-07
43000.000000000095 5.586658664970659e-07
43050.000000000095 3.3993082193761043e-07
43100.000000000095 4.5621867213661285e-07
43150.000000000095 5.163208330869317e-07
43200.000000000095 5.142188370562811e-07
43250.000000000095 5.437111227655254e-07
43300.000000000095 6.071347091693603e-07
43350.000000000095 4.219213123934731e-07
43400.000000000095 5.170627381746865e-07
43450.000000000095 3.8155133044445744e-07
43500.000000000095 3.874580852890522e-07
43550.000000000095 3.990899751227941e-07
43600.000000000095 5.079574516166997e-07
43650.000000000095 3.608561275098688e-07
43700.000000000095 5.546630729417675e-07
43750.000000000095 5.459629038717618e-07
43800.000000000095 4.361162543938641e-07
43850.000000000095 4.5960436563221583e-07
43900.000000000095 3.7317984761159494e-07
43950.000000000095 3.7438507254169835e-07
44000.000000000095 2.5143085947806864e-07
44050.000000000095 4.1431815621626673e-07
44100.000000000095 4.37396594181402e-07
44150.000000000095 4.419917780357277e-07
44200.000000000095 3.694160329932331e-07
44250.000000000095 3.4518672643512174e-07
44300.000000000095 3.169845384192164e-07
44350.000000000095 2.634457334386536e-07
44400.000000000095 2.9327151144888125e-07
44450.000000000095 3.0851429361677573e-07
44500.000000000095 2.452100783385873e-07
44550.000000000095 2.9776556587805103e-07
44600.000000000095 2.4237585984220924e-07
44650.000000000095 2.850590523977499e-07
44700.000000000095 2.544629090845562e-07
44750.000000000095 2.7350634341186483e-07
44800.000000000095 2.4312798538874744e-07
44850.000000000095 2.458519534011975e-07
44900.000000000095 1.889027589359055e-07
44950.000000000095 1.951369719600837e-07
45000.000000000095 2.0869097930762363e-07
45050.000000000095 2.1618480982895183e-07
45100.000000000095 1.9476327162285968e-07
45150.000000000095 1.8603246886787727e-07
45200.000000000095 1.3939462039223315e-07
45250.000000000095 1.572082712859546e-07
45300.000000000095 1.7850372418078425e-07
45350.000000000095 1.8446821306413356e-07
45400.000000000095 1.4225763305081885e-07
45450.000000000095 1.4546053649452837e-07
45500.000000000095 1.4577347291603628e-07
45550.000000000095 1.722188747650754e-07
45600.000000000095 1.443040008369155e-07
45650.000000000095 1.393083284934855e-07
45700.000000000095 1.6978749039999242e-07
45750.000000000095 1.5159194982092098e-07
45800.000000000095 1.332820002908164e-07
45850.000000000095 2.0481934589675279e-07
45900.000000000095 2.0145315518500206e-07
45950.000000000095 1.3955896451666637e-07
46000.000000000095 1.8856886824620415e-07
46050.000000000095 1.957312496784334e-07
46100.000000000095 1.4006263076370418e-07
46150.000000000095 1.8659001411385955e-07
46200.000000000095 1.7451591798939398e-07
46250.000000000095 1.0007631534931981e-07
46300.000000000095 2.1557574167647787e-07
46350.000000000095 1.4949425952839137e-07
46400.000000000095 1.886372787764963e-07
46450.000000000095 2.401361718957661e-07
46500.000000000095 1.7649234761335054e-07
46550.000000000095 2.204977273254814e-07
46600.000000000095 2.27854068011958e-07
46650.000000000095 3.728573520508818e-07
46700.000000000095 2.636187656969928e-07
46750.000000000095 2.1110519364534053e-07
46800.000000000095 1.586394439347667e-07
46850.000000000095 2.651015060975876e-07
46900.000000000095 2.2090244250264139e-07
46950.000000000095 2.87700390227958e-07
47000.000000000095 1.7360260067660746e-07
47050.000000000095 3.0334665274289417e-07
47100.000000000095 1.4394782229132497e-07
47150.000000000095 1.8726042733919475e-07
47200.000000000095 2.3829131215091726e-07
47250.000000000095 1.6247960939053361e-07
47300.000000000095 1.816037252966655e-07
47350.000000000095 1.4746892326809452e-07
47400.000000000095 2.593826047904024e-07
47450.000000000095 1.5260867979664993e-07
47500.000000000095 2.7795805972735395e-07
47550.000000000095 1.5798068943977837e-07
47600.000000000095 2.5431882668935474e-07
47650.000000000095 1.5341044796325098e-07
47700.000000000095 2.4001422657416914e-07
47750.000000000095 1.2390435707501273e-07
47800.000000000095 2.0553448235730885e-07
47850.000000000095 1.1579744448535967e-07
47900.000000000095 1.947560350407971e-07
47950.000000000095 1.6035111815820205e-07
48000.000000000095 2.9276075229455207e-07
48050.000000000095 1.8671690522515284e-07
48100.000000000095 2.248758831167166e-07
48150.000000000095 1.7430284013734427e-07
48200.000000000095 2.521304573344613e-07
48250.000000000095 1.819067146219702e-07
48300.000000000095 3.241453234742528e-07
48350.000000000095 1.6059070354777864e-07
48400.000000000095 2.0135243605729877e-07
48450.000000000095 1.6232000946016695e-07
48500.000000000095 3.078968697849666e-07
48550.000000000095 1.5255890104884447e-07
48600.000000000095 2.571602794340734e-07
48650.000000000095 1.6270289770296698e-07
