galfind/configs/Brown_Dwarf_templates/sonora_cholla/logkzz2/178g/1000K_178g_logkzz2_resample.dat
# %ECSV 1.0
# ---
# datatype:
# - {name: wav, unit: Angstrom, datatype: float64}
# - {name: flux_nu, unit: erg / (cm2 Hz s), datatype: float64}
# schema: astropy-2.0
wav flux_nu
[from data line 775]
48750.000000000095 1.7390789158357018e-07
48800.000000000095 2.8297702117317494e-07
48850.000000000095 1.9593267389231227e-07
48900.000000000095 2.920903706582719e-07
48950.000000000095 2.432295263474114e-07
49000.000000000095 1.9199900011527488e-07
49050.000000000095 2.748307917950125e-07
49100.000000000095 1.8465375915940237e-07
49150.000000000095 3.059006544751457e-07
49200.000000000095 2.2378246674957758e-07
49250.000000000095 3.1169973811248706e-07
49300.000000000095 2.3137369670717756e-07
49350.000000000095 2.1646945105170485e-07
49400.000000000095 2.5573394360790394e-07
49450.000000000095 2.6716610315677534e-07
49500.000000000095 2.3542764840351663e-07
49550.000000000095 1.4282589822709547e-07
49600.000000000095 2.4555568482836624e-07
49650.000000000095 2.3247558033966247e-07
49700.000000000095 1.9631307186122007e-07
49750.000000000095 3.279464031589383e-07
49800.000000000095 2.0614416248167362e-07
49850.000000000095 3.7086471089728584e-07
49900.000000000095 2.882096646789367e-07
49950.000000000095 2.885895445924817e-07
50000.000000000095 3.192701776861818e-07
50050.000000000095 3.1690268519395634e-07
50100.000000000095 3.5226147862577303e-07
50150.000000000095 1.9666208354042224e-07
50200.000000000095 1.3437604659169907e-07
50250.000000000095 3.171001862192577e-07
50300.000000000095 2.287255133795502e-07
50350.000000000095 3.098922848354452e-07
50400.000000000095 2.826781201536427e-07
50450.000000000095 2.653244045091233e-07
50500.000000000095 3.313416537291898e-07
50550.000000000095 2.8038448709967434e-07
50600.000000000095 3.021287427794023e-07
50650.000000000095 2.938703853876531e-07
50700.000000000095 3.9747774792115433e-07
50750.000000000095 3.6948873789578687e-07
50800.000000000095 1.9052613456123265e-07
50850.000000000095 2.0234289814913574e-07
50900.000000000095 3.5114344785274514e-07
50950.000000000095 3.525430326653149e-07
51000.000000000095 3.0552966140659265e-07
51050.000000000095 2.902887103483547e-07
51100.000000000095 1.797935000650918e-07
51150.000000000095 2.492790881129018e-07
51200.000000000095 3.829406271671927e-07
51250.000000000095 3.1390374804831414e-07
51300.000000000095 2.219870434457767e-07
51350.000000000095 2.8422081897386993e-07
51400.000000000095 2.0009391458224955e-07
51450.000000000095 1.7855395177374615e-07
51500.000000000095 1.673669986666493e-07
51550.000000000095 3.1206132162216823e-07
51600.000000000095 2.2091540059385296e-07
51650.000000000095 2.925979265356339e-07
51700.000000000095 2.943057062658235e-07
51750.000000000095 2.0157171266356915e-07
51800.000000000095 3.781734288385611e-07
51850.000000000095 2.9462736685543537e-07
51900.000000000095 3.934263375633692e-07
51950.000000000095 3.2025863135137404e-07
52000.000000000095 1.1828626873851975e-07
52050.000000000095 2.2054629507863706e-07
52100.000000000095 2.0388792611183043e-07
52150.000000000095 1.6228132964917304e-07
52200.000000000095 1.5708862494220456e-07
52250.000000000095 2.1447347463731266e-07
52300.000000000095 3.501723138891094e-07
52350.000000000095 2.515981225969278e-07
52400.000000000095 1.898281157033736e-07
52450.000000000095 3.113170265246617e-07
52500.000000000095 2.792841808909457e-07
52550.000000000095 2.958920774245319e-07
52600.000000000095 2.248337335573749e-07
52650.000000000095 2.478313156941641e-07
52700.000000000095 2.1872395192595882e-07
52750.000000000095 1.812690185056387e-07
52800.000000000095 1.8996848747512054e-07
52850.000000000095 2.2432807744079323e-07
52900.000000000095 1.7116434952419934e-07
52950.000000000095 1.7640974253948142e-07
53000.000000000095 3.422495918099307e-07
53050.000000000095 1.4403082792802233e-07
53100.000000000095 2.925900047265111e-07
53150.000000000095 3.565483079962735e-07
53200.000000000095 1.751880999547104e-07
53250.000000000095 3.245199853572973e-07
53300.000000000095 3.261190573119856e-07
53350.000000000095 3.0890985193367745e-07
53400.000000000095 3.251427010708951e-07
53450.000000000095 1.568855553010201e-07
53500.000000000095 1.0351455828021157e-07
53550.000000000095 1.6399668784706525e-07
53600.000000000095 2.2551313127879292e-07
53650.000000000095 2.021432746585664e-07
53700.000000000095 1.8251080071623632e-07
53750.000000000095 1.8753618513691443e-07
53800.000000000095 1.8166508133809882e-07
53850.000000000095 2.462497201118296e-07
53900.000000000095 2.208741446782059e-07
53950.000000000095 2.999135198251735e-07
54000.000000000095 2.0621855001217767e-07
54050.000000000095 2.2091840573438382e-07
54100.000000000095 1.1240195019439987e-07
54150.000000000095 1.6208409296087685e-07
54200.000000000095 8.322334102710984e-08
54250.000000000095 9.791808709817374e-08
54300.000000000095 1.6488512959338464e-07
54350.000000000095 2.1825479232121978e-07
54400.000000000095 2.2924250203239515e-07
54450.000000000095 1.7788722599631626e-07
54500.000000000095 1.640522219644532e-07
54550.000000000095 1.47598091909614e-07
54600.000000000095 1.886398538306238e-07
54650.000000000095 1.0188550531840035e-07
54700.000000000095 2.169706619305901e-07
54750.000000000095 2.0830600788162054e-07
54800.000000000095 1.516918450907938e-07
54850.000000000095 1.7858814219889106e-07
54900.000000000095 2.3302245544070843e-07
54950.000000000095 2.9996150275900837e-07
55000.000000000095 1.3050464137225087e-07
55050.000000000095 2.0463906002718046e-07
55100.000000000095 1.775144787849889e-07
55150.000000000095 1.4485270706026507e-07
55200.000000000095 1.4805070643016653e-07
55250.000000000095 1.7208533248471453e-07
55300.000000000095 1.2510460066389663e-07
55350.000000000095 1.9568392544330368e-07
55400.000000000095 2.4865265131862815e-07
55450.000000000095 1.7432242628640556e-07
55500.000000000095 9.692786647740689e-08
55550.000000000095 1.324669876605552e-07
55600.000000000095 1.212241657467926e-07
55650.000000000095 1.1000729966317398e-07
55700.000000000095 1.432077200446765e-07
55750.000000000095 1.5245680946411275e-07
55800.000000000095 1.1485328476828287e-07
55850.000000000095 1.0340001845941427e-07
55900.000000000095 1.8760509887969631e-07
55950.000000000095 2.339881972223128e-07
56000.000000000095 1.1769992028277404e-07
56050.000000000095 1.598777576157755e-07
56100.000000000095 1.8893932568210286e-07
56150.000000000095 1.3604753570757835e-07
56200.000000000095 1.539735775466078e-07
56250.000000000095 1.5920709096460145e-07
56300.000000000095 1.6963046781190751e-07
56350.000000000095 1.6890061317395654e-07
56400.000000000095 1.1256807843145678e-07
56450.000000000095 9.931441990779996e-08
56500.000000000095 1.1018105939775446e-07
56550.000000000095 8.548157236234718e-08
56600.000000000095 1.7537844220826763e-07
56650.000000000095 1.6375216007039476e-07
56700.000000000095 1.7828981501905388e-07
56750.000000000095 9.581832461309347e-08
56800.000000000095 1.9381190422275512e-07
56850.000000000095 1.524215051572427e-07
56900.000000000095 1.0981476631779998e-07
56950.000000000095 1.856055354320896e-07
57000.000000000095 2.0284175157309705e-07
57050.000000000095 1.347790584713406e-07
57100.000000000095 7.141043600144165e-08
57150.000000000095 1.049710772219226e-07
57200.000000000095 8.708738045451823e-08
57250.000000000095 1.2012725538565693e-07
57300.000000000095 1.653025711600198e-07
57350.000000000095 9.177769914252245e-08
57400.000000000095 1.5306104543473696e-07
57450.000000000095 1.392488656838442e-07
57500.000000000095 1.371030047656388e-07
57550.000000000095 1.7545600777950587e-07
57600.000000000095 1.8320791925415436e-07
57650.000000000095 7.236332129335072e-08
57700.000000000095 9.438368070362667e-08
57750.000000000095 1.214550481752366e-07
57800.000000000095 5.111005893255747e-08
57850.000000000095 2.2174445739885801e-07
57900.000000000095 2.4963485897373355e-07
57950.000000000095 2.1778823071431927e-07
58000.000000000095 1.1118968141776605e-07
58050.000000000095 1.5990556338961364e-07
58100.000000000095 1.859745627358829e-07
58150.000000000095 1.3477973388777688e-07
58200.000000000095 7.776843633393512e-08
58250.000000000095 1.0385549875216374e-07
58300.000000000095 7.816221319215133e-08
58350.000000000095 1.058255676996439e-07
58400.000000000095 1.4547511886716504e-07
58450.000000000095 1.4819883728265265e-07
58500.000000000095 1.3847761171558407e-07
58550.000000000095 1.5042287843116394e-07
58600.000000000095 8.62863503697732e-08
58650.000000000095 1.1089178599887665e-07
58700.000000000095 1.2505992520860564e-07
58750.000000000095 1.3744371117775403e-07
58800.000000000095 6.178735667055397e-08
58850.000000000095 1.1732566001632304e-07
58900.000000000095 1.562767400520757e-07
58950.000000000095 9.224722208271907e-08
59000.000000000095 1.5161183384469987e-07
59050.000000000095 1.5950338004385878e-07
59100.000000000095 1.8904875518667277e-07
59150.000000000095 1.3137001995061863e-07
59200.000000000095 1.467951859085294e-07
59250.000000000095 1.6197186796576276e-07
59300.000000000095 1.5071524817335443e-07
59350.000000000095 7.44057226851797e-08
59400.000000000095 5.8565848383828415e-08
59450.000000000095 1.3243602750951644e-07
59500.000000000095 8.138773536669407e-08
59550.000000000095 1.550599606550269e-07
59600.000000000095 1.5117931663735816e-07
59650.000000000095 1.413232272756765e-07
59700.000000000095 9.374660822485574e-08
59750.000000000095 2.0126179843965518e-07
59800.000000000095 1.1943539361892478e-07
59850.000000000095 1.6626470496328806e-07
59900.000000000095 7.977426526870076e-08
59950.000000000095 1.271170587681088e-07
60000.000000000095 2.1172188032151532e-07
60050.000000000095 1.8709691611630142e-07
60100.000000000095 1.9775421565207553e-07
60150.000000000095 1.3345507996803022e-07
60200.000000000095 1.5550943249234963e-07
60250.000000000095 1.889980726741925e-07
60300.000000000095 1.8333578834127963e-07
60350.000000000095 1.3159696466897065e-07
60400.000000000095 1.594779964924094e-07
60450.000000000095 8.620847380052116e-08
60500.000000000095 5.455822135138425e-08
60550.000000000095 1.726060015220498e-07
60600.000000000095 1.6826643697748941e-07
60650.000000000095 1.3818210060214768e-07
60700.000000000095 1.1466404659682293e-07
60750.000000000095 8.990582790724216e-08
60800.000000000095 1.6809274356162233e-07
60850.000000000095 2.4215026976488997e-07
60900.000000000095 2.249645692266577e-07
60950.000000000095 2.0444905632923453e-07
61000.000000000095 1.4702102909663045e-07
61050.000000000095 1.1012360925025402e-07
61100.000000000095 1.514658326380273e-07
61150.000000000095 6.21570607148806e-08
61200.000000000095 1.932950724071027e-07
61250.000000000095 2.324748587511979e-07
61300.000000000095 2.0286046385214994e-07
61350.000000000095 2.422926459652787e-07
61400.000000000095 1.691625649227791e-07
61450.000000000095 9.699048975253939e-08
61500.000000000095 1.3097699003189628e-07
61550.000000000095 1.2656861482497595e-07
61600.000000000095 9.102525528026468e-08
61650.000000000095 1.4873339165535162e-07
61700.000000000095 1.1785685196273224e-07
61750.000000000095 1.457069567974475e-07
61800.000000000095 1.6266825573247932e-07
61850.000000000095 1.0789260912341067e-07
61900.000000000095 2.0173012109658945e-07
61950.000000000095 1.8322134278850635e-07
62000.000000000095 2.0133910107389904e-07
62050.000000000095 1.674906836312619e-07
62100.000000000095 1.8518764803167114e-07
62150.000000000095 2.09912199047056e-07
62200.000000000095 1.7630288335663172e-07
62250.000000000095 1.8342223780494496e-07
62300.000000000095 2.50775886727279e-07
62350.000000000095 1.8699695149330627e-07
62400.000000000095 1.0689346233365897e-07
62450.000000000095 1.7379672199046437e-07
62500.000000000095 2.23417384004522e-07
62550.000000000095 2.1758531835224227e-07
62600.000000000095 2.366788144828847e-07
62650.000000000095 1.8093319350646742e-07
62700.000000000095 2.0552520694318158e-07
62750.000000000095 2.590862076871611e-07
62800.000000000095 1.637238614246643e-07
62850.000000000095 2.1799646192347364e-07
62900.000000000095 1.6292817666486987e-07
62950.000000000095 2.1321525871123435e-07
63000.000000000095 1.8981812209876635e-07
63050.000000000095 2.517171482546484e-07
63100.000000000095 2.2504301069841334e-07
63150.000000000095 1.8965435022172976e-07
63200.000000000095 2.3325802218817002e-07
63250.000000000095 1.5639919954294585e-07
63300.000000000095 2.2527052658028277e-07
63350.000000000095 2.1076667802867325e-07
63400.000000000095 1.3117220191236615e-07
63450.000000000095 1.0579395054649838e-07
63500.000000000095 1.8970401202679693e-07
63550.000000000095 1.8252044501695643e-07
63600.000000000095 2.0496721540615777e-07
63650.000000000095 1.5095939998747378e-07
63700.000000000095 1.136208189999596e-07
63750.000000000095 1.521373167333989e-07
63800.000000000095 1.9377811581654447e-07
63850.000000000095 1.762828867240657e-07
63900.000000000095 1.261186853745812e-07
63950.000000000095 1.824836850306564e-07
64000.000000000095 1.8866021006744568e-07
64050.000000000095 1.4120565080037417e-07
64100.000000000095 5.677907143212767e-08
64150.000000000095 7.876379836531193e-08
64200.000000000095 8.459442469211111e-08
64250.000000000095 1.4927544532979296e-07
64300.000000000095 1.1232280544674832e-07
64350.000000000095 9.470971983538254e-08
64400.000000000095 1.5484571260223865e-07
64450.000000000095 1.6497751556773397e-07
64500.000000000095 9.563790252386763e-08
64550.000000000095 1.361819085875009e-07
64600.000000000095 7.043208649047279e-08
64650.000000000095 1.245267857424894e-07
64700.000000000095 7.28777405647666e-08
64750.000000000095 9.570086966376913e-08
64800.000000000095 9.224829996171703e-08
64850.000000000095 8.044940655041395e-08
64900.000000000095 8.885783786591697e-08
64950.000000000095 8.839825481558127e-08
65000.000000000095 1.0857548759671273e-07
65050.000000000095 1.0203835631930262e-07
65100.000000000095 1.4119949046378804e-07
65150.000000000095 8.382767961763214e-08
65200.000000000095 7.952013751046725e-08
65250.000000000095 1.3883617067598554e-07
65300.000000000095 1.0583283128252747e-07
65350.000000000095 1.9018327989335917e-07
65400.000000000095 1.0836692441098458e-07
65450.000000000095 1.1595071545615611e-07
65500.000000000095 1.366048756466905e-07
65550.00000000009 8.75828483265791e-08
65600.00000000009 1.1416507987177635e-07
65650.00000000009 1.1755296786600521e-07
65700.00000000009 1.0658819115369358e-07
65750.00000000009 8.546743318326334e-08
65800.00000000009 1.2503197554853686e-07
65850.00000000009 1.3855130405596804e-07
65900.00000000009 8.247803538415457e-08
65950.00000000009 7.444759834004059e-08
66000.00000000009 1.079773369900887e-07
66050.00000000009 1.898962311429034e-07
66100.00000000009 1.1955818457028518e-07
66150.00000000009 8.735213901188573e-08
66200.00000000009 8.911094015920457e-08
66250.00000000009 8.43134985288637e-08
66300.00000000009 4.387103376362706e-08
66350.00000000009 6.0684654845078e-08
66400.00000000009 8.104437589958638e-08
66450.00000000009 1.3536435050606454e-07
66500.00000000009 1.8475147780816398e-07
66550.00000000009 1.8238293570780786e-07
66600.00000000009 1.373706963809411e-07
66650.00000000009 1.1760977952189105e-07
66700.00000000009 1.1175224842309136e-07
66750.00000000009 1.037394750188278e-07
66800.00000000009 1.3373630885242554e-07
66850.00000000009 9.158957120691008e-08
66900.00000000009 1.5176112473394548e-07
66950.00000000009 1.7892567928258964e-07
67000.00000000009 1.6816404212468324e-07
67050.00000000009 1.2346543581524093e-07
67100.00000000009 9.830533027277875e-08
67150.00000000009 9.993638048792515e-08
67200.00000000009 1.1877707447557093e-07
67250.00000000009 1.2589422269092137e-07
67300.00000000009 1.3247299976808553e-07
67350.00000000009 8.704552587510573e-08
67400.00000000009 1.6979725266322866e-07
67450.00000000009 1.31676892620732e-07
67500.00000000009 1.2176555718315294e-07
67550.00000000009 1.4713861868856001e-07
67600.00000000009 2.292109721770636e-07
67650.00000000009 1.750512004970366e-07
67700.00000000009 1.3401854163591174e-07
67750.00000000009 1.1900112444572975e-07
67800.00000000009 1.5597403968403414e-07
67850.00000000009 9.662814792113687e-08
67900.00000000009 1.2026972135623514e-07
67950.00000000009 8.410605251569918e-08
