galfind/configs/Brown_Dwarf_templates/sonora_cholla/logkzz2/178g/1050K_178g_logkzz2_resample.dat
# %ECSV 1.0
# ---
# datatype:
# - {name: wav, unit: Angstrom, datatype: float64}
# - {name: flux_nu, unit: erg / (cm2 Hz s), datatype: float64}
# schema: astropy-2.0
wav flux_nu
[from data line 1161]
68050.00000000009 1.9148091932659803e-07
68100.00000000009 2.0999098571060772e-07
68150.00000000009 1.681162112409886e-07
68200.00000000009 1.6930530586129665e-07
68250.00000000009 8.907499680631803e-08
68300.00000000009 1.4908632691036182e-07
68350.00000000009 8.353945309021746e-08
68400.00000000009 2.148445874427907e-07
68450.00000000009 2.0771432472055525e-07
68500.00000000009 1.7552705237553575e-07
68550.00000000009 1.2502845946448917e-07
68600.00000000009 1.3192463896025872e-07
68650.00000000009 9.11975326674214e-08
68700.00000000009 1.4309352078279852e-07
68750.00000000009 1.7309239269639115e-07
68800.00000000009 1.8758617992522913e-07
68850.00000000009 1.0658497670406459e-07
68900.00000000009 2.261493257395827e-07
68950.00000000009 2.290984320147632e-07
69000.00000000009 2.100895001736416e-07
69050.00000000009 1.4349800388377024e-07
69100.00000000009 2.2364687068706977e-07
69150.00000000009 2.6607573498002596e-07
69200.00000000009 1.711929293956614e-07
69250.00000000009 2.4021842239158234e-07
69300.00000000009 1.638456048285826e-07
69350.00000000009 2.2752127304072497e-07
69400.00000000009 1.155730628655111e-07
69450.00000000009 2.3109917812981474e-07
69500.00000000009 1.6086860414925896e-07
69550.00000000009 1.6585559673847566e-07
69600.00000000009 7.39491474709844e-08
69650.00000000009 1.5502969799934887e-07
69700.00000000009 2.1778228544951608e-07
69750.00000000009 1.534016533002246e-07
69800.00000000009 2.0195423011699137e-07
69850.00000000009 2.0839990023728267e-07
69900.00000000009 1.4815638302926243e-07
69950.00000000009 1.70095077097996e-07
70000.00000000009 1.539541996807431e-07
70050.00000000009 2.2362057095009276e-07
70100.00000000009 1.6832657510431292e-07
70150.00000000009 1.7213081129083003e-07
70200.00000000009 1.2876789810736135e-07
70250.00000000009 1.704456886413016e-07
70300.00000000009 2.0834532861132592e-07
70350.00000000009 1.5769333409771976e-07
70400.00000000009 1.4776766684397848e-07
70450.00000000009 8.006634499043084e-08
70500.00000000009 1.1959589807815314e-07
70550.00000000009 1.3046563763489514e-07
70600.00000000009 1.232927330018534e-07
70650.00000000009 1.8104034093010398e-07
70700.00000000009 1.6750824122866874e-07
70750.00000000009 1.8759827972440427e-07
70800.00000000009 1.2901341331804314e-07
70850.00000000009 1.3239327851073063e-07
70900.00000000009 1.268976437471899e-07
70950.00000000009 2.035255171914973e-07
71000.00000000009 1.6625335787548044e-07
71050.00000000009 1.6742319692195023e-07
71100.00000000009 1.491878104005207e-07
71150.00000000009 1.5817521276524308e-07
71200.00000000009 1.4080586035371087e-07
71250.00000000009 1.4590524929511892e-07
71300.00000000009 1.8674096065318668e-07
71350.00000000009 1.821000384639612e-07
71400.00000000009 1.8190564988311074e-07
71450.00000000009 1.0745334202610181e-07
71500.00000000009 1.2998011099004277e-07
71550.00000000009 1.3996291758682849e-07
71600.00000000009 1.509971722660884e-07
71650.00000000009 1.478619472998254e-07
71700.00000000009 1.212381107152826e-07
71750.00000000009 1.3818333531632457e-07
71800.00000000009 1.7779900196657573e-07
71850.00000000009 1.7197666666472807e-07
71900.00000000009 1.2755961222963133e-07
71950.00000000009 1.286569129246965e-07
72000.00000000009 1.3304022917583715e-07
72050.00000000009 1.1006412868125988e-07
72100.00000000009 1.2697793807073228e-07
72150.00000000009 1.0082844190466219e-07
72200.00000000009 1.2703686869269195e-07
72250.00000000009 1.4880797138038645e-07
72300.00000000009 1.398475973033904e-07
72350.00000000009 1.448958854230002e-07
72400.00000000009 1.1382358079875695e-07
72450.00000000009 1.0744128769060208e-07
72500.00000000009 1.3017849272149324e-07
72550.00000000009 8.007995846759937e-08
72600.00000000009 7.794614682523391e-08
72650.00000000009 1.4520002250639055e-07
72700.00000000009 1.479453060036366e-07
72750.00000000009 1.2641017281058135e-07
72800.00000000009 1.1693611293542165e-07
72850.00000000009 1.0881220181281633e-07
72900.00000000009 1.3038633153734563e-07
72950.00000000009 1.376233858870114e-07
73000.00000000009 1.3680811497290943e-07
73050.00000000009 1.1421293508452232e-07
73100.00000000009 9.727229485789651e-08
73150.00000000009 1.6698788184883824e-07
73200.00000000009 1.0317389824987702e-07
73250.00000000009 1.1810308626437741e-07
73300.00000000009 1.2464191099287649e-07
73350.00000000009 1.0358866974782479e-07
73400.00000000009 1.2584724760742567e-07
73450.00000000009 8.511871080067605e-08
73500.00000000009 8.532509891503528e-08
73550.00000000009 1.1083209430923061e-07
73600.00000000009 8.733458218011773e-08
73650.00000000009 1.172902269623524e-07
73700.00000000009 1.3897062367276975e-07
73750.00000000009 8.601074304132589e-08
73800.00000000009 1.1347225567045372e-07
73850.00000000009 1.1776198563428872e-07
73900.00000000009 1.2952935606008467e-07
73950.00000000009 1.127020383321982e-07
74000.00000000009 1.0175410797165124e-07
74050.00000000009 1.6615545210436327e-07
74100.00000000009 1.0283731511576536e-07
74150.00000000009 1.2090313086200267e-07
74200.00000000009 1.0817494575046426e-07
74250.00000000009 6.850828406065445e-08
74300.00000000009 1.0771988663247137e-07
74350.00000000009 1.323473175811051e-07
74400.00000000009 1.2550612573867132e-07
74450.00000000009 7.323755340007129e-08
74500.00000000009 8.941928150070974e-08
74550.00000000009 1.0802873522666644e-07
74600.00000000009 1.1239186721210872e-07
74650.00000000009 1.1191469989627219e-07
74700.00000000009 8.744872592129664e-08
74750.00000000009 9.710258521134194e-08
74800.00000000009 1.0644355541105246e-07
74850.00000000009 7.163667698460203e-08
74900.00000000009 1.3885799159713618e-07
74950.00000000009 1.4474822621576594e-07
75000.00000000009 1.1651110459342323e-07
75050.00000000009 8.781201813990753e-08
75100.00000000009 1.517957313080483e-07
75150.00000000009 1.264991535717808e-07
75200.00000000009 1.5241195204294405e-07
75250.00000000009 1.297019087062468e-07
75300.00000000009 1.4454249393793778e-07
75350.00000000009 8.872783802410956e-08
75400.00000000009 1.4581301705453354e-07
75450.00000000009 1.2255756578137706e-07
75500.00000000009 1.1255305228391935e-07
75550.00000000009 1.5639125841962504e-07
75600.00000000009 1.7659626159572203e-07
75650.00000000009 1.0999425547816304e-07
75700.00000000009 1.262453787340767e-07
75750.00000000009 9.13129091756618e-08
75800.00000000009 1.3950608697447538e-07
75850.00000000009 1.6938204088190425e-07
75900.00000000009 1.5276132696940726e-07
75950.00000000009 1.1629105321055164e-07
76000.00000000009 1.3113438189063243e-07
76050.00000000009 1.5507146165878912e-07
76100.00000000009 1.2981831489067712e-07
76150.00000000009 1.5629036815899072e-07
76200.00000000009 1.5797698076324915e-07
76250.00000000009 1.7642992137992808e-07
76300.00000000009 1.9322039051143997e-07
76350.00000000009 2.2294267198935996e-07
76400.00000000009 1.7693635865963937e-07
76450.00000000009 1.7468885796636916e-07
76500.00000000009 1.3491016318361278e-07
76550.00000000009 1.2574825922474702e-07
76600.00000000009 6.366902500527664e-08
76650.00000000009 6.725758803512726e-08
76700.00000000009 7.705321343926528e-08
76750.00000000009 7.098348736729665e-08
76800.00000000009 1.068626901739782e-07
76850.00000000009 4.7248837389742986e-08
76900.00000000009 5.6387793306245475e-08
76950.00000000009 8.556740906515669e-08
77000.00000000009 9.240728690132391e-08
77050.00000000009 6.45856676286675e-08
77100.00000000009 7.214166756078012e-08
77150.00000000009 1.0598294089886006e-07
77200.00000000009 8.567694548306078e-08
77250.00000000009 9.592347580720278e-08
77300.00000000009 9.112238252800169e-08
77350.00000000009 6.180762177039177e-08
77400.00000000009 5.9157430246541204e-08
77450.00000000009 6.630609950704189e-08
77500.00000000009 7.213627746648998e-08
77550.00000000009 8.558174403992307e-08
77600.00000000009 9.118437029291802e-08
77650.00000000009 8.805570372229546e-08
77700.00000000009 6.384468953776606e-08
77750.00000000009 1.056140581396031e-07
77800.00000000009 8.351491426609525e-08
77850.00000000009 1.2644129661460433e-07
77900.00000000009 1.0312930284519918e-07
77950.00000000009 6.98239266098668e-08
78000.00000000009 8.575388078717232e-08
78050.00000000009 1.0614077940673159e-07
78100.00000000009 8.303749810201493e-08
78150.00000000009 1.1778100361268451e-07
78200.00000000009 1.1782765108739213e-07
78250.00000000009 1.2778339167931732e-07
78300.00000000009 1.254415942082593e-07
78350.00000000009 1.1264258130808862e-07
78400.00000000009 1.0682121722783175e-07
78450.00000000009 1.416271468451917e-07
78500.00000000009 1.2525114333196765e-07
78550.00000000009 1.4145024794028763e-07
78600.00000000009 1.2296545036400122e-07
78650.00000000009 6.291625138541766e-08
78700.00000000009 9.41325305960585e-08
78750.00000000009 8.973357244045369e-08
78800.00000000009 1.2351043537955172e-07
78850.00000000009 8.753498331535728e-08
78900.00000000009 1.1901884237781245e-07
78950.00000000009 1.1045510062460698e-07
79000.00000000009 1.078699466125239e-07
79050.00000000009 9.78307397820034e-08
79100.00000000009 1.0573541533152339e-07
79150.00000000009 1.1872394962385563e-07
79200.00000000009 1.3906235834401942e-07
79250.00000000009 1.2388701151577984e-07
79300.00000000009 8.729572417299391e-08
79350.00000000009 1.2910797540183757e-07
79400.00000000009 1.1194426894297088e-07
79450.00000000009 1.1551096423823717e-07
79500.00000000009 1.694782322053299e-07
79550.00000000009 1.3651216532713338e-07
79600.00000000009 9.807513462668011e-08
79650.00000000009 1.2300740699049502e-07
79700.00000000009 1.4842652052113307e-07
79750.00000000009 1.4194944173729782e-07
79800.00000000009 1.2011392532595814e-07
79850.00000000009 1.1681543296097969e-07
79900.00000000009 1.7300816058884495e-07
79950.00000000009 1.1602812793668794e-07
