galfind/configs/Brown_Dwarf_templates/sonora_cholla/logkzz2/178g/1100K_178g_logkzz2_resample.dat
# %ECSV 1.0
# ---
# datatype:
# - {name: wav, unit: Angstrom, datatype: float64}
# - {name: flux_nu, unit: erg / (cm2 Hz s), datatype: float64}
# schema: astropy-2.0
wav flux_nu
10000.000000000093 nan
10050.000000000093 2.482320416505314e-07
10100.000000000093 2.9446096793104026e-07
10150.000000000093 3.0025443531703575e-07
10200.000000000093 3.325564414276863e-07
10250.000000000093 3.571630076750195e-07
10300.000000000093 3.5779857165772685e-07
10350.000000000093 4.1352314763560505e-07
10400.000000000093 4.5987473519574595e-07
10450.000000000093 4.693675165719722e-07
10500.000000000093 4.5257678397809126e-07
10550.000000000093 4.5348366860124053e-07
10600.000000000093 4.7476713373589316e-07
10650.000000000093 5.126495936365298e-07
10700.000000000093 5.454644251829168e-07
10750.000000000093 5.834993717260204e-07
10800.000000000093 6.091721442274498e-07
10850.000000000093 6.551195165563951e-07
10900.000000000093 5.698879596385159e-07
10950.000000000093 4.081646750085534e-07
11000.000000000093 3.5330480995880296e-07
11050.000000000093 2.8228733448608594e-07
11100.000000000093 2.5284000905864524e-07
11150.000000000093 2.014050836845103e-07
11200.000000000093 1.983397724561501e-07
11250.000000000093 2.410974579490752e-07
11300.000000000093 2.345595009795103e-07
11350.000000000093 1.3675572756883509e-07
11400.000000000093 2.3901016614186954e-07
11450.000000000093 1.8868655165761977e-07
11500.000000000093 2.1979580354057817e-07
11550.000000000093 1.5564350511849048e-07
11600.000000000093 1.671545722891546e-07
11650.000000000093 1.9899260663124467e-07
11700.000000000093 2.1206402974890594e-07
11750.000000000093 1.552950187469075e-07
11800.000000000093 2.365907755292884e-07
11850.000000000093 3.043421155549978e-07
11900.000000000093 3.244967498282649e-07
11950.000000000093 3.9995956211838285e-07
12000.000000000093 4.277891843537889e-07
12050.000000000093 5.177162003490476e-07
12100.000000000093 5.672001531759518e-07
12150.000000000093 6.362083173513067e-07
12200.000000000093 7.036998058169771e-07
12250.000000000093 7.881385711630905e-07
12300.000000000093 8.489706857123374e-07
12350.000000000093 8.737156413822086e-07
12400.000000000093 8.922261548999093e-07
12450.000000000093 9.799378396747677e-07
12500.000000000093 1.0291969918193528e-06
12550.000000000093 1.080021571518738e-06
12600.000000000093 1.0971466440979029e-06
12650.000000000093 1.0891017404074244e-06
12700.000000000093 1.1412449569215407e-06
12750.000000000093 1.0810056947480538e-06
12800.000000000093 1.1138222168562452e-06
12850.000000000093 1.0074321738003473e-06
12900.000000000093 9.189695208741743e-07
12950.000000000093 9.510744206473519e-07
13000.000000000093 9.468585042445256e-07
13050.000000000093 9.250796723591648e-07
13100.000000000093 8.614169889005825e-07
13150.000000000093 7.621176649603809e-07
13200.000000000093 7.141898521169024e-07
13250.000000000093 5.621003382449953e-07
13300.000000000093 3.2735190698400046e-07
13350.000000000093 1.1196376076105472e-07
13400.000000000093 6.334436900052245e-08
13450.000000000093 3.963393168880587e-08
13500.000000000093 2.472997313147257e-08
13550.000000000093 2.0261189794344397e-08
13600.000000000093 1.3378484008918658e-08
13650.000000000093 3.075046589289185e-08
13700.000000000093 2.4984579582420758e-08
13750.000000000093 2.6894312905573425e-08
13800.000000000093 3.503792299984017e-08
13850.000000000093 2.7339383760037142e-08
13900.000000000093 2.7969060720073005e-08
13950.000000000093 2.5244254067630293e-08
14000.000000000093 2.2553153040896854e-08
14050.000000000093 2.8441072146315525e-08
14100.000000000093 2.16178837475116e-08
14150.000000000093 3.00474101375849e-08
14200.000000000093 2.3868259100661292e-08
14250.000000000093 2.4666548966469046e-08
14300.000000000093 3.579609850678675e-08
14350.000000000093 3.436083892071404e-08
14400.000000000093 3.9868228155434976e-08
14450.000000000093 4.219027627508047e-08
14500.000000000093 7.274297828698189e-08
14550.000000000093 7.306419284012762e-08
14600.000000000093 9.530901435794268e-08
14650.000000000093 1.0075216599981505e-07
14700.000000000093 7.469938387295045e-08
14750.000000000093 9.735676446619961e-08
14800.000000000093 1.2228055944184854e-07
14850.000000000093 1.2585424881359056e-07
14900.000000000093 1.3710868918897493e-07
14950.000000000093 1.4931645993014912e-07
15000.000000000093 1.5982624314857376e-07
15050.000000000093 2.0112039688090407e-07
15100.000000000093 2.2076704844683092e-07
15150.000000000093 2.3872410487086556e-07
15200.000000000093 2.220661384678493e-07
15250.000000000093 2.6465987254795906e-07
15300.000000000093 3.085882868735576e-07
15350.000000000093 3.548431510909677e-07
15400.000000000093 3.845456581933856e-07
15450.000000000093 4.33749061715508e-07
15500.000000000093 4.5853127725643376e-07
15550.000000000093 5.186688767119118e-07
15600.000000000093 5.418786051022591e-07
15650.000000000093 5.627159408191595e-07
15700.000000000093 6.426827719272085e-07
15750.000000000093 6.846596985487152e-07
15800.000000000093 6.601115619935197e-07
15850.000000000093 7.089363595973258e-07
15900.000000000093 6.975788070498194e-07
15950.000000000093 6.875949001093398e-07
16000.000000000093 6.508797366575738e-07
16050.000000000093 5.772901833110858e-07
16100.000000000093 5.178845789875866e-07
16150.000000000093 3.9434839832773737e-07
16200.000000000093 3.1355635999396107e-07
16250.000000000093 3.1640473611258103e-07
16300.000000000093 2.7599972504499936e-07
16350.000000000093 2.9639311549886645e-07
16400.000000000095 3.339776237521907e-07
16450.000000000095 3.6346808428838867e-07
16500.000000000095 3.83675495371546e-07
16550.000000000095 3.6391224982431816e-07
16600.000000000095 3.501898940501535e-07
16650.000000000095 2.874905842460752e-07
16700.000000000095 1.581480700648285e-07
16750.000000000095 1.926921796409897e-07
16800.000000000095 2.7674505443118746e-07
16850.000000000095 2.7466818422667384e-07
16900.000000000095 2.4406184870111655e-07
16950.000000000095 2.2166814997445802e-07
17000.000000000095 1.9271366699359333e-07
17050.000000000095 2.3424081680002702e-07
17100.000000000095 2.542030402359722e-07
17150.000000000095 2.0807435349701635e-07
17200.000000000095 2.547102232628001e-07
17250.000000000095 2.196268203719571e-07
17300.000000000095 1.8684785824649357e-07
17350.000000000095 1.7996895057864205e-07
17400.000000000095 1.709164409270041e-07
17450.000000000095 1.7498769753447466e-07
17500.000000000095 1.9602718793918638e-07
17550.000000000095 1.676557367243177e-07
17600.000000000095 1.480170109093789e-07
17650.000000000095 1.5051818025215368e-07
17700.000000000095 1.0659524284811653e-07
17750.000000000095 1.0069824966490168e-07
17800.000000000095 1.246577603755929e-07
17850.000000000095 8.521981848214074e-08
17900.000000000095 9.865981492151521e-08
17950.000000000095 7.347495159392933e-08
18000.000000000095 8.095084966687328e-08
18050.000000000095 8.296032445886397e-08
18100.000000000095 7.193861424430325e-08
18150.000000000095 1.0400393163932603e-07
18200.000000000095 6.619693318081054e-08
18250.000000000095 1.2356807365113443e-07
18300.000000000095 8.451390857666949e-08
18350.000000000095 7.686890752786916e-08
18400.000000000095 6.998765960885878e-08
18450.000000000095 7.395108305686875e-08
18500.000000000095 8.548307738280002e-08
18550.000000000095 6.835071312698864e-08
18600.000000000095 5.775624336694984e-08
18650.000000000095 5.682574783377764e-08
18700.000000000095 5.9559429235452665e-08
18750.000000000095 6.753832587569197e-08
18800.000000000095 1.073901367870832e-07
18850.000000000095 1.2729600110901013e-07
18900.000000000095 1.1506877605425065e-07
18950.000000000095 1.6703061704501741e-07
19000.000000000095 1.3163619746818587e-07
19050.000000000095 1.0588211175690897e-07
19100.000000000095 1.6068091545660994e-07
19150.000000000095 1.3716487491493623e-07
19200.000000000095 1.4668375887446754e-07
19250.000000000095 1.306480655617123e-07
19300.000000000095 1.1989335352260237e-07
19350.000000000095 1.0662535808721662e-07
19400.000000000095 7.046344353291076e-08
19450.000000000095 1.2174876403651178e-07
19500.000000000095 1.1426579231737086e-07
19550.000000000095 8.962518823973754e-08
19600.000000000095 1.1926401693933742e-07
19650.000000000095 1.3021123894505524e-07
19700.000000000095 1.3220059680444794e-07
19750.000000000095 1.3114136146221477e-07
19800.000000000095 1.5158166749202344e-07
19850.000000000095 1.7555768410051595e-07
19900.000000000095 1.2651874668059685e-07
19950.000000000095 1.9508963922856448e-07
20000.000000000095 1.8976572430723405e-07
20050.000000000095 2.04623349324795e-07
20100.000000000095 2.1701735304473292e-07
20150.000000000095 2.1317479681493697e-07
20200.000000000095 2.5228020523581025e-07
20250.000000000095 2.782623876920142e-07
20300.000000000095 2.546950748286902e-07
20350.000000000095 2.888014095102009e-07
20400.000000000095 2.911299131197121e-07
20450.000000000095 3.4328336964714993e-07
20500.000000000095 3.503121538660053e-07
20550.000000000095 3.356148100994713e-07
20600.000000000095 3.956586238295942e-07
20650.000000000095 3.6604913576673603e-07
20700.000000000095 3.8330879971151344e-07
20750.000000000095 4.1892796436058016e-07
20800.000000000095 4.1479941044476785e-07
20850.000000000095 4.066304390527322e-07
20900.000000000095 4.326070408757489e-07
20950.000000000095 4.081306764163943e-07
21000.000000000095 4.313520603920847e-07
21050.000000000095 4.0548020674919356e-07
21100.000000000095 3.996954567519826e-07
21150.000000000095 4.007688344549448e-07
21200.000000000095 3.83186305098161e-07
21250.000000000095 3.8415711029051977e-07
21300.000000000095 3.425025764425073e-07
21350.000000000095 3.575910518734664e-07
21400.000000000095 3.175201038021792e-07
21450.000000000095 3.0396077903186527e-07
21500.000000000095 3.0470748563477275e-07
21550.000000000095 2.8399922535296334e-07
21600.000000000095 2.673510561748369e-07
21650.000000000095 2.3677222752627338e-07
21700.000000000095 2.4371458185889855e-07
21750.000000000095 2.2373170733786136e-07
21800.000000000095 1.9553447646780043e-07
21850.000000000095 1.712304489374927e-07
21900.000000000095 1.527000186092113e-07
21950.000000000095 8.882732241637818e-08
22000.000000000095 5.9479812599194826e-08
22050.000000000095 4.1200206704421985e-08
22100.000000000095 6.084153099057218e-08
22150.000000000095 7.462432965576909e-08
22200.000000000095 7.4925199160737e-08
22250.000000000095 6.7863820500908e-08
22300.000000000095 6.699729665867367e-08
22350.000000000095 6.035473257403765e-08
22400.000000000095 5.1673258312046116e-08
22450.000000000095 4.6051845180330126e-08
22500.000000000095 4.998427961909259e-08
22550.000000000095 3.0941685564163524e-08
22600.000000000095 4.020099112474643e-08
22650.000000000095 4.146531182745908e-08
22700.000000000095 3.93183406514506e-08
22750.000000000095 3.988660586225073e-08
22800.000000000095 3.5488961635431e-08
22850.000000000095 3.2045496057513424e-08
22900.000000000095 2.8464080931759782e-08
22950.000000000095 3.0429986109723236e-08
23000.000000000095 2.458404187230115e-08
23050.000000000095 3.559781395965542e-08
23100.000000000095 5.234984327826297e-08
23150.000000000095 5.5338352102716935e-08
23200.000000000095 2.4326645037559667e-08
23250.000000000095 2.3277845863993308e-08
23300.000000000095 2.2490398967875355e-08
23350.000000000095 1.9700026463655568e-08
23400.000000000095 2.7204404273651156e-08
23450.000000000095 2.4342484741803224e-08
23500.000000000095 2.4782030728092878e-08
23550.000000000095 3.5283893935257764e-08
23600.000000000095 3.647429056352823e-08
23650.000000000095 4.394158727949618e-08
23700.000000000095 2.671587506157559e-08
23750.000000000095 2.323926155068194e-08
23800.000000000095 2.731978561303801e-08
23850.000000000095 2.8977319975031518e-08
23900.000000000095 4.5308425376844784e-08
23950.000000000095 4.552891235896603e-08
24000.000000000095 5.6228237428896197e-08
24050.000000000095 6.369719783299828e-08
24100.000000000095 5.0745863825683154e-08
24150.000000000095 5.7618501165667843e-08
24200.000000000095 6.360776111636809e-08
24250.000000000095 5.0930040299471363e-08
24300.000000000095 6.069818388753729e-08
24350.000000000095 5.325871934005786e-08
24400.000000000095 7.79380775696942e-08
24450.000000000095 6.270248548927608e-08
24500.000000000095 7.464846801054373e-08
24550.000000000095 7.28768418763902e-08
24600.000000000095 8.2475144971499e-08
24650.000000000095 9.127770507379483e-08
24700.000000000095 7.45237455476473e-08
24750.000000000095 6.771749472278775e-08
24800.000000000095 7.60843910327257e-08
24850.000000000095 1.019911273864553e-07
24900.000000000095 5.76758739957093e-08
24950.000000000095 9.284597882189261e-08
25000.000000000095 9.224113886962115e-08
25050.000000000095 7.006204228554249e-08
25100.000000000095 8.563988623532943e-08
25150.000000000095 5.460308250959426e-08
25200.000000000095 7.772050554822298e-08
25250.000000000095 5.396941166551656e-08
25300.000000000095 7.749441793854216e-08
25350.000000000095 4.233795646425293e-08
25400.000000000095 7.585423779831229e-08
25450.000000000095 5.312668111081738e-08
25500.000000000095 5.073591964451639e-08
25550.000000000095 6.089526650551759e-08
25600.000000000095 4.621322964475805e-08
25650.000000000095 3.88488525303313e-08
25700.000000000095 6.948960555839468e-08
25750.000000000095 3.748375397637585e-08
25800.000000000095 6.853027183198544e-08
25850.000000000095 3.6738458623147166e-08
25900.000000000095 4.8600788619043546e-08
25950.000000000095 3.4506642861490586e-08
26000.000000000095 6.684426519875763e-08
26050.000000000095 5.092778447626059e-08
26100.000000000095 7.455711201761214e-08
26150.000000000095 6.012084912064806e-08
26200.000000000095 7.162673509261383e-08
26250.000000000095 8.981883894416117e-08
26300.000000000095 6.38336856894523e-08
26350.000000000095 9.823218993311087e-08
26400.000000000095 1.175968612130997e-07
26450.000000000095 1.059558970386144e-07
26500.000000000095 9.623206601544542e-08
26550.000000000095 8.185431963587577e-08
26600.000000000095 1.0064777625717866e-07
26650.000000000095 5.179870025297876e-08
26700.000000000095 4.1437561078911144e-08
26750.000000000095 3.6347524057032055e-08
26800.000000000095 5.4142671724029425e-08
26850.000000000095 3.189183173956006e-08
26900.000000000095 6.420086616030817e-08
26950.000000000095 3.3412773208901353e-08
27000.000000000095 7.746932767664987e-08
27050.000000000095 6.994664954217833e-08
27100.000000000095 5.127270886081637e-08
27150.000000000095 8.970678287893692e-08
27200.000000000095 5.489554689600991e-08
27250.000000000095 6.330218999382143e-08
27300.000000000095 1.2692774940720328e-07
27350.000000000095 9.585325454165598e-08
27400.000000000095 3.360007959234225e-08
27450.000000000095 1.203701197015236e-07
27500.000000000095 1.1465995135232569e-07
27550.000000000095 6.718498051666021e-08
27600.000000000095 1.1248621812628454e-07
27650.000000000095 5.466123325489888e-08
27700.000000000095 4.436814199659976e-08
27750.000000000095 1.078860473095271e-07
27800.000000000095 5.7198706181250976e-08
27850.000000000095 6.525985190475575e-08
27900.000000000095 8.308409034867873e-08
27950.000000000095 9.190766098400367e-08
28000.000000000095 9.692294517292432e-08
28050.000000000095 4.509745294709096e-08
28100.000000000095 1.1949915731567639e-07
28150.000000000095 9.014563781767509e-08
28200.000000000095 4.135392544265242e-08
28250.000000000095 1.1753844185284138e-07
28300.000000000095 1.5691900668985135e-07
28350.000000000095 4.8694783973787154e-08
28400.000000000095 1.0710852557740053e-07
28450.000000000095 1.1499595341139498e-07
28500.000000000095 1.0072664975272711e-07
28550.000000000095 4.6121014134724896e-08
28600.000000000095 1.2567530666385764e-07
28650.000000000095 1.1690190769318184e-07
28700.000000000095 9.905409904821834e-08
28750.000000000095 1.3402476836813877e-07
28800.000000000095 1.1567052921021153e-07
28850.000000000095 1.5433274423808207e-07
28900.000000000095 7.231322288880653e-08
28950.000000000095 1.5656507391822525e-07
29000.000000000095 1.0584940021368563e-07
29050.000000000095 1.2919727829102394e-07
29100.000000000095 8.092698864959158e-08
29150.000000000095 1.6089678040271778e-07
29200.000000000095 1.1372514309864236e-07
29250.000000000095 1.5731239516681893e-07
29300.000000000095 9.670772770652022e-08
