galfind/configs/Brown_Dwarf_templates/sonora_cholla/logkzz2/178g/1150K_178g_logkzz2_resample.dat
# %ECSV 1.0
# ---
# datatype:
# - {name: wav, unit: Angstrom, datatype: float64}
# - {name: flux_nu, unit: erg / (cm2 Hz s), datatype: float64}
# schema: astropy-2.0
wav flux_nu
[from data line 776]
48800.000000000095 3.5970075791548403e-07
48850.000000000095 2.588516634136504e-07
48900.000000000095 3.7653748334852217e-07
48950.000000000095 3.195189885618086e-07
49000.000000000095 2.7241830812351557e-07
49050.000000000095 3.4907550170495914e-07
49100.000000000095 2.480842170743557e-07
49150.000000000095 3.8161879429773633e-07
49200.000000000095 2.8718976853628644e-07
49250.000000000095 3.8300121871402993e-07
49300.000000000095 3.05334915158396e-07
49350.000000000095 3.021571184783399e-07
49400.000000000095 3.635992380260474e-07
49450.000000000095 3.4366431024912595e-07
49500.000000000095 3.308008491781456e-07
49550.000000000095 2.2786289674578816e-07
49600.000000000095 3.408006529485572e-07
49650.000000000095 3.1131443712733605e-07
49700.000000000095 2.6513541909062343e-07
49750.000000000095 4.253458170294106e-07
49800.000000000095 2.859935705858863e-07
49850.000000000095 4.673016060470136e-07
49900.000000000095 3.630088158459364e-07
49950.000000000095 3.774284501209896e-07
50000.000000000095 4.2280854002795877e-07
50050.000000000095 3.91984513798862e-07
50100.000000000095 4.796339730288268e-07
50150.000000000095 2.8535639207739663e-07
50200.000000000095 2.263825084981812e-07
50250.000000000095 4.428825240655944e-07
50300.000000000095 3.1921938920236404e-07
50350.000000000095 4.1394298056104045e-07
50400.000000000095 3.747328635477535e-07
50450.000000000095 3.651957791033115e-07
50500.000000000095 4.3045373111714103e-07
50550.000000000095 3.729120009443216e-07
50600.000000000095 4.1959537187922207e-07
50650.000000000095 3.8799778039899966e-07
50700.000000000095 5.065359391734591e-07
50750.000000000095 5.127233762781513e-07
50800.000000000095 2.875487357383897e-07
50850.000000000095 3.4762836463995e-07
50900.000000000095 4.6841928568364025e-07
50950.000000000095 4.86518903499831e-07
51000.000000000095 4.516041773124816e-07
51050.000000000095 3.980211300734523e-07
51100.000000000095 3.0364796745574113e-07
51150.000000000095 3.606520020645407e-07
51200.000000000095 4.85147548384172e-07
51250.000000000095 4.5493799894606694e-07
51300.000000000095 3.1489739183569743e-07
51350.000000000095 4.076402000252413e-07
51400.000000000095 3.380825427126821e-07
51450.000000000095 2.9752530396820885e-07
51500.000000000095 2.8681758457631756e-07
51550.000000000095 4.6676108701104886e-07
51600.000000000095 3.238067288674856e-07
51650.000000000095 4.337786281967655e-07
51700.000000000095 4.2831014990310966e-07
51750.000000000095 3.078263102920727e-07
51800.000000000095 5.421479921947764e-07
51850.000000000095 4.144864611212392e-07
51900.000000000095 5.382606958467435e-07
51950.000000000095 4.7188559476520854e-07
52000.000000000095 2.2401798218411333e-07
52050.000000000095 3.449301670249219e-07
52100.000000000095 3.413091123266146e-07
52150.000000000095 2.904433054785916e-07
52200.000000000095 2.64215556157227e-07
52250.000000000095 3.177126531474607e-07
52300.000000000095 4.821203874814153e-07
52350.000000000095 4.1955316134658905e-07
52400.000000000095 3.0731806016140666e-07
52450.000000000095 4.469227295554983e-07
52500.000000000095 3.958262195436937e-07
52550.000000000095 4.383184633857301e-07
52600.000000000095 3.4244330397714515e-07
52650.000000000095 3.965298078480214e-07
52700.000000000095 3.37346716720695e-07
52750.000000000095 3.0749592506086483e-07
52800.000000000095 3.059905581170284e-07
52850.000000000095 3.580081473933548e-07
52900.000000000095 2.8999178933461364e-07
52950.000000000095 2.8406780509579054e-07
53000.000000000095 5.051107963541523e-07
53050.000000000095 2.55770504779924e-07
53100.000000000095 4.290972959473136e-07
53150.000000000095 5.056633925566679e-07
53200.000000000095 2.7689071744516483e-07
53250.000000000095 4.722507232348668e-07
53300.000000000095 4.7149703207047514e-07
53350.000000000095 4.4225692005123675e-07
53400.000000000095 4.817857142935988e-07
53450.000000000095 2.830923981977957e-07
53500.000000000095 2.093945532079547e-07
53550.000000000095 3.005720449404316e-07
53600.000000000095 3.5993352206612716e-07
53650.000000000095 3.2303092186670736e-07
53700.000000000095 2.990114234927317e-07
53750.000000000095 3.1661999737084127e-07
53800.000000000095 3.027183167555181e-07
53850.000000000095 3.9378325875116214e-07
53900.000000000095 3.321156978061059e-07
53950.000000000095 4.4967920018789986e-07
54000.000000000095 3.288561794296415e-07
54050.000000000095 3.3967448711516154e-07
54100.000000000095 2.1181946493565307e-07
54150.000000000095 2.8489110304748836e-07
54200.000000000095 1.7034145170903606e-07
54250.000000000095 1.851933369252292e-07
54300.000000000095 2.7646448547115074e-07
54350.000000000095 3.486672078024283e-07
54400.000000000095 3.7495089405257e-07
54450.000000000095 2.9782080827533655e-07
54500.000000000095 2.687231262630449e-07
54550.000000000095 2.487959263153406e-07
54600.000000000095 3.120657802439486e-07
54650.000000000095 2.1730027110526713e-07
54700.000000000095 3.578695546187229e-07
54750.000000000095 3.4820480356779865e-07
54800.000000000095 2.764412663911531e-07
54850.000000000095 3.001487176327743e-07
54900.000000000095 3.7561932630781496e-07
54950.000000000095 4.6565327167076745e-07
55000.000000000095 2.4343886714025037e-07
55050.000000000095 3.379377642502558e-07
55100.000000000095 2.7532260477063325e-07
55150.000000000095 2.5999002657841686e-07
55200.000000000095 2.658349194990667e-07
55250.000000000095 2.863268261018204e-07
55300.000000000095 2.2670929062572104e-07
55350.000000000095 3.0175552225419795e-07
55400.000000000095 3.882979043860867e-07
55450.000000000095 3.0747339561537004e-07
55500.000000000095 1.9048295346244186e-07
55550.000000000095 2.466037186216372e-07
55600.000000000095 2.2216467280101246e-07
55650.000000000095 1.8581394794592592e-07
55700.000000000095 2.58327415574567e-07
55750.000000000095 2.814875627451811e-07
55800.000000000095 2.3450594843146823e-07
55850.000000000095 1.9798318870447775e-07
55900.000000000095 3.156789102840266e-07
55950.000000000095 3.894980884692231e-07
56000.000000000095 2.1266075528849962e-07
56050.000000000095 2.9408088350456887e-07
56100.000000000095 3.239813628377202e-07
56150.000000000095 2.471387263444556e-07
56200.000000000095 2.725369604582653e-07
56250.000000000095 2.5315732345344215e-07
56300.000000000095 2.901795646268144e-07
56350.000000000095 3.0343002969311204e-07
56400.000000000095 2.3446740142465166e-07
56450.000000000095 2.0651165102920998e-07
56500.000000000095 1.9809803236888485e-07
56550.000000000095 1.7291999321226454e-07
56600.000000000095 2.9407379794809837e-07
56650.000000000095 2.7030727090989877e-07
56700.000000000095 3.080744765944392e-07
56750.000000000095 1.8884337225522243e-07
56800.000000000095 3.323184662591008e-07
56850.000000000095 2.6101059349868156e-07
56900.000000000095 2.1737639052692674e-07
56950.000000000095 3.185945046893804e-07
57000.000000000095 3.3555662500841496e-07
57050.000000000095 2.6006706074215693e-07
57100.000000000095 1.533701282439404e-07
57150.000000000095 2.0851535540634958e-07
57200.000000000095 1.6906894704839042e-07
57250.000000000095 2.3678882790983618e-07
57300.000000000095 2.9206852692102757e-07
57350.000000000095 1.7279903554725868e-07
57400.000000000095 2.687725130290774e-07
57450.000000000095 2.669112443356492e-07
57500.000000000095 2.5961597463143326e-07
57550.000000000095 3.0990209941312775e-07
57600.000000000095 3.296155739224969e-07
57650.000000000095 1.5785785372446665e-07
57700.000000000095 1.914452221977e-07
57750.000000000095 2.3685367930007101e-07
57800.000000000095 1.0688654906859387e-07
57850.000000000095 3.51315606956734e-07
57900.000000000095 3.951795964992805e-07
57950.000000000095 3.404906370397488e-07
58000.000000000095 2.052263544148909e-07
58050.000000000095 2.776024251767261e-07
58100.000000000095 3.230381466776641e-07
58150.000000000095 2.554824788393775e-07
58200.000000000095 1.6910136705237825e-07
58250.000000000095 2.1495891475828427e-07
58300.000000000095 1.5939798991591983e-07
58350.000000000095 2.0314628980390065e-07
58400.000000000095 2.5387633153086035e-07
58450.000000000095 2.561497666036609e-07
58500.000000000095 2.3898442883201697e-07
58550.000000000095 2.6213983502327284e-07
58600.000000000095 1.716457301611528e-07
58650.000000000095 2.1787429768092354e-07
58700.000000000095 2.22115740427577e-07
58750.000000000095 2.404961284710258e-07
58800.000000000095 1.4542292883663995e-07
58850.000000000095 2.284471483843811e-07
58900.000000000095 2.8556175233254357e-07
58950.000000000095 1.8958011609097862e-07
59000.000000000095 2.7030355251416626e-07
59050.000000000095 2.7431332445812996e-07
59100.000000000095 3.292673688521117e-07
59150.000000000095 2.4605654782382725e-07
59200.000000000095 2.6322937869663656e-07
59250.000000000095 2.8544084402192427e-07
59300.000000000095 2.725354137058811e-07
59350.000000000095 1.67210436948855e-07
59400.000000000095 1.2974435623000872e-07
59450.000000000095 2.3429080010729812e-07
59500.000000000095 1.5887769434844278e-07
59550.000000000095 2.836556532612641e-07
59600.000000000095 2.5359871009008124e-07
59650.000000000095 2.678595529758295e-07
59700.000000000095 1.7731617359391421e-07
59750.000000000095 3.367699323812651e-07
59800.000000000095 2.3127204875095196e-07
59850.000000000095 2.845427460435886e-07
59900.000000000095 1.6316281893365114e-07
59950.000000000095 2.4115941327614106e-07
60000.000000000095 3.475864333250136e-07
60050.000000000095 3.0714656693827346e-07
60100.000000000095 3.4026343695465015e-07
60150.000000000095 2.5344778491047465e-07
60200.000000000095 2.671079226620335e-07
60250.000000000095 3.11910849331005e-07
60300.000000000095 3.01390378581542e-07
60350.000000000095 2.3609760377309183e-07
60400.000000000095 2.7360238632576224e-07
60450.000000000095 1.8277865444421016e-07
60500.000000000095 1.2705501592815496e-07
60550.000000000095 3.0355217231752336e-07
60600.000000000095 2.8805945048756245e-07
60650.000000000095 2.586204062758958e-07
60700.000000000095 2.2740705219268265e-07
60750.000000000095 1.9936333635227667e-07
60800.000000000095 2.8794935061569857e-07
60850.000000000095 3.8240122343147766e-07
60900.000000000095 3.536541060195255e-07
60950.000000000095 3.3783897283778995e-07
61000.000000000095 2.519970487222106e-07
61050.000000000095 2.1107031387831194e-07
61100.000000000095 2.859678341487833e-07
61150.000000000095 1.2610402286119788e-07
61200.000000000095 3.414929625736278e-07
61250.000000000095 3.9813407915988234e-07
61300.000000000095 3.4191760318195895e-07
61350.000000000095 3.843563690253462e-07
61400.000000000095 3.100837161232619e-07
61450.000000000095 2.245763196901949e-07
61500.000000000095 2.431718776660952e-07
61550.000000000095 2.1914684056287658e-07
61600.000000000095 1.623102581075306e-07
61650.000000000095 2.65931931171048e-07
61700.000000000095 2.059529783282568e-07
61750.000000000095 2.6487667609623113e-07
61800.000000000095 2.7443963879971194e-07
61850.000000000095 2.2087692318950534e-07
61900.000000000095 3.264742707814177e-07
61950.000000000095 3.100999030559557e-07
62000.000000000095 3.1897763019737736e-07
62050.000000000095 2.840607187009018e-07
62100.000000000095 3.2842167703899943e-07
62150.000000000095 3.3628318566844283e-07
62200.000000000095 2.8528372161815053e-07
62250.000000000095 3.142680669573411e-07
62300.000000000095 3.8785185722432543e-07
62350.000000000095 2.9491838147964156e-07
62400.000000000095 1.9375632500809077e-07
62450.000000000095 2.9553237374657747e-07
62500.000000000095 3.543950140187907e-07
62550.000000000095 3.415524276774793e-07
62600.000000000095 3.6579723376675733e-07
62650.000000000095 2.8568134179806687e-07
62700.000000000095 3.3886000229871846e-07
62750.000000000095 4.078389358103207e-07
62800.000000000095 2.874451599030847e-07
62850.000000000095 3.5933927586438484e-07
62900.000000000095 2.849959859231453e-07
62950.000000000095 3.172166679348892e-07
63000.000000000095 3.142874847425439e-07
63050.000000000095 3.9605467642979947e-07
63100.000000000095 3.5029378456994593e-07
63150.000000000095 2.9759741125960506e-07
63200.000000000095 3.715231417575138e-07
63250.000000000095 2.64031146578582e-07
63300.000000000095 3.6912766955186244e-07
63350.000000000095 3.3219049146595933e-07
63400.000000000095 2.319044166955768e-07
63450.000000000095 2.131557785420275e-07
63500.000000000095 3.1987870271364165e-07
63550.000000000095 2.950083975096393e-07
63600.000000000095 3.3902174297012806e-07
63650.000000000095 2.4722820089858655e-07
63700.000000000095 2.2810965514299625e-07
63750.000000000095 2.825047205789911e-07
63800.000000000095 2.944427313282207e-07
63850.000000000095 2.8898789679003783e-07
63900.000000000095 2.387181329917484e-07
63950.000000000095 3.0860131471129745e-07
64000.000000000095 3.1745467029720086e-07
64050.000000000095 2.627604069639875e-07
64100.000000000095 1.241046284689009e-07
64150.000000000095 1.6269680032087237e-07
64200.000000000095 1.8028544928064014e-07
64250.000000000095 2.6961460154948314e-07
64300.000000000095 2.171720381151948e-07
64350.000000000095 1.8332669242978113e-07
64400.000000000095 2.6691826991063e-07
64450.000000000095 2.7021154499767164e-07
64500.000000000095 1.892745188772978e-07
64550.000000000095 2.448977381012619e-07
64600.000000000095 1.4620032363704925e-07
64650.000000000095 2.1701381693185417e-07
64700.000000000095 1.468200196009952e-07
64750.000000000095 1.788636306019193e-07
64800.000000000095 1.816229477648453e-07
64850.000000000095 1.6727422960318974e-07
64900.000000000095 1.9304013856185952e-07
64950.000000000095 1.840754277490926e-07
65000.000000000095 2.120469652080992e-07
65050.000000000095 1.898111875788035e-07
65100.000000000095 2.419245206715345e-07
65150.000000000095 1.7379478955139437e-07
65200.000000000095 1.6494650991515464e-07
65250.000000000095 2.3985330257630844e-07
65300.000000000095 1.957814603416574e-07
65350.000000000095 3.1245128948194056e-07
65400.000000000095 2.0003018940408935e-07
65450.000000000095 2.1222427526452484e-07
65500.000000000095 2.369010585341217e-07
65550.00000000009 1.7154176532256657e-07
65600.00000000009 1.9867729721866075e-07
65650.00000000009 2.1855066549735563e-07
65700.00000000009 1.9013135531745796e-07
65750.00000000009 1.7323264570320377e-07
65800.00000000009 2.2932926852722244e-07
65850.00000000009 2.3453783991073478e-07
65900.00000000009 1.6852290693208698e-07
65950.00000000009 1.2797347534167542e-07
66000.00000000009 1.9744584446397272e-07
66050.00000000009 3.0739674533824457e-07
66100.00000000009 2.146909015908021e-07
66150.00000000009 1.53314579249817e-07
66200.00000000009 1.635211999007381e-07
66250.00000000009 1.548511284838701e-07
66300.00000000009 9.197761882465059e-08
66350.00000000009 1.324711699009199e-07
66400.00000000009 1.5489688614132763e-07
66450.00000000009 2.2949689623454205e-07
66500.00000000009 3.044292763548432e-07
66550.00000000009 2.9325430443761174e-07
66600.00000000009 2.274440743259949e-07
66650.00000000009 2.232775457222421e-07
66700.00000000009 2.01306911775828e-07
66750.00000000009 1.8397355757592503e-07
66800.00000000009 2.311859162373742e-07
66850.00000000009 1.7844565646302424e-07
66900.00000000009 2.397117972055279e-07
66950.00000000009 2.912676651875287e-07
67000.00000000009 2.8148801555947417e-07
67050.00000000009 2.174067863958783e-07
67100.00000000009 1.9026331347126013e-07
67150.00000000009 1.881993330194744e-07
67200.00000000009 2.0263732980249012e-07
67250.00000000009 2.2143333479617528e-07
67300.00000000009 2.1544618953600897e-07
67350.00000000009 1.639306038532779e-07
67400.00000000009 2.693137848092183e-07
67450.00000000009 2.3052275536524094e-07
67500.00000000009 2.1010233111833145e-07
67550.00000000009 2.345637308707956e-07
67600.00000000009 3.4070957848954835e-07
67650.00000000009 2.7140753163214435e-07
67700.00000000009 2.292144174319849e-07
67750.00000000009 2.1612174240463084e-07
67800.00000000009 2.637235119504299e-07
67850.00000000009 1.8167257089348274e-07
67900.00000000009 2.2266571747933075e-07
67950.00000000009 1.5243801491629777e-07
68000.00000000009 2.0043425502857273e-07
68050.00000000009 2.683973508549747e-07
