galfind/configs/Brown_Dwarf_templates/sonora_cholla/logkzz2/178g/1150K_178g_logkzz2_resample.dat
# %ECSV 1.0
# ---
# datatype:
# - {name: wav, unit: Angstrom, datatype: float64}
# - {name: flux_nu, unit: erg / (cm2 Hz s), datatype: float64}
# schema: astropy-2.0
wav flux_nu
[from data line 388]
29400.000000000095 1.9541356482829206e-07
29450.000000000095 1.8568596205538649e-07
29500.000000000095 1.970968894766177e-07
29550.000000000095 1.7535743728037608e-07
29600.000000000095 2.471472432599829e-07
29650.000000000095 1.9168862679238454e-07
29700.000000000095 1.8582036606915178e-07
29750.000000000095 2.1897687429953653e-07
29800.000000000095 2.635223754743124e-07
29850.000000000095 2.5420242097363084e-07
29900.000000000095 2.2671423751811665e-07
29950.000000000095 2.096581900071249e-07
30000.000000000095 2.3761815072079726e-07
30050.000000000095 1.9045185447392337e-07
30100.000000000095 2.1109874925646585e-07
30150.000000000095 2.6901724446466286e-07
30200.000000000095 2.1048628765811618e-07
30250.000000000095 2.5987796572317074e-07
30300.000000000095 2.3171696167789931e-07
30350.000000000095 1.9906887073746055e-07
30400.000000000095 2.2798926131206516e-07
30450.000000000095 1.981056629089045e-07
30500.000000000095 1.8526171783202595e-07
30550.000000000095 1.973845983088923e-07
30600.000000000095 2.0373168522894158e-07
30650.000000000095 1.8849739295877e-07
30700.000000000095 1.6914706803174588e-07
30750.000000000095 1.5105175722345233e-07
30800.000000000095 1.5891330389668242e-07
30850.000000000095 1.4513539004802856e-07
30900.000000000095 1.4379702279219296e-07
30950.000000000095 1.1047804013012708e-07
31000.000000000095 1.2436179107636883e-07
31050.000000000095 1.2785098199320977e-07
31100.000000000095 8.909220516279428e-08
31150.000000000095 1.0906225250602353e-07
31200.000000000095 1.082642725093258e-07
31250.000000000095 9.399461277981825e-08
31300.000000000095 8.969399733854651e-08
31350.000000000095 8.563005832403754e-08
31400.000000000095 6.21695963413727e-08
31450.000000000095 9.060644365243655e-08
31500.000000000095 6.837667977099213e-08
31550.000000000095 8.472661975854818e-08
31600.000000000095 6.082283197052708e-08
31650.000000000095 6.605258317986353e-08
31700.000000000095 6.82605091395247e-08
31750.000000000095 5.679988732744646e-08
31800.000000000095 6.220431935340992e-08
31850.000000000095 6.068851934472541e-08
31900.000000000095 5.691520302723132e-08
31950.000000000095 6.048539758643078e-08
32000.000000000095 5.9253210999052996e-08
32050.000000000095 4.5686534355007795e-08
32100.000000000095 4.5838466207870064e-08
32150.000000000095 5.755292706811354e-08
32200.000000000095 4.73182810200595e-08
32250.000000000095 6.125261646272081e-08
32300.000000000095 4.3917881012274475e-08
32350.000000000095 7.148467241592607e-08
32400.000000000095 5.5888144267127547e-08
32450.000000000095 7.257249752806263e-08
32500.000000000095 5.539541642937609e-08
32550.000000000095 6.762813622810532e-08
32600.000000000095 7.495185526252878e-08
32650.000000000095 9.029885089354354e-08
32700.000000000095 7.198031316254674e-08
32750.000000000095 9.885881980926048e-08
32800.000000000095 7.483408398314159e-08
32850.000000000095 9.95760338878712e-08
32900.000000000095 1.0531036433752629e-07
32950.000000000095 1.1325601819791502e-07
33000.000000000095 1.0210796769588115e-07
33050.000000000095 9.529784258796766e-08
33100.000000000095 5.4851844754371715e-08
33150.000000000095 2.5320989535839582e-08
33200.000000000095 2.584841319485935e-08
33250.000000000095 1.4199184454979093e-08
33300.000000000095 1.44089108062953e-08
33350.000000000095 2.372572700310221e-08
33400.000000000095 3.1348978047676716e-08
33450.000000000095 3.90353233955563e-08
33500.000000000095 4.797411209550338e-08
33550.000000000095 4.8714262014553925e-08
33600.000000000095 7.187974972055348e-08
33650.000000000095 7.252262151273532e-08
33700.000000000095 6.93832215905816e-08
33750.000000000095 8.742523583526436e-08
33800.000000000095 7.15397883153322e-08
33850.000000000095 9.068145220789839e-08
33900.000000000095 8.052651480933826e-08
33950.000000000095 8.58847172139796e-08
34000.000000000095 9.29213882495154e-08
34050.000000000095 5.2134889063526284e-08
34100.000000000095 9.144563848072215e-08
34150.000000000095 7.250110985557649e-08
34200.000000000095 8.529075419530794e-08
34250.000000000095 7.174329264573321e-08
34300.000000000095 6.160554294641851e-08
34350.000000000095 7.853334733866646e-08
34400.000000000095 6.982596329539398e-08
34450.000000000095 8.998232819087084e-08
34500.000000000095 8.05385008656236e-08
34550.000000000095 6.056646722524345e-08
34600.000000000095 9.177169945697452e-08
34650.000000000095 6.726029060812001e-08
34700.000000000095 7.072984697123248e-08
34750.000000000095 7.05696580919871e-08
34800.000000000095 5.137736260484074e-08
34850.000000000095 7.366316777620309e-08
34900.000000000095 8.872510838137827e-08
34950.000000000095 7.430941280635548e-08
35000.000000000095 9.709652802478709e-08
35050.000000000095 7.936082201216438e-08
35100.000000000095 9.542544936129662e-08
35150.000000000095 8.934465679089554e-08
35200.000000000095 1.2311089859474267e-07
35250.000000000095 1.1830357378093024e-07
35300.000000000095 8.246216908331329e-08
35350.000000000095 1.1489954910454803e-07
35400.000000000095 1.1067570701230982e-07
35450.000000000095 1.0039764082350732e-07
35500.000000000095 1.4310140839610742e-07
35550.000000000095 1.3094179056566685e-07
35600.000000000095 1.321234409499169e-07
35650.000000000095 1.3170512698094664e-07
35700.000000000095 9.888921873761104e-08
35750.000000000095 1.5347392735854583e-07
35800.000000000095 1.4719322060092198e-07
35850.000000000095 1.1311008068420559e-07
35900.000000000095 1.6391949494487485e-07
35950.000000000095 1.478618697923449e-07
36000.000000000095 1.1944873638018226e-07
36050.000000000095 1.603762092632305e-07
36100.000000000095 1.519197802927713e-07
36150.000000000095 1.5915260909545832e-07
36200.000000000095 1.6140270688593788e-07
36250.000000000095 1.7269772959531463e-07
36300.000000000095 1.8510512253770767e-07
36350.000000000095 1.974717384426046e-07
36400.000000000095 2.2084326839312973e-07
36450.000000000095 2.145553525110142e-07
36500.000000000095 2.28604747514815e-07
36550.000000000095 2.188250613393482e-07
36600.000000000095 2.593355983978012e-07
36650.000000000095 2.629781561693133e-07
36700.000000000095 2.816555494636168e-07
36750.000000000095 3.009377842022347e-07
36800.000000000095 2.8331036206600436e-07
36850.000000000095 2.772408907180114e-07
36900.000000000095 2.7554820081125384e-07
36950.000000000095 3.0660765819303245e-07
37000.000000000095 2.92797588114161e-07
37050.000000000095 3.116632087313302e-07
37100.000000000095 3.3598448474225675e-07
37150.000000000095 3.362959035646688e-07
37200.000000000095 3.369458477158038e-07
37250.000000000095 3.044832921038032e-07
37300.000000000095 3.301851796873745e-07
37350.000000000095 3.471706413622736e-07
37400.000000000095 3.9451903106072003e-07
37450.000000000095 3.806875950348469e-07
37500.000000000095 3.3319154028015e-07
37550.000000000095 4.3787179683957116e-07
37600.000000000095 4.528692282182153e-07
37650.000000000095 3.826536214307587e-07
37700.000000000095 4.0314007594061934e-07
37750.000000000095 3.487920455773594e-07
37800.000000000095 3.9045505256334283e-07
37850.000000000095 3.563467875666124e-07
37900.000000000095 4.018238907485542e-07
37950.000000000095 4.4352442944148015e-07
38000.000000000095 4.878612692514497e-07
38050.000000000095 4.409683722884242e-07
38100.000000000095 4.7293573666589854e-07
38150.000000000095 4.876130756793257e-07
38200.000000000095 5.361296304532886e-07
38250.000000000095 5.029067415636815e-07
38300.000000000095 5.731506307160112e-07
38350.000000000095 5.976692340515459e-07
38400.000000000095 4.595768008042095e-07
38450.000000000095 5.299851285543088e-07
38500.000000000095 4.787843524803049e-07
38550.000000000095 5.381781842414838e-07
38600.000000000095 5.448885831492019e-07
38650.000000000095 6.484354547084173e-07
38700.000000000095 6.101440434518719e-07
38750.000000000095 6.065523980135666e-07
38800.000000000095 5.499020721095179e-07
38850.000000000095 6.74144672097144e-07
38900.000000000095 6.53450869772395e-07
38950.000000000095 6.298952347492423e-07
39000.000000000095 7.327019537613218e-07
39050.000000000095 6.539285461002812e-07
39100.000000000095 6.394189150046166e-07
39150.000000000095 6.630936931359428e-07
39200.000000000095 6.380531035151438e-07
39250.000000000095 7.315605186375333e-07
39300.000000000095 7.179414325850338e-07
39350.000000000095 8.289384646580261e-07
39400.000000000095 8.203675207928834e-07
39450.000000000095 8.042196488102767e-07
39500.000000000095 6.696032659332184e-07
39550.000000000095 7.425388955649118e-07
39600.000000000095 7.784680964761224e-07
39650.000000000095 8.60874908901309e-07
39700.000000000095 7.704055541547603e-07
39750.000000000095 6.865544247930229e-07
39800.000000000095 8.179100473445139e-07
39850.000000000095 8.586759523108868e-07
39900.000000000095 8.209687382872139e-07
39950.000000000095 8.367549528489668e-07
40000.000000000095 8.627547422705465e-07
40050.000000000095 8.887260286392744e-07
40100.000000000095 8.179662808095502e-07
40150.000000000095 9.786797316793023e-07
40200.000000000095 9.85905397042695e-07
40250.000000000095 8.243449389711028e-07
40300.000000000095 9.162939885927154e-07
40350.000000000095 8.521811517562591e-07
40400.000000000095 9.373883271068556e-07
40450.000000000095 9.277137300376057e-07
40500.000000000095 8.819745977932564e-07
40550.000000000095 9.63820342167144e-07
40600.000000000095 8.622105621606266e-07
40650.000000000095 9.916255347330209e-07
40700.000000000095 1.1255526447458496e-06
40750.000000000095 9.657897117429948e-07
40800.000000000095 8.34223219991764e-07
40850.000000000095 9.807785552067021e-07
40900.000000000095 8.74447122766196e-07
40950.000000000095 8.996668393948129e-07
41000.000000000095 9.469182117455176e-07
41050.000000000095 1.0411124984062977e-06
41100.000000000095 8.549210028006492e-07
41150.000000000095 8.312229933752767e-07
41200.000000000095 9.82739361943497e-07
41250.000000000095 9.906911331018672e-07
41300.000000000095 7.785663423279208e-07
41350.000000000095 1.0347756552786547e-06
41400.000000000095 9.636717512359195e-07
41450.000000000095 9.85822967337386e-07
41500.000000000095 9.084595877918159e-07
41550.000000000095 8.782658507270564e-07
41600.000000000095 9.56014219980935e-07
41650.000000000095 8.692377797229913e-07
41700.000000000095 8.545677659286673e-07
41750.000000000095 7.522043018360324e-07
41800.000000000095 1.0112640480146337e-06
41850.000000000095 6.032654586500431e-07
41900.000000000095 8.120080796556722e-07
41950.000000000095 8.024427011650285e-07
42000.000000000095 8.322186940728549e-07
42050.000000000095 7.23387901336405e-07
42100.000000000095 7.959906480824874e-07
42150.000000000095 6.287898194260681e-07
42200.000000000095 7.143761001686413e-07
42250.000000000095 6.539868859379685e-07
42300.000000000095 6.96113385277995e-07
42350.000000000095 7.24702162867709e-07
42400.000000000095 6.053626264240305e-07
42450.000000000095 5.81175664955608e-07
42500.000000000095 5.766296599303819e-07
42550.000000000095 6.072607458194037e-07
42600.000000000095 6.445334285048881e-07
42650.000000000095 7.6214127356087e-07
42700.000000000095 6.318698381842043e-07
42750.000000000095 6.169770777880651e-07
42800.000000000095 5.59655863816995e-07
42850.000000000095 6.468060219202254e-07
42900.000000000095 6.760049489685081e-07
42950.000000000095 5.342340636643278e-07
43000.000000000095 6.986106293755744e-07
43050.000000000095 4.858244453395943e-07
43100.000000000095 6.321510368188986e-07
43150.000000000095 6.848606189503672e-07
43200.000000000095 6.62260184990438e-07
43250.000000000095 6.285891816213197e-07
43300.000000000095 7.297319387434012e-07
43350.000000000095 5.889167506336399e-07
43400.000000000095 6.808745794349532e-07
43450.000000000095 5.283191380245406e-07
43500.000000000095 5.156478312396734e-07
43550.000000000095 5.117455842815317e-07
43600.000000000095 6.429864889420039e-07
43650.000000000095 4.708665037781861e-07
43700.000000000095 6.605841316792205e-07
43750.000000000095 6.560081747421907e-07
43800.000000000095 5.309297160594136e-07
43850.000000000095 5.815745552624591e-07
43900.000000000095 4.526455274868589e-07
43950.000000000095 5.024890230974086e-07
44000.000000000095 3.480007259376489e-07
44050.000000000095 4.964831443994946e-07
44100.000000000095 5.097213321535728e-07
44150.000000000095 5.190138542371604e-07
44200.000000000095 4.3767842618441474e-07
44250.000000000095 4.365430988358e-07
44300.000000000095 4.1244814949647346e-07
44350.000000000095 3.2590389690275593e-07
44400.000000000095 3.7551595591627557e-07
44450.000000000095 3.791289215920189e-07
44500.000000000095 3.0157591353817295e-07
44550.000000000095 3.4909083061654253e-07
44600.000000000095 3.013856874241278e-07
44650.000000000095 3.489973492525075e-07
44700.000000000095 3.219026746848357e-07
44750.000000000095 3.4217923405442985e-07
44800.000000000095 3.1790683960162547e-07
44850.000000000095 3.0363750092151083e-07
44900.000000000095 2.511387028221768e-07
44950.000000000095 2.605555195641221e-07
45000.000000000095 2.693202030489544e-07
45050.000000000095 2.8025832551932057e-07
45100.000000000095 2.525301079084352e-07
45150.000000000095 2.448449926087855e-07
45200.000000000095 2.002595553353441e-07
45250.000000000095 2.168663923315362e-07
45300.000000000095 2.4271949094893154e-07
45350.000000000095 2.500936385636888e-07
45400.000000000095 1.9536717707367488e-07
45450.000000000095 2.0105309008912502e-07
45500.000000000095 2.0289342520466118e-07
45550.000000000095 2.3197519819760608e-07
45600.000000000095 1.9737885374993786e-07
45650.000000000095 1.9673127191892166e-07
45700.000000000095 2.421158341195764e-07
45750.000000000095 2.1530998657652659e-07
45800.000000000095 1.9258438321199184e-07
45850.000000000095 2.7594571019807657e-07
45900.000000000095 2.686809969118127e-07
45950.000000000095 2.0238289242395232e-07
46000.000000000095 2.578705496341224e-07
46050.000000000095 2.7034738233436934e-07
46100.000000000095 2.0182017565617738e-07
46150.000000000095 2.590678777645095e-07
46200.000000000095 2.429608694670774e-07
46250.000000000095 1.5653295213790094e-07
46300.000000000095 2.928471117240151e-07
46350.000000000095 2.0516316391897665e-07
46400.000000000095 2.5244947309038605e-07
46450.000000000095 3.1397116689207196e-07
46500.000000000095 2.457114981374331e-07
46550.000000000095 3.075767463522979e-07
46600.000000000095 3.116039719380143e-07
46650.000000000095 4.599293170984243e-07
46700.000000000095 3.501329006710868e-07
46750.000000000095 2.915486541609239e-07
46800.000000000095 2.4147213066622577e-07
46850.000000000095 3.3758153302116686e-07
46900.000000000095 2.8723946587813884e-07
46950.000000000095 3.6860022858503606e-07
47000.000000000095 2.440990793514685e-07
47050.000000000095 3.922947169990471e-07
47100.000000000095 2.1826961942314886e-07
47150.000000000095 2.620741793489933e-07
47200.000000000095 3.1252558734362887e-07
47250.000000000095 2.360294437139694e-07
47300.000000000095 2.6499573994377116e-07
47350.000000000095 2.0956876283162396e-07
47400.000000000095 3.321690746478631e-07
47450.000000000095 2.196278902930245e-07
47500.000000000095 3.5403425436234717e-07
47550.000000000095 2.2379444333758788e-07
47600.000000000095 3.2940105216411573e-07
47650.000000000095 2.218263337362616e-07
47700.000000000095 3.1317928521601373e-07
47750.000000000095 1.8554987226636338e-07
47800.000000000095 2.9087148418465895e-07
47850.000000000095 1.6710389477803367e-07
47900.000000000095 2.819768240861084e-07
47950.000000000095 2.2211869947212576e-07
48000.000000000095 3.7137391175223013e-07
48050.000000000095 2.5094969211061716e-07
48100.000000000095 3.154260429997378e-07
48150.000000000095 2.3620653394722934e-07
48200.000000000095 3.339209658449579e-07
48250.000000000095 2.5583299217640185e-07
48300.000000000095 4.030262741785024e-07
48350.000000000095 2.2588820365113076e-07
48400.000000000095 3.0765443309419474e-07
48450.000000000095 2.1571666719795836e-07
48500.000000000095 3.960539075571896e-07
48550.000000000095 2.1257877178597672e-07
48600.000000000095 3.458453202563059e-07
48650.000000000095 2.1401356285409852e-07
48700.000000000095 3.7552029937363374e-07
