galfind/configs/Brown_Dwarf_templates/sonora_cholla/logkzz2/178g/1200K_178g_logkzz2_resample.dat
# %ECSV 1.0
# ---
# datatype:
# - {name: wav, unit: Angstrom, datatype: float64}
# - {name: flux_nu, unit: erg / (cm2 Hz s), datatype: float64}
# schema: astropy-2.0
wav flux_nu
10000.000000000093 nan
10050.000000000093 3.006618726997965e-07
10100.000000000093 3.5482666937070047e-07
10150.000000000093 3.591058914745333e-07
10200.000000000093 3.945643753747035e-07
10250.000000000093 4.1872298565982634e-07
10300.000000000093 4.118091800924702e-07
10350.000000000093 4.7338721770276634e-07
10400.000000000093 5.288709623607441e-07
10450.000000000093 5.374341314626901e-07
10500.000000000093 5.138148093312067e-07
10550.000000000093 5.137905193873605e-07
10600.000000000093 5.398812427002345e-07
10650.000000000093 5.849194665344637e-07
10700.000000000093 6.230946000525792e-07
10750.000000000093 6.739529485196668e-07
10800.000000000093 7.125425193032641e-07
10850.000000000093 7.81630918038137e-07
10900.000000000093 7.081624081003985e-07
10950.000000000093 5.52420533595505e-07
11000.000000000093 4.985355363046358e-07
11050.000000000093 4.088531770608298e-07
11100.000000000093 3.9164296145679965e-07
11150.000000000093 3.33789818393475e-07
11200.000000000093 3.3226067306405913e-07
11250.000000000093 4.0199717069492995e-07
11300.000000000093 3.8466062156454077e-07
11350.000000000093 2.5259356166730416e-07
11400.000000000093 4.005320221765578e-07
11450.000000000093 3.276410064968107e-07
11500.000000000093 3.9454607741602357e-07
11550.000000000093 3.0910223815646964e-07
11600.000000000093 3.3109740444427704e-07
11650.000000000093 3.716095263748171e-07
11700.000000000093 3.9051629543802343e-07
11750.000000000093 3.2164531946345846e-07
11800.000000000093 4.2234884269603556e-07
11850.000000000093 5.059425165628557e-07
11900.000000000093 5.311150868602208e-07
11950.000000000093 6.063331753613088e-07
12000.000000000093 6.075174006361181e-07
12050.000000000093 7.325675534055485e-07
12100.000000000093 7.756731758857937e-07
12150.000000000093 8.646733830692351e-07
12200.000000000093 9.325293885431262e-07
12250.000000000093 1.0383527534982696e-06
12300.000000000093 1.1028687380118472e-06
12350.000000000093 1.1240019081127215e-06
12400.000000000093 1.1026219088479559e-06
12450.000000000093 1.1889406483441313e-06
12500.000000000093 1.2474459120722121e-06
12550.000000000093 1.3027418967963312e-06
12600.000000000093 1.3361748935618387e-06
12650.000000000093 1.3310066749247013e-06
12700.000000000093 1.4238832063642668e-06
12750.000000000093 1.3530215042835586e-06
12800.000000000093 1.409106508534405e-06
12850.000000000093 1.3016488672262866e-06
12900.000000000093 1.1962323102186944e-06
12950.000000000093 1.2542714902488e-06
13000.000000000093 1.2622387502316541e-06
13050.000000000093 1.2631295735147814e-06
13100.000000000093 1.1943697251539672e-06
13150.000000000093 1.1009319258008906e-06
13200.000000000093 1.044814852517573e-06
13250.000000000093 8.54524536752155e-07
13300.000000000093 5.45434296233265e-07
13350.000000000093 2.0988063645814705e-07
13400.000000000093 1.2809786291839133e-07
13450.000000000093 8.623625650337926e-08
13500.000000000093 5.719229746020067e-08
13550.000000000093 4.848931163526624e-08
13600.000000000093 3.586920878346611e-08
13650.000000000093 7.283212166141047e-08
13700.000000000093 6.13321172552253e-08
13750.000000000093 6.216484414366561e-08
13800.000000000093 8.261040483532427e-08
13850.000000000093 6.633925767255217e-08
13900.000000000093 6.774303478871455e-08
13950.000000000093 6.1193748004154e-08
14000.000000000093 5.3359798369326486e-08
14050.000000000093 6.551999109838636e-08
14100.000000000093 4.902340734747996e-08
14150.000000000093 6.51925759177499e-08
14200.000000000093 5.3686870000255216e-08
14250.000000000093 5.4057116290181864e-08
14300.000000000093 7.109909595725625e-08
14350.000000000093 6.892435602772549e-08
14400.000000000093 7.973775217089059e-08
14450.000000000093 8.189447468206058e-08
14500.000000000093 1.3273217402482156e-07
14550.000000000093 1.3245191617601777e-07
14600.000000000093 1.6647513949903027e-07
14650.000000000093 1.7560234853380538e-07
14700.000000000093 1.3508982890407237e-07
14750.000000000093 1.687815783353051e-07
14800.000000000093 2.0566264968402366e-07
14850.000000000093 2.0962118141425784e-07
14900.000000000093 2.2894317224387466e-07
14950.000000000093 2.4092275349114194e-07
15000.000000000093 2.552841609343544e-07
15050.000000000093 3.195683882964243e-07
15100.000000000093 3.423969584125929e-07
15150.000000000093 3.6983078739977405e-07
15200.000000000093 3.4415837099355636e-07
15250.000000000093 3.958912996877615e-07
15300.000000000093 4.559547083408651e-07
15350.000000000093 5.142354738173769e-07
15400.000000000093 5.499574578395896e-07
15450.000000000093 6.19558409929593e-07
15500.000000000093 6.519009903873987e-07
15550.000000000093 7.26076688190811e-07
15600.000000000093 7.533880592800816e-07
15650.000000000093 7.798499707240918e-07
15700.000000000093 8.880746961912062e-07
15750.000000000093 9.439351208000564e-07
15800.000000000093 9.160569699998424e-07
15850.000000000093 9.743656059038354e-07
15900.000000000093 9.735042888550655e-07
15950.000000000093 9.782381441154405e-07
16000.000000000093 9.698093988676506e-07
16050.000000000093 9.228417835110392e-07
16100.000000000093 8.859653441291674e-07
16150.000000000093 7.245463812948757e-07
16200.000000000093 6.379598509949271e-07
16250.000000000093 6.464551144227232e-07
16300.000000000093 5.977648290015345e-07
16350.000000000093 6.337016213904715e-07
16400.000000000095 6.954004917189616e-07
16450.000000000095 7.371137260050753e-07
16500.000000000095 7.709947536351548e-07
16550.000000000095 7.489329897289972e-07
16600.000000000095 7.123491765470723e-07
16650.000000000095 6.431226813360048e-07
16700.000000000095 4.2419115275981734e-07
16750.000000000095 4.909545138480311e-07
16800.000000000095 6.342377637802346e-07
16850.000000000095 6.166732306905226e-07
16900.000000000095 5.776659138676558e-07
16950.000000000095 5.315772025444849e-07
17000.000000000095 4.834663631515206e-07
17050.000000000095 5.495278150915514e-07
17100.000000000095 5.572629210509827e-07
17150.000000000095 4.755842588392112e-07
17200.000000000095 5.19276348944128e-07
17250.000000000095 4.568321755356193e-07
17300.000000000095 4.041754987850013e-07
17350.000000000095 3.890116276254315e-07
17400.000000000095 3.637196762495628e-07
17450.000000000095 3.5384024068015006e-07
17500.000000000095 3.794595861013587e-07
17550.000000000095 3.2602609391868635e-07
17600.000000000095 2.999608795153958e-07
17650.000000000095 3.0430197417501305e-07
17700.000000000095 2.1251223634790407e-07
17750.000000000095 2.0331591626111506e-07
17800.000000000095 2.411710895677325e-07
17850.000000000095 1.6656086182401562e-07
17900.000000000095 1.955555721195274e-07
17950.000000000095 1.5279162644604938e-07
18000.000000000095 1.605841624690674e-07
18050.000000000095 1.643625960890077e-07
18100.000000000095 1.4235945499801804e-07
18150.000000000095 1.9873091185341516e-07
18200.000000000095 1.3239912470892462e-07
18250.000000000095 2.2753904235669577e-07
18300.000000000095 1.660663238023244e-07
18350.000000000095 1.5412770754400038e-07
18400.000000000095 1.4131910749700872e-07
18450.000000000095 1.3746660078760882e-07
18500.000000000095 1.5972414308088897e-07
18550.000000000095 1.3010648943599072e-07
18600.000000000095 1.0739675042997421e-07
18650.000000000095 1.1124489970563034e-07
18700.000000000095 1.2129396095366335e-07
18750.000000000095 1.2786486319826603e-07
18800.000000000095 1.8599141503657812e-07
18850.000000000095 2.2493760067613384e-07
18900.000000000095 2.0516204476529884e-07
18950.000000000095 2.779350143329744e-07
19000.000000000095 2.3804689024586197e-07
19050.000000000095 1.9822038987834664e-07
19100.000000000095 2.736270666347456e-07
19150.000000000095 2.5086492256603657e-07
19200.000000000095 2.546288397229708e-07
19250.000000000095 2.3564784507137135e-07
19300.000000000095 2.2286013475848704e-07
19350.000000000095 1.9732540714831782e-07
19400.000000000095 1.33949727089022e-07
19450.000000000095 2.1972017907376746e-07
19500.000000000095 2.0550195877876722e-07
19550.000000000095 1.626271312072111e-07
19600.000000000095 2.1019374479447475e-07
19650.000000000095 2.2521217559976181e-07
19700.000000000095 2.2657782479871266e-07
19750.000000000095 2.1709361828669886e-07
19800.000000000095 2.4976637170129247e-07
19850.000000000095 2.8091935656810044e-07
19900.000000000095 2.032209940880619e-07
19950.000000000095 3.0752003928691857e-07
20000.000000000095 2.9883083347400947e-07
20050.000000000095 3.2248672800866987e-07
20100.000000000095 3.372695756815911e-07
20150.000000000095 3.331115376264348e-07
20200.000000000095 3.877922401885288e-07
20250.000000000095 4.230623366854171e-07
20300.000000000095 3.9020523448207876e-07
20350.000000000095 4.359005096680417e-07
20400.000000000095 4.4140633074441587e-07
20450.000000000095 5.17351413563366e-07
20500.000000000095 5.259899702580077e-07
20550.000000000095 5.050204742539262e-07
20600.000000000095 5.961288706482624e-07
20650.000000000095 5.486454521870988e-07
20700.000000000095 5.812382962878593e-07
20750.000000000095 6.399528083943455e-07
20800.000000000095 6.370440776017515e-07
20850.000000000095 6.233580220020646e-07
20900.000000000095 6.696966332344266e-07
20950.000000000095 6.398156104136614e-07
21000.000000000095 6.820117716471962e-07
21050.000000000095 6.479176742719833e-07
21100.000000000095 6.474796793552891e-07
21150.000000000095 6.507827391927802e-07
21200.000000000095 6.292338536316989e-07
21250.000000000095 6.401028777314916e-07
21300.000000000095 5.807677904237315e-07
21350.000000000095 6.165229777992958e-07
21400.000000000095 5.468859077451178e-07
21450.000000000095 5.460876633960284e-07
21500.000000000095 5.41635244998721e-07
21550.000000000095 5.127539405091047e-07
21600.000000000095 4.953518965545133e-07
21650.000000000095 4.449409132034673e-07
21700.000000000095 4.597914729463312e-07
21750.000000000095 4.198194845254219e-07
21800.000000000095 3.748872668906534e-07
21850.000000000095 3.3234287222002534e-07
21900.000000000095 3.064034509902336e-07
21950.000000000095 1.9173864661045893e-07
22000.000000000095 1.4070004673941883e-07
22050.000000000095 9.644177840426491e-08
22100.000000000095 1.297276349607069e-07
22150.000000000095 1.5485494972501551e-07
22200.000000000095 1.5919604833813866e-07
22250.000000000095 1.445604005239313e-07
22300.000000000095 1.4728395944448847e-07
22350.000000000095 1.3143790369578665e-07
22400.000000000095 1.1822618438149192e-07
22450.000000000095 1.042664370271505e-07
22500.000000000095 1.117937457841162e-07
22550.000000000095 7.651307600147332e-08
22600.000000000095 9.400326298533683e-08
22650.000000000095 9.087941843578966e-08
22700.000000000095 8.963334727400425e-08
22750.000000000095 8.956539602833535e-08
22800.000000000095 8.094307656817928e-08
22850.000000000095 7.309613444094991e-08
22900.000000000095 6.763354995495735e-08
22950.000000000095 7.052160114162085e-08
23000.000000000095 5.609032049076326e-08
23050.000000000095 8.035077328507079e-08
23100.000000000095 1.0731906001119958e-07
23150.000000000095 1.139409371213799e-07
23200.000000000095 5.98678263120345e-08
23250.000000000095 5.547636363188201e-08
23300.000000000095 5.191809045128726e-08
23350.000000000095 4.5325360174136097e-08
23400.000000000095 5.9350370671145667e-08
23450.000000000095 5.38608555257203e-08
23500.000000000095 5.679056408914612e-08
23550.000000000095 7.83090216773025e-08
23600.000000000095 8.037098927407371e-08
23650.000000000095 9.276026562836597e-08
23700.000000000095 6.243257437675897e-08
23750.000000000095 5.7086319274705283e-08
23800.000000000095 5.897807127869746e-08
23850.000000000095 6.330205764281757e-08
23900.000000000095 9.26913128279807e-08
23950.000000000095 9.432631232957411e-08
24000.000000000095 1.1534376073318266e-07
24050.000000000095 1.235318229350467e-07
24100.000000000095 1.0191408554021087e-07
24150.000000000095 1.1371878485753299e-07
24200.000000000095 1.2683061646611102e-07
24250.000000000095 1.0645147310960516e-07
24300.000000000095 1.182207158639218e-07
24350.000000000095 1.0696256650676845e-07
24400.000000000095 1.4642676685987282e-07
24450.000000000095 1.1939481824600427e-07
24500.000000000095 1.3922596435233178e-07
24550.000000000095 1.3169189072303917e-07
24600.000000000095 1.4637720118276245e-07
24650.000000000095 1.613388918554472e-07
24700.000000000095 1.331736586728817e-07
24750.000000000095 1.1980474988325482e-07
24800.000000000095 1.3426191588206207e-07
24850.000000000095 1.736191051732533e-07
24900.000000000095 1.0169541509657922e-07
24950.000000000095 1.6016346886246264e-07
25000.000000000095 1.5634756831901925e-07
25050.000000000095 1.2340305997736724e-07
25100.000000000095 1.4742063541156567e-07
25150.000000000095 9.721721982958235e-08
25200.000000000095 1.3382103738137983e-07
25250.000000000095 1.0043621397925461e-07
25300.000000000095 1.3886947339306084e-07
25350.000000000095 8.023021395463785e-08
25400.000000000095 1.3238319914609554e-07
25450.000000000095 9.89783852166997e-08
25500.000000000095 9.389071493714193e-08
25550.000000000095 1.1173736134398658e-07
25600.000000000095 9.213301470940216e-08
25650.000000000095 7.710490890155503e-08
25700.000000000095 1.3039641282543235e-07
25750.000000000095 7.652457457678957e-08
25800.000000000095 1.256649531427329e-07
25850.000000000095 7.585608696324315e-08
25900.000000000095 9.878149721945138e-08
25950.000000000095 7.546051478142062e-08
26000.000000000095 1.2081148024438545e-07
26050.000000000095 1.0697383996061842e-07
26100.000000000095 1.3907308028084845e-07
26150.000000000095 1.1844023459352439e-07
26200.000000000095 1.35168581616132e-07
26250.000000000095 1.5519188375187613e-07
26300.000000000095 1.2043571534072486e-07
26350.000000000095 1.6328739428279772e-07
26400.000000000095 1.9807458495969868e-07
26450.000000000095 1.7833042206098722e-07
26500.000000000095 1.6239235924337869e-07
26550.000000000095 1.5038177180440963e-07
26600.000000000095 1.8427976358887779e-07
26650.000000000095 1.0395226214163714e-07
26700.000000000095 8.894489120746512e-08
26750.000000000095 7.691203990357649e-08
26800.000000000095 1.0848061707054861e-07
26850.000000000095 6.586765643640221e-08
26900.000000000095 1.1854104013143757e-07
26950.000000000095 6.557770258956984e-08
27000.000000000095 1.347631903473476e-07
27050.000000000095 1.2177281172001084e-07
27100.000000000095 9.796825546590272e-08
27150.000000000095 1.504685595276784e-07
27200.000000000095 1.0584807255311587e-07
27250.000000000095 1.1372663359090689e-07
27300.000000000095 1.9845439265843768e-07
27350.000000000095 1.5674009995898588e-07
27400.000000000095 6.998285309102843e-08
27450.000000000095 2.005230481765999e-07
27500.000000000095 1.8112248767360988e-07
27550.000000000095 1.2501330880617217e-07
27600.000000000095 1.9836643594166538e-07
27650.000000000095 1.0137163060316154e-07
27700.000000000095 8.491875136606203e-08
27750.000000000095 1.8692387760449196e-07
27800.000000000095 1.0565671241532444e-07
27850.000000000095 1.1950865230504512e-07
27900.000000000095 1.4843292952273873e-07
27950.000000000095 1.5172125527898881e-07
28000.000000000095 1.6570655310835543e-07
28050.000000000095 8.651810536951814e-08
28100.000000000095 1.9675022194344837e-07
28150.000000000095 1.5902751482635785e-07
28200.000000000095 7.95190537512093e-08
28250.000000000095 1.9199936969637132e-07
28300.000000000095 2.5153515964246957e-07
28350.000000000095 8.778699151530647e-08
28400.000000000095 1.835230803358854e-07
28450.000000000095 1.818690809791603e-07
28500.000000000095 1.705238549511089e-07
28550.000000000095 8.480875353186308e-08
28600.000000000095 2.051409299894975e-07
28650.000000000095 1.9069105714273526e-07
28700.000000000095 1.6270801446156162e-07
28750.000000000095 2.1038559795036576e-07
28800.000000000095 1.8130276750681575e-07
28850.000000000095 2.4578766710065254e-07
28900.000000000095 1.1991192196132906e-07
28950.000000000095 2.3755628736090072e-07
29000.000000000095 1.6372884312174924e-07
29050.000000000095 1.9897786560411235e-07
29100.000000000095 1.2999183503073141e-07
29150.000000000095 2.3870063534846333e-07
29200.000000000095 1.7894535686009418e-07
29250.000000000095 2.382296942442019e-07
29300.000000000095 1.5064073724314367e-07
