galfind/configs/Brown_Dwarf_templates/sonora_cholla/logkzz2/178g/1200K_178g_logkzz2_resample.dat
# %ECSV 1.0
# ---
# datatype:
# - {name: wav, unit: Angstrom, datatype: float64}
# - {name: flux_nu, unit: erg / (cm2 Hz s), datatype: float64}
# schema: astropy-2.0
wav flux_nu
[from data line 1162]
68100.00000000009 3.147207084772314e-07
68150.00000000009 2.5492420099164196e-07
68200.00000000009 2.6621828235018875e-07
68250.00000000009 1.6478894211977698e-07
68300.00000000009 2.406503432398287e-07
68350.00000000009 1.439540526495894e-07
68400.00000000009 3.158874967765385e-07
68450.00000000009 3.1453860245177897e-07
68500.00000000009 2.7704742391338546e-07
68550.00000000009 2.049142924647259e-07
68600.00000000009 2.3033489080756534e-07
68650.00000000009 1.7514176752296997e-07
68700.00000000009 2.4213997356448677e-07
68750.00000000009 2.823417830615515e-07
68800.00000000009 2.90234997164822e-07
68850.00000000009 1.8889703171265295e-07
68900.00000000009 3.4120134070532217e-07
68950.00000000009 3.4820113777218144e-07
69000.00000000009 3.345023077046048e-07
69050.00000000009 2.48681395129383e-07
69100.00000000009 3.2465867872161296e-07
69150.00000000009 3.867023428735728e-07
69200.00000000009 2.620246959356755e-07
69250.00000000009 3.3678614109157783e-07
69300.00000000009 2.8209416034344635e-07
69350.00000000009 3.3000710269005614e-07
69400.00000000009 1.9938531965847026e-07
69450.00000000009 3.4519418928541314e-07
69500.00000000009 2.740477575472182e-07
69550.00000000009 2.710956099644171e-07
69600.00000000009 1.3379002289205485e-07
69650.00000000009 2.6348768740682247e-07
69700.00000000009 3.148812215758963e-07
69750.00000000009 2.4578727875168404e-07
69800.00000000009 3.14322051381274e-07
69850.00000000009 3.2480288882948575e-07
69900.00000000009 2.35133041874124e-07
69950.00000000009 2.889727362864592e-07
70000.00000000009 2.3787622883831498e-07
70050.00000000009 3.2049669013680514e-07
70100.00000000009 2.566419038136553e-07
70150.00000000009 2.773651773891863e-07
70200.00000000009 2.1747366508982364e-07
70250.00000000009 2.6115401960682404e-07
70300.00000000009 3.0161161064452894e-07
70350.00000000009 2.3556519596585774e-07
70400.00000000009 2.4523843875154914e-07
70450.00000000009 1.5703613352350798e-07
70500.00000000009 2.010296841975282e-07
70550.00000000009 2.2003898010738918e-07
70600.00000000009 2.2149277862564175e-07
70650.00000000009 2.651804203220464e-07
70700.00000000009 2.5112200180704833e-07
70750.00000000009 2.7669292488149823e-07
70800.00000000009 2.0144401127621522e-07
70850.00000000009 2.0698979016442774e-07
70900.00000000009 2.0253763930441512e-07
70950.00000000009 3.026917537860569e-07
71000.00000000009 2.5396501585285287e-07
71050.00000000009 2.658238497647832e-07
71100.00000000009 2.426548490935245e-07
71150.00000000009 2.6059510193056676e-07
71200.00000000009 2.280774449476664e-07
71250.00000000009 2.3414857700905294e-07
71300.00000000009 2.7780260033951544e-07
71350.00000000009 2.6137876658567887e-07
71400.00000000009 2.728899354657704e-07
71450.00000000009 1.8206134347843042e-07
71500.00000000009 2.1765602247586872e-07
71550.00000000009 2.2569769849942275e-07
71600.00000000009 2.3911953622312505e-07
71650.00000000009 2.41712356380067e-07
71700.00000000009 2.060555534139447e-07
71750.00000000009 2.180196946817075e-07
71800.00000000009 2.7367784018719396e-07
71850.00000000009 2.665761911023546e-07
71900.00000000009 2.0620660093719356e-07
71950.00000000009 2.078908680217378e-07
72000.00000000009 2.1425018270283154e-07
72050.00000000009 1.8879418429065437e-07
72100.00000000009 2.1022046373472313e-07
72150.00000000009 1.7416385066487476e-07
72200.00000000009 1.9972596485279346e-07
72250.00000000009 2.2571102437553003e-07
72300.00000000009 2.2791464549340598e-07
72350.00000000009 2.266091915438586e-07
72400.00000000009 1.7925578784455312e-07
72450.00000000009 1.8181366080529495e-07
72500.00000000009 2.0645981378847745e-07
72550.00000000009 1.4304594633567758e-07
72600.00000000009 1.294300707292709e-07
72650.00000000009 2.3018270689066677e-07
72700.00000000009 2.3883707300546247e-07
72750.00000000009 2.043279589278669e-07
72800.00000000009 2.0100177458060891e-07
72850.00000000009 1.8317534132095006e-07
72900.00000000009 2.061623210822332e-07
72950.00000000009 2.085474115825702e-07
73000.00000000009 2.2149104284832772e-07
73050.00000000009 1.965770933743811e-07
73100.00000000009 1.6901648267444425e-07
73150.00000000009 2.5016693482668453e-07
73200.00000000009 1.789526184534135e-07
73250.00000000009 1.9261810513688131e-07
73300.00000000009 2.0570625148891534e-07
73350.00000000009 1.8305645695289548e-07
73400.00000000009 2.0834775283474555e-07
73450.00000000009 1.420008122776667e-07
73500.00000000009 1.5181676935765677e-07
73550.00000000009 1.776636046147515e-07
73600.00000000009 1.5816709781776364e-07
73650.00000000009 1.9019951097676885e-07
73700.00000000009 2.2435592952233982e-07
73750.00000000009 1.6308829966947545e-07
73800.00000000009 1.832414068801975e-07
73850.00000000009 1.8825241727342513e-07
73900.00000000009 2.1074092734773068e-07
73950.00000000009 1.809122277274967e-07
74000.00000000009 1.8637541899071761e-07
74050.00000000009 2.530011899897735e-07
74100.00000000009 1.6138553931564347e-07
74150.00000000009 2.03089702072721e-07
74200.00000000009 1.8793618132192196e-07
74250.00000000009 1.4519920531520434e-07
74300.00000000009 1.87084075178015e-07
74350.00000000009 2.1295129263864438e-07
74400.00000000009 1.985951066705427e-07
74450.00000000009 1.2704117367302842e-07
74500.00000000009 1.6722599342266515e-07
74550.00000000009 1.8704682031049335e-07
74600.00000000009 1.901504258338091e-07
74650.00000000009 1.8473663602179876e-07
74700.00000000009 1.5874574643179663e-07
74750.00000000009 1.7380178093146546e-07
74800.00000000009 1.793715571881257e-07
74850.00000000009 1.2336700720646234e-07
74900.00000000009 2.320239945659501e-07
74950.00000000009 2.2288947624393518e-07
75000.00000000009 1.9617354915389906e-07
75050.00000000009 1.776675183233016e-07
75100.00000000009 2.390849235596913e-07
75150.00000000009 2.1235581735095711e-07
75200.00000000009 2.4067187341241003e-07
75250.00000000009 1.9696015971749626e-07
75300.00000000009 2.3107583461191603e-07
75350.00000000009 1.582562938160051e-07
75400.00000000009 2.2328288622691492e-07
75450.00000000009 2.0125383942561837e-07
75500.00000000009 1.743495996882883e-07
75550.00000000009 2.4765224740587386e-07
75600.00000000009 2.6842348581778554e-07
75650.00000000009 1.8395365195611503e-07
75700.00000000009 2.035890675484083e-07
75750.00000000009 1.5989152922975604e-07
75800.00000000009 2.196162846830897e-07
75850.00000000009 2.6118254083384064e-07
75900.00000000009 2.372373318097546e-07
75950.00000000009 1.991231855603667e-07
76000.00000000009 2.0360869370582486e-07
76050.00000000009 2.3684188725371063e-07
76100.00000000009 2.0324462604440214e-07
76150.00000000009 2.3930207729270086e-07
76200.00000000009 2.451693461764382e-07
76250.00000000009 2.762480922438111e-07
76300.00000000009 2.724792532820936e-07
76350.00000000009 3.1651689138487174e-07
76400.00000000009 2.6297651935652555e-07
76450.00000000009 2.6007439324145227e-07
76500.00000000009 2.0916929143592713e-07
76550.00000000009 2.072123013313802e-07
76600.00000000009 1.2647055126294034e-07
76650.00000000009 1.2704233589735311e-07
76700.00000000009 1.605284963222165e-07
76750.00000000009 1.383516514068754e-07
76800.00000000009 1.919470299321177e-07
76850.00000000009 9.242520833835133e-08
76900.00000000009 1.2656391607054242e-07
76950.00000000009 1.519215258467603e-07
77000.00000000009 1.6829942587030057e-07
77050.00000000009 1.2224744728885854e-07
77100.00000000009 1.3043529458136493e-07
77150.00000000009 1.664602772238614e-07
77200.00000000009 1.5227449694594514e-07
77250.00000000009 1.6189691628331886e-07
77300.00000000009 1.510508085068479e-07
77350.00000000009 1.1698715903909239e-07
77400.00000000009 1.0602470778755659e-07
77450.00000000009 1.1596993535522677e-07
77500.00000000009 1.5252065574688463e-07
77550.00000000009 1.5319304625816e-07
77600.00000000009 1.5514320379338534e-07
77650.00000000009 1.5590646610944252e-07
77700.00000000009 1.2977005241407527e-07
77750.00000000009 1.723950590434081e-07
77800.00000000009 1.4718930247856924e-07
77850.00000000009 1.8937548182781825e-07
77900.00000000009 1.6397625622316765e-07
77950.00000000009 1.266051996855973e-07
78000.00000000009 1.558337678584649e-07
78050.00000000009 1.747540963834158e-07
78100.00000000009 1.289025302023341e-07
78150.00000000009 1.8131256849982427e-07
78200.00000000009 1.7862647718150395e-07
78250.00000000009 1.93340777307331e-07
78300.00000000009 1.999139372376772e-07
78350.00000000009 1.8665675731632289e-07
78400.00000000009 1.7525538271899894e-07
78450.00000000009 2.1328104223594239e-07
78500.00000000009 1.935673770707649e-07
78550.00000000009 2.1070668343453153e-07
78600.00000000009 1.8388175657195015e-07
78650.00000000009 1.2170887311179057e-07
78700.00000000009 1.6802000615029074e-07
78750.00000000009 1.6089233803750365e-07
78800.00000000009 1.9793479811861197e-07
78850.00000000009 1.5503481439020563e-07
78900.00000000009 1.8090077535463278e-07
78950.00000000009 1.7332039567673837e-07
79000.00000000009 1.8370575476917167e-07
79050.00000000009 1.6234366133244386e-07
79100.00000000009 1.676026923582587e-07
79150.00000000009 1.9430837690222226e-07
79200.00000000009 2.2765768336651203e-07
79250.00000000009 2.107742089480339e-07
79300.00000000009 1.4839455586948295e-07
79350.00000000009 2.0702214307785e-07
79400.00000000009 1.7446863536411379e-07
79450.00000000009 1.8156456233605037e-07
79500.00000000009 2.488488315808923e-07
79550.00000000009 2.1394567334891006e-07
79600.00000000009 1.6252168187546748e-07
79650.00000000009 1.8688087970666328e-07
79700.00000000009 2.375744183394183e-07
79750.00000000009 2.1813469873667663e-07
79800.00000000009 1.9484758372968677e-07
79850.00000000009 1.8859268075396587e-07
79900.00000000009 2.7083464995135403e-07
79950.00000000009 1.872085083004463e-07
