galfind/configs/Brown_Dwarf_templates/sonora_cholla/logkzz2/178g/1250K_178g_logkzz2_resample.dat
# %ECSV 1.0
# ---
# datatype:
# - {name: wav, unit: Angstrom, datatype: float64}
# - {name: flux_nu, unit: erg / (cm2 Hz s), datatype: float64}
# schema: astropy-2.0
wav flux_nu
[from data line 1163]
68150.00000000009 2.843853048783709e-07
68200.00000000009 3.0151479203597886e-07
68250.00000000009 1.9244353620569153e-07
68300.00000000009 2.746992447529897e-07
68350.00000000009 1.6668961118527237e-07
68400.00000000009 3.490776085829384e-07
68450.00000000009 3.501931295721937e-07
68500.00000000009 3.116718545697336e-07
68550.00000000009 2.3014167793483418e-07
68600.00000000009 2.642807500341849e-07
68650.00000000009 2.042393425452902e-07
68700.00000000009 2.7451667372695375e-07
68750.00000000009 3.198366341359575e-07
68800.00000000009 3.263275249484239e-07
68850.00000000009 2.1504517408365724e-07
68900.00000000009 3.796594641990709e-07
68950.00000000009 3.9085131500125206e-07
69000.00000000009 3.784719129173828e-07
69050.00000000009 2.847675937061722e-07
69100.00000000009 3.594141871253736e-07
69150.00000000009 4.2768065020016707e-07
69200.00000000009 2.9194380730474477e-07
69250.00000000009 3.6938708675485916e-07
69300.00000000009 3.1964966888208803e-07
69350.00000000009 3.658494989860735e-07
69400.00000000009 2.3202356636467042e-07
69450.00000000009 3.847768192417524e-07
69500.00000000009 3.121237049376945e-07
69550.00000000009 3.0820726139015756e-07
69600.00000000009 1.561056793301575e-07
69650.00000000009 2.9973472931283515e-07
69700.00000000009 3.4522146173316554e-07
69750.00000000009 2.8111536248897314e-07
69800.00000000009 3.5350861590807363e-07
69850.00000000009 3.676577969948482e-07
69900.00000000009 2.6705814559937015e-07
69950.00000000009 3.316966212209996e-07
70000.00000000009 2.6849598279265315e-07
70050.00000000009 3.52693168963274e-07
70100.00000000009 2.8802314287458875e-07
70150.00000000009 3.132012245593774e-07
70200.00000000009 2.500849245873527e-07
70250.00000000009 2.931499560963913e-07
70300.00000000009 3.3538237829595355e-07
70350.00000000009 2.6166371137614186e-07
70400.00000000009 2.777673234383459e-07
70450.00000000009 1.8505382881166175e-07
70500.00000000009 2.3036013499076148e-07
70550.00000000009 2.5125763581544226e-07
70600.00000000009 2.5763691990667404e-07
70650.00000000009 2.9546329079549284e-07
70700.00000000009 2.826702814271667e-07
70750.00000000009 3.117209642186199e-07
70800.00000000009 2.3383698832234243e-07
70850.00000000009 2.3629202972108366e-07
70900.00000000009 2.3470014434732144e-07
70950.00000000009 3.3834162942855323e-07
71000.00000000009 2.8828968274295203e-07
71050.00000000009 3.049664022057033e-07
71100.00000000009 2.7506867809553437e-07
71150.00000000009 2.9655688995412035e-07
71200.00000000009 2.591560050176063e-07
71250.00000000009 2.675550333725213e-07
71300.00000000009 3.118216439741251e-07
71350.00000000009 2.8764879188179446e-07
71400.00000000009 3.043590123885559e-07
71450.00000000009 2.0791835577102208e-07
71500.00000000009 2.475195623496016e-07
71550.00000000009 2.566186154770871e-07
71600.00000000009 2.7526940579597297e-07
71650.00000000009 2.737578267009479e-07
71700.00000000009 2.3605646610682568e-07
71750.00000000009 2.4799786327141903e-07
71800.00000000009 3.102315182533967e-07
71850.00000000009 3.025256070008416e-07
71900.00000000009 2.3505100393055864e-07
71950.00000000009 2.394382820493211e-07
72000.00000000009 2.4513052614169763e-07
72050.00000000009 2.1569363255703448e-07
72100.00000000009 2.410816739631376e-07
72150.00000000009 2.06465810728795e-07
72200.00000000009 2.3273784035837157e-07
72250.00000000009 2.575892080316826e-07
72300.00000000009 2.612778677089127e-07
72350.00000000009 2.553248637187195e-07
72400.00000000009 2.070186271310001e-07
72450.00000000009 2.0818684637659234e-07
72500.00000000009 2.346406158671936e-07
72550.00000000009 1.7228512244930024e-07
72600.00000000009 1.536216091443367e-07
72650.00000000009 2.6331144991211505e-07
72700.00000000009 2.721074722655492e-07
72750.00000000009 2.3139770115124805e-07
72800.00000000009 2.3265738953577806e-07
72850.00000000009 2.118858701985477e-07
72900.00000000009 2.4098456516902873e-07
72950.00000000009 2.3407041501144884e-07
73000.00000000009 2.5608028703570163e-07
73050.00000000009 2.2826586106983836e-07
73100.00000000009 1.997995899162487e-07
73150.00000000009 2.8363838319876843e-07
73200.00000000009 2.1124919157617287e-07
73250.00000000009 2.2403520108450162e-07
73300.00000000009 2.381899954798171e-07
73350.00000000009 2.1314916416454325e-07
73400.00000000009 2.3930091864245117e-07
73450.00000000009 1.6471854290518783e-07
73500.00000000009 1.7849300850843284e-07
73550.00000000009 2.01003896224198e-07
73600.00000000009 1.8506632199579904e-07
73650.00000000009 2.1939035753197876e-07
73700.00000000009 2.571982074093918e-07
73750.00000000009 1.966392568379068e-07
73800.00000000009 2.107682637022064e-07
73850.00000000009 2.180198880946877e-07
73900.00000000009 2.428849505004282e-07
73950.00000000009 2.0830627357844883e-07
74000.00000000009 2.1864311194972596e-07
74050.00000000009 2.880119583150212e-07
74100.00000000009 1.8668928211424495e-07
74150.00000000009 2.334408874735986e-07
74200.00000000009 2.1453818542920686e-07
74250.00000000009 1.71843140968876e-07
74300.00000000009 2.1555159988797203e-07
74350.00000000009 2.460727611110929e-07
74400.00000000009 2.2815915388549346e-07
74450.00000000009 1.5471629062050935e-07
74500.00000000009 1.9598651653755796e-07
74550.00000000009 2.2310058056110897e-07
74600.00000000009 2.1799067843724606e-07
74650.00000000009 2.106058494446259e-07
74700.00000000009 1.8517235265309397e-07
74750.00000000009 2.0433689505512117e-07
74800.00000000009 2.0477269783425997e-07
74850.00000000009 1.477934210424851e-07
74900.00000000009 2.6828438591079954e-07
74950.00000000009 2.5585804014118917e-07
75000.00000000009 2.2672391234848916e-07
75050.00000000009 2.1217609976172905e-07
75100.00000000009 2.743314373356604e-07
75150.00000000009 2.496940374958227e-07
75200.00000000009 2.7447389024099133e-07
75250.00000000009 2.264506709620708e-07
75300.00000000009 2.647456359557333e-07
75350.00000000009 1.8686850615708447e-07
75400.00000000009 2.545993179795702e-07
75450.00000000009 2.2904711329396563e-07
75500.00000000009 2.0105761672509303e-07
75550.00000000009 2.810531598613221e-07
75600.00000000009 3.035910373632015e-07
75650.00000000009 2.1022674338424378e-07
75700.00000000009 2.357255641709559e-07
75750.00000000009 1.8857391561778683e-07
75800.00000000009 2.5080949824476736e-07
75850.00000000009 2.9341946008379315e-07
75900.00000000009 2.6674087140152676e-07
75950.00000000009 2.2826530155206475e-07
76000.00000000009 2.328688322706222e-07
76050.00000000009 2.6520959850466874e-07
76100.00000000009 2.2908341084307497e-07
76150.00000000009 2.6778938085374904e-07
76200.00000000009 2.762090891975409e-07
76250.00000000009 3.1359613623861184e-07
76300.00000000009 3.02585799622079e-07
76350.00000000009 3.558143628535645e-07
76400.00000000009 2.9551841159812326e-07
76450.00000000009 2.9100220751014964e-07
76500.00000000009 2.4475780649857403e-07
76550.00000000009 2.3669715146679621e-07
76600.00000000009 1.51061027951062e-07
76650.00000000009 1.5485267631501842e-07
76700.00000000009 1.9133592291435414e-07
76750.00000000009 1.6622482039314373e-07
76800.00000000009 2.2424124197672936e-07
76850.00000000009 1.1290246895536796e-07
76900.00000000009 1.5990325060680088e-07
76950.00000000009 1.7481454315383455e-07
77000.00000000009 1.962592135802017e-07
77050.00000000009 1.454121446534419e-07
77100.00000000009 1.5287036895579915e-07
77150.00000000009 1.87519725991971e-07
77200.00000000009 1.816029799332244e-07
77250.00000000009 1.8823625826891067e-07
77300.00000000009 1.732332178751322e-07
77350.00000000009 1.3782964744151992e-07
77400.00000000009 1.2203960023887732e-07
77450.00000000009 1.3967867961592368e-07
77500.00000000009 1.8167874843098776e-07
77550.00000000009 1.7841946180274536e-07
77600.00000000009 1.8072937530454576e-07
77650.00000000009 1.8056389350996872e-07
77700.00000000009 1.5105133986002678e-07
77750.00000000009 1.9621868227267195e-07
77800.00000000009 1.7457569716636005e-07
77850.00000000009 2.1261682177591875e-07
77900.00000000009 1.8955510056275492e-07
77950.00000000009 1.550749864697508e-07
78000.00000000009 1.842172707500858e-07
78050.00000000009 2.0034171160375632e-07
78100.00000000009 1.4812521580323065e-07
78150.00000000009 2.0567315743524751e-07
78200.00000000009 2.0532285201746834e-07
78250.00000000009 2.2203871753184733e-07
78300.00000000009 2.2878531022977315e-07
78350.00000000009 2.1461131179629433e-07
78400.00000000009 2.0273972498913326e-07
78450.00000000009 2.4267327122143167e-07
78500.00000000009 2.2070187861569167e-07
78550.00000000009 2.356197541776737e-07
78600.00000000009 2.0770572697064542e-07
78650.00000000009 1.4431237923174575e-07
78700.00000000009 1.931403869364714e-07
78750.00000000009 1.89969298582135e-07
78800.00000000009 2.2941613192595696e-07
78850.00000000009 1.7627602200665748e-07
78900.00000000009 2.0733797302619037e-07
78950.00000000009 1.962251251863679e-07
79000.00000000009 2.10668095661903e-07
79050.00000000009 1.9067137375294374e-07
79100.00000000009 1.902530303687424e-07
79150.00000000009 2.2304909654113844e-07
79200.00000000009 2.6143241304933305e-07
79250.00000000009 2.4279903932951835e-07
79300.00000000009 1.6993352356650673e-07
79350.00000000009 2.379177500148711e-07
79400.00000000009 1.983591462555365e-07
79450.00000000009 2.1479393013550888e-07
79500.00000000009 2.7914059836802406e-07
79550.00000000009 2.4539059587265674e-07
79600.00000000009 1.89576113931145e-07
79650.00000000009 2.1415734117166906e-07
79700.00000000009 2.7176565099121606e-07
79750.00000000009 2.468234529040969e-07
79800.00000000009 2.2554525163026838e-07
79850.00000000009 2.2126977305602863e-07
79900.00000000009 3.075184265853599e-07
79950.00000000009 2.160078068996958e-07
