galfind/configs/Brown_Dwarf_templates/sonora_cholla/logkzz2/178g/1300K_178g_logkzz2_resample.dat
# %ECSV 1.0
# ---
# datatype:
# - {name: wav, unit: Angstrom, datatype: float64}
# - {name: flux_nu, unit: erg / (cm2 Hz s), datatype: float64}
# schema: astropy-2.0
wav flux_nu
[from data line 1162]
68100.00000000009 3.8832490769335543e-07
68150.00000000009 3.1553737908413446e-07
68200.00000000009 3.3587597125146943e-07
68250.00000000009 2.2183366828481508e-07
68300.00000000009 3.1235746685385785e-07
68350.00000000009 1.906424445632896e-07
68400.00000000009 3.8481228066436545e-07
68450.00000000009 3.8774909757164117e-07
68500.00000000009 3.483933223222486e-07
68550.00000000009 2.587950343302766e-07
68600.00000000009 3.019465120297601e-07
68650.00000000009 2.3648253037178142e-07
68700.00000000009 3.089475128041679e-07
68750.00000000009 3.613815117107864e-07
68800.00000000009 3.6547622622310867e-07
68850.00000000009 2.4509581705866006e-07
68900.00000000009 4.1939528700534156e-07
68950.00000000009 4.202352095828728e-07
69000.00000000009 4.212520302030848e-07
69050.00000000009 3.2216906719389504e-07
69100.00000000009 3.921586141249891e-07
69150.00000000009 4.698397693072564e-07
69200.00000000009 3.249226925641739e-07
69250.00000000009 4.033044571519211e-07
69300.00000000009 3.572899583871467e-07
69350.00000000009 4.047582648358844e-07
69400.00000000009 2.6363333946781124e-07
69450.00000000009 4.089993854541375e-07
69500.00000000009 3.518318023968878e-07
69550.00000000009 3.4801296469320727e-07
69600.00000000009 1.8221180291929887e-07
69650.00000000009 3.3918216871759633e-07
69700.00000000009 3.767106315324765e-07
69750.00000000009 3.211444417039495e-07
69800.00000000009 3.905174630650005e-07
69850.00000000009 3.9424724041939356e-07
69900.00000000009 3.013224547779701e-07
69950.00000000009 3.7423570539699045e-07
70000.00000000009 3.0488445875269866e-07
70050.00000000009 3.853749476500567e-07
70100.00000000009 3.221255198252469e-07
70150.00000000009 3.492637075309002e-07
70200.00000000009 2.841594208895005e-07
70250.00000000009 3.273768734441815e-07
70300.00000000009 3.6689327711823696e-07
70350.00000000009 2.8717645853550987e-07
70400.00000000009 3.128451480468779e-07
70450.00000000009 2.1708173489789685e-07
70500.00000000009 2.620770003270656e-07
70550.00000000009 2.831815379991689e-07
70600.00000000009 2.961544917392082e-07
70650.00000000009 3.276560193078078e-07
70700.00000000009 3.165268848619056e-07
70750.00000000009 3.472106341768304e-07
70800.00000000009 2.647887076220843e-07
70850.00000000009 2.658707744461372e-07
70900.00000000009 2.6296212723695774e-07
70950.00000000009 3.7319726011908796e-07
71000.00000000009 3.2328476408217696e-07
71050.00000000009 3.44957539552993e-07
71100.00000000009 3.0679915622509454e-07
71150.00000000009 3.3512933654436995e-07
71200.00000000009 2.928584405545159e-07
71250.00000000009 3.020713062744171e-07
71300.00000000009 3.474364790013357e-07
71350.00000000009 3.156395348658381e-07
71400.00000000009 3.3776187727113107e-07
71450.00000000009 2.3588170573476094e-07
71500.00000000009 2.7959654877754524e-07
71550.00000000009 2.9038211860661884e-07
71600.00000000009 3.129557976427244e-07
71650.00000000009 3.0775908490306853e-07
71700.00000000009 2.6940373092090925e-07
71750.00000000009 2.7931316024735867e-07
71800.00000000009 3.482323923920515e-07
71850.00000000009 3.3852689111889457e-07
71900.00000000009 2.668670188013967e-07
71950.00000000009 2.720688591966297e-07
72000.00000000009 2.7597052894555306e-07
72050.00000000009 2.4396009030572964e-07
72100.00000000009 2.742298364465654e-07
72150.00000000009 2.402313586248736e-07
72200.00000000009 2.6853139336367567e-07
72250.00000000009 2.912245940016911e-07
72300.00000000009 2.9492430341034896e-07
72350.00000000009 2.8305447501586717e-07
72400.00000000009 2.3446833419569336e-07
72450.00000000009 2.3289946313724272e-07
72500.00000000009 2.6469606689200744e-07
72550.00000000009 2.0149544092476654e-07
72600.00000000009 1.788050230342055e-07
72650.00000000009 2.963014273321475e-07
72700.00000000009 3.052451536975862e-07
72750.00000000009 2.526803609339036e-07
72800.00000000009 2.64350671898023e-07
72850.00000000009 2.349979481317317e-07
72900.00000000009 2.732426905604556e-07
72950.00000000009 2.6232652523012105e-07
73000.00000000009 2.9466862909998094e-07
73050.00000000009 2.6152786539570565e-07
73100.00000000009 2.3553923410812328e-07
73150.00000000009 3.17424812874244e-07
73200.00000000009 2.4702159085357717e-07
73250.00000000009 2.5578053537523084e-07
73300.00000000009 2.7061326245305917e-07
73350.00000000009 2.4514019481263563e-07
73400.00000000009 2.710392379378127e-07
73450.00000000009 1.8976826829651008e-07
73500.00000000009 2.0875119464362974e-07
73550.00000000009 2.2534583479313951e-07
73600.00000000009 2.1441615641199372e-07
73650.00000000009 2.4765552145521704e-07
73700.00000000009 2.8962287264751784e-07
73750.00000000009 2.3298194552530535e-07
73800.00000000009 2.391420091697422e-07
73850.00000000009 2.4785883783501245e-07
73900.00000000009 2.754221393145409e-07
73950.00000000009 2.3762257192876645e-07
74000.00000000009 2.5203207830697706e-07
74050.00000000009 3.2247952305737513e-07
74100.00000000009 2.12605794631258e-07
74150.00000000009 2.6370336516345337e-07
74200.00000000009 2.2568899771728687e-07
74250.00000000009 2.0001225287684866e-07
74300.00000000009 2.4414374301556146e-07
74350.00000000009 2.790155729566092e-07
74400.00000000009 2.566924547640369e-07
74450.00000000009 1.813221188165273e-07
74500.00000000009 2.222749034573082e-07
74550.00000000009 2.585048752151364e-07
74600.00000000009 2.4472606150355034e-07
74650.00000000009 2.37916687478751e-07
74700.00000000009 2.1099933130847278e-07
74750.00000000009 2.354017332389693e-07
74800.00000000009 2.3192782112182877e-07
74850.00000000009 1.7492287334489252e-07
74900.00000000009 2.9980833351992626e-07
74950.00000000009 2.9079371420469896e-07
75000.00000000009 2.5615902526607644e-07
75050.00000000009 2.4889900094288477e-07
75100.00000000009 3.101833183397411e-07
75150.00000000009 2.864498755702333e-07
75200.00000000009 2.961334778310713e-07
75250.00000000009 2.547288667397975e-07
75300.00000000009 2.9820687233148884e-07
75350.00000000009 2.1611176068441032e-07
75400.00000000009 2.8755082687127777e-07
75450.00000000009 2.561083356911654e-07
75500.00000000009 2.289891503292472e-07
75550.00000000009 3.126563906860295e-07
75600.00000000009 3.3807927163028047e-07
75650.00000000009 2.3635167228141942e-07
75700.00000000009 2.7108340436140654e-07
75750.00000000009 2.179489068094486e-07
75800.00000000009 2.822194535111746e-07
75850.00000000009 3.2706824182683847e-07
75900.00000000009 2.9863154399203695e-07
75950.00000000009 2.602841819695793e-07
76000.00000000009 2.6171869996000415e-07
76050.00000000009 2.9497321181284463e-07
76100.00000000009 2.5843776223722413e-07
76150.00000000009 2.972661072271371e-07
76200.00000000009 3.081528753770159e-07
76250.00000000009 3.138706684924083e-07
76300.00000000009 3.3382071966796285e-07
76350.00000000009 3.832017103599534e-07
76400.00000000009 3.273551324472373e-07
76450.00000000009 3.239066412559258e-07
76500.00000000009 2.819299547008947e-07
76550.00000000009 2.6633125755525936e-07
76600.00000000009 1.7963817219164332e-07
76650.00000000009 1.9010292424849136e-07
76700.00000000009 2.1875038504403358e-07
76750.00000000009 1.9547993638418535e-07
76800.00000000009 2.567176514118542e-07
76850.00000000009 1.3903036052649406e-07
76900.00000000009 1.9336512039807846e-07
76950.00000000009 1.988626618974942e-07
77000.00000000009 2.2447605805620747e-07
77050.00000000009 1.7144020216630097e-07
77100.00000000009 1.785982240528621e-07
77150.00000000009 2.103271612915522e-07
77200.00000000009 2.134977904084754e-07
77250.00000000009 2.153081063988149e-07
77300.00000000009 1.9548314103242843e-07
77350.00000000009 1.592354951342398e-07
77400.00000000009 1.4052554844182257e-07
77450.00000000009 1.6378637385462703e-07
77500.00000000009 2.0630357320112663e-07
77550.00000000009 2.0478561318735865e-07
77600.00000000009 2.0633653103448662e-07
77650.00000000009 2.0659102126296778e-07
77700.00000000009 1.7290894027655242e-07
77750.00000000009 2.1774861908843778e-07
77800.00000000009 2.0315807823466046e-07
77850.00000000009 2.3379280600932315e-07
77900.00000000009 2.151226538821893e-07
77950.00000000009 1.8736519188494438e-07
78000.00000000009 2.0969933717743676e-07
78050.00000000009 2.278812877649543e-07
78100.00000000009 1.7114251018965836e-07
78150.00000000009 2.2994638616576502e-07
78200.00000000009 2.3340432772472032e-07
78250.00000000009 2.406477323613573e-07
78300.00000000009 2.5670982575906596e-07
78350.00000000009 2.4200049556320805e-07
78400.00000000009 2.309447905855324e-07
78450.00000000009 2.7177849342300783e-07
78500.00000000009 2.4653226791318033e-07
78550.00000000009 2.599437475163108e-07
78600.00000000009 2.3230641402347227e-07
78650.00000000009 1.6733241272534784e-07
78700.00000000009 2.1480311970150512e-07
78750.00000000009 2.175888009253696e-07
78800.00000000009 2.596143731111965e-07
78850.00000000009 1.9972009443169877e-07
78900.00000000009 2.3589597593594112e-07
78950.00000000009 2.1967579762764746e-07
79000.00000000009 2.384859766325235e-07
79050.00000000009 2.2094593687573885e-07
79100.00000000009 2.1297589044605092e-07
79150.00000000009 2.513333881423237e-07
79200.00000000009 2.9502912466592154e-07
79250.00000000009 2.752017128672261e-07
79300.00000000009 1.933724949158643e-07
79350.00000000009 2.6612203638596245e-07
79400.00000000009 2.2438227555705008e-07
79450.00000000009 2.4353645951978874e-07
79500.00000000009 3.080113886900285e-07
79550.00000000009 2.7363723508176545e-07
79600.00000000009 2.179649296341274e-07
79650.00000000009 2.437692643781949e-07
79700.00000000009 3.0580666984699536e-07
79750.00000000009 2.753179973926813e-07
79800.00000000009 2.4508236558024417e-07
79850.00000000009 2.53722658498384e-07
79900.00000000009 3.414031958261568e-07
79950.00000000009 2.438176560819111e-07
