galfind/configs/Brown_Dwarf_templates/sonora_cholla/logkzz2/178g/1300K_178g_logkzz2_resample.dat
# %ECSV 1.0
# ---
# datatype:
# - {name: wav, unit: Angstrom, datatype: float64}
# - {name: flux_nu, unit: erg / (cm2 Hz s), datatype: float64}
# schema: astropy-2.0
wav flux_nu
[from data line 773]
48650.000000000095 3.2290285343265663e-07
48700.000000000095 5.318351480451956e-07
48750.000000000095 3.519301618046795e-07
48800.000000000095 5.158136922882284e-07
48850.000000000095 3.7674615799581716e-07
48900.000000000095 5.305261470422787e-07
48950.000000000095 4.5427440592137565e-07
49000.000000000095 4.038411833680398e-07
49050.000000000095 4.951489274887376e-07
49100.000000000095 3.6916464290833887e-07
49150.000000000095 5.24392851795687e-07
49200.000000000095 4.226546987599921e-07
49250.000000000095 5.194588955325255e-07
49300.000000000095 4.4183699432960666e-07
49350.000000000095 4.3465401375919144e-07
49400.000000000095 5.241944377567652e-07
49450.000000000095 4.80467985650079e-07
49500.000000000095 4.713927719585242e-07
49550.000000000095 3.4987120032861957e-07
49600.000000000095 4.764117529664917e-07
49650.000000000095 4.3903756897046784e-07
49700.000000000095 3.715019799091572e-07
49750.000000000095 5.71137323433578e-07
49800.000000000095 4.127402408052622e-07
49850.000000000095 6.189315761319112e-07
49900.000000000095 4.966294140749633e-07
49950.000000000095 5.024502335953164e-07
50000.000000000095 5.709144619825292e-07
50050.000000000095 5.260813839918698e-07
50100.000000000095 6.466708360202573e-07
50150.000000000095 4.1632303824324327e-07
50200.000000000095 3.3425870165617565e-07
50250.000000000095 6.043752317712303e-07
50300.000000000095 4.4838296250289076e-07
50350.000000000095 5.542129518388479e-07
50400.000000000095 5.133027610093886e-07
50450.000000000095 4.88951607575942e-07
50500.000000000095 5.657818870535274e-07
50550.000000000095 5.064414063943815e-07
50600.000000000095 5.622773092664435e-07
50650.000000000095 5.210129544789142e-07
50700.000000000095 6.455840531364299e-07
50750.000000000095 6.788413671673372e-07
50800.000000000095 4.126898987948473e-07
50850.000000000095 5.23506648668861e-07
50900.000000000095 6.090108950382799e-07
50950.000000000095 6.55365844475449e-07
51000.000000000095 6.259018567246027e-07
51050.000000000095 5.385141639350565e-07
51100.000000000095 4.542191806826268e-07
51150.000000000095 5.004084517384029e-07
51200.000000000095 6.278310774600381e-07
51250.000000000095 6.170036917396689e-07
51300.000000000095 4.3433333668287106e-07
51350.000000000095 5.599660848503466e-07
51400.000000000095 5.072283012331894e-07
51450.000000000095 4.429362712232597e-07
51500.000000000095 4.354970915487305e-07
51550.000000000095 6.501526114233288e-07
51600.000000000095 4.495194209559526e-07
51650.000000000095 5.974988270753595e-07
51700.000000000095 5.762306882804901e-07
51750.000000000095 4.386471344477786e-07
51800.000000000095 7.248777669644401e-07
51850.000000000095 5.518067713151533e-07
51900.000000000095 7.077971505935445e-07
51950.000000000095 6.31415366658895e-07
52000.000000000095 3.596771916915845e-07
52050.000000000095 4.90113234856585e-07
52100.000000000095 5.054476187646757e-07
52150.000000000095 4.4693911235777355e-07
52200.000000000095 4.112508485716576e-07
52250.000000000095 4.344097902110198e-07
52300.000000000095 6.356300619526425e-07
52350.000000000095 6.195735401027476e-07
52400.000000000095 4.3912322651717373e-07
52450.000000000095 6.042388323721829e-07
52500.000000000095 5.333261223510514e-07
52550.000000000095 5.974163306292225e-07
52600.000000000095 4.7209622911481566e-07
52650.000000000095 5.800359790588388e-07
52700.000000000095 4.7549250364298764e-07
52750.000000000095 4.515263313907177e-07
52800.000000000095 4.390909256727541e-07
52850.000000000095 5.169659213422507e-07
52900.000000000095 4.343735199210609e-07
52950.000000000095 4.091359672057006e-07
53000.000000000095 6.918444085760597e-07
53050.000000000095 3.9170283332590805e-07
53100.000000000095 5.886630684307714e-07
53150.000000000095 6.675654608960909e-07
53200.000000000095 3.9194934759033726e-07
53250.000000000095 6.397167347329827e-07
53300.000000000095 6.351214034111069e-07
53350.000000000095 5.947744231269667e-07
53400.000000000095 6.490536691585873e-07
53450.000000000095 4.4115875969212064e-07
53500.000000000095 3.4237167666790306e-07
53550.000000000095 4.6185826498116203e-07
53600.000000000095 5.221815241301258e-07
53650.000000000095 4.6566955114099147e-07
53700.000000000095 4.410586094731206e-07
53750.000000000095 4.7351495159939733e-07
53800.000000000095 4.5908680515923004e-07
53850.000000000095 5.641300099749088e-07
53900.000000000095 4.587559268156354e-07
53950.000000000095 6.150687106752944e-07
54000.000000000095 4.766772213833546e-07
54050.000000000095 4.714604658713135e-07
54100.000000000095 3.3882380304159227e-07
54150.000000000095 4.383232772728981e-07
54200.000000000095 2.858639525500832e-07
54250.000000000095 2.9716175795345927e-07
54300.000000000095 4.122552286818778e-07
54350.000000000095 4.945296694030823e-07
54400.000000000095 5.448635834613876e-07
54450.000000000095 4.4817289607134717e-07
54500.000000000095 4.054889692373554e-07
54550.000000000095 3.7540659401647006e-07
54600.000000000095 4.5385043974707026e-07
54650.000000000095 3.5890223191776487e-07
54700.000000000095 5.258942437015172e-07
54750.000000000095 5.116078324347392e-07
54800.000000000095 4.280634108268742e-07
54850.000000000095 4.467366323415927e-07
54900.000000000095 5.410789928051707e-07
54950.000000000095 6.532212905604005e-07
55000.000000000095 3.879031848535811e-07
55050.000000000095 5.027982108219789e-07
55100.000000000095 3.863928084695366e-07
55150.000000000095 4.031900804529054e-07
55200.000000000095 4.040182434716103e-07
55250.000000000095 4.184374392149311e-07
55300.000000000095 3.6127094119177634e-07
55350.000000000095 4.22916864783244e-07
55400.000000000095 5.445517776646274e-07
55450.000000000095 4.731228603943719e-07
55500.000000000095 3.1256743088060525e-07
55550.000000000095 3.7964886931802113e-07
55600.000000000095 3.572413193729155e-07
55650.000000000095 2.8893797212121406e-07
55700.000000000095 4.03327424645638e-07
55750.000000000095 4.4753709632572413e-07
55800.000000000095 3.826551479855286e-07
55850.000000000095 3.2317099978704965e-07
55900.000000000095 4.6351179273371057e-07
55950.000000000095 5.800221905021327e-07
56000.000000000095 3.3430011984263836e-07
56050.000000000095 4.574339133007264e-07
56100.000000000095 4.7652984675044135e-07
56150.000000000095 3.778950655801496e-07
56200.000000000095 4.198382685179666e-07
56250.000000000095 3.656778375107554e-07
56300.000000000095 4.2998135921309247e-07
56350.000000000095 4.6869275368257507e-07
56400.000000000095 3.923858766293373e-07
56450.000000000095 3.512013325273379e-07
56500.000000000095 3.2230035655915063e-07
56550.000000000095 2.9068933468657027e-07
56600.000000000095 4.380264299272275e-07
56650.000000000095 4.081866106507757e-07
56700.000000000095 4.702040735330686e-07
56750.000000000095 3.0103757168630435e-07
56800.000000000095 4.815798602959739e-07
56850.000000000095 3.953254092216349e-07
56900.000000000095 3.5987551001004484e-07
56950.000000000095 4.6996670316799837e-07
57000.000000000095 4.836849963352588e-07
57050.000000000095 4.210911426726996e-07
57100.000000000095 2.6355052239120936e-07
57150.000000000095 3.5298591283270245e-07
57200.000000000095 2.6858599958747806e-07
57250.000000000095 3.858964016275858e-07
57300.000000000095 4.3934442598396427e-07
57350.000000000095 2.7291846302918666e-07
57400.000000000095 4.11480181070875e-07
57450.000000000095 4.2969362413336396e-07
57500.000000000095 4.037021109836739e-07
57550.000000000095 4.722435834035624e-07
57600.000000000095 5.029327134044427e-07
57650.000000000095 2.681977912395063e-07
57700.000000000095 3.189681669650945e-07
57750.000000000095 3.733507006182714e-07
57800.000000000095 1.855729861391424e-07
57850.000000000095 4.984222871999373e-07
57900.000000000095 5.62958288806748e-07
57950.000000000095 4.903135240255335e-07
58000.000000000095 3.292032444417068e-07
58050.000000000095 4.268348015682556e-07
58100.000000000095 4.891514258155073e-07
58150.000000000095 4.194905340614876e-07
58200.000000000095 2.9035418930031247e-07
58250.000000000095 3.538081584169717e-07
58300.000000000095 2.704687008020195e-07
58350.000000000095 3.255061033997189e-07
58400.000000000095 3.84330231610578e-07
58450.000000000095 3.8890878297084384e-07
58500.000000000095 3.626117851366223e-07
58550.000000000095 3.975593956174483e-07
58600.000000000095 2.8933517388717435e-07
58650.000000000095 3.655935161458373e-07
58700.000000000095 3.451386934755307e-07
58750.000000000095 3.702100680221585e-07
58800.000000000095 2.602785932638862e-07
58850.000000000095 3.6623257451053565e-07
58900.000000000095 4.3830691924807113e-07
58950.000000000095 3.169062464819805e-07
59000.000000000095 4.061386929460063e-07
59050.000000000095 4.1329741809025727e-07
59100.000000000095 4.917840299168252e-07
59150.000000000095 3.9195085049191166e-07
59200.000000000095 4.0794826001660077e-07
59250.000000000095 4.3545155272908564e-07
59300.000000000095 4.0139679599282114e-07
59350.000000000095 2.931113268747809e-07
59400.000000000095 2.3737445122779494e-07
59450.000000000095 3.583084188234483e-07
59500.000000000095 2.5799434840487327e-07
59550.000000000095 4.477616612827983e-07
59600.000000000095 3.774328762195795e-07
59650.000000000095 4.262537133524984e-07
59700.000000000095 2.894836934538119e-07
59750.000000000095 4.98605244624482e-07
59800.000000000095 3.8107438130076294e-07
59850.000000000095 4.1702795994678985e-07
59900.000000000095 2.7616191967332404e-07
59950.000000000095 3.8772411499444413e-07
60000.000000000095 5.205147764547045e-07
60050.000000000095 4.4864513895199836e-07
60100.000000000095 5.054812010478712e-07
60150.000000000095 4.0317494055255205e-07
60200.000000000095 4.026559835108096e-07
60250.000000000095 4.5744176372404624e-07
60300.000000000095 4.280922996794356e-07
60350.000000000095 3.7140211160370313e-07
60400.000000000095 4.0234535387128517e-07
60450.000000000095 3.0363435500869394e-07
60500.000000000095 2.1934545323541186e-07
60550.000000000095 4.447882052239945e-07
60600.000000000095 4.3331516311457147e-07
60650.000000000095 4.0112279103432463e-07
60700.000000000095 3.8085523239835737e-07
60750.000000000095 3.302960884227492e-07
60800.000000000095 4.4975687767697994e-07
60850.000000000095 5.502724921522953e-07
60900.000000000095 4.958261218470746e-07
60950.000000000095 5.004512634807315e-07
61000.000000000095 3.7776057969176344e-07
61050.000000000095 3.396290773510965e-07
61100.000000000095 4.535552343234833e-07
61150.000000000095 2.1726406169873806e-07
61200.000000000095 5.175062179013844e-07
61250.000000000095 5.979754161391772e-07
61300.000000000095 5.285651725110483e-07
61350.000000000095 5.60076694765366e-07
61400.000000000095 4.829547113498521e-07
61450.000000000095 4.0057456038075345e-07
61500.000000000095 3.816164871155854e-07
61550.000000000095 3.395020244457246e-07
61600.000000000095 2.55165756417194e-07
61650.000000000095 4.0696758351520707e-07
61700.000000000095 3.2576893045901633e-07
61750.000000000095 4.105753695589265e-07
61800.000000000095 4.177859657319986e-07
61850.000000000095 3.6103280468613227e-07
61900.000000000095 4.723407723416717e-07
61950.000000000095 4.710399466685784e-07
62000.000000000095 4.650708023353075e-07
62050.000000000095 4.3230757670108534e-07
62100.000000000095 5.076170493374742e-07
62150.000000000095 4.885458980249007e-07
62200.000000000095 4.1316113807497806e-07
62250.000000000095 4.8306867855287e-07
62300.000000000095 5.577715475819691e-07
62350.000000000095 4.381855482369509e-07
62400.000000000095 3.199724748922095e-07
62450.000000000095 4.381921243167721e-07
62500.000000000095 5.173485784114865e-07
62550.000000000095 4.845417508332491e-07
62600.000000000095 5.204193439808857e-07
62650.000000000095 4.212258462243972e-07
62700.000000000095 5.00023518221917e-07
62750.000000000095 5.894148249234003e-07
62800.000000000095 4.338353517584996e-07
62850.000000000095 5.211695328404304e-07
62900.000000000095 4.4396778856956184e-07
62950.000000000095 4.650112249266922e-07
63000.000000000095 4.797791228790396e-07
63050.000000000095 5.7221699356838e-07
63100.000000000095 5.11711005956744e-07
63150.000000000095 4.0562794136519196e-07
63200.000000000095 5.325132949221115e-07
63250.000000000095 4.1282599701655733e-07
63300.000000000095 5.518748181756065e-07
63350.000000000095 4.818886115401242e-07
63400.000000000095 3.589327267545403e-07
63450.000000000095 3.398632736040995e-07
63500.000000000095 4.7655266545896856e-07
63550.000000000095 4.294444398189784e-07
63600.000000000095 5.145179273489723e-07
63650.000000000095 3.877854387184968e-07
63700.000000000095 3.6500187739169983e-07
63750.000000000095 4.472643487246607e-07
63800.000000000095 4.05198041925917e-07
63850.000000000095 4.1975799442151316e-07
63900.000000000095 3.751274573453287e-07
63950.000000000095 4.667769556459145e-07
64000.000000000095 4.874964001586666e-07
64050.000000000095 4.1211026617973914e-07
64100.000000000095 2.124175020627317e-07
64150.000000000095 2.652779656336418e-07
64200.000000000095 3.04096407696584e-07
64250.000000000095 4.120736028964955e-07
64300.000000000095 3.4585331490336736e-07
64350.000000000095 2.9726342545287505e-07
64400.000000000095 4.063072849144409e-07
64450.000000000095 4.0270726321724977e-07
64500.000000000095 2.995067539230661e-07
64550.000000000095 3.8957336972040026e-07
64600.000000000095 2.586413956224735e-07
64650.000000000095 3.35264597005576e-07
64700.000000000095 2.4525421105908804e-07
64750.000000000095 2.810088702243268e-07
64800.000000000095 2.893143376199286e-07
64850.000000000095 2.781411140913344e-07
64900.000000000095 3.234716633158054e-07
64950.000000000095 3.0665016656197526e-07
65000.000000000095 3.3368378799589923e-07
65050.000000000095 3.032302832675215e-07
65100.000000000095 3.624755899375568e-07
65150.000000000095 2.773241156193509e-07
65200.000000000095 2.762323334799069e-07
65250.000000000095 3.520562344262157e-07
65300.000000000095 2.9808112726971836e-07
65350.000000000095 4.577975695257482e-07
65400.000000000095 3.155625961188579e-07
65450.000000000095 3.3072867264219354e-07
65500.000000000095 3.5502331167676175e-07
65550.00000000009 2.7051987135050607e-07
65600.00000000009 2.9690232996125465e-07
65650.00000000009 3.3797531280172955e-07
65700.00000000009 2.8474729429077623e-07
65750.00000000009 2.837704821935127e-07
65800.00000000009 3.49547831166779e-07
65850.00000000009 3.527423664950412e-07
65900.00000000009 2.7909136109840496e-07
65950.00000000009 2.098532407554063e-07
66000.00000000009 3.0624776231655486e-07
66050.00000000009 4.368691137332298e-07
66100.00000000009 3.2089924877672534e-07
66150.00000000009 2.4758376340763777e-07
66200.00000000009 2.538449563734744e-07
66250.00000000009 2.3295090160816176e-07
66300.00000000009 1.6074956187114004e-07
66350.00000000009 2.28022198713492e-07
66400.00000000009 2.503185508725726e-07
66450.00000000009 3.386030476240285e-07
66500.00000000009 4.3254055017863355e-07
66550.00000000009 4.1136907945320763e-07
66600.00000000009 3.293860276834126e-07
66650.00000000009 3.383012800949372e-07
66700.00000000009 3.0267629908117384e-07
66750.00000000009 2.7349868238532385e-07
66800.00000000009 3.3267227805854245e-07
66850.00000000009 2.786106042164829e-07
66900.00000000009 3.369701516964519e-07
66950.00000000009 3.9941462039797915e-07
67000.00000000009 3.858194574954825e-07
67050.00000000009 3.2779233274586936e-07
67100.00000000009 2.99612271847404e-07
67150.00000000009 2.9876768286501427e-07
67200.00000000009 3.0163738320630274e-07
67250.00000000009 3.292910504921211e-07
67300.00000000009 3.0860976665660915e-07
67350.00000000009 2.8104241818052074e-07
67400.00000000009 3.912906924633961e-07
67450.00000000009 3.351628489028494e-07
67500.00000000009 3.109223212694068e-07
67550.00000000009 3.346128287722518e-07
67600.00000000009 4.6325818242800575e-07
67650.00000000009 3.842758608887906e-07
67700.00000000009 3.4448136633880863e-07
67750.00000000009 3.262023134721054e-07
67800.00000000009 3.8511989217529805e-07
67850.00000000009 2.782472253794739e-07
67900.00000000009 3.4315695567393655e-07
67950.00000000009 2.254876175940976e-07
68000.00000000009 2.832381101417147e-07
