galfind/configs/Brown_Dwarf_templates/sonora_cholla/logkzz2/178g/500K_178g_logkzz2_resample.dat
# %ECSV 1.0
# ---
# datatype:
# - {name: wav, unit: Angstrom, datatype: float64}
# - {name: flux_nu, unit: erg / (cm2 Hz s), datatype: float64}
# schema: astropy-2.0
wav flux_nu
[from data line 417]
23850.04800076804 7.165608417556462e-12
23900.04800076804 1.804834481740789e-11
23950.04800076804 8.752446213298415e-12
24000.04800076804 2.1914406554107605e-11
24050.04800076804 2.7817026450631344e-11
24100.04800076804 2.9662375149944624e-11
24150.04800076804 4.8009252694446674e-11
24200.04800076804 3.176976868718499e-11
24250.04800076804 1.8080291926360373e-11
24300.04800076804 5.3252066608051926e-11
24350.04800076804 3.166011889098424e-11
24400.04800076804 8.336203938740587e-11
24450.04800076804 9.197487077894982e-11
24500.04800076804 8.033914234194735e-11
24550.04800076804 1.4160156393588867e-10
24600.04800076804 1.846042000758102e-10
24650.04800076804 2.1814142698169275e-10
24700.04800076804 1.5547230258151896e-10
24750.04800076804 2.0594816075082886e-10
24800.04800076804 1.7291762483317559e-10
24850.04800076804 2.70803594097067e-10
24900.04800076804 1.0634907313341516e-10
24950.04800076804 2.1635670400814964e-10
25000.04800076804 2.3347623279515316e-10
25050.04800076804 1.3415279683456603e-10
25100.04800076804 2.109464756283279e-10
25150.04800076804 8.254073820894689e-11
25200.04800076804 1.34686572762169e-10
25250.04800076804 4.916861923698465e-11
25300.04800076804 6.47940653043761e-11
25350.04800076804 2.7089270758475145e-11
25400.04800076804 8.403690705711957e-11
25450.04800076804 2.267276199709483e-11
25500.04800076804 1.840213926274233e-11
25550.04800076804 4.331373688389677e-11
25600.04800076804 1.0810972051165203e-11
25650.04800076804 8.410662713496529e-12
25700.04800076804 7.714265862227901e-12
25750.04800076804 2.588705898577206e-12
25800.04800076804 1.773710847691931e-11
25850.04800076804 1.9556871147908166e-12
25900.04800076804 3.762787157825989e-12
25950.04800076804 7.602110802517667e-13
26000.04800076804 1.2948353378857576e-11
26050.04800076804 1.0224861212706512e-12
26100.04800076804 8.10247760315313e-12
26150.04800076804 2.880885923038391e-12
26200.04800076804 4.3081414583558796e-12
26250.04800076804 3.5658267061178243e-11
26300.04800076804 4.598109679316817e-12
26350.04800076804 7.628850371709581e-11
26400.04800076804 1.5838591863122294e-10
26450.04800076804 5.794237293017197e-11
26500.04800076804 1.7188573703532982e-10
26550.04800076804 1.471090250137208e-11
26600.04800076804 1.2202589949901764e-11
26650.04800076804 1.7242306809183177e-12
26700.04800076804 7.194653191963727e-13
26750.04800076804 1.8002321627027959e-12
26800.04800076804 5.24517687745517e-12
26850.04800076804 3.837667844996559e-12
26900.04800076804 2.1740347331224806e-11
26950.04800076804 5.388728424192144e-12
27000.04800076804 4.390301068563398e-11
27050.04800076804 5.1148300515114526e-11
27100.04800076804 4.013386904691624e-12
27150.04800076804 5.954851058784212e-11
27200.04800076804 3.370895553684749e-12
27250.04800076804 1.4203122218959205e-11
27300.04800076804 1.7029588090076848e-10
27350.04800076804 4.257517553347512e-11
27400.04800076804 1.6349991570442169e-12
27450.04800076804 6.082248802920298e-11
27500.04800076804 8.944448159106978e-11
27550.04800076804 9.099585116249684e-12
27600.04800076804 3.207303630929852e-11
27650.04800076804 7.28156531105325e-12
27700.04800076804 6.8842929684354095e-12
27750.04800076804 5.0815428978435734e-11
27800.04800076804 1.5389355823202866e-11
27850.04800076804 2.6096051089987735e-11
27900.04800076804 3.730331413307767e-11
27950.04800076804 9.80503551106198e-11
28000.04800076804 8.004487443669802e-11
28050.04800076804 9.525899767639192e-12
28100.04800076804 1.197423245192802e-10
28150.04800076804 8.330674530509034e-11
28200.04800076804 1.7846042263071725e-11
28250.04800076804 1.5948332124578814e-10
28300.04800076804 2.1403760767279478e-10
28350.04800076804 2.4314772875145142e-11
28400.04800076804 1.2548979648738946e-10
28450.04800076804 2.957279667419715e-10
28500.04800076804 1.1826454721048095e-10
28550.04800076804 2.8861178143141927e-11
28600.04800076804 2.048936743916147e-10
28650.04800076804 1.8307126786010114e-10
28700.04800076804 1.9221169810985125e-10
28750.04800076804 4.274781781833783e-10
28800.04800076804 2.691410346646565e-10
28850.04800076804 4.132726651440971e-10
28900.04800076804 2.172433858693334e-10
28950.04800076804 5.407411603716565e-10
29000.04800076804 3.3691376111036323e-10
29050.04800076804 3.6515679232747514e-10
29100.04800076804 2.727482844004333e-10
29150.04800076804 4.993049274946908e-10
29200.04800076804 5.259019416518716e-10
29250.04800076804 6.984489927879148e-10
29300.04800076804 3.713843365631401e-10
29350.04800076804 1.5404755758051196e-09
29400.04800076804 3.2745127013926683e-10
29450.04800076804 3.327202254337758e-10
29500.04800076804 1.0466260455435393e-09
29550.04800076804 3.9631250825781806e-10
29600.04800076804 7.871128784271143e-10
29650.04800076804 1.4682893247478424e-09
29700.04800076804 3.172420269648241e-10
29750.04800076804 8.252821938798524e-10
29800.04800076804 6.97923239861629e-10
29850.04800076804 1.427769329179177e-09
29900.04800076804 1.204268638524545e-09
29950.04800076804 8.760966681045693e-10
30000.04800076804 7.053497252627379e-11
30050.04800076804 2.441558480790197e-10
30100.04800076804 6.71726898705103e-10
30150.04800076804 1.4683291948955187e-09
30200.04800076804 7.161631474156042e-10
30250.04800076804 2.2471845246928603e-09
30300.04800076804 2.3375851766484606e-09
30350.04800076804 6.221358277012712e-10
30400.04800076804 2.1771441051698927e-09
30450.04800076804 1.5034861081516389e-09
30500.04800076804 1.0111611614029443e-09
30550.04800076804 7.09687499102599e-10
30600.04800076804 3.6375087163429537e-09
30650.04800076804 1.838691081047388e-09
30700.04800076804 1.2256653596645425e-09
30750.04800076804 2.052015784944941e-09
30800.04800076804 1.3303360872692623e-09
30850.04800076804 1.8544700025321931e-09
30900.04800076804 1.4143021352296147e-09
30950.04800076804 6.207088943658933e-10
31000.04800076804 1.1666889266487332e-09
31050.04800076804 8.636679350932105e-10
31100.04800076804 4.960418180934915e-10
31150.04800076804 8.158906215863907e-10
31200.04800076804 1.810476365811839e-09
31250.04800076804 7.357209076830989e-10
31300.04800076804 5.537933465574902e-10
31350.04800076804 1.1238467342393847e-09
31400.04800076804 5.896000694395318e-10
31450.04800076804 7.777461524325355e-10
31500.04800076804 3.0397593638216396e-10
31550.04800076804 3.660662037543911e-10
31600.04800076804 3.0187927113598037e-10
31650.04800076804 2.367697059812411e-10
31700.04800076804 2.72284626509826e-10
31750.04800076804 8.644997865424361e-11
31800.04800076804 2.443670296097281e-10
31850.04800076804 4.3868158386672895e-11
31900.04800076804 1.2110508009919455e-10
31950.04800076804 6.711578833463657e-11
32000.04800076804 5.2325640584360754e-11
32050.04800076804 5.609526663810556e-11
32100.04800076804 4.307982322987375e-11
32150.04800076804 5.192647034419988e-11
32200.04800076804 2.6045884048614315e-11
32250.04800076804 7.255237652492747e-11
32300.04800076804 1.8556424204245397e-11
32350.04800076804 7.430050104635705e-11
32400.04800076804 1.4203860635071858e-11
32450.04800076804 4.4990115842493955e-11
32500.04800076804 1.5688731249230886e-11
32550.04800076804 4.650419179402491e-11
32600.04800076804 1.5397654191738843e-11
32650.04800076804 9.743673272541452e-11
32700.04800076804 2.5264904882151998e-11
32750.04800076804 2.09034523599459e-10
32800.04800076804 1.0017924513533229e-10
32850.04800076804 3.8905185166605946e-10
32900.04800076804 3.036704837095813e-10
32950.04800076804 3.505588796284419e-10
33000.04800076804 1.1745866698943968e-10
33050.04800076804 1.3240273918113512e-10
33100.04800076804 3.324274873806624e-11
33150.04800076804 1.6446896953559912e-14
33200.04800076804 1.0671096847006573e-12
33250.04800076804 1.7692526247788306e-12
33300.04800076804 1.5226644714033242e-11
33350.04800076804 4.724240347165238e-11
33400.04800076804 1.455508572701675e-10
33450.04800076804 6.251061176022004e-11
33500.04800076804 2.6579378596012955e-10
33550.04800076804 7.505913316962953e-11
33600.04800076804 1.2143794205896057e-10
33650.04800076804 1.1849505039364448e-10
33700.04800076804 5.377827145613468e-11
33750.04800076804 1.6759469218631846e-10
33800.04800076804 2.335605007476171e-11
33850.04800076804 9.437129427543742e-11
33900.04800076804 1.0875970128544281e-10
33950.04800076804 9.174066673129015e-11
34000.04800076804 2.0321041182247788e-10
34050.04800076804 2.795101548889932e-11
34100.04800076804 1.577597220848636e-10
34150.04800076804 6.64665456042052e-11
34200.04800076804 1.621891157807691e-10
34250.04800076804 1.0193301244096405e-10
34300.04800076804 1.0783712514585364e-10
34350.04800076804 3.1261824452693354e-10
34400.04800076804 7.533380468406857e-11
34450.04800076804 2.572159932653246e-10
34500.04800076804 1.204521842819732e-10
34550.04800076804 1.1429998922170257e-10
34600.04800076804 5.047529721115131e-10
34650.04800076804 6.312918856542913e-11
34700.04800076804 2.2487256599725732e-10
34750.04800076804 1.7736419943332856e-10
34800.04800076804 1.6497874840763738e-10
34850.04800076804 4.704195043348746e-10
34900.04800076804 1.2481529849256432e-10
34950.04800076804 3.0850324086994955e-10
35000.04800076804 7.583038373779494e-10
35050.04800076804 3.8677909776402245e-10
35100.04800076804 8.718059803163478e-10
35150.04800076804 7.882877205011934e-10
35200.04800076804 6.672726851534161e-10
35250.04800076804 9.264835175824286e-10
35300.04800076804 4.055519254119058e-10
35350.04800076804 6.139260173789809e-10
35400.04800076804 4.3714051518652563e-10
35450.04800076804 3.3419459108266066e-10
35500.04800076804 1.5885250919168409e-09
35550.04800076804 7.83609436710271e-10
35600.04800076804 1.0971602029961599e-09
35650.04800076804 1.2848198191970766e-09
35700.04800076804 1.041130681385668e-09
35750.04800076804 1.8373896350953079e-09
35800.04800076804 9.92274253849079e-10
35850.04800076804 4.424567401086418e-10
35900.04800076804 8.798035558097867e-10
35950.04800076804 1.1003027494598642e-09
36000.04800076804 6.12260865304653e-10
36050.04800076804 7.773107755820569e-10
36100.04800076804 7.114000462268922e-10
36150.04800076804 2.2002244558646004e-09
36200.04800076804 1.8303647054001263e-09
36250.04800076804 1.437110292690637e-09
36300.04800076804 3.0874898837396376e-09
36350.04800076804 1.6316176974246003e-09
36400.04800076804 3.2717372946695605e-09
36450.04800076804 2.355259812602113e-09
36500.04800076804 2.5376639722656537e-09
36550.04800076804 5.068899143197145e-09
36600.04800076804 4.947194199465953e-09
36650.04800076804 3.989239334897482e-09
36700.04800076804 4.0861368822854805e-09
36750.04800076804 5.165149588696437e-09
36800.04800076804 5.398701379799845e-09
36850.04800076804 2.405165738208184e-09
36900.04800076804 4.1809006109504544e-09
36950.04800076804 5.41353650407274e-09
37000.04800076804 3.324419474851927e-09
37050.04800076804 6.714873054098591e-09
37100.04800076804 3.5851029183640644e-09
37150.04800076804 4.349829549096218e-09
37200.04800076804 5.799320507607984e-09
37250.04800076804 4.279484446703816e-09
37300.04800076804 3.4135779023782827e-09
37350.04800076804 5.487762692657213e-09
37400.04800076804 8.016522688915771e-09
37450.04800076804 2.7119564369558344e-09
37500.04800076804 5.183080470829999e-09
37550.04800076804 1.1379566493439762e-08
37600.04800076804 1.4189899460000718e-08
37650.04800076804 5.406029407227294e-09
37700.04800076804 8.74685096800523e-09
37750.04800076804 5.26630621783046e-09
37800.04800076804 5.872048381700961e-09
37850.04800076804 3.098620857203466e-09
37900.04800076804 4.393769777717977e-09
37950.04800076804 8.143490804432493e-09
38000.04800076804 8.585680131521677e-09
38050.04800076804 1.1973652373495345e-08
38100.04800076804 1.3727330310119606e-08
38150.04800076804 1.4430503739693747e-08
38200.04800076804 1.2091608045125537e-08
38250.04800076804 1.3115698083394278e-08
38300.04800076804 2.5311952208016217e-08
38350.04800076804 1.974768168713333e-08
38400.04800076804 7.8997210514302e-09
38450.04800076804 4.3398463065778884e-09
38500.04800076804 2.2720164530151034e-09
38550.04800076804 7.320816417559014e-09
38600.04800076804 9.977231997093062e-09
38650.04800076804 1.2179660610856777e-08
38700.04800076804 1.045359108070461e-08
38750.04800076804 1.3665971938504004e-08
38800.04800076804 9.321463266096818e-09
38850.04800076804 1.474548892260628e-08
38900.04800076804 1.567752532418247e-08
38950.04800076804 9.65749816127931e-09
39000.04800076804 1.884385915719748e-08
39050.04800076804 1.03555196602267e-08
39100.04800076804 1.678449074289174e-08
39150.04800076804 1.753714625653983e-08
39200.04800076804 1.1608562453603168e-08
39250.04800076804 2.0095940096053143e-08
39300.04800076804 1.4791150089320774e-08
39350.04800076804 3.125655648130118e-08
39400.04800076804 1.8718694288262553e-08
39450.04800076804 2.146836796703721e-08
39500.04800076804 2.45119232877621e-08
39550.04800076804 1.3848676730002087e-08
39600.04800076804 2.347877792123783e-08
39650.04800076804 3.562033486248534e-08
39700.04800076804 2.3250150778942332e-08
39750.04800076804 1.1382618260057641e-08
39800.04800076804 1.608644463416655e-08
39850.04800076804 3.2918531230314205e-08
39900.04800076804 3.6952638002841005e-08
39950.04800076804 1.991422967921803e-08
40000.04800076804 3.586265038422574e-08
40050.04800076804 3.453955646487856e-08
40100.04800076804 1.142034974205315e-08
40150.04800076804 3.3011342759968495e-08
40200.04800076804 3.6932854114016865e-08
40250.04800076804 3.994024892307595e-08
40300.04800076804 4.1092014144768895e-08
40350.04800076804 2.0148269548942084e-08
40400.04800076804 3.716252858810559e-08
40450.04800076804 1.953500782782306e-08
40500.04800076804 4.633187985130329e-08
40550.04800076804 4.070274329432674e-08
40600.04800076804 3.4769420142504744e-08
40650.04800076804 2.8877041386684385e-08
40700.04800076804 6.421083270205355e-08
40750.04800076804 4.234640529639135e-08
40800.04800076804 2.1293804568853026e-08
40850.04800076804 6.676656566547448e-08
40900.04800076804 5.49893380468033e-08
40950.04800076804 3.3898969301926255e-08
41000.04800076804 4.377379715512525e-08
41050.04800076804 6.826026190003626e-08
41100.04800076804 5.1282925525439924e-08
41150.04800076804 1.8926320408771843e-08
41200.04800076804 6.873036092303593e-08
41250.04800076804 5.210044325880589e-08
41300.04800076804 5.7093536661105807e-08
41350.04800076804 7.477490991475423e-08
41400.04800076804 5.95583368888104e-08
41450.04800076804 7.008314985857952e-08
41500.04800076804 4.2255091434382764e-08
41550.04800076804 3.9352436830555444e-08
41600.04800076804 5.3463280805281526e-08
41650.04800076804 6.527453644353594e-08
41700.04800076804 7.457521556492065e-08
41750.04800076804 5.462992674758736e-08
41800.04800076804 8.063594975409962e-08
41850.04800076804 5.277536475460655e-08
41900.04800076804 4.4385331977977464e-08
41950.04800076804 5.8475273133475674e-08
42000.04800076804 5.534669941843394e-08
42050.04800076804 5.0595021245804356e-08
42100.04800076804 6.63328941379125e-08
42150.04800076804 5.408420419872791e-08
42200.04800076804 5.956524320642464e-08
42250.04800076804 4.3100242204948846e-08
42300.04800076804 3.9678258545644836e-08
42350.04800076804 6.425918260395281e-08
42400.04800076804 7.494752584976544e-08
42450.04800076804 7.155963053576096e-08
42500.04800076804 6.689760839910042e-08
42550.04800076804 6.340316563038012e-08
42600.04800076804 5.730299173402578e-08
42650.04800076804 9.604574944872958e-08
42700.04800076804 3.7203742869762326e-08
42750.04800076804 5.651161613158229e-08
42800.04800076804 7.076641852706394e-08
42850.04800076804 7.883324897917185e-08
42900.04800076804 8.87435241573768e-08
42950.04800076804 6.068673423147745e-08
43000.04800076804 7.96984910776457e-08
43050.04800076804 3.1775322056142537e-08
43100.04800076804 5.623142212992166e-08
43150.04800076804 5.591105831248198e-08
43200.04800076804 7.506207903866274e-08
43250.04800076804 1.1021998584149628e-07
43300.04800076804 9.612444857839314e-08
43350.04800076804 5.023749486444138e-08
43400.04800076804 7.033836643555938e-08
43450.04800076804 4.679469218271245e-08
43500.04800076804 5.321446710547796e-08
43550.04800076804 5.377939896987866e-08
43600.04800076804 8.32071359260818e-08
