galfind/configs/Brown_Dwarf_templates/sonora_cholla/logkzz2/178g/550K_178g_logkzz2_resample.dat
# %ECSV 1.0
# ---
# datatype:
# - {name: wav, unit: Angstrom, datatype: float64}
# - {name: flux_nu, unit: erg / (cm2 Hz s), datatype: float64}
# schema: astropy-2.0
wav flux_nu
3000.0480007680403 nan
3050.0480007680403 0.0
3100.0480007680403 0.0
3150.0480007680403 0.0
3200.0480007680403 0.0
3250.0480007680403 0.0
3300.0480007680403 0.0
3350.0480007680403 0.0
3400.0480007680403 0.0
3450.0480007680403 0.0
3500.0480007680403 0.0
3550.0480007680403 0.0
3600.0480007680403 0.0
3650.0480007680403 0.0
3700.0480007680403 0.0
3750.0480007680403 0.0
3800.0480007680403 0.0
3850.0480007680403 0.0
3900.0480007680403 0.0
3950.0480007680403 0.0
4000.0480007680403 0.0
4050.0480007680403 0.0
4100.04800076804 0.0
4150.04800076804 0.0
4200.04800076804 0.0
4250.04800076804 0.0
4300.04800076804 0.0
4350.04800076804 0.0
4400.04800076804 0.0
4450.04800076804 0.0
4500.04800076804 0.0
4550.04800076804 0.0
4600.04800076804 0.0
4650.04800076804 0.0
4700.04800076804 0.0
4750.04800076804 0.0
4800.04800076804 0.0
4850.04800076804 0.0
4900.04800076804 0.0
4950.04800076804 0.0
5000.04800076804 8.166852392683709e-12
5050.04800076804 2.2040152746093037e-11
5100.04800076804 2.5943481292199864e-11
5150.04800076804 3.069788526361597e-11
5200.04800076804 3.617213792302114e-11
5250.04800076804 4.190728345017802e-11
5300.04800076804 4.8058121934439056e-11
5350.04800076804 5.4715907236052934e-11
5400.04800076804 6.106032190478956e-11
5450.04800076804 6.822941092058926e-11
5500.04800076804 7.59210035181981e-11
5550.04800076804 8.39325516201355e-11
5600.04800076804 9.106260105806114e-11
5650.04800076804 9.605592873886465e-11
5700.04800076804 9.476617494865594e-11
5750.04800076804 9.206880982133825e-11
5800.04800076804 7.900248336425096e-11
5850.04800076804 5.3968061478332144e-11
5900.04800076804 1.1089569969219087e-11
5950.04800076804 2.1749854071467134e-11
6000.04800076804 9.561898517644235e-11
6050.04800076804 1.7804773829957441e-10
6100.04800076804 2.665034954838046e-10
6150.04800076804 3.5174389643306937e-10
6200.04800076804 4.333212028610244e-10
6250.04800076804 5.044495474241781e-10
6300.04800076804 5.884555118092592e-10
6350.04800076804 6.745672136829846e-10
6400.04800076804 7.537432605554176e-10
6450.04800076804 7.557238792293001e-10
6500.04800076804 8.338019506268239e-10
6550.04800076804 9.53878539488284e-10
6600.04800076804 1.0697740102374372e-09
6650.04800076804 1.2212931746779403e-09
6700.04800076804 1.4092603583764104e-09
6750.04800076804 1.5780643133997326e-09
6800.04800076804 1.7402165195109626e-09
6850.04800076804 1.91672503826654e-09
6900.04800076804 1.8126523338333808e-09
6950.04800076804 1.6675434663744622e-09
7000.04800076804 1.99908260829536e-09
7050.04800076804 1.9671555027041422e-09
7100.04800076804 2.0714311340141988e-09
7150.04800076804 1.43717964328053e-09
7200.04800076804 1.0687529766453896e-09
7250.04800076804 1.3459553316362638e-09
7300.04800076804 1.3744850066650923e-09
7350.04800076804 1.6543108520725394e-09
7400.04800076804 1.9982050285062386e-09
7450.04800076804 2.5787586141695905e-09
7500.04800076804 3.007208960443986e-09
7550.04800076804 3.4909800412974345e-09
7600.04800076804 3.965544605112445e-09
7650.04800076804 4.2319010468176105e-09
7700.04800076804 2.5530396883961826e-09
7750.04800076804 8.314907382882261e-10
7800.04800076804 4.259853193546774e-09
7850.04800076804 4.853320357607725e-09
7900.04800076804 5.433399373421034e-09
7950.04800076804 6.004303501484165e-09
8000.04800076804 5.9454281244208644e-09
8050.04800076804 5.784578068995053e-09
8100.04800076804 3.1910012906407085e-09
8150.04800076804 2.4404175836530787e-09
8200.04800076804 4.131200575147733e-09
8250.04800076804 3.841004336172961e-09
8300.04800076804 4.133904418289972e-09
8350.04800076804 3.804013286385592e-09
8400.04800076804 3.897283172562639e-09
8450.04800076804 4.844579211522803e-09
8500.04800076804 5.628374476040019e-09
8550.04800076804 6.693902267826879e-09
8600.04800076804 7.925236236736101e-09
8650.04800076804 8.561517335510355e-09
8700.04800076804 8.246575924140953e-09
8750.04800076804 8.668731914883972e-09
8800.04800076804 7.943594164155678e-09
8850.04800076804 5.162273153470071e-09
8900.04800076804 9.045838319663993e-10
8950.04800076804 7.337070522902978e-10
9000.04800076804 6.279692517691344e-10
9050.04800076804 2.2895684402059395e-09
9100.04800076804 2.6429731591219884e-09
9150.04800076804 2.300643465184263e-09
9200.04800076804 3.5084506852040815e-09
9250.04800076804 2.281137708357856e-09
9300.04800076804 6.153769809007134e-11
9350.04800076804 9.602042744093699e-11
9400.04800076804 3.775005258420497e-10
9450.04800076804 3.7003741597327876e-10
9500.04800076804 2.695302041586905e-10
9550.04800076804 2.9058607623295175e-10
9600.04800076804 2.746942359106553e-10
9650.04800076804 4.73056083804743e-10
9700.04800076804 1.025603930344437e-09
9750.04800076804 9.46675679538555e-10
9800.04800076804 1.1923057052253192e-09
9850.04800076804 1.4473549267863233e-09
9900.04800076804 2.1569229492725812e-09
9950.04800076804 2.1761149288091255e-09
10000.04800076804 3.1378675922034175e-09
10050.04800076804 3.2709145532044253e-09
10100.04800076804 4.28938660278313e-09
10150.04800076804 4.799174884583532e-09
10200.04800076804 5.3877356199901265e-09
10250.04800076804 6.551051765493438e-09
10300.04800076804 8.033942574823685e-09
10350.04800076804 8.49763421066464e-09
10400.04800076804 1.1119411905718142e-08
10450.04800076804 1.2756692942010367e-08
10500.04800076804 1.4023633869477746e-08
10550.04800076804 1.5377058766635804e-08
10600.04800076804 1.5225775525579624e-08
10650.04800076804 1.5031031078499494e-08
10700.04800076804 1.365916754535303e-08
10750.04800076804 1.3242880005358183e-08
10800.04800076804 1.1708816867912553e-08
10850.04800076804 9.850132192222666e-09
10900.04800076804 6.420082320390014e-09
10950.04800076804 2.597578361018599e-09
11000.04800076804 1.3380708813298214e-09
11050.04800076804 6.343742252807994e-10
11100.04800076804 3.031583885648436e-10
11150.04800076804 1.123483381818238e-10
11200.04800076804 7.418496047638845e-11
11250.04800076804 9.550237715838901e-11
11300.04800076804 1.5560540679486987e-10
11350.04800076804 4.081330430498227e-11
11400.04800076804 1.9817009367051865e-10
11450.04800076804 1.1732895434812067e-10
11500.04800076804 9.738412881828632e-11
11550.04800076804 2.155819786475175e-11
11600.04800076804 1.3072892294381806e-11
11650.04800076804 5.766729342859776e-11
11700.04800076804 7.470979669174259e-11
11750.04800076804 1.677908268374396e-11
11800.04800076804 1.1652409016464875e-10
11850.04800076804 2.1552554820074375e-10
11900.04800076804 2.641564108878031e-10
11950.04800076804 4.964914932249385e-10
12000.04800076804 9.182272173317516e-10
12050.04800076804 1.5708314792578577e-09
12100.04800076804 2.420166585694818e-09
12150.04800076804 3.5494373061118085e-09
12200.04800076804 4.47027925005883e-09
12250.04800076804 6.157698053986169e-09
12300.04800076804 8.540142612533065e-09
12350.04800076804 9.269205286733389e-09
12400.04800076804 1.2845285130474588e-08
12450.04800076804 1.63965510209114e-08
12500.04800076804 1.8568510868383877e-08
12550.04800076804 2.107439922640135e-08
12600.04800076804 2.3114507166947802e-08
12650.04800076804 2.353090454722397e-08
12700.04800076804 2.339008645210716e-08
12750.04800076804 1.8853479990417888e-08
12800.04800076804 1.569444416530932e-08
12850.04800076804 1.049074457759993e-08
12900.04800076804 7.931263088399347e-09
12950.04800076804 6.231711081399217e-09
13000.04800076804 6.842210652563231e-09
13050.04800076804 4.446915427853782e-09
13100.04800076804 3.942022117026467e-09
13150.04800076804 2.516780945734676e-09
13200.04800076804 2.4892776448128194e-09
13250.04800076804 1.6751568110974198e-09
13300.04800076804 5.574737581861706e-10
13350.04800076804 1.6748742779951367e-10
13400.04800076804 5.941370659495268e-11
13450.04800076804 1.5446628572084943e-11
13500.04800076804 4.8211020449247555e-12
13550.04800076804 1.6270815730755523e-12
13600.04800076804 2.843742397303516e-13
13650.04800076804 3.0391119247732643e-12
13700.04800076804 1.5147416048612916e-12
13750.04800076804 4.324409303409123e-12
13800.04800076804 3.942825119526531e-12
13850.04800076804 1.6832239620310783e-12
13900.04800076804 2.9641934000328013e-12
13950.04800076804 2.4447344341679004e-12
14000.04800076804 2.831424458467555e-12
14050.04800076804 5.5243427092746635e-12
14100.04800076804 5.287679332270981e-12
14150.04800076804 1.2261891703788282e-11
14200.04800076804 7.024506359454805e-12
14250.04800076804 1.062649343399109e-11
14300.04800076804 3.829887957654565e-11
14350.04800076804 3.1342155575397874e-11
14400.04800076804 3.4515464795196194e-11
14450.04800076804 5.993337170277774e-11
14500.04800076804 1.5126989806162784e-10
14550.04800076804 1.665921660735605e-10
14600.04800076804 3.067643628968917e-10
14650.04800076804 2.441770251069879e-10
14700.04800076804 1.29252205586184e-10
14750.04800076804 1.553932401653908e-10
14800.04800076804 1.9868477090965893e-10
14850.04800076804 2.0844263849502783e-10
14900.04800076804 2.5446457391189925e-10
14950.04800076804 3.0918134324174453e-10
15000.04800076804 5.832648452797003e-10
15050.04800076804 5.674049284664214e-10
15100.04800076804 5.355734962264855e-10
15150.04800076804 4.419595048349584e-10
15200.04800076804 7.075520193223526e-10
15250.04800076804 1.2875991644131039e-09
15300.04800076804 1.5815354716949894e-09
15350.04800076804 2.1448719662813944e-09
15400.04800076804 2.613168016523714e-09
15450.04800076804 3.1880226912154105e-09
15500.04800076804 3.8176489324182004e-09
15550.04800076804 5.329138092540051e-09
15600.04800076804 6.8273389280598004e-09
15650.04800076804 8.948968203118465e-09
15700.04800076804 1.1532130360620408e-08
15750.04800076804 1.3246016807628722e-08
15800.04800076804 1.416644110555512e-08
15850.04800076804 1.5215538535107695e-08
15900.04800076804 1.4800344118678741e-08
15950.04800076804 1.2777237674097053e-08
16000.04800076804 9.581940345895162e-09
16050.04800076804 5.505673966760805e-09
16100.04800076804 3.2082496333181368e-09
16150.04800076804 1.5401226421273522e-09
16200.04800076804 7.497594985405021e-10
16250.04800076804 5.243461584797887e-10
16300.04800076804 2.9641601497357626e-10
16350.04800076804 3.805673682500876e-10
16400.04800076804 4.754712747714013e-10
16450.04800076804 4.3616380095785126e-10
16500.04800076804 4.039794593433954e-10
16550.04800076804 3.9264127498013623e-10
16600.04800076804 6.426724209950192e-10
16650.04800076804 4.68969974954434e-10
16700.04800076804 5.313216867778983e-11
16750.04800076804 2.2768028955130162e-10
16800.04800076804 3.787517835793787e-10
16850.04800076804 4.0643692040689203e-10
16900.04800076804 1.8705337246389506e-10
16950.04800076804 1.2502342149546617e-10
17000.04800076804 6.186728083692482e-11
17050.04800076804 1.1629618052558663e-10
17100.04800076804 2.1157960432611661e-10
17150.04800076804 9.746470964393536e-11
17200.04800076804 4.160160987699129e-10
17250.04800076804 1.905463985216828e-10
17300.04800076804 1.0642287777952886e-10
17350.04800076804 1.4216213943218052e-10
17400.04800076804 2.3913967385123117e-10
17450.04800076804 3.2281364866717336e-10
17500.04800076804 4.707003856698666e-10
17550.04800076804 3.7394244596654466e-10
17600.04800076804 2.5937029438832023e-10
17650.04800076804 2.0479577464696958e-10
17700.04800076804 1.7131859513870804e-10
17750.04800076804 1.5458948746597553e-10
17800.04800076804 3.144804086695598e-10
17850.04800076804 1.540833861729573e-10
17900.04800076804 1.2067215036269553e-10
17950.04800076804 6.933485473366247e-11
18000.04800076804 1.193263414615302e-10
18050.04800076804 9.909546821712017e-11
18100.04800076804 9.477237664120408e-11
18150.04800076804 9.845742352004035e-11
18200.04800076804 5.2265831374835196e-11
18250.04800076804 2.233058701164877e-10
18300.04800076804 4.659134660533863e-11
18350.04800076804 3.465290414492543e-11
18400.04800076804 2.1781388777926884e-11
18450.04800076804 1.278894674300916e-10
18500.04800076804 1.3016831269299148e-10
18550.04800076804 6.743288740583311e-11
18600.04800076804 9.798944366743646e-11
18650.04800076804 5.616867751914102e-11
18700.04800076804 1.631993291546466e-11
18750.04800076804 3.6361492810486233e-11
18800.04800076804 2.8546967812471426e-10
18850.04800076804 2.3061673206545442e-10
18900.04800076804 2.1718691957004117e-10
18950.04800076804 4.501268709384128e-10
19000.04800076804 1.1531321019593713e-10
19050.04800076804 6.140386800126017e-11
19100.04800076804 1.8724886503060745e-10
19150.04800076804 7.899601062462967e-11
19200.04800076804 1.7012980984898067e-10
19250.04800076804 1.1997532311451308e-10
19300.04800076804 6.934990832559293e-11
19350.04800076804 9.285269017095079e-11
19400.04800076804 7.078366067232962e-11
19450.04800076804 1.429663938839974e-10
19500.04800076804 1.1125753551917871e-10
19550.04800076804 1.2415980019053025e-10
19600.04800076804 2.2251721091592277e-10
19650.04800076804 2.2424206741280684e-10
19700.04800076804 2.807460411562371e-10
19750.04800076804 4.2450370929130475e-10
19800.04800076804 3.8691325428195624e-10
19850.04800076804 5.048897235324831e-10
19900.04800076804 5.549062697633318e-10
19950.04800076804 7.724314217853131e-10
20000.04800076804 8.522099368672379e-10
20050.04800076804 7.44516516650735e-10
20100.04800076804 1.109052496716488e-09
20150.04800076804 7.634601997958818e-10
20200.04800076804 6.932337360067346e-10
20250.04800076804 1.0529009019676419e-09
20300.04800076804 1.0710553288598691e-09
20350.04800076804 1.2017412528204723e-09
20400.04800076804 9.85596169136546e-10
20450.04800076804 1.517012191640166e-09
20500.04800076804 1.5442024844705944e-09
20550.04800076804 1.6278866451701309e-09
20600.04800076804 1.7097679850530938e-09
20650.04800076804 1.7782226551036482e-09
20700.04800076804 1.781241186757736e-09
20750.04800076804 1.905083440785112e-09
20800.04800076804 1.7567986528930445e-09
20850.04800076804 1.88385770292611e-09
20900.04800076804 1.8988625639680756e-09
20950.04800076804 1.7820816517193867e-09
21000.04800076804 1.7450693391073447e-09
21050.04800076804 1.700750657865104e-09
21100.04800076804 1.6214511179384685e-09
21150.04800076804 1.5996010703083348e-09
21200.04800076804 1.4905115076358166e-09
21250.04800076804 1.3996961281869609e-09
21300.04800076804 1.2222152103635615e-09
21350.04800076804 1.2035306862473442e-09
21400.04800076804 1.16732013623225e-09
21450.04800076804 9.378718260941645e-10
21500.04800076804 9.41194161503385e-10
21550.04800076804 8.923267923857808e-10
21600.04800076804 7.731973916918612e-10
21650.04800076804 6.342106844184284e-10
21700.04800076804 6.238246241348064e-10
21750.04800076804 6.743180726867197e-10
21800.04800076804 5.538845659802187e-10
21850.04800076804 4.906728054810897e-10
21900.04800076804 3.956585463888286e-10
21950.04800076804 1.2549260969407947e-10
22000.04800076804 2.0488212480466832e-11
22050.04800076804 3.658342161472353e-11
22100.04800076804 1.4435021058289536e-10
22150.04800076804 1.1973087531605178e-10
22200.04800076804 9.291900408303759e-11
22250.04800076804 9.502908988085788e-11
22300.04800076804 4.35025717149547e-11
22350.04800076804 6.231158997436879e-11
22400.04800076804 2.500028482920883e-11
22450.04800076804 3.0196641809323324e-11
22500.04800076804 2.981498712258483e-11
22550.04800076804 1.3933958525084137e-11
22600.04800076804 1.7586634825988735e-11
22650.04800076804 3.8467402016398794e-11
22700.04800076804 1.9658309119192267e-11
22750.04800076804 1.5179572167058406e-11
22800.04800076804 2.4500428302117457e-11
22850.04800076804 2.2738159706838142e-11
22900.04800076804 9.783456002484481e-12
22950.04800076804 6.841963007809712e-12
23000.04800076804 1.6146126012988313e-11
23050.04800076804 1.778766275844953e-11
23100.04800076804 9.466918046772325e-11
23150.04800076804 1.0304304325110604e-10
23200.04800076804 4.332558628529095e-12
23250.04800076804 1.0986775765153663e-11
23300.04800076804 1.7734492500255193e-11
23350.04800076804 1.4560974414740268e-11
23400.04800076804 2.1057404343651934e-11
23450.04800076804 9.018002798151741e-12
23500.04800076804 1.0311103065852708e-11
23550.04800076804 2.054678326642374e-11
23600.04800076804 3.4831403276882e-11
23650.04800076804 4.896611102439565e-11
23700.04800076804 9.732802328537585e-12
23750.04800076804 9.059430270546801e-12
