galfind/configs/Brown_Dwarf_templates/sonora_cholla/logkzz2/178g/550K_178g_logkzz2_resample.dat
# %ECSV 1.0
# ---
# datatype:
# - {name: wav, unit: Angstrom, datatype: float64}
# - {name: flux_nu, unit: erg / (cm2 Hz s), datatype: float64}
# schema: astropy-2.0
wav flux_nu
[from data line 814]
43700.04800076804 1.4174003080962496e-07
43750.04800076804 1.2217411466362433e-07
43800.04800076804 9.774558969029547e-08
43850.04800076804 1.0519009168726626e-07
43900.04800076804 7.826433981799367e-08
43950.04800076804 5.45603943323818e-08
44000.04800076804 4.497296200488439e-08
44050.04800076804 1.1858961929697013e-07
44100.04800076804 1.5362453617355097e-07
44150.04800076804 1.44904831656629e-07
44200.04800076804 1.2505347464004075e-07
44250.04800076804 7.643800900398462e-08
44300.04800076804 5.4597809372713574e-08
44350.04800076804 5.979281608383432e-08
44400.04800076804 6.155018531558421e-08
44450.04800076804 1.0136447468631426e-07
44500.04800076804 8.369211916634822e-08
44550.04800076804 1.234822403546079e-07
44600.04800076804 9.408437954072488e-08
44650.04800076804 1.0264674546910006e-07
44700.04800076804 6.94558436058206e-08
44750.04800076804 9.418055148115881e-08
44800.04800076804 6.410501711887769e-08
44850.04800076804 9.851284212542008e-08
44900.04800076804 7.140256589222563e-08
44950.04800076804 7.445424162824487e-08
45000.04800076804 9.830911893634721e-08
45050.04800076804 9.255208747709311e-08
45100.04800076804 8.583235593645575e-08
45150.04800076804 7.396884547239336e-08
45200.04800076804 4.500598060528547e-08
45250.04800076804 5.123997453741587e-08
45300.04800076804 5.920122427102913e-08
45350.04800076804 5.8254074047339894e-08
45400.04800076804 8.523895211705875e-08
45450.04800076804 7.42361565694252e-08
45500.04800076804 8.413036333404154e-08
45550.04800076804 9.490380286199564e-08
45600.04800076804 8.484211504786032e-08
45650.04800076804 7.269517524366665e-08
45700.04800076804 5.5657887338014667e-08
45750.04800076804 4.5593229342522826e-08
45800.04800076804 7.964258206919093e-08
45850.04800076804 8.69480917774758e-08
45900.04800076804 1.004347071448123e-07
45950.04800076804 6.748696395160173e-08
46000.04800076804 9.395095542746751e-08
46050.04800076804 7.798991960651095e-08
46100.04800076804 8.454327002098775e-08
46150.04800076804 6.939184957642361e-08
46200.04800076804 5.227867890025738e-08
46250.04800076804 2.7100330346036e-08
46300.04800076804 8.450041435121312e-08
46350.04800076804 6.193696012948882e-08
46400.04800076804 7.988327056983173e-08
46450.04800076804 7.773512131160315e-08
46500.04800076804 6.910579707353273e-08
46550.04800076804 4.174726041531192e-08
46600.04800076804 6.153496288799057e-08
46650.04800076804 1.1882889004708627e-07
46700.04800076804 6.758593172243328e-08
46750.04800076804 3.729670981862261e-08
46800.04800076804 2.4188934295539706e-08
46850.04800076804 9.625115601011126e-08
46900.04800076804 9.188631513682659e-08
46950.04800076804 9.924758219902869e-08
47000.04800076804 7.241970701120922e-08
47050.04800076804 7.534023763757011e-08
47100.04800076804 3.667127194087945e-08
47150.04800076804 6.551230192203237e-08
47200.04800076804 8.392512522019757e-08
47250.04800076804 4.3341227331344665e-08
47300.04800076804 3.581661724744982e-08
47350.04800076804 7.698113266284056e-08
47400.04800076804 1.0036885153825826e-07
47450.04800076804 6.172429454362414e-08
47500.04800076804 1.2113375901558133e-07
47550.04800076804 7.888698095969455e-08
47600.04800076804 9.212380670558837e-08
47650.04800076804 5.653937875736922e-08
47700.04800076804 7.993153199891803e-08
47750.04800076804 4.113992242676396e-08
47800.04800076804 4.257949033673403e-08
47850.04800076804 2.1308330120404516e-08
47900.04800076804 3.5683654908116714e-08
47950.04800076804 6.553611410101429e-08
48000.04800076804 1.1466418649384835e-07
48050.04800076804 7.797684971601016e-08
48100.04800076804 4.0892270483307126e-08
48150.04800076804 5.6596495207093324e-08
48200.04800076804 5.5848122341627324e-08
48250.04800076804 5.636312577787629e-08
48300.04800076804 1.1382092248928613e-07
48350.04800076804 5.084256195665662e-08
48400.04800076804 1.7825622810460105e-08
48450.04800076804 3.3964722217700276e-08
48500.04800076804 6.417713805338076e-08
48550.04800076804 4.858852887049084e-08
48600.04800076804 8.308643357360277e-08
48650.04800076804 8.612926878442841e-08
48700.04800076804 7.628565173278417e-08
48750.04800076804 5.071769257295753e-08
48800.04800076804 8.77907267394223e-08
48850.04800076804 5.2049533589510155e-08
48900.04800076804 6.629785534112716e-08
48950.04800076804 3.780325862555814e-08
49000.04800076804 2.330660460950899e-08
49050.04800076804 6.497202716707497e-08
49100.04800076804 7.03325891833442e-08
49150.04800076804 6.697074564708816e-08
49200.04800076804 8.810706712456801e-08
49250.04800076804 9.726470610096909e-08
49300.04800076804 7.832330863301226e-08
49350.04800076804 3.006184633258387e-08
49400.04800076804 4.299749183261543e-08
49450.04800076804 4.727201007369429e-08
49500.04800076804 4.054214484125367e-08
49550.04800076804 8.401896651180905e-09
49600.04800076804 2.4200792130426063e-08
49650.04800076804 5.072908937170871e-08
49700.04800076804 5.5017146262172806e-08
49750.04800076804 5.970365888557553e-08
49800.04800076804 3.858796577605885e-08
49850.04800076804 8.234429890636393e-08
49900.04800076804 7.204254889543252e-08
49950.04800076804 6.630067682723866e-08
50000.04800076804 5.539602155875935e-08
50050.04800076804 6.564439236886077e-08
50100.04800076804 5.3656586382962696e-08
50150.04800076804 2.3270562944364745e-08
50200.04800076804 4.956741381751136e-09
50250.04800076804 2.736916253893857e-08
50300.04800076804 1.9111887364915098e-08
50350.04800076804 5.990636493819755e-08
50400.04800076804 6.826526777374895e-08
50450.04800076804 4.972252804024274e-08
50500.04800076804 7.401784776381892e-08
50550.04800076804 7.735371457619433e-08
50600.04800076804 5.2893664778075276e-08
50650.04800076804 7.725561245819946e-08
50700.04800076804 8.373078270918473e-08
50750.04800076804 5.25864199097449e-08
50800.04800076804 1.7887778435345418e-08
50850.04800076804 9.283769210932073e-09
50900.04800076804 5.460618637833947e-08
50950.04800076804 5.511268340142567e-08
51000.04800076804 3.798435635000039e-08
51050.04800076804 5.642723800963619e-08
51100.04800076804 1.6721154121501295e-08
51150.04800076804 2.3972746981039804e-08
51200.04800076804 7.906073683512491e-08
51250.04800076804 5.003067889314775e-08
51300.04800076804 3.6980251785814576e-08
51350.04800076804 3.7450408633674684e-08
51400.04800076804 1.1894176642192262e-08
51450.04800076804 9.96798070747734e-09
51500.04800076804 8.808548003342722e-09
51550.04800076804 3.0888979258872475e-08
51600.04800076804 2.842240188934747e-08
51650.04800076804 4.320419777200066e-08
51700.04800076804 4.031537335006574e-08
51750.04800076804 2.4333053894122226e-08
51800.04800076804 5.6641161643282096e-08
51850.04800076804 4.660712867514353e-08
51900.04800076804 5.3073293850060957e-08
51950.04800076804 2.8055131389232892e-08
52000.04800076804 3.2753576387587352e-09
52050.04800076804 1.514216545792783e-08
52100.04800076804 9.405283871183464e-09
52150.04800076804 5.048888611173948e-09
52200.04800076804 1.3827458391748883e-08
52250.04800076804 2.8085174629791233e-08
52300.04800076804 3.83943806611115e-08
52350.04800076804 1.0876464447849722e-08
52400.04800076804 1.1873673034281742e-08
52450.04800076804 4.255700228766487e-08
52500.04800076804 3.587737807320048e-08
52550.04800076804 3.798225177266161e-08
52600.04800076804 2.999869877677588e-08
52650.04800076804 3.06795802243033e-08
52700.04800076804 2.353650138092044e-08
52750.04800076804 9.903980428787122e-09
52800.04800076804 1.537247430623667e-08
52850.04800076804 2.033905057162645e-08
52900.04800076804 8.382132971944546e-09
52950.04800076804 1.3332200602348087e-08
53000.04800076804 3.250299470423501e-08
53050.04800076804 9.322484428537023e-09
53100.04800076804 4.0130972164804826e-08
53150.04800076804 4.608330754136174e-08
53200.04800076804 1.7494216086810534e-08
53250.04800076804 4.214966122233498e-08
53300.04800076804 4.354149297956594e-08
53350.04800076804 4.136296000351882e-08
53400.04800076804 2.568857419538789e-08
53450.04800076804 6.47867635949525e-09
53500.04800076804 1.584890543766872e-09
53550.04800076804 3.718798788245783e-09
53600.04800076804 1.6167620583056232e-08
53650.04800076804 1.8923232057004746e-08
53700.04800076804 1.5060509667489558e-08
53750.04800076804 1.3749050395329774e-08
53800.04800076804 1.2703676826565392e-08
53850.04800076804 2.01865852364491e-08
53900.04800076804 3.435975430157868e-08
53950.04800076804 3.246082877850234e-08
54000.04800076804 2.0969233175735135e-08
54050.04800076804 2.3025355389020925e-08
54100.04800076804 4.713562403415276e-09
54150.04800076804 6.9963900257992245e-09
54200.04800076804 1.1582039190196376e-09
54250.04800076804 3.2341217220773688e-09
54300.04800076804 1.0305882175533076e-08
54350.04800076804 1.558215179488949e-08
54400.04800076804 1.2149521661553088e-08
54450.04800076804 1.123581500419748e-08
54500.04800076804 9.853057382024688e-09
54550.04800076804 1.0330102652679385e-08
54600.04800076804 8.785935314719827e-09
54650.04800076804 1.0896772445646984e-09
54700.04800076804 9.18504067806912e-09
54750.04800076804 9.414636451640143e-09
54800.04800076804 4.940679919718694e-09
54850.04800076804 8.411801802375157e-09
54900.04800076804 1.5488894415579523e-08
54950.04800076804 2.584287602639698e-08
55000.04800076804 7.202141840719087e-09
55050.04800076804 1.1512442557647705e-08
55100.04800076804 1.6252916968977584e-08
55150.04800076804 6.764576849700667e-09
55200.04800076804 5.171143566923255e-09
55250.04800076804 8.892050573488846e-09
55300.04800076804 5.7594402533672134e-09
55350.04800076804 1.2017966603394703e-08
55400.04800076804 1.3540092410863775e-08
55450.04800076804 8.18471970910529e-09
55500.04800076804 3.058906321322586e-09
55550.04800076804 2.5145945619484733e-09
55600.04800076804 5.546908451286207e-09
55650.04800076804 5.169681409612488e-09
55700.04800076804 5.222199194173937e-09
55750.04800076804 3.987169564459136e-09
55800.04800076804 1.4556041954221646e-09
55850.04800076804 3.039456612466039e-09
55900.04800076804 8.524877509605498e-09
55950.04800076804 1.366526880510306e-08
56000.04800076804 4.634536437530468e-09
56050.04800076804 5.5993711721793255e-09
56100.04800076804 9.124865220539928e-09
56150.04800076804 3.1459684856957766e-09
56200.04800076804 5.464724110398723e-09
56250.04800076804 1.1148419255549474e-08
56300.04800076804 6.453906986500247e-09
56350.04800076804 3.431160836403262e-09
56400.04800076804 9.880184902704551e-10
56450.04800076804 9.965158043384137e-10
56500.04800076804 4.651083338360951e-09
56550.04800076804 1.8726690117676463e-09
56600.04800076804 8.042710873377617e-09
56650.04800076804 9.962311023549425e-09
56700.04800076804 6.17121708046062e-09
56750.04800076804 1.815355403508846e-09
56800.04800076804 3.98435498524665e-09
56850.04800076804 6.136186646930831e-09
56900.04800076804 3.0601767189529113e-09
56950.04800076804 7.599525661288053e-09
57000.04800076804 1.033590623233028e-08
57050.04800076804 4.181791304113221e-09
57100.04800076804 1.1067845996212208e-09
57150.04800076804 2.173802640306878e-09
57200.04800076804 1.624481306446852e-09
57250.04800076804 2.6196154124966765e-09
57300.04800076804 4.53404142032776e-09
57350.04800076804 1.984011634429407e-09
57400.04800076804 6.29331964876947e-09
57450.04800076804 2.511127909984742e-09
57500.04800076804 2.4383174617292576e-09
57550.04800076804 3.9419196558395864e-09
57600.04800076804 3.1455484493664058e-09
57650.04800076804 5.664718023712499e-10
57700.04800076804 1.336985773479617e-09
57750.04800076804 3.4259735883906816e-09
57800.04800076804 1.200132163393075e-09
57850.04800076804 1.0742443412578127e-08
57900.04800076804 1.34255739826879e-08
57950.04800076804 1.4896214576452824e-08
58000.04800076804 3.0297487122472694e-09
58050.04800076804 7.2492420311987045e-09
58100.04800076804 5.817486765049712e-09
58150.04800076804 3.538983289175856e-09
58200.04800076804 5.207702512947942e-10
58250.04800076804 1.323751027402206e-09
58300.04800076804 1.4623804197137362e-09
58350.04800076804 2.0830370790232892e-09
58400.04800076804 6.040791504457682e-09
58450.04800076804 7.27207760523237e-09
58500.04800076804 7.611759210956947e-09
58550.04800076804 5.026421171429107e-09
58600.04800076804 1.5618742940235448e-09
58650.04800076804 2.445988312798759e-09
58700.04800076804 3.800119404089126e-09
58750.04800076804 2.7504977308735064e-09
58800.04800076804 2.098716409285706e-10
58850.04800076804 1.5986169116461451e-09
58900.04800076804 2.258282545549517e-09
58950.04800076804 8.672815810465076e-10
59000.04800076804 2.708558325267533e-09
59050.04800076804 4.890978374234998e-09
59100.04800076804 4.169269520175013e-09
59150.04800076804 3.219220560426401e-09
59200.04800076804 4.867056569601432e-09
59250.04800076804 5.051921998674663e-09
59300.04800076804 3.40264096148471e-09
59350.04800076804 3.565945892161034e-10
59400.04800076804 5.917711695141442e-10
59450.04800076804 3.915715706144197e-09
59500.04800076804 2.3332744735738665e-09
59550.04800076804 4.694175670587668e-09
59600.04800076804 6.329109221824677e-09
59650.04800076804 2.589856046039451e-09
59700.04800076804 1.6253390773083447e-09
59750.04800076804 6.8133120066357055e-09
59800.04800076804 2.707545574368438e-09
59850.04800076804 3.4986228516752134e-09
59900.04800076804 9.388782314260132e-10
59950.04800076804 3.1247993630887696e-09
60000.04800076804 8.066932771971639e-09
60050.04800076804 9.897650033344454e-09
60100.04800076804 5.591160092534877e-09
60150.04800076804 1.7411771608078109e-09
60200.04800076804 5.089120497809439e-09
60250.04800076804 1.04809158415088e-08
60300.04800076804 9.01062237838883e-09
60350.04800076804 5.188507630516076e-09
60400.04800076804 3.975784692525857e-09
60450.04800076804 6.631339792745925e-10
60500.04800076804 1.42709981482646e-10
60550.04800076804 2.877221358904275e-09
60600.04800076804 5.16215449768216e-09
60650.04800076804 2.6526445668050032e-09
60700.04800076804 1.6278347853263532e-09
60750.04800076804 6.158073533241562e-10
60800.04800076804 4.594583541694994e-09
60850.04800076804 1.0237084282951e-08
60900.04800076804 9.105680020937312e-09
60950.04800076804 5.905356340883499e-09
61000.04800076804 7.258205479953417e-09
61050.04800076804 1.942113709267882e-09
61100.04800076804 1.95836550390487e-09
61150.04800076804 4.795715340910814e-10
61200.04800076804 4.261612805888668e-09
61250.04800076804 6.4934819699156384e-09
61300.04800076804 5.035147178379913e-09
61350.04800076804 1.0732722711285371e-08
61400.04800076804 2.7246657185556788e-09
61450.04800076804 7.195580689805179e-10
61500.04800076804 7.175708759138131e-10
61550.04800076804 3.5307989388878222e-09
61600.04800076804 1.0733452489048732e-09
61650.04800076804 2.580333074097578e-09
61700.04800076804 3.6011539850591914e-09
61750.04800076804 4.290930006631324e-09
61800.04800076804 2.934175688262892e-09
61850.04800076804 6.735825391568748e-10
61900.04800076804 5.981429226837662e-09
61950.04800076804 7.787690302246923e-09
62000.04800076804 8.0611110714771e-09
62050.04800076804 1.3289269156143209e-08
62100.04800076804 4.319213189728089e-09
62150.04800076804 9.650142471255615e-09
62200.04800076804 8.876083591991047e-09
62250.04800076804 5.709436605210427e-09
62300.04800076804 1.7970613779481343e-08
62350.04800076804 1.4355153321821818e-08
62400.04800076804 5.996251535501423e-09
62450.04800076804 8.002582094360145e-09
62500.04800076804 1.6976636439883304e-08
62550.04800076804 2.1459675453405286e-08
62600.04800076804 1.3154650879930399e-08
62650.04800076804 1.04936495290662e-08
62700.04800076804 6.6926948437245e-09
62750.04800076804 1.3315220961942882e-08
62800.04800076804 7.553060844957388e-09
62850.04800076804 1.179906870980012e-08
62900.04800076804 1.0509545512550861e-08
62950.04800076804 2.261365064073084e-08
63000.04800076804 1.0566339970689617e-08
63050.04800076804 3.3502655572843735e-08
63100.04800076804 2.737148988414759e-08
63150.04800076804 1.945352320949813e-08
63200.04800076804 1.52121959899132e-08
63250.04800076804 1.632591884976583e-08
63300.04800076804 8.692223751098109e-09
63350.04800076804 7.773867355212448e-09
63400.04800076804 2.4785911657999113e-09
63450.04800076804 9.767343881182198e-10
63500.04800076804 6.965114212495531e-09
