galfind/configs/Brown_Dwarf_templates/sonora_cholla/logkzz2/178g/600K_178g_logkzz2_resample.dat
# %ECSV 1.0
# ---
# datatype:
# - {name: wav, unit: Angstrom, datatype: float64}
# - {name: flux_nu, unit: erg / (cm2 Hz s), datatype: float64}
# schema: astropy-2.0
wav flux_nu
3000.0480007680403 nan
3050.0480007680403 0.0
3100.0480007680403 0.0
3150.0480007680403 0.0
3200.0480007680403 0.0
3250.0480007680403 0.0
3300.0480007680403 0.0
3350.0480007680403 0.0
3400.0480007680403 0.0
3450.0480007680403 0.0
3500.0480007680403 0.0
3550.0480007680403 0.0
3600.0480007680403 0.0
3650.0480007680403 0.0
3700.0480007680403 0.0
3750.0480007680403 0.0
3800.0480007680403 0.0
3850.0480007680403 0.0
3900.0480007680403 0.0
3950.0480007680403 0.0
4000.0480007680403 0.0
4050.0480007680403 0.0
4100.04800076804 0.0
4150.04800076804 0.0
4200.04800076804 0.0
4250.04800076804 0.0
4300.04800076804 0.0
4350.04800076804 0.0
4400.04800076804 0.0
4450.04800076804 0.0
4500.04800076804 0.0
4550.04800076804 0.0
4600.04800076804 0.0
4650.04800076804 0.0
4700.04800076804 0.0
4750.04800076804 0.0
4800.04800076804 0.0
4850.04800076804 0.0
4900.04800076804 0.0
4950.04800076804 0.0
5000.04800076804 5.759929293689115e-12
5050.04800076804 1.4976265172065696e-11
5100.04800076804 1.7261220559064667e-11
5150.04800076804 2.0110089123998996e-11
5200.04800076804 2.3404553949181225e-11
5250.04800076804 2.677324835877106e-11
5300.04800076804 3.030817000308446e-11
5350.04800076804 3.404235337768064e-11
5400.04800076804 3.750292133563435e-11
5450.04800076804 4.1326253883178837e-11
5500.04800076804 4.528288810608506e-11
5550.04800076804 4.9194173665936336e-11
5600.04800076804 5.2419968216926583e-11
5650.04800076804 5.437348048460238e-11
5700.04800076804 5.3197252969457653e-11
5750.04800076804 5.130872463784806e-11
5800.04800076804 4.513835368698874e-11
5850.04800076804 3.427651176792993e-11
5900.04800076804 9.939622486538746e-12
5950.04800076804 1.7789946255335913e-11
6000.04800076804 6.04150587811405e-11
6050.04800076804 1.0594299575681785e-10
6100.04800076804 1.5859573008538572e-10
6150.04800076804 2.139864381181859e-10
6200.04800076804 2.7046984936697957e-10
6250.04800076804 3.2337487301486237e-10
6300.04800076804 3.8464421176382634e-10
6350.04800076804 4.488562457139307e-10
6400.04800076804 5.095395509684045e-10
6450.04800076804 5.272279006396695e-10
6500.04800076804 5.905364109060558e-10
6550.04800076804 6.799204009015289e-10
6600.04800076804 7.69639087776131e-10
6650.04800076804 8.820833055562136e-10
6700.04800076804 1.0225144750025862e-09
6750.04800076804 1.1560413723027868e-09
6800.04800076804 1.289265176625357e-09
6850.04800076804 1.4359774563589806e-09
6900.04800076804 1.3863537816399318e-09
6950.04800076804 1.3089265487902462e-09
7000.04800076804 1.5294088627333076e-09
7050.04800076804 1.5297463101821093e-09
7100.04800076804 1.6196311246547055e-09
7150.04800076804 1.2347726626411496e-09
7200.04800076804 1.0459463584545237e-09
7250.04800076804 1.2579137499679145e-09
7300.04800076804 1.2968894814610533e-09
7350.04800076804 1.511046151390262e-09
7400.04800076804 1.7548746477211873e-09
7450.04800076804 2.135355856579808e-09
7500.04800076804 2.410446982820797e-09
7550.04800076804 2.705658603263562e-09
7600.04800076804 2.9824281165416934e-09
7650.04800076804 3.1152549894152136e-09
7700.04800076804 1.906620042007287e-09
7750.04800076804 7.754332937412958e-10
7800.04800076804 3.1678556331465947e-09
7850.04800076804 3.84973416821398e-09
7900.04800076804 4.4440895678040605e-09
7950.04800076804 4.983021879632964e-09
8000.04800076804 5.090262374051638e-09
8050.04800076804 5.115609351515757e-09
8100.04800076804 3.4116332430385186e-09
8150.04800076804 2.9051679564949634e-09
8200.04800076804 4.349236312537556e-09
8250.04800076804 4.156924881238768e-09
8300.04800076804 4.5563502613271875e-09
8350.04800076804 4.376992197347675e-09
8400.04800076804 4.569645249073326e-09
8450.04800076804 5.486359445354547e-09
8500.04800076804 6.275063639351071e-09
8550.04800076804 7.255196820185086e-09
8600.04800076804 8.34382013008318e-09
8650.04800076804 8.991370777181133e-09
8700.04800076804 8.914828926895289e-09
8750.04800076804 9.433590354207422e-09
8800.04800076804 9.039321362772466e-09
8850.04800076804 6.668295933562885e-09
8900.04800076804 1.8026429468049456e-09
8950.04800076804 1.658684535995403e-09
9000.04800076804 1.3798675143030936e-09
9050.04800076804 3.973874665775176e-09
9100.04800076804 4.492365355817493e-09
9150.04800076804 4.061755031288159e-09
9200.04800076804 5.684129460553927e-09
9250.04800076804 4.095210432000451e-09
9300.04800076804 2.2793278345215948e-10
9350.04800076804 3.3352825354246575e-10
9400.04800076804 1.0073274949960893e-09
9450.04800076804 1.0516602244716975e-09
9500.04800076804 8.038222285498395e-10
9550.04800076804 8.802864845161316e-10
9600.04800076804 8.080351856346168e-10
9650.04800076804 1.239988704562268e-09
9700.04800076804 2.305250449115647e-09
9750.04800076804 2.2005571239436337e-09
9800.04800076804 2.7034134634235777e-09
9850.04800076804 3.2128026143239317e-09
9900.04800076804 4.552118426142609e-09
9950.04800076804 4.6341054640304225e-09
10000.04800076804 6.38626980149762e-09
10050.04800076804 6.836432479265823e-09
10100.04800076804 8.852662170944902e-09
10150.04800076804 1.0268380391019934e-08
10200.04800076804 1.2015882385230107e-08
10250.04800076804 1.4221536225136627e-08
10300.04800076804 1.697292029589253e-08
10350.04800076804 1.892686119811631e-08
10400.04800076804 2.3534670292651054e-08
10450.04800076804 2.6372080658497388e-08
10500.04800076804 2.86351969770066e-08
10550.04800076804 3.105496581798669e-08
10600.04800076804 3.0917048197016906e-08
10650.04800076804 3.1027543388330316e-08
10700.04800076804 2.8986210001226315e-08
10750.04800076804 2.843995113353823e-08
10800.04800076804 2.5628528010254743e-08
10850.04800076804 2.198510716338884e-08
10900.04800076804 1.4364705415022404e-08
10950.04800076804 5.961047661175329e-09
11000.04800076804 3.2802546015925745e-09
11050.04800076804 1.66773956758254e-09
11100.04800076804 8.749844124366602e-10
11150.04800076804 3.609575047120272e-10
11200.04800076804 2.610570197188448e-10
11250.04800076804 3.377342850250708e-10
11300.04800076804 4.921109577936339e-10
11350.04800076804 1.465135024008071e-10
11400.04800076804 5.743798174068897e-10
11450.04800076804 3.648754210880898e-10
11500.04800076804 2.985705461334874e-10
11550.04800076804 7.601606126982935e-11
11600.04800076804 5.5092202124789215e-11
11650.04800076804 1.9163937920017746e-10
11700.04800076804 2.4171601704922587e-10
11750.04800076804 5.63742606040179e-11
11800.04800076804 3.567097374485601e-10
11850.04800076804 6.700942553808723e-10
11900.04800076804 8.314074843569382e-10
11950.04800076804 1.498103157164686e-09
12000.04800076804 2.620744646731578e-09
12050.04800076804 4.291544682469546e-09
12100.04800076804 6.5181423209349825e-09
12150.04800076804 9.316035856584109e-09
12200.04800076804 1.1775348641388834e-08
12250.04800076804 1.5877124583520525e-08
12300.04800076804 2.1170951854273394e-08
12350.04800076804 2.256219515030159e-08
12400.04800076804 3.0417661274343744e-08
12450.04800076804 3.788620861708902e-08
12500.04800076804 4.239479829006028e-08
12550.04800076804 4.723390024633615e-08
12600.04800076804 4.947360925625935e-08
12650.04800076804 4.874070450024295e-08
12700.04800076804 4.7735452521589286e-08
12750.04800076804 3.983091417335101e-08
12800.04800076804 3.481812179185551e-08
12850.04800076804 2.4341303755134266e-08
12900.04800076804 1.8663310059484182e-08
12950.04800076804 1.5270729068782054e-08
13000.04800076804 1.60694444780288e-08
13050.04800076804 1.1076058535342446e-08
13100.04800076804 9.786448137215542e-09
13150.04800076804 6.554942280934985e-09
13200.04800076804 6.210607303154117e-09
13250.04800076804 4.161662294686824e-09
13300.04800076804 1.4875876228254198e-09
13350.04800076804 4.3740897583359336e-10
13400.04800076804 1.7181525605463286e-10
13450.04800076804 5.216056989825377e-11
13500.04800076804 1.8305036466530767e-11
13550.04800076804 7.638392513915441e-12
13600.04800076804 1.6301092590539137e-12
13650.04800076804 1.4043752683155458e-11
13700.04800076804 7.624726524635119e-12
13750.04800076804 1.7597551340679386e-11
13800.04800076804 1.680873265128064e-11
13850.04800076804 8.214550021548782e-12
13900.04800076804 1.2329500676790593e-11
13950.04800076804 1.0409263676270572e-11
14000.04800076804 1.1504992644262623e-11
14050.04800076804 2.131925345129782e-11
14100.04800076804 2.0216671996897433e-11
14150.04800076804 4.2165209199347906e-11
14200.04800076804 2.486043218168878e-11
14250.04800076804 3.5624129826536996e-11
14300.04800076804 1.1117846636779674e-10
14350.04800076804 9.538801100565237e-11
14400.04800076804 1.0626192430001859e-10
14450.04800076804 1.6797307873201583e-10
14500.04800076804 4.0730208285526425e-10
14550.04800076804 4.45150054023489e-10
14600.04800076804 7.734940711141855e-10
14650.04800076804 6.896803846725524e-10
14700.04800076804 3.8502713387945737e-10
14750.04800076804 5.359198221677514e-10
14800.04800076804 6.988801371859694e-10
14850.04800076804 7.111290391807543e-10
14900.04800076804 8.861484620712601e-10
14950.04800076804 1.1332937667338635e-09
15000.04800076804 1.7994389531540823e-09
15050.04800076804 1.8131591411219912e-09
15100.04800076804 1.9993846363374764e-09
15150.04800076804 1.8377450904721274e-09
15200.04800076804 2.4346139843743404e-09
15250.04800076804 4.015802401028586e-09
15300.04800076804 4.9098815919622e-09
15350.04800076804 6.5695702483316145e-09
15400.04800076804 7.812926123902719e-09
15450.04800076804 9.299843886127811e-09
15500.04800076804 1.0637774683414746e-08
15550.04800076804 1.400773346805521e-08
15600.04800076804 1.697819817746573e-08
15650.04800076804 2.0286810579466384e-08
15700.04800076804 2.475339096310766e-08
15750.04800076804 2.7375371046183384e-08
15800.04800076804 2.8119823976307155e-08
15850.04800076804 2.9500280454478336e-08
15900.04800076804 2.7628561555065704e-08
15950.04800076804 2.3425934074075794e-08
16000.04800076804 1.7466186518608107e-08
16050.04800076804 1.024062130013025e-08
16100.04800076804 6.280908660381713e-09
16150.04800076804 3.2011453114900218e-09
16200.04800076804 1.654386931164077e-09
16250.04800076804 1.2596546678005998e-09
16300.04800076804 7.565277402727912e-10
16350.04800076804 9.397319026833146e-10
16400.04800076804 1.149003823381127e-09
16450.04800076804 1.104645726371854e-09
16500.04800076804 1.080021485909843e-09
16550.04800076804 1.0439159990028315e-09
16600.04800076804 1.4852205531073639e-09
16650.04800076804 1.0882141720237874e-09
16700.04800076804 1.4716579027656084e-10
16750.04800076804 5.450462507662409e-10
16800.04800076804 9.251245167745485e-10
16850.04800076804 9.901605853177952e-10
16900.04800076804 5.166276234204048e-10
16950.04800076804 3.619989908274045e-10
17000.04800076804 1.962516179696387e-10
17050.04800076804 3.4366906612865267e-10
17100.04800076804 5.777946046058456e-10
17150.04800076804 2.8692623147885337e-10
17200.04800076804 1.044134664242163e-09
17250.04800076804 5.480730539841076e-10
17300.04800076804 3.19970784978072e-10
17350.04800076804 4.0251349697917587e-10
17400.04800076804 6.094891690340287e-10
17450.04800076804 8.225079541764197e-10
17500.04800076804 1.153411095988797e-09
17550.04800076804 9.332430415251904e-10
17600.04800076804 6.479650702032454e-10
17650.04800076804 5.454738865368598e-10
17700.04800076804 4.4458972388239046e-10
17750.04800076804 4.0387508878094433e-10
17800.04800076804 7.6276591232286e-10
17850.04800076804 4.038219672516495e-10
17900.04800076804 3.3304962314877655e-10
17950.04800076804 1.9640829345050434e-10
18000.04800076804 3.213558423393326e-10
18050.04800076804 2.8664046977523986e-10
18100.04800076804 2.6732651129215544e-10
18150.04800076804 3.1315652592926303e-10
18200.04800076804 1.6558120301327295e-10
18250.04800076804 6.280044954742274e-10
18300.04800076804 1.6488054433975224e-10
18350.04800076804 1.2480619381282466e-10
18400.04800076804 8.44639102884068e-11
18450.04800076804 3.679181902529104e-10
18500.04800076804 3.77932027578886e-10
18550.04800076804 2.1519963021304197e-10
18600.04800076804 2.8443569636082554e-10
18650.04800076804 1.706427065828455e-10
18700.04800076804 6.615242115253091e-11
18750.04800076804 1.3927554852972993e-10
18800.04800076804 8.105142329721206e-10
18850.04800076804 6.860424131666679e-10
18900.04800076804 6.278833445653044e-10
18950.04800076804 1.3098975352006607e-09
19000.04800076804 4.0711644965493834e-10
19050.04800076804 2.3121584341620266e-10
19100.04800076804 6.478024550634377e-10
19150.04800076804 2.934667601946181e-10
19200.04800076804 5.814407017311918e-10
19250.04800076804 4.129115828901971e-10
19300.04800076804 2.5694446524622797e-10
19350.04800076804 3.268519100059663e-10
19400.04800076804 2.3361517367540464e-10
19450.04800076804 5.0158088243791e-10
19500.04800076804 3.9277104593547255e-10
19550.04800076804 3.9186597877501747e-10
19600.04800076804 6.577899794612827e-10
19650.04800076804 7.217024433892561e-10
19700.04800076804 8.402809168144079e-10
19750.04800076804 1.2194312803884462e-09
19800.04800076804 1.2094019992228318e-09
19850.04800076804 1.5985559282815012e-09
19900.04800076804 1.580404439486792e-09
19950.04800076804 2.280775981376155e-09
20000.04800076804 2.418514864761234e-09
20050.04800076804 2.246054823657792e-09
20100.04800076804 3.1430193039263066e-09
20150.04800076804 2.284555391479267e-09
20200.04800076804 2.289857500754356e-09
20250.04800076804 3.237838067739063e-09
20300.04800076804 3.177852867237128e-09
20350.04800076804 3.6316913530776916e-09
20400.04800076804 3.1002744742722612e-09
20450.04800076804 4.4358056047502866e-09
20500.04800076804 4.498263092531787e-09
20550.04800076804 4.656257739655709e-09
20600.04800076804 4.935518495281837e-09
20650.04800076804 5.019566141864261e-09
20700.04800076804 4.983403926382845e-09
20750.04800076804 5.359102839531925e-09
20800.04800076804 4.971947334867869e-09
20850.04800076804 5.251509431692149e-09
20900.04800076804 5.298576531765292e-09
20950.04800076804 4.9452831002162365e-09
21000.04800076804 4.882374170777068e-09
21050.04800076804 4.678722208592756e-09
21100.04800076804 4.4543894658441225e-09
21150.04800076804 4.396909049741499e-09
21200.04800076804 4.0877189971577765e-09
21250.04800076804 3.825282623468866e-09
21300.04800076804 3.3032628315855117e-09
21350.04800076804 3.2723857167581093e-09
21400.04800076804 3.115439829479019e-09
21450.04800076804 2.539352721867643e-09
21500.04800076804 2.5678995533031953e-09
21550.04800076804 2.4055089911507817e-09
21600.04800076804 2.083745399356476e-09
21650.04800076804 1.73459131800852e-09
21700.04800076804 1.7464598651873381e-09
21750.04800076804 1.8496916164205918e-09
21800.04800076804 1.529125800110361e-09
21850.04800076804 1.3332702354956497e-09
21900.04800076804 1.0757063180174916e-09
21950.04800076804 3.525409863203011e-10
22000.04800076804 7.08290175030832e-11
22050.04800076804 1.094103274226915e-10
22100.04800076804 3.725326065935677e-10
22150.04800076804 3.490250022290492e-10
22200.04800076804 2.843624433194851e-10
22250.04800076804 2.870417552827844e-10
22300.04800076804 1.4437084039288653e-10
22350.04800076804 1.8995855464476934e-10
22400.04800076804 8.673999574182133e-11
22450.04800076804 9.591338726447532e-11
22500.04800076804 9.769386508380336e-11
22550.04800076804 4.525027268202722e-11
22600.04800076804 6.309464286340795e-11
22650.04800076804 1.2244580886350517e-10
22700.04800076804 6.212633205630051e-11
22750.04800076804 5.6619834189268316e-11
22800.04800076804 7.611074077244534e-11
22850.04800076804 6.914088939325395e-11
22900.04800076804 3.3258244391230604e-11
22950.04800076804 2.522929616061065e-11
23000.04800076804 5.490137698394267e-11
23050.04800076804 6.199881948355588e-11
23100.04800076804 2.6053667414216287e-10
23150.04800076804 2.891802514784842e-10
23200.04800076804 1.6909323242376802e-11
23250.04800076804 3.362174098862709e-11
23300.04800076804 5.3821067285579366e-11
23350.04800076804 4.016994637486762e-11
23400.04800076804 6.515371043447628e-11
23450.04800076804 3.257301503774009e-11
23500.04800076804 3.499544506394732e-11
23550.04800076804 6.534134999739971e-11
23600.04800076804 9.813066640354403e-11
23650.04800076804 1.441353040829599e-10
23700.04800076804 3.4071693869480425e-11
23750.04800076804 2.7300267067724984e-11
