galfind/configs/Brown_Dwarf_templates/sonora_cholla/logkzz2/178g/600K_178g_logkzz2_resample.dat
# %ECSV 1.0
# ---
# datatype:
# - {name: wav, unit: Angstrom, datatype: float64}
# - {name: flux_nu, unit: erg / (cm2 Hz s), datatype: float64}
# schema: astropy-2.0
wav flux_nu
[from data line 1211]
63550.04800076804 2.0168310910046503e-08
63600.04800076804 1.8504939449088186e-08
63650.04800076804 1.0255800773857683e-08
63700.04800076804 2.8958882134099343e-09
63750.04800076804 8.779914573096734e-09
63800.04800076804 2.27893591909483e-08
63850.04800076804 1.611314155549957e-08
63900.04800076804 4.197948413270154e-09
63950.04800076804 1.1683489152220494e-08
64000.04800076804 1.6017355724271643e-08
64050.04800076804 5.4713693950507246e-09
64100.04800076804 1.1048202381504222e-09
64150.04800076804 1.7597297879362625e-09
64200.04800076804 2.230300604598786e-09
64250.04800076804 8.076004573737837e-09
64300.04800076804 6.436595170201631e-09
64350.04800076804 4.15325687033644e-09
64400.04800076804 1.2432909002717952e-08
64450.04800076804 1.462221064786619e-08
64500.04800076804 5.423877030075189e-09
64550.04800076804 1.2220767763087179e-08
64600.04800076804 6.320077980991502e-09
64650.04800076804 1.0067010387699151e-08
64700.04800076804 3.0383034230621652e-09
64750.04800076804 5.720518392282933e-09
64800.04800076804 3.114080744942403e-09
64850.04800076804 1.9620889661626045e-09
64900.04800076804 1.865736802591609e-09
64950.04800076804 1.6005073428850362e-09
65000.04800076804 3.1473171044671096e-09
65050.04800076804 6.485787671602243e-09
65100.04800076804 1.0166666324187933e-08
65150.04800076804 4.2356101610800906e-09
65200.04800076804 1.6141714022282207e-09
65250.04800076804 6.34476122080126e-09
65300.04800076804 7.2212334006540705e-09
65350.04800076804 2.0254957783702906e-08
65400.04800076804 7.050342899316844e-09
65450.04800076804 7.13840911914554e-09
65500.04800076804 8.72859804021551e-09
65550.04800076805 3.1849977654385206e-09
65600.04800076805 8.231673492681343e-09
65650.04800076805 4.657799698582622e-09
65700.04800076805 4.304860260400309e-09
65750.04800076805 2.8244805334907703e-09
65800.04800076805 7.119101859494225e-09
65850.04800076805 1.0656581621827291e-08
65900.04800076805 2.3083277811355466e-09
65950.04800076805 4.895937386919751e-09
66000.04800076805 6.43887993894358e-09
66050.04800076805 1.534231081544077e-08
66100.04800076805 7.929660377050757e-09
66150.04800076805 7.00297250188687e-09
66200.04800076805 6.76323129805366e-09
66250.04800076805 3.747669900089925e-09
66300.04800076805 1.3090311652625896e-09
66350.04800076805 1.0223116701351445e-09
66400.04800076805 2.2797775098137347e-09
66450.04800076805 8.507028906926206e-09
66500.04800076805 1.2998027436395016e-08
66550.04800076805 1.3956035899030049e-08
66600.04800076805 1.0700935419313159e-08
66650.04800076805 6.779523683458653e-09
66700.04800076805 4.723155311171975e-09
66750.04800076805 5.2327187937446775e-09
66800.04800076805 6.336376395429431e-09
66850.04800076805 3.880694653151359e-09
66900.04800076805 1.627101114930958e-08
66950.04800076805 1.490282586772095e-08
67000.04800076805 1.6782104181013946e-08
67050.04800076805 9.063364323453146e-09
67100.04800076805 4.5936723888848195e-09
67150.04800076805 5.875984552189905e-09
67200.04800076805 9.935641000254907e-09
67250.04800076805 9.112669767180884e-09
67300.04800076805 1.6406321475200225e-08
67350.04800076805 6.8235130349138145e-09
67400.04800076805 1.7605200089624902e-08
67450.04800076805 9.827841802289454e-09
67500.04800076805 9.53365103376912e-09
67550.04800076805 2.1443702927101474e-08
67600.04800076805 3.536971959530645e-08
67650.04800076805 2.5200545461124567e-08
67700.04800076805 1.308461806566664e-08
67750.04800076805 7.478883758363134e-09
67800.04800076805 1.1664128564675268e-08
67850.04800076805 4.592864386666286e-09
67900.04800076805 5.819256666884041e-09
67950.04800076805 4.698210149590002e-09
68000.04800076805 1.1238555592343174e-08
68050.04800076805 1.4717364328067786e-08
68100.04800076805 2.452288586604504e-08
68150.04800076805 1.997314082317065e-08
68200.04800076805 1.3754280881164658e-08
68250.04800076805 2.374012178900794e-09
68300.04800076805 1.448287680736112e-08
68350.04800076805 1.3491975887041565e-08
68400.04800076805 2.8237960762999515e-08
68450.04800076805 2.232345007985693e-08
68500.04800076805 1.2668006673643862e-08
68550.04800076805 4.560747799685351e-09
68600.04800076805 4.671600864902748e-09
68650.04800076805 2.1155300272429292e-09
68700.04800076805 6.63798078590258e-09
68750.04800076805 1.277517724962708e-08
68800.04800076805 1.4359126807380725e-08
68850.04800076805 5.136941641216395e-09
68900.04800076805 2.3381162073520714e-08
68950.04800076805 2.462077342600774e-08
69000.04800076805 1.5149091435127444e-08
69050.04800076805 6.8339434878759025e-09
69100.04800076805 2.075655285986612e-08
69150.04800076805 3.129553973711386e-08
69200.04800076805 2.2646780741873056e-08
69250.04800076805 3.060949995335474e-08
69300.04800076805 1.622687053425092e-08
69350.04800076805 3.5448135289671425e-08
69400.04800076805 1.1055808180626844e-08
69450.04800076805 3.104205535486878e-08
69500.04800076805 1.3304759518857162e-08
69550.04800076805 1.0026002400728795e-08
69600.04800076805 2.4003253496153592e-09
69650.04800076805 1.0303567448769907e-08
69700.04800076805 2.0285538861971616e-08
69750.04800076805 1.2578853486807764e-08
69800.04800076805 2.248685934202201e-08
69850.04800076805 2.3188419454335774e-08
69900.04800076805 1.3714322208596979e-08
69950.04800076805 1.2982625078230893e-08
70000.04800076805 1.6060055734528715e-08
70050.04800076805 3.058939990940472e-08
70100.04800076805 2.2155864489281766e-08
70150.04800076805 1.562769439084461e-08
70200.04800076805 1.053400821733038e-08
70250.04800076805 1.509189232420755e-08
70300.04800076805 2.991219766578735e-08
70350.04800076805 2.174335763343334e-08
70400.04800076805 9.768482787733762e-09
70450.04800076805 1.4172725146827574e-09
70500.04800076805 8.158659922178647e-09
70550.04800076805 8.331924143835085e-09
70600.04800076805 8.233928742276251e-09
70650.04800076805 2.3444601039227063e-08
70700.04800076805 2.385892859614563e-08
70750.04800076805 3.6677539235648346e-08
70800.04800076805 1.518471626852028e-08
70850.04800076805 1.6159353973071955e-08
70900.04800076805 2.04706902859429e-08
70950.04800076805 2.9118475702003608e-08
71000.04800076805 2.7157233756234153e-08
71050.04800076805 2.582003416588031e-08
71100.04800076805 1.8406485533049112e-08
71150.04800076805 1.2876334231954283e-08
71200.04800076805 1.1497219194416904e-08
71250.04800076805 2.0288395262284916e-08
71300.04800076805 2.8070593545350688e-08
71350.04800076805 2.982905320422781e-08
71400.04800076805 2.201542788109068e-08
71450.04800076805 8.104897564111015e-09
71500.04800076805 9.345758039246071e-09
71550.04800076805 1.2830904533412679e-08
71600.04800076805 1.4457873791218138e-08
71650.04800076805 9.283015547652902e-09
71700.04800076805 6.394176736806536e-09
71750.04800076805 1.5601314947038404e-08
71800.04800076805 2.3863476893407216e-08
71850.04800076805 2.28355030972918e-08
71900.04800076805 1.11761195639696e-08
71950.04800076805 1.7000881065066993e-08
72000.04800076805 1.5338550068029843e-08
72050.04800076805 7.183442858733249e-09
72100.04800076805 8.949541705859511e-09
72150.04800076805 9.229174946137267e-09
72200.04800076805 1.7050245050832756e-08
72250.04800076805 2.4433625355769162e-08
72300.04800076805 1.4483123011221275e-08
72350.04800076805 1.8579392013598693e-08
72400.04800076805 1.5747393782063424e-08
72450.04800076805 1.1751478403884246e-08
72500.04800076805 1.695989101067917e-08
72550.04800076805 5.853747017890659e-09
72600.04800076805 1.122289046339525e-08
72650.04800076805 2.1116772826634974e-08
72700.04800076805 1.203481395910747e-08
72750.04800076805 1.266453942492881e-08
72800.04800076805 6.944059510110515e-09
72850.04800076805 1.0285103303587625e-08
72900.04800076805 2.2304727413362523e-08
72950.04800076805 1.3062244710192956e-08
73000.04800076805 1.3871052638652258e-08
73050.04800076805 6.485236044639499e-09
73100.04800076805 8.895083550091042e-09
73150.04800076805 2.2655493212127495e-08
73200.04800076805 7.802154731870327e-09
73250.04800076805 1.1076696339051858e-08
73300.04800076805 7.99646982907274e-09
73350.04800076805 5.317896988666972e-09
73400.04800076805 1.1083180949390045e-08
73450.04800076805 5.689621483976118e-09
73500.04800076805 4.826356879032918e-09
73550.04800076805 9.014777235634799e-09
73600.04800076805 8.987981785248809e-09
73650.04800076805 1.02230751398612e-08
73700.04800076805 9.506813923383817e-09
73750.04800076805 2.903749780883439e-09
73800.04800076805 8.615966365975381e-09
73850.04800076805 1.2696805070102343e-08
73900.04800076805 6.33183546627567e-09
73950.04800076805 6.9953676469452465e-09
74000.04800076805 3.0835664119879064e-09
74050.04800076805 1.4800089527306457e-08
74100.04800076805 9.994499328007947e-09
74150.04800076805 1.0028003101888169e-08
74200.04800076805 5.144481938706713e-09
74250.04800076805 8.568354934657238e-10
74300.04800076805 9.185715973210971e-09
74350.04800076805 1.4414223765555782e-08
74400.04800076805 1.3340993991381671e-08
74450.04800076805 4.634597832610069e-09
74500.04800076805 2.497856989785458e-09
74550.04800076805 6.420856211782682e-09
74600.04800076805 8.525236696598084e-09
74650.04800076805 9.062495728672526e-09
74700.04800076805 5.588453660279691e-09
74750.04800076805 3.061555353753376e-09
74800.04800076805 4.819570316421768e-09
74850.04800076805 6.911088344204708e-09
74900.04800076805 1.3216253966931786e-08
74950.04800076805 1.2693406036706795e-08
75000.04800076805 5.128794136234766e-09
75050.04800076805 1.027786310670048e-09
75100.04800076805 1.1466028647224215e-08
75150.04800076805 1.4638595321185334e-08
75200.04800076805 1.6203552704255343e-08
75250.04800076805 1.597612931825509e-08
75300.04800076805 1.0943698692473136e-08
75350.04800076805 2.922773056511998e-09
75400.04800076805 1.6260982438412653e-08
75450.04800076805 1.5164458549951877e-08
75500.04800076805 1.4974167289235016e-08
75550.04800076805 1.3843913793467957e-08
75600.04800076805 1.639596899592562e-08
75650.04800076805 8.74399267993646e-09
75700.04800076805 1.8669362523916595e-08
75750.04800076805 8.70927834315469e-09
75800.04800076805 1.5085537453383843e-08
75850.04800076805 1.7198880073731987e-08
75900.04800076805 1.8156904804434143e-08
75950.04800076805 7.683241560189884e-09
76000.04800076805 2.060407334662705e-08
76050.04800076805 1.9838198534881493e-08
76100.04800076805 1.67727609150569e-08
76150.04800076805 1.924907087634065e-08
76200.04800076805 1.6586897222277316e-08
76250.04800076805 9.726351296204343e-09
76300.04800076805 2.6817134993700627e-08
76350.04800076805 3.416396100805489e-08
76400.04800076805 2.4352879677502927e-08
76450.04800076805 1.821243489869598e-08
76500.04800076805 1.1481627084382099e-08
76550.04800076805 4.23145710242685e-09
76600.04800076805 8.347585478741299e-10
76650.04800076805 9.04907314502139e-10
76700.04800076805 1.5545336107754028e-09
76750.04800076805 1.7674326455035723e-09
76800.04800076805 4.0002030458378915e-09
76850.04800076805 1.3445305719001139e-09
76900.04800076805 1.2817578476667132e-09
76950.04800076805 4.36389135923968e-09
77000.04800076805 7.290421975683294e-09
77050.04800076805 1.455564049201091e-09
77100.04800076805 1.5188661317016845e-09
77150.04800076805 8.593266640860668e-09
77200.04800076805 4.686411515365874e-09
77250.04800076805 3.5311170906261598e-09
77300.04800076805 7.510914902702109e-09
77350.04800076805 3.102730651439892e-09
77400.04800076805 3.3466000707961354e-09
77450.04800076805 9.58999627543505e-09
77500.04800076805 6.993413727023145e-09
77550.04800076805 5.350532848717102e-09
77600.04800076805 2.6628013635147204e-09
77650.04800076805 3.8871913148194e-09
77700.04800076805 3.1017753708052135e-09
77750.04800076805 1.0243444157291272e-08
77800.04800076805 1.0535132855955307e-08
77850.04800076805 2.051936546897419e-08
77900.04800076805 9.16913468282194e-09
77950.04800076805 1.7229852494040397e-09
78000.04800076805 5.661384463197652e-09
78050.04800076805 7.927461488114313e-09
78100.04800076805 8.717587315241835e-09
78150.04800076805 1.6796208300101266e-08
78200.04800076805 1.711659065226766e-08
78250.04800076805 1.752234729939224e-08
78300.04800076805 6.230705323155407e-09
78350.04800076805 1.285117176364305e-08
78400.04800076805 4.676879010812955e-09
78450.04800076805 1.2043258090198097e-08
78500.04800076805 1.800619937127284e-08
78550.04800076805 2.527032639702387e-08
78600.04800076805 1.7327767959131127e-08
78650.04800076805 1.970075820346453e-09
78700.04800076805 4.528611231810186e-09
78750.04800076805 7.979647795749952e-09
78800.04800076805 8.533237444436477e-09
78850.04800076805 2.811067963274072e-09
78900.04800076805 9.566781350900981e-09
78950.04800076805 1.549426711726058e-08
79000.04800076805 1.1489048434475095e-08
79050.04800076805 7.91453366420596e-09
79100.04800076805 1.0144731253633896e-08
79150.04800076805 9.060007499002611e-09
79200.04800076805 1.1900217261439276e-08
79250.04800076805 5.8043185713888715e-09
79300.04800076805 5.4754445320428325e-09
79350.04800076805 9.798474933952219e-09
79400.04800076805 5.118599493399316e-09
79450.04800076805 1.6740298707827038e-08
79500.04800076805 2.4519909665893954e-08
79550.04800076805 1.8788734844821872e-08
79600.04800076805 8.21685187180618e-09
79650.04800076805 1.4355445971275417e-08
79700.04800076805 1.1906146525764032e-08
79750.04800076805 1.1656065259348466e-08
79800.04800076805 7.99671344394404e-09
79850.04800076805 1.3842091004255705e-08
79900.04800076805 2.609161174753419e-08
79950.04800076805 2.2528790958312197e-08
