galfind/configs/Brown_Dwarf_templates/sonora_cholla/logkzz2/178g/650K_178g_logkzz2_resample.dat
# %ECSV 1.0
# ---
# datatype:
# - {name: wav, unit: Angstrom, datatype: float64}
# - {name: flux_nu, unit: erg / (cm2 Hz s), datatype: float64}
# schema: astropy-2.0
wav flux_nu
[from data line 814]
43700.04800076804 2.3294945231548743e-07
43750.04800076804 2.0075878247872363e-07
43800.04800076804 1.5865978104263225e-07
43850.04800076804 1.7257832739365665e-07
43900.04800076804 1.3643135699019748e-07
43950.04800076804 1.0350285602294406e-07
44000.04800076804 7.838516257215368e-08
44050.04800076804 1.8532567256521715e-07
44100.04800076804 2.176603542673262e-07
44150.04800076804 2.1188359626729378e-07
44200.04800076804 1.7487325658334099e-07
44250.04800076804 1.211604184062761e-07
44300.04800076804 9.860492580760606e-08
44350.04800076804 1.0249145525647649e-07
44400.04800076804 1.0452105570865832e-07
44450.04800076804 1.4269529797064733e-07
44500.04800076804 1.2082824876533437e-07
44550.04800076804 1.7186159994615542e-07
44600.04800076804 1.2557941800441653e-07
44650.04800076804 1.461299035548721e-07
44700.04800076804 1.0680001857502963e-07
44750.04800076804 1.3281401699023617e-07
44800.04800076804 9.934932249427411e-08
44850.04800076804 1.3211669246114542e-07
44900.04800076804 9.308173139654824e-08
44950.04800076804 9.189598608073677e-08
45000.04800076804 1.1621068869229472e-07
45050.04800076804 1.1491792059428922e-07
45100.04800076804 1.1093616327220548e-07
45150.04800076804 9.333901445009899e-08
45200.04800076804 5.629687048456591e-08
45250.04800076804 6.63788844922792e-08
45300.04800076804 8.112118278408052e-08
45350.04800076804 8.095213913524673e-08
45400.04800076804 8.181286779205675e-08
45450.04800076804 7.6385610995266e-08
45500.04800076804 8.383363839533458e-08
45550.04800076804 9.291944815642125e-08
45600.04800076804 8.095889023072381e-08
45650.04800076804 7.341306758647346e-08
45700.04800076804 7.131714501704257e-08
45750.04800076804 5.9284683715172184e-08
45800.04800076804 6.770604334672197e-08
45850.04800076804 9.721479434086833e-08
45900.04800076804 1.0788071701737498e-07
45950.04800076804 6.319297853541824e-08
46000.04800076804 9.604397525683873e-08
46050.04800076804 9.212563531397343e-08
46100.04800076804 7.22297664184612e-08
46150.04800076804 7.952689559978667e-08
46200.04800076804 7.019027236595042e-08
46250.04800076804 3.6265545485150574e-08
46300.04800076804 9.960127393278634e-08
46350.04800076804 6.78828665002406e-08
46400.04800076804 9.469009262172233e-08
46450.04800076804 1.0749236630506925e-07
46500.04800076804 8.09942584063728e-08
46550.04800076804 6.615077608103464e-08
46600.04800076804 8.161731869391493e-08
46650.04800076804 1.8022941451644188e-07
46700.04800076804 1.02558114306026e-07
46750.04800076804 6.754005661772464e-08
46800.04800076804 3.8947203068820434e-08
46850.04800076804 1.2780115342724783e-07
46900.04800076804 1.0908734647550811e-07
46950.04800076804 1.3216914541229032e-07
47000.04800076804 7.825392947252307e-08
47050.04800076804 1.1789143606047716e-07
47100.04800076804 4.5671716272155043e-08
47150.04800076804 7.541001479724648e-08
47200.04800076804 1.0940378510684493e-07
47250.04800076804 6.063290775459316e-08
47300.04800076804 5.7110371502773256e-08
47350.04800076804 7.775215183945004e-08
47400.04800076804 1.300145093258491e-07
47450.04800076804 6.940226277359764e-08
47500.04800076804 1.4945099822284203e-07
47550.04800076804 7.928393559865177e-08
47600.04800076804 1.2151535718364443e-07
47650.04800076804 6.304972957571681e-08
47700.04800076804 1.1251400690865059e-07
47750.04800076804 4.8080573172773835e-08
47800.04800076804 6.954198170143901e-08
47850.04800076804 3.707239246948596e-08
47900.04800076804 5.8109316217685756e-08
47950.04800076804 7.79839847365797e-08
48000.04800076804 1.502749887809871e-07
48050.04800076804 9.05581219488834e-08
48100.04800076804 6.943564572987152e-08
48150.04800076804 7.512214972117824e-08
48200.04800076804 9.270061687819309e-08
48250.04800076804 7.353354061656283e-08
48300.04800076804 1.605525464741683e-07
48350.04800076804 6.511055841794091e-08
48400.04800076804 3.915732562642805e-08
48450.04800076804 6.254471443351189e-08
48500.04800076804 1.1482317728178732e-07
48550.04800076804 6.60328455630063e-08
48600.04800076804 1.131435664187266e-07
48650.04800076804 9.569783848028922e-08
48700.04800076804 1.1586123909357124e-07
48750.04800076804 7.409476738096798e-08
48800.04800076804 1.295065635820566e-07
48850.04800076804 8.076942316727023e-08
48900.04800076804 1.0933010551353138e-07
48950.04800076804 7.571865313430388e-08
49000.04800076804 4.910092319120812e-08
49050.04800076804 1.0984823827941396e-07
49100.04800076804 9.32018192355192e-08
49150.04800076804 1.1648832545505729e-07
49200.04800076804 1.1769246064543997e-07
49250.04800076804 1.4440383336354443e-07
49300.04800076804 1.0518584491533875e-07
49350.04800076804 5.7037652239154405e-08
49400.04800076804 7.526636728730663e-08
49450.04800076804 9.027220926932591e-08
49500.04800076804 7.504999203952645e-08
49550.04800076804 2.1477418562202894e-08
49600.04800076804 5.604265970837451e-08
49650.04800076804 8.064839625139271e-08
49700.04800076804 8.422318738258162e-08
49750.04800076804 1.1006022230894386e-07
49800.04800076804 6.879552109283392e-08
49850.04800076804 1.437160684059116e-07
49900.04800076804 1.1487841480829024e-07
49950.04800076804 1.104370509359972e-07
50000.04800076804 1.0438163267235047e-07
50050.04800076804 1.1959586647347818e-07
50100.04800076804 1.0223270717024446e-07
50150.04800076804 4.81268322906634e-08
50200.04800076804 1.4573324039922143e-08
50250.04800076804 6.581945236038908e-08
50300.04800076804 4.637375628204805e-08
50350.04800076804 1.0847037434483677e-07
50400.04800076804 1.1248205045558021e-07
50450.04800076804 8.695831069351052e-08
50500.04800076804 1.2352117575197844e-07
50550.04800076804 1.22096792737403e-07
50600.04800076804 9.370115939475332e-08
50650.04800076804 1.2164423628846944e-07
50700.04800076804 1.4549938673724913e-07
50750.04800076804 1.0103840922616474e-07
50800.04800076804 4.072820619666772e-08
50850.04800076804 2.5352453089601186e-08
50900.04800076804 1.0808326932308986e-07
50950.04800076804 1.0337583394845482e-07
51000.04800076804 7.506600234708798e-08
51050.04800076804 9.816389598709196e-08
51100.04800076804 3.2981696460551606e-08
51150.04800076804 5.280783381499575e-08
51200.04800076804 1.4468172531764046e-07
51250.04800076804 9.051464643833261e-08
51300.04800076804 6.91970796641888e-08
51350.04800076804 7.678422601301652e-08
51400.04800076804 3.0634562347660036e-08
51450.04800076804 2.579520808125779e-08
51500.04800076804 2.269166078133614e-08
51550.04800076804 6.727506965443495e-08
51600.04800076804 5.570395138869364e-08
51650.04800076804 7.859230019126626e-08
51700.04800076804 7.711962581913816e-08
51750.04800076804 4.745240720996824e-08
51800.04800076804 1.0478548424723984e-07
51850.04800076804 8.613594195753955e-08
51900.04800076804 1.0894062074804905e-07
51950.04800076804 6.515133922665338e-08
52000.04800076804 1.0278030628448089e-08
52050.04800076804 3.7167557714049847e-08
52100.04800076804 2.6283903430576054e-08
52150.04800076804 1.5925632245880415e-08
52200.04800076804 2.9541536695406094e-08
52250.04800076804 5.5361366316280295e-08
52300.04800076804 8.698267255455694e-08
52350.04800076804 3.1205613043614826e-08
52400.04800076804 3.083747796912239e-08
52450.04800076804 8.505765293330376e-08
52500.04800076804 7.576846144740443e-08
52550.04800076804 7.39425454897814e-08
52600.04800076804 5.6576375924926574e-08
52650.04800076804 5.755791505395618e-08
52700.04800076804 4.820259560830762e-08
52750.04800076804 2.5930698076628085e-08
52800.04800076804 3.416470820354941e-08
52850.04800076804 4.4564928496260556e-08
52900.04800076804 2.3381328092352063e-08
52950.04800076804 3.1038300341234634e-08
53000.04800076804 7.29127916030242e-08
53050.04800076804 2.2004885839693553e-08
53100.04800076804 7.762482694264926e-08
53150.04800076804 9.28302424474305e-08
53200.04800076804 3.614715620908898e-08
53250.04800076804 8.512536062077692e-08
53300.04800076804 8.835030641979266e-08
53350.04800076804 8.598473474674875e-08
53400.04800076804 6.354751953636942e-08
53450.04800076804 1.7907770587819018e-08
53500.04800076804 6.141442347350157e-09
53550.04800076804 1.3135844218126764e-08
53600.04800076804 4.0544067418221565e-08
53650.04800076804 4.002623243587815e-08
53700.04800076804 3.265624458907897e-08
53750.04800076804 3.1011983749317835e-08
53800.04800076804 2.9397644374029317e-08
53850.04800076804 4.4660176839730445e-08
53900.04800076804 6.30506553008657e-08
53950.04800076804 7.002728927991671e-08
54000.04800076804 4.360650812643227e-08
54050.04800076804 4.890439449989913e-08
54100.04800076804 1.2449560054336978e-08
54150.04800076804 1.976397172270872e-08
54200.04800076804 4.381014374081427e-09
54250.04800076804 1.0089561969254836e-08
54300.04800076804 2.6435880043469986e-08
54350.04800076804 3.823633158676087e-08
54400.04800076804 3.305871913578465e-08
54450.04800076804 2.90716499522407e-08
54500.04800076804 2.4259786282836614e-08
54550.04800076804 2.4134558675182316e-08
54600.04800076804 2.456582792298593e-08
54650.04800076804 5.010235349278958e-09
54700.04800076804 2.7858319702316858e-08
54750.04800076804 2.6817431432088212e-08
54800.04800076804 1.5048525551219745e-08
54850.04800076804 2.339610907548914e-08
54900.04800076804 3.898686272864411e-08
54950.04800076804 5.935909439388048e-08
55000.04800076804 1.6530654875696264e-08
55050.04800076804 3.0824918979472915e-08
55100.04800076804 3.623496333669502e-08
55150.04800076804 1.8205981549881198e-08
55200.04800076804 1.5849505340989267e-08
55250.04800076804 2.438374190451797e-08
55300.04800076804 1.5123787276069086e-08
55350.04800076804 3.3495301755608476e-08
55400.04800076804 3.89232052216759e-08
55450.04800076804 2.1759860270704103e-08
55500.04800076804 8.729689912596664e-09
55550.04800076804 9.465514028808366e-09
55600.04800076804 1.5599999582659684e-08
55650.04800076804 1.4405526641429157e-08
55700.04800076804 1.577823908258878e-08
55750.04800076804 1.4139061411853855e-08
55800.04800076804 6.2912527518829495e-09
55850.04800076804 9.503348276030317e-09
55900.04800076804 2.495110347178585e-08
55950.04800076804 3.6687602221912795e-08
56000.04800076804 1.2838421398568877e-08
56050.04800076804 1.685448701799538e-08
56100.04800076804 2.5883538519338764e-08
56150.04800076804 1.1595793606866008e-08
56200.04800076804 1.7159230356488803e-08
56250.04800076804 2.917867561907732e-08
56300.04800076804 1.9726583993424862e-08
56350.04800076804 1.3678309612224946e-08
56400.04800076804 4.959377710152892e-09
56450.04800076804 4.785747815369852e-09
56500.04800076804 1.3725341893815758e-08
56550.04800076804 6.244135091860981e-09
56600.04800076804 2.3447953545760918e-08
56650.04800076804 2.731533991868737e-08
56700.04800076804 2.06628762049841e-08
56750.04800076804 6.432141037111482e-09
56800.04800076804 1.606986167595457e-08
56850.04800076804 1.876146387783268e-08
56900.04800076804 9.990051889566768e-09
56950.04800076804 2.228621353166524e-08
57000.04800076804 2.9051860461346496e-08
57050.04800076804 1.2580318593528342e-08
57100.04800076804 4.080664158156488e-09
57150.04800076804 7.397144234231387e-09
57200.04800076804 6.129345684264705e-09
57250.04800076804 8.948825976969613e-09
57300.04800076804 1.540471287547455e-08
57350.04800076804 6.948988318047664e-09
57400.04800076804 1.9171698282350404e-08
57450.04800076804 9.959457547612232e-09
57500.04800076804 9.836903169249976e-09
57550.04800076804 1.500272271631107e-08
57600.04800076804 1.3461317917437389e-08
57650.04800076804 2.8425455677473272e-09
57700.04800076804 5.415562355060652e-09
57750.04800076804 1.0496139454886803e-08
57800.04800076804 4.038022565524005e-09
57850.04800076804 3.281833902848063e-08
57900.04800076804 3.7916736056943983e-08
57950.04800076804 4.034151453505259e-08
58000.04800076804 1.1125343418222523e-08
58050.04800076804 2.1158924214356136e-08
58100.04800076804 1.9935854180132224e-08
58150.04800076804 1.234048351352512e-08
58200.04800076804 2.892583387742858e-09
58250.04800076804 5.184904795246006e-09
58300.04800076804 5.638404218914021e-09
58350.04800076804 7.520737662103973e-09
58400.04800076804 1.788051363838746e-08
58450.04800076804 2.0692103343096635e-08
58500.04800076804 2.045582159925195e-08
58550.04800076804 1.719578068388049e-08
58600.04800076804 6.576163671916422e-09
58650.04800076804 8.811950381973543e-09
58700.04800076804 1.2785323887767846e-08
58750.04800076804 1.0110971431641833e-08
58800.04800076804 1.5610050393810853e-09
58850.04800076804 7.1948735325943906e-09
58900.04800076804 1.0275218638441048e-08
58950.04800076804 4.145918070196965e-09
59000.04800076804 1.1220923326964922e-08
59050.04800076804 1.7780744162740357e-08
59100.04800076804 1.6684557080324576e-08
59150.04800076804 1.2466756190842919e-08
59200.04800076804 1.546356674897657e-08
59250.04800076804 1.6269436463657284e-08
59300.04800076804 1.2160674379037853e-08
59350.04800076804 2.301800334799564e-09
59400.04800076804 2.644345117210558e-09
59450.04800076804 1.3274736136800036e-08
59500.04800076804 6.969569047240561e-09
59550.04800076804 1.562790819436306e-08
59600.04800076804 2.0475513528612624e-08
59650.04800076804 9.345609811910907e-09
59700.04800076804 6.365004027831296e-09
59750.04800076804 2.2348738078131394e-08
59800.04800076804 9.496042421528697e-09
59850.04800076804 1.3725747186807462e-08
59900.04800076804 4.390952875691914e-09
59950.04800076804 1.1358339585490892e-08
60000.04800076804 2.715579102728736e-08
60050.04800076804 2.6758716895799305e-08
60100.04800076804 2.0077684013151985e-08
60150.04800076804 8.07794524769449e-09
60200.04800076804 1.8300518978144507e-08
60250.04800076804 3.032679425051016e-08
60300.04800076804 2.5944352513658362e-08
60350.04800076804 1.566536700600491e-08
60400.04800076804 1.4970519994596652e-08
60450.04800076804 3.5679341792202004e-09
60500.04800076804 1.2425778113258231e-09
60550.04800076804 1.2386472912811996e-08
60600.04800076804 1.792167135598824e-08
60650.04800076804 1.0472843629333405e-08
60700.04800076804 7.011652124938247e-09
60750.04800076804 3.4854085059974637e-09
60800.04800076804 1.6199188987304477e-08
60850.04800076804 3.431696841180639e-08
60900.04800076804 3.090520363620754e-08
60950.04800076804 2.2317748092201354e-08
61000.04800076804 2.136567085141014e-08
61050.04800076804 7.745350932216981e-09
61100.04800076804 9.10833968353923e-09
61150.04800076804 2.8832324734971557e-09
61200.04800076804 1.6600305532334056e-08
61250.04800076804 2.349790919255561e-08
61300.04800076804 2.092299714756986e-08
61350.04800076804 3.570652380975873e-08
61400.04800076804 1.194611246719827e-08
61450.04800076804 3.838141464173174e-09
61500.04800076804 5.342288406160043e-09
61550.04800076804 1.3166708141106462e-08
61600.04800076804 5.13751636607429e-09
61650.04800076804 1.1752566108271045e-08
61700.04800076804 1.3217689887919029e-08
61750.04800076804 1.5081530216036307e-08
61800.04800076804 1.238699888021797e-08
61850.04800076804 4.189690567013028e-09
61900.04800076804 2.2685957533340173e-08
61950.04800076804 2.5487196814233285e-08
62000.04800076804 3.012604617757518e-08
62050.04800076804 3.289646147406119e-08
62100.04800076804 1.800204130017739e-08
62150.04800076804 3.029665785614985e-08
62200.04800076804 2.675546252059765e-08
62250.04800076804 1.9618762386883505e-08
62300.04800076804 4.79015763853766e-08
62350.04800076804 3.7484839378051146e-08
62400.04800076804 1.488430020068655e-08
62450.04800076804 2.319216811776238e-08
62500.04800076804 4.436771600637741e-08
62550.04800076804 4.60843005379763e-08
62600.04800076804 4.125452789393171e-08
62650.04800076804 3.067154894572867e-08
62700.04800076804 2.4559324152354905e-08
62750.04800076804 3.863307711554485e-08
62800.04800076804 2.243996651084888e-08
62850.04800076804 3.679082267775624e-08
62900.04800076804 2.564399959885993e-08
62950.04800076804 5.0723173986914876e-08
63000.04800076804 3.1786758608638616e-08
63050.04800076804 6.644854880705302e-08
63100.04800076804 5.753715959956304e-08
63150.04800076804 4.1232466355831233e-08
63200.04800076804 4.08205486077974e-08
63250.04800076804 3.685795686805126e-08
63300.04800076804 2.997074816461375e-08
63350.04800076804 2.710404782797814e-08
63400.04800076804 9.96138789069559e-09
63450.04800076804 5.126638360381261e-09
