galfind/configs/Brown_Dwarf_templates/sonora_cholla/logkzz2/178g/650K_178g_logkzz2_resample.dat
# %ECSV 1.0
# ---
# datatype:
# - {name: wav, unit: Angstrom, datatype: float64}
# - {name: flux_nu, unit: erg / (cm2 Hz s), datatype: float64}
# schema: astropy-2.0
wav flux_nu
[from data line 418]
23900.04800076804 4.094195069282271e-10
23950.04800076804 3.100795467656645e-10
24000.04800076804 5.250757999902162e-10
24050.04800076804 6.737323900728169e-10
24100.04800076804 5.70042642699783e-10
24150.04800076804 7.916405664818804e-10
24200.04800076804 6.697287162004169e-10
24250.04800076804 4.109639218284433e-10
24300.04800076804 8.821650406764306e-10
24350.04800076804 5.787697207713118e-10
24400.04800076804 1.247311386766842e-09
24450.04800076804 1.2014176891989083e-09
24500.04800076804 1.2307679376780716e-09
24550.04800076804 1.7828390694032382e-09
24600.04800076804 2.1944071547562567e-09
24650.04800076804 2.4732954037002518e-09
24700.04800076804 1.801745321754921e-09
24750.04800076804 2.077968576084248e-09
24800.04800076804 1.9515315867874204e-09
24850.04800076804 3.0690561615014354e-09
24900.04800076804 1.2756565496550304e-09
24950.04800076804 2.579406597943292e-09
25000.04800076804 2.605206387687748e-09
25050.04800076804 1.5715833909880737e-09
25100.04800076804 2.3110834927547487e-09
25150.04800076804 1.0718448569998844e-09
25200.04800076804 1.6989050666750535e-09
25250.04800076804 7.067957006515464e-10
25300.04800076804 1.088131271046522e-09
25350.04800076804 4.6140765497454544e-10
25400.04800076804 1.3221620029632754e-09
25450.04800076804 5.123109600566267e-10
25500.04800076804 4.381160123810101e-10
25550.04800076804 7.795156482857235e-10
25600.04800076804 2.688734328129237e-10
25650.04800076804 2.33885400990995e-10
25700.04800076804 3.4728581065007105e-10
25750.04800076804 1.278744566058e-10
25800.04800076804 5.826395960721935e-10
25850.04800076804 1.1368997968069957e-10
25900.04800076804 1.9866311987551664e-10
25950.04800076804 6.149391782787613e-11
26000.04800076804 5.194183936134347e-10
26050.04800076804 9.48936969328873e-11
26100.04800076804 4.3521916681694794e-10
26150.04800076804 2.28051018838503e-10
26200.04800076804 2.9095032570693793e-10
26250.04800076804 1.2249946989181203e-09
26300.04800076804 3.4369055109990495e-10
26350.04800076804 1.6976698577983453e-09
26400.04800076804 2.5814725404620556e-09
26450.04800076804 1.5511839448505641e-09
26500.04800076804 2.461103087343381e-09
26550.04800076804 5.992426420776988e-10
26600.04800076804 6.364148330978354e-10
26650.04800076804 1.3825943196387703e-10
26700.04800076804 6.818467148787705e-11
26750.04800076804 9.994946599719404e-11
26800.04800076804 2.0614608848607544e-10
26850.04800076804 1.3652985347091333e-10
26900.04800076804 6.001512468853717e-10
26950.04800076804 1.9715086221315597e-10
27000.04800076804 1.1341311387758988e-09
27050.04800076804 1.0271361353751552e-09
27100.04800076804 2.440558123046812e-10
27150.04800076804 1.495193481659613e-09
27200.04800076804 2.142444810525042e-10
27250.04800076804 5.417688785248232e-10
27300.04800076804 3.3421836236525534e-09
27350.04800076804 1.3093515093989401e-09
27400.04800076804 8.755361622161876e-11
27450.04800076804 1.6788322735762735e-09
27500.04800076804 2.3128300344448138e-09
27550.04800076804 3.662330777053948e-10
27600.04800076804 9.811957780458235e-10
27650.04800076804 2.9427259131208926e-10
27700.04800076804 2.2966177808590009e-10
27750.04800076804 1.2421192021011037e-09
27800.04800076804 4.277100244308466e-10
27850.04800076804 5.963082136935434e-10
27900.04800076804 8.106153823735968e-10
27950.04800076804 1.8102805875046101e-09
28000.04800076804 1.3822081931976024e-09
28050.04800076804 2.9027716509879157e-10
28100.04800076804 2.2058794899859353e-09
28150.04800076804 1.318788922740799e-09
28200.04800076804 3.5811586699912585e-10
28250.04800076804 2.511998367984417e-09
28300.04800076804 3.632880125869228e-09
28350.04800076804 5.390136498060051e-10
28400.04800076804 1.9685918256792384e-09
28450.04800076804 3.795147552135301e-09
28500.04800076804 1.8822785772244498e-09
28550.04800076804 4.775272281457866e-10
28600.04800076804 3.0724352306178756e-09
28650.04800076804 2.987803907404886e-09
28700.04800076804 2.5167297248477766e-09
28750.04800076804 5.051267583841099e-09
28800.04800076804 4.041210751725849e-09
28850.04800076804 4.919928032775059e-09
28900.04800076804 2.1629909509221055e-09
28950.04800076804 6.917622672364222e-09
29000.04800076804 4.15533880939233e-09
29050.04800076804 4.822520738524988e-09
29100.04800076804 3.5562593604194764e-09
29150.04800076804 7.729126583856483e-09
29200.04800076804 4.9936985531828485e-09
29250.04800076804 7.171569368913142e-09
29300.04800076804 3.9284100558594154e-09
29350.04800076804 1.8476424590154846e-08
29400.04800076804 4.477133718467911e-09
29450.04800076804 5.896779824307144e-09
29500.04800076804 9.852130339957768e-09
29550.04800076804 5.799439378916672e-09
29600.04800076804 9.821166527668688e-09
29650.04800076804 1.1755406609519127e-08
29700.04800076804 4.971909615413942e-09
29750.04800076804 9.173803908737893e-09
29800.04800076804 9.588797252258827e-09
29850.04800076804 1.4499672310009498e-08
29900.04800076804 1.4675356309968838e-08
29950.04800076804 1.0282259217729881e-08
30000.04800076804 3.198203320545893e-09
30050.04800076804 5.139105786842875e-09
30100.04800076804 9.24802408165641e-09
30150.04800076804 1.3405365884601395e-08
30200.04800076804 8.472282843842411e-09
30250.04800076804 1.920940436066926e-08
30300.04800076804 1.7116308723179702e-08
30350.04800076804 1.0054945471857582e-08
30400.04800076804 1.7527742197951908e-08
30450.04800076804 1.2218008270948006e-08
30500.04800076804 1.079527233032846e-08
30550.04800076804 8.387550870322395e-09
30600.04800076804 1.7891223498057745e-08
30650.04800076804 1.2764147763358187e-08
30700.04800076804 9.922589324081174e-09
30750.04800076804 1.1917170423980578e-08
30800.04800076804 8.711035546741395e-09
30850.04800076804 1.0726081305397981e-08
30900.04800076804 9.280629629836588e-09
30950.04800076804 5.105197580095758e-09
31000.04800076804 7.679881943020526e-09
31050.04800076804 6.884750984881168e-09
31100.04800076804 4.335478220758273e-09
31150.04800076804 5.893012286447613e-09
31200.04800076804 8.038848003682136e-09
31250.04800076804 4.454522673917826e-09
31300.04800076804 3.64994105447868e-09
31350.04800076804 4.772059752487915e-09
31400.04800076804 2.6980584427790057e-09
31450.04800076804 4.291327484713947e-09
31500.04800076804 2.019957696136631e-09
31550.04800076804 2.5859034725158825e-09
31600.04800076804 1.6668028776956732e-09
31650.04800076804 1.5924126567250593e-09
31700.04800076804 2.043121237803863e-09
31750.04800076804 7.660890174891585e-10
31800.04800076804 1.940553175711075e-09
31850.04800076804 6.694114026977953e-10
31900.04800076804 1.2669923542695251e-09
31950.04800076804 7.759338259930107e-10
32000.04800076804 8.190268949479867e-10
32050.04800076804 6.718138271650653e-10
32100.04800076804 5.463046166085252e-10
32150.04800076804 7.734190763467696e-10
32200.04800076804 4.2524666663584694e-10
32250.04800076804 1.181232285756445e-09
32300.04800076804 3.43525860037437e-10
32350.04800076804 1.2110598466908992e-09
32400.04800076804 3.6793084192334367e-10
32450.04800076804 8.105810471885878e-10
32500.04800076804 4.872589046846868e-10
32550.04800076804 8.631196480335736e-10
32600.04800076804 5.565457829211879e-10
32650.04800076804 1.4528022078907847e-09
32700.04800076804 8.062110540587292e-10
32750.04800076804 2.2723993234525042e-09
32800.04800076804 1.5030873259591937e-09
32850.04800076804 3.249865058170608e-09
32900.04800076804 2.8417634130820923e-09
32950.04800076804 3.472288402022227e-09
33000.04800076804 1.8451059282051005e-09
33050.04800076804 2.1059069189576723e-09
33100.04800076804 7.12351347270493e-10
33150.04800076804 4.547194626400326e-12
33200.04800076804 3.3582376098767327e-11
33250.04800076804 3.464409633750522e-11
33300.04800076804 1.0672058080060867e-10
33350.04800076804 3.7411100006114423e-10
33400.04800076804 8.764095358059333e-10
33450.04800076804 7.31186692570863e-10
33500.04800076804 2.017974147277267e-09
33550.04800076804 1.0443467507239272e-09
33600.04800076804 1.5802645108649277e-09
33650.04800076804 1.329614054118638e-09
33700.04800076804 9.174484756791122e-10
33750.04800076804 2.052365109951645e-09
33800.04800076804 5.206526084500651e-10
33850.04800076804 1.2723315279588186e-09
33900.04800076804 1.3824086323313995e-09
33950.04800076804 1.2560026547322865e-09
34000.04800076804 2.143922006927808e-09
34050.04800076804 5.019280416320433e-10
34100.04800076804 1.780830948418949e-09
34150.04800076804 9.133130783027116e-10
34200.04800076804 1.6461692659336704e-09
34250.04800076804 1.2213227055937712e-09
34300.04800076804 1.148263667916889e-09
34350.04800076804 2.246889263178959e-09
34400.04800076804 1.0094771525404357e-09
34450.04800076804 2.2788657203276065e-09
34500.04800076804 1.132619654025254e-09
34550.04800076804 8.905908046409515e-10
34600.04800076804 2.9455259961796517e-09
34650.04800076804 7.931223218410045e-10
34700.04800076804 1.5303496078457145e-09
34750.04800076804 1.3853434467808084e-09
34800.04800076804 1.149178711315724e-09
34850.04800076804 2.574539921008175e-09
34900.04800076804 1.596395192257874e-09
34950.04800076804 1.8655788489279294e-09
35000.04800076804 3.948973677210217e-09
35050.04800076804 2.136571397305058e-09
35100.04800076804 4.213588289784357e-09
35150.04800076804 3.5332336595456694e-09
35200.04800076804 4.042017741915683e-09
35250.04800076804 4.767110333819709e-09
35300.04800076804 2.820494976031206e-09
35350.04800076804 4.6198225943595934e-09
35400.04800076804 3.7144016909628058e-09
35450.04800076804 2.9769241993841282e-09
35500.04800076804 9.197540607380678e-09
35550.04800076804 4.992025272202943e-09
35600.04800076804 6.146129932204809e-09
35650.04800076804 6.371360077534787e-09
35700.04800076804 4.527974405312056e-09
35750.04800076804 1.0285447900560499e-08
35800.04800076804 6.326872774916249e-09
35850.04800076804 3.6446356009796103e-09
35900.04800076804 6.484512476491182e-09
35950.04800076804 7.029193921078835e-09
36000.04800076804 3.5007518273440372e-09
36050.04800076804 5.731340220776426e-09
36100.04800076804 5.199533035597505e-09
36150.04800076804 9.213720611213142e-09
36200.04800076804 7.753634428250892e-09
36250.04800076804 8.443329416751627e-09
36300.04800076804 1.1549774309172584e-08
36350.04800076804 8.480313197376303e-09
36400.04800076804 1.4704973232717398e-08
36450.04800076804 1.2466820802553411e-08
36500.04800076804 1.3030983472708095e-08
36550.04800076804 1.8760163491570836e-08
36600.04800076804 2.1203870950542816e-08
36650.04800076804 2.0478869902201324e-08
36700.04800076804 2.0080672938083693e-08
36750.04800076804 2.3541199649794827e-08
36800.04800076804 2.100339784534374e-08
36850.04800076804 1.3432164317689559e-08
36900.04800076804 2.049875500339717e-08
36950.04800076804 2.158214942847889e-08
37000.04800076804 1.7493080114715494e-08
37050.04800076804 2.5902883595240472e-08
37100.04800076804 2.1460053372854327e-08
37150.04800076804 2.1927878799786433e-08
37200.04800076804 2.253944970190644e-08
37250.04800076804 1.877886665372939e-08
37300.04800076804 1.852775020626884e-08
37350.04800076804 2.536758609433389e-08
37400.04800076804 3.3509510831915774e-08
37450.04800076804 1.86561177343947e-08
37500.04800076804 2.2695771781505363e-08
37550.04800076804 4.2752714359875706e-08
37600.04800076804 4.763464735316885e-08
37650.04800076804 2.646188526587423e-08
37700.04800076804 3.5551234404662824e-08
37750.04800076804 2.2654371959967464e-08
37800.04800076804 2.7076859743427748e-08
37850.04800076804 1.796868265986787e-08
37900.04800076804 2.373363771741104e-08
37950.04800076804 3.53478347469323e-08
38000.04800076804 4.002539902271469e-08
38050.04800076804 4.1907259139839454e-08
38100.04800076804 4.642656898070049e-08
38150.04800076804 4.846710368482696e-08
38200.04800076804 4.791920787141423e-08
38250.04800076804 4.6164315789706366e-08
38300.04800076804 7.547763195904817e-08
38350.04800076804 6.788695830422681e-08
38400.04800076804 3.553263653561425e-08
38450.04800076804 2.938790993221616e-08
38500.04800076804 1.6127824653624343e-08
38550.04800076804 3.28235371977188e-08
38600.04800076804 3.966386875327793e-08
38650.04800076804 5.30331806050699e-08
38700.04800076804 4.735728378427594e-08
38750.04800076804 5.491911533957608e-08
38800.04800076804 3.800887127743797e-08
38850.04800076804 6.10490739590401e-08
38900.04800076804 6.257711759995224e-08
38950.04800076804 4.236663954281458e-08
39000.04800076804 7.116701082239655e-08
39050.04800076804 4.992647840963667e-08
39100.04800076804 6.520800266658018e-08
39150.04800076804 6.00800919187908e-08
39200.04800076804 4.772580713472711e-08
39250.04800076804 7.105045228064457e-08
39300.04800076804 6.238418343414699e-08
39350.04800076804 9.866436604770683e-08
39400.04800076804 7.172156269223958e-08
39450.04800076804 7.586323851930899e-08
39500.04800076804 8.055431800422407e-08
39550.04800076804 6.640658535018737e-08
39600.04800076804 8.291444222564656e-08
39650.04800076804 1.1300715539587146e-07
39700.04800076804 7.673948735571251e-08
39750.04800076804 4.924658288195817e-08
39800.04800076804 7.353769685580309e-08
39850.04800076804 1.0299696320680017e-07
39900.04800076804 1.0660357171142264e-07
39950.04800076804 8.312393983688576e-08
40000.04800076804 1.1831273251016047e-07
40050.04800076804 1.1151568043460159e-07
40100.04800076804 5.6276364851092006e-08
40150.04800076804 1.1537270054700882e-07
40200.04800076804 1.2075095890525558e-07
40250.04800076804 1.1854340458566121e-07
40300.04800076804 1.2867779344659577e-07
40350.04800076804 8.051854558982125e-08
40400.04800076804 1.2289349698183968e-07
40450.04800076804 8.611858304209436e-08
40500.04800076804 1.40548838048856e-07
40550.04800076804 1.3381463214514968e-07
40600.04800076804 1.1768537328621474e-07
40650.04800076804 1.095239703743998e-07
40700.04800076804 1.8582135105685106e-07
40750.04800076804 1.3913002279959045e-07
40800.04800076804 9.214150714942915e-08
40850.04800076804 1.9151596656200386e-07
40900.04800076804 1.5483836716492902e-07
40950.04800076804 1.1076395321988823e-07
41000.04800076804 1.436586681112111e-07
41050.04800076804 1.8880689988549683e-07
41100.04800076804 1.4271134242338998e-07
41150.04800076804 8.053281294395724e-08
41200.04800076804 1.915012248161053e-07
41250.04800076804 1.5653123290650497e-07
41300.04800076804 1.465200991455243e-07
41350.04800076804 2.0385178935661704e-07
41400.04800076804 1.6865872498595988e-07
41450.04800076804 1.8464933775470504e-07
41500.04800076804 1.302320762180883e-07
41550.04800076804 1.230073952151738e-07
41600.04800076804 1.6685186573628077e-07
41650.04800076804 1.7341113378906394e-07
41700.04800076804 1.6895426704580742e-07
41750.04800076804 1.4434341660499147e-07
41800.04800076804 2.1876308703477481e-07
41850.04800076804 1.2880512317880618e-07
41900.04800076804 1.2860245865814153e-07
41950.04800076804 1.6522723423048571e-07
42000.04800076804 1.818832282038656e-07
42050.04800076804 1.6125343311072775e-07
42100.04800076804 2.0063391251704923e-07
42150.04800076804 1.4977150974469738e-07
42200.04800076804 1.5802725191996235e-07
42250.04800076804 1.308896932646062e-07
42300.04800076804 1.3727375850710117e-07
42350.04800076804 1.729046076346716e-07
42400.04800076804 1.7824943140923708e-07
42450.04800076804 1.68019270282745e-07
42500.04800076804 1.529192237637941e-07
42550.04800076804 1.5159607823246628e-07
42600.04800076804 1.4772523064276565e-07
42650.04800076804 2.3028476747971544e-07
42700.04800076804 1.1432866539969104e-07
42750.04800076804 1.395455915141215e-07
42800.04800076804 1.531286528332778e-07
42850.04800076804 1.7428036738848597e-07
42900.04800076804 1.994106429006993e-07
42950.04800076804 1.428956429460248e-07
43000.04800076804 1.9080221731584676e-07
43050.04800076804 8.679360201098565e-08
43100.04800076804 1.3220101537672996e-07
43150.04800076804 1.4592274149045372e-07
43200.04800076804 1.735272547135132e-07
43250.04800076804 2.3686080348560176e-07
43300.04800076804 2.2761385534174065e-07
43350.04800076804 1.2175021294026162e-07
43400.04800076804 1.658812733220457e-07
43450.04800076804 1.1002055387330307e-07
43500.04800076804 1.286597034661619e-07
43550.04800076804 1.3751721806406597e-07
43600.04800076804 1.8291080973018963e-07
