galfind/configs/Brown_Dwarf_templates/sonora_cholla/logkzz2/178g/700K_178g_logkzz2_resample.dat
# %ECSV 1.0
# ---
# datatype:
# - {name: wav, unit: Angstrom, datatype: float64}
# - {name: flux_nu, unit: erg / (cm2 Hz s), datatype: float64}
# schema: astropy-2.0
wav flux_nu
3000.0480007680403 nan
3050.0480007680403 0.0
3100.0480007680403 0.0
3150.0480007680403 0.0
3200.0480007680403 0.0
3250.0480007680403 0.0
3300.0480007680403 0.0
3350.0480007680403 0.0
3400.0480007680403 0.0
3450.0480007680403 0.0
3500.0480007680403 0.0
3550.0480007680403 0.0
3600.0480007680403 0.0
3650.0480007680403 0.0
3700.0480007680403 0.0
3750.0480007680403 0.0
3800.0480007680403 0.0
3850.0480007680403 0.0
3900.0480007680403 0.0
3950.0480007680403 0.0
4000.0480007680403 0.0
4050.0480007680403 0.0
4100.04800076804 0.0
4150.04800076804 0.0
4200.04800076804 0.0
4250.04800076804 0.0
4300.04800076804 0.0
4350.04800076804 0.0
4400.04800076804 0.0
4450.04800076804 0.0
4500.04800076804 0.0
4550.04800076804 0.0
4600.04800076804 0.0
4650.04800076804 0.0
4700.04800076804 0.0
4750.04800076804 0.0
4800.04800076804 0.0
4850.04800076804 0.0
4900.04800076804 0.0
4950.04800076804 0.0
5000.04800076804 2.992958512822144e-12
5050.04800076804 7.647872202924333e-12
5100.04800076804 8.308302566149765e-12
5150.04800076804 9.074229606351457e-12
5200.04800076804 9.92018251209029e-12
5250.04800076804 1.0788754889984388e-11
5300.04800076804 1.1655678742884626e-11
5350.04800076804 1.2593943597304749e-11
5400.04800076804 1.3614535280359455e-11
5450.04800076804 1.4835196798742844e-11
5500.04800076804 1.6236822340394985e-11
5550.04800076804 1.784248971161681e-11
5600.04800076804 1.9627102964784132e-11
5650.04800076804 2.1583004989666e-11
5700.04800076804 2.3480640995537814e-11
5750.04800076804 2.5573517614186283e-11
5800.04800076804 2.718968153076002e-11
5850.04800076804 2.723605939947026e-11
5900.04800076804 1.286591918564783e-11
5950.04800076804 2.055624790694357e-11
6000.04800076804 4.318142591937425e-11
6050.04800076804 5.716461714281978e-11
6100.04800076804 7.229794033217208e-11
6150.04800076804 9.03363895181204e-11
6200.04800076804 1.1281287101136729e-10
6250.04800076804 1.404997257031678e-10
6300.04800076804 1.7488516728985237e-10
6350.04800076804 2.1584837383370404e-10
6400.04800076804 2.593498006030713e-10
6450.04800076804 2.961299429886122e-10
6500.04800076804 3.4740456855771584e-10
6550.04800076804 4.083781528731546e-10
6600.04800076804 4.725378651733228e-10
6650.04800076804 5.441085393842148e-10
6700.04800076804 6.278203672324806e-10
6750.04800076804 7.13410954471981e-10
6800.04800076804 8.021707356630908e-10
6850.04800076804 8.961850793906253e-10
6900.04800076804 9.115133316493976e-10
6950.04800076804 9.066756744360402e-10
7000.04800076804 1.01570289910378e-09
7050.04800076804 1.043456828376807e-09
7100.04800076804 1.1118854310587057e-09
7150.04800076804 9.691984096831295e-10
7200.04800076804 9.306808304983864e-10
7250.04800076804 1.0612167592574398e-09
7300.04800076804 1.1077192715899834e-09
7350.04800076804 1.2330638606795654e-09
7400.04800076804 1.3553218798272391e-09
7450.04800076804 1.517775830039011e-09
7500.04800076804 1.6216062247130818e-09
7550.04800076804 1.7020661319428043e-09
7600.04800076804 1.7402292123762553e-09
7650.04800076804 1.7229768643227765e-09
7700.04800076804 1.240617738520758e-09
7750.04800076804 8.274535312138491e-10
7800.04800076804 1.8443840115776254e-09
7850.04800076804 2.298879465493787e-09
7900.04800076804 2.7907875636357627e-09
7950.04800076804 3.2707023096016948e-09
8000.04800076804 3.6133727043144896e-09
8050.04800076804 3.882398505156427e-09
8100.04800076804 3.2829081914433315e-09
8150.04800076804 3.1488124713311376e-09
8200.04800076804 4.119420193094049e-09
8250.04800076804 4.127367516940653e-09
8300.04800076804 4.557438477016942e-09
8350.04800076804 4.59484430284125e-09
8400.04800076804 4.885554818791733e-09
8450.04800076804 5.610962020779957e-09
8500.04800076804 6.280411417707331e-09
8550.04800076804 7.038870956710687e-09
8600.04800076804 7.84493548711466e-09
8650.04800076804 8.448504110533077e-09
8700.04800076804 8.673060937456865e-09
8750.04800076804 9.241869219326602e-09
8800.04800076804 9.319020401447907e-09
8850.04800076804 8.060756487418246e-09
8900.04800076804 3.836401368195826e-09
8950.04800076804 3.941489578106045e-09
9000.04800076804 3.371646139260768e-09
9050.04800076804 6.85180870193638e-09
9100.04800076804 7.524843961939327e-09
9150.04800076804 7.221741531247286e-09
9200.04800076804 9.080129068338414e-09
9250.04800076804 7.685238765023282e-09
9300.04800076804 1.3683930201178568e-09
9350.04800076804 1.7451219336404123e-09
9400.04800076804 3.5059641233841104e-09
9450.04800076804 3.857435956999392e-09
9500.04800076804 3.282097414119264e-09
9550.04800076804 3.652565661485958e-09
9600.04800076804 3.4194719857287656e-09
9650.04800076804 4.449909062883723e-09
9700.04800076804 6.711011551662231e-09
9750.04800076804 6.6638426102501455e-09
9800.04800076804 7.904750118537283e-09
9850.04800076804 9.106448224530431e-09
9900.04800076804 1.1720222442034586e-08
9950.04800076804 1.218248090258978e-08
10000.04800076804 1.535978423656235e-08
10050.04800076804 1.6754966273546355e-08
10100.04800076804 2.0549810966360624e-08
10150.04800076804 2.3729964516740423e-08
10200.04800076804 2.7675942713583995e-08
10250.04800076804 3.1570719323597574e-08
10300.04800076804 3.614546045459538e-08
10350.04800076804 4.1114423506736103e-08
10400.04800076804 4.863584884226877e-08
10450.04800076804 5.342238828594332e-08
10500.04800076804 5.760137179596886e-08
10550.04800076804 6.219191009778983e-08
10600.04800076804 6.380847585261581e-08
10650.04800076804 6.63254893343505e-08
10700.04800076804 6.578458712457768e-08
10750.04800076804 6.678063184284441e-08
10800.04800076804 6.361372496846442e-08
10850.04800076804 5.839210994746949e-08
10900.04800076804 4.13782904429331e-08
10950.04800076804 2.0178991358603057e-08
11000.04800076804 1.2949046761326766e-08
11050.04800076804 7.63182511443357e-09
11100.04800076804 4.6895535611250764e-09
11150.04800076804 2.331568565012008e-09
11200.04800076804 1.9308360173718544e-09
11250.04800076804 2.450191425413025e-09
11300.04800076804 3.059108027621381e-09
11350.04800076804 1.1158222600847805e-09
11400.04800076804 3.2339996299328367e-09
11450.04800076804 2.2256390577139744e-09
11500.04800076804 1.865657677550035e-09
11550.04800076804 6.271229371795676e-10
11600.04800076804 5.682299694105754e-10
11650.04800076804 1.3693614292060614e-09
11700.04800076804 1.670539167222867e-09
11750.04800076804 4.5958043305649045e-10
11800.04800076804 2.2502535498691368e-09
11850.04800076804 4.105977738088179e-09
11900.04800076804 5.07421238370158e-09
11950.04800076804 8.40275326171783e-09
12000.04800076804 1.3121215659740603e-08
12050.04800076804 1.9557284723887832e-08
12100.04800076804 2.7700885625369898e-08
12150.04800076804 3.701642747914789e-08
12200.04800076804 4.60254409455586e-08
12250.04800076804 5.919704793305684e-08
12300.04800076804 7.404714869898694e-08
12350.04800076804 7.823708340761498e-08
12400.04800076804 9.965053291847889e-08
12450.04800076804 1.19737657433836e-07
12500.04800076804 1.3152914650275218e-07
12550.04800076804 1.4249042875056992e-07
12600.04800076804 1.4206105857496937e-07
12650.04800076804 1.3712132277135593e-07
12700.04800076804 1.3423180932849513e-07
12750.04800076804 1.199218457426528e-07
12800.04800076804 1.1197115177685354e-07
12850.04800076804 8.406204179458328e-08
12900.04800076804 6.712453999628445e-08
12950.04800076804 5.90268995174355e-08
13000.04800076804 5.8598538153621554e-08
13050.04800076804 4.4709075436928394e-08
13100.04800076804 3.926637893264163e-08
13150.04800076804 2.8074906049264824e-08
13200.04800076804 2.544555202387238e-08
13250.04800076804 1.7279755718149057e-08
13300.04800076804 7.0475258092412865e-09
13350.04800076804 2.0902010121630478e-09
13400.04800076804 9.552858582658844e-10
13450.04800076804 3.7042723290652836e-10
13500.04800076804 1.5714720933526445e-10
13550.04800076804 8.759386505410218e-11
13600.04800076804 2.656679093490682e-11
13650.04800076804 1.514870605040033e-10
13700.04800076804 9.469431095137028e-11
13750.04800076804 1.6193323355353577e-10
13800.04800076804 1.6972350906396948e-10
13850.04800076804 1.002362625755096e-10
13900.04800076804 1.2242877044347514e-10
13950.04800076804 1.0701026253527435e-10
14000.04800076804 1.1092727877965414e-10
14050.04800076804 1.8217956016404888e-10
14100.04800076804 1.668734958323298e-10
14150.04800076804 3.0219844935055907e-10
14200.04800076804 1.917577042044158e-10
14250.04800076804 2.4980876085057317e-10
14300.04800076804 6.105823062242353e-10
14350.04800076804 5.573313928668934e-10
14400.04800076804 6.295068924976316e-10
14450.04800076804 8.59861324353182e-10
14500.04800076804 1.9309311582439765e-09
14550.04800076804 2.0702727590371845e-09
14600.04800076804 3.262145624176164e-09
14650.04800076804 3.2521422871765132e-09
14700.04800076804 1.9779225960568666e-09
14750.04800076804 2.9857516787149137e-09
14800.04800076804 3.9831797256615615e-09
14850.04800076804 4.0250716939406424e-09
14900.04800076804 4.869681610680669e-09
14950.04800076804 6.227275935749642e-09
15000.04800076804 8.105756349989559e-09
15050.04800076804 8.94280422785855e-09
15100.04800076804 1.0881671665606885e-08
15150.04800076804 1.1048437262884918e-08
15200.04800076804 1.1951216636841169e-08
15250.04800076804 1.755857803353217e-08
15300.04800076804 2.1383790805532096e-08
15350.04800076804 2.7393606337380006e-08
15400.04800076804 3.1658873457827345e-08
15450.04800076804 3.674751172836043e-08
15500.04800076804 4.016989833891328e-08
15550.04800076804 4.987635533101016e-08
15600.04800076804 5.747124082256438e-08
15650.04800076804 6.225360929046869e-08
15700.04800076804 7.209438111818298e-08
15750.04800076804 7.720134216047485e-08
15800.04800076804 7.608433691576277e-08
15850.04800076804 7.854947090558926e-08
15900.04800076804 7.144209747643046e-08
15950.04800076804 6.067693317671185e-08
16000.04800076804 4.600576269590463e-08
16050.04800076804 2.8696995335706306e-08
16100.04800076804 1.9139879421133114e-08
16150.04800076804 1.078058556962914e-08
16200.04800076804 6.0972728229664936e-09
16250.04800076804 5.222073947974343e-09
16300.04800076804 3.4634009428368853e-09
16350.04800076804 4.117322671057013e-09
16400.04800076804 4.868603474975673e-09
16450.04800076804 5.051269491678786e-09
16500.04800076804 5.246887406431577e-09
16550.04800076804 4.936984616944763e-09
16600.04800076804 5.9430963205556805e-09
16650.04800076804 4.2549567379792394e-09
16700.04800076804 8.504346171075849e-10
16750.04800076804 2.3130948644615327e-09
16800.04800076804 3.972760813943339e-09
16850.04800076804 4.22088323078374e-09
16900.04800076804 2.6418356256552978e-09
16950.04800076804 2.0275410383333517e-09
17000.04800076804 1.2829222036388643e-09
17050.04800076804 2.0172600308779294e-09
17100.04800076804 2.997669494570782e-09
17150.04800076804 1.7291224299888595e-09
17200.04800076804 4.667429739631653e-09
17250.04800076804 2.991258977069662e-09
17300.04800076804 1.9449960994995448e-09
17350.04800076804 2.226198640423759e-09
17400.04800076804 2.8380041734720183e-09
17450.04800076804 3.732258631402867e-09
17500.04800076804 4.931922547424436e-09
17550.04800076804 4.120080803639527e-09
17600.04800076804 2.9568566180889455e-09
17650.04800076804 2.7074645600661237e-09
17700.04800076804 2.14502020699764e-09
17750.04800076804 1.946797031632709e-09
17800.04800076804 3.236201587272139e-09
17850.04800076804 1.929151424785204e-09
17900.04800076804 1.7604473330156105e-09
17950.04800076804 1.089100494916116e-09
18000.04800076804 1.6081244098016285e-09
18050.04800076804 1.5671394949231342e-09
18100.04800076804 1.40592281588428e-09
18150.04800076804 1.921930754902754e-09
18200.04800076804 1.0287037514379908e-09
18250.04800076804 3.1714610869448703e-09
18300.04800076804 1.1869047744489854e-09
18350.04800076804 9.36747335782643e-10
18400.04800076804 7.103984085507169e-10
18450.04800076804 1.8847566396667636e-09
18500.04800076804 1.9930992054586896e-09
18550.04800076804 1.2970493065682905e-09
18600.04800076804 1.470493736590225e-09
18650.04800076804 9.9033499281488e-10
18700.04800076804 5.756305115891131e-10
18750.04800076804 1.0671295066129854e-09
18800.04800076804 3.878570025906932e-09
18850.04800076804 3.640812298365158e-09
18900.04800076804 3.2574189116551744e-09
18950.04800076804 6.444593826042448e-09
19000.04800076804 2.687594247967194e-09
19050.04800076804 1.712438994946598e-09
19100.04800076804 4.151842013559068e-09
19150.04800076804 2.2184816480406065e-09
19200.04800076804 3.684794465532721e-09
19250.04800076804 2.7113577577708037e-09
19300.04800076804 1.898807275643616e-09
19350.04800076804 2.151147352991785e-09
19400.04800076804 1.4015614851579232e-09
19450.04800076804 3.076278004563217e-09
19500.04800076804 2.535401623111172e-09
19550.04800076804 2.2658822142830893e-09
19600.04800076804 3.5120810165107323e-09
19650.04800076804 4.037688092361622e-09
19700.04800076804 4.4365744681590806e-09
19750.04800076804 5.7796655407370044e-09
19800.04800076804 6.2479472798566934e-09
19850.04800076804 8.221544794014167e-09
19900.04800076804 6.965994375735078e-09
19950.04800076804 1.0667838226479054e-08
20000.04800076804 1.0757238158619979e-08
20050.04800076804 1.0741133544853425e-08
20100.04800076804 1.3573713037429604e-08
20150.04800076804 1.098794741190722e-08
20200.04800076804 1.2385196610145274e-08
20250.04800076804 1.5908743251309796e-08
20300.04800076804 1.488206048736755e-08
20350.04800076804 1.7389091130685716e-08
20400.04800076804 1.587829039155827e-08
20450.04800076804 2.0675864274262547e-08
20500.04800076804 2.0995716883096904e-08
20550.04800076804 2.1020286342995124e-08
20600.04800076804 2.294826070733174e-08
20650.04800076804 2.2553975242895535e-08
20700.04800076804 2.2341493778568366e-08
20750.04800076804 2.4134647291965647e-08
20800.04800076804 2.2692230131774215e-08
20850.04800076804 2.3367892375580305e-08
20900.04800076804 2.374754056000623e-08
20950.04800076804 2.1958466069617717e-08
21000.04800076804 2.206544164772425e-08
21050.04800076804 2.0696684701169664e-08
21100.04800076804 1.9725418078783772e-08
21150.04800076804 1.9535332556555236e-08
21200.04800076804 1.8186031503673175e-08
21250.04800076804 1.7122454003849287e-08
21300.04800076804 1.4628722816703763e-08
21350.04800076804 1.4652888477974096e-08
21400.04800076804 1.3548925166190561e-08
21450.04800076804 1.1445820083967998e-08
21500.04800076804 1.1676787219668748e-08
21550.04800076804 1.0772034628774387e-08
21600.04800076804 9.395550810923229e-09
21650.04800076804 7.974119575583257e-09
21700.04800076804 8.271954546624821e-09
21750.04800076804 8.343607842597921e-09
21800.04800076804 6.9821173548066095e-09
21850.04800076804 5.99805158946146e-09
21900.04800076804 4.8489500088757595e-09
21950.04800076804 1.7890192014303149e-09
22000.04800076804 5.146403771692882e-10
22050.04800076804 5.969638439251915e-10
22100.04800076804 1.5795641415725313e-09
22150.04800076804 1.7724574668312274e-09
22200.04800076804 1.5369467019833702e-09
22250.04800076804 1.5033415999603987e-09
22300.04800076804 9.130445043376292e-10
22350.04800076804 1.0317477574421847e-09
22400.04800076804 5.782643891986486e-10
22450.04800076804 5.798498451363616e-10
22500.04800076804 6.18461892181289e-10
22550.04800076804 2.851234036334673e-10
22600.04800076804 4.3016652558325276e-10
22650.04800076804 6.894367501329145e-10
22700.04800076804 3.829460044156772e-10
22750.04800076804 4.2905494526221815e-10
22800.04800076804 4.507846849630988e-10
22850.04800076804 3.94489129139777e-10
22900.04800076804 2.281223881268313e-10
22950.04800076804 2.0296639309105442e-10
23000.04800076804 3.455635219744721e-10
23050.04800076804 4.07789079259553e-10
23100.04800076804 1.237014423499415e-09
23150.04800076804 1.3850117448655467e-09
23200.04800076804 1.4629016306033622e-10
23250.04800076804 2.0775702203152301e-10
23300.04800076804 2.9482245008545606e-10
23350.04800076804 2.156960554536073e-10
23400.04800076804 3.8057442566498334e-10
23450.04800076804 2.387733405410555e-10
23500.04800076804 2.3288818941682563e-10
23550.04800076804 4.076211805654101e-10
23600.04800076804 5.185747806516675e-10
23650.04800076804 7.72892924182791e-10
23700.04800076804 2.3952405227853715e-10
23750.04800076804 1.670382637748955e-10
