galfind/configs/Brown_Dwarf_templates/sonora_cholla/logkzz2/178g/750K_178g_logkzz2_resample.dat
# %ECSV 1.0
# ---
# datatype:
# - {name: wav, unit: Angstrom, datatype: float64}
# - {name: flux_nu, unit: erg / (cm2 Hz s), datatype: float64}
# schema: astropy-2.0
wav flux_nu
3000.0480007680403 nan
3050.0480007680403 0.0
3100.0480007680403 0.0
3150.0480007680403 0.0
3200.0480007680403 0.0
3250.0480007680403 0.0
3300.0480007680403 0.0
3350.0480007680403 0.0
3400.0480007680403 0.0
3450.0480007680403 0.0
3500.0480007680403 0.0
3550.0480007680403 0.0
3600.0480007680403 0.0
3650.0480007680403 0.0
3700.0480007680403 0.0
3750.0480007680403 0.0
3800.0480007680403 0.0
3850.0480007680403 0.0
3900.0480007680403 0.0
3950.0480007680403 0.0
4000.0480007680403 0.0
4050.0480007680403 0.0
4100.04800076804 0.0
4150.04800076804 0.0
4200.04800076804 0.0
4250.04800076804 0.0
4300.04800076804 0.0
4350.04800076804 0.0
4400.04800076804 0.0
4450.04800076804 0.0
4500.04800076804 0.0
4550.04800076804 0.0
4600.04800076804 0.0
4650.04800076804 0.0
4700.04800076804 0.0
4750.04800076804 0.0
4800.04800076804 0.0
4850.04800076804 0.0
4900.04800076804 0.0
4950.04800076804 0.0
5000.04800076804 2.516512872671967e-12
5050.04800076804 6.974345858171311e-12
5100.04800076804 8.229918787396608e-12
5150.04800076804 9.702491450187954e-12
5200.04800076804 1.139538992260098e-11
5250.04800076804 1.3289450913321753e-11
5300.04800076804 1.5387308488423044e-11
5350.04800076804 1.770745362001077e-11
5400.04800076804 2.0190184411385298e-11
5450.04800076804 2.2933440326156075e-11
5500.04800076804 2.588030197033772e-11
5550.04800076804 2.8966317215330883e-11
5600.04800076804 3.2027510982698215e-11
5650.04800076804 3.486053310472378e-11
5700.04800076804 3.6811736182534987e-11
5750.04800076804 3.806404121977972e-11
5800.04800076804 3.724027605228957e-11
5850.04800076804 3.358389820700331e-11
5900.04800076804 1.573401604008839e-11
5950.04800076804 2.4908962777131746e-11
6000.04800076804 5.610012761539378e-11
6050.04800076804 8.359645430843791e-11
6100.04800076804 1.1169800137712286e-10
6150.04800076804 1.395022616837298e-10
6200.04800076804 1.6731777826301437e-10
6250.04800076804 1.9514329206119368e-10
6300.04800076804 2.2517406074756063e-10
6350.04800076804 2.5697608115322557e-10
6400.04800076804 2.899192826879305e-10
6450.04800076804 3.1794049757467625e-10
6500.04800076804 3.5611130361023534e-10
6550.04800076804 4.0022569128556255e-10
6600.04800076804 4.4793009872734846e-10
6650.04800076804 5.008303003657942e-10
6700.04800076804 5.59864382494569e-10
6750.04800076804 6.218417173160977e-10
6800.04800076804 6.874371160171167e-10
6850.04800076804 7.576814586459874e-10
6900.04800076804 8.022983962826674e-10
6950.04800076804 8.400252175309087e-10
7000.04800076804 9.38655281480673e-10
7050.04800076804 9.991328017204857e-10
7100.04800076804 1.0805592169205049e-09
7150.04800076804 1.0172862201390512e-09
7200.04800076804 1.0348555097266302e-09
7250.04800076804 1.1616499431186342e-09
7300.04800076804 1.2396883732000666e-09
7350.04800076804 1.3861977410364442e-09
7400.04800076804 1.537535063094217e-09
7450.04800076804 1.7354573128282707e-09
7500.04800076804 1.9007799594438773e-09
7550.04800076804 2.0645504175056874e-09
7600.04800076804 2.2149471518212726e-09
7650.04800076804 2.3213614089912613e-09
7700.04800076804 1.6701017711304768e-09
7750.04800076804 9.94086442323684e-10
7800.04800076804 2.578536970470385e-09
7850.04800076804 3.041023234687103e-09
7900.04800076804 3.3897286821982754e-09
7950.04800076804 3.7053125089847476e-09
8000.04800076804 3.925158462440488e-09
8050.04800076804 4.131167472367755e-09
8100.04800076804 3.735991364796594e-09
8150.04800076804 3.6337224832357134e-09
8200.04800076804 4.45258262300225e-09
8250.04800076804 4.485911728397938e-09
8300.04800076804 4.887096923031594e-09
8350.04800076804 4.992717086121865e-09
8400.04800076804 5.298790940739708e-09
8450.04800076804 5.927853062808682e-09
8500.04800076804 6.519141926244927e-09
8550.04800076804 7.1493035760678286e-09
8600.04800076804 7.793468135543193e-09
8650.04800076804 8.334192825838504e-09
8700.04800076804 8.631732673622363e-09
8750.04800076804 9.154069976784577e-09
8800.04800076804 9.378744040084714e-09
8850.04800076804 8.61981790035019e-09
8900.04800076804 4.993525775462074e-09
8950.04800076804 5.254297466538247e-09
9000.04800076804 4.5908334655098915e-09
9050.04800076804 8.13348075073073e-09
9100.04800076804 8.80332119915225e-09
9150.04800076804 8.698933498200615e-09
9200.04800076804 1.0560385845738028e-08
9250.04800076804 9.53524192326362e-09
9300.04800076804 2.54806030630123e-09
9350.04800076804 3.09887501715921e-09
9400.04800076804 5.43000049356151e-09
9450.04800076804 6.028667102650183e-09
9500.04800076804 5.3490715076939585e-09
9550.04800076804 5.993096685063085e-09
9600.04800076804 5.713135896843234e-09
9650.04800076804 7.067056298006431e-09
9700.04800076804 9.93723087593056e-09
9750.04800076804 9.990924067493824e-09
9800.04800076804 1.1729865886401536e-08
9850.04800076804 1.3403573814689825e-08
9900.04800076804 1.660301550610325e-08
9950.04800076804 1.7391882157910112e-08
10000.04800076804 2.1220086874865085e-08
10050.04800076804 2.3233579438292682e-08
10100.04800076804 2.7930328466287347e-08
10150.04800076804 3.1886467899609545e-08
10200.04800076804 3.68561858878585e-08
10250.04800076804 4.159142122893813e-08
10300.04800076804 4.689497749070562e-08
10350.04800076804 5.34431975139519e-08
10400.04800076804 6.258795625797463e-08
10450.04800076804 6.84139528383905e-08
10500.04800076804 7.347058660694138e-08
10550.04800076804 7.913235688083011e-08
10600.04800076804 8.246953565221532e-08
10650.04800076804 8.712268242187559e-08
10700.04800076804 8.891259059211244e-08
10750.04800076804 9.188222591131102e-08
10800.04800076804 9.009174422421032e-08
10850.04800076804 8.600061680762585e-08
10900.04800076804 6.378162349870271e-08
10950.04800076804 3.3533831918862966e-08
11000.04800076804 2.3010882399483997e-08
11050.04800076804 1.4502286356825348e-08
11100.04800076804 9.524962630431284e-09
11150.04800076804 5.125027734239607e-09
11200.04800076804 4.430778922054351e-09
11250.04800076804 5.541448510866255e-09
11300.04800076804 6.605756472278789e-09
11350.04800076804 2.6052984680020843e-09
11400.04800076804 6.798430326638021e-09
11450.04800076804 4.78280419935353e-09
11500.04800076804 4.079835855693014e-09
11550.04800076804 1.5230221495000314e-09
11600.04800076804 1.4809442975385357e-09
11650.04800076804 3.151679905900356e-09
11700.04800076804 3.790863291452021e-09
11750.04800076804 1.1282434042134728e-09
11800.04800076804 4.905243237053945e-09
11850.04800076804 8.755935850318181e-09
11900.04800076804 1.072255973468332e-08
11950.04800076804 1.706424622079541e-08
12000.04800076804 2.5777215745574215e-08
12050.04800076804 3.7028370753385016e-08
12100.04800076804 5.067189999094755e-08
12150.04800076804 6.561622353354419e-08
12200.04800076804 8.079538706637378e-08
12250.04800076804 1.0152885894463308e-07
12300.04800076804 1.236274075998392e-07
12350.04800076804 1.3073052606630564e-07
12400.04800076804 1.6171976282482322e-07
12450.04800076804 1.9160092861424045e-07
12500.04800076804 2.088366166859544e-07
12550.04800076804 2.2427894494224575e-07
12600.04800076804 2.2047469748136007e-07
12650.04800076804 2.1202168104957125e-07
12700.04800076804 2.0840744459278245e-07
12750.04800076804 1.9311687117970675e-07
12800.04800076804 1.858150682753218e-07
12850.04800076804 1.4385806863341113e-07
12900.04800076804 1.1753726240456217e-07
12950.04800076804 1.0680528726505868e-07
13000.04800076804 1.0407893680719422e-07
13050.04800076804 8.285577235029773e-08
13100.04800076804 7.22578321449046e-08
13150.04800076804 5.2697871660880095e-08
13200.04800076804 4.696613463522687e-08
13250.04800076804 3.194707652008463e-08
13300.04800076804 1.357572602018776e-08
13350.04800076804 3.985402299437242e-09
13400.04800076804 1.9375919062906907e-09
13450.04800076804 8.273571643385214e-10
13500.04800076804 3.7938277796624723e-10
13550.04800076804 2.337187409733662e-10
13600.04800076804 8.166025824563148e-11
13650.04800076804 3.8983652940970677e-10
13700.04800076804 2.5875789865882745e-10
13750.04800076804 3.9116551717695205e-10
13800.04800076804 4.241441327383976e-10
13850.04800076804 2.7026994116233205e-10
13900.04800076804 3.103647297098059e-10
13950.04800076804 2.732556725621378e-10
14000.04800076804 2.762857448046921e-10
14050.04800076804 4.306281663194545e-10
14100.04800076804 3.8852464928790586e-10
14150.04800076804 6.692806586937839e-10
14200.04800076804 4.416883398482439e-10
14250.04800076804 5.531232144954968e-10
14300.04800076804 1.218447194597421e-09
14350.04800076804 1.1401849125400877e-09
14400.04800076804 1.2953244966266202e-09
14450.04800076804 1.6686037487092283e-09
14500.04800076804 3.614002263902457e-09
14550.04800076804 3.836464653609587e-09
14600.04800076804 5.820214663245903e-09
14650.04800076804 5.964053486390878e-09
14700.04800076804 3.769639157796748e-09
14750.04800076804 5.651628831107046e-09
14800.04800076804 7.566012203514922e-09
14850.04800076804 7.707384553215431e-09
14900.04800076804 9.104974419318785e-09
14950.04800076804 1.1426605124208208e-08
15000.04800076804 1.4053263198155382e-08
15050.04800076804 1.6102284805314022e-08
15100.04800076804 1.9641807308883785e-08
15150.04800076804 2.0384245961712134e-08
15200.04800076804 2.090608184969154e-08
15250.04800076804 2.9618859541602273e-08
15300.04800076804 3.5978303787843814e-08
15350.04800076804 4.5202472241971646e-08
15400.04800076804 5.179632783703196e-08
15450.04800076804 5.969548413590611e-08
15500.04800076804 6.468067235997066e-08
15550.04800076804 7.887794871140737e-08
15600.04800076804 8.992049993433573e-08
15650.04800076804 9.512013456187263e-08
15700.04800076804 1.0888084140187354e-07
15750.04800076804 1.1592462863170718e-07
15800.04800076804 1.1300879857883573e-07
15850.04800076804 1.1669332046594967e-07
15900.04800076804 1.0565898751253712e-07
15950.04800076804 9.026477704275695e-08
16000.04800076804 6.903464411131289e-08
16050.04800076804 4.410923085128335e-08
16100.04800076804 3.025442330222873e-08
16150.04800076804 1.7624740313678165e-08
16200.04800076804 1.0329970701205317e-08
16250.04800076804 9.192867828257971e-09
16300.04800076804 6.3235644475533e-09
16350.04800076804 7.420457170602315e-09
16400.04800076804 8.674675356844552e-09
16450.04800076804 9.242072374474494e-09
16500.04800076804 9.747501204494586e-09
16550.04800076804 9.075703821835619e-09
16600.04800076804 1.0359509357321432e-08
16650.04800076804 7.35891894919865e-09
16700.04800076804 1.7441239968509892e-09
16750.04800076804 4.116961010298634e-09
16800.04800076804 7.05264026885076e-09
16850.04800076804 7.48966749961346e-09
16900.04800076804 4.99924587798256e-09
16950.04800076804 3.977836934655333e-09
17000.04800076804 2.673349635430201e-09
17050.04800076804 4.042881413720999e-09
17100.04800076804 5.7484146551429676e-09
17150.04800076804 3.525752646000199e-09
17200.04800076804 8.455558699458898e-09
17250.04800076804 5.82011996690009e-09
17300.04800076804 3.958944049118733e-09
17350.04800076804 4.382875432182707e-09
17400.04800076804 5.2414962601386764e-09
17450.04800076804 6.788065618031446e-09
17500.04800076804 8.803765608673709e-09
17550.04800076804 7.45210054398026e-09
17600.04800076804 5.461614796993986e-09
17650.04800076804 5.145398390580306e-09
17700.04800076804 4.036411960108992e-09
17750.04800076804 3.687707740498022e-09
17800.04800076804 5.839746956125499e-09
17850.04800076804 3.6374646603857454e-09
17900.04800076804 3.46280063333005e-09
17950.04800076804 2.1944143214968126e-09
18000.04800076804 3.085128704903876e-09
18050.04800076804 3.1317591131346244e-09
18100.04800076804 2.7663387412186103e-09
18150.04800076804 3.963391795674219e-09
18200.04800076804 2.1615761431010576e-09
18250.04800076804 6.074293345039617e-09
18300.04800076804 2.6148365080361636e-09
18350.04800076804 2.1068188832063394e-09
18400.04800076804 1.6702298166425584e-09
18450.04800076804 3.624029705747438e-09
18500.04800076804 3.9131835013652606e-09
18550.04800076804 2.6701149061654973e-09
18600.04800076804 2.8525609189899714e-09
18650.04800076804 2.0435500516590423e-09
18700.04800076804 1.3772144259925212e-09
18750.04800076804 2.372521340015186e-09
18800.04800076804 7.195348490561233e-09
18850.04800076804 7.081096174421723e-09
18900.04800076804 6.318766371765881e-09
18950.04800076804 1.2030270602620526e-08
19000.04800076804 5.663986893653977e-09
19050.04800076804 3.784258737835787e-09
19100.04800076804 8.56858538402601e-09
19150.04800076804 4.97379532732964e-09
19200.04800076804 7.578571654621512e-09
19250.04800076804 5.717341246920729e-09
19300.04800076804 4.213532842074469e-09
19350.04800076804 4.5220646639654125e-09
19400.04800076804 2.8746692511073505e-09
19450.04800076804 6.192312177779243e-09
19500.04800076804 5.269749341933873e-09
19550.04800076804 4.546579700099514e-09
19600.04800076804 6.877255730078067e-09
19650.04800076804 7.883238967486024e-09
19700.04800076804 8.540175651444613e-09
19750.04800076804 1.0576436758766923e-08
19800.04800076804 1.1702777521238664e-08
19850.04800076804 1.5225707384967206e-08
19900.04800076804 1.2248180352298614e-08
19950.04800076804 1.909225309921541e-08
20000.04800076804 1.9052196544121766e-08
20050.04800076804 1.9363578041494733e-08
20100.04800076804 2.3626329963455334e-08
20150.04800076804 2.0018442146004703e-08
20200.04800076804 2.3224125354060493e-08
20250.04800076804 2.8911289969720944e-08
20300.04800076804 2.6666008078484102e-08
20350.04800076804 3.129367946477111e-08
20400.04800076804 2.9285922781751866e-08
20450.04800076804 3.7210039680549074e-08
20500.04800076804 3.7911232442528415e-08
20550.04800076804 3.7464830763010214e-08
20600.04800076804 4.159445775969155e-08
20650.04800076804 4.03581207912714e-08
20700.04800076804 4.021002775858371e-08
20750.04800076804 4.347692973008517e-08
20800.04800076804 4.118824765897352e-08
20850.04800076804 4.191870648256659e-08
20900.04800076804 4.287313715114353e-08
20950.04800076804 3.946483327810565e-08
21000.04800076804 4.000495175645822e-08
21050.04800076804 3.7225958551661996e-08
21100.04800076804 3.549368794720886e-08
21150.04800076804 3.520807835097115e-08
21200.04800076804 3.2788811423933776e-08
21250.04800076804 3.100069381957813e-08
21300.04800076804 2.6365450030406368e-08
21350.04800076804 2.654527777320989e-08
21400.04800076804 2.4232237121496614e-08
21450.04800076804 2.0770984120091824e-08
21500.04800076804 2.1192182527485543e-08
21550.04800076804 1.9475393210280843e-08
21600.04800076804 1.700492990938102e-08
21650.04800076804 1.449013589001425e-08
21700.04800076804 1.5116314498261224e-08
21750.04800076804 1.4932009932310885e-08
21800.04800076804 1.253325295222509e-08
21850.04800076804 1.073495546675797e-08
21900.04800076804 8.684255808829601e-09
21950.04800076804 3.3773294405840503e-09
22000.04800076804 1.1329287661856078e-09
22050.04800076804 1.1603830262663509e-09
22100.04800076804 2.7746027293431163e-09
22150.04800076804 3.3044678307461805e-09
22200.04800076804 2.9370246179075997e-09
22250.04800076804 2.824908193348037e-09
22300.04800076804 1.865936664114285e-09
22350.04800076804 1.9931078217166014e-09
22400.04800076804 1.20304892676869e-09
22450.04800076804 1.1785476417491037e-09
22500.04800076804 1.2737544600112454e-09
22550.04800076804 5.882490388094223e-10
22600.04800076804 8.977350797787949e-10
22650.04800076804 1.3333972769217303e-09
22700.04800076804 7.995615782873244e-10
22750.04800076804 9.248316501791959e-10
22800.04800076804 9.027279700206484e-10
22850.04800076804 7.845906405974255e-10
22900.04800076804 4.87839277333292e-10
22950.04800076804 4.659317323429097e-10
23000.04800076804 6.97137154460449e-10
23050.04800076804 8.486451582183191e-10
23100.04800076804 2.2810342604201766e-09
23150.04800076804 2.535671257783666e-09
23200.04800076804 3.435443473984931e-10
23250.04800076804 4.331628949522339e-10
23300.04800076804 5.753584636150181e-10
23350.04800076804 4.3630419089545035e-10
23400.04800076804 7.656055592111449e-10
23450.04800076804 5.18168624316266e-10
23500.04800076804 4.903900075071789e-10
23550.04800076804 8.470299182484506e-10
23600.04800076804 1.0111877984031982e-09
23650.04800076804 1.507631215731726e-09
23700.04800076804 5.2101075929553e-10
23750.04800076804 3.5299372746752804e-10
23800.04800076804 9.68664933751326e-10
