galfind/configs/Brown_Dwarf_templates/sonora_cholla/logkzz2/178g/800K_178g_logkzz2_resample.dat
# %ECSV 1.0
# ---
# datatype:
# - {name: wav, unit: Angstrom, datatype: float64}
# - {name: flux_nu, unit: erg / (cm2 Hz s), datatype: float64}
# schema: astropy-2.0
wav flux_nu
[from data line 1210]
63500.04800076804 7.18885256888004e-08
63550.04800076804 8.174018509034742e-08
63600.04800076804 8.586270689567335e-08
63650.04800076804 5.732800046178266e-08
63700.04800076804 2.8446324943803202e-08
63750.04800076804 5.206048886808002e-08
63800.04800076804 9.196352657682478e-08
63850.04800076804 7.404596545556394e-08
63900.04800076804 3.559651842412147e-08
63950.04800076804 6.81722679860301e-08
64000.04800076804 7.721783171324496e-08
64050.04800076804 4.138014901574522e-08
64100.04800076804 1.241214120522228e-08
64150.04800076804 1.92644768196714e-08
64200.04800076804 2.14737116573789e-08
64250.04800076804 4.8985885919867146e-08
64300.04800076804 3.5583452328732726e-08
64350.04800076804 2.8742053577147843e-08
64400.04800076804 6.129227457274173e-08
64450.04800076804 6.751883927302934e-08
64500.04800076804 2.9763591031867834e-08
64550.04800076804 5.181212011559503e-08
64600.04800076804 2.3070882137823508e-08
64650.04800076804 4.8500746894825336e-08
64700.04800076804 2.0470170711532467e-08
64750.04800076804 3.200395750084742e-08
64800.04800076804 2.6200099981697416e-08
64850.04800076804 1.9125735208020975e-08
64900.04800076804 1.9897402808957726e-08
64950.04800076804 2.0099197042030728e-08
65000.04800076804 2.8380119656207904e-08
65050.04800076804 3.538111873647466e-08
65100.04800076804 5.254436376566604e-08
65150.04800076804 2.516272487777692e-08
65200.04800076804 1.7512289777306854e-08
65250.04800076804 4.542110497408517e-08
65300.04800076804 3.520761805801627e-08
65350.04800076804 8.288010704929396e-08
65400.04800076804 3.6584887584597576e-08
65450.04800076804 3.851279974666977e-08
65500.04800076804 4.811769011921423e-08
65550.04800076805 2.4118281745112862e-08
65600.04800076805 4.239112747983659e-08
65650.04800076805 3.4472464794558364e-08
65700.04800076805 3.244658986257012e-08
65750.04800076805 2.2194763975579705e-08
65800.04800076805 4.033426128724781e-08
65850.04800076805 5.197038422472416e-08
65900.04800076805 2.052534758808089e-08
65950.04800076805 2.505083026593562e-08
66000.04800076805 3.5288139017078486e-08
66050.04800076805 7.501818853530583e-08
66100.04800076805 4.058988187568819e-08
66150.04800076805 3.132495112594549e-08
66200.04800076805 3.070742021483791e-08
66250.04800076805 2.528113628071846e-08
66300.04800076805 1.0610329631811453e-08
66350.04800076805 1.2927049002861523e-08
66400.04800076805 2.228573848128313e-08
66450.04800076805 4.867835013874155e-08
66500.04800076805 6.937794165368341e-08
66550.04800076805 6.93326938866987e-08
66600.04800076805 5.2118319293144335e-08
66650.04800076805 3.903420512685135e-08
66700.04800076805 3.5037319903686875e-08
66750.04800076805 3.16641617731869e-08
66800.04800076805 4.262703309391103e-08
66850.04800076805 2.6961205457348285e-08
66900.04800076805 6.797598260426585e-08
66950.04800076805 7.100865217330058e-08
67000.04800076805 6.855120896150722e-08
67050.04800076805 4.39348055665877e-08
67100.04800076805 2.930856170689604e-08
67150.04800076805 3.048563786642789e-08
67200.04800076805 4.5601798144994976e-08
67250.04800076805 4.493840274349077e-08
67300.04800076805 5.703231205885903e-08
67350.04800076805 3.156056244425511e-08
67400.04800076805 7.067288517057904e-08
67450.04800076805 4.835560771545944e-08
67500.04800076805 4.430250807593016e-08
67550.04800076805 6.705893764944553e-08
67600.04800076805 1.1324508781223725e-07
67650.04800076805 8.309921870091299e-08
67700.04800076805 5.3095861035141855e-08
67750.04800076805 4.041059283667038e-08
67800.04800076805 5.87811373960433e-08
67850.04800076805 2.887532586440204e-08
67900.04800076805 3.7124930417779024e-08
67950.04800076805 2.708965500594477e-08
68000.04800076805 4.851292864059222e-08
68050.04800076805 6.653686838617522e-08
68100.04800076805 8.606420350811233e-08
68150.04800076805 6.721644228852756e-08
68200.04800076805 6.150483349558101e-08
68250.04800076805 1.9219296768469937e-08
68300.04800076805 5.5993096250311975e-08
68350.04800076805 3.201924340718269e-08
68400.04800076805 9.11672692846383e-08
68450.04800076805 7.891683598301947e-08
68500.04800076805 5.8032534316645617e-08
68550.04800076805 2.9578864838230736e-08
68600.04800076805 3.1586266735893676e-08
68650.04800076805 1.7269755449120807e-08
68700.04800076805 3.731179221944063e-08
68750.04800076805 5.518663418966222e-08
68800.04800076805 6.340871485547517e-08
68850.04800076805 2.4876732399174602e-08
68900.04800076805 8.605728710453666e-08
68950.04800076805 8.360078631871576e-08
69000.04800076805 6.612111864071751e-08
69050.04800076805 3.6863406932019046e-08
69100.04800076805 8.451866534306986e-08
69150.04800076805 1.0881504201309054e-07
69200.04800076805 6.707272408277317e-08
69250.04800076805 1.0167775544606743e-07
69300.04800076805 5.7809535036841467e-08
69350.04800076805 1.0096578742363704e-07
69400.04800076805 3.6010748629626274e-08
69450.04800076805 9.718014895774109e-08
69500.04800076805 5.008264334576453e-08
69550.04800076805 4.924298997408037e-08
69600.04800076805 1.5719305252030066e-08
69650.04800076805 4.4844264273083415e-08
69700.04800076805 7.872014173238827e-08
69750.04800076805 5.365866012340973e-08
69800.04800076805 7.641596049769671e-08
69850.04800076805 7.938457507341632e-08
69900.04800076805 5.287518336696347e-08
69950.04800076805 5.4898237310119044e-08
70000.04800076805 5.552184128476791e-08
70050.04800076805 9.704437463388644e-08
70100.04800076805 6.702182884948873e-08
70150.04800076805 5.93652314409953e-08
70200.04800076805 4.1363419772585517e-08
70250.04800076805 6.177478908782401e-08
70300.04800076805 9.333152280530251e-08
70350.04800076805 6.547840009699629e-08
70400.04800076805 4.2971104446149255e-08
70450.04800076805 1.4033822283654416e-08
70500.04800076805 3.585598126193711e-08
70550.04800076805 3.7155603042682044e-08
70600.04800076805 3.367741582560848e-08
70650.04800076805 7.591035757629276e-08
70700.04800076805 6.983223895473285e-08
70750.04800076805 8.794437301215602e-08
70800.04800076805 4.7971351221282946e-08
70850.04800076805 4.901869380696783e-08
70900.04800076805 5.25105033338615e-08
70950.04800076805 8.423029205680318e-08
71000.04800076805 7.1727592458715e-08
71050.04800076805 6.942146619025648e-08
71100.04800076805 5.322222728596815e-08
71150.04800076805 5.1234545636533076e-08
71200.04800076805 4.4477448437426726e-08
71250.04800076805 5.558101334743142e-08
71300.04800076805 7.708387323428418e-08
71350.04800076805 8.038942895293009e-08
71400.04800076805 7.139076966743696e-08
71450.04800076805 3.405910615297069e-08
71500.04800076805 3.8247233336679e-08
71550.04800076805 4.685109004511858e-08
71600.04800076805 5.1922326217441806e-08
71650.04800076805 4.305702907249013e-08
71700.04800076805 3.19981990359076e-08
71750.04800076805 5.045364871242577e-08
71800.04800076805 7.123525974008342e-08
71850.04800076805 6.833175267249614e-08
71900.04800076805 4.134726024811179e-08
71950.04800076805 4.799671822193027e-08
72000.04800076805 4.8250414397867924e-08
72050.04800076805 3.1746528726981957e-08
72100.04800076805 3.6198880445031633e-08
72150.04800076805 2.819708915806901e-08
72200.04800076805 5.0236631542965424e-08
72250.04800076805 6.067901927814664e-08
72300.04800076805 4.7445230874819095e-08
72350.04800076805 5.5977217415866395e-08
72400.04800076805 4.312839432135014e-08
72450.04800076805 3.649298198362482e-08
72500.04800076805 4.850864548351484e-08
72550.04800076805 2.1879017620985257e-08
72600.04800076805 3.2068746438563914e-08
72650.04800076805 5.671207721876312e-08
72700.04800076805 4.765343736007942e-08
72750.04800076805 4.524675796544993e-08
72800.04800076805 3.288272674895351e-08
72850.04800076805 3.601044419164232e-08
72900.04800076805 5.793920616889815e-08
72950.04800076805 4.7623654045463996e-08
73000.04800076805 4.769807411626207e-08
73050.04800076805 3.017922931388021e-08
73100.04800076805 3.1686716239206796e-08
73150.04800076805 6.887476052225355e-08
73200.04800076805 2.9766566293754515e-08
73250.04800076805 4.228267271990623e-08
73300.04800076805 3.750072258709157e-08
73350.04800076805 2.6879453646986742e-08
73400.04800076805 4.222254870657006e-08
73450.04800076805 2.5859818044322785e-08
73500.04800076805 2.1451734743345792e-08
73550.04800076805 3.808675332243782e-08
73600.04800076805 2.935857546127424e-08
73650.04800076805 3.943633207240696e-08
73700.04800076805 4.230956500590008e-08
73750.04800076805 2.0918304581914315e-08
73800.04800076805 3.6363117683328227e-08
73850.04800076805 4.3196317606430086e-08
73900.04800076805 3.6317557221837594e-08
73950.04800076805 3.375471191724176e-08
74000.04800076805 2.253164442549441e-08
74050.04800076805 5.880546561409898e-08
74100.04800076805 3.723179466595604e-08
74150.04800076805 3.850220596115153e-08
74200.04800076805 3.148989509710368e-08
74250.04800076805 1.105679912184671e-08
74300.04800076805 3.452365398768852e-08
74350.04800076805 5.08996246234512e-08
74400.04800076805 4.871038753496353e-08
74450.04800076805 2.0953927154748532e-08
74500.04800076805 1.88883491868617e-08
74550.04800076805 3.2541331460716556e-08
74600.04800076805 3.5070919224830385e-08
74650.04800076805 3.5290652996127815e-08
74700.04800076805 2.3931398704550063e-08
74750.04800076805 2.0970713631540156e-08
74800.04800076805 2.879455239532449e-08
74850.04800076805 2.3717737452562365e-08
74900.04800076805 4.7170501737033956e-08
74950.04800076805 5.083514168218181e-08
75000.04800076805 2.7785019870015674e-08
75050.04800076805 1.5312610414139016e-08
75100.04800076805 5.018129601127715e-08
75150.04800076805 4.700060945644057e-08
75200.04800076805 5.571046423206545e-08
75250.04800076805 5.602980049542124e-08
75300.04800076805 4.9157967761794396e-08
75350.04800076805 2.3298815790054106e-08
75400.04800076805 5.845408659663087e-08
75450.04800076805 4.783085685227879e-08
75500.04800076805 4.207295590000684e-08
75550.04800076805 5.278426316430755e-08
75600.04800076805 6.648095729735213e-08
75650.04800076805 3.791619376178647e-08
75700.04800076805 5.074596735596264e-08
75750.04800076805 2.9452158528177667e-08
75800.04800076805 5.16973208442066e-08
75850.04800076805 6.271245912351887e-08
75900.04800076805 5.778994568444293e-08
75950.04800076805 3.135095973703335e-08
76000.04800076805 5.554035960434063e-08
76050.04800076805 5.917475017274012e-08
76100.04800076805 5.1535664733382326e-08
76150.04800076805 6.009875818590388e-08
76200.04800076805 5.847623972471576e-08
76250.04800076805 5.667615829359099e-08
76300.04800076805 8.200707763470093e-08
76350.04800076805 1.0462111745914531e-07
76400.04800076805 7.60476395551931e-08
76450.04800076805 6.942010004894764e-08
76500.04800076805 4.837150737010537e-08
76550.04800076805 3.051225415786395e-08
76600.04800076805 1.0153020780972775e-08
76650.04800076805 1.1194280263711164e-08
76700.04800076805 1.496315989941301e-08
76750.04800076805 1.4388638375291283e-08
76800.04800076805 2.6219277929358558e-08
76850.04800076805 8.085857873730677e-09
76900.04800076805 1.045148558712879e-08
76950.04800076805 2.226799559758467e-08
77000.04800076805 2.749508948713648e-08
77050.04800076805 1.3477288769081385e-08
77100.04800076805 1.6928537676787415e-08
77150.04800076805 3.1458733885759904e-08
77200.04800076805 2.294245700494328e-08
77250.04800076805 2.556445063988994e-08
77300.04800076805 2.8076625037520076e-08
77350.04800076805 1.3643469978546605e-08
77400.04800076805 1.6487342742211353e-08
77450.04800076805 2.2295115982446535e-08
77500.04800076805 2.1836733250007515e-08
77550.04800076805 2.410067554396352e-08
77600.04800076805 1.9935282254234474e-08
77650.04800076805 2.2548427289425998e-08
77700.04800076805 1.724203638541612e-08
77750.04800076805 3.492038875280266e-08
77800.04800076805 3.0253207254540835e-08
77850.04800076805 5.5639762905098986e-08
77900.04800076805 3.7036117074473396e-08
77950.04800076805 1.5311127595788468e-08
78000.04800076805 2.8143123605979076e-08
78050.04800076805 3.2603929493433206e-08
78100.04800076805 2.8534513871319705e-08
78150.04800076805 4.930705277255604e-08
78200.04800076805 4.311205834962214e-08
78250.04800076805 5.594350974612689e-08
78300.04800076805 3.966606791589497e-08
78350.04800076805 4.427452793463541e-08
78400.04800076805 2.738295864300385e-08
78450.04800076805 5.127089297265287e-08
78500.04800076805 5.2247314064789284e-08
78550.04800076805 6.360052134472769e-08
78600.04800076805 5.156417712647739e-08
78650.04800076805 1.4721761675408972e-08
78700.04800076805 2.651342325716009e-08
78750.04800076805 2.9294718057823473e-08
78800.04800076805 4.393312886771626e-08
78850.04800076805 1.9872649596961788e-08
78900.04800076805 3.7105244571813406e-08
78950.04800076805 4.547972054447253e-08
79000.04800076805 4.027420848066326e-08
79050.04800076805 3.432799384663086e-08
79100.04800076805 3.589565340448847e-08
79150.04800076805 4.0085465410994253e-08
79200.04800076805 4.826278025490146e-08
79250.04800076805 3.4029274104999734e-08
79300.04800076805 2.516539094301057e-08
79350.04800076805 4.213107546539249e-08
79400.04800076805 3.0397633846534486e-08
79450.04800076805 5.369250110138914e-08
79500.04800076805 7.529826922377816e-08
79550.04800076805 5.688824651369789e-08
79600.04800076805 3.018187658109122e-08
79650.04800076805 4.487195961072822e-08
79700.04800076805 4.815771973926695e-08
79750.04800076805 5.0136934713558084e-08
79800.04800076805 3.5281698696853345e-08
79850.04800076805 4.2638126249136346e-08
79900.04800076805 7.667127649920151e-08
79950.04800076805 5.200563213497749e-08
