galfind/configs/Brown_Dwarf_templates/sonora_cholla/logkzz2/178g/850K_178g_logkzz2_resample.dat
# %ECSV 1.0
# ---
# datatype:
# - {name: wav, unit: Angstrom, datatype: float64}
# - {name: flux_nu, unit: erg / (cm2 Hz s), datatype: float64}
# schema: astropy-2.0
wav flux_nu
[from data line 1162]
68100.00000000009 1.068665588211399e-07
68150.00000000009 8.379495707745372e-08
68200.00000000009 7.931970256028548e-08
68250.00000000009 2.8210827948224186e-08
68300.00000000009 7.052690491009275e-08
68350.00000000009 3.900420538893412e-08
68400.00000000009 1.1116459088169634e-07
68450.00000000009 9.869384564069324e-08
68500.00000000009 7.580788310612664e-08
68550.00000000009 4.183186792650201e-08
68600.00000000009 4.5066347777143904e-08
68650.00000000009 2.5850468438740333e-08
68700.00000000009 5.1757474516311835e-08
68750.00000000009 7.260362138892143e-08
68800.00000000009 8.292801060128403e-08
68850.00000000009 3.413914146359571e-08
68900.00000000009 1.0762047091675225e-07
68950.00000000009 1.0248766731741701e-07
69000.00000000009 8.774579544252746e-08
69050.00000000009 5.166952116815729e-08
69100.00000000009 1.0816728366599138e-07
69150.00000000009 1.3581698123937457e-07
69200.00000000009 8.311214208198756e-08
69250.00000000009 1.2643594437692497e-07
69300.00000000009 7.054428303004726e-08
69350.00000000009 1.2218952449054916e-07
69400.00000000009 4.685403635747658e-08
69450.00000000009 1.1609077824930425e-07
69500.00000000009 6.512354813969484e-08
69550.00000000009 6.582284403590153e-08
69600.00000000009 2.2756790682704405e-08
69650.00000000009 5.965537841790748e-08
69700.00000000009 1.0163178454688897e-07
69750.00000000009 7.042692901444895e-08
69800.00000000009 9.54755182029854e-08
69850.00000000009 9.556012849899333e-08
69900.00000000009 6.787763294071881e-08
69950.00000000009 7.126331551674023e-08
70000.00000000009 6.853988733738862e-08
70050.00000000009 1.1831214452604427e-07
70100.00000000009 8.300047978467365e-08
70150.00000000009 7.575366681034516e-08
70200.00000000009 5.3474321428470894e-08
70250.00000000009 7.93555066518666e-08
70300.00000000009 1.1132042085869201e-07
70350.00000000009 7.948126092524666e-08
70400.00000000009 5.753602954451784e-08
70450.00000000009 2.1473145939317292e-08
70500.00000000009 4.789250604758892e-08
70550.00000000009 5.0038365444737946e-08
70600.00000000009 4.510519484117407e-08
70650.00000000009 9.358195263504116e-08
70700.00000000009 8.566528811431261e-08
70750.00000000009 1.0287168571442717e-07
70800.00000000009 5.967263471198324e-08
70850.00000000009 6.093835481502413e-08
70900.00000000009 6.284695298142634e-08
70950.00000000009 1.0190159345039268e-07
71000.00000000009 8.456487953718e-08
71050.00000000009 8.393802175047407e-08
71100.00000000009 6.637436948643277e-08
71150.00000000009 6.679480585113822e-08
71200.00000000009 5.8371223868697074e-08
71250.00000000009 6.830964192970212e-08
71300.00000000009 9.466617062765834e-08
71350.00000000009 9.731331796205404e-08
71400.00000000009 8.927986233992926e-08
71450.00000000009 4.4449786876956843e-08
71500.00000000009 5.0947884544550345e-08
71550.00000000009 6.055620622912924e-08
71600.00000000009 6.690411774310585e-08
71650.00000000009 5.796079697573941e-08
71700.00000000009 4.3834001524035995e-08
71750.00000000009 6.320818453719222e-08
71800.00000000009 8.767585292594673e-08
71850.00000000009 8.412350306439961e-08
71900.00000000009 5.3712009630620983e-08
71950.00000000009 5.991601937365499e-08
72000.00000000009 6.077415563498221e-08
72050.00000000009 4.239860788908933e-08
72100.00000000009 4.855650362366676e-08
72150.00000000009 3.7065900064469905e-08
72200.00000000009 6.20172742187837e-08
72250.00000000009 7.329975194605787e-08
72300.00000000009 6.091849843125602e-08
72350.00000000009 6.933358447933428e-08
72400.00000000009 5.385198935879878e-08
72450.00000000009 4.5785573825514495e-08
72500.00000000009 6.019102631414999e-08
72550.00000000009 2.9444787151911516e-08
72600.00000000009 3.9137777570012285e-08
72650.00000000009 7.013240625989951e-08
72700.00000000009 6.202780241594845e-08
72750.00000000009 5.5660153468087125e-08
72800.00000000009 4.426506869175574e-08
72850.00000000009 4.5878581610350275e-08
72900.00000000009 6.851573027100167e-08
72950.00000000009 6.088442716713189e-08
73000.00000000009 6.108085732985896e-08
73050.00000000009 4.084046949161884e-08
73100.00000000009 4.086568253133249e-08
73150.00000000009 8.443012004728655e-08
73200.00000000009 3.9668514391217135e-08
73250.00000000009 5.323908599999678e-08
73300.00000000009 5.0343851460918596e-08
73350.00000000009 3.678110916513586e-08
73400.00000000009 5.4541679035028624e-08
73450.00000000009 3.4734517310781995e-08
73500.00000000009 2.898501362659202e-08
73550.00000000009 4.8574476214345805e-08
73600.00000000009 3.6911042934503286e-08
73650.00000000009 5.0758702026075634e-08
73700.00000000009 5.597174491488428e-08
73750.00000000009 3.011228451775702e-08
73800.00000000009 4.7752279217366345e-08
73850.00000000009 5.467620135259911e-08
73900.00000000009 4.977131151803422e-08
73950.00000000009 4.5438504376969586e-08
74000.00000000009 3.222950566142433e-08
74050.00000000009 7.536636935017106e-08
74100.00000000009 4.7076928967297453e-08
74150.00000000009 4.9789159969305056e-08
74200.00000000009 4.206338402829379e-08
74250.00000000009 1.7682121963825e-08
74300.00000000009 4.440400219630424e-08
74350.00000000009 6.363478275946813e-08
74400.00000000009 6.029928707836772e-08
74450.00000000009 2.7429667844303156e-08
74500.00000000009 2.7584689656782735e-08
74550.00000000009 4.3061780296650534e-08
74600.00000000009 4.6052990684864386e-08
74650.00000000009 4.5949645354602595e-08
74700.00000000009 3.245115206880924e-08
74750.00000000009 3.0418976784411777e-08
74800.00000000009 3.941756306995787e-08
74850.00000000009 3.088728549739672e-08
74900.00000000009 5.836532211923171e-08
74950.00000000009 6.487875065721603e-08
75000.00000000009 3.8071293587252616e-08
75050.00000000009 2.3197645811822062e-08
75100.00000000009 6.56334928762223e-08
75150.00000000009 5.901317936119064e-08
75200.00000000009 6.946324709575592e-08
75250.00000000009 6.698133168587046e-08
75300.00000000009 6.269778512976161e-08
75350.00000000009 3.286710842822042e-08
75400.00000000009 7.296613617860536e-08
75450.00000000009 5.954902966470234e-08
75500.00000000009 5.129227536259757e-08
75550.00000000009 6.630431779081464e-08
75600.00000000009 8.419974788360621e-08
75650.00000000009 4.787415975569384e-08
75700.00000000009 6.126206483726285e-08
75750.00000000009 3.839650986926298e-08
75800.00000000009 6.453266391862362e-08
75850.00000000009 7.930008780232235e-08
75900.00000000009 7.221808586585771e-08
75950.00000000009 4.1756636019128927e-08
76000.00000000009 6.759360721928634e-08
76050.00000000009 7.336671137945346e-08
76100.00000000009 6.292779362634732e-08
76150.00000000009 7.487548672558193e-08
76200.00000000009 7.359073184953219e-08
76250.00000000009 6.894725950554346e-08
76300.00000000009 9.9671839843394e-08
76350.00000000009 1.1678246849160823e-07
76400.00000000009 9.2313764360678e-08
76450.00000000009 8.685022567627217e-08
76500.00000000009 6.289807422617942e-08
76550.00000000009 4.3037757282360534e-08
76600.00000000009 1.585865912343355e-08
76650.00000000009 1.74328242537971e-08
76700.00000000009 2.0929112204494275e-08
76750.00000000009 2.062288531035255e-08
76800.00000000009 3.675288562517699e-08
76850.00000000009 1.174554623839279e-08
76900.00000000009 1.631016215738099e-08
76950.00000000009 3.089227079796233e-08
77000.00000000009 3.6793060685166456e-08
77050.00000000009 1.9760709847170505e-08
77100.00000000009 2.4462655776203716e-08
77150.00000000009 4.126478565308017e-08
77200.00000000009 3.095216723634931e-08
77250.00000000009 3.5337802744503895e-08
77300.00000000009 3.622828277498513e-08
77350.00000000009 1.919022107015957e-08
77400.00000000009 2.2496408844924103e-08
77450.00000000009 2.784254058477127e-08
77500.00000000009 2.6911357431035367e-08
77550.00000000009 3.2065944142528017e-08
77600.00000000009 2.9185936097656778e-08
77650.00000000009 3.079339122558887e-08
77700.00000000009 2.3401753653975925e-08
77750.00000000009 4.4832556675661605e-08
77800.00000000009 3.686730975639798e-08
77850.00000000009 6.584012405502012e-08
77900.00000000009 4.642500900453428e-08
77950.00000000009 2.2015827593551473e-08
78000.00000000009 3.8299494996025245e-08
78050.00000000009 4.295095273159109e-08
78100.00000000009 3.570801525458068e-08
78150.00000000009 6.025172359316826e-08
78200.00000000009 5.2705305741206784e-08
78250.00000000009 6.046707091404438e-08
78300.00000000009 5.365223083541824e-08
78350.00000000009 5.4769557965195533e-08
78400.00000000009 3.9060452717904686e-08
78450.00000000009 6.552618251120942e-08
78500.00000000009 6.267821731245999e-08
78550.00000000009 7.552327813500102e-08
78600.00000000009 6.346402571901315e-08
78650.00000000009 2.08014387949536e-08
78700.00000000009 3.515585947792381e-08
78750.00000000009 3.7449908761848305e-08
78800.00000000009 5.688527611118993e-08
78850.00000000009 2.794906103197284e-08
78900.00000000009 4.96682253771039e-08
78950.00000000009 5.528048275426248e-08
79000.00000000009 5.0067450475971125e-08
79050.00000000009 4.470847369830013e-08
79100.00000000009 4.538169715263564e-08
79150.00000000009 5.141027096460633e-08
79200.00000000009 6.157544742682076e-08
79250.00000000009 4.6474245788653946e-08
79300.00000000009 3.382226067920872e-08
79350.00000000009 5.338820467027999e-08
79400.00000000009 4.236759809304632e-08
79450.00000000009 6.60935157849123e-08
79500.00000000009 9.138753956421487e-08
79550.00000000009 6.811622449250572e-08
79600.00000000009 3.849545627122402e-08
79650.00000000009 5.676462251386459e-08
79700.00000000009 6.314948300934715e-08
79750.00000000009 6.49990167394082e-08
79800.00000000009 4.213920266580725e-08
79850.00000000009 5.3282707607328934e-08
79900.00000000009 9.203162159111757e-08
79950.00000000009 6.123207430605246e-08
