galfind/configs/Brown_Dwarf_templates/sonora_cholla/logkzz2/178g/850K_178g_logkzz2_resample.dat
# %ECSV 1.0
# ---
# datatype:
# - {name: wav, unit: Angstrom, datatype: float64}
# - {name: flux_nu, unit: erg / (cm2 Hz s), datatype: float64}
# schema: astropy-2.0
wav flux_nu
[from data line 774]
48700.000000000095 2.1002447746705427e-07
48750.000000000095 1.2664927956259589e-07
48800.000000000095 2.1453982440612126e-07
48850.000000000095 1.4266382192705604e-07
48900.000000000095 2.1259973320711308e-07
48950.000000000095 1.7007750727325284e-07
49000.000000000095 1.251353542202876e-07
49050.000000000095 2.0447200858051055e-07
49100.000000000095 1.399362409000339e-07
49150.000000000095 2.2963561018184494e-07
49200.000000000095 1.7386181422864179e-07
49250.000000000095 2.4039205029130344e-07
49300.000000000095 1.6996688324215296e-07
49350.000000000095 1.3937501921479337e-07
49400.000000000095 1.6529057923860725e-07
49450.000000000095 1.9216691501345113e-07
49500.000000000095 1.5702381834262792e-07
49550.000000000095 7.572160327178082e-08
49600.000000000095 1.5733593434894975e-07
49650.000000000095 1.6137430459547434e-07
49700.000000000095 1.438315710846469e-07
49750.000000000095 2.3141344070684787e-07
49800.000000000095 1.4176572338894795e-07
49850.000000000095 2.7266848002508076e-07
49900.000000000095 2.1323077302056356e-07
49950.000000000095 2.0996157343228308e-07
50000.000000000095 2.2364838879191145e-07
50050.000000000095 2.366774443706296e-07
50100.000000000095 2.355357118784626e-07
50150.000000000095 1.2212025987838955e-07
50200.000000000095 6.401950450019354e-08
50250.000000000095 1.9638997726786972e-07
50300.000000000095 1.426015236223633e-07
50350.000000000095 2.1758835637034305e-07
50400.000000000095 2.045870457733956e-07
50450.000000000095 1.8037931513041e-07
50500.000000000095 2.383816694020648e-07
50550.000000000095 2.0561218945334064e-07
50600.000000000095 2.024744603552332e-07
50650.000000000095 2.1367197098457371e-07
50700.000000000095 2.896088958579014e-07
50750.000000000095 2.4029557086457434e-07
50800.000000000095 1.1503446670325564e-07
50850.000000000095 1.0032125690390421e-07
50900.000000000095 2.4178481491403117e-07
50950.000000000095 2.3362604264022863e-07
51000.000000000095 1.8829903009114491e-07
51050.000000000095 2.0026824749389371e-07
51100.000000000095 9.586755413591448e-08
51150.000000000095 1.5107215343069406e-07
51200.000000000095 2.82328374517032e-07
51250.000000000095 2.0254610427701797e-07
51300.000000000095 1.5071989725136167e-07
51350.000000000095 1.8451742553014754e-07
51400.000000000095 1.0530444674972051e-07
51450.000000000095 9.249141225599553e-08
51500.000000000095 8.381065183401409e-08
51550.000000000095 1.8720051059575046e-07
51600.000000000095 1.3857056256862683e-07
51650.000000000095 1.8317596554257268e-07
51700.000000000095 1.8443295757956813e-07
51750.000000000095 1.2052067239669303e-07
51800.000000000095 2.423976340022476e-07
51850.000000000095 1.9287104999075572e-07
51900.000000000095 2.6222652821908173e-07
51950.000000000095 1.9189851138193323e-07
52000.000000000095 5.127600046404436e-08
52050.000000000095 1.2244172980435257e-07
52100.000000000095 1.0313202091834155e-07
52150.000000000095 7.539048788141004e-08
52200.000000000095 8.573447076489533e-08
52250.000000000095 1.3411342218180927e-07
52300.000000000095 2.2865609545492666e-07
52350.000000000095 1.269606020239429e-07
52400.000000000095 1.0391667372119028e-07
52450.000000000095 2.0099708046614328e-07
52500.000000000095 1.8249496682613458e-07
52550.000000000095 1.8270504457364427e-07
52600.000000000095 1.3580259384827014e-07
52650.000000000095 1.450010697907707e-07
52700.000000000095 1.2937050578701482e-07
52750.000000000095 9.343312074138406e-08
52800.000000000095 1.0445915788110666e-07
52850.000000000095 1.2753688032658525e-07
52900.000000000095 8.83907321853617e-08
52950.000000000095 9.63467561487329e-08
53000.000000000095 2.0518112219735516e-07
53050.000000000095 7.359723484424749e-08
53100.000000000095 1.844232588376753e-07
53150.000000000095 2.275383660717228e-07
53200.000000000095 1.0000297370392551e-07
53250.000000000095 2.068058699091695e-07
53300.000000000095 2.1051445037486734e-07
53350.000000000095 2.0230852526412016e-07
53400.000000000095 1.9292686120079225e-07
53450.000000000095 7.368966734270776e-08
53500.000000000095 3.974042937932728e-08
53550.000000000095 7.17289190485473e-08
53600.000000000095 1.2677087284333086e-07
53650.000000000095 1.1421774063335562e-07
53700.000000000095 9.907713861536264e-08
53750.000000000095 9.905554408702007e-08
53800.000000000095 9.669104117162552e-08
53850.000000000095 1.3643307245776467e-07
53900.000000000095 1.3874356983322942e-07
53950.000000000095 1.8227239017651425e-07
54000.000000000095 1.1742059119559952e-07
54050.000000000095 1.3096995901688618e-07
54100.000000000095 5.107354436331238e-08
54150.000000000095 7.940794198719767e-08
54200.000000000095 3.022194657768328e-08
54250.000000000095 4.483875535063582e-08
54300.000000000095 8.746662939835825e-08
54350.000000000095 1.215102236060181e-07
54400.000000000095 1.210889759246697e-07
54450.000000000095 9.627008656326806e-08
54500.000000000095 8.525106856310708e-08
54550.000000000095 7.752990680178432e-08
54600.000000000095 9.594449926820413e-08
54650.000000000095 3.7641051423788436e-08
54700.000000000095 1.1355002872315424e-07
54750.000000000095 1.060946123979719e-07
54800.000000000095 6.90366286191664e-08
54850.000000000095 9.102530380030792e-08
54900.000000000095 1.2678152985998738e-07
54950.000000000095 1.733857471585469e-07
55000.000000000095 6.142479588364358e-08
55050.000000000095 1.0883030457954389e-07
55100.000000000095 1.0303505144458858e-07
55150.000000000095 6.976299277357884e-08
55200.000000000095 6.963767741121855e-08
55250.000000000095 8.937326824062314e-08
55300.000000000095 5.999708214421473e-08
55350.000000000095 1.1183592310670915e-07
55400.000000000095 1.3840489377581948e-07
55450.000000000095 8.47736718560083e-08
55500.000000000095 4.0960259435919866e-08
55550.000000000095 5.5641484748028034e-08
55600.000000000095 5.8777609242779055e-08
55650.000000000095 5.604329545043734e-08
55700.000000000095 6.782532650920857e-08
55750.000000000095 7.094190080517248e-08
55800.000000000095 4.4329129104059094e-08
55850.000000000095 4.5589620328026735e-08
55900.000000000095 9.72221376192398e-08
55950.000000000095 1.269231852138508e-07
56000.000000000095 5.422403576666469e-08
56050.000000000095 7.3470008024353e-08
56100.000000000095 9.748958189817007e-08
56150.000000000095 6.066661147643372e-08
56200.000000000095 7.421022711219527e-08
56250.000000000095 9.130733004248583e-08
56300.000000000095 8.400964448192674e-08
56350.000000000095 7.615876141190824e-08
56400.000000000095 4.075567220741166e-08
56450.000000000095 3.665112510096351e-08
56500.000000000095 5.478539644965047e-08
56550.000000000095 3.408943553672254e-08
56600.000000000095 9.028531976446396e-08
56650.000000000095 8.944969899259025e-08
56700.000000000095 8.923387927085881e-08
56750.000000000095 3.7964680005976175e-08
56800.000000000095 8.98443293511108e-08
56850.000000000095 7.675935162776225e-08
56900.000000000095 4.739070099517651e-08
56950.000000000095 9.156572114474727e-08
57000.000000000095 1.063286627887355e-07
57050.000000000095 5.954694032209262e-08
57100.000000000095 2.615595387880566e-08
57150.000000000095 4.33233293860904e-08
57200.000000000095 3.604583760986364e-08
57250.000000000095 4.909847287213713e-08
57300.000000000095 7.584725734963308e-08
57350.000000000095 3.9154553103146844e-08
57400.000000000095 7.62617261455409e-08
57450.000000000095 5.811622659990259e-08
57500.000000000095 5.7929741160245707e-08
57550.000000000095 8.014194334547947e-08
57600.000000000095 8.067553468061968e-08
57650.000000000095 2.4087440102668798e-08
57700.000000000095 3.6351142537476086e-08
57750.000000000095 5.24075528467978e-08
57800.000000000095 2.1359903695668268e-08
57850.000000000095 1.220962135029007e-07
57900.000000000095 1.37345295255863e-07
57950.000000000095 1.250225922635117e-07
58000.000000000095 5.1573857083756557e-08
58050.000000000095 7.959364987390737e-08
58100.000000000095 9.084417746250423e-08
58150.000000000095 5.9253372019471707e-08
58200.000000000095 2.6430818864410905e-08
58250.000000000095 3.573568076683055e-08
58300.000000000095 3.220967541196184e-08
58350.000000000095 4.352502569990369e-08
58400.000000000095 7.154957600971915e-08
58450.000000000095 7.594451982143024e-08
58500.000000000095 7.009305308310308e-08
58550.000000000095 7.436201883108626e-08
58600.000000000095 3.590176064108903e-08
58650.000000000095 4.688166280227676e-08
58700.000000000095 5.7657230342292564e-08
58750.000000000095 5.969863172193052e-08
58800.000000000095 1.827339777516993e-08
58850.000000000095 4.678418787589029e-08
58900.000000000095 6.639651994776847e-08
58950.000000000095 3.3301997683086754e-08
59000.000000000095 6.652731128551351e-08
59050.000000000095 7.838057030119329e-08
59100.000000000095 8.730760485556602e-08
59150.000000000095 6.092641970842618e-08
59200.000000000095 6.935641268955324e-08
59250.000000000095 7.57490463407476e-08
59300.000000000095 6.547431383054919e-08
59350.000000000095 2.3950601241830665e-08
59400.000000000095 1.9597957773000604e-08
59450.000000000095 6.386823870956166e-08
59500.000000000095 3.404207260081132e-08
59550.000000000095 7.175557306087256e-08
59600.000000000095 7.838615509761554e-08
59650.000000000095 5.711721928416334e-08
59700.000000000095 3.835938334485734e-08
59750.000000000095 9.938289462534841e-08
59800.000000000095 5.13083935658385e-08
59850.000000000095 7.583533495925761e-08
59900.000000000095 3.069671488485742e-08
59950.000000000095 5.6848905113350195e-08
60000.000000000095 1.1099354191474383e-07
60050.000000000095 9.596872344962611e-08
60100.000000000095 9.5440785674976e-08
60150.000000000095 5.448748626039039e-08
60200.000000000095 7.779263017973909e-08
60250.000000000095 1.0360450852756413e-07
60300.000000000095 9.641864093987609e-08
60350.000000000095 6.481694886114356e-08
60400.000000000095 7.667387874028834e-08
60450.000000000095 3.033081906972311e-08
60500.000000000095 1.556722152133668e-08
60550.000000000095 7.6276822994407e-08
60600.000000000095 8.209167524242282e-08
60650.000000000095 6.059564471854463e-08
60700.000000000095 4.50449641206271e-08
60750.000000000095 3.0865063413713056e-08
60800.000000000095 8.026820463455804e-08
60850.000000000095 1.336017035158105e-07
60900.000000000095 1.2243151095364694e-07
60950.000000000095 1.0359075842401546e-07
61000.000000000095 7.605068365477439e-08
61050.000000000095 4.5883014479589736e-08
61100.000000000095 6.220785453780414e-08
61150.000000000095 2.396049456073042e-08
61200.000000000095 8.963565830617341e-08
61250.000000000095 1.1317018178037654e-07
61300.000000000095 1.0109868177450112e-07
61350.000000000095 1.34346619994744e-07
61400.000000000095 7.385209137281724e-08
61450.000000000095 3.475181261966401e-08
61500.000000000095 5.197215798855005e-08
61550.000000000095 6.010414494017164e-08
61600.000000000095 3.759700535846802e-08
61650.000000000095 6.880855199442964e-08
61700.000000000095 5.853346100803729e-08
61750.000000000095 6.948710238811005e-08
61800.000000000095 7.530347039275914e-08
61850.000000000095 3.837424994364014e-08
61900.000000000095 1.0485708835447112e-07
61950.000000000095 9.577988211503794e-08
62000.000000000095 1.1371466302474305e-07
62050.000000000095 9.265177146213432e-08
62100.000000000095 8.969576592755924e-08
62150.000000000095 1.1355896342969123e-07
62200.000000000095 9.562880507059178e-08
62250.000000000095 8.948345841555583e-08
62300.000000000095 1.471283595659441e-07
62350.000000000095 1.1102279408867092e-07
62400.000000000095 5.2397708681875475e-08
62450.000000000095 8.820281512026686e-08
62500.000000000095 1.3233375524887502e-07
62550.000000000095 1.2525817826995076e-07
62600.000000000095 1.3693803540017346e-07
62650.000000000095 1.0073769043128793e-07
62700.000000000095 1.0736591489042984e-07
62750.000000000095 1.4099453141729186e-07
62800.000000000095 8.14919372979057e-08
62850.000000000095 1.1957485523802035e-07
62900.000000000095 8.414528268419995e-08
62950.000000000095 1.33025223981353e-07
63000.000000000095 1.0476804732555533e-07
63050.000000000095 1.5171081144377195e-07
63100.000000000095 1.388559851976596e-07
63150.000000000095 1.0742998636539571e-07
63200.000000000095 1.3224292584532506e-07
63250.000000000095 9.056954450573873e-08
63300.000000000095 1.2005266720224315e-07
63350.000000000095 1.1292815748227104e-07
63400.000000000095 5.838773762971977e-08
63450.000000000095 4.021050029274135e-08
63500.000000000095 9.537841493925923e-08
63550.000000000095 1.0168212315048174e-07
63600.000000000095 1.100710640586302e-07
63650.000000000095 7.749614995599503e-08
63700.000000000095 4.29930055667856e-08
63750.000000000095 7.07097320815494e-08
63800.000000000095 1.1388702849474058e-07
63850.000000000095 9.479308272217365e-08
63900.000000000095 5.162894007966103e-08
63950.000000000095 9.125747587174149e-08
64000.000000000095 9.993127736132574e-08
64050.000000000095 5.956966132635223e-08
64100.000000000095 1.9330784903755455e-08
64150.000000000095 2.9328078174697807e-08
64200.000000000095 3.1919433232429254e-08
64250.000000000095 6.759073708982997e-08
64300.000000000095 4.9313054585940637e-08
64350.000000000095 4.035282684485345e-08
64400.000000000095 7.978834677315686e-08
64450.000000000095 8.76969077887429e-08
64500.000000000095 4.059498994653392e-08
64550.000000000095 6.761091740446858e-08
64600.000000000095 3.1023300394996135e-08
64650.000000000095 6.384119352434915e-08
64700.000000000095 2.9587794079477264e-08
64750.000000000095 4.3729478049284686e-08
64800.000000000095 3.7886271984831764e-08
64850.000000000095 2.9068654898013107e-08
64900.000000000095 3.121797156428118e-08
64950.000000000095 3.134058492293597e-08
65000.000000000095 4.2338044239928434e-08
65050.000000000095 4.850404174594907e-08
65100.000000000095 7.030822015086321e-08
65150.000000000095 3.287149847393374e-08
65200.000000000095 2.6895555450691056e-08
65250.000000000095 6.348162219874193e-08
65300.000000000095 4.8016036725209264e-08
65350.000000000095 1.0486093867224222e-07
65400.000000000095 4.999604277217825e-08
65450.000000000095 5.2937142204468895e-08
65500.000000000095 6.54841390841894e-08
65550.00000000009 3.5306089168053584e-08
65600.00000000009 5.657694495735216e-08
65650.00000000009 4.960985335177391e-08
65700.00000000009 4.6167217202714385e-08
65750.00000000009 3.2840567937000076e-08
65800.00000000009 5.584312128848298e-08
65850.00000000009 6.892854208119208e-08
65900.00000000009 3.083837428421924e-08
65950.00000000009 3.4264744002038405e-08
66000.00000000009 4.8730194564313694e-08
66050.00000000009 9.891714305828308e-08
66100.00000000009 5.496351932978395e-08
66150.00000000009 4.118819131848513e-08
66200.00000000009 4.117279213433399e-08
66250.00000000009 3.602672640797272e-08
66300.00000000009 1.6021856751695352e-08
66350.00000000009 2.0312115061978384e-08
66400.00000000009 3.3175092561876547e-08
66450.00000000009 6.573524202717822e-08
66500.00000000009 9.287407660545912e-08
66550.00000000009 9.243412922183141e-08
66600.00000000009 6.916296371883968e-08
66650.00000000009 5.219708996519586e-08
66700.00000000009 4.9667715323330254e-08
66750.00000000009 4.4518414336633116e-08
66800.00000000009 6.014005990948343e-08
66850.00000000009 3.803389198657532e-08
66900.00000000009 8.618535280642068e-08
66950.00000000009 9.264779910150273e-08
67000.00000000009 8.736695761728517e-08
67050.00000000009 5.924561655528967e-08
67100.00000000009 4.1569831731219294e-08
67150.00000000009 4.2957087603937254e-08
67200.00000000009 6.027916077735725e-08
67250.00000000009 6.027427195221119e-08
67300.00000000009 7.200917171464872e-08
67350.00000000009 4.174128415279488e-08
67400.00000000009 9.115963224351107e-08
67450.00000000009 6.396619297184585e-08
67500.00000000009 5.915510896650559e-08
67550.00000000009 8.340093836858605e-08
67600.00000000009 1.3888762926371028e-07
67650.00000000009 1.0272258555261449e-07
67700.00000000009 6.905485882879513e-08
67750.00000000009 5.5118845636620916e-08
67800.00000000009 7.84228886656476e-08
67850.00000000009 4.1057924864079345e-08
67900.00000000009 5.257065550383545e-08
67950.00000000009 3.76094301941481e-08
68000.00000000009 6.242617297964512e-08
