galfind/configs/Brown_Dwarf_templates/sonora_cholla/logkzz2/178g/900K_178g_logkzz2_resample.dat
# %ECSV 1.0
# ---
# datatype:
# - {name: wav, unit: Angstrom, datatype: float64}
# - {name: flux_nu, unit: erg / (cm2 Hz s), datatype: float64}
# schema: astropy-2.0
wav flux_nu
[from data line 387]
29350.000000000095 1.1215059780209957e-07
29400.000000000095 5.055848420080216e-08
29450.000000000095 5.47533784411057e-08
29500.000000000095 6.365824625559465e-08
29550.000000000095 5.0319649411029964e-08
29600.000000000095 7.354200342133885e-08
29650.000000000095 6.613640239202391e-08
29700.000000000095 4.8635066446140386e-08
29750.000000000095 6.673743680884218e-08
29800.000000000095 7.787596231101304e-08
29850.000000000095 8.635437375454834e-08
29900.000000000095 8.3219313006579e-08
29950.000000000095 6.672316522598697e-08
30000.000000000095 5.840827608072109e-08
30050.000000000095 5.332777906859636e-08
30100.000000000095 7.007499221255536e-08
30150.000000000095 8.935518098128114e-08
30200.000000000095 6.452934147319943e-08
30250.000000000095 9.666786284723657e-08
30300.000000000095 8.184516832308882e-08
30350.000000000095 6.801230523956574e-08
30400.000000000095 8.478577497379927e-08
30450.000000000095 6.508937449977447e-08
30500.000000000095 6.137106295320616e-08
30550.000000000095 6.068569702918405e-08
30600.000000000095 7.422468863573597e-08
30650.000000000095 6.355403404564e-08
30700.000000000095 5.4918976393837864e-08
30750.000000000095 5.120044405079188e-08
30800.000000000095 4.890429793830504e-08
30850.000000000095 4.75253931048315e-08
30900.000000000095 4.6239067377066675e-08
30950.000000000095 3.197738487839727e-08
31000.000000000095 3.748037003303798e-08
31050.000000000095 3.805421854741299e-08
31100.000000000095 2.4962726507607954e-08
31150.000000000095 3.1865103877662933e-08
31200.000000000095 3.376036229021589e-08
31250.000000000095 2.4712848727026685e-08
31300.000000000095 2.311610761347459e-08
31350.000000000095 2.366284141116853e-08
31400.000000000095 1.4557371510703626e-08
31450.000000000095 2.4220223086081053e-08
31500.000000000095 1.4620375031407571e-08
31550.000000000095 1.976985292037237e-08
31600.000000000095 1.2629529968342379e-08
31650.000000000095 1.3227564859228105e-08
31700.000000000095 1.5647934604765478e-08
31750.000000000095 9.062503377569446e-09
31800.000000000095 1.4315483194901879e-08
31850.000000000095 1.057606057199242e-08
31900.000000000095 1.1765404716782173e-08
31950.000000000095 1.0114691926206161e-08
32000.000000000095 1.1108680048453161e-08
32050.000000000095 7.926066224339332e-09
32100.000000000095 7.685511995320441e-09
32150.000000000095 1.0069535280169949e-08
32200.000000000095 6.953209357978303e-09
32250.000000000095 1.3234070268720331e-08
32300.000000000095 5.711512139183749e-09
32350.000000000095 1.4216001129299563e-08
32400.000000000095 8.171002927738615e-09
32450.000000000095 1.2115621987730934e-08
32500.000000000095 8.901829394043086e-09
32550.000000000095 1.2036445396496259e-08
32600.000000000095 1.1833306144497934e-08
32650.000000000095 1.7283352528192904e-08
32700.000000000095 1.3623181931310744e-08
32750.000000000095 2.0726868170201535e-08
32800.000000000095 1.5033732568965796e-08
32850.000000000095 2.3668868897049498e-08
32900.000000000095 2.3611550253566257e-08
32950.000000000095 2.6642104462409607e-08
33000.000000000095 2.105403240071333e-08
33050.000000000095 2.144992758897616e-08
33100.000000000095 9.394436439928372e-09
33150.000000000095 1.1540466262094366e-09
33200.000000000095 1.7327788026888407e-09
33250.000000000095 9.505330161086678e-10
33300.000000000095 1.377467032891648e-09
33350.000000000095 3.3411865707990812e-09
33400.000000000095 5.6971974945174806e-09
33450.000000000095 7.485537760953917e-09
33500.000000000095 1.1509107705152336e-08
33550.000000000095 1.0101611945453901e-08
33600.000000000095 1.6394051561578226e-08
33650.000000000095 1.4494307513654321e-08
33700.000000000095 1.261481780694651e-08
33750.000000000095 1.8766704894024294e-08
33800.000000000095 1.0817026950231971e-08
33850.000000000095 1.5998559773409484e-08
33900.000000000095 1.5102071196944373e-08
33950.000000000095 1.5890112048706464e-08
34000.000000000095 1.9898058785162533e-08
34050.000000000095 7.852566213430402e-09
34100.000000000095 1.839712123384079e-08
34150.000000000095 1.2504911061175394e-08
34200.000000000095 1.699142119509014e-08
34250.000000000095 1.3020752730843099e-08
34300.000000000095 1.169409861766191e-08
34350.000000000095 1.7495102271371266e-08
34400.000000000095 1.2546085158776918e-08
34450.000000000095 2.0105107976709785e-08
34500.000000000095 1.3578788016777027e-08
34550.000000000095 1.0291113578662374e-08
34600.000000000095 2.0308529263731985e-08
34650.000000000095 1.0819982005032778e-08
34700.000000000095 1.3681254462774184e-08
34750.000000000095 1.2764184745529422e-08
34800.000000000095 9.585191970558496e-09
34850.000000000095 1.606319724708875e-08
34900.000000000095 1.7937213728714934e-08
34950.000000000095 1.5473596223539423e-08
35000.000000000095 2.1990691526237405e-08
35050.000000000095 1.6150808265162905e-08
35100.000000000095 2.3718998364627912e-08
35150.000000000095 2.147085712191969e-08
35200.000000000095 2.9290367364105865e-08
35250.000000000095 2.8055276137544486e-08
35300.000000000095 1.942442130725314e-08
35350.000000000095 2.9144474330181104e-08
35400.000000000095 2.8051376609680963e-08
35450.000000000095 2.4362656035385887e-08
35500.000000000095 4.4213632713305824e-08
35550.000000000095 3.335366561526828e-08
35600.000000000095 3.58778615850793e-08
35650.000000000095 3.49742370524179e-08
35700.000000000095 2.483312752153059e-08
35750.000000000095 4.9213393022240446e-08
35800.000000000095 3.8458639042106644e-08
35850.000000000095 2.7216300845938978e-08
35900.000000000095 4.331063330514068e-08
35950.000000000095 4.286771846116053e-08
36000.000000000095 2.6224096102208026e-08
36050.000000000095 3.9872637672885914e-08
36100.000000000095 3.896070072056291e-08
36150.000000000095 4.38350765453646e-08
36200.000000000095 4.0652283537015646e-08
36250.000000000095 4.844003561130721e-08
36300.000000000095 5.11179070278714e-08
36350.000000000095 5.220173725838682e-08
36400.000000000095 6.866601425674402e-08
36450.000000000095 6.60322600266899e-08
36500.000000000095 6.778865542205537e-08
36550.000000000095 7.214620297293368e-08
36600.000000000095 8.940541151278023e-08
36650.000000000095 9.156362769693154e-08
36700.000000000095 9.584081631744586e-08
36750.000000000095 1.0513027855578867e-07
36800.000000000095 9.03257078563438e-08
36850.000000000095 8.038187838448315e-08
36900.000000000095 9.276643620493536e-08
36950.000000000095 9.803358729180765e-08
37000.000000000095 9.224387988695634e-08
37050.000000000095 1.0551997992588388e-07
37100.000000000095 1.1286015468057969e-07
37150.000000000095 1.1045763911585511e-07
37200.000000000095 1.0654061316678845e-07
37250.000000000095 9.357938492649051e-08
37300.000000000095 9.903292832611406e-08
37350.000000000095 1.1767545100471887e-07
37400.000000000095 1.3779403663069596e-07
37450.000000000095 1.1962091883076767e-07
37500.000000000095 1.0058292342992718e-07
37550.000000000095 1.6288092157065633e-07
37600.000000000095 1.6847869020064172e-07
37650.000000000095 1.2253914184298838e-07
37700.000000000095 1.3787939509743647e-07
37750.000000000095 1.0666597758125526e-07
37800.000000000095 1.2180711395900013e-07
37850.000000000095 1.0433683307089185e-07
37900.000000000095 1.1989148923336597e-07
37950.000000000095 1.453799657842736e-07
38000.000000000095 1.7511806198665611e-07
38050.000000000095 1.5292441329536943e-07
38100.000000000095 1.6624801279345407e-07
38150.000000000095 1.7784514313358758e-07
38200.000000000095 1.853803614990763e-07
38250.000000000095 1.7772491615150042e-07
38300.000000000095 2.3195631190937503e-07
38350.000000000095 2.323144311785386e-07
38400.000000000095 1.519444614000687e-07
38450.000000000095 1.5842336932382448e-07
38500.000000000095 1.19740981405406e-07
38550.000000000095 1.5802638459214856e-07
38600.000000000095 1.6777041245074526e-07
38650.000000000095 2.2443255177985764e-07
38700.000000000095 2.0190905194572434e-07
38750.000000000095 2.090754066252095e-07
38800.000000000095 1.677479576189994e-07
38850.000000000095 2.367933536382827e-07
38900.000000000095 2.3705645648254812e-07
38950.000000000095 1.9709900707292264e-07
39000.000000000095 2.6314513545426864e-07
39050.000000000095 2.1377360257112417e-07
39100.000000000095 2.401792670666374e-07
39150.000000000095 2.2180800487745727e-07
39200.000000000095 2.0815581407921282e-07
39250.000000000095 2.620920531092809e-07
39300.000000000095 2.464146604676512e-07
39350.000000000095 3.1746976739924744e-07
39400.000000000095 2.835115101795878e-07
39450.000000000095 2.8478217904735904e-07
39500.000000000095 2.5699348225590735e-07
39550.000000000095 2.6177100462402975e-07
39600.000000000095 2.80891878445496e-07
39650.000000000095 3.5062536206789924e-07
39700.000000000095 2.7393983015379026e-07
39750.000000000095 2.144904056275097e-07
39800.000000000095 2.9435937349737213e-07
39850.000000000095 3.2798253354487123e-07
39900.000000000095 3.201830409570375e-07
39950.000000000095 3.0830196586044265e-07
40000.000000000095 3.6313148137428106e-07
40050.000000000095 3.52698621513012e-07
40100.000000000095 2.5880239766886314e-07
40150.000000000095 3.882986450564184e-07
40200.000000000095 3.8673037568752574e-07
40250.000000000095 3.4862251826934767e-07
40300.000000000095 3.9036533313430404e-07
40350.000000000095 3.102204011641268e-07
40400.000000000095 3.771421330634016e-07
40450.000000000095 3.4697604969367114e-07
40500.000000000095 3.997068483332366e-07
40550.000000000095 4.03681088337601e-07
40600.000000000095 3.785579199244801e-07
40650.000000000095 3.9003190536656217e-07
40700.000000000095 5.077528055929148e-07
40750.000000000095 4.330735543768196e-07
40800.000000000095 3.4145773245455554e-07
40850.000000000095 4.898748821551016e-07
40900.000000000095 4.1364868599787723e-07
40950.000000000095 3.723507275923368e-07
41000.000000000095 4.2779972678651056e-07
41050.000000000095 4.976543437451327e-07
41100.000000000095 3.895982243740832e-07
41150.000000000095 3.275689203170425e-07
41200.000000000095 4.993460660887131e-07
41250.000000000095 4.5918721129875966e-07
41300.000000000095 3.80751211327544e-07
41350.000000000095 5.269276510472848e-07
41400.000000000095 4.62782695750282e-07
41450.000000000095 4.905680330158893e-07
41500.000000000095 3.9578412278939223e-07
41550.000000000095 3.8949476866632314e-07
41600.000000000095 4.787480308273752e-07
41650.000000000095 4.3894293166795687e-07
41700.000000000095 4.209917946415748e-07
41750.000000000095 3.8272874471286244e-07
41800.000000000095 5.461624440383126e-07
41850.000000000095 3.1718458785548904e-07
41900.000000000095 3.912392493415384e-07
41950.000000000095 4.243665223308362e-07
42000.000000000095 4.6478112310327233e-07
42050.000000000095 4.2137185892639335e-07
42100.000000000095 4.807959598419097e-07
42150.000000000095 3.662188297538757e-07
42200.000000000095 4.075672465391002e-07
42250.000000000095 3.716272254039976e-07
42300.000000000095 3.9838586077408766e-07
42350.000000000095 4.3643710366975926e-07
42400.000000000095 3.9075434794940055e-07
42450.000000000095 3.854263553319986e-07
42500.000000000095 3.568415078997926e-07
42550.000000000095 3.6790119384612905e-07
42600.000000000095 3.731309534153717e-07
42650.000000000095 5.13594185818825e-07
42700.000000000095 3.396790689489112e-07
42750.000000000095 3.4965007598594653e-07
42800.000000000095 3.377299774344376e-07
42850.000000000095 3.9239067098836175e-07
42900.000000000095 4.3632871843660604e-07
42950.000000000095 3.3460721337591053e-07
43000.000000000095 4.532406065223411e-07
43050.000000000095 2.530777417320735e-07
43100.000000000095 3.4541396848737843e-07
43150.000000000095 3.973759934011393e-07
43200.000000000095 4.086910201685039e-07
43250.000000000095 4.740276242008209e-07
43300.000000000095 5.068572520617985e-07
43350.000000000095 3.1936997040332287e-07
43400.000000000095 4.052336194751545e-07
43450.000000000095 2.8760971853996074e-07
43500.000000000095 3.04429098558432e-07
43550.000000000095 3.189918923620867e-07
43600.000000000095 4.09354721840386e-07
43650.000000000095 2.7865963688777527e-07
43700.000000000095 4.639355170678578e-07
43750.000000000095 4.458544979317823e-07
43800.000000000095 3.5412829560557013e-07
43850.000000000095 3.6709607979004607e-07
43900.000000000095 3.0502904803405736e-07
43950.000000000095 2.809338603354083e-07
44000.000000000095 1.9003981938856975e-07
44050.000000000095 3.387521925495497e-07
44100.000000000095 3.651317113570796e-07
44150.000000000095 3.662329780044912e-07
44200.000000000095 3.0594240888594585e-07
44250.000000000095 2.6847850906451604e-07
44300.000000000095 2.418667116357856e-07
44350.000000000095 2.1097712222899863e-07
44400.000000000095 2.2587362330587237e-07
44450.000000000095 2.443000347443581e-07
44500.000000000095 1.9625829635774675e-07
44550.000000000095 2.4385965781841185e-07
44600.000000000095 1.919814495447691e-07
44650.000000000095 2.2618988760803718e-07
44700.000000000095 1.9529440256297095e-07
44750.000000000095 2.121333768047776e-07
44800.000000000095 1.8336992889005564e-07
44850.000000000095 1.9117342847532191e-07
44900.000000000095 1.4262895063373783e-07
44950.000000000095 1.438521986598403e-07
45000.000000000095 1.5721040937413132e-07
45050.000000000095 1.624699230474932e-07
45100.000000000095 1.4803095239281142e-07
45150.000000000095 1.3733986985978321e-07
45200.000000000095 9.676895114019539e-08
45250.000000000095 1.1172243062301126e-07
45300.000000000095 1.2955276728850649e-07
45350.000000000095 1.3180492971739198e-07
45400.000000000095 1.0140582918909869e-07
45450.000000000095 1.0228348350209092e-07
45500.000000000095 1.0419548083683238e-07
45550.000000000095 1.240981862621721e-07
45600.000000000095 1.0131976742398696e-07
45650.000000000095 9.663425772133831e-08
45700.000000000095 1.1775071927113791e-07
45750.000000000095 1.0387092317101474e-07
45800.000000000095 8.955086873268734e-08
45850.000000000095 1.436618248347556e-07
45900.000000000095 1.429868895327239e-07
45950.000000000095 9.258431360147775e-08
46000.000000000095 1.3177978479855745e-07
46050.000000000095 1.3818508379401848e-07
46100.000000000095 9.427265657186031e-08
46150.000000000095 1.3182681036797518e-07
46200.000000000095 1.2366406575151515e-07
46250.000000000095 6.414106445805883e-08
46300.000000000095 1.5378713199687014e-07
46350.000000000095 1.0747669803450393e-07
46400.000000000095 1.3576323900624868e-07
46450.000000000095 1.7722759833791691e-07
46500.000000000095 1.2462634882659953e-07
46550.000000000095 1.5669444161952858e-07
46600.000000000095 1.6380447454699988e-07
46650.000000000095 2.9235058082368944e-07
46700.000000000095 1.9651472550484079e-07
46750.000000000095 1.514298872078787e-07
46800.000000000095 1.0607913734182794e-07
46850.000000000095 1.972043957518821e-07
46900.000000000095 1.625091208866949e-07
46950.000000000095 2.1713204972347525e-07
47000.000000000095 1.1997629465166416e-07
47050.000000000095 2.242255172058989e-07
47100.000000000095 9.384868995418503e-08
47150.000000000095 1.3077746871099462e-07
47200.000000000095 1.7161348895066696e-07
47250.000000000095 1.0982661985536721e-07
47300.000000000095 1.2320589076759015e-07
47350.000000000095 1.0110467324363628e-07
47400.000000000095 1.9176199454952882e-07
47450.000000000095 1.0204650645612699e-07
47500.000000000095 2.0820714827436e-07
47550.000000000095 1.0808384464058654e-07
47600.000000000095 1.8890530244569862e-07
47650.000000000095 1.047659061098153e-07
47700.000000000095 1.7808404236501147e-07
47750.000000000095 8.334965828151573e-08
47800.000000000095 1.4702232264999628e-07
47850.000000000095 7.978003605084732e-08
47900.000000000095 1.3346499733409232e-07
47950.000000000095 1.1440152417888106e-07
48000.000000000095 2.212168355140217e-07
48050.000000000095 1.3640684263877613e-07
48100.000000000095 1.6155160715472366e-07
48150.000000000095 1.2788747269491107e-07
48200.000000000095 1.8619175825723821e-07
48250.000000000095 1.305904229452458e-07
48300.000000000095 2.50286530252748e-07
48350.000000000095 1.1690252205260197e-07
48400.000000000095 1.3499817897423505e-07
48450.000000000095 1.1954163067018754e-07
48500.000000000095 2.3144641607969169e-07
48550.000000000095 1.0975792717306345e-07
