galfind/configs/Brown_Dwarf_templates/sonora_cholla/logkzz2/178g/950K_178g_logkzz2_resample.dat
# %ECSV 1.0
# ---
# datatype:
# - {name: wav, unit: Angstrom, datatype: float64}
# - {name: flux_nu, unit: erg / (cm2 Hz s), datatype: float64}
# schema: astropy-2.0
wav flux_nu
10000.000000000093 nan
10050.000000000093 1.7066156769908214e-07
10100.000000000093 2.0638882056382755e-07
10150.000000000093 2.1481040497605445e-07
10200.000000000093 2.424757804952892e-07
10250.000000000093 2.658670315698373e-07
10300.000000000093 2.7489449073860614e-07
10350.000000000093 3.213565994277975e-07
10400.000000000093 3.5825923829178106e-07
10450.000000000093 3.7028519569601073e-07
10500.000000000093 3.625854710141317e-07
10550.000000000093 3.66257848592489e-07
10600.000000000093 3.809576608332495e-07
10650.000000000093 4.081871788264515e-07
10700.000000000093 4.299835473300241e-07
10750.000000000093 4.5286655567842665e-07
10800.000000000093 4.618597400792235e-07
10850.000000000093 4.782191706702456e-07
10900.000000000093 3.824686073936186e-07
10950.000000000093 2.3148534448925898e-07
11000.000000000093 1.8320384905519668e-07
11050.000000000093 1.3410574721516083e-07
11100.000000000093 1.0596346485828305e-07
11150.000000000093 7.321291767138051e-08
11200.000000000093 6.97055185758196e-08
11250.000000000093 8.536772773046809e-08
11300.000000000093 8.698951491314264e-08
11350.000000000093 4.179182243631399e-08
11400.000000000093 8.505754908831413e-08
11450.000000000093 6.345303969321011e-08
11500.000000000093 6.625051911303897e-08
11550.000000000093 3.6846399773185e-08
11600.000000000093 3.972732270920377e-08
11650.000000000093 5.6289276787236925e-08
11700.000000000093 6.245796866957889e-08
11750.000000000093 3.2376557898938875e-08
11800.000000000093 7.34142619759927e-08
11850.000000000093 1.0954781808670398e-07
11900.000000000093 1.22038200367611e-07
11950.000000000093 1.7046210568897606e-07
12000.000000000093 2.0542898519399773e-07
12050.000000000093 2.598219051681304e-07
12100.000000000093 3.0586528659579114e-07
12150.000000000093 3.5583104789610995e-07
12200.000000000093 4.109300330637466e-07
12250.000000000093 4.74119584444905e-07
12300.000000000093 5.28872128362424e-07
12350.000000000093 5.517028796038555e-07
12400.000000000093 6.014540513852517e-07
12450.000000000093 6.788385139091175e-07
12500.000000000093 7.199630492882813e-07
12550.000000000093 7.61217697438456e-07
12600.000000000093 7.612947795703762e-07
12650.000000000093 7.499007166473685e-07
12700.000000000093 7.647777470711195e-07
12750.000000000093 7.15285419483931e-07
12800.000000000093 7.218573963183508e-07
12850.000000000093 6.227129296426675e-07
12900.000000000093 5.519361714137062e-07
12950.000000000093 5.541610705849238e-07
13000.000000000093 5.413414411009212e-07
13050.000000000093 5.004448649103844e-07
13100.000000000093 4.502939719222803e-07
13150.000000000093 3.683247421816452e-07
13200.000000000093 3.347920921373863e-07
13250.000000000093 2.4396663015933154e-07
13300.000000000093 1.2200737711298721e-07
13350.000000000093 3.5366559378977546e-08
13400.000000000093 1.8530656357067717e-08
13450.000000000093 1.0150436716501775e-08
13500.000000000093 5.7074262751333465e-09
13550.000000000093 4.322836170984456e-09
13600.000000000093 2.271392629384104e-09
13650.000000000093 6.626661993519936e-09
13700.000000000093 5.083786128925811e-09
13750.000000000093 5.99045456731254e-09
13800.000000000093 7.291568230011851e-09
13850.000000000093 5.414261062904566e-09
13900.000000000093 5.5891872417139264e-09
13950.000000000093 5.0214546673656355e-09
14000.000000000093 4.7017569166355575e-09
14050.000000000093 6.321746675908306e-09
14100.000000000093 5.15057890081013e-09
14150.000000000093 7.719684052981409e-09
14200.000000000093 5.769909481043819e-09
14250.000000000093 6.3652400117292646e-09
14300.000000000093 1.0766007373322824e-08
14350.000000000093 1.0265325905487132e-08
14400.000000000093 1.1931243455169436e-08
14450.000000000093 1.3427980846199951e-08
14500.000000000093 2.5470184790638134e-08
14550.000000000093 2.6071980556218912e-08
14600.000000000093 3.604243565365375e-08
14650.000000000093 3.825162154197491e-08
14700.000000000093 2.6620890847856864e-08
14750.000000000093 3.727893611990567e-08
14800.000000000093 4.8956135100122476e-08
14850.000000000093 5.083385574718194e-08
14900.000000000093 5.60781840550459e-08
14950.000000000093 6.47392027967253e-08
15000.000000000093 7.130974645943602e-08
15050.000000000093 8.92313282914661e-08
15100.000000000093 1.027615680849294e-07
15150.000000000093 1.1087207410270851e-07
15200.000000000093 1.0374338643793433e-07
15250.000000000093 1.3190348481701177e-07
15300.000000000093 1.5707183634647836e-07
15350.000000000093 1.8653511560204573e-07
15400.000000000093 2.0681964393750602e-07
15450.000000000093 2.3455463608993854e-07
15500.000000000093 2.5002429529404127e-07
15550.000000000093 2.9007917858785193e-07
15600.000000000093 3.137274858665685e-07
15650.000000000093 3.240814777193025e-07
15700.000000000093 3.6911289541955233e-07
15750.000000000093 3.930533366718213e-07
15800.000000000093 3.773790637415845e-07
15850.000000000093 4.0179044863062766e-07
15900.000000000093 3.80314972636181e-07
15950.000000000093 3.5317686882310724e-07
16000.000000000093 3.02049221446385e-07
16050.000000000093 2.2868074608797526e-07
16100.000000000093 1.7819748855628543e-07
16150.000000000093 1.1751657224159832e-07
16200.000000000093 7.825793200097895e-08
16250.000000000093 7.61830238702666e-08
16300.000000000093 5.9289589381164934e-08
16350.000000000093 6.65081592419653e-08
16400.000000000095 7.684311866758836e-08
16450.000000000095 8.58378347602398e-08
16500.000000000095 9.282647929984027e-08
16550.000000000095 8.551232482431447e-08
16600.000000000095 8.5057963779014e-08
16650.000000000095 6.250237220642788e-08
16700.000000000095 2.3793909553013463e-08
16750.000000000095 3.5367895533408185e-08
16800.000000000095 5.8070138070709305e-08
16850.000000000095 6.085999070451932e-08
16900.000000000095 4.852545845529391e-08
16950.000000000095 4.2550681709808576e-08
17000.000000000095 3.374531327001154e-08
17050.000000000095 4.600857216358814e-08
17100.000000000095 5.699823685695407e-08
17150.000000000095 4.2300395874415655e-08
17200.000000000095 6.739128999176032e-08
17250.000000000095 5.511736821927237e-08
17300.000000000095 4.321746975794646e-08
17350.000000000095 4.307499363803795e-08
17400.000000000095 4.34503861546909e-08
17450.000000000095 5.0074549119331784e-08
17500.000000000095 6.032935989454037e-08
17550.000000000095 5.188016628533006e-08
17600.000000000095 4.216847302082433e-08
17650.000000000095 4.239054370706626e-08
17700.000000000095 3.130129404581652e-08
17750.000000000095 2.927777177437518e-08
17800.000000000095 3.958187880448039e-08
17850.000000000095 2.6831781569765108e-08
17900.000000000095 2.9199340300534898e-08
17950.000000000095 2.0214100246515192e-08
18000.000000000095 2.431656165882199e-08
18050.000000000095 2.5674456694234155e-08
18100.000000000095 2.2196672696255032e-08
18150.000000000095 3.337782696753168e-08
18200.000000000095 1.987121185056056e-08
18250.000000000095 4.2771627200583865e-08
18300.000000000095 2.571799225585728e-08
18350.000000000095 2.243012786806041e-08
18400.000000000095 1.977655198499071e-08
18450.000000000095 2.548606879003706e-08
18500.000000000095 2.9094088550555485e-08
18550.000000000095 2.229769510944618e-08
18600.000000000095 2.0097916264308785e-08
18650.000000000095 1.776108816541155e-08
18700.000000000095 1.6792962022566762e-08
18750.000000000095 2.1965790639338985e-08
18800.000000000095 4.229240041154015e-08
18850.000000000095 4.773020935364494e-08
18900.000000000095 4.273764184646798e-08
18950.000000000095 6.935051383963556e-08
19000.000000000095 4.6445011241139404e-08
19050.000000000095 3.5103236229369245e-08
19100.000000000095 6.249317842813218e-08
19150.000000000095 4.688782497951673e-08
19200.000000000095 5.5792005661231875e-08
19250.000000000095 4.6667365756960136e-08
19300.000000000095 3.9968368634416774e-08
19350.000000000095 3.703659285553389e-08
19400.000000000095 2.3499817606466508e-08
19450.000000000095 4.4628993282445436e-08
19500.000000000095 4.134921155341645e-08
19550.000000000095 3.2696597186726897e-08
19600.000000000095 4.589530899876672e-08
19650.000000000095 5.125672900917697e-08
19700.000000000095 5.3219938981745255e-08
19750.000000000095 5.6712401344768685e-08
19800.000000000095 6.531941228147822e-08
19850.000000000095 7.952512113386639e-08
19900.000000000095 5.7745594356358245e-08
19950.000000000095 9.144472865445117e-08
20000.000000000095 8.937023818448981e-08
20050.000000000095 9.474538935424277e-08
20100.000000000095 1.0494186964401576e-07
20150.000000000095 9.987085905765355e-08
20200.000000000095 1.202706801958476e-07
20250.000000000095 1.3704670093128397e-07
20300.000000000095 1.2422987759201525e-07
20350.000000000095 1.4397072431212578e-07
20400.000000000095 1.4261074367715353e-07
20450.000000000095 1.7180158872036256e-07
20500.000000000095 1.7584017716192665e-07
20550.000000000095 1.6855329463436025e-07
20600.000000000095 1.969086792366452e-07
20650.000000000095 1.8393705161826675e-07
20700.000000000095 1.8908482005767681e-07
20750.000000000095 2.0530474331927964e-07
20800.000000000095 2.0032738868726334e-07
20850.000000000095 1.971953935759201e-07
20900.000000000095 2.0688247760222515e-07
20950.000000000095 1.9126867156514214e-07
21000.000000000095 1.9940250531297143e-07
21050.000000000095 1.8457677226162176e-07
21100.000000000095 1.7840690699347898e-07
21150.000000000095 1.7777998930483472e-07
21200.000000000095 1.673700338360274e-07
21250.000000000095 1.631384351646762e-07
21300.000000000095 1.4086391877961387e-07
21350.000000000095 1.4445377513031256e-07
21400.000000000095 1.2839468251836915e-07
21450.000000000095 1.1638588527753368e-07
21500.000000000095 1.178704490126043e-07
21550.000000000095 1.0835354714739072e-07
21600.000000000095 9.759857359021253e-08
21650.000000000095 8.458652082778809e-08
21700.000000000095 8.806033193830087e-08
21750.000000000095 8.224757326969579e-08
21800.000000000095 7.025501989126828e-08
21850.000000000095 6.068192843435483e-08
21900.000000000095 5.128286667434429e-08
21950.000000000095 2.525046348178144e-08
22000.000000000095 1.3598079314327188e-08
22050.000000000095 1.004874530528543e-08
22100.000000000095 1.7693528912198287e-08
22150.000000000095 2.2567975663610764e-08
22200.000000000095 2.1727090054766284e-08
22250.000000000095 1.9875928976972634e-08
22300.000000000095 1.7446551257941755e-08
22350.000000000095 1.6220663324177325e-08
22400.000000000095 1.2336295019653912e-08
22450.000000000095 1.1273390201248842e-08
22500.000000000095 1.2489178529001307e-08
22550.000000000095 6.4361902852359626e-09
22600.000000000095 9.292209568419494e-09
22650.000000000095 1.0843397498410436e-08
22700.000000000095 8.982150800041e-09
22750.000000000095 9.707667948403322e-09
22800.000000000095 8.45393861988422e-09
22850.000000000095 7.506447963643496e-09
22900.000000000095 5.944346628344428e-09
22950.000000000095 6.514224583795328e-09
23000.000000000095 6.170398568426573e-09
23050.000000000095 8.564796765887425e-09
23100.000000000095 1.575925738038529e-08
23150.000000000095 1.6762975500149316e-08
23200.000000000095 4.9464299960532e-09
23250.000000000095 4.964416653600278e-09
23300.000000000095 5.253146652672732e-09
23350.000000000095 4.488312573292699e-09
23400.000000000095 6.988900750832563e-09
23450.000000000095 5.800531852362488e-09
23500.000000000095 5.4883021575185395e-09
23550.000000000095 8.563495656595763e-09
23600.000000000095 9.091510865311833e-09
23650.000000000095 1.21898181819707e-08
23700.000000000095 5.9762495135883906e-09
23750.000000000095 4.565881454717098e-09
23800.000000000095 7.302318919316737e-09
23850.000000000095 7.296012006626298e-09
23900.000000000095 1.2961423294275307e-08
23950.000000000095 1.2465990737430872e-08
24000.000000000095 1.613952274824627e-08
24050.000000000095 1.9895552374671426e-08
24100.000000000095 1.5273226100095786e-08
24150.000000000095 1.8170482571850192e-08
24200.000000000095 1.9412035946371525e-08
24250.000000000095 1.3663434529327408e-08
24300.000000000095 1.929098301814321e-08
24350.000000000095 1.5625826829688344e-08
24400.000000000095 2.5567547461244035e-08
24450.000000000095 2.0862669280578843e-08
24500.000000000095 2.5033977933317878e-08
24550.000000000095 2.65397032350259e-08
24600.000000000095 3.095011380429763e-08
24650.000000000095 3.441701330842179e-08
24700.000000000095 2.7267467413208955e-08
24750.000000000095 2.5754651497836388e-08
24800.000000000095 2.8626966979935915e-08
24850.000000000095 4.0727258486144205e-08
24900.000000000095 2.156164190064586e-08
24950.000000000095 3.6705583519649076e-08
25000.000000000095 3.709065806674437e-08
25050.000000000095 2.6392342856063462e-08
25100.000000000095 3.3490312822600266e-08
25150.000000000095 1.9985487040672388e-08
25200.000000000095 2.9959434244615674e-08
25250.000000000095 1.77576100814717e-08
25300.000000000095 2.7426567427260477e-08
25350.000000000095 1.3530740804988427e-08
25400.000000000095 2.8292712081948226e-08
25450.000000000095 1.7208043208520673e-08
25500.000000000095 1.6380275750564597e-08
25550.000000000095 2.0592685953511375e-08
25600.000000000095 1.2631462459342974e-08
25650.000000000095 1.1020260051439054e-08
25700.000000000095 2.1115034937834616e-08
25750.000000000095 9.863593880044257e-09
25800.000000000095 2.222677817210482e-08
25850.000000000095 9.508189398866669e-09
25900.000000000095 1.3169674040363416e-08
25950.000000000095 7.833542473466543e-09
26000.000000000095 2.2270797534233122e-08
26050.000000000095 1.2179616189386717e-08
26100.000000000095 2.303791101769132e-08
26150.000000000095 1.704046516055116e-08
26200.000000000095 2.1171454096244166e-08
26250.000000000095 3.350473513391359e-08
26300.000000000095 1.9759624880356946e-08
26350.000000000095 3.846601912351553e-08
26400.000000000095 4.6984837456010713e-08
26450.000000000095 4.08026928743203e-08
26500.000000000095 3.842990451626578e-08
26550.000000000095 2.666769478343816e-08
26600.000000000095 3.275731953182071e-08
26650.000000000095 1.3753510974572312e-08
26700.000000000095 9.58215390789914e-09
26750.000000000095 8.93722078672771e-09
26800.000000000095 1.4568226186661791e-08
26850.000000000095 8.3934706616969e-09
26900.000000000095 2.118666240525191e-08
26950.000000000095 9.757528642724169e-09
27000.000000000095 2.891274427762538e-08
27050.000000000095 2.559876163427262e-08
27100.000000000095 1.5244598093585665e-08
27150.000000000095 3.51832012854793e-08
27200.000000000095 1.5903945703251057e-08
27250.000000000095 2.140665446722418e-08
27300.000000000095 5.7080349437200735e-08
27350.000000000095 3.807242820273796e-08
27400.000000000095 8.428549599984615e-09
27450.000000000095 4.7114160866579085e-08
27500.000000000095 4.991495134537156e-08
27550.000000000095 2.0729218608982794e-08
27600.000000000095 3.89597111688336e-08
27650.000000000095 1.6909994096445427e-08
27700.000000000095 1.2952248474214463e-08
27750.000000000095 3.9309558433039715e-08
27800.000000000095 1.829769491914181e-08
27850.000000000095 2.1482399575671518e-08
27900.000000000095 2.8145122013805347e-08
27950.000000000095 3.724878794956814e-08
28000.000000000095 3.613473028511911e-08
28050.000000000095 1.3533825286331513e-08
28100.000000000095 4.8385818331186265e-08
28150.000000000095 3.232820859807945e-08
28200.000000000095 1.2539093132580987e-08
28250.000000000095 4.8574586358359527e-08
28300.000000000095 6.720107235113443e-08
28350.000000000095 1.6684218942028965e-08
28400.000000000095 4.083584769703784e-08
28450.000000000095 5.127174541481517e-08
28500.000000000095 3.886682917264337e-08
28550.000000000095 1.4849332743468429e-08
28600.000000000095 5.194593355294718e-08
28650.000000000095 4.8995663738754396e-08
28700.000000000095 4.110921417503484e-08
28750.000000000095 6.114380704421369e-08
28800.000000000095 5.212841156912073e-08
28850.000000000095 6.825960468772164e-08
28900.000000000095 2.975905586091613e-08
28950.000000000095 7.547472153410378e-08
29000.000000000095 4.8619709503994594e-08
29050.000000000095 6.011605219938679e-08
29100.000000000095 3.58459088639168e-08
29150.000000000095 8.064224718286658e-08
29200.000000000095 5.2134209174348814e-08
29250.000000000095 7.556659947299625e-08
29300.000000000095 4.449230544971158e-08
