galfind/configs/Brown_Dwarf_templates/sonora_bobcat/m0.0/17g/sp_t850g17nc_m0.0_resample.dat
# %ECSV 1.0
# ---
# datatype:
# - {name: wav, unit: Angstrom, datatype: float64}
# - {name: flux_nu, unit: erg / (cm2 Hz s), datatype: float64}
# meta: {C/O: '1.00', Kzz: '1.0000E+05', Teff: '850.', Y: '0.28', '[Fe/H]': '0.00', f_hole: '1.00', f_rain: '0.00', grav: '18.'}
# schema: astropy-2.0
wav flux_nu
[from data line 497]
28850.056 6.339486665991229e-08
28900.056 3.267186432205315e-08
28950.056 6.989628094540996e-08
29000.056 5.5662204317633515e-08
29050.056 5.975524791708608e-08
29100.056 4.392832172984241e-08
29150.056 7.365035945011956e-08
29200.056 5.473338094378277e-08
29250.056 7.941318721872418e-08
29300.056 4.4711250525291866e-08
29350.056 1.0716530873523132e-07
29400.056 6.005235834090275e-08
29450.056 6.724066021685789e-08
29500.056 7.564933222754233e-08
29550.056 6.409756968192268e-08
29600.056 7.675698207176154e-08
29650.056 7.863913484185659e-08
29700.056 5.474456171158905e-08
29750.056 8.002242146859622e-08
29800.056 8.192591325145125e-08
29850.056 8.717566284550713e-08
29900.056 7.7625193973903e-08
29950.056 7.871651755583301e-08
30000.056 4.282763861715021e-08
30050.056 4.765885807809622e-08
30100.056 4.109332176788855e-08
30150.056 7.379443811588572e-08
30200.056 5.543268164970303e-08
30250.056 8.850033961072372e-08
30300.056 7.605854347141389e-08
30350.056 6.408649358003429e-08
30400.056 7.692846518701763e-08
30450.056 5.4623533289137046e-08
30500.056 4.5212387524594995e-08
30550.056 4.866084436282007e-08
30600.056 5.6479417330098126e-08
30650.056 4.2829398120288684e-08
30700.056 4.232709161958757e-08
30750.056 4.404752474459178e-08
30800.056 3.5151473301806736e-08
30850.056 3.372964928262031e-08
30900.056 2.869752728850618e-08
30950.056 2.916639073770812e-08
31000.056 2.4366913966022294e-08
31050.056 2.333690354040005e-08
31100.056 1.9329515527106958e-08
31150.056 2.3715247620168848e-08
31200.056 2.4431917369505365e-08
31250.056 1.792701473876568e-08
31300.056 1.688418724070725e-08
31350.056 1.745127438906005e-08
31400.056 1.3691218535669777e-08
31450.056 1.4442909440497022e-08
31500.056 1.1490802738126988e-08
31550.056 1.3243040068999259e-08
31600.056 9.675896055199751e-09
31650.056 9.315146349181894e-09
31700.056 9.206948362858624e-09
31750.056 7.901889528363432e-09
31800.056 9.766012569179737e-09
31850.056 7.864275121610673e-09
31900.056 8.988161559958806e-09
31950.056 5.663688875039786e-09
32000.056 7.482992551729474e-09
32050.056 8.396423687600166e-09
32100.056 8.252531481321907e-09
32150.056 8.402763471808838e-09
32200.056 7.2856676875407176e-09
32250.056 9.405684335301114e-09
32300.056 7.256514834649371e-09
32350.056 9.79042120027775e-09
32400.056 6.8794404543774205e-09
32450.056 8.967627778196972e-09
32500.056 8.270835138271555e-09
32550.056 7.705890154109333e-09
32600.056 9.791992440381029e-09
32650.056 1.4471803553537545e-08
32700.056 1.1782424562002437e-08
32750.056 1.4130245752153018e-08
32800.056 1.3120500339222205e-08
32850.056 1.511442020759781e-08
32900.056 1.7057760999415884e-08
32950.056 1.8029332856969486e-08
33000.056 1.4538358246004044e-08
33050.056 1.401917910006998e-08
33100.056 6.514911986048057e-09
33150.056 2.4341728159999943e-09
33200.056 2.1144664576396178e-09
33250.056 1.1544850510398137e-09
33300.056 1.317168500780227e-09
33350.056 2.3561125039099984e-09
33400.056 3.5479779510282274e-09
33450.056 5.2641251008595095e-09
33500.056 8.439766302505735e-09
33550.056 7.468312947393927e-09
33600.056 1.2203713470348051e-08
33650.056 1.1859103237176819e-08
33700.056 1.0641155271577914e-08
33750.056 1.477968482562494e-08
33800.056 1.3044198304692617e-08
33850.056 1.4363526188548374e-08
33900.056 1.1825798653480598e-08
33950.056 1.1936627655987733e-08
34000.056 1.552986576869734e-08
34050.056 8.399695486034552e-09
34100.056 1.5368371289339816e-08
34150.056 1.2742700687980822e-08
34200.056 1.2358364746234012e-08
34250.056 1.2667236550170527e-08
34300.056 1.199867568857408e-08
34350.056 9.95452969889944e-09
34400.056 9.12129049653767e-09
34450.056 1.2175353054195633e-08
34500.056 1.1643438456782074e-08
34550.056 9.829334705741451e-09
34600.056 1.5086006809298495e-08
34650.056 1.1004092460610725e-08
34700.056 1.3248257342498887e-08
34750.056 1.3236187426565152e-08
34800.056 1.2226054530124569e-08
34850.056 1.316756798000553e-08
34900.056 1.4668605991773613e-08
34950.056 1.5679668665995694e-08
35000.056 2.2397589953607785e-08
35050.056 1.4036245474557709e-08
35100.056 1.8104020968003646e-08
35150.056 1.616023634326364e-08
35200.056 1.869853919132671e-08
35250.056 2.3631404369271357e-08
35300.056 1.9698678285703584e-08
35350.056 1.9086001193242285e-08
35400.056 2.1569865969298058e-08
35450.056 1.4800501106227994e-08
35500.056 2.8575064514198944e-08
35550.056 2.7041396233093095e-08
35600.056 2.2013306605913182e-08
35650.056 2.560604917596503e-08
35700.056 2.3887318926902717e-08
35750.056 3.066718373509429e-08
35800.056 4.0396662388199686e-08
35850.056 2.4181530882615253e-08
35900.056 3.152555250000069e-08
35950.056 2.9068762841488558e-08
36000.056 2.9677680778405875e-08
36050.056 2.651140841088876e-08
36100.056 2.9261337210581256e-08
36150.056 3.065963541119081e-08
36200.056 3.236402991078849e-08
36250.056 3.178850832895567e-08
36300.056 3.705157416099874e-08
36350.056 3.5288052042906713e-08
36400.056 3.367550387179247e-08
36450.056 4.3532686705897256e-08
36500.056 4.609231310391849e-08
36550.056 4.4028318442111776e-08
36600.056 5.3738071265999236e-08
36650.056 5.316352563950402e-08
36700.056 5.791748618422688e-08
36750.056 6.16397446450453e-08
36800.056 6.020521586100105e-08
36850.056 5.698149603138765e-08
36900.056 6.320090756448873e-08
36950.056 7.013539073058517e-08
37000.056 6.606968252679079e-08
37050.056 6.43055074124875e-08
37100.056 7.538608250420247e-08
37150.056 6.122923016459278e-08
37200.056 7.275744715888529e-08
37250.056 7.667084434038705e-08
37300.056 6.650121437816795e-08
37350.056 6.862451556301725e-08
37400.056 1.0263565724519635e-07
37450.056 7.899198972079769e-08
37500.056 7.964031999179098e-08
37550.056 9.105787314767324e-08
37600.056 9.892047966600753e-08
37650.056 7.660648143949624e-08
37700.056 1.1314839457841347e-07
37750.056 8.451083181169083e-08
37800.056 8.926723102636348e-08
37850.056 6.818546970220543e-08
37900.056 7.617043978512309e-08
37950.056 9.331307216817296e-08
38000.056 1.1226274771750665e-07
38050.056 1.0941760932052139e-07
38100.056 1.017274260644321e-07
38150.056 1.2663448655899443e-07
38200.056 1.3221005137104187e-07
38250.056 1.280175922499159e-07
38300.056 1.6120949210298018e-07
38350.056 1.6450225534901632e-07
38400.056 1.0799706238805799e-07
38450.056 1.1585144415467423e-07
38500.056 8.324978814049902e-08
38550.056 1.2331368029003366e-07
38600.056 1.3110183632032284e-07
38650.056 1.1852558937227866e-07
38700.056 1.2820869903199204e-07
38750.056 1.456172903930163e-07
38800.056 1.2435738284777547e-07
38850.056 1.2521364177471372e-07
38900.056 1.6953132674422364e-07
38950.056 1.428048945627725e-07
39000.056 1.547958967139987e-07
39050.056 1.4055451528498788e-07
39100.056 1.5736328296802178e-07
39150.056 1.5377767272680662e-07
39200.056 1.6742250221429264e-07
39250.056 1.863053071789467e-07
39300.056 1.5188992322691478e-07
39350.056 2.0343477780399958e-07
39400.056 1.7638113402028322e-07
39450.056 1.8590125723869158e-07
39500.056 1.790682399704535e-07
39550.056 1.921590865146492e-07
39600.056 1.9830948320893207e-07
39650.056 2.1119534144498775e-07
39700.056 2.0672807712002913e-07
39750.056 1.7805968791625496e-07
39800.056 2.066908621439252e-07
39850.056 2.399216405959977e-07
39900.056 2.3688108274902903e-07
39950.056 2.1181435994191927e-07
40000.056 2.8723876114607705e-07
40050.056 2.4013792824500437e-07
40100.056 2.1249321883359714e-07
40150.056 2.585596631091446e-07
40200.056 2.6125834790788293e-07
40250.056 2.50804194293894e-07
40300.056 2.5279314830406393e-07
40350.056 2.749376996199859e-07
40400.056 3.023815257771958e-07
40450.056 2.802296643726764e-07
40500.056 2.948287701669828e-07
40550.056 2.989281280771356e-07
40600.056 2.932684622760432e-07
40650.056 2.631960963840092e-07
40700.056 3.459497255290007e-07
40750.056 3.056125506389579e-07
40800.056 2.5351676932786717e-07
40850.056 3.580889935101105e-07
40900.056 3.28296950932042e-07
40950.056 3.1352217178002465e-07
41000.056 3.257063114400096e-07
41050.056 3.8166533935995537e-07
41100.056 3.2768689121203653e-07
41150.056 2.7275404860795565e-07
41200.056 3.7588304921594337e-07
41250.056 3.224945610109541e-07
41300.056 3.006741050319236e-07
41350.056 4.1116563934007473e-07
41400.056 3.7358472471408384e-07
41450.056 3.9098924343608977e-07
41500.056 3.3871757799021985e-07
41550.056 3.402142926777616e-07
41600.056 4.0647424448375974e-07
41650.056 4.0021925369702194e-07
41700.056 3.617293206918355e-07
41750.056 3.851402382089833e-07
41800.056 4.108816748019513e-07
41850.056 3.212440423010276e-07
41900.056 3.5574356812474186e-07
41950.056 3.2117234773107546e-07
42000.056 3.244248590609423e-07
42050.056 3.043359953880033e-07
42100.056 4.0760650894000627e-07
42150.056 3.1741478599995313e-07
42200.056 2.9869916693800295e-07
42250.056 3.008301356454069e-07
42300.056 2.954739966592096e-07
42350.056 3.684924102140671e-07
42400.056 3.27517044240121e-07
42450.056 3.0259470918903e-07
42500.056 2.972740914229998e-07
42550.056 2.9742205209795074e-07
42600.056 2.998517083680775e-07
42650.056 3.2967457095586627e-07
42700.056 3.2076881797583005e-07
42750.056 2.920366434189775e-07
42800.056 3.067024316450672e-07
42850.056 3.494569608198738e-07
42900.056 3.5572332652610466e-07
42950.056 3.1620399270387613e-07
43000.056 3.4286753487601423e-07
43050.056 2.64478400354137e-07
43100.056 3.1939145178893387e-07
43150.056 3.0397202267805413e-07
43200.056 3.5504949932801507e-07
43250.056 3.837032191700071e-07
43300.056 3.885948463800013e-07
43350.056 3.022107705909497e-07
43400.056 3.3542259810595664e-07
43450.056 3.139254605790589e-07
43500.056 2.877585117299752e-07
43550.056 3.074388078765815e-07
43600.056 3.953066472260342e-07
43650.056 3.258046814480017e-07
43700.056 3.5173945703003784e-07
43750.056 3.567002018150917e-07
43800.056 3.3083295341394894e-07
43850.056 3.139315008230506e-07
43900.056 3.38268625944957e-07
43950.056 2.6547929759201717e-07
44000.056 2.632313316769935e-07
44050.056 3.569349445150339e-07
44100.056 3.9908855502002874e-07
44150.056 3.665385743419096e-07
44200.056 3.5524925067199283e-07
44250.056 3.0450095548200937e-07
44300.056 2.8050418878105925e-07
44350.056 2.927269954209703e-07
44400.056 3.1507386638500927e-07
44450.056 3.4256719783195595e-07
44500.056 3.589120965750945e-07
44550.056 3.889401326899315e-07
44600.056 3.2407786302495407e-07
44650.056 3.6440717466908497e-07
44700.056 2.861527297440161e-07
44750.056 3.532867977380104e-07
44800.056 3.251965291000271e-07
44850.056 3.446850199610664e-07
44900.056 3.095082120250224e-07
44950.056 3.340074503080207e-07
45000.056 3.529021291999588e-07
45050.056 3.4796641795700756e-07
45100.056 3.440427193859916e-07
45150.056 3.4402836938945977e-07
45200.056 3.0375795272302817e-07
45250.056 3.2320009188989604e-07
45300.056 2.970596038160585e-07
45350.056 3.0890597687198256e-07
45400.056 3.8332490228103416e-07
45450.056 3.3828177352995946e-07
45500.056 3.492972005789997e-07
45550.056 3.856056402759062e-07
45600.056 3.796663956800244e-07
45650.056 3.0704455990494776e-07
45700.056 3.218906067180447e-07
45750.056 2.9697280499098185e-07
45800.056 3.7332158462999297e-07
45850.056 3.9761867441399386e-07
45900.056 4.088937267200048e-07
45950.056 3.473538734199914e-07
46000.056 3.9138441534500677e-07
46050.056 3.5687220369003083e-07
46100.056 3.773387289999935e-07
46150.056 3.4130621736998385e-07
46200.056 3.378552487700421e-07
46250.056 2.680462254636564e-07
46300.056 3.738224002829934e-07
46350.056 3.407240477410175e-07
46400.056 3.326639796200082e-07
46450.056 3.265180870180559e-07
46500.056 3.3014276400204917e-07
46550.056 3.2419974399197286e-07
46600.056 3.473000299939974e-07
46650.056 4.465315884599435e-07
46700.056 3.7516797281006186e-07
46750.056 2.8157300084597996e-07
46800.056 2.6172178198903e-07
46850.056 4.348143666920962e-07
46900.056 3.9038208778994614e-07
46950.056 4.047364609900184e-07
47000.056 3.6034037212001735e-07
47050.056 3.723491987848642e-07
47100.056 2.808642490385502e-07
47150.056 3.1966703686502355e-07
47200.056 3.699719304980364e-07
47250.056 3.096990276999905e-07
47300.056 2.621242575730826e-07
47350.056 3.6817064013795095e-07
47400.056 3.8252567027394775e-07
47450.056 3.644113233970185e-07
47500.056 4.0442206534592555e-07
47550.056 3.598782650199918e-07
47600.056 3.6113124010997516e-07
47650.056 3.0454745760533305e-07
47700.056 3.620558037523849e-07
47750.056 2.553330017360222e-07
47800.056 3.1733111372400497e-07
47850.056 2.4124712991999195e-07
47900.056 3.049056280259568e-07
47950.056 2.9653386228004905e-07
48000.056 4.215656270300673e-07
48050.056 3.7622696969002167e-07
48100.056 2.897682882980154e-07
48150.056 3.3543761695003334e-07
48200.056 3.294492532320171e-07
48250.056 3.120872239520052e-07
48300.056 3.818860800198531e-07
48350.056 2.675553289040261e-07
48400.056 2.2797848012437112e-07
48450.056 3.064130116331014e-07
48500.056 3.91557495183957e-07
48550.056 2.9847573995599083e-07
48600.056 3.4421684973300357e-07
48650.056 3.2810816666996675e-07
48700.056 3.238461900979822e-07
48750.056 2.3922997354711654e-07
48800.056 4.2377941439999023e-07
48850.056 2.703034131099513e-07
48900.056 3.792117433060099e-07
48950.056 3.1631304948005254e-07
49000.056 2.108219149451454e-07
49050.056 3.3215360483999227e-07
49100.056 3.476111599630704e-07
49150.056 3.1801030987933877e-07
49200.056 3.7500700287003603e-07
49250.056 3.640853696010494e-07
49300.056 3.1905898637699994e-07
49350.056 2.375524808800404e-07
49400.056 3.0367464611898143e-07
49450.056 3.0065367838160193e-07
49500.056 2.643073672469671e-07
49550.056 1.7554962430602278e-07
49600.056 2.566009891180693e-07
49650.056 2.9630298237599617e-07
49700.056 2.6765933773491626e-07
49750.056 3.2426633528991235e-07
49800.056 2.783174126308274e-07
49850.056 3.844410026710992e-07
49900.056 3.0697800683298203e-07
49950.056 3.0950907303998583e-07
50000.056 2.8822118427796723e-07
50050.056 3.339306541900089e-07
50100.056 2.886546703690117e-07
50150.056 2.1015801177097252e-07
50200.056 1.203782902650086e-07
50250.056 2.843155910959599e-07
50300.056 2.2973522710602008e-07
50350.056 3.500589942350307e-07
50400.056 3.0064651655398046e-07
50450.056 2.539454747246497e-07
50500.056 3.037527600060498e-07
50550.056 2.790887259020129e-07
50600.056 2.6591288520394315e-07
50650.056 3.2448177844009084e-07
50700.056 3.4420420028285814e-07
50750.056 3.003544336380579e-07
50800.056 1.8933701771098956e-07
50850.056 1.8804938982106615e-07
50900.056 3.3321840428801153e-07
50950.056 2.661035150730558e-07
51000.056 3.0079235044602636e-07
51050.056 2.6713568002401137e-07
51100.056 1.78026936297583e-07
51150.056 2.427851838351609e-07
51200.056 3.496839441499835e-07
51250.056 2.614438922549195e-07
51300.056 2.2506340588713077e-07
51350.056 2.2974320602298916e-07
51400.056 1.4897739469098896e-07
51450.056 1.2811541151836086e-07
51500.056 1.4951087913645564e-07
51550.056 3.0599131576802363e-07
51600.056 2.1939678529404596e-07
51650.056 2.2373700793994819e-07
51700.056 2.3277031075594718e-07
51750.056 1.7665629527503763e-07
51800.056 2.5339593582993766e-07
51850.056 2.4200917839000114e-07
51900.056 3.2182622585208146e-07
51950.056 2.594201329479774e-07
52000.056 1.1619653288498283e-07
52050.056 2.1050417335803694e-07
52100.056 1.561351498989716e-07
52150.056 1.466219652366109e-07
52200.056 1.5241233076670175e-07
52250.056 1.9076533431603466e-07
52300.056 2.690463034999825e-07
52350.056 2.0942509547741586e-07
52400.056 1.4469615967800446e-07
52450.056 2.4535695500301315e-07
52500.056 2.3546365984792961e-07
52550.056 2.520494564699192e-07
52600.056 2.1247194211404338e-07
52650.056 2.2692379628004746e-07
52700.056 2.0566106710699626e-07
52750.056 1.3946569640559434e-07
52800.056 1.7706385349903097e-07
52850.056 1.822723420519408e-07
52900.056 1.699115860200193e-07
52950.056 1.8100828600599374e-07
53000.056 2.3688013157400457e-07
53050.056 1.361873260071482e-07
53100.056 1.7424275701892954e-07
53150.056 2.5771231414003395e-07
53200.056 1.372984036017976e-07
53250.056 2.4207327046201656e-07
53300.056 2.4787398034153474e-07
53350.056 2.3885250929998576e-07
53400.056 2.2738260948002154e-07
