galfind/configs/Brown_Dwarf_templates/sonora_bobcat/m0.0/17g/sp_t250g17nc_m0.0_resample.dat
# %ECSV 1.0
# ---
# datatype:
# - {name: wav, unit: Angstrom, datatype: float64}
# - {name: flux_nu, unit: erg / (cm2 Hz s), datatype: float64}
# meta: {C/O: '1.00', Kzz: '1.0000E+05', Teff: '250.', Y: '0.28', '[Fe/H]': '0.00', f_hole: '1.00', f_rain: '0.00', grav: '18.'}
# schema: astropy-2.0
wav flux_nu
4000.0559999999996 nan
4050.0559999999996 2.214303865499046e-20
4100.056 3.923491274210067e-19
4150.056 1.4796865390200074e-18
4200.056 1.6850833896880025e-18
4250.056 9.978318137600056e-18
4300.056 2.3107049233999842e-17
4350.056 4.438592715600023e-17
4400.056 6.780615060899929e-17
4450.056 9.7354581683999e-17
4500.056 1.808674106290013e-16
4550.056 2.5462168531400083e-16
4600.056 2.037281591299993e-16
4650.056 1.7943837557999917e-16
4700.056 1.2456322751700067e-16
4750.056 8.872195905700104e-17
4800.056 7.055571461399983e-17
4850.056 4.085321768699991e-17
4900.056 2.945436362900009e-17
4950.056 2.5332348961000077e-17
5000.056 1.9244367104299952e-17
5050.056 1.421938918939996e-17
5100.056 1.817092668950063e-17
5150.056 2.5401261657000213e-17
5200.056 3.3026073925000246e-17
5250.056 3.94322157530001e-17
5300.056 4.7071749619000205e-17
5350.056 5.60478197310001e-17
5400.056 6.09520941050003e-17
5450.056 7.119166366800206e-17
5500.056 8.726412708000085e-17
5550.056 1.0759235275100009e-16
5600.056 1.2595233836000039e-16
5650.056 1.3836738474999957e-16
5700.056 1.2321143340899974e-16
5750.056 1.2256622205100052e-16
5800.056 1.0734679282299891e-16
5850.056 6.325303385799842e-17
5900.056 9.857919156161707e-18
5950.056 9.501704136811705e-17
6000.056 2.890523465358904e-16
6050.056 7.344324636700129e-16
6100.056 1.4303848910400246e-15
6150.056 2.3508369210000184e-15
6200.056 3.5448712848000235e-15
6250.056 4.6251384051999766e-15
6300.056 6.495180279539965e-15
6350.056 8.822445414499968e-15
6400.056 1.1519633638300009e-14
6450.056 1.05670009732296e-14
6500.056 1.2775731367930457e-14
6550.056 1.792306434068063e-14
6600.056 2.6582895246785884e-14
6650.056 4.1493379118500715e-14
6700.056 6.249609322400029e-14
6750.056 8.864157362500079e-14
6800.056 1.0623063165700196e-13
6850.056 1.1531093325300023e-13
6900.056 8.505214981003165e-14
6950.056 4.4781110507192725e-14
7000.056 5.803399525005759e-14
7050.056 5.63579621893976e-14
7100.056 6.555607822091766e-14
7150.056 3.680439794188896e-14
7200.056 1.3226117686684288e-14
7250.056 1.926916930670234e-14
7300.056 2.2546374033049415e-14
7350.056 4.2739937809216737e-14
7400.056 7.413588407205545e-14
7450.056 1.5566871670261653e-13
7500.056 2.557266550519996e-13
7550.056 3.5339180052000136e-13
7600.056 4.0916232433999976e-13
7650.056 2.0334267193989432e-13
7700.056 1.8486170974660494e-13
7750.056 5.362503576900054e-13
7800.056 6.102961848539925e-13
7850.056 6.210768659134854e-13
7900.056 6.62178807337968e-13
7950.056 7.476857270983793e-13
8000.056 6.988707207474991e-13
8050.056 7.372082385500001e-13
8100.056 2.6913536964465834e-13
8150.056 9.33759188230634e-14
8200.056 2.991484544829079e-13
8250.056 3.4305870944765146e-13
8300.056 2.8947425108588196e-13
8350.056 2.5272649854503234e-13
8400.056 3.053660074494725e-13
8450.056 5.796008480767975e-13
8500.056 7.429406372400078e-13
8550.056 1.0082774951200233e-12
8600.056 1.2536666434399982e-12
8650.056 1.2689981739300186e-12
8700.056 7.939768456200195e-13
8750.056 5.920543348200002e-13
8800.056 3.2349036836596017e-13
8850.056 1.388282767533822e-13
8900.056 1.0696382841535922e-15
8950.056 2.8676131827663056e-16
9000.056 2.33387377885321e-16
9050.056 2.248955613470089e-15
9100.056 5.013869602221724e-15
9150.056 1.8098163107834044e-14
9200.056 1.1445509976180106e-13
9250.056 8.901221116781147e-14
9300.056 2.250315313403271e-16
9350.056 1.4742922527460542e-16
9400.056 3.2132007040475034e-15
9450.056 2.0423113797466084e-15
9500.056 2.148209315798757e-15
9550.056 2.0431657688649708e-15
9600.056 3.5282419674519737e-15
9650.056 1.2447318721534691e-14
9700.056 7.725893309027296e-14
9750.056 3.144638785621268e-14
9800.056 2.0121059788102787e-14
9850.056 1.595515513629535e-14
9900.056 2.0000329788111362e-14
9950.056 1.3809182897598681e-14
10000.056 1.38693509784695e-14
10050.056 1.1478478194796688e-14
10100.056 9.351511991971498e-15
10150.056 3.8009449929064165e-15
10200.056 5.213161046191325e-16
10250.056 5.422218118741605e-16
10300.056 2.0670418150650935e-15
10350.056 6.708262868359168e-16
10400.056 6.8164516465976645e-15
10450.056 2.1826628303974188e-14
10500.056 7.681837668177185e-14
10550.056 2.8043114445540917e-13
10600.056 5.673444223380439e-13
10650.056 7.200087686850068e-13
10700.056 5.582036003157195e-13
10750.056 6.311568359820575e-13
10800.056 6.403702059831339e-13
10850.056 4.928726190464579e-13
10900.056 2.9743608599742733e-13
10950.056 1.4463578540116614e-13
11000.056 6.691400389771867e-14
11050.056 3.150916136188766e-14
11100.056 7.466355924724209e-15
11150.056 1.0442529055198272e-15
11200.056 1.3856200059168038e-16
11250.056 5.452810733166776e-17
11300.056 7.124823148382828e-16
11350.056 3.36707596056032e-17
11400.056 8.610444400704189e-16
11450.056 3.7756161544985614e-16
11500.056 3.416574921634531e-16
11550.056 3.0867251859316125e-17
11600.056 2.930935966055108e-18
11650.056 8.083309386470927e-17
11700.056 1.1030132655995232e-16
11750.056 1.3963374469258456e-17
11800.056 1.3438839833873976e-16
11850.056 8.74103238256193e-17
11900.056 8.117817432670933e-17
11950.056 2.059879523429599e-16
12000.056 3.6095831887167633e-16
12050.056 6.244440128119023e-16
12100.056 1.0193695238277785e-15
12150.056 1.3540756852093228e-15
12200.056 1.3549208416500655e-15
12250.056 6.9566217418846994e-15
12300.056 2.276297421266736e-14
12350.056 3.021251095368503e-14
12400.056 9.473354737375469e-14
12450.056 2.8415677972175517e-13
12500.056 3.7974988867102265e-13
12550.056 4.437095548100304e-13
12600.056 1.1897845989969696e-12
12650.056 3.3193501309106838e-12
12700.056 3.656631746997798e-12
12750.056 1.3523697682319251e-12
12800.056 3.927497234008834e-13
12850.056 1.1961855397660364e-13
12900.056 6.234005855811715e-14
12950.056 4.425934537144804e-14
13000.056 3.9588418327467205e-14
13050.056 2.131885921941456e-14
13100.056 1.4354718532465434e-14
13150.056 5.582949585597477e-15
13200.056 7.617051690614162e-15
13250.056 1.085431690037382e-14
13300.056 4.34005605486544e-15
13350.056 1.4528744095142278e-15
13400.056 8.358027165073237e-16
13450.056 1.2226783393269913e-16
13500.056 1.2690132852186579e-17
13550.056 1.2750865839029292e-18
13600.056 3.662272566910473e-20
13650.056 7.646678696936279e-19
13700.056 1.7762654778251816e-19
13750.056 1.9160341859770114e-18
13800.056 9.718609110499454e-19
13850.056 4.114542642125841e-19
13900.056 2.191469043453371e-18
13950.056 9.150779904244753e-19
14000.056 2.671945490482121e-18
14050.056 3.063850165876341e-18
14100.056 5.4761754759188636e-18
14150.056 5.06610563696563e-17
14200.056 2.6258191777638044e-17
14250.056 6.720865820082793e-17
14300.056 2.2681378628543557e-16
14350.056 2.2431711836362834e-16
14400.056 2.272404837066484e-16
14450.056 5.764378369418996e-16
14500.056 1.8788899353473375e-15
14550.056 3.2889310159415605e-15
14600.056 2.6444242186026036e-15
14650.056 6.219777968858962e-16
14700.056 2.24969431694267e-16
14750.056 2.292996682978674e-17
14800.056 6.773742438131018e-17
14850.056 6.86994110258347e-17
14900.056 5.157844571627983e-17
14950.056 2.2152484952426846e-17
15000.056 1.047066397235659e-16
15050.056 2.1905909649308472e-16
15100.056 3.918924214664905e-17
15150.056 7.515440342781336e-18
15200.056 1.301433456625573e-16
15250.056 3.410855595869819e-16
15300.056 5.251320237684897e-16
15350.056 1.528840155374221e-15
15400.056 1.3255142636956957e-15
15450.056 2.1898898486931886e-15
15500.056 3.2119269972939896e-15
15550.056 1.7699442394684e-14
15600.056 3.4527645613637745e-14
15650.056 1.087530678379182e-13
15700.056 3.0128978007828624e-13
15750.056 5.594267875671042e-13
15800.056 7.090456845786755e-13
15850.056 1.11744421904872e-12
15900.056 1.6811233794523273e-12
15950.056 2.5886131564081815e-12
16000.056 2.5975123813330083e-12
16050.056 1.569653940205819e-12
16100.056 7.577449824420884e-13
16150.056 2.68767212097648e-13
16200.056 8.478516992483594e-14
16250.056 3.079740220677259e-14
16300.056 8.327578804573954e-15
16350.056 1.0985434393807462e-14
16400.056 1.5792903076622577e-14
16450.056 1.0758476565361518e-14
16500.056 8.565662672452196e-15
16550.056 6.085241187682066e-15
16600.056 3.117692545237755e-14
16650.056 1.2802229808167937e-14
16700.056 1.3441713750728435e-15
16750.056 4.705573828627581e-15
16800.056 1.2559413101315011e-14
16850.056 1.1668245956723688e-14
16900.056 2.2881049159576686e-15
16950.056 8.087133189958868e-16
17000.056 2.45315320598527e-16
17050.056 4.920972912699499e-16
17100.056 2.4340376691482e-15
17150.056 8.50976494829413e-16
17200.056 9.724032049381697e-15
17250.056 1.190832089098783e-15
17300.056 1.0918450448161062e-15
17350.056 1.6705383127251007e-15
17400.056 6.448585627500154e-15
17450.056 8.453934875274178e-15
17500.056 1.9075225325028806e-14
17550.056 1.786630909082714e-14
17600.056 1.3972958357744352e-14
17650.056 7.167677651626637e-15
17700.056 5.582084928016724e-15
17750.056 5.4622877053831445e-15
17800.056 4.425389745806132e-14
17850.056 5.285325470361153e-15
17900.056 4.60736570150826e-15
17950.056 3.811476399397069e-15
18000.056 6.102569966363608e-15
18050.056 5.224051296543409e-15
18100.056 7.363542806882992e-15
18150.056 2.3099666101193154e-15
18200.056 1.9259298310377222e-15
18250.056 1.3856405612132522e-14
18300.056 5.27497819590973e-16
18350.056 4.2298341120557924e-16
18400.056 1.0195191778174944e-16
18450.056 3.1150523070649168e-15
18500.056 2.1472065913691804e-15
18550.056 8.45167333943688e-16
18600.056 3.5213336648911412e-15
18650.056 3.06532867512105e-15
18700.056 6.83181114531007e-17
18750.056 1.4112848669340322e-16
18800.056 8.950368832944851e-15
18850.056 6.238796123812749e-15
18900.056 1.1477271718237848e-14
18950.056 1.1990541398398328e-14
19000.056 7.990512445043076e-16
19050.056 3.3045192598543097e-16
19100.056 1.7310810960475167e-15
19150.056 6.26575081355432e-16
19200.056 1.8070883059232353e-15
19250.056 1.2341305490060354e-15
19300.056 5.266517991082642e-16
19350.056 5.587074357913845e-16
19400.056 3.6527149295206517e-16
19450.056 5.483532331869846e-16
19500.056 1.8869280795972817e-16
19550.056 1.147430548652229e-15
19600.056 3.958737264695075e-15
19650.056 2.148864503583236e-15
19700.056 3.2904493909842146e-15
19750.056 7.412705762580161e-15
19800.056 3.0220926797920295e-15
19850.056 3.825028325680276e-15
19900.056 7.850844260321368e-15
19950.056 1.0548070022189697e-14
20000.056 1.3584743227065491e-14
20050.056 9.284037031576474e-15
20100.056 1.4236726704898486e-14
20150.056 8.973424748762724e-15
20200.056 4.531966775816172e-15
20250.056 1.6358677606571184e-14
20300.056 2.41553153480438e-14
20350.056 3.0075770213761193e-14
20400.056 2.178818502808351e-14
20450.056 4.0400984490579113e-14
20500.056 4.697770069208915e-14
20550.056 5.289355981265441e-14
20600.056 5.554542765015787e-14
20650.056 6.671441530285059e-14
20700.056 7.014638156177101e-14
20750.056 7.481557807710024e-14
20800.056 6.437533983818537e-14
20850.056 7.474263621600146e-14
20900.056 7.766887896079207e-14
20950.056 7.00263156923e-14
21000.056 6.581937719362309e-14
21050.056 6.993514748099379e-14
21100.056 6.748060100580499e-14
21150.056 6.889432190000387e-14
21200.056 6.66020462712918e-14
21250.056 6.858286385108561e-14
21300.056 6.340990288862131e-14
21350.056 6.634623000069554e-14
21400.056 7.414679562939096e-14
21450.056 5.966648939969205e-14
21500.056 5.28865174362068e-14
21550.056 5.96161716948921e-14
21600.056 4.920616076925931e-14
21650.056 3.344722429944736e-14
21700.056 2.1330807867135015e-14
21750.056 3.284601037397143e-14
21800.056 2.26017280597972e-14
21850.056 2.334724526473801e-14
21900.056 1.67734856976853e-14
21950.056 3.6566573620089954e-15
22000.056 1.2819778004394103e-16
22050.056 5.105660704200714e-16
22100.056 2.6460631483057887e-15
22150.056 1.3251228013369301e-15
22200.056 1.0515883075584665e-15
22250.056 7.319411023194234e-16
22300.056 1.8277962754363247e-16
22350.056 4.732236308790628e-16
22400.056 1.0621534877172481e-16
22450.056 2.264317131993969e-16
22500.056 1.6711601742432859e-16
22550.056 3.1778831005315565e-17
22600.056 2.229071533671613e-17
22650.056 4.299093235759211e-17
22700.056 5.212758419067984e-17
22750.056 1.3803622215269527e-16
22800.056 1.8147728905691145e-16
22850.056 1.096735443974873e-16
22900.056 6.57691454353965e-17
22950.056 2.2802903390323425e-17
23000.056 5.240921114365179e-17
23050.056 2.528858593553458e-17
23100.056 1.139413024665031e-15
23150.056 1.7205990630398542e-15
23200.056 1.1908104249473864e-17
23250.056 1.55711614845085e-16
23300.056 8.179155074053202e-17
23350.056 2.3584036316153953e-16
23400.056 1.8921254910357378e-16
23450.056 3.808619779617806e-17
23500.056 3.9960127075848537e-17
23550.056 1.501677366288232e-16
23600.056 7.183792960002728e-16
23650.056 1.1185518220039377e-15
23700.056 6.174242420485653e-17
23750.056 9.579802376638528e-17
23800.056 1.1531366718309166e-15
23850.056 4.852962469036558e-16
23900.056 1.4891422275175655e-15
23950.056 3.607881694954424e-16
24000.056 2.256867781818306e-15
24050.056 2.9278856497075006e-15
24100.056 6.908691148908658e-15
24150.056 9.790535428585236e-15
24200.056 4.242621019589565e-15
24250.056 3.2384593318179208e-15
24300.056 7.510564273215779e-15
24350.056 8.098747072954022e-15
24400.056 2.909423241402671e-14
24450.056 3.9238296701909327e-14
24500.056 3.53818955339583e-14
24550.056 6.566378077743936e-14
24600.056 8.534232003755583e-14
24650.056 1.626852510002717e-13
24700.056 1.0837679279345337e-13
24750.056 1.712758266289029e-13
24800.056 1.4031356327253196e-13
24850.056 2.3387849109244933e-13
24900.056 1.501701758347943e-13
24950.056 2.185864876109337e-13
25000.056 3.3663686255105283e-13
25050.056 2.4767724247316396e-13
25100.056 3.260235603393367e-13
25150.056 1.3360380568915885e-13
25200.056 2.229021442555998e-13
25250.056 9.305072784694666e-14
25300.056 6.826612712639151e-14
25350.056 4.36646346454481e-14
25400.056 9.843262823497123e-14
25450.056 1.8502950662397915e-14
25500.056 1.4083451443251398e-14
25550.056 4.2452025002825554e-14
25600.056 1.1504911934737871e-14
25650.056 4.341395675763551e-15
25700.056 2.686338754883897e-15
25750.056 9.613649806635667e-16
25800.056 5.199826988170085e-15
25850.056 7.519568872993084e-16
25900.056 7.350331628164487e-16
25950.056 4.318883164408472e-16
26000.056 2.8599695796619107e-15
26050.056 5.149608087474039e-16
26100.056 1.4584274120736629e-15
26150.056 7.176038942900161e-16
26200.056 9.418474898603243e-16
26250.056 4.9580036606364015e-15
26300.056 1.2381667207341924e-15
26350.056 1.543620880474094e-14
26400.056 4.6524623226436875e-14
26450.056 2.3329478087341985e-14
26500.056 8.148973890920846e-14
26550.056 4.3700446942193096e-15
26600.056 4.133257059746093e-15
26650.056 1.0088113905555644e-15
26700.056 1.1516514352436857e-15
26750.056 1.7601859260791052e-15
26800.056 5.9092152309064496e-15
26850.056 3.821306071119723e-15
26900.056 1.4852880015195888e-14
26950.056 3.402515082435741e-15
27000.056 1.64582081626148e-14
27050.056 3.6341536742835965e-14
27100.056 2.3032942970627147e-15
27150.056 2.4734516354166856e-14
27200.056 2.9970415654925324e-15
27250.056 9.086496062594797e-15
27300.056 1.0171040139780204e-13
27350.056 2.7379930450030508e-14
27400.056 2.8865617826096838e-15
27450.056 4.9362137614615015e-14
27500.056 5.841825183461736e-14
27550.056 1.1181126660401472e-14
27600.056 3.4161808502442656e-14
27650.056 9.787238874152854e-15
27700.056 1.2631824014743351e-14
27750.056 6.978367610702856e-14
27800.056 2.13181043498944e-14
27850.056 5.024898641009096e-14
27900.056 5.978324333859898e-14
27950.056 1.1365992474220905e-13
28000.056 1.9722293217237239e-13
28050.056 1.1654841242628706e-14
28100.056 1.706702121020308e-13
28150.056 1.349257460564286e-13
28200.056 1.959763956377976e-14
28250.056 2.233342151714692e-13
28300.056 1.8586889361802972e-13
28350.056 2.1416959660364703e-14
28400.056 9.850345998038295e-14
28450.056 1.9155430885882803e-13
28500.056 7.19464332550933e-14
28550.056 2.3172711639770547e-14
28600.056 2.0806572228432298e-13
28650.056 6.469209261440721e-14
28700.056 2.2522637782903147e-13
28750.056 2.69598052475411e-13
28800.056 4.706309251978847e-14
28850.056 8.045613621138859e-13
