galfind/configs/Brown_Dwarf_templates/sonora_bobcat/m0.0/17g/sp_t400g17nc_m0.0_resample.dat
# %ECSV 1.0
# ---
# datatype:
# - {name: wav, unit: Angstrom, datatype: float64}
# - {name: flux_nu, unit: erg / (cm2 Hz s), datatype: float64}
# meta: {C/O: '1.00', Kzz: '1.0000E+05', Teff: '400.', Y: '0.28', '[Fe/H]': '0.00', f_hole: '1.00', f_rain: '0.00', grav: '18.'}
# schema: astropy-2.0
wav flux_nu
[from data line 498]
28900.056 8.649285535694096e-11
28950.056 1.306203745828336e-10
29000.056 7.996033791923003e-11
29050.056 1.3001150407446806e-10
29100.056 6.898837154581806e-11
29150.056 7.887879263242621e-11
29200.056 1.6518651039069396e-10
29250.056 2.166574399922009e-10
29300.056 9.357161408141286e-11
29350.056 2.5927221226711325e-10
29400.056 1.3823812762653797e-10
29450.056 8.84492136375803e-11
29500.056 2.506587315093097e-10
29550.056 9.985040867561213e-11
29600.056 1.3914214487399497e-10
29650.056 3.430408119893978e-10
29700.056 9.153384413659876e-11
29750.056 2.5981964720248316e-10
29800.056 2.0279771936484726e-10
29850.056 2.798186036094528e-10
29900.056 1.610141077627117e-10
29950.056 2.1497114593100948e-10
30000.056 3.907973419780109e-12
30050.056 2.249695987147373e-11
30100.056 8.809236171946371e-11
30150.056 2.4310993003906314e-10
30200.056 1.7595407571693329e-10
30250.056 3.5843154235026466e-10
30300.056 5.360911967883015e-10
30350.056 1.552978663707476e-10
30400.056 4.5571898446941604e-10
30450.056 3.173110041344339e-10
30500.056 2.512110981943964e-10
30550.056 2.150446942296636e-10
30600.056 7.917113018898271e-10
30650.056 4.375480871562844e-10
30700.056 2.623176989901807e-10
30750.056 5.51173482275017e-10
30800.056 3.733339361989736e-10
30850.056 4.5209421390748936e-10
30900.056 2.1204894747103205e-10
30950.056 2.535639046883061e-10
31000.056 2.9098714778713844e-10
31050.056 1.9646656704905123e-10
31100.056 1.2098436152466418e-10
31150.056 2.3060499369197403e-10
31200.056 5.077365634921001e-10
31250.056 3.4654532479104313e-10
31300.056 1.9757807650968828e-10
31350.056 4.1198792407082554e-10
31400.056 2.8664228996712683e-10
31450.056 2.8078510333684153e-10
31500.056 1.2271170368550126e-10
31550.056 1.8773598517733477e-10
31600.056 1.220162831763107e-10
31650.056 1.2833164297958245e-10
31700.056 1.1994533015610533e-10
31750.056 5.937456272166083e-11
31800.056 1.1512418440124286e-10
31850.056 2.2968887653458182e-11
31900.056 5.3913750969439403e-11
31950.056 3.571616413643632e-11
32000.056 2.5274427188057997e-11
32050.056 4.4349600833382486e-11
32100.056 3.9504419422135364e-11
32150.056 4.2726975494753135e-11
32200.056 1.971246074945652e-11
32250.056 5.411071223876952e-11
32300.056 1.714622659247207e-11
32350.056 4.8131230144636555e-11
32400.056 9.277414594132609e-12
32450.056 3.515206558964291e-11
32500.056 1.0593629132651965e-11
32550.056 2.6080751529178802e-11
32600.056 1.2351924120396043e-11
32650.056 8.307655015573162e-11
32700.056 1.8435215601208473e-11
32750.056 1.4860276549725202e-10
32800.056 7.298347077959898e-11
32850.056 2.502803785161251e-10
32900.056 2.0303158585691636e-10
32950.056 2.3729235226586575e-10
33000.056 8.181068718600135e-11
33050.056 1.21138903152847e-10
33100.056 2.397535740530215e-11
33150.056 6.7983789227488e-15
33200.056 5.631659570442475e-13
33250.056 6.023224724072222e-13
33300.056 5.16607977150566e-12
33350.056 1.6342100610817948e-11
33400.056 6.900024337797224e-11
33450.056 4.9936282335382024e-11
33500.056 1.7811203726937385e-10
33550.056 3.535437902767338e-11
33600.056 1.1020475802274608e-10
33650.056 9.582265500875153e-11
33700.056 3.894764173351932e-11
33750.056 1.4879840097528738e-10
33800.056 1.6944804896762984e-11
33850.056 7.593852183986565e-11
33900.056 8.096115051935155e-11
33950.056 6.231739571889215e-11
34000.056 1.5043614986520677e-10
34050.056 2.3571895033039246e-11
34100.056 1.3622201060861732e-10
34150.056 6.430484677479646e-11
34200.056 1.5906496146835388e-10
34250.056 9.235966123911714e-11
34300.056 1.0072753266545575e-10
34350.056 1.6829106459129813e-10
34400.056 5.863376483266483e-11
34450.056 1.681783943937723e-10
34500.056 9.06736696518496e-11
34550.056 6.020457013741892e-11
34600.056 2.679633685933582e-10
34650.056 5.348740267225104e-11
34700.056 2.07475934875488e-10
34750.056 1.2606143157938313e-10
34800.056 1.3230182661774497e-10
34850.056 2.987552631394284e-10
34900.056 9.580204600164985e-11
34950.056 2.889902793410754e-10
35000.056 5.590343666860768e-10
35050.056 2.5851124367689647e-10
35100.056 5.600002164020543e-10
35150.056 3.9755152697497685e-10
35200.056 4.311565357642409e-10
35250.056 6.842422531208209e-10
35300.056 3.332305051450545e-10
35350.056 3.734935845314841e-10
35400.056 2.9935109126185555e-10
35450.056 2.7222355877840825e-10
35500.056 9.610158146957133e-10
35550.056 5.835373854199386e-10
35600.056 6.065084960702289e-10
35650.056 6.23166355719675e-10
35700.056 7.258043254317931e-10
35750.056 9.705899245408827e-10
35800.056 9.812689732154552e-10
35850.056 3.5086377311509075e-10
35900.056 4.6258162576919145e-10
35950.056 5.412469722754189e-10
36000.056 7.30926713396155e-10
36050.056 4.907024642511509e-10
36100.056 4.5793025344250854e-10
36150.056 9.662047097264711e-10
36200.056 1.0071852423122994e-09
36250.056 7.369908483920561e-10
36300.056 1.5840161659839994e-09
36350.056 9.112766836505779e-10
36400.056 1.4295532448939192e-09
36450.056 1.6201237757473674e-09
36500.056 1.757471762736528e-09
36550.056 2.164223363460487e-09
36600.056 2.351921614859142e-09
36650.056 1.77464613666179e-09
36700.056 2.074093133746067e-09
36750.056 2.4867797861113347e-09
36800.056 2.727484217006222e-09
36850.056 1.4945628005809396e-09
36900.056 2.7402737895627803e-09
36950.056 2.8288240926451954e-09
37000.056 2.051497561299254e-09
37050.056 2.9437367660338905e-09
37100.056 2.467047447740735e-09
37150.056 1.9429726603477354e-09
37200.056 3.5795603437055477e-09
37250.056 2.40073340711223e-09
37300.056 1.8068710142069907e-09
37350.056 3.0836821795770146e-09
37400.056 4.51651897160901e-09
37450.056 2.004274515852398e-09
37500.056 2.7503404272956706e-09
37550.056 4.354194159452448e-09
37600.056 6.189000752089679e-09
37650.056 2.2205000873712243e-09
37700.056 4.619295404112389e-09
37750.056 2.925772655204502e-09
37800.056 2.951759172239648e-09
37850.056 1.4801833648759787e-09
37900.056 2.186700866007786e-09
37950.056 4.179203943632973e-09
38000.056 4.22568875034862e-09
38050.056 5.556342686554977e-09
38100.056 6.237500404557188e-09
38150.056 7.0403042251152845e-09
38200.056 6.221765127785548e-09
38250.056 6.670202860387266e-09
38300.056 9.799653330160357e-09
38350.056 9.46822974587266e-09
38400.056 3.881399172085292e-09
38450.056 2.143439418277099e-09
38500.056 1.3191843502522218e-09
38550.056 4.304140474881859e-09
38600.056 4.225453708505905e-09
38650.056 4.744675918696867e-09
38700.056 3.1591447990888095e-09
38750.056 4.319900176444325e-09
38800.056 4.407833481648851e-09
38850.056 4.936817544847735e-09
38900.056 6.481828625602076e-09
38950.056 4.186535339411892e-09
39000.056 7.3686831839845504e-09
39050.056 4.0806637136204906e-09
39100.056 6.366934599362089e-09
39150.056 7.784994834990135e-09
39200.056 5.980153111115152e-09
39250.056 9.499566884003397e-09
39300.056 5.699866372087407e-09
39350.056 1.1727861847657746e-08
39400.056 5.967931326820344e-09
39450.056 9.187565952637744e-09
39500.056 9.403740338372453e-09
39550.056 5.367449386694573e-09
39600.056 9.335591104711047e-09
39650.056 1.0423335500055095e-08
39700.056 1.044248610732154e-08
39750.056 6.084712895572029e-09
39800.056 6.738048663553234e-09
39850.056 1.3008631903202264e-08
39900.056 1.5059726625031292e-08
39950.056 7.004646154053226e-09
40000.056 1.2861351409714983e-08
40050.056 1.2852862212528797e-08
40100.056 5.714910621860957e-09
40150.056 1.2816520375991896e-08
40200.056 1.3434352818845315e-08
40250.056 1.5147911575606903e-08
40300.056 1.4341741673047637e-08
40350.056 1.024238234759911e-08
40400.056 1.3983066761595166e-08
40450.056 8.014611215015498e-09
40500.056 1.711448136730999e-08
40550.056 1.8503087029041135e-08
40600.056 1.3734611598121449e-08
40650.056 1.0314354368523987e-08
40700.056 2.0863105254087352e-08
40750.056 1.403724024959616e-08
40800.056 9.799486446397752e-09
40850.056 2.5207996276599663e-08
40900.056 2.0432559340656154e-08
40950.056 1.905757132738536e-08
41000.056 1.527982202190414e-08
41050.056 2.659805482616869e-08
41100.056 2.1621083025491197e-08
41150.056 9.792150189750537e-09
41200.056 2.805483739713363e-08
41250.056 1.8763908739164065e-08
41300.056 1.9862551950893685e-08
41350.056 2.773473658169568e-08
41400.056 2.3689073863481038e-08
41450.056 3.2558793195088355e-08
41500.056 2.229570930259261e-08
41550.056 2.0219410337073227e-08
41600.056 2.028911229076971e-08
41650.056 2.8001560826850607e-08
41700.056 3.2574930396285016e-08
41750.056 2.7478927586193016e-08
41800.056 2.8561238604907735e-08
41850.056 2.672005301443342e-08
41900.056 2.4571231359365887e-08
41950.056 2.3218344982653064e-08
42000.056 1.5350007695364942e-08
42050.056 1.882600772125311e-08
42100.056 1.9653963917040283e-08
42150.056 2.2111001786189223e-08
42200.056 2.5346390240386037e-08
42250.056 1.9665333873683262e-08
42300.056 2.0469493619428605e-08
42350.056 3.091759257270165e-08
42400.056 3.481466113680835e-08
42450.056 3.3271223815014e-08
42500.056 3.0682001331892245e-08
42550.056 2.7287509354488994e-08
42600.056 2.8559007462467734e-08
42650.056 4.613711010327622e-08
42700.056 2.4914118072347617e-08
42750.056 3.4800598720904096e-08
42800.056 4.999006360151122e-08
42850.056 4.825656187338521e-08
42900.056 5.001306320751563e-08
42950.056 4.2499805614491577e-08
43000.056 4.680568769401617e-08
43050.056 2.6948119599803845e-08
43100.056 3.814908177819135e-08
43150.056 3.1791565391506504e-08
43200.056 5.25085748086041e-08
43250.056 6.198623009299814e-08
43300.056 6.061377349099226e-08
43350.056 3.6475292803588265e-08
43400.056 4.941681526590106e-08
43450.056 3.307548178080183e-08
43500.056 3.1061015491897454e-08
43550.056 3.516020850757078e-08
43600.056 5.8012879986207954e-08
43650.056 4.025831582454284e-08
43700.056 6.43879928746193e-08
43750.056 5.729378575299255e-08
43800.056 5.371930946779089e-08
43850.056 4.517270679769958e-08
43900.056 4.0486866678471016e-08
43950.056 2.4976817261498388e-08
44000.056 2.6538305811645853e-08
44050.056 6.488513791600068e-08
44100.056 8.081612567899335e-08
44150.056 7.180285909604159e-08
44200.056 6.391417961449842e-08
44250.056 3.6166664094300066e-08
44300.056 3.074848691110494e-08
44350.056 3.4673913487646104e-08
44400.056 3.129670016609485e-08
44450.056 5.400829203069401e-08
44500.056 5.238537202221053e-08
44550.056 7.505827118199298e-08
44600.056 6.365381648538732e-08
44650.056 5.2955305191610726e-08
44700.056 3.6412604550200564e-08
44750.056 6.193054923981605e-08
44800.056 3.9824396772420654e-08
44850.056 5.12493032013468e-08
44900.056 4.754680502250409e-08
44950.056 5.937310027190672e-08
45000.056 6.761608049900316e-08
45050.056 5.992856598649065e-08
45100.056 5.298906752919673e-08
45150.056 4.9232701443486065e-08
45200.056 3.986763285060101e-08
45250.056 4.6333084461282565e-08
45300.056 4.1013510418208563e-08
45350.056 3.378241843049322e-08
45400.056 8.907146938801272e-08
45450.056 6.756041713460756e-08
45500.056 8.688874184820644e-08
45550.056 8.76612901609638e-08
45600.056 7.673392755901958e-08
45650.056 6.167321643240082e-08
45700.056 4.1431182455697605e-08
45750.056 4.066537855660216e-08
45800.056 9.434411608719706e-08
45850.056 7.158975732099474e-08
45900.056 9.358360977798762e-08
45950.056 8.249751831899965e-08
46000.056 8.669060097465793e-08
46050.056 6.4838793001108e-08
46100.056 1.0460075709698476e-07
46150.056 6.300942690430848e-08
46200.056 5.3765563064991855e-08
46250.056 2.3284308584804058e-08
46300.056 6.280130617599958e-08
46350.056 6.682058443281156e-08
46400.056 5.689407166749987e-08
46450.056 5.413837505488872e-08
46500.056 6.463748323871567e-08
46550.056 3.3937187199503005e-08
46600.056 5.213061719085339e-08
46650.056 7.827122709940612e-08
46700.056 5.1347562194084647e-08
46750.056 2.794793258952468e-08
46800.056 1.797323826677401e-08
46850.056 7.826646795551519e-08
46900.056 7.375503023249799e-08
46950.056 7.537218592499389e-08
47000.056 7.396491891301489e-08
47050.056 5.26807079513165e-08
47100.056 3.745933003152648e-08
47150.056 5.746128081630679e-08
47200.056 6.505443787099512e-08
47250.056 3.9683167832697115e-08
47300.056 2.569550975510526e-08
47350.056 7.995489158499775e-08
47400.056 6.616098422799414e-08
47450.056 5.711218711067877e-08
47500.056 8.126612055757124e-08
47550.056 7.081494990790972e-08
47600.056 6.65028190959982e-08
47650.056 6.902666014792595e-08
47700.056 5.3547832752063094e-08
47750.056 4.023645679570291e-08
47800.056 3.3876523493904524e-08
47850.056 1.6964185207304165e-08
47900.056 2.713508626817585e-08
47950.056 5.8404199559006314e-08
48000.056 8.226741257601066e-08
48050.056 6.936856865060598e-08
48100.056 2.973269058284463e-08
48150.056 5.607084464820157e-08
48200.056 3.6152317933679663e-08
48250.056 4.3753435588498035e-08
48300.056 7.694890845498776e-08
48350.056 4.4744927749997754e-08
48400.056 1.28400029309393e-08
48450.056 2.669938940863769e-08
48500.056 4.364631622198897e-08
48550.056 4.5208511066003955e-08
48600.056 5.934040077299724e-08
48650.056 7.399816012098727e-08
48700.056 4.993590892718673e-08
48750.056 3.617756218511767e-08
48800.056 6.909330154799938e-08
48850.056 3.659642794993363e-08
48900.056 4.91471672190702e-08
48950.056 2.645487062780143e-08
49000.056 1.3290119807529007e-08
49050.056 4.31871826698944e-08
49100.056 5.751692889066125e-08
49150.056 4.221330608253152e-08
49200.056 7.011243065201519e-08
49250.056 6.887651560500647e-08
49300.056 5.829179576360025e-08
49350.056 2.2227121996444593e-08
49400.056 3.3404147091189684e-08
49450.056 3.321174136064007e-08
49500.056 2.4732704648857243e-08
49550.056 5.595207834630362e-09
49600.056 1.599818993766742e-08
49650.056 3.820533068520213e-08
49700.056 4.0671471302283006e-08
49750.056 3.9905020838499546e-08
49800.056 2.5681151389924916e-08
49850.056 5.6261535937613365e-08
49900.056 4.4496639622192894e-08
49950.056 4.5968649901302815e-08
50000.056 3.390071880989774e-08
50050.056 4.1661023660001345e-08
50100.056 3.2768555762398e-08
50150.056 1.5715345739836365e-08
50200.056 2.7314740362811644e-09
50250.056 1.783884610529878e-08
50300.056 1.1232795012613966e-08
50350.056 3.894427326770561e-08
50400.056 3.8814654144653305e-08
50450.056 3.156769709798351e-08
50500.056 4.7087195783504e-08
50550.056 3.963526656050484e-08
50600.056 2.9151540692292615e-08
50650.056 5.029869302800814e-08
50700.056 4.799878757298526e-08
50750.056 3.1005172318103396e-08
50800.056 1.0632933732979544e-08
50850.056 5.683315750352927e-09
50900.056 3.3486937715800985e-08
50950.056 2.8527247759998602e-08
51000.056 2.3765693107383003e-08
51050.056 3.622192491689555e-08
51100.056 1.3655223892803455e-08
51150.056 1.5604118976505222e-08
51200.056 4.490336681099986e-08
51250.056 3.056949979182538e-08
51300.056 2.2238599118841174e-08
51350.056 1.981244865087515e-08
51400.056 6.441759785583739e-09
51450.056 5.099358412619326e-09
51500.056 5.234041368262802e-09
51550.056 2.1072153589363368e-08
51600.056 1.7057994680725722e-08
51650.056 2.2563297965796582e-08
51700.056 2.3384123603819655e-08
51750.056 1.5326956224253923e-08
51800.056 2.780227684999688e-08
51850.056 2.2786881441697532e-08
51900.056 2.8032901840396453e-08
51950.056 1.5814002557997948e-08
52000.056 1.6433051477763546e-09
52050.056 8.750718407401286e-09
52100.056 5.043168445139316e-09
52150.056 2.7720745575833356e-09
52200.056 8.709867462959859e-09
52250.056 1.329071244996495e-08
52300.056 1.763555311935882e-08
52350.056 6.129095859495925e-09
52400.056 6.282463640679318e-09
52450.056 2.3361242478802236e-08
52500.056 1.689070512160342e-08
52550.056 2.021127539289832e-08
52600.056 1.554298994631878e-08
52650.056 1.8892476182801414e-08
52700.056 1.381575116422939e-08
52750.056 4.988563324451655e-09
52800.056 9.687311379701426e-09
52850.056 1.0933486258037295e-08
52900.056 4.521265802377054e-09
52950.056 7.732159828566898e-09
53000.056 1.3437582281903664e-08
53050.056 5.0492743174664646e-09
53100.056 1.5907753158296588e-08
53150.056 1.664169179355678e-08
53200.056 8.27330901931918e-09
53250.056 1.5666440438946708e-08
53300.056 1.952761453490661e-08
53350.056 1.4431881360601199e-08
53400.056 9.17874205799676e-09
53450.056 3.2285530267438246e-09
53500.056 4.963731976468325e-10
53550.056 1.5166735065350385e-09
