galfind/configs/Brown_Dwarf_templates/sonora_bobcat/m0.0/17g/sp_t350g17nc_m0.0_resample.dat
# %ECSV 1.0
# ---
# datatype:
# - {name: wav, unit: Angstrom, datatype: float64}
# - {name: flux_nu, unit: erg / (cm2 Hz s), datatype: float64}
# meta: {C/O: '1.00', Kzz: '1.0000E+05', Teff: '350.', Y: '0.28', '[Fe/H]': '0.00', f_hole: '1.00', f_rain: '0.00', grav: '18.'}
# schema: astropy-2.0
wav flux_nu
4000.0559999999996 nan
4050.0559999999996 4.420432072912134e-19
4100.056 2.7433128027400588e-17
4150.056 2.2878180938500173e-16
4200.056 2.4394785305567356e-16
4250.056 2.183541463200017e-15
4300.056 5.310968191500002e-15
4350.056 1.0334472144100043e-14
4400.056 1.7938495587999965e-14
4450.056 2.9226434107999915e-14
4500.056 4.773235656500025e-14
4550.056 5.106749353954985e-14
4600.056 1.3764778594099917e-14
4650.056 8.205735642599942e-15
4700.056 4.05237529469999e-15
4750.056 1.7302308470799956e-15
4800.056 8.341986394699942e-16
4850.056 3.7153750746999836e-16
4900.056 2.237721684300001e-16
4950.056 1.6765974098000005e-16
5000.056 1.243418875869991e-16
5050.056 1.0025734878300077e-16
5100.056 1.175929298000027e-16
5150.056 1.441824864100021e-16
5200.056 1.7339785837000093e-16
5250.056 2.030874265600004e-16
5300.056 2.380932835700004e-16
5350.056 2.7967628252000055e-16
5400.056 3.2022576679000073e-16
5450.056 3.723492857400057e-16
5500.056 4.350381084700052e-16
5550.056 5.032964824200014e-16
5600.056 5.661646333800011e-16
5650.056 6.157281180399981e-16
5700.056 6.175221189600003e-16
5750.056 6.207254576000008e-16
5800.056 5.721781894599979e-16
5850.056 3.9335425558999153e-16
5900.056 9.645511136078685e-17
5950.056 7.484840248450492e-16
6000.056 1.7045096366799478e-15
6050.056 3.291757935700084e-15
6100.056 5.6255396923000805e-15
6150.056 8.727023287900065e-15
6200.056 1.2759737278000077e-14
6250.056 1.7371830681099964e-14
6300.056 2.4099110961399987e-14
6350.056 3.269302412800018e-14
6400.056 4.3341682084000176e-14
6450.056 4.9117383071398135e-14
6500.056 6.385110751861972e-14
6550.056 8.670837955673653e-14
6600.056 1.1883773290450625e-13
6650.056 1.6526496595800185e-13
6700.056 2.2141242015500125e-13
6750.056 3.008444837700021e-13
6800.056 3.663416591300073e-13
6850.056 4.118017539400017e-13
6900.056 3.618186899660138e-13
6950.056 2.8808898194222593e-13
7000.056 3.3995801466339407e-13
7050.056 3.53259261535237e-13
7100.056 3.9714693870008334e-13
7150.056 2.988059351740758e-13
7200.056 2.2880181263311805e-13
7250.056 2.859234232177798e-13
7300.056 3.044508402014059e-13
7350.056 4.0375692896690864e-13
7400.056 5.093447788947374e-13
7450.056 6.813456169300674e-13
7500.056 8.347106419099925e-13
7550.056 9.395809012999974e-13
7600.056 9.489528881099964e-13
7650.056 3.6178155708118625e-13
7700.056 2.827970921606089e-13
7750.056 1.0991482967800147e-12
7800.056 1.5141364912039815e-12
7850.056 1.9990841987299845e-12
7900.056 2.4621679774358638e-12
7950.056 2.7099044437639647e-12
8000.056 3.2715351094529934e-12
8050.056 3.70682147817005e-12
8100.056 2.570921014425696e-12
8150.056 2.1219898715656013e-12
8200.056 3.71200288835184e-12
8250.056 4.01334694388805e-12
8300.056 4.604627556517686e-12
8350.056 4.194462418744038e-12
8400.056 4.765674807710126e-12
8450.056 6.755071752669824e-12
8500.056 7.945983643149937e-12
8550.056 1.0321112115200148e-11
8600.056 1.2668839921100094e-11
8650.056 1.4077906017700306e-11
8700.056 1.2813810256900379e-11
8750.056 1.2999196947400064e-11
8800.056 1.1320691381219495e-11
8850.056 7.125277001119129e-12
8900.056 4.4412034204976284e-13
8950.056 5.156936910470703e-13
9000.056 3.3552182739822844e-13
9050.056 1.7853989958026629e-12
9100.056 2.6836016558045155e-12
9150.056 4.692247443287637e-12
9200.056 1.2372043771737425e-11
9250.056 1.1936698194045004e-11
9300.056 5.221817521179981e-13
9350.056 6.284011172778267e-13
9400.056 2.503881985125491e-12
9450.056 2.8015528451693427e-12
9500.056 2.2636459706050295e-12
9550.056 2.679533643493833e-12
9600.056 2.6634197175346916e-12
9650.056 4.977714192496057e-12
9700.056 1.2326463876445971e-11
9750.056 9.21406801701591e-12
9800.056 8.428084766868513e-12
9850.056 8.554498754160122e-12
9900.056 1.1410886400145581e-11
9950.056 8.540860613675962e-12
10000.056 9.981852694645993e-12
10050.056 9.655738884570428e-12
10100.056 1.1907966787668038e-11
10150.056 8.291410559220428e-12
10200.056 4.9660121428150795e-12
10250.056 7.26318644098452e-12
10300.056 1.30712462925795e-11
10350.056 9.615493383484935e-12
10400.056 3.004195622035086e-11
10450.056 6.153218700688273e-11
10500.056 1.099746336279088e-10
10550.056 1.91542725726963e-10
10600.056 2.5866845117199883e-10
10650.056 2.9796432755461074e-10
10700.056 2.7112152571090555e-10
10750.056 2.9718562947254674e-10
10800.056 2.8091445748323167e-10
10850.056 2.2111602766398348e-10
10900.056 1.3025737467207256e-10
10950.056 5.3766664485803664e-11
11000.056 2.91585776126644e-11
11050.056 1.4239591731912068e-11
11100.056 5.326222728668162e-12
11150.056 1.2215412210061882e-12
11200.056 3.5981790283555073e-13
11250.056 3.282532429242991e-13
11300.056 1.2478614967953968e-12
11350.056 1.8342250430643042e-13
11400.056 1.070544522089163e-12
11450.056 7.362399897985912e-13
11500.056 4.4019439735880204e-13
11550.056 4.3618995404693305e-14
11600.056 1.9857780298113713e-14
11650.056 1.85955132532254e-13
11700.056 1.8801684151341155e-13
11750.056 2.136513839393633e-14
11800.056 2.1035053183576263e-13
11850.056 2.641004097235158e-13
11900.056 2.1069561681226774e-13
11950.056 4.07198120717396e-13
12000.056 8.210326279825068e-13
12050.056 1.7645157281491014e-12
12100.056 3.250549867359755e-12
12150.056 5.620152277036446e-12
12200.056 7.254097679345483e-12
12250.056 1.7603376043421835e-11
12300.056 4.10868410615034e-11
12350.056 5.220702779126003e-11
12400.056 1.1073694008766954e-10
12450.056 2.0696245315814883e-10
12500.056 2.539321478739893e-10
12550.056 3.5075407975293876e-10
12600.056 5.803404826743352e-10
12650.056 8.172293882020442e-10
12700.056 8.537391927703578e-10
12750.056 4.6354528629861804e-10
12800.056 2.1587540894007383e-10
12850.056 9.038356541952476e-11
12900.056 6.374377222671924e-11
12950.056 4.510731504139538e-11
13000.056 4.2891886414026014e-11
13050.056 2.0683284447447473e-11
13100.056 1.602136759977796e-11
13150.056 7.98917763065451e-12
13200.056 8.373540585239194e-12
13250.056 7.546760413791518e-12
13300.056 2.878945010863646e-12
13350.056 8.339520286135038e-13
13400.056 5.580292129027469e-13
13450.056 1.3059182952177665e-13
13500.056 3.609517359902505e-14
13550.056 9.79281482186049e-15
13600.056 8.276652896521821e-16
13650.056 1.3257216067688423e-14
13700.056 5.338261650969272e-15
13750.056 1.490968816430354e-14
13800.056 8.853332787939173e-15
13850.056 4.662761861365163e-15
13900.056 1.2982253672012e-14
13950.056 7.002064178366e-15
14000.056 9.431790799607161e-15
14050.056 1.920706705983276e-14
14100.056 2.616018676314809e-14
14150.056 8.081240924191399e-14
14200.056 3.9768054982978137e-14
14250.056 8.050677671473324e-14
14300.056 2.1353802291722628e-13
14350.056 2.2918397638825445e-13
14400.056 2.5347609015052903e-13
14450.056 5.166200038650101e-13
14500.056 1.2980452559459588e-12
14550.056 1.4340001607747612e-12
14600.056 1.3088078922365268e-12
14650.056 5.133428239597677e-13
14700.056 2.0664927045855182e-13
14750.056 4.8456750243535884e-14
14800.056 1.1231607959471075e-13
14850.056 1.7253136728953723e-13
14900.056 1.627075452317691e-13
14950.056 8.197087897757101e-14
15000.056 3.021943525406989e-13
15050.056 2.5120125540372224e-13
15100.056 1.1503191763292587e-13
15150.056 5.4601490756842264e-14
15200.056 2.0584113367342357e-13
15250.056 5.292750641708631e-13
15300.056 6.496699489371591e-13
15350.056 1.1277499397739775e-12
15400.056 1.5880543692240179e-12
15450.056 2.225264232270569e-12
15500.056 2.7080371174247302e-12
15550.056 7.903556367698945e-12
15600.056 1.1405792899003275e-11
15650.056 2.751506910860153e-11
15700.056 5.330135228138126e-11
15750.056 9.271291629585168e-11
15800.056 1.1360671844648388e-10
15850.056 1.6075324917565764e-10
15900.056 1.88866422072891e-10
15950.056 2.1708400465671701e-10
16000.056 1.7835829518644692e-10
16050.056 9.474657478647263e-11
16100.056 5.385004741273405e-11
16150.056 2.3605015909924104e-11
16200.056 1.0477796397551251e-11
16250.056 5.733366566241823e-12
16300.056 2.7351013517402607e-12
16350.056 3.5424013377464763e-12
16400.056 4.7125634319594395e-12
16450.056 3.190897066447308e-12
16500.056 2.281297701228985e-12
16550.056 2.233575271696754e-12
16600.056 5.258418225561547e-12
16650.056 3.646106981455399e-12
16700.056 3.503937877171778e-13
16750.056 1.6194684927486342e-12
16800.056 2.8713368078197228e-12
16850.056 3.4673262218861418e-12
16900.056 1.1688437761054413e-12
16950.056 5.062148633073566e-13
17000.056 2.2192476339317412e-13
17050.056 5.183544987255583e-13
17100.056 1.2555492618198065e-12
17150.056 5.427366792835861e-13
17200.056 3.548397709366234e-12
17250.056 1.322737487293335e-12
17300.056 7.206231949260054e-13
17350.056 9.052845055962314e-13
17400.056 2.2924536679329914e-12
17450.056 3.242253415603157e-12
17500.056 5.063223453549646e-12
17550.056 4.673784074763475e-12
17600.056 3.4081707775721254e-12
17650.056 2.8439867351902625e-12
17700.056 2.065517871738361e-12
17750.056 2.343032212926491e-12
17800.056 9.01742002199505e-12
17850.056 2.6554948551430564e-12
17900.056 1.9884664112104883e-12
17950.056 1.6231062071737737e-12
18000.056 2.584714795366173e-12
18050.056 2.3622700955763268e-12
18100.056 3.2244348412492133e-12
18150.056 1.8995766667654154e-12
18200.056 1.4794995698757048e-12
18250.056 6.4050883533813136e-12
18300.056 8.388779848098938e-13
18350.056 5.964394287815306e-13
18400.056 3.248489017608233e-13
18450.056 3.0152874180625213e-12
18500.056 2.7763075062563265e-12
18550.056 1.3272531132298851e-12
18600.056 2.6798888804513835e-12
18650.056 1.8210080045664766e-12
18700.056 2.1329053387280312e-13
18750.056 5.773618642535553e-13
18800.056 5.0125486870122136e-12
18850.056 4.8948139139778455e-12
18900.056 4.6581419433103635e-12
18950.056 6.537827100526187e-12
19000.056 1.275185179312349e-12
19050.056 5.342651857134233e-13
19100.056 1.5035882352008889e-12
19150.056 6.079854182299151e-13
19200.056 9.89354724965563e-13
19250.056 8.090656549112296e-13
19300.056 4.657773284460273e-13
19350.056 4.219781034575555e-13
19400.056 3.6850321748514516e-13
19450.056 6.739816854810846e-13
19500.056 3.035466139436363e-13
19550.056 7.81886726359168e-13
19600.056 2.50036574370793e-12
19650.056 1.4335204486873524e-12
19700.056 1.7211960646601966e-12
19750.056 3.3947099461853445e-12
19800.056 1.8701831569967474e-12
19850.056 2.3253840339241283e-12
19900.056 3.69222002084018e-12
19950.056 5.0651062805743725e-12
20000.056 6.944828625289753e-12
20050.056 4.741020014927453e-12
20100.056 8.90594676256075e-12
20150.056 4.351245856528858e-12
20200.056 2.802420648230306e-12
20250.056 7.223583593274073e-12
20300.056 9.310995456770978e-12
20350.056 1.1289772591938807e-11
20400.056 8.580426456658982e-12
20450.056 1.5759584624444135e-11
20500.056 2.0454834853943686e-11
20550.056 2.4709191935557903e-11
20600.056 2.647389788696911e-11
20650.056 3.584267431008774e-11
20700.056 4.044793957808201e-11
20750.056 4.9682897114653245e-11
20800.056 4.5760558638912015e-11
20850.056 5.598497765001155e-11
20900.056 6.312054868682051e-11
20950.056 5.888850731330129e-11
21000.056 5.854682081865524e-11
21050.056 6.509712670498531e-11
21100.056 6.088486744410997e-11
21150.056 6.204379764759725e-11
21200.056 5.72143133262982e-11
21250.056 5.374843261089694e-11
21300.056 4.4796596429446864e-11
21350.056 4.5290844122635796e-11
21400.056 4.4704681050306694e-11
21450.056 3.3198638618570665e-11
21500.056 2.8941861519973343e-11
21550.056 2.7344371754216212e-11
21600.056 2.161522378396214e-11
21650.056 1.517217040444958e-11
21700.056 1.1579874968757484e-11
21750.056 1.3620334084174458e-11
21800.056 8.860592743832304e-12
21850.056 9.085780522051885e-12
21900.056 6.184383781363806e-12
21950.056 1.579233772224207e-12
22000.056 1.6900767058819176e-13
22050.056 3.3980155695454257e-13
22100.056 1.6802289657581305e-12
22150.056 1.228930665087282e-12
22200.056 1.195800637739122e-12
22250.056 9.338295401434144e-13
22300.056 3.6739603910362327e-13
22350.056 5.915817197657328e-13
22400.056 1.7841307691160549e-13
22450.056 2.813177927265772e-13
22500.056 2.1758581999557486e-13
22550.056 9.531097635574254e-14
22600.056 7.079330897929197e-14
22650.056 1.6278966151878183e-13
22700.056 1.4298192019950643e-13
22750.056 2.038339588114192e-13
22800.056 2.1638182756537927e-13
22850.056 1.433613609061362e-13
22900.056 1.0014762088750146e-13
22950.056 6.297957049159869e-14
23000.056 1.1071089710099902e-13
23050.056 1.1893636371982598e-13
23100.056 9.941411893672131e-13
23150.056 1.1556989973619072e-12
23200.056 2.715250130063341e-14
23250.056 1.4324921778733935e-13
23300.056 1.3258894211768969e-13
23350.056 2.665830377507231e-13
23400.056 1.9049817570612457e-13
23450.056 8.803596786485683e-14
23500.056 8.753087028588668e-14
23550.056 2.301559362590339e-13
23600.056 6.120455167148698e-13
23650.056 8.863453167706895e-13
23700.056 1.2043252620769712e-13
23750.056 1.149351947742577e-13
23800.056 7.660115089458242e-13
23850.056 4.690623134622498e-13
23900.056 1.1469498290514353e-12
23950.056 4.97331274089227e-13
24000.056 1.4500692065295162e-12
24050.056 1.9344109650433285e-12
24100.056 2.727144675700284e-12
24150.056 3.9778179055250125e-12
24200.056 2.233045325477101e-12
24250.056 1.6968701919914489e-12
24300.056 3.350515474452607e-12
24350.056 2.925869721787491e-12
24400.056 8.052088619320751e-12
24450.056 1.012054775753254e-11
24500.056 8.795875428685162e-12
24550.056 1.4064203179539743e-11
24600.056 1.5442486166390386e-11
24650.056 2.6530597848845455e-11
24700.056 1.5015132281920612e-11
24750.056 2.217511140027336e-11
24800.056 1.8973681978115534e-11
24850.056 3.2273690730126096e-11
24900.056 1.6492243274311633e-11
24950.056 3.099768578930427e-11
25000.056 3.610223342219103e-11
25050.056 2.4370955900716828e-11
25100.056 3.689524864973279e-11
25150.056 1.515023132957185e-11
25200.056 2.5254759928944977e-11
25250.056 9.890397492552671e-12
25300.056 1.1960015929403036e-11
25350.056 5.618252763812618e-12
25400.056 1.4885175865061336e-11
25450.056 3.4512229792639682e-12
25500.056 2.847653721527955e-12
25550.056 7.21907481082664e-12
25600.056 2.5405397987065964e-12
25650.056 1.266817687643571e-12
25700.056 1.0524135754240631e-12
25750.056 2.641921088591003e-13
25800.056 1.8429634025751207e-12
25850.056 2.172797022826887e-13
25900.056 3.02020719985205e-13
25950.056 5.042444316605665e-14
26000.056 1.3278642521380836e-12
26050.056 8.026947633953795e-14
26100.056 5.488556045749348e-13
26150.056 1.6929781161877905e-13
26200.056 2.756600825756159e-13
26250.056 3.1639680584805327e-12
26300.056 3.5838716743516515e-13
26350.056 7.24229129111585e-12
26400.056 1.5491814648568966e-11
26450.056 9.337462413926111e-12
26500.056 2.7417336680511768e-11
26550.056 1.3056834250360362e-12
26600.056 1.429469272681911e-12
26650.056 1.302981114032069e-13
26700.056 7.250358895990741e-14
26750.056 1.8051516863862176e-13
26800.056 8.904178791186173e-13
26850.056 4.664171586684576e-13
26900.056 3.1822878561691927e-12
26950.056 7.257391955759885e-13
27000.056 5.464776351529628e-12
27050.056 8.4457615935983e-12
27100.056 3.210234308361306e-13
27150.056 7.68617103467381e-12
27200.056 3.2997153507479024e-13
27250.056 2.0612062134062637e-12
27300.056 2.6373401284171463e-11
27350.056 6.1770674688238e-12
27400.056 1.8848936989894852e-13
27450.056 9.816242236871489e-12
27500.056 1.2059381502100939e-11
27550.056 1.3337850160505583e-12
27600.056 5.2114147326269096e-12
27650.056 9.812527885413853e-13
27700.056 1.0505061732809407e-12
27750.056 9.73123046249743e-12
27800.056 2.2093965717204186e-12
27850.056 4.949845707004973e-12
27900.056 4.9522980482020824e-12
27950.056 1.4483629854479729e-11
28000.056 1.6569385416488386e-11
28050.056 1.0870140486110211e-12
28100.056 1.4642928230609374e-11
28150.056 1.1501079748588497e-11
28200.056 2.06168017329625e-12
28250.056 2.1347758225553284e-11
28300.056 1.847262978278386e-11
28350.056 2.7443384973808892e-12
28400.056 1.1865157186380191e-11
28450.056 2.464139263482913e-11
28500.056 1.2609808021323587e-11
28550.056 2.3139756710406016e-12
28600.056 2.387340485917803e-11
28650.056 1.2897524470694162e-11
28700.056 2.7215649679532443e-11
28750.056 3.732507150557112e-11
28800.056 1.1149107072062726e-11
