galfind/configs/Brown_Dwarf_templates/sonora_bobcat/m0.0/17g/sp_t400g17nc_m0.0_resample.dat
# %ECSV 1.0
# ---
# datatype:
# - {name: wav, unit: Angstrom, datatype: float64}
# - {name: flux_nu, unit: erg / (cm2 Hz s), datatype: float64}
# meta: {C/O: '1.00', Kzz: '1.0000E+05', Teff: '400.', Y: '0.28', '[Fe/H]': '0.00', f_hole: '1.00', f_rain: '0.00', grav: '18.'}
# schema: astropy-2.0
wav flux_nu
4000.0559999999996 nan
4050.0559999999996 2.092002413724271e-18
4100.056 3.258510899980074e-16
4150.056 3.5372390226000323e-15
4200.056 3.670866232558239e-15
4250.056 3.622905317700021e-14
4300.056 8.656482625400049e-14
4350.056 1.6140429469000083e-13
4400.056 2.6953302640000076e-13
4450.056 4.2763736942000017e-13
4500.056 6.342256710500059e-13
4550.056 6.376088736964535e-13
4600.056 1.5130229803479904e-13
4650.056 7.797588055299935e-14
4700.056 3.1204819165999785e-14
4750.056 9.069376585699908e-15
4800.056 3.11395718639997e-15
4850.056 1.058273666579992e-15
4900.056 5.366505856599991e-16
4950.056 3.6560046614999963e-16
5000.056 2.5320213306999807e-16
5050.056 2.007577776810018e-16
5100.056 2.3019623510100433e-16
5150.056 2.7480420832000433e-16
5200.056 3.237437934700016e-16
5250.056 3.7316714429000066e-16
5300.056 4.3019462470000064e-16
5350.056 4.976773053800008e-16
5400.056 5.670006536100007e-16
5450.056 6.536781848400075e-16
5500.056 7.557784104600089e-16
5550.056 8.662675233300026e-16
5600.056 9.698972387500015e-16
5650.056 1.0524585876799972e-15
5700.056 1.065743253960001e-15
5750.056 1.0570090408700007e-15
5800.056 9.620790956699973e-16
5850.056 6.707174624099859e-16
5900.056 1.796562200461537e-16
5950.056 1.3154528554100718e-15
6000.056 2.907671484149928e-15
6050.056 5.465426588400131e-15
6100.056 9.105517200000121e-15
6150.056 1.3866590071000102e-14
6200.056 2.0120326379000117e-14
6250.056 2.7664179054999964e-14
6300.056 3.857417881200004e-14
6350.056 5.266526176300038e-14
6400.056 7.021005200500036e-14
6450.056 8.281721745639662e-14
6500.056 1.0874678174079856e-13
6550.056 1.465381584763963e-13
6600.056 1.9834633084301082e-13
6650.056 2.705517122050026e-13
6700.056 3.554965891800027e-13
6750.056 4.834409746800035e-13
6800.056 5.942099266900116e-13
6850.056 6.749590592300029e-13
6900.056 6.181911861230243e-13
6950.056 5.30601193025524e-13
7000.056 6.098833662744983e-13
7050.056 6.448445232894884e-13
7100.056 7.215696307549711e-13
7150.056 5.897124542543701e-13
7200.056 5.063159934804003e-13
7250.056 6.000549462346668e-13
7300.056 6.355530018358805e-13
7350.056 7.705586330358362e-13
7400.056 9.077142967030643e-13
7450.056 1.1017410858450957e-12
7500.056 1.250132060769984e-12
7550.056 1.3191711843599941e-12
7600.056 1.267149927999994e-12
7650.056 4.425955200034815e-13
7700.056 3.212052007954115e-13
7750.056 1.4287639754000197e-12
7800.056 2.0811065990499805e-12
7850.056 2.953008383619981e-12
7900.056 3.7948655725558096e-12
7950.056 4.243027826825971e-12
8000.056 5.433608987049991e-12
8050.056 6.307831544690139e-12
8100.056 5.097458637420232e-12
8150.056 4.805457894586268e-12
8200.056 7.562393686753413e-12
8250.056 8.340605302816061e-12
8300.056 9.884080763467787e-12
8350.056 9.504146797113938e-12
8400.056 1.0898877956506686e-11
8450.056 1.469214325006151e-11
8500.056 1.7026082217649483e-11
8550.056 2.2113558591900297e-11
8600.056 2.7330717944400307e-11
8650.056 3.1256232055000706e-11
8700.056 3.107578168600081e-11
8750.056 3.370982527600015e-11
8800.056 3.2561646314599666e-11
8850.056 2.341368824239754e-11
8900.056 2.788501752647698e-12
8950.056 3.820275391241286e-12
9000.056 2.5235706560634697e-12
9050.056 1.1041486864371233e-11
9100.056 1.5836780085639456e-11
9150.056 2.350810400971549e-11
9200.056 5.022362672742491e-11
9250.056 5.087658030053269e-11
9300.056 5.158907431584735e-12
9350.056 6.214822206119496e-12
9400.056 1.6505336543014448e-11
9450.056 1.9955418845531727e-11
9500.056 1.6388462131026968e-11
9550.056 1.9849820087492193e-11
9600.056 1.867720664925235e-11
9650.056 2.9870225120706386e-11
9700.056 5.829452524588909e-11
9750.056 5.022498499180208e-11
9800.056 5.01955075971538e-11
9850.056 5.35424020233774e-11
9900.056 7.077237674217574e-11
9950.056 5.6115220050517564e-11
10000.056 6.603157874647885e-11
10050.056 7.03131880216067e-11
10100.056 9.602566882238248e-11
10150.056 8.56308683732133e-11
10200.056 7.50093611855517e-11
10250.056 1.022134958256886e-10
10300.056 1.5618167347775124e-10
10350.056 1.535407671465045e-10
10400.056 3.357363549349863e-10
10450.056 5.518330270150567e-10
10500.056 8.120229830526297e-10
10550.056 1.1826454341460813e-09
10600.056 1.4271513373259463e-09
10650.056 1.5885226072984573e-09
10700.056 1.4886552156082691e-09
10750.056 1.5811948248204357e-09
10800.056 1.4725129663316253e-09
10850.056 1.1784637659874245e-09
10900.056 7.094873289859549e-10
10950.056 2.920566639024858e-10
11000.056 1.7267410564621704e-10
11050.056 8.872131424367994e-11
11100.056 3.849266336181241e-11
11150.056 1.0443879863609689e-11
11200.056 3.994410355835877e-12
11250.056 4.1870015010650935e-12
11300.056 1.1302850138772773e-11
11350.056 2.3121771469571926e-12
11400.056 8.907991953975781e-12
11450.056 6.868398969192119e-12
11500.056 3.831847053464684e-12
11550.056 4.5250251859166966e-13
11600.056 3.095258402418215e-13
11650.056 1.975095202484045e-12
11700.056 1.972463283510534e-12
11750.056 2.2473848909271864e-13
11800.056 2.1734155623031368e-12
11850.056 3.3938682822342112e-12
11900.056 3.0082954219313593e-12
11950.056 5.576771299314798e-12
12000.056 1.1535159196810549e-11
12050.056 2.450600420409693e-11
12100.056 4.8074420958837885e-11
12150.056 8.934615748990248e-11
12200.056 1.2370758598380548e-10
12250.056 2.5047695225932205e-10
12300.056 4.973299057192211e-10
12350.056 5.800880994679126e-10
12400.056 1.0823695372240818e-09
12450.056 1.7855037116198662e-09
12500.056 2.1287997099040682e-09
12550.056 2.7956719518176454e-09
12600.056 3.728062758407879e-09
12650.056 4.3047573373214925e-09
12700.056 4.366141280128014e-09
12750.056 2.860258025253171e-09
12800.056 1.7597202669499137e-09
12850.056 8.761532692330588e-10
12900.056 6.241401711518456e-10
12950.056 4.585399441191058e-10
13000.056 4.096404182289528e-10
13050.056 2.108890011148982e-10
13100.056 1.7050559189584145e-10
13150.056 9.284310090569271e-11
13200.056 8.486336921215624e-11
13250.056 6.71992168535834e-11
13300.056 2.3953919149375092e-11
13350.056 6.631084783032991e-12
13400.056 4.742738195750688e-12
13450.056 1.31259671526318e-12
13500.056 4.631096190703627e-13
13550.056 1.6618409203421657e-13
13600.056 1.9619072019201833e-14
13650.056 2.363764366661486e-13
13700.056 1.1462841355844053e-13
13750.056 2.1415126106881484e-13
13800.056 1.4641022950066135e-13
13850.056 8.406179733196084e-14
13900.056 1.7833350191099945e-13
13950.056 1.0384854764622186e-13
14000.056 1.2939456836376005e-13
14050.056 2.564437905316811e-13
14100.056 3.389697809747926e-13
14150.056 8.077881892131749e-13
14200.056 4.3364683800691163e-13
14250.056 7.928507744349785e-13
14300.056 1.884058498418827e-12
14350.056 2.1187634810662176e-12
14400.056 2.3992729566332597e-12
14450.056 4.315511789680606e-12
14500.056 1.0103479691775238e-11
14550.056 1.1095643653630665e-11
14600.056 1.1176505374604853e-11
14650.056 5.470115240582622e-12
14700.056 2.3378265711475687e-12
14750.056 7.820736792136235e-13
14800.056 1.8528617238499916e-12
14850.056 2.911796266014349e-12
14900.056 2.8759471258364626e-12
14950.056 1.6705610880591684e-12
15000.056 5.24517606972944e-12
15050.056 4.042297174066888e-12
15100.056 2.2292106802230073e-12
15150.056 1.4299109341318955e-12
15200.056 3.716675221367755e-12
15250.056 9.42958902539217e-12
15300.056 1.1493243754791105e-11
15350.056 1.860147771455728e-11
15400.056 2.7019331024436588e-11
15450.056 3.926324286789009e-11
15500.056 4.45536041521355e-11
15550.056 1.0176382165609927e-10
15600.056 1.409907990277589e-10
15650.056 2.754469793864946e-10
15700.056 4.626488809310628e-10
15750.056 6.966791443787234e-10
15800.056 8.198409075704336e-10
15850.056 1.0550808838365516e-09
15900.056 1.0664287472435433e-09
15950.056 1.0648440853986027e-09
16000.056 7.85310129504235e-10
16050.056 3.903792390094241e-10
16100.056 2.2982253122229435e-10
16150.056 1.0714461466288085e-10
16200.056 5.1403151130916694e-11
16250.056 3.0717553977547883e-11
16300.056 1.6422643933450965e-11
16350.056 2.0166008111515368e-11
16400.056 2.6399123162185644e-11
16450.056 1.9299105076004015e-11
16500.056 1.4790772833256746e-11
16550.056 1.5721053523641005e-11
16600.056 2.776957583895256e-11
16650.056 2.0476485688331506e-11
16700.056 2.263943723795193e-12
16750.056 9.285292363285368e-12
16800.056 1.632492512875208e-11
16850.056 2.031383776493165e-11
16900.056 8.033699708820584e-12
16950.056 3.874216179657733e-12
17000.056 1.940222097670355e-12
17050.056 4.353345874790136e-12
17100.056 8.885875087081726e-12
17150.056 4.110317615448029e-12
17200.056 2.0934744887097632e-11
17250.056 1.0306521222988237e-11
17300.056 5.5360384897584654e-12
17350.056 6.4046269993428864e-12
17400.056 1.3780672111495649e-11
17450.056 1.9998867249461857e-11
17500.056 2.8907086255674272e-11
17550.056 2.6803406770403047e-11
17600.056 1.9891889628968137e-11
17650.056 1.8043717194270805e-11
17700.056 1.2699559550682653e-11
17750.056 1.4449607901168996e-11
17800.056 4.640172118197153e-11
17850.056 1.6972244453805786e-11
17900.056 1.2390192710954828e-11
17950.056 1.0477822022198943e-11
18000.056 1.6143505789719928e-11
18050.056 1.5774923182038238e-11
18100.056 2.111343861723996e-11
18150.056 1.5361966739674523e-11
18200.056 1.1561786816555922e-11
18250.056 4.169655489928314e-11
18300.056 8.442822318418163e-12
18350.056 5.902125791932314e-12
18400.056 3.968614771965061e-12
18450.056 2.255046404679259e-11
18500.056 2.1337710031089965e-11
18550.056 1.17018333526713e-11
18600.056 1.9289003667479606e-11
18650.056 1.3540277435035897e-11
18700.056 2.778298504025578e-12
18750.056 7.212124467299247e-12
18800.056 3.5819679160811815e-11
18850.056 3.628309199355749e-11
18900.056 3.191593196931252e-11
18950.056 4.6597618846135095e-11
19000.056 1.2312178789494425e-11
19050.056 5.663206590569058e-12
19100.056 1.3240102897287606e-11
19150.056 5.934652614664875e-12
19200.056 8.28562299328628e-12
19250.056 6.8546590341372855e-12
19300.056 4.2841427766003085e-12
19350.056 3.749925041347852e-12
19400.056 3.4106193768145066e-12
19450.056 6.1970020591783774e-12
19500.056 3.178663185697061e-12
19550.056 5.971488065944058e-12
19600.056 1.7865362022563594e-11
19650.056 1.0618662122646953e-11
19700.056 1.2410027810764763e-11
19750.056 2.314497211013631e-11
19800.056 1.436097245001626e-11
19850.056 1.8604167954825467e-11
19900.056 2.597451924503004e-11
19950.056 3.6013680103812154e-11
20000.056 4.8981704869562875e-11
20050.056 3.5663159727639834e-11
20100.056 6.673528492042271e-11
20150.056 3.15688118138371e-11
20200.056 2.2540776024506068e-11
20250.056 5.189631485988549e-11
20300.056 6.495340328759136e-11
20350.056 7.51233179394028e-11
20400.056 6.031120704609163e-11
20450.056 1.0687474400052442e-10
20500.056 1.3816595829578718e-10
20550.056 1.6711089849463844e-10
20600.056 1.7693783202158078e-10
20650.056 2.3992822315453433e-10
20700.056 2.7215993603306637e-10
20750.056 3.336031862615878e-10
20800.056 3.153542242822634e-10
20850.056 3.7475833422272183e-10
20900.056 4.251533547134365e-10
20950.056 3.966218384180001e-10
21000.056 3.9220382988427785e-10
21050.056 4.320127964058807e-10
21100.056 3.993334380740748e-10
21150.056 4.085150596997596e-10
21200.056 3.738340760351917e-10
21250.056 3.4387559019200817e-10
21300.056 2.782400959240293e-10
21350.056 2.82282063041662e-10
21400.056 2.6908450309953075e-10
21450.056 2.0107722547737153e-10
21500.056 1.746969247089897e-10
21550.056 1.5665230044855842e-10
21600.056 1.2479601474271569e-10
21650.056 8.96252892806108e-11
21700.056 7.309910459366392e-11
21750.056 7.785760286519901e-11
21800.056 5.189968581401509e-11
21850.056 5.2448327080417136e-11
21900.056 3.5077414153062835e-11
21950.056 1.0165699366887874e-11
22000.056 1.5803845509025481e-12
22050.056 2.2304247789093073e-12
22100.056 9.907263004694694e-12
22150.056 8.756957672090833e-12
22200.056 9.07767180667794e-12
22250.056 7.0577034254039865e-12
22300.056 3.2385017803266746e-12
22350.056 4.679064221587568e-12
22400.056 1.6281172897249874e-12
22450.056 2.326781990947572e-12
22500.056 1.7629313558273277e-12
22550.056 9.785317271096957e-13
22600.056 7.345475128358892e-13
22650.056 1.5582726139536202e-12
22700.056 1.3192491074576495e-12
22750.056 1.5758326970587603e-12
22800.056 1.6077716265220124e-12
22850.056 1.1360486052295398e-12
22900.056 8.071280628794894e-13
22950.056 6.254996050186703e-13
23000.056 9.742268321789824e-13
23050.056 1.196156434094594e-12
23100.056 6.9599158908130915e-12
23150.056 7.524160248577905e-12
23200.056 2.8207267695037734e-13
23250.056 1.051668582388697e-12
23300.056 1.0635478595188861e-12
23350.056 1.8764054107731933e-12
23400.056 1.4918872689735652e-12
23450.056 8.344768488132089e-13
23500.056 8.47299950075081e-13
23550.056 1.8743220097544074e-12
23600.056 3.899323577002641e-12
23650.056 6.053590892418613e-12
23700.056 1.1138061720534624e-12
23750.056 9.27854066782978e-13
23800.056 4.7041583026185205e-12
23850.056 3.251969840972012e-12
23900.056 7.323068039957346e-12
23950.056 4.044512461857673e-12
24000.056 9.214944524772858e-12
24050.056 1.2347702468981793e-11
24100.056 1.4962746603026516e-11
24150.056 2.1728020912970496e-11
24200.056 1.3521999198317498e-11
24250.056 1.048406457826506e-11
24300.056 1.90008909161263e-11
24350.056 1.6463385253042598e-11
24400.056 3.910898616893807e-11
24450.056 4.775192124614187e-11
24500.056 4.248826724322695e-11
24550.056 6.46762607954406e-11
24600.056 6.903216365124428e-11
24650.056 1.1320319742397529e-10
24700.056 6.296745261535831e-11
24750.056 9.12534990355577e-11
24800.056 8.173796209424204e-11
24850.056 1.3433621002330165e-10
24900.056 6.890782518892257e-11
24950.056 1.355288488194566e-10
25000.056 1.4583597561717946e-10
25050.056 9.915897220211834e-11
25100.056 1.5103893508948253e-10
25150.056 6.65718074803461e-11
25200.056 1.0859133227617864e-10
25250.056 4.56512215349926e-11
25300.056 6.293853412683836e-11
25350.056 2.8843655349640347e-11
25400.056 7.565308003790414e-11
25450.056 2.0304304504380536e-11
25500.056 1.7658936798858637e-11
25550.056 3.8305482313638284e-11
25600.056 1.588510081905871e-11
25650.056 8.756902515478757e-12
25700.056 9.669376260899992e-12
25750.056 2.480016813823619e-12
25800.056 1.5225154869787622e-11
25850.056 2.298397962843608e-12
25900.056 3.2408889142948346e-12
25950.056 6.548272128327226e-13
26000.056 1.2679349986649095e-11
26050.056 1.0807012465642685e-12
26100.056 6.429719874426155e-12
26150.056 2.4114544741085452e-12
26200.056 3.649256499380079e-12
26250.056 3.0691082503849305e-11
26300.056 5.029269710009337e-12
26350.056 5.3607627287558415e-11
26400.056 9.07330030553438e-11
26450.056 6.601217881860676e-11
26500.056 1.5289527310059213e-10
26550.056 1.2521075274140253e-11
26600.056 1.527165084284078e-11
26650.056 1.7423154424598141e-12
26700.056 9.367024737233938e-13
26750.056 1.8191870131582576e-12
26800.056 7.153828298914713e-12
26850.056 3.869246674191042e-12
26900.056 2.298224259521621e-11
26950.056 6.438111633323543e-12
27000.056 4.230817642791095e-11
27050.056 5.2081030135464664e-11
27100.056 3.9062966935830985e-12
27150.056 5.8190058226101144e-11
27200.056 3.8119881192548776e-12
27250.056 1.7543765091586307e-11
27300.056 1.5788209481384781e-10
27350.056 4.634484341671365e-11
27400.056 1.777108740198811e-12
27450.056 6.419689723784407e-11
27500.056 7.51284595256766e-11
27550.056 1.0325536052442133e-11
27600.056 3.517459598860628e-11
27650.056 7.659999485193401e-12
27700.056 7.18126275476494e-12
27750.056 5.656705066844384e-11
27800.056 1.3696919974435651e-11
27850.056 2.7097605907239798e-11
27900.056 2.6067718198589384e-11
27950.056 7.442065868843441e-11
28000.056 7.55174934286428e-11
28050.056 6.81288088348268e-12
28100.056 6.660024454500005e-11
28150.056 5.2696705959388354e-11
28200.056 1.20307423266844e-11
28250.056 9.472630772589838e-11
28300.056 8.469941399948695e-11
28350.056 1.5885985621193523e-11
28400.056 5.919589271506257e-11
28450.056 1.1021055570583357e-10
28500.056 6.416501733745052e-11
28550.056 1.3303328617794895e-11
28600.056 1.136048614792452e-10
28650.056 6.836832355521192e-11
28700.056 1.1857563085837738e-10
28750.056 1.6530631622283464e-10
28800.056 6.194006733142484e-11
