galfind/configs/Brown_Dwarf_templates/sonora_bobcat/m0.0/17g/sp_t900g17nc_m0.0_resample.dat
# %ECSV 1.0
# ---
# datatype:
# - {name: wav, unit: Angstrom, datatype: float64}
# - {name: flux_nu, unit: erg / (cm2 Hz s), datatype: float64}
# meta: {C/O: '1.00', Kzz: '1.0000E+05', Teff: '900.', Y: '0.28', '[Fe/H]': '0.00', f_hole: '1.00', f_rain: '0.00', grav: '18.'}
# schema: astropy-2.0
wav flux_nu
4000.0559999999996 nan
4050.0559999999996 2.3352293049784445e-13
4100.056 8.791641484449607e-12
4150.056 2.101265059740177e-11
4200.056 1.7460915455106283e-11
4250.056 3.269302976550638e-11
4300.056 3.9482042647004466e-11
4350.056 4.425544159840275e-11
4400.056 5.411880708600438e-11
4450.056 5.867298244600036e-11
4500.056 6.079380333200393e-11
4550.056 7.274011372228579e-11
4600.056 8.025641450972082e-11
4650.056 7.325729553299231e-11
4700.056 7.428844580300246e-11
4750.056 4.71682347450001e-11
4800.056 1.5935820623499684e-11
4850.056 4.5068423546999065e-12
4900.056 1.8441007537999827e-12
4950.056 8.366981926199927e-13
5000.056 3.069062050699963e-13
5050.056 1.267767015399997e-13
5100.056 1.0457320342600007e-13
5150.056 9.36081649460002e-14
5200.056 8.415335839599996e-14
5250.056 7.427837202499991e-14
5300.056 6.582725770399991e-14
5350.056 5.950075644699994e-14
5400.056 5.4599460729999915e-14
5450.056 5.070468026800001e-14
5500.056 4.7526535800000126e-14
5550.056 4.4943721045000004e-14
5600.056 4.2574707943999976e-14
5650.056 4.004801434399993e-14
5700.056 3.6903789471999965e-14
5750.056 3.2885853364999947e-14
5800.056 2.714659721399991e-14
5850.056 1.758478758119973e-14
5900.056 4.784364548966698e-15
5950.056 3.548954931200076e-14
6000.056 7.971313217800004e-14
6050.056 1.5208488058400196e-13
6100.056 2.7134885231000273e-13
6150.056 4.70216195660004e-13
6200.056 8.004593779200058e-13
6250.056 1.3317533899000076e-12
6300.056 2.1906375797000155e-12
6350.056 3.535448006800029e-12
6400.056 5.587219608200041e-12
6450.056 8.5402620836999e-12
6500.056 1.3009710066099988e-11
6550.056 1.949660942900008e-11
6600.056 2.8844622594000517e-11
6650.056 4.1838857783000295e-11
6700.056 4.7915421128048283e-11
6750.056 8.108585835300049e-11
6800.056 1.0608523302300065e-10
6850.056 1.2198668712000022e-10
6900.056 1.1883008038800185e-10
6950.056 1.0877063017599891e-10
7000.056 1.1198800849300169e-10
7050.056 1.222894093709981e-10
7100.056 1.350905374969993e-10
7150.056 1.364158542349974e-10
7200.056 1.3440018969778185e-10
7250.056 1.3124788935199107e-10
7300.056 1.2069343777409864e-10
7350.056 1.0913194586369668e-10
7400.056 9.76832066440028e-11
7450.056 8.375908318400163e-11
7500.056 6.84635867779993e-11
7550.056 5.193083982699958e-11
7600.056 3.6369291372999633e-11
7650.056 7.672209564166355e-12
7700.056 4.284977547662244e-12
7750.056 3.127910855500068e-11
7800.056 6.237782694916086e-11
7850.056 1.3176000641700047e-10
7900.056 2.11526812784e-10
7950.056 2.57691386264303e-10
8000.056 4.60782109700006e-10
8050.056 6.310093333000173e-10
8100.056 7.874078956340101e-10
8150.056 9.997834526585871e-10
8200.056 1.3167628196081141e-09
8250.056 1.6345560544451077e-09
8300.056 2.035995720263378e-09
8350.056 2.4462487600844065e-09
8400.056 2.95897558164193e-09
8450.056 3.6473949699597835e-09
8500.056 3.950315251408102e-09
8550.056 5.1041076447000695e-09
8600.056 6.307926144599994e-09
8650.056 7.194407266599928e-09
8700.056 8.290945238399657e-09
8750.056 9.646518978200215e-09
8800.056 1.1124890535500483e-08
8850.056 1.2122131887599482e-08
8900.056 1.0087376229269285e-08
8950.056 9.668206088888455e-09
9000.056 1.1559581079923519e-08
9050.056 1.71102355383827e-08
9100.056 1.971038267789315e-08
9150.056 2.0317494078922954e-08
9200.056 2.4158090828181606e-08
9250.056 2.4124748609382338e-08
9300.056 1.2646393514718216e-08
9350.056 1.4339664585847888e-08
9400.056 1.7881434837039026e-08
9450.056 2.2487217159761473e-08
9500.056 2.2325573599615547e-08
9550.056 2.5700694316450955e-08
9600.056 2.46718812131489e-08
9650.056 2.7971286950729382e-08
9700.056 3.1593679135624796e-08
9750.056 3.2326770354862675e-08
9800.056 3.5367273480041126e-08
9850.056 4.003668168282946e-08
9900.056 4.3756384261933426e-08
9950.056 4.423208588357587e-08
10000.056 4.2226344725687657e-08
10050.056 5.2762906606201936e-08
10100.056 6.442763369918422e-08
10150.056 7.448395367898231e-08
10200.056 8.762825949899358e-08
10250.056 9.755152139099422e-08
10300.056 1.0899987281700476e-07
10350.056 1.2773275711499572e-07
10400.056 1.4563148902899094e-07
10450.056 1.5413395733599695e-07
10500.056 1.5548420381500564e-07
10550.056 1.606744336180145e-07
10600.056 1.6994965808199466e-07
10650.056 1.8550151422100384e-07
10700.056 1.9395181372841458e-07
10750.056 2.0885253089460672e-07
10800.056 2.1923364216820406e-07
10850.056 2.1911003730437357e-07
10900.056 1.6753292225368934e-07
10950.056 9.690728343241042e-08
11000.056 8.84289119325268e-08
11050.056 7.489835393269938e-08
11100.056 6.033675011975466e-08
11150.056 4.328244883288472e-08
11200.056 3.865847963886823e-08
11250.056 4.458763836198909e-08
11300.056 4.7810736660515166e-08
11350.056 2.5736831616759483e-08
11400.056 3.720611079762848e-08
11450.056 3.531151131298371e-08
11500.056 3.301009518159068e-08
11550.056 1.7031371259118196e-08
11600.056 2.014448753053822e-08
11650.056 2.9696106237944714e-08
11700.056 2.700079388557971e-08
11750.056 1.166200153485317e-08
11800.056 3.103506784932701e-08
11850.056 4.631836522679699e-08
11900.056 5.156024845225752e-08
11950.056 7.288675726565349e-08
12000.056 9.048833883821182e-08
12050.056 1.1503180097474416e-07
12100.056 1.37412019563227e-07
12150.056 1.6770537979047497e-07
12200.056 1.9552344842474584e-07
12250.056 2.240785223373152e-07
12300.056 2.569818531096473e-07
12350.056 2.7176850354042404e-07
12400.056 2.9869080004200016e-07
12450.056 2.994083828470344e-07
12500.056 3.259233474609928e-07
12550.056 3.498108907340418e-07
12600.056 4.0799153693301696e-07
12650.056 4.0225891091358853e-07
12700.056 4.2050790829847745e-07
12750.056 4.1261503413413543e-07
12800.056 4.192688589003448e-07
12850.056 3.7326297355491604e-07
12900.056 3.305841931298786e-07
12950.056 3.358803855061914e-07
13000.056 3.0392494931318026e-07
13050.056 2.781522047815248e-07
13100.056 2.522738458036396e-07
13150.056 2.1298782945986275e-07
13200.056 1.8543165549129566e-07
13250.056 1.4643364143861197e-07
13300.056 7.498063007111316e-08
13350.056 2.7149174870789452e-08
13400.056 2.1673599972501563e-08
13450.056 1.3304513110174526e-08
13500.056 1.02190171690957e-08
13550.056 7.732381710464406e-09
13600.056 3.803680660828041e-09
13650.056 7.842544574497418e-09
13700.056 6.860835420318612e-09
13750.056 5.794021447232089e-09
13800.056 6.112031582490976e-09
13850.056 5.356213100715845e-09
13900.056 5.6579501340384325e-09
13950.056 4.892253172858721e-09
14000.056 4.928335711002934e-09
14050.056 5.951121458059399e-09
14100.056 6.1486885492429405e-09
14150.056 8.098150314224278e-09
14200.056 6.920776248609061e-09
14250.056 7.94411238335829e-09
14300.056 1.0957232228360759e-08
14350.056 1.1535393847207947e-08
14400.056 1.4039970039860958e-08
14450.056 1.515759966480818e-08
14500.056 2.3317172871247023e-08
14550.056 2.6800702231590098e-08
14600.056 3.195647995374065e-08
14650.056 3.351605532657757e-08
14700.056 2.982438249591448e-08
14750.056 3.5018139714261966e-08
14800.056 4.315575635242231e-08
14850.056 4.7409600601032005e-08
14900.056 5.1087533987740135e-08
14950.056 5.514938732182797e-08
15000.056 6.200922984740933e-08
15050.056 7.006310369408192e-08
15100.056 7.692150087526934e-08
15150.056 8.63592265173846e-08
15200.056 8.883888709328831e-08
15250.056 1.0182841410862702e-07
15300.056 1.1370961485473119e-07
15350.056 1.2342667481342527e-07
15400.056 1.390837209506186e-07
15450.056 1.5255343128401807e-07
15500.056 1.5827494183916124e-07
15550.056 1.7545038521769768e-07
15600.056 1.7246523788390804e-07
15650.056 1.870671765372165e-07
15700.056 2.1570762814180172e-07
15750.056 2.3219924998499664e-07
15800.056 2.2379551100808858e-07
15850.056 2.4580847570997076e-07
15900.056 2.3145161903702807e-07
15950.056 2.3121546082593934e-07
16000.056 1.9533523733700808e-07
16050.056 1.4598446898839893e-07
16100.056 1.1515032799189777e-07
16150.056 8.331992161327393e-08
16200.056 5.999528145686076e-08
16250.056 5.162476771725736e-08
16300.056 4.048857599853726e-08
16350.056 4.450474219686238e-08
16400.056 5.4854637131473626e-08
16450.056 5.758826044720303e-08
16500.056 6.176496793077515e-08
16550.056 6.103031937536967e-08
16600.056 5.6334248704958675e-08
16650.056 5.0033736590769434e-08
16700.056 1.6603910038744758e-08
16750.056 2.040023175761269e-08
16800.056 3.7575173416413927e-08
16850.056 4.3489835417505224e-08
16900.056 3.3753575274871475e-08
16950.056 2.5358396391980628e-08
17000.056 1.7764260151978396e-08
17050.056 2.8739499223526284e-08
17100.056 3.8081500952637034e-08
17150.056 2.6355701685500312e-08
17200.056 4.227593171211579e-08
17250.056 3.827315760042202e-08
17300.056 2.7453403265367614e-08
17350.056 2.410253922586606e-08
17400.056 2.951657734602372e-08
17450.056 3.486210078613109e-08
17500.056 4.178632242569337e-08
17550.056 4.111527062917362e-08
17600.056 3.524477989793508e-08
17650.056 3.5728526947119435e-08
17700.056 2.5584884564304688e-08
17750.056 2.6193075597527844e-08
17800.056 4.036090331417322e-08
17850.056 2.914933393515555e-08
17900.056 2.3890270190016053e-08
17950.056 2.1667880846876667e-08
18000.056 2.584328622111372e-08
18050.056 2.8918159392211707e-08
18100.056 3.2349165839696256e-08
18150.056 4.109150505340766e-08
18200.056 2.8025611263135815e-08
18250.056 4.797566175361312e-08
18300.056 3.791096607982496e-08
18350.056 3.085493360710378e-08
18400.056 3.24279051603021e-08
18450.056 3.6061072070980075e-08
18500.056 3.9765174618821904e-08
18550.056 3.4131374313211214e-08
18600.056 3.087244994494701e-08
18650.056 3.3592774842408606e-08
18700.056 3.275365674686185e-08
18750.056 3.951494382839442e-08
18800.056 5.560744815902049e-08
18850.056 6.426502231494711e-08
18900.056 6.357892067529684e-08
18950.056 7.805198166628035e-08
19000.056 7.035663363190509e-08
19050.056 5.872292830044637e-08
19100.056 7.964990112374605e-08
19150.056 7.127776901440775e-08
19200.056 7.785683533541008e-08
19250.056 6.773786839493708e-08
19300.056 6.835373048381164e-08
19350.056 6.02475115469204e-08
19400.056 4.873766903271267e-08
19450.056 7.415869552377452e-08
19500.056 7.072570990332486e-08
19550.056 5.345036891701806e-08
19600.056 7.45192121165327e-08
19650.056 7.855609923566665e-08
19700.056 8.136209193042794e-08
19750.056 8.311399173061735e-08
19800.056 8.636822031620523e-08
19850.056 1.017643666725063e-07
19900.056 8.424666037625721e-08
19950.056 1.1921476384896208e-07
20000.056 1.0723889771154846e-07
20050.056 1.1751926676533027e-07
20100.056 1.3538031280980382e-07
20150.056 1.2975532134908675e-07
20200.056 1.410584901704134e-07
20250.056 1.5966375927986516e-07
20300.056 1.588177940597188e-07
20350.056 1.7590491780461137e-07
20400.056 1.705915176132861e-07
20450.056 1.945525120262118e-07
20500.056 2.0216389194061946e-07
20550.056 2.014210855467075e-07
20600.056 2.2183279892980777e-07
20650.056 2.184617209659153e-07
20700.056 2.2530837556804894e-07
20750.056 2.3458362661235815e-07
20800.056 2.3587048044441286e-07
20850.056 2.288260155621896e-07
20900.056 2.3364737491482113e-07
20950.056 2.249366572674597e-07
21000.056 2.1809184596906873e-07
21050.056 2.155691088704882e-07
21100.056 2.0189894515282712e-07
21150.056 2.052178206567629e-07
21200.056 1.8706687925330129e-07
21250.056 1.761100493883233e-07
21300.056 1.494009597333299e-07
21350.056 1.5288302976425253e-07
21400.056 1.398751964912579e-07
21450.056 1.295355060839487e-07
21500.056 1.1642148197001291e-07
21550.056 1.057014766861902e-07
21600.056 8.943726188372583e-08
21650.056 7.613535526205629e-08
21700.056 7.599682946462696e-08
21750.056 6.55561578919979e-08
21800.056 5.4950011560896985e-08
21850.056 4.911936040482763e-08
21900.056 3.4658518518184533e-08
21950.056 2.0336404733763977e-08
22000.056 8.378424719973904e-09
22050.056 4.993340433956829e-09
22100.056 8.00356526768508e-09
22150.056 1.2899632873317028e-08
22200.056 1.5561483501321355e-08
22250.056 1.3045738995292377e-08
22300.056 1.0728647377577578e-08
22350.056 1.0172692426740591e-08
22400.056 7.29975597042124e-09
22450.056 6.255752752885821e-09
22500.056 5.54086611497801e-09
22550.056 4.529732582343932e-09
22600.056 4.76556018719941e-09
22650.056 5.154857681517987e-09
22700.056 4.391952441071506e-09
22750.056 4.781093781769696e-09
22800.056 4.1332702724954e-09
22850.056 3.652612771107675e-09
22900.056 3.052417202198333e-09
22950.056 2.902647058831372e-09
23000.056 3.825980268567579e-09
23050.056 5.142571541969002e-09
23100.056 9.009674878473907e-09
23150.056 1.092616284974569e-08
23200.056 2.9104299917517663e-09
23250.056 3.2363134365056826e-09
23300.056 3.0154903545261206e-09
23350.056 3.0891696304725325e-09
23400.056 3.4754674284317376e-09
23450.056 3.3598674959081045e-09
23500.056 3.66874914065942e-09
23550.056 4.727008772074349e-09
23600.056 5.298110142494221e-09
23650.056 7.358526053368728e-09
23700.056 4.811633097696542e-09
23750.056 3.621392881531494e-09
23800.056 4.003950500083106e-09
23850.056 4.695052006617329e-09
23900.056 7.109219358658907e-09
23950.056 8.292977865858894e-09
24000.056 8.816403918652012e-09
24050.056 1.1985973176225008e-08
24100.056 1.119873961737902e-08
24150.056 1.2772142547586168e-08
24200.056 1.2396293457450225e-08
24250.056 1.030269258645884e-08
24300.056 1.2728400790705903e-08
24350.056 1.0775274339756373e-08
24400.056 1.4776910741151511e-08
24450.056 1.5397913634836763e-08
24500.056 1.58298388125021e-08
24550.056 1.956529546853623e-08
24600.056 1.99900789532641e-08
24650.056 2.4855113733534198e-08
24700.056 2.0216216329139014e-08
24750.056 2.3836561621358997e-08
24800.056 2.51013692354927e-08
24850.056 3.109915316617622e-08
24900.056 2.340495638517583e-08
24950.056 3.5809656786055466e-08
25000.056 3.381706563063436e-08
25050.056 2.7463801109289925e-08
25100.056 3.621462173533639e-08
25150.056 2.6394531481821846e-08
25200.056 3.442889880456362e-08
25250.056 2.7294890370008484e-08
25300.056 3.7871951630430335e-08
25350.056 2.4558907456205082e-08
25400.056 3.9629568557860154e-08
25450.056 2.5233392773424518e-08
25500.056 2.5073835536610685e-08
25550.056 2.7837975493856183e-08
25600.056 2.2089928262732688e-08
25650.056 1.8587725767661132e-08
25700.056 2.985658222407971e-08
25750.056 1.5061607068727618e-08
25800.056 2.7683373349941078e-08
25850.056 1.672108707860247e-08
25900.056 2.086332048991949e-08
25950.056 1.4375187586805311e-08
26000.056 3.290196458727823e-08
26050.056 2.1899474212565713e-08
26100.056 2.9332438960036395e-08
26150.056 2.372173232299584e-08
26200.056 2.845287994286043e-08
26250.056 3.916764621858924e-08
26300.056 3.0702591562574335e-08
26350.056 4.9523525142115735e-08
26400.056 5.1023790497060606e-08
26450.056 5.769082244297905e-08
26500.056 6.154561803413825e-08
26550.056 3.917584512586364e-08
26600.056 5.521515591816271e-08
26650.056 2.8344376998221598e-08
26700.056 2.8302974774061344e-08
26750.056 1.979253977929982e-08
26800.056 3.3243662888646155e-08
26850.056 1.9420086540803814e-08
26900.056 4.2046529069412866e-08
26950.056 2.258887095368821e-08
27000.056 5.2284080642952024e-08
27050.056 3.9933525638779994e-08
27100.056 3.242302852281558e-08
27150.056 5.823849283214678e-08
27200.056 3.6073544541708754e-08
27250.056 4.170010266157002e-08
27300.056 8.270275847124238e-08
27350.056 6.425558314259029e-08
27400.056 2.477366030887813e-08
27450.056 8.368489568755651e-08
27500.056 7.787244462033652e-08
27550.056 4.176995615976726e-08
27600.056 7.417419225723089e-08
27650.056 3.6022311783354724e-08
27700.056 3.032194963933475e-08
27750.056 7.437994703794749e-08
27800.056 3.466099531463095e-08
27850.056 4.4782036375293043e-08
27900.056 4.8976200057500824e-08
27950.056 7.895025407037099e-08
28000.056 6.707142192377328e-08
28050.056 2.6558522887892873e-08
28100.056 8.254594445236943e-08
28150.056 5.3777621232359695e-08
28200.056 2.9724224452844613e-08
28250.056 7.80116768472178e-08
28300.056 1.014519730603916e-07
28350.056 4.157158137051789e-08
28400.056 6.265797026680184e-08
28450.056 7.952630690589842e-08
28500.056 6.72682115003932e-08
28550.056 2.8668403300708464e-08
28600.056 9.264862370055698e-08
28650.056 8.009941176816787e-08
28700.056 7.203593366278881e-08
28750.056 9.861086899102476e-08
28800.056 7.946800700917777e-08
28850.056 9.640826003198068e-08
