galfind/configs/Brown_Dwarf_templates/sonora_bobcat/m0.0/17g/sp_t1900g17nc_m0.0_resample.dat
# %ECSV 1.0
# ---
# datatype:
# - {name: wav, unit: Angstrom, datatype: float64}
# - {name: flux_nu, unit: erg / (cm2 Hz s), datatype: float64}
# meta: {C/O: '1.00', Kzz: '1.0000E+05', Teff: '1900.', Y: '0.28', '[Fe/H]': '0.00', f_hole: '1.00', f_rain: '0.00', grav: '18.'}
# schema: astropy-2.0
wav flux_nu
4000.0559999999996 nan
4050.0559999999996 2.693462779320315e-09
4100.056 2.761053124124122e-09
4150.056 1.9155437979345806e-09
4200.056 1.3257094479140747e-09
4250.056 1.1250994279799095e-09
4300.056 6.409035155312857e-10
4350.056 7.843023091229406e-10
4400.056 7.680991813032071e-10
4450.056 4.320589567660171e-10
4500.056 5.113927161830463e-10
4550.056 6.614623373058016e-10
4600.056 5.922478252239247e-10
4650.056 4.718834252120961e-10
4700.056 5.637995765981605e-10
4750.056 7.632998453868173e-10
4800.056 5.413771466150165e-10
4850.056 6.748049038701409e-10
4900.056 1.3749288551098127e-09
4950.056 1.6937373690602009e-09
5000.056 8.594279959300102e-10
5050.056 1.0571956527402292e-09
5100.056 2.1104808498884735e-09
5150.056 2.4386028306850232e-09
5200.056 1.3925297437120396e-09
5250.056 1.7194910424799943e-09
5300.056 2.095709022670128e-09
5350.056 2.09966131569037e-09
5400.056 2.487556532099968e-09
5450.056 2.1181309592597637e-09
5500.056 1.7016143469798075e-09
5550.056 2.1633081542796917e-09
5600.056 1.9312490022100757e-09
5650.056 1.8154994011000257e-09
5700.056 1.990542738500061e-09
5750.056 1.6119632128098882e-09
5800.056 1.3660417011499487e-09
5850.056 5.689257595259923e-10
5900.056 4.7185926708666085e-11
5950.056 9.993227376300035e-10
6000.056 2.409882053199975e-09
6050.056 4.208466101700179e-09
6100.056 5.436845903600318e-09
6150.056 6.079107874399249e-09
6200.056 4.94162219830011e-09
6250.056 5.8574403604002855e-09
6300.056 7.987044184800194e-09
6350.056 9.982014570900287e-09
6400.056 1.2217412956900223e-08
6450.056 1.56042720705974e-08
6500.056 1.514977953179773e-08
6550.056 1.8013566642295633e-08
6600.056 1.6332156622001294e-08
6650.056 1.5084476049701575e-08
6700.056 1.2190745906330125e-08
6750.056 1.612173032500125e-08
6800.056 1.8385620276100426e-08
6850.056 2.279372254099945e-08
6900.056 2.682331501839996e-08
6950.056 3.1365653661996055e-08
7000.056 4.014263614099526e-08
7050.056 3.769736817120318e-08
7100.056 2.5805153619397926e-08
7150.056 2.3206619332001696e-08
7200.056 3.07537593249989e-08
7250.056 4.253731875400263e-08
7300.056 6.507602298400931e-08
7350.056 8.675424584100218e-08
7400.056 9.857499830800823e-08
7450.056 9.92371827019684e-08
7500.056 1.1132062815499649e-07
7550.056 1.3057595652700454e-07
7600.056 9.272228139099164e-08
7650.056 2.3519580384421135e-08
7700.056 1.2032132616483128e-08
7750.056 6.180667996400843e-08
7800.056 8.287905085281583e-08
7850.056 9.391523802199842e-08
7900.056 9.667494669502156e-08
7950.056 9.120229021608551e-08
8000.056 1.097088673509874e-07
8050.056 1.6592814660697015e-07
8100.056 2.6632762972507413e-07
8150.056 4.1641967601803747e-07
8200.056 3.369253758245487e-07
8250.056 3.5360496499999873e-07
8300.056 2.835257497010909e-07
8350.056 3.071736297000905e-07
8400.056 3.1874742550004436e-07
8450.056 1.948841664439433e-07
8500.056 1.7519895369810205e-07
8550.056 2.0892949849501866e-07
8600.056 2.380339662129025e-07
8650.056 2.89165502711969e-07
8700.056 3.397266428441441e-07
8750.056 4.4168247093803894e-07
8800.056 6.302955550381602e-07
8850.056 6.376514975921013e-07
8900.056 4.390192477739443e-07
8950.056 4.6980869877878733e-07
9000.056 6.036900158600931e-07
9050.056 6.627371259147743e-07
9100.056 8.592304136100462e-07
9150.056 1.0083753435800037e-06
9200.056 9.423840714500381e-07
9250.056 5.483068341278956e-07
9300.056 4.290976078608532e-07
9350.056 4.947890824652614e-07
9400.056 5.673660927600899e-07
9450.056 6.485026068206004e-07
9500.056 7.909386622968564e-07
9550.056 9.278729278471401e-07
9600.056 9.755935559493425e-07
9650.056 1.1464176103933071e-06
9700.056 1.2607639058347951e-06
9750.056 9.565113900779835e-07
9800.056 1.0962144754788627e-06
9850.056 1.096001479629858e-06
9900.056 1.1011323835800445e-06
9950.056 1.1327190142510365e-06
10000.056 1.154050232119832e-06
10050.056 1.1227047163820572e-06
10100.056 1.3792767743705247e-06
10150.056 1.328060520149638e-06
10200.056 1.4477503620597784e-06
10250.056 1.4271511037194353e-06
10300.056 1.4612516772796062e-06
10350.056 1.6692250345596755e-06
10400.056 1.7804256866099282e-06
10450.056 1.9208700025302735e-06
10500.056 1.8333914736696924e-06
10550.056 1.8434589299705481e-06
10600.056 1.990992784530494e-06
10650.056 2.1613318313997537e-06
10700.056 2.3880212210001453e-06
10750.056 2.6125462705501474e-06
10800.056 2.7496332975598243e-06
10850.056 2.9685521345198026e-06
10900.056 2.7985928563296797e-06
10950.056 2.531058760909333e-06
11000.056 2.4492104615101048e-06
11050.056 1.7604481030279847e-06
11100.056 1.9297660502983297e-06
11150.056 1.9966468411087523e-06
11200.056 2.0301852581793505e-06
11250.056 2.2916844893891227e-06
11300.056 2.318086137020848e-06
11350.056 2.117276790411709e-06
11400.056 1.9349930543401914e-06
11450.056 2.279098344978623e-06
11500.056 2.5045888686603575e-06
11550.056 2.4201089204713155e-06
11600.056 2.5311911527720283e-06
11650.056 2.6615674448295664e-06
11700.056 2.3071935394280435e-06
11750.056 2.303530405776013e-06
11800.056 2.309760041574974e-06
11850.056 2.680526314799204e-06
11900.056 2.7088994835282944e-06
11950.056 2.8496120514097255e-06
12000.056 2.7829807703302706e-06
12050.056 3.0240915347806022e-06
12100.056 3.063402079099923e-06
12150.056 3.3206125497698184e-06
12200.056 3.459134548019624e-06
12250.056 3.6560509466693625e-06
12300.056 3.782958936950717e-06
12350.056 3.872563964490469e-06
12400.056 3.6648591273295974e-06
12450.056 3.1757828099900447e-06
12500.056 3.4710191376793723e-06
12550.056 3.511717213069985e-06
12600.056 3.604003045500104e-06
12650.056 3.812280973799577e-06
12700.056 3.99631440529973e-06
12750.056 3.981771021190398e-06
12800.056 4.261185626479652e-06
12850.056 4.192689677900291e-06
12900.056 4.127702378019607e-06
12950.056 4.3051961238190016e-06
13000.056 4.3685377782490245e-06
13050.056 4.413043954009679e-06
13100.056 4.365567287117275e-06
13150.056 4.348428436335646e-06
13200.056 4.172848859159491e-06
13250.056 3.929704659626134e-06
13300.056 3.334176702521635e-06
13350.056 2.1640880336666974e-06
13400.056 2.000122554654942e-06
13450.056 1.742826603298014e-06
13500.056 1.7535811487032508e-06
13550.056 1.6478207812358172e-06
13600.056 1.4249481459451631e-06
13650.056 1.536387227920069e-06
13700.056 1.340809115232008e-06
13750.056 1.306481566097596e-06
13800.056 1.5057532494756253e-06
13850.056 1.5238137671149375e-06
13900.056 1.5125624083101906e-06
13950.056 1.435703094012647e-06
14000.056 1.334886957635934e-06
14050.056 1.335852862032618e-06
14100.056 1.2174029542377313e-06
14150.056 1.1823530342128295e-06
14200.056 1.129425193011062e-06
14250.056 1.110708130256516e-06
14300.056 1.1318623012050993e-06
14350.056 1.1177075240405569e-06
14400.056 1.2128198003319049e-06
14450.056 1.2785638990181493e-06
14500.056 1.4153495431357197e-06
14550.056 1.438794608093029e-06
14600.056 1.4829730293056378e-06
14650.056 1.463837418207431e-06
14700.056 1.3568495608307302e-06
14750.056 1.444789329964342e-06
14800.056 1.5027303546155113e-06
14850.056 1.6150247515043762e-06
14900.056 1.6510473493370286e-06
14950.056 1.6562446357402699e-06
15000.056 1.7111813116305285e-06
15050.056 1.8738194651244213e-06
15100.056 1.8877353222373454e-06
15150.056 2.0016447995961774e-06
15200.056 2.0626830999598543e-06
15250.056 2.0655092988797623e-06
15300.056 2.2074181471198557e-06
15350.056 2.257980531180113e-06
15400.056 2.3539624038401075e-06
15450.056 2.4817120226303095e-06
15500.056 2.528399445069382e-06
15550.056 2.6874495277398677e-06
15600.056 2.6597569007303972e-06
15650.056 2.808010905780087e-06
15700.056 3.029253031691283e-06
15750.056 3.1559450350797606e-06
15800.056 3.188767509940889e-06
15850.056 3.2031205067501183e-06
15900.056 3.2752133952806406e-06
15950.056 3.40159716218988e-06
16000.056 3.4914003257697373e-06
16050.056 3.6215649137001785e-06
16100.056 3.742159274100372e-06
16150.056 3.757098916100385e-06
16200.056 3.894225782099577e-06
16250.056 3.965881155499925e-06
16300.056 3.9972005986000766e-06
16350.056 4.211298569899729e-06
16400.056 4.2040368693010174e-06
16450.056 4.308581009340213e-06
16500.056 4.450437893480868e-06
16550.056 4.626734989929732e-06
16600.056 4.454353327060825e-06
16650.056 4.8395659088203936e-06
16700.056 4.726773886139021e-06
16750.056 4.8439843003692106e-06
16800.056 5.003461692060305e-06
16850.056 4.970261122399827e-06
16900.056 4.8767827815202135e-06
16950.056 4.854057981799474e-06
17000.056 4.8114181990007994e-06
17050.056 4.726100101530195e-06
17100.056 4.440636589720696e-06
17150.056 4.3286432767194344e-06
17200.056 3.992639431419772e-06
17250.056 3.813574524449842e-06
17300.056 3.904474170179317e-06
17350.056 3.6785744699201114e-06
17400.056 3.848910174872261e-06
17450.056 3.578170055697894e-06
17500.056 3.4134379468286972e-06
17550.056 3.4404453345809312e-06
17600.056 3.276046476818117e-06
17650.056 3.3207666907161305e-06
17700.056 2.9331065348675838e-06
17750.056 2.7756445128421844e-06
17800.056 2.7776475353006256e-06
17850.056 2.6290464749034174e-06
17900.056 2.5908613583188637e-06
17950.056 2.5324646157851538e-06
18000.056 2.300208329537202e-06
18050.056 2.3311319407283063e-06
18100.056 2.2257198667981706e-06
18150.056 2.4719839532649328e-06
18200.056 2.0737378004585168e-06
18250.056 2.376346643577231e-06
18300.056 2.3090340920568307e-06
18350.056 2.1469353084735167e-06
18400.056 2.1288835540272536e-06
18450.056 1.950158247999795e-06
18500.056 1.98059285328864e-06
18550.056 1.8858945726863942e-06
18600.056 1.6052397232446495e-06
18650.056 1.8634372097846867e-06
18700.056 1.986032288433306e-06
18750.056 1.87828501828765e-06
18800.056 1.926087693448904e-06
18850.056 2.2018942823128015e-06
18900.056 2.137004880748974e-06
18950.056 2.10655162136391e-06
19000.056 2.271881173209485e-06
19050.056 2.2200481978239434e-06
19100.056 2.2426558879379267e-06
19150.056 2.3672044464847796e-06
19200.056 2.335150465454994e-06
19250.056 2.227837918352147e-06
19300.056 2.3062827314310512e-06
19350.056 2.3344787069811326e-06
19400.056 2.1604735483879933e-06
19450.056 2.3571676602695293e-06
19500.056 2.326903806066561e-06
19550.056 2.06039106907293e-06
19600.056 2.3807280714827815e-06
19650.056 2.3295274736111892e-06
19700.056 2.358760560515414e-06
19750.056 2.2301382146814058e-06
19800.056 2.300205947671523e-06
19850.056 2.301703410058777e-06
19900.056 2.106865939458728e-06
19950.056 2.405358638460139e-06
20000.056 2.131943595520522e-06
20050.056 2.2437268345313276e-06
20100.056 2.3961232370102437e-06
20150.056 2.2974716382201704e-06
20200.056 2.370199334836987e-06
20250.056 2.5045433328102886e-06
20300.056 2.488110617020038e-06
20350.056 2.52203422901981e-06
20400.056 2.4945365823186605e-06
20450.056 2.7123790952298476e-06
20500.056 2.6373767607404016e-06
20550.056 2.717783237970101e-06
20600.056 2.8969358501206586e-06
20650.056 2.8207441625009864e-06
20700.056 2.935080226980058e-06
20750.056 3.000650070809351e-06
20800.056 3.113155852700382e-06
20850.056 3.1274733297198105e-06
20900.056 3.245384924649611e-06
20950.056 3.3003147758099802e-06
21000.056 3.4909133855997345e-06
21050.056 3.4705965909801946e-06
21100.056 3.5528958752999584e-06
21150.056 3.7684937374802944e-06
21200.056 3.721684704680478e-06
21250.056 3.914637641169538e-06
21300.056 3.799997220039774e-06
21350.056 4.0923851460802124e-06
21400.056 3.94681204900054e-06
21450.056 4.3406871685000635e-06
21500.056 4.133183290400319e-06
21550.056 4.2433548719797225e-06
21600.056 4.389893401300566e-06
21650.056 4.35669097110057e-06
21700.056 4.592031882199719e-06
21750.056 4.503409863379851e-06
21800.056 4.498306103599804e-06
21850.056 4.565210896199719e-06
21900.056 4.696365781200704e-06
21950.056 4.6365163298804465e-06
22000.056 4.837561528499775e-06
22050.056 4.660938422699191e-06
22100.056 4.851344050199871e-06
22150.056 4.883402467900492e-06
22200.056 4.7316179817714594e-06
22250.056 4.995686407150358e-06
22300.056 4.95364577854949e-06
22350.056 4.850466909410389e-06
22400.056 5.1045937555603535e-06
22450.056 5.046100906559121e-06
22500.056 5.135981601709597e-06
22550.056 5.045357501728833e-06
22600.056 5.060235779179768e-06
22650.056 5.080431438421404e-06
22700.056 5.073101855101439e-06
22750.056 5.231379847779605e-06
22800.056 5.0323850498100995e-06
22850.056 5.108359816920758e-06
22900.056 5.291231363159579e-06
22950.056 3.96633274562063e-06
23000.056 4.488790641120409e-06
23050.056 4.625930351049062e-06
23100.056 4.408907014799738e-06
23150.056 4.5324287531010125e-06
23200.056 4.590886593480036e-06
23250.056 3.793850900848701e-06
23300.056 4.1149966733002805e-06
23350.056 4.191797683100098e-06
23400.056 4.026610087230073e-06
23450.056 4.194990846619635e-06
23500.056 3.9608545194488524e-06
23550.056 3.5758524270613915e-06
23600.056 3.685795342971046e-06
23650.056 3.913506130339573e-06
23700.056 3.9156424365086505e-06
23750.056 3.815239777860538e-06
23800.056 3.777172304870826e-06
23850.056 3.2132829909404464e-06
23900.056 3.530861656229345e-06
23950.056 3.611181397711449e-06
24000.056 3.3889945287195665e-06
24050.056 3.3539093509003706e-06
24100.056 3.053632689258984e-06
24150.056 2.960103026360694e-06
24200.056 3.0148973425288014e-06
24250.056 2.927379820640781e-06
24300.056 2.760989126410103e-06
24350.056 2.6428657632101897e-06
24400.056 2.8734914987495496e-06
24450.056 2.6042253709897897e-06
24500.056 2.371027021759841e-06
24550.056 2.3620285393197235e-06
24600.056 2.391133955750582e-06
24650.056 2.5807206432995826e-06
24700.056 2.204477579959879e-06
24750.056 2.079183362570908e-06
24800.056 1.9925598784405818e-06
24850.056 2.3014545250899617e-06
24900.056 1.8415478878413716e-06
24950.056 2.2441063440595633e-06
25000.056 1.963747836250025e-06
25050.056 1.6447173028805149e-06
25100.056 1.9209068430100272e-06
25150.056 1.636343203460244e-06
25200.056 1.7891312691893061e-06
25250.056 1.7056241393695033e-06
25300.056 1.7995967941300984e-06
25350.056 1.5224708938101125e-06
25400.056 1.6698203190208751e-06
25450.056 1.5402016898001638e-06
25500.056 1.6299033731506343e-06
25550.056 1.5033786187102763e-06
25600.056 1.5614457006403056e-06
25650.056 1.4121607720000208e-06
25700.056 1.706759182599162e-06
25750.056 1.322983167300184e-06
25800.056 1.649661502060434e-06
25850.056 1.4880099181097862e-06
25900.056 1.6435339561704122e-06
25950.056 1.4723323986099335e-06
26000.056 1.6075803033404843e-06
26050.056 1.7975262351402197e-06
26100.056 1.675668178280237e-06
26150.056 1.713693866029288e-06
26200.056 1.618827316370165e-06
26250.056 1.608412053280734e-06
26300.056 1.6705076844301592e-06
26350.056 1.599003610359713e-06
26400.056 1.6793179142292701e-06
26450.056 1.657776509350276e-06
26500.056 1.7329368020691349e-06
26550.056 1.7232992389293778e-06
26600.056 1.986662844079314e-06
26650.056 1.618689242489693e-06
26700.056 1.6247234221699215e-06
26750.056 1.5409340242192988e-06
26800.056 1.6736887831892558e-06
26850.056 1.4452282512400932e-06
26900.056 1.7753793865602258e-06
26950.056 1.2833364981500524e-06
27000.056 1.6878568241707634e-06
27050.056 1.4338132821498832e-06
27100.056 1.4491374392197777e-06
27150.056 1.5235471000098227e-06
27200.056 1.5120930842806313e-06
27250.056 1.4115210492108648e-06
27300.056 1.540603262399842e-06
27350.056 1.5473024665992966e-06
27400.056 1.3505674379000305e-06
27450.056 1.6727824497691062e-06
27500.056 1.5266274007299734e-06
27550.056 1.514365027539973e-06
27600.056 1.6863596136796217e-06
27650.056 1.3414975381997473e-06
27700.056 1.3550208437302443e-06
27750.056 1.6818618367687527e-06
27800.056 1.2461307575297354e-06
27850.056 1.424041001998965e-06
27900.056 1.4384469792302599e-06
27950.056 1.6037279731198015e-06
28000.056 1.5809536554905215e-06
28050.056 1.2492003012403682e-06
28100.056 1.6985965004708706e-06
28150.056 1.3896084525700322e-06
28200.056 1.205948169000157e-06
28250.056 1.4662595582000962e-06
28300.056 1.6725859126603054e-06
28350.056 1.4317316561893606e-06
28400.056 1.418408532969948e-06
28450.056 1.4267240308095907e-06
28500.056 1.4885858147296914e-06
28550.056 1.17993979880951e-06
28600.056 1.6658710890100382e-06
28650.056 1.58135264058968e-06
28700.056 1.4390964300194342e-06
28750.056 1.5872774976699377e-06
