galfind/configs/Brown_Dwarf_templates/sonora_bobcat/m0.0/17g/sp_t950g17nc_m0.0_resample.dat
# %ECSV 1.0
# ---
# datatype:
# - {name: wav, unit: Angstrom, datatype: float64}
# - {name: flux_nu, unit: erg / (cm2 Hz s), datatype: float64}
# meta: {C/O: '1.00', Kzz: '1.0000E+05', Teff: '950.', Y: '0.28', '[Fe/H]': '0.00', f_hole: '1.00', f_rain: '0.00', grav: '18.'}
# schema: astropy-2.0
wav flux_nu
4000.0559999999996 nan
4050.0559999999996 5.175593258822856e-13
4100.056 1.380544526606941e-11
4150.056 2.8428001892502408e-11
4200.056 2.3736644721394912e-11
4250.056 4.0754576599208834e-11
4300.056 4.749864402090588e-11
4350.056 5.280494578240324e-11
4400.056 6.426948958600605e-11
4450.056 6.778582891200059e-11
4500.056 7.031794654900466e-11
4550.056 8.496564370083233e-11
4600.056 9.40350181926813e-11
4650.056 8.707379810499066e-11
4700.056 9.201251692800405e-11
4750.056 6.551001490299975e-11
4800.056 2.5270579394899613e-11
4850.056 7.890864670699803e-12
4900.056 3.2641836732999637e-12
4950.056 1.4629572420099863e-12
5000.056 5.256236640599933e-13
5050.056 2.1450346978999943e-13
5100.056 1.7640803913000004e-13
5150.056 1.5724600399000027e-13
5200.056 1.4057264015999988e-13
5250.056 1.2297292110999983e-13
5300.056 1.0769244682999984e-13
5350.056 9.597278873899988e-14
5400.056 8.668580299199986e-14
5450.056 7.899207367699997e-14
5500.056 7.242682769800014e-14
5550.056 6.684965533399998e-14
5600.056 6.171921260499994e-14
5650.056 5.6540557941999897e-14
5700.056 5.084114093899994e-14
5750.056 4.432090552399991e-14
5800.056 3.6054486906999864e-14
5850.056 2.3322318943099653e-14
5900.056 6.385001377807446e-15
5950.056 4.683774534300094e-14
6000.056 1.0587606061800026e-13
6050.056 2.0645767050000255e-13
6100.056 3.785613356000038e-13
6150.056 6.731902793100057e-13
6200.056 1.1686563557100087e-12
6250.056 1.9716456012000124e-12
6300.056 3.268261401000024e-12
6350.056 5.296556130900042e-12
6400.056 8.38405039050006e-12
6450.056 1.2843249171999892e-11
6500.056 1.9521495511000008e-11
6550.056 2.9176886878000136e-11
6600.056 4.3023113774000684e-11
6650.056 6.216073524100043e-11
6700.056 6.881772579579437e-11
6750.056 1.1934301907000074e-10
6800.056 1.5633708106000088e-10
6850.056 1.7891160849000032e-10
6900.056 1.734169921700024e-10
6950.056 1.583019098829985e-10
7000.056 1.6228082453500221e-10
7050.056 1.771070425519976e-10
7100.056 1.9545505009999925e-10
7150.056 1.9825010494999638e-10
7200.056 1.9588257511630296e-10
7250.056 1.90967598058988e-10
7300.056 1.7500948735869826e-10
7350.056 1.575448562418956e-10
7400.056 1.4032956056600363e-10
7450.056 1.1972360475500204e-10
7500.056 9.730606840699906e-11
7550.056 7.334394990399942e-11
7600.056 5.0639911610999466e-11
7650.056 1.0251902072696393e-11
7700.056 5.594522312960724e-12
7750.056 4.255502370500096e-11
7800.056 8.633987758322126e-11
7850.056 1.8392833733000086e-10
7900.056 2.9520231210000057e-10
7950.056 3.5823543051012415e-10
8000.056 6.412589574800075e-10
8050.056 8.772635212800216e-10
8100.056 1.0986409570770109e-09
8150.056 1.3968226425473862e-09
8200.056 1.8249829674281474e-09
8250.056 2.2740760932534203e-09
8300.056 2.8303768383933413e-09
8350.056 3.419490208540623e-09
8400.056 4.142176723897889e-09
8450.056 5.097468619199701e-09
8500.056 5.4989812537679425e-09
8550.056 7.093594108900106e-09
8600.056 8.711567835599963e-09
8650.056 9.754924447099735e-09
8700.056 1.1204829287999375e-08
8750.056 1.3048189699700383e-08
8800.056 1.5207131079500825e-08
8850.056 1.688452736749918e-08
8900.056 1.499188834574906e-08
8950.056 1.4014976889801503e-08
9000.056 1.7528596356127162e-08
9050.056 2.4495638648223052e-08
9100.056 2.808409062455955e-08
9150.056 2.876440056670641e-08
9200.056 3.37173803141062e-08
9250.056 3.338810346718562e-08
9300.056 1.7886694892172784e-08
9350.056 2.0222229093632085e-08
9400.056 2.490872371945107e-08
9450.056 3.1220104246931364e-08
9500.056 3.1242708074305565e-08
9550.056 3.576980692370004e-08
9600.056 3.40290005623347e-08
9650.056 3.823385429920599e-08
9700.056 4.263652241777367e-08
9750.056 4.350873289524108e-08
9800.056 4.754810330517403e-08
9850.056 5.372283797802684e-08
9900.056 5.702463811984563e-08
9950.056 5.7363529807733585e-08
10000.056 5.388402879468421e-08
10050.056 6.73714596763022e-08
10100.056 8.21005655831799e-08
10150.056 9.428014164697618e-08
10200.056 1.1031715790099065e-07
10250.056 1.2178750340498983e-07
10300.056 1.3421661755400667e-07
10350.056 1.567303943269944e-07
10400.056 1.7773578426998824e-07
10450.056 1.8624201973499928e-07
10500.056 1.841920480610057e-07
10550.056 1.8816197731401868e-07
10600.056 1.9904083457599646e-07
10650.056 2.178531719530043e-07
10700.056 2.2888216116671782e-07
10750.056 2.477157122404092e-07
10800.056 2.622585353444047e-07
10850.056 2.6625603453996563e-07
10900.056 2.0839376665768435e-07
10950.056 1.2479418394903636e-07
11000.056 1.1584594474130017e-07
11050.056 9.985407612149834e-08
11100.056 8.285534143503316e-08
11150.056 6.231857517539293e-08
11200.056 5.7211170917480337e-08
11250.056 6.617925837044428e-08
11300.056 6.898831098033515e-08
11350.056 3.8656106410933256e-08
11400.056 5.359744995834296e-08
11450.056 5.195144514807846e-08
11500.056 5.165911137449258e-08
11550.056 2.9801206372527624e-08
11600.056 3.469904068316762e-08
11650.056 4.668292539010769e-08
11700.056 4.194489133429866e-08
11750.056 2.1640304146198054e-08
11800.056 4.778332932460276e-08
11850.056 6.921885125921857e-08
11900.056 7.614201032023796e-08
11950.056 1.0457842953732073e-07
12000.056 1.244589552908923e-07
12050.056 1.542605713211868e-07
12100.056 1.7876983253673495e-07
12150.056 2.1434409455697731e-07
12200.056 2.463263863270299e-07
12250.056 2.787767687663968e-07
12300.056 3.1579393254495947e-07
12350.056 3.330337120915304e-07
12400.056 3.5918388323999987e-07
12450.056 3.5604390740203973e-07
12500.056 3.86918967457989e-07
12550.056 4.125554546540468e-07
12600.056 4.812562345340207e-07
12650.056 4.7573748757398435e-07
12700.056 5.000920314118932e-07
12750.056 4.928198183643402e-07
12800.056 5.045409446092557e-07
12850.056 4.547609058182055e-07
12900.056 4.0741659374208885e-07
12950.056 4.1770892825322296e-07
13000.056 3.8264568661751965e-07
13050.056 3.575869976003226e-07
13100.056 3.2829683064207526e-07
13150.056 2.8278411175306606e-07
13200.056 2.4937371793145884e-07
13250.056 2.0023137886297615e-07
13300.056 1.0754538711830672e-07
13350.056 3.9806302036994915e-08
13400.056 3.12965977073806e-08
13450.056 2.0129417872916995e-08
13500.056 1.6155170723591738e-08
13550.056 1.2718023726364224e-08
13600.056 7.088308771636839e-09
13650.056 1.3082937267791658e-08
13700.056 1.1460844441320268e-08
13750.056 9.971582347287943e-09
13800.056 1.0837607728678133e-08
13850.056 9.707056608525827e-09
13900.056 1.0191628396742733e-08
13950.056 9.079231077742906e-09
14000.056 8.991737640503753e-09
14050.056 1.0443981270651913e-08
14100.056 1.0366337773553423e-08
14150.056 1.3082830973676993e-08
14200.056 1.1366265689004127e-08
14250.056 1.260442810931454e-08
14300.056 1.6630085781436874e-08
14350.056 1.7103023272566992e-08
14400.056 2.0603019949853786e-08
14450.056 2.1953961832878478e-08
14500.056 3.2348355796758276e-08
14550.056 3.657540817351165e-08
14600.056 4.2755463370939504e-08
14650.056 4.486063788817569e-08
14700.056 4.02092888985735e-08
14750.056 4.717471960830715e-08
14800.056 5.699557432980352e-08
14850.056 6.230678315819927e-08
14900.056 6.666038503117557e-08
14950.056 7.106738469509976e-08
15000.056 7.844875755860577e-08
15050.056 8.931894972909485e-08
15100.056 9.810230962566295e-08
15150.056 1.1000176271151639e-07
15200.056 1.120328971844554e-07
15250.056 1.2566292673362199e-07
15300.056 1.3974112333864134e-07
15350.056 1.507496542267895e-07
15400.056 1.6866756736791615e-07
15450.056 1.8435018960012219e-07
15500.056 1.9092221476295596e-07
15550.056 2.1102767357939413e-07
15600.056 2.0586900646381097e-07
15650.056 2.233805512430212e-07
15700.056 2.572503513291257e-07
15750.056 2.773795597329957e-07
15800.056 2.672759510801101e-07
15850.056 2.9567600398595696e-07
15900.056 2.8300822990703885e-07
15950.056 2.8923160614992706e-07
16000.056 2.534803312000062e-07
16050.056 2.0087233011329948e-07
16100.056 1.6717230934569934e-07
16150.056 1.2808203319586492e-07
16200.056 9.842909455505877e-08
16250.056 8.810990605654215e-08
16300.056 7.261231374485695e-08
16350.056 7.956691680900711e-08
16400.056 9.614412302965718e-08
16450.056 1.0108804007087818e-07
16500.056 1.0914375738957441e-07
16550.056 1.0711395661030783e-07
16600.056 9.9617752673099e-08
16650.056 9.067287736151301e-08
16700.056 3.5918555970482916e-08
16750.056 4.242657286427776e-08
16800.056 7.289383794300744e-08
16850.056 8.078745366955185e-08
16900.056 6.649692444894124e-08
16950.056 5.2297778321968465e-08
17000.056 3.824558317579713e-08
17050.056 5.719844278700513e-08
17100.056 7.05532686455772e-08
17150.056 5.132033833015251e-08
17200.056 7.356666339127728e-08
17250.056 6.650129000357308e-08
17300.056 5.056220019276624e-08
17350.056 4.456544179217785e-08
17400.056 5.2944947273652445e-08
17450.056 5.8861706435455966e-08
17500.056 6.776958184382864e-08
17550.056 6.666691008327258e-08
17600.056 5.839590249408062e-08
17650.056 5.875410291746152e-08
17700.056 4.320394343189715e-08
17750.056 4.3267524779147883e-08
17800.056 6.238043956258241e-08
17850.056 4.665621346894708e-08
17900.056 3.950176491445737e-08
17950.056 3.636362422641409e-08
18000.056 4.174465269361169e-08
18050.056 4.539556946427785e-08
18100.056 4.9357861051383635e-08
18150.056 6.224426021825236e-08
18200.056 4.3383473562960074e-08
18250.056 6.955006391134729e-08
18300.056 5.7762964655953075e-08
18350.056 4.8052373507737286e-08
18400.056 5.027905045288612e-08
18450.056 5.3195929190378545e-08
18500.056 5.8200277396550165e-08
18550.056 5.11910743934895e-08
18600.056 4.561406089996645e-08
18650.056 5.012046520206693e-08
18700.056 5.0598312033633906e-08
18750.056 5.7679463677117955e-08
18800.056 7.655066162089508e-08
18850.056 8.806353674691909e-08
18900.056 8.726152201991315e-08
18950.056 1.0358206496222395e-07
19000.056 9.734659086327478e-08
19050.056 8.410897058940784e-08
19100.056 1.0839884405383549e-07
19150.056 1.0055190555661964e-07
19200.056 1.0736063825860701e-07
19250.056 9.582230918252159e-08
19300.056 9.776290152505645e-08
19350.056 8.74180217727837e-08
19400.056 7.18028841207794e-08
19450.056 1.0323553043510792e-07
19500.056 9.917283629122914e-08
19550.056 7.685490394245218e-08
19600.056 1.0327741218474681e-07
19650.056 1.081583687649585e-07
19700.056 1.1165208894719772e-07
19750.056 1.1110345517209969e-07
19800.056 1.1646943091101973e-07
19850.056 1.3453033811778465e-07
19900.056 1.1226013708894381e-07
19950.056 1.5280926032654355e-07
20000.056 1.3715041153289806e-07
20050.056 1.505622288832402e-07
20100.056 1.6976270205820616e-07
20150.056 1.6535406127445873e-07
20200.056 1.7871246960002416e-07
20250.056 1.9923224652784384e-07
20300.056 1.9745578051217064e-07
20350.056 2.1779623646842913e-07
20400.056 2.1241456711223266e-07
20450.056 2.389996741135336e-07
20500.056 2.4610467716248277e-07
20550.056 2.4573406288229904e-07
20600.056 2.704545243201213e-07
20650.056 2.6554089111324384e-07
20700.056 2.7390404852617793e-07
20750.056 2.8537620126744887e-07
20800.056 2.8848947386522436e-07
20850.056 2.8068712970298125e-07
20900.056 2.8758182172250754e-07
20950.056 2.800581095719539e-07
21000.056 2.7517204685707225e-07
21050.056 2.725359580699896e-07
21100.056 2.585987333113294e-07
21150.056 2.646280031222563e-07
21200.056 2.4432133237769953e-07
21250.056 2.3439901470393494e-07
21300.056 2.033955664961277e-07
21350.056 2.0957737636553057e-07
21400.056 1.9318896204235434e-07
21450.056 1.8384282534542614e-07
21500.056 1.6673450022527755e-07
21550.056 1.5363096966363655e-07
21600.056 1.341939826160241e-07
21650.056 1.168424115379789e-07
21700.056 1.1755756630731228e-07
21750.056 1.019947699162749e-07
21800.056 8.69558365483361e-08
21850.056 7.819381863819009e-08
21900.056 5.732827002777034e-08
21950.056 3.542565340690326e-08
22000.056 1.5747750283598333e-08
22050.056 9.403387258969106e-09
22100.056 1.4011517086099397e-08
22150.056 2.2238127643289963e-08
22200.056 2.6723460173740958e-08
22250.056 2.303027582458878e-08
22300.056 1.9287735279197715e-08
22350.056 1.8154326701766614e-08
22400.056 1.353790487868032e-08
22450.056 1.1471439496810383e-08
22500.056 1.0401435401236436e-08
22550.056 8.582342442652927e-09
22600.056 9.033668543954404e-09
22650.056 9.493836910457664e-09
22700.056 8.275871953316032e-09
22750.056 8.91485458195016e-09
22800.056 7.650855769499811e-09
22850.056 6.7780330806926245e-09
22900.056 5.777711526174165e-09
22950.056 5.4487892423884514e-09
23000.056 7.0285370511292935e-09
23050.056 9.42201180431092e-09
23100.056 1.5543236474292358e-08
23150.056 1.877022365039108e-08
23200.056 5.6482467651100524e-09
23250.056 6.000324402111222e-09
23300.056 5.487957313373528e-09
23350.056 5.532446591568118e-09
23400.056 6.169636171403915e-09
23450.056 6.119116964047474e-09
23500.056 6.6951697479764185e-09
23550.056 8.452341106703506e-09
23600.056 9.44831196440979e-09
23650.056 1.2692553820250162e-08
23700.056 8.791226388246723e-09
23750.056 6.684188663209749e-09
23800.056 6.86501832018042e-09
23850.056 8.127626509339339e-09
23900.056 1.2048522257142901e-08
23950.056 1.4219631974676868e-08
24000.056 1.4834192364318837e-08
24050.056 1.9833769301492368e-08
24100.056 1.859610441717771e-08
24150.056 2.0956259920652944e-08
24200.056 2.0687033759914566e-08
24250.056 1.7409973090554062e-08
24300.056 2.09875244707264e-08
24350.056 1.7864580203232513e-08
24400.056 2.374690734902788e-08
24450.056 2.4503738854217684e-08
24500.056 2.519098165028693e-08
24550.056 3.0595037280280514e-08
24600.056 3.13000751941036e-08
24650.056 3.81903283120427e-08
24700.056 3.177524077519022e-08
24750.056 3.689513384921461e-08
24800.056 3.866183065348861e-08
24850.056 4.717968724389318e-08
24900.056 3.668288178178912e-08
24950.056 5.383572251326238e-08
25000.056 5.096615841820952e-08
25050.056 4.2021046470240304e-08
25100.056 5.4367215756773784e-08
25150.056 4.1108163478561144e-08
25200.056 5.2387954310626574e-08
25250.056 4.358268588783778e-08
25300.056 5.79862839880845e-08
25350.056 3.953346566608226e-08
25400.056 6.018402527710339e-08
25450.056 4.1271141339531186e-08
25500.056 4.095733289402422e-08
25550.056 4.385504123722128e-08
25600.056 3.634924463352407e-08
25650.056 3.181006767555046e-08
25700.056 4.801270712413814e-08
25750.056 2.6437580048902508e-08
25800.056 4.440982725262075e-08
25850.056 2.9411726327424147e-08
25900.056 3.559713369427619e-08
25950.056 2.6355979525050397e-08
26000.056 5.234214401150747e-08
26050.056 3.937197411025425e-08
26100.056 4.787946532784741e-08
26150.056 4.0215669320348964e-08
26200.056 4.6917940582410356e-08
26250.056 5.983001428412893e-08
26300.056 5.02541062250093e-08
26350.056 7.357115099136614e-08
26400.056 7.57708603312736e-08
26450.056 8.487712378242806e-08
26500.056 8.929400799826482e-08
26550.056 6.27603296233936e-08
26600.056 8.542534726083691e-08
26650.056 4.8540007540681924e-08
26700.056 4.944538476188809e-08
26750.056 3.5724064555506776e-08
26800.056 5.637878736520766e-08
26850.056 3.446910730834418e-08
26900.056 6.742561439995877e-08
26950.056 3.847569052943148e-08
27000.056 7.865768105760417e-08
27050.056 6.138182204692628e-08
27100.056 5.3807738505690307e-08
27150.056 8.553355757593214e-08
27200.056 5.966228308924085e-08
27250.056 6.570768097436504e-08
27300.056 1.1404638795839489e-07
27350.056 9.417455448949426e-08
27400.056 4.414070208417237e-08
27450.056 1.1992346301455837e-07
27500.056 1.1072165401203068e-07
27550.056 6.780125994070944e-08
27600.056 1.1238056521984097e-07
27650.056 6.004233168578184e-08
27700.056 5.198844790009132e-08
27750.056 1.1077267513856463e-07
27800.056 5.749055242140149e-08
27850.056 7.093626532462939e-08
27900.056 7.763061176210378e-08
27950.056 1.159891248238726e-07
28000.056 1.0131958128786878e-07
28050.056 4.6422909274040906e-08
28100.056 1.2227948126952411e-07
28150.056 8.308492398150788e-08
28200.056 5.0873485717861343e-08
28250.056 1.1328121634625878e-07
28300.056 1.440559265923117e-07
28350.056 6.79047574737684e-08
28400.056 9.331945358125579e-08
28450.056 1.1498232179303117e-07
28500.056 1.0159405447322964e-07
28550.056 4.805728441331747e-08
28600.056 1.332650902850191e-07
28650.056 1.1703621609279292e-07
28700.056 1.0645746323547791e-07
28750.056 1.3797880319525385e-07
28800.056 1.1519029132591378e-07
