galfind/configs/Brown_Dwarf_templates/sonora_bobcat/m0.0/17g/sp_t575g17nc_m0.0_resample.dat
# %ECSV 1.0
# ---
# datatype:
# - {name: wav, unit: Angstrom, datatype: float64}
# - {name: flux_nu, unit: erg / (cm2 Hz s), datatype: float64}
# meta: {C/O: '1.00', Kzz: '1.0000E+05', Teff: '575.', Y: '0.28', '[Fe/H]': '0.00', f_hole: '1.00', f_rain: '0.00', grav: '18.'}
# schema: astropy-2.0
wav flux_nu
4000.0559999999996 nan
4050.0559999999996 7.70432100778339e-16
4100.056 8.557983556210061e-14
4150.056 5.428765123900143e-13
4200.056 4.995663741003398e-13
4250.056 2.3363377668500674e-12
4300.056 3.978493800700144e-12
4350.056 5.477315056100119e-12
4400.056 7.485600514100148e-12
4450.056 1.0079802314799978e-11
4500.056 1.1622428295500345e-11
4550.056 1.2405036563097006e-11
4600.056 8.771624518516047e-12
4650.056 6.356286135799732e-12
4700.056 3.843788982099987e-12
4750.056 1.103492541759985e-12
4800.056 2.423589269819966e-13
4850.056 4.8345601850999246e-14
4900.056 1.3025820538299867e-14
4950.056 4.732030226399961e-15
5000.056 1.97969388729998e-15
5050.056 1.2327768011200072e-15
5100.056 1.2903729170900126e-15
5150.056 1.4339705207000192e-15
5200.056 1.6035751270000056e-15
5250.056 1.7825786209000025e-15
5300.056 1.990990453100002e-15
5350.056 2.2373704444000033e-15
5400.056 2.4980185401e-15
5450.056 2.7978541558000165e-15
5500.056 3.1247986419000303e-15
5550.056 3.46031873240001e-15
5600.056 3.7680251689000036e-15
5650.056 4.0099045453999934e-15
5700.056 4.077813068900004e-15
5750.056 3.983384380699999e-15
5800.056 3.525462177999991e-15
5850.056 2.436272608399957e-15
5900.056 7.30773906281356e-16
5950.056 4.883295909100164e-15
6000.056 1.0604872025199868e-14
6050.056 1.9038043891000352e-14
6100.056 3.080506776900035e-14
6150.056 4.671296554700034e-14
6200.056 6.79651391220004e-14
6250.056 9.458574274000001e-14
6300.056 1.3133028592400048e-13
6350.056 1.7940408923000143e-13
6400.056 2.416773313200014e-13
6450.056 3.078148500069878e-13
6500.056 4.1707576040499244e-13
6550.056 5.71123267683998e-13
6600.056 7.898056824600347e-13
6650.056 1.0971046540900094e-12
6700.056 1.4458672440970162e-12
6750.056 2.098410680400016e-12
6800.056 2.731327916900042e-12
6850.056 3.2323629342000145e-12
6900.056 3.160550309090101e-12
6950.056 2.9076819469919374e-12
7000.056 3.1647915920600613e-12
7050.056 3.4463812922399138e-12
7100.056 3.8440942459499004e-12
7150.056 3.6200817546431355e-12
7200.056 3.4795301938271997e-12
7250.056 3.684537077992412e-12
7300.056 3.728414104424739e-12
7350.056 3.877164221406172e-12
7400.056 4.04160112599023e-12
7450.056 4.170048545050225e-12
7500.056 4.166936052599943e-12
7550.056 3.960215831499975e-12
7600.056 3.5155985775999794e-12
7650.056 1.0887373600450497e-12
7700.056 7.22651945085033e-13
7750.056 3.765201929400056e-12
7800.056 5.915237178687991e-12
7850.056 9.306321519099942e-12
7900.056 1.2661513221899637e-11
7950.056 1.470269151996408e-11
8000.056 2.1668717886000163e-11
8050.056 2.75525981610011e-11
8100.056 2.992882641172398e-11
8150.056 3.5558005250977697e-11
8200.056 5.119407470165736e-11
8250.056 6.32008745705458e-11
8300.056 8.147832404339483e-11
8350.056 9.344117334919223e-11
8400.056 1.1633127815409064e-10
8450.056 1.551928034488918e-10
8500.056 1.7953512312038388e-10
8550.056 2.4821983236900424e-10
8600.056 3.283909698600056e-10
8650.056 4.045724028000121e-10
8700.056 4.676329639800071e-10
8750.056 5.614197126600064e-10
8800.056 6.294371100200252e-10
8850.056 5.771659435179674e-10
8900.056 2.105985968154412e-10
8950.056 2.765515030506014e-10
9000.056 2.3089360206698086e-10
9050.056 6.308005238362674e-10
9100.056 8.336882485983822e-10
9150.056 9.73158406229022e-10
9200.056 1.4579596776722342e-09
9250.056 1.5174442237629288e-09
9300.056 4.657128738037745e-10
9350.056 5.409746261238033e-10
9400.056 8.52258178392933e-10
9450.056 1.1001542428037976e-09
9500.056 9.872609881199918e-10
9550.056 1.1862914952044894e-09
9600.056 1.1076283354519576e-09
9650.056 1.410081989186837e-09
9700.056 1.8937725491758197e-09
9750.056 1.8829394325838106e-09
9800.056 2.038526378917108e-09
9850.056 2.2800514125961317e-09
9900.056 2.8943726338407565e-09
9950.056 2.6562391014962147e-09
10000.056 2.961874836118122e-09
10050.056 3.600068122240367e-09
10100.056 4.817271419968932e-09
10150.056 5.545661617019569e-09
10200.056 6.448597806730394e-09
10250.056 7.694460439500753e-09
10300.056 9.705224104817311e-09
10350.056 1.1281365292319458e-08
10400.056 1.556497246180048e-08
10450.056 1.8834520850145094e-08
10500.056 2.2025322694220266e-08
10550.056 2.574260955740143e-08
10600.056 2.762211175789794e-08
10650.056 2.9543099036970795e-08
10700.056 2.9143601923587935e-08
10750.056 3.0204921284892533e-08
10800.056 2.9207258107337528e-08
10850.056 2.552019327243383e-08
10900.056 1.7032527230774807e-08
10950.056 8.068357365225012e-09
11000.056 5.962334010132819e-09
11050.056 3.7893703724844505e-09
11100.056 2.1776928162019703e-09
11150.056 8.785164341921474e-10
11200.056 5.322305625745862e-10
11250.056 6.265212124343072e-10
11300.056 9.679101815085888e-10
11350.056 3.3104771776008857e-10
11400.056 6.841294332803017e-10
11450.056 5.668989053261312e-10
11500.056 3.1491840276970343e-10
11550.056 6.527204827312795e-11
11600.056 7.460583999965542e-11
11650.056 2.491197030758231e-10
11700.056 2.566688680082559e-10
11750.056 3.424708190781252e-11
11800.056 2.6757485588913805e-10
11850.056 5.427620112437905e-10
11900.056 6.34702515320925e-10
11950.056 1.0671490060394242e-09
12000.056 1.9212797087119557e-09
12050.056 3.3291791669153646e-09
12100.056 5.748630119956522e-09
12150.056 9.319896710083906e-09
12200.056 1.2333380893538283e-08
12250.056 1.840368828301385e-08
12300.056 2.621691309828346e-08
12350.056 2.7945527546861477e-08
12400.056 3.905006994901714e-08
12450.056 4.8918706632967097e-08
12500.056 5.455556000617402e-08
12550.056 6.196739941954466e-08
12600.056 6.961354979692554e-08
12650.056 6.875394134566514e-08
12700.056 6.886414755295097e-08
12750.056 5.985505679549468e-08
12800.056 5.2771227206533486e-08
12850.056 3.813171617401556e-08
12900.056 2.909288627924471e-08
12950.056 2.5254165278728816e-08
13000.056 2.0962011952204832e-08
13050.056 1.4354011892431026e-08
13100.056 1.205241504890829e-08
13150.056 8.023661130893369e-09
13200.056 6.388490933334191e-09
13250.056 4.4683188841624615e-09
13300.056 1.6409281605785755e-09
13350.056 4.673002756161012e-10
13400.056 3.7336700195274145e-10
13450.056 1.5142067127779885e-10
13500.056 8.06748473869122e-11
13550.056 4.448678820226555e-11
13600.056 1.0414291693211424e-11
13650.056 5.295639893371111e-11
13700.056 3.780328389380745e-11
13750.056 3.744294576284232e-11
13800.056 3.236165513942441e-11
13850.056 2.352820071987585e-11
13900.056 3.118648846907296e-11
13950.056 2.196737697040599e-11
14000.056 2.50713862679944e-11
14050.056 3.8948934911576465e-11
14100.056 4.942839270949671e-11
14150.056 8.357023790976233e-11
14200.056 5.934203575433139e-11
14250.056 8.641019806093758e-11
14300.056 1.5723216349535238e-10
14350.056 1.8763196010934252e-10
14400.056 2.2486508200399462e-10
14450.056 2.9603933742430774e-10
14500.056 6.006316426394487e-10
14550.056 7.218000339329826e-10
14600.056 8.950318989481556e-10
14650.056 7.656327553020218e-10
14700.056 5.016735038632555e-10
14750.056 4.3226930170325916e-10
14800.056 7.964223796052951e-10
14850.056 1.0403451350908544e-09
14900.056 1.1226418731164263e-09
14950.056 1.1104478358365542e-09
15000.056 1.7994848651693792e-09
15050.056 1.6898610021971463e-09
15100.056 1.557152916505511e-09
15150.056 1.6392394282991628e-09
15200.056 2.3069019936827937e-09
15250.056 3.997075069357207e-09
15300.056 4.8697472060633145e-09
15350.056 5.963433538752395e-09
15400.056 7.563923548898034e-09
15450.056 9.278695232264256e-09
15500.056 1.0234793159555033e-08
15550.056 1.3384390086986189e-08
15600.056 1.5328854318122782e-08
15650.056 1.8765024871646875e-08
15700.056 2.3691432298640354e-08
15750.056 2.6846624246783428e-08
15800.056 2.724916927622465e-08
15850.056 2.9167019405206015e-08
15900.056 2.4364991424090633e-08
15950.056 2.071371207529453e-08
16000.056 1.3726977823203535e-08
16050.056 6.980102991551191e-09
16100.056 4.324759630281276e-09
16150.056 2.37618237138133e-09
16200.056 1.3321114735635044e-09
16250.056 9.389040584229868e-10
16300.056 6.084733881884593e-10
16350.056 6.806364561890805e-10
16400.056 8.706799406521259e-10
16450.056 7.955441071613249e-10
16500.056 7.297753750468044e-10
16550.056 7.8675812143714e-10
16600.056 8.833684704725431e-10
16650.056 6.931874848159194e-10
16700.056 1.2708141019282148e-10
16750.056 3.06274762736958e-10
16800.056 5.699637026630157e-10
16850.056 6.984426487709423e-10
16900.056 3.951605102452982e-10
16950.056 2.397018702307469e-10
17000.056 1.4857676499561577e-10
17050.056 2.8813274940955436e-10
17100.056 4.6118812015115685e-10
17150.056 2.5770284214366253e-10
17200.056 7.475777315368107e-10
17250.056 5.669130088468496e-10
17300.056 3.302989766224067e-10
17350.056 3.258963191094717e-10
17400.056 5.071288484122724e-10
17450.056 7.271962409686328e-10
17500.056 9.66132364749642e-10
17550.056 9.218056048375401e-10
17600.056 7.250571186633179e-10
17650.056 7.256056346594622e-10
17700.056 5.038815540240947e-10
17750.056 5.580271785370667e-10
17800.056 1.2375900227937965e-09
17850.056 6.703848660405907e-10
17900.056 4.996981686307886e-10
17950.056 4.3827681340429073e-10
18000.056 6.11733290621766e-10
18050.056 6.853762714638539e-10
18100.056 8.598394204601105e-10
18150.056 9.092736048342131e-10
18200.056 6.313152286943865e-10
18250.056 1.5616424914063162e-09
18300.056 7.155318989869691e-10
18350.056 5.267048765805779e-10
18400.056 4.849328655468663e-10
18450.056 1.0452204041876794e-09
18500.056 1.0751945639819436e-09
18550.056 7.760428327496956e-10
18600.056 8.863338107989493e-10
18650.056 7.723693022609974e-10
18700.056 4.159945302033901e-10
18750.056 8.175876030245233e-10
18800.056 1.87451222359303e-09
18850.056 2.0387295046744927e-09
18900.056 1.8348132510942506e-09
18950.056 2.7344005653135365e-09
19000.056 1.336707669890589e-09
19050.056 8.49328887182678e-10
19100.056 1.605985291644882e-09
19150.056 9.619814833006028e-10
19200.056 1.2414526460972617e-09
19250.056 9.480585476055699e-10
19300.056 7.240496501517626e-10
19350.056 6.12077219975559e-10
19400.056 5.390335728361166e-10
19450.056 9.907752807518677e-10
19500.056 7.802252469725613e-10
19550.056 6.597553420351522e-10
19600.056 1.3797759012111065e-09
19650.056 1.1940904732863377e-09
19700.056 1.2810223999735612e-09
19750.056 2.023369235413287e-09
19800.056 1.6216107795610602e-09
19850.056 2.3585685194641715e-09
19900.056 2.2085937234353726e-09
19950.056 3.284454081733802e-09
20000.056 3.803612792516728e-09
20050.056 3.4846860680541055e-09
20100.056 5.295836021943011e-09
20150.056 3.41214277984919e-09
20200.056 3.346714705130111e-09
20250.056 5.319033246275323e-09
20300.056 5.950834201510572e-09
20350.056 6.597013685554622e-09
20400.056 6.0553322002030144e-09
20450.056 8.516737404587651e-09
20500.056 1.0004352728493784e-08
20550.056 1.0550317265556287e-08
20600.056 1.1264503702198951e-08
20650.056 1.2926685089432665e-08
20700.056 1.3857049373024188e-08
20750.056 1.5179010799102175e-08
20800.056 1.4851198913817995e-08
20850.056 1.5316888702812646e-08
20900.056 1.6230569980422945e-08
20950.056 1.4989399743698935e-08
21000.056 1.413971463258929e-08
21050.056 1.4470863002036231e-08
21100.056 1.3023872748832611e-08
21150.056 1.3100193176939492e-08
21200.056 1.1660646377587709e-08
21250.056 1.0407044284072268e-08
21300.056 8.163489656445651e-09
21350.056 8.256538977717987e-09
21400.056 7.545841965371534e-09
21450.056 6.115858644250737e-09
21500.056 5.3832385846426864e-09
21550.056 4.672221771117075e-09
21600.056 3.766312422040957e-09
21650.056 2.922540579327064e-09
21700.056 2.744562647919333e-09
21750.056 2.5470533046651626e-09
21800.056 1.9777563090370124e-09
21850.056 1.859059009225021e-09
21900.056 1.2054301289781348e-09
21950.056 4.994433165964902e-10
22000.056 1.3358648513527464e-10
22050.056 9.910367013155608e-11
22100.056 2.9127959109789205e-10
22150.056 4.132074744080394e-10
22200.056 4.6110244007301193e-10
22250.056 3.425868039798054e-10
22300.056 2.2349722034331883e-10
22350.056 2.590501010485338e-10
22400.056 1.258476323796755e-10
22450.056 1.4088802524978588e-10
22500.056 1.0772341540807371e-10
22550.056 7.954781495277891e-11
22600.056 6.850177487638801e-11
22650.056 1.0523445414112233e-10
22700.056 8.392220111956658e-11
22750.056 8.533043993603649e-11
22800.056 8.037707454427864e-11
22850.056 6.517045923550435e-11
22900.056 4.777710283904566e-11
22950.056 4.609759406381806e-11
23000.056 6.733667960524538e-11
23050.056 8.9603408616594e-11
23100.056 2.8112041951894553e-10
23150.056 3.1197330366076775e-10
23200.056 2.928123125789464e-11
23250.056 5.284535113804423e-11
23300.056 5.5915810399877704e-11
23350.056 7.515974014955969e-11
23400.056 7.886250520010982e-11
23450.056 5.915459746280244e-11
23500.056 6.294885658614411e-11
23550.056 1.0283877846808283e-10
23600.056 1.3651497894701757e-10
23650.056 2.340827300588424e-10
23700.056 7.985580009920668e-11
23750.056 5.6430254462611224e-11
23800.056 1.4354878224551503e-10
23850.056 1.2875688445608194e-10
23900.056 2.448474533303932e-10
23950.056 2.1329859102972923e-10
24000.056 3.137337451658167e-10
24050.056 4.3896511358597195e-10
24100.056 4.266796860281827e-10
24150.056 5.642348667393579e-10
24200.056 4.4694140965784846e-10
24250.056 3.613581745674191e-10
24300.056 5.300890748935777e-10
24350.056 4.618243087640003e-10
24400.056 8.17737674062774e-10
24450.056 9.065300739673115e-10
24500.056 8.880346920973911e-10
24550.056 1.2220876748180392e-09
24600.056 1.2574623972875938e-09
24650.056 1.8136522649384756e-09
24700.056 1.1453050311452843e-09
24750.056 1.5072360854768385e-09
24800.056 1.4974112453154335e-09
24850.056 2.19379386325223e-09
24900.056 1.2703381235594246e-09
24950.056 2.39989622570038e-09
25000.056 2.346237400843552e-09
25050.056 1.6845441143226984e-09
25100.056 2.4609553556352274e-09
25150.056 1.3658950810362315e-09
25200.056 2.041635766427702e-09
25250.056 1.1108383273758597e-09
25300.056 1.7673369870709324e-09
25350.056 8.697182141916006e-10
25400.056 1.9720068221498114e-09
25450.056 7.620100219577154e-10
25500.056 7.365812014724066e-10
25550.056 1.1227973568480265e-09
25600.056 6.528618242391378e-10
25650.056 4.291182853220056e-10
25700.056 7.545420141259118e-10
25750.056 2.3601154757287535e-10
25800.056 8.739969811528627e-10
25850.056 2.512344166195945e-10
25900.056 3.560049236529154e-10
25950.056 1.324797252828081e-10
26000.056 8.926343495622386e-10
26050.056 2.1759123017894752e-10
26100.056 6.711856348015803e-10
26150.056 3.940687753739162e-10
26200.056 5.235107256859143e-10
26250.056 1.6527182181061586e-09
26300.056 6.442529389625566e-10
26350.056 2.225730406380003e-09
26400.056 2.5565963073149096e-09
26450.056 2.5972575428598305e-09
26500.056 3.593394156972216e-09
26550.056 9.576695419874432e-10
26600.056 1.3598286800076752e-09
26650.056 3.2892156325938196e-10
26700.056 2.405653660596301e-10
26750.056 2.1646868435838235e-10
26800.056 5.476915923858935e-10
26850.056 2.9503363114783263e-10
26900.056 1.1230430511194885e-09
26950.056 4.4198110242475563e-10
27000.056 1.9279071898277586e-09
27050.056 1.6727724129208306e-09
27100.056 5.18202904054199e-10
27150.056 2.466051779864992e-09
27200.056 5.219304067093702e-10
27250.056 1.1272960629332053e-09
27300.056 4.610799639981871e-09
27350.056 2.3006223729786185e-09
27400.056 2.200653953461451e-10
27450.056 2.924183988190377e-09
27500.056 2.9619575552393537e-09
27550.056 7.235722256105427e-10
27600.056 1.7430609297617327e-09
27650.056 5.653709140863966e-10
27700.056 4.386494714909634e-10
27750.056 2.1463291085317407e-09
27800.056 6.173710341223212e-10
27850.056 1.0153649904763572e-09
27900.056 1.0086509076202053e-09
27950.056 2.4506546117082194e-09
28000.056 2.0528564077276495e-09
28050.056 3.4509523515463826e-10
28100.056 2.059960747676783e-09
28150.056 1.4568304066662082e-09
28200.056 5.189559846601844e-10
28250.056 2.576061925285026e-09
28300.056 2.7912304151945495e-09
28350.056 7.123040059959467e-10
28400.056 1.859972218784681e-09
28450.056 2.8280415827660408e-09
28500.056 1.9500651093039544e-09
28550.056 5.326116092175765e-10
28600.056 3.2893926121382782e-09
28650.056 2.418908731327347e-09
28700.056 2.6781168856933725e-09
28750.056 4.209148959110392e-09
28800.056 2.2801182631009796e-09
28850.056 3.7122288087716947e-09
