galfind/configs/Brown_Dwarf_templates/sonora_bobcat/m0.0/17g/sp_t750g17nc_m0.0_resample.dat
# %ECSV 1.0
# ---
# datatype:
# - {name: wav, unit: Angstrom, datatype: float64}
# - {name: flux_nu, unit: erg / (cm2 Hz s), datatype: float64}
# meta: {C/O: '1.00', Kzz: '1.0000E+05', Teff: '750.', Y: '0.28', '[Fe/H]': '0.00', f_hole: '1.00', f_rain: '0.00', grav: '18.'}
# schema: astropy-2.0
wav flux_nu
4000.0559999999996 nan
4050.0559999999996 2.113181805922286e-14
4100.056 1.514664052979957e-12
4150.056 5.972783364400374e-12
4200.056 5.024148810674645e-12
4250.056 1.3365623683901503e-11
4300.056 1.838046376210142e-11
4350.056 2.1770816303401013e-11
4400.056 2.7394315066501277e-11
4450.056 3.2640596895999963e-11
4500.056 3.447830519300175e-11
4550.056 3.963241150246255e-11
4600.056 4.089666644807631e-11
4650.056 3.504781358799699e-11
4700.056 2.943320759300037e-11
4750.056 1.2535782200400012e-11
4800.056 3.150663437399944e-12
4850.056 8.091300408999896e-13
4900.056 3.1347628834999747e-13
4950.056 1.340032193959988e-13
5000.056 4.4676492764999415e-14
5050.056 1.642418116699998e-14
5100.056 1.323128382000004e-14
5150.056 1.1935738449000077e-14
5200.056 1.106654243400001e-14
5250.056 1.0372612794999995e-14
5300.056 1.0018223275099996e-14
5350.056 1.0023231362800002e-14
5400.056 1.0241698757999991e-14
5450.056 1.066337973500003e-14
5500.056 1.1222657199800074e-14
5550.056 1.1858525831000023e-14
5600.056 1.2444310357000007e-14
5650.056 1.2821550063999983e-14
5700.056 1.2682626284400006e-14
5750.056 1.193281629439999e-14
5800.056 1.018710174789997e-14
5850.056 6.7558494995998886e-15
5900.056 1.925708111237829e-15
5950.056 1.3681649617200359e-14
6000.056 3.030662896599983e-14
6050.056 5.519081564300084e-14
6100.056 9.014185084600089e-14
6150.056 1.39244317970001e-13
6200.056 2.1075231585000126e-13
6250.056 3.146421373400008e-13
6300.056 4.770165576400028e-13
6350.056 7.284899666000064e-13
6400.056 1.119340226810009e-12
6450.056 1.6836119846399565e-12
6500.056 2.6206442306799787e-12
6550.056 4.0655461408000144e-12
6600.056 6.280724119900177e-12
6650.056 9.541028611600081e-12
6700.056 1.2218834195404096e-11
6750.056 2.0236316737000137e-11
6800.056 2.708368639400024e-11
6850.056 3.1803353562000085e-11
6900.056 3.081578624000069e-11
6950.056 2.7646515823399597e-11
7000.056 2.8552519937400566e-11
7050.056 3.112872753239934e-11
7100.056 3.444148057779959e-11
7150.056 3.3809357522629236e-11
7200.056 3.2405524822535776e-11
7250.056 3.133811962521759e-11
7300.056 2.855763149712672e-11
7350.056 2.5688662084563983e-11
7400.056 2.2990534946800947e-11
7450.056 1.992407253970063e-11
7500.056 1.671925819439978e-11
7550.056 1.3411887875999894e-11
7600.056 1.0472708290299923e-11
7650.056 2.8586159434766577e-12
7700.056 1.781113309301292e-12
7750.056 1.0351417353800174e-11
7800.056 1.7898829240820126e-11
7850.056 3.466182402199995e-11
7900.056 5.5828552379999426e-11
7950.056 7.013041454054087e-11
8000.056 1.2921935003200188e-10
8050.056 1.8296271752000703e-10
8100.056 2.2939017578730645e-10
8150.056 2.972013214821744e-10
8200.056 4.133366963729977e-10
8250.056 5.207668852759823e-10
8300.056 6.644645046307204e-10
8350.056 7.924667978566837e-10
8400.056 9.702746987349795e-10
8450.056 1.2251572625159237e-09
8500.056 1.3536464186008612e-09
8550.056 1.7823126055600238e-09
8600.056 2.2479335269000202e-09
8650.056 2.654456123600051e-09
8700.056 3.0557871732999823e-09
8750.056 3.569767178600051e-09
8800.056 4.0344393613001484e-09
8850.056 4.103919100699845e-09
8900.056 2.5826771355697618e-09
8950.056 2.784487574701621e-09
9000.056 2.824142699441559e-09
9050.056 5.205785136348851e-09
9100.056 6.218032326774206e-09
9150.056 6.6299579923132044e-09
9200.056 8.404048139567279e-09
9250.056 8.541099175104597e-09
9300.056 3.972792942753623e-09
9350.056 4.5108888367192984e-09
9400.056 5.942445338152067e-09
9450.056 7.512662410236409e-09
9500.056 7.198200635021818e-09
9550.056 8.381351858050133e-09
9600.056 8.099691263848125e-09
9650.056 9.462795435812154e-09
9700.056 1.1226652833283247e-08
9750.056 1.1451315949515343e-08
9800.056 1.2514480225820017e-08
9850.056 1.4096815078697569e-08
9900.056 1.6739364347505913e-08
9950.056 1.665524658849263e-08
10000.056 1.7090250821474916e-08
10050.056 2.1107241956901193e-08
10100.056 2.6240113547293873e-08
10150.056 3.0594136081694805e-08
10200.056 3.612193648879945e-08
10250.056 4.115272937660112e-08
10300.056 4.818191983699931e-08
10350.056 5.6417533306998995e-08
10400.056 6.704000074299733e-08
10450.056 7.408425615899248e-08
10500.056 7.990713304400284e-08
10550.056 8.645220785300568e-08
10600.056 9.148833891599396e-08
10650.056 9.859207168880242e-08
10700.056 1.008631831696363e-07
10750.056 1.065627063121424e-07
10800.056 1.0809602522505058e-07
10850.056 1.0196600592929088e-07
10900.056 7.312738136615754e-08
10950.056 3.8985893661365626e-08
11000.056 3.315546454885916e-08
11050.056 2.5710697742638986e-08
11100.056 1.848265798180978e-08
11150.056 1.0799986160931477e-08
11200.056 8.48593158769387e-09
11250.056 9.801434555998714e-09
11300.056 1.1912174458085902e-08
11350.056 5.461868304873724e-09
11400.056 9.048856561741882e-09
11450.056 7.961244136577282e-09
11500.056 5.725536975900049e-09
11550.056 1.932355635896477e-09
11600.056 2.4206123325636497e-09
11650.056 5.1396319585406805e-09
11700.056 4.974725296735039e-09
11750.056 1.109434043523225e-09
11800.056 5.514811668729832e-09
11850.056 9.590639968488884e-09
11900.056 1.117385328321255e-08
11950.056 1.7041634221870616e-08
12000.056 2.467092312674607e-08
12050.056 3.5050972760731915e-08
12100.056 4.769129603255839e-08
12150.056 6.367263247454041e-08
12200.056 7.797920606739597e-08
12250.056 9.612131743602154e-08
12300.056 1.1717691926854255e-07
12350.056 1.2452297509525682e-07
12400.056 1.480802783579969e-07
12450.056 1.582855541310189e-07
12500.056 1.73201315280301e-07
12550.056 1.8956136516192182e-07
12600.056 2.1763827236691028e-07
12650.056 2.1366161804899394e-07
12700.056 2.1908579027017652e-07
12750.056 2.0883401199602447e-07
12800.056 2.0411450217323903e-07
12850.056 1.711535236923163e-07
12900.056 1.4395709488206487e-07
12950.056 1.392040467638262e-07
13000.056 1.2085337199664678e-07
13050.056 1.0048700075801843e-07
13100.056 8.812269393839813e-08
13150.056 6.841628353134499e-08
13200.056 5.700863576519705e-08
13250.056 4.248968558578649e-08
13300.056 1.861333727575765e-08
13350.056 5.903381115610218e-09
13400.056 4.728041590477004e-09
13450.056 2.3433058334396197e-09
13500.056 1.5282432940525568e-09
13550.056 9.725581359154245e-10
13600.056 3.1787198144858975e-10
13650.056 9.870904260454691e-10
13700.056 8.225816085488078e-10
13750.056 6.855476939795377e-10
13800.056 6.567213687943866e-10
13850.056 5.340344178387892e-10
13900.056 5.871275019657807e-10
13950.056 4.6227696401989045e-10
14000.056 4.952789108864403e-10
14050.056 6.713080911944139e-10
14100.056 7.864096277850869e-10
14150.056 1.1805628810952456e-09
14200.056 9.38723632622534e-10
14250.056 1.215082750708235e-09
14300.056 1.9651281422123522e-09
14350.056 2.2141033636349308e-09
14400.056 2.7388632777857785e-09
14450.056 3.1831516378781427e-09
14500.056 5.763266660859409e-09
14550.056 6.9836342492277466e-09
14600.056 8.823285972620147e-09
14650.056 9.024917494390913e-09
14700.056 7.318485397695891e-09
14750.056 8.218275934978161e-09
14800.056 1.1733339355120554e-08
14850.056 1.3627849973610948e-08
14900.056 1.4882628318477882e-08
14950.056 1.6280905229512628e-08
15000.056 2.067274047060745e-08
15050.056 2.1907252761142486e-08
15100.056 2.3369474550448127e-08
15150.056 2.6290398154468614e-08
15200.056 2.9322574867583267e-08
15250.056 3.84209144446482e-08
15300.056 4.4491809255400525e-08
15350.056 5.0014020227411723e-08
15400.056 5.843447814044693e-08
15450.056 6.588794986613317e-08
15500.056 6.970539669608785e-08
15550.056 7.998373715571154e-08
15600.056 8.233135316266128e-08
15650.056 9.157408157100422e-08
15700.056 1.0781249136654518e-07
15750.056 1.164995680146941e-07
15800.056 1.1334246530843612e-07
15850.056 1.2124628195260077e-07
15900.056 1.0686778333440772e-07
15950.056 9.753351679897278e-08
16000.056 7.151854051120858e-08
16050.056 4.277334488061864e-08
16100.056 2.83422407839986e-08
16150.056 1.7024432044161432e-08
16200.056 1.0144096322206976e-08
16250.056 7.727313453938154e-09
16300.056 5.3428979381874464e-09
16350.056 5.9386951348286455e-09
16400.056 7.560596227422451e-09
16450.056 7.669602769117277e-09
16500.056 7.852042994550146e-09
16550.056 8.029008479159543e-09
16600.056 7.635368838010033e-09
16650.056 6.336113941850229e-09
16700.056 1.4568386610877768e-09
16750.056 2.339434238327761e-09
16800.056 4.5543274720838735e-09
16850.056 5.645436382136939e-09
16900.056 3.751790443627063e-09
16950.056 2.5353910430826788e-09
17000.056 1.6782729469692912e-09
17050.056 3.0583287639439033e-09
17100.056 4.637924794966822e-09
17150.056 2.87335190946931e-09
17200.056 6.240947471274984e-09
17250.056 5.500727543972873e-09
17300.056 3.4593733039433723e-09
17350.056 3.112615157928711e-09
17400.056 4.1857615336253356e-09
17450.056 5.703037414446891e-09
17500.056 7.440448569869006e-09
17550.056 7.297716311194052e-09
17600.056 5.932803426779685e-09
17650.056 6.0357616323588965e-09
17700.056 4.179254712471886e-09
17750.056 4.514891492280114e-09
17800.056 8.302667482252451e-09
17850.056 5.35495191663095e-09
17900.056 4.131666064538578e-09
17950.056 3.6257676630479243e-09
18000.056 4.733132618315179e-09
18050.056 5.510101496365527e-09
18100.056 6.624543159217796e-09
18150.056 8.188525293706734e-09
18200.056 5.4637419893972095e-09
18250.056 1.1279521553856577e-08
18300.056 7.2031756497062746e-09
18350.056 5.5765481116465905e-09
18400.056 5.772247025025203e-09
18450.056 8.050173467630077e-09
18500.056 8.823744191335653e-09
18550.056 7.023444697678513e-09
18600.056 6.855983621706359e-09
18650.056 6.975863573800269e-09
18700.056 5.623472031779803e-09
18750.056 8.480486647837595e-09
18800.056 1.4488742591449474e-08
18850.056 1.6690888355918163e-08
18900.056 1.60031127863561e-08
18950.056 2.221748875991772e-08
19000.056 1.6095137438818346e-08
19050.056 1.189958348337438e-08
19100.056 1.934523062025626e-08
19150.056 1.4856103304299277e-08
19200.056 1.773980414412103e-08
19250.056 1.41660285846464e-08
19300.056 1.2955454438338857e-08
19350.056 1.0877926433313167e-08
19400.056 9.09089150132895e-09
19450.056 1.5990749492359484e-08
19500.056 1.471194390768172e-08
19550.056 1.046330495486786e-08
19600.056 1.691378900669763e-08
19650.056 1.7359242572298768e-08
19700.056 1.8782921232722704e-08
19750.056 2.18686503352082e-08
19800.056 2.129363001741795e-08
19850.056 2.7694270871907423e-08
19900.056 2.268729680297904e-08
19950.056 3.5516575831667895e-08
20000.056 3.372602909437379e-08
20050.056 3.5000335261650145e-08
20100.056 4.501124100674002e-08
20150.056 3.917614131414327e-08
20200.056 4.2073891503293436e-08
20250.056 5.276590601852467e-08
20300.056 5.4357892897127324e-08
20350.056 6.111554387848086e-08
20400.056 5.7334320277876774e-08
20450.056 7.016815899805178e-08
20500.056 7.647775946466857e-08
20550.056 7.584238201044715e-08
20600.056 8.378173206848863e-08
20650.056 8.529294665766479e-08
20700.056 8.873284573790467e-08
20750.056 9.310824798565899e-08
20800.056 9.215463926046981e-08
20850.056 8.96604149778058e-08
20900.056 9.133330121805698e-08
20950.056 8.505919434038577e-08
21000.056 7.969078429923814e-08
21050.056 7.87768262267895e-08
21100.056 7.103081686031257e-08
21150.056 7.105797398230549e-08
21200.056 6.271015844726472e-08
21250.056 5.625127414704803e-08
21300.056 4.474493649552947e-08
21350.056 4.511372512113966e-08
21400.056 4.0692230961200196e-08
21450.056 3.502712510227546e-08
21500.056 3.092326240180407e-08
21550.056 2.7169663854926314e-08
21600.056 2.1862582807516052e-08
21650.056 1.76913290436195e-08
21700.056 1.73795744471684e-08
21750.056 1.5353144588134685e-08
21800.056 1.2737371394998986e-08
21850.056 1.1629244629745803e-08
21900.056 7.84505854758118e-09
21950.056 4.1556175019502195e-09
22000.056 1.4584399722097663e-09
22050.056 9.171130589216802e-10
22100.056 1.8530465904954202e-09
22150.056 2.9789724211393016e-09
22200.056 3.4559031848869513e-09
22250.056 2.7388737815485065e-09
22300.056 2.0962636352749504e-09
22350.056 2.1137493967832082e-09
22400.056 1.337001918781416e-09
22450.056 1.24482746520587e-09
22500.056 1.0364320483834233e-09
22550.056 8.299893363922937e-10
22600.056 8.384006619673652e-10
22650.056 1.009510100311806e-09
22700.056 8.173448847024952e-10
22750.056 8.719593490305248e-10
22800.056 7.890333782890295e-10
22850.056 6.793569880929722e-10
22900.056 5.387213010632183e-10
22950.056 5.19306190244571e-10
23000.056 7.19628328670858e-10
23050.056 9.578379165284933e-10
23100.056 2.0465456277780857e-09
23150.056 2.4633884514538436e-09
23200.056 4.529708323165528e-10
23250.056 5.794645070201375e-10
23300.056 5.737364707583566e-10
23350.056 6.363575690742398e-10
23400.056 7.200340491988662e-10
23450.056 6.385700727971086e-10
23500.056 6.897330354402333e-10
23550.056 9.528595487729921e-10
23600.056 1.0903009151351023e-09
23650.056 1.6746810002948539e-09
23700.056 8.827169678496345e-10
23750.056 6.584843576468174e-10
23800.056 9.515162924562477e-10
23850.056 1.0281636154785876e-09
23900.056 1.67344304685138e-09
23950.056 1.8165832398999927e-09
24000.056 2.119020966931499e-09
24050.056 2.966146043078106e-09
24100.056 2.7518116559084613e-09
24150.056 3.287840474177019e-09
24200.056 2.996874326019499e-09
24250.056 2.4630610553590247e-09
24300.056 3.2160716791207944e-09
24350.056 2.7557998423491417e-09
24400.056 4.137334413128893e-09
24450.056 4.3743233441264424e-09
24500.056 4.493369202950604e-09
24550.056 5.767273087956924e-09
24600.056 5.890667564140593e-09
24650.056 7.720300141557538e-09
24700.056 5.754336458375493e-09
24750.056 7.0070191156911586e-09
24800.056 7.343255957736283e-09
24850.056 9.63763610061851e-09
24900.056 6.502783811608612e-09
24950.056 1.0959584392004489e-08
25000.056 1.0408556579179485e-08
25050.056 8.062116084965637e-09
25100.056 1.1075273946271207e-08
25150.056 7.275960682574039e-09
25200.056 1.0033588699696313e-08
25250.056 6.834829692313529e-09
25300.056 1.0309192336758226e-08
25350.056 5.943759915287836e-09
25400.056 1.1022025678382483e-08
25450.056 5.779172488267892e-09
25500.056 5.7329003707939736e-09
25550.056 7.09488768237347e-09
25600.056 5.007107224394143e-09
25650.056 3.864120975006176e-09
25700.056 6.795328938235185e-09
25750.056 2.868890607368545e-09
25800.056 6.707979482591463e-09
25850.056 3.1204054929232236e-09
25900.056 4.1094535589545325e-09
25950.056 2.3469925166512975e-09
26000.056 7.582712207799623e-09
26050.056 3.642724695877546e-09
26100.056 6.443624230092454e-09
26150.056 4.7317831677446456e-09
26200.056 5.963348170167953e-09
26250.056 1.0526721377063555e-08
26300.056 6.5674865310045605e-09
26350.056 1.3677494177323639e-08
26400.056 1.4300106892367724e-08
26450.056 1.604633379510928e-08
26500.056 1.821379417091096e-08
26550.056 8.65200668108459e-09
26600.056 1.2459559136192494e-08
26650.056 5.01067335623378e-09
26700.056 4.603524672940888e-09
26750.056 3.304007157247466e-09
26800.056 6.3341550932108924e-09
26850.056 3.5783212559796672e-09
26900.056 9.3197095656954e-09
26950.056 4.565839395074088e-09
27000.056 1.3433687840183512e-08
27050.056 1.0489300306013152e-08
27100.056 6.374556919365802e-09
27150.056 1.5977143612985764e-08
27200.056 6.8773028317437615e-09
27250.056 9.745138116092117e-09
27300.056 2.5644738204583634e-08
27350.056 1.6920288917855603e-08
27400.056 3.9643966929802135e-09
27450.056 2.2254696459219004e-08
27500.056 2.1430204104299428e-08
27550.056 8.209675462582284e-09
27600.056 1.6197494671700328e-08
27650.056 6.82626808083595e-09
27700.056 5.452337529371917e-09
27750.056 1.755119827982497e-08
27800.056 6.645311078392832e-09
27850.056 9.331300822723273e-09
27900.056 9.861666015352929e-09
27950.056 1.9437327872937123e-08
28000.056 1.570213656997507e-08
28050.056 4.432118377159771e-09
28100.056 1.883167055229018e-08
28150.056 1.1994622931318148e-08
28200.056 5.535227398963026e-09
28250.056 1.9837421872341355e-08
28300.056 2.5381365171027686e-08
28350.056 8.130379397202021e-09
28400.056 1.5200261749206665e-08
28450.056 2.079810840671634e-08
28500.056 1.603096740630166e-08
28550.056 5.754735699695475e-09
28600.056 2.405176514787852e-08
28650.056 2.0101555852714114e-08
28700.056 1.8451544987158483e-08
28750.056 2.7888611864536444e-08
28800.056 1.9884845211820364e-08
28850.056 2.568977359565219e-08
