galfind/configs/Brown_Dwarf_templates/sonora_bobcat/m0.0/17g/sp_t450g17nc_m0.0_resample.dat
# %ECSV 1.0
# ---
# datatype:
# - {name: wav, unit: Angstrom, datatype: float64}
# - {name: flux_nu, unit: erg / (cm2 Hz s), datatype: float64}
# meta: {C/O: '1.00', Kzz: '1.0000E+05', Teff: '450.', Y: '0.28', '[Fe/H]': '0.00', f_hole: '1.00', f_rain: '0.00', grav: '18.'}
# schema: astropy-2.0
wav flux_nu
[from data line 499]
28950.056 4.323574444508052e-10
29000.056 2.824316634770267e-10
29050.056 4.363066668588676e-10
29100.056 2.456178117877027e-10
29150.056 2.953464439346756e-10
29200.056 4.710780329003216e-10
29250.056 7.180188637627425e-10
29300.056 2.918662900560559e-10
29350.056 8.446466315811057e-10
29400.056 4.3554968284950365e-10
29450.056 3.4425944778170714e-10
29500.056 7.258894730932274e-10
29550.056 3.4681361192029754e-10
29600.056 4.979557595356677e-10
29650.056 1.0002239648620187e-09
29700.056 3.223259572874755e-10
29750.056 7.794879979554897e-10
29800.056 6.788047994653021e-10
29850.056 8.389108367793633e-10
29900.056 5.565821603698037e-10
29950.056 6.740726347691596e-10
30000.056 1.7141976074760043e-11
30050.056 7.805447195582786e-11
30100.056 2.571839134456099e-10
30150.056 6.351010987740729e-10
30200.056 4.921455177424526e-10
30250.056 1.0511609689944434e-09
30300.056 1.4786986158198075e-09
30350.056 5.404292708311051e-10
30400.056 1.3275289564756173e-09
30450.056 8.434438650280789e-10
30500.056 8.015193689294479e-10
30550.056 6.877024296637929e-10
30600.056 1.7918708800983771e-09
30650.056 1.0806582294225614e-09
30700.056 7.316637725982933e-10
30750.056 1.4001741746880611e-09
30800.056 8.964566420871279e-10
30850.056 1.0750468438681791e-09
30900.056 5.414114143764828e-10
30950.056 6.892907993193471e-10
31000.056 7.08139491276039e-10
31050.056 5.571973699157868e-10
31100.056 3.431993183202949e-10
31150.056 6.247347559153221e-10
31200.056 1.0992114215437776e-09
31250.056 7.859895184230016e-10
31300.056 4.829995728305503e-10
31350.056 8.533053900497467e-10
31400.056 6.063339758404692e-10
31450.056 6.057154793180417e-10
31500.056 2.9910428744046e-10
31550.056 4.280571110182277e-10
31600.056 2.672993300430784e-10
31650.056 2.9589464734015616e-10
31700.056 2.945652076436773e-10
31750.056 1.4461991900684458e-10
31800.056 2.853008681211022e-10
31850.056 6.974181604240527e-11
31900.056 1.4714652844682357e-10
31950.056 9.457253334919042e-11
32000.056 8.166312993831316e-11
32050.056 1.2828170055203782e-10
32100.056 1.1467976669007959e-10
32150.056 1.334100518382583e-10
32200.056 6.633770084505825e-11
32250.056 1.7318149648538126e-10
32300.056 6.347393629086966e-11
32350.056 1.531317584820853e-10
32400.056 4.117189720786943e-11
32450.056 1.2151414107775222e-10
32500.056 4.821033626879589e-11
32550.056 9.123635759950355e-11
32600.056 6.291082254551312e-11
32650.056 2.729895337190301e-10
32700.056 8.862879414192607e-11
32750.056 4.2477459182526723e-10
32800.056 2.4634685290113495e-10
32850.056 6.182069832417585e-10
32900.056 5.316022277322378e-10
32950.056 6.325746552868083e-10
33000.056 2.804279893539024e-10
33050.056 4.0152440909298976e-10
33100.056 9.060547141557992e-11
33150.056 8.363682238504064e-14
33200.056 2.3363052613329046e-12
33250.056 2.0068158142468105e-12
33300.056 1.2176413721619964e-11
33350.056 3.9927457391926824e-11
33400.056 1.4589086883700867e-10
33450.056 1.3621421807178703e-10
33500.056 4.405971067218555e-10
33550.056 1.0928902629643903e-10
33600.056 3.225891003278776e-10
33650.056 2.858919157120578e-10
33700.056 1.4560965512423918e-10
33750.056 4.31820135575948e-10
33800.056 7.416707124652895e-11
33850.056 2.432624533344959e-10
33900.056 2.431224532248779e-10
33950.056 1.948878148458701e-10
34000.056 4.220266500788368e-10
34050.056 7.893682028311199e-11
34100.056 3.7776929413985303e-10
34150.056 1.9574108837736672e-10
34200.056 4.0427894638428823e-10
34250.056 2.653929768464417e-10
34300.056 2.69923346371744e-10
34350.056 3.721109268262648e-10
34400.056 1.5941278267471415e-10
34450.056 4.0255557789787274e-10
34500.056 2.5002610242856424e-10
34550.056 1.4958844155786159e-10
34600.056 5.880420357034891e-10
34650.056 1.589631722380334e-10
34700.056 4.958120814290119e-10
34750.056 3.1605652616496904e-10
34800.056 3.1586281117415397e-10
34850.056 6.155192071867719e-10
34900.056 2.8138095604810885e-10
34950.056 6.313928844823857e-10
35000.056 1.248279977540177e-09
35050.056 5.421897744601019e-10
35100.056 1.150568252960031e-09
35150.056 8.207552969077231e-10
35200.056 9.421550391019703e-10
35250.056 1.431507033703555e-09
35300.056 7.63272828904576e-10
35350.056 8.490072747976289e-10
35400.056 7.72356316576061e-10
35450.056 6.227571819560569e-10
35500.056 2.0945595643172264e-09
35550.056 1.404111338616202e-09
35600.056 1.2999220391074554e-09
35650.056 1.2860687348261404e-09
35700.056 1.4612139487251418e-09
35750.056 2.0687778404540418e-09
35800.056 2.2852940293107034e-09
35850.056 8.822051701597702e-10
35900.056 1.186399596998859e-09
35950.056 1.3215128448498856e-09
36000.056 1.6160102604783883e-09
36050.056 1.1293895469529603e-09
36100.056 1.0953512365068298e-09
36150.056 1.9529783741203103e-09
36200.056 2.0918544944240766e-09
36250.056 1.6144685746091752e-09
36300.056 3.046153054322619e-09
36350.056 1.9501298503509274e-09
36400.056 2.748372854638316e-09
36450.056 3.2459042257135713e-09
36500.056 3.6514471999094223e-09
36550.056 4.006847577143039e-09
36600.056 4.640638668499859e-09
36650.056 3.6695271785278684e-09
36700.056 4.183617445822111e-09
36750.056 4.953095297101214e-09
36800.056 5.21705353726055e-09
36850.056 3.312623009624212e-09
36900.056 5.474344932015628e-09
36950.056 5.507183638049888e-09
37000.056 4.2249617362185415e-09
37050.056 5.578095381878402e-09
37100.056 5.290122308949136e-09
37150.056 3.9995060518974266e-09
37200.056 6.682382097061128e-09
37250.056 4.9840056616715824e-09
37300.056 3.990827290559767e-09
37350.056 6.11300798803204e-09
37400.056 8.942995139155347e-09
37450.056 4.42808579087158e-09
37500.056 5.481633208926213e-09
37550.056 8.22627042664414e-09
37600.056 1.0879567098470857e-08
37650.056 4.548111513948852e-09
37700.056 9.240430168355954e-09
37750.056 5.78706516249572e-09
37800.056 6.0521151714115136e-09
37850.056 3.217479452606339e-09
37900.056 4.637508217882012e-09
37950.056 8.103031114212763e-09
38000.056 8.431591247332697e-09
38050.056 1.0026609757052987e-08
38100.056 1.1126141368580774e-08
38150.056 1.2582267730679529e-08
38200.056 1.1836102215261226e-08
38250.056 1.1876405928545323e-08
38300.056 1.7525576978554097e-08
38350.056 1.709015744595749e-08
38400.056 7.657758488083572e-09
38450.056 5.2172277591181396e-09
38500.056 3.214577900064494e-09
38550.056 8.54989555441437e-09
38600.056 8.471607818229402e-09
38650.056 8.931815194502461e-09
38700.056 6.921732463865488e-09
38750.056 8.720950463593113e-09
38800.056 8.707371809514825e-09
38850.056 9.469728766262518e-09
38900.056 1.2657802284863207e-08
38950.056 8.584874083467242e-09
39000.056 1.3398494799140482e-08
39050.056 8.536934848394322e-09
39100.056 1.2257188178564298e-08
39150.056 1.3974304289682296e-08
39200.056 1.1777536065158022e-08
39250.056 1.7122088765124958e-08
39300.056 1.0979872728090086e-08
39350.056 2.0795967625020214e-08
39400.056 1.1717904800669979e-08
39450.056 1.664653781884906e-08
39500.056 1.7457771877801085e-08
39550.056 1.1579669345627042e-08
39600.056 1.7230203854322445e-08
39650.056 1.9088525889522738e-08
39700.056 1.889217930855655e-08
39750.056 1.2142436291670264e-08
39800.056 1.3589466992840514e-08
39850.056 2.3713108340702823e-08
39900.056 2.602711958900248e-08
39950.056 1.41393274367847e-08
40000.056 2.459297117752979e-08
40050.056 2.290656880049776e-08
40100.056 1.1903080497272296e-08
40150.056 2.3405098880617954e-08
40200.056 2.461846259215035e-08
40250.056 2.7043908211084747e-08
40300.056 2.548924213409796e-08
40350.056 2.0260435852655036e-08
40400.056 2.7112926784327997e-08
40450.056 1.7083815798743744e-08
40500.056 3.09148836350965e-08
40550.056 3.232583034415644e-08
40600.056 2.6010121182883345e-08
40650.056 1.9725381234437556e-08
40700.056 3.722993856741588e-08
40750.056 2.6094985891494496e-08
40800.056 1.9176074968098595e-08
40850.056 4.364367029281786e-08
40900.056 3.619098996588214e-08
40950.056 3.3732621538738395e-08
41000.056 2.9267365439370684e-08
41050.056 4.618991947558069e-08
41100.056 3.8117149986682886e-08
41150.056 1.956511985847683e-08
41200.056 4.8114589422394376e-08
41250.056 3.341027544721772e-08
41300.056 3.467316418459986e-08
41350.056 4.856489078529506e-08
41400.056 4.211490024420449e-08
41450.056 5.415264461758315e-08
41500.056 3.872921671201262e-08
41550.056 3.633004277243097e-08
41600.056 3.752581412526322e-08
41650.056 4.819003495389919e-08
41700.056 5.183360507027466e-08
41750.056 4.651017487368907e-08
41800.056 5.119271356202405e-08
41850.056 4.468617165659833e-08
41900.056 4.344135674793054e-08
41950.056 4.138824078680801e-08
42000.056 3.131559040461321e-08
42050.056 3.490077782903105e-08
42100.056 4.0052053622391684e-08
42150.056 3.9742578859089586e-08
42200.056 4.2436036305641193e-08
42250.056 3.558335519987101e-08
42300.056 3.781506114317287e-08
42350.056 5.309278567950466e-08
42400.056 5.676755653791509e-08
42450.056 5.3585970277725326e-08
42500.056 4.8565398613787886e-08
42550.056 4.425984513658234e-08
42600.056 4.797183224226795e-08
42650.056 7.393872252316219e-08
42700.056 4.4842466828362066e-08
42750.056 5.492833271545357e-08
42800.056 7.438907527761629e-08
42850.056 7.434409326197669e-08
42900.056 7.833673160212667e-08
42950.056 6.559676917598638e-08
43000.056 7.161544784682621e-08
43050.056 4.3459540828687794e-08
43100.056 5.96093293144837e-08
43150.056 5.147166186540979e-08
43200.056 7.992667114100363e-08
43250.056 9.544633439900063e-08
43300.056 9.287112138698929e-08
43350.056 5.7048782525783824e-08
43400.056 7.466127381179896e-08
43450.056 5.342587199380517e-08
43500.056 4.9989848331910784e-08
43550.056 5.57994777195987e-08
43600.056 8.856069864641185e-08
43650.056 6.319637786990477e-08
43700.056 9.593033647142741e-08
43750.056 8.491211822339445e-08
43800.056 8.046887005548758e-08
43850.056 6.766991592100021e-08
43900.056 6.44687452904305e-08
43950.056 4.098887334249811e-08
44000.056 4.216258317149391e-08
44050.056 9.57783389320026e-08
44100.056 1.2090070622199354e-07
44150.056 1.0641607435180096e-07
44200.056 9.34307748694968e-08
44250.056 5.696633421160247e-08
44300.056 4.8199686301608356e-08
44350.056 5.552589278117726e-08
44400.056 5.1249822836692596e-08
44450.056 8.26202428377848e-08
44500.056 8.043262204041808e-08
44550.056 1.1373444879398743e-07
44600.056 9.583514887069954e-08
44650.056 8.27408008642178e-08
44700.056 5.69262072716021e-08
44750.056 9.155278840432419e-08
44800.056 6.311220313752388e-08
44850.056 8.144629416081097e-08
44900.056 7.271324867300533e-08
44950.056 8.964498172040734e-08
45000.056 9.851368311600311e-08
45050.056 9.004465983698849e-08
45100.056 8.072312318579581e-08
45150.056 7.845966731807756e-08
45200.056 6.327122229740106e-08
45250.056 7.196788632767167e-08
45300.056 6.217250358801413e-08
45350.056 5.630575364881998e-08
45400.056 1.2984359024001637e-07
45450.056 1.0140925818900928e-07
45500.056 1.2343961873230844e-07
45550.056 1.269888184089471e-07
45600.056 1.161786832180295e-07
45650.056 9.270157521120041e-08
45700.056 6.44755419717982e-08
45750.056 6.331597973890196e-08
45800.056 1.3722823295299292e-07
45850.056 1.1136687957399249e-07
45900.056 1.3605370799398496e-07
45950.056 1.1685262008299814e-07
46000.056 1.2695476340485954e-07
46050.056 9.7066598176811e-08
46100.056 1.468530940769773e-07
46150.056 9.308737683501169e-08
46200.056 8.10996616198903e-08
46250.056 3.821972826323271e-08
46300.056 9.479803582680043e-08
46350.056 9.947364661781626e-08
46400.056 8.453619189900068e-08
46450.056 7.987704995819526e-08
46500.056 9.60273338249246e-08
46550.056 5.4190353474404024e-08
46600.056 8.029009295013056e-08
46650.056 1.1877060472400666e-07
46700.056 7.84269147279779e-08
46750.056 4.6682190430466156e-08
46800.056 3.112156754696823e-08
46850.056 1.2052384774002437e-07
46900.056 1.0861902108699601e-07
46950.056 1.0937850854999176e-07
47000.056 1.0812503557002294e-07
47050.056 8.059415563879816e-08
47100.056 5.7135504987899526e-08
47150.056 8.306570973121059e-08
47200.056 9.68028536039952e-08
47250.056 6.256670743699571e-08
47300.056 4.15101192973849e-08
47350.056 1.1927890365799283e-07
47400.056 9.758489537199254e-08
47450.056 9.044361144999609e-08
47500.056 1.192977143993853e-07
47550.056 1.0339980707601278e-07
47600.056 9.931994946799909e-08
47650.056 1.0027875093845966e-07
47700.056 8.108925484650747e-08
47750.056 6.103899067970423e-08
47800.056 5.4055130063406244e-08
47850.056 2.970114186927673e-08
47900.056 4.509740611137198e-08
47950.056 8.63008002840108e-08
48000.056 1.222112928680202e-07
48050.056 1.0548763216500772e-07
48100.056 4.7581701119946955e-08
48150.056 8.478445573400244e-08
48200.056 5.854689371048029e-08
48250.056 6.809188906999997e-08
48300.056 1.1136529831497861e-07
48350.056 6.698081878550012e-08
48400.056 2.2911739803163595e-08
48450.056 4.6571387115724336e-08
48500.056 7.180304804698264e-08
48550.056 7.152289306056625e-08
48600.056 8.681199755499781e-08
48650.056 1.0499119138598203e-07
48700.056 7.401065397790674e-08
48750.056 5.2319412710428244e-08
48800.056 1.027310658719973e-07
48850.056 5.6696603056290114e-08
48900.056 8.059505510692177e-08
48950.056 4.556378935700369e-08
49000.056 2.292820528062906e-08
49050.056 6.759060150239154e-08
49100.056 8.71860688047174e-08
49150.056 6.457465126990425e-08
49200.056 1.0383281835702264e-07
49250.056 1.0021711644001277e-07
49300.056 8.588106701980023e-08
49350.056 3.584254142227764e-08
49400.056 5.223165131798519e-08
49450.056 5.3768543571017216e-08
49500.056 4.076881780348606e-08
49550.056 1.1025029629641027e-08
49600.056 2.882012324000254e-08
49650.056 5.921571759800075e-08
49700.056 6.084923291817507e-08
49750.056 6.319955709629641e-08
49800.056 4.300772149530637e-08
49850.056 8.588566901722265e-08
49900.056 6.680193088158841e-08
49950.056 6.875114976200451e-08
50000.056 5.4139729204681856e-08
50050.056 6.569878529100218e-08
50100.056 5.169137265239852e-08
50150.056 2.716153586749383e-08
50200.056 5.767494520324214e-09
50250.056 3.278081525899675e-08
50300.056 2.118333263442347e-08
50350.056 6.220547591420796e-08
50400.056 5.927585469159117e-08
50450.056 4.765643886858472e-08
50500.056 6.869921356140751e-08
50550.056 5.9041826153007255e-08
50600.056 4.421928779038829e-08
50650.056 7.328674317801285e-08
50700.056 7.222919474797449e-08
50750.056 4.850088194580603e-08
50800.056 1.8933816892804107e-08
50850.056 1.141923994381576e-08
50900.056 5.523474919100041e-08
50950.056 4.474341721800005e-08
51000.056 3.9554764143536175e-08
51050.056 5.4752370867994245e-08
51100.056 2.2408771927030172e-08
51150.056 2.7510601324224832e-08
51200.056 6.989357988699883e-08
51250.056 4.591848905795232e-08
51300.056 3.50748967993582e-08
51350.056 3.271955526398368e-08
51400.056 1.2393949719498002e-08
51450.056 9.770447811079591e-09
51500.056 1.0013327242674642e-08
51550.056 3.658735510236472e-08
51600.056 2.7696680626409174e-08
51650.056 3.4380169625192714e-08
51700.056 3.657469053950676e-08
51750.056 2.4720326938506282e-08
51800.056 4.207226945899514e-08
51850.056 3.532130369929596e-08
51900.056 4.637872594939444e-08
51950.056 2.80750787487961e-08
52000.056 3.677275101196588e-09
52050.056 1.657198361304241e-08
52100.056 1.0277361444198966e-08
52150.056 6.157081698103685e-09
52200.056 1.5325163135349918e-08
52250.056 2.2207824609508782e-08
52300.056 3.0814734437897845e-08
52350.056 1.2687424182716375e-08
52400.056 1.2035300361941026e-08
52450.056 3.8711441164903623e-08
52500.056 2.9203775953442344e-08
52550.056 3.2585172748196675e-08
52600.056 2.4875551864098527e-08
52650.056 3.004709529520278e-08
52700.056 2.278212895019931e-08
52750.056 9.664983443555953e-09
52800.056 1.699757187160219e-08
52850.056 1.8917963531195e-08
52900.056 9.438995462498754e-09
52950.056 1.4485104992601423e-08
53000.056 2.3253280898806655e-08
53050.056 9.403303297907333e-09
53100.056 2.5240444806293335e-08
53150.056 2.7559083334441134e-08
53200.056 1.3633821197787829e-08
53250.056 2.683638685235286e-08
53300.056 3.295598582748827e-08
53350.056 2.4628919189181658e-08
53400.056 1.6458420461694484e-08
53450.056 6.593188004607811e-09
53500.056 1.2738566358431088e-09
53550.056 3.6284544503419933e-09
53600.056 1.51818249567154e-08
