galfind/configs/Brown_Dwarf_templates/sonora_bobcat/m0.0/17g/sp_t200g17nc_m0.0_resample.dat
# %ECSV 1.0
# ---
# datatype:
# - {name: wav, unit: Angstrom, datatype: float64}
# - {name: flux_nu, unit: erg / (cm2 Hz s), datatype: float64}
# meta: {C/O: '1.00', Kzz: '1.0000E+05', Teff: '200.', Y: '0.28', '[Fe/H]': '0.00', f_hole: '1.00', f_rain: '0.00', grav: '18.'}
# schema: astropy-2.0
wav flux_nu
[from data line 498]
28900.056 2.5585256689756544e-15
28950.056 3.866934171202569e-15
29000.056 2.043171607320692e-15
29050.056 4.1170755201236605e-15
29100.056 4.2291781962547436e-16
29150.056 1.231888021625076e-16
29200.056 2.3453294942703193e-14
29250.056 4.145211381393389e-15
29300.056 7.58573637291142e-16
29350.056 5.586958527931594e-15
29400.056 7.308768047696201e-15
29450.056 7.346131996179962e-16
29500.056 1.1301100520215666e-14
29550.056 3.5459776656941003e-15
29600.056 7.370755723191087e-16
29650.056 8.00064653388986e-15
29700.056 3.099556385310125e-15
29750.056 2.467221275111202e-14
29800.056 2.5870659804741208e-15
29850.056 1.3104822261003529e-14
29900.056 2.9538443139748515e-15
29950.056 3.8675687831126235e-15
30000.056 6.696648060903099e-18
30050.056 1.113180015243585e-15
30100.056 7.540523596475802e-15
30150.056 1.4164719384361863e-14
30200.056 2.0958494922868424e-14
30250.056 1.1854332824777741e-14
30300.056 1.9971187586254796e-14
30350.056 5.611732710717925e-15
30400.056 3.207218834230976e-14
30450.056 8.286983343501981e-14
30500.056 3.7006402871586674e-15
30550.056 4.1658106770456674e-15
30600.056 5.487725139976676e-13
30650.056 1.2875674138741805e-13
30700.056 3.083574725169109e-15
30750.056 3.615910454851212e-14
30800.056 2.690015781950393e-13
30850.056 1.6791885185996652e-13
30900.056 5.24158785637779e-14
30950.056 2.7753495088188036e-14
31000.056 3.582626009009441e-14
31050.056 4.871691464304448e-15
31100.056 4.4563787844614654e-15
31150.056 1.8829887333096765e-14
31200.056 2.1527727307460314e-13
31250.056 2.107730150805782e-13
31300.056 1.4473228241207938e-14
31350.056 2.3272112574199594e-13
31400.056 2.312974210265679e-13
31450.056 1.485068131160415e-13
31500.056 2.684726654760696e-14
31550.056 9.17191433453882e-14
31600.056 1.0206074432233334e-13
31650.056 6.71126654864696e-14
31700.056 2.9098898412084036e-14
31750.056 1.9429399089754764e-14
31800.056 2.3195455687272457e-14
31850.056 1.5544526167351378e-15
31900.056 5.1816469257300315e-15
31950.056 3.115171865146725e-15
32000.056 1.3314982240060092e-15
32050.056 1.190614818354451e-15
32100.056 1.1687882805685389e-15
32150.056 3.64967086745259e-16
32200.056 9.241655709334663e-17
32250.056 2.4371046980828134e-16
32300.056 2.3770675663036883e-17
32350.056 7.39058180082734e-17
32400.056 3.845608764318127e-18
32450.056 3.6356598764291703e-17
32500.056 2.820803355841539e-18
32550.056 1.734608796692108e-17
32600.056 1.1399745868510529e-18
32650.056 2.9639628178991476e-17
32700.056 1.5574468680737723e-18
32750.056 9.413845026809796e-17
32800.056 1.890560602919258e-17
32850.056 9.324961226085806e-16
32900.056 3.359501723999211e-16
32950.056 9.07821707828114e-16
33000.056 1.9772281188549182e-16
33050.056 4.459007798126501e-17
33100.056 7.052626163903264e-18
33150.056 1.552427704529515e-20
33200.056 5.31091924840914e-18
33250.056 7.411156823793268e-18
33300.056 2.325086766456084e-16
33350.056 5.80988153818931e-17
33400.056 1.10282797259681e-15
33450.056 2.251266708519561e-17
33500.056 4.444557500970592e-16
33550.056 4.474062013093e-17
33600.056 2.260235831191954e-16
33650.056 3.2321581712561615e-16
33700.056 2.3982127319056135e-17
33750.056 4.2900447138447525e-16
33800.056 1.3746667899618024e-17
33850.056 2.2278905331516004e-16
33900.056 2.9394774900328705e-16
33950.056 4.461970710226925e-16
34000.056 1.701996889581649e-15
34050.056 2.5030738459298554e-16
34100.056 2.5631135275135906e-15
34150.056 1.0058865832885484e-15
34200.056 6.496021179050064e-15
34250.056 1.0075941852981454e-15
34300.056 2.3176602633088055e-15
34350.056 3.942088886483059e-14
34400.056 2.1700774083766213e-15
34450.056 1.461295537306919e-14
34500.056 2.5158837492853625e-15
34550.056 2.2693788710945314e-14
34600.056 1.4118556802022995e-13
34650.056 9.90153718962929e-16
34700.056 3.4640501068302426e-14
34750.056 1.3785659935383484e-14
34800.056 9.598118752492153e-15
34850.056 4.4101367607035216e-14
34900.056 4.686135037141332e-15
34950.056 1.2078172462843897e-13
35000.056 7.95977494591074e-14
35050.056 1.8225323170101937e-13
35100.056 2.1301521450115016e-13
35150.056 1.789448197002528e-13
35200.056 2.371388924094877e-13
35250.056 4.705561683765785e-13
35300.056 4.822300185453317e-14
35350.056 6.42660735725173e-15
35400.056 4.240486218453606e-15
35450.056 7.0547690021056396e-15
35500.056 5.75531589581131e-14
35550.056 2.7066989507297848e-14
35600.056 1.4671429461081208e-13
35650.056 3.4794270589625844e-13
35700.056 4.619880418127432e-13
35750.056 9.153823234448527e-14
35800.056 4.1133319681663846e-14
35850.056 1.9305717494084622e-14
35900.056 3.371327706289454e-14
35950.056 9.286717450745225e-14
36000.056 1.6122961352080483e-13
36050.056 1.325437947210235e-13
36100.056 1.074676792067231e-13
36150.056 1.8404026951220954e-12
36200.056 5.508076102580704e-13
36250.056 1.7809295486932056e-13
36300.056 1.6504444525488144e-12
36350.056 1.1452432972610947e-12
36400.056 1.0665574617485688e-12
36450.056 8.219207765331202e-13
36500.056 6.10351875535723e-13
36550.056 3.679937788350916e-12
36600.056 2.3074740986399325e-12
36650.056 8.639671423973517e-13
36700.056 2.8809423088206374e-12
36750.056 3.98693421260615e-12
36800.056 5.774635011900683e-12
36850.056 7.522106157302545e-13
36900.056 1.2306011523706527e-12
36950.056 6.618319511526376e-12
37000.056 3.938848874180905e-12
37050.056 6.509039304471189e-12
37100.056 7.417838306517681e-13
37150.056 1.7354250525670201e-12
37200.056 1.1884857949552487e-11
37250.056 6.3596645822117925e-12
37300.056 8.18169358089798e-13
37350.056 1.4161675769609851e-12
37400.056 2.4020323247444244e-12
37450.056 7.969437678374507e-13
37500.056 2.274046901104406e-12
37550.056 9.950906487262343e-12
37600.056 2.7362698405966124e-11
37650.056 1.8370644365043746e-12
37700.056 4.5090167151011945e-12
37750.056 5.779613751354132e-12
37800.056 2.7052840140005184e-12
37850.056 1.3607108382401726e-12
37900.056 8.892021652965861e-13
37950.056 2.9828480547547093e-12
38000.056 2.8735608552867575e-12
38050.056 1.4055817450663579e-11
38100.056 1.4574116123184747e-11
38150.056 3.4751335867257996e-11
38200.056 1.775467338874853e-11
38250.056 4.2260555903398063e-11
38300.056 8.0082714600771e-11
38350.056 1.59764025502936e-11
38400.056 1.3583530058731381e-12
38450.056 1.960300446705221e-13
38500.056 5.284594421267138e-13
38550.056 7.30269375400782e-12
38600.056 1.2229636104464154e-11
38650.056 1.0446243722433484e-11
38700.056 1.058678498945983e-12
38750.056 6.872038926796219e-12
38800.056 5.3322191380565225e-12
38850.056 1.2621393156461892e-11
38900.056 1.6120292590005486e-11
38950.056 5.078229994358553e-12
39000.056 3.3456321284439834e-11
39050.056 1.9618485099468357e-12
39100.056 8.710920228475377e-12
39150.056 3.434337718154761e-11
39200.056 1.4576352123599273e-11
39250.056 3.542583366783665e-11
39300.056 1.078142797728523e-11
39350.056 5.463176247726065e-11
39400.056 1.1893873708171096e-11
39450.056 3.996392321838729e-11
39500.056 3.352962808182698e-11
39550.056 5.557880461031625e-12
39600.056 4.705771659715953e-11
39650.056 4.4066412431445296e-11
39700.056 6.776735747776651e-11
39750.056 1.1806574282626571e-11
39800.056 9.606176196215763e-12
39850.056 4.570938093415631e-11
39900.056 1.184489395801294e-10
39950.056 1.4663334699856145e-11
40000.056 4.16456730469406e-11
40050.056 5.926220975536341e-11
40100.056 1.1198145317625716e-11
40150.056 5.6108330354200696e-11
40200.056 7.056104399282528e-11
40250.056 8.911372852336769e-11
40300.056 1.1102137520057236e-10
40350.056 3.1404078802758646e-11
40400.056 3.4264303429585584e-11
40450.056 8.264296039777774e-12
40500.056 1.1152146546460851e-10
40550.056 1.0816504823783104e-10
40600.056 9.70199853127999e-11
40650.056 4.010198790462728e-11
40700.056 6.265636580829901e-11
40750.056 5.664194773543343e-11
40800.056 2.7140162544821986e-11
40850.056 2.424912397916685e-10
40900.056 1.9822343051352457e-10
40950.056 1.535824244124363e-10
41000.056 5.692630900378181e-11
41050.056 2.4472727900483785e-10
41100.056 2.0075840320490267e-10
41150.056 2.2572366327984646e-11
41200.056 3.662393719356888e-10
41250.056 1.656050156448028e-10
41300.056 1.2385582111202482e-10
41350.056 4.203009709500396e-10
41400.056 2.6187369482298626e-10
41450.056 4.314424092236096e-10
41500.056 1.9262105803934392e-10
41550.056 1.140082707983598e-10
41600.056 1.5444808130595694e-10
41650.056 4.4780313134451713e-10
41700.056 6.641579425469639e-10
41750.056 4.761009888003126e-10
41800.056 3.8157663861905574e-10
41850.056 3.7620850402829423e-10
41900.056 1.6139643302264576e-10
41950.056 1.6408321825371126e-10
42000.056 6.60722251684763e-12
42050.056 3.975803409909042e-11
42100.056 6.671074230816678e-11
42150.056 1.1738979201673066e-10
42200.056 3.307856119687308e-10
42250.056 2.0512976042914258e-10
42300.056 1.3966057949818942e-10
42350.056 4.683766862733994e-10
42400.056 8.141961428591654e-10
42450.056 1.1288575128401822e-09
42500.056 1.2708440760499314e-09
42550.056 9.013865286358784e-10
42600.056 6.412932175593131e-10
42650.056 9.927704049456608e-10
42700.056 1.9881409515187838e-10
42750.056 1.1412335860012233e-09
42800.056 2.3712052376802005e-09
42850.056 2.0863999948996727e-09
42900.056 1.6326595439952555e-09
42950.056 1.6045719392341672e-09
43000.056 1.9230820677841145e-09
43050.056 6.51602909080564e-10
43100.056 9.337123767301587e-10
43150.056 1.0574011283380525e-09
43200.056 2.539434547890173e-09
43250.056 2.45190772239604e-09
43300.056 2.5305888739800967e-09
43350.056 1.4337999083994299e-09
43400.056 1.890469064456163e-09
43450.056 7.616161661081776e-10
43500.056 4.74309454304658e-10
43550.056 8.844063532930202e-10
43600.056 2.2989465991803004e-09
43650.056 1.2345622513801238e-09
43700.056 2.6085037130111107e-09
43750.056 3.213445124519475e-09
43800.056 1.9082774787206567e-09
43850.056 1.6568990654382382e-09
43900.056 8.754854392513825e-10
43950.056 6.493856199095967e-10
44000.056 9.4387210115986e-10
44050.056 3.0032836900100354e-09
44100.056 3.53403227910004e-09
44150.056 3.3942762215597596e-09
44200.056 3.226831872290181e-09
44250.056 1.3398959637899088e-09
44300.056 9.58801408258103e-10
44350.056 8.412378233370706e-10
44400.056 6.583181671521777e-10
44450.056 2.319349570805404e-09
44500.056 2.2022578546001846e-09
44550.056 2.9514741719999855e-09
44600.056 2.2463800838239023e-09
44650.056 1.8417283409203926e-09
44700.056 1.513814658418644e-09
44750.056 3.07844355119033e-09
44800.056 1.2936762146232275e-09
44850.056 1.595648182836081e-09
44900.056 2.150352277160042e-09
44950.056 2.708800688300521e-09
45000.056 3.987005831500147e-09
45050.056 2.619990227869582e-09
45100.056 2.52074415957998e-09
45150.056 1.6950518758196266e-09
45200.056 1.331932754090114e-09
45250.056 1.7188202627995626e-09
45300.056 1.7118556437921559e-09
45350.056 9.113338827082545e-10
45400.056 4.566772510100401e-09
45450.056 2.6749374691281735e-09
45500.056 4.339984239010212e-09
45550.056 4.3033267276390594e-09
45600.056 3.0751912150004456e-09
45650.056 2.9247749551399224e-09
45700.056 1.6028022719338917e-09
45750.056 1.4815194323701787e-09
45800.056 4.012489314430192e-09
45850.056 2.2834598302462733e-09
45900.056 4.339412986739776e-09
45950.056 5.164013953169686e-09
46000.056 4.142304022710407e-09
46050.056 2.4198232397294855e-09
46100.056 5.760884276599745e-09
46150.056 3.0569438592600016e-09
46200.056 2.0983819316396073e-09
46250.056 6.001542693719911e-10
46300.056 2.643876150700053e-09
46350.056 2.33530010070431e-09
46400.056 2.54214145451013e-09
46450.056 2.0057814665168944e-09
46500.056 2.826879856590312e-09
46550.056 1.0852613711118392e-09
46600.056 1.3204263944458286e-09
46650.056 2.8205916553001203e-09
46700.056 1.8456729461595696e-09
46750.056 5.165589239210559e-10
46800.056 2.659362795499945e-10
46850.056 2.2407233129103987e-09
46900.056 3.267746898069865e-09
46950.056 3.622997623969893e-09
47000.056 3.878322040270311e-09
47050.056 1.7844282185514876e-09
47100.056 1.5368544107301148e-09
47150.056 2.6115430226462894e-09
47200.056 2.8566000869997374e-09
47250.056 1.0696808650647587e-09
47300.056 7.32213103209224e-10
47350.056 2.879640618060374e-09
47400.056 3.2657365456997093e-09
47450.056 1.4782750322749483e-09
47500.056 2.9390713227504177e-09
47550.056 3.2409527806699832e-09
47600.056 1.802712199326733e-09
47650.056 2.304953884542941e-09
47700.056 1.7483360871002958e-09
47750.056 1.4695529962499782e-09
47800.056 8.311662864401102e-10
47850.056 2.6458083417305935e-10
47900.056 5.711196733740379e-10
47950.056 2.0294531887600805e-09
48000.056 2.6605632174097435e-09
48050.056 1.9049816114980854e-09
48100.056 8.444543562221113e-10
48150.056 1.874423512580076e-09
48200.056 7.128289506288276e-10
48250.056 1.1677773329810615e-09
48300.056 2.361944705499957e-09
48350.056 1.1122521423298162e-09
48400.056 1.7436807192645032e-10
48450.056 3.262122716950847e-10
48500.056 7.02718843769874e-10
48550.056 8.957948367411856e-10
48600.056 2.3602412411998166e-09
48650.056 2.942753732599867e-09
48700.056 1.8801252389803718e-09
48750.056 2.084234044000037e-09
48800.056 2.361743136910047e-09
48850.056 9.550386114118524e-10
48900.056 6.604883461659115e-10
48950.056 2.8933543253199124e-10
49000.056 2.0760937360685355e-10
49050.056 8.628409414568931e-10
49100.056 1.5248822553792845e-09
49150.056 1.2703222870511949e-09
49200.056 2.5328409915002308e-09
49250.056 2.3113597192297887e-09
49300.056 1.648070235739895e-09
49350.056 5.064230745932008e-10
49400.056 7.660686565537613e-10
49450.056 6.01844054189119e-10
49500.056 3.8101533817691184e-10
49550.056 7.620520055899816e-11
49600.056 1.6326861603103434e-10
49650.056 7.136849883601719e-10
49700.056 1.0789704246198644e-09
49750.056 5.905490872660075e-10
49800.056 3.5220555473704793e-10
49850.056 1.2081561254401659e-09
49900.056 1.5103803892399465e-09
49950.056 1.3999430091699795e-09
50000.056 4.790851467308467e-10
50050.056 5.363961269400812e-10
50100.056 5.409462862699591e-10
50150.056 1.7302357381796644e-10
50200.056 4.037364209460605e-11
50250.056 1.650583479600035e-10
50300.056 1.1842551489402066e-10
50350.056 6.286924760401107e-10
50400.056 9.483850331498224e-10
50450.056 1.0191813102301945e-09
50500.056 1.4084300217689716e-09
50550.056 1.4464335386000318e-09
50600.056 6.823484776689053e-10
50650.056 1.5879259183001183e-09
50700.056 1.1871919260799082e-09
50750.056 5.596249623499743e-10
50800.056 1.3270111627816933e-10
50850.056 7.041990821002006e-11
50900.056 4.138939166800588e-10
50950.056 5.551132922399416e-10
51000.056 3.292488389230293e-10
51050.056 8.426575278099868e-10
51100.056 2.569256169219657e-10
51150.056 1.797500574020425e-10
51200.056 8.545707136900282e-10
51250.056 6.618656730498943e-10
51300.056 4.1653770327103727e-10
51350.056 2.1101270024235214e-10
51400.056 7.022089012161244e-11
51450.056 7.011832779898481e-11
51500.056 7.404136363841886e-11
51550.056 2.259820043260288e-10
51600.056 3.3432569195008667e-10
51650.056 6.000417107500334e-10
51700.056 4.809368281999027e-10
51750.056 3.0628101856907013e-10
51800.056 7.021857079899908e-10
51850.056 5.352683977499709e-10
51900.056 3.6140793498997845e-10
51950.056 1.737575096859809e-10
52000.056 4.06959195438948e-11
52050.056 9.689340098570088e-11
52100.056 6.600039589599751e-11
52150.056 4.33626006967122e-11
52200.056 1.3897212066800862e-10
52250.056 2.115065956660266e-10
52300.056 1.995204683899858e-10
52350.056 7.117038240959515e-11
52400.056 8.347592100699841e-11
52450.056 2.64334183920016e-10
52500.056 1.635529483319836e-10
52550.056 3.588560388400066e-10
52600.056 4.2777111712001424e-10
52650.056 4.561724809699779e-10
52700.056 2.602491793799648e-10
52750.056 6.974305809618835e-11
52800.056 1.4171266515501548e-10
52850.056 1.598421426119725e-10
52900.056 6.173109810938414e-11
52950.056 9.736120203101375e-11
53000.056 1.856706504250267e-10
53050.056 9.205264763899082e-11
53100.056 2.841819253329927e-10
53150.056 1.6454486732980116e-10
53200.056 9.065505914630469e-11
53250.056 1.175602196956232e-10
53300.056 1.8943403677842689e-10
53350.056 1.5050685793628782e-10
53400.056 1.188149041949669e-10
53450.056 5.657414325799209e-11
53500.056 1.9560418471793274e-11
53550.056 3.3563301598402777e-11
