galfind/configs/Brown_Dwarf_templates/sonora_bobcat/m0.0/17g/sp_t2100g17nc_m0.0_resample.dat
# %ECSV 1.0
# ---
# datatype:
# - {name: wav, unit: Angstrom, datatype: float64}
# - {name: flux_nu, unit: erg / (cm2 Hz s), datatype: float64}
# meta: {C/O: '1.00', Kzz: '1.0000E+05', Teff: '2100.', Y: '0.28', '[Fe/H]': '0.00', f_hole: '1.00', f_rain: '0.00', grav: '18.'}
# schema: astropy-2.0
wav flux_nu
[from data line 500]
29000.056 2.2349829084891035e-06
29050.056 2.282455249219698e-06
29100.056 2.024379289599992e-06
29150.056 2.398752159490243e-06
29200.056 2.2540735486103376e-06
29250.056 2.4562927825400843e-06
29300.056 2.1918776695087313e-06
29350.056 2.6336766844795142e-06
29400.056 2.2683855423698646e-06
29450.056 2.2507030443098403e-06
29500.056 2.4169912333697563e-06
29550.056 2.3131452580102474e-06
29600.056 2.402175331050001e-06
29650.056 2.431027011240042e-06
29700.056 2.1274930886298095e-06
29750.056 2.6397844310311074e-06
29800.056 2.5305969702399337e-06
29850.056 2.4995526650996758e-06
29900.056 2.2653189219805407e-06
29950.056 2.627198594229542e-06
30000.056 2.614064464599085e-06
30050.056 2.4650850883399114e-06
30100.056 2.0002667174994983e-06
30150.056 2.9689442820097248e-06
30200.056 2.695454845470272e-06
30250.056 2.5458354111606945e-06
30300.056 2.651866480049871e-06
30350.056 2.457340402120485e-06
30400.056 2.8707558037804625e-06
30450.056 2.3698015515502813e-06
30500.056 2.3050959595004025e-06
30550.056 3.0181398230006616e-06
30600.056 2.8811048756003094e-06
30650.056 2.836899618320134e-06
30700.056 2.686754560700014e-06
30750.056 2.560613229410139e-06
30800.056 3.028030016050884e-06
30850.056 2.6619472377899455e-06
30900.056 2.7087751361397674e-06
30950.056 2.602265914280325e-06
31000.056 2.9435475307199053e-06
31050.056 2.499056886840046e-06
31100.056 2.8735756994199627e-06
31150.056 2.908417197539742e-06
31200.056 2.9900053571696573e-06
31250.056 3.129800692310629e-06
31300.056 2.818378497499747e-06
31350.056 2.833492624719989e-06
31400.056 2.916231535950521e-06
31450.056 2.9281566416001986e-06
31500.056 3.005856842850581e-06
31550.056 2.7640520148799877e-06
31600.056 2.921390348539865e-06
31650.056 3.0311886488999753e-06
31700.056 3.139295404699939e-06
31750.056 2.7173747124102157e-06
31800.056 3.1158483844002845e-06
31850.056 3.3942386639799377e-06
31900.056 3.2953363956997805e-06
31950.056 2.6899813477996756e-06
32000.056 2.9197391447207224e-06
32050.056 3.3322434620003294e-06
32100.056 3.3379424531696044e-06
32150.056 3.300765284620181e-06
32200.056 3.192366719849921e-06
32250.056 3.0164458064801753e-06
32300.056 3.2948224354101723e-06
32350.056 3.448417340400434e-06
32400.056 3.161411611199981e-06
32450.056 3.0478196325502973e-06
32500.056 3.3140462732002606e-06
32550.056 3.6198934883001452e-06
32600.056 3.5472202833997992e-06
32650.056 3.4573977257010623e-06
32700.056 3.287353200800121e-06
32750.056 3.461248993200028e-06
32800.056 3.2011897952804872e-06
32850.056 3.722624693699723e-06
32900.056 3.5676800090500228e-06
32950.056 3.1209102009198145e-06
33000.056 3.3971318416402826e-06
33050.056 3.469095038219624e-06
33100.056 3.600580962479041e-06
33150.056 3.5601361870802836e-06
33200.056 3.3184590364706807e-06
33250.056 3.5482346283201183e-06
33300.056 3.850396683780263e-06
33350.056 3.5814425473403162e-06
33400.056 3.35595410257967e-06
33450.056 3.670030810298829e-06
33500.056 3.6047160556002714e-06
33550.056 3.5739375433493843e-06
33600.056 3.616819645040665e-06
33650.056 3.7192118899007545e-06
33700.056 3.8650415968794395e-06
33750.056 3.837223374580135e-06
33800.056 3.773615800699962e-06
33850.056 3.6075956574000048e-06
33900.056 4.011201863699511e-06
33950.056 3.573958782799557e-06
34000.056 3.6554354998491542e-06
34050.056 3.7317296003000796e-06
34100.056 3.997967762900476e-06
34150.056 3.8882537044996235e-06
34200.056 3.6775874737994224e-06
34250.056 4.06663545269946e-06
34300.056 3.7935676292994916e-06
34350.056 3.968240332199475e-06
34400.056 3.6514284093095075e-06
34450.056 3.732845039899974e-06
34500.056 3.7937162911007805e-06
34550.056 3.7176884849998103e-06
34600.056 3.877106292200071e-06
34650.056 3.877108501099902e-06
34700.056 3.7087269473994554e-06
34750.056 3.9736011537002885e-06
34800.056 4.134797675399546e-06
34850.056 3.735032399700105e-06
34900.056 4.0118905566003834e-06
34950.056 3.8838624759991335e-06
35000.056 3.7859816559995276e-06
35050.056 4.12780372020055e-06
35100.056 4.03023779709912e-06
35150.056 3.939086908579691e-06
35200.056 4.064279094099645e-06
35250.056 3.6097511055002887e-06
35300.056 3.986111454800384e-06
35350.056 4.175625051299695e-06
35400.056 3.94266278889979e-06
35450.056 3.818248663400353e-06
35500.056 4.076981895299925e-06
35550.056 3.906705622999943e-06
35600.056 3.825200307699283e-06
35650.056 4.217318570700506e-06
35700.056 3.831152463200399e-06
35750.056 3.931415578699709e-06
35800.056 4.062490193699648e-06
35850.056 4.168682761899636e-06
35900.056 4.256911196899527e-06
35950.056 4.1286541613996115e-06
36000.056 3.7756110218995485e-06
36050.056 4.25243243310024e-06
36100.056 4.3871220953999115e-06
36150.056 3.986201690500329e-06
36200.056 4.279059881299517e-06
36250.056 3.966939347399273e-06
36300.056 4.522870347300828e-06
36350.056 4.3625354981993636e-06
36400.056 4.172527012799865e-06
36450.056 4.473030463899647e-06
36500.056 4.199037533700318e-06
36550.056 4.062167846100502e-06
36600.056 4.167138613700415e-06
36650.056 4.299481538000495e-06
36700.056 4.4871162255002124e-06
36750.056 4.198321598800519e-06
36800.056 4.294409696799487e-06
36850.056 4.327150122300112e-06
36900.056 4.418017812100686e-06
36950.056 4.4047978134000615e-06
37000.056 4.44095524160024e-06
37050.056 4.531484601299968e-06
37100.056 4.369348506900342e-06
37150.056 4.3214488620991124e-06
37200.056 4.536717737200129e-06
37250.056 4.549250995400358e-06
37300.056 4.530294542700849e-06
37350.056 4.327068689400572e-06
37400.056 4.526595065799653e-06
37450.056 4.518329112200394e-06
37500.056 4.605148076799787e-06
37550.056 4.479682033799231e-06
37600.056 4.7007407722993896e-06
37650.056 4.341831436999546e-06
37700.056 4.398112553300175e-06
37750.056 4.70596681119928e-06
37800.056 4.800402999499939e-06
37850.056 4.591725299999771e-06
37900.056 4.6892881027003315e-06
37950.056 4.726731616300265e-06
38000.056 4.590070494800651e-06
38050.056 4.6405159923003124e-06
38100.056 4.48739057390019e-06
38150.056 4.79415921939932e-06
38200.056 4.908509905899327e-06
38250.056 4.569405082500615e-06
38300.056 4.5058830911999244e-06
38350.056 4.701125849899939e-06
38400.056 4.734231256299803e-06
38450.056 4.723012555400486e-06
38500.056 4.659493105199757e-06
38550.056 4.6707894974003355e-06
38600.056 5.02335624829975e-06
38650.056 4.4666147618001965e-06
38700.056 4.56718521860062e-06
38750.056 4.790158339200019e-06
38800.056 4.681535953600651e-06
38850.056 4.716526813300297e-06
38900.056 4.555498735799913e-06
38950.056 4.751412645399557e-06
39000.056 4.676711704400156e-06
39050.056 4.7195966093999465e-06
39100.056 4.491586880199916e-06
39150.056 4.625312934200249e-06
39200.056 4.758097765700213e-06
39250.056 4.737081090299322e-06
39300.056 4.7378672148991575e-06
39350.056 4.695030723400506e-06
39400.056 4.5990610221001566e-06
39450.056 4.633836383999726e-06
39500.056 4.608261098899863e-06
39550.056 4.515399636099057e-06
39600.056 4.875937520900356e-06
39650.056 4.4773237202001284e-06
39700.056 4.654612778199923e-06
39750.056 4.62928203939951e-06
39800.056 4.421727312500283e-06
39850.056 4.536837690699753e-06
39900.056 4.443631287499738e-06
39950.056 4.651462091999828e-06
40000.056 4.382454876099737e-06
40050.056 4.069261592099866e-06
40100.056 4.398309883899734e-06
40150.056 4.114038546299184e-06
40200.056 4.309089553599639e-06
40250.056 4.333056114198707e-06
40300.056 3.963560264000308e-06
40350.056 4.193974638800243e-06
40400.056 4.287784757799858e-06
40450.056 3.937759182600929e-06
40500.056 3.7341098835999796e-06
40550.056 4.3166219076997765e-06
40600.056 3.942354639300286e-06
40650.056 4.039698904100932e-06
40700.056 4.232727630000355e-06
40750.056 3.7500099815989524e-06
40800.056 3.7176398614005626e-06
40850.056 3.528711253400785e-06
40900.056 3.4759691797007075e-06
40950.056 3.7882301048999847e-06
41000.056 3.943895948000432e-06
41050.056 3.8090522710992518e-06
41100.056 3.6390104121006367e-06
41150.056 3.930915205400209e-06
41200.056 3.6372043137000693e-06
41250.056 3.739925209500217e-06
41300.056 3.2934672704996753e-06
41350.056 3.8383152284002315e-06
41400.056 3.6832875564999474e-06
41450.056 3.4859059479999406e-06
41500.056 3.7711462762000276e-06
41550.056 3.750105876820035e-06
41600.056 3.928692883399875e-06
41650.056 3.4466467187005573e-06
41700.056 3.3518021006996656e-06
41750.056 3.570878472300073e-06
41800.056 3.3697928361997276e-06
41850.056 3.2188574296003946e-06
41900.056 3.6268001417994197e-06
41950.056 3.213019512000522e-06
42000.056 3.4813929236002674e-06
42050.056 3.218473655098831e-06
42100.056 3.5431234827003936e-06
42150.056 3.014886000969148e-06
42200.056 3.1079216328701625e-06
42250.056 3.2982632380998564e-06
42300.056 2.9976831750000497e-06
42350.056 3.3908774075006514e-06
42400.056 3.047060675900275e-06
42450.056 2.6148900470002238e-06
42500.056 2.8055827344002935e-06
42550.056 3.0524045993997865e-06
42600.056 2.9255498930004686e-06
42650.056 2.7295054040989262e-06
42700.056 2.9956632346009244e-06
42750.056 2.806549958500099e-06
42800.056 2.802017984840409e-06
42850.056 2.9983532958997693e-06
42900.056 2.907630338500266e-06
42950.056 2.6493235626987644e-06
43000.056 2.812423313299862e-06
43050.056 2.7608536077512632e-06
43100.056 2.855999902999608e-06
43150.056 2.9664411197806966e-06
43200.056 2.8293603155000456e-06
43250.056 2.800452455700472e-06
43300.056 2.9061998334002116e-06
43350.056 2.707479801409705e-06
43400.056 2.661082739019785e-06
43450.056 2.7519367187009696e-06
43500.056 2.6616266290993417e-06
43550.056 2.7947634475599163e-06
43600.056 2.8760330071000067e-06
43650.056 2.6278367764405156e-06
43700.056 2.549153025299811e-06
43750.056 2.6347111844000785e-06
43800.056 2.565022479800073e-06
43850.056 2.65492750120047e-06
43900.056 2.6544224073999084e-06
43950.056 2.5416133804904924e-06
44000.056 2.3977909267503522e-06
44050.056 2.4303231395000713e-06
44100.056 2.511051478500576e-06
44150.056 2.6834896364994592e-06
44200.056 2.5297447714000405e-06
44250.056 2.374326971919851e-06
44300.056 2.3337865003804776e-06
44350.056 2.407324639620049e-06
44400.056 2.3800227548600957e-06
44450.056 2.548424305100047e-06
44500.056 2.6195380031005695e-06
44550.056 2.332855834659446e-06
44600.056 2.404191306480333e-06
44650.056 2.53199161388019e-06
44700.056 2.325321227580303e-06
44750.056 2.5420394403796447e-06
44800.056 2.550508415579867e-06
44850.056 2.595317724600113e-06
44900.056 2.437955074500452e-06
44950.056 2.260966120099921e-06
45000.056 2.487714299099969e-06
45050.056 2.464511925789633e-06
45100.056 2.5306234950997175e-06
45150.056 2.5038769285900593e-06
45200.056 2.3045246724598426e-06
45250.056 2.3611447676295115e-06
45300.056 2.345097363590099e-06
45350.056 2.548918309929537e-06
45400.056 2.5065235520003294e-06
45450.056 2.3169291693996624e-06
45500.056 2.286995291579949e-06
45550.056 2.523544616419573e-06
45600.056 2.433880026189917e-06
45650.056 2.19185088622926e-06
45700.056 2.372862877410351e-06
45750.056 2.377961316679779e-06
45800.056 2.3702302852199565e-06
45850.056 2.577206884450086e-06
45900.056 2.5793830106600934e-06
45950.056 2.2968927091998906e-06
46000.056 2.560720173529982e-06
46050.056 2.5399877904705376e-06
46100.056 2.3211021209501268e-06
46150.056 2.3760010640099813e-06
46200.056 2.624163794130541e-06
46250.056 2.234293846389843e-06
46300.056 2.619827689009819e-06
46350.056 2.174210039069799e-06
46400.056 2.3742919272896763e-06
46450.056 2.293921582310605e-06
46500.056 2.2609375733900104e-06
46550.056 2.497759907539813e-06
46600.056 2.278878487859717e-06
46650.056 2.7361413785600644e-06
46700.056 2.5416772977406226e-06
46750.056 2.2439700096298782e-06
46800.056 2.4593671944104255e-06
46850.056 2.485902805670061e-06
46900.056 2.4282701925394892e-06
46950.056 2.5243465726902324e-06
47000.056 2.4837763647900044e-06
47050.056 2.4389663361196478e-06
47100.056 2.3884304544601418e-06
47150.056 2.408802093620525e-06
47200.056 2.3864546825006334e-06
47250.056 2.3807799808691955e-06
47300.056 2.323352093039287e-06
47350.056 2.1437950111395626e-06
47400.056 2.4665556711993933e-06
47450.056 2.568739410379802e-06
47500.056 2.332628338829249e-06
47550.056 2.3696003457993522e-06
47600.056 2.5431269729599935e-06
47650.056 1.99453807418948e-06
47700.056 2.51573360808017e-06
47750.056 1.9463849604306127e-06
47800.056 2.5418957399997505e-06
47850.056 2.128746291619018e-06
47900.056 2.5878614769701562e-06
47950.056 2.0171862069405916e-06
48000.056 2.6759092764000573e-06
48050.056 2.150281429930527e-06
48100.056 2.231731861140057e-06
48150.056 2.1441089803802343e-06
48200.056 2.537467998270806e-06
48250.056 2.2163523267995815e-06
48300.056 2.6613270339997246e-06
48350.056 2.0067599970396357e-06
48400.056 2.5478663132699624e-06
48450.056 2.3079841769502278e-06
48500.056 2.6220545197000826e-06
48550.056 2.1293416775100472e-06
48600.056 2.442348167899766e-06
48650.056 2.037433566260004e-06
48700.056 2.2965284182200404e-06
48750.056 1.9538369374904353e-06
48800.056 2.6566978008201223e-06
48850.056 2.1439203881896263e-06
48900.056 2.4543694432999996e-06
48950.056 2.391576467100444e-06
49000.056 2.2805700193798604e-06
49050.056 2.2839429392997796e-06
49100.056 2.2733587223800456e-06
49150.056 2.2675549841202027e-06
49200.056 2.4405982761999867e-06
49250.056 2.2943577748702437e-06
49300.056 2.1564985460596917e-06
49350.056 2.0507584419001002e-06
49400.056 2.445106666640461e-06
49450.056 2.1869935233304935e-06
49500.056 2.2570374889003547e-06
49550.056 2.0890002938100218e-06
49600.056 2.1598669211904473e-06
49650.056 2.1656519309004415e-06
49700.056 1.9283848751897895e-06
49750.056 2.550604862999429e-06
49800.056 2.2649582371800148e-06
49850.056 2.465140004360041e-06
49900.056 2.138723133800123e-06
49950.056 2.310681941219152e-06
50000.056 2.143957353179499e-06
50050.056 2.2687737073901525e-06
50100.056 2.2494858997197404e-06
50150.056 2.137963947879901e-06
50200.056 1.9283000136801227e-06
50250.056 2.009251733910146e-06
50300.056 2.059886726639568e-06
50350.056 2.170574382510001e-06
50400.056 2.154020943260175e-06
50450.056 2.027404859020208e-06
50500.056 2.5240748186004037e-06
50550.056 2.170252402739819e-06
50600.056 2.200098329860237e-06
50650.056 2.1560348695005926e-06
50700.056 2.2515448348992256e-06
50750.056 2.144525199820254e-06
50800.056 1.9887308390999904e-06
50850.056 2.1078796054803128e-06
50900.056 2.0758469469499647e-06
50950.056 2.299813127300331e-06
51000.056 2.4178748522902553e-06
51050.056 1.9736600186604154e-06
51100.056 1.990296194659873e-06
51150.056 2.1940071902001265e-06
51200.056 2.138389937699802e-06
51250.056 2.2511780305400494e-06
51300.056 2.070415998780645e-06
51350.056 2.1902912268796905e-06
51400.056 2.0910424132894036e-06
51450.056 1.6616257233798036e-06
51500.056 2.190160245669832e-06
51550.056 2.4376074858802287e-06
51600.056 1.835856308219905e-06
51650.056 2.1084858626996733e-06
51700.056 1.87139270055941e-06
51750.056 1.953844203640154e-06
51800.056 2.1180424110997763e-06
51850.056 2.2038555892999957e-06
51900.056 2.257894369700292e-06
51950.056 2.01706857547976e-06
52000.056 1.9168073672599533e-06
52050.056 2.1671789152698503e-06
52100.056 2.106692222769451e-06
52150.056 2.1020505788204008e-06
52200.056 2.016434128540113e-06
52250.056 1.9811444973899726e-06
52300.056 2.0241681481799844e-06
52350.056 2.3417083209002466e-06
52400.056 1.8813871180599155e-06
52450.056 2.030336352989932e-06
52500.056 2.1154768131493187e-06
52550.056 1.965944244349473e-06
52600.056 2.1128457086201888e-06
52650.056 2.3527526609404835e-06
52700.056 2.0761218837100666e-06
52750.056 1.7147993185798232e-06
52800.056 1.9300748807802803e-06
52850.056 1.863339670829856e-06
52900.056 2.0085833167603224e-06
52950.056 1.98965743119954e-06
53000.056 2.1498895768397165e-06
53050.056 2.0921404972397142e-06
53100.056 1.8125752747594928e-06
53150.056 2.1805548642004907e-06
53200.056 1.7285998311503483e-06
53250.056 2.3241256884998946e-06
53300.056 2.1684423185007623e-06
53350.056 2.203891868079834e-06
53400.056 1.947175746900158e-06
53450.056 1.8434018113999994e-06
53500.056 1.7870574022496878e-06
53550.056 2.126276397779907e-06
