galfind/configs/Brown_Dwarf_templates/sonora_bobcat/m0.0/17g/sp_t1800g17nc_m0.0_resample.dat
# %ECSV 1.0
# ---
# datatype:
# - {name: wav, unit: Angstrom, datatype: float64}
# - {name: flux_nu, unit: erg / (cm2 Hz s), datatype: float64}
# meta: {C/O: '1.00', Kzz: '1.0000E+05', Teff: '1800.', Y: '0.28', '[Fe/H]': '0.00', f_hole: '1.00', f_rain: '0.00', grav: '18.'}
# schema: astropy-2.0
wav flux_nu
4000.0559999999996 nan
4050.0559999999996 1.3961796414502855e-09
4100.056 1.56246813332903e-09
4150.056 1.0815710980523467e-09
4200.056 7.48984864966614e-10
4250.056 6.565099340615507e-10
4300.056 3.9768717200116947e-10
4350.056 4.818332728599747e-10
4400.056 4.949356431191308e-10
4450.056 3.059352000180089e-10
4500.056 3.5181938290302237e-10
4550.056 4.573419377358727e-10
4600.056 4.244674563379765e-10
4650.056 3.5609375570703463e-10
4700.056 4.2674055139311333e-10
4750.056 5.538210042018952e-10
4800.056 4.069143308610113e-10
4850.056 5.047553179220716e-10
4900.056 9.153446338699342e-10
4950.056 1.120839490090115e-09
5000.056 6.092075610649733e-10
5050.056 7.021794246301153e-10
5100.056 1.2138579507362596e-09
5150.056 1.354535659243565e-09
5200.056 9.030192972260065e-10
5250.056 1.0759465922600455e-09
5300.056 1.2757935276400481e-09
5350.056 1.3251714999702123e-09
5400.056 1.544924919019995e-09
5450.056 1.3056092484098898e-09
5500.056 1.0117868034799055e-09
5550.056 1.1912492822998436e-09
5600.056 1.0828370293100397e-09
5650.056 9.676333740199956e-10
5700.056 9.118877111300124e-10
5750.056 6.105345607199636e-10
5800.056 3.7781866654998664e-10
5850.056 1.1010421756339664e-10
5900.056 6.782375668557556e-12
5950.056 2.603177751940028e-10
6000.056 9.32205146270003e-10
6050.056 2.0177556907000656e-09
6100.056 2.9150062405102005e-09
6150.056 3.653743180499684e-09
6200.056 3.5640016300000617e-09
6250.056 4.460624328700192e-09
6300.056 6.138964379500148e-09
6350.056 7.755725440800153e-09
6400.056 9.571414461200054e-09
6450.056 1.2135148946998406e-08
6500.056 1.1926961289798475e-08
6550.056 1.3907445342497153e-08
6600.056 1.3311967994400934e-08
6650.056 1.2829117534101268e-08
6700.056 1.0099312932610044e-08
6750.056 1.4258656542600932e-08
6800.056 1.641983810410038e-08
6850.056 2.0095099228999616e-08
6900.056 2.25419183155002e-08
6950.056 2.4710066754997532e-08
7000.056 2.9572066362996856e-08
7050.056 2.846954334470182e-08
7100.056 2.1542324063398543e-08
7150.056 2.040152301890105e-08
7200.056 2.6549059517999413e-08
7250.056 3.5752347625002023e-08
7300.056 5.1243230436006337e-08
7350.056 6.220049069400304e-08
7400.056 6.274557900600528e-08
7450.056 5.7878934016981764e-08
7500.056 6.205790910199731e-08
7550.056 7.09703725760022e-08
7600.056 5.2764311603995926e-08
7650.056 1.1326607470438843e-08
7700.056 4.386067883501112e-09
7750.056 3.8168187002002913e-08
7800.056 5.76737443615803e-08
7850.056 7.083633725999969e-08
7900.056 7.111427750201537e-08
7950.056 6.48003661550018e-08
8000.056 7.784995483399357e-08
8050.056 1.1484057290998328e-07
8100.056 1.8279905645004355e-07
8150.056 2.846572327980262e-07
8200.056 2.4133302521576896e-07
8250.056 2.6029780170900314e-07
8300.056 2.201961383450599e-07
8350.056 2.403532211880557e-07
8400.056 2.5124772244602444e-07
8450.056 1.6755901779396094e-07
8500.056 1.5379917510293307e-07
8550.056 1.7803341699001551e-07
8600.056 1.9413694927192628e-07
8650.056 2.210103780929643e-07
8700.056 2.466802394681062e-07
8750.056 3.134059463350235e-07
8800.056 4.475254284871018e-07
8850.056 4.6433520229005214e-07
8900.056 3.3762224180996287e-07
8950.056 3.5787440905447107e-07
9000.056 4.62577081210065e-07
9050.056 5.057160168158598e-07
9100.056 6.517523908200306e-07
9150.056 7.595097744300076e-07
9200.056 7.184734499260034e-07
9250.056 4.358637003369247e-07
9300.056 3.372016444220367e-07
9350.056 3.8460298037909934e-07
9400.056 4.3949719915603256e-07
9450.056 5.026446049135639e-07
9500.056 5.984393987118995e-07
9550.056 6.982184950115636e-07
9600.056 7.125359411252433e-07
9650.056 8.363840518108768e-07
9700.056 9.167964451211619e-07
9750.056 7.063265539053776e-07
9800.056 8.093473994768704e-07
9850.056 8.20978426420884e-07
9900.056 8.103733506580324e-07
9950.056 8.169881978590024e-07
10000.056 8.321270933198576e-07
10050.056 8.278953077650341e-07
10100.056 1.0307487175203295e-06
10150.056 1.003184323979717e-06
10200.056 1.0999839766898746e-06
10250.056 1.0885570325495967e-06
10300.056 1.1141068256196992e-06
10350.056 1.2821464554397546e-06
10400.056 1.3820665717699073e-06
10450.056 1.481572336880255e-06
10500.056 1.3769044728998332e-06
10550.056 1.3712737205304767e-06
10600.056 1.4895646404704022e-06
10650.056 1.6331725088198916e-06
10700.056 1.8193065896701318e-06
10750.056 2.0195247959001056e-06
10800.056 2.155065498109893e-06
10850.056 2.358077071419765e-06
10900.056 2.2095086229997266e-06
10950.056 1.9571388139135635e-06
11000.056 1.897274176129056e-06
11050.056 1.3676079206110809e-06
11100.056 1.4941150694727854e-06
11150.056 1.5393570747534195e-06
11200.056 1.5623901317045374e-06
11250.056 1.7778757839769427e-06
11300.056 1.7904095517336172e-06
11350.056 1.6048305710421347e-06
11400.056 1.4674208870299756e-06
11450.056 1.7378043482758668e-06
11500.056 1.9320778455599376e-06
11550.056 1.8491046975098897e-06
11600.056 1.951631450234397e-06
11650.056 2.049125934959685e-06
11700.056 1.7327583780196774e-06
11750.056 1.7253682923728556e-06
11800.056 1.730301755447961e-06
11850.056 2.0559942423482e-06
11900.056 2.0826801999214506e-06
11950.056 2.212316309100746e-06
12000.056 2.1432139647801808e-06
12050.056 2.3669764154405173e-06
12100.056 2.398608282959875e-06
12150.056 2.634545323929805e-06
12200.056 2.753830413479561e-06
12250.056 2.938279167129415e-06
12300.056 3.0630602318606014e-06
12350.056 3.141874490670414e-06
12400.056 2.9574724027396953e-06
12450.056 2.5547557266060646e-06
12500.056 2.8010735800294954e-06
12550.056 2.844492113425004e-06
12600.056 2.964763142710106e-06
12650.056 3.1376649742196173e-06
12700.056 3.3190895168798726e-06
12750.056 3.3012398495603253e-06
12800.056 3.5484981517998013e-06
12850.056 3.4729267073403148e-06
12900.056 3.3916250552396004e-06
12950.056 3.550043926949189e-06
13000.056 3.5949045875090667e-06
13050.056 3.6353565946017206e-06
13100.056 3.592740648733386e-06
13150.056 3.563383090873661e-06
13200.056 3.3999651074296166e-06
13250.056 3.1715467090671244e-06
13300.056 2.623092233911815e-06
13350.056 1.6254140412121129e-06
13400.056 1.4662980873763765e-06
13450.056 1.256324497328259e-06
13500.056 1.2505656837802076e-06
13550.056 1.167693152184813e-06
13600.056 1.0005272862006868e-06
13650.056 1.1014760902066594e-06
13700.056 9.478904305842935e-07
13750.056 9.195749493342931e-07
13800.056 1.0757378443018844e-06
13850.056 1.0822046529228781e-06
13900.056 1.081061649998594e-06
13950.056 1.0236686518850803e-06
14000.056 9.50313835079322e-07
14050.056 9.480243701609665e-07
14100.056 8.541274110601471e-07
14150.056 8.356391406501584e-07
14200.056 7.941533767272024e-07
14250.056 7.787651743495456e-07
14300.056 7.999616887351555e-07
14350.056 7.846873035028056e-07
14400.056 8.646411021304547e-07
14450.056 9.081055499676295e-07
14500.056 1.0266722846042808e-06
14550.056 1.0502597306763242e-06
14600.056 1.0871972121255095e-06
14650.056 1.0753000625605597e-06
14700.056 9.904537826568039e-07
14750.056 1.0628703457582835e-06
14800.056 1.1178360217164129e-06
14850.056 1.206717673952488e-06
14900.056 1.2374209957400582e-06
14950.056 1.2398220281741833e-06
15000.056 1.2879858695824498e-06
15050.056 1.418548991221506e-06
15100.056 1.4371455608792599e-06
15150.056 1.5355709365051467e-06
15200.056 1.581587074073883e-06
15250.056 1.5885954892527906e-06
15300.056 1.708742009145864e-06
15350.056 1.7509423465100607e-06
15400.056 1.8382422366900984e-06
15450.056 1.9488466728502625e-06
15500.056 1.988942838129478e-06
15550.056 2.1261854252399e-06
15600.056 2.0977838965503136e-06
15650.056 2.229870807780103e-06
15700.056 2.4268510018910956e-06
15750.056 2.541523344469815e-06
15800.056 2.5631516520608295e-06
15850.056 2.5805181815200396e-06
15900.056 2.640907454880538e-06
15950.056 2.7549537777998606e-06
16000.056 2.8330913187398122e-06
16050.056 2.943465574300143e-06
16100.056 3.0591876282403523e-06
16150.056 3.0648612834003424e-06
16200.056 3.19063290083962e-06
16250.056 3.2508912928499296e-06
16300.056 3.274735620190048e-06
16350.056 3.4635635279197894e-06
16400.056 3.458103045340827e-06
16450.056 3.541932471770134e-06
16500.056 3.6813820860607357e-06
16550.056 3.835464535849853e-06
16600.056 3.673175341050784e-06
16650.056 4.017797019760237e-06
16700.056 3.915834051649218e-06
16750.056 4.017684754549285e-06
16800.056 4.17142015800022e-06
16850.056 4.137992941339926e-06
16900.056 4.052134517120259e-06
16950.056 4.037897008099508e-06
17000.056 4.002862959580603e-06
17050.056 3.924678166690126e-06
17100.056 3.6679326065508175e-06
17150.056 3.5712684890795215e-06
17200.056 3.2637621774897895e-06
17250.056 3.095213750599812e-06
17300.056 3.1647480511293685e-06
17350.056 2.969378745728145e-06
17400.056 3.1176336536201963e-06
17450.056 2.8799729599432553e-06
17500.056 2.730777083216798e-06
17550.056 2.759388168951972e-06
17600.056 2.613954056087066e-06
17650.056 2.6437833239413354e-06
17700.056 2.2992579184946856e-06
17750.056 2.162712839555161e-06
17800.056 2.1835157670315054e-06
17850.056 2.0254518290213135e-06
17900.056 2.005042855951871e-06
17950.056 1.961090235137286e-06
18000.056 1.765119034391153e-06
18050.056 1.7808412175029632e-06
18100.056 1.697725730275078e-06
18150.056 1.9171503490877478e-06
18200.056 1.5604344067275238e-06
18250.056 1.8386236769443788e-06
18300.056 1.7786664965579063e-06
18350.056 1.6283059996794716e-06
18400.056 1.621068069353286e-06
18450.056 1.4794967219645366e-06
18500.056 1.5095324502005546e-06
18550.056 1.4218943439333795e-06
18600.056 1.2041711543009544e-06
18650.056 1.4000677787135473e-06
18700.056 1.497389706740243e-06
18750.056 1.4157050034853453e-06
18800.056 1.4713340673676748e-06
18850.056 1.6905615617168236e-06
18900.056 1.6413381926011392e-06
18950.056 1.6267562410429484e-06
19000.056 1.75589007049063e-06
19050.056 1.7072499488439557e-06
19100.056 1.7414835203616959e-06
19150.056 1.838877729918908e-06
19200.056 1.805829834458864e-06
19250.056 1.7216434390713635e-06
19300.056 1.7876461692450984e-06
19350.056 1.7846783024891781e-06
19400.056 1.625165232423197e-06
19450.056 1.821328917235386e-06
19500.056 1.7839440231856064e-06
19550.056 1.5496368250828352e-06
19600.056 1.8225024737388777e-06
19650.056 1.7876926650625036e-06
19700.056 1.8068675013053185e-06
19750.056 1.7029219623603849e-06
19800.056 1.7600579785255815e-06
19850.056 1.780501920250505e-06
19900.056 1.6023026040054852e-06
19950.056 1.869452608202156e-06
20000.056 1.6484928639984043e-06
20050.056 1.7484357100731722e-06
20100.056 1.882197788993573e-06
20150.056 1.805918969722009e-06
20200.056 1.8702862209691847e-06
20250.056 1.9877489237951964e-06
20300.056 1.977802058679978e-06
20350.056 2.020994623839811e-06
20400.056 1.9995070252009353e-06
20450.056 2.191886308269834e-06
20500.056 2.1327055211103793e-06
20550.056 2.1984744407701522e-06
20600.056 2.3632830208206027e-06
20650.056 2.3058970094808706e-06
20700.056 2.4034740814801066e-06
20750.056 2.4727692092294306e-06
20800.056 2.5716485349003466e-06
20850.056 2.5809902726297857e-06
20900.056 2.689076074249616e-06
20950.056 2.7413990899600073e-06
21000.056 2.910966106899813e-06
21050.056 2.8955157955401435e-06
21100.056 2.9713797162599414e-06
21150.056 3.1654053657702537e-06
21200.056 3.1218071559703996e-06
21250.056 3.2977102305296288e-06
21300.056 3.1960206124797986e-06
21350.056 3.4637183355901424e-06
21400.056 3.3260336043405106e-06
21450.056 3.680635445020041e-06
21500.056 3.4940458345502978e-06
21550.056 3.5898519693097687e-06
21600.056 3.7210699369205046e-06
21650.056 3.681299941510533e-06
21700.056 3.906198821299787e-06
21750.056 3.816136167069864e-06
21800.056 3.8082380609797865e-06
21850.056 3.859508124909722e-06
21900.056 3.9787232884606245e-06
21950.056 3.918270976360406e-06
22000.056 4.089284927399879e-06
22050.056 3.920110812399234e-06
22100.056 4.103404069469906e-06
22150.056 4.120149045590423e-06
22200.056 3.978611928601341e-06
22250.056 4.200753375730323e-06
22300.056 4.167178160709527e-06
22350.056 4.069468653210371e-06
22400.056 4.294932130640335e-06
22450.056 4.238378137019224e-06
22500.056 4.316936395129613e-06
22550.056 4.22417854176895e-06
22600.056 4.247467667539831e-06
22650.056 4.244192577951262e-06
22700.056 4.237971049721261e-06
22750.056 4.383711798539705e-06
22800.056 4.192434217010096e-06
22850.056 4.257923578530686e-06
22900.056 4.423244655979707e-06
22950.056 3.2025436111805258e-06
23000.056 3.643679622530335e-06
23050.056 3.7709908692582364e-06
23100.056 3.571768357602655e-06
23150.056 3.695953414393902e-06
23200.056 3.7325788273900574e-06
23250.056 3.0457343259799826e-06
23300.056 3.3190704448802236e-06
23350.056 3.395494151739136e-06
23400.056 3.2411491196560776e-06
23450.056 3.3975649266716377e-06
23500.056 3.215649544704097e-06
23550.056 2.8871295564990777e-06
23600.056 2.9599336114798483e-06
23650.056 3.1544977887076974e-06
23700.056 3.1484254576149316e-06
23750.056 3.0634001241264593e-06
23800.056 3.0323476883146185e-06
23850.056 2.573293530840381e-06
23900.056 2.8545899347234257e-06
23950.056 2.928733378441219e-06
24000.056 2.7309945664935675e-06
24050.056 2.722278337610195e-06
24100.056 2.453937620514222e-06
24150.056 2.3815500567886507e-06
24200.056 2.4250297138069486e-06
24250.056 2.3386614111306536e-06
24300.056 2.2185278944500703e-06
24350.056 2.0999045336512284e-06
24400.056 2.3056450650295436e-06
24450.056 2.05641545921175e-06
24500.056 1.872335694060777e-06
24550.056 1.8610895359358608e-06
24600.056 1.9025436132544355e-06
24650.056 2.0558504162076974e-06
24700.056 1.7265740203418956e-06
24750.056 1.6241205065178112e-06
24800.056 1.5537365316735196e-06
24850.056 1.8200545250729076e-06
24900.056 1.4099223702520794e-06
24950.056 1.7503168146416268e-06
25000.056 1.5286619831880012e-06
25050.056 1.2393739449173878e-06
25100.056 1.4782435005500637e-06
25150.056 1.2367693961031414e-06
25200.056 1.355391466470446e-06
25250.056 1.2817514870446488e-06
25300.056 1.3818563773170693e-06
25350.056 1.1316112945390962e-06
25400.056 1.27353748610265e-06
25450.056 1.142277360693071e-06
25500.056 1.2176911583544762e-06
25550.056 1.1250361820612697e-06
25600.056 1.164620624207231e-06
25650.056 1.0424260513099915e-06
25700.056 1.3004222152573778e-06
25750.056 9.6142537407112e-07
25800.056 1.256056488378355e-06
25850.056 1.100792727815779e-06
25900.056 1.2410330467762679e-06
25950.056 1.0832339285868739e-06
26000.056 1.232897278360368e-06
26050.056 1.3534054706751682e-06
26100.056 1.2848746958070695e-06
26150.056 1.3053426372404534e-06
26200.056 1.235169629214077e-06
26250.056 1.2347852646635435e-06
26300.056 1.2757349172641619e-06
26350.056 1.2421419691578027e-06
26400.056 1.3067489654033732e-06
26450.056 1.2967783101842166e-06
26500.056 1.3543765687292935e-06
26550.056 1.3124224424734836e-06
26600.056 1.5429999405584523e-06
26650.056 1.209008070225801e-06
26700.056 1.2150454015220017e-06
26750.056 1.116817908878469e-06
26800.056 1.2526605840474297e-06
26850.056 1.0335671819700207e-06
26900.056 1.3290595023702014e-06
26950.056 9.310651883999923e-07
27000.056 1.2639807901005463e-06
27050.056 1.053727045219999e-06
27100.056 1.0695621772297977e-06
27150.056 1.1430877802498898e-06
27200.056 1.1240037170905258e-06
27250.056 1.0548511472206394e-06
27300.056 1.1871308120898624e-06
27350.056 1.1796542803794848e-06
27400.056 9.98844686409998e-07
27450.056 1.300071548029272e-06
27500.056 1.1813331626798897e-06
27550.056 1.1427584967299752e-06
27600.056 1.3215629189996744e-06
27650.056 1.0129537242797815e-06
27700.056 1.0087302194901972e-06
27750.056 1.3080858013590732e-06
27800.056 9.369509005597665e-07
27850.056 1.0793444883891246e-06
27900.056 1.106223833760237e-06
27950.056 1.2508653567798606e-06
28000.056 1.2226932481004507e-06
28050.056 9.320133447703044e-07
28100.056 1.3309756520506416e-06
28150.056 1.0698799706800284e-06
28200.056 9.147831103201213e-07
28250.056 1.1511109625501052e-06
28300.056 1.3275068761501787e-06
28350.056 1.087026867289492e-06
28400.056 1.0969072879799374e-06
28450.056 1.120437618279649e-06
28500.056 1.1634024536697414e-06
28550.056 8.755805826296176e-07
28600.056 1.3244600925799589e-06
28650.056 1.2421278265297402e-06
28700.056 1.1256567992995589e-06
