galfind/configs/Brown_Dwarf_templates/sonora_bobcat/m0.0/17g/sp_t1500g17nc_m0.0_resample.dat
# %ECSV 1.0
# ---
# datatype:
# - {name: wav, unit: Angstrom, datatype: float64}
# - {name: flux_nu, unit: erg / (cm2 Hz s), datatype: float64}
# meta: {C/O: '1.00', Kzz: '1.0000E+05', Teff: '1500.', Y: '0.28', '[Fe/H]': '0.00', f_hole: '1.00', f_rain: '0.00', grav: '18.'}
# schema: astropy-2.0
wav flux_nu
[from data line 500]
29000.056 5.806170708028414e-07
29050.056 5.967688699598603e-07
29100.056 5.015590307790525e-07
29150.056 6.475399854701851e-07
29200.056 5.725817647572072e-07
29250.056 6.791386626940294e-07
29300.056 5.393587985086831e-07
29350.056 7.815465366897893e-07
29400.056 6.03243577437848e-07
29450.056 6.392759404369733e-07
29500.056 6.674615868089395e-07
29550.056 6.367894764920297e-07
29600.056 6.864110633559046e-07
29650.056 6.687423711459426e-07
29700.056 5.762208605148537e-07
29750.056 7.474656076244681e-07
29800.056 7.467398976229793e-07
29850.056 7.316300046459122e-07
29900.056 6.597330565301619e-07
29950.056 7.684009247698902e-07
30000.056 7.62818496786873e-07
30050.056 7.150686142998772e-07
30100.056 5.9574722981983e-07
30150.056 8.983985401699101e-07
30200.056 7.65760754210071e-07
30250.056 8.009343073702963e-07
30300.056 7.976011003698979e-07
30350.056 7.035882308900855e-07
30400.056 8.884659333301769e-07
30450.056 7.049624463800543e-07
30500.056 6.353296793701261e-07
30550.056 8.617064304002331e-07
30600.056 8.453860064101232e-07
30650.056 8.408867702399702e-07
30700.056 7.82662711249999e-07
30750.056 7.393984007800378e-07
30800.056 8.446351822101686e-07
30850.056 7.047433206699208e-07
30900.056 7.343147024999323e-07
30950.056 6.832933404101028e-07
31000.056 7.40988449029945e-07
31050.056 6.722807240799895e-07
31100.056 6.601554628799486e-07
31150.056 7.444685098998568e-07
31200.056 7.460377159799444e-07
31250.056 7.355440334700379e-07
31300.056 6.803562917898901e-07
31350.056 6.594580074999781e-07
31400.056 6.274256487601708e-07
31450.056 6.267832830699957e-07
31500.056 6.571763375999948e-07
31550.056 6.079297924900293e-07
31600.056 5.994580310399359e-07
31650.056 5.999644471699883e-07
31700.056 6.065864693999512e-07
31750.056 5.398820192301535e-07
31800.056 6.461309755499952e-07
31850.056 6.36994023470068e-07
31900.056 7.093492156799727e-07
31950.056 4.925515015499536e-07
32000.056 5.949347686800321e-07
32050.056 7.055126360200292e-07
32100.056 6.690835717699604e-07
32150.056 7.267078846999749e-07
32200.056 6.722952447799632e-07
32250.056 7.236321850001254e-07
32300.056 6.860395410199883e-07
32350.056 8.048737737000849e-07
32400.056 6.45147112379997e-07
32450.056 7.318689347298566e-07
32500.056 7.808024424001986e-07
32550.056 8.668371725100405e-07
32600.056 8.84873958349953e-07
32650.056 9.229318488502372e-07
32700.056 8.774379000201231e-07
32750.056 8.955517601099754e-07
32800.056 8.659041663200295e-07
32850.056 1.0084809618598185e-06
32900.056 1.035581767949953e-06
32950.056 8.719214641198551e-07
33000.056 9.138211949200308e-07
33050.056 9.00412517370072e-07
33100.056 8.218407399698273e-07
33150.056 6.047806018200628e-07
33200.056 4.3610864564990627e-07
33250.056 3.683698306998351e-07
33300.056 3.291440501000507e-07
33350.056 3.6993726068002516e-07
33400.056 3.886096688099501e-07
33450.056 4.3833569418994676e-07
33500.056 5.516810047501421e-07
33550.056 5.975572171000318e-07
33600.056 7.116404596001221e-07
33650.056 8.207065473702433e-07
33700.056 8.269602709298284e-07
33750.056 9.942209616899546e-07
33800.056 9.443320090598244e-07
33850.056 9.783252591899716e-07
33900.056 1.000731229659799e-06
33950.056 9.009874625699472e-07
34000.056 9.370146829297107e-07
34050.056 9.196728662297353e-07
34100.056 1.08459022885004e-06
34150.056 9.833752162297768e-07
34200.056 8.65342872619618e-07
34250.056 1.0259602283898206e-06
34300.056 8.842251668193447e-07
34350.056 8.666577136099859e-07
34400.056 8.190340228299904e-07
34450.056 9.218474886599375e-07
34500.056 9.223172772900347e-07
34550.056 8.306348158300237e-07
34600.056 1.0003766150900474e-06
34650.056 9.822885718299735e-07
34700.056 9.180960438298149e-07
34750.056 1.0347909274501964e-06
34800.056 1.0430400373496074e-06
34850.056 9.127825052200298e-07
34900.056 1.0303411655602058e-06
34950.056 9.276104287797281e-07
35000.056 1.0560059133699218e-06
35050.056 1.0807035318700694e-06
35100.056 9.63501811889648e-07
35150.056 1.0779223047600313e-06
35200.056 1.0824690821700737e-06
35250.056 1.0400830883699027e-06
35300.056 1.0588894267400615e-06
35350.056 1.074350634399876e-06
35400.056 1.0457808158800833e-06
35450.056 9.015720008804561e-07
35500.056 1.1751186249798943e-06
35550.056 1.0759696541899901e-06
35600.056 9.895611640400392e-07
35650.056 1.2539808180501273e-06
35700.056 1.0084804548302553e-06
35750.056 1.1659671735797114e-06
35800.056 1.2982848670098764e-06
35850.056 1.1455162851998885e-06
35900.056 1.4022721284397323e-06
35950.056 1.2622661696301846e-06
36000.056 1.155582665329902e-06
36050.056 1.3964050435201842e-06
36100.056 1.4005942960393606e-06
36150.056 1.2966703348201652e-06
36200.056 1.483330631049781e-06
36250.056 1.2873771683697417e-06
36300.056 1.6017936585504242e-06
36350.056 1.4683334748899937e-06
36400.056 1.3916926214600547e-06
36450.056 1.6109649621498063e-06
36500.056 1.504492512500081e-06
36550.056 1.4719900759704013e-06
36600.056 1.5632571783100835e-06
36650.056 1.6218423036800151e-06
36700.056 1.6938026464700506e-06
36750.056 1.638492141330163e-06
36800.056 1.6612206296798797e-06
36850.056 1.6661593492402885e-06
36900.056 1.7254748332103453e-06
36950.056 1.7579445989598803e-06
37000.056 1.8350150652299446e-06
37050.056 1.7836229271499147e-06
37100.056 1.8292865560603205e-06
37150.056 1.831227890479616e-06
37200.056 1.8844064611201209e-06
37250.056 1.9479307081801063e-06
37300.056 1.9084288145201912e-06
37350.056 1.7800423358403196e-06
37400.056 1.9016541186397267e-06
37450.056 1.9067635142502242e-06
37500.056 1.9146720663597914e-06
37550.056 1.9243310241196653e-06
37600.056 2.049604145039704e-06
37650.056 1.924453221899813e-06
37700.056 1.9800471326400185e-06
37750.056 2.0658801018998756e-06
37800.056 2.1380430654000362e-06
37850.056 1.9684001689099305e-06
37900.056 2.054591838640132e-06
37950.056 2.089207699599965e-06
38000.056 2.0546943363402355e-06
38050.056 2.110286948280063e-06
38100.056 1.9902631587302426e-06
38150.056 2.259962893699725e-06
38200.056 2.340301645299749e-06
38250.056 2.020429345470368e-06
38300.056 2.0212879027799416e-06
38350.056 2.1555324428997757e-06
38400.056 2.1729014676997355e-06
38450.056 2.2972455279001532e-06
38500.056 2.1819658822998875e-06
38550.056 2.206867057390021e-06
38600.056 2.434784554699796e-06
38650.056 2.126880605900078e-06
38700.056 2.2132520126204483e-06
38750.056 2.230199347600028e-06
38800.056 2.2562600626201036e-06
38850.056 2.1671802909802573e-06
38900.056 2.15017961481983e-06
38950.056 2.343429330999807e-06
39000.056 2.2036927105000605e-06
39050.056 2.3048526754498835e-06
39100.056 2.1418957638701097e-06
39150.056 2.226333477500035e-06
39200.056 2.366258698000168e-06
39250.056 2.3417531066994443e-06
39300.056 2.2954404726393997e-06
39350.056 2.3089432541002138e-06
39400.056 2.268162688600028e-06
39450.056 2.266978784299822e-06
39500.056 2.2307465666997964e-06
39550.056 2.1906283349997648e-06
39600.056 2.4397651739999517e-06
39650.056 2.1243076042999375e-06
39700.056 2.2405208776998197e-06
39750.056 2.194287491059707e-06
39800.056 2.0887057999000364e-06
39850.056 2.161185251349792e-06
39900.056 2.1681492964001745e-06
39950.056 2.2841548141998704e-06
40000.056 2.009194867299931e-06
40050.056 1.974118380919979e-06
40100.056 2.145190068299899e-06
40150.056 1.972237078579628e-06
40200.056 2.013599641369734e-06
40250.056 2.0148858450094196e-06
40300.056 1.8712217561401474e-06
40350.056 2.0843883435003174e-06
40400.056 2.031537788189975e-06
40450.056 1.967972652800339e-06
40500.056 1.7779698082802715e-06
40550.056 2.106484712199868e-06
40600.056 1.8138957359103023e-06
40650.056 1.8461384488300698e-06
40700.056 1.995424057220159e-06
40750.056 1.7570563866992431e-06
40800.056 1.7247535608202899e-06
40850.056 1.6770951976003952e-06
40900.056 1.6816759206602635e-06
40950.056 1.8024971593399542e-06
41000.056 1.7970809703400449e-06
41050.056 1.7599998379896886e-06
41100.056 1.7053764427301084e-06
41150.056 1.7613291240300864e-06
41200.056 1.6749325532800052e-06
41250.056 1.7149342025001616e-06
41300.056 1.4727593176996867e-06
41350.056 1.7683075678800642e-06
41400.056 1.6540865036902269e-06
41450.056 1.6347663509902829e-06
41500.056 1.7232645275600652e-06
41550.056 1.630666188579982e-06
41600.056 1.744423876070015e-06
41650.056 1.5594395818303686e-06
41700.056 1.4740309860497784e-06
41750.056 1.5118131634298615e-06
41800.056 1.5241236232296806e-06
41850.056 1.3456384324002832e-06
41900.056 1.5618354531699425e-06
41950.056 1.2802409959804061e-06
42000.056 1.4161125976001435e-06
42050.056 1.2449154667895594e-06
42100.056 1.4915335928402564e-06
42150.056 1.0775822013195766e-06
42200.056 1.1898993123199916e-06
42250.056 1.2415284606101058e-06
42300.056 1.0236935140400213e-06
42350.056 1.2660678425003731e-06
42400.056 1.0580379733402903e-06
42450.056 8.928686339401936e-07
42500.056 9.7319646486024e-07
42550.056 9.824539589700833e-07
42600.056 9.94694563870327e-07
42650.056 8.47555525499352e-07
42700.056 9.922439782603822e-07
42750.056 9.040266907600223e-07
42800.056 8.699210062603282e-07
42850.056 9.178550539197417e-07
42900.056 8.97115395010044e-07
42950.056 8.339846087795542e-07
43000.056 8.417560684400661e-07
43050.056 7.845957150003923e-07
43100.056 8.80942666410169e-07
43150.056 8.554428439701758e-07
43200.056 8.859315500901493e-07
43250.056 8.4959466802991e-07
43300.056 8.765884102800849e-07
43350.056 8.040717195199685e-07
43400.056 8.397508643499504e-07
43450.056 8.529100602903217e-07
43500.056 8.190168265798878e-07
43550.056 8.743179379400116e-07
43600.056 8.772000523000945e-07
43650.056 7.715720141600777e-07
43700.056 7.664657492097937e-07
43750.056 8.059471338701477e-07
43800.056 7.320939132301428e-07
43850.056 7.727808178902072e-07
43900.056 8.079208680499576e-07
43950.056 7.491650121302263e-07
44000.056 7.319939269401314e-07
44050.056 7.405213633201007e-07
44100.056 7.579831791101096e-07
44150.056 7.768860687798029e-07
44200.056 7.347620498799531e-07
44250.056 7.336624965000368e-07
44300.056 7.220018863700607e-07
44350.056 7.012981609800161e-07
44400.056 7.462467242099733e-07
44450.056 7.53019075889984e-07
44500.056 7.806146163200574e-07
44550.056 7.056697129898536e-07
44600.056 7.355066429700744e-07
44650.056 7.593423165300891e-07
44700.056 7.155038593000611e-07
44750.056 7.493136115399263e-07
44800.056 7.771432812899608e-07
44850.056 7.549565858800672e-07
44900.056 7.177064313200845e-07
44950.056 6.862129200299834e-07
45000.056 7.528017473999375e-07
45050.056 7.466282329599366e-07
45100.056 7.682460789199577e-07
45150.056 7.284067821699671e-07
45200.056 6.808044954500141e-07
45250.056 6.957574224599301e-07
45300.056 7.394882642600387e-07
45350.056 7.687003346499643e-07
45400.056 7.435186557400835e-07
45450.056 6.824545138299139e-07
45500.056 6.996612628699807e-07
45550.056 7.619064592499483e-07
45600.056 7.105147419499768e-07
45650.056 6.551664737998842e-07
45700.056 7.682579962200439e-07
45750.056 7.000561092099891e-07
45800.056 6.921918092199761e-07
45850.056 8.001785965899681e-07
45900.056 8.126674664800412e-07
45950.056 7.020720006099972e-07
46000.056 8.233848862500171e-07
46050.056 8.039675650001096e-07
46100.056 6.866751549700759e-07
46150.056 7.535792482899842e-07
46200.056 8.022502270001407e-07
46250.056 6.685657278499871e-07
46300.056 8.489105547199686e-07
46350.056 7.153740190699334e-07
46400.056 7.335751695099195e-07
46450.056 7.670359107701185e-07
46500.056 7.029490002299373e-07
46550.056 8.645281856499777e-07
46600.056 7.925421236300339e-07
46650.056 1.0140409266498733e-06
46700.056 9.328359990702593e-07
46750.056 7.420244007799088e-07
46800.056 8.213044212501271e-07
46850.056 8.819113080200876e-07
46900.056 8.28892874549851e-07
46950.056 9.165501097700533e-07
47000.056 7.800018490499903e-07
47050.056 9.254721369498223e-07
47100.056 7.333136392000763e-07
47150.056 8.022139239501049e-07
47200.056 8.571062419001854e-07
47250.056 7.568766948399173e-07
47300.056 7.895431407298107e-07
47350.056 6.910807394098645e-07
47400.056 8.571829913198467e-07
47450.056 7.508563684299642e-07
47500.056 8.382957320498578e-07
47550.056 7.543264746899306e-07
47600.056 8.54873447409961e-07
47650.056 6.344994811898443e-07
47700.056 8.758096435800453e-07
47750.056 6.156550768801335e-07
47800.056 8.610988163199084e-07
47850.056 6.743955000998767e-07
47900.056 8.55725657090041e-07
47950.056 6.431409564401181e-07
48000.056 9.594388828700033e-07
48050.056 7.232094888701115e-07
48100.056 7.962741406199888e-07
48150.056 7.382478127901026e-07
48200.056 8.617600592701236e-07
48250.056 7.261780074799711e-07
48300.056 9.440083226798257e-07
48350.056 6.609479782499677e-07
48400.056 8.533456842799997e-07
48450.056 7.090741920500341e-07
48500.056 9.588471171100319e-07
48550.056 6.819269881500299e-07
48600.056 8.714080932699311e-07
48650.056 7.012628814399703e-07
48700.056 8.482081656400505e-07
48750.056 6.373833273300629e-07
48800.056 9.809431253600536e-07
48850.056 6.950790648098811e-07
48900.056 8.777326539000755e-07
48950.056 8.124316417200277e-07
49000.056 7.954946630898961e-07
49050.056 8.408952460099757e-07
49100.056 7.750081415200863e-07
49150.056 8.313843785000237e-07
49200.056 7.883297225899787e-07
49250.056 8.253201538200208e-07
49300.056 7.161222746599463e-07
49350.056 7.651059900799976e-07
49400.056 9.027454942900786e-07
49450.056 7.679770162901669e-07
49500.056 8.181734171900401e-07
49550.056 7.080640201100113e-07
49600.056 7.84789872390201e-07
49650.056 8.189693980100344e-07
49700.056 7.07124577079943e-07
49750.056 1.0265395541198437e-06
49800.056 7.828937646200498e-07
49850.056 1.0038445815600447e-06
49900.056 7.858899124500655e-07
49950.056 8.610538827697759e-07
50000.056 8.345169454898312e-07
50050.056 8.422471951600726e-07
50100.056 8.965085006199538e-07
50150.056 7.583079255400376e-07
50200.056 7.117697151500798e-07
50250.056 8.34269380340029e-07
50300.056 7.84479238009948e-07
50350.056 9.143287045000257e-07
50400.056 8.051147212899961e-07
50450.056 7.980629853401303e-07
50500.056 1.0135759436701733e-06
50550.056 8.379636239999603e-07
50600.056 9.020114872900327e-07
50650.056 8.544230921502001e-07
50700.056 9.335548626997176e-07
50750.056 9.543122624601298e-07
50800.056 7.238429899799332e-07
50850.056 8.435177735201736e-07
50900.056 9.171488638199704e-07
50950.056 9.289497846701429e-07
51000.056 1.061136224630078e-06
51050.056 7.895754505201052e-07
51100.056 7.802700218799282e-07
51150.056 9.028585363599217e-07
51200.056 8.82983934729944e-07
51250.056 9.514287648499221e-07
51300.056 7.954940134302836e-07
51350.056 8.853495779498074e-07
51400.056 8.158028864298037e-07
51450.056 6.375227476998888e-07
51500.056 8.365251636399811e-07
51550.056 1.0886071654300843e-06
51600.056 7.380319501900642e-07
51650.056 8.587592935198739e-07
51700.056 8.106103802797697e-07
51750.056 7.74389419680078e-07
51800.056 9.288642611198253e-07
51850.056 9.298176313499121e-07
51900.056 9.767701755702188e-07
51950.056 9.0445604251993e-07
52000.056 7.622346324199476e-07
52050.056 8.753785123899731e-07
52100.056 8.171665263798312e-07
52150.056 8.291514810300514e-07
52200.056 8.028238152000356e-07
52250.056 8.498967720600065e-07
52300.056 9.214426804700014e-07
52350.056 1.000153255420141e-06
52400.056 7.344245008001112e-07
52450.056 8.638034351099735e-07
52500.056 9.56790806359831e-07
52550.056 8.824612663297052e-07
52600.056 8.9897838316015e-07
52650.056 1.0202472875901527e-06
52700.056 8.685224432500077e-07
52750.056 7.11790796749912e-07
52800.056 8.048172753300883e-07
52850.056 7.652752652698905e-07
52900.056 8.444913450000694e-07
52950.056 8.455404796298706e-07
53000.056 9.607663218899175e-07
53050.056 8.206474486998437e-07
53100.056 7.74975496029783e-07
53150.056 1.0018084831901827e-06
53200.056 6.997894956000927e-07
53250.056 1.0072042986699675e-06
53300.056 9.76958931320421e-07
53350.056 9.498748814198986e-07
53400.056 8.917820625200921e-07
53450.056 7.774589373200304e-07
53500.056 6.808797449898693e-07
53550.056 8.489954427099029e-07
53600.056 9.361164906701724e-07
53650.056 7.563919322601342e-07
53700.056 7.948918266301941e-07
53750.056 8.747238342400107e-07
