galfind/configs/Brown_Dwarf_templates/sonora_bobcat/m0.0/17g/sp_t650g17nc_m0.0_resample.dat
# %ECSV 1.0
# ---
# datatype:
# - {name: wav, unit: Angstrom, datatype: float64}
# - {name: flux_nu, unit: erg / (cm2 Hz s), datatype: float64}
# meta: {C/O: '1.00', Kzz: '1.0000E+05', Teff: '650.', Y: '0.28', '[Fe/H]': '0.00', f_hole: '1.00', f_rain: '0.00', grav: '18.'}
# schema: astropy-2.0
wav flux_nu
[from data line 498]
28900.056 4.73537491671449e-09
28950.056 1.0328406534738524e-08
29000.056 7.779539962442984e-09
29050.056 9.504729145777955e-09
29100.056 6.601385680580625e-09
29150.056 1.0053530440553702e-08
29200.056 8.626707617756096e-09
29250.056 1.3744622804734882e-08
29300.056 6.153103403270842e-09
29350.056 1.8724879397193183e-08
29400.056 9.397113926667623e-09
29450.056 1.0219139233490745e-08
29500.056 1.2571978231401304e-08
29550.056 9.451836278148305e-09
29600.056 1.2448359968683965e-08
29650.056 1.4910914842492754e-08
29700.056 8.287088722207134e-09
29750.056 1.4119412256806243e-08
29800.056 1.3721367971189388e-08
29850.056 1.5837241882932654e-08
29900.056 1.3618500714877769e-08
29950.056 1.2616956319298068e-08
30000.056 1.9462862003401316e-09
30050.056 3.8305444046058674e-09
30100.056 5.285409618178696e-09
30150.056 1.0816275357465297e-08
30200.056 8.363931041233014e-09
30250.056 1.7120320511761752e-08
30300.056 1.763165484092901e-08
30350.056 1.2241964425956545e-08
30400.056 1.8211517370049517e-08
30450.056 1.1403690113356561e-08
30500.056 1.1023232546979314e-08
30550.056 1.1117908586668024e-08
30600.056 1.494092655232105e-08
30650.056 1.0428997598874506e-08
30700.056 9.053812119030915e-09
30750.056 1.2501244935444195e-08
30800.056 8.628441784532839e-09
30850.056 9.483731319708208e-09
30900.056 5.9909569223764184e-09
30950.056 7.418867087409437e-09
31000.056 6.0172419108985334e-09
31050.056 5.8834942324435994e-09
31100.056 4.528320768309861e-09
31150.056 6.6712201166169225e-09
31200.056 7.096524530199373e-09
31250.056 5.234418985220151e-09
31300.056 4.1515469942025575e-09
31350.056 5.169487690706578e-09
31400.056 3.9631324936946575e-09
31450.056 4.010134570450709e-09
31500.056 2.8431500776224013e-09
31550.056 3.430125677164439e-09
31600.056 2.210524805765247e-09
31650.056 2.2978722704206474e-09
31700.056 2.4519927616897474e-09
31750.056 1.6469475480466209e-09
31800.056 2.4882314761934424e-09
31850.056 1.341466635117269e-09
31900.056 1.7729274014214418e-09
31950.056 1.1669461626053884e-09
32000.056 1.4771278661946493e-09
32050.056 1.7380480949200847e-09
32100.056 1.6631735201150535e-09
32150.056 1.814436067920086e-09
32200.056 1.2997452238557086e-09
32250.056 2.173331503124727e-09
32300.056 1.3192446849554792e-09
32350.056 2.1190511465454584e-09
32400.056 1.211525008322434e-09
32450.056 1.9484854300419995e-09
32500.056 1.3620878314832234e-09
32550.056 1.5396553032322035e-09
32600.056 1.871827631420917e-09
32650.056 3.5466852470051194e-09
32700.056 2.3546606671288004e-09
32750.056 3.968826879838998e-09
32800.056 3.3090017789662254e-09
32850.056 4.5407066937085105e-09
32900.056 4.698143082239557e-09
32950.056 5.2887948677999914e-09
33000.056 3.9063176541123126e-09
33050.056 4.233587456826678e-09
33100.056 1.4595510859680656e-09
33150.056 8.194856937939264e-11
33200.056 1.6454173191898621e-10
33250.056 8.7544577016295e-11
33300.056 1.6034833586122912e-10
33350.056 4.4009785616421356e-10
33400.056 8.976119497803984e-10
33450.056 1.3116621646295619e-09
33500.056 2.7581728455325554e-09
33550.056 1.6110272099957503e-09
33600.056 3.4121066852466344e-09
33650.056 3.152510621952431e-09
33700.056 2.5287189949796788e-09
33750.056 4.227559679892075e-09
33800.056 2.4519515452480836e-09
33850.056 3.463308325160467e-09
33900.056 2.885394464168071e-09
33950.056 2.8442063236264034e-09
34000.056 4.267091385763395e-09
34050.056 1.488498385471192e-09
34100.056 4.038114208747822e-09
34150.056 2.804721280205804e-09
34200.056 3.463089951648e-09
34250.056 3.0832510957577174e-09
34300.056 2.845017010997168e-09
34350.056 2.706362692238258e-09
34400.056 1.923780013010343e-09
34450.056 3.2406127186248136e-09
34500.056 2.8504071647973382e-09
34550.056 1.918609354319628e-09
34600.056 4.207083671990418e-09
34650.056 2.248260459010548e-09
34700.056 3.8131439856795584e-09
34750.056 3.2336782186595227e-09
34800.056 2.936641208219716e-09
34850.056 3.820013610191797e-09
34900.056 3.548698653151898e-09
34950.056 4.5146534617279915e-09
35000.056 7.601186257849704e-09
35050.056 3.805011982537209e-09
35100.056 6.135778577656663e-09
35150.056 4.8874608147341355e-09
35200.056 5.913921711560902e-09
35250.056 8.07330986849227e-09
35300.056 5.591956792787552e-09
35350.056 5.845364656834803e-09
35400.056 6.6716830625112805e-09
35450.056 4.48507354173464e-09
35500.056 1.0714124587546937e-08
35550.056 9.29078062864689e-09
35600.056 7.4418487105062545e-09
35650.056 8.445310568493946e-09
35700.056 8.103162922157997e-09
35750.056 1.127715133911338e-08
35800.056 1.4317978607310423e-08
35850.056 7.329583645211858e-09
35900.056 9.801745784461765e-09
35950.056 9.563907656469489e-09
36000.056 9.87954186768163e-09
36050.056 8.012363262041918e-09
36100.056 8.631944987344489e-09
36150.056 1.0484103093293269e-08
36200.056 1.1238249206797163e-08
36250.056 1.0308521433122677e-08
36300.056 1.3899483394836186e-08
36350.056 1.1748609261975987e-08
36400.056 1.238140595477299e-08
36450.056 1.5944329382399492e-08
36500.056 1.7742706607314336e-08
36550.056 1.688036021439964e-08
36600.056 2.1080999387495728e-08
36650.056 1.9325294027191224e-08
36700.056 2.152504637435375e-08
36750.056 2.397740335893178e-08
36800.056 2.345520239200057e-08
36850.056 1.9839236581486e-08
36900.056 2.5188937525641963e-08
36950.056 2.653784099371404e-08
37000.056 2.3122715589224252e-08
37050.056 2.4583176717665313e-08
37100.056 2.806284595394746e-08
37150.056 2.150730806681855e-08
37200.056 2.860217712659013e-08
37250.056 2.7583062808535935e-08
37300.056 2.3437694075409543e-08
37350.056 2.706530744882793e-08
37400.056 4.111747971587187e-08
37450.056 2.7244856756578974e-08
37500.056 2.8231363078421665e-08
37550.056 3.5385232517876305e-08
37600.056 4.102979321732636e-08
37650.056 2.5264512852619353e-08
37700.056 4.424508827402561e-08
37750.056 3.005047825662785e-08
37800.056 3.177126800255716e-08
37850.056 2.047756115112974e-08
37900.056 2.6315881836632376e-08
37950.056 3.609519801473706e-08
38000.056 4.180072913220075e-08
38050.056 4.11484060665974e-08
38100.056 4.199687693479402e-08
38150.056 5.0664399414899384e-08
38200.056 5.256022017841816e-08
38250.056 4.8821604404799876e-08
38300.056 6.80408038553861e-08
38350.056 6.740838341861412e-08
38400.056 3.762384653109292e-08
38450.056 3.728388636827189e-08
38500.056 2.504662052798545e-08
38550.056 4.315684787951675e-08
38600.056 4.4893703343375596e-08
38650.056 4.0855868013489956e-08
38700.056 4.1552154661060236e-08
38750.056 4.847138653867055e-08
38800.056 4.364152697046624e-08
38850.056 4.5720693202674994e-08
38900.056 6.254604051144185e-08
38950.056 4.8143796886570326e-08
39000.056 5.6537668984955196e-08
39050.056 4.7835762339803846e-08
39100.056 5.628681855839773e-08
39150.056 5.7106104765576874e-08
39200.056 5.886144428244238e-08
39250.056 7.028256433778757e-08
39300.056 5.2033512084668194e-08
39350.056 8.075978330380397e-08
39400.056 5.938654324818844e-08
39450.056 6.930042948702887e-08
39500.056 7.080714037313e-08
39550.056 6.723718385778703e-08
39600.056 7.458852920980132e-08
39650.056 7.754865313428208e-08
39700.056 7.850532077881752e-08
39750.056 6.209775708592151e-08
39800.056 7.146205917318944e-08
39850.056 9.539852444000257e-08
39900.056 9.584376179701061e-08
39950.056 7.389068389597366e-08
40000.056 1.1063485314269173e-07
40050.056 9.22456382811934e-08
40100.056 7.015421124200363e-08
40150.056 9.626418291338413e-08
40200.056 1.0066964469515513e-07
40250.056 1.0211594515225522e-07
40300.056 1.0057803505081759e-07
40350.056 1.0135307786388274e-07
40400.056 1.1902480222455837e-07
40450.056 9.548276234043922e-08
40500.056 1.2118291221997195e-07
40550.056 1.213049796065168e-07
40600.056 1.1509164097201786e-07
40650.056 9.234628902420814e-08
40700.056 1.3774308715058702e-07
40750.056 1.1432991856098959e-07
40800.056 9.148895370103783e-08
40850.056 1.5421012178905443e-07
40900.056 1.3949181810321636e-07
40950.056 1.3025827297860356e-07
41000.056 1.275783572229964e-07
41050.056 1.639160932729545e-07
41100.056 1.4055287195501727e-07
41150.056 9.872200993356297e-08
41200.056 1.6700710229828457e-07
41250.056 1.310468890764728e-07
41300.056 1.2505802229856747e-07
41350.056 1.8085692162201904e-07
41400.056 1.5973120660923178e-07
41450.056 1.7914117709599709e-07
41500.056 1.4243231194128874e-07
41550.056 1.4154933582703274e-07
41600.056 1.6373453089575817e-07
41650.056 1.773668830851928e-07
41700.056 1.6259488686691585e-07
41750.056 1.6706986283398044e-07
41800.056 1.883846198994104e-07
41850.056 1.4964914171849377e-07
41900.056 1.59349122424079e-07
41950.056 1.4946152745503877e-07
42000.056 1.447507895340144e-07
42050.056 1.4095274355455731e-07
42100.056 1.8491918717617545e-07
42150.056 1.5305908057999672e-07
42200.056 1.4138985441821005e-07
42250.056 1.4250832993346937e-07
42300.056 1.4675247259023107e-07
42350.056 1.8303717089502783e-07
42400.056 1.774854846320589e-07
42450.056 1.6071747132005562e-07
42500.056 1.508812571769815e-07
42550.056 1.4738139938896807e-07
42600.056 1.5900995532345265e-07
42650.056 2.0048090563391248e-07
42700.056 1.658977671965144e-07
42750.056 1.6117847527099376e-07
42800.056 1.852963627568353e-07
42850.056 2.0184390763392996e-07
42900.056 2.1267280033407422e-07
42950.056 1.7970844729195443e-07
43000.056 1.9630415522524304e-07
43050.056 1.3815716581535047e-07
43100.056 1.746391342009439e-07
43150.056 1.6454378713182328e-07
43200.056 2.098901276779961e-07
43250.056 2.4622247336401825e-07
43300.056 2.420762692519967e-07
43350.056 1.6522166872696614e-07
43400.056 1.9734038098097802e-07
43450.056 1.6856027132943348e-07
43500.056 1.5375539282140558e-07
43550.056 1.663175371927562e-07
43600.056 2.3671379859103187e-07
43650.056 1.8172022856110585e-07
43700.056 2.2658010351405308e-07
43750.056 2.1640567076303476e-07
43800.056 2.0397404906556622e-07
43850.056 1.7820869862901407e-07
43900.056 1.8810562180998712e-07
43950.056 1.3465366039500214e-07
44000.056 1.3384053644198965e-07
44050.056 2.301031687290142e-07
44100.056 2.7348289598701436e-07
44150.056 2.4587326162296673e-07
44200.056 2.2426603101999166e-07
44250.056 1.680531973886141e-07
44300.056 1.4609546643762916e-07
44350.056 1.6486541280546584e-07
44400.056 1.6536239843799463e-07
44450.056 2.1116377575795068e-07
44500.056 2.1484990524805958e-07
44550.056 2.63926062157964e-07
44600.056 2.170699387430254e-07
44650.056 2.2376972039455476e-07
44700.056 1.6265549939400792e-07
44750.056 2.2107777915203845e-07
44800.056 1.8340624441441715e-07
44850.056 2.1521006978302967e-07
44900.056 1.9095811983281268e-07
44950.056 2.1875974556021016e-07
45000.056 2.2996169524998733e-07
45050.056 2.2159043828099584e-07
45100.056 2.0994726578719259e-07
45150.056 2.1726195385315537e-07
45200.056 1.7992614894301454e-07
45250.056 1.967609087599242e-07
45300.056 1.705777007160416e-07
45350.056 1.7527236835802224e-07
45400.056 2.7648536707602405e-07
45450.056 2.336358532549932e-07
45500.056 2.4749903526481146e-07
45550.056 2.7068934275590887e-07
45600.056 2.671029974700441e-07
45650.056 2.114519294175831e-07
45700.056 1.8167517226331158e-07
45750.056 1.7719986844279756e-07
45800.056 2.774162190719896e-07
45850.056 2.7121585767499576e-07
45900.056 2.880408373499899e-07
45950.056 2.4263124456798637e-07
46000.056 2.7187610065750854e-07
46050.056 2.3195780528902524e-07
46100.056 2.846138746199733e-07
46150.056 2.2042719783100086e-07
46200.056 2.056234153069989e-07
46250.056 1.323182445737606e-07
46300.056 2.3585170450600372e-07
46350.056 2.2706856360702853e-07
46400.056 2.0916997937700927e-07
46450.056 1.9862517911104145e-07
46500.056 2.2178147369505376e-07
46550.056 1.6625582043479163e-07
46600.056 2.0928090223118697e-07
46650.056 2.8657350956598363e-07
46700.056 2.1269568981598561e-07
46750.056 1.5242540963719823e-07
46800.056 1.1776797499101653e-07
46850.056 2.9266704492206615e-07
46900.056 2.5427971673997873e-07
46950.056 2.535200427659958e-07
47000.056 2.4198484767303846e-07
47050.056 2.1646049219507791e-07
47100.056 1.5729203643342703e-07
47150.056 1.96218692589022e-07
47200.056 2.3312270611600615e-07
47250.056 1.7707417009499138e-07
47300.056 1.32156561025461e-07
47350.056 2.6542636326797153e-07
47400.056 2.3776001242997735e-07
47450.056 2.3926099750788143e-07
47500.056 2.694460411391585e-07
47550.056 2.391967121370089e-07
47600.056 2.3174533870299666e-07
47650.056 2.1344211487585057e-07
47700.056 2.1207301122251546e-07
47750.056 1.5739355837160765e-07
47800.056 1.642913079910114e-07
47850.056 1.1596549333471097e-07
47900.056 1.5301193056896988e-07
47950.056 1.9968219435643243e-07
48000.056 2.810864904400558e-07
48050.056 2.54450187690006e-07
48100.056 1.4825229872921622e-07
48150.056 2.1184937655901334e-07
48200.056 1.7839847376840283e-07
48250.056 1.8630856829601128e-07
48300.056 2.483197709229239e-07
48350.056 1.6366812644601726e-07
48400.056 9.515867466187833e-08
48450.056 1.6771995807815907e-07
48500.056 2.2076384486096076e-07
48550.056 1.8969746325280407e-07
48600.056 2.0952731001200148e-07
48650.056 2.23614993441972e-07
48700.056 1.8738716769979377e-07
48750.056 1.3259509874007907e-07
48800.056 2.565358591209882e-07
48850.056 1.5615769692597274e-07
48900.056 2.300435424545943e-07
48950.056 1.5972362495802462e-07
49000.056 8.929216765660014e-08
49050.056 1.8739995419098615e-07
49100.056 2.1867820773304625e-07
49150.056 1.764167239145028e-07
49200.056 2.4648792318604196e-07
49250.056 2.3105894105603793e-07
49300.056 2.0376821736740268e-07
49350.056 1.1537566363632194e-07
49400.056 1.5386889996097449e-07
49450.056 1.6445526544205515e-07
49500.056 1.3209242022898528e-07
49550.056 6.190429397840937e-08
49600.056 1.1594511949971106e-07
49650.056 1.629218205829943e-07
49700.056 1.5450711114594417e-07
49750.056 1.7604189457996465e-07
49800.056 1.4261685323363663e-07
49850.056 2.2257853292306672e-07
49900.056 1.7654545456157387e-07
49950.056 1.7684198332000694e-07
50000.056 1.5559464613897042e-07
50050.056 1.864730409620054e-07
50100.056 1.4998886358800814e-07
50150.056 9.820320627098203e-08
50200.056 3.874951713820819e-08
50250.056 1.3164888599297976e-07
50300.056 9.680958702301427e-08
50350.056 1.861824045180225e-07
50400.056 1.6489758605058735e-07
50450.056 1.316157742662166e-07
50500.056 1.680444772550269e-07
50550.056 1.548724264460143e-07
50600.056 1.291191815119637e-07
50650.056 1.8371042995004106e-07
50700.056 1.9098692965491957e-07
50750.056 1.4481323271402215e-07
50800.056 7.917994305839402e-08
50850.056 6.663570919422813e-08
50900.056 1.7554683749700131e-07
50950.056 1.332406241360191e-07
51000.056 1.3754346025891042e-07
51050.056 1.4665425889899632e-07
51100.056 7.72891809321931e-08
51150.056 1.06391073483469e-07
51200.056 1.9861624340998826e-07
51250.056 1.276272816233682e-07
51300.056 1.0842521067615846e-07
51350.056 1.0880950457739096e-07
51400.056 5.81845534050998e-08
51450.056 4.843317685307445e-08
51500.056 5.184848342860247e-08
51550.056 1.3634455310900865e-07
51600.056 9.589422605502692e-08
51650.056 1.0265297026297018e-07
51700.056 1.121958657760937e-07
51750.056 8.11107942095175e-08
51800.056 1.2087913143598128e-07
51850.056 1.1045867266099388e-07
51900.056 1.546145551739993e-07
51950.056 1.121220933229915e-07
52000.056 3.246738307059089e-08
52050.056 7.85857456377141e-08
52100.056 5.6797199810994345e-08
52150.056 4.6377525160845857e-08
52200.056 6.150282834720111e-08
52250.056 8.22605928480251e-08
52300.056 1.1695214999199536e-07
52350.056 7.429025694618333e-08
52400.056 5.6726418851306125e-08
52450.056 1.241200600772073e-07
52500.056 1.064944714469711e-07
52550.056 1.0980204444297685e-07
52600.056 9.048982328500809e-08
52650.056 9.998641241011372e-08
52700.056 8.442709953849739e-08
52750.056 5.1148123851597434e-08
52800.056 7.017843892491303e-08
52850.056 7.559383110027292e-08
52900.056 5.762353065380652e-08
52950.056 6.895777179200269e-08
53000.056 9.633505864602175e-08
53050.056 4.7387071360688154e-08
53100.056 8.085042717676748e-08
53150.056 1.0371309943401215e-07
53200.056 5.150251237954083e-08
53250.056 9.995065088720422e-08
53300.056 1.1612099050071266e-07
53350.056 9.930811534079803e-08
53400.056 7.906153996598757e-08
