galfind/configs/Brown_Dwarf_templates/sonora_bobcat/m0.0/17g/sp_t225g17nc_m0.0_resample.dat
# %ECSV 1.0
# ---
# datatype:
# - {name: wav, unit: Angstrom, datatype: float64}
# - {name: flux_nu, unit: erg / (cm2 Hz s), datatype: float64}
# meta: {C/O: '1.00', Kzz: '1.0000E+05', Teff: '225.', Y: '0.28', '[Fe/H]': '0.00', f_hole: '1.00', f_rain: '0.00', grav: '18.'}
# schema: astropy-2.0
wav flux_nu
[from data line 500]
29000.056 1.4702347868835034e-14
29050.056 2.909481717569032e-14
29100.056 6.27896245969317e-15
29150.056 2.5340619503204468e-15
29200.056 1.6237245498062685e-13
29250.056 3.5915509393205485e-14
29300.056 1.2604167580155829e-14
29350.056 5.619595706764457e-14
29400.056 5.92626507967008e-14
29450.056 6.4386821689600395e-15
29500.056 1.0218453571683425e-13
29550.056 2.2045350322293347e-14
29600.056 1.0001043200572849e-14
29650.056 9.498923874176873e-14
29700.056 1.6220906847565833e-14
29750.056 1.564394720211934e-13
29800.056 2.706970724238356e-14
29850.056 1.0887894715132549e-13
29900.056 2.7509892709473662e-14
29950.056 4.040368434732607e-14
30000.056 1.1565421035055332e-16
30050.056 6.993677379170128e-15
30100.056 5.6675877550533886e-14
30150.056 1.5401189185603943e-13
30200.056 1.1105386701197562e-13
30250.056 1.0852391622021401e-13
30300.056 2.099988417522884e-13
30350.056 2.6910397902457917e-14
30400.056 2.3071275203861167e-13
30450.056 4.915477933391093e-13
30500.056 2.6995746075168894e-14
30550.056 3.5478601681984525e-14
30600.056 2.861406959711758e-12
30650.056 7.251138304954834e-13
30700.056 4.3783605697147045e-14
30750.056 3.0807965900441217e-13
30800.056 1.221380704030126e-12
30850.056 8.508765465901367e-13
30900.056 2.8264571962389806e-13
30950.056 1.3673717235873278e-13
31000.056 2.3523938696374484e-13
31050.056 3.965465766527603e-14
31100.056 4.062912678034291e-14
31150.056 1.1432274124867742e-13
31200.056 1.2921726914377061e-12
31250.056 9.523269422537869e-13
31300.056 1.162949532263656e-13
31350.056 1.3344294592624703e-12
31400.056 1.1407870736702364e-12
31450.056 8.495063687742613e-13
31500.056 1.616308543119579e-13
31550.056 4.718571542495751e-13
31600.056 4.638250652663967e-13
31650.056 3.4277949644714945e-13
31700.056 1.5716886649212573e-13
31750.056 1.055190590074283e-13
31800.056 1.3468977293669937e-13
31850.056 1.1893829642807236e-14
31900.056 3.238452896457273e-14
31950.056 2.2729066178322458e-14
32000.056 8.105341125445094e-15
32050.056 1.1207649294542102e-14
32100.056 1.1016603907638618e-14
32150.056 4.461623584102794e-15
32200.056 1.2813756832800587e-15
32250.056 3.415928946298761e-15
32300.056 4.2847304534185606e-16
32350.056 1.5145268436387566e-15
32400.056 7.075867165093674e-17
32450.056 7.80025120027079e-16
32500.056 5.605351581892945e-17
32550.056 3.9776262407997726e-16
32600.056 2.7069004172912974e-17
32650.056 9.196991276973555e-16
32700.056 4.0732435196341665e-17
32750.056 3.2196803117864503e-15
32800.056 7.182586797763068e-16
32850.056 2.4811390628999656e-14
32900.056 1.192491850644346e-14
32950.056 2.0566704125578532e-14
33000.056 4.503791097833751e-15
33050.056 1.2527192638858824e-15
33100.056 1.655772489409577e-16
33150.056 3.626113545573013e-19
33200.056 6.818109307549587e-17
33250.056 1.1259155808472745e-16
33300.056 3.2076290876358286e-15
33350.056 1.5232664688116862e-15
33400.056 2.213961335454516e-14
33450.056 7.251703676288448e-16
33500.056 1.1217920490743158e-14
33550.056 1.0983092900596716e-15
33600.056 5.326111581566104e-15
33650.056 6.3309722985667565e-15
33700.056 4.715346202342423e-16
33750.056 8.196909008687489e-15
33800.056 2.2398555623115434e-16
33850.056 3.9810269438921755e-15
33900.056 4.991503815096436e-15
33950.056 6.493173945333871e-15
34000.056 2.162218349989824e-14
34050.056 3.3493806611086035e-15
34100.056 3.0757590390301496e-14
34150.056 1.0681920341375492e-14
34200.056 6.155709046607933e-14
34250.056 1.2312373311294815e-14
34300.056 2.642700970170283e-14
34350.056 2.6392376412963997e-13
34400.056 2.0830757496190856e-14
34450.056 1.281704936475576e-13
34500.056 2.5702000677846397e-14
34550.056 1.4314452214779865e-13
34600.056 7.729691489555093e-13
34650.056 1.1247616536922041e-14
34700.056 2.3643343432209674e-13
34750.056 1.202552321612995e-13
34800.056 8.621333852703845e-14
34850.056 4.2066228398954944e-13
34900.056 3.1487647731918667e-14
34950.056 8.742100048501267e-13
35000.056 7.014698944563114e-13
35050.056 1.0697357200587524e-12
35100.056 1.495278021158883e-12
35150.056 1.048667931532035e-12
35200.056 1.0892836956132618e-12
35250.056 2.375610977789239e-12
35300.056 4.009232082638894e-13
35350.056 1.0441175209467085e-13
35400.056 6.401691298321777e-14
35450.056 9.59809812388711e-14
35500.056 6.060490250556518e-13
35550.056 2.704459895005674e-13
35600.056 1.1225931678484644e-12
35650.056 2.4208267769641505e-12
35700.056 2.879238700308042e-12
35750.056 8.990111000233538e-13
35800.056 4.230813499146016e-13
35850.056 1.8751016165503788e-13
35900.056 2.6679652586084066e-13
35950.056 6.039373787980661e-13
36000.056 1.0383750431883749e-12
36050.056 7.630177044721594e-13
36100.056 6.493797707489434e-13
36150.056 6.843419889706977e-12
36200.056 3.17665403339252e-12
36250.056 1.2180784696219131e-12
36300.056 8.476957461941763e-12
36350.056 4.563939535330998e-12
36400.056 6.08877752452337e-12
36450.056 4.576366107239225e-12
36500.056 3.86240550497554e-12
36550.056 1.592612927244441e-11
36600.056 1.066826674875004e-11
36650.056 4.7697283027128405e-12
36700.056 1.2205826830160872e-11
36750.056 1.5938378523749334e-11
36800.056 2.261172758193033e-11
36850.056 3.704074502618255e-12
36900.056 7.309026145305417e-12
36950.056 2.4430569536907858e-11
37000.056 1.3678860679284656e-11
37050.056 2.448294285768234e-11
37100.056 4.496143146449386e-12
37150.056 8.976900018473513e-12
37200.056 4.124199406567752e-11
37250.056 2.0819379352421937e-11
37300.056 4.24276778288219e-12
37350.056 8.769044404885922e-12
37400.056 1.4846401063601067e-11
37450.056 4.269846571723342e-12
37500.056 1.1983832198720171e-11
37550.056 3.944421142433758e-11
37600.056 9.442299047878071e-11
37650.056 9.469582707652466e-12
37700.056 2.1514981176746177e-11
37750.056 2.302616680375414e-11
37800.056 1.3092628575507486e-11
37850.056 5.696981236353489e-12
37900.056 5.169164107405713e-12
37950.056 1.680572408882914e-11
38000.056 1.697219493964442e-11
38050.056 5.905133339257921e-11
38100.056 6.069588836012369e-11
38150.056 1.2109334031618486e-10
38200.056 6.631932872287285e-11
38250.056 1.379449723364083e-10
38300.056 2.289610987318916e-10
38350.056 7.742315778906892e-11
38400.056 1.0183379252512871e-11
38450.056 1.5024087969939572e-12
38500.056 2.5840906623709935e-12
38550.056 2.890000102461394e-11
38600.056 3.9955658568517523e-11
38650.056 4.282064958357811e-11
38700.056 6.827318305214076e-12
38750.056 2.8830955952223946e-11
38800.056 2.4013522469401126e-11
38850.056 4.947877360903801e-11
38900.056 5.844011342528783e-11
38950.056 2.2094605838215144e-11
39000.056 1.080258123395882e-10
39050.056 1.1077933249650403e-11
39100.056 4.092026824435527e-11
39150.056 1.2053925179865208e-10
39200.056 5.1240627833946364e-11
39250.056 1.3879655925439695e-10
39300.056 4.443297424012062e-11
39350.056 1.8242568542971999e-10
39400.056 4.904895753910132e-11
39450.056 1.3647320843143193e-10
39500.056 1.0865846933778611e-10
39550.056 2.3183001062588257e-11
39600.056 1.495960552784909e-10
39650.056 1.372043330589367e-10
39700.056 1.9550841910285443e-10
39750.056 4.391021098388159e-11
39800.056 4.152221420406978e-11
39850.056 1.6344094309564262e-10
39900.056 3.351367014619752e-10
39950.056 5.165898437312002e-11
40000.056 1.4250633666293262e-10
40050.056 1.9286736099085769e-10
40100.056 4.22766942394467e-11
40150.056 1.838646793533801e-10
40200.056 2.2049658225509603e-10
40250.056 2.666153714103059e-10
40300.056 3.014702133981131e-10
40350.056 1.0466002618397584e-10
40400.056 1.3347869610437888e-10
40450.056 3.560196463665399e-11
40500.056 3.1596371462821713e-10
40550.056 3.3574234638239574e-10
40600.056 2.4901327404060223e-10
40650.056 1.2452782647795585e-10
40700.056 2.4842336225277995e-10
40750.056 1.8931300562734976e-10
40800.056 9.290139646520554e-11
40850.056 6.417343866497833e-10
40900.056 5.189870682000407e-10
40950.056 4.2665877698565226e-10
41000.056 1.8823390713840535e-10
41050.056 6.584907593597862e-10
41100.056 5.207643875195305e-10
41150.056 7.998830287419048e-11
41200.056 8.772987548218087e-10
41250.056 4.207182952046471e-10
41300.056 3.783812606633149e-10
41350.056 9.461469501900267e-10
41400.056 6.295415815029569e-10
41450.056 1.087829740384513e-09
41500.056 5.255240591433542e-10
41550.056 3.439069411545703e-10
41600.056 4.321177201023172e-10
41650.056 1.0139334993858675e-09
41700.056 1.519402329155867e-09
41750.056 1.0442493220997701e-09
41800.056 8.535685143541478e-10
41850.056 9.135779983167363e-10
41900.056 4.6549155094118853e-10
41950.056 4.733774722161289e-10
42000.056 4.2350299341666234e-11
42050.056 1.709735645548465e-10
42100.056 2.2303095815968138e-10
42150.056 3.7063048820684914e-10
42200.056 8.159184683478872e-10
42250.056 5.042078552136625e-10
42300.056 3.7710154284198786e-10
42350.056 1.072487019170005e-09
42400.056 1.6947387379303483e-09
42450.056 2.1151985750904053e-09
42500.056 2.3071676312497557e-09
42550.056 1.6983817738166917e-09
42600.056 1.3548178597827084e-09
42650.056 2.192495682591202e-09
42700.056 5.352057345200117e-10
42750.056 2.2272173843805016e-09
42800.056 4.281964463700423e-09
42850.056 3.775122148399289e-09
42900.056 3.2105403444055675e-09
42950.056 3.0495575640801563e-09
43000.056 3.6432400471203266e-09
43050.056 1.3616476870157346e-09
43100.056 2.0836338689875618e-09
43150.056 1.9687667841401152e-09
43200.056 4.476785591900418e-09
43250.056 4.679854379329094e-09
43300.056 4.735906695960143e-09
43350.056 2.5977742868889147e-09
43400.056 3.746800812850379e-09
43450.056 1.7265466934056632e-09
43500.056 1.1869907687887267e-09
43550.056 1.843368228830126e-09
43600.056 4.412015173100714e-09
43650.056 2.418740965720157e-09
43700.056 4.996157698402105e-09
43750.056 5.65019301219896e-09
43800.056 3.857749902344193e-09
43850.056 3.3743127472262655e-09
43900.056 1.953180667395596e-09
43950.056 1.2646397887579525e-09
44000.056 1.7163406458497363e-09
44050.056 5.536458628549905e-09
44100.056 6.52567152379995e-09
44150.056 6.2539539403796e-09
44200.056 5.995378077000351e-09
44250.056 2.4725075575797916e-09
44300.056 1.8828523223301996e-09
44350.056 1.7607800191722892e-09
44400.056 1.379501378801066e-09
44450.056 4.220794159020692e-09
44500.056 4.0077863376804285e-09
44550.056 5.449186397199851e-09
44600.056 4.272712661028777e-09
44650.056 3.5458825106207903e-09
44700.056 2.697983841599446e-09
44750.056 5.50514763272084e-09
44800.056 2.4450229765412708e-09
44850.056 3.121634968291212e-09
44900.056 3.923980575320116e-09
44950.056 4.84468995366094e-09
45000.056 6.928493072500367e-09
45050.056 4.749567034359174e-09
45100.056 4.45077797182989e-09
45150.056 3.1253955456192418e-09
45200.056 2.4724627676202432e-09
45250.056 3.195227296379125e-09
45300.056 3.188723091891338e-09
45350.056 1.7757508825785815e-09
45400.056 8.335873009200954e-09
45450.056 5.09887396406032e-09
45500.056 7.984120235520438e-09
45550.056 7.922573767137996e-09
45600.056 5.671379007201029e-09
45650.056 5.115494731299946e-09
45700.056 2.9305916468777464e-09
45750.056 2.749149651580317e-09
45800.056 7.563650244920424e-09
45850.056 4.471906919680376e-09
45900.056 8.031237101999408e-09
45950.056 8.990780025399585e-09
46000.056 7.505212994600794e-09
46050.056 4.707139621421038e-09
46100.056 1.057352113259943e-08
46150.056 5.450612821880104e-09
46200.056 3.874579466189234e-09
46250.056 1.1601119234649513e-09
46300.056 4.9110863681800314e-09
46350.056 4.467868408070712e-09
46400.056 4.678619821400167e-09
46450.056 4.010067548186844e-09
46500.056 5.217662678880742e-09
46550.056 1.9919435463348123e-09
46600.056 2.729274346633613e-09
46650.056 5.390356792170248e-09
46700.056 3.449939928619091e-09
46750.056 1.0679402360891587e-09
46800.056 5.605232712559896e-10
46850.056 4.484473612590798e-09
46900.056 6.064842058299734e-09
46950.056 6.6383793303997194e-09
47000.056 6.909148343900687e-09
47050.056 3.469859626542987e-09
47100.056 2.7670669119403053e-09
47150.056 5.010718967816553e-09
47200.056 5.269934757199451e-09
47250.056 2.1043355810565606e-09
47300.056 1.3944297544104007e-09
47350.056 5.512491790100732e-09
47400.056 5.895247687499334e-09
47450.056 2.97692459295399e-09
47500.056 5.820918856912632e-09
47550.056 6.0408400909000906e-09
47600.056 3.764039766099477e-09
47650.056 4.655251031863938e-09
47700.056 3.4397999257436474e-09
47750.056 2.7357996641200036e-09
47800.056 1.65333361181028e-09
47850.056 5.422508850501314e-10
47900.056 1.1526511091720492e-09
47950.056 3.938883430700143e-09
48000.056 5.362556487299595e-09
48050.056 3.873489960426183e-09
48100.056 1.6121622396522466e-09
48150.056 3.6569666944001475e-09
48200.056 1.511716462215712e-09
48250.056 2.3883074745749954e-09
48300.056 4.959406782699907e-09
48350.056 2.3524809273295925e-09
48400.056 3.5129060723388705e-10
48450.056 7.112330351051919e-10
48500.056 1.5548844099296633e-09
48550.056 1.9671620595803607e-09
48600.056 4.675677722599536e-09
48650.056 5.94189079929961e-09
48700.056 3.598981261810803e-09
48750.056 3.6618450063002937e-09
48800.056 4.729444643180108e-09
48850.056 1.9576434769307034e-09
48900.056 1.5229062283178007e-09
48950.056 6.432005907899748e-10
49000.056 4.1874330508631783e-10
49050.056 1.8545884878747548e-09
49100.056 3.185809864031611e-09
49150.056 2.5171762646504943e-09
49200.056 5.041532710400602e-09
49250.056 4.788089359939626e-09
49300.056 3.5362086782498277e-09
49350.056 1.0422249072784814e-09
49400.056 1.6158328930724652e-09
49450.056 1.2833139305992666e-09
49500.056 8.249694047937996e-10
49550.056 1.1896884072399901e-10
49600.056 3.3281601779887626e-10
49650.056 1.5990268029103926e-09
49700.056 2.266837508029537e-09
49750.056 1.3514159870980637e-09
49800.056 7.651869880710918e-10
49850.056 2.6494420061603798e-09
49900.056 3.015383941079862e-09
49950.056 2.9110155296600167e-09
50000.056 1.082568184424614e-09
50050.056 1.2986669334371697e-09
50100.056 1.21372445800989e-09
50150.056 3.5346672474292003e-10
50200.056 5.642248937701329e-11
50250.056 3.161551078800059e-10
50300.056 2.1377526440805075e-10
50350.056 1.4111742034902922e-09
50400.056 2.0579594820795655e-09
50450.056 2.0148180405404213e-09
50500.056 3.052099465411944e-09
50550.056 2.924910580940151e-09
50600.056 1.538213618446695e-09
50650.056 3.460999557200341e-09
50700.056 2.638992646399765e-09
50750.056 1.2414750170999748e-09
50800.056 2.4269458633374046e-10
50850.056 1.0747962946603946e-10
50900.056 9.338955754901447e-10
50950.056 1.2317612045498442e-09
51000.056 7.2649692642606e-10
51050.056 1.8488655020999298e-09
51100.056 5.033162293759421e-10
51150.056 3.5130633771029275e-10
51200.056 1.971100190200032e-09
51250.056 1.4881435389337735e-09
51300.056 9.020710207031382e-10
51350.056 4.635706833634891e-10
51400.056 1.0566111127792169e-10
51450.056 1.0523457753167351e-10
51500.056 1.1263561768943598e-10
51550.056 4.661483056600962e-10
51600.056 6.740272928302127e-10
51650.056 1.2682544591100768e-09
51700.056 1.0348591544678147e-09
51750.056 6.05055106465145e-10
51800.056 1.5263103373699415e-09
51850.056 1.146409752759922e-09
51900.056 7.860248197599496e-10
51950.056 3.1864178315996034e-10
52000.056 5.099138252449217e-11
52050.056 1.5927668321800696e-10
52100.056 9.412765113698927e-11
52150.056 5.746113133141841e-11
52200.056 2.2987301498001257e-10
52250.056 4.0403553432007066e-10
52300.056 3.7731688268996494e-10
52350.056 1.0247624513158969e-10
52400.056 1.219498830939979e-10
52450.056 5.457136694900288e-10
52500.056 3.2481603106995e-10
52550.056 7.609569256899985e-10
52600.056 8.319525574640226e-10
52650.056 9.251211351199804e-10
52700.056 4.964535067799223e-10
52750.056 1.0601044862677344e-10
52800.056 2.4278375835703816e-10
52850.056 2.80737145399939e-10
52900.056 8.621272165887117e-11
52950.056 1.504553858690245e-10
53000.056 3.4965786906005925e-10
53050.056 1.3528343692697754e-10
53100.056 5.871536154099766e-10
53150.056 4.440191288072019e-10
53200.056 2.2855689653868804e-10
53250.056 3.006409472470411e-10
53300.056 4.31312549736546e-10
53350.056 3.195377952101421e-10
53400.056 2.0829942195993107e-10
53450.056 7.932777032198559e-11
53500.056 2.511352974499209e-11
53550.056 4.2934040631403356e-11
53600.056 1.281757920380302e-10
