galfind/configs/Brown_Dwarf_templates/sonora_bobcat/m0.0/17g/sp_t300g17nc_m0.0_resample.dat
# %ECSV 1.0
# ---
# datatype:
# - {name: wav, unit: Angstrom, datatype: float64}
# - {name: flux_nu, unit: erg / (cm2 Hz s), datatype: float64}
# meta: {C/O: '1.00', Kzz: '1.0000E+05', Teff: '300.', Y: '0.28', '[Fe/H]': '0.00', f_hole: '1.00', f_rain: '0.00', grav: '18.'}
# schema: astropy-2.0
wav flux_nu
4000.0559999999996 nan
4050.0559999999996 1.0108521827373229e-19
4100.056 2.822752332720055e-18
4150.056 1.6070303720600102e-17
4200.056 1.7723922703206034e-17
4250.056 1.3094229715900092e-16
4300.056 3.0980576264999916e-16
4350.056 5.979630432700026e-16
4400.056 1.0078578480099946e-15
4450.056 1.5909183368799896e-15
4500.056 2.705237829300015e-15
4550.056 3.23995407424e-15
4600.056 1.5268992993099934e-15
4650.056 1.1179083664999935e-15
4700.056 6.630110207400009e-16
4750.056 3.6799898834000187e-16
4800.056 2.29566863909999e-16
4850.056 1.206146965399997e-16
4900.056 8.093801846900015e-17
4950.056 6.61375458930001e-17
5000.056 5.126365899099973e-17
5050.056 4.174229001640031e-17
5100.056 5.096986758400144e-17
5150.056 6.553635188800084e-17
5200.056 8.122735365400051e-17
5250.056 9.632569415800024e-17
5300.056 1.140125737100003e-16
5350.056 1.3488102855000026e-16
5400.056 1.5290455143900052e-16
5450.056 1.790188747300038e-16
5500.056 2.135664173900025e-16
5550.056 2.539989968000006e-16
5600.056 2.9250369964000086e-16
5650.056 3.229540433599989e-16
5700.056 3.1425152831599974e-16
5750.056 3.114223799600007e-16
5800.056 2.736598142599981e-16
5850.056 1.7441559326899617e-16
5900.056 3.630975519859589e-17
5950.056 3.118453367093238e-16
6000.056 8.180184575439705e-16
6050.056 1.7548354131000437e-15
6100.056 3.0914464437000476e-15
6150.056 4.821472447900034e-15
6200.056 7.095771695400044e-15
6250.056 9.580492889499971e-15
6300.056 1.3413132073499968e-14
6350.056 1.8238810733900047e-14
6400.056 2.4037515490000052e-14
6450.056 2.5339707498959065e-14
6500.056 3.212641667195131e-14
6550.056 4.396960955377949e-14
6600.056 6.13935324200329e-14
6650.056 8.817158677100117e-14
6700.056 1.2252123654900054e-13
6750.056 1.6800545558000128e-13
6800.056 2.03205358120004e-13
6850.056 2.2529726661000073e-13
6900.056 1.8542772879280592e-13
6950.056 1.2986523954158233e-13
7000.056 1.5965089054971307e-13
7050.056 1.6217886792917536e-13
7100.056 1.8469549415920246e-13
7150.056 1.2398857612417386e-13
7200.056 7.510065095799455e-14
7250.056 1.0090217373895967e-13
7300.056 1.089702670722933e-13
7350.056 1.6584599833246988e-13
7400.056 2.330597157418072e-13
7450.056 3.6362243810103816e-13
7500.056 4.95544090138997e-13
7550.056 6.025234117800003e-13
7600.056 6.442544217199985e-13
7650.056 2.797670734796906e-13
7700.056 2.289988235778069e-13
7750.056 7.936400065900089e-13
7800.056 9.974808492239874e-13
7850.056 1.2009472442549831e-12
7900.056 1.4124622967885318e-12
7950.056 1.5539276108999686e-12
8000.056 1.7136381158641986e-12
8050.056 1.87917941233901e-12
8100.056 1.027488084576753e-12
8150.056 6.540259932968024e-13
8200.056 1.3925322163098075e-12
8250.056 1.4949793997896467e-12
8300.056 1.5870115931037898e-12
8350.056 1.378628460423398e-12
8400.056 1.575404713745826e-12
8450.056 2.4599260671642786e-12
8500.056 2.979888095720026e-12
8550.056 3.906316129390068e-12
8600.056 4.790642439260013e-12
8650.056 5.124424593500101e-12
8700.056 4.071776003500128e-12
8750.056 3.70023169950002e-12
8800.056 2.7229202499277792e-12
8850.056 1.4501509507838106e-12
8900.056 3.686007327897328e-14
8950.056 2.694421663632948e-14
9000.056 1.8905062633320678e-14
9050.056 1.298250418050672e-13
9100.056 2.1839664998236397e-13
9150.056 5.053456752202316e-13
9200.056 1.8588568108243278e-12
9250.056 1.655985182290757e-12
9300.056 1.977580093959666e-14
9350.056 2.1249590220967976e-14
9400.056 1.7089249765654716e-13
9450.056 1.6007543611583623e-13
9500.056 1.3490313558538695e-13
9550.056 1.4910647749102778e-13
9600.056 1.7407115741007988e-13
9650.056 4.226667104128223e-13
9700.056 1.507356168170256e-12
9750.056 8.772758852752164e-13
9800.056 6.873643134002085e-13
9850.056 6.334483834131361e-13
9900.056 8.416858305021961e-13
9950.056 5.949600653541347e-13
10000.056 6.660441783654818e-13
10050.056 5.757355346230904e-13
10100.056 5.735936901014251e-13
10150.056 2.882672425231585e-13
10200.056 8.73230518313845e-14
10250.056 1.2631596973549203e-13
10300.056 3.102818941890258e-13
10350.056 1.400829575840515e-13
10400.056 7.734125006695293e-13
10450.056 2.1000535659203593e-12
10500.056 5.153272035569824e-12
10550.056 1.2369999342751303e-11
10600.056 2.02460864436008e-11
10650.056 2.4652007843180695e-11
10700.056 2.1321260655193547e-11
10750.056 2.436891798643983e-11
10800.056 2.388080214248948e-11
10850.056 1.859660439885899e-11
10900.056 1.0884538643940708e-11
10950.056 4.769318666809773e-12
11000.056 2.3684344352426164e-12
11050.056 1.1232299115488554e-12
11100.056 3.437035452856779e-13
11150.056 6.423593011604651e-14
11200.056 1.3351529404759623e-14
11250.056 9.119584852539891e-15
11300.056 5.743111732503183e-14
11350.056 5.244689595597143e-15
11400.056 5.693499418048618e-14
11450.056 3.2116288051805486e-14
11500.056 2.2595521010588184e-14
11550.056 2.01392470923843e-15
11600.056 4.805904433977409e-16
11650.056 7.534180616916913e-15
11700.056 8.213432688569072e-15
11750.056 9.692417066584906e-16
11800.056 9.463068532321876e-15
11850.056 8.815330668344356e-15
11900.056 6.933058843260828e-15
11950.056 1.465558611538885e-14
12000.056 2.7794114826898186e-14
12050.056 5.5258133185695735e-14
12100.056 9.292467783659937e-14
12150.056 1.3613615393306215e-13
12200.056 1.5264219856706476e-13
12250.056 4.93057189474572e-13
12300.056 1.3497997869909998e-12
12350.056 1.8290137032486305e-12
12400.056 4.552798501509399e-12
12450.056 1.0316890807324417e-11
12500.056 1.3091220088993057e-11
12550.056 1.7617019489764788e-11
12600.056 3.9018990122703814e-11
12650.056 7.574621717833556e-11
12700.056 8.174584316245384e-11
12750.056 3.54082226465432e-11
12800.056 1.18915000532116e-11
12850.056 4.282663312452841e-12
12900.056 2.7935201890411895e-12
12950.056 1.9896384050709628e-12
13000.056 1.9057288166061414e-12
13050.056 9.568016857721339e-13
13100.056 7.077982050713386e-13
13150.056 3.2326524987340924e-13
13200.056 3.9093301721203734e-13
13250.056 4.32887595145457e-13
13300.056 1.7645156136771062e-13
13350.056 5.570194726314177e-14
13400.056 3.431704268472438e-14
13450.056 6.454623188889386e-15
13500.056 1.2253365695515317e-15
13550.056 2.169298598758081e-16
13600.056 1.1684824709455943e-17
13650.056 2.3114542795687836e-16
13700.056 7.188005399107271e-17
13750.056 3.649676540040542e-16
13800.056 1.8763202170350096e-16
13850.056 9.082659016497114e-17
13900.056 3.5347424843288716e-16
13950.056 1.7219630689509662e-16
14000.056 2.872155766306684e-16
14050.056 5.145374708942825e-16
14100.056 7.639391651837369e-16
14150.056 3.640636543049714e-15
14200.056 1.737031962269097e-15
14250.056 3.941105922034895e-15
14300.056 1.1806206852397543e-14
14350.056 1.2155955972727362e-14
14400.056 1.2972543058612932e-14
14450.056 2.9991169589176656e-14
14500.056 8.417941507980545e-14
14550.056 1.0435625092118293e-13
14600.056 9.005593773870887e-14
14650.056 2.817417971687656e-14
14700.056 1.0998773362474129e-14
14750.056 1.75462584402895e-15
14800.056 4.355464635502452e-15
14850.056 5.8281812352905956e-15
14900.056 5.1434456538049234e-15
14950.056 2.41858616760581e-15
15000.056 1.0198719753649416e-14
15050.056 1.0991168457037857e-14
15100.056 3.753365480621604e-15
15150.056 1.2380619821890418e-15
15200.056 8.122366303292793e-15
15250.056 2.1715179371612513e-14
15300.056 2.817899347100549e-14
15350.056 5.722335645727419e-14
15400.056 6.948718559384924e-14
15450.056 9.969917083474372e-14
15500.056 1.3237164360279935e-13
15550.056 4.867142469991914e-13
15600.056 7.80180772825832e-13
15650.056 2.1287585128938368e-12
15700.056 4.744682241608947e-12
15750.056 8.720638223162821e-12
15800.056 1.0801338055672575e-11
15850.056 1.6294032783556154e-11
15900.056 2.1910540933570783e-11
15950.056 2.9385713236151045e-11
16000.056 2.713775067645298e-11
16050.056 1.5744104083601842e-11
16100.056 8.38816555301721e-12
16150.056 3.3726897524463165e-12
16200.056 1.319628259435659e-12
16250.056 6.229381153756289e-13
16300.056 2.445598387022707e-13
16350.056 3.32023945404951e-13
16400.056 4.548593279564436e-13
16450.056 2.957503074569712e-13
16500.056 2.1043105813200765e-13
16550.056 1.753735593891763e-13
16600.056 5.938571750111409e-13
16650.056 3.542043795445749e-13
16700.056 3.204918194409907e-14
16750.056 1.4715811219942006e-13
16800.056 2.907020163604926e-13
16850.056 3.1999304169944327e-13
16900.056 8.740963582576879e-14
16950.056 3.3623861073485125e-14
17000.056 1.23011381648247e-14
17050.056 2.853530434438691e-14
17100.056 9.06880746679775e-14
17150.056 3.630983936326234e-14
17200.056 3.137859772873738e-13
17250.056 7.621506268575019e-14
17300.056 4.689220714778672e-14
17350.056 6.444925983845964e-14
17400.056 1.9960859907009028e-13
17450.056 2.7095951018386057e-13
17500.056 4.860191817930199e-13
17550.056 4.4997441791521414e-13
17600.056 3.277560727848963e-13
17650.056 2.3315587695566417e-13
17700.056 1.769554018373066e-13
17750.056 1.9486686086094271e-13
17800.056 9.81172691103046e-13
17850.056 2.0516390052723635e-13
17900.056 1.636581889582683e-13
17950.056 1.291055783712063e-13
18000.056 2.1075135875946195e-13
18050.056 1.8028241936772406e-13
18100.056 2.506353032177587e-13
18150.056 1.1143404904029092e-13
18200.056 8.938951020960215e-14
18250.056 4.90098766955835e-13
18300.056 3.5838621466359236e-14
18350.056 2.689081312196404e-14
18400.056 1.0353787558532578e-14
18450.056 1.7769947691715333e-13
18500.056 1.517487749630967e-13
18550.056 6.347543474577783e-14
18600.056 1.7103370765632803e-13
18650.056 1.21796911874817e-13
18700.056 6.289414386785142e-15
18750.056 1.657610976490335e-14
18800.056 3.5687806272505354e-13
18850.056 3.1553265643458253e-13
18900.056 3.712210795312994e-13
18950.056 4.763862839819849e-13
19000.056 5.698082324868349e-14
19050.056 2.2770455073739588e-14
19100.056 8.637668880519764e-14
19150.056 3.127280151453512e-14
19200.056 6.670554031931143e-14
19250.056 5.072400393284276e-14
19300.056 2.558385151268965e-14
19350.056 2.462520476828224e-14
19400.056 1.9456058159619153e-14
19450.056 3.562407010150834e-14
19500.056 1.3559492574290619e-14
19550.056 5.2563014693149925e-14
19600.056 1.796996875498478e-13
19650.056 1.0083648438886428e-13
19700.056 1.292854840746023e-13
19750.056 2.7403807017996017e-13
19800.056 1.2962129643592295e-13
19850.056 1.5951852086399363e-13
19900.056 2.9101159335195957e-13
19950.056 3.970074494763992e-13
20000.056 5.426464535833972e-13
20050.056 3.55553911175468e-13
20100.056 6.289516121916083e-13
20150.056 3.390682082132576e-13
20200.056 1.9226223189095318e-13
20250.056 5.793127421424337e-13
20300.056 7.887941225998373e-13
20350.056 9.825734106049218e-13
20400.056 7.183043049616506e-13
20450.056 1.354164930987548e-12
20500.056 1.7025600845815863e-12
20550.056 2.0022197817185966e-12
20600.056 2.151278657040155e-12
20650.056 2.811882831315968e-12
20700.056 3.0891989064996556e-12
20750.056 3.628380152480714e-12
20800.056 3.234648285787837e-12
20850.056 3.9431160637760796e-12
20900.056 4.323276333289095e-12
20950.056 3.99949716081811e-12
21000.056 3.920005824936866e-12
21050.056 4.312331507899334e-12
21100.056 4.089024085590505e-12
21150.056 4.1388048761700515e-12
21200.056 3.858487456201628e-12
21250.056 3.7449425230237555e-12
21300.056 3.247590822166701e-12
21350.056 3.29118054260518e-12
21400.056 3.41933590589162e-12
21450.056 2.590688340871536e-12
21500.056 2.2746558176491403e-12
21550.056 2.327048118629431e-12
21600.056 1.8508960523332235e-12
21650.056 1.2710274310727039e-12
21700.056 8.923330520030008e-13
21750.056 1.1971331837027258e-12
21800.056 7.793518457779081e-13
21850.056 8.010634156177462e-13
21900.056 5.578547874156118e-13
21950.056 1.2658780279984798e-13
22000.056 7.947500696055776e-15
22050.056 2.432476751155109e-14
22100.056 1.2709178803559532e-13
22150.056 7.699985270736895e-14
22200.056 6.815523664711123e-14
22250.056 5.114068622681841e-14
22300.056 1.6953258651972343e-14
22350.056 3.246924425558111e-14
22400.056 8.194227995373105e-15
22450.056 1.4919052554238048e-14
22500.056 1.1503284402405928e-14
22550.056 3.5191308231645687e-15
22600.056 2.618533805622025e-15
22650.056 6.033581041123946e-15
22700.056 5.78822243123421e-15
22750.056 1.0909617921599062e-14
22800.056 1.2422245739495595e-14
22850.056 7.7845035196687e-15
22900.056 5.179812422812773e-15
22950.056 2.4235231809160562e-15
23000.056 5.15399238974698e-15
23050.056 4.1502828250215615e-15
23100.056 6.256053799922047e-14
23150.056 8.216353848674873e-14
23200.056 1.0880629374945386e-15
23250.056 8.705423409229012e-15
23300.056 6.6726916345637746e-15
23350.056 1.584989930213956e-14
23400.056 1.085850398960816e-14
23450.056 3.663608640371524e-15
23500.056 3.618644391679507e-15
23550.056 1.166486560226293e-14
23600.056 4.1541048902633523e-14
23650.056 5.814512135011837e-14
23700.056 5.310914073650144e-15
23750.056 6.1851474324566545e-15
23800.056 5.6440562600812214e-14
23850.056 2.917313879961561e-14
23900.056 7.957267201097239e-14
23950.056 2.5489273800604282e-14
24000.056 1.0460189819889658e-13
24050.056 1.3897402843634956e-13
24100.056 2.44581743537573e-13
24150.056 3.5129411044680965e-13
24200.056 1.7355639778213174e-13
24250.056 1.3099937988532725e-13
24300.056 2.817997925125559e-13
24350.056 2.5800334506668324e-13
24400.056 8.395124588902357e-13
24450.056 1.079592643652454e-12
24500.056 9.33315568855085e-13
24550.056 1.5986975389328148e-12
24600.056 1.8569557308712474e-12
24650.056 3.356713552377175e-12
24700.056 2.0183884187930994e-12
24750.056 3.0455331431271987e-12
24800.056 2.489458070981136e-12
24850.056 4.315620614370858e-12
24900.056 2.3251660225373424e-12
24950.056 3.949300175781186e-12
25000.056 5.224451998546612e-12
25050.056 3.562892717552884e-12
25100.056 5.2039172374720386e-12
25150.056 2.044630442506871e-12
25200.056 3.4467925999827294e-12
25250.056 1.311007472919828e-12
25300.056 1.282125985566943e-12
25350.056 6.568241647380542e-13
25400.056 1.6881647432446018e-12
25450.056 3.310137266947776e-13
25500.056 2.5778272786291743e-13
25550.056 7.672928513134085e-13
25600.056 2.2663876456681186e-13
25650.056 9.540729973160161e-14
25700.056 5.743335267768042e-14
25750.056 1.522789689417856e-14
25800.056 1.0921090796180933e-13
25850.056 1.089049601658498e-14
25900.056 1.419780678039909e-14
25950.056 2.8541045543312684e-15
26000.056 6.356671549833135e-14
26050.056 4.0040216066171535e-15
26100.056 2.2642148702956124e-14
26150.056 6.85727438755363e-15
26200.056 1.0714797078115787e-14
26250.056 1.3117757026096586e-13
26300.056 1.3146971040634387e-14
26350.056 4.60389199369516e-13
26400.056 1.2665565994733936e-12
26450.056 6.018833881041731e-13
26500.056 2.2578033580693123e-12
26550.056 6.755153353063375e-14
26600.056 6.37710365609708e-14
26650.056 6.5823130132940454e-15
26700.056 5.124831726998551e-15
26750.056 1.157948885367673e-14
26800.056 6.294115662305012e-14
26850.056 3.297154056152524e-14
26900.056 2.2476072223801052e-13
26950.056 4.060120870794455e-14
27000.056 3.2321452297330247e-13
27050.056 6.697359221411414e-13
27100.056 1.606927953020917e-14
27150.056 4.693718339998069e-13
27200.056 1.8932610515372938e-14
27250.056 1.2195966331181736e-13
27300.056 2.1372902612480608e-12
27350.056 4.2126302146238863e-13
27400.056 1.459505679474519e-14
27450.056 7.970297110820382e-13
27500.056 9.939022352291831e-13
27550.056 1.0174891099204294e-13
27600.056 4.2902592712583747e-13
27650.056 7.748820018620758e-14
27700.056 9.689529514439413e-14
27750.056 9.472044282375972e-13
27800.056 2.0887994664244026e-13
27850.056 5.517415094950055e-13
27900.056 6.093654899354144e-13
27950.056 1.6127038898644782e-12
28000.056 2.268026971526959e-12
28050.056 1.0570991227948225e-13
28100.056 2.0204219549712015e-12
28150.056 1.5608605948030147e-12
28200.056 2.1392935826317577e-13
28250.056 2.9438690438464486e-12
28300.056 2.498856682560573e-12
28350.056 2.8339491819062035e-13
28400.056 1.4063522141556751e-12
28450.056 3.2200721373948516e-12
28500.056 1.3590519118265734e-12
28550.056 2.476944467958605e-13
28600.056 3.0125503499447715e-12
28650.056 1.3284981052614212e-12
28700.056 3.6016019141304003e-12
28750.056 4.867443611265879e-12
28800.056 1.0735080059605585e-12
28850.056 8.482165623528232e-12
