galfind/configs/Brown_Dwarf_templates/sonora_bobcat/m0.0/17g/sp_t275g17nc_m0.0_resample.dat
# %ECSV 1.0
# ---
# datatype:
# - {name: wav, unit: Angstrom, datatype: float64}
# - {name: flux_nu, unit: erg / (cm2 Hz s), datatype: float64}
# meta: {C/O: '1.00', Kzz: '1.0000E+05', Teff: '275.', Y: '0.28', '[Fe/H]': '0.00', f_hole: '1.00', f_rain: '0.00', grav: '18.'}
# schema: astropy-2.0
wav flux_nu
4000.0559999999996 nan
4050.0559999999996 4.838107979160105e-20
4100.056 1.0502473680000194e-18
4150.056 4.798575902100027e-18
4200.056 5.384483670636008e-18
4250.056 3.557927803800022e-17
4300.056 8.337747783999958e-17
4350.056 1.6073803462000076e-16
4400.056 2.6171258155999793e-16
4450.056 3.994858442899966e-16
4500.056 7.020275427000042e-16
4550.056 9.015045004810014e-16
4600.056 5.560730127699978e-16
4650.056 4.495951197499977e-16
4700.056 2.921611114100011e-16
4750.056 1.8497127761000162e-16
4800.056 1.2999195294799957e-16
4850.056 7.139759783999985e-17
4900.056 4.916045727500011e-17
4950.056 4.076999294300008e-17
5000.056 3.1517997021999887e-17
5050.056 2.4885474307300096e-17
5100.056 3.091596878880098e-17
5150.056 4.0936714863000436e-17
5200.056 5.157605804400035e-17
5250.056 6.144048632300015e-17
5300.056 7.321972054000024e-17
5350.056 8.726358854100018e-17
5400.056 9.812389351600043e-17
5450.056 1.1539059084600284e-16
5500.056 1.3953163066000156e-16
5550.056 1.6841930563000028e-16
5600.056 1.9502564254000058e-16
5650.056 2.1427902193999926e-16
5700.056 2.0054265443599972e-16
5750.056 1.9789893870400062e-16
5800.056 1.7408488828699857e-16
5850.056 1.085284782069975e-16
5900.056 2.0081516602193406e-17
5950.056 1.8087135205151403e-16
6000.056 5.011266977139819e-16
6050.056 1.159197212310026e-15
6100.056 2.1405062110000355e-15
6150.056 3.4059272653000253e-15
6200.056 5.036804976300032e-15
6250.056 6.700986454799972e-15
6300.056 9.376896746299967e-15
6350.056 1.2757392253800001e-14
6400.056 1.679904868230002e-14
6450.056 1.679102333221938e-14
6500.056 2.095204850310241e-14
6550.056 2.9011730591656034e-14
6600.056 4.15114829406617e-14
6650.056 6.160040121650094e-14
6700.056 8.838858148400036e-14
6750.056 1.22598971382001e-13
6800.056 1.477771514100028e-13
6850.056 1.6251631590200043e-13
6900.056 1.2771064179640342e-13
6950.056 7.974057854965355e-14
7000.056 1.0044794699750489e-13
7050.056 1.001524145963856e-13
7100.056 1.1502966580745555e-13
7150.056 7.142347091123021e-14
7200.056 3.520268505226532e-14
7250.056 4.951535737536819e-14
7300.056 5.4784513209715614e-14
7350.056 9.19109886670838e-14
7400.056 1.406286094902004e-13
7450.056 2.4730005395722614e-13
7500.056 3.6466727024799894e-13
7550.056 4.690607982900011e-13
7600.056 5.224267557099994e-13
7650.056 2.4258705253229247e-13
7700.056 2.0527578514420592e-13
7750.056 6.655614446800069e-13
7800.056 7.927698190459903e-13
7850.056 8.858513686569832e-13
7900.056 9.984050523839625e-13
7950.056 1.105659134311974e-12
8000.056 1.139564900179199e-12
8050.056 1.2270524234300038e-12
8100.056 5.653242212732836e-13
8150.056 2.860060248675846e-13
8200.056 7.164875281746751e-13
8250.056 7.819614522104667e-13
8300.056 7.644653434112495e-13
8350.056 6.575758274857205e-13
8400.056 7.63613178784993e-13
8450.056 1.2910449065074088e-12
8500.056 1.6004868718750189e-12
8550.056 2.1244322797200426e-12
8600.056 2.616432418080001e-12
8650.056 2.730545422800048e-12
8700.056 1.9615573336000583e-12
8750.056 1.6398061200600067e-12
8800.056 1.0634351186958923e-12
8850.056 5.122370820969331e-13
8900.056 7.403839476688496e-15
8950.056 3.551459981698828e-15
9000.056 2.6836370337701285e-15
9050.056 2.1635366013481028e-14
9100.056 4.0582201006624264e-14
9150.056 1.1471521357890557e-13
9200.056 5.370431140325507e-13
9250.056 4.513588898719682e-13
9300.056 2.4829104026415093e-15
9350.056 2.2341356900273625e-15
9400.056 2.870404045206204e-14
9450.056 2.288664712082813e-14
9500.056 2.087699066585245e-14
9550.056 2.1630708022732482e-14
9600.056 2.959390909209922e-14
9650.056 8.581894188132257e-14
9700.056 3.923943507549799e-13
9750.056 1.9287502999614054e-13
9800.056 1.3673644620287324e-13
9850.056 1.1757876979274607e-13
9900.056 1.535831267434624e-13
9950.056 1.0654416964208442e-13
10000.056 1.141575049362009e-13
10050.056 9.493027947443702e-14
10100.056 8.38793872779918e-14
10150.056 3.6915241220708716e-14
10200.056 7.499690039120458e-15
10250.056 9.654757423310346e-15
10300.056 2.921675468149117e-14
10350.056 1.0656488821612323e-14
10400.056 7.976090409562284e-14
10450.056 2.409298100139954e-13
10500.056 7.075633464402666e-13
10550.056 2.0879692270567927e-12
10600.056 3.824890943870232e-12
10650.056 4.791963984911095e-12
10700.056 3.975754467894778e-12
10750.056 4.588385725194996e-12
10800.056 4.600186743565603e-12
10850.056 3.573338910355283e-12
10900.056 2.11826550799251e-12
10950.056 9.791960959893913e-13
11000.056 4.689298896806916e-13
11050.056 2.214021366230054e-13
11100.056 6.002976537052463e-14
11150.056 9.864119917832515e-15
11200.056 1.6607839115245928e-15
11250.056 8.98554171822827e-16
11300.056 7.8796605067418e-15
11350.056 5.303301068539386e-16
11400.056 8.58295486068342e-15
11450.056 4.270620698151208e-15
11500.056 3.385485265378938e-15
11550.056 2.982852277848799e-16
11600.056 4.6482767870018554e-17
11650.056 9.725092008464756e-16
11700.056 1.1553374130919188e-15
11750.056 1.4068443738919743e-16
11800.056 1.3636312307310039e-15
11850.056 1.0706165212157432e-15
11900.056 8.878455664594879e-16
11950.056 2.033313181053216e-15
12000.056 3.732160548817086e-15
12050.056 6.9943871882714166e-15
12100.056 1.1492664262528728e-14
12150.056 1.5780459153317912e-14
12200.056 1.6640308774390855e-14
12250.056 6.518669340732047e-14
12300.056 1.933108446753401e-13
12350.056 2.61436914968662e-13
12400.056 7.172654561777425e-13
12450.056 1.8411266062423632e-12
12500.056 2.3840326916888113e-12
12550.056 3.0244712306617724e-12
12600.056 7.513719650749631e-12
12650.056 1.7487040226493118e-11
12700.056 1.9088417385763963e-11
12750.056 7.546279002837092e-12
12800.056 2.2873031061991156e-12
12850.056 7.695428890352628e-13
12900.056 4.595864079484818e-13
12950.056 3.2935294662054916e-13
13000.056 3.060155996994456e-13
13050.056 1.605239409354623e-13
13100.056 1.1464530005251434e-13
13150.056 4.913903161570973e-14
13200.056 6.309559279113949e-14
13250.056 7.847235257025354e-14
13300.056 3.213843311285121e-14
13350.056 1.0496825555294874e-14
13400.056 6.213072384543868e-15
13450.056 1.0301322902712938e-15
13500.056 1.5001039615253283e-16
13550.056 2.0265465500874413e-17
13600.056 8.15817967702822e-19
13650.056 1.704612312164323e-17
13700.056 4.559434602478447e-18
13750.056 3.3490470582338006e-17
13800.056 1.6649580455300552e-17
13850.056 7.625962930303794e-18
13900.056 3.518177913053079e-17
13950.056 1.597772757269543e-17
14000.056 3.316435039531042e-17
14050.056 4.997963721350128e-17
14100.056 8.026569292008507e-17
14150.056 5.167726836805649e-16
14200.056 2.523233793469405e-16
14250.056 6.074864026239753e-16
14300.056 1.9365327326782023e-15
14350.056 1.9554032780899133e-15
14400.056 2.0369545236341347e-15
14450.056 4.977043253181869e-15
14500.056 1.4993778079125077e-14
14550.056 2.12177143654687e-14
14600.056 1.7870088833217106e-14
14650.056 4.895777832884298e-15
14700.056 1.8561578211126688e-15
14750.056 2.3770114189833163e-16
14800.056 6.397845924738853e-16
14850.056 7.58626591129469e-16
14900.056 6.283559224685493e-16
14950.056 2.863810585996947e-16
15000.056 1.2856829012886785e-15
15050.056 1.790702484673825e-15
15100.056 4.715705602711441e-16
15150.056 1.2149142001537487e-16
15200.056 1.210124442833355e-15
15250.056 3.2604468840956003e-15
15300.056 4.5189077907701045e-15
15350.056 1.0648975861489805e-14
15400.056 1.1253080443766817e-14
15450.056 1.6998743010477868e-14
15500.056 2.3676585944828576e-14
15550.056 1.0318989687076174e-13
15600.056 1.8007373605660002e-13
15650.056 5.239277017881591e-13
15700.056 1.287328339799601e-12
15750.056 2.385030386240082e-12
15800.056 2.980647096908478e-12
15850.056 4.5961776313341195e-12
15900.056 6.529413982058054e-12
15950.056 9.379654552186638e-12
16000.056 9.05745946573021e-12
16050.056 5.406980096988469e-12
16100.056 2.7517166331033872e-12
16150.056 1.0437554103406056e-12
16200.056 3.7214937865702045e-13
16250.056 1.5692619630600674e-13
16300.056 5.2755415012438196e-14
16350.056 7.19650700421072e-14
16400.056 1.0074739500885282e-13
16450.056 6.610286626080414e-14
16500.056 4.9055029602780974e-14
16550.056 3.728930072405826e-14
16600.056 1.5421941310301135e-13
16650.056 7.959595213827206e-14
16700.056 7.461686673619729e-15
16750.056 3.123121948678209e-14
16800.056 6.966647936458818e-14
16850.056 7.098230371642662e-14
16900.056 1.6810504574658743e-14
16950.056 6.14215541478456e-15
17000.056 2.0378629087348507e-15
17050.056 4.520949809932369e-15
17100.056 1.7379378171345106e-14
17150.056 6.6001427626355814e-15
17200.056 6.558339720801068e-14
17250.056 1.1825991430398019e-14
17300.056 8.464659077423896e-15
17350.056 1.2171123917069796e-14
17400.056 4.2063877468494895e-14
17450.056 5.594391968549447e-14
17500.056 1.1099740115257945e-13
17550.056 1.03302907015311e-13
17600.056 7.680635068772204e-14
17650.056 4.7846683833501026e-14
17700.056 3.700646879170092e-14
17750.056 3.9119715447070966e-14
17800.056 2.402366453037171e-13
17850.056 3.9269652657467456e-14
17900.056 3.2738206562925427e-14
17950.056 2.5965801139182214e-14
18000.056 4.2396391850590736e-14
18050.056 3.5683245018793155e-14
18100.056 5.0003066358056384e-14
18150.056 1.8807366401475673e-14
18200.056 1.5310007642396157e-14
18250.056 9.606569641251962e-14
18300.056 5.0327322996988125e-15
18350.056 3.918121789064238e-15
18400.056 1.1930728509112002e-15
18450.056 2.8325280477920025e-14
18500.056 2.221799239323732e-14
18550.056 8.876989629644262e-15
18600.056 2.913315677163441e-14
18650.056 2.2337368832054905e-14
18700.056 7.198439288149842e-16
18750.056 1.7546337136904816e-15
18800.056 6.666742798203077e-14
18850.056 5.3354617177068675e-14
18900.056 7.599711870962868e-14
18950.056 8.948997683800368e-14
19000.056 7.881756254597809e-15
19050.056 3.168308938530939e-15
19100.056 1.4260558314971287e-14
19150.056 5.0409774494364865e-15
19200.056 1.2631243764388764e-14
19250.056 9.122338573554104e-15
19300.056 4.239066364405645e-15
19350.056 4.2706007486833425e-15
19400.056 3.102136726709283e-15
19450.056 5.396712453237921e-15
19500.056 1.9150212771412638e-15
19550.056 9.3260175220328e-15
19600.056 3.247845099429872e-14
19650.056 1.799022516852023e-14
19700.056 2.47002820702681e-14
19750.056 5.405791191072499e-14
19800.056 2.3593938050836123e-14
19850.056 2.9323195800191845e-14
19900.056 5.709551862551823e-14
19950.056 7.759610441933121e-14
20000.056 1.0429898005475777e-13
20050.056 6.856534650268476e-14
20100.056 1.1389690040253166e-13
20150.056 6.603428985650549e-14
20200.056 3.5101881972288306e-14
20250.056 1.1588537940337897e-13
20300.056 1.6407009430726546e-13
20350.056 2.0505408888625328e-13
20400.056 1.4835788575199907e-13
20450.056 2.79929159751444e-13
20500.056 3.4079729364379986e-13
20550.056 3.9313988723761483e-13
20600.056 4.196721506145729e-13
20650.056 5.301169387939189e-13
20700.056 5.707909122335045e-13
20750.056 6.434715839911852e-13
20800.056 5.63715429563084e-13
20850.056 6.752703566448135e-13
20900.056 7.242770848548879e-13
20950.056 6.634793586190117e-13
21000.056 6.394476226651522e-13
21050.056 6.940534802799169e-13
21100.056 6.636576350860654e-13
21150.056 6.723989891680249e-13
21200.056 6.349282411392217e-13
21250.056 6.315682963818263e-13
21300.056 5.626267162080785e-13
21350.056 5.759875639713756e-13
21400.056 6.185286862843685e-13
21450.056 4.797686070024154e-13
21500.056 4.228672609292446e-13
21550.056 4.534114232450981e-13
21600.056 3.6586286144912156e-13
21650.056 2.490824069317894e-13
21700.056 1.669048564132231e-13
21750.056 2.403399541335495e-13
21800.056 1.592809258749789e-13
21850.056 1.638326306000328e-13
21900.056 1.158377125275212e-13
21950.056 2.5391197003500648e-14
22000.056 1.1825279690351985e-15
22050.056 4.314688509793777e-15
22100.056 2.2566258424953775e-14
22150.056 1.246618969664435e-14
22200.056 1.0454451649329237e-14
22250.056 7.559223950624895e-15
22300.056 2.2380937670415446e-15
22350.056 4.869254999964845e-15
22400.056 1.138154955281822e-15
22450.056 2.2507316059614383e-15
22500.056 1.7014158728061854e-15
22550.056 4.1657259413200965e-16
22600.056 3.0599489017351215e-16
22650.056 6.659261185610903e-16
22700.056 6.991876029966512e-16
22750.056 1.5571966193091639e-15
22800.056 1.8831319470922097e-15
22850.056 1.1575347785437888e-15
22900.056 7.358331259686169e-16
22950.056 2.9422684954229095e-16
23000.056 6.739273206994287e-16
23050.056 4.342325544904955e-16
23100.056 1.0306944581930816e-14
23150.056 1.4533988221164495e-14
23200.056 1.402064263122822e-16
23250.056 1.4175014273195838e-15
23300.056 9.293706314030166e-16
23350.056 2.420779994824647e-15
23400.056 1.732506686363616e-15
23450.056 4.650937575609204e-16
23500.056 4.680441235565715e-16
23550.056 1.6526716376739896e-15
23600.056 6.844814072814792e-15
23650.056 9.846573272649123e-15
23700.056 7.088141431306285e-16
23750.056 9.401359197244815e-16
23800.056 9.985751581957079e-15
23850.056 4.669077612418502e-15
23900.056 1.3498995394000172e-14
23950.056 3.717437126448558e-15
24000.056 1.867613969812996e-14
24050.056 2.4652592026672875e-14
24100.056 4.9764691531689683e-14
24150.056 7.077382869519164e-14
24200.056 3.2625404011013795e-14
24250.056 2.4722449550011398e-14
24300.056 5.534653647834826e-14
24350.056 5.3707341336375854e-14
24400.056 1.8719913765083493e-13
24450.056 2.4422378931913436e-13
24500.056 2.1371396805312237e-13
24550.056 3.8107061995918656e-13
24600.056 4.640536440258657e-13
24650.056 8.606879931597058e-13
24700.056 5.419269345248134e-13
24750.056 8.328400153145998e-13
24800.056 6.736271198353619e-13
24850.056 1.1568175466164095e-12
24900.056 6.679417873589199e-13
24950.056 1.053143824002011e-12
25000.056 1.5066469355313529e-12
25050.056 1.0527195360209784e-12
25100.056 1.4768771887180873e-12
25150.056 5.830278308201787e-13
25200.056 9.808544809940829e-13
25250.056 3.818538140371402e-13
25300.056 3.243479565811447e-13
25350.056 1.8134754368488288e-13
25400.056 4.4535619243232194e-13
25450.056 8.215053512399799e-14
25500.056 6.260186916530035e-14
25550.056 1.95237379616496e-13
25600.056 5.39144802625244e-14
25650.056 2.0812478598880992e-14
25700.056 1.160389742593894e-14
25750.056 3.490260502960009e-15
25800.056 2.2439932770222085e-14
25850.056 2.5042753215589045e-15
25900.056 2.9225457131767375e-15
25950.056 9.590758093422387e-16
26000.056 1.2158807499904563e-14
26050.056 1.2171063411699297e-15
26100.056 4.813634843658382e-15
26150.056 1.8237452697562433e-15
26200.056 2.5623985710579846e-15
26250.056 2.2423834248052738e-14
26300.056 3.2376664097030075e-15
26350.056 8.733979679124897e-14
26400.056 2.614830636315709e-13
26450.056 1.1668722115434572e-13
26500.056 4.601280618077913e-13
26550.056 1.4801656320828855e-14
26600.056 1.3446939498489187e-14
26650.056 2.1230314739931818e-15
26700.056 2.1000726422565585e-15
26750.056 3.765046967042349e-15
26800.056 1.6726717373188217e-14
26850.056 9.576574913186061e-15
26900.056 5.2641962337186045e-14
26950.056 9.783287561464068e-15
27000.056 6.610597407592487e-14
27050.056 1.5124986508008118e-13
27100.056 4.924389311391871e-15
27150.056 9.8177548295165e-14
27200.056 6.209399398273875e-15
27250.056 2.845049700394573e-14
27300.056 4.703296974077427e-13
27350.056 9.761284908901073e-14
27400.056 5.476834129113712e-15
27450.056 1.9053115224762974e-13
27500.056 2.3402863269922667e-13
27550.056 2.91627652919932e-14
27600.056 1.1131445944884669e-13
27650.056 2.3653465191734306e-14
27700.056 3.0773484106882715e-14
27750.056 2.513779862166298e-13
27800.056 6.072427561242439e-14
27850.056 1.6210569296226838e-13
27900.056 1.8960933431256458e-13
27950.056 4.3809333108588094e-13
28000.056 6.973492603525431e-13
28050.056 3.2054687943333485e-14
28100.056 6.18708545005039e-13
28150.056 4.777941486200805e-13
28200.056 6.207256457103134e-14
28250.056 8.756732796041357e-13
28300.056 7.393355766642851e-13
28350.056 7.811528994842428e-14
28400.056 3.919380285616365e-13
28450.056 8.85152387853695e-13
28500.056 3.4073450495628895e-13
28550.056 7.375339624483516e-14
28600.056 8.569956106145398e-13
28650.056 3.230138307691175e-13
28700.056 1.0004829248448128e-12
28750.056 1.309310379839805e-12
28800.056 2.4947247154110697e-13
28850.056 2.8586604750635093e-12
