galfind/configs/Brown_Dwarf_templates/sonora_bobcat/m0.0/17g/sp_t425g17nc_m0.0_resample.dat
# %ECSV 1.0
# ---
# datatype:
# - {name: wav, unit: Angstrom, datatype: float64}
# - {name: flux_nu, unit: erg / (cm2 Hz s), datatype: float64}
# meta: {C/O: '1.00', Kzz: '1.0000E+05', Teff: '425.', Y: '0.28', '[Fe/H]': '0.00', f_hole: '1.00', f_rain: '0.00', grav: '18.'}
# schema: astropy-2.0
wav flux_nu
[from data line 498]
28900.056 1.5659636990087938e-10
28950.056 2.4570013857369494e-10
29000.056 1.5589520847830881e-10
29050.056 2.4712158110841166e-10
29100.056 1.3547810576628096e-10
29150.056 1.59020757358857e-10
29200.056 2.862567104594863e-10
29250.056 4.0934249500484046e-10
29300.056 1.710141067313935e-10
29350.056 4.82743871264269e-10
29400.056 2.534817735345499e-10
29450.056 1.8226386895679186e-10
29500.056 4.400073220911116e-10
29550.056 1.9275919054969908e-10
29600.056 2.7416697512975534e-10
29650.056 6.050047554553601e-10
29700.056 1.7900527001393953e-10
29750.056 4.6325336758858467e-10
29800.056 3.849110285815847e-10
29850.056 4.988316239597999e-10
29900.056 3.103236085882499e-10
29950.056 3.944396701430684e-10
30000.056 8.513391325369832e-12
30050.056 4.332285041470004e-11
30100.056 1.548117948637792e-10
30150.056 4.0178572586729515e-10
30200.056 3.0328304550181235e-10
30250.056 6.333355142064902e-10
30300.056 9.189773400444155e-10
30350.056 3.0224104457418927e-10
30400.056 8.020356237319714e-10
30450.056 5.304675074489758e-10
30500.056 4.684604593137547e-10
30550.056 4.004999162142357e-10
30600.056 1.2169073925679004e-09
30650.056 7.062479624046117e-10
30700.056 4.5423228371884595e-10
30750.056 9.071234157941541e-10
30800.056 5.93064849723612e-10
30850.056 7.150619684443702e-10
30900.056 3.489992334826631e-10
30950.056 4.332896781256074e-10
31000.056 4.681430660194878e-10
31050.056 3.450962970008866e-10
31100.056 2.1110407361768274e-10
31150.056 3.9396459150797913e-10
31200.056 7.667989944899626e-10
31250.056 5.379473763966957e-10
31300.056 3.194950887452679e-10
31350.056 6.07325063419191e-10
31400.056 4.2653900622527733e-10
31450.056 4.2296058666612143e-10
31500.056 1.972996527794556e-10
31550.056 2.912389837184182e-10
31600.056 1.8480545205403476e-10
31650.056 2.0039621996664088e-10
31700.056 1.9428518276613924e-10
31750.056 9.518176317386984e-11
31800.056 1.8733492800763962e-10
31850.056 4.139437217417584e-11
31900.056 9.246231374618039e-11
31950.056 6.014838091618893e-11
32000.056 4.734109325785107e-11
32050.056 7.858673330037822e-11
32100.056 7.000154042430098e-11
32150.056 7.92538469226254e-11
32200.056 3.7961898830044726e-11
32250.056 1.0210637421512143e-10
32300.056 3.490263684959539e-11
32350.056 9.028752612964022e-11
32400.056 2.0890283988550593e-11
32450.056 6.908928285442552e-11
32500.056 2.4328467946806796e-11
32550.056 5.1649051543305047e-11
32600.056 3.0248666925257555e-11
32650.056 1.591804891646519e-10
32700.056 4.380706791410143e-11
32750.056 2.637746969239949e-10
32800.056 1.4174814798926655e-10
32850.056 4.0924631265710426e-10
32900.056 3.4235004091352657e-10
32950.056 4.044196004409183e-10
33000.056 1.5967447382192866e-10
33050.056 2.344154706724568e-10
33100.056 4.96941872556629e-11
33150.056 2.5780619345999076e-14
33200.056 1.2038170158473319e-12
33250.056 1.1410403906672133e-12
33300.056 8.16365206468399e-12
33350.056 2.6448133028396104e-11
33400.056 1.0373122378710778e-10
33450.056 8.66802402395908e-11
33500.056 2.9360613682810915e-10
33550.056 6.534344257017376e-11
33600.056 1.9802829046856336e-10
33650.056 1.7375094296370735e-10
33700.056 8.003718988286846e-11
33750.056 2.6603015636585984e-10
33800.056 3.7645300511720185e-11
33850.056 1.4263157018777048e-10
33900.056 1.4707192826533391e-10
33950.056 1.1513900315956557e-10
34000.056 2.6321184267167286e-10
34050.056 4.514067969991335e-11
34100.056 2.361623047463814e-10
34150.056 1.1715576448318742e-10
34200.056 2.6344905660600294e-10
34250.056 1.6366680018091834e-10
34300.056 1.714291336364818e-10
34350.056 2.576250012314191e-10
34400.056 1.0044176731903608e-10
34450.056 2.6904717425748375e-10
34500.056 1.566629918482721e-10
34550.056 9.737413146979127e-11
34600.056 4.0793842966059934e-10
34650.056 9.619786355856184e-11
34700.056 3.315346489930125e-10
34750.056 2.0579088658250718e-10
34800.056 2.1091410903652621e-10
34850.056 4.399589251259715e-10
34900.056 1.714362063764143e-10
34950.056 4.382931142375333e-10
35000.056 8.624461502355062e-10
35050.056 3.831843248340496e-10
35100.056 8.250344048807161e-10
35150.056 5.858088671794924e-10
35200.056 6.558197634763322e-10
35250.056 1.0166258139125804e-09
35300.056 5.199265026580856e-10
35350.056 5.824558550254545e-10
35400.056 4.993332080034174e-10
35450.056 4.251659074574693e-10
35500.056 1.468826696353002e-09
35550.056 9.395553627142333e-10
35600.056 9.144237644118559e-10
35650.056 9.114461826938582e-10
35700.056 1.0534173075672867e-09
35750.056 1.4607767210131363e-09
35800.056 1.552239975082802e-09
35850.056 5.76266340685781e-10
35900.056 7.692771506265921e-10
35950.056 8.750326131410488e-10
36000.056 1.1208998246777117e-09
36050.056 7.685213231316932e-10
36100.056 7.308864495899926e-10
36150.056 1.406308761314512e-09
36200.056 1.4902287821219227e-09
36250.056 1.1222168603862087e-09
36300.056 2.247434071558208e-09
36350.056 1.3687590341811291e-09
36400.056 2.030293946926905e-09
36450.056 2.3551925707067622e-09
36500.056 2.6081992853769687e-09
36550.056 3.0076999057798354e-09
36600.056 3.387818239486144e-09
36650.056 2.621772915580051e-09
36700.056 3.016257359822935e-09
36750.056 3.5930480274848563e-09
36800.056 3.85516714341832e-09
36850.056 2.291464163218225e-09
36900.056 3.979544474672001e-09
36950.056 4.033371272424496e-09
37000.056 3.0167103702021305e-09
37050.056 4.142679954914629e-09
37100.056 3.7231716969032755e-09
37150.056 2.857118299440176e-09
37200.056 4.991433858257891e-09
37250.056 3.542051073323728e-09
37300.056 2.7658283242987358e-09
37350.056 4.460217088000332e-09
37400.056 6.514553212422468e-09
37450.056 3.0649956652727526e-09
37500.056 3.97446066226524e-09
37550.056 6.120339862963007e-09
37600.056 8.356665933677272e-09
37650.056 3.255271916874535e-09
37700.056 6.696262413119036e-09
37750.056 4.203866384054624e-09
37800.056 4.333291022483349e-09
37850.056 2.240519458874947e-09
37900.056 3.2709725024606703e-09
37950.056 5.962495443316706e-09
38000.056 6.111193220695225e-09
38050.056 7.608276872295399e-09
38100.056 8.502206059422331e-09
38150.056 9.575406051135402e-09
38200.056 8.761250865134326e-09
38250.056 9.053561724713093e-09
38300.056 1.3330757909955272e-08
38350.056 1.2972375478226041e-08
38400.056 5.5880985571838876e-09
38450.056 3.462707495694168e-09
38500.056 2.1241037539403142e-09
38550.056 6.202155261250492e-09
38600.056 6.11224607512284e-09
38650.056 6.642926589925977e-09
38700.056 4.809851574117879e-09
38750.056 6.270183247719242e-09
38800.056 6.338267301697713e-09
38850.056 6.971374708037453e-09
38900.056 9.250747161080482e-09
38950.056 6.134089467196407e-09
39000.056 1.012432286373136e-08
39050.056 6.0574233067104e-09
39100.056 9.033334708231567e-09
39150.056 1.0622575414841187e-08
39200.056 8.577383000980405e-09
39250.056 1.2982372988365278e-08
39300.056 8.081345942194052e-09
39350.056 1.589822952135992e-08
39400.056 8.53685415232494e-09
39450.056 1.2598575754207392e-08
39500.056 1.3081632940120081e-08
39550.056 8.085168916119216e-09
39600.056 1.2913726456458059e-08
39650.056 1.4397306842254536e-08
39700.056 1.4293061555887332e-08
39750.056 8.788226265242392e-09
39800.056 9.787930756959381e-09
39850.056 1.789596562855258e-08
39900.056 2.013522912560182e-08
39950.056 1.0176362407760194e-08
40000.056 1.8138714458893694e-08
40050.056 1.7464476671888325e-08
40100.056 8.4270597897843e-09
40150.056 1.765076114195303e-08
40200.056 1.8526674351626428e-08
40250.056 2.0615615037691928e-08
40300.056 1.9456758708077638e-08
40350.056 1.4708406504021167e-08
40400.056 1.9892918808674202e-08
40450.056 1.1999452462218142e-08
40500.056 2.3437122137188575e-08
40550.056 2.488893481276555e-08
40600.056 1.9260344791042265e-08
40650.056 1.4554082703240693e-08
40700.056 2.8429957184886686e-08
40750.056 1.9514924710845338e-08
40800.056 1.4002102813732598e-08
40850.056 3.3739122373013485e-08
40900.056 2.7642397211706966e-08
40950.056 2.5792286530609842e-08
41000.056 2.1575284929406002e-08
41050.056 3.565720546330488e-08
41100.056 2.9224782429881928e-08
41150.056 1.4153456734151248e-08
41200.056 3.734841751077417e-08
41250.056 2.5488962193413603e-08
41300.056 2.6718120811451724e-08
41350.056 3.7289198621795135e-08
41400.056 3.21345953895025e-08
41450.056 4.263833488528564e-08
41500.056 2.988655471943027e-08
41550.056 2.7608398960370905e-08
41600.056 2.8070515787007376e-08
41650.056 3.7283748573660115e-08
41700.056 4.1645440381280176e-08
41750.056 3.6293892134791105e-08
41800.056 3.890740573055076e-08
41850.056 3.508973818402075e-08
41900.056 3.327827368767557e-08
41950.056 3.1593020137405165e-08
42000.056 2.24936679478086e-08
42050.056 2.6116296407658427e-08
42100.056 2.865429775821056e-08
42150.056 3.0167047267319356e-08
42200.056 3.3307214990946085e-08
42250.056 2.68888195029019e-08
42300.056 2.836282326210757e-08
42350.056 4.117671755950292e-08
42400.056 4.506612790261148e-08
42450.056 4.27865149433193e-08
42500.056 3.9037137242090104e-08
42550.056 3.516913289998574e-08
42600.056 3.7546727368852714e-08
42650.056 5.931845713896939e-08
42700.056 3.402699844594298e-08
42750.056 4.4268339249853996e-08
42800.056 6.170903175601377e-08
42850.056 6.063280667998116e-08
42900.056 6.34431308538208e-08
42950.056 5.3459672442989065e-08
43000.056 5.857188540362111e-08
43050.056 3.4680249747065576e-08
43100.056 4.828529363648784e-08
43150.056 4.095813024735818e-08
43200.056 6.557153577200405e-08
43250.056 7.790054023399898e-08
43300.056 7.59363728129905e-08
43350.056 4.618648447398602e-08
43400.056 6.145190673760022e-08
43450.056 4.259189604410325e-08
43500.056 3.997314185820924e-08
43550.056 4.4886437829404523e-08
43600.056 7.254490582800976e-08
43650.056 5.111314630630381e-08
43700.056 7.960558887472324e-08
43750.056 7.049104514979301e-08
43800.056 6.654164143628929e-08
43850.056 5.5912224159699774e-08
43900.056 5.180510441163217e-08
43950.056 3.2444872291398176e-08
44000.056 3.386647199709489e-08
44050.056 7.976208479500156e-08
44100.056 1.0022601991999301e-07
44150.056 8.851058423870156e-08
44200.056 7.813827157749763e-08
44250.056 4.595715710450109e-08
44300.056 3.897961986810653e-08
44350.056 4.449909428927696e-08
44400.056 4.063087089339367e-08
44450.056 6.767155939928984e-08
44500.056 6.571613269681402e-08
44550.056 9.373281364139043e-08
44600.056 7.930822946977807e-08
44650.056 6.705132873731398e-08
44700.056 4.609335991560129e-08
44750.056 7.620462111022004e-08
44800.056 5.080887033489819e-08
44850.056 6.556789524374874e-08
44900.056 5.949150987760472e-08
44950.056 7.388531894840714e-08
45000.056 8.251765628800327e-08
45050.056 7.438947645798944e-08
45100.056 6.620402199569623e-08
45150.056 6.3008025793282e-08
45200.056 5.091357882690096e-08
45250.056 5.8499288298677395e-08
45300.056 5.106503446701117e-08
45350.056 4.4244947655416614e-08
45400.056 1.0890494296701471e-07
45450.056 8.388178627630869e-08
45500.056 1.0496189373790749e-07
45550.056 1.0684821957595542e-07
45600.056 9.576537003202445e-08
45650.056 7.664863268370074e-08
45700.056 5.233913492989776e-08
45750.056 5.139519231510212e-08
45800.056 1.1545125920409498e-07
45850.056 9.061844264829347e-08
45900.056 1.1435679238598599e-07
45950.056 9.93899963589991e-08
46000.056 1.0636500645040883e-07
46050.056 8.039446157530936e-08
46100.056 1.255096578599809e-07
46150.056 7.752808438981028e-08
46200.056 6.690355627559094e-08
46250.056 3.024362635037453e-08
46300.056 7.812160407499992e-08
46350.056 8.272175277121388e-08
46400.056 7.017539742000016e-08
46450.056 6.652925780755186e-08
46500.056 7.981496964191993e-08
46550.056 4.348454877200365e-08
46600.056 6.563744599025197e-08
46650.056 9.776362408590672e-08
46700.056 6.427320898178117e-08
46750.056 3.6700614105765525e-08
46800.056 2.404304248829501e-08
46850.056 9.858904813871955e-08
46900.056 9.060322750599712e-08
46950.056 9.189092492199268e-08
47000.056 9.056243776101889e-08
47050.056 6.600620293151169e-08
47100.056 4.682975684746795e-08
47150.056 6.984568829960864e-08
47200.056 8.036309259839503e-08
47250.056 5.055192497939646e-08
47300.056 3.311367842507355e-08
47350.056 9.902399107099545e-08
47400.056 8.128050864899336e-08
47450.056 7.294599411484233e-08
47500.056 9.976152165038835e-08
47550.056 8.658792121401146e-08
47600.056 8.244900673589859e-08
47650.056 8.439811858030897e-08
47700.056 6.675174787711955e-08
47750.056 5.020446552200359e-08
47800.056 4.341769926860536e-08
47850.056 2.2816776827445413e-08
47900.056 3.5512313288754085e-08
47950.056 7.194608343500842e-08
48000.056 1.0163399648301517e-07
48050.056 8.680251694240702e-08
48100.056 3.813980893602575e-08
48150.056 6.98868272030019e-08
48200.056 4.6716635173619923e-08
48250.056 5.533709144049881e-08
48300.056 9.376737551398348e-08
48350.056 5.551339006149874e-08
48400.056 1.7452511200506043e-08
48450.056 3.589525645230669e-08
48500.056 5.6899830202985906e-08
48550.056 5.775747253136507e-08
48600.056 7.260733213599748e-08
48650.056 8.917319898898456e-08
48700.056 6.154049132988692e-08
48750.056 4.395300846752272e-08
48800.056 8.530507004399846e-08
48850.056 4.618400797849193e-08
48900.056 6.404221014514891e-08
48950.056 3.534893318420241e-08
49000.056 1.7740134698202136e-08
49050.056 5.4849535464893e-08
49100.056 7.180080466319419e-08
49150.056 5.29110181285818e-08
49200.056 8.639116352601886e-08
49250.056 8.411143075800944e-08
49300.056 7.167707255920026e-08
49350.056 2.8632273053776562e-08
49400.056 4.235409201948743e-08
49450.056 4.292219841551843e-08
49500.056 3.22685762176467e-08
49550.056 8.012890849370628e-09
49600.056 2.1893025371330814e-08
49650.056 4.825950358130157e-08
49700.056 5.04173066431791e-08
49750.056 5.104995520769825e-08
49800.056 3.37996104202195e-08
49850.056 7.051706249181775e-08
49900.056 5.517865257179074e-08
49950.056 5.691414643340363e-08
50000.056 4.3553505205634756e-08
50050.056 5.313638322240173e-08
50100.056 4.1779582707498106e-08
50150.056 2.1049942066815168e-08
50200.056 4.061350594041644e-09
50250.056 2.4692378632997914e-08
50300.056 1.574446450887465e-08
50350.056 4.995766212590672e-08
50400.056 4.85701806677922e-08
50450.056 3.926278094124407e-08
50500.056 5.755825615260563e-08
50550.056 4.892143586010601e-08
50600.056 3.6315432057490604e-08
50650.056 6.138228266001038e-08
50700.056 5.961205894798018e-08
50750.056 3.9326286793904615e-08
50800.056 1.4450522730312826e-08
50850.056 8.229102168594192e-09
50900.056 4.370834208980073e-08
50950.056 3.620948830099915e-08
51000.056 3.112940298350956e-08
51050.056 4.511370020229482e-08
51100.056 1.7760201498176677e-08
51150.056 2.1104957041909118e-08
51200.056 5.674753990599948e-08
51250.056 3.792417482412399e-08
51300.056 2.8310407442664534e-08
51350.056 2.5882700377470437e-08
51400.056 9.152266281391883e-09
51450.056 7.210592705956422e-09
51500.056 7.390315180007409e-09
51550.056 2.8264215164324064e-08
51600.056 2.203529863620735e-08
51650.056 2.8167516602694818e-08
51700.056 2.962024098337127e-08
51750.056 1.974837623248006e-08
51800.056 3.459971978399607e-08
51850.056 2.8699899247396777e-08
51900.056 3.663388014739543e-08
51950.056 2.147478555099709e-08
52000.056 2.5145604110740225e-09
52050.056 1.2302431606831799e-08
52100.056 7.3792523401991435e-09
52150.056 4.235495854972084e-09
52200.056 1.176833534309987e-08
52250.056 1.7440529213206745e-08
52300.056 2.3739714437918367e-08
52350.056 9.034994969946708e-09
52400.056 8.897700706873608e-09
52450.056 3.059464246120293e-08
52500.056 2.262868210335396e-08
52550.056 2.60081539473976e-08
52600.056 1.9884498792898586e-08
52650.056 2.412178095320202e-08
52700.056 1.7994424752599363e-08
52750.056 7.0903162297823005e-09
52800.056 1.306265970488177e-08
52850.056 1.4630086016726267e-08
52900.056 6.691941964352104e-09
52950.056 1.0810961696691151e-08
53000.056 1.7959054037805022e-08
53050.056 7.025723735311935e-09
53100.056 2.0322344429295133e-08
53150.056 2.1728458955914948e-08
53200.056 1.0779114712319e-08
53250.056 2.086553139652428e-08
53300.056 2.5797110069942645e-08
53350.056 1.915184520088147e-08
53400.056 1.2504688277295705e-08
53450.056 4.720727209363359e-09
53500.056 8.151535807687361e-10
53550.056 2.4088791675550314e-09
53600.056 1.1157480891544879e-08
