galfind/configs/Brown_Dwarf_templates/sonora_bobcat/m0.0/17g/sp_t1000g17nc_m0.0_resample.dat
# %ECSV 1.0
# ---
# datatype:
# - {name: wav, unit: Angstrom, datatype: float64}
# - {name: flux_nu, unit: erg / (cm2 Hz s), datatype: float64}
# meta: {C/O: '1.00', Kzz: '1.0000E+05', Teff: '1000.', Y: '0.28', '[Fe/H]': '0.00', f_hole: '1.00', f_rain: '0.00', grav: '18.'}
# schema: astropy-2.0
wav flux_nu
[from data line 499]
28950.056 1.982353460354076e-07
29000.056 1.6027463765765994e-07
29050.056 1.660720737189468e-07
29100.056 1.2888181243702237e-07
29150.056 1.9315520782440432e-07
29200.056 1.564893525045422e-07
29250.056 2.0598526621091138e-07
29300.056 1.413269327443267e-07
29350.056 2.5049516492622164e-07
29400.056 1.6883027663207267e-07
29450.056 1.850455857607662e-07
29500.056 1.952226064042761e-07
29550.056 1.809610201090833e-07
29600.056 2.0247439812334193e-07
29650.056 1.978372592848655e-07
29700.056 1.536141802761032e-07
29750.056 2.0723855041441558e-07
29800.056 2.1235748941749531e-07
29850.056 2.1349069469546036e-07
29900.056 1.9302536355151013e-07
29950.056 2.0773620060134115e-07
30000.056 1.7914488902359514e-07
30050.056 1.7171314754399166e-07
30100.056 1.5435236181433445e-07
30150.056 2.1703433036198013e-07
30200.056 1.698949035511952e-07
30250.056 2.182444233925612e-07
30300.056 1.8354180787601188e-07
30350.056 1.610191133180107e-07
30400.056 1.8579080520070158e-07
30450.056 1.4740560107702017e-07
30500.056 1.1592749619321559e-07
30550.056 1.2580558897840746e-07
30600.056 1.34753890777992e-07
30650.056 1.1241685769696784e-07
30700.056 1.1549611681037995e-07
30750.056 1.0548130644398475e-07
30800.056 9.079599619691719e-08
30850.056 8.284188633786387e-08
30900.056 8.245841363128644e-08
30950.056 7.3614136852821e-08
31000.056 6.456347599910173e-08
31050.056 6.693198658000569e-08
31100.056 5.293237272779277e-08
31150.056 5.866245111129645e-08
31200.056 6.36778080820098e-08
31250.056 4.773871905108946e-08
31300.056 4.723066716439349e-08
31350.056 4.570668417019965e-08
31400.056 3.825992516950093e-08
31450.056 3.9050140733593716e-08
31500.056 3.371406747619027e-08
31550.056 3.688788763879942e-08
31600.056 3.023353160889673e-08
31650.056 2.9054066052100154e-08
31700.056 2.826291161399462e-08
31750.056 2.5582648909710843e-08
31800.056 2.967523511999597e-08
31850.056 2.7581852396403145e-08
31900.056 2.9917923367296755e-08
31950.056 2.0675070323502056e-08
32000.056 2.5792409205196873e-08
32050.056 2.76779619036007e-08
32100.056 2.7884041061006876e-08
32150.056 2.776846343279499e-08
32200.056 2.5619480589500593e-08
32250.056 3.0335698981303416e-08
32300.056 2.599541600810154e-08
32350.056 3.2149929980493325e-08
32400.056 2.4637414782093913e-08
32450.056 3.031905391038961e-08
32500.056 3.0396631277103886e-08
32550.056 2.7755289640897102e-08
32600.056 3.2725392615602035e-08
32650.056 4.331812667709369e-08
32700.056 3.826064900800637e-08
32750.056 4.1180247267405103e-08
32800.056 3.937494746940421e-08
32850.056 4.273973554429146e-08
32900.056 4.827509392079206e-08
32950.056 4.9304145549595176e-08
33000.056 4.1867961501685345e-08
33050.056 3.853537611222138e-08
33100.056 2.351260884259717e-08
33150.056 1.6642137667300075e-08
33200.056 1.2438544534999651e-08
33250.056 8.042042429098295e-09
33300.056 8.184631733901012e-09
33350.056 1.0808865603900138e-08
33400.056 1.3655931399096065e-08
33450.056 1.7817599662999312e-08
33500.056 2.4412963641009967e-08
33550.056 2.5009747147908757e-08
33600.056 3.4485785712395726e-08
33650.056 3.553968548989417e-08
33700.056 3.313185762259399e-08
33750.056 4.2064187913506844e-08
33800.056 4.178466049790131e-08
33850.056 4.404166276479409e-08
33900.056 3.7882045651200266e-08
33950.056 3.740699219279755e-08
34000.056 4.468113573181416e-08
34050.056 3.2419778558284455e-08
34100.056 4.4932788124993735e-08
34150.056 4.073625500329799e-08
34200.056 3.67262028152866e-08
34250.056 4.000875524597716e-08
34300.056 3.79982730254799e-08
34350.056 3.1178894054199425e-08
34400.056 3.187400111229498e-08
34450.056 3.808441233599298e-08
34500.056 3.657109562700214e-08
34550.056 3.4869779037802187e-08
34600.056 4.383217713299647e-08
34650.056 3.854339880529857e-08
34700.056 3.9158732881297065e-08
34750.056 4.089607867638994e-08
34800.056 3.952432990738906e-08
34850.056 3.8629482733012416e-08
34900.056 4.513754138278759e-08
34950.056 4.472703368999077e-08
35000.056 5.725965963651656e-08
35050.056 4.192482493639161e-08
35100.056 4.821634663900445e-08
35150.056 4.6300980265002614e-08
35200.056 5.144840378759523e-08
35250.056 6.013505825998489e-08
35300.056 5.4980292822710476e-08
35350.056 5.127094305678419e-08
35400.056 5.577322655000546e-08
35450.056 4.181015120931806e-08
35500.056 6.732160867100226e-08
35550.056 6.679516876998795e-08
35600.056 5.705667105102376e-08
35650.056 6.462948969669409e-08
35700.056 6.064138654559255e-08
35750.056 7.206241737698642e-08
35800.056 9.387883164899916e-08
35850.056 6.35770147305894e-08
35900.056 7.93495595409977e-08
35950.056 7.365763937098791e-08
36000.056 7.586643498801353e-08
36050.056 7.186753268797999e-08
36100.056 7.84286822169544e-08
36150.056 7.812046573598279e-08
36200.056 8.316030233397963e-08
36250.056 8.236038709296887e-08
36300.056 8.979953517700657e-08
36350.056 8.896421862000644e-08
36400.056 8.552839574999223e-08
36450.056 1.0367520470801215e-07
36500.056 1.079216896849893e-07
36550.056 1.05572274661028e-07
36600.056 1.2251587336200608e-07
36650.056 1.240271285049718e-07
36700.056 1.3286893597498476e-07
36750.056 1.3943655627907368e-07
36800.056 1.388068681299992e-07
36850.056 1.3891843017996642e-07
36900.056 1.4109654164798083e-07
36950.056 1.6231888473897705e-07
37000.056 1.5920802221399203e-07
37050.056 1.5240919039197678e-07
37100.056 1.767372803049991e-07
37150.056 1.4954114157599973e-07
37200.056 1.6955280068198773e-07
37250.056 1.8178527628597082e-07
37300.056 1.6134599503893493e-07
37350.056 1.6049194752403475e-07
37400.056 2.2496132325599337e-07
37450.056 1.8947897355201694e-07
37500.056 1.8973112280297494e-07
37550.056 2.1131911167210883e-07
37600.056 2.233033417300057e-07
37650.056 1.913489490609913e-07
37700.056 2.519678040190311e-07
37750.056 2.0410781404498963e-07
37800.056 2.148440458901499e-07
37850.056 1.8510796928900757e-07
37900.056 1.9205929620007157e-07
37950.056 2.1660955501595085e-07
38000.056 2.595995097430139e-07
38050.056 2.5941285903704283e-07
38100.056 2.301944524690585e-07
38150.056 2.845295907959811e-07
38200.056 2.9542532507607116e-07
38250.056 2.839398355390306e-07
38300.056 3.3544178451197006e-07
38350.056 3.5186723724800936e-07
38400.056 2.6238378800191824e-07
38450.056 2.8785959661497514e-07
38500.056 2.236908202400355e-07
38550.056 3.0139296800004224e-07
38600.056 3.209048195110256e-07
38650.056 2.9735432557896895e-07
38700.056 3.2200246486597455e-07
38750.056 3.4715907615202344e-07
38800.056 3.0283924904677894e-07
38850.056 2.9647609789702096e-07
38900.056 3.701974813240546e-07
38950.056 3.4566981137696545e-07
39000.056 3.6169023776599123e-07
39050.056 3.428213060099503e-07
39100.056 3.5880494905706473e-07
39150.056 3.515780503640001e-07
39200.056 3.8854696344098956e-07
39250.056 4.134396918468746e-07
39300.056 3.588579018378187e-07
39350.056 4.304175183900078e-07
39400.056 4.0933731536309924e-07
39450.056 4.08610681822981e-07
39500.056 3.855374229880944e-07
39550.056 4.218797142710512e-07
39600.056 4.308303105998466e-07
39650.056 4.471944258799945e-07
39700.056 4.451327147780119e-07
39750.056 3.982335186190592e-07
39800.056 4.5181261900984574e-07
39850.056 4.880925703099834e-07
39900.056 4.736219849400607e-07
39950.056 4.6040557777586257e-07
40000.056 5.390622768881092e-07
40050.056 4.865326415320268e-07
40100.056 4.6858245073200235e-07
40150.056 5.119421835439036e-07
40200.056 5.150118323398312e-07
40250.056 4.816331544248573e-07
40300.056 4.880619974050743e-07
40350.056 5.332343884660349e-07
40400.056 5.610263472959867e-07
40450.056 5.523364502371389e-07
40500.056 5.353151316200293e-07
40550.056 5.564520784479363e-07
40600.056 5.369558984000822e-07
40650.056 5.099456049568769e-07
40700.056 6.122876405499926e-07
40750.056 5.598206395298817e-07
40800.056 4.934907286218279e-07
40850.056 5.96985105510137e-07
40900.056 5.577656890860425e-07
40950.056 5.515757019900358e-07
41000.056 5.715838704400349e-07
41050.056 6.26468603569946e-07
41100.056 5.582806322300394e-07
41150.056 5.007954573389415e-07
41200.056 6.08870893279935e-07
41250.056 5.548716531429585e-07
41300.056 5.134595194898801e-07
41350.056 6.50806270360081e-07
41400.056 6.13770292520117e-07
41450.056 6.149438158001783e-07
41500.056 5.614763524249921e-07
41550.056 5.756550974740338e-07
41600.056 6.597531668080459e-07
41650.056 6.197470389900676e-07
41700.056 5.69238367769819e-07
41750.056 5.994148401799645e-07
41800.056 6.202271648899027e-07
41850.056 4.970280356440598e-07
41900.056 5.583791638479386e-07
41950.056 4.948565429101389e-07
42000.056 5.182676003300665e-07
42050.056 4.699885240059334e-07
42100.056 5.999443100400514e-07
42150.056 4.555468290198677e-07
42200.056 4.579129520679832e-07
42250.056 4.514426211049144e-07
42300.056 4.1847128437003006e-07
42350.056 5.214130599301016e-07
42400.056 4.437493319501393e-07
42450.056 4.1326808281003267e-07
42500.056 4.1995174006503906e-07
42550.056 4.234935531119586e-07
42600.056 4.094751247191307e-07
42650.056 4.088467125378373e-07
42700.056 4.322257579681037e-07
42750.056 3.9555609425997024e-07
42800.056 3.9239740274211213e-07
42850.056 4.493883914798597e-07
42900.056 4.4485837163008546e-07
42950.056 4.1857267938981123e-07
43000.056 4.3387312555600705e-07
43050.056 3.6886983520119974e-07
43100.056 4.2232467966998635e-07
43150.056 4.0194751317307345e-07
43200.056 4.5059219111004543e-07
43250.056 4.516534703099576e-07
43300.056 4.6999601474000625e-07
43350.056 4.099332839029707e-07
43400.056 4.2300257966696835e-07
43450.056 4.148195175260672e-07
43500.056 3.900362822019557e-07
43550.056 4.208332725760644e-07
43600.056 4.772972599320307e-07
43650.056 4.208716827960302e-07
43700.056 4.300862524299584e-07
43750.056 4.391802484821199e-07
43800.056 4.0600674736897123e-07
43850.056 4.149254548100867e-07
43900.056 4.3685852693994977e-07
43950.056 3.7145935243203254e-07
44000.056 3.707467704590219e-07
44050.056 4.2931960685005567e-07
44100.056 4.589582172000339e-07
44150.056 4.3106351023388096e-07
44200.056 4.2701531450499047e-07
44250.056 4.0525101543800506e-07
44300.056 3.8711372086206717e-07
44350.056 3.8563129250906126e-07
44400.056 4.1882423505100663e-07
44450.056 4.269968605359732e-07
44500.056 4.5248839955007417e-07
44550.056 4.5002236372992026e-07
44600.056 4.02291094178061e-07
44650.056 4.4705242131608587e-07
44700.056 3.8633864065002335e-07
44750.056 4.390033224339731e-07
44800.056 4.3034298299001305e-07
44850.056 4.2499707294007504e-07
44900.056 3.92573327608024e-07
44950.056 4.0639635413602586e-07
45000.056 4.312767092199546e-07
45050.056 4.3148356994499636e-07
45100.056 4.3515228498998786e-07
45150.056 4.2117413807897363e-07
45200.056 3.8957838773002577e-07
45250.056 4.0482917505990405e-07
45300.056 3.974118691500491e-07
45350.056 4.1254607472995883e-07
45400.056 4.429960495000374e-07
45450.056 4.0038735311393057e-07
45500.056 4.151651465669837e-07
45550.056 4.5223548518992555e-07
45600.056 4.371342753300072e-07
45650.056 3.726244491699193e-07
45700.056 4.2696048527306624e-07
45750.056 3.824135160149825e-07
45800.056 4.2276913491999e-07
45850.056 4.724465875699789e-07
45900.056 4.769944047700171e-07
45950.056 4.103965279680082e-07
46000.056 4.631372370900087e-07
46050.056 4.388750049020377e-07
46100.056 4.2291134881001886e-07
46150.056 4.2822997195998497e-07
46200.056 4.3517809532008134e-07
46250.056 3.700903767769651e-07
46300.056 4.667503104499795e-07
46350.056 4.137107461699873e-07
46400.056 4.158177560899893e-07
46450.056 4.234429204000616e-07
46500.056 4.035005883300153e-07
46550.056 4.619254397919668e-07
46600.056 4.4587061100200657e-07
46650.056 5.565355924199129e-07
46700.056 4.981509549701335e-07
46750.056 3.9072729254797317e-07
46800.056 4.1107403423605136e-07
46850.056 5.113854072300914e-07
46900.056 4.76679229159925e-07
46950.056 5.079422853400314e-07
47000.056 4.414818199999963e-07
47050.056 4.863403888978511e-07
47100.056 3.8481133935505843e-07
47150.056 4.210396360410288e-07
47200.056 4.6504968143005854e-07
47250.056 4.123731132899877e-07
47300.056 3.9197074058193225e-07
47350.056 4.2338099255993533e-07
47400.056 4.811782751499263e-07
47450.056 4.3333941228200837e-07
47500.056 4.873267721889088e-07
47550.056 4.332104208099681e-07
47600.056 4.600057503199568e-07
47650.056 3.64525009342911e-07
47700.056 4.757438987370922e-07
47750.056 3.3564376245104467e-07
47800.056 4.54089677619966e-07
47850.056 3.5181720492294833e-07
47900.056 4.387991965859727e-07
47950.056 3.624146986120476e-07
48000.056 5.144912944000567e-07
48050.056 4.388367801940375e-07
48100.056 4.185088964500055e-07
48150.056 4.2465947076004894e-07
48200.056 4.552744215600476e-07
48250.056 4.032175252899937e-07
48300.056 4.845914091298335e-07
48350.056 3.5823031367001537e-07
48400.056 3.8820877241397645e-07
48450.056 4.013861308380973e-07
48500.056 5.150980646899881e-07
48550.056 3.784225144520065e-07
48600.056 4.534179790899919e-07
48650.056 4.0323720466996444e-07
48700.056 4.3659602171900264e-07
48750.056 3.37613141131098e-07
48800.056 5.376375574039992e-07
48850.056 3.6968461224493076e-07
48900.056 4.872894497300291e-07
48950.056 4.4499323573005875e-07
49000.056 3.554708127439051e-07
49050.056 4.521033275700061e-07
49100.056 4.347567957800579e-07
49150.056 4.3697410087401515e-07
49200.056 4.5605740189001803e-07
49250.056 4.6638008827004636e-07
49300.056 4.070283493859843e-07
49350.056 3.7067831490903227e-07
49400.056 4.491378346700023e-07
49450.056 4.109286725301271e-07
49500.056 4.012683039399686e-07
49550.056 3.260556086010259e-07
49600.056 3.9815572401409724e-07
49650.056 4.210801594959933e-07
49700.056 3.7232772820990383e-07
49750.056 4.737583298298932e-07
49800.056 4.033980956740246e-07
49850.056 5.166909009100968e-07
49900.056 4.1426183730201166e-07
49950.056 4.3836013675994756e-07
50000.056 4.196440637699345e-07
50050.056 4.554036683700208e-07
50100.056 4.2910211666198547e-07
50150.056 3.4350508212997597e-07
50200.056 2.6135523335998913e-07
50250.056 4.3006806874995706e-07
50300.056 3.8061347710700057e-07
50350.056 4.9170552434902e-07
50400.056 4.221104320899831e-07
50450.056 3.8648201602408153e-07
50500.056 4.5380390773006816e-07
50550.056 4.0431439028000436e-07
50600.056 4.182881473969594e-07
50650.056 4.545023052201129e-07
50700.056 4.81626320219835e-07
50750.056 4.6984723007807844e-07
50800.056 3.339456950929693e-07
50850.056 3.5771754381509015e-07
50900.056 4.707947286400107e-07
50950.056 4.133272525501015e-07
51000.056 4.791741814050554e-07
51050.056 3.870806582100334e-07
51100.056 3.250579057599635e-07
51150.056 4.0854043241093667e-07
51200.056 4.780282477799866e-07
51250.056 4.1488100278489297e-07
51300.056 3.707756472131954e-07
51350.056 3.7258194480996115e-07
51400.056 2.942331163019568e-07
51450.056 2.5005941097592196e-07
51500.056 3.1545859661306814e-07
51550.056 4.923962374820545e-07
51600.056 3.6133372524405664e-07
51650.056 3.8249475825994063e-07
51700.056 3.734557967898873e-07
51750.056 3.179906015550566e-07
51800.056 4.1166499395989165e-07
51850.056 4.1186079657999714e-07
51900.056 4.787870260781317e-07
51950.056 4.2073587514995523e-07
52000.056 2.731982717769844e-07
52050.056 3.868588792590336e-07
52100.056 3.1610782653993347e-07
52150.056 3.13157051540022e-07
52200.056 2.916058561519851e-07
52250.056 3.365109546800358e-07
52300.056 4.334719202299765e-07
52350.056 4.026381664740348e-07
52400.056 2.8199147530401135e-07
52450.056 3.8692023509001973e-07
52500.056 3.979362405249026e-07
52550.056 4.225297881398657e-07
52600.056 3.674879357500715e-07
52650.056 3.997928719411048e-07
52700.056 3.7021548997799963e-07
52750.056 2.8181653187097447e-07
52800.056 3.3619699297004294e-07
52850.056 3.263470066899211e-07
52900.056 3.3514455113706154e-07
52950.056 3.4464443830596895e-07
53000.056 4.010149572309797e-07
53050.056 2.894677353928864e-07
53100.056 3.0074808601890184e-07
53150.056 4.3413672295004615e-07
53200.056 2.7106761407699914e-07
53250.056 4.2987263114002544e-07
53300.056 4.0965416767620556e-07
53350.056 4.040295186099656e-07
53400.056 4.054142531600525e-07
53450.056 2.8599417139002683e-07
53500.056 2.2267523851892146e-07
53550.056 3.115599489739188e-07
