galfind/configs/Brown_Dwarf_templates/sonora_bobcat/m0.0/17g/sp_t1100g17nc_m0.0_resample.dat
# %ECSV 1.0
# ---
# datatype:
# - {name: wav, unit: Angstrom, datatype: float64}
# - {name: flux_nu, unit: erg / (cm2 Hz s), datatype: float64}
# meta: {C/O: '1.00', Kzz: '1.0000E+05', Teff: '1100.', Y: '0.28', '[Fe/H]': '0.00', f_hole: '1.00', f_rain: '0.00', grav: '18.'}
# schema: astropy-2.0
wav flux_nu
[from data line 498]
28900.056 1.864774619275968e-07
28950.056 2.884352298330155e-07
29000.056 2.3696662849993743e-07
29050.056 2.447709881179298e-07
29100.056 1.9870998125203309e-07
29150.056 2.743074791201073e-07
29200.056 2.3313669898605818e-07
29250.056 2.9221764105400605e-07
29300.056 2.1716193045186588e-07
29350.056 3.4212801810688594e-07
29400.056 2.498901533399422e-07
29450.056 2.69840853373972e-07
29500.056 2.7946999918695367e-07
29550.056 2.6542249770999896e-07
29600.056 2.914408614939275e-07
29650.056 2.8271132163595567e-07
29700.056 2.3230744121388707e-07
29750.056 3.0196712913716244e-07
29800.056 3.0790163081598674e-07
29850.056 3.042830768589532e-07
29900.056 2.780900066591239e-07
29950.056 3.054771601429369e-07
30000.056 2.948059654299683e-07
30050.056 2.737875613899776e-07
30100.056 2.4134065663890617e-07
30150.056 3.2822735602097525e-07
30200.056 2.7076201894599836e-07
30250.056 3.177608846610906e-07
30300.056 2.795535243389996e-07
30350.056 2.5056291900201794e-07
30400.056 2.8603338970501044e-07
30450.056 2.3604854159503236e-07
30500.056 1.923641401330292e-07
30550.056 2.116332091970216e-07
30600.056 2.2056259814899554e-07
30650.056 1.9352928280995244e-07
30700.056 1.9566709025198233e-07
30750.056 1.790485774709817e-07
30800.056 1.6247586524203174e-07
30850.056 1.4559584027395076e-07
30900.056 1.5069974318397501e-07
30950.056 1.324279303370329e-07
31000.056 1.1948153767100028e-07
31050.056 1.2610191047000894e-07
31100.056 1.0310682584998798e-07
31150.056 1.1110210976199224e-07
31200.056 1.2041791754101435e-07
31250.056 9.466494574098322e-08
31300.056 9.422554099298967e-08
31350.056 8.962584528900008e-08
31400.056 7.929638457200568e-08
31450.056 7.842947690998854e-08
31500.056 7.216330479398183e-08
31550.056 7.574622240900024e-08
31600.056 6.597511753599311e-08
31650.056 6.326284021299876e-08
31700.056 6.210680564399003e-08
31750.056 5.731483035002027e-08
31800.056 6.52252162769904e-08
31850.056 6.122155733600639e-08
31900.056 6.631581917999522e-08
31950.056 5.032183071600652e-08
32000.056 5.89411859149936e-08
32050.056 6.253051644000152e-08
32100.056 6.347216506201275e-08
32150.056 6.342119992898993e-08
32200.056 5.920372901800016e-08
32250.056 6.897237549800656e-08
32300.056 6.042239802000283e-08
32350.056 7.252872643598841e-08
32400.056 5.822759520299138e-08
32450.056 7.031100770397608e-08
32500.056 7.142178999100832e-08
32550.056 6.699480760799482e-08
32600.056 7.424521115000184e-08
32650.056 9.319430949998849e-08
32700.056 8.505891271801276e-08
32750.056 8.981799837800579e-08
32800.056 8.662169771400679e-08
32850.056 9.176293362598123e-08
32900.056 1.020807738319884e-07
32950.056 1.0224240416398802e-07
33000.056 9.066308160397296e-08
33050.056 8.217504859803396e-08
33100.056 5.886001581899553e-08
33150.056 4.799846182599889e-08
33200.056 3.643426971799912e-08
33250.056 2.655551992899565e-08
33300.056 2.5779159305002115e-08
33350.056 3.0160676517999694e-08
33400.056 3.501705362999348e-08
33450.056 4.208924246099936e-08
33500.056 5.383286559901445e-08
33550.056 5.743748763301449e-08
33600.056 7.262996579499343e-08
33650.056 7.732657693599523e-08
33700.056 7.380355232098854e-08
33750.056 8.983472438300723e-08
33800.056 9.071145436999589e-08
33850.056 9.58888582349867e-08
33900.056 8.538965009199826e-08
33950.056 8.326044463399482e-08
34000.056 9.516213820501857e-08
34050.056 7.752371739097384e-08
34100.056 9.620546361398426e-08
34150.056 8.99183309839947e-08
34200.056 7.99596427979746e-08
34250.056 8.87113040649614e-08
34300.056 8.337016637295708e-08
34350.056 7.099050785999809e-08
34400.056 7.320490170599524e-08
34450.056 8.46446084399905e-08
34500.056 8.09454520950009e-08
34550.056 8.007026225400083e-08
34600.056 9.393345273899855e-08
34650.056 8.806196638599178e-08
34700.056 8.529941670099359e-08
34750.056 8.981045912598578e-08
34800.056 8.84356668179825e-08
34850.056 8.3441512722018e-08
34900.056 9.81766888209821e-08
34950.056 9.395716104798389e-08
35000.056 1.1531936918002382e-07
35050.056 9.05246098279819e-08
35100.056 9.980469807500313e-08
35150.056 9.984155717700141e-08
35200.056 1.0757746872999728e-07
35250.056 1.19449427715978e-07
35300.056 1.1216945103701932e-07
35350.056 1.0443574168797388e-07
35400.056 1.1102546889001835e-07
35450.056 8.833913947703322e-08
35500.056 1.2827195755700932e-07
35550.056 1.293959506619817e-07
35600.056 1.1460520212703549e-07
35650.056 1.2784631791099646e-07
35700.056 1.196726533979946e-07
35750.056 1.3621244598997513e-07
35800.056 1.7298312585900188e-07
35850.056 1.2800698221498202e-07
35900.056 1.551818799599901e-07
35950.056 1.461013785339894e-07
36000.056 1.4952592375602076e-07
36050.056 1.4748943161697515e-07
36100.056 1.5715971662091161e-07
36150.056 1.5504081851598015e-07
36200.056 1.67740607008972e-07
36250.056 1.6483737449695298e-07
36300.056 1.762105849440168e-07
36350.056 1.7448974532899855e-07
36400.056 1.7169671936299464e-07
36450.056 1.9763535716101462e-07
36500.056 2.0313614052498105e-07
36550.056 2.0420992598005422e-07
36600.056 2.2725459867001146e-07
36650.056 2.304378867579535e-07
36700.056 2.4399133440298447e-07
36750.056 2.550778561770956e-07
36800.056 2.5741973943999623e-07
36850.056 2.587879004839547e-07
36900.056 2.5794515201998457e-07
36950.056 2.9769512321996865e-07
37000.056 2.962393196769907e-07
37050.056 2.840617225539696e-07
37100.056 3.2282363000501164e-07
37150.056 2.8341761396901554e-07
37200.056 3.149550224870018e-07
37250.056 3.345047606019567e-07
37300.056 3.0259429680490394e-07
37350.056 2.9784491269206033e-07
37400.056 3.90785075669982e-07
37450.056 3.479044854780467e-07
37500.056 3.458346040639498e-07
37550.056 3.819204938801188e-07
37600.056 4.0343253556999435e-07
37650.056 3.5710065884998877e-07
37700.056 4.405052630200518e-07
37750.056 3.805875926979999e-07
37800.056 3.992646053142304e-07
37850.056 3.5996802050500234e-07
37900.056 3.6994825183612e-07
37950.056 3.9469448249893565e-07
38000.056 4.614096519680246e-07
38050.056 4.644188895540691e-07
38100.056 4.157250025840839e-07
38150.056 5.02943286639969e-07
38200.056 5.239646745000841e-07
38250.056 4.838498655400545e-07
38300.056 5.482552583399533e-07
38350.056 5.827348363799873e-07
38400.056 4.771728483438614e-07
38450.056 5.307846659499929e-07
38500.056 4.3626159980009784e-07
38550.056 5.473835328400405e-07
38600.056 5.811236315419828e-07
38650.056 5.37169201059962e-07
38700.056 5.828444154800006e-07
38750.056 5.957175911800285e-07
38800.056 5.486699576697608e-07
38850.056 5.350078167300294e-07
38900.056 6.086985680400536e-07
38950.056 6.126230754499619e-07
39000.056 6.182494880699931e-07
39050.056 6.146330196099098e-07
39100.056 6.053202417201012e-07
39150.056 6.028813035499936e-07
39200.056 6.654129253700051e-07
39250.056 6.90826019229797e-07
39300.056 6.214092076697468e-07
39350.056 6.954179514500395e-07
39400.056 6.816620910400789e-07
39450.056 6.746876359499533e-07
39500.056 6.376519628100936e-07
39550.056 6.844929171400396e-07
39600.056 7.081028029997764e-07
39650.056 7.000154003399851e-07
39700.056 7.127527978099722e-07
39750.056 6.522170570000364e-07
39800.056 7.08189894329831e-07
39850.056 7.472686284199642e-07
39900.056 7.28322272790098e-07
39950.056 7.329020320498297e-07
40000.056 7.681161162301e-07
40050.056 7.305589603900454e-07
40100.056 7.389365642440048e-07
40150.056 7.509470443298782e-07
40200.056 7.498813316298119e-07
40250.056 7.12275199669814e-07
40300.056 7.143510867800729e-07
40350.056 7.805235593800917e-07
40400.056 7.896518508160239e-07
40450.056 7.890228465201651e-07
40500.056 7.477900262000831e-07
40550.056 8.004997524699434e-07
40600.056 7.468392828201216e-07
40650.056 7.24344263610857e-07
40700.056 8.343507752199875e-07
40750.056 7.624535536297804e-07
40800.056 6.921604877998595e-07
40850.056 7.843293138601596e-07
40900.056 7.43542326340032e-07
40950.056 7.588158023500181e-07
41000.056 7.670508227800252e-07
41050.056 8.136263997099212e-07
41100.056 7.497459206900246e-07
41150.056 6.92646173349962e-07
41200.056 7.830389200399482e-07
41250.056 7.488619411999886e-07
41300.056 6.794583071398394e-07
41350.056 8.29493591530065e-07
41400.056 7.878539361901444e-07
41450.056 7.844083758102225e-07
41500.056 7.329813387379797e-07
41550.056 7.485514893400134e-07
41600.056 8.330729482600321e-07
41650.056 7.766912178001161e-07
41700.056 7.226837658698314e-07
41750.056 7.443710226699363e-07
41800.056 7.622769002498712e-07
41850.056 6.232911447200812e-07
41900.056 7.112501335699406e-07
41950.056 6.183259732001903e-07
42000.056 6.493575733500925e-07
42050.056 5.807749833198697e-07
42100.056 7.260094627700772e-07
42150.056 5.413578026978096e-07
42200.056 5.625939040149866e-07
42250.056 5.595103656899647e-07
42300.056 4.935755176200456e-07
42350.056 6.1881285442013e-07
42400.056 5.190851209101443e-07
42450.056 4.774488965600565e-07
42500.056 4.97331556550075e-07
42550.056 4.981426017799796e-07
42600.056 4.81937166000174e-07
42650.056 4.494267172097894e-07
42700.056 4.968673856101528e-07
42750.056 4.5868031689997437e-07
42800.056 4.4062519180616215e-07
42850.056 4.995636980898505e-07
42900.056 4.888312027530555e-07
42950.056 4.695441532097744e-07
43000.056 4.728864016800201e-07
43050.056 4.2501037118622e-07
43100.056 4.801257428300427e-07
43150.056 4.5160501221207875e-07
43200.056 4.970759904700652e-07
43250.056 4.828781669219114e-07
43300.056 5.060956363000165e-07
43350.056 4.632323139999913e-07
43400.056 4.664711420899855e-07
43450.056 4.6805379500609426e-07
43500.056 4.434304849899521e-07
43550.056 4.841004439130507e-07
43600.056 5.093239772300326e-07
43650.056 4.571667718300498e-07
43700.056 4.6764609153988905e-07
43750.056 4.772307387201267e-07
43800.056 4.379687480700154e-07
43850.056 4.585088590201037e-07
43900.056 4.772656294599594e-07
43950.056 4.216286278100643e-07
44000.056 4.2627162890505173e-07
44050.056 4.6580885347006335e-07
44100.056 4.844874738800452e-07
44150.056 4.672807273098667e-07
44200.056 4.572978620899774e-07
44250.056 4.508612707300127e-07
44300.056 4.3867767099605354e-07
44350.056 4.298411111060469e-07
44400.056 4.6404858450700044e-07
44450.056 4.672144490599749e-07
44500.056 4.951661072000454e-07
44550.056 4.7335759553991406e-07
44600.056 4.492929270200578e-07
44650.056 4.853869050700808e-07
44700.056 4.4099903850002806e-07
44750.056 4.812670807399582e-07
44800.056 4.8743737399e-07
44850.056 4.702248687000753e-07
44900.056 4.4166690345003173e-07
44950.056 4.439041364000193e-07
45000.056 4.744777107699584e-07
45050.056 4.7612448203998447e-07
45100.056 4.854184049199829e-07
45150.056 4.6340977559497677e-07
45200.056 4.355779730100254e-07
45250.056 4.4686152711991943e-07
45300.056 4.543656759000403e-07
45350.056 4.727438990999637e-07
45400.056 4.780990404820423e-07
45450.056 4.3563013212992177e-07
45500.056 4.53581636129982e-07
45550.056 4.91280420679943e-07
45600.056 4.6606811220000076e-07
45650.056 4.1415890884991403e-07
45700.056 4.84040467746059e-07
45750.056 4.3059580439399656e-07
45800.056 4.525342524899853e-07
45850.056 5.152179007999717e-07
45900.056 5.167326544200249e-07
45950.056 4.463786938400083e-07
46000.056 5.073442601150138e-07
46050.056 4.894844481050603e-07
46100.056 4.483752011490343e-07
46150.056 4.771124627899862e-07
46200.056 4.890767112350867e-07
46250.056 4.2020511152497464e-07
46300.056 5.219545127099852e-07
46350.056 4.5504823716996897e-07
46400.056 4.625982383599708e-07
46450.056 4.813911257600638e-07
46500.056 4.4567977640798886e-07
46550.056 5.324346264399651e-07
46600.056 4.993211470000149e-07
46650.056 6.235445103098892e-07
46700.056 5.666964259801802e-07
46750.056 4.542870557879608e-07
46800.056 4.905326773100652e-07
46850.056 5.576924991300814e-07
46900.056 5.267413792699132e-07
46950.056 5.660856759800329e-07
47000.056 4.878386245599924e-07
47050.056 5.579777083998581e-07
47100.056 4.4118260612805837e-07
47150.056 4.805740097200385e-07
47200.056 5.209718274100733e-07
47250.056 4.675293934499796e-07
47300.056 4.648256838069056e-07
47350.056 4.567811557199249e-07
47400.056 5.361608156299166e-07
47450.056 4.711107400119966e-07
47500.056 5.380576687899079e-07
47550.056 4.755583001589559e-07
47600.056 5.215411341199622e-07
47650.056 4.0016884163590516e-07
47700.056 5.391139460900822e-07
47750.056 3.834250891300659e-07
47800.056 5.287453563599466e-07
47850.056 4.127338686799212e-07
47900.056 5.114877484600028e-07
47950.056 4.0364051275005174e-07
48000.056 5.770775197900397e-07
48050.056 4.700585698560458e-07
48100.056 4.898073361700012e-07
48150.056 4.7181492071005866e-07
48200.056 5.25140897440063e-07
48250.056 4.515102313499994e-07
48300.056 5.551453052598375e-07
48350.056 4.1257116679000014e-07
48400.056 4.857990456349803e-07
48450.056 4.521846339900713e-07
48500.056 5.859390890500072e-07
48550.056 4.252082589440131e-07
48600.056 5.220229809399773e-07
48650.056 4.499064892599645e-07
48700.056 5.070349704400186e-07
48750.056 3.9461881554607374e-07
48800.056 6.026054662700086e-07
48850.056 4.285633115249232e-07
48900.056 5.509593088800415e-07
48950.056 5.109690608000493e-07
49000.056 4.4473923564189933e-07
49050.056 5.214178581000116e-07
49100.056 4.855117445700469e-07
49150.056 5.070588818990004e-07
49200.056 5.030779179300043e-07
49250.056 5.247290751400362e-07
49300.056 4.574824414279738e-07
49350.056 4.5328681147001856e-07
49400.056 5.336056430600244e-07
49450.056 4.7658805875512855e-07
49500.056 4.844879158899831e-07
49550.056 4.137465026200229e-07
49600.056 4.782748725341138e-07
49650.056 4.949174847899973e-07
49700.056 4.358600207099117e-07
49750.056 5.746759518098929e-07
49800.056 4.74344787178023e-07
49850.056 5.994586683100839e-07
49900.056 4.786433552500244e-07
49950.056 5.206704793399169e-07
50000.056 5.013425495799096e-07
50050.056 5.2513027316003e-07
50100.056 5.171152897799723e-07
50150.056 4.3117432559999397e-07
50200.056 3.735698706900025e-07
50250.056 5.106974268299698e-07
50300.056 4.7404970454998556e-07
50350.056 5.708126598800143e-07
50400.056 4.958144917299866e-07
50450.056 4.706672105800899e-07
50500.056 5.590306076600827e-07
50550.056 4.88842911909997e-07
50600.056 5.148937256299783e-07
50650.056 5.301924119801139e-07
50700.056 5.655616723998339e-07
50750.056 5.679731831420778e-07
50800.056 4.253098017119552e-07
50850.056 4.7035803036010207e-07
50900.056 5.569387975000001e-07
50950.056 5.147981357901243e-07
51000.056 5.931043404640682e-07
51050.056 4.637852383000446e-07
51100.056 4.2908465029995274e-07
51150.056 5.15496470898936e-07
51200.056 5.568351040699831e-07
51250.056 5.18097764956907e-07
51300.056 4.638045312732113e-07
51350.056 4.7301084649993147e-07
51400.056 4.062168328439329e-07
51450.056 3.4265837728490415e-07
51500.056 4.373914151230546e-07
51550.056 6.071773798580657e-07
51600.056 4.4485882698405906e-07
51650.056 4.866856231499408e-07
51700.056 4.653517615938657e-07
51750.056 4.2402329422006e-07
51800.056 5.183227008498673e-07
51850.056 5.235293836299817e-07
51900.056 5.748842385001427e-07
51950.056 5.207676119399497e-07
52000.056 3.9599806467698835e-07
52050.056 4.927778505560134e-07
52100.056 4.312527091099133e-07
52150.056 4.381163776400275e-07
52200.056 3.9683357149297743e-07
52250.056 4.4424807191002537e-07
52300.056 5.334983491199824e-07
52350.056 5.312062996000448e-07
52400.056 3.8893061324603547e-07
52450.056 4.851797613100156e-07
52500.056 5.132818385698926e-07
52550.056 5.240459414198418e-07
52600.056 4.770265814200815e-07
52650.056 5.195246631301263e-07
52700.056 4.799661475099983e-07
52750.056 3.8806332739796524e-07
52800.056 4.477740625700448e-07
52850.056 4.293608125399223e-07
52900.056 4.5293953491006266e-07
52950.056 4.5891808672995243e-07
53000.056 5.140490920899641e-07
53050.056 4.114022392238729e-07
53100.056 3.978194529298864e-07
53150.056 5.509372374800556e-07
53200.056 3.750815322410094e-07
53250.056 5.516868536200174e-07
53300.056 5.224584520002397e-07
53350.056 5.165903203499529e-07
53400.056 5.118935928800646e-07
53450.056 4.044787176600357e-07
53500.056 3.431350590298994e-07
53550.056 4.411647947899008e-07
53600.056 4.917807710900844e-07
53650.056 4.201150798400003e-07
53700.056 4.238263915401146e-07
