galfind/configs/Brown_Dwarf_templates/sonora_bobcat/m0.0/17g/sp_t700g17nc_m0.0_resample.dat
# %ECSV 1.0
# ---
# datatype:
# - {name: wav, unit: Angstrom, datatype: float64}
# - {name: flux_nu, unit: erg / (cm2 Hz s), datatype: float64}
# meta: {C/O: '1.00', Kzz: '1.0000E+05', Teff: '700.', Y: '0.28', '[Fe/H]': '0.00', f_hole: '1.00', f_rain: '0.00', grav: '18.'}
# schema: astropy-2.0
wav flux_nu
[from data line 498]
28900.056 7.977639308054358e-09
28950.056 1.7716082024812762e-08
29000.056 1.3622216388184424e-08
29050.056 1.5940795879782263e-08
29100.056 1.1374085961213919e-08
29150.056 1.8170487193355427e-08
29200.056 1.4474868419217447e-08
29250.056 2.238463001401911e-08
29300.056 1.0780045364123882e-08
29350.056 3.107859964656269e-08
29400.056 1.5991224246704294e-08
29450.056 1.7520227045549058e-08
29500.056 2.090081751232904e-08
29550.056 1.646429361404439e-08
29600.056 2.1033814543295646e-08
29650.056 2.3676861114079588e-08
29700.056 1.4340464122837208e-08
29750.056 2.299947718501454e-08
29800.056 2.2728024297861288e-08
29850.056 2.5862270475729676e-08
29900.056 2.2629966737223686e-08
29950.056 2.112665082984606e-08
30000.056 5.044068518984429e-09
30050.056 8.031666821108415e-09
30100.056 9.191686988058928e-09
30150.056 1.8420503441728728e-08
30200.056 1.4054977682339714e-08
30250.056 2.734435572198187e-08
30300.056 2.662024955798658e-08
30350.056 2.0194475897178464e-08
30400.056 2.753160026579277e-08
30450.056 1.775180525311004e-08
30500.056 1.656386405593043e-08
30550.056 1.716569406927919e-08
30600.056 2.1712437927320106e-08
30650.056 1.5328367936722657e-08
30700.056 1.3892921215869189e-08
30750.056 1.7813770144188542e-08
30800.056 1.2825923410967226e-08
30850.056 1.3505134023005546e-08
30900.056 9.280812583906209e-09
30950.056 1.0928979857316436e-08
31000.056 8.744090779877918e-09
31050.056 8.594446122613476e-09
31100.056 6.910535598524584e-09
31150.056 9.685426300854341e-09
31200.056 9.8139998242422e-09
31250.056 7.2480101090357915e-09
31300.056 6.091503244233054e-09
31350.056 7.162005558552125e-09
31400.056 5.5174752631228515e-09
31450.056 5.620903274138244e-09
31500.056 4.193602682128833e-09
31550.056 4.959267032722397e-09
31600.056 3.296066476568288e-09
31650.056 3.3039282113888117e-09
31700.056 3.4854142974026173e-09
31750.056 2.566226193102833e-09
31800.056 3.5973035434204738e-09
31850.056 2.2150241451111423e-09
31900.056 2.7631955507977176e-09
31950.056 1.8197354369996992e-09
32000.056 2.3318198385020438e-09
32050.056 2.72852760483409e-09
32100.056 2.630990752732505e-09
32150.056 2.78245438861677e-09
32200.056 2.144810560253429e-09
32250.056 3.2534461869114358e-09
32300.056 2.1638170656382337e-09
32350.056 3.241127620141165e-09
32400.056 2.0325188381611028e-09
32450.056 3.0016935839850328e-09
32500.056 2.3184114786325208e-09
32550.056 2.43366161957512e-09
32600.056 3.0542045459284994e-09
32650.056 5.266755389002874e-09
32700.056 3.799301742671073e-09
32750.056 5.608805906390375e-09
32800.056 4.884777143772174e-09
32850.056 6.268179355669328e-09
32900.056 6.704656601681733e-09
32950.056 7.3839816326415496e-09
33000.056 5.677117388877373e-09
33050.056 5.894179415352189e-09
33100.056 2.2190762623588445e-09
33150.056 2.7345342193398514e-10
33200.056 3.761214777948233e-10
33250.056 1.9537164912499038e-10
33300.056 2.896878661980548e-10
33350.056 7.024240467989245e-10
33400.056 1.2878092440651814e-09
33450.056 1.940450241690536e-09
33500.056 3.6984778979132222e-09
33550.056 2.5248329195657538e-09
33600.056 4.901017897622313e-09
33650.056 4.574058907394987e-09
33700.056 3.841357002544382e-09
33750.056 5.9733482628958915e-09
33800.056 4.0883485143684955e-09
33850.056 5.203914644545498e-09
33900.056 4.275940188281442e-09
33950.056 4.295358164636486e-09
34000.056 6.115728421058321e-09
34050.056 2.4435663045625055e-09
34100.056 5.882600288005188e-09
34150.056 4.33617247130892e-09
34200.056 4.9006406570442196e-09
34250.056 4.583905785566243e-09
34300.056 4.25715409239812e-09
34350.056 3.853685536203624e-09
34400.056 2.9944615040010384e-09
34450.056 4.637009390380408e-09
34500.056 4.247220285761393e-09
34550.056 3.068653946796629e-09
34600.056 5.968578539160182e-09
34650.056 3.5407512331434804e-09
34700.056 5.343898672479436e-09
34750.056 4.810081042703922e-09
34800.056 4.373394035504642e-09
34850.056 5.332346203357087e-09
34900.056 5.324220545866751e-09
34950.056 6.3468988440276e-09
35000.056 1.0162954090308221e-08
35050.056 5.443131047099693e-09
35100.056 8.150706810632087e-09
35150.056 6.7109655187715896e-09
35200.056 8.042362017114454e-09
35250.056 1.0753963476671303e-08
35300.056 7.856607238763026e-09
35350.056 8.081369975694398e-09
35400.056 9.26756247819713e-09
35450.056 6.227157647160909e-09
35500.056 1.3884475373978845e-08
35550.056 1.2409725894806113e-08
35600.056 9.929293192067601e-09
35650.056 1.1453694295139225e-08
35700.056 1.0817202225935854e-08
35750.056 1.4773696230958518e-08
35800.056 1.9025870126120297e-08
35850.056 1.0219230223982142e-08
35900.056 1.3599935392781544e-08
35950.056 1.2980143223122173e-08
36000.056 1.3281251436612404e-08
36050.056 1.112563027126539e-08
36100.056 1.2089160128017216e-08
36150.056 1.3906237275305241e-08
36200.056 1.4828421481133849e-08
36250.056 1.3979219682176888e-08
36300.056 1.793638603740316e-08
36350.056 1.5792463067504637e-08
36400.056 1.59858491723704e-08
36450.056 2.081145835037105e-08
36500.056 2.2806251565541267e-08
36550.056 2.1602298093655953e-08
36600.056 2.6915033000796086e-08
36650.056 2.537575523259927e-08
36700.056 2.8088759629229685e-08
36750.056 3.0845487138556825e-08
36800.056 3.002750546040081e-08
36850.056 2.635293211192636e-08
36900.056 3.215688676014456e-08
36950.056 3.434872140983201e-08
37000.056 3.06677927145933e-08
37050.056 3.156055497995381e-08
37100.056 3.6539423183852815e-08
37150.056 2.8384795147353716e-08
37200.056 3.6466508449888745e-08
37250.056 3.629536680119433e-08
37300.056 3.100249200287382e-08
37350.056 3.441929015141886e-08
37400.056 5.2367756822878954e-08
37450.056 3.635844430061091e-08
37500.056 3.718490901456833e-08
37550.056 4.5151370833424546e-08
37600.056 5.132761658940666e-08
37650.056 3.385067049092905e-08
37700.056 5.678778627686706e-08
37750.056 3.952125803969635e-08
37800.056 4.174075331858464e-08
37850.056 2.808154556535508e-08
37900.056 3.490046456343531e-08
37950.056 4.617954880622685e-08
38000.056 5.4246798028601653e-08
38050.056 5.265431603381824e-08
38100.056 5.259242789709756e-08
38150.056 6.40404659605989e-08
38200.056 6.682136432892298e-08
38250.056 6.264059561354915e-08
38300.056 8.491244996378471e-08
38350.056 8.473028520161464e-08
38400.056 4.953746058277421e-08
38450.056 5.073474579353966e-08
38500.056 3.463685506551523e-08
38550.056 5.6525990004521174e-08
38600.056 5.924612620617889e-08
38650.056 5.33336245692873e-08
38700.056 5.5778415196400346e-08
38750.056 6.474842416251167e-08
38800.056 5.7216222813051354e-08
38850.056 5.9341033323737054e-08
38900.056 8.139290327620513e-08
38950.056 6.402895649988623e-08
39000.056 7.286184344595687e-08
39050.056 6.337055957040122e-08
39100.056 7.314215455250159e-08
39150.056 7.31339603603571e-08
39200.056 7.718918404634273e-08
39250.056 8.968036023318112e-08
39300.056 6.813999657946032e-08
39350.056 1.0173917676620391e-07
39400.056 7.843876721843724e-08
39450.056 8.884156641886912e-08
39500.056 8.932151130813489e-08
39550.056 8.868478843525909e-08
39600.056 9.547274060007273e-08
39650.056 9.951208618748245e-08
39700.056 1.0008380348022092e-07
39750.056 8.146010851814747e-08
39800.056 9.394069056538029e-08
39850.056 1.2009953012800207e-07
39900.056 1.2010289810901349e-07
39950.056 9.695150493416487e-08
40000.056 1.4145375282283892e-07
40050.056 1.1740622747799422e-07
40100.056 9.361182953779637e-08
40150.056 1.2310232987637675e-07
40200.056 1.273451913209422e-07
40250.056 1.2757609450494114e-07
40300.056 1.271028338480274e-07
40350.056 1.3160983453918065e-07
40400.056 1.5065378192933003e-07
40450.056 1.263097456658864e-07
40500.056 1.5241532328797089e-07
40550.056 1.523503983469515e-07
40600.056 1.4668598227802221e-07
40650.056 1.21066177682859e-07
40700.056 1.7355407515648762e-07
40750.056 1.4734961153398675e-07
40800.056 1.1857639843212352e-07
40850.056 1.9122710276806573e-07
40900.056 1.7401723666662096e-07
40950.056 1.635381745500049e-07
41000.056 1.622074635766977e-07
41050.056 2.0362606066195279e-07
41100.056 1.746870611830218e-07
41150.056 1.2909120122619773e-07
41200.056 2.0567518010887516e-07
41250.056 1.657550087595678e-07
41300.056 1.5573813035496047e-07
41350.056 2.2493808008803136e-07
41400.056 1.9894870630104248e-07
41450.056 2.1953563986001193e-07
41500.056 1.7810955074888198e-07
41550.056 1.7764725546874803e-07
41600.056 2.0908423797138597e-07
41650.056 2.2061287017319624e-07
41700.056 2.0022141099089798e-07
41750.056 2.0878175730798204e-07
41800.056 2.3159411449299935e-07
41850.056 1.8314143376969928e-07
41900.056 1.9722396221915407e-07
41950.056 1.8341561753704495e-07
42000.056 1.804520657835265e-07
42050.056 1.7368295472331873e-07
42100.056 2.2933740443697505e-07
42150.056 1.8793031901799297e-07
42200.056 1.7152330259011396e-07
42250.056 1.752371906829567e-07
42300.056 1.788030543686107e-07
42350.056 2.2199395518003497e-07
42400.056 2.1093215252507312e-07
42450.056 1.9114276962505252e-07
42500.056 1.820008634689833e-07
42550.056 1.7945385594496506e-07
42600.056 1.9028859810475478e-07
42650.056 2.3038891514390282e-07
42700.056 2.007751103921815e-07
42750.056 1.9021785935599011e-07
42800.056 2.129043346760413e-07
42850.056 2.352366840439161e-07
42900.056 2.459821906020831e-07
42950.056 2.101355260839405e-07
43000.056 2.297786870120375e-07
43050.056 1.6594835009886844e-07
43100.056 2.0710089656993746e-07
43150.056 1.961769790855287e-07
43200.056 2.431092114419974e-07
43250.056 2.804178596280175e-07
43300.056 2.771621271979985e-07
43350.056 1.9541380891096162e-07
43400.056 2.2919373814597198e-07
43450.056 2.0151694440364069e-07
43500.056 1.8330462590550048e-07
43550.056 1.9733162208986423e-07
43600.056 2.743652180520342e-07
43650.056 2.142254661064042e-07
43700.056 2.561926455910539e-07
43750.056 2.496800098940484e-07
43800.056 2.342723616478603e-07
43850.056 2.082578050510204e-07
43900.056 2.2131371341398212e-07
43950.056 1.6274778274400436e-07
44000.056 1.6190874642548993e-07
44050.056 2.61026235307018e-07
44100.056 3.0494773605001865e-07
44150.056 2.7594485905755257e-07
44200.056 2.5593018969199186e-07
44250.056 1.9884323774651408e-07
44300.056 1.7560899657793593e-07
44350.056 1.943986911343533e-07
44400.056 1.99032165183098e-07
44450.056 2.42268300264949e-07
44500.056 2.486425774570699e-07
44550.056 2.9526628834995744e-07
44600.056 2.426416651267325e-07
44650.056 2.5786043026336317e-07
44700.056 1.90759813968009e-07
44750.056 2.5227264181103454e-07
44800.056 2.15156564398017e-07
44850.056 2.460794325930366e-07
44900.056 2.1928668834721535e-07
44950.056 2.472083698000124e-07
45000.056 2.5995449037198016e-07
45050.056 2.519819001550004e-07
45100.056 2.416586726179921e-07
45150.056 2.4880493017925504e-07
45200.056 2.094558748230192e-07
45250.056 2.273858112119152e-07
45300.056 1.9954620227704724e-07
45350.056 2.0613728615901442e-07
45400.056 3.037473855910262e-07
45450.056 2.601691827599864e-07
45500.056 2.724130453248099e-07
45550.056 2.992958960899064e-07
45600.056 2.9625620763004014e-07
45650.056 2.3517157995507554e-07
45700.056 2.1360453753771811e-07
45750.056 2.0579117095399407e-07
45800.056 3.0233494910799086e-07
45850.056 3.031034454519966e-07
45900.056 3.182038605399934e-07
45950.056 2.6862161863798556e-07
46000.056 3.0119450949800837e-07
46050.056 2.62157250314027e-07
46100.056 3.0876005018997725e-07
46150.056 2.491749328429959e-07
46200.056 2.3632624866600585e-07
46250.056 1.624180931717656e-07
46300.056 2.6873423016580314e-07
46350.056 2.5479642039802784e-07
46400.056 2.3885889677401053e-07
46450.056 2.2831553924904535e-07
46500.056 2.481834480900552e-07
46550.056 1.9980828933308613e-07
46600.056 2.4134480317658887e-07
46650.056 3.2423319172997344e-07
46700.056 2.4889204699299966e-07
46750.056 1.817081563157939e-07
46800.056 1.4683300694561914e-07
46850.056 3.286940993720749e-07
46900.056 2.873844589369719e-07
46950.056 2.884430636489998e-07
47000.056 2.705628064150361e-07
47050.056 2.5220729321250403e-07
47100.056 1.8472162523593268e-07
47150.056 2.2410638383702302e-07
47200.056 2.653497441060122e-07
47250.056 2.0747453547899144e-07
47300.056 1.5936940396713744e-07
47350.056 2.923629352219666e-07
47400.056 2.7175860881197084e-07
47450.056 2.7120673016842234e-07
47500.056 3.023911863319514e-07
47550.056 2.6925790305100566e-07
47600.056 2.6191721736999307e-07
47650.056 2.3622726478576204e-07
47700.056 2.463034835796636e-07
47750.056 1.806096521815099e-07
47800.056 1.9719827240601153e-07
47850.056 1.436215298630088e-07
47900.056 1.8590883510096557e-07
47950.056 2.2387211438603706e-07
48000.056 3.150494054200603e-07
48050.056 2.8574106788600776e-07
48100.056 1.786342896164173e-07
48150.056 2.413514229800174e-07
48200.056 2.1193307578100422e-07
48250.056 2.1584867438001196e-07
48300.056 2.7950417064990707e-07
48350.056 1.8738654510702055e-07
48400.056 1.2091491246947528e-07
48450.056 2.0145496281967092e-07
48500.056 2.6051423685195787e-07
48550.056 2.163659247744004e-07
48600.056 2.4007016035700237e-07
48650.056 2.489609392299708e-07
48700.056 2.178294893094894e-07
48750.056 1.5580554527609074e-07
48800.056 2.9529377878498756e-07
48850.056 1.8226922087296841e-07
48900.056 2.6547647908859727e-07
48950.056 1.9421209714603155e-07
49000.056 1.1296556290237363e-07
49050.056 2.1981425035898725e-07
49100.056 2.4968005011705267e-07
49150.056 2.0763610370293573e-07
49200.056 2.781441394150421e-07
49250.056 2.6173728574904183e-07
49300.056 2.31154219106003e-07
49350.056 1.404999193801268e-07
49400.056 1.8497641633097468e-07
49450.056 1.9548309707106563e-07
49500.056 1.5962311393698098e-07
49550.056 8.284574263751264e-08
49600.056 1.4514304000551924e-07
49650.056 1.9173791550999396e-07
49700.056 1.7955356379793706e-07
49750.056 2.074044909929534e-07
49800.056 1.7224053515641995e-07
49850.056 2.583097941750762e-07
49900.056 2.059883901303732e-07
49950.056 2.0565822478600424e-07
50000.056 1.8399738110797064e-07
50050.056 2.195519272450057e-07
50100.056 1.787704137680105e-07
50150.056 1.2111574418997918e-07
50200.056 5.3394631190809485e-08
50250.056 1.6345137342697473e-07
50300.056 1.2362086455291722e-07
50350.056 2.21516257387026e-07
50400.056 1.9479647528298626e-07
50450.056 1.5676323240222244e-07
50500.056 1.9575407975403219e-07
50550.056 1.815161862880145e-07
50600.056 1.5635703957095776e-07
50650.056 2.1417882755905086e-07
50700.056 2.2381828742090571e-07
50750.056 1.754474859062282e-07
50800.056 1.0085971529439411e-07
50850.056 8.924372948063573e-08
50900.056 2.1013335557200292e-07
50950.056 1.6033717089402615e-07
51000.056 1.6974188338721308e-07
51050.056 1.726600780759987e-07
51100.056 9.622511772029113e-08
51150.056 1.3307406206658378e-07
51200.056 2.3276019990498669e-07
51250.056 1.5369246154495906e-07
51300.056 1.3186530721007203e-07
51350.056 1.331456252959905e-07
51400.056 7.510203821599846e-08
51450.056 6.344135313137996e-08
51500.056 6.918774245822906e-08
51550.056 1.6951755133341047e-07
51600.056 1.1993077976383127e-07
51650.056 1.2557461939996494e-07
51700.056 1.3642204493998643e-07
51750.056 9.972286705702107e-08
51800.056 1.4652948740897442e-07
51850.056 1.3567657490099503e-07
51900.056 1.8900139247201115e-07
51950.056 1.4132798508099065e-07
52000.056 4.683369379738864e-08
52050.056 1.0252630290941944e-07
52100.056 7.504143970499126e-08
52150.056 6.440061220770683e-08
52200.056 7.831153075160157e-08
52250.056 1.0348620487802751e-07
52300.056 1.4667270960199445e-07
52350.056 9.90873849910049e-08
52400.056 7.333450712720665e-08
52450.056 1.4933976751800807e-07
52500.056 1.3213703659496239e-07
52550.056 1.3650935427196686e-07
52600.056 1.1441526208301457e-07
52650.056 1.2393199035261806e-07
52700.056 1.0707229889899678e-07
52750.056 6.755685835299783e-08
52800.056 8.999461497601741e-08
52850.056 9.6340385043965e-08
52900.056 7.782775300688892e-08
52950.056 8.993948131460218e-08
53000.056 1.237938832470213e-07
53050.056 6.3107259552983e-08
53100.056 9.926325408135914e-08
53150.056 1.3322497370101684e-07
53200.056 6.663707056480143e-08
53250.056 1.2562414568700403e-07
53300.056 1.4265933270657807e-07
53350.056 1.267557338295963e-07
53400.056 1.059670983719921e-07
53450.056 5.658488151198785e-08
