galfind/configs/Brown_Dwarf_templates/sonora_bobcat/m0.0/17g/sp_t1600g17nc_m0.0_resample.dat
# %ECSV 1.0
# ---
# datatype:
# - {name: wav, unit: Angstrom, datatype: float64}
# - {name: flux_nu, unit: erg / (cm2 Hz s), datatype: float64}
# meta: {C/O: '1.00', Kzz: '1.0000E+05', Teff: '1600.', Y: '0.28', '[Fe/H]': '0.00', f_hole: '1.00', f_rain: '0.00', grav: '18.'}
# schema: astropy-2.0
wav flux_nu
[from data line 499]
28950.056 8.809707289999569e-07
29000.056 7.115849260457788e-07
29050.056 7.292557009748057e-07
29100.056 6.091191233160559e-07
29150.056 7.929026450502309e-07
29200.056 7.017184840242854e-07
29250.056 8.311316773820489e-07
29300.056 6.60871909847589e-07
29350.056 9.52617102779744e-07
29400.056 7.348156097338124e-07
29450.056 7.762219480059663e-07
29500.056 8.156489414999259e-07
29550.056 7.758054623000461e-07
29600.056 8.346048788298854e-07
29650.056 8.17459035769937e-07
29700.056 6.971746692598328e-07
29750.056 9.205704225106147e-07
29800.056 9.110579165099732e-07
29850.056 8.920025722298933e-07
29900.056 7.975928906401958e-07
29950.056 9.401118553498675e-07
30000.056 9.361068278998215e-07
30050.056 8.726472914998561e-07
30100.056 7.141504159697908e-07
30150.056 1.1114785336098856e-06
30200.056 9.479089055501017e-07
30250.056 9.738953261403782e-07
30300.056 9.817898636198615e-07
30350.056 8.628307165401201e-07
30400.056 1.1046202680402472e-06
30450.056 8.700777655400658e-07
30500.056 7.883796604801684e-07
30550.056 1.108646320380311e-06
30600.056 1.0748017262901727e-06
30650.056 1.0796094752399904e-06
30700.056 1.004011974919987e-06
30750.056 9.428217116500535e-07
30800.056 1.1159678173902522e-06
30850.056 9.237872783299147e-07
30900.056 9.58294722039923e-07
30950.056 9.045999622701349e-07
31000.056 1.0149896272399303e-06
31050.056 8.83117209849983e-07
31100.056 9.042845152299258e-07
31150.056 1.0214020447497869e-06
31200.056 1.0158125497198984e-06
31250.056 1.0267738612201013e-06
31300.056 9.430172187398439e-07
31350.056 9.389123967299702e-07
31400.056 8.945923758202592e-07
31450.056 9.106670486800379e-07
31500.056 9.429395492900711e-07
31550.056 8.61949972990034e-07
31600.056 8.819731970399106e-07
31650.056 8.895841659199914e-07
31700.056 9.129115910599235e-07
31750.056 7.855421307002242e-07
31800.056 9.646827489200287e-07
31850.056 9.849026509801202e-07
31900.056 1.0782251892799386e-06
31950.056 7.17878022729885e-07
32000.056 8.783435261001304e-07
32050.056 1.0586930145400544e-06
32100.056 1.0158645492698824e-06
32150.056 1.0978650102799904e-06
32200.056 1.0216998642499235e-06
32250.056 1.0444662251201913e-06
32300.056 1.0361879508600172e-06
32350.056 1.1921853853301807e-06
32400.056 9.729384210600173e-07
32450.056 1.0541444878998811e-06
32500.056 1.1271342489602748e-06
32550.056 1.267703919030081e-06
32600.056 1.295789608889921e-06
32650.056 1.3135811802604617e-06
32700.056 1.2475087362101839e-06
32750.056 1.2795434011699802e-06
32800.056 1.2054482591200908e-06
32850.056 1.459542760909773e-06
32900.056 1.4482010453799625e-06
32950.056 1.2065639836097984e-06
33000.056 1.2923003346701234e-06
33050.056 1.3113440939100217e-06
33100.056 1.2710123495896647e-06
33150.056 9.515428255001267e-07
33200.056 6.902069903998505e-07
33250.056 5.996909496196472e-07
33300.056 5.370958898801027e-07
33350.056 6.056061298700936e-07
33400.056 6.508822447798804e-07
33450.056 7.443101745397943e-07
33500.056 9.502535343402466e-07
33550.056 9.966358768200052e-07
33600.056 1.1540201948202763e-06
33650.056 1.2992633557704514e-06
33700.056 1.2804269950796908e-06
33750.056 1.483834123259932e-06
33800.056 1.384146953509768e-06
33850.056 1.404740068479999e-06
33900.056 1.4770916905396971e-06
33950.056 1.321428542029904e-06
34000.056 1.3507094509295372e-06
34050.056 1.3302320226296234e-06
34100.056 1.5737056362301532e-06
34150.056 1.446996608799713e-06
34200.056 1.3086043376594346e-06
34250.056 1.5267118038597845e-06
34300.056 1.2938897720091155e-06
34350.056 1.3645920855099797e-06
34400.056 1.2375338593098941e-06
34450.056 1.3630350519599188e-06
34500.056 1.3944262081001465e-06
34550.056 1.2418808289699728e-06
34600.056 1.4740547861100646e-06
34650.056 1.4523835960899943e-06
34700.056 1.3634583212397142e-06
34750.056 1.540262067280257e-06
34800.056 1.55820888047953e-06
34850.056 1.3614129587900782e-06
34900.056 1.4788202164903478e-06
34950.056 1.3794044289295833e-06
35000.056 1.4975183698198175e-06
35050.056 1.6186262190603174e-06
35100.056 1.4378936189794652e-06
35150.056 1.5390258609000297e-06
35200.056 1.5762423060799813e-06
35250.056 1.4612104840899176e-06
35300.056 1.532854406090032e-06
35350.056 1.6010088222998385e-06
35400.056 1.4976378118000469e-06
35450.056 1.3635527909105282e-06
35500.056 1.6860886212498338e-06
35550.056 1.5303271311299785e-06
35600.056 1.4074943722299845e-06
35650.056 1.7866586656402198e-06
35700.056 1.4377014265103648e-06
35750.056 1.6494815381297047e-06
35800.056 1.7639016136397799e-06
35850.056 1.6396828631698398e-06
35900.056 1.9256831534196513e-06
35950.056 1.7290982002202058e-06
36000.056 1.5685104853298369e-06
36050.056 1.907385715650259e-06
36100.056 1.924395810999397e-06
36150.056 1.7458157474102377e-06
36200.056 1.9725253975996962e-06
36250.056 1.7175806467996202e-06
36300.056 2.1282083638105756e-06
36350.056 1.955224770379963e-06
36400.056 1.852126814160045e-06
36450.056 2.1200866794997315e-06
36500.056 1.9709827503601454e-06
36550.056 1.9011192241704418e-06
36600.056 2.0023717466001375e-06
36650.056 2.080442001300132e-06
36700.056 2.1673849165601045e-06
36750.056 2.066593045590191e-06
36800.056 2.0981961035398146e-06
36850.056 2.089870015250375e-06
36900.056 2.1791864064004372e-06
36950.056 2.1864465299798897e-06
37000.056 2.2755712929999816e-06
37050.056 2.231759736899893e-06
37100.056 2.25105393144037e-06
37150.056 2.2502060633694844e-06
37200.056 2.3253685016301084e-06
37250.056 2.3859422254801746e-06
37300.056 2.3726842492003645e-06
37350.056 2.194743417750378e-06
37400.056 2.3234927410996713e-06
37450.056 2.3395037494302688e-06
37500.056 2.3476343559297745e-06
37550.056 2.331027555809554e-06
37600.056 2.4816472029196207e-06
37650.056 2.326472924699753e-06
37700.056 2.3673581466800163e-06
37750.056 2.507783998739772e-06
37800.056 2.579149529199975e-06
37850.056 2.3900514623899093e-06
37900.056 2.4872807196801547e-06
37950.056 2.5300879278000113e-06
38000.056 2.452299673380318e-06
38050.056 2.522791947900098e-06
38100.056 2.390489297820245e-06
38150.056 2.6807435876996355e-06
38200.056 2.768734262299636e-06
38250.056 2.4171211329004376e-06
38300.056 2.40069866619994e-06
38350.056 2.546975597999762e-06
38400.056 2.5868533063397347e-06
38450.056 2.6976508474002092e-06
38500.056 2.581246436699846e-06
38550.056 2.5877625688000495e-06
38600.056 2.8635695186997874e-06
38650.056 2.4932951525001112e-06
38700.056 2.5836791514505193e-06
38750.056 2.630175842100018e-06
38800.056 2.643697162700196e-06
38850.056 2.56043443482031e-06
38900.056 2.5291904819398177e-06
38950.056 2.7281947831997374e-06
39000.056 2.5845798245000873e-06
39050.056 2.682537561099894e-06
39100.056 2.507695521460067e-06
39150.056 2.6050010418000645e-06
39200.056 2.7523004618401815e-06
39250.056 2.7244741935993916e-06
39300.056 2.6835629209993233e-06
39350.056 2.6863459555202705e-06
39400.056 2.6382281433000404e-06
39450.056 2.637323618199788e-06
39500.056 2.609689168659771e-06
39550.056 2.5497828214296507e-06
39600.056 2.840753232400018e-06
39650.056 2.47889035799996e-06
39700.056 2.615159211499799e-06
39750.056 2.5723776075796517e-06
39800.056 2.4426239357000827e-06
39850.056 2.5217271444497585e-06
39900.056 2.5218553836401206e-06
39950.056 2.667210958899876e-06
40000.056 2.354875040239886e-06
40050.056 2.2830913100999624e-06
40100.056 2.481127746899863e-06
40150.056 2.293187231899551e-06
40200.056 2.3542792160997005e-06
40250.056 2.3724329019792867e-06
40300.056 2.1732842351701745e-06
40350.056 2.4091944658003605e-06
40400.056 2.378988094429892e-06
40450.056 2.26077088650043e-06
40500.056 2.0562092930002694e-06
40550.056 2.443925000099843e-06
40600.056 2.116871193540314e-06
40650.056 2.1558769090401887e-06
40700.056 2.3194796237002124e-06
40750.056 2.0393700266991637e-06
40800.056 2.0168323756303443e-06
40850.056 1.928508750060451e-06
40900.056 1.9395392662803566e-06
40950.056 2.0868254790999497e-06
41000.056 2.1047464729801086e-06
41050.056 2.0478550692395997e-06
41100.056 1.9751869029301793e-06
41150.056 2.068880393300117e-06
41200.056 1.945515479879998e-06
41250.056 1.9948820637902017e-06
41300.056 1.7065566298196696e-06
41350.056 2.057731878200098e-06
41400.056 1.924599930490213e-06
41450.056 1.8825466009502463e-06
41500.056 2.015497884460073e-06
41550.056 1.9076519655599825e-06
41600.056 2.0422214169000067e-06
41650.056 1.8035746236504278e-06
41700.056 1.7071197354697395e-06
41750.056 1.7700410253498645e-06
41800.056 1.7631103811496288e-06
41850.056 1.5913575979303369e-06
41900.056 1.8334990267699055e-06
41950.056 1.5016856112004664e-06
42000.056 1.6746848897101604e-06
42050.056 1.4785836653194272e-06
42100.056 1.758370114310299e-06
42150.056 1.2790286314394629e-06
42200.056 1.4160613081400039e-06
42250.056 1.4820828167200732e-06
42300.056 1.2197799971900174e-06
42350.056 1.5128394460404635e-06
42400.056 1.266701101680354e-06
42450.056 1.0521136390902104e-06
42500.056 1.1553971277602824e-06
42550.056 1.1799300948801062e-06
42600.056 1.1856640227103833e-06
42650.056 9.98621195439211e-07
42700.056 1.1936238173505007e-06
42750.056 1.077131326290046e-06
42800.056 1.0408860563304016e-06
42850.056 1.0907432678496978e-06
42900.056 1.070141269800061e-06
42950.056 9.83394714269438e-07
43000.056 1.0045308896300612e-06
43050.056 9.387460647105248e-07
43100.056 1.053999030460188e-06
43150.056 1.0347061175102324e-06
43200.056 1.060502098450173e-06
43250.056 1.0191752033399462e-06
43300.056 1.0527037542001115e-06
43350.056 9.538821606699558e-07
43400.056 1.000324380039922e-06
43450.056 1.0207441254704395e-06
43500.056 9.7620100614985e-07
43550.056 1.0416725662500064e-06
43600.056 1.049670395040124e-06
43650.056 9.113401762201182e-07
43700.056 8.90935343399762e-07
43750.056 9.514655211001722e-07
43800.056 8.577589775901782e-07
43850.056 9.074882959002731e-07
43900.056 9.538599897099478e-07
43950.056 8.833165392302952e-07
44000.056 8.505066820801685e-07
44050.056 8.575134939801185e-07
44100.056 8.825481086401503e-07
44150.056 9.132652761297567e-07
44200.056 8.557826732499517e-07
44250.056 8.50469829500048e-07
44300.056 8.351328685000896e-07
44350.056 8.095834542400226e-07
44400.056 8.651283390799668e-07
44450.056 8.768933846999873e-07
44500.056 9.088602302500893e-07
44550.056 8.087732710398126e-07
44600.056 8.489711147900915e-07
44650.056 8.827445611901105e-07
44700.056 8.238693871300861e-07
44750.056 8.65773383889905e-07
44800.056 9.006052001599525e-07
44850.056 8.756483006900686e-07
44900.056 8.265257222901164e-07
44950.056 7.827050315099656e-07
45000.056 8.695108898099178e-07
45050.056 8.631969063199126e-07
45100.056 8.886153660799424e-07
45150.056 8.381788853699588e-07
45200.056 7.75812301820009e-07
45250.056 7.971019743099043e-07
45300.056 8.543066203300575e-07
45350.056 8.930821394899573e-07
45400.056 8.547815263401129e-07
45450.056 7.764180906298941e-07
45500.056 7.995285586199767e-07
45550.056 8.84545405299933e-07
45600.056 8.17266029469968e-07
45650.056 7.423288565598559e-07
45700.056 8.849887033600574e-07
45750.056 8.031326699199781e-07
45800.056 7.896579078799769e-07
45850.056 9.288263146699678e-07
45900.056 9.511615452400627e-07
45950.056 8.074189737499909e-07
46000.056 9.69225762950004e-07
46050.056 9.426646988001445e-07
46100.056 7.892953935300856e-07
46150.056 8.646515721399791e-07
46200.056 9.39929661060188e-07
46250.056 7.621613354299803e-07
46300.056 9.969433851999473e-07
46350.056 8.221261376799224e-07
46400.056 8.448372517698994e-07
46450.056 8.824708450001652e-07
46500.056 8.04725574319922e-07
46550.056 1.0051668841799812e-06
46600.056 9.158047293100329e-07
46650.056 1.1875348753798814e-06
46700.056 1.0906696100502933e-06
46750.056 8.533600824898909e-07
46800.056 9.555756586801634e-07
46850.056 1.027946366100104e-06
46900.056 9.59520329699812e-07
46950.056 1.0750274041700785e-06
47000.056 9.06137171999982e-07
47050.056 1.0761849210597745e-06
47100.056 8.463313652100962e-07
47150.056 9.383471068901509e-07
47200.056 9.98159549030252e-07
47250.056 8.753760173998665e-07
47300.056 9.263772491497635e-07
47350.056 7.828187343298297e-07
47400.056 9.990172379897877e-07
47450.056 8.758448714299521e-07
47500.056 9.69387109239804e-07
47550.056 8.69464280149902e-07
47600.056 1.0023305960099515e-06
47650.056 7.169044305497987e-07
47700.056 1.02340947688005e-06
47750.056 6.907235158701662e-07
47800.056 1.0006293126498907e-06
47850.056 7.663795645498437e-07
47900.056 1.0053594372300485e-06
47950.056 7.261943494601563e-07
48000.056 1.132337185509997e-06
48050.056 8.264337862901478e-07
48100.056 9.157514591399813e-07
48150.056 8.436682626201223e-07
48200.056 1.0075883389001664e-06
48250.056 8.333498860799297e-07
48300.056 1.1118210603397932e-06
48350.056 7.471915343699568e-07
48400.056 1.0025363497499955e-06
48450.056 8.125724906700584e-07
48500.056 1.1265080018100308e-06
48550.056 7.72779120830042e-07
48600.056 1.018891949299912e-06
48650.056 7.921833370499678e-07
48700.056 9.81714827810067e-07
48750.056 7.158025674500893e-07
48800.056 1.1540747656100763e-06
48850.056 7.913423606898594e-07
48900.056 1.013677316100089e-06
48950.056 9.333684345700362e-07
49000.056 9.24282875049882e-07
49050.056 9.662573134299518e-07
49100.056 8.905948137801219e-07
49150.056 9.576945750800506e-07
49200.056 9.074542114899719e-07
49250.056 9.467257879200257e-07
49300.056 8.152693721499252e-07
49350.056 8.703580390000007e-07
49400.056 1.047742009750103e-06
49450.056 8.757223450502011e-07
49500.056 9.420339126000665e-07
49550.056 8.053112614000122e-07
49600.056 8.982297996502469e-07
49650.056 9.371654793500543e-07
49700.056 7.992216278999386e-07
49750.056 1.1989683442397976e-06
49800.056 8.994024329500595e-07
49850.056 1.1599117123300407e-06
49900.056 9.00070135340089e-07
49950.056 9.881410348397092e-07
50000.056 9.553325225397931e-07
50050.056 9.639007136100985e-07
50100.056 1.0317693711499384e-06
50150.056 8.663623332600428e-07
50200.056 8.048467925300943e-07
50250.056 9.464587059300433e-07
50300.056 8.852800863699292e-07
50350.056 1.038898338650031e-06
50400.056 9.148371521400051e-07
50450.056 9.074800349701546e-07
50500.056 1.1795197185502153e-06
50550.056 9.535123069699436e-07
50600.056 1.0321262897600465e-06
50650.056 9.712082870502574e-07
50700.056 1.0675552083596357e-06
50750.056 1.0865243858801574e-06
50800.056 8.196906114199344e-07
50850.056 9.637797185402021e-07
50900.056 1.037031107409965e-06
50950.056 1.0645669874301574e-06
51000.056 1.2175555154100953e-06
51050.056 8.958077080401402e-07
51100.056 8.891694874999158e-07
51150.056 1.0327256752999144e-06
51200.056 9.955012806999281e-07
51250.056 1.0925690362699115e-06
51300.056 9.05889924650336e-07
51350.056 1.0174152734397607e-06
51400.056 9.412557838597438e-07
51450.056 7.149448696298757e-07
51500.056 9.679213176599585e-07
51550.056 1.2518180723001054e-06
51600.056 8.291899440800577e-07
51650.056 9.770467205198366e-07
51700.056 9.142407905497203e-07
51750.056 8.776193284600849e-07
51800.056 1.0579180278298229e-06
51850.056 1.0616953367198977e-06
51900.056 1.1119254611102543e-06
51950.056 1.0239231892899102e-06
52000.056 8.681253947099376e-07
52050.056 1.0049633911699618e-06
52100.056 9.385670096997851e-07
52150.056 9.53052291890075e-07
52200.056 9.248374176400538e-07
52250.056 9.709166425400067e-07
52300.056 1.0412082434199983e-06
52350.056 1.1527973659901801e-06
52400.056 8.327962967601183e-07
52450.056 9.825646121499635e-07
52500.056 1.0899715456097847e-06
52550.056 9.957288215196474e-07
52600.056 1.0305039464901767e-06
52650.056 1.178397455550186e-06
52700.056 9.920137364800115e-07
52750.056 8.00596182299886e-07
52800.056 9.116984191101095e-07
52850.056 8.653931516798759e-07
52900.056 9.600714976700884e-07
52950.056 9.60672820069829e-07
53000.056 1.0945098264599047e-06
53050.056 9.43816178339815e-07
53100.056 8.812056029397334e-07
53150.056 1.1412830954602324e-06
53200.056 7.857247105401248e-07
53250.056 1.1551866016199502e-06
53300.056 1.1165970506505007e-06
53350.056 1.0838394750398798e-06
53400.056 1.0052541338401094e-06
53450.056 8.836849576500352e-07
53500.056 7.686020599098351e-07
53550.056 9.768800239198837e-07
53600.056 1.0760994399502117e-06
