galfind/configs/Brown_Dwarf_templates/sonora_bobcat/m0.0/17g/sp_t475g17nc_m0.0_resample.dat
# %ECSV 1.0
# ---
# datatype:
# - {name: wav, unit: Angstrom, datatype: float64}
# - {name: flux_nu, unit: erg / (cm2 Hz s), datatype: float64}
# meta: {C/O: '1.00', Kzz: '1.0000E+05', Teff: '475.', Y: '0.28', '[Fe/H]': '0.00', f_hole: '1.00', f_rain: '0.00', grav: '18.'}
# schema: astropy-2.0
wav flux_nu
[from data line 498]
28900.056 4.205361350955432e-10
28950.056 7.220988726444731e-10
29000.056 4.83650662432915e-10
29050.056 7.268730884672709e-10
29100.056 4.1902964032772125e-10
29150.056 5.172591490362354e-10
29200.056 7.433910096069458e-10
29250.056 1.1857592746512878e-09
29300.056 4.722743390940383e-10
29350.056 1.4079581467069402e-09
29400.056 7.103120709558894e-10
29450.056 6.089599535637457e-10
29500.056 1.1414973281273002e-09
29550.056 5.912589825533878e-10
29600.056 8.502422879498502e-10
29650.056 1.5696798300797635e-09
29700.056 5.450760888135277e-10
29750.056 1.2527962064081195e-09
29800.056 1.129171652011631e-09
29850.056 1.3496765592381805e-09
29900.056 9.450633243392604e-10
29950.056 1.089981726161031e-09
30000.056 3.281194603826076e-11
30050.056 1.3421374581298126e-10
30100.056 4.0919161886273997e-10
30150.056 9.718951848162953e-10
30200.056 7.6438475720283e-10
30250.056 1.6635012150968885e-09
30300.056 2.2567567780070097e-09
30350.056 9.051128199997172e-10
30400.056 2.0873502251251767e-09
30450.056 1.2859926563006602e-09
30500.056 1.2799997722685475e-09
30550.056 1.1075659314618482e-09
30600.056 2.5403607601319107e-09
30650.056 1.5803319548663084e-09
30700.056 1.113369996660501e-09
30750.056 2.0498888758019833e-09
30800.056 1.2988191873883414e-09
30850.056 1.5475278517673904e-09
30900.056 7.989119955479048e-10
30950.056 1.034158687761467e-09
31000.056 1.017306012237253e-09
31050.056 8.415273065861665e-10
31100.056 5.265608235948948e-10
31150.056 9.33789906204938e-10
31200.056 1.5078290110930856e-09
31250.056 1.0909215072796076e-09
31300.056 6.916089481675171e-10
31350.056 1.150479434502157e-09
31400.056 8.273504408129813e-10
31450.056 8.30181765345418e-10
31500.056 4.3142005912425763e-10
31550.056 6.008171875713431e-10
31600.056 3.7123450862678185e-10
31650.056 4.1604899156735436e-10
31700.056 4.224762233101849e-10
31750.056 2.09687459839915e-10
31800.056 4.1101046262104936e-10
31850.056 1.1088434151040691e-10
31900.056 2.2031867229965068e-10
31950.056 1.4037520509390175e-10
32000.056 1.316876909462527e-10
32050.056 1.9613453241870934e-10
32100.056 1.7637667817254757e-10
32150.056 2.0811823815686607e-10
32200.056 1.0745908089548148e-10
32250.056 2.7059674550067826e-10
32300.056 1.0579538323957123e-10
32350.056 2.403443979047498e-10
32400.056 7.336343725219842e-11
32450.056 1.9640151804633207e-10
32500.056 8.569960948161745e-11
32550.056 1.4770466989246038e-10
32600.056 1.1602633827936163e-10
32650.056 4.3042790012634546e-10
32700.056 1.5963701232427265e-10
32750.056 6.35287203631328e-10
32800.056 3.934718576672231e-10
32850.056 8.786282282946125e-10
32900.056 7.749101177475775e-10
32950.056 9.253133396829504e-10
33000.056 4.5334126326743537e-10
33050.056 6.281047148410067e-10
33100.056 1.5013138594464674e-10
33150.056 2.372052015048444e-13
33200.056 4.238743215692362e-12
33250.056 3.3504573993843247e-12
33300.056 1.734340550707955e-11
33350.056 5.70768514406684e-11
33400.056 1.9440411607326705e-10
33450.056 1.990288826897326e-10
33500.056 6.166799571347106e-10
33550.056 1.6984962254849355e-10
33600.056 4.878149746485837e-10
33650.056 4.362703793918974e-10
33700.056 2.4164777210884313e-10
33750.056 6.507223960623716e-10
33800.056 1.3330181803316893e-10
33850.056 3.8467193513663334e-10
33900.056 3.7350357369105927e-10
33950.056 3.072639239256466e-10
34000.056 6.320119007151476e-10
34050.056 1.2805247623966658e-10
34100.056 5.661765516859394e-10
34150.056 3.052338255699776e-10
34200.056 5.83433904121757e-10
34250.056 4.0175172803580787e-10
34300.056 3.9933978066139567e-10
34350.056 5.122120437786272e-10
34400.056 2.3799838813853557e-10
34450.056 5.702134938985409e-10
34500.056 3.747063005822044e-10
34550.056 2.194714176686345e-10
34600.056 8.093996878358454e-10
34650.056 2.4553148013796246e-10
34700.056 7.017811636325673e-10
34750.056 4.6068376039333007e-10
34800.056 4.498638768652946e-10
34850.056 8.253332052140108e-10
34900.056 4.312458348342072e-10
34950.056 8.702184310749172e-10
35000.056 1.7153181476918952e-09
35050.056 7.362693291798861e-10
35100.056 1.5334044212524488e-09
35150.056 1.102239868292225e-09
35200.056 1.2900658863659186e-09
35250.056 1.9270895826064536e-09
35300.056 1.0648114390697837e-09
35350.056 1.1752246523473918e-09
35400.056 1.1260521917061836e-09
35450.056 8.671928564862344e-10
35500.056 2.825908532184428e-09
35550.056 1.977048945491535e-09
35600.056 1.7602700368856107e-09
35650.056 1.7549131445221834e-09
35700.056 1.9484922338131144e-09
35750.056 2.790244540000887e-09
35800.056 3.1784368041749438e-09
35850.056 1.2750250456672372e-09
35900.056 1.721911558313938e-09
35950.056 1.885020441759758e-09
36000.056 2.2153445573301836e-09
36050.056 1.575955936669059e-09
36100.056 1.5578891338469436e-09
36150.056 2.6041534847136363e-09
36200.056 2.8075067406650056e-09
36250.056 2.216670404987335e-09
36300.056 3.970128212092149e-09
36350.056 2.6560356286465866e-09
36400.056 3.5747438829550514e-09
36450.056 4.283291039220221e-09
36500.056 4.870133746276813e-09
36550.056 5.147528445561281e-09
36600.056 6.090694863334576e-09
36650.056 4.912294000953089e-09
36700.056 5.5710142418617425e-09
36750.056 6.555140442331785e-09
36800.056 6.7989432096926066e-09
36850.056 4.560025697772951e-09
36900.056 7.202714453872037e-09
36950.056 7.2450064143015476e-09
37000.056 5.67516285586509e-09
37050.056 7.235829769009683e-09
37100.056 7.155932279413552e-09
37150.056 5.3691901807085874e-09
37200.056 8.633675440520285e-09
37250.056 6.730937688173388e-09
37300.056 5.482957445330698e-09
37350.056 8.01644360476548e-09
37400.056 1.1778883342256742e-08
37450.056 6.103839458101895e-09
37500.056 7.271577905336641e-09
37550.056 1.0648172197387658e-08
37600.056 1.3733404776171664e-08
37650.056 6.105424463445577e-09
37700.056 1.2233940691803535e-08
37750.056 7.682484839645756e-09
37800.056 8.107115295214484e-09
37850.056 4.4211560390125455e-09
37900.056 6.291507386919538e-09
37950.056 1.0579140759460967e-08
38000.056 1.1184024136204245e-08
38050.056 1.2791891006908677e-08
38100.056 1.407351252244196e-08
38150.056 1.6037698124779637e-08
38200.056 1.543201227989939e-08
38250.056 1.5116006968952954e-08
38300.056 2.2330742199392883e-08
38350.056 2.1770854626108917e-08
38400.056 1.0081892834986095e-08
38450.056 7.433016618590567e-09
38500.056 4.620554859586459e-09
38550.056 1.1349794286883503e-08
38600.056 1.1317469679659267e-08
38650.056 1.1607427855424808e-08
38700.056 9.511296983404942e-09
38750.056 1.1697595739735905e-08
38800.056 1.1518641710324508e-08
38850.056 1.244207511353469e-08
38900.056 1.6713741045493385e-08
38950.056 1.1560974879221086e-08
39000.056 1.7172513939795596e-08
39050.056 1.1536877754635162e-08
39100.056 1.6014607554769554e-08
39150.056 1.782024815487348e-08
39200.056 1.5583192306690897e-08
39250.056 2.1886989118479404e-08
39300.056 1.4390282015489123e-08
39350.056 2.6380124736380608e-08
39400.056 1.5521288544454173e-08
39450.056 2.1302457959024455e-08
39500.056 2.247441581851944e-08
39550.056 1.5882233239931728e-08
39600.056 2.226944948379869e-08
39650.056 2.4434235781880815e-08
39700.056 2.421643986906193e-08
39750.056 1.6152922062222346e-08
39800.056 1.8165204794738552e-08
39850.056 3.040970994840301e-08
39900.056 3.2670818927103266e-08
39950.056 1.8913772600884756e-08
40000.056 3.218920736718709e-08
40050.056 2.9153967724517093e-08
40100.056 1.620448445344821e-08
40150.056 3.003189726299936e-08
40200.056 3.164810076690705e-08
40250.056 3.433567349069681e-08
40300.056 3.239085356169868e-08
40350.056 2.6915288157883708e-08
40400.056 3.5561477011728706e-08
40450.056 2.3287054193489062e-08
40500.056 3.9436698070293816e-08
40550.056 4.072446676938166e-08
40600.056 3.3945376483924704e-08
40650.056 2.5814782982785154e-08
40700.056 4.7082587370064906e-08
40750.056 3.374536035589372e-08
40800.056 2.530362072968182e-08
40850.056 5.473120874342244e-08
40900.056 4.601098285838367e-08
40950.056 4.2796272536735016e-08
41000.056 3.8276797320632256e-08
41050.056 5.799454500347639e-08
41100.056 4.816951817212407e-08
41150.056 2.6019356355307254e-08
41200.056 6.014847931123406e-08
41250.056 4.2443837130109525e-08
41300.056 4.358271549990514e-08
41350.056 6.140536415109561e-08
41400.056 5.348856446260695e-08
41450.056 6.688261323038127e-08
41500.056 4.8681953689283874e-08
41550.056 4.627618822104566e-08
41600.056 4.8611707079553203e-08
41650.056 6.056914651451793e-08
41700.056 6.29830542468686e-08
41750.056 5.8004206648486996e-08
41800.056 6.513103793901714e-08
41850.056 5.53304750530633e-08
41900.056 5.487812785683993e-08
41950.056 5.238387601241151e-08
42000.056 4.1693459693835404e-08
42050.056 4.503931552473088e-08
42100.056 5.3700471708158116e-08
42150.056 5.069289368505978e-08
42200.056 5.258761561906144e-08
42250.056 4.5697871184199436e-08
42300.056 4.8637277951622365e-08
42350.056 6.642233817670682e-08
42400.056 6.968809795021915e-08
42450.056 6.539198347193158e-08
42500.056 5.914206263358584e-08
42550.056 5.4473785900679074e-08
42600.056 5.961855485214308e-08
42650.056 8.948650446835485e-08
42700.056 5.7156087104196994e-08
42750.056 6.660863480710291e-08
42800.056 8.777208665501874e-08
42850.056 8.909283790597185e-08
42900.056 9.426491290083298e-08
42950.056 7.864218408098349e-08
43000.056 8.568452211363105e-08
43050.056 5.3172414174610575e-08
43100.056 7.196039702797903e-08
43150.056 6.323167143541128e-08
43200.056 9.523907495300288e-08
43250.056 1.1406796557000294e-07
43300.056 1.1099430861898882e-07
43350.056 6.888588366778165e-08
43400.056 8.880502654129727e-08
43450.056 6.543021570280761e-08
43500.056 6.09519418832119e-08
43550.056 6.772556783697322e-08
43600.056 1.0575148783141424e-07
43650.056 7.62924870869056e-08
43700.056 1.1282419891403162e-07
43750.056 1.0029963650069692e-07
43800.056 9.52191010496856e-08
43850.056 8.023502312100093e-08
43900.056 7.824314038408696e-08
43950.056 5.0502282700798197e-08
44000.056 5.1360521884492955e-08
44050.056 1.125536250550038e-07
44100.056 1.4181173132399524e-07
44150.056 1.248321558259998e-07
44200.056 1.0940815500699593e-07
44250.056 6.90047558936041e-08
44300.056 5.830677131591039e-08
44350.056 6.75517563829049e-08
44400.056 6.300095373789177e-08
44450.056 9.834460803727935e-08
44500.056 9.617217241522262e-08
44550.056 1.3420678921698433e-07
44600.056 1.1240058965090171e-07
44650.056 9.958497233852208e-08
44700.056 6.871752030500298e-08
44750.056 1.0757925691092807e-07
44800.056 7.652332368164968e-08
44850.056 9.825637418051337e-08
44900.056 8.686092062820596e-08
44950.056 1.0611648340440734e-07
45000.056 1.1515762956000251e-07
45050.056 1.0646239516798792e-07
45100.056 9.618518052659544e-08
45150.056 9.515883975134304e-08
45200.056 7.663569755020149e-08
45250.056 8.644268773286558e-08
45300.056 7.419065933331742e-08
45350.056 6.963644484902294e-08
45400.056 1.5085146450601764e-07
45450.056 1.1935067754100904e-07
45500.056 1.413043623112095e-07
45550.056 1.471291148419396e-07
45600.056 1.3701315538403427e-07
45650.056 1.0908897202349965e-07
45700.056 7.758910440809893e-08
45750.056 7.624468093610175e-08
45800.056 1.5835298883999138e-07
45850.056 1.3283979459199203e-07
45900.056 1.5763459284298458e-07
45950.056 1.3416944875099672e-07
46000.056 1.4744182224950999e-07
46050.056 1.1432915629861294e-07
46100.056 1.6755067522597447e-07
46150.056 1.0924896039701227e-07
46200.056 9.60289815766901e-08
46250.056 4.717218911664057e-08
46300.056 1.1232155725240109e-07
46350.056 1.1639221445301859e-07
46400.056 9.967766457100148e-08
46450.056 9.395970652231885e-08
46500.056 1.1271643809102943e-07
46550.056 6.588203806910393e-08
46600.056 9.57053922050693e-08
46650.056 1.405925934200058e-07
46700.056 9.359547586097532e-08
46750.056 5.7753485547786444e-08
46800.056 3.913902300336161e-08
46850.056 1.4330870351802953e-07
46900.056 1.2729249482799466e-07
46950.056 1.2742038362299133e-07
47000.056 1.260197947980268e-07
47050.056 9.619415793691198e-08
47100.056 6.823266756386119e-08
47150.056 9.687029979031257e-08
47200.056 1.1391809270499555e-07
47250.056 7.547248564419486e-08
47300.056 5.078398437686625e-08
47350.056 1.3993173308399004e-07
47400.056 1.1473199065299156e-07
47450.056 1.0908634008780597e-07
47500.056 1.3923377835182215e-07
47550.056 1.208009130670136e-07
47600.056 1.1654068746099954e-07
47650.056 1.1602544170876581e-07
47700.056 9.629852071327279e-08
47750.056 7.253023093540476e-08
47800.056 6.56297852976071e-08
47850.056 3.7578473098468046e-08
47900.056 5.579447043988954e-08
47950.056 1.0110632145981336e-07
48000.056 1.4337299538002554e-07
48050.056 1.2481467465580804e-07
48100.056 5.79368323432482e-08
48150.056 1.0041198840400323e-07
48200.056 7.143087044130068e-08
48250.056 8.175734742100139e-08
48300.056 1.2932366547397328e-07
48350.056 7.887068125280185e-08
48400.056 2.9181618743837977e-08
48450.056 5.8614051854198605e-08
48500.056 8.809185662097932e-08
48550.056 8.607835660460721e-08
48600.056 1.0168323039699817e-07
48650.056 1.2099831765697982e-07
48700.056 8.714862751120615e-08
48750.056 6.119833562313417e-08
48800.056 1.21063281884996e-07
48850.056 6.794712588938816e-08
48900.056 9.83745038263909e-08
48950.056 5.6941969268005296e-08
49000.056 2.880852127831979e-08
49050.056 8.116556009109009e-08
49100.056 1.0331870497662085e-07
49150.056 7.70264713412668e-08
49200.056 1.2203829839302632e-07
49250.056 1.1681333960701625e-07
49300.056 1.006237631874003e-07
49350.056 4.377059392430888e-08
49400.056 6.2910514263583e-08
49450.056 6.558768195597135e-08
49500.056 5.010735464399534e-08
49550.056 1.4644630868751574e-08
49600.056 3.67158199891726e-08
49650.056 7.086512801999979e-08
49700.056 7.1781242413771e-08
49750.056 7.608059133179399e-08
49800.056 5.316947798014157e-08
49850.056 1.0205870983502799e-07
49900.056 7.922114045458606e-08
49950.056 8.12829607718054e-08
50000.056 6.543334394639912e-08
50050.056 7.914639892800267e-08
50100.056 6.23561587282992e-08
50150.056 3.3964773465992394e-08
50200.056 7.869547208524869e-09
50250.056 4.2003597986995306e-08
50300.056 2.7529182059724432e-08
50350.056 7.553511782590938e-08
50400.056 7.080193768619028e-08
50450.056 5.6663351170365456e-08
50500.056 8.035268248150958e-08
50550.056 6.985443164100855e-08
50600.056 5.2824758167385635e-08
50650.056 8.58979260980156e-08
50700.056 8.568227021096823e-08
50750.056 5.843957432040761e-08
50800.056 2.4060902764535437e-08
50850.056 1.5285518499807653e-08
50900.056 6.791032954600013e-08
50950.056 5.4017996567001347e-08
51000.056 4.8975366495243823e-08
51050.056 6.500806352099382e-08
51100.056 2.7549211890640462e-08
51150.056 3.475427037055629e-08
51200.056 8.420638419799787e-08
51250.056 5.4498839031470406e-08
51300.056 4.2447490024162224e-08
51350.056 4.024830226201496e-08
51400.056 1.6140900596351095e-08
51450.056 1.2765950101647647e-08
51500.056 1.30994873403881e-08
51550.056 4.59639647572453e-08
51600.056 3.400315730566116e-08
51650.056 4.115104984959029e-08
51700.056 4.4181968738439037e-08
51750.056 3.017622918700757e-08
51800.056 5.0156782135994085e-08
51850.056 4.261338538619513e-08
51900.056 5.717202610159348e-08
51950.056 3.557702278319507e-08
52000.056 5.165628789368041e-09
52050.056 2.1541329250103143e-08
52100.056 1.3729024242298764e-08
52150.056 8.577852417138132e-09
52200.056 1.9336989266559997e-08
52250.056 2.7555720178111013e-08
52300.056 3.880266575319731e-08
52350.056 1.7109182757978533e-08
52400.056 1.566759861430156e-08
52450.056 4.758310467180428e-08
52500.056 3.653574310530054e-08
52550.056 3.9891194534995484e-08
52600.056 3.051654794659866e-08
52650.056 3.66245181428037e-08
52700.056 2.81631120955992e-08
52750.056 1.2716329606191628e-08
52800.056 2.1465264921902718e-08
52850.056 2.376597860799347e-08
52900.056 1.2783729701109264e-08
52950.056 1.87375523355617e-08
53000.056 2.9326278111908567e-08
53050.056 1.2176541750896658e-08
53100.056 3.0617779039791175e-08
53150.056 3.411853301892142e-08
53200.056 1.681432785201869e-08
53250.056 3.354330760928343e-08
53300.056 4.0947961504725494e-08
53350.056 3.08857387180817e-08
53400.056 2.1055856017693116e-08
53450.056 8.854572768797179e-09
53500.056 1.903439184605948e-09
53550.056 5.222658648775906e-09
