galfind/configs/Brown_Dwarf_templates/sonora_bobcat/m0.0/17g/sp_t800g17nc_m0.0_resample.dat
# %ECSV 1.0
# ---
# datatype:
# - {name: wav, unit: Angstrom, datatype: float64}
# - {name: flux_nu, unit: erg / (cm2 Hz s), datatype: float64}
# meta: {C/O: '1.00', Kzz: '1.0000E+05', Teff: '800.', Y: '0.28', '[Fe/H]': '0.00', f_hole: '1.00', f_rain: '0.00', grav: '18.'}
# schema: astropy-2.0
wav flux_nu
[from data line 498]
28900.056 2.0724172657649284e-08
28950.056 4.5497611500095485e-08
29000.056 3.6070727116909e-08
29050.056 3.954077017542542e-08
29100.056 2.890857508799692e-08
29150.056 4.8461942107139195e-08
29200.056 3.6095719501898806e-08
29250.056 5.333755144624696e-08
29300.056 2.8794043850972726e-08
29350.056 7.347733785707867e-08
29400.056 3.986078259100682e-08
29450.056 4.428412127597338e-08
29500.056 5.0836212391143696e-08
29550.056 4.218069878007275e-08
29600.056 5.1513221183571244e-08
29650.056 5.4083260271239225e-08
29700.056 3.63540723015197e-08
29750.056 5.429924270132913e-08
29800.056 5.518028428254756e-08
29850.056 6.0040959882553e-08
29900.056 5.3343476446770926e-08
29950.056 5.241303014442323e-08
30000.056 2.311370676587712e-08
30050.056 2.7718693003037192e-08
30100.056 2.5003021158834707e-08
30150.056 4.754314665667043e-08
30200.056 3.599367976944275e-08
30250.056 6.156408190963291e-08
30300.056 5.481897374391204e-08
30350.056 4.538314491155606e-08
30400.056 5.598417158406637e-08
30450.056 3.850455219590554e-08
30500.056 3.313937472714745e-08
30550.056 3.532298511021872e-08
30600.056 4.204327171859973e-08
30650.056 3.08969448892925e-08
30700.056 2.9749380347469868e-08
30750.056 3.324553837419364e-08
30800.056 2.5721576523574895e-08
30850.056 2.5217803161254134e-08
30900.056 2.0083488070337297e-08
30950.056 2.1478619527425633e-08
31000.056 1.7553316361562353e-08
31050.056 1.673832082015959e-08
31100.056 1.4039234166907584e-08
31150.056 1.796372837646909e-08
31200.056 1.809714994630425e-08
31250.056 1.3302766644026955e-08
31300.056 1.2139242454566034e-08
31350.056 1.3035241117940095e-08
31400.056 1.0139813558469798e-08
31450.056 1.0604092877637434e-08
31500.056 8.290279481567911e-09
31550.056 9.641686662705471e-09
31600.056 6.812319427105102e-09
31650.056 6.5832543409621114e-09
31700.056 6.627239529029153e-09
31750.056 5.5085936214522395e-09
31800.056 7.020663984620203e-09
31850.056 5.223277715710373e-09
31900.056 6.125880751799199e-09
31950.056 3.897691086799663e-09
32000.056 5.101965587879814e-09
32050.056 5.845961462260124e-09
32100.056 5.705503198571259e-09
32150.056 5.860555434369297e-09
32200.056 4.9301893623406365e-09
32250.056 6.634937537220785e-09
32300.056 4.918262603649189e-09
32350.056 6.828802849998382e-09
32400.056 4.664519388268145e-09
32450.056 6.269148503477905e-09
32500.056 5.517854225441128e-09
32550.056 5.289222095029715e-09
32600.056 6.7533169704208264e-09
32650.056 1.0412463141148112e-08
32700.056 8.209007785711846e-09
32750.056 1.0400797259142381e-08
32800.056 9.51034824303177e-09
32850.056 1.1262782913438565e-08
32900.056 1.2553490382616622e-08
32950.056 1.3444118373470049e-08
33000.056 1.0709915804285412e-08
33050.056 1.0524653147737637e-08
33100.056 4.567149418748342e-09
33150.056 1.2996021973599758e-09
33200.056 1.2508232007896982e-09
33250.056 6.683906711799221e-10
33300.056 8.059261191801417e-10
33350.056 1.574645580419964e-09
33400.056 2.5050138263286305e-09
33450.056 3.776482469459524e-09
33500.056 6.35544763062474e-09
33550.056 5.258322361783023e-09
33600.056 9.041944096458538e-09
33650.056 8.655770108547702e-09
33700.056 7.64544857791855e-09
33750.056 1.0950585033634244e-08
33800.056 9.059746589352291e-09
33850.056 1.0316027745888898e-08
33900.056 8.453326995380567e-09
33950.056 8.550514445157956e-09
34000.056 1.1430132668495744e-08
34050.056 5.6089874335263136e-09
34100.056 1.1216382492020573e-08
34150.056 8.996063597401034e-09
34200.056 9.065205193495301e-09
34250.056 9.055909333572958e-09
34300.056 8.537722854925957e-09
34350.056 7.23896739136949e-09
34400.056 6.333853076828239e-09
34450.056 8.80616155974635e-09
34500.056 8.360039340341854e-09
34550.056 6.737299150781128e-09
34600.056 1.109939477509922e-08
34650.056 7.598206801940696e-09
34700.056 9.777298180749128e-09
34750.056 9.509109569406294e-09
34800.056 8.714504198995836e-09
34850.056 9.724222671904114e-09
34900.056 1.054040598038487e-08
34950.056 1.1609352702196484e-08
35000.056 1.719878503965594e-08
35050.056 1.0246375944638613e-08
35100.056 1.38183443505231e-08
35150.056 1.2029137169953376e-08
35200.056 1.4090571630097351e-08
35250.056 1.8158327089792925e-08
35300.056 1.4523334493972386e-08
35350.056 1.4359857424243903e-08
35400.056 1.6359981473097385e-08
35450.056 1.108381104094626e-08
35500.056 2.2446377784518745e-08
35550.056 2.089014767709424e-08
35600.056 1.6841822579911015e-08
35650.056 1.9648085183825716e-08
35700.056 1.8339274757933324e-08
35750.056 2.4090772687996047e-08
35800.056 3.157607777993995e-08
35850.056 1.8264169753866432e-08
35900.056 2.4010291880151037e-08
35950.056 2.2321081868819612e-08
36000.056 2.272438857230451e-08
36050.056 1.9920129341891317e-08
36100.056 2.1922855097825397e-08
36150.056 2.3541720203582622e-08
36200.056 2.489967078349056e-08
36250.056 2.4224254235899054e-08
36300.056 2.9046385613587763e-08
36350.056 2.7049786847446063e-08
36400.056 2.6131767040553083e-08
36450.056 3.40859380568464e-08
36500.056 3.6455059641979896e-08
36550.056 3.465404259830939e-08
36600.056 4.2703345672997895e-08
36650.056 4.1764101805736026e-08
36700.056 4.572254670574763e-08
36750.056 4.90820397346386e-08
36800.056 4.776864776390106e-08
36850.056 4.424546490369142e-08
36900.056 5.058358439283096e-08
36950.056 5.5433221816387525e-08
37000.056 5.1400565282491445e-08
37050.056 5.068999690028997e-08
37100.056 5.938222693820294e-08
37150.056 4.75156043019527e-08
37200.056 5.775463913178622e-08
37250.056 5.998743272119003e-08
37300.056 5.175581200341421e-08
37350.056 5.441507468201393e-08
37400.056 8.215534677099714e-08
37450.056 6.133740327979499e-08
37500.056 6.198221425999404e-08
37550.056 7.1943551432263e-08
37600.056 7.922762298820725e-08
37650.056 5.852952958549763e-08
37700.056 9.007472635281079e-08
37750.056 6.570410703159291e-08
37800.056 6.943064439394726e-08
37850.056 5.0792688380705294e-08
37900.056 5.879259508061522e-08
37950.056 7.370336083577841e-08
38000.056 8.81813648253046e-08
38050.056 8.528744959211952e-08
38100.056 8.130701638382625e-08
38150.056 1.004796557799966e-07
38200.056 1.0502895712303442e-07
38250.056 1.0081309343221377e-07
38300.056 1.2976021403998176e-07
38350.056 1.3128769723901588e-07
38400.056 8.322117513516466e-08
38450.056 8.835066969547588e-08
38500.056 6.223878183419655e-08
38550.056 9.466837184602967e-08
38600.056 1.0022016984501748e-07
38650.056 9.007685734738169e-08
38700.056 9.704679855019667e-08
38750.056 1.110570626628145e-07
38800.056 9.562077871540217e-08
38850.056 9.714543428551143e-08
38900.056 1.327910057228157e-07
38950.056 1.0897693220107731e-07
39000.056 1.1962239943599896e-07
39050.056 1.0737633376099356e-07
39100.056 1.214601746060132e-07
39150.056 1.19214815827007e-07
39200.056 1.2900665509919344e-07
39250.056 1.4499084032786158e-07
39300.056 1.1558738496803568e-07
39350.056 1.6035918824700146e-07
39400.056 1.340949941613735e-07
39450.056 1.4441875929239113e-07
39500.056 1.4111472427294518e-07
39550.056 1.4842504810944721e-07
39600.056 1.5452455652184892e-07
39650.056 1.6370941813098545e-07
39700.056 1.6124383583002722e-07
39750.056 1.368321244401491e-07
39800.056 1.5848329101794892e-07
39850.056 1.8930434346799998e-07
39900.056 1.8795348458402225e-07
39950.056 1.629324903785383e-07
40000.056 2.2716923522426128e-07
40050.056 1.884793135827998e-07
40100.056 1.6157445022319594e-07
40150.056 2.0166711894995786e-07
40200.056 2.0396856191590545e-07
40250.056 1.9955761319790988e-07
40300.056 2.007018035540517e-07
40350.056 2.1584289760698114e-07
40400.056 2.3964659770380507e-07
40450.056 2.158383961514534e-07
40500.056 2.372076886979765e-07
40550.056 2.388813577019404e-07
40600.056 2.3375054295803425e-07
40650.056 2.0458429540262378e-07
40700.056 2.7624821553099626e-07
40750.056 2.4094276902197185e-07
40800.056 1.9683787708088814e-07
40850.056 2.923762329900954e-07
40900.056 2.671626125216345e-07
40950.056 2.538128652864158e-07
41000.056 2.5980016058400204e-07
41050.056 3.1207977563995436e-07
41100.056 2.6700605701803126e-07
41150.056 2.1458756417316423e-07
41200.056 3.090792232919534e-07
41250.056 2.6058440835405863e-07
41300.056 2.4263113850393806e-07
41350.056 3.4012005640006086e-07
41400.056 3.048821710660706e-07
41450.056 3.2529485303205877e-07
41500.056 2.754301617669233e-07
41550.056 2.758091775354592e-07
41600.056 3.301169310755578e-07
41650.056 3.326141388430111e-07
41700.056 2.9998308973985586e-07
41750.056 3.181231185229844e-07
41800.056 3.431005217259691e-07
41850.056 2.686935856797163e-07
41900.056 2.9538893280114625e-07
41950.056 2.6926801323606175e-07
42000.056 2.6809941212992004e-07
42050.056 2.545758705520222e-07
42100.056 3.404164662999893e-07
42150.056 2.7037325365697305e-07
42200.056 2.4944046868301173e-07
42250.056 2.5416957915642413e-07
42300.056 2.534252767836088e-07
42350.056 3.1536619701005536e-07
42400.056 2.8630754019910536e-07
42450.056 2.6268928304803754e-07
42500.056 2.55834457539992e-07
42550.056 2.548165213399549e-07
42600.056 2.6094435056346607e-07
42650.056 2.955182938358795e-07
42700.056 2.787336023936095e-07
42750.056 2.5593634378298177e-07
42800.056 2.7401921847005695e-07
42850.056 3.0959284909988675e-07
42900.056 3.179875080490989e-07
42950.056 2.787344082899008e-07
43000.056 3.0387614459102124e-07
43050.056 2.2923232790011186e-07
43100.056 2.801261148229314e-07
43150.056 2.6632422942604424e-07
43200.056 3.1630544432200703e-07
43250.056 3.49917846480012e-07
43300.056 3.510152246900005e-07
43350.056 2.6419840377895244e-07
43400.056 2.9895729964396063e-07
43450.056 2.7504989197605363e-07
43500.056 2.509699128319847e-07
43550.056 2.6813101935817735e-07
43600.056 3.548152624470349e-07
43650.056 2.8698624080500097e-07
43700.056 3.1900625046004757e-07
43750.056 3.205876486400771e-07
43800.056 2.982169702229508e-07
43850.056 2.765357756500386e-07
43900.056 2.974640726259659e-07
43950.056 2.2856061779801183e-07
44000.056 2.269474195544915e-07
44050.056 3.2498166147402794e-07
44100.056 3.681981418380254e-07
44150.056 3.3679056837292307e-07
44200.056 3.2222708614799287e-07
44250.056 2.6745579379401136e-07
44300.056 2.433984593040516e-07
44350.056 2.5880854339016623e-07
44400.056 2.748623859670061e-07
44450.056 3.084233442699524e-07
44500.056 3.2122595060508857e-07
44550.056 3.582649142099406e-07
44600.056 2.9612514518834694e-07
44650.056 3.288513944780785e-07
44700.056 2.5260917846701296e-07
44750.056 3.188213521230204e-07
44800.056 2.864386524040224e-07
44850.056 3.1161718673605675e-07
44900.056 2.788195414160205e-07
44950.056 3.0499744061301815e-07
45000.056 3.216987895699654e-07
45050.056 3.153953264690068e-07
45100.056 3.090184847859919e-07
45150.056 3.1244586154055746e-07
45200.056 2.7187941278402636e-07
45250.056 2.9104622308990075e-07
45300.056 2.6290338606205597e-07
45350.056 2.7309141786799317e-07
45400.056 3.5704779635103135e-07
45450.056 3.1262372450996986e-07
45500.056 3.234600544760036e-07
45550.056 3.568375752979052e-07
45600.056 3.526652745200299e-07
45650.056 2.829538635129578e-07
45700.056 2.8433892086903523e-07
45750.056 2.660363303999858e-07
45800.056 3.5044183538099277e-07
45850.056 3.66048361355996e-07
45900.056 3.7876172439000064e-07
45950.056 3.213070206649882e-07
46000.056 3.6094078783350715e-07
46050.056 3.247049830550294e-07
46100.056 3.552347652099873e-07
46150.056 3.0967109523098715e-07
46200.056 3.025943635920276e-07
46250.056 2.3129511435215815e-07
46300.056 3.3791076667199805e-07
46350.056 3.119128942580226e-07
46400.056 3.0098483481001025e-07
46450.056 2.924245396040523e-07
46500.056 3.0240383106705344e-07
46550.056 2.7894454421797625e-07
46600.056 3.1062003344419437e-07
46650.056 4.046904711699525e-07
46700.056 3.305747249650377e-07
46750.056 2.463920871673844e-07
46800.056 2.1842332945202548e-07
46850.056 4.0015033571409043e-07
46900.056 3.558427885599551e-07
46950.056 3.644746601100111e-07
47000.056 3.2975036400602483e-07
47050.056 3.306637672262769e-07
47100.056 2.4657409299994467e-07
47150.056 2.8581518955502376e-07
47200.056 3.3412451090602776e-07
47250.056 2.740942110019914e-07
47300.056 2.2393897233719353e-07
47350.056 3.437138755279568e-07
47400.056 3.444216505979556e-07
47450.056 3.339821082428205e-07
47500.056 3.700069864069348e-07
47550.056 3.2982164128999713e-07
47600.056 3.264575142149822e-07
47650.056 2.8194120092014323e-07
47700.056 3.214766273754787e-07
47750.056 2.2962637546301712e-07
47800.056 2.7373806794600906e-07
47850.056 2.0650402278499976e-07
47900.056 2.6195227800695863e-07
47950.056 2.7249039125804527e-07
48000.056 3.85235046240066e-07
48050.056 3.470248351960157e-07
48100.056 2.49377983204017e-07
48150.056 3.033512293000275e-07
48200.056 2.8740867500101105e-07
48250.056 2.789611980600088e-07
48300.056 3.462468153298709e-07
48350.056 2.393242521810251e-07
48400.056 1.8642061233537141e-07
48450.056 2.7130979028009293e-07
48500.056 3.4619875398795556e-07
48550.056 2.70789405469993e-07
48600.056 3.073226260440037e-07
48650.056 3.0136692566996825e-07
48700.056 2.861074033069827e-07
48750.056 2.0930585664711048e-07
48800.056 3.793226257929886e-07
48850.056 2.393480717559576e-07
48900.056 3.39901994126005e-07
48950.056 2.728682089240459e-07
49000.056 1.7298795523415655e-07
49050.056 2.923137990779903e-07
49100.056 3.1445524596306554e-07
49150.056 2.7856503079643915e-07
49200.056 3.42586016115039e-07
49250.056 3.2820646375804767e-07
49300.056 2.8881599482500203e-07
49350.056 2.0117923786703663e-07
49400.056 2.597384637799779e-07
49450.056 2.637878927895892e-07
49500.056 2.2516020549597132e-07
49550.056 1.3870178096001977e-07
49600.056 2.1532764291685864e-07
49650.056 2.58225351344995e-07
49700.056 2.3610376452592273e-07
49750.056 2.810584980479266e-07
49800.056 2.4010154602842503e-07
49850.056 3.3941743832509307e-07
49900.056 2.713307463999769e-07
49950.056 2.715687315999941e-07
50000.056 2.4977262966997045e-07
50050.056 2.935186287350069e-07
50100.056 2.4766847429601283e-07
50150.056 1.7656487653197406e-07
50200.056 9.275768541301032e-08
50250.056 2.395709180069645e-07
50300.056 1.8954993895202087e-07
50350.056 3.033025081220306e-07
50400.056 2.6269180888898254e-07
50450.056 2.174008727896386e-07
50500.056 2.6287464319004357e-07
50550.056 2.433731065530137e-07
50600.056 2.24024024736947e-07
50650.056 2.843705388560759e-07
50700.056 3.002476126838748e-07
50750.056 2.5238194087504585e-07
50800.056 1.5512433692599225e-07
50850.056 1.486193757400548e-07
50900.056 2.890295752260083e-07
50950.056 2.2612281103704398e-07
51000.056 2.5055008019302055e-07
51050.056 2.3268627820800593e-07
51100.056 1.4537721402018628e-07
51150.056 2.0015456546397002e-07
51200.056 3.0823960719498435e-07
51250.056 2.1989953450193437e-07
51300.056 1.8935979805610776e-07
51350.056 1.9284275488099043e-07
51400.056 1.1912686824499351e-07
51450.056 1.0227272074226835e-07
51500.056 1.163787777427458e-07
51550.056 2.532182409012175e-07
51600.056 1.8130704674264061e-07
51650.056 1.8505982387595432e-07
51700.056 1.9603720369226348e-07
51750.056 1.463798997365307e-07
51800.056 2.1191570796595272e-07
51850.056 2.0023570754999868e-07
51900.056 2.7258281500405434e-07
51950.056 2.1441014371898392e-07
52000.056 8.686701538298442e-08
52050.056 1.672522406623316e-07
52100.056 1.2321260520698052e-07
52150.056 1.1287723338940923e-07
52200.056 1.2259222194140232e-07
52250.056 1.5678400555303215e-07
52300.056 2.2233988780098784e-07
52350.056 1.6486709207221076e-07
52400.056 1.1611762542530568e-07
52450.056 2.0906156746301075e-07
52500.056 1.9558482445194066e-07
52550.056 2.0661755334993784e-07
52600.056 1.7449968996303246e-07
52650.056 1.8591683859503385e-07
52700.056 1.6646848392799602e-07
52750.056 1.1014396850359673e-07
52800.056 1.4214473508802641e-07
52850.056 1.489704461799491e-07
52900.056 1.3248889558620504e-07
52950.056 1.445796661881982e-07
53000.056 1.9344298849201174e-07
53050.056 1.059210007907639e-07
53100.056 1.451125486539401e-07
53150.056 2.100703006980279e-07
53200.056 1.0858228121959962e-07
53250.056 1.9520303782200999e-07
53300.056 2.0731515610011356e-07
53350.056 1.9577842533999053e-07
53400.056 1.7937873203801062e-07
53450.056 1.0002702109598822e-07
