galfind/configs/Brown_Dwarf_templates/sonora_bobcat/m0.0/17g/sp_t550g17nc_m0.0_resample.dat
# %ECSV 1.0
# ---
# datatype:
# - {name: wav, unit: Angstrom, datatype: float64}
# - {name: flux_nu, unit: erg / (cm2 Hz s), datatype: float64}
# meta: {C/O: '1.00', Kzz: '1.0000E+05', Teff: '550.', Y: '0.28', '[Fe/H]': '0.00', f_hole: '1.00', f_rain: '0.00', grav: '18.'}
# schema: astropy-2.0
wav flux_nu
4000.0559999999996 nan
4050.0559999999996 3.9996280352939207e-16
4100.056 5.140830207400057e-14
4150.056 3.429722289300074e-13
4200.056 3.207379967724052e-13
4250.056 1.636167434690032e-12
4300.056 2.8903855509000876e-12
4350.056 4.1113831240000755e-12
4400.056 5.722615747700096e-12
4450.056 7.853923084499991e-12
4500.056 9.261549907100246e-12
4550.056 9.769088817934595e-12
4600.056 6.280668853116026e-12
4650.056 4.407572795099852e-12
4700.056 2.5353181922999876e-12
4750.056 6.970748455399897e-13
4800.056 1.491057982749979e-13
4850.056 2.838608203199955e-14
4900.056 7.697045144399927e-15
4950.056 3.04086581059998e-15
5000.056 1.4178561948799865e-15
5050.056 9.35832192320006e-16
5100.056 9.975644160400105e-16
5150.056 1.1239510768200158e-15
5200.056 1.2714982366000047e-15
5250.056 1.4269756190000018e-15
5300.056 1.6059725815000017e-15
5350.056 1.8150189040000027e-15
5400.056 2.0341892251e-15
5450.056 2.2876564463000148e-15
5500.056 2.5672462261000255e-15
5550.056 2.8588009779000085e-15
5600.056 3.132468931900003e-15
5650.056 3.3552948155999946e-15
5700.056 3.4277838777000038e-15
5750.056 3.3626074647000002e-15
5800.056 2.9901507774999926e-15
5850.056 2.0822358149599626e-15
5900.056 6.2654863425982645e-16
5950.056 4.161298780280147e-15
6000.056 9.010165395999878e-15
6050.056 1.617726929080031e-14
6100.056 2.6086630840000296e-14
6150.056 3.943562341300029e-14
6200.056 5.734912350100034e-14
6250.056 7.974473085699999e-14
6300.056 1.1063100923200036e-13
6350.056 1.506104771800012e-13
6400.056 2.0172790786000113e-13
6450.056 2.539808654699897e-13
6500.056 3.4158054631799353e-13
6550.056 4.646130374679978e-13
6600.056 6.375143364500296e-13
6650.056 8.779507859300075e-13
6700.056 1.1537535989770125e-12
6750.056 1.6445136658000127e-12
6800.056 2.115450941800035e-12
6850.056 2.4893196218000113e-12
6900.056 2.4295689566900816e-12
6950.056 2.2417956109609508e-12
7000.056 2.4619443807700452e-12
7050.056 2.676026487810932e-12
7100.056 2.987006608029916e-12
7150.056 2.7840274439021642e-12
7200.056 2.6713878255008174e-12
7250.056 2.8746145436849973e-12
7300.056 2.946000684870172e-12
7350.056 3.1210086349673025e-12
7400.056 3.3047089156801946e-12
7450.056 3.4688233049901993e-12
7500.056 3.5133814459999514e-12
7550.056 3.3725691796999784e-12
7600.056 3.007996194499982e-12
7650.056 9.410275159994571e-13
7700.056 6.313044838690282e-13
7750.056 3.237571614400047e-12
7800.056 5.079804061027988e-12
7850.056 7.91635434179995e-12
7900.056 1.0674293782359662e-11
7950.056 1.2327463143366054e-11
8000.056 1.774732981970011e-11
8050.056 2.217732926070085e-11
8100.056 2.3290164191015683e-11
8150.056 2.6907395624681366e-11
8200.056 3.860297098325855e-11
8250.056 4.676919255007332e-11
8300.056 5.949382958184704e-11
8350.056 6.668219188398055e-11
8400.056 8.204842656551777e-11
8450.056 1.0916114615565453e-10
8500.056 1.264023888226894e-10
8550.056 1.738464981900029e-10
8600.056 2.2908181642600392e-10
8650.056 2.817154831000083e-10
8700.056 3.233513151600055e-10
8750.056 3.87794456730004e-10
8800.056 4.3218283711801655e-10
8850.056 3.8802045076197625e-10
8900.056 1.2697839237444428e-10
8950.056 1.7175018089094021e-10
9000.056 1.3896213626266593e-10
9050.056 4.0599254424010027e-10
9100.056 5.462731584499251e-10
9150.056 6.516170325011231e-10
9200.056 1.0140285833063837e-09
9250.056 1.0587352987946956e-09
9300.056 2.9443386029494667e-10
9350.056 3.44476572871892e-10
9400.056 5.668103134686894e-10
9450.056 7.329347733425958e-10
9500.056 6.496966207492636e-10
9550.056 7.854696725421968e-10
9600.056 7.290855497227218e-10
9650.056 9.485986989046545e-10
9700.056 1.3152175947042675e-09
9750.056 1.2978888004979935e-09
9800.056 1.4015319225109927e-09
9850.056 1.5659329244835348e-09
9900.056 2.0050968098355893e-09
9950.056 1.8083694193864379e-09
10000.056 2.0392152617664073e-09
10050.056 2.4646194370902682e-09
10100.056 3.350642175269267e-09
10150.056 3.830105893189748e-09
10200.056 4.435091499780285e-09
10250.056 5.3575418613307286e-09
10300.056 6.867095168284386e-09
10350.056 7.989656631228476e-09
10400.056 1.1424152226160585e-08
10450.056 1.4133747933586072e-08
10500.056 1.6797252458940198e-08
10550.056 1.9951376353901124e-08
10600.056 2.1535091912598412e-08
10650.056 2.3066314484250645e-08
10700.056 2.2621491499752594e-08
10750.056 2.3418978036948314e-08
10800.056 2.2465908662498152e-08
10850.056 1.937093759435256e-08
10900.056 1.2717101525401072e-08
10950.056 5.848124835347971e-09
11000.056 4.194945476387167e-09
11050.056 2.569665390740973e-09
11100.056 1.420276458640445e-09
11150.056 5.414816504054867e-10
11200.056 3.1310192594799745e-10
11250.056 3.678412712614834e-10
11300.056 5.972839421503116e-10
11350.056 1.9548166219143275e-10
11400.056 4.2324872550827717e-10
11450.056 3.513441065586588e-10
11500.056 1.9325519649092477e-10
11550.056 3.785838597333282e-11
11600.056 4.167280159459144e-11
11650.056 1.470233641351381e-10
11700.056 1.5116145066532545e-10
11750.056 1.976050623659245e-11
11800.056 1.5848611597448584e-10
11850.056 3.1760676677866503e-10
11900.056 3.642427712648565e-10
11950.056 6.199209894227952e-10
12000.056 1.1492937765183124e-09
12050.056 2.056979917059802e-09
12100.056 3.6878938618143363e-09
12150.056 6.179828218412106e-09
12200.056 8.304300808856333e-09
12250.056 1.2869124028468791e-08
12300.056 1.8973453068873714e-08
12350.056 2.0274102385764317e-08
12400.056 2.928030749039783e-08
12450.056 3.7869465037185745e-08
12500.056 4.2490261711263736e-08
12550.056 4.880500504886343e-08
12600.056 5.4944901802934564e-08
12650.056 5.446713071708579e-08
12700.056 5.4413025788430685e-08
12750.056 4.6256891159453585e-08
12800.056 3.977788279777222e-08
12850.056 2.7762831997114825e-08
12900.056 2.0824657183362208e-08
12950.056 1.7684544450068163e-08
13000.056 1.4632337758655936e-08
13050.056 9.658013288705337e-09
13100.056 8.047795747779787e-09
13150.056 5.223445074215859e-09
13200.056 4.158610470819048e-09
13250.056 2.9106160281950372e-09
13300.056 1.0523106565534832e-09
13350.056 3.0185767475879766e-10
13400.056 2.3997934735668426e-10
13450.056 9.373987092944042e-11
13500.056 4.804827482143285e-11
13550.056 2.5634195486115862e-11
13600.056 5.590532275178094e-12
13650.056 3.139006039881828e-11
13700.056 2.155868549523499e-11
13750.056 2.2443790026630304e-11
13800.056 1.903614628268414e-11
13850.056 1.3508914560195551e-11
13900.056 1.8625852342482967e-11
13950.056 1.2837347610172864e-11
14000.056 1.4801505216866713e-11
14050.056 2.3635271044073982e-11
14100.056 3.022100106202785e-11
14150.056 5.2446523719963264e-11
14200.056 3.6237701549193216e-11
14250.056 5.399615892814183e-11
14300.056 1.0083919681914052e-10
14350.056 1.206225985611712e-10
14400.056 1.4371252017903479e-10
14450.056 1.9448906973092762e-10
14500.056 4.016582087465541e-10
14550.056 4.789257298278009e-10
14600.056 5.875642541270919e-10
14650.056 4.794748791423453e-10
14700.056 2.995475950903451e-10
14750.056 2.3992703405342894e-10
14800.056 4.5975041346699716e-10
14850.056 6.13000640331027e-10
14900.056 6.585907094230702e-10
14950.056 6.28152853435417e-10
15000.056 1.0774958715512177e-09
15050.056 9.887322548121504e-10
15100.056 8.669396882441726e-10
15150.056 8.857078613897706e-10
15200.056 1.3176926592582803e-09
15250.056 2.4151380914081405e-09
15300.056 2.949533037955063e-09
15350.056 3.689542799694424e-09
15400.056 4.750187718291837e-09
15450.056 5.942530360510495e-09
15500.056 6.601314716822556e-09
15550.056 8.925451942136172e-09
15600.056 1.0467017929380378e-08
15650.056 1.3175418910404129e-08
15700.056 1.6938103284257778e-08
15750.056 1.9494760092570543e-08
15800.056 2.004991553701309e-08
15850.056 2.1665544203204935e-08
15900.056 1.8174094440030415e-08
15950.056 1.550274747919585e-08
16000.056 1.0296322363102802e-08
16050.056 5.1928993339843274e-09
16100.056 3.2089692280643763e-09
16150.056 1.7370924630765563e-09
16200.056 9.604900369319104e-10
16250.056 6.66339678197474e-10
16300.056 4.248614068968809e-10
16350.056 4.776472607116088e-10
16400.056 6.127178582379209e-10
16450.056 5.478915502045304e-10
16500.056 4.941552371554399e-10
16550.056 5.358986588052096e-10
16600.056 6.22529106556005e-10
16650.056 4.846289454335872e-10
16700.056 8.383159777488887e-11
16750.056 2.16369816063664e-10
16800.056 4.006470459716824e-10
16850.056 4.919485101345244e-10
16900.056 2.6863890595882123e-10
16950.056 1.5922105745900495e-10
17000.056 9.681409194340792e-11
17050.056 1.9088914206194216e-10
17100.056 3.112062075231705e-10
17150.056 1.7006895861821537e-10
17200.056 5.227292863443958e-10
17250.056 3.8237410264121583e-10
17300.056 2.1985935045041753e-10
17350.056 2.2021730898713202e-10
17400.056 3.5351755700282936e-10
17450.056 5.098278244511675e-10
17500.056 6.809031248643453e-10
17550.056 6.467089095598106e-10
17600.056 5.05219962047614e-10
17650.056 5.025455330023347e-10
17700.056 3.48035242359319e-10
17750.056 3.8684334121980775e-10
17800.056 8.913687830566832e-10
17850.056 4.646368797768842e-10
17900.056 3.443390399666663e-10
17950.056 3.015882623895464e-10
18000.056 4.2603493742421583e-10
18050.056 4.715660084660064e-10
18100.056 5.962776745499162e-10
18150.056 6.10321272212459e-10
18200.056 4.2665186769319637e-10
18250.056 1.0968603779528394e-09
18300.056 4.658745964337154e-10
18350.056 3.393355545039008e-10
18400.056 3.0420198574162253e-10
18450.056 7.200240333738864e-10
18500.056 7.316262978432779e-10
18550.056 5.157284671913374e-10
18600.056 6.090239565617342e-10
18650.056 5.159576088046407e-10
18700.056 2.538826494058815e-10
18750.056 5.216496784263443e-10
18800.056 1.276053425029803e-09
18850.056 1.3746758312952551e-09
18900.056 1.2228998162400696e-09
18950.056 1.835322292161268e-09
19000.056 8.326779320858806e-10
19050.056 5.111660992957222e-10
19100.056 9.89932997206559e-10
19150.056 5.673700969468166e-10
19200.056 7.368547393056736e-10
19250.056 5.629685211481759e-10
19300.056 4.171483082980652e-10
19350.056 3.5383793612836777e-10
19400.056 3.141207045723088e-10
19450.056 5.781658901511014e-10
19500.056 4.3290666356963684e-10
19550.056 3.92556181800517e-10
19600.056 8.712383699159045e-10
19650.056 7.163429102720639e-10
19700.056 7.716973669093882e-10
19750.056 1.2701452466333114e-09
19800.056 9.85761257819419e-10
19850.056 1.4377400541352031e-09
19900.056 1.4001950776678734e-09
19950.056 2.052998250021059e-09
20000.056 2.4699430390016457e-09
20050.056 2.207749687699165e-09
20100.056 3.4577189274511798e-09
20150.056 2.100866786414259e-09
20200.056 1.9902604763949738e-09
20250.056 3.3277056966143197e-09
20300.056 3.787738012298623e-09
20350.056 4.174900647357983e-09
20400.056 3.804648269902622e-09
20450.056 5.5315723640118255e-09
20500.056 6.577260371605711e-09
20550.056 7.062799591726301e-09
20600.056 7.493586566705432e-09
20650.056 8.82818603056375e-09
20700.056 9.536916869477422e-09
20750.056 1.0571200315653991e-08
20800.056 1.0322392400251613e-08
20850.056 1.0805636137371879e-08
20900.056 1.156291317547486e-08
20950.056 1.068425601118938e-08
21000.056 1.0123703381716046e-08
21050.056 1.0447616561697133e-08
21100.056 9.421395724381907e-09
21150.056 9.498907296278226e-09
21200.056 8.480729742743172e-09
21250.056 7.581274579175086e-09
21300.056 5.945767164359505e-09
21350.056 6.020186110381101e-09
21400.056 5.515202961056244e-09
21450.056 4.421042149631611e-09
21500.056 3.88371351296868e-09
21550.056 3.365459649460804e-09
21600.056 2.71354071364048e-09
21650.056 2.08660208150938e-09
21700.056 1.9338532057221097e-09
21750.056 1.812039552568682e-09
21800.056 1.3803363320808266e-09
21850.056 1.3043705931021563e-09
21900.056 8.446891709684594e-10
21950.056 3.32914842095084e-10
22000.056 8.430557250437185e-11
22050.056 6.603128503779083e-11
22100.056 2.0688282902684422e-10
22150.056 2.8063965970034716e-10
22200.056 3.1181854706062834e-10
22250.056 2.308097070209259e-10
22300.056 1.4511014114517948e-10
22350.056 1.7278529590952508e-10
22400.056 7.982761492622044e-11
22450.056 9.265530102666549e-11
22500.056 7.013953156630855e-11
22550.056 5.066867334233881e-11
22600.056 4.23974724440724e-11
22650.056 6.83730142608825e-11
22700.056 5.473017199243881e-11
22750.056 5.565809900249887e-11
22800.056 5.277283273244895e-11
22850.056 4.2211925057699695e-11
22900.056 3.0756567618389616e-11
22950.056 2.940874023976732e-11
23000.056 4.2994713982232864e-11
23050.056 5.726439688969134e-11
23100.056 1.9313295572272517e-10
23150.056 2.1119744672427055e-10
23200.056 1.7610020025462926e-11
23250.056 3.4469406786995104e-11
23300.056 3.662282336501632e-11
23350.056 5.098668800513228e-11
23400.056 5.2064152627378003e-11
23450.056 3.7858066219897914e-11
23500.056 4.0113935166578247e-11
23550.056 6.772554785910971e-11
23600.056 9.37761929764336e-11
23650.056 1.6126920258481395e-10
23700.056 5.085921175438197e-11
23750.056 3.599649333978563e-11
23800.056 1.011741464397462e-10
23850.056 8.766140026756774e-11
23900.056 1.7105545952126722e-10
23950.056 1.4196506649564495e-10
24000.056 2.189463483618599e-10
24050.056 3.048872627465436e-10
24100.056 3.0117181302108844e-10
24150.056 4.055425689260345e-10
24200.056 3.117724506653222e-10
24250.056 2.5135120472560796e-10
24300.056 3.78167564021081e-10
24350.056 3.291957859009862e-10
24400.056 6.025820645296229e-10
24450.056 6.75832723328031e-10
24500.056 6.536268741653565e-10
24550.056 9.121158240899459e-10
24600.056 9.410727953018217e-10
24650.056 1.3809299862621754e-09
24700.056 8.485913073736131e-10
24750.056 1.134500058509915e-09
24800.056 1.1135924579029734e-09
24850.056 1.6604042743911834e-09
24900.056 9.393868085206165e-10
24950.056 1.8029666129807962e-09
25000.056 1.7747728238637526e-09
25050.056 1.2602623811286156e-09
25100.056 1.8576132332225638e-09
25150.056 9.997601025556247e-10
25200.056 1.5138645676949118e-09
25250.056 7.926126349299197e-10
25300.056 1.2595627469919196e-09
25350.056 6.064079755667296e-10
25400.056 1.4179055843392957e-09
25450.056 5.199894741549826e-10
25500.056 4.980768659196752e-10
25550.056 7.91054604250966e-10
25600.056 4.4403180447867396e-10
25650.056 2.8371383963809854e-10
25700.056 4.847843507779984e-10
25750.056 1.4497116185708623e-10
25800.056 5.819759275096401e-10
25850.056 1.5339330990216665e-10
25900.056 2.183028984455193e-10
25950.056 7.46914066714283e-11
26000.056 5.831637923482987e-10
26050.056 1.2374954259404358e-10
26100.056 4.2292062746923744e-10
26150.056 2.366160013340666e-10
26200.056 3.171150244139017e-10
26250.056 1.137549173466597e-09
26300.056 4.0129013834051477e-10
26350.056 1.5530684339614192e-09
26400.056 1.8405845084112488e-09
26450.056 1.8113747198896382e-09
26500.056 2.6384251376404464e-09
26550.056 6.187281599011188e-10
26600.056 8.727508638567322e-10
26650.056 1.9014905330218893e-10
26700.056 1.3134193725451803e-10
26750.056 1.2829020006959842e-10
26800.056 3.4123414262292847e-10
26850.056 1.8374535013402482e-10
26900.056 7.486967071604904e-10
26950.056 2.82703313743655e-10
27000.056 1.3200332968100297e-09
27050.056 1.1763011239287334e-09
27100.056 3.1318799418040964e-10
27150.056 1.7044994020664093e-09
27200.056 3.1185759393794816e-10
27250.056 7.369391455477666e-10
27300.056 3.3026609264507885e-09
27350.056 1.5508853224491119e-09
27400.056 1.2713230594409728e-10
27450.056 1.9656289715728663e-09
27500.056 2.0177547001835462e-09
27550.056 4.5494187313299914e-10
27600.056 1.1464995033320047e-09
27650.056 3.521001584952788e-10
27700.056 2.752769333128445e-10
27750.056 1.45139384912355e-09
27800.056 4.02407562470638e-10
27850.056 6.78724176711001e-10
27900.056 6.664799036497189e-10
27950.056 1.666856922874472e-09
28000.056 1.4197598634958157e-09
28050.056 2.1937579217756802e-10
28100.056 1.3798420710609762e-09
28150.056 9.993348158587288e-10
28200.056 3.3837180894404857e-10
28250.056 1.774015369015558e-09
28300.056 1.8572235920009627e-09
28350.056 4.580853576683574e-10
28400.056 1.2647806651508095e-09
28450.056 1.969328145067756e-09
28500.056 1.3337933093061055e-09
28550.056 3.483775946221517e-10
28600.056 2.2715816067878956e-09
28650.056 1.6308937922245795e-09
28700.056 1.8940938661239633e-09
28750.056 2.946945793460817e-09
28800.056 1.5240099917777496e-09
