galfind/configs/Brown_Dwarf_templates/sonora_bobcat/m0.0/17g/sp_t2200g17nc_m0.0_resample.dat
# %ECSV 1.0
# ---
# datatype:
# - {name: wav, unit: Angstrom, datatype: float64}
# - {name: flux_nu, unit: erg / (cm2 Hz s), datatype: float64}
# meta: {C/O: '1.00', Kzz: '1.0000E+05', Teff: '2200.', Y: '0.28', '[Fe/H]': '0.00', f_hole: '1.00', f_rain: '0.00', grav: '18.'}
# schema: astropy-2.0
wav flux_nu
[from data line 501]
29050.056 2.8494972911098064e-06
29100.056 2.5565921809499917e-06
29150.056 2.965318328450202e-06
29200.056 2.807778047820216e-06
29250.056 3.008800559380041e-06
29300.056 2.741024900978568e-06
29350.056 3.201150367039493e-06
29400.056 2.8206674355998756e-06
29450.056 2.7709521827598082e-06
29500.056 2.9685464201097004e-06
29550.056 2.8531539731803078e-06
29600.056 2.952892621220045e-06
29650.056 2.9813021558700854e-06
29700.056 2.6550492020197934e-06
29750.056 3.2011809056211077e-06
29800.056 3.0825955525798837e-06
29850.056 3.0379544510596083e-06
29900.056 2.774636616460662e-06
29950.056 3.1886255428794806e-06
30000.056 3.166915092818887e-06
30050.056 3.0050255116999545e-06
30100.056 2.4763699105894367e-06
30150.056 3.545128143899701e-06
30200.056 3.2645111248002902e-06
30250.056 3.0689062706006934e-06
30300.056 3.1866801785998956e-06
30350.056 3.0108449967805915e-06
30400.056 3.4314445994004793e-06
30450.056 2.8671284412403505e-06
30500.056 2.8210558425804536e-06
30550.056 3.583644160800698e-06
30600.056 3.421627798350307e-06
30650.056 3.3664813831601703e-06
30700.056 3.191655678320019e-06
30750.056 3.0731004358001584e-06
30800.056 3.5719958881610135e-06
30850.056 3.173488528839968e-06
30900.056 3.221838510599742e-06
30950.056 3.099114663590341e-06
31000.056 3.4839826993998987e-06
31050.056 3.013075996700079e-06
31100.056 3.401838852400003e-06
31150.056 3.4166738643997444e-06
31200.056 3.5348561217996315e-06
31250.056 3.6614881614006904e-06
31300.056 3.3310811095997363e-06
31350.056 3.314998237539982e-06
31400.056 3.4498463603005315e-06
31450.056 3.4464381811202364e-06
31500.056 3.5344782882005963e-06
31550.056 3.2584557059999783e-06
31600.056 3.419394545799868e-06
31650.056 3.5422342898999356e-06
31700.056 3.6744466294999726e-06
31750.056 3.2178664332001787e-06
31800.056 3.6194801825003133e-06
31850.056 3.9259654367998724e-06
31900.056 3.8179421007997416e-06
31950.056 3.212018201299645e-06
32000.056 3.4220659822007183e-06
32050.056 3.853730659400409e-06
32100.056 3.874419090999631e-06
32150.056 3.829241240400163e-06
32200.056 3.6965936088999103e-06
32250.056 3.5250698696001493e-06
32300.056 3.798346288100148e-06
32350.056 3.987517701600478e-06
32400.056 3.6639579956999857e-06
32450.056 3.5493735461003063e-06
32500.056 3.832963682100234e-06
32550.056 4.145277701900143e-06
32600.056 4.042481577799776e-06
32650.056 3.968938999501071e-06
32700.056 3.783177930700103e-06
32750.056 3.970057364400014e-06
32800.056 3.6939742860005614e-06
32850.056 4.241781631399729e-06
32900.056 4.078128843500082e-06
32950.056 3.6330007869998668e-06
33000.056 3.920700747300245e-06
33050.056 3.976592160799597e-06
33100.056 4.1050133371990376e-06
33150.056 4.074344752500314e-06
33200.056 3.82800571520063e-06
33250.056 4.046195282200168e-06
33300.056 4.366515028700302e-06
33350.056 4.087386684300344e-06
33400.056 3.8560502645996614e-06
33450.056 4.190900640198765e-06
33500.056 4.108866812200249e-06
33550.056 4.087024963199328e-06
33600.056 4.1281503654006084e-06
33650.056 4.218351617300755e-06
33700.056 4.367213613899406e-06
33750.056 4.341270354600169e-06
33800.056 4.2869998586999236e-06
33850.056 4.1145930441999855e-06
33900.056 4.526042924399522e-06
33950.056 4.081438628099535e-06
34000.056 4.156951334899144e-06
34050.056 4.252026964500115e-06
34100.056 4.509960310100479e-06
34150.056 4.407773706999589e-06
34200.056 4.182917706299428e-06
34250.056 4.5836304509993995e-06
34300.056 4.296392762199463e-06
34350.056 4.486466663499416e-06
34400.056 4.173041318699511e-06
34450.056 4.232861690400005e-06
34500.056 4.3057975103008415e-06
34550.056 4.237115119799804e-06
34600.056 4.38587305680001e-06
34650.056 4.387616964099862e-06
34700.056 4.205359451499513e-06
34750.056 4.4927091647002845e-06
34800.056 4.630203727699589e-06
34850.056 4.240428469500072e-06
34900.056 4.52714688230041e-06
34950.056 4.391442180699133e-06
35000.056 4.305224326399546e-06
35050.056 4.632391990900552e-06
35100.056 4.565459640399133e-06
35150.056 4.433752958199626e-06
35200.056 4.572228606499658e-06
35250.056 4.1181992490003676e-06
35300.056 4.501364470800431e-06
35350.056 4.691660212499671e-06
35400.056 4.460858575199839e-06
35450.056 4.334698858500275e-06
35500.056 4.582928506900003e-06
35550.056 4.435482399699968e-06
35600.056 4.371793102399198e-06
35650.056 4.72036898480051e-06
35700.056 4.362960400300352e-06
35750.056 4.422817840699705e-06
35800.056 4.581087565999678e-06
35850.056 4.6939474694996505e-06
35900.056 4.751547369199543e-06
35950.056 4.644541782799514e-06
36000.056 4.284924263799522e-06
36050.056 4.749073961000203e-06
36100.056 4.90780132410002e-06
36150.056 4.481233489200309e-06
36200.056 4.782319436799526e-06
36250.056 4.48068733719929e-06
36300.056 5.022729117300789e-06
36350.056 4.875822495599359e-06
36400.056 4.685059960699833e-06
36450.056 4.974541757199661e-06
36500.056 4.687291760300324e-06
36550.056 4.563854732100479e-06
36600.056 4.6527100969004466e-06
36650.056 4.790380122200502e-06
36700.056 4.980473333300197e-06
36750.056 4.676015970600581e-06
36800.056 4.78544981889949e-06
36850.056 4.846598524599991e-06
36900.056 4.909011842400681e-06
36950.056 4.901104876000101e-06
37000.056 4.917590200200248e-06
37050.056 5.031126506699974e-06
37100.056 4.843543989900338e-06
37150.056 4.792115796199114e-06
37200.056 5.010520562400145e-06
37250.056 5.023962363000356e-06
37300.056 4.990785606700867e-06
37350.056 4.807173860800569e-06
37400.056 5.006889753999691e-06
37450.056 4.989440132400401e-06
37500.056 5.097005749699795e-06
37550.056 4.956867041599248e-06
37600.056 5.1752965834993854e-06
37650.056 4.796561424199535e-06
37700.056 4.861400526000201e-06
37750.056 5.168031896799239e-06
37800.056 5.262820246899957e-06
37850.056 5.066089064399762e-06
37900.056 5.157012169200342e-06
37950.056 5.189098186000279e-06
38000.056 5.063584349100666e-06
38050.056 5.0987137324003334e-06
38100.056 4.95085779410017e-06
38150.056 5.243351295199309e-06
38200.056 5.358695074599335e-06
38250.056 5.0470099089005935e-06
38300.056 4.974956734899924e-06
38350.056 5.171769460799992e-06
38400.056 5.192232311599826e-06
38450.056 5.160040085200517e-06
38500.056 5.114490669099759e-06
38550.056 5.137705037500377e-06
38600.056 5.469332014499751e-06
38650.056 4.912574014000196e-06
38700.056 5.0070594591005745e-06
38750.056 5.254499637800025e-06
38800.056 5.124593516500698e-06
38850.056 5.184409480600263e-06
38900.056 4.997932721199944e-06
38950.056 5.187290276499576e-06
39000.056 5.129339356400142e-06
39050.056 5.160760596799968e-06
39100.056 4.932613489599909e-06
39150.056 5.063419121500257e-06
39200.056 5.180302538300212e-06
39250.056 5.1670257561993616e-06
39300.056 5.1753412275991665e-06
39350.056 5.128749533300508e-06
39400.056 5.019594318100172e-06
39450.056 5.067603301099755e-06
39500.056 5.0344650319999196e-06
39550.056 4.943172383799007e-06
39600.056 5.292504786700394e-06
39650.056 4.9174049429001504e-06
39700.056 5.085725672399964e-06
39750.056 5.0720686443995135e-06
39800.056 4.8535651870002774e-06
39850.056 4.9771788528997755e-06
39900.056 4.861087713999704e-06
39950.056 5.064319564699821e-06
40000.056 4.829875962099732e-06
40050.056 4.488556009799843e-06
40100.056 4.824327337399757e-06
40150.056 4.533707072999166e-06
40200.056 4.747044197999671e-06
40250.056 4.74325541739867e-06
40300.056 4.397490402700304e-06
40350.056 4.5964231058001615e-06
40400.056 4.697642054099926e-06
40450.056 4.33470375810097e-06
40500.056 4.143055032199922e-06
40550.056 4.724149700199757e-06
40600.056 4.357136733400277e-06
40650.056 4.469032931100995e-06
40700.056 4.665162536800338e-06
40750.056 4.162291427398929e-06
40800.056 4.128083770700565e-06
40850.056 3.93734880500083e-06
40900.056 3.863825895000712e-06
40950.056 4.198037608900011e-06
41000.056 4.36208093970045e-06
41050.056 4.220801098899231e-06
41100.056 4.046782059800653e-06
41150.056 4.350452446400204e-06
41200.056 4.049428765800099e-06
41250.056 4.155964167100172e-06
41300.056 3.7115096508997095e-06
41350.056 4.251587047900252e-06
41400.056 4.096500270399906e-06
41450.056 3.898141699599932e-06
41500.056 4.180341564000014e-06
41550.056 4.187487525900034e-06
41600.056 4.348024828299842e-06
41650.056 3.86297180520053e-06
41700.056 3.7668886384996804e-06
41750.056 4.015164184100106e-06
41800.056 3.7862535113997946e-06
41850.056 3.6316061310004028e-06
41900.056 4.04626244939935e-06
41950.056 3.6723204929004547e-06
42000.056 3.927229087800278e-06
42050.056 3.6583854653988205e-06
42100.056 3.983544105200364e-06
42150.056 3.501906158599255e-06
42200.056 3.550664063800198e-06
42250.056 3.7751990890998583e-06
42300.056 3.522897921400063e-06
42350.056 3.86368061780062e-06
42400.056 3.5409250837001285e-06
42450.056 3.117437983900249e-06
42500.056 3.2543744442002608e-06
42550.056 3.5566826740997324e-06
42600.056 3.431806411800462e-06
42650.056 3.3093255005989594e-06
42700.056 3.4803466545008442e-06
42750.056 3.3135785543000646e-06
42800.056 3.325419904800265e-06
42850.056 3.5383143196997572e-06
42900.056 3.4308336604003035e-06
42950.056 3.121730962898689e-06
43000.056 3.331005753799925e-06
43050.056 3.249702566801238e-06
43100.056 3.3408544583994326e-06
43150.056 3.475261124100784e-06
43200.056 3.3019566855999875e-06
43250.056 3.3097291342007056e-06
43300.056 3.398500454600204e-06
43350.056 3.2165713647995743e-06
43400.056 3.1314704684997647e-06
43450.056 3.226699510700957e-06
43500.056 3.1381964032992e-06
43550.056 3.2654474347998875e-06
43600.056 3.3795410274999623e-06
43650.056 3.1243770038805295e-06
43700.056 3.087799372999955e-06
43750.056 3.1314946295000204e-06
43800.056 3.0719995881000026e-06
43850.056 3.1936369651004026e-06
43900.056 3.1619944492398955e-06
43950.056 3.0306778820204928e-06
44000.056 2.884936223500348e-06
44050.056 2.9335621838000763e-06
44100.056 2.9944315434006528e-06
44150.056 3.214521042899422e-06
44200.056 3.0330552418001035e-06
44250.056 2.838846275199769e-06
44300.056 2.80163360850053e-06
44350.056 2.902911856200023e-06
44400.056 2.8414563891001184e-06
44450.056 3.0510600544000685e-06
44500.056 3.132520149600681e-06
44550.056 2.8205056274593812e-06
44600.056 2.8993810928004167e-06
44650.056 3.0137858010801402e-06
44700.056 2.7940376359003356e-06
44750.056 3.038919607279612e-06
44800.056 3.0169760020698498e-06
44850.056 3.116054279800218e-06
44900.056 2.946958537400511e-06
44950.056 2.7319791407999663e-06
45000.056 2.9766689372000036e-06
45050.056 2.9335166772995945e-06
45100.056 3.0119460777996797e-06
45150.056 3.010606162490098e-06
45200.056 2.7884234776997866e-06
45250.056 2.8384955435794506e-06
45300.056 2.7763996733000663e-06
45350.056 3.0252041195993873e-06
45400.056 3.0105075926003276e-06
45450.056 2.8136198876995377e-06
45500.056 2.7501321087999732e-06
45550.056 2.9770399518994272e-06
45600.056 2.9168251260999296e-06
45650.056 2.674079180799093e-06
45700.056 2.789304089100419e-06
45750.056 2.8646732958997646e-06
45800.056 2.878999342899987e-06
45850.056 3.034334266200124e-06
45900.056 3.0352365722200107e-06
45950.056 2.749453958079908e-06
46000.056 2.961625444300024e-06
46050.056 2.9801277065006303e-06
46100.056 2.7800727327501735e-06
46150.056 2.8277575021999845e-06
46200.056 3.0722080227005954e-06
46250.056 2.6868554686198484e-06
46300.056 3.0402560447398068e-06
46350.056 2.5939807633397897e-06
46400.056 2.816789533699654e-06
46450.056 2.713943682520664e-06
46500.056 2.69920923010009e-06
46550.056 2.9225746863997873e-06
46600.056 2.663767476599647e-06
46650.056 3.131414254600099e-06
46700.056 2.9192191218006606e-06
46750.056 2.6457301134399106e-06
46800.056 2.8612637407004782e-06
46850.056 2.8850198599100205e-06
46900.056 2.8271864527994634e-06
46950.056 2.90211625319022e-06
47000.056 2.9133757744000472e-06
47050.056 2.815941623999691e-06
47100.056 2.817890544200168e-06
47150.056 2.798923827100523e-06
47200.056 2.7792072611006406e-06
47250.056 2.8074248770990782e-06
47300.056 2.6916734932491953e-06
47350.056 2.5743991359195667e-06
47400.056 2.8656588226993878e-06
47450.056 3.019792445399794e-06
47500.056 2.702959404299178e-06
47550.056 2.8043738640992895e-06
47600.056 2.9285963312000066e-06
47650.056 2.4076451851994313e-06
47700.056 2.911628058400199e-06
47750.056 2.3448199681407244e-06
47800.056 2.939043837899731e-06
47850.056 2.553161192598757e-06
47900.056 2.9795955002001344e-06
47950.056 2.4314484002506946e-06
48000.056 3.040324165400075e-06
48050.056 2.5809171439206145e-06
48100.056 2.5966624648000805e-06
48150.056 2.560930959600261e-06
48200.056 2.911117739950906e-06
48250.056 2.6308857671996328e-06
48300.056 3.0484049233997763e-06
48350.056 2.3921795690995667e-06
48400.056 2.9307988383999323e-06
48450.056 2.7369937889002225e-06
48500.056 2.978487209400085e-06
48550.056 2.559166655900026e-06
48600.056 2.813153781699748e-06
48650.056 2.4368126416999996e-06
48700.056 2.643552114400053e-06
48750.056 2.3558002325004867e-06
48800.056 2.997093205140128e-06
48850.056 2.558114520899542e-06
48900.056 2.8322514350999817e-06
48950.056 2.7918001897005545e-06
49000.056 2.6623835153198444e-06
49050.056 2.650247750699754e-06
49100.056 2.662162404299987e-06
49150.056 2.6254520439902017e-06
49200.056 2.85449769970002e-06
49250.056 2.6829992489003e-06
49300.056 2.554905978219708e-06
49350.056 2.390044554800118e-06
49400.056 2.8110816793005427e-06
49450.056 2.57328506905053e-06
49500.056 2.6173942458004037e-06
49550.056 2.4776252659000266e-06
49600.056 2.513597057380414e-06
49650.056 2.522471837500557e-06
49700.056 2.2719748904097257e-06
49750.056 2.8825676006993743e-06
49800.056 2.6554205430600094e-06
49850.056 2.8196818901000757e-06
49900.056 2.4857635050000894e-06
49950.056 2.680140181499045e-06
50000.056 2.4729932596994536e-06
50050.056 2.649829047620106e-06
50100.056 2.574642421599725e-06
50150.056 2.4928673818798483e-06
50200.056 2.272289032700117e-06
50250.056 2.3130301273801715e-06
50300.056 2.409625486229494e-06
50350.056 2.486615176239973e-06
50400.056 2.513812440300207e-06
50450.056 2.360708269260184e-06
50500.056 2.8545439347004203e-06
50550.056 2.5349692542797978e-06
50600.056 2.5261896079002852e-06
50650.056 2.4923444364006505e-06
50700.056 2.5725618126392224e-06
50750.056 2.4497946885002683e-06
50800.056 2.3477869600700046e-06
50850.056 2.426538220920335e-06
50900.056 2.3824277126999715e-06
50950.056 2.6333661529503817e-06
51000.056 2.7305358222002717e-06
51050.056 2.2997898012204693e-06
51100.056 2.3099152737498685e-06
51150.056 2.5207230520701856e-06
51200.056 2.4806855996997832e-06
51250.056 2.557662477400115e-06
51300.056 2.397043924530655e-06
51350.056 2.5027681754996807e-06
51400.056 2.4109371482993856e-06
51450.056 1.9661844613798047e-06
51500.056 2.5188261764598284e-06
51550.056 2.7313367136002407e-06
51600.056 2.144544543439874e-06
51650.056 2.4421084818996714e-06
51700.056 2.161633681729345e-06
51750.056 2.2698558798501642e-06
51800.056 2.4161998787997406e-06
51850.056 2.50980451550001e-06
51900.056 2.5698061886002727e-06
51950.056 2.3016881926997317e-06
52000.056 2.213053040239973e-06
52050.056 2.486551574739838e-06
52100.056 2.4231178248993834e-06
52150.056 2.4093329746604523e-06
52200.056 2.3128178418301053e-06
52250.056 2.2593648065999733e-06
52300.056 2.3097918066999737e-06
52350.056 2.6344281808002643e-06
52400.056 2.181441214819891e-06
52450.056 2.32210896096996e-06
52500.056 2.395451368739237e-06
52550.056 2.2409356694994425e-06
52600.056 2.4025318089201806e-06
52650.056 2.6486017923805216e-06
52700.056 2.3659938008500787e-06
52750.056 1.9836055659198144e-06
52800.056 2.2199858718003106e-06
52850.056 2.159760419799874e-06
52900.056 2.3182049060003633e-06
52950.056 2.2793908434994992e-06
53000.056 2.444463730119646e-06
53050.056 2.396223153309699e-06
53100.056 2.0749515054994434e-06
53150.056 2.4538042638005004e-06
53200.056 2.0201744161603803e-06
53250.056 2.6180177802999224e-06
53300.056 2.4467081843007584e-06
53350.056 2.5133678031998512e-06
53400.056 2.2215968548001546e-06
53450.056 2.1167714124499882e-06
53500.056 2.0774078452996936e-06
53550.056 2.430457974399989e-06
53600.056 2.367650379600359e-06
53650.056 2.234427139160793e-06
