galfind/configs/Brown_Dwarf_templates/sonora_bobcat/m0.0/17g/sp_t2000g17nc_m0.0_resample.dat
# %ECSV 1.0
# ---
# datatype:
# - {name: wav, unit: Angstrom, datatype: float64}
# - {name: flux_nu, unit: erg / (cm2 Hz s), datatype: float64}
# meta: {C/O: '1.00', Kzz: '1.0000E+05', Teff: '2000.', Y: '0.28', '[Fe/H]': '0.00', f_hole: '1.00', f_rain: '0.00', grav: '18.'}
# schema: astropy-2.0
wav flux_nu
4000.0559999999996 nan
4050.0559999999996 4.882652413413008e-09
4100.056 4.753985482698296e-09
4150.056 3.385826433348882e-09
4200.056 2.3795180361221293e-09
4250.056 2.0036544414484285e-09
4300.056 1.1297256555144827e-09
4350.056 1.3590464478028855e-09
4400.056 1.293224605400362e-09
4450.056 6.759329358180371e-10
4500.056 8.151211327780996e-10
4550.056 1.0492754744896671e-09
4600.056 9.043194345148201e-10
4650.056 6.834256156662101e-10
4700.056 8.134847156102498e-10
4750.056 1.1399023423416501e-09
4800.056 7.795176487300256e-10
4850.056 9.7475098736028e-10
4900.056 2.191054192329579e-09
4950.056 2.694710470400306e-09
5000.056 1.2908184521401038e-09
5050.056 1.630951816700484e-09
5100.056 3.6666938768508272e-09
5150.056 4.312071425005748e-09
5200.056 2.1629421345101144e-09
5250.056 2.7164884268398494e-09
5300.056 3.3417313035202923e-09
5350.056 3.166586476910617e-09
5400.056 3.728240763499903e-09
5450.056 3.147107131019555e-09
5500.056 2.5602966011796556e-09
5550.056 3.434936228359452e-09
5600.056 2.8807178839700898e-09
5650.056 2.7175062806001063e-09
5700.056 3.2863648996001662e-09
5750.056 3.0530692931797605e-09
5800.056 3.2436470083098733e-09
5850.056 1.8089730002100306e-09
5900.056 2.380947623787071e-10
5950.056 2.326241824860019e-09
6000.056 4.3105693957999e-09
6050.056 6.774254213500374e-09
6100.056 8.471065444700378e-09
6150.056 8.914462798698539e-09
6200.056 6.148667643500196e-09
6250.056 7.048038513600395e-09
6300.056 9.698836922900231e-09
6350.056 1.223214445030047e-08
6400.056 1.5123416455300544e-08
6450.056 1.9803944029395734e-08
6500.056 1.9048247330996635e-08
6550.056 2.332533354519335e-08
6600.056 1.987011880220195e-08
6650.056 1.7478262131701987e-08
6700.056 1.434652672810975e-08
6750.056 1.803457198610167e-08
6800.056 2.049056695750043e-08
6850.056 2.594643796199916e-08
6900.056 3.228883144799945e-08
6950.056 4.0403110048993554e-08
7000.056 5.5579653676992947e-08
7050.056 5.1069829960105515e-08
7100.056 3.117656876039711e-08
7150.056 2.604889133200268e-08
7200.056 3.548684476699812e-08
7250.056 5.087162902500343e-08
7300.056 8.373512345501388e-08
7350.056 1.2149527162199934e-07
7400.056 1.531816060650108e-07
7450.056 1.6656808159595297e-07
7500.056 1.9278766838099728e-07
7550.056 2.2769636689300895e-07
7600.056 1.5459407650998578e-07
7650.056 4.4323646757079484e-08
7700.056 2.7383811798228856e-08
7750.056 9.067109761001954e-08
7800.056 1.1320746450982788e-07
7850.056 1.2199030916199635e-07
7900.056 1.3097060127802922e-07
7950.056 1.287857529723752e-07
8000.056 1.5695436832297681e-07
8050.056 2.4292641491794954e-07
8100.056 3.869578604541139e-07
8150.056 5.969603393400517e-07
8200.056 4.701905844939224e-07
8250.056 4.839751423299917e-07
8300.056 3.7499235745013096e-07
8350.056 4.0364069779013713e-07
8400.056 4.160811978100743e-07
8450.056 2.3424044176092238e-07
8500.056 2.057865073280816e-07
8550.056 2.5436967905002176e-07
8600.056 3.0330068751986713e-07
8650.056 3.9046728943396795e-07
8700.056 4.774198500591844e-07
8750.056 6.268973935970487e-07
8800.056 8.803798436062372e-07
8850.056 8.6799598544615e-07
8900.056 5.799800777899248e-07
8950.056 6.256107744114752e-07
9000.056 7.96042118220129e-07
9050.056 8.755144818096729e-07
9100.056 1.131059661180069e-06
9150.056 1.3265472681700013e-06
9200.056 1.2346513379301012e-06
9250.056 7.136595050998556e-07
9300.056 5.657305534530692e-07
9350.056 6.557848270258169e-07
9400.056 7.510228033171772e-07
9450.056 8.566043160377192e-07
9500.056 1.0565515669998146e-06
9550.056 1.235936347355416e-06
9600.056 1.3271168454724548e-06
9650.056 1.548657846368469e-06
9700.056 1.7016104894467296e-06
9750.056 1.2919255963299998e-06
9800.056 1.4720701839008517e-06
9850.056 1.4557704459098516e-06
9900.056 1.4803017572110513e-06
9950.056 1.5402688208490803e-06
10000.056 1.5688237864398193e-06
10050.056 1.5047530612670912e-06
10100.056 1.8161718215507622e-06
10150.056 1.7415602113995564e-06
10200.056 1.8866797141296282e-06
10250.056 1.8583245947792306e-06
10300.056 1.9001077877195575e-06
10350.056 2.1491546598296167e-06
10400.056 2.2709494161799833e-06
10450.056 2.454844503510279e-06
10500.056 2.396838888369511e-06
10550.056 2.4310102091605773e-06
10600.056 2.606393655710551e-06
10650.056 2.7982003393895935e-06
10700.056 3.0552400432501518e-06
10750.056 3.2963337046701818e-06
10800.056 3.4302210273397626e-06
10850.056 3.656595049999858e-06
10900.056 3.47250595544965e-06
10950.056 3.201871219619091e-06
11000.056 3.0993791041701574e-06
11050.056 2.248531832274822e-06
11100.056 2.4587072421626025e-06
11150.056 2.549883420607593e-06
11200.056 2.5943263987151534e-06
11250.056 2.9022072293619e-06
11300.056 2.9442870267501655e-06
11350.056 2.732865763548968e-06
11400.056 2.5159480865301906e-06
11450.056 2.927711684765001e-06
11500.056 3.182151444714303e-06
11550.056 3.098612653382131e-06
11600.056 3.21476983212507e-06
11650.056 3.3786395390486363e-06
11700.056 3.0095810615569777e-06
11750.056 3.0095343725459393e-06
11800.056 3.0185918140359916e-06
11850.056 3.4179130678701934e-06
11900.056 3.4483817031691378e-06
11950.056 3.594000547059716e-06
12000.056 3.53266623634035e-06
12050.056 3.7864131257806628e-06
12100.056 3.8344113018099925e-06
12150.056 4.1055861769098396e-06
12200.056 4.260047013939704e-06
12250.056 4.4636225960193235e-06
12300.056 4.588179155600815e-06
12350.056 4.685656258970507e-06
12400.056 4.461828891259501e-06
12450.056 3.907532939240017e-06
12500.056 4.2454750059992584e-06
12550.056 4.2810861867599606e-06
12600.056 4.335890577800089e-06
12650.056 4.574683486099544e-06
12700.056 4.756766789199595e-06
12750.056 4.748596722100451e-06
12800.056 5.05297567449949e-06
12850.056 4.9959503101802415e-06
12900.056 4.950729791829643e-06
12950.056 5.1441611271688416e-06
13000.056 5.224829377039038e-06
13050.056 5.273017472869647e-06
13100.056 5.221375868109184e-06
13150.056 5.218571197159648e-06
13200.056 5.036370391789404e-06
13250.056 4.782167579180154e-06
13300.056 4.152798677073424e-06
13350.056 2.8125613943633787e-06
13400.056 2.653058812390645e-06
13450.056 2.34776431626577e-06
13500.056 2.374936449028606e-06
13550.056 2.244571295140524e-06
13600.056 1.966235333248937e-06
13650.056 2.091225692960068e-06
13700.056 1.8552285839990462e-06
13750.056 1.8199414650074792e-06
13800.056 2.0648217678196844e-06
13850.056 2.0939572324416888e-06
13900.056 2.066308256031079e-06
13950.056 1.968367193884727e-06
14000.056 1.8375673133259649e-06
14050.056 1.845630205848868e-06
14100.056 1.6974357522373244e-06
14150.056 1.6478044474943052e-06
14200.056 1.5778652866655068e-06
14250.056 1.5570616383082068e-06
14300.056 1.5790250436507158e-06
14350.056 1.5694970350313052e-06
14400.056 1.677489799124247e-06
14450.056 1.7700340173611687e-06
14500.056 1.9240003820886666e-06
14550.056 1.946602006201033e-06
14600.056 2.001224511634774e-06
14650.056 1.9738683132002674e-06
14700.056 1.8408597295346482e-06
14750.056 1.946831590561403e-06
14800.056 2.0051179330296214e-06
14850.056 2.143426204711277e-06
14900.056 2.1831734158219696e-06
14950.056 2.193318357340386e-06
15000.056 2.255093583700597e-06
15050.056 2.453706843629342e-06
15100.056 2.4602236510804454e-06
15150.056 2.5898620746602103e-06
15200.056 2.6671859912998164e-06
15250.056 2.6666963887897407e-06
15300.056 2.828593960199862e-06
15350.056 2.8908924321801645e-06
15400.056 2.993035780730111e-06
15450.056 3.13672342718035e-06
15500.056 3.190143544049294e-06
15550.056 3.369404092379833e-06
15600.056 3.344911395930483e-06
15650.056 3.5059166118900605e-06
15700.056 3.7480848502114576e-06
15750.056 3.884975080129699e-06
15800.056 3.930162900440909e-06
15850.056 3.946716368600204e-06
15900.056 4.030003189500716e-06
15950.056 4.16809588459989e-06
16000.056 4.2672222488996445e-06
16050.056 4.415534476600193e-06
16100.056 4.535216473500365e-06
16150.056 4.562835022400409e-06
16200.056 4.7055719117995345e-06
16250.056 4.78781459329993e-06
16300.056 4.8268630620000935e-06
16350.056 5.060628917999664e-06
16400.056 5.058008519601147e-06
16450.056 5.1824451488003026e-06
16500.056 5.319935118500969e-06
16550.056 5.512913270099625e-06
16600.056 5.338466590400841e-06
16650.056 5.751126197100537e-06
16700.056 5.631518111598868e-06
16750.056 5.761794949299172e-06
16800.056 5.922815934800351e-06
16850.056 5.889726636479725e-06
16900.056 5.7950593608300895e-06
16950.056 5.758715815189495e-06
17000.056 5.707344783500963e-06
17050.056 5.6177888573002575e-06
17100.056 5.308748709200477e-06
17150.056 5.178686642539382e-06
17200.056 4.822477919199769e-06
17250.056 4.6382955702898665e-06
17300.056 4.7459611340092934e-06
17350.056 4.4922906264699955e-06
17400.056 4.676109303460316e-06
17450.056 4.372312516487581e-06
17500.056 4.1994486383186856e-06
17550.056 4.217793018099909e-06
17600.056 4.041043314020177e-06
17650.056 4.096395431538926e-06
17700.056 3.673004967743444e-06
17750.056 3.49513548581022e-06
17800.056 3.476412937868792e-06
17850.056 3.3399714025915293e-06
17900.056 3.288088902502887e-06
17950.056 3.2091514185230656e-06
18000.056 2.9487325088672283e-06
18050.056 2.9903225894986674e-06
18100.056 2.862213137651255e-06
18150.056 3.1339150305991456e-06
18200.056 2.698170146390446e-06
18250.056 3.0220815433491194e-06
18300.056 2.944623322081733e-06
18350.056 2.7770649146155148e-06
18400.056 2.7427107241321722e-06
18450.056 2.5232613458930102e-06
18500.056 2.557485311815726e-06
18550.056 2.457476061565371e-06
18600.056 2.104666759596347e-06
18650.056 2.4300033862558173e-06
18700.056 2.580747582241385e-06
18750.056 2.448262323172066e-06
18800.056 2.483063300851168e-06
18850.056 2.8214310595837653e-06
18900.056 2.737775395504799e-06
18950.056 2.693757636499862e-06
19000.056 2.892856965449324e-06
19050.056 2.8354911623919506e-06
19100.056 2.849062341221179e-06
19150.056 2.997426841995675e-06
19200.056 2.9713478312461137e-06
19250.056 2.8370955309169504e-06
19300.056 2.931029690974079e-06
19350.056 2.9930865344120466e-06
19400.056 2.805865429436813e-06
19450.056 2.99793690257868e-06
19500.056 2.9812018117835087e-06
19550.056 2.6845625331789857e-06
19600.056 3.048993405863642e-06
19650.056 2.9784038062878864e-06
19700.056 3.0207990965504834e-06
19750.056 2.8654750620203986e-06
19800.056 2.9528372681694705e-06
19850.056 2.930538800401954e-06
19900.056 2.7247526457410274e-06
19950.056 3.049315408870083e-06
20000.056 2.7199456099206424e-06
20050.056 2.8450117481714332e-06
20100.056 3.0084832389879043e-06
20150.056 2.8904574970804025e-06
20200.056 2.9715947851287834e-06
20250.056 3.1202305938803664e-06
20300.056 3.0977635880701312e-06
20350.056 3.121188584529794e-06
20400.056 3.0875162577583483e-06
20450.056 3.324998691559839e-06
20500.056 3.2400014223603894e-06
20550.056 3.333115917869998e-06
20600.056 3.5233990024706996e-06
20650.056 3.4267397785610948e-06
20700.056 3.5590132031500124e-06
20750.056 3.6165945508892886e-06
20800.056 3.7426621040903974e-06
20850.056 3.759860160319855e-06
20900.056 3.88803182611963e-06
20950.056 3.943750621499925e-06
21000.056 4.149379095599659e-06
21050.056 4.127437855800239e-06
21100.056 4.210766981839984e-06
21150.056 4.442547340800319e-06
21200.056 4.395148180900536e-06
21250.056 4.600689530899451e-06
21300.056 4.473383279299755e-06
21350.056 4.783099394500277e-06
21400.056 4.63335151930054e-06
21450.056 5.057141625900078e-06
21500.056 4.831745168800333e-06
21550.056 4.954270408999675e-06
21600.056 5.111237065600612e-06
21650.056 5.085724029400581e-06
21700.056 5.322544696199656e-06
21750.056 5.235940806099855e-06
21800.056 5.2344382184998136e-06
21850.056 5.313552441499735e-06
21900.056 5.451471668700749e-06
21950.056 5.390491848800475e-06
22000.056 5.6103847045996715e-06
22050.056 5.430043534499177e-06
22100.056 5.621612585599832e-06
22150.056 5.669565307900547e-06
22200.056 5.512187783161492e-06
22250.056 5.811723997000403e-06
22300.056 5.760365312059487e-06
22350.056 5.65237085260039e-06
22400.056 5.924822576620343e-06
22450.056 5.8619779214490645e-06
22500.056 5.961541049289618e-06
22550.056 5.875491621078773e-06
22600.056 5.880927431219718e-06
22650.056 5.9212642203615e-06
22700.056 5.910023999161537e-06
22750.056 6.078801372689513e-06
22800.056 5.8777320203200744e-06
22850.056 5.96067639126079e-06
22900.056 6.150756155609456e-06
22950.056 4.762827925260723e-06
23000.056 5.346585040930463e-06
23050.056 5.492076648288911e-06
23100.056 5.271784051379875e-06
23150.056 5.385626899951082e-06
23200.056 5.451856406240028e-06
23250.056 4.578881551818435e-06
23300.056 4.931944712180361e-06
23350.056 5.008095236310009e-06
23400.056 4.839693053800084e-06
23450.056 5.011348782069703e-06
23500.056 4.739322270228654e-06
23550.056 4.307915175421704e-06
23600.056 4.452532039391218e-06
23650.056 4.710924989299406e-06
23700.056 4.70948945926841e-06
23750.056 4.6051095780705875e-06
23800.056 4.559014280541008e-06
23850.056 3.898401587040482e-06
23900.056 4.248437017499313e-06
23950.056 4.33392398195166e-06
24000.056 4.097935106729512e-06
24050.056 4.031600191830597e-06
24100.056 3.7060690148987375e-06
24150.056 3.597426143000734e-06
24200.056 3.6638654997986683e-06
24250.056 3.5811732488308784e-06
24300.056 3.3682987389701364e-06
24350.056 3.251743077210132e-06
24400.056 3.5047712418795985e-06
24450.056 3.2226000632798874e-06
24500.056 2.943586035299934e-06
24550.056 2.938178935539575e-06
24600.056 2.948923404570737e-06
24650.056 3.1763577753694885e-06
24700.056 2.7581276933398634e-06
24750.056 2.6150900526309795e-06
24800.056 2.5108308155306084e-06
24850.056 2.859231634660046e-06
24900.056 2.3567014313216904e-06
24950.056 2.8211093543794973e-06
25000.056 2.4801871286200653e-06
25050.056 2.139522844260644e-06
25100.056 2.450194004599964e-06
25150.056 2.128159705190368e-06
25200.056 2.311686236419188e-06
25250.056 2.2225711883193177e-06
25300.056 2.30194206624015e-06
25350.056 2.00894242339009e-06
25400.056 2.15156161921111e-06
25450.056 2.032124943890269e-06
25500.056 2.136080002070822e-06
25550.056 1.9723421772002303e-06
25600.056 2.049037284920347e-06
25650.056 1.874111809060036e-06
25700.056 2.2050489770188966e-06
25750.056 1.7818312736702962e-06
25800.056 2.1320246704804964e-06
25850.056 1.966900147699782e-06
25900.056 2.133749422880573e-06
25950.056 1.954399582410071e-06
26000.056 2.063613307240602e-06
26050.056 2.3306386825302715e-06
26100.056 2.151866638810478e-06
26150.056 2.2067020423091365e-06
26200.056 2.0808318065102577e-06
26250.056 2.0678017298109258e-06
26300.056 2.1497623786201216e-06
26350.056 2.0368153871096062e-06
26400.056 2.131949538729198e-06
26450.056 2.096612753290353e-06
26500.056 2.1903729967289706e-06
26550.056 2.221965150299264e-06
26600.056 2.5130830482491705e-06
26650.056 2.1197326825895205e-06
26700.056 2.125767625639809e-06
26750.056 2.062430818559109e-06
26800.056 2.186544386389062e-06
26850.056 1.970410192520214e-06
26900.056 2.320681850080227e-06
26950.056 1.7295011492001587e-06
27000.056 2.209972800460996e-06
27050.056 1.9175638456797e-06
27100.056 1.9270008722497613e-06
27150.056 2.001598711969755e-06
27200.056 1.9957946342307337e-06
27250.056 1.8596480322011402e-06
27300.056 1.978002574219847e-06
27350.056 2.000968206629097e-06
27400.056 1.7893509675800775e-06
27450.056 2.1257445296789463e-06
27500.056 1.953627374700088e-06
27550.056 1.972682267269992e-06
27600.056 2.124173937809578e-06
27650.056 1.7508421475397215e-06
27700.056 1.7872008068703083e-06
27750.056 2.132393666148416e-06
27800.056 1.6346929891297367e-06
27850.056 1.8476506866188416e-06
27900.056 1.8455433315002599e-06
27950.056 2.034920078699732e-06
28000.056 2.017443226890588e-06
28050.056 1.6441494756804227e-06
28100.056 2.1415739041211437e-06
28150.056 1.7824380007300559e-06
28200.056 1.565643350340208e-06
28250.056 1.849514236780064e-06
28300.056 2.0896329339604682e-06
28350.056 1.856199844809217e-06
28400.056 1.8138087755199805e-06
28450.056 1.8027853350395263e-06
28500.056 1.8841903051096279e-06
28550.056 1.5641084155593887e-06
28600.056 2.0748758767301466e-06
28650.056 1.9934316832896252e-06
28700.056 1.8206510633993136e-06
28750.056 1.9814704904898734e-06
28800.056 1.89811924854042e-06
28850.056 2.007664029390192e-06
