galfind/configs/Brown_Dwarf_templates/sonora_bobcat/m0.0/17g/sp_t1200g17nc_m0.0_resample.dat
# %ECSV 1.0
# ---
# datatype:
# - {name: wav, unit: Angstrom, datatype: float64}
# - {name: flux_nu, unit: erg / (cm2 Hz s), datatype: float64}
# meta: {C/O: '1.00', Kzz: '1.0000E+05', Teff: '1200.', Y: '0.28', '[Fe/H]': '0.00', f_hole: '1.00', f_rain: '0.00', grav: '18.'}
# schema: astropy-2.0
wav flux_nu
[from data line 498]
28900.056 2.4883342281000137e-07
28950.056 3.69207684323012e-07
29000.056 3.056172360879211e-07
29050.056 3.1568240016692023e-07
29100.056 2.607471307480413e-07
29150.056 3.479267162911169e-07
29200.056 3.0150240904108e-07
29250.056 3.6908132701100536e-07
29300.056 2.829786992888277e-07
29350.056 4.2801210986486633e-07
29400.056 3.2197083924291956e-07
29450.056 3.454487966539761e-07
29500.056 3.566133273099446e-07
29550.056 3.412483461950084e-07
29600.056 3.716691105969202e-07
29650.056 3.600886302029526e-07
29700.056 3.040857641468836e-07
29750.056 3.900016499732151e-07
29800.056 3.963870997649827e-07
29850.056 3.8981082076194296e-07
29900.056 3.5680986661813174e-07
29950.056 3.979280292349302e-07
30000.056 3.919502920449472e-07
30050.056 3.6592963388595696e-07
30100.056 3.1708640383688884e-07
30150.056 4.384183808749638e-07
30200.056 3.692255710020098e-07
30250.056 4.151031178551266e-07
30300.056 3.810839846219818e-07
30350.056 3.412750608340264e-07
30400.056 3.971714947200313e-07
30450.056 3.283277828890401e-07
30500.056 2.7650552272204385e-07
30550.056 3.171088467570473e-07
30600.056 3.2735403153301236e-07
30650.056 2.9760962540694305e-07
30700.056 2.932622257729924e-07
30750.056 2.7217457996698443e-07
30800.056 2.611428489720497e-07
30850.056 2.295838178859386e-07
30900.056 2.4156685669396466e-07
30950.056 2.1394971464804416e-07
31000.056 1.9962329725499567e-07
31050.056 2.0703975932500623e-07
31100.056 1.777047669999841e-07
31150.056 1.9197884414598257e-07
31200.056 2.0436193086201444e-07
31250.056 1.6992264741897833e-07
31300.056 1.686296337179828e-07
31350.056 1.5947816602500027e-07
31400.056 1.4524253680301768e-07
31450.056 1.4341970130298419e-07
31500.056 1.3732706604197397e-07
31550.056 1.4029194969500189e-07
31600.056 1.2666358894498827e-07
31650.056 1.220920645189976e-07
31700.056 1.2174134563298617e-07
31750.056 1.1275947459003411e-07
31800.056 1.279309654309842e-07
31850.056 1.1843094140001314e-07
31900.056 1.3005810071399454e-07
31950.056 1.0232815367301217e-07
32000.056 1.1742763197298968e-07
32050.056 1.2465134179900455e-07
32100.056 1.2542818417701798e-07
32150.056 1.272358846129849e-07
32200.056 1.191587557419977e-07
32250.056 1.3774962777801315e-07
32300.056 1.2086268569400116e-07
32350.056 1.439246310989858e-07
32400.056 1.1823049871899088e-07
32450.056 1.4119563899395362e-07
32500.056 1.4412573437401996e-07
32550.056 1.3955882380199396e-07
32600.056 1.4809485403599943e-07
32650.056 1.7863249267098924e-07
32700.056 1.663342890940226e-07
32750.056 1.7460720343800655e-07
32800.056 1.700045916040111e-07
32850.056 1.7784291794896667e-07
32900.056 1.959642880629849e-07
32950.056 1.8996685692497888e-07
33000.056 1.7543611181395924e-07
33050.056 1.6026946933704648e-07
33100.056 1.2671715632299083e-07
33150.056 1.0232905369099747e-07
33200.056 7.934446754299293e-08
33250.056 6.03367633459877e-08
33300.056 5.7983536176005e-08
33350.056 6.66373846950009e-08
33400.056 7.561231615298811e-08
33450.056 8.810975759799857e-08
33500.056 1.0709970506701942e-07
33550.056 1.1415590631202156e-07
33600.056 1.3634920530599298e-07
33650.056 1.4817267179700105e-07
33700.056 1.4362943764698096e-07
33750.056 1.7228340672300511e-07
33800.056 1.7292961302798877e-07
33850.056 1.8389565814997642e-07
33900.056 1.6830697154199076e-07
33950.056 1.6209114267298894e-07
34000.056 1.8040012318601285e-07
34050.056 1.5601156282096157e-07
34100.056 1.851756917419752e-07
34150.056 1.7439988752598497e-07
34200.056 1.5360355474395478e-07
34250.056 1.7341003387494094e-07
34300.056 1.5932153340291846e-07
34350.056 1.4099743632999426e-07
34400.056 1.4418534710099767e-07
34450.056 1.6492216538298242e-07
34500.056 1.5897580015800068e-07
34550.056 1.5551514045399532e-07
34600.056 1.796926392340038e-07
34650.056 1.7062974023897917e-07
34700.056 1.648074130759818e-07
34750.056 1.7535224590398623e-07
34800.056 1.7247936965896493e-07
34850.056 1.610016089960183e-07
34900.056 1.879527762979801e-07
34950.056 1.7592418212297262e-07
35000.056 2.1154696303002634e-07
35050.056 1.754431363079688e-07
35100.056 1.8790698136199618e-07
35150.056 1.9201934696900056e-07
35200.056 2.0109682797200567e-07
35250.056 2.1535361136796832e-07
35300.056 2.0503799896202757e-07
35350.056 1.9467643831295966e-07
35400.056 2.0254610147203626e-07
35450.056 1.674728941920631e-07
35500.056 2.2770015310402073e-07
35550.056 2.2913002906597245e-07
35600.056 2.075576400210482e-07
35650.056 2.3278128788900145e-07
35700.056 2.1342994422000223e-07
35750.056 2.37603548493947e-07
35800.056 2.941536713400068e-07
35850.056 2.329297731599691e-07
35900.056 2.7882565187997307e-07
35950.056 2.6358549807999704e-07
36000.056 2.6545521621001817e-07
36050.056 2.7350078743997523e-07
36100.056 2.851368796258398e-07
36150.056 2.805130854629887e-07
36200.056 3.0895163299995984e-07
36250.056 2.9755653053993367e-07
36300.056 3.220485706400371e-07
36350.056 3.155639525099794e-07
36400.056 3.12405558659998e-07
36450.056 3.5136961645101734e-07
36500.056 3.5475486586197513e-07
36550.056 3.639314027301029e-07
36600.056 3.94386028470018e-07
36650.056 4.008499995829245e-07
36700.056 4.251665362859839e-07
36750.056 4.3852409871012143e-07
36800.056 4.4663773340998636e-07
36850.056 4.4894641074996637e-07
36900.056 4.500424354700155e-07
36950.056 5.111398702099505e-07
37000.056 5.158906965599753e-07
37050.056 4.929389700699623e-07
37100.056 5.512302441400611e-07
37150.056 5.092106354800154e-07
37200.056 5.489345924500334e-07
37250.056 5.784655204999506e-07
37300.056 5.326944224598929e-07
37350.056 5.180635610601061e-07
37400.056 6.403795284499461e-07
37450.056 5.961517803940986e-07
37500.056 5.912362355099068e-07
37550.056 6.43800095530086e-07
37600.056 6.843191253399624e-07
37650.056 6.19449667619976e-07
37700.056 7.206665470300705e-07
37750.056 6.625114784700087e-07
37800.056 6.940349351102888e-07
37850.056 6.332993560799844e-07
37900.056 6.552557693701541e-07
37950.056 6.752728503699142e-07
38000.056 7.634625879800546e-07
38050.056 7.674757421400777e-07
38100.056 7.012460317701287e-07
38150.056 8.372709508399508e-07
38200.056 8.743717492900613e-07
38250.056 7.731316343201089e-07
38300.056 8.412099587699363e-07
38350.056 9.016776760599393e-07
38400.056 7.987828059297948e-07
38450.056 8.930058391100257e-07
38500.056 7.743414596401228e-07
38550.056 8.996169109000345e-07
38600.056 9.612962691999029e-07
38650.056 8.723912799299695e-07
38700.056 9.411807331700855e-07
38750.056 9.329982958600384e-07
38800.056 9.062333938497961e-07
38850.056 8.761824525800583e-07
38900.056 9.302614106500154e-07
38950.056 9.870715276499445e-07
39000.056 9.598705338400058e-07
39050.056 9.910859417198718e-07
39100.056 9.325030319201407e-07
39150.056 9.490552620499947e-07
39200.056 1.0410426805300483e-06
39250.056 1.0588476055196953e-06
39300.056 9.816092500796666e-07
39350.056 1.0467424879900817e-06
39400.056 1.0356138631900516e-06
39450.056 1.0286810967299182e-06
39500.056 9.785097691200337e-07
39550.056 1.019801560710013e-06
39600.056 1.082711510779744e-06
39650.056 1.013556933889962e-06
39700.056 1.0505507153499292e-06
39750.056 9.837512261299737e-07
39800.056 1.0140363136598578e-06
39850.056 1.0604721242799306e-06
39900.056 1.0456396213501478e-06
39950.056 1.0737130210998153e-06
40000.056 1.0335028883700723e-06
40050.056 1.0132220045300479e-06
40100.056 1.0650102027499976e-06
40150.056 1.0234967705198353e-06
40200.056 1.0242426145297982e-06
40250.056 9.893770965597413e-07
40300.056 9.730816726000825e-07
40350.056 1.072706896390153e-06
40400.056 1.051806096270063e-06
40450.056 1.0561311149601901e-06
40500.056 9.793724871901436e-07
40550.056 1.0888063348099428e-06
40600.056 9.763761518701727e-07
40650.056 9.639033578398486e-07
40700.056 1.0848138579700073e-06
40750.056 9.800669875096484e-07
40800.056 9.119160979499525e-07
40850.056 9.817233647202024e-07
40900.056 9.447400675000446e-07
40950.056 9.859666526999913e-07
41000.056 9.83361892090006e-07
41050.056 1.0141401758298823e-06
41100.056 9.592303282000166e-07
41150.056 9.126720244299929e-07
41200.056 9.704568761599706e-07
41250.056 9.58631923880028e-07
41300.056 8.52526845109792e-07
41350.056 1.0230146922800512e-06
41400.056 9.692671269301751e-07
41450.056 9.665085338502594e-07
41500.056 9.276144832399848e-07
41550.056 9.304140511400029e-07
41600.056 1.0140026236500233e-06
41650.056 9.404374809901739e-07
41700.056 8.828528020998353e-07
41750.056 8.958518134699068e-07
41800.056 9.150567635598329e-07
41850.056 7.625889187201212e-07
41900.056 8.790564775999455e-07
41950.056 7.486867913702383e-07
42000.056 7.929367906481072e-07
42050.056 7.035605354998079e-07
42100.056 8.668110679701142e-07
42150.056 6.357772400857607e-07
42200.056 6.776092654119862e-07
42250.056 6.820619042100231e-07
42300.056 5.785066672900535e-07
42350.056 7.292073276481695e-07
42400.056 6.06314473320159e-07
42450.056 5.469725507200859e-07
42500.056 5.800991543861116e-07
42550.056 5.786957421700043e-07
42600.056 5.685999270202085e-07
42650.056 5.034533018897198e-07
42700.056 5.730346424502008e-07
42750.056 5.289263258399801e-07
42800.056 5.008959954872079e-07
42850.056 5.590370160098338e-07
42900.056 5.442750988000367e-07
42950.056 5.230952333397341e-07
43000.056 5.207621588500353e-07
43050.056 4.816578363202401e-07
43100.056 5.418015740300929e-07
43150.056 5.095663475800957e-07
43200.056 5.50974638460085e-07
43250.056 5.26107733619885e-07
43300.056 5.519029465100282e-07
43350.056 5.150331438800005e-07
43400.056 5.176815373299956e-07
43450.056 5.26016177380135e-07
43500.056 4.998760725399452e-07
43550.056 5.478506330300424e-07
43600.056 5.515407817300362e-07
43650.056 4.971102926900559e-07
43700.056 5.099153067098408e-07
43750.056 5.216335696801303e-07
43800.056 4.7518834989006164e-07
43850.056 5.019401840601211e-07
43900.056 5.202370015799679e-07
43950.056 4.726225013901084e-07
44000.056 4.790480394300748e-07
44050.056 5.064337960900698e-07
44100.056 5.182637574300597e-07
44150.056 5.122344713098551e-07
44200.056 4.937905017499604e-07
44250.056 4.95288358300022e-07
44300.056 4.854218819900448e-07
44350.056 4.717442178800356e-07
44400.056 5.072870140199949e-07
44450.056 5.103267062899754e-07
44500.056 5.382634032600303e-07
44550.056 5.032283467699055e-07
44600.056 4.987856011200557e-07
44650.056 5.261097552900797e-07
44700.056 4.903297150300342e-07
44750.056 5.236102037999519e-07
44800.056 5.406049078599891e-07
44850.056 5.182297536700758e-07
44900.056 4.915737612200421e-07
44950.056 4.852012714500093e-07
45000.056 5.218837878499594e-07
45050.056 5.219249801799733e-07
45100.056 5.350096260199778e-07
45150.056 5.086219279399758e-07
45200.056 4.787525008700243e-07
45250.056 4.888569922999302e-07
45300.056 5.077590114600352e-07
45350.056 5.280134236699693e-07
45400.056 5.221371106500476e-07
45450.056 4.775432270099239e-07
45500.056 4.946121006899852e-07
45550.056 5.353767530299534e-07
45600.056 5.019195506999959e-07
45650.056 4.5800888951991216e-07
45700.056 5.377542272100473e-07
45750.056 4.797827810800008e-07
45800.056 4.894759008999798e-07
45850.056 5.626172480499685e-07
45900.056 5.632215810600304e-07
45950.056 4.881839490300049e-07
46000.056 5.60067976740022e-07
46050.056 5.43584934280069e-07
46100.056 4.830627729600481e-07
46150.056 5.26500749829986e-07
46200.056 5.432559606700925e-07
46250.056 4.662405967699815e-07
46300.056 5.787963301699903e-07
46350.056 4.99726343049956e-07
46400.056 5.093995288999559e-07
46450.056 5.366980383800679e-07
46500.056 4.905018440199695e-07
46550.056 5.941034306499651e-07
46600.056 5.522679454100225e-07
46650.056 6.922385468198715e-07
46700.056 6.327979516102189e-07
46750.056 5.095889467499469e-07
46800.056 5.566488383100744e-07
46850.056 6.105012950700754e-07
46900.056 5.79502070169902e-07
46950.056 6.259373798100328e-07
47000.056 5.371228449499925e-07
47050.056 6.278643833898621e-07
47100.056 4.96538700460058e-07
47150.056 5.381396605600486e-07
47200.056 5.811761116900901e-07
47250.056 5.1944905089997e-07
47300.056 5.268564555698826e-07
47350.056 4.951360666999125e-07
47400.056 5.918616416699063e-07
47450.056 5.156324221099859e-07
47500.056 5.920055365899055e-07
47550.056 5.24350140779955e-07
47600.056 5.82026043899968e-07
47650.056 4.4079536739989813e-07
47700.056 5.999541606700693e-07
47750.056 4.2736709930008504e-07
47800.056 5.942450033299373e-07
47850.056 4.640674473399112e-07
47900.056 5.758011932100207e-07
47950.056 4.4678587006006215e-07
48000.056 6.44858397570027e-07
48050.056 5.093022750600585e-07
48100.056 5.514962678599998e-07
48150.056 5.169855905100677e-07
48200.056 5.888925909900729e-07
48250.056 4.996722364800051e-07
48300.056 6.284437438198406e-07
48350.056 4.6136982576998753e-07
48400.056 5.629447127499902e-07
48450.056 4.984794448200462e-07
48500.056 6.546727875900168e-07
48550.056 4.738140747400133e-07
48600.056 5.880814323199648e-07
48650.056 4.974175949699655e-07
48700.056 5.750548412200265e-07
48750.056 4.447673925800598e-07
48800.056 6.690975339400172e-07
48850.056 4.801750016599128e-07
48900.056 6.131683221700494e-07
48950.056 5.701333149500391e-07
49000.056 5.190501203899015e-07
49050.056 5.853102344100094e-07
49100.056 5.37801054400047e-07
49150.056 5.722184452599983e-07
49200.056 5.535427457499955e-07
49250.056 5.804232994600272e-07
49300.056 5.053949487499681e-07
49350.056 5.229819003300109e-07
49400.056 6.091828776600386e-07
49450.056 5.362333354501316e-07
49500.056 5.544807987399945e-07
49550.056 4.802796352400187e-07
49600.056 5.426645352601275e-07
49650.056 5.609247703400048e-07
49700.056 4.925836559999244e-07
49750.056 6.682696750398893e-07
49800.056 5.361557475800269e-07
49850.056 6.79786899460072e-07
49900.056 5.404300371000315e-07
49950.056 5.936988247398887e-07
50000.056 5.716289189498925e-07
50050.056 5.888498929000385e-07
50100.056 5.976234539799661e-07
50150.056 5.03579982090012e-07
50200.056 4.5831597407002463e-07
50250.056 5.802204358399864e-07
50300.056 5.460085480699738e-07
50350.056 6.433362563900114e-07
50400.056 5.61646584729989e-07
50450.056 5.436147444600977e-07
50500.056 6.565360001701004e-07
50550.056 5.663862130199898e-07
50600.056 5.997847097999906e-07
50650.056 5.985633140701239e-07
50700.056 6.41995133409825e-07
50750.056 6.519754298800842e-07
50800.056 4.951109586399469e-07
50850.056 5.584691206101179e-07
50900.056 6.359369223199886e-07
50950.056 6.08011237060136e-07
51000.056 6.958872430800714e-07
51050.056 5.338386472400531e-07
51100.056 5.132992122299472e-07
51150.056 6.036737356599355e-07
51200.056 6.28084573529976e-07
51250.056 6.134108758499211e-07
51300.056 5.397095974102229e-07
51350.056 5.656838471999026e-07
51400.056 5.017734554599105e-07
51450.056 4.1572421180990087e-07
51500.056 5.311994771500379e-07
51550.056 7.110451531500692e-07
51600.056 5.12831747170065e-07
51650.056 5.739355675199319e-07
51700.056 5.445384422898533e-07
51750.056 5.103652063300605e-07
51800.056 6.127018291298453e-07
51850.056 6.173449096699671e-07
51900.056 6.641569799601539e-07
51950.056 6.083034137899487e-07
52000.056 4.880404529199788e-07
52050.056 5.790867378899959e-07
52100.056 5.216935176999005e-07
52150.056 5.336740789400284e-07
52200.056 4.911817559899866e-07
52250.056 5.408148586600173e-07
52300.056 6.21195016099988e-07
52350.056 6.386398591400631e-07
52400.056 4.751922070300596e-07
52450.056 5.739540827700025e-07
52500.056 6.160033971798858e-07
52550.056 6.074259005098157e-07
52600.056 5.731277428000948e-07
52650.056 6.293321946701349e-07
52700.056 5.700040433899992e-07
52750.056 4.703722109399556e-07
52800.056 5.351933331100497e-07
52850.056 5.117986923599173e-07
52900.056 5.47664183360059e-07
52950.056 5.53218357679939e-07
53000.056 6.166811921699531e-07
53050.056 5.112837569898725e-07
53100.056 4.85007997419864e-07
53150.056 6.555263795100749e-07
53200.056 4.577462405400281e-07
53250.056 6.57236537590005e-07
53300.056 6.263091909902711e-07
53350.056 6.170081677999388e-07
53400.056 6.017573303100728e-07
53450.056 4.983886836000335e-07
53500.056 4.3286838076989634e-07
53550.056 5.409094979799037e-07
53600.056 5.941276154201024e-07
53650.056 5.044728693900343e-07
