galfind/configs/Brown_Dwarf_templates/sonora_bobcat/m0.0/17g/sp_t525g17nc_m0.0_resample.dat
# %ECSV 1.0
# ---
# datatype:
# - {name: wav, unit: Angstrom, datatype: float64}
# - {name: flux_nu, unit: erg / (cm2 Hz s), datatype: float64}
# meta: {C/O: '1.00', Kzz: '1.0000E+05', Teff: '525.', Y: '0.28', '[Fe/H]': '0.00', f_hole: '1.00', f_rain: '0.00', grav: '18.'}
# schema: astropy-2.0
wav flux_nu
[from data line 498]
28900.056 9.393301770635577e-10
28950.056 1.7788531420673155e-09
29000.056 1.2391192905476998e-09
29050.056 1.7568492165710746e-09
29100.056 1.0643120277751494e-09
29150.056 1.3905327866719538e-09
29200.056 1.6719783153626878e-09
29250.056 2.7937910576066e-09
29300.056 1.0956358880171633e-09
29350.056 3.442071370731545e-09
29400.056 1.677462203335002e-09
29450.056 1.626021503981512e-09
29500.056 2.5327328874301492e-09
29550.056 1.5063383990228181e-09
29600.056 2.1437157172335094e-09
29650.056 3.413487466104173e-09
29700.056 1.3565592058859685e-09
29750.056 2.878346150805322e-09
29800.056 2.695341624302819e-09
29850.056 3.127525740455578e-09
29900.056 2.3820545780978798e-09
29950.056 2.5004821234005316e-09
30000.056 1.0919619102402006e-10
30050.056 3.661178444289823e-10
30100.056 9.36604562706268e-10
30150.056 2.098785392675753e-09
30200.056 1.6693083541777807e-09
30250.056 3.70509603845887e-09
30300.056 4.63579509472157e-09
30350.056 2.193885473607196e-09
30400.056 4.5186677178656576e-09
30450.056 2.698363532879496e-09
30500.056 2.7838916354875518e-09
30550.056 2.48636774258721e-09
30600.056 4.6602533768181795e-09
30650.056 3.039202491454761e-09
30700.056 2.2798684246829117e-09
30750.056 3.90061798076794e-09
30800.056 2.466982614033097e-09
30850.056 2.9047638730131277e-09
30900.056 1.5572379026387687e-09
30950.056 2.046035082263548e-09
31000.056 1.873327660023286e-09
31050.056 1.6645396413435959e-09
31100.056 1.088815878837419e-09
31150.056 1.8395169092066126e-09
31200.056 2.5766403947472576e-09
31250.056 1.88242792305685e-09
31300.056 1.260108804818315e-09
31350.056 1.9112325181782963e-09
31400.056 1.4043866482453676e-09
31450.056 1.4130058875004736e-09
31500.056 8.032723989634519e-10
31550.056 1.0679363094452807e-09
31600.056 6.539830302318043e-10
31650.056 7.373577923425826e-10
31700.056 7.671253939571198e-10
31750.056 3.9706591631499157e-10
31800.056 7.528096850870341e-10
31850.056 2.448499529260328e-10
31900.056 4.312776793830529e-10
31950.056 2.723144354419873e-10
32000.056 2.9242849936589997e-10
32050.056 3.9661241989655617e-10
32100.056 3.6261250170124703e-10
32150.056 4.2848728522589216e-10
32200.056 2.3851707064008564e-10
32250.056 5.523261189842175e-10
32300.056 2.4272589702394797e-10
32350.056 4.998353276130709e-10
32400.056 1.8682650664229536e-10
32450.056 4.2645592839908406e-10
32500.056 2.150393435349138e-10
32550.056 3.207579140397173e-10
32600.056 3.0429041507435984e-10
32650.056 8.931795409303306e-10
32700.056 4.0450217830397326e-10
32750.056 1.212184377620874e-09
32800.056 8.330100676413352e-10
32850.056 1.557384055108733e-09
32900.056 1.4371412389158071e-09
32950.056 1.7141526068622146e-09
33000.056 9.819201819269011e-10
33050.056 1.2645803564372228e-09
33100.056 3.3469658309580296e-10
33150.056 1.431135294882712e-12
33200.056 1.2243759368969817e-11
33250.056 8.453665691947098e-12
33300.056 3.233915378369211e-11
33350.056 1.0461615518425396e-10
33400.056 3.090262996971196e-10
33450.056 3.6471559211055537e-10
33500.056 1.0423928000732311e-09
33550.056 3.50827395237082e-10
33600.056 9.496529542670282e-10
33650.056 8.605943946342163e-10
33700.056 5.442137153146882e-10
33750.056 1.2569221513462244e-09
33800.056 3.5098889666140315e-10
33850.056 8.12510778248456e-10
33900.056 7.500268915007245e-10
33950.056 6.493082832066071e-10
34000.056 1.2198193588236171e-09
34050.056 2.8347817556178625e-10
34100.056 1.099422375608105e-09
34150.056 6.367179152392832e-10
34200.056 1.0607542613906278e-09
34250.056 7.916054137244016e-10
34300.056 7.626448358363442e-10
34350.056 8.729564884168685e-10
34400.056 4.6384102734918197e-10
34450.056 1.0124704875762488e-09
34500.056 7.317999321814595e-10
34550.056 4.255247492444269e-10
34600.056 1.3842591482683667e-09
34650.056 5.039473198004813e-10
34700.056 1.2437076001080899e-09
34750.056 8.677792654331437e-10
34800.056 8.184529411899588e-10
34850.056 1.351469756034996e-09
34900.056 8.705660228269835e-10
34950.056 1.494881915294933e-09
35000.056 2.8896977628347335e-09
35050.056 1.2392133314861522e-09
35100.056 2.466880803506106e-09
35150.056 1.8092942435096627e-09
35200.056 2.1735930770670775e-09
35250.056 3.16042439247401e-09
35300.056 1.8518309789621872e-09
35350.056 2.016162594842804e-09
35400.056 2.0974103034904e-09
35450.056 1.5028698507128187e-09
35500.056 4.582722781690124e-09
35550.056 3.4461062723116236e-09
35600.056 2.9009216515445977e-09
35650.056 3.00155527327296e-09
35700.056 3.169308512880979e-09
35750.056 4.577417123510422e-09
35800.056 5.456731190621044e-09
35850.056 2.3417472163418365e-09
35900.056 3.175389125644401e-09
35950.056 3.3729436456148365e-09
36000.056 3.732424929693542e-09
36050.056 2.7435519665321673e-09
36100.056 2.802597037559637e-09
36150.056 4.2258927833200285e-09
36200.056 4.577144861975873e-09
36250.056 3.768964398349724e-09
36300.056 6.189090131278988e-09
36350.056 4.453804884722732e-09
36400.056 5.540677037964243e-09
36450.056 6.806982453682788e-09
36500.056 7.808258839045091e-09
36550.056 7.843673813936e-09
36600.056 9.564182072500489e-09
36650.056 7.995426624069136e-09
36700.056 9.021413616841521e-09
36750.056 1.0477195095725539e-08
36800.056 1.0608705181859788e-08
36850.056 7.753379529963761e-09
36900.056 1.1353099874012757e-08
36950.056 1.1520319863424471e-08
37000.056 9.328284679395028e-09
37050.056 1.1208730923919099e-08
37100.056 1.1777021357958379e-08
37150.056 8.805976495616027e-09
37200.056 1.3293441475608408e-08
37250.056 1.116150205489481e-08
37300.056 9.28152645409639e-09
37350.056 1.2527001535938517e-08
37400.056 1.863423379964579e-08
37450.056 1.043935603614509e-08
37500.056 1.1730253639830604e-08
37550.056 1.641285220106095e-08
37600.056 2.0395868497398552e-08
37650.056 1.0050364380657739e-08
37700.056 1.954889922465448e-08
37750.056 1.2443525734750534e-08
37800.056 1.3237875168320571e-08
37850.056 7.55252171987735e-09
37900.056 1.048740298466545e-08
37950.056 1.65104968951511e-08
38000.056 1.798929913202133e-08
38050.056 1.9357552378052145e-08
38100.056 2.0888538050370807e-08
38150.056 2.4255538057759746e-08
38200.056 2.4128699329712512e-08
38250.056 2.2837763307064064e-08
38300.056 3.359891952387046e-08
38350.056 3.275874207357145e-08
38400.056 1.602763714009873e-08
38450.056 1.3323429643458401e-08
38500.056 8.46972903065344e-09
38550.056 1.831599347976653e-08
38600.056 1.8510926310865468e-08
38650.056 1.8116130904356077e-08
38700.056 1.6159524042334876e-08
38750.056 1.930730365969584e-08
38800.056 1.8496617803299747e-08
38850.056 1.9819188420902094e-08
38900.056 2.6812901074669023e-08
38950.056 1.917224460733694e-08
39000.056 2.6190757446746046e-08
39050.056 1.9169760650176354e-08
39100.056 2.5090014104034393e-08
39150.056 2.695250369898983e-08
39200.056 2.5044035556812924e-08
39250.056 3.3215983844747496e-08
39300.056 2.2738016018347336e-08
39350.056 3.9480558511561677e-08
39400.056 2.501777173432656e-08
39450.056 3.238677410543069e-08
39500.056 3.4254824171073036e-08
39550.056 2.6935610416588586e-08
39600.056 3.441754657043424e-08
39650.056 3.695011599920692e-08
39700.056 3.692831568468108e-08
39750.056 2.6163424783837517e-08
39800.056 2.9684919971909977e-08
39850.056 4.619886130130321e-08
39900.056 4.80577622283051e-08
39950.056 3.089661522644981e-08
40000.056 5.0537086921241635e-08
40050.056 4.3975041606255565e-08
40100.056 2.740966154798222e-08
40150.056 4.570195489617504e-08
40200.056 4.8248542726207976e-08
40250.056 5.119051531198391e-08
40300.056 4.864069827440143e-08
40350.056 4.3486334993840595e-08
40400.056 5.571525686427079e-08
40450.056 3.897457792540391e-08
40500.056 5.928774181668707e-08
40550.056 6.022075367860338e-08
40600.056 5.305760111470804e-08
40650.056 4.064075904366836e-08
40700.056 6.947536997969245e-08
40750.056 5.21424356166924e-08
40800.056 4.0291741162800475e-08
40850.056 7.99042980984317e-08
40900.056 6.902115946928718e-08
40950.056 6.399117074678398e-08
41000.056 5.977425762802226e-08
41050.056 8.476908103766803e-08
41100.056 7.128385269340706e-08
41150.056 4.202468340789408e-08
41200.056 8.739261564512152e-08
41250.056 6.358001451082645e-08
41300.056 6.392150302485342e-08
41350.056 9.107852224599867e-08
41400.056 7.986843492481288e-08
41450.056 9.551008105358002e-08
41500.056 7.161798930783664e-08
41550.056 6.949739584483309e-08
41600.056 7.531902469920094e-08
41650.056 8.924232625629497e-08
41700.056 8.792896991495494e-08
41750.056 8.447780566918308e-08
41800.056 9.685128018562138e-08
41850.056 7.937266348642752e-08
41900.056 8.109159633826484e-08
41950.056 7.73141787672198e-08
42000.056 6.664453130961305e-08
42050.056 6.891709845540674e-08
42100.056 8.647773872236476e-08
42150.056 7.625616777161985e-08
42200.056 7.557270482085256e-08
42250.056 6.97425770237841e-08
42300.056 7.375665534628737e-08
42350.056 9.660831648201211e-08
42400.056 9.854905794512869e-08
42450.056 9.125968929604334e-08
42500.056 8.295320579138254e-08
42550.056 7.789640536597366e-08
42600.056 8.588064594374222e-08
42650.056 1.2222775562344032e-07
42700.056 8.541743757903692e-08
42750.056 9.2371289529101e-08
42800.056 1.1600901772742341e-07
42850.056 1.2084301553796115e-07
42900.056 1.282594272706461e-07
42950.056 1.0681877812697702e-07
43000.056 1.1622355941863918e-07
43050.056 7.510807730351805e-08
43100.056 9.932954189796862e-08
43150.056 8.99457027889641e-08
43200.056 1.2789532745100054e-07
43250.056 1.533039868600086e-07
43300.056 1.4951137254798987e-07
43350.056 9.491759935057723e-08
43400.056 1.1925762902369278e-07
43450.056 9.246157366341395e-08
43500.056 8.545277141871259e-08
43550.056 9.4147059880403e-08
43600.056 1.4273755106581976e-07
43650.056 1.0496747066510668e-07
43700.056 1.474514882760398e-07
43750.056 1.3322871128800453e-07
43800.056 1.2653274287368087e-07
43850.056 1.0734096465100333e-07
43900.056 1.0846908565427203e-07
43950.056 7.212799974779878e-08
44000.056 7.226575340349129e-08
44050.056 1.4756880086700644e-07
44100.056 1.835316525030003e-07
44150.056 1.6233775606379473e-07
44200.056 1.4289909236499423e-07
44250.056 9.565440176410767e-08
44300.056 8.094217503321508e-08
44350.056 9.403999376793593e-08
44400.056 8.950889831139088e-08
44450.056 1.3137730192496838e-07
44500.056 1.2991730189583276e-07
44550.056 1.7527213562397817e-07
44600.056 1.4549176921460755e-07
44650.056 1.3554652451113156e-07
44700.056 9.454573486500472e-08
44750.056 1.4094250535103472e-07
44800.056 1.0597691021429309e-07
44850.056 1.334584446713181e-07
44900.056 1.1706384992500751e-07
44950.056 1.4030398754180742e-07
45000.056 1.4960749493900017e-07
45050.056 1.4072786236048805e-07
45100.056 1.2901657331579462e-07
45150.056 1.3103068257936473e-07
45200.056 1.056310128410035e-07
45250.056 1.1776755278485268e-07
45300.056 1.005201746927246e-07
45350.056 9.897130541822716e-08
45400.056 1.9225932834601963e-07
45450.056 1.5561200506100664e-07
45500.056 1.7585244480441123e-07
45550.056 1.8693261091992652e-07
45600.056 1.7879864500704204e-07
45650.056 1.419379193661968e-07
45700.056 1.0612359263880119e-07
45750.056 1.0449140119180131e-07
45800.056 1.9867304468198953e-07
45850.056 1.7660047741499224e-07
45900.056 1.9994024977598494e-07
45950.056 1.6845963404599332e-07
46000.056 1.875957061720102e-07
46050.056 1.4986245369131698e-07
46100.056 2.0723176544997112e-07
46150.056 1.427066379875114e-07
46200.056 1.2762109987399071e-07
46250.056 6.792153012307543e-08
46300.056 1.4893267424780236e-07
46350.056 1.5051367034802304e-07
46400.056 1.3161881654300363e-07
46450.056 1.238547482522263e-07
46500.056 1.466587769147389e-07
46550.056 9.194469536630238e-08
46600.056 1.282906772812872e-07
46650.056 1.8525441949900218e-07
46700.056 1.2644885968797243e-07
46750.056 8.272240834966582e-08
46800.056 5.787182842830879e-08
46850.056 1.8982090794604053e-07
46900.056 1.6565275496099127e-07
46950.056 1.6456752028199146e-07
47000.056 1.6211922904603344e-07
47050.056 1.2972798668161812e-07
47100.056 9.245561540194491e-08
47150.056 1.2574247626791633e-07
47200.056 1.4935066221599689e-07
47250.056 1.0342037111399314e-07
47300.056 7.164658310305453e-08
47350.056 1.8107286408798423e-07
47400.056 1.506838452069889e-07
47450.056 1.4841759889282995e-07
47500.056 1.7942804025991542e-07
47550.056 1.5658653866301386e-07
47600.056 1.5150992583700003e-07
47650.056 1.4713532754532473e-07
47700.056 1.2875499823624504e-07
47750.056 9.699107373520545e-08
47800.056 9.131333761340886e-08
47850.056 5.620889932321038e-08
47900.056 8.027299201188382e-08
47950.056 1.314436954996189e-07
48000.056 1.8626412434003625e-07
48050.056 1.6455288631600755e-07
48100.056 8.111514684481082e-08
48150.056 1.3319081348400553e-07
48200.056 9.991069965780144e-08
48250.056 1.1124988947800458e-07
48300.056 1.656748979499611e-07
48350.056 1.0364251972100602e-07
48400.056 4.4128469098248275e-08
48450.056 8.646882341220891e-08
48500.056 1.241036892649727e-07
48550.056 1.1675178341340827e-07
48600.056 1.3285171177699898e-07
48650.056 1.530984507089763e-07
48700.056 1.1506177947470386e-07
48750.056 8.033057654934693e-08
48800.056 1.5973147096099326e-07
48850.056 9.22831292083839e-08
48900.056 1.3648822041637813e-07
48950.056 8.29047516540095e-08
49000.056 4.263705530941861e-08
49050.056 1.1040536516598756e-07
49100.056 1.3714282046512838e-07
49150.056 1.0395394725925202e-07
49200.056 1.596923218130331e-07
49250.056 1.508936630730234e-07
49300.056 1.3121043210000068e-07
49350.056 6.165267223704184e-08
49400.056 8.646504056567903e-08
49450.056 9.177269643603049e-08
49500.056 7.109048043079344e-08
49550.056 2.3847917093523147e-08
49600.056 5.5321233697929705e-08
49650.056 9.597278985899772e-08
49700.056 9.492424601676277e-08
49750.056 1.0357691113148753e-07
49800.056 7.60619909375988e-08
49850.056 1.3620704850663946e-07
49900.056 1.0600877168878149e-07
49950.056 1.0798979827760704e-07
50000.056 8.981562188957447e-08
50050.056 1.083117774500037e-07
50100.056 8.565211701120118e-08
50150.056 4.953181678428929e-08
50200.056 1.3374175615424396e-08
50250.056 6.366244837299164e-08
50300.056 4.2922245876516795e-08
50350.056 1.049615352694128e-07
50400.056 9.596720224878891e-08
50450.056 7.632164580492748e-08
50500.056 1.0485840662821416e-07
50550.056 9.312029402301105e-08
50600.056 7.197258418987955e-08
50650.056 1.1283519889702176e-07
50700.056 1.1460885551095461e-07
50750.056 8.042209858121117e-08
50800.056 3.627811942847441e-08
50850.056 2.5204865162112398e-08
50900.056 9.619068182199984e-08
50950.056 7.452201368500501e-08
51000.056 7.055380932064527e-08
51050.056 8.710519270399344e-08
51100.056 3.926513886954957e-08
51150.056 5.162674673885841e-08
51200.056 1.1558680712399524e-07
51250.056 7.326914147922561e-08
51300.056 5.891499052473127e-08
51350.056 5.7203179254373636e-08
51400.056 2.5124683828771158e-08
51450.056 2.007738646605735e-08
51500.056 2.072278183310969e-08
51550.056 6.769742983380628e-08
51600.056 4.8506611944105534e-08
51650.056 5.6280472631984666e-08
51700.056 6.117317461139775e-08
51750.056 4.247411248203526e-08
51800.056 6.799681947699148e-08
51850.056 5.908975465059369e-08
51900.056 8.159344123099197e-08
51950.056 5.322160644099316e-08
52000.056 9.296692638436578e-09
52050.056 3.362234085840508e-08
52100.056 2.2311678812998205e-08
52150.056 1.5101539081723122e-08
52200.056 2.8708076709130255e-08
52250.056 3.9988655913215795e-08
52300.056 5.734153707549636e-08
52350.056 2.838502325107756e-08
52400.056 2.44042923997429e-08
52450.056 6.73512956020054e-08
52500.056 5.328403255078632e-08
52550.056 5.658086315459223e-08
52600.056 4.380882123159954e-08
52650.056 5.166418554890601e-08
52700.056 4.073026034749882e-08
52750.056 2.0322142926967057e-08
52800.056 3.2021250873604324e-08
52850.056 3.516317719878944e-08
52900.056 2.1371235547034532e-08
52950.056 2.9057248306462228e-08
53000.056 4.38604864880131e-08
53050.056 1.8979801209205062e-08
53100.056 4.2727248362785795e-08
53150.056 4.944424362740268e-08
53200.056 2.4166693925008586e-08
53250.056 4.909145778440453e-08
53300.056 5.9285411781699734e-08
53350.056 4.586480684832122e-08
53400.056 3.238346210259008e-08
53450.056 1.462809437649566e-08
53500.056 3.820430825551014e-09
53550.056 9.761090706617474e-09
