galfind/configs/Brown_Dwarf_templates/sonora_bobcat/m0.0/17g/sp_t950g17nc_m0.0_resample.dat
# %ECSV 1.0
# ---
# datatype:
# - {name: wav, unit: Angstrom, datatype: float64}
# - {name: flux_nu, unit: erg / (cm2 Hz s), datatype: float64}
# meta: {C/O: '1.00', Kzz: '1.0000E+05', Teff: '950.', Y: '0.28', '[Fe/H]': '0.00', f_hole: '1.00', f_rain: '0.00', grav: '18.'}
# schema: astropy-2.0
wav flux_nu
[from data line 498]
28900.056 8.08895252628319e-08
28950.056 1.504881293795959e-07
29000.056 1.2078482021445113e-07
29050.056 1.2602604705446322e-07
29100.056 9.509819681117564e-08
29150.056 1.5018257580063853e-07
29200.056 1.1772365340982462e-07
29250.056 1.6005944091148458e-07
29300.056 1.0297426696531204e-07
29350.056 2.011465802530518e-07
29400.056 1.2746375807132441e-07
29450.056 1.41117917778713e-07
29500.056 1.5173701850902987e-07
29550.056 1.371819870027252e-07
29600.056 1.5606361941135097e-07
29650.056 1.5404104978387633e-07
29700.056 1.1544868469854705e-07
29750.056 1.597516576274131e-07
29800.056 1.6385917993620138e-07
29850.056 1.6761852440026164e-07
29900.056 1.5043865742229634e-07
29950.056 1.595787042165443e-07
30000.056 1.217084149096974e-07
30050.056 1.2251494135269685e-07
30100.056 1.0918838470035515e-07
30150.056 1.6316025429038053e-07
30200.056 1.2401721302279815e-07
30250.056 1.7016583835954903e-07
30300.056 1.4187123112001436e-07
30350.056 1.2216692768220765e-07
30400.056 1.430700155247004e-07
30450.056 1.0968361544081442e-07
30500.056 8.600426747711003e-08
30550.056 9.361937143720395e-08
30600.056 1.0269159674999359e-07
30650.056 8.324502072897593e-08
30700.056 8.522614555458185e-08
30750.056 7.941751146968716e-08
30800.056 6.684001382261262e-08
30850.056 6.18222611869701e-08
30900.056 5.9282354470790946e-08
30950.056 5.4443714734715885e-08
31000.056 4.718210609570192e-08
31050.056 4.7824618815003346e-08
31100.056 3.785958526199463e-08
31150.056 4.311155053969754e-08
31200.056 4.636037556800795e-08
31250.056 3.425818086589196e-08
31300.056 3.3654633366194966e-08
31350.056 3.30178613823997e-08
31400.056 2.6837078164200142e-08
31450.056 2.792557247589538e-08
31500.056 2.335574858689324e-08
31550.056 2.607009145199916e-08
31600.056 2.058864959979811e-08
31650.056 1.980542253950081e-08
31700.056 1.9283229867096344e-08
31750.056 1.7188766744207708e-08
31800.056 2.0273948114197693e-08
31850.056 1.835571418460211e-08
31900.056 2.0121996275997585e-08
31950.056 1.3225596849200854e-08
32000.056 1.708073628129798e-08
32050.056 1.8501155868600452e-08
32100.056 1.8485026899904633e-08
32150.056 1.8503948401396775e-08
32200.056 1.6825151677300732e-08
32250.056 2.033816214930243e-08
32300.056 1.693851485310055e-08
32350.056 2.1498946962495286e-08
32400.056 1.601673019519522e-08
32450.056 1.997432331069316e-08
32500.056 1.9711681465902878e-08
32550.056 1.7909500547797977e-08
32600.056 2.1808126326501674e-08
32650.056 2.98311006793955e-08
32700.056 2.5754319768804613e-08
32750.056 2.8370863693304487e-08
32800.056 2.694736154540349e-08
32850.056 2.970476518709451e-08
32900.056 3.375691379349367e-08
32950.056 3.479158945619718e-08
33000.056 2.8958668268889257e-08
33050.056 2.7021594443416846e-08
33100.056 1.4961388273397478e-08
33150.056 9.017254124300153e-09
33200.056 6.831659599299532e-09
33250.056 4.110384763499084e-09
33300.056 4.314491130400637e-09
33350.056 6.283313458000115e-09
33400.056 8.41579870719694e-09
33450.056 1.1578189704199398e-08
33500.056 1.6722342498508445e-08
33550.056 1.6509191913006835e-08
33600.056 2.4080185749596657e-08
33650.056 2.4315545713694786e-08
33700.056 2.2375138719595677e-08
33750.056 2.9244232703306274e-08
33800.056 2.832675746130241e-08
33850.056 3.002858495639616e-08
33900.056 2.5361821143200513e-08
33950.056 2.5256345385897592e-08
34000.056 3.099683141081165e-08
34050.056 2.062396435178855e-08
34100.056 3.108690428129653e-08
34150.056 2.7458567397299198e-08
34200.056 2.516330877718988e-08
34250.056 2.6996274063282685e-08
34300.056 2.566314495228645e-08
34350.056 2.0892701234499475e-08
34400.056 2.0831446470495832e-08
34450.056 2.567272884699379e-08
34500.056 2.467542050430233e-08
34550.056 2.2733183798702102e-08
34600.056 3.028604426349677e-08
34650.056 2.5228042757799955e-08
34700.056 2.6815637108497923e-08
34750.056 2.778232159979183e-08
34800.056 2.6401989335091042e-08
34850.056 2.6540899018809756e-08
34900.056 3.072009930318997e-08
34950.056 3.111135005749294e-08
35000.056 4.1178661852513186e-08
35050.056 2.8751206478694374e-08
35100.056 3.4118219565604426e-08
35150.056 3.2012237866503365e-08
35200.056 3.6072903247195475e-08
35250.056 4.3361470067587245e-08
35300.056 3.8730791564007536e-08
35350.056 3.6395869991187564e-08
35400.056 4.013932111060187e-08
35450.056 2.906855241481381e-08
35500.056 4.983270977920057e-08
35550.056 4.871930029399004e-08
35600.056 4.089371075071944e-08
35650.056 4.6757954622794096e-08
35700.056 4.378028037429227e-08
35750.056 5.333521266798947e-08
35800.056 7.01211660301991e-08
35850.056 4.542803352069179e-08
35900.056 5.768622533849929e-08
35950.056 5.314295827498758e-08
36000.056 5.4673289070010256e-08
36050.056 5.080356378758272e-08
36100.056 5.585338847126671e-08
36150.056 5.628988134578561e-08
36200.056 5.962064695698291e-08
36250.056 5.9056996160875495e-08
36300.056 6.554968517810311e-08
36350.056 6.450467125820723e-08
36400.056 6.14295022873918e-08
36450.056 7.643681007721027e-08
36500.056 7.988357937919316e-08
36550.056 7.738274898502048e-08
36600.056 9.158934664800347e-08
36650.056 9.22193891152771e-08
36700.056 9.942265131558537e-08
36750.056 1.0464028730606324e-07
36800.056 1.0343872952700006e-07
36850.056 1.0211225008657479e-07
36900.056 1.0627700974138308e-07
36950.056 1.2113213659497986e-07
37000.056 1.1747972079199094e-07
37050.056 1.126606638609806e-07
37100.056 1.3146913962349992e-07
37150.056 1.097957679557956e-07
37200.056 1.2595269434998524e-07
37250.056 1.3487323466297737e-07
37300.056 1.186861976237488e-07
37350.056 1.1907854820902729e-07
37400.056 1.7167265667499487e-07
37450.056 1.4035620845780837e-07
37500.056 1.4099433307658172e-07
37550.056 1.579446131590979e-07
37600.056 1.6785317522300735e-07
37650.056 1.4024947818899265e-07
37700.056 1.9137162951702325e-07
37750.056 1.505921873879882e-07
37800.056 1.5877000231811505e-07
37850.056 1.321193406670071e-07
37900.056 1.393086299570509e-07
37950.056 1.6180843025495839e-07
38000.056 1.950336443900114e-07
38050.056 1.935015129420324e-07
38100.056 1.7298964360604852e-07
38150.056 2.1550159161098664e-07
38200.056 2.2382557458606082e-07
38250.056 2.1737325236502404e-07
38300.056 2.6203033674297503e-07
38350.056 2.7243919867101386e-07
38400.056 1.9414812390793594e-07
38450.056 2.1166367570797274e-07
38500.056 1.6003567161801609e-07
38550.056 2.228167033890408e-07
38600.056 2.3743061518903008e-07
38650.056 2.1887173955697235e-07
38700.056 2.3662549051497808e-07
38750.056 2.6117427952602087e-07
38800.056 2.2424347793780837e-07
38850.056 2.2081745859301878e-07
38900.056 2.8627273920004517e-07
38950.056 2.574096218749655e-07
39000.056 2.7305159460599404e-07
39050.056 2.5419765691496653e-07
39100.056 2.733073915320485e-07
39150.056 2.668252107160032e-07
39200.056 2.9400804004898985e-07
39250.056 3.173593657419037e-07
39300.056 2.7036045166385444e-07
39350.056 3.36167478702001e-07
39400.056 3.1202277125609825e-07
39450.056 3.1538901125798806e-07
39500.056 2.984242707380804e-07
39550.056 3.268680201670521e-07
39600.056 3.3368256811187993e-07
39650.056 3.5189093911799357e-07
39700.056 3.467790770990231e-07
39750.056 3.069500308760605e-07
39800.056 3.5260710023786913e-07
39850.056 3.883890061899896e-07
39900.056 3.7818032814004757e-07
39950.056 3.5894116981688134e-07
40000.056 4.4374774734010344e-07
40050.056 3.8910439173201784e-07
40100.056 3.6525531128320056e-07
40150.056 4.1408926604591655e-07
40200.056 4.1860986852584617e-07
40250.056 3.912235820048705e-07
40300.056 3.96465818850075e-07
40350.056 4.333801942060126e-07
40400.056 4.641678354889816e-07
40450.056 4.5052145307412175e-07
40500.056 4.4445554995000896e-07
40550.056 4.573755370119346e-07
40600.056 4.4602427028006657e-07
40650.056 4.177000220158862e-07
40700.056 5.151899361949983e-07
40750.056 4.679795472699157e-07
40800.056 4.0520598364583303e-07
40850.056 5.115905560101295e-07
40900.056 4.747857152420464e-07
40950.056 4.6253364166803633e-07
41000.056 4.840197763640308e-07
41050.056 5.402327708899523e-07
41100.056 4.7427445376004174e-07
41150.056 4.176609097849417e-07
41200.056 5.278053276539343e-07
41250.056 4.702032469799526e-07
41300.056 4.378811516838955e-07
41350.056 5.675465056600846e-07
41400.056 5.305711117221046e-07
41450.056 5.366064613101513e-07
41500.056 4.833754259860023e-07
41550.056 4.929866374470463e-07
41600.056 5.741650482280523e-07
41650.056 5.44812781420049e-07
41700.056 4.973464943938181e-07
41750.056 5.277530800499742e-07
41800.056 5.509690169199175e-07
41850.056 4.3712593044605025e-07
41900.056 4.87996633912939e-07
41950.056 4.3538628779211473e-07
42000.056 4.539210128500365e-07
42050.056 4.1520346133695973e-07
42100.056 5.383568233600395e-07
42150.056 4.115613497598975e-07
42200.056 4.055930103909857e-07
42250.056 4.002426080999009e-07
42300.056 3.791337628980214e-07
42350.056 4.7222320695009e-07
42400.056 4.064921465301361e-07
42450.056 3.7883303261702565e-07
42500.056 3.8021258364002354e-07
42550.056 3.83575668581953e-07
42600.056 3.743794799571108e-07
42650.056 3.8607206187884976e-07
42700.056 3.9805965357007897e-07
42750.056 3.625106448559711e-07
42800.056 3.6619369798109353e-07
42850.056 4.198765095898623e-07
42900.056 4.191256492700971e-07
42950.056 3.8744692426383e-07
43000.056 4.0848614557200624e-07
43050.056 3.3619138397018337e-07
43100.056 3.9088872742996336e-07
43150.056 3.7287751723007006e-07
43200.056 4.2268317370003524e-07
43250.056 4.331487454899798e-07
43300.056 4.4740478434000346e-07
43350.056 3.7705321928995974e-07
43400.056 3.976138107029613e-07
43450.056 3.845437219120626e-07
43500.056 3.5870391997095935e-07
43550.056 3.8521394276507256e-07
43600.056 4.55882637256031e-07
43650.056 3.9440995321601816e-07
43700.056 4.073182963299915e-07
43750.056 4.1579893730311324e-07
43800.056 3.848986392049582e-07
43850.056 3.8521081133007606e-07
43900.056 4.0929472220994893e-07
43950.056 3.396698510570264e-07
44000.056 3.375411734200092e-07
44050.056 4.08404944580049e-07
44100.056 4.43033064160032e-07
44150.056 4.122145118838892e-07
44200.056 4.0741390451899233e-07
44250.056 3.7559406646900407e-07
44300.056 3.54454678524069e-07
44350.056 3.5755261989806715e-07
44400.056 3.888105206640093e-07
44450.056 4.0259274019396916e-07
44500.056 4.25496490110086e-07
44550.056 4.3424217235992224e-07
44600.056 3.771795734490612e-07
44650.056 4.234456310640881e-07
44700.056 3.544311133500213e-07
44750.056 4.136002030479854e-07
44800.056 3.9828790079002107e-07
44850.056 4.008592074700744e-07
44900.056 3.6667110803002307e-07
44950.056 3.849774881820257e-07
45000.056 4.0759240645995393e-07
45050.056 4.062871619000018e-07
45100.056 4.072559427219896e-07
45150.056 3.9820393618696944e-07
45200.056 3.633838930240264e-07
45250.056 3.8067720969989833e-07
45300.056 3.657154433180538e-07
45350.056 3.794872637019627e-07
45400.056 4.2521396902003607e-07
45450.056 3.818351997199385e-07
45500.056 3.9478709562198863e-07
45550.056 4.322971942299173e-07
45600.056 4.209847324300124e-07
45650.056 3.5168354853592663e-07
45700.056 3.947657854290622e-07
45750.056 3.5600939125197916e-07
45800.056 4.081942496099917e-07
45850.056 4.5003004318798436e-07
45900.056 4.5666295819001294e-07
45950.056 3.9161000084000427e-07
46000.056 4.4121466038500706e-07
46050.056 4.1330877480203187e-07
46100.056 4.0999021923001024e-07
46150.056 4.0128226559498375e-07
46200.056 4.050062517300724e-07
46250.056 3.396790046549606e-07
46300.056 4.3780359735998094e-07
46350.056 3.917242468899981e-07
46400.056 3.9029214576999745e-07
46450.056 3.9276493337006e-07
46500.056 3.8090904077302927e-07
46550.056 4.1919783385596874e-07
46600.056 4.158246363640033e-07
46650.056 5.215190435399245e-07
46700.056 4.6012508714011105e-07
46750.056 3.5509843047197567e-07
46800.056 3.629851956640434e-07
46850.056 4.882951218300954e-07
46900.056 4.502920509699315e-07
46950.056 4.76470009550029e-07
47000.056 4.163698709600007e-07
47050.056 4.4971761957585193e-07
47100.056 3.525689317840574e-07
47150.056 3.8861589638602535e-07
47200.056 4.355447873800518e-07
47250.056 3.805509705399895e-07
47300.056 3.4934746159994856e-07
47350.056 4.0676549200994024e-07
47400.056 4.5133134853993265e-07
47450.056 4.132918254110124e-07
47500.056 4.6192683550691207e-07
47550.056 4.110223332799762e-07
47600.056 4.2803465351995974e-07
47650.056 3.4600963847891637e-07
47700.056 4.404910848390927e-07
47750.056 3.0944700117403534e-07
47800.056 4.10865574201981e-07
47850.056 3.1609595533296513e-07
47900.056 3.9635317101896236e-07
47950.056 3.4149120719604816e-07
48000.056 4.847059682500628e-07
48050.056 4.2136570887003266e-07
48100.056 3.7718690748400893e-07
48150.056 3.970760551700439e-07
48200.056 4.1574833266003686e-07
48250.056 3.756412711699951e-07
48300.056 4.507112965398353e-07
48350.056 3.28651591526021e-07
48400.056 3.3307506972197533e-07
48450.056 3.7209166348410335e-07
48500.056 4.766632894399753e-07
48550.056 3.529885095279995e-07
48600.056 4.179725179399977e-07
48650.056 3.79280396259965e-07
48700.056 4.0031159349299353e-07
48750.056 3.056732705191089e-07
48800.056 5.028503544679954e-07
48850.056 3.3701500642493623e-07
48900.056 4.5338895072002164e-07
48950.056 4.058623319500594e-07
49000.056 3.057871696659165e-07
49050.056 4.1409250171000037e-07
49100.056 4.078911902500653e-07
49150.056 3.9887627349502497e-07
49200.056 4.3139928806002496e-07
49250.056 4.3426608042004867e-07
49300.056 3.7924867596399086e-07
49350.056 3.257508622120384e-07
49400.056 4.0203363448499297e-07
49450.056 3.756281508061222e-07
49500.056 3.5562941063996515e-07
49550.056 2.7439847862402585e-07
49600.056 3.5172955772608783e-07
49650.056 3.805711412799943e-07
49700.056 3.3795853981890556e-07
49750.056 4.2252659568989547e-07
49800.056 3.628614356920268e-07
49850.056 4.7401798245010033e-07
49900.056 3.8020244241200185e-07
49950.056 3.949909713679619e-07
50000.056 3.7548743479994897e-07
50050.056 4.1698663446001607e-07
50100.056 3.824226823559956e-07
50150.056 2.9636126809997253e-07
50200.056 2.0617894720999525e-07
50250.056 3.8394500455995525e-07
50300.056 3.2856224189700826e-07
50350.056 4.474215995180239e-07
50400.056 3.825997246429815e-07
50450.056 3.414914368410736e-07
50500.056 4.015098428600617e-07
50550.056 3.6158856607000794e-07
50600.056 3.6676897842195025e-07
50650.056 4.126660145101104e-07
50700.056 4.370414839298387e-07
50750.056 4.142377606100768e-07
50800.056 2.8265800647997734e-07
50850.056 2.968028113630848e-07
50900.056 4.25896203160013e-07
50950.056 3.626052884110864e-07
51000.056 4.1905603418604524e-07
51050.056 3.469180100300256e-07
51100.056 2.713604193749709e-07
51150.056 3.508483335499421e-07
51200.056 4.3644648717998554e-07
51250.056 3.6222406917989647e-07
51300.056 3.198839996071796e-07
51350.056 3.2249772697197496e-07
51400.056 2.390904586809702e-07
51450.056 2.0382665712393703e-07
51500.056 2.5170953548906875e-07
51550.056 4.3054864344404464e-07
51600.056 3.139730421250548e-07
51650.056 3.270875710059405e-07
51700.056 3.24879133326906e-07
51750.056 2.647629270570519e-07
51800.056 3.571177889959055e-07
51850.056 3.524676827900019e-07
51900.056 4.2821606486212154e-07
51950.056 3.6699081330996124e-07
52000.056 2.1137149815898178e-07
52050.056 3.2667328850103885e-07
52100.056 2.555831883499461e-07
52150.056 2.4982119639401717e-07
52200.056 2.395931118269927e-07
52250.056 2.837696832330375e-07
52300.056 3.7923142781997573e-07
52350.056 3.3374009655402895e-07
52400.056 2.2959930189400547e-07
52450.056 3.375421454600182e-07
52500.056 3.3992522662191043e-07
52550.056 3.656112624598806e-07
52600.056 3.1240770599206496e-07
52650.056 3.3860979110908696e-07
52700.056 3.11999944508999e-07
52750.056 2.278324598689819e-07
52800.056 2.777384900460398e-07
52850.056 2.7383614633992456e-07
52900.056 2.748001704710515e-07
52950.056 2.8502679676397843e-07
53000.056 3.4411023579798845e-07
53050.056 2.301390112889047e-07
53100.056 2.541745872909093e-07
53150.056 3.741184389900428e-07
53200.056 2.2024258135099675e-07
53250.056 3.652122691900259e-07
53300.056 3.5300943382018334e-07
53350.056 3.468758812459722e-07
53400.056 3.4660725643004355e-07
53450.056 2.2652977868301464e-07
