galfind/configs/Brown_Dwarf_templates/sonora_bobcat/m0.0/17g/sp_t375g17nc_m0.0_resample.dat
# %ECSV 1.0
# ---
# datatype:
# - {name: wav, unit: Angstrom, datatype: float64}
# - {name: flux_nu, unit: erg / (cm2 Hz s), datatype: float64}
# meta: {C/O: '1.00', Kzz: '1.0000E+05', Teff: '375.', Y: '0.28', '[Fe/H]': '0.00', f_hole: '1.00', f_rain: '0.00', grav: '18.'}
# schema: astropy-2.0
wav flux_nu
[from data line 993]
53650.056 6.402057081687907e-09
53700.056 5.274443287906135e-09
53750.056 5.20384416689885e-09
53800.056 4.808591148350313e-09
53850.056 9.06080380376737e-09
53900.056 1.0236186126210104e-08
53950.056 9.070461287109961e-09
54000.056 6.77033883980638e-09
54050.056 9.646618120858469e-09
54100.056 1.8782114777457916e-09
54150.056 2.3489295732106122e-09
54200.056 2.456095327460628e-10
54250.056 9.262970502301143e-10
54300.056 2.35652509288393e-09
54350.056 4.266920017516665e-09
54400.056 4.018361560567485e-09
54450.056 3.502763536054016e-09
54500.056 4.852289551682337e-09
54550.056 3.907370987279872e-09
54600.056 2.4786156222334474e-09
54650.056 1.7239085905517387e-10
54700.056 2.8304998626949634e-09
54750.056 2.939016336259683e-09
54800.056 1.4929906963845903e-09
54850.056 2.1803567763708255e-09
54900.056 3.0544171026732114e-09
54950.056 6.209378060554151e-09
55000.056 2.7110162624336178e-09
55050.056 3.204397277562887e-09
55100.056 4.395941138820679e-09
55150.056 2.1308252696049696e-09
55200.056 1.666687054252367e-09
55250.056 2.3427611105530365e-09
55300.056 2.0905254809557695e-09
55350.056 3.372258080764717e-09
55400.056 2.4709487373128965e-09
55450.056 2.4386159121484505e-09
55500.056 7.730456950631894e-10
55550.056 5.893952319992398e-10
55600.056 1.9396614648092006e-09
55650.056 1.3898891857563703e-09
55700.056 1.3966242671463103e-09
55750.056 7.970862819075283e-10
55800.056 2.659392762238335e-10
55850.056 4.79063018381884e-10
55900.056 1.9168084974276954e-09
55950.056 3.2370587712772914e-09
56000.056 1.3408171119620878e-09
56050.056 1.0849232648005665e-09
56100.056 2.1247071835483385e-09
56150.056 8.399050044490226e-10
56200.056 9.004523557064616e-10
56250.056 3.0966189290890897e-09
56300.056 1.7788197059885862e-09
56350.056 5.348685246856164e-10
56400.056 1.5996621633296042e-10
56450.056 1.8772112185753188e-10
56500.056 1.2020346602242165e-09
56550.056 3.3429563731241485e-10
56600.056 1.3536342700625113e-09
56650.056 1.5675737059592229e-09
56700.056 1.0419500729118342e-09
56750.056 3.866904990629298e-10
56800.056 4.0488958024615445e-10
56850.056 1.1854906884294235e-09
56900.056 3.948196682487965e-10
56950.056 1.582264520496355e-09
57000.056 2.1704057004917746e-09
57050.056 1.1946549827897999e-09
57100.056 1.779132412674592e-10
57150.056 5.740932097358479e-10
57200.056 2.4021077908460797e-10
57250.056 4.89194255436996e-10
57300.056 6.593495508632637e-10
57350.056 3.4960617739775673e-10
57400.056 1.272985939126666e-09
57450.056 3.4164492219614945e-10
57500.056 3.373171738346447e-10
57550.056 5.121838075503638e-10
57600.056 2.1904180348571233e-10
57650.056 1.0444940968230896e-10
57700.056 3.196758978470138e-10
57750.056 9.161164953853959e-10
57800.056 4.386046929380765e-10
57850.056 1.6450711888468981e-09
57900.056 2.456101632760417e-09
57950.056 2.358416780700571e-09
58000.056 4.810474672167387e-10
58050.056 1.3077367482537848e-09
58100.056 7.056901707722305e-10
58150.056 5.264991425234482e-10
58200.056 9.499933322749898e-11
58250.056 1.9539544937714612e-10
58300.056 1.4572227190051065e-10
58350.056 3.0883039342986014e-10
58400.056 7.01513284317673e-10
58450.056 1.5487421318081099e-09
58500.056 1.5964306205340608e-09
58550.056 6.178335692308669e-10
58600.056 1.821117422089792e-10
58650.056 4.747818155221286e-10
58700.056 3.117663804316628e-10
58750.056 5.928283078289231e-10
58800.056 4.132342441787151e-11
58850.056 2.1256352409243165e-10
58900.056 1.731259080906793e-10
58950.056 1.4387343159373289e-10
59000.056 3.304940518070278e-10
59050.056 4.314104366345626e-10
59100.056 1.7838319577079838e-10
59150.056 3.4106303903379644e-10
59200.056 8.919567842990279e-10
59250.056 1.1245034026755954e-09
59300.056 6.418094920458569e-10
59350.056 8.719988793919299e-11
59400.056 1.008961926009729e-10
59450.056 7.85686979590698e-10
59500.056 5.163425991248279e-10
59550.056 5.221207023961692e-10
59600.056 9.049096056483245e-10
59650.056 2.2431784063039877e-10
59700.056 2.682242886582126e-10
59750.056 1.58783275414061e-09
59800.056 5.296908144050138e-10
59850.056 5.167950672650066e-10
59900.056 1.769884233771998e-10
59950.056 3.94764596332771e-10
60000.056 1.1708674215536648e-09
60050.056 1.9468485997093177e-09
60100.056 1.2536213467098307e-09
60150.056 2.614806460389473e-10
60200.056 5.145183843269531e-10
60250.056 1.6801230616640675e-09
60300.056 1.1219649827695512e-09
60350.056 7.625525087037011e-10
60400.056 7.144003366329298e-10
60450.056 1.0605069255835465e-10
60500.056 3.902576988491196e-11
60550.056 3.52085532286932e-10
60600.056 6.377594928419606e-10
60650.056 4.704662647077892e-10
60700.056 2.3316298812096146e-10
60750.056 8.518536379714148e-11
60800.056 5.651830824138396e-10
60850.056 1.1679274937449534e-09
60900.056 7.134080276567293e-10
60950.056 4.1333870837717595e-10
61000.056 1.2647855124284552e-09
61050.056 3.4545125219382647e-10
61100.056 2.4664257558443726e-10
61150.056 8.009656502687889e-11
61200.056 6.791733650391287e-10
61250.056 5.686357598981547e-10
61300.056 3.436755998851634e-10
61350.056 1.0474622438799557e-09
61400.056 2.1916979825807288e-10
61450.056 1.0179820154977996e-10
61500.056 6.584450545695976e-11
61550.056 2.2601089799736834e-10
61600.056 9.484613051465782e-11
61650.056 1.281039536734394e-10
61700.056 4.971707318404847e-10
61750.056 3.4972699583280083e-10
61800.056 3.363986282881287e-10
61850.056 6.371585142325872e-11
61900.056 7.983740682903145e-10
61950.056 5.988277004985702e-10
62000.056 4.05699322236894e-10
62050.056 1.945872154184405e-09
62100.056 3.426345546953957e-10
62150.056 1.1866473471178104e-09
62200.056 1.0244410803018718e-09
62250.056 9.150903345187246e-10
62300.056 2.1853430164446413e-09
62350.056 2.5384665582148282e-09
62400.056 1.4761155713235202e-09
62450.056 1.195469711292161e-09
62500.056 2.193190998452373e-09
62550.056 4.292969159448889e-09
62600.056 1.1328196950082478e-09
62650.056 1.1547311940160658e-09
62700.056 5.748269424610897e-10
62750.056 2.2607659363732956e-09
62800.056 1.6281870262972463e-09
62850.056 1.0277306406279542e-09
62900.056 2.6558929806765043e-09
62950.056 3.87569273002114e-09
63000.056 8.736637391750717e-10
63050.056 5.570272842320219e-09
63100.056 7.481283130656725e-09
63150.056 4.5640153641301386e-09
63200.056 2.814091457524512e-09
63250.056 2.927569129674832e-09
63300.056 5.622826790538305e-10
63350.056 1.0933847809506144e-09
63400.056 4.1166493528782666e-10
63450.056 1.2473182985145028e-10
63500.056 1.4843889239845278e-09
63550.056 2.431848160134973e-09
63600.056 9.007827530741898e-10
63650.056 1.254312423520239e-09
63700.056 2.534234196009127e-10
63750.056 6.640052781962469e-10
63800.056 2.1765843550534623e-09
63850.056 1.4901787023320973e-09
63900.056 3.7642479552445995e-10
63950.056 5.719573268091008e-10
64000.056 1.3407253922203442e-09
64050.056 1.9120271944774304e-10
64100.056 1.2756139133653474e-10
64150.056 1.5541435421223108e-10
64200.056 1.2786855647398908e-10
64250.056 9.056667761482635e-10
64300.056 6.861069124087063e-10
64350.056 3.2308449468189586e-10
64400.056 1.26527704183273e-09
64450.056 1.0821868129704271e-09
64500.056 7.346295001442031e-10
64550.056 1.3267772238381386e-09
64600.056 7.263810301876047e-10
64650.056 1.2447921999214798e-09
64700.056 2.445341002385139e-10
64750.056 5.004065725908242e-10
64800.056 1.788004996069489e-10
64850.056 1.5092134942287502e-10
64900.056 1.2357963711050473e-10
64950.056 1.0922941106697673e-10
65000.056 1.6473087479561148e-10
65050.056 7.688036387994462e-10
65100.056 4.776414530249171e-10
65150.056 5.380493981670211e-10
65200.056 1.4724819333611555e-10
65250.056 3.505070097817556e-10
65300.056 7.245380933274025e-10
65350.056 1.5655078838872652e-09
65400.056 5.731881528160156e-10
65450.056 7.419280227644451e-10
65500.056 9.63415305088993e-10
65550.056 3.453948063190922e-10
65600.056 1.0788873486632771e-09
65650.056 5.227037529730875e-10
65700.056 3.95622475399092e-10
65750.056 2.845769391822201e-10
65800.056 6.405166840589597e-10
65850.056 1.5580601242395366e-09
65900.056 2.357666590109205e-10
65950.056 3.440204179449784e-10
66000.056 4.2447665054115643e-10
66050.056 1.1855510010792075e-09
66100.056 8.134655717609105e-10
66150.056 7.31245063504612e-10
66200.056 1.0175460638169251e-09
66250.056 4.0014890842558435e-10
66300.056 3.2304403397114545e-10
66350.056 1.4218240458801004e-10
66400.056 2.3612855784200824e-10
66450.056 8.747384580903204e-10
66500.056 1.6249845514311617e-09
66550.056 1.5554381750597611e-09
66600.056 1.4195405216801751e-09
66650.056 5.148576403684316e-10
66700.056 4.5486086574112586e-10
66750.056 1.0183181252998092e-09
66800.056 5.351207184319343e-10
66850.056 4.156212456793251e-10
66900.056 2.0868212670894965e-09
66950.056 1.6764937541550784e-09
67000.056 2.904224787612295e-09
67050.056 9.65537731578401e-10
67100.056 6.43320074372105e-10
67150.056 8.757678413624825e-10
67200.056 1.4780546290973665e-09
67250.056 1.344934578057591e-09
67300.056 3.0138501485200497e-09
67350.056 9.41391994722571e-10
67400.056 2.519852054553328e-09
67450.056 1.6601493543186007e-09
67500.056 8.395923227639509e-10
67550.056 3.826940345713487e-09
67600.056 6.460625920599076e-09
67650.056 4.165881370464139e-09
67700.056 2.2349485747604605e-09
67750.056 1.1355301180003922e-09
67800.056 1.235878406398897e-09
67850.056 6.643599542120148e-10
67900.056 6.306941553438967e-10
67950.056 7.589110649008871e-10
68000.056 2.6743382939596744e-09
68050.056 1.306180675227274e-09
68100.056 2.805539505222577e-09
68150.056 2.8294011767085516e-09
68200.056 1.7217205811371138e-09
68250.056 4.2347285576775336e-10
68300.056 2.4392842362400742e-09
68350.056 3.1262437189372476e-09
68400.056 4.136222694379827e-09
68450.056 4.6755801420523694e-09
68500.056 1.9523752388283794e-09
68550.056 4.862247920311141e-10
68600.056 5.463985287690571e-10
68650.056 3.169307864321943e-10
68700.056 9.006164327874617e-10
68750.056 1.8506099761101656e-09
68800.056 1.67363644361082e-09
68850.056 1.2410522722392418e-09
68900.056 5.548188422089715e-09
68950.056 5.399726028541435e-09
69000.056 2.005530174295814e-09
69050.056 9.339696921058497e-10
69100.056 4.849987331100192e-09
69150.056 7.445110225284174e-09
69200.056 6.300732588320791e-09
69250.056 6.133359450469517e-09
69300.056 5.814121194821455e-09
69350.056 6.942512354749658e-09
69400.056 2.599392722509794e-09
69450.056 5.336762227737699e-09
69500.056 3.5870194869237028e-09
69550.056 1.9445395656081382e-09
69600.056 3.7602632726406753e-10
69650.056 1.991016725320932e-09
69700.056 4.1928114794996175e-09
69750.056 2.207897067313389e-09
69800.056 5.223816781300885e-09
69850.056 5.14933773850842e-09
69900.056 3.1027051009721908e-09
69950.056 2.8481901816885517e-09
70000.056 3.193504927859023e-09
70050.056 8.000820215048575e-09
70100.056 4.775947689611014e-09
70150.056 3.5901394750494365e-09
70200.056 2.3121918884690975e-09
70250.056 2.545402201226687e-09
70300.056 5.24550154534303e-09
70350.056 5.5562775566989654e-09
70400.056 1.757960552579123e-09
70450.056 3.391038713811353e-10
70500.056 1.9656022602703835e-09
70550.056 1.643167055611886e-09
70600.056 2.085858359378373e-09
70650.056 3.308852595789602e-09
70700.056 4.866767675422446e-09
70750.056 9.48113112310657e-09
70800.056 3.416603013867893e-09
70850.056 3.531126710259366e-09
70900.056 7.271015291779235e-09
70950.056 7.518016585702557e-09
71000.056 5.538863239219906e-09
71050.056 7.162867129470058e-09
71100.056 4.278434948260075e-09
71150.056 2.539825283088497e-09
71200.056 2.6803936208098637e-09
71250.056 6.818996441403745e-09
71300.056 8.326258897511986e-09
71350.056 8.505524072669262e-09
71400.056 6.057949647137508e-09
71450.056 1.4503757968103601e-09
71500.056 2.3525345544053718e-09
71550.056 2.50174956490046e-09
71600.056 3.2846158671097563e-09
71650.056 1.5449284620510104e-09
71700.056 1.0243832726300896e-09
71750.056 3.6966539092022057e-09
71800.056 6.697905084261035e-09
71850.056 5.710038777579943e-09
71900.056 4.0421047862479166e-09
71950.056 5.459561366873512e-09
72000.056 4.131574665936033e-09
72050.056 1.5560381884233668e-09
72100.056 2.0513932523832646e-09
72150.056 4.820578062018648e-09
72200.056 4.238941286955478e-09
72250.056 1.0290555928003e-08
72300.056 3.237227675555801e-09
72350.056 6.0541585432482186e-09
72400.056 4.6910451147410285e-09
72450.056 4.228953443126801e-09
72500.056 5.789624173211189e-09
72550.056 1.2407675522702949e-09
72600.056 3.0246983568956927e-09
72650.056 5.522044688703476e-09
72700.056 2.0425250677805596e-09
72750.056 2.9473674649798227e-09
72800.056 1.2725540233602548e-09
72850.056 2.013510716623992e-09
72900.056 6.596966865301158e-09
72950.056 3.1737505853238066e-09
73000.056 3.112456468555687e-09
73050.056 1.0601096621007355e-09
73100.056 1.7986124490958902e-09
73150.056 6.611886285798055e-09
73200.056 1.4377564260143705e-09
73250.056 2.2150170378097557e-09
73300.056 8.545563709268836e-10
73350.056 7.618673156016388e-10
73400.056 2.534084216230186e-09
73450.056 1.0971351220262637e-09
73500.056 7.434291724159944e-10
73550.056 1.878111233030558e-09
73600.056 2.0940143828485383e-09
73650.056 1.7272189796653138e-09
73700.056 9.74501142752443e-10
73750.056 3.109942482737407e-10
73800.056 1.3319549248436966e-09
73850.056 2.0294616896526545e-09
73900.056 5.87660684948101e-10
73950.056 1.1132225651067276e-09
74000.056 2.0245358578911056e-10
74050.056 2.3525443194563852e-09
74100.056 2.3265521516136836e-09
74150.056 1.923553738779421e-09
74200.056 3.0619381458270164e-10
74250.056 7.744367826497508e-11
74300.056 1.5741210784971146e-09
74350.056 2.673031434366075e-09
74400.056 1.7030207866948669e-09
74450.056 4.2293193367419987e-10
74500.056 1.4141829502319688e-10
74550.056 6.227310268897307e-10
74600.056 8.403949547529573e-10
74650.056 1.0979398525894872e-09
74700.056 9.625515457514037e-10
74750.056 1.794413776304638e-10
74800.056 3.1717105910907175e-10
74850.056 2.178763475791144e-09
74900.056 2.879937942578153e-09
74950.056 1.6890697976533188e-09
75000.056 7.165560976517892e-10
75050.056 4.3899796625006036e-11
75100.056 1.1965640800108102e-09
75150.056 3.2599304646715367e-09
75200.056 2.980106713339743e-09
75250.056 1.6852083811441174e-09
75300.056 8.414016068300472e-10
75350.056 1.0828371072054015e-10
75400.056 2.3900345224407777e-09
75450.056 4.128701051080999e-09
75500.056 2.683785777999424e-09
75550.056 1.5253181110611614e-09
75600.056 1.978440392079697e-09
75650.056 9.049832535897803e-10
75700.056 4.574634515099601e-09
75750.056 2.9662497314922984e-09
75800.056 3.288381747582636e-09
75850.056 3.723484804014915e-09
75900.056 3.8563083429085845e-09
75950.056 1.0803340916784652e-09
76000.056 5.074952937949467e-09
76050.056 5.246117000987452e-09
76100.056 4.479710621496114e-09
76150.056 4.436725102288717e-09
76200.056 3.0311159828411967e-09
76250.056 6.900697589776543e-10
76300.056 4.7450281082001495e-09
76350.056 7.068981779202015e-09
76400.056 4.1744961245013784e-09
76450.056 3.0865622358007893e-09
76500.056 1.7327598951397052e-09
76550.056 2.5737554400882654e-10
76600.056 4.154121706925793e-11
76650.056 6.359902151103734e-11
76700.056 7.875238691380053e-11
76750.056 9.944140563090288e-11
76800.056 2.2445378762394955e-10
76850.056 2.9902507771891556e-10
76900.056 5.692475540787122e-10
76950.056 3.220752961483095e-10
77000.056 1.3439115821152263e-09
77050.056 2.0597663055652776e-10
77100.056 4.944864968939488e-10
77150.056 1.3149777725578924e-09
77200.056 3.547397706585128e-10
77250.056 2.527912002650481e-10
77300.056 1.54538027091935e-09
77350.056 7.203412153113689e-10
77400.056 1.4792252483617088e-09
77450.056 3.280256338007523e-09
77500.056 2.247655589640382e-09
77550.056 8.978329096816406e-10
77600.056 1.8596457748974846e-10
77650.056 3.774142660093184e-10
77700.056 1.7754523446084868e-09
77750.056 2.0335078013295424e-09
77800.056 3.553099209566196e-09
77850.056 4.645824642298184e-09
77900.056 8.958184539849675e-10
77950.056 1.6451455209840094e-10
78000.056 9.817954823508272e-10
78050.056 9.135336854576527e-10
78100.056 1.994860096156916e-09
78150.056 3.5269942225227088e-09
78200.056 5.743230680338916e-09
78250.056 2.564645130990785e-09
78300.056 3.4444200246007905e-10
