galfind/configs/Brown_Dwarf_templates/sonora_bobcat/m0.0/17g/sp_t500g17nc_m0.0_resample.dat
# %ECSV 1.0
# ---
# datatype:
# - {name: wav, unit: Angstrom, datatype: float64}
# - {name: flux_nu, unit: erg / (cm2 Hz s), datatype: float64}
# meta: {C/O: '1.00', Kzz: '1.0000E+05', Teff: '500.', Y: '0.28', '[Fe/H]': '0.00', f_hole: '1.00', f_rain: '0.00', grav: '18.'}
# schema: astropy-2.0
wav flux_nu
4000.0559999999996 nan
4050.0559999999996 8.072740422972633e-17
4100.056 1.552990052249026e-14
4150.056 1.1793214767000159e-13
4200.056 1.1367766162658487e-13
4250.056 7.008120879300043e-13
4300.056 1.3443740629500272e-12
4350.056 2.065596965700025e-12
4400.056 3.0065534547000353e-12
4450.056 4.296133915300005e-12
4500.056 5.366971465000106e-12
4550.056 5.523614827781824e-12
4600.056 2.7731564687208015e-12
4650.056 1.8020961446999672e-12
4700.056 9.261165915099934e-13
4750.056 2.3071495300799627e-13
4800.056 4.698505030599933e-14
4850.056 9.117979810799866e-15
4900.056 2.9037543740999802e-15
4950.056 1.4354164641999939e-15
5000.056 8.10473690399993e-16
5050.056 5.801177554800043e-16
5100.056 6.328843841600081e-16
5150.056 7.246732800300115e-16
5200.056 8.289745879800035e-16
5250.056 9.370312869600016e-16
5300.056 1.0612069649100011e-15
5350.056 1.206550104800002e-15
5400.056 1.3577932583000005e-15
5450.056 1.536286114900012e-15
5500.056 1.7367191676000192e-15
5550.056 1.948220521100006e-15
5600.056 2.1483259633000027e-15
5650.056 2.3143190893999954e-15
5700.056 2.369370523100002e-15
5750.056 2.3415473116000005e-15
5800.056 2.0977592070999944e-15
5850.056 1.468326820349972e-15
5900.056 4.3590258512872797e-16
5950.056 2.919261424170118e-15
6000.056 6.343676683899891e-15
6050.056 1.1458841768800243e-14
6100.056 1.8584294052000226e-14
6150.056 2.819373233700021e-14
6200.056 4.1094745520000236e-14
6250.056 5.709937765499998e-14
6300.056 7.947789194000023e-14
6350.056 1.0846213109500087e-13
6400.056 1.4526618537900088e-13
6450.056 1.799355249589924e-13
6500.056 2.4060987661099523e-13
6550.056 3.258411134289971e-13
6600.056 4.436160412140226e-13
6650.056 6.051202949400055e-13
6700.056 7.909998854900081e-13
6750.056 1.0985398702000084e-12
6800.056 1.3823461651000246e-12
6850.056 1.6028005886000078e-12
6900.056 1.5418234023300556e-12
6950.056 1.4097042102383694e-12
7000.056 1.5695874780120226e-12
7050.056 1.6934213518549578e-12
7100.056 1.8898074466149376e-12
7150.056 1.7073324775298303e-12
7200.056 1.6114198768231484e-12
7250.056 1.7851537825337206e-12
7300.056 1.8601368750779787e-12
7350.056 2.0400796966498747e-12
7400.056 2.2203666625651403e-12
7450.056 2.4092326922001596e-12
7500.056 2.498782829969964e-12
7550.056 2.438140927199984e-12
7600.056 2.191472808999987e-12
7650.056 6.938559467499687e-13
7700.056 4.737937614002197e-13
7750.056 2.3737070091000347e-12
7800.056 3.723991640585984e-12
7850.056 5.725681624499966e-12
7900.056 7.656625860159708e-12
7950.056 8.779927622436018e-12
8000.056 1.2191712758900037e-11
8050.056 1.482077022320051e-11
8100.056 1.4479529351991209e-11
8150.056 1.579334697204599e-11
8200.056 2.2777388081750572e-11
8250.056 2.6578532988298745e-11
8300.056 3.2874770927774e-11
8350.056 3.4963707670167104e-11
8400.056 4.178956660591486e-11
8450.056 5.509823186973752e-11
8500.056 6.360915760949561e-11
8550.056 8.55284879690013e-11
8600.056 1.1025075832100179e-10
8650.056 1.3316225192200363e-10
8700.056 1.4814345424600298e-10
8750.056 1.7450911954000136e-10
8800.056 1.8924494531000575e-10
8850.056 1.6087992296698836e-10
8900.056 4.0882670928309435e-11
8950.056 5.790544887997491e-11
9000.056 4.355589527197157e-11
9050.056 1.4481499642426195e-10
9100.056 2.004307785887766e-10
9150.056 2.5211913237834274e-10
9200.056 4.277742673053943e-10
9250.056 4.4807554468794045e-10
9300.056 9.905080137257372e-11
9350.056 1.1730169396813262e-10
9400.056 2.1471407273002205e-10
9450.056 2.759993426418598e-10
9500.056 2.3829757962045595e-10
9550.056 2.90674279313829e-10
9600.056 2.67846820445695e-10
9650.056 3.669230038291029e-10
9700.056 5.51641047871334e-10
9750.056 5.323287397835327e-10
9800.056 5.69480034463218e-10
9850.056 6.326570638095799e-10
9900.056 8.230227835740615e-10
9950.056 7.133253851057385e-10
10000.056 8.222463626788803e-10
10050.056 9.727336436461155e-10
10100.056 1.3621517564417152e-09
10150.056 1.5114979208349375e-09
10200.056 1.7130123040347113e-09
10250.056 2.1373357598414627e-09
10300.056 2.852852001811645e-09
10350.056 3.3068159827037294e-09
10400.056 5.18643115720255e-09
10450.056 6.810612879848935e-09
10500.056 8.448928586866134e-09
10550.056 1.0469900638400618e-08
10600.056 1.1510114730509204e-08
10650.056 1.2405202081716388e-08
10700.056 1.2007487272618255e-08
10750.056 1.2436596866201545e-08
10800.056 1.1724551177720878e-08
10850.056 9.810772703569626e-09
10900.056 6.1901119109548546e-09
10950.056 2.6716033237775813e-09
11000.056 1.7954189277325788e-09
11050.056 1.0259924575897077e-09
11100.056 5.274608908216187e-10
11150.056 1.8123147307356672e-10
11200.056 9.469220787891683e-11
11250.056 1.0948202529208765e-10
11300.056 2.007845135329858e-10
11350.056 5.944398280449756e-11
11400.056 1.4567689235947938e-10
11450.056 1.2116460575652873e-10
11500.056 6.622600491891955e-11
11550.056 1.1281071495502558e-11
11600.056 1.1309375092228794e-11
11650.056 4.569962205187172e-11
11700.056 4.6490299605678476e-11
11750.056 5.799681107894744e-12
11800.056 4.964366690182536e-11
11850.056 9.47855171203127e-11
11900.056 1.0221005935328715e-10
11950.056 1.778056217558186e-10
12000.056 3.464401158221332e-10
12050.056 6.586923963881425e-10
12100.056 1.256481832225919e-09
12150.056 2.233479698116535e-09
12200.056 3.0885260007534613e-09
12250.056 5.18851441261042e-09
12300.056 8.295313506575009e-09
12350.056 8.957991737448166e-09
12400.056 1.3968278080899027e-08
12450.056 1.9459486515727228e-08
12500.056 2.219878911921277e-08
12550.056 2.63350712035616e-08
12600.056 3.011635495095865e-08
12650.056 3.031037746481736e-08
12700.056 3.017559588902603e-08
12750.056 2.4212976408093577e-08
12800.056 1.9457306378884857e-08
12850.056 1.244226306248662e-08
12900.056 9.034855493230086e-09
12950.056 7.304617006735189e-09
13000.056 6.062925478368655e-09
13050.056 3.697143315126947e-09
13100.056 3.0496585218060294e-09
13150.056 1.8845903196534855e-09
13200.056 1.524799088604835e-09
13250.056 1.0881486897874394e-09
13300.056 3.843812366150823e-10
13350.056 1.1053424705244104e-10
13400.056 8.59654661337202e-11
13450.056 3.055309663942515e-11
13500.056 1.4275627872443568e-11
13550.056 6.96604759391186e-12
13600.056 1.288178869575142e-12
13650.056 9.061669271392677e-12
13700.056 5.676838101518179e-12
13750.056 6.725615634798375e-12
13800.056 5.442730948132671e-12
13850.056 3.642194312131741e-12
13900.056 5.541162232339543e-12
13950.056 3.6382196027417325e-12
14000.056 4.2830772397507455e-12
14050.056 7.301814387811011e-12
14100.056 9.457934655149517e-12
14150.056 1.7557920611773362e-11
14200.056 1.1330241459511475e-11
14250.056 1.7831553174889837e-11
14300.056 3.5543445933777135e-11
14350.056 4.235618948626217e-11
14400.056 4.981451204530548e-11
14450.056 7.245909736864597e-11
14500.056 1.5556153087044908e-10
14550.056 1.815993768145242e-10
14600.056 2.1542804825391473e-10
14650.056 1.554794715379924e-10
14700.056 8.626547948709263e-11
14750.056 5.645090941167422e-11
14800.056 1.1902492365221669e-10
14850.056 1.66703544791653e-10
14900.056 1.7694014619487807e-10
14950.056 1.5112126875688536e-10
15000.056 3.021276753581055e-10
15050.056 2.6237303514813845e-10
15100.056 2.0252374266997493e-10
15150.056 1.8974060012014924e-10
15200.056 3.234676644269334e-10
15250.056 6.707622068761711e-10
15300.056 8.201276726397846e-10
15350.056 1.086176991434558e-09
15400.056 1.4523361316045473e-09
15450.056 1.9094323646439548e-09
15500.056 2.145232123986241e-09
15550.056 3.1879970568249887e-09
15600.056 3.9452120664698895e-09
15650.056 5.400442308164166e-09
15700.056 7.31831674664985e-09
15750.056 8.83949626799164e-09
15800.056 9.418100743417222e-09
15850.056 1.052684232202365e-08
15900.056 9.064521516808204e-09
15950.056 7.91095387735772e-09
16000.056 5.3313234021815735e-09
16050.056 2.6428322103615823e-09
16100.056 1.615460420457889e-09
16150.056 8.387192443111645e-10
16200.056 4.4648181041824427e-10
16250.056 2.9781085807771284e-10
16300.056 1.8190685405840996e-10
16350.056 2.0795969635045627e-10
16400.056 2.6839066300399023e-10
16450.056 2.275235535468235e-10
16500.056 1.9730802986824773e-10
16550.056 2.1577207336016268e-10
16600.056 2.737011072329239e-10
16650.056 2.1018207829001124e-10
16700.056 3.1679777957803186e-11
16750.056 9.487338902824783e-11
16800.056 1.735824414383264e-10
16850.056 2.147249898028372e-10
16900.056 1.0753085857203986e-10
16950.056 6.034185194804184e-11
17000.056 3.5058745571877235e-11
17050.056 7.181648883603154e-11
17100.056 1.2289585833681082e-10
17150.056 6.385906373195753e-11
17200.056 2.2488132828444344e-10
17250.056 1.5046330189775846e-10
17300.056 8.415900939197203e-11
17350.056 8.723154380488005e-11
17400.056 1.5086736586999498e-10
17450.056 2.1991225813387294e-10
17500.056 2.98103148000238e-10
17550.056 2.806642610223066e-10
17600.056 2.1580756301059745e-10
17650.056 2.1095579846870057e-10
17700.056 1.4557111772826833e-10
17750.056 1.6334317821981052e-10
17800.056 4.1149096251146166e-10
17850.056 1.9592245554390453e-10
17900.056 1.4358321034618772e-10
17950.056 1.2504719996135294e-10
18000.056 1.8144291473866036e-10
18050.056 1.9485225423972113e-10
18100.056 2.507931817274744e-10
18150.056 2.3684185529187044e-10
18200.056 1.6859758976404795e-10
18250.056 4.740854554512666e-10
18300.056 1.675263379547125e-10
18350.056 1.196763044855779e-10
18400.056 1.0061895789881848e-10
18450.056 2.971797737228538e-10
18500.056 2.9457494909108704e-10
18550.056 1.9563891278207352e-10
18600.056 2.503888666976837e-10
18650.056 1.9949741619119646e-10
18700.056 7.933774927076155e-11
18750.056 1.777190680125951e-10
18800.056 5.088732346207053e-10
18850.056 5.374213324581841e-10
18900.056 4.682171490825799e-10
18950.056 7.069549057591966e-10
19000.056 2.7366058393400483e-10
19050.056 1.5466614218730851e-10
19100.056 3.1336677502295403e-10
19150.056 1.6479405667260012e-10
19200.056 2.153731351697706e-10
19250.056 1.6705374466607948e-10
19300.056 1.1669280363987483e-10
19350.056 9.985009921188522e-11
19400.056 9.039782720152438e-11
19450.056 1.6587871668620966e-10
19500.056 1.0953076220727379e-10
19550.056 1.210358165981326e-10
19600.056 3.022838100847874e-10
19650.056 2.2018634024415595e-10
19700.056 2.4293326639766596e-10
19750.056 4.2391383065568714e-10
19800.056 3.0905753628793143e-10
19850.056 4.4296273522989083e-10
19900.056 4.773523873516349e-10
19950.056 6.822527285283295e-10
20000.056 8.770071962874473e-10
20050.056 7.393283657777467e-10
20100.056 1.2357951499144148e-09
20150.056 6.687763469144288e-10
20200.056 5.800286306621852e-10
20250.056 1.0822523797656644e-09
20300.056 1.2753320373264157e-09
20350.056 1.3962999416910553e-09
20400.056 1.2416250909787631e-09
20450.056 1.9439128950807667e-09
20500.056 2.374901784318097e-09
20550.056 2.661608839331991e-09
20600.056 2.7963456465703715e-09
20650.056 3.4885510901115743e-09
20700.056 3.837129066962115e-09
20750.056 4.385979517937293e-09
20800.056 4.259428456741968e-09
20850.056 4.624442719444718e-09
20900.056 5.0602029016567175e-09
20950.056 4.6859268839498345e-09
21000.056 4.492904544270092e-09
21050.056 4.730347802798604e-09
21100.056 4.289440351500871e-09
21150.056 4.349364644006257e-09
21200.056 3.911312510513576e-09
21250.056 3.5146601429961397e-09
21300.056 2.7629282725105606e-09
21350.056 2.803875862820323e-09
21400.056 2.585347992877204e-09
21450.056 2.0226245262476973e-09
21500.056 1.7686777041280726e-09
21550.056 1.532260469325828e-09
21600.056 1.2344774558146147e-09
21650.056 9.303894076034113e-10
21700.056 8.347284776671807e-10
21750.056 8.020726409069696e-10
21800.056 5.849940646692821e-10
21850.056 5.618615577461205e-10
21900.056 3.659202341047867e-10
21950.056 1.3110593852754717e-10
22000.056 2.9849493512977314e-11
22050.056 2.6967270333039425e-11
22100.056 9.443386816582722e-11
22150.056 1.1440151756807173e-10
22200.056 1.2543883629597599e-10
22250.056 9.356204787952111e-11
22300.056 5.4329099096365286e-11
22350.056 6.832382474949432e-11
22400.056 2.8980209633921185e-11
22450.056 3.592375193257428e-11
22500.056 2.6925404219279222e-11
22550.056 1.8566051194948187e-11
22600.056 1.4868991198561202e-11
22650.056 2.61154775964265e-11
22700.056 2.120115630191283e-11
22750.056 2.1965655963018984e-11
22800.056 2.125239784137733e-11
22850.056 1.6513998480678794e-11
22900.056 1.1951252038451811e-11
22950.056 1.107859657224935e-11
23000.056 1.6195664924392104e-11
23050.056 2.138411144078829e-11
23100.056 8.250636212228431e-11
23150.056 8.782818199912104e-11
23200.056 6.011588999248547e-12
23250.056 1.3910390284986447e-11
23300.056 1.4773504486369422e-11
23350.056 2.194934003650711e-11
23400.056 2.1005176106971586e-11
23450.056 1.4372351694965911e-11
23500.056 1.5048021868207857e-11
23550.056 2.7089740215419366e-11
23600.056 4.115373507658729e-11
23650.056 6.977593089353391e-11
23700.056 1.9080958004868492e-11
23750.056 1.3895710972820741e-11
23800.056 4.651140262388298e-11
23850.056 3.775984583020503e-11
23900.056 7.665466902606649e-11
23950.056 5.733190038036067e-11
24000.056 9.743436109352258e-11
24050.056 1.3364573665745723e-10
24100.056 1.3781506316038936e-10
24150.056 1.9109912324906171e-10
24200.056 1.3841426107717338e-10
24250.056 1.1081676946169745e-10
24300.056 1.754095421007834e-10
24350.056 1.5265522820417928e-10
24400.056 2.9817464436362786e-10
24450.056 3.4282869458206764e-10
24500.056 3.229785852153793e-10
24550.056 4.6187541200402576e-10
24600.056 4.798045497750764e-10
24650.056 7.270263886059547e-10
24700.056 4.2755356828698993e-10
24750.056 5.880099049664622e-10
24800.056 5.628132191976082e-10
24850.056 8.65074588328728e-10
24900.056 4.717964088666374e-10
24950.056 9.23782616346477e-10
25000.056 9.254299218624165e-10
25050.056 6.465054139293606e-10
25100.056 9.65767987790473e-10
25150.056 4.901967874934479e-10
25200.056 7.596690576261575e-10
25250.056 3.7161930250433246e-10
25300.056 5.782331531363421e-10
25350.056 2.7108618189689806e-10
25400.056 6.624971373722184e-10
25450.056 2.2224218798754648e-10
25500.056 2.079289768133133e-10
25550.056 3.58493267183965e-10
25600.056 1.8664920290833312e-10
25650.056 1.1459365746040108e-10
25700.056 1.7871314049947156e-10
25750.056 5.053063572795068e-11
25800.056 2.3160579813889669e-10
25850.056 5.224382004442187e-11
25900.056 7.434197728658481e-11
25950.056 2.2011761459100186e-11
26000.056 2.2200348056010165e-10
26050.056 3.665715532828708e-11
26100.056 1.486932181103564e-10
26150.056 7.54014845238544e-11
26200.056 1.0329340066109083e-10
26250.056 4.730085979016874e-10
26300.056 1.3693057611055634e-10
26350.056 6.695152240181471e-10
26400.056 8.562210408126567e-10
26450.056 7.843320367309673e-10
26500.056 1.283819369749774e-09
26550.056 2.310584783819072e-10
26600.056 3.157963090715655e-10
26650.056 5.717392635786082e-11
26700.056 3.613639756322129e-11
26750.056 4.2282485509085796e-11
26800.056 1.2331861549929485e-10
26850.056 6.7097280785355e-11
26900.056 3.045533523127524e-10
26950.056 1.0719386273546564e-10
27000.056 5.542956654434594e-10
27050.056 5.311886557707908e-10
27100.056 1.0320245897161751e-10
27150.056 7.307796633356214e-10
27200.056 1.0112177230447588e-10
27250.056 2.843290861730078e-10
27300.056 1.5216546967263128e-09
27350.056 6.327587829151229e-10
27400.056 4.074873879489947e-11
27450.056 7.989159553694877e-10
27500.056 8.484008318462808e-10
27550.056 1.6762107468472757e-10
27600.056 4.563626852407971e-10
27650.056 1.284362978951627e-10
27700.056 1.0394577955817451e-10
27750.056 6.114425261278575e-10
27800.056 1.6335612691737098e-10
27850.056 2.8533220973270947e-10
27900.056 2.755396136795045e-10
27950.056 7.14675091433994e-10
28000.056 6.359609562376399e-10
28050.056 8.612021470516495e-11
28100.056 5.867133883050581e-10
28150.056 4.4578698374616834e-10
28200.056 1.3822649254948276e-10
28250.056 7.859543720140289e-10
28300.056 7.706112454852834e-10
28350.056 1.8316965327299186e-10
28400.056 5.48289510853753e-10
28450.056 8.915219081784327e-10
28500.056 5.847939781191298e-10
28550.056 1.4498350222961814e-10
28600.056 1.0023240641037996e-09
28650.056 6.851751525772632e-10
28700.056 8.907000356559055e-10
28750.056 1.332631525671921e-09
28800.056 6.365119772818844e-10
