galfind/configs/Brown_Dwarf_templates/sonora_bobcat/m0.0/17g/sp_t1900g17nc_m0.0_resample.dat
# %ECSV 1.0
# ---
# datatype:
# - {name: wav, unit: Angstrom, datatype: float64}
# - {name: flux_nu, unit: erg / (cm2 Hz s), datatype: float64}
# meta: {C/O: '1.00', Kzz: '1.0000E+05', Teff: '1900.', Y: '0.28', '[Fe/H]': '0.00', f_hole: '1.00', f_rain: '0.00', grav: '18.'}
# schema: astropy-2.0
wav flux_nu
[from data line 497]
28850.056 1.6055612529002056e-06
28900.056 1.3446073012401285e-06
28950.056 1.778842586039721e-06
29000.056 1.4273576624094282e-06
29050.056 1.4564560402996675e-06
29100.056 1.2514292670800285e-06
29150.056 1.5567226058302958e-06
29200.056 1.4303452197804402e-06
29250.056 1.615186060410099e-06
29300.056 1.372993854259111e-06
29350.056 1.772778714449604e-06
29400.056 1.4553590697398123e-06
29450.056 1.4813682597799135e-06
29500.056 1.584231394879831e-06
29550.056 1.508324826040143e-06
29600.056 1.587322885869913e-06
29650.056 1.594640664979957e-06
29700.056 1.3632213544798028e-06
29750.056 1.7687334277509994e-06
29800.056 1.6995602038699697e-06
29850.056 1.6763333631597855e-06
29900.056 1.5044211731903787e-06
29950.056 1.7672040361996986e-06
30000.056 1.7637477976794384e-06
30050.056 1.6541453371098572e-06
30100.056 1.3216389429996192e-06
30150.056 2.055530591229793e-06
30200.056 1.816975635250209e-06
30250.056 1.7553780827106014e-06
30300.056 1.819170239289835e-06
30350.056 1.6376254050802938e-06
30400.056 2.0051996316204113e-06
30450.056 1.6247504421601673e-06
30500.056 1.5335662618202878e-06
30550.056 2.1132910408905313e-06
30600.056 2.022786259290287e-06
30650.056 2.0101801165400688e-06
30700.056 1.8931297709299847e-06
30750.056 1.7893306867000877e-06
30800.056 2.1562192132106032e-06
30850.056 1.863881774399926e-06
30900.056 1.8974824741798323e-06
30950.056 1.8211455592802534e-06
31000.056 2.0963050949899187e-06
31050.056 1.7369957156499911e-06
31100.056 2.0171956370499136e-06
31150.056 2.099281385779743e-06
31200.056 2.10370327804972e-06
31250.056 2.2579225585804707e-06
31300.056 2.005950488149778e-06
31350.056 2.050338561459996e-06
31400.056 2.058335997340466e-06
31450.056 2.0978098886101313e-06
31500.056 2.1403323411404774e-06
31550.056 1.9748317885100106e-06
31600.056 2.1085639618898687e-06
31650.056 2.203753350000016e-06
31700.056 2.2534836124999027e-06
31750.056 1.924232293600237e-06
31800.056 2.288854785760231e-06
31850.056 2.482633331870068e-06
31900.056 2.4300483029798453e-06
31950.056 1.8673492046897532e-06
32000.056 2.097804249850585e-06
32050.056 2.4536305565502156e-06
32100.056 2.4421408111695995e-06
32150.056 2.435195560720155e-06
32200.056 2.351309242169928e-06
32250.056 2.1978084237802094e-06
32300.056 2.441515921510168e-06
32350.056 2.553005166500341e-06
32400.056 2.324108765630004e-06
32450.056 2.2406565719902413e-06
32500.056 2.4534966036802775e-06
32550.056 2.720717232660127e-06
32600.056 2.698798492259833e-06
32650.056 2.5992906360409275e-06
32700.056 2.4677889512201576e-06
32750.056 2.604298841330034e-06
32800.056 2.3804512738802825e-06
32850.056 2.833219299459753e-06
32900.056 2.705845862039974e-06
32950.056 2.305973258369776e-06
33000.056 2.525966018920325e-06
33050.056 2.6125513089797196e-06
33100.056 2.7337606382091715e-06
33150.056 2.6501199592502194e-06
33200.056 2.418050002350613e-06
33250.056 2.648272420980017e-06
33300.056 2.8760721371001688e-06
33350.056 2.67007390828022e-06
33400.056 2.481652828759711e-06
33450.056 2.7227104396790596e-06
33500.056 2.7300387356602797e-06
33550.056 2.6618457012195862e-06
33600.056 2.727198365140676e-06
33650.056 2.8424529339806996e-06
33700.056 2.960217746089534e-06
33750.056 2.9458596424500646e-06
33800.056 2.8549303879600155e-06
33850.056 2.731976384580052e-06
33900.056 3.0963756435995286e-06
33950.056 2.714948976929605e-06
34000.056 2.7798921944292874e-06
34050.056 2.8284525575099903e-06
34100.056 3.068523529280419e-06
34150.056 2.9734809246997003e-06
34200.056 2.7958689536594513e-06
34250.056 3.1420836617996185e-06
34300.056 2.9008769013195457e-06
34350.056 3.039083382819657e-06
34400.056 2.7514732360295527e-06
34450.056 2.842765726559941e-06
34500.056 2.903075724300605e-06
34550.056 2.8078737679998335e-06
34600.056 2.978603493060127e-06
34650.056 2.980280304999965e-06
34700.056 2.85574336217941e-06
34750.056 3.0601918008602723e-06
34800.056 3.2283935364995336e-06
34850.056 2.8490207136201266e-06
34900.056 3.072772105870299e-06
34950.056 2.976224677719238e-06
35000.056 2.87547078758958e-06
35050.056 3.224789640500521e-06
35100.056 3.0611096345291777e-06
35150.056 3.0629546839598503e-06
35200.056 3.1429374062997006e-06
35250.056 2.7530722801501368e-06
35300.056 3.069551260770259e-06
35350.056 3.2370485864997418e-06
35400.056 3.0049367134197462e-06
35450.056 2.914600499820445e-06
35500.056 3.1775258732998215e-06
35550.056 2.978065906399898e-06
35600.056 2.8661492190795185e-06
35650.056 3.298347700600431e-06
35700.056 2.896885908600459e-06
35750.056 3.061716019209714e-06
35800.056 3.138748729299635e-06
35850.056 3.2038143330996707e-06
35900.056 3.360251172499541e-06
35950.056 3.1889057790998575e-06
36000.056 2.885702407899611e-06
36050.056 3.3412973990002843e-06
36100.056 3.428659106999716e-06
36150.056 3.0967140213803346e-06
36200.056 3.3600168607395307e-06
36250.056 3.0548830546893263e-06
36300.056 3.5825842619608236e-06
36350.056 3.4040034940995426e-06
36400.056 3.238309104799945e-06
36450.056 3.539747058299655e-06
36500.056 3.309871436900282e-06
36550.056 3.1672588744004995e-06
36600.056 3.2822312192003173e-06
36650.056 3.39752899340042e-06
36700.056 3.557324229600204e-06
36750.056 3.3224302978003685e-06
36800.056 3.3934809938995695e-06
36850.056 3.3765478578003356e-06
36900.056 3.5078948669006193e-06
36950.056 3.47729571949998e-06
37000.056 3.5566165651001657e-06
37050.056 3.5843159943999257e-06
37100.056 3.494578273300366e-06
37150.056 3.464852614699187e-06
37200.056 3.63442409580009e-06
37250.056 3.6602463795003215e-06
37300.056 3.668985023800737e-06
37350.056 3.4422872867005296e-06
37400.056 3.6168769712996083e-06
37450.056 3.6296941887003597e-06
37500.056 3.674164428599774e-06
37550.056 3.581455046799292e-06
37600.056 3.7884321096994433e-06
37650.056 3.505605038499601e-06
37700.056 3.542183208800103e-06
37750.056 3.815591020799437e-06
37800.056 3.8978355810999105e-06
37850.056 3.6865277733998233e-06
37900.056 3.78836853070027e-06
37950.056 3.837009966000194e-06
38000.056 3.6929073387005585e-06
38050.056 3.7659140951002347e-06
38100.056 3.6176901418002236e-06
38150.056 3.928768905899398e-06
38200.056 4.036489940899377e-06
38250.056 3.6670672094005936e-06
38300.056 3.617063187899929e-06
38350.056 3.7949663178998317e-06
38400.056 3.850643603299774e-06
38450.056 3.889288440800394e-06
38500.056 3.7938857017997722e-06
38550.056 3.7892313988002177e-06
38600.056 4.14704887169976e-06
38650.056 3.6334751066001835e-06
38700.056 3.737731127300635e-06
38750.056 3.890733091400009e-06
38800.056 3.83471322070049e-06
38850.056 3.816313453500349e-06
38900.056 3.715162431799865e-06
38950.056 3.910648948899571e-06
39000.056 3.8016266843001482e-06
39050.056 3.867677326499919e-06
39100.056 3.6579017495999463e-06
39150.056 3.7849095252001917e-06
39200.056 3.934791386600206e-06
39250.056 3.905484263599302e-06
39300.056 3.89064427739918e-06
39350.056 3.860943367500443e-06
39400.056 3.7868748797001085e-06
39450.056 3.8002839663997084e-06
39500.056 3.786743718499779e-06
39550.056 3.69345117813926e-06
39600.056 4.051078435000241e-06
39650.056 3.631661821800068e-06
39700.056 3.810843222299838e-06
39750.056 3.773732823399538e-06
39800.056 3.5910687149002372e-06
39850.056 3.6908484621997195e-06
39900.056 3.6424377328998655e-06
39950.056 3.843580287599851e-06
40000.056 3.521119097199769e-06
40050.056 3.3030548398999098e-06
40100.056 3.5873270842997505e-06
40150.056 3.3381736813993144e-06
40200.056 3.4808429019996288e-06
40250.056 3.534015934598893e-06
40300.056 3.1859103420502493e-06
40350.056 3.442865472800376e-06
40400.056 3.5037818862997764e-06
40450.056 3.2203585967007587e-06
40500.056 3.005245549100122e-06
40550.056 3.5369710704998007e-06
40600.056 3.159371105790305e-06
40650.056 3.228643636800678e-06
40700.056 3.4157010827003354e-06
40750.056 3.0045561370990347e-06
40800.056 2.983888934120485e-06
40850.056 2.812180475700645e-06
40900.056 2.803276200500617e-06
40950.056 3.0471516888599573e-06
41000.056 3.160142436800323e-06
41050.056 3.05389170109936e-06
41100.056 2.908382570500481e-06
41150.056 3.135960115300198e-06
41200.056 2.8966945436500054e-06
41250.056 2.9757894179002715e-06
41300.056 2.571373823699656e-06
41350.056 3.0703540114001913e-06
41400.056 2.91685435960007e-06
41450.056 2.7665177976000396e-06
41500.056 3.0136867459800537e-06
41550.056 2.9352191567600273e-06
41600.056 3.1162359896999435e-06
41650.056 2.7079753207005505e-06
41700.056 2.606166252159668e-06
41750.056 2.7579487719599737e-06
41800.056 2.6384228350996013e-06
41850.056 2.496714675510406e-06
41900.056 2.8399299888996473e-06
41950.056 2.4202102758505602e-06
42000.056 2.6696749840102223e-06
42050.056 2.425218236698987e-06
42100.056 2.7473226898204064e-06
42150.056 2.1759055413791377e-06
42200.056 2.3322942102000997e-06
42250.056 2.4646927171799352e-06
42300.056 2.117398906430032e-06
42350.056 2.528292740300657e-06
42400.056 2.1908486839404682e-06
42450.056 1.826711691680209e-06
42500.056 2.01189025756034e-06
42550.056 2.1470212703599664e-06
42600.056 2.070405313340482e-06
42650.056 1.7972207665689769e-06
42700.056 2.1336118578009043e-06
42750.056 1.9463342191901107e-06
42800.056 1.9207983437105348e-06
42850.056 2.03420273163971e-06
42900.056 1.9841491648301616e-06
42950.056 1.817209598149025e-06
43000.056 1.8910288802298641e-06
43050.056 1.8581971658810818e-06
43100.056 1.973178593679987e-06
43150.056 2.022480011240474e-06
43200.056 1.9782049069201397e-06
43250.056 1.9128201517701317e-06
43300.056 2.0122503500602015e-06
43350.056 1.8064824390099206e-06
43400.056 1.8498831215898307e-06
43450.056 1.9195655883608372e-06
43500.056 1.8306291053896122e-06
43550.056 1.945056638339971e-06
43600.056 1.9790594014801104e-06
43650.056 1.7506891417603835e-06
43700.056 1.6507205287096426e-06
43750.056 1.77635615922018e-06
43800.056 1.6761730260501947e-06
43850.056 1.7412641693604717e-06
43900.056 1.786847456669903e-06
43950.056 1.6865696814804537e-06
44000.056 1.5914477049903161e-06
44050.056 1.6012552691001177e-06
44100.056 1.6755343329003872e-06
44150.056 1.7688425221995718e-06
44200.056 1.6570029108399693e-06
44250.056 1.5880362961400116e-06
44300.056 1.5556954557203053e-06
44350.056 1.5642273899800713e-06
44400.056 1.6047878463899969e-06
44450.056 1.6855415983600135e-06
44500.056 1.7369768567203157e-06
44550.056 1.525631513639586e-06
44600.056 1.5869446541601957e-06
44650.056 1.6898134967001927e-06
44700.056 1.5425787341102075e-06
44750.056 1.6647218000997667e-06
44800.056 1.7169300279099127e-06
44850.056 1.6952797893500602e-06
44900.056 1.5820791161002922e-06
44950.056 1.4727914723299175e-06
45000.056 1.6520584006499048e-06
45050.056 1.640719144679754e-06
45100.056 1.6927365656198285e-06
45150.056 1.6252086087999854e-06
45200.056 1.4880430634299406e-06
45250.056 1.534797235339704e-06
45300.056 1.5953291972901161e-06
45350.056 1.705127524639807e-06
45400.056 1.638372850620259e-06
45450.056 1.4840938465397917e-06
45500.056 1.5049943246699382e-06
45550.056 1.702551311539795e-06
45600.056 1.5922309576899297e-06
45650.056 1.4072705479095913e-06
45700.056 1.6397587818102048e-06
45750.056 1.5430193668698739e-06
45800.056 1.5217185382299558e-06
45850.056 1.7522756559300236e-06
45900.056 1.7753814025801295e-06
45950.056 1.5316049448499334e-06
46000.056 1.8060623854799661e-06
46050.056 1.7562970855803577e-06
46100.056 1.5217681362801087e-06
46150.056 1.5910955876599724e-06
46200.056 1.7903709453903956e-06
46250.056 1.4529524958998948e-06
46300.056 1.8431750213498637e-06
46350.056 1.481414835639843e-06
46400.056 1.589376392429768e-06
46450.056 1.5774851182404133e-06
46500.056 1.4973198844199123e-06
46550.056 1.7584783398999306e-06
46600.056 1.6078873352098975e-06
46650.056 2.0124627337599813e-06
46700.056 1.8621933181504907e-06
46750.056 1.5410955123298518e-06
46800.056 1.724526053770321e-06
46850.056 1.7861021564401119e-06
46900.056 1.7135005750496146e-06
46950.056 1.8490898589701827e-06
47000.056 1.6968092193099415e-06
47050.056 1.795299741439654e-06
47100.056 1.5987561910101371e-06
47150.056 1.7020941309703943e-06
47200.056 1.7151480217105413e-06
47250.056 1.628366037699511e-06
47300.056 1.6657434107495006e-06
47350.056 1.4267371694096388e-06
47400.056 1.7640008795395148e-06
47450.056 1.7233487400898588e-06
47500.056 1.6774932889794852e-06
47550.056 1.6185818767196125e-06
47600.056 1.8146077366699491e-06
47650.056 1.309660440389596e-06
47700.056 1.8079382890301185e-06
47750.056 1.2736643137803996e-06
47800.056 1.800620408149803e-06
47850.056 1.4092121144094853e-06
47900.056 1.8397178586501418e-06
47950.056 1.329675725400372e-06
48000.056 1.9817483353000167e-06
48050.056 1.4582438140903437e-06
48100.056 1.5909256094199982e-06
48150.056 1.4694679274502036e-06
48200.056 1.8191945236904928e-06
48250.056 1.5071790103596873e-06
48300.056 1.9545428378597104e-06
48350.056 1.344546356649796e-06
48400.056 1.8147023713799745e-06
48450.056 1.535898728690162e-06
48500.056 1.946110811340049e-06
48550.056 1.4049455039700785e-06
48600.056 1.7755435402898133e-06
48650.056 1.391127437449978e-06
48700.056 1.6738759368700626e-06
48750.056 1.2859234064502832e-06
48800.056 1.9827213149901245e-06
48850.056 1.4350692424797343e-06
48900.056 1.7577747982100697e-06
48950.056 1.6683530290001973e-06
49000.056 1.6168240775298535e-06
49050.056 1.6452408785998605e-06
49100.056 1.5808496547101426e-06
49150.056 1.6272897819601467e-06
49200.056 1.678682885149963e-06
49250.056 1.6139740803101173e-06
49300.056 1.4606056163897756e-06
49350.056 1.468641051180034e-06
49400.056 1.781698506450268e-06
49450.056 1.5180141143703837e-06
49500.056 1.613046143160216e-06
49550.056 1.4246801106500236e-06
49600.056 1.5362043483203943e-06
49650.056 1.564809391130232e-06
49700.056 1.3523562055298882e-06
49750.056 1.945246084919584e-06
49800.056 1.5846571919100485e-06
49850.056 1.851780739660014e-06
49900.056 1.5327994401301488e-06
49950.056 1.6596849390693916e-06
50000.056 1.5699705608596132e-06
50050.056 1.62146573775017e-06
50100.056 1.6680916741298303e-06
50150.056 1.5049138735999947e-06
50200.056 1.3561710228501407e-06
50250.056 1.4942745670401032e-06
50300.056 1.4660495277497531e-06
50350.056 1.6255839071300379e-06
50400.056 1.5335782962300964e-06
50450.056 1.470486451690193e-06
50500.056 1.9104705958003486e-06
50550.056 1.5623334034198607e-06
50600.056 1.6431717638001556e-06
50650.056 1.57252416131044e-06
50700.056 1.6898390418193608e-06
50750.056 1.6443957573202194e-06
50800.056 1.3809201154699506e-06
50850.056 1.5560289142802754e-06
50900.056 1.5764342377199618e-06
50950.056 1.7057209720802425e-06
51000.056 1.8634422552602025e-06
51050.056 1.4400625514702964e-06
51100.056 1.4495193660098809e-06
51150.056 1.6350204215700046e-06
51200.056 1.56404896705987e-06
51250.056 1.710262708059969e-06
51300.056 1.4980248208405368e-06
51350.056 1.6299864184096837e-06
51400.056 1.5396100600095155e-06
51450.056 1.1664776135898214e-06
51500.056 1.6083395487198732e-06
51550.056 1.8994585629201815e-06
51600.056 1.3262485653899799e-06
51650.056 1.556726705109722e-06
51700.056 1.4031707221495395e-06
51750.056 1.420450579860119e-06
51800.056 1.6132187016198253e-06
51850.056 1.6665713648399377e-06
51900.056 1.7117214089603126e-06
51950.056 1.540618207399822e-06
52000.056 1.4121303425599614e-06
52050.056 1.6119026820998834e-06
52100.056 1.549703519399606e-06
52150.056 1.5609590131702488e-06
52200.056 1.4992673894201054e-06
52250.056 1.5116319386899902e-06
52300.056 1.5523139666399872e-06
52350.056 1.7997443134002263e-06
52400.056 1.3608419526700377e-06
52450.056 1.5313950909299207e-06
52500.056 1.6362882354795213e-06
52550.056 1.5045441220495238e-06
52600.056 1.6098706288602033e-06
52650.056 1.8193633099203643e-06
52700.056 1.5681358647300335e-06
52750.056 1.2600954536998245e-06
52800.056 1.4374428855801939e-06
52850.056 1.3660723416798512e-06
52900.056 1.4981618485902037e-06
52950.056 1.496363896699665e-06
53000.056 1.6501651420498117e-06
53050.056 1.5478560299297426e-06
53100.056 1.3671274599695948e-06
53150.056 1.7021899664603885e-06
53200.056 1.251892728380266e-06
53250.056 1.7864760884498838e-06
