galfind/configs/Brown_Dwarf_templates/sonora_bobcat/m0.0/17g/sp_t2300g17nc_m0.0_resample.dat
# %ECSV 1.0
# ---
# datatype:
# - {name: wav, unit: Angstrom, datatype: float64}
# - {name: flux_nu, unit: erg / (cm2 Hz s), datatype: float64}
# meta: {C/O: '1.00', Kzz: '1.0000E+05', Teff: '2300.', Y: '0.28', '[Fe/H]': '0.00', f_hole: '1.00', f_rain: '0.00', grav: '18.'}
# schema: astropy-2.0
wav flux_nu
4000.0559999999996 nan
4050.0559999999996 2.1819018332114224e-08
4100.056 2.0349229149601536e-08
4150.056 1.647280541048179e-08
4200.056 1.2659444915994267e-08
4250.056 1.1195315932303926e-08
4300.056 7.364005429602277e-09
4350.056 7.903625777569647e-09
4400.056 7.562860446022177e-09
4450.056 4.080462268380313e-09
4500.056 4.706738753890622e-09
4550.056 5.974093497938035e-09
4600.056 4.739245110168793e-09
4650.056 3.43442924569075e-09
4700.056 4.21739676780141e-09
4750.056 5.662693972477572e-09
4800.056 3.741348627999581e-09
4850.056 4.829329084731998e-09
4900.056 1.0949735303947796e-08
4950.056 1.3325520496190356e-08
5000.056 6.206980421650847e-09
5050.056 8.285416645133982e-09
5100.056 2.0870391394723498e-08
5150.056 2.466788380414669e-08
5200.056 1.0870981404711529e-08
5250.056 1.3935973748648138e-08
5300.056 1.7115862796521337e-08
5350.056 1.5189250378202955e-08
5400.056 1.7191355270599226e-08
5450.056 1.3279235768227232e-08
5500.056 1.0377308646307783e-08
5550.056 1.537792798059827e-08
5600.056 9.651156076700175e-09
5650.056 7.329043700001425e-09
5700.056 1.1099040669501677e-08
5750.056 1.3555847624498387e-08
5800.056 1.9126544200599223e-08
5850.056 1.3665721420401783e-08
5900.056 3.735911334437702e-09
5950.056 7.505306631700532e-09
6000.056 1.2522958696999059e-08
6050.056 2.1880699780202828e-08
6100.056 3.1510583480099816e-08
6150.056 3.034548126719104e-08
6200.056 1.0375281475701509e-08
6250.056 1.0848658806501885e-08
6300.056 1.829831467120071e-08
6350.056 2.759930641830262e-08
6400.056 3.806432377100397e-08
6450.056 5.486800283377763e-08
6500.056 5.2258036452482706e-08
6550.056 6.953582708997724e-08
6600.056 5.023489898000805e-08
6650.056 3.4359830977206106e-08
6700.056 2.5581185603022507e-08
6750.056 2.980578757930613e-08
6800.056 3.500060806150015e-08
6850.056 5.0427354769996405e-08
6900.056 7.810613238799447e-08
6950.056 1.1654891827097642e-07
7000.056 1.884481446089768e-07
7050.056 1.7009457927532922e-07
7100.056 7.59175077220903e-08
7150.056 4.264899221551336e-08
7200.056 7.020911537399169e-08
7250.056 1.1809805326101627e-07
7300.056 2.3170665137205547e-07
7350.056 3.8080572548797863e-07
7400.056 5.522372593500111e-07
7450.056 6.628059297999427e-07
7500.056 7.753855864100213e-07
7550.056 8.802896207900364e-07
7600.056 5.778134891549738e-07
7650.056 2.546251045877828e-07
7700.056 1.71729769662189e-07
7750.056 2.739301347581006e-07
7800.056 3.162357104341074e-07
7850.056 3.314463702239842e-07
7900.056 4.002924949250707e-07
7950.056 4.373652010260546e-07
8000.056 5.395509474229055e-07
8050.056 8.048035238198724e-07
8100.056 1.1394878163502677e-06
8150.056 1.5629836931200963e-06
8200.056 1.2523596217597964e-06
8250.056 1.25439497004994e-06
8300.056 9.842553018402715e-07
8350.056 1.0384794884303533e-06
8400.056 1.053121052260231e-06
8450.056 5.455853642798593e-07
8500.056 4.7557058808025995e-07
8550.056 6.316764431100159e-07
8600.056 8.147940543197105e-07
8650.056 1.1049170301498867e-06
8700.056 1.3703618829502516e-06
8750.056 1.7078555617500005e-06
8800.056 2.1609188800905824e-06
8850.056 2.010603298000166e-06
8900.056 1.3892085698399046e-06
8950.056 1.5159408414698293e-06
9000.056 1.838209356650223e-06
9050.056 2.01542451630938e-06
9100.056 2.4686533836102124e-06
9150.056 2.8099858474899838e-06
9200.056 2.6644973801704534e-06
9250.056 1.7812653301497086e-06
9300.056 1.5238150276100966e-06
9350.056 1.7170640237696765e-06
9400.056 1.8967783749705914e-06
9450.056 2.1045229181594225e-06
9500.056 2.4994881397497633e-06
9550.056 2.8010938255605818e-06
9600.056 3.050393405760735e-06
9650.056 3.393689598150967e-06
9700.056 3.6500132841696494e-06
9750.056 2.9601403240800916e-06
9800.056 3.243987933289808e-06
9850.056 3.1719344501999738e-06
9900.056 3.2356347565501007e-06
9950.056 3.367992601070206e-06
10000.056 3.434694981089771e-06
10050.056 3.2708930433701536e-06
10100.056 3.711307554531537e-06
10150.056 3.5986755331095197e-06
10200.056 3.822078497699041e-06
10250.056 3.8049068367185287e-06
10300.056 3.868149100459749e-06
10350.056 4.221262161729617e-06
10400.056 4.363746476600298e-06
10450.056 4.648168452450279e-06
10500.056 4.707678375948964e-06
10550.056 4.8349396970804575e-06
10600.056 5.071047630140473e-06
10650.056 5.282648894219255e-06
10700.056 5.561709394300148e-06
10750.056 5.804401167500187e-06
10800.056 5.926692751299703e-06
10850.056 6.141528379200035e-06
10900.056 5.973159986099642e-06
10950.056 5.764819989798618e-06
11000.056 5.638219023600245e-06
11050.056 4.399800937399194e-06
11100.056 4.702997890741019e-06
11150.056 4.880342388789448e-06
11200.056 4.9491490779901025e-06
11250.056 5.3624275243899985e-06
11300.056 5.45386335374013e-06
11350.056 5.279409934609917e-06
11400.056 5.018161139780104e-06
11450.056 5.554636859248861e-06
11500.056 5.853796160599292e-06
11550.056 5.798302689560121e-06
11600.056 5.910458197078983e-06
11650.056 6.14884560619069e-06
11700.056 5.871818688079678e-06
11750.056 5.884512681909661e-06
11800.056 5.8962600154699975e-06
11850.056 6.266179700400139e-06
11900.056 6.3029165908988354e-06
11950.056 6.4274151462997296e-06
12000.056 6.396174902600394e-06
12050.056 6.652364842600672e-06
12100.056 6.728848856900165e-06
12150.056 6.99361889019988e-06
12200.056 7.172725605799889e-06
12250.056 7.363142972199293e-06
12300.056 7.466412958900863e-06
12350.056 7.571192835700519e-06
12400.056 7.343637750899354e-06
12450.056 6.74792719657994e-06
12500.056 7.143978956899116e-06
12550.056 7.157473337299851e-06
12600.056 7.0875669408e-06
12650.056 7.379641769699474e-06
12700.056 7.540706784699349e-06
12750.056 7.564930280800472e-06
12800.056 7.898432571799076e-06
12850.056 7.896006069200024e-06
12900.056 7.916018618499842e-06
12950.056 8.133218306098686e-06
13000.056 8.248533369399316e-06
13050.056 8.306669976599637e-06
13100.056 8.247399829999095e-06
13150.056 8.296442396499767e-06
13200.056 8.127565221699455e-06
13250.056 7.87523055253017e-06
13300.056 7.232481788978928e-06
13350.056 5.499116883630579e-06
13400.056 5.380190636419931e-06
13450.056 4.987119643489706e-06
13500.056 5.0258371423796246e-06
13550.056 4.865150807412178e-06
13600.056 4.499938069019954e-06
13650.056 4.689611346600037e-06
13700.056 4.400536101380243e-06
13750.056 4.430609870979147e-06
13800.056 4.762554587251101e-06
13850.056 4.78368833872947e-06
13900.056 4.661313359180031e-06
13950.056 4.51454720737979e-06
14000.056 4.31425458456019e-06
14050.056 4.379891074471131e-06
14100.056 4.111856478900695e-06
14150.056 4.057665200790379e-06
14200.056 3.919457760560563e-06
14250.056 3.899751740969133e-06
14300.056 3.931858315209354e-06
14350.056 3.965760212410361e-06
14400.056 4.08124603859023e-06
14450.056 4.251623718210255e-06
14500.056 4.42953572690959e-06
14550.056 4.438699873020003e-06
14600.056 4.544981942520997e-06
14650.056 4.494898448388747e-06
14700.056 4.274828380369428e-06
14750.056 4.436818234330458e-06
14800.056 4.474972710250777e-06
14850.056 4.691859360929137e-06
14900.056 4.7231780367397066e-06
14950.056 4.755352046050719e-06
15000.056 4.835142135600673e-06
15050.056 5.134171624499252e-06
15100.056 5.107771449000696e-06
15150.056 5.261421673100268e-06
15200.056 5.387250880999697e-06
15250.056 5.373672656099757e-06
15300.056 5.563254613699998e-06
15350.056 5.663482653100273e-06
15400.056 5.750309883900049e-06
15450.056 5.91624213900042e-06
15500.056 5.982516239899165e-06
15550.056 6.1880229416998084e-06
15600.056 6.1828263333007145e-06
15650.056 6.3513296196999224e-06
15700.056 6.614514105901766e-06
15750.056 6.763118798999489e-06
15800.056 6.846967475200713e-06
15850.056 6.892713045000321e-06
15900.056 6.996002292500711e-06
15950.056 7.149306270899897e-06
16000.056 7.258081081999439e-06
16050.056 7.446422214500122e-06
16100.056 7.53883305910019e-06
16150.056 7.622931100000364e-06
16200.056 7.742689199199496e-06
16250.056 7.863204300199971e-06
16300.056 7.919426462200064e-06
16350.056 8.166013630899509e-06
16400.056 8.19899569780114e-06
16450.056 8.364069100400393e-06
16500.056 8.469468078100844e-06
16550.056 8.694202796099536e-06
16600.056 8.545146056200692e-06
16650.056 8.968703299300663e-06
16700.056 8.862397517498872e-06
16750.056 9.01126280019931e-06
16800.056 9.145943552900402e-06
16850.056 9.117645365799561e-06
16900.056 9.047854962399629e-06
16950.056 8.970734770999738e-06
17000.056 8.888282959501059e-06
17050.056 8.786866647500322e-06
17100.056 8.454171588199689e-06
17150.056 8.273360567099519e-06
17200.056 7.907307659599832e-06
17250.056 7.737812212299894e-06
17300.056 7.87792550019941e-06
17350.056 7.550229691599396e-06
17400.056 7.72775507036026e-06
17450.056 7.352057405897422e-06
17500.056 7.1841690548492144e-06
17550.056 7.130790808380089e-06
17600.056 6.952453166350473e-06
17650.056 7.0112489091186305e-06
17700.056 6.533491380148818e-06
17750.056 6.318425051280285e-06
17800.056 6.241024858991477e-06
17850.056 6.122340442170819e-06
17900.056 6.080212104970053e-06
17950.056 5.933429579839185e-06
18000.056 5.651681437870423e-06
18050.056 5.6907045811023775e-06
18100.056 5.5230476864202205e-06
18150.056 5.834642578191886e-06
18200.056 5.315859077959868e-06
18250.056 5.713207928799017e-06
18300.056 5.589128453419295e-06
18350.056 5.445909212050407e-06
18400.056 5.340135228270049e-06
18450.056 5.019595274472287e-06
18500.056 5.077499700270814e-06
18550.056 4.946644911449948e-06
18600.056 4.399136156467876e-06
18650.056 4.895680511400989e-06
18700.056 5.114515867780548e-06
18750.056 4.930822445522363e-06
18800.056 4.947064225261986e-06
18850.056 5.4347089638394616e-06
18900.056 5.284673126048499e-06
18950.056 5.251554334259589e-06
19000.056 5.506582588949005e-06
19050.056 5.415185343900113e-06
19100.056 5.437872901911762e-06
19150.056 5.613217868459749e-06
19200.056 5.600518351101229e-06
19250.056 5.413671832378782e-06
19300.056 5.554528749019511e-06
19350.056 5.70032057542949e-06
19400.056 5.468712653928718e-06
19450.056 5.649273109150957e-06
19500.056 5.691741958709485e-06
19550.056 5.332311465991002e-06
19600.056 5.774065698849202e-06
19650.056 5.652875063937391e-06
19700.056 5.717670821280469e-06
19750.056 5.494804092200191e-06
19800.056 5.649289203879306e-06
19850.056 5.558741595991653e-06
19900.056 5.341243091971965e-06
19950.056 5.706015215899796e-06
20000.056 5.231020500810892e-06
20050.056 5.4260644965313586e-06
20100.056 5.531096006776951e-06
20150.056 5.407977429161296e-06
20200.056 5.498018841338515e-06
20250.056 5.656469909930411e-06
20300.056 5.629921598080554e-06
20350.056 5.6290434635995905e-06
20400.056 5.58896789979758e-06
20450.056 5.816242421499682e-06
20500.056 5.75019201560015e-06
20550.056 5.855245347599503e-06
20600.056 6.041124449300591e-06
20650.056 5.892331025301151e-06
20700.056 6.063358986699865e-06
20750.056 6.072917157899174e-06
20800.056 6.230189330900278e-06
20850.056 6.232915175100025e-06
20900.056 6.386633449799862e-06
20950.056 6.431569386599674e-06
21000.056 6.6285084305995515e-06
21050.056 6.623566873400271e-06
21100.056 6.679297129200039e-06
21150.056 6.913225894400346e-06
21200.056 6.8866419246005534e-06
21250.056 7.0838997529992736e-06
21300.056 6.940668067099804e-06
21350.056 7.2425567839004235e-06
21400.056 7.110385941900344e-06
21450.056 7.552914901900117e-06
21500.056 7.303064190700281e-06
21550.056 7.446135505699604e-06
21600.056 7.607604907500537e-06
21650.056 7.608216410100487e-06
21700.056 7.803561390199589e-06
21750.056 7.736742564799944e-06
21800.056 7.748837316399878e-06
21850.056 7.845309061499861e-06
21900.056 7.973635613900674e-06
21950.056 7.926559745500484e-06
22000.056 8.157158524799448e-06
22050.056 7.989593369499332e-06
22100.056 8.155181706799756e-06
22150.056 8.238230537800623e-06
22200.056 8.101897723301269e-06
22250.056 8.446853283700365e-06
22300.056 8.373130218899563e-06
22350.056 8.270943885300337e-06
22400.056 8.544780289200154e-06
22450.056 8.480360589299134e-06
22500.056 8.581888446699747e-06
22550.056 8.533473079998872e-06
22600.056 8.500959135699604e-06
22650.056 8.583770324201371e-06
22700.056 8.56075396690131e-06
22750.056 8.739053751699359e-06
22800.056 8.558392873399966e-06
22850.056 8.653728571100697e-06
22900.056 8.816491198099236e-06
22950.056 7.4084120863008145e-06
23000.056 8.030277119500539e-06
23050.056 8.17752081389859e-06
23100.056 7.99905199423034e-06
23150.056 8.073708009490962e-06
23200.056 8.120883790040116e-06
23250.056 7.176276337808049e-06
23300.056 7.5672107995604834e-06
23350.056 7.631706345799845e-06
23400.056 7.513856618200267e-06
23450.056 7.64455524449999e-06
23500.056 7.377048784298471e-06
23550.056 6.826938272002332e-06
23600.056 7.0438544494015705e-06
23650.056 7.366449940598805e-06
23700.056 7.323843800798235e-06
23750.056 7.253116417400417e-06
23800.056 7.182288955341115e-06
23850.056 6.325198695430413e-06
23900.056 6.691801227399405e-06
23950.056 6.822309301001978e-06
24000.056 6.570499410699141e-06
24050.056 6.410573448901385e-06
24100.056 6.062368406298239e-06
24150.056 5.930846966700652e-06
24200.056 6.015163098098552e-06
24250.056 5.9721522180009515e-06
24300.056 5.6619276921002345e-06
24350.056 5.536522735499929e-06
24400.056 5.828574430099707e-06
24450.056 5.532203251300318e-06
24500.056 5.176527424200276e-06
24550.056 5.168185096979502e-06
24600.056 5.102441373271041e-06
24650.056 5.439764203279498e-06
24700.056 4.924816059479912e-06
24750.056 4.762855137431216e-06
24800.056 4.6439467253403155e-06
24850.056 5.055882830680496e-06
24900.056 4.46297658909236e-06
24950.056 5.061891621509413e-06
25000.056 4.597272752400384e-06
25050.056 4.2182571303107485e-06
25100.056 4.62785282237972e-06
25150.056 4.261285080570667e-06
25200.056 4.455824345219188e-06
25250.056 4.4023553514187976e-06
25300.056 4.396668356070592e-06
25350.056 4.140563380559839e-06
25400.056 4.196690717991529e-06
25450.056 4.135060154310416e-06
25500.056 4.259888081101504e-06
25550.056 4.040712332569821e-06
25600.056 4.14698833603999e-06
25650.056 3.920926884239606e-06
25700.056 4.343244475168116e-06
25750.056 3.826379184390987e-06
25800.056 4.19774163695048e-06
25850.056 4.070495816979482e-06
25900.056 4.207340217951182e-06
25950.056 4.053239188751087e-06
26000.056 4.049596163900708e-06
26050.056 4.497787332200289e-06
26100.056 4.2187958461011515e-06
26150.056 4.293911698199055e-06
26200.056 4.065550906100406e-06
26250.056 4.1083978889011815e-06
26300.056 4.206082957599763e-06
26350.056 4.0204688846994155e-06
26400.056 4.11997515739934e-06
26450.056 4.058512059800385e-06
26500.056 4.1996690493987396e-06
26550.056 4.353754670898998e-06
26600.056 4.679188367698868e-06
26650.056 4.2482551281988515e-06
26700.056 4.290787361499336e-06
26750.056 4.239796681598585e-06
26800.056 4.358895972998624e-06
26850.056 4.239479326100757e-06
26900.056 4.586073009299989e-06
26950.056 3.712658338900504e-06
27000.056 4.410382462501117e-06
27050.056 4.066933199499002e-06
27100.056 4.016193276199676e-06
27150.056 4.123583979099621e-06
27200.056 4.087724025000856e-06
27250.056 3.859101643001993e-06
27300.056 3.929711551600163e-06
27350.056 3.966241676098656e-06
27400.056 3.7135150316002208e-06
27450.056 4.091479720798575e-06
27500.056 3.855548889000501e-06
27550.056 3.94979320709999e-06
27600.056 4.00252052839957e-06
27650.056 3.621696122999718e-06
27700.056 3.717839001300731e-06
27750.056 4.0695173101977086e-06
27800.056 3.4667058748001477e-06
27850.056 3.7027612240988486e-06
27900.056 3.6590349733999395e-06
27950.056 3.9491353280995554e-06
28000.056 3.907941755600857e-06
28050.056 3.4348582757004495e-06
28100.056 4.041830791302129e-06
28150.056 3.542940962500315e-06
28200.056 3.238949640700237e-06
28250.056 3.5837869581998153e-06
28300.056 3.931387905201071e-06
28350.056 3.7075690208988e-06
28400.056 3.6002594469001852e-06
28450.056 3.5360900136993655e-06
28500.056 3.665821878299438e-06
28550.056 3.3063943039990093e-06
28600.056 3.870349514500628e-06
28650.056 3.8036176151996054e-06
28700.056 3.5388445641992977e-06
28750.056 3.730968909099649e-06
28800.056 3.6897380646005273e-06
28850.056 3.7682801069000733e-06
28900.056 3.4786827644005487e-06
28950.056 4.075120717999206e-06
29000.056 3.451402563598827e-06
