galfind/configs/Brown_Dwarf_templates/sonora_bobcat/m0.0/17g/sp_t475g17nc_m0.0_resample.dat
# %ECSV 1.0
# ---
# datatype:
# - {name: wav, unit: Angstrom, datatype: float64}
# - {name: flux_nu, unit: erg / (cm2 Hz s), datatype: float64}
# meta: {C/O: '1.00', Kzz: '1.0000E+05', Teff: '475.', Y: '0.28', '[Fe/H]': '0.00', f_hole: '1.00', f_rain: '0.00', grav: '18.'}
# schema: astropy-2.0
wav flux_nu
4000.0559999999996 nan
4050.0559999999996 3.1221031412043534e-17
4100.056 7.467519480220141e-15
4150.056 6.222827764300069e-14
4200.056 6.08394334988819e-14
4250.056 4.1459587908000134e-13
4300.056 8.31979426220013e-13
4350.056 1.3335093589400128e-12
4400.056 1.9941350527000183e-12
4450.056 2.913448773900005e-12
4500.056 3.766279796500063e-12
4550.056 3.835869911928949e-12
4600.056 1.6610355324419976e-12
4650.056 1.0322281975899872e-12
4700.056 4.952033100999962e-13
4750.056 1.1663251894499805e-13
4800.056 2.398914129149967e-14
4850.056 5.0730624948999314e-15
4900.056 1.8048110055999903e-15
4950.056 9.927681545399968e-16
5000.056 6.09699220399995e-16
5050.056 4.571419103200038e-16
5100.056 5.06800173150007e-16
5150.056 5.869464880100094e-16
5200.056 6.766258863300031e-16
5250.056 7.686236701600012e-16
5300.056 8.740822978600009e-16
5350.056 9.977111228700016e-16
5400.056 1.1260773836000007e-15
5450.056 1.279052751140011e-15
5500.056 1.4518087332000165e-15
5550.056 1.633837334700005e-15
5600.056 1.8043741145000024e-15
5650.056 1.944287167299996e-15
5700.056 1.9877687621000023e-15
5750.056 1.9708512220000005e-15
5800.056 1.770390712599995e-15
5850.056 1.2316660436499759e-15
5900.056 3.6070591606983166e-16
5950.056 2.4495878845201067e-15
6000.056 5.363265385299899e-15
6050.056 9.73371744400021e-15
6100.056 1.5895230322700196e-14
6150.056 2.4198677683000182e-14
6200.056 3.527486708000021e-14
6250.056 4.8911448521999965e-14
6300.056 6.811581528600018e-14
6350.056 9.298722395200073e-14
6400.056 1.2436240097400074e-13
6450.056 1.5233757621699351e-13
6500.056 2.024367864008961e-13
6550.056 2.7269459518899684e-13
6600.056 3.687120679540192e-13
6650.056 4.995689927750044e-13
6700.056 6.501732268140065e-13
6750.056 8.914039512600065e-13
6800.056 1.1109081416400199e-12
6850.056 1.2802677094600065e-12
6900.056 1.2242976383000456e-12
6950.056 1.1140223620955778e-12
7000.056 1.2498406477910144e-12
7050.056 1.3440190772589677e-12
7100.056 1.5009654297459476e-12
7150.056 1.3321702776238437e-12
7200.056 1.2422373379057432e-12
7250.056 1.3974538634451337e-12
7300.056 1.4667892739107579e-12
7350.056 1.6423946201712682e-12
7400.056 1.8178841548651188e-12
7450.056 2.016277527810143e-12
7500.056 2.1267505565299697e-12
7550.056 2.1030886040999866e-12
7600.056 1.9075743807999887e-12
7650.056 6.062883939584728e-13
7700.056 4.137627843640169e-13
7750.056 2.07244420130003e-12
7800.056 3.2325740758999824e-12
7850.056 4.91018066989997e-12
7900.056 6.52052783367973e-12
7950.056 7.433572659084002e-12
8000.056 1.0105662583630015e-11
8050.056 1.2107968258700387e-11
8100.056 1.1369170952825781e-11
8150.056 1.2018243821203562e-11
8200.056 1.7479453325552645e-11
8250.056 2.0035805211745585e-11
8300.056 2.446634160153522e-11
8350.056 2.5383958873002012e-11
8400.056 2.9929537883780244e-11
8450.056 3.935777077913833e-11
8500.056 4.5378885549197254e-11
8550.056 6.021304349600085e-11
8600.056 7.657352284500116e-11
8650.056 9.132248668100237e-11
8700.056 9.947045328100214e-11
8750.056 1.154308556060007e-10
8800.056 1.2269142391400293e-10
8850.056 1.0105276514059198e-10
8900.056 2.2222612842681745e-11
8950.056 3.183041906616242e-11
9000.056 2.3051681119121655e-11
9050.056 8.146884013815671e-11
9100.056 1.137642584773108e-10
9150.056 1.4763551770450426e-10
9200.056 2.623090088351196e-10
9250.056 2.742337201154999e-10
9300.056 5.306092655066608e-11
9350.056 6.307688788293318e-11
9400.056 1.2319404213944656e-10
9450.056 1.5694031739075554e-10
9500.056 1.3375966959454506e-10
9550.056 1.6335822141531177e-10
9600.056 1.505371643949299e-10
9650.056 2.1232870546857137e-10
9700.056 3.353507477388689e-10
9750.056 3.183070686964763e-10
9800.056 3.3763296126085027e-10
9850.056 3.7284244700926463e-10
9900.056 4.876254703425355e-10
9950.056 4.1377670505571547e-10
10000.056 4.812144962801805e-10
10050.056 5.594046313330671e-10
10100.056 7.901372595378397e-10
10150.056 8.519789547609773e-10
10200.056 9.404110747163393e-10
10250.056 1.1957062386005099e-09
10300.056 1.636471642114188e-09
10350.056 1.875972281822954e-09
10400.056 3.124335346066044e-09
10450.056 4.270108320127175e-09
10500.056 5.453241541488513e-09
10550.056 6.9516806500404234e-09
10600.056 7.749732719349497e-09
10650.056 8.395622290701279e-09
10700.056 8.067365867635436e-09
10750.056 8.375734220168617e-09
10800.056 7.832206405100376e-09
10850.056 6.455277721673513e-09
10900.056 3.994515610058636e-09
10950.056 1.6805582541895957e-09
11000.056 1.0940339446024354e-09
11050.056 6.074759898956572e-10
11100.056 3.020672141879975e-10
11150.056 9.876694573578314e-11
11200.056 4.8660165060636605e-11
11250.056 5.5446738222941386e-11
11300.056 1.0949079889488798e-10
11350.056 3.038009238219618e-11
11400.056 8.078625516067583e-11
11450.056 6.680855259932152e-11
11500.056 3.650390510746215e-11
11550.056 5.715181466489445e-12
11600.056 5.38209924468939e-12
11650.056 2.3731092249335005e-11
11700.056 2.3994818913309577e-11
11750.056 2.9116982533516296e-12
11800.056 2.5863804179819362e-11
11850.056 4.780638799074771e-11
11900.056 4.9528282697637026e-11
11950.056 8.726311980655925e-11
12000.056 1.7354996605284338e-10
12050.056 3.3926239344785704e-10
12100.056 6.604014535031787e-10
12150.056 1.1997110976965896e-09
12200.056 1.6745213384383435e-09
12250.056 2.9306905894861962e-09
12300.056 4.905431020668962e-09
12350.056 5.3496138319299005e-09
12400.056 8.700788370765434e-09
12450.056 1.2625432521308172e-08
12500.056 1.4551360027272148e-08
12550.056 1.7640330330706988e-08
12600.056 2.0532655956637864e-08
12650.056 2.097867538759812e-08
12700.056 2.0888221294487712e-08
12750.056 1.6149059662421908e-08
12800.056 1.2399090398386055e-08
12850.056 7.52081777155528e-09
12900.056 5.39613136815479e-09
12950.056 4.254852676771008e-09
13000.056 3.5634200070524556e-09
13050.056 2.0870229174782922e-09
13100.056 1.7189845401417624e-09
13150.056 1.036281738386865e-09
13200.056 8.530535787174403e-10
13250.056 6.19456421786971e-10
13300.056 2.171201209094128e-10
13350.056 6.188072745891966e-11
13400.056 4.735019125697389e-11
13450.056 1.5924354787974266e-11
13500.056 7.040691502553433e-12
13550.056 3.243000481700388e-12
13600.056 5.448933497377904e-13
13650.056 4.347452317162171e-12
13700.056 2.5799097712172525e-12
13750.056 3.325092082287529e-12
13800.056 2.6096023513804447e-12
13850.056 1.6870551668653998e-12
13900.056 2.733372493452067e-12
13950.056 1.746532267377883e-12
14000.056 2.0787144589788617e-12
14050.056 3.679558332839626e-12
14100.056 4.791196599369633e-12
14150.056 9.293150629514168e-12
14200.056 5.755518863796012e-12
14250.056 9.352156620841377e-12
14300.056 1.9372028196524466e-11
14350.056 2.291307649237171e-11
14400.056 2.6736107735210825e-11
14450.056 4.0684278471573906e-11
14500.056 8.912132179401784e-11
14550.056 1.0259866721088941e-10
14600.056 1.184885360221363e-10
14650.056 7.900862520581471e-11
14700.056 4.091468584421193e-11
14750.056 2.3300140197836696e-11
14800.056 5.177305572754266e-11
14850.056 7.466944463430082e-11
14900.056 7.848990496237531e-11
14950.056 6.188426381029008e-11
15000.056 1.3684383082255878e-10
15050.056 1.1503954102978345e-10
15100.056 8.217404886943219e-11
15150.056 7.245700112008124e-11
15200.056 1.3401070948573054e-10
15250.056 2.964519468443767e-10
15300.056 3.623830440479059e-10
15350.056 4.9886504704812e-10
15400.056 6.835245362346106e-10
15450.056 9.264399750414343e-10
15500.056 1.0435185337780275e-09
15550.056 1.6634126706765674e-09
15600.056 2.1205020783054957e-09
15650.056 3.087437445022918e-09
15700.056 4.345193582971053e-09
15750.056 5.442652135655424e-09
15800.056 5.925820312611317e-09
15850.056 6.793261587386707e-09
15900.056 5.989651024639161e-09
15950.056 5.3330722072983746e-09
16000.056 3.638115359851102e-09
16050.056 1.7892558645966932e-09
16100.056 1.0853691573753875e-09
16150.056 5.494870773445015e-10
16200.056 2.8588803253719935e-10
16250.056 1.863356792763441e-10
16300.056 1.108368563270967e-10
16350.056 1.2831952539864618e-10
16400.056 1.6609969258493408e-10
16450.056 1.3633627655894263e-10
16500.056 1.1538248910500784e-10
16550.056 1.2630179232985545e-10
16600.056 1.6994988202504037e-10
16650.056 1.2960492000797236e-10
16700.056 1.811226053525246e-11
16750.056 5.870117401459327e-11
16800.056 1.064700478412035e-10
16850.056 1.3225829683478562e-10
16900.056 6.294018802985585e-11
16950.056 3.420829438629358e-11
17000.056 1.9324282173481153e-11
17050.056 4.044501862979435e-11
17100.056 7.144674641279812e-11
17150.056 3.611761841964311e-11
17200.056 1.3767029889454724e-10
17250.056 8.702787240397663e-11
17300.056 4.803729081486198e-11
17350.056 5.0858223887449723e-11
17400.056 9.197902181334502e-11
17450.056 1.3451932429188225e-10
17500.056 1.842268132376609e-10
17550.056 1.7273046941247867e-10
17600.056 1.316799782516172e-10
17650.056 1.2714052172941616e-10
17700.056 8.77825345868549e-11
17750.056 9.896489585191019e-11
17800.056 2.624836582478698e-10
17850.056 1.1846497998795276e-10
17900.056 8.643061993196853e-11
17950.056 7.494889794740194e-11
18000.056 1.1032442688297435e-10
18050.056 1.1626850061309278e-10
18100.056 1.5109651163905731e-10
18150.056 1.3567632317288278e-10
18200.056 9.769523591446978e-11
18250.056 2.894332673765197e-10
18300.056 9.145838945556132e-11
18350.056 6.476606886485011e-11
18400.056 5.226845491579315e-11
18450.056 1.763923434233809e-10
18500.056 1.7269421646812046e-10
18550.056 1.1043981337386847e-10
18600.056 1.4855454929534319e-10
18650.056 1.1454682653225636e-10
18700.056 4.000728499285665e-11
18750.056 9.345164090442636e-11
18800.056 2.955127980018992e-10
18850.056 3.0894589891863375e-10
18900.056 2.6729916142859373e-10
18950.056 4.026385860599964e-10
19000.056 1.4317258485181612e-10
19050.056 7.709338201811464e-11
19100.056 1.59973218096568e-10
19150.056 8.07819243263339e-11
19200.056 1.0587052061130933e-10
19250.056 8.33851040558778e-11
19300.056 5.65852898399273e-11
19350.056 4.8616993021910384e-11
19400.056 4.437038970806351e-11
19450.056 8.119912984907963e-11
19500.056 5.0031330142739255e-11
19550.056 6.2582537015781e-11
19600.056 1.6509606130922896e-10
19650.056 1.1285877256071817e-10
19700.056 1.2663168337239596e-10
19750.056 2.2506712585471246e-10
19800.056 1.5870237652906377e-10
19850.056 2.2288669970671239e-10
19900.056 2.5554137570908083e-10
19950.056 3.6168570476754127e-10
20000.056 4.760573530453759e-10
20050.056 3.877475229766275e-10
20100.056 6.703778958898347e-10
20150.056 3.444378965400279e-10
20200.056 2.8438543699322e-10
20250.056 5.609423110523666e-10
20300.056 6.721759204960491e-10
20350.056 7.3818394866139e-10
20400.056 6.440824818074595e-10
20450.056 1.0466260469589223e-09
20500.056 1.2979748206058825e-09
20550.056 1.489116776226973e-09
20600.056 1.5612993574964947e-09
20650.056 2.0033515432406107e-09
20700.056 2.2248175505481153e-09
20750.056 2.5906093260437148e-09
20800.056 2.505369577376106e-09
20850.056 2.7796396955473753e-09
20900.056 3.0771951889836295e-09
20950.056 2.854466740779926e-09
21000.056 2.7572545436765206e-09
21050.056 2.9364872415791206e-09
21100.056 2.6729853883995398e-09
21150.056 2.7185852952445696e-09
21200.056 2.4549142559326658e-09
21250.056 2.2146489055765767e-09
21300.056 1.7471120667628042e-09
21350.056 1.7743932919865053e-09
21400.056 1.6442335713614454e-09
21450.056 1.2700038957734793e-09
21500.056 1.1078938927586523e-09
21550.056 9.623975634767785e-10
21600.056 7.742257284846209e-10
21650.056 5.768585264282625e-10
21700.056 5.073360937189913e-10
21750.056 4.959736196973235e-10
21800.056 3.531834280465712e-10
21850.056 3.431145263399747e-10
21900.056 2.2463527830158097e-10
21950.056 7.654892472213291e-11
22000.056 1.629056292621902e-11
22050.056 1.6069337141986364e-11
22100.056 5.963975564370338e-11
22150.056 6.75023385219294e-11
22200.056 7.334028508640232e-11
22250.056 5.5175777410614403e-11
22300.056 3.05091831219498e-11
22350.056 3.9546434841512265e-11
22400.056 1.604002199147153e-11
22450.056 2.0561602557115492e-11
22500.056 1.5384493252774652e-11
22550.056 1.025056062540507e-11
22600.056 8.049875600190972e-12
22650.056 1.4792423321843647e-11
22700.056 1.211265780172532e-11
22750.056 1.279402593986252e-11
22800.056 1.2518238658400226e-11
22850.056 9.546957054981574e-12
22900.056 6.884168776165142e-12
22950.056 6.218435957665091e-12
23000.056 9.128305375244648e-12
23050.056 1.1958412376516969e-11
23100.056 4.997714708915953e-11
23150.056 5.282721503038912e-11
23200.056 3.214155240187145e-12
23250.056 8.196357014784304e-12
23300.056 8.668105567351908e-12
23350.056 1.3351225348828106e-11
23400.056 1.2286077969735807e-11
23450.056 8.100105930975151e-12
23500.056 8.425396626275063e-12
23550.056 1.5772380408057565e-11
23600.056 2.5443050423336792e-11
23650.056 4.2540884881686247e-11
23700.056 1.0724951475596656e-11
23750.056 7.983749343510896e-12
23800.056 2.93174361677062e-11
23850.056 2.2985296164235736e-11
23900.056 4.768790691030602e-11
23950.056 3.3566724868087966e-11
24000.056 6.042143259892827e-11
24050.056 8.229415141332222e-11
24100.056 8.7339197892194e-11
24150.056 1.2279544834929747e-10
24200.056 8.603662720553964e-11
24250.056 6.850321349341118e-11
24300.056 1.1163494387917455e-10
24350.056 9.705277997473465e-11
24400.056 1.9716152467028562e-10
24450.056 2.2990167243535902e-10
24500.056 2.1355253728882806e-10
24550.056 3.0952874060815873e-10
24600.056 3.2306334171201753e-10
24650.056 4.983186668431287e-10
24700.056 2.8730205338445907e-10
24750.056 4.007770543139392e-10
24800.056 3.782257613573695e-10
24850.056 5.906366951987847e-10
24900.056 3.1650016809351663e-10
24950.056 6.242299094148064e-10
25000.056 6.328020392795301e-10
25050.056 4.3876581890869283e-10
25100.056 6.595571550840605e-10
25150.056 3.2407215065484757e-10
25200.056 5.085194412367123e-10
25250.056 2.39938045870685e-10
25300.056 3.665922214528011e-10
25350.056 1.7003916997702872e-10
25400.056 4.242472426328263e-10
25450.056 1.3553557804081552e-10
25500.056 1.2496337722391113e-10
25550.056 2.2604726240411732e-10
25600.056 1.1242825231490725e-10
25650.056 6.755204513918389e-11
25700.056 9.894074437592625e-11
25750.056 2.724891035457051e-11
25800.056 1.339115989069422e-10
25850.056 2.769430664311215e-11
25900.056 3.9352365959891396e-11
25950.056 1.0745287705202873e-11
26000.056 1.2510370958598147e-10
26050.056 1.790691456049526e-11
26100.056 7.949704502223408e-11
26150.056 3.797910900549663e-11
26200.056 5.2861102119483895e-11
26250.056 2.776827628257283e-10
26300.056 7.155688008565538e-11
26350.056 4.047804541350065e-10
26400.056 5.445164332372316e-10
26450.056 4.771124074150696e-10
26500.056 8.385081264352987e-10
26550.056 1.2867778132684865e-10
26600.056 1.7226957362825605e-10
26650.056 2.8147304882224075e-11
26700.056 1.7004164391945247e-11
26750.056 2.21625356313758e-11
26800.056 6.836648265221093e-11
26850.056 3.734622824535073e-11
26900.056 1.7986203285791606e-10
26950.056 6.068805160806069e-11
27000.056 3.3126969144893397e-10
27050.056 3.3240781614441015e-10
27100.056 5.342947466908812e-11
27150.056 4.4149023786624793e-10
27200.056 5.204425733170773e-11
27250.056 1.61930629084436e-10
27300.056 9.633641297138202e-10
27350.056 3.728099397467794e-10
27400.056 2.1247049863015725e-11
27450.056 4.737669937634552e-10
27500.056 5.138143430867805e-10
27550.056 9.416895389920719e-11
27600.056 2.68493997829018e-10
27650.056 7.168785736290025e-11
27700.056 5.951210853297883e-11
27750.056 3.7234589921625417e-10
27800.056 9.756453242717202e-11
27850.056 1.7408388017674458e-10
27900.056 1.671377578552291e-10
27950.056 4.4244278162695136e-10
28000.056 4.0414050826292005e-10
28050.056 5.064478888068821e-11
28100.056 3.6587993644085314e-10
28150.056 2.8305946761886535e-10
28200.056 8.292147306650647e-11
28250.056 4.982817947389434e-10
28300.056 4.748510090819063e-10
28350.056 1.0928299450868771e-10
28400.056 3.420479109723682e-10
28450.056 5.706133124092755e-10
28500.056 3.6694231328196365e-10
28550.056 8.80755070636565e-11
28600.056 6.306786206925479e-10
28650.056 4.1942829371234973e-10
28700.056 5.814698674563416e-10
28750.056 8.517652236598479e-10
28800.056 3.8904666805460253e-10
