galfind/configs/Brown_Dwarf_templates/sonora_bobcat/m0.0/17g/sp_t1300g17nc_m0.0_resample.dat
# %ECSV 1.0
# ---
# datatype:
# - {name: wav, unit: Angstrom, datatype: float64}
# - {name: flux_nu, unit: erg / (cm2 Hz s), datatype: float64}
# meta: {C/O: '1.00', Kzz: '1.0000E+05', Teff: '1300.', Y: '0.28', '[Fe/H]': '0.00', f_hole: '1.00', f_rain: '0.00', grav: '18.'}
# schema: astropy-2.0
wav flux_nu
[from data line 498]
28900.056 3.291892372580072e-07
28950.056 4.770918476330039e-07
29000.056 3.950104269598941e-07
29050.056 4.0773818931390646e-07
29100.056 3.3980286867505184e-07
29150.056 4.449804266831363e-07
29200.056 3.908659876091117e-07
29250.056 4.7018544483400753e-07
29300.056 3.6830696632777634e-07
29350.056 5.412571194368418e-07
29400.056 4.1566460555889604e-07
29450.056 4.430302955829804e-07
29500.056 4.5769815286292985e-07
29550.056 4.395475668100184e-07
29600.056 4.758399467449081e-07
29650.056 4.619909975599475e-07
29700.056 3.9556025194587173e-07
29750.056 5.059046075172902e-07
29800.056 5.113536929709809e-07
29850.056 5.017614477899281e-07
29900.056 4.588827104261532e-07
29950.056 5.186369736479236e-07
30000.056 5.154406036929141e-07
30050.056 4.843681286399311e-07
30100.056 4.1307838953986473e-07
30150.056 5.884777082399458e-07
30200.056 5.007641537320272e-07
30250.056 5.44254090935176e-07
30300.056 5.196523643799552e-07
30350.056 4.628449458280411e-07
30400.056 5.54600375421072e-07
30450.056 4.5409333227304946e-07
30500.056 3.933797748420676e-07
30550.056 4.819761527700991e-07
30600.056 4.909269057800458e-07
30650.056 4.6354547765593506e-07
30700.056 4.43379805680005e-07
30750.056 4.1530535185499654e-07
30800.056 4.258455637840835e-07
30850.056 3.653376304289237e-07
30900.056 3.870455140379499e-07
30950.056 3.457298234670658e-07
31000.056 3.380053715299818e-07
31050.056 3.3639096872999886e-07
31100.056 3.0180688168797545e-07
31150.056 3.3226856557695626e-07
31200.056 3.465553340500051e-07
31250.056 3.0403351624397566e-07
31300.056 2.9414663262096333e-07
31350.056 2.7678033648399666e-07
31400.056 2.541985158040494e-07
31450.056 2.5136328211397775e-07
31500.056 2.499092088029655e-07
31550.056 2.4728240751000777e-07
31600.056 2.2686450184497463e-07
31650.056 2.2013319012799314e-07
31700.056 2.2077606116797857e-07
31750.056 2.0158750584206359e-07
31800.056 2.3328742158497602e-07
31850.056 2.1434042037602489e-07
31900.056 2.4059744586899214e-07
31950.056 1.817068717860167e-07
32000.056 2.142082631969816e-07
32050.056 2.3472739084401324e-07
32100.056 2.2924521571202286e-07
32150.056 2.396439035519772e-07
32200.056 2.210783654199929e-07
32250.056 2.591667887400304e-07
32300.056 2.2643086620699674e-07
32350.056 2.7283993964998417e-07
32400.056 2.1826197306199011e-07
32450.056 2.658523028259096e-07
32500.056 2.7506207476905407e-07
32550.056 2.7864599371299527e-07
32600.056 2.8859660348599107e-07
32650.056 3.383459369420067e-07
32700.056 3.1728134453004346e-07
32750.056 3.3251289117400673e-07
32800.056 3.245332308140133e-07
32850.056 3.4392510565992423e-07
32900.056 3.800508068499676e-07
32950.056 3.4740840882295424e-07
33000.056 3.336509169689421e-07
33050.056 3.058344156240743e-07
33100.056 2.4752485712597214e-07
33150.056 1.8639585518800148e-07
33200.056 1.3765724500097315e-07
33250.056 1.0998830995697003e-07
33300.056 1.0372644797301306e-07
33350.056 1.1844255495000148e-07
33400.056 1.2983875871398082e-07
33450.056 1.4844828588499462e-07
33500.056 1.8214051064003772e-07
33550.056 1.9793317220803404e-07
33600.056 2.3805635828600337e-07
33650.056 2.667486936500172e-07
33700.056 2.655746505899621e-07
33750.056 3.2542680735400395e-07
33800.056 3.23756791010966e-07
33850.056 3.4539671584895667e-07
33900.056 3.2757689624396237e-07
33950.056 3.030888147899692e-07
34000.056 3.374736686179802e-07
34050.056 3.023579305519279e-07
34100.056 3.586583574199629e-07
34150.056 3.3085121820494724e-07
34200.056 2.820319561478982e-07
34250.056 3.356489630598931e-07
34300.056 2.9582258693880994e-07
34350.056 2.6001073253998437e-07
34400.056 2.6617323850400006e-07
34450.056 3.0994220917996454e-07
34500.056 2.9812819898000284e-07
34550.056 2.833985708579913e-07
34600.056 3.3797200382002076e-07
34650.056 3.2052679790195684e-07
34700.056 3.061346272999416e-07
34750.056 3.334200375700064e-07
34800.056 3.304122331518944e-07
34850.056 2.9938716549001425e-07
34900.056 3.5817033998499396e-07
34950.056 3.2025448736993544e-07
35000.056 3.894704356750236e-07
35050.056 3.3564953503793413e-07
35100.056 3.435934715999496e-07
35150.056 3.695699430540095e-07
35200.056 3.7440985656903365e-07
35250.056 3.898383402499422e-07
35300.056 3.77787113405051e-07
35350.056 3.6310763812992965e-07
35400.056 3.726796504700661e-07
35450.056 3.0258479076015845e-07
35500.056 4.194679115600303e-07
35550.056 4.1185846529995853e-07
35600.056 3.7164898038006853e-07
35650.056 4.400717753700193e-07
35700.056 3.8153327997003456e-07
35750.056 4.310990057798605e-07
35800.056 5.310475742500021e-07
35850.056 4.242185247299362e-07
35900.056 5.295402444899165e-07
35950.056 4.918616338600307e-07
36000.056 4.795921274599886e-07
36050.056 5.274638287099946e-07
36100.056 5.408781861596504e-07
36150.056 5.231864736800162e-07
36200.056 5.969778274499204e-07
36250.056 5.496474350998807e-07
36300.056 6.325948134601267e-07
36350.056 6.020131966999453e-07
36400.056 5.846221135200129e-07
36450.056 6.695624724999927e-07
36500.056 6.538607096699776e-07
36550.056 6.707344877602179e-07
36600.056 7.240752715400256e-07
36650.056 7.411227506098924e-07
36700.056 7.866442109199831e-07
36750.056 7.937440957701605e-07
36800.056 8.082338508399619e-07
36850.056 8.082824447000262e-07
36900.056 8.245343203101111e-07
36950.056 9.00852706629909e-07
37000.056 9.302541053399466e-07
37050.056 8.833978094399489e-07
37100.056 9.615298975701535e-07
37150.056 9.291278962099282e-07
37200.056 9.7394719718009e-07
37250.056 1.0209242994399625e-06
37300.056 9.504532242098994e-07
37350.056 9.192314948101847e-07
37400.056 1.058243532929871e-06
37450.056 1.0221339632601475e-06
37500.056 1.0217715041798578e-06
37550.056 1.0782314053899566e-06
37600.056 1.1501024473898851e-06
37650.056 1.056822907129947e-06
37700.056 1.159649056600071e-06
37750.056 1.1335114377400107e-06
37800.056 1.1861801206302616e-06
37850.056 1.0826466166299542e-06
37900.056 1.130078447140165e-06
37950.056 1.1422594514999057e-06
38000.056 1.223246083680105e-06
38050.056 1.2340946142900498e-06
38100.056 1.1496504867901934e-06
38150.056 1.3484447532398976e-06
38200.056 1.4044035414999734e-06
38250.056 1.2079718144302065e-06
38300.056 1.2606117985299284e-06
38350.056 1.3539497612198674e-06
38400.056 1.2792613441097485e-06
38450.056 1.4135369844800638e-06
38500.056 1.2858010556300527e-06
38550.056 1.3863250506700198e-06
38600.056 1.5000088500298219e-06
38650.056 1.3367830335500024e-06
38700.056 1.4186993695602267e-06
38750.056 1.4012537561500432e-06
38800.056 1.4072131581898865e-06
38850.056 1.3456932911601246e-06
38900.056 1.372076228339934e-06
38950.056 1.4953375994999112e-06
39000.056 1.4152121542900265e-06
39050.056 1.4883982741698573e-06
39100.056 1.3739557786701623e-06
39150.056 1.4196032316499986e-06
39200.056 1.53578534611011e-06
39250.056 1.535589653039588e-06
39300.056 1.4638772755595694e-06
39350.056 1.5115442991001247e-06
39400.056 1.4920845690200257e-06
39450.056 1.4877930380698873e-06
39500.056 1.435842351719929e-06
39550.056 1.4485414188299562e-06
39600.056 1.5814425454997906e-06
39650.056 1.4146445001999377e-06
39700.056 1.4829165787698875e-06
39750.056 1.4197133373798707e-06
39800.056 1.3985221979399207e-06
39850.056 1.4542870008898804e-06
39900.056 1.4511337164001893e-06
39950.056 1.5083564730698358e-06
40000.056 1.3680911752300244e-06
40050.056 1.3619993181000269e-06
40100.056 1.4628393096399713e-06
40150.056 1.3579867622797729e-06
40200.056 1.3693922103497836e-06
40250.056 1.3428750312696426e-06
40300.056 1.291249683060099e-06
40350.056 1.435381259130214e-06
40400.056 1.3818392833100782e-06
40450.056 1.3847663615502207e-06
40500.056 1.2593673416102053e-06
40550.056 1.4487157503499258e-06
40600.056 1.2608260277702292e-06
40650.056 1.2659135515498846e-06
40700.056 1.3960624529700526e-06
40750.056 1.2469703071994966e-06
40800.056 1.1884520742000871e-06
40850.056 1.2205941760202645e-06
40900.056 1.1963997287100965e-06
40950.056 1.2673792719899687e-06
41000.056 1.254654360839994e-06
41050.056 1.2613913010098269e-06
41100.056 1.2158754766200286e-06
41150.056 1.1985301465000268e-06
41200.056 1.204530331899996e-06
41250.056 1.2134872954900713e-06
41300.056 1.064360418389748e-06
41350.056 1.2663014703400421e-06
41400.056 1.193090788200201e-06
41450.056 1.1914904506302825e-06
41500.056 1.18505100480001e-06
41550.056 1.1582408293799936e-06
41600.056 1.2435919645900172e-06
41650.056 1.1427565709302377e-06
41700.056 1.0795954784598304e-06
41750.056 1.0905420069298805e-06
41800.056 1.1118148596497839e-06
41850.056 9.488341558101763e-07
41900.056 1.0982528950599552e-06
41950.056 9.215275317002936e-07
42000.056 9.890912126901253e-07
42050.056 8.729686370897374e-07
42100.056 1.0607351091201631e-06
42150.056 7.720370234997054e-07
42200.056 8.363236929699883e-07
42250.056 8.588093978600816e-07
42300.056 7.133142364800507e-07
42350.056 8.916361870102261e-07
42400.056 7.429498443501902e-07
42450.056 6.540391724601228e-07
42500.056 7.020285482801534e-07
42550.056 7.010240812800314e-07
42600.056 6.995056765202503e-07
42650.056 6.048622476696123e-07
42700.056 6.963910170502524e-07
42750.056 6.413405771699893e-07
42800.056 6.068907057802489e-07
42850.056 6.636304371698085e-07
42900.056 6.447122131300297e-07
42950.056 6.153887501996798e-07
43000.056 6.114669800400555e-07
43050.056 5.727467970602771e-07
43100.056 6.422419174901284e-07
43150.056 6.09074337420118e-07
43200.056 6.461024608901034e-07
43250.056 6.151095066698715e-07
43300.056 6.424406389400438e-07
43350.056 6.021086349799984e-07
43400.056 6.094286123399903e-07
43450.056 6.23000331980187e-07
43500.056 5.965551861599247e-07
43550.056 6.464383248000316e-07
43600.056 6.41280421370051e-07
43650.056 5.743890139000632e-07
43700.056 5.882151766698117e-07
43750.056 6.049885163701403e-07
43800.056 5.506965335000957e-07
43850.056 5.828177741501424e-07
43900.056 6.034017418499677e-07
43950.056 5.563592121701486e-07
44000.056 5.588078937601e-07
44050.056 5.773415434700807e-07
44100.056 5.879717616600735e-07
44150.056 5.906193177498383e-07
44200.056 5.662251257499525e-07
44250.056 5.693349746600277e-07
44300.056 5.589576162800463e-07
44350.056 5.430478176400275e-07
44400.056 5.800003481599889e-07
44450.056 5.860290971799773e-07
44500.056 6.12903159940029e-07
44550.056 5.657989219398914e-07
44600.056 5.754582670100593e-07
44650.056 5.97624813190082e-07
44700.056 5.633869412000408e-07
44750.056 5.954583045199428e-07
44800.056 6.192020842799771e-07
44850.056 5.941406448700766e-07
44900.056 5.649657354800555e-07
44950.056 5.504161091200033e-07
45000.056 5.96903693769957e-07
45050.056 5.937190481099602e-07
45100.056 6.113021232099712e-07
45150.056 5.802432704199737e-07
45200.056 5.451051456700225e-07
45250.056 5.555786337599324e-07
45300.056 5.847304461400318e-07
45350.056 6.078027201299666e-07
45400.056 5.933857953500573e-07
45450.056 5.443576158699205e-07
45500.056 5.607845640399836e-07
45550.056 6.078785298499547e-07
45600.056 5.679410900699878e-07
45650.056 5.228928985799009e-07
45700.056 6.159944335100432e-07
45750.056 5.522481148700004e-07
45800.056 5.543331438699765e-07
45850.056 6.394678861899655e-07
45900.056 6.407737048100347e-07
45950.056 5.566893649900043e-07
46000.056 6.423286881100239e-07
46050.056 6.254708564400792e-07
46100.056 5.462493903200618e-07
46150.056 6.023423761999858e-07
46200.056 6.260010278401058e-07
46250.056 5.330763773899839e-07
46300.056 6.650405713999865e-07
46350.056 5.688443944499436e-07
46400.056 5.826869385999423e-07
46450.056 6.142316176600789e-07
46500.056 5.603027684299575e-07
46550.056 6.812721252099663e-07
46600.056 6.294698806900273e-07
46650.056 7.916270248198655e-07
46700.056 7.272431847602408e-07
46750.056 5.867557458399363e-07
46800.056 6.451624816400911e-07
46850.056 6.934932255900763e-07
46900.056 6.591100412598863e-07
46950.056 7.159468932900343e-07
47000.056 6.153289233199949e-07
47050.056 7.226992221898551e-07
47100.056 5.738776166600626e-07
47150.056 6.224152106800649e-07
47200.056 6.678690565801154e-07
47250.056 5.966287910899587e-07
47300.056 6.121706619298552e-07
47350.056 5.58667206599896e-07
47400.056 6.773832869598917e-07
47450.056 5.882623133499784e-07
47500.056 6.716886051798949e-07
47550.056 5.990930664999471e-07
47600.056 6.699826299399666e-07
47650.056 5.037912678198788e-07
47700.056 6.895870588200626e-07
47750.056 4.904345225401044e-07
47800.056 6.846677684499211e-07
47850.056 5.339976149398945e-07
47900.056 6.670905749500325e-07
47950.056 5.108152549000759e-07
48000.056 7.432819991800206e-07
48050.056 5.755341336900733e-07
48100.056 6.342479904099977e-07
48150.056 5.884381916200787e-07
48200.056 6.779050665200888e-07
48250.056 5.725838391900016e-07
48300.056 7.316873174898403e-07
48350.056 5.277933083699769e-07
48400.056 6.600659245599952e-07
48450.056 5.670305535900316e-07
48500.056 7.528452657400285e-07
48550.056 5.430306166600198e-07
48600.056 6.801060243299514e-07
48650.056 5.666369233199654e-07
48700.056 6.646136718900361e-07
48750.056 5.104535156500543e-07
48800.056 7.662597923600261e-07
48850.056 5.52000403029899e-07
48900.056 7.006481158300592e-07
48950.056 6.529910771200332e-07
49000.056 6.106932344298944e-07
49050.056 6.724620641800051e-07
49100.056 6.152139982200505e-07
49150.056 6.583537530699976e-07
49200.056 6.306472359899879e-07
49250.056 6.618260130800248e-07
49300.056 5.751696124899622e-07
49350.056 6.094552662600043e-07
49400.056 7.08173756830052e-07
49450.056 6.152340214301447e-07
49500.056 6.436311240300073e-07
49550.056 5.602608117800155e-07
49600.056 6.25850663720151e-07
49650.056 6.487082963700113e-07
49700.056 5.667941362299286e-07
49750.056 7.878228736398815e-07
49800.056 6.198094012300353e-07
49850.056 7.85373504880063e-07
49900.056 6.217947221000412e-07
49950.056 6.870152825498507e-07
50000.056 6.607629833198695e-07
50050.056 6.750834932800471e-07
50100.056 6.983522557499574e-07
50150.056 5.948236708800254e-07
50200.056 5.513279694500477e-07
50250.056 6.68942228100001e-07
50300.056 6.322738753099629e-07
50350.056 7.363026590900144e-07
50400.056 6.463586345099918e-07
50450.056 6.332017444801065e-07
50500.056 7.773143853801249e-07
50550.056 6.626105235099785e-07
50600.056 7.046289929500086e-07
50650.056 6.885538823101427e-07
50700.056 7.395296007998021e-07
50750.056 7.554850126800931e-07
50800.056 5.777214626999359e-07
50850.056 6.607807032201374e-07
50900.056 7.329942007399761e-07
50950.056 7.200445780701444e-07
51000.056 8.209322999300774e-07
51050.056 6.2403354312007e-07
51100.056 6.086910512899362e-07
51150.056 7.083828153899335e-07
51200.056 7.186804962999697e-07
51250.056 7.28775578539929e-07
51300.056 6.318780191002451e-07
51350.056 6.771541468098654e-07
51400.056 6.13546094569873e-07
51450.056 4.956848296098907e-07
51500.056 6.39782757400021e-07
51550.056 8.374603474800758e-07
51600.056 5.937376582600712e-07
51650.056 6.771117546599165e-07
51700.056 6.401635770398242e-07
51750.056 6.07471571900064e-07
51800.056 7.234960644698264e-07
51850.056 7.291190882699488e-07
51900.056 7.72557195290171e-07
51950.056 7.124174145799486e-07
52000.056 5.882936790399697e-07
52050.056 6.833267715199807e-07
52100.056 6.287745215498831e-07
52150.056 6.405768492300351e-07
52200.056 6.006869362200003e-07
52250.056 6.515947356900125e-07
52300.056 7.282406005599919e-07
52350.056 7.659914499500845e-07
52400.056 5.692688116900846e-07
52450.056 6.792118370099874e-07
52500.056 7.374734546198681e-07
52550.056 7.060138894397807e-07
52600.056 6.880357689101134e-07
52650.056 7.642176629901425e-07
52700.056 6.757917198600008e-07
52750.056 5.586708088699394e-07
52800.056 6.3479771226006e-07
52850.056 6.045618631199079e-07
52900.056 6.533557361500603e-07
52950.056 6.614217007199168e-07
53000.056 7.375199832699362e-07
53050.056 6.241521793798663e-07
53100.056 5.852001651598324e-07
53150.056 7.78251346350104e-07
53200.056 5.473039489500525e-07
53250.056 7.826368742499878e-07
53300.056 7.494494335203235e-07
53350.056 7.34330574249925e-07
53400.056 7.062029476400834e-07
53450.056 6.022984687800324e-07
53500.056 5.254315771498875e-07
53550.056 6.519610731999017e-07
53600.056 7.136062180401298e-07
53650.056 5.978712775100684e-07
