galfind/configs/Brown_Dwarf_templates/sonora_cholla/logkzz7/1000g/1000K_1000g_logkzz7_resample.dat
# %ECSV 1.0
# ---
# datatype:
# - {name: wav, unit: Angstrom, datatype: float64}
# - {name: flux_nu, unit: erg / (cm2 Hz s), datatype: float64}
# schema: astropy-2.0
wav flux_nu
[from data line 775]
48750.000000000095 9.949217623514429e-08
48800.000000000095 1.715094588083241e-07
48850.000000000095 1.1806718897261149e-07
48900.000000000095 1.7176710789033523e-07
48950.000000000095 1.5570410823768893e-07
49000.000000000095 1.3633282974680735e-07
49050.000000000095 1.7039776922352463e-07
49100.000000000095 1.2568101049249924e-07
49150.000000000095 1.9679495564839862e-07
49200.000000000095 1.2518597802615727e-07
49250.000000000095 1.9849261784294545e-07
49300.000000000095 1.4161289279396577e-07
49350.000000000095 1.6212149001808048e-07
49400.000000000095 1.8646257881629632e-07
49450.000000000095 1.6715783582027772e-07
49500.000000000095 1.6368475192300616e-07
49550.000000000095 9.710220074475227e-08
49600.000000000095 1.6942169766279696e-07
49650.000000000095 1.6426716277307729e-07
49700.000000000095 1.5432892071797195e-07
49750.000000000095 2.4515569568128745e-07
49800.000000000095 1.46634555368637e-07
49850.000000000095 2.647025401501538e-07
49900.000000000095 1.9337003416519414e-07
49950.000000000095 2.2125679462065836e-07
50000.000000000095 2.375279487582761e-07
50050.000000000095 2.1275650001840935e-07
50100.000000000095 2.7709897536384777e-07
50150.000000000095 1.481194728793783e-07
50200.000000000095 1.0308696444009175e-07
50250.000000000095 2.2600654176536698e-07
50300.000000000095 1.6747293205905469e-07
50350.000000000095 2.4924790998709564e-07
50400.000000000095 2.0461664124048656e-07
50450.000000000095 2.0983541466586035e-07
50500.000000000095 2.8918905250372283e-07
50550.000000000095 2.2793001648051132e-07
50600.000000000095 2.4256706856691093e-07
50650.000000000095 2.2417564018075085e-07
50700.000000000095 3.306917342903859e-07
50750.000000000095 2.963675317970817e-07
50800.000000000095 1.5154488973494488e-07
50850.000000000095 1.5796903691487206e-07
50900.000000000095 2.917777016473812e-07
50950.000000000095 2.926065739642419e-07
51000.000000000095 2.7952279410167765e-07
51050.000000000095 2.5475140766806595e-07
51100.000000000095 1.5976006035396917e-07
51150.000000000095 2.060647277948936e-07
51200.000000000095 3.084550083474243e-07
51250.000000000095 2.7323801546319396e-07
51300.000000000095 1.8657381895599997e-07
51350.000000000095 2.3578765062459203e-07
51400.000000000095 1.650389000720545e-07
51450.000000000095 1.4448279624907095e-07
51500.000000000095 1.3103628319630063e-07
51550.000000000095 2.567007593918491e-07
51600.000000000095 1.8433566743226537e-07
51650.000000000095 2.396524626507746e-07
51700.000000000095 2.54939988667259e-07
51750.000000000095 1.6907109071067176e-07
51800.000000000095 3.204141167095037e-07
51850.000000000095 2.649548554847677e-07
51900.000000000095 3.33491188356772e-07
51950.000000000095 2.653732004335439e-07
52000.000000000095 9.395824366519049e-08
52050.000000000095 1.8122531294166178e-07
52100.000000000095 1.5786564419215135e-07
52150.000000000095 1.258067592166846e-07
52200.000000000095 1.488656895328838e-07
52250.000000000095 1.9794582165667672e-07
52300.000000000095 3.254914549241714e-07
52350.000000000095 1.8977038744261038e-07
52400.000000000095 1.6183668765411915e-07
52450.000000000095 2.686417803684748e-07
52500.000000000095 2.506028978478516e-07
52550.000000000095 2.5242954016887176e-07
52600.000000000095 2.110657369345684e-07
52650.000000000095 2.2855017248382975e-07
52700.000000000095 1.8462566731760134e-07
52750.000000000095 1.4204598965470362e-07
52800.000000000095 1.6013841290342397e-07
52850.000000000095 1.857674923754542e-07
52900.000000000095 1.4799316409230746e-07
52950.000000000095 1.641503813863563e-07
53000.000000000095 2.7810805129861275e-07
53050.000000000095 1.215631804583523e-07
53100.000000000095 2.6581829623711485e-07
53150.000000000095 3.134653299696333e-07
53200.000000000095 1.4480025798382872e-07
53250.000000000095 2.756538774313608e-07
53300.000000000095 2.9876801463875116e-07
53350.000000000095 2.852607167787939e-07
53400.000000000095 2.753534595153666e-07
53450.000000000095 1.272327403504881e-07
53500.000000000095 7.71713099594414e-08
53550.000000000095 1.2118430497899208e-07
53600.000000000095 1.9674223145877114e-07
53650.000000000095 1.609744564383232e-07
53700.000000000095 1.4956348758153372e-07
53750.000000000095 1.4704780209012547e-07
53800.000000000095 1.522507710559746e-07
53850.000000000095 2.031912259628313e-07
53900.000000000095 2.0579355125217448e-07
53950.000000000095 2.6669560215264906e-07
54000.000000000095 1.8442275446795022e-07
54050.000000000095 1.8597598430656787e-07
54100.000000000095 8.826713991152775e-08
54150.000000000095 1.3004238312817597e-07
54200.000000000095 6.406149091961292e-08
54250.000000000095 8.394673158226434e-08
54300.000000000095 1.36952912247207e-07
54350.000000000095 1.8446825487284535e-07
54400.000000000095 1.8231946200362674e-07
54450.000000000095 1.6273003649980323e-07
54500.000000000095 1.442202302082912e-07
54550.000000000095 1.2215021090231626e-07
54600.000000000095 1.5079237449693075e-07
54650.000000000095 7.679271888057053e-08
54700.000000000095 1.7930046833230704e-07
54750.000000000095 1.6653581752091822e-07
54800.000000000095 1.1519202815223386e-07
54850.000000000095 1.3892396484382199e-07
54900.000000000095 1.9177102402531028e-07
54950.000000000095 2.5553878776770023e-07
55000.000000000095 1.1299404658143177e-07
55050.000000000095 1.6236425611375394e-07
55100.000000000095 1.5903151359046338e-07
55150.000000000095 1.2455211419714298e-07
55200.000000000095 1.205761903936218e-07
55250.000000000095 1.383408810756683e-07
55300.000000000095 9.911525420154447e-08
55350.000000000095 1.6601716822201707e-07
55400.000000000095 2.0194922644222068e-07
55450.000000000095 1.3921863786039368e-07
55500.000000000095 7.542802721573037e-08
55550.000000000095 1.024636761437242e-07
55600.000000000095 1.0509562146842909e-07
55650.000000000095 9.1244694643577e-08
55700.000000000095 1.1319297546044523e-07
55750.000000000095 1.2574781525556735e-07
55800.000000000095 8.60244675754686e-08
55850.000000000095 8.229777286515418e-08
55900.000000000095 1.5412805550866057e-07
55950.000000000095 2.0362096981208637e-07
56000.000000000095 9.606525104891769e-08
56050.000000000095 1.263299580213031e-07
56100.000000000095 1.515539199803849e-07
56150.000000000095 1.0692582431525558e-07
56200.000000000095 1.2325925928887563e-07
56250.000000000095 1.4536432195347397e-07
56300.000000000095 1.3972665620027037e-07
56350.000000000095 1.3268470951494238e-07
56400.000000000095 8.369689981152919e-08
56450.000000000095 7.557296876133058e-08
56500.000000000095 1.1474577027852294e-07
56550.000000000095 6.835096806448544e-08
56600.000000000095 1.4917783704503826e-07
56650.000000000095 1.4449169053902676e-07
56700.000000000095 1.5677565877311215e-07
56750.000000000095 7.890217999836935e-08
56800.000000000095 1.3943076344597885e-07
56850.000000000095 1.205665275696553e-07
56900.000000000095 9.440268690059361e-08
56950.000000000095 1.5101404535616855e-07
57000.000000000095 1.7111268982249624e-07
57050.000000000095 1.0574485759317727e-07
57100.000000000095 5.4823148094984205e-08
57150.000000000095 8.536047133461123e-08
57200.000000000095 6.828699575398156e-08
57250.000000000095 9.668047544606733e-08
57300.000000000095 1.2638174277804218e-07
57350.000000000095 7.604515956883272e-08
57400.000000000095 1.3778598257335377e-07
57450.000000000095 1.1338497193450558e-07
57500.000000000095 1.018192052150699e-07
57550.000000000095 1.3540083535107842e-07
57600.000000000095 1.3858711663158108e-07
57650.000000000095 5.5255813975015005e-08
57700.000000000095 7.321755503021692e-08
57750.000000000095 9.133371893913997e-08
57800.000000000095 4.16052978995591e-08
57850.000000000095 1.8078272623970998e-07
57900.000000000095 2.0996870648169404e-07
57950.000000000095 1.9451739258401406e-07
58000.000000000095 9.654747561833287e-08
58050.000000000095 1.3274704538899564e-07
58100.000000000095 1.5788291089594397e-07
58150.000000000095 1.1795378604758895e-07
58200.000000000095 5.887390420358758e-08
58250.000000000095 7.787303283524403e-08
58300.000000000095 6.89148808388669e-08
58350.000000000095 8.254282880104532e-08
58400.000000000095 1.2131970368580805e-07
58450.000000000095 1.3416627179009498e-07
58500.000000000095 1.2368219291756495e-07
58550.000000000095 1.3756554523092598e-07
58600.000000000095 7.75914610665967e-08
58650.000000000095 9.56661237638412e-08
58700.000000000095 1.0417304784477343e-07
58750.000000000095 1.1531887018072621e-07
58800.000000000095 4.8565344587291845e-08
58850.000000000095 9.082661502693286e-08
58900.000000000095 1.1859569315062789e-07
58950.000000000095 6.953554033614732e-08
59000.000000000095 1.1922787533363313e-07
59050.000000000095 1.3713898559545433e-07
59100.000000000095 1.5779805144846156e-07
59150.000000000095 1.1691986988872618e-07
59200.000000000095 1.2033171412555407e-07
59250.000000000095 1.286308798851975e-07
59300.000000000095 1.2068454790347432e-07
59350.000000000095 5.629159454899124e-08
59400.000000000095 4.676360026415286e-08
59450.000000000095 1.1101577463748318e-07
59500.000000000095 6.663064761233409e-08
59550.000000000095 1.3517928383605936e-07
59600.000000000095 1.505761764946802e-07
59650.000000000095 1.0995237207468042e-07
59700.000000000095 7.736361791425857e-08
59750.000000000095 1.79802664499538e-07
59800.000000000095 1.0175993207060742e-07
59850.000000000095 1.396776428190164e-07
59900.000000000095 6.651196129091487e-08
59950.000000000095 1.168795608819923e-07
60000.000000000095 2.045416847665797e-07
60050.000000000095 1.7578750465767162e-07
60100.000000000095 1.6596549269889898e-07
60150.000000000095 1.0715882891352518e-07
60200.000000000095 1.3543690110441945e-07
60250.000000000095 1.7524956773452664e-07
60300.000000000095 1.5914634186115596e-07
60350.000000000095 1.0812497078800292e-07
60400.000000000095 1.3752936508479627e-07
60450.000000000095 6.61662773585719e-08
60500.000000000095 4.098230872676768e-08
60550.000000000095 1.3543258273000437e-07
60600.000000000095 1.369647203743634e-07
60650.000000000095 1.0859950602330018e-07
60700.000000000095 9.391487593680567e-08
60750.000000000095 6.661579719589572e-08
60800.000000000095 1.41874991764516e-07
60850.000000000095 2.147426774401913e-07
60900.000000000095 1.9068297891151385e-07
60950.000000000095 1.6433889821465766e-07
61000.000000000095 1.3820619845249672e-07
61050.000000000095 8.881304650410464e-08
61100.000000000095 1.179863345180079e-07
61150.000000000095 5.1835760264126186e-08
61200.000000000095 1.6588845092537661e-07
61250.000000000095 1.839185094239737e-07
61300.000000000095 1.5841834990303168e-07
61350.000000000095 2.1183933129706417e-07
61400.000000000095 1.249927760059465e-07
61450.000000000095 7.65097387225516e-08
61500.000000000095 9.095826903740075e-08
61550.000000000095 1.0449180607608928e-07
61600.000000000095 7.394372523559455e-08
61650.000000000095 1.1292000520753676e-07
61700.000000000095 1.0143532738127317e-07
61750.000000000095 1.189677216644701e-07
61800.000000000095 1.3275627597492157e-07
61850.000000000095 7.921335035303924e-08
61900.000000000095 1.8062527686272845e-07
61950.000000000095 1.8661340289235493e-07
62000.000000000095 1.7214610893899982e-07
62050.000000000095 1.6915694501159887e-07
62100.000000000095 1.6231814970803065e-07
62150.000000000095 1.7403087289186525e-07
62200.000000000095 1.5453363438820115e-07
62250.000000000095 1.4459982575220301e-07
62300.000000000095 2.2199559657695812e-07
62350.000000000095 1.8810181269845474e-07
62400.000000000095 1.092378528374553e-07
62450.000000000095 1.4175884917648763e-07
62500.000000000095 2.0254040906106304e-07
62550.000000000095 2.0583005921391506e-07
62600.000000000095 2.1088291959216872e-07
62650.000000000095 1.6816780947139255e-07
62700.000000000095 1.7210488349646464e-07
62750.000000000095 2.1556535805582224e-07
62800.000000000095 1.3403883598732067e-07
62850.000000000095 1.8462293724571913e-07
62900.000000000095 1.5549466056015492e-07
62950.000000000095 2.2646529052841362e-07
63000.000000000095 1.805187225187222e-07
63050.000000000095 2.568855027374126e-07
63100.000000000095 2.387076397200391e-07
63150.000000000095 1.6127310690496034e-07
63200.000000000095 1.989779404149956e-07
63250.000000000095 1.9639220622970116e-07
63300.000000000095 2.0251256801709763e-07
63350.000000000095 1.88900224849673e-07
63400.000000000095 1.0798721317125557e-07
63450.000000000095 8.185263427819805e-08
63500.000000000095 1.7351863204068598e-07
63550.000000000095 1.7665339089439e-07
63600.000000000095 1.9907122157758224e-07
63650.000000000095 1.4530112904673888e-07
63700.000000000095 8.964045632975788e-08
63750.000000000095 1.3298819822615364e-07
63800.000000000095 1.7506163512573636e-07
63850.000000000095 1.56836566278681e-07
63900.000000000095 1.0018437472511289e-07
63950.000000000095 1.5534554566719338e-07
64000.000000000095 1.7913691741472905e-07
64050.000000000095 1.2066651632693693e-07
64100.000000000095 4.4581247541556315e-08
64150.000000000095 6.370508461050775e-08
64200.000000000095 7.393191699216213e-08
64250.000000000095 1.2226006995951336e-07
64300.000000000095 9.666784416943668e-08
64350.000000000095 8.183541044892633e-08
64400.000000000095 1.4254191945076907e-07
64450.000000000095 1.5044394669522552e-07
64500.000000000095 7.89244496645516e-08
64550.000000000095 1.279346838555789e-07
64600.000000000095 7.839697644382166e-08
64650.000000000095 1.249182766533904e-07
64700.000000000095 6.388056931108148e-08
64750.000000000095 8.061523845175342e-08
64800.000000000095 7.537994972578626e-08
64850.000000000095 6.640133549417493e-08
64900.000000000095 7.523164236916145e-08
64950.000000000095 6.85649278552644e-08
65000.000000000095 8.651751879552738e-08
65050.000000000095 9.763755118267682e-08
65100.000000000095 1.2133198099192047e-07
65150.000000000095 8.116378253823237e-08
65200.000000000095 6.400809275295084e-08
65250.000000000095 1.0678973933103342e-07
65300.000000000095 9.531628016812048e-08
65350.000000000095 1.7831311097791557e-07
65400.000000000095 8.982381169896549e-08
65450.000000000095 9.230152196861849e-08
65500.000000000095 1.0840779787845576e-07
65550.00000000009 6.950219450707603e-08
65600.00000000009 9.512381458511104e-08
65650.00000000009 9.256189826519541e-08
65700.00000000009 8.611472882581541e-08
65750.00000000009 6.692407974468674e-08
65800.00000000009 9.916653264727322e-08
65850.00000000009 1.2494982417765162e-07
65900.00000000009 6.552775569454374e-08
65950.00000000009 6.296804279141379e-08
66000.00000000009 8.531448948038635e-08
66050.00000000009 1.5242190163004428e-07
66100.00000000009 9.437922351615124e-08
66150.00000000009 7.525302054420203e-08
66200.00000000009 7.310468757821904e-08
66250.00000000009 6.7075418047367e-08
66300.00000000009 3.5322238266131095e-08
66350.00000000009 4.732388015230838e-08
66400.00000000009 6.71093385773388e-08
66450.00000000009 1.1463073175514449e-07
66500.00000000009 1.517743152034115e-07
66550.00000000009 1.3945082184383268e-07
66600.00000000009 1.0949149447058176e-07
66650.00000000009 1.0024443715363599e-07
66700.00000000009 8.919258290112717e-08
66750.00000000009 8.151571867786576e-08
66800.00000000009 1.0605652830213175e-07
66850.00000000009 7.164561922119073e-08
66900.00000000009 1.273847542374216e-07
66950.00000000009 1.5584997556460233e-07
67000.00000000009 1.5609438922640392e-07
67050.00000000009 1.0080707698854424e-07
67100.00000000009 8.155492457566664e-08
67150.00000000009 8.667647688738942e-08
67200.00000000009 1.0546687848245147e-07
67250.00000000009 1.0129092861595601e-07
67300.00000000009 1.199674022430225e-07
67350.00000000009 7.709578795908472e-08
67400.00000000009 1.5118355545862013e-07
67450.00000000009 1.1116168906002402e-07
67500.00000000009 1.0275313143684175e-07
67550.00000000009 1.2988760264473548e-07
67600.00000000009 2.0843692898747904e-07
67650.00000000009 1.5410648346534568e-07
67700.00000000009 1.1686539925034125e-07
67750.00000000009 9.75024339842233e-08
67800.00000000009 1.2985397454995732e-07
67850.00000000009 7.797786812220172e-08
67900.00000000009 9.731237271351152e-08
67950.00000000009 7.052609997976781e-08
68000.00000000009 1.0251374069656016e-07
