galfind/configs/Brown_Dwarf_templates/sonora_cholla/logkzz7/1000g/1050K_1000g_logkzz7_resample.dat
# %ECSV 1.0
# ---
# datatype:
# - {name: wav, unit: Angstrom, datatype: float64}
# - {name: flux_nu, unit: erg / (cm2 Hz s), datatype: float64}
# schema: astropy-2.0
wav flux_nu
[from data line 1162]
68100.00000000009 1.7840240428128034e-07
68150.00000000009 1.445766508445634e-07
68200.00000000009 1.517574729001383e-07
68250.00000000009 6.956932670581934e-08
68300.00000000009 1.3478933015536576e-07
68350.00000000009 8.800348246757216e-08
68400.00000000009 1.7966039904352894e-07
68450.00000000009 1.6999885131369558e-07
68500.00000000009 1.433689063803744e-07
68550.00000000009 9.806851326779845e-08
68600.00000000009 1.0489766847571045e-07
68650.00000000009 7.044939112508699e-08
68700.00000000009 1.1499663948363193e-07
68750.00000000009 1.4015547491134286e-07
68800.00000000009 1.5647705075521524e-07
68850.00000000009 8.473022779643028e-08
68900.00000000009 1.9585144177944349e-07
68950.00000000009 2.120157491094532e-07
69000.00000000009 1.9256053575950737e-07
69050.00000000009 1.1772471123328309e-07
69100.00000000009 2.017787713978802e-07
69150.00000000009 2.2859884225914754e-07
69200.00000000009 1.4272802933039249e-07
69250.00000000009 2.1831741408248812e-07
69300.00000000009 1.6228125392542057e-07
69350.00000000009 2.0061856475748027e-07
69400.00000000009 1.068873057075383e-07
69450.00000000009 2.079617693709726e-07
69500.00000000009 1.25616771935016e-07
69550.00000000009 1.4037318728744764e-07
69600.00000000009 5.8666979887589356e-08
69650.00000000009 1.2718898459788764e-07
69700.00000000009 1.918841201541481e-07
69750.00000000009 1.4171998499562867e-07
69800.00000000009 1.7427461921840237e-07
69850.00000000009 1.863173772906669e-07
69900.00000000009 1.4516324803206206e-07
69950.00000000009 1.4903349209753756e-07
70000.00000000009 1.2885822171999763e-07
70050.00000000009 2.0156361586107747e-07
70100.00000000009 1.453743392523728e-07
70150.00000000009 1.6235180310584587e-07
70200.00000000009 1.189465692311777e-07
70250.00000000009 1.4995721035346393e-07
70300.00000000009 1.9603118798914677e-07
70350.00000000009 1.5200758951433276e-07
70400.00000000009 1.2332535601695262e-07
70450.00000000009 6.239227561292132e-08
70500.00000000009 1.0216211150262725e-07
70550.00000000009 1.0487043902871758e-07
70600.00000000009 1.142197900489196e-07
70650.00000000009 1.701688154410371e-07
70700.00000000009 1.58638885274186e-07
70750.00000000009 1.9900044892934552e-07
70800.00000000009 1.3232367213625604e-07
70850.00000000009 1.2223459765151472e-07
70900.00000000009 1.2726632967426107e-07
70950.00000000009 1.7605851959017492e-07
71000.00000000009 1.560401039336114e-07
71050.00000000009 1.6392814138144844e-07
71100.00000000009 1.4726824615811324e-07
71150.00000000009 1.3439935371091334e-07
71200.00000000009 1.1877564462659265e-07
71250.00000000009 1.3992417441858984e-07
71300.00000000009 1.7200602715242806e-07
71350.00000000009 1.65429128044216e-07
71400.00000000009 1.5850504260743604e-07
71450.00000000009 9.398101839321127e-08
71500.00000000009 1.1697890286556928e-07
71550.00000000009 1.2131529553429712e-07
71600.00000000009 1.4784541101789293e-07
71650.00000000009 1.2276401710114956e-07
71700.00000000009 1.0008672259341997e-07
71750.00000000009 1.3247157130821978e-07
71800.00000000009 1.6527862642132576e-07
71850.00000000009 1.6578271045880456e-07
71900.00000000009 1.0977667276382368e-07
71950.00000000009 1.3139023118710664e-07
72000.00000000009 1.244657419844702e-07
72050.00000000009 9.392195548673369e-08
72100.00000000009 1.1191491641154618e-07
72150.00000000009 1.0603820272035105e-07
72200.00000000009 1.3227366131009405e-07
72250.00000000009 1.5240460657982997e-07
72300.00000000009 1.3185737684450207e-07
72350.00000000009 1.290228801596957e-07
72400.00000000009 1.1934257440680862e-07
72450.00000000009 1.0377241935564026e-07
72500.00000000009 1.2665443673412167e-07
72550.00000000009 7.74776576224223e-08
72600.00000000009 8.980169736156268e-08
72650.00000000009 1.417339962289401e-07
72700.00000000009 1.3306112329277395e-07
72750.00000000009 1.1661420851255921e-07
72800.00000000009 1.0370541091590008e-07
72850.00000000009 1.0710965521569584e-07
72900.00000000009 1.4919822181769844e-07
72950.00000000009 1.2506762433719337e-07
73000.00000000009 1.2521677532364298e-07
73050.00000000009 1.0155682300871774e-07
73100.00000000009 9.39260526605249e-08
73150.00000000009 1.695534278523655e-07
73200.00000000009 1.0194693480331339e-07
73250.00000000009 1.2254735769108332e-07
73300.00000000009 1.1555220041746845e-07
73350.00000000009 9.00355320090035e-08
73400.00000000009 1.1752030596324292e-07
73450.00000000009 8.170751145217757e-08
73500.00000000009 8.36873512322499e-08
73550.00000000009 1.1676161189550456e-07
73600.00000000009 9.333705986884477e-08
73650.00000000009 1.1676123920080616e-07
73700.00000000009 1.343865992273143e-07
73750.00000000009 8.133429890623572e-08
73800.00000000009 1.0779051407105806e-07
73850.00000000009 1.2247927430658994e-07
73900.00000000009 1.237462168475246e-07
73950.00000000009 1.041045155810737e-07
74000.00000000009 9.027829713600195e-08
74050.00000000009 1.646906727752641e-07
74100.00000000009 1.0775117163076979e-07
74150.00000000009 1.1638486293129332e-07
74200.00000000009 9.959735314434647e-08
74250.00000000009 6.186500299597863e-08
74300.00000000009 1.0731509636230835e-07
74350.00000000009 1.3385123105447223e-07
74400.00000000009 1.1905695209109613e-07
74450.00000000009 7.707726621037247e-08
74500.00000000009 8.212508362624038e-08
74550.00000000009 1.0827445640512446e-07
74600.00000000009 9.90271295990571e-08
74650.00000000009 9.644299005195953e-08
74700.00000000009 7.643986177473098e-08
74750.00000000009 8.913978298112467e-08
74800.00000000009 9.327918931661444e-08
74850.00000000009 8.35487959849236e-08
74900.00000000009 1.4315415213720418e-07
74950.00000000009 1.3458669984354765e-07
75000.00000000009 1.1095811475187021e-07
75050.00000000009 7.837274173266548e-08
75100.00000000009 1.5038659063694742e-07
75150.00000000009 1.2324851085432253e-07
75200.00000000009 1.387469053056157e-07
75250.00000000009 1.4543016084809737e-07
75300.00000000009 1.4538599633037995e-07
75350.00000000009 8.139841756380722e-08
75400.00000000009 1.4805015566038028e-07
75450.00000000009 1.2369458219023128e-07
75500.00000000009 1.2088793378683388e-07
75550.00000000009 1.3924758460826593e-07
75600.00000000009 1.7657432867984516e-07
75650.00000000009 1.1814209045147611e-07
75700.00000000009 1.2605855877172234e-07
75750.00000000009 9.245407475540596e-08
75800.00000000009 1.3066605423408708e-07
75850.00000000009 1.5210758462084063e-07
75900.00000000009 1.3035913980270775e-07
75950.00000000009 1.018671169147533e-07
76000.00000000009 1.303920367801362e-07
76050.00000000009 1.3279095328698871e-07
76100.00000000009 1.2545126511820955e-07
76150.00000000009 1.384923636061355e-07
76200.00000000009 1.389110951128037e-07
76250.00000000009 1.5497699313297737e-07
76300.00000000009 1.9857728691745354e-07
76350.00000000009 2.186370019359507e-07
76400.00000000009 1.7222174142072408e-07
76450.00000000009 1.6410666399428512e-07
76500.00000000009 1.3988476601612995e-07
76550.00000000009 1.1286130269678582e-07
76600.00000000009 5.24378193458198e-08
76650.00000000009 6.383093416848403e-08
76700.00000000009 6.659731462022252e-08
76750.00000000009 6.483261317486766e-08
76800.00000000009 1.0154466702150835e-07
76850.00000000009 4.759819630316655e-08
76900.00000000009 5.478671429950444e-08
76950.00000000009 8.423408669017254e-08
77000.00000000009 8.983298296097171e-08
77050.00000000009 6.552348049787591e-08
77100.00000000009 6.989868493276541e-08
77150.00000000009 9.747004159704859e-08
77200.00000000009 8.617510243452571e-08
77250.00000000009 9.461344138360556e-08
77300.00000000009 9.07934316547873e-08
77350.00000000009 5.972268874344966e-08
77400.00000000009 5.8325274469757686e-08
77450.00000000009 7.293630849504594e-08
77500.00000000009 7.06218800348433e-08
77550.00000000009 8.419327447435773e-08
77600.00000000009 9.143110042169006e-08
77650.00000000009 8.853787608508436e-08
77700.00000000009 7.106789860063425e-08
77750.00000000009 1.1245001133981377e-07
77800.00000000009 9.472120128860732e-08
77850.00000000009 1.3594613399130566e-07
77900.00000000009 1.1273552505944772e-07
77950.00000000009 7.497761456377876e-08
78000.00000000009 9.593444734187639e-08
78050.00000000009 9.792626954782832e-08
78100.00000000009 7.897990436569788e-08
78150.00000000009 1.2184461885411677e-07
78200.00000000009 1.260266787121718e-07
78250.00000000009 1.3139968905121151e-07
78300.00000000009 1.2737080336157233e-07
78350.00000000009 1.2167751126140595e-07
78400.00000000009 1.0056087800567442e-07
78450.00000000009 1.4344186534104872e-07
78500.00000000009 1.4330380725459083e-07
78550.00000000009 1.4182167516320284e-07
78600.00000000009 1.2521767224523867e-07
78650.00000000009 6.137910360142154e-08
78700.00000000009 9.804882125132343e-08
78750.00000000009 9.587300671005476e-08
78800.00000000009 1.2974986995442535e-07
78850.00000000009 7.818293798828757e-08
78900.00000000009 1.1846784796218622e-07
78950.00000000009 1.0651898000752295e-07
79000.00000000009 1.1324811567319159e-07
79050.00000000009 1.0315997134659455e-07
79100.00000000009 1.1044173249887469e-07
79150.00000000009 1.2403540884637357e-07
79200.00000000009 1.3360971479734442e-07
79250.00000000009 1.1189596602534227e-07
79300.00000000009 8.796893494362443e-08
79350.00000000009 1.303333715330407e-07
79400.00000000009 1.0439720028459959e-07
79450.00000000009 1.344479316070231e-07
79500.00000000009 1.7600739077675881e-07
79550.00000000009 1.4333715399118682e-07
79600.00000000009 9.206771327137347e-08
79650.00000000009 1.201708692554015e-07
79700.00000000009 1.3912138495718226e-07
79750.00000000009 1.4316291065710568e-07
79800.00000000009 1.076726114279433e-07
79850.00000000009 1.1911579725574896e-07
79900.00000000009 1.865552025633881e-07
79950.00000000009 1.4094331400968338e-07
