galfind/configs/Brown_Dwarf_templates/sonora_cholla/logkzz7/1000g/1100K_1000g_logkzz7_resample.dat
# %ECSV 1.0
# ---
# datatype:
# - {name: wav, unit: Angstrom, datatype: float64}
# - {name: flux_nu, unit: erg / (cm2 Hz s), datatype: float64}
# schema: astropy-2.0
wav flux_nu
10000.000000000093 nan
10050.000000000093 2.513308589891933e-07
10100.000000000093 2.9090467639820995e-07
10150.000000000093 2.93997101180588e-07
10200.000000000093 3.2055599545550683e-07
10250.000000000093 3.428039068983376e-07
10300.000000000093 3.5748453535835606e-07
10350.000000000093 4.0289007758779755e-07
10400.000000000093 4.3277941108239976e-07
10450.000000000093 4.519694837328711e-07
10500.000000000093 4.5292169572852506e-07
10550.000000000093 4.598187026464264e-07
10600.000000000093 4.768827862296345e-07
10650.000000000093 4.97937529651341e-07
10700.000000000093 5.18612916069588e-07
10750.000000000093 5.364377629190062e-07
10800.000000000093 5.477950655153422e-07
10850.000000000093 5.583176227523015e-07
10900.000000000093 4.735707716606351e-07
10950.000000000093 3.1289623728494496e-07
11000.000000000093 2.3809304592598964e-07
11050.000000000093 1.6964055215326706e-07
11100.000000000093 1.2769146219712943e-07
11150.000000000093 9.608872993203078e-08
11200.000000000093 1.036833939870923e-07
11250.000000000093 1.3446936699412645e-07
11300.000000000093 1.314170021143772e-07
11350.000000000093 6.984694643871416e-08
11400.000000000093 1.4798036266523138e-07
11450.000000000093 1.1177183351991931e-07
11500.000000000093 1.3626761817375513e-07
11550.000000000093 9.95027836029459e-08
11600.000000000093 1.0196559245329886e-07
11650.000000000093 1.2197326379234565e-07
11700.000000000093 1.2826647903757738e-07
11750.000000000093 1.150502399084986e-07
11800.000000000093 1.6094481996780616e-07
11850.000000000093 2.0825947130581037e-07
11900.000000000093 2.363848523194631e-07
11950.000000000093 2.9389766846527336e-07
12000.000000000093 3.30132494504485e-07
12050.000000000093 3.841800103506936e-07
12100.000000000093 4.2383482997581573e-07
12150.000000000093 4.774794170155861e-07
12200.000000000093 5.249652924274301e-07
12250.000000000093 5.767349424599993e-07
12300.000000000093 6.300646854621747e-07
12350.000000000093 6.529954345407506e-07
12400.000000000093 6.970162882176088e-07
12450.000000000093 7.587534542930781e-07
12500.000000000093 7.969444342468002e-07
12550.000000000093 8.368913050251419e-07
12600.000000000093 8.408651761024068e-07
12650.000000000093 8.293120402000012e-07
12700.000000000093 8.412150210407868e-07
12750.000000000093 8.024799244179623e-07
12800.000000000093 8.009303554806397e-07
12850.000000000093 7.127426127616559e-07
12900.000000000093 6.616434845450235e-07
12950.000000000093 6.488412369330078e-07
13000.000000000093 6.499326097845897e-07
13050.000000000093 6.134608963363032e-07
13100.000000000093 5.934954634100115e-07
13150.000000000093 5.086497886751615e-07
13200.000000000093 4.7145402517270096e-07
13250.000000000093 3.4659402924418455e-07
13300.000000000093 2.0191032212453676e-07
13350.000000000093 6.850698523522056e-08
13400.000000000093 3.051660734169965e-08
13450.000000000093 1.9981718140606105e-08
13500.000000000093 1.1844156905016254e-08
13550.000000000093 9.080182899957635e-09
13600.000000000093 6.883134609389091e-09
13650.000000000093 1.631241685915208e-08
13700.000000000093 1.2639914977195486e-08
13750.000000000093 1.8068512939642035e-08
13800.000000000093 2.3788461656747157e-08
13850.000000000093 1.5939675405568128e-08
13900.000000000093 1.6043622215623294e-08
13950.000000000093 1.5612529597068625e-08
14000.000000000093 1.5202581216169293e-08
14050.000000000093 1.862137540787907e-08
14100.000000000093 1.3609256047797638e-08
14150.000000000093 1.945753448793951e-08
14200.000000000093 1.4760761992523054e-08
14250.000000000093 1.5668578423346945e-08
14300.000000000093 2.5271505571583028e-08
14350.000000000093 2.392455494109781e-08
14400.000000000093 2.4974105454933898e-08
14450.000000000093 2.9678760328886916e-08
14500.000000000093 4.915399557297336e-08
14550.000000000093 4.9161762462584986e-08
14600.000000000093 6.905842563434153e-08
14650.000000000093 6.80614212624198e-08
14700.000000000093 5.195891889455331e-08
14750.000000000093 6.696363251431239e-08
14800.000000000093 8.155856525223154e-08
14850.000000000093 8.582481589183156e-08
14900.000000000093 8.897475808322658e-08
14950.000000000093 1.0270718903630948e-07
15000.000000000093 1.1658532025589153e-07
15050.000000000093 1.3850060430544918e-07
15100.000000000093 1.5101843306528352e-07
15150.000000000093 1.61593864192353e-07
15200.000000000093 1.684472865279595e-07
15250.000000000093 2.0446251800499714e-07
15300.000000000093 2.2859383465556715e-07
15350.000000000093 2.654548331999839e-07
15400.000000000093 2.904697339021278e-07
15450.000000000093 3.1872397702024283e-07
15500.000000000093 3.356725037763066e-07
15550.000000000093 3.781194259727805e-07
15600.000000000093 3.840881932865102e-07
15650.000000000093 4.0371539409523105e-07
15700.000000000093 4.5000826875980444e-07
15750.000000000093 4.71538396435254e-07
15800.000000000093 4.636814574021334e-07
15850.000000000093 4.849004324144508e-07
15900.000000000093 4.821591914693736e-07
15950.000000000093 4.7516209001299257e-07
16000.000000000093 4.51913374403422e-07
16050.000000000093 4.0902147720861903e-07
16100.000000000093 3.7020884068299385e-07
16150.000000000093 3.144520053544113e-07
16200.000000000093 2.6385814350807934e-07
16250.000000000093 2.597570453883554e-07
16300.000000000093 2.3623774122547418e-07
16350.000000000093 2.495659652383965e-07
16400.000000000095 2.665951707605486e-07
16450.000000000095 2.796624274727091e-07
16500.000000000095 2.94662434074377e-07
16550.000000000095 2.8713243582305175e-07
16600.000000000095 2.879765779812529e-07
16650.000000000095 2.2478856127918853e-07
16700.000000000095 1.6518984792235735e-07
16750.000000000095 2.011111914495359e-07
16800.000000000095 2.4485937391516556e-07
16850.000000000095 2.3710898017131158e-07
16900.000000000095 2.2211605026860817e-07
16950.000000000095 2.0972302519092752e-07
17000.000000000095 1.9221473640450437e-07
17050.000000000095 2.2285379400259956e-07
17100.000000000095 2.296625775005164e-07
17150.000000000095 2.0601981650188177e-07
17200.000000000095 2.2778529317176087e-07
17250.000000000095 1.9909656210358623e-07
17300.000000000095 1.8258346068542014e-07
17350.000000000095 1.7056339812497739e-07
17400.000000000095 1.6321447806914376e-07
17450.000000000095 1.5335103537605566e-07
17500.000000000095 1.5855152650557168e-07
17550.000000000095 1.3616503685658068e-07
17600.000000000095 1.2542512805940521e-07
17650.000000000095 1.2033974280224716e-07
17700.000000000095 9.274750015179319e-08
17750.000000000095 7.84869906095265e-08
17800.000000000095 8.860898975171103e-08
17850.000000000095 6.086264015274275e-08
17900.000000000095 7.334874540384307e-08
17950.000000000095 5.471505867813629e-08
18000.000000000095 5.8653423795928056e-08
18050.000000000095 4.929027722132657e-08
18100.000000000095 4.752481615247536e-08
18150.000000000095 6.100342010689227e-08
18200.000000000095 3.9007236725282075e-08
18250.000000000095 7.620118288312267e-08
18300.000000000095 4.618227514705445e-08
18350.000000000095 4.311139373925212e-08
18400.000000000095 3.788770156680723e-08
18450.000000000095 4.7155395182501995e-08
18500.000000000095 4.90253223477403e-08
18550.000000000095 3.81559701446047e-08
18600.000000000095 3.420680167149131e-08
18650.000000000095 2.9978717512821195e-08
18700.000000000095 2.8277284499524774e-08
18750.000000000095 3.837183571604441e-08
18800.000000000095 6.783577189941132e-08
18850.000000000095 7.430735006428945e-08
18900.000000000095 6.54050824983045e-08
18950.000000000095 1.0339613642122261e-07
19000.000000000095 6.965394015399701e-08
19050.000000000095 5.310170484031281e-08
19100.000000000095 8.750591775557604e-08
19150.000000000095 6.392083307340639e-08
19200.000000000095 7.779910411433801e-08
19250.000000000095 6.221169133510539e-08
19300.000000000095 5.655835731582791e-08
19350.000000000095 5.335619305619254e-08
19400.000000000095 3.465855232676397e-08
19450.000000000095 6.164886377706358e-08
19500.000000000095 5.9314964033811e-08
19550.000000000095 4.82544397700153e-08
19600.000000000095 6.053002855183646e-08
19650.000000000095 7.193302399821802e-08
19700.000000000095 7.193710914184708e-08
19750.000000000095 7.375539118063853e-08
19800.000000000095 8.404473472502436e-08
19850.000000000095 1.0346602980339547e-07
19900.000000000095 8.061137622074446e-08
19950.000000000095 1.1631250956892856e-07
20000.000000000095 1.092645638019252e-07
20050.000000000095 1.2112448765825745e-07
20100.000000000095 1.2657561664255686e-07
20150.000000000095 1.2801515693998071e-07
20200.000000000095 1.4439900709173152e-07
20250.000000000095 1.6036604368486282e-07
20300.000000000095 1.5190032802390542e-07
20350.000000000095 1.7319591148306523e-07
20400.000000000095 1.7094476885340513e-07
20450.000000000095 1.9217670098970433e-07
20500.000000000095 1.989590903230331e-07
20550.000000000095 1.958409970073352e-07
20600.000000000095 2.1501286888695662e-07
20650.000000000095 2.102707071240466e-07
20700.000000000095 2.1204466277439236e-07
20750.000000000095 2.217015313270816e-07
20800.000000000095 2.2101849514940539e-07
20850.000000000095 2.237772582636718e-07
20900.000000000095 2.2979083924018159e-07
20950.000000000095 2.2426454411601034e-07
21000.000000000095 2.2740480333876232e-07
21050.000000000095 2.2214329092903987e-07
21100.000000000095 2.2190232130614415e-07
21150.000000000095 2.2330594682781556e-07
21200.000000000095 2.1686383408515048e-07
21250.000000000095 2.183903982118111e-07
21300.000000000095 2.0812806288284183e-07
21350.000000000095 2.0914342911842074e-07
21400.000000000095 2.0105923610207963e-07
21450.000000000095 1.9619970453484409e-07
21500.000000000095 1.9542892340197127e-07
21550.000000000095 1.898816416230224e-07
21600.000000000095 1.8487245517919763e-07
21650.000000000095 1.75225793505883e-07
21700.000000000095 1.7777147158677485e-07
21750.000000000095 1.6684338533073693e-07
21800.000000000095 1.5708988056971502e-07
21850.000000000095 1.4489604191054776e-07
21900.000000000095 1.3848678556316026e-07
21950.000000000095 1.0540279184615089e-07
22000.000000000095 7.306190292197512e-08
22050.000000000095 6.168592582847944e-08
22100.000000000095 8.525785824028178e-08
22150.000000000095 9.245740563940034e-08
22200.000000000095 9.109102682072893e-08
22250.000000000095 8.639376509689039e-08
22300.000000000095 8.189039925289433e-08
22350.000000000095 7.834028062747852e-08
22400.000000000095 6.719243530768259e-08
22450.000000000095 6.151451169924608e-08
22500.000000000095 6.386330113328802e-08
22550.000000000095 5.081950184406022e-08
22600.000000000095 5.705011905981539e-08
22650.000000000095 5.851056964041263e-08
22700.000000000095 5.606468804552391e-08
22750.000000000095 5.793367219343696e-08
22800.000000000095 5.5202009047848216e-08
22850.000000000095 4.893146318165316e-08
22900.000000000095 4.725377343970478e-08
22950.000000000095 4.5079737742975125e-08
23000.000000000095 3.815053463901615e-08
23050.000000000095 4.838582949485478e-08
23100.000000000095 6.487661523728539e-08
23150.000000000095 6.069255122433784e-08
23200.000000000095 3.1050327787343493e-08
23250.000000000095 3.53190364427472e-08
23300.000000000095 3.473754154372485e-08
23350.000000000095 3.049884710055439e-08
23400.000000000095 3.676116130135665e-08
23450.000000000095 3.547566044167659e-08
23500.000000000095 3.590964654108327e-08
23550.000000000095 4.7063615110343396e-08
23600.000000000095 5.0389585924577834e-08
23650.000000000095 5.4157226222468855e-08
23700.000000000095 3.335378373991217e-08
23750.000000000095 3.4248238378478004e-08
23800.000000000095 4.271521142197464e-08
23850.000000000095 4.0807130792902716e-08
23900.000000000095 5.6382830299163595e-08
23950.000000000095 5.631528907042328e-08
24000.000000000095 7.047951388518057e-08
24050.000000000095 7.054351532864799e-08
24100.000000000095 6.008962182352672e-08
24150.000000000095 6.69335996131e-08
24200.000000000095 7.188439681798429e-08
24250.000000000095 6.847757614301242e-08
24300.000000000095 7.353770698662686e-08
24350.000000000095 6.313105148883914e-08
24400.000000000095 8.826326076042625e-08
24450.000000000095 7.082370053776682e-08
24500.000000000095 7.709516761786172e-08
24550.000000000095 7.632064733293307e-08
24600.000000000095 8.341283850204887e-08
24650.000000000095 9.351545384614587e-08
24700.000000000095 6.836894495521281e-08
24750.000000000095 6.448934795142821e-08
24800.000000000095 6.802486269319992e-08
24850.000000000095 9.336880438307347e-08
24900.000000000095 4.593036964206985e-08
24950.000000000095 7.82742886141452e-08
25000.000000000095 7.221233492214832e-08
25050.000000000095 4.800415324005056e-08
25100.000000000095 6.547583955849175e-08
25150.000000000095 4.145469913394022e-08
25200.000000000095 5.557513476934458e-08
25250.000000000095 3.5404905653392406e-08
25300.000000000095 4.8871056987309405e-08
25350.000000000095 2.8410644611523474e-08
25400.000000000095 5.1673308114210926e-08
25450.000000000095 3.189661661541389e-08
25500.000000000095 3.126114837966988e-08
25550.000000000095 4.0953688427607044e-08
25600.000000000095 3.661174115707964e-08
25650.000000000095 2.3029531947135008e-08
25700.000000000095 4.4473613986744465e-08
25750.000000000095 2.192244706122748e-08
25800.000000000095 4.756089742033848e-08
25850.000000000095 2.2532959070316014e-08
25900.000000000095 3.5152422732527134e-08
25950.000000000095 1.9762933768536248e-08
26000.000000000095 4.519776732583381e-08
26050.000000000095 2.8722451331318544e-08
26100.000000000095 5.111503599326754e-08
26150.000000000095 4.0566221518930555e-08
26200.000000000095 4.396920284389962e-08
26250.000000000095 6.671385128208624e-08
26300.000000000095 4.478737304952193e-08
26350.000000000095 7.478445257661272e-08
26400.000000000095 8.090889543779177e-08
26450.000000000095 7.351600756263423e-08
26500.000000000095 7.503507995117772e-08
26550.000000000095 4.872944490708714e-08
26600.000000000095 5.877921119986627e-08
26650.000000000095 2.8511152288787448e-08
26700.000000000095 2.3701203949184085e-08
26750.000000000095 2.058074542997949e-08
26800.000000000095 2.9645902272902843e-08
26850.000000000095 1.7779121072576713e-08
26900.000000000095 3.8338222733059423e-08
26950.000000000095 1.983834995416308e-08
27000.000000000095 4.8995029848554466e-08
27050.000000000095 4.472031141955941e-08
27100.000000000095 2.9666817486996155e-08
27150.000000000095 5.725793143844745e-08
27200.000000000095 3.208113425281971e-08
27250.000000000095 3.872320175169889e-08
27300.000000000095 8.602947341266374e-08
27350.000000000095 6.356776911513736e-08
27400.000000000095 1.9440150200869948e-08
27450.000000000095 7.423359040890388e-08
27500.000000000095 8.247719594691744e-08
27550.000000000095 3.6977632273197875e-08
27600.000000000095 6.356869587265719e-08
27650.000000000095 3.156882012878337e-08
27700.000000000095 2.614866501851996e-08
27750.000000000095 6.491789405471552e-08
27800.000000000095 3.3585995699982544e-08
27850.000000000095 3.7547365757841323e-08
27900.000000000095 4.916642994488954e-08
27950.000000000095 6.740138850202519e-08
28000.000000000095 5.743862843878247e-08
28050.000000000095 2.5635462427653276e-08
28100.000000000095 7.598129466489439e-08
28150.000000000095 5.291604694450026e-08
28200.000000000095 2.565315756011499e-08
28250.000000000095 7.69563974781052e-08
28300.000000000095 9.503576549750786e-08
28350.000000000095 2.985528133981224e-08
28400.000000000095 6.612889496875899e-08
28450.000000000095 8.098092081623154e-08
28500.000000000095 6.254085490557546e-08
28550.000000000095 2.8987096161533998e-08
28600.000000000095 8.711908264083827e-08
28650.000000000095 7.403445111692261e-08
28700.000000000095 6.422142058490954e-08
28750.000000000095 8.949951122690383e-08
28800.000000000095 8.246051596411217e-08
28850.000000000095 9.697261140432775e-08
28900.000000000095 4.970685930764144e-08
28950.000000000095 1.1293224717670458e-07
29000.000000000095 8.048896472853291e-08
29050.000000000095 9.462362207027961e-08
29100.000000000095 6.23947957684069e-08
29150.000000000095 1.279623286935192e-07
29200.000000000095 8.178709051806483e-08
29250.000000000095 1.1206299305157682e-07
29300.000000000095 6.980135308215211e-08
