galfind/configs/Brown_Dwarf_templates/sonora_cholla/logkzz7/1000g/1150K_1000g_logkzz7_resample.dat
# %ECSV 1.0
# ---
# datatype:
# - {name: wav, unit: Angstrom, datatype: float64}
# - {name: flux_nu, unit: erg / (cm2 Hz s), datatype: float64}
# schema: astropy-2.0
wav flux_nu
[from data line 1161]
68050.00000000009 2.2129639868139154e-07
68100.00000000009 2.3175989448893954e-07
68150.00000000009 1.8701924100853475e-07
68200.00000000009 2.0097774549730412e-07
68250.00000000009 1.0454479029583365e-07
68300.00000000009 1.7905027254185395e-07
68350.00000000009 1.1864217148507761e-07
68400.00000000009 2.3103657696157568e-07
68450.00000000009 2.2514229957603875e-07
68500.00000000009 1.9482643803376022e-07
68550.00000000009 1.4085349263002478e-07
68600.00000000009 1.5249764564220559e-07
68650.00000000009 1.0876026635540964e-07
68700.00000000009 1.6479383460141202e-07
68750.00000000009 1.9368548232544473e-07
68800.00000000009 2.1170483436217343e-07
68850.00000000009 1.2492159534071265e-07
68900.00000000009 2.5838141090023037e-07
68950.00000000009 2.8520597246703184e-07
69000.00000000009 2.6499717112562453e-07
69050.00000000009 1.6800463720638898e-07
69100.00000000009 2.6860988768550533e-07
69150.00000000009 2.960709905406411e-07
69200.00000000009 1.8801736580287922e-07
69250.00000000009 2.754884765432733e-07
69300.00000000009 2.3074689400415055e-07
69350.00000000009 2.5499852703410943e-07
69400.00000000009 1.5394703559549954e-07
69450.00000000009 2.7446654436318857e-07
69500.00000000009 1.7657392738275701e-07
69550.00000000009 1.9649347322877863e-07
69600.00000000009 8.865412216500071e-08
69650.00000000009 1.7841344863027378e-07
69700.00000000009 2.4927703414670765e-07
69750.00000000009 1.9377003729746592e-07
69800.00000000009 2.3172284394708435e-07
69850.00000000009 2.5489185863917254e-07
69900.00000000009 1.908573288705554e-07
69950.00000000009 2.073062968494424e-07
70000.00000000009 1.7484028778690492e-07
70050.00000000009 2.587159680099203e-07
70100.00000000009 1.912544115194754e-07
70150.00000000009 2.210132582805501e-07
70200.00000000009 1.6548223685326828e-07
70250.00000000009 1.9988635960877732e-07
70300.00000000009 2.503243318231757e-07
70350.00000000009 1.9861107610720487e-07
70400.00000000009 1.737898817074471e-07
70450.00000000009 9.63167148229429e-08
70500.00000000009 1.4332222614269193e-07
70550.00000000009 1.4858821522248617e-07
70600.00000000009 1.6568544456917413e-07
70650.00000000009 2.1831540820961832e-07
70700.00000000009 2.0667533689723782e-07
70750.00000000009 2.528319560460684e-07
70800.00000000009 1.7699067309063248e-07
70850.00000000009 1.6357684647756631e-07
70900.00000000009 1.6861806541090948e-07
70950.00000000009 2.3227289807604596e-07
71000.00000000009 2.059752823263269e-07
71050.00000000009 2.183574228287132e-07
71100.00000000009 1.9817614175182154e-07
71150.00000000009 1.852762840435167e-07
71200.00000000009 1.6317996711318708e-07
71250.00000000009 1.8949768844652949e-07
71300.00000000009 2.2553516832671687e-07
71350.00000000009 2.0992399330670912e-07
71400.00000000009 2.075483167919357e-07
71450.00000000009 1.330873473186177e-07
71500.00000000009 1.667793047577361e-07
71550.00000000009 1.6755146510409205e-07
71600.00000000009 2.0204557957197527e-07
71650.00000000009 1.7169402466338263e-07
71700.00000000009 1.436716837236333e-07
71750.00000000009 1.8262251723215368e-07
71800.00000000009 2.209223293992413e-07
71850.00000000009 2.2431109191849573e-07
71900.00000000009 1.531513773660434e-07
71950.00000000009 1.8021277615994656e-07
72000.00000000009 1.7021781093001695e-07
72050.00000000009 1.3363546317855656e-07
72100.00000000009 1.572439337320857e-07
72150.00000000009 1.5313462489138122e-07
72200.00000000009 1.7905216894310206e-07
72250.00000000009 2.012400356345973e-07
72300.00000000009 1.8306587542107115e-07
72350.00000000009 1.7361215108985354e-07
72400.00000000009 1.613055680604222e-07
72450.00000000009 1.4667543430255167e-07
72500.00000000009 1.7051559088066578e-07
72550.00000000009 1.1001009238614607e-07
72600.00000000009 1.1863031591764201e-07
72650.00000000009 1.9258409815402202e-07
72700.00000000009 1.8678949778021726e-07
72750.00000000009 1.624965765262248e-07
72800.00000000009 1.5151286841062412e-07
72850.00000000009 1.5380912647196337e-07
72900.00000000009 1.9964181367857344e-07
72950.00000000009 1.6987540676303e-07
73000.00000000009 1.7246438037184585e-07
73050.00000000009 1.4796100680585598e-07
73100.00000000009 1.3603641133690804e-07
73150.00000000009 2.2683759960033048e-07
73200.00000000009 1.4922896709479003e-07
73250.00000000009 1.7310853751650333e-07
73300.00000000009 1.6477525249743363e-07
73350.00000000009 1.31471324040011e-07
73400.00000000009 1.6288194650023294e-07
73450.00000000009 1.1277221192248071e-07
73500.00000000009 1.2371355864115905e-07
73550.00000000009 1.6106336048950301e-07
73600.00000000009 1.3160815615984992e-07
73650.00000000009 1.6229797198129605e-07
73700.00000000009 1.9118774090539967e-07
73750.00000000009 1.2614014076221133e-07
73800.00000000009 1.4881543562523365e-07
73850.00000000009 1.6822436861735734e-07
73900.00000000009 1.7881830499929487e-07
73950.00000000009 1.461290678438782e-07
74000.00000000009 1.3777831701759477e-07
74050.00000000009 2.2567468990588996e-07
74100.00000000009 1.4951623406210845e-07
74150.00000000009 1.6541634471198313e-07
74200.00000000009 1.4839873119756745e-07
74250.00000000009 1.0562497818251593e-07
74300.00000000009 1.5430054757995673e-07
74350.00000000009 1.7999196181465139e-07
74400.00000000009 1.592982283634917e-07
74450.00000000009 1.1273109730625752e-07
74500.00000000009 1.2486417816836552e-07
74550.00000000009 1.5412818333109326e-07
74600.00000000009 1.3923604845181283e-07
74650.00000000009 1.356910936599533e-07
74700.00000000009 1.1021533318999987e-07
74750.00000000009 1.3282355472385016e-07
74800.00000000009 1.3172572539900695e-07
74850.00000000009 1.140010208100589e-07
74900.00000000009 2.010897764308324e-07
74950.00000000009 1.839038970006537e-07
75000.00000000009 1.5977441791184377e-07
75050.00000000009 1.30106519822261e-07
75100.00000000009 2.068370990821869e-07
75150.00000000009 1.7129237736193616e-07
75200.00000000009 1.943554262589849e-07
75250.00000000009 1.9812304677238787e-07
75300.00000000009 1.9810089685483325e-07
75350.00000000009 1.1865893559506353e-07
75400.00000000009 1.9183441168097106e-07
75450.00000000009 1.688577978584543e-07
75500.00000000009 1.6262110473197188e-07
75550.00000000009 1.9385370391292376e-07
75600.00000000009 2.381208121851219e-07
75650.00000000009 1.7038808682134784e-07
75700.00000000009 1.6815770095125377e-07
75750.00000000009 1.324313343902829e-07
75800.00000000009 1.7856618977037065e-07
75850.00000000009 2.007259202627225e-07
75900.00000000009 1.7331581958036624e-07
75950.00000000009 1.4695731065731752e-07
76000.00000000009 1.7076394292533845e-07
76050.00000000009 1.7675049194442096e-07
76100.00000000009 1.6533245066447123e-07
76150.00000000009 1.824747528573716e-07
76200.00000000009 1.8538717507884465e-07
76250.00000000009 2.2645919997288165e-07
76300.00000000009 2.53883934967112e-07
76350.00000000009 2.9318768126357463e-07
76400.00000000009 2.245992686922991e-07
76450.00000000009 2.134381633151789e-07
76500.00000000009 1.8538283349815492e-07
76550.00000000009 1.656604387061761e-07
76600.00000000009 8.577172864623196e-08
76650.00000000009 1.0153536013309444e-07
76700.00000000009 1.1207707908786203e-07
76750.00000000009 1.0138068377317608e-07
76800.00000000009 1.530569728898945e-07
76850.00000000009 7.998810986739035e-08
76900.00000000009 8.904398754067943e-08
76950.00000000009 1.2623616249382182e-07
77000.00000000009 1.3145767087481283e-07
77050.00000000009 1.0273355884875678e-07
77100.00000000009 1.0384546272600279e-07
77150.00000000009 1.35616044115794e-07
77200.00000000009 1.271995927524432e-07
77250.00000000009 1.3696267875476e-07
77300.00000000009 1.297173054844314e-07
77350.00000000009 9.056893935092781e-08
77400.00000000009 8.52769157494712e-08
77450.00000000009 9.96062797672564e-08
77500.00000000009 1.1227767418028033e-07
77550.00000000009 1.2598148920099845e-07
77600.00000000009 1.3453346675565307e-07
77650.00000000009 1.3125257287492614e-07
77700.00000000009 1.1198287379401309e-07
77750.00000000009 1.5611628830727272e-07
77800.00000000009 1.3890514941752374e-07
77850.00000000009 1.809714100072989e-07
77900.00000000009 1.564364040446812e-07
77950.00000000009 1.1047955171474429e-07
78000.00000000009 1.373264969187663e-07
78050.00000000009 1.376704823327418e-07
78100.00000000009 1.0873910931564348e-07
78150.00000000009 1.6464986269523846e-07
78200.00000000009 1.6960449457718067e-07
78250.00000000009 1.8938415448970908e-07
78300.00000000009 1.7741719486512673e-07
78350.00000000009 1.6769351385828424e-07
78400.00000000009 1.453295975914211e-07
78450.00000000009 1.9490151181813987e-07
78500.00000000009 1.9338592502822264e-07
78550.00000000009 1.8249562665841402e-07
78600.00000000009 1.6385967822633455e-07
78650.00000000009 9.168832977659343e-08
78700.00000000009 1.458988530721086e-07
78750.00000000009 1.381343734491068e-07
78800.00000000009 1.7811190781511988e-07
78850.00000000009 1.1790737308032047e-07
78900.00000000009 1.5958263221445283e-07
78950.00000000009 1.4249601576864098e-07
79000.00000000009 1.5997978241732126e-07
79050.00000000009 1.4650223622312003e-07
79100.00000000009 1.5199343185108672e-07
79150.00000000009 1.7419612527829406e-07
79200.00000000009 1.8837092688547806e-07
79250.00000000009 1.6102681253060874e-07
79300.00000000009 1.2667113909307803e-07
79350.00000000009 1.8202473328010554e-07
79400.00000000009 1.503480651900122e-07
79450.00000000009 1.7625445195226515e-07
79500.00000000009 2.2867385370190068e-07
79550.00000000009 1.8988981495609188e-07
79600.00000000009 1.3022446690711682e-07
79650.00000000009 1.597792481138524e-07
79700.00000000009 1.946407406556673e-07
79750.00000000009 1.9480562678789673e-07
79800.00000000009 1.6075679545251048e-07
79850.00000000009 1.61795385647623e-07
79900.00000000009 2.472845601100869e-07
79950.00000000009 1.8698548244766375e-07
