galfind/configs/Brown_Dwarf_templates/sonora_cholla/logkzz7/1000g/1150K_1000g_logkzz7_resample.dat
# %ECSV 1.0
# ---
# datatype:
# - {name: wav, unit: Angstrom, datatype: float64}
# - {name: flux_nu, unit: erg / (cm2 Hz s), datatype: float64}
# schema: astropy-2.0
wav flux_nu
10000.000000000093 nan
10050.000000000093 2.796519252780849e-07
10100.000000000093 3.231984223054242e-07
10150.000000000093 3.2421856445783693e-07
10200.000000000093 3.5292494560958685e-07
10250.000000000093 3.769188609039207e-07
10300.000000000093 3.899320113228086e-07
10350.000000000093 4.41452324094798e-07
10400.000000000093 4.748942333873986e-07
10450.000000000093 4.957781481666637e-07
10500.000000000093 4.956970236065519e-07
10550.000000000093 5.033140006631305e-07
10600.000000000093 5.244335363113506e-07
10650.000000000093 5.494841142097643e-07
10700.000000000093 5.7605195923332e-07
10750.000000000093 5.98998686456792e-07
10800.000000000093 6.16140599953513e-07
10850.000000000093 6.370447481732198e-07
10900.000000000093 5.54111568698274e-07
10950.000000000093 3.83472902871257e-07
11000.000000000093 3.0011235024725443e-07
11050.000000000093 2.2127565523769904e-07
11100.000000000093 1.7208245291842638e-07
11150.000000000093 1.3361480046694275e-07
11200.000000000093 1.4381757504212654e-07
11250.000000000093 1.848363788852096e-07
11300.000000000093 1.789624164696514e-07
11350.000000000093 9.808907286510181e-08
11400.000000000093 2.0019796061322797e-07
11450.000000000093 1.5359558098129882e-07
11500.000000000093 1.8957292731378428e-07
11550.000000000093 1.4274830458723433e-07
11600.000000000093 1.4701616051948332e-07
11650.000000000093 1.7103404491826717e-07
11700.000000000093 1.7768711032879995e-07
11750.000000000093 1.6481547020751015e-07
11800.000000000093 2.1852910331580728e-07
11850.000000000093 2.7625291287272444e-07
11900.000000000093 3.09489370310377e-07
11950.000000000093 3.762143907606406e-07
12000.000000000093 4.135424211134151e-07
12050.000000000093 4.793060344429981e-07
12100.000000000093 5.225877088277208e-07
12150.000000000093 5.867555635995833e-07
12200.000000000093 6.391725738870241e-07
12250.000000000093 6.992623918951442e-07
12300.000000000093 7.587307970297459e-07
12350.000000000093 7.815739999648789e-07
12400.000000000093 8.203180598445456e-07
12450.000000000093 8.901299957868202e-07
12500.000000000093 9.321091965212957e-07
12550.000000000093 9.79377537893343e-07
12600.000000000093 9.86988894853229e-07
12650.000000000093 9.740088435376498e-07
12700.000000000093 9.953828110402847e-07
12750.000000000093 9.529268159896195e-07
12800.000000000093 9.571065148162823e-07
12850.000000000093 8.611819682448632e-07
12900.000000000093 8.036652699283944e-07
12950.000000000093 7.957505189457384e-07
13000.000000000093 7.998348995161213e-07
13050.000000000093 7.65335378435611e-07
13100.000000000093 7.412259218458601e-07
13150.000000000093 6.452120131203886e-07
13200.000000000093 5.984242431783996e-07
13250.000000000093 4.458956344004985e-07
13300.000000000093 2.639891232266024e-07
13350.000000000093 8.975976467901578e-08
13400.000000000093 4.186124470678978e-08
13450.000000000093 2.8264964023850787e-08
13500.000000000093 1.728191533595718e-08
13550.000000000093 1.3609861132789361e-08
13600.000000000093 1.0763069166909502e-08
13650.000000000093 2.41737426524056e-08
13700.000000000093 1.9029103732824386e-08
13750.000000000093 2.5992571673032195e-08
13800.000000000093 3.429758199501555e-08
13850.000000000093 2.3773039926432108e-08
13900.000000000093 2.3843063927335407e-08
13950.000000000093 2.3058863056963453e-08
14000.000000000093 2.2192861431903226e-08
14050.000000000093 2.6793280505588094e-08
14100.000000000093 1.9577769130557662e-08
14150.000000000093 2.753199101204145e-08
14200.000000000093 2.1157390226115264e-08
14250.000000000093 2.2181911565231102e-08
14300.000000000093 3.4181721705119964e-08
14350.000000000093 3.269518073336472e-08
14400.000000000093 3.412742502967999e-08
14450.000000000093 3.9686586244715015e-08
14500.000000000093 6.422432661710606e-08
14550.000000000093 6.415469999989738e-08
14600.000000000093 8.840195771348001e-08
14650.000000000093 8.749387534721905e-08
14700.000000000093 6.810518729834523e-08
14750.000000000093 8.638195759653685e-08
14800.000000000093 1.0460368040958676e-07
14850.000000000093 1.1003708832033287e-07
14900.000000000093 1.1351491869959295e-07
14950.000000000093 1.2903306880950203e-07
15000.000000000093 1.4513752754847534e-07
15050.000000000093 1.7291309957322756e-07
15100.000000000093 1.8744573493352222e-07
15150.000000000093 2.0085285350609104e-07
15200.000000000093 2.0764023022338116e-07
15250.000000000093 2.4884693820872074e-07
15300.000000000093 2.777513942755416e-07
15350.000000000093 3.2020400519235556e-07
15400.000000000093 3.487939987418956e-07
15450.000000000093 3.824284403399146e-07
15500.000000000093 4.0231703585799494e-07
15550.000000000093 4.515647697366364e-07
15600.000000000093 4.5843624515340254e-07
15650.000000000093 4.813662162147633e-07
15700.000000000093 5.359768483790949e-07
15750.000000000093 5.618156939066997e-07
15800.000000000093 5.52787487405368e-07
15850.000000000093 5.801589107155967e-07
15900.000000000093 5.794901318040918e-07
15950.000000000093 5.754966455851908e-07
16000.000000000093 5.540279397170548e-07
16050.000000000093 5.116123172223973e-07
16100.000000000093 4.724161320296286e-07
16150.000000000093 4.116240577880907e-07
16200.000000000093 3.5690317197601535e-07
16250.000000000093 3.5368805365652906e-07
16300.000000000093 3.261083976849621e-07
16350.000000000093 3.4216226719693104e-07
16400.000000000095 3.620146378237852e-07
16450.000000000095 3.7687981412779364e-07
16500.000000000095 3.9516623541351853e-07
16550.000000000095 3.8619471624639474e-07
16600.000000000095 3.830172616899794e-07
16650.000000000095 3.125964378251256e-07
16700.000000000095 2.422630384892737e-07
16750.000000000095 2.8216390421653985e-07
16800.000000000095 3.3385082329735167e-07
16850.000000000095 3.2290572108449166e-07
16900.000000000095 3.060710595940268e-07
16950.000000000095 2.9107830438159186e-07
17000.000000000095 2.70481163197619e-07
17050.000000000095 3.0678774852176096e-07
17100.000000000095 3.1002587969882083e-07
17150.000000000095 2.7961413317110723e-07
17200.000000000095 2.9917602271687064e-07
17250.000000000095 2.643101388846447e-07
17300.000000000095 2.437196646903905e-07
17350.000000000095 2.280847286554067e-07
17400.000000000095 2.1655428847464567e-07
17450.000000000095 2.0048077162495893e-07
17500.000000000095 2.051052639975728e-07
17550.000000000095 1.7747533237711006e-07
17600.000000000095 1.649667260204689e-07
17650.000000000095 1.5911569534155014e-07
17700.000000000095 1.2221244164467764e-07
17750.000000000095 1.0460127313459538e-07
17800.000000000095 1.164944455749533e-07
17850.000000000095 8.090500616687825e-08
17900.000000000095 9.815149828170427e-08
17950.000000000095 7.482320498904385e-08
18000.000000000095 7.83124597686753e-08
18050.000000000095 6.739766917877435e-08
18100.000000000095 6.43377110559227e-08
18150.000000000095 8.219785643366729e-08
18200.000000000095 5.3702296109003117e-08
18250.000000000095 1.0074741010477578e-07
18300.000000000095 6.387757383467964e-08
18350.000000000095 5.999604671141327e-08
18400.000000000095 5.329676244536894e-08
18450.000000000095 6.264683456089287e-08
18500.000000000095 6.574549173247634e-08
18550.000000000095 5.1993163473840815e-08
18600.000000000095 4.618995706122164e-08
18650.000000000095 4.152489422821032e-08
18700.000000000095 4.0387599913361105e-08
18750.000000000095 5.264624583071636e-08
18800.000000000095 8.838690972064533e-08
18850.000000000095 9.780812465530029e-08
18900.000000000095 8.645653888828175e-08
18950.000000000095 1.332676701246303e-07
19000.000000000095 9.375936725310137e-08
19050.000000000095 7.29975433763378e-08
19100.000000000095 1.1611154992780713e-07
19150.000000000095 8.7670008092409e-08
19200.000000000095 1.0388420221403857e-07
19250.000000000095 8.458227919489666e-08
19300.000000000095 7.811004829583435e-08
19350.000000000095 7.296593652921569e-08
19400.000000000095 4.761747209100808e-08
19450.000000000095 8.282789016897532e-08
19500.000000000095 7.989906979041788e-08
19550.000000000095 6.485845975592457e-08
19600.000000000095 8.048594881613493e-08
19650.000000000095 9.488477795655141e-08
19700.000000000095 9.43609340419477e-08
19750.000000000095 9.500799793081618e-08
19800.000000000095 1.0871321958509659e-07
19850.000000000095 1.321476749583085e-07
19900.000000000095 1.0265465080795359e-07
19950.000000000095 1.466832385748835e-07
20000.000000000095 1.3822392062431962e-07
20050.000000000095 1.5355732633464913e-07
20100.000000000095 1.5841847680881468e-07
20150.000000000095 1.6241784931576896e-07
20200.000000000095 1.8290143268633694e-07
20250.000000000095 2.0118325136520987e-07
20300.000000000095 1.9060221838076484e-07
20350.000000000095 2.1691423421366568e-07
20400.000000000095 2.1559849193330585e-07
20450.000000000095 2.4056612656298634e-07
20500.000000000095 2.495711777825679e-07
20550.000000000095 2.452193781064339e-07
20600.000000000095 2.7036798499777755e-07
20650.000000000095 2.634283594213724e-07
20700.000000000095 2.6681164971245576e-07
20750.000000000095 2.7909517944682273e-07
20800.000000000095 2.792245700309074e-07
20850.000000000095 2.8208454359656124e-07
20900.000000000095 2.9076367396900455e-07
20950.000000000095 2.841402252888428e-07
21000.000000000095 2.8895695454022346e-07
21050.000000000095 2.824719087031898e-07
21100.000000000095 2.830095158287963e-07
21150.000000000095 2.8532406575467204e-07
21200.000000000095 2.774524618947678e-07
21250.000000000095 2.804258929641751e-07
21300.000000000095 2.677795152018542e-07
21350.000000000095 2.7027499399397713e-07
21400.000000000095 2.594217886430035e-07
21450.000000000095 2.562353943062885e-07
21500.000000000095 2.5467162737571413e-07
21550.000000000095 2.481660163583021e-07
21600.000000000095 2.426868468237294e-07
21650.000000000095 2.310140474177152e-07
21700.000000000095 2.339074240583141e-07
21750.000000000095 2.2038817872345975e-07
21800.000000000095 2.0914710254935628e-07
21850.000000000095 1.9439899732942076e-07
21900.000000000095 1.8761848003174206e-07
21950.000000000095 1.4778554829523966e-07
22000.000000000095 1.0958857521031065e-07
22050.000000000095 9.276469669196601e-08
22100.000000000095 1.2124820677444014e-07
22150.000000000095 1.3020951838900975e-07
22200.000000000095 1.2911123677833133e-07
22250.000000000095 1.228497733873815e-07
22300.000000000095 1.186110827552201e-07
22350.000000000095 1.1329057866344062e-07
22400.000000000095 1.0023489127341312e-07
22450.000000000095 9.145688555269557e-08
22500.000000000095 9.419402769553135e-08
22550.000000000095 7.809759557687186e-08
22600.000000000095 8.619226823369678e-08
22650.000000000095 8.652491973471218e-08
22700.000000000095 8.391208506016913e-08
22750.000000000095 8.657181014210994e-08
22800.000000000095 8.24493726252098e-08
22850.000000000095 7.378029119056211e-08
22900.000000000095 7.224447223890073e-08
22950.000000000095 6.82517479136263e-08
23000.000000000095 5.710733272326568e-08
23050.000000000095 7.18239033529835e-08
23100.000000000095 9.072671874936801e-08
23150.000000000095 8.615541021682943e-08
23200.000000000095 4.930293480582798e-08
23250.000000000095 5.4031060791690106e-08
23300.000000000095 5.249109162814915e-08
23350.000000000095 4.682489723345822e-08
23400.000000000095 5.5047670194711664e-08
23450.000000000095 5.3638166325153456e-08
23500.000000000095 5.476070547456649e-08
23550.000000000095 7.007329965753157e-08
23600.000000000095 7.389620669902718e-08
23650.000000000095 7.877541787052997e-08
23700.000000000095 5.161752556420148e-08
23750.000000000095 5.3415594358967914e-08
23800.000000000095 6.258209428134147e-08
23850.000000000095 6.028757040269634e-08
23900.000000000095 8.064055130842103e-08
23950.000000000095 8.143561527812644e-08
24000.000000000095 9.956296329432103e-08
24050.000000000095 9.832866997908984e-08
24100.000000000095 8.44985403617262e-08
24150.000000000095 9.353190134839658e-08
24200.000000000095 9.979812752271242e-08
24250.000000000095 9.681016047017363e-08
24300.000000000095 1.0024472154311267e-07
24350.000000000095 8.796455295339132e-08
24400.000000000095 1.190885814682934e-07
24450.000000000095 9.551928636648986e-08
24500.000000000095 1.0358003700972045e-07
24550.000000000095 1.0068931857727677e-07
24600.000000000095 1.0897296427674657e-07
24650.000000000095 1.2213890706834326e-07
24700.000000000095 8.9781462908905e-08
24750.000000000095 8.356384329790145e-08
24800.000000000095 8.918083651121204e-08
24850.000000000095 1.1981866826795309e-07
24900.000000000095 6.031573836472112e-08
24950.000000000095 1.011665622029978e-07
25000.000000000095 9.35884077517011e-08
25050.000000000095 6.317682680905372e-08
25100.000000000095 8.495783270775082e-08
25150.000000000095 5.478606319619029e-08
25200.000000000095 7.242547301245706e-08
25250.000000000095 4.7953658794164755e-08
25300.000000000095 6.521073176081916e-08
25350.000000000095 3.8789269478096895e-08
25400.000000000095 6.802885875540449e-08
25450.000000000095 4.352252882102924e-08
25500.000000000095 4.271768042147521e-08
25550.000000000095 5.480076779703239e-08
25600.000000000095 5.019801119014954e-08
25650.000000000095 3.2270567839186295e-08
25700.000000000095 6.12395286720515e-08
25750.000000000095 3.126514595782737e-08
25800.000000000095 6.42849709411613e-08
25850.000000000095 3.2368444519506745e-08
25900.000000000095 4.9709086245984786e-08
25950.000000000095 2.9050049929842757e-08
26000.000000000095 6.088940635681146e-08
26050.000000000095 4.1735703077046096e-08
26100.000000000095 6.97933322567353e-08
26150.000000000095 5.6896637132864155e-08
26200.000000000095 6.10739120692301e-08
26250.000000000095 8.729313666287933e-08
26300.000000000095 6.160112783600234e-08
26350.000000000095 9.629209358179365e-08
26400.000000000095 1.0444126403189203e-07
26450.000000000095 9.577303116800235e-08
26500.000000000095 9.588344142165677e-08
26550.000000000095 6.641778856508676e-08
26600.000000000095 8.025196727814132e-08
26650.000000000095 4.0828737726720354e-08
26700.000000000095 3.464992631592521e-08
26750.000000000095 2.9775556236252374e-08
26800.000000000095 4.1805641095119774e-08
26850.000000000095 2.5387965973515514e-08
26900.000000000095 5.1984170606181814e-08
26950.000000000095 2.7535281102470937e-08
27000.000000000095 6.42545718363288e-08
27050.000000000095 5.872454592120355e-08
27100.000000000095 4.1027988664432143e-08
27150.000000000095 7.399308580616851e-08
27200.000000000095 4.462119371560333e-08
27250.000000000095 5.190922801042871e-08
27300.000000000095 1.0829135612132598e-07
27350.000000000095 8.253296958713499e-08
27400.000000000095 2.793545805548572e-08
27450.000000000095 9.69436916122387e-08
27500.000000000095 1.0445467402332366e-07
27550.000000000095 5.096261797544685e-08
27600.000000000095 8.528749098693434e-08
27650.000000000095 4.338766637555573e-08
27700.000000000095 3.6471805908489176e-08
27750.000000000095 8.572524090981366e-08
27800.000000000095 4.582702393990965e-08
27850.000000000095 5.0824031390987535e-08
27900.000000000095 6.599752610455807e-08
27950.000000000095 8.686124358374422e-08
28000.000000000095 7.562924778795525e-08
28050.000000000095 3.555625720847822e-08
28100.000000000095 9.881344116844061e-08
28150.000000000095 7.011275142029106e-08
28200.000000000095 3.512612218077033e-08
28250.000000000095 9.851947382835524e-08
28300.000000000095 1.2159123590637914e-07
28350.000000000095 4.0066435801252913e-08
28400.000000000095 8.642731993577539e-08
28450.000000000095 1.0207804366344542e-07
28500.000000000095 8.170859121668073e-08
28550.000000000095 3.9354773555862256e-08
28600.000000000095 1.1117990616790849e-07
28650.000000000095 9.478414979771687e-08
28700.000000000095 8.230960785034235e-08
28750.000000000095 1.1194082818803553e-07
28800.000000000095 1.0371946194124725e-07
28850.000000000095 1.2247314538081943e-07
28900.000000000095 6.375552218095048e-08
28950.000000000095 1.3993019492722746e-07
29000.000000000095 1.0049778824555159e-07
29050.000000000095 1.1806015398520752e-07
29100.000000000095 7.814885923036967e-08
29150.000000000095 1.5597069278217607e-07
29200.000000000095 1.0202516336836872e-07
29250.000000000095 1.3785903410539028e-07
29300.000000000095 8.701635921816699e-08
