galfind/configs/Brown_Dwarf_templates/sonora_cholla/logkzz7/1000g/1200K_1000g_logkzz7_resample.dat
# %ECSV 1.0
# ---
# datatype:
# - {name: wav, unit: Angstrom, datatype: float64}
# - {name: flux_nu, unit: erg / (cm2 Hz s), datatype: float64}
# schema: astropy-2.0
wav flux_nu
10000.000000000093 nan
10050.000000000093 1.826874073789305e-07
10100.000000000093 2.124812303847919e-07
10150.000000000093 2.1914832888488335e-07
10200.000000000093 2.4197238443925854e-07
10250.000000000093 2.627516018129766e-07
10300.000000000093 2.7628092410387927e-07
10350.000000000093 3.162723051731178e-07
10400.000000000093 3.5088079318040716e-07
10450.000000000093 3.719220344641191e-07
10500.000000000093 3.7836222860691307e-07
10550.000000000093 3.9103105839178927e-07
10600.000000000093 4.145314418958926e-07
10650.000000000093 4.4128368376941933e-07
10700.000000000093 4.7050275831210865e-07
10750.000000000093 4.974270088972867e-07
10800.000000000093 5.205864958542789e-07
10850.000000000093 5.500179024374112e-07
10900.000000000093 4.979421798397122e-07
10950.000000000093 3.7104957100065207e-07
11000.000000000093 3.0436959682137815e-07
11050.000000000093 2.3652568467948472e-07
11100.000000000093 1.934436291130566e-07
11150.000000000093 1.5705425788103878e-07
11200.000000000093 1.6949964532453875e-07
11250.000000000093 2.1552339484691674e-07
11300.000000000093 2.1107457304308257e-07
11350.000000000093 1.2683534715695737e-07
11400.000000000093 2.4807663768565217e-07
11450.000000000093 1.947186096763762e-07
11500.000000000093 2.4256383883035584e-07
11550.000000000093 1.8631082903142492e-07
11600.000000000093 1.9558194024488578e-07
11650.000000000093 2.2243510957625813e-07
11700.000000000093 2.2906691989283905e-07
11750.000000000093 2.19156624955255e-07
11800.000000000093 2.763644330940575e-07
11850.000000000093 3.208696005174983e-07
11900.000000000093 3.727308882454829e-07
11950.000000000093 3.9857043864733027e-07
12000.000000000093 4.780052058578082e-07
12050.000000000093 5.544906227870671e-07
12100.000000000093 5.983999533144823e-07
12150.000000000093 6.704972842996563e-07
12200.000000000093 7.233618173569293e-07
12250.000000000093 7.888022121986751e-07
12300.000000000093 8.508363618703714e-07
12350.000000000093 8.715075347891067e-07
12400.000000000093 9.002294995472094e-07
12450.000000000093 9.733443697704141e-07
12500.000000000093 1.0166836509650277e-06
12550.000000000093 1.0690437258144401e-06
12600.000000000093 1.0709918360582147e-06
12650.000000000093 1.0368971400571245e-06
12700.000000000093 1.05382145672976e-06
12750.000000000093 1.0611420863394024e-06
12800.000000000093 1.0879357373911477e-06
12850.000000000093 9.911012215828942e-07
12900.000000000093 9.292330308633174e-07
12950.000000000093 9.284173278299727e-07
13000.000000000093 9.307946789433811e-07
13050.000000000093 9.013761390525514e-07
13100.000000000093 8.80151464367394e-07
13150.000000000093 7.800091395811327e-07
13200.000000000093 7.266820886899201e-07
13250.000000000093 5.51044316107991e-07
13300.000000000093 3.3370054520612133e-07
13350.000000000093 1.145560447770674e-07
13400.000000000093 5.5611733016358826e-08
13450.000000000093 3.855286682805287e-08
13500.000000000093 2.4239548305700976e-08
13550.000000000093 1.9489993885450082e-08
13600.000000000093 1.599928709009122e-08
13650.000000000093 3.4340793656269785e-08
13700.000000000093 2.7384264593331188e-08
13750.000000000093 3.6077346212306476e-08
13800.000000000093 4.7663679683338804e-08
13850.000000000093 3.396983781316036e-08
13900.000000000093 3.398471615936185e-08
13950.000000000093 3.268499585628417e-08
14000.000000000093 3.116832157944844e-08
14050.000000000093 3.716843647663457e-08
14100.000000000093 2.715015929446739e-08
14150.000000000093 3.761498468634624e-08
14200.000000000093 2.9234236252106103e-08
14250.000000000093 3.0353032006676874e-08
14300.000000000093 4.497316453517463e-08
14350.000000000093 4.335455319519457e-08
14400.000000000093 4.52315916527516e-08
14450.000000000093 5.169350815714496e-08
14500.000000000093 8.182789244225785e-08
14550.000000000093 8.161671936380575e-08
14600.000000000093 1.1061335115992749e-07
14650.000000000093 1.097281156504921e-07
14700.000000000093 8.686910880904498e-08
14750.000000000093 1.0851936968768754e-07
14800.000000000093 1.3050508885063587e-07
14850.000000000093 1.3728715350318178e-07
14900.000000000093 1.410039626178293e-07
14950.000000000093 1.5801695347004608e-07
15000.000000000093 1.764893789138077e-07
15050.000000000093 2.1041269784685944e-07
15100.000000000093 2.2659775270541547e-07
15150.000000000093 2.426740021846979e-07
15200.000000000093 2.493784521103655e-07
15250.000000000093 2.9492990555066214e-07
15300.000000000093 3.282467905464464e-07
15350.000000000093 3.7563108670940524e-07
15400.000000000093 4.0612059920686857e-07
15450.000000000093 4.435125987240871e-07
15500.000000000093 4.6417277606458755e-07
15550.000000000093 5.168014700422508e-07
15600.000000000093 5.189553451531743e-07
15650.000000000093 5.410201397983531e-07
15700.000000000093 6.043036402142684e-07
15750.000000000093 6.340731619595139e-07
15800.000000000093 6.267537052217874e-07
15850.000000000093 6.628177580456901e-07
15900.000000000093 6.569716942522712e-07
15950.000000000093 6.68867725798937e-07
16000.000000000093 6.491432452424602e-07
16050.000000000093 6.090617690872125e-07
16100.000000000093 5.765658274416463e-07
16150.000000000093 5.147824419524916e-07
16200.000000000093 4.624335877614315e-07
16250.000000000093 4.6119636198470837e-07
16300.000000000093 4.317625743769234e-07
16350.000000000093 4.502371029185117e-07
16400.000000000095 4.724680660036332e-07
16450.000000000095 4.878781145192641e-07
16500.000000000095 5.099181200912908e-07
16550.000000000095 4.998069531657389e-07
16600.000000000095 4.923192384679156e-07
16650.000000000095 4.218816042180202e-07
16700.000000000095 3.4419248290148665e-07
16750.000000000095 3.861349158303052e-07
16800.000000000095 4.435348444877359e-07
16850.000000000095 4.2865820342545234e-07
16900.000000000095 4.102956909972298e-07
16950.000000000095 3.928417552806876e-07
17000.000000000095 3.6984241428192306e-07
17050.000000000095 4.0984552625227267e-07
17100.000000000095 4.063550622184254e-07
17150.000000000095 3.6813860690229034e-07
17200.000000000095 3.8250750801244933e-07
17250.000000000095 3.409878304373595e-07
17300.000000000095 3.1601373149874223e-07
17350.000000000095 2.966793414468667e-07
17400.000000000095 2.7986847295957906e-07
17450.000000000095 2.55680665744261e-07
17500.000000000095 2.5876452498750634e-07
17550.000000000095 2.254889206910298e-07
17600.000000000095 2.1125322960157537e-07
17650.000000000095 2.044540234037868e-07
17700.000000000095 1.566974799106777e-07
17750.000000000095 1.3548161140936445e-07
17800.000000000095 1.489823948328001e-07
17850.000000000095 1.0448092637734764e-07
17900.000000000095 1.273235655564431e-07
17950.000000000095 9.895586478262444e-08
18000.000000000095 1.0144014884479656e-07
18050.000000000095 8.892043223669208e-08
18100.000000000095 8.425914120650582e-08
18150.000000000095 1.0684416577583456e-07
18200.000000000095 7.123676886190037e-08
18250.000000000095 1.2891149645092716e-07
18300.000000000095 8.485160770264293e-08
18350.000000000095 8.014405353369317e-08
18400.000000000095 7.177932556641254e-08
18450.000000000095 8.0580618319777e-08
18500.000000000095 8.51210054560273e-08
18550.000000000095 6.824294591593e-08
18600.000000000095 6.020242089559879e-08
18650.000000000095 5.5310273150578934e-08
18700.000000000095 5.50404674514946e-08
18750.000000000095 6.930277152966929e-08
18800.000000000095 1.1123015916624806e-07
18850.000000000095 1.2332416091182525e-07
18900.000000000095 1.0881803029537621e-07
18950.000000000095 1.6174815594525656e-07
19000.000000000095 1.1886876988860036e-07
19050.000000000095 9.389621614061746e-08
19100.000000000095 1.433719719542744e-07
19150.000000000095 1.114773528551767e-07
19200.000000000095 1.3040303257561547e-07
19250.000000000095 1.0845529001670015e-07
19300.000000000095 1.0157246563956591e-07
19350.000000000095 9.482049947937748e-08
19400.000000000095 6.208352682828096e-08
19450.000000000095 1.053512799252141e-07
19500.000000000095 1.0204283969561363e-07
19550.000000000095 8.268282474988962e-08
19600.000000000095 1.0174408388193548e-07
19650.000000000095 1.1906395338975638e-07
19700.000000000095 1.1689670608858249e-07
19750.000000000095 1.1579808833137592e-07
19800.000000000095 1.3372110225153232e-07
19850.000000000095 1.604305993505971e-07
19900.000000000095 1.2546328703776533e-07
19950.000000000095 1.76663410975656e-07
20000.000000000095 1.664624752769321e-07
20050.000000000095 1.856199423971959e-07
20100.000000000095 1.8931171117145856e-07
20150.000000000095 1.9657632630641408e-07
20200.000000000095 2.2046021767941743e-07
20250.000000000095 2.4095859531065176e-07
20300.000000000095 2.2914058007310986e-07
20350.000000000095 2.59748022609287e-07
20400.000000000095 2.596797608521506e-07
20450.000000000095 2.8775808747161945e-07
20500.000000000095 2.994955948892533e-07
20550.000000000095 2.9435951744887324e-07
20600.000000000095 3.2553646672867527e-07
20650.000000000095 3.160666528847118e-07
20700.000000000095 3.21708519257154e-07
20750.000000000095 3.366137020824213e-07
20800.000000000095 3.3812025329878e-07
20850.000000000095 3.409440141188869e-07
20900.000000000095 3.52557891617796e-07
20950.000000000095 3.4567998492862594e-07
21000.000000000095 3.5235317380165615e-07
21050.000000000095 3.4503308012919975e-07
21100.000000000095 3.46776632292193e-07
21150.000000000095 3.503139441604463e-07
21200.000000000095 3.414849951881274e-07
21250.000000000095 3.4647318281567675e-07
21300.000000000095 3.317483422848562e-07
21350.000000000095 3.36213322598181e-07
21400.000000000095 3.226682953521691e-07
21450.000000000095 3.2256597332301804e-07
21500.000000000095 3.1989888724478356e-07
21550.000000000095 3.128809841636361e-07
21600.000000000095 3.07441177072977e-07
21650.000000000095 2.939983722253278e-07
21700.000000000095 2.974689327282263e-07
21750.000000000095 2.816378739585231e-07
21800.000000000095 2.695848448195064e-07
21850.000000000095 2.5290648558558507e-07
21900.000000000095 2.466200274178044e-07
21950.000000000095 2.014056983352015e-07
22000.000000000095 1.59125482699432e-07
22050.000000000095 1.3684451566418891e-07
22100.000000000095 1.6915541220020888e-07
22150.000000000095 1.793658255594794e-07
22200.000000000095 1.7842013204838684e-07
22250.000000000095 1.7100715587458624e-07
22300.000000000095 1.6732592340194478e-07
22350.000000000095 1.6006567026476108e-07
22400.000000000095 1.4580069206367188e-07
22450.000000000095 1.3280154843271284e-07
22500.000000000095 1.358729412538769e-07
22550.000000000095 1.1754218813663674e-07
22600.000000000095 1.2730182680389246e-07
22650.000000000095 1.254312676670783e-07
22700.000000000095 1.224997376198935e-07
22750.000000000095 1.2661231802541836e-07
22800.000000000095 1.208388249267306e-07
22850.000000000095 1.0935861320550535e-07
22900.000000000095 1.0830336318129023e-07
22950.000000000095 1.0033059593336605e-07
23000.000000000095 8.337476613410182e-08
23050.000000000095 1.0299954000696676e-07
23100.000000000095 1.227904863858923e-07
23150.000000000095 1.1812768411920172e-07
23200.000000000095 7.563533435586206e-08
23250.000000000095 8.045723438670092e-08
23300.000000000095 7.757301451617527e-08
23350.000000000095 7.040543409129708e-08
23400.000000000095 8.080000211356571e-08
23450.000000000095 7.930510000162127e-08
23500.000000000095 8.168660392189623e-08
23550.000000000095 1.0158441259968837e-07
23600.000000000095 1.0530345516224359e-07
23650.000000000095 1.1129534687935668e-07
23700.000000000095 7.759244336267166e-08
23750.000000000095 8.103668606762293e-08
23800.000000000095 9.021211387446494e-08
23850.000000000095 8.705741657194286e-08
23900.000000000095 1.1218830338760287e-07
23950.000000000095 1.1454560383140821e-07
24000.000000000095 1.3656201235589383e-07
24050.000000000095 1.3282407866915745e-07
24100.000000000095 1.1585654229415467e-07
24150.000000000095 1.2682144113796706e-07
24200.000000000095 1.3419599804004453e-07
24250.000000000095 1.3268016677710047e-07
24300.000000000095 1.3280157417787535e-07
24350.000000000095 1.189445778129133e-07
24400.000000000095 1.5603202866333651e-07
24450.000000000095 1.2534712009513546e-07
24500.000000000095 1.3494889465388954e-07
24550.000000000095 1.288111530776658e-07
24600.000000000095 1.3790119284874734e-07
24650.000000000095 1.5413984096657056e-07
24700.000000000095 1.1451822073960491e-07
24750.000000000095 1.0466555009099168e-07
24800.000000000095 1.1301201699954422e-07
24850.000000000095 1.4867564769549618e-07
24900.000000000095 7.658201892897317e-08
24950.000000000095 1.2293052965084266e-07
25000.000000000095 1.17107550903465e-07
25050.000000000095 7.946147083453496e-08
25100.000000000095 1.0523676057067482e-07
25150.000000000095 6.911304506885733e-08
25200.000000000095 8.95973766507008e-08
25250.000000000095 6.095921594572529e-08
25300.000000000095 8.273376164625818e-08
25350.000000000095 5.032411980887217e-08
25400.000000000095 8.329230007136187e-08
25450.000000000095 5.464621525624906e-08
25500.000000000095 5.368667137664699e-08
25550.000000000095 6.863336286658993e-08
25600.000000000095 6.363789254382731e-08
25650.000000000095 4.2208775601686885e-08
25700.000000000095 7.93189839966455e-08
25750.000000000095 4.1870400554356864e-08
25800.000000000095 8.030748127883962e-08
25850.000000000095 4.316214738976902e-08
25900.000000000095 6.463106242908397e-08
25950.000000000095 4.0064635071977235e-08
26000.000000000095 7.452117922626395e-08
26050.000000000095 5.458852282284934e-08
26100.000000000095 8.864444900465722e-08
26150.000000000095 7.358101508954465e-08
26200.000000000095 7.73654965088873e-08
26250.000000000095 1.0529014001113151e-07
26300.000000000095 7.802961178503052e-08
26350.000000000095 1.13241485342909e-07
26400.000000000095 1.2218107730445267e-07
26450.000000000095 1.192461051582165e-07
26500.000000000095 1.1629644600919293e-07
26550.000000000095 8.491427423542286e-08
26600.000000000095 9.895484289491719e-08
26650.000000000095 5.424257352710022e-08
26700.000000000095 4.518372312774972e-08
26750.000000000095 4.081099556115732e-08
26800.000000000095 5.565291489420527e-08
26850.000000000095 3.397729712026448e-08
26900.000000000095 6.580785648400303e-08
26950.000000000095 3.622613590433961e-08
27000.000000000095 7.574474429686892e-08
27050.000000000095 7.027558752064726e-08
27100.000000000095 5.325614952113485e-08
27150.000000000095 8.744691457486933e-08
27200.000000000095 5.7951749271564286e-08
27250.000000000095 6.599207966318996e-08
27300.000000000095 1.296266058758668e-07
27350.000000000095 9.986654000508647e-08
27400.000000000095 3.8025466588991925e-08
27450.000000000095 1.1988624426051404e-07
27500.000000000095 1.2350292987893115e-07
27550.000000000095 6.67439020975099e-08
27600.000000000095 1.0867494680591514e-07
27650.000000000095 5.578800485275374e-08
27700.000000000095 4.8506270437340645e-08
27750.000000000095 1.0767274455056076e-07
27800.000000000095 5.952377363310973e-08
27850.000000000095 6.534718772043323e-08
27900.000000000095 8.468402084415281e-08
27950.000000000095 1.0717172474683334e-07
28000.000000000095 9.530822871521623e-08
28050.000000000095 4.722104951498096e-08
28100.000000000095 1.228820113839071e-07
28150.000000000095 8.93094081039833e-08
28200.000000000095 4.6252054911332694e-08
28250.000000000095 1.217303678969148e-07
28300.000000000095 1.4929798471417158e-07
28350.000000000095 5.1708939585876285e-08
28400.000000000095 1.0887118762789504e-07
28450.000000000095 1.2466207243880068e-07
28500.000000000095 1.0292967356688228e-07
28550.000000000095 5.132438428367072e-08
28600.000000000095 1.3740160473666185e-07
28650.000000000095 1.1737202413880756e-07
28700.000000000095 1.0226800588552099e-07
28750.000000000095 1.359604226691732e-07
28800.000000000095 1.2669066523653158e-07
28850.000000000095 1.501631476746935e-07
28900.000000000095 7.933689565617516e-08
28950.000000000095 1.685918919792838e-07
29000.000000000095 1.2212930039341049e-07
29050.000000000095 1.4324638145016145e-07
29100.000000000095 9.530504540886866e-08
29150.000000000095 1.8511629339631298e-07
29200.000000000095 1.2395393768860677e-07
29250.000000000095 1.6514076094460223e-07
29300.000000000095 1.056543293200218e-07
