galfind/configs/Brown_Dwarf_templates/sonora_cholla/logkzz7/1000g/1200K_1000g_logkzz7_resample.dat
# %ECSV 1.0
# ---
# datatype:
# - {name: wav, unit: Angstrom, datatype: float64}
# - {name: flux_nu, unit: erg / (cm2 Hz s), datatype: float64}
# schema: astropy-2.0
wav flux_nu
[from data line 775]
48750.000000000095 1.7881733609519995e-07
48800.000000000095 2.8303992810003705e-07
48850.000000000095 2.0197477824034867e-07
48900.000000000095 2.8857623529603464e-07
48950.000000000095 2.521808631200081e-07
49000.000000000095 2.316432641176744e-07
49050.000000000095 2.7269468056891494e-07
49100.000000000095 2.1247534131885102e-07
49150.000000000095 2.9964071394085386e-07
49200.000000000095 2.156135825711977e-07
49250.000000000095 2.990981544297341e-07
49300.000000000095 2.367646720396171e-07
49350.000000000095 2.649155046501654e-07
49400.000000000095 3.0289535901538206e-07
49450.000000000095 2.6743170540789713e-07
49500.000000000095 2.691301639719921e-07
49550.000000000095 1.8641382053329568e-07
49600.000000000095 2.767034850251928e-07
49650.000000000095 2.628590873706654e-07
49700.000000000095 2.3821669150502528e-07
49750.000000000095 3.649442580679868e-07
49800.000000000095 2.4014486665078897e-07
49850.000000000095 3.8223061489020257e-07
49900.000000000095 2.9554501088105003e-07
49950.000000000095 3.2565382614419737e-07
50000.000000000095 3.5918575920351576e-07
50050.000000000095 3.1315363112627796e-07
50100.000000000095 4.187294871480002e-07
50150.000000000095 2.4989133789913236e-07
50200.000000000095 2.059324117777277e-07
50250.000000000095 3.64727516049756e-07
50300.000000000095 2.692383807033575e-07
50350.000000000095 3.7110540745192554e-07
50400.000000000095 3.0984767789579873e-07
50450.000000000095 3.2328179626922987e-07
50500.000000000095 4.1275673205505545e-07
50550.000000000095 3.2702405540835656e-07
50600.000000000095 3.712718715305089e-07
50650.000000000095 3.312927121227829e-07
50700.000000000095 4.618963513419895e-07
50750.000000000095 4.548951351355549e-07
50800.000000000095 2.5943262097584566e-07
50850.000000000095 3.041679077192575e-07
50900.000000000095 4.301426540975121e-07
50950.000000000095 4.429882166713935e-07
51000.000000000095 4.457225501502946e-07
51050.000000000095 3.743182507162252e-07
51100.000000000095 2.823290492911109e-07
51150.000000000095 3.350723584895857e-07
51200.000000000095 4.3140900995148103e-07
51250.000000000095 4.2579665930303246e-07
51300.000000000095 2.8472292425252084e-07
51350.000000000095 3.7183647278187667e-07
51400.000000000095 3.0556774256315967e-07
51450.000000000095 2.6613703243993785e-07
51500.000000000095 2.5304550175342426e-07
51550.000000000095 4.255747713104218e-07
51600.000000000095 2.9065319536621583e-07
51650.000000000095 3.833615636544711e-07
51700.000000000095 4.012734993435479e-07
51750.000000000095 2.8402110383414243e-07
51800.000000000095 4.999790304239936e-07
51850.000000000095 4.083155247257433e-07
51900.000000000095 4.95166789935532e-07
51950.000000000095 4.319457956893669e-07
52000.000000000095 2.0331636795190044e-07
52050.000000000095 3.1283156509279176e-07
52100.000000000095 2.956243034329202e-07
52150.000000000095 2.5422980984121215e-07
52200.000000000095 2.7898866970656606e-07
52250.000000000095 3.152538696010512e-07
52300.000000000095 4.923742156024621e-07
52350.000000000095 3.580998431142062e-07
52400.000000000095 2.8643054988698303e-07
52450.000000000095 4.1036077005977587e-07
52500.000000000095 3.846260869959943e-07
52550.000000000095 4.0521111633144604e-07
52600.000000000095 3.449465360042746e-07
52650.000000000095 3.9536096839425776e-07
52700.000000000095 3.162024147656702e-07
52750.000000000095 2.7026392369091194e-07
52800.000000000095 2.84983010177248e-07
52850.000000000095 3.2287666608294953e-07
52900.000000000095 2.8112395064772795e-07
52950.000000000095 2.850815929935009e-07
53000.000000000095 4.58035980999847e-07
53050.000000000095 2.385014681493753e-07
53100.000000000095 4.214150093616622e-07
53150.000000000095 4.931317527357634e-07
53200.000000000095 2.5434992725262477e-07
53250.000000000095 4.402001017335261e-07
53300.000000000095 4.6699412488770647e-07
53350.000000000095 4.4080119081480986e-07
53400.000000000095 4.613180109021635e-07
53450.000000000095 2.5649367963979527e-07
53500.000000000095 1.797304646669657e-07
53550.000000000095 2.5871518810027255e-07
53600.000000000095 3.45105448776021e-07
53650.000000000095 2.8399371067349136e-07
53700.000000000095 2.714815093146499e-07
53750.000000000095 2.7631290723243503e-07
53800.000000000095 2.859640743783816e-07
53850.000000000095 3.588243894220753e-07
53900.000000000095 3.2405822138615497e-07
53950.000000000095 4.340953461995794e-07
54000.000000000095 3.2074197290516096e-07
54050.000000000095 3.1217646256449453e-07
54100.000000000095 1.8611111510500272e-07
54150.000000000095 2.565174268134718e-07
54200.000000000095 1.5219430931865353e-07
54250.000000000095 1.7522711060352004e-07
54300.000000000095 2.519648584675654e-07
54350.000000000095 3.274508220948218e-07
54400.000000000095 3.3376163896733053e-07
54450.000000000095 3.0342685237362054e-07
54500.000000000095 2.718543817740568e-07
54550.000000000095 2.2583752433792952e-07
54600.000000000095 2.825830456452935e-07
54650.000000000095 1.8753968852557492e-07
54700.000000000095 3.291719288019128e-07
54750.000000000095 3.167637387557252e-07
54800.000000000095 2.3779236951449615e-07
54850.000000000095 2.674235006539164e-07
54900.000000000095 3.467162277200568e-07
54950.000000000095 4.36791567359605e-07
55000.000000000095 2.3633709665862716e-07
55050.000000000095 2.999542006213444e-07
55100.000000000095 2.759228205814974e-07
55150.000000000095 2.4545747564200055e-07
55200.000000000095 2.4283781366701645e-07
55250.000000000095 2.5692829003723277e-07
55300.000000000095 2.0135673554984197e-07
55350.000000000095 2.9073510655018914e-07
55400.000000000095 3.5996764788859336e-07
55450.000000000095 2.748693333491771e-07
55500.000000000095 1.6677425360684183e-07
55550.000000000095 2.2317738309020303e-07
55600.000000000095 2.1562522672099002e-07
55650.000000000095 1.764517182586865e-07
55700.000000000095 2.2837405746040677e-07
55750.000000000095 2.651917202784592e-07
55800.000000000095 2.0258907117486972e-07
55850.000000000095 1.7902474778861026e-07
55900.000000000095 2.9689504012152236e-07
55950.000000000095 3.841936840456333e-07
56000.000000000095 1.9445843419612428e-07
56050.000000000095 2.6405052084276233e-07
56100.000000000095 2.9216383435744656e-07
56150.000000000095 2.2234174721071213e-07
56200.000000000095 2.48414193592962e-07
56250.000000000095 2.530451610187798e-07
56300.000000000095 2.7359422468800556e-07
56350.000000000095 2.8276694284499304e-07
56400.000000000095 2.0262653526752658e-07
56450.000000000095 1.8342392039963307e-07
56500.000000000095 2.251428584904066e-07
56550.000000000095 1.5737357992545263e-07
56600.000000000095 2.799709912171926e-07
56650.000000000095 2.5976820459433766e-07
56700.000000000095 3.0862292144631053e-07
56750.000000000095 1.812110822723475e-07
56800.000000000095 2.8482056659721733e-07
56850.000000000095 2.3053119818370344e-07
56900.000000000095 2.0730185658755713e-07
56950.000000000095 2.968614680479861e-07
57000.000000000095 3.1828627714777985e-07
57050.000000000095 2.2545336820257194e-07
57100.000000000095 1.3494508251190177e-07
57150.000000000095 1.8973869239148168e-07
57200.000000000095 1.5275671384810456e-07
57250.000000000095 2.152810389817867e-07
57300.000000000095 2.58114183956463e-07
57350.000000000095 1.6597449866156503e-07
57400.000000000095 2.621755289395359e-07
57450.000000000095 2.4403358225882444e-07
57500.000000000095 2.2594243007394748e-07
57550.000000000095 2.7641786997525355e-07
57600.000000000095 2.954376104375794e-07
57650.000000000095 1.4054310375957115e-07
57700.000000000095 1.6888149051757974e-07
57750.000000000095 2.0403799132427577e-07
57800.000000000095 9.847420995214791e-08
57850.000000000095 3.226626984746172e-07
57900.000000000095 3.756106983118449e-07
57950.000000000095 3.3578361011495897e-07
58000.000000000095 2.0118922513377256e-07
58050.000000000095 2.569220471788683e-07
58100.000000000095 3.164676704526773e-07
58150.000000000095 2.5275547946251785e-07
58200.000000000095 1.4851723945208078e-07
58250.000000000095 1.9186587000992623e-07
58300.000000000095 1.5889681783076612e-07
58350.000000000095 1.8543383583654472e-07
58400.000000000095 2.381701242093027e-07
58450.000000000095 2.576488372614272e-07
58500.000000000095 2.3167201572261168e-07
58550.000000000095 2.7097428570331965e-07
58600.000000000095 1.7582693112309823e-07
58650.000000000095 2.1447740620400102e-07
58700.000000000095 2.083436994914464e-07
58750.000000000095 2.3319721707237305e-07
58800.000000000095 1.3347126903493642e-07
58850.000000000095 2.0166095105403845e-07
58900.000000000095 2.494189814544619e-07
58950.000000000095 1.6632800282233877e-07
59000.000000000095 2.430877456798769e-07
59050.000000000095 2.632003736505745e-07
59100.000000000095 3.0996251887432327e-07
59150.000000000095 2.4120774910985193e-07
59200.000000000095 2.430447889990764e-07
59250.000000000095 2.584159528597037e-07
59300.000000000095 2.4911151989799457e-07
59350.000000000095 1.4663423491388202e-07
59400.000000000095 1.1713277315239739e-07
59450.000000000095 2.1939510021759975e-07
59500.000000000095 1.4754762482492343e-07
59550.000000000095 2.766305607011039e-07
59600.000000000095 2.8542326948079345e-07
59650.000000000095 2.41856065536696e-07
59700.000000000095 1.718652401300932e-07
59750.000000000095 3.41116452293746e-07
59800.000000000095 2.2714360912710216e-07
59850.000000000095 2.833883131862029e-07
59900.000000000095 1.5896601982104514e-07
59950.000000000095 2.455180596341003e-07
60000.000000000095 3.880745679307745e-07
60050.000000000095 3.2090833893236504e-07
60100.000000000095 3.2404826892427966e-07
60150.000000000095 2.349835254106688e-07
60200.000000000095 2.6529520557181664e-07
60250.000000000095 3.1050195501429345e-07
60300.000000000095 2.8679569014165883e-07
60350.000000000095 2.1720154374418006e-07
60400.000000000095 2.743464344662268e-07
60450.000000000095 1.613385063244754e-07
60500.000000000095 1.136634099008014e-07
60550.000000000095 2.743843794808013e-07
60600.000000000095 2.658099427005276e-07
60650.000000000095 2.3484468781455274e-07
60700.000000000095 2.1442245035986542e-07
60750.000000000095 1.7281927237758591e-07
60800.000000000095 2.846389090123643e-07
60850.000000000095 3.8701116483202554e-07
60900.000000000095 3.407104372627429e-07
60950.000000000095 3.192819747933833e-07
61000.000000000095 2.6361774309582187e-07
61050.000000000095 1.957001314061289e-07
61100.000000000095 2.628367482961032e-07
61150.000000000095 1.1759118694808629e-07
61200.000000000095 3.3794517806403856e-07
61250.000000000095 3.784129947173157e-07
61300.000000000095 3.275266123175407e-07
61350.000000000095 3.95203698059155e-07
61400.000000000095 2.780743828247579e-07
61450.000000000095 1.989899813589727e-07
61500.000000000095 2.1281068546968939e-07
61550.000000000095 2.0793040100905193e-07
61600.000000000095 1.601050309591447e-07
61650.000000000095 2.400622039672997e-07
61700.000000000095 2.0705760007400437e-07
61750.000000000095 2.421356652044539e-07
61800.000000000095 2.8299059626027084e-07
61850.000000000095 1.912151974221338e-07
61900.000000000095 3.4300108355970306e-07
61950.000000000095 3.469479928484899e-07
62000.000000000095 3.107841493450205e-07
62050.000000000095 3.0966918028570303e-07
62100.000000000095 3.302622369302979e-07
62150.000000000095 3.1488784112714355e-07
62200.000000000095 2.8411859267671755e-07
62250.000000000095 2.9760598611586116e-07
62300.000000000095 3.871566081926032e-07
62350.000000000095 3.468714640409277e-07
62400.000000000095 2.2171139262485622e-07
62450.000000000095 2.7398880148104237e-07
62500.000000000095 3.646877030768544e-07
62550.000000000095 3.4438728869548063e-07
62600.000000000095 3.743150887492603e-07
62650.000000000095 3.0892629032082494e-07
62700.000000000095 3.317925742350718e-07
62750.000000000095 3.940801780340713e-07
62800.000000000095 2.660867085209102e-07
62850.000000000095 3.522661858086294e-07
62900.000000000095 3.009020352876868e-07
62950.000000000095 3.935110333826814e-07
63000.000000000095 3.45427157377924e-07
63050.000000000095 4.3882734250523023e-07
63100.000000000095 4.0913212902976734e-07
63150.000000000095 2.737803101590854e-07
63200.000000000095 3.5995619623069246e-07
63250.000000000095 3.7110910839858574e-07
63300.000000000095 3.9211862556278514e-07
63350.000000000095 3.398149180545373e-07
63400.000000000095 2.241023419455064e-07
63450.000000000095 1.9185429701275185e-07
63500.000000000095 3.364232198067582e-07
63550.000000000095 3.1070790035358984e-07
63600.000000000095 3.872963532984505e-07
63650.000000000095 2.953238655556674e-07
63700.000000000095 2.0624574345989222e-07
63750.000000000095 2.7603438960145105e-07
63800.000000000095 2.910044471077228e-07
63850.000000000095 2.860118504192751e-07
63900.000000000095 2.1715509610943368e-07
63950.000000000095 3.1467849022906723e-07
64000.000000000095 3.401011331351883e-07
64050.000000000095 2.5470515264270417e-07
64100.000000000095 1.1291229485694683e-07
64150.000000000095 1.5205956768283912e-07
64200.000000000095 1.785061794087167e-07
64250.000000000095 2.52916199668917e-07
64300.000000000095 2.071179299336614e-07
64350.000000000095 1.8391139450120285e-07
64400.000000000095 2.708195129339761e-07
64450.000000000095 2.8044747459733266e-07
64500.000000000095 1.7221698955590433e-07
64550.000000000095 2.5693837257924655e-07
64600.000000000095 1.7632838911566063e-07
64650.000000000095 2.48836269997509e-07
64700.000000000095 1.4387622284923758e-07
64750.000000000095 1.6908885120611163e-07
64800.000000000095 1.6982801091024856e-07
64850.000000000095 1.5908068752606376e-07
64900.000000000095 1.8384102088588424e-07
64950.000000000095 1.6538589979057172e-07
65000.000000000095 1.93702528663142e-07
65050.000000000095 2.0112547819028747e-07
65100.000000000095 2.3382920722322376e-07
65150.000000000095 1.8148898079553046e-07
65200.000000000095 1.541334710686381e-07
65250.000000000095 2.166410725140148e-07
65300.000000000095 1.9101738555955795e-07
65350.000000000095 3.2189330526491363e-07
65400.000000000095 1.844781124911851e-07
65450.000000000095 1.8875293412306877e-07
65500.000000000095 2.1211938843905458e-07
65550.00000000009 1.5656208732376997e-07
65600.00000000009 1.8153342392384826e-07
65650.00000000009 1.9422936248470778e-07
65700.00000000009 1.7487025679814507e-07
65750.00000000009 1.5360425409093002e-07
65800.00000000009 2.0352062520543265e-07
65850.00000000009 2.367049023817445e-07
65900.00000000009 1.5299212163727624e-07
65950.00000000009 1.2158978086996217e-07
66000.00000000009 1.749304481549278e-07
66050.00000000009 2.795568921487964e-07
66100.00000000009 1.8964160033708235e-07
66150.00000000009 1.4548787575400582e-07
66200.00000000009 1.4937065684906185e-07
66250.00000000009 1.4371933514775118e-07
66300.00000000009 8.362469129217644e-08
66350.00000000009 1.1929195507545928e-07
66400.00000000009 1.4437908182931474e-07
66450.00000000009 2.2039127682690387e-07
66500.00000000009 2.796680092354388e-07
66550.00000000009 2.6020970011520474e-07
66600.00000000009 2.0685442843322403e-07
66650.00000000009 2.0912492904329296e-07
66700.00000000009 1.8425958025629774e-07
66750.00000000009 1.6868966514276294e-07
66800.00000000009 2.1347377319786064e-07
66850.00000000009 1.5547245898002638e-07
66900.00000000009 2.2006909384360572e-07
66950.00000000009 2.8293733403566134e-07
67000.00000000009 2.836920448941843e-07
67050.00000000009 1.9686307042375443e-07
67100.00000000009 1.7570965334384425e-07
67150.00000000009 1.8091803053795429e-07
67200.00000000009 1.9687303022563123e-07
67250.00000000009 1.9772182744858834e-07
67300.00000000009 2.1495435343832363e-07
67350.00000000009 1.5661015706504042e-07
67400.00000000009 2.717225432642772e-07
67450.00000000009 2.1693771438614093e-07
67500.00000000009 1.9751823082115892e-07
67550.00000000009 2.2788322270522628e-07
67600.00000000009 3.4581000133063164e-07
67650.00000000009 2.612374077852586e-07
67700.00000000009 2.177806636118962e-07
67750.00000000009 1.9591018022919195e-07
67800.00000000009 2.426298916309861e-07
67850.00000000009 1.66648384266447e-07
67900.00000000009 2.0310987521189902e-07
67950.00000000009 1.4896763382136796e-07
