galfind/configs/Brown_Dwarf_templates/sonora_cholla/logkzz7/1000g/1250K_1000g_logkzz7_resample.dat
# %ECSV 1.0
# ---
# datatype:
# - {name: wav, unit: Angstrom, datatype: float64}
# - {name: flux_nu, unit: erg / (cm2 Hz s), datatype: float64}
# schema: astropy-2.0
wav flux_nu
[from data line 387]
29350.000000000095 3.1502384406594876e-07
29400.000000000095 1.9273247228847856e-07
29450.000000000095 1.9064833671377767e-07
29500.000000000095 2.1018169068242311e-07
29550.000000000095 1.884029975507737e-07
29600.000000000095 2.458210859148204e-07
29650.000000000095 2.018030917916843e-07
29700.000000000095 1.9239600146155937e-07
29750.000000000095 2.3964230611645686e-07
29800.000000000095 2.57272316054012e-07
29850.000000000095 2.59858350648746e-07
29900.000000000095 2.564219303849856e-07
29950.000000000095 2.491656393043012e-07
30000.000000000095 2.3102169681526286e-07
30050.000000000095 1.9360148542421594e-07
30100.000000000095 2.2295280549093056e-07
30150.000000000095 3.0566814569822e-07
30200.000000000095 2.3382243030759137e-07
30250.000000000095 3.199690277417934e-07
30300.000000000095 2.7733544763713826e-07
30350.000000000095 2.634135040490429e-07
30400.000000000095 3.147025559816442e-07
30450.000000000095 2.486828142466284e-07
30500.000000000095 2.4798815391884626e-07
30550.000000000095 2.7626844802566034e-07
30600.000000000095 3.145320820405078e-07
30650.000000000095 2.9236427122947524e-07
30700.000000000095 2.625548558076452e-07
30750.000000000095 2.568533736928867e-07
30800.000000000095 2.4836841352898923e-07
30850.000000000095 2.425089661502879e-07
30900.000000000095 2.4667795544706974e-07
30950.000000000095 1.6685269145936702e-07
31000.000000000095 2.226102755769869e-07
31050.000000000095 2.3585936340194028e-07
31100.000000000095 1.7311771273593205e-07
31150.000000000095 2.0042553907758188e-07
31200.000000000095 2.201461194253157e-07
31250.000000000095 1.886454955691145e-07
31300.000000000095 1.8325263039183775e-07
31350.000000000095 1.764473310904993e-07
31400.000000000095 1.3997732651319635e-07
31450.000000000095 1.7542368778334115e-07
31500.000000000095 1.5115479529228733e-07
31550.000000000095 1.6481666542402344e-07
31600.000000000095 1.324522580024324e-07
31650.000000000095 1.3436818008843267e-07
31700.000000000095 1.470616591917855e-07
31750.000000000095 1.1710582709807565e-07
31800.000000000095 1.3974119177867163e-07
31850.000000000095 1.2216303882910625e-07
31900.000000000095 1.2394638887432366e-07
31950.000000000095 1.2105170350176548e-07
32000.000000000095 1.1771582115425394e-07
32050.000000000095 1.1178242744756415e-07
32100.000000000095 1.0183787536199356e-07
32150.000000000095 1.3512291837387722e-07
32200.000000000095 1.0361230424432981e-07
32250.000000000095 1.3324235494637597e-07
32300.000000000095 9.422667716371439e-08
32350.000000000095 1.7217536264518974e-07
32400.000000000095 1.2104882102786058e-07
32450.000000000095 1.6083700753661604e-07
32500.000000000095 1.3389271527211115e-07
32550.000000000095 1.588300817651183e-07
32600.000000000095 1.785536691898485e-07
32650.000000000095 1.939288206524182e-07
32700.000000000095 1.7043926761961362e-07
32750.000000000095 2.1780822702482425e-07
32800.000000000095 1.7808157504381462e-07
32850.000000000095 2.2731670315030417e-07
32900.000000000095 2.5079803729504727e-07
32950.000000000095 2.4089291060002337e-07
33000.000000000095 2.1989971246900724e-07
33050.000000000095 2.163303608107609e-07
33100.000000000095 1.4964144534948999e-07
33150.000000000095 4.447198973222523e-08
33200.000000000095 4.691294352169699e-08
33250.000000000095 3.2915788750987677e-08
33300.000000000095 3.562397979585674e-08
33350.000000000095 5.473574497572595e-08
33400.000000000095 7.222540223191678e-08
33450.000000000095 8.85668449729896e-08
33500.000000000095 1.193226761114569e-07
33550.000000000095 1.1741038341363516e-07
33600.000000000095 1.5930460831907328e-07
33650.000000000095 1.8265819046075413e-07
33700.000000000095 1.6005781435531886e-07
33750.000000000095 2.128033140540608e-07
33800.000000000095 1.5199580321877766e-07
33850.000000000095 2.0239287646281105e-07
33900.000000000095 1.784457759155468e-07
33950.000000000095 2.022575415087227e-07
34000.000000000095 2.0215698365914327e-07
34050.000000000095 1.198536172186087e-07
34100.000000000095 1.9188043499899784e-07
34150.000000000095 1.4315087134193253e-07
34200.000000000095 1.7786879177715088e-07
34250.000000000095 1.7133442605098863e-07
34300.000000000095 1.2777936482841492e-07
34350.000000000095 1.7414839114047255e-07
34400.000000000095 1.4587760576784267e-07
34450.000000000095 1.9121980962484187e-07
34500.000000000095 1.8367240168425424e-07
34550.000000000095 1.293810295124502e-07
34600.000000000095 2.102125422543761e-07
34650.000000000095 1.4073334978561656e-07
34700.000000000095 1.596692520671411e-07
34750.000000000095 1.7375051858027986e-07
34800.000000000095 1.1685581078834194e-07
34850.000000000095 1.8445659193923849e-07
34900.000000000095 1.8792709396205844e-07
34950.000000000095 1.6729817313354974e-07
35000.000000000095 2.2697696558084365e-07
35050.000000000095 1.697147375536705e-07
35100.000000000095 2.1878620424889707e-07
35150.000000000095 1.9934911016416607e-07
35200.000000000095 2.3550227428480115e-07
35250.000000000095 2.871570578331668e-07
35300.000000000095 1.7618279057155162e-07
35350.000000000095 2.4958252075855773e-07
35400.000000000095 2.486783099523909e-07
35450.000000000095 2.1282015786411078e-07
35500.000000000095 3.0028223461362655e-07
35550.000000000095 2.703314629154326e-07
35600.000000000095 2.8820756677242996e-07
35650.000000000095 3.1270424792398985e-07
35700.000000000095 2.196393938528415e-07
35750.000000000095 3.078733397775587e-07
35800.000000000095 3.3140059643086195e-07
35850.000000000095 2.6103880765954504e-07
35900.000000000095 3.605957522316559e-07
35950.000000000095 3.387729386011044e-07
36000.000000000095 3.2147142945348215e-07
36050.000000000095 3.850321950144358e-07
36100.000000000095 3.4264144035679933e-07
36150.000000000095 3.942079600139503e-07
36200.000000000095 4.183180768995906e-07
36250.000000000095 3.924499244186428e-07
36300.000000000095 4.4931855577905496e-07
36350.000000000095 4.439489507442332e-07
36400.000000000095 4.938835626668182e-07
36450.000000000095 4.936755198919658e-07
36500.000000000095 4.839882185027521e-07
36550.000000000095 5.235582386974371e-07
36600.000000000095 5.598441279359537e-07
36650.000000000095 5.501400751114672e-07
36700.000000000095 5.886955689093615e-07
36750.000000000095 6.294557720526697e-07
36800.000000000095 6.184095473572956e-07
36850.000000000095 6.108990890103455e-07
36900.000000000095 5.99166063502758e-07
36950.000000000095 6.754153126176739e-07
37000.000000000095 6.488340610449943e-07
37050.000000000095 6.844676266071862e-07
37100.000000000095 6.696793682379929e-07
37150.000000000095 7.252942105552405e-07
37200.000000000095 7.555224226853484e-07
37250.000000000095 6.983040658950468e-07
37300.000000000095 7.062249600820187e-07
37350.000000000095 7.424354166735433e-07
37400.000000000095 8.270409424153754e-07
37450.000000000095 7.760644684932304e-07
37500.000000000095 7.593620116795873e-07
37550.000000000095 8.653583414975343e-07
37600.000000000095 8.968618130804021e-07
37650.000000000095 7.995776228477127e-07
37700.000000000095 8.863673915164818e-07
37750.000000000095 7.771265682566935e-07
37800.000000000095 8.864190292804338e-07
37850.000000000095 7.697545825374337e-07
37900.000000000095 8.727258763589868e-07
37950.000000000095 9.108500810518409e-07
38000.000000000095 9.581204191823379e-07
38050.000000000095 9.002512227783093e-07
38100.000000000095 9.405922370089569e-07
38150.000000000095 9.507827991999452e-07
38200.000000000095 9.840628256334012e-07
38250.000000000095 9.454163062109619e-07
38300.000000000095 1.0183057764506076e-06
38350.000000000095 1.0468683456952666e-06
38400.000000000095 9.083108936557273e-07
38450.000000000095 1.028718599515207e-06
38500.000000000095 9.72184114111535e-07
38550.000000000095 1.0272903780625804e-06
38600.000000000095 1.0539302042522134e-06
38650.000000000095 1.0819016035550257e-06
38700.000000000095 1.0956672170569682e-06
38750.000000000095 1.0809114556754368e-06
38800.000000000095 1.0603088655108268e-06
38850.000000000095 1.10531085075788e-06
38900.000000000095 1.0905472420338301e-06
38950.000000000095 1.1103544457673937e-06
39000.000000000095 1.1474339838627786e-06
39050.000000000095 1.13995112991446e-06
39100.000000000095 1.0722634022679162e-06
39150.000000000095 1.1537092171826999e-06
39200.000000000095 1.1095294255149306e-06
39250.000000000095 1.1683001903620773e-06
39300.000000000095 1.1603764810027432e-06
39350.000000000095 1.1961641742934371e-06
39400.000000000095 1.191668064424523e-06
39450.000000000095 1.2112712232874938e-06
39500.000000000095 1.1394273719168383e-06
39550.000000000095 1.1691487849190393e-06
39600.000000000095 1.1933255944338204e-06
39650.000000000095 1.2207957591469911e-06
39700.000000000095 1.1836799883195458e-06
39750.000000000095 1.124695922158928e-06
39800.000000000095 1.1551710832473692e-06
39850.000000000095 1.1960081624972647e-06
39900.000000000095 1.184149541478439e-06
39950.000000000095 1.1991955905635852e-06
40000.000000000095 1.1437627718127653e-06
40050.000000000095 1.1901847868546646e-06
40100.000000000095 1.1818797743753882e-06
40150.000000000095 1.2111588751320805e-06
40200.000000000095 1.2385309668964927e-06
40250.000000000095 1.0929581758286944e-06
40300.000000000095 1.1538501636165566e-06
40350.000000000095 1.1502056781062606e-06
40400.000000000095 1.1774255181900625e-06
40450.000000000095 1.1628401351159035e-06
40500.000000000095 1.027177061516186e-06
40550.000000000095 1.1952574290424572e-06
40600.000000000095 1.0358260118194319e-06
40650.000000000095 1.1877523276944792e-06
40700.000000000095 1.2331649440413947e-06
40750.000000000095 1.076235582793327e-06
40800.000000000095 1.009257396536713e-06
40850.000000000095 1.090547570835172e-06
40900.000000000095 1.082521809413287e-06
40950.000000000095 1.0855333391592072e-06
41000.000000000095 1.0788394609822147e-06
41050.000000000095 1.0827856102411165e-06
41100.000000000095 1.0313648647619745e-06
41150.000000000095 1.0188132179336347e-06
41200.000000000095 1.0785766906366048e-06
41250.000000000095 1.0650014922670863e-06
41300.000000000095 8.913769945305035e-07
41350.000000000095 1.0838546298899557e-06
41400.000000000095 1.0202979404057582e-06
41450.000000000095 1.0557436561091214e-06
41500.000000000095 1.0409989905031081e-06
41550.000000000095 9.622297939055297e-07
41600.000000000095 9.829046449966823e-07
41650.000000000095 9.9673230880178e-07
41700.000000000095 9.188311856214411e-07
41750.000000000095 8.769277916591847e-07
41800.000000000095 1.0501338866583187e-06
41850.000000000095 6.850340148243455e-07
41900.000000000095 8.975685515420048e-07
41950.000000000095 9.389251472813707e-07
42000.000000000095 9.097873184181745e-07
42050.000000000095 7.612602338336295e-07
42100.000000000095 8.606226986245775e-07
42150.000000000095 6.560192815558171e-07
42200.000000000095 7.228540640702357e-07
42250.000000000095 7.542779164534e-07
42300.000000000095 6.913154292555638e-07
42350.000000000095 7.480975181702985e-07
42400.000000000095 6.526451876204873e-07
42450.000000000095 5.680030430890546e-07
42500.000000000095 6.46951067909464e-07
42550.000000000095 6.162557376091398e-07
42600.000000000095 7.401638682394717e-07
42650.000000000095 7.974585041408158e-07
42700.000000000095 7.198571311055255e-07
42750.000000000095 6.52109203850257e-07
42800.000000000095 6.08836626406199e-07
42850.000000000095 7.195283078267544e-07
42900.000000000095 7.197462806214069e-07
42950.000000000095 5.501606812177724e-07
43000.000000000095 7.118785380845653e-07
43050.000000000095 5.01780964780874e-07
43100.000000000095 6.576541454968334e-07
43150.000000000095 6.750952311125857e-07
43200.000000000095 6.46909691191515e-07
43250.000000000095 6.526562136582013e-07
43300.000000000095 7.408441495285957e-07
43350.000000000095 5.750068939223435e-07
43400.000000000095 6.776076623159588e-07
43450.000000000095 5.447054476883206e-07
43500.000000000095 5.748053144058275e-07
43550.000000000095 5.289505648063044e-07
43600.000000000095 6.330062719054545e-07
43650.000000000095 4.433238837424005e-07
43700.000000000095 6.151442116875958e-07
43750.000000000095 6.139403701810217e-07
43800.000000000095 4.98720044731301e-07
43850.000000000095 5.22649873675013e-07
43900.000000000095 4.606906201380011e-07
43950.000000000095 4.561614321923364e-07
44000.000000000095 3.345407969274524e-07
44050.000000000095 4.238239311521837e-07
44100.000000000095 4.4279325097968624e-07
44150.000000000095 4.356169087422467e-07
44200.000000000095 3.875490138396428e-07
44250.000000000095 3.684927961307608e-07
44300.000000000095 3.508437192833399e-07
44350.000000000095 2.999915707964046e-07
44400.000000000095 3.181235157066907e-07
44450.000000000095 3.212379015201569e-07
44500.000000000095 2.6651305609982796e-07
44550.000000000095 2.844765060871819e-07
44600.000000000095 2.5193204301228484e-07
44650.000000000095 2.8237850751206726e-07
44700.000000000095 2.6936742169898223e-07
44750.000000000095 2.7776744127103097e-07
44800.000000000095 2.6275406247011796e-07
44850.000000000095 2.467990065458367e-07
44900.000000000095 2.1617494440992202e-07
44950.000000000095 2.159729893657088e-07
45000.000000000095 2.1979139208768578e-07
45050.000000000095 2.2785823465934395e-07
45100.000000000095 2.1472737779900753e-07
45150.000000000095 2.0173211470731151e-07
45200.000000000095 1.7205337765272116e-07
45250.000000000095 1.8349740998176036e-07
45300.000000000095 2.0651898152390394e-07
45350.000000000095 2.072195428447814e-07
45400.000000000095 1.7272122541453832e-07
45450.000000000095 1.6980904165810076e-07
45500.000000000095 1.7865360382437836e-07
45550.000000000095 2.0330289929170476e-07
45600.000000000095 1.691594925481088e-07
45650.000000000095 1.6647106339075904e-07
45700.000000000095 2.0563837008399978e-07
45750.000000000095 1.793617860015262e-07
45800.000000000095 1.6030299679755629e-07
45850.000000000095 2.2046379616090323e-07
45900.000000000095 2.1398870789680476e-07
45950.000000000095 1.670923233503422e-07
46000.000000000095 2.0874833503550212e-07
46050.000000000095 2.2373436284551228e-07
46100.000000000095 1.6793722625759185e-07
46150.000000000095 2.157626259889706e-07
46200.000000000095 2.0900105778075064e-07
46250.000000000095 1.3818170249675488e-07
46300.000000000095 2.3997158803871056e-07
46350.000000000095 1.7919019767156018e-07
46400.000000000095 2.0822447769025886e-07
46450.000000000095 2.5688346777972796e-07
46500.000000000095 2.0715986021524969e-07
46550.000000000095 2.679499344651234e-07
46600.000000000095 2.612192632136171e-07
46650.000000000095 3.724849914959039e-07
46700.000000000095 3.067921044237512e-07
46750.000000000095 2.443058996347484e-07
46800.000000000095 2.2217656206646278e-07
46850.000000000095 2.6401206897361183e-07
46900.000000000095 2.3370512193589867e-07
46950.000000000095 3.0867183855576936e-07
47000.000000000095 1.9865123373333987e-07
47050.000000000095 3.124629152738219e-07
47100.000000000095 1.8836689480122964e-07
47150.000000000095 2.253827381860676e-07
47200.000000000095 2.49015965287486e-07
47250.000000000095 1.9932013879946182e-07
47300.000000000095 2.267523195817826e-07
47350.000000000095 1.7515760165031732e-07
47400.000000000095 2.6989628043293813e-07
47450.000000000095 1.8131992377311063e-07
47500.000000000095 2.832130258402606e-07
47550.000000000095 1.8587548168235184e-07
47600.000000000095 2.708369297084062e-07
47650.000000000095 1.8663881812288548e-07
47700.000000000095 2.565540144113039e-07
47750.000000000095 1.682131408732487e-07
47800.000000000095 2.5721711568138426e-07
47850.000000000095 1.4989323821076887e-07
47900.000000000095 2.4031031755333443e-07
47950.000000000095 1.8918078205666958e-07
48000.000000000095 2.949149846364823e-07
48050.000000000095 2.0995040394544926e-07
48100.000000000095 2.749491816870355e-07
48150.000000000095 2.0240543606064895e-07
48200.000000000095 2.793680594995312e-07
48250.000000000095 2.1891458653844869e-07
48300.000000000095 3.247290566855117e-07
48350.000000000095 2.084457201035394e-07
48400.000000000095 2.7270027847402447e-07
48450.000000000095 1.836818374862162e-07
48500.000000000095 3.232815851512497e-07
48550.000000000095 1.893600528594991e-07
