galfind/configs/Brown_Dwarf_templates/sonora_cholla/logkzz7/1000g/1300K_1000g_logkzz7_resample.dat
# %ECSV 1.0
# ---
# datatype:
# - {name: wav, unit: Angstrom, datatype: float64}
# - {name: flux_nu, unit: erg / (cm2 Hz s), datatype: float64}
# schema: astropy-2.0
wav flux_nu
[from data line 774]
48700.000000000095 3.716948142381498e-07
48750.000000000095 2.33128083676677e-07
48800.000000000095 3.5793703381761134e-07
48850.000000000095 2.579333133543685e-07
48900.000000000095 3.64142893602752e-07
48950.000000000095 3.1511204625664487e-07
49000.000000000095 2.938303548689947e-07
49050.000000000095 3.404309588469188e-07
49100.000000000095 2.717877192191036e-07
49150.000000000095 3.6677383179819077e-07
49200.000000000095 2.771281436182411e-07
49250.000000000095 3.6395679571398536e-07
49300.000000000095 3.000509523717048e-07
49350.000000000095 3.293559864646858e-07
49400.000000000095 3.774389313527737e-07
49450.000000000095 3.323502115324743e-07
49500.000000000095 3.3716785141573434e-07
49550.000000000095 2.4497228450942115e-07
49600.000000000095 3.444147262300779e-07
49650.000000000095 3.267481412211759e-07
49700.000000000095 2.926397129459267e-07
49750.000000000095 4.4013998161842056e-07
49800.000000000095 3.01353578997675e-07
49850.000000000095 4.564968367324173e-07
49900.000000000095 3.6079690140709593e-07
49950.000000000095 3.904357848000994e-07
50000.000000000095 4.3424337198621094e-07
50050.000000000095 3.7728518809795933e-07
50100.000000000095 5.037240650436755e-07
50150.000000000095 3.1510998578780286e-07
50200.000000000095 2.681361635951744e-07
50250.000000000095 4.4700999688051406e-07
50300.000000000095 3.315612466048407e-07
50350.000000000095 4.4682181753311e-07
50400.000000000095 3.76496855212153e-07
50450.000000000095 3.9275719964353443e-07
50500.000000000095 4.84628621644488e-07
50550.000000000095 3.9059400837094356e-07
50600.000000000095 4.4976262189336714e-07
50650.000000000095 3.986613959568669e-07
50700.000000000095 5.388158129682646e-07
50750.000000000095 5.465178345758015e-07
50800.000000000095 3.262151105756371e-07
50850.000000000095 3.957557741501046e-07
50900.000000000095 5.09005345669086e-07
50950.000000000095 5.279301448743165e-07
51000.000000000095 5.435740548866699e-07
51050.000000000095 4.453548714048971e-07
51100.000000000095 3.5973737933405533e-07
51150.000000000095 4.105329658382698e-07
51200.000000000095 5.037781879218078e-07
51250.000000000095 5.143223870801792e-07
51300.000000000095 3.458916457566879e-07
51350.000000000095 4.518362618986811e-07
51400.000000000095 3.9310793199833703e-07
51450.000000000095 3.3950841648102384e-07
51500.000000000095 3.2971684080684313e-07
51550.000000000095 5.248109770787647e-07
51600.000000000095 3.5415702179062567e-07
51650.000000000095 4.6943160428196465e-07
51700.000000000095 4.830231370870346e-07
51750.000000000095 3.527772450734755e-07
51800.000000000095 6.020322058235755e-07
51850.000000000095 4.870095806574634e-07
51900.000000000095 5.861073271709471e-07
51950.000000000095 5.260776510514467e-07
52000.000000000095 2.7551990353873264e-07
52050.000000000095 3.919889333740677e-07
52100.000000000095 3.799397061802404e-07
52150.000000000095 3.363265048400289e-07
52200.000000000095 3.60324960363748e-07
52250.000000000095 3.815214470857985e-07
52300.000000000095 5.79494258617029e-07
52350.000000000095 4.599070441830015e-07
52400.000000000095 3.585266932994917e-07
52450.000000000095 4.926913012873379e-07
52500.000000000095 4.606861717185726e-07
52550.000000000095 4.930716224232469e-07
52600.000000000095 4.2251561102841474e-07
52650.000000000095 4.929374814366722e-07
52700.000000000095 3.9461759933674927e-07
52750.000000000095 3.4988941583808755e-07
52800.000000000095 3.608266440930206e-07
52850.000000000095 4.0646248742631017e-07
52900.000000000095 3.609629124417787e-07
52950.000000000095 3.5497121784315897e-07
53000.000000000095 5.582263351842015e-07
53050.000000000095 3.112572647084561e-07
53100.000000000095 5.08593592409798e-07
53150.000000000095 5.913588622641821e-07
53200.000000000095 3.212587276671616e-07
53250.000000000095 5.350103490620673e-07
53300.000000000095 5.613106358496128e-07
53350.000000000095 5.297401321656029e-07
53400.000000000095 5.634420969532925e-07
53450.000000000095 3.3900157398802253e-07
53500.000000000095 2.4734894593804117e-07
53550.000000000095 3.458848315999068e-07
53600.000000000095 4.339446175323307e-07
53650.000000000095 3.6041136448850683e-07
53700.000000000095 3.473694914070156e-07
53750.000000000095 3.5835311021830854e-07
53800.000000000095 3.716283432094945e-07
53850.000000000095 4.5237970079248625e-07
53900.000000000095 3.932961718357453e-07
53950.000000000095 5.293946646498518e-07
54000.000000000095 4.0198871964494457e-07
54050.000000000095 3.861085757770458e-07
54100.000000000095 2.504628631463694e-07
54150.000000000095 3.374701310590479e-07
54200.000000000095 2.1159325686020353e-07
54250.000000000095 2.3746954934611495e-07
54300.000000000095 3.2332903110459994e-07
54350.000000000095 4.134653433493093e-07
54400.000000000095 4.263977199577766e-07
54450.000000000095 3.919550767939114e-07
54500.000000000095 3.5323144100652023e-07
54550.000000000095 2.9234167335952776e-07
54600.000000000095 3.6225295917387664e-07
54650.000000000095 2.6094723158385794e-07
54700.000000000095 4.2229941341588974e-07
54750.000000000095 4.0904498418021287e-07
54800.000000000095 3.166156290618706e-07
54850.000000000095 3.469184449609911e-07
54900.000000000095 4.4026584494953184e-07
54950.000000000095 5.40225906196029e-07
55000.000000000095 3.186711484649818e-07
55050.000000000095 3.865230872337202e-07
55100.000000000095 3.457496405048061e-07
55150.000000000095 3.211748466991645e-07
55200.000000000095 3.1947025484705053e-07
55250.000000000095 3.2950004966781517e-07
55300.000000000095 2.6995210604330553e-07
55350.000000000095 3.635422707265389e-07
55400.000000000095 4.5257561694751395e-07
55450.000000000095 3.6132850791808356e-07
55500.000000000095 2.2806729540765336e-07
55550.000000000095 2.970739586637113e-07
55600.000000000095 2.8816732320524577e-07
55650.000000000095 2.322120426682388e-07
55700.000000000095 3.023787420247395e-07
55750.000000000095 3.556888832910308e-07
55800.000000000095 2.8113828543616137e-07
55850.000000000095 2.443126312440279e-07
55900.000000000095 3.833181972194803e-07
55950.000000000095 4.945336254874372e-07
56000.000000000095 2.580909256917915e-07
56050.000000000095 3.5219364686718616e-07
56100.000000000095 3.770197107653264e-07
56150.000000000095 2.938230446292362e-07
56200.000000000095 3.272846264015202e-07
56250.000000000095 3.173556645408724e-07
56300.000000000095 3.55582603258065e-07
56350.000000000095 3.8178803783320276e-07
56400.000000000095 2.827628915815652e-07
56450.000000000095 2.576408381899205e-07
56500.000000000095 2.937650199975961e-07
56550.000000000095 2.168536842418226e-07
56600.000000000095 3.5902664428739077e-07
56650.000000000095 3.3044919705002036e-07
56700.000000000095 4.02639027629523e-07
56750.000000000095 2.4659949532086483e-07
56800.000000000095 3.719938170018716e-07
56850.000000000095 2.99977436958219e-07
56900.000000000095 2.8076331837108196e-07
56950.000000000095 3.8494985579991544e-07
57000.000000000095 4.0434051412438583e-07
57050.000000000095 3.0714735770500393e-07
57100.000000000095 1.8986524755799813e-07
57150.000000000095 2.642178791339087e-07
57200.000000000095 2.07747224594706e-07
57250.000000000095 2.924290028852461e-07
57300.000000000095 3.390240036270755e-07
57350.000000000095 2.2290710650822833e-07
57400.000000000095 3.390893468746005e-07
57450.000000000095 3.2738238219448276e-07
57500.000000000095 3.062427820669344e-07
57550.000000000095 3.639213223755366e-07
57600.000000000095 3.933862516565681e-07
57650.000000000095 1.979913126323057e-07
57700.000000000095 2.3466095065795647e-07
57750.000000000095 2.7852962327409727e-07
57800.000000000095 1.401512126209311e-07
57850.000000000095 4.062924328854804e-07
57900.000000000095 4.717507103082713e-07
57950.000000000095 4.182621846002389e-07
58000.000000000095 2.7085477757145055e-07
58050.000000000095 3.345361908361775e-07
58100.000000000095 4.1445282485069227e-07
58150.000000000095 3.4008139165781037e-07
58200.000000000095 2.0990018230029337e-07
58250.000000000095 2.668246336212112e-07
58300.000000000095 2.1906267285312098e-07
58350.000000000095 2.516293365857988e-07
58400.000000000095 3.0841742784191553e-07
58450.000000000095 3.3331165141503097e-07
58500.000000000095 3.0005261292084455e-07
58550.000000000095 3.515522309782532e-07
58600.000000000095 2.415548450465753e-07
58650.000000000095 2.946946081225227e-07
58700.000000000095 2.731487441644341e-07
58750.000000000095 3.041394288792273e-07
58800.000000000095 1.9270149322258217e-07
58850.000000000095 2.733961848187957e-07
58900.000000000095 3.30484110826078e-07
58950.000000000095 2.3216321457425128e-07
59000.000000000095 3.1789833510126507e-07
59050.000000000095 3.370795202901325e-07
59100.000000000095 3.9875870759360855e-07
59150.000000000095 3.198766039157407e-07
59200.000000000095 3.206167593285159e-07
59250.000000000095 3.3906258045446733e-07
59300.000000000095 3.2345539838889416e-07
59350.000000000095 2.088336459150877e-07
59400.000000000095 1.7035393595212927e-07
59450.000000000095 2.8768799474582604e-07
59500.000000000095 2.0011291261375778e-07
59550.000000000095 3.6491481358838524e-07
59600.000000000095 3.63362968882836e-07
59650.000000000095 3.280907928290038e-07
59700.000000000095 2.3340326484360312e-07
59750.000000000095 4.3379891326336145e-07
59800.000000000095 3.090499344644765e-07
59850.000000000095 3.6782836134627275e-07
59900.000000000095 2.2078204323170337e-07
59950.000000000095 3.25584008405504e-07
60000.000000000095 4.945654035094084e-07
60050.000000000095 4.0056918681255617e-07
60100.000000000095 4.193818415734167e-07
60150.000000000095 3.175562925169249e-07
60200.000000000095 3.460947338135512e-07
60250.000000000095 3.915891147337225e-07
60300.000000000095 3.622624699447153e-07
60350.000000000095 2.884885825258429e-07
60400.000000000095 3.5706898544977214e-07
60450.000000000095 2.2397643946623033e-07
60500.000000000095 1.607976996256367e-07
60550.000000000095 3.583975079853713e-07
60600.000000000095 3.4596792414064824e-07
60650.000000000095 3.135443902283968e-07
60700.000000000095 2.9348768174781084e-07
60750.000000000095 2.491398720122946e-07
60800.000000000095 3.7700058435766644e-07
60850.000000000095 4.891846842891756e-07
60900.000000000095 4.263012423753543e-07
60950.000000000095 4.1314674645733857e-07
61000.000000000095 3.3631492546750824e-07
61050.000000000095 2.6661338715469435e-07
61100.000000000095 3.562425983398799e-07
61150.000000000095 1.6275289987570732e-07
61200.000000000095 4.3764833079396224e-07
61250.000000000095 5.000853829201698e-07
61300.000000000095 4.4162565696797526e-07
61350.000000000095 5.066167609309399e-07
61400.000000000095 3.857327200651849e-07
61450.000000000095 2.916156361269855e-07
61500.000000000095 2.904866183812419e-07
61550.000000000095 2.7451951717728505e-07
61600.000000000095 2.1223674450434215e-07
61650.000000000095 3.183333103637769e-07
61700.000000000095 2.774865538054407e-07
61750.000000000095 3.2372309298159274e-07
61800.000000000095 3.8108356193826593e-07
61850.000000000095 2.6547479587538837e-07
61900.000000000095 4.3705690105425797e-07
61950.000000000095 4.432500707566739e-07
62000.000000000095 3.9424031742674663e-07
62050.000000000095 3.9629103966727834e-07
62100.000000000095 4.33750496581583e-07
62150.000000000095 3.997243062553321e-07
62200.000000000095 3.5939116069418735e-07
62250.000000000095 4.0059254768413114e-07
62300.000000000095 4.862029665617779e-07
62350.000000000095 4.4758466103657754e-07
62400.000000000095 2.936819650212569e-07
62450.000000000095 3.568420482114858e-07
62500.000000000095 4.6508207226184523e-07
62550.000000000095 4.259855378533197e-07
62600.000000000095 4.7451005664925014e-07
62650.000000000095 3.9840287933843305e-07
62700.000000000095 4.2806977306834097e-07
62750.000000000095 5.006854347606746e-07
62800.000000000095 3.4784743237724596e-07
62850.000000000095 4.5715782569623366e-07
62900.000000000095 3.9069575773776007e-07
62950.000000000095 4.993463763879012e-07
63000.000000000095 4.50411471809165e-07
63050.000000000095 5.480805172053237e-07
63100.000000000095 5.104746532958078e-07
63150.000000000095 3.4845136056874137e-07
63200.000000000095 4.622650716091805e-07
63250.000000000095 4.840430792988244e-07
63300.000000000095 5.063846844784556e-07
63350.000000000095 4.2913338078697885e-07
63400.000000000095 2.952412426173795e-07
63450.000000000095 2.6532551416783274e-07
63500.000000000095 4.449479965525225e-07
63550.000000000095 3.909563820059104e-07
63600.000000000095 5.010370251018715e-07
63650.000000000095 3.958310312074881e-07
63700.000000000095 2.8394122254253167e-07
63750.000000000095 3.6559035826700353e-07
63800.000000000095 3.6035199994475495e-07
63850.000000000095 3.668830581008746e-07
63900.000000000095 2.915363945497739e-07
63950.000000000095 4.1484605095277665e-07
64000.000000000095 4.406067883046252e-07
64050.000000000095 3.4055472621606e-07
64100.000000000095 1.5943089787781523e-07
64150.000000000095 2.0906105947413982e-07
64200.000000000095 2.4798638514731465e-07
64250.000000000095 3.3831286120375697e-07
64300.000000000095 2.7720355221011043e-07
64350.000000000095 2.573732543867831e-07
64400.000000000095 3.5163635349837343e-07
64450.000000000095 3.5797918511244187e-07
64500.000000000095 2.34395118451928e-07
64550.000000000095 3.3898107272619873e-07
64600.000000000095 2.4503563579164136e-07
64650.000000000095 3.285673217298945e-07
64700.000000000095 1.957729436476085e-07
64750.000000000095 2.2423432769846484e-07
64800.000000000095 2.2881667936239447e-07
64850.000000000095 2.195564827373644e-07
64900.000000000095 2.552846814079358e-07
64950.000000000095 2.2863336925976703e-07
65000.000000000095 2.602691867907523e-07
65050.000000000095 2.651144905019828e-07
65100.000000000095 3.0131675256613837e-07
65150.000000000095 2.504973123379405e-07
65200.000000000095 2.1324357354603496e-07
65250.000000000095 2.826994320436646e-07
65300.000000000095 2.4706880662213735e-07
65350.000000000095 4.0634954052975554e-07
65400.000000000095 2.4411013862559615e-07
65450.000000000095 2.496638696733014e-07
65500.000000000095 2.754668343102814e-07
65550.00000000009 2.1223413783446582e-07
65600.00000000009 2.3456758618837504e-07
65650.00000000009 2.5804055596751465e-07
65700.00000000009 2.2722560572935714e-07
65750.00000000009 2.1014436824430015e-07
65800.00000000009 2.677024081698601e-07
65850.00000000009 3.052920646224118e-07
65900.00000000009 2.0965812980240832e-07
65950.00000000009 1.6440636748008952e-07
66000.00000000009 2.3176187829447515e-07
66050.00000000009 3.560157378186942e-07
66100.00000000009 2.496632650887017e-07
66150.00000000009 1.9593623478127541e-07
66200.00000000009 1.9856036223531374e-07
66250.00000000009 1.907633195757778e-07
66300.00000000009 1.1784879528997733e-07
66350.00000000009 1.674516861528155e-07
66400.00000000009 1.9502668944618972e-07
66450.00000000009 2.8391495400802154e-07
66500.00000000009 3.5562693203483773e-07
66550.00000000009 3.2981582126164547e-07
66600.00000000009 2.6399903432190436e-07
66650.00000000009 2.746133608230736e-07
66700.00000000009 2.402354626611699e-07
66750.00000000009 2.218909021048062e-07
66800.00000000009 2.74728204735937e-07
66850.00000000009 2.1285792460888863e-07
66900.00000000009 2.751140932576914e-07
66950.00000000009 3.523025633906075e-07
67000.00000000009 3.507943964804353e-07
67050.00000000009 2.557675020526354e-07
67100.00000000009 2.3582795500692106e-07
67150.00000000009 2.398009772824971e-07
67200.00000000009 2.509354884721336e-07
67250.00000000009 2.5842740702669613e-07
67300.00000000009 2.6822711611878317e-07
67350.00000000009 2.1307092424456282e-07
67400.00000000009 3.393123211720369e-07
67450.00000000009 2.774358474659254e-07
67500.00000000009 2.541160621862305e-07
67550.00000000009 2.8656507684530906e-07
67600.00000000009 4.2242284829562345e-07
67650.00000000009 3.228571904482098e-07
67700.00000000009 2.7894164582746174e-07
67750.00000000009 2.569743659402301e-07
67800.00000000009 3.1117381627778273e-07
67850.00000000009 2.2096301225842637e-07
67900.00000000009 2.685777465965185e-07
67950.00000000009 1.937862892234794e-07
68000.00000000009 2.3986908514535457e-07
