galfind/configs/Brown_Dwarf_templates/sonora_cholla/logkzz7/1000g/500K_1000g_logkzz7_resample.dat
# %ECSV 1.0
# ---
# datatype:
# - {name: wav, unit: Angstrom, datatype: float64}
# - {name: flux_nu, unit: erg / (cm2 Hz s), datatype: float64}
# schema: astropy-2.0
wav flux_nu
[from data line 1210]
63500.04800076804 1.5592064910604012e-09
63550.04800076804 2.8547864406655202e-09
63600.04800076804 1.7830252498660862e-09
63650.04800076804 1.5516417729972534e-09
63700.04800076804 1.852559775477179e-10
63750.04800076804 8.472645473451541e-10
63800.04800076804 2.884084667098521e-09
63850.04800076804 2.2890653934681824e-09
63900.04800076804 3.4748614905575443e-10
63950.04800076804 1.151454431825846e-09
64000.04800076804 2.0121852653398523e-09
64050.04800076804 4.542190801800442e-10
64100.04800076804 6.566067808768124e-11
64150.04800076804 9.859625975155498e-11
64200.04800076804 1.295204857215642e-10
64250.04800076804 9.83968259112892e-10
64300.04800076804 9.352037106779465e-10
64350.04800076804 5.200837187646698e-10
64400.04800076804 1.7949144046164715e-09
64450.04800076804 2.1774629406157027e-09
64500.04800076804 9.210866618100057e-10
64550.04800076804 1.982596372498808e-09
64600.04800076804 1.4335362688287144e-09
64650.04800076804 2.0144824432576283e-09
64700.04800076804 4.27561460849324e-10
64750.04800076804 8.057887115447969e-10
64800.04800076804 2.3601969897891934e-10
64850.04800076804 1.5132318595124785e-10
64900.04800076804 1.225949305314185e-10
64950.04800076804 6.58188941686126e-11
65000.04800076804 2.444679406730942e-10
65050.04800076804 1.0050491442125755e-09
65100.04800076804 1.3292395317695098e-09
65150.04800076804 6.47340268099941e-10
65200.04800076804 9.65602526749557e-11
65250.04800076804 5.533367375885743e-10
65300.04800076804 1.2069686090556203e-09
65350.04800076804 2.8022463778711174e-09
65400.04800076804 9.896142399787294e-10
65450.04800076804 1.0189768312274581e-09
65500.04800076804 1.221827404763143e-09
65550.04800076805 3.567671677402139e-10
65600.04800076805 1.066174741457235e-09
65650.04800076805 4.776644952430096e-10
65700.04800076805 4.099649271874005e-10
65750.04800076805 2.9331105511334694e-10
65800.04800076805 1.0204099615311149e-09
65850.04800076805 1.6504818924830562e-09
65900.04800076805 1.971488006582905e-10
65950.04800076805 6.564991961820449e-10
66000.04800076805 8.657892220808082e-10
66050.04800076805 2.110762990768025e-09
66100.04800076805 1.1843290849077993e-09
66150.04800076805 1.3240736909255513e-09
66200.04800076805 1.3290168638254515e-09
66250.04800076805 4.6305918984030023e-10
66300.04800076805 1.6599107460616155e-10
66350.04800076805 6.158353384990246e-11
66400.04800076805 1.4950880337409788e-10
66450.04800076805 9.567296522328038e-10
66500.04800076805 1.9384852720410944e-09
66550.04800076805 2.1597032844171073e-09
66600.04800076805 1.7588069430968251e-09
66650.04800076805 9.404700587086844e-10
66700.04800076805 4.658878451087008e-10
66750.04800076805 8.399507641666204e-10
66800.04800076805 7.28002250472447e-10
66850.04800076805 4.6200867974796774e-10
66900.04800076805 2.5429365995729867e-09
66950.04800076805 2.033742361881712e-09
67000.04800076805 3.3893223363792163e-09
67050.04800076805 1.5230815110283582e-09
67100.04800076805 6.054234965990472e-10
67150.04800076805 1.2941679410566624e-09
67200.04800076805 1.7157900985488485e-09
67250.04800076805 1.4745126054982982e-09
67300.04800076805 3.4299371389791937e-09
67350.04800076805 1.0975853799154491e-09
67400.04800076805 3.1788950223215266e-09
67450.04800076805 2.111759860780962e-09
67500.04800076805 1.7737764203520882e-09
67550.04800076805 5.592611575437735e-09
67600.04800076805 8.189820659292354e-09
67650.04800076805 5.373851009127772e-09
67700.04800076805 2.684218316000886e-09
67750.04800076805 1.1878832760488822e-09
67800.04800076805 1.9137293301294524e-09
67850.04800076805 6.621630849458345e-10
67900.04800076805 7.656002062841725e-10
67950.04800076805 6.871144899187566e-10
68000.04800076805 2.473089285673229e-09
68050.04800076805 2.2712450373073346e-09
68100.04800076805 4.595970905980135e-09
68150.04800076805 4.237929299084599e-09
68200.04800076805 2.5108716203492557e-09
68250.04800076805 3.7789911831152044e-10
68300.04800076805 2.5937388850545704e-09
68350.04800076805 5.015164426241537e-09
68400.04800076805 5.866925772109582e-09
68450.04800076805 5.030899144244776e-09
68500.04800076805 2.1722590936948863e-09
68550.04800076805 5.743717975040799e-10
68600.04800076805 5.484067953550446e-10
68650.04800076805 2.469883605830283e-10
68700.04800076805 1.0569085955525724e-09
68750.04800076805 2.4947535167836205e-09
68800.04800076805 2.811187273678506e-09
68850.04800076805 1.4760092504962886e-09
68900.04800076805 5.64376047263427e-09
68950.04800076805 6.125304015667925e-09
69000.04800076805 3.2949543123469964e-09
69050.04800076805 1.2438566191107187e-09
69100.04800076805 4.179879544465358e-09
69150.04800076805 7.559102007243807e-09
69200.04800076805 7.255654668142656e-09
69250.04800076805 8.414291426281543e-09
69300.04800076805 5.528190963092334e-09
69350.04800076805 9.831258384201545e-09
69400.04800076805 3.746542064647103e-09
69450.04800076805 7.602561281587464e-09
69500.04800076805 3.7571899070897165e-09
69550.04800076805 1.9608505895113557e-09
69600.04800076805 3.453274751371471e-10
69650.04800076805 2.271204963673198e-09
69700.04800076805 4.992251449438865e-09
69750.04800076805 2.843320847232301e-09
69800.04800076805 5.839521625995743e-09
69850.04800076805 5.605542263260836e-09
69900.04800076805 3.0207911860839946e-09
69950.04800076805 2.8427141474333265e-09
70000.04800076805 3.999223223533149e-09
70050.04800076805 8.51439926964876e-09
70100.04800076805 6.69449696469775e-09
70150.04800076805 4.8271794856393034e-09
70200.04800076805 2.5325103387776457e-09
70250.04800076805 2.8911242359487052e-09
70300.04800076805 6.735867601240261e-09
70350.04800076805 5.567602367000632e-09
70400.04800076805 2.165666066309003e-09
70450.04800076805 1.4554868177953262e-10
70500.04800076805 2.0886483867346982e-09
70550.04800076805 1.9107979469136694e-09
70600.04800076805 2.6295784546293434e-09
70650.04800076805 6.1708359168614664e-09
70700.04800076805 8.217361884482723e-09
70750.04800076805 1.2414020062169667e-08
70800.04800076805 4.726213818909622e-09
70850.04800076805 5.473519518001123e-09
70900.04800076805 6.895390839897116e-09
70950.04800076805 9.957800981055253e-09
71000.04800076805 9.68379862456247e-09
71050.04800076805 9.769149648244955e-09
71100.04800076805 7.158182803716567e-09
71150.04800076805 2.9710554340519244e-09
71200.04800076805 3.5114946239529234e-09
71250.04800076805 7.733588720791254e-09
71300.04800076805 1.0642600760038648e-08
71350.04800076805 9.823660510883048e-09
71400.04800076805 6.165669751279035e-09
71450.04800076805 1.5890018272094817e-09
71500.04800076805 2.7999370667677753e-09
71550.04800076805 3.518340642865979e-09
71600.04800076805 4.205113560312921e-09
71650.04800076805 1.8909018920206233e-09
71700.04800076805 1.20622417619571e-09
71750.04800076805 4.2372909892393376e-09
71800.04800076805 7.274891013169153e-09
71850.04800076805 7.4486688568332205e-09
71900.04800076805 3.6837044209382952e-09
71950.04800076805 6.135130076808493e-09
72000.04800076805 5.024909299266518e-09
72050.04800076805 1.5928088788672165e-09
72100.04800076805 2.3668746522259248e-09
72150.04800076805 4.078767077910135e-09
72200.04800076805 5.788046264928399e-09
72250.04800076805 1.0517411886819729e-08
72300.04800076805 4.869044186438994e-09
72350.04800076805 6.241495456512669e-09
72400.04800076805 5.746582974226904e-09
72450.04800076805 4.271705163833949e-09
72500.04800076805 6.179377681730134e-09
72550.04800076805 1.7157057053679707e-09
72600.04800076805 3.5603276803482135e-09
72650.04800076805 6.755295303646012e-09
72700.04800076805 2.7500143427164946e-09
72750.04800076805 3.000099922597084e-09
72800.04800076805 1.5782538951712862e-09
72850.04800076805 3.0333998264788945e-09
72900.04800076805 7.643489719523937e-09
72950.04800076805 3.574162651100463e-09
73000.04800076805 3.929886771112461e-09
73050.04800076805 1.3883577866229256e-09
73100.04800076805 2.4217051890622268e-09
73150.04800076805 6.545633069295449e-09
73200.04800076805 2.140728048477369e-09
73250.04800076805 2.697705170125256e-09
73300.04800076805 1.6844030393284309e-09
73350.04800076805 1.0322335880542854e-09
73400.04800076805 2.6847202726483407e-09
73450.04800076805 1.445289036443116e-09
73500.04800076805 1.0371831029404226e-09
73550.04800076805 2.3085842850043624e-09
73600.04800076805 2.8103146436049106e-09
73650.04800076805 2.25321826755152e-09
73700.04800076805 1.986810527034843e-09
73750.04800076805 3.928072622070842e-10
73800.04800076805 1.8436442484676473e-09
73850.04800076805 3.339548215510554e-09
73900.04800076805 9.611630965028288e-10
73950.04800076805 1.4545371826698566e-09
74000.04800076805 4.0266440491664637e-10
74050.04800076805 3.0047902230101703e-09
74100.04800076805 2.3049597861574975e-09
74150.04800076805 2.417191182342698e-09
74200.04800076805 6.575582794539252e-10
74250.04800076805 6.996521086972951e-11
74300.04800076805 2.273295090255557e-09
74350.04800076805 3.497584172791662e-09
74400.04800076805 2.92605471611419e-09
74450.04800076805 6.858517010871174e-10
74500.04800076805 2.290933336789109e-10
74550.04800076805 9.164604938415901e-10
74600.04800076805 1.8666713220342884e-09
74650.04800076805 2.105632079705907e-09
74700.04800076805 1.2705491368699978e-09
74750.04800076805 2.9465579145706387e-10
74800.04800076805 5.473734046457245e-10
74850.04800076805 3.0866875565795462e-09
74900.04800076805 3.038303604862179e-09
74950.04800076805 2.4432202394137577e-09
75000.04800076805 8.493502638449104e-10
75050.04800076805 2.7301858658094745e-11
75100.04800076805 1.8883418806530705e-09
75150.04800076805 4.297458059232766e-09
75200.04800076805 4.158659025431247e-09
75250.04800076805 3.057253103153014e-09
75300.04800076805 1.4032946483172175e-09
75350.04800076805 2.013130294932175e-10
75400.04800076805 2.808164733985368e-09
75450.04800076805 4.887246618905921e-09
75500.04800076805 4.377611686491316e-09
75550.04800076805 3.0235398387281442e-09
75600.04800076805 2.706015648754041e-09
75650.04800076805 1.1138569555714086e-09
75700.04800076805 5.033974829779993e-09
75750.04800076805 3.5810888065062012e-09
75800.04800076805 3.854328180313238e-09
75850.04800076805 4.21976907838777e-09
75900.04800076805 4.3876907717738645e-09
75950.04800076805 1.6548991713882245e-09
76000.04800076805 6.548599785280358e-09
76050.04800076805 6.110664903897602e-09
76100.04800076805 4.802188709310277e-09
76150.04800076805 5.3767527719976e-09
76200.04800076805 3.6538445003044625e-09
76250.04800076805 1.071743328480079e-09
76300.04800076805 5.4050992966151915e-09
76350.04800076805 6.839473039385305e-09
76400.04800076805 5.40437366956574e-09
76450.04800076805 3.621788405138211e-09
76500.04800076805 2.2486771696602167e-09
76550.04800076805 3.8731762323337783e-10
76600.04800076805 4.618096727552131e-11
76650.04800076805 3.528431567127508e-11
76700.04800076805 9.414303196076538e-11
76750.04800076805 1.7301996365761807e-10
76800.04800076805 3.6654897780625063e-10
76850.04800076805 4.094321215014831e-10
76900.04800076805 2.671171236047576e-10
76950.04800076805 6.734607090011704e-10
77000.04800076805 2.2518808695301406e-09
77050.04800076805 1.1261920993715281e-10
77100.04800076805 3.3135782393156535e-10
77150.04800076805 2.481501396894552e-09
77200.04800076805 8.507948675688081e-10
77250.04800076805 2.9034586801269495e-10
77300.04800076805 1.9649746824914075e-09
77350.04800076805 1.096393583186913e-09
77400.04800076805 1.5818372194434555e-09
77450.04800076805 5.055434710116024e-09
77500.04800076805 2.9753190073311278e-09
77550.04800076805 1.2463577262075455e-09
77600.04800076805 2.9835372539896193e-10
77650.04800076805 5.321440433153813e-10
77700.04800076805 8.891313483395199e-10
77750.04800076805 2.9814532957559965e-09
77800.04800076805 4.1242924460043834e-09
77850.04800076805 5.3321555160450284e-09
77900.04800076805 1.4427749671830242e-09
77950.04800076805 1.2680931661152219e-10
78000.04800076805 1.3871739408236672e-09
78050.04800076805 1.7394390288720838e-09
78100.04800076805 3.3265191739591673e-09
78150.04800076805 5.173014519305896e-09
78200.04800076805 6.802602546381844e-09
78250.04800076805 3.793831509363654e-09
78300.04800076805 5.783912925833914e-10
78350.04800076805 2.453232090628739e-09
78400.04800076805 7.926704329053368e-10
78450.04800076805 2.1214489390525314e-09
78500.04800076805 5.779063862026752e-09
78550.04800076805 7.644138323896366e-09
78600.04800076805 4.75201565613152e-09
78650.04800076805 3.405254403177173e-10
78700.04800076805 8.213444744272425e-10
78750.04800076805 2.4874788762696307e-09
78800.04800076805 1.2244637939619204e-09
78850.04800076805 3.389226772433771e-10
78900.04800076805 1.874651398674966e-09
78950.04800076805 4.4173329249081935e-09
79000.04800076805 2.395290349868618e-09
79050.04800076805 1.9280470562307806e-09
79100.04800076805 3.358609282079483e-09
79150.04800076805 1.6505096235748394e-09
79200.04800076805 2.337105585039897e-09
79250.04800076805 8.461811473965212e-10
79300.04800076805 1.476495367750291e-09
79350.04800076805 1.8901115087344336e-09
79400.04800076805 7.919003541925593e-10
79450.04800076805 4.937741585392759e-09
79500.04800076805 6.8777657057756705e-09
79550.04800076805 5.512298631709819e-09
79600.04800076805 2.559581148546043e-09
79650.04800076805 5.090881309627551e-09
79700.04800076805 2.6019861244365395e-09
79750.04800076805 2.356112228816199e-09
79800.04800076805 1.5695106242738178e-09
79850.04800076805 4.424950807689062e-09
79900.04800076805 8.768892364130528e-09
79950.04800076805 1.0227476457232364e-08
