galfind/configs/Brown_Dwarf_templates/sonora_cholla/logkzz7/1000g/500K_1000g_logkzz7_resample.dat
# %ECSV 1.0
# ---
# datatype:
# - {name: wav, unit: Angstrom, datatype: float64}
# - {name: flux_nu, unit: erg / (cm2 Hz s), datatype: float64}
# schema: astropy-2.0
wav flux_nu
[from data line 814]
43700.04800076804 7.95970094240285e-08
43750.04800076804 8.465673105296206e-08
43800.04800076804 6.730815981607742e-08
43850.04800076804 6.494211662478274e-08
43900.04800076804 5.2190863160196866e-08
43950.04800076804 3.6980016176663944e-08
44000.04800076804 3.30534198694356e-08
44050.04800076804 7.425108573455834e-08
44100.04800076804 1.019737613338555e-07
44150.04800076804 9.192089536330491e-08
44200.04800076804 8.567579788195339e-08
44250.04800076804 4.992217860826119e-08
44300.04800076804 3.261340099604661e-08
44350.04800076804 3.670460600601761e-08
44400.04800076804 4.0053850526373274e-08
44450.04800076804 5.896415694849583e-08
44500.04800076804 4.948041728118511e-08
44550.04800076804 6.600635704154713e-08
44600.04800076804 4.606686791740284e-08
44650.04800076804 5.506696604818174e-08
44700.04800076804 3.8101235766129426e-08
44750.04800076804 4.726541041453077e-08
44800.04800076804 3.332314626530111e-08
44850.04800076804 4.332750268561993e-08
44900.04800076804 3.533864557432765e-08
44950.04800076804 3.321002216228345e-08
45000.04800076804 3.888808911480153e-08
45050.04800076804 3.8196396035409015e-08
45100.04800076804 3.762744397979203e-08
45150.04800076804 2.63160658856307e-08
45200.04800076804 1.588162332414086e-08
45250.04800076804 1.8129598091772375e-08
45300.04800076804 2.491169979770776e-08
45350.04800076804 1.8459241016856866e-08
45400.04800076804 2.279857344276153e-08
45450.04800076804 1.8824604049990344e-08
45500.04800076804 2.326738129464855e-08
45550.04800076804 2.600085654328467e-08
45600.04800076804 1.729724446791776e-08
45650.04800076804 1.7159653616877907e-08
45700.04800076804 2.0132270964291018e-08
45750.04800076804 1.293280646705704e-08
45800.04800076804 1.3674319903318424e-08
45850.04800076804 1.9349989708203563e-08
45900.04800076804 2.367085191806253e-08
45950.04800076804 1.2729518163636804e-08
46000.04800076804 2.279242916295077e-08
46050.04800076804 2.3567009403482647e-08
46100.04800076804 1.4251150711966476e-08
46150.04800076804 2.0808955004847626e-08
46200.04800076804 1.4692635639411522e-08
46250.04800076804 7.513082360445908e-09
46300.04800076804 2.6574669058709278e-08
46350.04800076804 1.9647022004629764e-08
46400.04800076804 2.39626230708549e-08
46450.04800076804 3.174238832583614e-08
46500.04800076804 2.4583556705453257e-08
46550.04800076804 2.3798724835995153e-08
46600.04800076804 2.2942938174596575e-08
46650.04800076804 5.3418873339239964e-08
46700.04800076804 3.677688072824805e-08
46750.04800076804 1.3955211215854676e-08
46800.04800076804 8.28233702025124e-09
46850.04800076804 3.1141243614735586e-08
46900.04800076804 2.6298356619992167e-08
46950.04800076804 4.071102597112118e-08
47000.04800076804 1.8012130805416238e-08
47050.04800076804 3.0345706698931994e-08
47100.04800076804 1.1036843330919778e-08
47150.04800076804 2.0177014529697732e-08
47200.04800076804 2.5063685996060216e-08
47250.04800076804 1.3796356481146472e-08
47300.04800076804 1.317702109992754e-08
47350.04800076804 1.544637881522685e-08
47400.04800076804 3.650597613302563e-08
47450.04800076804 1.291078752900132e-08
47500.04800076804 4.1728435682855097e-08
47550.04800076804 1.6820523974113825e-08
47600.04800076804 3.1463418625760356e-08
47650.04800076804 1.465563148513003e-08
47700.04800076804 3.0654387421719346e-08
47750.04800076804 1.3326112224216979e-08
47800.04800076804 1.857306839697676e-08
47850.04800076804 6.742125894480034e-09
47900.04800076804 1.1684953039091997e-08
47950.04800076804 2.290753249179955e-08
48000.04800076804 3.985934955261816e-08
48050.04800076804 2.480727483522228e-08
48100.04800076804 1.823333997519489e-08
48150.04800076804 2.228941506197181e-08
48200.04800076804 2.365618654972459e-08
48250.04800076804 2.352524694246422e-08
48300.04800076804 4.459681316034687e-08
48350.04800076804 1.716861739633088e-08
48400.04800076804 6.361416315455163e-09
48450.04800076804 1.1237526800656703e-08
48500.04800076804 2.5310315537593724e-08
48550.04800076804 1.98327513575619e-08
48600.04800076804 4.732870327222432e-08
48650.04800076804 3.4062041051812066e-08
48700.04800076804 4.3050192844072216e-08
48750.04800076804 2.6095723314532432e-08
48800.04800076804 4.574314836932272e-08
48850.04800076804 2.266248623401486e-08
48900.04800076804 2.3792277861023276e-08
48950.04800076804 1.4490153818455611e-08
49000.04800076804 9.193137469672808e-09
49050.04800076804 2.836311310398872e-08
49100.04800076804 3.300118071597136e-08
49150.04800076804 3.2995177577161195e-08
49200.04800076804 4.238860742133252e-08
49250.04800076804 5.6364146202139345e-08
49300.04800076804 4.069648235180228e-08
49350.04800076804 1.7097139507914683e-08
49400.04800076804 2.39708191333126e-08
49450.04800076804 1.982093621736498e-08
49500.04800076804 1.651410898804379e-08
49550.04800076804 2.551406146381436e-09
49600.04800076804 8.089593419830492e-09
49650.04800076804 2.4910175817347436e-08
49700.04800076804 3.454120024457468e-08
49750.04800076804 2.8990052375142098e-08
49800.04800076804 1.537811005122872e-08
49850.04800076804 4.0064104565043854e-08
49900.04800076804 4.2842547567668425e-08
49950.04800076804 3.8583635339192626e-08
50000.04800076804 2.4838832039169653e-08
50050.04800076804 2.8831893507542594e-08
50100.04800076804 2.4891138065226095e-08
50150.04800076804 9.039055860316454e-09
50200.04800076804 1.3410459507611608e-09
50250.04800076804 8.577659606092365e-09
50300.04800076804 6.252636080719894e-09
50350.04800076804 2.7676348593812783e-08
50400.04800076804 3.547862237911974e-08
50450.04800076804 2.6660081460646813e-08
50500.04800076804 4.132002184030164e-08
50550.04800076804 4.567268270636987e-08
50600.04800076804 2.84805323556441e-08
50650.04800076804 4.220117344955562e-08
50700.04800076804 4.209980404718636e-08
50750.04800076804 2.3371755741523278e-08
50800.04800076804 6.331592885922421e-09
50850.04800076804 2.6900499497036644e-09
50900.04800076804 2.2054927602232334e-08
50950.04800076804 2.6249753736616476e-08
51000.04800076804 1.731142694697352e-08
51050.04800076804 2.8933440831858034e-08
51100.04800076804 9.413428193429463e-09
51150.04800076804 8.896844115191152e-09
51200.04800076804 3.5415797885991615e-08
51250.04800076804 2.5957387995305714e-08
51300.04800076804 1.7248324574317442e-08
51350.04800076804 1.4334859412014064e-08
51400.04800076804 3.5019613117108403e-09
51450.04800076804 2.9745963780889585e-09
51500.04800076804 2.699969912588691e-09
51550.04800076804 1.1930153222535637e-08
51600.04800076804 1.4645858485578207e-08
51650.04800076804 2.221269631403334e-08
51700.04800076804 1.8400967933797907e-08
51750.04800076804 1.2209363759543813e-08
51800.04800076804 2.8774507961442336e-08
51850.04800076804 2.2006573739796663e-08
51900.04800076804 2.088119608916317e-08
51950.04800076804 9.663738386901685e-09
52000.04800076804 8.597885346353823e-10
52050.04800076804 4.845995041700503e-09
52100.04800076804 2.570919365639717e-09
52150.04800076804 1.3474943422773494e-09
52200.04800076804 5.827990906493672e-09
52250.04800076804 1.2052791346755627e-08
52300.04800076804 1.3613807932897407e-08
52350.04800076804 2.8516163839703728e-09
52400.04800076804 3.4137356969657457e-09
52450.04800076804 1.647611663526635e-08
52500.04800076804 1.2741940421660892e-08
52550.04800076804 1.7241755839840586e-08
52600.04800076804 1.4905913149569505e-08
52650.04800076804 1.77664770499574e-08
52700.04800076804 9.810880503424651e-09
52750.04800076804 3.101178644136202e-09
52800.04800076804 6.1857446276437544e-09
52850.04800076804 7.801015533772224e-09
52900.04800076804 2.2467534444490967e-09
52950.04800076804 4.446545702512311e-09
53000.04800076804 1.2008495095182715e-08
53050.04800076804 3.7072186800147017e-09
53100.04800076804 1.803658980230957e-08
53150.04800076804 2.039998025196593e-08
53200.04800076804 7.48484609571974e-09
53250.04800076804 1.6983362537086906e-08
53300.04800076804 1.699929169455046e-08
53350.04800076804 1.5573366084014995e-08
53400.04800076804 8.443414780256967e-09
53450.04800076804 1.9259321642698045e-09
53500.04800076804 3.4474640763774004e-10
53550.04800076804 8.282089194857094e-10
53600.04800076804 4.608147193418785e-09
53650.04800076804 7.448308791641295e-09
53700.04800076804 6.1662514736681225e-09
53750.04800076804 5.0846105999011904e-09
53800.04800076804 4.754954521527028e-09
53850.04800076804 1.0243497534918851e-08
53900.04800076804 1.5710119034107566e-08
53950.04800076804 1.3048435126747727e-08
54000.04800076804 8.916525782404431e-09
54050.04800076804 8.80302963987568e-09
54100.04800076804 1.5465440780965735e-09
54150.04800076804 1.9559913829126464e-09
54200.04800076804 2.8144485092340675e-10
54250.04800076804 8.231134677718041e-10
54300.04800076804 2.9705012025317914e-09
54350.04800076804 5.344272598133967e-09
54400.04800076804 3.763712282635331e-09
54450.04800076804 3.2889163763147543e-09
54500.04800076804 4.112724861569034e-09
54550.04800076804 3.4926074033823e-09
54600.04800076804 2.3621107830213495e-09
54650.04800076804 1.888484157924916e-10
54700.04800076804 2.4238855856284927e-09
54750.04800076804 2.49390689996809e-09
54800.04800076804 1.2551184001641732e-09
54850.04800076804 2.4207164652680815e-09
54900.04800076804 4.704214929421667e-09
54950.04800076804 8.98181657181435e-09
55000.04800076804 3.167751322938137e-09
55050.04800076804 3.5424322477253993e-09
55100.04800076804 6.015934574573242e-09
55150.04800076804 2.530703341170559e-09
55200.04800076804 1.392053219183249e-09
55250.04800076804 2.384810086041518e-09
55300.04800076804 1.872171442696648e-09
55350.04800076804 3.4559781594528403e-09
55400.04800076804 3.359184378925828e-09
55450.04800076804 2.538855770308331e-09
55500.04800076804 9.146627652716514e-10
55550.04800076804 5.646032555300441e-10
55600.04800076804 1.5743065118518095e-09
55650.04800076804 1.4545530653242784e-09
55700.04800076804 1.3166033494594321e-09
55750.04800076804 8.13119668635532e-10
55800.04800076804 2.915529885850494e-10
55850.04800076804 7.773426581672108e-10
55900.04800076804 2.355851306989846e-09
55950.04800076804 3.974482885570611e-09
56000.04800076804 1.4339716660800305e-09
56050.04800076804 1.3984301746528664e-09
56100.04800076804 2.289813781484927e-09
56150.04800076804 7.411982980477997e-10
56200.04800076804 1.3216886481255194e-09
56250.04800076804 3.3067965233851494e-09
56300.04800076804 1.57531392826941e-09
56350.04800076804 6.234222524725614e-10
56400.04800076804 1.4206413441710018e-10
56450.04800076804 1.5024574387373863e-10
56500.04800076804 1.2761405416100016e-09
56550.04800076804 4.896952652892741e-10
56600.04800076804 1.9435757334650722e-09
56650.04800076804 2.141877174159027e-09
56700.04800076804 1.2869999002805544e-09
56750.04800076804 4.328684050067851e-10
56800.04800076804 7.324559786937998e-10
56850.04800076804 1.459908373381016e-09
56900.04800076804 6.49236240294353e-10
56950.04800076804 1.9049619034675703e-09
57000.04800076804 2.618458219062839e-09
57050.04800076804 1.2853713120833083e-09
57100.04800076804 2.4073762625235306e-10
57150.04800076804 5.684721948189524e-10
57200.04800076804 3.2740362728264755e-10
57250.04800076804 6.292721389119964e-10
57300.04800076804 9.652906091579666e-10
57350.04800076804 4.793200432271176e-10
57400.04800076804 1.5415841757249265e-09
57450.04800076804 4.6227588664994305e-10
57500.04800076804 4.13052531525601e-10
57550.04800076804 6.803811109955314e-10
57600.04800076804 4.660750973289221e-10
57650.04800076804 8.526735422127601e-11
57700.04800076804 3.037085636281687e-10
57750.04800076804 9.684160672712225e-10
57800.04800076804 3.4043435245548076e-10
57850.04800076804 2.248266517069583e-09
57900.04800076804 3.563452780246893e-09
57950.04800076804 3.558602344539019e-09
58000.04800076804 7.513810128524453e-10
58050.04800076804 1.7964191498210217e-09
58100.04800076804 1.0876933938046245e-09
58150.04800076804 7.095145623715047e-10
58200.04800076804 7.480005922305933e-11
58250.04800076804 2.6214561633384376e-10
58300.04800076804 2.584240783805026e-10
58350.04800076804 4.0320555818489744e-10
58400.04800076804 1.3077355563601006e-09
58450.04800076804 1.7854728337739582e-09
58500.04800076804 1.972493685477119e-09
58550.04800076804 8.994092299426283e-10
58600.04800076804 2.3699195739197756e-10
58650.04800076804 4.978915949767932e-10
58700.04800076804 7.206168204315232e-10
58750.04800076804 5.978366872234882e-10
58800.04800076804 1.9413362875418005e-11
58850.04800076804 2.358753400377819e-10
58900.04800076804 3.082877097419801e-10
58950.04800076804 1.3568904306234044e-10
59000.04800076804 4.6065390892802785e-10
59050.04800076804 8.453939169479019e-10
59100.04800076804 5.496075447599296e-10
59150.04800076804 5.540825457428097e-10
59200.04800076804 1.1847149377430222e-09
59250.04800076804 1.2139903129392196e-09
59300.04800076804 7.504531186311165e-10
59350.04800076804 4.0289376404649245e-11
59400.04800076804 9.251133471384661e-11
59450.04800076804 9.13001736857741e-10
59500.04800076804 6.805840712213696e-10
59550.04800076804 1.190126975075191e-09
59600.04800076804 1.4057441319283414e-09
59650.04800076804 4.444673802534635e-10
59700.04800076804 3.0443458167246095e-10
59750.04800076804 1.6850016782621536e-09
59800.04800076804 6.412910527896282e-10
59850.04800076804 6.392761723508118e-10
59900.04800076804 1.3992400023902095e-10
59950.04800076804 6.635208760769493e-10
60000.04800076804 1.905061655713237e-09
60050.04800076804 2.760400951221542e-09
60100.04800076804 1.2091827758647536e-09
60150.04800076804 3.0814921597617077e-10
60200.04800076804 8.418947018654437e-10
60250.04800076804 2.3500486966494604e-09
60300.04800076804 2.1795829130118456e-09
60350.04800076804 1.262988665882711e-09
60400.04800076804 8.040552591831547e-10
60450.04800076804 8.48430097776852e-11
60500.04800076804 8.715638767122598e-12
60550.04800076804 4.703098945839618e-10
60600.04800076804 1.0231923443495236e-09
60650.04800076804 4.875673007495297e-10
60700.04800076804 2.711967582624384e-10
60750.04800076804 7.334524322846103e-11
60800.04800076804 9.495656397594998e-10
60850.04800076804 1.9771840337049167e-09
60900.04800076804 1.6594213333018018e-09
60950.04800076804 9.62111629246534e-10
61000.04800076804 1.7470166077554843e-09
61050.04800076804 3.470309416941855e-10
61100.04800076804 2.9681045199966717e-10
61150.04800076804 4.6456176660831195e-11
61200.04800076804 9.179263400615129e-10
61250.04800076804 1.3240794359509923e-09
61300.04800076804 7.013071831152778e-10
61350.04800076804 1.9414131037988625e-09
61400.04800076804 4.4323920645345496e-10
61450.04800076804 1.3291600768377962e-10
61500.04800076804 8.79529194847374e-11
61550.04800076804 5.367369644302523e-10
61600.04800076804 1.4454809539249175e-10
61650.04800076804 4.070588203838515e-10
61700.04800076804 8.831628429532148e-10
61750.04800076804 8.274019342421718e-10
61800.04800076804 4.809023692216295e-10
61850.04800076804 6.080323400194045e-11
61900.04800076804 1.1090395714395696e-09
61950.04800076804 1.5326192290074537e-09
62000.04800076804 1.2162656736841677e-09
62050.04800076804 3.4109027718750303e-09
62100.04800076804 7.332609693289963e-10
62150.04800076804 2.149315700483361e-09
62200.04800076804 2.0191408360794635e-09
62250.04800076804 1.2676467087467673e-09
62300.04800076804 4.174214260001138e-09
62350.04800076804 3.850946179108327e-09
62400.04800076804 2.3237089017933847e-09
62450.04800076804 2.0122784375778407e-09
62500.04800076804 4.673024447940673e-09
62550.04800076804 8.33528999572418e-09
62600.04800076804 3.1353773827277243e-09
62650.04800076804 2.041102611746994e-09
62700.04800076804 1.1086607840119421e-09
62750.04800076804 3.5165005496976785e-09
62800.04800076804 1.9802305549262316e-09
62850.04800076804 2.084763826942185e-09
62900.04800076804 3.824158618262539e-09
62950.04800076804 7.916787732911145e-09
63000.04800076804 2.313227057716301e-09
63050.04800076804 1.1247246322094716e-08
63100.04800076804 1.047874517906646e-08
63150.04800076804 7.761953861213609e-09
63200.04800076804 4.565411676714173e-09
63250.04800076804 4.985285905883261e-09
63300.04800076804 1.2947710670166328e-09
63350.04800076804 1.4827223127520472e-09
63400.04800076804 4.5026354337814654e-10
