galfind/configs/Brown_Dwarf_templates/sonora_cholla/logkzz7/1000g/550K_1000g_logkzz7_resample.dat
# %ECSV 1.0
# ---
# datatype:
# - {name: wav, unit: Angstrom, datatype: float64}
# - {name: flux_nu, unit: erg / (cm2 Hz s), datatype: float64}
# schema: astropy-2.0
wav flux_nu
[from data line 815]
43750.04800076804 1.1365237540163633e-07
43800.04800076804 9.066668011325469e-08
43850.04800076804 8.856554999449134e-08
43900.04800076804 7.299153175997437e-08
43950.04800076804 5.1958938868069926e-08
44000.04800076804 4.4649259220632937e-08
44050.04800076804 9.789231135433582e-08
44100.04800076804 1.3134281762506895e-07
44150.04800076804 1.1914782919423713e-07
44200.04800076804 1.0860919852041862e-07
44250.04800076804 6.446956115081704e-08
44300.04800076804 4.4522207547208486e-08
44350.04800076804 4.994698715120908e-08
44400.04800076804 5.258954458653252e-08
44450.04800076804 7.194982461991606e-08
44500.04800076804 5.994331813230373e-08
44550.04800076804 7.760426519100472e-08
44600.04800076804 5.2985870258429183e-08
44650.04800076804 6.515599462113765e-08
44700.04800076804 4.6124629172335545e-08
44750.04800076804 5.5557468042123904e-08
44800.04800076804 4.0789823670581753e-08
44850.04800076804 4.958432233347728e-08
44900.04800076804 3.9563900496767927e-08
44950.04800076804 3.514008870118435e-08
45000.04800076804 4.11544033430646e-08
45050.04800076804 4.145343878201796e-08
45100.04800076804 4.139488019122733e-08
45150.04800076804 2.9031342833994884e-08
45200.04800076804 1.7570973606665945e-08
45250.04800076804 2.0337896929094875e-08
45300.04800076804 2.788635897850037e-08
45350.04800076804 2.1685757128807256e-08
45400.04800076804 2.2835414103105395e-08
45450.04800076804 1.9208946469793486e-08
45500.04800076804 2.3970974801576764e-08
45550.04800076804 2.6348297879859766e-08
45600.04800076804 1.7225132094628198e-08
45650.04800076804 1.7309522681466978e-08
45700.04800076804 2.226459859785926e-08
45750.04800076804 1.471031187365544e-08
45800.04800076804 1.3562732544801893e-08
45850.04800076804 2.0987847094907742e-08
45900.04800076804 2.4152587900586766e-08
45950.04800076804 1.2558679621320005e-08
46000.04800076804 2.3276903059019326e-08
46050.04800076804 2.4707631284432228e-08
46100.04800076804 1.3869395422018789e-08
46150.04800076804 2.2720412049732176e-08
46200.04800076804 1.7153463586302277e-08
46250.04800076804 8.828603031971144e-09
46300.04800076804 2.9552977082952656e-08
46350.04800076804 2.0799436344543856e-08
46400.04800076804 2.5642213258471373e-08
46450.04800076804 3.709341558799871e-08
46500.04800076804 2.6193340995637613e-08
46550.04800076804 2.977698958727428e-08
46600.04800076804 2.8891451596363286e-08
46650.04800076804 6.924829441288071e-08
46700.04800076804 4.6873584155359004e-08
46750.04800076804 1.9269200401456992e-08
46800.04800076804 1.1213247079201652e-08
46850.04800076804 3.635403710529146e-08
46900.04800076804 2.927579462868028e-08
46950.04800076804 4.621841165334423e-08
47000.04800076804 1.8742323637731427e-08
47050.04800076804 3.681995533125451e-08
47100.04800076804 1.2454556784830994e-08
47150.04800076804 2.2286312111037035e-08
47200.04800076804 2.8318020364716663e-08
47250.04800076804 1.6247813892664244e-08
47300.04800076804 1.6897635404750458e-08
47350.04800076804 1.661047800476844e-08
47400.04800076804 4.0298888861776125e-08
47450.04800076804 1.3866926480830512e-08
47500.04800076804 4.618261404733121e-08
47550.04800076804 1.7030434886658128e-08
47600.04800076804 3.6884306092072706e-08
47650.04800076804 1.611323785215586e-08
47700.04800076804 3.6160851406422235e-08
47750.04800076804 1.4876289626351119e-08
47800.04800076804 2.4069604223904632e-08
47850.04800076804 9.565788799502907e-09
47900.04800076804 1.5836641231180434e-08
47950.04800076804 2.5492747703719146e-08
48000.04800076804 4.644540355553528e-08
48050.04800076804 2.804477889458641e-08
48100.04800076804 2.427456197154931e-08
48150.04800076804 2.6381875630999574e-08
48200.04800076804 3.1602461508589285e-08
48250.04800076804 2.7449455917708658e-08
48300.04800076804 5.5057507091487004e-08
48350.04800076804 2.1359392900594505e-08
48400.04800076804 1.0315648432135485e-08
48450.04800076804 1.638732268350315e-08
48500.04800076804 3.576316434895707e-08
48550.04800076804 2.3599686244203955e-08
48600.04800076804 5.712692571171452e-08
48650.04800076804 3.659723379420583e-08
48700.04800076804 5.409022913947332e-08
48750.04800076804 3.059666526405752e-08
48800.04800076804 5.76422906993357e-08
48850.04800076804 3.047999231420232e-08
48900.04800076804 3.3722086095977585e-08
48950.04800076804 2.3402915679772803e-08
49000.04800076804 1.4801258014843353e-08
49050.04800076804 4.209681588978008e-08
49100.04800076804 4.157901516837639e-08
49150.04800076804 4.6429648542282086e-08
49200.04800076804 4.967163419778565e-08
49250.04800076804 7.381887159318668e-08
49300.04800076804 4.999824171850869e-08
49350.04800076804 2.4453675082234912e-08
49400.04800076804 3.456129475143782e-08
49450.04800076804 3.0305190546701455e-08
49500.04800076804 2.5798419011337174e-08
49550.04800076804 4.64199563437926e-09
49600.04800076804 1.4014425784072264e-08
49650.04800076804 3.41753440234051e-08
49700.04800076804 4.721145389286348e-08
49750.04800076804 4.439773240076182e-08
49800.04800076804 2.3474713820897826e-08
49850.04800076804 5.912235017719326e-08
49900.04800076804 5.7695134787153394e-08
49950.04800076804 5.360957324872649e-08
50000.04800076804 3.844041428284739e-08
50050.04800076804 4.4714109062803626e-08
50100.04800076804 3.8427315678948366e-08
50150.04800076804 1.5197499255639805e-08
50200.04800076804 2.6932144174722923e-09
50250.04800076804 1.5338486339067395e-08
50300.04800076804 1.1020106408643246e-08
50350.04800076804 4.301657890002931e-08
50400.04800076804 5.103627052285816e-08
50450.04800076804 3.7489516067646114e-08
50500.04800076804 5.954450055367481e-08
50550.04800076804 6.39990918470053e-08
50600.04800076804 4.118813673189614e-08
50650.04800076804 5.962311016546773e-08
50700.04800076804 6.299251472881265e-08
50750.04800076804 3.590695993273197e-08
50800.04800076804 1.0966896050731731e-08
50850.04800076804 5.185418999272206e-09
50900.04800076804 3.63441816866212e-08
50950.04800076804 4.086066338057158e-08
51000.04800076804 2.8048540275959252e-08
51050.04800076804 4.340512736689554e-08
51100.04800076804 1.4088922160521617e-08
51150.04800076804 1.5177972578274978e-08
51200.04800076804 5.509083755947067e-08
51250.04800076804 3.849637177550983e-08
51300.04800076804 2.6279570518531954e-08
51350.04800076804 2.4242519153706228e-08
51400.04800076804 6.918094962196688e-09
51450.04800076804 5.7345231158441755e-09
51500.04800076804 5.024694864888752e-09
51550.04800076804 1.984167309113554e-08
51600.04800076804 2.213864863604221e-08
51650.04800076804 3.261237238343757e-08
51700.04800076804 2.8633017937761102e-08
51750.04800076804 1.844408721029855e-08
51800.04800076804 4.317713850013109e-08
51850.04800076804 3.3416012772623244e-08
51900.04800076804 3.462965648627427e-08
51950.04800076804 1.736255326458667e-08
52000.04800076804 1.8114076229520591e-09
52050.04800076804 8.91614235528869e-09
52100.04800076804 5.175768482518088e-09
52150.04800076804 2.8618433821259368e-09
52200.04800076804 9.989179394925757e-09
52250.04800076804 1.9934401925680255e-08
52300.04800076804 2.4222359197724984e-08
52350.04800076804 5.757414583413696e-09
52400.04800076804 6.665815022609217e-09
52450.04800076804 2.796736939376065e-08
52500.04800076804 2.2427358080318117e-08
52550.04800076804 2.695689664292866e-08
52600.04800076804 2.2802761212813066e-08
52650.04800076804 2.6100812220137318e-08
52700.04800076804 1.5579533320956108e-08
52750.04800076804 5.855094816230381e-09
52800.04800076804 1.053909876283591e-08
52850.04800076804 1.3282908564673938e-08
52900.04800076804 4.5739163228056755e-09
52950.04800076804 8.51518943362635e-09
53000.04800076804 2.084503132203681e-08
53050.04800076804 6.4367669625446855e-09
53100.04800076804 2.910405671937458e-08
53150.04800076804 3.27496429125747e-08
53200.04800076804 1.187798836216286e-08
53250.04800076804 2.7628753403262572e-08
53300.04800076804 2.8507417462464884e-08
53350.04800076804 2.7030282528831228e-08
53400.04800076804 1.5466087578092693e-08
53450.04800076804 3.830342256205034e-09
53500.04800076804 8.522837258310736e-10
53550.04800076804 1.9207196486726616e-09
53600.04800076804 8.99194593307114e-09
53650.04800076804 1.2242390294158932e-08
53700.04800076804 1.0089463680646698e-08
53750.04800076804 8.495575202984432e-09
53800.04800076804 8.230771881540898e-09
53850.04800076804 1.6359714761674225e-08
53900.04800076804 2.535983181351775e-08
53950.04800076804 2.2449917134793348e-08
54000.04800076804 1.4758159875431346e-08
54050.04800076804 1.5082809521306625e-08
54100.04800076804 2.8849720813638942e-09
54150.04800076804 3.984938129094789e-09
54200.04800076804 6.674447688246385e-10
54250.04800076804 1.8490076068877831e-09
54300.04800076804 5.870674867304662e-09
54350.04800076804 9.839678496156958e-09
54400.04800076804 7.260490003716967e-09
54450.04800076804 6.4467650711123485e-09
54500.04800076804 7.250295702240987e-09
54550.04800076804 6.315600867700463e-09
54600.04800076804 4.962761549501803e-09
54650.04800076804 5.383330923246754e-10
54700.04800076804 5.1785810124797906e-09
54750.04800076804 5.1338559480350286e-09
54800.04800076804 2.6631469868686485e-09
54850.04800076804 4.71504987533344e-09
54900.04800076804 9.043252212649562e-09
54950.04800076804 1.5923393406420873e-08
55000.04800076804 5.467104294631821e-09
55050.04800076804 6.7736456622115875e-09
55100.04800076804 1.0690320979412725e-08
55150.04800076804 4.853013727736217e-09
55200.04800076804 2.93406170583051e-09
55250.04800076804 4.911578862598229e-09
55300.04800076804 3.5175379000752424e-09
55350.04800076804 6.7502676025442315e-09
55400.04800076804 6.9718680498673265e-09
55450.04800076804 4.848505923111087e-09
55500.04800076804 1.8252849072489992e-09
55550.04800076804 1.3635366509507552e-09
55600.04800076804 3.2271691614063854e-09
55650.04800076804 2.932657422271298e-09
55700.04800076804 2.8623764839185012e-09
55750.04800076804 2.001474406139047e-09
55800.04800076804 7.694461524310628e-10
55850.04800076804 1.678898696679404e-09
55900.04800076804 4.748044454679422e-09
55950.04800076804 7.852850870552932e-09
56000.04800076804 2.8307543563474247e-09
56050.04800076804 2.9950240844179756e-09
56100.04800076804 4.7818451117126604e-09
56150.04800076804 1.7848107533475486e-09
56200.04800076804 2.8628102047191006e-09
56250.04800076804 6.660205738620268e-09
56300.04800076804 3.4348444165768945e-09
56350.04800076804 1.64546591207144e-09
56400.04800076804 4.607928164396854e-10
56450.04800076804 4.679856193223256e-10
56500.04800076804 2.868371191774854e-09
56550.04800076804 1.0929319895154784e-09
56600.04800076804 4.277087797435244e-09
56650.04800076804 4.895554740194971e-09
56700.04800076804 3.1180449466142464e-09
56750.04800076804 1.0514262781725857e-09
56800.04800076804 1.862884936537034e-09
56850.04800076804 3.1556691138291982e-09
56900.04800076804 1.5746622730804671e-09
56950.04800076804 4.059904806171727e-09
57000.04800076804 5.476327729328522e-09
57050.04800076804 2.6253954577828057e-09
57100.04800076804 5.927850184236579e-10
57150.04800076804 1.2957032187601392e-09
57200.04800076804 8.434069135177677e-10
57250.04800076804 1.4762063254951388e-09
57300.04800076804 2.2679797292955826e-09
57350.04800076804 1.1210844997410309e-09
57400.04800076804 3.603638540006547e-09
57450.04800076804 1.3019102717601188e-09
57500.04800076804 1.1453294858267845e-09
57550.04800076804 1.80458760893194e-09
57600.04800076804 1.3580512225381648e-09
57650.04800076804 2.745356966230875e-10
57700.04800076804 7.66905863934835e-10
57750.04800076804 2.0999876929475313e-09
57800.04800076804 7.242328287544745e-10
57850.04800076804 5.1385981151996355e-09
57900.04800076804 7.353186788044455e-09
57950.04800076804 7.890909368354714e-09
58000.04800076804 1.826370571254387e-09
58050.04800076804 3.992328823478708e-09
58100.04800076804 2.7841448685599884e-09
58150.04800076804 1.781208354904623e-09
58200.04800076804 2.593255723518423e-10
58250.04800076804 6.901786200555127e-10
58300.04800076804 7.353770550037226e-10
58350.04800076804 1.0379837304821589e-09
58400.04800076804 3.1041756439667003e-09
58450.04800076804 3.989008179673469e-09
58500.04800076804 4.367117214252142e-09
58550.04800076804 2.3794521202922165e-09
58600.04800076804 7.386928043173323e-10
58650.04800076804 1.2905769939712393e-09
58700.04800076804 1.904691127972158e-09
58750.04800076804 1.563276036682923e-09
58800.04800076804 8.881090204727852e-11
58850.04800076804 7.624257211501541e-10
58900.04800076804 9.940748318354853e-10
58950.04800076804 4.1995118962820673e-10
59000.04800076804 1.3038586130257465e-09
59050.04800076804 2.343061469832712e-09
59100.04800076804 1.7684129018769861e-09
59150.04800076804 1.563001203336063e-09
59200.04800076804 2.695897084053583e-09
59250.04800076804 2.7705270198012334e-09
59300.04800076804 1.926200658933953e-09
59350.04800076804 1.6249669372700817e-10
59400.04800076804 2.961265887200055e-10
59450.04800076804 2.1956247979110875e-09
59500.04800076804 1.4481684064270315e-09
59550.04800076804 2.757408777937218e-09
59600.04800076804 3.390477536015002e-09
59650.04800076804 1.28774538800198e-09
59700.04800076804 8.349873752269202e-10
59750.04800076804 4.013487780682122e-09
59800.04800076804 1.5623609647552503e-09
59850.04800076804 1.773210360954694e-09
59900.04800076804 4.5567637437348664e-10
59950.04800076804 1.7458159389107183e-09
60000.04800076804 4.5649339013499094e-09
60050.04800076804 6.076138074449482e-09
60100.04800076804 3.0477954222711568e-09
60150.04800076804 9.121762172541363e-10
60200.04800076804 2.3269996299251056e-09
60250.04800076804 5.681021269144597e-09
60300.04800076804 5.1886166725790235e-09
60350.04800076804 2.8825354130935937e-09
60400.04800076804 2.0564749643445856e-09
60450.04800076804 3.0744533759554776e-10
60500.04800076804 5.479923622174734e-11
60550.04800076804 1.3922960133723412e-09
60600.04800076804 2.663696482110027e-09
60650.04800076804 1.3427888969802905e-09
60700.04800076804 8.176597659329858e-10
60750.04800076804 2.61999052427566e-10
60800.04800076804 2.3929425374013347e-09
60850.04800076804 4.927742544894372e-09
60900.04800076804 4.21870066887557e-09
60950.04800076804 2.587974641097694e-09
61000.04800076804 4.045045688220485e-09
61050.04800076804 9.604994680503283e-10
61100.04800076804 9.165359379492419e-10
61150.04800076804 2.052442333877121e-10
61200.04800076804 2.399058208667826e-09
61250.04800076804 3.226288861950541e-09
61300.04800076804 2.0321809033165937e-09
61350.04800076804 4.851784454369833e-09
61400.04800076804 1.2359695851409772e-09
61450.04800076804 4.17560499641294e-10
61500.04800076804 3.0772651455431547e-10
61550.04800076804 1.5633617034353135e-09
61600.04800076804 4.800418502094152e-10
61650.04800076804 1.1911516325947438e-09
61700.04800076804 2.1170144143175034e-09
61750.04800076804 2.16787676988189e-09
61800.04800076804 1.3694461148497838e-09
61850.04800076804 2.7201303850550505e-10
61900.04800076804 2.9806896080650456e-09
61950.04800076804 3.986987146067826e-09
62000.04800076804 3.2957157777986223e-09
62050.04800076804 7.450933835998945e-09
62100.04800076804 2.136899591511773e-09
62150.04800076804 4.992105032037865e-09
62200.04800076804 4.570647453186995e-09
62250.04800076804 2.845466583812005e-09
62300.04800076804 8.936173860158494e-09
62350.04800076804 7.971658449969955e-09
62400.04800076804 4.641027351338119e-09
62450.04800076804 4.472437025091694e-09
62500.04800076804 9.679181093379021e-09
62550.04800076804 1.5755775625436148e-08
62600.04800076804 7.050083904113666e-09
62650.04800076804 4.992938124552646e-09
62700.04800076804 2.940165299639757e-09
62750.04800076804 7.56421668484495e-09
62800.04800076804 4.344696853873756e-09
62850.04800076804 5.215114158276695e-09
62900.04800076804 7.369729477886604e-09
62950.04800076804 1.535782935449664e-08
63000.04800076804 5.4666456285657426e-09
63050.04800076804 2.170658417705961e-08
63100.04800076804 1.9374286118298465e-08
63150.04800076804 1.3557259425803784e-08
63200.04800076804 9.044075709230385e-09
63250.04800076804 1.0842069246740379e-08
63300.04800076804 3.6089371157553567e-09
63350.04800076804 3.880693191711349e-09
63400.04800076804 1.2873583892902235e-09
63450.04800076804 4.396296471618436e-10
