galfind/configs/Brown_Dwarf_templates/sonora_cholla/logkzz7/1000g/600K_1000g_logkzz7_resample.dat
# %ECSV 1.0
# ---
# datatype:
# - {name: wav, unit: Angstrom, datatype: float64}
# - {name: flux_nu, unit: erg / (cm2 Hz s), datatype: float64}
# schema: astropy-2.0
wav flux_nu
3000.0480007680403 nan
3050.0480007680403 0.0
3100.0480007680403 0.0
3150.0480007680403 0.0
3200.0480007680403 0.0
3250.0480007680403 0.0
3300.0480007680403 0.0
3350.0480007680403 0.0
3400.0480007680403 0.0
3450.0480007680403 0.0
3500.0480007680403 0.0
3550.0480007680403 0.0
3600.0480007680403 0.0
3650.0480007680403 0.0
3700.0480007680403 0.0
3750.0480007680403 0.0
3800.0480007680403 0.0
3850.0480007680403 0.0
3900.0480007680403 0.0
3950.0480007680403 0.0
4000.0480007680403 0.0
4050.0480007680403 0.0
4100.04800076804 0.0
4150.04800076804 0.0
4200.04800076804 0.0
4250.04800076804 0.0
4300.04800076804 0.0
4350.04800076804 0.0
4400.04800076804 0.0
4450.04800076804 0.0
4500.04800076804 0.0
4550.04800076804 0.0
4600.04800076804 0.0
4650.04800076804 0.0
4700.04800076804 0.0
4750.04800076804 0.0
4800.04800076804 0.0
4850.04800076804 0.0
4900.04800076804 0.0
4950.04800076804 0.0
5000.04800076804 8.686688065011178e-12
5050.04800076804 2.3559012364859082e-11
5100.04800076804 2.7604502955655382e-11
5150.04800076804 3.2482414376167264e-11
5200.04800076804 3.811676080065957e-11
5250.04800076804 4.4364526981896634e-11
5300.04800076804 5.134807741015566e-11
5350.04800076804 5.918209802728001e-11
5400.04800076804 6.759587999641668e-11
5450.04800076804 7.716087957915926e-11
5500.04800076804 8.78570200183064e-11
5550.04800076804 9.960754215571124e-11
5600.04800076804 1.1197914628623951e-10
5650.04800076804 1.2433491875998272e-10
5700.04800076804 1.341737940418365e-10
5750.04800076804 1.4359455940243856e-10
5800.04800076804 1.4475123414177893e-10
5850.04800076804 1.280173869167616e-10
5900.04800076804 4.023336111541701e-11
5950.04800076804 6.957043787737268e-11
6000.04800076804 2.0126827647915963e-10
6050.04800076804 2.848118707470092e-10
6100.04800076804 3.5877468316094876e-10
6150.04800076804 4.2661720462380837e-10
6200.04800076804 4.929400518347158e-10
6250.04800076804 5.566022640379909e-10
6300.04800076804 6.291349901928541e-10
6350.04800076804 7.062128653058068e-10
6400.04800076804 7.842065261367077e-10
6450.04800076804 8.286291807825519e-10
6500.04800076804 9.126989663918455e-10
6550.04800076804 1.022826258834141e-09
6600.04800076804 1.1337402726224496e-09
6650.04800076804 1.2703902420753091e-09
6700.04800076804 1.4286524564974243e-09
6750.04800076804 1.5842219110625416e-09
6800.04800076804 1.7418662441542337e-09
6850.04800076804 1.91064614232505e-09
6900.04800076804 1.9168051298942906e-09
6950.04800076804 1.9044466233604347e-09
7000.04800076804 2.1745516670089268e-09
7050.04800076804 2.2397524466943545e-09
7100.04800076804 2.3865439568338675e-09
7150.04800076804 1.8989497571648336e-09
7200.04800076804 1.6715707303880242e-09
7250.04800076804 1.9721615821444942e-09
7300.04800076804 2.026041277259843e-09
7350.04800076804 2.3684532862696516e-09
7400.04800076804 2.7850009435263167e-09
7450.04800076804 3.3079607283173765e-09
7500.04800076804 3.69858814150388e-09
7550.04800076804 4.097817169807291e-09
7600.04800076804 4.466493063407262e-09
7650.04800076804 4.72353726072564e-09
7700.04800076804 3.372632722909535e-09
7750.04800076804 1.6849219187047895e-09
7800.04800076804 4.99448491133283e-09
7850.04800076804 5.3358037077478865e-09
7900.04800076804 5.71010854348144e-09
7950.04800076804 6.165118152555707e-09
8000.04800076804 6.402427921359561e-09
8050.04800076804 6.566673349696194e-09
8100.04800076804 4.767836392228907e-09
8150.04800076804 3.785397509171382e-09
8200.04800076804 5.851774880799251e-09
8250.04800076804 5.520244741835775e-09
8300.04800076804 5.988563939509663e-09
8350.04800076804 5.9890018066659355e-09
8400.04800076804 6.34650119540741e-09
8450.04800076804 7.3918082331276085e-09
8500.04800076804 8.280706626113474e-09
8550.04800076804 9.387337577139514e-09
8600.04800076804 1.0732002305865623e-08
8650.04800076804 1.166045876552226e-08
8700.04800076804 1.1911603159326894e-08
8750.04800076804 1.2638107962269927e-08
8800.04800076804 1.240044680994165e-08
8850.04800076804 9.939661244176068e-09
8900.04800076804 3.7055306548503567e-09
8950.04800076804 2.674001308281543e-09
9000.04800076804 2.5711690913136743e-09
9050.04800076804 6.757562097674466e-09
9100.04800076804 6.979320912071994e-09
9150.04800076804 6.238661815715679e-09
9200.04800076804 7.717849037417882e-09
9250.04800076804 5.215712588487816e-09
9300.04800076804 1.4206211538833905e-10
9350.04800076804 2.9418146445145505e-10
9400.04800076804 1.4295057033282543e-09
9450.04800076804 9.638144731433584e-10
9500.04800076804 7.382018648725141e-10
9550.04800076804 7.492461812589129e-10
9600.04800076804 8.192253291212558e-10
9650.04800076804 1.3129537663470874e-09
9700.04800076804 2.8297434056855366e-09
9750.04800076804 2.8835820761991285e-09
9800.04800076804 3.658837637804056e-09
9850.04800076804 4.679680604458386e-09
9900.04800076804 6.496751060098546e-09
9950.04800076804 6.974078817965544e-09
10000.04800076804 8.639039291466662e-09
10050.04800076804 8.810546163336486e-09
10100.04800076804 1.0008776034496739e-08
10150.04800076804 1.017839748089428e-08
10200.04800076804 1.0287668733718714e-08
10250.04800076804 1.1573982897631836e-08
10300.04800076804 1.3060378824315086e-08
10350.04800076804 1.2439562154378261e-08
10400.04800076804 1.4262783264125746e-08
10450.04800076804 1.5212995802077488e-08
10500.04800076804 1.5741501400762227e-08
10550.04800076804 1.6292057841101172e-08
10600.04800076804 1.5986728533324262e-08
10650.04800076804 1.550154937957212e-08
10700.04800076804 1.4430796192630132e-08
10750.04800076804 1.387875831034716e-08
10800.04800076804 1.2915310313205343e-08
10850.04800076804 1.1659706035749555e-08
10900.04800076804 9.225988789298886e-09
10950.04800076804 5.080009502707024e-09
11000.04800076804 2.8477987125446055e-09
11050.04800076804 1.2958046446583687e-09
11100.04800076804 5.801074334608318e-10
11150.04800076804 2.339731907665859e-10
11200.04800076804 2.0462228729408442e-10
11250.04800076804 3.148247248657176e-10
11300.04800076804 4.2196770178545093e-10
11350.04800076804 1.4074212274508776e-10
11400.04800076804 6.771531651601005e-10
11450.04800076804 3.4859751120435976e-10
11500.04800076804 3.658445025346419e-10
11550.04800076804 1.192827405827069e-10
11600.04800076804 7.746016099691281e-11
11650.04800076804 2.451565493319741e-10
11700.04800076804 3.2884515238256493e-10
11750.04800076804 1.358387791107508e-10
11800.04800076804 6.2344949347987e-10
11850.04800076804 1.0160447221081203e-09
11900.04800076804 1.3536887701242084e-09
11950.04800076804 2.124607533119956e-09
12000.04800076804 3.0924534876635784e-09
12050.04800076804 4.347457218641904e-09
12100.04800076804 5.564883295322016e-09
12150.04800076804 7.171300840708581e-09
12200.04800076804 8.376216227213497e-09
12250.04800076804 1.0244998634023348e-08
12300.04800076804 1.2773533121527375e-08
12350.04800076804 1.3852916908365347e-08
12400.04800076804 1.7057281176447023e-08
12450.04800076804 2.0087487291533828e-08
12500.04800076804 2.2224582711385787e-08
12550.04800076804 2.451624633525284e-08
12600.04800076804 2.701206840430411e-08
12650.04800076804 2.8481410561793656e-08
12700.04800076804 2.9058635524341275e-08
12750.04800076804 2.562945446537696e-08
12800.04800076804 2.2644881741593893e-08
12850.04800076804 1.742858741066292e-08
12900.04800076804 1.437993057409035e-08
12950.04800076804 1.186642990797999e-08
13000.04800076804 1.265777685874374e-08
13050.04800076804 9.385484039017714e-09
13100.04800076804 9.324479327809991e-09
13150.04800076804 6.4360164540806465e-09
13200.04800076804 6.437996067243612e-09
13250.04800076804 4.402007738328302e-09
13300.04800076804 1.6606410828432923e-09
13350.04800076804 5.275205856619491e-10
13400.04800076804 1.0439665396915179e-10
13450.04800076804 2.783560011903003e-11
13500.04800076804 9.055445044918051e-12
13550.04800076804 2.467086392987598e-12
13600.04800076804 6.735865866868566e-13
13650.04800076804 5.278789643562524e-12
13700.04800076804 2.707683478488892e-12
13750.04800076804 1.1807895837234559e-11
13800.04800076804 1.2519632827167439e-11
13850.04800076804 3.835367750475485e-12
13900.04800076804 6.49224350527992e-12
13950.04800076804 6.251732514105473e-12
14000.04800076804 8.41394022692443e-12
14050.04800076804 1.336751208361129e-11
14100.04800076804 1.0500989912608458e-11
14150.04800076804 2.418792250400309e-11
14200.04800076804 1.5778515180436957e-11
14250.04800076804 2.2850647100504618e-11
14300.04800076804 8.860631400653524e-11
14350.04800076804 6.725150894495948e-11
14400.04800076804 6.811587238486324e-11
14450.04800076804 1.386527817644886e-10
14500.04800076804 3.1566164886534507e-10
14550.04800076804 3.430327552790155e-10
14600.04800076804 7.455691069041248e-10
14650.04800076804 5.178030697197815e-10
14700.04800076804 2.617425648991559e-10
14750.04800076804 3.3378562572460835e-10
14800.04800076804 3.8313920484803214e-10
14850.04800076804 4.2123092945799074e-10
14900.04800076804 4.871720498577909e-10
14950.04800076804 6.14835905807892e-10
15000.04800076804 1.0949964008004122e-09
15050.04800076804 1.2393436694953354e-09
15100.04800076804 1.0980106975061125e-09
15150.04800076804 9.052271455013505e-10
15200.04800076804 1.4962824715098374e-09
15250.04800076804 2.543856699391024e-09
15300.04800076804 3.0861865299183756e-09
15350.04800076804 3.979559570614992e-09
15400.04800076804 4.891346240074089e-09
15450.04800076804 5.7816406719378106e-09
15500.04800076804 6.88750939547865e-09
15550.04800076804 8.760883831992756e-09
15600.04800076804 1.0798805040915186e-08
15650.04800076804 1.3086749174376422e-08
15700.04800076804 1.6056846178485476e-08
15750.04800076804 1.7713304596292145e-08
15800.04800076804 1.9025054517545304e-08
15850.04800076804 2.058081205478444e-08
15900.04800076804 1.9583695293284275e-08
15950.04800076804 1.8885673415924183e-08
16000.04800076804 1.571812936557003e-08
16050.04800076804 1.0936111831980156e-08
16100.04800076804 7.14225439876674e-09
16150.04800076804 4.0207294677162846e-09
16200.04800076804 2.0443742065720357e-09
16250.04800076804 1.4162791797244284e-09
16300.04800076804 9.815222313931156e-10
16350.04800076804 1.1483224646380288e-09
16400.04800076804 1.3805837986961805e-09
16450.04800076804 1.4064278423368644e-09
16500.04800076804 1.4070868690220408e-09
16550.04800076804 1.4147876248214637e-09
16600.04800076804 2.243382366617522e-09
16650.04800076804 1.4623291507985101e-09
16700.04800076804 2.4466433977752167e-10
16750.04800076804 9.134380448104249e-10
16800.04800076804 1.3700024084209143e-09
16850.04800076804 1.3283626100536482e-09
16900.04800076804 7.462167501140812e-10
16950.04800076804 5.551762605374497e-10
17000.04800076804 3.172883183322579e-10
17050.04800076804 5.604796623067396e-10
17100.04800076804 8.605129386298232e-10
17150.04800076804 5.570984645101294e-10
17200.04800076804 1.4427076464118528e-09
17250.04800076804 7.392027558982098e-10
17300.04800076804 5.293094433476564e-10
17350.04800076804 6.136024133297162e-10
17400.04800076804 8.698436423273816e-10
17450.04800076804 1.0577881774309248e-09
17500.04800076804 1.3514564081367888e-09
17550.04800076804 1.0246839844735964e-09
17600.04800076804 8.461376351176518e-10
17650.04800076804 6.369025117750203e-10
17700.04800076804 5.392506382171492e-10
17750.04800076804 3.891442470290739e-10
17800.04800076804 6.411023624558577e-10
17850.04800076804 3.433917417626711e-10
17900.04800076804 2.7582264826546316e-10
17950.04800076804 1.5394812677497384e-10
18000.04800076804 2.7714724498031434e-10
18050.04800076804 1.3276900444066384e-10
18100.04800076804 1.4741054372746853e-10
18150.04800076804 1.332516496044916e-10
18200.04800076804 7.516347398050004e-11
18250.04800076804 3.0272072494178767e-10
18300.04800076804 5.4708206391537157e-11
18350.04800076804 4.6624364244484935e-11
18400.04800076804 3.0050013091263267e-11
18450.04800076804 1.7431924873170986e-10
18500.04800076804 1.667456848320416e-10
18550.04800076804 7.881919512696846e-11
18600.04800076804 1.0655616563393704e-10
18650.04800076804 6.234507127381197e-11
18700.04800076804 1.6037894917830133e-11
18750.04800076804 3.980048494840701e-11
18800.04800076804 3.3156535042630546e-10
18850.04800076804 2.879844398533135e-10
18900.04800076804 2.5522648749429243e-10
18950.04800076804 5.162153912825431e-10
19000.04800076804 1.210398661907855e-10
19050.04800076804 6.21521586066645e-11
19100.04800076804 1.9342791663739367e-10
19150.04800076804 8.016166290098655e-11
19200.04800076804 1.844156410505175e-10
19250.04800076804 1.2329400454991224e-10
19300.04800076804 7.54427491359195e-11
19350.04800076804 9.556174663158895e-11
19400.04800076804 6.649726741841523e-11
19450.04800076804 1.3498809906515943e-10
19500.04800076804 1.332297351295548e-10
19550.04800076804 1.294405831211479e-10
19600.04800076804 2.299582081397652e-10
19650.04800076804 2.593087317968202e-10
19700.04800076804 3.048277161995494e-10
19750.04800076804 4.59244506739698e-10
19800.04800076804 3.836173712036646e-10
19850.04800076804 5.35452598856268e-10
19900.04800076804 5.873743001078174e-10
19950.04800076804 7.805966957737148e-10
20000.04800076804 8.039950047493542e-10
20050.04800076804 7.695430700127924e-10
20100.04800076804 1.1157730173288384e-09
20150.04800076804 8.03651847068821e-10
20200.04800076804 7.371024883957133e-10
20250.04800076804 1.0758603282224427e-09
20300.04800076804 1.074774057252685e-09
20350.04800076804 1.1943201426159925e-09
20400.04800076804 1.0923982921861235e-09
20450.04800076804 1.4850267067223717e-09
20500.04800076804 1.5397876243701398e-09
20550.04800076804 1.5782486387555816e-09
20600.04800076804 1.6448592675795282e-09
20650.04800076804 1.6963839064859969e-09
20700.04800076804 1.681916236931821e-09
20750.04800076804 1.7322789912154424e-09
20800.04800076804 1.663147827095723e-09
20850.04800076804 1.7120529977371143e-09
20900.04800076804 1.701250558523886e-09
20950.04800076804 1.6444616465335797e-09
21000.04800076804 1.6005541600299964e-09
21050.04800076804 1.5889785646442767e-09
21100.04800076804 1.5448869217112013e-09
21150.04800076804 1.5278637725866223e-09
21200.04800076804 1.4703861617849532e-09
21250.04800076804 1.4136761470360415e-09
21300.04800076804 1.3144423144396682e-09
21350.04800076804 1.2724470937139162e-09
21400.04800076804 1.2770621586434728e-09
21450.04800076804 1.0912897258343876e-09
21500.04800076804 1.0721674843314814e-09
21550.04800076804 1.0330674920341796e-09
21600.04800076804 9.570558590433226e-10
21650.04800076804 8.487950071022581e-10
21700.04800076804 8.756749425439058e-10
21750.04800076804 8.661300634446815e-10
21800.04800076804 7.288827808549766e-10
21850.04800076804 6.529932528137473e-10
21900.04800076804 5.533792835789294e-10
21950.04800076804 2.6102726341195317e-10
22000.04800076804 4.340464998426335e-11
22050.04800076804 6.902536048109753e-11
22100.04800076804 2.4699891043590364e-10
22150.04800076804 1.9624627983218632e-10
22200.04800076804 1.6506642985862775e-10
22250.04800076804 1.5354137541133357e-10
22300.04800076804 8.256239712967026e-11
22350.04800076804 9.879938738822033e-11
22400.04800076804 4.598681179259046e-11
22450.04800076804 5.064134003366431e-11
22500.04800076804 5.241123572481097e-11
22550.04800076804 2.735998257415693e-11
22600.04800076804 3.257979001068125e-11
22650.04800076804 5.69390796461952e-11
22700.04800076804 3.861782174607068e-11
22750.04800076804 3.870940278982586e-11
22800.04800076804 5.3420897379659534e-11
22850.04800076804 4.208896726392703e-11
22900.04800076804 2.6689812291035594e-11
22950.04800076804 1.7986758266165783e-11
23000.04800076804 2.8774145055413685e-11
23050.04800076804 3.287434095217114e-11
23100.04800076804 1.8270682968043387e-10
23150.04800076804 1.7271575867618483e-10
23200.04800076804 7.959902543074934e-12
23250.04800076804 3.0238867148795803e-11
23300.04800076804 3.6130649697931815e-11
23350.04800076804 2.6055967764980014e-11
23400.04800076804 3.189046302725333e-11
23450.04800076804 1.6689062862246877e-11
23500.04800076804 1.8957513668349777e-11
23550.04800076804 3.837238884688333e-11
23600.04800076804 7.48852103904e-11
23650.04800076804 8.169593120304664e-11
23700.04800076804 1.553746053512831e-11
23750.04800076804 2.0798265991752818e-11
