galfind/configs/Brown_Dwarf_templates/sonora_cholla/logkzz7/1000g/650K_1000g_logkzz7_resample.dat
# %ECSV 1.0
# ---
# datatype:
# - {name: wav, unit: Angstrom, datatype: float64}
# - {name: flux_nu, unit: erg / (cm2 Hz s), datatype: float64}
# schema: astropy-2.0
wav flux_nu
[from data line 1209]
63450.04800076804 2.9801412601131176e-09
63500.04800076804 1.5522645231250403e-08
63550.04800076804 2.268297163928609e-08
63600.04800076804 1.8729910555102924e-08
63650.04800076804 1.3193204396650054e-08
63700.04800076804 3.585050838341592e-09
63750.04800076804 9.557996154771346e-09
63800.04800076804 2.3038203654676277e-08
63850.04800076804 1.7367602427529804e-08
63900.04800076804 5.26945822441689e-09
63950.04800076804 1.2559142776131407e-08
64000.04800076804 1.7297939346722843e-08
64050.04800076804 6.525681475977339e-09
64100.04800076804 1.4139631604245438e-09
64150.04800076804 2.2284465576984312e-09
64200.04800076804 2.83131426638305e-09
64250.04800076804 9.137413539832224e-09
64300.04800076804 7.514032665194472e-09
64350.04800076804 4.975369963204646e-09
64400.04800076804 1.4121071488942628e-08
64450.04800076804 1.548779884254241e-08
64500.04800076804 6.134594866614947e-09
64550.04800076804 1.3316473920163054e-08
64600.04800076804 8.9513951242632e-09
64650.04800076804 1.2962345812550196e-08
64700.04800076804 3.962961019150691e-09
64750.04800076804 6.380379811683729e-09
64800.04800076804 3.4915211635022444e-09
64850.04800076804 2.564857790886115e-09
64900.04800076804 2.60368858878955e-09
64950.04800076804 2.0935136089690177e-09
65000.04800076804 3.926893490359614e-09
65050.04800076804 8.060533967283298e-09
65100.04800076804 1.1162648043690815e-08
65150.04800076804 5.445791170758763e-09
65200.04800076804 2.19230959639054e-09
65250.04800076804 6.496916237577467e-09
65300.04800076804 8.700334628714469e-09
65350.04800076804 2.0464411335219022e-08
65400.04800076804 7.8184426739717e-09
65450.04800076804 7.708018245862526e-09
65500.04800076804 9.277564158534121e-09
65550.04800076805 3.74649617410322e-09
65600.04800076805 8.977481937011771e-09
65650.04800076805 5.45623064410125e-09
65700.04800076805 5.054018602851161e-09
65750.04800076805 3.394037302860723e-09
65800.04800076805 8.053293568042901e-09
65850.04800076805 1.2164984765032346e-08
65900.04800076805 2.8874331331343895e-09
65950.04800076805 5.494539814119971e-09
66000.04800076805 6.870766671816437e-09
66050.04800076805 1.52841387100602e-08
66100.04800076805 8.311844146017454e-09
66150.04800076805 8.12948829655278e-09
66200.04800076805 7.423831850307402e-09
66250.04800076805 4.143606106732418e-09
66300.04800076805 1.658539442303049e-09
66350.04800076805 1.3871491704448912e-09
66400.04800076805 2.869137711201669e-09
66450.04800076805 9.524796118687799e-09
66500.04800076805 1.4709171021734235e-08
66550.04800076805 1.4234418899383045e-08
66600.04800076805 1.1207524799508313e-08
66650.04800076805 8.038266969153285e-09
66700.04800076805 5.280824981829598e-09
66750.04800076805 6.068856418360874e-09
66800.04800076805 7.023192795217091e-09
66850.04800076805 4.5105745795962476e-09
66900.04800076805 1.6520941600407953e-08
66950.04800076805 1.500758114357791e-08
67000.04800076805 1.9496047886060258e-08
67050.04800076805 9.910041603716272e-09
67100.04800076805 5.389181102017695e-09
67150.04800076805 7.516629940071911e-09
67200.04800076805 1.157020978714365e-08
67250.04800076805 9.959351132814721e-09
67300.04800076805 1.7102682785914814e-08
67350.04800076805 7.1985346827759624e-09
67400.04800076805 1.834329830064109e-08
67450.04800076805 1.1011219361939267e-08
67500.04800076805 1.0635236367372407e-08
67550.04800076805 2.2767219931991664e-08
67600.04800076805 3.588550860224492e-08
67650.04800076805 2.5341589813897363e-08
67700.04800076805 1.4163974397656561e-08
67750.04800076805 8.295273329479187e-09
67800.04800076805 1.2754575975519255e-08
67850.04800076805 5.307281896218826e-09
67900.04800076805 6.709985313818396e-09
67950.04800076805 5.251553184806882e-09
68000.04800076805 1.3436979910305344e-08
68050.04800076805 1.446989462054536e-08
68100.04800076805 2.3655475689075274e-08
68150.04800076805 2.0547034090194384e-08
68200.04800076805 1.523163563257734e-08
68250.04800076805 3.1534819825042094e-09
68300.04800076805 1.630941827572732e-08
68350.04800076805 1.9590787386291614e-08
68400.04800076805 2.848031233803364e-08
68450.04800076805 2.3157586943118328e-08
68500.04800076805 1.3586931052303822e-08
68550.04800076805 5.256253712651956e-09
68600.04800076805 5.4957994609763706e-09
68650.04800076805 2.5911021201264703e-09
68700.04800076805 7.493924696598625e-09
68750.04800076805 1.3582454963941776e-08
68800.04800076805 1.531476459755148e-08
68850.04800076805 6.648821792974657e-09
68900.04800076805 2.529190534860676e-08
68950.04800076805 2.668830857839038e-08
69000.04800076805 1.725680972056905e-08
69050.04800076805 7.987828887443523e-09
69100.04800076805 2.1710396199958976e-08
69150.04800076805 3.225234126662614e-08
69200.04800076805 2.3816074656222414e-08
69250.04800076805 3.365800372087578e-08
69300.04800076805 2.1038404711750843e-08
69350.04800076805 3.605146721729153e-08
69400.04800076805 1.3104575125558298e-08
69450.04800076805 3.136661727026722e-08
69500.04800076805 1.5522072617606594e-08
69550.04800076805 1.1474372611191651e-08
69600.04800076805 2.879648116929682e-09
69650.04800076805 1.1778010317762962e-08
69700.04800076805 2.3056571431917795e-08
69750.04800076805 1.3851915520423321e-08
69800.04800076805 2.3360366455058094e-08
69850.04800076805 2.4732374167906358e-08
69900.04800076805 1.6121713625262352e-08
69950.04800076805 1.5087888328033295e-08
70000.04800076805 1.638081821211786e-08
70050.04800076805 3.2091713876199255e-08
70100.04800076805 2.3163277928143475e-08
70150.04800076805 1.9498885714116366e-08
70200.04800076805 1.2058561201475293e-08
70250.04800076805 1.6044465785308456e-08
70300.04800076805 3.0294612834829436e-08
70350.04800076805 2.337884246173669e-08
70400.04800076805 1.142241675629727e-08
70450.04800076805 1.809108571214313e-09
70500.04800076805 9.587433371779585e-09
70550.04800076805 9.128202197355746e-09
70600.04800076805 1.052073296393278e-08
70650.04800076805 2.4635543435777414e-08
70700.04800076805 2.7110151424622167e-08
70750.04800076805 4.034501845277923e-08
70800.04800076805 1.7786533571624985e-08
70850.04800076805 1.817894628115431e-08
70900.04800076805 2.2588098821069007e-08
70950.04800076805 3.0824602857595506e-08
71000.04800076805 2.9138600898592652e-08
71050.04800076805 2.9279840429904717e-08
71100.04800076805 2.3080187140761205e-08
71150.04800076805 1.3882968042548256e-08
71200.04800076805 1.31901148190072e-08
71250.04800076805 2.3171597357975074e-08
71300.04800076805 3.1119541724058076e-08
71350.04800076805 3.1439361180601255e-08
71400.04800076805 2.3694086691194967e-08
71450.04800076805 9.05350586325582e-09
71500.04800076805 1.1697253624717107e-08
71550.04800076805 1.3850697991861263e-08
71600.04800076805 1.7411271919844425e-08
71650.04800076805 1.0249224977110409e-08
71700.04800076805 7.300948709973102e-09
71750.04800076805 1.7251249271776576e-08
71800.04800076805 2.5605709507784464e-08
71850.04800076805 2.4866435694861796e-08
71900.04800076805 1.276296885697005e-08
71950.04800076805 1.964557309583398e-08
72000.04800076805 1.7558470252573818e-08
72050.04800076805 8.027714330304313e-09
72100.04800076805 1.0528699235315293e-08
72150.04800076805 1.260649644519733e-08
72200.04800076805 1.884545011814133e-08
72250.04800076805 2.926306434392522e-08
72300.04800076805 1.6760783008409883e-08
72350.04800076805 1.9638891116606883e-08
72400.04800076805 1.823332533663794e-08
72450.04800076805 1.4304445013101371e-08
72500.04800076805 1.972879772472688e-08
72550.04800076805 6.763472599917742e-09
72600.04800076805 1.2974519125289256e-08
72650.04800076805 2.409564200455903e-08
72700.04800076805 1.3146480803318588e-08
72750.04800076805 1.4047069632984201e-08
72800.04800076805 8.076804331312276e-09
72850.04800076805 1.1810187986495094e-08
72900.04800076805 2.5614285400875523e-08
72950.04800076805 1.422247950088855e-08
73000.04800076805 1.5097795450394055e-08
73050.04800076805 7.440020455012694e-09
73100.04800076805 1.0271597047128096e-08
73150.04800076805 2.4926865639148585e-08
73200.04800076805 9.760395143409409e-09
73250.04800076805 1.268605556293245e-08
73300.04800076805 9.062535787152235e-09
73350.04800076805 6.2000635230894304e-09
73400.04800076805 1.2315229001471961e-08
73450.04800076805 7.013707538536017e-09
73500.04800076805 6.16785201582272e-09
73550.04800076805 1.1236395376417035e-08
73600.04800076805 1.1986489119051084e-08
73650.04800076805 1.1874493394993514e-08
73700.04800076805 1.1103960305974057e-08
73750.04800076805 3.576292038898502e-09
73800.04800076805 9.921477502281276e-09
73850.04800076805 1.506637456676291e-08
73900.04800076805 7.3953929905124276e-09
73950.04800076805 8.313160570708333e-09
74000.04800076805 3.99996541416013e-09
74050.04800076805 1.6806390764960507e-08
74100.04800076805 1.1656939674294564e-08
74150.04800076805 1.2181708656035762e-08
74200.04800076805 6.264696259557864e-09
74250.04800076805 1.235777320741105e-09
74300.04800076805 1.193209889756197e-08
74350.04800076805 1.6875723075800872e-08
74400.04800076805 1.562161534255254e-08
74450.04800076805 5.882678492097135e-09
74500.04800076805 3.146427000663344e-09
74550.04800076805 7.523303170160486e-09
74600.04800076805 9.695352339436555e-09
74650.04800076805 9.877850527892649e-09
74700.04800076805 6.6308703506939e-09
74750.04800076805 4.0707984435474486e-09
74800.04800076805 5.844977935799734e-09
74850.04800076805 1.1796657381202994e-08
74900.04800076805 1.5975487705915543e-08
74950.04800076805 1.4597132435087611e-08
75000.04800076805 6.527131476136811e-09
75050.04800076805 1.5406321759197332e-09
75100.04800076805 1.395837010237968e-08
75150.04800076805 1.7897802151294284e-08
75200.04800076805 1.7772285184996052e-08
75250.04800076805 1.786941528991576e-08
75300.04800076805 1.2917029021571985e-08
75350.04800076805 3.687744911430905e-09
75400.04800076805 1.927439473017751e-08
75450.04800076805 1.9010873402357147e-08
75500.04800076805 1.7495939233777504e-08
75550.04800076805 1.5237693626024434e-08
75600.04800076805 1.8623522686924687e-08
75650.04800076805 1.0292976188790616e-08
75700.04800076805 2.0772777427366247e-08
75750.04800076805 1.1990402706459539e-08
75800.04800076805 1.6701184820827013e-08
75850.04800076805 1.9289872158566005e-08
75900.04800076805 1.9416224525151377e-08
75950.04800076805 9.383425237731624e-09
76000.04800076805 2.3651343924064894e-08
76050.04800076805 2.078925162398177e-08
76100.04800076805 1.8605728162132996e-08
76150.04800076805 2.091232912596397e-08
76200.04800076805 1.8024037071042207e-08
76250.04800076805 1.1122911979613889e-08
76300.04800076805 3.0483186977855123e-08
76350.04800076805 3.40896823280218e-08
76400.04800076805 2.6154655282110478e-08
76450.04800076805 2.0015107462835315e-08
76500.04800076805 1.4505105073727483e-08
76550.04800076805 5.1957714971290255e-09
76600.04800076805 1.1307552437932735e-09
76650.04800076805 1.3006109129812593e-09
76700.04800076805 2.130943152129408e-09
76750.04800076805 2.288097227919957e-09
76800.04800076805 5.106947020129453e-09
76850.04800076805 2.5031219110301463e-09
76900.04800076805 2.088386605449762e-09
76950.04800076805 5.624448922120389e-09
77000.04800076805 9.231315892821432e-09
77050.04800076805 2.063615573143114e-09
77100.04800076805 2.69038686060506e-09
77150.04800076805 1.0745659844578952e-08
77200.04800076805 6.0494519320485944e-09
77250.04800076805 4.911717751897499e-09
77300.04800076805 9.336836108093714e-09
77350.04800076805 4.495315009454786e-09
77400.04800076805 5.563243959865407e-09
77450.04800076805 1.342462517713406e-08
77500.04800076805 9.440125338315711e-09
77550.04800076805 7.2411843880904274e-09
77600.04800076805 4.171586681463869e-09
77650.04800076805 5.736968234920056e-09
77700.04800076805 5.421365794445337e-09
77750.04800076805 1.3182542828169025e-08
77800.04800076805 1.3780793294192573e-08
77850.04800076805 2.3676287392169857e-08
77900.04800076805 1.0698881156781256e-08
77950.04800076805 2.5793482316162013e-09
78000.04800076805 8.629173252647622e-09
78050.04800076805 9.759168176530757e-09
78100.04800076805 1.1363695135283992e-08
78150.04800076805 1.8973174521353256e-08
78200.04800076805 2.253942717470025e-08
78250.04800076805 1.867604515651944e-08
78300.04800076805 7.679268634317115e-09
78350.04800076805 1.5114549221896813e-08
78400.04800076805 5.781254766782399e-09
78450.04800076805 1.4192410569021414e-08
78500.04800076805 2.3109808887120642e-08
78550.04800076805 2.8032841312745263e-08
78600.04800076805 2.012857031149099e-08
78650.04800076805 2.728849381194667e-09
78700.04800076805 6.17017886299394e-09
78750.04800076805 1.1339461262468049e-08
78800.04800076805 1.0251910832754135e-08
78850.04800076805 3.858233366168575e-09
78900.04800076805 1.1260233949157365e-08
78950.04800076805 1.7288247306176313e-08
79000.04800076805 1.3268946882699909e-08
79050.04800076805 1.012798098813565e-08
79100.04800076805 1.4286275601144265e-08
79150.04800076805 1.0865794130247065e-08
79200.04800076805 1.3702891035803057e-08
79250.04800076805 6.982099257239272e-09
79300.04800076805 8.025906142816652e-09
79350.04800076805 1.1326480187233618e-08
79400.04800076805 6.021731191942931e-09
79450.04800076805 2.0577826676587143e-08
79500.04800076805 2.7882831106834407e-08
79550.04800076805 2.252284640852962e-08
79600.04800076805 1.0604547105953762e-08
79650.04800076805 1.8208529209610016e-08
79700.04800076805 1.3774628747396458e-08
79750.04800076805 1.3223511833926376e-08
79800.04800076805 8.180330517778312e-09
79850.04800076805 1.6966783211255204e-08
79900.04800076805 3.126904308034714e-08
79950.04800076805 3.077298453097554e-08
