galfind/configs/Brown_Dwarf_templates/sonora_cholla/logkzz7/1000g/650K_1000g_logkzz7_resample.dat
# %ECSV 1.0
# ---
# datatype:
# - {name: wav, unit: Angstrom, datatype: float64}
# - {name: flux_nu, unit: erg / (cm2 Hz s), datatype: float64}
# schema: astropy-2.0
wav flux_nu
[from data line 417]
23850.04800076804 1.485448204132936e-10
23900.04800076804 3.055051544335217e-10
23950.04800076804 1.9562433542829377e-10
24000.04800076804 3.793268568572942e-10
24050.04800076804 3.9948085971833896e-10
24100.04800076804 3.9957035509913323e-10
24150.04800076804 5.641580946633206e-10
24200.04800076804 4.982569021281423e-10
24250.04800076804 3.4380344192179897e-10
24300.04800076804 7.057196899381826e-10
24350.04800076804 4.473072193327134e-10
24400.04800076804 9.90402353516236e-10
24450.04800076804 9.074786203404854e-10
24500.04800076804 8.345406666731926e-10
24550.04800076804 1.3136212383817576e-09
24600.04800076804 1.4851294895797718e-09
24650.04800076804 1.7655855027785587e-09
24700.04800076804 1.2188415702537617e-09
24750.04800076804 1.46477299105573e-09
24800.04800076804 1.2629550747474963e-09
24850.04800076804 2.000527723734219e-09
24900.04800076804 7.253637466394554e-10
24950.04800076804 1.528001471769249e-09
25000.04800076804 1.4620303456736718e-09
25050.04800076804 7.65734371205202e-10
25100.04800076804 1.2966389530579505e-09
25150.04800076804 5.814144260871082e-10
25200.04800076804 8.535455036105676e-10
25250.04800076804 3.265587140856809e-10
25300.04800076804 4.776061651444207e-10
25350.04800076804 2.0111733563771918e-10
25400.04800076804 5.635997166563888e-10
25450.04800076804 2.007510488285471e-10
25500.04800076804 1.6541761838102332e-10
25550.04800076804 3.581593413471128e-10
25600.04800076804 1.904601629644615e-10
25650.04800076804 9.20639634590307e-11
25700.04800076804 1.3262075323817352e-10
25750.04800076804 4.6545301616115817e-11
25800.04800076804 2.1741868948421297e-10
25850.04800076804 4.234384801432357e-11
25900.04800076804 7.109843919238876e-11
25950.04800076804 2.143795959487416e-11
26000.04800076804 1.9075036152369785e-10
26050.04800076804 3.115851698063111e-11
26100.04800076804 1.5559498082475755e-10
26150.04800076804 6.95958042268949e-11
26200.04800076804 8.693737008749337e-11
26250.04800076804 4.747284836250464e-10
26300.04800076804 1.1285803806334714e-10
26350.04800076804 7.213691097473697e-10
26400.04800076804 1.0224264199839795e-09
26450.04800076804 6.018858690154884e-10
26500.04800076804 1.2363264156512588e-09
26550.04800076804 1.9464489206841191e-10
26600.04800076804 1.9462248391061448e-10
26650.04800076804 4.184911908521123e-11
26700.04800076804 2.4158859254367684e-11
26750.04800076804 3.5434084977877584e-11
26800.04800076804 8.151768359635326e-11
26850.04800076804 5.1918887577034847e-11
26900.04800076804 2.1560790727675112e-10
26950.04800076804 7.51969505899046e-11
27000.04800076804 3.600130061934162e-10
27050.04800076804 4.231137939923311e-10
27100.04800076804 7.738125295979864e-11
27150.04800076804 5.799059984465591e-10
27200.04800076804 7.269550447503471e-11
27250.04800076804 1.9988663023773008e-10
27300.04800076804 1.3303516197802924e-09
27350.04800076804 4.5933767591749516e-10
27400.04800076804 3.435138903127679e-11
27450.04800076804 5.97467480719868e-10
27500.04800076804 8.456379904132247e-10
27550.04800076804 1.2641402582101155e-10
27600.04800076804 3.472699250927482e-10
27650.04800076804 1.0396927403774947e-10
27700.04800076804 9.302452379727573e-11
27750.04800076804 4.883735057361358e-10
27800.04800076804 1.7784798808027208e-10
27850.04800076804 2.442744450357219e-10
27900.04800076804 3.5242825967206476e-10
27950.04800076804 8.025206873535076e-10
28000.04800076804 5.820100812060599e-10
28050.04800076804 1.1195127017841554e-10
28100.04800076804 9.410621545165589e-10
28150.04800076804 5.731302589451075e-10
28200.04800076804 1.7473854553602135e-10
28250.04800076804 1.2044374019882527e-09
28300.04800076804 1.54749180851348e-09
28350.04800076804 2.178709152207382e-10
28400.04800076804 8.550543220358794e-10
28450.04800076804 1.7895476039572146e-09
28500.04800076804 8.140268920573861e-10
28550.04800076804 2.2526054207118486e-10
28600.04800076804 1.4997721903736178e-09
28650.04800076804 1.2799163671879906e-09
28700.04800076804 1.142129938475749e-09
28750.04800076804 2.6463660768148936e-09
28800.04800076804 1.8950344732415174e-09
28850.04800076804 2.2826530773266857e-09
28900.04800076804 1.0796530578877694e-09
28950.04800076804 2.9964641228536986e-09
29000.04800076804 2.1107474001223334e-09
29050.04800076804 2.344391929452984e-09
29100.04800076804 1.7401839806450235e-09
29150.04800076804 3.7501442919595515e-09
29200.04800076804 2.6976938029783796e-09
29250.04800076804 3.842253328608592e-09
29300.04800076804 2.086910836945659e-09
29350.04800076804 9.62282321055951e-09
29400.04800076804 2.218938063284583e-09
29450.04800076804 2.5904521417915643e-09
29500.04800076804 6.180736257162359e-09
29550.04800076804 3.1088898958182066e-09
29600.04800076804 4.86825710525854e-09
29650.04800076804 7.262370350400118e-09
29700.04800076804 2.240444127695797e-09
29750.04800076804 4.946302083535297e-09
29800.04800076804 4.5996981061618234e-09
29850.04800076804 8.776794729702766e-09
29900.04800076804 7.884839001033207e-09
29950.04800076804 5.265170550248731e-09
30000.04800076804 7.520017212010417e-10
30050.04800076804 1.89261419601502e-09
30100.04800076804 4.385635049248247e-09
30150.04800076804 8.044052400918471e-09
30200.04800076804 4.617727631907019e-09
30250.04800076804 1.2745206341377848e-08
30300.04800076804 1.1145497271882425e-08
30350.04800076804 5.097364142800424e-09
30400.04800076804 1.2090055777018038e-08
30450.04800076804 7.64190636950114e-09
30500.04800076804 6.746401330910158e-09
30550.04800076804 5.061222310594039e-09
30600.04800076804 1.624870751592891e-08
30650.04800076804 9.469208219069425e-09
30700.04800076804 6.7449276185324475e-09
30750.04800076804 9.677466209776687e-09
30800.04800076804 6.764383031257034e-09
30850.04800076804 8.279251704694202e-09
30900.04800076804 6.710506514506915e-09
30950.04800076804 3.49240732485747e-09
31000.04800076804 5.5887839528588365e-09
31050.04800076804 5.348232746375281e-09
31100.04800076804 3.195289485927405e-09
31150.04800076804 4.659186427599893e-09
31200.04800076804 8.354764102920156e-09
31250.04800076804 3.469849147769033e-09
31300.04800076804 3.1577282453864943e-09
31350.04800076804 4.4505532501765e-09
31400.04800076804 2.645478646662979e-09
31450.04800076804 3.52833149245678e-09
31500.04800076804 1.5911870064296135e-09
31550.04800076804 2.092843446182204e-09
31600.04800076804 1.5645777047618553e-09
31650.04800076804 1.2262958562998304e-09
31700.04800076804 1.5785223853476924e-09
31750.04800076804 5.931507056862584e-10
31800.04800076804 1.443884745699828e-09
31850.04800076804 4.1060815078613847e-10
31900.04800076804 9.098984118294079e-10
31950.04800076804 5.033847849133337e-10
32000.04800076804 5.090873588283603e-10
32050.04800076804 4.993261883833279e-10
32100.04800076804 3.764353930941387e-10
32150.04800076804 5.317211394112708e-10
32200.04800076804 2.883404237701069e-10
32250.04800076804 6.850837867702586e-10
32300.04800076804 2.2496903117271233e-10
32350.04800076804 7.634183580515383e-10
32400.04800076804 2.155974727510054e-10
32450.04800076804 5.648069420700115e-10
32500.04800076804 2.70315079045772e-10
32550.04800076804 5.565037100417246e-10
32600.04800076804 3.162702614046736e-10
32650.04800076804 9.211700491942276e-10
32700.04800076804 4.3885334829874526e-10
32750.04800076804 1.603014165477277e-09
32800.04800076804 1.157238366525941e-09
32850.04800076804 2.5099661291662343e-09
32900.04800076804 2.2580846702142895e-09
32950.04800076804 2.529803914004674e-09
33000.04800076804 1.1571187060931615e-09
33050.04800076804 1.3448564855067555e-09
33100.04800076804 4.247787855277918e-10
33150.04800076804 1.703158858174162e-12
33200.04800076804 2.0733370333831163e-11
33250.04800076804 2.7908576743027977e-11
33300.04800076804 1.2540278503533956e-10
33350.04800076804 3.728402415276092e-10
33400.04800076804 9.007318799087816e-10
33450.04800076804 6.312857893992409e-10
33500.04800076804 1.9458432932062355e-09
33550.04800076804 7.377166351281348e-10
33600.04800076804 1.1913963153948558e-09
33650.04800076804 1.213407180364364e-09
33700.04800076804 6.148810067904967e-10
33750.04800076804 1.609029562617145e-09
33800.04800076804 3.024534803709321e-10
33850.04800076804 8.651649323392489e-10
33900.04800076804 9.464060958324337e-10
33950.04800076804 8.292989299768486e-10
34000.04800076804 1.5943492761483601e-09
34050.04800076804 3.1216961040507643e-10
34100.04800076804 1.249596278252366e-09
34150.04800076804 5.516300329627956e-10
34200.04800076804 1.2119548851406717e-09
34250.04800076804 9.236407178120292e-10
34300.04800076804 7.653491813939072e-10
34350.04800076804 1.866895354816136e-09
34400.04800076804 6.117987481639617e-10
34450.04800076804 1.8205462302812247e-09
34500.04800076804 9.81101930051574e-10
34550.04800076804 7.588135092498362e-10
34600.04800076804 2.7501437126359475e-09
34650.04800076804 5.550033196493373e-10
34700.04800076804 1.6387675778758245e-09
34750.04800076804 1.2903046525573966e-09
34800.04800076804 9.051927610241242e-10
34850.04800076804 2.862621028957969e-09
34900.04800076804 1.0715102242196498e-09
34950.04800076804 2.2416466049170454e-09
35000.04800076804 3.817630004130802e-09
35050.04800076804 1.9469741479227336e-09
35100.04800076804 4.772268954304825e-09
35150.04800076804 4.0298846105216455e-09
35200.04800076804 3.4665728881180684e-09
35250.04800076804 5.097838675130568e-09
35300.04800076804 2.152081294370829e-09
35350.04800076804 3.7883615344288585e-09
35400.04800076804 2.8999206063168427e-09
35450.04800076804 2.3467096220592335e-09
35500.04800076804 7.73700571508657e-09
35550.04800076804 4.222636336936383e-09
35600.04800076804 5.426633373186909e-09
35650.04800076804 5.846103686806711e-09
35700.04800076804 4.6771222718658995e-09
35750.04800076804 9.75790388165227e-09
35800.04800076804 6.061065147197471e-09
35850.04800076804 3.2377097916455605e-09
35900.04800076804 5.808755590227323e-09
35950.04800076804 7.056632056133156e-09
36000.04800076804 4.772677716772296e-09
36050.04800076804 5.712355227050727e-09
36100.04800076804 4.963039340651168e-09
36150.04800076804 1.0711132032893887e-08
36200.04800076804 1.0247958405554698e-08
36250.04800076804 8.369864870470878e-09
36300.04800076804 1.4539886230689105e-08
36350.04800076804 1.0047674774300546e-08
36400.04800076804 1.6318352807747166e-08
36450.04800076804 1.1900848783568982e-08
36500.04800076804 1.2679620273086003e-08
36550.04800076804 2.2310456254794094e-08
36600.04800076804 2.461642065388024e-08
36650.04800076804 1.816048286852858e-08
36700.04800076804 1.8149935408823767e-08
36750.04800076804 2.3826656518640155e-08
36800.04800076804 2.493624016183247e-08
36850.04800076804 1.4813612993449798e-08
36900.04800076804 2.0422976787846973e-08
36950.04800076804 2.5292861262274877e-08
37000.04800076804 1.9193442536639875e-08
37050.04800076804 2.7590654294250634e-08
37100.04800076804 1.8451729117445137e-08
37150.04800076804 2.3465144201573438e-08
37200.04800076804 3.192145387515738e-08
37250.04800076804 2.0209426904627286e-08
37300.04800076804 1.7820225195551346e-08
37350.04800076804 2.763642828670423e-08
37400.04800076804 4.091799514346783e-08
37450.04800076804 1.850236549199311e-08
37500.04800076804 2.3203050518138477e-08
37550.04800076804 4.582460782336502e-08
37600.04800076804 5.920535767345686e-08
37650.04800076804 2.5073195090856236e-08
37700.04800076804 4.002107850732673e-08
37750.04800076804 2.74323816632909e-08
37800.04800076804 3.1374610729351883e-08
37850.04800076804 1.8783090734298076e-08
37900.04800076804 2.4188435849155897e-08
37950.04800076804 3.642670195122418e-08
38000.04800076804 3.9581437663690633e-08
38050.04800076804 4.3581652921331145e-08
38100.04800076804 5.640415668697166e-08
38150.04800076804 5.5982931981187084e-08
38200.04800076804 4.9839399870721685e-08
38250.04800076804 5.4172098682314713e-08
38300.04800076804 8.61614687179839e-08
38350.04800076804 7.336812210055843e-08
38400.04800076804 3.894158402611933e-08
38450.04800076804 2.7377075741261543e-08
38500.04800076804 1.9198890159807648e-08
38550.04800076804 4.2576194634399334e-08
38600.04800076804 4.7491302883024974e-08
38650.04800076804 5.797876053327579e-08
38700.04800076804 5.849858945368762e-08
38750.04800076804 5.999374946701019e-08
38800.04800076804 4.7327166070686465e-08
38850.04800076804 6.513923737273858e-08
38900.04800076804 6.958793257077582e-08
38950.04800076804 4.665988874636972e-08
39000.04800076804 7.448548723840668e-08
39050.04800076804 5.0051679782495976e-08
39100.04800076804 6.437367388451095e-08
39150.04800076804 7.227757509203299e-08
39200.04800076804 5.999172182698355e-08
39250.04800076804 7.915126126944258e-08
39300.04800076804 6.726815633513317e-08
39350.04800076804 1.0405861698961186e-07
39400.04800076804 7.528749908862747e-08
39450.04800076804 8.645203252195562e-08
39500.04800076804 9.757162638223672e-08
39550.04800076804 6.864539885434287e-08
39600.04800076804 8.613300192313952e-08
39650.04800076804 1.2175636889688638e-07
39700.04800076804 9.843085394104626e-08
39750.04800076804 5.3232283784797854e-08
39800.04800076804 6.72338187475075e-08
39850.04800076804 1.2249443822830641e-07
39900.04800076804 1.2718519055457707e-07
39950.04800076804 8.572083630588067e-08
40000.04800076804 1.2768381487379668e-07
40050.04800076804 1.1779276789163028e-07
40100.04800076804 5.385215992145861e-08
40150.04800076804 1.1766940920488103e-07
40200.04800076804 1.2799306699942654e-07
40250.04800076804 1.3689024866333874e-07
40300.04800076804 1.32075331079869e-07
40350.04800076804 7.971856922745786e-08
40400.04800076804 1.2695963566463639e-07
40450.04800076804 8.508949278138322e-08
40500.04800076804 1.4015461272131398e-07
40550.04800076804 1.304307843712541e-07
40600.04800076804 1.304240685991734e-07
40650.04800076804 1.0742061597497183e-07
40700.04800076804 1.8602045891613828e-07
40750.04800076804 1.3472373588238522e-07
40800.04800076804 8.729765143883304e-08
40850.04800076804 1.8097489776363224e-07
40900.04800076804 1.724854392306541e-07
40950.04800076804 1.1620987129401412e-07
41000.04800076804 1.4228052792121168e-07
41050.04800076804 1.8745079904305017e-07
41100.04800076804 1.4485324333622085e-07
41150.04800076804 7.681671900359641e-08
41200.04800076804 1.8077599623058928e-07
41250.04800076804 1.5413255993570727e-07
41300.04800076804 1.5257071536123647e-07
41350.04800076804 1.981387287436751e-07
41400.04800076804 1.6453704701689095e-07
41450.04800076804 1.822911244965457e-07
41500.04800076804 1.273980832532536e-07
41550.04800076804 1.1411404261804417e-07
41600.04800076804 1.4538752496381314e-07
41650.04800076804 1.8043268479192186e-07
41700.04800076804 1.7429116012393927e-07
41750.04800076804 1.5742601785991553e-07
41800.04800076804 2.0176172132098557e-07
41850.04800076804 1.2752953543518283e-07
41900.04800076804 1.229738975395944e-07
41950.04800076804 1.5750413524776033e-07
42000.04800076804 1.7104800343071956e-07
42050.04800076804 1.428339278272223e-07
42100.04800076804 1.8962403691632157e-07
42150.04800076804 1.3949192880553804e-07
42200.04800076804 1.456798759223616e-07
42250.04800076804 1.2556776530259264e-07
42300.04800076804 1.1596383824714524e-07
42350.04800076804 1.5698671221845945e-07
42400.04800076804 1.718502509184211e-07
42450.04800076804 1.515167190013997e-07
42500.04800076804 1.507673593270994e-07
42550.04800076804 1.3909185588849231e-07
42600.04800076804 1.4282248995210263e-07
42650.04800076804 2.0284447367687844e-07
42700.04800076804 1.1077891223334502e-07
42750.04800076804 1.2228210378761405e-07
42800.04800076804 1.4951571216322062e-07
42850.04800076804 1.7101577027518109e-07
42900.04800076804 1.8045980079345044e-07
42950.04800076804 1.3255541299203561e-07
43000.04800076804 1.671161209205986e-07
43050.04800076804 7.931334912741263e-08
43100.04800076804 1.3864024185453854e-07
43150.04800076804 1.2965026068157773e-07
43200.04800076804 1.5152331180813504e-07
43250.04800076804 2.203387743865249e-07
43300.04800076804 1.9745501362366063e-07
43350.04800076804 1.0523267177440625e-07
43400.04800076804 1.4980103078510786e-07
43450.04800076804 1.1236206942629909e-07
43500.04800076804 1.2822901088190613e-07
43550.04800076804 1.181763844753187e-07
