galfind/configs/Brown_Dwarf_templates/sonora_cholla/logkzz7/1000g/700K_1000g_logkzz7_resample.dat
# %ECSV 1.0
# ---
# datatype:
# - {name: wav, unit: Angstrom, datatype: float64}
# - {name: flux_nu, unit: erg / (cm2 Hz s), datatype: float64}
# schema: astropy-2.0
wav flux_nu
[from data line 814]
43700.04800076804 2.252846518969532e-07
43750.04800076804 2.174229680865953e-07
43800.04800076804 1.7469104250464162e-07
43850.04800076804 1.685427000193236e-07
43900.04800076804 1.5122239916046822e-07
43950.04800076804 1.1065217925881644e-07
44000.04800076804 8.607071431085703e-08
44050.04800076804 1.5577996947835792e-07
44100.04800076804 1.8358727500037802e-07
44150.04800076804 1.688978253166875e-07
44200.04800076804 1.5009734155880938e-07
44250.04800076804 1.0336531498120588e-07
44300.04800076804 8.68193279402525e-08
44350.04800076804 8.550286836052231e-08
44400.04800076804 8.445755743913823e-08
44450.04800076804 9.524753984634341e-08
44500.04800076804 7.824663686577071e-08
44550.04800076804 9.078328634839838e-08
44600.04800076804 6.552815691642406e-08
44650.04800076804 7.739799801639002e-08
44700.04800076804 6.2325004515255e-08
44750.04800076804 6.767835139934352e-08
44800.04800076804 5.582356106830984e-08
44850.04800076804 5.59911686132494e-08
44900.04800076804 4.427006792321777e-08
44950.04800076804 3.823396398070648e-08
45000.04800076804 4.11240741091214e-08
45050.04800076804 4.281886438871119e-08
45100.04800076804 4.274265801592495e-08
45150.04800076804 3.296501368718073e-08
45200.04800076804 2.190040859307796e-08
45250.04800076804 2.4445901646893935e-08
45300.04800076804 3.082713506307692e-08
45350.04800076804 2.7018747811858032e-08
45400.04800076804 2.2138475088199342e-08
45450.04800076804 1.9545770653065742e-08
45500.04800076804 2.4147008103143586e-08
45550.04800076804 2.6489446336254276e-08
45600.04800076804 1.744605502687475e-08
45650.04800076804 1.7579301254681782e-08
45700.04800076804 2.479270163715172e-08
45750.04800076804 1.8613031385557092e-08
45800.04800076804 1.4156214875091499e-08
45850.04800076804 2.4052679584018028e-08
45900.04800076804 2.416942861281114e-08
45950.04800076804 1.3711938170066179e-08
46000.04800076804 2.3057147940839434e-08
46050.04800076804 2.564920947752418e-08
46100.04800076804 1.4304218709762738e-08
46150.04800076804 2.622053165076918e-08
46200.04800076804 2.3554014409360202e-08
46250.04800076804 1.1965862829421806e-08
46300.04800076804 3.251324719021466e-08
46350.04800076804 2.132917444017714e-08
46400.04800076804 2.6371090172913293e-08
46450.04800076804 4.25111422539818e-08
46500.04800076804 2.6401099420372828e-08
46550.04800076804 4.438151595854922e-08
46600.04800076804 4.207131078842396e-08
46650.04800076804 9.270589488571722e-08
46700.04800076804 6.442924701473368e-08
46750.04800076804 3.411395632959569e-08
46800.04800076804 2.2126456982095235e-08
46850.04800076804 4.060124107909335e-08
46900.04800076804 3.256654226844183e-08
46950.04800076804 5.364018251851523e-08
47000.04800076804 2.0637430231824487e-08
47050.04800076804 4.837646960157118e-08
47100.04800076804 1.7278066684841155e-08
47150.04800076804 2.7613281700175434e-08
47200.04800076804 3.161650996059493e-08
47250.04800076804 1.9730900404942862e-08
47300.04800076804 2.554229038460649e-08
47350.04800076804 1.808726121085643e-08
47400.04800076804 4.170531936522902e-08
47450.04800076804 1.5740261510338867e-08
47500.04800076804 4.6909307449048034e-08
47550.04800076804 1.7793097273457388e-08
47600.04800076804 4.2725703138648364e-08
47650.04800076804 1.952971657037243e-08
47700.04800076804 4.221426922087556e-08
47750.04800076804 1.831854468382347e-08
47800.04800076804 3.642838544884811e-08
47850.04800076804 1.712937917908339e-08
47900.04800076804 2.788946902076431e-08
47950.04800076804 2.6613379233658694e-08
48000.04800076804 5.245092444462065e-08
48050.04800076804 3.1533753832524603e-08
48100.04800076804 4.147381611838505e-08
48150.04800076804 3.352450319148132e-08
48200.04800076804 5.0094894607218814e-08
48250.04800076804 3.447006501441549e-08
48300.04800076804 6.802115276839285e-08
48350.04800076804 3.203241777584048e-08
48400.04800076804 2.9749727621329683e-08
48450.04800076804 2.9330579110034786e-08
48500.04800076804 6.034793189493567e-08
48550.04800076804 3.025720225813812e-08
48600.04800076804 6.855739364852091e-08
48650.04800076804 3.6305754252807004e-08
48700.04800076804 7.507705297021107e-08
48750.04800076804 3.952973544339814e-08
48800.04800076804 7.740425294510255e-08
48850.04800076804 4.8408216365358624e-08
48900.04800076804 6.215742031343084e-08
48950.04800076804 5.7405113125732455e-08
49000.04800076804 4.117954230414008e-08
49050.04800076804 7.837752732777439e-08
49100.04800076804 5.6217246125872966e-08
49150.04800076804 8.725811995936644e-08
49200.04800076804 5.642213022869985e-08
49250.04800076804 1.0555676313314247e-07
49300.04800076804 6.306824119506017e-08
49350.04800076804 5.4195103405485326e-08
49400.04800076804 7.054339998004476e-08
49450.04800076804 6.732190746902118e-08
49500.04800076804 5.940180589230191e-08
49550.04800076804 1.813135121181781e-08
49600.04800076804 4.818478717821997e-08
49650.04800076804 6.299775165804084e-08
49700.04800076804 7.661581686150182e-08
49750.04800076804 1.0365275005168953e-07
49800.04800076804 5.177369290617201e-08
49850.04800076804 1.268763008471626e-07
49900.04800076804 9.351671206155357e-08
49950.04800076804 1.0355396227628037e-07
50000.04800076804 9.392707469022786e-08
50050.04800076804 9.897722240141174e-08
50100.04800076804 9.803468486587339e-08
50150.04800076804 4.3709436543826695e-08
50200.04800076804 1.4142621846628092e-08
50250.04800076804 5.6881410914312255e-08
50300.04800076804 4.147689434886379e-08
50350.04800076804 1.0357258994982242e-07
50400.04800076804 9.555902008379291e-08
50450.04800076804 8.073515201164404e-08
50500.04800076804 1.270772723605287e-07
50550.04800076804 1.1819354347420736e-07
50600.04800076804 9.114318255568831e-08
50650.04800076804 1.0952416187197952e-07
50700.04800076804 1.4466987534149823e-07
50750.04800076804 9.452155566915434e-08
50800.04800076804 3.80221944898123e-08
50850.04800076804 2.4535222653310747e-08
50900.04800076804 1.039202116357585e-07
50950.04800076804 1.0433901188511821e-07
51000.04800076804 8.188826871844747e-08
51050.04800076804 1.0261686276439992e-07
51100.04800076804 3.878828485624172e-08
51150.04800076804 5.1133333957726696e-08
51200.04800076804 1.36102144732935e-07
51250.04800076804 9.28320259705527e-08
51300.04800076804 6.662753785470363e-08
51350.04800076804 7.34836422001408e-08
51400.04800076804 3.0992364705542626e-08
51450.04800076804 2.549120230160573e-08
51500.04800076804 2.161045364062197e-08
51550.04800076804 6.374490019293644e-08
51600.04800076804 5.724255275947909e-08
51650.04800076804 7.725685246345029e-08
51700.04800076804 7.731463622447876e-08
51750.04800076804 4.808829715398319e-08
51800.04800076804 1.0559505312024934e-07
51850.04800076804 8.49172937229274e-08
51900.04800076804 1.0541012599031498e-07
51950.04800076804 6.402869277096377e-08
52000.04800076804 1.0651516837627832e-08
52050.04800076804 3.612114587957694e-08
52100.04800076804 2.5535087307393264e-08
52150.04800076804 1.6283527313580365e-08
52200.04800076804 3.364385195366862e-08
52250.04800076804 5.831879029899661e-08
52300.04800076804 8.62694416020366e-08
52350.04800076804 2.9239326127688122e-08
52400.04800076804 3.0526149116963394e-08
52450.04800076804 8.44208782028926e-08
52500.04800076804 7.46694006657743e-08
52550.04800076804 7.339303233078769e-08
52600.04800076804 6.102293077037112e-08
52650.04800076804 6.442078058881711e-08
52700.04800076804 4.6065177557586664e-08
52750.04800076804 2.4994124209413754e-08
52800.04800076804 3.556949455542399e-08
52850.04800076804 4.3952384878539495e-08
52900.04800076804 2.3222831616580086e-08
52950.04800076804 3.506999495655859e-08
53000.04800076804 6.966352790951648e-08
53050.04800076804 2.3469780823457026e-08
53100.04800076804 8.132020596302951e-08
53150.04800076804 9.203009064954702e-08
53200.04800076804 3.515950642267392e-08
53250.04800076804 7.966400971651692e-08
53300.04800076804 8.669487750817579e-08
53350.04800076804 8.56687140680272e-08
53400.04800076804 6.017824398517876e-08
53450.04800076804 1.8706846844622593e-08
53500.04800076804 6.741812462624453e-09
53550.04800076804 1.3162286368842834e-08
53600.04800076804 3.93313826647327e-08
53650.04800076804 3.8071583353027624e-08
53700.04800076804 3.2469561763466173e-08
53750.04800076804 2.9377182474366215e-08
53800.04800076804 3.004998049415779e-08
53850.04800076804 4.87708800325651e-08
53900.04800076804 6.804787676366768e-08
53950.04800076804 7.23469693153973e-08
54000.04800076804 4.530342373670909e-08
54050.04800076804 4.8289288247390056e-08
54100.04800076804 1.2855555564899114e-08
54150.04800076804 1.9854234068874005e-08
54200.04800076804 5.012966700028156e-09
54250.04800076804 1.1022729900864101e-08
54300.04800076804 2.614869113292933e-08
54350.04800076804 3.829490472175512e-08
54400.04800076804 3.239056857602079e-08
54450.04800076804 2.9431667992565494e-08
54500.04800076804 2.698857746453281e-08
54550.04800076804 2.41241411539604e-08
54600.04800076804 2.4843604752799784e-08
54650.04800076804 5.600900621130807e-09
54700.04800076804 2.8093815070402828e-08
54750.04800076804 2.6083380262727655e-08
54800.04800076804 1.49751040234225e-08
54850.04800076804 2.2191121506299348e-08
54900.04800076804 3.8056484876771767e-08
54950.04800076804 5.728940938572416e-08
55000.04800076804 1.9691280290144595e-08
55050.04800076804 2.9533770427794497e-08
55100.04800076804 3.741824157003673e-08
55150.04800076804 2.1177342728806165e-08
55200.04800076804 1.6401504330724042e-08
55250.04800076804 2.4106977242956023e-08
55300.04800076804 1.5401606218269122e-08
55350.04800076804 3.086174132250931e-08
55400.04800076804 3.5293047867371594e-08
55450.04800076804 2.1929283441823345e-08
55500.04800076804 9.306589269677e-09
55550.04800076804 1.0144692145308476e-08
55600.04800076804 1.632091056077109e-08
55650.04800076804 1.4410808515521412e-08
55700.04800076804 1.6119155556073547e-08
55750.04800076804 1.4444000063613008e-08
55800.04800076804 6.9633323854764796e-09
55850.04800076804 9.801209642586881e-09
55900.04800076804 2.401382217478605e-08
55950.04800076804 3.6027983602686065e-08
56000.04800076804 1.3698880370132707e-08
56050.04800076804 1.681107851906098e-08
56100.04800076804 2.4571857483743594e-08
56150.04800076804 1.2377682109822816e-08
56200.04800076804 1.6582251945510625e-08
56250.04800076804 3.005375995746963e-08
56300.04800076804 1.9617844516791044e-08
56350.04800076804 1.3756091324805663e-08
56400.04800076804 5.662405963008018e-09
56450.04800076804 5.393565113242748e-09
56500.04800076804 1.660342473674791e-08
56550.04800076804 7.072039067944454e-09
56600.04800076804 2.355918622173394e-08
56650.04800076804 2.681960466461784e-08
56700.04800076804 2.1185517781281184e-08
56750.04800076804 7.690854657214226e-09
56800.04800076804 1.4834997209259763e-08
56850.04800076804 1.782565580673212e-08
56900.04800076804 1.0896322200912768e-08
56950.04800076804 2.192080851317872e-08
57000.04800076804 2.8043226122100426e-08
57050.04800076804 1.3814189536322265e-08
57100.04800076804 4.597028173462616e-09
57150.04800076804 8.529919336278358e-09
57200.04800076804 6.714839366672082e-09
57250.04800076804 1.0131801345508075e-08
57300.04800076804 1.5143888461815357e-08
57350.04800076804 7.772293137828085e-09
57400.04800076804 2.143130610697341e-08
57450.04800076804 1.1418203839913277e-08
57500.04800076804 1.0069165891521338e-08
57550.04800076804 1.46791020510242e-08
57600.04800076804 1.307677347176273e-08
57650.04800076804 3.436238667497214e-09
57700.04800076804 6.291177491884742e-09
57750.04800076804 1.1397260792211275e-08
57800.04800076804 4.302063637733377e-09
57850.04800076804 3.005597068732262e-08
57900.04800076804 3.648899467818643e-08
57950.04800076804 3.976788342763341e-08
58000.04800076804 1.2292058294563442e-08
58050.04800076804 2.146865670233491e-08
58100.04800076804 2.000008306241571e-08
58150.04800076804 1.2969115665944436e-08
58200.04800076804 3.5609551142240954e-09
58250.04800076804 5.87972514260552e-09
58300.04800076804 6.579136093830251e-09
58350.04800076804 7.935294749084798e-09
58400.04800076804 1.825705304089507e-08
58450.04800076804 2.196288080878135e-08
58500.04800076804 2.262381422657138e-08
58550.04800076804 1.799320043622878e-08
58600.04800076804 7.528949717019846e-09
58650.04800076804 9.947750557869848e-09
58700.04800076804 1.355786721898944e-08
58750.04800076804 1.2088789397690607e-08
58800.04800076804 2.1370899390973564e-09
58850.04800076804 8.119911367359538e-09
58900.04800076804 1.0675693484315801e-08
58950.04800076804 4.813794605881222e-09
59000.04800076804 1.1884625613606208e-08
59050.04800076804 1.8329420834669145e-08
59100.04800076804 1.7907373162553225e-08
59150.04800076804 1.3726392556608546e-08
59200.04800076804 1.627682038368713e-08
59250.04800076804 1.6898485343440873e-08
59300.04800076804 1.3880200969164611e-08
59350.04800076804 2.929707378763291e-09
59400.04800076804 3.4120006330850445e-09
59450.04800076804 1.4471918452361404e-08
59500.04800076804 7.918815541119446e-09
59550.04800076804 1.7464050506482857e-08
59600.04800076804 2.2188620321627134e-08
59650.04800076804 1.0475489454618228e-08
59700.04800076804 7.278148327917254e-09
59750.04800076804 2.569094982765646e-08
59800.04800076804 1.0976779432430076e-08
59850.04800076804 1.4942123820911313e-08
59900.04800076804 5.1658393647279796e-09
59950.04800076804 1.3282127054822836e-08
60000.04800076804 2.963184106103448e-08
60050.04800076804 3.059751849065986e-08
60100.04800076804 2.1809984831935865e-08
60150.04800076804 9.070658710750207e-09
60200.04800076804 1.7913179917976513e-08
60250.04800076804 3.302868949306874e-08
60300.04800076804 2.9125476331867284e-08
60350.04800076804 1.63027790904752e-08
60400.04800076804 1.580306170688787e-08
60450.04800076804 4.328824410711185e-09
60500.04800076804 1.6786071147468932e-09
60550.04800076804 1.333248242368416e-08
60600.04800076804 1.8735333082998246e-08
60650.04800076804 1.1377550103601839e-08
60700.04800076804 8.184390479653734e-09
60750.04800076804 3.951199662088277e-09
60800.04800076804 1.7336062058561536e-08
60850.04800076804 3.340536487230988e-08
60900.04800076804 2.9387558162871204e-08
60950.04800076804 2.079404180485823e-08
61000.04800076804 2.2667915476437773e-08
61050.04800076804 8.49353959798374e-09
61100.04800076804 9.877936587177384e-09
61150.04800076804 3.5316593543841255e-09
61200.04800076804 1.845854880995392e-08
61250.04800076804 2.1995290049501614e-08
61300.04800076804 1.759295732513188e-08
61350.04800076804 3.258253941866433e-08
61400.04800076804 1.1391214121132142e-08
61450.04800076804 4.928031501058737e-09
61500.04800076804 5.2409785505521995e-09
61550.04800076804 1.2990870609772885e-08
61600.04800076804 5.6189829397528296e-09
61650.04800076804 1.107115624838755e-08
61700.04800076804 1.3575777971178973e-08
61750.04800076804 1.564587217637131e-08
61800.04800076804 1.2471092157667365e-08
61850.04800076804 4.869713699230452e-09
61900.04800076804 2.3170350550506986e-08
61950.04800076804 2.8999716989027056e-08
62000.04800076804 2.5899181770604212e-08
62050.04800076804 3.529651530292655e-08
62100.04800076804 1.850223813281589e-08
62150.04800076804 2.9386725305567144e-08
62200.04800076804 2.5737423131504462e-08
62250.04800076804 1.798772601985357e-08
62300.04800076804 4.4101490615929566e-08
62350.04800076804 3.753602505443001e-08
62400.04800076804 1.9798914530071623e-08
62450.04800076804 2.39493771247933e-08
62500.04800076804 4.3472196359246674e-08
62550.04800076804 5.5753270104639224e-08
62600.04800076804 3.918888397943643e-08
62650.04800076804 2.944698712123466e-08
62700.04800076804 2.281466471273475e-08
62750.04800076804 3.81927842652436e-08
62800.04800076804 2.243311037199915e-08
62850.04800076804 3.307779986160452e-08
62900.04800076804 3.007818911280902e-08
62950.04800076804 5.701809091227761e-08
63000.04800076804 3.2154672625199684e-08
63050.04800076804 7.350214873532439e-08
63100.04800076804 6.529096369227816e-08
63150.04800076804 4.288263878197926e-08
63200.04800076804 3.9598453364060297e-08
63250.04800076804 4.741178275957022e-08
63300.04800076804 2.8403641585650913e-08
63350.04800076804 2.7745366916385023e-08
63400.04800076804 1.1203443207134825e-08
