galfind/configs/Brown_Dwarf_templates/sonora_cholla/logkzz7/1000g/750K_1000g_logkzz7_resample.dat
# %ECSV 1.0
# ---
# datatype:
# - {name: wav, unit: Angstrom, datatype: float64}
# - {name: flux_nu, unit: erg / (cm2 Hz s), datatype: float64}
# schema: astropy-2.0
wav flux_nu
[from data line 813]
43650.04800076804 1.3998850987541346e-07
43700.04800076804 2.635088892054641e-07
43750.04800076804 2.5463690362326923e-07
43800.04800076804 2.0422598384150506e-07
43850.04800076804 1.9512439173459569e-07
43900.04800076804 1.7884508788209623e-07
43950.04800076804 1.328880694971867e-07
44000.04800076804 1.0067257276029815e-07
44050.04800076804 1.7168226067295725e-07
44100.04800076804 1.9785055886057936e-07
44150.04800076804 1.8328736627987877e-07
44200.04800076804 1.6287664273654463e-07
44250.04800076804 1.1789680975272534e-07
44300.04800076804 1.0213765380284421e-07
44350.04800076804 9.733048075791531e-08
44400.04800076804 9.544128874744045e-08
44450.04800076804 1.0446340051421603e-07
44500.04800076804 8.541824805803481e-08
44550.04800076804 9.681566069806425e-08
44600.04800076804 7.192573055847129e-08
44650.04800076804 8.341561169770432e-08
44700.04800076804 6.973752390601769e-08
44750.04800076804 7.41708297032366e-08
44800.04800076804 6.286926437550944e-08
44850.04800076804 6.123641372292745e-08
44900.04800076804 4.8856843983672105e-08
44950.04800076804 4.299552089231565e-08
45000.04800076804 4.530984252621249e-08
45050.04800076804 4.7375479643859e-08
45100.04800076804 4.724553492804746e-08
45150.04800076804 3.75173027646469e-08
45200.04800076804 2.588433109191655e-08
45250.04800076804 2.8534514927514852e-08
45300.04800076804 3.537427704688496e-08
45350.04800076804 3.170483884047974e-08
45400.04800076804 2.5624697213758388e-08
45450.04800076804 2.3008661745562568e-08
45500.04800076804 2.7907315822771046e-08
45550.04800076804 3.102113006003126e-08
45600.04800076804 2.086834205573353e-08
45650.04800076804 2.0925471609257784e-08
45700.04800076804 2.940208821976152e-08
45750.04800076804 2.255814648323505e-08
45800.04800076804 1.7298131142576218e-08
45850.04800076804 2.896425424980992e-08
45900.04800076804 2.8651144132557826e-08
45950.04800076804 1.70244355113531e-08
46000.04800076804 2.728411098223997e-08
46050.04800076804 3.0438173899628495e-08
46100.04800076804 1.762460060069902e-08
46150.04800076804 3.1146885338285677e-08
46200.04800076804 2.8928583762191202e-08
46250.04800076804 1.4638003452519505e-08
46300.04800076804 3.803103956668744e-08
46350.04800076804 2.5297313257654616e-08
46400.04800076804 3.075406433408193e-08
46450.04800076804 4.841356060558201e-08
46500.04800076804 3.0552020543279184e-08
46550.04800076804 5.2297135529174856e-08
46600.04800076804 4.964910570772529e-08
46650.04800076804 1.021000740639207e-07
46700.04800076804 7.270143322129353e-08
46750.04800076804 4.129149432422072e-08
46800.04800076804 2.836562052294598e-08
46850.04800076804 4.628272532251355e-08
46900.04800076804 3.770794644755636e-08
46950.04800076804 6.145813679240835e-08
47000.04800076804 2.4906826651927044e-08
47050.04800076804 5.666637078673058e-08
47100.04800076804 2.1406505898403747e-08
47150.04800076804 3.341274558961603e-08
47200.04800076804 3.7043062080251014e-08
47250.04800076804 2.3801924882084738e-08
47300.04800076804 3.120939179037866e-08
47350.04800076804 2.1550142746388373e-08
47400.04800076804 4.757653920221509e-08
47450.04800076804 1.934955166550975e-08
47500.04800076804 5.3127142245340104e-08
47550.04800076804 2.153003808992891e-08
47600.04800076804 4.923976305910577e-08
47650.04800076804 2.355641030846562e-08
47700.04800076804 4.7943402755355015e-08
47750.04800076804 2.200482775662435e-08
47800.04800076804 4.34473514390826e-08
47850.04800076804 2.0840392331993848e-08
47900.04800076804 3.452954222632967e-08
47950.04800076804 3.040600528783315e-08
48000.04800076804 5.9127461782320486e-08
48050.04800076804 3.608617815291287e-08
48100.04800076804 4.967673299728673e-08
48150.04800076804 3.839163538763946e-08
48200.04800076804 5.8496767974065165e-08
48250.04800076804 3.976181904048772e-08
48300.04800076804 7.58444990321887e-08
48350.04800076804 3.792414470493854e-08
48400.04800076804 3.926215017707468e-08
48450.04800076804 3.471216280105683e-08
48500.04800076804 7.026868759615498e-08
48550.04800076804 3.509909122594457e-08
48600.04800076804 7.563205611740942e-08
48650.04800076804 4.009559153529799e-08
48700.04800076804 8.4226519470343e-08
48750.04800076804 4.446222640284826e-08
48800.04800076804 8.571108971769836e-08
48850.04800076804 5.4910038167938376e-08
48900.04800076804 7.384716114936093e-08
48950.04800076804 6.961113219481941e-08
49000.04800076804 5.2638604568322446e-08
49050.04800076804 8.866897169370458e-08
49100.04800076804 6.241042469931843e-08
49150.04800076804 1.0109882537060149e-07
49200.04800076804 6.145078973676383e-08
49250.04800076804 1.1478269754819581e-07
49300.04800076804 6.971764990169736e-08
49350.04800076804 6.704106607381593e-08
49400.04800076804 8.43525640685911e-08
49450.04800076804 7.985348028392416e-08
49500.04800076804 7.151393282724199e-08
49550.04800076804 2.5721622068267592e-08
49600.04800076804 6.422137384132251e-08
49650.04800076804 7.509736691017808e-08
49700.04800076804 8.532421810125286e-08
49750.04800076804 1.2432768434024969e-07
49800.04800076804 6.31813947126098e-08
49850.04800076804 1.4767045445346883e-07
49900.04800076804 1.0524530007513188e-07
49950.04800076804 1.1984130041798736e-07
50000.04800076804 1.1395493836049136e-07
50050.04800076804 1.1582324546110686e-07
50100.04800076804 1.2247128632378413e-07
50150.04800076804 5.607155148004365e-08
50200.04800076804 2.1751278537563554e-08
50250.04800076804 7.775996341393664e-08
50300.04800076804 5.753667950544738e-08
50350.04800076804 1.2460859235081874e-07
50400.04800076804 1.0918727775135725e-07
50450.04800076804 9.747482208612368e-08
50500.04800076804 1.5102558973810674e-07
50550.04800076804 1.3442951748055955e-07
50600.04800076804 1.1094435417022487e-07
50650.04800076804 1.2404319843132559e-07
50700.04800076804 1.7388247832875629e-07
50750.04800076804 1.205083111684784e-07
50800.04800076804 5.142180688831029e-08
50850.04800076804 3.665583156626828e-08
50900.04800076804 1.3125529812614802e-07
50950.04800076804 1.3049916008944163e-07
51000.04800076804 1.0649000638234378e-07
51050.04800076804 1.2493412398417438e-07
51100.04800076804 5.15368253794527e-08
51150.04800076804 6.931481361940334e-08
51200.04800076804 1.6418969723560163e-07
51250.04800076804 1.1589135065972125e-07
51300.04800076804 8.346026656546973e-08
51350.04800076804 9.502875522555928e-08
51400.04800076804 4.474369288506189e-08
51450.04800076804 3.7150472822294745e-08
51500.04800076804 3.159845689154713e-08
51550.04800076804 8.567464884133228e-08
51600.04800076804 7.32650410592717e-08
51650.04800076804 9.666379233225244e-08
51700.04800076804 9.930895282849264e-08
51750.04800076804 6.213945992451535e-08
51800.04800076804 1.326941128116615e-07
51850.04800076804 1.078701644179678e-07
51900.04800076804 1.3730477354540612e-07
51950.04800076804 8.779880663304192e-08
52000.04800076804 1.6919669352006947e-08
52050.04800076804 5.149136234765591e-08
52100.04800076804 3.808410094428905e-08
52150.04800076804 2.541804363598951e-08
52200.04800076804 4.594154500360362e-08
52250.04800076804 7.569347625695363e-08
52300.04800076804 1.1693391298430205e-07
52350.04800076804 4.408625626463993e-08
52400.04800076804 4.439749901630644e-08
52450.04800076804 1.0920252486592442e-07
52500.04800076804 9.865503275062473e-08
52550.04800076804 9.479034779069925e-08
52600.04800076804 7.896652539194867e-08
52650.04800076804 8.29540998683088e-08
52700.04800076804 6.133982024804322e-08
52750.04800076804 3.6116623239723646e-08
52800.04800076804 4.8683376258240785e-08
52850.04800076804 5.960545723461035e-08
52900.04800076804 3.488924202652432e-08
52950.04800076804 4.92565951392356e-08
53000.04800076804 9.374448689354483e-08
53050.04800076804 3.3104560517091105e-08
53100.04800076804 1.0462384660784496e-07
53150.04800076804 1.190793902111471e-07
53200.04800076804 4.6827271959024504e-08
53250.04800076804 1.0348836430457545e-07
53300.04800076804 1.1346029873687965e-07
53350.04800076804 1.1183210245386351e-07
53400.04800076804 8.407210995177726e-08
53450.04800076804 2.814366925159284e-08
53500.04800076804 1.1432458529347786e-08
53550.04800076804 2.1401441264968684e-08
53600.04800076804 5.630198451304519e-08
53650.04800076804 5.122056414350515e-08
53700.04800076804 4.4359806363215814e-08
53750.04800076804 4.0893119753324093e-08
53800.04800076804 4.222115526774414e-08
53850.04800076804 6.522216048329327e-08
53900.04800076804 8.593707567212977e-08
53950.04800076804 9.591137863040757e-08
54000.04800076804 6.066765503985116e-08
54050.04800076804 6.438384156495502e-08
54100.04800076804 1.9193162108773447e-08
54150.04800076804 2.9751264588296458e-08
54200.04800076804 8.592391669019106e-09
54250.04800076804 1.7154069392076167e-08
54300.04800076804 3.7609484422287804e-08
54350.04800076804 5.373750628738795e-08
54400.04800076804 4.71053253044182e-08
54450.04800076804 4.295442212916554e-08
54500.04800076804 3.8174500624140326e-08
54550.04800076804 3.3966031395615785e-08
54600.04800076804 3.6809202711396894e-08
54650.04800076804 1.0075694061298511e-08
54700.04800076804 4.2584640940651805e-08
54750.04800076804 3.9123676016569264e-08
54800.04800076804 2.3265467720175417e-08
54850.04800076804 3.295194270766442e-08
54900.04800076804 5.399976696987445e-08
54950.04800076804 7.913220276039008e-08
55000.04800076804 2.791815266025673e-08
55050.04800076804 4.2598055037529035e-08
55100.04800076804 5.0834533180372104e-08
55150.04800076804 3.0881883821096213e-08
55200.04800076804 2.540462580175649e-08
55250.04800076804 3.5422722222464094e-08
55300.04800076804 2.2736648348612874e-08
55350.04800076804 4.498927767918418e-08
55400.04800076804 5.223570476100924e-08
55450.04800076804 3.2365946931352803e-08
55500.04800076804 1.4377387289218756e-08
55550.04800076804 1.684822560276699e-08
55600.04800076804 2.437703150404515e-08
55650.04800076804 2.157796949327149e-08
55700.04800076804 2.472663983079343e-08
55750.04800076804 2.3431013295258967e-08
55800.04800076804 1.216169221670922e-08
55850.04800076804 1.547757821322715e-08
55900.04800076804 3.62679039652113e-08
55950.04800076804 5.2802730999151005e-08
56000.04800076804 2.062405799513362e-08
56050.04800076804 2.5981100284460952e-08
56100.04800076804 3.674922406233252e-08
56150.04800076804 1.9986083039194376e-08
56200.04800076804 2.5754693280666448e-08
56250.04800076804 4.2983011699753375e-08
56300.04800076804 3.0258554643661035e-08
56350.04800076804 2.2951362191440674e-08
56400.04800076804 1.0385831713431476e-08
56450.04800076804 9.746917955209402e-09
56500.04800076804 2.550662435109114e-08
56550.04800076804 1.1473101650036993e-08
56600.04800076804 3.5492487657236783e-08
56650.04800076804 3.937721625345615e-08
56700.04800076804 3.3550199795937174e-08
56750.04800076804 1.2724859712889024e-08
56800.04800076804 2.466268954223095e-08
56850.04800076804 2.728163056589734e-08
56900.04800076804 1.7466610413096832e-08
56950.04800076804 3.33516917070161e-08
57000.04800076804 4.188040798085786e-08
57050.04800076804 2.1308716005193342e-08
57100.04800076804 7.803690258265584e-09
57150.04800076804 1.3951884873272707e-08
57200.04800076804 1.1214529839551225e-08
57250.04800076804 1.6559235851549355e-08
57300.04800076804 2.4193426430531803e-08
57350.04800076804 1.2837824745888965e-08
57400.04800076804 3.262079182616524e-08
57450.04800076804 1.9176469512416257e-08
57500.04800076804 1.704786894917757e-08
57550.04800076804 2.4331194993216382e-08
57600.04800076804 2.231095642892675e-08
57650.04800076804 6.326321460386119e-09
57700.04800076804 1.0754087624990924e-08
57750.04800076804 1.762791849637114e-08
57800.04800076804 6.945704501670122e-09
57850.04800076804 4.545252664664658e-08
57900.04800076804 5.404664651026955e-08
57950.04800076804 5.718422640466212e-08
58000.04800076804 1.9419093893484618e-08
58050.04800076804 3.1987379499652764e-08
58100.04800076804 3.190829902440762e-08
58150.04800076804 2.0983384401766884e-08
58200.04800076804 6.704778217565154e-09
58250.04800076804 1.0184464635563393e-08
58300.04800076804 1.1086268113093899e-08
58350.04800076804 1.3145943357052529e-08
58400.04800076804 2.7766420409878347e-08
58450.04800076804 3.297318665011309e-08
58500.04800076804 3.3072027860886104e-08
58550.04800076804 2.8688303789110637e-08
58600.04800076804 1.2842184287865005e-08
58650.04800076804 1.6399002416409196e-08
58700.04800076804 2.133799644597079e-08
58750.04800076804 1.9898385760126435e-08
58800.04800076804 4.4127023988671015e-09
58850.04800076804 1.4047631535632756e-08
58900.04800076804 1.8560722856371056e-08
58950.04800076804 8.750283137839005e-09
59000.04800076804 2.017280865421094e-08
59050.04800076804 2.929705890453968e-08
59100.04800076804 2.99023453910436e-08
59150.04800076804 2.273660894242742e-08
59200.04800076804 2.537045730996383e-08
59250.04800076804 2.646136048646809e-08
59300.04800076804 2.2412392771560444e-08
59350.04800076804 5.7380548909306776e-09
59400.04800076804 6.04274345397883e-09
59450.04800076804 2.290608388752063e-08
59500.04800076804 1.2281366944341353e-08
59550.04800076804 2.7628833432524366e-08
59600.04800076804 3.479922029755094e-08
59650.04800076804 1.724962931395677e-08
59700.04800076804 1.2314758467045623e-08
59750.04800076804 4.005784530137842e-08
59800.04800076804 1.7887762132696557e-08
59850.04800076804 2.484027041302606e-08
59900.04800076804 9.190695972040849e-09
59950.04800076804 2.1593439289042533e-08
60000.04800076804 4.629626105082848e-08
60050.04800076804 4.499639154145032e-08
60100.04800076804 3.464857374059109e-08
60150.04800076804 1.587099553092786e-08
60200.04800076804 2.8467071268427225e-08
60250.04800076804 4.873936941336636e-08
60300.04800076804 4.300791368051469e-08
60350.04800076804 2.4821998351193487e-08
60400.04800076804 2.5866512351121857e-08
60450.04800076804 8.023013920051713e-09
60500.04800076804 3.46960059585128e-09
60550.04800076804 2.2781429009891457e-08
60600.04800076804 2.948892093213645e-08
60650.04800076804 1.9004186978604754e-08
60700.04800076804 1.4174061630193126e-08
60750.04800076804 7.4177476489004375e-09
60800.04800076804 2.803239300178211e-08
60850.04800076804 5.188842229447994e-08
60900.04800076804 4.5749988640766646e-08
60950.04800076804 3.383842525875262e-08
61000.04800076804 3.40454744696128e-08
61050.04800076804 1.4267588599652674e-08
61100.04800076804 1.744102059065766e-08
61150.04800076804 6.66920227559935e-09
61200.04800076804 3.0377805300550216e-08
61250.04800076804 3.5172786344962464e-08
61300.04800076804 2.901450815883585e-08
61350.04800076804 5.034873111664674e-08
61400.04800076804 1.9447014378332563e-08
61450.04800076804 9.23194160735764e-09
61500.04800076804 1.0283879611555155e-08
61550.04800076804 2.0875337353105968e-08
61600.04800076804 9.994311925417257e-09
61650.04800076804 1.897074220519662e-08
61700.04800076804 2.1417790962897958e-08
61750.04800076804 2.4813778369996844e-08
61800.04800076804 2.1104307804267336e-08
61850.04800076804 9.253565858301491e-09
61900.04800076804 3.743941355410907e-08
61950.04800076804 4.542274088736673e-08
62000.04800076804 4.0967981964765435e-08
62050.04800076804 5.032236786338056e-08
62100.04800076804 3.073842201785744e-08
62150.04800076804 4.43696258669275e-08
62200.04800076804 3.853184829792195e-08
62250.04800076804 2.857263386865278e-08
62300.04800076804 6.357637837538806e-08
62350.04800076804 5.4056679205555685e-08
62400.04800076804 2.8371053418511842e-08
62450.04800076804 3.558315995610986e-08
62500.04800076804 6.15053092348025e-08
62550.04800076804 7.43864137345812e-08
62600.04800076804 5.784601462101403e-08
62650.04800076804 4.3750610227570423e-08
62700.04800076804 3.647900206067212e-08
62750.04800076804 5.629764321840519e-08
62800.04800076804 3.303090092948952e-08
62850.04800076804 4.951056618296027e-08
62900.04800076804 4.250601208716213e-08
62950.04800076804 7.72851255443889e-08
63000.04800076804 4.764208433978729e-08
63050.04800076804 9.621878925571231e-08
63100.04800076804 8.682797527577944e-08
63150.04800076804 5.670120783084675e-08
63200.04800076804 5.6524197316823314e-08
63250.04800076804 6.52484255853042e-08
63300.04800076804 4.465258694132849e-08
63350.04800076804 4.357371995662471e-08
63400.04800076804 1.8684977833480146e-08
