galfind/configs/Brown_Dwarf_templates/sonora_cholla/logkzz7/1000g/800K_1000g_logkzz7_resample.dat
# %ECSV 1.0
# ---
# datatype:
# - {name: wav, unit: Angstrom, datatype: float64}
# - {name: flux_nu, unit: erg / (cm2 Hz s), datatype: float64}
# schema: astropy-2.0
wav flux_nu
[from data line 813]
43650.04800076804 1.7284166973310114e-07
43700.04800076804 3.09282042825588e-07
43750.04800076804 2.9481378823668817e-07
43800.04800076804 2.3991357521197935e-07
43850.04800076804 2.2845739548911112e-07
43900.04800076804 2.0986718325074582e-07
43950.04800076804 1.6150851969154665e-07
44000.04800076804 1.1862210069819353e-07
44050.04800076804 1.970954182595832e-07
44100.04800076804 2.2287456493778344e-07
44150.04800076804 2.0808685081497012e-07
44200.04800076804 1.852586148773574e-07
44250.04800076804 1.4175481412835805e-07
44300.04800076804 1.2290434400026608e-07
44350.04800076804 1.1474933193432869e-07
44400.04800076804 1.132503137705345e-07
44450.04800076804 1.2204203939860578e-07
44500.04800076804 9.94923787339028e-08
44550.04800076804 1.1209308585583602e-07
44600.04800076804 8.526025125714976e-08
44650.04800076804 9.844967117777081e-08
44700.04800076804 8.431144375269754e-08
44750.04800076804 8.879162971766387e-08
44800.04800076804 7.69904411377553e-08
44850.04800076804 7.424398583974522e-08
44900.04800076804 5.97164796852925e-08
44950.04800076804 5.365405501305579e-08
45000.04800076804 5.625650514645059e-08
45050.04800076804 5.891632429731581e-08
45100.04800076804 5.86011026838975e-08
45150.04800076804 4.773017859167544e-08
45200.04800076804 3.379188531854329e-08
45250.04800076804 3.720484443945542e-08
45300.04800076804 4.5619682782856145e-08
45350.04800076804 4.168465703523309e-08
45400.04800076804 3.376561844371307e-08
45450.04800076804 3.083402010032036e-08
45500.04800076804 3.648097411520347e-08
45550.04800076804 4.1219290881337795e-08
45600.04800076804 2.860397677325372e-08
45650.04800076804 2.843063796192806e-08
45700.04800076804 3.931305397742552e-08
45750.04800076804 3.076912947220004e-08
45800.04800076804 2.412934843644261e-08
45850.04800076804 3.963800543088974e-08
45900.04800076804 3.9036180152705407e-08
45950.04800076804 2.4103112195174708e-08
46000.04800076804 3.7138014547433545e-08
46050.04800076804 4.1340791632228604e-08
46100.04800076804 2.4876176967584718e-08
46150.04800076804 4.175607279358351e-08
46200.04800076804 3.951939779599102e-08
46250.04800076804 2.0116768530225234e-08
46300.04800076804 5.0379318264028514e-08
46350.04800076804 3.4233139710521724e-08
46400.04800076804 4.118236875360875e-08
46450.04800076804 6.214230098162364e-08
46500.04800076804 4.036288096040634e-08
46550.04800076804 6.683323548877245e-08
46600.04800076804 6.337554991930773e-08
46650.04800076804 1.2350922898388505e-07
46700.04800076804 8.90590749351543e-08
46750.04800076804 5.4162912734468785e-08
46800.04800076804 3.8671055553352374e-08
46850.04800076804 6.032957453156072e-08
46900.04800076804 4.987920570047567e-08
46950.04800076804 7.92278268025636e-08
47000.04800076804 3.4234259845248e-08
47050.04800076804 7.429157141395087e-08
47100.04800076804 2.9405370161146205e-08
47150.04800076804 4.496831263147577e-08
47200.04800076804 4.964976389678628e-08
47250.04800076804 3.264003702592292e-08
47300.04800076804 4.2027764038944644e-08
47350.04800076804 2.9336245805533843e-08
47400.04800076804 6.195533167517001e-08
47450.04800076804 2.712846255265518e-08
47500.04800076804 6.855132117713532e-08
47550.04800076804 2.9729149507499564e-08
47600.04800076804 6.380590821903964e-08
47650.04800076804 3.19675643317882e-08
47700.04800076804 6.134175929105383e-08
47750.04800076804 2.9333174780155767e-08
47800.04800076804 5.6670905763772445e-08
47850.04800076804 2.7584087041940646e-08
47900.04800076804 4.620819827384519e-08
47950.04800076804 3.9444509622102765e-08
48000.04800076804 7.50242227675971e-08
48050.04800076804 4.644579728646883e-08
48100.04800076804 6.399557343310493e-08
48150.04800076804 4.848258480552643e-08
48200.04800076804 7.3880916071066e-08
48250.04800076804 5.043334131611015e-08
48300.04800076804 9.392361010301059e-08
48350.04800076804 4.86063558287937e-08
48400.04800076804 5.2911920700530716e-08
48450.04800076804 4.447723383523894e-08
48500.04800076804 8.843813597158398e-08
48550.04800076804 4.4505943975416824e-08
48600.04800076804 9.133322532763816e-08
48650.04800076804 4.939216224423102e-08
48700.04800076804 1.0210593577235878e-07
48750.04800076804 5.4458913079376285e-08
48800.04800076804 1.0275054699092829e-07
48850.04800076804 6.648165942402275e-08
48900.04800076804 9.275056489610623e-08
48950.04800076804 8.669068328316987e-08
49000.04800076804 6.780251856031068e-08
49050.04800076804 1.0543604129607933e-07
49100.04800076804 7.460151424174972e-08
49150.04800076804 1.2145994962063656e-07
49200.04800076804 7.37110700253816e-08
49250.04800076804 1.3199757362753042e-07
49300.04800076804 8.306507462865124e-08
49350.04800076804 8.390736092912612e-08
49400.04800076804 1.0318122477581957e-07
49450.04800076804 9.749239753476967e-08
49500.04800076804 8.79755912995173e-08
49550.04800076804 3.6041369423055125e-08
49600.04800076804 8.379272432083212e-08
49650.04800076804 9.143279201804855e-08
49700.04800076804 9.858710746607522e-08
49750.04800076804 1.490229647603902e-07
49800.04800076804 7.864358825520671e-08
49850.04800076804 1.7264187048123893e-07
49900.04800076804 1.2303914075927025e-07
49950.04800076804 1.3960804237824646e-07
50000.04800076804 1.3826584414708078e-07
50050.04800076804 1.368880694702753e-07
50100.04800076804 1.5099273274089727e-07
50150.04800076804 7.177471047781164e-08
50200.04800076804 3.221148063588179e-08
50250.04800076804 1.036694516759887e-07
50300.04800076804 7.722035762759496e-08
50350.04800076804 1.4914674025617997e-07
50400.04800076804 1.2713981918069674e-07
50450.04800076804 1.173095762064804e-07
50500.04800076804 1.7821200940856712e-07
50550.04800076804 1.5397052123513294e-07
50600.04800076804 1.338468475899921e-07
50650.04800076804 1.428492083989054e-07
50700.04800076804 2.0667872425471236e-07
50750.04800076804 1.5072488254440935e-07
50800.04800076804 6.778397771660964e-08
50850.04800076804 5.2789254038479633e-08
50900.04800076804 1.6244277719285067e-07
50950.04800076804 1.601014949532043e-07
51000.04800076804 1.351931667476158e-07
51050.04800076804 1.4973963952374602e-07
51100.04800076804 6.719540970885305e-08
51150.04800076804 9.13431614725581e-08
51200.04800076804 1.9506318131273772e-07
51250.04800076804 1.42112852208502e-07
51300.04800076804 1.0268959270309434e-07
51350.04800076804 1.1975487329414354e-07
51400.04800076804 6.201443652086121e-08
51450.04800076804 5.2160323058284985e-08
51500.04800076804 4.4761804781260076e-08
51550.04800076804 1.1234137286732039e-07
51600.04800076804 9.205160590153457e-08
51650.04800076804 1.1943789249825556e-07
51700.04800076804 1.2483006135815205e-07
51750.04800076804 7.875047208833843e-08
51800.04800076804 1.6367553827260417e-07
51850.04800076804 1.3426258468146857e-07
51900.04800076804 1.737037621065027e-07
51950.04800076804 1.1636517882821612e-07
52000.04800076804 2.5794946757926808e-08
52050.04800076804 7.08792563177638e-08
52100.04800076804 5.454319221190244e-08
52150.04800076804 3.799786089922117e-08
52200.04800076804 6.07486030912726e-08
52250.04800076804 9.578748067874556e-08
52300.04800076804 1.5316055843045456e-07
52350.04800076804 6.3839033042709e-08
52400.04800076804 6.18865823772389e-08
52450.04800076804 1.3725824525815752e-07
52500.04800076804 1.2566186417944982e-07
52550.04800076804 1.2001936291587796e-07
52600.04800076804 1.0010457552943656e-07
52650.04800076804 1.0469346417161594e-07
52700.04800076804 7.996049089906134e-08
52750.04800076804 5.0537767645793266e-08
52800.04800076804 6.498690066635658e-08
52850.04800076804 7.864971755312575e-08
52900.04800076804 5.0204537941539556e-08
52950.04800076804 6.668518966283907e-08
53000.04800076804 1.2279757803013864e-07
53050.04800076804 4.5258126068921815e-08
53100.04800076804 1.310472061201956e-07
53150.04800076804 1.5102016366974585e-07
53200.04800076804 6.123511371620612e-08
53250.04800076804 1.3160464720087768e-07
53300.04800076804 1.444187476852288e-07
53350.04800076804 1.41830063706603e-07
53400.04800076804 1.1377579862251143e-07
53450.04800076804 4.077672984367505e-08
53500.04800076804 1.8384677863516773e-08
53550.04800076804 3.3133349127637726e-08
53600.04800076804 7.743114453950441e-08
53650.04800076804 6.741198536105365e-08
53700.04800076804 5.9271018074841496e-08
53750.04800076804 5.5590949975489826e-08
53800.04800076804 5.759419005832902e-08
53850.04800076804 8.56340099662659e-08
53900.04800076804 1.0599219069888338e-07
53950.04800076804 1.236707722154789e-07
54000.04800076804 7.917733339822048e-08
54050.04800076804 8.351920569359052e-08
54100.04800076804 2.7729813273285996e-08
54150.04800076804 4.2876753716592585e-08
54200.04800076804 1.4048189469156968e-08
54250.04800076804 2.5524798103510282e-08
54300.04800076804 5.199712167990489e-08
54350.04800076804 7.307576812805606e-08
54400.04800076804 6.615098846254299e-08
54450.04800076804 6.007702336545833e-08
54500.04800076804 5.2492572726356826e-08
54550.04800076804 4.6382215181078945e-08
54600.04800076804 5.231287008041706e-08
54650.04800076804 1.6985789480683038e-08
54700.04800076804 6.178354853211688e-08
54750.04800076804 5.6280524003718667e-08
54800.04800076804 3.462039943934516e-08
54850.04800076804 4.725707423429029e-08
54900.04800076804 7.413258843594654e-08
54950.04800076804 1.0595907317268165e-07
55000.04800076804 3.8672954917809336e-08
55050.04800076804 5.9512571642406004e-08
55100.04800076804 6.716172613367186e-08
55150.04800076804 4.362268910808512e-08
55200.04800076804 3.771109925724482e-08
55250.04800076804 4.9916112036639884e-08
55300.04800076804 3.257265485804278e-08
55350.04800076804 6.311955033015525e-08
55400.04800076804 7.410042878015227e-08
55450.04800076804 4.626142766873248e-08
55500.04800076804 2.1431743214814845e-08
55550.04800076804 2.6610637990506388e-08
55600.04800076804 3.5005387070319434e-08
55650.04800076804 3.100162007961062e-08
55700.04800076804 3.62306886598719e-08
55750.04800076804 3.602125844603896e-08
55800.04800076804 2.0063046054336443e-08
55850.04800076804 2.3436329764104926e-08
55900.04800076804 5.242729947693503e-08
55950.04800076804 7.438731070610246e-08
56000.04800076804 2.993291505501432e-08
56050.04800076804 3.8473201464437586e-08
56100.04800076804 5.2705687184581236e-08
56150.04800076804 3.062235460912128e-08
56200.04800076804 3.829900024170225e-08
56250.04800076804 5.8796123989805726e-08
56300.04800076804 4.456213684433416e-08
56350.04800076804 3.620555449030092e-08
56400.04800076804 1.773157482154071e-08
56450.04800076804 1.6418858782965136e-08
56500.04800076804 3.7300161560058236e-08
56550.04800076804 1.777925670999939e-08
56600.04800076804 5.119850804384842e-08
56650.04800076804 5.5053851438597055e-08
56700.04800076804 5.023591814115781e-08
56750.04800076804 1.996785037222406e-08
56800.04800076804 3.893746541510781e-08
56850.04800076804 3.998085683112342e-08
56900.04800076804 2.6627328869360196e-08
56950.04800076804 4.87008388662778e-08
57000.04800076804 5.994744569557002e-08
57050.04800076804 3.1666243825133045e-08
57100.04800076804 1.2577403398002129e-08
57150.04800076804 2.1896214866649243e-08
57200.04800076804 1.7717639731937135e-08
57250.04800076804 2.568991316945689e-08
57300.04800076804 3.679023886648156e-08
57350.04800076804 2.010353804075442e-08
57400.04800076804 4.7286250891903e-08
57450.04800076804 3.020938318774267e-08
57500.04800076804 2.7215860395721427e-08
57550.04800076804 3.805604561298037e-08
57600.04800076804 3.581034484972652e-08
57650.04800076804 1.0850594226071127e-08
57700.04800076804 1.7425487916601472e-08
57750.04800076804 2.6335272266735725e-08
57800.04800076804 1.0747508225059424e-08
57850.04800076804 6.547842937914507e-08
57900.04800076804 7.676507883186517e-08
57950.04800076804 7.858687313681434e-08
58000.04800076804 2.919428916981805e-08
58050.04800076804 4.558225904964484e-08
58100.04800076804 4.825741439727514e-08
58150.04800076804 3.2118667085490394e-08
58200.04800076804 1.1705456646328938e-08
58250.04800076804 1.6741086948468367e-08
58300.04800076804 1.755680220395146e-08
58350.04800076804 2.074975242661726e-08
58400.04800076804 4.0317188257502804e-08
58450.04800076804 4.705280673781466e-08
58500.04800076804 4.596918825134481e-08
58550.04800076804 4.3153131417920333e-08
58600.04800076804 2.0370766045101397e-08
58650.04800076804 2.557764999156851e-08
58700.04800076804 3.178262973617253e-08
58750.04800076804 3.1083609895864383e-08
58800.04800076804 8.184926130836826e-09
58850.04800076804 2.2649569491694463e-08
58900.04800076804 3.0183556579136277e-08
58950.04800076804 1.4835622183410573e-08
59000.04800076804 3.20924720212302e-08
59050.04800076804 4.399480668421843e-08
59100.04800076804 4.6643302477198484e-08
59150.04800076804 3.499993783175014e-08
59200.04800076804 3.7605942477440656e-08
59250.04800076804 3.9445703766032116e-08
59300.04800076804 3.427594788104505e-08
59350.04800076804 1.030439016339642e-08
59400.04800076804 9.97258743798942e-09
59450.04800076804 3.449074774047154e-08
59500.04800076804 1.8378501349023984e-08
59550.04800076804 4.139598024143555e-08
59600.04800076804 5.112470819965038e-08
59650.04800076804 2.7149171368913625e-08
59700.04800076804 1.9597076363243976e-08
59750.04800076804 5.913634913436835e-08
59800.04800076804 2.7637452516200486e-08
59850.04800076804 3.8874923565951186e-08
59900.04800076804 1.5220499896589953e-08
59950.04800076804 3.323683745463075e-08
60000.04800076804 6.817768606376889e-08
60050.04800076804 6.314233801631198e-08
60100.04800076804 5.200259493811732e-08
60150.04800076804 2.600213666923805e-08
60200.04800076804 4.2801385609739044e-08
60250.04800076804 6.829006530641197e-08
60300.04800076804 6.050660149992635e-08
60350.04800076804 3.6082654490183904e-08
60400.04800076804 3.984720665651847e-08
60450.04800076804 1.3762704902310184e-08
60500.04800076804 6.4899607765206616e-09
60550.04800076804 3.641338947959366e-08
60600.04800076804 4.3845370542381e-08
60650.04800076804 2.9900929394238804e-08
60700.04800076804 2.291793591263939e-08
60750.04800076804 1.2956360759648002e-08
60800.04800076804 4.2615804465542284e-08
60850.04800076804 7.597928008231788e-08
60900.04800076804 6.713941893325027e-08
60950.04800076804 5.186314730058085e-08
61000.04800076804 4.859520589571691e-08
61050.04800076804 2.2634192115093203e-08
61100.04800076804 2.8917467182532904e-08
61150.04800076804 1.1516576762031504e-08
61200.04800076804 4.705699940151101e-08
61250.04800076804 5.398412628188757e-08
61300.04800076804 4.551929268097139e-08
61350.04800076804 7.416875413677731e-08
61400.04800076804 3.148500946386448e-08
61450.04800076804 1.6129908012301337e-08
61500.04800076804 1.8599446805779005e-08
61550.04800076804 3.17120849656123e-08
61600.04800076804 1.6732611900246277e-08
61650.04800076804 3.058648124903156e-08
61700.04800076804 3.2196258459799026e-08
61750.04800076804 3.736230703764223e-08
61800.04800076804 3.3945764303753654e-08
61850.04800076804 1.6166084585146405e-08
61900.04800076804 5.698772754797846e-08
61950.04800076804 6.651465913422664e-08
62000.04800076804 6.122547913964845e-08
62050.04800076804 6.860766333195603e-08
62100.04800076804 4.8062236844630034e-08
62150.04800076804 6.363617937341739e-08
62200.04800076804 5.523484517298618e-08
62250.04800076804 4.3377872176500496e-08
62300.04800076804 8.842463306541133e-08
62350.04800076804 7.457138300366953e-08
62400.04800076804 3.9162042678174445e-08
62450.04800076804 5.071850893063396e-08
62500.04800076804 8.398525525123249e-08
62550.04800076804 9.604946908202774e-08
62600.04800076804 8.201710282233198e-08
62650.04800076804 6.225800710899163e-08
62700.04800076804 5.5141073590526784e-08
62750.04800076804 8.001441548846345e-08
62800.04800076804 4.6947349849405955e-08
62850.04800076804 7.058689704982606e-08
62900.04800076804 5.8036886349767144e-08
62950.04800076804 1.0121965300841885e-07
63000.04800076804 6.748166258140605e-08
63050.04800076804 1.2227211542381195e-07
63100.04800076804 1.1184997751800047e-07
63150.04800076804 7.371721005693665e-08
63200.04800076804 7.817080549630219e-08
63250.04800076804 8.586835145159317e-08
63300.04800076804 6.643616451147891e-08
63350.04800076804 6.45952166056669e-08
63400.04800076804 2.9307420509714405e-08
