galfind/configs/Brown_Dwarf_templates/sonora_cholla/logkzz7/1000g/800K_1000g_logkzz7_resample.dat
# %ECSV 1.0
# ---
# datatype:
# - {name: wav, unit: Angstrom, datatype: float64}
# - {name: flux_nu, unit: erg / (cm2 Hz s), datatype: float64}
# schema: astropy-2.0
wav flux_nu
[from data line 1210]
63500.04800076804 5.852661861746498e-08
63550.04800076804 7.182419402157226e-08
63600.04800076804 6.926935354994062e-08
63650.04800076804 4.729532140957356e-08
63700.04800076804 2.0515256171056948e-08
63750.04800076804 4.035704777604939e-08
63800.04800076804 7.314373245706911e-08
63850.04800076804 5.8111976595763486e-08
63900.04800076804 2.620888596419669e-08
63950.04800076804 4.992048225073094e-08
64000.04800076804 6.251803080778367e-08
64050.04800076804 3.200190638617104e-08
64100.04800076804 8.984803303392892e-09
64150.04800076804 1.3997378339182782e-08
64200.04800076804 1.674165409610433e-08
64250.04800076804 3.6698827474372654e-08
64300.04800076804 2.847964905236216e-08
64350.04800076804 2.199517470456768e-08
64400.04800076804 5.002744633242365e-08
64450.04800076804 5.32109336123647e-08
64500.04800076804 2.310105706671963e-08
64550.04800076804 4.3928836835304674e-08
64600.04800076804 2.647223050683871e-08
64650.04800076804 4.3021054518378733e-08
64700.04800076804 1.693938531225279e-08
64750.04800076804 2.470073042414692e-08
64800.04800076804 1.8547264959692868e-08
64850.04800076804 1.47506783217149e-08
64900.04800076804 1.6010338069603756e-08
64950.04800076804 1.4349778714250651e-08
65000.04800076804 2.0970321198717693e-08
65050.04800076804 3.0595500754277034e-08
65100.04800076804 4.052254013320622e-08
65150.04800076804 2.2982657209225305e-08
65200.04800076804 1.3570687330493882e-08
65250.04800076804 2.982924367042086e-08
65300.04800076804 3.030232893960476e-08
65350.04800076804 6.71860129743187e-08
65400.04800076804 2.832804096961213e-08
65450.04800076804 2.862261923687972e-08
65500.04800076804 3.44783813613657e-08
65550.04800076805 1.7717305304001736e-08
65600.04800076805 3.3047751104537904e-08
65650.04800076805 2.5122966433953496e-08
65700.04800076805 2.372394235950613e-08
65750.04800076805 1.643197814135303e-08
65800.04800076805 3.03742337582539e-08
65850.04800076805 4.284122614795214e-08
65900.04800076805 1.5421607949735405e-08
65950.04800076805 1.9870585729016796e-08
66000.04800076805 2.595451276149136e-08
66050.04800076805 5.287040609938735e-08
66100.04800076805 2.981658240573438e-08
66150.04800076805 2.579482825068562e-08
66200.04800076805 2.402485435422002e-08
66250.04800076805 1.803400495978893e-08
66300.04800076805 8.203426622326193e-09
66350.04800076805 9.567716679860831e-09
66400.04800076805 1.6349076236239366e-08
66450.04800076805 3.715765480763313e-08
66500.04800076805 5.236940221502334e-08
66550.04800076805 4.8156330658303396e-08
66600.04800076805 3.794864111374636e-08
66650.04800076805 3.2017486813185356e-08
66700.04800076805 2.462242212583504e-08
66750.04800076805 2.33302981953843e-08
66800.04800076805 3.0373406642426025e-08
66850.04800076805 1.989800739615501e-08
66900.04800076805 5.1492834018524356e-08
66950.04800076805 5.276855438033544e-08
67000.04800076805 5.9586998145657475e-08
67050.04800076805 3.354657561583568e-08
67100.04800076805 2.2716899394461032e-08
67150.04800076805 2.5976955479796192e-08
67200.04800076805 3.7907616810168427e-08
67250.04800076805 3.402206807333759e-08
67300.04800076805 4.7581328700412033e-08
67350.04800076805 2.5282952911593775e-08
67400.04800076805 5.618449894178186e-08
67450.04800076805 3.690407478143284e-08
67500.04800076805 3.502461056722745e-08
67550.04800076805 5.548555942807608e-08
67600.04800076805 9.174044227865481e-08
67650.04800076805 6.648091938736696e-08
67700.04800076805 4.29620746005583e-08
67750.04800076805 3.078010853309317e-08
67800.04800076805 4.459406973353934e-08
67850.04800076805 2.180165288674425e-08
67900.04800076805 2.7654588279580644e-08
67950.04800076805 2.0312467648751786e-08
68000.04800076805 4.040918941762943e-08
68050.04800076805 4.8590233154679994e-08
68100.04800076805 6.525221688386926e-08
68150.04800076805 5.4001061992927925e-08
68200.04800076805 4.8707592121368e-08
68250.04800076805 1.4171400490892351e-08
68300.04800076805 4.7348618555728443e-08
68350.04800076805 3.811014701792467e-08
68400.04800076805 7.229882733978727e-08
68450.04800076805 6.150919214350757e-08
68500.04800076805 4.413008642776867e-08
68550.04800076805 2.1879917877422132e-08
68600.04800076805 2.3589009518481255e-08
68650.04800076805 1.2888023613722937e-08
68700.04800076805 2.8185132579523538e-08
68750.04800076805 4.205172074826192e-08
68800.04800076805 4.796786308353535e-08
68850.04800076805 2.0761154760676005e-08
68900.04800076805 6.97118802511802e-08
68950.04800076805 7.261643940494808e-08
69000.04800076805 5.507449194775979e-08
69050.04800076805 2.903099799582723e-08
69100.04800076805 6.53320330404082e-08
69150.04800076805 8.445413135755723e-08
69200.04800076805 5.469988616422786e-08
69250.04800076805 8.485279996865563e-08
69300.04800076805 5.631401296191212e-08
69350.04800076805 8.334011306694323e-08
69400.04800076805 3.320117185388005e-08
69450.04800076805 7.979928862550338e-08
69500.04800076805 4.0386951461007294e-08
69550.04800076805 3.8868437799544076e-08
69600.04800076805 1.2171820359072525e-08
69650.04800076805 3.656040314051142e-08
69700.04800076805 6.525963215719053e-08
69750.04800076805 4.2718913022492115e-08
69800.04800076805 6.14763368873904e-08
69850.04800076805 6.69923757992449e-08
69900.04800076805 4.816816948115868e-08
69950.04800076805 4.592289901767681e-08
70000.04800076805 4.432828564423092e-08
70050.04800076805 7.968251087893662e-08
70100.04800076805 5.479910015023239e-08
70150.04800076805 5.3842417568342336e-08
70200.04800076805 3.584721806389949e-08
70250.04800076805 4.8654076458778936e-08
70300.04800076805 7.852230964677673e-08
70350.04800076805 5.836479877749601e-08
70400.04800076805 3.479577685256782e-08
70450.04800076805 1.0535447884472081e-08
70500.04800076805 2.8753674036449806e-08
70550.04800076805 2.87946559639106e-08
70600.04800076805 3.0561753364777475e-08
70650.04800076805 6.381696355980624e-08
70700.04800076805 6.154762365314352e-08
70750.04800076805 8.703770034167103e-08
70800.04800076805 4.556658667366924e-08
70850.04800076805 4.342145486395121e-08
70900.04800076805 4.983803513415407e-08
70950.04800076805 6.972543548917439e-08
71000.04800076805 6.474020561429192e-08
71050.04800076805 6.43372276955063e-08
71100.04800076805 5.380061070845102e-08
71150.04800076805 4.079538730519612e-08
71200.04800076805 3.634205481254397e-08
71250.04800076805 5.179708546376689e-08
71300.04800076805 6.696773069268404e-08
71350.04800076805 6.877538012994541e-08
71400.04800076805 5.8728182945060136e-08
71450.04800076805 2.8241405767158744e-08
71500.04800076805 3.318820816995198e-08
71550.04800076805 3.78706670085004e-08
71600.04800076805 4.7142546628097186e-08
71650.04800076805 3.354047180030173e-08
71700.04800076805 2.5469257347266184e-08
71750.04800076805 4.506875383239009e-08
71800.04800076805 6.1597103542763e-08
71850.04800076805 5.984764270295706e-08
71900.04800076805 3.420513530686498e-08
71950.04800076805 4.62452977372537e-08
72000.04800076805 4.280791883132244e-08
72050.04800076805 2.5511251480422016e-08
72100.04800076805 3.1259190122464463e-08
72150.04800076805 3.075366587714603e-08
72200.04800076805 4.619605300348626e-08
72250.04800076805 6.080747182450906e-08
72300.04800076805 4.240716353567053e-08
72350.04800076805 4.669732279076947e-08
72400.04800076805 4.248803836851944e-08
72450.04800076805 3.510236745745524e-08
72500.04800076805 4.5961023057209884e-08
72550.04800076805 1.975628172946314e-08
72600.04800076805 3.2694591137796214e-08
72650.04800076805 5.3383841683616524e-08
72700.04800076805 3.9357498797884164e-08
72750.04800076805 3.9693876119753285e-08
72800.04800076805 2.695602052227411e-08
72850.04800076805 3.2841029225182527e-08
72900.04800076805 5.863109798280961e-08
72950.04800076805 3.959464229591204e-08
73000.04800076805 4.005003564885985e-08
73050.04800076805 2.5232050222238896e-08
73100.04800076805 2.8395518989367854e-08
73150.04800076805 6.205283146343036e-08
73200.04800076805 2.8157104277119784e-08
73250.04800076805 3.7583392328123596e-08
73300.04800076805 3.0646265728805224e-08
73350.04800076805 2.2034453478526803e-08
73400.04800076805 3.5763398736151115e-08
73450.04800076805 2.2702369807164528e-08
73500.04800076805 2.0785551332146537e-08
73550.04800076805 3.551045639847309e-08
73600.04800076805 3.185750314894856e-08
73650.04800076805 3.5465012133817995e-08
73700.04800076805 3.658733316685245e-08
73750.04800076805 1.6855097014300684e-08
73800.04800076805 3.127562127888002e-08
73850.04800076805 4.030908138653652e-08
73900.04800076805 2.934774018418335e-08
73950.04800076805 2.8071405369857427e-08
74000.04800076805 1.8631508866014767e-08
74050.04800076805 5.123317620679287e-08
74100.04800076805 3.3668864082796344e-08
74150.04800076805 3.525533563848204e-08
74200.04800076805 2.660166291674502e-08
74250.04800076805 9.052059759071502e-09
74300.04800076805 3.305022590468258e-08
74350.04800076805 4.6280150417052676e-08
74400.04800076805 4.3841797441122816e-08
74450.04800076805 2.0631243639975567e-08
74500.04800076805 1.53536873867902e-08
74550.04800076805 2.8231778939980294e-08
74600.04800076805 2.9199242253483768e-08
74650.04800076805 2.8908495664494457e-08
74700.04800076805 2.0352939485528994e-08
74750.04800076805 1.834253723729276e-08
74800.04800076805 2.3767795163440618e-08
74850.04800076805 2.7669702742340813e-08
74900.04800076805 4.463730631410736e-08
74950.04800076805 4.391746184766776e-08
75000.04800076805 2.4201463667119782e-08
75050.04800076805 1.2638493219408172e-08
75100.04800076805 4.500555198606492e-08
75150.04800076805 4.3323549965452405e-08
75200.04800076805 4.7168638143347264e-08
75250.04800076805 5.2678971935956205e-08
75300.04800076805 4.504016513111082e-08
75350.04800076805 1.8703570195152144e-08
75400.04800076805 5.492792891218562e-08
75450.04800076805 4.5133482663865314e-08
75500.04800076805 4.157160421341295e-08
75550.04800076805 4.4414698827558026e-08
75600.04800076805 5.800246189725991e-08
75650.04800076805 3.623473565860695e-08
75700.04800076805 4.8501148723825606e-08
75750.04800076805 2.956742316838171e-08
75800.04800076805 4.463241938793285e-08
75850.04800076805 5.314272690249886e-08
75900.04800076805 4.7758685593667526e-08
75950.04800076805 2.743921821001563e-08
76000.04800076805 5.169104790849622e-08
76050.04800076805 4.88680500496057e-08
76100.04800076805 4.715181695065367e-08
76150.04800076805 5.117196244803205e-08
76200.04800076805 4.8301076795686645e-08
76250.04800076805 4.5150088842183577e-08
76300.04800076805 7.948864355441767e-08
76350.04800076805 9.227167304684087e-08
76400.04800076805 6.652057351786854e-08
76450.04800076805 5.8535759014480056e-08
76500.04800076805 4.518960317600632e-08
76550.04800076805 2.41531841961963e-08
76600.04800076805 7.755016553892654e-09
76650.04800076805 9.687526941470889e-09
76700.04800076805 1.2625914146392574e-08
76750.04800076805 1.2146181102632337e-08
76800.04800076805 2.273329826401345e-08
76850.04800076805 8.954647406865485e-09
76900.04800076805 1.0215813197541598e-08
76950.04800076805 2.0606998693807006e-08
77000.04800076805 2.534247618811266e-08
77050.04800076805 1.1930835403699064e-08
77100.04800076805 1.509357646852714e-08
77150.04800076805 2.8425331089057707e-08
77200.04800076805 2.1506033997444063e-08
77250.04800076805 2.2593789215562288e-08
77300.04800076805 2.674624867038958e-08
77350.04800076805 1.3336942300509332e-08
77400.04800076805 1.6451053958589244e-08
77450.04800076805 2.6086647525072644e-08
77500.04800076805 2.2032585602416535e-08
77550.04800076805 2.2197060045237207e-08
77600.04800076805 1.9275414884847425e-08
77650.04800076805 2.1732149601853057e-08
77700.04800076805 1.9163255171653403e-08
77750.04800076805 3.5575844764471994e-08
77800.04800076805 3.186579839534599e-08
77850.04800076805 5.50875145867879e-08
77900.04800076805 3.5031541828645624e-08
77950.04800076805 1.4815612572832372e-08
78000.04800076805 2.7742488520888014e-08
78050.04800076805 2.860673352556509e-08
78100.04800076805 2.7211779897687607e-08
78150.04800076805 4.544732680078224e-08
78200.04800076805 4.657162341563463e-08
78250.04800076805 5.1812446492285084e-08
78300.04800076805 3.2983591750274036e-08
78350.04800076805 4.29929976027048e-08
78400.04800076805 2.273655140803644e-08
78450.04800076805 4.525576021429667e-08
78500.04800076805 5.4806829827919944e-08
78550.04800076805 6.07273340441643e-08
78600.04800076805 4.821064868562179e-08
78650.04800076805 1.3507300716122972e-08
78700.04800076805 2.3935532263369863e-08
78750.04800076805 3.004929193418035e-08
78800.04800076805 3.798906810362673e-08
78850.04800076805 1.6900983191322238e-08
78900.04800076805 3.380327432090396e-08
78950.04800076805 4.1422555558078186e-08
79000.04800076805 3.775677216475488e-08
79050.04800076805 3.1250345720378016e-08
79100.04800076805 3.661034610892032e-08
79150.04800076805 3.638106575716861e-08
79200.04800076805 4.192258819949129e-08
79250.04800076805 2.7759825600115474e-08
79300.04800076805 2.4606245628880986e-08
79350.04800076805 3.778023248924734e-08
79400.04800076805 2.431173175795685e-08
79450.04800076805 5.1637905338737973e-08
79500.04800076805 6.904911325081351e-08
79550.04800076805 5.8157346788862735e-08
79600.04800076805 2.784672737525497e-08
79650.04800076805 4.241169281650846e-08
79700.04800076805 4.094374336866315e-08
79750.04800076805 4.268360477711537e-08
79800.04800076805 2.989237668528357e-08
79850.04800076805 4.179807721065906e-08
79900.04800076805 7.511421666846283e-08
79950.04800076805 6.169263239949826e-08
