galfind/configs/Brown_Dwarf_templates/sonora_cholla/logkzz7/1000g/850K_1000g_logkzz7_resample.dat
# %ECSV 1.0
# ---
# datatype:
# - {name: wav, unit: Angstrom, datatype: float64}
# - {name: flux_nu, unit: erg / (cm2 Hz s), datatype: float64}
# schema: astropy-2.0
wav flux_nu
[from data line 387]
29350.000000000095 6.129185826702497e-08
29400.000000000095 2.1047047749032203e-08
29450.000000000095 2.529471087543207e-08
29500.000000000095 3.5071539793036006e-08
29550.000000000095 2.5065808672324202e-08
29600.000000000095 3.505170458579272e-08
29650.000000000095 3.604885631066582e-08
29700.000000000095 2.2241881623449634e-08
29750.000000000095 3.5771732975852634e-08
29800.000000000095 3.64697183983609e-08
29850.000000000095 4.770218998387123e-08
29900.000000000095 4.97847385774265e-08
29950.000000000095 3.793758553107085e-08
30000.000000000095 1.693106118246385e-08
30050.000000000095 2.1372683539560537e-08
30100.000000000095 3.3780178596483876e-08
30150.000000000095 4.9695628812890384e-08
30200.000000000095 3.3575230406638537e-08
30250.000000000095 6.49267304782085e-08
30300.000000000095 5.519533817660006e-08
30350.000000000095 4.213705586371019e-08
30400.000000000095 6.192420496062642e-08
30450.000000000095 4.0845674516717636e-08
30500.000000000095 4.0644845850885615e-08
30550.000000000095 3.7271491460491835e-08
30600.000000000095 6.107436545139373e-08
30650.000000000095 4.667331871047452e-08
30700.000000000095 3.8244513177074755e-08
30750.000000000095 4.165722115001969e-08
30800.000000000095 3.398936231157271e-08
30850.000000000095 3.647796805858525e-08
30900.000000000095 3.504706613580059e-08
30950.000000000095 2.076593265992095e-08
31000.000000000095 2.804146195427967e-08
31050.000000000095 3.00683520870898e-08
31100.000000000095 2.0220133986051486e-08
31150.000000000095 2.4792271503239425e-08
31200.000000000095 3.2671190308019636e-08
31250.000000000095 1.9805870310708444e-08
31300.000000000095 1.9068353624667498e-08
31350.000000000095 1.987058486463529e-08
31400.000000000095 1.3330607894230808e-08
31450.000000000095 1.8665075208203196e-08
31500.000000000095 1.1115765014992656e-08
31550.000000000095 1.3780230219309753e-08
31600.000000000095 9.833586425635364e-09
31650.000000000095 8.836928315619744e-09
31700.000000000095 1.1629356709331921e-08
31750.000000000095 5.997574977741043e-09
31800.000000000095 1.0861751634027087e-08
31850.000000000095 5.688110842937075e-09
31900.000000000095 8.656288138628616e-09
31950.000000000095 6.058062169032021e-09
32000.000000000095 6.643550986273958e-09
32050.000000000095 5.883282895160522e-09
32100.000000000095 4.82834313429407e-09
32150.000000000095 6.894435506589628e-09
32200.000000000095 4.246564943047679e-09
32250.000000000095 8.704880883640082e-09
32300.000000000095 3.6042797448270732e-09
32350.000000000095 1.0000823163974032e-08
32400.000000000095 4.544725355755643e-09
32450.000000000095 8.235003793492213e-09
32500.000000000095 5.7223011017413524e-09
32550.000000000095 8.047816344552675e-09
32600.000000000095 7.569443115965989e-09
32650.000000000095 1.128428389168616e-08
32700.000000000095 8.900013676309165e-09
32750.000000000095 1.518792685055593e-08
32800.000000000095 1.3316522247386535e-08
32850.000000000095 1.92502608677819e-08
32900.000000000095 1.9416858129091814e-08
32950.000000000095 2.0858361913864115e-08
33000.000000000095 1.4604754731687822e-08
33050.000000000095 1.5864980473825768e-08
33100.000000000095 7.03055624814606e-09
33150.000000000095 3.0832465499951246e-10
33200.000000000095 7.182519081954837e-10
33250.000000000095 5.619766655007134e-10
33300.000000000095 1.1241734275025685e-09
33350.000000000095 2.9276415048165897e-09
33400.000000000095 5.455340155286815e-09
33450.000000000095 6.181994550190935e-09
33500.000000000095 1.2182364029610632e-08
33550.000000000095 8.13460864544523e-09
33600.000000000095 1.2868294454698348e-08
33650.000000000095 1.2342865261127084e-08
33700.000000000095 8.747251326431783e-09
33750.000000000095 1.6154493798009263e-08
33800.000000000095 5.924801664573591e-09
33850.000000000095 1.0871274373781022e-08
33900.000000000095 1.057395351728466e-08
33950.000000000095 1.0969683221796915e-08
34000.000000000095 1.4843498498452442e-08
34050.000000000095 5.011008060405161e-09
34100.000000000095 1.2691979633550213e-08
34150.000000000095 7.144030453243756e-09
34200.000000000095 1.156043414656638e-08
34250.000000000095 1.005091160913168e-08
34300.000000000095 7.88604227480437e-09
34350.000000000095 1.4061104646666573e-08
34400.000000000095 7.690441901754983e-09
34450.000000000095 1.5010224673274156e-08
34500.000000000095 1.007496578846717e-08
34550.000000000095 6.9377872156038886e-09
34600.000000000095 1.6835251823706833e-08
34650.000000000095 6.711524478094376e-09
34700.000000000095 1.1342995098500622e-08
34750.000000000095 1.1114226722790881e-08
34800.000000000095 6.652940077159735e-09
34850.000000000095 1.562122229564076e-08
34900.000000000095 1.201365340074065e-08
34950.000000000095 1.3666700953305373e-08
35000.000000000095 2.033176133231745e-08
35050.000000000095 1.23037775507779e-08
35100.000000000095 2.262124197949321e-08
35150.000000000095 1.964344099369297e-08
35200.000000000095 2.1324000594159125e-08
35250.000000000095 2.7147947881319182e-08
35300.000000000095 1.4772239338287e-08
35350.000000000095 2.3757251326729522e-08
35400.000000000095 2.227833737632452e-08
35450.000000000095 1.813856743463849e-08
35500.000000000095 3.803539203767871e-08
35550.000000000095 2.61900765658943e-08
35600.000000000095 3.014709654366463e-08
35650.000000000095 3.249991260786725e-08
35700.000000000095 2.2440754512646167e-08
35750.000000000095 4.383879203552143e-08
35800.000000000095 3.44450678670287e-08
35850.000000000095 2.3296876677773715e-08
35900.000000000095 3.735841315503521e-08
35950.000000000095 3.9983561141130894e-08
36000.000000000095 2.926522429582216e-08
36050.000000000095 3.764804264416789e-08
36100.000000000095 3.2981456918015733e-08
36150.000000000095 4.7910001111341595e-08
36200.000000000095 4.6880682528498094e-08
36250.000000000095 4.63943898993469e-08
36300.000000000095 5.827131421749065e-08
36350.000000000095 5.253034640989855e-08
36400.000000000095 6.976456457830107e-08
36450.000000000095 6.278432621023672e-08
36500.000000000095 6.102561550514329e-08
36550.000000000095 8.508322347630845e-08
36600.000000000095 9.513972275078107e-08
36650.000000000095 8.752002428748206e-08
36700.000000000095 8.439019391926048e-08
36750.000000000095 1.0141021000309838e-07
36800.000000000095 9.610987579529647e-08
36850.000000000095 7.785853170557426e-08
36900.000000000095 9.033996123128843e-08
36950.000000000095 1.0310147679110174e-07
37000.000000000095 8.904376249238123e-08
37050.000000000095 1.0830707124095758e-07
37100.000000000095 9.780723484553212e-08
37150.000000000095 1.0711368050760165e-07
37200.000000000095 1.2240550644463144e-07
37250.000000000095 9.420848674060021e-08
37300.000000000095 9.312496731322962e-08
37350.000000000095 1.2035296718814106e-07
37400.000000000095 1.5323900586651646e-07
37450.000000000095 1.0488483266705432e-07
37500.000000000095 1.0491242132515656e-07
37550.000000000095 1.671474317280395e-07
37600.000000000095 1.8496351755773137e-07
37650.000000000095 1.1543485118145185e-07
37700.000000000095 1.553744264825823e-07
37750.000000000095 1.1397979663721744e-07
37800.000000000095 1.3733534069948512e-07
37850.000000000095 9.72304558506869e-08
37900.000000000095 1.20377150814452e-07
37950.000000000095 1.5031693746891603e-07
38000.000000000095 1.7125870977206112e-07
38050.000000000095 1.5625269025808295e-07
38100.000000000095 1.8613688245956523e-07
38150.000000000095 1.8259496054655994e-07
38200.000000000095 1.7971833153937312e-07
38250.000000000095 1.8013713172628376e-07
38300.000000000095 2.407070487545211e-07
38350.000000000095 2.316909673957901e-07
38400.000000000095 1.5471975647601217e-07
38450.000000000095 1.5240441432826723e-07
38500.000000000095 1.1945628809452405e-07
38550.000000000095 1.7289107314355285e-07
38600.000000000095 1.8134160661682497e-07
38650.000000000095 2.1327213951053297e-07
38700.000000000095 2.2040300428373503e-07
38750.000000000095 2.1939241042446395e-07
38800.000000000095 1.818698063776546e-07
38850.000000000095 2.3160531564413954e-07
38900.000000000095 2.424248065744305e-07
38950.000000000095 1.9432255906280135e-07
39000.000000000095 2.515756998018106e-07
39050.000000000095 2.1126656691775495e-07
39100.000000000095 2.2473580937280472e-07
39150.000000000095 2.3717958904014891e-07
39200.000000000095 2.1902064869666335e-07
39250.000000000095 2.6622039206966703e-07
39300.000000000095 2.4509900560034104e-07
39350.000000000095 3.0297353992443396e-07
39400.000000000095 2.6627057170032024e-07
39450.000000000095 2.789540720084915e-07
39500.000000000095 2.875977503000737e-07
39550.000000000095 2.593862466397974e-07
39600.000000000095 2.752899721832533e-07
39650.000000000095 3.4460445922862693e-07
39700.000000000095 2.940885349127844e-07
39750.000000000095 2.1646249932802074e-07
39800.000000000095 2.6792782623034886e-07
39850.000000000095 3.42719042691824e-07
39900.000000000095 3.4431697449538053e-07
39950.000000000095 2.96697287390107e-07
40000.000000000095 3.598276175108177e-07
40050.000000000095 3.4579027943044264e-07
40100.000000000095 2.379529964775622e-07
40150.000000000095 3.592184967563055e-07
40200.000000000095 3.7186877380833524e-07
40250.000000000095 3.6222575022233595e-07
40300.000000000095 3.715227917520525e-07
40350.000000000095 2.831872094121816e-07
40400.000000000095 3.7348777971400715e-07
40450.000000000095 3.1106272278796247e-07
40500.000000000095 3.7124510234631176e-07
40550.000000000095 3.7917807984279297e-07
40600.000000000095 3.636278398216847e-07
40650.000000000095 3.5165035021772776e-07
40700.000000000095 4.7213741721694265e-07
40750.000000000095 3.7587502191605374e-07
40800.000000000095 3.049448988758682e-07
40850.000000000095 4.507227146660577e-07
40900.000000000095 4.3512159511179846e-07
40950.000000000095 3.438582031966561e-07
41000.000000000095 3.91192654197723e-07
41050.000000000095 4.4383082891437356e-07
41100.000000000095 3.7789810646693996e-07
41150.000000000095 2.8886542529093426e-07
41200.000000000095 4.468808082446056e-07
41250.000000000095 4.095614404067501e-07
41300.000000000095 3.5577219302504563e-07
41350.000000000095 4.6407769727693813e-07
41400.000000000095 4.0915388440706994e-07
41450.000000000095 4.3487935213155133e-07
41500.000000000095 3.5971550838442347e-07
41550.000000000095 3.266263476014478e-07
41600.000000000095 3.8741891897252316e-07
41650.000000000095 4.1523725715642836e-07
41700.000000000095 3.78498265686105e-07
41750.000000000095 3.606100241576069e-07
41800.000000000095 4.620707459610875e-07
41850.000000000095 2.8708174681292884e-07
41900.000000000095 3.2422258609897526e-07
41950.000000000095 3.896379633944183e-07
42000.000000000095 4.0909329921932396e-07
42050.000000000095 3.377138259432277e-07
42100.000000000095 4.265710219315379e-07
42150.000000000095 3.0246035090832914e-07
42200.000000000095 3.18981584067609e-07
42250.000000000095 3.1485566274691073e-07
42300.000000000095 3.030736324136955e-07
42350.000000000095 3.487811556566562e-07
42400.000000000095 3.473040385933696e-07
42450.000000000095 3.022613588391885e-07
42500.000000000095 3.073940078202545e-07
42550.000000000095 2.9125448485614726e-07
42600.000000000095 3.315563140275928e-07
42650.000000000095 4.2220751581227935e-07
42700.000000000095 2.808257016782824e-07
42750.000000000095 2.722153906909611e-07
42800.000000000095 2.9313855636068425e-07
42850.000000000095 3.4658776503352173e-07
42900.000000000095 3.675332757826746e-07
42950.000000000095 2.6888300331574164e-07
43000.000000000095 3.54487201946073e-07
43050.000000000095 1.8564384262887382e-07
43100.000000000095 2.97682687424146e-07
43150.000000000095 2.9168023407610626e-07
43200.000000000095 3.1234350188433167e-07
43250.000000000095 4.1514933121427336e-07
43300.000000000095 4.0682967361712166e-07
43350.000000000095 2.3086520091109583e-07
43400.000000000095 3.1569514412208504e-07
43450.000000000095 2.404599742998955e-07
43500.000000000095 2.740500782311513e-07
43550.000000000095 2.5592788122065376e-07
43600.000000000095 3.3286649861285655e-07
43650.000000000095 2.0132766055432647e-07
43700.000000000095 3.440380040118666e-07
43750.000000000095 3.3144753302863513e-07
43800.000000000095 2.683979170954826e-07
43850.000000000095 2.54550250771851e-07
43900.000000000095 2.3648647529992663e-07
43950.000000000095 1.872491638160702e-07
44000.000000000095 1.35544951881296e-07
44050.000000000095 2.1221196424312598e-07
44100.000000000095 2.3552119772324425e-07
44150.000000000095 2.2098200245338256e-07
44200.000000000095 1.9715054917762516e-07
44250.000000000095 1.5836603230042627e-07
44300.000000000095 1.3988771577226838e-07
44350.000000000095 1.2749384634949708e-07
44400.000000000095 1.2577449606109431e-07
44450.000000000095 1.3265578217779854e-07
44500.000000000095 1.0799825886489943e-07
44550.000000000095 1.194079517947651e-07
44600.000000000095 9.310059120010048e-08
44650.000000000095 1.0632447345543153e-07
44700.000000000095 9.394293446274214e-08
44750.000000000095 9.769150947570396e-08
44800.000000000095 8.624463604925975e-08
44850.000000000095 8.165118767156979e-08
44900.000000000095 6.659090491960005e-08
44950.000000000095 6.081551282921406e-08
45000.000000000095 6.285537941121474e-08
45050.000000000095 6.601009403803079e-08
45100.000000000095 6.509461300910566e-08
45150.000000000095 5.43518631633858e-08
45200.000000000095 3.9789327624753345e-08
45250.000000000095 4.3495654314789e-08
45300.000000000095 5.258638701194974e-08
45350.000000000095 4.879427635198562e-08
45400.000000000095 3.9328740946203853e-08
45450.000000000095 3.637215205796397e-08
45500.000000000095 4.227084133103181e-08
45550.000000000095 4.820434237231754e-08
45600.000000000095 3.418494700139476e-08
45650.000000000095 3.391777911950203e-08
45700.000000000095 4.6542133230306975e-08
45750.000000000095 3.6893960580029276e-08
45800.000000000095 2.935819407758633e-08
45850.000000000095 4.728922680578206e-08
45900.000000000095 4.612567174512504e-08
45950.000000000095 2.961431196430733e-08
46000.000000000095 4.4009557598855546e-08
46050.000000000095 4.884304739901343e-08
46100.000000000095 3.038356118720649e-08
46150.000000000095 4.937598670809138e-08
46200.000000000095 4.758952531271267e-08
46250.000000000095 2.4231104191336885e-08
46300.000000000095 5.881620012619969e-08
46350.000000000095 4.041560860997898e-08
46400.000000000095 4.8190778928136385e-08
46450.000000000095 7.072798164059763e-08
46500.000000000095 4.72368164345245e-08
46550.000000000095 7.803092797049121e-08
46600.000000000095 7.40954544877871e-08
46650.000000000095 1.3535453289349525e-07
46700.000000000095 1.0019858255426586e-07
46750.000000000095 6.382708892486684e-08
46800.000000000095 4.814199236164829e-08
46850.000000000095 6.864196401910198e-08
46900.000000000095 5.773530391581875e-08
46950.000000000095 9.014858870619643e-08
47000.000000000095 4.0957063237853136e-08
47050.000000000095 8.60799744728589e-08
47100.000000000095 3.610873776742884e-08
47150.000000000095 5.3740085111358026e-08
47200.000000000095 5.8014967884045554e-08
47250.000000000095 3.9312007217200986e-08
47300.000000000095 5.066399398466802e-08
47350.000000000095 3.488579516585062e-08
47400.000000000095 7.083906631020795e-08
47450.000000000095 3.3138475284151315e-08
47500.000000000095 7.789937625346336e-08
47550.000000000095 3.586605004925366e-08
47600.000000000095 7.336114729982789e-08
47650.000000000095 3.836820869546024e-08
47700.000000000095 6.969568555929183e-08
47750.000000000095 3.525625884893568e-08
47800.000000000095 6.671105273486269e-08
47850.000000000095 3.2938007216734045e-08
47900.000000000095 5.597264329557369e-08
47950.000000000095 4.5468331225746937e-08
48000.000000000095 8.483009694445164e-08
48050.000000000095 5.3305389483156905e-08
48100.000000000095 7.534619468077566e-08
48150.000000000095 5.533933006217121e-08
48200.000000000095 8.491917489144036e-08
48250.000000000095 5.8232399986060865e-08
48300.000000000095 1.046340195352192e-07
48350.000000000095 5.658504641980489e-08
48400.000000000095 6.659228903895417e-08
48450.000000000095 5.1290196664354544e-08
48500.000000000095 1.0104947866691058e-07
48550.000000000095 5.1328257178604276e-08
48600.000000000095 1.015271875278401e-07
