galfind/configs/Brown_Dwarf_templates/sonora_cholla/logkzz7/1000g/900K_1000g_logkzz7_resample.dat
# %ECSV 1.0
# ---
# datatype:
# - {name: wav, unit: Angstrom, datatype: float64}
# - {name: flux_nu, unit: erg / (cm2 Hz s), datatype: float64}
# schema: astropy-2.0
wav flux_nu
10000.000000000093 nan
10050.000000000093 1.2945194356723466e-07
10100.000000000093 1.513026102613526e-07
10150.000000000093 1.6029817071451489e-07
10200.000000000093 1.761958272560925e-07
10250.000000000093 1.9072132578523948e-07
10300.000000000093 2.0625909701761003e-07
10350.000000000093 2.2640081062387972e-07
10400.000000000093 2.4299174314790016e-07
10450.000000000093 2.5313621471379396e-07
10500.000000000093 2.571691196789517e-07
10550.000000000093 2.621789290552456e-07
10600.000000000093 2.645134448713818e-07
10650.000000000093 2.6859020236424867e-07
10700.000000000093 2.672276328268094e-07
10750.000000000093 2.670335991287358e-07
10800.000000000093 2.605126878671142e-07
10850.000000000093 2.455223241898685e-07
10900.000000000093 1.87876054138822e-07
10950.000000000093 1.060683051907356e-07
11000.000000000093 7.267448460890198e-08
11050.000000000093 4.541931969947237e-08
11100.000000000093 3.0391979299149116e-08
11150.000000000093 1.978215023846282e-08
11200.000000000093 2.0881868240582188e-08
11250.000000000093 2.8071944017310938e-08
11300.000000000093 2.920967914547378e-08
11350.000000000093 1.3844501771441051e-08
11400.000000000093 3.449634304727576e-08
11450.000000000093 2.4336854356217212e-08
11500.000000000093 2.714100109193317e-08
11550.000000000093 1.6220068316967376e-08
11600.000000000093 1.5791226308451337e-08
11650.000000000093 2.308435309598901e-08
11700.000000000093 2.5825534565482087e-08
11750.000000000093 1.7645981951952697e-08
11800.000000000093 3.5495247682113175e-08
11850.000000000093 5.09762001108646e-08
11900.000000000093 6.176065886350398e-08
11950.000000000093 8.259307773467064e-08
12000.000000000093 1.0106988194441011e-07
12050.000000000093 1.2300054675670514e-07
12100.000000000093 1.43789456336965e-07
12150.000000000093 1.6772365954155703e-07
12200.000000000093 1.9031699683990647e-07
12250.000000000093 2.1565177796556607e-07
12300.000000000093 2.437669558386521e-07
12350.000000000093 2.5600147259277574e-07
12400.000000000093 2.906455675615098e-07
12450.000000000093 3.211284932233011e-07
12500.000000000093 3.415546589227966e-07
12550.000000000093 3.595420900060917e-07
12600.000000000093 3.6114232111952807e-07
12650.000000000093 3.562576208572622e-07
12700.000000000093 3.5321560863620246e-07
12750.000000000093 3.297216678404213e-07
12800.000000000093 3.1947633979486404e-07
12850.000000000093 2.7184090573366826e-07
12900.000000000093 2.4357994993988813e-07
12950.000000000093 2.2740174454775562e-07
13000.000000000093 2.2771480521614108e-07
13050.000000000093 2.0160682089051175e-07
13100.000000000093 1.9589103538252295e-07
13150.000000000093 1.5858642848276768e-07
13200.000000000093 1.4841179969087332e-07
13250.000000000093 1.0579678505725197e-07
13300.000000000093 5.628129464237988e-08
13350.000000000093 1.865841431375477e-08
13400.000000000093 6.648773249089584e-09
13450.000000000093 3.5661922995269445e-09
13500.000000000093 1.8005592405781653e-09
13550.000000000093 1.1361767802485535e-09
13600.000000000093 6.532198544691733e-10
13650.000000000093 2.1664177440973456e-09
13700.000000000093 1.5149944720271227e-09
13750.000000000093 2.7818351590293845e-09
13800.000000000093 3.5383438604683532e-09
13850.000000000093 1.9621252567486137e-09
13900.000000000093 2.0727772694510958e-09
13950.000000000093 2.0552418476376357e-09
14000.000000000093 2.1137886430006627e-09
14050.000000000093 2.873030733238519e-09
14100.000000000093 2.1270723360185872e-09
14150.000000000093 3.3506535063813647e-09
14200.000000000093 2.3865236542751487e-09
14250.000000000093 2.73775744362841e-09
14300.000000000093 5.6843390197263935e-09
14350.000000000093 5.069929095026884e-09
14400.000000000093 5.297673449201814e-09
14450.000000000093 7.1588813732044585e-09
14500.000000000093 1.3330048370643267e-08
14550.000000000093 1.3464970952733612e-08
14600.000000000093 2.109832799280348e-08
14650.000000000093 2.017909249923334e-08
14700.000000000093 1.3822094962527246e-08
14750.000000000093 1.9279291438632405e-08
14800.000000000093 2.4066727128247795e-08
14850.000000000093 2.5321104090022975e-08
14900.000000000093 2.725931357779352e-08
14950.000000000093 3.378208623132895e-08
15000.000000000093 4.075539028914989e-08
15050.000000000093 4.7599906184640906e-08
15100.000000000093 5.3270148089664215e-08
15150.000000000093 5.653851273588046e-08
15200.000000000093 6.187443706080857e-08
15250.000000000093 8.051339216816412e-08
15300.000000000093 9.121197244155253e-08
15350.000000000093 1.100303945744401e-07
15400.000000000093 1.234537223696967e-07
15450.000000000093 1.3675346579881605e-07
15500.000000000093 1.4570283741170696e-07
15550.000000000093 1.6759198237687283e-07
15600.000000000093 1.7653527135501098e-07
15650.000000000093 1.861481317569337e-07
15700.000000000093 2.0777296371955024e-07
15750.000000000093 2.1719049768993624e-07
15800.000000000093 2.1540938502911275e-07
15850.000000000093 2.2152842263466598e-07
15900.000000000093 2.1502421243836028e-07
15950.000000000093 2.0262662674909481e-07
16000.000000000093 1.8036567203108957e-07
16050.000000000093 1.452722111848197e-07
16100.000000000093 1.168577983552512e-07
16150.000000000093 8.576228255018995e-08
16200.000000000093 6.007280430741547e-08
16250.000000000093 5.5743466504261525e-08
16300.000000000093 4.6897064537283686e-08
16350.000000000093 5.154721323040032e-08
16400.000000000095 5.820960172275853e-08
16450.000000000095 6.192936253214582e-08
16500.000000000095 6.684898255132058e-08
16550.000000000095 6.384594595446226e-08
16600.000000000095 6.966388598783964e-08
16650.000000000095 4.6998807987383856e-08
16700.000000000095 2.185766205224064e-08
16750.000000000095 3.699176664344668e-08
16800.000000000095 5.2211608687167686e-08
16850.000000000095 5.1200436536183696e-08
16900.000000000095 4.297204851414083e-08
16950.000000000095 3.812686085363462e-08
17000.000000000095 3.1249853969134204e-08
17050.000000000095 4.125400854030483e-08
17100.000000000095 4.7645104349832734e-08
17150.000000000095 3.970567788752862e-08
17200.000000000095 5.5775078763701846e-08
17250.000000000095 4.4575094674745146e-08
17300.000000000095 3.818178473082543e-08
17350.000000000095 3.634796631138894e-08
17400.000000000095 3.736274909891237e-08
17450.000000000095 3.8808484694204964e-08
17500.000000000095 4.295118679806653e-08
17550.000000000095 3.553045043353236e-08
17600.000000000095 3.068996521000853e-08
17650.000000000095 2.8462222149730793e-08
17700.000000000095 2.2310577470176466e-08
17750.000000000095 1.811015426763988e-08
17800.000000000095 2.2612926558688094e-08
17850.000000000095 1.4597866970998704e-08
17900.000000000095 1.615175493038981e-08
17950.000000000095 1.085778938106668e-08
18000.000000000095 1.3585825775447758e-08
18050.000000000095 1.0122873970168008e-08
18100.000000000095 1.028531855131996e-08
18150.000000000095 1.3090901150087093e-08
18200.000000000095 7.608888619606472e-09
18250.000000000095 1.8657128123579762e-08
18300.000000000095 8.561222519358504e-09
18350.000000000095 7.702244295542928e-09
18400.000000000095 6.321621383840492e-09
18450.000000000095 1.1297197906144396e-08
18500.000000000095 1.1217480694447289e-08
18550.000000000095 7.960321801414616e-09
18600.000000000095 7.583446273445938e-09
18650.000000000095 5.8190209108820224e-09
18700.000000000095 4.437261912999391e-09
18750.000000000095 7.424744740248215e-09
18800.000000000095 1.809667792841327e-08
18850.000000000095 1.8750285684695533e-08
18900.000000000095 1.610120308568481e-08
18950.000000000095 2.9212882586510776e-08
19000.000000000095 1.528006653067238e-08
19050.000000000095 1.0408652021231985e-08
19100.000000000095 2.083297838107352e-08
19150.000000000095 1.2697308467685217e-08
19200.000000000095 1.8318111228685483e-08
19250.000000000095 1.3353118388121842e-08
19300.000000000095 1.0985357573857218e-08
19350.000000000095 1.1087205336862223e-08
19400.000000000095 7.202590063679706e-09
19450.000000000095 1.4174957832705389e-08
19500.000000000095 1.3449190627630625e-08
19550.000000000095 1.0992492728796195e-08
19600.000000000095 1.4806748409628398e-08
19650.000000000095 1.8287711687909353e-08
19700.000000000095 1.882856113178655e-08
19750.000000000095 2.1577398129776862e-08
19800.000000000095 2.3596134878712914e-08
19850.000000000095 3.1056013490401826e-08
19900.000000000095 2.4571737367320244e-08
19950.000000000095 3.7236067289445586e-08
20000.000000000095 3.4653686234186815e-08
20050.000000000095 3.799268751306122e-08
20100.000000000095 4.30201012623145e-08
20150.000000000095 3.9916408243579044e-08
20200.000000000095 4.494736520645558e-08
20250.000000000095 5.289255345910661e-08
20300.000000000095 5.000224228383729e-08
20350.000000000095 5.752648739516336e-08
20400.000000000095 5.487907893470595e-08
20450.000000000095 6.452970214713014e-08
20500.000000000095 6.625953417954693e-08
20550.000000000095 6.585245187122811e-08
20600.000000000095 7.11262048620593e-08
20650.000000000095 7.054967478146385e-08
20700.000000000095 6.999367190601373e-08
20750.000000000095 7.319123043954642e-08
20800.000000000095 7.185372828002956e-08
20850.000000000095 7.322137865783214e-08
20900.000000000095 7.414506106875387e-08
20950.000000000095 7.188522636590281e-08
21000.000000000095 7.176034022402346e-08
21050.000000000095 6.980170516916045e-08
21100.000000000095 6.861975601763925e-08
21150.000000000095 6.851906296164902e-08
21200.000000000095 6.587614959559478e-08
21250.000000000095 6.476873131382946e-08
21300.000000000095 6.059749161626237e-08
21350.000000000095 5.978350287747549e-08
21400.000000000095 5.776051541564167e-08
21450.000000000095 5.308491240959179e-08
21500.000000000095 5.3201262829393524e-08
21550.000000000095 5.09010000452165e-08
21600.000000000095 4.8199036929234654e-08
21650.000000000095 4.463692808211335e-08
21700.000000000095 4.601737115796971e-08
21750.000000000095 4.2894508731472093e-08
21800.000000000095 3.872245364241174e-08
21850.000000000095 3.4500397562339425e-08
21900.000000000095 3.092083817148075e-08
21950.000000000095 1.9301135058108504e-08
22000.000000000095 8.705424999801997e-09
22050.000000000095 7.944954629071302e-09
22100.000000000095 1.5109525738661072e-08
22150.000000000095 1.657251043856327e-08
22200.000000000095 1.5493657072042795e-08
22250.000000000095 1.482955360738162e-08
22300.000000000095 1.2035923503049285e-08
22350.000000000095 1.1842220179851804e-08
22400.000000000095 8.531153659618586e-09
22450.000000000095 7.932876119905313e-09
22500.000000000095 8.62415136939147e-09
22550.000000000095 5.5562314696024695e-09
22600.000000000095 6.881755079063772e-09
22650.000000000095 8.166198250006596e-09
22700.000000000095 6.842531822333467e-09
22750.000000000095 7.271079193030202e-09
22800.000000000095 7.199075896226853e-09
22850.000000000095 6.1418986903318175e-09
22900.000000000095 5.2499764916427815e-09
22950.000000000095 4.8766059852762775e-09
23000.000000000095 5.095623249428368e-09
23050.000000000095 6.305883060677812e-09
23100.000000000095 1.2489111656207567e-08
23150.000000000095 1.1503967436541059e-08
23200.000000000095 2.90599953766152e-09
23250.000000000095 4.201105053480553e-09
23300.000000000095 4.46797803677143e-09
23350.000000000095 3.5505779043197796e-09
23400.000000000095 4.844889573864043e-09
23450.000000000095 4.126503577743894e-09
23500.000000000095 4.102372176104085e-09
23550.000000000095 6.083092271731359e-09
23600.000000000095 7.3356058301908114e-09
23650.000000000095 8.25137492068513e-09
23700.000000000095 3.5843245886689252e-09
23750.000000000095 3.5282406366375126e-09
23800.000000000095 6.513954266530348e-09
23850.000000000095 5.740435101274955e-09
23900.000000000095 9.368243332397533e-09
23950.000000000095 8.513205950440431e-09
24000.000000000095 1.2047465259258813e-08
24050.000000000095 1.2614626625298661e-08
24100.000000000095 1.066587536681138e-08
24150.000000000095 1.2832549805353053e-08
24200.000000000095 1.346256154041527e-08
24250.000000000095 1.1183172660867977e-08
24300.000000000095 1.510161150089143e-08
24350.000000000095 1.150725699904427e-08
24400.000000000095 1.910426813283837e-08
24450.000000000095 1.573688234205675e-08
24500.000000000095 1.6939720500730387e-08
24550.000000000095 1.9163973884437075e-08
24600.000000000095 2.1493086985436113e-08
24650.000000000095 2.450493688288678e-08
24700.000000000095 1.7379219126787094e-08
24750.000000000095 1.7873776638049584e-08
24800.000000000095 1.7573197011588663e-08
24850.000000000095 2.6562698190811768e-08
24900.000000000095 1.1500086244171982e-08
24950.000000000095 2.1726156525616914e-08
25000.000000000095 1.9764829126180073e-08
25050.000000000095 1.2208938719737425e-08
25100.000000000095 1.7994377857757397e-08
25150.000000000095 1.0220366811808256e-08
25200.000000000095 1.4422466760114587e-08
25250.000000000095 7.622917310836342e-09
25300.000000000095 1.1125876819155675e-08
25350.000000000095 5.750465183882961e-09
25400.000000000095 1.2619994037768221e-08
25450.000000000095 6.481253485862659e-09
25500.000000000095 6.142645477022886e-09
25550.000000000095 9.054461408509359e-09
25600.000000000095 6.839761125388979e-09
25650.000000000095 3.998395878621789e-09
25700.000000000095 7.852202743297487e-09
25750.000000000095 3.3355304966759455e-09
25800.000000000095 9.579951608375794e-09
25850.000000000095 3.3087260573218367e-09
25900.000000000095 5.399903213442097e-09
25950.000000000095 2.4870755262075512e-09
26000.000000000095 9.155601560625753e-09
26050.000000000095 3.771381964068653e-09
26100.000000000095 9.460631033025035e-09
26150.000000000095 6.39645059502696e-09
26200.000000000095 7.271255322933999e-09
26250.000000000095 1.6087029998991283e-08
26300.000000000095 8.01255036928628e-09
26350.000000000095 1.9582357419473116e-08
26400.000000000095 2.1697056459228465e-08
26450.000000000095 1.781038675757117e-08
26500.000000000095 2.120944908020448e-08
26550.000000000095 9.46182088216762e-09
26600.000000000095 1.1081809498458797e-08
26650.000000000095 4.118953611830384e-09
26700.000000000095 3.0539320767935764e-09
26750.000000000095 2.8891335991866828e-09
26800.000000000095 4.7337191228414985e-09
26850.000000000095 2.78929353558309e-09
26900.000000000095 7.873787750178842e-09
26950.000000000095 3.5748557487007537e-09
27000.000000000095 1.1895235958852669e-08
27050.000000000095 1.0928042041931387e-08
27100.000000000095 5.240230370640745e-09
27150.000000000095 1.5027918909818786e-08
27200.000000000095 5.353144220703288e-09
27250.000000000095 8.222216921495655e-09
27300.000000000095 2.5751832120209054e-08
27350.000000000095 1.5494067660195288e-08
27400.000000000095 2.7689195086645468e-09
27450.000000000095 1.7967352052023362e-08
27500.000000000095 2.277475046791288e-08
27550.000000000095 6.66701380361783e-09
27600.000000000095 1.3265971191489951e-08
27650.000000000095 5.682847970744764e-09
27700.000000000095 4.5341016316418575e-09
27750.000000000095 1.4858450352852417e-08
27800.000000000095 6.608816813571447e-09
27850.000000000095 7.759886687989743e-09
27900.000000000095 1.0533970299521551e-08
27950.000000000095 1.7763870487418066e-08
28000.000000000095 1.3699949497601098e-08
28050.000000000095 4.64565041350922e-09
28100.000000000095 1.9511594469051158e-08
28150.000000000095 1.2526843746457297e-08
28200.000000000095 5.145344505933335e-09
28250.000000000095 2.1343014651085668e-08
28300.000000000095 2.6805115738667196e-08
28350.000000000095 6.445539537114489e-09
28400.000000000095 1.6722016534367084e-08
28450.000000000095 2.4856268133774574e-08
28500.000000000095 1.589468956709473e-08
28550.000000000095 5.950991433180509e-09
28600.000000000095 2.4878028830050253e-08
28650.000000000095 2.1273013198127325e-08
28700.000000000095 1.8105497214813576e-08
28750.000000000095 2.932950628113305e-08
28800.000000000095 2.596157523686239e-08
28850.000000000095 2.9747866415112547e-08
28900.000000000095 1.4232145490543094e-08
28950.000000000095 3.802572472316438e-08
29000.000000000095 2.6219812353954113e-08
29050.000000000095 3.055022060614745e-08
29100.000000000095 2.062575815687009e-08
29150.000000000095 4.6061053415293986e-08
29200.000000000095 2.719506246339139e-08
29250.000000000095 3.933970948738866e-08
