galfind/configs/Brown_Dwarf_templates/sonora_cholla/logkzz7/1000g/900K_1000g_logkzz7_resample.dat
# %ECSV 1.0
# ---
# datatype:
# - {name: wav, unit: Angstrom, datatype: float64}
# - {name: flux_nu, unit: erg / (cm2 Hz s), datatype: float64}
# schema: astropy-2.0
wav flux_nu
[from data line 773]
48650.000000000095 6.470650256699135e-08
48700.000000000095 1.3176787281201163e-07
48750.000000000095 7.190143242105944e-08
48800.000000000095 1.298900688390037e-07
48850.000000000095 8.722465797318257e-08
48900.000000000095 1.262738430432189e-07
48950.000000000095 1.1711490046885927e-07
49000.000000000095 9.844307908683152e-08
49050.000000000095 1.3214840036579281e-07
49100.000000000095 9.474183309067558e-08
49150.000000000095 1.5492214695790918e-07
49200.000000000095 9.331322342038745e-08
49250.000000000095 1.5911250495450396e-07
49300.000000000095 1.0646985068942534e-07
49350.000000000095 1.1926698598692163e-07
49400.000000000095 1.3994103789533405e-07
49450.000000000095 1.277268589710008e-07
49500.000000000095 1.2116903376637265e-07
49550.000000000095 6.229285836917643e-08
49600.000000000095 1.239525233296713e-07
49650.000000000095 1.2401110249700827e-07
49700.000000000095 1.2198819249675706e-07
49750.000000000095 1.9367691070636779e-07
49800.000000000095 1.0898548851640437e-07
49850.000000000095 2.1489284111827184e-07
49900.000000000095 1.5308994092427862e-07
49950.000000000095 1.768540973785665e-07
50000.000000000095 1.843875745616684e-07
50050.000000000095 1.714655876602456e-07
50100.000000000095 2.1139523672256575e-07
50150.000000000095 1.0617664156850695e-07
50200.000000000095 6.216207270826946e-08
50250.000000000095 1.616930296674984e-07
50300.000000000095 1.208324411897366e-07
50350.000000000095 1.9584655689330575e-07
50400.000000000095 1.613932731660498e-07
50450.000000000095 1.6032435101662996e-07
50500.000000000095 2.3159374486513018e-07
50550.000000000095 1.8744647031016478e-07
50600.000000000095 1.849742550594547e-07
50650.000000000095 1.7916377142184392e-07
50700.000000000095 2.6765842774331224e-07
50750.000000000095 2.2038098508925013e-07
50800.000000000095 1.05881453455037e-07
50850.000000000095 9.808350811873549e-08
50900.000000000095 2.2550465092045687e-07
50950.000000000095 2.2325439084887374e-07
51000.000000000095 2.0305040067246764e-07
51050.000000000095 2.0013629740606003e-07
51100.000000000095 1.0835579285321861e-07
51150.000000000095 1.4514044375931152e-07
51200.000000000095 2.507309498286654e-07
51250.000000000095 2.039063677257248e-07
51300.000000000095 1.431907762228341e-07
51350.000000000095 1.745244226422316e-07
51400.000000000095 1.0766649325521655e-07
51450.000000000095 9.298879354214711e-08
51500.000000000095 8.172578823857638e-08
51550.000000000095 1.791369835640602e-07
51600.000000000095 1.3573564670380632e-07
51650.000000000095 1.7503011790240082e-07
51700.000000000095 1.8603196130854644e-07
51750.000000000095 1.1992333783986653e-07
51800.000000000095 2.3732923559530907e-07
51850.000000000095 1.962617789735616e-07
51900.000000000095 2.5259469770331036e-07
51950.000000000095 1.8636306437853149e-07
52000.000000000095 5.3471600619411096e-08
52050.000000000095 1.2127571080396719e-07
52100.000000000095 9.992952727746137e-08
52150.000000000095 7.506775925009956e-08
52200.000000000095 9.937091379103724e-08
52250.000000000095 1.4373141886735818e-07
52300.000000000095 2.376976784592959e-07
52350.000000000095 1.1895870484981385e-07
52400.000000000095 1.0741468464633137e-07
52450.000000000095 2.0086480913981612e-07
52500.000000000095 1.8638820361315978e-07
52550.000000000095 1.8169171504153382e-07
52600.000000000095 1.5147914945750098e-07
52650.000000000095 1.6000219861823123e-07
52700.000000000095 1.2734596562633188e-07
52750.000000000095 9.041027584603361e-08
52800.000000000095 1.0739443925956738e-07
52850.000000000095 1.2707511041010352e-07
52900.000000000095 9.280730485353212e-08
52950.000000000095 1.1108906317462986e-07
53000.000000000095 1.947339559303711e-07
53050.000000000095 7.809533248803284e-08
53100.000000000095 1.9411671331155651e-07
53150.000000000095 2.2758036508276936e-07
53200.000000000095 9.863867971210636e-08
53250.000000000095 1.9920763397380028e-07
53300.000000000095 2.1778813800738596e-07
53350.000000000095 2.1076622793584403e-07
53400.000000000095 1.8848278156351777e-07
53450.000000000095 7.726551858221205e-08
53500.000000000095 4.140544987651214e-08
53550.000000000095 6.932457330207677e-08
53600.000000000095 1.3168747338348107e-07
53650.000000000095 1.0928844372594376e-07
53700.000000000095 9.900962300175937e-08
53750.000000000095 9.54424009253839e-08
53800.000000000095 9.910821239989387e-08
53850.000000000095 1.382678024765255e-07
53900.000000000095 1.526885100678147e-07
53950.000000000095 1.9028419801049528e-07
54000.000000000095 1.2641538616464405e-07
54050.000000000095 1.3082973355984934e-07
54100.000000000095 5.271011061039676e-08
54150.000000000095 8.004106018272325e-08
54200.000000000095 3.314084084442914e-08
54250.000000000095 5.002468162720243e-08
54300.000000000095 8.964644795790881e-08
54350.000000000095 1.2325891905660605e-07
54400.000000000095 1.1762316883255215e-07
54450.000000000095 1.0547733782646176e-07
54500.000000000095 9.233849740436964e-08
54550.000000000095 7.953970246723898e-08
54600.000000000095 9.520741726078357e-08
54650.000000000095 4.023477366986003e-08
54700.000000000095 1.1407707056269709e-07
54750.000000000095 1.0428941899381494e-07
54800.000000000095 6.816834947819454e-08
54850.000000000095 8.69260060474774e-08
54900.000000000095 1.2651764784548403e-07
54950.000000000095 1.7419428082212286e-07
55000.000000000095 6.955772870407554e-08
55050.000000000095 1.0494335035600833e-07
55100.000000000095 1.087114445879906e-07
55150.000000000095 7.840914934933474e-08
55200.000000000095 7.304015400474242e-08
55250.000000000095 8.891217604934588e-08
55300.000000000095 6.074161557944295e-08
55350.000000000095 1.0987445468773948e-07
55400.000000000095 1.3164556733437357e-07
55450.000000000095 8.586724524109709e-08
55500.000000000095 4.315069630852535e-08
55550.000000000095 5.732953579051632e-08
55600.000000000095 6.456585107513637e-08
55650.000000000095 5.703706418281001e-08
55700.000000000095 6.892879925089353e-08
55750.000000000095 7.374742115159254e-08
55800.000000000095 4.617705836351655e-08
55850.000000000095 4.7604962067229696e-08
55900.000000000095 9.663417251706562e-08
55950.000000000095 1.3152976921143263e-07
56000.000000000095 5.736474279972187e-08
56050.000000000095 7.495263894588671e-08
56100.000000000095 9.596989915578304e-08
56150.000000000095 6.238175987057703e-08
56200.000000000095 7.437636381786314e-08
56250.000000000095 9.83586530430769e-08
56300.000000000095 8.549782613340357e-08
56350.000000000095 7.619728377196192e-08
56400.000000000095 4.316358953451043e-08
56450.000000000095 3.9188885330083996e-08
56500.000000000095 7.05163087236374e-08
56550.000000000095 3.782805139189828e-08
56600.000000000095 9.41223599648258e-08
56650.000000000095 9.531063023625322e-08
56700.000000000095 9.640198025471893e-08
56750.000000000095 4.322185483461582e-08
56800.000000000095 8.116842969334044e-08
56850.000000000095 7.521868168812746e-08
56900.000000000095 5.4246879085725214e-08
56950.000000000095 9.249957605367731e-08
57000.000000000095 1.089652471443897e-07
57050.000000000095 6.246848266272734e-08
57100.000000000095 2.8685929981085106e-08
57150.000000000095 4.792234082686841e-08
57200.000000000095 3.8281438468811386e-08
57250.000000000095 5.414192394304387e-08
57300.000000000095 7.426382599860102e-08
57350.000000000095 4.27970906116248e-08
57400.000000000095 8.708469265427502e-08
57450.000000000095 6.42210584137284e-08
57500.000000000095 5.7795157404083304e-08
57550.000000000095 7.882813591363705e-08
57600.000000000095 7.7978517901587e-08
57650.000000000095 2.7124743090071678e-08
57700.000000000095 3.948659142622818e-08
57750.000000000095 5.279832174986603e-08
57800.000000000095 2.3078740232838003e-08
57850.000000000095 1.1775942336274574e-07
57900.000000000095 1.3693197359384234e-07
57950.000000000095 1.3177404500486584e-07
58000.000000000095 5.7249160033178046e-08
58050.000000000095 8.297756653902022e-08
58100.000000000095 9.512199857804594e-08
58150.000000000095 6.639775927870254e-08
58200.000000000095 2.9459021412248407e-08
58250.000000000095 3.934168552036549e-08
58300.000000000095 3.802840592171181e-08
58350.000000000095 4.533980032821401e-08
58400.000000000095 7.527002785903755e-08
58450.000000000095 8.513308398301948e-08
58500.000000000095 7.994349345113576e-08
58550.000000000095 8.398766029243253e-08
58600.000000000095 4.350092155480573e-08
58650.000000000095 5.41456352012216e-08
58700.000000000095 6.219489311315871e-08
58750.000000000095 6.608603014462696e-08
58800.000000000095 2.2524408959789948e-08
58850.000000000095 4.9947576920885024e-08
58900.000000000095 6.66723606851657e-08
58950.000000000095 3.589350312127152e-08
59000.000000000095 6.850691472820977e-08
59050.000000000095 8.435757199574657e-08
59100.000000000095 9.451280387741719e-08
59150.000000000095 6.979963001097659e-08
59200.000000000095 7.274764233798879e-08
59250.000000000095 7.711251954592225e-08
59300.000000000095 7.02004848446373e-08
59350.000000000095 2.7238927194227166e-08
59400.000000000095 2.381978357013378e-08
59450.000000000095 6.807534091492973e-08
59500.000000000095 3.7674527320382976e-08
59550.000000000095 8.10189276226397e-08
59600.000000000095 9.485574615887583e-08
59650.000000000095 5.996666684677525e-08
59700.000000000095 4.270802909686772e-08
59750.000000000095 1.1184925025699729e-07
59800.000000000095 5.7758837655857134e-08
59850.000000000095 8.111437722398901e-08
59900.000000000095 3.5237948571280965e-08
59950.000000000095 6.792243023324854e-08
60000.000000000095 1.2796360974658355e-07
60050.000000000095 1.1236190186575192e-07
60100.000000000095 1.0126667663738548e-07
60150.000000000095 5.8762645583620594e-08
60200.000000000095 8.26610754672022e-08
60250.000000000095 1.1723369602407606e-07
60300.000000000095 1.0534757524821535e-07
60350.000000000095 6.724227278978061e-08
60400.000000000095 8.126816995771957e-08
60450.000000000095 3.3819763521547635e-08
60500.000000000095 1.826690698383499e-08
60550.000000000095 7.804906664784644e-08
60600.000000000095 8.414229423456829e-08
60650.000000000095 6.281652344558262e-08
60700.000000000095 5.1048351747856014e-08
60750.000000000095 3.316337309135451e-08
60800.000000000095 8.505522983976771e-08
60850.000000000095 1.391151500528368e-07
60900.000000000095 1.2325755500036584e-07
60950.000000000095 1.011100120566953e-07
61000.000000000095 8.754804141456176e-08
61050.000000000095 4.9456638963356857e-08
61100.000000000095 6.525913192799675e-08
61150.000000000095 2.7887478539728203e-08
61200.000000000095 9.685865693331681e-08
61250.000000000095 1.0865474307086665e-07
61300.000000000095 9.300959298941307e-08
61350.000000000095 1.3586317188020351e-07
61400.000000000095 6.948674608200966e-08
61450.000000000095 3.942095233358587e-08
61500.000000000095 4.6854174953388316e-08
61550.000000000095 6.252252040002782e-08
61600.000000000095 3.970405361476774e-08
61650.000000000095 6.498302893316532e-08
61700.000000000095 6.187722494939878e-08
61750.000000000095 7.235738693603304e-08
61800.000000000095 7.489752032586986e-08
61850.000000000095 4.0341545954066375e-08
61900.000000000095 1.1143576654436039e-07
61950.000000000095 1.2035021988947358e-07
62000.000000000095 1.1213979129689681e-07
62050.000000000095 1.1363533801007761e-07
62100.000000000095 9.720031803921802e-08
62150.000000000095 1.1328038766807653e-07
62200.000000000095 9.950962300430236e-08
62250.000000000095 8.579753447451793e-08
62300.000000000095 1.5001269655204797e-07
62350.000000000095 1.260102193637057e-07
62400.000000000095 6.877577011862251e-08
62450.000000000095 9.050958079020022e-08
62500.000000000095 1.383029845981652e-07
62550.000000000095 1.4686909674238218e-07
62600.000000000095 1.4131501789223333e-07
62650.000000000095 1.0978263381469968e-07
62700.000000000095 1.0644929602011906e-07
62750.000000000095 1.4048178576810286e-07
62800.000000000095 8.43281163828757e-08
62850.000000000095 1.2262455566710833e-07
62900.000000000095 9.978924272426631e-08
62950.000000000095 1.5888176494915963e-07
63000.000000000095 1.1764997317891291e-07
63050.000000000095 1.834772115787804e-07
63100.000000000095 1.703001321659549e-07
63150.000000000095 1.1436416919778022e-07
63200.000000000095 1.3279313860887665e-07
63250.000000000095 1.3504815004079863e-07
63300.000000000095 1.2590824861163144e-07
63350.000000000095 1.210255810128632e-07
63400.000000000095 6.194075355401056e-08
63450.000000000095 4.324343040735062e-08
63500.000000000095 1.0916620203027839e-07
63550.000000000095 1.204945261917683e-07
63600.000000000095 1.2606834586072753e-07
63650.000000000095 8.955050877231029e-08
63700.000000000095 4.768702836620878e-08
63750.000000000095 7.964875311560935e-08
63800.000000000095 1.2164636578906805e-07
63850.000000000095 1.025438917099343e-07
63900.000000000095 5.590713597770289e-08
63950.000000000095 9.511297276684446e-08
64000.000000000095 1.1411746662544929e-07
64050.000000000095 6.8761245218042e-08
64100.000000000095 2.2200795581689913e-08
64150.000000000095 3.3488929626512906e-08
64200.000000000095 3.8897327335689284e-08
64250.000000000095 7.25687634894894e-08
64300.000000000095 5.646638410127771e-08
64350.000000000095 4.6576580828339737e-08
64400.000000000095 9.091063184397391e-08
64450.000000000095 9.628431022589067e-08
64500.000000000095 4.6140931517272013e-08
64550.000000000095 7.974068511979195e-08
64600.000000000095 4.7594963794485354e-08
64650.000000000095 7.853468189159567e-08
64700.000000000095 3.573036247600626e-08
64750.000000000095 4.812194580758218e-08
64800.000000000095 4.144108818659035e-08
64850.000000000095 3.4468904049506705e-08
64900.000000000095 3.87817631274349e-08
64950.000000000095 3.5210582803814364e-08
65000.000000000095 4.7184083252064185e-08
65050.000000000095 5.9362931332170986e-08
65100.000000000095 7.559169185190219e-08
65150.000000000095 4.662011736570083e-08
65200.000000000095 3.2326333288296814e-08
65250.000000000095 6.219082253154983e-08
65300.000000000095 5.767888057308715e-08
65350.000000000095 1.172981321193337e-07
65400.000000000095 5.411745369818931e-08
65450.000000000095 5.538497919969244e-08
65500.000000000095 6.629066097549013e-08
65550.00000000009 3.848096494346841e-08
65600.00000000009 6.033184909833938e-08
65650.00000000009 5.2792153573656544e-08
65700.00000000009 5.003150402603775e-08
65750.00000000009 3.6286110528884136e-08
65800.00000000009 5.920416889698834e-08
65850.00000000009 7.889532128192657e-08
65900.00000000009 3.5106401568708855e-08
65950.00000000009 3.781745604219005e-08
66000.00000000009 5.0727807211984604e-08
66050.00000000009 9.715990056150248e-08
66100.00000000009 5.71908930046213e-08
66150.00000000009 4.688224326030552e-08
66200.00000000009 4.466495826096252e-08
66250.00000000009 3.7889198795815684e-08
66300.00000000009 1.8619392564770264e-08
66350.00000000009 2.3680029440771425e-08
66400.00000000009 3.7045888230504046e-08
66450.00000000009 7.062575734502359e-08
66500.00000000009 9.627359881256625e-08
66550.00000000009 8.800979994669894e-08
66600.00000000009 6.926185475824906e-08
66650.00000000009 6.1075805687009e-08
66700.00000000009 5.182019378467128e-08
66750.00000000009 4.6740132765610525e-08
66800.00000000009 6.215165031053534e-08
66850.00000000009 4.150369395106388e-08
66900.00000000009 8.694290550588929e-08
66950.00000000009 9.761785537156569e-08
67000.00000000009 1.0157193936093413e-07
67050.00000000009 6.241582089824227e-08
67100.00000000009 4.679785847858328e-08
67150.00000000009 5.0970244905243914e-08
67200.00000000009 6.784706630778211e-08
67250.00000000009 6.314364075670873e-08
67300.00000000009 7.964338261753514e-08
67350.00000000009 4.7851305093093074e-08
67400.00000000009 9.809495096458987e-08
67450.00000000009 6.88240808501794e-08
67500.00000000009 6.418950753415778e-08
67550.00000000009 8.882280938434247e-08
67600.00000000009 1.45957380129253e-07
67650.00000000009 1.0679052795734901e-07
67700.00000000009 7.54532859243023e-08
67750.00000000009 5.929303763000888e-08
67800.00000000009 8.231212709955888e-08
67850.00000000009 4.477943293037594e-08
67900.00000000009 5.656224382395818e-08
67950.00000000009 4.090545112573344e-08
68000.00000000009 6.850705139184584e-08
