galfind/configs/Brown_Dwarf_templates/sonora_cholla/logkzz7/1000g/950K_1000g_logkzz7_resample.dat
# %ECSV 1.0
# ---
# datatype:
# - {name: wav, unit: Angstrom, datatype: float64}
# - {name: flux_nu, unit: erg / (cm2 Hz s), datatype: float64}
# schema: astropy-2.0
wav flux_nu
[from data line 775]
48750.000000000095 8.276124732609003e-08
48800.000000000095 1.4614385310590658e-07
48850.000000000095 9.96250334545386e-08
48900.000000000095 1.4477760028918015e-07
48950.000000000095 1.331194872573904e-07
49000.000000000095 1.1470172916856235e-07
49050.000000000095 1.4713990750522393e-07
49100.000000000095 1.0705357636335312e-07
49150.000000000095 1.7186019355379625e-07
49200.000000000095 1.0564284400007382e-07
49250.000000000095 1.7458720835089895e-07
49300.000000000095 1.2053228892277357e-07
49350.000000000095 1.380965686857371e-07
49400.000000000095 1.5981407522534722e-07
49450.000000000095 1.4383386427253645e-07
49500.000000000095 1.395569241921822e-07
49550.000000000095 7.778335166557867e-08
49600.000000000095 1.4409868917637916e-07
49650.000000000095 1.4141480026871801e-07
49700.000000000095 1.3541741401346168e-07
49750.000000000095 2.1582891241098056e-07
49800.000000000095 1.2527509587008938e-07
49850.000000000095 2.3587866056871314e-07
49900.000000000095 1.6938106351364998e-07
49950.000000000095 1.9626436013564166e-07
50000.000000000095 2.0759200853054954e-07
50050.000000000095 1.885490588604886e-07
50100.000000000095 2.4146408021277274e-07
50150.000000000095 1.248507746016264e-07
50200.000000000095 8.073540965079762e-08
50250.000000000095 1.9112117538302542e-07
50300.000000000095 1.4233572586227088e-07
50350.000000000095 2.1953530590924673e-07
50400.000000000095 1.7998055709645867e-07
50450.000000000095 1.8287970093577948e-07
50500.000000000095 2.5794918985231634e-07
50550.000000000095 2.0484597042987666e-07
50600.000000000095 2.116137687726471e-07
50650.000000000095 1.987993627076833e-07
50700.000000000095 2.9611537708126137e-07
50750.000000000095 2.5619710322424404e-07
50800.000000000095 1.2667110740817141e-07
50850.000000000095 1.2567220778360442e-07
50900.000000000095 2.561265328536943e-07
50950.000000000095 2.5570272614204577e-07
51000.000000000095 2.392751251442553e-07
51050.000000000095 2.253943280763878e-07
51100.000000000095 1.3243560346894092e-07
51150.000000000095 1.7390646649058528e-07
51200.000000000095 2.767630731811613e-07
51250.000000000095 2.3682715560827613e-07
51300.000000000095 1.6330008432777075e-07
51350.000000000095 2.032194730180771e-07
51400.000000000095 1.3448657265929952e-07
51450.000000000095 1.1697891053511066e-07
51500.000000000095 1.043704547972854e-07
51550.000000000095 2.157105879320216e-07
51600.000000000095 1.5857214171717852e-07
51650.000000000095 2.0544686023986853e-07
51700.000000000095 2.1882745752125716e-07
51750.000000000095 1.4310337875980997e-07
51800.000000000095 2.769693294041891e-07
51850.000000000095 2.2918186019503179e-07
51900.000000000095 2.910971359499281e-07
51950.000000000095 2.238656508724823e-07
52000.000000000095 7.179129481752266e-08
52050.000000000095 1.4956848378765796e-07
52100.000000000095 1.2681882404605648e-07
52150.000000000095 9.83425649330309e-08
52200.000000000095 1.2261731066643004e-07
52250.000000000095 1.6960941813926064e-07
52300.000000000095 2.803925586791217e-07
52350.000000000095 1.5174855521858238e-07
52400.000000000095 1.3311190486505683e-07
52450.000000000095 2.3339036920725254e-07
52500.000000000095 2.1735552527887946e-07
52550.000000000095 2.1518782132954126e-07
52600.000000000095 1.7974278795117995e-07
52650.000000000095 1.9260472964835766e-07
52700.000000000095 1.5423373511353799e-07
52750.000000000095 1.1419203926023488e-07
52800.000000000095 1.3195609180316144e-07
52850.000000000095 1.5452678192546054e-07
52900.000000000095 1.1844740120191607e-07
52950.000000000095 1.3610866106512826e-07
53000.000000000095 2.34181564620957e-07
53050.000000000095 9.815469465705943e-08
53100.000000000095 2.2864510513804485e-07
53150.000000000095 2.684621799847095e-07
53200.000000000095 1.2017513618945723e-07
53250.000000000095 2.354660904457441e-07
53300.000000000095 2.5678212492861877e-07
53350.000000000095 2.464054490993863e-07
53400.000000000095 2.2951949752998379e-07
53450.000000000095 1.0018779727058986e-07
53500.000000000095 5.733742223416682e-08
53550.000000000095 9.27707277918879e-08
53600.000000000095 1.623625192118016e-07
53650.000000000095 1.3335274393999954e-07
53700.000000000095 1.2248356291741413e-07
53750.000000000095 1.192622848965597e-07
53800.000000000095 1.2391772682330144e-07
53850.000000000095 1.6842132573005535e-07
53900.000000000095 1.7802484623190746e-07
53950.000000000095 2.265632802047903e-07
54000.000000000095 1.5378548148886495e-07
54050.000000000095 1.568786283461439e-07
54100.000000000095 6.879071170442737e-08
54150.000000000095 1.0299376089857119e-07
54200.000000000095 4.692859960005107e-08
54250.000000000095 6.553374053918889e-08
54300.000000000095 1.1170713058659158e-07
54350.000000000095 1.518306462645163e-07
54400.000000000095 1.476877717787843e-07
54450.000000000095 1.323910798687649e-07
54500.000000000095 1.1677849698191076e-07
54550.000000000095 9.924454562778726e-08
54600.000000000095 1.2102881575491767e-07
54650.000000000095 5.640710261658913e-08
54700.000000000095 1.445088783408532e-07
54750.000000000095 1.3315623440611686e-07
54800.000000000095 8.960896316561912e-08
54850.000000000095 1.107036705164401e-07
54900.000000000095 1.5677969538418996e-07
54950.000000000095 2.1269882069833181e-07
55000.000000000095 8.942169963240896e-08
55050.000000000095 1.3153815208904047e-07
55100.000000000095 1.32399785417783e-07
55150.000000000095 9.946272889378465e-08
55200.000000000095 9.477885213825424e-08
55250.000000000095 1.1191214077958846e-07
55300.000000000095 7.819022700485456e-08
55350.000000000095 1.3625161079623054e-07
55400.000000000095 1.645398408884701e-07
55450.000000000095 1.1032920338716741e-07
55500.000000000095 5.767804720295987e-08
55550.000000000095 7.767512785326654e-08
55600.000000000095 8.296230400923772e-08
55650.000000000095 7.27539604308133e-08
55700.000000000095 8.920858115947521e-08
55750.000000000095 9.759380546395197e-08
55800.000000000095 6.393848547409286e-08
55850.000000000095 6.333747813548487e-08
55900.000000000095 1.2323297709375718e-07
55950.000000000095 1.6509214283767757e-07
56000.000000000095 7.501537145256038e-08
56050.000000000095 9.831974329334317e-08
56100.000000000095 1.2164119838813874e-07
56150.000000000095 8.273234635538053e-08
56200.000000000095 9.67671425577057e-08
56250.000000000095 1.206044645261065e-07
56300.000000000095 1.1058900544767296e-07
56350.000000000095 1.0165675097446028e-07
56400.000000000095 6.117614483970373e-08
56450.000000000095 5.539473589759386e-08
56500.000000000095 9.11605105050364e-08
56550.000000000095 5.147203289514666e-08
56600.000000000095 1.1971133625739638e-07
56650.000000000095 1.1842004086021707e-07
56700.000000000095 1.2435444530079985e-07
56750.000000000095 5.926738433406609e-08
56800.000000000095 1.0742153644984791e-07
56850.000000000095 9.622147802476921e-08
56900.000000000095 7.247187867518122e-08
56950.000000000095 1.1937946148883434e-07
57000.000000000095 1.3784587815713217e-07
57050.000000000095 8.207455807659528e-08
57100.000000000095 4.025471479241934e-08
57150.000000000095 6.511365134266402e-08
57200.000000000095 5.188333657366362e-08
57250.000000000095 7.330747209295287e-08
57300.000000000095 9.801747184598061e-08
57350.000000000095 5.788504868123926e-08
57400.000000000095 1.1075258207114873e-07
57450.000000000095 8.664107707880685e-08
57500.000000000095 7.741748378144618e-08
57550.000000000095 1.045934498067775e-07
57600.000000000095 1.0538614870641123e-07
57650.000000000095 3.941937365908616e-08
57700.000000000095 5.466991578343629e-08
57750.000000000095 7.004008598884395e-08
57800.000000000095 3.1459792509084204e-08
57850.000000000095 1.4738778362966566e-07
57900.000000000095 1.712829612569093e-07
57950.000000000095 1.614686283594504e-07
58000.000000000095 7.507028409215161e-08
58050.000000000095 1.0590839416951542e-07
58100.000000000095 1.2404543945159257e-07
58150.000000000095 8.979754134328637e-08
58200.000000000095 4.2404794745827884e-08
58250.000000000095 5.606814447502816e-08
58300.000000000095 5.197595827484083e-08
58350.000000000095 6.199622791846391e-08
58400.000000000095 9.673157399314822e-08
58450.000000000095 1.080805921212026e-07
58500.000000000095 1.0041778261776736e-07
58550.000000000095 1.0880402613355947e-07
58600.000000000095 5.892616421518859e-08
58650.000000000095 7.3082133858522e-08
58700.000000000095 8.156867057781623e-08
58750.000000000095 8.88191673907682e-08
58800.000000000095 3.379545743528249e-08
58850.000000000095 6.840493373894617e-08
58900.000000000095 9.037731915040442e-08
58950.000000000095 5.085921441145694e-08
59000.000000000095 9.180129960177321e-08
59050.000000000095 1.0878102353800223e-07
59100.000000000095 1.2364293741561652e-07
59150.000000000095 9.164889448341825e-08
59200.000000000095 9.466080106593681e-08
59250.000000000095 1.0078853409899031e-07
59300.000000000095 9.3267233202477e-08
59350.000000000095 3.998197436888351e-08
59400.000000000095 3.407133382540618e-08
59450.000000000095 8.823294549280186e-08
59500.000000000095 5.078622287920392e-08
59550.000000000095 1.0605281718274469e-07
59600.000000000095 1.2121032431692047e-07
59650.000000000095 8.251676527009524e-08
59700.000000000095 5.838909213690094e-08
59750.000000000095 1.4367249387646454e-07
59800.000000000095 7.772493917631828e-08
59850.000000000095 1.080870856201326e-07
59900.000000000095 4.920316797628379e-08
59950.000000000095 9.033129850587523e-08
60000.000000000095 1.6414434882234647e-07
60050.000000000095 1.4239276866808985e-07
60100.000000000095 1.3126283047452156e-07
60150.000000000095 8.080010361529652e-08
60200.000000000095 1.0709051307174999e-07
60250.000000000095 1.4460437482462212e-07
60300.000000000095 1.3073312002360252e-07
60350.000000000095 8.612264826254418e-08
60400.000000000095 1.0734630078117983e-07
60450.000000000095 4.821275666437091e-08
60500.000000000095 2.822777687036551e-08
60550.000000000095 1.0452853651649153e-07
60600.000000000095 1.0865962537919776e-07
60650.000000000095 8.367011031245629e-08
60700.000000000095 7.038419799770391e-08
60750.000000000095 4.7970996583618954e-08
60800.000000000095 1.117096337600239e-07
60850.000000000095 1.7480284411051268e-07
60900.000000000095 1.5523970757508752e-07
60950.000000000095 1.3020782919650814e-07
61000.000000000095 1.1124367208546815e-07
61050.000000000095 6.735710497946332e-08
61100.000000000095 8.894847748067666e-08
61150.000000000095 3.873975678742692e-08
61200.000000000095 1.2877295842170964e-07
61250.000000000095 1.4260198264722628e-07
61300.000000000095 1.2227543819544505e-07
61350.000000000095 1.7063037221023182e-07
61400.000000000095 9.408111146295437e-08
61450.000000000095 5.567073015845573e-08
61500.000000000095 6.608490916213894e-08
61550.000000000095 8.15229984563013e-08
61600.000000000095 5.532744189187334e-08
61650.000000000095 8.656867571753229e-08
61700.000000000095 7.990236265868542e-08
61750.000000000095 9.353621995100449e-08
61800.000000000095 1.0119915056592323e-07
61850.000000000095 5.756241661224047e-08
61900.000000000095 1.4361752209880602e-07
61950.000000000095 1.518285424395527e-07
62000.000000000095 1.3989788684261804e-07
62050.000000000095 1.3973874463721177e-07
62100.000000000095 1.2705352892260118e-07
62150.000000000095 1.416982601158894e-07
62200.000000000095 1.251704949394476e-07
62250.000000000095 1.1225896437954044e-07
62300.000000000095 1.8399461844751177e-07
62350.000000000095 1.5540487540273246e-07
62400.000000000095 8.765635299588409e-08
62450.000000000095 1.1384694991031957e-07
62500.000000000095 1.6820787618385779e-07
62550.000000000095 1.7490951981067435e-07
62600.000000000095 1.740194879257902e-07
62650.000000000095 1.373441577232531e-07
62700.000000000095 1.3684558715973627e-07
62750.000000000095 1.7479575135362527e-07
62800.000000000095 1.0679215044853682e-07
62850.000000000095 1.5132447512784767e-07
62900.000000000095 1.257387173620444e-07
62950.000000000095 1.9154315250221185e-07
63000.000000000095 1.466453014284162e-07
63050.000000000095 2.1879072597119233e-07
63100.000000000095 2.0321469581892322e-07
63150.000000000095 1.3722477084857674e-07
63200.000000000095 1.6366782114956727e-07
63250.000000000095 1.6450872447905734e-07
63300.000000000095 1.612990102412719e-07
63350.000000000095 1.5327584492528325e-07
63400.000000000095 8.301296678071269e-08
63450.000000000095 6.067020631239281e-08
63500.000000000095 1.3989062969584037e-07
63550.000000000095 1.477167753549138e-07
63600.000000000095 1.600522100444801e-07
63650.000000000095 1.1583006282030739e-07
63700.000000000095 6.664250999482894e-08
63750.000000000095 1.042572300692914e-07
63800.000000000095 1.4786329619255758e-07
63850.000000000095 1.2821543392740022e-07
63900.000000000095 7.583251820356503e-08
63950.000000000095 1.2285543351402296e-07
64000.000000000095 1.447234394752449e-07
64050.000000000095 9.271035881465703e-08
64100.000000000095 3.2008976209810145e-08
64150.000000000095 4.707952907484152e-08
64200.000000000095 5.463053000339191e-08
64250.000000000095 9.550548859681415e-08
64300.000000000095 7.483555711851762e-08
64350.000000000095 6.311730757590827e-08
64400.000000000095 1.1519362727434107e-07
64450.000000000095 1.2194397990283159e-07
64500.000000000095 6.129863031864697e-08
64550.000000000095 1.021818395860123e-07
64600.000000000095 6.190949284201638e-08
64650.000000000095 1.0036761895995258e-07
64700.000000000095 4.848338057813334e-08
64750.000000000095 6.30084266766197e-08
64800.000000000095 5.682474394666758e-08
64850.000000000095 4.879311836554194e-08
64900.000000000095 5.522514864197207e-08
64950.000000000095 5.012732357957684e-08
65000.000000000095 6.50401998049083e-08
65050.000000000095 7.749232282718208e-08
65100.000000000095 9.697051977331135e-08
65150.000000000095 6.311707155257829e-08
65200.000000000095 4.6211959193147276e-08
65250.000000000095 8.267135952319978e-08
65300.000000000095 7.50240532480587e-08
65350.000000000095 1.461445971444546e-07
65400.000000000095 7.050675347816286e-08
65450.000000000095 7.230305086382985e-08
65500.000000000095 8.573323516582804e-08
65550.00000000009 5.242543785525373e-08
65600.00000000009 7.649098273662822e-08
65650.00000000009 7.100396107548117e-08
65700.00000000009 6.688123554272757e-08
65750.00000000009 5.004943268820985e-08
65800.00000000009 7.744289849968857e-08
65850.00000000009 1.0065756001041215e-07
65900.00000000009 4.873947001577686e-08
65950.00000000009 4.9423633522502324e-08
66000.00000000009 6.653321406830914e-08
66050.00000000009 1.2310879545324745e-07
66100.00000000009 7.446871593677084e-08
66150.00000000009 6.01502536618602e-08
66200.00000000009 5.781291982934521e-08
66250.00000000009 5.107497232657612e-08
66300.00000000009 2.6125456166224747e-08
66350.00000000009 3.4084435912867424e-08
66400.00000000009 5.087361945146534e-08
66450.00000000009 9.116446395232679e-08
66500.00000000009 1.22024290588802e-07
66550.00000000009 1.1164468858485974e-07
66600.00000000009 8.78098231597545e-08
66650.00000000009 7.915717881426152e-08
66700.00000000009 6.895151625214183e-08
66750.00000000009 6.231605102253445e-08
66800.00000000009 8.231565095829552e-08
66850.00000000009 5.5428057606648405e-08
66900.00000000009 1.0605832638359127e-07
66950.00000000009 1.2504195773613986e-07
67000.00000000009 1.2702807456587674e-07
67050.00000000009 8.019380609975562e-08
67100.00000000009 6.26432677866853e-08
67150.00000000009 6.746920657274475e-08
67200.00000000009 8.558873475954964e-08
67250.00000000009 8.095671915268526e-08
67300.00000000009 9.851014626468414e-08
67350.00000000009 6.120035435350043e-08
67400.00000000009 1.2295544941304904e-07
67450.00000000009 8.823288807046226e-08
67500.00000000009 8.210267643826355e-08
67550.00000000009 1.0819219995233349e-07
67600.00000000009 1.758779303587019e-07
67650.00000000009 1.2924810715120519e-07
67700.00000000009 9.483973025986997e-08
67750.00000000009 7.697237290223702e-08
67800.00000000009 1.0480079995449389e-07
67850.00000000009 5.988880689459802e-08
67900.00000000009 7.522124484108338e-08
67950.00000000009 5.435406325428284e-08
68000.00000000009 8.427396943745838e-08
