galfind/configs/Brown_Dwarf_templates/sonora_cholla/logkzz7/316g/1000K_316g_logkzz7_resample.dat
# %ECSV 1.0
# ---
# datatype:
# - {name: wav, unit: Angstrom, datatype: float64}
# - {name: flux_nu, unit: erg / (cm2 Hz s), datatype: float64}
# schema: astropy-2.0
wav flux_nu
[from data line 387]
29350.000000000095 1.3803185878680326e-07
29400.000000000095 6.615197629301187e-08
29450.000000000095 7.137857719112637e-08
29500.000000000095 8.1977701524093e-08
29550.000000000095 6.686672219832336e-08
29600.000000000095 9.377810611557632e-08
29650.000000000095 8.329317316035907e-08
29700.000000000095 6.565996136687941e-08
29750.000000000095 9.053448589056639e-08
29800.000000000095 9.96124627679633e-08
29850.000000000095 1.1018376901914513e-07
29900.000000000095 1.0969091537181951e-07
29950.000000000095 9.261065226695764e-08
30000.000000000095 7.481093690068577e-08
30050.000000000095 6.879120981845256e-08
30100.000000000095 8.9657279200122e-08
30150.000000000095 1.2052118715980363e-07
30200.000000000095 8.839896656473278e-08
30250.000000000095 1.3888923490814428e-07
30300.000000000095 1.1729504979065427e-07
30350.000000000095 1.0033646513718977e-07
30400.000000000095 1.3444794001345084e-07
30450.000000000095 9.845620887056723e-08
30500.000000000095 9.558813883332923e-08
30550.000000000095 1.0051126280437764e-07
30600.000000000095 1.2646705247810136e-07
30650.000000000095 1.12555338135279e-07
30700.000000000095 9.796088593507014e-08
30750.000000000095 9.606816218282455e-08
30800.000000000095 8.744576513721612e-08
30850.000000000095 8.909518587994166e-08
30900.000000000095 9.02518852006467e-08
30950.000000000095 5.6230045724776704e-08
31000.000000000095 7.568071254358345e-08
31050.000000000095 7.938445770406379e-08
31100.000000000095 5.361264045594879e-08
31150.000000000095 6.625897398640922e-08
31200.000000000095 7.488018486855439e-08
31250.000000000095 5.6877099319955845e-08
31300.000000000095 5.476219004797938e-08
31350.000000000095 5.339972643761909e-08
31400.000000000095 3.7697512932587015e-08
31450.000000000095 5.328258691849171e-08
31500.000000000095 3.835097279512476e-08
31550.000000000095 4.6350277373790386e-08
31600.000000000095 3.304361558869223e-08
31650.000000000095 3.3549981647831157e-08
31700.000000000095 3.893499777496359e-08
31750.000000000095 2.6514722995250488e-08
31800.000000000095 3.649774990511732e-08
31850.000000000095 2.8045253774736024e-08
31900.000000000095 3.1130423215469234e-08
31950.000000000095 2.7831651981162638e-08
32000.000000000095 2.7924954353351896e-08
32050.000000000095 2.4330389544058273e-08
32100.000000000095 2.2093231420997095e-08
32150.000000000095 2.9273927564624292e-08
32200.000000000095 2.077107569476283e-08
32250.000000000095 3.342775309152419e-08
32300.000000000095 1.801203967639784e-08
32350.000000000095 4.057484766224667e-08
32400.000000000095 2.5006600454624528e-08
32450.000000000095 3.6185856975340364e-08
32500.000000000095 2.78628390078641e-08
32550.000000000095 3.5416201837422874e-08
32600.000000000095 3.7946751223798326e-08
32650.000000000095 4.70783553178811e-08
32700.000000000095 3.9408376800209785e-08
32750.000000000095 5.629151107105205e-08
32800.000000000095 4.4984982690743394e-08
32850.000000000095 6.154262418126076e-08
32900.000000000095 6.611760934070681e-08
32950.000000000095 6.701979516546825e-08
33000.000000000095 5.533417999808645e-08
33050.000000000095 5.725091674237441e-08
33100.000000000095 2.993069876310386e-08
33150.000000000095 4.768518217349152e-09
33200.000000000095 6.223759072966004e-09
33250.000000000095 3.938508206878311e-09
33300.000000000095 5.056237581752034e-09
33350.000000000095 1.0747860531566595e-08
33400.000000000095 1.677029689848003e-08
33450.000000000095 2.140727848521036e-08
33500.000000000095 3.242508070962412e-08
33550.000000000095 2.8536134009565055e-08
33600.000000000095 4.3901158156034905e-08
33650.000000000095 4.3933599387441753e-08
33700.000000000095 3.6893360013043064e-08
33750.000000000095 5.4051337580711525e-08
33800.000000000095 3.217679865545654e-08
33850.000000000095 4.696915598400101e-08
33900.000000000095 4.237764516943841e-08
33950.000000000095 4.745595513677007e-08
34000.000000000095 5.197283251588701e-08
34050.000000000095 2.399060171314511e-08
34100.000000000095 4.809360329111197e-08
34150.000000000095 3.334018852442069e-08
34200.000000000095 4.494205810489275e-08
34250.000000000095 3.875663656398802e-08
34300.000000000095 3.136186641431769e-08
34350.000000000095 4.5916060109418537e-08
34400.000000000095 3.4034453544566e-08
34450.000000000095 5.193373147015804e-08
34500.000000000095 4.184760682672047e-08
34550.000000000095 2.912166356608677e-08
34600.000000000095 5.402811341298511e-08
34650.000000000095 3.065943252116807e-08
34700.000000000095 3.8640772355156404e-08
34750.000000000095 3.9386911761581255e-08
34800.000000000095 2.5290028215533157e-08
34850.000000000095 4.562535237155038e-08
34900.000000000095 4.776971196383709e-08
34950.000000000095 4.329176734392659e-08
35000.000000000095 5.9261795478100967e-08
35050.000000000095 4.2876307468779586e-08
35100.000000000095 6.181189371578548e-08
35150.000000000095 5.614184670103986e-08
35200.000000000095 6.984327099992057e-08
35250.000000000095 7.957478304951298e-08
35300.000000000095 4.8978108137158277e-08
35350.000000000095 7.182373957171047e-08
35400.000000000095 7.065171165467052e-08
35450.000000000095 5.9301215560485594e-08
35500.000000000095 9.988536118841557e-08
35550.000000000095 8.250659031187467e-08
35600.000000000095 8.816910223801417e-08
35650.000000000095 9.282798838912398e-08
35700.000000000095 6.302557561854266e-08
35750.000000000095 1.0792798213952386e-07
35800.000000000095 9.882730868510994e-08
35850.000000000095 7.189834485695335e-08
35900.000000000095 1.0880859677551745e-07
35950.000000000095 1.084373214724989e-07
36000.000000000095 8.506449031199105e-08
36050.000000000095 1.1124645832006077e-07
36100.000000000095 1.0120734711067503e-07
36150.000000000095 1.2150540775032047e-07
36200.000000000095 1.2187219284508316e-07
36250.000000000095 1.2512134693033825e-07
36300.000000000095 1.3984975013792888e-07
36350.000000000095 1.4141112108513699e-07
36400.000000000095 1.707187390742238e-07
36450.000000000095 1.6445555783606568e-07
36500.000000000095 1.6014606958947632e-07
36550.000000000095 1.8624220846785033e-07
36600.000000000095 2.0947283377325814e-07
36650.000000000095 2.075039017811578e-07
36700.000000000095 2.128667156939135e-07
36750.000000000095 2.3729990913785064e-07
36800.000000000095 2.2119938810814326e-07
36850.000000000095 2.0553995880833787e-07
36900.000000000095 2.1438386490360165e-07
36950.000000000095 2.4279559434605196e-07
37000.000000000095 2.2312994323869449e-07
37050.000000000095 2.4987338611719273e-07
37100.000000000095 2.520699713962609e-07
37150.000000000095 2.627652334196926e-07
37200.000000000095 2.784705620340911e-07
37250.000000000095 2.3956135585437514e-07
37300.000000000095 2.453620493127069e-07
37350.000000000095 2.800017673085345e-07
37400.000000000095 3.266030253153251e-07
37450.000000000095 2.85344011746489e-07
37500.000000000095 2.5844645555214207e-07
37550.000000000095 3.537216211360261e-07
37600.000000000095 3.7207619182682013e-07
37650.000000000095 2.8729108342912615e-07
37700.000000000095 3.414266039129412e-07
37750.000000000095 2.724303398202967e-07
37800.000000000095 3.211818772500937e-07
37850.000000000095 2.5862557474076077e-07
37900.000000000095 3.077758869735021e-07
37950.000000000095 3.477665964522945e-07
38000.000000000095 3.9298133605352564e-07
38050.000000000095 3.502497318299914e-07
38100.000000000095 3.8427197033177924e-07
38150.000000000095 3.825374026572211e-07
38200.000000000095 4.0220259961676613e-07
38250.000000000095 3.8411454709146626e-07
38300.000000000095 4.5979538528087286e-07
38350.000000000095 4.6472083514458096e-07
38400.000000000095 3.487190904230253e-07
38450.000000000095 3.9154522615545186e-07
38500.000000000095 3.345746007343082e-07
38550.000000000095 3.985551546147083e-07
38600.000000000095 4.0867006731444356e-07
38650.000000000095 4.667185193801337e-07
38700.000000000095 4.711464940066228e-07
38750.000000000095 4.632548547998399e-07
38800.000000000095 4.164592677705055e-07
38850.000000000095 4.909409461930142e-07
38900.000000000095 4.93138951147607e-07
38950.000000000095 4.5553919071247693e-07
39000.000000000095 5.252557272762499e-07
39050.000000000095 4.766328658498072e-07
39100.000000000095 4.724276264035087e-07
39150.000000000095 4.93704113731792e-07
39200.000000000095 4.6909047823205173e-07
39250.000000000095 5.419946804272154e-07
39300.000000000095 5.186140222614803e-07
39350.000000000095 5.879708068565662e-07
39400.000000000095 5.649034778482669e-07
39450.000000000095 5.743386309827544e-07
39500.000000000095 5.312408629988364e-07
39550.000000000095 5.460151661585203e-07
39600.000000000095 5.555133051027519e-07
39650.000000000095 6.373602340084102e-07
39700.000000000095 5.704451461950803e-07
39750.000000000095 4.859055988189544e-07
39800.000000000095 5.70582185648414e-07
39850.000000000095 6.176343646581939e-07
39900.000000000095 6.180908997719212e-07
39950.000000000095 5.929889140570782e-07
40000.000000000095 6.286620069907836e-07
40050.000000000095 6.378061237773815e-07
40100.000000000095 5.508696523677926e-07
40150.000000000095 6.785545284810151e-07
40200.000000000095 6.879035624463199e-07
40250.000000000095 6.137584401203569e-07
40300.000000000095 6.551368569271383e-07
40350.000000000095 5.842649691302805e-07
40400.000000000095 6.677152664564085e-07
40450.000000000095 6.252477777208898e-07
40500.000000000095 6.118964806052388e-07
40550.000000000095 6.766636484213115e-07
40600.000000000095 6.102313567664062e-07
40650.000000000095 6.772033861754881e-07
40700.000000000095 7.873694872991982e-07
40750.000000000095 6.541099265782453e-07
40800.000000000095 5.723536529409939e-07
40850.000000000095 6.991165525380123e-07
40900.000000000095 6.756433102177793e-07
40950.000000000095 6.236434489126592e-07
41000.000000000095 6.585316730781237e-07
41050.000000000095 7.00660380723029e-07
41100.000000000095 6.054086841732482e-07
41150.000000000095 5.666862406294787e-07
41200.000000000095 6.971760343047046e-07
41250.000000000095 6.815684146836483e-07
41300.000000000095 5.39445435563207e-07
41350.000000000095 7.210314322010224e-07
41400.000000000095 6.50418300287088e-07
41450.000000000095 6.819601867475109e-07
41500.000000000095 6.265353511156211e-07
41550.000000000095 5.700378134843844e-07
41600.000000000095 6.311510203843865e-07
41650.000000000095 6.261332650847517e-07
41700.000000000095 5.711569631393317e-07
41750.000000000095 5.374223791272796e-07
41800.000000000095 6.908679210517171e-07
41850.000000000095 4.088999914953922e-07
41900.000000000095 5.359475671459958e-07
41950.000000000095 5.705605689288294e-07
42000.000000000095 5.820614454717693e-07
42050.000000000095 4.819680128002674e-07
42100.000000000095 5.432694028013724e-07
42150.000000000095 4.0241263137392204e-07
42200.000000000095 4.505394082239551e-07
42250.000000000095 4.446781776373958e-07
42300.000000000095 4.163523996585688e-07
42350.000000000095 4.618441466326558e-07
42400.000000000095 3.9242481236377355e-07
42450.000000000095 3.42951202991952e-07
42500.000000000095 3.940381671962193e-07
42550.000000000095 3.683690680546258e-07
42600.000000000095 4.4900490653157995e-07
42650.000000000095 5.181750525556516e-07
42700.000000000095 4.1395741677776734e-07
42750.000000000095 3.9445662988445603e-07
42800.000000000095 3.605827813694658e-07
42850.000000000095 4.5488417034497867e-07
42900.000000000095 4.5816097305808624e-07
42950.000000000095 3.436268866715464e-07
43000.000000000095 4.620902191361154e-07
43050.000000000095 2.7959482325174974e-07
43100.000000000095 4.065301885733571e-07
43150.000000000095 4.263694024040386e-07
43200.000000000095 4.1921926031192876e-07
43250.000000000095 4.453714152265104e-07
43300.000000000095 5.187555455887052e-07
43350.000000000095 3.4460523062839995e-07
43400.000000000095 4.321046269982046e-07
43450.000000000095 3.259800488267108e-07
43500.000000000095 3.46340693719194e-07
43550.000000000095 3.254036130748361e-07
43600.000000000095 4.0823342522843603e-07
43650.000000000095 2.690491965936772e-07
43700.000000000095 4.1193287949951865e-07
43750.000000000095 4.079940933852616e-07
43800.000000000095 3.2011208171343643e-07
43850.000000000095 3.267310799974264e-07
43900.000000000095 2.799808070198835e-07
43950.000000000095 2.6161776789390906e-07
44000.000000000095 1.805126110080479e-07
44050.000000000095 2.5417245850472526e-07
44100.000000000095 2.6638139228986923e-07
44150.000000000095 2.5771329812865615e-07
44200.000000000095 2.2686433383001164e-07
44250.000000000095 2.0692744363099103e-07
44300.000000000095 1.8890306195377854e-07
44350.000000000095 1.5883148380606051e-07
44400.000000000095 1.641355145368459e-07
44450.000000000095 1.642595224849371e-07
44500.000000000095 1.308790829605415e-07
44550.000000000095 1.4278250018994767e-07
44600.000000000095 1.1817498222745312e-07
44650.000000000095 1.3379846486907254e-07
44700.000000000095 1.2508108300685071e-07
44750.000000000095 1.2755813027205018e-07
44800.000000000095 1.1732191977800952e-07
44850.000000000095 1.0782558427879653e-07
44900.000000000095 9.025832341875556e-08
44950.000000000095 8.694042669864145e-08
45000.000000000095 8.747978930238573e-08
45050.000000000095 9.205479621576702e-08
45100.000000000095 8.587428131572604e-08
45150.000000000095 7.840675641845217e-08
45200.000000000095 6.266750756330736e-08
45250.000000000095 6.69023265370483e-08
45300.000000000095 7.765941187585499e-08
45350.000000000095 7.601862379487792e-08
45400.000000000095 5.962770569627688e-08
45450.000000000095 5.761110115305074e-08
45500.000000000095 6.189105568832266e-08
45550.000000000095 7.380050602454782e-08
45600.000000000095 5.633958779837113e-08
45650.000000000095 5.5884357999624236e-08
45700.000000000095 7.361389532044558e-08
45750.000000000095 6.092056917388457e-08
45800.000000000095 5.081083937572393e-08
45850.000000000095 7.610045013936727e-08
45900.000000000095 7.362010492585018e-08
45950.000000000095 5.2218672187629604e-08
46000.000000000095 7.039688387491308e-08
46050.000000000095 7.752280638145205e-08
46100.000000000095 5.296569523758573e-08
46150.000000000095 7.791411419969692e-08
46200.000000000095 7.615500848583204e-08
46250.000000000095 4.084802389702533e-08
46300.000000000095 8.836918070364315e-08
46350.000000000095 6.301583136775716e-08
46400.000000000095 7.480392548492196e-08
46450.000000000095 1.0117031484849236e-07
46500.000000000095 7.367101907533387e-08
46550.000000000095 1.117855093960754e-07
46600.000000000095 1.1037767777477309e-07
46650.000000000095 1.7390989977310437e-07
46700.000000000095 1.318086423157254e-07
46750.000000000095 9.77217550611156e-08
46800.000000000095 8.253004235926302e-08
46850.000000000095 9.956044394035859e-08
46900.000000000095 8.656159080749133e-08
46950.000000000095 1.2496792728580203e-07
47000.000000000095 6.677468152417958e-08
47050.000000000095 1.2552349651496557e-07
47100.000000000095 6.360835572406033e-08
47150.000000000095 8.119583169375912e-08
47200.000000000095 8.938934133870034e-08
47250.000000000095 6.561094343591241e-08
47300.000000000095 8.198418594620858e-08
47350.000000000095 5.720634701504168e-08
47400.000000000095 1.0293909624378292e-07
47450.000000000095 5.750155448987376e-08
47500.000000000095 1.1148788045300376e-07
47550.000000000095 6.076265344212991e-08
47600.000000000095 1.0699492936537434e-07
47650.000000000095 6.366932024693702e-08
47700.000000000095 9.988648296127885e-08
47750.000000000095 5.8437105835046167e-08
47800.000000000095 1.0142982892902582e-07
47850.000000000095 5.355008158378124e-08
47900.000000000095 9.197339348193563e-08
47950.000000000095 6.896434249720114e-08
48000.000000000095 1.1963370837129747e-07
48050.000000000095 7.968740023153508e-08
48100.000000000095 1.1384016972819732e-07
48150.000000000095 7.917703354268563e-08
48200.000000000095 1.1869736819911493e-07
48250.000000000095 8.70444264159763e-08
48300.000000000095 1.4137956010516833e-07
48350.000000000095 8.379910987925703e-08
48400.000000000095 1.1448294753943124e-07
48450.000000000095 7.43891103964534e-08
48500.000000000095 1.4125521159067242e-07
48550.000000000095 7.440178578535937e-08
48600.000000000095 1.348736434728986e-07
48650.000000000095 7.577690577301295e-08
