galfind/configs/Brown_Dwarf_templates/sonora_cholla/logkzz7/316g/1050K_316g_logkzz7_resample.dat
# %ECSV 1.0
# ---
# datatype:
# - {name: wav, unit: Angstrom, datatype: float64}
# - {name: flux_nu, unit: erg / (cm2 Hz s), datatype: float64}
# schema: astropy-2.0
wav flux_nu
[from data line 388]
29400.000000000095 8.813955086389772e-08
29450.000000000095 9.212670386593869e-08
29500.000000000095 1.0356415479873725e-07
29550.000000000095 8.685753462385357e-08
29600.000000000095 1.209058603792106e-07
29650.000000000095 1.0396128895806919e-07
29700.000000000095 8.652133820557166e-08
29750.000000000095 1.1553125410582361e-07
29800.000000000095 1.2844418677532334e-07
29850.000000000095 1.3756007887157391e-07
29900.000000000095 1.3496854392104156e-07
29950.000000000095 1.1745232388918283e-07
30000.000000000095 1.0273364931386857e-07
30050.000000000095 9.061525137097492e-08
30100.000000000095 1.1381137332509568e-07
30150.000000000095 1.5215948303157134e-07
30200.000000000095 1.1341146465846594e-07
30250.000000000095 1.6999616387651516e-07
30300.000000000095 1.4426271579006082e-07
30350.000000000095 1.2546208967614238e-07
30400.000000000095 1.6450785862135078e-07
30450.000000000095 1.2368469505776515e-07
30500.000000000095 1.2014707694251864e-07
30550.000000000095 1.2934771633676336e-07
30600.000000000095 1.5544939632510566e-07
30650.000000000095 1.4148693645814734e-07
30700.000000000095 1.2391213315131967e-07
30750.000000000095 1.1975678547539432e-07
30800.000000000095 1.1193735415828788e-07
30850.000000000095 1.1213715292620385e-07
30900.000000000095 1.1428088667617326e-07
30950.000000000095 7.296689808391916e-08
31000.000000000095 9.70417452106995e-08
31050.000000000095 1.0163047664946931e-07
31100.000000000095 6.946333306078774e-08
31150.000000000095 8.531939249824384e-08
31200.000000000095 9.410281998427273e-08
31250.000000000095 7.45213446011787e-08
31300.000000000095 7.176572512286769e-08
31350.000000000095 6.948153790045037e-08
31400.000000000095 5.000946460961522e-08
31450.000000000095 6.973539223053643e-08
31500.000000000095 5.238927905824072e-08
31550.000000000095 6.243290588666128e-08
31600.000000000095 4.5248921825391125e-08
31650.000000000095 4.639999411551948e-08
31700.000000000095 5.249921601578387e-08
31750.000000000095 3.802681340694803e-08
31800.000000000095 4.916459439626941e-08
31850.000000000095 4.0120602546809535e-08
31900.000000000095 4.262394894813121e-08
31950.000000000095 3.96891321569955e-08
32000.000000000095 3.925215248432859e-08
32050.000000000095 3.441723499830021e-08
32100.000000000095 3.158325499956718e-08
32150.000000000095 4.1535489169194263e-08
32200.000000000095 3.038590323369465e-08
32250.000000000095 4.559951304063449e-08
32300.000000000095 2.6829895641361756e-08
32350.000000000095 5.62780800096966e-08
32400.000000000095 3.671698109902232e-08
32450.000000000095 5.146835914948758e-08
32500.000000000095 3.999914011276034e-08
32550.000000000095 5.000878421097463e-08
32600.000000000095 5.455037461053998e-08
32650.000000000095 6.58046249164346e-08
32700.000000000095 5.502396417364542e-08
32750.000000000095 7.695269693732053e-08
32800.000000000095 6.088725447634117e-08
32850.000000000095 8.19680160674513e-08
32900.000000000095 8.898457086249958e-08
32950.000000000095 8.943039042864973e-08
33000.000000000095 7.618129384117802e-08
33050.000000000095 7.712277922674713e-08
33100.000000000095 4.248324084033436e-08
33150.000000000095 8.764638763355788e-09
33200.000000000095 1.0519803973917635e-08
33250.000000000095 6.566478885950028e-09
33300.000000000095 7.748713987075207e-09
33350.000000000095 1.5450783806292437e-08
33400.000000000095 2.303054481227594e-08
33450.000000000095 2.9312684207834857e-08
33500.000000000095 4.239606086787676e-08
33550.000000000095 3.8826973659401473e-08
33600.000000000095 5.859174552685834e-08
33650.000000000095 6.005479911849344e-08
33700.000000000095 5.183124128274987e-08
33750.000000000095 7.298129371472462e-08
33800.000000000095 4.69700132978124e-08
33850.000000000095 6.63034056347176e-08
33900.000000000095 5.9125408614852375e-08
33950.000000000095 6.651396381310717e-08
34000.000000000095 7.041468930682771e-08
34050.000000000095 3.484219405255907e-08
34100.000000000095 6.616405099989114e-08
34150.000000000095 4.758650288632875e-08
34200.000000000095 6.184518451909906e-08
34250.000000000095 5.415635525311687e-08
34300.000000000095 4.3433218444926574e-08
34350.000000000095 6.163176296198114e-08
34400.000000000095 4.812299959298109e-08
34450.000000000095 6.98238323622216e-08
34500.000000000095 5.911326421874092e-08
34550.000000000095 4.132186401127559e-08
34600.000000000095 7.320743941239155e-08
34650.000000000095 4.4045005483631626e-08
34700.000000000095 5.303988728056342e-08
34750.000000000095 5.450381058084225e-08
34800.000000000095 3.5496342196648524e-08
34850.000000000095 6.136246944245221e-08
34900.000000000095 6.572563823592869e-08
34950.000000000095 5.828561219771411e-08
35000.000000000095 7.919101900214204e-08
35050.000000000095 5.8762117989571276e-08
35100.000000000095 8.097969890728354e-08
35150.000000000095 7.391385144184134e-08
35200.000000000095 9.28656235070573e-08
35250.000000000095 1.0552365138558432e-07
35300.000000000095 6.529169355046789e-08
35350.000000000095 9.455208108279392e-08
35400.000000000095 9.295406261284751e-08
35450.000000000095 7.896675111116319e-08
35500.000000000095 1.2677139125457216e-07
35550.000000000095 1.0833515247538413e-07
35600.000000000095 1.1455205839833959e-07
35650.000000000095 1.2080393924147357e-07
35700.000000000095 8.257356899944637e-08
35750.000000000095 1.3533306084594066e-07
35800.000000000095 1.2892596636482634e-07
35850.000000000095 9.520058551281058e-08
35900.000000000095 1.4169157618307783e-07
35950.000000000095 1.3843611429958303e-07
36000.000000000095 1.1323814570607288e-07
36050.000000000095 1.4591880105631993e-07
36100.000000000095 1.3272458295662632e-07
36150.000000000095 1.5564018375210164e-07
36200.000000000095 1.5831974195231148e-07
36250.000000000095 1.6022337285802586e-07
36300.000000000095 1.7847987318571844e-07
36350.000000000095 1.818617888468049e-07
36400.000000000095 2.1453283558725254e-07
36450.000000000095 2.0798920984513055e-07
36500.000000000095 2.0417216587556054e-07
36550.000000000095 2.3001454790089115e-07
36600.000000000095 2.5727713136952697e-07
36650.000000000095 2.5590819378434184e-07
36700.000000000095 2.6500550403407276e-07
36750.000000000095 2.930093899188417e-07
36800.000000000095 2.758027019318446e-07
36850.000000000095 2.614949995438249e-07
36900.000000000095 2.663325421512768e-07
36950.000000000095 3.029395121257452e-07
37000.000000000095 2.808719245217503e-07
37050.000000000095 3.099940379554706e-07
37100.000000000095 3.1327547904835306e-07
37150.000000000095 3.2767585561466786e-07
37200.000000000095 3.4536076411261794e-07
37250.000000000095 3.0147238878681006e-07
37300.000000000095 3.099686405386986e-07
37350.000000000095 3.449776620625312e-07
37400.000000000095 3.983443949583315e-07
37450.000000000095 3.5811314444536335e-07
37500.000000000095 3.265001120484292e-07
37550.000000000095 4.282895963244832e-07
37600.000000000095 4.4901412197737617e-07
37650.000000000095 3.6037976960671896e-07
37700.000000000095 4.189904146769293e-07
37750.000000000095 3.4114511748230424e-07
37800.000000000095 4.0069913415451227e-07
37850.000000000095 3.286802883984456e-07
37900.000000000095 3.8905038585280264e-07
37950.000000000095 4.303981179805415e-07
38000.000000000095 4.788462122562744e-07
38050.000000000095 4.2984583522311703e-07
38100.000000000095 4.664547939776756e-07
38150.000000000095 4.645204315669639e-07
38200.000000000095 4.92140043695645e-07
38250.000000000095 4.6805173575138906e-07
38300.000000000095 5.462182480337809e-07
38350.000000000095 5.55989450263304e-07
38400.000000000095 4.2830917070280564e-07
38450.000000000095 4.901262003242392e-07
38500.000000000095 4.2918879107732924e-07
38550.000000000095 4.937480575127805e-07
38600.000000000095 5.054962501983147e-07
38650.000000000095 5.666927648244066e-07
38700.000000000095 5.708337264365803e-07
38750.000000000095 5.601390574712245e-07
38800.000000000095 5.157117357628614e-07
38850.000000000095 5.917167247912038e-07
38900.000000000095 5.905378387790666e-07
38950.000000000095 5.609482764280163e-07
39000.000000000095 6.301900363220033e-07
39050.000000000095 5.822996071873762e-07
39100.000000000095 5.672466219847642e-07
39150.000000000095 5.9973351068605e-07
39200.000000000095 5.712765504509998e-07
39250.000000000095 6.472269000742953e-07
39300.000000000095 6.258381433647402e-07
39350.000000000095 6.943060804900137e-07
39400.000000000095 6.776681604398242e-07
39450.000000000095 6.866221795557701e-07
39500.000000000095 6.285507968973403e-07
39550.000000000095 6.549269149838166e-07
39600.000000000095 6.644159721144406e-07
39650.000000000095 7.436564016926622e-07
39700.000000000095 6.78834451095217e-07
39750.000000000095 5.954885192034578e-07
39800.000000000095 6.810189729362231e-07
39850.000000000095 7.229113731271703e-07
39900.000000000095 7.221530708441571e-07
39950.000000000095 7.057959696836528e-07
40000.000000000095 7.275429830631467e-07
40050.000000000095 7.45187938644892e-07
40100.000000000095 6.703801583572006e-07
40150.000000000095 7.919587813869289e-07
40200.000000000095 8.031999761246337e-07
40250.000000000095 7.06153469062781e-07
40300.000000000095 7.562264647516261e-07
40350.000000000095 6.96485817699867e-07
40400.000000000095 7.754364255944909e-07
40450.000000000095 7.388512207838546e-07
40500.000000000095 7.005301258667454e-07
40550.000000000095 7.848570382328489e-07
40600.000000000095 6.990106883302572e-07
40650.000000000095 7.913311814262861e-07
40700.000000000095 8.964687983563707e-07
40750.000000000095 7.489624512919296e-07
40800.000000000095 6.661097334610277e-07
40850.000000000095 7.863553874260431e-07
40900.000000000095 7.62032728231715e-07
40950.000000000095 7.229452892755956e-07
41000.000000000095 7.547321488913646e-07
41050.000000000095 7.921004077568502e-07
41100.000000000095 6.927109401517459e-07
41150.000000000095 6.643339993022045e-07
41200.000000000095 7.819069816771883e-07
41250.000000000095 7.749820839257273e-07
41300.000000000095 6.091346924696872e-07
41350.000000000095 8.084483961358757e-07
41400.000000000095 7.36014700599915e-07
41450.000000000095 7.672109853699444e-07
41500.000000000095 7.213596129495116e-07
41550.000000000095 6.563644540334411e-07
41600.000000000095 7.118488804217967e-07
41650.000000000095 7.034614382346759e-07
41700.000000000095 6.438314373880149e-07
41750.000000000095 5.988910204610234e-07
41800.000000000095 7.58507707280571e-07
41850.000000000095 4.4574913738729446e-07
41900.000000000095 5.957430223706903e-07
41950.000000000095 6.113041141920414e-07
42000.000000000095 6.153049831364261e-07
42050.000000000095 5.076266146395706e-07
42100.000000000095 5.577951097142735e-07
42150.000000000095 4.137958095368792e-07
42200.000000000095 4.698754573912041e-07
42250.000000000095 4.478004986880484e-07
42300.000000000095 4.2614804109984335e-07
42350.000000000095 4.6630336290937087e-07
42400.000000000095 3.8570753703227385e-07
42450.000000000095 3.257847518360854e-07
42500.000000000095 4.002009845161606e-07
42550.000000000095 3.7432601232530933e-07
42600.000000000095 4.5830389085521915e-07
42650.000000000095 4.993980547356137e-07
42700.000000000095 4.2541480953201956e-07
42750.000000000095 4.1395642254871607e-07
42800.000000000095 3.70283219827283e-07
42850.000000000095 4.619870047887201e-07
42900.000000000095 4.588065181246118e-07
42950.000000000095 3.587096277259743e-07
43000.000000000095 4.5950396277317324e-07
43050.000000000095 2.97255732436507e-07
43100.000000000095 4.2506106245258787e-07
43150.000000000095 4.4496885229295917e-07
43200.000000000095 4.3256467076724176e-07
43250.000000000095 4.2497826905995935e-07
43300.000000000095 5.188253838665881e-07
43350.000000000095 3.714720307173315e-07
43400.000000000095 4.592585613991296e-07
43450.000000000095 3.3819779010165595e-07
43500.000000000095 3.634975362988333e-07
43550.000000000095 3.363612715566869e-07
43600.000000000095 4.3131099685531e-07
43650.000000000095 2.8606682206844876e-07
43700.000000000095 4.2916701946581673e-07
43750.000000000095 4.223972249409605e-07
43800.000000000095 3.3435682348601724e-07
43850.000000000095 3.5629170579809754e-07
43900.000000000095 2.9458378247554223e-07
43950.000000000095 2.9272074290725745e-07
44000.000000000095 2.043970433252257e-07
44050.000000000095 2.801057298178567e-07
44100.000000000095 2.92149486879982e-07
44150.000000000095 2.867658818209476e-07
44200.000000000095 2.5172965706807664e-07
44250.000000000095 2.3399635821270729e-07
44300.000000000095 2.1567171037615567e-07
44350.000000000095 1.809681143117299e-07
44400.000000000095 1.900014512009119e-07
44450.000000000095 1.8989001156206004e-07
44500.000000000095 1.5216681172586085e-07
44550.000000000095 1.6585580564194404e-07
44600.000000000095 1.3920427520023861e-07
44650.000000000095 1.5803344913954776e-07
44700.000000000095 1.4885371772884495e-07
44750.000000000095 1.5215359945820327e-07
44800.000000000095 1.4115083621726687e-07
44850.000000000095 1.3018018560421812e-07
44900.000000000095 1.1000259407530294e-07
44950.000000000095 1.0741897925474548e-07
45000.000000000095 1.0830259112330113e-07
45050.000000000095 1.1374073151929008e-07
45100.000000000095 1.0558735030374452e-07
45150.000000000095 9.783860614140222e-08
45200.000000000095 7.97255836574765e-08
45250.000000000095 8.493805603160454e-08
45300.000000000095 9.769818628352258e-08
45350.000000000095 9.6709603128341e-08
45400.000000000095 7.650186340162232e-08
45450.000000000095 7.463288183840987e-08
45500.000000000095 7.91470452311813e-08
45550.000000000095 9.396799249526319e-08
45600.000000000095 7.342959104990618e-08
45650.000000000095 7.281999529508311e-08
45700.000000000095 9.4290828017162e-08
45750.000000000095 7.919665163396744e-08
45800.000000000095 6.734955540490563e-08
45850.000000000095 9.860541276629123e-08
45900.000000000095 9.550827688405733e-08
45950.000000000095 6.957037540778038e-08
46000.000000000095 9.163739496812582e-08
46050.000000000095 1.0029033853763421e-07
46100.000000000095 7.034004443403221e-08
46150.000000000095 9.995044545150447e-08
46200.000000000095 9.692110085894025e-08
46250.000000000095 5.46814403841413e-08
46300.000000000095 1.1222766506901666e-07
46350.000000000095 8.093300519402665e-08
46400.000000000095 9.598819366267081e-08
46450.000000000095 1.2652392901676557e-07
46500.000000000095 9.456792515472965e-08
46550.000000000095 1.3768441844750284e-07
46600.000000000095 1.3567387639823836e-07
46650.000000000095 2.0790125888871683e-07
46700.000000000095 1.5977865495574386e-07
46750.000000000095 1.2206682843263533e-07
46800.000000000095 1.0495930575429357e-07
46850.000000000095 1.259101877469446e-07
46900.000000000095 1.1008138831598685e-07
46950.000000000095 1.5454090889439825e-07
47000.000000000095 8.700783705550498e-08
47050.000000000095 1.5655236848885222e-07
47100.000000000095 8.358709678863057e-08
47150.000000000095 1.030729739037624e-07
47200.000000000095 1.1474874280432821e-07
47250.000000000095 8.619517863830603e-08
47300.000000000095 1.0474662653461167e-07
47350.000000000095 7.504892299496428e-08
47400.000000000095 1.2988958242832315e-07
47450.000000000095 7.614613728812178e-08
47500.000000000095 1.3948134267882552e-07
47550.000000000095 7.982736107660446e-08
47600.000000000095 1.3378235290946656e-07
47650.000000000095 8.271854508911363e-08
47700.000000000095 1.249452681954166e-07
47750.000000000095 7.533613815937672e-08
47800.000000000095 1.267209058650969e-07
47850.000000000095 6.840926371171807e-08
47900.000000000095 1.1651463890285747e-07
47950.000000000095 8.779404155659889e-08
48000.000000000095 1.4830679075497848e-07
48050.000000000095 1.0041201262958818e-07
48100.000000000095 1.4057427599956496e-07
48150.000000000095 9.826220457903828e-08
48200.000000000095 1.4487015747644466e-07
48250.000000000095 1.0826927014459336e-07
48300.000000000095 1.7200787441539865e-07
48350.000000000095 1.0363657068785173e-07
48400.000000000095 1.4124420320831522e-07
48450.000000000095 9.161210123213909e-08
48500.000000000095 1.7167197909493054e-07
48550.000000000095 9.251112486263705e-08
48600.000000000095 1.6285266401439364e-07
48650.000000000095 9.317940686331925e-08
