galfind/configs/Brown_Dwarf_templates/sonora_cholla/logkzz7/316g/1100K_316g_logkzz7_resample.dat
# %ECSV 1.0
# ---
# datatype:
# - {name: wav, unit: Angstrom, datatype: float64}
# - {name: flux_nu, unit: erg / (cm2 Hz s), datatype: float64}
# schema: astropy-2.0
wav flux_nu
[from data line 388]
29400.000000000095 1.1059179106132301e-07
29450.000000000095 1.1286487830926905e-07
29500.000000000095 1.2503273041418247e-07
29550.000000000095 1.0703174236260072e-07
29600.000000000095 1.481647574470619e-07
29650.000000000095 1.244186609650317e-07
29700.000000000095 1.0806296708461144e-07
29750.000000000095 1.405874552720296e-07
29800.000000000095 1.5747500599127614e-07
29850.000000000095 1.646338200359752e-07
29900.000000000095 1.5956424489283427e-07
29950.000000000095 1.4265890243585644e-07
30000.000000000095 1.316381638003728e-07
30050.000000000095 1.1311644070564867e-07
30100.000000000095 1.380113373697534e-07
30150.000000000095 1.8416984906655275e-07
30200.000000000095 1.3907311158221304e-07
30250.000000000095 2.0214197521450778e-07
30300.000000000095 1.7215877087654123e-07
30350.000000000095 1.5137068902656782e-07
30400.000000000095 1.9728767935995773e-07
30450.000000000095 1.5094982022273644e-07
30500.000000000095 1.468953656068922e-07
30550.000000000095 1.621779263175681e-07
30600.000000000095 1.891705053986795e-07
30650.000000000095 1.7628427280159434e-07
30700.000000000095 1.5473775115559287e-07
30750.000000000095 1.4918866786618705e-07
30800.000000000095 1.4133891147004168e-07
30850.000000000095 1.4113406704558443e-07
30900.000000000095 1.4450025229579022e-07
30950.000000000095 9.293780492848541e-08
31000.000000000095 1.2537070902588736e-07
31050.000000000095 1.3015591857833865e-07
31100.000000000095 9.048632327050995e-08
31150.000000000095 1.1064430220997856e-07
31200.000000000095 1.2020741952711646e-07
31250.000000000095 9.883522989375062e-08
31300.000000000095 9.537498729946958e-08
31350.000000000095 9.152921388366275e-08
31400.000000000095 6.763722395913736e-08
31450.000000000095 9.22375682355201e-08
31500.000000000095 7.26202224590505e-08
31550.000000000095 8.475145141252662e-08
31600.000000000095 6.269456571236963e-08
31650.000000000095 6.486004131963765e-08
31700.000000000095 7.157553659229495e-08
31750.000000000095 5.467244638050523e-08
31800.000000000095 6.761974395974136e-08
31850.000000000095 5.734194028318753e-08
31900.000000000095 5.8838531441245404e-08
31950.000000000095 5.670477941684604e-08
32000.000000000095 5.506280242197026e-08
32050.000000000095 4.925644273145566e-08
32100.000000000095 4.522382007445192e-08
32150.000000000095 5.950972467337875e-08
32200.000000000095 4.4622855910614534e-08
32250.000000000095 6.257774654713925e-08
32300.000000000095 3.980506610303085e-08
32350.000000000095 7.94559560266731e-08
32400.000000000095 5.3876460908119455e-08
32450.000000000095 7.355493741893717e-08
32500.000000000095 5.791408109684166e-08
32550.000000000095 7.181609181990047e-08
32600.000000000095 7.939753253176594e-08
32650.000000000095 9.282120226947804e-08
32700.000000000095 7.731236748930665e-08
32750.000000000095 1.0687354943109365e-07
32800.000000000095 8.342589105113167e-08
32850.000000000095 1.1125374842042407e-07
32900.000000000095 1.2246261377002077e-07
32950.000000000095 1.206025690176715e-07
33000.000000000095 1.054227742819317e-07
33050.000000000095 1.055225441794987e-07
33100.000000000095 6.165097024016794e-08
33150.000000000095 1.516038928216205e-08
33200.000000000095 1.7176804751558096e-08
33250.000000000095 1.0750266198285863e-08
33300.000000000095 1.2002687047142882e-08
33350.000000000095 2.252639317020093e-08
33400.000000000095 3.217901320762049e-08
33450.000000000095 4.070292536211004e-08
33500.000000000095 5.703622345410152e-08
33550.000000000095 5.373678808247807e-08
33600.000000000095 7.897108017307394e-08
33650.000000000095 8.365912864312118e-08
33700.000000000095 7.341470465935525e-08
33750.000000000095 1.0053632164383008e-07
33800.000000000095 6.845907481993038e-08
33850.000000000095 9.451312461960208e-08
33900.000000000095 8.35085812150321e-08
33950.000000000095 9.420179771216248e-08
34000.000000000095 9.66466597394917e-08
34050.000000000095 5.112339548077671e-08
34100.000000000095 9.166962852202467e-08
34150.000000000095 6.79652161482543e-08
34200.000000000095 8.609505805708559e-08
34250.000000000095 7.71222664780124e-08
34300.000000000095 6.051771990854003e-08
34350.000000000095 8.355511766468932e-08
34400.000000000095 6.864581854373433e-08
34450.000000000095 9.527383140831271e-08
34500.000000000095 8.442994037291703e-08
34550.000000000095 5.9064750736475096e-08
34600.000000000095 1.0137801645487587e-07
34650.000000000095 6.374463175964064e-08
34700.000000000095 7.418492490484358e-08
34750.000000000095 7.699975037553037e-08
34800.000000000095 5.0760313657001995e-08
34850.000000000095 8.497161501415235e-08
34900.000000000095 9.138921898750462e-08
34950.000000000095 7.982484719136776e-08
35000.000000000095 1.0879848008190705e-07
35050.000000000095 8.198370744259462e-08
35100.000000000095 1.0892437858815748e-07
35150.000000000095 9.994282335893523e-08
35200.000000000095 1.2518663088387714e-07
35250.000000000095 1.4340825568703142e-07
35300.000000000095 8.873358367892036e-08
35350.000000000095 1.274265645814669e-07
35400.000000000095 1.2488167416321107e-07
35450.000000000095 1.0681796134187142e-07
35500.000000000095 1.6493931482450742e-07
35550.000000000095 1.4472368198169337e-07
35600.000000000095 1.522716272319283e-07
35650.000000000095 1.6143064649667203e-07
35700.000000000095 1.1089808467924488e-07
35750.000000000095 1.7355691448390323e-07
35800.000000000095 1.7250655425824525e-07
35850.000000000095 1.290512044285586e-07
35900.000000000095 1.8890685915736284e-07
35950.000000000095 1.8166740560896292e-07
36000.000000000095 1.554256258812428e-07
36050.000000000095 1.9674836351195474e-07
36100.000000000095 1.7816277835262037e-07
36150.000000000095 2.0620384781831545e-07
36200.000000000095 2.126446817878328e-07
36250.000000000095 2.1060428193680334e-07
36300.000000000095 2.3602426369304966e-07
36350.000000000095 2.398799026679667e-07
36400.000000000095 2.7749164779284436e-07
36450.000000000095 2.7085682559244396e-07
36500.000000000095 2.6665640940907226e-07
36550.000000000095 2.932570299870313e-07
36600.000000000095 3.2425918993640974e-07
36650.000000000095 3.238167654241559e-07
36700.000000000095 3.387210039330551e-07
36750.000000000095 3.7147053221235127e-07
36800.000000000095 3.536042628192053e-07
36850.000000000095 3.40529945558933e-07
36900.000000000095 3.401656342004592e-07
36950.000000000095 3.881159035597444e-07
37000.000000000095 3.6333116284416796e-07
37050.000000000095 3.949301339170623e-07
37100.000000000095 3.9722300892221184e-07
37150.000000000095 4.195336379230246e-07
37200.000000000095 4.4067821614714126e-07
37250.000000000095 3.8990980021171365e-07
37300.000000000095 4.0118624607671895e-07
37350.000000000095 4.346366729795239e-07
37400.000000000095 4.988548476751604e-07
37450.000000000095 4.574160282263524e-07
37500.000000000095 4.241892475339114e-07
37550.000000000095 5.307684670804701e-07
37600.000000000095 5.557537400700166e-07
37650.000000000095 4.6318139802862483e-07
37700.000000000095 5.291291510082334e-07
37750.000000000095 4.399858603631651e-07
37800.000000000095 5.145808123796125e-07
37850.000000000095 4.276203047547177e-07
37900.000000000095 5.03949061468696e-07
37950.000000000095 5.46523734613511e-07
38000.000000000095 5.964194140573027e-07
38050.000000000095 5.414660180441902e-07
38100.000000000095 5.806679253443578e-07
38150.000000000095 5.789130755485035e-07
38200.000000000095 6.145922752865725e-07
38250.000000000095 5.819623411263978e-07
38300.000000000095 6.610470058593995e-07
38350.000000000095 6.779618953524744e-07
38400.000000000095 5.379767854231739e-07
38450.000000000095 6.248051972731159e-07
38500.000000000095 5.607527912940547e-07
38550.000000000095 6.239000992067369e-07
38600.000000000095 6.406336264587646e-07
38650.000000000095 6.986491420197778e-07
38700.000000000095 7.043706740327852e-07
38750.000000000095 6.898600699535033e-07
38800.000000000095 6.524136429427475e-07
38850.000000000095 7.22841044638477e-07
38900.000000000095 7.165697103893909e-07
38950.000000000095 7.011450749638487e-07
39000.000000000095 7.660136823431305e-07
39050.000000000095 7.24915070601021e-07
39100.000000000095 6.90578035098578e-07
39150.000000000095 7.421252985112698e-07
39200.000000000095 7.065586166915775e-07
39250.000000000095 7.839712439278472e-07
39300.000000000095 7.658127025231297e-07
39350.000000000095 8.287399100709835e-07
39400.000000000095 8.199511605059635e-07
39450.000000000095 8.306471084824363e-07
39500.000000000095 7.559517612207399e-07
39550.000000000095 7.942433151802505e-07
39600.000000000095 8.068188039617115e-07
39650.000000000095 8.755152481326058e-07
39700.000000000095 8.173021607198033e-07
39750.000000000095 7.378222680775033e-07
39800.000000000095 8.164480797741724e-07
39850.000000000095 8.526162807403198e-07
39900.000000000095 8.517031534667241e-07
39950.000000000095 8.466909999321163e-07
40000.000000000095 8.443650709532977e-07
40050.000000000095 8.75428383737483e-07
40100.000000000095 8.22497199586991e-07
40150.000000000095 9.260228288835653e-07
40200.000000000095 9.427770372693022e-07
40250.000000000095 8.138256309665809e-07
40300.000000000095 8.73305515703374e-07
40350.000000000095 8.323893540580351e-07
40400.000000000095 9.030865169032309e-07
40450.000000000095 8.716133235020415e-07
40500.000000000095 7.98016872451544e-07
40550.000000000095 9.139077448960396e-07
40600.000000000095 7.955493095257651e-07
40650.000000000095 9.243637648119837e-07
40700.000000000095 1.018617907293672e-06
40750.000000000095 8.514045246927967e-07
40800.000000000095 7.710659213286752e-07
40850.000000000095 8.78369516239648e-07
40900.000000000095 8.567259773017801e-07
40950.000000000095 8.331770902169461e-07
41000.000000000095 8.599355257568152e-07
41050.000000000095 8.88125708297803e-07
41100.000000000095 7.908542955574482e-07
41150.000000000095 7.712511907567582e-07
41200.000000000095 8.692475296394774e-07
41250.000000000095 8.736527830509415e-07
41300.000000000095 6.801068975465221e-07
41350.000000000095 8.979637030750066e-07
41400.000000000095 8.2414249764656e-07
41450.000000000095 8.541856267613833e-07
41500.000000000095 8.253113495979391e-07
41550.000000000095 7.467371501629513e-07
41600.000000000095 7.915398810258412e-07
41650.000000000095 7.831969781432238e-07
41700.000000000095 7.179438028217292e-07
41750.000000000095 6.695751964189139e-07
41800.000000000095 8.466619008035139e-07
41850.000000000095 5.04358810929414e-07
41900.000000000095 6.866590969504928e-07
41950.000000000095 7.116885373077758e-07
42000.000000000095 7.109610649275646e-07
42050.000000000095 5.860492250883647e-07
42100.000000000095 6.490098640421998e-07
42150.000000000095 4.908927362592156e-07
42200.000000000095 5.505576787018746e-07
42250.000000000095 5.446404131138634e-07
42300.000000000095 5.127102693896035e-07
42350.000000000095 5.583260409674154e-07
42400.000000000095 4.692076695391598e-07
42450.000000000095 4.0277991072819497e-07
42500.000000000095 4.7010080805426705e-07
42550.000000000095 4.45693315675508e-07
42600.000000000095 5.405375084797374e-07
42650.000000000095 5.998389940650114e-07
42700.000000000095 5.149868648323576e-07
42750.000000000095 4.840898213337572e-07
42800.000000000095 4.3736579560420046e-07
42850.000000000095 5.417713735388643e-07
42900.000000000095 5.43001783972949e-07
42950.000000000095 4.1562029904493376e-07
43000.000000000095 5.470684916843134e-07
43050.000000000095 3.6173510866162744e-07
43100.000000000095 5.017660470386329e-07
43150.000000000095 5.236348549712844e-07
43200.000000000095 5.036456908713563e-07
43250.000000000095 5.029824437130216e-07
43300.000000000095 5.996137279369599e-07
43350.000000000095 4.3205537481603765e-07
43400.000000000095 5.262015257120397e-07
43450.000000000095 3.999856235496958e-07
43500.000000000095 4.1378233950019324e-07
43550.000000000095 3.924412685537113e-07
43600.000000000095 4.854125943279793e-07
43650.000000000095 3.2905611732844603e-07
43700.000000000095 4.826103637150864e-07
43750.000000000095 4.79065463035107e-07
43800.000000000095 3.780542654510066e-07
43850.000000000095 3.9819586535479064e-07
43900.000000000095 3.320329505066487e-07
43950.000000000095 3.316157679384988e-07
44000.000000000095 2.3172316571350604e-07
44050.000000000095 3.1340416447676e-07
44100.000000000095 3.255610254240863e-07
44150.000000000095 3.196752243685277e-07
44200.000000000095 2.800299101370494e-07
44250.000000000095 2.644938326018327e-07
44300.000000000095 2.452212089909185e-07
44350.000000000095 2.0403245531433403e-07
44400.000000000095 2.170316769649754e-07
44450.000000000095 2.163890879710539e-07
44500.000000000095 1.74028344632339e-07
44550.000000000095 1.900422127810439e-07
44600.000000000095 1.6189596147311295e-07
44650.000000000095 1.8344458873081516e-07
44700.000000000095 1.7336104704209073e-07
44750.000000000095 1.7773138513712911e-07
44800.000000000095 1.6604458153470592e-07
44850.000000000095 1.5364106748658826e-07
44900.000000000095 1.3070742478786064e-07
44950.000000000095 1.2902920587088848e-07
45000.000000000095 1.303105102127315e-07
45050.000000000095 1.3655584926301276e-07
45100.000000000095 1.2647615747992248e-07
45150.000000000095 1.1844736482601757e-07
45200.000000000095 9.792343970742879e-08
45250.000000000095 1.0421457530352926e-07
45300.000000000095 1.189036817839626e-07
45350.000000000095 1.1866172858549405e-07
45400.000000000095 9.458568563607033e-08
45450.000000000095 9.304476205536454e-08
45500.000000000095 9.783030646888511e-08
45550.000000000095 1.1518572834266424e-07
45600.000000000095 9.17531197568061e-08
45650.000000000095 9.112523985369387e-08
45700.000000000095 1.1630491127567145e-07
45750.000000000095 9.890955728634188e-08
45800.000000000095 8.542977886411299e-08
45850.000000000095 1.2267097361469325e-07
45900.000000000095 1.1892282527343584e-07
45950.000000000095 8.855304990636752e-08
46000.000000000095 1.1444440356009604e-07
46050.000000000095 1.2458747139638592e-07
46100.000000000095 8.932718965526471e-08
46150.000000000095 1.2323354744781864e-07
46200.000000000095 1.1863229210343539e-07
46250.000000000095 7.032321638511462e-08
46300.000000000095 1.3736501718575858e-07
46350.000000000095 9.987792832253686e-08
46400.000000000095 1.1836096525093726e-07
46450.000000000095 1.5288810207706606e-07
46500.000000000095 1.1676141950687567e-07
46550.000000000095 1.641025094975377e-07
46600.000000000095 1.6144686105655756e-07
46650.000000000095 2.4202280667050885e-07
46700.000000000095 1.8801204743385736e-07
46750.000000000095 1.4727204742357067e-07
46800.000000000095 1.2838649913965597e-07
46850.000000000095 1.536416000912238e-07
46900.000000000095 1.3472355186537838e-07
46950.000000000095 1.846873153146814e-07
47000.000000000095 1.0884872713841181e-07
47050.000000000095 1.8840656078759174e-07
47100.000000000095 1.0474369279806339e-07
47150.000000000095 1.2623901741733192e-07
47200.000000000095 1.415833707856804e-07
47250.000000000095 1.0844960795804148e-07
47300.000000000095 1.2867914388744973e-07
47350.000000000095 9.44315148483469e-08
47400.000000000095 1.5796336152948978e-07
47450.000000000095 9.651112555843982e-08
47500.000000000095 1.6852759261776274e-07
47550.000000000095 1.0051666750754713e-07
47600.000000000095 1.6156808094697673e-07
47650.000000000095 1.0324875102526989e-07
47700.000000000095 1.5130308954213523e-07
47750.000000000095 9.338422343127331e-08
47800.000000000095 1.5284755109933164e-07
47850.000000000095 8.413757171155683e-08
47900.000000000095 1.4205478323851608e-07
47950.000000000095 1.0776507180253671e-07
48000.000000000095 1.780723860072381e-07
48050.000000000095 1.222806024245921e-07
48100.000000000095 1.680307885450556e-07
48150.000000000095 1.184330532554143e-07
48200.000000000095 1.717484901758354e-07
48250.000000000095 1.3055956149616138e-07
48300.000000000095 2.033669235579683e-07
48350.000000000095 1.242799254229291e-07
48400.000000000095 1.6838115933817618e-07
48450.000000000095 1.0950104860727394e-07
48500.000000000095 2.027133263534964e-07
48550.000000000095 1.1149523734400915e-07
48600.000000000095 1.9139479108454856e-07
48650.000000000095 1.1140470100240983e-07
48700.000000000095 2.0903540528798073e-07
