galfind/configs/Brown_Dwarf_templates/sonora_cholla/logkzz7/316g/1100K_316g_logkzz7_resample.dat
# %ECSV 1.0
# ---
# datatype:
# - {name: wav, unit: Angstrom, datatype: float64}
# - {name: flux_nu, unit: erg / (cm2 Hz s), datatype: float64}
# schema: astropy-2.0
wav flux_nu
[from data line 776]
48800.000000000095 1.9871587643287538e-07
48850.000000000095 1.456587714458128e-07
48900.000000000095 2.0750867750526778e-07
48950.000000000095 1.8336327686445485e-07
49000.000000000095 1.631610773043599e-07
49050.000000000095 1.9566852640442928e-07
49100.000000000095 1.4752477703974345e-07
49150.000000000095 2.2334564787182267e-07
49200.000000000095 1.5193128832573012e-07
49250.000000000095 2.268667778797773e-07
49300.000000000095 1.7182229531384664e-07
49350.000000000095 1.9278501844671859e-07
49400.000000000095 2.2710938195846442e-07
49450.000000000095 1.982690012827468e-07
49500.000000000095 2.013875654464379e-07
49550.000000000095 1.348821548882741e-07
49600.000000000095 2.098799455659062e-07
49650.000000000095 1.936359207500005e-07
49700.000000000095 1.7698278836605062e-07
49750.000000000095 2.842299909204413e-07
49800.000000000095 1.747613544514083e-07
49850.000000000095 3.034069744171006e-07
49900.000000000095 2.230686740862368e-07
49950.000000000095 2.583322064334282e-07
50000.000000000095 2.8020216061083737e-07
50050.000000000095 2.4496637895046334e-07
50100.000000000095 3.344362908826692e-07
50150.000000000095 1.8124200747516704e-07
50200.000000000095 1.472759765643154e-07
50250.000000000095 2.850623035810129e-07
50300.000000000095 2.0415587280108266e-07
50350.000000000095 2.8220835493537043e-07
50400.000000000095 2.443537153583953e-07
50450.000000000095 2.5741599778179576e-07
50500.000000000095 3.2326572596808514e-07
50550.000000000095 2.5899692413873144e-07
50600.000000000095 3.0357597084345663e-07
50650.000000000095 2.6611068521151714e-07
50700.000000000095 3.6938793049512597e-07
50750.000000000095 3.6987978323283446e-07
50800.000000000095 1.9512866783050404e-07
50850.000000000095 2.2988425395875645e-07
50900.000000000095 3.4543653815612007e-07
50950.000000000095 3.615692143773878e-07
51000.000000000095 3.3829398467702416e-07
51050.000000000095 2.9825703628815867e-07
51100.000000000095 2.1073830351044061e-07
51150.000000000095 2.5823145928512246e-07
51200.000000000095 3.527426020781902e-07
51250.000000000095 3.448488775155279e-07
51300.000000000095 2.22654487556883e-07
51350.000000000095 2.9625530097335137e-07
51400.000000000095 2.3712674746070597e-07
51450.000000000095 2.051542466859196e-07
51500.000000000095 1.908982984972526e-07
51550.000000000095 3.400714484227631e-07
51600.000000000095 2.3142435301569425e-07
51650.000000000095 3.1578729888212255e-07
51700.000000000095 3.2510481772402536e-07
51750.000000000095 2.2103314893383926e-07
51800.000000000095 4.1731834951154604e-07
51850.000000000095 3.296962428192262e-07
51900.000000000095 4.07186058261826e-07
51950.000000000095 3.5290845833382783e-07
52000.000000000095 1.4675636737323022e-07
52050.000000000095 2.4129875656305045e-07
52100.000000000095 2.2746504949781203e-07
52150.000000000095 1.9069921805415317e-07
52200.000000000095 2.1227329828499038e-07
52250.000000000095 2.4886787055741696e-07
52300.000000000095 3.9498761254922457e-07
52350.000000000095 2.805343810426922e-07
52400.000000000095 2.2194183973332114e-07
52450.000000000095 3.3768898830634597e-07
52500.000000000095 3.1307426729683185e-07
52550.000000000095 3.2857902395085277e-07
52600.000000000095 2.656654864421233e-07
52650.000000000095 3.175545508072566e-07
52700.000000000095 2.521939815997005e-07
52750.000000000095 2.0874171767894094e-07
52800.000000000095 2.2060130553421063e-07
52850.000000000095 2.5660180654606154e-07
52900.000000000095 2.115250769894642e-07
52950.000000000095 2.1737622706227585e-07
53000.000000000095 3.8090653058532613e-07
53050.000000000095 1.8047655408089165e-07
53100.000000000095 3.481467032513443e-07
53150.000000000095 4.0362745875493697e-07
53200.000000000095 2.0011165159678457e-07
53250.000000000095 3.6514532404668103e-07
53300.000000000095 3.8020136652903434e-07
53350.000000000095 3.555573382142494e-07
53400.000000000095 3.7742210008504576e-07
53450.000000000095 1.9362738550212736e-07
53500.000000000095 1.2904997027979894e-07
53550.000000000095 1.938641814947656e-07
53600.000000000095 2.7030120047898495e-07
53650.000000000095 2.2678288410753277e-07
53700.000000000095 2.118208290653378e-07
53750.000000000095 2.165576668603666e-07
53800.000000000095 2.2134202835778994e-07
53850.000000000095 2.84760592721805e-07
53900.000000000095 2.5758222913519535e-07
53950.000000000095 3.4786216298553316e-07
54000.000000000095 2.535094084144199e-07
54050.000000000095 2.508302691785662e-07
54100.000000000095 1.3823709178437703e-07
54150.000000000095 1.9603831395816893e-07
54200.000000000095 1.0765273548855183e-07
54250.000000000095 1.2416417662977448e-07
54300.000000000095 1.95685641606828e-07
54350.000000000095 2.579649865687e-07
54400.000000000095 2.6190630694645936e-07
54450.000000000095 2.2601921452083028e-07
54500.000000000095 2.0640247500497187e-07
54550.000000000095 1.7529559887384965e-07
54600.000000000095 2.2005579674219343e-07
54650.000000000095 1.3120677780519098e-07
54700.000000000095 2.5497423029108224e-07
54750.000000000095 2.4761592895324166e-07
54800.000000000095 1.8036669852144476e-07
54850.000000000095 2.0925974680918353e-07
54900.000000000095 2.728879983962779e-07
54950.000000000095 3.578881186715014e-07
55000.000000000095 1.72951397352418e-07
55050.000000000095 2.3637137541082512e-07
55100.000000000095 2.1243763092644967e-07
55150.000000000095 1.8368246879215841e-07
55200.000000000095 1.8019470176880128e-07
55250.000000000095 1.9984181916552183e-07
55300.000000000095 1.5089421162836644e-07
55350.000000000095 2.2839574997469399e-07
55400.000000000095 2.87408265474381e-07
55450.000000000095 2.1108199751070472e-07
55500.000000000095 1.2121483845907408e-07
55550.000000000095 1.6480185964181837e-07
55600.000000000095 1.5888559657007544e-07
55650.000000000095 1.3388228863370655e-07
55700.000000000095 1.7342383256269916e-07
55750.000000000095 1.983798668664745e-07
55800.000000000095 1.4331505862414733e-07
55850.000000000095 1.3086406505201266e-07
55900.000000000095 2.2977375295569208e-07
55950.000000000095 3.0146067588705405e-07
56000.000000000095 1.4617324488170413e-07
56050.000000000095 1.9792441804082537e-07
56100.000000000095 2.2619343401487015e-07
56150.000000000095 1.6690430675543504e-07
56200.000000000095 1.893814463417464e-07
56250.000000000095 1.944780601808064e-07
56300.000000000095 2.0853428492957644e-07
56350.000000000095 2.0972919626271561e-07
56400.000000000095 1.442824606248358e-07
56450.000000000095 1.2858061473323898e-07
56500.000000000095 1.597590835263171e-07
56550.000000000095 1.1145199694190269e-07
56600.000000000095 2.1636533240509372e-07
56650.000000000095 2.0466051758885927e-07
56700.000000000095 2.3365648239586695e-07
56750.000000000095 1.2866959660637478e-07
56800.000000000095 2.2242326788102702e-07
56850.000000000095 1.7937172065302806e-07
56900.000000000095 1.514202843106532e-07
56950.000000000095 2.271224670457147e-07
57000.000000000095 2.4253087548644074e-07
57050.000000000095 1.6514805623127862e-07
57100.000000000095 9.397615946253455e-08
57150.000000000095 1.322319550744237e-07
57200.000000000095 1.0912356712441521e-07
57250.000000000095 1.5708417942631247e-07
57300.000000000095 1.963544828787147e-07
57350.000000000095 1.1785569752591055e-07
57400.000000000095 1.98153964814938e-07
57450.000000000095 1.7821454831881128e-07
57500.000000000095 1.665136435536474e-07
57550.000000000095 2.116291064094216e-07
57600.000000000095 2.2475268824692748e-07
57650.000000000095 9.716845757574257e-08
57700.000000000095 1.205775932426656e-07
57750.000000000095 1.4669622422092625e-07
57800.000000000095 6.606960274805817e-08
57850.000000000095 2.576287261804031e-07
57900.000000000095 2.9955915049371407e-07
57950.000000000095 2.6985230122477865e-07
58000.000000000095 1.4335982614876745e-07
58050.000000000095 1.9948669318191723e-07
58100.000000000095 2.4269536703562536e-07
58150.000000000095 1.8479452254291069e-07
58200.000000000095 1.0335965056981243e-07
58250.000000000095 1.3562844426012228e-07
58300.000000000095 1.1278538801248465e-07
58350.000000000095 1.3614739622177023e-07
58400.000000000095 1.827759875305309e-07
58450.000000000095 1.966878344434294e-07
58500.000000000095 1.773189425204406e-07
58550.000000000095 2.0452589257473384e-07
58600.000000000095 1.250146645765781e-07
58650.000000000095 1.5495184836059296e-07
58700.000000000095 1.5848931240426615e-07
58750.000000000095 1.7143275512846428e-07
58800.000000000095 8.926265986637615e-08
58850.000000000095 1.4701129028062883e-07
58900.000000000095 1.883267026326413e-07
58950.000000000095 1.1803949462468232e-07
59000.000000000095 1.824958490644198e-07
59050.000000000095 2.0309045675647524e-07
59100.000000000095 2.4147538991452916e-07
59150.000000000095 1.7741780125613493e-07
59200.000000000095 1.8455185533885098e-07
59250.000000000095 1.9693683592249056e-07
59300.000000000095 1.8676665522777305e-07
59350.000000000095 1.0003823550677217e-07
59400.000000000095 7.910857997186262e-08
59450.000000000095 1.641693958245671e-07
59500.000000000095 1.0528986048171381e-07
59550.000000000095 2.0925551042998802e-07
59600.000000000095 2.1240069378164525e-07
59650.000000000095 1.7935762830614384e-07
59700.000000000095 1.2541553094678217e-07
59750.000000000095 2.647218716920521e-07
59800.000000000095 1.6356770939956426e-07
59850.000000000095 2.142525413228123e-07
59900.000000000095 1.1151835360828212e-07
59950.000000000095 1.829882652454947e-07
60000.000000000095 2.9495678444725433e-07
60050.000000000095 2.498327703190609e-07
60100.000000000095 2.4921910353486365e-07
60150.000000000095 1.711352163017925e-07
60200.000000000095 2.006015461927251e-07
60250.000000000095 2.432195247070034e-07
60300.000000000095 2.2414183314702951e-07
60350.000000000095 1.6251858470750563e-07
60400.000000000095 2.0383726089257846e-07
60450.000000000095 1.1342429880611369e-07
60500.000000000095 7.649121058967464e-08
60550.000000000095 2.0879108455520095e-07
60600.000000000095 2.046712787094671e-07
60650.000000000095 1.719520969620381e-07
60700.000000000095 1.545270693669169e-07
60750.000000000095 1.173953001403939e-07
60800.000000000095 2.166496640707518e-07
60850.000000000095 3.0367595797299255e-07
60900.000000000095 2.7385639409110765e-07
60950.000000000095 2.505359692811919e-07
61000.000000000095 2.0033477729792143e-07
61050.000000000095 1.4157259742706905e-07
61100.000000000095 1.9461539087505816e-07
61150.000000000095 8.137317576399781e-08
61200.000000000095 2.6089908501524715e-07
61250.000000000095 2.9511764147666105e-07
61300.000000000095 2.584765207179288e-07
61350.000000000095 3.106695597339349e-07
61400.000000000095 2.08389130397184e-07
61450.000000000095 1.38829952874355e-07
61500.000000000095 1.6275889935916093e-07
61550.000000000095 1.5376652324096146e-07
61600.000000000095 1.1533677145878377e-07
61650.000000000095 1.837878888959557e-07
61700.000000000095 1.557242985398559e-07
61750.000000000095 1.826793564338956e-07
61800.000000000095 2.1113203622811226e-07
61850.000000000095 1.3682859642826839e-07
61900.000000000095 2.6112368854660564e-07
61950.000000000095 2.723485237513933e-07
62000.000000000095 2.4518860832160715e-07
62050.000000000095 2.4230135981624033e-07
62100.000000000095 2.540067130766792e-07
62150.000000000095 2.5258239549155816e-07
62200.000000000095 2.2438749645655537e-07
62250.000000000095 2.2955088439436916e-07
62300.000000000095 3.1800914854437125e-07
62350.000000000095 2.700229415482768e-07
62400.000000000095 1.6389284374892124e-07
62450.000000000095 2.1159878498038097e-07
62500.000000000095 2.9117604330366733e-07
62550.000000000095 2.801958458542468e-07
62600.000000000095 3.0656991279254043e-07
62650.000000000095 2.4262443821981986e-07
62700.000000000095 2.6380716182083846e-07
62750.000000000095 3.1962632481672e-07
62800.000000000095 2.0120337041013166e-07
62850.000000000095 2.7820051235448196e-07
62900.000000000095 2.2881614607298883e-07
62950.000000000095 3.0328451332158163e-07
63000.000000000095 2.6894221877310955e-07
63050.000000000095 3.60441119655484e-07
63100.000000000095 3.256883165894572e-07
63150.000000000095 2.2225535261922522e-07
63200.000000000095 2.905905105056257e-07
63250.000000000095 2.787422134603764e-07
63300.000000000095 3.088958880434042e-07
63350.000000000095 2.688743855250226e-07
63400.000000000095 1.653062289286122e-07
63450.000000000095 1.3822317688990905e-07
63500.000000000095 2.6179120523018316e-07
63550.000000000095 2.4141370876128753e-07
63600.000000000095 3.0291783542973417e-07
63650.000000000095 2.1505029086685884e-07
63700.000000000095 1.4805083572285987e-07
63750.000000000095 2.0986934053332545e-07
63800.000000000095 2.359181944594971e-07
63850.000000000095 2.2626101721724762e-07
63900.000000000095 1.6039845361572806e-07
63950.000000000095 2.4033034448938955e-07
64000.000000000095 2.6457012600699827e-07
64050.000000000095 1.8958424284147892e-07
64100.000000000095 7.719077391696447e-08
64150.000000000095 1.0671532710819416e-07
64200.000000000095 1.258961128751227e-07
64250.000000000095 1.9227839969273593e-07
64300.000000000095 1.526859780968179e-07
64350.000000000095 1.332567751201354e-07
64400.000000000095 2.0961942104860753e-07
64450.000000000095 2.2006166438921993e-07
64500.000000000095 1.2680126762584532e-07
64550.000000000095 1.9536563646143957e-07
64600.000000000095 1.2217025746669665e-07
64650.000000000095 1.7891887654593755e-07
64700.000000000095 1.0296862884765037e-07
64750.000000000095 1.2595290186869018e-07
64800.000000000095 1.2476662806718734e-07
64850.000000000095 1.1302529099648822e-07
64900.000000000095 1.3099182288075415e-07
64950.000000000095 1.1756958741913544e-07
65000.000000000095 1.4159905055945496e-07
65050.000000000095 1.5013474840513427e-07
65100.000000000095 1.8026718694849253e-07
65150.000000000095 1.3459229629339692e-07
65200.000000000095 1.0804577493125279e-07
65250.000000000095 1.6662640287281854e-07
65300.000000000095 1.3783645891976222e-07
65350.000000000095 2.559527878983053e-07
65400.000000000095 1.3762660859349177e-07
65450.000000000095 1.4250685804831606e-07
65500.000000000095 1.637868429186137e-07
65550.00000000009 1.1237277987273162e-07
65600.00000000009 1.3737436550397417e-07
65650.00000000009 1.4500806228832092e-07
65700.00000000009 1.316999303216377e-07
65750.00000000009 1.1018332546388743e-07
65800.00000000009 1.5278093660952433e-07
65850.00000000009 1.8195719405758115e-07
65900.00000000009 1.0927162368026212e-07
65950.00000000009 9.156333655101288e-08
66000.00000000009 1.316587131428347e-07
66050.00000000009 2.2171684735783476e-07
66100.00000000009 1.4434380996765127e-07
66150.00000000009 1.0916395700297866e-07
66200.00000000009 1.1097348275438285e-07
66250.00000000009 1.0627052308236183e-07
66300.00000000009 5.783067116748697e-08
66350.00000000009 8.268649393562827e-08
66400.00000000009 1.0364874538585508e-07
66450.00000000009 1.697926566658242e-07
66500.00000000009 2.1641725988847322e-07
66550.00000000009 2.0813935332360798e-07
66600.00000000009 1.6084342946966098e-07
66650.00000000009 1.5911691457140823e-07
66700.00000000009 1.3773165668418877e-07
66750.00000000009 1.2518058343181608e-07
66800.00000000009 1.6216822060437837e-07
66850.00000000009 1.1418535755799597e-07
66900.00000000009 1.756015776354732e-07
66950.00000000009 2.2299421805002104e-07
67000.00000000009 2.1778003386991228e-07
67050.00000000009 1.4984198625970348e-07
67100.00000000009 1.267395898886475e-07
67150.00000000009 1.3372428460474575e-07
67200.00000000009 1.5095871817552453e-07
67250.00000000009 1.5218448168180425e-07
67300.00000000009 1.6858945582709065e-07
67350.00000000009 1.1507090444789958e-07
67400.00000000009 2.1765093499309003e-07
67450.00000000009 1.7022866732471457e-07
67500.00000000009 1.5214305290491626e-07
67550.00000000009 1.820125541516551e-07
67600.00000000009 2.8152763891147173e-07
67650.00000000009 2.121139001839817e-07
67700.00000000009 1.693718368044798e-07
67750.00000000009 1.4821519925768075e-07
67800.00000000009 1.9106997194458637e-07
67850.00000000009 1.222195980451829e-07
67900.00000000009 1.5252212040765248e-07
67950.00000000009 1.1038104854655886e-07
