galfind/configs/Brown_Dwarf_templates/sonora_cholla/logkzz7/316g/1150K_316g_logkzz7_resample.dat
# %ECSV 1.0
# ---
# datatype:
# - {name: wav, unit: Angstrom, datatype: float64}
# - {name: flux_nu, unit: erg / (cm2 Hz s), datatype: float64}
# schema: astropy-2.0
wav flux_nu
10000.000000000093 nan
10050.000000000093 2.442651111191506e-07
10100.000000000093 2.8600317471271466e-07
10150.000000000093 2.8974391264178114e-07
10200.000000000093 3.1811461401602876e-07
10250.000000000093 3.432119199911272e-07
10300.000000000093 3.50341293925203e-07
10350.000000000093 4.013769731977977e-07
10400.000000000093 4.380123178606228e-07
10450.000000000093 4.516677922088833e-07
10500.000000000093 4.430030785228129e-07
10550.000000000093 4.468818975274721e-07
10600.000000000093 4.66366918997988e-07
10650.000000000093 4.960135847559202e-07
10700.000000000093 5.239866887250878e-07
10750.000000000093 5.528859174271672e-07
10800.000000000093 5.731956645925892e-07
10850.000000000093 6.03386595636176e-07
10900.000000000093 5.15769328787891e-07
10950.000000000093 3.494872588252369e-07
11000.000000000093 2.8636294375574435e-07
11050.000000000093 2.199053863216713e-07
11100.000000000093 1.841608051725337e-07
11150.000000000093 1.4518968260222378e-07
11200.000000000093 1.517264373132159e-07
11250.000000000093 1.8915821386340012e-07
11300.000000000093 1.7992511571036152e-07
11350.000000000093 1.0091904526194505e-07
11400.000000000093 1.9567637840997586e-07
11450.000000000093 1.5172977460197784e-07
11500.000000000093 1.9085040428160503e-07
11550.000000000093 1.460719994974356e-07
11600.000000000093 1.5469756193154716e-07
11650.000000000093 1.7054516568275447e-07
11700.000000000093 1.8044246344501828e-07
11750.000000000093 1.6784713152018663e-07
11800.000000000093 2.163460446808863e-07
11850.000000000093 2.701919417185677e-07
11900.000000000093 2.9384114532666187e-07
11950.000000000093 3.64497600435884e-07
12000.000000000093 3.9446925778387903e-07
12050.000000000093 4.613570247285709e-07
12100.000000000093 5.007680119744371e-07
12150.000000000093 5.582931526360042e-07
12200.000000000093 6.142960648497084e-07
12250.000000000093 6.772987272484214e-07
12300.000000000093 7.348846434048706e-07
12350.000000000093 7.6015597663925e-07
12400.000000000093 7.932130049677853e-07
12450.000000000093 8.698565615013603e-07
12500.000000000093 9.118812058548256e-07
12550.000000000093 9.604571343123011e-07
12600.000000000093 9.673354860364868e-07
12650.000000000093 9.54970909779213e-07
12700.000000000093 9.824838471305414e-07
12750.000000000093 9.342542382848718e-07
12800.000000000093 9.508188186058215e-07
12850.000000000093 8.493486863181003e-07
12900.000000000093 7.809504195013602e-07
12950.000000000093 7.926629197944263e-07
13000.000000000093 7.999869207855929e-07
13050.000000000093 7.758341941951685e-07
13100.000000000093 7.386005485446047e-07
13150.000000000093 6.493379923308562e-07
13200.000000000093 6.048192289164276e-07
13250.000000000093 4.652436228327536e-07
13300.000000000093 2.733316449181711e-07
13350.000000000093 9.272507137263942e-08
13400.000000000093 4.744107369278119e-08
13450.000000000093 3.087658679666636e-08
13500.000000000093 1.885308370412111e-08
13550.000000000093 1.5276261538405423e-08
13600.000000000093 1.1604264838621345e-08
13650.000000000093 2.6121734759979376e-08
13700.000000000093 2.045490120769163e-08
13750.000000000093 2.5589268210040637e-08
13800.000000000093 3.484624333696305e-08
13850.000000000093 2.5305230046657385e-08
13900.000000000093 2.6286061457129862e-08
13950.000000000093 2.4908085300785996e-08
14000.000000000093 2.2904393929922934e-08
14050.000000000093 2.7721363516076314e-08
14100.000000000093 1.9780266562928046e-08
14150.000000000093 2.7952735250982526e-08
14200.000000000093 2.1259321318518602e-08
14250.000000000093 2.1874999534070124e-08
14300.000000000093 3.272451610754172e-08
14350.000000000093 3.0945060146511464e-08
14400.000000000093 3.386596812085285e-08
14450.000000000093 3.706289441486956e-08
14500.000000000093 6.249741912110919e-08
14550.000000000093 6.272682974672632e-08
14600.000000000093 8.296966295639013e-08
14650.000000000093 8.460175408441853e-08
14700.000000000093 6.351332703296298e-08
14750.000000000093 8.129221456592486e-08
14800.000000000093 1.0099214685024657e-07
14850.000000000093 1.0379326643673701e-07
14900.000000000093 1.100404701780158e-07
14950.000000000093 1.219682063806975e-07
15000.000000000093 1.3399405966995174e-07
15050.000000000093 1.6334696559849524e-07
15100.000000000093 1.7936145872068436e-07
15150.000000000093 1.9148852369195621e-07
15200.000000000093 1.877674184004279e-07
15250.000000000093 2.2574761553315456e-07
15300.000000000093 2.5898842157589813e-07
15350.000000000093 2.989994849577437e-07
15400.000000000093 3.2547548509948805e-07
15450.000000000093 3.625873036475744e-07
15500.000000000093 3.837453576113803e-07
15550.000000000093 4.3588911054309775e-07
15600.000000000093 4.357306732905634e-07
15650.000000000093 4.6419930331674183e-07
15700.000000000093 5.321139865897349e-07
15750.000000000093 5.678776413460894e-07
15800.000000000093 5.485099881884487e-07
15850.000000000093 5.899934506767041e-07
15900.000000000093 5.948063064710852e-07
15950.000000000093 6.028091006481651e-07
16000.000000000093 5.936243640597452e-07
16050.000000000093 5.654772956249591e-07
16100.000000000093 5.383180858656119e-07
16150.000000000093 4.7141633448442943e-07
16200.000000000093 4.199357551386898e-07
16250.000000000093 4.250898765075429e-07
16300.000000000093 3.935558277440468e-07
16350.000000000093 4.133014243898004e-07
16400.000000000095 4.3904652637864226e-07
16450.000000000095 4.544567624096316e-07
16500.000000000095 4.7297424240299516e-07
16550.000000000095 4.5957982169654444e-07
16600.000000000095 4.4784393839870313e-07
16650.000000000095 3.8700671591937016e-07
16700.000000000095 3.009777418311492e-07
16750.000000000095 3.411319652952678e-07
16800.000000000095 4.035726325454832e-07
16850.000000000095 3.8620180045659546e-07
16900.000000000095 3.6646348637312136e-07
16950.000000000095 3.4794129435717597e-07
17000.000000000095 3.229823222862932e-07
17050.000000000095 3.6137237139167585e-07
17100.000000000095 3.56169709239521e-07
17150.000000000095 3.1527602476264356e-07
17200.000000000095 3.2840967377035565e-07
17250.000000000095 2.8928665692402375e-07
17300.000000000095 2.6364072154025224e-07
17350.000000000095 2.5147265831848097e-07
17400.000000000095 2.3768745982229606e-07
17450.000000000095 2.161730109247043e-07
17500.000000000095 2.215004984682973e-07
17550.000000000095 1.9161242269552893e-07
17600.000000000095 1.7997242205284976e-07
17650.000000000095 1.7580459880058934e-07
17700.000000000095 1.288893095735391e-07
17750.000000000095 1.1179240171561441e-07
17800.000000000095 1.2870060457740693e-07
17850.000000000095 8.655552507953697e-08
17900.000000000095 1.0575902422304934e-07
17950.000000000095 8.140423588312212e-08
18000.000000000095 8.437073519359864e-08
18050.000000000095 7.491315337341682e-08
18100.000000000095 6.709336596012779e-08
18150.000000000095 9.045776378293525e-08
18200.000000000095 5.7630325548002836e-08
18250.000000000095 1.086273846585802e-07
18300.000000000095 7.044288683974136e-08
18350.000000000095 6.523812276501958e-08
18400.000000000095 5.827056836148127e-08
18450.000000000095 6.462789140030447e-08
18500.000000000095 7.056628980430256e-08
18550.000000000095 5.610864218358056e-08
18600.000000000095 4.829333864553673e-08
18650.000000000095 4.461423321751138e-08
18700.000000000095 4.4900538932887834e-08
18750.000000000095 5.480031875011466e-08
18800.000000000095 8.929388150640068e-08
18850.000000000095 1.0158245979728075e-07
18900.000000000095 9.063673547657053e-08
18950.000000000095 1.3613795562017698e-07
19000.000000000095 9.933142814897845e-08
19050.000000000095 7.837332851453794e-08
19100.000000000095 1.2312992155979039e-07
19150.000000000095 9.746089035499995e-08
19200.000000000095 1.1045498842382572e-07
19250.000000000095 9.372265878031868e-08
19300.000000000095 8.546086782061964e-08
19350.000000000095 7.820464878101638e-08
19400.000000000095 5.1050652427693974e-08
19450.000000000095 8.8726096145029e-08
19500.000000000095 8.389175707269646e-08
19550.000000000095 6.764097270834799e-08
19600.000000000095 8.64561840933562e-08
19650.000000000095 9.804110146627543e-08
19700.000000000095 9.841063790484647e-08
19750.000000000095 9.884792127801461e-08
19800.000000000095 1.1346011774165519e-07
19850.000000000095 1.34550787966592e-07
19900.000000000095 1.0202656314903831e-07
19950.000000000095 1.4836274506645626e-07
20000.000000000095 1.4305627134452712e-07
20050.000000000095 1.5507572887212963e-07
20100.000000000095 1.6268449455003177e-07
20150.000000000095 1.6288547521693027e-07
20200.000000000095 1.8838182267231087e-07
20250.000000000095 2.0675172792765046e-07
20300.000000000095 1.9210656447157378e-07
20350.000000000095 2.1907253605912439e-07
20400.000000000095 2.2031995390709147e-07
20450.000000000095 2.504386196661659e-07
20500.000000000095 2.593424646182444e-07
20550.000000000095 2.516208848495678e-07
20600.000000000095 2.8599605373455594e-07
20650.000000000095 2.7272400318031985e-07
20700.000000000095 2.78630626987184e-07
20750.000000000095 2.986036888501973e-07
20800.000000000095 2.96913067338867e-07
20850.000000000095 2.9978983533490894e-07
20900.000000000095 3.132142075778514e-07
20950.000000000095 3.0300127694729054e-07
21000.000000000095 3.143511577174677e-07
21050.000000000095 3.042269144781896e-07
21100.000000000095 3.06931650724369e-07
21150.000000000095 3.105217828277529e-07
21200.000000000095 3.000017835149139e-07
21250.000000000095 3.0729412037501776e-07
21300.000000000095 2.893463552121449e-07
21350.000000000095 2.9735812190550757e-07
21400.000000000095 2.7906840024289315e-07
21450.000000000095 2.825308062637048e-07
21500.000000000095 2.8135566660949116e-07
21550.000000000095 2.729526509936053e-07
21600.000000000095 2.691260377967037e-07
21650.000000000095 2.5361053833044364e-07
21700.000000000095 2.6036245750626387e-07
21750.000000000095 2.4436038110785324e-07
21800.000000000095 2.3229861321654684e-07
21850.000000000095 2.1592941551726497e-07
21900.000000000095 2.118078634146168e-07
21950.000000000095 1.6322263531152287e-07
22000.000000000095 1.2630651057468424e-07
22050.000000000095 1.0621539615382643e-07
22100.000000000095 1.3637747388451794e-07
22150.000000000095 1.4666432809105927e-07
22200.000000000095 1.4529709155863964e-07
22250.000000000095 1.3700901089582084e-07
22300.000000000095 1.3604027262818872e-07
22350.000000000095 1.2876119366516612e-07
22400.000000000095 1.171319543328906e-07
22450.000000000095 1.044821685048699e-07
22500.000000000095 1.092284444069194e-07
22550.000000000095 8.962182233411742e-08
22600.000000000095 1.0043769176333116e-07
22650.000000000095 9.752591355169907e-08
22700.000000000095 9.518543670368766e-08
22750.000000000095 9.939102865656306e-08
22800.000000000095 9.330782181765438e-08
22850.000000000095 8.435243784935878e-08
22900.000000000095 8.229405755912055e-08
22950.000000000095 7.583956155491256e-08
23000.000000000095 6.00790303868719e-08
23050.000000000095 7.709301750594557e-08
23100.000000000095 9.386034624406964e-08
23150.000000000095 9.017673003333505e-08
23200.000000000095 5.6218513319422274e-08
23250.000000000095 5.857057725435543e-08
23300.000000000095 5.713759087463787e-08
23350.000000000095 5.120095629670495e-08
23400.000000000095 6.110584988204157e-08
23450.000000000095 5.921373067843092e-08
23500.000000000095 6.098823537683131e-08
23550.000000000095 7.753704797963574e-08
23600.000000000095 7.878761332362399e-08
23650.000000000095 8.46271023902903e-08
23700.000000000095 5.893985355266307e-08
23750.000000000095 5.970531351420705e-08
23800.000000000095 6.683669914589458e-08
23850.000000000095 6.441262006423613e-08
23900.000000000095 8.641396844369567e-08
23950.000000000095 8.768614442104477e-08
24000.000000000095 1.0840699615562907e-07
24050.000000000095 1.0586013235935267e-07
24100.000000000095 8.98684278664816e-08
24150.000000000095 9.797376091134025e-08
24200.000000000095 1.0427224803069775e-07
24250.000000000095 1.0321895102212627e-07
24300.000000000095 1.0279211223532183e-07
24350.000000000095 9.300337361694741e-08
24400.000000000095 1.269209196432438e-07
24450.000000000095 9.996001413374366e-08
24500.000000000095 1.0986381047263046e-07
24550.000000000095 1.049075751297518e-07
24600.000000000095 1.1393722083143343e-07
24650.000000000095 1.2637232426365052e-07
24700.000000000095 9.441951763091398e-08
24750.000000000095 8.720726089127694e-08
24800.000000000095 9.339881896086805e-08
24850.000000000095 1.2316720238967012e-07
24900.000000000095 6.28402991417881e-08
24950.000000000095 1.0521209672240189e-07
25000.000000000095 9.755662452397668e-08
25050.000000000095 6.794341691511023e-08
25100.000000000095 8.826187774460499e-08
25150.000000000095 5.74050407779572e-08
25200.000000000095 7.515288555353699e-08
25250.000000000095 5.0482163240675357e-08
25300.000000000095 7.002449145868905e-08
25350.000000000095 4.023676326955604e-08
25400.000000000095 6.988132478462687e-08
25450.000000000095 4.637992310756644e-08
25500.000000000095 4.5036450307952584e-08
25550.000000000095 5.745977564929549e-08
25600.000000000095 5.088378755802958e-08
25650.000000000095 3.467656309796667e-08
25700.000000000095 6.49452791628285e-08
25750.000000000095 3.360265990762239e-08
25800.000000000095 6.735548343093707e-08
25850.000000000095 3.423931353181252e-08
25900.000000000095 5.148232029417333e-08
25950.000000000095 3.129950533784871e-08
26000.000000000095 6.326403113758722e-08
26050.000000000095 4.608547873875315e-08
26100.000000000095 7.211292522274886e-08
26150.000000000095 6.023602737442337e-08
26200.000000000095 6.550408508845882e-08
26250.000000000095 8.720334459886486e-08
26300.000000000095 6.311643097932359e-08
26350.000000000095 9.465310513534891e-08
26400.000000000095 1.1033064690472171e-07
26450.000000000095 9.832170329853551e-08
26500.000000000095 9.188334693352354e-08
26550.000000000095 7.033024922124385e-08
26600.000000000095 8.618103384189411e-08
26650.000000000095 4.399452517403878e-08
26700.000000000095 3.568400396988417e-08
26750.000000000095 3.111690283050987e-08
26800.000000000095 4.439845688475049e-08
26850.000000000095 2.7159263073263254e-08
26900.000000000095 5.459859464484866e-08
26950.000000000095 2.8576586581306154e-08
27000.000000000095 6.611964224817254e-08
27050.000000000095 6.05207803747651e-08
27100.000000000095 4.321449472126415e-08
27150.000000000095 7.623614970344561e-08
27200.000000000095 4.6464602773068665e-08
27250.000000000095 5.381311865550187e-08
27300.000000000095 1.0977351765471107e-07
27350.000000000095 8.389203142393851e-08
27400.000000000095 2.8895719655843962e-08
27450.000000000095 1.009176393780636e-07
27500.000000000095 1.0308434216333827e-07
27550.000000000095 5.494737420911803e-08
27600.000000000095 9.132615519755897e-08
27650.000000000095 4.580919960848005e-08
27700.000000000095 3.820616551863443e-08
27750.000000000095 8.930897637789508e-08
27800.000000000095 4.804885948700936e-08
27850.000000000095 5.380615990714094e-08
27900.000000000095 6.92151737892816e-08
27950.000000000095 8.358887201649608e-08
28000.000000000095 8.023935826165056e-08
28050.000000000095 3.7862543940977785e-08
28100.000000000095 1.0205681284691236e-07
28150.000000000095 7.473643727787629e-08
28200.000000000095 3.5928651207896436e-08
28250.000000000095 1.006100730837245e-07
28300.000000000095 1.2957725972375194e-07
28350.000000000095 4.179670584911484e-08
28400.000000000095 9.008707380799482e-08
28450.000000000095 1.0171897291207517e-07
28500.000000000095 8.540125397775873e-08
28550.000000000095 4.070292550899018e-08
28600.000000000095 1.1102205933000089e-07
28650.000000000095 9.882535161070406e-08
28700.000000000095 8.552990329588371e-08
28750.000000000095 1.152233893456662e-07
28800.000000000095 1.0374402629121655e-07
28850.000000000095 1.3006783994245732e-07
28900.000000000095 6.452459113092078e-08
28950.000000000095 1.407229910933776e-07
29000.000000000095 9.755232078225366e-08
29050.000000000095 1.1692371026781823e-07
29100.000000000095 7.562301902077149e-08
29150.000000000095 1.4891959507338646e-07
29200.000000000095 1.0195295765195467e-07
29250.000000000095 1.3967557682434965e-07
29300.000000000095 8.689870257281144e-08
