galfind/configs/Brown_Dwarf_templates/sonora_cholla/logkzz7/316g/1150K_316g_logkzz7_resample.dat
# %ECSV 1.0
# ---
# datatype:
# - {name: wav, unit: Angstrom, datatype: float64}
# - {name: flux_nu, unit: erg / (cm2 Hz s), datatype: float64}
# schema: astropy-2.0
wav flux_nu
[from data line 1162]
68100.00000000009 2.3854725800873157e-07
68150.00000000009 1.895517293810682e-07
68200.00000000009 2.052368427449161e-07
68250.00000000009 1.0627645804477862e-07
68300.00000000009 1.8335790642411215e-07
68350.00000000009 1.1628667817916263e-07
68400.00000000009 2.3804319977849188e-07
68450.00000000009 2.326346073197506e-07
68500.00000000009 2.006796573451774e-07
68550.00000000009 1.4437892423422943e-07
68600.00000000009 1.566882112388269e-07
68650.00000000009 1.1232037662177861e-07
68700.00000000009 1.6979796082609944e-07
68750.00000000009 2.0030070719881688e-07
68800.00000000009 2.1930270161667304e-07
68850.00000000009 1.2709059973627228e-07
68900.00000000009 2.6357265298284373e-07
68950.00000000009 2.8922781905018377e-07
69000.00000000009 2.761374739922792e-07
69050.00000000009 1.7344331060119028e-07
69100.00000000009 2.723871950690894e-07
69150.00000000009 3.054412421900999e-07
69200.00000000009 1.931768262381581e-07
69250.00000000009 2.7985356674068873e-07
69300.00000000009 2.3559639017650753e-07
69350.00000000009 2.5985747926288087e-07
69400.00000000009 1.5611489611672602e-07
69450.00000000009 2.8073034917652394e-07
69500.00000000009 1.8246943664614004e-07
69550.00000000009 2.0312206244898122e-07
69600.00000000009 8.950068595465404e-08
69650.00000000009 1.840503506201342e-07
69700.00000000009 2.528635107535889e-07
69750.00000000009 1.9684568327655822e-07
69800.00000000009 2.3927344467148706e-07
69850.00000000009 2.624746237860767e-07
69900.00000000009 1.8464002086375701e-07
69950.00000000009 2.1393205709387175e-07
70000.00000000009 1.7841908879270156e-07
70050.00000000009 2.602981298576447e-07
70100.00000000009 1.9727840186764502e-07
70150.00000000009 2.3005591658195334e-07
70200.00000000009 1.7004965863382855e-07
70250.00000000009 2.0501262200580542e-07
70300.00000000009 2.5247659999328313e-07
70350.00000000009 1.9815518056165366e-07
70400.00000000009 1.8091907825339713e-07
70450.00000000009 9.943203252019754e-08
70500.00000000009 1.463804842220914e-07
70550.00000000009 1.5324683170093953e-07
70600.00000000009 1.6963062700992843e-07
70650.00000000009 2.1849493021353588e-07
70700.00000000009 2.1193642112872954e-07
70750.00000000009 2.5613912599913727e-07
70800.00000000009 1.797990999893626e-07
70850.00000000009 1.6578490957010996e-07
70900.00000000009 1.7067862192177584e-07
70950.00000000009 2.413689544387762e-07
71000.00000000009 2.107713399134005e-07
71050.00000000009 2.285087297192126e-07
71100.00000000009 2.0485734153831224e-07
71150.00000000009 1.9329096063779383e-07
71200.00000000009 1.6854428278175214e-07
71250.00000000009 1.9684537137691432e-07
71300.00000000009 2.374892763314636e-07
71350.00000000009 2.1361655463170264e-07
71400.00000000009 2.1389300889974494e-07
71450.00000000009 1.3647361460888803e-07
71500.00000000009 1.726229056125985e-07
71550.00000000009 1.7481076420161749e-07
71600.00000000009 2.0509052345056714e-07
71650.00000000009 1.7751945876418646e-07
71700.00000000009 1.4886379986630918e-07
71750.00000000009 1.9068572360914673e-07
71800.00000000009 2.3577735318280246e-07
71850.00000000009 2.352839490932842e-07
71900.00000000009 1.5892260997728338e-07
71950.00000000009 1.8903568404921795e-07
72000.00000000009 1.7925766678576717e-07
72050.00000000009 1.3820131970148564e-07
72100.00000000009 1.6315082322166698e-07
72150.00000000009 1.6198428660831673e-07
72200.00000000009 1.880793790474772e-07
72250.00000000009 2.0706479468073132e-07
72300.00000000009 1.958714192002987e-07
72350.00000000009 1.8152278044819433e-07
72400.00000000009 1.6579297687036447e-07
72450.00000000009 1.5342219499653045e-07
72500.00000000009 1.737301413145365e-07
72550.00000000009 1.1411752441074904e-07
72600.00000000009 1.157316943778772e-07
72650.00000000009 2.0763726415768297e-07
72700.00000000009 2.0052369338887632e-07
72750.00000000009 1.685100904502254e-07
72800.00000000009 1.6079873450531645e-07
72850.00000000009 1.627038563494581e-07
72900.00000000009 2.0359707966644927e-07
72950.00000000009 1.7669821981897708e-07
73000.00000000009 1.8312374340131554e-07
73050.00000000009 1.584621544313054e-07
73100.00000000009 1.4736491586685225e-07
73150.00000000009 2.4121553132901155e-07
73200.00000000009 1.608351812420994e-07
73250.00000000009 1.8286026884468071e-07
73300.00000000009 1.779434879289918e-07
73350.00000000009 1.3768452386533182e-07
73400.00000000009 1.698225950155575e-07
73450.00000000009 1.1495910746761155e-07
73500.00000000009 1.3196243535533987e-07
73550.00000000009 1.6567889243038098e-07
73600.00000000009 1.3389619038539443e-07
73650.00000000009 1.7022923468378133e-07
73700.00000000009 2.0561774807239746e-07
73750.00000000009 1.3641088289686396e-07
73800.00000000009 1.534856131012075e-07
73850.00000000009 1.7780461199533422e-07
73900.00000000009 1.9459086322184714e-07
73950.00000000009 1.584335269112149e-07
74000.00000000009 1.5297941628452844e-07
74050.00000000009 2.4301423868934884e-07
74100.00000000009 1.5569385970555498e-07
74150.00000000009 1.7660457315108243e-07
74200.00000000009 1.5838068250209035e-07
74250.00000000009 1.1653084808520485e-07
74300.00000000009 1.64140345951315e-07
74350.00000000009 1.8797644815619237e-07
74400.00000000009 1.616007007184841e-07
74450.00000000009 1.1758814361831158e-07
74500.00000000009 1.3475508587353183e-07
74550.00000000009 1.6205162182579572e-07
74600.00000000009 1.437582404395248e-07
74650.00000000009 1.4033170767774265e-07
74700.00000000009 1.1259846134445109e-07
74750.00000000009 1.440471288930674e-07
74800.00000000009 1.357254463124054e-07
74850.00000000009 1.0780047379671851e-07
74900.00000000009 2.102705128415417e-07
74950.00000000009 1.9687316261763421e-07
75000.00000000009 1.696447049189825e-07
75050.00000000009 1.4606768050655025e-07
75100.00000000009 2.1963526382809802e-07
75150.00000000009 1.8285751939686338e-07
75200.00000000009 2.085268872053596e-07
75250.00000000009 2.0415013822023384e-07
75300.00000000009 2.0816465113497345e-07
75350.00000000009 1.2642414784127863e-07
75400.00000000009 1.972238388046737e-07
75450.00000000009 1.7824641120430768e-07
75500.00000000009 1.6829116958248639e-07
75550.00000000009 2.0473743580638959e-07
75600.00000000009 2.5319439530339785e-07
75650.00000000009 1.784515690614334e-07
75700.00000000009 1.71607278554549e-07
75750.00000000009 1.3480887127768848e-07
75800.00000000009 1.8457767915695105e-07
75850.00000000009 2.1000620403313297e-07
75900.00000000009 1.7927257620369802e-07
75950.00000000009 1.5540536868272197e-07
76000.00000000009 1.7255867967156486e-07
76050.00000000009 1.82692235609934e-07
76100.00000000009 1.6407353957706654e-07
76150.00000000009 1.8773467304244933e-07
76200.00000000009 1.9335161613494668e-07
76250.00000000009 2.439174022373289e-07
76300.00000000009 2.547057183324616e-07
76350.00000000009 3.0741305199772993e-07
76400.00000000009 2.34558087273611e-07
76450.00000000009 2.1789700833338866e-07
76500.00000000009 1.923533153973217e-07
76550.00000000009 1.7991940989188158e-07
76600.00000000009 9.552073476840914e-08
76650.00000000009 1.0845356704397032e-07
76700.00000000009 1.251297435666506e-07
76750.00000000009 1.1157780746736689e-07
76800.00000000009 1.6575044488195316e-07
76850.00000000009 8.178429237991881e-08
76900.00000000009 9.664724277357418e-08
76950.00000000009 1.334887350105319e-07
77000.00000000009 1.4267918116031218e-07
77050.00000000009 1.0800270012878566e-07
77100.00000000009 1.0806738318413102e-07
77150.00000000009 1.4318938523515744e-07
77200.00000000009 1.3656887452896202e-07
77250.00000000009 1.4590308529267984e-07
77300.00000000009 1.3798787812628222e-07
77350.00000000009 9.684278512635745e-08
77400.00000000009 8.75247116944367e-08
77450.00000000009 1.0115406197702618e-07
77500.00000000009 1.2055806261690786e-07
77550.00000000009 1.32549773443709e-07
77600.00000000009 1.4053766146811239e-07
77650.00000000009 1.3543000544990587e-07
77700.00000000009 1.1440365851368574e-07
77750.00000000009 1.6367343266558292e-07
77800.00000000009 1.413469304040284e-07
77850.00000000009 1.8936205244180873e-07
77900.00000000009 1.6375389420594583e-07
77950.00000000009 1.1430944749103206e-07
78000.00000000009 1.43860944834118e-07
78050.00000000009 1.4669606567806097e-07
78100.00000000009 1.1255009512658942e-07
78150.00000000009 1.7147948834929685e-07
78200.00000000009 1.7589095551179562e-07
78250.00000000009 1.994707708073614e-07
78300.00000000009 1.897974174125432e-07
78350.00000000009 1.7763317556827736e-07
78400.00000000009 1.557344555192958e-07
78450.00000000009 2.060316250989785e-07
78500.00000000009 1.9986976343909552e-07
78550.00000000009 1.891309222844389e-07
78600.00000000009 1.6835043586040764e-07
78650.00000000009 9.200049114829651e-08
78700.00000000009 1.5432772026505304e-07
78750.00000000009 1.447761532831671e-07
78800.00000000009 1.8640526669281074e-07
78850.00000000009 1.267368983557859e-07
78900.00000000009 1.6542486043063712e-07
78950.00000000009 1.453198017330492e-07
79000.00000000009 1.6312891030952063e-07
79050.00000000009 1.5330763433110474e-07
79100.00000000009 1.569828644030811e-07
79150.00000000009 1.818414336131759e-07
79200.00000000009 2.0640135807651135e-07
79250.00000000009 1.7452382888628296e-07
79300.00000000009 1.3158470217474687e-07
79350.00000000009 1.9165204430858011e-07
79400.00000000009 1.5740865732780594e-07
79450.00000000009 1.7950290146048832e-07
79500.00000000009 2.392387470733248e-07
79550.00000000009 1.950271032871721e-07
79600.00000000009 1.3686133996499918e-07
79650.00000000009 1.6604477801178675e-07
79700.00000000009 2.150021643562907e-07
79750.00000000009 2.029323481024277e-07
79800.00000000009 1.7335060613548377e-07
79850.00000000009 1.7046402174388666e-07
79900.00000000009 2.6010282040982055e-07
79950.00000000009 1.9091624262457318e-07
