galfind/configs/Brown_Dwarf_templates/sonora_cholla/logkzz7/316g/1200K_316g_logkzz7_resample.dat
# %ECSV 1.0
# ---
# datatype:
# - {name: wav, unit: Angstrom, datatype: float64}
# - {name: flux_nu, unit: erg / (cm2 Hz s), datatype: float64}
# schema: astropy-2.0
wav flux_nu
10000.000000000093 nan
10050.000000000093 2.656272237234765e-07
10100.000000000093 3.100170484884678e-07
10150.000000000093 3.125808511360604e-07
10200.000000000093 3.4203163077911635e-07
10250.000000000093 3.677812465195806e-07
10300.000000000093 3.723497006885904e-07
10350.000000000093 4.2641450693291886e-07
10400.000000000093 4.6568264307387697e-07
10450.000000000093 4.784849980685066e-07
10500.000000000093 4.6660634577074646e-07
10550.000000000093 4.6941261531140423e-07
10600.000000000093 4.906587429591167e-07
10650.000000000093 5.235210654626659e-07
10700.000000000093 5.550858062004851e-07
10750.000000000093 5.885434464216572e-07
10800.000000000093 6.138372700618393e-07
10850.000000000093 6.528453503310991e-07
10900.000000000093 5.7088405548234e-07
10950.000000000093 4.0447323963846614e-07
11000.000000000093 3.390418415016638e-07
11050.000000000093 2.667415917965456e-07
11100.000000000093 2.2969433656648544e-07
11150.000000000093 1.8628305690651935e-07
11200.000000000093 1.9446467257492413e-07
11250.000000000093 2.4136654366470074e-07
11300.000000000093 2.2846278251410165e-07
11350.000000000093 1.3300637091623478e-07
11400.000000000093 2.4915732118414397e-07
11450.000000000093 1.9581465148467902e-07
11500.000000000093 2.491559216034745e-07
11550.000000000093 1.9669770611452671e-07
11600.000000000093 2.0839201796577298e-07
11650.000000000093 2.2504102275409698e-07
11700.000000000093 2.35842746777644e-07
11750.000000000093 2.2690127746009477e-07
11800.000000000093 2.783994574227448e-07
11850.000000000093 3.383369279280633e-07
11900.000000000093 3.6458091867462484e-07
11950.000000000093 4.401691616159413e-07
12000.000000000093 4.6593827223789305e-07
12050.000000000093 5.426848760821478e-07
12100.000000000093 5.818837571714405e-07
12150.000000000093 6.460274688192814e-07
12200.000000000093 7.037258121313234e-07
12250.000000000093 7.723950128016681e-07
12300.000000000093 8.32222170118228e-07
12350.000000000093 8.566967507811597e-07
12400.000000000093 8.801106174298696e-07
12450.000000000093 9.596103594603737e-07
12500.000000000093 1.0034377084457244e-06
12550.000000000093 1.0559979547613604e-06
12600.000000000093 1.0683552455443006e-06
12650.000000000093 1.056790394918412e-06
12700.000000000093 1.094866856880084e-06
12750.000000000093 1.044182113378825e-06
12800.000000000093 1.0679594839168681e-06
12850.000000000093 9.648146277072472e-07
12900.000000000093 8.916599378562739e-07
12950.000000000093 9.108977290371267e-07
13000.000000000093 9.226775511170559e-07
13050.000000000093 9.050987042485568e-07
13100.000000000093 8.666247137999003e-07
13150.000000000093 7.741048864951295e-07
13200.000000000093 7.251336205710634e-07
13250.000000000093 5.677320210207676e-07
13300.000000000093 3.4235579390842435e-07
13350.000000000093 1.1818211645298545e-07
13400.000000000093 6.183972897676908e-08
13450.000000000093 4.1157405780126506e-08
13500.000000000093 2.573355317009437e-08
13550.000000000093 2.1160466466927705e-08
13600.000000000093 1.66825760998351e-08
13650.000000000093 3.603529700245029e-08
13700.000000000093 2.8581629723725942e-08
13750.000000000093 3.4752320759483716e-08
13800.000000000093 4.751512198270807e-08
13850.000000000093 3.517248687387532e-08
13900.000000000093 3.644871386770752e-08
13950.000000000093 3.439689061204706e-08
14000.000000000093 3.1364387150865505e-08
14050.000000000093 3.7593675586096664e-08
14100.000000000093 2.6695146383347808e-08
14150.000000000093 3.717624803875443e-08
14200.000000000093 2.859401042889032e-08
14250.000000000093 2.9166048421053527e-08
14300.000000000093 4.2222479069867363e-08
14350.000000000093 4.0094133619324816e-08
14400.000000000093 4.380664327901041e-08
14450.000000000093 4.7428937887450266e-08
14500.000000000093 7.831896274964717e-08
14550.000000000093 7.839805020838376e-08
14600.000000000093 1.0244876814133258e-07
14650.000000000093 1.0444059258174751e-07
14700.000000000093 7.948169329053799e-08
14750.000000000093 1.0035007409649615e-07
14800.000000000093 1.2381475936012604e-07
14850.000000000093 1.2731108462103467e-07
14900.000000000093 1.3454225618351833e-07
14950.000000000093 1.4727673944694335e-07
15000.000000000093 1.6088751009258327e-07
15050.000000000093 1.9648892247523074e-07
15100.000000000093 2.141209324273828e-07
15150.000000000093 2.2890179242261958e-07
15200.000000000093 2.2371783571052163e-07
15250.000000000093 2.6589950098344094e-07
15300.000000000093 3.042507303326867e-07
15350.000000000093 3.4906550620949665e-07
15400.000000000093 3.785093023669657e-07
15450.000000000093 4.2134993808110985e-07
15500.000000000093 4.45506330523559e-07
15550.000000000093 5.036287066327141e-07
15600.000000000093 5.012970471675777e-07
15650.000000000093 5.34901942976554e-07
15700.000000000093 6.132294848384028e-07
15750.000000000093 6.546520367101916e-07
15800.000000000093 6.319641192383412e-07
15850.000000000093 6.812172412791063e-07
15900.000000000093 6.911584152779412e-07
15950.000000000093 7.067661791680558e-07
16000.000000000093 7.069593509876306e-07
16050.000000000093 6.910349061471992e-07
16100.000000000093 6.739726539195361e-07
16150.000000000093 6.095452463716482e-07
16200.000000000093 5.648476336334003e-07
16250.000000000093 5.728304909630645e-07
16300.000000000093 5.396501518616565e-07
16350.000000000093 5.627710425423556e-07
16400.000000000095 5.902771312741651e-07
16450.000000000095 6.032037966326455e-07
16500.000000000095 6.24338823669164e-07
16550.000000000095 6.088419051411488e-07
16600.000000000095 5.890988868784885e-07
16650.000000000095 5.346004789715667e-07
16700.000000000095 4.4127488066692193e-07
16750.000000000095 4.836319155791834e-07
16800.000000000095 5.508344380910648e-07
16850.000000000095 5.257313815618403e-07
16900.000000000095 5.041717495827855e-07
16950.000000000095 4.800203920832911e-07
17000.000000000095 4.517208814408997e-07
17050.000000000095 4.915703202990594e-07
17100.000000000095 4.727241816874563e-07
17150.000000000095 4.201258518804145e-07
17200.000000000095 4.2252728065533535e-07
17250.000000000095 3.7524904377753304e-07
17300.000000000095 3.4375411588960905e-07
17350.000000000095 3.283320154753367e-07
17400.000000000095 3.081423649548538e-07
17450.000000000095 2.755544401165504e-07
17500.000000000095 2.7811851798681543e-07
17550.000000000095 2.421411964896672e-07
17600.000000000095 2.2972327065023768e-07
17650.000000000095 2.241793262554552e-07
17700.000000000095 1.635065116647223e-07
17750.000000000095 1.4289876694749348e-07
17800.000000000095 1.6235587314474373e-07
17850.000000000095 1.098366108682977e-07
17900.000000000095 1.347947480953109e-07
17950.000000000095 1.0568007440294766e-07
18000.000000000095 1.0743137327089437e-07
18050.000000000095 9.622148462016169e-08
18100.000000000095 8.601157091077532e-08
18150.000000000095 1.1458880905197319e-07
18200.000000000095 7.449110185057255e-08
18250.000000000095 1.358142549151075e-07
18300.000000000095 9.064393353493681e-08
18350.000000000095 8.454602571092815e-08
18400.000000000095 7.592023935606232e-08
18450.000000000095 8.11505605560689e-08
18500.000000000095 8.899410244554499e-08
18550.000000000095 7.145203986915816e-08
18600.000000000095 6.103338199311968e-08
18650.000000000095 5.760440043404176e-08
18700.000000000095 5.9016990540512676e-08
18750.000000000095 6.996978153945903e-08
18800.000000000095 1.0984281604131311e-07
18850.000000000095 1.2592811318926062e-07
18900.000000000095 1.1261217861522479e-07
18950.000000000095 1.6549479386044964e-07
19000.000000000095 1.2463170588958827e-07
19050.000000000095 9.976659852874283e-08
19100.000000000095 1.5186039202079053e-07
19150.000000000095 1.2330152633316456e-07
19200.000000000095 1.3699720944104308e-07
19250.000000000095 1.1790994621080725e-07
19300.000000000095 1.0881684699457657e-07
19350.000000000095 9.907523876168201e-08
19400.000000000095 6.52071529167809e-08
19450.000000000095 1.1104140943836848e-07
19500.000000000095 1.0522540801021719e-07
19550.000000000095 8.479991575072367e-08
19600.000000000095 1.0721883680977355e-07
19650.000000000095 1.209530305607009e-07
19700.000000000095 1.209530528481823e-07
19750.000000000095 1.1981575648441714e-07
19800.000000000095 1.3758337383226434e-07
19850.000000000095 1.6157675436649623e-07
19900.000000000095 1.2244114598610178e-07
19950.000000000095 1.7656847809199216e-07
20000.000000000095 1.705031889799857e-07
20050.000000000095 1.8507723102550956e-07
20100.000000000095 1.9262676040888533e-07
20150.000000000095 1.9419542904114975e-07
20200.000000000095 2.2359224753992866e-07
20250.000000000095 2.4396750779018104e-07
20300.000000000095 2.2697152088651263e-07
20350.000000000095 2.5785964047271297e-07
20400.000000000095 2.6040519082787355e-07
20450.000000000095 2.945488893260412e-07
20500.000000000095 3.051203132080391e-07
20550.000000000095 2.961215086667019e-07
20600.000000000095 3.3697472880231673e-07
20650.000000000095 3.206649626030274e-07
20700.000000000095 3.2908675103252385e-07
20750.000000000095 3.5283024051806757e-07
20800.000000000095 3.5190638696689007e-07
20850.000000000095 3.54792683450401e-07
20900.000000000095 3.7176713536316404e-07
20950.000000000095 3.6078470445435196e-07
21000.000000000095 3.7502455009514855e-07
21050.000000000095 3.638803188607699e-07
21100.000000000095 3.6857251724169317e-07
21150.000000000095 3.7333471783400397e-07
21200.000000000095 3.614968480352173e-07
21250.000000000095 3.714891428012995e-07
21300.000000000095 3.512675024385281e-07
21350.000000000095 3.625478904032067e-07
21400.000000000095 3.404565346588471e-07
21450.000000000095 3.5033950206897246e-07
21500.000000000095 3.4693414656934617e-07
21550.000000000095 3.3860444298370573e-07
21600.000000000095 3.3556909818454226e-07
21650.000000000095 3.181205817629662e-07
21700.000000000095 3.26810446321096e-07
21750.000000000095 3.081275714918807e-07
21800.000000000095 2.9620999468084567e-07
21850.000000000095 2.787792980620257e-07
21900.000000000095 2.767687769915437e-07
21950.000000000095 2.2394320358865582e-07
22000.000000000095 1.8462643289236018e-07
22050.000000000095 1.6072003499456268e-07
22100.000000000095 1.9387024065322133e-07
22150.000000000095 2.0404795636853686e-07
22200.000000000095 2.0248482263582316e-07
22250.000000000095 1.9328724588011603e-07
22300.000000000095 1.931042884636283e-07
22350.000000000095 1.839815988704455e-07
22400.000000000095 1.727301135083503e-07
22450.000000000095 1.5341143584849017e-07
22500.000000000095 1.5955691810730687e-07
22550.000000000095 1.3878985226792844e-07
22600.000000000095 1.512398035852967e-07
22650.000000000095 1.4402061953713042e-07
22700.000000000095 1.410092352158029e-07
22750.000000000095 1.4853328653416087e-07
22800.000000000095 1.4050800582681662e-07
22850.000000000095 1.2836221417868372e-07
22900.000000000095 1.2710688777106732e-07
22950.000000000095 1.1246442968547896e-07
23000.000000000095 9.007916905541452e-08
23050.000000000095 1.1191486735892408e-07
23100.000000000095 1.2791472987995864e-07
23150.000000000095 1.2400472171039115e-07
23200.000000000095 8.717503107970805e-08
23250.000000000095 8.899060696411804e-08
23300.000000000095 8.650263803482638e-08
23350.000000000095 7.932942525074138e-08
23400.000000000095 9.146487523195925e-08
23450.000000000095 8.930357223245541e-08
23500.000000000095 9.248159800078002e-08
23550.000000000095 1.1357556052424737e-07
23600.000000000095 1.133124633364556e-07
23650.000000000095 1.2042973066709679e-07
23700.000000000095 8.963380135848232e-08
23750.000000000095 9.211515719238314e-08
23800.000000000095 9.860003904365338e-08
23850.000000000095 9.460553675476692e-08
23900.000000000095 1.212558133403454e-07
23950.000000000095 1.2384393227391047e-07
24000.000000000095 1.4970688628599802e-07
24050.000000000095 1.4239277331412854e-07
24100.000000000095 1.236450694401255e-07
24150.000000000095 1.3434061855537575e-07
24200.000000000095 1.4026192985330922e-07
24250.000000000095 1.4318403761157367e-07
24300.000000000095 1.3686407922944576e-07
24350.000000000095 1.267349228137438e-07
24400.000000000095 1.665641131576056e-07
24450.000000000095 1.3164329342932888e-07
24500.000000000095 1.4278707030106588e-07
24550.000000000095 1.3439377830603803e-07
24600.000000000095 1.4419365886576493e-07
24650.000000000095 1.598743458026484e-07
24700.000000000095 1.1966958014446364e-07
24750.000000000095 1.0971967470276065e-07
24800.000000000095 1.1790130461737472e-07
24850.000000000095 1.5219904608456145e-07
24900.000000000095 7.86512001117821e-08
24950.000000000095 1.3102383682096123e-07
25000.000000000095 1.2094875477999644e-07
25050.000000000095 8.479021632119927e-08
25100.000000000095 1.0942869668910269e-07
25150.000000000095 7.231346091809477e-08
25200.000000000095 9.281327884282179e-08
25250.000000000095 6.425713268731045e-08
25300.000000000095 8.793683249779671e-08
25350.000000000095 5.15186035503795e-08
25400.000000000095 8.681334890209997e-08
25450.000000000095 5.9142138513811045e-08
25500.000000000095 5.733891348301814e-08
25550.000000000095 7.251864084602942e-08
25600.000000000095 6.569587221596968e-08
25650.000000000095 4.513312913239631e-08
25700.000000000095 8.319669899463468e-08
25750.000000000095 4.4294573794992725e-08
25800.000000000095 8.55820104656571e-08
25850.000000000095 4.563630009301731e-08
25900.000000000095 6.818985105668874e-08
25950.000000000095 4.2310863513670876e-08
26000.000000000095 7.964940982531003e-08
26050.000000000095 6.154892075220808e-08
26100.000000000095 9.203040793692373e-08
26150.000000000095 7.85620048284305e-08
26200.000000000095 8.419123777098816e-08
26250.000000000095 1.0787372099030449e-07
26300.000000000095 8.161140912813109e-08
26350.000000000095 1.1545961155812873e-07
26400.000000000095 1.3467219118215677e-07
26450.000000000095 1.2052918206397294e-07
26500.000000000095 1.1204164532925599e-07
26550.000000000095 8.918930789676053e-08
26600.000000000095 1.0922028768991509e-07
26650.000000000095 5.793553473055762e-08
26700.000000000095 4.798480233099842e-08
26750.000000000095 4.145875069105537e-08
26800.000000000095 5.810523074596451e-08
26850.000000000095 3.581720333012136e-08
26900.000000000095 6.914089118648162e-08
26950.000000000095 3.694608364796004e-08
27000.000000000095 8.173639270445988e-08
27050.000000000095 7.49249400807512e-08
27100.000000000095 5.548649801285076e-08
27150.000000000095 9.309435979939847e-08
27200.000000000095 5.990431711024129e-08
27250.000000000095 6.756126746913175e-08
27300.000000000095 1.308141223177696e-07
27350.000000000095 1.0210262506917434e-07
27400.000000000095 3.8239331593942215e-08
27450.000000000095 1.2348120512508206e-07
27500.000000000095 1.2322285232074934e-07
27550.000000000095 7.006205572812201e-08
27600.000000000095 1.1397104550780816e-07
27650.000000000095 5.83000472435193e-08
27700.000000000095 4.9251934374115225e-08
27750.000000000095 1.1055873762841665e-07
27800.000000000095 6.10082145560604e-08
27850.000000000095 6.799643525199613e-08
27900.000000000095 8.677931664483371e-08
27950.000000000095 1.0165260282729716e-07
28000.000000000095 9.893729069535793e-08
28050.000000000095 4.870840555381424e-08
28100.000000000095 1.242769695477561e-07
28150.000000000095 9.292987056524559e-08
28200.000000000095 4.605170306885806e-08
28250.000000000095 1.2167834272344987e-07
28300.000000000095 1.5601351312433762e-07
28350.000000000095 5.2370400942047234e-08
28400.000000000095 1.1087856240272173e-07
28450.000000000095 1.215994021698608e-07
28500.000000000095 1.0483283048866146e-07
28550.000000000095 5.1501821262505436e-08
28600.000000000095 1.34245455520867e-07
28650.000000000095 1.1956177129294437e-07
28700.000000000095 1.0361652527581187e-07
28750.000000000095 1.3709373302651473e-07
28800.000000000095 1.2379916118302117e-07
28850.000000000095 1.5565774897741203e-07
28900.000000000095 7.834522974516796e-08
28950.000000000095 1.65692110076776e-07
29000.000000000095 1.1600530829712949e-07
29050.000000000095 1.3856023951611053e-07
29100.000000000095 9.054433718764203e-08
29150.000000000095 1.7351046000758309e-07
29200.000000000095 1.2132908154625021e-07
29250.000000000095 1.6412236015462123e-07
