galfind/configs/Brown_Dwarf_templates/sonora_cholla/logkzz7/316g/1200K_316g_logkzz7_resample.dat
# %ECSV 1.0
# ---
# datatype:
# - {name: wav, unit: Angstrom, datatype: float64}
# - {name: flux_nu, unit: erg / (cm2 Hz s), datatype: float64}
# schema: astropy-2.0
wav flux_nu
[from data line 773]
48650.000000000095 1.5076988087204166e-07
48700.000000000095 2.7053523870661195e-07
48750.000000000095 1.6628984138612187e-07
48800.000000000095 2.572641255361153e-07
48850.000000000095 1.9029340255537216e-07
48900.000000000095 2.688250981080867e-07
48950.000000000095 2.3431460675814257e-07
49000.000000000095 2.1176696760756245e-07
49050.000000000095 2.504264521197235e-07
49100.000000000095 1.9316490907105715e-07
49150.000000000095 2.7851995710285615e-07
49200.000000000095 2.006304664059387e-07
49250.000000000095 2.810575151964488e-07
49300.000000000095 2.2256868214328653e-07
49350.000000000095 2.4454492185058747e-07
49400.000000000095 2.884711786872418e-07
49450.000000000095 2.5140563377608434e-07
49500.000000000095 2.5610339633639136e-07
49550.000000000095 1.8028987382922535e-07
49600.000000000095 2.6487144454385483e-07
49650.000000000095 2.436094424267587e-07
49700.000000000095 2.210324581725304e-07
49750.000000000095 3.457208845598596e-07
49800.000000000095 2.2322038016839048e-07
49850.000000000095 3.646842170391198e-07
49900.000000000095 2.7619695145117104e-07
49950.000000000095 3.12368413763949e-07
50000.000000000095 3.428398930764265e-07
50050.000000000095 2.9798097894817607e-07
50100.000000000095 4.056688115498479e-07
50150.000000000095 2.3261219535502543e-07
50200.000000000095 1.9581441114689414e-07
50250.000000000095 3.537002533050711e-07
50300.000000000095 2.5471374407688376e-07
50350.000000000095 3.4400582145268617e-07
50400.000000000095 2.9972357888155785e-07
50450.000000000095 3.144998911325621e-07
50500.000000000095 3.8270969606393307e-07
50550.000000000095 3.128874831098947e-07
50600.000000000095 3.6831221279895623e-07
50650.000000000095 3.216067784417615e-07
50700.000000000095 4.3456906225649676e-07
50750.000000000095 4.4487731122476515e-07
50800.000000000095 2.4846779637326127e-07
50850.000000000095 3.039792433836853e-07
50900.000000000095 4.1283227938193524e-07
50950.000000000095 4.374774884672706e-07
51000.000000000095 4.157943342131533e-07
51050.000000000095 3.574523275265708e-07
51100.000000000095 2.7311517251647644e-07
51150.000000000095 3.1852400044654796e-07
51200.000000000095 4.15567774062274e-07
51250.000000000095 4.1974241918485955e-07
51300.000000000095 2.7414938840436184e-07
51350.000000000095 3.6381717530628384e-07
51400.000000000095 3.1029793172077785e-07
51450.000000000095 2.6597321092036767e-07
51500.000000000095 2.518420672660704e-07
51550.000000000095 4.220592029094517e-07
51600.000000000095 2.8466646993510227e-07
51650.000000000095 3.878179578780887e-07
51700.000000000095 3.9506402622771415e-07
51750.000000000095 2.7658172039222533e-07
51800.000000000095 5.047457517606307e-07
51850.000000000095 3.9409034743876385e-07
51900.000000000095 4.850954275750226e-07
51950.000000000095 4.3379295985456276e-07
52000.000000000095 2.0246033316453704e-07
52050.000000000095 3.053103659359763e-07
52100.000000000095 2.965757015512444e-07
52150.000000000095 2.5681656094252385e-07
52200.000000000095 2.833973604140785e-07
52250.000000000095 3.0444562608749715e-07
52300.000000000095 4.70050135132831e-07
52350.000000000095 3.665865670375386e-07
52400.000000000095 2.830965125776029e-07
52450.000000000095 4.0831800392269194e-07
52500.000000000095 3.772102193888574e-07
52550.000000000095 4.029783548355848e-07
52600.000000000095 3.2812764804724994e-07
52650.000000000095 4.039905419247909e-07
52700.000000000095 3.1614390832408535e-07
52750.000000000095 2.7414092902939043e-07
52800.000000000095 2.820947158352852e-07
52850.000000000095 3.262955255741073e-07
52900.000000000095 2.755765789569744e-07
52950.000000000095 2.7644179087063985e-07
53000.000000000095 4.686589778879962e-07
53050.000000000095 2.4255365854839273e-07
53100.000000000095 4.2449149115948897e-07
53150.000000000095 4.860441375598281e-07
53200.000000000095 2.5396696038367763e-07
53250.000000000095 4.453849103388986e-07
53300.000000000095 4.6018433491522204e-07
53350.000000000095 4.283324573166299e-07
53400.000000000095 4.6532787081606325e-07
53450.000000000095 2.6041698341594925e-07
53500.000000000095 1.83025760102389e-07
53550.000000000095 2.6458665063177735e-07
53600.000000000095 3.4468414247827607e-07
53650.000000000095 2.893834574220902e-07
53700.000000000095 2.733466878295397e-07
53750.000000000095 2.841823399377152e-07
53800.000000000095 2.9289674627829446e-07
53850.000000000095 3.6468411636136793e-07
53900.000000000095 3.156951646334803e-07
53950.000000000095 4.273864813714352e-07
54000.000000000095 3.217688274801294e-07
54050.000000000095 3.132545858665676e-07
54100.000000000095 1.9011626805008702e-07
54150.000000000095 2.6219407549701723e-07
54200.000000000095 1.537730406275322e-07
54250.000000000095 1.7147039421513905e-07
54300.000000000095 2.5480355669231313e-07
54350.000000000095 3.29473617509992e-07
54400.000000000095 3.383733997257743e-07
54450.000000000095 2.9626022167470816e-07
54500.000000000095 2.7372020206802435e-07
54550.000000000095 2.27976937567154e-07
54600.000000000095 2.851337109974466e-07
54650.000000000095 1.9067117527822904e-07
54700.000000000095 3.308641427982024e-07
54750.000000000095 3.245019488076182e-07
54800.000000000095 2.4466621610162677e-07
54850.000000000095 2.7490884673461194e-07
54900.000000000095 3.5140199096178744e-07
54950.000000000095 4.4850767218382485e-07
55000.000000000095 2.4177169956040933e-07
55050.000000000095 3.0776420578099075e-07
55100.000000000095 2.6792149985794174e-07
55150.000000000095 2.4670602657898635e-07
55200.000000000095 2.4311337814471053e-07
55250.000000000095 2.596227933589072e-07
55300.000000000095 2.043291806134241e-07
55350.000000000095 2.873907198939208e-07
55400.000000000095 3.6400626123969887e-07
55450.000000000095 2.823313604534937e-07
55500.000000000095 1.6974890891537056e-07
55550.000000000095 2.2627448344464678e-07
55600.000000000095 2.1791929944828176e-07
55650.000000000095 1.7575888748166718e-07
55700.000000000095 2.3342842190908918e-07
55750.000000000095 2.742746047232564e-07
55800.000000000095 2.0596743381004955e-07
55850.000000000095 1.8247874769695264e-07
55900.000000000095 3.0338253283438704e-07
55950.000000000095 3.986884224715671e-07
56000.000000000095 1.96974232731866e-07
56050.000000000095 2.706301235179061e-07
56100.000000000095 2.9962673609698946e-07
56150.000000000095 2.262903302115124e-07
56200.000000000095 2.545107838371836e-07
56250.000000000095 2.472341333702851e-07
56300.000000000095 2.759116199551495e-07
56350.000000000095 2.8633099093203444e-07
56400.000000000095 2.0825110296048555e-07
56450.000000000095 1.861346314203867e-07
56500.000000000095 2.137310003518339e-07
56550.000000000095 1.5759769380134667e-07
56600.000000000095 2.821879949592496e-07
56650.000000000095 2.643238014555879e-07
56700.000000000095 3.129626618474411e-07
56750.000000000095 1.8196771910678615e-07
56800.000000000095 2.9613532664142654e-07
56850.000000000095 2.360206834172814e-07
56900.000000000095 2.119886908049759e-07
56950.000000000095 3.0123945099704373e-07
57000.000000000095 3.1396192168031497e-07
57050.000000000095 2.3064152322660013e-07
57100.000000000095 1.3694579881239292e-07
57150.000000000095 1.87601918423799e-07
57200.000000000095 1.5296597292308952e-07
57250.000000000095 2.2003903955313328e-07
57300.000000000095 2.6330165807960703e-07
57350.000000000095 1.6194015416752915e-07
57400.000000000095 2.628627351578149e-07
57450.000000000095 2.4574712262797374e-07
57500.000000000095 2.3237590936265462e-07
57550.000000000095 2.8485369476177275e-07
57600.000000000095 3.0657145037195233e-07
57650.000000000095 1.424276426330114e-07
57700.000000000095 1.7133615338197453e-07
57750.000000000095 2.0799164926123798e-07
57800.000000000095 9.717654084397788e-08
57850.000000000095 3.2872270773609113e-07
57900.000000000095 3.8253413707027806e-07
57950.000000000095 3.422510008597712e-07
58000.000000000095 1.9550888459016153e-07
58050.000000000095 2.6446567128835146e-07
58100.000000000095 3.255140807453227e-07
58150.000000000095 2.5773897550069e-07
58200.000000000095 1.5139514728981456e-07
58250.000000000095 1.964220375187964e-07
58300.000000000095 1.6133846736804139e-07
58350.000000000095 1.9012031950605536e-07
58400.000000000095 2.4319663928609035e-07
58450.000000000095 2.6104025545102295e-07
58500.000000000095 2.328320915821405e-07
58550.000000000095 2.7242437522438203e-07
58600.000000000095 1.778799038050215e-07
58650.000000000095 2.2026616575016744e-07
58700.000000000095 2.1205973266831372e-07
58750.000000000095 2.2737994991234397e-07
58800.000000000095 1.3471323285225143e-07
58850.000000000095 2.0461871209690872e-07
58900.000000000095 2.5569188120586525e-07
58950.000000000095 1.690599843051069e-07
59000.000000000095 2.4429510931198053e-07
59050.000000000095 2.665804662147628e-07
59100.000000000095 3.1972776943482063e-07
59150.000000000095 2.4468144007176293e-07
59200.000000000095 2.4940867875936766e-07
59250.000000000095 2.6359321189450083e-07
59300.000000000095 2.506354411245754e-07
59350.000000000095 1.484441035328245e-07
59400.000000000095 1.1619712228335208e-07
59450.000000000095 2.200768953637409e-07
59500.000000000095 1.4690058645737408e-07
59550.000000000095 2.8456596075363806e-07
59600.000000000095 2.7832725832522776e-07
59650.000000000095 2.487426437757914e-07
59700.000000000095 1.7539454295042353e-07
59750.000000000095 3.4644960413911015e-07
59800.000000000095 2.3195689282093697e-07
59850.000000000095 2.8519647847910933e-07
59900.000000000095 1.6077903663558172e-07
59950.000000000095 2.5122418948353866e-07
60000.000000000095 3.878695678087775e-07
60050.000000000095 3.197767827904219e-07
60100.000000000095 3.3122657474002806e-07
60150.000000000095 2.38180059217575e-07
60200.000000000095 2.6688336801033153e-07
60250.000000000095 3.1384703088613013e-07
60300.000000000095 2.8947587086709177e-07
60350.000000000095 2.2046456296944976e-07
60400.000000000095 2.700969360600096e-07
60450.000000000095 1.6392312403264235e-07
60500.000000000095 1.1474212451432793e-07
60550.000000000095 2.786075473922929e-07
60600.000000000095 2.708586221430202e-07
60650.000000000095 2.385406520597739e-07
60700.000000000095 2.1945416500629863e-07
60750.000000000095 1.7641919717147638e-07
60800.000000000095 2.9424349364899636e-07
60850.000000000095 3.903146033809593e-07
60900.000000000095 3.4867932197367586e-07
60950.000000000095 3.3111632244832243e-07
61000.000000000095 2.6383433265047333e-07
61050.000000000095 1.9747260465099175e-07
61100.000000000095 2.719446041507895e-07
61150.000000000095 1.1481090419930434e-07
61200.000000000095 3.5179266624397904e-07
61250.000000000095 4.0001977798306214e-07
61300.000000000095 3.536233376163569e-07
61350.000000000095 4.0493786644941097e-07
61400.000000000095 2.933025432577136e-07
61450.000000000095 2.107942852915204e-07
61500.000000000095 2.2726370239300152e-07
61550.000000000095 2.0486784433440987e-07
61600.000000000095 1.548669549124126e-07
61650.000000000095 2.512185665474467e-07
61700.000000000095 2.114015309314082e-07
61750.000000000095 2.4925913131267805e-07
61800.000000000095 2.920172791590929e-07
61850.000000000095 1.9611810672990915e-07
61900.000000000095 3.3897794488864925e-07
61950.000000000095 3.6045742259148894e-07
62000.000000000095 3.1534724980600855e-07
62050.000000000095 3.1885803756377535e-07
62100.000000000095 3.4347655292555104e-07
62150.000000000095 3.248567921936944e-07
62200.000000000095 2.9005988096509217e-07
62250.000000000095 3.123145054025654e-07
62300.000000000095 4.0424304224810643e-07
62350.000000000095 3.5950038262356026e-07
62400.000000000095 2.2632352377039862e-07
62450.000000000095 2.799490353605963e-07
62500.000000000095 3.782357068225666e-07
62550.000000000095 3.5387845769472314e-07
62600.000000000095 3.9363342807487327e-07
62650.000000000095 3.1509693079081917e-07
62700.000000000095 3.4844496455926316e-07
62750.000000000095 4.1361974200225616e-07
62800.000000000095 2.7093502805174586e-07
62850.000000000095 3.696938584482259e-07
62900.000000000095 3.065880786254127e-07
62950.000000000095 3.9442519140548943e-07
63000.000000000095 3.6319804224036457e-07
63050.000000000095 4.612795105324563e-07
63100.000000000095 4.1791925448897393e-07
63150.000000000095 2.815471216107909e-07
63200.000000000095 3.779672672182782e-07
63250.000000000095 3.8304040083134176e-07
63300.000000000095 4.089739652328996e-07
63350.000000000095 3.449364606603615e-07
63400.000000000095 2.2263652906597664e-07
63450.000000000095 1.9844852817257112e-07
63500.000000000095 3.542914479029998e-07
63550.000000000095 3.1104425985097986e-07
63600.000000000095 4.0563952031911837e-07
63650.000000000095 3.001306210315262e-07
63700.000000000095 2.111272875339803e-07
63750.000000000095 2.8841564173670675e-07
63800.000000000095 2.9306688568646334e-07
63850.000000000095 2.943297315302006e-07
63900.000000000095 2.2074942712188653e-07
63950.000000000095 3.2864493844331823e-07
64000.000000000095 3.5242410533843703e-07
64050.000000000095 2.6034355408170405e-07
64100.000000000095 1.1271860349743912e-07
64150.000000000095 1.528590086015894e-07
64200.000000000095 1.8329026915117616e-07
64250.000000000095 2.633963617656658e-07
64300.000000000095 2.1126158515780275e-07
64350.000000000095 1.9230129506695293e-07
64400.000000000095 2.7883461670730044e-07
64450.000000000095 2.875512070009998e-07
64500.000000000095 1.767709386140826e-07
64550.000000000095 2.6651189041452283e-07
64600.000000000095 1.7972031793560325e-07
64650.000000000095 2.4405978649264934e-07
64700.000000000095 1.445798378084105e-07
64750.000000000095 1.7243513074436937e-07
64800.000000000095 1.746489634396865e-07
64850.000000000095 1.6255371300078076e-07
64900.000000000095 1.9050205568976639e-07
64950.000000000095 1.6895915750063404e-07
65000.000000000095 1.9728142705809097e-07
65050.000000000095 2.06924690293323e-07
65100.000000000095 2.3808321842746068e-07
65150.000000000095 1.8960139778848814e-07
65200.000000000095 1.5359326225244739e-07
65250.000000000095 2.2162361159317926e-07
65300.000000000095 1.8590176005575223e-07
65350.000000000095 3.3179580983719586e-07
65400.000000000095 1.8719715172684222e-07
65450.000000000095 1.9241882948078134e-07
65500.000000000095 2.1683878723569287e-07
65550.00000000009 1.5705202122786925e-07
65600.00000000009 1.8234808988584145e-07
65650.00000000009 1.9756388464119503e-07
65700.00000000009 1.7555657307843456e-07
65750.00000000009 1.557487822024866e-07
65800.00000000009 2.0718597713898745e-07
65850.00000000009 2.4025948019475297e-07
65900.00000000009 1.5501385623207577e-07
65950.00000000009 1.20052980089189e-07
66000.00000000009 1.778284664720731e-07
66050.00000000009 2.854243709083459e-07
66100.00000000009 1.9400469197488358e-07
66150.00000000009 1.4401387147788878e-07
66200.00000000009 1.5039851963067003e-07
66250.00000000009 1.4437024883314136e-07
66300.00000000009 8.263572371489114e-08
66350.00000000009 1.2037577211571305e-07
66400.00000000009 1.4277626600389822e-07
66450.00000000009 2.2339086279811483e-07
66500.00000000009 2.794817111060258e-07
66550.00000000009 2.668765754901077e-07
66600.00000000009 2.083130310302148e-07
66650.00000000009 2.16891675499652e-07
66700.00000000009 1.84848881127795e-07
66750.00000000009 1.6764154311413297e-07
66800.00000000009 2.1447195315317297e-07
66850.00000000009 1.5902226118853738e-07
66900.00000000009 2.216803264385188e-07
66950.00000000009 2.837244565750707e-07
67000.00000000009 2.7676789730461476e-07
67050.00000000009 1.983938871386385e-07
67100.00000000009 1.7534274871965658e-07
67150.00000000009 1.832509136464147e-07
67200.00000000009 1.9745124788669006e-07
67250.00000000009 2.0207720376339746e-07
67300.00000000009 2.1385364973219984e-07
67350.00000000009 1.5692347873613764e-07
67400.00000000009 2.762105158427981e-07
67450.00000000009 2.2303768265359032e-07
67500.00000000009 1.9992603943422042e-07
67550.00000000009 2.3241052860930517e-07
67600.00000000009 3.4838555355792787e-07
67650.00000000009 2.659287375713151e-07
67700.00000000009 2.2157635099234454e-07
67750.00000000009 1.9915373842651797e-07
67800.00000000009 2.494311682826652e-07
67850.00000000009 1.6720627277559202e-07
