galfind/configs/Brown_Dwarf_templates/sonora_cholla/logkzz7/316g/1250K_316g_logkzz7_resample.dat
# %ECSV 1.0
# ---
# datatype:
# - {name: wav, unit: Angstrom, datatype: float64}
# - {name: flux_nu, unit: erg / (cm2 Hz s), datatype: float64}
# schema: astropy-2.0
wav flux_nu
[from data line 1160]
68000.00000000009 2.13474646177589e-07
68050.00000000009 3.017372880005748e-07
68100.00000000009 2.9287543910324033e-07
68150.00000000009 2.3398439481407388e-07
68200.00000000009 2.573233135423339e-07
68250.00000000009 1.445068703608941e-07
68300.00000000009 2.3138223131096649e-07
68350.00000000009 1.5119174478647924e-07
68400.00000000009 2.908454370420339e-07
68450.00000000009 2.8885663942100406e-07
68500.00000000009 2.5423926070230836e-07
68550.00000000009 1.847302359499413e-07
68600.00000000009 2.0700615858324742e-07
68650.00000000009 1.5432356228826598e-07
68700.00000000009 2.2138776148860762e-07
68750.00000000009 2.561766923906959e-07
68800.00000000009 2.767657131410241e-07
68850.00000000009 1.6922759774364655e-07
68900.00000000009 3.2428573475507083e-07
68950.00000000009 3.5753085771805263e-07
69000.00000000009 3.48063640726994e-07
69050.00000000009 2.2753777489148e-07
69100.00000000009 3.3643035736336276e-07
69150.00000000009 3.7372108228802873e-07
69200.00000000009 2.39767641280477e-07
69250.00000000009 3.331013353700177e-07
69300.00000000009 3.0505869040012044e-07
69350.00000000009 3.1470878412475204e-07
69400.00000000009 2.1025867219193606e-07
69450.00000000009 3.4377573192244307e-07
69500.00000000009 2.4181662430467364e-07
69550.00000000009 2.6353590416027516e-07
69600.00000000009 1.1949936403981206e-07
69650.00000000009 2.3876566697759155e-07
69700.00000000009 3.043872676654736e-07
69750.00000000009 2.544916252587526e-07
69800.00000000009 2.9908466930727004e-07
69850.00000000009 3.325411778836186e-07
69900.00000000009 2.3049457670295118e-07
69950.00000000009 2.843454725348019e-07
70000.00000000009 2.2257936543590136e-07
70050.00000000009 3.1485367690673647e-07
70100.00000000009 2.4528071260962986e-07
70150.00000000009 2.911249445688397e-07
70200.00000000009 2.2143886984860698e-07
70250.00000000009 2.5807199240482665e-07
70300.00000000009 3.0473968660536e-07
70350.00000000009 2.414439433736337e-07
70400.00000000009 2.3554893950169807e-07
70450.00000000009 1.3812908802911205e-07
70500.00000000009 1.9005734625897855e-07
70550.00000000009 1.999055738331549e-07
70600.00000000009 2.2697001819203506e-07
70650.00000000009 2.645462010996954e-07
70700.00000000009 2.650130925114532e-07
70750.00000000009 3.118415085721847e-07
70800.00000000009 2.2628381187747642e-07
70850.00000000009 2.1115048243597006e-07
70900.00000000009 2.188170017617758e-07
70950.00000000009 2.9964089224205476e-07
71000.00000000009 2.6681472507103486e-07
71050.00000000009 2.923587989820171e-07
71100.00000000009 2.597841669208956e-07
71150.00000000009 2.4841936565229464e-07
71200.00000000009 2.153645596549287e-07
71250.00000000009 2.54611465707124e-07
71300.00000000009 2.9551763654454254e-07
71350.00000000009 2.5577179645204986e-07
71400.00000000009 2.657196699677988e-07
71450.00000000009 1.7950794807190404e-07
71500.00000000009 2.2836748315019607e-07
71550.00000000009 2.253084772127232e-07
71600.00000000009 2.672760061954337e-07
71650.00000000009 2.2985797635436157e-07
71700.00000000009 1.9637242157772658e-07
71750.00000000009 2.472152791084505e-07
71800.00000000009 3.034915586778395e-07
71850.00000000009 3.0475452212474187e-07
71900.00000000009 2.0421364177145363e-07
71950.00000000009 2.498154975320437e-07
72000.00000000009 2.342229676891329e-07
72050.00000000009 1.8165028987932764e-07
72100.00000000009 2.1346841489346196e-07
72150.00000000009 2.235863707520881e-07
72200.00000000009 2.498451085832508e-07
72250.00000000009 2.6306799984941404e-07
72300.00000000009 2.548145281256403e-07
72350.00000000009 2.301435614889539e-07
72400.00000000009 2.1736894845700672e-07
72450.00000000009 2.037360905982667e-07
72500.00000000009 2.24158427524305e-07
72550.00000000009 1.608414161254408e-07
72600.00000000009 1.5210350106238296e-07
72650.00000000009 2.7524513032352725e-07
72700.00000000009 2.620032148292201e-07
72750.00000000009 2.1532967368574267e-07
72800.00000000009 2.1527538659073465e-07
72850.00000000009 2.1898845573244004e-07
72900.00000000009 2.6650005395490497e-07
72950.00000000009 2.2063526375913466e-07
73000.00000000009 2.386897451398836e-07
73050.00000000009 2.1334787716925512e-07
73100.00000000009 2.0661021340945067e-07
73150.00000000009 3.131078286007925e-07
73200.00000000009 2.2425440169045273e-07
73250.00000000009 2.453855382812983e-07
73300.00000000009 2.409687069535555e-07
73350.00000000009 1.8345875485174897e-07
73400.00000000009 2.2236956276905845e-07
73450.00000000009 1.5052662804404562e-07
73500.00000000009 1.8286915843985152e-07
73550.00000000009 2.1469068585520316e-07
73600.00000000009 1.8058914381155406e-07
73650.00000000009 2.2344737058947907e-07
73700.00000000009 2.6870261813839077e-07
73750.00000000009 1.9622233808264832e-07
73800.00000000009 1.9868039323095592e-07
73850.00000000009 2.367687359484846e-07
73900.00000000009 2.6061886326402516e-07
73950.00000000009 2.1138085847678722e-07
74000.00000000009 2.1512161287868385e-07
74050.00000000009 3.1511269228842255e-07
74100.00000000009 2.053137748772726e-07
74150.00000000009 2.3664041333072271e-07
74200.00000000009 2.0885642530714376e-07
74250.00000000009 1.7047858061802484e-07
74300.00000000009 2.1682776298584375e-07
74350.00000000009 2.412956709430122e-07
74400.00000000009 2.036420965650198e-07
74450.00000000009 1.6739273346758369e-07
74500.00000000009 1.8864911709803126e-07
74550.00000000009 2.21236973508041e-07
74600.00000000009 1.8719644675499242e-07
74650.00000000009 1.8258062816634937e-07
74700.00000000009 1.524845848867094e-07
74750.00000000009 1.9725436612077078e-07
74800.00000000009 1.7587580527351082e-07
74850.00000000009 1.5048050323971033e-07
74900.00000000009 2.743021236721276e-07
74950.00000000009 2.571074355889215e-07
75000.00000000009 2.2685184816363832e-07
75050.00000000009 2.1454050950432784e-07
75100.00000000009 2.894974545541768e-07
75150.00000000009 2.536235365130238e-07
75200.00000000009 2.7258743189230477e-07
75250.00000000009 2.6623362147714496e-07
75300.00000000009 2.680443595322711e-07
75350.00000000009 1.7550572214283057e-07
75400.00000000009 2.463448891257764e-07
75450.00000000009 2.322133516586952e-07
75500.00000000009 2.1610520050180228e-07
75550.00000000009 2.6071731885157276e-07
75600.00000000009 3.219132259484771e-07
75650.00000000009 2.3349422615808024e-07
75700.00000000009 2.2126342709266183e-07
75750.00000000009 1.8966588479761035e-07
75800.00000000009 2.387260226251555e-07
75850.00000000009 2.605089687349076e-07
75900.00000000009 2.2461696480402512e-07
75950.00000000009 2.004635911659725e-07
76000.00000000009 2.2161035079098894e-07
76050.00000000009 2.2757240614887082e-07
76100.00000000009 2.0317784318296124e-07
76150.00000000009 2.3320378211837135e-07
76200.00000000009 2.441592825596983e-07
76250.00000000009 3.1655896678965857e-07
76300.00000000009 3.064376990821365e-07
76350.00000000009 3.791053077484343e-07
76400.00000000009 2.9239082354275103e-07
76450.00000000009 2.679010554018628e-07
76500.00000000009 2.5432688979152616e-07
76550.00000000009 2.332223390823005e-07
76600.00000000009 1.3928188943512838e-07
76650.00000000009 1.572276816515512e-07
76700.00000000009 1.8081779117861567e-07
76750.00000000009 1.6484700240575806e-07
76800.00000000009 2.2617664900213397e-07
76850.00000000009 1.1839014896233284e-07
76900.00000000009 1.5422228888118995e-07
76950.00000000009 1.80253693682335e-07
77000.00000000009 1.985275602707132e-07
77050.00000000009 1.5401985980839386e-07
77100.00000000009 1.4590119615797794e-07
77150.00000000009 1.8044510560240325e-07
77200.00000000009 1.9372597627255383e-07
77250.00000000009 1.9766726214066082e-07
77300.00000000009 1.864378109311181e-07
77350.00000000009 1.3833142582131684e-07
77400.00000000009 1.1494780300825539e-07
77450.00000000009 1.4098231683613438e-07
77500.00000000009 1.7359666149016103e-07
77550.00000000009 1.8021902311296213e-07
77600.00000000009 1.888203291602072e-07
77650.00000000009 1.8026901912981172e-07
77700.00000000009 1.5614408704875617e-07
77750.00000000009 2.1502263852430113e-07
77800.00000000009 2.0185031916538556e-07
77850.00000000009 2.436368266241493e-07
77900.00000000009 2.2023401547946582e-07
77950.00000000009 1.6648870348072617e-07
78000.00000000009 2.038750641856993e-07
78050.00000000009 1.9194517040853632e-07
78100.00000000009 1.470338961601398e-07
78150.00000000009 2.1908459179928896e-07
78200.00000000009 2.3422342896439377e-07
78250.00000000009 2.615806784570016e-07
78300.00000000009 2.496690954032585e-07
78350.00000000009 2.390214424994589e-07
78400.00000000009 2.1098645563225273e-07
78450.00000000009 2.656834703834408e-07
78500.00000000009 2.6087647291108087e-07
78550.00000000009 2.343938639881406e-07
78600.00000000009 2.1343647016942458e-07
78650.00000000009 1.280370187524147e-07
78700.00000000009 2.0712599615802001e-07
78750.00000000009 2.0206401150507218e-07
78800.00000000009 2.436232003367076e-07
78850.00000000009 1.6598588318586485e-07
78900.00000000009 2.0976194578197844e-07
78950.00000000009 1.8330154148385136e-07
79000.00000000009 2.1586152270174574e-07
79050.00000000009 2.1100532051671003e-07
79100.00000000009 2.0197730535713766e-07
79150.00000000009 2.388487154075705e-07
79200.00000000009 2.771739991636377e-07
79250.00000000009 2.3194769256067284e-07
79300.00000000009 1.7376205780600173e-07
79350.00000000009 2.511109663539092e-07
79400.00000000009 2.0295622672822978e-07
79450.00000000009 2.392848359352562e-07
79500.00000000009 3.004608949925537e-07
79550.00000000009 2.466330288604886e-07
79600.00000000009 1.8638277899764446e-07
79650.00000000009 2.1697432616945247e-07
79700.00000000009 2.8640339792760766e-07
79750.00000000009 2.589223757728358e-07
79800.00000000009 2.3052420457017513e-07
79850.00000000009 2.3316896384759658e-07
79900.00000000009 3.2936960697513227e-07
79950.00000000009 2.511671302522825e-07
