galfind/configs/Brown_Dwarf_templates/sonora_cholla/logkzz7/316g/1300K_316g_logkzz7_resample.dat
# %ECSV 1.0
# ---
# datatype:
# - {name: wav, unit: Angstrom, datatype: float64}
# - {name: flux_nu, unit: erg / (cm2 Hz s), datatype: float64}
# schema: astropy-2.0
wav flux_nu
10000.000000000093 nan
10050.000000000093 3.08329453182159e-07
10100.000000000093 3.5898826946017265e-07
10150.000000000093 3.599017929929343e-07
10200.000000000093 3.923288092405452e-07
10250.000000000093 4.188475350729592e-07
10300.000000000093 4.174424575056719e-07
10350.000000000093 4.779755744298586e-07
10400.000000000093 5.248693872506101e-07
10450.000000000093 5.367775023908455e-07
10500.000000000093 5.217023526219265e-07
10550.000000000093 5.252664420396854e-07
10600.000000000093 5.511736724132441e-07
10650.000000000093 5.892991305770993e-07
10700.000000000093 6.262846052815555e-07
10750.000000000093 6.689758829363236e-07
10800.000000000093 7.03829246789054e-07
10850.000000000093 7.609101552351086e-07
10900.000000000093 6.887969543268354e-07
10950.000000000093 5.25463865375761e-07
11000.000000000093 4.5838918236936064e-07
11050.000000000093 3.7452883871511225e-07
11100.000000000093 3.4047449737198975e-07
11150.000000000093 2.899404560334721e-07
11200.000000000093 3.004513655892513e-07
11250.000000000093 3.698893709484729e-07
11300.000000000093 3.476925372622264e-07
11350.000000000093 2.1864429887269366e-07
11400.000000000093 3.805864715463783e-07
11450.000000000093 3.066712668818686e-07
11500.000000000093 3.947032991697082e-07
11550.000000000093 3.261295155885955e-07
11600.000000000093 3.462674053083055e-07
11650.000000000093 3.643589066132474e-07
11700.000000000093 3.779134976877539e-07
11750.000000000093 3.7539062663795925e-07
11800.000000000093 4.3280791759395113e-07
11850.000000000093 5.028279159859265e-07
11900.000000000093 5.343667674668649e-07
11950.000000000093 6.109880971794873e-07
12000.000000000093 6.192770876306815e-07
12050.000000000093 7.231506417986447e-07
12100.000000000093 7.593270273496642e-07
12150.000000000093 8.415020487400862e-07
12200.000000000093 9.001998224506565e-07
12250.000000000093 9.851463470897823e-07
12300.000000000093 1.0497594006766734e-06
12350.000000000093 1.070366986568129e-06
12400.000000000093 1.0668116155439493e-06
12450.000000000093 1.1510908342467463e-06
12500.000000000093 1.2000267873793573e-06
12550.000000000093 1.2603995531415614e-06
12600.000000000093 1.2863545939147676e-06
12650.000000000093 1.2764327059352132e-06
12700.000000000093 1.3422045693616087e-06
12750.000000000093 1.2839933662745727e-06
12800.000000000093 1.3255646548334374e-06
12850.000000000093 1.2187339692192165e-06
12900.000000000093 1.1311861710874564e-06
12950.000000000093 1.1681487794347264e-06
13000.000000000093 1.1905929026491008e-06
13050.000000000093 1.1900518605607834e-06
13100.000000000093 1.1491242290740434e-06
13150.000000000093 1.0549766104931495e-06
13200.000000000093 9.975504593351175e-07
13250.000000000093 8.06920446002009e-07
13300.000000000093 5.126021664466036e-07
13350.000000000093 1.8548212195248308e-07
13400.000000000093 1.0229009751876389e-07
13450.000000000093 7.032800808860124e-08
13500.000000000093 4.577950591761029e-08
13550.000000000093 3.851089944750475e-08
13600.000000000093 3.1946150316030847e-08
13650.000000000093 6.460778482683354e-08
13700.000000000093 5.236592398059608e-08
13750.000000000093 6.022549726154578e-08
13800.000000000093 8.277074032319495e-08
13850.000000000093 6.340945281794199e-08
13900.000000000093 6.552985416907308e-08
13950.000000000093 6.114140793271916e-08
14000.000000000093 5.4738638164438247e-08
14050.000000000093 6.491426361922118e-08
14100.000000000093 4.578314401938177e-08
14150.000000000093 6.219261698887027e-08
14200.000000000093 4.878937189554424e-08
14250.000000000093 4.907747646206262e-08
14300.000000000093 6.709402586388417e-08
14350.000000000093 6.417261728301453e-08
14400.000000000093 7.026914783437128e-08
14450.000000000093 7.44858691865672e-08
14500.000000000093 1.1908649327920363e-07
14550.000000000093 1.1862567538735353e-07
14600.000000000093 1.517592296465022e-07
14650.000000000093 1.5503670994378244e-07
14700.000000000093 1.20259897498827e-07
14750.000000000093 1.4889735985849658e-07
14800.000000000093 1.8154534813737974e-07
14850.000000000093 1.8655497956733996e-07
14900.000000000093 1.968722777695223e-07
14950.000000000093 2.1063437375538036e-07
15000.000000000093 2.2744512761654149e-07
15050.000000000093 2.793655715293183e-07
15100.000000000093 3.0054022866362564e-07
15150.000000000093 3.2230638238965594e-07
15200.000000000093 3.122986767881923e-07
15250.000000000093 3.635750891750644e-07
15300.000000000093 4.148207379065522e-07
15350.000000000093 4.7054136187689376e-07
15400.000000000093 5.064546449451023e-07
15450.000000000093 5.640364180380889e-07
15500.000000000093 5.956423632234523e-07
15550.000000000093 6.673947260956242e-07
15600.000000000093 6.6832458144535e-07
15650.000000000093 7.105070767394671e-07
15700.000000000093 8.123949121855337e-07
15750.000000000093 8.669478848472682e-07
15800.000000000093 8.408636507258972e-07
15850.000000000093 9.041904906450566e-07
15900.000000000093 9.246317326969457e-07
15950.000000000093 9.559724757773577e-07
16000.000000000093 9.81667557992799e-07
16050.000000000093 9.957661638409369e-07
16100.000000000093 1.0068809479107384e-06
16150.000000000093 9.532156158245298e-07
16200.000000000093 9.39081537722802e-07
16250.000000000093 9.536760562881875e-07
16300.000000000093 9.235372602807695e-07
16350.000000000093 9.56605329837646e-07
16400.000000000095 9.870357044936433e-07
16450.000000000095 9.902812382287882e-07
16500.000000000095 1.0144787707521492e-06
16550.000000000095 9.96502336883998e-07
16600.000000000095 9.552430443965809e-07
16650.000000000095 9.429482022813893e-07
16700.000000000095 8.425898935963153e-07
16750.000000000095 8.830091247076415e-07
16800.000000000095 9.543228190231932e-07
16850.000000000095 9.111706041909995e-07
16900.000000000095 8.851536881828665e-07
16950.000000000095 8.440776242379033e-07
17000.000000000095 8.111848940046052e-07
17050.000000000095 8.436237386111688e-07
17100.000000000095 7.826217575282002e-07
17150.000000000095 6.963847380095417e-07
17200.000000000095 6.675748672767982e-07
17250.000000000095 5.984905536371075e-07
17300.000000000095 5.503995276537733e-07
17350.000000000095 5.279840682372367e-07
17400.000000000095 4.911696035293003e-07
17450.000000000095 4.294465862927984e-07
17500.000000000095 4.2455180153043034e-07
17550.000000000095 3.728044891052967e-07
17600.000000000095 3.5831691043903926e-07
17650.000000000095 3.4950945900795206e-07
17700.000000000095 2.509560630100645e-07
17750.000000000095 2.2301410737244735e-07
17800.000000000095 2.4993056309154684e-07
17850.000000000095 1.6986696075608285e-07
17900.000000000095 2.087502692125869e-07
17950.000000000095 1.6835503142758134e-07
18000.000000000095 1.6704571554162447e-07
18050.000000000095 1.5228996367355784e-07
18100.000000000095 1.3525364128077202e-07
18150.000000000095 1.778095490084911e-07
18200.000000000095 1.1851161821917013e-07
18250.000000000095 2.0644055558306068e-07
18300.000000000095 1.4390232340771022e-07
18350.000000000095 1.353800464705347e-07
18400.000000000095 1.2272184631902157e-07
18450.000000000095 1.2324217418270142e-07
18500.000000000095 1.3675153125223386e-07
18550.000000000095 1.1124044729531175e-07
18600.000000000095 9.348116656518182e-08
18650.000000000095 9.184858532774012e-08
18700.000000000095 9.687040106770892e-08
18750.000000000095 1.0922587349929701e-07
18800.000000000095 1.6155534314728926e-07
18850.000000000095 1.888229966949477e-07
18900.000000000095 1.6918641134749468e-07
18950.000000000095 2.401185860121363e-07
19000.000000000095 1.9091254553105805e-07
19050.000000000095 1.5652947157503217e-07
19100.000000000095 2.263298187981814e-07
19150.000000000095 1.9248473408904366e-07
19200.000000000095 2.0663317171567392e-07
19250.000000000095 1.8235813316168025e-07
19300.000000000095 1.7150693170275122e-07
19350.000000000095 1.5432345873458722e-07
19400.000000000095 1.0289149999504174e-07
19450.000000000095 1.701470880188149e-07
19500.000000000095 1.6185473164877694e-07
19550.000000000095 1.2938188561066472e-07
19600.000000000095 1.6163868397249483e-07
19650.000000000095 1.8038301784507034e-07
19700.000000000095 1.794447165367459e-07
19750.000000000095 1.73696027407087e-07
19800.000000000095 1.9958917446535397e-07
19850.000000000095 2.3037475230970444e-07
19900.000000000095 1.7311296447983074e-07
19950.000000000095 2.4859362795828025e-07
20000.000000000095 2.4030077283614465e-07
20050.000000000095 2.616106625592332e-07
20100.000000000095 2.695750509640388e-07
20150.000000000095 2.7460155469718605e-07
20200.000000000095 3.141541574339088e-07
20250.000000000095 3.4005497389581534e-07
20300.000000000095 3.1725482886026106e-07
20350.000000000095 3.580454260364864e-07
20400.000000000095 3.64011473476339e-07
20450.000000000095 4.106738871944121e-07
20500.000000000095 4.2519430428625966e-07
20550.000000000095 4.129564579659513e-07
20600.000000000095 4.738000833094105e-07
20650.000000000095 4.4728539262898686e-07
20700.000000000095 4.642926914726169e-07
20750.000000000095 4.999658460348759e-07
20800.000000000095 5.021259990590758e-07
20850.000000000095 5.034255802327952e-07
20900.000000000095 5.325604199086974e-07
20950.000000000095 5.193691002231275e-07
21000.000000000095 5.433987627829487e-07
21050.000000000095 5.288949851290043e-07
21100.000000000095 5.395852437780597e-07
21150.000000000095 5.480713387341295e-07
21200.000000000095 5.322685637416168e-07
21250.000000000095 5.50689415330844e-07
21300.000000000095 5.221367265014195e-07
21350.000000000095 5.452170903517433e-07
21400.000000000095 5.0990935007776e-07
21450.000000000095 5.406943342581925e-07
21500.000000000095 5.295815879681962e-07
21550.000000000095 5.220624653299284e-07
21600.000000000095 5.216631221913432e-07
21650.000000000095 4.981999985676395e-07
21700.000000000095 5.15231017515864e-07
21750.000000000095 4.889030407620668e-07
21800.000000000095 4.773212159723877e-07
21850.000000000095 4.5938630215127555e-07
21900.000000000095 4.63127467839915e-07
21950.000000000095 4.0277951394767183e-07
22000.000000000095 3.627086396481645e-07
22050.000000000095 3.381832725354705e-07
22100.000000000095 3.7153619294603835e-07
22150.000000000095 3.78554522492343e-07
22200.000000000095 3.7351060411744396e-07
22250.000000000095 3.6771030995553274e-07
22300.000000000095 3.6670236883597195e-07
22350.000000000095 3.5311125246768496e-07
22400.000000000095 3.4697620821118094e-07
22450.000000000095 3.0747166340491726e-07
22500.000000000095 3.218643974650541e-07
22550.000000000095 3.03669875238553e-07
22600.000000000095 3.1663508975889793e-07
22650.000000000095 2.933153119527839e-07
22700.000000000095 2.839816723492403e-07
22750.000000000095 3.080840617311622e-07
22800.000000000095 2.938529016496602e-07
22850.000000000095 2.756362706869001e-07
22900.000000000095 2.7636471061953547e-07
22950.000000000095 2.2430338525169014e-07
23000.000000000095 1.88817161398544e-07
23050.000000000095 2.1975443175208468e-07
23100.000000000095 2.286327747697119e-07
23150.000000000095 2.2659815620869805e-07
23200.000000000095 1.912241677968584e-07
23250.000000000095 1.8828886158923548e-07
23300.000000000095 1.8323288288735858e-07
23350.000000000095 1.7765478629482303e-07
23400.000000000095 1.9276005273822737e-07
23450.000000000095 1.885020674469414e-07
23500.000000000095 1.976396193801195e-07
23550.000000000095 2.2518549607590338e-07
23600.000000000095 2.1926471997630212e-07
23650.000000000095 2.28565963766608e-07
23700.000000000095 1.905964387826313e-07
23750.000000000095 1.9779097623421186e-07
23800.000000000095 2.0038976522689835e-07
23850.000000000095 1.8940561691936504e-07
23900.000000000095 2.258215161000864e-07
23950.000000000095 2.298397108174205e-07
24000.000000000095 2.679223922789572e-07
24050.000000000095 2.432654661805567e-07
24100.000000000095 2.2116345908393753e-07
24150.000000000095 2.3708513632026204e-07
24200.000000000095 2.4040589843089155e-07
24250.000000000095 2.534994433080913e-07
24300.000000000095 2.2917215708445095e-07
24350.000000000095 2.187096122826077e-07
24400.000000000095 2.7149813195119975e-07
24450.000000000095 2.141378318540143e-07
24500.000000000095 2.2885364304125301e-07
24550.000000000095 2.0895154326852423e-07
24600.000000000095 2.197206948976587e-07
24650.000000000095 2.4471794406867006e-07
24700.000000000095 1.8239212225762785e-07
24750.000000000095 1.6571670963837057e-07
24800.000000000095 1.778373444872577e-07
24850.000000000095 2.2277164517100061e-07
24900.000000000095 1.1658522277052223e-07
24950.000000000095 1.951075056044909e-07
25000.000000000095 1.7746491178790894e-07
25050.000000000095 1.2560092282960847e-07
25100.000000000095 1.6043688684172558e-07
25150.000000000095 1.08415091758212e-07
25200.000000000095 1.3451965132516236e-07
25250.000000000095 9.729043105361324e-08
25300.000000000095 1.311542449845321e-07
25350.000000000095 7.842130337092069e-08
25400.000000000095 1.2671722969832042e-07
25450.000000000095 8.975251399461857e-08
25500.000000000095 8.651389365209578e-08
25550.000000000095 1.0788380580385307e-07
25600.000000000095 1.0040719739552998e-07
25650.000000000095 7.036167661968146e-08
25700.000000000095 1.2692407139396654e-07
25750.000000000095 7.026345939466453e-08
25800.000000000095 1.2885778443549872e-07
25850.000000000095 7.383847827789943e-08
25900.000000000095 1.0876351917597714e-07
25950.000000000095 6.954055088848382e-08
26000.000000000095 1.1798935642241023e-07
26050.000000000095 9.973874379058926e-08
26100.000000000095 1.390388391550896e-07
26150.000000000095 1.2257929833798666e-07
26200.000000000095 1.2864710953966774e-07
26250.000000000095 1.555386667601077e-07
26300.000000000095 1.2579972659558835e-07
26350.000000000095 1.6238512281577153e-07
26400.000000000095 1.9183328158858555e-07
26450.000000000095 1.7127993822329974e-07
26500.000000000095 1.5824659477242352e-07
26550.000000000095 1.3382773106834391e-07
26600.000000000095 1.6427869992604972e-07
26650.000000000095 9.171582204077855e-08
26700.000000000095 7.80751212275095e-08
26750.000000000095 6.635710942521924e-08
26800.000000000095 9.058598732281825e-08
26850.000000000095 5.6601782923765155e-08
26900.000000000095 1.0341803437547766e-07
26950.000000000095 5.6662771008268265e-08
27000.000000000095 1.1766414106551271e-07
27050.000000000095 1.0756155693512641e-07
27100.000000000095 8.431117050139096e-08
27150.000000000095 1.310949191710877e-07
27200.000000000095 9.128220362039298e-08
27250.000000000095 9.899611527114679e-08
27300.000000000095 1.7788009053225095e-07
27350.000000000095 1.42518570611545e-07
27400.000000000095 6.04944899863987e-08
27450.000000000095 1.7472211971471878e-07
27500.000000000095 1.6757589171232037e-07
27550.000000000095 1.0539079017778413e-07
27600.000000000095 1.6672660428170267e-07
27650.000000000095 8.707621126859731e-08
27700.000000000095 7.475356161435397e-08
27750.000000000095 1.5963110475631642e-07
27800.000000000095 9.096937552202724e-08
27850.000000000095 1.0114910848629277e-07
27900.000000000095 1.2726700089855057e-07
27950.000000000095 1.4213573889488687e-07
28000.000000000095 1.41776065522306e-07
28050.000000000095 7.418479455669378e-08
28100.000000000095 1.74976366928637e-07
28150.000000000095 1.3504870034131257e-07
28200.000000000095 6.954693560827003e-08
28250.000000000095 1.6928511388038911e-07
28300.000000000095 2.1681497246093286e-07
28350.000000000095 7.660436259876584e-08
28400.000000000095 1.58963520941876e-07
28450.000000000095 1.6589805673920805e-07
28500.000000000095 1.489662671437774e-07
28550.000000000095 7.598723090606604e-08
28600.000000000095 1.8643290923640764e-07
28650.000000000095 1.6695034693299142e-07
28700.000000000095 1.4430730961372464e-07
28750.000000000095 1.8617900119599463e-07
28800.000000000095 1.683065177262911e-07
28850.000000000095 2.138455418188168e-07
28900.000000000095 1.0921671096014955e-07
28950.000000000095 2.20858263440712e-07
29000.000000000095 1.562577145379158e-07
29050.000000000095 1.859177698127437e-07
29100.000000000095 1.237226342881242e-07
29150.000000000095 2.272053840164493e-07
29200.000000000095 1.643849665414598e-07
29250.000000000095 2.1798055570578088e-07
29300.000000000095 1.3947762241401904e-07
