galfind/configs/Brown_Dwarf_templates/sonora_cholla/logkzz7/316g/1300K_316g_logkzz7_resample.dat
# %ECSV 1.0
# ---
# datatype:
# - {name: wav, unit: Angstrom, datatype: float64}
# - {name: flux_nu, unit: erg / (cm2 Hz s), datatype: float64}
# schema: astropy-2.0
wav flux_nu
[from data line 388]
29400.000000000095 2.2056775677906965e-07
29450.000000000095 2.1185314785392381e-07
29500.000000000095 2.281636003341446e-07
29550.000000000095 2.0524240951313093e-07
29600.000000000095 2.8074159444691605e-07
29650.000000000095 2.210197450945195e-07
29700.000000000095 2.1750527751495997e-07
29750.000000000095 2.6026160489009274e-07
29800.000000000095 2.9863922778437393e-07
29850.000000000095 2.916906040108464e-07
29900.000000000095 2.713551581301332e-07
29950.000000000095 2.631526263057627e-07
30000.000000000095 2.778663489338917e-07
30050.000000000095 2.2805894032680033e-07
30100.000000000095 2.531394829028411e-07
30150.000000000095 3.397048871089922e-07
30200.000000000095 2.657969067069726e-07
30250.000000000095 3.5510690247051414e-07
30300.000000000095 3.052412012290948e-07
30350.000000000095 2.7716924404976916e-07
30400.000000000095 3.585421605036744e-07
30450.000000000095 2.8756059296378426e-07
30500.000000000095 2.848688550663733e-07
30550.000000000095 3.4450859793451954e-07
30600.000000000095 3.702501215196388e-07
30650.000000000095 3.770520248244752e-07
30700.000000000095 3.3166277795743025e-07
30750.000000000095 3.193157656487519e-07
30800.000000000095 3.1648473859198955e-07
30850.000000000095 3.208543167989349e-07
30900.000000000095 3.2481094854673733e-07
30950.000000000095 2.1410730524827874e-07
31000.000000000095 3.2252644632877546e-07
31050.000000000095 3.1247235251206286e-07
31100.000000000095 2.3747904818651064e-07
31150.000000000095 2.834732858472014e-07
31200.000000000095 2.978624722204116e-07
31250.000000000095 2.848915638299183e-07
31300.000000000095 2.7357162649986014e-07
31350.000000000095 2.581147080807746e-07
31400.000000000095 2.0988116210829404e-07
31450.000000000095 2.628832233071214e-07
31500.000000000095 2.430119461080451e-07
31550.000000000095 2.596201294278271e-07
31600.000000000095 2.0865837012051456e-07
31650.000000000095 2.2617642138084795e-07
31700.000000000095 2.288671350048283e-07
31750.000000000095 1.9402035128999157e-07
31800.000000000095 2.2986822478021313e-07
31850.000000000095 2.0840596723145681e-07
31900.000000000095 1.9354086409962082e-07
31950.000000000095 2.0128277981804958e-07
32000.000000000095 1.8485478060352256e-07
32050.000000000095 1.8598709698281012e-07
32100.000000000095 1.656480507001031e-07
32150.000000000095 2.2394796200832288e-07
32200.000000000095 1.8256556836568566e-07
32250.000000000095 2.039902052580631e-07
32300.000000000095 1.6012637196826942e-07
32350.000000000095 2.8903075060890764e-07
32400.000000000095 2.0938248927561363e-07
32450.000000000095 2.643712248388654e-07
32500.000000000095 2.2859542540995362e-07
32550.000000000095 2.790949453619482e-07
32600.000000000095 3.055726791116218e-07
32650.000000000095 3.240900485118052e-07
32700.000000000095 2.6526882102014674e-07
32750.000000000095 3.5475304165618985e-07
32800.000000000095 2.6027516143323535e-07
32850.000000000095 3.4940048428317704e-07
32900.000000000095 4.044480237062079e-07
32950.000000000095 3.556384112063792e-07
33000.000000000095 3.4099118144119266e-07
33050.000000000095 3.347143444535401e-07
33100.000000000095 2.5399957155994564e-07
33150.000000000095 8.693893711609188e-08
33200.000000000095 8.397625126714063e-08
33250.000000000095 5.5461403209133654e-08
33300.000000000095 5.872111544772876e-08
33350.000000000095 8.784873077325758e-08
33400.000000000095 1.1288539681802545e-07
33450.000000000095 1.3783894351030966e-07
33500.000000000095 1.824504789549013e-07
33550.000000000095 1.8421266776194755e-07
33600.000000000095 2.3609286301720433e-07
33650.000000000095 2.8551405477580707e-07
33700.000000000095 2.5534971316377873e-07
33750.000000000095 3.240859016034023e-07
33800.000000000095 2.581962709840492e-07
33850.000000000095 3.27927757578615e-07
33900.000000000095 2.971181527902928e-07
33950.000000000095 3.3068183237255433e-07
34000.000000000095 3.105371109751737e-07
34050.000000000095 2.1194755591323361e-07
34100.000000000095 2.9942565042664406e-07
34150.000000000095 2.402912621823053e-07
34200.000000000095 2.97903381523663e-07
34250.000000000095 2.895531412335501e-07
34300.000000000095 2.0291144312003264e-07
34350.000000000095 2.5734305946533495e-07
34400.000000000095 2.5275744716916206e-07
34450.000000000095 3.067000936315333e-07
34500.000000000095 3.187801593683272e-07
34550.000000000095 2.141498556325432e-07
34600.000000000095 3.481546134725992e-07
34650.000000000095 2.463655408850112e-07
34700.000000000095 2.695822672645583e-07
34750.000000000095 2.838082501471654e-07
34800.000000000095 2.042165014084486e-07
34850.000000000095 3.006424962883757e-07
34900.000000000095 3.156984903177088e-07
34950.000000000095 2.6410913274785145e-07
35000.000000000095 3.6431954242599966e-07
35050.000000000095 2.9209448647663273e-07
35100.000000000095 3.4946748308400094e-07
35150.000000000095 3.234106415369325e-07
35200.000000000095 3.8914239258171353e-07
35250.000000000095 4.4935712901556165e-07
35300.000000000095 2.90698145949747e-07
35350.000000000095 4.142866222384929e-07
35400.000000000095 3.8970783488371063e-07
35450.000000000095 3.4289096630017956e-07
35500.000000000095 4.832583781000548e-07
35550.000000000095 4.384719970558017e-07
35600.000000000095 4.563119724961084e-07
35650.000000000095 4.915687727744253e-07
35700.000000000095 3.526199437579751e-07
35750.000000000095 4.639373822690056e-07
35800.000000000095 5.209734721336809e-07
35850.000000000095 4.1581127433771387e-07
35900.000000000095 5.642677767992334e-07
35950.000000000095 5.285884618778347e-07
36000.000000000095 5.046272387692196e-07
36050.000000000095 6.04298842046877e-07
36100.000000000095 5.490701013015583e-07
36150.000000000095 6.138209960469718e-07
36200.000000000095 6.558299878667561e-07
36250.000000000095 5.962923342249574e-07
36300.000000000095 6.988269451568016e-07
36350.000000000095 6.766075173991462e-07
36400.000000000095 7.529823903577522e-07
36450.000000000095 7.648479620537595e-07
36500.000000000095 7.2491939632068e-07
36550.000000000095 7.490530730548523e-07
36600.000000000095 7.819097867167998e-07
36650.000000000095 8.101004547649874e-07
36700.000000000095 8.928579497138383e-07
36750.000000000095 9.126964326162404e-07
36800.000000000095 8.964952764075627e-07
36850.000000000095 9.01755892247213e-07
36900.000000000095 8.795037858526221e-07
36950.000000000095 9.580999135355177e-07
37000.000000000095 9.41129891853553e-07
37050.000000000095 9.832446629503917e-07
37100.000000000095 9.626435959430072e-07
37150.000000000095 1.0539304067866642e-06
37200.000000000095 1.0872717383016652e-06
37250.000000000095 1.0113840992907667e-06
37300.000000000095 1.0374108660592115e-06
37350.000000000095 9.832583934867548e-07
37400.000000000095 1.1398469419913701e-06
37450.000000000095 1.064650780172888e-06
37500.000000000095 1.080405451054483e-06
37550.000000000095 1.1670364173082174e-06
37600.000000000095 1.231338804439129e-06
37650.000000000095 1.1315605976817395e-06
37700.000000000095 1.2395267230539336e-06
37750.000000000095 1.127209375804801e-06
37800.000000000095 1.2604997732838564e-06
37850.000000000095 1.107109853786178e-06
37900.000000000095 1.2396931459051743e-06
37950.000000000095 1.2899006109815592e-06
38000.000000000095 1.3143768683475258e-06
38050.000000000095 1.2592611742659238e-06
38100.000000000095 1.2756286126453274e-06
38150.000000000095 1.3091301896363774e-06
38200.000000000095 1.3572566823033156e-06
38250.000000000095 1.254518693384356e-06
38300.000000000095 1.2950896698176655e-06
38350.000000000095 1.376586667157136e-06
38400.000000000095 1.233301699535071e-06
38450.000000000095 1.4301719585072357e-06
38500.000000000095 1.3451882928151533e-06
38550.000000000095 1.3706149653009144e-06
38600.000000000095 1.4640994378674825e-06
38650.000000000095 1.438943725469779e-06
38700.000000000095 1.4422471108795342e-06
38750.000000000095 1.4324251338856302e-06
38800.000000000095 1.450047020481071e-06
38850.000000000095 1.4348431275523162e-06
38900.000000000095 1.38402119049092e-06
38950.000000000095 1.4638284794353973e-06
39000.000000000095 1.4999659252972209e-06
39050.000000000095 1.5280720564628365e-06
39100.000000000095 1.3598754227759066e-06
39150.000000000095 1.5213755935058354e-06
39200.000000000095 1.448964702217566e-06
39250.000000000095 1.5051673659622948e-06
39300.000000000095 1.5115753958129715e-06
39350.000000000095 1.5196112425686502e-06
39400.000000000095 1.549101085292863e-06
39450.000000000095 1.5788734418328298e-06
39500.000000000095 1.4294728091601233e-06
39550.000000000095 1.506898936829496e-06
39600.000000000095 1.5791818345525997e-06
39650.000000000095 1.5115397728256366e-06
39700.000000000095 1.5164754619047958e-06
39750.000000000095 1.4795893987290936e-06
39800.000000000095 1.4658010930639047e-06
39850.000000000095 1.488451306750214e-06
39900.000000000095 1.475218684691811e-06
39950.000000000095 1.539166272235987e-06
40000.000000000095 1.3849941274147762e-06
40050.000000000095 1.4980029173910387e-06
40100.000000000095 1.5841310771360443e-06
40150.000000000095 1.5449462032395553e-06
40200.000000000095 1.6043681877940923e-06
40250.000000000095 1.2991161407120691e-06
40300.000000000095 1.405127896646522e-06
40350.000000000095 1.4701833595054123e-06
40400.000000000095 1.4947667968268982e-06
40450.000000000095 1.465538979799309e-06
40500.000000000095 1.2311158795069808e-06
40550.000000000095 1.533105606331423e-06
40600.000000000095 1.2005674510944685e-06
40650.000000000095 1.519851311643196e-06
40700.000000000095 1.5617893770025923e-06
40750.000000000095 1.2847388829618059e-06
40800.000000000095 1.2204913094677713e-06
40850.000000000095 1.2749311552431623e-06
40900.000000000095 1.254761687084183e-06
40950.000000000095 1.296183804172429e-06
41000.000000000095 1.3126445279352645e-06
41050.000000000095 1.3112331517611092e-06
41100.000000000095 1.222306473033215e-06
41150.000000000095 1.2057183173701932e-06
41200.000000000095 1.2338090844079307e-06
41250.000000000095 1.2950546057008699e-06
41300.000000000095 9.781184297108623e-07
41350.000000000095 1.2756852433695046e-06
41400.000000000095 1.1973911471698866e-06
41450.000000000095 1.2131341512978593e-06
41500.000000000095 1.2679092149992557e-06
41550.000000000095 1.130185532075513e-06
41600.000000000095 1.1180766998154587e-06
41650.000000000095 1.1163341838853165e-06
41700.000000000095 1.0282638655049098e-06
41750.000000000095 9.254794682338556e-07
41800.000000000095 1.1550638411671607e-06
41850.000000000095 6.855199695062773e-07
41900.000000000095 9.91375259269856e-07
41950.000000000095 9.840244133143961e-07
42000.000000000095 9.390420693217483e-07
42050.000000000095 7.384050977158246e-07
42100.000000000095 8.218790770103024e-07
42150.000000000095 6.265108653548588e-07
42200.000000000095 7.094179089226586e-07
42250.000000000095 6.848855451584811e-07
42300.000000000095 6.609766577829856e-07
42350.000000000095 6.933688766086302e-07
42400.000000000095 5.757206652686019e-07
42450.000000000095 4.699087493780583e-07
42500.000000000095 5.716906829987131e-07
42550.000000000095 5.620647352360996e-07
42600.000000000095 6.726948763312216e-07
42650.000000000095 6.988339056337428e-07
42700.000000000095 6.499328801939328e-07
42750.000000000095 6.198117255843181e-07
42800.000000000095 5.538212975661497e-07
42850.000000000095 6.555694864042833e-07
42900.000000000095 6.463932062855576e-07
42950.000000000095 5.2251850092116e-07
43000.000000000095 6.415573208394693e-07
43050.000000000095 4.904575710505685e-07
43100.000000000095 6.361971186167079e-07
43150.000000000095 6.531291497874667e-07
43200.000000000095 6.207684182488496e-07
43250.000000000095 5.529154063904288e-07
43300.000000000095 6.951410878584741e-07
43350.000000000095 5.735060223720759e-07
43400.000000000095 6.759046105696977e-07
43450.000000000095 4.9893432520471e-07
43500.000000000095 5.139209301422902e-07
43550.000000000095 4.815486650036585e-07
43600.000000000095 6.107489795377348e-07
43650.000000000095 4.177195940543658e-07
43700.000000000095 5.903551717827782e-07
43750.000000000095 5.729360652315344e-07
43800.000000000095 4.63575701413597e-07
43850.000000000095 5.25052037035454e-07
43900.000000000095 4.0770390651293246e-07
43950.000000000095 4.5778278757601084e-07
44000.000000000095 3.332238964260011e-07
44050.000000000095 4.246089681136258e-07
44100.000000000095 4.350005413320138e-07
44150.000000000095 4.443518286656313e-07
44200.000000000095 3.8258227774969004e-07
44250.000000000095 3.7590929863851734e-07
44300.000000000095 3.558230421969405e-07
44350.000000000095 2.956503736574248e-07
44400.000000000095 3.287429108081448e-07
44450.000000000095 3.2723206890091116e-07
44500.000000000095 2.655545878545356e-07
44550.000000000095 2.919148954640362e-07
44600.000000000095 2.5965528789882873e-07
44650.000000000095 2.9258250542981064e-07
44700.000000000095 2.7770182797103424e-07
44750.000000000095 2.884562456719041e-07
44800.000000000095 2.745639079218558e-07
44850.000000000095 2.5524004147239323e-07
44900.000000000095 2.2307611929561565e-07
44950.000000000095 2.2594710255890675e-07
45000.000000000095 2.2940859521587024e-07
45050.000000000095 2.383368562010197e-07
45100.000000000095 2.1986700140267218e-07
45150.000000000095 2.1055989753137736e-07
45200.000000000095 1.8046324309771806e-07
45250.000000000095 1.9146705266757002e-07
45300.000000000095 2.1413958392449343e-07
45350.000000000095 2.1716125908592586e-07
45400.000000000095 1.7576045184890569e-07
45450.000000000095 1.7672700465285086e-07
45500.000000000095 1.8249731012715405e-07
45550.000000000095 2.0788790845269461e-07
45600.000000000095 1.7370291879470007e-07
45650.000000000095 1.7451500183958697e-07
45700.000000000095 2.1549500032255341e-07
45750.000000000095 1.887668334306026e-07
45800.000000000095 1.6880731795533095e-07
45850.000000000095 2.3155868031467906e-07
45900.000000000095 2.2494162380159936e-07
45950.000000000095 1.7585991301102918e-07
46000.000000000095 2.1844203269860313e-07
46050.000000000095 2.3405752579649651e-07
46100.000000000095 1.7700481719307186e-07
46150.000000000095 2.263625568580139e-07
46200.000000000095 2.1528270527648031e-07
46250.000000000095 1.430381077223752e-07
46300.000000000095 2.5006963520044046e-07
46350.000000000095 1.8295139304938666e-07
46400.000000000095 2.1685687299721743e-07
46450.000000000095 2.678914939448377e-07
46500.000000000095 2.1634893920348372e-07
46550.000000000095 2.7447619296645613e-07
46600.000000000095 2.729307418997776e-07
46650.000000000095 3.8776452221514946e-07
46700.000000000095 3.102318678940122e-07
46750.000000000095 2.572658891897511e-07
46800.000000000095 2.304002506858461e-07
46850.000000000095 2.765900386971096e-07
46900.000000000095 2.4300782639123706e-07
46950.000000000095 3.1488773240259636e-07
47000.000000000095 2.0908937354742342e-07
47050.000000000095 3.2683672506767567e-07
47100.000000000095 1.9804612704665167e-07
47150.000000000095 2.3059150513841885e-07
47200.000000000095 2.5995839668870535e-07
47250.000000000095 2.0892107689877505e-07
47300.000000000095 2.3555949871176073e-07
47350.000000000095 1.8381740165795765e-07
47400.000000000095 2.794906649297178e-07
47450.000000000095 1.9097015444417788e-07
47500.000000000095 2.952189366458246e-07
47550.000000000095 1.9540738746277915e-07
47600.000000000095 2.820343656389134e-07
47650.000000000095 1.9665598677669418e-07
47700.000000000095 2.667784410241519e-07
47750.000000000095 1.7422395172053527e-07
47800.000000000095 2.663774863086188e-07
47850.000000000095 1.5551530922408448e-07
47900.000000000095 2.534322156134079e-07
47950.000000000095 1.9707883498912867e-07
48000.000000000095 3.0898247657906845e-07
48050.000000000095 2.1958491544324676e-07
48100.000000000095 2.87024640691633e-07
48150.000000000095 2.101773564495694e-07
48200.000000000095 2.8923760532041044e-07
48250.000000000095 2.303355453368492e-07
48300.000000000095 3.386059230166629e-07
48350.000000000095 2.1352745199526016e-07
48400.000000000095 2.871183600877503e-07
48450.000000000095 1.8966963601545436e-07
48500.000000000095 3.3771485607185254e-07
48550.000000000095 1.945132309161036e-07
48600.000000000095 3.138120913102446e-07
