galfind/configs/Brown_Dwarf_templates/sonora_cholla/logkzz7/316g/500K_316g_logkzz7_resample.dat
# %ECSV 1.0
# ---
# datatype:
# - {name: wav, unit: Angstrom, datatype: float64}
# - {name: flux_nu, unit: erg / (cm2 Hz s), datatype: float64}
# schema: astropy-2.0
wav flux_nu
[from data line 1210]
63500.04800076804 2.554606272984575e-09
63550.04800076804 4.565652408918206e-09
63600.04800076804 3.6011100837646666e-09
63650.04800076804 2.4242214856797977e-09
63700.04800076804 3.3413433924254943e-10
63750.04800076804 1.5428225237810915e-09
63800.04800076804 4.9821066032309125e-09
63850.04800076804 3.6227792247995774e-09
63900.04800076804 5.897122678183924e-10
63950.04800076804 2.1940526696783607e-09
64000.04800076804 3.3662504987499574e-09
64050.04800076804 8.609451889082594e-10
64100.04800076804 1.1849478675526515e-10
64150.04800076804 1.824983582866767e-10
64200.04800076804 2.4478808422762826e-10
64250.04800076804 1.5564795334076555e-09
64300.04800076804 1.4110007630706684e-09
64350.04800076804 8.453297376187706e-10
64400.04800076804 2.8788033044697666e-09
64450.04800076804 3.459189581181013e-09
64500.04800076804 1.3315525013455145e-09
64550.04800076804 3.197997229041512e-09
64600.04800076804 2.2075446636040653e-09
64650.04800076804 2.8403925833750204e-09
64700.04800076804 6.729763838339055e-10
64750.04800076804 1.251510368102609e-09
64800.04800076804 4.368937379065705e-10
64850.04800076804 2.587605802306696e-10
64900.04800076804 2.072974636063746e-10
64950.04800076804 1.3282731697181583e-10
65000.04800076804 4.2525008659512565e-10
65050.04800076804 1.4502022377843197e-09
65100.04800076804 2.163989314384949e-09
65150.04800076804 9.101463328610816e-10
65200.04800076804 1.6573950278328307e-10
65250.04800076804 1.0828042319834662e-09
65300.04800076804 1.8691405686741592e-09
65350.04800076804 4.8902130036233335e-09
65400.04800076804 1.6280783867797e-09
65450.04800076804 1.6273926741226262e-09
65500.04800076804 1.9497773989440066e-09
65550.04800076805 5.666441450688312e-10
65600.04800076805 1.7526045695291366e-09
65650.04800076805 7.663133497119076e-10
65700.04800076805 6.784470335278625e-10
65750.04800076805 4.721897376141046e-10
65800.04800076805 1.6065835420585505e-09
65850.04800076805 2.4903476566246842e-09
65900.04800076805 3.310957641792849e-10
65950.04800076805 1.11360690846204e-09
66000.04800076805 1.458471920077051e-09
66050.04800076805 3.6252838555484117e-09
66100.04800076805 1.915372225272053e-09
66150.04800076805 1.9223183921790755e-09
66200.04800076805 1.9013343920592752e-09
66250.04800076805 7.521211613425184e-10
66300.04800076805 2.2450933523244695e-10
66350.04800076805 1.043866749453162e-10
66400.04800076805 2.6430326172432184e-10
66450.04800076805 1.550925457785344e-09
66500.04800076805 3.0604897983143788e-09
66550.04800076805 3.4002731471365655e-09
66600.04800076805 2.6983627227806904e-09
66650.04800076805 1.5000143313758327e-09
66700.04800076805 7.869557145697157e-10
66750.04800076805 1.1488495433608646e-09
66800.04800076805 1.1891360981581005e-09
66850.04800076805 7.32472751242154e-10
66900.04800076805 4.010178753970609e-09
66950.04800076805 3.4507658491384306e-09
67000.04800076805 4.519839596907282e-09
67050.04800076805 2.254656911584084e-09
67100.04800076805 9.268842307791616e-10
67150.04800076805 1.7118201936325415e-09
67200.04800076805 2.5001314322737645e-09
67250.04800076805 2.1987792076755287e-09
67300.04800076805 5.2064903404705696e-09
67350.04800076805 1.925698608507635e-09
67400.04800076805 5.222621662750783e-09
67450.04800076805 2.8875529670842858e-09
67500.04800076805 2.5952328950851062e-09
67550.04800076805 7.873937790826354e-09
67600.04800076805 1.1964944682087578e-08
67650.04800076805 8.128045709110739e-09
67700.04800076805 3.822459824318359e-09
67750.04800076805 1.7576621703145158e-09
67800.04800076805 2.8226446084244725e-09
67850.04800076805 9.870770078509939e-10
67900.04800076805 1.168395391874788e-09
67950.04800076805 1.0348826607451598e-09
68000.04800076805 3.325894571528741e-09
68050.04800076805 3.836315975879323e-09
68100.04800076805 7.425056922298276e-09
68150.04800076805 6.228027915787487e-09
68200.04800076805 3.629690206026834e-09
68250.04800076805 5.256405579450814e-10
68300.04800076805 3.835845694111119e-09
68350.04800076805 6.505904936972816e-09
68400.04800076805 8.678406461416189e-09
68450.04800076805 7.004421122098714e-09
68500.04800076805 3.183047570379207e-09
68550.04800076805 8.875886148541559e-10
68600.04800076805 8.570774634192177e-10
68650.04800076805 3.7855199572949327e-10
68700.04800076805 1.5506235956062077e-09
68750.04800076805 3.5778867876188315e-09
68800.04800076805 4.136503469805374e-09
68850.04800076805 1.7379931761717223e-09
68900.04800076805 7.748650426157515e-09
68950.04800076805 8.392241209417823e-09
69000.04800076805 4.5746094056379365e-09
69050.04800076805 1.7622516414648267e-09
69100.04800076805 5.948997657986451e-09
69150.04800076805 1.03053986051161e-08
69200.04800076805 9.237366396285294e-09
69250.04800076805 1.062712341129303e-08
69300.04800076805 5.891197317278797e-09
69350.04800076805 1.3594730787629447e-08
69400.04800076805 4.517115159788757e-09
69450.04800076805 1.0938312412228423e-08
69500.04800076805 4.834711203628111e-09
69550.04800076805 2.7666004436779922e-09
69600.04800076805 5.086346054047575e-10
69650.04800076805 3.080460537999904e-09
69700.04800076805 6.487780440402062e-09
69750.04800076805 3.794631405116951e-09
69800.04800076805 7.887367909307611e-09
69850.04800076805 7.723965830081842e-09
69900.04800076805 4.193665025221866e-09
69950.04800076805 3.941132853694314e-09
70000.04800076805 5.25401958682574e-09
70050.04800076805 1.100909574159317e-08
70100.04800076805 8.738433381254565e-09
70150.04800076805 5.694939921491272e-09
70200.04800076805 3.3552099014634455e-09
70250.04800076805 4.195127440781578e-09
70300.04800076805 9.770356855725906e-09
70350.04800076805 7.56678845762683e-09
70400.04800076805 2.9796611683140467e-09
70450.04800076805 2.2409740230906737e-10
70500.04800076805 2.6098278807169207e-09
70550.04800076805 2.5871240442747063e-09
70600.04800076805 2.963296880078507e-09
70650.04800076805 8.523055943241073e-09
70700.04800076805 1.0275916397813257e-08
70750.04800076805 1.6230146849637882e-08
70800.04800076805 5.876665019635957e-09
70850.04800076805 6.8807035388208736e-09
70900.04800076805 8.91617146136031e-09
70950.04800076805 1.2476649890235043e-08
71000.04800076805 1.1502461976190457e-08
71050.04800076805 1.1716280069081202e-08
71100.04800076805 8.526044496867871e-09
71150.04800076805 4.071345944871031e-09
71200.04800076805 4.207017867270958e-09
71250.04800076805 9.349645335337361e-09
71300.04800076805 1.2894006923812976e-08
71350.04800076805 1.25185590125389e-08
71400.04800076805 8.038556621380386e-09
71450.04800076805 2.248814629154225e-09
71500.04800076805 3.3445456033126386e-09
71550.04800076805 4.596626367093877e-09
71600.04800076805 5.306797992650303e-09
71650.04800076805 2.6324814590653176e-09
71700.04800076805 1.6948540442765097e-09
71750.04800076805 5.563805690056856e-09
71800.04800076805 9.494182128864513e-09
71850.04800076805 9.251313300061326e-09
71900.04800076805 4.184373885765852e-09
71950.04800076805 7.295380033275712e-09
72000.04800076805 6.13851574391499e-09
72050.04800076805 2.162933303498703e-09
72100.04800076805 3.0651917006716388e-09
72150.04800076805 4.556231155189132e-09
72200.04800076805 7.157416918907573e-09
72250.04800076805 1.2317363361608262e-08
72300.04800076805 5.904912311967352e-09
72350.04800076805 7.814452184813159e-09
72400.04800076805 7.103000639039503e-09
72450.04800076805 5.16837798423117e-09
72500.04800076805 7.57780149805895e-09
72550.04800076805 2.155160276945728e-09
72600.04800076805 4.496876857490947e-09
72650.04800076805 8.752264397960008e-09
72700.04800076805 3.789827430509466e-09
72750.04800076805 4.0772985972512465e-09
72800.04800076805 2.1199807442083057e-09
72850.04800076805 3.8274120199815105e-09
72900.04800076805 9.495118139582006e-09
72950.04800076805 4.693361871002033e-09
73000.04800076805 5.1623577719896065e-09
73050.04800076805 1.8789699315043914e-09
73100.04800076805 3.1821433784202832e-09
73150.04800076805 8.604427365351048e-09
73200.04800076805 2.804536482576647e-09
73250.04800076805 3.6378149773247727e-09
73300.04800076805 2.308985634944609e-09
73350.04800076805 1.4334418113808117e-09
73400.04800076805 3.625823654492131e-09
73450.04800076805 1.8263029373997367e-09
73500.04800076805 1.4249969766385472e-09
73550.04800076805 2.907636076475144e-09
73600.04800076805 3.4458085042270787e-09
73650.04800076805 3.136335846127768e-09
73700.04800076805 2.754416294453188e-09
73750.04800076805 5.931354655621286e-10
73800.04800076805 2.5609092473716338e-09
73850.04800076805 4.428934352164692e-09
73900.04800076805 1.4369896238155124e-09
73950.04800076805 1.9208999269254505e-09
74000.04800076805 5.852990087835121e-10
74050.04800076805 4.2648933677353764e-09
74100.04800076805 3.131082423434486e-09
74150.04800076805 3.269577742284577e-09
74200.04800076805 1.006511030680754e-09
74250.04800076805 1.0563260260450578e-10
74300.04800076805 3.099611012924002e-09
74350.04800076805 4.636897624200029e-09
74400.04800076805 4.008950963897693e-09
74450.04800076805 1.0230203872699435e-09
74500.04800076805 3.8110013857686673e-10
74550.04800076805 1.4063682039464657e-09
74600.04800076805 2.568144248444898e-09
74650.04800076805 2.8077608289653216e-09
74700.04800076805 1.709957430800694e-09
74750.04800076805 4.943874407643968e-10
74800.04800076805 8.784146693107878e-10
74850.04800076805 3.418335053715428e-09
74900.04800076805 4.069273381298898e-09
74950.04800076805 3.411958153872268e-09
75000.04800076805 1.2100008556266176e-09
75050.04800076805 5.753439332601918e-11
75100.04800076805 2.829900520858266e-09
75150.04800076805 5.491004591639693e-09
75200.04800076805 5.511756544378962e-09
75250.04800076805 4.327127288435004e-09
75300.04800076805 2.224639286907686e-09
75350.04800076805 3.6084245006946303e-10
75400.04800076805 4.265743852549565e-09
75450.04800076805 5.925089324317346e-09
75500.04800076805 5.691362200212346e-09
75550.04800076805 4.187891016890571e-09
75600.04800076805 4.1307605309983954e-09
75650.04800076805 1.800234476896344e-09
75700.04800076805 6.8723304473904236e-09
75750.04800076805 3.809588487285339e-09
75800.04800076805 5.146795292591445e-09
75850.04800076805 5.677302032808439e-09
75900.04800076805 6.145640954192771e-09
75950.04800076805 2.297592041388789e-09
76000.04800076805 8.274806422945055e-09
76050.04800076805 7.877843853195766e-09
76100.04800076805 6.244799961732997e-09
76150.04800076805 7.1126223026624406e-09
76200.04800076805 5.120906672117525e-09
76250.04800076805 1.7555838004554e-09
76300.04800076805 8.043887718086605e-09
76350.04800076805 9.714886511076866e-09
76400.04800076805 7.743989044101734e-09
76450.04800076805 5.2213667910448405e-09
76500.04800076805 3.211891914618436e-09
76550.04800076805 6.556079882531705e-10
76600.04800076805 8.642153349375381e-11
76650.04800076805 6.985058097395812e-11
76700.04800076805 1.7146305535779372e-10
76750.04800076805 2.8461473423662553e-10
76800.04800076805 6.140903167448086e-10
76850.04800076805 4.936594238841655e-10
76900.04800076805 3.368540992775449e-10
76950.04800076805 9.955493835145244e-10
77000.04800076805 2.8124149179882308e-09
77050.04800076805 1.7384535264116858e-10
77100.04800076805 2.6878062797740665e-10
77150.04800076805 3.1326427050979576e-09
77200.04800076805 1.1810569257580088e-09
77250.04800076805 4.4437910762500496e-10
77300.04800076805 2.4787550317427974e-09
77350.04800076805 1.2740735739740051e-09
77400.04800076805 1.5238528769643876e-09
77450.04800076805 5.448813876690193e-09
77500.04800076805 3.3204467966789797e-09
77550.04800076805 1.5656172822843375e-09
77600.04800076805 4.901763141694116e-10
77650.04800076805 7.768500994527021e-10
77700.04800076805 9.67289183056726e-10
77750.04800076805 3.846252807664188e-09
77800.04800076805 4.603758566181168e-09
77850.04800076805 7.276725650657034e-09
77900.04800076805 2.162822736119993e-09
77950.04800076805 2.2251054314751089e-10
78000.04800076805 1.8270290097969236e-09
78050.04800076805 2.3549194563164324e-09
78100.04800076805 3.8135445791449634e-09
78150.04800076805 6.629223339215377e-09
78200.04800076805 8.009304852587047e-09
78250.04800076805 5.112140957080217e-09
78300.04800076805 9.741498034230594e-10
78350.04800076805 3.574040413337316e-09
78400.04800076805 1.0909655882927453e-09
78450.04800076805 3.0978166145841472e-09
78500.04800076805 7.177526759242678e-09
78550.04800076805 1.0152429145741887e-08
78600.04800076805 6.3899785720894234e-09
78650.04800076805 3.9205577116052433e-10
78700.04800076805 1.0375491141789071e-09
78750.04800076805 2.85695848571477e-09
78800.04800076805 1.8322930645786567e-09
78850.04800076805 4.649805108918172e-10
78900.04800076805 2.6420163667405516e-09
78950.04800076805 5.544693212915965e-09
79000.04800076805 3.431924959747091e-09
79050.04800076805 2.5182569389242847e-09
79100.04800076805 3.8556006526107135e-09
79150.04800076805 2.373263117218554e-09
79200.04800076805 3.34647163135864e-09
79250.04800076805 1.2525265815637768e-09
79300.04800076805 1.7978825763969802e-09
79350.04800076805 2.6405085506356188e-09
79400.04800076805 1.1753712935653044e-09
79450.04800076805 6.352370218863255e-09
79500.04800076805 8.88765143105473e-09
79550.04800076805 6.534505474794638e-09
79600.04800076805 3.123862623098067e-09
79650.04800076805 6.020654570579579e-09
79700.04800076805 3.607849436972719e-09
79750.04800076805 3.3239589569550337e-09
79800.04800076805 1.7519405162132229e-09
79850.04800076805 5.373836886758607e-09
79900.04800076805 1.043463288075145e-08
79950.04800076805 1.1903291184765675e-08
