galfind/configs/Brown_Dwarf_templates/sonora_cholla/logkzz7/316g/500K_316g_logkzz7_resample.dat
# %ECSV 1.0
# ---
# datatype:
# - {name: wav, unit: Angstrom, datatype: float64}
# - {name: flux_nu, unit: erg / (cm2 Hz s), datatype: float64}
# schema: astropy-2.0
wav flux_nu
3000.0480007680403 nan
3050.0480007680403 0.0
3100.0480007680403 0.0
3150.0480007680403 0.0
3200.0480007680403 0.0
3250.0480007680403 0.0
3300.0480007680403 0.0
3350.0480007680403 0.0
3400.0480007680403 0.0
3450.0480007680403 0.0
3500.0480007680403 0.0
3550.0480007680403 0.0
3600.0480007680403 0.0
3650.0480007680403 0.0
3700.0480007680403 0.0
3750.0480007680403 0.0
3800.0480007680403 0.0
3850.0480007680403 0.0
3900.0480007680403 0.0
3950.0480007680403 0.0
4000.0480007680403 0.0
4050.0480007680403 0.0
4100.04800076804 0.0
4150.04800076804 0.0
4200.04800076804 0.0
4250.04800076804 0.0
4300.04800076804 0.0
4350.04800076804 0.0
4400.04800076804 0.0
4450.04800076804 0.0
4500.04800076804 0.0
4550.04800076804 0.0
4600.04800076804 0.0
4650.04800076804 0.0
4700.04800076804 0.0
4750.04800076804 0.0
4800.04800076804 0.0
4850.04800076804 0.0
4900.04800076804 0.0
4950.04800076804 0.0
5000.04800076804 6.072626883948588e-12
5050.04800076804 1.6633667501272875e-11
5100.04800076804 1.9797484749008963e-11
5150.04800076804 2.3657514666181466e-11
5200.04800076804 2.8084416998938474e-11
5250.04800076804 3.289742318846077e-11
5300.04800076804 3.820975470508281e-11
5350.04800076804 4.411804742230026e-11
5400.04800076804 5.0128070341481434e-11
5450.04800076804 5.7069954291349797e-11
5500.04800076804 6.486116597583096e-11
5550.04800076804 7.327674136606952e-11
5600.04800076804 8.166238219235037e-11
5650.04800076804 8.912750667395922e-11
5700.04800076804 9.229672152475341e-11
5750.04800076804 9.477712718227018e-11
5800.04800076804 8.756670524081781e-11
5850.04800076804 6.40889972345421e-11
5900.04800076804 1.181203609408691e-11
5950.04800076804 2.4006835303637538e-11
6000.04800076804 1.0910863085706195e-10
6050.04800076804 1.872022031159622e-10
6100.04800076804 2.6050865666285437e-10
6150.04800076804 3.265258363945319e-10
6200.04800076804 3.886649879618043e-10
6250.04800076804 4.431647032253822e-10
6300.04800076804 5.079218617084105e-10
6350.04800076804 5.749626335758266e-10
6400.04800076804 6.393668484153805e-10
6450.04800076804 6.460376047721235e-10
6500.04800076804 7.089214405220156e-10
6550.04800076804 8.055149948678749e-10
6600.04800076804 8.996658550851633e-10
6650.04800076804 1.0257589840566972e-09
6700.04800076804 1.1750398383628448e-09
6750.04800076804 1.3100710644868479e-09
6800.04800076804 1.4386147631058965e-09
6850.04800076804 1.5750412130995214e-09
6900.04800076804 1.4941001950538093e-09
6950.04800076804 1.3675302220087102e-09
7000.04800076804 1.6446342777070127e-09
7050.04800076804 1.628993296588022e-09
7100.04800076804 1.7250229070266052e-09
7150.04800076804 1.1540806478732645e-09
7200.04800076804 7.887911907936832e-10
7250.04800076804 9.976799923687493e-10
7300.04800076804 1.0046586345173564e-09
7350.04800076804 1.2608119461302267e-09
7400.04800076804 1.5960755032330807e-09
7450.04800076804 2.112243655374778e-09
7500.04800076804 2.4917124471181448e-09
7550.04800076804 2.8723984506556553e-09
7600.04800076804 3.1955004818578957e-09
7650.04800076804 3.3646705136084705e-09
7700.04800076804 2.0852222528637173e-09
7750.04800076804 6.417954698998821e-10
7800.04800076804 3.202284916166011e-09
7850.04800076804 3.3746265002000256e-09
7900.04800076804 3.6039092477498474e-09
7950.04800076804 3.939347601836465e-09
8000.04800076804 3.957900442379132e-09
8050.04800076804 3.925093723986788e-09
8100.04800076804 2.0649454217626886e-09
8150.04800076804 1.3189709196993618e-09
8200.04800076804 2.6431934361180297e-09
8250.04800076804 2.4384609739105036e-09
8300.04800076804 2.553754644206223e-09
8350.04800076804 2.3923816902134364e-09
8400.04800076804 2.504022191459861e-09
8450.04800076804 3.2030240635766593e-09
8500.04800076804 3.764784367989067e-09
8550.04800076804 4.551514887791665e-09
8600.04800076804 5.532797782003677e-09
8650.04800076804 6.11251476923276e-09
8700.04800076804 5.954470673320704e-09
8750.04800076804 6.287312786530597e-09
8800.04800076804 5.712825494973109e-09
8850.04800076804 3.567530663896731e-09
8900.04800076804 5.133123300997372e-10
8950.04800076804 2.9214382814201093e-10
9000.04800076804 2.8331203072633264e-10
9050.04800076804 1.2723458698383884e-09
9100.04800076804 1.3826486958931607e-09
9150.04800076804 1.1893121805168933e-09
9200.04800076804 1.864904482372215e-09
9250.04800076804 1.0922951141300021e-09
9300.04800076804 1.0729980989903157e-11
9350.04800076804 2.002299704484351e-11
9400.04800076804 1.3202070218223583e-10
9450.04800076804 9.722667117318279e-11
9500.04800076804 6.837547956275625e-11
9550.04800076804 6.81193719462097e-11
9600.04800076804 7.64881595194962e-11
9650.04800076804 1.5304140199518208e-10
9700.04800076804 4.4354210240317014e-10
9750.04800076804 4.053576679489297e-10
9800.04800076804 5.434045465156014e-10
9850.04800076804 7.112994052950183e-10
9900.04800076804 1.1186023858537892e-09
9950.04800076804 1.1682901299006451e-09
10000.04800076804 1.685744204026257e-09
10050.04800076804 1.6766504085240672e-09
10100.04800076804 2.087540469983859e-09
10150.04800076804 2.122786485293364e-09
10200.04800076804 2.1265094722404363e-09
10250.04800076804 2.513032943234991e-09
10300.04800076804 3.0348604037062246e-09
10350.04800076804 2.856836399931402e-09
10400.04800076804 3.726262233583108e-09
10450.04800076804 4.209642706817214e-09
10500.04800076804 4.531345697059445e-09
10550.04800076804 4.854988552599867e-09
10600.04800076804 4.730518290960696e-09
10650.04800076804 4.506632794866051e-09
10700.04800076804 3.985239762725975e-09
10750.04800076804 3.759764024871288e-09
10800.04800076804 3.3218911615610286e-09
10850.04800076804 2.82668728310787e-09
10900.04800076804 2.047511167074196e-09
10950.04800076804 9.239996001330411e-10
11000.04800076804 4.469541766233664e-10
11050.04800076804 1.8334098419188309e-10
11100.04800076804 7.406255122634741e-11
11150.04800076804 2.4006321317055132e-11
11200.04800076804 1.5794877749937882e-11
11250.04800076804 2.0709411708111664e-11
11300.04800076804 3.6356254317323466e-11
11350.04800076804 8.971231975541419e-12
11400.04800076804 6.080517758941195e-11
11450.04800076804 2.938221072753545e-11
11500.04800076804 2.891027966735121e-11
11550.04800076804 6.41590284069647e-12
11600.04800076804 2.9367438388589887e-12
11650.04800076804 1.6047016122352393e-11
11700.04800076804 2.2991155531868165e-11
11750.04800076804 6.546963569392047e-12
11800.04800076804 4.3262133977011215e-11
11850.04800076804 7.412555413787168e-11
11900.04800076804 9.644779695681503e-11
11950.04800076804 1.876816932728275e-10
12000.04800076804 3.364769552882307e-10
12050.04800076804 5.632265553673308e-10
12100.04800076804 8.134034427397436e-10
12150.04800076804 1.1661287384293794e-09
12200.04800076804 1.4394652113443692e-09
12250.04800076804 1.940842836888881e-09
12300.04800076804 2.6943832593767347e-09
12350.04800076804 3.003946437883792e-09
12400.04800076804 4.0969158435940055e-09
12450.04800076804 5.213397044237021e-09
12500.04800076804 5.9621365030432334e-09
12550.04800076804 6.795394304497981e-09
12600.04800076804 7.872091284437472e-09
12650.04800076804 8.509824057914129e-09
12700.04800076804 8.782250873443091e-09
12750.04800076804 7.194149267513681e-09
12800.04800076804 5.9130146160072885e-09
12850.04800076804 4.011426752606857e-09
12900.04800076804 3.0040680798577544e-09
12950.04800076804 2.2338788939604866e-09
13000.04800076804 2.571070476734334e-09
13050.04800076804 1.6043041451488432e-09
13100.04800076804 1.4958797826101155e-09
13150.04800076804 9.155017511674164e-10
13200.04800076804 9.703984640186627e-10
13250.04800076804 6.501619735024998e-10
13300.04800076804 1.9853969837187684e-10
13350.04800076804 6.4246331620146e-11
13400.04800076804 1.562908847406384e-11
13450.04800076804 3.209322544467464e-12
13500.04800076804 8.323042149346735e-13
13550.04800076804 1.785483710814671e-13
13600.04800076804 2.8246677253902618e-14
13650.04800076804 3.3311034928338e-13
13700.04800076804 1.4740854604641493e-13
13750.04800076804 7.25881640446002e-13
13800.04800076804 6.78586244420191e-13
13850.04800076804 2.0491519302337262e-13
13900.04800076804 4.587965238247706e-13
13950.04800076804 3.8973018977612145e-13
14000.04800076804 5.255046715010255e-13
14050.04800076804 9.627130410220797e-13
14100.04800076804 8.597821495692777e-13
14150.04800076804 2.4124556172326774e-12
14200.04800076804 1.4693304488860208e-12
14250.04800076804 2.3674037856802276e-12
14300.04800076804 1.073081678516949e-11
14350.04800076804 7.925939028027317e-12
14400.04800076804 8.33766811743583e-12
14450.04800076804 1.7798173422678738e-11
14500.04800076804 4.529534496980584e-11
14550.04800076804 5.1734844975047306e-11
14600.04800076804 1.1782284710765322e-10
14650.04800076804 7.716769673259226e-11
14700.04800076804 3.69487221196316e-11
14750.04800076804 4.149107626233268e-11
14800.04800076804 4.8654809881015374e-11
14850.04800076804 5.20064672479085e-11
14900.04800076804 6.252186678845708e-11
14950.04800076804 7.307668533428925e-11
15000.04800076804 1.6566455203495284e-10
15050.04800076804 1.7673639047375648e-10
15100.04800076804 1.4023958104554995e-10
15150.04800076804 1.0225770481482257e-10
15200.04800076804 2.0152122352361534e-10
15250.04800076804 4.14882329004796e-10
15300.04800076804 5.239204536608674e-10
15350.04800076804 7.03050783920252e-10
15400.04800076804 8.775817006641255e-10
15450.04800076804 1.103052586487814e-09
15500.04800076804 1.3637472607213755e-09
15550.04800076804 1.9358514965230163e-09
15600.04800076804 2.558357607311958e-09
15650.04800076804 3.344111581344783e-09
15700.04800076804 4.500206442042057e-09
15750.04800076804 5.255677807985493e-09
15800.04800076804 5.848918408849994e-09
15850.04800076804 6.6676012827789335e-09
15900.04800076804 6.152112923270647e-09
15950.04800076804 5.9943746388436266e-09
16000.04800076804 4.633955770129978e-09
16050.04800076804 2.8097730376634474e-09
16100.04800076804 1.5949834978410972e-09
16150.04800076804 7.506431396286183e-10
16200.04800076804 3.3573791162370996e-10
16250.04800076804 2.0367367743860368e-10
16300.04800076804 1.1925196975479594e-10
16350.04800076804 1.518329353722284e-10
16400.04800076804 1.9198824191768918e-10
16450.04800076804 1.7775382244481444e-10
16500.04800076804 1.5712799866934796e-10
16550.04800076804 1.6010425191443677e-10
16600.04800076804 3.1536646672718206e-10
16650.04800076804 2.154886805493523e-10
16700.04800076804 2.2416512547768493e-11
16750.04800076804 1.0868271599764392e-10
16800.04800076804 1.7189299083549778e-10
16850.04800076804 1.7443652604707513e-10
16900.04800076804 7.118203956315778e-11
16950.04800076804 4.7595619571113173e-11
17000.04800076804 2.0527215041274294e-11
17050.04800076804 4.263555422142308e-11
17100.04800076804 8.35333312320772e-11
17150.04800076804 3.976604858262705e-11
17200.04800076804 1.6831367713592558e-10
17250.04800076804 6.36563764100773e-11
17300.04800076804 3.764607725231047e-11
17350.04800076804 5.2549230199609393e-11
17400.04800076804 9.655382168622889e-11
17450.04800076804 1.268773233972019e-10
17500.04800076804 1.868334417629297e-10
17550.04800076804 1.4278481681824307e-10
17600.04800076804 1.0801177429832717e-10
17650.04800076804 7.497917989609775e-11
17700.04800076804 6.58211924836676e-11
17750.04800076804 5.190730396232318e-11
17800.04800076804 1.088859427537257e-10
17850.04800076804 5.088832017696623e-11
17900.04800076804 3.649668722161217e-11
17950.04800076804 2.0276824682356686e-11
18000.04800076804 3.854764971050959e-11
18050.04800076804 2.2267687272436365e-11
18100.04800076804 2.3173986693470908e-11
18150.04800076804 1.8618294914193732e-11
18200.04800076804 1.0251058360603529e-11
18250.04800076804 5.0286120606028503e-11
18300.04800076804 6.959805348075428e-12
18350.04800076804 5.3824505483583965e-12
18400.04800076804 3.0552170163455343e-12
18450.04800076804 2.6860853804669073e-11
18500.04800076804 2.669677164719036e-11
18550.04800076804 1.1377401300263418e-11
18600.04800076804 1.8706103408203847e-11
18650.04800076804 1.0498708938336406e-11
18700.04800076804 1.7812244505839416e-12
18750.04800076804 4.320494212502168e-12
18800.04800076804 5.81479636518307e-11
18850.04800076804 4.5907383990897396e-11
18900.04800076804 4.613280069728339e-11
18950.04800076804 8.88774115514899e-11
19000.04800076804 1.5780982767105316e-11
19050.04800076804 8.142089777726532e-12
19100.04800076804 2.8727782955866108e-11
19150.04800076804 1.1167298609409147e-11
19200.04800076804 3.006690599653882e-11
19250.04800076804 2.095266030585795e-11
19300.04800076804 1.1051358579766804e-11
19350.04800076804 1.609295526891343e-11
19400.04800076804 1.165068187700993e-11
19450.04800076804 2.3395261999761058e-11
19500.04800076804 2.070985880924454e-11
19550.04800076804 2.4188630329045617e-11
19600.04800076804 4.6876120512585343e-11
19650.04800076804 4.6150650885824336e-11
19700.04800076804 5.981823300901733e-11
19750.04800076804 9.084512117254349e-11
19800.04800076804 7.763231731149926e-11
19850.04800076804 9.90643533446889e-11
19900.04800076804 1.2417535717055782e-10
19950.04800076804 1.6111551629030729e-10
20000.04800076804 1.7549134310767825e-10
20050.04800076804 1.530787021880712e-10
20100.04800076804 2.3558129267177894e-10
20150.04800076804 1.591638937723909e-10
20200.04800076804 1.3767361166800152e-10
20250.04800076804 2.150108385726377e-10
20300.04800076804 2.1912237008844295e-10
20350.04800076804 2.4326765747422587e-10
20400.04800076804 2.0760004602502325e-10
20450.04800076804 3.059188679519825e-10
20500.04800076804 3.149895420122994e-10
20550.04800076804 3.239043777071372e-10
20600.04800076804 3.3625170139244945e-10
20650.04800076804 3.4610002591075835e-10
20700.04800076804 3.40861845747879e-10
20750.04800076804 3.537552233905781e-10
20800.04800076804 3.3074571527026825e-10
20850.04800076804 3.4365570012256734e-10
20900.04800076804 3.4111923920970263e-10
20950.04800076804 3.243675042689417e-10
21000.04800076804 3.132340636868464e-10
21050.04800076804 3.114931142690852e-10
21100.04800076804 3.0072458754591647e-10
21150.04800076804 2.9701972974226273e-10
21200.04800076804 2.8319830030579543e-10
21250.04800076804 2.7121676608286874e-10
21300.04800076804 2.470377033263347e-10
21350.04800076804 2.416817583206731e-10
21400.04800076804 2.4353956611128897e-10
21450.04800076804 2.0020592830210303e-10
21500.04800076804 1.9867896750917672e-10
21550.04800076804 1.9369114385173935e-10
21600.04800076804 1.744055387392796e-10
21650.04800076804 1.4720061254887198e-10
21700.04800076804 1.4611795450018684e-10
21750.04800076804 1.5940358468858142e-10
21800.04800076804 1.3403885751095517e-10
21850.04800076804 1.2156378261685827e-10
21900.04800076804 1.024382500379863e-10
21950.04800076804 3.765488085421663e-11
22000.04800076804 4.398354919182831e-12
22050.04800076804 9.304217424952683e-12
22100.04800076804 4.1419774084205005e-11
22150.04800076804 2.93841555881243e-11
22200.04800076804 2.243406924023538e-11
22250.04800076804 2.1606327270573628e-11
22300.04800076804 9.688379783481088e-12
22350.04800076804 1.305589436847774e-11
22400.04800076804 5.189544871144418e-12
22450.04800076804 6.1921442262681514e-12
22500.04800076804 6.1662635403026705e-12
22550.04800076804 2.938529993880295e-12
22600.04800076804 3.3692646873701492e-12
22650.04800076804 7.526262950642734e-12
22700.04800076804 4.26581901281039e-12
22750.04800076804 3.4307711870132618e-12
22800.04800076804 6.249171955616986e-12
22850.04800076804 5.062869655596221e-12
22900.04800076804 2.356466021505832e-12
22950.04800076804 1.330501657947426e-12
23000.04800076804 2.9576683934539977e-12
23050.04800076804 2.973239894197128e-12
23100.04800076804 2.505629819300648e-11
23150.04800076804 2.6118468619090877e-11
23200.04800076804 6.575034571836947e-13
23250.04800076804 2.9889657669310057e-12
23300.04800076804 4.209346596530645e-12
23350.04800076804 2.8640274308728587e-12
23400.04800076804 4.2038521947054566e-12
23450.04800076804 1.5373173943730347e-12
23500.04800076804 1.8434284980114234e-12
23550.04800076804 4.303902901914711e-12
23600.04800076804 9.223387312628969e-12
23650.04800076804 1.0148756416489262e-11
23700.04800076804 1.6281459872134825e-12
23750.04800076804 2.1701559898920086e-12
