galfind/configs/Brown_Dwarf_templates/sonora_cholla/logkzz7/316g/550K_316g_logkzz7_resample.dat
# %ECSV 1.0
# ---
# datatype:
# - {name: wav, unit: Angstrom, datatype: float64}
# - {name: flux_nu, unit: erg / (cm2 Hz s), datatype: float64}
# schema: astropy-2.0
wav flux_nu
[from data line 815]
43750.04800076804 1.171236306851091e-07
43800.04800076804 8.952899585310464e-08
43850.04800076804 9.119813546709386e-08
43900.04800076804 7.436033207227923e-08
43950.04800076804 5.0820512882520033e-08
44000.04800076804 4.157535719150612e-08
44050.04800076804 8.996396553605366e-08
44100.04800076804 1.1250528216984488e-07
44150.04800076804 1.0105811324789288e-07
44200.04800076804 9.044401956968712e-08
44250.04800076804 5.535249682110923e-08
44300.04800076804 4.563798044458638e-08
44350.04800076804 4.6475925630451637e-08
44400.04800076804 4.634198731330216e-08
44450.04800076804 5.676432353069877e-08
44500.04800076804 4.6864284526418906e-08
44550.04800076804 5.8500356973533376e-08
44600.04800076804 3.955207200195544e-08
44650.04800076804 4.8722879197031686e-08
44700.04800076804 3.581652292136891e-08
44750.04800076804 4.155594568627734e-08
44800.04800076804 3.1760549950342413e-08
44850.04800076804 3.3837679423994334e-08
44900.04800076804 2.5908999723275412e-08
44950.04800076804 2.1614660639330833e-08
45000.04800076804 2.445801208612909e-08
45050.04800076804 2.487765402374468e-08
45100.04800076804 2.4325189790607796e-08
45150.04800076804 1.771984003463031e-08
45200.04800076804 1.0629547482123619e-08
45250.04800076804 1.2276774590132166e-08
45300.04800076804 1.5942861789496545e-08
45350.04800076804 1.337757082632981e-08
45400.04800076804 1.0890562487750166e-08
45450.04800076804 9.201581439900138e-09
45500.04800076804 1.1462784382688038e-08
45550.04800076804 1.2372219963981456e-08
45600.04800076804 7.693581366212863e-09
45650.04800076804 7.828305292707462e-09
45700.04800076804 1.1091543636681803e-08
45750.04800076804 8.02123860429397e-09
45800.04800076804 5.671210513365112e-09
45850.04800076804 1.018776651866128e-08
45900.04800076804 1.0549751778211979e-08
45950.04800076804 5.1904211652634765e-09
46000.04800076804 9.804942842485848e-09
46050.04800076804 1.1013591513357677e-08
46100.04800076804 5.420677814531359e-09
46150.04800076804 1.146055515671604e-08
46200.04800076804 9.770882602924364e-09
46250.04800076804 4.339687956024757e-09
46300.04800076804 1.4494591073597883e-08
46350.04800076804 8.926833992443465e-09
46400.04800076804 1.1882011585816381e-08
46450.04800076804 1.991194129821284e-08
46500.04800076804 1.1894350055308442e-08
46550.04800076804 1.9559368733257654e-08
46600.04800076804 1.9406534291458872e-08
46650.04800076804 5.050179537335244e-08
46700.04800076804 3.122229108079111e-08
46750.04800076804 1.4983325056185294e-08
46800.04800076804 8.44255562577421e-09
46850.04800076804 1.926112394050052e-08
46900.04800076804 1.5002849315245245e-08
46950.04800076804 2.5690474042579475e-08
47000.04800076804 8.403373231607328e-09
47050.04800076804 2.2208055408810546e-08
47100.04800076804 6.736294631313456e-09
47150.04800076804 1.1145842673693874e-08
47200.04800076804 1.422527750699558e-08
47250.04800076804 7.94223119072237e-09
47300.04800076804 1.05668752896226e-08
47350.04800076804 7.574746733457383e-09
47400.04800076804 1.9795539811234866e-08
47450.04800076804 6.095372502441675e-09
47500.04800076804 2.335119229067451e-08
47550.04800076804 7.48420573250537e-09
47600.04800076804 2.067364236676284e-08
47650.04800076804 8.426436034039884e-09
47700.04800076804 2.1291417659221294e-08
47750.04800076804 7.922866977798423e-09
47800.04800076804 1.695015601832426e-08
47850.04800076804 7.51112773106229e-09
47900.04800076804 1.1998075425564833e-08
47950.04800076804 1.2801477980950932e-08
48000.04800076804 2.8322209802495645e-08
48050.04800076804 1.609525541907789e-08
48100.04800076804 2.0201174826739394e-08
48150.04800076804 1.754058074379388e-08
48200.04800076804 2.5286632959281782e-08
48250.04800076804 1.8017639912102383e-08
48300.04800076804 3.834687478796178e-08
48350.04800076804 1.5934560075311518e-08
48400.04800076804 1.2250287760875025e-08
48450.04800076804 1.4469838431167005e-08
48500.04800076804 3.0171143364492685e-08
48550.04800076804 1.543805734991248e-08
48600.04800076804 3.7933298495058526e-08
48650.04800076804 2.102939260555153e-08
48700.04800076804 4.087036411264027e-08
48750.04800076804 2.2974142497318676e-08
48800.04800076804 4.3446271777487474e-08
48850.04800076804 2.7463469598337278e-08
48900.04800076804 3.087296033078863e-08
48950.04800076804 2.7241263494525376e-08
49000.04800076804 1.817755850668032e-08
49050.04800076804 4.186099036776965e-08
49100.04800076804 3.298773813826029e-08
49150.04800076804 4.706746391237778e-08
49200.04800076804 3.436370101356168e-08
49250.04800076804 6.303910619679638e-08
49300.04800076804 3.6444215444300906e-08
49350.04800076804 2.472000238861163e-08
49400.04800076804 3.5273849425395315e-08
49450.04800076804 3.428913434000345e-08
49500.04800076804 2.844378548904628e-08
49550.04800076804 6.17140113517828e-09
49600.04800076804 1.9507526720484295e-08
49650.04800076804 3.240422366585252e-08
49700.04800076804 4.1097061590916075e-08
49750.04800076804 5.140022986096489e-08
49800.04800076804 2.4954831153224048e-08
49850.04800076804 6.795649196515619e-08
49900.04800076804 5.249437027067059e-08
49950.04800076804 5.76998422804676e-08
50000.04800076804 4.563084103443802e-08
50050.04800076804 5.2417711255835764e-08
50100.04800076804 4.698969205244513e-08
50150.04800076804 1.8549490013412145e-08
50200.04800076804 3.975410618415045e-09
50250.04800076804 2.1811885950695606e-08
50300.04800076804 1.5681152161806962e-08
50350.04800076804 4.9970513390769635e-08
50400.04800076804 5.345070368233095e-08
50450.04800076804 4.35648427569125e-08
50500.04800076804 6.776698310936398e-08
50550.04800076804 6.524677344453763e-08
50600.04800076804 4.7470800290011426e-08
50650.04800076804 6.410475520111894e-08
50700.04800076804 7.499979576097233e-08
50750.04800076804 4.585478837548391e-08
50800.04800076804 1.4893415829240648e-08
50850.04800076804 7.591867425540398e-09
50900.04800076804 4.737453558835507e-08
50950.04800076804 4.9711551148593535e-08
51000.04800076804 3.472663679080628e-08
51050.04800076804 5.169414963891369e-08
51100.04800076804 1.555457278287304e-08
51150.04800076804 2.052946747271553e-08
51200.04800076804 6.901699404388178e-08
51250.04800076804 4.57055302627895e-08
51300.04800076804 3.2413853540739935e-08
51350.04800076804 3.2123575116713904e-08
51400.04800076804 9.904763632337616e-09
51450.04800076804 8.259115362878328e-09
51500.04800076804 7.238133235048663e-09
51550.04800076804 2.6375916767533056e-08
51600.04800076804 2.6119112815013368e-08
51650.04800076804 3.940393774176827e-08
51700.04800076804 3.6157050832700965e-08
51750.04800076804 2.1897025208202067e-08
51800.04800076804 5.2057948105269624e-08
51850.04800076804 4.210652710943087e-08
51900.04800076804 4.6572108038131004e-08
51950.04800076804 2.4155207050466445e-08
52000.04800076804 2.6733121336236333e-09
52050.04800076804 1.2657286514827167e-08
52100.04800076804 7.65695197088176e-09
52150.04800076804 4.167159828665346e-09
52200.04800076804 1.2659858755254356e-08
52250.04800076804 2.5601731144243256e-08
52300.04800076804 3.341600286432102e-08
52350.04800076804 8.730337877555089e-09
52400.04800076804 9.788591923655542e-09
52450.04800076804 3.740155246905777e-08
52500.04800076804 3.085665833524675e-08
52550.04800076804 3.4193675018064983e-08
52600.04800076804 2.8241813758399855e-08
52650.04800076804 2.954934875673452e-08
52700.04800076804 2.0682151762500526e-08
52750.04800076804 8.434394484094911e-09
52800.04800076804 1.3810923362547379e-08
52850.04800076804 1.77360419360352e-08
52900.04800076804 6.854402314613238e-09
52950.04800076804 1.1939937095875507e-08
53000.04800076804 2.900893936280874e-08
53050.04800076804 8.166338998959328e-09
53100.04800076804 3.716883525112267e-08
53150.04800076804 4.2883204803018534e-08
53200.04800076804 1.5646466625129227e-08
53250.04800076804 3.763668322244685e-08
53300.04800076804 3.8295985464564934e-08
53350.04800076804 3.7556891178289925e-08
53400.04800076804 2.264274360826141e-08
53450.04800076804 5.476135894895407e-09
53500.04800076804 1.2935842252875912e-09
53550.04800076804 2.970830384731037e-09
53600.04800076804 1.3436884053960319e-08
53650.04800076804 1.6460977322737258e-08
53700.04800076804 1.3230439894352217e-08
53750.04800076804 1.1805450154739122e-08
53800.04800076804 1.1029292927945187e-08
53850.04800076804 1.9525707726291562e-08
53900.04800076804 3.224350517485693e-08
53950.04800076804 3.0240963441519746e-08
54000.04800076804 1.8837886845888685e-08
54050.04800076804 2.0149819749127748e-08
54100.04800076804 3.983097986163512e-09
54150.04800076804 5.786141286654624e-09
54200.04800076804 9.522604364853167e-10
54250.04800076804 2.7167737907791297e-09
54300.04800076804 8.737344835768502e-09
54350.04800076804 1.3712452079877018e-08
54400.04800076804 1.0421099799736626e-08
54450.04800076804 9.407553388709212e-09
54500.04800076804 8.92716169083854e-09
54550.04800076804 8.825696589092083e-09
54600.04800076804 7.272253534130297e-09
54650.04800076804 8.642115327224781e-10
54700.04800076804 7.714845699921203e-09
54750.04800076804 7.667980543409232e-09
54800.04800076804 3.99452058544038e-09
54850.04800076804 7.10653054686283e-09
54900.04800076804 1.3623835726458638e-08
54950.04800076804 2.2856716746467273e-08
55000.04800076804 6.8439667675542715e-09
55050.04800076804 1.0158473564274999e-08
55100.04800076804 1.4691160263327332e-08
55150.04800076804 6.607131571478412e-09
55200.04800076804 4.355955603541754e-09
55250.04800076804 7.320106657488454e-09
55300.04800076804 4.939547452642772e-09
55350.04800076804 1.0378349739292124e-08
55400.04800076804 1.1349998490714461e-08
55450.04800076804 7.064365619514453e-09
55500.04800076804 2.5699315845379356e-09
55550.04800076804 2.0978213327535954e-09
55600.04800076804 4.6896308789773635e-09
55650.04800076804 4.332783622082036e-09
55700.04800076804 4.256870186883167e-09
55750.04800076804 3.198711615428443e-09
55800.04800076804 1.2067605642586049e-09
55850.04800076804 2.540145305923201e-09
55900.04800076804 7.2081066922691295e-09
55950.04800076804 1.1715629592590061e-08
56000.04800076804 4.035711012019575e-09
56050.04800076804 4.66719265229301e-09
56100.04800076804 7.6185155114723e-09
56150.04800076804 2.6961100162807836e-09
56200.04800076804 4.570603974951064e-09
56250.04800076804 9.604720278299958e-09
56300.04800076804 5.2146307808110704e-09
56350.04800076804 2.8001386376137733e-09
56400.04800076804 7.652878288979636e-10
56450.04800076804 7.763788703789306e-10
56500.04800076804 4.1021636327053005e-09
56550.04800076804 1.5656633718668303e-09
56600.04800076804 6.793473106733296e-09
56650.04800076804 8.421539507905105e-09
56700.04800076804 5.21688961979319e-09
56750.04800076804 1.5353974583697715e-09
56800.04800076804 3.3756020000972194e-09
56850.04800076804 5.121079814607029e-09
56900.04800076804 2.5983026454898358e-09
56950.04800076804 6.2493987102941105e-09
57000.04800076804 8.514327496098657e-09
57050.04800076804 3.6732925330872743e-09
57100.04800076804 9.110876674067592e-10
57150.04800076804 1.8244137345303762e-09
57200.04800076804 1.3279678478245171e-09
57250.04800076804 2.1779506279795336e-09
57300.04800076804 3.7003374254043057e-09
57350.04800076804 1.6437895220434084e-09
57400.04800076804 5.492722105178277e-09
57450.04800076804 2.0849093733509073e-09
57500.04800076804 1.9652955776126525e-09
57550.04800076804 3.1933945298696678e-09
57600.04800076804 2.5322717979291477e-09
57650.04800076804 4.455559335198191e-10
57700.04800076804 1.1335605245018964e-09
57750.04800076804 2.919185605366555e-09
57800.04800076804 1.0208664476813372e-09
57850.04800076804 8.86018523440553e-09
57900.04800076804 1.1107128589066189e-08
57950.04800076804 1.289738804602341e-08
58000.04800076804 2.9292909607771234e-09
58050.04800076804 6.210625059085662e-09
58100.04800076804 4.875880805397739e-09
58150.04800076804 2.854915189733215e-09
58200.04800076804 4.2653303153851223e-10
58250.04800076804 1.0759574921502056e-09
58300.04800076804 1.2070745028442128e-09
58350.04800076804 1.7057630413737762e-09
58400.04800076804 5.112285780419017e-09
58450.04800076804 6.041428289946956e-09
58500.04800076804 6.524301595051352e-09
58550.04800076804 4.16673577685728e-09
58600.04800076804 1.2483703123820182e-09
58650.04800076804 1.9807998429218027e-09
58700.04800076804 3.126566724029133e-09
58750.04800076804 2.304150367184578e-09
58800.04800076804 1.5872800480744162e-10
58850.04800076804 1.2642937776694567e-09
58900.04800076804 1.811784330740739e-09
58950.04800076804 6.830584838761636e-10
59000.04800076804 2.181362329091565e-09
59050.04800076804 4.159543521252686e-09
59100.04800076804 3.5239117629927714e-09
59150.04800076804 2.6973093217310495e-09
59200.04800076804 4.005563704674563e-09
59250.04800076804 4.121862252241267e-09
59300.04800076804 2.817383242827896e-09
59350.04800076804 2.7850383785847046e-10
59400.04800076804 4.797822550818822e-10
59450.04800076804 3.3352199730683595e-09
59500.04800076804 1.9856064776343426e-09
59550.04800076804 4.123883482566928e-09
59600.04800076804 5.358341684864009e-09
59650.04800076804 2.169765226142122e-09
59700.04800076804 1.3052973397748685e-09
59750.04800076804 5.9283363214078345e-09
59800.04800076804 2.2838565473617936e-09
59850.04800076804 2.8376575093127446e-09
59900.04800076804 7.413354220642433e-10
59950.04800076804 2.7702512479685553e-09
60000.04800076804 6.943443414491976e-09
60050.04800076804 8.64214519116095e-09
60100.04800076804 4.639152148211333e-09
60150.04800076804 1.4722046819576293e-09
60200.04800076804 4.301493847599636e-09
60250.04800076804 9.275555422829424e-09
60300.04800076804 7.868812822085784e-09
60350.04800076804 4.333180509552386e-09
60400.04800076804 3.217470275996868e-09
60450.04800076804 5.153244806379185e-10
60500.04800076804 1.0617085265522219e-10
60550.04800076804 2.2655148716562356e-09
60600.04800076804 4.238093754861026e-09
60650.04800076804 2.1330915674730996e-09
60700.04800076804 1.3089275842820728e-09
60750.04800076804 4.890292056901842e-10
60800.04800076804 3.773308949584185e-09
60850.04800076804 8.417964319034339e-09
60900.04800076804 7.511768610406472e-09
60950.04800076804 4.892288419328873e-09
61000.04800076804 6.15919228336856e-09
61050.04800076804 1.557515006230251e-09
61100.04800076804 1.5598139446495045e-09
61150.04800076804 3.6542435601068663e-10
61200.04800076804 3.5682093868256704e-09
61250.04800076804 5.646716318168714e-09
61300.04800076804 4.374704479740897e-09
61350.04800076804 9.370438296092805e-09
61400.04800076804 2.3551111291483866e-09
61450.04800076804 6.372410318101791e-10
61500.04800076804 6.260996364116509e-10
61550.04800076804 2.961820840067807e-09
61600.04800076804 8.483629158243375e-10
61650.04800076804 2.2087456987452044e-09
61700.04800076804 3.3319822679844515e-09
61750.04800076804 3.767557722513713e-09
61800.04800076804 2.430385626986656e-09
61850.04800076804 5.136218814807635e-10
61900.04800076804 4.923056890153066e-09
61950.04800076804 7.050240055911432e-09
62000.04800076804 7.0059924631469995e-09
62050.04800076804 1.1859819005394687e-08
62100.04800076804 3.909283510360967e-09
62150.04800076804 8.31298690440644e-09
62200.04800076804 7.685839669621207e-09
62250.04800076804 4.933252157672976e-09
62300.04800076804 1.6162317069852515e-08
62350.04800076804 1.2571142834798636e-08
62400.04800076804 5.955206155465014e-09
62450.04800076804 7.084428974760175e-09
62500.04800076804 1.571086823436527e-08
62550.04800076804 2.201895215402726e-08
62600.04800076804 1.2488125816280644e-08
62650.04800076804 9.069756407872003e-09
62700.04800076804 5.646771999172949e-09
62750.04800076804 1.2106113626162483e-08
62800.04800076804 7.015234483500494e-09
62850.04800076804 9.976782665215359e-09
62900.04800076804 9.725705409528503e-09
62950.04800076804 2.1924301258843983e-08
63000.04800076804 1.0004486011626547e-08
63050.04800076804 3.21886546015694e-08
63100.04800076804 2.6844147713128026e-08
63150.04800076804 1.794937366103763e-08
63200.04800076804 1.395609732723445e-08
63250.04800076804 1.6168746916916884e-08
63300.04800076804 7.455479745201616e-09
63350.04800076804 6.5184923712195375e-09
63400.04800076804 1.9998208422100217e-09
63450.04800076804 7.589269044030394e-10
