galfind/configs/Brown_Dwarf_templates/sonora_cholla/logkzz7/316g/600K_316g_logkzz7_resample.dat
# %ECSV 1.0
# ---
# datatype:
# - {name: wav, unit: Angstrom, datatype: float64}
# - {name: flux_nu, unit: erg / (cm2 Hz s), datatype: float64}
# schema: astropy-2.0
wav flux_nu
3000.0480007680403 nan
3050.0480007680403 0.0
3100.0480007680403 0.0
3150.0480007680403 0.0
3200.0480007680403 0.0
3250.0480007680403 0.0
3300.0480007680403 0.0
3350.0480007680403 0.0
3400.0480007680403 0.0
3450.0480007680403 0.0
3500.0480007680403 0.0
3550.0480007680403 0.0
3600.0480007680403 0.0
3650.0480007680403 0.0
3700.0480007680403 0.0
3750.0480007680403 0.0
3800.0480007680403 0.0
3850.0480007680403 0.0
3900.0480007680403 0.0
3950.0480007680403 0.0
4000.0480007680403 0.0
4050.0480007680403 0.0
4100.04800076804 0.0
4150.04800076804 0.0
4200.04800076804 0.0
4250.04800076804 0.0
4300.04800076804 0.0
4350.04800076804 0.0
4400.04800076804 0.0
4450.04800076804 0.0
4500.04800076804 0.0
4550.04800076804 0.0
4600.04800076804 0.0
4650.04800076804 0.0
4700.04800076804 0.0
4750.04800076804 0.0
4800.04800076804 0.0
4850.04800076804 0.0
4900.04800076804 0.0
4950.04800076804 0.0
5000.04800076804 6.9127721105732595e-12
5050.04800076804 1.8482859932245168e-11
5100.04800076804 2.1608431508322932e-11
5150.04800076804 2.5438046446583117e-11
5200.04800076804 2.986999685856215e-11
5250.04800076804 3.475913201608089e-11
5300.04800076804 4.029211720769843e-11
5350.04800076804 4.652094080307771e-11
5400.04800076804 5.3233540113668886e-11
5450.04800076804 6.091588187995237e-11
5500.04800076804 6.956219104057587e-11
5550.04800076804 7.913737238596417e-11
5600.04800076804 8.93040793899312e-11
5650.04800076804 9.961099205512674e-11
5700.04800076804 1.0807572272291788e-10
5750.04800076804 1.1646049142883714e-10
5800.04800076804 1.1845461490344936e-10
5850.04800076804 1.0536587339324702e-10
5900.04800076804 3.146023816409059e-11
5950.04800076804 5.566146882434424e-11
6000.04800076804 1.667876726131563e-10
6050.04800076804 2.35669466564505e-10
6100.04800076804 2.957555592918924e-10
6150.04800076804 3.5112342273671884e-10
6200.04800076804 4.057283607101783e-10
6250.04800076804 4.586043773112699e-10
6300.04800076804 5.193998968192897e-10
6350.04800076804 5.842850986486483e-10
6400.04800076804 6.511834176966408e-10
6450.04800076804 6.898284190113552e-10
6500.04800076804 7.632302594387544e-10
6550.04800076804 8.583651642936314e-10
6600.04800076804 9.571961023973878e-10
6650.04800076804 1.077679013582664e-09
6700.04800076804 1.219056487840142e-09
6750.04800076804 1.3594578218066555e-09
6800.04800076804 1.5030341333761177e-09
6850.04800076804 1.6585442716690957e-09
6900.04800076804 1.6608559533328957e-09
6950.04800076804 1.6377672061768537e-09
7000.04800076804 1.877538602119163e-09
7050.04800076804 1.9346771861490274e-09
7100.04800076804 2.0727665760737952e-09
7150.04800076804 1.6637613476265397e-09
7200.04800076804 1.4816340799122948e-09
7250.04800076804 1.7513896069004922e-09
7300.04800076804 1.8096160942430434e-09
7350.04800076804 2.1297621328471822e-09
7400.04800076804 2.4958084735893264e-09
7450.04800076804 2.9926141255352563e-09
7500.04800076804 3.3832228124695524e-09
7550.04800076804 3.778966623459087e-09
7600.04800076804 4.140172784524829e-09
7650.04800076804 4.4086778720926515e-09
7700.04800076804 3.1784564902964463e-09
7750.04800076804 1.5933672334284772e-09
7800.04800076804 4.863745304644203e-09
7850.04800076804 5.21691378759444e-09
7900.04800076804 5.629045554143898e-09
7950.04800076804 6.097557532532196e-09
8000.04800076804 6.285316060256811e-09
8050.04800076804 6.41274643630829e-09
8100.04800076804 4.5855622529478566e-09
8150.04800076804 3.755498613435334e-09
8200.04800076804 5.653278118794127e-09
8250.04800076804 5.322031826302844e-09
8300.04800076804 5.786954524966219e-09
8350.04800076804 5.7320700541544506e-09
8400.04800076804 6.0325203339961995e-09
8450.04800076804 7.168567499280779e-09
8500.04800076804 8.110559749202085e-09
8550.04800076804 9.244104514528898e-09
8600.04800076804 1.052821920504437e-08
8650.04800076804 1.1362095480729355e-08
8700.04800076804 1.1455020417650228e-08
8750.04800076804 1.2118400623972991e-08
8800.04800076804 1.1820659135555782e-08
8850.04800076804 9.248571884181782e-09
8900.04800076804 3.026657418008868e-09
8950.04800076804 2.3668763323380198e-09
9000.04800076804 2.17050613044487e-09
9050.04800076804 5.838868926568234e-09
9100.04800076804 6.2238914703687495e-09
9150.04800076804 5.472361613252398e-09
9200.04800076804 7.179791912522698e-09
9250.04800076804 4.89079624957181e-09
9300.04800076804 1.821665497427986e-10
9350.04800076804 3.1074346443744153e-10
9400.04800076804 1.1811151750585971e-09
9450.04800076804 1.0571308238359545e-09
9500.04800076804 7.921492801477701e-10
9550.04800076804 8.280701338430866e-10
9600.04800076804 8.116584678836039e-10
9650.04800076804 1.3025342459352872e-09
9700.04800076804 2.631816240115413e-09
9750.04800076804 2.561862565701815e-09
9800.04800076804 3.2241673569725027e-09
9850.04800076804 3.988896103358785e-09
9900.04800076804 5.698260889670647e-09
9950.04800076804 6.0731545095812476e-09
10000.04800076804 8.127605057089863e-09
10050.04800076804 8.686735535671147e-09
10100.04800076804 1.0715975901021238e-08
10150.04800076804 1.1963966322939407e-08
10200.04800076804 1.3313180632069686e-08
10250.04800076804 1.526260146304449e-08
10300.04800076804 1.7595490371053053e-08
10350.04800076804 1.845060750239286e-08
10400.04800076804 2.1668620166728935e-08
10450.04800076804 2.339640642422803e-08
10500.04800076804 2.456238311207962e-08
10550.04800076804 2.5729889039911283e-08
10600.04800076804 2.5196335868103693e-08
10650.04800076804 2.4713660677806408e-08
10700.04800076804 2.291213480951273e-08
10750.04800076804 2.2170408025119877e-08
10800.04800076804 2.0230524914628656e-08
10850.04800076804 1.7726563785593472e-08
10900.04800076804 1.2577204759459344e-08
10950.04800076804 5.709751325539876e-09
11000.04800076804 3.1001408969832e-09
11050.04800076804 1.484141123420719e-09
11100.04800076804 7.484085768112673e-10
11150.04800076804 3.1421706216170073e-10
11200.04800076804 2.530929241200159e-10
11250.04800076804 3.4967241484755113e-10
11300.04800076804 4.720581743995177e-10
11350.04800076804 1.481837666547812e-10
11400.04800076804 6.537587593929717e-10
11450.04800076804 3.7417966186317726e-10
11500.04800076804 3.5854323678120836e-10
11550.04800076804 1.0591516049415436e-10
11600.04800076804 7.146515959667372e-11
11650.04800076804 2.2689946125585767e-10
11700.04800076804 2.99159755987314e-10
11750.04800076804 9.594572055734985e-11
11800.04800076804 5.040107875170797e-10
11850.04800076804 8.959308795864841e-10
11900.04800076804 1.169673398272891e-09
11950.04800076804 2.037620098215087e-09
12000.04800076804 3.2436319822033263e-09
12050.04800076804 4.937600741444111e-09
12100.04800076804 6.893361064593052e-09
12150.04800076804 9.318185122969413e-09
12200.04800076804 1.1382576453091397e-08
12250.04800076804 1.4518521251988704e-08
12300.04800076804 1.8581188283501044e-08
12350.04800076804 1.9876650972540146e-08
12400.04800076804 2.5545230730587412e-08
12450.04800076804 3.064868612001211e-08
12500.04800076804 3.396604933471308e-08
12550.04800076804 3.749665925264963e-08
12600.04800076804 3.9951277467695334e-08
12650.04800076804 4.0191291937764876e-08
12700.04800076804 3.9943477794766e-08
12750.04800076804 3.4169077870949486e-08
12800.04800076804 3.039488179832403e-08
12850.04800076804 2.227258627721934e-08
12900.04800076804 1.7497926998576666e-08
12950.04800076804 1.4265097907597315e-08
13000.04800076804 1.5432516340848213e-08
13050.04800076804 1.0918064995392399e-08
13100.04800076804 1.0338644069736269e-08
13150.04800076804 7.102122760878643e-09
13200.04800076804 6.950529275449374e-09
13250.04800076804 4.580669335846886e-09
13300.04800076804 1.675353480511496e-09
13350.04800076804 4.953454540808989e-10
13400.04800076804 1.4596792488967618e-10
13450.04800076804 4.300730948273684e-11
13500.04800076804 1.4591134971639774e-11
13550.04800076804 5.0913759548050685e-12
13600.04800076804 1.219488617289096e-12
13650.04800076804 1.0051461647502434e-11
13700.04800076804 5.222356302045654e-12
13750.04800076804 1.6592003285327148e-11
13800.04800076804 1.6846593494824218e-11
13850.04800076804 6.7626761047441544e-12
13900.04800076804 1.052630389009221e-11
13950.04800076804 9.66897805149215e-12
14000.04800076804 1.1001590072169356e-11
14050.04800076804 1.9810059384461357e-11
14100.04800076804 1.6608134363289124e-11
14150.04800076804 3.596064347171435e-11
14200.04800076804 2.1981111147558045e-11
14250.04800076804 3.1343427735282713e-11
14300.04800076804 1.0921011299995741e-10
14350.04800076804 8.588697991242757e-11
14400.04800076804 9.27188457606368e-11
14450.04800076804 1.614115892004816e-10
14500.04800076804 3.8013761775524103e-10
14550.04800076804 4.134353754940867e-10
14600.04800076804 7.931500792495991e-10
14650.04800076804 6.635467007627184e-10
14700.04800076804 3.592768981418317e-10
14750.04800076804 5.086997784106864e-10
14800.04800076804 6.399475236474177e-10
14850.04800076804 6.413523837992977e-10
14900.04800076804 8.040414739636848e-10
14950.04800076804 1.0339974622355489e-09
15000.04800076804 1.7053573707845271e-09
15050.04800076804 1.791897479241789e-09
15100.04800076804 1.9234794953946656e-09
15150.04800076804 1.7809550479232482e-09
15200.04800076804 2.4377085567437837e-09
15250.04800076804 4.065041131739607e-09
15300.04800076804 4.91086237268638e-09
15350.04800076804 6.537370019742239e-09
15400.04800076804 7.796169562339618e-09
15450.04800076804 9.173574202846926e-09
15500.04800076804 1.0379947718994624e-08
15550.04800076804 1.3177899887581716e-08
15600.04800076804 1.5125544942046194e-08
15650.04800076804 1.7097938707840372e-08
15700.04800076804 2.1038506236501865e-08
15750.04800076804 2.3237290424688415e-08
15800.04800076804 2.4199016081217283e-08
15850.04800076804 2.61625000440016e-08
15900.04800076804 2.3594724827074715e-08
15950.04800076804 2.2273392950223033e-08
16000.04800076804 1.7420819889623997e-08
16050.04800076804 1.1128516676330466e-08
16100.04800076804 7.08151920816746e-09
16150.04800076804 3.838845270114062e-09
16200.04800076804 2.009413835216568e-09
16250.04800076804 1.4868005937312852e-09
16300.04800076804 9.864185712603276e-10
16350.04800076804 1.208591064239804e-09
16400.04800076804 1.4789446982290695e-09
16450.04800076804 1.439879142668185e-09
16500.04800076804 1.4298033295713508e-09
16550.04800076804 1.406481235033393e-09
16600.04800076804 2.061202596424233e-09
16650.04800076804 1.4742502172193996e-09
16700.04800076804 2.169752106428269e-10
16750.04800076804 7.947803544754707e-10
16800.04800076804 1.2855365195430494e-09
16850.04800076804 1.3072729848771768e-09
16900.04800076804 7.058045227171845e-10
16950.04800076804 5.1468613843549e-10
17000.04800076804 2.8137142331660196e-10
17050.04800076804 4.971673532381213e-10
17100.04800076804 7.950601076244591e-10
17150.04800076804 4.4483187940826027e-10
17200.04800076804 1.3517111834371749e-09
17250.04800076804 7.103651614557669e-10
17300.04800076804 4.544485961819314e-10
17350.04800076804 5.489437197082341e-10
17400.04800076804 8.026340449772777e-10
17450.04800076804 1.023015516336304e-09
17500.04800076804 1.3568875026135269e-09
17550.04800076804 1.0661203749079904e-09
17600.04800076804 7.924221538450075e-10
17650.04800076804 6.384837929356063e-10
17700.04800076804 5.307540795143261e-10
17750.04800076804 4.314735277733341e-10
17800.04800076804 7.625201415071156e-10
17850.04800076804 4.082356103271933e-10
17900.04800076804 3.36942355256447e-10
17950.04800076804 1.963591403431378e-10
18000.04800076804 3.296431220341633e-10
18050.04800076804 2.203332080097969e-10
18100.04800076804 2.2563202945208262e-10
18150.04800076804 2.348892636109258e-10
18200.04800076804 1.2367478357139388e-10
18250.04800076804 4.909055745659716e-10
18300.04800076804 1.0974937026403811e-10
18350.04800076804 8.709471956290378e-11
18400.04800076804 5.7759841419303754e-11
18450.04800076804 2.826254164640451e-10
18500.04800076804 2.786438684907888e-10
18550.04800076804 1.494220222184096e-10
18600.04800076804 1.9512740293563858e-10
18650.04800076804 1.1339716196991129e-10
18700.04800076804 3.856222541030584e-11
18750.04800076804 8.48615217869e-11
18800.04800076804 5.667134172146577e-10
18850.04800076804 4.788773255312009e-10
18900.04800076804 4.3159150670750157e-10
18950.04800076804 8.787105661747298e-10
19000.04800076804 2.4566049814799716e-10
19050.04800076804 1.3690334514132138e-10
19100.04800076804 3.9177911740279073e-10
19150.04800076804 1.7171048157510614e-10
19200.04800076804 3.7397399547879495e-10
19250.04800076804 2.588577734949934e-10
19300.04800076804 1.6008989759098707e-10
19350.04800076804 2.0865543527722246e-10
19400.04800076804 1.4486167280681784e-10
19450.04800076804 3.111874578788203e-10
19500.04800076804 2.6696595785813756e-10
19550.04800076804 2.5469866466266567e-10
19600.04800076804 4.2826930445122115e-10
19650.04800076804 4.976573436079196e-10
19700.04800076804 5.459465685563858e-10
19750.04800076804 7.989944355843805e-10
19800.04800076804 7.908784894164316e-10
19850.04800076804 1.051750312032756e-09
19900.04800076804 1.0672966308333895e-09
19950.04800076804 1.5105437306916474e-09
20000.04800076804 1.5250174048665111e-09
20050.04800076804 1.4631542432532851e-09
20100.04800076804 2.0428099262716015e-09
20150.04800076804 1.495481199801923e-09
20200.04800076804 1.5218246520394232e-09
20250.04800076804 2.1009314035534746e-09
20300.04800076804 2.0442151650895978e-09
20350.04800076804 2.3292540065915012e-09
20400.04800076804 2.0396514492573127e-09
20450.04800076804 2.751886429886318e-09
20500.04800076804 2.808835902941344e-09
20550.04800076804 2.8551794739336487e-09
20600.04800076804 2.9999765881713528e-09
20650.04800076804 3.0389964669407715e-09
20700.04800076804 2.9667866173886393e-09
20750.04800076804 3.131772502894054e-09
20800.04800076804 2.9575125286194822e-09
20850.04800076804 3.0695196989540358e-09
20900.04800076804 3.065694894822349e-09
20950.04800076804 2.922359706400291e-09
21000.04800076804 2.8603002906154137e-09
21050.04800076804 2.792599943587898e-09
21100.04800076804 2.695383310786012e-09
21150.04800076804 2.6640861448685128e-09
21200.04800076804 2.518572565693988e-09
21250.04800076804 2.403416888488259e-09
21300.04800076804 2.170677119445311e-09
21350.04800076804 2.128424819066297e-09
21400.04800076804 2.0864815150743286e-09
21450.04800076804 1.7561128730822497e-09
21500.04800076804 1.774137956615737e-09
21550.04800076804 1.6851945647866031e-09
21600.04800076804 1.5228384719198257e-09
21650.04800076804 1.3164403441854993e-09
21700.04800076804 1.3634480334111946e-09
21750.04800076804 1.406983048966058e-09
21800.04800076804 1.1989829933342873e-09
21850.04800076804 1.059714573586885e-09
21900.04800076804 8.988508265652262e-10
21950.04800076804 3.6087234580211587e-10
22000.04800076804 6.780958038834954e-11
22050.04800076804 1.047067687366169e-10
22100.04800076804 3.638249797848382e-10
22150.04800076804 3.184257001040829e-10
22200.04800076804 2.591413335345546e-10
22250.04800076804 2.5581301575330114e-10
22300.04800076804 1.3588154423203206e-10
22350.04800076804 1.6911230670618774e-10
22400.04800076804 8.134570237965338e-11
22450.04800076804 8.455085564097767e-11
22500.04800076804 8.902167129965832e-11
22550.04800076804 4.4423237440352715e-11
22600.04800076804 5.927863481771358e-11
22650.04800076804 1.0744661309749315e-10
22700.04800076804 6.102246038064479e-11
22750.04800076804 5.689138062638316e-11
22800.04800076804 7.751512035659427e-11
22850.04800076804 6.710361207535804e-11
22900.04800076804 3.613813679473608e-11
22950.04800076804 2.5780596814602548e-11
23000.04800076804 4.8621431737932576e-11
23050.04800076804 5.093251615284686e-11
23100.04800076804 2.382849112606459e-10
23150.04800076804 2.427220182544379e-10
23200.04800076804 1.3616174207401674e-11
23250.04800076804 3.581586822859814e-11
23300.04800076804 5.1896870852492474e-11
23350.04800076804 3.253766421682028e-11
23400.04800076804 5.500854522149119e-11
23450.04800076804 2.8704415186378495e-11
23500.04800076804 3.1590887368105666e-11
23550.04800076804 5.882556978567777e-11
23600.04800076804 9.48883097089146e-11
23650.04800076804 1.1282614328622367e-10
23700.04800076804 2.571264085932852e-11
23750.04800076804 2.7718823792204174e-11
