galfind/configs/Brown_Dwarf_templates/sonora_cholla/logkzz7/316g/600K_316g_logkzz7_resample.dat
# %ECSV 1.0
# ---
# datatype:
# - {name: wav, unit: Angstrom, datatype: float64}
# - {name: flux_nu, unit: erg / (cm2 Hz s), datatype: float64}
# schema: astropy-2.0
wav flux_nu
[from data line 1209]
63450.04800076804 1.9196040732048612e-09
63500.04800076804 1.125884271918888e-08
63550.04800076804 1.7426858414949545e-08
63600.04800076804 1.5668719426990476e-08
63650.04800076804 9.39804008204068e-09
63700.04800076804 2.3330715484247054e-09
63750.04800076804 7.252043497947334e-09
63800.04800076804 1.8972221479017395e-08
63850.04800076804 1.3596837533122142e-08
63900.04800076804 3.5304372057694967e-09
63950.04800076804 9.858587404826427e-09
64000.04800076804 1.3423448323377204e-08
64050.04800076804 4.587461577066939e-09
64100.04800076804 8.894214595228496e-10
64150.04800076804 1.4092053690438896e-09
64200.04800076804 1.8195205480192754e-09
64250.04800076804 6.740983067615282e-09
64300.04800076804 5.487616778979528e-09
64350.04800076804 3.553978131936127e-09
64400.04800076804 1.1020325308995248e-08
64450.04800076804 1.2365272999104166e-08
64500.04800076804 4.592688558625093e-09
64550.04800076804 1.0629013065791229e-08
64600.04800076804 6.475087414494158e-09
64650.04800076804 9.368214457224309e-09
64700.04800076804 2.775170663415414e-09
64750.04800076804 4.858250396108604e-09
64800.04800076804 2.538689534161914e-09
64850.04800076804 1.646175211238338e-09
64900.04800076804 1.5916827396144764e-09
64950.04800076804 1.272926881300321e-09
65000.04800076804 2.608975607388506e-09
65050.04800076804 5.764089503276302e-09
65100.04800076804 8.619336033972616e-09
65150.04800076804 3.6999986491687447e-09
65200.04800076804 1.3203943040948306e-09
65250.04800076804 5.1577555254060464e-09
65300.04800076804 6.423181672864626e-09
65350.04800076804 1.712455613206496e-08
65400.04800076804 6.011091506345427e-09
65450.04800076804 5.987417420688389e-09
65500.04800076804 7.2794080985790414e-09
65550.04800076805 2.6416596972976548e-09
65600.04800076805 6.969077018196754e-09
65650.04800076805 3.812077437010305e-09
65700.04800076805 3.515413924863149e-09
65750.04800076805 2.3437209107525375e-09
65800.04800076805 6.1137795312860795e-09
65850.04800076805 9.142200250900916e-09
65900.04800076805 1.909243365457784e-09
65950.04800076805 4.186285605367865e-09
66000.04800076805 5.411463458860504e-09
66050.04800076805 1.2755519624087768e-08
66100.04800076805 6.6122326671364315e-09
66150.04800076805 6.1877164121134516e-09
66200.04800076805 5.8230180609561845e-09
66250.04800076805 3.151393029433475e-09
66300.04800076805 1.121140541646501e-09
66350.04800076805 8.232430839834497e-10
66400.04800076805 1.8460420238180753e-09
66450.04800076805 7.011095321582368e-09
66500.04800076805 1.1375549380647166e-08
66550.04800076805 1.1689018467694228e-08
66600.04800076805 9.021619900520317e-09
66650.04800076805 6.055760096891048e-09
66700.04800076805 3.861659664537741e-09
66750.04800076805 4.422712759601803e-09
66800.04800076805 5.209875652591694e-09
66850.04800076805 3.2526897185800285e-09
66900.04800076805 1.3573827511642343e-08
66950.04800076805 1.2492410102384282e-08
67000.04800076805 1.4702802138988932e-08
67050.04800076805 7.67420574953304e-09
67100.04800076805 3.873720744672857e-09
67150.04800076805 5.398151107625441e-09
67200.04800076805 8.667251628898003e-09
67250.04800076805 7.662741142321726e-09
67300.04800076805 1.4342860801878137e-08
67350.04800076805 6.133400948906446e-09
67400.04800076805 1.572580349998481e-08
67450.04800076805 9.092558613157327e-09
67500.04800076805 8.318626626222744e-09
67550.04800076805 1.9147881250915874e-08
67600.04800076805 3.081954283552756e-08
67650.04800076805 2.1835517298068524e-08
67700.04800076805 1.1294768844519136e-08
67750.04800076805 6.282140554712654e-09
67800.04800076805 9.919842238738784e-09
67850.04800076805 3.865248430168012e-09
67900.04800076805 4.872205794071848e-09
67950.04800076805 3.92892090075854e-09
68000.04800076805 1.015699996799521e-08
68050.04800076805 1.2783083967559804e-08
68100.04800076805 2.1029330547540204e-08
68150.04800076805 1.7246982507370015e-08
68200.04800076805 1.1925252113033761e-08
68250.04800076805 2.1687691447197793e-09
68300.04800076805 1.2653638786742666e-08
68350.04800076805 1.4281643663523071e-08
68400.04800076805 2.4237395414674506e-08
68450.04800076805 1.909996651481496e-08
68500.04800076805 1.0618972733856152e-08
68550.04800076805 3.801505274750725e-09
68600.04800076805 3.90686884538128e-09
68650.04800076805 1.7675713789520865e-09
68700.04800076805 5.6127986166239355e-09
68750.04800076805 1.083715997234925e-08
68800.04800076805 1.2604598948652438e-08
68850.04800076805 4.84391012747123e-09
68900.04800076805 2.0801757537924488e-08
68950.04800076805 2.1973775714184525e-08
69000.04800076805 1.3716224586441802e-08
69050.04800076805 5.9968422919812186e-09
69100.04800076805 1.7567431756414136e-08
69150.04800076805 2.6974131927634286e-08
69200.04800076805 2.03267550613066e-08
69250.04800076805 2.7760852529355926e-08
69300.04800076805 1.5307023591438072e-08
69350.04800076805 3.158664867840459e-08
69400.04800076805 1.0297017474308075e-08
69450.04800076805 2.7472267763188685e-08
69500.04800076805 1.2512896483708398e-08
69550.04800076805 8.923204574130918e-09
69600.04800076805 2.0374319088582878e-09
69650.04800076805 9.110196981949948e-09
69700.04800076805 1.8243717265105193e-08
69750.04800076805 1.091304302244088e-08
69800.04800076805 1.9519542810524545e-08
69850.04800076805 2.025397836404821e-08
69900.04800076805 1.2418143067840058e-08
69950.04800076805 1.174589470345074e-08
70000.04800076805 1.3321772244506605e-08
70050.04800076805 2.7122986128128503e-08
70100.04800076805 1.993094546103689e-08
70150.04800076805 1.4880014067530856e-08
70200.04800076805 9.419150539991861e-09
70250.04800076805 1.2898491893537453e-08
70300.04800076805 2.595524380388157e-08
70350.04800076805 1.9086352595163905e-08
70400.04800076805 8.708803378971448e-09
70450.04800076805 1.1760194690768867e-09
70500.04800076805 7.24566002581121e-09
70550.04800076805 7.208303698130787e-09
70600.04800076805 7.621981815537055e-09
70650.04800076805 2.1067302028740327e-08
70700.04800076805 2.231543308446424e-08
70750.04800076805 3.452497463120563e-08
70800.04800076805 1.4348509057969842e-08
70850.04800076805 1.4956216011952887e-08
70900.04800076805 1.8932712534818564e-08
70950.04800076805 2.6317748644757565e-08
71000.04800076805 2.38510978637835e-08
71050.04800076805 2.4463415833682413e-08
71100.04800076805 1.829834125583934e-08
71150.04800076805 1.119384864855576e-08
71200.04800076805 1.0392852901317343e-08
71250.04800076805 1.9200510814869502e-08
71300.04800076805 2.616796341066724e-08
71350.04800076805 2.6952978136830718e-08
71400.04800076805 1.956513181819595e-08
71450.04800076805 6.995745910959148e-09
71500.04800076805 8.66378247828539e-09
71550.04800076805 1.1365144684022829e-08
71600.04800076805 1.3493482910735587e-08
71650.04800076805 7.985181773101135e-09
71700.04800076805 5.523217492329743e-09
71750.04800076805 1.3957786075010415e-08
71800.04800076805 2.1803202047263547e-08
71850.04800076805 2.0721817361063722e-08
71900.04800076805 1.0076508406344065e-08
71950.04800076805 1.6106896952690245e-08
72000.04800076805 1.4137188794914689e-08
72050.04800076805 6.239593860415064e-09
72100.04800076805 8.170654279641027e-09
72150.04800076805 9.586689206597801e-09
72200.04800076805 1.5872308572190284e-08
72250.04800076805 2.403771011489066e-08
72300.04800076805 1.3634383780540548e-08
72350.04800076805 1.681686489100143e-08
72400.04800076805 1.5146661663667372e-08
72450.04800076805 1.1347111697982933e-08
72500.04800076805 1.6148590664261038e-08
72550.04800076805 5.379948045647186e-09
72600.04800076805 1.063513589645961e-08
72650.04800076805 1.994674599687884e-08
72700.04800076805 1.066299840101587e-08
72750.04800076805 1.1193332530708751e-08
72800.04800076805 6.247500415016319e-09
72850.04800076805 9.42965216418392e-09
72900.04800076805 2.1183751284721205e-08
72950.04800076805 1.1844767653489426e-08
73000.04800076805 1.2598484516431488e-08
73050.04800076805 5.830788024992283e-09
73100.04800076805 8.311702761669772e-09
73150.04800076805 2.091780413967511e-08
73200.04800076805 7.553763946427324e-09
73250.04800076805 1.0184498345549295e-08
73300.04800076805 7.146041784327739e-09
73350.04800076805 4.7021408158026205e-09
73400.04800076805 9.916444478114562e-09
73450.04800076805 5.310473158628704e-09
73500.04800076805 4.5969746275543845e-09
73550.04800076805 8.533904073812459e-09
73600.04800076805 9.006157140246764e-09
73650.04800076805 9.430150583949243e-09
73700.04800076805 8.719372888055841e-09
73750.04800076805 2.59556532727006e-09
73800.04800076805 7.802868796630541e-09
73850.04800076805 1.2004060780327899e-08
73900.04800076805 5.6482173231371195e-09
73950.04800076805 6.373195323533804e-09
74000.04800076805 2.776066134848956e-09
74050.04800076805 1.3496959997962512e-08
74100.04800076805 9.20282104218989e-09
74150.04800076805 9.453718525608969e-09
74200.04800076805 4.530351083876257e-09
74250.04800076805 7.643192271180855e-10
74300.04800076805 9.00574812311911e-09
74350.04800076805 1.3420265323881678e-08
74400.04800076805 1.2315153985999155e-08
74450.04800076805 4.29639866025643e-09
74500.04800076805 2.2036381499606534e-09
74550.04800076805 5.71670171946493e-09
74600.04800076805 7.581680150238878e-09
74650.04800076805 7.819784344876221e-09
74700.04800076805 5.0683991176526804e-09
74750.04800076805 2.788764166305917e-09
74800.04800076805 4.2465822789970975e-09
74850.04800076805 7.762179323159154e-09
74900.04800076805 1.2321399755212807e-08
74950.04800076805 1.1357418346185993e-08
75000.04800076805 4.71310692122117e-09
75050.04800076805 8.674584785180025e-10
75100.04800076805 1.059886547628445e-08
75150.04800076805 1.4050695178301832e-08
75200.04800076805 1.449840665437273e-08
75250.04800076805 1.404684223734423e-08
75300.04800076805 9.810779587553604e-09
75350.04800076805 2.5371522392337864e-09
75400.04800076805 1.5090359690771065e-08
75450.04800076805 1.4812839779130718e-08
75500.04800076805 1.4178770458796882e-08
75550.04800076805 1.2153227844646066e-08
75600.04800076805 1.4852559983045791e-08
75650.04800076805 7.891973901860402e-09
75700.04800076805 1.724848925741296e-08
75750.04800076805 8.694691766444756e-09
75800.04800076805 1.35130911135048e-08
75850.04800076805 1.560195033408172e-08
75900.04800076805 1.6209221361975342e-08
75950.04800076805 7.144818226294154e-09
76000.04800076805 1.9243026190193536e-08
76050.04800076805 1.766552737668682e-08
76100.04800076805 1.5373012355236524e-08
76150.04800076805 1.734608404522598e-08
76200.04800076805 1.478106191668225e-08
76250.04800076805 8.321783849665746e-09
76300.04800076805 2.490910071686269e-08
76350.04800076805 2.8174248145860855e-08
76400.04800076805 2.198995723773263e-08
76450.04800076805 1.6322344686123103e-08
76500.04800076805 1.0924797691571427e-08
76550.04800076805 3.7295806647964675e-09
76600.04800076805 7.236129574873966e-10
76650.04800076805 7.785545647069882e-10
76700.04800076805 1.3683245405710138e-09
76750.04800076805 1.5808242162779487e-09
76800.04800076805 3.5827162158083536e-09
76850.04800076805 1.5087522585745684e-09
76900.04800076805 1.2948519459190663e-09
76950.04800076805 4.071387913944458e-09
77000.04800076805 7.1095867020108705e-09
77050.04800076805 1.2961920450458313e-09
77100.04800076805 1.511497706192027e-09
77150.04800076805 8.291159962709298e-09
77200.04800076805 4.4141479246701455e-09
77250.04800076805 3.2026966016895014e-09
77300.04800076805 7.147088358059054e-09
77350.04800076805 3.201837583708266e-09
77400.04800076805 3.6192324082597153e-09
77450.04800076805 1.0217406768774252e-08
77500.04800076805 7.063331038802945e-09
77550.04800076805 5.188201281332471e-09
77600.04800076805 2.679640821147537e-09
77650.04800076805 3.74101998961908e-09
77700.04800076805 3.280599699834784e-09
77750.04800076805 1.011379922718423e-08
77800.04800076805 1.0416573964658073e-08
77850.04800076805 1.9173743571099608e-08
77900.04800076805 8.129575238209353e-09
77950.04800076805 1.5909317617646953e-09
78000.04800076805 5.911850702827494e-09
78050.04800076805 7.453263799430842e-09
78100.04800076805 8.601635151276998e-09
78150.04800076805 1.57684794402328e-08
78200.04800076805 1.7330590909387446e-08
78250.04800076805 1.4515088758927316e-08
78300.04800076805 5.518795732526449e-09
78350.04800076805 1.1842983515717841e-08
78400.04800076805 4.218385592784817e-09
78450.04800076805 1.0997668163923196e-08
78500.04800076805 1.7995065186014468e-08
78550.04800076805 2.3724878453604943e-08
78600.04800076805 1.6355808323255185e-08
78650.04800076805 1.8119475737397694e-09
78700.04800076805 4.280853855508602e-09
78750.04800076805 8.065653624955728e-09
78800.04800076805 7.646933560869643e-09
78850.04800076805 2.560702280173973e-09
78900.04800076805 8.66690578792095e-09
78950.04800076805 1.403990893432514e-08
79000.04800076805 1.0583930037922131e-08
79050.04800076805 7.600281992492002e-09
79100.04800076805 1.029027445472638e-08
79150.04800076805 8.30366644880034e-09
79200.04800076805 1.0867655904231707e-08
79250.04800076805 5.185906753441085e-09
79300.04800076805 5.518617887578624e-09
79350.04800076805 8.622988352643118e-09
79400.04800076805 4.588120817978431e-09
79450.04800076805 1.6198171476068454e-08
79500.04800076805 2.286437372516147e-08
79550.04800076805 1.684889110344621e-08
79600.04800076805 7.931200199371544e-09
79650.04800076805 1.4064952360491437e-08
79700.04800076805 1.0941847907096597e-08
79750.04800076805 1.0541886498878272e-08
79800.04800076805 5.508199049281208e-09
79850.04800076805 1.3301804567984751e-08
79900.04800076805 2.5117057640176643e-08
79950.04800076805 2.407417791102568e-08
