galfind/configs/Brown_Dwarf_templates/sonora_cholla/logkzz7/316g/650K_316g_logkzz7_resample.dat
# %ECSV 1.0
# ---
# datatype:
# - {name: wav, unit: Angstrom, datatype: float64}
# - {name: flux_nu, unit: erg / (cm2 Hz s), datatype: float64}
# schema: astropy-2.0
wav flux_nu
[from data line 813]
43650.04800076804 9.291891266897283e-08
43700.04800076804 1.8763668671733066e-07
43750.04800076804 1.8134219365730969e-07
43800.04800076804 1.3902281364324222e-07
43850.04800076804 1.3854800095087586e-07
43900.04800076804 1.201972808877322e-07
43950.04800076804 8.559503456985837e-08
44000.04800076804 6.461288924857757e-08
44050.04800076804 1.1961612135162507e-07
44100.04800076804 1.3919434428552072e-07
44150.04800076804 1.2861842542894e-07
44200.04800076804 1.1380120131091202e-07
44250.04800076804 8.024593782468701e-08
44300.04800076804 7.070959141602322e-08
44350.04800076804 6.517291130094421e-08
44400.04800076804 6.384646083627722e-08
44450.04800076804 6.997967956018513e-08
44500.04800076804 5.630514984958381e-08
44550.04800076804 6.467160199423635e-08
44600.04800076804 4.6772999471592086e-08
44650.04800076804 5.425247184821275e-08
44700.04800076804 4.419816061869961e-08
44750.04800076804 4.6982786859092806e-08
44800.04800076804 3.8511853841955266e-08
44850.04800076804 3.680907069040338e-08
44900.04800076804 2.820557825607861e-08
44950.04800076804 2.4128030589073373e-08
45000.04800076804 2.5239389213148238e-08
45050.04800076804 2.618985158895517e-08
45100.04800076804 2.5258859570415677e-08
45150.04800076804 1.967038708786384e-08
45200.04800076804 1.2757015500254892e-08
45250.04800076804 1.4106851873385716e-08
45300.04800076804 1.752289891081292e-08
45350.04800076804 1.5391265742854102e-08
45400.04800076804 1.1582158386201898e-08
45450.04800076804 1.0107606696375423e-08
45500.04800076804 1.2287495862128778e-08
45550.04800076804 1.374409589702568e-08
45600.04800076804 8.690478320488498e-09
45650.04800076804 8.818364821878405e-09
45700.04800076804 1.2711201452666115e-08
45750.04800076804 9.59220940283231e-09
45800.04800076804 6.705611441818025e-09
45850.04800076804 1.2029238936476306e-08
45900.04800076804 1.1733229586992435e-08
45950.04800076804 6.3722857048904845e-09
46000.04800076804 1.0895254518410353e-08
46050.04800076804 1.2483517558146249e-08
46100.04800076804 6.515898156513152e-09
46150.04800076804 1.3293644627581394e-08
46200.04800076804 1.2461597158013622e-08
46250.04800076804 5.365642536740447e-09
46300.04800076804 1.6468978973611675e-08
46350.04800076804 1.0509821351250836e-08
46400.04800076804 1.3105674436393777e-08
46450.04800076804 2.223769959207871e-08
46500.04800076804 1.3045910269566205e-08
46550.04800076804 2.5839465130985443e-08
46600.04800076804 2.569468664859915e-08
46650.04800076804 5.7457037201639335e-08
46700.04800076804 3.7673628790229446e-08
46750.04800076804 2.046371172301153e-08
46800.04800076804 1.3388937258275921e-08
46850.04800076804 2.0988720090328067e-08
46900.04800076804 1.6689310038653076e-08
46950.04800076804 2.8882586808704106e-08
47000.04800076804 9.912674866781313e-09
47050.04800076804 2.6403195359589068e-08
47100.04800076804 8.865323009350331e-09
47150.04800076804 1.4189773469046867e-08
47200.04800076804 1.5910462258263227e-08
47250.04800076804 9.437378535724746e-09
47300.04800076804 1.3599279356792846e-08
47350.04800076804 8.521567230893829e-09
47400.04800076804 2.1047178672381447e-08
47450.04800076804 7.364077812546054e-09
47500.04800076804 2.4679218327585528e-08
47550.04800076804 8.680420501119421e-09
47600.04800076804 2.3369261489516738e-08
47650.04800076804 1.0138260360595466e-08
47700.04800076804 2.3094775334379518e-08
47750.04800076804 9.632780273113858e-09
47800.04800076804 2.130013948732307e-08
47850.04800076804 1.0032386490011472e-08
47900.04800076804 1.6991459898683475e-08
47950.04800076804 1.367536859190747e-08
48000.04800076804 3.048722685125741e-08
48050.04800076804 1.7954925783860244e-08
48100.04800076804 2.6910604719487105e-08
48150.04800076804 2.0051233404797112e-08
48200.04800076804 3.1959878423309365e-08
48250.04800076804 2.115888247107491e-08
48300.04800076804 4.234834601131338e-08
48350.04800076804 2.038892753810002e-08
48400.04800076804 2.229127940306482e-08
48450.04800076804 1.8782951824980833e-08
48500.04800076804 3.9132298185397676e-08
48550.04800076804 1.8311252666037867e-08
48600.04800076804 4.268282881726125e-08
48650.04800076804 2.1703164147430298e-08
48700.04800076804 4.90598428509976e-08
48750.04800076804 2.5803703618062748e-08
48800.04800076804 5.060981329933373e-08
48850.04800076804 3.4447584298497235e-08
48900.04800076804 4.4397235770318744e-08
48950.04800076804 4.350093611298888e-08
49000.04800076804 3.272525884531438e-08
49050.04800076804 5.489150241542766e-08
49100.04800076804 3.836604905433978e-08
49150.04800076804 6.630716788453009e-08
49200.04800076804 3.6828451620775054e-08
49250.04800076804 7.562676900713942e-08
49300.04800076804 4.320421548069769e-08
49350.04800076804 4.10811063359845e-08
49400.04800076804 5.4299998448539186e-08
49450.04800076804 5.1814130751128825e-08
49500.04800076804 4.4471773773392935e-08
49550.04800076804 1.4359499844389301e-08
49600.04800076804 4.166240206745782e-08
49650.04800076804 4.907972522314162e-08
49700.04800076804 5.4765558995345114e-08
49750.04800076804 8.575547241450499e-08
49800.04800076804 4.0295763623383175e-08
49850.04800076804 1.049361496711637e-07
49900.04800076804 7.117261286836556e-08
49950.04800076804 8.603021745635065e-08
50000.04800076804 7.691687833009221e-08
50050.04800076804 8.19087148908483e-08
50100.04800076804 8.579353496780511e-08
50150.04800076804 3.463416241784313e-08
50200.04800076804 1.1542538516448294e-08
50250.04800076804 4.93394195840445e-08
50300.04800076804 3.6712161903111e-08
50350.04800076804 8.121868530900661e-08
50400.04800076804 7.679391957297777e-08
50450.04800076804 7.039122646816301e-08
50500.04800076804 1.0774353758320324e-07
50550.04800076804 9.315312533293337e-08
50600.04800076804 8.065466083797586e-08
50650.04800076804 9.00848636294499e-08
50700.04800076804 1.2417351520826902e-07
50750.04800076804 8.737198994966091e-08
50800.04800076804 3.2373802914119325e-08
50850.04800076804 2.0932826510424212e-08
50900.04800076804 9.04347380849779e-08
50950.04800076804 9.058032648249176e-08
51000.04800076804 6.878863620180619e-08
51050.04800076804 8.771870406386796e-08
51100.04800076804 3.0714354555485815e-08
51150.04800076804 4.5283342519755397e-08
51200.04800076804 1.1768249255381908e-07
51250.04800076804 8.243674537540494e-08
51300.04800076804 5.7643089113502634e-08
51350.04800076804 6.413050469797665e-08
51400.04800076804 2.605974549769754e-08
51450.04800076804 2.167534005475971e-08
51500.04800076804 1.8777683691631534e-08
51550.04800076804 5.7572690113549666e-08
51600.04800076804 4.954312373187799e-08
51650.04800076804 7.055178491278522e-08
51700.04800076804 6.943410716520213e-08
51750.04800076804 4.2196201382550967e-08
51800.04800076804 9.554727016030884e-08
51850.04800076804 7.823482139633037e-08
51900.04800076804 9.568400559178457e-08
51950.04800076804 5.647176115804908e-08
52000.04800076804 8.499698365784905e-09
52050.04800076804 3.14734012259359e-08
52100.04800076804 2.1655026698549067e-08
52150.04800076804 1.3116517445259875e-08
52200.04800076804 2.7556486996727553e-08
52250.04800076804 5.0920597493467357e-08
52300.04800076804 7.665354077148864e-08
52350.04800076804 2.527117831511471e-08
52400.04800076804 2.619175984371908e-08
52450.04800076804 7.588626979522091e-08
52500.04800076804 6.718719683475278e-08
52550.04800076804 6.632854767583817e-08
52600.04800076804 5.339625869464847e-08
52650.04800076804 5.490577340884743e-08
52700.04800076804 4.218661586599053e-08
52750.04800076804 2.1822661614526106e-08
52800.04800076804 3.046271299750224e-08
52850.04800076804 3.8900920166487224e-08
52900.04800076804 1.961019561878819e-08
52950.04800076804 2.866641212701074e-08
53000.04800076804 6.404552685672997e-08
53050.04800076804 1.9404577409634465e-08
53100.04800076804 7.227622262422698e-08
53150.04800076804 8.461160672698993e-08
53200.04800076804 3.176464859437647e-08
53250.04800076804 7.511632622828433e-08
53300.04800076804 7.875834991808951e-08
53350.04800076804 7.813256122002303e-08
53400.04800076804 5.516464481787517e-08
53450.04800076804 1.5352855536490766e-08
53500.04800076804 5.050507866192331e-09
53550.04800076804 1.0552691743572976e-08
53600.04800076804 3.458357924679001e-08
53650.04800076804 3.451479390980647e-08
53700.04800076804 2.848979631303637e-08
53750.04800076804 2.639028846190091e-08
53800.04800076804 2.556846797022717e-08
53850.04800076804 4.1481994802688356e-08
53900.04800076804 5.961790105161301e-08
53950.04800076804 6.41452015270854e-08
54000.04800076804 3.937889209688534e-08
54050.04800076804 4.313272866073124e-08
54100.04800076804 1.0581285535055655e-08
54150.04800076804 1.652610289665272e-08
54200.04800076804 3.629094696117419e-09
54250.04800076804 8.676563584506615e-09
54300.04800076804 2.2659031196054406e-08
54350.04800076804 3.3452636305081394e-08
54400.04800076804 2.787644740975438e-08
54450.04800076804 2.4980609500022635e-08
54500.04800076804 2.1676218022324716e-08
54550.04800076804 2.0888888359243537e-08
54600.04800076804 2.0624117657564698e-08
54650.04800076804 4.042125170135672e-09
54700.04800076804 2.3482598773002645e-08
54750.04800076804 2.2158290801601675e-08
54800.04800076804 1.2323703424236665e-08
54850.04800076804 1.9478675798475203e-08
54900.04800076804 3.384834592526968e-08
54950.04800076804 5.22477578216549e-08
55000.04800076804 1.5485394782693472e-08
55050.04800076804 2.621865944768949e-08
55100.04800076804 3.22860387658543e-08
55150.04800076804 1.7065234160931478e-08
55200.04800076804 1.342366522359898e-08
55250.04800076804 2.0389912865511134e-08
55300.04800076804 1.2927596489349507e-08
55350.04800076804 2.8052592242332962e-08
55400.04800076804 3.2124386220629306e-08
55450.04800076804 1.8734133753467478e-08
55500.04800076804 7.4180224344826264e-09
55550.04800076804 7.880053309159426e-09
55600.04800076804 1.347465494684208e-08
55650.04800076804 1.2142486727976564e-08
55700.04800076804 1.3141455955357193e-08
55750.04800076804 1.1568998810759782e-08
55800.04800076804 5.180974906415257e-09
55850.04800076804 7.950093089945299e-09
55900.04800076804 2.0819604000344683e-08
55950.04800076804 3.139088699331605e-08
56000.04800076804 1.1214764802178624e-08
56050.04800076804 1.4045500768180766e-08
56100.04800076804 2.15574871766955e-08
56150.04800076804 9.699229391764874e-09
56200.04800076804 1.4231093614309877e-08
56250.04800076804 2.542261649933329e-08
56300.04800076804 1.6232185493411282e-08
56350.04800076804 1.112295654397758e-08
56400.04800076804 3.974223090357181e-09
56450.04800076804 3.848647238794176e-09
56500.04800076804 1.2586047363696024e-08
56550.04800076804 5.319353432089046e-09
56600.04800076804 1.996875428106298e-08
56650.04800076804 2.3638737898383734e-08
56700.04800076804 1.7508160047877374e-08
56750.04800076804 5.579458727030141e-09
56800.04800076804 1.2980664033527107e-08
56850.04800076804 1.552644515145114e-08
56900.04800076804 8.685949244908695e-09
56950.04800076804 1.8483396175996414e-08
57000.04800076804 2.420711268229827e-08
57050.04800076804 1.0946309615808012e-08
57100.04800076804 3.4115801296602276e-09
57150.04800076804 6.289542325009348e-09
57200.04800076804 5.096416356865273e-09
57250.04800076804 7.634497843752707e-09
57300.04800076804 1.257454688558131e-08
57350.04800076804 5.823095725614603e-09
57400.04800076804 1.7088449423775846e-08
57450.04800076804 8.418560519214087e-09
57500.04800076804 8.001202633501442e-09
57550.04800076804 1.2185300644223595e-08
57600.04800076804 1.0799991352397974e-08
57650.04800076804 2.3318621135954703e-09
57700.04800076804 4.566016462523414e-09
57750.04800076804 8.931849853109947e-09
57800.04800076804 3.3882766180258024e-09
57850.04800076804 2.6930517239319444e-08
57900.04800076804 3.1567127249910736e-08
57950.04800076804 3.511232310849819e-08
58000.04800076804 9.946290755542333e-09
58050.04800076804 1.8130164198194487e-08
58100.04800076804 1.6848683406212834e-08
58150.04800076804 1.0272298513802028e-08
58200.04800076804 2.384349411876601e-09
58250.04800076804 4.312492590654048e-09
58300.04800076804 4.839689731065677e-09
58350.04800076804 6.241637180866565e-09
58400.04800076804 1.534273068163187e-08
58450.04800076804 1.7872083591040386e-08
58500.04800076804 1.8345560937880718e-08
58550.04800076804 1.4786527238305156e-08
58600.04800076804 5.555835276532319e-09
58650.04800076804 7.464443201628891e-09
58700.04800076804 1.0810989701645486e-08
58750.04800076804 8.713171672582429e-09
58800.04800076804 1.2714717290279908e-09
58850.04800076804 5.891786292066051e-09
58900.04800076804 8.272459430489425e-09
58950.04800076804 3.3637347768298056e-09
59000.04800076804 9.134838832131919e-09
59050.04800076804 1.5169868259162628e-08
59100.04800076804 1.4492036289577016e-08
59150.04800076804 1.0688086144919552e-08
59200.04800076804 1.2975762494943677e-08
59250.04800076804 1.3497188059665843e-08
59300.04800076804 1.0252530522485456e-08
59350.04800076804 1.8706822126280414e-09
59400.04800076804 2.2798056398637723e-09
59450.04800076804 1.1370147305086765e-08
59500.04800076804 6.030660195367119e-09
59550.04800076804 1.3761901589142506e-08
59600.04800076804 1.7825152084599776e-08
59650.04800076804 8.03250393582904e-09
59700.04800076804 5.337110140741932e-09
59750.04800076804 1.9865041455407955e-08
59800.04800076804 8.139214673547541e-09
59850.04800076804 1.1392758763791721e-08
59900.04800076804 3.6217585422235047e-09
59950.04800076804 1.0218464162937076e-08
60000.04800076804 2.3495683886174693e-08
60050.04800076804 2.4312069080687368e-08
60100.04800076804 1.699601720470331e-08
60150.04800076804 6.658402508737763e-09
60200.04800076804 1.532413465630575e-08
60250.04800076804 2.7652252790595935e-08
60300.04800076804 2.3071006295865102e-08
60350.04800076804 1.3275399741621819e-08
60400.04800076804 1.2274864186286896e-08
60450.04800076804 2.9111141389968964e-09
60500.04800076804 1.0060942788628407e-09
60550.04800076804 1.0007486501216349e-08
60600.04800076804 1.4953496306843718e-08
60650.04800076804 8.593027455853728e-09
60700.04800076804 5.8612114512350095e-09
60750.04800076804 2.805393583705422e-09
60800.04800076804 1.3543652588343335e-08
60850.04800076804 2.8568189608946556e-08
60900.04800076804 2.5527524111848142e-08
60950.04800076804 1.8219373995954858e-08
61000.04800076804 1.8532561018800366e-08
61050.04800076804 6.3924593159240964e-09
61100.04800076804 7.415034536945221e-09
61150.04800076804 2.3383947928206915e-09
61200.04800076804 1.3928843921588547e-08
61250.04800076804 1.9677410149361045e-08
61300.04800076804 1.712733408704267e-08
61350.04800076804 3.087157209489982e-08
61400.04800076804 9.911676362467304e-09
61450.04800076804 3.3879260995622667e-09
61500.04800076804 4.233292111410751e-09
61550.04800076804 1.109232030095954e-08
61600.04800076804 4.1625497912839145e-09
61650.04800076804 9.499377648291899e-09
61700.04800076804 1.1453733425468031e-08
61750.04800076804 1.313323279142261e-08
61800.04800076804 1.031883799585422e-08
61850.04800076804 3.3489358833527724e-09
61900.04800076804 1.8898690382282016e-08
61950.04800076804 2.4078660186916492e-08
62000.04800076804 2.5218585771070793e-08
62050.04800076804 3.0553764075041753e-08
62100.04800076804 1.5590193653663112e-08
62150.04800076804 2.582734682212424e-08
62200.04800076804 2.2949665162011607e-08
62250.04800076804 1.6293368412081407e-08
62300.04800076804 4.2345327945498616e-08
62350.04800076804 3.3334380441021384e-08
62400.04800076804 1.4810680712426144e-08
62450.04800076804 2.0581519566426365e-08
62500.04800076804 4.0181085387894296e-08
62550.04800076804 4.669544922225465e-08
62600.04800076804 3.67842634343689e-08
62650.04800076804 2.675669488080629e-08
62700.04800076804 2.044578994842064e-08
62750.04800076804 3.4161209924328616e-08
62800.04800076804 1.9777157761589736e-08
62850.04800076804 3.1048740372773766e-08
62900.04800076804 2.3890988642430612e-08
62950.04800076804 4.887249556086237e-08
63000.04800076804 2.9349789180443267e-08
63050.04800076804 6.529786460818549e-08
63100.04800076804 5.6408016813392534e-08
63150.04800076804 3.710948539677393e-08
63200.04800076804 3.6111928945480764e-08
63250.04800076804 3.8229395201092485e-08
63300.04800076804 2.6035188465143817e-08
63350.04800076804 2.2980860976217212e-08
