galfind/configs/Brown_Dwarf_templates/sonora_cholla/logkzz7/316g/650K_316g_logkzz7_resample.dat
# %ECSV 1.0
# ---
# datatype:
# - {name: wav, unit: Angstrom, datatype: float64}
# - {name: flux_nu, unit: erg / (cm2 Hz s), datatype: float64}
# schema: astropy-2.0
wav flux_nu
3000.0480007680403 nan
3050.0480007680403 0.0
3100.0480007680403 0.0
3150.0480007680403 0.0
3200.0480007680403 0.0
3250.0480007680403 0.0
3300.0480007680403 0.0
3350.0480007680403 0.0
3400.0480007680403 0.0
3450.0480007680403 0.0
3500.0480007680403 0.0
3550.0480007680403 0.0
3600.0480007680403 0.0
3650.0480007680403 0.0
3700.0480007680403 0.0
3750.0480007680403 0.0
3800.0480007680403 0.0
3850.0480007680403 0.0
3900.0480007680403 0.0
3950.0480007680403 0.0
4000.0480007680403 0.0
4050.0480007680403 0.0
4100.04800076804 0.0
4150.04800076804 0.0
4200.04800076804 0.0
4250.04800076804 0.0
4300.04800076804 0.0
4350.04800076804 0.0
4400.04800076804 0.0
4450.04800076804 0.0
4500.04800076804 0.0
4550.04800076804 0.0
4600.04800076804 0.0
4650.04800076804 0.0
4700.04800076804 0.0
4750.04800076804 0.0
4800.04800076804 0.0
4850.04800076804 0.0
4900.04800076804 0.0
4950.04800076804 0.0
5000.04800076804 1.0565660408527632e-11
5050.04800076804 2.7003488345710018e-11
5100.04800076804 3.064145201054526e-11
5150.04800076804 3.5234689676839434e-11
5200.04800076804 4.056714725852948e-11
5250.04800076804 4.541959053204714e-11
5300.04800076804 5.061175227156418e-11
5350.04800076804 5.5955586019255154e-11
5400.04800076804 6.064991377768183e-11
5450.04800076804 6.587866867973914e-11
5500.04800076804 7.132508833117614e-11
5550.04800076804 7.752867868927835e-11
5600.04800076804 8.316634426884871e-11
5650.04800076804 8.788868076309704e-11
5700.04800076804 8.983644486228684e-11
5750.04800076804 9.155447237530798e-11
5800.04800076804 8.752129834021677e-11
5850.04800076804 7.273769671588611e-11
5900.04800076804 2.2017457515563466e-11
5950.04800076804 3.883130451954277e-11
6000.04800076804 1.2087230513312999e-10
6050.04800076804 1.8506699455730213e-10
6100.04800076804 2.5045810680137404e-10
6150.04800076804 3.1993099343082937e-10
6200.04800076804 3.9576257418609934e-10
6250.04800076804 4.716891038263754e-10
6300.04800076804 5.634497245028704e-10
6350.04800076804 6.631266250692305e-10
6400.04800076804 7.570116771720751e-10
6450.04800076804 7.82481203501114e-10
6500.04800076804 8.766267138567049e-10
6550.04800076804 1.013272590192883e-09
6600.04800076804 1.1477850874279117e-09
6650.04800076804 1.318512756225292e-09
6700.04800076804 1.5386858557572955e-09
6750.04800076804 1.7424016063574389e-09
6800.04800076804 1.9425619032374163e-09
6850.04800076804 2.164478120822799e-09
6900.04800076804 2.0759236223789698e-09
6950.04800076804 1.955717642298939e-09
7000.04800076804 2.2656713420954353e-09
7050.04800076804 2.254603305981718e-09
7100.04800076804 2.374769457973689e-09
7150.04800076804 1.8691043573523145e-09
7200.04800076804 1.6449432466948453e-09
7250.04800076804 1.937668495336774e-09
7300.04800076804 2.0035345315484318e-09
7350.04800076804 2.28536191651997e-09
7400.04800076804 2.61502531232623e-09
7450.04800076804 3.091726883161708e-09
7500.04800076804 3.4240193596794576e-09
7550.04800076804 3.788786629083538e-09
7600.04800076804 4.141369708331722e-09
7650.04800076804 4.323574910572925e-09
7700.04800076804 2.8458000608271985e-09
7750.04800076804 1.3621797655298047e-09
7800.04800076804 4.502236001080823e-09
7850.04800076804 5.334351325781821e-09
7900.04800076804 6.133659678339096e-09
7950.04800076804 6.872686671412528e-09
8000.04800076804 7.093966736994673e-09
8050.04800076804 7.189729031268097e-09
8100.04800076804 5.169826714474516e-09
8150.04800076804 4.5091822111718825e-09
8200.04800076804 6.489678428496882e-09
8250.04800076804 6.236015728986474e-09
8300.04800076804 6.814855152615477e-09
8350.04800076804 6.840769333071366e-09
8400.04800076804 7.223155962773918e-09
8450.04800076804 8.483148139687307e-09
8500.04800076804 9.602278411722173e-09
8550.04800076804 1.0934439154243361e-08
8600.04800076804 1.2441658252827857e-08
8650.04800076804 1.3438264976141245e-08
8700.04800076804 1.3643243653602511e-08
8750.04800076804 1.4525316838422175e-08
8800.04800076804 1.4345760573854951e-08
8850.04800076804 1.1737295725323934e-08
8900.04800076804 4.765607107433771e-09
8950.04800076804 4.082854200040752e-09
9000.04800076804 3.747614686549827e-09
9050.04800076804 8.625893969819189e-09
9100.04800076804 9.23319878882646e-09
9150.04800076804 8.257654022926501e-09
9200.04800076804 1.0357345073239245e-08
9250.04800076804 7.562029887905527e-09
9300.04800076804 5.368354887978106e-10
9350.04800076804 8.383852312986331e-10
9400.04800076804 2.4722629190763743e-09
9450.04800076804 2.358342393806483e-09
9500.04800076804 1.8621941342801598e-09
9550.04800076804 1.9777169829385606e-09
9600.04800076804 1.9028175645264855e-09
9650.04800076804 2.770390202177574e-09
9700.04800076804 4.886720762077615e-09
9750.04800076804 4.850016968612021e-09
9800.04800076804 5.929099900469586e-09
9850.04800076804 7.150623661425777e-09
9900.04800076804 9.74294838994362e-09
9950.04800076804 1.0375584072460677e-08
10000.04800076804 1.3458201035288566e-08
10050.04800076804 1.459841697399407e-08
10100.04800076804 1.7839314369552113e-08
10150.04800076804 2.0292718643777652e-08
10200.04800076804 2.3034795072461463e-08
10250.04800076804 2.6221089535261417e-08
10300.04800076804 3.0060723793192795e-08
10350.04800076804 3.255473870342982e-08
10400.04800076804 3.767417924722347e-08
10450.04800076804 4.0571658467707934e-08
10500.04800076804 4.2718480998932755e-08
10550.04800076804 4.4938009112245744e-08
10600.04800076804 4.4504896007780005e-08
10650.04800076804 4.439569848250317e-08
10700.04800076804 4.206441451782201e-08
10750.04800076804 4.124703329770781e-08
10800.04800076804 3.82267263761465e-08
10850.04800076804 3.399636802455951e-08
10900.04800076804 2.418905300722885e-08
10950.04800076804 1.1381223691180588e-08
11000.04800076804 6.6073418158000114e-09
11050.04800076804 3.416449072437225e-09
11100.04800076804 1.880993570652888e-09
11150.04800076804 8.732177061407177e-10
11200.04800076804 7.458484055178853e-10
11250.04800076804 1.0162778624104474e-09
11300.04800076804 1.2760021429696758e-09
11350.04800076804 4.36914768145406e-10
11400.04800076804 1.6256904923262564e-09
11450.04800076804 9.987557818954587e-10
11500.04800076804 9.477984830893132e-10
11550.04800076804 3.154148894184586e-10
11600.04800076804 2.419103783998351e-10
11650.04800076804 6.366758384264288e-10
11700.04800076804 8.11468793144337e-10
11750.04800076804 2.744893223950714e-10
11800.04800076804 1.2810048576625497e-09
11850.04800076804 2.2576086734114857e-09
11900.04800076804 2.9189834182530613e-09
11950.04800076804 4.8777306239183725e-09
12000.04800076804 7.422275740618484e-09
12050.04800076804 1.0886707280913778e-08
12100.04800076804 1.489705948962492e-08
12150.04800076804 1.9672970225712854e-08
12200.04800076804 2.3895003291783747e-08
12250.04800076804 2.999091230456058e-08
12300.04800076804 3.743561213953234e-08
12350.04800076804 3.965925840971081e-08
12400.04800076804 4.9963623337473635e-08
12450.04800076804 5.903077379419914e-08
12500.04800076804 6.47968043427467e-08
12550.04800076804 7.060598645333936e-08
12600.04800076804 7.31319531911874e-08
12650.04800076804 7.219075670621244e-08
12700.04800076804 7.106400670162746e-08
12750.04800076804 6.192769458965672e-08
12800.04800076804 5.653346823961194e-08
12850.04800076804 4.254157553656325e-08
12900.04800076804 3.4050414065979555e-08
12950.04800076804 2.8787721244568822e-08
13000.04800076804 3.020248483793587e-08
13050.04800076804 2.2437935738506197e-08
13100.04800076804 2.1182946853563867e-08
13150.04800076804 1.512938379280799e-08
13200.04800076804 1.4410561416157828e-08
13250.04800076804 9.612862911413781e-09
13300.04800076804 3.7763695544774994e-09
13350.04800076804 1.1071411682457e-09
13400.04800076804 3.635636130126175e-10
13450.04800076804 1.2344642228517273e-10
13500.04800076804 4.621688855177137e-11
13550.04800076804 1.9630972782151556e-11
13600.04800076804 5.529068609417294e-12
13650.04800076804 3.7973965260278274e-11
13700.04800076804 2.121610490475773e-11
13750.04800076804 5.5267311311844725e-11
13800.04800076804 5.869714882861128e-11
13850.04800076804 2.6513432404037838e-11
13900.04800076804 3.653614424389594e-11
13950.04800076804 3.3964723742745593e-11
14000.04800076804 3.692612696747713e-11
14050.04800076804 6.36642065998275e-11
14100.04800076804 5.309660940876797e-11
14150.04800076804 1.0514584342371366e-10
14200.04800076804 6.540299992586908e-11
14250.04800076804 8.891957088683154e-11
14300.04800076804 2.701534622924312e-10
14350.04800076804 2.2196077093420886e-10
14400.04800076804 2.4165685310434075e-10
14450.04800076804 3.849357972458762e-10
14500.04800076804 8.771720452322878e-10
14550.04800076804 9.436568161415678e-10
14600.04800076804 1.6813401131162054e-09
14650.04800076804 1.5177062967530967e-09
14700.04800076804 8.643547384739831e-10
14750.04800076804 1.2856201348899877e-09
14800.04800076804 1.6552452407023669e-09
14850.04800076804 1.6484974974989535e-09
14900.04800076804 2.0384321258721443e-09
14950.04800076804 2.6503325396578637e-09
15000.04800076804 3.903287634075278e-09
15050.04800076804 4.192504027233608e-09
15100.04800076804 4.8307185932384594e-09
15150.04800076804 4.763305176360857e-09
15200.04800076804 5.817916522987328e-09
15250.04800076804 9.076470885014047e-09
15300.04800076804 1.087282870483473e-08
15350.04800076804 1.4270415303439577e-08
15400.04800076804 1.670212887648646e-08
15450.04800076804 1.9379573730490645e-08
15500.04800076804 2.1345933480980333e-08
15550.04800076804 2.6402960091744367e-08
15600.04800076804 2.912345535511466e-08
15650.04800076804 3.165638320186497e-08
15700.04800076804 3.8063572682448416e-08
15750.04800076804 4.1417551029007345e-08
15800.04800076804 4.2148943509237565e-08
15850.04800076804 4.4844294319514846e-08
15900.04800076804 4.025123190570339e-08
15950.04800076804 3.754714224467965e-08
16000.04800076804 2.945517277355188e-08
16050.04800076804 1.9169698873575438e-08
16100.04800076804 1.2682334599439396e-08
16150.04800076804 7.20546794788105e-09
16200.04800076804 3.974919781707074e-09
16250.04800076804 3.1507586667555078e-09
16300.04800076804 2.1737680276966008e-09
16350.04800076804 2.6146385054043997e-09
16400.04800076804 3.1607997020005785e-09
16450.04800076804 3.1576471722680984e-09
16500.04800076804 3.246618743840478e-09
16550.04800076804 3.135932670432231e-09
16600.04800076804 4.191150526274829e-09
16650.04800076804 2.9903671886055066e-09
16700.04800076804 5.256973652676839e-10
16750.04800076804 1.6671264939332532e-09
16800.04800076804 2.727323132073352e-09
16850.04800076804 2.7758969505360107e-09
16900.04800076804 1.6516737765448573e-09
16950.04800076804 1.2505675708290991e-09
17000.04800076804 7.446559092506356e-10
17050.04800076804 1.2383050214243636e-09
17100.04800076804 1.8571840079548423e-09
17150.04800076804 1.1068902516258702e-09
17200.04800076804 2.9526198515017526e-09
17250.04800076804 1.7296106642965813e-09
17300.04800076804 1.1500619537695037e-09
17350.04800076804 1.324320857047304e-09
17400.04800076804 1.785768429913242e-09
17450.04800076804 2.243605269637963e-09
17500.04800076804 2.8957173286744566e-09
17550.04800076804 2.317973603758916e-09
17600.04800076804 1.7239873689963258e-09
17650.04800076804 1.4679355195930349e-09
17700.04800076804 1.195953296025138e-09
17750.04800076804 9.89727029924407e-10
17800.04800076804 1.648399968204984e-09
17850.04800076804 9.282442548651558e-10
17900.04800076804 8.105465024632567e-10
17950.04800076804 4.858800021460411e-10
18000.04800076804 7.710621808475045e-10
18050.04800076804 5.606555713982155e-10
18100.04800076804 5.610833272185505e-10
18150.04800076804 6.450227585212245e-10
18200.04800076804 3.383781766479033e-10
18250.04800076804 1.2176621360882279e-09
18300.04800076804 3.3278387402979527e-10
18350.04800076804 2.6743888060539326e-10
18400.04800076804 1.8783061140048147e-10
18450.04800076804 7.106039804139876e-10
18500.04800076804 7.046926661308306e-10
18550.04800076804 4.1181845490247915e-10
18600.04800076804 4.954248214540204e-10
18650.04800076804 3.0182068753694696e-10
18700.04800076804 1.3147470197277226e-10
18750.04800076804 2.735363929297206e-10
18800.04800076804 1.393777266231065e-09
18850.04800076804 1.228043924806885e-09
18900.04800076804 1.0837403490712132e-09
18950.04800076804 2.1861529026377396e-09
19000.04800076804 7.252493474635092e-10
19050.04800076804 4.2390210795281504e-10
19100.04800076804 1.1206741028109172e-09
19150.04800076804 5.277792345727263e-10
19200.04800076804 1.0512891593797632e-09
19250.04800076804 7.306789281982658e-10
19300.04800076804 4.799208629212213e-10
19350.04800076804 5.931689711003168e-10
19400.04800076804 3.987784196420725e-10
19450.04800076804 8.690804009041651e-10
19500.04800076804 7.449699880914684e-10
19550.04800076804 6.758070411972282e-10
19600.04800076804 1.0781111325713044e-09
19650.04800076804 1.2953956413880557e-09
19700.04800076804 1.3752075278826594e-09
19750.04800076804 1.918613361882773e-09
19800.04800076804 2.0059335766185243e-09
19850.04800076804 2.6788972241666965e-09
19900.04800076804 2.505844554828644e-09
19950.04800076804 3.689558560038699e-09
20000.04800076804 3.6275212887806213e-09
20050.04800076804 3.613609536097035e-09
20100.04800076804 4.792581186132939e-09
20150.04800076804 3.6898596678111493e-09
20200.04800076804 3.981855326953158e-09
20250.04800076804 5.2588284888452685e-09
20300.04800076804 5.0370830951978335e-09
20350.04800076804 5.801146484576086e-09
20400.04800076804 5.1771537839849496e-09
20450.04800076804 6.753999902386734e-09
20500.04800076804 6.8762942772825716e-09
20550.04800076804 6.944886224791023e-09
20600.04800076804 7.37219030834951e-09
20650.04800076804 7.39064621005001e-09
20700.04800076804 7.211051230870765e-09
20750.04800076804 7.657482736852913e-09
20800.04800076804 7.259222848604646e-09
20850.04800076804 7.512607302763326e-09
20900.04800076804 7.531639672659087e-09
20950.04800076804 7.166095608071513e-09
21000.04800076804 7.059694252018464e-09
21050.04800076804 6.825716276803885e-09
21100.04800076804 6.583768318050957e-09
21150.04800076804 6.5173273025824155e-09
21200.04800076804 6.14429282732778e-09
21250.04800076804 5.859498530515628e-09
21300.04800076804 5.255197146665202e-09
21350.04800076804 5.170649848831379e-09
21400.04800076804 5.0004418472908995e-09
21450.04800076804 4.249523572893491e-09
21500.04800076804 4.312343787822882e-09
21550.04800076804 4.061356838481495e-09
21600.04800076804 3.66514335243188e-09
21650.04800076804 3.1894032982558706e-09
21700.04800076804 3.327430209476252e-09
21750.04800076804 3.3696241581194964e-09
21800.04800076804 2.8791854821555276e-09
21850.04800076804 2.5200370349950705e-09
21900.04800076804 2.124417947795674e-09
21950.04800076804 8.801071362106634e-10
22000.04800076804 1.978437475387442e-10
22050.04800076804 2.6801609712115796e-10
22100.04800076804 8.291650549951076e-10
22150.04800076804 7.963093136325886e-10
22200.04800076804 6.647530969089901e-10
22250.04800076804 6.581324546969973e-10
22300.04800076804 3.767897719486192e-10
22350.04800076804 4.4355353861938514e-10
22400.04800076804 2.331727359030906e-10
22450.04800076804 2.3152489381076296e-10
22500.04800076804 2.492916036305763e-10
22550.04800076804 1.246129747225013e-10
22600.04800076804 1.7321049369977764e-10
22650.04800076804 2.9059773590582135e-10
22700.04800076804 1.6694655236886124e-10
22750.04800076804 1.6941048489641052e-10
22800.04800076804 2.0521920125638669e-10
22850.04800076804 1.7808192886890163e-10
22900.04800076804 1.0293862432470505e-10
22950.04800076804 7.94258093473654e-11
23000.04800076804 1.3724905465166692e-10
23050.04800076804 1.4583608982414284e-10
23100.04800076804 5.649855060200531e-10
23150.04800076804 5.808119915469472e-10
23200.04800076804 4.4441306110565544e-11
23250.04800076804 9.412832870788703e-11
23300.04800076804 1.335233016320195e-10
23350.04800076804 8.470721921830005e-11
23400.04800076804 1.4842613987095715e-10
23450.04800076804 8.712992721866091e-11
23500.04800076804 9.204911908791225e-11
23550.04800076804 1.6106473396601636e-10
23600.04800076804 2.362719996467765e-10
23650.04800076804 2.911181394639074e-10
23700.04800076804 7.606611529303072e-11
23750.04800076804 7.410130942714491e-11
23800.04800076804 2.536065039129003e-10
