galfind/configs/Brown_Dwarf_templates/sonora_cholla/logkzz7/316g/700K_316g_logkzz7_resample.dat
# %ECSV 1.0
# ---
# datatype:
# - {name: wav, unit: Angstrom, datatype: float64}
# - {name: flux_nu, unit: erg / (cm2 Hz s), datatype: float64}
# schema: astropy-2.0
wav flux_nu
3000.0480007680403 nan
3050.0480007680403 0.0
3100.0480007680403 0.0
3150.0480007680403 0.0
3200.0480007680403 0.0
3250.0480007680403 0.0
3300.0480007680403 0.0
3350.0480007680403 0.0
3400.0480007680403 0.0
3450.0480007680403 0.0
3500.0480007680403 0.0
3550.0480007680403 0.0
3600.0480007680403 0.0
3650.0480007680403 0.0
3700.0480007680403 0.0
3750.0480007680403 0.0
3800.0480007680403 0.0
3850.0480007680403 0.0
3900.0480007680403 0.0
3950.0480007680403 0.0
4000.0480007680403 0.0
4050.0480007680403 0.0
4100.04800076804 0.0
4150.04800076804 0.0
4200.04800076804 0.0
4250.04800076804 0.0
4300.04800076804 0.0
4350.04800076804 0.0
4400.04800076804 0.0
4450.04800076804 0.0
4500.04800076804 0.0
4550.04800076804 0.0
4600.04800076804 0.0
4650.04800076804 0.0
4700.04800076804 0.0
4750.04800076804 0.0
4800.04800076804 0.0
4850.04800076804 0.0
4900.04800076804 0.0
4950.04800076804 0.0
5000.04800076804 8.165106724013821e-12
5050.04800076804 1.9685488624731167e-11
5100.04800076804 2.1810067236843458e-11
5150.04800076804 2.4768246589443387e-11
5200.04800076804 2.825685621341053e-11
5250.04800076804 3.158803417827513e-11
5300.04800076804 3.5270106542179786e-11
5350.04800076804 3.919857415376247e-11
5400.04800076804 4.299042573844003e-11
5450.04800076804 4.722836294453874e-11
5500.04800076804 5.1688727904325577e-11
5550.04800076804 5.633427294011647e-11
5600.04800076804 6.048361904037643e-11
5650.04800076804 6.362518185419096e-11
5700.04800076804 6.410262874498058e-11
5750.04800076804 6.337264908210496e-11
5800.04800076804 5.796105273530904e-11
5850.04800076804 4.6756840422183175e-11
5900.04800076804 1.6422460162521062e-11
5950.04800076804 2.7754071054333374e-11
6000.04800076804 8.069771769521983e-11
6050.04800076804 1.3139575779999018e-10
6100.04800076804 1.862898279554374e-10
6150.04800076804 2.4275573211888016e-10
6200.04800076804 3.009533585569022e-10
6250.04800076804 3.584068949003575e-10
6300.04800076804 4.2493707631460794e-10
6350.04800076804 4.974621708524315e-10
6400.04800076804 5.694673503427327e-10
6450.04800076804 6.054071044082885e-10
6500.04800076804 6.834719693407423e-10
6550.04800076804 7.893110566981963e-10
6600.04800076804 8.990072659764846e-10
6650.04800076804 1.0363182048706326e-09
6700.04800076804 1.2166347441079627e-09
6750.04800076804 1.3953799549375507e-09
6800.04800076804 1.5774454408059836e-09
6850.04800076804 1.782034030013788e-09
6900.04800076804 1.717260657276762e-09
6950.04800076804 1.6258197419101765e-09
7000.04800076804 1.852349437299889e-09
7050.04800076804 1.8604008599816356e-09
7100.04800076804 1.9679216653976835e-09
7150.04800076804 1.6381155761277954e-09
7200.04800076804 1.51919033021317e-09
7250.04800076804 1.7538187976108113e-09
7300.04800076804 1.8241776507964788e-09
7350.04800076804 2.04799789179754e-09
7400.04800076804 2.3038534681039937e-09
7450.04800076804 2.6565998021604965e-09
7500.04800076804 2.9074449656452887e-09
7550.04800076804 3.176187012576615e-09
7600.04800076804 3.4296215106389895e-09
7650.04800076804 3.5567200559174827e-09
7700.04800076804 2.2955799332273055e-09
7750.04800076804 1.0958546247215484e-09
7800.04800076804 3.703287071093497e-09
7850.04800076804 4.525007855263498e-09
7900.04800076804 5.214112733422523e-09
7950.04800076804 5.844209468797126e-09
8000.04800076804 6.134697613969053e-09
8050.04800076804 6.328980641456818e-09
8100.04800076804 4.968287451559371e-09
8150.04800076804 4.554617469058848e-09
8200.04800076804 6.191639477875141e-09
8250.04800076804 6.067828214929167e-09
8300.04800076804 6.652899896102533e-09
8350.04800076804 6.834032163086393e-09
8400.04800076804 7.282458628230414e-09
8450.04800076804 8.428206765979159e-09
8500.04800076804 9.485843450456951e-09
8550.04800076804 1.0707850478879155e-08
8600.04800076804 1.2077914343336507e-08
8650.04800076804 1.3080892262027136e-08
8700.04800076804 1.3485424593712558e-08
8750.04800076804 1.4442149724934955e-08
8800.04800076804 1.4583237410097037e-08
8850.04800076804 1.2737971207728921e-08
8900.04800076804 6.502387191278462e-09
8950.04800076804 5.823261563661993e-09
9000.04800076804 5.495531734034443e-09
9050.04800076804 1.083341622040214e-08
9100.04800076804 1.1513704537959259e-08
9150.04800076804 1.0525970743905945e-08
9200.04800076804 1.2717573184899131e-08
9250.04800076804 9.893374148149442e-09
9300.04800076804 1.185883740240513e-09
9350.04800076804 1.7188283970337143e-09
9400.04800076804 4.198575117417872e-09
9450.04800076804 4.13720246676634e-09
9500.04800076804 3.434382606255506e-09
9550.04800076804 3.6867898291799213e-09
9600.04800076804 3.5621430417302383e-09
9650.04800076804 4.841741851408332e-09
9700.04800076804 7.767809098750846e-09
9750.04800076804 7.834552945579076e-09
9800.04800076804 9.405482418505599e-09
9850.04800076804 1.1174230778874315e-08
9900.04800076804 1.4640441949858107e-08
9950.04800076804 1.5741840188304975e-08
10000.04800076804 1.981874172526683e-08
10050.04800076804 2.1740035502620265e-08
10100.04800076804 2.6137382888670076e-08
10150.04800076804 2.978818035868408e-08
10200.04800076804 3.3842511881695845e-08
10250.04800076804 3.828471283699281e-08
10300.04800076804 4.366874930500526e-08
10350.04800076804 4.791509260195765e-08
10400.04800076804 5.486783449775266e-08
10450.04800076804 5.894621252123246e-08
10500.04800076804 6.211728719694368e-08
10550.04800076804 6.55029226600553e-08
10600.04800076804 6.552762546915328e-08
10650.04800076804 6.622749919353795e-08
10700.04800076804 6.386975971870669e-08
10750.04800076804 6.333261362171226e-08
10800.04800076804 5.961686289817177e-08
10850.04800076804 5.391757103660375e-08
10900.04800076804 3.8846661596805715e-08
10950.04800076804 1.9319873719804356e-08
11000.04800076804 1.2008039688502385e-08
11050.04800076804 6.700090276752004e-09
11100.04800076804 3.99469782851281e-09
11150.04800076804 2.045564258519012e-09
11200.04800076804 1.8568048542285609e-09
11250.04800076804 2.5040894901189227e-09
11300.04800076804 2.938585341407209e-09
11350.04800076804 1.1016323748438415e-09
11400.04800076804 3.6067297730070993e-09
11450.04800076804 2.3191368369883796e-09
11500.04800076804 2.272494689521323e-09
11550.04800076804 8.776850899649098e-10
11600.04800076804 7.406537530739291e-10
11650.04800076804 1.6164262704410917e-09
11700.04800076804 2.0079553183596587e-09
11750.04800076804 7.809914897748255e-10
11800.04800076804 3.0444637615198003e-09
11850.04800076804 5.175855515201657e-09
11900.04800076804 6.582705389536713e-09
11950.04800076804 1.0446664251574827e-08
12000.04800076804 1.4975729032433157e-08
12050.04800076804 2.0902161297086413e-08
12100.04800076804 2.7486324524594255e-08
12150.04800076804 3.5064528079094585e-08
12200.04800076804 4.197887093320522e-08
12250.04800076804 5.146123549747186e-08
12300.04800076804 6.259201330238171e-08
12350.04800076804 6.611592496958385e-08
12400.04800076804 8.132928600076601e-08
12450.04800076804 9.46630306903589e-08
12500.04800076804 1.0306609726673835e-07
12550.04800076804 1.1118980321359472e-07
12600.04800076804 1.1320697614570569e-07
12650.04800076804 1.1091706913361399e-07
12700.04800076804 1.090683614146008e-07
12750.04800076804 9.701942799746235e-08
12800.04800076804 9.046067067007821e-08
12850.04800076804 6.994908762623638e-08
12900.04800076804 5.732215953103159e-08
12950.04800076804 5.0108154825351594e-08
13000.04800076804 5.162214965607619e-08
13050.04800076804 4.028100153406043e-08
13100.04800076804 3.827154334813709e-08
13150.04800076804 2.8355820407764177e-08
13200.04800076804 2.673346020790655e-08
13250.04800076804 1.8156944281186606e-08
13300.04800076804 7.689291600443194e-09
13350.04800076804 2.2724236627060896e-09
13400.04800076804 7.942642282485616e-10
13450.04800076804 3.0317737991109865e-10
13500.04800076804 1.2304484593305533e-10
13550.04800076804 6.003473478895624e-11
13600.04800076804 1.998311536499408e-11
13650.04800076804 1.143468652746292e-10
13700.04800076804 6.756881850438179e-11
13750.04800076804 1.557758927684069e-10
13800.04800076804 1.7439054580166075e-10
13850.04800076804 8.516123596462728e-11
13900.04800076804 1.0742232112494888e-10
13950.04800076804 1.0174511654820111e-10
14000.04800076804 1.073275404673638e-10
14050.04800076804 1.7445057332107694e-10
14100.04800076804 1.4185945238329669e-10
14150.04800076804 2.62781301792113e-10
14200.04800076804 1.668493529557741e-10
14250.04800076804 2.166731528439364e-10
14300.04800076804 5.90817994388148e-10
14350.04800076804 4.958660213105678e-10
14400.04800076804 5.414418311753985e-10
14450.04800076804 8.067559301011714e-10
14500.04800076804 1.7756757958125993e-09
14550.04800076804 1.888564347531672e-09
14600.04800076804 3.176644710176783e-09
14650.04800076804 2.9880774580446085e-09
14700.04800076804 1.7649412664006437e-09
14750.04800076804 2.6502139913768747e-09
14800.04800076804 3.4447255130842674e-09
14850.04800076804 3.4407013535750874e-09
14900.04800076804 4.145014009241784e-09
14950.04800076804 5.342206876914144e-09
15000.04800076804 7.3056585351740925e-09
15050.04800076804 8.046113077606774e-09
15100.04800076804 9.473249082720753e-09
15150.04800076804 9.626436019534889e-09
15200.04800076804 1.101475669283157e-08
15250.04800076804 1.638288688550505e-08
15300.04800076804 1.9486160994108676e-08
15350.04800076804 2.51296351634115e-08
15400.04800076804 2.9005949482697185e-08
15450.04800076804 3.332187220687124e-08
15500.04800076804 3.61392303529904e-08
15550.04800076804 4.39362345873544e-08
15600.04800076804 4.709301621408111e-08
15650.04800076804 5.0140059355324055e-08
15700.04800076804 5.953391269622879e-08
15750.04800076804 6.43282261337615e-08
15800.04800076804 6.457548421178937e-08
15850.04800076804 6.832106439487687e-08
15900.04800076804 6.1765635197028e-08
15950.04800076804 5.809388593988805e-08
16000.04800076804 4.6652166391021186e-08
16050.04800076804 3.1742853452128325e-08
16100.04800076804 2.2076870225386777e-08
16150.04800076804 1.3297035837841307e-08
16200.04800076804 7.742685581942016e-09
16250.04800076804 6.507949380530622e-09
16300.04800076804 4.700940187659446e-09
16350.04800076804 5.540471228209011e-09
16400.04800076804 6.595218422101834e-09
16450.04800076804 6.770366035709192e-09
16500.04800076804 7.121012582635156e-09
16550.04800076804 6.76701325923859e-09
16600.04800076804 8.434175852675915e-09
16650.04800076804 5.925403717040372e-09
16700.04800076804 1.3044771718561644e-09
16750.04800076804 3.520660297476816e-09
16800.04800076804 5.699857049071428e-09
16850.04800076804 5.7610567453927605e-09
16900.04800076804 3.7610392025591014e-09
16950.04800076804 2.9813178963471286e-09
17000.04800076804 1.9351899091141074e-09
17050.04800076804 3.0215588256616606e-09
17100.04800076804 4.229531863624073e-09
17150.04800076804 2.7356782328460088e-09
17200.04800076804 6.218683189262986e-09
17250.04800076804 3.9964154431382224e-09
17300.04800076804 2.8219019194517486e-09
17350.04800076804 3.095267407875905e-09
17400.04800076804 3.850631810241098e-09
17450.04800076804 4.67191832761134e-09
17500.04800076804 5.824958828791642e-09
17550.04800076804 4.719262985489804e-09
17600.04800076804 3.587961543546928e-09
17650.04800076804 3.175150455336263e-09
17700.04800076804 2.545834478039371e-09
17750.04800076804 2.1014541330235677e-09
17800.04800076804 3.266145952500903e-09
17850.04800076804 1.917523351474295e-09
17900.04800076804 1.7852253923655353e-09
17950.04800076804 1.0939460209416297e-09
18000.04800076804 1.6390145544566793e-09
18050.04800076804 1.230268757198004e-09
18100.04800076804 1.2086204070675596e-09
18150.04800076804 1.4934692778226757e-09
18200.04800076804 7.809302259804512e-10
18250.04800076804 2.5698978069666778e-09
18300.04800076804 8.231771049440481e-10
18350.04800076804 6.729943213562393e-10
18400.04800076804 4.954151159817852e-10
18450.04800076804 1.502682666965077e-09
18500.04800076804 1.4959262754457106e-09
18550.04800076804 9.315088629933138e-10
18600.04800076804 1.0447741424068523e-09
18650.04800076804 6.672956178877573e-10
18700.04800076804 3.495084368363132e-10
18750.04800076804 6.8737534137325e-10
18800.04800076804 2.81181218251792e-09
18850.04800076804 2.5783728951392644e-09
18900.04800076804 2.2539323897109504e-09
18950.04800076804 4.405950817655309e-09
19000.04800076804 1.6779794266936623e-09
19050.04800076804 1.0235730562122817e-09
19100.04800076804 2.5177530319092594e-09
19150.04800076804 1.273452817536464e-09
19200.04800076804 2.324659898734904e-09
19250.04800076804 1.637106561533838e-09
19300.04800076804 1.1339445920186794e-09
19350.04800076804 1.331537305292182e-09
19400.04800076804 8.70892434241378e-10
19450.04800076804 1.8858651899871093e-09
19500.04800076804 1.637215489112392e-09
19550.04800076804 1.441181939075946e-09
19600.04800076804 2.2075345213130835e-09
19650.04800076804 2.6741772706676088e-09
19700.04800076804 2.7899373119632087e-09
19750.04800076804 3.697850553948011e-09
19800.04800076804 3.998575061854314e-09
19850.04800076804 5.308004759616559e-09
19900.04800076804 4.706048538259418e-09
19950.04800076804 7.0603312516987326e-09
20000.04800076804 6.824818446794827e-09
20050.04800076804 6.972661380558921e-09
20100.04800076804 8.846632408558792e-09
20150.04800076804 7.1333944586788006e-09
20200.04800076804 7.957519158375987e-09
20250.04800076804 1.0148131808917695e-08
20300.04800076804 9.634223220664496e-09
20350.04800076804 1.1140293567607296e-08
20400.04800076804 1.0130190305969938e-08
20450.04800076804 1.2859742850157708e-08
20500.04800076804 1.3095853040240302e-08
20550.04800076804 1.3141969111281856e-08
20600.04800076804 1.4079888628929519e-08
20650.04800076804 1.3999343996317833e-08
20700.04800076804 1.3685916972081699e-08
20750.04800076804 1.4567864064321218e-08
20800.04800076804 1.387734720826606e-08
20850.04800076804 1.4322675605390375e-08
20900.04800076804 1.4410757273510277e-08
20950.04800076804 1.3721015414535544e-08
21000.04800076804 1.3614148077113032e-08
21050.04800076804 1.3109750174087859e-08
21100.04800076804 1.268956154893665e-08
21150.04800076804 1.25925472883631e-08
21200.04800076804 1.1902033282829215e-08
21250.04800076804 1.1438315747058223e-08
21300.04800076804 1.0294808291958578e-08
21350.04800076804 1.0157002417987891e-08
21400.04800076804 9.747935349563158e-09
21450.04800076804 8.440421211880502e-09
21500.04800076804 8.598749655959688e-09
21550.04800076804 8.063943594535511e-09
21600.04800076804 7.344986880889103e-09
21650.04800076804 6.459251414164813e-09
21700.04800076804 6.790621900613522e-09
21750.04800076804 6.7001741099713964e-09
21800.04800076804 5.777362027129349e-09
21850.04800076804 5.04819448010595e-09
21900.04800076804 4.298131258677315e-09
21950.04800076804 1.9160802922829144e-09
22000.04800076804 5.201641743577174e-10
22050.04800076804 6.213149910942457e-10
22100.04800076804 1.6977450433753461e-09
22150.04800076804 1.7490607772026784e-09
22200.04800076804 1.4943979087796872e-09
22250.04800076804 1.473359884622089e-09
22300.04800076804 9.228265921796568e-10
22350.04800076804 1.0299184871190042e-09
22400.04800076804 5.874046025296787e-10
22450.04800076804 5.699638649794855e-10
22500.04800076804 6.220741056414184e-10
22550.04800076804 3.1865904689697464e-10
22600.04800076804 4.4334617695751666e-10
22650.04800076804 6.81541042540261e-10
22700.04800076804 4.167604980708413e-10
22750.04800076804 4.4805409994440734e-10
22800.04800076804 4.957129146008247e-10
22850.04800076804 4.301149648465396e-10
22900.04800076804 2.716924610085438e-10
22950.04800076804 2.2481236417879198e-10
23000.04800076804 3.37608050893277e-10
23050.04800076804 3.6829077200072273e-10
23100.04800076804 1.1999819173076023e-09
23150.04800076804 1.2011107496242183e-09
23200.04800076804 1.2903995451447027e-10
23250.04800076804 2.3327774359336854e-10
23300.04800076804 3.121724660320715e-10
23350.04800076804 2.0401461063391794e-10
23400.04800076804 3.592141661496537e-10
23450.04800076804 2.3535058440516583e-10
23500.04800076804 2.391659050782216e-10
23550.04800076804 3.9985104558563945e-10
23600.04800076804 5.429797683242943e-10
23650.04800076804 6.729413117824371e-10
23700.04800076804 2.0085551220123902e-10
23750.04800076804 1.8727330297258614e-10
