galfind/configs/Brown_Dwarf_templates/sonora_cholla/logkzz7/316g/750K_316g_logkzz7_resample.dat
# %ECSV 1.0
# ---
# datatype:
# - {name: wav, unit: Angstrom, datatype: float64}
# - {name: flux_nu, unit: erg / (cm2 Hz s), datatype: float64}
# schema: astropy-2.0
wav flux_nu
[from data line 1210]
63500.04800076804 4.585829506824848e-08
63550.04800076804 5.767156107790328e-08
63600.04800076804 5.859185159769445e-08
63650.04800076804 3.6070535529031513e-08
63700.04800076804 1.481503673973775e-08
63750.04800076804 3.19758848951956e-08
63800.04800076804 6.247791656754284e-08
63850.04800076804 4.7951894764530486e-08
63900.04800076804 1.9535255556296195e-08
63950.04800076804 4.097868237403646e-08
64000.04800076804 5.086834841352016e-08
64050.04800076804 2.368268976846698e-08
64100.04800076804 6.251992187770635e-09
64150.04800076804 9.86154872918601e-09
64200.04800076804 1.1925362174573944e-08
64250.04800076804 2.8866844310705618e-08
64300.04800076804 2.1875145894642233e-08
64350.04800076804 1.646834589559705e-08
64400.04800076804 4.051875540700118e-08
64450.04800076804 4.411470145583917e-08
64500.04800076804 1.7678567563892044e-08
64550.04800076804 3.559589116401052e-08
64600.04800076804 1.872214647617364e-08
64650.04800076804 3.272933611924704e-08
64700.04800076804 1.2474289580946665e-08
64750.04800076804 1.9668634213256156e-08
64800.04800076804 1.4340544233547201e-08
64850.04800076804 1.0485081078980562e-08
64900.04800076804 1.105618762661313e-08
64950.04800076804 1.0064612132977357e-08
65000.04800076804 1.5342999021353525e-08
65050.04800076804 2.3341597244829942e-08
65100.04800076804 3.289821177681741e-08
65150.04800076804 1.5895626205506434e-08
65200.04800076804 9.263558514369907e-09
65250.04800076804 2.452514934797892e-08
65300.04800076804 2.2582723906641255e-08
65350.04800076804 5.669049448751072e-08
65400.04800076804 2.251605247905974e-08
65450.04800076804 2.2914542020079647e-08
65500.04800076804 2.8145984001079505e-08
65550.04800076805 1.3210771431519136e-08
65600.04800076805 2.6418904608975303e-08
65650.04800076805 1.904870361607242e-08
65700.04800076805 1.7776118221709327e-08
65750.04800076805 1.2128761986677346e-08
65800.04800076805 2.393774167095301e-08
65850.04800076805 3.366781760357831e-08
65900.04800076805 1.1073447090697417e-08
65950.04800076805 1.550036996903544e-08
66000.04800076805 2.0826822456588198e-08
66050.04800076805 4.4877756015471204e-08
66100.04800076805 2.405989430932792e-08
66150.04800076805 2.0137900387440615e-08
66200.04800076805 1.9235020427861057e-08
66250.04800076805 1.4071288951854073e-08
66300.04800076805 5.909756119831987e-09
66350.04800076805 6.504878693955876e-09
66400.04800076805 1.1765792343022732e-08
66450.04800076805 2.9478166106554383e-08
66500.04800076805 4.2421008907293845e-08
66550.04800076805 4.118447098438403e-08
66600.04800076805 3.167534517187144e-08
66650.04800076805 2.5057962068305292e-08
66700.04800076805 1.9129723950372437e-08
66750.04800076805 1.8249344998199222e-08
66800.04800076805 2.382047067730461e-08
66850.04800076805 1.506452385247012e-08
66900.04800076805 4.384850986142443e-08
66950.04800076805 4.4219851040612864e-08
67000.04800076805 4.724783539508036e-08
67050.04800076805 2.706703096508237e-08
67100.04800076805 1.7152524341653133e-08
67150.04800076805 1.948982950635281e-08
67200.04800076805 2.991856812767005e-08
67250.04800076805 2.7349612906272644e-08
67300.04800076805 4.002574645396566e-08
67350.04800076805 2.0544004219144926e-08
67400.04800076805 4.819387787068384e-08
67450.04800076805 3.149290636420151e-08
67500.04800076805 2.8308081816433843e-08
67550.04800076805 4.74883469791303e-08
67600.04800076805 7.990556357184641e-08
67650.04800076805 5.796402327252192e-08
67700.04800076805 3.526346156320152e-08
67750.04800076805 2.4327720674062524e-08
67800.04800076805 3.6583732815032154e-08
67850.04800076805 1.6636902263565e-08
67900.04800076805 2.133111125897578e-08
67950.04800076805 1.5926295174403807e-08
68000.04800076805 3.229098523795835e-08
68050.04800076805 4.282065887868642e-08
68100.04800076805 5.814768247475169e-08
68150.04800076805 4.6370867678551364e-08
68200.04800076805 4.045438701689564e-08
68250.04800076805 1.0447512307546657e-08
68300.04800076805 3.900015993578362e-08
68350.04800076805 2.821600128794076e-08
68400.04800076805 6.325327102931378e-08
68450.04800076805 5.233167436185292e-08
68500.04800076805 3.610816699965005e-08
68550.04800076805 1.68058935866015e-08
68600.04800076805 1.7996362557368684e-08
68650.04800076805 9.349940901224246e-09
68700.04800076805 2.2137739112202926e-08
68750.04800076805 3.431549843765631e-08
68800.04800076805 4.0652667886283074e-08
68850.04800076805 1.6007870805161765e-08
68900.04800076805 5.855366616661919e-08
68950.04800076805 5.983267465062652e-08
69000.04800076805 4.51777519066459e-08
69050.04800076805 2.2665962557786257e-08
69100.04800076805 5.475367849432278e-08
69150.04800076805 7.304954393604962e-08
69200.04800076805 4.74221485876012e-08
69250.04800076805 7.345175471588348e-08
69300.04800076805 4.422627205320788e-08
69350.04800076805 7.360389772072703e-08
69400.04800076805 2.5905186244027564e-08
69450.04800076805 6.972084990310427e-08
69500.04800076805 3.335174610672782e-08
69550.04800076805 3.130756867347446e-08
69600.04800076805 9.101510715575363e-09
69650.04800076805 2.935355308924076e-08
69700.04800076805 5.4245388386978495e-08
69750.04800076805 3.486700358386514e-08
69800.04800076805 5.212043290956093e-08
69850.04800076805 5.518095405516261e-08
69900.04800076805 3.8039809723491396e-08
69950.04800076805 3.6914983856801144e-08
70000.04800076805 3.6207706816773563e-08
70050.04800076805 6.90584453406294e-08
70100.04800076805 4.782292355260088e-08
70150.04800076805 4.390178398242563e-08
70200.04800076805 2.879817908611304e-08
70250.04800076805 4.051664764491631e-08
70300.04800076805 6.787840204188419e-08
70350.04800076805 4.837578208037766e-08
70400.04800076805 2.772468491162354e-08
70450.04800076805 7.330429821812047e-09
70500.04800076805 2.29643262900603e-08
70550.04800076805 2.3210301580669005e-08
70600.04800076805 2.3000821599538047e-08
70650.04800076805 5.481694421437152e-08
70700.04800076805 5.2322631114859e-08
70750.04800076805 7.414536893900834e-08
70800.04800076805 3.7765061817124774e-08
70850.04800076805 3.625170435522062e-08
70900.04800076805 4.1370454850743036e-08
70950.04800076805 5.967037401128129e-08
71000.04800076805 5.3267759438943846e-08
71050.04800076805 5.5251633326267347e-08
71100.04800076805 4.363848337819082e-08
71150.04800076805 3.390297281213118e-08
71200.04800076805 2.985465219315307e-08
71250.04800076805 4.360978821723951e-08
71300.04800076805 5.8089281212976044e-08
71350.04800076805 6.029871174173131e-08
71400.04800076805 5.0103262975323975e-08
71450.04800076805 2.2586333812414686e-08
71500.04800076805 2.6097001911400638e-08
71550.04800076805 3.1761419750262166e-08
71600.04800076805 3.7760309262567294e-08
71650.04800076805 2.701867888476413e-08
71700.04800076805 2.0005909978463643e-08
71750.04800076805 3.698339147217649e-08
71800.04800076805 5.3712362763655154e-08
71850.04800076805 5.100533590211964e-08
71900.04800076805 2.8135511452237158e-08
71950.04800076805 3.8406495014238255e-08
72000.04800076805 3.5706193207016534e-08
72050.04800076805 2.0338344329735104e-08
72100.04800076805 2.4851115089033733e-08
72150.04800076805 2.3676264473972676e-08
72200.04800076805 3.957841434048325e-08
72250.04800076805 5.085572267733181e-08
72300.04800076805 3.561987409425295e-08
72350.04800076805 4.070850642579597e-08
72400.04800076805 3.525708216421168e-08
72450.04800076805 2.838267168685746e-08
72500.04800076805 3.8090909713694147e-08
72550.04800076805 1.5795037812867402e-08
72600.04800076805 2.678166191169931e-08
72650.04800076805 4.538211002950327e-08
72700.04800076805 3.306759557551319e-08
72750.04800076805 3.230384203873984e-08
72800.04800076805 2.1701484849141536e-08
72850.04800076805 2.642708426170787e-08
72900.04800076805 4.899750687097716e-08
72950.04800076805 3.395992705734115e-08
73000.04800076805 3.412410019155675e-08
73050.04800076805 2.0587326842765935e-08
73100.04800076805 2.3790003363992273e-08
73150.04800076805 5.382946390816945e-08
73200.04800076805 2.2416567482245846e-08
73250.04800076805 3.1381061392907864e-08
73300.04800076805 2.5167492830443295e-08
73350.04800076805 1.740008599559563e-08
73400.04800076805 2.9614483654048794e-08
73450.04800076805 1.790479461025219e-08
73500.04800076805 1.6028891051621906e-08
73550.04800076805 2.875416237951033e-08
73600.04800076805 2.45698052097645e-08
73650.04800076805 2.9334360218661246e-08
73700.04800076805 3.020999690134898e-08
73750.04800076805 1.3062513540279629e-08
73800.04800076805 2.5515962528387788e-08
73850.04800076805 3.356709762058418e-08
73900.04800076805 2.4088385682242536e-08
73950.04800076805 2.298798562561885e-08
74000.04800076805 1.4498591750418283e-08
74050.04800076805 4.3430940515849716e-08
74100.04800076805 2.790039035271541e-08
74150.04800076805 2.869884253666117e-08
74200.04800076805 2.063987261625344e-08
74250.04800076805 6.112192421046526e-09
74300.04800076805 2.6656167307514882e-08
74350.04800076805 3.909302279035587e-08
74400.04800076805 3.6712673892513e-08
74450.04800076805 1.61547242070332e-08
74500.04800076805 1.2008660003083902e-08
74550.04800076805 2.2853765826468577e-08
74600.04800076805 2.3580361316174734e-08
74650.04800076805 2.3387506799019075e-08
74700.04800076805 1.5910267430573202e-08
74750.04800076805 1.3839596782196768e-08
74800.04800076805 1.8828368621310432e-08
74850.04800076805 1.98697631837846e-08
74900.04800076805 3.624662309174263e-08
74950.04800076805 3.647250952537095e-08
75000.04800076805 1.9087710094806984e-08
75050.04800076805 9.01910998821831e-09
75100.04800076805 3.684904796416381e-08
75150.04800076805 3.6349222057357466e-08
75200.04800076805 3.97505800988105e-08
75250.04800076805 4.311086554577084e-08
75300.04800076805 3.704709585643879e-08
75350.04800076805 1.4808011753136952e-08
75400.04800076805 4.59117025852893e-08
75450.04800076805 3.7727551887370844e-08
75500.04800076805 3.4824806197098664e-08
75550.04800076805 3.7021935565449657e-08
75600.04800076805 4.945356318895046e-08
75650.04800076805 2.9323033636462646e-08
75700.04800076805 4.101151981793856e-08
75750.04800076805 2.2443777706257928e-08
75800.04800076805 3.688142680139302e-08
75850.04800076805 4.51570905357204e-08
75900.04800076805 4.1012441930038856e-08
75950.04800076805 2.2138058335532714e-08
76000.04800076805 4.3393359940130374e-08
76050.04800076805 4.209466826027372e-08
76100.04800076805 3.9838524854232003e-08
76150.04800076805 4.356854194142658e-08
76200.04800076805 4.140390326364196e-08
76250.04800076805 3.5486671427343934e-08
76300.04800076805 6.699747138278432e-08
76350.04800076805 7.458462169184947e-08
76400.04800076805 5.825085058087046e-08
76450.04800076805 5.027481902164472e-08
76500.04800076805 3.676133728140608e-08
76550.04800076805 1.937599552122205e-08
76600.04800076805 5.589631991796905e-09
76650.04800076805 6.889318637646842e-09
76700.04800076805 9.337390742141297e-09
76750.04800076805 9.056612001059613e-09
76800.04800076805 1.7685171001011424e-08
76850.04800076805 6.037317067295783e-09
76900.04800076805 6.812995466483408e-09
76950.04800076805 1.597898310280701e-08
77000.04800076805 2.0153572708999637e-08
77050.04800076805 8.622509547514098e-09
77100.04800076805 1.0882532893122354e-08
77150.04800076805 2.329680241823909e-08
77200.04800076805 1.6809486475603386e-08
77250.04800076805 1.7409603039846204e-08
77300.04800076805 2.169263570201031e-08
77350.04800076805 1.0057350114740006e-08
77400.04800076805 1.2152227474209617e-08
77450.04800076805 2.0308264594522953e-08
77500.04800076805 1.7541911749476663e-08
77550.04800076805 1.7523456437617065e-08
77600.04800076805 1.3703998059685056e-08
77650.04800076805 1.603473297333693e-08
77700.04800076805 1.2893034096212076e-08
77750.04800076805 2.8522479173532946e-08
77800.04800076805 2.5466709118024547e-08
77850.04800076805 4.636919214991739e-08
77900.04800076805 2.8103003497597573e-08
77950.04800076805 1.0567086258822965e-08
78000.04800076805 2.0904940514528597e-08
78050.04800076805 2.3502559337150914e-08
78100.04800076805 2.2142891160210955e-08
78150.04800076805 3.918282848523455e-08
78200.04800076805 3.7459128597619496e-08
78250.04800076805 3.9636355400148154e-08
78300.04800076805 2.6769207105555462e-08
78350.04800076805 3.5373887765713764e-08
78400.04800076805 1.783209323661665e-08
78450.04800076805 3.773956963864519e-08
78500.04800076805 4.5114966787866875e-08
78550.04800076805 5.2679833155952234e-08
78600.04800076805 4.055728274057622e-08
78650.04800076805 9.754241672667503e-09
78700.04800076805 1.8843961439643525e-08
78750.04800076805 2.3446898386956396e-08
78800.04800076805 3.0711267993213316e-08
78850.04800076805 1.3031609427204427e-08
78900.04800076805 2.721670687486912e-08
78950.04800076805 3.47794904676521e-08
79000.04800076805 3.1255335489789213e-08
79050.04800076805 2.5299709028395957e-08
79100.04800076805 2.8920567704143597e-08
79150.04800076805 2.9428352720727957e-08
79200.04800076805 3.5420861272451465e-08
79250.04800076805 2.2520870345117293e-08
79300.04800076805 1.8591053061355312e-08
79350.04800076805 2.963315001352972e-08
79400.04800076805 1.96363888774923e-08
79450.04800076805 4.2633295876946485e-08
79500.04800076805 5.961625685643279e-08
79550.04800076805 4.4441920300195216e-08
79600.04800076805 2.228730874428606e-08
79650.04800076805 3.4918033303061754e-08
79700.04800076805 3.4572645842438764e-08
79750.04800076805 3.58465284754765e-08
79800.04800076805 1.9944970063970017e-08
79850.04800076805 3.4400127130599405e-08
79900.04800076805 6.341617160387654e-08
79950.04800076805 4.9714590571366915e-08
