galfind/configs/Brown_Dwarf_templates/sonora_cholla/logkzz7/316g/750K_316g_logkzz7_resample.dat
# %ECSV 1.0
# ---
# datatype:
# - {name: wav, unit: Angstrom, datatype: float64}
# - {name: flux_nu, unit: erg / (cm2 Hz s), datatype: float64}
# schema: astropy-2.0
wav flux_nu
[from data line 813]
43650.04800076804 1.353439931908369e-07
43700.04800076804 2.5153870127257863e-07
43750.04800076804 2.485580265896974e-07
43800.04800076804 1.8967059600943417e-07
43850.04800076804 1.8771612519595945e-07
43900.04800076804 1.67264244042863e-07
43950.04800076804 1.262510487107209e-07
44000.04800076804 9.056886346323464e-08
44050.04800076804 1.5118739982279e-07
44100.04800076804 1.6887959594768256e-07
44150.04800076804 1.586427520723983e-07
44200.04800076804 1.398111135150048e-07
44250.04800076804 1.0785414978969989e-07
44300.04800076804 9.66853801614995e-08
44350.04800076804 8.541365822090966e-08
44400.04800076804 8.367125673124621e-08
44450.04800076804 8.748958036943609e-08
44500.04800076804 6.930822219311073e-08
44550.04800076804 7.701663441054343e-08
44600.04800076804 5.840082541227183e-08
44650.04800076804 6.618148633000339e-08
44700.04800076804 5.710902069588015e-08
44750.04800076804 5.8871903915906875e-08
44800.04800076804 5.0469192001320003e-08
44850.04800076804 4.6637487342808636e-08
44900.04800076804 3.6563707616668174e-08
44950.04800076804 3.255424604755837e-08
45000.04800076804 3.311225171824473e-08
45050.04800076804 3.4676908264065874e-08
45100.04800076804 3.325556686846627e-08
45150.04800076804 2.732018727995536e-08
45200.04800076804 1.910648949111766e-08
45250.04800076804 2.0728464814939836e-08
45300.04800076804 2.5212436446249694e-08
45350.04800076804 2.2937868405987578e-08
45400.04800076804 1.7287674492705567e-08
45450.04800076804 1.5669411767093738e-08
45500.04800076804 1.834584018465448e-08
45550.04800076804 2.1199618356063046e-08
45600.04800076804 1.4112563390799925e-08
45650.04800076804 1.421055087519482e-08
45700.04800076804 2.0257484495258973e-08
45750.04800076804 1.5644811713209588e-08
45800.04800076804 1.155139152890217e-08
45850.04800076804 1.968377034331571e-08
45900.04800076804 1.9000383441444135e-08
45950.04800076804 1.1337526441789968e-08
46000.04800076804 1.777056402480185e-08
46050.04800076804 2.024387132901928e-08
46100.04800076804 1.1569025166090803e-08
46150.04800076804 2.1218500182203288e-08
46200.04800076804 2.0666900761474563e-08
46250.04800076804 9.116422453229532e-09
46300.04800076804 2.5658180247751153e-08
46350.04800076804 1.6939070095039022e-08
46400.04800076804 2.0462085682172535e-08
46450.04800076804 3.274995150430858e-08
46500.04800076804 2.034367205026923e-08
46550.04800076804 3.8970824326635514e-08
46600.04800076804 3.8669625185955904e-08
46650.04800076804 7.573756386301256e-08
46700.04800076804 5.20033433333708e-08
46750.04800076804 3.153689595804979e-08
46800.04800076804 2.279259123372238e-08
46850.04800076804 3.0918052935318724e-08
46900.04800076804 2.539005442072211e-08
46950.04800076804 4.2236143302858335e-08
47000.04800076804 1.660287822425921e-08
47050.04800076804 4.002804473495418e-08
47100.04800076804 1.503441857858617e-08
47150.04800076804 2.314041772272453e-08
47200.04800076804 2.4860819245358977e-08
47250.04800076804 1.5840334862351623e-08
47300.04800076804 2.2270941476061993e-08
47350.04800076804 1.3941570337850677e-08
47400.04800076804 3.144063167364824e-08
47450.04800076804 1.2863875454237197e-08
47500.04800076804 3.602690532544935e-08
47550.04800076804 1.4535836088833086e-08
47600.04800076804 3.4546626604750526e-08
47650.04800076804 1.6417240967348612e-08
47700.04800076804 3.312837291081831e-08
47750.04800076804 1.55425123878468e-08
47800.04800076804 3.2306915372890197e-08
47850.04800076804 1.5637796840342752e-08
47900.04800076804 2.7196263170117586e-08
47950.04800076804 2.038959366148426e-08
48000.04800076804 4.234748734843078e-08
48050.04800076804 2.5792738670127642e-08
48100.04800076804 3.954620936758967e-08
48150.04800076804 2.8086915072779574e-08
48200.04800076804 4.4988399544979864e-08
48250.04800076804 3.008534621622196e-08
48300.04800076804 5.6339639487652016e-08
48350.04800076804 2.9483351964586568e-08
48400.04800076804 3.690535847865255e-08
48450.04800076804 2.672430410607811e-08
48500.04800076804 5.481404380513987e-08
48550.04800076804 2.603442591475922e-08
48600.04800076804 5.6159511033845955e-08
48650.04800076804 2.8817424166618983e-08
48700.04800076804 6.458950326514968e-08
48750.04800076804 3.3871282126511905e-08
48800.04800076804 6.49975914723545e-08
48850.04800076804 4.517321138802817e-08
48900.04800076804 6.297773587527902e-08
48950.04800076804 6.121749771658862e-08
49000.04800076804 4.952579356118965e-08
49050.04800076804 7.025928235244693e-08
49100.04800076804 4.8782346552550526e-08
49150.04800076804 8.766586313678192e-08
49200.04800076804 4.6682133271361345e-08
49250.04800076804 9.316419711222812e-08
49300.04800076804 5.609058794789079e-08
49350.04800076804 6.11744187725858e-08
49400.04800076804 7.692566522226358e-08
49450.04800076804 7.030763486841932e-08
49500.04800076804 6.466423640774228e-08
49550.04800076804 2.7422617080092954e-08
49600.04800076804 6.765825946659487e-08
49650.04800076804 6.868344953598246e-08
49700.04800076804 7.04548819014981e-08
49750.04800076804 1.1928845970631941e-07
49800.04800076804 5.827042533161923e-08
49850.04800076804 1.3893588125493914e-07
49900.04800076804 9.175129875888097e-08
49950.04800076804 1.1317518258428611e-07
50000.04800076804 1.0910680640241446e-07
50050.04800076804 1.084285071281912e-07
50100.04800076804 1.2877244349803232e-07
50150.04800076804 5.430137053035842e-08
50200.04800076804 2.5302193822148726e-08
50250.04800076804 8.579945159230274e-08
50300.04800076804 6.430130402269547e-08
50350.04800076804 1.1358645910382813e-07
50400.04800076804 1.0092616418555106e-07
50450.04800076804 9.953598601366263e-08
50500.04800076804 1.478109601461459e-07
50550.04800076804 1.2009375820348358e-07
50600.04800076804 1.1775190966741422e-07
50650.04800076804 1.1666265575251537e-07
50700.04800076804 1.719586925084436e-07
50750.04800076804 1.3686728102148988e-07
50800.04800076804 5.452228490446713e-08
50850.04800076804 4.398205565431809e-08
50900.04800076804 1.3748440666803393e-07
50950.04800076804 1.376051607135521e-07
51000.04800076804 1.1172111986457285e-07
51050.04800076804 1.2547414139407666e-07
51100.04800076804 5.248532701821179e-08
51150.04800076804 7.891420372743183e-08
51200.04800076804 1.6429968580230098e-07
51250.04800076804 1.259833602126996e-07
51300.04800076804 8.37519612006464e-08
51350.04800076804 1.0212845897262085e-07
51400.04800076804 5.1744308456660954e-08
51450.04800076804 4.362018396003849e-08
51500.04800076804 3.78582197278398e-08
51550.04800076804 1.0001035115599559e-07
51600.04800076804 7.771686054432816e-08
51650.04800076804 1.0841416908681313e-07
51700.04800076804 1.1067348251930909e-07
51750.04800076804 6.86487682921448e-08
51800.04800076804 1.494996446442675e-07
51850.04800076804 1.2229478451197327e-07
51900.04800076804 1.540281860826887e-07
51950.04800076804 1.0170398776243961e-07
52000.04800076804 2.0328098587581253e-08
52050.04800076804 6.017472115280726e-08
52100.04800076804 4.565756511997725e-08
52150.04800076804 3.0574332715606766e-08
52200.04800076804 4.9714873412400895e-08
52250.04800076804 8.241087293855533e-08
52300.04800076804 1.3451277497300311e-07
52350.04800076804 5.437208683668843e-08
52400.04800076804 5.2112520627602495e-08
52450.04800076804 1.218985373618584e-07
52500.04800076804 1.1178291874320237e-07
52550.04800076804 1.068627168722765e-07
52600.04800076804 8.551302286707442e-08
52650.04800076804 9.050099526323414e-08
52700.04800076804 7.163757774781062e-08
52750.04800076804 4.3377889602584414e-08
52800.04800076804 5.476923967917152e-08
52850.04800076804 6.834395502828005e-08
52900.04800076804 4.1509400260109346e-08
52950.04800076804 5.320533700831772e-08
53000.04800076804 1.1206846315882345e-07
53050.04800076804 3.74723817434177e-08
53100.04800076804 1.1654712277115798e-07
53150.04800076804 1.3713937390202584e-07
53200.04800076804 5.388602011067331e-08
53250.04800076804 1.2174599375297215e-07
53300.04800076804 1.297180513597464e-07
53350.04800076804 1.2651414343477567e-07
53400.04800076804 1.0238919783344773e-07
53450.04800076804 3.314212130288475e-08
53500.04800076804 1.3891293552028288e-08
53550.04800076804 2.6641718308256132e-08
53600.04800076804 6.623214512571208e-08
53650.04800076804 5.973904923928177e-08
53700.04800076804 5.090373337567725e-08
53750.04800076804 4.8645956122606706e-08
53800.04800076804 4.842365492729381e-08
53850.04800076804 7.312191936977199e-08
53900.04800076804 9.085518653837823e-08
53950.04800076804 1.0780884988227822e-07
54000.04800076804 6.795455672426793e-08
54050.04800076804 7.379422626468138e-08
54100.04800076804 2.254869356348812e-08
54150.04800076804 3.54100975083138e-08
54200.04800076804 1.0247758109984738e-08
54250.04800076804 1.9899180449937366e-08
54300.04800076804 4.408722127359477e-08
54350.04800076804 6.29132746538943e-08
54400.04800076804 5.6229435493352874e-08
54450.04800076804 5.0030023725162134e-08
54500.04800076804 4.25591493862656e-08
54550.04800076804 3.9397142708165175e-08
54600.04800076804 4.3369939618479524e-08
54650.04800076804 1.2475776909295027e-08
54700.04800076804 5.13211490543244e-08
54750.04800076804 4.7414686254130455e-08
54800.04800076804 2.827121877541672e-08
54850.04800076804 4.0556526724558334e-08
54900.04800076804 6.394588678919928e-08
54950.04800076804 9.513642035377537e-08
55000.04800076804 3.04119322781545e-08
55050.04800076804 5.151459501452048e-08
55100.04800076804 5.673992505424401e-08
55150.04800076804 3.4661156469762373e-08
55200.04800076804 3.031151011723138e-08
55250.04800076804 4.180369122067435e-08
55300.04800076804 2.6860785743667947e-08
55350.04800076804 5.5532554574379734e-08
55400.04800076804 6.552393888421747e-08
55450.04800076804 3.88119994494532e-08
55500.04800076804 1.6913677210359694e-08
55550.04800076804 2.0682664679427652e-08
55600.04800076804 2.8422973033596854e-08
55650.04800076804 2.572437724253017e-08
55700.04800076804 2.9548242209849404e-08
55750.04800076804 2.8843105953422988e-08
55800.04800076804 1.5069796265089396e-08
55850.04800076804 1.8681311751650655e-08
55900.04800076804 4.452899979550009e-08
55950.04800076804 6.367318609877588e-08
56000.04800076804 2.4075896295516438e-08
56050.04800076804 3.15011976795557e-08
56100.04800076804 4.506832835218215e-08
56150.04800076804 2.419911938422207e-08
56200.04800076804 3.209175550660033e-08
56250.04800076804 4.92288832244137e-08
56300.04800076804 3.665569082575583e-08
56350.04800076804 2.8999905087583648e-08
56400.04800076804 1.2834376354325178e-08
56450.04800076804 1.200846231863673e-08
56500.04800076804 2.8254745302500637e-08
56550.04800076804 1.3403303292159613e-08
56600.04800076804 4.25086066110528e-08
56650.04800076804 4.693364510964971e-08
56700.04800076804 4.062147790907545e-08
56750.04800076804 1.471108911629838e-08
56800.04800076804 3.3160400952396066e-08
56850.04800076804 3.399367974778087e-08
56900.04800076804 2.084992433318115e-08
56950.04800076804 4.046554513042165e-08
57000.04800076804 5.0521057260923e-08
57050.04800076804 2.5031513574639148e-08
57100.04800076804 9.325014782778618e-09
57150.04800076804 1.613986501090627e-08
57200.04800076804 1.34890392245337e-08
57250.04800076804 1.9559548406180418e-08
57300.04800076804 3.014065036325909e-08
57350.04800076804 1.518578994736974e-08
57400.04800076804 3.7463731542891534e-08
57450.04800076804 2.274301563234205e-08
57500.04800076804 2.163468108819615e-08
57550.04800076804 3.1087934487405415e-08
57600.04800076804 2.92179617693155e-08
57650.04800076804 7.616664893959856e-09
57700.04800076804 1.2856161272756088e-08
57750.04800076804 2.0809410966995368e-08
57800.04800076804 8.334568575466587e-09
57850.04800076804 5.694265300850426e-08
57900.04800076804 6.574760570365962e-08
57950.04800076804 6.76391198469293e-08
58000.04800076804 2.304153531734221e-08
58050.04800076804 3.803218375750535e-08
58100.04800076804 3.9966870107607206e-08
58150.04800076804 2.5359635860921875e-08
58200.04800076804 8.125936244199915e-09
58250.04800076804 1.2275627070270213e-08
58300.04800076804 1.3027055732223712e-08
58350.04800076804 1.6210685074749193e-08
58400.04800076804 3.3314369056753787e-08
58450.04800076804 3.816144329934942e-08
58500.04800076804 3.7264648229293794e-08
58550.04800076804 3.486323339072012e-08
58600.04800076804 1.517934974677195e-08
58650.04800076804 1.9328439989013246e-08
58700.04800076804 2.5323925612569352e-08
58750.04800076804 2.2871803584515432e-08
58800.04800076804 5.279561070519679e-09
58850.04800076804 1.692985568496607e-08
58900.04800076804 2.35283727995676e-08
58950.04800076804 1.0655887679258097e-08
59000.04800076804 2.4841261535790682e-08
59050.04800076804 3.593772704525813e-08
59100.04800076804 3.7151224500565666e-08
59150.04800076804 2.7125321634926596e-08
59200.04800076804 3.02324589763594e-08
59250.04800076804 3.173550273952616e-08
59300.04800076804 2.599792154650996e-08
59350.04800076804 6.9502118414788005e-09
59400.04800076804 6.791309074430013e-09
59450.04800076804 2.713226001425534e-08
59500.04800076804 1.4048095034550573e-08
59550.04800076804 3.2938637577390975e-08
59600.04800076804 4.074138009642764e-08
59650.04800076804 2.0876506372372952e-08
59700.04800076804 1.4639964928451947e-08
59750.04800076804 4.6465910934981277e-08
59800.04800076804 2.088783083875733e-08
59850.04800076804 3.0102155290961145e-08
59900.04800076804 1.101342478693785e-08
59950.04800076804 2.569396099841353e-08
60000.04800076804 5.440428608349403e-08
60050.04800076804 5.073958180397964e-08
60100.04800076804 4.126027407804867e-08
60150.04800076804 1.939360921005866e-08
60200.04800076804 3.5507210162085004e-08
60250.04800076804 5.644151527523736e-08
60300.04800076804 4.836125036041743e-08
60350.04800076804 2.9440749238667688e-08
60400.04800076804 3.140602674040902e-08
60450.04800076804 9.676244946075084e-09
60500.04800076804 4.212632085792889e-09
60550.04800076804 2.8065338951072008e-08
60600.04800076804 3.535465465385584e-08
60650.04800076804 2.2965666169127407e-08
60700.04800076804 1.6866025194586968e-08
60750.04800076804 9.320605951504887e-09
60800.04800076804 3.393512259750192e-08
60850.04800076804 6.425187406233885e-08
60900.04800076804 5.7404010499255e-08
60950.04800076804 4.4267556637025965e-08
61000.04800076804 3.926766141665815e-08
61050.04800076804 1.716202415976574e-08
61100.04800076804 2.2110588317863546e-08
61150.04800076804 8.037919036417025e-09
61200.04800076804 3.6552459596240884e-08
61250.04800076804 4.743753989796163e-08
61300.04800076804 4.17156689413333e-08
61350.04800076804 6.644614674616419e-08
61400.04800076804 2.6546697407682637e-08
61450.04800076804 1.1566187858055492e-08
61500.04800076804 1.5133147271546806e-08
61550.04800076804 2.6032879109426344e-08
61600.04800076804 1.2523668533381375e-08
61650.04800076804 2.5798357451145767e-08
61700.04800076804 2.6795359998412493e-08
61750.04800076804 3.09160350322162e-08
61800.04800076804 2.769371045380609e-08
61850.04800076804 1.1629508107062502e-08
61900.04800076804 4.665883527293922e-08
61950.04800076804 5.447371608073562e-08
62000.04800076804 5.549386622614641e-08
62050.04800076804 5.777117412411247e-08
62100.04800076804 3.98815213866105e-08
62150.04800076804 5.50581292976255e-08
62200.04800076804 4.782631961824938e-08
62250.04800076804 3.7841857939182826e-08
62300.04800076804 8.071075628094e-08
62350.04800076804 6.42520562046589e-08
62400.04800076804 2.986928620846256e-08
62450.04800076804 4.2806361540248856e-08
62500.04800076804 7.554194141706368e-08
62550.04800076804 8.006527936444644e-08
62600.04800076804 7.330180197812119e-08
62650.04800076804 5.403802018859381e-08
62700.04800076804 4.761800659665069e-08
62750.04800076804 6.973695290134934e-08
62800.04800076804 3.9699078575219494e-08
62850.04800076804 6.258238365229456e-08
62900.04800076804 4.629379732494479e-08
62950.04800076804 8.598533153395354e-08
63000.04800076804 5.85570678610627e-08
63050.04800076804 1.0631918789510924e-07
63100.04800076804 9.54711627013231e-08
63150.04800076804 6.198438039791867e-08
63200.04800076804 6.921513219009225e-08
63250.04800076804 6.830737445477616e-08
63300.04800076804 5.835202714632143e-08
63350.04800076804 5.344282879765754e-08
63400.04800076804 2.2356524619459907e-08
