galfind/configs/Brown_Dwarf_templates/sonora_cholla/logkzz7/316g/800K_316g_logkzz7_resample.dat
# %ECSV 1.0
# ---
# datatype:
# - {name: wav, unit: Angstrom, datatype: float64}
# - {name: flux_nu, unit: erg / (cm2 Hz s), datatype: float64}
# schema: astropy-2.0
wav flux_nu
[from data line 1211]
63550.04800076804 7.615068239103792e-08
63600.04800076804 8.03579393933855e-08
63650.04800076804 5.121434528158953e-08
63700.04800076804 2.3475348283495044e-08
63750.04800076804 4.6144174532743445e-08
63800.04800076804 8.196059896099287e-08
63850.04800076804 6.489641764670577e-08
63900.04800076804 2.9585295784259972e-08
63950.04800076804 5.786203253628346e-08
64000.04800076804 7.022231579250262e-08
64050.04800076804 3.591505315757181e-08
64100.04800076804 1.0210155899457479e-08
64150.04800076804 1.594624440886725e-08
64200.04800076804 1.895019898114679e-08
64250.04800076804 4.157401835680043e-08
64300.04800076804 3.1364378214427195e-08
64350.04800076804 2.4694384259697075e-08
64400.04800076804 5.575573788566322e-08
64450.04800076804 6.0523083338568e-08
64500.04800076804 2.544597104724864e-08
64550.04800076804 4.866080899403969e-08
64600.04800076804 2.5455100660429313e-08
64650.04800076804 4.534247539126287e-08
64700.04800076804 1.8687188202872233e-08
64750.04800076804 2.80641993982905e-08
64800.04800076804 2.2067713855914684e-08
64850.04800076804 1.671761926820276e-08
64900.04800076804 1.810460917200353e-08
64950.04800076804 1.660508138140914e-08
65000.04800076804 2.3973009850917674e-08
65050.04800076804 3.365874233305941e-08
65100.04800076804 4.59453721140862e-08
65150.04800076804 2.3208328166330017e-08
65200.04800076804 1.4963282102353235e-08
65250.04800076804 3.614289697204219e-08
65300.04800076804 3.153007603011833e-08
65350.04800076804 7.590281194680225e-08
65400.04800076804 3.1670625600703804e-08
65450.04800076804 3.2423630935801836e-08
65500.04800076804 3.9847519703456696e-08
65550.04800076805 2.0085672653267427e-08
65600.04800076805 3.646627074709179e-08
65650.04800076805 2.8475073566139582e-08
65700.04800076805 2.6694582366780937e-08
65750.04800076805 1.8553595985481216e-08
65800.04800076805 3.404628318997473e-08
65850.04800076805 4.671429639770846e-08
65900.04800076805 1.7362304119019817e-08
65950.04800076805 2.1776532160166903e-08
66000.04800076805 2.956076025350087e-08
66050.04800076805 6.159185000345866e-08
66100.04800076805 3.3708295610926085e-08
66150.04800076805 2.7451777881946347e-08
66200.04800076805 2.6461388231376058e-08
66250.04800076805 2.0903370198866446e-08
66300.04800076805 9.055928143890533e-09
66350.04800076805 1.0785738208409471e-08
66400.04800076805 1.8520870618565767e-08
66450.04800076805 4.16960603021049e-08
66500.04800076805 5.874870564670916e-08
66550.04800076805 5.6614847451117746e-08
66600.04800076805 4.3542082153017726e-08
66650.04800076805 3.5478642020462855e-08
66700.04800076805 2.8650071516132215e-08
66750.04800076805 2.623438854324754e-08
66800.04800076805 3.500942786913381e-08
66850.04800076805 2.23746408969467e-08
66900.04800076805 5.8044385828465006e-08
66950.04800076805 6.047982881950924e-08
67000.04800076805 6.253625838877228e-08
67050.04800076805 3.750753624004698e-08
67100.04800076805 2.521554836135516e-08
67150.04800076805 2.7948326114356004e-08
67200.04800076805 4.105820125706786e-08
67250.04800076805 3.7957569669930315e-08
67300.04800076805 5.2213267035320064e-08
67350.04800076805 2.8728384201291753e-08
67400.04800076805 6.441531354090947e-08
67450.04800076805 4.362651571936495e-08
67500.04800076805 3.8996570088588255e-08
67550.04800076805 6.057629047102836e-08
67600.04800076805 1.0168650398389817e-07
67650.04800076805 7.410142961869265e-08
67700.04800076805 4.737705617054072e-08
67750.04800076805 3.448960434306295e-08
67800.04800076805 5.0887436782142313e-08
67850.04800076805 2.4427297297568127e-08
67900.04800076805 3.1287576406358285e-08
67950.04800076805 2.2842095148378385e-08
68000.04800076805 4.3119904621704516e-08
68050.04800076805 5.776725697711402e-08
68100.04800076805 7.479508754212396e-08
68150.04800076805 5.93213742847213e-08
68200.04800076805 5.4877238001175674e-08
68250.04800076805 1.5942028942987004e-08
68300.04800076805 5.129274408333915e-08
68350.04800076805 3.4349186000072625e-08
68400.04800076805 7.969802084028646e-08
68450.04800076805 6.762412441791754e-08
68500.04800076805 4.9064217842133876e-08
68550.04800076805 2.4703121700355073e-08
68600.04800076805 2.663057950827569e-08
68650.04800076805 1.4497777801382446e-08
68700.04800076805 3.1701969508254154e-08
68750.04800076805 4.64510692852901e-08
68800.04800076805 5.50398217829684e-08
68850.04800076805 2.217703509040936e-08
68900.04800076805 7.624823004107693e-08
68950.04800076805 7.760738089914229e-08
69000.04800076805 6.24614153543485e-08
69050.04800076805 3.240158680257384e-08
69100.04800076805 7.323417070032363e-08
69150.04800076805 9.415464821600576e-08
69200.04800076805 5.963264559962251e-08
69250.04800076805 9.395538684010228e-08
69300.04800076805 5.7486776523696336e-08
69350.04800076805 9.135005756842457e-08
69400.04800076805 3.428657069724366e-08
69450.04800076805 8.819130865991583e-08
69500.04800076805 4.328584610580809e-08
69550.04800076805 4.349765784809683e-08
69600.04800076805 1.3457586315851857e-08
69650.04800076805 4.006597758917791e-08
69700.04800076805 7.207704197675568e-08
69750.04800076805 4.77253861590034e-08
69800.04800076805 6.755262606737451e-08
69850.04800076805 7.14613878506153e-08
69900.04800076805 5.071295179846991e-08
69950.04800076805 4.972083928461452e-08
70000.04800076805 4.7158988837214315e-08
70050.04800076805 8.714000845082896e-08
70100.04800076805 6.039381601084955e-08
70150.04800076805 5.853643467217789e-08
70200.04800076805 3.874588153093802e-08
70250.04800076805 5.4192449205332096e-08
70300.04800076805 8.575193306600721e-08
70350.04800076805 6.134000557798471e-08
70400.04800076805 3.8029334412279155e-08
70450.04800076805 1.1808453730779698e-08
70500.04800076805 3.1432892128229935e-08
70550.04800076805 3.194074161923804e-08
70600.04800076805 3.142171128217694e-08
70650.04800076805 7.014753572277312e-08
70700.04800076805 6.59808052437878e-08
70750.04800076805 9.047926166800815e-08
70800.04800076805 4.893095203836718e-08
70850.04800076805 4.629205688073247e-08
70900.04800076805 5.1368863975184566e-08
70950.04800076805 7.452988998323643e-08
71000.04800076805 6.631816294611426e-08
71050.04800076805 6.90181654862512e-08
71100.04800076805 5.57568616295262e-08
71150.04800076805 4.5575449606676294e-08
71200.04800076805 4.000053225040563e-08
71250.04800076805 5.4950576983183743e-08
71300.04800076805 7.307224829806419e-08
71350.04800076805 7.46108155825636e-08
71400.04800076805 6.426571802167013e-08
71450.04800076805 3.046288017380518e-08
71500.04800076805 3.560494746352274e-08
71550.04800076805 4.2155235822293274e-08
71600.04800076805 5.0139632810269904e-08
71650.04800076805 3.738867880180698e-08
71700.04800076805 2.8196210180799034e-08
71750.04800076805 4.8022678794264696e-08
71800.04800076805 6.834184329573706e-08
71850.04800076805 6.53160184548788e-08
71900.04800076805 3.743247338304646e-08
71950.04800076805 4.9380411112315554e-08
72000.04800076805 4.626335589156449e-08
72050.04800076805 2.80865631580703e-08
72100.04800076805 3.4054677037952055e-08
72150.04800076805 3.16046030994923e-08
72200.04800076805 5.109046025543273e-08
72250.04800076805 6.292708858928768e-08
72300.04800076805 4.6846621778970036e-08
72350.04800076805 5.197737877558516e-08
72400.04800076805 4.498965097841205e-08
72450.04800076805 3.6744253246072494e-08
72500.04800076805 4.831929403683263e-08
72550.04800076805 2.15963030250841e-08
72600.04800076805 3.417959447299846e-08
72650.04800076805 5.706358239421909e-08
72700.04800076805 4.4681061945710854e-08
72750.04800076805 4.225084015247251e-08
72800.04800076805 3.046957343660022e-08
72850.04800076805 3.53666735271261e-08
72900.04800076805 6.08331388941951e-08
72950.04800076805 4.5118515530676534e-08
73000.04800076805 4.498532593188286e-08
73050.04800076805 2.88949189444304e-08
73100.04800076805 3.172321979204337e-08
73150.04800076805 6.90051227558372e-08
73200.04800076805 3.0750679674200416e-08
73250.04800076805 4.2111275391485986e-08
73300.04800076805 3.546260380141415e-08
73350.04800076805 2.468361926004088e-08
73400.04800076805 3.9698782585590365e-08
73450.04800076805 2.5050142972083966e-08
73500.04800076805 2.2579243685698977e-08
73550.04800076805 3.9185049409311283e-08
73600.04800076805 3.198508271697936e-08
73650.04800076805 3.955005829541041e-08
73700.04800076805 4.214674782513251e-08
73750.04800076805 2.008532893127134e-08
73800.04800076805 3.492355734806352e-08
73850.04800076805 4.4261251650892025e-08
73900.04800076805 3.5161027715808557e-08
73950.04800076805 3.2269716612587204e-08
74000.04800076805 2.1805279915636507e-08
74050.04800076805 5.8631266567518384e-08
74100.04800076805 3.718516832669731e-08
74150.04800076805 3.8656177847717455e-08
74200.04800076805 3.004923371094981e-08
74250.04800076805 1.0676038520464256e-08
74300.04800076805 3.558300483906368e-08
74350.04800076805 5.12676658661027e-08
74400.04800076805 4.7329776982246453e-08
74450.04800076805 2.2252199010680378e-08
74500.04800076805 1.825077161091023e-08
74550.04800076805 3.2158524640172597e-08
74600.04800076805 3.19126831558589e-08
74650.04800076805 3.152192822812298e-08
74700.04800076805 2.207436247212583e-08
74750.04800076805 2.0948569275845775e-08
74800.04800076805 2.705072569069559e-08
74850.04800076805 2.6381460405122224e-08
74900.04800076805 4.783768526828362e-08
74950.04800076805 4.8698938020967505e-08
75000.04800076805 2.7361127765587755e-08
75050.04800076805 1.4929540150213267e-08
75100.04800076805 5.061343256638235e-08
75150.04800076805 4.689121959895654e-08
75200.04800076805 5.210844388135436e-08
75250.04800076805 5.6493956445152635e-08
75300.04800076805 5.045013153203135e-08
75350.04800076805 2.2301729808697715e-08
75400.04800076805 5.974727949721069e-08
75450.04800076805 4.838171904055049e-08
75500.04800076805 4.4121222014685076e-08
75550.04800076805 4.8938504970024136e-08
75600.04800076805 6.638664277344009e-08
75650.04800076805 4.009013516699168e-08
75700.04800076805 5.1274175141056045e-08
75750.04800076805 2.9819526386683795e-08
75800.04800076805 4.813418475682498e-08
75850.04800076805 5.9492662954712335e-08
75900.04800076805 5.2295750761254e-08
75950.04800076805 3.007507710987885e-08
76000.04800076805 5.404983223357162e-08
76050.04800076805 5.330100166937845e-08
76100.04800076805 5.058047160577145e-08
76150.04800076805 5.563116210987827e-08
76200.04800076805 5.383900787621709e-08
76250.04800076805 5.005244917143454e-08
76300.04800076805 8.441152615877498e-08
76350.04800076805 9.42059444334638e-08
76400.04800076805 7.394000252667281e-08
76450.04800076805 6.615583856447055e-08
76500.04800076805 5.01554828266057e-08
76550.04800076805 2.9191210593592246e-08
76600.04800076805 9.369346834456929e-09
76650.04800076805 1.1246251425589214e-08
76700.04800076805 1.4510866646143771e-08
76750.04800076805 1.4105572327507206e-08
76800.04800076805 2.6205795400774957e-08
76850.04800076805 8.957246152894405e-09
76900.04800076805 1.0904561708394025e-08
76950.04800076805 2.295389431855234e-08
77000.04800076805 2.7968923104096934e-08
77050.04800076805 1.3527412520714937e-08
77100.04800076805 1.683847967433871e-08
77150.04800076805 3.1357663217039445e-08
77200.04800076805 2.381486947304935e-08
77250.04800076805 2.569036120820815e-08
77300.04800076805 2.905780995935014e-08
77350.04800076805 1.417462527449022e-08
77400.04800076805 1.717604744081234e-08
77450.04800076805 2.5318740035882403e-08
77500.04800076805 2.2486367569212803e-08
77550.04800076805 2.4110602431796117e-08
77600.04800076805 2.1003450265350525e-08
77650.04800076805 2.3029649746337627e-08
77700.04800076805 1.9102318382313582e-08
77750.04800076805 3.7896370014949334e-08
77800.04800076805 3.246121292896638e-08
77850.04800076805 5.7869191770033766e-08
77900.04800076805 3.816576851922336e-08
77950.04800076805 1.6305919829148596e-08
78000.04800076805 2.9843259329286544e-08
78050.04800076805 3.211381586838058e-08
78100.04800076805 2.8723882348617908e-08
78150.04800076805 4.9981884545784277e-08
78200.04800076805 4.6673493701524174e-08
78250.04800076805 5.081360332988178e-08
78300.04800076805 3.903813427841729e-08
78350.04800076805 4.6308262551785576e-08
78400.04800076805 2.6568366101218536e-08
78450.04800076805 5.126969898830224e-08
78500.04800076805 5.7164087403056425e-08
78550.04800076805 6.453705584579912e-08
78600.04800076805 5.151131718868014e-08
78650.04800076805 1.4850253905394805e-08
78700.04800076805 2.714735248872911e-08
78750.04800076805 3.112684058578854e-08
78800.04800076805 4.3295018258459105e-08
78850.04800076805 1.934616441113125e-08
78900.04800076805 3.7095299809220955e-08
78950.04800076805 4.412438223810917e-08
79000.04800076805 4.121155357933665e-08
79050.04800076805 3.467142196630691e-08
79100.04800076805 3.804225987327491e-08
79150.04800076805 4.051782571860827e-08
79200.04800076805 4.772612568019954e-08
79250.04800076805 3.25925243537478e-08
79300.04800076805 2.609877192151927e-08
79350.04800076805 4.093134877645613e-08
79400.04800076805 2.906886078570497e-08
79450.04800076805 5.538677232822561e-08
79500.04800076805 7.600836039403321e-08
79550.04800076805 5.699320140122964e-08
79600.04800076805 2.950734299283954e-08
79650.04800076805 4.511316621316083e-08
79700.04800076805 4.705395803727714e-08
79750.04800076805 4.9382672429133924e-08
79800.04800076805 2.869451860188234e-08
79850.04800076805 4.4532242993187684e-08
79900.04800076805 7.985189870386153e-08
79950.04800076805 6.060995263957635e-08
