galfind/configs/Brown_Dwarf_templates/sonora_cholla/logkzz7/316g/800K_316g_logkzz7_resample.dat
# %ECSV 1.0
# ---
# datatype:
# - {name: wav, unit: Angstrom, datatype: float64}
# - {name: flux_nu, unit: erg / (cm2 Hz s), datatype: float64}
# schema: astropy-2.0
wav flux_nu
[from data line 417]
23850.04800076804 1.7942715707235556e-09
23900.04800076804 3.2159296276853876e-09
23950.04800076804 2.906196173752811e-09
24000.04800076804 4.223068892811917e-09
24050.04800076804 4.751319119473147e-09
24100.04800076804 3.929933893487845e-09
24150.04800076804 4.7375679500012254e-09
24200.04800076804 4.824472208474693e-09
24250.04800076804 3.750164497102113e-09
24300.04800076804 5.624647029839127e-09
24350.04800076804 4.140289565410307e-09
24400.04800076804 7.745196896391116e-09
24450.04800076804 6.44514181604127e-09
24500.04800076804 7.008601810084532e-09
24550.04800076804 8.408650502989663e-09
24600.04800076804 9.686087161823306e-09
24650.04800076804 1.1042575928673723e-08
24700.04800076804 7.908286487081918e-09
24750.04800076804 8.289151338261991e-09
24800.04800076804 8.03064639866616e-09
24850.04800076804 1.24979537494764e-08
24900.04800076804 5.320652020602408e-09
24950.04800076804 9.788566523221352e-09
25000.04800076804 9.542298430928661e-09
25050.04800076804 5.7334986768500545e-09
25100.04800076804 8.386194030825215e-09
25150.04800076804 4.485360391157043e-09
25200.04800076804 6.473151760987331e-09
25250.04800076804 3.063429423589611e-09
25300.04800076804 4.747189272914682e-09
25350.04800076804 2.208510757418624e-09
25400.04800076804 5.161104682690913e-09
25450.04800076804 2.444686785999775e-09
25500.04800076804 2.1771054372886815e-09
25550.04800076804 3.546845547401028e-09
25600.04800076804 2.1338776230891873e-09
25650.04800076804 1.4001820994516414e-09
25700.04800076804 2.6514333175536817e-09
25750.04800076804 1.0498391674752206e-09
25800.04800076804 3.345547901379323e-09
25850.04800076804 9.779018233985656e-10
25900.04800076804 1.5500266486320331e-09
25950.04800076804 6.77185395417331e-10
26000.04800076804 3.1481378515233528e-09
26050.04800076804 9.880910034200988e-10
26100.04800076804 3.014500215998519e-09
26150.04800076804 1.8656439375423603e-09
26200.04800076804 2.1369637608317973e-09
26250.04800076804 6.137979978767962e-09
26300.04800076804 2.550426784488255e-09
26350.04800076804 7.153536388978688e-09
26400.04800076804 8.937186760160708e-09
26450.04800076804 7.604752745969742e-09
26500.04800076804 9.306477646913207e-09
26550.04800076804 3.4509481096636676e-09
26600.04800076804 3.81988076334962e-09
26650.04800076804 1.2274896049412003e-09
26700.04800076804 7.072150168490415e-10
26750.04800076804 8.64736977073835e-10
26800.04800076804 1.5407068312887045e-09
26850.04800076804 9.122732215201092e-10
26900.04800076804 2.8907347071268246e-09
26950.04800076804 1.2029837756577834e-09
27000.04800076804 4.2550512754672595e-09
27050.04800076804 4.128868998703042e-09
27100.04800076804 1.7139984830675854e-09
27150.04800076804 5.736246976285311e-09
27200.04800076804 1.6470932741631827e-09
27250.04800076804 3.0706869135990194e-09
27300.04800076804 1.2129342270762944e-08
27350.04800076804 6.206019082287534e-09
27400.04800076804 8.154833563469761e-10
27450.04800076804 7.777367635091899e-09
27500.04800076804 9.868640596235958e-09
27550.04800076804 2.4231159975635033e-09
27600.04800076804 5.349501702713143e-09
27650.04800076804 1.9705877195716272e-09
27700.04800076804 1.5781471934672676e-09
27750.04800076804 6.17314589439934e-09
27800.04800076804 2.4905830234030695e-09
27850.04800076804 3.0790176864360487e-09
27900.04800076804 4.235578192713553e-09
27950.04800076804 7.738940037405138e-09
28000.04800076804 6.0754280734079025e-09
28050.04800076804 1.7456540598475712e-09
28100.04800076804 9.1863472954207e-09
28150.04800076804 5.588466261565075e-09
28200.04800076804 1.9319673974568927e-09
28250.04800076804 1.008820728778411e-08
28300.04800076804 1.3640351847007933e-08
28350.04800076804 2.6865827269768517e-09
28400.04800076804 7.728154271915206e-09
28450.04800076804 1.2712778782081107e-08
28500.04800076804 7.424682737094718e-09
28550.04800076804 2.3618865345371742e-09
28600.04800076804 1.1769299363053844e-08
28650.04800076804 1.0737921794486338e-08
28700.04800076804 8.97951475391969e-09
28750.04800076804 1.5809268269711095e-08
28800.04800076804 1.3530488229734285e-08
28850.04800076804 1.598550865048497e-08
28900.04800076804 7.072777379344916e-09
28950.04800076804 2.12807770184768e-08
29000.04800076804 1.3415938370274343e-08
29050.04800076804 1.600175564999684e-08
29100.04800076804 1.082798150764198e-08
29150.04800076804 2.4878681488342712e-08
29200.04800076804 1.4730526509182152e-08
29250.04800076804 2.174821695575811e-08
29300.04800076804 1.2371656387460597e-08
29350.04800076804 5.1369342550471014e-08
29400.04800076804 1.6620094033012487e-08
29450.04800076804 2.0585719151448088e-08
29500.04800076804 2.8266735912469994e-08
29550.04800076804 1.9535532985374074e-08
29600.04800076804 2.831940427631656e-08
29650.04800076804 3.008418290032071e-08
29700.04800076804 1.716242490071584e-08
29750.04800076804 2.788062047378966e-08
29800.04800076804 2.947439035048902e-08
29850.04800076804 3.915292602119051e-08
29900.04800076804 4.0214572365531486e-08
29950.04800076804 3.01059394972063e-08
30000.04800076804 1.5271920805029487e-08
30050.04800076804 1.840171839580953e-08
30100.04800076804 2.8266841534725927e-08
30150.04800076804 4.056880927520634e-08
30200.04800076804 2.671732749253634e-08
30250.04800076804 5.274594864136863e-08
30300.04800076804 4.39895455572098e-08
30350.04800076804 3.2977994816572535e-08
30400.04800076804 4.8783318108505916e-08
30450.04800076804 3.3769334040826886e-08
30500.04800076804 3.164197587729917e-08
30550.04800076804 2.8768793391937234e-08
30600.04800076804 4.759619592635633e-08
30650.04800076804 3.588645794999042e-08
30700.04800076804 3.0350894680907754e-08
30750.04800076804 3.330764644207877e-08
30800.04800076804 2.5688339579113647e-08
30850.04800076804 2.9543573046016715e-08
30900.04800076804 2.7911324839917442e-08
30950.04800076804 1.602961112255492e-08
31000.04800076804 2.2944465419631375e-08
31050.04800076804 2.3196842182127272e-08
31100.04800076804 1.512590485169675e-08
31150.04800076804 1.9563238054398753e-08
31200.04800076804 2.462385564784882e-08
31250.04800076804 1.5109515415958907e-08
31300.04800076804 1.4215510681615492e-08
31350.04800076804 1.5039741871817903e-08
31400.04800076804 9.592290114147163e-09
31450.04800076804 1.4411075154553061e-08
31500.04800076804 8.288145302097101e-09
31550.04800076804 1.0493445941385552e-08
31600.04800076804 7.001644904759859e-09
31650.04800076804 6.7124339235760695e-09
31700.04800076804 8.596695319255922e-09
31750.04800076804 4.240168619387995e-09
31800.04800076804 8.193704142429413e-09
31850.04800076804 4.245592598209487e-09
31900.04800076804 6.199162369786807e-09
31950.04800076804 4.430975956468283e-09
32000.04800076804 4.756239335217691e-09
32050.04800076804 4.029771744556046e-09
32100.04800076804 3.3773014908112344e-09
32150.04800076804 4.753407184435565e-09
32200.04800076804 2.914549725711002e-09
32250.04800076804 6.4272763280801834e-09
32300.04800076804 2.4128818762939584e-09
32350.04800076804 7.265802617868229e-09
32400.04800076804 3.126036794762341e-09
32450.04800076804 5.5827166623175946e-09
32500.04800076804 3.9000229238059355e-09
32550.04800076804 5.693376896540273e-09
32600.04800076804 5.140436554443604e-09
32650.04800076804 8.238063275756826e-09
32700.04800076804 6.164535260234502e-09
32750.04800076804 1.1224174100798998e-08
32800.04800076804 8.992372362380398e-09
32850.04800076804 1.4175211654125641e-08
32900.04800076804 1.3999145861042288e-08
32950.04800076804 1.5329108038695244e-08
33000.04800076804 1.0301592867687315e-08
33050.04800076804 1.149659337164227e-08
33100.04800076804 4.787496477750017e-09
33150.04800076804 1.6589929941479523e-10
33200.04800076804 4.369595767817071e-10
33250.04800076804 3.224462878944866e-10
33300.04800076804 6.604178353428549e-10
33350.04800076804 1.9035742597405542e-09
33400.04800076804 3.6597687920757364e-09
33450.04800076804 4.164907469865791e-09
33500.04800076804 8.338349036342488e-09
33550.04800076804 5.6654948793738994e-09
33600.04800076804 8.924579197057338e-09
33650.04800076804 8.046963376458141e-09
33700.04800076804 6.00321129198374e-09
33750.04800076804 1.1102879248812628e-08
33800.04800076804 4.122295627691061e-09
33850.04800076804 7.68871540606303e-09
33900.04800076804 7.57332308946547e-09
33950.04800076804 7.746041012725843e-09
34000.04800076804 1.077479016390937e-08
34050.04800076804 3.5164706213178888e-09
34100.04800076804 9.170938232897557e-09
34150.04800076804 5.341838187197611e-09
34200.04800076804 8.497998792354678e-09
34250.04800076804 6.897857613635106e-09
34300.04800076804 5.880568722869011e-09
34350.04800076804 1.0066437959520277e-08
34400.04800076804 5.721768680470499e-09
34450.04800076804 1.0981318304174767e-08
34500.04800076804 6.826823506076184e-09
34550.04800076804 4.8549728702687464e-09
34600.04800076804 1.2171414260904637e-08
34650.04800076804 4.770482918903669e-09
34700.04800076804 7.65319819223569e-09
34750.04800076804 7.440303298822423e-09
34800.04800076804 4.97273915109764e-09
34850.04800076804 1.0670898346390515e-08
34900.04800076804 8.764990677052067e-09
34950.04800076804 9.23701510028204e-09
35000.04800076804 1.47441646793201e-08
35050.04800076804 9.024211939206707e-09
35100.04800076804 1.611658385455959e-08
35150.04800076804 1.4095776435531721e-08
35200.04800076804 1.6284384038038998e-08
35250.04800076804 1.8891744094479788e-08
35300.04800076804 1.1356575821919715e-08
35350.04800076804 1.8011427156588138e-08
35400.04800076804 1.6384456336139744e-08
35450.04800076804 1.3473276349227746e-08
35500.04800076804 2.9585384590645246e-08
35550.04800076804 1.9527819410405082e-08
35600.04800076804 2.257002822003415e-08
35650.04800076804 2.3445592677972486e-08
35700.04800076804 1.633984213222832e-08
35750.04800076804 3.3618703644943465e-08
35800.04800076804 2.496469110893647e-08
35850.04800076804 1.6324878545925896e-08
35900.04800076804 2.6959188138042263e-08
35950.04800076804 2.7922071024060725e-08
36000.04800076804 1.783311870731711e-08
36050.04800076804 2.5976211300944882e-08
36100.04800076804 2.3493417313564415e-08
36150.04800076804 3.369477899779305e-08
36200.04800076804 3.100752507637273e-08
36250.04800076804 3.346013899658062e-08
36300.04800076804 4.0267156489450116e-08
36350.04800076804 3.493359605336761e-08
36400.04800076804 5.07971898323499e-08
36450.04800076804 4.391498519873558e-08
36500.04800076804 4.477986279479378e-08
36550.04800076804 5.943233432246864e-08
36600.04800076804 6.64658686644143e-08
36650.04800076804 6.08186173210716e-08
36700.04800076804 6.520792340155366e-08
36750.04800076804 6.976347347248558e-08
36800.04800076804 6.837252336393527e-08
36850.04800076804 5.366854866086132e-08
36900.04800076804 6.579026870627184e-08
36950.04800076804 7.050893678412118e-08
37000.04800076804 6.455965169869116e-08
37050.04800076804 7.654677890224362e-08
37100.04800076804 7.545782015250399e-08
37150.04800076804 7.862632971700258e-08
37200.04800076804 8.412338002759646e-08
37250.04800076804 6.811485820712383e-08
37300.04800076804 6.824133836833865e-08
37350.04800076804 8.794147086908782e-08
37400.04800076804 1.0661827735625664e-07
37450.04800076804 7.753970942340025e-08
37500.04800076804 7.452297441260377e-08
37550.04800076804 1.1622660309472955e-07
37600.04800076804 1.366760222999969e-07
37650.04800076804 8.63801893343394e-08
37700.04800076804 1.1351589187665194e-07
37750.04800076804 8.281063857133791e-08
37800.04800076804 9.520079876981273e-08
37850.04800076804 6.927531652355211e-08
37900.04800076804 8.55489069655692e-08
37950.04800076804 1.099013993046283e-07
38000.04800076804 1.3001138615401469e-07
38050.04800076804 1.2123342884781206e-07
38100.04800076804 1.3681806386158872e-07
38150.04800076804 1.35192425999098e-07
38200.04800076804 1.4128544952561306e-07
38250.04800076804 1.3720337536066345e-07
38300.04800076804 1.874763338499847e-07
38350.04800076804 1.7771069761169954e-07
38400.04800076804 1.154251159134715e-07
38450.04800076804 1.1112919652722819e-07
38500.04800076804 8.103828218450817e-08
38550.04800076804 1.2104319404390862e-07
38600.04800076804 1.289574331027177e-07
38650.04800076804 1.6562515049150166e-07
38700.04800076804 1.631068212175735e-07
38750.04800076804 1.627954149299339e-07
38800.04800076804 1.2848292436667682e-07
38850.04800076804 1.773710116011396e-07
38900.04800076804 1.8520937849494535e-07
38950.04800076804 1.4334008164886095e-07
39000.04800076804 1.986386222131029e-07
39050.04800076804 1.5818390496473014e-07
39100.04800076804 1.7846835285231905e-07
39150.04800076804 1.7405802607519934e-07
39200.04800076804 1.575502591007745e-07
39250.04800076804 2.02902730887676e-07
39300.04800076804 1.875383300713497e-07
39350.04800076804 2.441063710662996e-07
39400.04800076804 2.0854386707853897e-07
39450.04800076804 2.175767106179729e-07
39500.04800076804 2.1422036738547263e-07
39550.04800076804 1.97052698729833e-07
39600.04800076804 2.1784487647018482e-07
39650.04800076804 2.712273348267177e-07
39700.04800076804 2.2059626332270957e-07
39750.04800076804 1.5762021216736705e-07
39800.04800076804 2.0323250460489884e-07
39850.04800076804 2.6033816088445117e-07
39900.04800076804 2.675884911446608e-07
39950.04800076804 2.2738776401513406e-07
40000.04800076804 2.796277728356906e-07
40050.04800076804 2.6430316738766184e-07
40100.04800076804 1.8371327314189658e-07
40150.04800076804 2.8516796783269304e-07
40200.04800076804 2.812179597569291e-07
40250.04800076804 2.8431174726177995e-07
40300.04800076804 2.9412339332384506e-07
40350.04800076804 2.1941931198960998e-07
40400.04800076804 2.909127781478909e-07
40450.04800076804 2.3882659538800955e-07
40500.04800076804 2.9101384565700363e-07
40550.04800076804 2.9660448161319436e-07
40600.04800076804 2.80134962993944e-07
40650.04800076804 2.7655162214354226e-07
40700.04800076804 3.7910054057963036e-07
40750.04800076804 3.0693729759026154e-07
40800.04800076804 2.379571563332776e-07
40850.04800076804 3.552542924692387e-07
40900.04800076804 3.3661596133431805e-07
40950.04800076804 2.73195940853181e-07
41000.04800076804 3.0409948596367845e-07
41050.04800076804 3.623670540725648e-07
41100.04800076804 2.679316136548792e-07
41150.04800076804 2.2140153101455333e-07
41200.04800076804 3.6658316363488643e-07
41250.04800076804 3.257725740417242e-07
41300.04800076804 2.779629467108957e-07
41350.04800076804 3.795385355622859e-07
41400.04800076804 3.2695442859049125e-07
41450.04800076804 3.563723813276878e-07
41500.04800076804 2.862736271382e-07
41550.04800076804 2.618531029808915e-07
41600.04800076804 3.2422777871430037e-07
41650.04800076804 3.402557600016965e-07
41700.04800076804 3.0669023437389543e-07
41750.04800076804 2.920494032126938e-07
41800.04800076804 3.7867409346913736e-07
41850.04800076804 2.3014794759907493e-07
41900.04800076804 2.668468276770994e-07
41950.04800076804 3.0151579032312755e-07
42000.04800076804 3.3271485960289245e-07
42050.04800076804 2.746802521284898e-07
42100.04800076804 3.420379874090204e-07
42150.04800076804 2.430263297545529e-07
42200.04800076804 2.688234076253547e-07
42250.04800076804 2.541138473425019e-07
42300.04800076804 2.398908994174704e-07
42350.04800076804 2.772438932518247e-07
42400.04800076804 2.5828878517658827e-07
42450.04800076804 2.405186624912927e-07
42500.04800076804 2.476219654769732e-07
42550.04800076804 2.297166132121619e-07
42600.04800076804 2.672391337157532e-07
42650.04800076804 3.476820859972966e-07
42700.04800076804 2.236322185810493e-07
42750.04800076804 2.32260392168339e-07
42800.04800076804 2.215416460031726e-07
42850.04800076804 2.8196828071609387e-07
42900.04800076804 2.9568239359328894e-07
42950.04800076804 2.1178131985419633e-07
43000.04800076804 2.935808861898408e-07
43050.04800076804 1.4708037174333575e-07
43100.04800076804 2.3084455521747439e-07
43150.04800076804 2.4541224129039503e-07
43200.04800076804 2.645228491476231e-07
43250.04800076804 3.213067786055429e-07
43300.04800076804 3.447453377215201e-07
43350.04800076804 1.9873948657340465e-07
43400.04800076804 2.6582234247732774e-07
43450.04800076804 1.9107937823963786e-07
43500.04800076804 2.1797080472921973e-07
43550.04800076804 2.0687758525068338e-07
43600.04800076804 2.710608943558335e-07
