galfind/configs/Brown_Dwarf_templates/sonora_cholla/logkzz7/316g/850K_316g_logkzz7_resample.dat
# %ECSV 1.0
# ---
# datatype:
# - {name: wav, unit: Angstrom, datatype: float64}
# - {name: flux_nu, unit: erg / (cm2 Hz s), datatype: float64}
# schema: astropy-2.0
wav flux_nu
[from data line 774]
48700.000000000095 8.723169237678035e-08
48750.000000000095 4.697081292963102e-08
48800.000000000095 8.564536140472203e-08
48850.000000000095 6.077936649181078e-08
48900.000000000095 8.719714388746683e-08
48950.000000000095 8.284198716684205e-08
49000.000000000095 6.949321776150248e-08
49050.000000000095 9.020799303981428e-08
49100.000000000095 6.39334579705076e-08
49150.000000000095 1.117341074184734e-07
49200.000000000095 6.227525110118889e-08
49250.000000000095 1.1548892211823339e-07
49300.000000000095 7.44365724517424e-08
49350.000000000095 8.592656042421659e-08
49400.000000000095 1.0439349671119074e-07
49450.000000000095 9.219046243255076e-08
49500.000000000095 9.031131433105808e-08
49550.000000000095 4.630952153563266e-08
49600.000000000095 9.60385843378186e-08
49650.000000000095 9.180140617387092e-08
49700.000000000095 8.94225026908332e-08
49750.000000000095 1.526316447299983e-07
49800.000000000095 7.982132028789568e-08
49850.000000000095 1.720187069402593e-07
49900.000000000095 1.148697309179948e-07
49950.000000000095 1.4198965276547114e-07
50000.000000000095 1.4356951630310905e-07
50050.000000000095 1.3441201452260831e-07
50100.000000000095 1.7407338642839308e-07
50150.000000000095 7.844653357882642e-08
50200.000000000095 4.6619959048749876e-08
50250.000000000095 1.287729254946585e-07
50300.000000000095 9.493207566331527e-08
50350.000000000095 1.4815310890275018e-07
50400.000000000095 1.28360034371735e-07
50450.000000000095 1.3264293445011922e-07
50500.000000000095 1.8748516728316776e-07
50550.000000000095 1.478764935642261e-07
50600.000000000095 1.5865735304277805e-07
50650.000000000095 1.4640927545487386e-07
50700.000000000095 2.1722584409663267e-07
50750.000000000095 1.9142509052285146e-07
50800.000000000095 8.229087580430743e-08
50850.000000000095 7.829919575047728e-08
50900.000000000095 1.8606976451555988e-07
50950.000000000095 1.8885416687559198e-07
51000.000000000095 1.622279820951538e-07
51050.000000000095 1.6517226653430458e-07
51100.000000000095 8.293045215251899e-08
51150.000000000095 1.194632076910529e-07
51200.000000000095 2.0873967895938665e-07
51250.000000000095 1.7557293590161107e-07
51300.000000000095 1.1228372189599793e-07
51350.000000000095 1.455099803745724e-07
51400.000000000095 8.780807646139339e-08
51450.000000000095 7.531140717364036e-08
51500.000000000095 6.583478110726265e-08
51550.000000000095 1.5245256505252468e-07
51600.000000000095 1.1091743451961503e-07
51650.000000000095 1.5343754210193857e-07
51700.000000000095 1.592821852066793e-07
51750.000000000095 1.0089633095664768e-07
51800.000000000095 2.1189457253047692e-07
51850.000000000095 1.7235485174449866e-07
51900.000000000095 2.1608115771748506e-07
51950.000000000095 1.579972817792758e-07
52000.000000000095 4.075651984573759e-08
52050.000000000095 9.851692889314218e-08
52100.000000000095 8.0823085118305e-08
52150.000000000095 5.881977617800266e-08
52200.000000000095 8.095550978423872e-08
52250.000000000095 1.1978405408365188e-07
52300.000000000095 2.0089859679868203e-07
52350.000000000095 9.757801501535228e-08
52400.000000000095 8.75012239897311e-08
52450.000000000095 1.727375625999769e-07
52500.000000000095 1.6122951122853668e-07
52550.000000000095 1.5574699986368193e-07
52600.000000000095 1.2464752255201045e-07
52650.000000000095 1.3808973031897515e-07
52700.000000000095 1.0960720104607805e-07
52750.000000000095 7.452200721222245e-08
52800.000000000095 8.77842253032544e-08
52850.000000000095 1.0672814127354235e-07
52900.000000000095 7.403635545256567e-08
52950.000000000095 8.634698919564973e-08
53000.000000000095 1.7221108018578186e-07
53050.000000000095 6.374383401923502e-08
53100.000000000095 1.6977233583784456e-07
53150.000000000095 1.9922068002961064e-07
53200.000000000095 8.332449136021461e-08
53250.000000000095 1.7677209689096677e-07
53300.000000000095 1.890026463206874e-07
53350.000000000095 1.806686820377013e-07
53400.000000000095 1.6334410886052095e-07
53450.000000000095 6.144806116043102e-08
53500.000000000095 3.075517129510565e-08
53550.000000000095 5.431002411049336e-08
53600.000000000095 1.08251854287315e-07
53650.000000000095 9.3280576821732e-08
53700.000000000095 8.220874612472578e-08
53750.000000000095 8.021221289929306e-08
53800.000000000095 8.16280373319773e-08
53850.000000000095 1.1532572599118285e-07
53900.000000000095 1.2747113435220392e-07
53950.000000000095 1.6111625930246028e-07
54000.000000000095 1.0592702379864279e-07
54050.000000000095 1.1208210277902758e-07
54100.000000000095 4.17370966387065e-08
54150.000000000095 6.431828488226948e-08
54200.000000000095 2.3763970081240846e-08
54250.000000000095 3.776333054697543e-08
54300.000000000095 7.373177712784697e-08
54350.000000000095 1.0267700384254184e-07
54400.000000000095 9.670299330410104e-08
54450.000000000095 8.502113966619773e-08
54500.000000000095 7.392096245183738e-08
54550.000000000095 6.540495902422024e-08
54600.000000000095 7.735923713028718e-08
54650.000000000095 2.926980990873759e-08
54700.000000000095 9.213754439115078e-08
54750.000000000095 8.549530457385659e-08
54800.000000000095 5.4147894342141054e-08
54850.000000000095 7.18648194771512e-08
54900.000000000095 1.0504666175275724e-07
54950.000000000095 1.5182993925955368e-07
55000.000000000095 5.444711874466667e-08
55050.000000000095 8.746388844987263e-08
55100.000000000095 8.905896737593476e-08
55150.000000000095 6.129530344908093e-08
55200.000000000095 5.6789083396427655e-08
55250.000000000095 7.253542077347325e-08
55300.000000000095 4.86235340620413e-08
55350.000000000095 9.227875445353639e-08
55400.000000000095 1.116665929459361e-07
55450.000000000095 6.99519404721958e-08
55500.000000000095 3.324128000320556e-08
55550.000000000095 4.384209713463087e-08
55600.000000000095 5.089556188079001e-08
55650.000000000095 4.6143719593197647e-08
55700.000000000095 5.513391023005759e-08
55750.000000000095 5.809471633231099e-08
55800.000000000095 3.4189261477018075e-08
55850.000000000095 3.696471248951205e-08
55900.000000000095 7.963023054913685e-08
55950.000000000095 1.0963935944938582e-07
56000.000000000095 4.4885842338103906e-08
56050.000000000095 5.957806675425701e-08
56100.000000000095 7.94137764353726e-08
56150.000000000095 4.8577228707940164e-08
56200.000000000095 6.02626818538421e-08
56250.000000000095 8.030209421467311e-08
56300.000000000095 6.85734192493478e-08
56350.000000000095 5.946901831435261e-08
56400.000000000095 3.131096635422655e-08
56450.000000000095 2.853918524718656e-08
56500.000000000095 5.301478557528179e-08
56550.000000000095 2.8143041680244794e-08
56600.000000000095 7.599159979680946e-08
56650.000000000095 7.898213574554993e-08
56700.000000000095 7.662146370471447e-08
56750.000000000095 3.1813214236038394e-08
56800.000000000095 6.627771017676277e-08
56850.000000000095 6.175234141935664e-08
56900.000000000095 4.1952730375296316e-08
56950.000000000095 7.453594631530513e-08
57000.000000000095 8.856309311901541e-08
57050.000000000095 4.8410744794353963e-08
57100.000000000095 2.0961513656364302e-08
57150.000000000095 3.48717751485741e-08
57200.000000000095 2.8729977673905444e-08
57250.000000000095 4.1081346959524806e-08
57300.000000000095 5.909960886958494e-08
57350.000000000095 3.2018351863052774e-08
57400.000000000095 6.811373580065238e-08
57450.000000000095 4.841138234341883e-08
57500.000000000095 4.492819159144767e-08
57550.000000000095 6.266206369215643e-08
57600.000000000095 6.182451421912616e-08
57650.000000000095 1.903298251588453e-08
57700.000000000095 2.8982820306792482e-08
57750.000000000095 4.096596804694124e-08
57800.000000000095 1.7237259866668704e-08
57850.000000000095 9.882231377026816e-08
57900.000000000095 1.1415561171949301e-07
57950.000000000095 1.1052768805254364e-07
58000.000000000095 4.368846585113406e-08
58050.000000000095 6.772881489969488e-08
58100.000000000095 7.712523045852645e-08
58150.000000000095 5.1022994537200026e-08
58200.000000000095 2.077809520529807e-08
58250.000000000095 2.8143395454017087e-08
58300.000000000095 2.826522980190257e-08
58350.000000000095 3.47176833227054e-08
58400.000000000095 6.123536682578901e-08
58450.000000000095 6.841579399113534e-08
58500.000000000095 6.429392545743817e-08
58550.000000000095 6.653171182275334e-08
58600.000000000095 3.224686652920806e-08
58650.000000000095 4.0824929211980746e-08
58700.000000000095 4.864359373741274e-08
58750.000000000095 4.868527375220733e-08
58800.000000000095 1.5090142262486405e-08
58850.000000000095 3.727965239128227e-08
58900.000000000095 5.124161066136178e-08
58950.000000000095 2.5876817884546434e-08
59000.000000000095 5.228774973711179e-08
59050.000000000095 6.760775874812201e-08
59100.000000000095 7.458426770700644e-08
59150.000000000095 5.378240860153562e-08
59200.000000000095 5.779725461021813e-08
59250.000000000095 6.112055804751329e-08
59300.000000000095 5.317008312910525e-08
59350.000000000095 1.8749609653966822e-08
59400.000000000095 1.612684614806303e-08
59450.000000000095 5.3028816069865275e-08
59500.000000000095 2.832695080150402e-08
59550.000000000095 6.43565738178496e-08
59600.000000000095 7.505067658496891e-08
59650.000000000095 4.5945212829546416e-08
59700.000000000095 3.195607192959082e-08
59750.000000000095 8.839096774558441e-08
59800.000000000095 4.359251460751827e-08
59850.000000000095 6.250937434642565e-08
59900.000000000095 2.560581836639701e-08
59950.000000000095 5.231495248933512e-08
60000.000000000095 1.0196378331019954e-07
60050.000000000095 9.110601053686197e-08
60100.000000000095 7.977943457799215e-08
60150.000000000095 4.3342657164229166e-08
60200.000000000095 6.62931626181209e-08
60250.000000000095 9.533106344101992e-08
60300.000000000095 8.426569675741493e-08
60350.000000000095 5.4255180401624334e-08
60400.000000000095 6.319021463246522e-08
60450.000000000095 2.406671292993438e-08
60500.000000000095 1.2197220714934873e-08
60550.000000000095 5.99535897824974e-08
60600.000000000095 6.72070126588217e-08
60650.000000000095 4.816283344401899e-08
60700.000000000095 3.7727650323233893e-08
60750.000000000095 2.352923980128703e-08
60800.000000000095 6.809417384160274e-08
60850.000000000095 1.1479956469992065e-07
60900.000000000095 1.030363714247033e-07
60950.000000000095 8.37720872345875e-08
61000.000000000095 6.951289389739807e-08
61050.000000000095 3.692850309557782e-08
61100.000000000095 4.954604240390827e-08
61150.000000000095 1.956274419468825e-08
61200.000000000095 7.572795286732653e-08
61250.000000000095 9.207296850304284e-08
61300.000000000095 8.032940409545975e-08
61350.000000000095 1.1527807241548932e-07
61400.000000000095 5.581419627352114e-08
61450.000000000095 2.9287259665723698e-08
61500.000000000095 3.762675012523381e-08
61550.000000000095 4.878025506971078e-08
61600.000000000095 2.9221632935908846e-08
61650.000000000095 5.318373355971036e-08
61700.000000000095 5.031266270175685e-08
61750.000000000095 5.846934628609272e-08
61800.000000000095 5.9370974827755835e-08
61850.000000000095 2.9219735774961774e-08
61900.000000000095 8.934667648494946e-08
61950.000000000095 9.934523151284034e-08
62000.000000000095 9.550044292592397e-08
62050.000000000095 9.433696116241299e-08
62100.000000000095 7.95798722916669e-08
62150.000000000095 9.56911915076712e-08
62200.000000000095 8.317027717466943e-08
62250.000000000095 7.141951311677135e-08
62300.000000000095 1.316695532501051e-07
62350.000000000095 1.0620424878601141e-07
62400.000000000095 5.395682615346228e-08
62450.000000000095 7.450814894110051e-08
62500.000000000095 1.2105930734891828e-07
62550.000000000095 1.235201785841497e-07
62600.000000000095 1.2230867804709057e-07
62650.000000000095 9.24279204250772e-08
62700.000000000095 8.894302424859952e-08
62750.000000000095 1.1903544162842349e-07
62800.000000000095 6.8126216528188e-08
62850.000000000095 1.0474590664640981e-07
62900.000000000095 7.92262110251926e-08
62950.000000000095 1.3436110807867744e-07
63000.000000000095 9.904833338557994e-08
63050.000000000095 1.5997544116664295e-07
63100.000000000095 1.4526807760898116e-07
63150.000000000095 9.55000293547591e-08
63200.000000000095 1.1423271108368012e-07
63250.000000000095 1.0963882073889385e-07
63300.000000000095 1.070148977425354e-07
63350.000000000095 9.904893834361614e-08
63400.000000000095 4.716614102414732e-08
63450.000000000095 3.1582435573918034e-08
63500.000000000095 8.697663774964838e-08
63550.000000000095 9.712420223368064e-08
63600.000000000095 1.0551038228987726e-07
63650.000000000095 6.941231138412428e-08
63700.000000000095 3.4686417276236014e-08
63750.000000000095 6.30443313786251e-08
63800.000000000095 1.0303019523530654e-07
63850.000000000095 8.393869435459335e-08
63900.000000000095 4.1824081212584776e-08
63950.000000000095 7.718392678203374e-08
64000.000000000095 9.237172266267297e-08
64050.000000000095 5.124228442389651e-08
64100.000000000095 1.5564976492911586e-08
64150.000000000095 2.3967034491893258e-08
64200.000000000095 2.820376466871094e-08
64250.000000000095 5.677248755865439e-08
64300.000000000095 4.31255625147403e-08
64350.000000000095 3.546799407009399e-08
64400.000000000095 7.3162537129806e-08
64450.000000000095 7.945863753391154e-08
64500.000000000095 3.5606124114072244e-08
64550.000000000095 6.426735766329872e-08
64600.000000000095 3.471756069539023e-08
64650.000000000095 6.030740589201246e-08
64700.000000000095 2.6700460349246254e-08
64750.000000000095 3.808433294570938e-08
64800.000000000095 3.181268010687726e-08
64850.000000000095 2.5095180614666275e-08
64900.000000000095 2.804470853712066e-08
64950.000000000095 2.5327711680979855e-08
65000.000000000095 3.5047885237794796e-08
65050.000000000095 4.670780360442413e-08
65100.000000000095 6.1111061192828e-08
65150.000000000095 3.4183658785540824e-08
65200.000000000095 2.2488788956063606e-08
65250.000000000095 4.989547120187987e-08
65300.000000000095 4.223713729872531e-08
65350.000000000095 9.729777091112498e-08
65400.000000000095 4.253705321245653e-08
65450.000000000095 4.3656269749108163e-08
65500.000000000095 5.319385632939509e-08
65550.00000000009 2.8727942376643704e-08
65600.00000000009 4.764033829022904e-08
65650.00000000009 3.998925719629128e-08
65700.00000000009 3.799695659485028e-08
65750.00000000009 2.673502128093247e-08
65800.00000000009 4.5864981195367816e-08
65850.00000000009 6.203211845472371e-08
65900.00000000009 2.5546514844064627e-08
65950.00000000009 2.918870720273912e-08
66000.00000000009 3.985905148535213e-08
66050.00000000009 8.020872934446516e-08
66100.00000000009 4.542314002613923e-08
66150.00000000009 3.620088844984218e-08
66200.00000000009 3.5140434873055297e-08
66250.00000000009 2.9187524751387817e-08
66300.00000000009 1.3259063128174953e-08
66350.00000000009 1.6567577651078566e-08
66400.00000000009 2.707188664167476e-08
66450.00000000009 5.5791166066798963e-08
66500.00000000009 7.673021419790623e-08
66550.00000000009 7.36566721691551e-08
66600.00000000009 5.653805196722909e-08
66650.00000000009 4.7974568156937655e-08
66700.00000000009 3.996888762163122e-08
66750.00000000009 3.5736035422033945e-08
66800.00000000009 4.828225477674946e-08
66850.00000000009 3.154848992609583e-08
66900.00000000009 7.283853811883856e-08
66950.00000000009 7.977555727765399e-08
67000.00000000009 7.999243011463842e-08
67050.00000000009 4.964761033801931e-08
67100.00000000009 3.508334585852197e-08
67150.00000000009 3.870255093159234e-08
67200.00000000009 5.3884888720796556e-08
67250.00000000009 5.039307048703561e-08
67300.00000000009 6.578949669373579e-08
67350.00000000009 3.8084653142906024e-08
67400.00000000009 8.307061754990368e-08
67450.00000000009 5.7664706933047786e-08
67500.00000000009 5.140078445223258e-08
67550.00000000009 7.497743025740452e-08
67600.00000000009 1.2514383726734778e-07
67650.00000000009 9.138710676805445e-08
67700.00000000009 6.118111259562526e-08
67750.00000000009 4.647099275861371e-08
67800.00000000009 6.739478064927042e-08
67850.00000000009 3.3988095480996685e-08
67900.00000000009 4.347868017136488e-08
67950.00000000009 3.1108143485573514e-08
68000.00000000009 5.479513180088405e-08
68050.00000000009 7.390247281754851e-08
68100.00000000009 9.220346040303501e-08
