galfind/configs/Brown_Dwarf_templates/sonora_cholla/logkzz7/316g/900K_316g_logkzz7_resample.dat
# %ECSV 1.0
# ---
# datatype:
# - {name: wav, unit: Angstrom, datatype: float64}
# - {name: flux_nu, unit: erg / (cm2 Hz s), datatype: float64}
# schema: astropy-2.0
wav flux_nu
10000.000000000093 nan
10050.000000000093 1.1894762965176737e-07
10100.000000000093 1.4192125429786558e-07
10150.000000000093 1.5158519570922395e-07
10200.000000000093 1.6953698908731282e-07
10250.000000000093 1.86169737137402e-07
10300.000000000093 2.0134246557811012e-07
10350.000000000093 2.2732098739096474e-07
10400.000000000093 2.4771357072433304e-07
10450.000000000093 2.589555861577725e-07
10500.000000000093 2.613827964658558e-07
10550.000000000093 2.6708911357652784e-07
10600.000000000093 2.720569627840814e-07
10650.000000000093 2.8136275360370845e-07
10700.000000000093 2.845941504407104e-07
10750.000000000093 2.8922453786996497e-07
10800.000000000093 2.850771147986285e-07
10850.000000000093 2.746654325507216e-07
10900.000000000093 2.0086386114685083e-07
10950.000000000093 1.0429190852398526e-07
11000.000000000093 7.341944980770247e-08
11050.000000000093 4.7719223612115255e-08
11100.000000000093 3.4143388579122694e-08
11150.000000000093 2.2423392129884758e-08
11200.000000000093 2.310135353312012e-08
11250.000000000093 2.991641059640521e-08
11300.000000000093 3.023528280404085e-08
11350.000000000093 1.4324123631572372e-08
11400.000000000093 3.457390602439611e-08
11450.000000000093 2.4750952859014806e-08
11500.000000000093 2.8435844939017126e-08
11550.000000000093 1.722052082761768e-08
11600.000000000093 1.7451283715281118e-08
11650.000000000093 2.3542650971714707e-08
11700.000000000093 2.6851149334847087e-08
11750.000000000093 1.860577516642906e-08
11800.000000000093 3.609206848803167e-08
11850.000000000093 5.2087273783714494e-08
11900.000000000093 6.110061170005346e-08
11950.000000000093 8.49274262206422e-08
12000.000000000093 1.0357170493590226e-07
12050.000000000093 1.2734346258034093e-07
12100.000000000093 1.4894956972055152e-07
12150.000000000093 1.7315176391154552e-07
12200.000000000093 1.9931061926045175e-07
12250.000000000093 2.2841166417080617e-07
12300.000000000093 2.6015151314132003e-07
12350.000000000093 2.748959922346872e-07
12400.000000000093 3.14510307540087e-07
12450.000000000093 3.5425082151626907e-07
12500.000000000093 3.7820938764780487e-07
12550.000000000093 4.006463322427391e-07
12600.000000000093 3.9800515965229776e-07
12650.000000000093 3.893426965233175e-07
12700.000000000093 3.861012025430035e-07
12750.000000000093 3.5699409854757775e-07
12800.000000000093 3.494782482399966e-07
12850.000000000093 2.9036942760570136e-07
12900.000000000093 2.550496632384062e-07
12950.000000000093 2.43661763247944e-07
13000.000000000093 2.454938846531175e-07
13050.000000000093 2.188947564790997e-07
13100.000000000093 2.0705155610110352e-07
13150.000000000093 1.672339271252662e-07
13200.000000000093 1.5535898199412963e-07
13250.000000000093 1.1136169548927223e-07
13300.000000000093 5.8230523094896003e-08
13350.000000000093 1.8564010777873266e-08
13400.000000000093 7.637713147500001e-09
13450.000000000093 4.008225847250632e-09
13500.000000000093 2.015709759064492e-09
13550.000000000093 1.3596561970677137e-09
13600.000000000093 7.471034934393026e-10
13650.000000000093 2.480927747260369e-09
13700.000000000093 1.698716277187906e-09
13750.000000000093 2.85927446029081e-09
13800.000000000093 3.738516574790544e-09
13850.000000000093 2.2462984785763223e-09
13900.000000000093 2.420255454264943e-09
13950.000000000093 2.350637863001317e-09
14000.000000000093 2.300198059873521e-09
14050.000000000093 3.1021789805275007e-09
14100.000000000093 2.2703559181951924e-09
14150.000000000093 3.599741785362827e-09
14200.000000000093 2.4693933471115967e-09
14250.000000000093 2.7863571150705928e-09
14300.000000000093 5.564144697239269e-09
14350.000000000093 4.9236253166340715e-09
14400.000000000093 5.3919786914432254e-09
14450.000000000093 6.746496363654397e-09
14500.000000000093 1.308555551226436e-08
14550.000000000093 1.3422826586095345e-08
14600.000000000093 1.9672167184884945e-08
14650.000000000093 1.9635539279629968e-08
14700.000000000093 1.3008726047441704e-08
14750.000000000093 1.8453428579186495e-08
14800.000000000093 2.3826474766873825e-08
14850.000000000093 2.4281756377793053e-08
14900.000000000093 2.682105293077161e-08
14950.000000000093 3.22832582803395e-08
15000.000000000093 3.8132270618167755e-08
15050.000000000093 4.502941716332349e-08
15100.000000000093 5.1825980244732016e-08
15150.000000000093 5.461008621832426e-08
15200.000000000093 5.627368365857518e-08
15250.000000000093 7.40096776166061e-08
15300.000000000093 8.622589802690811e-08
15350.000000000093 1.0457865402998403e-07
15400.000000000093 1.1703732982889602e-07
15450.000000000093 1.3164769972271224e-07
15500.000000000093 1.404349838825502e-07
15550.000000000093 1.6498376516552497e-07
15600.000000000093 1.6780281089379023e-07
15650.000000000093 1.7929882753723399e-07
15700.000000000093 2.0755768867487643e-07
15750.000000000093 2.2194194275786763e-07
15800.000000000093 2.1525869681066547e-07
15850.000000000093 2.2627511652640443e-07
15900.000000000093 2.2138941979011843e-07
15950.000000000093 2.1294762124580418e-07
16000.000000000093 1.9282635389696447e-07
16050.000000000093 1.5949950379981958e-07
16100.000000000093 1.3232498770281502e-07
16150.000000000093 9.829481664345327e-08
16200.000000000093 7.04750137519499e-08
16250.000000000093 6.808921060128095e-08
16300.000000000093 5.680370428468948e-08
16350.000000000093 6.228464362494049e-08
16400.000000000095 6.987732586005143e-08
16450.000000000095 7.47515755080282e-08
16500.000000000095 7.91985061975505e-08
16550.000000000095 7.492219924306194e-08
16600.000000000095 7.912605147142101e-08
16650.000000000095 5.56429039785966e-08
16700.000000000095 2.752995888514248e-08
16750.000000000095 4.2789457304841814e-08
16800.000000000095 6.074549027479992e-08
16850.000000000095 5.934416451953036e-08
16900.000000000095 4.9751481694135974e-08
16950.000000000095 4.513050566820909e-08
17000.000000000095 3.7255703111761995e-08
17050.000000000095 4.782002221551487e-08
17100.000000000095 5.4227006254344e-08
17150.000000000095 4.431827072929412e-08
17200.000000000095 6.070175052108587e-08
17250.000000000095 4.8507300151493446e-08
17300.000000000095 4.123959220144242e-08
17350.000000000095 4.0018425959380295e-08
17400.000000000095 4.075954887920298e-08
17450.000000000095 4.1588181093379655e-08
17500.000000000095 4.6208880844710186e-08
17550.000000000095 3.838235527950004e-08
17600.000000000095 3.3031739068297954e-08
17650.000000000095 3.139980408836087e-08
17700.000000000095 2.384052123903312e-08
17750.000000000095 1.9493962708895674e-08
17800.000000000095 2.4942891678976405e-08
17850.000000000095 1.5830287256964378e-08
17900.000000000095 1.8005920559456365e-08
17950.000000000095 1.2116061911165273e-08
18000.000000000095 1.4790767130044535e-08
18050.000000000095 1.1749992636375066e-08
18100.000000000095 1.092963877008384e-08
18150.000000000095 1.5192782685301667e-08
18200.000000000095 8.391386915847128e-09
18250.000000000095 2.071157786053004e-08
18300.000000000095 1.0046072420784874e-08
18350.000000000095 8.776692255321511e-09
18400.000000000095 7.307047495054416e-09
18450.000000000095 1.196042045095754e-08
18500.000000000095 1.236334019401308e-08
18550.000000000095 8.938593961417353e-09
18600.000000000095 8.378173145571214e-09
18650.000000000095 6.438919543678442e-09
18700.000000000095 5.192399495955836e-09
18750.000000000095 8.100725839388127e-09
18800.000000000095 1.8870649763597735e-08
18850.000000000095 1.973579656570942e-08
18900.000000000095 1.732195986520129e-08
18950.000000000095 3.04627477035113e-08
19000.000000000095 1.670034819027629e-08
19050.000000000095 1.1668408160202921e-08
19100.000000000095 2.3091560978728265e-08
19150.000000000095 1.4711725609375619e-08
19200.000000000095 2.0227978094733992e-08
19250.000000000095 1.5422135580078425e-08
19300.000000000095 1.2520191910747113e-08
19350.000000000095 1.2445651304724724e-08
19400.000000000095 7.878065714047992e-09
19450.000000000095 1.573982803802074e-08
19500.000000000095 1.4325096938113755e-08
19550.000000000095 1.1906766689102238e-08
19600.000000000095 1.6391103722939604e-08
19650.000000000095 1.9329649749602412e-08
19700.000000000095 2.0056290346263662e-08
19750.000000000095 2.276361949558019e-08
19800.000000000095 2.542717668497488e-08
19850.000000000095 3.2241177359359595e-08
19900.000000000095 2.546259891584415e-08
19950.000000000095 3.845669373024495e-08
20000.000000000095 3.672607373474968e-08
20050.000000000095 3.891708284131976e-08
20100.000000000095 4.422902887348145e-08
20150.000000000095 4.052865138856647e-08
20200.000000000095 4.7079772522058476e-08
20250.000000000095 5.48591062441952e-08
20300.000000000095 5.102218524270002e-08
20350.000000000095 5.9032633444344936e-08
20400.000000000095 5.679677677748164e-08
20450.000000000095 6.735867866501593e-08
20500.000000000095 6.903346519302564e-08
20550.000000000095 6.777716270035665e-08
20600.000000000095 7.486587439581705e-08
20650.000000000095 7.292188995111309e-08
20700.000000000095 7.235134345618158e-08
20750.000000000095 7.719436308029259e-08
20800.000000000095 7.497248151394808e-08
20850.000000000095 7.672535627951391e-08
20900.000000000095 7.834237515108263e-08
20950.000000000095 7.496463421184655e-08
21000.000000000095 7.622035941892799e-08
21050.000000000095 7.33565372089998e-08
21100.000000000095 7.247626497495832e-08
21150.000000000095 7.256576506048981e-08
21200.000000000095 6.945632820534527e-08
21250.000000000095 6.93769605602328e-08
21300.000000000095 6.414936183977343e-08
21350.000000000095 6.421446957292262e-08
21400.000000000095 6.085015330650054e-08
21450.000000000095 5.678777402956709e-08
21500.000000000095 5.773655705744585e-08
21550.000000000095 5.4828953920675536e-08
21600.000000000095 5.2294307973064336e-08
21650.000000000095 4.7858147097147884e-08
21700.000000000095 4.9959341737362176e-08
21750.000000000095 4.664005267929004e-08
21800.000000000095 4.228843973655121e-08
21850.000000000095 3.773702239759404e-08
21900.000000000095 3.4646441180774986e-08
21950.000000000095 2.0988179204783307e-08
22000.000000000095 1.0602323413970249e-08
22050.000000000095 9.299341917260354e-09
22100.000000000095 1.6729005703937347e-08
22150.000000000095 1.9000949925047487e-08
22200.000000000095 1.763228459705532e-08
22250.000000000095 1.6854948964073135e-08
22300.000000000095 1.437766341272886e-08
22350.000000000095 1.392743813603898e-08
22400.000000000095 1.0349525325588992e-08
22450.000000000095 9.63398907743317e-09
22500.000000000095 1.047332449717558e-08
22550.000000000095 6.538750367735444e-09
22600.000000000095 8.28296905067046e-09
22650.000000000095 9.538550493968168e-09
22700.000000000095 8.01326104524792e-09
22750.000000000095 8.662546969656427e-09
22800.000000000095 8.186379651612058e-09
22850.000000000095 7.1563916650322594e-09
22900.000000000095 6.0681774184502996e-09
22950.000000000095 5.836286478042267e-09
23000.000000000095 5.338356145882112e-09
23050.000000000095 6.731781068203013e-09
23100.000000000095 1.237910015605627e-08
23150.000000000095 1.1314927556134049e-08
23200.000000000095 3.535188959422581e-09
23250.000000000095 4.465981296574663e-09
23300.000000000095 4.831927270918319e-09
23350.000000000095 3.828038270740494e-09
23400.000000000095 5.680980172305061e-09
23450.000000000095 4.9413564332746195e-09
23500.000000000095 4.800045890010615e-09
23550.000000000095 6.988558926280038e-09
23600.000000000095 7.812026645576048e-09
23650.000000000095 9.026508664001878e-09
23700.000000000095 4.274974332166272e-09
23750.000000000095 4.047072392259765e-09
23800.000000000095 6.958763003831895e-09
23850.000000000095 6.2147024314039235e-09
23900.000000000095 1.0100609046595484e-08
23950.000000000095 9.63289151065195e-09
24000.000000000095 1.327858345693682e-08
24050.000000000095 1.4297557654451276e-08
24100.000000000095 1.1658840324643271e-08
24150.000000000095 1.327604026156574e-08
24200.000000000095 1.4157699737871361e-08
24250.000000000095 1.2176206054571733e-08
24300.000000000095 1.5499624088182167e-08
24350.000000000095 1.2251514152354159e-08
24400.000000000095 2.066546227105695e-08
24450.000000000095 1.6514260761477417e-08
24500.000000000095 1.8368218770902836e-08
24550.000000000095 1.9902133645242943e-08
24600.000000000095 2.2786463705140375e-08
24650.000000000095 2.557525776702633e-08
24700.000000000095 1.8445675655380342e-08
24750.000000000095 1.8433726314166906e-08
24800.000000000095 1.8531981647107526e-08
24850.000000000095 2.7529383097518345e-08
24900.000000000095 1.2434605541369205e-08
24950.000000000095 2.25937468145984e-08
25000.000000000095 2.1026842376274822e-08
25050.000000000095 1.335339447579328e-08
25100.000000000095 1.8798405839177846e-08
25150.000000000095 1.085096420344882e-08
25200.000000000095 1.5368482228437663e-08
25250.000000000095 8.166837888701895e-09
25300.000000000095 1.21504204733788e-08
25350.000000000095 6.133328033140146e-09
25400.000000000095 1.3320376343531872e-08
25450.000000000095 7.0732788102818015e-09
25500.000000000095 6.726774660499033e-09
25550.000000000095 9.665631037925583e-09
25600.000000000095 7.039417088019659e-09
25650.000000000095 4.431237017190563e-09
25700.000000000095 8.736074797690825e-09
25750.000000000095 3.698679953610667e-09
25800.000000000095 1.0277146799560246e-08
25850.000000000095 3.6035938727681806e-09
25900.000000000095 5.811991030828948e-09
25950.000000000095 2.7529978625301063e-09
26000.000000000095 9.986803033386894e-09
26050.000000000095 4.2885931369364356e-09
26100.000000000095 1.0126929758651449e-08
26150.000000000095 7.1126637654685505e-09
26200.000000000095 8.182798009007858e-09
26250.000000000095 1.679596363710117e-08
26300.000000000095 8.454094669805047e-09
26350.000000000095 1.974026725737215e-08
26400.000000000095 2.397049905844547e-08
26450.000000000095 1.9218124499183922e-08
26500.000000000095 2.0866075797203065e-08
26550.000000000095 1.0482817182886004e-08
26600.000000000095 1.2500914841500947e-08
26650.000000000095 4.608272596462052e-09
26700.000000000095 3.1677862102539673e-09
26750.000000000095 3.1073354656783424e-09
26800.000000000095 5.1385972748847795e-09
26850.000000000095 3.053877734497716e-09
26900.000000000095 8.54753365720868e-09
26950.000000000095 3.778746383907872e-09
27000.000000000095 1.270250290910964e-08
27050.000000000095 1.1517093667868384e-08
27100.000000000095 5.682209395496545e-09
27150.000000000095 1.573568388299583e-08
27200.000000000095 5.7689519887499316e-09
27250.000000000095 8.692662944157358e-09
27300.000000000095 2.7317391262007333e-08
27350.000000000095 1.6704953242454752e-08
27400.000000000095 2.938600048938353e-09
27450.000000000095 1.9660462106541704e-08
27500.000000000095 2.4098607999854794e-08
27550.000000000095 7.442461946372033e-09
27600.000000000095 1.4798749111102303e-08
27650.000000000095 6.239278167766703e-09
27700.000000000095 4.901929309934453e-09
27750.000000000095 1.5996408787463093e-08
27800.000000000095 7.099944371764369e-09
27850.000000000095 8.406973651965429e-09
27900.000000000095 1.1268867268372669e-08
27950.000000000095 1.794277979550154e-08
28000.000000000095 1.4979765725461637e-08
28050.000000000095 5.089627740729182e-09
28100.000000000095 2.123031243224586e-08
28150.000000000095 1.3643985099736857e-08
28200.000000000095 5.261421005738404e-09
28250.000000000095 2.248201471931924e-08
28300.000000000095 2.9641212360706445e-08
28350.000000000095 6.992925197251971e-09
28400.000000000095 1.7877369183237043e-08
28450.000000000095 2.583719096994445e-08
28500.000000000095 1.713802115352094e-08
28550.000000000095 6.287505851759119e-09
28600.000000000095 2.5430964991524886e-08
28650.000000000095 2.276634250264643e-08
28700.000000000095 1.9477049517888896e-08
28750.000000000095 3.075875396338183e-08
28800.000000000095 2.6883765176861176e-08
28850.000000000095 3.251877474522115e-08
28900.000000000095 1.481232529078435e-08
28950.000000000095 4.037471597604589e-08
29000.000000000095 2.621642268934426e-08
29050.000000000095 3.169693200013861e-08
29100.000000000095 2.0432770275294603e-08
29150.000000000095 4.592921799753382e-08
29200.000000000095 2.802760778559143e-08
29250.000000000095 4.0651105998141496e-08
29300.000000000095 2.374815703574247e-08
