galfind/configs/Brown_Dwarf_templates/sonora_cholla/logkzz7/316g/950K_316g_logkzz7_resample.dat
# %ECSV 1.0
# ---
# datatype:
# - {name: wav, unit: Angstrom, datatype: float64}
# - {name: flux_nu, unit: erg / (cm2 Hz s), datatype: float64}
# schema: astropy-2.0
wav flux_nu
[from data line 1162]
68100.00000000009 1.372757966937866e-07
68150.00000000009 1.0863015579789733e-07
68200.00000000009 1.1141639724689501e-07
68250.00000000009 4.3837469697795e-08
68300.00000000009 9.86306951866602e-08
68350.00000000009 6.008044482571596e-08
68400.00000000009 1.3996525446671372e-07
68450.00000000009 1.2884090667313363e-07
68500.00000000009 1.0366885035939186e-07
68550.00000000009 6.447276198080943e-08
68600.00000000009 6.87352692135942e-08
68650.00000000009 4.280304253870693e-08
68700.00000000009 7.684239004083546e-08
68750.00000000009 1.0060607467032377e-07
68800.00000000009 1.1438045457944431e-07
68850.00000000009 5.3539250150522824e-08
68900.00000000009 1.4645484063329755e-07
68950.00000000009 1.5471902936328245e-07
69000.00000000009 1.38221203651515e-07
69050.00000000009 7.926489863332291e-08
69100.00000000009 1.470853918707626e-07
69150.00000000009 1.744796210048507e-07
69200.00000000009 1.07813364206759e-07
69250.00000000009 1.702125618693729e-07
69300.00000000009 1.0881877226452776e-07
69350.00000000009 1.5643487067818605e-07
69400.00000000009 7.42153904037877e-08
69450.00000000009 1.6089382579823034e-07
69500.00000000009 8.890062227334059e-08
69550.00000000009 9.726062022675696e-08
69600.00000000009 3.625621944842552e-08
69650.00000000009 8.761564248799821e-08
69700.00000000009 1.4309285498536444e-07
69750.00000000009 1.0065155360626195e-07
69800.00000000009 1.2978649466760475e-07
69850.00000000009 1.401941391422031e-07
69900.00000000009 1.011527123017918e-07
69950.00000000009 1.0382125639690879e-07
70000.00000000009 9.514657544130695e-08
70050.00000000009 1.535922558773688e-07
70100.00000000009 1.100113348239796e-07
70150.00000000009 1.1753276334290063e-07
70200.00000000009 8.228869164615282e-08
70250.00000000009 1.0918763064358183e-07
70300.00000000009 1.5144193249667625e-07
70350.00000000009 1.1231004804504343e-07
70400.00000000009 8.497790896364468e-08
70450.00000000009 3.699438426683725e-08
70500.00000000009 6.957371383595897e-08
70550.00000000009 7.163412016433276e-08
70600.00000000009 7.263154821478165e-08
70650.00000000009 1.2778506662153385e-07
70700.00000000009 1.1939392869544774e-07
70750.00000000009 1.5138915625672046e-07
70800.00000000009 9.527556703701824e-08
70850.00000000009 8.833174069191491e-08
70900.00000000009 9.353261421304316e-08
70950.00000000009 1.3628543646412689e-07
71000.00000000009 1.1861787614886482e-07
71050.00000000009 1.230889689158091e-07
71100.00000000009 1.0584305492180781e-07
71150.00000000009 9.586358053334826e-08
71200.00000000009 8.433112079506202e-08
71250.00000000009 1.0162513457923977e-07
71300.00000000009 1.3345148186104355e-07
71350.00000000009 1.2919698082205913e-07
71400.00000000009 1.1925756974168954e-07
71450.00000000009 6.45058736095274e-08
71500.00000000009 7.989074240682086e-08
71550.00000000009 8.677430545511753e-08
71600.00000000009 1.0331776862190803e-07
71650.00000000009 8.441788271326534e-08
71700.00000000009 6.690789498081416e-08
71750.00000000009 9.608172068507388e-08
71800.00000000009 1.2593473482409525e-07
71850.00000000009 1.2288965984366188e-07
71900.00000000009 7.735905067764745e-08
71950.00000000009 9.511201773117785e-08
72000.00000000009 9.077019794524477e-08
72050.00000000009 6.362828393341187e-08
72100.00000000009 7.664302703362349e-08
72150.00000000009 7.051467620979926e-08
72200.00000000009 9.755721170324054e-08
72250.00000000009 1.1242261530887328e-07
72300.00000000009 9.63690295188914e-08
72350.00000000009 9.754961189685475e-08
72400.00000000009 8.686483046517982e-08
72450.00000000009 7.17221820803867e-08
72500.00000000009 9.034928473575543e-08
72550.00000000009 5.160854615700902e-08
72600.00000000009 6.248699387018573e-08
72650.00000000009 1.0645766395088567e-07
72700.00000000009 9.569924205272606e-08
72750.00000000009 8.359607611327894e-08
72800.00000000009 7.111458483781896e-08
72850.00000000009 7.578506406934245e-08
72900.00000000009 1.0761189238821165e-07
72950.00000000009 9.084813394844038e-08
73000.00000000009 9.12704450990971e-08
73050.00000000009 6.889452356807879e-08
73100.00000000009 6.641859075559564e-08
73150.00000000009 1.2831927445483802e-07
73200.00000000009 6.95546337461248e-08
73250.00000000009 8.645864832409507e-08
73300.00000000009 8.215609272792867e-08
73350.00000000009 5.974309736191297e-08
73400.00000000009 8.303909003834573e-08
73450.00000000009 5.630101937250267e-08
73500.00000000009 5.460642502756296e-08
73550.00000000009 8.150310139607903e-08
73600.00000000009 6.223048259432036e-08
73650.00000000009 8.357196655951549e-08
73700.00000000009 9.567690816955247e-08
73750.00000000009 5.3800790427495e-08
73800.00000000009 7.571135464837234e-08
73850.00000000009 8.930052034230082e-08
73900.00000000009 8.688403226139893e-08
73950.00000000009 7.45051218657381e-08
74000.00000000009 5.954459235704946e-08
74050.00000000009 1.2217954221922479e-07
74100.00000000009 7.63407462078995e-08
74150.00000000009 8.155456833508246e-08
74200.00000000009 7.182888650930553e-08
74250.00000000009 3.685469116432836e-08
74300.00000000009 7.432259384792698e-08
74350.00000000009 9.868272932298619e-08
74400.00000000009 8.621141426261201e-08
74450.00000000009 5.0420032526479894e-08
74500.00000000009 5.3588898978357403e-08
74550.00000000009 7.407768433038964e-08
74600.00000000009 6.873013533127514e-08
74650.00000000009 6.796182314599745e-08
74700.00000000009 5.135220794908938e-08
74750.00000000009 5.8723464322177926e-08
74800.00000000009 6.36754117359443e-08
74850.00000000009 5.5527528149959005e-08
74900.00000000009 9.878221656076444e-08
74950.00000000009 1.0029280939708666e-07
75000.00000000009 7.164127302506098e-08
75050.00000000009 4.7535393679681966e-08
75100.00000000009 1.0882157260657268e-07
75150.00000000009 9.035610469377364e-08
75200.00000000009 1.050651173990938e-07
75250.00000000009 1.0915574083799799e-07
75300.00000000009 1.0539532306679463e-07
75350.00000000009 5.613114191012227e-08
75400.00000000009 1.1159883282778214e-07
75450.00000000009 9.186476773995371e-08
75500.00000000009 8.571245553127026e-08
75550.00000000009 1.014390188501095e-07
75600.00000000009 1.3236513150918857e-07
75650.00000000009 8.225421401079735e-08
75700.00000000009 9.16900348469141e-08
75750.00000000009 6.284468251633927e-08
75800.00000000009 9.557003021593454e-08
75850.00000000009 1.1488798196240453e-07
75900.00000000009 9.743385568005707e-08
75950.00000000009 6.903212722985694e-08
76000.00000000009 9.675290807528964e-08
76050.00000000009 9.913758600026837e-08
76100.00000000009 9.082691657738284e-08
76150.00000000009 1.033783275969213e-07
76200.00000000009 1.0341521093750887e-07
76250.00000000009 1.2108952320357296e-07
76300.00000000009 1.4885304755529212e-07
76350.00000000009 1.7999141777983347e-07
76400.00000000009 1.3245150998238735e-07
76450.00000000009 1.2395935226280318e-07
76500.00000000009 1.0406256995886046e-07
76550.00000000009 7.648060974499575e-08
76600.00000000009 3.159481790754422e-08
76650.00000000009 3.8100373105179496e-08
76700.00000000009 4.050308447920755e-08
76750.00000000009 4.029825389909497e-08
76800.00000000009 6.769062274068061e-08
76850.00000000009 2.4801006936668766e-08
76900.00000000009 3.4283176651820434e-08
76950.00000000009 5.6530237154119746e-08
77000.00000000009 6.23872865541564e-08
77050.00000000009 3.9117007197513615e-08
77100.00000000009 4.573463803827383e-08
77150.00000000009 6.839443267382807e-08
77200.00000000009 5.722055933662172e-08
77250.00000000009 6.416764035994628e-08
77300.00000000009 6.30996807911894e-08
77350.00000000009 3.931242338587471e-08
77400.00000000009 3.8942779178209564e-08
77450.00000000009 5.075269974992285e-08
77500.00000000009 4.374662640389922e-08
77550.00000000009 5.549416150093925e-08
77600.00000000009 5.862257827113157e-08
77650.00000000009 5.60871422455295e-08
77700.00000000009 4.280936553347451e-08
77750.00000000009 7.934126038489909e-08
77800.00000000009 6.267874106519952e-08
77850.00000000009 1.026326418056814e-07
77900.00000000009 8.027100082708697e-08
77950.00000000009 4.62875878543266e-08
78000.00000000009 6.752766821073193e-08
78050.00000000009 6.950949000779009e-08
78100.00000000009 5.516417252719591e-08
78150.00000000009 9.119751282461762e-08
78200.00000000009 8.993266062139242e-08
78250.00000000009 1.0601443057757781e-07
78300.00000000009 9.153441065770172e-08
78350.00000000009 8.869587342116374e-08
78400.00000000009 6.997344486781642e-08
78450.00000000009 1.0608582033535461e-07
78500.00000000009 1.0368379691792522e-07
78550.00000000009 1.0945220977572292e-07
78600.00000000009 9.382284882345937e-08
78650.00000000009 3.806705937691742e-08
78700.00000000009 6.490904556081385e-08
78750.00000000009 6.504700498530783e-08
78800.00000000009 9.382539600352812e-08
78850.00000000009 5.126498290039207e-08
78900.00000000009 8.501733493739727e-08
78950.00000000009 7.874457892948608e-08
79000.00000000009 8.008361537653e-08
79050.00000000009 7.324576961542505e-08
79100.00000000009 7.766748906300752e-08
79150.00000000009 8.609775098037553e-08
79200.00000000009 9.776977304052706e-08
79250.00000000009 7.766869681566805e-08
79300.00000000009 5.9044479486358655e-08
79350.00000000009 9.232803687861979e-08
79400.00000000009 7.252927059316891e-08
79450.00000000009 1.0083593014563084e-07
79500.00000000009 1.354701057745075e-07
79550.00000000009 1.0840903915058506e-07
79600.00000000009 6.282925135012122e-08
79650.00000000009 8.92681651660839e-08
79700.00000000009 1.0251513260385828e-07
79750.00000000009 1.0504377162447291e-07
79800.00000000009 7.996559589708401e-08
79850.00000000009 8.676879848139362e-08
79900.00000000009 1.4120122151630047e-07
79950.00000000009 1.0196178004709668e-07
