galfind/configs/Brown_Dwarf_templates/sonora_cholla/logkzz7/562g/1000K_562g_logkzz7_resample.dat
# %ECSV 1.0
# ---
# datatype:
# - {name: wav, unit: Angstrom, datatype: float64}
# - {name: flux_nu, unit: erg / (cm2 Hz s), datatype: float64}
# schema: astropy-2.0
wav flux_nu
[from data line 387]
29350.000000000095 1.3686626846249513e-07
29400.000000000095 6.410880071234061e-08
29450.000000000095 6.998727107842251e-08
29500.000000000095 8.170423529504559e-08
29550.000000000095 6.653619618618779e-08
29600.000000000095 9.148708916289833e-08
29650.000000000095 8.192992720978298e-08
29700.000000000095 6.443166716745291e-08
29750.000000000095 9.044839596122174e-08
29800.000000000095 9.68282619643847e-08
29850.000000000095 1.0840135357673264e-07
29900.000000000095 1.1030210470554e-07
29950.000000000095 9.318316549231426e-08
30000.000000000095 6.982217188729507e-08
30050.000000000095 6.577068491808413e-08
30100.000000000095 8.709537589111618e-08
30150.000000000095 1.194800180567553e-07
30200.000000000095 8.683008968798533e-08
30250.000000000095 1.380512560792553e-07
30300.000000000095 1.1727749328902514e-07
30350.000000000095 1.0143142541257398e-07
30400.000000000095 1.3376656421200927e-07
30450.000000000095 9.657415745327577e-08
30500.000000000095 9.515640385088322e-08
30550.000000000095 9.803192489100978e-08
30600.000000000095 1.265279103680895e-07
30650.000000000095 1.0994044446501946e-07
30700.000000000095 9.581808328460027e-08
30750.000000000095 9.467966884720059e-08
30800.000000000095 8.560612548925826e-08
30850.000000000095 8.6606294694906e-08
30900.000000000095 8.763952263587576e-08
30950.000000000095 5.496498128704028e-08
31000.000000000095 7.248226618844821e-08
31050.000000000095 7.764148001073773e-08
31100.000000000095 5.2895273350433686e-08
31150.000000000095 6.41929669763309e-08
31200.000000000095 7.441999084894468e-08
31250.000000000095 5.493827308017866e-08
31300.000000000095 5.318636986451853e-08
31350.000000000095 5.2087719182542875e-08
31400.000000000095 3.701368899532444e-08
31450.000000000095 5.129479239108555e-08
31500.000000000095 3.66549019861765e-08
31550.000000000095 4.378813183742179e-08
31600.000000000095 3.181346535181771e-08
31650.000000000095 3.13968669257712e-08
31700.000000000095 3.7424992214850877e-08
31750.000000000095 2.4724559565874667e-08
31800.000000000095 3.484207556192099e-08
31850.000000000095 2.5696154574154947e-08
31900.000000000095 2.993531068771626e-08
31950.000000000095 2.5821120361210883e-08
32000.000000000095 2.637176410283298e-08
32050.000000000095 2.3305024675044827e-08
32100.000000000095 2.083903715343148e-08
32150.000000000095 2.794083626050136e-08
32200.000000000095 1.9364434356318137e-08
32250.000000000095 3.198997245265421e-08
32300.000000000095 1.6954105940308935e-08
32350.000000000095 3.844504141586486e-08
32400.000000000095 2.3098382013073433e-08
32450.000000000095 3.429001758300001e-08
32500.000000000095 2.637627455532062e-08
32550.000000000095 3.33150046606294e-08
32600.000000000095 3.576800133292101e-08
32650.000000000095 4.4083827563818165e-08
32700.000000000095 3.778793744035882e-08
32750.000000000095 5.3255750330828216e-08
32800.000000000095 4.459693794732473e-08
32850.000000000095 5.959614650152576e-08
32900.000000000095 6.367353781461188e-08
32950.000000000095 6.492118837099336e-08
33000.000000000095 5.3176230890134245e-08
33050.000000000095 5.500655675243098e-08
33100.000000000095 2.8941446897673875e-08
33150.000000000095 4.148247045875053e-09
33200.000000000095 5.611255054590182e-09
33250.000000000095 3.734477773838091e-09
33300.000000000095 4.9734397166792695e-09
33350.000000000095 1.053302661282034e-08
33400.000000000095 1.6571124295365173e-08
33450.000000000095 2.0915692807434542e-08
33500.000000000095 3.253623421983025e-08
33550.000000000095 2.7811356059153278e-08
33600.000000000095 4.2841404292417375e-08
33650.000000000095 4.315026189777184e-08
33700.000000000095 3.531497096762412e-08
33750.000000000095 5.303466678453484e-08
33800.000000000095 2.9673330626932187e-08
33850.000000000095 4.4337414000642615e-08
33900.000000000095 4.0176237853954465e-08
33950.000000000095 4.491711873025552e-08
34000.000000000095 4.994735301407693e-08
34050.000000000095 2.2550159124800912e-08
34100.000000000095 4.569382538450178e-08
34150.000000000095 3.07575904223583e-08
34200.000000000095 4.228799719466909e-08
34250.000000000095 3.719993694045325e-08
34300.000000000095 2.9740084361520085e-08
34350.000000000095 4.4704781128091514e-08
34400.000000000095 3.161431348109749e-08
34450.000000000095 4.949970224699152e-08
34500.000000000095 3.965766088846827e-08
34550.000000000095 2.7511872659404605e-08
34600.000000000095 5.205503194013516e-08
34650.000000000095 2.851535131678131e-08
34700.000000000095 3.72825616938556e-08
34750.000000000095 3.846704018811797e-08
34800.000000000095 2.3871033265403738e-08
34850.000000000095 4.492148641058434e-08
34900.000000000095 4.5022914817072205e-08
34950.000000000095 4.2101381930967996e-08
35000.000000000095 5.790448115663165e-08
35050.000000000095 4.066563159716567e-08
35100.000000000095 6.054423721615061e-08
35150.000000000095 5.439521044543485e-08
35200.000000000095 6.561381327801543e-08
35250.000000000095 7.79552103850908e-08
35300.000000000095 4.643560593688845e-08
35350.000000000095 6.871205225030683e-08
35400.000000000095 6.800491016150038e-08
35450.000000000095 5.67466977918643e-08
35500.000000000095 9.595907485203854e-08
35550.000000000095 7.834484547468281e-08
35600.000000000095 8.490675935954632e-08
35650.000000000095 9.083333932679422e-08
35700.000000000095 6.133733999248095e-08
35750.000000000095 1.0470376861014924e-07
35800.000000000095 9.597448565172722e-08
35850.000000000095 6.988690701930916e-08
35900.000000000095 1.0554213291727662e-07
35950.000000000095 1.0588462181894782e-07
36000.000000000095 8.503903097018327e-08
36050.000000000095 1.0869974086343711e-07
36100.000000000095 9.742776907253106e-08
36150.000000000095 1.202333772733639e-07
36200.000000000095 1.2159247496370715e-07
36250.000000000095 1.223217429733762e-07
36300.000000000095 1.3894039236717623e-07
36350.000000000095 1.3861426160126747e-07
36400.000000000095 1.6689285853444957e-07
36450.000000000095 1.6038509642057012e-07
36500.000000000095 1.552515368997493e-07
36550.000000000095 1.8632991275995783e-07
36600.000000000095 2.078716581350449e-07
36650.000000000095 2.0219414592506264e-07
36700.000000000095 2.0562294670225744e-07
36750.000000000095 2.3171327789477326e-07
36800.000000000095 2.1790060682938363e-07
36850.000000000095 2.008090551311913e-07
36900.000000000095 2.1002742854524612e-07
36950.000000000095 2.394272519999002e-07
37000.000000000095 2.1867338732290478e-07
37050.000000000095 2.4628260843520213e-07
37100.000000000095 2.4324090489639506e-07
37150.000000000095 2.5675772473375926e-07
37200.000000000095 2.7539285986236835e-07
37250.000000000095 2.35093439553964e-07
37300.000000000095 2.3761480294539917e-07
37350.000000000095 2.768782809701384e-07
37400.000000000095 3.231200846583757e-07
37450.000000000095 2.758609544398619e-07
37500.000000000095 2.5455571602430296e-07
37550.000000000095 3.4837060961666426e-07
37600.000000000095 3.676875067392709e-07
37650.000000000095 2.7934803550301956e-07
37700.000000000095 3.382344928223219e-07
37750.000000000095 2.6763990406447e-07
37800.000000000095 3.178673642878306e-07
37850.000000000095 2.517846440264628e-07
37900.000000000095 3.012411819743786e-07
37950.000000000095 3.4005605633161136e-07
38000.000000000095 3.8289444042875825e-07
38050.000000000095 3.4229133479081214e-07
38100.000000000095 3.7971589442973835e-07
38150.000000000095 3.7667833071613675e-07
38200.000000000095 3.9068557225068077e-07
38250.000000000095 3.7763494943427097e-07
38300.000000000095 4.536374867045212e-07
38350.000000000095 4.557257287945551e-07
38400.000000000095 3.4325599151832157e-07
38450.000000000095 3.811606303269771e-07
38500.000000000095 3.2722445065519463e-07
38550.000000000095 3.92640066622827e-07
38600.000000000095 4.014734890993135e-07
38650.000000000095 4.537937750326263e-07
38700.000000000095 4.6326787162488553e-07
38750.000000000095 4.5498188295906646e-07
38800.000000000095 4.088491069525303e-07
38850.000000000095 4.794148721514917e-07
38900.000000000095 4.854969933832637e-07
38950.000000000095 4.4433108117323117e-07
39000.000000000095 5.107735306312515e-07
39050.000000000095 4.6582445132418706e-07
39100.000000000095 4.624190745662809e-07
39150.000000000095 4.875153317211002e-07
39200.000000000095 4.631372772987824e-07
39250.000000000095 5.311314117129965e-07
39300.000000000095 5.077495222517325e-07
39350.000000000095 5.735010836580835e-07
39400.000000000095 5.470856526637809e-07
39450.000000000095 5.587497100812248e-07
39500.000000000095 5.311266565776426e-07
39550.000000000095 5.341177939884121e-07
39600.000000000095 5.425901251757828e-07
39650.000000000095 6.240942999273119e-07
39700.000000000095 5.622645876324956e-07
39750.000000000095 4.78380366340834e-07
39800.000000000095 5.53738319964723e-07
39850.000000000095 6.117112953170344e-07
39900.000000000095 6.127413055760557e-07
39950.000000000095 5.821257117160175e-07
40000.000000000095 6.223629309909503e-07
40050.000000000095 6.258855894692724e-07
40100.000000000095 5.336873347616531e-07
40150.000000000095 6.605519342207551e-07
40200.000000000095 6.7128911046935e-07
40250.000000000095 6.113320393002452e-07
40300.000000000095 6.465174063798799e-07
40350.000000000095 5.704306857478736e-07
40400.000000000095 6.578104756982598e-07
40450.000000000095 6.107460017801821e-07
40500.000000000095 6.077057681490366e-07
40550.000000000095 6.67668839957652e-07
40600.000000000095 6.099327886903895e-07
40650.000000000095 6.603036032688632e-07
40700.000000000095 7.730753609618748e-07
40750.000000000095 6.415675690471207e-07
40800.000000000095 5.676316412053499e-07
40850.000000000095 6.946569690639232e-07
40900.000000000095 6.830715147842984e-07
40950.000000000095 6.156546506330568e-07
41000.000000000095 6.519171982774983e-07
41050.000000000095 6.906507053319254e-07
41100.000000000095 6.070784316814509e-07
41150.000000000095 5.626084925957654e-07
41200.000000000095 6.931208967303411e-07
41250.000000000095 6.718980613602444e-07
41300.000000000095 5.431114501984729e-07
41350.000000000095 7.131638669391172e-07
41400.000000000095 6.427053657472132e-07
41450.000000000095 6.763731152095857e-07
41500.000000000095 6.174608703101284e-07
41550.000000000095 5.604482353745056e-07
41600.000000000095 6.235081265463219e-07
41650.000000000095 6.287169981534174e-07
41700.000000000095 5.693305825153605e-07
41750.000000000095 5.465149460088136e-07
41800.000000000095 6.896996415415207e-07
41850.000000000095 4.223505140899028e-07
41900.000000000095 5.342486854412484e-07
41950.000000000095 5.879104178312841e-07
42000.000000000095 5.968214879726031e-07
42050.000000000095 4.929761649208822e-07
42100.000000000095 5.7660508431248e-07
42150.000000000095 4.2048191557475895e-07
42200.000000000095 4.6252371289728594e-07
42250.000000000095 4.729161298967308e-07
42300.000000000095 4.392496891447482e-07
42350.000000000095 4.871289208200029e-07
42400.000000000095 4.312470293032744e-07
42450.000000000095 3.835707198855518e-07
42500.000000000095 4.1993524094209835e-07
42550.000000000095 3.9515506063095085e-07
42600.000000000095 4.777583039948243e-07
42650.000000000095 5.582932684810636e-07
42700.000000000095 4.3589745799328983e-07
42750.000000000095 4.063777729484775e-07
42800.000000000095 3.8517935381087723e-07
42850.000000000095 4.777547002719877e-07
42900.000000000095 4.899984349729306e-07
42950.000000000095 3.59616734067628e-07
43000.000000000095 4.912944913375152e-07
43050.000000000095 2.9021679088953745e-07
43100.000000000095 4.2570552473075934e-07
43150.000000000095 4.381794383034358e-07
43200.000000000095 4.3715030155731163e-07
43250.000000000095 4.956620954088823e-07
43300.000000000095 5.456583645206301e-07
43350.000000000095 3.5130734315783563e-07
43400.000000000095 4.459312478312561e-07
43450.000000000095 3.437400993415261e-07
43500.000000000095 3.7204909965726105e-07
43550.000000000095 3.4601248352520624e-07
43600.000000000095 4.279111390225001e-07
43650.000000000095 2.799195243693482e-07
43700.000000000095 4.3031825753008305e-07
43750.000000000095 4.2581994717019275e-07
43800.000000000095 3.375295037327168e-07
43850.000000000095 3.363173288230632e-07
43900.000000000095 3.006743479125569e-07
43950.000000000095 2.6981524588756265e-07
44000.000000000095 1.8827668987903345e-07
44050.000000000095 2.659397714456807e-07
44100.000000000095 2.8222025177192654e-07
44150.000000000095 2.709791422188784e-07
44200.000000000095 2.407796767774326e-07
44250.000000000095 2.1556258542638573e-07
44300.000000000095 1.9718603739177122e-07
44350.000000000095 1.6933438394811435e-07
44400.000000000095 1.7270282561179944e-07
44450.000000000095 1.7502900410640175e-07
44500.000000000095 1.412799650430471e-07
44550.000000000095 1.531595729763907e-07
44600.000000000095 1.2635194559885262e-07
44650.000000000095 1.4330745786839987e-07
44700.000000000095 1.335044085785174e-07
44750.000000000095 1.3668062878606445e-07
44800.000000000095 1.2540111297228e-07
44850.000000000095 1.1619463858077633e-07
44900.000000000095 9.741752986142294e-08
44950.000000000095 9.34791950504909e-08
45000.000000000095 9.463822160142866e-08
45050.000000000095 9.944165971535775e-08
45100.000000000095 9.392470813862232e-08
45150.000000000095 8.478492531983704e-08
45200.000000000095 6.732394262113948e-08
45250.000000000095 7.231905821997813e-08
45300.000000000095 8.423834300217394e-08
45350.000000000095 8.205877962783902e-08
45400.000000000095 6.548988126075682e-08
45450.000000000095 6.284120698292003e-08
45500.000000000095 6.812777815376605e-08
45550.000000000095 8.044150494377058e-08
45600.000000000095 6.146587241706834e-08
45650.000000000095 6.05946503513804e-08
45700.000000000095 7.977371737263597e-08
45750.000000000095 6.602736545805717e-08
45800.000000000095 5.521386519411242e-08
45850.000000000095 8.296791974526726e-08
45900.000000000095 8.038141755823251e-08
45950.000000000095 5.683133869155716e-08
46000.000000000095 7.696427789164828e-08
46050.000000000095 8.461513154966811e-08
46100.000000000095 5.7611076309667936e-08
46150.000000000095 8.454522691649099e-08
46200.000000000095 8.274860740652634e-08
46250.000000000095 4.4728450426284564e-08
46300.000000000095 9.653230320060496e-08
46350.000000000095 6.899585705507632e-08
46400.000000000095 8.148032178726007e-08
46450.000000000095 1.0996987554769113e-07
46500.000000000095 8.007160758996882e-08
46550.000000000095 1.2118454210510852e-07
46600.000000000095 1.1795149784540159e-07
46650.000000000095 1.8746222430188281e-07
46700.000000000095 1.4367699691303458e-07
46750.000000000095 1.0466990581931586e-07
46800.000000000095 8.786004733200104e-08
46850.000000000095 1.0881759993230842e-07
46900.000000000095 9.448220480511871e-08
46950.000000000095 1.3708247027152916e-07
47000.000000000095 7.27619462246567e-08
47050.000000000095 1.3652121784324634e-07
47100.000000000095 6.852588069963969e-08
47150.000000000095 8.957009659960883e-08
47200.000000000095 9.770127568834733e-08
47250.000000000095 7.137670356281473e-08
47300.000000000095 8.863355763546072e-08
47350.000000000095 6.225639123035182e-08
47400.000000000095 1.1243211291416634e-07
47450.000000000095 6.250915332416985e-08
47500.000000000095 1.2142439746062094e-07
47550.000000000095 6.598915257467014e-08
47600.000000000095 1.160868466085506e-07
47650.000000000095 6.883094625916202e-08
47700.000000000095 1.0858531171145517e-07
47750.000000000095 6.29430316056435e-08
47800.000000000095 1.0924234352639112e-07
47850.000000000095 5.738583867164729e-08
47900.000000000095 9.814448217501218e-08
47950.000000000095 7.482182112607541e-08
48000.000000000095 1.2967347116029936e-07
48050.000000000095 8.611200859246762e-08
48100.000000000095 1.2163955917132918e-07
48150.000000000095 8.564333055611167e-08
48200.000000000095 1.282577345495332e-07
48250.000000000095 9.311102184142967e-08
48300.000000000095 1.5262816079830468e-07
48350.000000000095 9.013062082889804e-08
48400.000000000095 1.1988169762006703e-07
48450.000000000095 8.028564842513981e-08
48500.000000000095 1.5162987004476836e-07
48550.000000000095 8.043756549027326e-08
48600.000000000095 1.4517235603869815e-07
48650.000000000095 8.182289724642037e-08
48700.000000000095 1.6133456472319148e-07
