galfind/configs/Brown_Dwarf_templates/sonora_cholla/logkzz7/562g/1000K_562g_logkzz7_resample.dat
# %ECSV 1.0
# ---
# datatype:
# - {name: wav, unit: Angstrom, datatype: float64}
# - {name: flux_nu, unit: erg / (cm2 Hz s), datatype: float64}
# schema: astropy-2.0
wav flux_nu
10000.000000000093 nan
10050.000000000093 1.8145574094130344e-07
10100.000000000093 2.127678999118048e-07
10150.000000000093 2.2003847765765931e-07
10200.000000000093 2.4255615068414473e-07
10250.000000000093 2.6241646126648966e-07
10300.000000000093 2.7779431245855545e-07
10350.000000000093 3.1348497134069455e-07
10400.000000000093 3.3868571643409543e-07
10450.000000000093 3.5337559868624875e-07
10500.000000000093 3.539596795497884e-07
10550.000000000093 3.5957888724089933e-07
10600.000000000093 3.699183215382004e-07
10650.000000000093 3.85410678912496e-07
10700.000000000093 3.971805020997822e-07
10750.000000000093 4.082570685314584e-07
10800.000000000093 4.1130715560483123e-07
10850.000000000093 4.0985098754244653e-07
10900.000000000093 3.251066069736799e-07
10950.000000000093 1.9099565891481565e-07
11000.000000000093 1.3974932782425246e-07
11050.000000000093 9.475672512569445e-08
11100.000000000093 6.967521583817214e-08
11150.000000000093 4.926210169990518e-08
11200.000000000093 5.2333027581657454e-08
11250.000000000093 6.775360220624073e-08
11300.000000000093 6.692229654847286e-08
11350.000000000093 3.372710673098161e-08
11400.000000000093 7.560117001520084e-08
11450.000000000093 5.5686761015901536e-08
11500.000000000093 6.648720091809473e-08
11550.000000000093 4.4985440150989635e-08
11600.000000000093 4.616378120722378e-08
11650.000000000093 5.7580024924963126e-08
11700.000000000093 6.283803165011174e-08
11750.000000000093 5.103224953004957e-08
11800.000000000093 8.1438613920022e-08
11850.000000000093 1.1100987690551163e-07
11900.000000000093 1.2793163604481698e-07
11950.000000000093 1.6818920014855778e-07
12000.000000000093 1.9635636645657537e-07
12050.000000000093 2.3376263319543487e-07
12100.000000000093 2.6481019092337915e-07
12150.000000000093 3.0230600027679603e-07
12200.000000000093 3.401478268850263e-07
12250.000000000093 3.8061722742163794e-07
12300.000000000093 4.238431091649642e-07
12350.000000000093 4.4397310332576676e-07
12400.000000000093 4.898577814147861e-07
12450.000000000093 5.414945221981386e-07
12500.000000000093 5.729143057537445e-07
12550.000000000093 6.037228825171186e-07
12600.000000000093 6.02601721052089e-07
12650.000000000093 5.918223974439345e-07
12700.000000000093 5.934729444394136e-07
12750.000000000093 5.581472812294719e-07
12800.000000000093 5.525722365998911e-07
12850.000000000093 4.758484892510281e-07
12900.000000000093 4.3082834136876873e-07
12950.000000000093 4.176675843151044e-07
13000.000000000093 4.187610378773071e-07
13050.000000000093 3.8535146251459343e-07
13100.000000000093 3.687621301749263e-07
13150.000000000093 3.069431729925247e-07
13200.000000000093 2.839779192919863e-07
13250.000000000093 2.0610365528434297e-07
13300.000000000093 1.1437104922349814e-07
13350.000000000093 3.7924210446906226e-08
13400.000000000093 1.6287288065811348e-08
13450.000000000093 9.684734113728581e-09
13500.000000000093 5.321271589917691e-09
13550.000000000093 3.875451569680388e-09
13600.000000000093 2.5634907647834815e-09
13650.000000000093 6.985509439629018e-09
13700.000000000093 5.1359870575930445e-09
13750.000000000093 7.83923674458968e-09
13800.000000000093 1.0395213497149964e-08
13850.000000000093 6.636482015421135e-09
13900.000000000093 6.8837478127253685e-09
13950.000000000093 6.724214860753635e-09
14000.000000000093 6.526003592944235e-09
14050.000000000093 8.313698238228298e-09
14100.000000000093 6.028766814123654e-09
14150.000000000093 9.048652620151459e-09
14200.000000000093 6.565745595236624e-09
14250.000000000093 7.128521308649718e-09
14300.000000000093 1.2630618747478002e-08
14350.000000000093 1.1608803912721557e-08
14400.000000000093 1.2379311335356202e-08
14450.000000000093 1.4992441963722328e-08
14500.000000000093 2.6837242314848574e-08
14550.000000000093 2.7144598434727736e-08
14600.000000000093 3.879632727069532e-08
14650.000000000093 3.853507952132546e-08
14700.000000000093 2.7577234687860105e-08
14750.000000000093 3.708342373225002e-08
14800.000000000093 4.655214132834339e-08
14850.000000000093 4.820092297327172e-08
14900.000000000093 5.141041954224963e-08
14950.000000000093 6.048240373122737e-08
15000.000000000093 6.966860660631888e-08
15050.000000000093 8.296114391564136e-08
15100.000000000093 9.26623323660433e-08
15150.000000000093 9.856560436034132e-08
15200.000000000093 1.0197490016514466e-07
15250.000000000093 1.283601147285707e-07
15300.000000000093 1.4625997129329886e-07
15350.000000000093 1.7326163312798625e-07
15400.000000000093 1.9159491988220007e-07
15450.000000000093 2.1273178061198331e-07
15500.000000000093 2.2532608629626725e-07
15550.000000000093 2.586926057916184e-07
15600.000000000093 2.631842535161925e-07
15650.000000000093 2.784259466791842e-07
15700.000000000093 3.155765330892013e-07
15750.000000000093 3.335901509695596e-07
15800.000000000093 3.260121447771439e-07
15850.000000000093 3.420412700287916e-07
15900.000000000093 3.3758310470366687e-07
15950.000000000093 3.2918954126347545e-07
16000.000000000093 3.064299125361249e-07
16050.000000000093 2.665335873029674e-07
16100.000000000093 2.3213896255137764e-07
16150.000000000093 1.8547120522494133e-07
16200.000000000093 1.448594350889057e-07
16250.000000000093 1.418752014599083e-07
16300.000000000093 1.2441876648675068e-07
16350.000000000093 1.337026104678212e-07
16400.000000000095 1.4650643810904176e-07
16450.000000000095 1.556410383619717e-07
16500.000000000095 1.647281918009684e-07
16550.000000000095 1.5837855734567086e-07
16600.000000000095 1.6223385458495007e-07
16650.000000000095 1.190604055035374e-07
16700.000000000095 7.452741797583298e-08
16750.000000000095 1.0042117946442655e-07
16800.000000000095 1.3149069191305357e-07
16850.000000000095 1.2747241456501247e-07
16900.000000000095 1.1451094815995715e-07
16950.000000000095 1.0642466314012786e-07
17000.000000000095 9.359621241358564e-08
17050.000000000095 1.1372427983504968e-07
17100.000000000095 1.2191412416039182e-07
17150.000000000095 1.0577289426991593e-07
17200.000000000095 1.271710756724264e-07
17250.000000000095 1.0725210047702208e-07
17300.000000000095 9.561180586374376e-08
17350.000000000095 9.030581139820516e-08
17400.000000000095 8.847845399986072e-08
17450.000000000095 8.573377978487125e-08
17500.000000000095 9.161336021731053e-08
17550.000000000095 7.733865563289273e-08
17600.000000000095 6.94830656590481e-08
17650.000000000095 6.65564306294726e-08
17700.000000000095 5.071889271252494e-08
17750.000000000095 4.207698973427241e-08
17800.000000000095 5.0255347160510206e-08
17850.000000000095 3.3198196487157156e-08
17900.000000000095 3.9239561414509716e-08
17950.000000000095 2.7959605522899885e-08
18000.000000000095 3.169901915674465e-08
18050.000000000095 2.5876512506336183e-08
18100.000000000095 2.4524241210846e-08
18150.000000000095 3.2860529875536557e-08
18200.000000000095 1.961144578309132e-08
18250.000000000095 4.246340430492607e-08
18300.000000000095 2.3407033539005743e-08
18350.000000000095 2.1206433411423904e-08
18400.000000000095 1.824323272894733e-08
18450.000000000095 2.534065777740627e-08
18500.000000000095 2.634396625263257e-08
18550.000000000095 1.9889191085490524e-08
18600.000000000095 1.8031636818183934e-08
18650.000000000095 1.4956760639844214e-08
18700.000000000095 1.3308285418908526e-08
18750.000000000095 1.920954187575655e-08
18800.000000000095 3.796268526355558e-08
18850.000000000095 4.099026093749248e-08
18900.000000000095 3.592867478253415e-08
18950.000000000095 5.975543972393336e-08
19000.000000000095 3.689886320423902e-08
19050.000000000095 2.7009350949834288e-08
19100.000000000095 4.839494264452845e-08
19150.000000000095 3.3363151963765507e-08
19200.000000000095 4.2734018632599056e-08
19250.000000000095 3.336605627482958e-08
19300.000000000095 2.8870149972324166e-08
19350.000000000095 2.7720771861873964e-08
19400.000000000095 1.7724108954062997e-08
19450.000000000095 3.334398776992952e-08
19500.000000000095 3.144520536680596e-08
19550.000000000095 2.5691009926569812e-08
19600.000000000095 3.359632523376907e-08
19650.000000000095 3.981031948171553e-08
19700.000000000095 4.048830330801387e-08
19750.000000000095 4.337568422019516e-08
19800.000000000095 4.9033825271541155e-08
19850.000000000095 6.120246432014049e-08
19900.000000000095 4.774287349529253e-08
19950.000000000095 7.066238416149004e-08
20000.000000000095 6.682049201804752e-08
20050.000000000095 7.263057367738607e-08
20100.000000000095 7.886234775167503e-08
20150.000000000095 7.637928692807214e-08
20200.000000000095 8.776257289309248e-08
20250.000000000095 9.948337796833206e-08
20300.000000000095 9.33205164362823e-08
20350.000000000095 1.0731480670201498e-07
20400.000000000095 1.0484988903391344e-07
20450.000000000095 1.2086243256827252e-07
20500.000000000095 1.2468778828222514e-07
20550.000000000095 1.2242857986560843e-07
20600.000000000095 1.351828790111627e-07
20650.000000000095 1.3186456305420757e-07
20700.000000000095 1.319719959147262e-07
20750.000000000095 1.3943720517790933e-07
20800.000000000095 1.3741499095450836e-07
20850.000000000095 1.3982634618118843e-07
20900.000000000095 1.433247449779076e-07
20950.000000000095 1.386281902817034e-07
21000.000000000095 1.4081889206648403e-07
21050.000000000095 1.365225591427366e-07
21100.000000000095 1.3575181039085248e-07
21150.000000000095 1.3635264591535795e-07
21200.000000000095 1.3145566207872925e-07
21250.000000000095 1.3200146685202244e-07
21300.000000000095 1.2404568407554665e-07
21350.000000000095 1.244170037443185e-07
21400.000000000095 1.1870061078342641e-07
21450.000000000095 1.1349501177510479e-07
21500.000000000095 1.1409346325133368e-07
21550.000000000095 1.0968129431065208e-07
21600.000000000095 1.0590346180035529e-07
21650.000000000095 9.88362863345864e-08
21700.000000000095 1.0148313395963065e-07
21750.000000000095 9.459922814057452e-08
21800.000000000095 8.742903873200074e-08
21850.000000000095 7.92216124837151e-08
21900.000000000095 7.436233602853887e-08
21950.000000000095 5.1070367821625256e-08
22000.000000000095 3.060038477235841e-08
22050.000000000095 2.583509633389695e-08
22100.000000000095 4.050592477709059e-08
22150.000000000095 4.509455086845203e-08
22200.000000000095 4.3403294276754333e-08
22250.000000000095 4.105492605057471e-08
22300.000000000095 3.749334511689258e-08
22350.000000000095 3.578650327053971e-08
22400.000000000095 2.880671085201954e-08
22450.000000000095 2.6476177710300282e-08
22500.000000000095 2.8203784657042213e-08
22550.000000000095 1.9998185391037784e-08
22600.000000000095 2.3769921322896237e-08
22650.000000000095 2.5477746955443195e-08
22700.000000000095 2.337767637640854e-08
22750.000000000095 2.451655513015307e-08
22800.000000000095 2.316765155226374e-08
22850.000000000095 2.0338849813242046e-08
22900.000000000095 1.8670927725833493e-08
22950.000000000095 1.8030226215230935e-08
23000.000000000095 1.5480300143441112e-08
23050.000000000095 1.998365691995038e-08
23100.000000000095 3.085385639727004e-08
23150.000000000095 2.8429682119219333e-08
23200.000000000095 1.1567331215491098e-08
23250.000000000095 1.3819749244821531e-08
23300.000000000095 1.4076939004807818e-08
23350.000000000095 1.1877522469102485e-08
23400.000000000095 1.5594513027763803e-08
23450.000000000095 1.444459187753543e-08
23500.000000000095 1.4402732454170305e-08
23550.000000000095 1.9873721389405494e-08
23600.000000000095 2.1706420683641735e-08
23650.000000000095 2.3952155447424155e-08
23700.000000000095 1.3095692482719075e-08
23750.000000000095 1.295398260907482e-08
23800.000000000095 1.8576368024714478e-08
23850.000000000095 1.7274628162817005e-08
23900.000000000095 2.5916737240304993e-08
23950.000000000095 2.5240400869213976e-08
24000.000000000095 3.326177585723141e-08
24050.000000000095 3.438429439226188e-08
24100.000000000095 2.8473996622935746e-08
24150.000000000095 3.202404656401603e-08
24200.000000000095 3.472055787162265e-08
24250.000000000095 3.145070229444391e-08
24300.000000000095 3.6433291585650587e-08
24350.000000000095 3.003743510340049e-08
24400.000000000095 4.5899721396000914e-08
24450.000000000095 3.644524916275726e-08
24500.000000000095 4.0399518392493054e-08
24550.000000000095 4.14706516933777e-08
24600.000000000095 4.638250672737526e-08
24650.000000000095 5.196624148647866e-08
24700.000000000095 3.777593327327395e-08
24750.000000000095 3.6528817260759345e-08
24800.000000000095 3.772617470436932e-08
24850.000000000095 5.38425619503024e-08
24900.000000000095 2.5427222206269686e-08
24950.000000000095 4.46742340644207e-08
25000.000000000095 4.128330485683373e-08
25050.000000000095 2.6937777652311155e-08
25100.000000000095 3.718326601675182e-08
25150.000000000095 2.2628632623343135e-08
25200.000000000095 3.119469271729906e-08
25250.000000000095 1.828498643896218e-08
25300.000000000095 2.62615278551602e-08
25350.000000000095 1.4287394207173553e-08
25400.000000000095 2.8150520368524733e-08
25450.000000000095 1.6280173221700018e-08
25500.000000000095 1.576958337520218e-08
25550.000000000095 2.14813973811332e-08
25600.000000000095 1.7675379727358458e-08
25650.000000000095 1.1040271703206823e-08
25700.000000000095 2.1824926627578736e-08
25750.000000000095 9.999350208802963e-09
25800.000000000095 2.419062207729165e-08
25850.000000000095 9.992434657945263e-09
25900.000000000095 1.583607076014769e-08
25950.000000000095 8.32363056828521e-09
26000.000000000095 2.3229128741179495e-08
26050.000000000095 1.2544164088158624e-08
26100.000000000095 2.5134733311739515e-08
26150.000000000095 1.894827882223299e-08
26200.000000000095 2.11478856299544e-08
26250.000000000095 3.6089199678421246e-08
26300.000000000095 2.146345794226021e-08
26350.000000000095 4.1259906675588764e-08
26400.000000000095 4.690845998939923e-08
26450.000000000095 4.0615392098109936e-08
26500.000000000095 4.1985628630994835e-08
26550.000000000095 2.4654601267262797e-08
26600.000000000095 2.9778150009364778e-08
26650.000000000095 1.2829233066255998e-08
26700.000000000095 9.819904007951466e-09
26750.000000000095 8.923180261610154e-09
26800.000000000095 1.3707684935903458e-08
26850.000000000095 8.107204492579922e-09
26900.000000000095 1.9646629929501876e-08
26950.000000000095 9.483457840812453e-09
27000.000000000095 2.6834111199265844e-08
27050.000000000095 2.4433501384969005e-08
27100.000000000095 1.435035807477341e-08
27150.000000000095 3.227960123103122e-08
27200.000000000095 1.5152116734001906e-08
27250.000000000095 2.0031514652013925e-08
27300.000000000095 5.150817777749883e-08
27350.000000000095 3.527409418934062e-08
27400.000000000095 8.468095495890187e-09
27450.000000000095 4.124323213892378e-08
27500.000000000095 4.785361402719969e-08
27550.000000000095 1.829886890042347e-08
27600.000000000095 3.3478980289923104e-08
27650.000000000095 1.5504859172874382e-08
27700.000000000095 1.2463219942664897e-08
27750.000000000095 3.49956895552995e-08
27800.000000000095 1.684544186292924e-08
27850.000000000095 1.9314521492890207e-08
27900.000000000095 2.5595608720782297e-08
27950.000000000095 3.7268726846402927e-08
28000.000000000095 3.164046609022501e-08
28050.000000000095 1.2495332619622981e-08
28100.000000000095 4.291710030414204e-08
28150.000000000095 2.886073576259587e-08
28200.000000000095 1.2610222457920018e-08
28250.000000000095 4.4447966847503055e-08
28300.000000000095 5.65071768461127e-08
28350.000000000095 1.5588469693170598e-08
28400.000000000095 3.675494336805796e-08
28450.000000000095 4.823252981095421e-08
28500.000000000095 3.4963366290290636e-08
28550.000000000095 1.4644104536094457e-08
28600.000000000095 5.018163542908906e-08
28650.000000000095 4.351698164977962e-08
28700.000000000095 3.758649667100799e-08
28750.000000000095 5.508057952900432e-08
28800.000000000095 4.954338859143053e-08
28850.000000000095 5.934997423418206e-08
28900.000000000095 2.8670809576873252e-08
28950.000000000095 7.076897766120059e-08
29000.000000000095 4.8281278927786034e-08
29050.000000000095 5.769213123595338e-08
29100.000000000095 3.726402638986869e-08
29150.000000000095 8.027720052745355e-08
29200.000000000095 5.0131338214109e-08
29250.000000000095 7.08875009501828e-08
