galfind/configs/Brown_Dwarf_templates/sonora_cholla/logkzz7/562g/1050K_562g_logkzz7_resample.dat
# %ECSV 1.0
# ---
# datatype:
# - {name: wav, unit: Angstrom, datatype: float64}
# - {name: flux_nu, unit: erg / (cm2 Hz s), datatype: float64}
# schema: astropy-2.0
wav flux_nu
[from data line 775]
48750.000000000095 1.1000920812736615e-07
48800.000000000095 1.830649565180718e-07
48850.000000000095 1.3027796436645636e-07
48900.000000000095 1.8774565361026871e-07
48950.000000000095 1.6797117340145588e-07
49000.000000000095 1.4878348613596904e-07
49050.000000000095 1.8074190370599385e-07
49100.000000000095 1.3517661030261674e-07
49150.000000000095 2.0805889143376406e-07
49200.000000000095 1.3654791496806333e-07
49250.000000000095 2.103522228468172e-07
49300.000000000095 1.5478144266105988e-07
49350.000000000095 1.7652184156099718e-07
49400.000000000095 2.051775767172064e-07
49450.000000000095 1.8088103840888877e-07
49500.000000000095 1.810384569256707e-07
49550.000000000095 1.1521416867928027e-07
49600.000000000095 1.887119264409535e-07
49650.000000000095 1.780912804906679e-07
49700.000000000095 1.640643730470576e-07
49750.000000000095 2.6346237423391576e-07
49800.000000000095 1.598062782953642e-07
49850.000000000095 2.825439766673557e-07
49900.000000000095 2.0670160933039018e-07
49950.000000000095 2.3825982219322199e-07
50000.000000000095 2.571365826148724e-07
50050.000000000095 2.2726409186811663e-07
50100.000000000095 3.0504275794280827e-07
50150.000000000095 1.6440392662175883e-07
50200.000000000095 1.251875290297253e-07
50250.000000000095 2.551216727918647e-07
50300.000000000095 1.8552180007993127e-07
50350.000000000095 2.6365406667423096e-07
50400.000000000095 2.2273722728607995e-07
50450.000000000095 2.3261479140254325e-07
50500.000000000095 3.066834443909111e-07
50550.000000000095 2.4109498099426984e-07
50600.000000000095 2.7230274896393253e-07
50650.000000000095 2.4357699445521945e-07
50700.000000000095 3.4933246234917007e-07
50750.000000000095 3.3429516064394514e-07
50800.000000000095 1.7301748223492744e-07
50850.000000000095 1.9296739117531493e-07
50900.000000000095 3.182164421090326e-07
50950.000000000095 3.2631825902660484e-07
51000.000000000095 3.094387547225948e-07
51050.000000000095 2.761315679850525e-07
51100.000000000095 1.8392296472691036e-07
51150.000000000095 2.3323286665294937e-07
51200.000000000095 3.294374073487051e-07
51250.000000000095 3.0835488623952013e-07
51300.000000000095 2.0213014125882813e-07
51350.000000000095 2.654293034109819e-07
51400.000000000095 1.9927659251212893e-07
51450.000000000095 1.7404118197369136e-07
51500.000000000095 1.603953727690269e-07
51550.000000000095 2.985301052384857e-07
51600.000000000095 2.0699571776196105e-07
51650.000000000095 2.768590384369594e-07
51700.000000000095 2.900349418893113e-07
51750.000000000095 1.9432281708089348e-07
51800.000000000095 3.686937909700562e-07
51850.000000000095 2.9966048895264413e-07
51900.000000000095 3.7050660745118573e-07
51950.000000000095 3.0860593612157415e-07
52000.000000000095 1.1926570990148195e-07
52050.000000000095 2.1127497688274418e-07
52100.000000000095 1.9186544007464032e-07
52150.000000000095 1.5692464501938945e-07
52200.000000000095 1.790343543651461e-07
52250.000000000095 2.2347307382717948e-07
52300.000000000095 3.6292585180857587e-07
52350.000000000095 2.3349357455576865e-07
52400.000000000095 1.9119582612738467e-07
52450.000000000095 3.024624326729789e-07
52500.000000000095 2.8212191849885874e-07
52550.000000000095 2.902010777050556e-07
52600.000000000095 2.3899232821401455e-07
52650.000000000095 2.714982717345779e-07
52700.000000000095 2.1841185548412098e-07
52750.000000000095 1.7412595497714766e-07
52800.000000000095 1.8972300255230428e-07
52850.000000000095 2.1990449459194744e-07
52900.000000000095 1.7959122205844818e-07
52950.000000000095 1.900817709984636e-07
53000.000000000095 3.292405641376066e-07
53050.000000000095 1.4940167995362675e-07
53100.000000000095 3.065015611460358e-07
53150.000000000095 3.5980226511976267e-07
53200.000000000095 1.7183231548319503e-07
53250.000000000095 3.202005824957119e-07
53300.000000000095 3.402170718086086e-07
53350.000000000095 3.2154362274563894e-07
53400.000000000095 3.2662043544119044e-07
53450.000000000095 1.589768024999717e-07
53500.000000000095 1.014224860599843e-07
53550.000000000095 1.556577837679921e-07
53600.000000000095 2.3269286067192408e-07
53650.000000000095 1.9277788760336038e-07
53700.000000000095 1.7971793866901244e-07
53750.000000000095 1.8015153036754303e-07
53800.000000000095 1.8514501312251744e-07
53850.000000000095 2.421668852231519e-07
53900.000000000095 2.30700660028613e-07
53950.000000000095 3.069241246658485e-07
54000.000000000095 2.1813133409051974e-07
54050.000000000095 2.1778220366967069e-07
54100.000000000095 1.1173089874953731e-07
54150.000000000095 1.6151707849038318e-07
54200.000000000095 8.458570457185289e-08
54250.000000000095 1.0324168767186278e-07
54300.000000000095 1.6506803524790243e-07
54350.000000000095 2.2043426875466109e-07
54400.000000000095 2.2097552611689828e-07
54450.000000000095 1.9419635387899178e-07
54500.000000000095 1.7451825665370472e-07
54550.000000000095 1.480451659732163e-07
54600.000000000095 1.847019013589015e-07
54650.000000000095 1.0185666831927182e-07
54700.000000000095 2.16455669901621e-07
54750.000000000095 2.0561084912801514e-07
54800.000000000095 1.4604268232137612e-07
54850.000000000095 1.7248434755164152e-07
54900.000000000095 2.3084095327186355e-07
54950.000000000095 3.0587989754455095e-07
55000.000000000095 1.4076105324185335e-07
55050.000000000095 1.9785895608181144e-07
55100.000000000095 1.8579786701409325e-07
55150.000000000095 1.5249781180669694e-07
55200.000000000095 1.4903703812608426e-07
55250.000000000095 1.6803746692907987e-07
55300.000000000095 1.2364235091288612e-07
55350.000000000095 1.9746908120125858e-07
55400.000000000095 2.4450281460624603e-07
55450.000000000095 1.7342336946187512e-07
55500.000000000095 9.687637987493506e-08
55550.000000000095 1.3202435165302534e-07
55600.000000000095 1.3029378146821283e-07
55650.000000000095 1.1209451364916575e-07
55700.000000000095 1.4176279932726808e-07
55750.000000000095 1.5974681510455957e-07
55800.000000000095 1.1248799932665659e-07
55850.000000000095 1.0514221172695007e-07
55900.000000000095 1.9054345864168374e-07
55950.000000000095 2.498538807130608e-07
56000.000000000095 1.2014050578999893e-07
56050.000000000095 1.6007035058747506e-07
56100.000000000095 1.8695129134157746e-07
56150.000000000095 1.3553625972674918e-07
56200.000000000095 1.5492635447574906e-07
56250.000000000095 1.6990454937502507e-07
56300.000000000095 1.7326547989161155e-07
56350.000000000095 1.6950143469044222e-07
56400.000000000095 1.1181238400834551e-07
56450.000000000095 1.002968550500238e-07
56500.000000000095 1.37680562226348e-07
56550.000000000095 8.862982333418463e-08
56600.000000000095 1.8190367918731312e-07
56650.000000000095 1.7360694651898912e-07
56700.000000000095 1.9380998599738067e-07
56750.000000000095 1.0236218283496596e-07
56800.000000000095 1.7886954162859878e-07
56850.000000000095 1.488445409097613e-07
56900.000000000095 1.2116051315450338e-07
56950.000000000095 1.8772985853184766e-07
57000.000000000095 2.0640993550072849e-07
57050.000000000095 1.3332113889036403e-07
57100.000000000095 7.292707376880625e-08
57150.000000000095 1.0745831658021684e-07
57200.000000000095 8.755068759163951e-08
57250.000000000095 1.2509453211668026e-07
57300.000000000095 1.600906169438276e-07
57350.000000000095 9.644934378573024e-08
57400.000000000095 1.665683635528009e-07
57450.000000000095 1.4443712227029513e-07
57500.000000000095 1.3185849332614475e-07
57550.000000000095 1.718776632523999e-07
57600.000000000095 1.7955712629084216e-07
57650.000000000095 7.475792891372953e-08
57700.000000000095 9.541113631988813e-08
57750.000000000095 1.16749981446175e-07
57800.000000000095 5.305819105303357e-08
57850.000000000095 2.1841514055816466e-07
57900.000000000095 2.5376783483863997e-07
57950.000000000095 2.312066609401583e-07
58000.000000000095 1.1919577004230127e-07
58050.000000000095 1.6462143265930835e-07
58100.000000000095 1.9861284862798052e-07
58150.000000000095 1.4983259701629528e-07
58200.000000000095 7.952885069202796e-08
58250.000000000095 1.0460060941712258e-07
58300.000000000095 8.93934970640551e-08
58350.000000000095 1.0788108411732147e-07
58400.000000000095 1.5077923322842763e-07
58450.000000000095 1.6408720808797665e-07
58500.000000000095 1.496000144900714e-07
58550.000000000095 1.700093518942282e-07
58600.000000000095 9.986069955852379e-08
58650.000000000095 1.2319173204426048e-07
58700.000000000095 1.3026754331517603e-07
58750.000000000095 1.435510166787254e-07
58800.000000000095 6.737421312951906e-08
58850.000000000095 1.1751208207694243e-07
58900.000000000095 1.5202578858645982e-07
58950.000000000095 9.234767723603266e-08
59000.000000000095 1.5001755228959975e-07
59050.000000000095 1.6924953375946944e-07
59100.000000000095 1.9767704612170388e-07
59150.000000000095 1.454513012773321e-07
59200.000000000095 1.508219031484498e-07
59250.000000000095 1.6146355649610423e-07
59300.000000000095 1.522451809994471e-07
59350.000000000095 7.655063879128095e-08
59400.000000000095 6.174426646397418e-08
59450.000000000095 1.3625721048292297e-07
59500.000000000095 8.502921643386826e-08
59550.000000000095 1.7026580611809575e-07
59600.000000000095 1.813618647731521e-07
59650.000000000095 1.431356457555814e-07
59700.000000000095 1.0017360653396202e-07
59750.000000000095 2.2118735504623116e-07
59800.000000000095 1.306862167824862e-07
59850.000000000095 1.760796024296786e-07
59900.000000000095 8.760176472262944e-08
59950.000000000095 1.484066605015702e-07
60000.000000000095 2.494356683822492e-07
60050.000000000095 2.1298191771489508e-07
60100.000000000095 2.0572442258170625e-07
60150.000000000095 1.3738768571853327e-07
60200.000000000095 1.6700921528844142e-07
60250.000000000095 2.0799464368166557e-07
60300.000000000095 1.9036787037914019e-07
60350.000000000095 1.3405212439529817e-07
60400.000000000095 1.7076261796101575e-07
60450.000000000095 8.819438162456904e-08
60500.000000000095 5.7313886137746426e-08
60550.000000000095 1.7121753467786143e-07
60600.000000000095 1.6971057526619866e-07
60650.000000000095 1.3829501230659742e-07
60700.000000000095 1.2248741363938832e-07
60750.000000000095 8.979799816918115e-08
60800.000000000095 1.7772436728705583e-07
60850.000000000095 2.589648794308168e-07
60900.000000000095 2.3153331353579822e-07
60950.000000000095 2.0557910484483034e-07
61000.000000000095 1.6828292794568642e-07
61050.000000000095 1.1388729781319775e-07
61100.000000000095 1.5391915842734258e-07
61150.000000000095 6.598342105303548e-08
61200.000000000095 2.1117738625382198e-07
61250.000000000095 2.3629395218512683e-07
61300.000000000095 2.0536913152430706e-07
61350.000000000095 2.602509513705086e-07
61400.000000000095 1.6369800200515093e-07
61450.000000000095 1.0434686379009348e-07
61500.000000000095 1.2470189250899126e-07
61550.000000000095 1.2858114915052704e-07
61600.000000000095 9.478971800121948e-08
61650.000000000095 1.4627133269041956e-07
61700.000000000095 1.272764666798251e-07
61750.000000000095 1.489217442193308e-07
61800.000000000095 1.7019725369684166e-07
61850.000000000095 1.0619116585643582e-07
61900.000000000095 2.213903231968291e-07
61950.000000000095 2.2776595902823228e-07
62000.000000000095 2.0824899650151493e-07
62050.000000000095 2.0384599342778476e-07
62100.000000000095 2.0584517121789373e-07
62150.000000000095 2.1212723634802777e-07
62200.000000000095 1.8835863007452864e-07
62250.000000000095 1.8472612017994214e-07
62300.000000000095 2.68692463471356e-07
62350.000000000095 2.2718536813941232e-07
62400.000000000095 1.3490532171978573e-07
62450.000000000095 1.7490890370636466e-07
62500.000000000095 2.4456468815304834e-07
62550.000000000095 2.4120965356681696e-07
62600.000000000095 2.572797658608062e-07
62650.000000000095 2.0528040451784355e-07
62700.000000000095 2.160121556168742e-07
62750.000000000095 2.653570032760198e-07
62800.000000000095 1.6529932641414527e-07
62850.000000000095 2.2841774133010228e-07
62900.000000000095 1.9052404500884855e-07
62950.000000000095 2.6525057817844676e-07
63000.000000000095 2.2202611013431058e-07
63050.000000000095 3.0653504808229256e-07
63100.000000000095 2.8092434631865363e-07
63150.000000000095 1.9136428801847628e-07
63200.000000000095 2.4266668085471703e-07
63250.000000000095 2.350364332561589e-07
63300.000000000095 2.544581415497005e-07
63350.000000000095 2.2854048891057104e-07
63400.000000000095 1.3615801058943326e-07
63450.000000000095 1.082345149015137e-07
63500.000000000095 2.1565726230649295e-07
63550.000000000095 2.08359988561368e-07
63600.000000000095 2.487292918441746e-07
63650.000000000095 1.7840669817126528e-07
63700.000000000095 1.1712725254501549e-07
63750.000000000095 1.689785947669254e-07
63800.000000000095 2.0590197705681112e-07
63850.000000000095 1.9043801828386275e-07
63900.000000000095 1.2877432871642932e-07
63950.000000000095 1.9545678901481776e-07
64000.000000000095 2.2005461250207932e-07
64050.000000000095 1.5382109950949077e-07
64100.000000000095 5.98778718937841e-08
64150.000000000095 8.387660678314433e-08
64200.000000000095 9.793380709709291e-08
64250.000000000095 1.5539658870801953e-07
64300.000000000095 1.2291631081707405e-07
64350.000000000095 1.0607147357981697e-07
64400.000000000095 1.745045137303778e-07
64450.000000000095 1.8441037030095212e-07
64500.000000000095 1.0160461969990864e-07
64550.000000000095 1.597302802307216e-07
64600.000000000095 9.800273301676332e-08
64650.000000000095 1.5083951043590323e-07
64700.000000000095 8.239399439268547e-08
64750.000000000095 1.0204069736554912e-07
64800.000000000095 9.86028133624206e-08
64850.000000000095 8.839172891565287e-08
64900.000000000095 1.0101148784544586e-07
64950.000000000095 9.14537677036808e-08
65000.000000000095 1.1256098662318668e-07
65050.000000000095 1.2214146942570043e-07
65100.000000000095 1.4987130333148335e-07
65150.000000000095 1.0750385063882866e-07
65200.000000000095 8.517494025282707e-08
65250.000000000095 1.3593177275665535e-07
65300.000000000095 1.1585794443132682e-07
65350.000000000095 2.15823640945264e-07
65400.000000000095 1.1247498259541648e-07
65450.000000000095 1.1616726087965327e-07
65500.000000000095 1.3504309365842793e-07
65550.00000000009 8.99023832331193e-08
65600.00000000009 1.1532537808664806e-07
65650.00000000009 1.1765687753119477e-07
65700.00000000009 1.0844644358065036e-07
65750.00000000009 8.723800411407451e-08
65800.00000000009 1.243670275371562e-07
65850.00000000009 1.527220666629648e-07
65900.00000000009 8.606767219456147e-08
65950.00000000009 7.735454114791747e-08
66000.00000000009 1.0743036222673042e-07
66050.00000000009 1.8657384667921363e-07
66100.00000000009 1.1842114778242702e-07
66150.00000000009 9.212306349517009e-08
66200.00000000009 9.119562384933635e-08
66250.00000000009 8.599433066526121e-08
66300.00000000009 4.598963391851898e-08
66350.00000000009 6.381750485375559e-08
66400.00000000009 8.487295962420245e-08
66450.00000000009 1.415115919687198e-07
66500.00000000009 1.8353947113609024e-07
66550.00000000009 1.7306479504323827e-07
66600.00000000009 1.3436631060237737e-07
66650.00000000009 1.2819265126216018e-07
66700.00000000009 1.1265772735274287e-07
66750.00000000009 1.0272911996166569e-07
66800.00000000009 1.3336511940931677e-07
66850.00000000009 9.181882147157179e-08
66900.00000000009 1.5089755937120279e-07
66950.00000000009 1.8976955893961907e-07
67000.00000000009 1.869885101433341e-07
67050.00000000009 1.2446033175120787e-07
67100.00000000009 1.0313788549189387e-07
67150.00000000009 1.0903693819971944e-07
67200.00000000009 1.2741413181313752e-07
67250.00000000009 1.2577566236612077e-07
67300.00000000009 1.4416759665472445e-07
67350.00000000009 9.518489652269403e-08
67400.00000000009 1.8418843701636934e-07
67450.00000000009 1.39683210795862e-07
67500.00000000009 1.2661625123891524e-07
67550.00000000009 1.550486067492494e-07
67600.00000000009 2.452329603132835e-07
67650.00000000009 1.8253185802017645e-07
67700.00000000009 1.4211701792644587e-07
67750.00000000009 1.2178876353752445e-07
67800.00000000009 1.5957416652911913e-07
67850.00000000009 9.910685460124082e-08
67900.00000000009 1.2362198063386305e-07
67950.00000000009 8.97266080968348e-08
