galfind/configs/Brown_Dwarf_templates/sonora_cholla/logkzz7/562g/1100K_562g_logkzz7_resample.dat
# %ECSV 1.0
# ---
# datatype:
# - {name: wav, unit: Angstrom, datatype: float64}
# - {name: flux_nu, unit: erg / (cm2 Hz s), datatype: float64}
# schema: astropy-2.0
wav flux_nu
[from data line 389]
29450.000000000095 1.0954008598195028e-07
29500.000000000095 1.23019364493232e-07
29550.000000000095 1.0514023014289259e-07
29600.000000000095 1.4276565520429534e-07
29650.000000000095 1.2151017868516515e-07
29700.000000000095 1.0472682451771065e-07
29750.000000000095 1.3905574710392314e-07
29800.000000000095 1.510248254692108e-07
29850.000000000095 1.599556889826036e-07
29900.000000000095 1.593409923150964e-07
29950.000000000095 1.4261548852588915e-07
30000.000000000095 1.2245766032864964e-07
30050.000000000095 1.0720436616327598e-07
30100.000000000095 1.330163301964703e-07
30150.000000000095 1.8073767893498698e-07
30200.000000000095 1.352022138291091e-07
30250.000000000095 1.9972206776701835e-07
30300.000000000095 1.70861008635792e-07
30350.000000000095 1.5292063439345476e-07
30400.000000000095 1.9625682067178767e-07
30450.000000000095 1.4734554309449514e-07
30500.000000000095 1.4540918251012038e-07
30550.000000000095 1.5745349883897227e-07
30600.000000000095 1.8912527480259223e-07
30650.000000000095 1.7264645997519443e-07
30700.000000000095 1.5201564490116238e-07
30750.000000000095 1.48355216158476e-07
30800.000000000095 1.3909223781773913e-07
30850.000000000095 1.3838004221357467e-07
30900.000000000095 1.4154536907580135e-07
30950.000000000095 9.096743246139698e-08
31000.000000000095 1.2148449103103157e-07
31050.000000000095 1.2883550244746087e-07
31100.000000000095 9.001522936647631e-08
31150.000000000095 1.0814190221491748e-07
31200.000000000095 1.2098054658049692e-07
31250.000000000095 9.666851795354665e-08
31300.000000000095 9.372933550000877e-08
31350.000000000095 9.050801228952995e-08
31400.000000000095 6.746849743065509e-08
31450.000000000095 8.998553332469071e-08
31500.000000000095 7.062830251819371e-08
31550.000000000095 8.13554259805876e-08
31600.000000000095 6.132230962730054e-08
31650.000000000095 6.185810985589361e-08
31700.000000000095 7.015296876965404e-08
31750.000000000095 5.202554204986021e-08
31800.000000000095 6.592593144325383e-08
31850.000000000095 5.394337558391562e-08
31900.000000000095 5.7695275515930256e-08
31950.000000000095 5.364944713775683e-08
32000.000000000095 5.285697277331008e-08
32050.000000000095 4.81437104661914e-08
32100.000000000095 4.382061776702548e-08
32150.000000000095 5.809820835222605e-08
32200.000000000095 4.252193688357247e-08
32250.000000000095 6.139363011955459e-08
32300.000000000095 3.8061204173292675e-08
32350.000000000095 7.726719040444835e-08
32400.000000000095 5.110385732758687e-08
32450.000000000095 7.106137747751044e-08
32500.000000000095 5.6260411450340436e-08
32550.000000000095 6.924370425019943e-08
32600.000000000095 7.671408123066985e-08
32650.000000000095 8.889492220648138e-08
32700.000000000095 7.622798624891392e-08
32750.000000000095 1.032204064610608e-07
32800.000000000095 8.425731550250598e-08
32850.000000000095 1.1021875521289157e-07
32900.000000000095 1.2060217610536167e-07
32950.000000000095 1.1898592975097482e-07
33000.000000000095 1.0305624905108144e-07
33050.000000000095 1.0400986291735917e-07
33100.000000000095 6.124740330506282e-08
33150.000000000095 1.3374724595917882e-08
33200.000000000095 1.5625024688924894e-08
33250.000000000095 1.0334255296261945e-08
33300.000000000095 1.1905689453475689e-08
33350.000000000095 2.2355799213832092e-08
33400.000000000095 3.2193489380975054e-08
33450.000000000095 4.046097764458466e-08
33500.000000000095 5.826244305866583e-08
33550.000000000095 5.36170146786569e-08
33600.000000000095 7.889218285565515e-08
33650.000000000095 8.420268599120018e-08
33700.000000000095 7.193236310242236e-08
33750.000000000095 1.0082830690300422e-07
33800.000000000095 6.483704204494056e-08
33850.000000000095 9.132230948582285e-08
33900.000000000095 8.089047601955468e-08
33950.000000000095 9.171368710470134e-08
34000.000000000095 9.51382266104809e-08
34050.000000000095 4.916451946176527e-08
34100.000000000095 8.892279504815465e-08
34150.000000000095 6.41381514135949e-08
34200.000000000095 8.277915346347038e-08
34250.000000000095 7.561769788846486e-08
34300.000000000095 5.8644564232934696e-08
34350.000000000095 8.303910901119516e-08
34400.000000000095 6.517558614777627e-08
34450.000000000095 9.272641011311167e-08
34500.000000000095 8.175677260734237e-08
34550.000000000095 5.698760238575429e-08
34600.000000000095 9.951928493164023e-08
34650.000000000095 6.056345971117197e-08
34700.000000000095 7.27486822319354e-08
34750.000000000095 7.67881607599982e-08
34800.000000000095 4.909027289989521e-08
34850.000000000095 8.530824646946669e-08
34900.000000000095 8.805068908342238e-08
34950.000000000095 7.923422683079181e-08
35000.000000000095 1.0813864103375115e-07
35050.000000000095 7.909651336721667e-08
35100.000000000095 1.084729215808472e-07
35150.000000000095 9.844849935170141e-08
35200.000000000095 1.1974706723180613e-07
35250.000000000095 1.434229897774484e-07
35300.000000000095 8.591325016860893e-08
35350.000000000095 1.243859894196545e-07
35400.000000000095 1.235002190209493e-07
35450.000000000095 1.0429685483097035e-07
35500.000000000095 1.615789066457632e-07
35550.000000000095 1.403682671270734e-07
35600.000000000095 1.4978265398367024e-07
35650.000000000095 1.6144193180697187e-07
35700.000000000095 1.098669736297525e-07
35750.000000000095 1.7163144388025406e-07
35800.000000000095 1.7106645458080598e-07
35850.000000000095 1.2817643799213117e-07
35900.000000000095 1.8740798369947544e-07
35950.000000000095 1.8115669916813896e-07
36000.000000000095 1.5841771625952964e-07
36050.000000000095 1.9659926755615475e-07
36100.000000000095 1.756442638651294e-07
36150.000000000095 2.0787030441156983e-07
36200.000000000095 2.159505905179513e-07
36250.000000000095 2.1024168545932414e-07
36300.000000000095 2.3794215685104305e-07
36350.000000000095 2.394523416550931e-07
36400.000000000095 2.7629257235174537e-07
36450.000000000095 2.7008783158185655e-07
36500.000000000095 2.6401676335726697e-07
36550.000000000095 2.9903801576171376e-07
36600.000000000095 3.2764099820572213e-07
36650.000000000095 3.2166635376602605e-07
36700.000000000095 3.3454070334695903e-07
36750.000000000095 3.6967889893827485e-07
36800.000000000095 3.5401689340184137e-07
36850.000000000095 3.3985588443298723e-07
36900.000000000095 3.4020536532904823e-07
36950.000000000095 3.8994287912742867e-07
37000.000000000095 3.6413369923097216e-07
37050.000000000095 3.96696752881432e-07
37100.000000000095 3.9195966732147895e-07
37150.000000000095 4.1864136313686175e-07
37200.000000000095 4.425945602797836e-07
37250.000000000095 3.9136380986632844e-07
37300.000000000095 3.966781737170631e-07
37350.000000000095 4.3942460791331103e-07
37400.000000000095 5.008856322005284e-07
37450.000000000095 4.534723499203165e-07
37500.000000000095 4.2570574171462717e-07
37550.000000000095 5.317980591847672e-07
37600.000000000095 5.555034309044944e-07
37650.000000000095 4.5918876092383816e-07
37700.000000000095 5.316039407617284e-07
37750.000000000095 4.3943075981630557e-07
37800.000000000095 5.169928953238048e-07
37850.000000000095 4.2584880612102537e-07
37900.000000000095 5.020294763741215e-07
37950.000000000095 5.423124663118806e-07
38000.000000000095 5.913531023945676e-07
38050.000000000095 5.378910696777975e-07
38100.000000000095 5.800898487790685e-07
38150.000000000095 5.787578384967919e-07
38200.000000000095 6.051886113851954e-07
38250.000000000095 5.80240019519741e-07
38300.000000000095 6.60277728145095e-07
38350.000000000095 6.729726238048508e-07
38400.000000000095 5.392460113666547e-07
38450.000000000095 6.178243736434954e-07
38500.000000000095 5.57431341352384e-07
38550.000000000095 6.225286828149565e-07
38600.000000000095 6.366461685116004e-07
38650.000000000095 6.86674939101627e-07
38700.000000000095 6.994825154482529e-07
38750.000000000095 6.848885795518286e-07
38800.000000000095 6.481307541163773e-07
38850.000000000095 7.13762510378253e-07
38900.000000000095 7.123146479003174e-07
38950.000000000095 6.942072439537836e-07
39000.000000000095 7.516406363428722e-07
39050.000000000095 7.170421832538735e-07
39100.000000000095 6.874799835196398e-07
39150.000000000095 7.386813717684422e-07
39200.000000000095 7.040574769317559e-07
39250.000000000095 7.757833188175467e-07
39300.000000000095 7.565878732918636e-07
39350.000000000095 8.156219306653772e-07
39400.000000000095 8.002439482832407e-07
39450.000000000095 8.150746820803543e-07
39500.000000000095 7.61424673684134e-07
39550.000000000095 7.840197552985698e-07
39600.000000000095 7.953477657755712e-07
39650.000000000095 8.645808696595553e-07
39700.000000000095 8.099322192916702e-07
39750.000000000095 7.3177067309032e-07
39800.000000000095 7.995643623714421e-07
39850.000000000095 8.476871882566518e-07
39900.000000000095 8.484021924144668e-07
39950.000000000095 8.369859723330624e-07
40000.000000000095 8.392810041905797e-07
40050.000000000095 8.630221923154552e-07
40100.000000000095 8.051826302807236e-07
40150.000000000095 9.053871263892605e-07
40200.000000000095 9.232602364695849e-07
40250.000000000095 8.130109220704448e-07
40300.000000000095 8.657264349671336e-07
40350.000000000095 8.21295666787944e-07
40400.000000000095 8.91072195757677e-07
40450.000000000095 8.568721815482324e-07
40500.000000000095 7.923493000609632e-07
40550.000000000095 9.059272309784947e-07
40600.000000000095 7.968102593710682e-07
40650.000000000095 9.058568422161688e-07
40700.000000000095 1.0006860107990192e-06
40750.000000000095 8.371934371744736e-07
40800.000000000095 7.686631564579502e-07
40850.000000000095 8.71104119838437e-07
40900.000000000095 8.682072773481201e-07
40950.000000000095 8.256653580798752e-07
41000.000000000095 8.511238650888171e-07
41050.000000000095 8.709462546789494e-07
41100.000000000095 7.918315650203417e-07
41150.000000000095 7.720303714686821e-07
41200.000000000095 8.645566352380711e-07
41250.000000000095 8.60574811857638e-07
41300.000000000095 6.824004359921259e-07
41350.000000000095 8.869670254741979e-07
41400.000000000095 8.113705387241165e-07
41450.000000000095 8.46687396947668e-07
41500.000000000095 8.127585517471893e-07
41550.000000000095 7.33531812739742e-07
41600.000000000095 7.814748814268885e-07
41650.000000000095 7.838915792973739e-07
41700.000000000095 7.113256550610285e-07
41750.000000000095 6.79762429451345e-07
41800.000000000095 8.395576215265596e-07
41850.000000000095 5.152543203250766e-07
41900.000000000095 6.804130459493202e-07
41950.000000000095 7.205078333386456e-07
42000.000000000095 7.146339709821313e-07
42050.000000000095 5.875943910686733e-07
42100.000000000095 6.653096744408044e-07
42150.000000000095 4.939324852816282e-07
42200.000000000095 5.488355546043627e-07
42250.000000000095 5.613788931485359e-07
42300.000000000095 5.156409305476991e-07
42350.000000000095 5.654762006726961e-07
42400.000000000095 4.868563931636695e-07
42450.000000000095 4.212723308094845e-07
42500.000000000095 4.855932780111321e-07
42550.000000000095 4.5680137671578136e-07
42600.000000000095 5.590086990075385e-07
42650.000000000095 6.185569783998498e-07
42700.000000000095 5.281824055660863e-07
42750.000000000095 4.869715456087867e-07
42800.000000000095 4.4967495401941955e-07
42850.000000000095 5.549207905978178e-07
42900.000000000095 5.585008825666436e-07
42950.000000000095 4.221558714158399e-07
43000.000000000095 5.614986239892367e-07
43050.000000000095 3.622123453169679e-07
43100.000000000095 5.089318018506122e-07
43150.000000000095 5.249023038884019e-07
43200.000000000095 5.09037669780032e-07
43250.000000000095 5.31583300781061e-07
43300.000000000095 6.127745349729283e-07
43350.000000000095 4.2953378032859527e-07
43400.000000000095 5.292261700864791e-07
43450.000000000095 4.0837953271457235e-07
43500.000000000095 4.3472076402509963e-07
43550.000000000095 4.036343254916411e-07
43600.000000000095 4.94519942933624e-07
43650.000000000095 3.3283534067555017e-07
43700.000000000095 4.888367965360625e-07
43750.000000000095 4.857022924884844e-07
43800.000000000095 3.8653210890298723e-07
43850.000000000095 3.9930582780542716e-07
43900.000000000095 3.473297098696407e-07
43950.000000000095 3.332512576320366e-07
44000.000000000095 2.353974261399492e-07
44050.000000000095 3.1722838076275247e-07
44100.000000000095 3.3272112048462997e-07
44150.000000000095 3.2416284171257017e-07
44200.000000000095 2.872856556381689e-07
44250.000000000095 2.665581711631026e-07
44300.000000000095 2.4780337643249746e-07
44350.000000000095 2.1067533542613986e-07
44400.000000000095 2.1985361310735772e-07
44450.000000000095 2.2132615352807182e-07
44500.000000000095 1.8025218429115995e-07
44550.000000000095 1.9445094495004444e-07
44600.000000000095 1.652648341968822e-07
44650.000000000095 1.871249710547474e-07
44700.000000000095 1.7681914643494805e-07
44750.000000000095 1.8131179577698271e-07
44800.000000000095 1.6904587216433633e-07
44850.000000000095 1.5713032697943004e-07
44900.000000000095 1.3414549535399895e-07
44950.000000000095 1.3154881619661583e-07
45000.000000000095 1.3327875040274964e-07
45050.000000000095 1.394806881924209e-07
45100.000000000095 1.3067479294233473e-07
45150.000000000095 1.2105654362980442e-07
45200.000000000095 9.965907149511266e-08
45250.000000000095 1.0645377358669052e-07
45300.000000000095 1.219101540549145e-07
45350.000000000095 1.2095581913874092e-07
45400.000000000095 9.79198034263987e-08
45450.000000000095 9.541513314380744e-08
45500.000000000095 1.0126157005143683e-07
45550.000000000095 1.185414722935864e-07
45600.000000000095 9.435118209321941e-08
45650.000000000095 9.300219950894022e-08
45700.000000000095 1.188447630558892e-07
45750.000000000095 1.008595062839768e-07
45800.000000000095 8.713575844807281e-08
45850.000000000095 1.2548171760411223e-07
45900.000000000095 1.2167902654746604e-07
45950.000000000095 9.037108805189044e-08
46000.000000000095 1.1727777077963517e-07
46050.000000000095 1.2759286086787786e-07
46100.000000000095 9.113015502737439e-08
46150.000000000095 1.2576610240226666e-07
46200.000000000095 1.2191138070426656e-07
46250.000000000095 7.236142346900105e-08
46300.000000000095 1.4108008915495493e-07
46350.000000000095 1.0288583378057031e-07
46400.000000000095 1.2118483300481844e-07
46450.000000000095 1.5652408266839294e-07
46500.000000000095 1.1946801804731757e-07
46550.000000000095 1.6877057576107325e-07
46600.000000000095 1.6423636229158183e-07
46650.000000000095 2.47428010046115e-07
46700.000000000095 1.946489350336471e-07
46750.000000000095 1.4944284712437278e-07
46800.000000000095 1.3047484441379508e-07
46850.000000000095 1.573662016866033e-07
46900.000000000095 1.3804327568979254e-07
46950.000000000095 1.9098025243306946e-07
47000.000000000095 1.1122716425859347e-07
47050.000000000095 1.928776325146658e-07
47100.000000000095 1.0642385123606663e-07
47150.000000000095 1.3100063619662777e-07
47200.000000000095 1.4509177366477524e-07
47250.000000000095 1.1072754647336846e-07
47300.000000000095 1.3160963354051427e-07
47350.000000000095 9.648713946631421e-08
47400.000000000095 1.6218199799601647e-07
47450.000000000095 9.849928971540271e-08
47500.000000000095 1.7271524139117956e-07
47550.000000000095 1.0258512123353199e-07
47600.000000000095 1.6536239801654868e-07
47650.000000000095 1.051446023506816e-07
47700.000000000095 1.5517644839905326e-07
47750.000000000095 9.5446610806759e-08
47800.000000000095 1.5627557243281014e-07
47850.000000000095 8.562870289671393e-08
47900.000000000095 1.4395273232367072e-07
47950.000000000095 1.1026524620462779e-07
48000.000000000095 1.8203012998871455e-07
48050.000000000095 1.247597815505653e-07
48100.000000000095 1.7090570969372788e-07
48150.000000000095 1.2134151265335056e-07
48200.000000000095 1.7613979255574912e-07
48250.000000000095 1.3265968648376952e-07
48300.000000000095 2.078126968145067e-07
48350.000000000095 1.2737341553363307e-07
48400.000000000095 1.698283187541096e-07
48450.000000000095 1.12347406416477e-07
48500.000000000095 2.0672247511216582e-07
48550.000000000095 1.1445419116371101e-07
48600.000000000095 1.9610752711223438e-07
48650.000000000095 1.1410672473932708e-07
48700.000000000095 2.1459316957229635e-07
