galfind/configs/Brown_Dwarf_templates/sonora_cholla/logkzz7/562g/1100K_562g_logkzz7_resample.dat
# %ECSV 1.0
# ---
# datatype:
# - {name: wav, unit: Angstrom, datatype: float64}
# - {name: flux_nu, unit: erg / (cm2 Hz s), datatype: float64}
# schema: astropy-2.0
wav flux_nu
[from data line 776]
48800.000000000095 2.054523354171187e-07
48850.000000000095 1.4763652471487295e-07
48900.000000000095 2.114371584610465e-07
48950.000000000095 1.8760206291779e-07
49000.000000000095 1.6808763993399142e-07
49050.000000000095 2.0150256154511406e-07
49100.000000000095 1.528199470002904e-07
49150.000000000095 2.2885528051447953e-07
49200.000000000095 1.5500150029992607e-07
49250.000000000095 2.310899979999116e-07
49300.000000000095 1.7438127180962703e-07
49350.000000000095 1.9762380724147918e-07
49400.000000000095 2.2953923627471884e-07
49450.000000000095 2.0144025559632976e-07
49500.000000000095 2.0277515365883285e-07
49550.000000000095 1.3396539131990239e-07
49600.000000000095 2.1076313181234194e-07
49650.000000000095 1.9818854467726855e-07
49700.000000000095 1.8170704388703646e-07
49750.000000000095 2.8816076022879616e-07
49800.000000000095 1.7850981212025833e-07
49850.000000000095 3.0657992737362e-07
49900.000000000095 2.2749572039281857e-07
49950.000000000095 2.602190294549303e-07
50000.000000000095 2.8253128051831435e-07
50050.000000000095 2.478532184593575e-07
50100.000000000095 3.348299975052659e-07
50150.000000000095 1.855335766616657e-07
50200.000000000095 1.4694980244571533e-07
50250.000000000095 2.841757393499218e-07
50300.000000000095 2.064876532299201e-07
50350.000000000095 2.8885954464230937e-07
50400.000000000095 2.4486472609901797e-07
50450.000000000095 2.566444141392718e-07
50500.000000000095 3.3230181411693353e-07
50550.000000000095 2.623561724609672e-07
50600.000000000095 2.998600066034721e-07
50650.000000000095 2.66231313682452e-07
50700.000000000095 3.764005960930748e-07
50750.000000000095 3.6773697940624397e-07
50800.000000000095 1.9579872010682688e-07
50850.000000000095 2.2461883545737314e-07
50900.000000000095 3.4770401730264004e-07
50950.000000000095 3.5998371440129567e-07
51000.000000000095 3.4431861774364767e-07
51050.000000000095 3.017153456237815e-07
51100.000000000095 2.103929182054317e-07
51150.000000000095 2.599845390238963e-07
51200.000000000095 3.555469039832656e-07
51250.000000000095 3.417851595096165e-07
51300.000000000095 2.2330189613754594e-07
51350.000000000095 2.9484907971995473e-07
51400.000000000095 2.3051979565015343e-07
51450.000000000095 2.0074435360962427e-07
51500.000000000095 1.8674511877244942e-07
51550.000000000095 3.3500807323241984e-07
51600.000000000095 2.3007941770017224e-07
51650.000000000095 3.083215480726455e-07
51700.000000000095 3.2213793915420916e-07
51750.000000000095 2.1931462060713892e-07
51800.000000000095 4.0891901211164757e-07
51850.000000000095 3.3062539133687485e-07
51900.000000000095 4.0544764967580854e-07
51950.000000000095 3.4547347514987707e-07
52000.000000000095 1.4297343982072267e-07
52050.000000000095 2.3936571198754217e-07
52100.000000000095 2.218456548384284e-07
52150.000000000095 1.849041139246605e-07
52200.000000000095 2.0964081610330354e-07
52250.000000000095 2.490455132879088e-07
52300.000000000095 3.99187018935144e-07
52350.000000000095 2.707637537921617e-07
52400.000000000095 2.1863565067111037e-07
52450.000000000095 3.33683291725315e-07
52500.000000000095 3.1176269882763137e-07
52550.000000000095 3.236025870574889e-07
52600.000000000095 2.679562209642023e-07
52650.000000000095 3.1085142396940923e-07
52700.000000000095 2.4726387915553806e-07
52750.000000000095 2.0222758471899288e-07
52800.000000000095 2.1693056918485726e-07
52850.000000000095 2.501068883881778e-07
52900.000000000095 2.0871510746227468e-07
52950.000000000095 2.1690641370862015e-07
53000.000000000095 3.698629645256988e-07
53050.000000000095 1.7535409593884195e-07
53100.000000000095 3.42414438500638e-07
53150.000000000095 3.994856059475204e-07
53200.000000000095 1.9571758298292223e-07
53250.000000000095 3.5666541472095677e-07
53300.000000000095 3.774924768114294e-07
53350.000000000095 3.553469118557591e-07
53400.000000000095 3.685022468630454e-07
53450.000000000095 1.8765780737513246e-07
53500.000000000095 1.240382991297653e-07
53550.000000000095 1.8606628913264222e-07
53600.000000000095 2.654648924888836e-07
53650.000000000095 2.19769533206365e-07
53700.000000000095 2.0645775346295926e-07
53750.000000000095 2.0866218395798306e-07
53800.000000000095 2.1552578421376367e-07
53850.000000000095 2.769274411353774e-07
53900.000000000095 2.568261690070043e-07
53950.000000000095 3.4412145807056804e-07
54000.000000000095 2.4901041371852163e-07
54050.000000000095 2.4541143697240986e-07
54100.000000000095 1.3331511646274537e-07
54150.000000000095 1.895050264516792e-07
54200.000000000095 1.0391381723049986e-07
54250.000000000095 1.2261136351394635e-07
54300.000000000095 1.9060464635843485e-07
54350.000000000095 2.520044729095544e-07
54400.000000000095 2.542591860989637e-07
54450.000000000095 2.251665557852976e-07
54500.000000000095 2.036270205263798e-07
54550.000000000095 1.7083218637634936e-07
54600.000000000095 2.1388143020971e-07
54650.000000000095 1.2623000992878207e-07
54700.000000000095 2.492437052971416e-07
54750.000000000095 2.391496156725553e-07
54800.000000000095 1.7321072249423165e-07
54850.000000000095 2.0142262769387252e-07
54900.000000000095 2.65242120949535e-07
54950.000000000095 3.47331403229616e-07
55000.000000000095 1.6890891954377024e-07
55050.000000000095 2.2826531653314257e-07
55100.000000000095 2.1116115798560604e-07
55150.000000000095 1.7965674776210674e-07
55200.000000000095 1.7589388202526206e-07
55250.000000000095 1.942328896574335e-07
55300.000000000095 1.4607388370473627e-07
55350.000000000095 2.2464677962151403e-07
55400.000000000095 2.794300716754528e-07
55450.000000000095 2.036654339668652e-07
55500.000000000095 1.1691117874459772e-07
55550.000000000095 1.588800259548288e-07
55600.000000000095 1.5494722871829272e-07
55650.000000000095 1.3073703395980279e-07
55700.000000000095 1.67322875043723e-07
55750.000000000095 1.9118781294137157e-07
55800.000000000095 1.3766519866981914e-07
55850.000000000095 1.263185402279463e-07
55900.000000000095 2.2280616030610883e-07
55950.000000000095 2.916495169145115e-07
56000.000000000095 1.4185746880922764e-07
56050.000000000095 1.9081245817564885e-07
56100.000000000095 2.1849277751772862e-07
56150.000000000095 1.6120020577620955e-07
56200.000000000095 1.8280421504556191e-07
56250.000000000095 1.9351026111915396e-07
56300.000000000095 2.0300834841609893e-07
56350.000000000095 2.027749299079783e-07
56400.000000000095 1.3813128195710617e-07
56450.000000000095 1.2366268920798491e-07
56500.000000000095 1.6197557896640874e-07
56550.000000000095 1.0819171387647295e-07
56600.000000000095 2.110772235959956e-07
56650.000000000095 1.996277562307329e-07
56700.000000000095 2.2827492830673064e-07
56750.000000000095 1.25267778603713e-07
56800.000000000095 2.1161179647093028e-07
56850.000000000095 1.7314607256043607e-07
56900.000000000095 1.4672600170927364e-07
56950.000000000095 2.202449365991708e-07
57000.000000000095 2.385830665018915e-07
57050.000000000095 1.5932970603684938e-07
57100.000000000095 9.045647318316796e-08
57150.000000000095 1.2928041189580128e-07
57200.000000000095 1.0582111819220362e-07
57250.000000000095 1.5156721192842124e-07
57300.000000000095 1.8925580750395202e-07
57350.000000000095 1.1590814128636368e-07
57400.000000000095 1.9455209029289782e-07
57450.000000000095 1.7351119618297332e-07
57500.000000000095 1.5936387769301194e-07
57550.000000000095 2.033559615060367e-07
57600.000000000095 2.1480750534011918e-07
57650.000000000095 9.352868633386766e-08
57700.000000000095 1.1635476164272078e-07
57750.000000000095 1.411879654242854e-07
57800.000000000095 6.441426219075753e-08
57850.000000000095 2.499965273773425e-07
57900.000000000095 2.911358441845756e-07
57950.000000000095 2.636299655149335e-07
58000.000000000095 1.4174921355525584e-07
58050.000000000095 1.928809305903459e-07
58100.000000000095 2.347491084388655e-07
58150.000000000095 1.796275107269772e-07
58200.000000000095 9.932759106308856e-08
58250.000000000095 1.300894563086608e-07
58300.000000000095 1.0955776806605035e-07
58350.000000000095 1.3089259094498707e-07
58400.000000000095 1.7714544357823168e-07
58450.000000000095 1.92320741934802e-07
58500.000000000095 1.7372448582846063e-07
58550.000000000095 2.0033740575644342e-07
58600.000000000095 1.2190178741393595e-07
58650.000000000095 1.4989439967359098e-07
58700.000000000095 1.5378981414868172e-07
58750.000000000095 1.6929789887387578e-07
58800.000000000095 8.606606143222202e-08
58850.000000000095 1.4199412814728252e-07
58900.000000000095 1.811631550725032e-07
58950.000000000095 1.1358556069396226e-07
59000.000000000095 1.7737338909273993e-07
59050.000000000095 1.9788914997817235e-07
59100.000000000095 2.3272257247118896e-07
59150.000000000095 1.7349556273873352e-07
59200.000000000095 1.783306066225869e-07
59250.000000000095 1.9034692023705533e-07
59300.000000000095 1.8137179987547793e-07
59350.000000000095 9.625991480794147e-08
59400.000000000095 7.68753271234893e-08
59450.000000000095 1.6007333568940642e-07
59500.000000000095 1.0265216897995208e-07
59550.000000000095 2.027227325411097e-07
59600.000000000095 2.122613940364712e-07
59650.000000000095 1.7254930037494329e-07
59700.000000000095 1.2148610160169385e-07
59750.000000000095 2.587758399536689e-07
59800.000000000095 1.589893333343029e-07
59850.000000000095 2.0862446826564119e-07
59900.000000000095 1.081595550229133e-07
59950.000000000095 1.7786727671101463e-07
60000.000000000095 2.926134416795241e-07
60050.000000000095 2.466634316062803e-07
60100.000000000095 2.416422136566399e-07
60150.000000000095 1.6567833890065648e-07
60200.000000000095 1.9577691993563595e-07
60250.000000000095 2.388782701043441e-07
60300.000000000095 2.193872863295261e-07
60350.000000000095 1.5757162772834645e-07
60400.000000000095 2.008165542147641e-07
60450.000000000095 1.0919395393964382e-07
60500.000000000095 7.352016199927091e-08
60550.000000000095 2.023522080834513e-07
60600.000000000095 1.9847377679677588e-07
60650.000000000095 1.6620663416602404e-07
60700.000000000095 1.4959954075515268e-07
60750.000000000095 1.1238737320928566e-07
60800.000000000095 2.105320294286748e-07
60850.000000000095 2.979231898369552e-07
60900.000000000095 2.660387335203749e-07
60950.000000000095 2.410009127974909e-07
61000.000000000095 1.9763535358424174e-07
61050.000000000095 1.3744713563306018e-07
61100.000000000095 1.8659589834828776e-07
61150.000000000095 8.010124820089072e-08
61200.000000000095 2.5203893213948305e-07
61250.000000000095 2.810001923669046e-07
61300.000000000095 2.442805293157869e-07
61350.000000000095 3.020750114835003e-07
61400.000000000095 1.9753091342239434e-07
61450.000000000095 1.31538612123232e-07
61500.000000000095 1.5257053566802882e-07
61550.000000000095 1.508645920718989e-07
61600.000000000095 1.1355381734067441e-07
61650.000000000095 1.7518577092214542e-07
61700.000000000095 1.507925138892278e-07
61750.000000000095 1.7623723894108567e-07
61800.000000000095 2.0432844459417198e-07
61850.000000000095 1.3092521311091086e-07
61900.000000000095 2.5778559708460567e-07
61950.000000000095 2.669552216229739e-07
62000.000000000095 2.3923106519330716e-07
62050.000000000095 2.3741665460933126e-07
62100.000000000095 2.450954484447796e-07
62150.000000000095 2.442219329397911e-07
62200.000000000095 2.1806955691130565e-07
62250.000000000095 2.1922885643853515e-07
62300.000000000095 3.0753827708464576e-07
62350.000000000095 2.651906415968023e-07
62400.000000000095 1.617494141571324e-07
62450.000000000095 2.0479582748705457e-07
62500.000000000095 2.828090704623535e-07
62550.000000000095 2.7419473796849385e-07
62600.000000000095 2.9598844134771105e-07
62650.000000000095 2.3768941523157802e-07
62700.000000000095 2.532345643662725e-07
62750.000000000095 3.071011682097948e-07
62800.000000000095 1.9486323501804336e-07
62850.000000000095 2.6818079323563226e-07
62900.000000000095 2.2508714268532543e-07
62950.000000000095 3.057909505574892e-07
63000.000000000095 2.6156519622191265e-07
63050.000000000095 3.5228835950102255e-07
63100.000000000095 3.231282018948903e-07
63150.000000000095 2.1726954266936278e-07
63200.000000000095 2.800812692716649e-07
63250.000000000095 2.8000961918603355e-07
63300.000000000095 2.991593240677786e-07
63350.000000000095 2.629448350422012e-07
63400.000000000095 1.6169632561082003e-07
63450.000000000095 1.327561941327871e-07
63500.000000000095 2.5504304431096455e-07
63550.000000000095 2.3958404652162284e-07
63600.000000000095 2.9451613888233356e-07
63650.000000000095 2.138230934116334e-07
63700.000000000095 1.4281488704656414e-07
63750.000000000095 2.024603694173022e-07
63800.000000000095 2.32753378513923e-07
63850.000000000095 2.2043152500161928e-07
63900.000000000095 1.5527284499415535e-07
63950.000000000095 2.3289247557113483e-07
64000.000000000095 2.578639082290203e-07
64050.000000000095 1.843886059452145e-07
64100.000000000095 7.481200275062886e-08
64150.000000000095 1.0348825431899785e-07
64200.000000000095 1.2163186900554747e-07
64250.000000000095 1.853621722409712e-07
64300.000000000095 1.4812713308961166e-07
64350.000000000095 1.2942159218628722e-07
64400.000000000095 2.0432734662308068e-07
64450.000000000095 2.1474369808209983e-07
64500.000000000095 1.2268952176834264e-07
64550.000000000095 1.8999842325146341e-07
64600.000000000095 1.2139915092265592e-07
64650.000000000095 1.7907848951446122e-07
64700.000000000095 1.0036143916379732e-07
64750.000000000095 1.2199140473022687e-07
64800.000000000095 1.1994575929089142e-07
64850.000000000095 1.090965031138128e-07
64900.000000000095 1.2603714602435294e-07
64950.000000000095 1.1303948731176047e-07
65000.000000000095 1.3669058369524386e-07
65050.000000000095 1.465850163727414e-07
65100.000000000095 1.755943671314411e-07
65150.000000000095 1.3253571485757055e-07
65200.000000000095 1.0522310288668157e-07
65250.000000000095 1.6054336717135717e-07
65300.000000000095 1.3693159799216304e-07
65350.000000000095 2.4954292648041006e-07
65400.000000000095 1.3353184460268122e-07
65450.000000000095 1.3779857034468897e-07
65500.000000000095 1.5824383546216546e-07
65550.00000000009 1.0903312755480997e-07
65600.00000000009 1.3417545512232575e-07
65650.00000000009 1.4031491866377649e-07
65700.00000000009 1.2826931857454246e-07
65750.00000000009 1.0640521648391317e-07
65800.00000000009 1.4768456620581683e-07
65850.00000000009 1.7840826737351e-07
65900.00000000009 1.056819604707202e-07
65950.00000000009 9.002477229572398e-08
66000.00000000009 1.2735664545545774e-07
66050.00000000009 2.1501839340261948e-07
66100.00000000009 1.3958724360990208e-07
66150.00000000009 1.0772684987693352e-07
66200.00000000009 1.0799380992982699e-07
66250.00000000009 1.0302842003551813e-07
66300.00000000009 5.635585574780652e-08
66350.00000000009 7.981406499933615e-08
66400.00000000009 1.0161251713685553e-07
66450.00000000009 1.6546846949378584e-07
66500.00000000009 2.1173198333518848e-07
66550.00000000009 2.0022143187174085e-07
66600.00000000009 1.5605381659169743e-07
66650.00000000009 1.53696222402605e-07
66700.00000000009 1.338804493528045e-07
66750.00000000009 1.2194982483073127e-07
66800.00000000009 1.5743489086229715e-07
66850.00000000009 1.103237859199525e-07
66900.00000000009 1.715147848207345e-07
66950.00000000009 2.1900805889090877e-07
67000.00000000009 2.1705457636998138e-07
67050.00000000009 1.4581498005775176e-07
67100.00000000009 1.2384565827523868e-07
67150.00000000009 1.303894656545704e-07
67200.00000000009 1.4814420362420576e-07
67250.00000000009 1.4744134426234374e-07
67300.00000000009 1.659097863809301e-07
67350.00000000009 1.1256728143470645e-07
67400.00000000009 2.12161872978564e-07
67450.00000000009 1.6380221751807502e-07
67500.00000000009 1.4806275617621764e-07
67550.00000000009 1.7747317925318511e-07
67600.00000000009 2.768546121543569e-07
67650.00000000009 2.0711767039047063e-07
67700.00000000009 1.6501811153005224e-07
67750.00000000009 1.4385558074556422e-07
67800.00000000009 1.8526157278606674e-07
67850.00000000009 1.1878186567047815e-07
67900.00000000009 1.475142527012424e-07
67950.00000000009 1.0826470037195016e-07
68000.00000000009 1.4242413154171164e-07
