galfind/configs/Brown_Dwarf_templates/sonora_cholla/logkzz7/562g/1150K_562g_logkzz7_resample.dat
# %ECSV 1.0
# ---
# datatype:
# - {name: wav, unit: Angstrom, datatype: float64}
# - {name: flux_nu, unit: erg / (cm2 Hz s), datatype: float64}
# schema: astropy-2.0
wav flux_nu
[from data line 389]
29450.000000000095 1.4082245502822036e-07
29500.000000000095 1.5610631358569602e-07
29550.000000000095 1.3639392924210547e-07
29600.000000000095 1.8419758953248473e-07
29650.000000000095 1.527947263615512e-07
29700.000000000095 1.3795938418255512e-07
29750.000000000095 1.7751503207515257e-07
29800.000000000095 1.9417890890237548e-07
29850.000000000095 1.9981339947395811e-07
29900.000000000095 1.9623246064778407e-07
29950.000000000095 1.8113797103808153e-07
30000.000000000095 1.6580721812582568e-07
30050.000000000095 1.4052810072156695e-07
30100.000000000095 1.6849515099744275e-07
30150.000000000095 2.271966980282433e-07
30200.000000000095 1.7257855783675622e-07
30250.000000000095 2.426641552565146e-07
30300.000000000095 2.0910179494862588e-07
30350.000000000095 1.9019698499254475e-07
30400.000000000095 2.3541331502614682e-07
30450.000000000095 1.8284007512478012e-07
30500.000000000095 1.7970659732582917e-07
30550.000000000095 1.9648616149814657e-07
30600.000000000095 2.2611451568884025e-07
30650.000000000095 2.0901275782750485e-07
30700.000000000095 1.8508920533731584e-07
30750.000000000095 1.7735215827939358e-07
30800.000000000095 1.714623978518663e-07
30850.000000000095 1.6648708990439874e-07
30900.000000000095 1.707589698383622e-07
30950.000000000095 1.1383496904538647e-07
31000.000000000095 1.4696516539385622e-07
31050.000000000095 1.5608044952525457e-07
31100.000000000095 1.1020206718844145e-07
31150.000000000095 1.3136860235605088e-07
31200.000000000095 1.4298082530456377e-07
31250.000000000095 1.1828078007837697e-07
31300.000000000095 1.1422350389581646e-07
31350.000000000095 1.101947936404237e-07
31400.000000000095 8.312239175399483e-08
31450.000000000095 1.101701060863034e-07
31500.000000000095 8.88054227867112e-08
31550.000000000095 1.0128327157285753e-07
31600.000000000095 7.741263907942842e-08
31650.000000000095 7.87848159299959e-08
31700.000000000095 8.751029624109462e-08
31750.000000000095 6.74760354191682e-08
31800.000000000095 8.181795980939681e-08
31850.000000000095 7.019120182148643e-08
31900.000000000095 7.264098284449274e-08
31950.000000000095 7.006675118233766e-08
32000.000000000095 6.877988765357879e-08
32050.000000000095 6.199043315362338e-08
32100.000000000095 5.6980115609461975e-08
32150.000000000095 7.490246295446964e-08
32200.000000000095 5.6252791722387586e-08
32250.000000000095 7.762315551050932e-08
32300.000000000095 5.1310024685126274e-08
32350.000000000095 9.746762564100826e-08
32400.000000000095 6.737052895909381e-08
32450.000000000095 9.169663081084943e-08
32500.000000000095 7.295892867552716e-08
32550.000000000095 8.843811190163525e-08
32600.000000000095 9.89724741271612e-08
32650.000000000095 1.1288066519068598e-07
32700.000000000095 9.687484196440974e-08
32750.000000000095 1.2883029027136986e-07
32800.000000000095 1.0454982631411866e-07
32850.000000000095 1.350625883979066e-07
32900.000000000095 1.4786510386243226e-07
32950.000000000095 1.4686650073341155e-07
33000.000000000095 1.3008219163477755e-07
33050.000000000095 1.2819081650067777e-07
33100.000000000095 7.886438528911064e-08
33150.000000000095 2.147226229375066e-08
33200.000000000095 2.3716423281180896e-08
33250.000000000095 1.551262959257248e-08
33300.000000000095 1.6954240880293153e-08
33350.000000000095 2.9516154812733828e-08
33400.000000000095 4.0825765570626e-08
33450.000000000095 5.095980008774872e-08
33500.000000000095 7.011822358734324e-08
33550.000000000095 6.702430120460463e-08
33600.000000000095 9.649151880955755e-08
33650.000000000095 1.0413657029740825e-07
33700.000000000095 9.152955210125402e-08
33750.000000000095 1.2419191665772377e-07
33800.000000000095 8.520295291304331e-08
33850.000000000095 1.165756444034414e-07
33900.000000000095 1.0267039830358968e-07
33950.000000000095 1.1585018678698922e-07
34000.000000000095 1.1841677267905397e-07
34050.000000000095 6.45996001368006e-08
34100.000000000095 1.1259137472524071e-07
34150.000000000095 8.335144096463644e-08
34200.000000000095 1.0418593309636207e-07
34250.000000000095 9.568268209063306e-08
34300.000000000095 7.484975702935891e-08
34350.000000000095 1.0324704837974127e-07
34400.000000000095 8.404109465399425e-08
34450.000000000095 1.1457430403353359e-07
34500.000000000095 1.039593454888243e-07
34550.000000000095 7.377808764140498e-08
34600.000000000095 1.2301971209447407e-07
34650.000000000095 7.903701788345533e-08
34700.000000000095 9.112936566310203e-08
34750.000000000095 9.663812985591755e-08
34800.000000000095 6.350561657280705e-08
34850.000000000095 1.045587565233729e-07
34900.000000000095 1.1077284576749871e-07
34950.000000000095 9.767756598793486e-08
35000.000000000095 1.3274371029309854e-07
35050.000000000095 9.930965796796407e-08
35100.000000000095 1.3096759526014327e-07
35150.000000000095 1.1953382857506658e-07
35200.000000000095 1.4661752761557458e-07
35250.000000000095 1.724366532549962e-07
35300.000000000095 1.0579020922595271e-07
35350.000000000095 1.5078558974136472e-07
35400.000000000095 1.493801661349833e-07
35450.000000000095 1.283509815534198e-07
35500.000000000095 1.9033623922864883e-07
35550.000000000095 1.6918527028887544e-07
35600.000000000095 1.7890846516332396e-07
35650.000000000095 1.9161867824068863e-07
35700.000000000095 1.324758520152994e-07
35750.000000000095 1.999922174210074e-07
35800.000000000095 2.0358739387709516e-07
35850.000000000095 1.5544352125794478e-07
35900.000000000095 2.2251517652737116e-07
35950.000000000095 2.1227871196682318e-07
36000.000000000095 1.8893387342735716e-07
36050.000000000095 2.3364455045080293e-07
36100.000000000095 2.0989773392111032e-07
36150.000000000095 2.432116148670157e-07
36200.000000000095 2.531905993909008e-07
36250.000000000095 2.469950993018863e-07
36300.000000000095 2.7797138500508817e-07
36350.000000000095 2.7995419293975847e-07
36400.000000000095 3.1939197923469285e-07
36450.000000000095 3.133431483675968e-07
36500.000000000095 3.0935420318029435e-07
36550.000000000095 3.402217743244076e-07
36600.000000000095 3.730394298943884e-07
36650.000000000095 3.6804619042041386e-07
36700.000000000095 3.8575431476960884e-07
36750.000000000095 4.2202347575706944e-07
36800.000000000095 4.0667736888421644e-07
36850.000000000095 3.9412561205060023e-07
36900.000000000095 3.9044792022459775e-07
36950.000000000095 4.4640746086749984e-07
37000.000000000095 4.203299299098716e-07
37050.000000000095 4.533468112966284e-07
37100.000000000095 4.5111907841530636e-07
37150.000000000095 4.796995390376317e-07
37200.000000000095 5.036054592260438e-07
37250.000000000095 4.5170310403104845e-07
37300.000000000095 4.6102957428967556e-07
37350.000000000095 5.001385076328922e-07
37400.000000000095 5.664106006241263e-07
37450.000000000095 5.227865991591811e-07
37500.000000000095 4.924832292213327e-07
37550.000000000095 6.010074106877508e-07
37600.000000000095 6.268493639668281e-07
37650.000000000095 5.316945646968657e-07
37700.000000000095 6.031806651940997e-07
37750.000000000095 5.074856023737803e-07
37800.000000000095 5.910568050283782e-07
37850.000000000095 4.961311845214667e-07
37900.000000000095 5.797494935474925e-07
37950.000000000095 6.205148525944399e-07
38000.000000000095 6.700595013100663e-07
38050.000000000095 6.139269915706899e-07
38100.000000000095 6.572543264685857e-07
38150.000000000095 6.559089965897955e-07
38200.000000000095 6.907029286529611e-07
38250.000000000095 6.602522076784521e-07
38300.000000000095 7.409854007679231e-07
38350.000000000095 7.579047223537233e-07
38400.000000000095 6.156343774362245e-07
38450.000000000095 7.100064128387885e-07
38500.000000000095 6.496174374992149e-07
38550.000000000095 7.124137797460563e-07
38600.000000000095 7.279780908943457e-07
38650.000000000095 7.813431651678847e-07
38700.000000000095 7.915783390763501e-07
38750.000000000095 7.760307828415752e-07
38800.000000000095 7.398946498630731e-07
38850.000000000095 8.099020354199516e-07
38900.000000000095 8.046975372308228e-07
38950.000000000095 7.916842611098108e-07
39000.000000000095 8.516900294231162e-07
39050.000000000095 8.168372134391944e-07
39100.000000000095 7.782689950667498e-07
39150.000000000095 8.371522258362482e-07
39200.000000000095 8.008248327890992e-07
39250.000000000095 8.728320515882133e-07
39300.000000000095 8.579696731146808e-07
39350.000000000095 9.159674211911161e-07
39400.000000000095 9.073769451070073e-07
39450.000000000095 9.194632611579366e-07
39500.000000000095 8.532854744732532e-07
39550.000000000095 8.860767044477631e-07
39600.000000000095 8.993398337788462e-07
39650.000000000095 9.636273468508622e-07
39700.000000000095 9.112641416491853e-07
39750.000000000095 8.36830885524139e-07
39800.000000000095 9.050635326919876e-07
39850.000000000095 9.497229641585442e-07
39900.000000000095 9.463094751616333e-07
39950.000000000095 9.438445022979772e-07
40000.000000000095 9.358307415698779e-07
40050.000000000095 9.665776322949567e-07
40100.000000000095 9.19555264059862e-07
40150.000000000095 1.0132747164305478e-06
40200.000000000095 1.0319484481581012e-06
40250.000000000095 9.049650411811592e-07
40300.000000000095 9.666526482615313e-07
40350.000000000095 9.291582984839924e-07
40400.000000000095 9.95422584286876e-07
40450.000000000095 9.66605478100726e-07
40500.000000000095 8.850356702074572e-07
40550.000000000095 1.013654324314539e-06
40600.000000000095 8.880749527604171e-07
40650.000000000095 1.0155934063801199e-06
40700.000000000095 1.1094331215308077e-06
40750.000000000095 9.347606362642265e-07
40800.000000000095 8.62829124411036e-07
40850.000000000095 9.648739156875752e-07
40900.000000000095 9.563107500871426e-07
40950.000000000095 9.252688223613926e-07
41000.000000000095 9.518493989043651e-07
41050.000000000095 9.703617139535598e-07
41100.000000000095 8.825810681896049e-07
41150.000000000095 8.710614147788431e-07
41200.000000000095 9.562977816984032e-07
41250.000000000095 9.603001484812626e-07
41300.000000000095 7.630260455939181e-07
41350.000000000095 9.823544845203545e-07
41400.000000000095 9.055165971361087e-07
41450.000000000095 9.396585128533416e-07
41500.000000000095 9.105927411220854e-07
41550.000000000095 8.279020733530036e-07
41600.000000000095 8.71996367779793e-07
41650.000000000095 8.709766102708607e-07
41700.000000000095 7.957472622368113e-07
41750.000000000095 7.579399715339798e-07
41800.000000000095 9.344534440777606e-07
41850.000000000095 5.792627176235714e-07
41900.000000000095 7.676196818299431e-07
41950.000000000095 8.065883973856766e-07
42000.000000000095 8.004705192384039e-07
42050.000000000095 6.634552218335403e-07
42100.000000000095 7.480507404534919e-07
42150.000000000095 5.640172319503523e-07
42200.000000000095 6.252358757257543e-07
42250.000000000095 6.372038484953151e-07
42300.000000000095 5.918705532867496e-07
42350.000000000095 6.453064523916676e-07
42400.000000000095 5.543183180856143e-07
42450.000000000095 4.83842244006204e-07
42500.000000000095 5.499777436544903e-07
42550.000000000095 5.231577758546107e-07
42600.000000000095 6.289330825400459e-07
42650.000000000095 6.95402842628996e-07
42700.000000000095 6.023420034141269e-07
42750.000000000095 5.572319261064543e-07
42800.000000000095 5.131179570368375e-07
42850.000000000095 6.248556313055829e-07
42900.000000000095 6.327740200949272e-07
42950.000000000095 4.780616539654251e-07
43000.000000000095 6.366322006632572e-07
43050.000000000095 4.2340217302634393e-07
43100.000000000095 5.802096968937505e-07
43150.000000000095 6.010615623193134e-07
43200.000000000095 5.781176050466849e-07
43250.000000000095 5.929170395288568e-07
43300.000000000095 6.811021650017601e-07
43350.000000000095 4.958868964795676e-07
43400.000000000095 5.944028110575323e-07
43450.000000000095 4.649959419709684e-07
43500.000000000095 4.878339481313555e-07
43550.000000000095 4.5383314091407655e-07
43600.000000000095 5.52207948516878e-07
43650.000000000095 3.7896066099295466e-07
43700.000000000095 5.417624510159838e-07
43750.000000000095 5.389649967435862e-07
43800.000000000095 4.305699189086176e-07
43850.000000000095 4.4868306015284006e-07
43900.000000000095 3.879344252429543e-07
43950.000000000095 3.8131489057124465e-07
44000.000000000095 2.7143707001250577e-07
44050.000000000095 3.574642059963002e-07
44100.000000000095 3.73107729780451e-07
44150.000000000095 3.6529430985461905e-07
44200.000000000095 3.228717697767917e-07
44250.000000000095 3.051649021770721e-07
44300.000000000095 2.8624882285459756e-07
44350.000000000095 2.412082406297801e-07
44400.000000000095 2.554908169122334e-07
44450.000000000095 2.565577229968441e-07
44500.000000000095 2.0943462373047659e-07
44550.000000000095 2.2608197920316377e-07
44600.000000000095 1.957389793834397e-07
44650.000000000095 2.2075537869298414e-07
44700.000000000095 2.0957779689284517e-07
44750.000000000095 2.1539273939935444e-07
44800.000000000095 2.0206238063059343e-07
44850.000000000095 1.8840411557430712e-07
44900.000000000095 1.6234015656635976e-07
44950.000000000095 1.6093224315010248e-07
45000.000000000095 1.631851229805515e-07
45050.000000000095 1.7026408959578148e-07
45100.000000000095 1.5920099160401379e-07
45150.000000000095 1.489911521812795e-07
45200.000000000095 1.2466350810332092e-07
45250.000000000095 1.3292626901429948e-07
45300.000000000095 1.5098568430235838e-07
45350.000000000095 1.509938990715272e-07
45400.000000000095 1.2297068023128994e-07
45450.000000000095 1.2078466770864562e-07
45500.000000000095 1.2734327105166182e-07
45550.000000000095 1.4753292807357816e-07
45600.000000000095 1.196540358572652e-07
45650.000000000095 1.1821476481680804e-07
45700.000000000095 1.488985110432673e-07
45750.000000000095 1.279985160855563e-07
45800.000000000095 1.1222423230917147e-07
45850.000000000095 1.5838135813992335e-07
45900.000000000095 1.536477310640772e-07
45950.000000000095 1.1671031161842081e-07
46000.000000000095 1.4865684001811905e-07
46050.000000000095 1.6086662431329098e-07
46100.000000000095 1.1747010901026013e-07
46150.000000000095 1.5736455094549993e-07
46200.000000000095 1.5193821809075978e-07
46250.000000000095 9.477405226683057e-08
46300.000000000095 1.7531718656712587e-07
46350.000000000095 1.2888325384028585e-07
46400.000000000095 1.5137202867271728e-07
46450.000000000095 1.9176514028323088e-07
46500.000000000095 1.4984892419692957e-07
46550.000000000095 2.038118696048898e-07
46600.000000000095 1.9901634761596845e-07
46650.000000000095 2.9219179201762656e-07
46700.000000000095 2.3311269818227423e-07
46750.000000000095 1.835329936177905e-07
46800.000000000095 1.630681911656534e-07
46850.000000000095 1.9492588111669996e-07
46900.000000000095 1.712612144361582e-07
46950.000000000095 2.3149446093766804e-07
47000.000000000095 1.415465296774375e-07
47050.000000000095 2.3528667350173559e-07
47100.000000000095 1.3529781830406198e-07
47150.000000000095 1.6274750580394187e-07
47200.000000000095 1.8135954526992896e-07
47250.000000000095 1.4145100836399697e-07
47300.000000000095 1.6463288706944291e-07
47350.000000000095 1.2334488754185151e-07
47400.000000000095 1.997488890017806e-07
47450.000000000095 1.2683902234679047e-07
47500.000000000095 2.114542666533781e-07
47550.000000000095 1.312031313331568e-07
47600.000000000095 2.0242337321948033e-07
47650.000000000095 1.3339512390210312e-07
47700.000000000095 1.9087874828034333e-07
47750.000000000095 1.2045990492112957e-07
47800.000000000095 1.917818130742628e-07
47850.000000000095 1.0750572650213838e-07
47900.000000000095 1.7854546638742886e-07
47950.000000000095 1.3742396444100585e-07
48000.000000000095 2.2182361660554065e-07
48050.000000000095 1.544554601244162e-07
48100.000000000095 2.0806910273345415e-07
48150.000000000095 1.491483583115242e-07
48200.000000000095 2.1232198725518812e-07
48250.000000000095 1.6301034519218654e-07
48300.000000000095 2.492388412875755e-07
48350.000000000095 1.5552941723273198e-07
48400.000000000095 2.073708501436351e-07
48450.000000000095 1.3666503712478663e-07
48500.000000000095 2.4820821332678346e-07
48550.000000000095 1.4014905183960997e-07
48600.000000000095 2.3446581294735726e-07
48650.000000000095 1.3854574456039242e-07
