galfind/configs/Brown_Dwarf_templates/sonora_cholla/logkzz7/562g/1150K_562g_logkzz7_resample.dat
# %ECSV 1.0
# ---
# datatype:
# - {name: wav, unit: Angstrom, datatype: float64}
# - {name: flux_nu, unit: erg / (cm2 Hz s), datatype: float64}
# schema: astropy-2.0
wav flux_nu
10000.000000000093 nan
10050.000000000093 2.6331272490683726e-07
10100.000000000093 3.0612829641046154e-07
10150.000000000093 3.0798772306161396e-07
10200.000000000093 3.3666587466504927e-07
10250.000000000093 3.6151563818752386e-07
10300.000000000093 3.7143469991339595e-07
10350.000000000093 4.234213846189116e-07
10400.000000000093 4.588172635554073e-07
10450.000000000093 4.7656495104139226e-07
10500.000000000093 4.7198730223873183e-07
10550.000000000093 4.778490962187468e-07
10600.000000000093 4.986770718682847e-07
10650.000000000093 5.265445261951775e-07
10700.000000000093 5.547311276424888e-07
10750.000000000093 5.81143352777991e-07
10800.000000000093 6.006951402826211e-07
10850.000000000093 6.274583151239377e-07
10900.000000000093 5.438525319939026e-07
10950.000000000093 3.7538940643055213e-07
11000.000000000093 3.0110554421570214e-07
11050.000000000093 2.2726764982967353e-07
11100.000000000093 1.8407304680542197e-07
11150.000000000093 1.4434727660806932e-07
11200.000000000093 1.5299092316055682e-07
11250.000000000093 1.9277348426755575e-07
11300.000000000093 1.8504806689412078e-07
11350.000000000093 1.0329241565355493e-07
11400.000000000093 2.0322167864353245e-07
11450.000000000093 1.5736917858132662e-07
11500.000000000093 1.9469466857688094e-07
11550.000000000093 1.4741559535953236e-07
11600.000000000093 1.5406676440029887e-07
11650.000000000093 1.7525744973171844e-07
11700.000000000093 1.8331828110287203e-07
11750.000000000093 1.679513275698137e-07
11800.000000000093 2.2154851173602295e-07
11850.000000000093 2.791228571894803e-07
11900.000000000093 3.084728353456313e-07
11950.000000000093 3.772550212041756e-07
12000.000000000093 4.115517316314274e-07
12050.000000000093 4.7970344307513e-07
12100.000000000093 5.220426570742752e-07
12150.000000000093 5.85904801250482e-07
12200.000000000093 6.401192540073081e-07
12250.000000000093 7.033397544868781e-07
12300.000000000093 7.63674098770124e-07
12350.000000000093 7.864918044911231e-07
12400.000000000093 8.222081399706536e-07
12450.000000000093 8.962257410520277e-07
12500.000000000093 9.383469260065078e-07
12550.000000000093 9.87869251248529e-07
12600.000000000093 9.959228858269009e-07
12650.000000000093 9.824058536071967e-07
12700.000000000093 1.0079643248456278e-06
12750.000000000093 9.621434699671463e-07
12800.000000000093 9.724581029821316e-07
12850.000000000093 8.72753514767486e-07
12900.000000000093 8.086976123488092e-07
12950.000000000093 8.096778231084785e-07
13000.000000000093 8.157861659980413e-07
13050.000000000093 7.854685557621317e-07
13100.000000000093 7.545499002356087e-07
13150.000000000093 6.606334463649623e-07
13200.000000000093 6.127355557301081e-07
13250.000000000093 4.6493728831621237e-07
13300.000000000093 2.7511911922979223e-07
13350.000000000093 9.413851166209934e-08
13400.000000000093 4.682976113599679e-08
13450.000000000093 3.128487754037444e-08
13500.000000000093 1.920567509500965e-08
13550.000000000093 1.5377257384295723e-08
13600.000000000093 1.1954982234985825e-08
13650.000000000093 2.659709590898927e-08
13700.000000000093 2.0939849790047028e-08
13750.000000000093 2.7107324110948395e-08
13800.000000000093 3.616005677375756e-08
13850.000000000093 2.5882560117330163e-08
13900.000000000093 2.637189490979129e-08
13950.000000000093 2.5270207958130904e-08
14000.000000000093 2.3714538545547004e-08
14050.000000000093 2.86093633238889e-08
14100.000000000093 2.077431946471276e-08
14150.000000000093 2.9326183319017022e-08
14200.000000000093 2.2459348501741863e-08
14250.000000000093 2.3347186647634192e-08
14300.000000000093 3.514571863527757e-08
14350.000000000093 3.361883683059834e-08
14400.000000000093 3.5771303522195624e-08
14450.000000000093 4.0276906417271234e-08
14500.000000000093 6.629996591483732e-08
14550.000000000093 6.654056914191006e-08
14600.000000000093 8.940248838899057e-08
14650.000000000093 8.98035633528603e-08
14700.000000000093 6.91750089539404e-08
14750.000000000093 8.760893917667566e-08
14800.000000000093 1.0741146615994457e-07
14850.000000000093 1.11654751771837e-07
14900.000000000093 1.1666003709437652e-07
14950.000000000093 1.3052555910811844e-07
15000.000000000093 1.4531887790682287e-07
15050.000000000093 1.7489369911411728e-07
15100.000000000093 1.9047259694687614e-07
15150.000000000093 2.0344489597294357e-07
15200.000000000093 2.054729248163186e-07
15250.000000000093 2.461070400263171e-07
15300.000000000093 2.780318013086354e-07
15350.000000000093 3.202248731922099e-07
15400.000000000093 3.483600657024424e-07
15450.000000000093 3.845160975314614e-07
15500.000000000093 4.054344294728165e-07
15550.000000000093 4.572710925351241e-07
15600.000000000093 4.5769845202508364e-07
15650.000000000093 4.846538125766272e-07
15700.000000000093 5.471896209093515e-07
15750.000000000093 5.780011960949375e-07
15800.000000000093 5.619245882061119e-07
15850.000000000093 5.955282696749868e-07
15900.000000000093 5.961901621223734e-07
15950.000000000093 5.956257213673149e-07
16000.000000000093 5.747924625467706e-07
16050.000000000093 5.343507950295722e-07
16100.000000000093 4.965230163021763e-07
16150.000000000093 4.295618920815114e-07
16200.000000000093 3.730608304905695e-07
16250.000000000093 3.732990995141815e-07
16300.000000000093 3.434810391543823e-07
16350.000000000093 3.6151403875242095e-07
16400.000000000095 3.8477894232353896e-07
16450.000000000095 4.01136021844556e-07
16500.000000000095 4.1979437677322723e-07
16550.000000000095 4.089577704764609e-07
16600.000000000095 4.0283482812551795e-07
16650.000000000095 3.344682955153909e-07
16700.000000000095 2.547619647209863e-07
16750.000000000095 2.9482633802364207e-07
16800.000000000095 3.5219456985696894e-07
16850.000000000095 3.398649917571777e-07
16900.000000000095 3.2159558468193637e-07
16950.000000000095 3.056672635259288e-07
17000.000000000095 2.8302441734678623e-07
17050.000000000095 3.21571935195222e-07
17100.000000000095 3.2367418991134725e-07
17150.000000000095 2.893392898858438e-07
17200.000000000095 3.0937477325476647e-07
17250.000000000095 2.7311411298049424e-07
17300.000000000095 2.5005571578081247e-07
17350.000000000095 2.3646394548703124e-07
17400.000000000095 2.2462986952185863e-07
17450.000000000095 2.076014335200425e-07
17500.000000000095 2.1419111510945707e-07
17550.000000000095 1.85821686114827e-07
17600.000000000095 1.729309165108693e-07
17650.000000000095 1.685966428779626e-07
17700.000000000095 1.2758561728168846e-07
17750.000000000095 1.1041719209474409e-07
17800.000000000095 1.2491571330578813e-07
17850.000000000095 8.620760168620001e-08
17900.000000000095 1.044701462967428e-07
17950.000000000095 8.040471051540427e-08
18000.000000000095 8.35125424675256e-08
18050.000000000095 7.410426833198095e-08
18100.000000000095 6.842387813753636e-08
18150.000000000095 8.954063637689247e-08
18200.000000000095 5.822754150056082e-08
18250.000000000095 1.0817717129583837e-07
18300.000000000095 7.02967984241951e-08
18350.000000000095 6.552460606543834e-08
18400.000000000095 5.84976654677439e-08
18450.000000000095 6.627985830227347e-08
18500.000000000095 7.10201137610284e-08
18550.000000000095 5.6704467670210925e-08
18600.000000000095 4.9670972772067685e-08
18650.000000000095 4.534398901889207e-08
18700.000000000095 4.5067957305599535e-08
18750.000000000095 5.664369445423717e-08
18800.000000000095 9.268604386801812e-08
18850.000000000095 1.0386608744924577e-07
18900.000000000095 9.23216893759025e-08
18950.000000000095 1.3989759651856402e-07
19000.000000000095 1.011285416493186e-07
19050.000000000095 7.945776725305019e-08
19100.000000000095 1.2480503110952995e-07
19150.000000000095 9.695788371917409e-08
19200.000000000095 1.1209825543044325e-07
19250.000000000095 9.335237356116403e-08
19300.000000000095 8.584003294098673e-08
19350.000000000095 7.947987587453121e-08
19400.000000000095 5.1808314100381554e-08
19450.000000000095 8.98494051436137e-08
19500.000000000095 8.58509214395822e-08
19550.000000000095 6.962996478167984e-08
19600.000000000095 8.729733872069309e-08
19650.000000000095 1.0082511895319854e-07
19700.000000000095 1.0064462090976845e-07
19750.000000000095 1.0090834287338853e-07
19800.000000000095 1.1558097565458274e-07
19850.000000000095 1.3847401055281675e-07
19900.000000000095 1.0673320232957158e-07
19950.000000000095 1.5270883853066444e-07
20000.000000000095 1.4564533071767769e-07
20050.000000000095 1.596305882437409e-07
20100.000000000095 1.6566180250702872e-07
20150.000000000095 1.6812232892020357e-07
20200.000000000095 1.9158252231964825e-07
20250.000000000095 2.1001370992322776e-07
20300.000000000095 1.972063888560024e-07
20350.000000000095 2.2450397698654086e-07
20400.000000000095 2.2464654945501045e-07
20450.000000000095 2.5204282347423246e-07
20500.000000000095 2.61463712416092e-07
20550.000000000095 2.553182964841417e-07
20600.000000000095 2.8495945357003857e-07
20650.000000000095 2.7493772834712995e-07
20700.000000000095 2.794606242462365e-07
20750.000000000095 2.952858284456716e-07
20800.000000000095 2.943050636881451e-07
20850.000000000095 2.9725236786498835e-07
20900.000000000095 3.080135687688871e-07
20950.000000000095 2.9955672515569217e-07
21000.000000000095 3.069408655467856e-07
21050.000000000095 2.9845571115273025e-07
21100.000000000095 2.9943295122850454e-07
21150.000000000095 3.023905740513035e-07
21200.000000000095 2.9306219769583e-07
21250.000000000095 2.9743760991380657e-07
21300.000000000095 2.818696262942491e-07
21350.000000000095 2.8640071710332593e-07
21400.000000000095 2.7206369036254906e-07
21450.000000000095 2.7033949586381245e-07
21500.000000000095 2.694012551739607e-07
21550.000000000095 2.6153197089242617e-07
21600.000000000095 2.5625843160223473e-07
21650.000000000095 2.425969988473205e-07
21700.000000000095 2.467512971018069e-07
21750.000000000095 2.3189728427718153e-07
21800.000000000095 2.1946788038832692e-07
21850.000000000095 2.032244967006266e-07
21900.000000000095 1.9680002703667974e-07
21950.000000000095 1.5147506716371265e-07
22000.000000000095 1.131264377260014e-07
22050.000000000095 9.411660910950572e-08
22100.000000000095 1.2361187293885616e-07
22150.000000000095 1.3376260697090691e-07
22200.000000000095 1.3282038064210169e-07
22250.000000000095 1.25345786880559e-07
22300.000000000095 1.2275290872939952e-07
22350.000000000095 1.1615520736255416e-07
22400.000000000095 1.0351642525303094e-07
22450.000000000095 9.372482592285126e-08
22500.000000000095 9.724642044973098e-08
22550.000000000095 7.900529631870419e-08
22600.000000000095 8.858521334167754e-08
22650.000000000095 8.798803052714922e-08
22700.000000000095 8.55792022610698e-08
22750.000000000095 8.833607914600472e-08
22800.000000000095 8.33267612267853e-08
22850.000000000095 7.486108623476081e-08
22900.000000000095 7.285919859762442e-08
22950.000000000095 6.850013569058405e-08
23000.000000000095 5.5498948366774944e-08
23050.000000000095 7.114719629578767e-08
23100.000000000095 8.946177474972129e-08
23150.000000000095 8.59401174340836e-08
23200.000000000095 4.997866893464892e-08
23250.000000000095 5.331044129106245e-08
23300.000000000095 5.191515341001284e-08
23350.000000000095 4.6145913030566505e-08
23400.000000000095 5.526317864703893e-08
23450.000000000095 5.356944742793965e-08
23500.000000000095 5.50350670239155e-08
23550.000000000095 7.063722332638919e-08
23600.000000000095 7.324897186742133e-08
23650.000000000095 7.849397411720445e-08
23700.000000000095 5.258419128571087e-08
23750.000000000095 5.3481819922526996e-08
23800.000000000095 6.156994743871677e-08
23850.000000000095 5.970088171276122e-08
23900.000000000095 8.063895648817981e-08
23950.000000000095 8.177611866641726e-08
24000.000000000095 1.0060164541845863e-07
24050.000000000095 9.972504546486693e-08
24100.000000000095 8.497949897740817e-08
24150.000000000095 9.328977471433356e-08
24200.000000000095 1.0012941116018378e-07
24250.000000000095 9.67061175087481e-08
24300.000000000095 9.962151912538538e-08
24350.000000000095 8.868845216076461e-08
24400.000000000095 1.2085079996974149e-07
24450.000000000095 9.65844897323819e-08
24500.000000000095 1.0577201234667586e-07
24550.000000000095 1.0238497401945154e-07
24600.000000000095 1.11356732866677e-07
24650.000000000095 1.2425749302366312e-07
24700.000000000095 9.28634783141081e-08
24750.000000000095 8.625996934598372e-08
24800.000000000095 9.257305838353059e-08
24850.000000000095 1.2304968058047383e-07
24900.000000000095 6.313293110450934e-08
24950.000000000095 1.0507689554633e-07
25000.000000000095 9.804014620929938e-08
25050.000000000095 6.774429562149228e-08
25100.000000000095 8.917152969956755e-08
25150.000000000095 5.777981902582231e-08
25200.000000000095 7.651170434301885e-08
25250.000000000095 5.136006589282015e-08
25300.000000000095 7.03468072245205e-08
25350.000000000095 4.1352428206958666e-08
25400.000000000095 7.191826407595567e-08
25450.000000000095 4.713302539885536e-08
25500.000000000095 4.603031029434407e-08
25550.000000000095 5.834802443622833e-08
25600.000000000095 5.251104636949229e-08
25650.000000000095 3.514170704519349e-08
25700.000000000095 6.600782481211878e-08
25750.000000000095 3.413501984634215e-08
25800.000000000095 6.845725125298803e-08
25850.000000000095 3.4955351538972637e-08
25900.000000000095 5.260364290443711e-08
25950.000000000095 3.184058049472539e-08
26000.000000000095 6.4782658835433e-08
26050.000000000095 4.618504100473916e-08
26100.000000000095 7.409082411545039e-08
26150.000000000095 6.120051662522162e-08
26200.000000000095 6.630356984734176e-08
26250.000000000095 9.082021609108592e-08
26300.000000000095 6.495202944917338e-08
26350.000000000095 9.887841022903489e-08
26400.000000000095 1.1120004240195787e-07
26450.000000000095 1.0099053771496002e-07
26500.000000000095 9.749939798772409e-08
26550.000000000095 7.17701616237428e-08
26600.000000000095 8.728694262830001e-08
26650.000000000095 4.477507926491907e-08
26700.000000000095 3.739541353990113e-08
26750.000000000095 3.2320423268443316e-08
26800.000000000095 4.5725650679786506e-08
26850.000000000095 2.775149217000367e-08
26900.000000000095 5.606407994164576e-08
26950.000000000095 2.9541404785645812e-08
27000.000000000095 6.832465048858987e-08
27050.000000000095 6.254801350807857e-08
27100.000000000095 4.436796357278792e-08
27150.000000000095 7.842599913802575e-08
27200.000000000095 4.813025586785171e-08
27250.000000000095 5.548822004844549e-08
27300.000000000095 1.1341428563167542e-07
27350.000000000095 8.709225781739331e-08
27400.000000000095 3.009953522908181e-08
27450.000000000095 1.0358103611670252e-07
27500.000000000095 1.0833383274143513e-07
27550.000000000095 5.57694304519694e-08
27600.000000000095 9.268654224101213e-08
27650.000000000095 4.6939678041642924e-08
27700.000000000095 3.9418211834742447e-08
27750.000000000095 9.178838021469013e-08
27800.000000000095 4.933084371471134e-08
27850.000000000095 5.5029649806198046e-08
27900.000000000095 7.096699834431963e-08
27950.000000000095 8.934528244554128e-08
28000.000000000095 8.15863029511119e-08
28050.000000000095 3.861472860392864e-08
28100.000000000095 1.0499884998558084e-07
28150.000000000095 7.579025052993613e-08
28200.000000000095 3.735582755101419e-08
28250.000000000095 1.038272239885599e-07
28300.000000000095 1.3081575319460865e-07
28350.000000000095 4.2872614906676487e-08
28400.000000000095 9.225119598083583e-08
28450.000000000095 1.0614296804422469e-07
28500.000000000095 8.728519027273551e-08
28550.000000000095 4.20444110884795e-08
28600.000000000095 1.1608804925007263e-07
28650.000000000095 1.0073804511581412e-07
28700.000000000095 8.756155552790549e-08
28750.000000000095 1.1778592330338378e-07
28800.000000000095 1.0788664465466762e-07
28850.000000000095 1.312936406086024e-07
28900.000000000095 6.69555775652569e-08
28950.000000000095 1.4585430611203356e-07
29000.000000000095 1.0291737640724048e-07
29050.000000000095 1.2234265582127935e-07
29100.000000000095 7.983995925019535e-08
29150.000000000095 1.5771002619563826e-07
29200.000000000095 1.0605057744840151e-07
29250.000000000095 1.4375196492062958e-07
29300.000000000095 9.013786213127732e-08
29350.000000000095 2.4345822910976495e-07
