galfind/configs/Brown_Dwarf_templates/sonora_cholla/logkzz7/562g/1200K_562g_logkzz7_resample.dat
# %ECSV 1.0
# ---
# datatype:
# - {name: wav, unit: Angstrom, datatype: float64}
# - {name: flux_nu, unit: erg / (cm2 Hz s), datatype: float64}
# schema: astropy-2.0
wav flux_nu
[from data line 1177]
68850.30000900036 1.5185540100104148e-07
68900.30000900036 2.976569614732964e-07
68950.30000900036 3.262351856447828e-07
69000.30000900036 3.106765771897093e-07
69050.30000900036 2.0337409747143568e-07
69100.30000900036 3.1050586873119276e-07
69150.30000900036 3.409498201462589e-07
69200.30000900036 2.1895583146233768e-07
69250.30000900036 3.1008049535073996e-07
69300.30000900036 2.70588163670522e-07
69350.30000900036 2.8938324104751354e-07
69400.30000900036 1.8288786014167326e-07
69450.30000900036 3.156878306295433e-07
69500.30000900036 2.1203639876304102e-07
69550.30000900036 2.3436958601487592e-07
69600.30000900036 1.0789218629804618e-07
69650.30000900036 2.1498119825858538e-07
69700.30000900036 2.8344920097176773e-07
69750.30000900036 2.2704895816460777e-07
69800.30000900036 2.706216888004867e-07
69850.30000900036 2.9813072077465377e-07
69900.30000900036 2.151601841647396e-07
69950.30000900036 2.496420191655895e-07
70000.30000900036 2.0382181784882949e-07
70050.30000900036 2.9316399533916565e-07
70100.30000900036 2.2192663108561024e-07
70150.30000900036 2.586826740583164e-07
70200.30000900036 1.962358256646803e-07
70250.30000900036 2.3353634777180511e-07
70300.30000900036 2.821499757921072e-07
70350.30000900036 2.236018911881431e-07
70400.30000900036 2.0924774311514692e-07
70450.30000900036 1.2171418486303518e-07
70500.30000900036 1.7101043176202713e-07
70550.30000900036 1.7977224815242162e-07
70600.30000900036 1.9945009490060405e-07
70650.30000900036 2.453989675951788e-07
70700.30000900036 2.359636709443043e-07
70750.30000900036 2.8401809354706014e-07
70800.30000900036 2.0232935696315378e-07
70850.30000900036 1.891241564980353e-07
70900.30000900036 1.9487046515383713e-07
70950.30000900036 2.699218854348479e-07
71000.30000900036 2.3679834478069031e-07
71050.30000900036 2.558806066048937e-07
71100.30000900036 2.3011034470007052e-07
71150.30000900036 2.2045698637442427e-07
71200.30000900036 1.933861293118108e-07
71250.30000900036 2.230430200845775e-07
71300.30000900036 2.5991137214858525e-07
71350.30000900036 2.378756725365961e-07
71400.30000900036 2.405154024339756e-07
71450.30000900036 1.5977890066530647e-07
71500.30000900036 1.997849215050243e-07
71550.30000900036 2.0047919467785198e-07
71600.30000900036 2.356251062273578e-07
71650.30000900036 2.056342943563749e-07
71700.30000900036 1.7438526268536563e-07
71750.30000900036 2.1390234974283098e-07
71800.30000900036 2.5983845804248447e-07
71850.30000900036 2.626553860324065e-07
71900.30000900036 1.8175773467084797e-07
71950.30000900036 2.1092670819834051e-07
72000.30000900036 2.0218285788346385e-07
72050.30000900036 1.6167435116752104e-07
72100.30000900036 1.877145405073577e-07
72150.30000900036 1.826812196145174e-07
72200.30000900036 2.0934938608334553e-07
72250.30000900036 2.310774747139268e-07
72300.30000900036 2.1787356128602935e-07
72350.30000900036 2.0488986034832914e-07
72400.30000900036 1.8632072217640868e-07
72450.30000900036 1.74637468798609e-07
72500.30000900036 1.9786427364485064e-07
72550.30000900036 1.3455036170191226e-07
72600.30000900036 1.3540238556377034e-07
72650.30000900036 2.2875079116477164e-07
72700.30000900036 2.2321611079426283e-07
72750.30000900036 1.9055292011201254e-07
72800.30000900036 1.8458868191816814e-07
72850.30000900036 1.8399115543879587e-07
72900.30000900036 2.293978998003468e-07
72950.30000900036 1.976747824206459e-07
73000.30000900036 2.0572099924100596e-07
73050.30000900036 1.8067180922149116e-07
73100.30000900036 1.6616694337594238e-07
73150.30000900036 2.630521688881046e-07
73200.30000900036 1.8021166173181946e-07
73250.30000900036 2.0508431713413412e-07
73300.30000900036 1.9994604043540413e-07
73350.30000900036 1.6001562802666224e-07
73400.30000900036 1.9407030407136603e-07
73450.30000900036 1.3215381682237659e-07
73500.30000900036 1.500541494482475e-07
73550.30000900036 1.8574215164665009e-07
73600.30000900036 1.5528249293833305e-07
73650.30000900036 1.9174537512066607e-07
73700.30000900036 2.2784837746323311e-07
73750.30000900036 1.5765221405967016e-07
73800.30000900036 1.7550174404450084e-07
73850.30000900036 1.9772450601753915e-07
73900.30000900036 2.1620406798417322e-07
73950.30000900036 1.7524692497105707e-07
74000.30000900036 1.726195575502216e-07
74050.30000900036 2.65387736743618e-07
74100.30000900036 1.740218548147578e-07
74150.30000900036 1.985300254951708e-07
74200.30000900036 1.787019334553769e-07
74250.30000900036 1.3690653917991482e-07
74300.30000900036 1.8400024756583432e-07
74350.30000900036 2.0869152141021685e-07
74400.30000900036 1.8434342959941096e-07
74450.30000900036 1.3435279481062382e-07
74500.30000900036 1.563772846431684e-07
74550.30000900036 1.8573561225125566e-07
74600.30000900036 1.6714607714859467e-07
74650.30000900036 1.624277708958999e-07
74700.30000900036 1.3419817035983048e-07
74750.30000900036 1.645539249322812e-07
74800.30000900036 1.5793643193325195e-07
74850.30000900036 1.3111801483976204e-07
74900.30000900036 2.3653072406090132e-07
74950.30000900036 2.1645205738378524e-07
75000.30000900036 1.9198921739548506e-07
75050.30000900036 1.6691002801488205e-07
75100.30000900036 2.4305544906784153e-07
75150.30000900036 2.0611043375363194e-07
75200.30000900036 2.3161462461089328e-07
75250.30000900036 2.251810488771043e-07
75300.30000900036 2.3118554972636082e-07
75350.30000900036 1.4572356981537952e-07
75400.30000900036 2.1902050621270572e-07
75450.30000900036 1.9992075509111083e-07
75500.30000900036 1.8697282697860474e-07
75550.30000900036 2.2923866377773856e-07
75600.30000900036 2.764664608391223e-07
75650.30000900036 2.0089045137710348e-07
75700.30000900036 1.949284257490582e-07
75750.30000900036 1.5897999382566647e-07
75800.30000900036 2.1009639416531707e-07
75850.30000900036 2.3353016736608713e-07
75900.30000900036 2.022887927686295e-07
75950.30000900036 1.7678977084417656e-07
76000.30000900036 1.974661831579435e-07
76050.30000900036 2.0630698375790175e-07
76100.30000900036 1.8784192169401517e-07
76150.30000900036 2.1132533977200476e-07
76200.30000900036 2.1831848383929542e-07
76250.30000900036 2.689730245886693e-07
76300.30000900036 2.8295295592669253e-07
76350.30000900036 3.327435669062028e-07
76400.30000900036 2.577121833877611e-07
76450.30000900036 2.436977822427729e-07
76500.30000900036 2.148940320780321e-07
76550.30000900036 1.9901592058710928e-07
76600.30000900036 1.117260220301758e-07
76650.30000900036 1.250496309071866e-07
76700.30000900036 1.4393787385584698e-07
76750.30000900036 1.298834503973396e-07
76800.30000900036 1.880815835440114e-07
76850.30000900036 9.553566703616772e-08
76900.30000900036 1.1799561971755261e-07
76950.30000900036 1.5254439147977154e-07
77000.30000900036 1.6134770135627643e-07
77050.30000900036 1.2644951171163118e-07
77100.30000900036 1.2506286740110478e-07
77150.30000900036 1.585963845518758e-07
77200.30000900036 1.556844292235986e-07
77250.30000900036 1.639946001907352e-07
77300.30000900036 1.5576529563272988e-07
77350.30000900036 1.1199674325669494e-07
77400.30000900036 1.0215505500019314e-07
77450.30000900036 1.1882272347595622e-07
77500.30000900036 1.412816639093759e-07
77550.30000900036 1.517100961070034e-07
77600.30000900036 1.6062637045755409e-07
77650.30000900036 1.5479136468914815e-07
77700.30000900036 1.342085375597517e-07
77750.30000900036 1.823555216364512e-07
77800.30000900036 1.6501069483658326e-07
77850.30000900036 2.0740386911936925e-07
77900.30000900036 1.818654870548186e-07
77950.30000900036 1.3259477832403652e-07
78000.30000900036 1.6697575309660371e-07
78050.30000900036 1.6423178795434816e-07
78100.30000900036 1.2651170202008224e-07
78150.30000900036 1.9015648102602368e-07
78200.30000900036 1.947889138415787e-07
78250.30000900036 2.1816612187115225e-07
78300.30000900036 2.0913363071235556e-07
78350.30000900036 1.976179158108588e-07
78400.30000900036 1.7502997086738625e-07
78450.30000900036 2.255982498383612e-07
78500.30000900036 2.2084038449573117e-07
78550.30000900036 2.0768697404352046e-07
78600.30000900036 1.87482241636563e-07
78650.30000900036 1.1200418223598015e-07
78700.30000900036 1.7494381475143466e-07
78750.30000900036 1.6688800552785166e-07
78800.30000900036 2.0677130909801251e-07
78850.30000900036 1.4485385192955833e-07
78900.30000900036 1.839513316965815e-07
78950.30000900036 1.6500163559799185e-07
79000.30000900036 1.868031610340441e-07
79050.30000900036 1.7382227882282568e-07
79100.30000900036 1.762232359005937e-07
79150.30000900036 2.0428309490054494e-07
79200.30000900036 2.2645112989388116e-07
79250.30000900036 1.9465204911364073e-07
79300.30000900036 1.4885725617117823e-07
79350.30000900036 2.14448548892249e-07
79400.30000900036 1.765597754940573e-07
79450.30000900036 2.0151147072053424e-07
79500.30000900036 2.601658459663565e-07
79550.30000900036 2.1675027599093103e-07
79600.30000900036 1.557767853965388e-07
79650.30000900036 1.857158495908716e-07
79700.30000900036 2.3440954787368006e-07
79750.30000900036 2.22958787577348e-07
79800.30000900036 1.9219073009004638e-07
79850.30000900036 1.9242309137068575e-07
79900.30000900036 2.8402105545229303e-07
79950.30000900036 2.1130113278839389e-07
