galfind/configs/Brown_Dwarf_templates/sonora_cholla/logkzz7/562g/1250K_562g_logkzz7_resample.dat
# %ECSV 1.0
# ---
# datatype:
# - {name: wav, unit: Angstrom, datatype: float64}
# - {name: flux_nu, unit: erg / (cm2 Hz s), datatype: float64}
# schema: astropy-2.0
wav flux_nu
[from data line 388]
29400.000000000095 1.9117139306428793e-07
29450.000000000095 1.8743836175591062e-07
29500.000000000095 2.0510703533095484e-07
29550.000000000095 1.833466403322508e-07
29600.000000000095 2.4614335970963786e-07
29650.000000000095 1.991594479280477e-07
29700.000000000095 1.8981066782155005e-07
29750.000000000095 2.3485769618977546e-07
29800.000000000095 2.5924262637441157e-07
29850.000000000095 2.590422420244781e-07
29900.000000000095 2.5038643532307863e-07
29950.000000000095 2.399849032593228e-07
30000.000000000095 2.3430650929489632e-07
30050.000000000095 1.9446944041707945e-07
30100.000000000095 2.2345031953094127e-07
30150.000000000095 3.0151695913654446e-07
30200.000000000095 2.3267495129295192e-07
30250.000000000095 3.1711579125479053e-07
30300.000000000095 2.7378039229901237e-07
30350.000000000095 2.536332719159864e-07
30400.000000000095 3.1575371798293307e-07
30450.000000000095 2.4933845761674094e-07
30500.000000000095 2.4698723844480967e-07
30550.000000000095 2.8350727123354575e-07
30600.000000000095 3.168336244565729e-07
30650.000000000095 3.073586719362604e-07
30700.000000000095 2.7116844608352416e-07
30750.000000000095 2.63130140866102e-07
30800.000000000095 2.576426320763342e-07
30850.000000000095 2.538285700646291e-07
30900.000000000095 2.593727645545393e-07
30950.000000000095 1.7190026722226577e-07
31000.000000000095 2.390260785965277e-07
31050.000000000095 2.4508617990917434e-07
31100.000000000095 1.805057095129032e-07
31150.000000000095 2.1306551252063085e-07
31200.000000000095 2.3009025129665103e-07
31250.000000000095 2.0340486905951522e-07
31300.000000000095 1.9643075434381544e-07
31350.000000000095 1.875751376984422e-07
31400.000000000095 1.4900096146590729e-07
31450.000000000095 1.8863028532922918e-07
31500.000000000095 1.6508848163197954e-07
31550.000000000095 1.8010382831120077e-07
31600.000000000095 1.4301954194053953e-07
31650.000000000095 1.4877611190766215e-07
31700.000000000095 1.5834726964683047e-07
31750.000000000095 1.2893028902179074e-07
31800.000000000095 1.5310374360889836e-07
31850.000000000095 1.356779135168602e-07
31900.000000000095 1.332203814157192e-07
31950.000000000095 1.3361192783341291e-07
32000.000000000095 1.269178065483664e-07
32050.000000000095 1.2189782082506523e-07
32100.000000000095 1.1033464727255501e-07
32150.000000000095 1.4743335471225408e-07
32200.000000000095 1.1490653211739973e-07
32250.000000000095 1.4213742707758286e-07
32300.000000000095 1.031661807496239e-07
32350.000000000095 1.8966740149713295e-07
32400.000000000095 1.3434884562584988e-07
32450.000000000095 1.7606417532683852e-07
32500.000000000095 1.4716100442887675e-07
32550.000000000095 1.7690741504099087e-07
32600.000000000095 1.9776576273345711e-07
32650.000000000095 2.1440012046329941e-07
32700.000000000095 1.827651939852551e-07
32750.000000000095 2.395940360856636e-07
32800.000000000095 1.8689183992227992e-07
32850.000000000095 2.4432015460692667e-07
32900.000000000095 2.7367224731217345e-07
32950.000000000095 2.5638472370100886e-07
33000.000000000095 2.3660552545369953e-07
33050.000000000095 2.3307198667395258e-07
33100.000000000095 1.6297587323879794e-07
33150.000000000095 5.039014067142522e-08
33200.000000000095 5.203543332913838e-08
33250.000000000095 3.522653608101276e-08
33300.000000000095 3.779331851330162e-08
33350.000000000095 5.841279949809308e-08
33400.000000000095 7.689829727260437e-08
33450.000000000095 9.466534822802487e-08
33500.000000000095 1.2673718502897227e-07
33550.000000000095 1.2558248674490487e-07
33600.000000000095 1.688863356646563e-07
33650.000000000095 1.9574127018384477e-07
33700.000000000095 1.7334197008044366e-07
33750.000000000095 2.272899651881237e-07
33800.000000000095 1.6811181568262743e-07
33850.000000000095 2.2155353064841128e-07
33900.000000000095 1.961321479058952e-07
33950.000000000095 2.21458820088645e-07
34000.000000000095 2.1667514902278792e-07
34050.000000000095 1.3262976154602046e-07
34100.000000000095 2.0685781424589747e-07
34150.000000000095 1.5822365424961793e-07
34200.000000000095 1.9614994175274613e-07
34250.000000000095 1.879017838096509e-07
34300.000000000095 1.3813195695409848e-07
34350.000000000095 1.8425856845655627e-07
34400.000000000095 1.6241774655418718e-07
34450.000000000095 2.0874376804569376e-07
34500.000000000095 2.03459933977423e-07
34550.000000000095 1.4130144432344985e-07
34600.000000000095 2.3053195353191533e-07
34650.000000000095 1.5668508392005906e-07
34700.000000000095 1.7492137833218544e-07
34750.000000000095 1.877759903121096e-07
34800.000000000095 1.2865707318143545e-07
34850.000000000095 1.9978928330175817e-07
34900.000000000095 2.0762927557129728e-07
34950.000000000095 1.8010425911552513e-07
35000.000000000095 2.4643307425211904e-07
35050.000000000095 1.8837067596687636e-07
35100.000000000095 2.3736047225357662e-07
35150.000000000095 2.177477448184104e-07
35200.000000000095 2.607435139542291e-07
35250.000000000095 3.10991313346501e-07
35300.000000000095 1.9418986960158596e-07
35350.000000000095 2.7471327230157736e-07
35400.000000000095 2.6872840473459777e-07
35450.000000000095 2.3213749908920005e-07
35500.000000000095 3.2892466963529775e-07
35550.000000000095 2.9772200879847247e-07
35600.000000000095 3.144723926368118e-07
35650.000000000095 3.394437061591449e-07
35700.000000000095 2.3861148733525324e-07
35750.000000000095 3.3187893205097886e-07
35800.000000000095 3.604858443596854e-07
35850.000000000095 2.8334341911969005e-07
35900.000000000095 3.915217323862393e-07
35950.000000000095 3.68099656801909e-07
36000.000000000095 3.4707916839787685e-07
36050.000000000095 4.1829281665761544e-07
36100.000000000095 3.7502523364021875e-07
36150.000000000095 4.273056468178662e-07
36200.000000000095 4.5302185155231996e-07
36250.000000000095 4.2401905992260447e-07
36300.000000000095 4.86878133765381e-07
36350.000000000095 4.803925696909633e-07
36400.000000000095 5.364174446770371e-07
36450.000000000095 5.363583640315799e-07
36500.000000000095 5.22697256459697e-07
36550.000000000095 5.561884926321487e-07
36600.000000000095 5.931506470586361e-07
36650.000000000095 5.931934030877479e-07
36700.000000000095 6.391828699763692e-07
36750.000000000095 6.774995061720326e-07
36800.000000000095 6.637916971524886e-07
36850.000000000095 6.579287000989976e-07
36900.000000000095 6.438088669582304e-07
36950.000000000095 7.209866919687798e-07
37000.000000000095 6.959697579523749e-07
37050.000000000095 7.319579966594428e-07
37100.000000000095 7.193659196042699e-07
37150.000000000095 7.79977539723462e-07
37200.000000000095 8.111158280095818e-07
37250.000000000095 7.479267126839014e-07
37300.000000000095 7.622293120269917e-07
37350.000000000095 7.794944252269498e-07
37400.000000000095 8.792840166151545e-07
37450.000000000095 8.257966326831925e-07
37500.000000000095 8.119211538637995e-07
37550.000000000095 9.153834092622568e-07
37600.000000000095 9.531802640103305e-07
37650.000000000095 8.572367542134646e-07
37700.000000000095 9.461261660589755e-07
37750.000000000095 8.342209824988689e-07
37800.000000000095 9.499826707531426e-07
37850.000000000095 8.241238865654234e-07
37900.000000000095 9.362427458399129e-07
37950.000000000095 9.777694213583779e-07
38000.000000000095 1.0217829197612477e-06
38050.000000000095 9.62536832038249e-07
38100.000000000095 9.975126297839959e-07
38150.000000000095 1.0107401070961059e-06
38200.000000000095 1.0516018877118975e-06
38250.000000000095 9.97265590920952e-07
38300.000000000095 1.0646246284795582e-06
38350.000000000095 1.1045167267714559e-06
38400.000000000095 9.586493812048682e-07
38450.000000000095 1.1016489049954146e-06
38500.000000000095 1.0379286834178736e-06
38550.000000000095 1.0868359035942775e-06
38600.000000000095 1.1282900994428687e-06
38650.000000000095 1.14804218522204e-06
38700.000000000095 1.1575466847529308e-06
38750.000000000095 1.1433500970914724e-06
38800.000000000095 1.1319800476270812e-06
38850.000000000095 1.1655340548369177e-06
38900.000000000095 1.1410375462574186e-06
38950.000000000095 1.1768621768495583e-06
39000.000000000095 1.2158776876736594e-06
39050.000000000095 1.2131121913696377e-06
39100.000000000095 1.1213452356016135e-06
39150.000000000095 1.2234756974280941e-06
39200.000000000095 1.171507880153996e-06
39250.000000000095 1.2351528424190042e-06
39300.000000000095 1.2294096209909108e-06
39350.000000000095 1.2631049557102745e-06
39400.000000000095 1.2684778722962208e-06
39450.000000000095 1.2914971001268962e-06
39500.000000000095 1.1948935604530668e-06
39550.000000000095 1.2436311426516541e-06
39600.000000000095 1.2814330635263936e-06
39650.000000000095 1.2915101520531064e-06
39700.000000000095 1.261952403664487e-06
39750.000000000095 1.2050589589177434e-06
39800.000000000095 1.2330045691263647e-06
39850.000000000095 1.271224141863936e-06
39900.000000000095 1.2631896226096936e-06
39950.000000000095 1.2930931993508374e-06
40000.000000000095 1.2109586095724463e-06
40050.000000000095 1.279165082641035e-06
40100.000000000095 1.302034753094788e-06
40150.000000000095 1.3229024086919305e-06
40200.000000000095 1.361518749947044e-06
40250.000000000095 1.1516030910397345e-06
40300.000000000095 1.2366986827233708e-06
40350.000000000095 1.2532639878539401e-06
40400.000000000095 1.2890904334958385e-06
40450.000000000095 1.269631050081844e-06
40500.000000000095 1.1001452412127333e-06
40550.000000000095 1.3215485099090856e-06
40600.000000000095 1.0942179183382745e-06
40650.000000000095 1.3139820430255349e-06
40700.000000000095 1.3786937264498985e-06
40750.000000000095 1.1515771268368556e-06
40800.000000000095 1.0906556270810169e-06
40850.000000000095 1.158630375064052e-06
40900.000000000095 1.1598866750475117e-06
40950.000000000095 1.1605392867442041e-06
41000.000000000095 1.1777445706163123e-06
41050.000000000095 1.1712344773138718e-06
41100.000000000095 1.0958138514546023e-06
41150.000000000095 1.0989552613266697e-06
41200.000000000095 1.1367542488365123e-06
41250.000000000095 1.16564897527591e-06
41300.000000000095 9.089277855175109e-07
41350.000000000095 1.1658645049065757e-06
41400.000000000095 1.0846019549252552e-06
41450.000000000095 1.1157507613569579e-06
41500.000000000095 1.129149090028337e-06
41550.000000000095 1.0136991853502683e-06
41600.000000000095 1.0292094226412566e-06
41650.000000000095 1.034323839696422e-06
41700.000000000095 9.441385480729224e-07
41750.000000000095 8.860381130200816e-07
41800.000000000095 1.0766266055092314e-06
41850.000000000095 6.620926084520091e-07
41900.000000000095 9.127245537814735e-07
41950.000000000095 9.286990202021326e-07
42000.000000000095 8.990000616593241e-07
42050.000000000095 7.30178723494283e-07
42100.000000000095 8.120033833583549e-07
42150.000000000095 6.157748173452895e-07
42200.000000000095 6.866007426939384e-07
42250.000000000095 6.906960547151135e-07
42300.000000000095 6.429211936925226e-07
42350.000000000095 6.911072263410808e-07
42400.000000000095 5.827839797558886e-07
42450.000000000095 4.910079132217376e-07
42500.000000000095 5.864114489071839e-07
42550.000000000095 5.600158130514088e-07
42600.000000000095 6.796431840390391e-07
42650.000000000095 7.159668506127253e-07
42700.000000000095 6.583400629303499e-07
42750.000000000095 6.128755796808925e-07
42800.000000000095 5.564952745032409e-07
42850.000000000095 6.690212776744649e-07
42900.000000000095 6.660153328350834e-07
42950.000000000095 5.236915705203488e-07
43000.000000000095 6.657914158158035e-07
43050.000000000095 4.792922856408096e-07
43100.000000000095 6.34847597228844e-07
43150.000000000095 6.532734861136761e-07
43200.000000000095 6.209322080147729e-07
43250.000000000095 5.945994053364796e-07
43300.000000000095 7.104116988638621e-07
43350.000000000095 5.549010463633137e-07
43400.000000000095 6.56306201193311e-07
43450.000000000095 5.032679298208656e-07
43500.000000000095 5.286242428078138e-07
43550.000000000095 4.873827931846356e-07
43600.000000000095 6.006846208382733e-07
43650.000000000095 4.145051710691777e-07
43700.000000000095 5.801843924372302e-07
43750.000000000095 5.734036835078271e-07
43800.000000000095 4.6242516648860204e-07
43850.000000000095 5.004694958418329e-07
43900.000000000095 4.1855003987873515e-07
43950.000000000095 4.347390338815238e-07
44000.000000000095 3.1611895594689117e-07
44050.000000000095 4.021717394011752e-07
44100.000000000095 4.1619150914619475e-07
44150.000000000095 4.144358804192901e-07
44200.000000000095 3.645198704993273e-07
44250.000000000095 3.512378547424897e-07
44300.000000000095 3.330909596227427e-07
44350.000000000095 2.803659752003976e-07
44400.000000000095 3.026525545356167e-07
44450.000000000095 3.029249286672696e-07
44500.000000000095 2.4818216987897734e-07
44550.000000000095 2.6819808987663324e-07
44600.000000000095 2.3758072530096565e-07
44650.000000000095 2.664398408191406e-07
44700.000000000095 2.5408153895211377e-07
44750.000000000095 2.620642254335673e-07
44800.000000000095 2.483982080765555e-07
44850.000000000095 2.318573471991236e-07
44900.000000000095 2.0271162809883572e-07
44950.000000000095 2.0325450771798617e-07
45000.000000000095 2.0615519524385057e-07
45050.000000000095 2.14157445108861e-07
45100.000000000095 1.999834563436418e-07
45150.000000000095 1.893145324083381e-07
45200.000000000095 1.618168763007621e-07
45250.000000000095 1.7187096260920453e-07
45300.000000000095 1.9303664903004932e-07
45350.000000000095 1.9446288553782716e-07
45400.000000000095 1.597513576973731e-07
45450.000000000095 1.5830964366950527e-07
45500.000000000095 1.654810458537745e-07
45550.000000000095 1.8901610929189454e-07
45600.000000000095 1.568106120490817e-07
45650.000000000095 1.5583532335778833e-07
45700.000000000095 1.9289586140260543e-07
45750.000000000095 1.681640352406315e-07
45800.000000000095 1.4982935272799908e-07
45850.000000000095 2.0595651637863166e-07
45900.000000000095 1.9992382781353096e-07
45950.000000000095 1.5594413771277542e-07
46000.000000000095 1.9441448484728493e-07
46050.000000000095 2.088963841209179e-07
46100.000000000095 1.5698647456743722e-07
46150.000000000095 2.0261439911927175e-07
46200.000000000095 1.9477233126086717e-07
46250.000000000095 1.28242555374101e-07
46300.000000000095 2.2415837098595147e-07
46350.000000000095 1.6592794845409044e-07
46400.000000000095 1.9458330083149854e-07
46450.000000000095 2.4107207930439675e-07
46500.000000000095 1.938902354534324e-07
46550.000000000095 2.5092266214780306e-07
46600.000000000095 2.468695194876479e-07
46650.000000000095 3.516733831924206e-07
46700.000000000095 2.8527744530737695e-07
46750.000000000095 2.3130768613430048e-07
46800.000000000095 2.09310429468247e-07
46850.000000000095 2.470482051498871e-07
46900.000000000095 2.1819635031843092e-07
46950.000000000095 2.86790328355903e-07
47000.000000000095 1.8585332204239865e-07
47050.000000000095 2.932513809876171e-07
47100.000000000095 1.7726596085435405e-07
47150.000000000095 2.0838933063258547e-07
47200.000000000095 2.3224104218660966e-07
47250.000000000095 1.862834923218167e-07
47300.000000000095 2.1203779078078657e-07
47350.000000000095 1.6350866480570736e-07
47400.000000000095 2.5188068187023216e-07
47450.000000000095 1.6932451133179624e-07
47500.000000000095 2.652487025352791e-07
47550.000000000095 1.7376708646330735e-07
47600.000000000095 2.540776296804402e-07
47650.000000000095 1.7523979280625174e-07
47700.000000000095 2.4026988925742664e-07
47750.000000000095 1.5758779413740356e-07
47800.000000000095 2.417522051586213e-07
47850.000000000095 1.4081905830597867e-07
47900.000000000095 2.2753358862076537e-07
47950.000000000095 1.7718325710231646e-07
48000.000000000095 2.7711166490447737e-07
48050.000000000095 1.973143058380019e-07
48100.000000000095 2.5996269499789315e-07
48150.000000000095 1.8992034860377942e-07
48200.000000000095 2.625353584884967e-07
48250.000000000095 2.070930265691456e-07
48300.000000000095 3.0582662357554783e-07
48350.000000000095 1.9578885150452752e-07
48400.000000000095 2.6004795330763743e-07
48450.000000000095 1.7218976702136088e-07
48500.000000000095 3.0514137274040107e-07
48550.000000000095 1.7744746463883638e-07
