galfind/configs/Brown_Dwarf_templates/sonora_cholla/logkzz7/562g/1250K_562g_logkzz7_resample.dat
# %ECSV 1.0
# ---
# datatype:
# - {name: wav, unit: Angstrom, datatype: float64}
# - {name: flux_nu, unit: erg / (cm2 Hz s), datatype: float64}
# schema: astropy-2.0
wav flux_nu
[from data line 1160]
68000.00000000009 2.112592049424188e-07
68050.00000000009 2.9147390078792976e-07
68100.00000000009 2.871375197981034e-07
68150.00000000009 2.3053262820532734e-07
68200.00000000009 2.528158962880842e-07
68250.00000000009 1.4218241301095887e-07
68300.00000000009 2.2681778610318267e-07
68350.00000000009 1.512965604891e-07
68400.00000000009 2.8457160363509096e-07
68450.00000000009 2.821530286145301e-07
68500.00000000009 2.4875737813672766e-07
68550.00000000009 1.818491085255308e-07
68600.00000000009 2.0295979092893565e-07
68650.00000000009 1.5083300031834165e-07
68700.00000000009 2.171912384030529e-07
68750.00000000009 2.499251497589858e-07
68800.00000000009 2.704803797218762e-07
68850.00000000009 1.6647753218569663e-07
68900.00000000009 3.1915060015308305e-07
68950.00000000009 3.5317596414241076e-07
69000.00000000009 3.4136501919888956e-07
69050.00000000009 2.2248713920599667e-07
69100.00000000009 3.347845615507012e-07
69150.00000000009 3.660259607810395e-07
69200.00000000009 2.3516023823425833e-07
69250.00000000009 3.2997567400336073e-07
69300.00000000009 3.008531013864197e-07
69350.00000000009 3.102121314085199e-07
69400.00000000009 2.0788899618885976e-07
69450.00000000009 3.392199291062895e-07
69500.00000000009 2.3414960394009532e-07
69550.00000000009 2.573681601896042e-07
69600.00000000009 1.1846213337527191e-07
69650.00000000009 2.330465545367856e-07
69700.00000000009 3.0236729823088585e-07
69750.00000000009 2.510798292870958e-07
69800.00000000009 2.923684770898895e-07
69850.00000000009 3.2513150753392093e-07
69900.00000000009 2.3286103868301935e-07
69950.00000000009 2.763530118724089e-07
70000.00000000009 2.19477594295044e-07
70050.00000000009 3.1352646178943386e-07
70100.00000000009 2.4046339901103665e-07
70150.00000000009 2.859292197652931e-07
70200.00000000009 2.171666897923303e-07
70250.00000000009 2.5314748570382953e-07
70300.00000000009 3.02440315961869e-07
70350.00000000009 2.4170621934694915e-07
70400.00000000009 2.2933903413643012e-07
70450.00000000009 1.3491868358519556e-07
70500.00000000009 1.8679399343975634e-07
70550.00000000009 1.9539753264167104e-07
70600.00000000009 2.2260363541933832e-07
70650.00000000009 2.6330789362333607e-07
70700.00000000009 2.605816471077025e-07
70750.00000000009 3.087799546831135e-07
70800.00000000009 2.2401293987266628e-07
70850.00000000009 2.0826613235997738e-07
70900.00000000009 2.1582880200826547e-07
70950.00000000009 2.9207736300009457e-07
71000.00000000009 2.6210278914292787e-07
71050.00000000009 2.850266368249007e-07
71100.00000000009 2.554006298919935e-07
71150.00000000009 2.423034519581336e-07
71200.00000000009 2.109155741499132e-07
71250.00000000009 2.4907814282938733e-07
71300.00000000009 2.883401657028278e-07
71350.00000000009 2.5318338431892086e-07
71400.00000000009 2.6045170456297554e-07
71450.00000000009 1.7619310085315346e-07
71500.00000000009 2.2529739050166685e-07
71550.00000000009 2.197899389755957e-07
71600.00000000009 2.6464216127628507e-07
71650.00000000009 2.246405369671021e-07
71700.00000000009 1.9178039415311718e-07
71750.00000000009 2.4208750601853115e-07
71800.00000000009 2.9324074852786486e-07
71850.00000000009 2.9722694284670096e-07
71900.00000000009 1.9968367011807496e-07
71950.00000000009 2.443885798919807e-07
72000.00000000009 2.2803629208717482e-07
72050.00000000009 1.7772170633827783e-07
72100.00000000009 2.0866779717574936e-07
72150.00000000009 2.168681537822962e-07
72200.00000000009 2.432549540250001e-07
72250.00000000009 2.587329674379839e-07
72300.00000000009 2.4704311906257197e-07
72350.00000000009 2.2529178737239623e-07
72400.00000000009 2.15785958263367e-07
72450.00000000009 1.9951599004525037e-07
72500.00000000009 2.21008967690871e-07
72550.00000000009 1.5660862096833222e-07
72600.00000000009 1.525082830784048e-07
72650.00000000009 2.6585621836613043e-07
72700.00000000009 2.531802061827543e-07
72750.00000000009 2.1124620145908373e-07
72800.00000000009 2.089257832075857e-07
72850.00000000009 2.1301998930674377e-07
72900.00000000009 2.6290222124195413e-07
72950.00000000009 2.1775548287499042e-07
73000.00000000009 2.312639978103531e-07
73050.00000000009 2.0645576418972982e-07
73100.00000000009 1.985578814466045e-07
73150.00000000009 3.043694267884023e-07
73200.00000000009 2.161801850395314e-07
73250.00000000009 2.3971233158741344e-07
73300.00000000009 2.321107809181042e-07
73350.00000000009 1.7878824867577667e-07
73400.00000000009 2.1714687331063064e-07
73450.00000000009 1.4821996622467657e-07
73500.00000000009 1.7714173231149776e-07
73550.00000000009 2.129845666714316e-07
73600.00000000009 1.7850007299668817e-07
73650.00000000009 2.1898862769324729e-07
73700.00000000009 2.61856286017335e-07
73750.00000000009 1.8873205543165788e-07
73800.00000000009 1.9591583116718042e-07
73850.00000000009 2.3121777255170304e-07
73900.00000000009 2.516054110331209e-07
73950.00000000009 2.03274733264255e-07
74000.00000000009 2.0475662312381014e-07
74050.00000000009 3.052620465869894e-07
74100.00000000009 2.026239657140974e-07
74150.00000000009 2.297641596037726e-07
74200.00000000009 2.0361399164957269e-07
74250.00000000009 1.6346204265695503e-07
74300.00000000009 2.1090061761893558e-07
74350.00000000009 2.3608179140751027e-07
74400.00000000009 2.0117719315070594e-07
74450.00000000009 1.6408928378066773e-07
74500.00000000009 1.8270167220506558e-07
74550.00000000009 2.1556911055587042e-07
74600.00000000009 1.8383722024602338e-07
74650.00000000009 1.7873231045990726e-07
74700.00000000009 1.501408519404669e-07
74750.00000000009 1.9048871378561122e-07
74800.00000000009 1.7279789375050872e-07
74850.00000000009 1.545010002453885e-07
74900.00000000009 2.6910134876102227e-07
74950.00000000009 2.480435259952395e-07
75000.00000000009 2.2098690702344532e-07
75050.00000000009 2.030484023740058e-07
75100.00000000009 2.818187324041383e-07
75150.00000000009 2.446510938892225e-07
75200.00000000009 2.6329002584015425e-07
75250.00000000009 2.629981790731448e-07
75300.00000000009 2.6182542729717213e-07
75350.00000000009 1.6990952551154735e-07
75400.00000000009 2.420024744070949e-07
75450.00000000009 2.271744831050851e-07
75500.00000000009 2.1283209157657096e-07
75550.00000000009 2.540709487745243e-07
75600.00000000009 3.135241031149435e-07
75650.00000000009 2.3009791207762697e-07
75700.00000000009 2.176089847090334e-07
75750.00000000009 1.8839409017150466e-07
75800.00000000009 2.340040865552235e-07
75850.00000000009 2.5433713025262785e-07
75900.00000000009 2.1970949395768132e-07
75950.00000000009 1.9543263538352524e-07
76000.00000000009 2.1911955012850837e-07
76050.00000000009 2.2291351837948074e-07
76100.00000000009 2.031244802570161e-07
76150.00000000009 2.2912314764637585e-07
76200.00000000009 2.3813022567212744e-07
76250.00000000009 3.059765534216805e-07
76300.00000000009 3.0804167233042335e-07
76350.00000000009 3.7052440967579445e-07
76400.00000000009 2.8567420600897913e-07
76450.00000000009 2.6432927402107746e-07
76500.00000000009 2.4943308709184146e-07
76550.00000000009 2.2613168647366043e-07
76600.00000000009 1.3215321266019729e-07
76650.00000000009 1.516328110455462e-07
76700.00000000009 1.7224158746717906e-07
76750.00000000009 1.56844655976184e-07
76800.00000000009 2.2009281328670262e-07
76850.00000000009 1.1698604417953508e-07
76900.00000000009 1.476332901144059e-07
76950.00000000009 1.773232323428858e-07
77000.00000000009 1.911390942151878e-07
77050.00000000009 1.5098959603674497e-07
77100.00000000009 1.4341728731575983e-07
77150.00000000009 1.7664880152568837e-07
77200.00000000009 1.8653984216307696e-07
77250.00000000009 1.9282512192502888e-07
77300.00000000009 1.822857830340878e-07
77350.00000000009 1.3421811413117598e-07
77400.00000000009 1.1452279142769809e-07
77450.00000000009 1.393463095574599e-07
77500.00000000009 1.6766199337506085e-07
77550.00000000009 1.758231305032966e-07
77600.00000000009 1.8542543592370205e-07
77650.00000000009 1.778692128931227e-07
77700.00000000009 1.5538090475874448e-07
77750.00000000009 2.1253824086093873e-07
77800.00000000009 2.0054228404638426e-07
77850.00000000009 2.397675147495091e-07
77900.00000000009 2.1625301107111785e-07
77950.00000000009 1.6258333738310016e-07
78000.00000000009 2.006743104817313e-07
78050.00000000009 1.8622597956284534e-07
78100.00000000009 1.4457191770124505e-07
78150.00000000009 2.1672915468134556e-07
78200.00000000009 2.3084065907422148e-07
78250.00000000009 2.560205436414996e-07
78300.00000000009 2.4304703179573353e-07
78350.00000000009 2.332879670477196e-07
78400.00000000009 2.0520979417626943e-07
78450.00000000009 2.6006377160197396e-07
78500.00000000009 2.578042251267656e-07
78550.00000000009 2.301583374344417e-07
78600.00000000009 2.1024438060759586e-07
78650.00000000009 1.2745460155764073e-07
78700.00000000009 2.0347938283243087e-07
78750.00000000009 1.975609938777503e-07
78800.00000000009 2.3876513808997343e-07
78850.00000000009 1.6285485282165182e-07
78900.00000000009 2.0649883314974942e-07
78950.00000000009 1.809208339179203e-07
79000.00000000009 2.1334655455792793e-07
79050.00000000009 2.0598028586431093e-07
79100.00000000009 1.9992175634321814e-07
79150.00000000009 2.3472397597858033e-07
79200.00000000009 2.6590791585380004e-07
79250.00000000009 2.2339910330895932e-07
79300.00000000009 1.7215752736025627e-07
79350.00000000009 2.448282773713334e-07
79400.00000000009 2.0073382834984643e-07
79450.00000000009 2.36491216353687e-07
79500.00000000009 2.950664575803897e-07
79550.00000000009 2.4249419372658313e-07
79600.00000000009 1.816230365290647e-07
79650.00000000009 2.1360461513624553e-07
79700.00000000009 2.737738082331004e-07
79750.00000000009 2.545053705900471e-07
79800.00000000009 2.2301180811307832e-07
79850.00000000009 2.2783361612843691e-07
79900.00000000009 3.229804377191038e-07
79950.00000000009 2.49443971581827e-07
