galfind/configs/Brown_Dwarf_templates/sonora_cholla/logkzz7/562g/1300K_562g_logkzz7_resample.dat
# %ECSV 1.0
# ---
# datatype:
# - {name: wav, unit: Angstrom, datatype: float64}
# - {name: flux_nu, unit: erg / (cm2 Hz s), datatype: float64}
# schema: astropy-2.0
wav flux_nu
[from data line 773]
48650.000000000095 2.056868907455481e-07
48700.000000000095 3.5634352272165306e-07
48750.000000000095 2.2465462352645385e-07
48800.000000000095 3.4212885648361673e-07
48850.000000000095 2.5015178464137336e-07
48900.000000000095 3.51668791870443e-07
48950.000000000095 3.0428581277942673e-07
49000.000000000095 2.809814566482137e-07
49050.000000000095 3.267920328038336e-07
49100.000000000095 2.596086601187983e-07
49150.000000000095 3.5475082694230346e-07
49200.000000000095 2.67482341122922e-07
49250.000000000095 3.53448827973199e-07
49300.000000000095 2.908876136518805e-07
49350.000000000095 3.158641201962303e-07
49400.000000000095 3.6839067506680845e-07
49450.000000000095 3.224401636158861e-07
49500.000000000095 3.2851512075005854e-07
49550.000000000095 2.3927761869480217e-07
49600.000000000095 3.3625067191780214e-07
49650.000000000095 3.142274838592168e-07
49700.000000000095 2.820005883809075e-07
49750.000000000095 4.280581881397218e-07
49800.000000000095 2.9058226344434523e-07
49850.000000000095 4.46141401613364e-07
49900.000000000095 3.488983229940211e-07
49950.000000000095 3.817733056589278e-07
50000.000000000095 4.2386323432343346e-07
50050.000000000095 3.681130707737921e-07
50100.000000000095 4.949900058600335e-07
50150.000000000095 3.0419481459024545e-07
50200.000000000095 2.58719746212732e-07
50250.000000000095 4.391485677779723e-07
50300.000000000095 3.217746511457515e-07
50350.000000000095 4.298742615633107e-07
50400.000000000095 3.698670871108605e-07
50450.000000000095 3.8575330010493206e-07
50500.000000000095 4.663193486115036e-07
50550.000000000095 3.825403871743128e-07
50600.000000000095 4.46182297845544e-07
50650.000000000095 3.919693053714306e-07
50700.000000000095 5.226310656637045e-07
50750.000000000095 5.385667169052132e-07
50800.000000000095 3.180908771281387e-07
50850.000000000095 3.9319701561571934e-07
50900.000000000095 4.97290252423388e-07
50950.000000000095 5.237082808147512e-07
51000.000000000095 5.227774187755068e-07
51050.000000000095 4.347101117101889e-07
51100.000000000095 3.5229431806209385e-07
51150.000000000095 3.9792038136540034e-07
51200.000000000095 4.942304895440693e-07
51250.000000000095 5.08541505860241e-07
51300.000000000095 3.383974996637088e-07
51350.000000000095 4.452678983848047e-07
51400.000000000095 3.9348087526130823e-07
51450.000000000095 3.3686715063471144e-07
51500.000000000095 3.2633175935984e-07
51550.000000000095 5.198382126180679e-07
51600.000000000095 3.492678458188733e-07
51650.000000000095 4.698023011770614e-07
51700.000000000095 4.7668349537157083e-07
51750.000000000095 3.450995720408636e-07
51800.000000000095 6.021595664180773e-07
51850.000000000095 4.7592101693555935e-07
51900.000000000095 5.785216407657751e-07
51950.000000000095 5.245703618782272e-07
52000.000000000095 2.7216509478935665e-07
52050.000000000095 3.8492758514762913e-07
52100.000000000095 3.7775260069616967e-07
52150.000000000095 3.3527500609956884e-07
52200.000000000095 3.6223941386841516e-07
52250.000000000095 3.7267229620720324e-07
52300.000000000095 5.645541409512223e-07
52350.000000000095 4.62222555289767e-07
52400.000000000095 3.5397135474217755e-07
52450.000000000095 4.897551513965688e-07
52500.000000000095 4.542538556590671e-07
52550.000000000095 4.889012116111456e-07
52600.000000000095 4.0916103171153597e-07
52650.000000000095 4.954838891954129e-07
52700.000000000095 3.916556838335711e-07
52750.000000000095 3.4943129745083066e-07
52800.000000000095 3.5618416539759803e-07
52850.000000000095 4.058552293048216e-07
52900.000000000095 3.540712471812355e-07
52950.000000000095 3.4746804443623083e-07
53000.000000000095 5.612875886034947e-07
53050.000000000095 3.116143835317275e-07
53100.000000000095 5.076199392846143e-07
53150.000000000095 5.830222142365032e-07
53200.000000000095 3.179901603180557e-07
53250.000000000095 5.348594249832277e-07
53300.000000000095 5.543688386673362e-07
53350.000000000095 5.20172752526227e-07
53400.000000000095 5.61572965728744e-07
53450.000000000095 3.3866284627151037e-07
53500.000000000095 2.4689391034777056e-07
53550.000000000095 3.4599345799307046e-07
53600.000000000095 4.310774800670173e-07
53650.000000000095 3.610351498233077e-07
53700.000000000095 3.459811694162969e-07
53750.000000000095 3.60671808191877e-07
53800.000000000095 3.742691055077038e-07
53850.000000000095 4.5361621256767585e-07
53900.000000000095 3.8546652244514213e-07
53950.000000000095 5.211936225755251e-07
54000.000000000095 4.001459030175651e-07
54050.000000000095 3.8419392871445504e-07
54100.000000000095 2.507750470123221e-07
54150.000000000095 3.385877376966504e-07
54200.000000000095 2.099838621139309e-07
54250.000000000095 2.3291798276139372e-07
54300.000000000095 3.2272380701729844e-07
54350.000000000095 4.116673430146635e-07
54400.000000000095 4.264655800512397e-07
54450.000000000095 3.8468145375474495e-07
54500.000000000095 3.5337800050748555e-07
54550.000000000095 2.914505839255021e-07
54600.000000000095 3.608208188298967e-07
54650.000000000095 2.6049237800560706e-07
54700.000000000095 4.212691921984002e-07
54750.000000000095 4.1069541978821704e-07
54800.000000000095 3.1828508193285096e-07
54850.000000000095 3.4820965984414975e-07
54900.000000000095 4.400263691547689e-07
54950.000000000095 5.440236300437213e-07
55000.000000000095 3.2082807059045177e-07
55050.000000000095 3.8902787585025686e-07
55100.000000000095 3.3810790054684067e-07
55150.000000000095 3.2032369945767236e-07
55200.000000000095 3.171882798127356e-07
55250.000000000095 3.2852484636841696e-07
55300.000000000095 2.696210834270212e-07
55350.000000000095 3.5818900881995786e-07
55400.000000000095 4.512855055853796e-07
55450.000000000095 3.6365213703069015e-07
55500.000000000095 2.277290063095104e-07
55550.000000000095 2.957040689252477e-07
55600.000000000095 2.877761680318419e-07
55650.000000000095 2.2869249367018775e-07
55700.000000000095 3.0293861926057905e-07
55750.000000000095 3.590341259510186e-07
55800.000000000095 2.803568946240727e-07
55850.000000000095 2.442795996331453e-07
55900.000000000095 3.8434287885225567e-07
55950.000000000095 5.00984528317835e-07
56000.000000000095 2.5742080510060993e-07
56050.000000000095 3.53720571132802e-07
56100.000000000095 3.793450188488663e-07
56150.000000000095 2.9363300625651717e-07
56200.000000000095 3.2862072418054493e-07
56250.000000000095 3.120255114688898e-07
56300.000000000095 3.5410338996993863e-07
56350.000000000095 3.805839315072551e-07
56400.000000000095 2.8377917837943677e-07
56450.000000000095 2.5648067221977395e-07
56500.000000000095 2.848424073456941e-07
56550.000000000095 2.1458580806135365e-07
56600.000000000095 3.57752085753604e-07
56650.000000000095 3.3132804564965415e-07
56700.000000000095 4.035366737113937e-07
56750.000000000095 2.445854383204822e-07
56800.000000000095 3.751617248968868e-07
56850.000000000095 3.0086334287392747e-07
56900.000000000095 2.8127768237382115e-07
56950.000000000095 3.8453036148317904e-07
57000.000000000095 3.984718442413255e-07
57050.000000000095 3.0838177778088603e-07
57100.000000000095 1.8892914853911386e-07
57150.000000000095 2.601441266846023e-07
57200.000000000095 2.0553048234139646e-07
57250.000000000095 2.9303466106912815e-07
57300.000000000095 3.3942322812294605e-07
57350.000000000095 2.1764128146985214e-07
57400.000000000095 3.3759233020900255e-07
57450.000000000095 3.2615225234610916e-07
57500.000000000095 3.072289214075295e-07
57550.000000000095 3.666760884169471e-07
57600.000000000095 3.965231255122595e-07
57650.000000000095 1.9677393031647554e-07
57700.000000000095 2.3387364444597277e-07
57750.000000000095 2.7854151290711647e-07
57800.000000000095 1.3723207565977276e-07
57850.000000000095 4.072130527627141e-07
57900.000000000095 4.728154036309374e-07
57950.000000000095 4.2040941985340745e-07
58000.000000000095 2.6414355252225204e-07
58050.000000000095 3.37047470520437e-07
58100.000000000095 4.170930384160868e-07
58150.000000000095 3.411784544943444e-07
58200.000000000095 2.0936284315853064e-07
58250.000000000095 2.6755922130810524e-07
58300.000000000095 2.1871227018505066e-07
58350.000000000095 2.523987215574743e-07
58400.000000000095 3.088845427587879e-07
58450.000000000095 3.3314729431543726e-07
58500.000000000095 2.9846290172840363e-07
58550.000000000095 3.4914785990902685e-07
58600.000000000095 2.4104190212945174e-07
58650.000000000095 2.9658910662512627e-07
58700.000000000095 2.733155417141541e-07
58750.000000000095 2.9802417321984466e-07
58800.000000000095 1.9125447304356436e-07
58850.000000000095 2.727346318803461e-07
58900.000000000095 3.317021941094737e-07
58950.000000000095 2.314283498615037e-07
59000.000000000095 3.1590483789853963e-07
59050.000000000095 3.370777014408036e-07
59100.000000000095 4.0202086129559014e-07
59150.000000000095 3.2021834272372603e-07
59200.000000000095 3.223630722447056e-07
59250.000000000095 3.396659226722839e-07
59300.000000000095 3.210651875218419e-07
59350.000000000095 2.0760803797019272e-07
59400.000000000095 1.6685045391156758e-07
59450.000000000095 2.852977027604924e-07
59500.000000000095 1.974425955179545e-07
59550.000000000095 3.6741031274595095e-07
59600.000000000095 3.567403533329958e-07
59650.000000000095 3.2993145903726155e-07
59700.000000000095 2.3380917539860706e-07
59750.000000000095 4.35216709942338e-07
59800.000000000095 3.1021194335389887e-07
59850.000000000095 3.654141885100773e-07
59900.000000000095 2.1970801227966332e-07
59950.000000000095 3.273255893929836e-07
60000.000000000095 4.926237212299464e-07
60050.000000000095 3.9724160150347174e-07
60100.000000000095 4.212529573930763e-07
60150.000000000095 3.169182799595112e-07
60200.000000000095 3.4415938507218507e-07
60250.000000000095 3.9146657053615417e-07
60300.000000000095 3.61090496138641e-07
60350.000000000095 2.8880700690014143e-07
60400.000000000095 3.5114512036197085e-07
60450.000000000095 2.2329782706981116e-07
60500.000000000095 1.5958587714589633e-07
60550.000000000095 3.575343760518999e-07
60600.000000000095 3.4680245823601263e-07
60650.000000000095 3.136881912858974e-07
60700.000000000095 2.94782266281671e-07
60750.000000000095 2.482302159281388e-07
60800.000000000095 3.8159334678155394e-07
60850.000000000095 4.892659212619005e-07
60900.000000000095 4.2775060092559166e-07
60950.000000000095 4.176963800887285e-07
61000.000000000095 3.3449411588708567e-07
61050.000000000095 2.652178783290718e-07
61100.000000000095 3.5998125746447065e-07
61150.000000000095 1.5856199605830546e-07
61200.000000000095 4.4404203681795677e-07
61250.000000000095 5.105589263399248e-07
61300.000000000095 4.5597545858102725e-07
61350.000000000095 5.09931548533702e-07
61400.000000000095 3.9296307592522243e-07
61450.000000000095 2.9681864883069516e-07
61500.000000000095 2.9599227073179657e-07
61550.000000000095 2.696909708513686e-07
61600.000000000095 2.052877121222629e-07
61650.000000000095 3.229881233091397e-07
61700.000000000095 2.7808755819799285e-07
61750.000000000095 3.2610498259124023e-07
61800.000000000095 3.852835001171493e-07
61850.000000000095 2.659718300900904e-07
61900.000000000095 4.314205307915058e-07
61950.000000000095 4.5076267864614677e-07
62000.000000000095 3.954402082542877e-07
62050.000000000095 4.0034747881814697e-07
62100.000000000095 4.389863318897261e-07
62150.000000000095 4.031274720722727e-07
62200.000000000095 3.6006291697544844e-07
62250.000000000095 4.0747785216157824e-07
62300.000000000095 4.927356031847533e-07
62350.000000000095 4.5475097371128e-07
62400.000000000095 2.957373492930553e-07
62450.000000000095 3.5761845366842636e-07
62500.000000000095 4.7136144099762137e-07
62550.000000000095 4.299634688685231e-07
62600.000000000095 4.82176986648801e-07
62650.000000000095 3.9932269286758665e-07
62700.000000000095 4.357745447572823e-07
62750.000000000095 5.104125963218856e-07
62800.000000000095 3.4835630258512306e-07
62850.000000000095 4.65149069092562e-07
62900.000000000095 3.9315226669404997e-07
62950.000000000095 5.020441067211087e-07
63000.000000000095 4.6118771173026106e-07
63050.000000000095 5.589574203240078e-07
63100.000000000095 5.145683309843267e-07
63150.000000000095 3.481403899728662e-07
63200.000000000095 4.700577847215612e-07
63250.000000000095 4.930579382953586e-07
63300.000000000095 5.143112547035105e-07
63350.000000000095 4.295657390225081e-07
63400.000000000095 2.9161569398488365e-07
63450.000000000095 2.66559185075353e-07
63500.000000000095 4.5268885325225005e-07
63550.000000000095 3.890810392932469e-07
63600.000000000095 5.107741454045104e-07
63650.000000000095 3.998998059976839e-07
63700.000000000095 2.846100296002335e-07
63750.000000000095 3.714992971372599e-07
63800.000000000095 3.577742263890346e-07
63850.000000000095 3.6924168184045574e-07
63900.000000000095 2.9091981716034883e-07
63950.000000000095 4.227896724581709e-07
64000.000000000095 4.4714770709910156e-07
64050.000000000095 3.4152714748399763e-07
64100.000000000095 1.5689301508151906e-07
64150.000000000095 2.0676762199335338e-07
64200.000000000095 2.492197413160534e-07
64250.000000000095 3.420762782448145e-07
64300.000000000095 2.776204435289809e-07
64350.000000000095 2.592119659617378e-07
64400.000000000095 3.546375341180343e-07
64450.000000000095 3.6011199374835127e-07
64500.000000000095 2.3429763972778197e-07
64550.000000000095 3.433930139089082e-07
64600.000000000095 2.450731377349832e-07
64650.000000000095 3.228529750045878e-07
64700.000000000095 1.9401547169420448e-07
64750.000000000095 2.243122419068437e-07
64800.000000000095 2.2943728556592192e-07
64850.000000000095 2.1963091285436933e-07
64900.000000000095 2.567982197262513e-07
64950.000000000095 2.2855604845605804e-07
65000.000000000095 2.5993089133270573e-07
65050.000000000095 2.6717554653133596e-07
65100.000000000095 3.0202642950422265e-07
65150.000000000095 2.4985719458556984e-07
65200.000000000095 2.107807781477412e-07
65250.000000000095 2.824788468660642e-07
65300.000000000095 2.418345895216959e-07
65350.000000000095 4.1063087430556085e-07
65400.000000000095 2.43775430141897e-07
65450.000000000095 2.497377108072692e-07
65500.000000000095 2.7614143035571417e-07
65550.00000000009 2.0998111763477327e-07
65600.00000000009 2.3341094430476445e-07
65650.00000000009 2.577099110623742e-07
65700.00000000009 2.253200254116859e-07
65750.00000000009 2.0933137847221976e-07
65800.00000000009 2.67752527394611e-07
65850.00000000009 3.05864852796376e-07
65900.00000000009 2.0882202490261572e-07
65950.00000000009 1.6151323994794283e-07
66000.00000000009 2.3131569723966974e-07
66050.00000000009 3.563390697963498e-07
66100.00000000009 2.4951160084131833e-07
66150.00000000009 1.9259318398994473e-07
66200.00000000009 1.9682888644528202e-07
66250.00000000009 1.8829137885290092e-07
66300.00000000009 1.1494727258459245e-07
66350.00000000009 1.6592255076918525e-07
66400.00000000009 1.9208102514529878e-07
66450.00000000009 2.836327779882585e-07
66500.00000000009 3.5275013069311973e-07
66550.00000000009 3.3032805372949617e-07
66600.00000000009 2.620529872848445e-07
66650.00000000009 2.7599060027617565e-07
66700.00000000009 2.3805055168853654e-07
66750.00000000009 2.1840433732578897e-07
66800.00000000009 2.722963440513916e-07
66850.00000000009 2.1219190346002213e-07
66900.00000000009 2.739634323711663e-07
66950.00000000009 3.485164867095672e-07
67000.00000000009 3.43547620007111e-07
67050.00000000009 2.5439245713315396e-07
67100.00000000009 2.3329611554558514e-07
67150.00000000009 2.393100418844509e-07
67200.00000000009 2.494585987395884e-07
67250.00000000009 2.584247391123499e-07
67300.00000000009 2.6474852259674135e-07
67350.00000000009 2.1132591723771745e-07
67400.00000000009 3.3891077941486094e-07
67450.00000000009 2.7846107623604315e-07
67500.00000000009 2.5322969288542513e-07
67550.00000000009 2.873439696043944e-07
67600.00000000009 4.210832404955019e-07
67650.00000000009 3.235616357779743e-07
67700.00000000009 2.7940579384408307e-07
67750.00000000009 2.567563097474939e-07
67800.00000000009 3.1278934002634995e-07
67850.00000000009 2.1887733843688937e-07
67900.00000000009 2.6909189342128467e-07
67950.00000000009 1.896138159985373e-07
