galfind/configs/Brown_Dwarf_templates/sonora_cholla/logkzz7/562g/1300K_562g_logkzz7_resample.dat
# %ECSV 1.0
# ---
# datatype:
# - {name: wav, unit: Angstrom, datatype: float64}
# - {name: flux_nu, unit: erg / (cm2 Hz s), datatype: float64}
# schema: astropy-2.0
wav flux_nu
[from data line 1161]
68050.00000000009 3.3208045456507034e-07
68100.00000000009 3.205383690054121e-07
68150.00000000009 2.584254928670136e-07
68200.00000000009 2.8441585346955943e-07
68250.00000000009 1.669397513104573e-07
68300.00000000009 2.5589572474606483e-07
68350.00000000009 1.7158896495283948e-07
68400.00000000009 3.167946419059203e-07
68450.00000000009 3.1661167033785386e-07
68500.00000000009 2.8193797458808005e-07
68550.00000000009 2.0660807126221214e-07
68600.00000000009 2.344698290119839e-07
68650.00000000009 1.7739313554388827e-07
68700.00000000009 2.4893372447406597e-07
68750.00000000009 2.845806018687639e-07
68800.00000000009 3.058022050804633e-07
68850.00000000009 1.924243765709659e-07
68900.00000000009 3.553822360467612e-07
68950.00000000009 3.9235066891026076e-07
69000.00000000009 3.8203432838237515e-07
69050.00000000009 2.5593595801366804e-07
69100.00000000009 3.727921805194901e-07
69150.00000000009 4.0675114577850156e-07
69200.00000000009 2.638437464563388e-07
69250.00000000009 3.614747254839273e-07
69300.00000000009 3.366772306688225e-07
69350.00000000009 3.437729327601565e-07
69400.00000000009 2.4009754970307016e-07
69450.00000000009 3.764947634867898e-07
69500.00000000009 2.7290388870922316e-07
69550.00000000009 2.940315870642959e-07
69600.00000000009 1.3824293930509814e-07
69650.00000000009 2.666753949355614e-07
69700.00000000009 3.3284168935140564e-07
69750.00000000009 2.847935578237071e-07
69800.00000000009 3.283346832103604e-07
69850.00000000009 3.6646175404273247e-07
69900.00000000009 2.6144971267101173e-07
69950.00000000009 3.1920160639048727e-07
70000.00000000009 2.47308898066463e-07
70050.00000000009 3.462759253516666e-07
70100.00000000009 2.6943488885177924e-07
70150.00000000009 3.1984730632134626e-07
70200.00000000009 2.4754963945233807e-07
70250.00000000009 2.849116256939799e-07
70300.00000000009 3.3287885173804015e-07
70350.00000000009 2.668041609501292e-07
70400.00000000009 2.6115913935058476e-07
70450.00000000009 1.5976669605550516e-07
70500.00000000009 2.140976283896111e-07
70550.00000000009 2.2422767599825027e-07
70600.00000000009 2.5574854800993874e-07
70650.00000000009 2.9047673225820666e-07
70700.00000000009 2.909548205897282e-07
70750.00000000009 3.3887150020348903e-07
70800.00000000009 2.511047709726292e-07
70850.00000000009 2.3514740895953942e-07
70900.00000000009 2.445825657525334e-07
70950.00000000009 3.268089466809154e-07
71000.00000000009 2.9407765719341597e-07
71050.00000000009 3.2026979162081134e-07
71100.00000000009 2.856238877924259e-07
71150.00000000009 2.7529611869563183e-07
71200.00000000009 2.3977561865909924e-07
71250.00000000009 2.814522385348038e-07
71300.00000000009 3.1966018882144624e-07
71350.00000000009 2.772336040338779e-07
71400.00000000009 2.911508157624109e-07
71450.00000000009 2.0176723357962299e-07
71500.00000000009 2.5651123065787596e-07
71550.00000000009 2.499577659422066e-07
71600.00000000009 3.00834571869456e-07
71650.00000000009 2.5654468412278933e-07
71700.00000000009 2.2098629285205952e-07
71750.00000000009 2.724708833211341e-07
71800.00000000009 3.2971289130587515e-07
71850.00000000009 3.3574809491935547e-07
71900.00000000009 2.2672669465119453e-07
71950.00000000009 2.7579614999946714e-07
72000.00000000009 2.580423706241199e-07
72050.00000000009 2.0425725423459781e-07
72100.00000000009 2.38786743110507e-07
72150.00000000009 2.49901992201207e-07
72200.00000000009 2.760808933400742e-07
72250.00000000009 2.893753050436629e-07
72300.00000000009 2.7858837289746956e-07
72350.00000000009 2.53699503900879e-07
72400.00000000009 2.428631471955129e-07
72450.00000000009 2.2573146122075934e-07
72500.00000000009 2.4976354952775694e-07
72550.00000000009 1.8315928670717585e-07
72600.00000000009 1.7373023336390513e-07
72650.00000000009 2.999655225744185e-07
72700.00000000009 2.869009734781389e-07
72750.00000000009 2.3762127340702243e-07
72800.00000000009 2.400133348758801e-07
72850.00000000009 2.4331039346087663e-07
72900.00000000009 2.9596119581560787e-07
72950.00000000009 2.433066953721405e-07
73000.00000000009 2.625690561834724e-07
73050.00000000009 2.377508839367985e-07
73100.00000000009 2.3199916416167127e-07
73150.00000000009 3.4026355566886956e-07
73200.00000000009 2.492522361033682e-07
73250.00000000009 2.7203061330302305e-07
73300.00000000009 2.6597568579760854e-07
73350.00000000009 2.061044140242206e-07
73400.00000000009 2.470330752739774e-07
73450.00000000009 1.694618821611225e-07
73500.00000000009 2.0627934271368247e-07
73550.00000000009 2.3790773174413779e-07
73600.00000000009 2.0408848688324e-07
73650.00000000009 2.472526246940573e-07
73700.00000000009 2.9407834623763534e-07
73750.00000000009 2.209588982502428e-07
73800.00000000009 2.2138808424620456e-07
73850.00000000009 2.6132318284727606e-07
73900.00000000009 2.8559590389313396e-07
73950.00000000009 2.3170354251006686e-07
74000.00000000009 2.3764915398025814e-07
74050.00000000009 3.4115615193370367e-07
74100.00000000009 2.2923486507860179e-07
74150.00000000009 2.608162253953026e-07
74200.00000000009 2.2940656665188547e-07
74250.00000000009 1.9215110894212347e-07
74300.00000000009 2.381452117134099e-07
74350.00000000009 2.646671820038441e-07
74400.00000000009 2.2776268805270473e-07
74450.00000000009 1.9236762141413185e-07
74500.00000000009 2.091978446256877e-07
74550.00000000009 2.4816854111386593e-07
74600.00000000009 2.0956807214374648e-07
74650.00000000009 2.040933615476516e-07
74700.00000000009 1.7540339903127618e-07
74750.00000000009 2.1998326174699313e-07
74800.00000000009 1.9638583651460823e-07
74850.00000000009 1.800938848879373e-07
74900.00000000009 3.0265310292349726e-07
74950.00000000009 2.7959038717888426e-07
75000.00000000009 2.5122779398075573e-07
75050.00000000009 2.395822881404052e-07
75100.00000000009 3.1757695474416046e-07
75150.00000000009 2.804072080567498e-07
75200.00000000009 2.971275373072952e-07
75250.00000000009 2.9369447626297066e-07
75300.00000000009 2.93404020756194e-07
75350.00000000009 1.9718076754641952e-07
75400.00000000009 2.6928067723428694e-07
75450.00000000009 2.541001351718233e-07
75500.00000000009 2.3751683987938968e-07
75550.00000000009 2.852412984439217e-07
75600.00000000009 3.4861321241156516e-07
75650.00000000009 2.566539954401374e-07
75700.00000000009 2.458647354039283e-07
75750.00000000009 2.174118711947155e-07
75800.00000000009 2.6475498514198614e-07
75850.00000000009 2.831788438102421e-07
75900.00000000009 2.471969579197867e-07
75950.00000000009 2.2136900177878581e-07
76000.00000000009 2.473958085184117e-07
76050.00000000009 2.5002576945493253e-07
76100.00000000009 2.2601601704126526e-07
76150.00000000009 2.5586121081748236e-07
76200.00000000009 2.684206514988694e-07
76250.00000000009 3.4427469449449977e-07
76300.00000000009 3.3651246565069016e-07
76350.00000000009 4.0715455715943807e-07
76400.00000000009 3.173792470627331e-07
76450.00000000009 2.9309235960772234e-07
76500.00000000009 2.8446457103566957e-07
76550.00000000009 2.5417038415627554e-07
76600.00000000009 1.5645344334160764e-07
76650.00000000009 1.8206363053441153e-07
76700.00000000009 2.0209017205980994e-07
76750.00000000009 1.8634189029661674e-07
76800.00000000009 2.5033439268564293e-07
76850.00000000009 1.408902375091175e-07
76900.00000000009 1.7973129573316855e-07
76950.00000000009 2.0106454329942383e-07
77000.00000000009 2.198844885167382e-07
77050.00000000009 1.7643593047797298e-07
77100.00000000009 1.6387231112025302e-07
77150.00000000009 1.9745400521339585e-07
77200.00000000009 2.1730591464208248e-07
77250.00000000009 2.1947599138171055e-07
77300.00000000009 2.0686034640428229e-07
77350.00000000009 1.5617215053200937e-07
77400.00000000009 1.2899653732156183e-07
77450.00000000009 1.6068205014469997e-07
77500.00000000009 1.9389772443065724e-07
77550.00000000009 2.023391684833867e-07
77600.00000000009 2.107131037561939e-07
77650.00000000009 2.0232447964646412e-07
77700.00000000009 1.7726028448653777e-07
77750.00000000009 2.3773337986464332e-07
77800.00000000009 2.3082048384559921e-07
77850.00000000009 2.659071304331303e-07
77900.00000000009 2.44220747253954e-07
77950.00000000009 1.9338025539697483e-07
78000.00000000009 2.2784269205063143e-07
78050.00000000009 2.107756456691897e-07
78100.00000000009 1.6508775876782054e-07
78150.00000000009 2.401263462773016e-07
78200.00000000009 2.609395723908852e-07
78250.00000000009 2.8590953212182154e-07
78300.00000000009 2.7273767301439175e-07
78350.00000000009 2.6296283048438703e-07
78400.00000000009 2.3359532814907115e-07
78450.00000000009 2.896994033819548e-07
78500.00000000009 2.8763552314744616e-07
78550.00000000009 2.5439901922887835e-07
78600.00000000009 2.3494966030077664e-07
78650.00000000009 1.491758872255147e-07
78700.00000000009 2.2807581893533418e-07
78750.00000000009 2.2591651900810851e-07
78800.00000000009 2.6791592996901674e-07
78850.00000000009 1.8342795082239516e-07
78900.00000000009 2.3069438516452115e-07
78950.00000000009 2.018124414272033e-07
79000.00000000009 2.4065622524012823e-07
79050.00000000009 2.3634299552452364e-07
79100.00000000009 2.241266005101552e-07
79150.00000000009 2.632368302887702e-07
79200.00000000009 3.008694004832121e-07
79250.00000000009 2.53549278949623e-07
79300.00000000009 1.9511947103123937e-07
79350.00000000009 2.7622292183179676e-07
79400.00000000009 2.2640082153669149e-07
79450.00000000009 2.6711592413071514e-07
79500.00000000009 3.251814027110999e-07
79550.00000000009 2.6945437944003576e-07
79600.00000000009 2.0959576431022217e-07
79650.00000000009 2.421970211079216e-07
79700.00000000009 3.0915558442404234e-07
79750.00000000009 2.826197631790436e-07
79800.00000000009 2.528426197041072e-07
79850.00000000009 2.601855681669735e-07
79900.00000000009 3.553096468333308e-07
79950.00000000009 2.7869369611447214e-07
