galfind/configs/Brown_Dwarf_templates/sonora_cholla/logkzz7/562g/500K_562g_logkzz7_resample.dat
# %ECSV 1.0
# ---
# datatype:
# - {name: wav, unit: Angstrom, datatype: float64}
# - {name: flux_nu, unit: erg / (cm2 Hz s), datatype: float64}
# schema: astropy-2.0
wav flux_nu
[from data line 813]
43650.04800076804 4.001230645824097e-08
43700.04800076804 8.561687529596251e-08
43750.04800076804 8.663476550931913e-08
43800.04800076804 6.73099242719861e-08
43850.04800076804 6.695109560291944e-08
43900.04800076804 5.266369991129124e-08
43950.04800076804 3.6449152105058515e-08
44000.04800076804 3.183087106743536e-08
44050.04800076804 7.438961339755472e-08
44100.04800076804 1.0140803441335129e-07
44150.04800076804 8.998814758515429e-08
44200.04800076804 8.281776146430235e-08
44250.04800076804 4.7279512055365594e-08
44300.04800076804 3.2825485186711906e-08
44350.04800076804 3.6773287909225173e-08
44400.04800076804 3.821141375576186e-08
44450.04800076804 5.40628631729967e-08
44500.04800076804 4.480043180703215e-08
44550.04800076804 5.961324699464783e-08
44600.04800076804 3.9638207694358664e-08
44650.04800076804 4.967039064836748e-08
44700.04800076804 3.4258761886126716e-08
44750.04800076804 4.265992180726966e-08
44800.04800076804 3.033914149713293e-08
44850.04800076804 3.717692744731606e-08
44900.04800076804 2.9495397810311248e-08
44950.04800076804 2.5812164012641433e-08
45000.04800076804 3.112570033883817e-08
45050.04800076804 3.093996980413719e-08
45100.04800076804 3.061603406562731e-08
45150.04800076804 2.097516464176974e-08
45200.04800076804 1.245473502071908e-08
45250.04800076804 1.454610457766685e-08
45300.04800076804 2.011480360119795e-08
45350.04800076804 1.559044710262331e-08
45400.04800076804 1.6230875789925772e-08
45450.04800076804 1.34375590366486e-08
45500.04800076804 1.6718307459849647e-08
45550.04800076804 1.8233074748193598e-08
45600.04800076804 1.1767707088133021e-08
45650.04800076804 1.1834230611552447e-08
45700.04800076804 1.540658101452506e-08
45750.04800076804 1.0124030298251335e-08
45800.04800076804 8.973398093656572e-09
45850.04800076804 1.4058767712725849e-08
45900.04800076804 1.6405366179403733e-08
45950.04800076804 8.14948156048182e-09
46000.04800076804 1.5570796907986807e-08
46050.04800076804 1.6545035147413645e-08
46100.04800076804 8.954196563579804e-09
46150.04800076804 1.556341921854246e-08
46200.04800076804 1.1699257922645522e-08
46250.04800076804 5.699312104927957e-09
46300.04800076804 2.0140697236308793e-08
46350.04800076804 1.3468969409072073e-08
46400.04800076804 1.7441672571083744e-08
46450.04800076804 2.553472650152533e-08
46500.04800076804 1.7789759218590846e-08
46550.04800076804 2.0272738602559097e-08
46600.04800076804 2.0002590064516172e-08
46650.04800076804 5.1410530594072016e-08
46700.04800076804 3.306939911303243e-08
46750.04800076804 1.3364534161944042e-08
46800.04800076804 7.276725166268247e-09
46850.04800076804 2.5050357804386007e-08
46900.04800076804 2.0168996359372133e-08
46950.04800076804 3.2461953684571775e-08
47000.04800076804 1.2422303505690329e-08
47050.04800076804 2.5768073561402432e-08
47100.04800076804 8.166800677472231e-09
47150.04800076804 1.4615029024453259e-08
47200.04800076804 1.95713195376201e-08
47250.04800076804 1.0904050696747474e-08
47300.04800076804 1.1675666026421397e-08
47350.04800076804 1.1191406949908321e-08
47400.04800076804 2.8180273965879974e-08
47450.04800076804 9.074726720226335e-09
47500.04800076804 3.27737302666804e-08
47550.04800076804 1.1517536301642897e-08
47600.04800076804 2.5910986163631186e-08
47650.04800076804 1.089858293610839e-08
47700.04800076804 2.5910791064796822e-08
47750.04800076804 1.0180278712088413e-08
47800.04800076804 1.7094798074783954e-08
47850.04800076804 6.673383980901563e-09
47900.04800076804 1.1067149107770257e-08
47950.04800076804 1.7957474717148183e-08
48000.04800076804 3.4290891522022674e-08
48050.04800076804 2.003295667915909e-08
48100.04800076804 1.768265116097888e-08
48150.04800076804 1.9335563049215534e-08
48200.04800076804 2.2838650111164503e-08
48250.04800076804 1.9919398419290847e-08
48300.04800076804 4.123517567103745e-08
48350.04800076804 1.543387656175094e-08
48400.04800076804 7.310635556434105e-09
48450.04800076804 1.1809702484734842e-08
48500.04800076804 2.5690170279365338e-08
48550.04800076804 1.71356561646284e-08
48600.04800076804 4.218589215931313e-08
48650.04800076804 2.73428000897427e-08
48700.04800076804 3.981606744019308e-08
48750.04800076804 2.3416175457339322e-08
48800.04800076804 4.317365746388326e-08
48850.04800076804 2.3042579880589284e-08
48900.04800076804 2.412754269738595e-08
48950.04800076804 1.6721112131505105e-08
49000.04800076804 1.059948479045836e-08
49050.04800076804 3.119193409566458e-08
49100.04800076804 3.152691060094199e-08
49150.04800076804 3.5135861994931904e-08
49200.04800076804 3.782232724813659e-08
49250.04800076804 5.676281643948263e-08
49300.04800076804 3.754309219359876e-08
49350.04800076804 1.739110893857922e-08
49400.04800076804 2.5494563947627464e-08
49450.04800076804 2.2457427057887255e-08
49500.04800076804 1.8701637711915834e-08
49550.04800076804 3.070912230532493e-09
49600.04800076804 9.82086730219929e-09
49650.04800076804 2.5146149844376927e-08
49700.04800076804 3.4924310147463084e-08
49750.04800076804 3.2411144414249825e-08
49800.04800076804 1.6922352883353793e-08
49850.04800076804 4.4391893583474854e-08
49900.04800076804 4.310660178554598e-08
49950.04800076804 4.096323888616727e-08
50000.04800076804 2.7952934566758885e-08
50050.04800076804 3.3010125527345156e-08
50100.04800076804 2.8202201783508088e-08
50150.04800076804 1.0565659123822327e-08
50200.04800076804 1.6755323281653334e-09
50250.04800076804 1.0558481233041275e-08
50300.04800076804 7.602750104263798e-09
50350.04800076804 3.1635152312533407e-08
50400.04800076804 3.869403832188524e-08
50450.04800076804 2.896551731466582e-08
50500.04800076804 4.543550625411935e-08
50550.04800076804 4.8418195011780465e-08
50600.04800076804 3.0970821569151936e-08
50650.04800076804 4.633582318362571e-08
50700.04800076804 4.769026782152699e-08
50750.04800076804 2.6775839835919322e-08
50800.04800076804 7.577424512069768e-09
50850.04800076804 3.3374728877775654e-09
50900.04800076804 2.6194206595971917e-08
50950.04800076804 2.989502252523945e-08
51000.04800076804 1.9933633037132896e-08
51050.04800076804 3.2716754954662005e-08
51100.04800076804 9.860765169607288e-09
51150.04800076804 1.0611649259755577e-08
51200.04800076804 4.1234739590167894e-08
51250.04800076804 2.8537594351862823e-08
51300.04800076804 1.9546901726628998e-08
51350.04800076804 1.7132987646225994e-08
51400.04800076804 4.34981328038312e-09
51450.04800076804 3.6929942062110653e-09
51500.04800076804 3.3229875337297502e-09
51550.04800076804 1.3879531933704648e-08
51600.04800076804 1.6045490887496177e-08
51650.04800076804 2.4766438566081683e-08
51700.04800076804 2.1218066715077846e-08
51750.04800076804 1.3231867730175937e-08
51800.04800076804 3.2245431727642955e-08
51850.04800076804 2.5200406365026305e-08
51900.04800076804 2.4915583542954828e-08
51950.04800076804 1.1747145954369064e-08
52000.04800076804 1.0735274803092293e-09
52050.04800076804 5.91699119895553e-09
52100.04800076804 3.2192416956435175e-09
52150.04800076804 1.6812934717149911e-09
52200.04800076804 6.799663278420587e-09
52250.04800076804 1.4163125746391298e-08
52300.04800076804 1.6418686897178696e-08
52350.04800076804 3.610784260781931e-09
52400.04800076804 4.264627695080726e-09
52450.04800076804 1.9851421067516145e-08
52500.04800076804 1.5384039977061742e-08
52550.04800076804 1.989699125748442e-08
52600.04800076804 1.7007384108579785e-08
52650.04800076804 1.9148686097833835e-08
52700.04800076804 1.1493112603977492e-08
52750.04800076804 3.818374678181707e-09
52800.04800076804 7.289991868621387e-09
52850.04800076804 9.236626447253801e-09
52900.04800076804 2.8433465670990444e-09
52950.04800076804 5.521091479117468e-09
53000.04800076804 1.4564514258244944e-08
53050.04800076804 4.241658782849543e-09
53100.04800076804 2.104204655222818e-08
53150.04800076804 2.4045470408454546e-08
53200.04800076804 8.712432143996598e-09
53250.04800076804 2.0395718546296674e-08
53300.04800076804 2.0376523294947713e-08
53350.04800076804 1.911865372915142e-08
53400.04800076804 1.0456046373996498e-08
53450.04800076804 2.379472166050818e-09
53500.04800076804 4.4071977087403467e-10
53550.04800076804 1.0641770510813108e-09
53600.04800076804 5.837500707841275e-09
53650.04800076804 8.841802444122071e-09
53700.04800076804 7.198197771582923e-09
53750.04800076804 6.0998625686480806e-09
53800.04800076804 5.630746195752088e-09
53850.04800076804 1.1291747081502504e-08
53900.04800076804 1.8498255259168358e-08
53950.04800076804 1.565855655725795e-08
54000.04800076804 1.030233935597283e-08
54050.04800076804 1.0524278268416237e-08
54100.04800076804 1.8612505227050671e-09
54150.04800076804 2.4328350947919316e-09
54200.04800076804 3.4501253094859137e-10
54250.04800076804 1.0406273136675312e-09
54300.04800076804 3.763890893411132e-09
54350.04800076804 6.466047104570089e-09
54400.04800076804 4.593056521030025e-09
54450.04800076804 4.096531900371245e-09
54500.04800076804 4.605075658685206e-09
54550.04800076804 4.269898991514153e-09
54600.04800076804 2.984058804195984e-09
54650.04800076804 2.5041910148324307e-10
54700.04800076804 3.0586421642437374e-09
54750.04800076804 3.1538161596842846e-09
54800.04800076804 1.5894849609561533e-09
54850.04800076804 3.052350123314638e-09
54900.04800076804 6.00168062072827e-09
54950.04800076804 1.1142412901072287e-08
55000.04800076804 3.7166957005388776e-09
55050.04800076804 4.4390399294308814e-09
55100.04800076804 7.327773680179908e-09
55150.04800076804 3.0928907229310355e-09
55200.04800076804 1.7425354134842368e-09
55250.04800076804 3.030493470165566e-09
55300.04800076804 2.273501799360139e-09
55350.04800076804 4.3858362698129e-09
55400.04800076804 4.438384003871015e-09
55450.04800076804 3.156429451452769e-09
55500.04800076804 1.1217229580002736e-09
55550.04800076804 7.231353373423228e-10
55600.04800076804 1.934451311778471e-09
55650.04800076804 1.8326459593645835e-09
55700.04800076804 1.6669445998397921e-09
55750.04800076804 1.0775498643416269e-09
55800.04800076804 3.783871841334429e-10
55850.04800076804 9.930242713685825e-10
55900.04800076804 2.983792338872762e-09
55950.04800076804 5.05783901813419e-09
56000.04800076804 1.7868219308222508e-09
56050.04800076804 1.8177144827393865e-09
56100.04800076804 3.029457840054911e-09
56150.04800076804 9.458566343872665e-10
56200.04800076804 1.7277928374461402e-09
56250.04800076804 4.121094396284445e-09
56300.04800076804 2.0173386124444864e-09
56350.04800076804 8.523446182421646e-10
56400.04800076804 1.9447550381116012e-10
56450.04800076804 2.0544755534526223e-10
56500.04800076804 1.6126889206520494e-09
56550.04800076804 6.054796358425341e-10
56600.04800076804 2.59024071264872e-09
56650.04800076804 3.046017412100172e-09
56700.04800076804 1.7631510691036632e-09
56750.04800076804 5.499264735945787e-10
56800.04800076804 1.033614357077207e-09
56850.04800076804 1.9427912106403555e-09
56900.04800076804 8.835866212127037e-10
56950.04800076804 2.4770136290433757e-09
57000.04800076804 3.417679162859751e-09
57050.04800076804 1.5708421564383282e-09
57100.04800076804 3.1535940766002753e-10
57150.04800076804 6.949623439679087e-10
57200.04800076804 4.3421104162136925e-10
57250.04800076804 8.010922102991487e-10
57300.04800076804 1.2988871256311729e-09
57350.04800076804 6.07565832099635e-10
57400.04800076804 2.0217070296093675e-09
57450.04800076804 6.283604574750661e-10
57500.04800076804 5.805351193121577e-10
57550.04800076804 9.694760110049108e-10
57600.04800076804 6.88699052811257e-10
57650.04800076804 1.1498647925886741e-10
57700.04800076804 3.825797214669163e-10
57750.04800076804 1.2070909226835176e-09
57800.04800076804 4.136724463902121e-10
57850.04800076804 3.1384903147578303e-09
57900.04800076804 4.538798984941951e-09
57950.04800076804 4.869926873309812e-09
58000.04800076804 1.0109270266403757e-09
58050.04800076804 2.3664951364411947e-09
58100.04800076804 1.56170577176603e-09
58150.04800076804 9.538985975413956e-10
58200.04800076804 1.0200967085886902e-10
58250.04800076804 3.4688603940434566e-10
58300.04800076804 3.5753245788812223e-10
58350.04800076804 5.578777257372167e-10
58400.04800076804 1.8225510394245147e-09
58450.04800076804 2.329365207199472e-09
58500.04800076804 2.5725689453735503e-09
58550.04800076804 1.288913134041585e-09
58600.04800076804 3.3172249005134553e-10
58650.04800076804 6.4961119083135e-10
58700.04800076804 1.0102489848086219e-09
58750.04800076804 7.652178166619331e-10
58800.04800076804 2.8002846198800603e-11
58850.04800076804 3.284920307356812e-10
58900.04800076804 4.555156357790512e-10
58950.04800076804 1.837769216487143e-10
59000.04800076804 6.365993972266562e-10
59050.04800076804 1.2341131307988928e-09
59100.04800076804 8.795669492409306e-10
59150.04800076804 7.887419734127924e-10
59200.04800076804 1.509093041843751e-09
59250.04800076804 1.543421494882717e-09
59300.04800076804 9.671063806845825e-10
59350.04800076804 5.639513413705057e-11
59400.04800076804 1.2674672548714907e-10
59450.04800076804 1.1909317419234148e-09
59500.04800076804 8.279895420601397e-10
59550.04800076804 1.5162349070700148e-09
59600.04800076804 1.876527449934315e-09
59650.04800076804 6.497143016985501e-10
59700.04800076804 4.02365820269623e-10
59750.04800076804 2.1474250535867932e-09
59800.04800076804 8.170110183339716e-10
59850.04800076804 8.612972857694973e-10
59900.04800076804 1.9104078532493627e-10
59950.04800076804 8.975013054854503e-10
60000.04800076804 2.4486340188979503e-09
60050.04800076804 3.4728499173616997e-09
60100.04800076804 1.552888297454946e-09
60150.04800076804 4.1906999252757386e-10
60200.04800076804 1.250280854427188e-09
60250.04800076804 3.2436490741454478e-09
60300.04800076804 2.921056562876228e-09
60350.04800076804 1.626780049691732e-09
60400.04800076804 1.0542197067438245e-09
60450.04800076804 1.17940382196671e-10
60500.04800076804 1.3550515761243218e-11
60550.04800076804 6.378848253321115e-10
60600.04800076804 1.3798071745664328e-09
60650.04800076804 6.52890626057367e-10
60700.04800076804 3.678699611976861e-10
60750.04800076804 1.0742871626241106e-10
60800.04800076804 1.256595457581025e-09
60850.04800076804 2.7566659613018015e-09
60900.04800076804 2.3866035626040437e-09
60950.04800076804 1.4280111865077794e-09
61000.04800076804 2.294084605909499e-09
61050.04800076804 4.715395594104731e-10
61100.04800076804 4.116776352038993e-10
61150.04800076804 6.851571823924663e-11
61200.04800076804 1.1611223283063335e-09
61250.04800076804 1.848749587453769e-09
61300.04800076804 1.1136975798574267e-09
61350.04800076804 2.8990659874464113e-09
61400.04800076804 6.517417886915615e-10
61450.04800076804 1.7442996561367373e-10
61500.04800076804 1.18472302335263e-10
61550.04800076804 8.166047729345706e-10
61600.04800076804 2.0815998013610246e-10
61650.04800076804 5.931890466031465e-10
61700.04800076804 1.1679561172940822e-09
61750.04800076804 1.1821060322760301e-09
61800.04800076804 6.786233694316778e-10
61850.04800076804 9.278528982054034e-11
61900.04800076804 1.510149618112633e-09
61950.04800076804 2.212495250777387e-09
62000.04800076804 1.915472832542781e-09
62050.04800076804 4.6619534201291985e-09
62100.04800076804 1.0661972836194284e-09
62150.04800076804 2.9404662206499816e-09
62200.04800076804 2.77066379819896e-09
62250.04800076804 1.7239950505307293e-09
62300.04800076804 6.017559403547025e-09
62350.04800076804 5.0799083937912845e-09
62400.04800076804 2.8080894159993967e-09
62450.04800076804 2.6798982681620594e-09
62500.04800076804 6.264442490121705e-09
62550.04800076804 1.073802809397511e-08
62600.04800076804 4.391912476670972e-09
62650.04800076804 3.0124807043387883e-09
62700.04800076804 1.660895889345576e-09
62750.04800076804 4.702189144688325e-09
62800.04800076804 2.651216447106945e-09
62850.04800076804 3.0849416701737415e-09
62900.04800076804 4.651084363202347e-09
62950.04800076804 1.0201772432835495e-08
63000.04800076804 3.3405876769115036e-09
63050.04800076804 1.517565799104714e-08
63100.04800076804 1.341448964467286e-08
63150.04800076804 9.432371062006147e-09
63200.04800076804 5.8705818050299116e-09
63250.04800076804 6.745747135318339e-09
63300.04800076804 2.0514206746728556e-09
63350.04800076804 2.0420174113843395e-09
