galfind/configs/Brown_Dwarf_templates/sonora_cholla/logkzz7/562g/500K_562g_logkzz7_resample.dat
# %ECSV 1.0
# ---
# datatype:
# - {name: wav, unit: Angstrom, datatype: float64}
# - {name: flux_nu, unit: erg / (cm2 Hz s), datatype: float64}
# schema: astropy-2.0
wav flux_nu
[from data line 417]
23850.04800076804 5.191191227066852e-12
23900.04800076804 1.2881599765506508e-11
23950.04800076804 5.6783409651602686e-12
24000.04800076804 1.5007102615336145e-11
24050.04800076804 1.6761915522756035e-11
24100.04800076804 2.033438205725407e-11
24150.04800076804 3.162383668103752e-11
24200.04800076804 2.3741952969773457e-11
24250.04800076804 1.3945386225323952e-11
24300.04800076804 4.0077069535526564e-11
24350.04800076804 2.3637824025621657e-11
24400.04800076804 6.254983649827274e-11
24450.04800076804 6.261505156396077e-11
24500.04800076804 5.282683405268802e-11
24550.04800076804 1.0110385048906713e-10
24600.04800076804 1.2268633028201118e-10
24650.04800076804 1.510452546533399e-10
24700.04800076804 1.080139780391632e-10
24750.04800076804 1.4639601614087905e-10
24800.04800076804 1.1986648847565893e-10
24850.04800076804 1.7668768618910216e-10
24900.04800076804 6.814616898572771e-11
24950.04800076804 1.3514970872271262e-10
25000.04800076804 1.4986426471795766e-10
25050.04800076804 7.641686108239843e-11
25100.04800076804 1.2884720558480747e-10
25150.04800076804 5.033190212573663e-11
25200.04800076804 7.984446274598713e-11
25250.04800076804 2.669608867455637e-11
25300.04800076804 3.411281411525861e-11
25350.04800076804 1.3548452329567393e-11
25400.04800076804 4.1268106212002884e-11
25450.04800076804 1.065161110656509e-11
25500.04800076804 8.167984653883984e-12
25550.04800076804 2.2835345336061097e-11
25600.04800076804 8.23558108030892e-12
25650.04800076804 3.820496938716255e-12
25700.04800076804 3.381917750698723e-12
25750.04800076804 1.0789272363220352e-12
25800.04800076804 6.808309217989857e-12
25850.04800076804 8.235029245398072e-13
25900.04800076804 1.3826109309670075e-12
25950.04800076804 2.724916067250352e-13
26000.04800076804 4.8353091894020984e-12
26050.04800076804 3.7564109044363896e-13
26100.04800076804 2.9360407786577e-12
26150.04800076804 9.289890539891895e-13
26200.04800076804 1.3001584027763868e-12
26250.04800076804 1.3012821526177694e-11
26300.04800076804 1.5109510192550621e-12
26350.04800076804 2.7913686646431298e-11
26400.04800076804 6.071396339710578e-11
26450.04800076804 2.446910191909064e-11
26500.04800076804 7.802507404620321e-11
26550.04800076804 5.214982583736511e-12
26600.04800076804 4.267555201848047e-12
26650.04800076804 5.884212992424148e-13
26700.04800076804 2.7116258324451194e-13
26750.04800076804 7.018840422292526e-13
26800.04800076804 2.439117377471634e-12
26850.04800076804 1.5754277777102854e-12
26900.04800076804 8.57892889814238e-12
26950.04800076804 2.052566131742124e-12
27000.04800076804 1.3976244934986824e-11
27050.04800076804 2.1394455098063014e-11
27100.04800076804 1.3567251329430416e-12
27150.04800076804 2.2766701814587884e-11
27200.04800076804 1.2495510116299256e-12
27250.04800076804 5.517655449759403e-12
27300.04800076804 7.413621966570352e-11
27350.04800076804 1.7155141581754408e-11
27400.04800076804 6.975108413345785e-13
27450.04800076804 2.5403687491450746e-11
27500.04800076804 3.773854376272995e-11
27550.04800076804 3.7591784064027415e-12
27600.04800076804 1.3983254615361774e-11
27650.04800076804 3.0185216784695878e-12
27700.04800076804 3.200496746357607e-12
27750.04800076804 2.4045173473642316e-11
27800.04800076804 7.464373194750885e-12
27850.04800076804 1.2900218531720789e-11
27900.04800076804 2.094078183866662e-11
27950.04800076804 4.9560032872551024e-11
28000.04800076804 4.3279812649016455e-11
28050.04800076804 4.468383468570063e-12
28100.04800076804 6.967253553138576e-11
28150.04800076804 4.446094891305178e-11
28200.04800076804 9.437401934667932e-12
28250.04800076804 9.865818362428071e-11
28300.04800076804 1.2454416117630888e-10
28350.04800076804 1.1858482194425754e-11
28400.04800076804 6.61229244895293e-11
28450.04800076804 1.7322121168714752e-10
28500.04800076804 6.219357560767152e-11
28550.04800076804 1.5968086018490124e-11
28600.04800076804 1.2079322917665398e-10
28650.04800076804 9.691025266854179e-11
28700.04800076804 1.0573160133066686e-10
28750.04800076804 2.904918314051978e-10
28800.04800076804 1.475483466487604e-10
28850.04800076804 2.464412916333235e-10
28900.04800076804 1.2750937478403874e-10
28950.04800076804 2.7748678547173825e-10
29000.04800076804 1.7493562788472998e-10
29050.04800076804 2.1508398121141978e-10
29100.04800076804 1.3657807706837155e-10
29150.04800076804 2.7793159405628325e-10
29200.04800076804 3.523867922327778e-10
29250.04800076804 4.062116432401098e-10
29300.04800076804 2.498776384970866e-10
29350.04800076804 9.537079499453202e-10
29400.04800076804 2.1065140839091949e-10
29450.04800076804 1.623628068482765e-10
29500.04800076804 7.732296553307863e-10
29550.04800076804 2.558971140011758e-10
29600.04800076804 4.3873217774104857e-10
29650.04800076804 1.0908244791147245e-09
29700.04800076804 1.646248542951637e-10
29750.04800076804 5.122538380462248e-10
29800.04800076804 3.978219373921514e-10
29850.04800076804 1.0614910784995246e-09
29900.04800076804 7.255358442978291e-10
29950.04800076804 5.011068450562052e-10
30000.04800076804 2.7596702510841934e-11
30050.04800076804 1.2904200923286798e-10
30100.04800076804 4.1851134963740476e-10
30150.04800076804 1.0483199197007002e-09
30200.04800076804 4.761414768717652e-10
30250.04800076804 1.5095325733875022e-09
30300.04800076804 1.5274731207175047e-09
30350.04800076804 3.408194346033836e-10
30400.04800076804 1.5343835215491498e-09
30450.04800076804 1.060930076002091e-09
30500.04800076804 6.592634568520231e-10
30550.04800076804 4.631820962672236e-10
30600.04800076804 3.374144770866857e-09
30650.04800076804 1.468649366323475e-09
30700.04800076804 8.853729294192461e-10
30750.04800076804 1.6727555367631067e-09
30800.04800076804 1.1947840317662499e-09
30850.04800076804 1.5053212248001498e-09
30900.04800076804 1.058711488796176e-09
30950.04800076804 4.776421001064088e-10
31000.04800076804 9.137808824182986e-10
31050.04800076804 6.643118642130889e-10
31100.04800076804 3.585176295000342e-10
31150.04800076804 6.443373320462289e-10
31200.04800076804 1.7347043849977224e-09
31250.04800076804 5.570858246772231e-10
31300.04800076804 4.4044525325712137e-10
31350.04800076804 1.008213824227941e-09
31400.04800076804 5.168111608535841e-10
31450.04800076804 6.371685586492549e-10
31500.04800076804 2.414827648974317e-10
31550.04800076804 3.22797781296645e-10
31600.04800076804 2.779270409034953e-10
31650.04800076804 1.939062128958205e-10
31700.04800076804 2.0566802016212752e-10
31750.04800076804 6.540164050271937e-11
31800.04800076804 1.7318155509403766e-10
31850.04800076804 2.9884108335538026e-11
31900.04800076804 8.326070824654271e-11
31950.04800076804 4.2050252540260554e-11
32000.04800076804 3.262295783270601e-11
32050.04800076804 3.678281125479385e-11
32100.04800076804 2.7783247725010437e-11
32150.04800076804 3.2115569451715264e-11
32200.04800076804 1.6144285935495084e-11
32250.04800076804 3.8976907699126135e-11
32300.04800076804 1.0883440504645596e-11
32350.04800076804 4.2462014265718525e-11
32400.04800076804 7.310918922165271e-12
32450.04800076804 2.6683728696993233e-11
32500.04800076804 7.547970876178461e-12
32550.04800076804 2.7713789100323266e-11
32600.04800076804 7.54727566080813e-12
32650.04800076804 5.527332997768834e-11
32700.04800076804 1.2141531189865137e-11
32750.04800076804 1.2485544455406455e-10
32800.04800076804 6.162605084341395e-11
32850.04800076804 2.5390573585218176e-10
32900.04800076804 2.048323536570417e-10
32950.04800076804 2.2443577961871112e-10
33000.04800076804 6.597963459533755e-11
33050.04800076804 7.084677793418965e-11
33100.04800076804 1.6700272360727093e-11
33150.04800076804 6.269589467660921e-15
33200.04800076804 7.247403215446663e-13
33250.04800076804 1.2382436795118541e-12
33300.04800076804 1.4432952415156365e-11
33350.04800076804 3.8031544331471295e-11
33400.04800076804 1.1796246464901558e-10
33450.04800076804 4.259524719271181e-11
33500.04800076804 1.9386078218344916e-10
33550.04800076804 4.313947151186333e-11
33600.04800076804 7.937493520926963e-11
33650.04800076804 8.832293471225516e-11
33700.04800076804 2.983450050746667e-11
33750.04800076804 1.115179972224518e-10
33800.04800076804 1.2623780194972233e-11
33850.04800076804 5.820675816536174e-11
33900.04800076804 6.403062612628308e-11
33950.04800076804 5.60304805948898e-11
34000.04800076804 1.3482200166133423e-10
34050.04800076804 1.8553072873526892e-11
34100.04800076804 1.0559493300456568e-10
34150.04800076804 3.900898503782507e-11
34200.04800076804 1.1739434486291491e-10
34250.04800076804 6.63390186150048e-11
34300.04800076804 6.921382605223754e-11
34350.04800076804 2.3857252611893007e-10
34400.04800076804 4.6285538005409676e-11
34450.04800076804 1.9137985362966596e-10
34500.04800076804 9.019272645611146e-11
34550.04800076804 1.0211956820726965e-10
34600.04800076804 4.573889668914174e-10
34650.04800076804 4.3123004879102595e-11
34700.04800076804 2.364799079357308e-10
34750.04800076804 1.4602029159233225e-10
34800.04800076804 1.215356875698608e-10
34850.04800076804 4.513839840886533e-10
34900.04800076804 8.11004476389328e-11
34950.04800076804 3.5213199126916914e-10
35000.04800076804 6.319073077886877e-10
35050.04800076804 3.6649451540976645e-10
35100.04800076804 8.92048070451456e-10
35150.04800076804 8.012511068882768e-10
35200.04800076804 5.861156164294625e-10
35250.04800076804 9.41491978544454e-10
35300.04800076804 3.0373172721070386e-10
35350.04800076804 4.510470461747093e-10
35400.04800076804 3.028427057213074e-10
35450.04800076804 2.5131088962020733e-10
35500.04800076804 1.1564142469587405e-09
35550.04800076804 6.194687893172585e-10
35600.04800076804 9.259862234413321e-10
35650.04800076804 1.1039810530020009e-09
35700.04800076804 1.0110821570520121e-09
35750.04800076804 1.6256325392744102e-09
35800.04800076804 8.003505096682164e-10
35850.04800076804 3.51914363655781e-10
35900.04800076804 7.039244339932064e-10
35950.04800076804 1.0290392244676319e-09
36000.04800076804 7.207071331585877e-10
36050.04800076804 7.264332009796818e-10
36100.04800076804 6.776776516265867e-10
36150.04800076804 2.254612625188667e-09
36200.04800076804 1.999979833105417e-09
36250.04800076804 1.2934607018236882e-09
36300.04800076804 3.187957956939447e-09
36350.04800076804 1.745237710908089e-09
36400.04800076804 3.2746873091072978e-09
36450.04800076804 2.0255445163720432e-09
36500.04800076804 2.211195361702656e-09
36550.04800076804 4.937454550814056e-09
36600.04800076804 5.200352834340659e-09
36650.04800076804 3.1136144614243115e-09
36700.04800076804 3.5928238871968034e-09
36750.04800076804 5.035240608349848e-09
36800.04800076804 5.619207491918982e-09
36850.04800076804 2.3977063773739526e-09
36900.04800076804 3.6863984788492675e-09
36950.04800076804 5.645357949658589e-09
37000.04800076804 3.6272761221355103e-09
37050.04800076804 6.370707696207981e-09
37100.04800076804 2.8200088567737007e-09
37150.04800076804 4.27601712756689e-09
37200.04800076804 7.241550901165483e-09
37250.04800076804 4.24224381429498e-09
37300.04800076804 2.9344049894649992e-09
37350.04800076804 5.332409230825007e-09
37400.04800076804 8.473727877533513e-09
37450.04800076804 2.8086289974906878e-09
37500.04800076804 4.438911364653069e-09
37550.04800076804 1.090743101074007e-08
37600.04800076804 1.6311663805563543e-08
37650.04800076804 4.688550749415908e-09
37700.04800076804 8.634759705028663e-09
37750.04800076804 5.77790123238138e-09
37800.04800076804 5.889189892512995e-09
37850.04800076804 3.2115057737906976e-09
37900.04800076804 4.0293442363009045e-09
37950.04800076804 7.262649632125949e-09
38000.04800076804 7.536829462804145e-09
38050.04800076804 1.1279646512276592e-08
38100.04800076804 1.4558761058365705e-08
38150.04800076804 1.5514112804821257e-08
38200.04800076804 1.1876927271508511e-08
38250.04800076804 1.4950871303698526e-08
38300.04800076804 2.7394035717479948e-08
38350.04800076804 1.973592556265902e-08
38400.04800076804 7.895716235921209e-09
38450.04800076804 3.644964427461051e-09
38500.04800076804 2.5807340949020773e-09
38550.04800076804 8.73926765928373e-09
38600.04800076804 1.108145518141534e-08
38650.04800076804 1.3043602177054807e-08
38700.04800076804 1.1711997289898687e-08
38750.04800076804 1.367735457970563e-08
38800.04800076804 1.0446893698598812e-08
38850.04800076804 1.5080569539319863e-08
38900.04800076804 1.6135195894015388e-08
38950.04800076804 9.571105753227012e-09
39000.04800076804 1.9114186967669528e-08
39050.04800076804 9.173385847642018e-09
39100.04800076804 1.5383491279583702e-08
39150.04800076804 1.9137118634053007e-08
39200.04800076804 1.3732713156261529e-08
39250.04800076804 2.0507100834900195e-08
39300.04800076804 1.5169927573957214e-08
39350.04800076804 3.154435030459045e-08
39400.04800076804 1.8339582929448343e-08
39450.04800076804 2.3397812371506174e-08
39500.04800076804 2.7836692016491203e-08
39550.04800076804 1.3944176331776205e-08
39600.04800076804 2.2932662122824187e-08
39650.04800076804 3.6877396013031655e-08
39700.04800076804 2.8569771710011402e-08
39750.04800076804 1.121905318429333e-08
39800.04800076804 1.3680875905694593e-08
39850.04800076804 3.6698061455443036e-08
39900.04800076804 4.0876080657781435e-08
39950.04800076804 1.973531848399877e-08
40000.04800076804 3.649510935939645e-08
40050.04800076804 3.4431860995939045e-08
40100.04800076804 1.0401226056304733e-08
40150.04800076804 3.205066436151625e-08
40200.04800076804 3.8276993009083476e-08
40250.04800076804 4.322474149655396e-08
40300.04800076804 4.019902263848103e-08
40350.04800076804 1.9094122041304137e-08
40400.04800076804 3.4967953037028774e-08
40450.04800076804 1.8432927543628016e-08
40500.04800076804 4.380593256694217e-08
40550.04800076804 3.7927274058572316e-08
40600.04800076804 3.870017551215996e-08
40650.04800076804 2.7746856845018475e-08
40700.04800076804 6.167514268692303e-08
40750.04800076804 4.0628801932842426e-08
40800.04800076804 2.0310506589841544e-08
40850.04800076804 6.119258095318102e-08
40900.04800076804 5.7592733026494836e-08
40950.04800076804 3.4354717777120024e-08
41000.04800076804 4.25501942229207e-08
41050.04800076804 6.778730383957598e-08
41100.04800076804 4.8317324437606634e-08
41150.04800076804 1.7267716220611916e-08
41200.04800076804 6.311852654286552e-08
41250.04800076804 5.07482979517633e-08
41300.04800076804 5.606940876427913e-08
41350.04800076804 7.398794109204557e-08
41400.04800076804 5.6921764520938606e-08
41450.04800076804 6.660183281976713e-08
41500.04800076804 3.8908646927064856e-08
41550.04800076804 3.433571142976999e-08
41600.04800076804 4.6758690421804464e-08
41650.04800076804 6.710099946136648e-08
41700.04800076804 7.30480178991015e-08
41750.04800076804 5.9407471633938005e-08
41800.04800076804 7.671290985052322e-08
41850.04800076804 4.94088077829729e-08
41900.04800076804 4.098339418310313e-08
41950.04800076804 5.2965151625384155e-08
42000.04800076804 5.177765089767924e-08
42050.04800076804 4.653170010281519e-08
42100.04800076804 6.461036599633262e-08
42150.04800076804 5.316019044596836e-08
42200.04800076804 5.727113340496936e-08
42250.04800076804 4.2664702590920726e-08
42300.04800076804 3.6076456326201485e-08
42350.04800076804 6.130792774822791e-08
42400.04800076804 7.20729317453399e-08
42450.04800076804 6.84889984593966e-08
42500.04800076804 6.738994254706729e-08
42550.04800076804 6.074254975850247e-08
42600.04800076804 5.486671804068884e-08
42650.04800076804 8.590377925263032e-08
42700.04800076804 3.745121441917003e-08
42750.04800076804 5.244805737083215e-08
42800.04800076804 7.033290179240354e-08
42850.04800076804 7.766581798402298e-08
42900.04800076804 8.097145391935822e-08
42950.04800076804 5.870202601246306e-08
43000.04800076804 7.307757375593671e-08
43050.04800076804 3.2190166174036054e-08
43100.04800076804 5.8252567054987635e-08
43150.04800076804 5.4185257569993515e-08
43200.04800076804 6.929035053658155e-08
43250.04800076804 1.0343612300467832e-07
43300.04800076804 8.767405414322287e-08
43350.04800076804 4.6616282040030806e-08
43400.04800076804 6.644869655148557e-08
43450.04800076804 4.813432526804302e-08
43500.04800076804 5.2574600640611915e-08
43550.04800076804 4.810012927868767e-08
