galfind/configs/Brown_Dwarf_templates/sonora_cholla/logkzz7/562g/550K_562g_logkzz7_resample.dat
# %ECSV 1.0
# ---
# datatype:
# - {name: wav, unit: Angstrom, datatype: float64}
# - {name: flux_nu, unit: erg / (cm2 Hz s), datatype: float64}
# schema: astropy-2.0
wav flux_nu
[from data line 418]
23900.04800076804 4.597378544354207e-11
23950.04800076804 2.4184931483206412e-11
24000.04800076804 5.5343898012002534e-11
24050.04800076804 6.173124044282709e-11
24100.04800076804 6.807102824963776e-11
24150.04800076804 1.033169244203478e-10
24200.04800076804 8.133357705043048e-11
24250.04800076804 4.99068681505468e-11
24300.04800076804 1.2859496686442639e-10
24350.04800076804 7.694514133100325e-11
24400.04800076804 1.9296958182423292e-10
24450.04800076804 1.882503974853357e-10
24500.04800076804 1.6439791379057438e-10
24550.04800076804 2.9211261312581775e-10
24600.04800076804 3.471042872228172e-10
24650.04800076804 4.17961517928923e-10
24700.04800076804 2.942033733687258e-10
24750.04800076804 3.8193280359650485e-10
24800.04800076804 3.1809306996521355e-10
24850.04800076804 4.87669917730556e-10
24900.04800076804 1.8113501794613561e-10
24950.04800076804 3.725966282042605e-10
25000.04800076804 3.8686031154458317e-10
25050.04800076804 2.0155719503066244e-10
25100.04800076804 3.3882324005006866e-10
25150.04800076804 1.3820088870417704e-10
25200.04800076804 2.1246679227659162e-10
25250.04800076804 7.458135232943464e-11
25300.04800076804 1.024949540232407e-10
25350.04800076804 4.0868907716143525e-11
25400.04800076804 1.2277191920190366e-10
25450.04800076804 3.617528766018051e-11
25500.04800076804 2.8055829777383365e-11
25550.04800076804 7.068032399103393e-11
25600.04800076804 2.8119550594813753e-11
25650.04800076804 1.4143872786019852e-11
25700.04800076804 1.5418368964375007e-11
25750.04800076804 5.0879393824857695e-12
25800.04800076804 2.911393992711465e-11
25850.04800076804 4.152124410729413e-12
25900.04800076804 7.003918785523216e-12
25950.04800076804 1.6569729482958587e-12
26000.04800076804 2.2808545228520722e-11
26050.04800076804 2.332822782891762e-12
26100.04800076804 1.5731566680452468e-11
26150.04800076804 5.680973060503976e-12
26200.04800076804 7.536581953539876e-12
26250.04800076804 6.199698973517504e-11
26300.04800076804 9.590175222876443e-12
26350.04800076804 1.0978037327526446e-10
26400.04800076804 2.0456452202166621e-10
26450.04800076804 9.705925189678317e-11
26500.04800076804 2.604068181840801e-10
26550.04800076804 2.437246699059376e-11
26600.04800076804 2.163792489642581e-11
26650.04800076804 3.531099801620888e-12
26700.04800076804 1.7024256002007625e-12
26750.04800076804 3.5733461885868836e-12
26800.04800076804 1.0261629476700442e-11
26850.04800076804 6.7473957446761e-12
26900.04800076804 3.342843138915703e-11
26950.04800076804 9.33603093726074e-12
27000.04800076804 5.59796037014848e-11
27050.04800076804 7.492733072299814e-11
27100.04800076804 7.554696095684837e-12
27150.04800076804 9.19875773498062e-11
27200.04800076804 6.884343386981484e-12
27250.04800076804 2.547327042057522e-11
27300.04800076804 2.585478521685021e-10
27350.04800076804 6.95786877851302e-11
27400.04800076804 3.4629515484821716e-12
27450.04800076804 9.825378464418622e-11
27500.04800076804 1.436898989808474e-10
27550.04800076804 1.6263150582115922e-11
27600.04800076804 5.3715314933864376e-11
27650.04800076804 1.3154290989238736e-11
27700.04800076804 1.279721087164721e-11
27750.04800076804 8.488200825643167e-11
27800.04800076804 2.7756164108218972e-11
27850.04800076804 4.350974762400694e-11
27900.04800076804 6.622602132926042e-11
27950.04800076804 1.6208794768285832e-10
28000.04800076804 1.2756850294724193e-10
28050.04800076804 1.7016978834496812e-11
28100.04800076804 2.0993746743900155e-10
28150.04800076804 1.291787008333446e-10
28200.04800076804 3.172382275181384e-11
28250.04800076804 2.826649148885e-10
28300.04800076804 3.710131878757466e-10
28350.04800076804 4.0147265041963644e-11
28400.04800076804 1.9658074582656226e-10
28450.04800076804 4.74580739908566e-10
28500.04800076804 1.8795864235830328e-10
28550.04800076804 4.8171671045425905e-11
28600.04800076804 3.545327121384158e-10
28650.04800076804 3.079675475125685e-10
28700.04800076804 2.9421458431603895e-10
28750.04800076804 7.525644518787007e-10
28800.04800076804 4.692564413700054e-10
28850.04800076804 6.425397422668181e-10
28900.04800076804 3.1896976060180094e-10
28950.04800076804 8.196583638370122e-10
29000.04800076804 5.43061454973306e-10
29050.04800076804 6.11077896105894e-10
29100.04800076804 4.497208875343497e-10
29150.04800076804 9.206954233043014e-10
29200.04800076804 8.542604929674067e-10
29250.04800076804 1.1170873818511442e-09
29300.04800076804 6.266575730509019e-10
29350.04800076804 2.7341531387785963e-09
29400.04800076804 5.788600930833034e-10
29450.04800076804 5.797605574345863e-10
29500.04800076804 1.9562728875423957e-09
29550.04800076804 7.821633787521645e-10
29600.04800076804 1.3347252365097169e-09
29650.04800076804 2.560024772567871e-09
29700.04800076804 5.177230416404596e-10
29750.04800076804 1.3848436685744514e-09
29800.04800076804 1.190891159589859e-09
29850.04800076804 2.746016186572082e-09
29900.04800076804 2.2151301590037717e-09
29950.04800076804 1.463269987811347e-09
30000.04800076804 1.2746785153832044e-10
30050.04800076804 4.4248394757996367e-10
30100.04800076804 1.2170696103251733e-09
30150.04800076804 2.585697358683792e-09
30200.04800076804 1.2878945277509727e-09
30250.04800076804 4.0235930151390524e-09
30300.04800076804 3.771142154914008e-09
30350.04800076804 1.1568733457835297e-09
30400.04800076804 3.8781450117981e-09
30450.04800076804 2.5577942995780207e-09
30500.04800076804 1.890738184779304e-09
30550.04800076804 1.3275283821012047e-09
30600.04800076804 6.555207728937592e-09
30650.04800076804 3.2554456674163534e-09
30700.04800076804 2.2036537429239346e-09
30750.04800076804 3.5976103939810518e-09
30800.04800076804 2.449874486817526e-09
30850.04800076804 3.1575038084373732e-09
30900.04800076804 2.385166152310885e-09
30950.04800076804 1.118030183572759e-09
31000.04800076804 2.029666578900944e-09
31050.04800076804 1.6526274874465639e-09
31100.04800076804 9.378963112078158e-10
31150.04800076804 1.5375750073506438e-09
31200.04800076804 3.366992864321391e-09
31250.04800076804 1.1952939323555674e-09
31300.04800076804 1.0183686737954491e-09
31350.04800076804 1.852245816932663e-09
31400.04800076804 1.0064990085829618e-09
31450.04800076804 1.298042353902809e-09
31500.04800076804 5.237184388213439e-10
31550.04800076804 6.768159839590173e-10
31600.04800076804 5.464091119265463e-10
31650.04800076804 4.0603719474266757e-10
31700.04800076804 4.749122312015208e-10
31750.04800076804 1.5483760872958743e-10
31800.04800076804 4.16676295824074e-10
31850.04800076804 8.623802294440799e-11
31900.04800076804 2.197550162898639e-10
31950.04800076804 1.1529666619193556e-10
32000.04800076804 1.0084667482855926e-10
32050.04800076804 1.068239226648778e-10
32100.04800076804 8.00601333897158e-11
32150.04800076804 1.0147127399724762e-10
32200.04800076804 5.260005597853012e-11
32250.04800076804 1.3049177538735858e-10
32300.04800076804 3.786135621166266e-11
32350.04800076804 1.4251445217610375e-10
32400.04800076804 3.00390083106888e-11
32450.04800076804 9.475985942171707e-11
32500.04800076804 3.42304719742076e-11
32550.04800076804 9.609203551905278e-11
32600.04800076804 3.650133458118912e-11
32650.04800076804 1.8152607400388376e-10
32700.04800076804 5.560752863650269e-11
32750.04800076804 3.7293049614992695e-10
32800.04800076804 2.1322793639644654e-10
32850.04800076804 6.733581848872151e-10
32900.04800076804 5.637389070780555e-10
32950.04800076804 6.269768116139776e-10
33000.04800076804 2.195321311399334e-10
33050.04800076804 2.4896409547867275e-10
33100.04800076804 6.555684712725932e-11
33150.04800076804 5.728570233863785e-14
33200.04800076804 2.641671791190157e-12
33250.04800076804 4.2557582819188705e-12
33300.04800076804 3.286803427776516e-11
33350.04800076804 9.595855832472529e-11
33400.04800076804 2.688793487671882e-10
33450.04800076804 1.3281912773934745e-10
33500.04800076804 5.156782117386168e-10
33550.04800076804 1.4334055013230158e-10
33600.04800076804 2.420723577198755e-10
33650.04800076804 2.5547728919434573e-10
33700.04800076804 1.0697938498124585e-10
33750.04800076804 3.346813254620598e-10
33800.04800076804 4.7085224374926474e-11
33850.04800076804 1.7681718031853238e-10
33900.04800076804 1.9864317041601974e-10
33950.04800076804 1.6819978511068224e-10
34000.04800076804 3.7413464454581983e-10
34050.04800076804 5.6977821489195444e-11
34100.04800076804 2.8930144461150294e-10
34150.04800076804 1.1643997513962998e-10
34200.04800076804 2.988095554733797e-10
34250.04800076804 1.957136609916622e-10
34300.04800076804 1.8571508763191253e-10
34350.04800076804 5.42099965660648e-10
34400.04800076804 1.3166782117965207e-10
34450.04800076804 4.735513877792261e-10
34500.04800076804 2.345701315206955e-10
34550.04800076804 2.1566567865384092e-10
34600.04800076804 9.120057965917676e-10
34650.04800076804 1.203842169593578e-10
34700.04800076804 4.778435147478224e-10
34750.04800076804 3.409274357438687e-10
34800.04800076804 2.754558415529828e-10
34850.04800076804 9.309072031851264e-10
34900.04800076804 2.3273000303016104e-10
34950.04800076804 6.933106013101575e-10
35000.04800076804 1.3207612152420622e-09
35050.04800076804 6.843905321600461e-10
35100.04800076804 1.7089356907525442e-09
35150.04800076804 1.4986238023069932e-09
35200.04800076804 1.1568501870807148e-09
35250.04800076804 1.777667730177469e-09
35300.04800076804 6.687169551097944e-10
35350.04800076804 1.1034397917169196e-09
35400.04800076804 7.693526663290513e-10
35450.04800076804 6.272786677976311e-10
35500.04800076804 2.5974524528150953e-09
35550.04800076804 1.356177934656402e-09
35600.04800076804 1.870946582061261e-09
35650.04800076804 2.117081555399144e-09
35700.04800076804 1.8214092385282806e-09
35750.04800076804 3.376069031801803e-09
35800.04800076804 1.853985936295601e-09
35850.04800076804 8.550174438220001e-10
35900.04800076804 1.6522221523538578e-09
35950.04800076804 2.1651304875015856e-09
36000.04800076804 1.4148919785659203e-09
36050.04800076804 1.5980835551699944e-09
36100.04800076804 1.4394035738080918e-09
36150.04800076804 4.0510833615520325e-09
36200.04800076804 3.6811703866312733e-09
36250.04800076804 2.6813326161997246e-09
36300.04800076804 5.67852650607945e-09
36350.04800076804 3.3286281283500816e-09
36400.04800076804 6.087574788988344e-09
36450.04800076804 4.014582649293736e-09
36500.04800076804 4.393728326265844e-09
36550.04800076804 8.81725086714388e-09
36600.04800076804 9.333447858501347e-09
36650.04800076804 6.28246594230426e-09
36700.04800076804 6.766248327256238e-09
36750.04800076804 8.995772869900412e-09
36800.04800076804 9.792216847326388e-09
36850.04800076804 4.7324363012895025e-09
36900.04800076804 7.247542229362637e-09
36950.04800076804 9.74438638739206e-09
37000.04800076804 6.699647074184497e-09
37050.04800076804 1.1049967042326057e-08
37100.04800076804 6.0400486797127474e-09
37150.04800076804 8.17828572196021e-09
37200.04800076804 1.2185222584606153e-08
37250.04800076804 7.624742432764501e-09
37300.04800076804 5.959846982222027e-09
37350.04800076804 1.0040873003185002e-08
37400.04800076804 1.542531599646233e-08
37450.04800076804 5.672247287547401e-09
37500.04800076804 8.526796426301679e-09
37550.04800076804 1.8544598168338917e-08
37600.04800076804 2.611150226718e-08
37650.04800076804 9.114970665896521e-09
37700.04800076804 1.5637487133293273e-08
37750.04800076804 1.035502487092024e-08
37800.04800076804 1.0992163273937436e-08
37850.04800076804 6.223426306214779e-09
37900.04800076804 8.028192269243882e-09
37950.04800076804 1.365016423413375e-08
38000.04800076804 1.4544368922527982e-08
38050.04800076804 1.9116298393444054e-08
38100.04800076804 2.4294264705479068e-08
38150.04800076804 2.4766941639050972e-08
38200.04800076804 2.0984669256668568e-08
38250.04800076804 2.4038072422609678e-08
38300.04800076804 4.2164570096490456e-08
38350.04800076804 3.2717944521246167e-08
38400.04800076804 1.4680420208692364e-08
38450.04800076804 8.190302946000134e-09
38500.04800076804 5.382346600956546e-09
38550.04800076804 1.557590779258861e-08
38600.04800076804 1.8766789926509348e-08
38650.04800076804 2.3219691244545833e-08
38700.04800076804 2.1704787086775908e-08
38750.04800076804 2.4240377019840097e-08
38800.04800076804 1.8299534549251896e-08
38850.04800076804 2.661328630225565e-08
38900.04800076804 2.8316232973242916e-08
38950.04800076804 1.740846060976251e-08
39000.04800076804 3.239642805937206e-08
39050.04800076804 1.8002268048218946e-08
39100.04800076804 2.7373878121751922e-08
39150.04800076804 3.1420556850230336e-08
39200.04800076804 2.3505374390140604e-08
39250.04800076804 3.438466398915257e-08
39300.04800076804 2.6966361187895652e-08
39350.04800076804 5.0133940960447494e-08
39400.04800076804 3.1832463346932746e-08
39450.04800076804 3.824753715022605e-08
39500.04800076804 4.46376415818083e-08
39550.04800076804 2.6257542721795575e-08
39600.04800076804 3.8518468473878463e-08
39650.04800076804 5.840321099431131e-08
39700.04800076804 4.499854479743709e-08
39750.04800076804 2.0233892462772096e-08
39800.04800076804 2.595940709508581e-08
39850.04800076804 5.8246949414630144e-08
39900.04800076804 6.284158888453549e-08
39950.04800076804 3.512720818179117e-08
40000.04800076804 6.007775072424821e-08
40050.04800076804 5.5413839008567593e-08
40100.04800076804 1.9859060628765883e-08
40150.04800076804 5.3733884554737566e-08
40200.04800076804 6.092425082000494e-08
40250.04800076804 6.76635703985727e-08
40300.04800076804 6.39490984294924e-08
40350.04800076804 3.373364741486193e-08
40400.04800076804 5.92665961365917e-08
40450.04800076804 3.4084497534454356e-08
40500.04800076804 6.9890410493693e-08
40550.04800076804 6.170466704621406e-08
40600.04800076804 6.156693416938607e-08
40650.04800076804 4.7121574177390126e-08
40700.04800076804 9.694507802473491e-08
40750.04800076804 6.5541830295629e-08
40800.04800076804 3.597433143116702e-08
40850.04800076804 9.478845273693781e-08
40900.04800076804 8.846841255393871e-08
40950.04800076804 5.5147460775021765e-08
41000.04800076804 6.923133540074778e-08
41050.04800076804 1.0211028003380203e-07
41100.04800076804 7.348167854390644e-08
41150.04800076804 3.102784274200397e-08
41200.04800076804 9.707392204729059e-08
41250.04800076804 7.835563508382143e-08
41300.04800076804 8.25954152889493e-08
41350.04800076804 1.0929482282524159e-07
41400.04800076804 8.649127217925558e-08
41450.04800076804 9.889266966395411e-08
41500.04800076804 6.21047667682924e-08
41550.04800076804 5.478090987381178e-08
41600.04800076804 7.460905437954943e-08
41650.04800076804 9.927702800772786e-08
41700.04800076804 1.0142635152284011e-07
41750.04800076804 8.617501121039236e-08
41800.04800076804 1.1353501485740732e-07
41850.04800076804 7.161117379147408e-08
41900.04800076804 6.30886348242394e-08
41950.04800076804 8.230032405847812e-08
42000.04800076804 8.7599096069169e-08
42050.04800076804 7.489160633046672e-08
42100.04800076804 1.0283877374197228e-07
42150.04800076804 7.898149480060696e-08
42200.04800076804 8.37595404835633e-08
42250.04800076804 6.578450077421298e-08
42300.04800076804 5.7603593717291055e-08
42350.04800076804 8.92618576370563e-08
42400.04800076804 1.023223570789303e-07
42450.04800076804 9.394120619522216e-08
42500.04800076804 9.137810338245452e-08
42550.04800076804 8.325184862537378e-08
42600.04800076804 7.981859582299506e-08
42650.04800076804 1.2227114384117544e-07
42700.04800076804 5.665176078506735e-08
42750.04800076804 7.319485069933166e-08
42800.04800076804 9.300037852308961e-08
42850.04800076804 1.0499427703257642e-07
42900.04800076804 1.1179992813498513e-07
42950.04800076804 8.039800749692629e-08
43000.04800076804 1.0151081321664004e-07
43050.04800076804 4.481566969576079e-08
43100.04800076804 8.018159815183347e-08
43150.04800076804 7.525795894115752e-08
43200.04800076804 9.425071977500141e-08
43250.04800076804 1.3970188107615483e-07
43300.04800076804 1.2136292731820301e-07
43350.04800076804 6.389204687838824e-08
43400.04800076804 9.069595909945599e-08
43450.04800076804 6.541194987739588e-08
43500.04800076804 7.447944530284918e-08
43550.04800076804 6.829150039811587e-08
43600.04800076804 1.0762249921011888e-07
43650.04800076804 5.511565639355414e-08
