galfind/configs/Brown_Dwarf_templates/sonora_cholla/logkzz7/562g/550K_562g_logkzz7_resample.dat
# %ECSV 1.0
# ---
# datatype:
# - {name: wav, unit: Angstrom, datatype: float64}
# - {name: flux_nu, unit: erg / (cm2 Hz s), datatype: float64}
# schema: astropy-2.0
wav flux_nu
[from data line 1211]
63550.04800076804 8.119593696665493e-09
63600.04800076804 6.287631205959436e-09
63650.04800076804 4.414492536502576e-09
63700.04800076804 7.819519576045437e-10
63750.04800076804 2.8951443770388308e-09
63800.04800076804 8.470716865266214e-09
63850.04800076804 6.276155629470787e-09
63900.04800076804 1.2925510514241707e-09
63950.04800076804 3.988506207534259e-09
64000.04800076804 5.925669109240461e-09
64050.04800076804 1.7292479165172812e-09
64100.04800076804 2.85950037195194e-10
64150.04800076804 4.4403024781966403e-10
64200.04800076804 5.871899638542058e-10
64250.04800076804 2.8886222461667592e-09
64300.04800076804 2.51690718030135e-09
64350.04800076804 1.546036898151529e-09
64400.04800076804 4.9805821080533155e-09
64450.04800076804 5.757708428804298e-09
64500.04800076804 2.2312685702198865e-09
64550.04800076804 5.170181343842247e-09
64600.04800076804 3.575676807619298e-09
64650.04800076804 4.831967347375985e-09
64700.04800076804 1.237609781638498e-09
64750.04800076804 2.1718438406322145e-09
64800.04800076804 8.903787199134522e-10
64850.04800076804 5.806685415104169e-10
64900.04800076804 5.094801685682499e-10
64950.04800076804 3.590282461608122e-10
65000.04800076804 9.306454967247229e-10
65050.04800076804 2.651357897756016e-09
65100.04800076804 3.826668218875175e-09
65150.04800076804 1.6953855225322515e-09
65200.04800076804 4.2215236109138913e-10
65250.04800076804 1.9570981782051198e-09
65300.04800076804 3.1723634899212673e-09
65350.04800076804 7.880546743246674e-09
65400.04800076804 2.778047466072372e-09
65450.04800076804 2.747942515785983e-09
65500.04800076804 3.306531619399397e-09
65550.04800076805 1.0806362049727933e-09
65600.04800076805 3.045381524953332e-09
65650.04800076805 1.5155635806218009e-09
65700.04800076805 1.3706269195178043e-09
65750.04800076805 9.311510308657048e-10
65800.04800076805 2.782776826754061e-09
65850.04800076805 4.3139461785490494e-09
65900.04800076805 7.026009613987713e-10
65950.04800076805 1.908155601170822e-09
66000.04800076805 2.4369244430336115e-09
66050.04800076805 5.8199628276538124e-09
66100.04800076805 3.112747280427482e-09
66150.04800076805 3.1616168764515443e-09
66200.04800076805 3.0152834312452e-09
66250.04800076805 1.3380723860034552e-09
66300.04800076805 4.464001244659284e-10
66350.04800076805 2.523229528957195e-10
66400.04800076805 6.177685206047326e-10
66450.04800076805 2.939292323474995e-09
66500.04800076805 5.2426365207004894e-09
66550.04800076805 5.5173903813463495e-09
66600.04800076805 4.371104207737878e-09
66650.04800076805 2.676961677462405e-09
66700.04800076805 1.5199451790383011e-09
66750.04800076805 2.064188412083182e-09
66800.04800076805 2.177679706732722e-09
66850.04800076805 1.369004813666876e-09
66900.04800076805 6.488581626337177e-09
66950.04800076805 5.5682197255321765e-09
67000.04800076805 7.543113607086602e-09
67050.04800076805 3.7430943548734035e-09
67100.04800076805 1.6908782370449703e-09
67150.04800076805 2.846900707295098e-09
67200.04800076805 4.270656139241805e-09
67250.04800076805 3.7091253239128057e-09
67300.04800076805 7.743817789254301e-09
67350.04800076805 2.9498406161730763e-09
67400.04800076805 7.862487848178997e-09
67450.04800076805 4.5459231270863684e-09
67500.04800076805 4.171636967761087e-09
67550.04800076805 1.1275782708061355e-08
67600.04800076805 1.729510929725989e-08
67650.04800076805 1.1869001090851611e-08
67700.04800076805 5.949486261495119e-09
67750.04800076805 2.9658196499951985e-09
67800.04800076805 4.709817055455017e-09
67850.04800076805 1.749053591018749e-09
67900.04800076805 2.137423941786361e-09
67950.04800076805 1.7995894063604517e-09
68000.04800076805 5.415225007814451e-09
68050.04800076805 5.879605100160989e-09
68100.04800076805 1.0852060867061011e-08
68150.04800076805 9.364570787674597e-09
68200.04800076805 5.955379734458322e-09
68250.04800076805 9.825085561691082e-10
68300.04800076805 6.400738277730057e-09
68350.04800076805 9.808389377412871e-09
68400.04800076805 1.3075452511267867e-08
68450.04800076805 1.0583003630937371e-08
68500.04800076805 5.231608142005417e-09
68550.04800076805 1.6442551965250961e-09
68600.04800076805 1.6398333306553653e-09
68650.04800076805 7.219884839357902e-10
68700.04800076805 2.644830083951759e-09
68750.04800076805 5.629876309776713e-09
68800.04800076805 6.420775734779289e-09
68850.04800076805 2.7702099928458357e-09
68900.04800076805 1.1569826356973633e-08
68950.04800076805 1.2387167744723987e-08
69000.04800076805 7.1658112223222915e-09
69050.04800076805 2.9363016147373533e-09
69100.04800076805 9.213120614960994e-09
69150.04800076805 1.521075219025611e-08
69200.04800076805 1.2757703960140149e-08
69250.04800076805 1.5930448123268587e-08
69300.04800076805 9.225478413067634e-09
69350.04800076805 1.8851850810482715e-08
69400.04800076805 6.513071857582062e-09
69450.04800076805 1.5510138253120846e-08
69500.04800076805 7.2411831733195795e-09
69550.04800076805 4.488422356600007e-09
69600.04800076805 9.095848002526394e-10
69650.04800076805 4.863976051211889e-09
69700.04800076805 1.0046535502850185e-08
69750.04800076805 5.871825289172248e-09
69800.04800076805 1.1324148327848056e-08
69850.04800076805 1.1458599674522357e-08
69900.04800076805 6.656528448583682e-09
69950.04800076805 6.2416346369056986e-09
70000.04800076805 7.732939080924301e-09
70050.04800076805 1.58592334299402e-08
70100.04800076805 1.2107642514254302e-08
70150.04800076805 8.762768748674477e-09
70200.04800076805 5.183467956716763e-09
70250.04800076805 6.61121593845579e-09
70300.04800076805 1.4274758973287272e-08
70350.04800076805 1.1160515357568127e-08
70400.04800076805 4.726228576595668e-09
70450.04800076805 4.48639984412788e-10
70500.04800076805 4.0926551654643086e-09
70550.04800076805 3.928970815187623e-09
70600.04800076805 4.608756768720628e-09
70650.04800076805 1.2083208397205893e-08
70700.04800076805 1.4361449260330578e-08
70750.04800076805 2.2106437057450714e-08
70800.04800076805 8.585247121173827e-09
70850.04800076805 9.508506408381114e-09
70900.04800076805 1.221436789157297e-08
70950.04800076805 1.690913869525612e-08
71000.04800076805 1.593137592613833e-08
71050.04800076805 1.6054153880440044e-08
71100.04800076805 1.2044301293285279e-08
71150.04800076805 6.136163833037276e-09
71200.04800076805 6.213047387658084e-09
71250.04800076805 1.2699991779171488e-08
71300.04800076805 1.7471018619352444e-08
71350.04800076805 1.71393460592553e-08
71400.04800076805 1.162862359766413e-08
71450.04800076805 3.602155541869006e-09
71500.04800076805 5.177909289023466e-09
71550.04800076805 6.633157703637297e-09
71600.04800076805 7.997550152358378e-09
71650.04800076805 4.149945727602766e-09
71700.04800076805 2.768656527470624e-09
71750.04800076805 8.17340248746155e-09
71800.04800076805 1.3201714001006314e-08
71850.04800076805 1.2919917425429538e-08
71900.04800076805 6.100673476957854e-09
71950.04800076805 1.024119325601241e-08
72000.04800076805 8.817583879605061e-09
72050.04800076805 3.35142689152194e-09
72100.04800076805 4.655047519154672e-09
72150.04800076805 6.504249217032477e-09
72200.04800076805 9.847127675123327e-09
72250.04800076805 1.6610400436412798e-08
72300.04800076805 8.406599652192554e-09
72350.04800076805 1.056447429759837e-08
72400.04800076805 9.717149659409733e-09
72450.04800076805 7.295973927066571e-09
72500.04800076805 1.0447903662387746e-08
72550.04800076805 3.128920803866152e-09
72600.04800076805 6.42204610165474e-09
72650.04800076805 1.2448268880341905e-08
72700.04800076805 5.731689947931309e-09
72750.04800076805 6.193828470611184e-09
72800.04800076805 3.3056190868437636e-09
72850.04800076805 5.578144129080957e-09
72900.04800076805 1.3328327249737054e-08
72950.04800076805 6.7694252537701205e-09
73000.04800076805 7.3665609612379225e-09
73050.04800076805 2.969716898710379e-09
73100.04800076805 4.726849367843954e-09
73150.04800076805 1.2314070538290503e-08
73200.04800076805 4.273896438759133e-09
73250.04800076805 5.527513684309337e-09
73300.04800076805 3.6357323311160565e-09
73350.04800076805 2.334561671721346e-09
73400.04800076805 5.46382970124756e-09
73450.04800076805 2.8817499808784445e-09
73500.04800076805 2.3468544053429827e-09
73550.04800076805 4.5930426209257485e-09
73600.04800076805 5.344730245198048e-09
73650.04800076805 4.94109604746944e-09
73700.04800076805 4.4189008181846074e-09
73750.04800076805 1.087509981465755e-09
73800.04800076805 4.0521305929812045e-09
73850.04800076805 6.779366567472527e-09
73900.04800076805 2.507546657541949e-09
73950.04800076805 3.1987452323606345e-09
74000.04800076805 1.1279308109288522e-09
74050.04800076805 6.838271356696213e-09
74100.04800076805 4.930082415808343e-09
74150.04800076805 5.184016677789838e-09
74200.04800076805 1.8957312660612986e-09
74250.04800076805 2.4601525932269746e-10
74300.04800076805 5.004516222214793e-09
74350.04800076805 7.2997248032340735e-09
74400.04800076805 6.4736881197363164e-09
74450.04800076805 1.9040440493063987e-09
74500.04800076805 7.989545167805641e-10
74550.04800076805 2.523229500108408e-09
74600.04800076805 4.059715194180593e-09
74650.04800076805 4.3307583925607064e-09
74700.04800076805 2.7543976500775668e-09
74750.04800076805 1.051704967383688e-09
74800.04800076805 1.713083665847052e-09
74850.04800076805 5.4692577881747975e-09
74900.04800076805 6.632797955524703e-09
74950.04800076805 5.707389706675308e-09
75000.04800076805 2.19139622049747e-09
75050.04800076805 1.8720529998404546e-10
75100.04800076805 5.007215362740622e-09
75150.04800076805 8.436842951300652e-09
75200.04800076805 8.332466004297816e-09
75250.04800076805 7.162329235216891e-09
75300.04800076805 4.1820151999460245e-09
75350.04800076805 8.289725283311121e-10
75400.04800076805 7.354495996174754e-09
75450.04800076805 9.135676902568327e-09
75500.04800076805 8.523539173911462e-09
75550.04800076805 6.5901317720498885e-09
75600.04800076805 7.0585590716712145e-09
75650.04800076805 3.371798003246428e-09
75700.04800076805 1.0204354903354928e-08
75750.04800076805 5.7901533710158545e-09
75800.04800076805 7.71655567008743e-09
75850.04800076805 8.668153488331861e-09
75900.04800076805 9.264263155716001e-09
75950.04800076805 3.813618001420125e-09
76000.04800076805 1.214794122949075e-08
76050.04800076805 1.095606825038319e-08
76100.04800076805 9.044064282752722e-09
76150.04800076805 1.0334123810547097e-08
76200.04800076805 7.996282416150951e-09
76250.04800076805 3.3893433215297276e-09
76300.04800076805 1.2933091857404914e-08
76350.04800076805 1.5153655376469558e-08
76400.04800076805 1.1891158024925148e-08
76450.04800076805 8.339202303278503e-09
76500.04800076805 5.519529327535557e-09
76550.04800076805 1.3743620079615952e-09
76600.04800076805 2.1653139640963424e-10
76650.04800076805 1.9855411071038393e-10
76700.04800076805 4.245924561496397e-10
76750.04800076805 5.899177554236092e-10
76800.04800076805 1.311848681408803e-09
76850.04800076805 8.869046568501322e-10
76900.04800076805 6.299900228735326e-10
76950.04800076805 1.823712510248665e-09
77000.04800076805 4.31330651375447e-09
77050.04800076805 4.3132295306448965e-10
77100.04800076805 6.458090858101021e-10
77150.04800076805 4.886799210940455e-09
77200.04800076805 2.092918068203943e-09
77250.04800076805 1.0863690564076483e-09
77300.04800076805 3.950062763025823e-09
77350.04800076805 1.9650264838871126e-09
77400.04800076805 2.425713499870839e-09
77450.04800076805 7.632681658573398e-09
77500.04800076805 4.847392580074695e-09
77550.04800076805 2.7420789525450083e-09
77600.04800076805 1.0848195834019721e-09
77650.04800076805 1.632965482685593e-09
77700.04800076805 1.7735005702161962e-09
77750.04800076805 5.875581095526599e-09
77800.04800076805 6.835033440277626e-09
77850.04800076805 1.1140905435460909e-08
77900.04800076805 3.8204524252441675e-09
77950.04800076805 5.253262548475121e-10
78000.04800076805 3.2410505645712558e-09
78050.04800076805 3.939124725689989e-09
78100.04800076805 5.6353665657657745e-09
78150.04800076805 9.533848563769416e-09
78200.04800076805 1.1738752315475474e-08
78250.04800076805 8.133399343148031e-09
78300.04800076805 2.049374297533373e-09
78350.04800076805 5.984292727686777e-09
78400.04800076805 1.9281839744647474e-09
78450.04800076805 5.298414087474759e-09
78500.04800076805 1.098448449655427e-08
78550.04800076805 1.4562343358334853e-08
78600.04800076805 9.598648724434317e-09
78650.04800076805 7.672641901858618e-10
78700.04800076805 1.9716110719335744e-09
78750.04800076805 4.773037855767512e-09
78800.04800076805 3.3637335555443417e-09
78850.04800076805 1.0018353793561828e-09
78900.04800076805 4.370539929151247e-09
78950.04800076805 8.334215546152987e-09
79000.04800076805 5.493651300844926e-09
79050.04800076805 4.0976706620028686e-09
79100.04800076805 6.219701016315016e-09
79150.04800076805 4.011238090161758e-09
79200.04800076805 5.4549159885943006e-09
79250.04800076805 2.2483449964884583e-09
79300.04800076805 3.0980865227441177e-09
79350.04800076805 4.354354543425225e-09
79400.04800076805 2.058139762020087e-09
79450.04800076805 9.628396141906225e-09
79500.04800076805 1.3238722908818255e-08
79550.04800076805 1.0232994581738509e-08
79600.04800076805 4.828900983807719e-09
79650.04800076805 8.97800627487008e-09
79700.04800076805 5.720612106345433e-09
79750.04800076805 5.308225835204424e-09
79800.04800076805 3.0584097135812186e-09
79850.04800076805 8.051345643817861e-09
79900.04800076805 1.52827393922976e-08
79950.04800076805 1.678454375779033e-08
