galfind/configs/Brown_Dwarf_templates/sonora_cholla/logkzz7/562g/600K_562g_logkzz7_resample.dat
# %ECSV 1.0
# ---
# datatype:
# - {name: wav, unit: Angstrom, datatype: float64}
# - {name: flux_nu, unit: erg / (cm2 Hz s), datatype: float64}
# schema: astropy-2.0
wav flux_nu
[from data line 1210]
63500.04800076804 9.774988967181493e-09
63550.04800076804 1.5198377800167176e-08
63600.04800076804 1.2667697802413218e-08
63650.04800076804 8.44569338034262e-09
63700.04800076804 1.9463478489326232e-09
63750.04800076804 6.031450418337608e-09
63800.04800076804 1.59129091630595e-08
63850.04800076804 1.1685248826866044e-08
63900.04800076804 2.9761611770788055e-09
63950.04800076804 8.139713096918999e-09
64000.04800076804 1.1421744582909981e-08
64050.04800076804 3.8567277514980715e-09
64100.04800076804 7.401133003252507e-10
64150.04800076804 1.1644988628929897e-09
64200.04800076804 1.5111233670148567e-09
64250.04800076804 5.77167097598929e-09
64300.04800076804 4.803856032602422e-09
64350.04800076804 3.090086164215101e-09
64400.04800076804 9.410367035981348e-09
64450.04800076804 1.0556262780503412e-08
64500.04800076804 4.043722818937808e-09
64550.04800076804 9.203706601471185e-09
64600.04800076804 6.0829513345765284e-09
64650.04800076804 8.546705345522741e-09
64700.04800076804 2.4445654642540542e-09
64750.04800076804 4.149302323694104e-09
64800.04800076804 2.0513008789758697e-09
64850.04800076804 1.3950540506369892e-09
64900.04800076804 1.3387641406694694e-09
64950.04800076804 1.0374963263790727e-09
65000.04800076804 2.1969639901777988e-09
65050.04800076804 5.099648688829434e-09
65100.04800076804 7.364017478381217e-09
65150.04800076804 3.3106238065724838e-09
65200.04800076804 1.1234398570001937e-09
65250.04800076804 4.136789973750485e-09
65300.04800076804 5.716703748149071e-09
65350.04800076804 1.4366006062162641e-08
65400.04800076804 5.183219597714986e-09
65450.04800076804 5.125391335868403e-09
65500.04800076804 6.1953902938328695e-09
65550.04800076805 2.254961150770937e-09
65600.04800076805 5.887317566023321e-09
65650.04800076805 3.242254699662007e-09
65700.04800076805 2.9872747159127564e-09
65750.04800076805 1.9999404140009196e-09
65800.04800076805 5.266279684716734e-09
65850.04800076805 8.00494802839891e-09
65900.04800076805 1.6183109931295996e-09
65950.04800076805 3.614800091965305e-09
66000.04800076805 4.5878430704501504e-09
66050.04800076805 1.0649478219924827e-08
66100.04800076805 5.656012272933545e-09
66150.04800076805 5.53689374470186e-09
66200.04800076805 5.147855990074167e-09
66250.04800076805 2.6489741241494113e-09
66300.04800076805 9.608696929983439e-10
66350.04800076805 6.833337841955208e-10
66400.04800076805 1.5426204316585917e-09
66450.04800076805 5.982903759523822e-09
66500.04800076805 9.780716678587572e-09
66550.04800076805 9.906946801434856e-09
66600.04800076805 7.751046187898143e-09
66650.04800076805 5.173395612606435e-09
66700.04800076805 3.223898371579694e-09
66750.04800076805 3.8807766929794345e-09
66800.04800076805 4.405476525253331e-09
66850.04800076805 2.7827576421096065e-09
66900.04800076805 1.1575886387597124e-08
66950.04800076805 1.0332658911594779e-08
67000.04800076805 1.3144328587921936e-08
67050.04800076805 6.707635199626605e-09
67100.04800076805 3.3533213670231303e-09
67150.04800076805 4.965665174916741e-09
67200.04800076805 7.717408933149935e-09
67250.04800076805 6.703154155789863e-09
67300.04800076805 1.2595472375459984e-08
67350.04800076805 5.177019544868005e-09
67400.04800076805 1.339517675639315e-08
67450.04800076805 7.773077017135813e-09
67500.04800076805 7.300155711903388e-09
67550.04800076805 1.7267852622051248e-08
67600.04800076805 2.717988805648042e-08
67650.04800076805 1.9048813558804997e-08
67700.04800076805 9.993308532709954e-09
67750.04800076805 5.462484573584152e-09
67800.04800076805 8.574170802228447e-09
67850.04800076805 3.362013179874423e-09
67900.04800076805 4.214034973035739e-09
67950.04800076805 3.402189325895507e-09
68000.04800076805 9.197681658330504e-09
68050.04800076805 1.0481748979284565e-08
68100.04800076805 1.7859512459945947e-08
68150.04800076805 1.518118643589491e-08
68200.04800076805 1.0460965078279027e-08
68250.04800076805 1.9206447188614765e-09
68300.04800076805 1.1245631711065437e-08
68350.04800076805 1.4373569971942262e-08
68400.04800076805 2.1232906836949485e-08
68450.04800076805 1.7004305870574993e-08
68500.04800076805 9.280161045423862e-09
68550.04800076805 3.2816863526293145e-09
68600.04800076805 3.3661318241689647e-09
68650.04800076805 1.520420966778088e-09
68700.04800076805 4.897162211985636e-09
68750.04800076805 9.543143728633935e-09
68800.04800076805 1.0911982427038914e-08
68850.04800076805 4.508587006129346e-09
68900.04800076805 1.8522965362626126e-08
68950.04800076805 1.9647359741496542e-08
69000.04800076805 1.2134905810089956e-08
69050.04800076805 5.283429250696805e-09
69100.04800076805 1.5437752652334738e-08
69150.04800076805 2.398991973209302e-08
69200.04800076805 1.8532440469835178e-08
69250.04800076805 2.500348043027115e-08
69300.04800076805 1.4533237106552018e-08
69350.04800076805 2.8192667143908955e-08
69400.04800076805 9.663560699992202e-09
69450.04800076805 2.4090504669333288e-08
69500.04800076805 1.1331055786089622e-08
69550.04800076805 7.839095003166956e-09
69600.04800076805 1.7780640803954388e-09
69650.04800076805 8.178272605848572e-09
69700.04800076805 1.6424722734339195e-08
69750.04800076805 9.762102418950122e-09
69800.04800076805 1.7486939576160622e-08
69850.04800076805 1.8175817912054645e-08
69900.04800076805 1.1208328944207079e-08
69950.04800076805 1.0503631870153128e-08
70000.04800076805 1.2056933227876834e-08
70050.04800076805 2.424867937541486e-08
70100.04800076805 1.794326322300518e-08
70150.04800076805 1.382899428469589e-08
70200.04800076805 8.496583405136523e-09
70250.04800076805 1.1297030802611178e-08
70300.04800076805 2.2765829775228772e-08
70350.04800076805 1.735237686800373e-08
70400.04800076805 7.904176435291352e-09
70450.04800076805 1.0050904392098436e-09
70500.04800076805 6.6593885092162926e-09
70550.04800076805 6.4361235327566444e-09
70600.04800076805 7.227499415317305e-09
70650.04800076805 1.866567826298712e-08
70700.04800076805 2.078766717685029e-08
70750.04800076805 3.178711666715042e-08
70800.04800076805 1.3181514514798431e-08
70850.04800076805 1.3860796602471165e-08
70900.04800076805 1.75874335763018e-08
70950.04800076805 2.4148747124851223e-08
71000.04800076805 2.2550787907287347e-08
71050.04800076805 2.2819078385522638e-08
71100.04800076805 1.744461094744084e-08
71150.04800076805 9.97041807730998e-09
71200.04800076805 9.556878222502946e-09
71250.04800076805 1.7975127055655237e-08
71300.04800076805 2.4478667384421043e-08
71350.04800076805 2.4663891052534588e-08
71400.04800076805 1.775406277611704e-08
71450.04800076805 6.212243567175864e-09
71500.04800076805 8.183122443776336e-09
71550.04800076805 1.0247779916888453e-08
71600.04800076805 1.2524357351167133e-08
71650.04800076805 7.069285575366348e-09
71700.04800076805 4.888571484202955e-09
71750.04800076805 1.2696427221041235e-08
71800.04800076805 1.9687797689165533e-08
71850.04800076805 1.9017895733512783e-08
71900.04800076805 9.281297832575795e-09
71950.04800076805 1.495785877564052e-08
72000.04800076805 1.312705651898128e-08
72050.04800076805 5.586564823017006e-09
72100.04800076805 7.481192821954921e-09
72150.04800076805 9.349886867915e-09
72200.04800076805 1.4479191327289611e-08
72250.04800076805 2.2952010747920606e-08
72300.04800076805 1.257169746130937e-08
72350.04800076805 1.530735751514087e-08
72400.04800076805 1.406964531282122e-08
72450.04800076805 1.0708613831352196e-08
72500.04800076805 1.5090192647126905e-08
72550.04800076805 4.90608072368568e-09
72600.04800076805 9.740282801904956e-09
72650.04800076805 1.8475479252535563e-08
72700.04800076805 9.43390361589796e-09
72750.04800076805 1.0068039314038468e-08
72800.04800076805 5.585266087392326e-09
72850.04800076805 8.631175949246247e-09
72900.04800076805 1.9592672866264784e-08
72950.04800076805 1.0583718799113749e-08
73000.04800076805 1.1333791115785692e-08
73050.04800076805 5.128772907452662e-09
73100.04800076805 7.514626823788712e-09
73150.04800076805 1.886762337051065e-08
73200.04800076805 6.935837016137114e-09
73250.04800076805 9.092836034187432e-09
73300.04800076805 6.268927565396726e-09
73350.04800076805 4.146994391685854e-09
73400.04800076805 8.871956253441154e-09
73450.04800076805 4.820694912667315e-09
73500.04800076805 4.138229629592344e-09
73550.04800076805 7.724263035244058e-09
73600.04800076805 8.488021245949431e-09
73650.04800076805 8.383345157440655e-09
73700.04800076805 7.689455865880054e-09
73750.04800076805 2.2154505764470148e-09
73800.04800076805 6.9242662940877756e-09
73850.04800076805 1.091485507373549e-08
73900.04800076805 4.8266013148663955e-09
73950.04800076805 5.62429194493548e-09
74000.04800076805 2.3818564153618375e-09
74050.04800076805 1.1840102409671308e-08
74100.04800076805 8.245581012390218e-09
74150.04800076805 8.595892698182952e-09
74200.04800076805 3.898491823986217e-09
74250.04800076805 6.359916867804614e-10
74300.04800076805 8.351896482168526e-09
74350.04800076805 1.2079851917546501e-08
74400.04800076805 1.1006905415442468e-08
74450.04800076805 3.764447213159743e-09
74500.04800076805 1.8376802343596897e-09
74550.04800076805 4.907008748270687e-09
74600.04800076805 6.804128907039851e-09
74650.04800076805 7.059766070672411e-09
74700.04800076805 4.621449820178461e-09
74750.04800076805 2.3916007584953344e-09
74800.04800076805 3.6176375105909695e-09
74850.04800076805 8.195138429938346e-09
74900.04800076805 1.1185602398097128e-08
74950.04800076805 1.0067587572336745e-08
75000.04800076805 4.17412848654386e-09
75050.04800076805 6.772548450716888e-10
75100.04800076805 9.337253032645646e-09
75150.04800076805 1.3087823721548672e-08
75200.04800076805 1.3130648627382243e-08
75250.04800076805 1.2482474986238102e-08
75300.04800076805 8.39986244896255e-09
75350.04800076805 2.0771302158734354e-09
75400.04800076805 1.3324569209387956e-08
75450.04800076805 1.3923571112574945e-08
75500.04800076805 1.3081576600032485e-08
75550.04800076805 1.0887478909759109e-08
75600.04800076805 1.288841122248359e-08
75650.04800076805 6.7459835279399155e-09
75700.04800076805 1.572973017637393e-08
75750.04800076805 8.532273291812897e-09
75800.04800076805 1.2224738967893084e-08
75850.04800076805 1.4002855837726583e-08
75900.04800076805 1.4590219876291382e-08
75950.04800076805 6.481751147712093e-09
76000.04800076805 1.8009769722905288e-08
76050.04800076805 1.609602872538716e-08
76100.04800076805 1.3887664738320845e-08
76150.04800076805 1.5768539500620714e-08
76200.04800076805 1.3149369962826637e-08
76250.04800076805 7.038790401822584e-09
76300.04800076805 2.208026991289454e-08
76350.04800076805 2.504431884749527e-08
76400.04800076805 1.943787399835409e-08
76450.04800076805 1.4289527912733591e-08
76500.04800076805 9.83600204526866e-09
76550.04800076805 3.111406893437342e-09
76600.04800076805 5.881090293189184e-10
76650.04800076805 6.221341761062581e-10
76700.04800076805 1.128106499637923e-09
76750.04800076805 1.3312248492555835e-09
76800.04800076805 3.0139011530523098e-09
76850.04800076805 1.5301084498189202e-09
76900.04800076805 1.2251470133426128e-09
76950.04800076805 3.5841904906928607e-09
77000.04800076805 6.686334276821161e-09
77050.04800076805 1.0986169457274158e-09
77100.04800076805 1.4073949278330756e-09
77150.04800076805 7.728449059941449e-09
77200.04800076805 3.933984887300271e-09
77250.04800076805 2.7227241910109708e-09
77300.04800076805 6.507436029961884e-09
77350.04800076805 3.089182807880624e-09
77400.04800076805 3.6957042301560625e-09
77450.04800076805 1.0298775060471146e-08
77500.04800076805 6.969792154629456e-09
77550.04800076805 4.794512995099918e-09
77600.04800076805 2.37663722091225e-09
77650.04800076805 3.4188344327158812e-09
77700.04800076805 3.2087360978501984e-09
77750.04800076805 9.397803108120952e-09
77800.04800076805 1.0051994123617487e-08
77850.04800076805 1.7598218697957762e-08
77900.04800076805 7.156554685487954e-09
77950.04800076805 1.3514658873539669e-09
78000.04800076805 5.606719449470682e-09
78050.04800076805 6.762921247559133e-09
78100.04800076805 8.355689033936847e-09
78150.04800076805 1.4428304185130435e-08
78200.04800076805 1.6951973032266757e-08
78250.04800076805 1.3343907958242666e-08
78300.04800076805 4.625274374555826e-09
78350.04800076805 1.0540540296829366e-08
78400.04800076805 3.700263391769058e-09
78450.04800076805 9.658639049102903e-09
78500.04800076805 1.6921878977173185e-08
78550.04800076805 2.1740096473342653e-08
78600.04800076805 1.5001978712625836e-08
78650.04800076805 1.5914792978049838e-09
78700.04800076805 3.816327792649596e-09
78750.04800076805 7.746334785613074e-09
78800.04800076805 6.6167224603250775e-09
78850.04800076805 2.2297227291823506e-09
78900.04800076805 7.726323193812846e-09
78950.04800076805 1.287735052368859e-08
79000.04800076805 9.404580998462089e-09
79050.04800076805 6.947064096209777e-09
79100.04800076805 9.914912616784828e-09
79150.04800076805 7.3097259666960295e-09
79200.04800076805 9.55844193809497e-09
79250.04800076805 4.448651921997008e-09
79300.04800076805 5.285700583380051e-09
79350.04800076805 7.699162997694273e-09
79400.04800076805 3.9427056260344516e-09
79450.04800076805 1.506009998563849e-08
79500.04800076805 2.074500419025414e-08
79550.04800076805 1.605897016793581e-08
79600.04800076805 7.520489573504122e-09
79650.04800076805 1.3382032678952187e-08
79700.04800076805 9.720752283774462e-09
79750.04800076805 9.240021857781222e-09
79800.04800076805 5.267097524099576e-09
79850.04800076805 1.2441545689033884e-08
79900.04800076805 2.3203475346345547e-08
79950.04800076805 2.3618568706166173e-08
