galfind/configs/Brown_Dwarf_templates/sonora_cholla/logkzz7/562g/600K_562g_logkzz7_resample.dat
# %ECSV 1.0
# ---
# datatype:
# - {name: wav, unit: Angstrom, datatype: float64}
# - {name: flux_nu, unit: erg / (cm2 Hz s), datatype: float64}
# schema: astropy-2.0
wav flux_nu
[from data line 813]
43650.04800076804 7.269606382631149e-08
43700.04800076804 1.5177516383608584e-07
43750.04800076804 1.465592603080808e-07
43800.04800076804 1.1500296435346755e-07
43850.04800076804 1.1346646442799343e-07
43900.04800076804 9.630143114052857e-08
43950.04800076804 6.785701494061016e-08
44000.04800076804 5.4532648880255786e-08
44050.04800076804 1.0868839053096369e-07
44100.04800076804 1.3244548052312976e-07
44150.04800076804 1.1940056674136833e-07
44200.04800076804 1.0689892418084618e-07
44250.04800076804 6.87906548071369e-08
44300.04800076804 5.6419430672247886e-08
44350.04800076804 5.6642535859979826e-08
44400.04800076804 5.6253809314531594e-08
44450.04800076804 6.57937478231425e-08
44500.04800076804 5.3911772857489126e-08
44550.04800076804 6.434514930043062e-08
44600.04800076804 4.453545689724887e-08
44650.04800076804 5.375013261603647e-08
44700.04800076804 4.1194962320125316e-08
44750.04800076804 4.600750840218108e-08
44800.04800076804 3.628580056260482e-08
44850.04800076804 3.7048771142216196e-08
44900.04800076804 2.8759957526128676e-08
44950.04800076804 2.40389578007e-08
45000.04800076804 2.6259706008985286e-08
45050.04800076804 2.7025217652183998e-08
45100.04800076804 2.6601019468020426e-08
45150.04800076804 1.9664876599532072e-08
45200.04800076804 1.2264450847226126e-08
45250.04800076804 1.3863268569230363e-08
45300.04800076804 1.7770440496469834e-08
45350.04800076804 1.503903675497438e-08
45400.04800076804 1.208210126887693e-08
45450.04800076804 1.026983604273272e-08
45500.04800076804 1.299520292060625e-08
45550.04800076804 1.3966257227645868e-08
45600.04800076804 8.70367599300676e-09
45650.04800076804 8.874304985536797e-09
45700.04800076804 1.276374147281028e-08
45750.04800076804 9.281132489879978e-09
45800.04800076804 6.584592225945129e-09
45850.04800076804 1.1748119966686453e-08
45900.04800076804 1.1922997484619954e-08
45950.04800076804 6.128903908163806e-09
46000.04800076804 1.1251240816892449e-08
46050.04800076804 1.260754993173072e-08
46100.04800076804 6.375228520608891e-09
46150.04800076804 1.3234252095949138e-08
46200.04800076804 1.1541245222006173e-08
46250.04800076804 5.402658996777899e-09
46300.04800076804 1.677327206040543e-08
46350.04800076804 1.0470082161687309e-08
46400.04800076804 1.3498957455109564e-08
46450.04800076804 2.3092329001958964e-08
46500.04800076804 1.3775463986718662e-08
46550.04800076804 2.4386139956146777e-08
46600.04800076804 2.360756918692245e-08
46650.04800076804 5.7801974612210654e-08
46700.04800076804 3.8093748418734274e-08
46750.04800076804 1.810209310751337e-08
46800.04800076804 1.0853293343050745e-08
46850.04800076804 2.1772113550071624e-08
46900.04800076804 1.6984832817648834e-08
46950.04800076804 2.9348780471965835e-08
47000.04800076804 9.791756531731506e-09
47050.04800076804 2.571542985014021e-08
47100.04800076804 8.292642782425668e-09
47150.04800076804 1.3554941596018501e-08
47200.04800076804 1.6133518808224296e-08
47250.04800076804 9.414050399490268e-09
47300.04800076804 1.2786546944548237e-08
47350.04800076804 8.761269620871342e-09
47400.04800076804 2.233935593519388e-08
47450.04800076804 7.20016129363445e-09
47500.04800076804 2.5940290754213587e-08
47550.04800076804 8.58415576768367e-09
47600.04800076804 2.3487088274917433e-08
47650.04800076804 9.801791213026371e-09
47700.04800076804 2.3908122456698212e-08
47750.04800076804 9.475381467984975e-09
47800.04800076804 1.9964480432105848e-08
47850.04800076804 9.024312053525318e-09
47900.04800076804 1.4563363274667453e-08
47950.04800076804 1.4585600303855473e-08
48000.04800076804 3.103792339978593e-08
48050.04800076804 1.802716946830011e-08
48100.04800076804 2.3877615775009524e-08
48150.04800076804 1.9882826412776712e-08
48200.04800076804 2.9496038759312525e-08
48250.04800076804 2.0554330259970825e-08
48300.04800076804 4.2302711603714576e-08
48350.04800076804 1.8543574387745862e-08
48400.04800076804 1.57088027570911e-08
48450.04800076804 1.6884224589592618e-08
48500.04800076804 3.556894831438705e-08
48550.04800076804 1.7774625657934716e-08
48600.04800076804 4.371472832841254e-08
48650.04800076804 2.2978128863078987e-08
48700.04800076804 4.776771323860549e-08
48750.04800076804 2.564753576251635e-08
48800.04800076804 5.011206557815506e-08
48850.04800076804 3.162431785504757e-08
48900.04800076804 3.696109081068051e-08
48950.04800076804 3.396843107110232e-08
49000.04800076804 2.330328928215612e-08
49050.04800076804 5.0384041149706376e-08
49100.04800076804 3.7415334819889136e-08
49150.04800076804 5.634640225728635e-08
49200.04800076804 3.7864570040395005e-08
49250.04800076804 7.343336242230038e-08
49300.04800076804 4.202533973027354e-08
49350.04800076804 3.197468285430714e-08
49400.04800076804 4.393784661046134e-08
49450.04800076804 4.184906627741208e-08
49500.04800076804 3.568519103245805e-08
49550.04800076804 8.569703122857836e-09
49600.04800076804 2.590697220083612e-08
49650.04800076804 3.9823571661477316e-08
49700.04800076804 5.0985095386715635e-08
49750.04800076804 6.501567963285887e-08
49800.04800076804 3.109126088571095e-08
49850.04800076804 8.34601016134919e-08
49900.04800076804 6.302706753287803e-08
49950.04800076804 7.023341378810039e-08
50000.04800076804 5.783047462428381e-08
50050.04800076804 6.430978198546023e-08
50100.04800076804 6.001827621615766e-08
50150.04800076804 2.4469379014768765e-08
50200.04800076804 5.933432802092535e-09
50250.04800076804 2.9490662420395975e-08
50300.04800076804 2.1309078332916487e-08
50350.04800076804 6.392847077574103e-08
50400.04800076804 6.483719613760955e-08
50450.04800076804 5.336514043623589e-08
50500.04800076804 8.399180892853368e-08
50550.04800076804 8.035627771705501e-08
50600.04800076804 5.919074933296937e-08
50650.04800076804 7.662873296533536e-08
50700.04800076804 9.355528611164434e-08
50750.04800076804 5.796174584083943e-08
50800.04800076804 2.0090827302623467e-08
50850.04800076804 1.1010083082186426e-08
50900.04800076804 6.146700658054914e-08
50950.04800076804 6.388908826804797e-08
51000.04800076804 4.644486653672546e-08
51050.04800076804 6.536332256486101e-08
51100.04800076804 2.1139357836589815e-08
51150.04800076804 2.757596378638105e-08
51200.04800076804 8.656928793842396e-08
51250.04800076804 5.791107944526112e-08
51300.04800076804 4.1074132066798464e-08
51350.04800076804 4.2196800752335974e-08
51400.04800076804 1.439667486910391e-08
51450.04800076804 1.1859894332331776e-08
51500.04800076804 1.0217314260363142e-08
51550.04800076804 3.511327099238539e-08
51600.04800076804 3.42026254014496e-08
51650.04800076804 4.9282576507238794e-08
51700.04800076804 4.644853411466156e-08
51750.04800076804 2.8427401381158297e-08
51800.04800076804 6.60986123920226e-08
51850.04800076804 5.2946716261053344e-08
51900.04800076804 6.093340148365067e-08
51950.04800076804 3.327163494987994e-08
52000.04800076804 4.167540058370983e-09
52050.04800076804 1.7694498086949996e-08
52100.04800076804 1.128501168496483e-08
52150.04800076804 6.512379900974768e-09
52200.04800076804 1.7599982780548934e-08
52250.04800076804 3.37520259155225e-08
52300.04800076804 4.580290338475808e-08
52350.04800076804 1.2831889626634868e-08
52400.04800076804 1.4134061211277483e-08
52450.04800076804 4.906172988540398e-08
52500.04800076804 4.139092331311942e-08
52550.04800076804 4.391916682878297e-08
52600.04800076804 3.6408221144907596e-08
52650.04800076804 3.866345443041703e-08
52700.04800076804 2.6630420023432904e-08
52750.04800076804 1.19440265998532e-08
52800.04800076804 1.8815004821914954e-08
52850.04800076804 2.3758399174042998e-08
52900.04800076804 1.014239990118067e-08
52950.04800076804 1.7031950075418206e-08
53000.04800076804 3.853051341582768e-08
53050.04800076804 1.1573082058984713e-08
53100.04800076804 4.832134246123102e-08
53150.04800076804 5.5058108696014726e-08
53200.04800076804 2.0181694543269595e-08
53250.04800076804 4.7784986567657655e-08
53300.04800076804 5.0008216121145103e-08
53350.04800076804 4.920501325979803e-08
53400.04800076804 3.089804860770625e-08
53450.04800076804 8.14917384681596e-09
53500.04800076804 2.2338368189870773e-09
53550.04800076804 4.824311364969464e-09
53600.04800076804 1.895951872519669e-08
53650.04800076804 2.1418516839344687e-08
53700.04800076804 1.7598038250691582e-08
53750.04800076804 1.559936847816782e-08
53800.04800076804 1.5210462104219937e-08
53850.04800076804 2.660366675295154e-08
53900.04800076804 4.139935800178027e-08
53950.04800076804 4.0286088814820545e-08
54000.04800076804 2.51152349515689e-08
54050.04800076804 2.6862345377041606e-08
54100.04800076804 5.7809213060468685e-09
54150.04800076804 8.632600635086898e-09
54200.04800076804 1.6503057994140145e-09
54250.04800076804 4.321509340865827e-09
54300.04800076804 1.2415990817628688e-08
54350.04800076804 1.9174978721722623e-08
54400.04800076804 1.5043954220482753e-08
54450.04800076804 1.3582332561210248e-08
54500.04800076804 1.3010742470552975e-08
54550.04800076804 1.214706195003506e-08
54600.04800076804 1.0887200815790603e-08
54650.04800076804 1.6143757485503466e-09
54700.04800076804 1.1794987488160013e-08
54750.04800076804 1.138632382099758e-08
54800.04800076804 6.112252785246187e-09
54850.04800076804 1.012557107592855e-08
54900.04800076804 1.8811352072736322e-08
54950.04800076804 3.056594095335274e-08
55000.04800076804 9.701001276560933e-09
55050.04800076804 1.4163232704884749e-08
55100.04800076804 1.98222156934653e-08
55150.04800076804 9.665006232625442e-09
55200.04800076804 6.6768454585535665e-09
55250.04800076804 1.0773882600137383e-08
55300.04800076804 7.083643787221495e-09
55350.04800076804 1.453438764815656e-08
55400.04800076804 1.611518946873064e-08
55450.04800076804 1.008506829463985e-08
55500.04800076804 3.884226736653317e-09
55550.04800076804 3.5192366293536614e-09
55600.04800076804 7.043228524083301e-09
55650.04800076804 6.350118054460211e-09
55700.04800076804 6.590899478473233e-09
55750.04800076804 5.25002607702518e-09
55800.04800076804 2.1583364491344766e-09
55850.04800076804 3.902822053732376e-09
55900.04800076804 1.0509876537189418e-08
55950.04800076804 1.6712947763994342e-08
56000.04800076804 5.97191646588366e-09
56050.04800076804 6.97552737785371e-09
56100.04800076804 1.0965075572815538e-08
56150.04800076804 4.4917142985280856e-09
56200.04800076804 6.853009688748039e-09
56250.04800076804 1.3998186936018371e-08
56300.04800076804 8.029358486210819e-09
56350.04800076804 4.702489111271344e-09
56400.04800076804 1.5156210332994365e-09
56450.04800076804 1.49794833773016e-09
56500.04800076804 6.565669407274293e-09
56550.04800076804 2.5767764014348973e-09
56600.04800076804 1.0101241694029313e-08
56650.04800076804 1.2101757299023604e-08
56700.04800076804 8.142622781492113e-09
56750.04800076804 2.6359154264173325e-09
56800.04800076804 5.339001895729383e-09
56850.04800076804 7.552832114133538e-09
56900.04800076804 4.114284139633656e-09
56950.04800076804 9.32835634875671e-09
57000.04800076804 1.2416789112595618e-08
57050.04800076804 5.660211970563024e-09
57100.04800076804 1.5432806075018235e-09
57150.04800076804 3.0519368161829093e-09
57200.04800076804 2.2716593900886787e-09
57250.04800076804 3.6196237185549105e-09
57300.04800076804 5.8000525584987415e-09
57350.04800076804 2.73567919942829e-09
57400.04800076804 8.644991041306696e-09
57450.04800076804 3.703164121756037e-09
57500.04800076804 3.3549791759422767e-09
57550.04800076804 5.20474182856718e-09
57600.04800076804 4.294747250531514e-09
57650.04800076804 8.968144760046121e-10
57700.04800076804 2.0152986040075174e-09
57750.04800076804 4.585265933800544e-09
57800.04800076804 1.6315991613543035e-09
57850.04800076804 1.2956688464899798e-08
57900.04800076804 1.628950759779268e-08
57950.04800076804 1.8512250908536497e-08
58000.04800076804 4.672293461520174e-09
58050.04800076804 9.280509750640654e-09
58100.04800076804 7.637633282189692e-09
58150.04800076804 4.701650141704105e-09
58200.04800076804 8.876777541401512e-10
58250.04800076804 1.8825638531671163e-09
58300.04800076804 2.131774382606797e-09
58350.04800076804 2.803128395249271e-09
58400.04800076804 7.689610614081908e-09
58450.04800076804 9.249529065069392e-09
58500.04800076804 9.873406794268877e-09
58550.04800076804 6.696198778882483e-09
58600.04800076804 2.307697899691439e-09
58650.04800076804 3.4129866627401845e-09
58700.04800076804 5.094517271854077e-09
58750.04800076804 4.073335347369462e-09
58800.04800076804 3.959374771503783e-10
58850.04800076804 2.4020571366656936e-09
58900.04800076804 3.266701382403583e-09
58950.04800076804 1.3234655053120875e-09
59000.04800076804 3.827819120047538e-09
59050.04800076804 6.739498942147277e-09
59100.04800076804 5.972887970790953e-09
59150.04800076804 4.613163415782059e-09
59200.04800076804 6.379520738043152e-09
59250.04800076804 6.584847585966305e-09
59300.04800076804 4.868176428937779e-09
59350.04800076804 6.371802005472705e-10
59400.04800076804 9.401556969455676e-10
59450.04800076804 5.449005222728353e-09
59500.04800076804 3.147699344105279e-09
59550.04800076804 6.6503398249094266e-09
59600.04800076804 8.537436377711288e-09
59650.04800076804 3.657392962090922e-09
59700.04800076804 2.3374138400677095e-09
59750.04800076804 9.75767609117477e-09
59800.04800076804 3.868263052612548e-09
59850.04800076804 4.982253590059711e-09
59900.04800076804 1.4483809511613513e-09
59950.04800076804 4.690127330924744e-09
60000.04800076804 1.1293645279211652e-08
60050.04800076804 1.3275415332503893e-08
60100.04800076804 7.86757007860939e-09
60150.04800076804 2.7137426374658465e-09
60200.04800076804 6.773839810751247e-09
60250.04800076804 1.4099018951338115e-08
60300.04800076804 1.2218585059046419e-08
60350.04800076804 6.72742485682e-09
60400.04800076804 5.468703372724337e-09
60450.04800076804 1.0835650114785025e-09
60500.04800076804 2.939717454850846e-10
60550.04800076804 4.153463503608281e-09
60600.04800076804 6.993878352681438e-09
60650.04800076804 3.7540325151007624e-09
60700.04800076804 2.455000025848962e-09
60750.04800076804 9.863256121290007e-10
60800.04800076804 6.245552913870608e-09
60850.04800076804 1.3179033847569672e-08
60900.04800076804 1.1624083476467337e-08
60950.04800076804 7.69543719650591e-09
61000.04800076804 9.478407562551322e-09
61050.04800076804 2.7514217480507e-09
61100.04800076804 2.911446105231219e-09
61150.04800076804 8.188917787150272e-10
61200.04800076804 6.257800666791597e-09
61250.04800076804 8.667601425714328e-09
61300.04800076804 6.633190177360495e-09
61350.04800076804 1.3697612480890462e-08
61400.04800076804 3.8516110741248214e-09
61450.04800076804 1.3049699210812975e-09
61500.04800076804 1.2614593679883559e-09
61550.04800076804 4.776021846063553e-09
61600.04800076804 1.6151024661301581e-09
61650.04800076804 3.688071119125856e-09
61700.04800076804 5.253472423646785e-09
61750.04800076804 5.991768773950587e-09
61800.04800076804 4.159428528038549e-09
61850.04800076804 1.1361255778905896e-09
61900.04800076804 8.278189395933051e-09
61950.04800076804 1.1205317804453182e-08
62000.04800076804 1.033338421930446e-08
62050.04800076804 1.6880301208109123e-08
62100.04800076804 6.435569877637724e-09
62150.04800076804 1.2486172086564987e-08
62200.04800076804 1.1258485246393139e-08
62250.04800076804 7.280854094865441e-09
62300.04800076804 2.1705220386808437e-08
62350.04800076804 1.774776631779186e-08
62400.04800076804 9.046749767015476e-09
62450.04800076804 1.0521366872231861e-08
62500.04800076804 2.1620923449592145e-08
62550.04800076804 2.9998226646779106e-08
62600.04800076804 1.77269422039316e-08
62650.04800076804 1.307160426384147e-08
62700.04800076804 8.702267838254493e-09
62750.04800076804 1.7395141773868716e-08
62800.04800076804 1.0138502304875187e-08
62850.04800076804 1.4405628105718906e-08
62900.04800076804 1.4318327676172738e-08
62950.04800076804 3.013950629464936e-08
63000.04800076804 1.427524645916489e-08
63050.04800076804 4.208199960998069e-08
63100.04800076804 3.6010171961517366e-08
63150.04800076804 2.3879539839160833e-08
63200.04800076804 1.9366911447014556e-08
63250.04800076804 2.3308403489415622e-08
63300.04800076804 1.1277212501055048e-08
63350.04800076804 1.0545662132584187e-08
63400.04800076804 3.6252976514169115e-09
