galfind/configs/Brown_Dwarf_templates/sonora_cholla/logkzz7/562g/650K_562g_logkzz7_resample.dat
# %ECSV 1.0
# ---
# datatype:
# - {name: wav, unit: Angstrom, datatype: float64}
# - {name: flux_nu, unit: erg / (cm2 Hz s), datatype: float64}
# schema: astropy-2.0
wav flux_nu
[from data line 1209]
63450.04800076804 3.4822449609966446e-09
63500.04800076804 1.73703343107174e-08
63550.04800076804 2.5269803113300706e-08
63600.04800076804 2.234886621684588e-08
63650.04800076804 1.4338525419821858e-08
63700.04800076804 4.12172025196779e-09
63750.04800076804 1.1104485662393263e-08
63800.04800076804 2.656736753694482e-08
63850.04800076804 1.9623917548417882e-08
63900.04800076804 6.007476014647828e-09
63950.04800076804 1.4681002175524991e-08
64000.04800076804 1.9771484871594002e-08
64050.04800076804 7.522597206260635e-09
64100.04800076804 1.6253622246497493e-09
64150.04800076804 2.5771788327880176e-09
64200.04800076804 3.267586472865357e-09
64250.04800076804 1.0347689784509235e-08
64300.04800076804 8.33295135489054e-09
64350.04800076804 5.578100791551781e-09
64400.04800076804 1.607800196137444e-08
64450.04800076804 1.7670388164366353e-08
64500.04800076804 6.808035227104563e-09
64550.04800076804 1.5003504641712026e-08
64600.04800076804 9.418325277791067e-09
64650.04800076804 1.394720080782807e-08
64700.04800076804 4.4001988526491355e-09
64750.04800076804 7.2568577150808014e-09
64800.04800076804 4.1463840142716916e-09
64850.04800076804 2.924029297909085e-09
64900.04800076804 2.9789472474479587e-09
64950.04800076804 2.4426693721703483e-09
65000.04800076804 4.494363104573788e-09
65050.04800076804 8.864650529907084e-09
65100.04800076804 1.2686568394359311e-08
65150.04800076804 5.894771247504318e-09
65200.04800076804 2.466161657757646e-09
65250.04800076804 7.799081757999903e-09
65300.04800076804 9.498562549590089e-09
65350.04800076804 2.3708936022825966e-08
65400.04800076804 8.8019800473263e-09
65450.04800076804 8.75318184324705e-09
65500.04800076804 1.0583257674403942e-08
65550.04800076805 4.249105483617841e-09
65600.04800076805 1.026041319758992e-08
65650.04800076805 6.194630778587496e-09
65700.04800076805 5.744369751850345e-09
65750.04800076805 3.843420221219481e-09
65800.04800076805 9.082981717133122e-09
65850.04800076805 1.355162266209876e-08
65900.04800076805 3.2783492931073196e-09
65950.04800076805 6.1596678165334936e-09
66000.04800076805 7.870122101250118e-09
66050.04800076805 1.7749570915362786e-08
66100.04800076805 9.458354565190645e-09
66150.04800076805 8.858615745792203e-09
66200.04800076805 8.202901378791234e-09
66250.04800076805 4.773723142687672e-09
66300.04800076805 1.8672887934804797e-09
66350.04800076805 1.5933564478717644e-09
66400.04800076805 3.2881482837034024e-09
66450.04800076805 1.07971858016583e-08
66500.04800076805 1.6617483507931398e-08
66550.04800076805 1.6332920922581446e-08
66600.04800076805 1.2692160979727175e-08
66650.04800076805 9.180089586709251e-09
66700.04800076805 6.1044995807823445e-09
66750.04800076805 6.727258351523069e-09
66800.04800076805 8.056774884083457e-09
66850.04800076805 5.110205888629321e-09
66900.04800076805 1.8817901095121286e-08
66950.04800076805 1.7497363364549052e-08
67000.04800076805 2.123896495821181e-08
67050.04800076805 1.1049963559034545e-08
67100.04800076805 6.043693835639608e-09
67150.04800076805 8.069026918671666e-09
67200.04800076805 1.2684560266848425e-08
67250.04800076805 1.1091875756714923e-08
67300.04800076805 1.907369793145492e-08
67350.04800076805 8.325936037321095e-09
67400.04800076805 2.1077576524464827e-08
67450.04800076805 1.2579648275446452e-08
67500.04800076805 1.1838308237203709e-08
67550.04800076805 2.4735673528005478e-08
67600.04800076805 3.9910855886035005e-08
67650.04800076805 2.8393880446506663e-08
67700.04800076805 1.5665207193229197e-08
67750.04800076805 9.29636104014502e-09
67800.04800076805 1.4402383251434362e-08
67850.04800076805 5.936013574270528e-09
67900.04800076805 7.537524291482298e-09
67950.04800076805 5.8995794841383624e-09
68000.04800076805 1.449668851032913e-08
68050.04800076805 1.7149000870787024e-08
68100.04800076805 2.7153880248677492e-08
68150.04800076805 2.2768094793541946e-08
68200.04800076805 1.6951462624025645e-08
68250.04800076805 3.4576105647977874e-09
68300.04800076805 1.78900849583437e-08
68350.04800076805 1.9221346725527876e-08
68400.04800076805 3.169469527974579e-08
68450.04800076805 2.543453331228925e-08
68500.04800076805 1.5149223094734283e-08
68550.04800076805 5.908794860046446e-09
68600.04800076805 6.184721423044895e-09
68650.04800076805 2.9183095679391337e-09
68700.04800076805 8.372181631079874e-09
68750.04800076805 1.5080630813340487e-08
68800.04800076805 1.7288112415016576e-08
68850.04800076805 7.014129799552394e-09
68900.04800076805 2.7870318430509068e-08
68950.04800076805 2.9285557009938723e-08
69000.04800076805 1.9209514853136847e-08
69050.04800076805 8.870603568530125e-09
69100.04800076805 2.414703396614737e-08
69150.04800076805 3.5529972804053674e-08
69200.04800076805 2.5703647472714602e-08
69250.04800076805 3.679567524120174e-08
69300.04800076805 2.1784675808171048e-08
69350.04800076805 3.968627491648864e-08
69400.04800076805 1.369569307330952e-08
69450.04800076805 3.5118475341446776e-08
69500.04800076805 1.6703465702868416e-08
69550.04800076805 1.2747419311327009e-08
69600.04800076805 3.2013481879888306e-09
69650.04800076805 1.2879624206894307e-08
69700.04800076805 2.5155122897725826e-08
69750.04800076805 1.515922121036758e-08
69800.04800076805 2.5606312003639493e-08
69850.04800076805 2.702848815486696e-08
69900.04800076805 1.7545571373912963e-08
69950.04800076805 1.649022650434262e-08
70000.04800076805 1.779384548534692e-08
70050.04800076805 3.5189410431618585e-08
70100.04800076805 2.526247894249843e-08
70150.04800076805 2.078571593454812e-08
70200.04800076805 1.312636758271547e-08
70250.04800076805 1.7864770132938116e-08
70300.04800076805 3.384896924104455e-08
70350.04800076805 2.5230647617218356e-08
70400.04800076805 1.2321570858684309e-08
70450.04800076805 2.0421492283226656e-09
70500.04800076805 1.0244511482456897e-08
70550.04800076805 1.0024020703584224e-08
70600.04800076805 1.0908356385987711e-08
70650.04800076805 2.7288346964047244e-08
70700.04800076805 2.8729537696651913e-08
70750.04800076805 4.3345034283039295e-08
70800.04800076805 1.920948531594039e-08
70850.04800076805 1.9396939583164402e-08
70900.04800076805 2.399210494050162e-08
70950.04800076805 3.307642659051936e-08
71000.04800076805 3.058915970087533e-08
71050.04800076805 3.1114374641212236e-08
71100.04800076805 2.4187681112762236e-08
71150.04800076805 1.5287838604609142e-08
71200.04800076805 1.411885868866704e-08
71250.04800076805 2.449888261747733e-08
71300.04800076805 3.292634505716941e-08
71350.04800076805 3.3810060453071063e-08
71400.04800076805 2.5606823025718956e-08
71450.04800076805 9.939831193363853e-09
71500.04800076805 1.2247112157841195e-08
71550.04800076805 1.5122139948413208e-08
71600.04800076805 1.854068759457217e-08
71650.04800076805 1.1332373013308042e-08
71700.04800076805 8.058829806437771e-09
71750.04800076805 1.8676920251424055e-08
71800.04800076805 2.7974792476370986e-08
71850.04800076805 2.677113426031599e-08
71900.04800076805 1.3612844307016792e-08
71950.04800076805 2.0919040259693267e-08
72000.04800076805 1.8644170428500683e-08
72050.04800076805 8.780871062798347e-09
72100.04800076805 1.1356479006620029e-08
72150.04800076805 1.2963008855274413e-08
72200.04800076805 2.048095719764785e-08
72250.04800076805 3.052841233919983e-08
72300.04800076805 1.802621977539746e-08
72350.04800076805 2.1362015973813402e-08
72400.04800076805 1.9501652156991012e-08
72450.04800076805 1.506257377798343e-08
72500.04800076805 2.094722984377343e-08
72550.04800076805 7.336553214664752e-09
72600.04800076805 1.4051230314182707e-08
72650.04800076805 2.5674782296883046e-08
72700.04800076805 1.4630814690322282e-08
72750.04800076805 1.5345789166287178e-08
72800.04800076805 8.92526188926544e-09
72850.04800076805 1.2794416535284343e-08
72900.04800076805 2.7442630770212678e-08
72950.04800076805 1.5753889253918105e-08
73000.04800076805 1.6582502491459352e-08
73050.04800076805 8.340135119863113e-09
73100.04800076805 1.1256904598307357e-08
73150.04800076805 2.7348667357257988e-08
73200.04800076805 1.0547937600447858e-08
73250.04800076805 1.406662270884119e-08
73300.04800076805 1.0173902025626053e-08
73350.04800076805 6.891720593278737e-09
73400.04800076805 1.3552430184760373e-08
73450.04800076805 7.622928747354641e-09
73500.04800076805 6.755917509421453e-09
73550.04800076805 1.2333054540052723e-08
73600.04800076805 1.264515209548738e-08
73650.04800076805 1.3174359945203424e-08
73700.04800076805 1.2442635713700808e-08
73750.04800076805 4.120152579777419e-09
73800.04800076805 1.1007699165029863e-08
73850.04800076805 1.6369976207707043e-08
73900.04800076805 8.517964247111844e-09
73950.04800076805 9.259673760366051e-09
74000.04800076805 4.579970541701553e-09
74050.04800076805 1.8896824346069688e-08
74100.04800076805 1.2809043689451103e-08
74150.04800076805 1.322489788407119e-08
74200.04800076805 7.154167856742833e-09
74250.04800076805 1.4461561462112916e-09
74300.04800076805 1.2759996940707309e-08
74350.04800076805 1.8489820775244785e-08
74400.04800076805 1.7224141665312733e-08
74450.04800076805 6.577509974385919e-09
74500.04800076805 3.6773152008243864e-09
74550.04800076805 8.597188622587417e-09
74600.04800076805 1.0598908739214325e-08
74650.04800076805 1.0757840473641905e-08
74700.04800076805 7.129202514353887e-09
74750.04800076805 4.617444111406049e-09
74800.04800076805 6.684256136369551e-09
74850.04800076805 1.1338636456828153e-08
74900.04800076805 1.723308748552933e-08
74950.04800076805 1.6176477549291518e-08
75000.04800076805 7.231062060479504e-09
75050.04800076805 1.875931026488987e-09
75100.04800076805 1.5545615481119378e-08
75150.04800076805 1.8941223736882843e-08
75200.04800076805 1.9370372473096062e-08
75250.04800076805 1.9776235451108052e-08
75300.04800076805 1.4760557223821968e-08
75350.04800076805 4.369326841895117e-09
75400.04800076805 2.1429217623320752e-08
75450.04800076805 1.9999179107175992e-08
75500.04800076805 1.869459542560251e-08
75550.04800076805 1.6779098205474366e-08
75600.04800076805 2.111503398494465e-08
75650.04800076805 1.1779535436739054e-08
75700.04800076805 2.2422966201534064e-08
75750.04800076805 1.2100568264376903e-08
75800.04800076805 1.8143486330690356e-08
75850.04800076805 2.1155833237016892e-08
75900.04800076805 2.1174402725350435e-08
75950.04800076805 1.0135053264293515e-08
76000.04800076805 2.4880558370103123e-08
76050.04800076805 2.249065988229668e-08
76100.04800076805 2.0319879832460745e-08
76150.04800076805 2.2629671064250026e-08
76200.04800076805 1.9892484722080628e-08
76250.04800076805 1.287255771520078e-08
76300.04800076805 3.391179800532281e-08
76350.04800076805 3.77614271529957e-08
76400.04800076805 2.9089527378360243e-08
76450.04800076805 2.2502323458040655e-08
76500.04800076805 1.5935424550310996e-08
76550.04800076805 6.074527158559841e-09
76600.04800076805 1.345512361665745e-09
76650.04800076805 1.5578261520103874e-09
76700.04800076805 2.4970700719515164e-09
76750.04800076805 2.6531497749189636e-09
76800.04800076805 5.894806871320934e-09
76850.04800076805 2.5094722504883764e-09
76900.04800076805 2.2103810173712915e-09
76950.04800076805 6.257674065582976e-09
77000.04800076805 9.717209938990896e-09
77050.04800076805 2.365707701507289e-09
77100.04800076805 2.9261962672873644e-09
77150.04800076805 1.1401095134554869e-08
77200.04800076805 6.685013973991854e-09
77250.04800076805 5.6036787632780755e-09
77300.04800076805 1.0099743264638436e-08
77350.04800076805 4.671416532270653e-09
77400.04800076805 5.533493770582344e-09
77450.04800076805 1.3295619677210001e-08
77500.04800076805 9.576335990054583e-09
77550.04800076805 7.753596922736373e-09
77600.04800076805 4.624335234201192e-09
77650.04800076805 6.188721121176284e-09
77700.04800076805 5.404327657528755e-09
77750.04800076805 1.4096450630474696e-08
77800.04800076805 1.407753401340615e-08
77850.04800076805 2.543083843097377e-08
77900.04800076805 1.1968942104674266e-08
77950.04800076805 2.974513519528138e-09
78000.04800076805 9.053015731991664e-09
78050.04800076805 1.05760280966923e-08
78100.04800076805 1.1688273637929581e-08
78150.04800076805 2.055667669724508e-08
78200.04800076805 2.2897901575629667e-08
78250.04800076805 2.0111245391815534e-08
78300.04800076805 8.92715198066672e-09
78350.04800076805 1.6682371074942427e-08
78400.04800076805 6.474502912239411e-09
78450.04800076805 1.5919264032303782e-08
78500.04800076805 2.4400850798862577e-08
78550.04800076805 3.020131062536564e-08
78600.04800076805 2.165105759123685e-08
78650.04800076805 3.0673688755475373e-09
78700.04800076805 6.8452982737632556e-09
78750.04800076805 1.1715669054272484e-08
78800.04800076805 1.1625123925234294e-08
78850.04800076805 4.315688811770371e-09
78900.04800076805 1.2380342870091355e-08
78950.04800076805 1.8525198908714905e-08
79000.04800076805 1.4685004517710402e-08
79050.04800076805 1.1014523674856166e-08
79100.04800076805 1.4760549594553731e-08
79150.04800076805 1.2154970665268315e-08
79200.04800076805 1.5339149610470794e-08
79250.04800076805 7.995142698425069e-09
79300.04800076805 8.315900928468545e-09
79350.04800076805 1.2545546656475615e-08
79400.04800076805 6.894358168888359e-09
79450.04800076805 2.1954004616787555e-08
79500.04800076805 3.036814449889933e-08
79550.04800076805 2.3480515623320013e-08
79600.04800076805 1.1081671815000804e-08
79650.04800076805 1.8924148998295947e-08
79700.04800076805 1.527668319285388e-08
79750.04800076805 1.4898842031895516e-08
79800.04800076805 8.567634037017623e-09
79850.04800076805 1.793152364150374e-08
79900.04800076805 3.357340266955652e-08
79950.04800076805 3.152574261920939e-08
