galfind/configs/Brown_Dwarf_templates/sonora_cholla/logkzz7/562g/700K_562g_logkzz7_resample.dat
# %ECSV 1.0
# ---
# datatype:
# - {name: wav, unit: Angstrom, datatype: float64}
# - {name: flux_nu, unit: erg / (cm2 Hz s), datatype: float64}
# schema: astropy-2.0
wav flux_nu
[from data line 813]
43650.04800076804 1.1525733318921872e-07
43700.04800076804 2.2578670214242966e-07
43750.04800076804 2.1741672631223014e-07
43800.04800076804 1.7077909542655364e-07
43850.04800076804 1.6610562338979961e-07
43900.04800076804 1.485725204190539e-07
43950.04800076804 1.0796529517742027e-07
44000.04800076804 8.119601483137258e-08
44050.04800076804 1.4553109977427535e-07
44100.04800076804 1.6931657915475272e-07
44150.04800076804 1.5663295032490066e-07
44200.04800076804 1.3891685795112568e-07
44250.04800076804 9.86350250436912e-08
44300.04800076804 8.599425540043073e-08
44350.04800076804 8.093188384118602e-08
44400.04800076804 7.951111224684687e-08
44450.04800076804 8.739186428878363e-08
44500.04800076804 7.078697719579174e-08
44550.04800076804 8.139281602847399e-08
44600.04800076804 5.9452453563831926e-08
44650.04800076804 6.924096313063601e-08
44700.04800076804 5.6856598080215014e-08
44750.04800076804 6.069496459350683e-08
44800.04800076804 5.052551321795227e-08
44850.04800076804 4.903485878563004e-08
44900.04800076804 3.830111359896367e-08
44950.04800076804 3.3180598151927425e-08
45000.04800076804 3.505167549934154e-08
45050.04800076804 3.650959269092577e-08
45100.04800076804 3.583071232350008e-08
45150.04800076804 2.81559007833691e-08
45200.04800076804 1.876424202683618e-08
45250.04800076804 2.08206324633458e-08
45300.04800076804 2.589740933056593e-08
45350.04800076804 2.2987790676653057e-08
45400.04800076804 1.8013831386597855e-08
45450.04800076804 1.5968097213018872e-08
45500.04800076804 1.9379045704294216e-08
45550.04800076804 2.163133232429609e-08
45600.04800076804 1.4147967635193451e-08
45650.04800076804 1.425330805900645e-08
45700.04800076804 2.0266320123595594e-08
45750.04800076804 1.5438931518489343e-08
45800.04800076804 1.1353455601093184e-08
45850.04800076804 1.9669547937649446e-08
45900.04800076804 1.9391412164173845e-08
45950.04800076804 1.1009035154929477e-08
46000.04800076804 1.8218643968477856e-08
46050.04800076804 2.0603534167596133e-08
46100.04800076804 1.1350089452936963e-08
46150.04800076804 2.145367684680838e-08
46200.04800076804 1.993135222754257e-08
46250.04800076804 9.319739480556544e-09
46300.04800076804 2.6366872370606014e-08
46350.04800076804 1.7199540805164894e-08
46400.04800076804 2.119423841016597e-08
46450.04800076804 3.4471893942410884e-08
46500.04800076804 2.098487321303202e-08
46550.04800076804 3.8080011352678984e-08
46600.04800076804 3.692926242343216e-08
46650.04800076804 7.957882316753598e-08
46700.04800076804 5.41311392950634e-08
46750.04800076804 3.031466240565458e-08
46800.04800076804 2.0080553571912245e-08
46850.04800076804 3.295519416003641e-08
46900.04800076804 2.6544105173210697e-08
46950.04800076804 4.444435377616751e-08
47000.04800076804 1.662799238757759e-08
47050.04800076804 4.07543368146168e-08
47100.04800076804 1.4385201089376497e-08
47150.04800076804 2.2789485656528043e-08
47200.04800076804 2.566342752778409e-08
47250.04800076804 1.5798829492789564e-08
47300.04800076804 2.154008815709967e-08
47350.04800076804 1.4288054068445597e-08
47400.04800076804 3.335546283918527e-08
47450.04800076804 1.25985199595103e-08
47500.04800076804 3.809498940938999e-08
47550.04800076804 1.4395913480210984e-08
47600.04800076804 3.550477540543801e-08
47650.04800076804 1.6181824640646318e-08
47700.04800076804 3.486106279643422e-08
47750.04800076804 1.5124978755629186e-08
47800.04800076804 3.160212732318079e-08
47850.04800076804 1.4952555107781593e-08
47900.04800076804 2.496482181325186e-08
47950.04800076804 2.137260690475951e-08
48000.04800076804 4.437859485221737e-08
48050.04800076804 2.6507475059628052e-08
48100.04800076804 3.772295496773639e-08
48150.04800076804 2.877291145892175e-08
48200.04800076804 4.4693904642073234e-08
48250.04800076804 2.993366945078556e-08
48300.04800076804 5.8951901495958466e-08
48350.04800076804 2.8632455978104765e-08
48400.04800076804 3.007345063601734e-08
48450.04800076804 2.633997509057503e-08
48500.04800076804 5.4110176954143026e-08
48550.04800076804 2.6159638497572784e-08
48600.04800076804 5.858397343508979e-08
48650.04800076804 3.053811936977259e-08
48700.04800076804 6.637261444414727e-08
48750.04800076804 3.483795819953311e-08
48800.04800076804 6.792869981876802e-08
48850.04800076804 4.447721190607457e-08
48900.04800076804 5.864571125553436e-08
48950.04800076804 5.5964449425678636e-08
49000.04800076804 4.198366235249882e-08
49050.04800076804 7.152744047560509e-08
49100.04800076804 5.017769464608514e-08
49150.04800076804 8.359198235459672e-08
49200.04800076804 4.889460465639222e-08
49250.04800076804 9.543211426030422e-08
49300.04800076804 5.5987631052428206e-08
49350.04800076804 5.298447584884289e-08
49400.04800076804 6.865455144145874e-08
49450.04800076804 6.551382631948622e-08
49500.04800076804 5.712448282127768e-08
49550.04800076804 1.9275051854118367e-08
49600.04800076804 5.207249728236621e-08
49650.04800076804 6.141726366632076e-08
49700.04800076804 6.93265961049089e-08
49750.04800076804 1.045960096999566e-07
49800.04800076804 5.10566481194113e-08
49850.04800076804 1.2607066400790739e-07
49900.04800076804 8.787738967296123e-08
49950.04800076804 1.0248008580739744e-07
50000.04800076804 9.480421734799671e-08
50050.04800076804 9.867951772025639e-08
50100.04800076804 1.0320367114601963e-07
50150.04800076804 4.440298566822505e-08
50200.04800076804 1.5842504257231047e-08
50250.04800076804 6.224075652969067e-08
50300.04800076804 4.6083514960341506e-08
50350.04800076804 1.0181179068935667e-07
50400.04800076804 9.255389273433737e-08
50450.04800076804 8.328545716580719e-08
50500.04800076804 1.2888644102206957e-07
50550.04800076804 1.1338485941628112e-07
50600.04800076804 9.517621349379735e-08
50650.04800076804 1.0676540154094202e-07
50700.04800076804 1.4855987787597533e-07
50750.04800076804 1.029953868572853e-07
50800.04800076804 4.0871767207120466e-08
50850.04800076804 2.767598572991175e-08
50900.04800076804 1.1000680346075575e-07
50950.04800076804 1.0957738178227614e-07
51000.04800076804 8.606674169828627e-08
51050.04800076804 1.0552184694174818e-07
51100.04800076804 3.959598113500059e-08
51150.04800076804 5.614567238586447e-08
51200.04800076804 1.4050603491445602e-07
51250.04800076804 9.789455661436449e-08
51300.04800076804 6.961779022654734e-08
51350.04800076804 7.84986442670996e-08
51400.04800076804 3.414363149267451e-08
51450.04800076804 2.834627305120574e-08
51500.04800076804 2.4295185557050337e-08
51550.04800076804 7.032251319917403e-08
51600.04800076804 6.04648462992388e-08
51650.04800076804 8.267763222246783e-08
51700.04800076804 8.328474792140099e-08
51750.04800076804 5.099112748735549e-08
51800.04800076804 1.1310941118970688e-07
51850.04800076804 9.219458032988665e-08
51900.04800076804 1.1549789320750695e-07
51950.04800076804 7.070493315535841e-08
52000.04800076804 1.1990940161081163e-08
52050.04800076804 4.0232891547843283e-08
52100.04800076804 2.8724803199824718e-08
52150.04800076804 1.830364330260078e-08
52200.04800076804 3.5707142641711356e-08
52250.04800076804 6.222344963630852e-08
52300.04800076804 9.536455852541583e-08
52350.04800076804 3.33941255160924e-08
52400.04800076804 3.416394102556985e-08
52450.04800076804 9.141387951927961e-08
52500.04800076804 8.188495885837886e-08
52550.04800076804 7.942418770147985e-08
52600.04800076804 6.512760995096173e-08
52650.04800076804 6.772550224382136e-08
52700.04800076804 5.080266396938702e-08
52750.04800076804 2.8045311252195256e-08
52800.04800076804 3.8526509439737734e-08
52850.04800076804 4.804846901324771e-08
52900.04800076804 2.616642830879979e-08
52950.04800076804 3.7661101334910135e-08
53000.04800076804 7.775367913231791e-08
53050.04800076804 2.5354103978752797e-08
53100.04800076804 8.73522144755117e-08
53150.04800076804 1.0088159893366171e-07
53200.04800076804 3.8462161356601406e-08
53250.04800076804 8.836060673610494e-08
53300.04800076804 9.485629857165452e-08
53350.04800076804 9.395890230073392e-08
53400.04800076804 6.833950982744025e-08
53450.04800076804 2.080854471283293e-08
53500.04800076804 7.631208985980903e-09
53550.04800076804 1.5071997749191546e-08
53600.04800076804 4.415439971858165e-08
53650.04800076804 4.1903265467557386e-08
53700.04800076804 3.54450802504417e-08
53750.04800076804 3.271319662681661e-08
53800.04800076804 3.277417415276245e-08
53850.04800076804 5.215992889141383e-08
53900.04800076804 7.165301517269076e-08
53950.04800076804 7.87218753570643e-08
54000.04800076804 4.879601095214866e-08
54050.04800076804 5.272649214520664e-08
54100.04800076804 1.4227791430570471e-08
54150.04800076804 2.218764693902179e-08
54200.04800076804 5.591178150310127e-09
54250.04800076804 1.2242870612699478e-08
54300.04800076804 2.9187872226965905e-08
54350.04800076804 4.248207371027411e-08
54400.04800076804 3.625224583835228e-08
54450.04800076804 3.275927038903077e-08
54500.04800076804 2.8773599605553556e-08
54550.04800076804 2.6616738875824582e-08
54600.04800076804 2.7588333128002284e-08
54650.04800076804 6.425530038074528e-09
54700.04800076804 3.1748110265985157e-08
54750.04800076804 2.9477632402345096e-08
54800.04800076804 1.6942052244150627e-08
54850.04800076804 2.531250806138271e-08
54900.04800076804 4.2756090737332345e-08
54950.04800076804 6.444154493942398e-08
55000.04800076804 2.0829889926689646e-08
55050.04800076804 3.3378410031691765e-08
55100.04800076804 4.042372735901362e-08
55150.04800076804 2.3047513838333812e-08
55200.04800076804 1.8481831929484106e-08
55250.04800076804 2.6872155184570415e-08
55300.04800076804 1.710872504965367e-08
55350.04800076804 3.5482720292509055e-08
55400.04800076804 4.095594642274468e-08
55450.04800076804 2.460147451722142e-08
55500.04800076804 1.0319663613876439e-08
55550.04800076804 1.1563169256420105e-08
55600.04800076804 1.8155390066507708e-08
55650.04800076804 1.6185905300571454e-08
55700.04800076804 1.8078057436378407e-08
55750.04800076804 1.6535235069651057e-08
55800.04800076804 7.982398871213684e-09
55850.04800076804 1.108647432867243e-08
55900.04800076804 2.7484099679000267e-08
55950.04800076804 4.074103361968326e-08
56000.04800076804 1.523589871163703e-08
56050.04800076804 1.906574816740832e-08
56100.04800076804 2.8158035373782876e-08
56150.04800076804 1.4003707244649754e-08
56200.04800076804 1.9173376511917626e-08
56250.04800076804 3.313486283769572e-08
56300.04800076804 2.220781593308255e-08
56350.04800076804 1.6065569416209294e-08
56400.04800076804 6.487840823564887e-09
56450.04800076804 6.1813196352170626e-09
56500.04800076804 1.804839249901544e-08
56550.04800076804 7.834107935238358e-09
56600.04800076804 2.6660353624114147e-08
56650.04800076804 3.056816949499e-08
56700.04800076804 2.4249642888448998e-08
56750.04800076804 8.480651539097274e-09
56800.04800076804 1.792826949688669e-08
56850.04800076804 2.059201104831088e-08
56900.04800076804 1.2347510542959556e-08
56950.04800076804 2.483952472566498e-08
57000.04800076804 3.1840123988167756e-08
57050.04800076804 1.531522325690937e-08
57100.04800076804 5.166566056730905e-09
57150.04800076804 9.367029529084013e-09
57200.04800076804 7.594561645031902e-09
57250.04800076804 1.129906491543389e-08
57300.04800076804 1.7480613832846957e-08
57350.04800076804 8.673729362130621e-09
57400.04800076804 2.3739017342930064e-08
57450.04800076804 1.2809527966312875e-08
57500.04800076804 1.1742704906448202e-08
57550.04800076804 1.7282382743704524e-08
57600.04800076804 1.5624655292834333e-08
57650.04800076804 3.87847597543558e-09
57700.04800076804 7.053258361869523e-09
57750.04800076804 1.2568609619110381e-08
57800.04800076804 4.8357323817205634e-09
57850.04800076804 3.501901746477686e-08
57900.04800076804 4.138734405290681e-08
57950.04800076804 4.492519856122086e-08
58000.04800076804 1.3935797229640965e-08
58050.04800076804 2.412657118005747e-08
58100.04800076804 2.3287155265844922e-08
58150.04800076804 1.4750961479105054e-08
58200.04800076804 4.039548436414214e-09
58250.04800076804 6.649027722449233e-09
58300.04800076804 7.370281760854516e-09
58350.04800076804 9.081753477118322e-09
58400.04800076804 2.0674110614043557e-08
58450.04800076804 2.4350432130768568e-08
58500.04800076804 2.4773160463257507e-08
58550.04800076804 2.072570054967317e-08
58600.04800076804 8.52732872887162e-09
58650.04800076804 1.1126851075460097e-08
58700.04800076804 1.527498516250913e-08
58750.04800076804 1.3289871066727368e-08
58800.04800076804 2.4195336460221167e-09
58850.04800076804 9.194565996770275e-09
58900.04800076804 1.2488601077234743e-08
58950.04800076804 5.469350692254346e-09
59000.04800076804 1.3672617698517194e-08
59050.04800076804 2.1227981740680004e-08
59100.04800076804 2.1042820792692876e-08
59150.04800076804 1.5722699245545218e-08
59200.04800076804 1.822992462797282e-08
59250.04800076804 1.8980750037034033e-08
59300.04800076804 1.525914628212298e-08
59350.04800076804 3.325571326809769e-09
59400.04800076804 3.743351317626812e-09
59450.04800076804 1.621783129581934e-08
59500.04800076804 8.606061325179868e-09
59550.04800076804 1.9626184763294442e-08
59600.04800076804 2.5005605805210244e-08
59650.04800076804 1.1810852227174577e-08
59700.04800076804 8.167487724930226e-09
59750.04800076804 2.847594629023626e-08
59800.04800076804 1.213239741535586e-08
59850.04800076804 1.6967045617200467e-08
59900.04800076804 5.8310125088391835e-09
59950.04800076804 1.5020160532980708e-08
60000.04800076804 3.3155502143770697e-08
60050.04800076804 3.3243879595543255e-08
60100.04800076804 2.4485831892895203e-08
60150.04800076804 1.0352381420256945e-08
60200.04800076804 2.0919981216569333e-08
60250.04800076804 3.7049961421150553e-08
60300.04800076804 3.172684969888461e-08
60350.04800076804 1.8215685297263458e-08
60400.04800076804 1.7955926628456242e-08
60450.04800076804 4.895407110086057e-09
60500.04800076804 1.9142191754928257e-09
60550.04800076804 1.5259055165574403e-08
60600.04800076804 2.1144545640091137e-08
60650.04800076804 1.2868463189369398e-08
60700.04800076804 9.206774300751074e-09
60750.04800076804 4.605060281488584e-09
60800.04800076804 1.959987804044236e-08
60850.04800076804 3.877057400302768e-08
60900.04800076804 3.436220988639606e-08
60950.04800076804 2.4915982365215163e-08
61000.04800076804 2.5133955708694286e-08
61050.04800076804 9.61277461082179e-09
61100.04800076804 1.1480742704800133e-08
61150.04800076804 4.01667402447766e-09
61200.04800076804 2.0713297686863405e-08
61250.04800076804 2.6473142924959542e-08
61300.04800076804 2.234314089351447e-08
61350.04800076804 3.972579226886567e-08
61400.04800076804 1.3979333479584404e-08
61450.04800076804 5.671998306731975e-09
61500.04800076804 6.6286642276098444e-09
61550.04800076804 1.5318798963680903e-08
61600.04800076804 6.513935397163095e-09
61650.04800076804 1.3495016840757419e-08
61700.04800076804 1.5728607673388866e-08
61750.04800076804 1.818580937777137e-08
61800.04800076804 1.4856138422914359e-08
61850.04800076804 5.657898107992976e-09
61900.04800076804 2.688730479286638e-08
61950.04800076804 3.363679184617248e-08
62000.04800076804 3.2278112337024115e-08
62050.04800076804 3.943190141175002e-08
62100.04800076804 2.2006171472815598e-08
62150.04800076804 3.403491305914486e-08
62200.04800076804 2.9821249294237874e-08
62250.04800076804 2.157503412180833e-08
62300.04800076804 5.204927899496596e-08
62350.04800076804 4.2541693570850545e-08
62400.04800076804 2.0681659900546755e-08
62450.04800076804 2.718882485089076e-08
62500.04800076804 4.9909768138635637e-08
62550.04800076804 5.949867948623743e-08
62600.04800076804 4.635017149834745e-08
62650.04800076804 3.432205502206121e-08
62700.04800076804 2.740823034082943e-08
62750.04800076804 4.40594480467962e-08
62800.04800076804 2.5561825274031065e-08
62850.04800076804 3.922027745480415e-08
62900.04800076804 3.2082419425693885e-08
62950.04800076804 6.188696019851207e-08
63000.04800076804 3.7558807376585786e-08
63050.04800076804 7.978011036101036e-08
63100.04800076804 7.044820902644236e-08
63150.04800076804 4.587203581438395e-08
63200.04800076804 4.529423613870546e-08
63250.04800076804 5.0479607611320026e-08
63300.04800076804 3.43520592115977e-08
63350.04800076804 3.194813951271971e-08
63400.04800076804 1.2571289269305425e-08
