galfind/configs/Brown_Dwarf_templates/sonora_cholla/logkzz7/562g/750K_562g_logkzz7_resample.dat
# %ECSV 1.0
# ---
# datatype:
# - {name: wav, unit: Angstrom, datatype: float64}
# - {name: flux_nu, unit: erg / (cm2 Hz s), datatype: float64}
# schema: astropy-2.0
wav flux_nu
[from data line 1209]
63450.04800076804 1.2121115927782309e-08
63500.04800076804 4.3138443590006594e-08
63550.04800076804 5.523130496746054e-08
63600.04800076804 5.3820611556464007e-08
63650.04800076804 3.436389944057568e-08
63700.04800076804 1.3673562086105528e-08
63750.04800076804 2.9542273126373433e-08
63800.04800076804 5.815569878892537e-08
63850.04800076804 4.4885674089377796e-08
63900.04800076804 1.8157982146048942e-08
63950.04800076804 3.760141839886905e-08
64000.04800076804 4.749366836594933e-08
64050.04800076804 2.219646904135714e-08
64100.04800076804 5.780079072084125e-09
64150.04800076804 9.098850600186413e-09
64200.04800076804 1.1041514848715996e-08
64250.04800076804 2.6854575391658623e-08
64300.04800076804 2.062439152217632e-08
64350.04800076804 1.531859084182393e-08
64400.04800076804 3.8043189991263894e-08
64450.04800076804 4.085662834578166e-08
64500.04800076804 1.6622627121619958e-08
64550.04800076804 3.3474509702061736e-08
64600.04800076804 1.898266455875131e-08
64650.04800076804 3.154064253702901e-08
64700.04800076804 1.1765785761107541e-08
64750.04800076804 1.8231001144523213e-08
64800.04800076804 1.2948180651266938e-08
64850.04800076804 9.704954088083643e-09
64900.04800076804 1.0254881250326855e-08
64950.04800076804 9.211088617776352e-09
65000.04800076804 1.4165653166263685e-08
65050.04800076804 2.1947560776417764e-08
65100.04800076804 3.0506520396186806e-08
65150.04800076804 1.5392362827091733e-08
65200.04800076804 8.687186325696091e-09
65250.04800076804 2.2030067658332943e-08
65300.04800076804 2.193262634762222e-08
65350.04800076804 5.2846594550341274e-08
65400.04800076804 2.1094644263102804e-08
65450.04800076804 2.132122805713517e-08
65500.04800076804 2.5928549124325473e-08
65550.04800076805 1.2258900975250064e-08
65600.04800076805 2.4873263252300868e-08
65650.04800076805 1.7685994499263776e-08
65700.04800076805 1.653159709445976e-08
65750.04800076805 1.1283158402528569e-08
65800.04800076805 2.243645626855871e-08
65850.04800076805 3.1954386923591266e-08
65900.04800076805 1.0309882321210243e-08
65950.04800076805 1.4649039628810471e-08
66000.04800076805 1.9329516863065454e-08
66050.04800076805 4.119976297112514e-08
66100.04800076805 2.2400849368412105e-08
66150.04800076805 1.934671223241194e-08
66200.04800076805 1.8152588630090318e-08
66250.04800076805 1.2929907951293618e-08
66300.04800076805 5.557054893932195e-09
66350.04800076805 6.035057053694498e-09
66400.04800076805 1.0902937577829378e-08
66450.04800076805 2.7517235554639794e-08
66500.04800076805 3.9748873258608585e-08
66550.04800076805 3.7650698162395566e-08
66600.04800076805 2.9266339707322695e-08
66650.04800076805 2.3475269815681978e-08
66700.04800076805 1.7511082359800786e-08
66750.04800076805 1.7063940885910496e-08
66800.04800076805 2.1955292280106104e-08
66850.04800076805 1.4034483039127398e-08
66900.04800076805 4.0911811821794514e-08
66950.04800076805 4.078062311804854e-08
67000.04800076805 4.546652750221765e-08
67050.04800076805 2.536649721380094e-08
67100.04800076805 1.610984120672106e-08
67150.04800076805 1.8689485901668497e-08
67200.04800076805 2.849536562189769e-08
67250.04800076805 2.5635057852548292e-08
67300.04800076805 3.7921535590593274e-08
67350.04800076805 1.9073298527612357e-08
67400.04800076805 4.4614734793617283e-08
67450.04800076805 2.87640341097403e-08
67500.04800076805 2.660568289749986e-08
67550.04800076805 4.516723326041059e-08
67600.04800076805 7.528458386878919e-08
67650.04800076805 5.448853650333417e-08
67700.04800076805 3.331611633715348e-08
67750.04800076805 2.2739596212781314e-08
67800.04800076805 3.3830005929807896e-08
67850.04800076805 1.555065671623704e-08
67900.04800076805 1.9847653262562865e-08
67950.04800076805 1.4858299067857966e-08
68000.04800076805 3.098424775639694e-08
68050.04800076805 3.898008300765945e-08
68100.04800076805 5.3904992239132035e-08
68150.04800076805 4.389700587533718e-08
68200.04800076805 3.762093417501428e-08
68250.04800076805 9.787052003042203e-09
68300.04800076805 3.7132676250265574e-08
68350.04800076805 2.970679928826564e-08
68400.04800076805 5.969879387201984e-08
68450.04800076805 4.943134083373142e-08
68500.04800076805 3.3860755131296836e-08
68550.04800076805 1.565099949181647e-08
68600.04800076805 1.6751563158245954e-08
68650.04800076805 8.712625808321238e-09
68700.04800076805 2.0675568428602288e-08
68750.04800076805 3.24524870161033e-08
68800.04800076805 3.76650733901305e-08
68850.04800076805 1.5385638496832403e-08
68900.04800076805 5.5435197193067694e-08
68950.04800076805 5.71874641869042e-08
69000.04800076805 4.1963192699692e-08
69050.04800076805 2.1296840361605433e-08
69100.04800076805 5.1296130750761194e-08
69150.04800076805 6.868946502450855e-08
69200.04800076805 4.5153580013748675e-08
69250.04800076805 6.90514380764811e-08
69300.04800076805 4.2746050118801235e-08
69350.04800076805 6.971119288456634e-08
69400.04800076805 2.5186048799362873e-08
69450.04800076805 6.57420648563653e-08
69500.04800076805 3.218500964641784e-08
69550.04800076805 2.9363911303009896e-08
69600.04800076805 8.554960834391718e-09
69650.04800076805 2.7826433579071966e-08
69700.04800076805 5.113249930161741e-08
69750.04800076805 3.2633733492196774e-08
69800.04800076805 4.925389156316712e-08
69850.04800076805 5.2736438991872296e-08
69900.04800076805 3.679367228259411e-08
69950.04800076805 3.5247146531818005e-08
70000.04800076805 3.441230935807888e-08
70050.04800076805 6.548161928699505e-08
70100.04800076805 4.519987621960996e-08
70150.04800076805 4.152928670205357e-08
70200.04800076805 2.7409416365558947e-08
70250.04800076805 3.8045522091997964e-08
70300.04800076805 6.427251288587508e-08
70350.04800076805 4.664659639665869e-08
70400.04800076805 2.635224701669344e-08
70450.04800076805 6.821755322646681e-09
70500.04800076805 2.179734063698695e-08
70550.04800076805 2.186035456854897e-08
70600.04800076805 2.2418201754833296e-08
70650.04800076805 5.19225129115187e-08
70700.04800076805 5.016762275088297e-08
70750.04800076805 7.20709248877683e-08
70800.04800076805 3.605797576783145e-08
70850.04800076805 3.47862389793079e-08
70900.04800076805 4.0397178763921325e-08
70950.04800076805 5.717947709004158e-08
71000.04800076805 5.172665101411107e-08
71050.04800076805 5.281939840766595e-08
71100.04800076805 4.2537594257342536e-08
71150.04800076805 3.177587305116779e-08
71200.04800076805 2.820352290159869e-08
71250.04800076805 4.1990044136273e-08
71300.04800076805 5.5208854734241876e-08
71350.04800076805 5.739737565664048e-08
71400.04800076805 4.752540290233539e-08
71450.04800076805 2.1515603387807786e-08
71500.04800076805 2.4955430589697226e-08
71550.04800076805 2.985173548132942e-08
71600.04800076805 3.633716626847549e-08
71650.04800076805 2.5371466384955794e-08
71700.04800076805 1.8832279873781737e-08
71750.04800076805 3.55050973911012e-08
71800.04800076805 5.048049038296986e-08
71850.04800076805 4.828489606473993e-08
71900.04800076805 2.6680953263193857e-08
71950.04800076805 3.678968120199925e-08
72000.04800076805 3.4024744313018795e-08
72050.04800076805 1.9211818524164566e-08
72100.04800076805 2.3651143136897806e-08
72150.04800076805 2.3191947257633627e-08
72200.04800076805 3.711612788456844e-08
72250.04800076805 4.958812129634175e-08
72300.04800076805 3.3455145801088346e-08
72350.04800076805 3.815958501328592e-08
72400.04800076805 3.3817301914155965e-08
72450.04800076805 2.7449204403030127e-08
72500.04800076805 3.677436172009833e-08
72550.04800076805 1.493014221768194e-08
72600.04800076805 2.5789836785852127e-08
72650.04800076805 4.340560554085465e-08
72700.04800076805 3.0626118527518855e-08
72750.04800076805 3.077781212239778e-08
72800.04800076805 2.0106819766760913e-08
72850.04800076805 2.5053647397121326e-08
72900.04800076805 4.74187229902411e-08
72950.04800076805 3.133360292877531e-08
73000.04800076805 3.183838359815362e-08
73050.04800076805 1.8902343389791866e-08
73100.04800076805 2.2152524304286535e-08
73150.04800076805 5.024563270301577e-08
73200.04800076805 2.1150885672614297e-08
73250.04800076805 2.902944796018572e-08
73300.04800076805 2.300454806995301e-08
73350.04800076805 1.6218178831045452e-08
73400.04800076805 2.7774700851602527e-08
73450.04800076805 1.6774883593906937e-08
73500.04800076805 1.5112248874343063e-08
73550.04800076805 2.6763568236696143e-08
73600.04800076805 2.4082957071649294e-08
73650.04800076805 2.7278768460410368e-08
73700.04800076805 2.761937101365511e-08
73750.04800076805 1.1689037621585311e-08
73800.04800076805 2.3755528644854983e-08
73850.04800076805 3.152179462160605e-08
73900.04800076805 2.1540042200690997e-08
73950.04800076805 2.1058628485485557e-08
74000.04800076805 1.3082790100172836e-08
74050.04800076805 3.985211173182955e-08
74100.04800076805 2.609443330031783e-08
74150.04800076805 2.697070093330542e-08
74200.04800076805 1.880742299242825e-08
74250.04800076805 5.459989806531538e-09
74300.04800076805 2.5246660021453953e-08
74350.04800076805 3.64593279984488e-08
74400.04800076805 3.4624719820704834e-08
74450.04800076805 1.5180477397882127e-08
74500.04800076805 1.0754985077028623e-08
74550.04800076805 2.0941341047731215e-08
74600.04800076805 2.2286869874454753e-08
74650.04800076805 2.2072953367042673e-08
74700.04800076805 1.50952454633375e-08
74750.04800076805 1.2718467661853938e-08
74800.04800076805 1.728895562010527e-08
74850.04800076805 2.0192952137016776e-08
74900.04800076805 3.4206591473013196e-08
74950.04800076805 3.3860207038295256e-08
75000.04800076805 1.756651501004729e-08
75050.04800076805 8.025512997250915e-09
75100.04800076805 3.4052614462809435e-08
75150.04800076805 3.4386094170870896e-08
75200.04800076805 3.710025662009081e-08
75250.04800076805 4.032997338691202e-08
75300.04800076805 3.414612339572461e-08
75350.04800076805 1.3188385721825792e-08
75400.04800076805 4.325430569656459e-08
75450.04800076805 3.590900417849005e-08
75500.04800076805 3.3245349770133215e-08
75550.04800076805 3.4481634657355774e-08
75600.04800076805 4.5334939362634755e-08
75650.04800076805 2.7211737998146273e-08
75700.04800076805 3.938762382628389e-08
75750.04800076805 2.2052281944002412e-08
75800.04800076805 3.5016953895460623e-08
75850.04800076805 4.1981259683206714e-08
75900.04800076805 3.879505514770989e-08
75950.04800076805 2.0872170482565262e-08
76000.04800076805 4.202680062557618e-08
76050.04800076805 3.988808108529424e-08
76100.04800076805 3.786664982748117e-08
76150.04800076805 4.132966297010373e-08
76200.04800076805 3.871353774180809e-08
76250.04800076805 3.2489957763182527e-08
76300.04800076805 6.398701030648226e-08
76350.04800076805 7.061030885011175e-08
76400.04800076805 5.437475860890845e-08
76450.04800076805 4.6448267065914e-08
76500.04800076805 3.422262371975678e-08
76550.04800076805 1.721633950849067e-08
76600.04800076805 4.944117882409039e-09
76650.04800076805 6.204376621923149e-09
76700.04800076805 8.401739574241092e-09
76750.04800076805 8.177736142040473e-09
76800.04800076805 1.6096541167871333e-08
76850.04800076805 5.92724159798561e-09
76900.04800076805 6.467407735324828e-09
76950.04800076805 1.4887497907812439e-08
77000.04800076805 1.8915850520915708e-08
77050.04800076805 7.848146031359511e-09
77100.04800076805 1.000126713640574e-08
77150.04800076805 2.1877342988503584e-08
77200.04800076805 1.5662851292639115e-08
77250.04800076805 1.5912059149642554e-08
77300.04800076805 2.0428784867217284e-08
77350.04800076805 9.625209090664697e-09
77400.04800076805 1.1698898323445367e-08
77450.04800076805 2.0480335341721072e-08
77500.04800076805 1.703456799287522e-08
77550.04800076805 1.6501708883229647e-08
77600.04800076805 1.2880104773906469e-08
77650.04800076805 1.5237474521893178e-08
77700.04800076805 1.270443793974804e-08
77750.04800076805 2.7261300489680796e-08
77800.04800076805 2.4708180799663152e-08
77850.04800076805 4.4452746726733556e-08
77900.04800076805 2.6286127146133402e-08
77950.04800076805 9.771457478816304e-09
78000.04800076805 1.984791036897741e-08
78050.04800076805 2.182777082271281e-08
78100.04800076805 2.1248191945487998e-08
78150.04800076805 3.680794878457112e-08
78200.04800076805 3.689028681984434e-08
78250.04800076805 3.818862187821567e-08
78300.04800076805 2.4025613021525326e-08
78350.04800076805 3.334080643599548e-08
78400.04800076805 1.6196879442030828e-08
78450.04800076805 3.472551870323119e-08
78500.04800076805 4.3474409668463815e-08
78550.04800076805 5.042590225167602e-08
78600.04800076805 3.877520901837352e-08
78650.04800076805 8.991576428300536e-09
78700.04800076805 1.7262270104973272e-08
78750.04800076805 2.2618552712766127e-08
78800.04800076805 2.8021463732537286e-08
78850.04800076805 1.193712057984545e-08
78900.04800076805 2.5535912725926962e-08
78950.04800076805 3.315503624441925e-08
79000.04800076805 2.938219722779534e-08
79050.04800076805 2.358421568946559e-08
79100.04800076805 2.791636832111382e-08
79150.04800076805 2.7308826220771846e-08
79200.04800076805 3.2528338208771394e-08
79250.04800076805 2.032196140404955e-08
79300.04800076805 1.7707944858018886e-08
79350.04800076805 2.7890016448755854e-08
79400.04800076805 1.7584094075257885e-08
79450.04800076805 4.049169593182103e-08
79500.04800076805 5.5804445056973415e-08
79550.04800076805 4.3261480210095075e-08
79600.04800076805 2.1217617885036148e-08
79650.04800076805 3.335993123908158e-08
79700.04800076805 3.172802731511055e-08
79750.04800076805 3.263313020288494e-08
79800.04800076805 1.9252886661087534e-08
79850.04800076805 3.2762889466296046e-08
79900.04800076805 6.043946269578265e-08
79950.04800076805 4.960912537547018e-08
