galfind/configs/Brown_Dwarf_templates/sonora_cholla/logkzz7/562g/800K_562g_logkzz7_resample.dat
# %ECSV 1.0
# ---
# datatype:
# - {name: wav, unit: Angstrom, datatype: float64}
# - {name: flux_nu, unit: erg / (cm2 Hz s), datatype: float64}
# schema: astropy-2.0
wav flux_nu
[from data line 417]
23850.04800076804 1.6704759955202067e-09
23900.04800076804 2.9922746253617094e-09
23950.04800076804 2.6153373764666936e-09
24000.04800076804 3.886310272883166e-09
24050.04800076804 4.255080552334375e-09
24100.04800076804 3.6207475712444656e-09
24150.04800076804 4.506477926679272e-09
24200.04800076804 4.561314480805826e-09
24250.04800076804 3.49366211813128e-09
24300.04800076804 5.402559173994082e-09
24350.04800076804 3.884652677794853e-09
24400.04800076804 7.260151250293345e-09
24450.04800076804 6.109339099874145e-09
24500.04800076804 6.493603378824598e-09
24550.04800076804 8.03151896072737e-09
24600.04800076804 9.146997485166276e-09
24650.04800076804 1.0526719483769599e-08
24700.04800076804 7.429232888146403e-09
24750.04800076804 7.954391305092185e-09
24800.04800076804 7.572230564652449e-09
24850.04800076804 1.188236603609948e-08
24900.04800076804 4.891576574008235e-09
24950.04800076804 9.375108522592282e-09
25000.04800076804 8.875686746210601e-09
25050.04800076804 5.255855523719858e-09
25100.04800076804 7.916328402239173e-09
25150.04800076804 4.1769596701624715e-09
25200.04800076804 6.0082450700995975e-09
25250.04800076804 2.837234290973911e-09
25300.04800076804 4.3088030061229795e-09
25350.04800076804 2.034558773669189e-09
25400.04800076804 4.834024336805033e-09
25450.04800076804 2.2371019273463047e-09
25500.04800076804 1.9875670660248375e-09
25550.04800076804 3.2701331515729385e-09
25600.04800076804 2.0584727162844146e-09
25650.04800076804 1.2644727833509013e-09
25700.04800076804 2.372486529753696e-09
25750.04800076804 9.387258585798218e-10
25800.04800076804 3.076167334058803e-09
25850.04800076804 8.833364584823619e-10
25900.04800076804 1.4154043804724812e-09
25950.04800076804 6.034689284224052e-10
26000.04800076804 2.874646217321875e-09
26050.04800076804 8.808407477284332e-10
26100.04800076804 2.775961003244373e-09
26150.04800076804 1.6781126390739687e-09
26200.04800076804 1.9411164426816375e-09
26250.04800076804 5.737639616247942e-09
26300.04800076804 2.3386484014123128e-09
26350.04800076804 6.851934430428166e-09
26400.04800076804 8.329821507539665e-09
26450.04800076804 6.866445872992414e-09
26500.04800076804 8.917788814543393e-09
26550.04800076804 3.0752755703526255e-09
26600.04800076804 3.4276944672127773e-09
26650.04800076804 1.082165958010983e-09
26700.04800076804 6.680796990407472e-10
26750.04800076804 7.782037970072662e-10
26800.04800076804 1.3945579198876962e-09
26850.04800076804 8.26938770682034e-10
26900.04800076804 2.645184739787085e-09
26950.04800076804 1.1066562443269369e-09
27000.04800076804 3.984865945442656e-09
27050.04800076804 3.905266194181237e-09
27100.04800076804 1.5447311219502499e-09
27150.04800076804 5.495787637992455e-09
27200.04800076804 1.508891817854725e-09
27250.04800076804 2.825438472985191e-09
27300.04800076804 1.1151205447575555e-08
27350.04800076804 5.656792374440246e-09
27400.04800076804 7.407849805444409e-10
27450.04800076804 6.987629389893187e-09
27500.04800076804 9.047012903841537e-09
27550.04800076804 2.143616230538898e-09
27600.04800076804 4.730286448245884e-09
27650.04800076804 1.7706316323733155e-09
27700.04800076804 1.4279030285655183e-09
27750.04800076804 5.582550775101688e-09
27800.04800076804 2.2614885816643834e-09
27850.04800076804 2.791195813509313e-09
27900.04800076804 3.861198999328475e-09
27950.04800076804 7.242741979370031e-09
28000.04800076804 5.482555977568923e-09
28050.04800076804 1.5655630809092276e-09
28100.04800076804 8.289493565004254e-09
28150.04800076804 5.064246349731102e-09
28200.04800076804 1.817851488241095e-09
28250.04800076804 9.306544680995872e-09
28300.04800076804 1.223276558917366e-08
28350.04800076804 2.4238958744154776e-09
28400.04800076804 7.0397767111953325e-09
28450.04800076804 1.1763440028173537e-08
28500.04800076804 6.743797288294642e-09
28550.04800076804 2.179559235630144e-09
28600.04800076804 1.1032119300210244e-08
28650.04800076804 9.792642670924316e-09
28700.04800076804 8.195118590008318e-09
28750.04800076804 1.4670567045123098e-08
28800.04800076804 1.2606195783284625e-08
28850.04800076804 1.4479727185211288e-08
28900.04800076804 6.58483125870046e-09
28950.04800076804 1.9493596339585652e-08
29000.04800076804 1.2762172237540608e-08
29050.04800076804 1.4858952810207678e-08
29100.04800076804 1.0344595536707645e-08
29150.04800076804 2.358204929326482e-08
29200.04800076804 1.3838703365113544e-08
29250.04800076804 2.0449789174799923e-08
29300.04800076804 1.1633673939010622e-08
29350.04800076804 4.8512807481445415e-08
29400.04800076804 1.526532958759282e-08
29450.04800076804 1.89051498090482e-08
29500.04800076804 2.709481127532693e-08
29550.04800076804 1.846481128226833e-08
29600.04800076804 2.6385890041971624e-08
29650.04800076804 2.840182612848204e-08
29700.04800076804 1.585630240942221e-08
29750.04800076804 2.6416478091319982e-08
29800.04800076804 2.72000535107533e-08
29850.04800076804 3.710332149609977e-08
29900.04800076804 3.842956451474336e-08
29950.04800076804 2.8469110414477362e-08
30000.04800076804 1.26038581834945e-08
30050.04800076804 1.6273439892052934e-08
30100.04800076804 2.5974417441932104e-08
30150.04800076804 3.835950998117758e-08
30200.04800076804 2.5044843512592748e-08
30250.04800076804 5.065867531245679e-08
30300.04800076804 4.2449047754276556e-08
30350.04800076804 3.1138819012548056e-08
30400.04800076804 4.695340768485232e-08
30450.04800076804 3.168362909807979e-08
30500.04800076804 3.022446613469472e-08
30550.04800076804 2.698352736669665e-08
30600.04800076804 4.664549057646419e-08
30650.04800076804 3.4225240935854404e-08
30700.04800076804 2.850493215255118e-08
30750.04800076804 3.172377816415669e-08
30800.04800076804 2.4440565348843787e-08
30850.04800076804 2.7772563953147712e-08
30900.04800076804 2.6134721671580944e-08
30950.04800076804 1.5095290012273994e-08
31000.04800076804 2.118442389805678e-08
31050.04800076804 2.1852212766378143e-08
31100.04800076804 1.4426867319969629e-08
31150.04800076804 1.8341469636489378e-08
31200.04800076804 2.3993397842533077e-08
31250.04800076804 1.4136830564938613e-08
31300.04800076804 1.336674239139503e-08
31350.04800076804 1.4321225425744455e-08
31400.04800076804 9.217359577965177e-09
31450.04800076804 1.3435911526958629e-08
31500.04800076804 7.608344867389118e-09
31550.04800076804 9.551723693860457e-09
31600.04800076804 6.5613752085603925e-09
31650.04800076804 6.026644468881486e-09
31700.04800076804 7.89252358184965e-09
31750.04800076804 3.800838792160009e-09
31800.04800076804 7.442955851468838e-09
31850.04800076804 3.6312563938445804e-09
31900.04800076804 5.662714471723425e-09
31950.04800076804 3.874534963505354e-09
32000.04800076804 4.2230001897634315e-09
32050.04800076804 3.662577960959271e-09
32100.04800076804 2.9924809948566942e-09
32150.04800076804 4.273430969886906e-09
32200.04800076804 2.5778615126944117e-09
32250.04800076804 5.688905786954651e-09
32300.04800076804 2.1546917542367334e-09
32350.04800076804 6.425377885945041e-09
32400.04800076804 2.6788865119304704e-09
32450.04800076804 5.01485521730381e-09
32500.04800076804 3.4163031207949314e-09
32550.04800076804 5.0075327140263495e-09
32600.04800076804 4.439345943817872e-09
32650.04800076804 7.284042941447431e-09
32700.04800076804 5.3933128051029875e-09
32750.04800076804 1.0086952687793014e-08
32800.04800076804 8.386885766338093e-09
32850.04800076804 1.3024587144020296e-08
32900.04800076804 1.2807049077642398e-08
32950.04800076804 1.4076604633516067e-08
33000.04800076804 9.309014801686491e-09
33050.04800076804 1.0290483757222583e-08
33100.04800076804 4.285205071861151e-09
33150.04800076804 1.30708298016843e-10
33200.04800076804 3.7044327923888935e-10
33250.04800076804 2.932072322546469e-10
33300.04800076804 6.382807411118834e-10
33350.04800076804 1.81888622469308e-09
33400.04800076804 3.560245451465069e-09
33450.04800076804 3.8877532492812054e-09
33500.04800076804 8.11579488649597e-09
33550.04800076804 5.2005294925623785e-09
33600.04800076804 8.19555998744155e-09
33650.04800076804 7.54603492089793e-09
33700.04800076804 5.393543404311649e-09
33750.04800076804 1.0287031683762079e-08
33800.04800076804 3.529977761148972e-09
33850.04800076804 6.8142282657858625e-09
33900.04800076804 6.789221793174678e-09
33950.04800076804 6.861192480566823e-09
34000.04800076804 9.762458473212211e-09
34050.04800076804 3.0764913983432937e-09
34100.04800076804 8.250558377330477e-09
34150.04800076804 4.605398629461844e-09
34200.04800076804 7.573115240219993e-09
34250.04800076804 6.29352602678701e-09
34300.04800076804 5.208148378419339e-09
34350.04800076804 9.355121781130726e-09
34400.04800076804 4.980965774742581e-09
34450.04800076804 9.99206899074657e-09
34500.04800076804 6.223374265510116e-09
34550.04800076804 4.381834459476319e-09
34600.04800076804 1.1334582449373881e-08
34650.04800076804 4.203649058574655e-09
34700.04800076804 7.220797865840431e-09
34750.04800076804 6.977534183686561e-09
34800.04800076804 4.4796093949532336e-09
34850.04800076804 1.0315839185028512e-08
34900.04800076804 7.777947623413543e-09
34950.04800076804 8.81866419443403e-09
35000.04800076804 1.40046785066899e-08
35050.04800076804 8.298680408658284e-09
35100.04800076804 1.5507726210162603e-08
35150.04800076804 1.344244903631556e-08
35200.04800076804 1.4786433862124373e-08
35250.04800076804 1.8073658413674725e-08
35300.04800076804 1.0280987722622742e-08
35350.04800076804 1.661172886270043e-08
35400.04800076804 1.4958443686548526e-08
35450.04800076804 1.2304915513258252e-08
35500.04800076804 2.7569196122694635e-08
35550.04800076804 1.7961926345842393e-08
35600.04800076804 2.0954189795233353e-08
35650.04800076804 2.204307872456262e-08
35700.04800076804 1.549543831302035e-08
35750.04800076804 3.1717723121848887e-08
35800.04800076804 2.3493249960167658e-08
35850.04800076804 1.5273970750723487e-08
35900.04800076804 2.514276901496777e-08
35950.04800076804 2.667348253738493e-08
36000.04800076804 1.7710629625961884e-08
36050.04800076804 2.453015797832449e-08
36100.04800076804 2.1803659604345757e-08
36150.04800076804 3.2786906697064617e-08
36200.04800076804 3.0713309367281884e-08
36250.04800076804 3.169318137191859e-08
36300.04800076804 3.9834795884492506e-08
36350.04800076804 3.397384553828351e-08
36400.04800076804 4.8922388033353495e-08
36450.04800076804 4.190857495165523e-08
36500.04800076804 4.2410263143895904e-08
36550.04800076804 5.88898196721757e-08
36600.04800076804 6.577108277909466e-08
36650.04800076804 5.888516515782236e-08
36700.04800076804 6.090316490229187e-08
36750.04800076804 6.767824062361976e-08
36800.04800076804 6.700773940002401e-08
36850.04800076804 5.141813229422401e-08
36900.04800076804 6.343143869584034e-08
36950.04800076804 6.934003146160412e-08
37000.04800076804 6.154412655029324e-08
37050.04800076804 7.492055712438294e-08
37100.04800076804 7.003014612119353e-08
37150.04800076804 7.490362661044598e-08
37200.04800076804 8.344823264392734e-08
37250.04800076804 6.524243795523975e-08
37300.04800076804 6.456813060197289e-08
37350.04800076804 8.455901555147736e-08
37400.04800076804 1.0646436326776551e-07
37450.04800076804 7.199291526662248e-08
37500.04800076804 7.229901322856347e-08
37550.04800076804 1.1569617931694502e-07
37600.04800076804 1.3573100985074665e-07
37650.04800076804 8.207688060903133e-08
37700.04800076804 1.1131479680406829e-07
37750.04800076804 8.031548636587455e-08
37800.04800076804 9.364769601447593e-08
37850.04800076804 6.593485388752354e-08
37900.04800076804 8.218453785896864e-08
37950.04800076804 1.0698899968059452e-07
38000.04800076804 1.2400839380334762e-07
38050.04800076804 1.1654572813851569e-07
38100.04800076804 1.3565777339270015e-07
38150.04800076804 1.3269045468690662e-07
38200.04800076804 1.3554550000993639e-07
38250.04800076804 1.3386352603800998e-07
38300.04800076804 1.8474735463405312e-07
38350.04800076804 1.7412007797417962e-07
38400.04800076804 1.1177144722177585e-07
38450.04800076804 1.0535930519688465e-07
38500.04800076804 7.762828191942407e-08
38550.04800076804 1.195715382133118e-07
38600.04800076804 1.2701428183989398e-07
38650.04800076804 1.592674913731813e-07
38700.04800076804 1.598807057983214e-07
38750.04800076804 1.599802414807377e-07
38800.04800076804 1.2686818379832109e-07
38850.04800076804 1.7233202005777562e-07
38900.04800076804 1.8094950227443275e-07
38950.04800076804 1.381555848751624e-07
39000.04800076804 1.9170019114839002e-07
39050.04800076804 1.5199502149370864e-07
39100.04800076804 1.7115446776644975e-07
39150.04800076804 1.723981352780222e-07
39200.04800076804 1.5586196128958403e-07
39250.04800076804 1.988885333804844e-07
39300.04800076804 1.820861105041896e-07
39350.04800076804 2.371080297883007e-07
39400.04800076804 2.0070968378310342e-07
39450.04800076804 2.1118419239950738e-07
39500.04800076804 2.152353127111148e-07
39550.04800076804 1.9156606335103274e-07
39600.04800076804 2.114425082278349e-07
39650.04800076804 2.66708791210006e-07
39700.04800076804 2.200942843544986e-07
39750.04800076804 1.5366319676891696e-07
39800.04800076804 1.9702603074591962e-07
39850.04800076804 2.6142362087107155e-07
39900.04800076804 2.66923325826905e-07
39950.04800076804 2.2225877891402449e-07
40000.04800076804 2.785694375016594e-07
40050.04800076804 2.631105537504846e-07
40100.04800076804 1.744997009055075e-07
40150.04800076804 2.7840640193215154e-07
40200.04800076804 2.796248745817569e-07
40250.04800076804 2.8456808954596564e-07
40300.04800076804 2.9017155770449747e-07
40350.04800076804 2.129417477329388e-07
40400.04800076804 2.88563850334228e-07
40450.04800076804 2.3235503794626597e-07
40500.04800076804 2.914527120004625e-07
40550.04800076804 2.935658714578377e-07
40600.04800076804 2.8116290520329644e-07
40650.04800076804 2.682914237082308e-07
40700.04800076804 3.7701767483599823e-07
40750.04800076804 2.99561918682254e-07
40800.04800076804 2.3136461443688603e-07
40850.04800076804 3.5777101371954456e-07
40900.04800076804 3.421749661341406e-07
40950.04800076804 2.6826135803723795e-07
41000.04800076804 3.0422913948746446e-07
41050.04800076804 3.6203704862162304e-07
41100.04800076804 2.789936463647529e-07
41150.04800076804 2.1484058301796597e-07
41200.04800076804 3.6417793777937635e-07
41250.04800076804 3.2288974664538943e-07
41300.04800076804 2.832285669247046e-07
41350.04800076804 3.7904691294613704e-07
41400.04800076804 3.270020120217547e-07
41450.04800076804 3.5462618275518177e-07
41500.04800076804 2.820826295337672e-07
41550.04800076804 2.573372428633874e-07
41600.04800076804 3.1741408974416905e-07
41650.04800076804 3.4212420229155704e-07
41700.04800076804 3.092830229769492e-07
41750.04800076804 2.950866111070998e-07
41800.04800076804 3.81260312176232e-07
41850.04800076804 2.344193875847122e-07
41900.04800076804 2.6182931959387436e-07
41950.04800076804 3.0811343155071205e-07
42000.04800076804 3.36488204096773e-07
42050.04800076804 2.7724168730424983e-07
42100.04800076804 3.548006486662155e-07
42150.04800076804 2.495104289421394e-07
42200.04800076804 2.690796138925928e-07
42250.04800076804 2.560591121755664e-07
42300.04800076804 2.4294366339631134e-07
42350.04800076804 2.848336225089169e-07
42400.04800076804 2.782251399725313e-07
42450.04800076804 2.5303845654440883e-07
42500.04800076804 2.5555763040630373e-07
42550.04800076804 2.3898690725594795e-07
42600.04800076804 2.7216293074989723e-07
42650.04800076804 3.5641061810642494e-07
42700.04800076804 2.240620157729859e-07
42750.04800076804 2.3185745441623555e-07
42800.04800076804 2.3605213487656272e-07
42850.04800076804 2.893073943705003e-07
42900.04800076804 3.0724452039947654e-07
42950.04800076804 2.2008513246618756e-07
43000.04800076804 2.9836099157642977e-07
43050.04800076804 1.4917559569067966e-07
43100.04800076804 2.387295754254183e-07
43150.04800076804 2.4426985029236103e-07
43200.04800076804 2.669349591503454e-07
43250.04800076804 3.4240189985109167e-07
43300.04800076804 3.478650404340361e-07
43350.04800076804 1.9720476534403865e-07
43400.04800076804 2.6760733393303407e-07
43450.04800076804 1.9580609992804412e-07
43500.04800076804 2.268679748901392e-07
43550.04800076804 2.12490278203632e-07
43600.04800076804 2.805859047641417e-07
