galfind/configs/Brown_Dwarf_templates/sonora_cholla/logkzz7/562g/800K_562g_logkzz7_resample.dat
# %ECSV 1.0
# ---
# datatype:
# - {name: wav, unit: Angstrom, datatype: float64}
# - {name: flux_nu, unit: erg / (cm2 Hz s), datatype: float64}
# schema: astropy-2.0
wav flux_nu
[from data line 1211]
63550.04800076804 7.44983598361669e-08
63600.04800076804 7.556272098251066e-08
63650.04800076804 4.942725687038308e-08
63700.04800076804 2.221407842897563e-08
63750.04800076804 4.3672946572685473e-08
63800.04800076804 7.814614535231438e-08
63850.04800076804 6.212882116766349e-08
63900.04800076804 2.8148617930082135e-08
63950.04800076804 5.440218885547308e-08
64000.04800076804 6.707339551654124e-08
64050.04800076804 3.445309934747508e-08
64100.04800076804 9.674601872634865e-09
64150.04800076804 1.5106950401915143e-08
64200.04800076804 1.796906821148755e-08
64250.04800076804 3.953962974998317e-08
64300.04800076804 3.013207358647605e-08
64350.04800076804 2.345037824861065e-08
64400.04800076804 5.34904202642637e-08
64450.04800076804 5.7239012720770224e-08
64500.04800076804 2.43888932121051e-08
64550.04800076804 4.660804337847719e-08
64600.04800076804 2.5790207130827707e-08
64650.04800076804 4.4327556980728875e-08
64700.04800076804 1.790210272173428e-08
64750.04800076804 2.658117029008478e-08
64800.04800076804 2.0506344242592495e-08
64850.04800076804 1.5791511970031227e-08
64900.04800076804 1.703139552395264e-08
64950.04800076804 1.5584804559932815e-08
65000.04800076804 2.262412952636705e-08
65050.04800076804 3.204263086672619e-08
65100.04800076804 4.350992447188145e-08
65150.04800076804 2.2898902402186378e-08
65200.04800076804 1.4378835716522287e-08
65250.04800076804 3.34275006994165e-08
65300.04800076804 3.1212845029662144e-08
65350.04800076804 7.240549113198839e-08
65400.04800076804 3.026469997699554e-08
65450.04800076804 3.083145757693836e-08
65500.04800076804 3.759036522080181e-08
65550.04800076805 1.9079707893612687e-08
65600.04800076805 3.5156427319177845e-08
65650.04800076805 2.7049478081746286e-08
65700.04800076805 2.5407470622717998e-08
65750.04800076805 1.7646096863831667e-08
65800.04800076805 3.261652784431736e-08
65850.04800076805 4.5220689585610577e-08
65900.04800076805 1.6522883109536416e-08
65950.04800076805 2.0985302817128065e-08
66000.04800076805 2.8071981227452287e-08
66050.04800076805 5.799776345154342e-08
66100.04800076805 3.207678947756044e-08
66150.04800076805 2.6856543732438075e-08
66200.04800076805 2.5462057764685693e-08
66250.04800076805 1.9685983325440375e-08
66300.04800076805 8.70133766757159e-09
66350.04800076805 1.0240183718296585e-08
66400.04800076805 1.7588830594343823e-08
66450.04800076805 3.9818762778637437e-08
66500.04800076805 5.631862936102902e-08
66550.04800076805 5.295058089900259e-08
66600.04800076805 4.122613116724935e-08
66650.04800076805 3.410421353822322e-08
66700.04800076805 2.6961124949620895e-08
66750.04800076805 2.5064153521353095e-08
66800.04800076805 3.307753415789477e-08
66850.04800076805 2.133598995491765e-08
66900.04800076805 5.543582978942488e-08
66950.04800076805 5.7127254514415e-08
67000.04800076805 6.130314137001957e-08
67050.04800076805 3.585370707465991e-08
67100.04800076805 2.4220695552435548e-08
67150.04800076805 2.706509102478851e-08
67200.04800076805 3.9709740725762465e-08
67250.04800076805 3.629614384912609e-08
67300.04800076805 5.0366548744833464e-08
67350.04800076805 2.7384035796368512e-08
67400.04800076805 6.071292615150958e-08
67450.04800076805 4.0657730990561614e-08
67500.04800076805 3.7320517838944195e-08
67550.04800076805 5.8350192329945245e-08
67600.04800076805 9.747637068014968e-08
67650.04800076805 7.091718934940103e-08
67700.04800076805 4.558506989922713e-08
67750.04800076805 3.294142567623594e-08
67800.04800076805 4.8035772191515924e-08
67850.04800076805 2.3319305965716974e-08
67900.04800076805 2.9727468311401534e-08
67950.04800076805 2.178779993129717e-08
68000.04800076805 4.212898261797153e-08
68050.04800076805 5.404303967468614e-08
68100.04800076805 7.084971569488055e-08
68150.04800076805 5.718844321456586e-08
68200.04800076805 5.205768926025257e-08
68250.04800076805 1.523177041784987e-08
68300.04800076805 4.959342383325772e-08
68350.04800076805 3.5878874464613016e-08
68400.04800076805 7.657256245321897e-08
68450.04800076805 6.494556587014062e-08
68500.04800076805 4.6925829403658846e-08
68550.04800076805 2.3505391192777903e-08
68600.04800076805 2.5315876883629618e-08
68650.04800076805 1.3791987188202535e-08
68700.04800076805 3.020269447153502e-08
68750.04800076805 4.4682911619419735e-08
68800.04800076805 5.2007285659824265e-08
68850.04800076805 2.165281267195168e-08
68900.04800076805 7.348645041937056e-08
68950.04800076805 7.550105087211774e-08
69000.04800076805 5.8758359909602524e-08
69050.04800076805 3.093297654084556e-08
69100.04800076805 6.999049931775612e-08
69150.04800076805 9.008701346154083e-08
69200.04800076805 5.750096121541534e-08
69250.04800076805 8.94802601194104e-08
69300.04800076805 5.619417994506116e-08
69350.04800076805 8.78821264470886e-08
69400.04800076805 3.358300019595257e-08
69450.04800076805 8.487459768650163e-08
69500.04800076805 4.2282190149029156e-08
69550.04800076805 4.163167690253045e-08
69600.04800076805 1.2907515412480175e-08
69650.04800076805 3.859805120291258e-08
69700.04800076805 6.881996617876577e-08
69750.04800076805 4.5490426422759235e-08
69800.04800076805 6.487884595238222e-08
69850.04800076805 6.956991008271243e-08
69900.04800076805 4.9886613597599394e-08
69950.04800076805 4.8309684779708716e-08
70000.04800076805 4.547886344007989e-08
70050.04800076805 8.405821475186615e-08
70100.04800076805 5.787980272593558e-08
70150.04800076805 5.572164620550702e-08
70200.04800076805 3.741655679777023e-08
70250.04800076805 5.1868891807925325e-08
70300.04800076805 8.276260189946259e-08
70350.04800076805 5.99797266953367e-08
70400.04800076805 3.662771097957995e-08
70450.04800076805 1.1241961445977375e-08
70500.04800076805 3.0255441268557136e-08
70550.04800076805 3.060724269793716e-08
70600.04800076805 3.089404899688022e-08
70650.04800076805 6.761808439341837e-08
70700.04800076805 6.377628529831397e-08
70750.04800076805 8.886217157188974e-08
70800.04800076805 4.7224205519858076e-08
70850.04800076805 4.4866003140792517e-08
70900.04800076805 5.0669757074538464e-08
70950.04800076805 7.223667015508752e-08
71000.04800076805 6.492863444323547e-08
71050.04800076805 6.647215865091579e-08
71100.04800076805 5.461137256203286e-08
71150.04800076805 4.336846767512101e-08
71200.04800076805 3.8228068438811346e-08
71250.04800076805 5.3304115252810786e-08
71300.04800076805 6.975920360503389e-08
71350.04800076805 7.178104651928159e-08
71400.04800076805 6.174492436771671e-08
71450.04800076805 2.951272788759614e-08
71500.04800076805 3.429131051397929e-08
71550.04800076805 4.015813193966689e-08
71600.04800076805 4.8705580565433785e-08
71650.04800076805 3.573294902749675e-08
71700.04800076805 2.699560567361172e-08
71750.04800076805 4.654181498647055e-08
71800.04800076805 6.483629861523072e-08
71850.04800076805 6.244528741837506e-08
71900.04800076805 3.588862343184787e-08
71950.04800076805 4.7427180281235356e-08
72000.04800076805 4.437014940089868e-08
72050.04800076805 2.6945043572472675e-08
72100.04800076805 3.273856832153762e-08
72150.04800076805 3.0777613402584104e-08
72200.04800076805 4.82965867972074e-08
72250.04800076805 6.155768634901394e-08
72300.04800076805 4.4138406246648184e-08
72350.04800076805 4.921075062205439e-08
72400.04800076805 4.3304446600890445e-08
72450.04800076805 3.572486395723698e-08
72500.04800076805 4.706577517221567e-08
72550.04800076805 2.0607816766696358e-08
72600.04800076805 3.3383594541174445e-08
72650.04800076805 5.4628114078833086e-08
72700.04800076805 4.188761836297596e-08
72750.04800076805 4.0872657064499e-08
72800.04800076805 2.8594244652348138e-08
72850.04800076805 3.375730010733848e-08
72900.04800076805 5.945925596730606e-08
72950.04800076805 4.2173067034035314e-08
73000.04800076805 4.241359881422379e-08
73050.04800076805 2.6858510643472797e-08
73100.04800076805 2.9737401607422625e-08
73150.04800076805 6.494914794808775e-08
73200.04800076805 2.9028814726940118e-08
73250.04800076805 3.9427845081088814e-08
73300.04800076805 3.279964763839993e-08
73350.04800076805 2.334650119507515e-08
73400.04800076805 3.774783261397917e-08
73450.04800076805 2.3738515276823803e-08
73500.04800076805 2.142533016002289e-08
73550.04800076805 3.6962861223898684e-08
73600.04800076805 3.1628546051211724e-08
73650.04800076805 3.714851531158112e-08
73700.04800076805 3.891694556523632e-08
73750.04800076805 1.8221968319664043e-08
73800.04800076805 3.29381256192665e-08
73850.04800076805 4.1763115406678824e-08
73900.04800076805 3.183724846629468e-08
73950.04800076805 2.989533341373044e-08
74000.04800076805 1.9916650427814147e-08
74050.04800076805 5.4317000574811715e-08
74100.04800076805 3.508533174974888e-08
74150.04800076805 3.665538695133596e-08
74200.04800076805 2.7847389792900706e-08
74250.04800076805 9.695006545375906e-09
74300.04800076805 3.3849260647523645e-08
74350.04800076805 4.8318831392096144e-08
74400.04800076805 4.5421781629909565e-08
74450.04800076805 2.1165189143086773e-08
74500.04800076805 1.6551494621030914e-08
74550.04800076805 3.0009335295261516e-08
74600.04800076805 3.0593312930898243e-08
74650.04800076805 3.0162027745017286e-08
74700.04800076805 2.1216537905504107e-08
74750.04800076805 1.938913356495421e-08
74800.04800076805 2.5345531027369666e-08
74850.04800076805 2.6677163316175625e-08
74900.04800076805 4.5603063790705056e-08
74950.04800076805 4.569678063601427e-08
75000.04800076805 2.5347034152198393e-08
75050.04800076805 1.3567842023068291e-08
75100.04800076805 4.7110552970379275e-08
75150.04800076805 4.447808989527536e-08
75200.04800076805 4.91039198371907e-08
75250.04800076805 5.3622139865227595e-08
75300.04800076805 4.726708344508698e-08
75350.04800076805 2.0249421673324956e-08
75400.04800076805 5.697227948944573e-08
75450.04800076805 4.616701396652796e-08
75500.04800076805 4.2472096168397636e-08
75550.04800076805 4.6182249893434186e-08
75600.04800076805 6.166975384562391e-08
75650.04800076805 3.792003884331435e-08
75700.04800076805 4.988422190252014e-08
75750.04800076805 2.9223640626077936e-08
75800.04800076805 4.629937471285267e-08
75850.04800076805 5.5971802221782564e-08
75900.04800076805 5.013252792348092e-08
75950.04800076805 2.8489417340288775e-08
76000.04800076805 5.268525016225034e-08
76050.04800076805 5.112386972937712e-08
76100.04800076805 4.8895449063889786e-08
76150.04800076805 5.3405325780301536e-08
76200.04800076805 5.103132806824558e-08
76250.04800076805 4.6682135168447855e-08
76300.04800076805 8.19162748310863e-08
76350.04800076805 9.043806546458887e-08
76400.04800076805 6.996226390884689e-08
76450.04800076805 6.22202266321537e-08
76500.04800076805 4.710878477180626e-08
76550.04800076805 2.6296973178665776e-08
76600.04800076805 8.43642811356364e-09
76650.04800076805 1.0341545087784863e-08
76700.04800076805 1.3398529334287608e-08
76750.04800076805 1.297060466214344e-08
76800.04800076805 2.4133163036962662e-08
76850.04800076805 8.737965186871149e-09
76900.04800076805 1.0341253676150758e-08
76950.04800076805 2.146806425836704e-08
77000.04800076805 2.624768344367298e-08
77050.04800076805 1.251564369426378e-08
77100.04800076805 1.57180588888562e-08
77150.04800076805 2.9479217692737123e-08
77200.04800076805 2.2373258850026667e-08
77250.04800076805 2.3785923313586335e-08
77300.04800076805 2.7512358742001967e-08
77350.04800076805 1.3524436177514155e-08
77400.04800076805 1.6569177450642616e-08
77450.04800076805 2.5292867936846525e-08
77500.04800076805 2.196578193435222e-08
77550.04800076805 2.279867368693914e-08
77600.04800076805 1.982274093994216e-08
77650.04800076805 2.203649765873151e-08
77700.04800076805 1.892535361325863e-08
77750.04800076805 3.6271964850228026e-08
77800.04800076805 3.1619846053869666e-08
77850.04800076805 5.581360866329606e-08
77900.04800076805 3.613187286177715e-08
77950.04800076805 1.5389936204541056e-08
78000.04800076805 2.8262934229643948e-08
78050.04800076805 2.999211709595231e-08
78100.04800076805 2.7699350633987476e-08
78150.04800076805 4.7297532383108265e-08
78200.04800076805 4.569788931677677e-08
78250.04800076805 4.9590054723405153e-08
78300.04800076805 3.5552374579397356e-08
78350.04800076805 4.4079508337622076e-08
78400.04800076805 2.4256669829654154e-08
78450.04800076805 4.765673995057043e-08
78500.04800076805 5.538129343673408e-08
78550.04800076805 6.231488411056996e-08
78600.04800076805 4.96561004687891e-08
78650.04800076805 1.4086688329421816e-08
78700.04800076805 2.5201315144487383e-08
78750.04800076805 3.0023189301293505e-08
78800.04800076805 4.006218056045425e-08
78850.04800076805 1.7911955497534845e-08
78900.04800076805 3.497358976722973e-08
78950.04800076805 4.256047547141803e-08
79000.04800076805 3.9172653227690485e-08
79050.04800076805 3.258550036283679e-08
79100.04800076805 3.6718363268394286e-08
79150.04800076805 3.816145577756232e-08
79200.04800076805 4.43060607384641e-08
79250.04800076805 2.982767409427518e-08
79300.04800076805 2.4856219313631665e-08
79350.04800076805 3.901785833914489e-08
79400.04800076805 2.6382442583621546e-08
79450.04800076805 5.285103195708805e-08
79500.04800076805 7.180612696429589e-08
79550.04800076805 5.574860731439094e-08
79600.04800076805 2.8212164434875097e-08
79650.04800076805 4.30534127543182e-08
79700.04800076805 4.339183757024653e-08
79750.04800076805 4.5462811661652896e-08
79800.04800076805 2.7594733083029936e-08
79850.04800076805 4.2589070398934884e-08
79900.04800076805 7.65751986380176e-08
79950.04800076805 6.028995836627309e-08
