galfind/configs/Brown_Dwarf_templates/sonora_cholla/logkzz7/562g/850K_562g_logkzz7_resample.dat
# %ECSV 1.0
# ---
# datatype:
# - {name: wav, unit: Angstrom, datatype: float64}
# - {name: flux_nu, unit: erg / (cm2 Hz s), datatype: float64}
# schema: astropy-2.0
wav flux_nu
[from data line 774]
48700.000000000095 9.279990112318156e-08
48750.000000000095 4.989382851606227e-08
48800.000000000095 9.171601936891877e-08
48850.000000000095 6.350280867291314e-08
48900.000000000095 9.099961758636713e-08
48950.000000000095 8.665191138420916e-08
49000.000000000095 7.266622096948734e-08
49050.000000000095 9.621885758036991e-08
49100.000000000095 6.818945104855212e-08
49150.000000000095 1.1710650739848387e-07
49200.000000000095 6.589252576612578e-08
49250.000000000095 1.2140253075464268e-07
49300.000000000095 7.792853581090578e-08
49350.000000000095 9.000243409767406e-08
49400.000000000095 1.0730665037826563e-07
49450.000000000095 9.593763415041138e-08
49500.000000000095 9.281075512183205e-08
49550.000000000095 4.628687634381078e-08
49600.000000000095 9.70746050050121e-08
49650.000000000095 9.57568099988631e-08
49700.000000000095 9.434537669169063e-08
49750.000000000095 1.559747193943268e-07
49800.000000000095 8.290517327985891e-08
49850.000000000095 1.7579163915388588e-07
49900.000000000095 1.1906268110094385e-07
49950.000000000095 1.4520171104408488e-07
50000.000000000095 1.4685740881804542e-07
50050.000000000095 1.3754510463275416e-07
50100.000000000095 1.7470367476687826e-07
50150.000000000095 8.106783130710613e-08
50200.000000000095 4.624042568696461e-08
50250.000000000095 1.2822360480081416e-07
50300.000000000095 9.571207308519247e-08
50350.000000000095 1.550149532230714e-07
50400.000000000095 1.3111968952032314e-07
50450.000000000095 1.3324412035382494e-07
50500.000000000095 1.9259430112427164e-07
50550.000000000095 1.5305000006174157e-07
50600.000000000095 1.5714607129034165e-07
50650.000000000095 1.4847796171192384e-07
50700.000000000095 2.2266798880797107e-07
50750.000000000095 1.8810648206511122e-07
50800.000000000095 8.316780125447005e-08
50850.000000000095 7.634579613715085e-08
50900.000000000095 1.8708538308278823e-07
50950.000000000095 1.869769757052165e-07
51000.000000000095 1.651670660196098e-07
51050.000000000095 1.6697330811549466e-07
51100.000000000095 8.481474913745625e-08
51150.000000000095 1.1862262037537914e-07
51200.000000000095 2.1111846167312266e-07
51250.000000000095 1.735399547362172e-07
51300.000000000095 1.1610954199090883e-07
51350.000000000095 1.4448821928945873e-07
51400.000000000095 8.576641513101711e-08
51450.000000000095 7.346422382199016e-08
51500.000000000095 6.413657084642838e-08
51550.000000000095 1.4887788702652728e-07
51600.000000000095 1.1181123105370314e-07
51650.000000000095 1.5006640028164056e-07
51700.000000000095 1.5702440598161637e-07
51750.000000000095 9.894642795583596e-08
51800.000000000095 2.0531040605085032e-07
51850.000000000095 1.6867959406469797e-07
51900.000000000095 2.1412449031645767e-07
51950.000000000095 1.5475620856265778e-07
52000.000000000095 3.968036673287663e-08
52050.000000000095 9.725416569281298e-08
52100.000000000095 7.86565292860552e-08
52150.000000000095 5.7134472369564775e-08
52200.000000000095 7.962362214855545e-08
52250.000000000095 1.196698155730447e-07
52300.000000000095 1.988005819377766e-07
52350.000000000095 9.37977288375247e-08
52400.000000000095 8.60424033097272e-08
52450.000000000095 1.7076801015187022e-07
52500.000000000095 1.585101844630771e-07
52550.000000000095 1.5334929241191215e-07
52600.000000000095 1.2520484667435542e-07
52650.000000000095 1.3348720448408034e-07
52700.000000000095 1.0640119265092068e-07
52750.000000000095 7.216996309567417e-08
52800.000000000095 8.684725297342974e-08
52850.000000000095 1.0447626190966507e-07
52900.000000000095 7.238785138086282e-08
52950.000000000095 8.750278772739021e-08
53000.000000000095 1.6493196475755018e-07
53050.000000000095 6.212663093126264e-08
53100.000000000095 1.6525805577962815e-07
53150.000000000095 1.9436855519222779e-07
53200.000000000095 8.147249992112264e-08
53250.000000000095 1.7111107655767412e-07
53300.000000000095 1.8509611093111164e-07
53350.000000000095 1.7912621730033923e-07
53400.000000000095 1.5696781166721533e-07
53450.000000000095 5.9625538317592e-08
53500.000000000095 2.973614897893644e-08
53550.000000000095 5.206232213087971e-08
53600.000000000095 1.063555172233743e-07
53650.000000000095 9.060353311431301e-08
53700.000000000095 8.034738570733097e-08
53750.000000000095 7.748699882107187e-08
53800.000000000095 7.934192084682865e-08
53850.000000000095 1.130292333429674e-07
53900.000000000095 1.281782266383712e-07
53950.000000000095 1.5868940388577126e-07
54000.000000000095 1.0372411256947086e-07
54050.000000000095 1.0947336005120354e-07
54100.000000000095 4.0535370847305656e-08
54150.000000000095 6.23719304498113e-08
54200.000000000095 2.3075254273020594e-08
54250.000000000095 3.746635467328861e-08
54300.000000000095 7.191854127068822e-08
54350.000000000095 1.002835303826407e-07
54400.000000000095 9.394499632162219e-08
54450.000000000095 8.348854863530731e-08
54500.000000000095 7.234309612815614e-08
54550.000000000095 6.396386691886938e-08
54600.000000000095 7.503446538660459e-08
54650.000000000095 2.8330324380383283e-08
54700.000000000095 8.96928869099731e-08
54750.000000000095 8.232614849530274e-08
54800.000000000095 5.219109491170918e-08
54850.000000000095 6.904297905542582e-08
54900.000000000095 1.0239140845087714e-07
54950.000000000095 1.451931996129495e-07
55000.000000000095 5.345022059982618e-08
55050.000000000095 8.450457182955309e-08
55100.000000000095 8.819384389033993e-08
55150.000000000095 6.062838863870289e-08
55200.000000000095 5.568839112893548e-08
55250.000000000095 7.059259471005274e-08
55300.000000000095 4.72538952505219e-08
55350.000000000095 8.926176827375971e-08
55400.000000000095 1.0694519951187791e-07
55450.000000000095 6.73578173063118e-08
55500.000000000095 3.2280379120069925e-08
55550.000000000095 4.2200727698829946e-08
55600.000000000095 4.9858191466562304e-08
55650.000000000095 4.482412082091585e-08
55700.000000000095 5.336830141858808e-08
55750.000000000095 5.578585337379104e-08
55800.000000000095 3.300807007725756e-08
55850.000000000095 3.576050859059982e-08
55900.000000000095 7.651345010366095e-08
55950.000000000095 1.0559732751594047e-07
56000.000000000095 4.378486255382555e-08
56050.000000000095 5.7392094282147084e-08
56100.000000000095 7.649672968689814e-08
56150.000000000095 4.694441795340549e-08
56200.000000000095 5.780615340548024e-08
56250.000000000095 7.931668219918948e-08
56300.000000000095 6.62917893750449e-08
56350.000000000095 5.711064658596942e-08
56400.000000000095 3.012698634960586e-08
56450.000000000095 2.7498492956353753e-08
56500.000000000095 5.2934141349874845e-08
56550.000000000095 2.748125944246e-08
56600.000000000095 7.386397927173366e-08
56650.000000000095 7.681390639117385e-08
56700.000000000095 7.423457167169204e-08
56750.000000000095 3.103527588998888e-08
56800.000000000095 6.248226881913157e-08
56850.000000000095 5.933277900868451e-08
56900.000000000095 4.0525258712131016e-08
56950.000000000095 7.197651330410767e-08
57000.000000000095 8.611907091474388e-08
57050.000000000095 4.7197272067937346e-08
57100.000000000095 2.0301557969320553e-08
57150.000000000095 3.425238823347151e-08
57200.000000000095 2.7893541709991342e-08
57250.000000000095 3.9767113855254415e-08
57300.000000000095 5.670419749120467e-08
57350.000000000095 3.1210734140248746e-08
57400.000000000095 6.712921709268033e-08
57450.000000000095 4.696259703396227e-08
57500.000000000095 4.316778122918582e-08
57550.000000000095 5.983944777729635e-08
57600.000000000095 5.847717779259164e-08
57650.000000000095 1.842575521016842e-08
57700.000000000095 2.8130096681281026e-08
57750.000000000095 3.9673680474965234e-08
57800.000000000095 1.674778992038415e-08
57850.000000000095 9.496665428234582e-08
57900.000000000095 1.1006672819382554e-07
57950.000000000095 1.0757607439355108e-07
58000.000000000095 4.293469465461685e-08
58050.000000000095 6.540775124366775e-08
58100.000000000095 7.353171237474016e-08
58150.000000000095 4.930099829925886e-08
58200.000000000095 2.0097438452649502e-08
58250.000000000095 2.733991861318433e-08
58300.000000000095 2.746307300130208e-08
58350.000000000095 3.323525005041181e-08
58400.000000000095 5.882431745431219e-08
58450.000000000095 6.663095841818435e-08
58500.000000000095 6.305960565157111e-08
58550.000000000095 6.442037715323556e-08
58600.000000000095 3.151860942500177e-08
58650.000000000095 3.962734499230872e-08
58700.000000000095 4.729239468837198e-08
58750.000000000095 4.798715587077875e-08
58800.000000000095 1.461889764619211e-08
58850.000000000095 3.6101334232453046e-08
58900.000000000095 4.911049402393555e-08
58950.000000000095 2.4989254947683164e-08
59000.000000000095 5.065474561426321e-08
59050.000000000095 6.530844340507144e-08
59100.000000000095 7.174063843771509e-08
59150.000000000095 5.242184778811987e-08
59200.000000000095 5.589939815891046e-08
59250.000000000095 5.90605785762819e-08
59300.000000000095 5.196158286990177e-08
59350.000000000095 1.813292533012749e-08
59400.000000000095 1.597988846575275e-08
59450.000000000095 5.163112301035275e-08
59500.000000000095 2.767123515373734e-08
59550.000000000095 6.182753192405328e-08
59600.000000000095 7.318133570436665e-08
59650.000000000095 4.3635912527782067e-08
59700.000000000095 3.0911405727630284e-08
59750.000000000095 8.602275099771783e-08
59800.000000000095 4.2346144455625706e-08
59850.000000000095 6.04272645543437e-08
59900.000000000095 2.484562176652003e-08
59950.000000000095 5.0657641979736306e-08
60000.000000000095 9.867879607510245e-08
60050.000000000095 8.814085161425868e-08
60100.000000000095 7.743673596087473e-08
60150.000000000095 4.201385510969957e-08
60200.000000000095 6.389204139600289e-08
60250.000000000095 9.381765222431487e-08
60300.000000000095 8.320028800840625e-08
60350.000000000095 5.252926900880528e-08
60400.000000000095 6.115198864195142e-08
60450.000000000095 2.32832359516347e-08
60500.000000000095 1.1801605929825359e-08
60550.000000000095 5.7836023202131793e-08
60600.000000000095 6.502026465826528e-08
60650.000000000095 4.664495882708698e-08
60700.000000000095 3.6563600200615804e-08
60750.000000000095 2.2584578689505536e-08
60800.000000000095 6.485931710023557e-08
60850.000000000095 1.1086769023061836e-07
60900.000000000095 9.854726712390195e-08
60950.000000000095 7.946731261724796e-08
61000.000000000095 6.806018891011053e-08
61050.000000000095 3.585377813513445e-08
61100.000000000095 4.7553710949274447e-08
61150.000000000095 1.915392007605624e-08
61200.000000000095 7.245045863572596e-08
61250.000000000095 8.547968089861921e-08
61300.000000000095 7.383512674431062e-08
61350.000000000095 1.1017585948359853e-07
61400.000000000095 5.241320288536937e-08
61450.000000000095 2.7801631109195138e-08
61500.000000000095 3.424206972538698e-08
61550.000000000095 4.7649150320031785e-08
61600.000000000095 2.811546507846365e-08
61650.000000000095 4.983393234708928e-08
61700.000000000095 4.8198499516633555e-08
61750.000000000095 5.617609320302912e-08
61800.000000000095 5.5747664096479305e-08
61850.000000000095 2.7988069360589934e-08
61900.000000000095 8.636534464284281e-08
61950.000000000095 9.534053117926302e-08
62000.000000000095 9.138031655440531e-08
62050.000000000095 9.214445182507353e-08
62100.000000000095 7.49145417410455e-08
62150.000000000095 9.153209027470848e-08
62200.000000000095 7.983409528539892e-08
62250.000000000095 6.712889048022032e-08
62300.000000000095 1.2489793354272623e-07
62350.000000000095 1.0253040916183784e-07
62400.000000000095 5.2937882659951344e-08
62450.000000000095 7.219971156291428e-08
62500.000000000095 1.1537397691024064e-07
62550.000000000095 1.214985242366833e-07
62600.000000000095 1.1651596847333559e-07
62650.000000000095 8.873910877911385e-08
62700.000000000095 8.419631032255768e-08
62750.000000000095 1.1399527596741674e-07
62800.000000000095 6.64349742143722e-08
62850.000000000095 1.0049386209618758e-07
62900.000000000095 7.83001966232742e-08
62950.000000000095 1.3116896348965347e-07
63000.000000000095 9.509737695123144e-08
63050.000000000095 1.5474516417955996e-07
63100.000000000095 1.4190929012156193e-07
63150.000000000095 9.441642028362803e-08
63200.000000000095 1.0929016402577883e-07
63250.000000000095 1.084613689447751e-07
63300.000000000095 1.006981986808525e-07
63350.000000000095 9.532663974188085e-08
63400.000000000095 4.5714333423523414e-08
63450.000000000095 3.04232180151376e-08
63500.000000000095 8.433813673368153e-08
63550.000000000095 9.625324241282309e-08
63600.000000000095 1.0044266864309705e-07
63650.000000000095 6.771158166060579e-08
63700.000000000095 3.36059196244259e-08
63750.000000000095 6.070317878866214e-08
63800.000000000095 9.989170231249937e-08
63850.000000000095 8.169688340903693e-08
63900.000000000095 4.068319838349409e-08
63950.000000000095 7.392909149364266e-08
64000.000000000095 8.964260329453348e-08
64050.000000000095 5.010263185954124e-08
64100.000000000095 1.5121235298107775e-08
64150.000000000095 2.327554294448827e-08
64200.000000000095 2.7260979101905583e-08
64250.000000000095 5.498483965609783e-08
64300.000000000095 4.210296251396652e-08
64350.000000000095 3.412563051211641e-08
64400.000000000095 7.124196249815898e-08
64450.000000000095 7.634148951474164e-08
64500.000000000095 3.455883228779239e-08
64550.000000000095 6.224058615233274e-08
64600.000000000095 3.481548885534808e-08
64650.000000000095 5.967587243623151e-08
64700.000000000095 2.5950277001596792e-08
64750.000000000095 3.674037789979055e-08
64800.000000000095 3.0265172456961446e-08
64850.000000000095 2.4107551088390514e-08
64900.000000000095 2.6755100308394958e-08
64950.000000000095 2.434926517987056e-08
65000.000000000095 3.37897265877567e-08
65050.000000000095 4.488305517403609e-08
65100.000000000095 5.8923923912317235e-08
65150.000000000095 3.3600286693456055e-08
65200.000000000095 2.2092911535702397e-08
65250.000000000095 4.734067015372802e-08
65300.000000000095 4.2591171370050985e-08
65350.000000000095 9.432417918420764e-08
65400.000000000095 4.139203137203808e-08
65450.000000000095 4.236661712913792e-08
65500.000000000095 5.1341028046152356e-08
65550.00000000009 2.7904685556432013e-08
65600.00000000009 4.688384665444703e-08
65650.00000000009 3.8844553594043695e-08
65700.00000000009 3.689267451087155e-08
65750.00000000009 2.5988654556460383e-08
65800.00000000009 4.4855384941239975e-08
65850.00000000009 6.098290015142618e-08
65900.00000000009 2.483142393189402e-08
65950.00000000009 2.8651766818757765e-08
66000.00000000009 3.8665241610173064e-08
66050.00000000009 7.728274979066803e-08
66100.00000000009 4.401402720048884e-08
66150.00000000009 3.592850446335991e-08
66200.00000000009 3.438486900475473e-08
66250.00000000009 2.8123899771606177e-08
66300.00000000009 1.2993540552502445e-08
66350.00000000009 1.6091116448893014e-08
66400.00000000009 2.634309124111583e-08
66450.00000000009 5.432357737560402e-08
66500.00000000009 7.512349228151742e-08
66550.00000000009 7.039410382571043e-08
66600.00000000009 5.477858708662104e-08
66650.00000000009 4.674120518755931e-08
66700.00000000009 3.8617654040903225e-08
66750.00000000009 3.490576439207129e-08
66800.00000000009 4.6714695485020274e-08
66850.00000000009 3.0662098664373295e-08
66900.00000000009 7.099638136878945e-08
66950.00000000009 7.659794287812501e-08
67000.00000000009 7.945293919854317e-08
67050.00000000009 4.839446465972263e-08
67100.00000000009 3.443852145559887e-08
67150.00000000009 3.785768990041858e-08
67200.00000000009 5.289228580312941e-08
67250.00000000009 4.9054677846986974e-08
67300.00000000009 6.435449472568305e-08
67350.00000000009 3.7013421168875547e-08
67400.00000000009 7.92118680561082e-08
67450.00000000009 5.4601990321497514e-08
67500.00000000009 5.0017369114880814e-08
67550.00000000009 7.312453007390487e-08
67600.00000000009 1.2165746935798142e-07
67650.00000000009 8.877900783662082e-08
67700.00000000009 5.980475889683272e-08
67750.00000000009 4.526784642339936e-08
67800.00000000009 6.480953256079237e-08
67850.00000000009 3.313626302839616e-08
67900.00000000009 4.2179559343695536e-08
67950.00000000009 3.034973167291484e-08
68000.00000000009 5.440661438354638e-08
68050.00000000009 7.047404033289037e-08
