galfind/configs/Brown_Dwarf_templates/sonora_cholla/logkzz7/562g/900K_562g_logkzz7_resample.dat
# %ECSV 1.0
# ---
# datatype:
# - {name: wav, unit: Angstrom, datatype: float64}
# - {name: flux_nu, unit: erg / (cm2 Hz s), datatype: float64}
# schema: astropy-2.0
wav flux_nu
[from data line 387]
29350.000000000095 8.604924904484782e-08
29400.000000000095 3.360979290982441e-08
29450.000000000095 3.909941827101969e-08
29500.000000000095 4.91693080495015e-08
29550.000000000095 3.726738305212724e-08
29600.000000000095 5.2261984362128015e-08
29650.000000000095 5.036493360740339e-08
29700.000000000095 3.458084232915963e-08
29750.000000000095 5.227611639988428e-08
29800.000000000095 5.502192916067966e-08
29850.000000000095 6.669801177729923e-08
29900.000000000095 6.908898078599738e-08
29950.000000000095 5.468418618196947e-08
30000.000000000095 3.309290547577305e-08
30050.000000000095 3.533180691828336e-08
30100.000000000095 5.105198099527435e-08
30150.000000000095 7.137620951751812e-08
30200.000000000095 4.967633405980774e-08
30250.000000000095 8.767961364344024e-08
30300.000000000095 7.403006835499548e-08
30350.000000000095 6.021434853863045e-08
30400.000000000095 8.379439149702609e-08
30450.000000000095 5.7778602775481457e-08
30500.000000000095 5.6636692321603713e-08
30550.000000000095 5.487976318948225e-08
30600.000000000095 7.921754699842296e-08
30650.000000000095 6.480070538676643e-08
30700.000000000095 5.506606443877632e-08
30750.000000000095 5.652874859771698e-08
30800.000000000095 4.82933705585694e-08
30850.000000000095 5.068913381786615e-08
30900.000000000095 5.0098004621061105e-08
30950.000000000095 3.020082281901369e-08
31000.000000000095 4.0518655804188995e-08
31050.000000000095 4.295243269183094e-08
31100.000000000095 2.8852839191208978e-08
31150.000000000095 3.556436386787785e-08
31200.000000000095 4.337207896112618e-08
31250.000000000095 2.8994255031883998e-08
31300.000000000095 2.7943186663791025e-08
31350.000000000095 2.807398648549688e-08
31400.000000000095 1.9003613959303007e-08
31450.000000000095 2.7243314420394537e-08
31500.000000000095 1.74272960838328e-08
31550.000000000095 2.145903831869902e-08
31600.000000000095 1.5056202925239804e-08
31650.000000000095 1.4416920547535246e-08
31700.000000000095 1.8133028907278477e-08
31750.000000000095 1.0309185142478275e-08
31800.000000000095 1.6949010341385997e-08
31850.000000000095 1.052193638220952e-08
31900.000000000095 1.389140341506221e-08
31950.000000000095 1.0811981088307931e-08
32000.000000000095 1.1492618040978059e-08
32050.000000000095 9.944022152040978e-09
32100.000000000095 8.542262509696718e-09
32150.000000000095 1.1797315830836628e-08
32200.000000000095 7.636454048062997e-09
32250.000000000095 1.4668742050790141e-08
32300.000000000095 6.510501981161498e-09
32350.000000000095 1.7025216667638957e-08
32400.000000000095 8.757139943908294e-09
32450.000000000095 1.4308987154454733e-08
32500.000000000095 1.0512106311114165e-08
32550.000000000095 1.4096657594007325e-08
32600.000000000095 1.4157094470190304e-08
32650.000000000095 1.9302663884161236e-08
32700.000000000095 1.593592338093134e-08
32750.000000000095 2.469869471513341e-08
32800.000000000095 2.0905456966701885e-08
32850.000000000095 2.9459965317845708e-08
32900.000000000095 3.0431483585486817e-08
32950.000000000095 3.206026754459834e-08
33000.000000000095 2.4120454144767436e-08
33050.000000000095 2.5820657130359416e-08
33100.000000000095 1.2127501614969457e-08
33150.000000000095 8.989083721331925e-10
33200.000000000095 1.6101100367894272e-09
33250.000000000095 1.1133061778291194e-09
33300.000000000095 1.861105484618068e-09
33350.000000000095 4.555549179567587e-09
33400.000000000095 7.91622097725427e-09
33450.000000000095 9.683423792187892e-09
33500.000000000095 1.6969133968114835e-08
33550.000000000095 1.29133737397239e-08
33600.000000000095 2.0406734319616213e-08
33650.000000000095 1.9510884417656913e-08
33700.000000000095 1.505390540195887e-08
33750.000000000095 2.5132836629167108e-08
33800.000000000095 1.1376605961338976e-08
33850.000000000095 1.8805730944275774e-08
33900.000000000095 1.7693663852823987e-08
33950.000000000095 1.9064542646508682e-08
34000.000000000095 2.3616374320498882e-08
34050.000000000095 9.061525144648345e-09
34100.000000000095 2.0829892486205508e-08
34150.000000000095 1.2862831609763666e-08
34200.000000000095 1.919585385475176e-08
34250.000000000095 1.640665600252785e-08
34300.000000000095 1.3329696672674623e-08
34350.000000000095 2.1664794909093112e-08
34400.000000000095 1.3521623976407798e-08
34450.000000000095 2.3740121286105245e-08
34500.000000000095 1.6857726362633393e-08
34550.000000000095 1.1740937377817103e-08
34600.000000000095 2.5263184166420965e-08
34650.000000000095 1.1796091014727884e-08
34700.000000000095 1.7319029459073475e-08
34750.000000000095 1.7410445421356624e-08
34800.000000000095 1.07578710111803e-08
34850.000000000095 2.2209868242178935e-08
34900.000000000095 2.0314042029628034e-08
34950.000000000095 2.03132888774345e-08
35000.000000000095 2.9289695215849682e-08
35050.000000000095 1.9185173448610316e-08
35100.000000000095 3.172758445366184e-08
35150.000000000095 2.8143645906892746e-08
35200.000000000095 3.282189761932205e-08
35250.000000000095 3.904304128969523e-08
35300.000000000095 2.3005927564181244e-08
35350.000000000095 3.52995656913833e-08
35400.000000000095 3.4092020167449445e-08
35450.000000000095 2.815460154704937e-08
35500.000000000095 5.36778810546557e-08
35550.000000000095 3.972891641593148e-08
35600.000000000095 4.429761122162514e-08
35650.000000000095 4.697648373833507e-08
35700.000000000095 3.2042519464086566e-08
35750.000000000095 6.011132383609752e-08
35800.000000000095 4.9731545464546686e-08
35850.000000000095 3.4825280533980455e-08
35900.000000000095 5.458000466228792e-08
35950.000000000095 5.6949613628000156e-08
36000.000000000095 4.144449381354101e-08
36050.000000000095 5.488536213641005e-08
36100.000000000095 4.9234759726877204e-08
36150.000000000095 6.538092324748916e-08
36200.000000000095 6.353459388539295e-08
36250.000000000095 6.580906297161863e-08
36300.000000000095 7.704277858262497e-08
36350.000000000095 7.345396988945177e-08
36400.000000000095 9.459441686937844e-08
36450.000000000095 8.846523626055855e-08
36500.000000000095 8.518480939274903e-08
36550.000000000095 1.0990273585494911e-07
36600.000000000095 1.240785159380578e-07
36650.000000000095 1.1926927554299415e-07
36700.000000000095 1.180963853930476e-07
36750.000000000095 1.3608164084080557e-07
36800.000000000095 1.265147640672705e-07
36850.000000000095 1.0845165077773877e-07
36900.000000000095 1.219617672949251e-07
36950.000000000095 1.3683704643115473e-07
37000.000000000095 1.2219067649572847e-07
37050.000000000095 1.435892286211283e-07
37100.000000000095 1.390022680630771e-07
37150.000000000095 1.4617670798841553e-07
37200.000000000095 1.5983172921558968e-07
37250.000000000095 1.3075093733780393e-07
37300.000000000095 1.3183908421195992e-07
37350.000000000095 1.615520808413596e-07
37400.000000000095 1.9678503875534947e-07
37450.000000000095 1.5146823677055334e-07
37500.000000000095 1.424161839192444e-07
37550.000000000095 2.159401409174101e-07
37600.000000000095 2.325875208041778e-07
37650.000000000095 1.5948140050904234e-07
37700.000000000095 2.0289482399928125e-07
37750.000000000095 1.5333774327291324e-07
37800.000000000095 1.824598043631272e-07
37850.000000000095 1.3718723864783379e-07
37900.000000000095 1.6645157760992118e-07
37950.000000000095 2.0072609619826984e-07
38000.000000000095 2.311089778233371e-07
38050.000000000095 2.0673378530749497e-07
38100.000000000095 2.3661133074057923e-07
38150.000000000095 2.3368815575876349e-07
38200.000000000095 2.384073834569554e-07
38250.000000000095 2.325161012078977e-07
38300.000000000095 2.989391462098113e-07
38350.000000000095 2.942608893677769e-07
38400.000000000095 2.0498411307271753e-07
38450.000000000095 2.138242089553179e-07
38500.000000000095 1.715654165562528e-07
38550.000000000095 2.28904824994338e-07
38600.000000000095 2.3779306192553805e-07
38650.000000000095 2.8120508469441976e-07
38700.000000000095 2.8619070875760636e-07
38750.000000000095 2.846140364864762e-07
38800.000000000095 2.393608839476958e-07
38850.000000000095 3.018559062894109e-07
38900.000000000095 3.106435133278118e-07
38950.000000000095 2.6104740309317725e-07
39000.000000000095 3.2712473627256314e-07
39050.000000000095 2.8170555445661716e-07
39100.000000000095 2.932568025706514e-07
39150.000000000095 3.0227905078242855e-07
39200.000000000095 2.834417982061751e-07
39250.000000000095 3.4176288284520773e-07
39300.000000000095 3.1893611350542266e-07
39350.000000000095 3.8279843632778704e-07
39400.000000000095 3.4885489104027913e-07
39450.000000000095 3.5905103282054963e-07
39500.000000000095 3.5296480877652045e-07
39550.000000000095 3.388304174727556e-07
39600.000000000095 3.5199861517489556e-07
39650.000000000095 4.282747721115669e-07
39700.000000000095 3.6774893592392183e-07
39750.000000000095 2.867321359381099e-07
39800.000000000095 3.549359364714492e-07
39850.000000000095 4.194779063611623e-07
39900.000000000095 4.206656200977836e-07
39950.000000000095 3.796422250770728e-07
40000.000000000095 4.382422784953744e-07
40050.000000000095 4.29890567216921e-07
40100.000000000095 3.2477732935864495e-07
40150.000000000095 4.5304612759477656e-07
40200.000000000095 4.623722807458334e-07
40250.000000000095 4.362574898598568e-07
40300.000000000095 4.5700095188814315e-07
40350.000000000095 3.6889680109603566e-07
40400.000000000095 4.6003440989021816e-07
40450.000000000095 4.0286963376394574e-07
40500.000000000095 4.434541137318696e-07
40550.000000000095 4.689850637880143e-07
40600.000000000095 4.386200273733989e-07
40650.000000000095 4.4878506558406985e-07
40700.000000000095 5.708328624304051e-07
40750.000000000095 4.629472593883632e-07
40800.000000000095 3.8733961107278384e-07
40850.000000000095 5.309755749250421e-07
40900.000000000095 5.114140953566021e-07
40950.000000000095 4.281966008587288e-07
41000.000000000095 4.734446463252227e-07
41050.000000000095 5.255896909303149e-07
41100.000000000095 4.449739962358782e-07
41150.000000000095 3.7322338987259446e-07
41200.000000000095 5.300163963111871e-07
41250.000000000095 4.963967154760134e-07
41300.000000000095 4.1246904845739215e-07
41350.000000000095 5.485971679979234e-07
41400.000000000095 4.854629839886222e-07
41450.000000000095 5.143209882708513e-07
41500.000000000095 4.4109438485183696e-07
41550.000000000095 4.014445798192876e-07
41600.000000000095 4.699896261497786e-07
41650.000000000095 4.824994260639836e-07
41700.000000000095 4.370870424271993e-07
41750.000000000095 4.1589551001859457e-07
41800.000000000095 5.384953580419065e-07
41850.000000000095 3.24710160806095e-07
41900.000000000095 3.898546620428896e-07
41950.000000000095 4.404784883878397e-07
42000.000000000095 4.577141808489612e-07
42050.000000000095 3.7799037293271333e-07
42100.000000000095 4.5309221256862795e-07
42150.000000000095 3.2300057790004286e-07
42200.000000000095 3.540630894667041e-07
42250.000000000095 3.488195514081005e-07
42300.000000000095 3.24464870541532e-07
42350.000000000095 3.7064741443577457e-07
42400.000000000095 3.343589586590599e-07
42450.000000000095 3.0059355644412113e-07
42500.000000000095 3.2685202202821776e-07
42550.000000000095 3.0625602420683705e-07
42600.000000000095 3.637861814655675e-07
42650.000000000095 4.419848569201759e-07
42700.000000000095 3.15662399794375e-07
42750.000000000095 3.088143627276614e-07
42800.000000000095 2.9793934904874516e-07
42850.000000000095 3.7335306305379653e-07
42900.000000000095 3.8435878239048887e-07
42950.000000000095 2.79116827228956e-07
43000.000000000095 3.8080970541009806e-07
43050.000000000095 2.0639648723991656e-07
43100.000000000095 3.205758386292092e-07
43150.000000000095 3.3062723270149305e-07
43200.000000000095 3.41467695053022e-07
43250.000000000095 4.0533248405856254e-07
43300.000000000095 4.3932668005797547e-07
43350.000000000095 2.6456370858405827e-07
43400.000000000095 3.4854311654915385e-07
43450.000000000095 2.6172106428243555e-07
43500.000000000095 2.9523302586091046e-07
43550.000000000095 2.720410649269819e-07
43600.000000000095 3.504320174877536e-07
43650.000000000095 2.196434509642263e-07
43700.000000000095 3.59600542772119e-07
43750.000000000095 3.514815717614288e-07
43800.000000000095 2.7945204038162944e-07
43850.000000000095 2.72964943525907e-07
43900.000000000095 2.4700567983684434e-07
43950.000000000095 2.0760924971968185e-07
44000.000000000095 1.4498211908334865e-07
44050.000000000095 2.180261161541404e-07
44100.000000000095 2.3559004930442653e-07
44150.000000000095 2.237501755895525e-07
44200.000000000095 1.9881858181901902e-07
44250.000000000095 1.6960374517850424e-07
44300.000000000095 1.5209862891023623e-07
44350.000000000095 1.3278818303558048e-07
44400.000000000095 1.3275129987747359e-07
44450.000000000095 1.3629583999987617e-07
44500.000000000095 1.0919734378543071e-07
44550.000000000095 1.193745351194737e-07
44600.000000000095 9.552703532912361e-08
44650.000000000095 1.0820507320720911e-07
44700.000000000095 9.837428167390053e-08
44750.000000000095 1.0089375275787577e-07
44800.000000000095 9.062898048275681e-08
44850.000000000095 8.388253709973833e-08
44900.000000000095 6.878837063360398e-08
44950.000000000095 6.421891443812728e-08
45000.000000000095 6.521702234482158e-08
45050.000000000095 6.8619382061598e-08
45100.000000000095 6.57527667147878e-08
45150.000000000095 5.7114645594818625e-08
45200.000000000095 4.322983966144498e-08
45250.000000000095 4.678563736175492e-08
45300.000000000095 5.560266949477831e-08
45350.000000000095 5.273795663781761e-08
45400.000000000095 4.148615755566208e-08
45450.000000000095 3.904267956379411e-08
45500.000000000095 4.3743220615173144e-08
45550.000000000095 5.131270550929625e-08
45600.000000000095 3.725199175687935e-08
45650.000000000095 3.6952366544770395e-08
45700.000000000095 5.025968313551175e-08
45750.000000000095 4.0449469230790784e-08
45800.000000000095 3.245106001291038e-08
45850.000000000095 5.123593544579781e-08
45900.000000000095 4.959244283500707e-08
45950.000000000095 3.29847240254586e-08
46000.000000000095 4.715047997312489e-08
46050.000000000095 5.246746922381423e-08
46100.000000000095 3.3624141006834026e-08
46150.000000000095 5.3245680226150686e-08
46200.000000000095 5.224108080615788e-08
46250.000000000095 2.5979025359363977e-08
46300.000000000095 6.226496729244146e-08
46350.000000000095 4.3266765055484795e-08
46400.000000000095 5.134543418700477e-08
46450.000000000095 7.342353920729889e-08
46500.000000000095 5.0421640185825004e-08
46550.000000000095 8.290263014879406e-08
46600.000000000095 8.04821718699518e-08
46650.000000000095 1.376636723682717e-07
46700.000000000095 1.0199202042258663e-07
46750.000000000095 6.951843141685738e-08
46800.000000000095 5.517271642813585e-08
46850.000000000095 7.138348819686481e-08
46900.000000000095 6.088984590230322e-08
46950.000000000095 9.321337177493873e-08
47000.000000000095 4.4411446642881996e-08
47050.000000000095 9.110825505810988e-08
47100.000000000095 4.0543952571779725e-08
47150.000000000095 5.744300008788821e-08
47200.000000000095 6.177147774661751e-08
47250.000000000095 4.289624409119524e-08
47300.000000000095 5.570014058064574e-08
47350.000000000095 3.7492707895513466e-08
47400.000000000095 7.363216668113723e-08
47450.000000000095 3.6694731246975996e-08
47500.000000000095 8.09885714646406e-08
47550.000000000095 3.946936990938909e-08
47600.000000000095 7.726112737500244e-08
47650.000000000095 4.2150946308922406e-08
47700.000000000095 7.266316094274458e-08
47750.000000000095 3.883470939442338e-08
47800.000000000095 7.217661807815747e-08
47850.000000000095 3.627476563380729e-08
47900.000000000095 6.280205350125895e-08
47950.000000000095 4.8012368726595845e-08
48000.000000000095 8.848784998695383e-08
48050.000000000095 5.6591045556818235e-08
48100.000000000095 8.236895686700846e-08
48150.000000000095 5.818481350226006e-08
48200.000000000095 8.963502779764137e-08
48250.000000000095 6.262411066296972e-08
48300.000000000095 1.0822159333358726e-07
48350.000000000095 6.10071236773055e-08
48400.000000000095 7.905014373408154e-08
48450.000000000095 5.4602332392254514e-08
48500.000000000095 1.0686703517799469e-07
48550.000000000095 5.424651716315412e-08
48600.000000000095 1.042952799647777e-07
