galfind/configs/Brown_Dwarf_templates/sonora_cholla/logkzz7/562g/900K_562g_logkzz7_resample.dat
# %ECSV 1.0
# ---
# datatype:
# - {name: wav, unit: Angstrom, datatype: float64}
# - {name: flux_nu, unit: erg / (cm2 Hz s), datatype: float64}
# schema: astropy-2.0
wav flux_nu
10000.000000000093 nan
10050.000000000093 1.2545371455480176e-07
10100.000000000093 1.484509981449505e-07
10150.000000000093 1.5781764003893877e-07
10200.000000000093 1.7531301780748203e-07
10250.000000000093 1.9122655209083005e-07
10300.000000000093 2.0694472640300408e-07
10350.000000000093 2.3112887345430572e-07
10400.000000000093 2.5039182541780775e-07
10450.000000000093 2.618896597912562e-07
10500.000000000093 2.6544368818935026e-07
10550.000000000093 2.711583635493637e-07
10600.000000000093 2.75348027943425e-07
10650.000000000093 2.8244381632854646e-07
10700.000000000093 2.8386957356154774e-07
10750.000000000093 2.864032059558108e-07
10800.000000000093 2.813194734636088e-07
10850.000000000093 2.687184535450477e-07
10900.000000000093 2.0032662606888219e-07
10950.000000000093 1.0736148243088524e-07
11000.000000000093 7.415022134486837e-08
11050.000000000093 4.701536142398611e-08
11100.000000000093 3.259997009581837e-08
11150.000000000093 2.128341110529459e-08
11200.000000000093 2.2190216148224666e-08
11250.000000000093 2.9192204938145727e-08
11300.000000000093 2.9913186325797814e-08
11350.000000000093 1.415994551857808e-08
11400.000000000093 3.4698321423769244e-08
11450.000000000093 2.468269728411503e-08
11500.000000000093 2.7938842269888065e-08
11550.000000000093 1.6739786394096618e-08
11600.000000000093 1.6610197405720723e-08
11650.000000000093 2.3357785101887367e-08
11700.000000000093 2.6367047938411995e-08
11750.000000000093 1.8031422248406907e-08
11800.000000000093 3.581452790133451e-08
11850.000000000093 5.179529451651344e-08
11900.000000000093 6.185701329982304e-08
11950.000000000093 8.454820991426197e-08
12000.000000000093 1.0352192566313997e-07
12050.000000000093 1.2696249587331537e-07
12100.000000000093 1.4880680006112455e-07
12150.000000000093 1.7386277769760976e-07
12200.000000000093 1.9896158921026788e-07
12250.000000000093 2.2716686121578705e-07
12300.000000000093 2.583042493676279e-07
12350.000000000093 2.720114938522516e-07
12400.000000000093 3.103862247160495e-07
12450.000000000093 3.466799262656608e-07
12500.000000000093 3.697043435081789e-07
12550.000000000093 3.906518728673597e-07
12600.000000000093 3.8993506023132606e-07
12650.000000000093 3.823235436968707e-07
12700.000000000093 3.7892741294499114e-07
12750.000000000093 3.513841346055663e-07
12800.000000000093 3.4206604754988786e-07
12850.000000000093 2.8654913975987133e-07
12900.000000000093 2.5361264858111916e-07
12950.000000000093 2.388926573363158e-07
13000.000000000093 2.400734396690204e-07
13050.000000000093 2.1273033073621497e-07
13100.000000000093 2.0378644136440682e-07
13150.000000000093 1.6440698428457154e-07
13200.000000000093 1.52988829420491e-07
13250.000000000093 1.092074276475065e-07
13300.000000000093 5.7488514660086175e-08
13350.000000000093 1.8677743834019253e-08
13400.000000000093 7.208329179937625e-09
13450.000000000093 3.824447917832413e-09
13500.000000000093 1.9184260792213065e-09
13550.000000000093 1.2519722381495093e-09
13600.000000000093 6.982428739091243e-10
13650.000000000093 2.3284912606163512e-09
13700.000000000093 1.6055971507383131e-09
13750.000000000093 2.823902728687261e-09
13800.000000000093 3.6463758948002284e-09
13850.000000000093 2.108404766075861e-09
13900.000000000093 2.246651495747713e-09
13950.000000000093 2.211580964192089e-09
14000.000000000093 2.203223204429421e-09
14050.000000000093 2.9960868641560133e-09
14100.000000000093 2.2016372351097508e-09
14150.000000000093 3.493326430911746e-09
14200.000000000093 2.432658772612222e-09
14250.000000000093 2.768930577256533e-09
14300.000000000093 5.653565171470243e-09
14350.000000000093 5.01899909689934e-09
14400.000000000093 5.36028539978688e-09
14450.000000000093 6.971899954962731e-09
14500.000000000093 1.3306347470273514e-08
14550.000000000093 1.3572478106757577e-08
14600.000000000093 2.0518036486973496e-08
14650.000000000093 2.0087048102106687e-08
14700.000000000093 1.3551071966929736e-08
14750.000000000093 1.9063372761036904e-08
14800.000000000093 2.42835669487428e-08
14850.000000000093 2.5047727174406962e-08
14900.000000000093 2.7358553480434835e-08
14950.000000000093 3.340377174890075e-08
15000.000000000093 3.9927683764262986e-08
15050.000000000093 4.690925111001658e-08
15100.000000000093 5.3329081190773184e-08
15150.000000000093 5.646446438480089e-08
15200.000000000093 5.99146019741917e-08
15250.000000000093 7.854250569355647e-08
15300.000000000093 9.021046153491313e-08
15350.000000000093 1.0924581513051847e-07
15400.000000000093 1.2241464127184559e-07
15450.000000000093 1.3678223792192993e-07
15500.000000000093 1.457174402149764e-07
15550.000000000093 1.6953648801921877e-07
15600.000000000093 1.7598122369545996e-07
15650.000000000093 1.8640173539985423e-07
15700.000000000093 2.1164653155601713e-07
15750.000000000093 2.2359048663425877e-07
15800.000000000093 2.1959126867659294e-07
15850.000000000093 2.2813175321463913e-07
15900.000000000093 2.2198068792674712e-07
15950.000000000093 2.1082843837632026e-07
16000.000000000093 1.8868119813340295e-07
16050.000000000093 1.5323685618973034e-07
16100.000000000093 1.2472566784705263e-07
16150.000000000093 9.179516916232984e-08
16200.000000000093 6.475707392512711e-08
16250.000000000093 6.131015815664473e-08
16300.000000000093 5.123710985625609e-08
16350.000000000093 5.6366639723571845e-08
16400.000000000095 6.356325190278997e-08
16450.000000000095 6.78237007160771e-08
16500.000000000095 7.2572499979799e-08
16550.000000000095 6.888801976383374e-08
16600.000000000095 7.401334931961146e-08
16650.000000000095 5.091725716083666e-08
16700.000000000095 2.4095110876810318e-08
16750.000000000095 3.929446908804424e-08
16800.000000000095 5.592369215871164e-08
16850.000000000095 5.481711824969908e-08
16900.000000000095 4.58101490406758e-08
16950.000000000095 4.1074373949613896e-08
17000.000000000095 3.3670740371516116e-08
17050.000000000095 4.3999572370355574e-08
17100.000000000095 5.053374719489682e-08
17150.000000000095 4.158016824897903e-08
17200.000000000095 5.8110905946818255e-08
17250.000000000095 4.63198430694721e-08
17300.000000000095 3.9400492549912914e-08
17350.000000000095 3.784237727308447e-08
17400.000000000095 3.881644676062656e-08
17450.000000000095 4.004830081525312e-08
17500.000000000095 4.4578601433548196e-08
17550.000000000095 3.6950689884547925e-08
17600.000000000095 3.1740736776108206e-08
17650.000000000095 2.986310485505603e-08
17700.000000000095 2.3026145342626806e-08
17750.000000000095 1.8748949967422728e-08
17800.000000000095 2.3804158194668034e-08
17850.000000000095 1.522240506967104e-08
17900.000000000095 1.7046139867882012e-08
17950.000000000095 1.1459188503914085e-08
18000.000000000095 1.4206663559200812e-08
18050.000000000095 1.095786887165462e-08
18100.000000000095 1.0655158718864207e-08
18150.000000000095 1.4230389971659119e-08
18200.000000000095 8.025109233976683e-09
18250.000000000095 1.9812820216000762e-08
18300.000000000095 9.3291037806743e-09
18350.000000000095 8.24262574632123e-09
18400.000000000095 6.821353366322385e-09
18450.000000000095 1.1674720130716249e-08
18500.000000000095 1.1841001451885955e-08
18550.000000000095 8.489834599525503e-09
18600.000000000095 8.016324706534174e-09
18650.000000000095 6.142240685001107e-09
18700.000000000095 4.830223636445182e-09
18750.000000000095 7.821468183116463e-09
18800.000000000095 1.862696749166538e-08
18850.000000000095 1.939270482669409e-08
18900.000000000095 1.6815521270757744e-08
18950.000000000095 3.0220741261230205e-08
19000.000000000095 1.6164495343545745e-08
19050.000000000095 1.1146248084181159e-08
19100.000000000095 2.2260176397244204e-08
19150.000000000095 1.3840099015092913e-08
19200.000000000095 1.9613204578446632e-08
19250.000000000095 1.4548476347088976e-08
19300.000000000095 1.1855243626883078e-08
19350.000000000095 1.1873393614339314e-08
19400.000000000095 7.592401523021411e-09
19450.000000000095 1.5120181793150333e-08
19500.000000000095 1.4046040853547062e-08
19550.000000000095 1.1569688727909347e-08
19600.000000000095 1.5727417897303618e-08
19650.000000000095 1.9024534364072122e-08
19700.000000000095 1.9655167036580693e-08
19750.000000000095 2.242225907278216e-08
19800.000000000095 2.482196817220036e-08
19850.000000000095 3.201464140632326e-08
19900.000000000095 2.5337960062732804e-08
19950.000000000095 3.8417310105736134e-08
20000.000000000095 3.6188460615806135e-08
20050.000000000095 3.9019069557330354e-08
20100.000000000095 4.426596409548599e-08
20150.000000000095 4.083978870223439e-08
20200.000000000095 4.6851764211896196e-08
20250.000000000095 5.485371664389764e-08
20300.000000000095 5.144152392411704e-08
20350.000000000095 5.9497181490806665e-08
20400.000000000095 5.693763631231849e-08
20450.000000000095 6.726384535099867e-08
20500.000000000095 6.907301412533223e-08
20550.000000000095 6.820726143031786e-08
20600.000000000095 7.456047915582165e-08
20650.000000000095 7.328646587954189e-08
20700.000000000095 7.263370543405574e-08
20750.000000000095 7.673643110408744e-08
20800.000000000095 7.493269329990047e-08
20850.000000000095 7.650321075730086e-08
20900.000000000095 7.779408923508422e-08
20950.000000000095 7.492504692894553e-08
21000.000000000095 7.540124887521342e-08
21050.000000000095 7.290320682335639e-08
21100.000000000095 7.179052123194696e-08
21150.000000000095 7.178834833326509e-08
21200.000000000095 6.879935979755281e-08
21250.000000000095 6.810923191599702e-08
21300.000000000095 6.326531749647254e-08
21350.000000000095 6.283779460085748e-08
21400.000000000095 6.008754963791501e-08
21450.000000000095 5.552958810060912e-08
21500.000000000095 5.6071447829648536e-08
21550.000000000095 5.339246720145829e-08
21600.000000000095 5.066090193722322e-08
21650.000000000095 4.660737961514095e-08
21700.000000000095 4.831929045893095e-08
21750.000000000095 4.50782369858212e-08
21800.000000000095 4.069853985052382e-08
21850.000000000095 3.6215838234753414e-08
21900.000000000095 3.275330920615122e-08
21950.000000000095 2.001454144273131e-08
22000.000000000095 9.470031785935754e-09
22050.000000000095 8.448812024059674e-09
22100.000000000095 1.5730543428346934e-08
22150.000000000095 1.7604981951110567e-08
22200.000000000095 1.6395083057298284e-08
22250.000000000095 1.5692551574885972e-08
22300.000000000095 1.3025968235701615e-08
22350.000000000095 1.2698814898985535e-08
22400.000000000095 9.265155864982016e-09
22450.000000000095 8.619364715002318e-09
22500.000000000095 9.38337907253548e-09
22550.000000000095 5.914036625476521e-09
22600.000000000095 7.441256787779028e-09
22650.000000000095 8.725729106887995e-09
22700.000000000095 7.287414140883925e-09
22750.000000000095 7.815496030413492e-09
22800.000000000095 7.549685140889196e-09
22850.000000000095 6.523604462074872e-09
22900.000000000095 5.527887952407798e-09
22950.000000000095 5.23352049359317e-09
23000.000000000095 5.1242628701791045e-09
23050.000000000095 6.379959475630485e-09
23100.000000000095 1.2320851014209405e-08
23150.000000000095 1.1353650183621144e-08
23200.000000000095 3.1537819339548166e-09
23250.000000000095 4.247005624911729e-09
23300.000000000095 4.573670657607951e-09
23350.000000000095 3.6166846408028515e-09
23400.000000000095 5.1833571020373e-09
23450.000000000095 4.449188494391282e-09
23500.000000000095 4.37162342278191e-09
23550.000000000095 6.433511192214857e-09
23600.000000000095 7.477262045137281e-09
23650.000000000095 8.52400306269049e-09
23700.000000000095 3.8557621903422124e-09
23750.000000000095 3.7007604689416706e-09
23800.000000000095 6.635224615667878e-09
23850.000000000095 5.883116541272354e-09
23900.000000000095 9.628305873670137e-09
23950.000000000095 8.969793300105772e-09
24000.000000000095 1.2498612839480397e-08
24050.000000000095 1.332248454440009e-08
24100.000000000095 1.101924435166983e-08
24150.000000000095 1.2929699278096455e-08
24200.000000000095 1.3740629213748493e-08
24250.000000000095 1.1508874701500387e-08
24300.000000000095 1.5169762474908057e-08
24350.000000000095 1.1737136487734152e-08
24400.000000000095 1.970996692753835e-08
24450.000000000095 1.5958837438001533e-08
24500.000000000095 1.7530809514776226e-08
24550.000000000095 1.9422323461449647e-08
24600.000000000095 2.2062671540322358e-08
24650.000000000095 2.4946596277831213e-08
24700.000000000095 1.784303167816061e-08
24750.000000000095 1.8103820606987367e-08
24800.000000000095 1.8008695945419697e-08
24850.000000000095 2.7026959076628872e-08
24900.000000000095 1.1961594340760663e-08
24950.000000000095 2.2159349511005288e-08
25000.000000000095 2.0418002053515368e-08
25050.000000000095 1.280769334623737e-08
25100.000000000095 1.84230410893688e-08
25150.000000000095 1.0534044460081696e-08
25200.000000000095 1.4937066812606783e-08
25250.000000000095 7.91073710754634e-09
25300.000000000095 1.1655669068487655e-08
25350.000000000095 5.962407242830004e-09
25400.000000000095 1.3031729866541795e-08
25450.000000000095 6.799727122316392e-09
25500.000000000095 6.450486023418546e-09
25550.000000000095 9.34916092868068e-09
25600.000000000095 6.9159895958875935e-09
25650.000000000095 4.220636547992901e-09
25700.000000000095 8.307529593455378e-09
25750.000000000095 3.5220268373446903e-09
25800.000000000095 9.945485808377695e-09
25850.000000000095 3.451457157107921e-09
25900.000000000095 5.593307989777111e-09
25950.000000000095 2.6201294625282666e-09
26000.000000000095 9.578365791269043e-09
26050.000000000095 4.028943949891787e-09
26100.000000000095 9.811153363547788e-09
26150.000000000095 6.760528479339361e-09
26200.000000000095 7.73636285434219e-09
26250.000000000095 1.6475572134303652e-08
26300.000000000095 8.241837154085075e-09
26350.000000000095 1.9613737425524867e-08
26400.000000000095 2.2899261606095192e-08
26450.000000000095 1.856418695084094e-08
26500.000000000095 2.1084632074098805e-08
26550.000000000095 9.989457582814613e-09
26600.000000000095 1.1820698058772802e-08
26650.000000000095 4.369999108909893e-09
26700.000000000095 3.118721996008354e-09
26750.000000000095 3.007717178429343e-09
26800.000000000095 4.939321719981575e-09
26850.000000000095 2.92588639117091e-09
26900.000000000095 8.23699938042624e-09
26950.000000000095 3.6782759979693868e-09
27000.000000000095 1.234967013969329e-08
27050.000000000095 1.1253516829318268e-08
27100.000000000095 5.480121045747549e-09
27150.000000000095 1.540966578859527e-08
27200.000000000095 5.57994329589396e-09
27250.000000000095 8.481762255805057e-09
27300.000000000095 2.6620675447593226e-08
27350.000000000095 1.6172192324887635e-08
27400.000000000095 2.8602393975437565e-09
27450.000000000095 1.8883360287114546e-08
27500.000000000095 2.35892291269855e-08
27550.000000000095 7.076332102592045e-09
27600.000000000095 1.4082932252766537e-08
27650.000000000095 5.978831035610115e-09
27700.000000000095 4.733245388835818e-09
27750.000000000095 1.5489005694902752e-08
27800.000000000095 6.864476118020956e-09
27850.000000000095 8.106634481016741e-09
27900.000000000095 1.0940333899967956e-08
27950.000000000095 1.7956965065237093e-08
28000.000000000095 1.4385373601859439e-08
28050.000000000095 4.879763647920069e-09
28100.000000000095 2.0473637544035788e-08
28150.000000000095 1.3117948741337144e-08
28200.000000000095 5.218395688219562e-09
28250.000000000095 2.201118696220613e-08
28300.000000000095 2.834993956944083e-08
28350.000000000095 6.7437228597402106e-09
28400.000000000095 1.7335362378086105e-08
28450.000000000095 2.5450154516143913e-08
28500.000000000095 1.6575904803023215e-08
28550.000000000095 6.145780696889813e-09
28600.000000000095 2.5302064446590714e-08
28650.000000000095 2.212755125864877e-08
28700.000000000095 1.8876839893287712e-08
28750.000000000095 3.008815170577484e-08
28800.000000000095 2.653159821532804e-08
28850.000000000095 3.124080586922016e-08
28900.000000000095 1.4581772906903277e-08
28950.000000000095 3.948106209666713e-08
29000.000000000095 2.629691832044774e-08
29050.000000000095 3.1281023760537375e-08
29100.000000000095 2.0623917790339765e-08
29150.000000000095 4.627317886684603e-08
29200.000000000095 2.7746695728638952e-08
29250.000000000095 4.0167919418464356e-08
