galfind/configs/Brown_Dwarf_templates/sonora_cholla/logkzz7/562g/950K_562g_logkzz7_resample.dat
# %ECSV 1.0
# ---
# datatype:
# - {name: wav, unit: Angstrom, datatype: float64}
# - {name: flux_nu, unit: erg / (cm2 Hz s), datatype: float64}
# schema: astropy-2.0
wav flux_nu
[from data line 387]
29350.000000000095 1.111631717533128e-07
29400.000000000095 4.80087396578661e-08
29450.000000000095 5.3944737564157185e-08
29500.000000000095 6.490223410359e-08
29550.000000000095 5.125664194322832e-08
29600.000000000095 7.103903879659322e-08
29650.000000000095 6.56190575460322e-08
29700.000000000095 4.8666779884534445e-08
29750.000000000095 7.058087665393121e-08
29800.000000000095 7.504644825916768e-08
29850.000000000095 8.696878456318867e-08
29900.000000000095 8.928333647766265e-08
29950.000000000095 7.313221518571165e-08
30000.000000000095 5.0407158235954474e-08
30050.000000000095 4.991090487646276e-08
30100.000000000095 6.862962269075082e-08
30150.000000000095 9.466622529338428e-08
30200.000000000095 6.738579589270968e-08
30250.000000000095 1.1191627691782636e-07
30300.000000000095 9.467052571160684e-08
30350.000000000095 7.994993104035981e-08
30400.000000000095 1.0729327317306927e-07
30450.000000000095 7.597120887134983e-08
30500.000000000095 7.467128286067859e-08
30550.000000000095 7.47600931702735e-08
30600.000000000095 1.0081013510628555e-07
30650.000000000095 8.517809829498897e-08
30700.000000000095 7.355501099375152e-08
30750.000000000095 7.34704702451913e-08
30800.000000000095 6.496253624336123e-08
30850.000000000095 6.65296096445583e-08
30900.000000000095 6.672832501606586e-08
30950.000000000095 4.126574863426297e-08
31000.000000000095 5.4329683807988625e-08
31050.000000000095 5.804839579251015e-08
31100.000000000095 3.924227646553102e-08
31150.000000000095 4.79308040528533e-08
31200.000000000095 5.663558063247697e-08
31250.000000000095 3.9949408619780056e-08
31300.000000000095 3.863079548681379e-08
31350.000000000095 3.821214749458194e-08
31400.000000000095 2.6416526534944557e-08
31450.000000000095 3.7418041448441035e-08
31500.000000000095 2.528501184307125e-08
31550.000000000095 3.0763633293732195e-08
31600.000000000095 2.189121143443471e-08
31650.000000000095 2.1336024808901573e-08
31700.000000000095 2.6136836966332434e-08
31750.000000000095 1.603476963045565e-08
31800.000000000095 2.4293699740697118e-08
31850.000000000095 1.663897468357551e-08
31900.000000000095 2.0483590477133406e-08
31950.000000000095 1.6867799246539016e-08
32000.000000000095 1.7622160067495346e-08
32050.000000000095 1.530095272319802e-08
32100.000000000095 1.3454447481081165e-08
32150.000000000095 1.826115770780339e-08
32200.000000000095 1.2249155545287226e-08
32250.000000000095 2.1867863960618742e-08
32300.000000000095 1.05858941301e-08
32350.000000000095 2.5696513683813833e-08
32400.000000000095 1.441312054777816e-08
32450.000000000095 2.233627625653515e-08
32500.000000000095 1.6842293949031507e-08
32550.000000000095 2.18000507644345e-08
32600.000000000095 2.2754465663444325e-08
32650.000000000095 2.9333742705716886e-08
32700.000000000095 2.4848938424539974e-08
32750.000000000095 3.6349953625177574e-08
32800.000000000095 3.063658532853228e-08
32850.000000000095 4.1884915626385494e-08
32900.000000000095 4.40218513701625e-08
32950.000000000095 4.5735089483442874e-08
33000.000000000095 3.609741992017278e-08
33050.000000000095 3.785176014631067e-08
33100.000000000095 1.8799605379835044e-08
33150.000000000095 2.0201083408800743e-09
33200.000000000095 3.0681167582498666e-09
33250.000000000095 2.0586244007941288e-09
33300.000000000095 3.0417691448859104e-09
33350.000000000095 6.896056226495137e-09
33400.000000000095 1.1388213289571945e-08
33450.000000000095 1.4260005625413561e-08
33500.000000000095 2.3341153959416696e-08
33550.000000000095 1.898488895580244e-08
33600.000000000095 2.9751929553164072e-08
33650.000000000095 2.9088218389636544e-08
33700.000000000095 2.3230200209526422e-08
33750.000000000095 3.651835650661343e-08
33800.000000000095 1.863718445154157e-08
33850.000000000095 2.903535357104398e-08
33900.000000000095 2.676677514288943e-08
33950.000000000095 2.944669452065727e-08
34000.000000000095 3.442017046405977e-08
34050.000000000095 1.4375334097175288e-08
34100.000000000095 3.103529707205851e-08
34150.000000000095 2.0058400431198446e-08
34200.000000000095 2.8627333477524432e-08
34250.000000000095 2.471961835656852e-08
34300.000000000095 2.0033817044252135e-08
34350.000000000095 3.121249307719544e-08
34400.000000000095 2.080471754469597e-08
34450.000000000095 3.438487319968759e-08
34500.000000000095 2.594006650311787e-08
34550.000000000095 1.8067426153068832e-08
34600.000000000095 3.6101160996171605e-08
34650.000000000095 1.845411876815178e-08
34700.000000000095 2.5393812691672128e-08
34750.000000000095 2.5843779402343438e-08
34800.000000000095 1.599000962603166e-08
34850.000000000095 3.132056717317469e-08
34900.000000000095 3.0438817506915884e-08
34950.000000000095 2.9209617696182724e-08
35000.000000000095 4.0860487925417134e-08
35050.000000000095 2.788832186693534e-08
35100.000000000095 4.356821998575997e-08
35150.000000000095 3.894703038061698e-08
35200.000000000095 4.647007693216855e-08
35250.000000000095 5.4821033940753826e-08
35300.000000000095 3.269664439752194e-08
35350.000000000095 4.91025287173312e-08
35400.000000000095 4.816307715354438e-08
35450.000000000095 4.007266185066023e-08
35500.000000000095 7.148064163725298e-08
35550.000000000095 5.582941541154903e-08
35600.000000000095 6.12341755308029e-08
35650.000000000095 6.504767870258128e-08
35700.000000000095 4.4130148733822745e-08
35750.000000000095 7.902154764185165e-08
35800.000000000095 6.879451461797554e-08
35850.000000000095 4.928399000497306e-08
35900.000000000095 7.566186446839758e-08
35950.000000000095 7.748836073357377e-08
36000.000000000095 5.896235601042264e-08
36050.000000000095 7.691978348933577e-08
36100.000000000095 6.915857594024764e-08
36150.000000000095 8.791931634768328e-08
36200.000000000095 8.709367523229525e-08
36250.000000000095 8.936720294341095e-08
36300.000000000095 1.0242171969358851e-07
36350.000000000095 1.0046593814235542e-07
36400.000000000095 1.2486333300597205e-07
36450.000000000095 1.1863161361984762e-07
36500.000000000095 1.1440024767498462e-07
36550.000000000095 1.4184361304913967e-07
36600.000000000095 1.5964178887543136e-07
36650.000000000095 1.5468763942491085e-07
36700.000000000095 1.5536467233274963e-07
36750.000000000095 1.7665302934405847e-07
36800.000000000095 1.6479627464492406e-07
36850.000000000095 1.4693449978013979e-07
36900.000000000095 1.5912517462075134e-07
36950.000000000095 1.7981954853466957e-07
37000.000000000095 1.6251491349756658e-07
37050.000000000095 1.8679059282204865e-07
37100.000000000095 1.8377426069746827e-07
37150.000000000095 1.9282493420294569e-07
37200.000000000095 2.0840250506333376e-07
37250.000000000095 1.7450847382382915e-07
37300.000000000095 1.7642838047853338e-07
37350.000000000095 2.1062493645771164e-07
37400.000000000095 2.5048325289558773e-07
37450.000000000095 2.0452370636852308e-07
37500.000000000095 1.8897447659661352e-07
37550.000000000095 2.727363177826452e-07
37600.000000000095 2.9045249922581514e-07
37650.000000000095 2.0997151139714645e-07
37700.000000000095 2.601668132230289e-07
37750.000000000095 2.0132371298748874e-07
37800.000000000095 2.3915003948615213e-07
37850.000000000095 1.851508816479824e-07
37900.000000000095 2.2277403451229537e-07
37950.000000000095 2.596376356942929e-07
38000.000000000095 2.9674266505148174e-07
38050.000000000095 2.643755405508348e-07
38100.000000000095 2.9763831302915554e-07
38150.000000000095 2.9471828811164394e-07
38200.000000000095 3.0382525666231855e-07
38250.000000000095 2.947958470066412e-07
38300.000000000095 3.661656947555409e-07
38350.000000000095 3.6446200006707556e-07
38400.000000000095 2.640108582902419e-07
38450.000000000095 2.8515897783611754e-07
38500.000000000095 2.3681052822130186e-07
38550.000000000095 2.9860249809028116e-07
38600.000000000095 3.0703666934428127e-07
38650.000000000095 3.565544073423186e-07
38700.000000000095 3.6300582988312346e-07
38750.000000000095 3.587278087893739e-07
38800.000000000095 3.1114836794413197e-07
38850.000000000095 3.797873807945751e-07
38900.000000000095 3.8760319854317667e-07
38950.000000000095 3.398075147801876e-07
39000.000000000095 4.0830265863836784e-07
39050.000000000095 3.6128966618224526e-07
39100.000000000095 3.673208647452573e-07
39150.000000000095 3.819842223007683e-07
39200.000000000095 3.613468923521324e-07
39250.000000000095 4.2524163258877975e-07
39300.000000000095 4.017096375905389e-07
39350.000000000095 4.6770990288787784e-07
39400.000000000095 4.370697937705364e-07
39450.000000000095 4.4732987696090456e-07
39500.000000000095 4.311800700266995e-07
39550.000000000095 4.253536839316193e-07
39600.000000000095 4.3575968902740783e-07
39650.000000000095 5.164154720699917e-07
39700.000000000095 4.5373695202134485e-07
39750.000000000095 3.702677546969067e-07
39800.000000000095 4.4438846130703176e-07
39850.000000000095 5.06164294783197e-07
39900.000000000095 5.067250277287464e-07
39950.000000000095 4.7026339041856884e-07
40000.000000000095 5.228304623606895e-07
40050.000000000095 5.189576696953959e-07
40100.000000000095 4.1720861839241017e-07
40150.000000000095 5.484176870292356e-07
40200.000000000095 5.575101297637045e-07
40250.000000000095 5.171212983199996e-07
40300.000000000095 5.449223184744707e-07
40350.000000000095 4.595422120198339e-07
40400.000000000095 5.509602460317908e-07
40450.000000000095 4.982936514879484e-07
40500.000000000095 5.212403678817547e-07
40550.000000000095 5.604843878131198e-07
40600.000000000095 5.196675547728516e-07
40650.000000000095 5.465899737856675e-07
40700.000000000095 6.66683047853463e-07
40750.000000000095 5.480040733066466e-07
40800.000000000095 4.7181009881123784e-07
40850.000000000095 6.10352174721424e-07
40900.000000000095 5.931421984311132e-07
40950.000000000095 5.158714876887467e-07
41000.000000000095 5.581771700418266e-07
41050.000000000095 6.059308277107709e-07
41100.000000000095 5.206875155099826e-07
41150.000000000095 4.617413793921367e-07
41200.000000000095 6.096625075947089e-07
41250.000000000095 5.811553112675542e-07
41300.000000000095 4.7576674176734527e-07
41350.000000000095 6.293134086740795e-07
41400.000000000095 5.619238492514618e-07
41450.000000000095 5.93292311478913e-07
41500.000000000095 5.244512114932331e-07
41550.000000000095 4.777234572546647e-07
41600.000000000095 5.460815111518857e-07
41650.000000000095 5.537439743687766e-07
41700.000000000095 5.0148227159399e-07
41750.000000000095 4.797875567084295e-07
41800.000000000095 6.146461285272438e-07
41850.000000000095 3.7311634668330627e-07
41900.000000000095 4.5996810977240233e-07
41950.000000000095 5.130786401219902e-07
42000.000000000095 5.283280555067582e-07
42050.000000000095 4.370910071179528e-07
42100.000000000095 5.184789378221632e-07
42150.000000000095 3.738264164093739e-07
42200.000000000095 4.1007541338395126e-07
42250.000000000095 4.116258516666714e-07
42300.000000000095 3.8452098691859763e-07
42350.000000000095 4.3203391544665884e-07
42400.000000000095 3.8513694076584117e-07
42450.000000000095 3.4536392790350296e-07
42500.000000000095 3.7532134359995556e-07
42550.000000000095 3.5253139368730505e-07
42600.000000000095 4.2218463126280743e-07
42650.000000000095 5.047110729197563e-07
42700.000000000095 3.756979100923454e-07
42750.000000000095 3.5910967416974845e-07
42800.000000000095 3.4315339394100487e-07
42850.000000000095 4.2745107937310475e-07
42900.000000000095 4.40551456121049e-07
42950.000000000095 3.2092407727140477e-07
43000.000000000095 4.393821585310781e-07
43050.000000000095 2.4831944099130343e-07
43100.000000000095 3.740796909625854e-07
43150.000000000095 3.8607342338502983e-07
43200.000000000095 3.920184669204458e-07
43250.000000000095 4.561911313503833e-07
43300.000000000095 4.977088454137864e-07
43350.000000000095 3.091011255012687e-07
43400.000000000095 3.999361969104506e-07
43450.000000000095 3.040234276002862e-07
43500.000000000095 3.360030416723522e-07
43550.000000000095 3.116733277714396e-07
43600.000000000095 3.933577165651578e-07
43650.000000000095 2.521903449075589e-07
43700.000000000095 4.011464488247249e-07
43750.000000000095 3.942843293129877e-07
43800.000000000095 3.1313574740643456e-07
43850.000000000095 3.0885736444211207e-07
43900.000000000095 2.783608451522131e-07
43950.000000000095 2.418169259927797e-07
44000.000000000095 1.6838301007513613e-07
44050.000000000095 2.4693143405938613e-07
44100.000000000095 2.649832863748859e-07
44150.000000000095 2.534885304055204e-07
44200.000000000095 2.2498092711117487e-07
44250.000000000095 1.9656539883377326e-07
44300.000000000095 1.7819245852332078e-07
44350.000000000095 1.5443785036700882e-07
44400.000000000095 1.5630004219825278e-07
44450.000000000095 1.597784071960413e-07
44500.000000000095 1.2838230194579013e-07
44550.000000000095 1.403593599140982e-07
44600.000000000095 1.1399132743000361e-07
44650.000000000095 1.295172917040227e-07
44700.000000000095 1.1908445584030968e-07
44750.000000000095 1.2223983777402499e-07
44800.000000000095 1.1096111993430969e-07
44850.000000000095 1.0308926699371723e-07
44900.000000000095 8.5288136283227e-08
44950.000000000095 8.094409149028948e-08
45000.000000000095 8.226730556889047e-08
45050.000000000095 8.650685647654303e-08
45100.000000000095 8.216442328366406e-08
45150.000000000095 7.292512351434242e-08
45200.000000000095 5.6411831223445457e-08
45250.000000000095 6.103707390536369e-08
45300.000000000095 7.181884297607491e-08
45350.000000000095 6.914307443602596e-08
45400.000000000095 5.479330145642849e-08
45450.000000000095 5.2208261243939587e-08
45500.000000000095 5.728956880770912e-08
45550.000000000095 6.767191812155834e-08
45600.000000000095 5.057379692372105e-08
45650.000000000095 4.988856457079815e-08
45700.000000000095 6.662549488862593e-08
45750.000000000095 5.450448033725415e-08
45800.000000000095 4.474758447173652e-08
45850.000000000095 6.902054199765554e-08
45900.000000000095 6.689486129587897e-08
45950.000000000095 4.5854089199826176e-08
46000.000000000095 6.379368633234577e-08
46050.000000000095 7.050792181700686e-08
46100.000000000095 4.6615632555553e-08
46150.000000000095 7.079885905234189e-08
46200.000000000095 6.933422602633156e-08
46250.000000000095 3.593376514061926e-08
46300.000000000095 8.178868821522134e-08
46350.000000000095 5.7788517931639876e-08
46400.000000000095 6.833494881821308e-08
46450.000000000095 9.458516211786187e-08
46500.000000000095 6.695477779744046e-08
46550.000000000095 1.0461178868252224e-07
46600.000000000095 1.0169034759879941e-07
46650.000000000095 1.6791578043104768e-07
46700.000000000095 1.2613781409954376e-07
46750.000000000095 8.939593587692812e-08
46800.000000000095 7.275758549601593e-08
46850.000000000095 9.329199844109419e-08
46900.000000000095 8.025019039875063e-08
46950.000000000095 1.1917655660342913e-07
47000.000000000095 6.015266973622555e-08
47050.000000000095 1.1772705939060945e-07
47100.000000000095 5.5440321336383616e-08
47150.000000000095 7.557743544706894e-08
47200.000000000095 8.22820138132902e-08
47250.000000000095 5.841982874925551e-08
47300.000000000095 7.381367708589476e-08
47350.000000000095 5.101627188164889e-08
47400.000000000095 9.607110210656306e-08
47450.000000000095 5.067295271225649e-08
47500.000000000095 1.0458963318715413e-07
47550.000000000095 5.393612985219013e-08
47600.000000000095 9.97025764260717e-08
47650.000000000095 5.674489167453195e-08
47700.000000000095 9.348006411179645e-08
47750.000000000095 5.171856695304055e-08
47800.000000000095 9.296890774813755e-08
47850.000000000095 4.767646690490684e-08
47900.000000000095 8.215599938219582e-08
47950.000000000095 6.300581090041666e-08
48000.000000000095 1.126603895744111e-07
48050.000000000095 7.331599428073974e-08
48100.000000000095 1.0449668002040427e-07
48150.000000000095 7.375088362711917e-08
48200.000000000095 1.119523681211753e-07
48250.000000000095 7.967140595513133e-08
48300.000000000095 1.3471963274752023e-07
48350.000000000095 7.73149709280524e-08
48400.000000000095 1.0102768475808198e-07
48450.000000000095 6.923991314978046e-08
48500.000000000095 1.3305316428361152e-07
48550.000000000095 6.876769918287221e-08
48600.000000000095 1.278815442071622e-07
48650.000000000095 7.113113566892892e-08
