galfind/configs/Brown_Dwarf_templates/sonora_cholla/logkzz7/562g/950K_562g_logkzz7_resample.dat
# %ECSV 1.0
# ---
# datatype:
# - {name: wav, unit: Angstrom, datatype: float64}
# - {name: flux_nu, unit: erg / (cm2 Hz s), datatype: float64}
# schema: astropy-2.0
wav flux_nu
10000.000000000093 nan
10050.000000000093 1.5391950129172877e-07
10100.000000000093 1.8142341203132712e-07
10150.000000000093 1.9002137549728705e-07
10200.000000000093 2.104545393551991e-07
10250.000000000093 2.2861272864190997e-07
10300.000000000093 2.4456404644301356e-07
10350.000000000093 2.751406326889104e-07
10400.000000000093 2.978112054585468e-07
10450.000000000093 3.114407509848072e-07
10500.000000000093 3.1422435515422483e-07
10550.000000000093 3.204355276614967e-07
10600.000000000093 3.2805238380909084e-07
10650.000000000093 3.3937481718300925e-07
10700.000000000093 3.4586818002405227e-07
10750.000000000093 3.524333424826428e-07
10800.000000000093 3.509071096631233e-07
10850.000000000093 3.427835691370908e-07
10900.000000000093 2.6334765267813595e-07
10950.000000000093 1.4727683972958437e-07
11000.000000000093 1.0469179122044046e-07
11050.000000000093 6.866584223092811e-08
11100.000000000093 4.908275429650896e-08
11150.000000000093 3.3388815153794355e-08
11200.000000000093 3.5144678969457535e-08
11250.000000000093 4.5751003625695894e-08
11300.000000000093 4.598330727535523e-08
11350.000000000093 2.2501626234052305e-08
11400.000000000093 5.2335922253226734e-08
11450.000000000093 3.796299129331051e-08
11500.000000000093 4.396633828344823e-08
11550.000000000093 2.8060169336646256e-08
11600.000000000093 2.8418560303273172e-08
11650.000000000093 3.7541802354662895e-08
11700.000000000093 4.1654422282171456e-08
11750.000000000093 3.0927998971078094e-08
11800.000000000093 5.503351731543328e-08
11850.000000000093 7.741773900122362e-08
11900.000000000093 9.08197521772164e-08
11950.000000000093 1.2192260121967398e-07
12000.000000000093 1.459125611129569e-07
12050.000000000093 1.763390348772446e-07
12100.000000000093 2.03367386320144e-07
12150.000000000093 2.3492296676419516e-07
12200.000000000093 2.6694054771628346e-07
12250.000000000093 3.0188572300066895e-07
12300.000000000093 3.39744870193739e-07
12350.000000000093 3.5695521958875895e-07
12400.000000000093 4.007768984915009e-07
12450.000000000093 4.4552862027071307e-07
12500.000000000093 4.732931917472148e-07
12550.000000000093 4.992575620802123e-07
12600.000000000093 4.976864821258885e-07
12650.000000000093 4.88067026452178e-07
12700.000000000093 4.863105417625944e-07
12750.000000000093 4.543057652900164e-07
12800.000000000093 4.4625829204561296e-07
12850.000000000093 3.788581848574721e-07
12900.000000000093 3.390934605682758e-07
12950.000000000093 3.242501156159071e-07
13000.000000000093 3.2471502742792467e-07
13050.000000000093 2.9320232153655615e-07
13100.000000000093 2.8000285418376787e-07
13150.000000000093 2.292533311918169e-07
13200.000000000093 2.121767242906003e-07
13250.000000000093 1.5262709165110363e-07
13300.000000000093 8.266344552276956e-08
13350.000000000093 2.7233696273524478e-08
13400.000000000093 1.1209210032399914e-08
13450.000000000093 6.337898713917898e-09
13500.000000000093 3.3417613286461926e-09
13550.000000000093 2.3255374918996612e-09
13600.000000000093 1.4198923911458621e-09
13650.000000000093 4.231936689621613e-09
13700.000000000093 3.028014076636509e-09
13750.000000000093 4.894718024344083e-09
13800.000000000093 6.406882443573629e-09
13850.000000000093 3.924950296983137e-09
13900.000000000093 4.114545875287555e-09
13950.000000000093 4.029664522328959e-09
14000.000000000093 3.954241851465862e-09
14050.000000000093 5.190276783879911e-09
14100.000000000093 3.7974416823231795e-09
14150.000000000093 5.844179649145147e-09
14200.000000000093 4.164791154041507e-09
14250.000000000093 4.619510202573269e-09
14300.000000000093 8.710741926888186e-09
14350.000000000093 7.900979538670122e-09
14400.000000000093 8.43881172499172e-09
14450.000000000093 1.0534560501212316e-08
14500.000000000093 1.944913913726118e-08
14550.000000000093 1.9756212317115728e-08
14600.000000000093 2.8940937634215443e-08
14650.000000000093 2.8626366288767602e-08
14700.000000000093 1.9959694494588073e-08
14750.000000000093 2.7445602136418417e-08
14800.000000000093 3.472396130490116e-08
14850.000000000093 3.58933654574099e-08
14900.000000000093 3.8702452178083095e-08
14950.000000000093 4.6333111158024096e-08
15000.000000000093 5.4174598065959645e-08
15050.000000000093 6.421637520967441e-08
15100.000000000093 7.241143676031359e-08
15150.000000000093 7.69485807255971e-08
15200.000000000093 8.034554099160945e-08
15250.000000000093 1.0303012872450515e-07
15300.000000000093 1.1788194922429887e-07
15350.000000000093 1.410329977860391e-07
15400.000000000093 1.5688695376509107e-07
15450.000000000093 1.747138885710693e-07
15500.000000000093 1.8548245764748388e-07
15550.000000000093 2.1423838019830787e-07
15600.000000000093 2.2098464075659297e-07
15650.000000000093 2.332324571413424e-07
15700.000000000093 2.6398791689736056e-07
15750.000000000093 2.7861100043629154e-07
15800.000000000093 2.731835414620116e-07
15850.000000000093 2.849710884783143e-07
15900.000000000093 2.78754917785871e-07
15950.000000000093 2.6769710813312164e-07
16000.000000000093 2.437721934567968e-07
16050.000000000093 2.0413896044681394e-07
16100.000000000093 1.714926796435439e-07
16150.000000000093 1.310863413187446e-07
16200.000000000093 9.702734624032486e-08
16250.000000000093 9.366103123353016e-08
16300.000000000093 8.012560858703434e-08
16350.000000000093 8.720959426333202e-08
16400.000000000095 9.712715258249822e-08
16450.000000000095 1.03708212506363e-07
16500.000000000095 1.1050413456792968e-07
16550.000000000095 1.0548777430569796e-07
16600.000000000095 1.1047721036470369e-07
16650.000000000095 7.801047540887258e-08
16700.000000000095 4.2535065429679897e-08
16750.000000000095 6.275269339863005e-08
16800.000000000095 8.614534124401096e-08
16850.000000000095 8.409559767871656e-08
16900.000000000095 7.30029907516304e-08
16950.000000000095 6.672337562409246e-08
17000.000000000095 5.673433369857736e-08
17050.000000000095 7.16056451686994e-08
17100.000000000095 7.959719526934148e-08
17150.000000000095 6.736463855919297e-08
17200.000000000095 8.729633843531425e-08
17250.000000000095 7.178401036928021e-08
17300.000000000095 6.255718763427079e-08
17350.000000000095 5.950688342541312e-08
17400.000000000095 5.954551609941674e-08
17450.000000000095 5.964953513349259e-08
17500.000000000095 6.521928086320999e-08
17550.000000000095 5.460098477475294e-08
17600.000000000095 4.793826334008137e-08
17650.000000000095 4.5655889133640256e-08
17700.000000000095 3.4998583004837535e-08
17750.000000000095 2.882608781003938e-08
17800.000000000095 3.549534751462113e-08
17850.000000000095 2.3129508536221868e-08
17900.000000000095 2.6643378525689866e-08
17950.000000000095 1.8478826668549527e-08
18000.000000000095 2.1853423077310096e-08
18050.000000000095 1.7483304302969414e-08
18100.000000000095 1.6739014187252323e-08
18150.000000000095 2.2504528922824473e-08
18200.000000000095 1.3054758326661124e-08
18250.000000000095 3.0057907800767674e-08
18300.000000000095 1.5472041605086735e-08
18350.000000000095 1.38432535343767e-08
18400.000000000095 1.1719579637212753e-08
18450.000000000095 1.7822689514984915e-08
18500.000000000095 1.8345848427793347e-08
18550.000000000095 1.3540791388605208e-08
18600.000000000095 1.2492100958421366e-08
18650.000000000095 1.000064471395094e-08
18700.000000000095 8.452157997151902e-09
18750.000000000095 1.286026358226922e-08
18800.000000000095 2.757940791107128e-08
18850.000000000095 2.93405770435791e-08
18900.000000000095 2.5580711775792523e-08
18950.000000000095 4.416348105107561e-08
19000.000000000095 2.5581154606224682e-08
19050.000000000095 1.8233891820839173e-08
19100.000000000095 3.4388714169329337e-08
19150.000000000095 2.263414496580776e-08
19200.000000000095 3.0342478266299345e-08
19250.000000000095 2.31219864128089e-08
19300.000000000095 1.9475925908634326e-08
19350.000000000095 1.9024478033267668e-08
19400.000000000095 1.2129157367994598e-08
19450.000000000095 2.3492642529553152e-08
19500.000000000095 2.2034007634844914e-08
19550.000000000095 1.8024446756827498e-08
19600.000000000095 2.400454356469186e-08
19650.000000000095 2.8732329662135996e-08
19700.000000000095 2.9435914419056043e-08
19750.000000000095 3.241380058201556e-08
19800.000000000095 3.637218164134469e-08
19850.000000000095 4.6078925019592796e-08
19900.000000000095 3.608699224711804e-08
19950.000000000095 5.416506613307628e-08
20000.000000000095 5.110265222403023e-08
20050.000000000095 5.537826344796297e-08
20100.000000000095 6.130897628877754e-08
20150.000000000095 5.819534232449078e-08
20200.000000000095 6.697051395535752e-08
20250.000000000095 7.698947349027044e-08
20300.000000000095 7.216715207528135e-08
20350.000000000095 8.33095711438615e-08
20400.000000000095 8.065967877400564e-08
20450.000000000095 9.401651920802411e-08
20500.000000000095 9.680910216327422e-08
20550.000000000095 9.523868348718869e-08
20600.000000000095 1.0480337788638298e-07
20650.000000000095 1.0251263435574318e-07
20700.000000000095 1.0211960360156662e-07
20750.000000000095 1.0791807866299309e-07
20800.000000000095 1.058975482692445e-07
20850.000000000095 1.078665801326712e-07
20900.000000000095 1.1017572414984422e-07
20950.000000000095 1.0626201708578984e-07
21000.000000000095 1.0748350551928839e-07
21050.000000000095 1.0395820187996024e-07
21100.000000000095 1.028075734144212e-07
21150.000000000095 1.0304980598074239e-07
21200.000000000095 9.899517060632273e-08
21250.000000000095 9.86851266053731e-08
21300.000000000095 9.207189188113778e-08
21350.000000000095 9.189842745298346e-08
21400.000000000095 8.765892487529041e-08
21450.000000000095 8.228618469928629e-08
21500.000000000095 8.296350103426568e-08
21550.000000000095 7.929592497187335e-08
21600.000000000095 7.58313726933379e-08
21650.000000000095 7.022531284422073e-08
21700.000000000095 7.244190540001993e-08
21750.000000000095 6.745950745433367e-08
21800.000000000095 6.151371832328836e-08
21850.000000000095 5.512828552746779e-08
21900.000000000095 5.065961399542391e-08
21950.000000000095 3.2658819308585035e-08
22000.000000000095 1.7385113970653355e-08
22050.000000000095 1.4899014280940632e-08
22100.000000000095 2.5525400905539965e-08
22150.000000000095 2.868538209445094e-08
22200.000000000095 2.719426827508928e-08
22250.000000000095 2.5843111673099652e-08
22300.000000000095 2.257937641755327e-08
22350.000000000095 2.165777751687268e-08
22400.000000000095 1.661714441901789e-08
22450.000000000095 1.5343178894610498e-08
22500.000000000095 1.6570466527006296e-08
22550.000000000095 1.0983273481114978e-08
22600.000000000095 1.3496516942964615e-08
22650.000000000095 1.511302441936104e-08
22700.000000000095 1.3275986264326582e-08
22750.000000000095 1.4059234186469634e-08
22800.000000000095 1.336742511206271e-08
22850.000000000095 1.1631213115131264e-08
22900.000000000095 1.0262551934389918e-08
22950.000000000095 9.898074440588682e-09
23000.000000000095 9.051051922023824e-09
23050.000000000095 1.1566481968669124e-08
23100.000000000095 2.002870751968016e-08
23150.000000000095 1.8513382820594995e-08
23200.000000000095 6.191069637465241e-09
23250.000000000095 7.785894659255168e-09
23300.000000000095 8.123508997366251e-09
23350.000000000095 6.661393165173218e-09
23400.000000000095 9.146660960652775e-09
23450.000000000095 8.15449913453148e-09
23500.000000000095 8.064133661427891e-09
23550.000000000095 1.1521924071959917e-08
23600.000000000095 1.2994218116144845e-08
23650.000000000095 1.4596577291544953e-08
23700.000000000095 7.250117263790531e-09
23750.000000000095 7.0055935739147745e-09
23800.000000000095 1.1213783227355914e-08
23850.000000000095 1.023339866662259e-08
23900.000000000095 1.61464408232372e-08
23950.000000000095 1.5352629167415803e-08
24000.000000000095 2.081372751652461e-08
24050.000000000095 2.1926127347818702e-08
24100.000000000095 1.8051514142653883e-08
24150.000000000095 2.0753126212749455e-08
24200.000000000095 2.237939493915415e-08
24250.000000000095 1.9329602259929008e-08
24300.000000000095 2.3963626359206627e-08
24350.000000000095 1.912497143495907e-08
24400.000000000095 3.0650322962090114e-08
24450.000000000095 2.4515992345585055e-08
24500.000000000095 2.721702536987051e-08
24550.000000000095 2.8918622260195503e-08
24600.000000000095 3.2644859826967653e-08
24650.000000000095 3.674544560921454e-08
24700.000000000095 2.6529922096731932e-08
24750.000000000095 2.6251378730821376e-08
24800.000000000095 2.6659389023624883e-08
24850.000000000095 3.906566188417477e-08
24900.000000000095 1.7916394595332405e-08
24950.000000000095 3.227791221117186e-08
25000.000000000095 2.980889184925285e-08
25050.000000000095 1.91359681933639e-08
25100.000000000095 2.688920077390975e-08
25150.000000000095 1.588564628191083e-08
25200.000000000095 2.2273212101663728e-08
25250.000000000095 1.2442194698024278e-08
25300.000000000095 1.8135520519283137e-08
25350.000000000095 9.570557160958094e-09
25400.000000000095 1.983355182342951e-08
25450.000000000095 1.0935881039079994e-08
25500.000000000095 1.0498845114974615e-08
25550.000000000095 1.4656381677093484e-08
25600.000000000095 1.1449121522727075e-08
25650.000000000095 7.109214460839351e-09
25700.000000000095 1.4099343505828194e-08
25750.000000000095 6.217590483146359e-09
25800.000000000095 1.6137550969166344e-08
25850.000000000095 6.149383391581351e-09
25900.000000000095 9.811163115048344e-09
25950.000000000095 4.912546608788915e-09
26000.000000000095 1.555677164840937e-08
26050.000000000095 7.48469666509117e-09
26100.000000000095 1.6404473263145067e-08
26150.000000000095 1.1871015897623696e-08
26200.000000000095 1.3430837578608526e-08
26250.000000000095 2.5299444005131607e-08
26300.000000000095 1.3882261947154765e-08
26350.000000000095 2.9418000711559764e-08
26400.000000000095 3.385856414876678e-08
26450.000000000095 2.8528536579590964e-08
26500.000000000095 3.063368033627238e-08
26550.000000000095 1.6383842647399156e-08
26600.000000000095 1.9651090836975368e-08
26650.000000000095 7.886625245758537e-09
26700.000000000095 5.835389475897332e-09
26750.000000000095 5.4375843437564195e-09
26800.000000000095 8.62221056485927e-09
26850.000000000095 5.085003521875478e-09
26900.000000000095 1.3239688612833649e-08
26950.000000000095 6.15693308888706e-09
27000.000000000095 1.889614456742607e-08
27050.000000000095 1.7177902392277348e-08
27100.000000000095 9.291371135509703e-09
27150.000000000095 2.3112400057287085e-08
27200.000000000095 9.656347072944152e-09
27250.000000000095 1.3582291843522501e-08
27300.000000000095 3.831552269210925e-08
27350.000000000095 2.4879038031655464e-08
27400.000000000095 5.172412969876774e-09
27450.000000000095 2.905564537154982e-08
27500.000000000095 3.492225629701219e-08
27550.000000000095 1.1917121582357865e-08
27600.000000000095 2.268913476707429e-08
27650.000000000095 1.0087552195647485e-08
27700.000000000095 8.027036526983209e-09
27750.000000000095 2.4254255963959266e-08
27800.000000000095 1.1214371556275378e-08
27850.000000000095 1.3028042259008513e-08
27900.000000000095 1.7420873698740448e-08
27950.000000000095 2.6820021392204364e-08
28000.000000000095 2.216413325775579e-08
28050.000000000095 8.143739901824732e-09
28100.000000000095 3.078270363933138e-08
28150.000000000095 2.0165881481521044e-08
28200.000000000095 8.412776885242488e-09
28250.000000000095 3.2404091477741315e-08
28300.000000000095 4.148715048357913e-08
28350.000000000095 1.0649861383237994e-08
28400.000000000095 2.6132586731601362e-08
28450.000000000095 3.6133104484866875e-08
28500.000000000095 2.492879353658675e-08
28550.000000000095 9.846240288159273e-09
28600.000000000095 3.682245857488187e-08
28650.000000000095 3.207830735259892e-08
28700.000000000095 2.7516121386323385e-08
28750.000000000095 4.187091557004683e-08
28800.000000000095 3.7337803734833176e-08
28850.000000000095 4.440972645677889e-08
28900.000000000095 2.1041679996772167e-08
28950.000000000095 5.442676319332335e-08
29000.000000000095 3.6632106238820073e-08
29050.000000000095 4.3778986854019606e-08
29100.000000000095 2.840998351802781e-08
29150.000000000095 6.268332263604004e-08
29200.000000000095 3.829343013478156e-08
29250.000000000095 5.481495987003002e-08
