galfind/configs/Brown_Dwarf_templates/sonora_cholla/logkzz4/316g/1000K_316g_logkzz4_resample.dat
# %ECSV 1.0
# ---
# datatype:
# - {name: wav, unit: Angstrom, datatype: float64}
# - {name: flux_nu, unit: erg / (cm2 Hz s), datatype: float64}
# schema: astropy-2.0
wav flux_nu
[from data line 775]
48750.000000000095 1.2299945252725413e-07
48800.000000000095 2.071101187417795e-07
48850.000000000095 1.444478988266722e-07
48900.000000000095 2.1276647564145513e-07
48950.000000000095 1.8511112920381954e-07
49000.000000000095 1.5610237747802505e-07
49050.000000000095 2.0318253368762736e-07
49100.000000000095 1.439671524881908e-07
49150.000000000095 2.3382938106977463e-07
49200.000000000095 1.5580523482756732e-07
49250.000000000095 2.3638515690264396e-07
49300.000000000095 1.7178842589787968e-07
49350.000000000095 1.814734087604577e-07
49400.000000000095 2.1540088979857113e-07
49450.000000000095 2.0175432628717012e-07
49500.000000000095 1.900279879929588e-07
49550.000000000095 1.1546720348496782e-07
49600.000000000095 1.9976231209292542e-07
49650.000000000095 1.869039424733122e-07
49700.000000000095 1.6787532785524505e-07
49750.000000000095 2.802916225365721e-07
49800.000000000095 1.6612438651196914e-07
49850.000000000095 3.070702563250052e-07
49900.000000000095 2.2794350911997752e-07
49950.000000000095 2.4598702808437556e-07
50000.000000000095 2.7044221438547026e-07
50050.000000000095 2.512149335520767e-07
50100.000000000095 3.1197900207277977e-07
50150.000000000095 1.6547630909830363e-07
50200.000000000095 1.1704210731170644e-07
50250.000000000095 2.6509291892274356e-07
50300.000000000095 1.9019017558964416e-07
50350.000000000095 2.683124413709719e-07
50400.000000000095 2.3390652568297188e-07
50450.000000000095 2.3377204569943612e-07
50500.000000000095 3.0352040656209577e-07
50550.000000000095 2.464601958998645e-07
50600.000000000095 2.7193134166928416e-07
50650.000000000095 2.5209657514451987e-07
50700.000000000095 3.5762759985396065e-07
50750.000000000095 3.3202022061661085e-07
50800.000000000095 1.6788054268266207e-07
50850.000000000095 1.797771242278195e-07
50900.000000000095 3.1913383932302314e-07
50950.000000000095 3.2020920497857267e-07
51000.000000000095 2.872578544467063e-07
51050.000000000095 2.695315441132103e-07
51100.000000000095 1.658432119786143e-07
51150.000000000095 2.246179652318099e-07
51200.000000000095 3.392465119526062e-07
51250.000000000095 2.923126038261712e-07
51300.000000000095 1.9731090040235052e-07
51350.000000000095 2.567147292892115e-07
51400.000000000095 1.8242313825337735e-07
51450.000000000095 1.616479349436523e-07
51500.000000000095 1.4884647511991928e-07
51550.000000000095 2.857506719694393e-07
51600.000000000095 1.9972852377278415e-07
51650.000000000095 2.665324235899241e-07
51700.000000000095 2.7428876207062165e-07
51750.000000000095 1.8243809283968623e-07
51800.000000000095 3.5155698445684947e-07
51850.000000000095 2.8104672458680433e-07
51900.000000000095 3.632448552605077e-07
51950.000000000095 2.948105977914473e-07
52000.000000000095 1.0641928485902489e-07
52050.000000000095 1.9863898676182036e-07
52100.000000000095 1.800518372905602e-07
52150.000000000095 1.4411833131761277e-07
52200.000000000095 1.5205329196923925e-07
52250.000000000095 2.0536576274771868e-07
52300.000000000095 3.3811156885411634e-07
52350.000000000095 2.208181116631777e-07
52400.000000000095 1.757006248056311e-07
52450.000000000095 2.890882955292077e-07
52500.000000000095 2.653442883527404e-07
52550.000000000095 2.74768297890887e-07
52600.000000000095 2.1603067700065174e-07
52650.000000000095 2.392328460965542e-07
52700.000000000095 2.0339002136534468e-07
52750.000000000095 1.6231910512028767e-07
52800.000000000095 1.7513343771054818e-07
52850.000000000095 2.0590214080331172e-07
52900.000000000095 1.6076544564829662e-07
52950.000000000095 1.693333891348841e-07
53000.000000000095 3.1404481223702286e-07
53050.000000000095 1.3344686973577948e-07
53100.000000000095 2.805658942158936e-07
53150.000000000095 3.382642611093609e-07
53200.000000000095 1.6046467741577639e-07
53250.000000000095 3.0408212888790085e-07
53300.000000000095 3.1418338716347554e-07
53350.000000000095 2.9856094238487983e-07
53400.000000000095 3.060653054753377e-07
53450.000000000095 1.428115040274881e-07
53500.000000000095 9.01630086587348e-08
53550.000000000095 1.4322370542409317e-07
53600.000000000095 2.1249417201543896e-07
53650.000000000095 1.8241175877187442e-07
53700.000000000095 1.665770883261375e-07
53750.000000000095 1.6846955577102836e-07
53800.000000000095 1.668980367534353e-07
53850.000000000095 2.2659396116120616e-07
53900.000000000095 2.107728268883486e-07
53950.000000000095 2.8309040861232824e-07
54000.000000000095 1.9618954713298148e-07
54050.000000000095 2.0430171340565765e-07
54100.000000000095 1.0051737079891646e-07
54150.000000000095 1.474313026525345e-07
54200.000000000095 7.35666077506139e-08
54250.000000000095 9.097174334982761e-08
54300.000000000095 1.5097568609202514e-07
54350.000000000095 2.040449713498079e-07
54400.000000000095 2.070865804297394e-07
54450.000000000095 1.6977777936875192e-07
54500.000000000095 1.535828870958645e-07
54550.000000000095 1.359265958222954e-07
54600.000000000095 1.7068960590303416e-07
54650.000000000095 8.921569892351666e-08
54700.000000000095 2.0060208576335187e-07
54750.000000000095 1.895860225143729e-07
54800.000000000095 1.3387225139636854e-07
54850.000000000095 1.6066188428508028e-07
54900.000000000095 2.1461596604950434e-07
54950.000000000095 2.8252367084588875e-07
55000.000000000095 1.2103410527621682e-07
55050.000000000095 1.8552940058220673e-07
55100.000000000095 1.6894499950173544e-07
55150.000000000095 1.3557151519047807e-07
55200.000000000095 1.3477043254631382e-07
55250.000000000095 1.5567288573647135e-07
55300.000000000095 1.1272072622628664e-07
55350.000000000095 1.8294220696417096e-07
55400.000000000095 2.289956913435832e-07
55450.000000000095 1.5863857797823848e-07
55500.000000000095 8.612027978868291e-08
55550.000000000095 1.1850882783332749e-07
55600.000000000095 1.1450389562149361e-07
55650.000000000095 1.0168305885499525e-07
55700.000000000095 1.2892235835639837e-07
55750.000000000095 1.4099141543653642e-07
55800.000000000095 1.0068870726092353e-07
55850.000000000095 9.346731381360133e-08
55900.000000000095 1.7283892705351486e-07
55950.000000000095 2.2297910368109965e-07
56000.000000000095 1.0801623549893595e-07
56050.000000000095 1.437330225627036e-07
56100.000000000095 1.7207002868620363e-07
56150.000000000095 1.2211071658836333e-07
56200.000000000095 1.4048652625959276e-07
56250.000000000095 1.527964070272651e-07
56300.000000000095 1.5633956554209271e-07
56350.000000000095 1.5372962882588938e-07
56400.000000000095 9.82165466109117e-08
56450.000000000095 8.757332289595846e-08
56500.000000000095 1.1324004188955893e-07
56550.000000000095 7.676451348603662e-08
56600.000000000095 1.6456347982706833e-07
56650.000000000095 1.5648048774358288e-07
56700.000000000095 1.7001340310136897e-07
56750.000000000095 8.71516455818284e-08
56800.000000000095 1.698177037362916e-07
56850.000000000095 1.378710784070547e-07
56900.000000000095 1.0292912493070319e-07
56950.000000000095 1.7076282037300185e-07
57000.000000000095 1.8837722020842402e-07
57050.000000000095 1.2086431689085472e-07
57100.000000000095 6.29232468827726e-08
57150.000000000095 9.458404097729799e-08
57200.000000000095 7.769659669200707e-08
57250.000000000095 1.0909870607489824e-07
57300.000000000095 1.471084892705565e-07
57350.000000000095 8.397656897086018e-08
57400.000000000095 1.4600805686276495e-07
57450.000000000095 1.2588654890863056e-07
57500.000000000095 1.2059505302021585e-07
57550.000000000095 1.579421600274934e-07
57600.000000000095 1.64026297147758e-07
57650.000000000095 6.372106595114896e-08
57700.000000000095 8.381689654560225e-08
57750.000000000095 1.0675020273478113e-07
57800.000000000095 4.632373708339459e-08
57850.000000000095 2.0384927083448343e-07
57900.000000000095 2.3357591876024293e-07
57950.000000000095 2.0933329659301182e-07
58000.000000000095 1.0388195506949298e-07
58050.000000000095 1.4792874302603718e-07
58100.000000000095 1.7597080074400822e-07
58150.000000000095 1.291009315823672e-07
58200.000000000095 6.819899838555467e-08
58250.000000000095 9.148946014777707e-08
58300.000000000095 7.446515466054382e-08
58350.000000000095 9.559904933210538e-08
58400.000000000095 1.346746563643901e-07
58450.000000000095 1.4245917390689804e-07
58500.000000000095 1.3178686548468769e-07
58550.000000000095 1.4692041414852608e-07
58600.000000000095 8.301131168385348e-08
58650.000000000095 1.0446142951659971e-07
58700.000000000095 1.155962584780414e-07
58750.000000000095 1.2680557428266182e-07
58800.000000000095 5.5043524589741535e-08
58850.000000000095 1.0406176743461619e-07
58900.000000000095 1.383236786263005e-07
58950.000000000095 8.07623751428442e-08
59000.000000000095 1.357370269500077e-07
59050.000000000095 1.505016765835052e-07
59100.000000000095 1.7764156748173468e-07
59150.000000000095 1.2440322625700727e-07
59200.000000000095 1.349119467083288e-07
59250.000000000095 1.4648756715621564e-07
59300.000000000095 1.3552390743820153e-07
59350.000000000095 6.505182141130835e-08
59400.000000000095 5.207090496194634e-08
59450.000000000095 1.223064371798335e-07
59500.000000000095 7.406992220512946e-08
59550.000000000095 1.4727477157804468e-07
59600.000000000095 1.514185166753049e-07
59650.000000000095 1.2740929671589876e-07
59700.000000000095 8.628890451077457e-08
59750.000000000095 1.9326374589843012e-07
59800.000000000095 1.1092255813520178e-07
59850.000000000095 1.5545182368670936e-07
59900.000000000095 7.368691025124909e-08
59950.000000000095 1.2579259131929084e-07
60000.000000000095 2.0967460428747432e-07
60050.000000000095 1.833530324738143e-07
60100.000000000095 1.8481230823113619e-07
60150.000000000095 1.2116759495521467e-07
60200.000000000095 1.4825692345982432e-07
60250.000000000095 1.8496432411468672e-07
60300.000000000095 1.718926293250577e-07
60350.000000000095 1.208284267265578e-07
60400.000000000095 1.5069749228216285e-07
60450.000000000095 7.605877865762227e-08
60500.000000000095 4.7619485356806465e-08
60550.000000000095 1.551569500406895e-07
60600.000000000095 1.5406846820477022e-07
60650.000000000095 1.2383378825979413e-07
60700.000000000095 1.0452439187873374e-07
60750.000000000095 7.868673450618539e-08
60800.000000000095 1.5588369477259863e-07
60850.000000000095 2.3286025179908574e-07
60900.000000000095 2.1120194210755494e-07
60950.000000000095 1.8867495767549603e-07
61000.000000000095 1.4299328307489416e-07
61050.000000000095 1.0032215744230444e-07
61100.000000000095 1.373608663148415e-07
61150.000000000095 5.6576570063588636e-08
61200.000000000095 1.8211463054144836e-07
61250.000000000095 2.1696856622007324e-07
61300.000000000095 1.9079238923728343e-07
61350.000000000095 2.3728618889751833e-07
61400.000000000095 1.5352454252332904e-07
61450.000000000095 8.89662559763272e-08
61500.000000000095 1.1551516768682296e-07
61550.000000000095 1.1754131925623052e-07
61600.000000000095 8.365487062683844e-08
61650.000000000095 1.3479545688274666e-07
61700.000000000095 1.130035776208662e-07
61750.000000000095 1.3557093981993896e-07
61800.000000000095 1.5208571962294354e-07
61850.000000000095 9.403370945755958e-08
61900.000000000095 1.9617801202391025e-07
61950.000000000095 1.8908748929917921e-07
62000.000000000095 1.9301631985306632e-07
62050.000000000095 1.720764631786757e-07
62100.000000000095 1.7952259381898283e-07
62150.000000000095 1.95787527810183e-07
62200.000000000095 1.6963177740531173e-07
62250.000000000095 1.705296420822098e-07
62300.000000000095 2.4427118893996074e-07
62350.000000000095 1.9225462695784663e-07
62400.000000000095 1.0806379745333786e-07
62450.000000000095 1.6129720793444635e-07
62500.000000000095 2.1992200490518818e-07
62550.000000000095 2.1502078322517385e-07
62600.000000000095 2.3438226459057024e-07
62650.000000000095 1.811305338513993e-07
62700.000000000095 1.9521369778777135e-07
62750.000000000095 2.4644275257100027e-07
62800.000000000095 1.5137313187528866e-07
62850.000000000095 2.075834954021529e-07
62900.000000000095 1.598644489477077e-07
62950.000000000095 2.1999375204439e-07
63000.000000000095 1.9062659001383964e-07
63050.000000000095 2.600406739663019e-07
63100.000000000095 2.3465499941717778e-07
63150.000000000095 1.7715216948607378e-07
63200.000000000095 2.2274067135361592e-07
63250.000000000095 1.759217485260894e-07
63300.000000000095 2.2373042886023207e-07
63350.000000000095 2.0482243959427653e-07
63400.000000000095 1.208772844198779e-07
63450.000000000095 9.462718181109665e-08
63500.000000000095 1.844131412120399e-07
63550.000000000095 1.8060547775594e-07
63600.000000000095 2.0915053904614354e-07
63650.000000000095 1.4824587306237874e-07
63700.000000000095 1.0214930175144728e-07
63750.000000000095 1.453146655331816e-07
63800.000000000095 1.8549646131023454e-07
63850.000000000095 1.6987955498635545e-07
63900.000000000095 1.1355607508111191e-07
63950.000000000095 1.718589163896387e-07
64000.000000000095 1.8894054456228737e-07
64050.000000000095 1.3312025187987297e-07
64100.000000000095 5.0406745060036806e-08
64150.000000000095 7.135783406290092e-08
64200.000000000095 8.003535562747709e-08
64250.000000000095 1.3763492355684455e-07
64300.000000000095 1.0509332406051853e-07
64350.000000000095 8.941135090381218e-08
64400.000000000095 1.5115811448556402e-07
64450.000000000095 1.606615515833971e-07
64500.000000000095 8.780874220207102e-08
64550.000000000095 1.3462190390142553e-07
64600.000000000095 7.367991047299151e-08
64650.000000000095 1.2401056693632695e-07
64700.000000000095 6.885555894543743e-08
64750.000000000095 8.894493559137597e-08
64800.000000000095 8.509452343379662e-08
64850.000000000095 7.398425654572644e-08
64900.000000000095 8.269383515052962e-08
64950.000000000095 7.853601607241494e-08
65000.000000000095 9.78199290370487e-08
65050.000000000095 1.0039974416627814e-07
65100.000000000095 1.324281163310075e-07
65150.000000000095 8.306190768046054e-08
65200.000000000095 7.162990977501249e-08
65250.000000000095 1.2511767981760686e-07
65300.000000000095 9.956285840360754e-08
65350.000000000095 1.889676494757174e-07
65400.000000000095 9.971322270425075e-08
65450.000000000095 1.0431787054455879e-07
65500.000000000095 1.2351632788719396e-07
65550.00000000009 7.862759854696741e-08
65600.00000000009 1.0447779898938456e-07
65650.00000000009 1.0504270128835567e-07
65700.00000000009 9.661419750459074e-08
65750.00000000009 7.606801886068007e-08
65800.00000000009 1.1253115138771873e-07
65850.00000000009 1.3313960335216806e-07
65900.00000000009 7.378607483689523e-08
65950.00000000009 6.864412568061865e-08
66000.00000000009 9.682666884204339e-08
66050.00000000009 1.737775320699637e-07
66100.00000000009 1.0742382108904673e-07
66150.00000000009 8.122120578103739e-08
66200.00000000009 8.117246310715927e-08
66250.00000000009 7.610906584094225e-08
66300.00000000009 3.9364897947833626e-08
66350.00000000009 5.372026397491642e-08
66400.00000000009 7.384317846226663e-08
66450.00000000009 1.2628285550711897e-07
66500.00000000009 1.698216917419976e-07
66550.00000000009 1.6375594994638396e-07
66600.00000000009 1.2440856440070007e-07
66650.00000000009 1.1057033537669754e-07
66700.00000000009 1.0102124287900986e-07
66750.00000000009 9.330776602426106e-08
66800.00000000009 1.205564903211596e-07
66850.00000000009 8.199361422485309e-08
66900.00000000009 1.4076911557040202e-07
66950.00000000009 1.698038774501454e-07
67000.00000000009 1.6133106714653054e-07
67050.00000000009 1.1229711228752913e-07
67100.00000000009 8.994989493576956e-08
67150.00000000009 9.334865407411701e-08
67200.00000000009 1.1238122768370792e-07
67250.00000000009 1.1410823900126294e-07
67300.00000000009 1.2782291380756497e-07
67350.00000000009 8.33389433094562e-08
67400.00000000009 1.6378170495923815e-07
67450.00000000009 1.2481133912005165e-07
67500.00000000009 1.1303946101096003e-07
67550.00000000009 1.400487842178425e-07
67600.00000000009 2.2238567310214425e-07
67650.00000000009 1.666075977433532e-07
67700.00000000009 1.2677210026278894e-07
67750.00000000009 1.0857010268569236e-07
67800.00000000009 1.444388605124599e-07
67850.00000000009 8.726049194691695e-08
67900.00000000009 1.0936345785360108e-07
67950.00000000009 7.752572714753153e-08
