galfind/configs/Brown_Dwarf_templates/sonora_cholla/logkzz4/316g/1050K_316g_logkzz4_resample.dat
# %ECSV 1.0
# ---
# datatype:
# - {name: wav, unit: Angstrom, datatype: float64}
# - {name: flux_nu, unit: erg / (cm2 Hz s), datatype: float64}
# schema: astropy-2.0
wav flux_nu
[from data line 1161]
68050.00000000009 1.8352379271215175e-07
68100.00000000009 1.9952722863291463e-07
68150.00000000009 1.590490718800823e-07
68200.00000000009 1.644570534969916e-07
68250.00000000009 8.117613646623785e-08
68300.00000000009 1.444785029158388e-07
68350.00000000009 8.437428642281854e-08
68400.00000000009 2.017130471561646e-07
68450.00000000009 1.9414747626735357e-07
68500.00000000009 1.6370482673561812e-07
68550.00000000009 1.1401503849815875e-07
68600.00000000009 1.211344148846088e-07
68650.00000000009 8.236931649917433e-08
68700.00000000009 1.3212542402636872e-07
68750.00000000009 1.6104142125726184e-07
68800.00000000009 1.776464338110539e-07
68850.00000000009 9.82987330424106e-08
68900.00000000009 2.165526296184782e-07
68950.00000000009 2.2676676964766354e-07
69000.00000000009 2.0778278904659407e-07
69050.00000000009 1.342194312592795e-07
69100.00000000009 2.2002271114576889e-07
69150.00000000009 2.546393436466611e-07
69200.00000000009 1.601710418542221e-07
69250.00000000009 2.342544718177507e-07
69300.00000000009 1.6218767458546023e-07
69350.00000000009 2.189600948432109e-07
69400.00000000009 1.123021871322779e-07
69450.00000000009 2.2824166741739054e-07
69500.00000000009 1.4935169786330205e-07
69550.00000000009 1.5777345492549877e-07
69600.00000000009 6.733742510058507e-08
69650.00000000009 1.445525362344351e-07
69700.00000000009 2.0939483001158198e-07
69750.00000000009 1.4944504324363846e-07
69800.00000000009 1.9249913672424642e-07
69850.00000000009 2.0462348115441476e-07
69900.00000000009 1.4775909055356983e-07
69950.00000000009 1.6386247082905062e-07
70000.00000000009 1.455262342520405e-07
70050.00000000009 2.179095324465498e-07
70100.00000000009 1.5994498263860337e-07
70150.00000000009 1.6837370588110721e-07
70200.00000000009 1.2620605253277416e-07
70250.00000000009 1.6382084263020856e-07
70300.00000000009 2.0562312045857607e-07
70350.00000000009 1.5766206857289506e-07
70400.00000000009 1.383165049022279e-07
70450.00000000009 7.25364160646484e-08
70500.00000000009 1.1313503993506252e-07
70550.00000000009 1.2018172530611622e-07
70600.00000000009 1.1874638659362781e-07
70650.00000000009 1.7847708478491534e-07
70700.00000000009 1.6478689994768908e-07
70750.00000000009 1.9443747548303405e-07
70800.00000000009 1.3276373348663546e-07
70850.00000000009 1.2826611579142278e-07
70900.00000000009 1.2868215207155296e-07
70950.00000000009 1.9572769755082738e-07
71000.00000000009 1.6367651852936533e-07
71050.00000000009 1.6769098220660775e-07
71100.00000000009 1.4852066571411533e-07
71150.00000000009 1.4895599625322726e-07
71200.00000000009 1.3232938584989458e-07
71250.00000000009 1.435998966512982e-07
71300.00000000009 1.814310357440311e-07
71350.00000000009 1.7567405189427813e-07
71400.00000000009 1.7302917568172328e-07
71450.00000000009 1.0228221444617615e-07
71500.00000000009 1.241030613790079e-07
71550.00000000009 1.3346379308205753e-07
71600.00000000009 1.5095340559834127e-07
71650.00000000009 1.386107690053023e-07
71700.00000000009 1.1302302361073154e-07
71750.00000000009 1.3611694266604054e-07
71800.00000000009 1.733093732363172e-07
71850.00000000009 1.707901203315397e-07
71900.00000000009 1.2097780775937084e-07
71950.00000000009 1.2862552724522023e-07
72000.00000000009 1.2994657464655762e-07
72050.00000000009 1.0386987626640948e-07
72100.00000000009 1.2148290639873148e-07
72150.00000000009 1.0257299759408704e-07
72200.00000000009 1.2930461387548135e-07
72250.00000000009 1.509339221427764e-07
72300.00000000009 1.3699950376327263e-07
72350.00000000009 1.3969379549445056e-07
72400.00000000009 1.1516686562110279e-07
72450.00000000009 1.053059152621381e-07
72500.00000000009 1.2820625840101204e-07
72550.00000000009 7.950411117192526e-08
72600.00000000009 8.198935631325163e-08
72650.00000000009 1.4286391746134099e-07
72700.00000000009 1.4291165262024698e-07
72750.00000000009 1.2299202860145913e-07
72800.00000000009 1.1220085120911424e-07
72850.00000000009 1.0895657090534763e-07
72900.00000000009 1.3837046158685684e-07
72950.00000000009 1.3343257795918337e-07
73000.00000000009 1.3304792041061607e-07
73050.00000000009 1.0943001515168504e-07
73100.00000000009 9.536709409410598e-08
73150.00000000009 1.6802033729641274e-07
73200.00000000009 1.0202317604502273e-07
73250.00000000009 1.2024065734609843e-07
73300.00000000009 1.2188844408058704e-07
73350.00000000009 9.8547297439013e-08
73400.00000000009 1.2357771226131582e-07
73450.00000000009 8.341639033007014e-08
73500.00000000009 8.4213052833664e-08
73550.00000000009 1.1225744806864928e-07
73600.00000000009 8.819979244020109e-08
73650.00000000009 1.1737352650359428e-07
73700.00000000009 1.3824275915618957e-07
73750.00000000009 8.417556514685878e-08
73800.00000000009 1.117069051175503e-07
73850.00000000009 1.1966840403261526e-07
73900.00000000009 1.284476616302019e-07
73950.00000000009 1.095160191282014e-07
74000.00000000009 9.697278968552481e-08
74050.00000000009 1.6668343317987925e-07
74100.00000000009 1.0548145446206285e-07
74150.00000000009 1.1897401231843863e-07
74200.00000000009 1.0620586696323136e-07
74250.00000000009 6.555625394983696e-08
74300.00000000009 1.0722497503871921e-07
74350.00000000009 1.3338628104131905e-07
74400.00000000009 1.235346318936354e-07
74450.00000000009 7.371512350787163e-08
74500.00000000009 8.664522338515154e-08
74550.00000000009 1.0878231275535044e-07
74600.00000000009 1.0738931662096297e-07
74650.00000000009 1.0632921656666704e-07
74700.00000000009 8.28587186420966e-08
74750.00000000009 9.41805201737274e-08
74800.00000000009 1.0164417746492017e-07
74850.00000000009 7.491311542327675e-08
74900.00000000009 1.4112669317880065e-07
74950.00000000009 1.4116643236987063e-07
75000.00000000009 1.1397245237479971e-07
75050.00000000009 8.378661511481357e-08
75100.00000000009 1.5034679672859746e-07
75150.00000000009 1.2411526317785034e-07
75200.00000000009 1.4886027556433175e-07
75250.00000000009 1.3672549776837348e-07
75300.00000000009 1.4499566379784554e-07
75350.00000000009 8.539823933640663e-08
75400.00000000009 1.473965266565725e-07
75450.00000000009 1.2255160392276488e-07
75500.00000000009 1.1637531392424345e-07
75550.00000000009 1.5050286066053546e-07
75600.00000000009 1.7808299972423013e-07
75650.00000000009 1.1326471163557993e-07
75700.00000000009 1.255974667104735e-07
75750.00000000009 9.0172853093779e-08
75800.00000000009 1.3692192187014257e-07
75850.00000000009 1.6240392040681304e-07
75900.00000000009 1.441535352467913e-07
75950.00000000009 1.1038937262160669e-07
76000.00000000009 1.3148938994768807e-07
76050.00000000009 1.4704057052848596e-07
76100.00000000009 1.277186555600934e-07
76150.00000000009 1.492520146878516e-07
76200.00000000009 1.5128281689681955e-07
76250.00000000009 1.7299547014218447e-07
76300.00000000009 1.9649883575301272e-07
76350.00000000009 2.279921518936749e-07
76400.00000000009 1.768497064895903e-07
76450.00000000009 1.7133948722367786e-07
76500.00000000009 1.370760951424695e-07
76550.00000000009 1.212106337327169e-07
76600.00000000009 5.851525907397748e-08
76650.00000000009 6.545762921403545e-08
76700.00000000009 7.310400240949777e-08
76750.00000000009 6.825901218359379e-08
76800.00000000009 1.0457922916217341e-07
76850.00000000009 4.575794439222586e-08
76900.00000000009 5.507080922215324e-08
76950.00000000009 8.474668569894858e-08
77000.00000000009 9.075267040987454e-08
77050.00000000009 6.435994353114074e-08
77100.00000000009 7.077501523409911e-08
77150.00000000009 1.0242057400331602e-07
77200.00000000009 8.576514604854379e-08
77250.00000000009 9.520184990644858e-08
77300.00000000009 9.06177303499783e-08
77350.00000000009 6.05037496996979e-08
77400.00000000009 5.842184512866579e-08
77450.00000000009 6.791024206304233e-08
77500.00000000009 7.086171456083217e-08
77550.00000000009 8.481178648968152e-08
77600.00000000009 9.129105212499845e-08
77650.00000000009 8.723425311352725e-08
77700.00000000009 6.57484769999405e-08
77750.00000000009 1.079547593786716e-07
77800.00000000009 8.584799708482489e-08
77850.00000000009 1.3024196304440709e-07
77900.00000000009 1.068693676928791e-07
77950.00000000009 7.09224108494451e-08
78000.00000000009 8.845183039723071e-08
78050.00000000009 1.0263963505007902e-07
78100.00000000009 8.091900982480407e-08
78150.00000000009 1.1932955504846026e-07
78200.00000000009 1.194228320738219e-07
78250.00000000009 1.340764988357284e-07
78300.00000000009 1.2706397459234765e-07
78350.00000000009 1.1534793858363696e-07
78400.00000000009 1.0439847207045015e-07
78450.00000000009 1.4260439076085312e-07
78500.00000000009 1.32477535918743e-07
78550.00000000009 1.4236264181140556e-07
78600.00000000009 1.2435166830663155e-07
78650.00000000009 6.139299695809816e-08
78700.00000000009 9.59152455841849e-08
78750.00000000009 9.048952021316077e-08
78800.00000000009 1.2595490939913474e-07
78850.00000000009 8.336567234325635e-08
78900.00000000009 1.1901861980421379e-07
78950.00000000009 1.0934626298076954e-07
79000.00000000009 1.0965906593784878e-07
79050.00000000009 1.0014924540879623e-07
79100.00000000009 1.0792379123459762e-07
79150.00000000009 1.211915523249149e-07
79200.00000000009 1.3667193821031434e-07
79250.00000000009 1.1927969923160069e-07
79300.00000000009 8.678046811482198e-08
79350.00000000009 1.3159392014604847e-07
79400.00000000009 1.095829078735415e-07
79450.00000000009 1.2243801924421447e-07
79500.00000000009 1.7164500358700274e-07
79550.00000000009 1.3973712173340262e-07
79600.00000000009 9.554247116933051e-08
79650.00000000009 1.2132914271259582e-07
79700.00000000009 1.4501348232299783e-07
79750.00000000009 1.4244143822853526e-07
79800.00000000009 1.1759832392324705e-07
79850.00000000009 1.1663008082002266e-07
79900.00000000009 1.7799857885503456e-07
79950.00000000009 1.2414960187114431e-07
