galfind/configs/Brown_Dwarf_templates/sonora_cholla/logkzz4/316g/1100K_316g_logkzz4_resample.dat
# %ECSV 1.0
# ---
# datatype:
# - {name: wav, unit: Angstrom, datatype: float64}
# - {name: flux_nu, unit: erg / (cm2 Hz s), datatype: float64}
# schema: astropy-2.0
wav flux_nu
[from data line 1162]
68100.00000000009 2.3003310793757693e-07
68150.00000000009 1.8383955407540995e-07
68200.00000000009 1.9229093262126794e-07
68250.00000000009 1.0197617782119116e-07
68300.00000000009 1.702369757812948e-07
68350.00000000009 1.0160826026529428e-07
68400.00000000009 2.3163828111074475e-07
68450.00000000009 2.2593193056884755e-07
68500.00000000009 1.9375151409695884e-07
68550.00000000009 1.3929863332342378e-07
68600.00000000009 1.4954706975921548e-07
68650.00000000009 1.0553425177048791e-07
68700.00000000009 1.615814315681107e-07
68750.00000000009 1.9223908070033007e-07
68800.00000000009 2.089669643572075e-07
68850.00000000009 1.226451568899285e-07
68900.00000000009 2.510855898872379e-07
68950.00000000009 2.6441474220045307e-07
69000.00000000009 2.465419930229161e-07
69050.00000000009 1.6382675432089235e-07
69100.00000000009 2.5506156586941195e-07
69150.00000000009 2.924603586849444e-07
69200.00000000009 1.868429908683249e-07
69250.00000000009 2.6509664382812094e-07
69300.00000000009 2.0077163353780916e-07
69350.00000000009 2.497126188928329e-07
69400.00000000009 1.3574686557160938e-07
69450.00000000009 2.6300814448787506e-07
69500.00000000009 1.7935542597955542e-07
69550.00000000009 1.895077864585899e-07
69600.00000000009 8.462759726811171e-08
69650.00000000009 1.7535413271975028e-07
69700.00000000009 2.4111703489664157e-07
69750.00000000009 1.766258462528412e-07
69800.00000000009 2.2523528984663575e-07
69850.00000000009 2.3957848596430613e-07
69900.00000000009 1.7297974503211952e-07
69950.00000000009 1.9732490685460394e-07
70000.00000000009 1.7103714637495504e-07
70050.00000000009 2.489438063493794e-07
70100.00000000009 1.8590604385054866e-07
70150.00000000009 2.0040011334195078e-07
70200.00000000009 1.5192003522344218e-07
70250.00000000009 1.9144654881653667e-07
70300.00000000009 2.3382637636352188e-07
70350.00000000009 1.825892631730523e-07
70400.00000000009 1.6785100366501395e-07
70450.00000000009 9.292708176358444e-08
70500.00000000009 1.3674075985921076e-07
70550.00000000009 1.461627406809801e-07
70600.00000000009 1.4771841277142855e-07
70650.00000000009 2.0390399454364166e-07
70700.00000000009 1.8976861047398722e-07
70750.00000000009 2.2224252261186386e-07
70800.00000000009 1.5529757828311732e-07
70850.00000000009 1.4999167787897075e-07
70900.00000000009 1.4962872935224785e-07
70950.00000000009 2.2602686989583143e-07
71000.00000000009 1.894605478313437e-07
71050.00000000009 1.9643634296196417e-07
71100.00000000009 1.761770290946699e-07
71150.00000000009 1.7811382337679291e-07
71200.00000000009 1.5793668083344468e-07
71250.00000000009 1.697986375775405e-07
71300.00000000009 2.090729436076974e-07
71350.00000000009 2.0008784969968298e-07
71400.00000000009 2.0066124195667032e-07
71450.00000000009 1.246515230900219e-07
71500.00000000009 1.5022846575251421e-07
71550.00000000009 1.5947931576707838e-07
71600.00000000009 1.7816386204634208e-07
71650.00000000009 1.6696662834463133e-07
71700.00000000009 1.383922825221853e-07
71750.00000000009 1.6093000183787602e-07
71800.00000000009 2.0201437096928324e-07
71850.00000000009 2.0028084812420737e-07
71900.00000000009 1.4528170621225188e-07
71950.00000000009 1.523245999006032e-07
72000.00000000009 1.5387448442934885e-07
72050.00000000009 1.26814821425183e-07
72100.00000000009 1.4673292855962593e-07
72150.00000000009 1.2528350335639191e-07
72200.00000000009 1.5121339551551722e-07
72250.00000000009 1.7531037881486896e-07
72300.00000000009 1.631535957401222e-07
72350.00000000009 1.6372658424407577e-07
72400.00000000009 1.3427192763885586e-07
72450.00000000009 1.2756823073566824e-07
72500.00000000009 1.5146281224109966e-07
72550.00000000009 9.53650926634626e-08
72600.00000000009 9.586290649500233e-08
72650.00000000009 1.6777257676918146e-07
72700.00000000009 1.712995952771268e-07
72750.00000000009 1.4765874710676739e-07
72800.00000000009 1.3757943317302683e-07
72850.00000000009 1.3156271401354424e-07
72900.00000000009 1.611067764708083e-07
72950.00000000009 1.5694032426349092e-07
73000.00000000009 1.57940031811424e-07
73050.00000000009 1.342010472893633e-07
73100.00000000009 1.1587456463335959e-07
73150.00000000009 1.9439030912941448e-07
73200.00000000009 1.2478282373021843e-07
73250.00000000009 1.43612249122506e-07
73300.00000000009 1.4647691901698573e-07
73350.00000000009 1.2185019051721557e-07
73400.00000000009 1.4761923874193494e-07
73450.00000000009 9.995105543227365e-08
73500.00000000009 1.0487559773302661e-07
73550.00000000009 1.3407850564047006e-07
73600.00000000009 1.0835497992235728e-07
73650.00000000009 1.391772651646515e-07
73700.00000000009 1.6594308868404533e-07
73750.00000000009 1.0632942265891898e-07
73800.00000000009 1.3263204300522203e-07
73850.00000000009 1.4060087865741796e-07
73900.00000000009 1.5493329422743034e-07
73950.00000000009 1.3065381799173434e-07
74000.00000000009 1.2158161200261522e-07
74050.00000000009 1.9518380907144882e-07
74100.00000000009 1.2430808456911711e-07
74150.00000000009 1.4374955144877824e-07
74200.00000000009 1.2999952077966416e-07
74250.00000000009 8.879000456976302e-08
74300.00000000009 1.3161196750049786e-07
74350.00000000009 1.5674270620529922e-07
74400.00000000009 1.457425286521531e-07
74450.00000000009 8.984910439516458e-08
74500.00000000009 1.075608409570247e-07
74550.00000000009 1.3101434651739369e-07
74600.00000000009 1.2982382336111262e-07
74650.00000000009 1.2811651445614497e-07
74700.00000000009 1.0193075239819346e-07
74750.00000000009 1.1689041786236201e-07
74800.00000000009 1.235885207397692e-07
74850.00000000009 8.828650085370075e-08
74900.00000000009 1.6958722504028517e-07
74950.00000000009 1.6517235944787388e-07
75000.00000000009 1.3887724971218407e-07
75050.00000000009 1.1015294991621704e-07
75100.00000000009 1.7727810487767946e-07
75150.00000000009 1.4684059403196831e-07
75200.00000000009 1.7600121609424785e-07
75250.00000000009 1.5790598255283193e-07
75300.00000000009 1.7147255834314668e-07
75350.00000000009 1.0412154465874937e-07
75400.00000000009 1.700992511271524e-07
75450.00000000009 1.448115250806863e-07
75500.00000000009 1.3596214822778277e-07
75550.00000000009 1.789432251357816e-07
75600.00000000009 2.0834527739701316e-07
75650.00000000009 1.3865398769255073e-07
75700.00000000009 1.4771905155976085e-07
75750.00000000009 1.0883198539004539e-07
75800.00000000009 1.6122306635014406e-07
75850.00000000009 1.8974329217742813e-07
75900.00000000009 1.689625944721372e-07
75950.00000000009 1.3593913637456776e-07
76000.00000000009 1.5209014077239006e-07
76050.00000000009 1.719552069882276e-07
76100.00000000009 1.5020052116399968e-07
76150.00000000009 1.7408055719312324e-07
76200.00000000009 1.7721605869949983e-07
76250.00000000009 2.0393184574762092e-07
76300.00000000009 2.2380174322133847e-07
76350.00000000009 2.583839013212941e-07
76400.00000000009 2.037035404101959e-07
76450.00000000009 1.9778447679822998e-07
76500.00000000009 1.585974372337499e-07
76550.00000000009 1.4879372748478387e-07
76600.00000000009 7.639030380123143e-08
76650.00000000009 8.436818567770777e-08
76700.00000000009 9.72090801632161e-08
76750.00000000009 8.697073252095041e-08
76800.00000000009 1.2984161579866709e-07
76850.00000000009 6.324698338048519e-08
76900.00000000009 7.138500930696857e-08
76950.00000000009 1.0545467102465039e-07
77000.00000000009 1.1229351552671652e-07
77050.00000000009 8.279006765248423e-08
77100.00000000009 8.804519186186493e-08
77150.00000000009 1.2261846962320259e-07
77200.00000000009 1.0541741721103811e-07
77250.00000000009 1.1528802376686431e-07
77300.00000000009 1.0903283835305845e-07
77350.00000000009 7.548694508717415e-08
77400.00000000009 7.23221600568156e-08
77450.00000000009 7.992945211045737e-08
77500.00000000009 9.299003172312372e-08
77550.00000000009 1.0618046139135268e-07
77600.00000000009 1.1215675120273006e-07
77650.00000000009 1.0948832387874871e-07
77700.00000000009 8.739509684233027e-08
77750.00000000009 1.286964712999388e-07
77800.00000000009 1.0465097553835556e-07
77850.00000000009 1.5065402379432778e-07
77900.00000000009 1.2610535419580227e-07
77950.00000000009 8.71318492769605e-08
78000.00000000009 1.0570938704814863e-07
78050.00000000009 1.2357042616410575e-07
78100.00000000009 9.592681747694384e-08
78150.00000000009 1.3957056815665882e-07
78200.00000000009 1.389411065824423e-07
78250.00000000009 1.547120934049102e-07
78300.00000000009 1.5025758447692812e-07
78350.00000000009 1.371940765302468e-07
78400.00000000009 1.2578708085483405e-07
78450.00000000009 1.6610953880599448e-07
78500.00000000009 1.5491849895972858e-07
78550.00000000009 1.6362564017031511e-07
78600.00000000009 1.4352225502643815e-07
78650.00000000009 7.753778613448103e-08
78700.00000000009 1.1850618908492084e-07
78750.00000000009 1.1004637767085773e-07
78800.00000000009 1.4826265480255352e-07
78850.00000000009 1.0449995039868672e-07
78900.00000000009 1.3886254283595232e-07
78950.00000000009 1.2905697926272878e-07
79000.00000000009 1.3306887387727163e-07
79050.00000000009 1.197814932207321e-07
79100.00000000009 1.2820247929016473e-07
79150.00000000009 1.457991950116487e-07
79200.00000000009 1.6368317506066855e-07
79250.00000000009 1.4510639021564423e-07
79300.00000000009 1.063962239009351e-07
79350.00000000009 1.564314425890712e-07
79400.00000000009 1.3205336977759931e-07
79450.00000000009 1.393277264706836e-07
79500.00000000009 1.9648718676091462e-07
79550.00000000009 1.6178094978047367e-07
79600.00000000009 1.1494093512789747e-07
79650.00000000009 1.4032957328350632e-07
79700.00000000009 1.723542600470271e-07
79750.00000000009 1.6660809354173824e-07
79800.00000000009 1.4073242809952545e-07
79850.00000000009 1.360877010221798e-07
79900.00000000009 2.0739211643730414e-07
79950.00000000009 1.4533221269038937e-07
