galfind/configs/Brown_Dwarf_templates/sonora_cholla/logkzz4/316g/1150K_316g_logkzz4_resample.dat
# %ECSV 1.0
# ---
# datatype:
# - {name: wav, unit: Angstrom, datatype: float64}
# - {name: flux_nu, unit: erg / (cm2 Hz s), datatype: float64}
# schema: astropy-2.0
wav flux_nu
10000.000000000093 nan
10050.000000000093 2.706087407155892e-07
10100.000000000093 3.179684780689064e-07
10150.000000000093 3.207501789411655e-07
10200.000000000093 3.526867240538909e-07
10250.000000000093 3.7953398093249523e-07
10300.000000000093 3.82162683970951e-07
10350.000000000093 4.403914250737904e-07
10400.000000000093 4.848165393700944e-07
10450.000000000093 4.9821054022648e-07
10500.000000000093 4.862104154722558e-07
10550.000000000093 4.904232629113234e-07
10600.000000000093 5.140842195900246e-07
10650.000000000093 5.492973352587802e-07
10700.000000000093 5.829634786202066e-07
10750.000000000093 6.19654763779593e-07
10800.000000000093 6.466934696743089e-07
10850.000000000093 6.913398831714907e-07
10900.000000000093 6.090225651446519e-07
10950.000000000093 4.3999634568413565e-07
11000.000000000093 3.7240213670865984e-07
11050.000000000093 2.9461795160516423e-07
11100.000000000093 2.5678908591896577e-07
11150.000000000093 2.0665758873610266e-07
11200.000000000093 2.1026593170963714e-07
11250.000000000093 2.5886567201620693e-07
11300.000000000093 2.4794835566128615e-07
11350.000000000093 1.450064962821341e-07
11400.000000000093 2.6157675536816814e-07
11450.000000000093 2.0561179713600901e-07
11500.000000000093 2.479119355043401e-07
11550.000000000093 1.8453394644264432e-07
11600.000000000093 1.969118227878554e-07
11650.000000000093 2.254324517938227e-07
11700.000000000093 2.3767209860302057e-07
11750.000000000093 1.9674796386240372e-07
11800.000000000093 2.724975616181759e-07
11850.000000000093 3.4236815755588623e-07
11900.000000000093 3.7051479409297486e-07
11950.000000000093 4.4674864766019163e-07
12000.000000000093 4.747209634960024e-07
12050.000000000093 5.657519422922721e-07
12100.000000000093 6.131361090701738e-07
12150.000000000093 6.902898159388644e-07
12200.000000000093 7.538973577502826e-07
12250.000000000093 8.368766833732393e-07
12300.000000000093 9.033689447742192e-07
12350.000000000093 9.248792553799607e-07
12400.000000000093 9.439880842757876e-07
12450.000000000093 1.0306140591591338e-06
12500.000000000093 1.0787306253370096e-06
12550.000000000093 1.1354478207344585e-06
12600.000000000093 1.152675257690988e-06
12650.000000000093 1.140809075170643e-06
12700.000000000093 1.1888754574973928e-06
12750.000000000093 1.1305398673077147e-06
12800.000000000093 1.1592613416513356e-06
12850.000000000093 1.0486320595792892e-06
12900.000000000093 9.627782097278245e-07
12950.000000000093 9.842876229217603e-07
13000.000000000093 9.89727911293381e-07
13050.000000000093 9.66944480566452e-07
13100.000000000093 9.149455378835761e-07
13150.000000000093 8.130792387447583e-07
13200.000000000093 7.569050557422886e-07
13250.000000000093 5.915804726529652e-07
13300.000000000093 3.506027291440999e-07
13350.000000000093 1.1946940043367136e-07
13400.000000000093 6.543935620728823e-08
13450.000000000093 4.3244510512507274e-08
13500.000000000093 2.7324939659188755e-08
13550.000000000093 2.239388980616091e-08
13600.000000000093 1.6582003354320933e-08
13650.000000000093 3.59043845827147e-08
13700.000000000093 2.9056223962701252e-08
13750.000000000093 3.323268041300833e-08
13800.000000000093 4.3839408767610053e-08
13850.000000000093 3.3398809494608474e-08
13900.000000000093 3.433449023322635e-08
13950.000000000093 3.18874904503177e-08
14000.000000000093 2.8965047075988034e-08
14050.000000000093 3.5368590612710486e-08
14100.000000000093 2.6283941815534416e-08
14150.000000000093 3.6547805031474604e-08
14200.000000000093 2.872658465726605e-08
14250.000000000093 2.967488745406531e-08
14300.000000000093 4.2275416402070546e-08
14350.000000000093 4.0797800783964914e-08
14400.000000000093 4.525558489188704e-08
14450.000000000093 4.867336581190633e-08
14500.000000000093 8.087204728012818e-08
14550.000000000093 8.13673324844623e-08
14600.000000000093 1.0613113218996984e-07
14650.000000000093 1.0968698444058266e-07
14700.000000000093 8.393504038317522e-08
14750.000000000093 1.064198968334446e-07
14800.000000000093 1.322039817999156e-07
14850.000000000093 1.363053410692733e-07
14900.000000000093 1.4540377484173105e-07
14950.000000000093 1.5854370643573777e-07
15000.000000000093 1.7214236483916672e-07
15050.000000000093 2.127573369292398e-07
15100.000000000093 2.324231900137909e-07
15150.000000000093 2.499255831719727e-07
15200.000000000093 2.4091199210032637e-07
15250.000000000093 2.859523898804715e-07
15300.000000000093 3.2931390155437935e-07
15350.000000000093 3.771097793146114e-07
15400.000000000093 4.088927097572267e-07
15450.000000000093 4.56964119078615e-07
15500.000000000093 4.832813759406237e-07
15550.000000000093 5.453834645498403e-07
15600.000000000093 5.605029790972935e-07
15650.000000000093 5.870802319195609e-07
15700.000000000093 6.662763362007722e-07
15750.000000000093 7.067735671644105e-07
15800.000000000093 6.849187587370504e-07
15850.000000000093 7.301007078911363e-07
15900.000000000093 7.248833194731571e-07
15950.000000000093 7.188412927632293e-07
16000.000000000093 6.866414428588869e-07
16050.000000000093 6.233493773728697e-07
16100.000000000093 5.689377958338157e-07
16150.000000000093 4.6132226131288174e-07
16200.000000000093 3.8426395184363874e-07
16250.000000000093 3.88377349775206e-07
16300.000000000093 3.489527303288479e-07
16350.000000000093 3.733323255475468e-07
16400.000000000095 4.107396762447707e-07
16450.000000000095 4.378928851969545e-07
16500.000000000095 4.6155155754213035e-07
16550.000000000095 4.448916829450098e-07
16600.000000000095 4.3249327005426816e-07
16650.000000000095 3.576529449492071e-07
16700.000000000095 2.340415889512493e-07
16750.000000000095 2.7586413421917914e-07
16800.000000000095 3.592195613092911e-07
16850.000000000095 3.5065293063597253e-07
16900.000000000095 3.247153463917633e-07
16950.000000000095 3.0258319794017857e-07
17000.000000000095 2.7256980711640705e-07
17050.000000000095 3.2173836227076764e-07
17100.000000000095 3.340755844748815e-07
17150.000000000095 2.8827284478742244e-07
17200.000000000095 3.2472117043107944e-07
17250.000000000095 2.851299450767699e-07
17300.000000000095 2.5326635472645664e-07
17350.000000000095 2.4182624181682337e-07
17400.000000000095 2.2973321408540325e-07
17450.000000000095 2.214142362747087e-07
17500.000000000095 2.3811471550301047e-07
17550.000000000095 2.0679294516288163e-07
17600.000000000095 1.8880379669657237e-07
17650.000000000095 1.8921740894416326e-07
17700.000000000095 1.3897476822234497e-07
17750.000000000095 1.2669901863848465e-07
17800.000000000095 1.4861323121128205e-07
17850.000000000095 1.0316843411033045e-07
17900.000000000095 1.2221448072123805e-07
17950.000000000095 9.45421444162321e-08
18000.000000000095 9.95811753940616e-08
18050.000000000095 9.638210654244283e-08
18100.000000000095 8.547329266698257e-08
18150.000000000095 1.1674972132103362e-07
18200.000000000095 7.636776177524389e-08
18250.000000000095 1.3871306271231997e-07
18300.000000000095 9.502761817441586e-08
18350.000000000095 8.80924069799245e-08
18400.000000000095 7.973685073839658e-08
18450.000000000095 8.450833615169843e-08
18500.000000000095 9.449292592636483e-08
18550.000000000095 7.647072854442078e-08
18600.000000000095 6.545407584506266e-08
18650.000000000095 6.29457883846261e-08
18700.000000000095 6.537630782602439e-08
18750.000000000095 7.616324922256238e-08
18800.000000000095 1.1864455778221356e-07
18850.000000000095 1.379149584001484e-07
18900.000000000095 1.23760930031362e-07
18950.000000000095 1.8135692612980187e-07
19000.000000000095 1.4012744966257242e-07
19050.000000000095 1.1281519604139699e-07
19100.000000000095 1.7070704504675436e-07
19150.000000000095 1.4208671232337212e-07
19200.000000000095 1.557145212870895e-07
19250.000000000095 1.3566404880921894e-07
19300.000000000095 1.2558864072690755e-07
19350.000000000095 1.1320931496207265e-07
19400.000000000095 7.46096154399892e-08
19450.000000000095 1.2744456775724968e-07
19500.000000000095 1.2119309720454347e-07
19550.000000000095 9.620740399938953e-08
19600.000000000095 1.2339908455335693e-07
19650.000000000095 1.3809326389448134e-07
19700.000000000095 1.385690782596959e-07
19750.000000000095 1.3676089189643934e-07
19800.000000000095 1.5747993967625358e-07
19850.000000000095 1.8413297929638125e-07
19900.000000000095 1.3672860414095944e-07
19950.000000000095 2.0166217404631538e-07
20000.000000000095 1.9491311781069054e-07
20050.000000000095 2.1197116279396648e-07
20100.000000000095 2.212737196596459e-07
20150.000000000095 2.2281986323325849e-07
20200.000000000095 2.586319367035972e-07
20250.000000000095 2.824333756185745e-07
20300.000000000095 2.619940291752569e-07
20350.000000000095 2.976544639942893e-07
20400.000000000095 3.010888839164533e-07
20450.000000000095 3.444425706605125e-07
20500.000000000095 3.559543768404551e-07
20550.000000000095 3.4392675286446897e-07
20600.000000000095 3.966445281641426e-07
20650.000000000095 3.732138618575252e-07
20700.000000000095 3.8656445330911736e-07
20750.000000000095 4.158645224382571e-07
20800.000000000095 4.143545518736631e-07
20850.000000000095 4.122165907755709e-07
20900.000000000095 4.343301259469627e-07
20950.000000000095 4.1694770256027705e-07
21000.000000000095 4.3420982816078954e-07
21050.000000000095 4.1546987988004435e-07
21100.000000000095 4.1355972240293675e-07
21150.000000000095 4.180716689367363e-07
21200.000000000095 4.017470193928464e-07
21250.000000000095 4.0666288004270294e-07
21300.000000000095 3.738940655196729e-07
21350.000000000095 3.856462348280405e-07
21400.000000000095 3.536806872817806e-07
21450.000000000095 3.4712220622030386e-07
21500.000000000095 3.4712453335584265e-07
21550.000000000095 3.300482013277812e-07
21600.000000000095 3.1880575987415796e-07
21650.000000000095 2.934982795977275e-07
21700.000000000095 2.992506517284059e-07
21750.000000000095 2.772341382337568e-07
21800.000000000095 2.5224532470133855e-07
21850.000000000095 2.2676640303215137e-07
21900.000000000095 2.1148875445635054e-07
21950.000000000095 1.425710791500528e-07
22000.000000000095 1.0038383210804851e-07
22050.000000000095 7.458801683628557e-08
22100.000000000095 1.0452243170188654e-07
22150.000000000095 1.2023617008423748e-07
22200.000000000095 1.2102933207766731e-07
22250.000000000095 1.1134758925776273e-07
22300.000000000095 1.1061072023634326e-07
22350.000000000095 1.0094894360349351e-07
22400.000000000095 8.856608157967867e-08
22450.000000000095 7.928039373880414e-08
22500.000000000095 8.448693662739278e-08
22550.000000000095 6.040344274521506e-08
22600.000000000095 7.254576056078103e-08
22650.000000000095 7.258015344649299e-08
22700.000000000095 7.045016521884172e-08
22750.000000000095 7.130630503185725e-08
22800.000000000095 6.534374593554655e-08
22850.000000000095 5.872030737052801e-08
22900.000000000095 5.492565768440109e-08
22950.000000000095 5.535333714872827e-08
23000.000000000095 4.4552747741801535e-08
23050.000000000095 6.18304284299101e-08
23100.000000000095 8.407506895535166e-08
23150.000000000095 8.55166411557017e-08
23200.000000000095 4.306842611615536e-08
23250.000000000095 4.3030251612074444e-08
23300.000000000095 4.1210385443785195e-08
23350.000000000095 3.601189856762938e-08
23400.000000000095 4.6148240431708554e-08
23450.000000000095 4.282365872761839e-08
23500.000000000095 4.4571451734218976e-08
23550.000000000095 6.035703538893593e-08
23600.000000000095 6.314587608396041e-08
23650.000000000095 7.056501292489468e-08
23700.000000000095 4.5513470639831724e-08
23750.000000000095 4.2836741047091785e-08
23800.000000000095 4.8488458349267e-08
23850.000000000095 4.966170968532073e-08
23900.000000000095 7.259890455908915e-08
23950.000000000095 7.287151303425817e-08
24000.000000000095 9.109473684283316e-08
24050.000000000095 9.52656510723426e-08
24100.000000000095 7.839415282112871e-08
24150.000000000095 8.7221202929177e-08
24200.000000000095 9.637341721357307e-08
24250.000000000095 8.405767532242219e-08
24300.000000000095 9.281591999161422e-08
24350.000000000095 8.258339399707897e-08
24400.000000000095 1.1567876672938992e-07
24450.000000000095 9.266716852779424e-08
24500.000000000095 1.0638498649531792e-07
24550.000000000095 1.0274293901456552e-07
24600.000000000095 1.1356147843431304e-07
24650.000000000095 1.2651599414977022e-07
24700.000000000095 9.911914787110996e-08
24750.000000000095 9.144503244169166e-08
24800.000000000095 9.997634762938032e-08
24850.000000000095 1.3274064407626962e-07
24900.000000000095 7.193886237931435e-08
24950.000000000095 1.1749604711935906e-07
25000.000000000095 1.1271253613151507e-07
25050.000000000095 8.317852403323385e-08
25100.000000000095 1.0458031074339733e-07
25150.000000000095 6.750415206277586e-08
25200.000000000095 9.21989732029352e-08
25250.000000000095 6.444420229256875e-08
25300.000000000095 8.970329754015059e-08
25350.000000000095 5.146826018747162e-08
25400.000000000095 8.885778071242836e-08
25450.000000000095 6.153262835774721e-08
25500.000000000095 5.929885765326774e-08
25550.000000000095 7.22829370092564e-08
25600.000000000095 6.09261326915916e-08
25650.000000000095 4.6136903594220926e-08
25700.000000000095 8.350192770427844e-08
25750.000000000095 4.511143241409287e-08
25800.000000000095 8.371771493411048e-08
25850.000000000095 4.513393208596014e-08
25900.000000000095 6.279881874702614e-08
25950.000000000095 4.2464582458812994e-08
26000.000000000095 8.001970659085335e-08
26050.000000000095 6.187875530755308e-08
26100.000000000095 9.105269690614584e-08
26150.000000000095 7.569643265084867e-08
26200.000000000095 8.515063342630588e-08
26250.000000000095 1.0806252286477299e-07
26300.000000000095 7.849311333685505e-08
26350.000000000095 1.1584524494685532e-07
26400.000000000095 1.3614751002749268e-07
26450.000000000095 1.2283582481051407e-07
26500.000000000095 1.1352719801852143e-07
26550.000000000095 9.373525229255127e-08
26600.000000000095 1.1483617252038492e-07
26650.000000000095 6.06645402615222e-08
26700.000000000095 5.027335748771829e-08
26750.000000000095 4.351727593450239e-08
26800.000000000095 6.23585544869765e-08
26850.000000000095 3.744550784424149e-08
26900.000000000095 7.325452358191795e-08
26950.000000000095 3.8790590755391005e-08
27000.000000000095 8.689863375527124e-08
27050.000000000095 7.924027465555652e-08
27100.000000000095 5.8810651507444714e-08
27150.000000000095 9.90959455187215e-08
27200.000000000095 6.35628637762225e-08
27250.000000000095 7.16329809855227e-08
27300.000000000095 1.392095276241757e-07
27350.000000000095 1.0787319806103217e-07
27400.000000000095 4.0067696582068456e-08
27450.000000000095 1.327601767250114e-07
27500.000000000095 1.2968884634567173e-07
27550.000000000095 7.517247953709328e-08
27600.000000000095 1.2327923240617381e-07
27650.000000000095 6.194992240463965e-08
27700.000000000095 5.175461186141246e-08
27750.000000000095 1.1917250662059813e-07
27800.000000000095 6.489856416620754e-08
27850.000000000095 7.298405627444605e-08
27900.000000000095 9.299263857175478e-08
27950.000000000095 1.067017559743098e-07
28000.000000000095 1.063622112442641e-07
28050.000000000095 5.150083660754575e-08
28100.000000000095 1.329336739564637e-07
28150.000000000095 9.94033103542978e-08
28200.000000000095 4.8155080777060266e-08
28250.000000000095 1.2979997320345678e-07
28300.000000000095 1.6877930241647132e-07
28350.000000000095 5.509107915843385e-08
28400.000000000095 1.1845200217127422e-07
28450.000000000095 1.2856482122579754e-07
28500.000000000095 1.11582902725604e-07
28550.000000000095 5.36660044210134e-08
28600.000000000095 1.4192431985602212e-07
28650.000000000095 1.2788526940313107e-07
28700.000000000095 1.0971723774461796e-07
28750.000000000095 1.4559462529843053e-07
28800.000000000095 1.301668100032926e-07
28850.000000000095 1.663438319809045e-07
28900.000000000095 8.194746226566983e-08
28950.000000000095 1.7416072931689863e-07
29000.000000000095 1.2052818577695107e-07
29050.000000000095 1.450593816093489e-07
29100.000000000095 9.360507365542586e-08
29150.000000000095 1.8062946368020746e-07
29200.000000000095 1.2716636595958887e-07
29250.000000000095 1.7247292757126394e-07
29300.000000000095 1.0815804808282341e-07
