galfind/configs/Brown_Dwarf_templates/sonora_cholla/logkzz4/316g/1150K_316g_logkzz4_resample.dat
# %ECSV 1.0
# ---
# datatype:
# - {name: wav, unit: Angstrom, datatype: float64}
# - {name: flux_nu, unit: erg / (cm2 Hz s), datatype: float64}
# schema: astropy-2.0
wav flux_nu
[from data line 388]
29400.000000000095 1.7152795990519193e-07
29450.000000000095 1.6676454552108868e-07
29500.000000000095 1.8088878422567095e-07
29550.000000000095 1.6028658844424482e-07
29600.000000000095 2.2117410984423498e-07
29650.000000000095 1.7640240524183196e-07
29700.000000000095 1.6568409094101157e-07
29750.000000000095 2.0303750832310584e-07
29800.000000000095 2.3423396281044287e-07
29850.000000000095 2.3216600127320904e-07
29900.000000000095 2.1629401080788203e-07
29950.000000000095 2.003810907071745e-07
30000.000000000095 2.1040929414225788e-07
30050.000000000095 1.7162891444111585e-07
30100.000000000095 1.965399658380217e-07
30150.000000000095 2.557094108776484e-07
30200.000000000095 1.9680233464234226e-07
30250.000000000095 2.565791747512414e-07
30300.000000000095 2.2384714247052663e-07
30350.000000000095 1.9806340815379674e-07
30400.000000000095 2.3322070127403146e-07
30450.000000000095 1.9438966477749854e-07
30500.000000000095 1.847579552667134e-07
30550.000000000095 1.9923093520847031e-07
30600.000000000095 2.1382609681220544e-07
30650.000000000095 1.974715511997541e-07
30700.000000000095 1.7630207779202274e-07
30750.000000000095 1.6094850259215574e-07
30800.000000000095 1.6387736401245626e-07
30850.000000000095 1.5261043106880485e-07
30900.000000000095 1.5452721936245457e-07
30950.000000000095 1.119213390225748e-07
31000.000000000095 1.3174471264335295e-07
31050.000000000095 1.3816258881129854e-07
31100.000000000095 9.61822825152354e-08
31150.000000000095 1.165651409987781e-07
31200.000000000095 1.193249386020412e-07
31250.000000000095 1.0177545241657531e-07
31300.000000000095 9.733596760546935e-08
31350.000000000095 9.357890096055551e-08
31400.000000000095 6.83321505345774e-08
31450.000000000095 9.651723378308575e-08
31500.000000000095 7.473464728441808e-08
31550.000000000095 8.944839122828464e-08
31600.000000000095 6.575857267162515e-08
31650.000000000095 6.939179497721478e-08
31700.000000000095 7.424664056409249e-08
31750.000000000095 5.9431953386995147e-08
31800.000000000095 6.796185240132489e-08
31850.000000000095 6.297163374252135e-08
31900.000000000095 6.161495466362344e-08
31950.000000000095 6.288714454565852e-08
32000.000000000095 6.199854654729552e-08
32050.000000000095 5.0789061296568915e-08
32100.000000000095 4.892466757137603e-08
32150.000000000095 6.237557408773672e-08
32200.000000000095 4.92160919611834e-08
32250.000000000095 6.622403062521412e-08
32300.000000000095 4.568904527100558e-08
32350.000000000095 7.939257640831062e-08
32400.000000000095 5.8836962014213974e-08
32450.000000000095 7.824515990978614e-08
32500.000000000095 6.036732305711167e-08
32550.000000000095 7.323883071761239e-08
32600.000000000095 8.139974542798154e-08
32650.000000000095 9.654451258024401e-08
32700.000000000095 7.933935567607589e-08
32750.000000000095 1.0769045289744839e-07
32800.000000000095 8.420070352330183e-08
32850.000000000095 1.1010435733386121e-07
32900.000000000095 1.1794540075161272e-07
32950.000000000095 1.236200636174965e-07
33000.000000000095 1.1055567737896654e-07
33050.000000000095 1.048812168998442e-07
33100.000000000095 6.159193988983743e-08
33150.000000000095 2.3053820183261165e-08
33200.000000000095 2.4314017273622424e-08
33250.000000000095 1.4265673620398274e-08
33300.000000000095 1.4873180966987687e-08
33350.000000000095 2.5113421780017265e-08
33400.000000000095 3.393885375353938e-08
33450.000000000095 4.238074245792383e-08
33500.000000000095 5.437516469489143e-08
33550.000000000095 5.413045867957822e-08
33600.000000000095 7.931163697036988e-08
33650.000000000095 8.161666825444337e-08
33700.000000000095 7.579734804102864e-08
33750.000000000095 9.833506209203083e-08
33800.000000000095 7.480320452794584e-08
33850.000000000095 9.803739713214888e-08
33900.000000000095 8.655136682045681e-08
33950.000000000095 9.478166376659678e-08
34000.000000000095 9.965004029564614e-08
34050.000000000095 5.496510272552184e-08
34100.000000000095 9.729372571456851e-08
34150.000000000095 7.501600275823443e-08
34200.000000000095 8.99044035350609e-08
34250.000000000095 7.811735029419954e-08
34300.000000000095 6.53500619505487e-08
34350.000000000095 8.621867087735452e-08
34400.000000000095 7.346302170438115e-08
34450.000000000095 9.686160663952504e-08
34500.000000000095 8.677498506142263e-08
34550.000000000095 6.393384890919562e-08
34600.000000000095 1.0047702026431885e-07
34650.000000000095 6.953920405131217e-08
34700.000000000095 7.58549852254195e-08
34750.000000000095 7.761071929700756e-08
34800.000000000095 5.418613852557654e-08
34850.000000000095 8.188604524770486e-08
34900.000000000095 9.480169788085308e-08
34950.000000000095 8.061014836965893e-08
35000.000000000095 1.0687123095519261e-07
35050.000000000095 8.451749250392879e-08
35100.000000000095 1.0564307450700158e-07
35150.000000000095 9.787108358683161e-08
35200.000000000095 1.2880314446640838e-07
35250.000000000095 1.3441547159806478e-07
35300.000000000095 8.929313428552376e-08
35350.000000000095 1.2506039892511358e-07
35400.000000000095 1.2178602835462487e-07
35450.000000000095 1.085069269214572e-07
35500.000000000095 1.5745968603060633e-07
35550.000000000095 1.4220612610641273e-07
35600.000000000095 1.4620657761180455e-07
35650.000000000095 1.4976138176216868e-07
35700.000000000095 1.0818824119782813e-07
35750.000000000095 1.666830311267455e-07
35800.000000000095 1.6296921334021553e-07
35850.000000000095 1.2510468420425869e-07
35900.000000000095 1.7945619383894055e-07
35950.000000000095 1.6739938869361319e-07
36000.000000000095 1.39464116504452e-07
36050.000000000095 1.815968459884431e-07
36100.000000000095 1.6870813648667085e-07
36150.000000000095 1.847909013239819e-07
36200.000000000095 1.881909789756671e-07
36250.000000000095 1.954986317016103e-07
36300.000000000095 2.1233481628318212e-07
36350.000000000095 2.2108515067092004e-07
36400.000000000095 2.517298348232876e-07
36450.000000000095 2.4486624515428057e-07
36500.000000000095 2.513753687270177e-07
36550.000000000095 2.5737928555386134e-07
36600.000000000095 2.9490908747465054e-07
36650.000000000095 2.966072801293875e-07
36700.000000000095 3.1261721709051894e-07
36750.000000000095 3.384238239313146e-07
36800.000000000095 3.209370495124602e-07
36850.000000000095 3.1182205732878827e-07
36900.000000000095 3.097830839660876e-07
36950.000000000095 3.4923332937596464e-07
37000.000000000095 3.3008242870183755e-07
37050.000000000095 3.555004834274639e-07
37100.000000000095 3.7161245875411894e-07
37150.000000000095 3.790383173413423e-07
37200.000000000095 3.90257956234664e-07
37250.000000000095 3.4973426925808223e-07
37300.000000000095 3.701840319762075e-07
37350.000000000095 3.947714895520047e-07
37400.000000000095 4.487191422277976e-07
37450.000000000095 4.2408527406176325e-07
37500.000000000095 3.822169399672967e-07
37550.000000000095 4.87826937687696e-07
37600.000000000095 5.076985493017091e-07
37650.000000000095 4.2820007564714047e-07
37700.000000000095 4.6828632020433284e-07
37750.000000000095 3.976853162606287e-07
37800.000000000095 4.539733633600634e-07
37850.000000000095 3.9468126178472484e-07
37900.000000000095 4.5541733338247926e-07
37950.000000000095 4.974673433933484e-07
38000.000000000095 5.452342006877659e-07
38050.000000000095 4.940116823725732e-07
38100.000000000095 5.305191189227303e-07
38150.000000000095 5.325877423366511e-07
38200.000000000095 5.789133694824613e-07
38250.000000000095 5.464395713045696e-07
38300.000000000095 6.235125246328784e-07
38350.000000000095 6.412367738221347e-07
38400.000000000095 4.999514422583633e-07
38450.000000000095 5.794756391646168e-07
38500.000000000095 5.232349900978474e-07
38550.000000000095 5.833564646823666e-07
38600.000000000095 5.911811259280768e-07
38650.000000000095 6.767153814835918e-07
38700.000000000095 6.623682352213286e-07
38750.000000000095 6.53756212488657e-07
38800.000000000095 6.020922917604236e-07
38850.000000000095 7.047103982863443e-07
38900.000000000095 6.943171725843459e-07
38950.000000000095 6.677040652794385e-07
39000.000000000095 7.550054609966469e-07
39050.000000000095 6.906332703576075e-07
39100.000000000095 6.710429820409237e-07
39150.000000000095 7.055363445777598e-07
39200.000000000095 6.788468037428345e-07
39250.000000000095 7.612527231885155e-07
39300.000000000095 7.477252584209227e-07
39350.000000000095 8.317243694701641e-07
39400.000000000095 8.268248714003782e-07
39450.000000000095 8.211097078604174e-07
39500.000000000095 7.227606434339395e-07
39550.000000000095 7.792077988276328e-07
39600.000000000095 7.95261613085574e-07
39650.000000000095 8.768069003619133e-07
39700.000000000095 8.046713079876446e-07
39750.000000000095 7.24456612850043e-07
39800.000000000095 8.313833179393617e-07
39850.000000000095 8.689002135992591e-07
39900.000000000095 8.503497711205426e-07
39950.000000000095 8.536306710296762e-07
40000.000000000095 8.739297998001861e-07
40050.000000000095 8.976144704383312e-07
40100.000000000095 8.308019508467808e-07
40150.000000000095 9.662958794623408e-07
40200.000000000095 9.732629735777678e-07
40250.000000000095 8.436490615246947e-07
40300.000000000095 9.178515472776817e-07
40350.000000000095 8.58689563223666e-07
40400.000000000095 9.404547965073287e-07
40450.000000000095 9.205604975130926e-07
40500.000000000095 8.676227205320212e-07
40550.000000000095 9.589703041411666e-07
40600.000000000095 8.593642280137658e-07
40650.000000000095 9.764878868323757e-07
40700.000000000095 1.0983891949506944e-06
40750.000000000095 9.350555703294499e-07
40800.000000000095 8.282428833629684e-07
40850.000000000095 9.646845557887275e-07
40900.000000000095 9.024868964044601e-07
40950.000000000095 8.974934196766056e-07
41000.000000000095 9.364210099065851e-07
41050.000000000095 9.985109668757612e-07
41100.000000000095 8.506906916387979e-07
41150.000000000095 8.347947200107615e-07
41200.000000000095 9.620746550555174e-07
41250.000000000095 9.693185763369845e-07
41300.000000000095 7.667598960545247e-07
41350.000000000095 1.0037479826771222e-06
41400.000000000095 9.306755680443982e-07
41450.000000000095 9.560449930789633e-07
41500.000000000095 9.003111924472788e-07
41550.000000000095 8.47270267893903e-07
41600.000000000095 9.075762184150221e-07
41650.000000000095 8.692140509852567e-07
41700.000000000095 8.215055619812914e-07
41750.000000000095 7.563801315277937e-07
41800.000000000095 9.824158021409144e-07
41850.000000000095 5.960639003444956e-07
41900.000000000095 7.90543920824075e-07
41950.000000000095 8.132148735402975e-07
42000.000000000095 8.328595199901506e-07
42050.000000000095 7.164689361799371e-07
42100.000000000095 7.943582184088468e-07
42150.000000000095 6.20975416270619e-07
42200.000000000095 6.934678383894529e-07
42250.000000000095 6.682067082239953e-07
42300.000000000095 6.698478743705683e-07
42350.000000000095 7.155126961843271e-07
42400.000000000095 6.066567739703895e-07
42450.000000000095 5.657417346123882e-07
42500.000000000095 5.869779000252508e-07
42550.000000000095 5.884308731300779e-07
42600.000000000095 6.568515346875602e-07
42650.000000000095 7.650508860260786e-07
42700.000000000095 6.371235386151721e-07
42750.000000000095 6.092775182514706e-07
42800.000000000095 5.54325640963292e-07
42850.000000000095 6.620046314287665e-07
42900.000000000095 6.874688096095607e-07
42950.000000000095 5.188204028083771e-07
43000.000000000095 7.01510816015892e-07
43050.000000000095 4.7275145811459545e-07
43100.000000000095 6.259858096134907e-07
43150.000000000095 6.723682166986332e-07
43200.000000000095 6.475346265083939e-07
43250.000000000095 6.485175805456703e-07
43300.000000000095 7.406421477170834e-07
43350.000000000095 5.607817607774904e-07
43400.000000000095 6.576227589019606e-07
43450.000000000095 5.189234521199313e-07
43500.000000000095 5.182270883665371e-07
43550.000000000095 5.032416312961419e-07
43600.000000000095 6.201898595538492e-07
43650.000000000095 4.428374500011925e-07
43700.000000000095 6.302351898810534e-07
43750.000000000095 6.292903955010769e-07
43800.000000000095 5.04494762297244e-07
43850.000000000095 5.322634240086357e-07
43900.000000000095 4.4176320667192513e-07
43950.000000000095 4.5640285513739554e-07
44000.000000000095 3.167742692116349e-07
44050.000000000095 4.411466446373502e-07
44100.000000000095 4.586053482759952e-07
44150.000000000095 4.5793844468951505e-07
44200.000000000095 3.9341088001275255e-07
44250.000000000095 3.8252310182936573e-07
44300.000000000095 3.593628573951213e-07
44350.000000000095 2.913222038380748e-07
44400.000000000095 3.244245298517192e-07
44450.000000000095 3.26170808533996e-07
44500.000000000095 2.613495973810939e-07
44550.000000000095 2.9444625966201615e-07
44600.000000000095 2.5491296057824296e-07
44650.000000000095 2.921534221950941e-07
44700.000000000095 2.727948142494118e-07
44750.000000000095 2.8516524015917676e-07
44800.000000000095 2.659936686914361e-07
44850.000000000095 2.517384266942013e-07
44900.000000000095 2.118180601128779e-07
44950.000000000095 2.1532498839402209e-07
45000.000000000095 2.2103231280148514e-07
45050.000000000095 2.30101740742115e-07
45100.000000000095 2.104244900596841e-07
45150.000000000095 2.008559620573696e-07
45200.000000000095 1.6561216737159675e-07
45250.000000000095 1.78745272127709e-07
45300.000000000095 2.0163478748354796e-07
45350.000000000095 2.047998945935549e-07
45400.000000000095 1.6265712912430258e-07
45450.000000000095 1.6451651045245685e-07
45500.000000000095 1.686492570372152e-07
45550.000000000095 1.9521162787691043e-07
45600.000000000095 1.6210173324802969e-07
45650.000000000095 1.605995257883134e-07
45700.000000000095 1.9992480186383197e-07
45750.000000000095 1.7491644606349857e-07
45800.000000000095 1.5502048192403033e-07
45850.000000000095 2.2095589541152765e-07
45900.000000000095 2.1485214964487674e-07
45950.000000000095 1.6232653689717722e-07
46000.000000000095 2.070971989846335e-07
46050.000000000095 2.2104867965059387e-07
46100.000000000095 1.6246744108966908e-07
46150.000000000095 2.1334785946923053e-07
46200.000000000095 2.0210626096575813e-07
46250.000000000095 1.283153142658396e-07
46300.000000000095 2.391006505649625e-07
46350.000000000095 1.7265295297984897e-07
46400.000000000095 2.0602271887983816e-07
46450.000000000095 2.5880872268305234e-07
46500.000000000095 2.0242598878056243e-07
46550.000000000095 2.6146691366376704e-07
46600.000000000095 2.610290698291664e-07
46650.000000000095 3.860762097331919e-07
46700.000000000095 2.9791912081864754e-07
46750.000000000095 2.433697834603499e-07
46800.000000000095 2.0829299666709134e-07
46850.000000000095 2.7221002131925344e-07
46900.000000000095 2.3501018431765307e-07
46950.000000000095 3.0825882797645155e-07
47000.000000000095 1.966196799626227e-07
47050.000000000095 3.2143457843971627e-07
47100.000000000095 1.8038481339304192e-07
47150.000000000095 2.1720727617237996e-07
47200.000000000095 2.5265921498009864e-07
47250.000000000095 1.932703435120951e-07
47300.000000000095 2.1922638313570404e-07
47350.000000000095 1.695556725146763e-07
47400.000000000095 2.7255529685880473e-07
47450.000000000095 1.7595930234537565e-07
47500.000000000095 2.891521177958632e-07
47550.000000000095 1.809240862705358e-07
47600.000000000095 2.7299168788816735e-07
47650.000000000095 1.811982873100544e-07
47700.000000000095 2.587701996426587e-07
47750.000000000095 1.560835186060041e-07
47800.000000000095 2.4863106832793175e-07
47850.000000000095 1.4014076086864802e-07
47900.000000000095 2.354129166043089e-07
47950.000000000095 1.8391699183561967e-07
48000.000000000095 3.0340119212227065e-07
48050.000000000095 2.0769592313131257e-07
48100.000000000095 2.6945082359550894e-07
48150.000000000095 1.9688635517396418e-07
48200.000000000095 2.7873199377601086e-07
48250.000000000095 2.140247558747394e-07
48300.000000000095 3.3495169714692335e-07
48350.000000000095 1.9725958981880856e-07
48400.000000000095 2.6347251889345934e-07
48450.000000000095 1.795105058746389e-07
48500.000000000095 3.2973965899895494e-07
48550.000000000095 1.7991629181954832e-07
48600.000000000095 2.982435163373916e-07
48650.000000000095 1.804652986722505e-07
48700.000000000095 3.244831497844308e-07
