galfind/configs/Brown_Dwarf_templates/sonora_cholla/logkzz4/316g/1200K_316g_logkzz4_resample.dat
# %ECSV 1.0
# ---
# datatype:
# - {name: wav, unit: Angstrom, datatype: float64}
# - {name: flux_nu, unit: erg / (cm2 Hz s), datatype: float64}
# schema: astropy-2.0
wav flux_nu
[from data line 1162]
68100.00000000009 2.920879814253024e-07
68150.00000000009 2.3486537675149617e-07
68200.00000000009 2.51683525973729e-07
68250.00000000009 1.4652555532032353e-07
68300.00000000009 2.2565062673809303e-07
68350.00000000009 1.411371176684059e-07
68400.00000000009 2.9147651190363906e-07
68450.00000000009 2.89544112477971e-07
68500.00000000009 2.5467339389455125e-07
68550.00000000009 1.8654142182261338e-07
68600.00000000009 2.0809271597945798e-07
68650.00000000009 1.553450032864144e-07
68700.00000000009 2.213346566655674e-07
68750.00000000009 2.5641943627319495e-07
68800.00000000009 2.726625963814417e-07
68850.00000000009 1.7154010500167405e-07
68900.00000000009 3.202689732734155e-07
68950.00000000009 3.4039618053255684e-07
69000.00000000009 3.275302901244794e-07
69050.00000000009 2.2676998120951352e-07
69100.00000000009 3.2392933354015903e-07
69150.00000000009 3.677795775258981e-07
69200.00000000009 2.4057155693710497e-07
69250.00000000009 3.258208398176594e-07
69300.00000000009 2.76343344118003e-07
69350.00000000009 3.117979974815881e-07
69400.00000000009 1.9030857134244178e-07
69450.00000000009 3.340087438910129e-07
69500.00000000009 2.453169798794013e-07
69550.00000000009 2.5553164635981404e-07
69600.00000000009 1.2024744775376645e-07
69650.00000000009 2.3891321824881576e-07
69700.00000000009 3.0078913599729063e-07
69750.00000000009 2.3814763095174901e-07
69800.00000000009 2.9324918560776813e-07
69850.00000000009 3.149395420861724e-07
69900.00000000009 2.2611051470171993e-07
69950.00000000009 2.724054767751498e-07
70000.00000000009 2.2166845988503383e-07
70050.00000000009 3.098630822007053e-07
70100.00000000009 2.3997125240704776e-07
70150.00000000009 2.684404182949865e-07
70200.00000000009 2.084684457665198e-07
70250.00000000009 2.489206005549179e-07
70300.00000000009 2.924470914008788e-07
70350.00000000009 2.3230086331242912e-07
70400.00000000009 2.2795018755670742e-07
70450.00000000009 1.3885778946365947e-07
70500.00000000009 1.8677887593003472e-07
70550.00000000009 1.9982953442144044e-07
70600.00000000009 2.1099468454795656e-07
70650.00000000009 2.560242373606544e-07
70700.00000000009 2.4414614698263553e-07
70750.00000000009 2.8262175922446e-07
70800.00000000009 2.0519815094998167e-07
70850.00000000009 1.9712988230990804e-07
70900.00000000009 1.9996798319943833e-07
70950.00000000009 2.8905749374398475e-07
71000.00000000009 2.4705858926369206e-07
71050.00000000009 2.6257821111936773e-07
71100.00000000009 2.3630234964332945e-07
71150.00000000009 2.4057940168143223e-07
71200.00000000009 2.1143053712364764e-07
71250.00000000009 2.2803830792091153e-07
71300.00000000009 2.6952544647624025e-07
71350.00000000009 2.493166842591061e-07
71400.00000000009 2.5770024518784975e-07
71450.00000000009 1.723658202435894e-07
71500.00000000009 2.0869225523133957e-07
71550.00000000009 2.1451229775697744e-07
71600.00000000009 2.394790558357921e-07
71650.00000000009 2.2567131859053668e-07
71700.00000000009 1.9156548350467826e-07
71750.00000000009 2.1576884259624874e-07
71800.00000000009 2.6656179163913386e-07
71850.00000000009 2.669321239290728e-07
71900.00000000009 1.9494800744363597e-07
71950.00000000009 2.0768374520406847e-07
72000.00000000009 2.0872578297024815e-07
72050.00000000009 1.7581340737909564e-07
72100.00000000009 2.001668255826778e-07
72150.00000000009 1.7763476819484997e-07
72200.00000000009 2.0379804817232615e-07
72250.00000000009 2.2913527200118185e-07
72300.00000000009 2.2300437420326817e-07
72350.00000000009 2.1750225398677944e-07
72400.00000000009 1.8156859438415754e-07
72450.00000000009 1.7800123381495724e-07
72500.00000000009 2.019722980219572e-07
72550.00000000009 1.3954935223114635e-07
72600.00000000009 1.320132279438873e-07
72650.00000000009 2.2764153714285537e-07
72700.00000000009 2.3312090726127623e-07
72750.00000000009 1.9820154873097643e-07
72800.00000000009 1.9303493755062758e-07
72850.00000000009 1.8391320430032264e-07
72900.00000000009 2.1823719973755048e-07
72950.00000000009 2.0396939813156495e-07
73000.00000000009 2.1460765445059368e-07
73050.00000000009 1.8930980335748956e-07
73100.00000000009 1.6636569133236613e-07
73150.00000000009 2.5508767942546046e-07
73200.00000000009 1.7886616649414547e-07
73250.00000000009 1.9781268919469786e-07
73300.00000000009 2.0389735204726361e-07
73350.00000000009 1.7238340707820558e-07
73400.00000000009 2.0261660199253757e-07
73450.00000000009 1.3684195508365003e-07
73500.00000000009 1.5035337786762015e-07
73550.00000000009 1.803780919528171e-07
73600.00000000009 1.562102746504798e-07
73650.00000000009 1.8992096169151308e-07
73700.00000000009 2.270710701797549e-07
73750.00000000009 1.6010475164610258e-07
73800.00000000009 1.7979683662488947e-07
73850.00000000009 1.9193372274723973e-07
73900.00000000009 2.143940391394264e-07
73950.00000000009 1.7845297251877978e-07
74000.00000000009 1.790371072456576e-07
74050.00000000009 2.593511697701721e-07
74100.00000000009 1.6777414232535292e-07
74150.00000000009 2.0025675771963375e-07
74200.00000000009 1.8353476012640848e-07
74250.00000000009 1.4080716110511557e-07
74300.00000000009 1.850944079957263e-07
74350.00000000009 2.1128899546710634e-07
74400.00000000009 1.921364690391097e-07
74450.00000000009 1.2874202220289473e-07
74500.00000000009 1.6166970007658722e-07
74550.00000000009 1.8681318647667486e-07
74600.00000000009 1.7941878257042902e-07
74650.00000000009 1.7486969589949368e-07
74700.00000000009 1.4710387286726087e-07
74750.00000000009 1.6966664706070439e-07
74800.00000000009 1.6979767707468455e-07
74850.00000000009 1.262112040934495e-07
74900.00000000009 2.342966430748011e-07
74950.00000000009 2.1915117789369222e-07
75000.00000000009 1.937608612249824e-07
75050.00000000009 1.719571362367056e-07
75100.00000000009 2.3914575350003083e-07
75150.00000000009 2.0762847652193786e-07
75200.00000000009 2.3703259359144833e-07
75250.00000000009 2.0950352365664523e-07
75300.00000000009 2.3108410382167668e-07
75350.00000000009 1.508550082266508e-07
75400.00000000009 2.2223248324833617e-07
75450.00000000009 2.0046298906366106e-07
75500.00000000009 1.8073951119975362e-07
75550.00000000009 2.3905418144691024e-07
75600.00000000009 2.751036449128029e-07
75650.00000000009 1.92107110642076e-07
75700.00000000009 1.9884725331369285e-07
75750.00000000009 1.580530880900103e-07
75800.00000000009 2.157467495494099e-07
75850.00000000009 2.472518864176778e-07
75900.00000000009 2.2059133600415093e-07
75950.00000000009 1.8802218235496468e-07
76000.00000000009 2.015515276955091e-07
76050.00000000009 2.2277381532188782e-07
76100.00000000009 1.9595835682073234e-07
76150.00000000009 2.2558375192247506e-07
76200.00000000009 2.329465914621446e-07
76250.00000000009 2.736995131974892e-07
76300.00000000009 2.791889263517519e-07
76350.00000000009 3.275354328037021e-07
76400.00000000009 2.6314237078310116e-07
76450.00000000009 2.5264827972212447e-07
76500.00000000009 2.1241322812691398e-07
76550.00000000009 2.049968102057568e-07
76600.00000000009 1.1787364684113572e-07
76650.00000000009 1.2574464114377766e-07
76700.00000000009 1.5153879402738805e-07
76750.00000000009 1.3310384188351805e-07
76800.00000000009 1.8910212477091954e-07
76850.00000000009 9.344127174648229e-08
76900.00000000009 1.2061769458359485e-07
76950.00000000009 1.5135631335797573e-07
77000.00000000009 1.6427828243836827e-07
77050.00000000009 1.2352753295856955e-07
77100.00000000009 1.2793466837305735e-07
77150.00000000009 1.6231599404439693e-07
77200.00000000009 1.5336239221844182e-07
77250.00000000009 1.6218347370782394e-07
77300.00000000009 1.5286630034550706e-07
77350.00000000009 1.1412331899603847e-07
77400.00000000009 1.037937095908325e-07
77450.00000000009 1.1680090563654083e-07
77500.00000000009 1.460970179859876e-07
77550.00000000009 1.5183187504511483e-07
77600.00000000009 1.5842729064514112e-07
77650.00000000009 1.5476519889461182e-07
77700.00000000009 1.3087965191080645e-07
77750.00000000009 1.7619511292949373e-07
77800.00000000009 1.5341099615718677e-07
77850.00000000009 1.9723154199568895e-07
77900.00000000009 1.7148976144193718e-07
77950.00000000009 1.2790007490671857e-07
78000.00000000009 1.596155338243665e-07
78050.00000000009 1.690848921637032e-07
78100.00000000009 1.274125573826582e-07
78150.00000000009 1.8500037279807468e-07
78200.00000000009 1.8432346262670667e-07
78250.00000000009 2.0488768605255474e-07
78300.00000000009 2.0400398564938747e-07
78350.00000000009 1.907166340478283e-07
78400.00000000009 1.7469836756322175e-07
78450.00000000009 2.1829763818257027e-07
78500.00000000009 2.058940366919564e-07
78550.00000000009 2.1045781022665635e-07
78600.00000000009 1.8684856982756316e-07
78650.00000000009 1.1612996142771797e-07
78700.00000000009 1.712068474988628e-07
78750.00000000009 1.61850015311568e-07
78800.00000000009 2.0248444433752569e-07
78850.00000000009 1.4881466471547528e-07
78900.00000000009 1.827869410224898e-07
78950.00000000009 1.706159601855785e-07
79000.00000000009 1.8407890738202803e-07
79050.00000000009 1.6764976522261592e-07
79100.00000000009 1.7179068244853927e-07
79150.00000000009 1.9974373858992485e-07
79200.00000000009 2.2622375150776083e-07
79250.00000000009 2.0295094958730822e-07
79300.00000000009 1.471710951253653e-07
79350.00000000009 2.1220972606210438e-07
79400.00000000009 1.756725080731829e-07
79450.00000000009 1.8942218695696787e-07
79500.00000000009 2.5361371237985735e-07
79550.00000000009 2.1528792043237757e-07
79600.00000000009 1.5882479118506715e-07
79650.00000000009 1.857460870486963e-07
79700.00000000009 2.3565783285563642e-07
79750.00000000009 2.1927385172714668e-07
79800.00000000009 1.9262113849789323e-07
79850.00000000009 1.8858304356088975e-07
79900.00000000009 2.7699810246537907e-07
79950.00000000009 1.9752372771625247e-07
