galfind/configs/Brown_Dwarf_templates/sonora_cholla/logkzz4/316g/1200K_316g_logkzz4_resample.dat
# %ECSV 1.0
# ---
# datatype:
# - {name: wav, unit: Angstrom, datatype: float64}
# - {name: flux_nu, unit: erg / (cm2 Hz s), datatype: float64}
# schema: astropy-2.0
wav flux_nu
10000.000000000093 nan
10050.000000000093 2.9183758813425047e-07
10100.000000000093 3.4177016339928104e-07
10150.000000000093 3.437579254570065e-07
10200.000000000093 3.7667701121855575e-07
10250.000000000093 4.036336824849623e-07
10300.000000000093 4.03728914058836e-07
10350.000000000093 4.6420413409974337e-07
10400.000000000093 5.113188351258858e-07
10450.000000000093 5.237714134615466e-07
10500.000000000093 5.091591658131217e-07
10550.000000000093 5.126633198904072e-07
10600.000000000093 5.378130579885388e-07
10650.000000000093 5.755823333987814e-07
10700.000000000093 6.117694666095591e-07
10750.000000000093 6.526663276145605e-07
10800.000000000093 6.843831567113342e-07
10850.000000000093 7.372076059683776e-07
10900.000000000093 6.607244535114756e-07
10950.000000000093 4.948253188422916e-07
11000.000000000093 4.2699419334937277e-07
11050.000000000093 3.44216048362744e-07
11100.000000000093 3.080662675755775e-07
11150.000000000093 2.5529981537351557e-07
11200.000000000093 2.6061448028834865e-07
11250.000000000093 3.200655560182062e-07
11300.000000000093 3.043180075860375e-07
11350.000000000093 1.8601052416373288e-07
11400.000000000093 3.2419718398937774e-07
11450.000000000093 2.58331416328817e-07
11500.000000000093 3.172896236946271e-07
11550.000000000093 2.4641985491416037e-07
11600.000000000093 2.629983603521756e-07
11650.000000000093 2.9237553237925876e-07
11700.000000000093 3.0613146781407196e-07
11750.000000000093 2.680052696093461e-07
11800.000000000093 3.471045333725482e-07
11850.000000000093 4.221798885891194e-07
11900.000000000093 4.533035757958981e-07
11950.000000000093 5.301660400619517e-07
12000.000000000093 5.494690217430362e-07
12050.000000000093 6.517087234824445e-07
12100.000000000093 6.963516641731255e-07
12150.000000000093 7.804840536359216e-07
12200.000000000093 8.435178348425361e-07
12250.000000000093 9.324390906696507e-07
12300.000000000093 1.0001134918172249e-06
12350.000000000093 1.0200163399817032e-06
12400.000000000093 1.0261001306162335e-06
12450.000000000093 1.1131808619650851e-06
12500.000000000093 1.1630963667378594e-06
12550.000000000093 1.222688679897718e-06
12600.000000000093 1.2460560126455629e-06
12650.000000000093 1.2352094855459187e-06
12700.000000000093 1.2957407714963542e-06
12750.000000000093 1.2348940666057873e-06
12800.000000000093 1.2716988489670585e-06
12850.000000000093 1.1610091529160002e-06
12900.000000000093 1.0703370210260938e-06
12950.000000000093 1.100252079068832e-06
13000.000000000093 1.111602279190715e-06
13050.000000000093 1.0980270615461932e-06
13100.000000000093 1.0468343034560505e-06
13150.000000000093 9.45537341985419e-07
13200.000000000093 8.860221187024629e-07
13250.000000000093 7.050232468302027e-07
13300.000000000093 4.327184977549307e-07
13350.000000000093 1.5269457338647423e-07
13400.000000000093 8.561483279357358e-08
13450.000000000093 5.807709041822471e-08
13500.000000000093 3.761643309888355e-08
13550.000000000093 3.127988365516799e-08
13600.000000000093 2.4306162769580895e-08
13650.000000000093 5.019726150776503e-08
13700.000000000093 4.1111587585992165e-08
13750.000000000093 4.6098284084630084e-08
13800.000000000093 6.135145655094724e-08
13850.000000000093 4.742881921477235e-08
13900.000000000093 4.872927987972991e-08
13950.000000000093 4.5212546610844054e-08
14000.000000000093 4.074249350243866e-08
14050.000000000093 4.9096075380739886e-08
14100.000000000093 3.6130424032302934e-08
14150.000000000093 4.9398748088156374e-08
14200.000000000093 3.9237793303240654e-08
14250.000000000093 4.0160505894555435e-08
14300.000000000093 5.518282279872636e-08
14350.000000000093 5.337507594311989e-08
14400.000000000093 5.9048723322485814e-08
14450.000000000093 6.277807011074716e-08
14500.000000000093 1.018029944649608e-07
14550.000000000093 1.020114509004107e-07
14600.000000000093 1.312486991816895e-07
14650.000000000093 1.353867090109375e-07
14700.000000000093 1.0499887940686419e-07
14750.000000000093 1.310883250088278e-07
14800.000000000093 1.612114217411494e-07
14850.000000000093 1.6595841738745057e-07
14900.000000000093 1.7654096299939868e-07
14950.000000000093 1.8997562462891208e-07
15000.000000000093 2.0528963118345568e-07
15050.000000000093 2.534511662339865e-07
15100.000000000093 2.7436048301199413e-07
15150.000000000093 2.949721943049992e-07
15200.000000000093 2.840400281560918e-07
15250.000000000093 3.328802961286446e-07
15300.000000000093 3.818911594168186e-07
15350.000000000093 4.344178754073559e-07
15400.000000000093 4.6885576135020795e-07
15450.000000000093 5.234398467251446e-07
15500.000000000093 5.53044221014032e-07
15550.000000000093 6.209246722196974e-07
15600.000000000093 6.352780703179006e-07
15650.000000000093 6.665028986540802e-07
15700.000000000093 7.565300546516462e-07
15750.000000000093 8.031309288253869e-07
15800.000000000093 7.793559206990319e-07
15850.000000000093 8.3100580973193e-07
15900.000000000093 8.32042444011012e-07
15950.000000000093 8.348577094978322e-07
16000.000000000093 8.156130745651111e-07
16050.000000000093 7.662631752802204e-07
16100.000000000093 7.222009757755466e-07
16150.000000000093 6.09305034905457e-07
16200.000000000093 5.337990631250624e-07
16250.000000000093 5.407292060244642e-07
16300.000000000093 4.978627798702471e-07
16350.000000000093 5.289607764310568e-07
16400.000000000095 5.726197599591542e-07
16450.000000000095 6.022828269024418e-07
16500.000000000095 6.311712131598381e-07
16550.000000000095 6.136564295009484e-07
16600.000000000095 5.924084186027839e-07
16650.000000000095 5.138960153283645e-07
16700.000000000095 3.6850263787298904e-07
16750.000000000095 4.1930271095002653e-07
16800.000000000095 5.184766088125197e-07
16850.000000000095 5.021372178052997e-07
16900.000000000095 4.745767136312399e-07
16950.000000000095 4.4476015421829436e-07
17000.000000000095 4.084222554343809e-07
17050.000000000095 4.6638269098861216e-07
17100.000000000095 4.683643409096214e-07
17150.000000000095 4.09513979656921e-07
17200.000000000095 4.378464065755464e-07
17250.000000000095 3.8820503640349304e-07
17300.000000000095 3.4951442070325e-07
17350.000000000095 3.336815027662182e-07
17400.000000000095 3.144920368365952e-07
17450.000000000095 2.9485939869269144e-07
17500.000000000095 3.1014494944946904e-07
17550.000000000095 2.706295198770526e-07
17600.000000000095 2.5153889187675485e-07
17650.000000000095 2.5123219498088207e-07
17700.000000000095 1.8341050487587776e-07
17750.000000000095 1.6773734519729054e-07
17800.000000000095 1.9294356765326884e-07
17850.000000000095 1.343747349713686e-07
17900.000000000095 1.6071687425238555e-07
17950.000000000095 1.269342885155367e-07
18000.000000000095 1.3060965109177256e-07
18050.000000000095 1.259091905245066e-07
18100.000000000095 1.1162079696345917e-07
18150.000000000095 1.499436670636257e-07
18200.000000000095 1.0016881789170812e-07
18250.000000000095 1.756435944121744e-07
18300.000000000095 1.2352421498990056e-07
18350.000000000095 1.1551095914287719e-07
18400.000000000095 1.0493510602249066e-07
18450.000000000095 1.074021027100411e-07
18500.000000000095 1.2017978202356052e-07
18550.000000000095 9.823096371155148e-08
18600.000000000095 8.342721800328987e-08
18650.000000000095 8.175462374753056e-08
18700.000000000095 8.616717486859975e-08
18750.000000000095 9.761192849128028e-08
18800.000000000095 1.464145834581967e-07
18850.000000000095 1.7117846135852877e-07
18900.000000000095 1.5402120887455925e-07
18950.000000000095 2.2011220864458923e-07
19000.000000000095 1.7531286484911753e-07
19050.000000000095 1.4328206295102979e-07
19100.000000000095 2.092473876265942e-07
19150.000000000095 1.785012135536817e-07
19200.000000000095 1.9184696003091689e-07
19250.000000000095 1.6962235880266095e-07
19300.000000000095 1.5886040427611116e-07
19350.000000000095 1.4294017296057027e-07
19400.000000000095 9.521200635656053e-08
19450.000000000095 1.5888120897125008e-07
19500.000000000095 1.5107861751483696e-07
19550.000000000095 1.2043058429600586e-07
19600.000000000095 1.523554571062361e-07
19650.000000000095 1.6946986193721072e-07
19700.000000000095 1.6940223556934087e-07
19750.000000000095 1.6487280399962866e-07
19800.000000000095 1.8966675601763611e-07
19850.000000000095 2.1940400282897612e-07
19900.000000000095 1.6353162915338937e-07
19950.000000000095 2.381871765674293e-07
20000.000000000095 2.3047448479632104e-07
20050.000000000095 2.506642452648851e-07
20100.000000000095 2.5979677004942836e-07
20150.000000000095 2.629049487308623e-07
20200.000000000095 3.031127968596473e-07
20250.000000000095 3.292702343896619e-07
20300.000000000095 3.0614440065450033e-07
20350.000000000095 3.4598584592740124e-07
20400.000000000095 3.5119961458456475e-07
20450.000000000095 3.9975672605255597e-07
20500.000000000095 4.129567870005153e-07
20550.000000000095 3.996800819706407e-07
20600.000000000095 4.607428653110133e-07
20650.000000000095 4.330672214555911e-07
20700.000000000095 4.504352590741378e-07
20750.000000000095 4.852252136233135e-07
20800.000000000095 4.849685730389737e-07
20850.000000000095 4.825868509755859e-07
20900.000000000095 5.101451765522411e-07
20950.000000000095 4.924354876654858e-07
21000.000000000095 5.142521779596355e-07
21050.000000000095 4.944932130676571e-07
21100.000000000095 4.955500869547665e-07
21150.000000000095 5.018699711823633e-07
21200.000000000095 4.841913976797016e-07
21250.000000000095 4.933870510329009e-07
21300.000000000095 4.575482399169812e-07
21350.000000000095 4.744880678871443e-07
21400.000000000095 4.363804746303622e-07
21450.000000000095 4.3772540487756096e-07
21500.000000000095 4.3519298743450324e-07
21550.000000000095 4.174995492501202e-07
21600.000000000095 4.0754524017556157e-07
21650.000000000095 3.787796622338546e-07
21700.000000000095 3.865769054965807e-07
21750.000000000095 3.591743082820414e-07
21800.000000000095 3.3229090494213713e-07
21850.000000000095 3.026165463029412e-07
21900.000000000095 2.88005865335452e-07
21950.000000000095 2.05915740023192e-07
22000.000000000095 1.5470215423473557e-07
22050.000000000095 1.1790023972350294e-07
22100.000000000095 1.5577086725422677e-07
22150.000000000095 1.745310337788087e-07
22200.000000000095 1.7672706693024747e-07
22250.000000000095 1.6358814230618434e-07
22300.000000000095 1.645856914088319e-07
22350.000000000095 1.510626573857496e-07
22400.000000000095 1.3675328261264413e-07
22450.000000000095 1.218085670336931e-07
22500.000000000095 1.2854954551116327e-07
22550.000000000095 9.85324386834392e-08
22600.000000000095 1.1448039962877367e-07
22650.000000000095 1.112331522232015e-07
22700.000000000095 1.0947157567028876e-07
22750.000000000095 1.1106239369562877e-07
22800.000000000095 1.0285211229834014e-07
22850.000000000095 9.27399530630397e-08
22900.000000000095 8.875286058958713e-08
22950.000000000095 8.701043105759515e-08
23000.000000000095 6.977456511018259e-08
23050.000000000095 9.485435038199883e-08
23100.000000000095 1.210556851772971e-07
23150.000000000095 1.226457976866308e-07
23200.000000000095 6.981693418051794e-08
23250.000000000095 6.876686504362533e-08
23300.000000000095 6.520551129783214e-08
23350.000000000095 5.731921416859145e-08
23400.000000000095 7.080838047224634e-08
23450.000000000095 6.661388265963089e-08
23500.000000000095 7.003192520131426e-08
23550.000000000095 9.254738471851247e-08
23600.000000000095 9.589636991718848e-08
23650.000000000095 1.0488671965044305e-07
23700.000000000095 7.167246113940344e-08
23750.000000000095 6.937059716818637e-08
23800.000000000095 7.435258131976793e-08
23850.000000000095 7.563440838176922e-08
23900.000000000095 1.0605751723449094e-07
23950.000000000095 1.0700048796080828e-07
24000.000000000095 1.3255768540369946e-07
24050.000000000095 1.338823740893872e-07
24100.000000000095 1.1244222858741163e-07
24150.000000000095 1.2393348572730028e-07
24200.000000000095 1.3560508208054877e-07
24250.000000000095 1.232082507485126e-07
24300.000000000095 1.294323452217452e-07
24350.000000000095 1.1769484245048067e-07
24400.000000000095 1.5873010897470896e-07
24450.000000000095 1.2763329556206822e-07
24500.000000000095 1.4397267102051219e-07
24550.000000000095 1.3690807886741877e-07
24600.000000000095 1.4928330226984255e-07
24650.000000000095 1.6610677993155562e-07
24700.000000000095 1.2971529214810836e-07
24750.000000000095 1.1914275214053134e-07
24800.000000000095 1.3011554117779243e-07
24850.000000000095 1.6908853782531005e-07
24900.000000000095 9.236641405233548e-08
24950.000000000095 1.4981713907162225e-07
25000.000000000095 1.4230474585147125e-07
25050.000000000095 1.058824483114471e-07
25100.000000000095 1.323326188897642e-07
25150.000000000095 8.698033396355729e-08
25200.000000000095 1.1586442635691787e-07
25250.000000000095 8.356843601225738e-08
25300.000000000095 1.1429942828500955e-07
25350.000000000095 6.722701113187028e-08
25400.000000000095 1.1190197648993807e-07
25450.000000000095 7.954062269635024e-08
25500.000000000095 7.651915524541324e-08
25550.000000000095 9.308930645202037e-08
25600.000000000095 8.138318192608647e-08
25650.000000000095 6.118965192024199e-08
25700.000000000095 1.0873724743434777e-07
25750.000000000095 6.060324465062398e-08
25800.000000000095 1.0830999783514268e-07
25850.000000000095 6.130583409889377e-08
25900.000000000095 8.540314053102868e-08
25950.000000000095 5.870912911092634e-08
26000.000000000095 1.0236926239331678e-07
26050.000000000095 8.42931111854385e-08
26100.000000000095 1.1821162509424982e-07
26150.000000000095 1.0095557221285112e-07
26200.000000000095 1.1104285739023325e-07
26250.000000000095 1.357371030699798e-07
26300.000000000095 1.0309947259527146e-07
26350.000000000095 1.431284850368698e-07
26400.000000000095 1.6861584040818315e-07
26450.000000000095 1.5232974852794065e-07
26500.000000000095 1.404890017994538e-07
26550.000000000095 1.201247245431814e-07
26600.000000000095 1.4685677452447248e-07
26650.000000000095 8.085119914762185e-08
26700.000000000095 6.862189731843051e-08
26750.000000000095 5.894241805401467e-08
26800.000000000095 8.260965189756005e-08
26850.000000000095 5.027179678708834e-08
26900.000000000095 9.385650172978583e-08
26950.000000000095 5.097740721138548e-08
27000.000000000095 1.084217827041149e-07
27050.000000000095 9.91470520387039e-08
27100.000000000095 7.634272265468964e-08
27150.000000000095 1.219265785432701e-07
27200.000000000095 8.286183216719143e-08
27250.000000000095 9.076568421058135e-08
27300.000000000095 1.666520098941519e-07
27350.000000000095 1.3189843925995882e-07
27400.000000000095 5.388004897797058e-08
27450.000000000095 1.631046178067341e-07
27500.000000000095 1.5582966729801327e-07
27550.000000000095 9.65859546253503e-08
27600.000000000095 1.5463902368378028e-07
27650.000000000095 7.954681167926555e-08
27700.000000000095 6.748678745401822e-08
27750.000000000095 1.483214530767101e-07
27800.000000000095 8.320340460683729e-08
27850.000000000095 9.305207871034811e-08
27900.000000000095 1.1736741614360335e-07
27950.000000000095 1.3086586254662073e-07
28000.000000000095 1.3192553478185568e-07
28050.000000000095 6.716016254121294e-08
28100.000000000095 1.6247155764428704e-07
28150.000000000095 1.2471067487669953e-07
28200.000000000095 6.271949550164653e-08
28250.000000000095 1.5779800812592537e-07
28300.000000000095 2.0358827806967218e-07
28350.000000000095 6.987967241923885e-08
28400.000000000095 1.4696731520843313e-07
28450.000000000095 1.5460293080120064e-07
28500.000000000095 1.3793517260296912e-07
28550.000000000095 6.876109465286858e-08
28600.000000000095 1.7269387003050372e-07
28650.000000000095 1.554196922805703e-07
28700.000000000095 1.340029080038749e-07
28750.000000000095 1.7414992833109481e-07
28800.000000000095 1.561518703356464e-07
28850.000000000095 2.0017290514840332e-07
28900.000000000095 1.0059703030091078e-07
28950.000000000095 2.0595287063930825e-07
29000.000000000095 1.442614784106742e-07
29050.000000000095 1.728700533776988e-07
29100.000000000095 1.1328474089e-07
29150.000000000095 2.1168054356814117e-07
29200.000000000095 1.5255544380144523e-07
29250.000000000095 2.0372891865852828e-07
29300.000000000095 1.2948455051298526e-07
