galfind/configs/Brown_Dwarf_templates/sonora_cholla/logkzz4/316g/1250K_316g_logkzz4_resample.dat
# %ECSV 1.0
# ---
# datatype:
# - {name: wav, unit: Angstrom, datatype: float64}
# - {name: flux_nu, unit: erg / (cm2 Hz s), datatype: float64}
# schema: astropy-2.0
wav flux_nu
10000.000000000093 nan
10050.000000000093 3.1699701316861934e-07
10100.000000000093 3.703720068764202e-07
10150.000000000093 3.715115171677776e-07
10200.000000000093 4.0590956336678757e-07
10250.000000000093 4.3268426193155395e-07
10300.000000000093 4.293684819859293e-07
10350.000000000093 4.926104856219284e-07
10400.000000000093 5.436308839894376e-07
10450.000000000093 5.550400571546369e-07
10500.000000000093 5.369037315276943e-07
10550.000000000093 5.396786244333166e-07
10600.000000000093 5.668724827160034e-07
10650.000000000093 6.081458848827531e-07
10700.000000000093 6.472702138250676e-07
10750.000000000093 6.939546039888413e-07
10800.000000000093 7.314948995560831e-07
10850.000000000093 7.951257744277687e-07
10900.000000000093 7.266979717755048e-07
10950.000000000093 5.680222625653991e-07
11000.000000000093 5.012263663698154e-07
11050.000000000093 4.11584021742217e-07
11100.000000000093 3.803076111271964e-07
11150.000000000093 3.24893950192e-07
11200.000000000093 3.3138106123004206e-07
11250.000000000093 4.050849237265698e-07
11300.000000000093 3.8356971430180367e-07
11350.000000000093 2.475812906414148e-07
11400.000000000093 4.1166736396191073e-07
11450.000000000093 3.335362318740617e-07
11500.000000000093 4.131044575276572e-07
11550.000000000093 3.316342555152723e-07
11600.000000000093 3.542415414975855e-07
11650.000000000093 3.867975046168241e-07
11700.000000000093 4.028620398246255e-07
11750.000000000093 3.6246614595347453e-07
11800.000000000093 4.493019613411496e-07
11850.000000000093 5.303112135956835e-07
11900.000000000093 5.654126767789452e-07
11950.000000000093 6.369793671453324e-07
12000.000000000093 6.419470342234172e-07
12050.000000000093 7.621920506181373e-07
12100.000000000093 8.029175494171052e-07
12150.000000000093 8.989775547318948e-07
12200.000000000093 9.596834514036062e-07
12250.000000000093 1.059021547716106e-06
12300.000000000093 1.1284589864301534e-06
12350.000000000093 1.1444737800952971e-06
12400.000000000093 1.1310776060893992e-06
12450.000000000093 1.2168703623612161e-06
12500.000000000093 1.2697312296974732e-06
12550.000000000093 1.3323347669543044e-06
12600.000000000093 1.3653094460870848e-06
12650.000000000093 1.3559157769117105e-06
12700.000000000093 1.4361042454523058e-06
12750.000000000093 1.3708683561355207e-06
12800.000000000093 1.4192989025128094e-06
12850.000000000093 1.3087796974945514e-06
12900.000000000093 1.2093368512888738e-06
12950.000000000093 1.2501522082693554e-06
13000.000000000093 1.2691109149299357e-06
13050.000000000093 1.267852111098599e-06
13100.000000000093 1.2172504489542447e-06
13150.000000000093 1.1190398308025242e-06
13200.000000000093 1.0555221464010093e-06
13250.000000000093 8.56906036037028e-07
13300.000000000093 5.473675984276664e-07
13350.000000000093 2.0217228639232004e-07
13400.000000000093 1.1749949148819486e-07
13450.000000000093 8.160023425045154e-08
13500.000000000093 5.429518532912252e-08
13550.000000000093 4.5713814154395e-08
13600.000000000093 3.676811998697213e-08
13650.000000000093 7.261842848381881e-08
13700.000000000093 6.03001264368028e-08
13750.000000000093 6.559671197429631e-08
13800.000000000093 8.759674386509483e-08
13850.000000000093 6.903289447209579e-08
13900.000000000093 7.07048486233198e-08
13950.000000000093 6.530544630344134e-08
14000.000000000093 5.8226120262906705e-08
14050.000000000093 6.961353374858442e-08
14100.000000000093 5.106813514979685e-08
14150.000000000093 6.864212528419109e-08
14200.000000000093 5.525687848214169e-08
14250.000000000093 5.612645570718762e-08
14300.000000000093 7.43064129962738e-08
14350.000000000093 7.217889485101863e-08
14400.000000000093 7.98170863455019e-08
14450.000000000093 8.390511248728816e-08
14500.000000000093 1.3288598761912668e-07
14550.000000000093 1.3274193545371753e-07
14600.000000000093 1.6843038288273403e-07
14650.000000000093 1.736988940421295e-07
14700.000000000093 1.3645128305979312e-07
14750.000000000093 1.6792400584968562e-07
14800.000000000093 2.043918838171958e-07
14850.000000000093 2.1011225553628183e-07
14900.000000000093 2.236403712447143e-07
14950.000000000093 2.3704364634023138e-07
15000.000000000093 2.547809804480571e-07
15050.000000000093 3.1467111514298416e-07
15100.000000000093 3.372544315953547e-07
15150.000000000093 3.626878921832292e-07
15200.000000000093 3.4850112550804076e-07
15250.000000000093 4.0260801377752296e-07
15300.000000000093 4.601358864207567e-07
15350.000000000093 5.193504160665803e-07
15400.000000000093 5.574013612730594e-07
15450.000000000093 6.220007381099155e-07
15500.000000000093 6.560296682418318e-07
15550.000000000093 7.318549143638467e-07
15600.000000000093 7.487316260482891e-07
15650.000000000093 7.838940400495537e-07
15700.000000000093 8.882978206165035e-07
15750.000000000093 9.423430155175307e-07
15800.000000000093 9.164956479347545e-07
15850.000000000093 9.724301880498687e-07
15900.000000000093 9.791215929785205e-07
15950.000000000093 9.889842178068336e-07
16000.000000000093 9.82400312178135e-07
16050.000000000093 9.461583786990853e-07
16100.000000000093 9.13581825101367e-07
16150.000000000093 7.904013726283665e-07
16200.000000000093 7.188167126068525e-07
16250.000000000093 7.276703232850724e-07
16300.000000000093 6.82045103176131e-07
16350.000000000093 7.221284428946287e-07
16400.000000000095 7.729021450303121e-07
16450.000000000095 8.051695322954243e-07
16500.000000000095 8.40623059816464e-07
16550.000000000095 8.23298661043747e-07
16600.000000000095 7.900442851209092e-07
16650.000000000095 7.152047875272387e-07
16700.000000000095 5.410701835464564e-07
16750.000000000095 6.028955070607664e-07
16800.000000000095 7.206301662609249e-07
16850.000000000095 6.963610080843192e-07
16900.000000000095 6.663550428189044e-07
16950.000000000095 6.25693361395953e-07
17000.000000000095 5.820270265827417e-07
17050.000000000095 6.484263199814142e-07
17100.000000000095 6.372444481417239e-07
17150.000000000095 5.606358752991697e-07
17200.000000000095 5.8051820338364e-07
17250.000000000095 5.181508437025761e-07
17300.000000000095 4.6974127602383815e-07
17350.000000000095 4.491943588410557e-07
17400.000000000095 4.2095153720932665e-07
17450.000000000095 3.890242408093281e-07
17500.000000000095 4.0395631831906276e-07
17550.000000000095 3.53834182519083e-07
17600.000000000095 3.3229511821416275e-07
17650.000000000095 3.318619961853148e-07
17700.000000000095 2.404534522374014e-07
17750.000000000095 2.2233958596617691e-07
17800.000000000095 2.525474849522723e-07
17850.000000000095 1.7697549180392227e-07
17900.000000000095 2.1201623144196382e-07
17950.000000000095 1.7036888399236377e-07
18000.000000000095 1.7271015622477692e-07
18050.000000000095 1.6800734770695907e-07
18100.000000000095 1.4873519432845085e-07
18150.000000000095 1.9731775597984579e-07
18200.000000000095 1.3461381688784624e-07
18250.000000000095 2.2791560259314554e-07
18300.000000000095 1.6504713111402867e-07
18350.000000000095 1.5538418489797122e-07
18400.000000000095 1.418218869718535e-07
18450.000000000095 1.401358595176503e-07
18500.000000000095 1.5749623567964825e-07
18550.000000000095 1.3014902991953898e-07
18600.000000000095 1.0968758644289188e-07
18650.000000000095 1.0995833028983894e-07
18700.000000000095 1.176710816233813e-07
18750.000000000095 1.2930841936503967e-07
18800.000000000095 1.8648297742914256e-07
18850.000000000095 2.1995070426599709e-07
18900.000000000095 1.9845554788433272e-07
18950.000000000095 2.761521683244072e-07
19000.000000000095 2.2797867416291897e-07
19050.000000000095 1.8936606096261137e-07
19100.000000000095 2.6602650509932984e-07
19150.000000000095 2.3395466529434486e-07
19200.000000000095 2.4588275663383726e-07
19250.000000000095 2.2128199714009837e-07
19300.000000000095 2.0969742606954555e-07
19350.000000000095 1.8831288095532684e-07
19400.000000000095 1.269191542669868e-07
19450.000000000095 2.068264525840471e-07
19500.000000000095 1.96746080687813e-07
19550.000000000095 1.571501035207215e-07
19600.000000000095 1.9658741533994805e-07
19650.000000000095 2.1673530447722348e-07
19700.000000000095 2.1610368289815546e-07
19750.000000000095 2.072712385847172e-07
19800.000000000095 2.379971553357762e-07
19850.000000000095 2.720464583722305e-07
19900.000000000095 2.0288116735668668e-07
19950.000000000095 2.9301464953153756e-07
20000.000000000095 2.836775306138373e-07
20050.000000000095 3.0828795493303295e-07
20100.000000000095 3.178826556045362e-07
20150.000000000095 3.2259126234584244e-07
20200.000000000095 3.6956974199626984e-07
20250.000000000095 3.996714794357197e-07
20300.000000000095 3.726562158447334e-07
20350.000000000095 4.18494489306273e-07
20400.000000000095 4.2597387618285644e-07
20450.000000000095 4.839011977347323e-07
20500.000000000095 4.99018652136949e-07
20550.000000000095 4.836933259142929e-07
20600.000000000095 5.583776961594599e-07
20650.000000000095 5.229812613712248e-07
20700.000000000095 5.476153762518241e-07
20750.000000000095 5.912272570659547e-07
20800.000000000095 5.926141657209525e-07
20850.000000000095 5.880285274337606e-07
20900.000000000095 6.246405236526183e-07
20950.000000000095 6.052921218149535e-07
21000.000000000095 6.342633653645451e-07
21050.000000000095 6.11623650461002e-07
21100.000000000095 6.153583848260925e-07
21150.000000000095 6.23822626032923e-07
21200.000000000095 6.038622123334827e-07
21250.000000000095 6.175805371644856e-07
21300.000000000095 5.746507173395275e-07
21350.000000000095 5.998614903931133e-07
21400.000000000095 5.505947766913577e-07
21450.000000000095 5.612742565114532e-07
21500.000000000095 5.547019474470454e-07
21550.000000000095 5.350946138360383e-07
21600.000000000095 5.252552562574536e-07
21650.000000000095 4.90095812638896e-07
21700.000000000095 5.009536422933952e-07
21750.000000000095 4.656729721480408e-07
21800.000000000095 4.3411626449777784e-07
21850.000000000095 3.9828073182972155e-07
21900.000000000095 3.8271953304880924e-07
21950.000000000095 2.82261066312574e-07
22000.000000000095 2.2151888499548965e-07
22050.000000000095 1.7072763912513303e-07
22100.000000000095 2.159862407519767e-07
22150.000000000095 2.3853931359862885e-07
22200.000000000095 2.429694505902518e-07
22250.000000000095 2.2612003840026608e-07
22300.000000000095 2.2919498422805288e-07
22350.000000000095 2.1053631290317442e-07
22400.000000000095 1.950246963986177e-07
22450.000000000095 1.7302781691411608e-07
22500.000000000095 1.817228731303344e-07
22550.000000000095 1.4529080078333095e-07
22600.000000000095 1.6540084047675283e-07
22650.000000000095 1.574515613981984e-07
22700.000000000095 1.5606437453121274e-07
22750.000000000095 1.5851546813859856e-07
22800.000000000095 1.4766238109778725e-07
22850.000000000095 1.3361249171094548e-07
22900.000000000095 1.2941549758110529e-07
22950.000000000095 1.2469361299629716e-07
23000.000000000095 1.0070979048458768e-07
23050.000000000095 1.350407927945766e-07
23100.000000000095 1.6556115514662216e-07
23150.000000000095 1.686424907875642e-07
23200.000000000095 1.0416466728067622e-07
23250.000000000095 1.0050622190271893e-07
23300.000000000095 9.441878412031108e-08
23350.000000000095 8.338504921513742e-08
23400.000000000095 1.0077813810670768e-07
23450.000000000095 9.523279112060925e-08
23500.000000000095 1.0102018386099937e-07
23550.000000000095 1.3131854331571909e-07
23600.000000000095 1.352921332643598e-07
23650.000000000095 1.4641260926357443e-07
23700.000000000095 1.043421547031055e-07
23750.000000000095 1.022363160995926e-07
23800.000000000095 1.0504947057620262e-07
23850.000000000095 1.0686005756810553e-07
23900.000000000095 1.458182996353303e-07
23950.000000000095 1.4740392033564005e-07
24000.000000000095 1.8104802209280545e-07
24050.000000000095 1.7894365164471198e-07
24100.000000000095 1.5292137400280572e-07
24150.000000000095 1.678175164743868e-07
24200.000000000095 1.8229866294081435e-07
24250.000000000095 1.6841450707856763e-07
24300.000000000095 1.721697842980106e-07
24350.000000000095 1.5927855145420786e-07
24400.000000000095 2.0794469777792735e-07
24450.000000000095 1.6860599075273437e-07
24500.000000000095 1.881148023576412e-07
24550.000000000095 1.76831594076396e-07
24600.000000000095 1.9107128704992697e-07
24650.000000000095 2.1247330346002382e-07
24700.000000000095 1.6692621834393288e-07
24750.000000000095 1.5277297988452963e-07
24800.000000000095 1.671868289849596e-07
24850.000000000095 2.1282614184518778e-07
24900.000000000095 1.1866074128419608e-07
24950.000000000095 1.904410697847565e-07
25000.000000000095 1.8016749233301835e-07
25050.000000000095 1.3631279850346529e-07
25100.000000000095 1.6841961668282924e-07
25150.000000000095 1.1241830819554838e-07
25200.000000000095 1.475087539878736e-07
25250.000000000095 1.0996448967288466e-07
25300.000000000095 1.481242251813343e-07
25350.000000000095 8.908028926057067e-08
25400.000000000095 1.4339886778084605e-07
25450.000000000095 1.0498053095972426e-07
25500.000000000095 1.0064744252981216e-07
25550.000000000095 1.2148242265096414e-07
25600.000000000095 1.0848951657894471e-07
25650.000000000095 8.261471464860629e-08
25700.000000000095 1.432898525189505e-07
25750.000000000095 8.273066595326413e-08
25800.000000000095 1.4094211220934965e-07
25850.000000000095 8.433458426416183e-08
25900.000000000095 1.1606828301197572e-07
25950.000000000095 8.227607057608548e-08
26000.000000000095 1.3242151402206074e-07
26050.000000000095 1.161176242400082e-07
26100.000000000095 1.5467801834388676e-07
26150.000000000095 1.3519645440364142e-07
26200.000000000095 1.4656923470634855e-07
26250.000000000095 1.7248504620957994e-07
26300.000000000095 1.365196352853342e-07
26350.000000000095 1.7870632852364528e-07
26400.000000000095 2.118452692793431e-07
26450.000000000095 1.9149835410654626e-07
26500.000000000095 1.7687467956249886e-07
26550.000000000095 1.572307916443768e-07
26600.000000000095 1.9144426814783787e-07
26650.000000000095 1.0964979218806644e-07
26700.000000000095 9.549424814597883e-08
26750.000000000095 8.155174001768005e-08
26800.000000000095 1.1181793296412095e-07
26850.000000000095 6.907423572425727e-08
26900.000000000095 1.2328566733610497e-07
26950.000000000095 6.867877341971809e-08
27000.000000000095 1.386399854250265e-07
27050.000000000095 1.2681617441972556e-07
27100.000000000095 1.0140990497949154e-07
27150.000000000095 1.535689774328851e-07
27200.000000000095 1.1042625941422407e-07
27250.000000000095 1.1761390563265301e-07
27300.000000000095 2.0408019937581173e-07
27350.000000000095 1.6439334966716376e-07
27400.000000000095 7.402286426641506e-08
27450.000000000095 2.049817263710863e-07
27500.000000000095 1.9108473821615283e-07
27550.000000000095 1.2706329888045197e-07
27600.000000000095 1.988210933350735e-07
27650.000000000095 1.0440607002618985e-07
27700.000000000095 8.974073210828916e-08
27750.000000000095 1.891962544966695e-07
27800.000000000095 1.091016440510299e-07
27850.000000000095 1.2166551479142834e-07
27900.000000000095 1.5161268413974663e-07
27950.000000000095 1.6398203680445622e-07
28000.000000000095 1.6762860075608742e-07
28050.000000000095 8.966126833482282e-08
28100.000000000095 2.0319303927427818e-07
28150.000000000095 1.6040757416735622e-07
28200.000000000095 8.348901488740757e-08
28250.000000000095 1.9641303254662986e-07
28300.000000000095 2.517850661131412e-07
28350.000000000095 9.087491685913804e-08
28400.000000000095 1.8697976879966165e-07
28450.000000000095 1.900855817804386e-07
28500.000000000095 1.7452082912112094e-07
28550.000000000095 8.985116042143616e-08
28600.000000000095 2.147303862952644e-07
28650.000000000095 1.9349601691047585e-07
28700.000000000095 1.6754355480762331e-07
28750.000000000095 2.132514796297853e-07
28800.000000000095 1.9125668728328803e-07
28850.000000000095 2.4686145507628756e-07
28900.000000000095 1.2637020406655811e-07
28950.000000000095 2.486700862219996e-07
29000.000000000095 1.7585264097412267e-07
29050.000000000095 2.0997176955359652e-07
29100.000000000095 1.3987746775183362e-07
29150.000000000095 2.5298521244406574e-07
29200.000000000095 1.8717981231210823e-07
29250.000000000095 2.456606662147084e-07
29300.000000000095 1.583344520984956e-07
