galfind/configs/Brown_Dwarf_templates/sonora_cholla/logkzz4/316g/1250K_316g_logkzz4_resample.dat
# %ECSV 1.0
# ---
# datatype:
# - {name: wav, unit: Angstrom, datatype: float64}
# - {name: flux_nu, unit: erg / (cm2 Hz s), datatype: float64}
# schema: astropy-2.0
wav flux_nu
[from data line 1162]
68100.00000000009 3.278747930625773e-07
68150.00000000009 2.6519334100339496e-07
68200.00000000009 2.8590419114079683e-07
68250.00000000009 1.738733282042626e-07
68300.00000000009 2.5787170742891326e-07
68350.00000000009 1.6301378935533515e-07
68400.00000000009 3.25879211634718e-07
68450.00000000009 3.262567127142806e-07
68500.00000000009 2.9010940658082575e-07
68550.00000000009 2.1304268853051438e-07
68600.00000000009 2.424503535879114e-07
68650.00000000009 1.848653071694208e-07
68700.00000000009 2.5516528121157407e-07
68750.00000000009 2.9411061150082604e-07
68800.00000000009 3.0918028000274135e-07
68850.00000000009 1.9898093627631094e-07
68900.00000000009 3.5909610898771003e-07
68950.00000000009 3.811343478161821e-07
69000.00000000009 3.6987309765288953e-07
69050.00000000009 2.6323291743162173e-07
69100.00000000009 3.599223252821389e-07
69150.00000000009 4.093626760972273e-07
69200.00000000009 2.715101941885181e-07
69250.00000000009 3.5838405961682984e-07
69300.00000000009 3.130891335547488e-07
69350.00000000009 3.47500952984454e-07
69400.00000000009 2.2192037948001383e-07
69450.00000000009 3.7255028674709583e-07
69500.00000000009 2.8602845494110006e-07
69550.00000000009 2.930246953686175e-07
69600.00000000009 1.4239695010148694e-07
69650.00000000009 2.7563516790213455e-07
69700.00000000009 3.323269451384611e-07
69750.00000000009 2.7230998405956704e-07
69800.00000000009 3.319279604046063e-07
69850.00000000009 3.568799584778778e-07
69900.00000000009 2.5690623308604286e-07
69950.00000000009 3.1563621427076543e-07
70000.00000000009 2.515214145572906e-07
70050.00000000009 3.428068452098094e-07
70100.00000000009 2.709910034741101e-07
70150.00000000009 3.03593710736126e-07
70200.00000000009 2.400571254664299e-07
70250.00000000009 2.8118153157944854e-07
70300.00000000009 3.2456962300847055e-07
70350.00000000009 2.580514992118005e-07
70400.00000000009 2.6093060855741515e-07
70450.00000000009 1.6675035627878393e-07
70500.00000000009 2.1611907203896555e-07
70550.00000000009 2.3119317381847927e-07
70600.00000000009 2.461647666219544e-07
70650.00000000009 2.849314169524764e-07
70700.00000000009 2.744170915793997e-07
70750.00000000009 3.135849300940015e-07
70800.00000000009 2.3327483483152513e-07
70850.00000000009 2.2510548704923042e-07
70900.00000000009 2.297793439008214e-07
70950.00000000009 3.2429428238558e-07
71000.00000000009 2.798102586797755e-07
71050.00000000009 2.988232483484604e-07
71100.00000000009 2.678775413807217e-07
71150.00000000009 2.761585030333928e-07
71200.00000000009 2.4236801463353894e-07
71250.00000000009 2.6032968741128064e-07
71300.00000000009 3.0184667002711353e-07
71350.00000000009 2.75296038083408e-07
71400.00000000009 2.8945205426066155e-07
71450.00000000009 1.9840793849861044e-07
71500.00000000009 2.3917267713211984e-07
71550.00000000009 2.450727831315066e-07
71600.00000000009 2.7437785439942087e-07
71650.00000000009 2.587936067283462e-07
71700.00000000009 2.219597267604928e-07
71750.00000000009 2.447442201887623e-07
71800.00000000009 3.016040128369059e-07
71850.00000000009 3.023289679522542e-07
71900.00000000009 2.2305601586007115e-07
71950.00000000009 2.3732638590038621e-07
72000.00000000009 2.3871808456193764e-07
72050.00000000009 2.0331410489295423e-07
72100.00000000009 2.305556619636155e-07
72150.00000000009 2.07185049800213e-07
72200.00000000009 2.3373579671117002e-07
72250.00000000009 2.5839214971575304e-07
72300.00000000009 2.548557397803727e-07
72350.00000000009 2.4667836268698985e-07
72400.00000000009 2.0764400004792624e-07
72450.00000000009 2.0413065150677502e-07
72500.00000000009 2.2977734927984373e-07
72550.00000000009 1.6728257195776263e-07
72600.00000000009 1.538526545498564e-07
72650.00000000009 2.593384142740779e-07
72700.00000000009 2.6579514486378294e-07
72750.00000000009 2.246290006245818e-07
72800.00000000009 2.2375260407198591e-07
72850.00000000009 2.1165166164502396e-07
72900.00000000009 2.496701755449035e-07
72950.00000000009 2.290297302946093e-07
73000.00000000009 2.467498415762025e-07
73050.00000000009 2.2010132072115815e-07
73100.00000000009 1.9550437676356845e-07
73150.00000000009 2.864365635937004e-07
73200.00000000009 2.0864894020282042e-07
73250.00000000009 2.2692448954885888e-07
73300.00000000009 2.3534292673343592e-07
73350.00000000009 2.0141898309895664e-07
73400.00000000009 2.3273721535572225e-07
73450.00000000009 1.585232050074265e-07
73500.00000000009 1.7580955256758947e-07
73550.00000000009 2.0284699651845235e-07
73600.00000000009 1.8179416422599906e-07
73650.00000000009 2.174616826378796e-07
73700.00000000009 2.5826716548412844e-07
73750.00000000009 1.9147839188041505e-07
73800.00000000009 2.0609225066822132e-07
73850.00000000009 2.1983754386428388e-07
73900.00000000009 2.4508698277364404e-07
73950.00000000009 2.0481338910670188e-07
74000.00000000009 2.1037694074045987e-07
74050.00000000009 2.9221605252932955e-07
74100.00000000009 1.9173356441439014e-07
74150.00000000009 2.3007109144721392e-07
74200.00000000009 2.0941688008290596e-07
74250.00000000009 1.67418216929402e-07
74300.00000000009 2.1193917247155104e-07
74350.00000000009 2.4120388021936937e-07
74400.00000000009 2.202703507589616e-07
74450.00000000009 1.5296764742188277e-07
74500.00000000009 1.8950422148303765e-07
74550.00000000009 2.2029294800692354e-07
74600.00000000009 2.0704906043041254e-07
74650.00000000009 2.0096582801129716e-07
74700.00000000009 1.742761588099989e-07
74750.00000000009 1.9912771879764629e-07
74800.00000000009 1.9500640027694667e-07
74850.00000000009 1.4949783069824012e-07
74900.00000000009 2.6818458888419533e-07
74950.00000000009 2.4939468174462425e-07
75000.00000000009 2.2347571944175386e-07
75050.00000000009 2.051382657664976e-07
75100.00000000009 2.7260561724786994e-07
75150.00000000009 2.427885827835987e-07
75200.00000000009 2.6952655904894317e-07
75250.00000000009 2.3639081146619464e-07
75300.00000000009 2.6256839076650276e-07
75350.00000000009 1.7810224142092025e-07
75400.00000000009 2.5081633679739927e-07
75450.00000000009 2.2755785213120715e-07
75500.00000000009 2.0462121596671508e-07
75550.00000000009 2.713415405245192e-07
75600.00000000009 3.082093243351668e-07
75650.00000000009 2.1648236168139757e-07
75700.00000000009 2.2847797191749957e-07
75750.00000000009 1.857658618510983e-07
75800.00000000009 2.456844220405214e-07
75850.00000000009 2.7858336802059866e-07
75900.00000000009 2.501010167541069e-07
75950.00000000009 2.1610727445287697e-07
76000.00000000009 2.29972509817195e-07
76050.00000000009 2.5141191106958095e-07
76100.00000000009 2.2059013759413388e-07
76150.00000000009 2.54054244224315e-07
76200.00000000009 2.642535324351566e-07
76250.00000000009 3.1029597121348424e-07
76300.00000000009 3.073542394461993e-07
76350.00000000009 3.629216338606999e-07
76400.00000000009 2.944415871132268e-07
76450.00000000009 2.8250134258452144e-07
76500.00000000009 2.452685106805717e-07
76550.00000000009 2.333710575178617e-07
76600.00000000009 1.414724877655089e-07
76650.00000000009 1.5133720457128023e-07
76700.00000000009 1.810686824960394e-07
76750.00000000009 1.5991735021643967e-07
76800.00000000009 2.194907512013448e-07
76850.00000000009 1.1318189904830183e-07
76900.00000000009 1.5118418594619657e-07
76950.00000000009 1.7334714829813376e-07
77000.00000000009 1.9172826145676808e-07
77050.00000000009 1.4558150575237155e-07
77100.00000000009 1.4922994628081533e-07
77150.00000000009 1.8277377955730944e-07
77200.00000000009 1.8093779668270835e-07
77250.00000000009 1.873173378022251e-07
77300.00000000009 1.748084478830308e-07
77350.00000000009 1.349637150837224e-07
77400.00000000009 1.1913451295366523e-07
77450.00000000009 1.3892545734483595e-07
77500.00000000009 1.7443581404155036e-07
77550.00000000009 1.7589826362284324e-07
77600.00000000009 1.8278202790527593e-07
77650.00000000009 1.783951400605606e-07
77700.00000000009 1.513423082283814e-07
77750.00000000009 1.993194828767131e-07
77800.00000000009 1.7973434981350702e-07
77850.00000000009 2.1945418234451832e-07
77900.00000000009 1.9532477600508063e-07
77950.00000000009 1.543614374471841e-07
78000.00000000009 1.8660942892092428e-07
78050.00000000009 1.935980743299314e-07
78100.00000000009 1.4591058860426198e-07
78150.00000000009 2.075756912968416e-07
78200.00000000009 2.0955131313459088e-07
78250.00000000009 2.3079569608159117e-07
78300.00000000009 2.3126434704215727e-07
78350.00000000009 2.1754726553726706e-07
78400.00000000009 2.0110464917151088e-07
78450.00000000009 2.4538935145401e-07
78500.00000000009 2.3079263739913312e-07
78550.00000000009 2.3434942150088036e-07
78600.00000000009 2.0967520549254998e-07
78650.00000000009 1.3854085440832485e-07
78700.00000000009 1.9499302741965837e-07
78750.00000000009 1.8939685103009778e-07
78800.00000000009 2.3164144524098845e-07
78850.00000000009 1.699097167489904e-07
78900.00000000009 2.0703624608227548e-07
78950.00000000009 1.9240005372633608e-07
79000.00000000009 2.093321168095217e-07
79050.00000000009 1.9417640893640011e-07
79100.00000000009 1.9370622575675546e-07
79150.00000000009 2.268405415353543e-07
79200.00000000009 2.586012901013711e-07
79250.00000000009 2.3384542095546127e-07
79300.00000000009 1.6804509430638872e-07
79350.00000000009 2.4124182823262836e-07
79400.00000000009 1.9883477893022604e-07
79450.00000000009 2.1953395253919033e-07
79500.00000000009 2.822023835152777e-07
79550.00000000009 2.4432197224072953e-07
79600.00000000009 1.852011259928239e-07
79650.00000000009 2.1199322102993067e-07
79700.00000000009 2.6881016877939775e-07
79750.00000000009 2.4646264818369076e-07
79800.00000000009 2.2131863401260943e-07
79850.00000000009 2.1972574964375204e-07
79900.00000000009 3.1055643071831916e-07
79950.00000000009 2.2382282449163963e-07
