galfind/configs/Brown_Dwarf_templates/sonora_cholla/logkzz4/316g/1300K_316g_logkzz4_resample.dat
# %ECSV 1.0
# ---
# datatype:
# - {name: wav, unit: Angstrom, datatype: float64}
# - {name: flux_nu, unit: erg / (cm2 Hz s), datatype: float64}
# schema: astropy-2.0
wav flux_nu
10000.000000000093 nan
10050.000000000093 3.3600341220655537e-07
10100.000000000093 3.923231830706346e-07
10150.000000000093 3.924975643835831e-07
10200.000000000093 4.280474877744374e-07
10250.000000000093 4.548187020577431e-07
10300.000000000093 4.484214449312175e-07
10350.000000000093 5.14285757908426e-07
10400.000000000093 5.6918870228308e-07
10450.000000000093 5.813769679597101e-07
10500.000000000093 5.646835511046522e-07
10550.000000000093 5.701515760230454e-07
10600.000000000093 6.003253230752742e-07
10650.000000000093 6.419894428367972e-07
10700.000000000093 6.818969972392669e-07
10750.000000000093 7.323602572034167e-07
10800.000000000093 7.740154954330426e-07
10850.000000000093 8.452433942721869e-07
10900.000000000093 7.798669691452045e-07
10950.000000000093 6.235588892856993e-07
11000.000000000093 5.571366195597969e-07
11050.000000000093 4.6180446270070536e-07
11100.000000000093 4.350491265419552e-07
11150.000000000093 3.793531130259924e-07
11200.000000000093 3.877133486158835e-07
11250.000000000093 4.7280639938564867e-07
11300.000000000093 4.457556686982891e-07
11350.000000000093 2.981810364378387e-07
11400.000000000093 4.816082584580729e-07
11450.000000000093 3.947468206315764e-07
11500.000000000093 4.934513320495718e-07
11550.000000000093 4.074306777077785e-07
11600.000000000093 4.348596467551003e-07
11650.000000000093 4.669804745702574e-07
11700.000000000093 4.847575881397177e-07
11750.000000000093 4.507542816763363e-07
11800.000000000093 5.369378271807732e-07
11850.000000000093 6.196984893981056e-07
11900.000000000093 6.57330649929255e-07
11950.000000000093 7.228824800602941e-07
12000.000000000093 7.144230752287989e-07
12050.000000000093 8.480867732211747e-07
12100.000000000093 8.841990552650281e-07
12150.000000000093 9.887335702498707e-07
12200.000000000093 1.0471300801787453e-06
12250.000000000093 1.1532950417856438e-06
12300.000000000093 1.2237074324553476e-06
12350.000000000093 1.2376208501332898e-06
12400.000000000093 1.2084448141820844e-06
12450.000000000093 1.2941374864971696e-06
12500.000000000093 1.3499838744439672e-06
12550.000000000093 1.414792902962827e-06
12600.000000000093 1.453694380393149e-06
12650.000000000093 1.4451364270311548e-06
12700.000000000093 1.5392131156106731e-06
12750.000000000093 1.4715962317915853e-06
12800.000000000093 1.527920044699094e-06
12850.000000000093 1.41746238288411e-06
12900.000000000093 1.312592160636576e-06
12950.000000000093 1.3617901995891971e-06
13000.000000000093 1.3871024444382159e-06
13050.000000000093 1.3954228687082713e-06
13100.000000000093 1.345757683352807e-06
13150.000000000093 1.251609379604159e-06
13200.000000000093 1.1849441596514296e-06
13250.000000000093 9.744923842966115e-07
13300.000000000093 6.405435657670497e-07
13350.000000000093 2.451563827742307e-07
13400.000000000093 1.4619659704551276e-07
13450.000000000093 1.0358877981822865e-07
13500.000000000093 7.030589863350413e-08
13550.000000000093 5.97717965561547e-08
13600.000000000093 4.973737131610017e-08
13650.000000000093 9.485635167774465e-08
13700.000000000093 7.949173022026153e-08
13750.000000000093 8.516382645293015e-08
13800.000000000093 1.1415701442601474e-07
13850.000000000093 9.095935703070805e-08
13900.000000000093 9.31063266714777e-08
13950.000000000093 8.597003651928476e-08
14000.000000000093 7.622285317257749e-08
14050.000000000093 9.032927899951118e-08
14100.000000000093 6.598902916734909e-08
14150.000000000093 8.755765489050252e-08
14200.000000000093 7.104103120442058e-08
14250.000000000093 7.175487927334241e-08
14300.000000000093 9.233093855308101e-08
14350.000000000093 8.995585352638439e-08
14400.000000000093 9.912428958781049e-08
14450.000000000093 1.034328483017985e-07
14500.000000000093 1.6047374529438833e-07
14550.000000000093 1.5993032710157833e-07
14600.000000000093 2.0074154280620656e-07
14650.000000000093 2.0664843636276283e-07
14700.000000000093 1.640601986487331e-07
14750.000000000093 1.9942833025843212e-07
14800.000000000093 2.404646694260151e-07
14850.000000000093 2.4672843517246763e-07
14900.000000000093 2.6243398772397125e-07
14950.000000000093 2.752949846313017e-07
15000.000000000093 2.9513708018152194e-07
15050.000000000093 3.6352085273120197e-07
15100.000000000093 3.8671564304379413e-07
15150.000000000093 4.1547933861798597e-07
15200.000000000093 3.995817382372649e-07
15250.000000000093 4.568457739779953e-07
15300.000000000093 5.200507456497322e-07
15350.000000000093 5.834492018378321e-07
15400.000000000093 6.236546922090547e-07
15450.000000000093 6.951294157576731e-07
15500.000000000093 7.322509411714486e-07
15550.000000000093 8.129639118687105e-07
15600.000000000093 8.290956691117652e-07
15650.000000000093 8.684652926372596e-07
15700.000000000093 9.832249454025358e-07
15750.000000000093 1.0427569605673238e-06
15800.000000000093 1.0159426448065412e-06
15850.000000000093 1.0737436627022659e-06
15900.000000000093 1.0872784802264414e-06
15950.000000000093 1.1056805622343605e-06
16000.000000000093 1.115780800309781e-06
16050.000000000093 1.1003622253862686e-06
16100.000000000093 1.086377288929767e-06
16150.000000000093 9.697907612107304e-07
16200.000000000093 9.161946205710924e-07
16250.000000000093 9.264453960436151e-07
16300.000000000093 8.842101078140273e-07
16350.000000000093 9.320604556533309e-07
16400.000000000095 9.83091771585543e-07
16450.000000000095 1.0109610911045414e-06
16500.000000000095 1.0512882984089296e-06
16550.000000000095 1.0369443046149768e-06
16600.000000000095 9.914583329587644e-07
16650.000000000095 9.36853886753759e-07
16700.000000000095 7.565752203282609e-07
16750.000000000095 8.239369389353033e-07
16800.000000000095 9.445808531359985e-07
16850.000000000095 9.117818083414211e-07
16900.000000000095 8.829647950349278e-07
16950.000000000095 8.329678057756674e-07
17000.000000000095 7.86894013053284e-07
17050.000000000095 8.531711910382841e-07
17100.000000000095 8.200943169238634e-07
17150.000000000095 7.276240196390072e-07
17200.000000000095 7.289767507496153e-07
17250.000000000095 6.550412136912135e-07
17300.000000000095 5.993581570076254e-07
17350.000000000095 5.751822895841874e-07
17400.000000000095 5.370832770443638e-07
17450.000000000095 4.880648181272158e-07
17500.000000000095 4.980861488175122e-07
17550.000000000095 4.3877587774296006e-07
17600.000000000095 4.1679509853066734e-07
17650.000000000095 4.1463635330988395e-07
17700.000000000095 2.996504270223489e-07
17750.000000000095 2.7800731830772696e-07
17800.000000000095 3.1144505682298733e-07
17850.000000000095 2.1914790280618128e-07
17900.000000000095 2.6333025460870655e-07
17950.000000000095 2.1512820890397755e-07
18000.000000000095 2.1450425797479024e-07
18050.000000000095 2.0831470364512515e-07
18100.000000000095 1.843499456065126e-07
18150.000000000095 2.4099372556943437e-07
18200.000000000095 1.6709254966248867e-07
18250.000000000095 2.755953209617465e-07
18300.000000000095 2.0322473473281022e-07
18350.000000000095 1.9248776749802212e-07
18400.000000000095 1.7592660917826438e-07
18450.000000000095 1.7000796517509923e-07
18500.000000000095 1.9104038166519096e-07
18550.000000000095 1.5900189382802817e-07
18600.000000000095 1.3343763609199832e-07
18650.000000000095 1.3542825874377092e-07
18700.000000000095 1.4607588030459107e-07
18750.000000000095 1.57603723591186e-07
18800.000000000095 2.2124338943518832e-07
18850.000000000095 2.617775041726959e-07
18900.000000000095 2.366196821941621e-07
18950.000000000095 3.2308446519089174e-07
19000.000000000095 2.7244395895732673e-07
19050.000000000095 2.2882933498485504e-07
19100.000000000095 3.12817778354194e-07
19150.000000000095 2.800716214181989e-07
19200.000000000095 2.9052902725388485e-07
19250.000000000095 2.64276451068032e-07
19300.000000000095 2.524063449285385e-07
19350.000000000095 2.2700493794012922e-07
19400.000000000095 1.542772229473253e-07
19450.000000000095 2.4693033299552353e-07
19500.000000000095 2.3487682751655055e-07
19550.000000000095 1.8845020130825386e-07
19600.000000000095 2.332199449198578e-07
19650.000000000095 2.558539439640629e-07
19700.000000000095 2.5454844709523296e-07
19750.000000000095 2.418116571375392e-07
19800.000000000095 2.769867967728476e-07
19850.000000000095 3.1415842212273475e-07
19900.000000000095 2.3525417829017216e-07
19950.000000000095 3.3621361199793143e-07
20000.000000000095 3.256385013022184e-07
20050.000000000095 3.5343515983970647e-07
20100.000000000095 3.629941756081754e-07
20150.000000000095 3.692218579743263e-07
20200.000000000095 4.203376581024534e-07
20250.000000000095 4.530531162234468e-07
20300.000000000095 4.2363807395402173e-07
20350.000000000095 4.735553650018585e-07
20400.000000000095 4.827981676376168e-07
20450.000000000095 5.465790546504799e-07
20500.000000000095 5.632931828274947e-07
20550.000000000095 5.471041285182732e-07
20600.000000000095 6.306045489709807e-07
20650.000000000095 5.901415873816047e-07
20700.000000000095 6.200816993432809e-07
20750.000000000095 6.70126630397868e-07
20800.000000000095 6.732306269448146e-07
20850.000000000095 6.680447969612732e-07
20900.000000000095 7.116049431790096e-07
20950.000000000095 6.927882492378012e-07
21000.000000000095 7.273696882946318e-07
21050.000000000095 7.044840434834972e-07
21100.000000000095 7.128340362329855e-07
21150.000000000095 7.234522074131378e-07
21200.000000000095 7.027286461438426e-07
21250.000000000095 7.222136423297942e-07
21300.000000000095 6.764800654769525e-07
21350.000000000095 7.096191099380556e-07
21400.000000000095 6.532241787589071e-07
21450.000000000095 6.793721005006723e-07
21500.000000000095 6.672808620265818e-07
21550.000000000095 6.49606316289494e-07
21600.000000000095 6.428391543011958e-07
21650.000000000095 6.048329928265655e-07
21700.000000000095 6.211764649445594e-07
21750.000000000095 5.8011284919633e-07
21800.000000000095 5.493846294018004e-07
21850.000000000095 5.120350189639565e-07
21900.000000000095 5.004078981273049e-07
21950.000000000095 3.9027714361994096e-07
22000.000000000095 3.230612589388828e-07
22050.000000000095 2.60545406708095e-07
22100.000000000095 3.127758680998946e-07
22150.000000000095 3.3595687641355695e-07
22200.000000000095 3.4142832486224234e-07
22250.000000000095 3.2232227032184766e-07
22300.000000000095 3.269164928710086e-07
22350.000000000095 3.029255103919781e-07
22400.000000000095 2.883869155452647e-07
22450.000000000095 2.5472337419969787e-07
22500.000000000095 2.6654441031955807e-07
22550.000000000095 2.2683713900719177e-07
22600.000000000095 2.5051612345902564e-07
22650.000000000095 2.337525946276567e-07
22700.000000000095 2.3184019558591708e-07
22750.000000000095 2.3864366752348054e-07
22800.000000000095 2.2428273044560608e-07
22850.000000000095 2.0439809806710702e-07
22900.000000000095 2.009104671025242e-07
22950.000000000095 1.8497070233503652e-07
23000.000000000095 1.5178005578055745e-07
23050.000000000095 1.9687171045694492e-07
23100.000000000095 2.2856155748064685e-07
23150.000000000095 2.3177897171056416e-07
23200.000000000095 1.6008688124233974e-07
23250.000000000095 1.5286652287900955e-07
23300.000000000095 1.4347325653386677e-07
23350.000000000095 1.2863090647195428e-07
23400.000000000095 1.4999031060363818e-07
23450.000000000095 1.4344199410278147e-07
23500.000000000095 1.5268883559648302e-07
23550.000000000095 1.9193542959697596e-07
23600.000000000095 1.9575319846554172e-07
23650.000000000095 2.0861783971565668e-07
23700.000000000095 1.5662185067743458e-07
23750.000000000095 1.5629534650947448e-07
23800.000000000095 1.5620013165353304e-07
23850.000000000095 1.563981178439058e-07
23900.000000000095 2.049872901243429e-07
23950.000000000095 2.071329971890683e-07
24000.000000000095 2.516646594870828e-07
24050.000000000095 2.4020957244860944e-07
24100.000000000095 2.1015329598509207e-07
24150.000000000095 2.2887824992304685e-07
24200.000000000095 2.4412793662448185e-07
24250.000000000095 2.3387545545483007e-07
24300.000000000095 2.2936572664584018e-07
24350.000000000095 2.1644030697223662e-07
24400.000000000095 2.726639034946105e-07
24450.000000000095 2.2198293595812088e-07
24500.000000000095 2.4320600182858866e-07
24550.000000000095 2.2571197849045148e-07
24600.000000000095 2.41064867687616e-07
24650.000000000095 2.679855991604657e-07
24700.000000000095 2.0929459133409946e-07
24750.000000000095 1.9151121609731817e-07
24800.000000000095 2.085977532465085e-07
24850.000000000095 2.603225829283183e-07
24900.000000000095 1.4601757522421033e-07
24950.000000000095 2.3410058739884547e-07
25000.000000000095 2.1889327355438347e-07
25050.000000000095 1.6595278295428892e-07
25100.000000000095 2.0445975413884985e-07
25150.000000000095 1.3849971767786118e-07
25200.000000000095 1.7761199726435123e-07
25250.000000000095 1.3519168383480158e-07
25300.000000000095 1.7973401863452474e-07
25350.000000000095 1.1005707300520125e-07
25400.000000000095 1.7234828781926023e-07
25450.000000000095 1.2843913396856823e-07
25500.000000000095 1.2290512337706587e-07
25550.000000000095 1.481221953229392e-07
25600.000000000095 1.35446703081102e-07
25650.000000000095 1.0293318135532435e-07
25700.000000000095 1.7608752501895144e-07
25750.000000000095 1.0387827760089045e-07
25800.000000000095 1.7230712878213095e-07
25850.000000000095 1.0709912800188776e-07
25900.000000000095 1.4754197601943438e-07
25950.000000000095 1.0531592304052436e-07
26000.000000000095 1.6023338300972078e-07
26050.000000000095 1.466579924707958e-07
26100.000000000095 1.891785015550456e-07
26150.000000000095 1.688557307535541e-07
26200.000000000095 1.7975344053568732e-07
26250.000000000095 2.064579867764858e-07
26300.000000000095 1.6949308763651095e-07
26350.000000000095 2.1093103314495562e-07
26400.000000000095 2.5129873955779927e-07
26450.000000000095 2.2654779494157455e-07
26500.000000000095 2.1017354922158363e-07
26550.000000000095 1.9060153592411674e-07
26600.000000000095 2.3131411122635972e-07
26650.000000000095 1.3616447115932307e-07
26700.000000000095 1.2067571379701407e-07
26750.000000000095 1.0265541065331852e-07
26800.000000000095 1.382003491201834e-07
26850.000000000095 8.675724042633274e-08
26900.000000000095 1.497339204929574e-07
26950.000000000095 8.507333132556157e-08
27000.000000000095 1.6506344866987297e-07
27050.000000000095 1.5095858657052955e-07
27100.000000000095 1.2393197148364417e-07
27150.000000000095 1.8057527823266123e-07
27200.000000000095 1.3508154780757017e-07
27250.000000000095 1.4113892290878905e-07
27300.000000000095 2.353613604830157e-07
27350.000000000095 1.9192751229812592e-07
27400.000000000095 9.276016376824973e-08
27450.000000000095 2.400539579534924e-07
27500.000000000095 2.2093072641293782e-07
27550.000000000095 1.5369441281527105e-07
27600.000000000095 2.3629321315829504e-07
27650.000000000095 1.263167715806157e-07
27700.000000000095 1.0976275976919141e-07
27750.000000000095 2.2392654787559865e-07
27800.000000000095 1.319052113269702e-07
27850.000000000095 1.466823672991223e-07
27900.000000000095 1.8110487332727976e-07
27950.000000000095 1.9282315938173578e-07
28000.000000000095 1.978678636498426e-07
28050.000000000095 1.0997265863247724e-07
28100.000000000095 2.376443340225925e-07
28150.000000000095 1.9122172969435096e-07
28200.000000000095 1.0230826258172278e-07
28250.000000000095 2.291171204560656e-07
28300.000000000095 2.915761725028766e-07
28350.000000000095 1.0981024594326079e-07
28400.000000000095 2.2141621200919322e-07
28450.000000000095 2.2007054554695461e-07
28500.000000000095 2.0591689112173836e-07
28550.000000000095 1.0876675956235138e-07
28600.000000000095 2.504868910955062e-07
28650.000000000095 2.256441262891581e-07
28700.000000000095 1.9617668379827541e-07
28750.000000000095 2.46153851237574e-07
28800.000000000095 2.2116880830639766e-07
28850.000000000095 2.8592366800475204e-07
28900.000000000095 1.4900039964460636e-07
28950.000000000095 2.84789931627508e-07
29000.000000000095 2.03008382211655e-07
29050.000000000095 2.412163048278853e-07
29100.000000000095 1.633851579733507e-07
29150.000000000095 2.8793892601639373e-07
29200.000000000095 2.1696299506791456e-07
29250.000000000095 2.807690103119216e-07
