galfind/configs/Brown_Dwarf_templates/sonora_cholla/logkzz4/316g/500K_316g_logkzz4_resample.dat
# %ECSV 1.0
# ---
# datatype:
# - {name: wav, unit: Angstrom, datatype: float64}
# - {name: flux_nu, unit: erg / (cm2 Hz s), datatype: float64}
# schema: astropy-2.0
wav flux_nu
[from data line 814]
43700.04800076804 9.152385014879087e-08
43750.04800076804 8.854616834495918e-08
43800.04800076804 6.745094310099092e-08
43850.04800076804 6.957025089582813e-08
43900.04800076804 5.385397404714911e-08
43950.04800076804 3.6241093758761076e-08
44000.04800076804 3.150209759758009e-08
44050.04800076804 7.92261624646327e-08
44100.04800076804 1.1111987653292536e-07
44150.04800076804 1.006975885979707e-07
44200.04800076804 9.124593706536185e-08
44250.04800076804 4.984976991792255e-08
44300.04800076804 3.503214830996357e-08
44350.04800076804 4.0142249498433004e-08
44400.04800076804 4.0982139572463476e-08
44450.04800076804 6.650453297497927e-08
44500.04800076804 5.502221226791205e-08
44550.04800076804 8.103204247148425e-08
44600.04800076804 5.747699411230181e-08
44650.04800076804 6.651873628850036e-08
44700.04800076804 4.373367826744757e-08
44750.04800076804 5.996948062345053e-08
44800.04800076804 4.02143515676689e-08
44850.04800076804 5.828411413247584e-08
44900.04800076804 4.523016747436017e-08
44950.04800076804 4.428350767236561e-08
45000.04800076804 5.8321651793064464e-08
45050.04800076804 5.569027210987432e-08
45100.04800076804 5.336748796268227e-08
45150.04800076804 4.00239029071304e-08
45200.04800076804 2.3926064008782394e-08
45250.04800076804 2.7319686286200176e-08
45300.04800076804 3.632147158770802e-08
45350.04800076804 3.0380266215819214e-08
45400.04800076804 4.319743903742016e-08
45450.04800076804 3.6574127580572255e-08
45500.04800076804 4.2387632205470953e-08
45550.04800076804 4.8944339636919275e-08
45600.04800076804 3.733498135913012e-08
45650.04800076804 3.459779765919699e-08
45700.04800076804 3.2836697682982753e-08
45750.04800076804 2.2579546116711206e-08
45800.04800076804 3.3082203751373625e-08
45850.04800076804 4.001070204736163e-08
45900.04800076804 4.963059833034914e-08
45950.04800076804 2.9468763368306364e-08
46000.04800076804 4.673612063862528e-08
46050.04800076804 4.367944474250586e-08
46100.04800076804 3.5870693279065806e-08
46150.04800076804 3.7396241101274614e-08
46200.04800076804 2.6900236864711496e-08
46250.04800076804 1.319604180489042e-08
46300.04800076804 4.5396109179788537e-08
46350.04800076804 3.301191560178917e-08
46400.04800076804 4.31722278619967e-08
46450.04800076804 4.701885571727279e-08
46500.04800076804 3.931290157160292e-08
46550.04800076804 2.6555748171102305e-08
46600.04800076804 3.359082818953357e-08
46650.04800076804 7.196413825431782e-08
46700.04800076804 4.2946461048492766e-08
46750.04800076804 1.9943887258644297e-08
46800.04800076804 1.2010990698987956e-08
46850.04800076804 5.1469240439932925e-08
46900.04800076804 4.781524548979718e-08
46950.04800076804 6.052730576747146e-08
47000.04800076804 3.534117832747807e-08
47050.04800076804 4.4457565593763357e-08
47100.04800076804 1.761531453705304e-08
47150.04800076804 3.436309750437882e-08
47200.04800076804 4.501796685266497e-08
47250.04800076804 2.3040432657890168e-08
47300.04800076804 1.9674547813800665e-08
47350.04800076804 3.3975550745876595e-08
47400.04800076804 5.9108638049380354e-08
47450.04800076804 2.7252953232797682e-08
47500.04800076804 7.055435870954558e-08
47550.04800076804 3.698053991317037e-08
47600.04800076804 5.150801137886261e-08
47650.04800076804 2.7436774868352118e-08
47700.04800076804 4.690372510843855e-08
47750.04800076804 2.1341744300718664e-08
47800.04800076804 2.5359071054077285e-08
47850.04800076804 1.05147886937377e-08
47900.04800076804 1.8261988768072487e-08
47950.04800076804 3.684350260719684e-08
48000.04800076804 6.5044233515518e-08
48050.04800076804 4.136134927791419e-08
48100.04800076804 2.4211042854248762e-08
48150.04800076804 3.212765265142244e-08
48200.04800076804 3.2446234298418396e-08
48250.04800076804 3.2439109439508464e-08
48300.04800076804 6.718533240149858e-08
48350.04800076804 2.7214696889095933e-08
48400.04800076804 9.171868039331449e-09
48450.04800076804 1.718930279681843e-08
48500.04800076804 3.535953947172031e-08
48550.04800076804 2.8804010720623415e-08
48600.04800076804 5.747431528928084e-08
48650.04800076804 5.1491030371819774e-08
48700.04800076804 5.070291744104346e-08
48750.04800076804 3.2619584247727e-08
48800.04800076804 5.778455418440345e-08
48850.04800076804 3.057744145606024e-08
48900.04800076804 3.511502432818566e-08
48950.04800076804 2.042396078667592e-08
49000.04800076804 1.2632477495656036e-08
49050.04800076804 3.797271314161355e-08
49100.04800076804 4.423573279446517e-08
49150.04800076804 4.1617963614547365e-08
49200.04800076804 5.497558075583372e-08
49250.04800076804 6.640758719433812e-08
49300.04800076804 4.9849374826910236e-08
49350.04800076804 1.890567097785556e-08
49400.04800076804 2.858868838830162e-08
49450.04800076804 2.6904728008493687e-08
49500.04800076804 2.2485941904478968e-08
49550.04800076804 3.822242836621126e-09
49600.04800076804 1.195794049442179e-08
49650.04800076804 3.082687291813265e-08
49700.04800076804 3.8307898102074685e-08
49750.04800076804 3.642555118364474e-08
49800.04800076804 2.1060111344700657e-08
49850.04800076804 5.025881203908642e-08
49900.04800076804 4.866090877327052e-08
49950.04800076804 4.437243346040595e-08
50000.04800076804 3.217540594294712e-08
50050.04800076804 3.8487468270242026e-08
50100.04800076804 3.1935140134701445e-08
50150.04800076804 1.247721849341841e-08
50200.04800076804 2.0894453424266675e-09
50250.04800076804 1.3000045658332866e-08
50300.04800076804 9.235583877964328e-09
50350.04800076804 3.606851159970394e-08
50400.04800076804 4.365779974719443e-08
50450.04800076804 3.1971086597175655e-08
50500.04800076804 4.982290365900368e-08
50550.04800076804 5.246907866393592e-08
50600.04800076804 3.395018695836408e-08
50650.04800076804 5.1844975537968724e-08
50700.04800076804 5.348657393362229e-08
50750.04800076804 3.068850342177393e-08
50800.04800076804 9.035132646943756e-09
50850.04800076804 4.1166046961897905e-09
50900.04800076804 3.066699382481678e-08
50950.04800076804 3.353783509577513e-08
51000.04800076804 2.249250920624806e-08
51050.04800076804 3.6370247846895844e-08
51100.04800076804 1.0445497166215325e-08
51150.04800076804 1.2545132347425145e-08
51200.04800076804 4.7319405232978684e-08
51250.04800076804 3.144347418694182e-08
51300.04800076804 2.209632369642763e-08
51350.04800076804 2.0202288132174006e-08
51400.04800076804 5.348873870482904e-09
51450.04800076804 4.535913481672427e-09
51500.04800076804 4.063720378116804e-09
51550.04800076804 1.6249430722810325e-08
51600.04800076804 1.7449319230586895e-08
51650.04800076804 2.7377559206748054e-08
51700.04800076804 2.404080596729448e-08
51750.04800076804 1.457103208821848e-08
51800.04800076804 3.5538778421323135e-08
51850.04800076804 2.8447003820513885e-08
51900.04800076804 2.9220216610451463e-08
51950.04800076804 1.4063826503828798e-08
52000.04800076804 1.3345914478467867e-09
52050.04800076804 7.175526307941138e-09
52100.04800076804 4.009179936806355e-09
52150.04800076804 2.0692791606196523e-09
52200.04800076804 7.762255495258275e-09
52250.04800076804 1.623424140675134e-08
52300.04800076804 1.947699776072146e-08
52350.04800076804 4.5479387912037506e-09
52400.04800076804 5.283662816986367e-09
52450.04800076804 2.3392500531932332e-08
52500.04800076804 1.837795428696749e-08
52550.04800076804 2.255457748162944e-08
52600.04800076804 1.883813317330512e-08
52650.04800076804 2.0228439915291476e-08
52700.04800076804 1.3314870463241816e-08
52750.04800076804 4.614116359320575e-09
52800.04800076804 8.41434094303872e-09
52850.04800076804 1.078974904183708e-08
52900.04800076804 3.5592814904336407e-09
52950.04800076804 6.662015351785273e-09
53000.04800076804 1.7134322253745223e-08
53050.04800076804 4.842661907564728e-09
53100.04800076804 2.3787505070061978e-08
53150.04800076804 2.717820446226291e-08
53200.04800076804 9.964197863354222e-09
53250.04800076804 2.3720778629387017e-08
53300.04800076804 2.3866808468560584e-08
53350.04800076804 2.243855299414682e-08
53400.04800076804 1.2513168281511646e-08
53450.04800076804 2.8961568452532607e-09
53500.04800076804 5.543258259690833e-10
53550.04800076804 1.3568310882345516e-09
53600.04800076804 7.262961217433929e-09
53650.04800076804 1.0342226023662395e-08
53700.04800076804 8.271609767326368e-09
53750.04800076804 7.220732306482103e-09
53800.04800076804 6.584779660273132e-09
53850.04800076804 1.2073741134868551e-08
53900.04800076804 2.087789361872128e-08
53950.04800076804 1.792924179074692e-08
54000.04800076804 1.17122280415637e-08
54050.04800076804 1.2334063358287014e-08
54100.04800076804 2.225005161059783e-09
54150.04800076804 2.999510687603966e-09
54200.04800076804 4.2203082277776273e-10
54250.04800076804 1.292514313915885e-09
54300.04800076804 4.639870807630467e-09
54350.04800076804 7.632625176014074e-09
54400.04800076804 5.499673907023853e-09
54450.04800076804 5.03366558913581e-09
54500.04800076804 5.106578803719943e-09
54550.04800076804 5.1354549857591325e-09
54600.04800076804 3.7100553545779265e-09
54650.04800076804 3.2730185248716617e-10
54700.04800076804 3.7670879274933484e-09
54750.04800076804 3.945009964543401e-09
54800.04800076804 1.9964391286468047e-09
54850.04800076804 3.743688689894194e-09
54900.04800076804 7.266896989331807e-09
54950.04800076804 1.32394653536333e-08
55000.04800076804 4.131521385492608e-09
55050.04800076804 5.316419255006085e-09
55100.04800076804 8.501501847897348e-09
55150.04800076804 3.487916128765159e-09
55200.04800076804 2.1392629921963273e-09
55250.04800076804 3.78000189342851e-09
55300.04800076804 2.7189744950990843e-09
55350.04800076804 5.322504377672436e-09
55400.04800076804 5.605752715415743e-09
55450.04800076804 3.805572528953475e-09
55500.04800076804 1.359172047706237e-09
55550.04800076804 9.037937874651605e-10
55600.04800076804 2.356156700064015e-09
55650.04800076804 2.2551016662857676e-09
55700.04800076804 2.0898591997939764e-09
55750.04800076804 1.3960526068631568e-09
55800.04800076804 4.758511600126138e-10
55850.04800076804 1.2336084822327219e-09
55900.04800076804 3.6618540143571602e-09
55950.04800076804 6.184832955193546e-09
56000.04800076804 2.143185788965878e-09
56050.04800076804 2.285620535034734e-09
56100.04800076804 3.838250500464319e-09
56150.04800076804 1.1586088455209742e-09
56200.04800076804 2.1762331941071883e-09
56250.04800076804 4.9916725052919425e-09
56300.04800076804 2.5500991514031616e-09
56350.04800076804 1.1130765189158328e-09
56400.04800076804 2.6226346235168946e-10
56450.04800076804 2.7553742646539597e-10
56500.04800076804 1.9684872642823768e-09
56550.04800076804 7.372642809881819e-10
56600.04800076804 3.2832123320728548e-09
56650.04800076804 4.00269171633713e-09
56700.04800076804 2.2778465228849232e-09
56750.04800076804 6.831823875194047e-10
56800.04800076804 1.3554885016694523e-09
56850.04800076804 2.4714638517111634e-09
56900.04800076804 1.1361885500399602e-09
56950.04800076804 3.1235584274841986e-09
57000.04800076804 4.314012516317342e-09
57050.04800076804 1.8709910038367154e-09
57100.04800076804 3.9974342925878805e-10
57150.04800076804 8.468647528705558e-10
57200.04800076804 5.587321269868148e-10
57250.04800076804 9.986878627204467e-10
57300.04800076804 1.6758418888110743e-09
57350.04800076804 7.542902071903613e-10
57400.04800076804 2.5266044940022248e-09
57450.04800076804 8.146932582775609e-10
57500.04800076804 7.749802126542296e-10
57550.04800076804 1.2979794872879375e-09
57600.04800076804 9.43565002479174e-10
57650.04800076804 1.5290587303616556e-10
57700.04800076804 4.707919547510392e-10
57750.04800076804 1.4573272093488082e-09
57800.04800076804 4.918339736495276e-10
57850.04800076804 4.115860345818324e-09
57900.04800076804 5.6532108970172335e-09
57950.04800076804 6.199886663222215e-09
58000.04800076804 1.2089840397511939e-09
58050.04800076804 2.9484795846271395e-09
58100.04800076804 2.071000165670847e-09
58150.04800076804 1.239681397508952e-09
58200.04800076804 1.3359846496570974e-10
58250.04800076804 4.4613948968924466e-10
58300.04800076804 4.700136816640641e-10
58350.04800076804 7.290810008997378e-10
58400.04800076804 2.3604964645572658e-09
58450.04800076804 2.941180453549082e-09
58500.04800076804 3.215915520866648e-09
58550.04800076804 1.7242155130626376e-09
58600.04800076804 4.479762195491559e-10
58650.04800076804 8.349642263986438e-10
58700.04800076804 1.3294319065151417e-09
58750.04800076804 9.598496090759562e-10
58800.04800076804 3.977941461331982e-11
58850.04800076804 4.4161472465336086e-10
58900.04800076804 6.271710892657518e-10
58950.04800076804 2.4404166552599556e-10
59000.04800076804 8.424913562544806e-10
59050.04800076804 1.6428711541200498e-09
59100.04800076804 1.2389449559451617e-09
59150.04800076804 1.0407867064743713e-09
59200.04800076804 1.8898281356278553e-09
59250.04800076804 1.936709005598902e-09
59300.04800076804 1.220065708308175e-09
59350.04800076804 7.730356093956394e-11
59400.04800076804 1.6850807198550515e-10
59450.04800076804 1.4883000849094357e-09
59500.04800076804 9.941168419746605e-10
59550.04800076804 1.8478668617192523e-09
59600.04800076804 2.3799858753028653e-09
59650.04800076804 8.649186204953056e-10
59700.04800076804 5.230906542784889e-10
59750.04800076804 2.6395211350084387e-09
59800.04800076804 1.0160495694303002e-09
59850.04800076804 1.1251968334385819e-09
59900.04800076804 2.5586754478692917e-10
59950.04800076804 1.133463039650666e-09
60000.04800076804 3.0163260781372947e-09
60050.04800076804 4.23310034084576e-09
60100.04800076804 1.945352796159001e-09
60150.04800076804 5.359819145242155e-10
60200.04800076804 1.679388936052459e-09
60250.04800076804 4.153306379520585e-09
60300.04800076804 3.6620901426326648e-09
60350.04800076804 2.036250110056557e-09
60400.04800076804 1.3528517727822217e-09
60450.04800076804 1.609291810763439e-10
60500.04800076804 2.042430283163852e-11
60550.04800076804 8.478197174347856e-10
60600.04800076804 1.7867444831237316e-09
60650.04800076804 8.509695316590346e-10
60700.04800076804 4.847124010210521e-10
60750.04800076804 1.4783854622788185e-10
60800.04800076804 1.6144358736758623e-09
60850.04800076804 3.6207535618111145e-09
60900.04800076804 3.178147606981955e-09
60950.04800076804 1.9344829711474103e-09
61000.04800076804 2.8839355546969992e-09
61050.04800076804 6.193192308520701e-10
61100.04800076804 5.522454206917539e-10
61150.04800076804 9.817121081368888e-11
61200.04800076804 1.439354946717755e-09
61250.04800076804 2.394046159753695e-09
61300.04800076804 1.5467243760631973e-09
61350.04800076804 3.907898596770099e-09
61400.04800076804 8.736406536542624e-10
61450.04800076804 2.10817834822489e-10
61500.04800076804 1.516783176047326e-10
61550.04800076804 1.1175375014107971e-09
61600.04800076804 2.857109468401324e-10
61650.04800076804 7.82717454336692e-10
61700.04800076804 1.4076070467061225e-09
61750.04800076804 1.5360646899988978e-09
61800.04800076804 9.074074647476933e-10
61850.04800076804 1.3485853626947026e-10
61900.04800076804 1.977217175579393e-09
61950.04800076804 2.881614097076909e-09
62000.04800076804 2.660850254418225e-09
62050.04800076804 5.889657215295516e-09
62100.04800076804 1.37837319364017e-09
62150.04800076804 3.7487742316280806e-09
62200.04800076804 3.540411481936747e-09
62250.04800076804 2.199845289401548e-09
62300.04800076804 7.809115575491597e-09
62350.04800076804 6.333575671231917e-09
62400.04800076804 3.1248181966718858e-09
62450.04800076804 3.360645372526345e-09
62500.04800076804 7.67056251344012e-09
62550.04800076804 1.2376706958436492e-08
62600.04800076804 5.444954399056132e-09
62650.04800076804 4.010419345013222e-09
62700.04800076804 2.2531508603558832e-09
62750.04800076804 5.779070619520778e-09
62800.04800076804 3.210991873425594e-09
62850.04800076804 4.170738671937694e-09
62900.04800076804 5.351048005761936e-09
62950.04800076804 1.194244906737904e-08
63000.04800076804 4.269187723983485e-09
63050.04800076804 1.832537209611201e-08
63100.04800076804 1.5606391124259267e-08
63150.04800076804 1.0798060046514926e-08
63200.04800076804 7.066572263630873e-09
63250.04800076804 8.17218355486442e-09
63300.04800076804 2.8707152321347028e-09
63350.04800076804 2.6489252616506284e-09
63400.04800076804 7.733095496532867e-10
