galfind/configs/Brown_Dwarf_templates/sonora_cholla/logkzz4/316g/500K_316g_logkzz4_resample.dat
# %ECSV 1.0
# ---
# datatype:
# - {name: wav, unit: Angstrom, datatype: float64}
# - {name: flux_nu, unit: erg / (cm2 Hz s), datatype: float64}
# schema: astropy-2.0
wav flux_nu
3000.0480007680403 nan
3050.0480007680403 0.0
3100.0480007680403 0.0
3150.0480007680403 0.0
3200.0480007680403 0.0
3250.0480007680403 0.0
3300.0480007680403 0.0
3350.0480007680403 0.0
3400.0480007680403 0.0
3450.0480007680403 0.0
3500.0480007680403 0.0
3550.0480007680403 0.0
3600.0480007680403 0.0
3650.0480007680403 0.0
3700.0480007680403 0.0
3750.0480007680403 0.0
3800.0480007680403 0.0
3850.0480007680403 0.0
3900.0480007680403 0.0
3950.0480007680403 0.0
4000.0480007680403 0.0
4050.0480007680403 0.0
4100.04800076804 0.0
4150.04800076804 0.0
4200.04800076804 0.0
4250.04800076804 0.0
4300.04800076804 0.0
4350.04800076804 0.0
4400.04800076804 0.0
4450.04800076804 0.0
4500.04800076804 0.0
4550.04800076804 0.0
4600.04800076804 0.0
4650.04800076804 0.0
4700.04800076804 0.0
4750.04800076804 0.0
4800.04800076804 0.0
4850.04800076804 0.0
4900.04800076804 0.0
4950.04800076804 0.0
5000.04800076804 6.772689474542884e-12
5050.04800076804 1.8440811828024265e-11
5100.04800076804 2.189316378405702e-11
5150.04800076804 2.6118941554005985e-11
5200.04800076804 3.097015547762717e-11
5250.04800076804 3.616840533360327e-11
5300.04800076804 4.1827152928359364e-11
5350.04800076804 4.805992262181871e-11
5400.04800076804 5.422437112263864e-11
5450.04800076804 6.131686736467529e-11
5500.04800076804 6.919086908160424e-11
5550.04800076804 7.756768323562517e-11
5600.04800076804 8.559427913698137e-11
5650.04800076804 9.217960257588354e-11
5700.04800076804 9.346408206692299e-11
5750.04800076804 9.380962377666445e-11
5800.04800076804 8.371828880633996e-11
5850.04800076804 5.875532179157473e-11
5900.04800076804 1.0811393861040324e-11
5950.04800076804 2.184706367509173e-11
6000.04800076804 1.0153124401912888e-10
6050.04800076804 1.8242914270552653e-10
6100.04800076804 2.6300488919745597e-10
6150.04800076804 3.372047535023376e-10
6200.04800076804 4.0714531393079244e-10
6250.04800076804 4.675364874027562e-10
6300.04800076804 5.395953633677126e-10
6350.04800076804 6.138306199652423e-10
6400.04800076804 6.830824157848277e-10
6450.04800076804 6.821627980942543e-10
6500.04800076804 7.479993489472328e-10
6550.04800076804 8.53401028758134e-10
6600.04800076804 9.541668630609334e-10
6650.04800076804 1.0916458980820403e-09
6700.04800076804 1.2578575513116538e-09
6750.04800076804 1.4057656507445383e-09
6800.04800076804 1.5449896037195425e-09
6850.04800076804 1.6937570904260574e-09
6900.04800076804 1.5852670575731414e-09
6950.04800076804 1.4286680424937195e-09
7000.04800076804 1.7308356182805447e-09
7050.04800076804 1.6965281822867562e-09
7100.04800076804 1.7878520734204482e-09
7150.04800076804 1.1732791252475527e-09
7200.04800076804 7.820680915670779e-10
7250.04800076804 9.952587056676998e-10
7300.04800076804 1.0021272341694488e-09
7350.04800076804 1.2547057514270925e-09
7400.04800076804 1.5923400011545863e-09
7450.04800076804 2.1263215594626214e-09
7500.04800076804 2.514591351983812e-09
7550.04800076804 2.916414064445649e-09
7600.04800076804 3.271719527263688e-09
7650.04800076804 3.4521167745596827e-09
7700.04800076804 2.0868705039849898e-09
7750.04800076804 6.149224597070111e-10
7800.04800076804 3.2518358893211787e-09
7850.04800076804 3.4839314527795556e-09
7900.04800076804 3.75484623444948e-09
7950.04800076804 4.119576063306462e-09
8000.04800076804 4.112421072912363e-09
8050.04800076804 4.0411450506201674e-09
8100.04800076804 2.0671738017104846e-09
8150.04800076804 1.317665697400407e-09
8200.04800076804 2.6547818231630295e-09
8250.04800076804 2.449654029348492e-09
8300.04800076804 2.559984173477167e-09
8350.04800076804 2.3801600037477297e-09
8400.04800076804 2.4831002101217214e-09
8450.04800076804 3.186203597742789e-09
8500.04800076804 3.755864629375581e-09
8550.04800076804 4.553432932053064e-09
8600.04800076804 5.542692228075719e-09
8650.04800076804 6.10398271926313e-09
8700.04800076804 5.9030986261683856e-09
8750.04800076804 6.21159711321804e-09
8800.04800076804 5.596758739683001e-09
8850.04800076804 3.4440815836800335e-09
8900.04800076804 4.773209151075449e-10
8950.04800076804 2.7789772972907877e-10
9000.04800076804 2.6661174508426385e-10
9050.04800076804 1.2107297284833547e-09
9100.04800076804 1.3316664949762057e-09
9150.04800076804 1.1559426636828652e-09
9200.04800076804 1.8267490609015608e-09
9250.04800076804 1.074989958061494e-09
9300.04800076804 1.0858445694891348e-11
9350.04800076804 2.012684729037408e-11
9400.04800076804 1.3087772232979162e-10
9450.04800076804 9.747380116479902e-11
9500.04800076804 6.85611536767303e-11
9550.04800076804 6.847661236838676e-11
9600.04800076804 7.64815525832088e-11
9650.04800076804 1.5247148627215112e-10
9700.04800076804 4.382023928428211e-10
9750.04800076804 3.9730481108872994e-10
9800.04800076804 5.278014235296703e-10
9850.04800076804 6.866675493385959e-10
9900.04800076804 1.0743138604438753e-09
9950.04800076804 1.116362900792942e-09
10000.04800076804 1.6099145108446113e-09
10050.04800076804 1.5917974948404742e-09
10100.04800076804 1.9613081090399996e-09
10150.04800076804 1.9509545465488155e-09
10200.04800076804 1.9012395612894464e-09
10250.04800076804 2.2914888358920194e-09
10300.04800076804 2.825777574715083e-09
10350.04800076804 2.592846342845554e-09
10400.04800076804 3.4865055183203594e-09
10450.04800076804 4.023624896864729e-09
10500.04800076804 4.408576037683002e-09
10550.04800076804 4.814938632705953e-09
10600.04800076804 4.753376542791239e-09
10650.04800076804 4.5649334755906654e-09
10700.04800076804 4.053055047494799e-09
10750.04800076804 3.8488421298393134e-09
10800.04800076804 3.4114957356556864e-09
10850.04800076804 2.9031210920959416e-09
10900.04800076804 2.090140666066554e-09
10950.04800076804 9.369964504741425e-10
11000.04800076804 4.528379882001714e-10
11050.04800076804 1.859649519852392e-10
11100.04800076804 7.520954351110747e-11
11150.04800076804 2.429316324798106e-11
11200.04800076804 1.5795627031308326e-11
11250.04800076804 2.053098085997321e-11
11300.04800076804 3.654608018211378e-11
11350.04800076804 8.894286796309948e-12
11400.04800076804 6.017969900891476e-11
11450.04800076804 2.9329730248671317e-11
11500.04800076804 2.8411999748930767e-11
11550.04800076804 6.163003044947839e-12
11600.04800076804 2.8006705449799204e-12
11650.04800076804 1.5583497832506633e-11
11700.04800076804 2.216225798221968e-11
11750.04800076804 6.109242500826419e-12
11800.04800076804 4.091436506160487e-11
11850.04800076804 6.947326370943799e-11
11900.04800076804 8.895126107734895e-11
11950.04800076804 1.7125554648821323e-10
12000.04800076804 3.0812366080820983e-10
12050.04800076804 5.187921688342693e-10
12100.04800076804 7.474094045893025e-10
12150.04800076804 1.0782789662387834e-09
12200.04800076804 1.3246322293744641e-09
12250.04800076804 1.8058448966359205e-09
12300.04800076804 2.5467137963150247e-09
12350.04800076804 2.8561210939175137e-09
12400.04800076804 3.933003216080872e-09
12450.04800076804 5.063420331408175e-09
12500.04800076804 5.8042845203764445e-09
12550.04800076804 6.643792447607737e-09
12600.04800076804 7.77207103522798e-09
12650.04800076804 8.476910405493535e-09
12700.04800076804 8.74272356628931e-09
12750.04800076804 7.043284798532655e-09
12800.04800076804 5.659133125217643e-09
12850.04800076804 3.758141848930397e-09
12900.04800076804 2.816108233034546e-09
12950.04800076804 2.1009736063690843e-09
13000.04800076804 2.413040943777335e-09
13050.04800076804 1.4968831361711838e-09
13100.04800076804 1.3903004776893718e-09
13150.04800076804 8.44275466955768e-10
13200.04800076804 8.977287169688893e-10
13250.04800076804 6.120154162712089e-10
13300.04800076804 1.8841894166247325e-10
13350.04800076804 6.159408457421504e-11
13400.04800076804 1.5429719063102205e-11
13450.04800076804 3.1911015583553305e-12
13500.04800076804 8.320590997081683e-13
13550.04800076804 1.8158875262791335e-13
13600.04800076804 2.8343806763105722e-14
13650.04800076804 3.376787684482446e-13
13700.04800076804 1.498319733452513e-13
13750.04800076804 7.177863647781156e-13
13800.04800076804 6.667322760376397e-13
13850.04800076804 2.041545811505479e-13
13900.04800076804 4.568312391270311e-13
13950.04800076804 3.854173771977403e-13
14000.04800076804 5.15971993329435e-13
14050.04800076804 9.552317115777782e-13
14100.04800076804 8.606640999656728e-13
14150.04800076804 2.400667501644212e-12
14200.04800076804 1.4543433168493267e-12
14250.04800076804 2.341840223409046e-12
14300.04800076804 1.0460522051206958e-11
14350.04800076804 7.774205084818071e-12
14400.04800076804 8.169891993622239e-12
14450.04800076804 1.7317528677773172e-11
14500.04800076804 4.409150757717742e-11
14550.04800076804 5.01559463908904e-11
14600.04800076804 1.1035926063781844e-10
14650.04800076804 7.019233407810983e-11
14700.04800076804 3.3598555163459974e-11
14750.04800076804 3.4527721830783694e-11
14800.04800076804 4.071849471212658e-11
14850.04800076804 4.412546517198075e-11
14900.04800076804 5.1600592525546864e-11
14950.04800076804 5.8163211641742586e-11
15000.04800076804 1.3594653863018097e-10
15050.04800076804 1.437535869010569e-10
15100.04800076804 1.0674465640311177e-10
15150.04800076804 7.385324119532982e-11
15200.04800076804 1.5498756603680166e-10
15250.04800076804 3.2445629972940683e-10
15300.04800076804 4.10516037508682e-10
15350.04800076804 5.480646083276415e-10
15400.04800076804 6.870731960178588e-10
15450.04800076804 8.733614297591309e-10
15500.04800076804 1.095158706152281e-09
15550.04800076804 1.6025709789329263e-09
15600.04800076804 2.178825240597057e-09
15650.04800076804 2.962685203677797e-09
15700.04800076804 4.07253705039032e-09
15750.04800076804 4.830827139026957e-09
15800.04800076804 5.46695577185131e-09
15850.04800076804 6.299055476008385e-09
15900.04800076804 5.909994660379145e-09
15950.04800076804 5.783500041935277e-09
16000.04800076804 4.475807833930209e-09
16050.04800076804 2.702105766726184e-09
16100.04800076804 1.524008872921137e-09
16150.04800076804 7.131175294663023e-10
16200.04800076804 3.1691152613028757e-10
16250.04800076804 1.9160679067529954e-10
16300.04800076804 1.1016407039073456e-10
16350.04800076804 1.4155545587705797e-10
16400.04800076804 1.791505611734902e-10
16450.04800076804 1.657225424585925e-10
16500.04800076804 1.449871456114474e-10
16550.04800076804 1.4641468609085045e-10
16600.04800076804 2.939758040672293e-10
16650.04800076804 2.002278304943328e-10
16700.04800076804 2.0808804079738445e-11
16750.04800076804 1.009482807900372e-10
16800.04800076804 1.5999625178851424e-10
16850.04800076804 1.6362866487369284e-10
16900.04800076804 6.59000339748811e-11
16950.04800076804 4.3788038395759824e-11
17000.04800076804 1.8992403102818258e-11
17050.04800076804 3.9666637026860966e-11
17100.04800076804 7.821778555131452e-11
17150.04800076804 3.693959985408484e-11
17200.04800076804 1.5996891884760854e-10
17250.04800076804 6.030905382493412e-11
17300.04800076804 3.535685227435571e-11
17350.04800076804 4.96706576405005e-11
17400.04800076804 9.215347607083185e-11
17450.04800076804 1.2152501682179183e-10
17500.04800076804 1.8020238563025332e-10
17550.04800076804 1.3836905914749392e-10
17600.04800076804 1.0405694177351982e-10
17650.04800076804 7.238602704535247e-11
17700.04800076804 6.366194850298951e-11
17750.04800076804 5.078711784450704e-11
17800.04800076804 1.0787493715208329e-10
17850.04800076804 5.0090038081065414e-11
17900.04800076804 3.584158049294469e-11
17950.04800076804 1.9984168627516506e-11
18000.04800076804 3.800445663227143e-11
18050.04800076804 2.2484095233883627e-11
18100.04800076804 2.3365354523911552e-11
18150.04800076804 1.8806391400693893e-11
18200.04800076804 1.0392598760889172e-11
18250.04800076804 5.114321667398727e-11
18300.04800076804 7.113518417475315e-12
18350.04800076804 5.483709021149129e-12
18400.04800076804 3.111790715745705e-12
18450.04800076804 2.73471381522477e-11
18500.04800076804 2.723823574437813e-11
18550.04800076804 1.1662462235480169e-11
18600.04800076804 1.915411857123835e-11
18650.04800076804 1.0761654103482306e-11
18700.04800076804 1.8406111712909504e-12
18750.04800076804 4.4700929813588166e-12
18800.04800076804 5.900615900179273e-11
18850.04800076804 4.6571465434210923e-11
18900.04800076804 4.664629168678538e-11
18950.04800076804 8.944865378625605e-11
19000.04800076804 1.5987934055764104e-11
19050.04800076804 8.089008817369755e-12
19100.04800076804 2.852121547030785e-11
19150.04800076804 1.103615602032888e-11
19200.04800076804 2.8883819375617555e-11
19250.04800076804 2.0086783784762096e-11
19300.04800076804 1.0519290546469238e-11
19350.04800076804 1.5018552092788563e-11
19400.04800076804 1.0998492946027378e-11
19450.04800076804 2.1486436133345895e-11
19500.04800076804 1.8692828168836394e-11
19550.04800076804 2.3304013782695155e-11
19600.04800076804 4.551787238066935e-11
19650.04800076804 4.269232409817549e-11
19700.04800076804 5.679889078708432e-11
19750.04800076804 8.598369914882281e-11
19800.04800076804 7.250979639286548e-11
19850.04800076804 9.180533152331955e-11
19900.04800076804 1.178732186443438e-10
19950.04800076804 1.542388980647758e-10
20000.04800076804 1.7111404286747606e-10
20050.04800076804 1.4651086154482165e-10
20100.04800076804 2.2838659378356676e-10
20150.04800076804 1.531883634818421e-10
20200.04800076804 1.2769747007094794e-10
20250.04800076804 2.066414125887976e-10
20300.04800076804 2.1436543983562816e-10
20350.04800076804 2.366608248439698e-10
20400.04800076804 1.9894933690759635e-10
20450.04800076804 3.0659666298097355e-10
20500.04800076804 3.1706881118160144e-10
20550.04800076804 3.298826108341327e-10
20600.04800076804 3.443316154161634e-10
20650.04800076804 3.589565887746059e-10
20700.04800076804 3.5742069304255575e-10
20750.04800076804 3.723874454085728e-10
20800.04800076804 3.4777656194857923e-10
20850.04800076804 3.656756428792797e-10
20900.04800076804 3.6449931864470955e-10
20950.04800076804 3.4669970287057523e-10
21000.04800076804 3.3513857621492665e-10
21050.04800076804 3.340513719764565e-10
21100.04800076804 3.220395233467587e-10
21150.04800076804 3.1814256320044107e-10
21200.04800076804 3.0261686537320614e-10
21250.04800076804 2.889821332425816e-10
21300.04800076804 2.6187279663857483e-10
21350.04800076804 2.5590913581714135e-10
21400.04800076804 2.572502550284358e-10
21450.04800076804 2.0990859583585337e-10
21500.04800076804 2.0731043994690038e-10
21550.04800076804 2.0161485991658652e-10
21600.04800076804 1.8033726464003474e-10
21650.04800076804 1.502156209185256e-10
21700.04800076804 1.474536254199529e-10
21750.04800076804 1.597910525008878e-10
21800.04800076804 1.320165721532246e-10
21850.04800076804 1.193473336937679e-10
21900.04800076804 9.904243212323097e-11
21950.04800076804 3.556046597760603e-11
22000.04800076804 4.126421289581258e-12
22050.04800076804 8.649452261513798e-12
22100.04800076804 3.9472997296065414e-11
22150.04800076804 2.7764504428559964e-11
22200.04800076804 2.1081353103369584e-11
22250.04800076804 2.0365220638232098e-11
22300.04800076804 8.9686257670315e-12
22350.04800076804 1.2424713524183339e-11
22400.04800076804 4.702849520847957e-12
22450.04800076804 5.917711299331514e-12
22500.04800076804 5.834905995106051e-12
22550.04800076804 2.7411373264150235e-12
22600.04800076804 3.0073189577788723e-12
22650.04800076804 6.980394531545135e-12
22700.04800076804 4.0000090255168185e-12
22750.04800076804 3.165107053657452e-12
22800.04800076804 5.8170975109282705e-12
22850.04800076804 4.834561372707442e-12
22900.04800076804 2.169370813702415e-12
22950.04800076804 1.2611537667204282e-12
23000.04800076804 2.8010200588369164e-12
23050.04800076804 2.904635581388106e-12
23100.04800076804 2.484200571229688e-11
23150.04800076804 2.5821749382567104e-11
23200.04800076804 6.36322439484456e-13
23250.04800076804 2.8703097210500696e-12
23300.04800076804 3.957916151603402e-12
23350.04800076804 3.2641422358548173e-12
23400.04800076804 4.120519196143693e-12
23450.04800076804 1.4757897337429535e-12
23500.04800076804 1.8130207812112947e-12
23550.04800076804 4.168008605187702e-12
23600.04800076804 9.238827209762536e-12
23650.04800076804 1.0645248741345034e-11
23700.04800076804 1.6377304262568722e-12
23750.04800076804 2.123559143620918e-12
