galfind/configs/Brown_Dwarf_templates/sonora_cholla/logkzz4/316g/550K_316g_logkzz4_resample.dat
# %ECSV 1.0
# ---
# datatype:
# - {name: wav, unit: Angstrom, datatype: float64}
# - {name: flux_nu, unit: erg / (cm2 Hz s), datatype: float64}
# schema: astropy-2.0
wav flux_nu
3000.0480007680403 nan
3050.0480007680403 0.0
3100.0480007680403 0.0
3150.0480007680403 0.0
3200.0480007680403 0.0
3250.0480007680403 0.0
3300.0480007680403 0.0
3350.0480007680403 0.0
3400.0480007680403 0.0
3450.0480007680403 0.0
3500.0480007680403 0.0
3550.0480007680403 0.0
3600.0480007680403 0.0
3650.0480007680403 0.0
3700.0480007680403 0.0
3750.0480007680403 0.0
3800.0480007680403 0.0
3850.0480007680403 0.0
3900.0480007680403 0.0
3950.0480007680403 0.0
4000.0480007680403 0.0
4050.0480007680403 0.0
4100.04800076804 0.0
4150.04800076804 0.0
4200.04800076804 0.0
4250.04800076804 0.0
4300.04800076804 0.0
4350.04800076804 0.0
4400.04800076804 0.0
4450.04800076804 0.0
4500.04800076804 0.0
4550.04800076804 0.0
4600.04800076804 0.0
4650.04800076804 0.0
4700.04800076804 0.0
4750.04800076804 0.0
4800.04800076804 0.0
4850.04800076804 0.0
4900.04800076804 0.0
4950.04800076804 0.0
5000.04800076804 8.32395219269125e-12
5050.04800076804 2.2624494252640167e-11
5100.04800076804 2.667757203893884e-11
5150.04800076804 3.158280106695666e-11
5200.04800076804 3.723093524064965e-11
5250.04800076804 4.325820666060517e-11
5300.04800076804 4.980223023252098e-11
5350.04800076804 5.69713132693403e-11
5400.04800076804 6.408822257545531e-11
5450.04800076804 7.21371812252049e-11
5500.04800076804 8.091957846730219e-11
5550.04800076804 9.025857672030148e-11
5600.04800076804 9.915364355827964e-11
5650.04800076804 1.0649541303147698e-10
5700.04800076804 1.0853216485570884e-10
5750.04800076804 1.0955798397345406e-10
5800.04800076804 1.0079283643661554e-10
5850.04800076804 7.822731694673035e-11
5900.04800076804 1.978541720339988e-11
5950.04800076804 3.6366719893043976e-11
6000.04800076804 1.296093483280385e-10
6050.04800076804 2.130992322119331e-10
6100.04800076804 2.982768888708044e-10
6150.04800076804 3.792779624933734e-10
6200.04800076804 4.5723316401169543e-10
6250.04800076804 5.266745265462045e-10
6300.04800076804 6.080299077377665e-10
6350.04800076804 6.922386597621685e-10
6400.04800076804 7.713554063209332e-10
6450.04800076804 7.830120360158364e-10
6500.04800076804 8.616066088830973e-10
6550.04800076804 9.794055427421914e-10
6600.04800076804 1.093037828098055e-09
6650.04800076804 1.2414102499986724e-09
6700.04800076804 1.4213205563247822e-09
6750.04800076804 1.5850976668453569e-09
6800.04800076804 1.743709021001965e-09
6850.04800076804 1.9154090387237753e-09
6900.04800076804 1.8374094604271265e-09
6950.04800076804 1.7225109728830996e-09
7000.04800076804 2.0440798168586607e-09
7050.04800076804 2.038217655921089e-09
7100.04800076804 2.1561589168078143e-09
7150.04800076804 1.536504416983568e-09
7200.04800076804 1.1816249452701095e-09
7250.04800076804 1.4593673059149412e-09
7300.04800076804 1.487142414850238e-09
7350.04800076804 1.7951871290244279e-09
7400.04800076804 2.180079851917037e-09
7450.04800076804 2.7655362627694282e-09
7500.04800076804 3.195209005912767e-09
7550.04800076804 3.6576206466647596e-09
7600.04800076804 4.096230414902356e-09
7650.04800076804 4.354148515890543e-09
7700.04800076804 2.7773452360962493e-09
7750.04800076804 1.0711060245258686e-09
7800.04800076804 4.3994380253800205e-09
7850.04800076804 4.88803919353793e-09
7900.04800076804 5.366063015948357e-09
7950.04800076804 5.878619637289137e-09
8000.04800076804 5.91033598491843e-09
8050.04800076804 5.8393274942907866e-09
8100.04800076804 3.439685844627003e-09
8150.04800076804 2.5394493123509697e-09
8200.04800076804 4.368122019311695e-09
8250.04800076804 4.042157180583253e-09
8300.04800076804 4.33316796982229e-09
8350.04800076804 4.121843133269609e-09
8400.04800076804 4.291480740693942e-09
8450.04800076804 5.291271947158956e-09
8500.04800076804 6.1164045882186674e-09
8550.04800076804 7.1878396472458796e-09
8600.04800076804 8.445039494367158e-09
8650.04800076804 9.155163197907897e-09
8700.04800076804 8.986554749706805e-09
8750.04800076804 9.469939388220477e-09
8800.04800076804 8.84521732179355e-09
8850.04800076804 6.081060801184259e-09
8900.04800076804 1.2846230305732954e-09
8950.04800076804 9.182812504118446e-10
9000.04800076804 8.374541435143178e-10
9050.04800076804 2.928875897070352e-09
9100.04800076804 3.215282090461585e-09
9150.04800076804 2.799320692604395e-09
9200.04800076804 4.019575312863571e-09
9250.04800076804 2.5475665249001604e-09
9300.04800076804 5.1511060088028034e-11
9350.04800076804 9.174599927203678e-11
9400.04800076804 4.397507901205357e-10
9450.04800076804 3.702754692726416e-10
9500.04800076804 2.665114000467062e-10
9550.04800076804 2.7419837122255834e-10
9600.04800076804 2.792644649665363e-10
9650.04800076804 4.946384557666704e-10
9700.04800076804 1.1593146099882347e-09
9750.04800076804 1.0919698623934507e-09
9800.04800076804 1.4053236216852881e-09
9850.04800076804 1.7726193396893101e-09
9900.04800076804 2.6474222224057877e-09
9950.04800076804 2.764559477526759e-09
10000.04800076804 3.868245714480032e-09
10050.04800076804 4.005076702131683e-09
10100.04800076804 5.026150688822179e-09
10150.04800076804 5.4214205599975475e-09
10200.04800076804 5.841613046458958e-09
10250.04800076804 6.900069794481181e-09
10300.04800076804 8.22785129890294e-09
10350.04800076804 8.30594164140499e-09
10400.04800076804 1.0382757319141828e-08
10450.04800076804 1.1578931386606571e-08
10500.04800076804 1.2410536705727287e-08
10550.04800076804 1.326097766251047e-08
10600.04800076804 1.3020004685520617e-08
10650.04800076804 1.2665846767296936e-08
10700.04800076804 1.1510897216284541e-08
10750.04800076804 1.104970288177166e-08
10800.04800076804 9.904315341987926e-09
10850.04800076804 8.500446211520981e-09
10900.04800076804 5.948544599121182e-09
10950.04800076804 2.6031537130083014e-09
11000.04800076804 1.3235763094380792e-09
11050.04800076804 5.874769607371684e-10
11100.04800076804 2.6799146624316456e-10
11150.04800076804 9.890702989724222e-11
11200.04800076804 7.120170092002839e-11
11250.04800076804 9.555955092712042e-11
11300.04800076804 1.480410508072129e-10
11350.04800076804 4.070759027448359e-11
11400.04800076804 2.1576914851534187e-10
11450.04800076804 1.1652500090142997e-10
11500.04800076804 1.0824168305211141e-10
11550.04800076804 2.6432235108179263e-11
11600.04800076804 1.4961632861890644e-11
11650.04800076804 6.348365554552681e-11
11700.04800076804 8.608594071635549e-11
11750.04800076804 2.387280599430765e-11
11800.04800076804 1.4844342563629676e-10
11850.04800076804 2.6417300974598095e-10
11900.04800076804 3.4184155666947467e-10
11950.04800076804 6.324126920285137e-10
12000.04800076804 1.0940349241793925e-09
12050.04800076804 1.7794850332905253e-09
12100.04800076804 2.585809879850461e-09
12150.04800076804 3.656487866662364e-09
12200.04800076804 4.521978131159279e-09
12250.04800076804 5.989042543014044e-09
12300.04800076804 8.052156202701923e-09
12350.04800076804 8.761470378637086e-09
12400.04800076804 1.171520023942014e-08
12450.04800076804 1.4546864928593747e-08
12500.04800076804 1.638509133197378e-08
12550.04800076804 1.8443758939187967e-08
12600.04800076804 2.040929316520336e-08
12650.04800076804 2.1103115375620685e-08
12700.04800076804 2.119823660267724e-08
12750.04800076804 1.751862373422318e-08
12800.04800076804 1.4822780237328438e-08
12850.04800076804 1.0297974701115477e-08
12900.04800076804 7.874902818401825e-09
12950.04800076804 6.1350635929356696e-09
13000.04800076804 6.803732169687711e-09
13050.04800076804 4.475546608078946e-09
13100.04800076804 4.15841298544425e-09
13150.04800076804 2.6933576660270297e-09
13200.04800076804 2.7135533665026083e-09
13250.04800076804 1.8049952717904243e-09
13300.04800076804 6.024517282058042e-10
13350.04800076804 1.8430948719874467e-10
13400.04800076804 5.181064556993042e-11
13450.04800076804 1.3009207285762616e-11
13500.04800076804 3.9395956944190405e-12
13550.04800076804 1.1370031411675937e-12
13600.04800076804 2.1715150050382478e-13
13650.04800076804 2.201075205869252e-12
13700.04800076804 1.067470833407694e-12
13750.04800076804 3.905187639650489e-12
13800.04800076804 3.729323169706922e-12
13850.04800076804 1.354796900927907e-12
13900.04800076804 2.4719868495609194e-12
13950.04800076804 2.1659808614594384e-12
14000.04800076804 2.603280894312042e-12
14050.04800076804 4.9087734927715646e-12
14100.04800076804 4.316424641360366e-12
14150.04800076804 1.0383165803732868e-11
14200.04800076804 6.269904853607705e-12
14250.04800076804 9.466119981153394e-12
14300.04800076804 3.692447014740739e-11
14350.04800076804 2.861959828076758e-11
14400.04800076804 3.0701954964146456e-11
14450.04800076804 5.8103344139610545e-11
14500.04800076804 1.4252910631314107e-10
14550.04800076804 1.5748654340447058e-10
14600.04800076804 3.2029017594515703e-10
14650.04800076804 2.4007577650699306e-10
14700.04800076804 1.238697046397963e-10
14750.04800076804 1.5322428504243046e-10
14800.04800076804 1.8837561466223226e-10
14850.04800076804 1.950801994532317e-10
14900.04800076804 2.402433754824683e-10
14950.04800076804 2.9323978641432265e-10
15000.04800076804 5.670850377693138e-10
15050.04800076804 5.856146354611732e-10
15100.04800076804 5.404400273645965e-10
15150.04800076804 4.4265735693066483e-10
15200.04800076804 7.28601423082692e-10
15250.04800076804 1.3424114557582807e-09
15300.04800076804 1.6493263708766697e-09
15350.04800076804 2.2119042580400995e-09
15400.04800076804 2.7074979952978143e-09
15450.04800076804 3.2869094502341157e-09
15500.04800076804 3.89422005996664e-09
15550.04800076804 5.2391341761517886e-09
15600.04800076804 6.548950533088677e-09
15650.04800076804 8.05512580332109e-09
15700.04800076804 1.0340545837449708e-08
15750.04800076804 1.1744289361151402e-08
15800.04800076804 1.2741202876798914e-08
15850.04800076804 1.414112965784375e-08
15900.04800076804 1.2919903152453602e-08
15950.04800076804 1.2202236801685405e-08
16000.04800076804 9.336030661321946e-09
16050.04800076804 5.659640829615031e-09
16100.04800076804 3.354433015869286e-09
16150.04800076804 1.6708312688163577e-09
16200.04800076804 8.082933669780846e-10
16250.04800076804 5.443812290844947e-10
16300.04800076804 3.3409711916157615e-10
16350.04800076804 4.226959189175829e-10
16400.04800076804 5.277990462184437e-10
16450.04800076804 4.95584944764727e-10
16500.04800076804 4.6507896063891304e-10
16550.04800076804 4.649022855995682e-10
16600.04800076804 7.827762900531171e-10
16650.04800076804 5.580542802605881e-10
16700.04800076804 6.550032888298208e-11
16750.04800076804 2.827927107394468e-10
16800.04800076804 4.5695897122824777e-10
16850.04800076804 4.707140009720059e-10
16900.04800076804 2.190346309762587e-10
16950.04800076804 1.5084138232558897e-10
17000.04800076804 7.323297702758736e-11
17050.04800076804 1.415902588676554e-10
17100.04800076804 2.523312382822932e-10
17150.04800076804 1.265840062776524e-10
17200.04800076804 4.771151614085938e-10
17250.04800076804 2.1484410620764848e-10
17300.04800076804 1.2821771546752683e-10
17350.04800076804 1.673967424346639e-10
17400.04800076804 2.770385637102486e-10
17450.04800076804 3.641257903590171e-10
17500.04800076804 5.136572485127849e-10
17550.04800076804 3.995418639851834e-10
17600.04800076804 2.932587468291657e-10
17650.04800076804 2.2233574039426147e-10
17700.04800076804 1.8957501448243868e-10
17750.04800076804 1.5584180868505246e-10
17800.04800076804 3.0610858544806755e-10
17850.04800076804 1.526185928887056e-10
17900.04800076804 1.1664986052459808e-10
17950.04800076804 6.670702238838124e-11
18000.04800076804 1.1929559971108973e-10
18050.04800076804 7.834624803855412e-11
18100.04800076804 8.069901228215024e-11
18150.04800076804 7.524823885436293e-11
18200.04800076804 4.060872069080396e-11
18250.04800076804 1.7948178232086033e-10
18300.04800076804 3.2522127354232357e-11
18350.04800076804 2.5289193943264293e-11
18400.04800076804 1.5699290177845452e-11
18450.04800076804 1.0112709886538896e-10
18500.04800076804 1.0092553122630063e-10
18550.04800076804 4.90561030371047e-11
18600.04800076804 7.101581637070953e-11
18650.04800076804 4.031289365248932e-11
18700.04800076804 1.0255475516532672e-11
18750.04800076804 2.3811216507464543e-11
18800.04800076804 2.1423327461416502e-10
18850.04800076804 1.7426901118878757e-10
18900.04800076804 1.6306897046498156e-10
18950.04800076804 3.3093742495453966e-10
19000.04800076804 7.590161310787779e-11
19050.04800076804 4.016714551610583e-11
19100.04800076804 1.2612974049145425e-10
19150.04800076804 5.1613784583232923e-11
19200.04800076804 1.218886379631154e-10
19250.04800076804 8.423626697144113e-11
19300.04800076804 4.8197941039942167e-11
19350.04800076804 6.58344207095111e-11
19400.04800076804 4.742170370156551e-11
19450.04800076804 9.797718323774087e-11
19500.04800076804 8.363073793277997e-11
19550.04800076804 8.940429104147173e-11
19600.04800076804 1.616455987270368e-10
19650.04800076804 1.7082298132914074e-10
19700.04800076804 2.0256418231919335e-10
19750.04800076804 3.0827150911548307e-10
19800.04800076804 2.839226101577428e-10
19850.04800076804 3.715422318719485e-10
19900.04800076804 4.2056658882669345e-10
19950.04800076804 5.768333449703766e-10
20000.04800076804 6.128957752785904e-10
20050.04800076804 5.554909027656806e-10
20100.04800076804 8.292392204014589e-10
20150.04800076804 5.74801151077468e-10
20200.04800076804 5.306200062981783e-10
20250.04800076804 7.957429646215049e-10
20300.04800076804 7.991488756617337e-10
20350.04800076804 8.993668549260151e-10
20400.04800076804 7.645684308279849e-10
20450.04800076804 1.1149756762165441e-09
20500.04800076804 1.1482735158673984e-09
20550.04800076804 1.185872883700196e-09
20600.04800076804 1.2434309432624214e-09
20650.04800076804 1.283888955772237e-09
20700.04800076804 1.268036539280372e-09
20750.04800076804 1.3366852154278711e-09
20800.04800076804 1.2542833019767145e-09
20850.04800076804 1.3164528556179185e-09
20900.04800076804 1.3160940766862451e-09
20950.04800076804 1.2520546821259586e-09
21000.04800076804 1.2176181674863775e-09
21050.04800076804 1.1989179346551987e-09
21100.04800076804 1.1524226713693716e-09
21150.04800076804 1.1373491871142676e-09
21200.04800076804 1.0725451032546766e-09
21250.04800076804 1.016448145066757e-09
21300.04800076804 9.109290437969722e-10
21350.04800076804 8.914642787650585e-10
21400.04800076804 8.804796224421657e-10
21450.04800076804 7.222284390183959e-10
21500.04800076804 7.20192466392048e-10
21550.04800076804 6.903033314697963e-10
21600.04800076804 6.143233750618829e-10
21650.04800076804 5.177498502282063e-10
21700.04800076804 5.195746825966437e-10
21750.04800076804 5.526132235723264e-10
21800.04800076804 4.6022240104584894e-10
21850.04800076804 4.08811078629858e-10
21900.04800076804 3.3915484319691396e-10
21950.04800076804 1.2342247214362004e-10
22000.04800076804 1.8208511206592385e-11
22050.04800076804 3.277720674064676e-11
22100.04800076804 1.3362719748205352e-10
22150.04800076804 1.0525083645407033e-10
22200.04800076804 8.262188255837766e-11
22250.04800076804 8.138827646595136e-11
22300.04800076804 3.84701174177834e-11
22350.04800076804 5.145294507195563e-11
22400.04800076804 2.1622638766016703e-11
22450.04800076804 2.4543469502390865e-11
22500.04800076804 2.502432958896602e-11
22550.04800076804 1.2126447894143071e-11
22600.04800076804 1.498138761040107e-11
22650.04800076804 3.128288783946457e-11
22700.04800076804 1.7299864930203858e-11
22750.04800076804 1.4188819266073659e-11
22800.04800076804 2.2726982655961804e-11
22850.04800076804 1.9721577084120756e-11
22900.04800076804 9.449062053589437e-12
22950.04800076804 6.118440320671162e-12
23000.04800076804 1.3194850268645693e-11
23050.04800076804 1.4287813909511139e-11
23100.04800076804 8.89047999919187e-11
23150.04800076804 9.360698069405998e-11
23200.04800076804 3.2528101780785205e-12
23250.04800076804 1.1049418559281905e-11
23300.04800076804 1.614256453381705e-11
23350.04800076804 1.2048165114870797e-11
23400.04800076804 1.6782571508242267e-11
23450.04800076804 7.166821038077697e-12
23500.04800076804 8.444912755399389e-12
23550.04800076804 1.720106213612318e-11
23600.04800076804 3.286633754457792e-11
23650.04800076804 3.976989098653326e-11
23700.04800076804 7.474031681558548e-12
23750.04800076804 8.27570528906494e-12
