galfind/configs/Brown_Dwarf_templates/sonora_cholla/logkzz4/316g/550K_316g_logkzz4_resample.dat
# %ECSV 1.0
# ---
# datatype:
# - {name: wav, unit: Angstrom, datatype: float64}
# - {name: flux_nu, unit: erg / (cm2 Hz s), datatype: float64}
# schema: astropy-2.0
wav flux_nu
[from data line 417]
23850.04800076804 2.3313026539467634e-11
23900.04800076804 5.538222026853668e-11
23950.04800076804 3.033060624297914e-11
24000.04800076804 6.661149692093218e-11
24050.04800076804 7.973048808242024e-11
24100.04800076804 8.204584264533838e-11
24150.04800076804 1.2662976140948035e-10
24200.04800076804 9.497365353781468e-11
24250.04800076804 5.642524290545003e-11
24300.04800076804 1.4838445814089355e-10
24350.04800076804 8.875209615567968e-11
24400.04800076804 2.2311754911561845e-10
24450.04800076804 2.250613142018216e-10
24500.04800076804 2.024303485543039e-10
24550.04800076804 3.456485508941689e-10
24600.04800076804 4.235547610984368e-10
24650.04800076804 5.023275815104228e-10
24700.04800076804 3.5415774841560285e-10
24750.04800076804 4.5511812044592865e-10
24800.04800076804 3.852974436212344e-10
24850.04800076804 6.041532007571061e-10
24900.04800076804 2.2765316812487098e-10
24950.04800076804 4.675266926450397e-10
25000.04800076804 4.852949886611105e-10
25050.04800076804 2.663712180043459e-10
25100.04800076804 4.2970461127264233e-10
25150.04800076804 1.761208948753704e-10
25200.04800076804 2.7248036008801437e-10
25250.04800076804 1.0047949761944448e-10
25300.04800076804 1.4076370416495556e-10
25350.04800076804 5.6471499181649224e-11
25400.04800076804 1.684644226420383e-10
25450.04800076804 5.162035463137693e-11
25500.04800076804 3.948049208874583e-11
25550.04800076804 9.432106310578069e-11
25600.04800076804 3.129719676049759e-11
25650.04800076804 2.0166880938861678e-11
25700.04800076804 2.2663713527871328e-11
25750.04800076804 7.699688892323411e-12
25800.04800076804 4.3487062945252793e-11
25850.04800076804 6.123954553662712e-12
25900.04800076804 1.0438786534118254e-11
25950.04800076804 2.569377223693189e-12
26000.04800076804 3.4091802009251325e-11
26050.04800076804 3.6037888318949515e-12
26100.04800076804 2.4145675299364803e-11
26150.04800076804 9.065766223016245e-12
26200.04800076804 1.1467411958667684e-11
26250.04800076804 9.368275752059146e-11
26300.04800076804 1.5822965748531804e-11
26350.04800076804 1.4937229458004088e-10
26400.04800076804 2.838839692497407e-10
26450.04800076804 1.4667652490819066e-10
26500.04800076804 3.6456803387056893e-10
26550.04800076804 3.809645812401995e-11
26600.04800076804 3.4225018680389116e-11
26650.04800076804 5.789815405082826e-12
26700.04800076804 2.5147397697957464e-12
26750.04800076804 5.5452389552417475e-12
26800.04800076804 1.484620401576831e-11
26850.04800076804 1.0032598736650774e-11
26900.04800076804 4.966782017635187e-11
26950.04800076804 1.3883157396691917e-11
27000.04800076804 8.195886654560824e-11
27050.04800076804 1.0165754098400655e-10
27100.04800076804 1.2082560803375295e-11
27150.04800076804 1.3052747998572646e-10
27200.04800076804 1.0833566077863648e-11
27250.04800076804 3.925944663130301e-11
27300.04800076804 3.7296204228653423e-10
27350.04800076804 1.0520431094381488e-10
27400.04800076804 5.189078829524768e-12
27450.04800076804 1.5115357055953658e-10
27500.04800076804 2.1696060725773e-10
27550.04800076804 2.5141522956717442e-11
27600.04800076804 8.140823828410292e-11
27650.04800076804 2.0203240558921886e-11
27700.04800076804 1.865004423520244e-11
27750.04800076804 1.2397913274085145e-10
27800.04800076804 3.969842497745797e-11
27850.04800076804 6.225710453993966e-11
27900.04800076804 9.081801915213373e-11
27950.04800076804 2.3030540452398768e-10
28000.04800076804 1.7734245235146578e-10
28050.04800076804 2.5044547492881988e-11
28100.04800076804 2.8729647327317366e-10
28150.04800076804 1.7950616789574866e-10
28200.04800076804 4.3785401003671453e-11
28250.04800076804 3.7247101240855536e-10
28300.04800076804 5.106449891263535e-10
28350.04800076804 5.810523808582059e-11
28400.04800076804 2.7514571956673974e-10
28450.04800076804 6.383885335018406e-10
28500.04800076804 2.635583589647682e-10
28550.04800076804 6.552673344997295e-11
28600.04800076804 4.779992124567216e-10
28650.04800076804 4.4075864644363293e-10
28700.04800076804 4.046751034096422e-10
28750.04800076804 9.47268269989631e-10
28800.04800076804 6.569917503833606e-10
28850.04800076804 8.599504986070068e-10
28900.04800076804 4.218316162795115e-10
28950.04800076804 1.175283157955531e-09
29000.04800076804 7.641975901127565e-10
29050.04800076804 8.188859452822908e-10
29100.04800076804 6.475428221198766e-10
29150.04800076804 1.2810512692049637e-09
29200.04800076804 1.0842881801680584e-09
29250.04800076804 1.4869165468234604e-09
29300.04800076804 7.910902332804125e-10
29350.04800076804 3.6264580480196412e-09
29400.04800076804 7.537410527941516e-10
29450.04800076804 8.512214992697519e-10
29500.04800076804 2.3739577733814574e-09
29550.04800076804 1.0164573324095276e-09
29600.04800076804 1.835098046536828e-09
29650.04800076804 3.0916527252387336e-09
29700.04800076804 7.316597527810528e-10
29750.04800076804 1.811068663910031e-09
29800.04800076804 1.6301170682530367e-09
29850.04800076804 3.3741918209257216e-09
29900.04800076804 2.9959021087487674e-09
29950.04800076804 2.004633853074992e-09
30000.04800076804 2.2581475222692438e-10
30050.04800076804 6.626041961798865e-10
30100.04800076804 1.6486562111392742e-09
30150.04800076804 3.1839459106631798e-09
30200.04800076804 1.6539585986307073e-09
30250.04800076804 5.013898923549255e-09
30300.04800076804 4.762022194848174e-09
30350.04800076804 1.6021383312358403e-09
30400.04800076804 4.765911785918479e-09
30450.04800076804 3.1531573177301378e-09
30500.04800076804 2.4133847328290098e-09
30550.04800076804 1.6791710471425884e-09
30600.04800076804 6.951267708878877e-09
30650.04800076804 3.734122555762183e-09
30700.04800076804 2.674236496453024e-09
30750.04800076804 4.034119050787704e-09
30800.04800076804 2.6895084512683872e-09
30850.04800076804 3.5734377840307184e-09
30900.04800076804 2.8099179800237432e-09
30950.04800076804 1.3065274914467273e-09
31000.04800076804 2.359311665690614e-09
31050.04800076804 1.895625894109312e-09
31100.04800076804 1.1259628422200632e-09
31150.04800076804 1.7515340151512322e-09
31200.04800076804 3.458144631762649e-09
31250.04800076804 1.372694180242329e-09
31300.04800076804 1.1252261113538119e-09
31350.04800076804 1.943959350969399e-09
31400.04800076804 1.0678555461508642e-09
31450.04800076804 1.430454305661685e-09
31500.04800076804 5.892077368750527e-10
31550.04800076804 7.256540320788915e-10
31600.04800076804 5.659683070103136e-10
31650.04800076804 4.5127988167375716e-10
31700.04800076804 5.434883816814976e-10
31750.04800076804 1.7535537956482997e-10
31800.04800076804 4.890376052019254e-10
31850.04800076804 1.0494520212974799e-10
31900.04800076804 2.603850095500185e-10
31950.04800076804 1.4220873581353184e-10
32000.04800076804 1.2589031308076699e-10
32050.04800076804 1.283930449041714e-10
32100.04800076804 9.69701490684295e-11
32150.04800076804 1.247036331133696e-10
32200.04800076804 6.461955452405833e-11
32250.04800076804 1.7251673406830633e-10
32300.04800076804 4.781795945633053e-11
32350.04800076804 1.8223039396335984e-10
32400.04800076804 3.9946401243410605e-11
32450.04800076804 1.1805784751112582e-10
32500.04800076804 4.724626178131072e-11
32550.04800076804 1.2057221379979955e-10
32600.04800076804 4.9626716253587764e-11
32650.04800076804 2.3183598141425608e-10
32700.04800076804 7.647298768906653e-11
32750.04800076804 4.6319205882964837e-10
32800.04800076804 2.611140354099653e-10
32850.04800076804 8.00777590314199e-10
32900.04800076804 6.601047620998445e-10
32950.04800076804 7.577752739688958e-10
33000.04800076804 2.8384731257390247e-10
33050.04800076804 3.247866017782437e-10
33100.04800076804 8.847871985091265e-11
33150.04800076804 8.942650604735874e-14
33200.04800076804 3.180014696181301e-12
33250.04800076804 4.888354392606901e-12
33300.04800076804 3.248377462259004e-11
33350.04800076804 1.0240680830465868e-10
33400.04800076804 2.851977091261932e-10
33450.04800076804 1.519025086212833e-10
33500.04800076804 5.743454611219456e-10
33550.04800076804 1.7999487444423507e-10
33600.04800076804 2.887724468968416e-10
33650.04800076804 2.83194535010176e-10
33700.04800076804 1.3687061931085798e-10
33750.04800076804 3.9430098950749117e-10
33800.04800076804 6.141147113982758e-11
33850.04800076804 2.175403936997877e-10
33900.04800076804 2.485927969467814e-10
33950.04800076804 2.0830346006544457e-10
34000.04800076804 4.4435965189415276e-10
34050.04800076804 6.925247947461364e-11
34100.04800076804 3.448081499246133e-10
34150.04800076804 1.4779659194976888e-10
34200.04800076804 3.4449008803315036e-10
34250.04800076804 2.3343231143981895e-10
34300.04800076804 2.2653166020169705e-10
34350.04800076804 6.081371235805062e-10
34400.04800076804 1.648412716434964e-10
34450.04800076804 5.357665757030816e-10
34500.04800076804 2.615207900737889e-10
34550.04800076804 2.2696220700760368e-10
34600.04800076804 9.43968733198618e-10
34650.04800076804 1.4240333040264375e-10
34700.04800076804 4.5923102875558676e-10
34750.04800076804 3.6771317074601473e-10
34800.04800076804 3.1175089688271735e-10
34850.04800076804 9.227373823591068e-10
34900.04800076804 2.817307673169223e-10
34950.04800076804 6.400442849608373e-10
35000.04800076804 1.4037765864567336e-09
35050.04800076804 7.018134985045868e-10
35100.04800076804 1.6558464754557667e-09
35150.04800076804 1.4619624787464089e-09
35200.04800076804 1.2158017418362007e-09
35250.04800076804 1.7385429580486853e-09
35300.04800076804 7.641114399513876e-10
35350.04800076804 1.2491477373005714e-09
35400.04800076804 8.874916452638499e-10
35450.04800076804 7.073273103749699e-10
35500.04800076804 2.8952705720761385e-09
35550.04800076804 1.4848449362932987e-09
35600.04800076804 1.996897989842704e-09
35650.04800076804 2.2336984039448803e-09
35700.04800076804 1.8176770796046731e-09
35750.04800076804 3.4938390293333073e-09
35800.04800076804 1.985869863181289e-09
35850.04800076804 9.275126146409973e-10
35900.04800076804 1.7820493303364046e-09
35950.04800076804 2.1271197393644834e-09
36000.04800076804 1.247761397940707e-09
36050.04800076804 1.6159374011774452e-09
36100.04800076804 1.4464403874746704e-09
36150.04800076804 3.919433975120713e-09
36200.04800076804 3.418621111904714e-09
36250.04800076804 2.7448143704435797e-09
36300.04800076804 5.3737554901070056e-09
36350.04800076804 3.119104920054457e-09
36400.04800076804 5.926649106943044e-09
36450.04800076804 3.98952635945863e-09
36500.04800076804 4.459747389680831e-09
36550.04800076804 8.474725743003995e-09
36600.04800076804 8.639689953168134e-09
36650.04800076804 6.440263100647751e-09
36700.04800076804 7.035622047782778e-09
36750.04800076804 8.621967120314675e-09
36800.04800076804 9.122090331866808e-09
36850.04800076804 4.507775578492289e-09
36900.04800076804 7.271595821390745e-09
36950.04800076804 8.985081440344454e-09
37000.04800076804 6.304520468762664e-09
37050.04800076804 1.0583400241509898e-08
37100.04800076804 6.558822801531375e-09
37150.04800076804 7.954637220218952e-09
37200.04800076804 1.0520990024003212e-08
37250.04800076804 7.48063139738106e-09
37300.04800076804 6.113885082905399e-09
37350.04800076804 9.839339277850185e-09
37400.04800076804 1.4127196800442414e-08
37450.04800076804 5.448247299258111e-09
37500.04800076804 8.722650055192535e-09
37550.04800076804 1.6974141430157727e-08
37600.04800076804 2.360590364687325e-08
37650.04800076804 9.382973113177422e-09
37700.04800076804 1.5284609061792144e-08
37750.04800076804 9.735428141718063e-09
37800.04800076804 1.0335934686565826e-08
37850.04800076804 5.990676806532017e-09
37900.04800076804 8.047104433793446e-09
37950.04800076804 1.3530613200370684e-08
38000.04800076804 1.4867602240877054e-08
38050.04800076804 1.9288088249986467e-08
38100.04800076804 2.2709569039278732e-08
38150.04800076804 2.286381302951754e-08
38200.04800076804 2.107208770812527e-08
38250.04800076804 2.24638978711669e-08
38300.04800076804 3.995240844342077e-08
38350.04800076804 3.149131934464812e-08
38400.04800076804 1.436802254265146e-08
38450.04800076804 8.66360338143705e-09
38500.04800076804 4.9935531741305225e-09
38550.04800076804 1.4024649936831324e-08
38600.04800076804 1.7123344436190728e-08
38650.04800076804 2.2397316858883458e-08
38700.04800076804 2.0149455453342294e-08
38750.04800076804 2.3306876036716382e-08
38800.04800076804 1.6834612349914684e-08
38850.04800076804 2.5907856696113997e-08
38900.04800076804 2.7327094712890908e-08
38950.04800076804 1.7005511539692528e-08
39000.04800076804 3.186513865903662e-08
39050.04800076804 1.838461809037432e-08
39100.04800076804 2.7983484497746135e-08
39150.04800076804 2.945538872742396e-08
39200.04800076804 2.118476594700756e-08
39250.04800076804 3.332581125166974e-08
39300.04800076804 2.6248227399325455e-08
39350.04800076804 4.922095516001282e-08
39400.04800076804 3.1500376661181324e-08
39450.04800076804 3.6234551781069686e-08
39500.04800076804 4.125453215373332e-08
39550.04800076804 2.5921638840242227e-08
39600.04800076804 3.834083430349423e-08
39650.04800076804 5.58900604062241e-08
39700.04800076804 4.051919133289709e-08
39750.04800076804 1.975256505588152e-08
39800.04800076804 2.6900309042064502e-08
39850.04800076804 5.4304568182233074e-08
39900.04800076804 5.919998141875399e-08
39950.04800076804 3.43512903042565e-08
40000.04800076804 5.8284142965062846e-08
40050.04800076804 5.3193319891990906e-08
40100.04800076804 2.0458344398799785e-08
40150.04800076804 5.332979009931689e-08
40200.04800076804 5.8028745904086854e-08
40250.04800076804 6.43189421509259e-08
40300.04800076804 6.281709199141437e-08
40350.04800076804 3.409126282533082e-08
40400.04800076804 5.962457515421672e-08
40450.04800076804 3.426005468971565e-08
40500.04800076804 6.927644163332416e-08
40550.04800076804 6.157713705429417e-08
40600.04800076804 5.8221729062040736e-08
40650.04800076804 4.694661420957877e-08
40700.04800076804 9.694805727049358e-08
40750.04800076804 6.539258857656816e-08
40800.04800076804 3.6216478285623273e-08
40850.04800076804 9.451618545887902e-08
40900.04800076804 8.461409545797116e-08
40950.04800076804 5.419384493125198e-08
41000.04800076804 6.850496257234405e-08
41050.04800076804 1.0112267186065978e-07
41100.04800076804 6.936448191815277e-08
41150.04800076804 3.201270871867879e-08
41200.04800076804 9.912892259107907e-08
41250.04800076804 7.668988244008595e-08
41300.04800076804 7.927255241075486e-08
41350.04800076804 1.0803175309903885e-07
41400.04800076804 8.459599415744567e-08
41450.04800076804 9.834598212137659e-08
41500.04800076804 6.263822178674932e-08
41550.04800076804 5.510877039230488e-08
41600.04800076804 7.746815611157368e-08
41650.04800076804 9.776793437199203e-08
41700.04800076804 9.788696321273837e-08
41750.04800076804 8.297874962171126e-08
41800.04800076804 1.1333803071581164e-07
41850.04800076804 7.126999666368938e-08
41900.04800076804 6.354169238016522e-08
41950.04800076804 8.249129022410872e-08
42000.04800076804 9.045166778313877e-08
42050.04800076804 7.694826258735358e-08
42100.04800076804 1.057808088485666e-07
42150.04800076804 7.97980817823508e-08
42200.04800076804 8.550262173193844e-08
42250.04800076804 6.687878690453238e-08
42300.04800076804 6.032554628078201e-08
42350.04800076804 9.088475625614619e-08
42400.04800076804 1.0467088675676886e-07
42450.04800076804 9.663580026175213e-08
42500.04800076804 9.039892311460431e-08
42550.04800076804 8.307089331130708e-08
42600.04800076804 8.103800201093976e-08
42650.04800076804 1.280129254633624e-07
42700.04800076804 5.612332842744155e-08
42750.04800076804 7.60153392969239e-08
42800.04800076804 9.238606345907584e-08
42850.04800076804 1.0513425055194796e-07
42900.04800076804 1.1650843780542167e-07
42950.04800076804 8.183162803343709e-08
43000.04800076804 1.0600028522335605e-07
43050.04800076804 4.476597238542666e-08
43100.04800076804 7.757381976715371e-08
43150.04800076804 7.633127250847081e-08
43200.04800076804 9.864231294621422e-08
43250.04800076804 1.4284758181053093e-07
43300.04800076804 1.2737826679065655e-07
43350.04800076804 6.658489336428712e-08
43400.04800076804 9.321812878459754e-08
43450.04800076804 6.337191875357358e-08
43500.04800076804 7.501766159620142e-08
43550.04800076804 7.171168995328914e-08
43600.04800076804 1.0905866968232436e-07
