galfind/configs/Brown_Dwarf_templates/sonora_cholla/logkzz4/316g/600K_316g_logkzz4_resample.dat
# %ECSV 1.0
# ---
# datatype:
# - {name: wav, unit: Angstrom, datatype: float64}
# - {name: flux_nu, unit: erg / (cm2 Hz s), datatype: float64}
# schema: astropy-2.0
wav flux_nu
[from data line 417]
23850.04800076804 7.04910522401443e-11
23900.04800076804 1.5821836846817224e-10
23950.04800076804 1.0079853645133515e-10
24000.04800076804 1.947389238857796e-10
24050.04800076804 2.331012133123181e-10
24100.04800076804 2.214734107470854e-10
24150.04800076804 3.2696369047708006e-10
24200.04800076804 2.625881447488067e-10
24250.04800076804 1.621125811096198e-10
24300.04800076804 3.8035927777386684e-10
24350.04800076804 2.351354787267823e-10
24400.04800076804 5.557168493000983e-10
24450.04800076804 5.395189633131828e-10
24500.04800076804 5.110600484033265e-10
24550.04800076804 8.098635954556531e-10
24600.04800076804 9.772534081152018e-10
24650.04800076804 1.14436626208405e-09
24700.04800076804 8.047823480612955e-10
24750.04800076804 9.902143089223778e-10
24800.04800076804 8.649107490650822e-10
24850.04800076804 1.3780872002954289e-09
24900.04800076804 5.218992007628942e-10
24950.04800076804 1.076208420949288e-09
25000.04800076804 1.084229512241402e-09
25050.04800076804 6.067824861577195e-10
25100.04800076804 9.641745221051927e-10
25150.04800076804 4.1622134336075176e-10
25200.04800076804 6.355196242426702e-10
25250.04800076804 2.4493611239161363e-10
25300.04800076804 3.610492767700866e-10
25350.04800076804 1.475304735047411e-10
25400.04800076804 4.267176706115722e-10
25450.04800076804 1.467787711129657e-10
25500.04800076804 1.1494154839297064e-10
25550.04800076804 2.4818106244831154e-10
25600.04800076804 9.124414350614054e-11
25650.04800076804 6.22121393200047e-11
25700.04800076804 8.205050263703577e-11
25750.04800076804 2.8843497253096552e-11
25800.04800076804 1.4507331116710395e-10
25850.04800076804 2.4186485727618184e-11
25900.04800076804 4.084919835654884e-11
25950.04800076804 1.1598926310666177e-11
26000.04800076804 1.211436817086606e-10
26050.04800076804 1.665588943873554e-11
26100.04800076804 9.36399098049525e-11
26150.04800076804 4.0467654526882036e-11
26200.04800076804 4.909174069266397e-11
26250.04800076804 3.171473255126631e-10
26300.04800076804 6.939022443808341e-11
26350.04800076804 4.525291131228763e-10
26400.04800076804 7.509391418329877e-10
26450.04800076804 4.4896335430489663e-10
26500.04800076804 9.238015116916787e-10
26550.04800076804 1.3513438715438433e-10
26600.04800076804 1.307384018797839e-10
26650.04800076804 2.5602186021284442e-11
26700.04800076804 1.1714783826304279e-11
26750.04800076804 2.1720162887076412e-11
26800.04800076804 5.09470847279151e-11
26850.04800076804 3.3812266290266556e-11
26900.04800076804 1.534247509818466e-10
26950.04800076804 4.7690361572269204e-11
27000.04800076804 2.518530395325604e-10
27050.04800076804 2.8394565654393067e-10
27100.04800076804 4.905223081070753e-11
27150.04800076804 3.906255435552053e-10
27200.04800076804 4.410280252999317e-11
27250.04800076804 1.3568419464122348e-10
27300.04800076804 1.0257956178385854e-09
27350.04800076804 3.3511526488149834e-10
27400.04800076804 1.9960355333340933e-11
27450.04800076804 4.643664199948337e-10
27500.04800076804 6.493155404644377e-10
27550.04800076804 8.762102754372687e-11
27600.04800076804 2.5732211505239006e-10
27650.04800076804 7.050598256027248e-11
27700.04800076804 6.098990674961154e-11
27750.04800076804 3.6282388201288773e-10
27800.04800076804 1.2117167961246433e-10
27850.04800076804 1.7773561251645208e-10
27900.04800076804 2.5223228455637126e-10
27950.04800076804 6.160914914983454e-10
28000.04800076804 4.564506352770496e-10
28050.04800076804 7.915219144226072e-11
28100.04800076804 7.458991165719411e-10
28150.04800076804 4.5097673272948715e-10
28200.04800076804 1.2065555644532516e-10
28250.04800076804 9.234306642832477e-10
28300.04800076804 1.2880302603050262e-09
28350.04800076804 1.647157169446643e-10
28400.04800076804 6.879731090679258e-10
28450.04800076804 1.485256157308647e-09
28500.04800076804 6.625754618428057e-10
28550.04800076804 1.6657540141077265e-10
28600.04800076804 1.1743122738502892e-09
28650.04800076804 1.1070873575728207e-09
28700.04800076804 9.52316274162472e-10
28750.04800076804 2.1101157631450688e-09
28800.04800076804 1.6080780529594701e-09
28850.04800076804 1.9419452541089105e-09
28900.04800076804 9.036192343251858e-10
28950.04800076804 2.7571239831546746e-09
29000.04800076804 1.7797466389007774e-09
29050.04800076804 1.920333538810773e-09
29100.04800076804 1.5308983117067593e-09
29150.04800076804 3.1642156113042704e-09
29200.04800076804 2.263978690806228e-09
29250.04800076804 3.234340671027725e-09
29300.04800076804 1.7035961219310884e-09
29350.04800076804 8.237894007132247e-09
29400.04800076804 1.769375727995502e-09
29450.04800076804 2.2352081100317354e-09
29500.04800076804 4.913799346696312e-09
29550.04800076804 2.4412355162726564e-09
29600.04800076804 4.220699921436947e-09
29650.04800076804 6.0212703693169635e-09
29700.04800076804 1.841139015959304e-09
29750.04800076804 4.0429052154973195e-09
29800.04800076804 3.883411410816861e-09
29850.04800076804 7.109276649753773e-09
29900.04800076804 6.824943276716669e-09
29950.04800076804 4.555868739653496e-09
30000.04800076804 7.953516236803834e-10
30050.04800076804 1.809628730887921e-09
30100.04800076804 3.887713184341863e-09
30150.04800076804 6.568645934692195e-09
30200.04800076804 3.7228991831055935e-09
30250.04800076804 1.0223771721520346e-08
30300.04800076804 9.292039428053477e-09
30350.04800076804 4.074296879863076e-09
30400.04800076804 9.531192095230253e-09
30450.04800076804 6.2784534974480625e-09
30500.04800076804 5.275725223565245e-09
30550.04800076804 3.8085606479763565e-09
30600.04800076804 1.1652085797933455e-08
30650.04800076804 7.070814972667642e-09
30700.04800076804 5.3187241273835545e-09
30750.04800076804 7.2276691288325605e-09
30800.04800076804 4.927918848159728e-09
30850.04800076804 6.364133479877676e-09
30900.04800076804 5.267322378254314e-09
30950.04800076804 2.60571330706106e-09
31000.04800076804 4.386709891162852e-09
31050.04800076804 3.772912777710753e-09
31100.04800076804 2.335185487110261e-09
31150.04800076804 3.3803700184562887e-09
31200.04800076804 5.673259593427859e-09
31250.04800076804 2.5279687038959346e-09
31300.04800076804 2.1164142484348136e-09
31350.04800076804 3.1359914483679066e-09
31400.04800076804 1.7915584257167734e-09
31450.04800076804 2.5232337197011936e-09
31500.04800076804 1.1103933039732766e-09
31550.04800076804 1.379962016833106e-09
31600.04800076804 9.920766731928473e-10
31650.04800076804 8.485505134928066e-10
31700.04800076804 1.0727773449817612e-09
31750.04800076804 3.681393788176848e-10
31800.04800076804 9.90995382112291e-10
31850.04800076804 2.6164129762315585e-10
31900.04800076804 5.82127679620272e-10
31950.04800076804 3.2960647995086955e-10
32000.04800076804 3.1958124144481817e-10
32050.04800076804 3.027698694571962e-10
32100.04800076804 2.3133852988227492e-10
32150.04800076804 3.1603736531914817e-10
32200.04800076804 1.67966072663516e-10
32250.04800076804 4.534504264781832e-10
32300.04800076804 1.309064632131508e-10
32350.04800076804 4.78661926427858e-10
32400.04800076804 1.2270193086424638e-10
32450.04800076804 3.207439099347074e-10
32500.04800076804 1.5611347492315212e-10
32550.04800076804 3.2943998044472556e-10
32600.04800076804 1.7112440601132945e-10
32650.04800076804 5.890904951846321e-10
32700.04800076804 2.5317520214197636e-10
32750.04800076804 1.0597680969514155e-09
32800.04800076804 6.732964491228785e-10
32850.04800076804 1.6688558296048424e-09
32900.04800076804 1.4242407834609398e-09
32950.04800076804 1.6714160952695857e-09
33000.04800076804 7.366917281227042e-10
33050.04800076804 8.519809898781714e-10
33100.04800076804 2.588877236267888e-10
33150.04800076804 6.181510050365301e-13
33200.04800076804 1.0117259122084709e-11
33250.04800076804 1.350829487727333e-11
33300.04800076804 6.303923518505982e-11
33350.04800076804 2.0880639204952567e-10
33400.04800076804 5.318734228724813e-10
33450.04800076804 3.514317256569577e-10
33500.04800076804 1.1645370464879078e-09
33550.04800076804 4.510102458014165e-10
33600.04800076804 6.997372855304778e-10
33650.04800076804 6.502653556044271e-10
33700.04800076804 3.667333434550109e-10
33750.04800076804 9.398651280288753e-10
33800.04800076804 1.7797747190350445e-10
33850.04800076804 5.338152446154324e-10
33900.04800076804 6.013758632811264e-10
33950.04800076804 5.142455412966782e-10
34000.04800076804 9.98909054705037e-10
34050.04800076804 1.852202668320521e-10
34100.04800076804 7.90175465207221e-10
34150.04800076804 3.631135197674006e-10
34200.04800076804 7.584591878681789e-10
34250.04800076804 5.510050457271864e-10
34300.04800076804 5.109609500295436e-10
34350.04800076804 1.1975779488717073e-09
34400.04800076804 4.01750407235034e-10
34450.04800076804 1.1292121053060335e-09
34500.04800076804 5.624067701007483e-10
34550.04800076804 4.504139075708807e-10
34600.04800076804 1.7014478485376562e-09
34650.04800076804 3.363890761326852e-10
34700.04800076804 8.686891979182643e-10
34750.04800076804 7.473409389631782e-10
34800.04800076804 6.020129173232306e-10
34850.04800076804 1.6319210811512457e-09
34900.04800076804 6.742340700192082e-10
34950.04800076804 1.1577441105520668e-09
35000.04800076804 2.472881016380486e-09
35050.04800076804 1.2390824291178548e-09
35100.04800076804 2.7958240369653223e-09
35150.04800076804 2.414064555498948e-09
35200.04800076804 2.219119124341118e-09
35250.04800076804 3.006326692279282e-09
35300.04800076804 1.4842359976292708e-09
35350.04800076804 2.49474596304874e-09
35400.04800076804 1.8519414198936097e-09
35450.04800076804 1.4789664792359986e-09
35500.04800076804 5.300584675269709e-09
35550.04800076804 2.7795608965952346e-09
35600.04800076804 3.574923246295008e-09
35650.04800076804 3.827729637667658e-09
35700.04800076804 2.9633819179822062e-09
35750.04800076804 6.223710434018205e-09
35800.04800076804 3.726645969415132e-09
35850.04800076804 1.9073601393002794e-09
35900.04800076804 3.51641525604703e-09
35950.04800076804 3.965937607274659e-09
36000.04800076804 2.2362128806200365e-09
36050.04800076804 3.1713188632016527e-09
36100.04800076804 2.8038653862582995e-09
36150.04800076804 6.404651530901088e-09
36200.04800076804 5.575680936123195e-09
36250.04800076804 5.025741835471339e-09
36300.04800076804 8.475184326106335e-09
36350.04800076804 5.4019090357542005e-09
36400.04800076804 9.837147701424784e-09
36450.04800076804 7.071067684548246e-09
36500.04800076804 7.763607405294702e-09
36550.04800076804 1.3413905208464787e-08
36600.04800076804 1.4014176992803518e-08
36650.04800076804 1.1378412227871312e-08
36700.04800076804 1.2030151979651651e-08
36750.04800076804 1.4169484503821437e-08
36800.04800076804 1.451529016830016e-08
36850.04800076804 8.057594321803827e-09
36900.04800076804 1.2485570357201474e-08
36950.04800076804 1.4331219963410412e-08
37000.04800076804 1.0861438916490944e-08
37050.04800076804 1.6755342625388542e-08
37100.04800076804 1.2081757223076088e-08
37150.04800076804 1.3721068177447506e-08
37200.04800076804 1.6578286861783705e-08
37250.04800076804 1.2339986597863115e-08
37300.04800076804 1.100833690394201e-08
37350.04800076804 1.6499633285941218e-08
37400.04800076804 2.2910728656735202e-08
37450.04800076804 1.0274348880745813e-08
37500.04800076804 1.4601838436804376e-08
37550.04800076804 2.663261251422029e-08
37600.04800076804 3.5306550419153925e-08
37650.04800076804 1.6166798220611806e-08
37700.04800076804 2.4691282804790355e-08
37750.04800076804 1.589951087239137e-08
37800.04800076804 1.7551052915571806e-08
37850.04800076804 1.071167596959582e-08
37900.04800076804 1.4302734412608316e-08
37950.04800076804 2.2542867633789967e-08
38000.04800076804 2.5221286343011805e-08
38050.04800076804 2.9626794446241794e-08
38100.04800076804 3.443518792273886e-08
38150.04800076804 3.419799826800267e-08
38200.04800076804 3.3449246058864286e-08
38250.04800076804 3.3819569763450045e-08
38300.04800076804 5.729432414425352e-08
38350.04800076804 4.7638126728766223e-08
38400.04800076804 2.380625289695641e-08
38450.04800076804 1.6594239952832434e-08
38500.04800076804 9.56044158694571e-09
38550.04800076804 2.301507883803374e-08
38600.04800076804 2.7221940812221853e-08
38650.04800076804 3.631822133717779e-08
38700.04800076804 3.33437329420397e-08
38750.04800076804 3.733097924946324e-08
38800.04800076804 2.6890824275478364e-08
38850.04800076804 4.144685674179139e-08
38900.04800076804 4.3503041515357204e-08
38950.04800076804 2.794987220367246e-08
39000.04800076804 4.951485640144871e-08
39050.04800076804 3.1463138269393905e-08
39100.04800076804 4.41091024920339e-08
39150.04800076804 4.43031844255462e-08
39200.04800076804 3.359590697817711e-08
39250.04800076804 5.093091482708941e-08
39300.04800076804 4.233413396552798e-08
39350.04800076804 7.20749864199548e-08
39400.04800076804 4.9454379826722724e-08
39450.04800076804 5.4877492526567475e-08
39500.04800076804 6.107442848171465e-08
39550.04800076804 4.3482485097978436e-08
39600.04800076804 5.852104488643317e-08
39650.04800076804 8.20028526514297e-08
39700.04800076804 5.96382848126483e-08
39750.04800076804 3.230334387134111e-08
39800.04800076804 4.494281817581511e-08
39850.04800076804 7.9037555850594e-08
39900.04800076804 8.426738581579922e-08
39950.04800076804 5.537407861969796e-08
40000.04800076804 8.66819541083997e-08
40050.04800076804 7.868831513458245e-08
40100.04800076804 3.5064392501260355e-08
40150.04800076804 8.089696647708418e-08
40200.04800076804 8.549543324063982e-08
40250.04800076804 9.234670488234024e-08
40300.04800076804 9.209536730972175e-08
40350.04800076804 5.4226452420314395e-08
40400.04800076804 8.947116929246281e-08
40450.04800076804 5.602872130075293e-08
40500.04800076804 1.0038124855138101e-07
40550.04800076804 9.202367837000048e-08
40600.04800076804 8.623731457112259e-08
40650.04800076804 7.317707067436393e-08
40700.04800076804 1.3807306647046687e-07
40750.04800076804 9.693825580908054e-08
40800.04800076804 5.878474621720941e-08
40850.04800076804 1.3483611662740421e-07
40900.04800076804 1.20199231186461e-07
40950.04800076804 8.03569111712944e-08
41000.04800076804 1.0126191054586002e-07
41050.04800076804 1.4112355710001966e-07
41100.04800076804 9.74983934682901e-08
41150.04800076804 5.2065990244308014e-08
41200.04800076804 1.398269608313769e-07
41250.04800076804 1.1072552297833259e-07
41300.04800076804 1.0897411376760787e-07
41350.04800076804 1.4979975665313656e-07
41400.04800076804 1.2019013793567506e-07
41450.04800076804 1.3665836980011107e-07
41500.04800076804 9.180322207413217e-08
41550.04800076804 8.182290664072835e-08
41600.04800076804 1.1365323006532409e-07
41650.04800076804 1.3488736289893497e-07
41700.04800076804 1.2944049114144792e-07
41750.04800076804 1.13694096030019e-07
41800.04800076804 1.5731844051837362e-07
41850.04800076804 9.658993696567794e-08
41900.04800076804 9.111806443621535e-08
41950.04800076804 1.1702287270141345e-07
42000.04800076804 1.3268410683209183e-07
42050.04800076804 1.1152977064678059e-07
42100.04800076804 1.5163922321088798e-07
42150.04800076804 1.1046970839615148e-07
42200.04800076804 1.1705986234372019e-07
42250.04800076804 9.588373518741354e-08
42300.04800076804 9.046597122774491e-08
42350.04800076804 1.2497732293559916e-07
42400.04800076804 1.3917645734262577e-07
42450.04800076804 1.271229254769958e-07
42500.04800076804 1.1848704176909492e-07
42550.04800076804 1.1025182046665947e-07
42600.04800076804 1.1133239580844407e-07
42650.04800076804 1.7150026272135869e-07
42700.04800076804 8.062148913068066e-08
42750.04800076804 1.0247017110106048e-07
42800.04800076804 1.1864563335337841e-07
42850.04800076804 1.3672764576176308e-07
42900.04800076804 1.5296042478016236e-07
42950.04800076804 1.0762444179327094e-07
43000.04800076804 1.4116216436775795e-07
43050.04800076804 6.142536682312741e-08
43100.04800076804 1.0257873283152141e-07
43150.04800076804 1.0380826972707542e-07
43200.04800076804 1.297512977824944e-07
43250.04800076804 1.844895331449061e-07
43300.04800076804 1.6948526913964657e-07
43350.04800076804 8.8743469038455e-08
43400.04800076804 1.236650624202205e-07
43450.04800076804 8.387080495089352e-08
43500.04800076804 1.0056525046171244e-07
43550.04800076804 9.820016987171379e-08
43600.04800076804 1.4159498624578116e-07
