galfind/configs/Brown_Dwarf_templates/sonora_cholla/logkzz4/316g/650K_316g_logkzz4_resample.dat
# %ECSV 1.0
# ---
# datatype:
# - {name: wav, unit: Angstrom, datatype: float64}
# - {name: flux_nu, unit: erg / (cm2 Hz s), datatype: float64}
# schema: astropy-2.0
wav flux_nu
[from data line 814]
43700.04800076804 2.0796976538889895e-07
43750.04800076804 1.9238903684524286e-07
43800.04800076804 1.4802640581469875e-07
43850.04800076804 1.5419051686815813e-07
43900.04800076804 1.3084518411512764e-07
43950.04800076804 9.39770415815228e-08
44000.04800076804 7.239367101985255e-08
44050.04800076804 1.5319922781461072e-07
44100.04800076804 1.8588678164547339e-07
44150.04800076804 1.75996749616641e-07
44200.04800076804 1.517317843002808e-07
44250.04800076804 9.915381159050088e-08
44300.04800076804 8.546623087512496e-08
44350.04800076804 8.692615364960391e-08
44400.04800076804 8.69426937837307e-08
44450.04800076804 1.0669503454872374e-07
44500.04800076804 8.935888467307838e-08
44550.04800076804 1.1743785100492584e-07
44600.04800076804 8.265018328002165e-08
44650.04800076804 1.0026207079463987e-07
44700.04800076804 7.521071854929723e-08
44750.04800076804 8.788794866894067e-08
44800.04800076804 6.943854839574936e-08
44850.04800076804 7.875082939278975e-08
44900.04800076804 5.887312709571008e-08
44950.04800076804 5.2822071917738884e-08
45000.04800076804 6.229930112861801e-08
45050.04800076804 6.365669158099627e-08
45100.04800076804 6.220957570523162e-08
45150.04800076804 4.8841781698606095e-08
45200.04800076804 2.9833910145254244e-08
45250.04800076804 3.521337634856318e-08
45300.04800076804 4.5206655469509815e-08
45350.04800076804 4.0864040454329257e-08
45400.04800076804 3.502432993423399e-08
45450.04800076804 3.208707335636237e-08
45500.04800076804 3.697950291090868e-08
45550.04800076804 4.1636437476609114e-08
45600.04800076804 2.9551187160592144e-08
45650.04800076804 2.887314698238447e-08
45700.04800076804 3.673850885463632e-08
45750.04800076804 2.8444245505794523e-08
45800.04800076804 2.387240821355698e-08
45850.04800076804 3.985133598452044e-08
45900.04800076804 4.246174732608316e-08
45950.04800076804 2.3019998147966667e-08
46000.04800076804 3.8742774810842636e-08
46050.04800076804 4.236137597336496e-08
46100.04800076804 2.4739266246685206e-08
46150.04800076804 4.003241357205927e-08
46200.04800076804 3.507596046112742e-08
46250.04800076804 1.656120131300644e-08
46300.04800076804 4.889167295413479e-08
46350.04800076804 3.319240194443574e-08
46400.04800076804 4.28654579247284e-08
46450.04800076804 6.082737087028007e-08
46500.04800076804 3.947944010409642e-08
46550.04800076804 4.8798354598021836e-08
46600.04800076804 5.084564404884341e-08
46650.04800076804 1.2000592587705927e-07
46700.04800076804 7.180062571131267e-08
46750.04800076804 4.38799820182022e-08
46800.04800076804 2.5158460371997382e-08
46850.04800076804 6.51321860744056e-08
46900.04800076804 5.2875005458522546e-08
46950.04800076804 7.81663817293474e-08
47000.04800076804 3.358416235382168e-08
47050.04800076804 7.035828257102339e-08
47100.04800076804 2.302766581738483e-08
47150.04800076804 3.783197937509916e-08
47200.04800076804 5.2117308127904505e-08
47250.04800076804 2.9836438455729974e-08
47300.04800076804 3.3482858879698856e-08
47350.04800076804 2.9694857090749174e-08
47400.04800076804 6.56118228704033e-08
47450.04800076804 2.6001082335475987e-08
47500.04800076804 7.527203371334911e-08
47550.04800076804 3.006042919158556e-08
47600.04800076804 6.42670703957024e-08
47650.04800076804 2.9513865443529224e-08
47700.04800076804 6.308784121399818e-08
47750.04800076804 2.4142351140630013e-08
47800.04800076804 4.671079671555489e-08
47850.04800076804 2.2109827534099744e-08
47900.04800076804 3.503178554493026e-08
47950.04800076804 3.9217165972326983e-08
48000.04800076804 8.113122624327864e-08
48050.04800076804 4.715425294223425e-08
48100.04800076804 5.017993754399651e-08
48150.04800076804 4.5095902362424094e-08
48200.04800076804 6.296236173376483e-08
48250.04800076804 4.494380156675807e-08
48300.04800076804 9.783255079755154e-08
48350.04800076804 4.082207517899065e-08
48400.04800076804 3.118990201859978e-08
48450.04800076804 3.88939645411511e-08
48500.04800076804 7.684656467151509e-08
48550.04800076804 3.907814067373233e-08
48600.04800076804 8.10767749839348e-08
48650.04800076804 5.1783036896923075e-08
48700.04800076804 8.719685581185514e-08
48750.04800076804 5.021613031682654e-08
48800.04800076804 9.348127275147791e-08
48850.04800076804 5.770818465368493e-08
48900.04800076804 7.517840741820187e-08
48950.04800076804 6.144864961383e-08
49000.04800076804 4.1229562315390096e-08
49050.04800076804 8.547571904593058e-08
49100.04800076804 6.695042921816617e-08
49150.04800076804 9.456971224390641e-08
49200.04800076804 7.443055988837586e-08
49250.04800076804 1.1507704945982008e-07
49300.04800076804 7.276868725841587e-08
49350.04800076804 4.993422844200697e-08
49400.04800076804 6.822255908214826e-08
49450.04800076804 7.275642429158857e-08
49500.04800076804 6.009387750534896e-08
49550.04800076804 1.7073327963742052e-08
49600.04800076804 4.7260518024848036e-08
49650.04800076804 6.415403072280804e-08
49700.04800076804 7.273176920335058e-08
49750.04800076804 9.938669094665568e-08
49800.04800076804 5.3879572813105796e-08
49850.04800076804 1.256478286273417e-07
49900.04800076804 9.601857016239187e-08
49950.04800076804 9.967418629156916e-08
50000.04800076804 9.141525379884913e-08
50050.04800076804 1.0171827218080091e-07
50100.04800076804 9.22617012024716e-08
50150.04800076804 4.0967634061721957e-08
50200.04800076804 1.2245838017901886e-08
50250.04800076804 5.504617754212815e-08
50300.04800076804 3.930227873945096e-08
50350.04800076804 9.561869563640127e-08
50400.04800076804 9.496642573212505e-08
50450.04800076804 7.754640093767084e-08
50500.04800076804 1.1681230875291523e-07
50550.04800076804 1.0976380636862078e-07
50600.04800076804 8.563232741310477e-08
50650.04800076804 1.0769578042835832e-07
50700.04800076804 1.3559161775799862e-07
50750.04800076804 9.0484464223781e-08
50800.04800076804 3.527939821952134e-08
50850.04800076804 2.168758013386061e-08
50900.04800076804 9.804853156505766e-08
50950.04800076804 9.527856477037047e-08
51000.04800076804 7.059823662072796e-08
51050.04800076804 9.281502316983354e-08
51100.04800076804 3.123835213773618e-08
51150.04800076804 4.683991144963502e-08
51200.04800076804 1.3041323286391793e-07
51250.04800076804 8.404655278185008e-08
51300.04800076804 6.19729836451249e-08
51350.04800076804 6.825485432577791e-08
51400.04800076804 2.680306353600067e-08
51450.04800076804 2.2378814456801303e-08
51500.04800076804 1.9433302935265213e-08
51550.04800076804 5.934460066110774e-08
51600.04800076804 5.12576939827781e-08
51650.04800076804 7.197774531623705e-08
51700.04800076804 7.091508219220675e-08
51750.04800076804 4.298919703450159e-08
51800.04800076804 9.687503169012326e-08
51850.04800076804 7.948874576307236e-08
51900.04800076804 9.897702179960652e-08
51950.04800076804 5.806949195333387e-08
52000.04800076804 8.782472510390165e-09
52050.04800076804 3.24762158244407e-08
52100.04800076804 2.2419765763356263e-08
52150.04800076804 1.357455099253206e-08
52200.04800076804 2.780380573578973e-08
52250.04800076804 5.175404675372295e-08
52300.04800076804 7.857738061297975e-08
52350.04800076804 2.621536402313486e-08
52400.04800076804 2.7000900234385163e-08
52450.04800076804 7.76528344646502e-08
52500.04800076804 6.873509304348444e-08
52550.04800076804 6.770815770231959e-08
52600.04800076804 5.3998522252896965e-08
52650.04800076804 5.489181206306594e-08
52700.04800076804 4.3130799021792824e-08
52750.04800076804 2.2484027729859207e-08
52800.04800076804 3.116328937030244e-08
52850.04800076804 3.985370498726689e-08
52900.04800076804 2.0236540940423733e-08
52950.04800076804 2.91900990358603e-08
53000.04800076804 6.53118682192797e-08
53050.04800076804 1.9798471801756132e-08
53100.04800076804 7.282506193539087e-08
53150.04800076804 8.593197775914874e-08
53200.04800076804 3.251252189426214e-08
53250.04800076804 7.673132079259043e-08
53300.04800076804 8.029621672191965e-08
53350.04800076804 7.957029548758119e-08
53400.04800076804 5.643370016090194e-08
53450.04800076804 1.576245939099025e-08
53500.04800076804 5.208499222207595e-09
53550.04800076804 1.0941109637837402e-08
53600.04800076804 3.560289941569369e-08
53650.04800076804 3.541870236502935e-08
53700.04800076804 2.9200957970672723e-08
53750.04800076804 2.7118238046150965e-08
53800.04800076804 2.6136122503013718e-08
53850.04800076804 4.200511589569046e-08
53900.04800076804 6.026226685616558e-08
53950.04800076804 6.506397437986847e-08
54000.04800076804 3.994493372234128e-08
54050.04800076804 4.40974005441085e-08
54100.04800076804 1.0871463669006582e-08
54150.04800076804 1.7040770060692743e-08
54200.04800076804 3.736505895921795e-09
54250.04800076804 8.91427690410986e-09
54300.04800076804 2.32562573582119e-08
54350.04800076804 3.428014382592224e-08
54400.04800076804 2.8715374741421127e-08
54450.04800076804 2.5602103431490326e-08
54500.04800076804 2.201940718523196e-08
54550.04800076804 2.145048912064078e-08
54600.04800076804 2.1255507527861288e-08
54650.04800076804 4.172914528305576e-09
54700.04800076804 2.4199466448457643e-08
54750.04800076804 2.288623727558817e-08
54800.04800076804 1.2745589106618246e-08
54850.04800076804 2.007870866591594e-08
54900.04800076804 3.46937746595686e-08
54950.04800076804 5.313746431790977e-08
55000.04800076804 1.557438320497311e-08
55050.04800076804 2.6930798863791352e-08
55100.04800076804 3.293594670041187e-08
55150.04800076804 1.7219626187989888e-08
55200.04800076804 1.3807478275988341e-08
55250.04800076804 2.10322084549588e-08
55300.04800076804 1.3273851942213961e-08
55350.04800076804 2.8870547916660735e-08
55400.04800076804 3.312216273496012e-08
55450.04800076804 1.916172509698689e-08
55500.04800076804 7.613311182802229e-09
55550.04800076804 8.105496900894814e-09
55600.04800076804 1.3818245508296668e-08
55650.04800076804 1.250990130972551e-08
55700.04800076804 1.3554049699668528e-08
55750.04800076804 1.1945840035520625e-08
55800.04800076804 5.330347720977675e-09
55850.04800076804 8.17907067754051e-09
55900.04800076804 2.14125918284083e-08
55950.04800076804 3.2173263254759453e-08
56000.04800076804 1.149146707894844e-08
56050.04800076804 1.4448180679126383e-08
56100.04800076804 2.2218721997949415e-08
56150.04800076804 9.982203024029014e-09
56200.04800076804 1.4656282882123336e-08
56250.04800076804 2.6061747799147687e-08
56300.04800076804 1.677621054997051e-08
56350.04800076804 1.1496032650968105e-08
56400.04800076804 4.1072738560653726e-09
56450.04800076804 3.975516088591679e-09
56500.04800076804 1.2772607800892793e-08
56550.04800076804 5.4524707722777334e-09
56600.04800076804 2.051432129607511e-08
56650.04800076804 2.4224497757953323e-08
56700.04800076804 1.7962165818031944e-08
56750.04800076804 5.6928031598426e-09
56800.04800076804 1.338394147516865e-08
56850.04800076804 1.600177666987247e-08
56900.04800076804 8.859130713296768e-09
56950.04800076804 1.9066569555381566e-08
57000.04800076804 2.49601576092868e-08
57050.04800076804 1.1197276220041678e-08
57100.04800076804 3.4995668057931714e-09
57150.04800076804 6.453729134185109e-09
57200.04800076804 5.243216083004273e-09
57250.04800076804 7.81881012532275e-09
57300.04800076804 1.2985506749572884e-08
57350.04800076804 5.980198258477108e-09
57400.04800076804 1.7429666037277507e-08
57450.04800076804 8.614243889729339e-09
57500.04800076804 8.258476818422222e-09
57550.04800076804 1.2579107916447407e-08
57600.04800076804 1.1157043934006182e-08
57650.04800076804 2.3954034769457907e-09
57700.04800076804 4.687080624292474e-09
57750.04800076804 9.163153123414686e-09
57800.04800076804 3.4772910438100532e-09
57850.04800076804 2.7811112115739547e-08
57900.04800076804 3.256162325870254e-08
57950.04800076804 3.5959377854548554e-08
58000.04800076804 1.012175629431363e-08
58050.04800076804 1.8572029633721042e-08
58100.04800076804 1.7251466419653603e-08
58150.04800076804 1.057272877045737e-08
58200.04800076804 2.447675091662176e-09
58250.04800076804 4.430392459813389e-09
58300.04800076804 4.942100065362725e-09
58350.04800076804 6.416998538061006e-09
58400.04800076804 1.5681989078283653e-08
58450.04800076804 1.830305588838083e-08
58500.04800076804 1.8678980452458995e-08
58550.04800076804 1.5126769252366058e-08
58600.04800076804 5.698056725701889e-09
58650.04800076804 7.665640212120259e-09
58700.04800076804 1.1104722005796663e-08
58750.04800076804 8.942191824504903e-09
58800.04800076804 1.3029742273147438e-09
58850.04800076804 6.068511649547208e-09
58900.04800076804 8.53996456689205e-09
58950.04800076804 3.4663922475249478e-09
59000.04800076804 9.435163177754488e-09
59050.04800076804 1.5509907611551155e-08
59100.04800076804 1.47855361711607e-08
59150.04800076804 1.092050976355532e-08
59200.04800076804 1.3339279356552652e-08
59250.04800076804 1.391417457160441e-08
59300.04800076804 1.0533290862751762e-08
59350.04800076804 1.921751774010982e-09
59400.04800076804 2.327553869960253e-09
59450.04800076804 1.165902526924189e-08
59500.04800076804 6.160275666116073e-09
59550.04800076804 1.3938679372056625e-08
59600.04800076804 1.8110416371057462e-08
59650.04800076804 8.17521209692152e-09
59700.04800076804 5.481054459384878e-09
59750.04800076804 2.024950942440032e-08
59800.04800076804 8.311678466018175e-09
59850.04800076804 1.1736692755145578e-08
59900.04800076804 3.723190722501051e-09
59950.04800076804 1.037059790185609e-08
60000.04800076804 2.389691496882981e-08
60050.04800076804 2.4586422998427746e-08
60100.04800076804 1.7461863375484842e-08
60150.04800076804 6.851007273085719e-09
60200.04800076804 1.57372708822681e-08
60250.04800076804 2.812151837358783e-08
60300.04800076804 2.3557474669898813e-08
60350.04800076804 1.3620357605702023e-08
60400.04800076804 1.2665075068727109e-08
60450.04800076804 2.991777622447129e-09
60500.04800076804 1.031710225256301e-09
60550.04800076804 1.0346121452813619e-08
60600.04800076804 1.5391325541549687e-08
60650.04800076804 8.866170723732483e-09
60700.04800076804 6.008549067237104e-09
60750.04800076804 2.8894741204286013e-09
60800.04800076804 1.38710209013986e-08
60850.04800076804 2.940265019031118e-08
60900.04800076804 2.6271660363087485e-08
60950.04800076804 1.874398959059157e-08
61000.04800076804 1.892955976855826e-08
61050.04800076804 6.588729256813582e-09
61100.04800076804 7.638028550806637e-09
61150.04800076804 2.406582054104491e-09
61200.04800076804 1.42319689680764e-08
61250.04800076804 2.0097399150235394e-08
61300.04800076804 1.756543470780342e-08
61350.04800076804 3.157342923339901e-08
61400.04800076804 1.0165943165221519e-08
61450.04800076804 3.415142159900741e-09
61500.04800076804 4.317110856348114e-09
61550.04800076804 1.1395716362402779e-08
61600.04800076804 4.29157409696511e-09
61650.04800076804 9.757028213092492e-09
61700.04800076804 1.1667887926638023e-08
61750.04800076804 1.3371866413607698e-08
61800.04800076804 1.0557880641346776e-08
61850.04800076804 3.4513782533344064e-09
61900.04800076804 1.94626783584684e-08
61950.04800076804 2.4119283334162478e-08
62000.04800076804 2.590649010988011e-08
62050.04800076804 3.082097640760178e-08
62100.04800076804 1.574583668446083e-08
62150.04800076804 2.639260019226733e-08
62200.04800076804 2.349457711371354e-08
62250.04800076804 1.6708208552091916e-08
62300.04800076804 4.297021036042748e-08
62350.04800076804 3.39069332176561e-08
62400.04800076804 1.4684006256395991e-08
62450.04800076804 2.0963245239098044e-08
62500.04800076804 4.045398131876019e-08
62550.04800076804 4.6371888292088285e-08
62600.04800076804 3.7261907142061765e-08
62650.04800076804 2.7310845143371704e-08
62700.04800076804 2.100850625655791e-08
62750.04800076804 3.4793898362146714e-08
62800.04800076804 2.017385644224648e-08
62850.04800076804 3.183407470494345e-08
62900.04800076804 2.4145671043713042e-08
62950.04800076804 4.8772216769310194e-08
63000.04800076804 2.955590293701421e-08
63050.04800076804 6.510855149645328e-08
63100.04800076804 5.621198892356756e-08
63150.04800076804 3.773175052333131e-08
63200.04800076804 3.677896411286914e-08
63250.04800076804 3.776931953816147e-08
63300.04800076804 2.648616542698697e-08
63350.04800076804 2.35878731450569e-08
63400.04800076804 8.519509695139318e-09
63450.04800076804 4.2999024896607155e-09
