galfind/configs/Brown_Dwarf_templates/sonora_cholla/logkzz4/316g/650K_316g_logkzz4_resample.dat
# %ECSV 1.0
# ---
# datatype:
# - {name: wav, unit: Angstrom, datatype: float64}
# - {name: flux_nu, unit: erg / (cm2 Hz s), datatype: float64}
# schema: astropy-2.0
wav flux_nu
[from data line 1211]
63550.04800076804 2.9040072998020577e-08
63600.04800076804 2.7373811068383094e-08
63650.04800076804 1.5952708128476465e-08
63700.04800076804 4.978175900951161e-09
63750.04800076804 1.3442337254144181e-08
63800.04800076804 3.180045836653821e-08
63850.04800076804 2.3200505354083073e-08
63900.04800076804 7.148296478290452e-09
63950.04800076804 1.7911658283249332e-08
64000.04800076804 2.3508851514855598e-08
64050.04800076804 8.96647610222331e-09
64100.04800076804 1.9601143197795625e-09
64150.04800076804 3.1286089664133335e-09
64200.04800076804 3.9144275147936125e-09
64250.04800076804 1.2303030523142028e-08
64300.04800076804 9.598334270259517e-09
64350.04800076804 6.479432175677448e-09
64400.04800076804 1.8947817139173e-08
64450.04800076804 2.084045923791884e-08
64500.04800076804 7.806869297686546e-09
64550.04800076804 1.7302842094526163e-08
64600.04800076804 9.464939866240067e-09
64650.04800076804 1.5250225303746756e-08
64700.04800076804 4.930875588933112e-09
64750.04800076804 8.552009420282234e-09
64800.04800076804 5.151375717765787e-09
64850.04800076804 3.4336248392945903e-09
64900.04800076804 3.41876507384959e-09
64950.04800076804 2.9798232862889883e-09
65000.04800076804 5.328069904072947e-09
65050.04800076804 9.878902909911355e-09
65100.04800076804 1.4896295544523405e-08
65150.04800076804 6.465902870426871e-09
65200.04800076804 2.919936010712477e-09
65250.04800076804 9.880496684498878e-09
65300.04800076804 1.062638552649458e-08
65350.04800076804 2.843990201808862e-08
65400.04800076804 1.0280251977384516e-08
65450.04800076804 1.0371953552693791e-08
65500.04800076804 1.2684458431906371e-08
65550.04800076805 5.038924073826694e-09
65600.04800076805 1.2223375988508086e-08
65650.04800076805 7.3919606363293e-09
65700.04800076805 6.833462909503208e-09
65750.04800076805 4.541858440377947e-09
65800.04800076805 1.068214345920021e-08
65850.04800076805 1.5630574341482325e-08
65900.04800076805 3.882538880638345e-09
65950.04800076805 7.128907885643214e-09
66000.04800076805 9.396297082586854e-09
66050.04800076805 2.169297625851304e-08
66100.04800076805 1.1233589587662038e-08
66150.04800076805 1.0008038889262018e-08
66200.04800076805 9.41006674958459e-09
66250.04800076805 5.745840875467604e-09
66300.04800076805 2.1948782734048033e-09
66350.04800076805 1.9149391727356722e-09
66400.04800076805 3.9506399664153185e-09
66450.04800076805 1.284184526404005e-08
66500.04800076805 1.9655877567912498e-08
66550.04800076805 1.9731240118416315e-08
66600.04800076805 1.513356943739192e-08
66650.04800076805 1.0720547176795564e-08
66700.04800076805 7.452818006119772e-09
66750.04800076805 7.887760777861228e-09
66800.04800076805 9.718962252298165e-09
66850.04800076805 6.041460407698518e-09
66900.04800076805 2.2489766502722217e-08
66950.04800076805 2.1287908085307983e-08
67000.04800076805 2.3842878249504557e-08
67050.04800076805 1.2853591781714934e-08
67100.04800076805 7.05707427100413e-09
67150.04800076805 8.756639662321617e-09
67200.04800076805 1.4329181148931509e-08
67250.04800076805 1.2921657456460736e-08
67300.04800076805 2.18783680071616e-08
67350.04800076805 9.792990970063838e-09
67400.04800076805 2.4564104794356432e-08
67450.04800076805 1.4759906698293695e-08
67500.04800076805 1.3608552909215895e-08
67550.04800076805 2.7667821118471887e-08
67600.04800076805 4.587183420356523e-08
67650.04800076805 3.290497157706809e-08
67700.04800076805 1.7979240209092345e-08
67750.04800076805 1.089597714327388e-08
67800.04800076805 1.6764836791406317e-08
67850.04800076805 6.926705089161482e-09
67900.04800076805 8.834509149702954e-09
67950.04800076805 6.939639700180869e-09
68000.04800076805 1.6279335552301445e-08
68050.04800076805 2.1242637974790924e-08
68100.04800076805 3.2441275719033806e-08
68150.04800076805 2.6217791422985457e-08
68200.04800076805 1.945274611662895e-08
68250.04800076805 3.9985197199036785e-09
68300.04800076805 2.020742760386912e-08
68350.04800076805 1.8234469508610214e-08
68400.04800076805 3.6630987503019844e-08
68450.04800076805 2.9132049097355123e-08
68500.04800076805 1.768631911509216e-08
68550.04800076805 6.950994327053732e-09
68600.04800076805 7.247072525999103e-09
68650.04800076805 3.4308158732369244e-09
68700.04800076805 9.751341102572486e-09
68750.04800076805 1.763471888849577e-08
68800.04800076805 2.0195994383914255e-08
68850.04800076805 7.654550995532565e-09
68900.04800076805 3.1776136300694535e-08
68950.04800076805 3.291584744961922e-08
69000.04800076805 2.1443346603041216e-08
69050.04800076805 1.0099269135676258e-08
69100.04800076805 2.815846335112979e-08
69150.04800076805 4.089067045790347e-08
69200.04800076805 2.8653931528365733e-08
69250.04800076805 4.068816358368636e-08
69300.04800076805 2.2661012265318894e-08
69350.04800076805 4.475227473866834e-08
69400.04800076805 1.4476400651117754e-08
69450.04800076805 4.043202736842485e-08
69500.04800076805 1.8712589466620986e-08
69550.04800076805 1.4740066999405545e-08
69600.04800076805 3.700257810586727e-09
69650.04800076805 1.451630812735686e-08
69700.04800076805 2.7943233836262807e-08
69750.04800076805 1.7239721629287403e-08
69800.04800076805 2.909997657929517e-08
69850.04800076805 3.0527367787558814e-08
69900.04800076805 1.941260075677341e-08
69950.04800076805 1.8653845759442203e-08
70000.04800076805 2.0033088546246416e-08
70050.04800076805 4.000278458241622e-08
70100.04800076805 2.828958724501418e-08
70150.04800076805 2.188520182864859e-08
70200.04800076805 1.458222714392009e-08
70250.04800076805 2.070030660094554e-08
70300.04800076805 3.892139858595257e-08
70350.04800076805 2.8000475963026362e-08
70400.04800076805 1.3742124656765562e-08
70450.04800076805 2.4056331291771937e-09
70500.04800076805 1.1396770178305067e-08
70550.04800076805 1.144340749982942e-08
70600.04800076805 1.1484333614632058e-08
70650.04800076805 3.110736976784619e-08
70700.04800076805 3.0933678224765573e-08
70750.04800076805 4.6513684239244675e-08
70800.04800076805 2.0509514606641827e-08
70850.04800076805 2.0897443552780098e-08
70900.04800076805 2.5700962527871522e-08
70950.04800076805 3.6608720335129324e-08
71000.04800076805 3.249653623725635e-08
71050.04800076805 3.300598027851961e-08
71100.04800076805 2.472958529628284e-08
71150.04800076805 1.7371498016255704e-08
71200.04800076805 1.552200181644856e-08
71250.04800076805 2.593148392650457e-08
71300.04800076805 3.523740480608468e-08
71350.04800076805 3.715909275331888e-08
71400.04800076805 2.852355517524421e-08
71450.04800076805 1.1290186592088362e-08
71500.04800076805 1.3032978391145946e-08
71550.04800076805 1.6936177252696107e-08
71600.04800076805 1.9872637989684842e-08
71650.04800076805 1.2996886070578607e-08
71700.04800076805 9.19046106247713e-09
71750.04800076805 2.0638182333101322e-08
71800.04800076805 3.076182168365848e-08
71850.04800076805 2.915977153955818e-08
71900.04800076805 1.494248514732852e-08
71950.04800076805 2.200382295996269e-08
72000.04800076805 2.002473135350529e-08
72050.04800076805 9.963557713526693e-09
72100.04800076805 1.2421847195060366e-08
72150.04800076805 1.2699151200124511e-08
72200.04800076805 2.1961682228562788e-08
72250.04800076805 3.123426768381662e-08
72300.04800076805 1.907455483382807e-08
72350.04800076805 2.3468168623742006e-08
72400.04800076805 2.0263200739269884e-08
72450.04800076805 1.5637645513958992e-08
72500.04800076805 2.2042464865348462e-08
72550.04800076805 7.942992213982598e-09
72600.04800076805 1.4869042817516346e-08
72650.04800076805 2.6898967195264554e-08
72700.04800076805 1.639105783180328e-08
72750.04800076805 1.7015128590847718e-08
72800.04800076805 9.886175970907684e-09
72850.04800076805 1.3634277140296918e-08
72900.04800076805 2.8922534738531955e-08
72950.04800076805 1.7358325150361864e-08
73000.04800076805 1.8208616685108393e-08
73050.04800076805 9.225278153044675e-09
73100.04800076805 1.2047303720329123e-08
73150.04800076805 2.9503357334805754e-08
73200.04800076805 1.0907994765126475e-08
73250.04800076805 1.522552469275377e-08
73300.04800076805 1.1315764064277196e-08
73350.04800076805 7.726575002036936e-09
73400.04800076805 1.5048158888490172e-08
73450.04800076805 8.15331924793892e-09
73500.04800076805 7.103083950795805e-09
73550.04800076805 1.3083672024634532e-08
73600.04800076805 1.2691513035385818e-08
73650.04800076805 1.4222330113515101e-08
73700.04800076805 1.3560639184668178e-08
73750.04800076805 4.608167680704255e-09
73800.04800076805 1.20893965148028e-08
73850.04800076805 1.7265597532374764e-08
73900.04800076805 9.54366676883184e-09
73950.04800076805 1.0151580871238407e-08
74000.04800076805 5.075170524544908e-09
74050.04800076805 2.0678702092378218e-08
74100.04800076805 1.384257588412245e-08
74150.04800076805 1.4026426964541894e-08
74200.04800076805 7.91918739894129e-09
74250.04800076805 1.6103229252639227e-09
74300.04800076805 1.3081306908284141e-08
74350.04800076805 1.9791605809844792e-08
74400.04800076805 1.8626069556289738e-08
74450.04800076805 7.039075887175326e-09
74500.04800076805 4.148428794647131e-09
74550.04800076805 9.616245158701149e-09
74600.04800076805 1.1751513327007848e-08
74650.04800076805 1.1962424983941641e-08
74700.04800076805 7.766869360870726e-09
74750.04800076805 5.045453175226251e-09
74800.04800076805 7.534073701523922e-09
74850.04800076805 1.0311619145157824e-08
74900.04800076805 1.8183570786610955e-08
74950.04800076805 1.758992156559613e-08
75000.04800076805 7.783848382146718e-09
75050.04800076805 2.1809500689809996e-09
75100.04800076805 1.669243954690591e-08
75150.04800076805 1.96030537219153e-08
75200.04800076805 2.105177586072598e-08
75250.04800076805 2.142305797604419e-08
75300.04800076805 1.6305074094122433e-08
75350.04800076805 4.996289567466878e-09
75400.04800076805 2.302470769000705e-08
75450.04800076805 2.052759550987947e-08
75500.04800076805 1.9569871991491943e-08
75550.04800076805 1.842310642920106e-08
75600.04800076805 2.3293227206601413e-08
75650.04800076805 1.2999337803052314e-08
75700.04800076805 2.4087076093811348e-08
75750.04800076805 1.196057417331926e-08
75800.04800076805 1.9916124255627265e-08
75850.04800076805 2.310474149463097e-08
75900.04800076805 2.3416721624169974e-08
75950.04800076805 1.0822744820790503e-08
76000.04800076805 2.6268862409998143e-08
76050.04800076805 2.4802664489181458e-08
76100.04800076805 2.2059444737289858e-08
76150.04800076805 2.480383903334239e-08
76200.04800076805 2.209404796125884e-08
76250.04800076805 1.4466519060960017e-08
76300.04800076805 3.650867169848895e-08
76350.04800076805 4.137370582082139e-08
76400.04800076805 3.2021730748039314e-08
76450.04800076805 2.5064597503778828e-08
76500.04800076805 1.6800062305054973e-08
76550.04800076805 6.864425381876655e-09
76600.04800076805 1.5431947770752117e-09
76650.04800076805 1.7889279762421801e-09
76700.04800076805 2.812335312860751e-09
76750.04800076805 2.9588795608883334e-09
76800.04800076805 6.524249583754149e-09
76850.04800076805 2.2877887496346137e-09
76900.04800076805 2.186878155714286e-09
76950.04800076805 6.668655920756301e-09
77000.04800076805 9.898621976673454e-09
77050.04800076805 2.62080035789672e-09
77100.04800076805 3.0324007936359257e-09
77150.04800076805 1.1777537106150165e-08
77200.04800076805 7.098450236938279e-09
77250.04800076805 6.123805905615172e-09
77300.04800076805 1.0552589338971766e-08
77350.04800076805 4.584161020872304e-09
77400.04800076805 5.215284122498803e-09
77450.04800076805 1.254219222331891e-08
77500.04800076805 9.487576646496462e-09
77550.04800076805 7.97902929617379e-09
77600.04800076805 4.690312903460436e-09
77650.04800076805 6.36702149837866e-09
77700.04800076805 5.135992377022703e-09
77750.04800076805 1.4361217596285061e-08
77800.04800076805 1.4047773312061336e-08
77850.04800076805 2.657835079128818e-08
77900.04800076805 1.2911658552876866e-08
77950.04800076805 3.2456055458867577e-09
78000.04800076805 8.885099252468941e-09
78050.04800076805 1.1180863180228892e-08
78100.04800076805 1.1870647490291311e-08
78150.04800076805 2.1829581613569805e-08
78200.04800076805 2.230745999650332e-08
78250.04800076805 2.124873503845716e-08
78300.04800076805 1.0024104786005257e-08
78350.04800076805 1.7767998676367382e-08
78400.04800076805 7.070600562734622e-09
78450.04800076805 1.7299278299220266e-08
78500.04800076805 2.4717915544191113e-08
78550.04800076805 3.1991397417954434e-08
78600.04800076805 2.2893325562671804e-08
78650.04800076805 3.3258812950133898e-09
78700.04800076805 7.300863143064432e-09
78750.04800076805 1.1578216540412596e-08
78800.04800076805 1.2776564266195955e-08
78850.04800076805 4.689670300376376e-09
78900.04800076805 1.3325757556252853e-08
78950.04800076805 1.9847985653901797e-08
79000.04800076805 1.5819626152310853e-08
79050.04800076805 1.1550104274531572e-08
79100.04800076805 1.4597386149626179e-08
79150.04800076805 1.3205633852012864e-08
79200.04800076805 1.6735198521779665e-08
79250.04800076805 8.914865453034299e-09
79300.04800076805 8.20417603669243e-09
79350.04800076805 1.3621765507120266e-08
79400.04800076805 7.69282798913273e-09
79450.04800076805 2.2591945412968214e-08
79500.04800076805 3.2348871014522316e-08
79550.04800076805 2.39568570607042e-08
79600.04800076805 1.1306620089179647e-08
79650.04800076805 1.9161762786233386e-08
79700.04800076805 1.6535854106061743e-08
79750.04800076805 1.6393014411339698e-08
79800.04800076805 8.835294652753517e-09
79850.04800076805 1.8486913905133532e-08
79900.04800076805 3.499425570801559e-08
79950.04800076805 3.021920200762983e-08
