galfind/configs/Brown_Dwarf_templates/sonora_cholla/logkzz4/316g/700K_316g_logkzz4_resample.dat
# %ECSV 1.0
# ---
# datatype:
# - {name: wav, unit: Angstrom, datatype: float64}
# - {name: flux_nu, unit: erg / (cm2 Hz s), datatype: float64}
# schema: astropy-2.0
wav flux_nu
[from data line 813]
43650.04800076804 1.2209408493889978e-07
43700.04800076804 2.478772831110607e-07
43750.04800076804 2.3266784941805918e-07
43800.04800076804 1.7893661402146674e-07
43850.04800076804 1.8410750794245363e-07
43900.04800076804 1.5963056754970779e-07
43950.04800076804 1.1767158988941081e-07
44000.04800076804 8.751205285510377e-08
44050.04800076804 1.7179884997693593e-07
44100.04800076804 2.02423599894155e-07
44150.04800076804 1.9305280751926795e-07
44200.04800076804 1.669699629814208e-07
44250.04800076804 1.1684947031206732e-07
44300.04800076804 1.0375919512001237e-07
44350.04800076804 1.0022825558446765e-07
44400.04800076804 1.0020282949622838e-07
44450.04800076804 1.1503434176874482e-07
44500.04800076804 9.512380925572655e-08
44550.04800076804 1.1889730995129715e-07
44600.04800076804 8.61593637687568e-08
44650.04800076804 1.0267426493388207e-07
44700.04800076804 8.112645332714036e-08
44750.04800076804 9.073357260561383e-08
44800.04800076804 7.432277520995649e-08
44850.04800076804 7.860029877665019e-08
44900.04800076804 5.925047248958011e-08
44950.04800076804 5.335973280622016e-08
45000.04800076804 5.985141868214793e-08
45050.04800076804 6.185585450442435e-08
45100.04800076804 5.974743708637348e-08
45150.04800076804 4.839304043329725e-08
45200.04800076804 3.0753771653663354e-08
45250.04800076804 3.576067478968394e-08
45300.04800076804 4.482110731161962e-08
45350.04800076804 4.103230248719042e-08
45400.04800076804 3.2847655120770987e-08
45450.04800076804 3.038551162520599e-08
45500.04800076804 3.467258342478919e-08
45550.04800076804 3.989334852573834e-08
45600.04800076804 2.7866166148269917e-08
45650.04800076804 2.7357248164881307e-08
45700.04800076804 3.629484555286409e-08
45750.04800076804 2.8787361923735348e-08
45800.04800076804 2.2641932880619008e-08
45850.04800076804 3.8840744924592e-08
45900.04800076804 3.9703167387806834e-08
45950.04800076804 2.2251121252626664e-08
46000.04800076804 3.642972229668879e-08
46050.04800076804 4.066729817180354e-08
46100.04800076804 2.3315455400351052e-08
46150.04800076804 3.986752080915334e-08
46200.04800076804 3.6357708659301687e-08
46250.04800076804 1.663536459173613e-08
46300.04800076804 4.82547707620418e-08
46350.04800076804 3.294653641756571e-08
46400.04800076804 4.094394315259019e-08
46450.04800076804 6.060540146093944e-08
46500.04800076804 3.827924634505417e-08
46550.04800076804 5.5283000049652846e-08
46600.04800076804 5.565401460935876e-08
46650.04800076804 1.2372866498925214e-07
46700.04800076804 7.73717198997353e-08
46750.04800076804 4.9318921477256424e-08
46800.04800076804 3.026376976680958e-08
46850.04800076804 6.357945755981729e-08
46900.04800076804 5.1531785454312476e-08
46950.04800076804 7.871751701674142e-08
47000.04800076804 3.280284500202627e-08
47050.04800076804 7.3270566622664e-08
47100.04800076804 2.4685758282036278e-08
47150.04800076804 3.916463773984063e-08
47200.04800076804 5.066767718097455e-08
47250.04800076804 2.9897978420215494e-08
47300.04800076804 3.604981124902547e-08
47350.04800076804 2.7766534345617656e-08
47400.04800076804 6.269101568109973e-08
47450.04800076804 2.5084758705940348e-08
47500.04800076804 7.142368426853235e-08
47550.04800076804 2.852626414107856e-08
47600.04800076804 6.366459490693258e-08
47650.04800076804 2.9674714998853023e-08
47700.04800076804 6.216438541542385e-08
47750.04800076804 2.467386188662405e-08
47800.04800076804 5.06580676947877e-08
47850.04800076804 2.432064420606744e-08
47900.04800076804 3.958312979963979e-08
47950.04800076804 3.779224308786154e-08
48000.04800076804 7.93510915717791e-08
48050.04800076804 4.6609453211852806e-08
48100.04800076804 5.6848622130632095e-08
48150.04800076804 4.6391762659033766e-08
48200.04800076804 6.8493156927596e-08
48250.04800076804 4.6926548485887886e-08
48300.04800076804 9.85238958977935e-08
48350.04800076804 4.392390427488685e-08
48400.04800076804 4.0656230219485365e-08
48450.04800076804 4.222279821998443e-08
48500.04800076804 8.428895603073961e-08
48550.04800076804 4.0189992400581636e-08
48600.04800076804 8.394928483741444e-08
48650.04800076804 4.9504850813060644e-08
48700.04800076804 9.428438774501288e-08
48750.04800076804 5.2259152817289286e-08
48800.04800076804 9.803396073551791e-08
48850.04800076804 6.279415807747501e-08
48900.04800076804 8.535513650680552e-08
48950.04800076804 7.417330330879621e-08
49000.04800076804 5.299340021760253e-08
49050.04800076804 9.510338593198823e-08
49100.04800076804 6.946020673998811e-08
49150.04800076804 1.0941956768191331e-07
49200.04800076804 7.434246401374538e-08
49250.04800076804 1.2357907425050685e-07
49300.04800076804 7.694694167855112e-08
49350.04800076804 6.27234255506278e-08
49400.04800076804 8.239001644668434e-08
49450.04800076804 8.619830650871613e-08
49500.04800076804 7.113007238885588e-08
49550.04800076804 2.424422791965907e-08
49600.04800076804 6.416192407226359e-08
49650.04800076804 7.547759572095442e-08
49700.04800076804 8.104178164819839e-08
49750.04800076804 1.2221917954984745e-07
49800.04800076804 6.447011278698951e-08
49850.04800076804 1.4850080899382813e-07
49900.04800076804 1.0886488243471709e-07
49950.04800076804 1.1725541029019681e-07
50000.04800076804 1.1267229315656504e-07
50050.04800076804 1.208354884296049e-07
50100.04800076804 1.1794559664117217e-07
50150.04800076804 5.275010601723239e-08
50200.04800076804 1.9107040778034494e-08
50250.04800076804 7.641103576875031e-08
50300.04800076804 5.547056464555472e-08
50350.04800076804 1.1510535009790437e-07
50400.04800076804 1.0885133030771256e-07
50450.04800076804 9.456859548137493e-08
50500.04800076804 1.4080831778950304e-07
50550.04800076804 1.2521649680914257e-07
50600.04800076804 1.0661517137555296e-07
50650.04800076804 1.2256930609417883e-07
50700.04800076804 1.6569942926662623e-07
50750.04800076804 1.1746068171385765e-07
50800.04800076804 4.8143568782498465e-08
50850.04800076804 3.289298838441386e-08
50900.04800076804 1.258004683430948e-07
50950.04800076804 1.2127214083759944e-07
51000.04800076804 9.291899248049246e-08
51050.04800076804 1.1436709182691252e-07
51100.04800076804 4.184254503756516e-08
51150.04800076804 6.446863883202922e-08
51200.04800076804 1.5901500939443686e-07
51250.04800076804 1.0668762225248743e-07
51300.04800076804 7.785409101234943e-08
51350.04800076804 8.913386456762875e-08
51400.04800076804 3.925449536685311e-08
51450.04800076804 3.3064269506747844e-08
51500.04800076804 2.8777422799403245e-08
51550.04800076804 8.128373176362433e-08
51600.04800076804 6.663846641215549e-08
51650.04800076804 9.174546043630486e-08
51700.04800076804 9.21755488529066e-08
51750.04800076804 5.6384555431789966e-08
51800.04800076804 1.2421971876171698e-07
51850.04800076804 1.0198202093937877e-07
51900.04800076804 1.3091426746324866e-07
51950.04800076804 8.120357397185452e-08
52000.04800076804 1.4221695407744714e-08
52050.04800076804 4.6819623335629785e-08
52100.04800076804 3.407904591382615e-08
52150.04800076804 2.1766949215666052e-08
52200.04800076804 3.808082605416919e-08
52250.04800076804 6.777428947309864e-08
52300.04800076804 1.0831175038982581e-07
52350.04800076804 4.034063816526272e-08
52400.04800076804 3.970771016301472e-08
52450.04800076804 1.0176851676007978e-07
52500.04800076804 9.173989519826271e-08
52550.04800076804 8.865105504383781e-08
52600.04800076804 7.006284588635941e-08
52650.04800076804 7.143107018640968e-08
52700.04800076804 5.793427580848588e-08
52750.04800076804 3.310387577629275e-08
52800.04800076804 4.325554080668575e-08
52850.04800076804 5.468985501814011e-08
52900.04800076804 3.072934612453129e-08
52950.04800076804 4.116810543007322e-08
53000.04800076804 8.962499034503127e-08
53050.04800076804 2.835612521241502e-08
53100.04800076804 9.462615552317904e-08
53150.04800076804 1.1310984758867382e-07
53200.04800076804 4.3690052527720604e-08
53250.04800076804 1.0104013937431843e-07
53300.04800076804 1.0626375964066723e-07
53350.04800076804 1.0500665176928254e-07
53400.04800076804 8.032261044861964e-08
53450.04800076804 2.4053378099624245e-08
53500.04800076804 9.112239269081019e-09
53550.04800076804 1.83623090758334e-08
53600.04800076804 5.1301262874444324e-08
53650.04800076804 4.816592103021505e-08
53700.04800076804 4.0291712801787394e-08
53750.04800076804 3.811904579653663e-08
53800.04800076804 3.7083391907803357e-08
53850.04800076804 5.791999415186527e-08
53900.04800076804 7.621296453156319e-08
53950.04800076804 8.730017985428904e-08
54000.04800076804 5.3824942686406604e-08
54050.04800076804 5.9576610854491925e-08
54100.04800076804 1.6464184653174502e-08
54150.04800076804 2.6063781125934963e-08
54200.04800076804 6.575765838117939e-09
54250.04800076804 1.4166207841632408e-08
54300.04800076804 3.3747307300485275e-08
54350.04800076804 4.8997273229051185e-08
54400.04800076804 4.272450689023046e-08
54450.04800076804 3.759917670368708e-08
54500.04800076804 3.183763449249106e-08
54550.04800076804 3.050062417712492e-08
54600.04800076804 3.216588006266243e-08
54650.04800076804 7.794758313108983e-09
54700.04800076804 3.77382678666268e-08
54750.04800076804 3.5006341845012776e-08
54800.04800076804 2.020868516174632e-08
54850.04800076804 3.042634946895296e-08
54900.04800076804 4.9802336751536864e-08
54950.04800076804 7.410204926265801e-08
55000.04800076804 2.2362333121159648e-08
55050.04800076804 3.95882085001891e-08
55100.04800076804 4.517196813920617e-08
55150.04800076804 2.5632581392478037e-08
55200.04800076804 2.183164161321385e-08
55250.04800076804 3.145442663128722e-08
55300.04800076804 1.9916700046592744e-08
55350.04800076804 4.28063008417713e-08
55400.04800076804 4.982403071010556e-08
55450.04800076804 2.8720177780627144e-08
55500.04800076804 1.193151797692825e-08
55550.04800076804 1.3892154891618845e-08
55600.04800076804 2.0947521929872144e-08
55650.04800076804 1.9022026391012205e-08
55700.04800076804 2.125453152958473e-08
55750.04800076804 1.986190952254135e-08
55800.04800076804 9.679083574991756e-09
55850.04800076804 1.3114017124364403e-08
55900.04800076804 3.288727976675766e-08
55950.04800076804 4.784568034113296e-08
56000.04800076804 1.756229074158454e-08
56050.04800076804 2.2619194190548156e-08
56100.04800076804 3.367368564490058e-08
56150.04800076804 1.6646887479487184e-08
56200.04800076804 2.3160081321333936e-08
56250.04800076804 3.78040486132727e-08
56300.04800076804 2.6407239787393886e-08
56350.04800076804 1.980024360202694e-08
56400.04800076804 7.863079931128879e-09
56450.04800076804 7.470858757656235e-09
56500.04800076804 1.9857271120621387e-08
56550.04800076804 9.02651891228748e-09
56600.04800076804 3.137387117353969e-08
56650.04800076804 3.56422632301721e-08
56700.04800076804 2.883209286363329e-08
56750.04800076804 9.646720334873833e-09
56800.04800076804 2.312506688460596e-08
56850.04800076804 2.4961014980544106e-08
56900.04800076804 1.4285825403182659e-08
56950.04800076804 2.952732670838616e-08
57000.04800076804 3.771997930161499e-08
57050.04800076804 1.7725708660296298e-08
57100.04800076804 6.057509904075479e-09
57150.04800076804 1.0788827267821716e-08
57200.04800076804 8.996875124500591e-09
57250.04800076804 1.3064404940851589e-08
57300.04800076804 2.122330207611651e-08
57350.04800076804 1.0124525206271178e-08
57400.04800076804 2.7030259477559714e-08
57450.04800076804 1.4899903183256903e-08
57500.04800076804 1.4498479942649855e-08
57550.04800076804 2.140808021142664e-08
57600.04800076804 1.9646821747708563e-08
57650.04800076804 4.592038051508632e-09
57700.04800076804 8.29487690482699e-09
57750.04800076804 1.4642247809608346e-08
57800.04800076804 5.734987415891391e-09
57850.04800076804 4.2718625368248384e-08
57900.04800076804 4.92444103813476e-08
57950.04800076804 5.217342876731564e-08
58000.04800076804 1.639311694370847e-08
58050.04800076804 2.809560389443512e-08
58100.04800076804 2.8022050299988395e-08
58150.04800076804 1.7435851616069132e-08
58200.04800076804 4.816983952476145e-09
58250.04800076804 7.87055950265696e-09
58300.04800076804 8.48648419594744e-09
58350.04800076804 1.0873082116822748e-08
58400.04800076804 2.4054365987449744e-08
58450.04800076804 2.7760879992779283e-08
58500.04800076804 2.755820118810196e-08
58550.04800076804 2.4418570205812986e-08
58600.04800076804 9.953593630277815e-09
58650.04800076804 1.2892465524447125e-08
58700.04800076804 1.7840309544437056e-08
58750.04800076804 1.5208443412687983e-08
58800.04800076804 2.8580115478630862e-09
58850.04800076804 1.092268877554059e-08
58900.04800076804 1.5392792091798007e-08
58950.04800076804 6.5473949304705685e-09
59000.04800076804 1.654494338405425e-08
59050.04800076804 2.5299540406856464e-08
59100.04800076804 2.5148783529319176e-08
59150.04800076804 1.8341924854217188e-08
59200.04800076804 2.131291195057855e-08
59250.04800076804 2.236941043498764e-08
59300.04800076804 1.762004872600755e-08
59350.04800076804 3.971402742181073e-09
59400.04800076804 4.230864838797035e-09
59450.04800076804 1.8947689844821995e-08
59500.04800076804 9.745689415112714e-09
59550.04800076804 2.2498441595609414e-08
59600.04800076804 2.8573528354103943e-08
59650.04800076804 1.3740669054517758e-08
59700.04800076804 9.533611244387112e-09
59750.04800076804 3.244794729255538e-08
59800.04800076804 1.3918891233967079e-08
59850.04800076804 2.0178462808821874e-08
59900.04800076804 6.882569170038417e-09
59950.04800076804 1.7276096819122622e-08
60000.04800076804 3.8125446753994844e-08
60050.04800076804 3.654138141075136e-08
60100.04800076804 2.8776471591630657e-08
60150.04800076804 1.2506928578093076e-08
60200.04800076804 2.543081784139521e-08
60250.04800076804 4.216256028302491e-08
60300.04800076804 3.565336793270109e-08
60350.04800076804 2.1177413511045177e-08
60400.04800076804 2.1435697866917926e-08
60450.04800076804 5.808261449022531e-09
60500.04800076804 2.2920184249505458e-09
60550.04800076804 1.8435497096421144e-08
60600.04800076804 2.4952194726890085e-08
60650.04800076804 1.5335825217487667e-08
60700.04800076804 1.0753860719853508e-08
60750.04800076804 5.649543536246631e-09
60800.04800076804 2.2984192402218804e-08
60850.04800076804 4.663042478517943e-08
60900.04800076804 4.16645287383549e-08
60950.04800076804 3.123331801375922e-08
61000.04800076804 2.878147081724754e-08
61050.04800076804 1.1410876006805952e-08
61100.04800076804 1.4111013279375615e-08
61150.04800076804 4.7960874952136014e-09
61200.04800076804 2.434462209720532e-08
61250.04800076804 3.326683070773256e-08
61300.04800076804 2.980860252720499e-08
61350.04800076804 4.9686682588599256e-08
61400.04800076804 1.807769063142427e-08
61450.04800076804 6.6880522825187895e-09
61500.04800076804 9.071286225660189e-09
61550.04800076804 1.8682640434320703e-08
61600.04800076804 7.937619310674988e-09
61650.04800076804 1.7407459016982394e-08
61700.04800076804 1.9072301803050484e-08
61750.04800076804 2.174217418602089e-08
61800.04800076804 1.8531181370227223e-08
61850.04800076804 6.92892764552369e-09
61900.04800076804 3.2587816966567456e-08
61950.04800076804 3.7875473480320675e-08
62000.04800076804 4.163833460035795e-08
62050.04800076804 4.3745001049719487e-08
62100.04800076804 2.6898098408334578e-08
62150.04800076804 4.070457274583013e-08
62200.04800076804 3.5782602923079e-08
62250.04800076804 2.7290322699037278e-08
62300.04800076804 6.23100109003696e-08
62350.04800076804 4.900266085999563e-08
62400.04800076804 2.117843075641679e-08
62450.04800076804 3.1837228089338897e-08
62500.04800076804 5.8081620523074114e-08
62550.04800076804 6.235683368090846e-08
62600.04800076804 5.615668722534145e-08
62650.04800076804 4.083000306980954e-08
62700.04800076804 3.4287523617732684e-08
62750.04800076804 5.270575417665217e-08
62800.04800076804 3.0176040623855784e-08
62850.04800076804 4.781445591324484e-08
62900.04800076804 3.461035449329226e-08
62950.04800076804 6.633598981695713e-08
63000.04800076804 4.410772826979134e-08
63050.04800076804 8.446190504374257e-08
63100.04800076804 7.489744145486802e-08
63150.04800076804 5.044104223874614e-08
63200.04800076804 5.353537281972024e-08
63250.04800076804 5.122827347026074e-08
63300.04800076804 4.197708670984003e-08
63350.04800076804 3.795021702527524e-08
63400.04800076804 1.4798444328699795e-08
