galfind/configs/Brown_Dwarf_templates/sonora_cholla/logkzz4/316g/750K_316g_logkzz4_resample.dat
# %ECSV 1.0
# ---
# datatype:
# - {name: wav, unit: Angstrom, datatype: float64}
# - {name: flux_nu, unit: erg / (cm2 Hz s), datatype: float64}
# schema: astropy-2.0
wav flux_nu
[from data line 1210]
63500.04800076804 4.761379134494865e-08
63550.04800076804 5.984021544743819e-08
63600.04800076804 6.075646403321107e-08
63650.04800076804 3.753633591045272e-08
63700.04800076804 1.585695049309026e-08
63750.04800076804 3.364496466523027e-08
63800.04800076804 6.536663833076062e-08
63850.04800076804 5.077744405285182e-08
63900.04800076804 2.0904807778084855e-08
63950.04800076804 4.37624655607933e-08
64000.04800076804 5.335895424156844e-08
64050.04800076804 2.5131671729948533e-08
64100.04800076804 6.675903809092477e-09
64150.04800076804 1.0535200490590406e-08
64200.04800076804 1.2463825738391071e-08
64250.04800076804 3.075559765965836e-08
64300.04800076804 2.2907406557270462e-08
64350.04800076804 1.7182828419102466e-08
64400.04800076804 4.2510498853878795e-08
64450.04800076804 4.593377426401524e-08
64500.04800076804 1.8535657694994078e-08
64550.04800076804 3.656085354437043e-08
64600.04800076804 1.796086201182631e-08
64650.04800076804 3.356070393384189e-08
64700.04800076804 1.2784446636714306e-08
64750.04800076804 2.0600213051605943e-08
64800.04800076804 1.5278000743021235e-08
64850.04800076804 1.08840211914931e-08
64900.04800076804 1.1153307951369143e-08
64950.04800076804 1.0685642116964046e-08
65000.04800076804 1.6164842084788715e-08
65050.04800076804 2.3394491503101848e-08
65100.04800076804 3.4374874115174764e-08
65150.04800076804 1.5959028755888394e-08
65200.04800076804 9.80782816609823e-09
65250.04800076804 2.6759834128248957e-08
65300.04800076804 2.3653732634105674e-08
65350.04800076804 5.942514901951705e-08
65400.04800076804 2.3739712231362894e-08
65450.04800076804 2.4395487317330985e-08
65500.04800076804 3.025468881247956e-08
65550.04800076805 1.408538321824586e-08
65600.04800076805 2.8106874712288175e-08
65650.04800076805 2.0387279374261483e-08
65700.04800076805 1.898814558058667e-08
65750.04800076805 1.2894014414646097e-08
65800.04800076805 2.5612975881088868e-08
65850.04800076805 3.527668771692699e-08
65900.04800076805 1.1716636449469207e-08
65950.04800076805 1.6297367809146005e-08
66000.04800076805 2.2242971208012515e-08
66050.04800076805 4.85871500285955e-08
66100.04800076805 2.5698292778552795e-08
66150.04800076805 2.117118301543479e-08
66200.04800076805 2.0279107146968703e-08
66250.04800076805 1.5096948712660983e-08
66300.04800076805 6.254731829727339e-09
66350.04800076805 6.90580891362666e-09
66400.04800076805 1.2554855405627812e-08
66450.04800076805 3.134127405165327e-08
66500.04800076805 4.558909030672189e-08
66550.04800076805 4.441742359107583e-08
66600.04800076805 3.404634098079131e-08
66650.04800076805 2.6123956362981178e-08
66700.04800076805 2.0685944524794035e-08
66750.04800076805 1.9627840513841034e-08
66800.04800076805 2.5621720106144762e-08
66850.04800076805 1.6094145450421507e-08
66900.04800076805 4.690913137511397e-08
66950.04800076805 4.710074135853128e-08
67000.04800076805 4.887791801098971e-08
67050.04800076805 2.867482781263234e-08
67100.04800076805 1.8159852926977847e-08
67150.04800076805 1.9885639249967944e-08
67200.04800076805 3.109832559275911e-08
67250.04800076805 2.9050905532136478e-08
67300.04800076805 4.1657554473050773e-08
67350.04800076805 2.1517673428877404e-08
67400.04800076805 4.966512503371685e-08
67450.04800076805 3.2834934177540886e-08
67500.04800076805 2.966764481796296e-08
67550.04800076805 4.9377382161547416e-08
67600.04800076805 8.348588871307021e-08
67650.04800076805 6.074368730143589e-08
67700.04800076805 3.695996097305066e-08
67750.04800076805 2.5824606045286376e-08
67800.04800076805 3.8239190372157455e-08
67850.04800076805 1.7643689079642226e-08
67900.04800076805 2.262784070632662e-08
67950.04800076805 1.696840358942324e-08
68000.04800076805 3.405449419018238e-08
68050.04800076805 4.598145137886821e-08
68100.04800076805 6.171991956742173e-08
68150.04800076805 4.8804062846771364e-08
68200.04800076805 4.195608503289688e-08
68250.04800076805 1.1272090121529224e-08
68300.04800076805 4.0371696900402086e-08
68350.04800076805 2.749450648107412e-08
68400.04800076805 6.660306834193366e-08
68450.04800076805 5.528568266356992e-08
68500.04800076805 3.837170205554609e-08
68550.04800076805 1.7925310467313533e-08
68600.04800076805 1.904963251990995e-08
68650.04800076805 9.905394666149298e-09
68700.04800076805 2.3444812972339556e-08
68750.04800076805 3.71717370270992e-08
68800.04800076805 4.286244539627199e-08
68850.04800076805 1.6767714942848123e-08
68900.04800076805 6.146942003115495e-08
68950.04800076805 6.156166656058203e-08
69000.04800076805 4.540270245995385e-08
69050.04800076805 2.3617524409511794e-08
69100.04800076805 5.816944667020066e-08
69150.04800076805 7.733537331368482e-08
69200.04800076805 4.951739038284626e-08
69250.04800076805 7.451931499445307e-08
69300.04800076805 4.3590487940298814e-08
69350.04800076805 7.640635024331076e-08
69400.04800076805 2.6096591268859743e-08
69450.04800076805 7.266275378805048e-08
69500.04800076805 3.5746923721954935e-08
69550.04800076805 3.306947026968892e-08
69600.04800076805 9.582440623439644e-09
69650.04800076805 3.0639918294089444e-08
69700.04800076805 5.5386239891421944e-08
69750.04800076805 3.619394364196261e-08
69800.04800076805 5.4527630241255244e-08
69850.04800076805 5.742156438997161e-08
69900.04800076805 3.9005986021763295e-08
69950.04800076805 3.8805832278209655e-08
70000.04800076805 3.8061540492190516e-08
70050.04800076805 7.229530350231273e-08
70100.04800076805 4.9493932836886106e-08
70150.04800076805 4.2944058090662194e-08
70200.04800076805 2.9448335449945322e-08
70250.04800076805 4.266181049181095e-08
70300.04800076805 7.030313865903502e-08
70350.04800076805 4.9840875462723616e-08
70400.04800076805 2.8972223823212403e-08
70450.04800076805 7.766984108392752e-09
70500.04800076805 2.397608891467625e-08
70550.04800076805 2.4470875553397913e-08
70600.04800076805 2.329895424964513e-08
70650.04800076805 5.695241541157258e-08
70700.04800076805 5.315205238510582e-08
70750.04800076805 7.367328480718961e-08
70800.04800076805 3.707152445518551e-08
70850.04800076805 3.6642173965078076e-08
70900.04800076805 4.1757037043587736e-08
70950.04800076805 6.232212791176954e-08
71000.04800076805 5.4219916942079757e-08
71050.04800076805 5.472959077527189e-08
71100.04800076805 4.2223893434517285e-08
71150.04800076805 3.5163394486506504e-08
71200.04800076805 3.067536037481485e-08
71250.04800076805 4.331307585253426e-08
71300.04800076805 5.8486901080816106e-08
71350.04800076805 6.152550668382306e-08
71400.04800076805 5.186307719722674e-08
71450.04800076805 2.355001921963845e-08
71500.04800076805 2.6345053344080535e-08
71550.04800076805 3.272883943987374e-08
71600.04800076805 3.7978273790772955e-08
71650.04800076805 2.839508914331755e-08
71700.04800076805 2.0864777875047507e-08
71750.04800076805 3.7867859637784333e-08
71800.04800076805 5.374286660848758e-08
71850.04800076805 5.132081549959674e-08
71900.04800076805 2.891620646131153e-08
71950.04800076805 3.7172483231801507e-08
72000.04800076805 3.5757632545281976e-08
72050.04800076805 2.1277839896778976e-08
72100.04800076805 2.5194527340993468e-08
72150.04800076805 2.198376543931368e-08
72200.04800076805 3.8357163188489004e-08
72250.04800076805 4.945825866702839e-08
72300.04800076805 3.455682699754261e-08
72350.04800076805 4.121639842520333e-08
72400.04800076805 3.375235673529915e-08
72450.04800076805 2.781675912496701e-08
72500.04800076805 3.76089996986404e-08
72550.04800076805 1.5592714226516182e-08
72600.04800076805 2.5863617221445074e-08
72650.04800076805 4.396080657520981e-08
72700.04800076805 3.3105421310729116e-08
72750.04800076805 3.277415498348843e-08
72800.04800076805 2.1781632418185825e-08
72850.04800076805 2.5817474075642277e-08
72900.04800076805 4.762858714209506e-08
72950.04800076805 3.366669253356515e-08
73000.04800076805 3.412907358809802e-08
73050.04800076805 2.020337544979955e-08
73100.04800076805 2.2923437097081172e-08
73150.04800076805 5.2323292354943716e-08
73200.04800076805 2.1199404348044054e-08
73250.04800076805 3.0359468469261975e-08
73300.04800076805 2.4843396281439988e-08
73350.04800076805 1.764210878570162e-08
73400.04800076805 2.987390665790697e-08
73450.04800076805 1.7562812344297412e-08
73500.04800076805 1.5174619541035422e-08
73550.04800076805 2.7467288149371252e-08
73600.04800076805 2.3202857796752546e-08
73650.04800076805 2.8300848833305535e-08
73700.04800076805 2.90375547035461e-08
73750.04800076805 1.2593683807913533e-08
73800.04800076805 2.5197271918160313e-08
73850.04800076805 3.2112460978627726e-08
73900.04800076805 2.3243399853264102e-08
73950.04800076805 2.2498634092986087e-08
74000.04800076805 1.3929825489452933e-08
74050.04800076805 4.1839352154984386e-08
74100.04800076805 2.71760695118539e-08
74150.04800076805 2.781470433718979e-08
74200.04800076805 1.9955285642011607e-08
74250.04800076805 5.827447427255289e-09
74300.04800076805 2.5329104210494776e-08
74350.04800076805 3.77232884470703e-08
74400.04800076805 3.614501074215057e-08
74450.04800076805 1.5228985966768263e-08
74500.04800076805 1.1535707623143067e-08
74550.04800076805 2.2294893488633655e-08
74600.04800076805 2.4103072640654568e-08
74650.04800076805 2.4044380562983617e-08
74700.04800076805 1.6159598361439574e-08
74750.04800076805 1.3219221001043884e-08
74800.04800076805 1.872197189855153e-08
74850.04800076805 1.861985841089495e-08
74900.04800076805 3.486739759315225e-08
74950.04800076805 3.565656288284195e-08
75000.04800076805 1.831341919169124e-08
75050.04800076805 8.6086759960625e-09
75100.04800076805 3.510716932654637e-08
75150.04800076805 3.5051446376942933e-08
75200.04800076805 3.947756861666465e-08
75250.04800076805 4.1681427131509404e-08
75300.04800076805 3.545209940302891e-08
75350.04800076805 1.4269648539449064e-08
75400.04800076805 4.423985852720661e-08
75450.04800076805 3.637143487972751e-08
75500.04800076805 3.353889924551172e-08
75550.04800076805 3.689752878994988e-08
75600.04800076805 4.78056032027995e-08
75650.04800076805 2.8031430507530614e-08
75700.04800076805 4.057861324272966e-08
75750.04800076805 2.166801747083369e-08
75800.04800076805 3.730737025960453e-08
75850.04800076805 4.475022166444878e-08
75900.04800076805 4.2069375131865965e-08
75950.04800076805 2.1816750559259736e-08
76000.04800076805 4.3430416360730315e-08
76050.04800076805 4.326657739168559e-08
76100.04800076805 3.965275147315377e-08
76150.04800076805 4.426865771381203e-08
76200.04800076805 4.1964140252843705e-08
76250.04800076805 3.474324715374646e-08
76300.04800076805 6.5034078393265e-08
76350.04800076805 7.41251167405475e-08
76400.04800076805 5.764413255044109e-08
76450.04800076805 4.9955114262602544e-08
76500.04800076805 3.4862038378486134e-08
76550.04800076805 1.8664344873163945e-08
76600.04800076805 5.408029230186621e-09
76650.04800076805 6.5914679861841486e-09
76700.04800076805 8.99284347371659e-09
76750.04800076805 8.699463552004479e-09
76800.04800076805 1.683819823455945e-08
76850.04800076805 5.551839146236352e-09
76900.04800076805 6.309511058663593e-09
76950.04800076805 1.5115009327076035e-08
77000.04800076805 1.912926636578542e-08
77050.04800076805 8.190572405930643e-09
77100.04800076805 1.0349912121094927e-08
77150.04800076805 2.2354688404173028e-08
77200.04800076805 1.592005333898927e-08
77250.04800076805 1.6561236049856354e-08
77300.04800076805 2.0666862638054075e-08
77350.04800076805 9.420391009103111e-09
77400.04800076805 1.1362595152385167e-08
77450.04800076805 1.8900923460383934e-08
77500.04800076805 1.688377171167637e-08
77550.04800076805 1.6785010921761623e-08
77600.04800076805 1.2713131521626869e-08
77650.04800076805 1.5240721756990587e-08
77700.04800076805 1.1899480032536273e-08
77750.04800076805 2.673040546055764e-08
77800.04800076805 2.4110092959419666e-08
77850.04800076805 4.4560474628462046e-08
77900.04800076805 2.685942238848495e-08
77950.04800076805 9.902801051598576e-09
78000.04800076805 1.9454500904255294e-08
78050.04800076805 2.2658900862554627e-08
78100.04800076805 2.146755127493756e-08
78150.04800076805 3.789756923035658e-08
78200.04800076805 3.5174742101389823e-08
78250.04800076805 3.8956341226421086e-08
78300.04800076805 2.569550883961585e-08
78350.04800076805 3.3694744741874524e-08
78400.04800076805 1.7148651195726965e-08
78450.04800076805 3.62738776308228e-08
78500.04800076805 4.27078525730438e-08
78550.04800076805 5.149032874310119e-08
78600.04800076805 3.982041656049552e-08
78650.04800076805 9.364780699096678e-09
78700.04800076805 1.79310004185339e-08
78750.04800076805 2.201145646970647e-08
78800.04800076805 2.9567480115036415e-08
78850.04800076805 1.254197959280487e-08
78900.04800076805 2.6314505513144655e-08
78950.04800076805 3.465378317904407e-08
79000.04800076805 3.013978791704867e-08
79050.04800076805 2.426209254306841e-08
79100.04800076805 2.732545365332112e-08
79150.04800076805 2.8449262836549134e-08
79200.04800076805 3.42099017128233e-08
79250.04800076805 2.1843470063910982e-08
79300.04800076805 1.746383340266089e-08
79350.04800076805 2.905591180934405e-08
79400.04800076805 1.902167612533956e-08
79450.04800076805 4.075031490535415e-08
79500.04800076805 5.75349624105692e-08
79550.04800076805 4.299015255698363e-08
79600.04800076805 2.1670156083737947e-08
79650.04800076805 3.3578996047969135e-08
79700.04800076805 3.3396779981928936e-08
79750.04800076805 3.458489542547828e-08
79800.04800076805 1.9697845093397968e-08
79850.04800076805 3.277059335527217e-08
79900.04800076805 6.083340957937705e-08
79950.04800076805 4.5898468851768214e-08
