galfind/configs/Brown_Dwarf_templates/sonora_cholla/logkzz4/316g/750K_316g_logkzz4_resample.dat
# %ECSV 1.0
# ---
# datatype:
# - {name: wav, unit: Angstrom, datatype: float64}
# - {name: flux_nu, unit: erg / (cm2 Hz s), datatype: float64}
# schema: astropy-2.0
wav flux_nu
3000.0480007680403 nan
3050.0480007680403 0.0
3100.0480007680403 0.0
3150.0480007680403 0.0
3200.0480007680403 0.0
3250.0480007680403 0.0
3300.0480007680403 0.0
3350.0480007680403 0.0
3400.0480007680403 0.0
3450.0480007680403 0.0
3500.0480007680403 0.0
3550.0480007680403 0.0
3600.0480007680403 0.0
3650.0480007680403 0.0
3700.0480007680403 0.0
3750.0480007680403 0.0
3800.0480007680403 0.0
3850.0480007680403 0.0
3900.0480007680403 0.0
3950.0480007680403 0.0
4000.0480007680403 0.0
4050.0480007680403 0.0
4100.04800076804 0.0
4150.04800076804 0.0
4200.04800076804 0.0
4250.04800076804 0.0
4300.04800076804 0.0
4350.04800076804 0.0
4400.04800076804 0.0
4450.04800076804 0.0
4500.04800076804 0.0
4550.04800076804 0.0
4600.04800076804 0.0
4650.04800076804 0.0
4700.04800076804 0.0
4750.04800076804 0.0
4800.04800076804 0.0
4850.04800076804 0.0
4900.04800076804 0.0
4950.04800076804 0.0
5000.04800076804 4.1950986230580814e-12
5050.04800076804 1.0013738792053506e-11
5100.04800076804 1.0907105531559476e-11
5150.04800076804 1.220530176382011e-11
5200.04800076804 1.3767438016628203e-11
5250.04800076804 1.5409898331568015e-11
5300.04800076804 1.7158938437982386e-11
5350.04800076804 1.907105446107619e-11
5400.04800076804 2.1079220925887505e-11
5450.04800076804 2.3319401810035556e-11
5500.04800076804 2.569737470276724e-11
5550.04800076804 2.8155972426134417e-11
5600.04800076804 3.051555960863397e-11
5650.04800076804 3.2639337332551695e-11
5700.04800076804 3.397402640462695e-11
5750.04800076804 3.468426210520821e-11
5800.04800076804 3.381378586719388e-11
5850.04800076804 3.086171390733155e-11
5900.04800076804 1.4888444558575325e-11
5950.04800076804 2.340664121995292e-11
6000.04800076804 5.16642618430015e-11
6050.04800076804 7.765617222166001e-11
6100.04800076804 1.060534550574493e-10
6150.04800076804 1.3589919360821108e-10
6200.04800076804 1.6738793919565953e-10
6250.04800076804 2.0056396514795215e-10
6300.04800076804 2.379398014749336e-10
6350.04800076804 2.7969580062583206e-10
6400.04800076804 3.2376481245042315e-10
6450.04800076804 3.586155034187793e-10
6500.04800076804 4.1037219287509606e-10
6550.04800076804 4.750051185227743e-10
6600.04800076804 5.457525345188021e-10
6650.04800076804 6.308270456326847e-10
6700.04800076804 7.389592472818118e-10
6750.04800076804 8.520097747969725e-10
6800.04800076804 9.705580119324385e-10
6850.04800076804 1.1010433867456814e-09
6900.04800076804 1.0993701808262226e-09
6950.04800076804 1.0744983119926765e-09
7000.04800076804 1.1959313624213013e-09
7050.04800076804 1.2226943885223357e-09
7100.04800076804 1.3030332790670217e-09
7150.04800076804 1.1787909382768505e-09
7200.04800076804 1.1655608762734271e-09
7250.04800076804 1.3104125706992529e-09
7300.04800076804 1.3784285060241228e-09
7350.04800076804 1.5249707962342874e-09
7400.04800076804 1.6810654037124117e-09
7450.04800076804 1.8772824493446603e-09
7500.04800076804 2.025400893850974e-09
7550.04800076804 2.165946130917798e-09
7600.04800076804 2.2798235092211704e-09
7650.04800076804 2.3304614555304393e-09
7700.04800076804 1.6097322914143164e-09
7750.04800076804 9.441628238138958e-10
7800.04800076804 2.5010295903163995e-09
7850.04800076804 3.073251769025808e-09
7900.04800076804 3.54050798873981e-09
7950.04800076804 3.98446932521427e-09
8000.04800076804 4.3030175087802454e-09
8050.04800076804 4.579465939317262e-09
8100.04800076804 4.07600744328455e-09
8150.04800076804 3.94588040654963e-09
8200.04800076804 5.0067437393859046e-09
8250.04800076804 5.048331279249934e-09
8300.04800076804 5.5483658964191544e-09
8350.04800076804 5.760734628587388e-09
8400.04800076804 6.174443262238127e-09
8450.04800076804 7.027928865802666e-09
8500.04800076804 7.840597545835895e-09
8550.04800076804 8.752567387928485e-09
8600.04800076804 9.74698979058322e-09
8650.04800076804 1.0550852327848445e-08
8700.04800076804 1.100641659056011e-08
8750.04800076804 1.1825256188212981e-08
8800.04800076804 1.2147112301081088e-08
8850.04800076804 1.1102553485143338e-08
8900.04800076804 6.537907451147752e-09
8950.04800076804 6.450974459390832e-09
9000.04800076804 5.978056096690006e-09
9050.04800076804 1.0653814809462448e-08
9100.04800076804 1.1502026113933081e-08
9150.04800076804 1.1109128502215049e-08
9200.04800076804 1.3317767985260676e-08
9250.04800076804 1.1362440446613306e-08
9300.04800076804 2.3573016396315196e-09
9350.04800076804 3.1185145187612206e-09
9400.04800076804 6.230003879947337e-09
9450.04800076804 6.442446463483675e-09
9500.04800076804 5.62535277852111e-09
9550.04800076804 6.153804484923758e-09
9600.04800076804 5.9741691996504356e-09
9650.04800076804 7.619196940507372e-09
9700.04800076804 1.1152051958560215e-08
9750.04800076804 1.1379989883441517e-08
9800.04800076804 1.342930846659951e-08
9850.04800076804 1.570498061439458e-08
9900.04800076804 1.9703262422891557e-08
9950.04800076804 2.0956512160044467e-08
10000.04800076804 2.5900240050941598e-08
10050.04800076804 2.853510924289705e-08
10100.04800076804 3.4424214297680015e-08
10150.04800076804 3.9345069416499214e-08
10200.04800076804 4.5414808726172494e-08
10250.04800076804 5.1443318339865824e-08
10300.04800076804 5.8597486526008196e-08
10350.04800076804 6.647528410822249e-08
10400.04800076804 7.702347695817686e-08
10450.04800076804 8.360936201423307e-08
10500.04800076804 8.883613224224309e-08
10550.04800076804 9.461886599161257e-08
10600.04800076804 9.681855781208201e-08
10650.04800076804 1.002673687975864e-07
10700.04800076804 9.97041810924053e-08
10750.04800076804 1.008767271456824e-07
10800.04800076804 9.702761483256172e-08
10850.04800076804 8.982172768632038e-08
10900.04800076804 6.472437692425553e-08
10950.04800076804 3.304564830595223e-08
11000.04800076804 2.17542958359785e-08
11050.04800076804 1.300488032775737e-08
11100.04800076804 8.30194288650477e-09
11150.04800076804 4.520498626928675e-09
11200.04800076804 4.1350753048042264e-09
11250.04800076804 5.342242684499445e-09
11300.04800076804 6.186743903000717e-09
11350.04800076804 2.465388327966667e-09
11400.04800076804 6.943394205703945e-09
11450.04800076804 4.73964878359196e-09
11500.04800076804 4.4264878779845874e-09
11550.04800076804 1.7982072484738283e-09
11600.04800076804 1.6451669110696991e-09
11650.04800076804 3.3377759802374946e-09
11700.04800076804 4.032325971899098e-09
11750.04800076804 1.497199703394124e-09
11800.04800076804 5.596130530999205e-09
11850.04800076804 9.502029425089274e-09
11900.04800076804 1.189898448207923e-08
11950.04800076804 1.8538085924285665e-08
12000.04800076804 2.6538868219096885e-08
12050.04800076804 3.681916910943523e-08
12100.04800076804 4.8588358820343104e-08
12150.04800076804 6.185170641560656e-08
12200.04800076804 7.466373936006749e-08
12250.04800076804 9.173972258661142e-08
12300.04800076804 1.1074478197771908e-07
12350.04800076804 1.1675279872231123e-07
12400.04800076804 1.42884524875867e-07
12450.04800076804 1.663720593036364e-07
12500.04800076804 1.8072027385537736e-07
12550.04800076804 1.936315089205289e-07
12600.04800076804 1.9273270870545116e-07
12650.04800076804 1.862217983576796e-07
12700.04800076804 1.8245501415731384e-07
12750.04800076804 1.661248515251155e-07
12800.04800076804 1.5791008817160153e-07
12850.04800076804 1.2328648228577913e-07
12900.04800076804 1.0173305055281724e-07
12950.04800076804 9.101408797592828e-08
13000.04800076804 9.039047251565367e-08
13050.04800076804 7.198717935517704e-08
13100.04800076804 6.632811706678582e-08
13150.04800076804 4.965234568219838e-08
13200.04800076804 4.54025480307402e-08
13250.04800076804 3.115327109386333e-08
13300.04800076804 1.3724346713704818e-08
13350.04800076804 4.1360317964753685e-09
13400.04800076804 1.6879960281325147e-09
13450.04800076804 7.164037253180108e-10
13500.04800076804 3.157741404580075e-10
13550.04800076804 1.8019303016008967e-10
13600.04800076804 6.612392986943395e-11
13650.04800076804 3.22641985079161e-10
13700.04800076804 2.0508072996332845e-10
13750.04800076804 3.7682053838393364e-10
13800.04800076804 4.27221940795243e-10
13850.04800076804 2.38009024494999e-10
13900.04800076804 2.7957789363804475e-10
13950.04800076804 2.5954254810500475e-10
14000.04800076804 2.6451412939633144e-10
14050.04800076804 4.142519544130222e-10
14100.04800076804 3.4717928065019377e-10
14150.04800076804 6.071228630785094e-10
14200.04800076804 3.9892130683041636e-10
14250.04800076804 4.986948388411333e-10
14300.04800076804 1.1843579749001728e-09
14350.04800076804 1.0564906300436047e-09
14400.04800076804 1.1677672682671e-09
14450.04800076804 1.60255554011364e-09
14500.04800076804 3.4328703623054672e-09
14550.04800076804 3.6323502446463608e-09
14600.04800076804 5.759893436420962e-09
14650.04800076804 5.686315187556873e-09
14700.04800076804 3.5544422866664494e-09
14750.04800076804 5.3412100286383895e-09
14800.04800076804 7.037468724604803e-09
14850.04800076804 7.095100638161483e-09
14900.04800076804 8.36557045897386e-09
14950.04800076804 1.0613232136779926e-08
15000.04800076804 1.3499278827104581e-08
15050.04800076804 1.5384614983269036e-08
15100.04800076804 1.8466612612305468e-08
15150.04800076804 1.9291840935665492e-08
15200.04800076804 2.0611970088058594e-08
15250.04800076804 2.9403719025326123e-08
15300.04800076804 3.5011029293060325e-08
15350.04800076804 4.423039469817098e-08
15400.04800076804 5.050023401341725e-08
15450.04800076804 5.774061172772986e-08
15500.04800076804 6.188279751087031e-08
15550.04800076804 7.42545232499399e-08
15600.04800076804 8.130135214808972e-08
15650.04800076804 8.420863088805379e-08
15700.04800076804 9.739687994472437e-08
15750.04800076804 1.0352468525024285e-07
15800.04800076804 1.0311895215402864e-07
15850.04800076804 1.0788879428807057e-07
15900.04800076804 9.647804523863031e-08
15950.04800076804 8.805534832423257e-08
16000.04800076804 6.934486148597888e-08
16050.04800076804 4.634477503888062e-08
16100.04800076804 3.240058855534304e-08
16150.04800076804 1.96332057401787e-08
16200.04800076804 1.168401684809858e-08
16250.04800076804 1.0204312221952973e-08
16300.04800076804 7.398363378279444e-09
16350.04800076804 8.681794433016454e-09
16400.04800076804 1.029014113128113e-08
16450.04800076804 1.0763431073043297e-08
16500.04800076804 1.1484725127857865e-08
16550.04800076804 1.0793023487291584e-08
16600.04800076804 1.27442511027053e-08
16650.04800076804 8.984480701803934e-09
16700.04800076804 2.166250883278287e-09
16750.04800076804 5.259777341834822e-09
16800.04800076804 8.708644726577859e-09
16850.04800076804 8.949333988723805e-09
16900.04800076804 6.083275195382392e-09
16950.04800076804 4.902576559911628e-09
17000.04800076804 3.3103155314189013e-09
17050.04800076804 5.0520786064929945e-09
17100.04800076804 6.973914078551547e-09
17150.04800076804 4.561058035037966e-09
17200.04800076804 1.0005930117901953e-08
17250.04800076804 6.834452910596091e-09
17300.04800076804 4.84600709138297e-09
17350.04800076804 5.2297580808853675e-09
17400.04800076804 6.2552319279305226e-09
17450.04800076804 7.684961076066649e-09
17500.04800076804 9.653329251663492e-09
17550.04800076804 8.011386089883623e-09
17600.04800076804 6.037836163128854e-09
17650.04800076804 5.575125744024237e-09
17700.04800076804 4.419668466235799e-09
17750.04800076804 3.807481848321925e-09
17800.04800076804 5.830171652772257e-09
17850.04800076804 3.5643052253654854e-09
17900.04800076804 3.4043394132614e-09
17950.04800076804 2.156234671058526e-09
18000.04800076804 3.0865924937835116e-09
18050.04800076804 2.6470498695418064e-09
18100.04800076804 2.503137935891003e-09
18150.04800076804 3.329907449568642e-09
18200.04800076804 1.7817968536407633e-09
18250.04800076804 5.3322977048754e-09
18300.04800076804 2.043256763987379e-09
18350.04800076804 1.6813648637613894e-09
18400.04800076804 1.3063233650674236e-09
18450.04800076804 3.1480957274164285e-09
18500.04800076804 3.2451359042453285e-09
18550.04800076804 2.1462424557758844e-09
18600.04800076804 2.2824695354401734e-09
18650.04800076804 1.5699911809185815e-09
18700.04800076804 9.843400300428548e-10
18750.04800076804 1.803971714045173e-09
18800.04800076804 5.9493338689728214e-09
18850.04800076804 5.7358157768812036e-09
18900.04800076804 4.994934908381927e-09
18950.04800076804 9.558543431598604e-09
19000.04800076804 4.1924839683659325e-09
19050.04800076804 2.6994389288934014e-09
19100.04800076804 6.214942039655118e-09
19150.04800076804 3.421305490532749e-09
19200.04800076804 5.717746077229854e-09
19250.04800076804 4.112206406592663e-09
19300.04800076804 2.9949531732422533e-09
19350.04800076804 3.3249369030168345e-09
19400.04800076804 2.1107263805532012e-09
19450.04800076804 4.555036821787326e-09
19500.04800076804 4.027356058375975e-09
19550.04800076804 3.42209240276912e-09
19600.04800076804 5.103410320559004e-09
19650.04800076804 6.161425520010871e-09
19700.04800076804 6.37755672543931e-09
19750.04800076804 8.016601365700589e-09
19800.04800076804 8.99126682201309e-09
19850.04800076804 1.1814204988819845e-08
19900.04800076804 9.8420328434226e-09
19950.04800076804 1.5248972377014816e-08
20000.04800076804 1.4659838514581e-08
20050.04800076804 1.5291017260429256e-08
20100.04800076804 1.8659042101414876e-08
20150.04800076804 1.587293979832392e-08
20200.04800076804 1.834286634808433e-08
20250.04800076804 2.2762921752149704e-08
20300.04800076804 2.1341446207906036e-08
20350.04800076804 2.4984285970417493e-08
20400.04800076804 2.3220215069073063e-08
20450.04800076804 2.896390349146649e-08
20500.04800076804 2.967025140534101e-08
20550.04800076804 2.9468187793470895e-08
20600.04800076804 3.223914126925773e-08
20650.04800076804 3.163961755045131e-08
20700.04800076804 3.113049120887954e-08
20750.04800076804 3.3331144055405426e-08
20800.04800076804 3.188316328977956e-08
20850.04800076804 3.2637589852175836e-08
20900.04800076804 3.3093763773459744e-08
20950.04800076804 3.120100327608898e-08
21000.04800076804 3.1181001728076815e-08
21050.04800076804 2.9585278100321374e-08
21100.04800076804 2.8449390394062866e-08
21150.04800076804 2.8290233002296947e-08
21200.04800076804 2.6543992111135656e-08
21250.04800076804 2.5334948511969886e-08
21300.04800076804 2.2288468228682912e-08
21350.04800076804 2.215664011587175e-08
21400.04800076804 2.0801522752364177e-08
21450.04800076804 1.80085683978748e-08
21500.04800076804 1.8324715778760525e-08
21550.04800076804 1.702300193456801e-08
21600.04800076804 1.5260095535578796e-08
21650.04800076804 1.3333807782162471e-08
21700.04800076804 1.3925351522620635e-08
21750.04800076804 1.3652324580689475e-08
21800.04800076804 1.161274677158665e-08
21850.04800076804 1.001672357052072e-08
21900.04800076804 8.285016225259361e-09
21950.04800076804 3.6116943713618555e-09
22000.04800076804 1.103872229908421e-09
22050.04800076804 1.1758824212290823e-09
22100.04800076804 2.957874815134945e-09
22150.04800076804 3.3005924452478747e-09
22200.04800076804 2.901900097042994e-09
22250.04800076804 2.8284996022085265e-09
22300.04800076804 1.8610292654489918e-09
22350.04800076804 1.9786295460073407e-09
22400.04800076804 1.1994115099683676e-09
22450.04800076804 1.1353077287928448e-09
22500.04800076804 1.2561219421312753e-09
22550.04800076804 6.255979877419348e-10
22600.04800076804 9.031660038445403e-10
22650.04800076804 1.3313419449257127e-09
22700.04800076804 8.266761156235307e-10
22750.04800076804 9.259183984414717e-10
22800.04800076804 9.496723222965657e-10
22850.04800076804 8.184672708970273e-10
22900.04800076804 5.338230475225712e-10
22950.04800076804 4.752523448398357e-10
23000.04800076804 6.927059787366473e-10
23050.04800076804 8.152643454982638e-10
23100.04800076804 2.3462012498310293e-09
23150.04800076804 2.518657886563817e-09
23200.04800076804 3.0855755237334456e-10
23250.04800076804 4.707406178742302e-10
23300.04800076804 6.054426230805208e-10
23350.04800076804 4.361694101678694e-10
23400.04800076804 7.305793321203886e-10
23450.04800076804 4.97363484391711e-10
23500.04800076804 4.946398960169314e-10
23550.04800076804 8.156394895719603e-10
23600.04800076804 1.0603545384465099e-09
23650.04800076804 1.3854346781817278e-09
23700.04800076804 4.605842391595415e-10
23750.04800076804 3.7239851780045386e-10
23800.04800076804 1.0113418091778734e-09
