galfind/configs/Brown_Dwarf_templates/sonora_cholla/logkzz4/316g/800K_316g_logkzz4_resample.dat
# %ECSV 1.0
# ---
# datatype:
# - {name: wav, unit: Angstrom, datatype: float64}
# - {name: flux_nu, unit: erg / (cm2 Hz s), datatype: float64}
# schema: astropy-2.0
wav flux_nu
[from data line 1211]
63550.04800076804 7.838791335308815e-08
63600.04800076804 8.233910724518721e-08
63650.04800076804 5.3206608147980794e-08
63700.04800076804 2.5123082330243967e-08
63750.04800076804 4.819157756982393e-08
63800.04800076804 8.512195807493364e-08
63850.04800076804 6.836374828448429e-08
63900.04800076804 3.1680912786952665e-08
63950.04800076804 6.14966887049879e-08
64000.04800076804 7.30060771910012e-08
64050.04800076804 3.80248174053679e-08
64100.04800076804 1.08969378652168e-08
64150.04800076804 1.7002620045314173e-08
64200.04800076804 1.9683474965235903e-08
64250.04800076804 4.421190831528462e-08
64300.04800076804 3.2776119112398106e-08
64350.04800076804 2.5718910957265217e-08
64400.04800076804 5.802105446719508e-08
64450.04800076804 6.259970170665737e-08
64500.04800076804 2.665217566824241e-08
64550.04800076804 4.963803800964333e-08
64600.04800076804 2.427117216792353e-08
64650.04800076804 4.631325650288995e-08
64700.04800076804 1.9169574643376053e-08
64750.04800076804 2.9305548981450438e-08
64800.04800076804 2.336931995376836e-08
64850.04800076804 1.7318551781451117e-08
64900.04800076804 1.8283669360589013e-08
64950.04800076804 1.762012447628328e-08
65000.04800076804 2.527948227069417e-08
65050.04800076804 3.3581349735581785e-08
65100.04800076804 4.790451892723221e-08
65150.04800076804 2.3147149862764486e-08
65200.04800076804 1.5805140586940218e-08
65250.04800076804 3.941408108007178e-08
65300.04800076804 3.3004843054741367e-08
65350.04800076804 7.885346756803006e-08
65400.04800076804 3.3372423396937e-08
65450.04800076804 3.449815603785458e-08
65500.04800076804 4.276574955102296e-08
65550.04800076805 2.141501035623049e-08
65600.04800076805 3.8701554311052205e-08
65650.04800076805 3.046673091661553e-08
65700.04800076805 2.8511144592811912e-08
65750.04800076805 1.9735252531147556e-08
65800.04800076805 3.6468377686597076e-08
65850.04800076805 4.8714879050365453e-08
65900.04800076805 1.8351137564110044e-08
65950.04800076805 2.287135571040042e-08
66000.04800076805 3.1556834506419085e-08
66050.04800076805 6.656271114779282e-08
66100.04800076805 3.598666673493823e-08
66150.04800076805 2.8845896193996124e-08
66200.04800076805 2.7893535847320845e-08
66250.04800076805 2.240613031817195e-08
66300.04800076805 9.601574353834164e-09
66350.04800076805 1.1422108681117398e-08
66400.04800076805 1.9738527429041164e-08
66450.04800076805 4.4204640982380284e-08
66500.04800076805 6.312124782322438e-08
66550.04800076805 6.109002489347834e-08
66600.04800076805 4.668007299359223e-08
66650.04800076805 3.673894485016506e-08
66700.04800076805 3.090554707035374e-08
66750.04800076805 2.8266474489670417e-08
66800.04800076805 3.763339139795901e-08
66850.04800076805 2.3906588977456173e-08
66900.04800076805 6.189176635924947e-08
66950.04800076805 6.422256158780438e-08
67000.04800076805 6.456914566984293e-08
67050.04800076805 3.971245445480219e-08
67100.04800076805 2.6681214792760444e-08
67150.04800076805 2.8531317652107122e-08
67200.04800076805 4.2554306255156814e-08
67250.04800076805 4.030218232584925e-08
67300.04800076805 5.4112730147858134e-08
67350.04800076805 2.9983260985775595e-08
67400.04800076805 6.623883880106402e-08
67450.04800076805 4.5306296601507084e-08
67500.04800076805 4.0826055197002736e-08
67550.04800076805 6.284521733794478e-08
67600.04800076805 1.0583691301817981e-07
67650.04800076805 7.734853050885246e-08
67700.04800076805 4.950874070680162e-08
67750.04800076805 3.654703604116965e-08
67800.04800076805 5.3205823778512945e-08
67850.04800076805 2.5905721259760038e-08
67900.04800076805 3.319746330663987e-08
67950.04800076805 2.4318262839639085e-08
68000.04800076805 4.536698112329517e-08
68050.04800076805 6.173938069588869e-08
68100.04800076805 7.911095508424409e-08
68150.04800076805 6.229114020263296e-08
68200.04800076805 5.6824491774901e-08
68250.04800076805 1.7232073006376515e-08
68300.04800076805 5.288183066880465e-08
68350.04800076805 3.34257898618713e-08
68400.04800076805 8.372306383172048e-08
68450.04800076805 7.142567988873346e-08
68500.04800076805 5.208568055279566e-08
68550.04800076805 2.6362608231073596e-08
68600.04800076805 2.82121941194808e-08
68650.04800076805 1.5357170326557116e-08
68700.04800076805 3.3559298383028026e-08
68750.04800076805 5.021868803420823e-08
68800.04800076805 5.8013730059583725e-08
68850.04800076805 2.33251598656587e-08
68900.04800076805 7.988715776687222e-08
68950.04800076805 7.956142884024661e-08
69000.04800076805 6.269429630799732e-08
69050.04800076805 3.383246002192194e-08
69100.04800076805 7.750701329465488e-08
69150.04800076805 9.952328462251496e-08
69200.04800076805 6.2262044817424e-08
69250.04800076805 9.548543407939562e-08
69300.04800076805 5.65388701354469e-08
69350.04800076805 9.472386009088633e-08
69400.04800076805 3.433290680149076e-08
69450.04800076805 9.154960516367683e-08
69500.04800076805 4.66879793324666e-08
69550.04800076805 4.5823067341429165e-08
69600.04800076805 1.4145763932740737e-08
69650.04800076805 4.182285109180633e-08
69700.04800076805 7.369315953242914e-08
69750.04800076805 4.9416045764027446e-08
69800.04800076805 7.050240194827954e-08
69850.04800076805 7.394982515373175e-08
69900.04800076805 5.1789538485934875e-08
69950.04800076805 5.209680759744089e-08
70000.04800076805 4.955291481822067e-08
70050.04800076805 9.098690890987898e-08
70100.04800076805 6.24791281479104e-08
70150.04800076805 5.7152479807149016e-08
70200.04800076805 3.946083656019058e-08
70250.04800076805 5.6894073587995184e-08
70300.04800076805 8.824807314089687e-08
70350.04800076805 6.284468287857918e-08
70400.04800076805 3.970199691790924e-08
70450.04800076805 1.2475247616748925e-08
70500.04800076805 3.284439106865438e-08
70550.04800076805 3.3680139771810276e-08
70600.04800076805 3.174841225177627e-08
70650.04800076805 7.253454516702621e-08
70700.04800076805 6.679587564056421e-08
70750.04800076805 8.915304196300613e-08
70800.04800076805 4.7859619963077554e-08
70850.04800076805 4.6700846238700124e-08
70900.04800076805 5.162057439276746e-08
70950.04800076805 7.786742732746695e-08
71000.04800076805 6.727543874014176e-08
71050.04800076805 6.80846386246994e-08
71100.04800076805 5.385885844011952e-08
71150.04800076805 4.71329965998939e-08
71200.04800076805 4.111317564442186e-08
71250.04800076805 5.4378207982756526e-08
71300.04800076805 7.330894482875418e-08
71350.04800076805 7.58602737560345e-08
71400.04800076805 6.640995570133017e-08
71450.04800076805 3.166150109235277e-08
71500.04800076805 3.5869228995679416e-08
71550.04800076805 4.337521506417217e-08
71600.04800076805 5.027335692029966e-08
71650.04800076805 3.924732623177008e-08
71700.04800076805 2.936324936523452e-08
71750.04800076805 4.881692583895193e-08
71800.04800076805 6.802207952396967e-08
71850.04800076805 6.534831038514761e-08
71900.04800076805 3.842848533936509e-08
71950.04800076805 4.742543190452227e-08
72000.04800076805 4.612275965792057e-08
72050.04800076805 2.927660119430769e-08
72100.04800076805 3.4455436181967254e-08
72150.04800076805 2.916991786628707e-08
72200.04800076805 4.918553693940832e-08
72250.04800076805 6.100226799102277e-08
72300.04800076805 4.535636533621837e-08
72350.04800076805 5.253676422075893e-08
72400.04800076805 4.2901685765658576e-08
72450.04800076805 3.5852564248007505e-08
72500.04800076805 4.760750754641997e-08
72550.04800076805 2.119186590999619e-08
72600.04800076805 3.280073243950256e-08
72650.04800076805 5.509167619313811e-08
72700.04800076805 4.4556788449941524e-08
72750.04800076805 4.2619275585902216e-08
72800.04800076805 3.052734527399368e-08
72850.04800076805 3.441534336189744e-08
72900.04800076805 5.8655613420874067e-08
72950.04800076805 4.471297497705896e-08
73000.04800076805 4.4916135389016574e-08
73050.04800076805 2.8307227004723505e-08
73100.04800076805 3.048190088996876e-08
73150.04800076805 6.668871666891669e-08
73200.04800076805 2.9006178732344966e-08
73250.04800076805 4.05804337262775e-08
73300.04800076805 3.489857782364785e-08
73350.04800076805 2.498697490846436e-08
73400.04800076805 3.993349734651323e-08
73450.04800076805 2.459505217887963e-08
73500.04800076805 2.1254704485967405e-08
73550.04800076805 3.729450298057875e-08
73600.04800076805 3.0179592627134405e-08
73650.04800076805 3.804866250848734e-08
73700.04800076805 4.036863862130622e-08
73750.04800076805 1.933692465698237e-08
73800.04800076805 3.443429092556341e-08
73850.04800076805 4.218514321238473e-08
73900.04800076805 3.3823583773058584e-08
73950.04800076805 3.1544946696952266e-08
74000.04800076805 2.0945986460401996e-08
74050.04800076805 5.624600005199116e-08
74100.04800076805 3.607215158977171e-08
74150.04800076805 3.73619471451164e-08
74200.04800076805 2.9120732462516478e-08
74250.04800076805 1.0167660367876106e-08
74300.04800076805 3.37637048445622e-08
74350.04800076805 4.937461178033496e-08
74400.04800076805 4.680473615030424e-08
74450.04800076805 2.085883214003218e-08
74500.04800076805 1.7482571664859937e-08
74550.04800076805 3.121904161423218e-08
74600.04800076805 3.261528454944259e-08
74650.04800076805 3.240131768756377e-08
74700.04800076805 2.2415272696233104e-08
74750.04800076805 1.9963464213643263e-08
74800.04800076805 2.6945224810264798e-08
74850.04800076805 2.4739758820814873e-08
74900.04800076805 4.5823391535429744e-08
74950.04800076805 4.7622856630931525e-08
75000.04800076805 2.623857594840803e-08
75050.04800076805 1.4220132543690661e-08
75100.04800076805 4.809445376108733e-08
75150.04800076805 4.5184888954203984e-08
75200.04800076805 5.168538329978844e-08
75250.04800076805 5.418130478951607e-08
75300.04800076805 4.805478483849019e-08
75350.04800076805 2.1532441996105117e-08
75400.04800076805 5.752964918202704e-08
75450.04800076805 4.657835554130067e-08
75500.04800076805 4.222755158568277e-08
75550.04800076805 4.8753846862933924e-08
75600.04800076805 6.39379748179681e-08
75650.04800076805 3.8040378952801227e-08
75700.04800076805 5.045195609794107e-08
75750.04800076805 2.8761586990862156e-08
75800.04800076805 4.857387228410442e-08
75850.04800076805 5.89261615218693e-08
75900.04800076805 5.371936633858008e-08
75950.04800076805 2.9614881869105957e-08
76000.04800076805 5.399415428562695e-08
76050.04800076805 5.481787978628523e-08
76100.04800076805 5.022857375638744e-08
76150.04800076805 5.650083843693366e-08
76200.04800076805 5.4557182661275117e-08
76250.04800076805 4.906730923860999e-08
76300.04800076805 8.19713735630785e-08
76350.04800076805 9.33809459068757e-08
76400.04800076805 7.301654952527504e-08
76450.04800076805 6.575395351286583e-08
76500.04800076805 4.7423037457639026e-08
76550.04800076805 2.8100982945863255e-08
76600.04800076805 9.098376352876684e-09
76650.04800076805 1.0648876121055239e-08
76700.04800076805 1.3996320441353629e-08
76750.04800076805 1.3525326693299477e-08
76800.04800076805 2.4879707222768994e-08
76850.04800076805 8.212864891179411e-09
76900.04800076805 1.019524049440198e-08
76950.04800076805 2.1628033213003664e-08
77000.04800076805 2.6485369969919518e-08
77050.04800076805 1.2805533099923768e-08
77100.04800076805 1.6069314162954922e-08
77150.04800076805 3.0059975507570333e-08
77200.04800076805 2.2466305788609523e-08
77250.04800076805 2.4392454266656064e-08
77300.04800076805 2.7551273452330583e-08
77350.04800076805 1.3332620253815061e-08
77400.04800076805 1.622996252871289e-08
77450.04800076805 2.341842612752762e-08
77500.04800076805 2.1632212800490594e-08
77550.04800076805 2.312289034689504e-08
77600.04800076805 1.9547834655254908e-08
77650.04800076805 2.1885529118707707e-08
77700.04800076805 1.7634313789941598e-08
77750.04800076805 3.534019078255245e-08
77800.04800076805 3.0557956334621266e-08
77850.04800076805 5.5267520721803555e-08
77900.04800076805 3.621318136720013e-08
77950.04800076805 1.518947509926467e-08
78000.04800076805 2.7735811001641553e-08
78050.04800076805 3.096509737086883e-08
78100.04800076805 2.785495610024432e-08
78150.04800076805 4.812636570346039e-08
78200.04800076805 4.355680414206949e-08
78250.04800076805 4.9670981677597644e-08
78300.04800076805 3.735928185800728e-08
78350.04800076805 4.384284200007889e-08
78400.04800076805 2.5459859640469665e-08
78450.04800076805 4.9050221625160264e-08
78500.04800076805 5.3761630866894185e-08
78550.04800076805 6.290336750699832e-08
78600.04800076805 5.046189017793157e-08
78650.04800076805 1.4245153109407752e-08
78700.04800076805 2.571307750131124e-08
78750.04800076805 2.9139737045060188e-08
78800.04800076805 4.153335540268928e-08
78850.04800076805 1.8581517940061135e-08
78900.04800076805 3.561713660193797e-08
78950.04800076805 4.3875124509871814e-08
79000.04800076805 3.953545826016758e-08
79050.04800076805 3.323117316856901e-08
79100.04800076805 3.5936800867452544e-08
79150.04800076805 3.897025569378065e-08
79200.04800076805 4.5938880755471756e-08
79250.04800076805 3.161731264097183e-08
79300.04800076805 2.458848173001797e-08
79350.04800076805 3.993917306045022e-08
79400.04800076805 2.813160813906187e-08
79450.04800076805 5.278685926960991e-08
79500.04800076805 7.31187326205657e-08
79550.04800076805 5.4978824834361615e-08
79600.04800076805 2.873739088051239e-08
79650.04800076805 4.334946048722068e-08
79700.04800076805 4.5334371972685795e-08
79750.04800076805 4.745200873973709e-08
79800.04800076805 2.8317968185737182e-08
79850.04800076805 4.223717760531601e-08
79900.04800076805 7.617442586424873e-08
79950.04800076805 5.569295698755111e-08
