galfind/configs/Brown_Dwarf_templates/sonora_cholla/logkzz4/316g/800K_316g_logkzz4_resample.dat
# %ECSV 1.0
# ---
# datatype:
# - {name: wav, unit: Angstrom, datatype: float64}
# - {name: flux_nu, unit: erg / (cm2 Hz s), datatype: float64}
# schema: astropy-2.0
wav flux_nu
[from data line 417]
23850.04800076804 1.5974024892856373e-09
23900.04800076804 3.0324773192162843e-09
23950.04800076804 2.6832025794028864e-09
24000.04800076804 3.879487264965504e-09
24050.04800076804 4.564193044785818e-09
24100.04800076804 3.7019232168108836e-09
24150.04800076804 4.679311971607666e-09
24200.04800076804 4.68491423404617e-09
24250.04800076804 3.259699519711866e-09
24300.04800076804 5.330392653011951e-09
24350.04800076804 3.8485664879603765e-09
24400.04800076804 7.2534184466090036e-09
24450.04800076804 6.140894188555577e-09
24500.04800076804 6.841621880580951e-09
24550.04800076804 8.375895997803559e-09
24600.04800076804 9.704773032248804e-09
24650.04800076804 1.1090550175139651e-08
24700.04800076804 8.078600411895829e-09
24750.04800076804 8.497557305756188e-09
24800.04800076804 8.39984960483511e-09
24850.04800076804 1.3075615944715351e-08
24900.04800076804 5.711621578805392e-09
24950.04800076804 1.0580561827398993e-08
25000.04800076804 1.0515040434790838e-08
25050.04800076804 6.486691261585448e-09
25100.04800076804 9.306813317691231e-09
25150.04800076804 4.914541087268695e-09
25200.04800076804 7.334658806526941e-09
25250.04800076804 3.4902198639891676e-09
25300.04800076804 5.517079258600971e-09
25350.04800076804 2.5326407101956168e-09
25400.04800076804 6.017390104355004e-09
25450.04800076804 2.868826678459501e-09
25500.04800076804 2.556380029833279e-09
25550.04800076804 4.0015508450265575e-09
25600.04800076804 2.165126224759116e-09
25650.04800076804 1.6155159190352167e-09
25700.04800076804 3.0438839155938237e-09
25750.04800076804 1.225051603392364e-09
25800.04800076804 3.817915229578229e-09
25850.04800076804 1.132866601859443e-09
25900.04800076804 1.7432548728655653e-09
25950.04800076804 7.856413663979065e-10
26000.04800076804 3.6331915246879345e-09
26050.04800076804 1.1488734741726726e-09
26100.04800076804 3.458757473395661e-09
26150.04800076804 2.1821545858283693e-09
26200.04800076804 2.515907434581209e-09
26250.04800076804 7.01523216860415e-09
26300.04800076804 2.960444965036724e-09
26350.04800076804 8.125837763275777e-09
26400.04800076804 1.0244108070234594e-08
26450.04800076804 8.763527327087202e-09
26500.04800076804 1.0340998019457468e-08
26550.04800076804 4.123697752482743e-09
26600.04800076804 4.618189659582169e-09
26650.04800076804 1.4916915718643408e-09
26700.04800076804 8.41911766572942e-10
26750.04800076804 1.0257861135505773e-09
26800.04800076804 1.834507225079046e-09
26850.04800076804 1.0713426387400033e-09
26900.04800076804 3.4212722882090057e-09
26950.04800076804 1.4146758707211002e-09
27000.04800076804 5.04139647182978e-09
27050.04800076804 4.7802955340828045e-09
27100.04800076804 2.058649059905656e-09
27150.04800076804 6.739240708987757e-09
27200.04800076804 1.9684265366618062e-09
27250.04800076804 3.6257656673637943e-09
27300.04800076804 1.425444674401717e-08
27350.04800076804 7.371349771004658e-09
27400.04800076804 9.638197393961414e-10
27450.04800076804 9.30860167017774e-09
27500.04800076804 1.1654422439583468e-08
27550.04800076804 2.9099985688108473e-09
27600.04800076804 6.43923639889829e-09
27650.04800076804 2.3488751018264156e-09
27700.04800076804 1.8545457806999358e-09
27750.04800076804 7.3418910547364235e-09
27800.04800076804 2.9456424595212175e-09
27850.04800076804 3.6400383126237837e-09
27900.04800076804 5.004660609013178e-09
27950.04800076804 8.971780438208932e-09
28000.04800076804 7.1794541356422995e-09
28050.04800076804 2.0633303973520673e-09
28100.04800076804 1.0938133908488324e-08
28150.04800076804 6.520564816079011e-09
28200.04800076804 2.213110161703027e-09
28250.04800076804 1.1793209589298773e-08
28300.04800076804 1.6240748136537514e-08
28350.04800076804 3.143747728036386e-09
28400.04800076804 9.021079811899877e-09
28450.04800076804 1.4690347434846558e-08
28500.04800076804 8.696590808302627e-09
28550.04800076804 2.7281554936989716e-09
28600.04800076804 1.3560486417863764e-08
28650.04800076804 1.2565514043471448e-08
28700.04800076804 1.0393647720095629e-08
28750.04800076804 1.816286320951297e-08
28800.04800076804 1.5532185037528555e-08
28850.04800076804 1.855070362079433e-08
28900.04800076804 8.072130614912761e-09
28950.04800076804 2.4511715248572846e-08
29000.04800076804 1.5189054113913046e-08
29050.04800076804 1.833764051531095e-08
29100.04800076804 1.2083883033793918e-08
29150.04800076804 2.8353566673540818e-08
29200.04800076804 1.6673497515720565e-08
29250.04800076804 2.4663984767563148e-08
29300.04800076804 1.4079106399455182e-08
29350.04800076804 5.797345812102321e-08
29400.04800076804 1.9450505025072686e-08
29450.04800076804 2.3608497992551e-08
29500.04800076804 3.164893201932493e-08
29550.04800076804 2.2417004525454728e-08
29600.04800076804 3.293501820007091e-08
29650.04800076804 3.367965282491478e-08
29700.04800076804 1.992175957277384e-08
29750.04800076804 3.182651624817957e-08
29800.04800076804 3.4172175509343036e-08
29850.04800076804 4.39820427593223e-08
29900.04800076804 4.495255803973249e-08
29950.04800076804 3.3674816251415965e-08
30000.04800076804 1.9283830154461836e-08
30050.04800076804 2.1961812346659405e-08
30100.04800076804 3.332582937893425e-08
30150.04800076804 4.5379420764860945e-08
30200.04800076804 3.0215196124798446e-08
30250.04800076804 5.6021153338588776e-08
30300.04800076804 4.682079657067943e-08
30350.04800076804 3.607573291040619e-08
30400.04800076804 5.072684038453349e-08
30450.04800076804 3.5457966110487184e-08
30500.04800076804 3.349791522172474e-08
30550.04800076804 3.065997561229546e-08
30600.04800076804 4.668924144594985e-08
30650.04800076804 3.689788966473978e-08
30700.04800076804 3.0746244028559444e-08
30750.04800076804 3.1913797488565906e-08
30800.04800076804 2.642136094358834e-08
30850.04800076804 2.8516720964255346e-08
30900.04800076804 2.7133042276641744e-08
30950.04800076804 1.6326976673651232e-08
31000.04800076804 2.166863463975746e-08
31050.04800076804 2.174683889171613e-08
31100.04800076804 1.4243589017977033e-08
31150.04800076804 1.833571621465993e-08
31200.04800076804 2.188275207093906e-08
31250.04800076804 1.3817552570572555e-08
31300.04800076804 1.2826006400741087e-08
31350.04800076804 1.3638813186275074e-08
31400.04800076804 8.345343854618931e-09
31450.04800076804 1.3226750106151203e-08
31500.04800076804 7.401679405329794e-09
31550.04800076804 9.566116137635247e-09
31600.04800076804 6.193751938199432e-09
31650.04800076804 6.047010012321127e-09
31700.04800076804 7.718457286367792e-09
31750.04800076804 3.704753446297939e-09
31800.04800076804 7.24606444129329e-09
31850.04800076804 3.871618624246932e-09
31900.04800076804 5.516088518821495e-09
31950.04800076804 3.957028784538474e-09
32000.04800076804 4.416190583372251e-09
32050.04800076804 3.4966340028713745e-09
32100.04800076804 2.9990283087261516e-09
32150.04800076804 4.194936003129377e-09
32200.04800076804 2.565448555849254e-09
32250.04800076804 5.828335369430281e-09
32300.04800076804 2.125957914628569e-09
32350.04800076804 6.353125857020162e-09
32400.04800076804 2.742054696055358e-09
32450.04800076804 4.869829471307386e-09
32500.04800076804 3.391096244855822e-09
32550.04800076804 4.947845943383844e-09
32600.04800076804 4.4128312271321175e-09
32650.04800076804 7.319608253413823e-09
32700.04800076804 5.435725720542323e-09
32750.04800076804 9.782198318675177e-09
32800.04800076804 7.588929517411464e-09
32850.04800076804 1.2320698058186665e-08
32900.04800076804 1.1984262677927156e-08
32950.04800076804 1.3565253461298389e-08
33000.04800076804 9.238111859220855e-09
33050.04800076804 1.0023995567322372e-08
33100.04800076804 4.115815706769479e-09
33150.04800076804 1.5165164052091563e-10
33200.04800076804 3.9213612278412335e-10
33250.04800076804 2.752739365620764e-10
33300.04800076804 5.470767460597844e-10
33350.04800076804 1.6152261926369412e-09
33400.04800076804 3.1301956249009113e-09
33450.04800076804 3.5837282205919924e-09
33500.04800076804 7.0449188675808555e-09
33550.04800076804 4.924103898999427e-09
33600.04800076804 7.75665999628301e-09
33650.04800076804 6.776471599185907e-09
33700.04800076804 5.237123453047735e-09
33750.04800076804 9.448068398496627e-09
33800.04800076804 3.666214374676431e-09
33850.04800076804 6.699834675531302e-09
33900.04800076804 6.614997658811498e-09
33950.04800076804 6.714789665567768e-09
34000.04800076804 9.427490363419823e-09
34050.04800076804 3.0831911734864327e-09
34100.04800076804 8.18904857916554e-09
34150.04800076804 4.802794762413614e-09
34200.04800076804 7.488641711134892e-09
34250.04800076804 5.919142422647554e-09
34300.04800076804 5.217995955754664e-09
34350.04800076804 8.853856014266692e-09
34400.04800076804 5.114965061507702e-09
34450.04800076804 9.587004041989191e-09
34500.04800076804 5.817259327877253e-09
34550.04800076804 4.2593876304007096e-09
34600.04800076804 1.058120398449644e-08
34650.04800076804 4.208272636309573e-09
34700.04800076804 6.515373089736297e-09
34750.04800076804 6.266597172434549e-09
34800.04800076804 4.419409424403288e-09
34850.04800076804 9.010257454883194e-09
34900.04800076804 7.739210406812777e-09
34950.04800076804 7.762320549420134e-09
35000.04800076804 1.265865768703001e-08
35050.04800076804 7.893301803777435e-09
35100.04800076804 1.3733519872279292e-08
35150.04800076804 1.1958907112209507e-08
35200.04800076804 1.4431008901929508e-08
35250.04800076804 1.587193363049197e-08
35300.04800076804 1.0010943316922341e-08
35350.04800076804 1.5743147351205722e-08
35400.04800076804 1.4274777298199127e-08
35450.04800076804 1.2032483220294856e-08
35500.04800076804 2.6110891856481e-08
35550.04800076804 1.711895368754392e-08
35600.04800076804 1.9684240285109113e-08
35650.04800076804 2.0111935009388425e-08
35700.04800076804 1.408863673984275e-08
35750.04800076804 2.9519541178783974e-08
35800.04800076804 2.1350851276952367e-08
35850.04800076804 1.399293106442422e-08
35900.04800076804 2.3185466862257804e-08
35950.04800076804 2.383025528417114e-08
36000.04800076804 1.4385382451317718e-08
36050.04800076804 2.1791331529838143e-08
36100.04800076804 2.0146553780961054e-08
36150.04800076804 2.80282253308786e-08
36200.04800076804 2.5178645877099493e-08
36250.04800076804 2.843288267303092e-08
36300.04800076804 3.335351667387135e-08
36350.04800076804 2.9207659562070808e-08
36400.04800076804 4.3115485726808735e-08
36450.04800076804 3.791103132119179e-08
36500.04800076804 3.87090661833332e-08
36550.04800076804 4.998680896555846e-08
36600.04800076804 5.6928795972516455e-08
36650.04800076804 5.380924258943313e-08
36700.04800076804 5.7170439685065484e-08
36750.04800076804 6.073787503753652e-08
36800.04800076804 5.797590517413456e-08
36850.04800076804 4.532047427196344e-08
36900.04800076804 5.6933398288806986e-08
36950.04800076804 5.991798068588292e-08
37000.04800076804 5.5079356057937306e-08
37050.04800076804 6.616092894072477e-08
37100.04800076804 6.615629439658834e-08
37150.04800076804 6.705706952769676e-08
37200.04800076804 6.94355846961836e-08
37250.04800076804 5.7478206797590807e-08
37300.04800076804 5.8481095209417064e-08
37350.04800076804 7.482107906711075e-08
37400.04800076804 9.044797864389105e-08
37450.04800076804 6.656054026661006e-08
37500.04800076804 6.333280242169323e-08
37550.04800076804 1.0121314097567773e-07
37600.04800076804 1.1778173814285779e-07
37650.04800076804 7.519556431039045e-08
37700.04800076804 9.59228341623012e-08
37750.04800076804 6.931627553186639e-08
37800.04800076804 7.983084956074464e-08
37850.04800076804 5.922808550929018e-08
37900.04800076804 7.24903813424598e-08
37950.04800076804 9.424532924759497e-08
38000.04800076804 1.1270226681877847e-07
38050.04800076804 1.0510657883107254e-07
38100.04800076804 1.1716314286034109e-07
38150.04800076804 1.1810621515342306e-07
38200.04800076804 1.2400000736187905e-07
38250.04800076804 1.1946886683087147e-07
38300.04800076804 1.665234300580744e-07
38350.04800076804 1.578911946838174e-07
38400.04800076804 9.90595093714031e-08
38450.04800076804 9.504376905326803e-08
38500.04800076804 6.666239139557492e-08
38550.04800076804 1.009907511444772e-07
38600.04800076804 1.0957773413019809e-07
38650.04800076804 1.4562514146322569e-07
38700.04800076804 1.3816535056963688e-07
38750.04800076804 1.4199684420175233e-07
38800.04800076804 1.0815955996264558e-07
38850.04800076804 1.5698921620746046e-07
38900.04800076804 1.6243559797763808e-07
38950.04800076804 1.2262557859645567e-07
39000.04800076804 1.770995788368337e-07
39050.04800076804 1.3774211490318907e-07
39100.04800076804 1.5951210018764773e-07
39150.04800076804 1.5073194573994714e-07
39200.04800076804 1.3532976287568727e-07
39250.04800076804 1.7793932746306022e-07
39300.04800076804 1.647050128138507e-07
39350.04800076804 2.198801106043965e-07
39400.04800076804 1.8521565478008852e-07
39450.04800076804 1.9139046227974714e-07
39500.04800076804 1.882035137799607e-07
39550.04800076804 1.7451070583492094e-07
39600.04800076804 1.9417525858987069e-07
39650.04800076804 2.4586149147094933e-07
39700.04800076804 1.9219463035885288e-07
39750.04800076804 1.36919208071848e-07
39800.04800076804 1.8314474059694155e-07
39850.04800076804 2.334262444806201e-07
39900.04800076804 2.374525545167641e-07
39950.04800076804 2.0597336942788902e-07
40000.04800076804 2.577973924027569e-07
40050.04800076804 2.4111379068528767e-07
40100.04800076804 1.6196215280278215e-07
40150.04800076804 2.615596261161633e-07
40200.04800076804 2.591212088169949e-07
40250.04800076804 2.584520768206074e-07
40300.04800076804 2.7307384180254774e-07
40350.04800076804 1.996030601897333e-07
40400.04800076804 2.6746010052331525e-07
40450.04800076804 2.1879763510016546e-07
40500.04800076804 2.7920839978262714e-07
40550.04800076804 2.776239030447445e-07
40600.04800076804 2.6146327202751017e-07
40650.04800076804 2.553557232417296e-07
40700.04800076804 3.608084153771966e-07
40750.04800076804 2.9193799482907985e-07
40800.04800076804 2.2191489291838871e-07
40850.04800076804 3.4757791339217476e-07
40900.04800076804 3.1480095672341284e-07
40950.04800076804 2.530952856615529e-07
41000.04800076804 2.910212330629043e-07
41050.04800076804 3.543149004514308e-07
41100.04800076804 2.544741056406537e-07
41150.04800076804 2.048897436612705e-07
41200.04800076804 3.5693803854420585e-07
41250.04800076804 3.136059743370024e-07
41300.04800076804 2.69580664602642e-07
41350.04800076804 3.7113552292873466e-07
41400.04800076804 3.190244071498233e-07
41450.04800076804 3.4578000222032076e-07
41500.04800076804 2.7045727731048916e-07
41550.04800076804 2.5295802083195214e-07
41600.04800076804 3.220136919406561e-07
41650.04800076804 3.287852793197117e-07
41700.04800076804 3.003703544282197e-07
41750.04800076804 2.8303509777556446e-07
41800.04800076804 3.8399739110197626e-07
41850.04800076804 2.2986781934932196e-07
41900.04800076804 2.6113615469439104e-07
41950.04800076804 3.018907990068635e-07
42000.04800076804 3.40591777403407e-07
42050.04800076804 2.9007017934069075e-07
42100.04800076804 3.6977991939424486e-07
42150.04800076804 2.648949363461596e-07
42200.04800076804 2.8595971004504337e-07
42250.04800076804 2.6350116473619745e-07
42300.04800076804 2.681540631106798e-07
42350.04800076804 3.0773212014759907e-07
42400.04800076804 3.008474483274838e-07
42450.04800076804 2.799442705941261e-07
42500.04800076804 2.647377623926279e-07
42550.04800076804 2.5483181341819173e-07
42600.04800076804 2.765572275883611e-07
42650.04800076804 3.842818403078309e-07
42700.04800076804 2.2973372546849362e-07
42750.04800076804 2.476157049979829e-07
42800.04800076804 2.491035187850754e-07
42850.04800076804 2.969022711339731e-07
42900.04800076804 3.293102405411868e-07
42950.04800076804 2.392985174541825e-07
43000.04800076804 3.2453314353164703e-07
43050.04800076804 1.6258989581071714e-07
43100.04800076804 2.414550695787297e-07
43150.04800076804 2.634625294832608e-07
43200.04800076804 2.89836982401629e-07
43250.04800076804 3.7152041644539566e-07
43300.04800076804 3.760226743863286e-07
43350.04800076804 2.1442247043213328e-07
43400.04800076804 2.8582730849041984e-07
43450.04800076804 2.005633986036095e-07
43500.04800076804 2.289491335932907e-07
43550.04800076804 2.2995721964402273e-07
43600.04800076804 2.985550198838293e-07
