galfind/configs/Brown_Dwarf_templates/sonora_cholla/logkzz4/316g/850K_316g_logkzz4_resample.dat
# %ECSV 1.0
# ---
# datatype:
# - {name: wav, unit: Angstrom, datatype: float64}
# - {name: flux_nu, unit: erg / (cm2 Hz s), datatype: float64}
# schema: astropy-2.0
wav flux_nu
[from data line 388]
29400.000000000095 2.9304577090896807e-08
29450.000000000095 3.42822053852076e-08
29500.000000000095 4.314414728353455e-08
29550.000000000095 3.21885043398788e-08
29600.000000000095 4.656472857400004e-08
29650.000000000095 4.5150061554864186e-08
29700.000000000095 2.95029634704991e-08
29750.000000000095 4.46826393000766e-08
29800.000000000095 4.8794000521045786e-08
29850.000000000095 5.9297051776433444e-08
29900.000000000095 6.00750304347854e-08
29950.000000000095 4.655799428712006e-08
30000.000000000095 3.111646889097202e-08
30050.000000000095 3.2447884090187545e-08
30100.000000000095 4.6546770692522676e-08
30150.000000000095 6.239869832109192e-08
30200.000000000095 4.268508435718439e-08
30250.000000000095 7.371418495606472e-08
30300.000000000095 6.142392983008231e-08
30350.000000000095 4.955165738331812e-08
30400.000000000095 6.676288261849927e-08
30450.000000000095 4.7640173626118656e-08
30500.000000000095 4.537531072648554e-08
30550.000000000095 4.3187793990923125e-08
30600.000000000095 6.030475787948175e-08
30650.000000000095 4.935688201759216e-08
30700.000000000095 4.188221392021637e-08
30750.000000000095 4.167065011959099e-08
30800.000000000095 3.622167227088875e-08
30850.000000000095 3.7535122220482727e-08
30900.000000000095 3.655506470729235e-08
30950.000000000095 2.2733383408670493e-08
31000.000000000095 2.9121718654249794e-08
31050.000000000095 2.9750984997800465e-08
31100.000000000095 1.9621864418722444e-08
31150.000000000095 2.4919155913642996e-08
31200.000000000095 2.868964716897151e-08
31250.000000000095 1.9215607269702092e-08
31300.000000000095 1.810184973752049e-08
31350.000000000095 1.8639213648291364e-08
31400.000000000095 1.1650440858316357e-08
31450.000000000095 1.839146492261018e-08
31500.000000000095 1.083601174215621e-08
31550.000000000095 1.4029616145250648e-08
31600.000000000095 9.15595649909341e-09
31650.000000000095 9.120218950732036e-09
31700.000000000095 1.1409199929595777e-08
31750.000000000095 5.952596140502038e-09
31800.000000000095 1.0595956848071517e-08
31850.000000000095 6.4509235993066165e-09
31900.000000000095 8.401204906824809e-09
31950.000000000095 6.457121113641022e-09
32000.000000000095 7.152553837897174e-09
32050.000000000095 5.59288944847529e-09
32100.000000000095 4.9448730246439346e-09
32150.000000000095 6.776726119053738e-09
32200.000000000095 4.3160453167852465e-09
32250.000000000095 9.098237221221602e-09
32300.000000000095 3.60064537353451e-09
32350.000000000095 1.0011223872390688e-08
32400.000000000095 4.855139941923134e-09
32450.000000000095 8.049168308205414e-09
32500.000000000095 5.775256997229443e-09
32550.000000000095 8.072561454396255e-09
32600.000000000095 7.641548684199083e-09
32650.000000000095 1.1594855071610107e-08
32700.000000000095 9.069838621367228e-09
32750.000000000095 1.4866879177586558e-08
32800.000000000095 1.1616373476414935e-08
32850.000000000095 1.794862680268485e-08
32900.000000000095 1.7888311767578614e-08
32950.000000000095 1.9873793378109363e-08
33000.000000000095 1.4486196324754911e-08
33050.000000000095 1.5392293070875125e-08
33100.000000000095 6.6578970498206435e-09
33150.000000000095 4.023598248187255e-10
33200.000000000095 8.149056693356701e-10
33250.000000000095 5.213569489704445e-10
33300.000000000095 9.114477137946003e-10
33350.000000000095 2.4792405341126414e-09
33400.000000000095 4.5189579171823525e-09
33450.000000000095 5.525781322582559e-09
33500.000000000095 9.81910968260709e-09
33550.000000000095 7.516937708188615e-09
33600.000000000095 1.194048083375511e-08
33650.000000000095 1.0628260609027624e-08
33700.000000000095 8.524863711423255e-09
33750.000000000095 1.4305994586057713e-08
33800.000000000095 6.438494312240229e-09
33850.000000000095 1.0802775950472977e-08
33900.000000000095 1.03795091801927e-08
33950.000000000095 1.0832842336039253e-08
34000.000000000095 1.4269262034226917e-08
34050.000000000095 5.1263630664331545e-09
34100.000000000095 1.2684317900769753e-08
34150.000000000095 7.835083602887999e-09
34200.000000000095 1.162453692965315e-08
34250.000000000095 9.265213305104938e-09
34300.000000000095 8.099428262426888e-09
34350.000000000095 1.3124959977599278e-08
34400.000000000095 8.19694040980395e-09
34450.000000000095 1.4456959270884905e-08
34500.000000000095 9.347212640004108e-09
34550.000000000095 6.830563108293615e-09
34600.000000000095 1.531908279501864e-08
34650.000000000095 6.890799850016854e-09
34700.000000000095 9.89445880497219e-09
34750.000000000095 9.615831061467618e-09
34800.000000000095 6.6484027409233186e-09
34850.000000000095 1.2821007018776302e-08
34900.000000000095 1.2267725123590021e-08
34950.000000000095 1.1605216327670303e-08
35000.000000000095 1.770884804199854e-08
35050.000000000095 1.1687003888936835e-08
35100.000000000095 1.918335696679366e-08
35150.000000000095 1.697170122821783e-08
35200.000000000095 2.1060423460839472e-08
35250.000000000095 2.2564982985117514e-08
35300.000000000095 1.4529921469904691e-08
35350.000000000095 2.2336434864955875e-08
35400.000000000095 2.1025726416010003e-08
35450.000000000095 1.778916159216849e-08
35500.000000000095 3.565542892096484e-08
35550.000000000095 2.4969608239936606e-08
35600.000000000095 2.7820610263715347e-08
35650.000000000095 2.8219491408327628e-08
35700.000000000095 1.9717106446368233e-08
35750.000000000095 3.9842715453856817e-08
35800.000000000095 3.023366603262973e-08
35850.000000000095 2.0616018719205508e-08
35900.000000000095 3.332033928799528e-08
35950.000000000095 3.478963947663337e-08
36000.000000000095 2.1650220439998986e-08
36050.000000000095 3.1739768600133084e-08
36100.000000000095 2.9700818722448265e-08
36150.000000000095 3.84628983628247e-08
36200.000000000095 3.5090157148633833e-08
36250.000000000095 4.0000552668985376e-08
36300.000000000095 4.5270433184770354e-08
36350.000000000095 4.2598447095813444e-08
36400.000000000095 5.885334703864702e-08
36450.000000000095 5.513346986811189e-08
36500.000000000095 5.4167360196886396e-08
36550.000000000095 6.694526898662541e-08
36600.000000000095 7.879772003808464e-08
36650.000000000095 7.851129635797307e-08
36700.000000000095 7.840132774814862e-08
36750.000000000095 8.85870278935292e-08
36800.000000000095 7.887184798158471e-08
36850.000000000095 6.490600578247692e-08
36900.000000000095 7.86805622066847e-08
36950.000000000095 8.393599467211013e-08
37000.000000000095 7.629493206648735e-08
37050.000000000095 9.140600383267125e-08
37100.000000000095 9.180596428879821e-08
37150.000000000095 9.20314606824526e-08
37200.000000000095 9.52955111518489e-08
37250.000000000095 8.005601845857822e-08
37300.000000000095 8.265326998507846e-08
37350.000000000095 1.0138554208032289e-07
37400.000000000095 1.2440554122515505e-07
37450.000000000095 9.526950975332323e-08
37500.000000000095 8.738003707273706e-08
37550.000000000095 1.4351773519212874e-07
37600.000000000095 1.537084088505298e-07
37650.000000000095 1.0358430162661262e-07
37700.000000000095 1.2692274323343042e-07
37750.000000000095 9.408452007398116e-08
37800.000000000095 1.100150233120337e-07
37850.000000000095 8.469748404192215e-08
37900.000000000095 1.0130874952381122e-07
37950.000000000095 1.2859398551185642e-07
38000.000000000095 1.523914222843172e-07
38050.000000000095 1.3672525762142552e-07
38100.000000000095 1.5334056247156222e-07
38150.000000000095 1.563121336445854e-07
38200.000000000095 1.6181582948080805e-07
38250.000000000095 1.5516233626445652e-07
38300.000000000095 2.1026908732082322e-07
38350.000000000095 2.0559256861099094e-07
38400.000000000095 1.3214429989394793e-07
38450.000000000095 1.3267827092417395e-07
38500.000000000095 9.750821434665678e-08
38550.000000000095 1.3924444995834206e-07
38600.000000000095 1.4877245697537018e-07
38650.000000000095 1.9162004278074548e-07
38700.000000000095 1.8324067270285923e-07
38750.000000000095 1.8918827486025132e-07
38800.000000000095 1.472339033902246e-07
38850.000000000095 2.070661691525256e-07
38900.000000000095 2.1127357156922313e-07
38950.000000000095 1.661742306814105e-07
39000.000000000095 2.2995844276251546e-07
39050.000000000095 1.8515776936338196e-07
39100.000000000095 2.061944943148889e-07
39150.000000000095 1.974625858720866e-07
39200.000000000095 1.8196502331989372e-07
39250.000000000095 2.3311020148506609e-07
39300.000000000095 2.157958855922663e-07
39350.000000000095 2.779322312287066e-07
39400.000000000095 2.43482800537822e-07
39450.000000000095 2.4815122990046e-07
39500.000000000095 2.401000142199992e-07
39550.000000000095 2.3138864716902643e-07
39600.000000000095 2.4787804060497873e-07
39650.000000000095 3.136834258121802e-07
39700.000000000095 2.4884642156341476e-07
39750.000000000095 1.849479469806232e-07
39800.000000000095 2.516721637241305e-07
39850.000000000095 2.9941218990782975e-07
39900.000000000095 2.972068281096717e-07
39950.000000000095 2.68905371930019e-07
40000.000000000095 3.2662813221440046e-07
40050.000000000095 3.1579391733639333e-07
40100.000000000095 2.1926499857044868e-07
40150.000000000095 3.3714357067901697e-07
40200.000000000095 3.4151127584931354e-07
40250.000000000095 3.2259705970804544e-07
40300.000000000095 3.469163466591653e-07
40350.000000000095 2.6501638360700936e-07
40400.000000000095 3.408709675933742e-07
40450.000000000095 2.9196427815348145e-07
40500.000000000095 3.517889248485678e-07
40550.000000000095 3.58734280175118e-07
40600.000000000095 3.337173278055545e-07
40650.000000000095 3.3390809163862516e-07
40700.000000000095 4.549770622324492e-07
40750.000000000095 3.691692645961185e-07
40800.000000000095 2.901913634906752e-07
40850.000000000095 4.3952744480586875e-07
40900.000000000095 3.921893617727229e-07
40950.000000000095 3.2243092617019653e-07
41000.000000000095 3.7364676189551316e-07
41050.000000000095 4.394553693508533e-07
41100.000000000095 3.4779680746380373e-07
41150.000000000095 2.71800029919643e-07
41200.000000000095 4.4104265822664674e-07
41250.000000000095 4.017832348847246e-07
41300.000000000095 3.376384726845122e-07
41350.000000000095 4.6285901394710557e-07
41400.000000000095 4.0309772548936737e-07
41450.000000000095 4.272022673077826e-07
41500.000000000095 3.4410736829856965e-07
41550.000000000095 3.2495958258227134e-07
41600.000000000095 4.0229286973302556e-07
41650.000000000095 3.967124681335803e-07
41700.000000000095 3.6800115296070504e-07
41750.000000000095 3.4099300406354275e-07
41800.000000000095 4.781656435448911e-07
41850.000000000095 2.7828209901836655e-07
41900.000000000095 3.275685093547052e-07
41950.000000000095 3.781200577267735e-07
42000.000000000095 4.1255897258484757e-07
42050.000000000095 3.5678620381739e-07
42100.000000000095 4.3588413748356733e-07
42150.000000000095 3.1635100105132657e-07
42200.000000000095 3.411617543948627e-07
42250.000000000095 3.1994698417139587e-07
42300.000000000095 3.280228204808648e-07
42350.000000000095 3.7228424432680965e-07
42400.000000000095 3.491659124254553e-07
42450.000000000095 3.266844887549111e-07
42500.000000000095 3.1287616625504193e-07
42550.000000000095 3.0745247374550375e-07
42600.000000000095 3.316168242738663e-07
42650.000000000095 4.512693456179884e-07
42700.000000000095 2.825493338623567e-07
42750.000000000095 2.952960445672223e-07
42800.000000000095 2.9688925542905136e-07
42850.000000000095 3.5140347348318966e-07
42900.000000000095 3.8788465193907074e-07
42950.000000000095 2.80773170197678e-07
43000.000000000095 3.858259467127686e-07
43050.000000000095 1.998520645704933e-07
43100.000000000095 2.9368392474301774e-07
43150.000000000095 3.2003167779476184e-07
43200.000000000095 3.4154756041286787e-07
43250.000000000095 4.341748429933463e-07
43300.000000000095 4.4356500779838873e-07
43350.000000000095 2.556408542046746e-07
43400.000000000095 3.373224692922425e-07
43450.000000000095 2.4134929289529196e-07
43500.000000000095 2.6982717370857497e-07
43550.000000000095 2.69017347768444e-07
43600.000000000095 3.475968584141037e-07
43650.000000000095 2.221139010370851e-07
43700.000000000095 3.9022832033971057e-07
43750.000000000095 3.701710938266784e-07
43800.000000000095 2.934026446357202e-07
43850.000000000095 2.9313480232457067e-07
43900.000000000095 2.5708735073688754e-07
43950.000000000095 2.1387554552134962e-07
44000.000000000095 1.4732945543016358e-07
44050.000000000095 2.58634556069664e-07
44100.000000000095 2.873850217536629e-07
44150.000000000095 2.8017048883611826e-07
44200.000000000095 2.4099119071699583e-07
44250.000000000095 1.9824603001540808e-07
44300.000000000095 1.7611221219711037e-07
44350.000000000095 1.57834291129049e-07
44400.000000000095 1.6245299528298012e-07
44450.000000000095 1.741284185070261e-07
44500.000000000095 1.400560628972589e-07
44550.000000000095 1.6712494543299135e-07
44600.000000000095 1.297277569494062e-07
44650.000000000095 1.5207357643030797e-07
44700.000000000095 1.304079053833764e-07
44750.000000000095 1.391247961187298e-07
44800.000000000095 1.2092285379351621e-07
44850.000000000095 1.2066008399460806e-07
44900.000000000095 9.295995688993495e-08
44950.000000000095 8.866286446815256e-08
45000.000000000095 9.514027734362586e-08
45050.000000000095 9.911399315523878e-08
45100.000000000095 9.29496620379218e-08
45150.000000000095 8.155832324284193e-08
45200.000000000095 5.713325805988476e-08
45250.000000000095 6.51812878134958e-08
45300.000000000095 7.794455705716564e-08
45350.000000000095 7.511355013661075e-08
45400.000000000095 5.8350584973527806e-08
45450.000000000095 5.656864982339612e-08
45500.000000000095 6.074022756501078e-08
45550.000000000095 7.258863848597394e-08
45600.000000000095 5.452850976622242e-08
45650.000000000095 5.283056923392087e-08
45700.000000000095 6.880739033938531e-08
45750.000000000095 5.7262829561870024e-08
45800.000000000095 4.6751442047337516e-08
45850.000000000095 7.654385466907438e-08
45900.000000000095 7.573599567106204e-08
45950.000000000095 4.769340041945967e-08
46000.000000000095 7.055763895528476e-08
46050.000000000095 7.74742525629839e-08
46100.000000000095 4.883418342503755e-08
46150.000000000095 7.599281618397802e-08
46200.000000000095 7.216357447513831e-08
46250.000000000095 3.5052925254955576e-08
46300.000000000095 8.940549078628559e-08
46350.000000000095 6.303832667138217e-08
46400.000000000095 7.624199688759402e-08
46450.000000000095 1.0608374541705662e-07
46500.000000000095 7.149805572355081e-08
46550.000000000095 1.0335655925280293e-07
46600.000000000095 1.0336371844109735e-07
46650.000000000095 1.9398190854534425e-07
46700.000000000095 1.3104644983670606e-07
46750.000000000095 9.362180142850023e-08
46800.000000000095 6.612890187414475e-08
46850.000000000095 1.1208623221305867e-07
46900.000000000095 9.316605301398169e-08
46950.000000000095 1.3519366944003081e-07
47000.000000000095 6.52057102894528e-08
47050.000000000095 1.3391680261691476e-07
47100.000000000095 5.2829042699514413e-08
47150.000000000095 7.738261915576182e-08
47200.000000000095 9.477999768915478e-08
47250.000000000095 6.060864261479616e-08
47300.000000000095 7.274228523462597e-08
47350.000000000095 5.406252982824743e-08
47400.000000000095 1.1028922364970045e-07
47450.000000000095 5.276573535256188e-08
47500.000000000095 1.217755331231082e-07
47550.000000000095 5.722626710151873e-08
47600.000000000095 1.1229181669003558e-07
47650.000000000095 5.8743682687101266e-08
47700.000000000095 1.0664122856870197e-07
47750.000000000095 4.893464171752648e-08
47800.000000000095 9.401287781089687e-08
47850.000000000095 4.720398420935445e-08
47900.000000000095 8.031487259601823e-08
47950.000000000095 6.737671085122098e-08
48000.000000000095 1.3207371784989407e-07
48050.000000000095 8.105607456541864e-08
48100.000000000095 1.0513212486672643e-07
48150.000000000095 7.90557166911354e-08
48200.000000000095 1.188658759615425e-07
48250.000000000095 8.20023447567158e-08
48300.000000000095 1.5775165615158016e-07
48350.000000000095 7.766004942114657e-08
48400.000000000095 8.831645957093466e-08
48450.000000000095 7.387325419699726e-08
48500.000000000095 1.4604533667035342e-07
48550.000000000095 6.937174232787343e-08
48600.000000000095 1.3275241987481802e-07
48650.000000000095 7.777712411258098e-08
