galfind/configs/Brown_Dwarf_templates/sonora_cholla/logkzz4/316g/900K_316g_logkzz4_resample.dat
# %ECSV 1.0
# ---
# datatype:
# - {name: wav, unit: Angstrom, datatype: float64}
# - {name: flux_nu, unit: erg / (cm2 Hz s), datatype: float64}
# schema: astropy-2.0
wav flux_nu
[from data line 387]
29350.000000000095 1.0113427047108866e-07
29400.000000000095 4.235572884998682e-08
29450.000000000095 4.757003175061694e-08
29500.000000000095 5.7214646915202754e-08
29550.000000000095 4.463405550817748e-08
29600.000000000095 6.36096757290472e-08
29650.000000000095 5.8895464168869956e-08
29700.000000000095 4.1887742965410673e-08
29750.000000000095 6.058740622048821e-08
29800.000000000095 6.702752072705666e-08
29850.000000000095 7.766620225681349e-08
29900.000000000095 7.778519683813455e-08
29950.000000000095 6.219110577031929e-08
30000.000000000095 4.7305322759161686e-08
30050.000000000095 4.579066521382009e-08
30100.000000000095 6.258933428736367e-08
30150.000000000095 8.295586118897569e-08
30200.000000000095 5.8142046297669626e-08
30250.000000000095 9.429662715483254e-08
30300.000000000095 7.873950340982906e-08
30350.000000000095 6.56006473597628e-08
30400.000000000095 8.537418077041735e-08
30450.000000000095 6.24922205939741e-08
30500.000000000095 5.976195567251486e-08
30550.000000000095 5.87921821797034e-08
30600.000000000095 7.656438698119338e-08
30650.000000000095 6.444432143638443e-08
30700.000000000095 5.56020907812465e-08
30750.000000000095 5.3637091607289045e-08
30800.000000000095 4.856964639857877e-08
30850.000000000095 4.879666150719382e-08
30900.000000000095 4.826052465231845e-08
30950.000000000095 3.103778553326005e-08
31000.000000000095 3.863542002686348e-08
31050.000000000095 4.0032763273942835e-08
31100.000000000095 2.6588683609462532e-08
31150.000000000095 3.334985003246953e-08
31200.000000000095 3.7366653883957454e-08
31250.000000000095 2.6313631810134e-08
31300.000000000095 2.501300788069417e-08
31350.000000000095 2.5229128601613818e-08
31400.000000000095 1.6142459532152622e-08
31450.000000000095 2.517896214782384e-08
31500.000000000095 1.5636511981833294e-08
31550.000000000095 2.0121753462236514e-08
31600.000000000095 1.3341409178631782e-08
31650.000000000095 1.3464982026703107e-08
31700.000000000095 1.6454669141475272e-08
31750.000000000095 9.334441614990024e-09
31800.000000000095 1.5138010283227614e-08
31850.000000000095 1.0294400636835022e-08
31900.000000000095 1.2442608354577607e-08
31950.000000000095 1.0190914461338125e-08
32000.000000000095 1.1073320001631442e-08
32050.000000000095 8.664327420427992e-09
32100.000000000095 7.85742452622113e-09
32150.000000000095 1.0542440608891546e-08
32200.000000000095 7.008621257283861e-09
32250.000000000095 1.3628189784823144e-08
32300.000000000095 5.905076012417952e-09
32350.000000000095 1.5160223018935176e-08
32400.000000000095 8.165626887485934e-09
32450.000000000095 1.2778069263445758e-08
32500.000000000095 9.381589137780367e-09
32550.000000000095 1.2605885435488934e-08
32600.000000000095 1.249295522393529e-08
32650.000000000095 1.7723856913071584e-08
32700.000000000095 1.4323142843658629e-08
32750.000000000095 2.1951386748762156e-08
32800.000000000095 1.7221386718291126e-08
32850.000000000095 2.554227362815288e-08
32900.000000000095 2.5938693685814857e-08
32950.000000000095 2.8394559002544175e-08
33000.000000000095 2.187431238251681e-08
33050.000000000095 2.2726104479810665e-08
33100.000000000095 1.0337988326083797e-08
33150.000000000095 9.71546939880742e-10
33200.000000000095 1.6041265941503558e-09
33250.000000000095 9.769994673618817e-10
33300.000000000095 1.5184920244083061e-09
33350.000000000095 3.76012607484811e-09
33400.000000000095 6.4884171384982585e-09
33450.000000000095 8.226004942022951e-09
33500.000000000095 1.3482443634472312e-08
33550.000000000095 1.107797598978449e-08
33600.000000000095 1.767790686196133e-08
33650.000000000095 1.6071510073895352e-08
33700.000000000095 1.3314104261567244e-08
33750.000000000095 2.091156095392837e-08
33800.000000000095 1.0749385853465176e-08
33850.000000000095 1.679986015275809e-08
33900.000000000095 1.5801865453371263e-08
33950.000000000095 1.6847381655713686e-08
34000.000000000095 2.0924538261252846e-08
34050.000000000095 8.17382550551331e-09
34100.000000000095 1.902194053047234e-08
34150.000000000095 1.2324815687992891e-08
34200.000000000095 1.7481873345068213e-08
34250.000000000095 1.403670964475886e-08
34300.000000000095 1.2209939981743828e-08
34350.000000000095 1.8984307718161978e-08
34400.000000000095 1.2666089393319742e-08
34450.000000000095 2.114145362410518e-08
34500.000000000095 1.4574997507743295e-08
34550.000000000095 1.06242093232271e-08
34600.000000000095 2.1782150939224233e-08
34650.000000000095 1.0880852364276901e-08
34700.000000000095 1.4696768450649223e-08
34750.000000000095 1.4377109444941357e-08
34800.000000000095 9.82817684447603e-09
34850.000000000095 1.8028340659020826e-08
34900.000000000095 1.8533247431975805e-08
34950.000000000095 1.69902027993041e-08
35000.000000000095 2.4515057857606092e-08
35050.000000000095 1.6998085810719224e-08
35100.000000000095 2.6406025869901493e-08
35150.000000000095 2.366794172366886e-08
35200.000000000095 3.004735564738151e-08
35250.000000000095 3.1671551525851904e-08
35300.000000000095 2.0617173071623793e-08
35350.000000000095 3.105532472214238e-08
35400.000000000095 2.9838164456621815e-08
35450.000000000095 2.5457478391862533e-08
35500.000000000095 4.735243104644103e-08
35550.000000000095 3.526573097977799e-08
35600.000000000095 3.849757171263044e-08
35650.000000000095 3.8918604471457737e-08
35700.000000000095 2.7137479757965078e-08
35750.000000000095 5.251696770265754e-08
35800.000000000095 4.184466576170366e-08
35850.000000000095 2.9494763313081368e-08
35900.000000000095 4.6410152686205967e-08
35950.000000000095 4.763048305484736e-08
36000.000000000095 3.1189303186068915e-08
36050.000000000095 4.469781974403561e-08
36100.000000000095 4.202902134219497e-08
36150.000000000095 5.169586989804008e-08
36200.000000000095 4.828391707628645e-08
36250.000000000095 5.4540573614037984e-08
36300.000000000095 6.01641718489523e-08
36350.000000000095 5.907971738432205e-08
36400.000000000095 7.789628636768488e-08
36450.000000000095 7.393173153758393e-08
36500.000000000095 7.277415172203052e-08
36550.000000000095 8.629152381037057e-08
36600.000000000095 1.0178083431043461e-07
36650.000000000095 1.0178980833392817e-07
36700.000000000095 1.0294716669236773e-07
36750.000000000095 1.151751978919776e-07
36800.000000000095 1.0284694259052057e-07
36850.000000000095 8.885667407130459e-08
36900.000000000095 1.0253737237467888e-07
36950.000000000095 1.10655736437659e-07
37000.000000000095 1.0166382001529954e-07
37050.000000000095 1.1847366984872806e-07
37100.000000000095 1.2171161530107956e-07
37150.000000000095 1.2191989606256322e-07
37200.000000000095 1.2586404452584615e-07
37250.000000000095 1.0691169898288768e-07
37300.000000000095 1.1100279173112074e-07
37350.000000000095 1.3273586627982149e-07
37400.000000000095 1.5937436473496276e-07
37450.000000000095 1.2982312200246842e-07
37500.000000000095 1.1528047292213773e-07
37550.000000000095 1.81705628762857e-07
37600.000000000095 1.925314296606083e-07
37650.000000000095 1.3576307155481684e-07
37700.000000000095 1.6260334200281582e-07
37750.000000000095 1.2411007638605885e-07
37800.000000000095 1.4430486638251427e-07
37850.000000000095 1.1482823249181647e-07
37900.000000000095 1.3555722943399868e-07
37950.000000000095 1.6604357504591905e-07
38000.000000000095 1.963140907577116e-07
38050.000000000095 1.738785521728048e-07
38100.000000000095 1.93353149247501e-07
38150.000000000095 1.970397808634815e-07
38200.000000000095 2.0592646324292103e-07
38250.000000000095 1.97148658073339e-07
38300.000000000095 2.5736427639860446e-07
38350.000000000095 2.549457719882081e-07
38400.000000000095 1.7071001828383673e-07
38450.000000000095 1.7789761002203184e-07
38500.000000000095 1.3728436325497232e-07
38550.000000000095 1.8409800670755683e-07
38600.000000000095 1.9291044642934822e-07
38650.000000000095 2.448178373616929e-07
38700.000000000095 2.352545480323423e-07
38750.000000000095 2.3965931270375855e-07
38800.000000000095 1.9301668723737102e-07
38850.000000000095 2.621505333270083e-07
38900.000000000095 2.658923763165021e-07
38950.000000000095 2.1857861862918473e-07
39000.000000000095 2.886233229443898e-07
39050.000000000095 2.3860580259400574e-07
39100.000000000095 2.588758705270073e-07
39150.000000000095 2.504132329870474e-07
39200.000000000095 2.350429332526456e-07
39250.000000000095 2.928943541935247e-07
39300.000000000095 2.7384118392282093e-07
39350.000000000095 3.416257319596108e-07
39400.000000000095 3.089098999529858e-07
39450.000000000095 3.126926169454091e-07
39500.000000000095 2.950173596293642e-07
39550.000000000095 2.929939320429783e-07
39600.000000000095 3.0794526130129424e-07
39650.000000000095 3.8156194585701295e-07
39700.000000000095 3.1127928322066364e-07
39750.000000000095 2.4110804732615716e-07
39800.000000000095 3.1866641155555524e-07
39850.000000000095 3.6634109281983067e-07
39900.000000000095 3.6196279601646195e-07
39950.000000000095 3.358123656703912e-07
40000.000000000095 3.9487878728472827e-07
40050.000000000095 3.8547298584465437e-07
40100.000000000095 2.851091018129747e-07
40150.000000000095 4.143373663938398e-07
40200.000000000095 4.1707381557521937e-07
40250.000000000095 3.882588686589804e-07
40300.000000000095 4.190159063117377e-07
40350.000000000095 3.338091450288796e-07
40400.000000000095 4.1383914789046454e-07
40450.000000000095 3.678518677928749e-07
40500.000000000095 4.190051341734803e-07
40550.000000000095 4.3265722601408463e-07
40600.000000000095 4.0378746990818044e-07
40650.000000000095 4.131911676049357e-07
40700.000000000095 5.391448951158948e-07
40750.000000000095 4.4443061210545096e-07
40800.000000000095 3.5922634682210053e-07
40850.000000000095 5.123231729968856e-07
40900.000000000095 4.622335583968324e-07
40950.000000000095 3.958034201576337e-07
41000.000000000095 4.4754179706814386e-07
41050.000000000095 5.148262354113372e-07
41100.000000000095 4.117322062105913e-07
41150.000000000095 3.4348325608466143e-07
41200.000000000095 5.151368084320737e-07
41250.000000000095 4.789338574176703e-07
41300.000000000095 3.9562227864844734e-07
41350.000000000095 5.394929758636953e-07
41400.000000000095 4.7509316142554674e-07
41450.000000000095 5.015954750192437e-07
41500.000000000095 4.1554630175747103e-07
41550.000000000095 3.9330817185620033e-07
41600.000000000095 4.7474354360808783e-07
41650.000000000095 4.6235323351210287e-07
41700.000000000095 4.2883022550408204e-07
41750.000000000095 3.9973413671508153e-07
41800.000000000095 5.523830580711586e-07
41850.000000000095 3.224473331220565e-07
41900.000000000095 3.9186469788531175e-07
41950.000000000095 4.4081703620275506e-07
42000.000000000095 4.7624841012930307e-07
42050.000000000095 4.1210180337972987e-07
42100.000000000095 4.931317544236511e-07
42150.000000000095 3.6116223669989427e-07
42200.000000000095 3.941999875886006e-07
42250.000000000095 3.7536532009771935e-07
42300.000000000095 3.800079196422756e-07
42350.000000000095 4.265500029094544e-07
42400.000000000095 3.8572165352178384e-07
42450.000000000095 3.6523196000829474e-07
42500.000000000095 3.5641449121578507e-07
42550.000000000095 3.496639417429845e-07
42600.000000000095 3.828023454430849e-07
42650.000000000095 5.064724609202859e-07
42700.000000000095 3.352414591821443e-07
42750.000000000095 3.415969699217608e-07
42800.000000000095 3.325124274113735e-07
42850.000000000095 3.999728985190522e-07
42900.000000000095 4.358083649586543e-07
42950.000000000095 3.1533061427314013e-07
43000.000000000095 4.3833722027450296e-07
43050.000000000095 2.3670384802801504e-07
43100.000000000095 3.4196573439745827e-07
43150.000000000095 3.734760149832672e-07
43200.000000000095 3.8877811086842375e-07
43250.000000000095 4.744317983435565e-07
43300.000000000095 4.975614559461027e-07
43350.000000000095 2.9788321026265794e-07
43400.000000000095 3.8538901694224116e-07
43450.000000000095 2.81002712952368e-07
43500.000000000095 3.0747625612580114e-07
43550.000000000095 3.037825596916963e-07
43600.000000000095 3.8927879168372696e-07
43650.000000000095 2.5385045705181277e-07
43700.000000000095 4.267294802731659e-07
43750.000000000095 4.1134574527602486e-07
43800.000000000095 3.258731854159406e-07
43850.000000000095 3.2424647308050347e-07
43900.000000000095 2.845252032435175e-07
43950.000000000095 2.4544011184115675e-07
44000.000000000095 1.677429100470931e-07
44050.000000000095 2.7873530836517067e-07
44100.000000000095 3.05004403272018e-07
44150.000000000095 2.9769063857793196e-07
44200.000000000095 2.5632296063774254e-07
44250.000000000095 2.1975980102920005e-07
44300.000000000095 1.9728743436460583e-07
44350.000000000095 1.719065699909865e-07
44400.000000000095 1.785547144496853e-07
44450.000000000095 1.8742348970883925e-07
44500.000000000095 1.4955675029850668e-07
44550.000000000095 1.7469066494609235e-07
44600.000000000095 1.386908097005242e-07
44650.000000000095 1.614470792712138e-07
44700.000000000095 1.4246278848764666e-07
44750.000000000095 1.4998252042980755e-07
44800.000000000095 1.325678134558547e-07
44850.000000000095 1.2926419637725877e-07
44900.000000000095 1.0153345416948606e-07
44950.000000000095 9.802480296656947e-08
45000.000000000095 1.0317420206627923e-07
45050.000000000095 1.0790591850072761e-07
45100.000000000095 1.0029290352125361e-07
45150.000000000095 8.984031179429681e-08
45200.000000000095 6.538633443446732e-08
45250.000000000095 7.352543445985591e-08
45300.000000000095 8.691909930762768e-08
45350.000000000095 8.461455187562934e-08
45400.000000000095 6.543739294042405e-08
45450.000000000095 6.388931302583723e-08
45500.000000000095 6.78334111376602e-08
45550.000000000095 8.169420225797887e-08
45600.000000000095 6.20463845918481e-08
45650.000000000095 6.031535489837673e-08
45700.000000000095 7.880403839623438e-08
45750.000000000095 6.586418455503502e-08
45800.000000000095 5.418108533258544e-08
45850.000000000095 8.681707509017679e-08
45900.000000000095 8.514254823408043e-08
45950.000000000095 5.570528672183771e-08
46000.000000000095 7.993130503616079e-08
46050.000000000095 8.767756549963446e-08
46100.000000000095 5.6643473436667906e-08
46150.000000000095 8.643743913653658e-08
46200.000000000095 8.257853210804043e-08
46250.000000000095 4.1384825603366e-08
46300.000000000095 1.0045394877990723e-07
46350.000000000095 7.124053730240155e-08
46400.000000000095 8.533598799084774e-08
46450.000000000095 1.1749478399691812e-07
46500.000000000095 8.109038724831668e-08
46550.000000000095 1.182579733279455e-07
46600.000000000095 1.1779241989760387e-07
46650.000000000095 2.0878488120065161e-07
46700.000000000095 1.4576416791275363e-07
46750.000000000095 1.0642900194164495e-07
46800.000000000095 7.917556850873717e-08
46850.000000000095 1.2268664546478212e-07
46900.000000000095 1.0299857678729538e-07
46950.000000000095 1.4831693824258558e-07
47000.000000000095 7.447431550845407e-08
47050.000000000095 1.4883754050989493e-07
47100.000000000095 6.29205035741363e-08
47150.000000000095 8.881369817316603e-08
47200.000000000095 1.0584848180527142e-07
47250.000000000095 7.018674349665271e-08
47300.000000000095 8.494134443621116e-08
47350.000000000095 6.186597707527218e-08
47400.000000000095 1.2180621748746502e-07
47450.000000000095 6.13070408692649e-08
47500.000000000095 1.3334021603059432e-07
47550.000000000095 6.577595991130697e-08
47600.000000000095 1.2438402933772634e-07
47650.000000000095 6.77543145365214e-08
47700.000000000095 1.1743134645013198e-07
47750.000000000095 5.7318523629114156e-08
47800.000000000095 1.07361146833251e-07
47850.000000000095 5.450195290480798e-08
47900.000000000095 9.39349687501778e-08
47950.000000000095 7.573894930155384e-08
48000.000000000095 1.438721258055873e-07
48050.000000000095 9.008502414388262e-08
48100.000000000095 1.2007108459613472e-07
48150.000000000095 8.78576458993346e-08
48200.000000000095 1.3244218717895417e-07
48250.000000000095 9.257802124192535e-08
48300.000000000095 1.7038471039512105e-07
48350.000000000095 8.789470064155664e-08
48400.000000000095 1.0649747457183441e-07
48450.000000000095 8.210982150285916e-08
48500.000000000095 1.6148790392286957e-07
48550.000000000095 7.804236873283617e-08
48600.000000000095 1.466086168416013e-07
