galfind/configs/Brown_Dwarf_templates/sonora_cholla/logkzz4/316g/950K_316g_logkzz4_resample.dat
# %ECSV 1.0
# ---
# datatype:
# - {name: wav, unit: Angstrom, datatype: float64}
# - {name: flux_nu, unit: erg / (cm2 Hz s), datatype: float64}
# schema: astropy-2.0
wav flux_nu
10000.000000000093 nan
10050.000000000093 1.646468354041507e-07
10100.000000000093 1.976089014498352e-07
10150.000000000093 2.058713273254079e-07
10200.000000000093 2.3133665940103578e-07
10250.000000000093 2.5349812578698764e-07
10300.000000000093 2.6704925340020056e-07
10350.000000000093 3.089204396919485e-07
10400.000000000093 3.4035604365099686e-07
10450.000000000093 3.55431887722603e-07
10500.000000000093 3.5366287927025266e-07
10550.000000000093 3.595007072326323e-07
10600.000000000093 3.722702853311133e-07
10650.000000000093 3.930316016766413e-07
10700.000000000093 4.091357823699742e-07
10750.000000000093 4.249710465970237e-07
10800.000000000093 4.2930488331303637e-07
10850.000000000093 4.3357953581815124e-07
10900.000000000093 3.394828680895337e-07
10950.000000000093 1.948479804121483e-07
11000.000000000093 1.4522932325503597e-07
11050.000000000093 1.0003504476565263e-07
11100.000000000093 7.46109822512229e-08
11150.000000000093 5.040231193529734e-08
11200.000000000093 5.0233453721097914e-08
11250.000000000093 6.290544194672758e-08
11300.000000000093 6.35188684940603e-08
11350.000000000093 3.024596084465531e-08
11400.000000000093 6.567285688360376e-08
11450.000000000093 4.8154017662464995e-08
11500.000000000093 5.200659402294184e-08
11550.000000000093 3.035963196482659e-08
11600.000000000093 3.178289187012248e-08
11650.000000000093 4.406600022073977e-08
11700.000000000093 4.919127830380796e-08
11750.000000000093 2.9247433291639717e-08
11800.000000000093 6.100232293162375e-08
11850.000000000093 9.01490261716686e-08
11900.000000000093 1.0388470316527713e-07
11950.000000000093 1.4487485185088488e-07
12000.000000000093 1.7622770202750452e-07
12050.000000000093 2.200345247713549e-07
12100.000000000093 2.587362400170857e-07
12150.000000000093 3.0307912464497126e-07
12200.000000000093 3.493018680799093e-07
12250.000000000093 4.018484227782875e-07
12300.000000000093 4.5317875540357633e-07
12350.000000000093 4.736934472110832e-07
12400.000000000093 5.264381558487964e-07
12450.000000000093 5.923996755037798e-07
12500.000000000093 6.291707682856178e-07
12550.000000000093 6.655977562591761e-07
12600.000000000093 6.625893455816044e-07
12650.000000000093 6.487047962136125e-07
12700.000000000093 6.527795732218147e-07
12750.000000000093 6.089756781556027e-07
12800.000000000093 6.063155687900483e-07
12850.000000000093 5.146706804665007e-07
12900.000000000093 4.5544911977751113e-07
12950.000000000093 4.453243530372138e-07
13000.000000000093 4.393275584318448e-07
13050.000000000093 3.9845327203506434e-07
13100.000000000093 3.646682476030365e-07
13150.000000000093 2.9592548948048036e-07
13200.000000000093 2.6721098832210075e-07
13250.000000000093 1.910969156714426e-07
13300.000000000093 9.78163525884292e-08
13350.000000000093 3.018626456548066e-08
13400.000000000093 1.4642269572358067e-08
13450.000000000093 8.234990270243924e-09
13500.000000000093 4.483572114595527e-09
13550.000000000093 3.304091804133191e-09
13600.000000000093 1.8660195502475255e-09
13650.000000000093 5.474212687855754e-09
13700.000000000093 4.050861290287228e-09
13750.000000000093 5.462637327391742e-09
13800.000000000093 6.886454561534258e-09
13850.000000000093 4.691550513461222e-09
13900.000000000093 4.924376000191216e-09
13950.000000000093 4.604457646710533e-09
14000.000000000093 4.382838880649092e-09
14050.000000000093 5.836990404602192e-09
14100.000000000093 4.533552059258402e-09
14150.000000000093 6.9355965800587505e-09
14200.000000000093 5.036154468925259e-09
14250.000000000093 5.559759975699439e-09
14300.000000000093 9.772256479707677e-09
14350.000000000093 9.206305690162731e-09
14400.000000000093 1.026200767793085e-08
14450.000000000093 1.197120351014959e-08
14500.000000000093 2.249971627794402e-08
14550.000000000093 2.3093016390480053e-08
14600.000000000093 3.2539249311367857e-08
14650.000000000093 3.3540613282855775e-08
14700.000000000093 2.356416608304304e-08
14750.000000000093 3.2612059778523635e-08
14800.000000000093 4.2184478900436425e-08
14850.000000000093 4.344446930956221e-08
14900.000000000093 4.7538438767744475e-08
14950.000000000093 5.5686574904158865e-08
15000.000000000093 6.306787979351043e-08
15050.000000000093 7.685535724813394e-08
15100.000000000093 8.825166815032593e-08
15150.000000000093 9.444278148252413e-08
15200.000000000093 9.303528341320572e-08
15250.000000000093 1.1882412821627813e-07
15300.000000000093 1.392368034175122e-07
15350.000000000093 1.6569001735047283e-07
15400.000000000093 1.840935707401778e-07
15450.000000000093 2.0724690852858174e-07
15500.000000000093 2.2062102289692824e-07
15550.000000000093 2.5612250419425814e-07
15600.000000000093 2.7363234804105367e-07
15650.000000000093 2.841223717532524e-07
15700.000000000093 3.210945976818317e-07
15750.000000000093 3.3917593890689476e-07
15800.000000000093 3.298889693138778e-07
15850.000000000093 3.459888267256117e-07
15900.000000000093 3.2995064202436783e-07
15950.000000000093 3.0746621806939183e-07
16000.000000000093 2.664196604258218e-07
16050.000000000093 2.0695126399770985e-07
16100.000000000093 1.6448381137857487e-07
16150.000000000093 1.1512764765614321e-07
16200.000000000093 7.954099928126467e-08
16250.000000000093 7.720873228852378e-08
16300.000000000093 6.270503743315054e-08
16350.000000000093 6.983351248346303e-08
16400.000000000095 8.001436341366918e-08
16450.000000000095 8.726748936773876e-08
16500.000000000095 9.394846122198235e-08
16550.000000000095 8.812851875234649e-08
16600.000000000095 9.089823739649646e-08
16650.000000000095 6.539132644117347e-08
16700.000000000095 2.853814221903579e-08
16750.000000000095 4.346669145071458e-08
16800.000000000095 6.611014854809447e-08
16850.000000000095 6.684536485442773e-08
16900.000000000095 5.522907369755591e-08
16950.000000000095 4.952323684293918e-08
17000.000000000095 4.0324406019828235e-08
17050.000000000095 5.372632628264515e-08
17100.000000000095 6.372467485673699e-08
17150.000000000095 5.038806276219996e-08
17200.000000000095 7.39789354448235e-08
17250.000000000095 6.039726881399914e-08
17300.000000000095 4.9603353138851935e-08
17350.000000000095 4.879029009950761e-08
17400.000000000095 4.958789705157573e-08
17450.000000000095 5.376452149648431e-08
17500.000000000095 6.247797541534377e-08
17550.000000000095 5.326917406081145e-08
17600.000000000095 4.449858720000446e-08
17650.000000000095 4.3957326545783905e-08
17700.000000000095 3.3356910940520314e-08
17750.000000000095 2.9345818163884797e-08
17800.000000000095 3.830794396743578e-08
17850.000000000095 2.5489389126840516e-08
17900.000000000095 2.8253357945432255e-08
17950.000000000095 1.9732068102052382e-08
18000.000000000095 2.361616929417075e-08
18050.000000000095 2.2094599935902276e-08
18100.000000000095 1.9842408271657374e-08
18150.000000000095 2.8461625964288658e-08
18200.000000000095 1.654636839855411e-08
18250.000000000095 3.737371563856652e-08
18300.000000000095 2.0878595303999166e-08
18350.000000000095 1.837150011986601e-08
18400.000000000095 1.5924073199614257e-08
18450.000000000095 2.206493323135141e-08
18500.000000000095 2.406624654257327e-08
18550.000000000095 1.8097754088936092e-08
18600.000000000095 1.6500672144175812e-08
18650.000000000095 1.3849716621489872e-08
18700.000000000095 1.2463887197022941e-08
18750.000000000095 1.764635368724097e-08
18800.000000000095 3.5666873127133644e-08
18850.000000000095 3.925976004266097e-08
18900.000000000095 3.461003528238569e-08
18950.000000000095 5.863135182564595e-08
19000.000000000095 3.636266332023199e-08
19050.000000000095 2.6737702425266465e-08
19100.000000000095 4.960920880991282e-08
19150.000000000095 3.4796820404884183e-08
19200.000000000095 4.4168498430095334e-08
19250.000000000095 3.509139816622904e-08
19300.000000000095 2.9709361577674304e-08
19350.000000000095 2.8115665304899122e-08
19400.000000000095 1.768995211560632e-08
19450.000000000095 3.437496322650201e-08
19500.000000000095 3.210800685396156e-08
19550.000000000095 2.5583536778902587e-08
19600.000000000095 3.5139293324402275e-08
19650.000000000095 4.078282241975609e-08
19700.000000000095 4.1944148225831334e-08
19750.000000000095 4.5482222471859405e-08
19800.000000000095 5.197552799722905e-08
19850.000000000095 6.449443895187626e-08
19900.000000000095 4.839553287419658e-08
19950.000000000095 7.487252384401861e-08
20000.000000000095 7.197189415272645e-08
20050.000000000095 7.723945490130162e-08
20100.000000000095 8.539643931942413e-08
20150.000000000095 8.190165288591056e-08
20200.000000000095 9.696400583820132e-08
20250.000000000095 1.1055670004348045e-07
20300.000000000095 1.0185862155793458e-07
20350.000000000095 1.1853557458206626e-07
20400.000000000095 1.1659416272458652e-07
20450.000000000095 1.3746955928240525e-07
20500.000000000095 1.4197495273420102e-07
20550.000000000095 1.3747188244703418e-07
20600.000000000095 1.5657015271835022e-07
20650.000000000095 1.4938361924227287e-07
20700.000000000095 1.507008999535558e-07
20750.000000000095 1.6160714561753482e-07
20800.000000000095 1.5815979858885706e-07
20850.000000000095 1.5869507478792859e-07
20900.000000000095 1.6430590996423952e-07
20950.000000000095 1.550147945665758e-07
21000.000000000095 1.5889652451085048e-07
21050.000000000095 1.5006413495371624e-07
21100.000000000095 1.463222726063654e-07
21150.000000000095 1.4680410242913905e-07
21200.000000000095 1.3890270553584352e-07
21250.000000000095 1.369112298227772e-07
21300.000000000095 1.2229529471836253e-07
21350.000000000095 1.2358637513785153e-07
21400.000000000095 1.1355818348279224e-07
21450.000000000095 1.0433332219442925e-07
21500.000000000095 1.0589591667186707e-07
21550.000000000095 9.872244967485934e-08
21600.000000000095 9.152413552884406e-08
21650.000000000095 8.19953799637079e-08
21700.000000000095 8.487931316401976e-08
21750.000000000095 7.9118544602915e-08
21800.000000000095 6.91457755870222e-08
21850.000000000095 6.040086236863257e-08
21900.000000000095 5.2557831869122345e-08
21950.000000000095 2.8898696566897078e-08
22000.000000000095 1.4718179669325796e-08
22050.000000000095 1.1575564363405148e-08
22100.000000000095 2.081780830379968e-08
22150.000000000095 2.512570001263403e-08
22200.000000000095 2.3983381326838303e-08
22250.000000000095 2.239797524589092e-08
22300.000000000095 1.9394595165562882e-08
22350.000000000095 1.81267646624862e-08
22400.000000000095 1.3730756044861458e-08
22450.000000000095 1.2499072958574504e-08
22500.000000000095 1.3871353805926274e-08
22550.000000000095 7.90785141698249e-09
22600.000000000095 1.064845356972932e-08
22650.000000000095 1.2361597151785841e-08
22700.000000000095 1.0377412077963988e-08
22750.000000000095 1.109475699393281e-08
22800.000000000095 1.0057170488084905e-08
22850.000000000095 8.829202754495103e-09
22900.000000000095 7.291133466223496e-09
22950.000000000095 7.5048189443887e-09
23000.000000000095 7.117237731188401e-09
23050.000000000095 9.53544302511015e-09
23100.000000000095 1.775276219497282e-08
23150.000000000095 1.8066959274501546e-08
23200.000000000095 5.256061264246229e-09
23250.000000000095 5.891871038447184e-09
23300.000000000095 6.21099781673311e-09
23350.000000000095 5.178477185137328e-09
23400.000000000095 7.67500123227528e-09
23450.000000000095 6.47650999454337e-09
23500.000000000095 6.320917067819525e-09
23550.000000000095 9.439750319805636e-09
23600.000000000095 1.0532796998359994e-08
23650.000000000095 1.286679077164308e-08
23700.000000000095 6.250734990847998e-09
23750.000000000095 5.260993626706231e-09
23800.000000000095 8.606352754819603e-09
23850.000000000095 8.242842394775925e-09
23900.000000000095 1.4123915624637926e-08
23950.000000000095 1.3377088290107303e-08
24000.000000000095 1.7832491109554912e-08
24050.000000000095 2.040910657883195e-08
24100.000000000095 1.6094535766939262e-08
24150.000000000095 1.9001871724543962e-08
24200.000000000095 2.049622939517503e-08
24250.000000000095 1.5525395159642442e-08
24300.000000000095 2.1011271087592358e-08
24350.000000000095 1.6816209213703736e-08
24400.000000000095 2.7598150801965416e-08
24450.000000000095 2.219328900026984e-08
24500.000000000095 2.596417369663346e-08
24550.000000000095 2.774650680027396e-08
24600.000000000095 3.182119593553636e-08
24650.000000000095 3.5831441673420426e-08
24700.000000000095 2.7044295772683904e-08
24750.000000000095 2.6431747163738222e-08
24800.000000000095 2.7901627033884402e-08
24850.000000000095 4.060052294383207e-08
24900.000000000095 1.9911784564917114e-08
24950.000000000095 3.513930564450216e-08
25000.000000000095 3.384715703112144e-08
25050.000000000095 2.304399158694329e-08
25100.000000000095 3.075199123369311e-08
25150.000000000095 1.8055311152821656e-08
25200.000000000095 2.6467888278115777e-08
25250.000000000095 1.5165129589431665e-08
25300.000000000095 2.2835836478242585e-08
25350.000000000095 1.1622505001047022e-08
25400.000000000095 2.4289747392157014e-08
25450.000000000095 1.4035818896890156e-08
25500.000000000095 1.3403258562721515e-08
25550.000000000095 1.7511227751979965e-08
25600.000000000095 1.2046796811194159e-08
25650.000000000095 9.026344397543872e-09
25700.000000000095 1.7656407651476734e-08
25750.000000000095 8.005881019019317e-09
25800.000000000095 1.933997092452195e-08
25850.000000000095 7.764567650199368e-09
25900.000000000095 1.1394322093229574e-08
25950.000000000095 6.289724294733853e-09
26000.000000000095 1.9039337260732316e-08
26050.000000000095 9.711870214137572e-09
26100.000000000095 1.9837249078275636e-08
26150.000000000095 1.4581863336972095e-08
26200.000000000095 1.7262906976781663e-08
26250.000000000095 2.9798050968478224e-08
26300.000000000095 1.676567223317764e-08
26350.000000000095 3.404276856644867e-08
26400.000000000095 4.1088767859176905e-08
26450.000000000095 3.4892398997212035e-08
26500.000000000095 3.464407054156226e-08
26550.000000000095 2.137006175791305e-08
26600.000000000095 2.613678330740307e-08
26650.000000000095 1.0657291211273093e-08
26700.000000000095 7.580880182252519e-09
26750.000000000095 7.107886197707656e-09
26800.000000000095 1.1440817928167293e-08
26850.000000000095 6.645938135210308e-09
26900.000000000095 1.7110326154408194e-08
26950.000000000095 7.865370072660978e-09
27000.000000000095 2.3865580675486506e-08
27050.000000000095 2.135140548883841e-08
27100.000000000095 1.2141051577607477e-08
27150.000000000095 2.892384523540953e-08
27200.000000000095 1.2645690231043068e-08
27250.000000000095 1.7331688344537605e-08
27300.000000000095 4.780781043552121e-08
27350.000000000095 3.151242180557434e-08
27400.000000000095 6.71851186126254e-09
27450.000000000095 3.800010388391852e-08
27500.000000000095 4.300053097045888e-08
27550.000000000095 1.6046486679612762e-08
27600.000000000095 3.042635766413074e-08
27650.000000000095 1.3318311863084756e-08
27700.000000000095 1.0406704062113371e-08
27750.000000000095 3.155105218311171e-08
27800.000000000095 1.4617003679804502e-08
27850.000000000095 1.704367392387452e-08
27900.000000000095 2.2615712661529287e-08
27950.000000000095 3.2337451917783255e-08
28000.000000000095 2.895437777443816e-08
28050.000000000095 1.0711036049296603e-08
28100.000000000095 3.996131800019021e-08
28150.000000000095 2.6027031801013785e-08
28200.000000000095 1.0384910268654455e-08
28250.000000000095 4.063480029143354e-08
28300.000000000095 5.453665192134443e-08
28350.000000000095 1.3607220816242772e-08
28400.000000000095 3.326980195408533e-08
28450.000000000095 4.411178271669462e-08
28500.000000000095 3.183412499453061e-08
28550.000000000095 1.2379574329445787e-08
28600.000000000095 4.4694560328666746e-08
28650.000000000095 4.076398785877929e-08
28700.000000000095 3.440765896237522e-08
28750.000000000095 5.1668506535653795e-08
28800.000000000095 4.5345258793307636e-08
28850.000000000095 5.635922416598091e-08
28900.000000000095 2.5542444651896045e-08
28950.000000000095 6.605315323031582e-08
29000.000000000095 4.304983500539061e-08
29050.000000000095 5.2606510409502583e-08
29100.000000000095 3.258261355851525e-08
29150.000000000095 7.293716991361837e-08
29200.000000000095 4.559633715640406e-08
29250.000000000095 6.573875838298665e-08
29300.000000000095 3.899242685497093e-08
