galfind/configs/Brown_Dwarf_templates/sonora_bobcat/m0.0/1000g/co1.5/sp_t1900g1000nc_m+0.0_co1.5_resample.dat
# %ECSV 1.0
# ---
# datatype:
# - {name: wav, unit: Angstrom, datatype: float64}
# - {name: flux_nu, unit: erg / (cm2 Hz s), datatype: float64}
# meta: {C/O: '1.50', Kzz: '1.0000E+05', Teff: '1900.', Y: '0.28', '[Fe/H]': '0.00', f_hole: '1.00', f_rain: '0.00', grav: '1000.'}
# schema: astropy-2.0
wav flux_nu
4000.0559999999996 nan
4050.0559999999996 2.4928200628800054e-09
4100.056 6.0730716918532674e-09
4150.056 4.770238510241456e-09
4200.056 3.203363459046658e-09
4250.056 2.7504994205889603e-09
4300.056 1.7114120426804353e-09
4350.056 1.6159173186402023e-09
4400.056 1.6803167618204408e-09
4450.056 1.124349039800083e-09
4500.056 1.1689821021101043e-09
4550.056 1.485315155211634e-09
4600.056 1.345748093979897e-09
4650.056 1.2171328615098681e-09
4700.056 1.544973212150068e-09
4750.056 1.7385247336697904e-09
4800.056 1.0601785632501104e-09
4850.056 1.3048890399000665e-09
4900.056 1.960419615899904e-09
4950.056 1.939984620079941e-09
5000.056 8.94092542859886e-10
5050.056 6.86848814490025e-10
5100.056 6.299150813780649e-10
5150.056 4.798946104180858e-10
5200.056 5.064551267149836e-10
5250.056 5.961383838200245e-10
5300.056 5.649484221000014e-10
5350.056 5.043384284000092e-10
5400.056 4.277838782099999e-10
5450.056 3.353039726999991e-10
5500.056 2.5257827024999747e-10
5550.056 2.0465316810999647e-10
5600.056 1.579341799699994e-10
5650.056 1.1612794818199948e-10
5700.056 8.070311581999955e-11
5750.056 5.278655314199975e-11
5800.056 3.002488475799973e-11
5850.056 1.2310028899299769e-11
5900.056 1.913682593878926e-12
5950.056 2.6637146713500517e-11
6000.056 8.421092232800119e-11
6050.056 2.044653251100021e-10
6100.056 4.2424446903000545e-10
6150.056 8.177829901000078e-10
6200.056 1.424370254600008e-09
6250.056 2.3089822801000217e-09
6300.056 3.636755711500023e-09
6350.056 5.309548665700069e-09
6400.056 7.359184992900011e-09
6450.056 9.88176671099976e-09
6500.056 1.2456093121799596e-08
6550.056 1.59415285989997e-08
6600.056 1.903441890500009e-08
6650.056 2.028725644600099e-08
6700.056 1.2312461655236034e-08
6750.056 2.2835759430000533e-08
6800.056 2.8063619380001602e-08
6850.056 3.384242950900098e-08
6900.056 3.8140132660000765e-08
6950.056 3.9649093869000674e-08
7000.056 4.360355911299983e-08
7050.056 4.109420790600085e-08
7100.056 3.315054955999984e-08
7150.056 3.2573714255000446e-08
7200.056 4.015875657199959e-08
7250.056 4.737768637000223e-08
7300.056 5.362476285400231e-08
7350.056 5.452801588400028e-08
7400.056 4.8531981363000375e-08
7450.056 4.0814284582998645e-08
7500.056 3.403982363999949e-08
7550.056 2.674738131999995e-08
7600.056 1.592399913599971e-08
7650.056 2.1483607086873552e-09
7700.056 8.981187531760231e-10
7750.056 9.51546785760026e-09
7800.056 2.2736599546100615e-08
7850.056 4.62148628960007e-08
7900.056 6.148332357500171e-08
7950.056 6.420461697689986e-08
8000.056 9.554209162199876e-08
8050.056 1.3602242458099546e-07
8100.056 1.860976620230037e-07
8150.056 2.4529633127000285e-07
8200.056 2.0522131587099277e-07
8250.056 2.807387461400003e-07
8300.056 2.8240059380002275e-07
8350.056 3.1499085605001944e-07
8400.056 3.3801217083000634e-07
8450.056 2.7737808718999463e-07
8500.056 2.605732120835023e-07
8550.056 3.1647539063001775e-07
8600.056 3.5821175688996115e-07
8650.056 3.8648800736796296e-07
8700.056 3.6664763496996296e-07
8750.056 4.0894958059002714e-07
8800.056 5.347451192000384e-07
8850.056 5.407547958499655e-07
8900.056 4.4816008797001716e-07
8950.056 4.751250605036358e-07
9000.056 6.117977922300309e-07
9050.056 5.986518587400001e-07
9100.056 7.465184611099884e-07
9150.056 8.778884502500071e-07
9200.056 9.018045042100625e-07
9250.056 7.309255722200408e-07
9300.056 6.67073273479983e-07
9350.056 7.381831806700276e-07
9400.056 8.14161648700028e-07
9450.056 9.355237400699446e-07
9500.056 1.1038044515299642e-06
9550.056 1.2034848462900682e-06
9600.056 1.3108152318500699e-06
9650.056 1.4858503076400997e-06
9700.056 1.6747396574899376e-06
9750.056 1.3540490406099343e-06
9800.056 1.4575256935499623e-06
9850.056 1.408097291969973e-06
9900.056 1.0166226689799258e-06
9950.056 6.970608732300172e-07
10000.056 6.748052220899783e-07
10050.056 7.489577774199782e-07
10100.056 9.164406769400781e-07
10150.056 9.035746641299613e-07
10200.056 9.868740120499885e-07
10250.056 1.0162402492799348e-06
10300.056 9.432668533399728e-07
10350.056 1.1041587677400448e-06
10400.056 1.2777989290899599e-06
10450.056 1.332515872800112e-06
10500.056 1.334696767699927e-06
10550.056 1.4649583442000887e-06
10600.056 1.6036925491300553e-06
10650.056 1.6144547105201166e-06
10700.056 1.654328401180057e-06
10750.056 1.8567634321101006e-06
10800.056 2.039055839149932e-06
10850.056 2.289838271489864e-06
10900.056 2.3817610833999365e-06
10950.056 2.470380222269898e-06
11000.056 2.377948548179994e-06
11050.056 1.8712037539600355e-06
11100.056 2.024399286940124e-06
11150.056 2.2432464852599696e-06
11200.056 2.2669294168502646e-06
11250.056 2.7287451310100383e-06
11300.056 2.6900051054099994e-06
11350.056 2.5252343119398487e-06
11400.056 1.754043986560029e-06
11450.056 2.8256922270599066e-06
11500.056 3.4651336808698358e-06
11550.056 3.315286987940028e-06
11600.056 3.5389446455295893e-06
11650.056 3.2825249948601308e-06
11700.056 2.131707493447032e-06
11750.056 2.3228736924897575e-06
11800.056 2.392804904920177e-06
11850.056 3.592643341800225e-06
11900.056 4.125734595369646e-06
11950.056 3.435661674400033e-06
12000.056 2.7641850184000175e-06
12050.056 3.501998458299996e-06
12100.056 3.328884809999797e-06
12150.056 4.007079674399792e-06
12200.056 3.7879213189996325e-06
12250.056 4.213891245099902e-06
12300.056 4.323297742100211e-06
12350.056 4.11983015439992e-06
12400.056 3.3576984442999233e-06
12450.056 2.7433687680399982e-06
12500.056 2.950996040649754e-06
12550.056 3.0128339438001816e-06
12600.056 3.8283599473999666e-06
12650.056 3.963539075199832e-06
12700.056 4.493177832200226e-06
12750.056 4.381773867499795e-06
12800.056 4.700703743500048e-06
12850.056 4.491028886899897e-06
12900.056 4.1538643832997804e-06
12950.056 4.268076701399979e-06
13000.056 4.571608638099781e-06
13050.056 4.868358355399886e-06
13100.056 4.998735884300026e-06
13150.056 5.124594952599937e-06
13200.056 4.9445210582001325e-06
13250.056 4.5763420133500215e-06
13300.056 4.155388532376651e-06
13350.056 2.609682294112184e-06
13400.056 2.3356919497711264e-06
13450.056 2.0937416114469355e-06
13500.056 1.9415092016477813e-06
13550.056 1.8412835900938958e-06
13600.056 1.8207984569861298e-06
13650.056 2.2237304584568978e-06
13700.056 2.056195081389311e-06
13750.056 2.2091756059336745e-06
13800.056 2.5287683728161436e-06
13850.056 2.368559646918853e-06
13900.056 2.2501806777841104e-06
13950.056 2.1320856282150344e-06
14000.056 1.996706627488992e-06
14050.056 2.1374029961882598e-06
14100.056 1.8293539138880798e-06
14150.056 1.9950806733900983e-06
14200.056 1.7996440690381578e-06
14250.056 1.7508212391976669e-06
14300.056 1.8755651975908095e-06
14350.056 1.927840771844086e-06
14400.056 1.989696848757022e-06
14450.056 2.0764372722681145e-06
14500.056 2.338781687724899e-06
14550.056 2.3606879498698845e-06
14600.056 2.628875266070457e-06
14650.056 2.5697952231522818e-06
14700.056 2.377267339659947e-06
14750.056 2.556351250600406e-06
14800.056 2.6743748561703765e-06
14850.056 2.884741203869669e-06
14900.056 2.8236816103698537e-06
14950.056 2.877166247900344e-06
15000.056 2.9933453708101026e-06
15050.056 3.321982616149655e-06
15100.056 3.2874951507200977e-06
15150.056 3.3589335114701595e-06
15200.056 3.5706040099198212e-06
15250.056 3.6768638625000072e-06
15300.056 3.8128725183399656e-06
15350.056 4.026559424799957e-06
15400.056 4.150940390400007e-06
15450.056 4.3146654708001334e-06
15500.056 4.398864722999997e-06
15550.056 4.594718892999742e-06
15600.056 4.447524697600191e-06
15650.056 4.699690357400213e-06
15700.056 5.000564117200435e-06
15750.056 5.193320084399768e-06
15800.056 4.992970867800232e-06
15850.056 3.968864973500108e-06
15900.056 4.158283587600019e-06
15950.056 4.095190435299823e-06
16000.056 4.124816029600016e-06
16050.056 4.199980048000082e-06
16100.056 4.3806690139001025e-06
16150.056 3.99874485549999e-06
16200.056 4.1970975730999495e-06
16250.056 3.9789561561999905e-06
16300.056 4.045963784900041e-06
16350.056 4.300320140899917e-06
16400.056 4.155861266500098e-06
16450.056 4.32271503750019e-06
16500.056 4.447612393000041e-06
16550.056 4.704084844399993e-06
16600.056 4.341255884300087e-06
16650.056 4.6403426416999764e-06
16700.056 4.372497832099828e-06
16750.056 4.344464573399885e-06
16800.056 4.525866714499906e-06
16850.056 4.648594389999811e-06
16900.056 4.480298684900105e-06
16950.056 4.4809734893998765e-06
17000.056 4.594679572300233e-06
17050.056 4.595887365800081e-06
17100.056 4.510305995100336e-06
17150.056 4.521349857500223e-06
17200.056 4.231074492399885e-06
17250.056 3.9519141734699846e-06
17300.056 3.957795973389812e-06
17350.056 3.929093231040256e-06
17400.056 3.7691149732598613e-06
17450.056 3.6460669967090918e-06
17500.056 3.514366802000071e-06
17550.056 3.377033896540509e-06
17600.056 3.295324394970017e-06
17650.056 3.3029698328602477e-06
17700.056 2.840394465329686e-06
17750.056 2.7846852879598674e-06
17800.056 2.754648986880588e-06
17850.056 2.4689196549799757e-06
17900.056 2.6101220462021316e-06
17950.056 2.497332704978931e-06
18000.056 2.3354003219200526e-06
18050.056 2.3341084948791744e-06
18100.056 2.2887359686797594e-06
18150.056 2.5140951029134852e-06
18200.056 2.08363794899313e-06
18250.056 2.5557594753817554e-06
18300.056 2.377421526615987e-06
18350.056 2.3232628350751558e-06
18400.056 2.258505942134147e-06
18450.056 2.0630645149356597e-06
18500.056 2.1558819040321245e-06
18550.056 1.970347188937998e-06
18600.056 1.7154523012216308e-06
18650.056 1.9312357723233095e-06
18700.056 2.105232429900269e-06
18750.056 2.049711153456434e-06
18800.056 2.2200994160604584e-06
18850.056 2.4880960372348825e-06
18900.056 2.3734412209643072e-06
18950.056 2.5824350147899266e-06
19000.056 2.6243028758996785e-06
19050.056 2.49855427783789e-06
19100.056 2.7191216891802e-06
19150.056 2.6890940665410453e-06
19200.056 2.7032217087123757e-06
19250.056 2.5523032917279e-06
19300.056 2.6795728768135646e-06
19350.056 2.594904653697779e-06
19400.056 2.1550589846497846e-06
19450.056 2.5921013678779824e-06
19500.056 2.600223562079953e-06
19550.056 2.189239783852319e-06
19600.056 2.4297532706498506e-06
19650.056 2.4954389060231708e-06
19700.056 2.4672177220111194e-06
19750.056 2.2835629091701376e-06
19800.056 2.4531484540997657e-06
19850.056 2.575521201739988e-06
19900.056 2.243442944640304e-06
19950.056 2.626837684129856e-06
20000.056 2.371918142400262e-06
20050.056 2.6338598458702266e-06
20100.056 2.54563495410909e-06
20150.056 2.6761451807903297e-06
20200.056 2.7562349445998604e-06
20250.056 2.8304086558297808e-06
20300.056 2.8442829839602146e-06
20350.056 2.9941264318997672e-06
20400.056 3.0084433864592557e-06
20450.056 3.0816870540295254e-06
20500.056 3.185840364619807e-06
20550.056 3.2137421361100256e-06
20600.056 3.405674826360069e-06
20650.056 3.3362996614300565e-06
20700.056 3.488733280940189e-06
20750.056 3.5003690171098764e-06
20800.056 3.6405647742998885e-06
20850.056 3.5770593896799667e-06
20900.056 3.7611825340998915e-06
20950.056 3.7713839397999213e-06
21000.056 3.844113359800009e-06
21050.056 3.901701471600002e-06
21100.056 3.893258244899976e-06
21150.056 4.011806537299946e-06
21200.056 4.0063198507000845e-06
21250.056 4.107165831099859e-06
21300.056 4.001436935200068e-06
21350.056 4.153888993200034e-06
21400.056 4.054067740000112e-06
21450.056 4.2401520204999964e-06
21500.056 4.100665793500067e-06
21550.056 4.145568759499933e-06
21600.056 4.170259197500114e-06
21650.056 4.1246539119e-06
21700.056 4.1889641030000076e-06
21750.056 4.08726989070002e-06
21800.056 4.0688497703998316e-06
21850.056 4.027465262099938e-06
21900.056 4.041100331900112e-06
21950.056 3.909319128000041e-06
22000.056 3.849371961599973e-06
22050.056 3.6770067584998298e-06
22100.056 3.72690422900008e-06
22150.056 3.775794279800071e-06
22200.056 3.6989729620001656e-06
22250.056 3.8120667767002045e-06
22300.056 3.7439100080999763e-06
22350.056 3.6441467289001517e-06
22400.056 3.658641766499961e-06
22450.056 3.566767956999995e-06
22500.056 3.5885597367000663e-06
22550.056 3.5326516577998057e-06
22600.056 3.5447875754000607e-06
22650.056 3.4434388469002643e-06
22700.056 3.3937174068002073e-06
22750.056 3.4670725541000058e-06
22800.056 3.334881606199948e-06
22850.056 3.3295022070001102e-06
22900.056 3.312729532299909e-06
22950.056 2.1837433014601017e-06
23000.056 2.356897325140105e-06
23050.056 2.5367130943097964e-06
23100.056 2.5032091715798236e-06
23150.056 2.66499327781016e-06
23200.056 2.4778324833201166e-06
23250.056 2.0245772961918194e-06
23300.056 2.1497284003201124e-06
23350.056 2.226471477049924e-06
23400.056 2.277776592390158e-06
23450.056 2.3288390800502065e-06
23500.056 2.4569644995798944e-06
23550.056 2.199897188020307e-06
23600.056 2.2240839658400494e-06
23650.056 2.35781128726981e-06
23700.056 2.279510563309863e-06
23750.056 2.3127145676403543e-06
23800.056 2.282464303030029e-06
23850.056 2.0654554252701124e-06
23900.056 2.241987833590073e-06
23950.056 2.4084620365203305e-06
24000.056 2.325634133309607e-06
24050.056 2.3400778690402674e-06
24100.056 2.2298995442298374e-06
24150.056 2.1989461361603873e-06
24200.056 2.231577604599497e-06
24250.056 2.1649800556701833e-06
24300.056 2.2011811492101344e-06
24350.056 2.004090625910073e-06
24400.056 2.1798409000000123e-06
24450.056 2.0232816121697877e-06
24500.056 1.9291543799700737e-06
24550.056 1.8901648351201859e-06
24600.056 1.9560749681301276e-06
24650.056 2.0879627199701553e-06
24700.056 1.7648859550299437e-06
24750.056 1.7241970073902243e-06
24800.056 1.7324458330300515e-06
24850.056 1.9780879254402033e-06
24900.056 1.4951380601304497e-06
24950.056 1.895369738349947e-06
25000.056 1.745882848400247e-06
25050.056 1.3817640771702306e-06
25100.056 1.7019813036898696e-06
25150.056 1.4861360810838867e-06
25200.056 1.5893110979021027e-06
25250.056 1.453469023325797e-06
25300.056 1.618859168121117e-06
25350.056 1.35235394386501e-06
25400.056 1.5637389695003531e-06
25450.056 1.3592307333919518e-06
25500.056 1.460764910215315e-06
25550.056 1.3960708990050317e-06
25600.056 1.4484236534978797e-06
25650.056 1.2771073373719509e-06
25700.056 1.6869115988715338e-06
25750.056 1.2068389928291894e-06
25800.056 1.6184269703402523e-06
25850.056 1.4082646045558424e-06
25900.056 1.588659350978274e-06
25950.056 1.3468499105121332e-06
26000.056 1.644265289630447e-06
26050.056 1.6420047019100422e-06
26100.056 1.7404074919400938e-06
26150.056 1.6936691831697658e-06
26200.056 1.6299542811170372e-06
26250.056 1.7503766145079617e-06
26300.056 1.6770368122651047e-06
26350.056 1.8341587356099472e-06
26400.056 1.8504525853498015e-06
26450.056 1.8166586026000056e-06
26500.056 1.9260617395696164e-06
26550.056 1.7931564984897756e-06
26600.056 2.1344027411697737e-06
26650.056 1.637951239156811e-06
26700.056 1.676781085244034e-06
26750.056 1.3879700241634617e-06
26800.056 1.6145305746797934e-06
26850.056 1.2449274752081088e-06
26900.056 1.6855688595899049e-06
26950.056 1.1593626223908748e-06
27000.056 1.5973064747601542e-06
27050.056 1.3595799675998778e-06
27100.056 1.368585779165685e-06
27150.056 1.4713686373300553e-06
27200.056 1.4523972716841415e-06
27250.056 1.3494397953163344e-06
27300.056 1.6719845151801596e-06
27350.056 1.5342356781296336e-06
27400.056 1.2494308326978635e-06
27450.056 1.780097162249634e-06
27500.056 1.6179963083599983e-06
27550.056 1.4324844653938427e-06
27600.056 1.7889338312498956e-06
27650.056 1.3728324409839742e-06
27700.056 1.2978973614590389e-06
27750.056 1.7988883154095878e-06
27800.056 1.3203065894499364e-06
27850.056 1.4107104217797225e-06
27900.056 1.480434034512963e-06
27950.056 1.770196615499936e-06
28000.056 1.585683243750246e-06
28050.056 1.1911041147502927e-06
28100.056 1.8355670082303862e-06
28150.056 1.4364339314800547e-06
28200.056 1.210683461839988e-06
28250.056 1.6352543215399543e-06
28300.056 1.8640900236602651e-06
28350.056 1.3150783839097241e-06
28400.056 1.5474958345100662e-06
28450.056 1.6573163233598262e-06
28500.056 1.6008303068997472e-06
28550.056 1.0970027459797422e-06
28600.056 1.8686377687600604e-06
28650.056 1.6479960584899834e-06
28700.056 1.4658075548198731e-06
28750.056 1.6933814241599858e-06
