galfind/configs/Brown_Dwarf_templates/sonora_bobcat/m0.0/1000g/co1.5/sp_t2200g1000nc_m+0.0_co1.5_resample.dat
# %ECSV 1.0
# ---
# datatype:
# - {name: wav, unit: Angstrom, datatype: float64}
# - {name: flux_nu, unit: erg / (cm2 Hz s), datatype: float64}
# meta: {C/O: '1.50', Kzz: '1.0000E+05', Teff: '2200.', Y: '0.28', '[Fe/H]': '0.00', f_hole: '1.00', f_rain: '0.00', grav: '1000.'}
# schema: astropy-2.0
wav flux_nu
[from data line 501]
29050.056 2.803764802400125e-06
29100.056 2.2414970994502664e-06
29150.056 2.9541281792799843e-06
29200.056 2.5388786889401538e-06
29250.056 2.7254211130498708e-06
29300.056 2.3424848156594656e-06
29350.056 3.178929055429818e-06
29400.056 2.6747620597399027e-06
29450.056 2.6103513975999727e-06
29500.056 2.724527600049827e-06
29550.056 2.6938049479901356e-06
29600.056 2.9334603182697616e-06
29650.056 2.677578873509971e-06
29700.056 2.609952794769961e-06
29750.056 3.004377004890538e-06
29800.056 3.0363170922997135e-06
29850.056 2.789599877579741e-06
29900.056 2.6337083586907206e-06
29950.056 3.1725387893296327e-06
30000.056 3.029046157549486e-06
30050.056 2.840888341100113e-06
30100.056 2.4932611515594396e-06
30150.056 3.4879111546999877e-06
30200.056 3.1075266310501812e-06
30250.056 3.030889032750352e-06
30300.056 2.884455511599806e-06
30350.056 3.0729237043404796e-06
30400.056 3.4992282659003213e-06
30450.056 2.811637759550342e-06
30500.056 2.7333722348402205e-06
30550.056 3.4261765149002614e-06
30600.056 3.251346125480216e-06
30650.056 3.318931502340135e-06
30700.056 3.0182585741798126e-06
30750.056 3.064007829599954e-06
30800.056 3.6052753460705783e-06
30850.056 3.1393923467999124e-06
30900.056 2.9795759323798834e-06
30950.056 2.988340107450134e-06
31000.056 3.463936529700021e-06
31050.056 3.308723744600081e-06
31100.056 3.1231268838000065e-06
31150.056 3.265385000299543e-06
31200.056 3.234003138999719e-06
31250.056 3.60234946230039e-06
31300.056 3.2012839938997858e-06
31350.056 3.2052966181600094e-06
31400.056 3.2615640416005287e-06
31450.056 3.326966373100016e-06
31500.056 3.323062189700052e-06
31550.056 3.15505894199994e-06
31600.056 3.2387777987798767e-06
31650.056 3.4271423331997692e-06
31700.056 3.3552202770999014e-06
31750.056 3.1631330242001583e-06
31800.056 3.4544235690000396e-06
31850.056 3.615854149000251e-06
31900.056 3.717830180399766e-06
31950.056 3.1615042731000256e-06
32000.056 3.2313279485000434e-06
32050.056 3.6371934980004307e-06
32100.056 3.7300008995996848e-06
32150.056 3.768825214999837e-06
32200.056 3.5554447226999373e-06
32250.056 3.5701048694001114e-06
32300.056 3.6353772240999964e-06
32350.056 4.0140615749006035e-06
32400.056 3.5799107890000045e-06
32450.056 3.665238699400106e-06
32500.056 3.879727641900213e-06
32550.056 4.2095681422999786e-06
32600.056 4.09151225379975e-06
32650.056 4.058261546200543e-06
32700.056 3.97147675250026e-06
32750.056 4.004013397299966e-06
32800.056 3.7311640171003647e-06
32850.056 4.295577847099694e-06
32900.056 4.2335644651001106e-06
32950.056 3.879588784899828e-06
33000.056 4.095629099300172e-06
33050.056 4.080969547299612e-06
33100.056 4.022838740699407e-06
33150.056 3.7201947399001784e-06
33200.056 3.281952197899798e-06
33250.056 3.424265596299758e-06
33300.056 3.4549079427006097e-06
33350.056 3.4347605139999672e-06
33400.056 3.2729875057996585e-06
33450.056 3.4744215867995037e-06
33500.056 3.872402498500143e-06
33550.056 3.7639518353998336e-06
33600.056 3.978088241500412e-06
33650.056 4.171154538500643e-06
33700.056 4.23639659679965e-06
33750.056 4.3306008891000226e-06
33800.056 4.102516475399966e-06
33850.056 4.295412054500256e-06
33900.056 4.673700378599555e-06
33950.056 4.30045187029969e-06
34000.056 4.317261164099446e-06
34050.056 4.363559430299732e-06
34100.056 4.414325045400479e-06
34150.056 4.320667632299362e-06
34200.056 4.257550310199564e-06
34250.056 4.6591859721996445e-06
34300.056 4.2184238453992855e-06
34350.056 4.403466315499934e-06
34400.056 4.341302612099891e-06
34450.056 4.078479844500254e-06
34500.056 4.639033956300505e-06
34550.056 4.278295580699886e-06
34600.056 4.422185775099882e-06
34650.056 4.515957082500108e-06
34700.056 4.5061107818994905e-06
34750.056 4.754695909200249e-06
34800.056 4.543239552399796e-06
34850.056 4.348644314199942e-06
34900.056 4.45756082460013e-06
34950.056 4.4760154093995415e-06
35000.056 4.381575536099871e-06
35050.056 4.941100510600624e-06
35100.056 4.573921175399659e-06
35150.056 4.665277190599813e-06
35200.056 4.621856137000004e-06
35250.056 4.499938399500315e-06
35300.056 4.671737460000168e-06
35350.056 4.772869661599894e-06
35400.056 4.539708651399772e-06
35450.056 4.5272022381002424e-06
35500.056 4.8823627974999736e-06
35550.056 4.732584888199808e-06
35600.056 4.517778971699594e-06
35650.056 4.969773615700373e-06
35700.056 4.603490907500186e-06
35750.056 4.679344358999651e-06
35800.056 4.955524157999758e-06
35850.056 4.7923864024001465e-06
35900.056 5.11959102969977e-06
35950.056 4.823541063299781e-06
36000.056 4.6743420588997304e-06
36050.056 5.094318828100274e-06
36100.056 5.178189999899472e-06
36150.056 4.661433805500455e-06
36200.056 5.07560727809968e-06
36250.056 4.843230718899623e-06
36300.056 5.290076717300337e-06
36350.056 4.9667769518995706e-06
36400.056 5.033813572100084e-06
36450.056 5.3650286712997385e-06
36500.056 5.0245020210001605e-06
36550.056 5.019280780600537e-06
36600.056 4.9471472322001885e-06
36650.056 5.1271880470001975e-06
36700.056 5.407879115599953e-06
36750.056 4.926893375100232e-06
36800.056 5.1570840070999205e-06
36850.056 5.299947585800193e-06
36900.056 5.221575356600359e-06
36950.056 5.20403855039993e-06
37000.056 5.314324288599888e-06
37050.056 5.403691310599776e-06
37100.056 5.250638448000362e-06
37150.056 5.312836554399443e-06
37200.056 5.344364071299948e-06
37250.056 5.410911881699993e-06
37300.056 5.472235152500485e-06
37350.056 5.147438143500395e-06
37400.056 5.374612782699912e-06
37450.056 5.272251825100158e-06
37500.056 5.526404012099783e-06
37550.056 5.3808554720994585e-06
37600.056 5.569409215599744e-06
37650.056 5.329516643099826e-06
37700.056 5.501526710499983e-06
37750.056 5.501915889899724e-06
37800.056 5.5644060446998685e-06
37850.056 5.50290518119995e-06
37900.056 5.516068751500235e-06
37950.056 5.54479618670014e-06
38000.056 5.563966361600244e-06
38050.056 5.5203957865002436e-06
38100.056 5.374049431300195e-06
38150.056 5.6465282382998245e-06
38200.056 5.6485108085997845e-06
38250.056 5.390085418200351e-06
38300.056 5.366611867999981e-06
38350.056 5.498072074099959e-06
38400.056 5.579800771999896e-06
38450.056 5.667761502400159e-06
38500.056 5.484655832099883e-06
38550.056 5.5531340444002295e-06
38600.056 5.8474973926999255e-06
38650.056 5.409228188800041e-06
38700.056 5.4237618608004925e-06
38750.056 5.6189252818999626e-06
38800.056 5.537987038800442e-06
38850.056 5.585033519900023e-06
38900.056 5.382112123599942e-06
38950.056 5.6112146255999905e-06
39000.056 5.52263421380004e-06
39050.056 5.583983739899964e-06
39100.056 5.35237414930006e-06
39150.056 5.476424345700106e-06
39200.056 5.551935287100085e-06
39250.056 5.525872075099649e-06
39300.056 5.532377097399594e-06
39350.056 5.491693689800274e-06
39400.056 5.45883975880008e-06
39450.056 5.504023762699953e-06
39500.056 5.3738175527998586e-06
39550.056 5.300772016999529e-06
39600.056 5.599168254599994e-06
39650.056 5.238949669000116e-06
39700.056 5.329908405499956e-06
39750.056 5.402408902799708e-06
39800.056 5.111317720500197e-06
39850.056 5.32741485609985e-06
39900.056 5.1712853885998584e-06
39950.056 5.337948457999842e-06
40000.056 5.027332024599797e-06
40050.056 4.760195326399983e-06
40100.056 4.992287541599823e-06
40150.056 4.801744500499245e-06
40200.056 4.992748437199927e-06
40250.056 4.8089776159991955e-06
40300.056 4.738936685000521e-06
40350.056 4.844165336600025e-06
40400.056 4.8462141160999976e-06
40450.056 4.44669587550036e-06
40500.056 4.320172553400082e-06
40550.056 4.823120385299676e-06
40600.056 4.362518698600221e-06
40650.056 4.6474091741002745e-06
40700.056 4.784564584599983e-06
40750.056 4.383291828599139e-06
40800.056 4.358789574900147e-06
40850.056 4.027841816700657e-06
40900.056 4.119374180200384e-06
40950.056 4.27781178939999e-06
41000.056 4.379108953100133e-06
41050.056 4.364816001099376e-06
41100.056 4.105260413200003e-06
41150.056 4.403810325900067e-06
41200.056 4.219209699300096e-06
41250.056 4.196588267500176e-06
41300.056 3.818359983699788e-06
41350.056 4.266246176300022e-06
41400.056 4.031877546700141e-06
41450.056 4.069876892999964e-06
41500.056 4.222971209400198e-06
41550.056 4.145364672100126e-06
41600.056 4.1011122084001e-06
41650.056 3.926895281300246e-06
41700.056 3.7856345101996654e-06
41750.056 4.0193911995999254e-06
41800.056 4.03219795409975e-06
41850.056 3.619228717800265e-06
41900.056 4.048408383099785e-06
41950.056 3.930833088200343e-06
42000.056 3.9076508259002864e-06
42050.056 3.7019164238993953e-06
42100.056 3.943686961100108e-06
42150.056 3.401782532299632e-06
42200.056 3.465262590400205e-06
42250.056 3.898972666699829e-06
42300.056 3.6061975226001334e-06
42350.056 3.876086620100455e-06
42400.056 3.578999254100166e-06
42450.056 3.32553065200015e-06
42500.056 3.3864924176001152e-06
42550.056 3.4685818299999327e-06
42600.056 3.4708063997002446e-06
42650.056 3.495040814499242e-06
42700.056 3.5542810093002554e-06
42750.056 3.3565186475999593e-06
42800.056 3.5004371569003754e-06
42850.056 3.6305879259997095e-06
42900.056 3.6144736596001704e-06
42950.056 3.089978197999253e-06
43000.056 3.2258076363999625e-06
43050.056 2.976660278000826e-06
43100.056 3.0835954498000077e-06
43150.056 3.1040906930004075e-06
43200.056 2.877407924999961e-06
43250.056 2.977983013400278e-06
43300.056 2.9612440282001435e-06
43350.056 2.734567981069742e-06
43400.056 2.7102415472999267e-06
43450.056 2.701145102700173e-06
43500.056 2.6268132770997413e-06
43550.056 2.5432751466999606e-06
43600.056 2.674343406500192e-06
43650.056 2.368658918079989e-06
43700.056 2.4220170245000067e-06
43750.056 2.439769810200102e-06
43800.056 2.2138390381000137e-06
43850.056 2.2745982359002455e-06
43900.056 2.2943062066000437e-06
43950.056 2.163083697859968e-06
44000.056 2.0189929965000015e-06
44050.056 1.9628196625000506e-06
44100.056 2.0398107031402296e-06
44150.056 2.121776874899973e-06
44200.056 1.915324748600088e-06
44250.056 1.9867977279999716e-06
44300.056 1.9023991899601763e-06
44350.056 1.7675331959001636e-06
44400.056 1.8831963913499048e-06
44450.056 1.909534848900099e-06
44500.056 1.8181821214400942e-06
44550.056 1.6554811555397347e-06
44600.056 1.6743915603301725e-06
44650.056 1.8110081946799006e-06
44700.056 1.7463608955200673e-06
44750.056 1.7143719191398502e-06
44800.056 1.6887969106199816e-06
44850.056 1.6764536498401473e-06
44900.056 1.6529271580900927e-06
44950.056 1.5353787075100664e-06
45000.056 1.6612282955999908e-06
45050.056 1.6548114095298727e-06
45100.056 1.6864113489000563e-06
45150.056 1.5402058642200174e-06
45200.056 1.4440372065299518e-06
45250.056 1.5040322086099553e-06
45300.056 1.662422278130026e-06
45350.056 1.698136147379901e-06
45400.056 1.554262292420152e-06
45450.056 1.4816347173698484e-06
45500.056 1.5506394614799097e-06
45550.056 1.650793527600052e-06
45600.056 1.5056992301199632e-06
45650.056 1.4340027864598412e-06
45700.056 1.6127909547000285e-06
45750.056 1.473854590650081e-06
45800.056 1.4529159179299184e-06
45850.056 1.708744298399989e-06
45900.056 1.6537420193799902e-06
45950.056 1.5086254748499854e-06
46000.056 1.7498680059899855e-06
46050.056 1.7949667184003992e-06
46100.056 1.4335330580201303e-06
46150.056 1.5705138753699205e-06
46200.056 1.6633875610002472e-06
46250.056 1.398959222300053e-06
46300.056 1.8109427243300384e-06
46350.056 1.5870129426098802e-06
46400.056 1.5919062728298378e-06
46450.056 1.639370218380205e-06
46500.056 1.5493333435198195e-06
46550.056 1.8387066965799889e-06
46600.056 1.7010433597900807e-06
46650.056 2.1004489446698196e-06
46700.056 2.082901219390648e-06
46750.056 1.6421178962799933e-06
46800.056 1.7536865951201698e-06
46850.056 1.8444424343301716e-06
46900.056 1.706334703339789e-06
46950.056 2.012052053180045e-06
47000.056 1.6594578690900012e-06
47050.056 1.9593109005499456e-06
47100.056 1.558507414850053e-06
47150.056 1.794542309100091e-06
47200.056 1.869823914630442e-06
47250.056 1.7076471242998133e-06
47300.056 1.8727470839197273e-06
47350.056 1.4621295735798779e-06
47400.056 1.7893967274197733e-06
47450.056 1.6268052587698622e-06
47500.056 1.8204406358798215e-06
47550.056 1.6222936740499066e-06
47600.056 1.8951427537599036e-06
47650.056 1.4080797228097942e-06
47700.056 1.8942960816199437e-06
47750.056 1.3768990462803101e-06
47800.056 1.86699678359989e-06
47850.056 1.4160304967999726e-06
47900.056 1.8984832295501218e-06
47950.056 1.4191213895902793e-06
48000.056 2.0529472304999462e-06
48050.056 1.5418961341001713e-06
48100.056 1.8074181878099256e-06
48150.056 1.5442813978101726e-06
48200.056 1.8903900288401622e-06
48250.056 1.573588199670106e-06
48300.056 1.9721787571998475e-06
48350.056 1.4396208747597113e-06
48400.056 1.8715472432899935e-06
48450.056 1.4392326323399835e-06
48500.056 2.054117144920059e-06
48550.056 1.391187759539978e-06
48600.056 2.012729594899847e-06
48650.056 1.4166085172000078e-06
48700.056 1.9704072042001294e-06
48750.056 1.3097086322700393e-06
48800.056 1.9807485228601065e-06
48850.056 1.3935019021797982e-06
48900.056 1.9068288940001657e-06
48950.056 1.6250403230999274e-06
49000.056 1.7021675691699794e-06
49050.056 1.7624682690999182e-06
49100.056 1.6215314073400805e-06
49150.056 1.7142706850899177e-06
49200.056 1.5437030269599135e-06
49250.056 1.6963284010899472e-06
49300.056 1.4992755705198261e-06
49350.056 1.6965774913998673e-06
49400.056 1.8646002367200745e-06
49450.056 1.5600488920602586e-06
49500.056 1.711858086500073e-06
49550.056 1.5177912391198263e-06
49600.056 1.6127220003902251e-06
49650.056 1.7484079606999587e-06
49700.056 1.4627940843299337e-06
49750.056 2.240635295599906e-06
49800.056 1.569662152050004e-06
49850.056 2.0599497711800777e-06
49900.056 1.6086069059400642e-06
49950.056 1.7644768079998314e-06
50000.056 1.7226822153595928e-06
50050.056 1.6212655708701426e-06
50100.056 1.9073183701599063e-06
50150.056 1.5646493784900418e-06
50200.056 1.5896067016702346e-06
50250.056 1.7588192865400958e-06
50300.056 1.526342362779944e-06
50350.056 1.960780146729919e-06
50400.056 1.6440633320398553e-06
50450.056 1.72706953238021e-06
50500.056 2.142154466900197e-06
50550.056 1.656020406959981e-06
50600.056 1.9426094674999413e-06
50650.056 1.694648150190233e-06
50700.056 1.9416261419798516e-06
50750.056 2.1215673474201876e-06
50800.056 1.4824748688098451e-06
50850.056 1.8871495098600822e-06
50900.056 1.883931369839877e-06
50950.056 1.8556037566002962e-06
51000.056 2.215140958480193e-06
51050.056 1.691409988300076e-06
51100.056 1.8173821991699047e-06
51150.056 2.0024920641999408e-06
51200.056 1.6789419561000463e-06
51250.056 2.1234858975300674e-06
51300.056 1.6864020990503097e-06
51350.056 1.9082866793000335e-06
51400.056 2.013994105699666e-06
51450.056 1.3707904596098045e-06
51500.056 1.9625586392300466e-06
51550.056 2.2992349262001456e-06
51600.056 1.482652547089988e-06
51650.056 2.0248541677997826e-06
51700.056 1.7844664656295115e-06
51750.056 1.7157739384300455e-06
51800.056 2.1215394332997236e-06
51850.056 1.9050577056997e-06
51900.056 2.0304242604002277e-06
51950.056 2.0317853089298552e-06
52000.056 1.6586774800399735e-06
52050.056 1.962569357499883e-06
52100.056 1.900990140379757e-06
52150.056 1.885134958340048e-06
52200.056 1.834972218390076e-06
52250.056 1.8496778345899204e-06
52300.056 1.9757842912600375e-06
52350.056 2.101539311160179e-06
52400.056 1.6472504054301198e-06
52450.056 1.8397782878999639e-06
52500.056 2.1088835469097185e-06
52550.056 1.8756583934297198e-06
52600.056 2.001851674000025e-06
52650.056 2.2138219157902244e-06
52700.056 1.8308591006700918e-06
52750.056 1.6923647526199268e-06
52800.056 1.7908436468000758e-06
52850.056 1.760425035769986e-06
52900.056 2.033486126340029e-06
52950.056 1.8307399915998527e-06
53000.056 2.0544652534198133e-06
53050.056 1.9817251777896615e-06
53100.056 1.8205689112598352e-06
53150.056 2.164952888800257e-06
53200.056 1.6295727422101856e-06
53250.056 2.0215920436999883e-06
53300.056 2.1088170549005314e-06
53350.056 2.1361050477997265e-06
53400.056 1.9164660323001425e-06
53450.056 1.8804456205500657e-06
53500.056 1.6141069779498246e-06
53550.056 1.975903295399977e-06
53600.056 2.132942325000235e-06
