galfind/configs/Brown_Dwarf_templates/sonora_bobcat/m0.0/1000g/co1.5/sp_t1500g1000nc_m+0.0_co1.5_resample.dat
# %ECSV 1.0
# ---
# datatype:
# - {name: wav, unit: Angstrom, datatype: float64}
# - {name: flux_nu, unit: erg / (cm2 Hz s), datatype: float64}
# meta: {C/O: '1.50', Kzz: '1.0000E+05', Teff: '1500.', Y: '0.28', '[Fe/H]': '0.00', f_hole: '1.00', f_rain: '0.00', grav: '1000.'}
# schema: astropy-2.0
wav flux_nu
4000.0559999999996 nan
4050.0559999999996 9.053495401813217e-11
4100.056 6.547123338199359e-10
4150.056 7.328613897250408e-10
4200.056 5.745048320271451e-10
4250.056 6.297631273481041e-10
4300.056 5.782011676250801e-10
4350.056 5.740276512690378e-10
4400.056 6.557271357500524e-10
4450.056 6.052985388200188e-10
4500.056 6.025168662000451e-10
4550.056 7.379328347459118e-10
4600.056 7.663985122599892e-10
4650.056 7.293250453199439e-10
4700.056 8.632123908700139e-10
4750.056 7.785274103899694e-10
4800.056 3.9311010620002163e-10
4850.056 2.8994416297999793e-10
4900.056 2.2680516113999828e-10
4950.056 1.2326293023299925e-10
5000.056 4.781951371299947e-11
5050.056 2.1029060210999917e-11
5100.056 1.817408315799988e-11
5150.056 1.6788648712000006e-11
5200.056 1.5330135052999873e-11
5250.056 1.3267574338999952e-11
5300.056 1.1359148060999978e-11
5350.056 9.752506843199976e-12
5400.056 8.407201837899984e-12
5450.056 7.188582533699985e-12
5500.056 6.042572012099989e-12
5550.056 4.956944650099991e-12
5600.056 3.953392604799986e-12
5650.056 3.00637513209999e-12
5700.056 2.1388951487999897e-12
5750.056 1.377135066199991e-12
5800.056 7.792583434999929e-13
5850.056 3.5063921841999463e-13
5900.056 8.096701557576204e-14
5950.056 7.806828967000139e-13
6000.056 2.6324679458000434e-12
6050.056 7.05264973990008e-12
6100.056 1.5615069808000152e-11
6150.056 3.0652157954000264e-11
6200.056 5.4872646277000385e-11
6250.056 9.191264128800065e-11
6300.056 1.46939810600001e-10
6350.056 2.262060731300014e-10
6400.056 3.3633743578000205e-10
6450.056 4.862017791900031e-10
6500.056 6.889931734900047e-10
6550.056 9.612114062000056e-10
6600.056 1.3250173122000066e-09
6650.056 1.7810990044000029e-09
6700.056 1.4476482361987997e-09
6750.056 2.9253219876000198e-09
6800.056 3.857509543400013e-09
6850.056 4.288301652300005e-09
6900.056 4.111907217199994e-09
6950.056 3.747966251199992e-09
7000.056 3.7206319778000056e-09
7050.056 4.066525901000003e-09
7100.056 4.509537822500008e-09
7150.056 4.839203585499991e-09
7200.056 4.951544592300019e-09
7250.056 4.744212899699965e-09
7300.056 4.3283172256999864e-09
7350.056 3.843477521299985e-09
7400.056 3.3789743587999966e-09
7450.056 2.888682117099997e-09
7500.056 2.35706985209999e-09
7550.056 1.8096433074999893e-09
7600.056 1.201356835249985e-09
7650.056 1.9137982279183545e-10
7700.056 7.590192744483395e-11
7750.056 8.503454942200224e-10
7800.056 1.8140283910952327e-09
7850.056 3.724748208400034e-09
7900.056 5.620825993800032e-09
7950.056 6.440592829896462e-09
8000.056 1.089529845880008e-08
8050.056 1.4374412718000073e-08
8100.056 1.8509786463000054e-08
8150.056 2.337743001400007e-08
8200.056 2.7303667552000305e-08
8250.056 3.580428869500036e-08
8300.056 4.341923485700075e-08
8350.056 5.175883569200005e-08
8400.056 6.10805848349997e-08
8450.056 7.010592955599993e-08
8500.056 7.153752505356717e-08
8550.056 8.709231370900275e-08
8600.056 9.648245938600014e-08
8650.056 9.120094298499555e-08
8700.056 9.9455504754988e-08
8750.056 1.1224423622100399e-07
8800.056 1.344224419130029e-07
8850.056 1.5155392239099482e-07
8900.056 1.6554631360600145e-07
8950.056 1.5869631851036694e-07
9000.056 2.1072898627099745e-07
9050.056 2.2320246718000661e-07
9100.056 2.5563155418000053e-07
9150.056 2.8552264522000213e-07
9200.056 3.101546285399881e-07
9250.056 3.143980450369915e-07
9300.056 2.7240218615198764e-07
9350.056 3.1341246090002595e-07
9400.056 3.6193154966198576e-07
9450.056 3.945083464870105e-07
9500.056 4.264281819929712e-07
9550.056 4.5838093361503745e-07
9600.056 4.6995818391802265e-07
9650.056 5.12499622940005e-07
9700.056 5.716902352139655e-07
9750.056 5.589627094939945e-07
9800.056 6.003362381159778e-07
9850.056 6.163891842700039e-07
9900.056 4.612813199399788e-07
9950.056 3.784778763299992e-07
10000.056 3.3412113473999325e-07
10050.056 3.984656957399998e-07
10100.056 4.661461322000104e-07
10150.056 4.745326135299739e-07
10200.056 5.178218930499913e-07
10250.056 5.495854797999959e-07
10300.056 5.489816637700024e-07
10350.056 6.250811127100259e-07
10400.056 6.864660406099854e-07
10450.056 7.078504523200153e-07
10500.056 7.017957959199905e-07
10550.056 7.223806400900138e-07
10600.056 7.706713299299948e-07
10650.056 8.147002252700338e-07
10700.056 8.660330602400237e-07
10750.056 9.362304704600198e-07
10800.056 1.0062620770799955e-06
10850.056 1.1135193493499788e-06
10900.056 1.1378436058899862e-06
10950.056 1.112331587469977e-06
11000.056 1.0556325256699726e-06
11050.056 9.412635550449522e-07
11100.056 9.245888485094817e-07
11150.056 9.308379460389536e-07
11200.056 9.656701017184307e-07
11250.056 1.1607631910972332e-06
11300.056 1.1248498216398606e-06
11350.056 9.157685345439791e-07
11400.056 7.814555934980395e-07
11450.056 1.104344606272492e-06
11500.056 1.342055421598401e-06
11550.056 1.1988626931949975e-06
11600.056 1.2699332587319896e-06
11650.056 1.206426628263646e-06
11700.056 7.707432626670124e-07
11750.056 7.882379334709268e-07
11800.056 8.718657842400516e-07
11850.056 1.3870438886220358e-06
11900.056 1.6455023212698806e-06
11950.056 1.4885350760099999e-06
12000.056 1.3193973248500122e-06
12050.056 1.595383701240058e-06
12100.056 1.6029309615299484e-06
12150.056 1.8767686374499532e-06
12200.056 1.8400583759998774e-06
12250.056 2.0199441484999735e-06
12300.056 2.1143442055000505e-06
12350.056 2.0318711401999768e-06
12400.056 1.7883339099999668e-06
12450.056 1.53255095541002e-06
12500.056 1.5960837386899447e-06
12550.056 1.6610752625200993e-06
12600.056 2.176312569800011e-06
12650.056 2.2195064081999756e-06
12700.056 2.4530423935001306e-06
12750.056 2.404671928699945e-06
12800.056 2.509395382000077e-06
12850.056 2.406237410869941e-06
12900.056 2.2525237142000026e-06
12950.056 2.302359768759958e-06
13000.056 2.399558970329936e-06
13050.056 2.505065823969959e-06
13100.056 2.545372534399941e-06
13150.056 2.5135397822199358e-06
13200.056 2.390512835439976e-06
13250.056 2.1286026301440137e-06
13300.056 1.69848660395704e-06
13350.056 8.218112243939172e-07
13400.056 6.181762846886013e-07
13450.056 5.03118005217876e-07
13500.056 4.2503488890345824e-07
13550.056 3.7330836462984067e-07
13600.056 3.504402452288818e-07
13650.056 5.064536046174738e-07
13700.056 4.4043429323551956e-07
13750.056 4.851760345251102e-07
13800.056 5.846923624110094e-07
13850.056 5.169527171291988e-07
13900.056 5.028302759444088e-07
13950.056 4.6408263379103696e-07
14000.056 4.3149674026666233e-07
14050.056 4.744283543502938e-07
14100.056 3.9019676441075275e-07
14150.056 4.611378155292859e-07
14200.056 4.007721931599607e-07
14250.056 3.87149795739957e-07
14300.056 4.5924818596483286e-07
14350.056 4.7213455869872425e-07
14400.056 4.941725653091006e-07
14450.056 5.278707152612332e-07
14500.056 6.587005545757562e-07
14550.056 6.731756574387656e-07
14600.056 8.012364868611823e-07
14650.056 7.876232215249551e-07
14700.056 7.103278941379141e-07
14750.056 7.989991844631838e-07
14800.056 8.759077853291725e-07
14850.056 9.58876437792884e-07
14900.056 9.337441538179522e-07
14950.056 9.799967555051225e-07
15000.056 1.0401244545290434e-06
15050.056 1.197276696904873e-06
15100.056 1.2094578227660241e-06
15150.056 1.3033353837820767e-06
15200.056 1.3503095470359062e-06
15250.056 1.4513106177600027e-06
15300.056 1.5306429235199609e-06
15350.056 1.6575368684499504e-06
15400.056 1.7472707865100285e-06
15450.056 1.8408506381000682e-06
15500.056 1.8943073351400152e-06
15550.056 2.013131632279874e-06
15600.056 1.920735667390046e-06
15650.056 2.0482441950701102e-06
15700.056 2.2208113465001453e-06
15750.056 2.305988609399949e-06
15800.056 2.1858317393000846e-06
15850.056 2.030540031400011e-06
15900.056 2.060865766900024e-06
15950.056 2.0488736747999138e-06
16000.056 1.9829563349000116e-06
16050.056 1.9071550597999714e-06
16100.056 1.8463588975399688e-06
16150.056 1.6674148943199546e-06
16200.056 1.5869638901198044e-06
16250.056 1.5269361365298847e-06
16300.056 1.5041256196200042e-06
16350.056 1.5817142211060056e-06
16400.056 1.6277266638421262e-06
16450.056 1.6925441993860416e-06
16500.056 1.7641005988160648e-06
16550.056 1.7811833929099754e-06
16600.056 1.7162776088701056e-06
16650.056 1.5967577452520527e-06
16700.056 1.364535244510049e-06
16750.056 1.412317046049948e-06
16800.056 1.58428543142004e-06
16850.056 1.5975450928598933e-06
16900.056 1.5563896944700185e-06
16950.056 1.496885681679961e-06
17000.056 1.4522086431901982e-06
17050.056 1.56848446642009e-06
17100.056 1.575068229160037e-06
17150.056 1.4969775128299595e-06
17200.056 1.5006426257298453e-06
17250.056 1.4089392569398452e-06
17300.056 1.3396734725800312e-06
17350.056 1.2653166461899616e-06
17400.056 1.2311721911159645e-06
17450.056 1.1600207022227113e-06
17500.056 1.1700430206510848e-06
17550.056 1.098190463994122e-06
17600.056 1.0582429806220444e-06
17650.056 1.0567630689250913e-06
17700.056 8.91830899040951e-07
17750.056 8.387592473699503e-07
17800.056 8.819693347927294e-07
17850.056 7.355978939000014e-07
17900.056 7.957442501320259e-07
17950.056 7.27247208947087e-07
18000.056 7.022843583739929e-07
18050.056 6.925634863652495e-07
18100.056 6.876319043292472e-07
18150.056 7.819308426681406e-07
18200.056 6.073887863882318e-07
18250.056 8.291556597630212e-07
18300.056 7.285790137972139e-07
18350.056 6.957241989712498e-07
18400.056 6.745687606042009e-07
18450.056 6.28017880827981e-07
18500.056 6.631921698052427e-07
18550.056 5.948680369270379e-07
18600.056 5.129515321798632e-07
18650.056 5.58348000256857e-07
18700.056 6.154000720904045e-07
18750.056 6.266589137948229e-07
18800.056 7.260226519111695e-07
18850.056 8.18926997253773e-07
18900.056 7.809176016243114e-07
18950.056 9.111212800560164e-07
19000.056 8.744463570239126e-07
19050.056 8.091756676878279e-07
19100.056 9.494527081750647e-07
19150.056 8.912836257473647e-07
19200.056 9.276072123022437e-07
19250.056 8.412601640865074e-07
19300.056 8.679010815108747e-07
19350.056 8.169756142833176e-07
19400.056 6.468766216871185e-07
19450.056 8.364262694837533e-07
19500.056 8.374110249863781e-07
19550.056 6.891687328768059e-07
19600.056 7.821595860895833e-07
19650.056 8.326318993206676e-07
19700.056 8.221354499570636e-07
19750.056 7.75593282448059e-07
19800.056 8.450364740949237e-07
19850.056 9.22920513695033e-07
19900.056 7.834193491730897e-07
19950.056 9.60320635868971e-07
20000.056 8.694831926440788e-07
20050.056 9.816372268200526e-07
20100.056 9.604666204476628e-07
20150.056 1.0245873559201462e-06
20200.056 1.0687551284719872e-06
20250.056 1.116798620937863e-06
20300.056 1.1093066529561057e-06
20350.056 1.1990259468099051e-06
20400.056 1.1993655205476915e-06
20450.056 1.2430939984297748e-06
20500.056 1.2929866419149018e-06
20550.056 1.295584336739993e-06
20600.056 1.3852522410900794e-06
20650.056 1.3627662986700817e-06
20700.056 1.4082231074400817e-06
20750.056 1.4135608623199775e-06
20800.056 1.4597714039899665e-06
20850.056 1.4314925410399754e-06
20900.056 1.4853234150198895e-06
20950.056 1.474759227449977e-06
21000.056 1.4800186184000503e-06
21050.056 1.4808517391099949e-06
21100.056 1.4649991798700143e-06
21150.056 1.4874339233699066e-06
21200.056 1.4584861619500116e-06
21250.056 1.4609118846798996e-06
21300.056 1.4052423524399388e-06
21350.056 1.41637894095003e-06
21400.056 1.3787136515301373e-06
21450.056 1.3736418795500059e-06
21500.056 1.325810335970063e-06
21550.056 1.2986566008800309e-06
21600.056 1.2587234485400822e-06
21650.056 1.216561948840007e-06
21700.056 1.2021662818000187e-06
21750.056 1.1279047042400232e-06
21800.056 1.0709421705598478e-06
21850.056 1.0139412477200468e-06
21900.056 9.271537257799746e-07
21950.056 8.015138551600692e-07
22000.056 6.278526438200307e-07
22050.056 5.142752085298646e-07
22100.056 5.56609073970135e-07
22150.056 6.237261032989998e-07
22200.056 6.54426725223956e-07
22250.056 6.564212446501394e-07
22300.056 6.095592893569855e-07
22350.056 5.902727060400589e-07
22400.056 5.370182618909877e-07
22450.056 4.997183420789787e-07
22500.056 5.050583298991294e-07
22550.056 4.6653937999691306e-07
22600.056 4.710538805941055e-07
22650.056 4.6173911744502516e-07
22700.056 4.3761629342798364e-07
22750.056 4.3607180806407286e-07
22800.056 4.1253039489393327e-07
22850.056 3.823453022270411e-07
22900.056 3.721927297379311e-07
22950.056 3.3349211814596025e-07
23000.056 3.63396697310014e-07
23050.056 4.2352477735893803e-07
23100.056 4.829046795690396e-07
23150.056 4.962347565209868e-07
23200.056 3.308846111570098e-07
23250.056 3.2540764176604036e-07
23300.056 2.8620377354807646e-07
23350.056 2.772117972119994e-07
23400.056 2.8747037179004435e-07
23450.056 3.006927346360382e-07
23500.056 3.2387104354507706e-07
23550.056 3.5964960789704614e-07
23600.056 3.8413137733095637e-07
23650.056 4.270909735979555e-07
23700.056 3.4622521191406495e-07
23750.056 3.2753241374902434e-07
23800.056 3.00170164589e-07
23850.056 3.2504924700900066e-07
23900.056 3.935540954850382e-07
23950.056 4.2994755355806377e-07
24000.056 4.527232041208883e-07
24050.056 4.840257592160326e-07
24100.056 4.694911257239563e-07
24150.056 4.858332166431601e-07
24200.056 5.052047276989396e-07
24250.056 4.807511513380274e-07
24300.056 5.069376156170575e-07
24350.056 4.5963409443694356e-07
24400.056 5.190009917281202e-07
24450.056 4.917719698998267e-07
24500.056 4.974656026339879e-07
24550.056 5.121811337581172e-07
24600.056 5.269294948570479e-07
24650.056 5.884659419010695e-07
24700.056 4.958845131609008e-07
24750.056 5.043129538430708e-07
24800.056 5.177583157600259e-07
24850.056 6.035667849631066e-07
24900.056 4.5826855580019365e-07
24950.056 6.026880383010612e-07
25000.056 5.614187573891296e-07
25050.056 4.541494287700682e-07
25100.056 5.560624397029575e-07
25150.056 4.7493703900694275e-07
25200.056 5.329391538300678e-07
25250.056 4.72313476866947e-07
25300.056 5.477527414050458e-07
25350.056 4.435447733939916e-07
25400.056 5.520821938911212e-07
25450.056 4.5035038260496106e-07
25500.056 4.795805720710886e-07
25550.056 4.655364934219832e-07
25600.056 4.805472694569459e-07
25650.056 4.0953102016200393e-07
25700.056 5.6512006990781e-07
25750.056 3.855266337690952e-07
25800.056 5.537821811060891e-07
25850.056 4.4179161734796143e-07
25900.056 5.286686211630328e-07
25950.056 4.213839557020574e-07
26000.056 5.807664062472023e-07
26050.056 5.469678896249593e-07
26100.056 6.070466790310212e-07
26150.056 5.662160417039393e-07
26200.056 5.646677518200254e-07
26250.056 6.36032395065905e-07
26300.056 5.797070354190351e-07
26350.056 6.886544777609586e-07
26400.056 6.874038368599457e-07
26450.056 6.858914111140549e-07
26500.056 7.306673858058519e-07
26550.056 6.319913654478715e-07
26600.056 7.874541635339172e-07
26650.056 5.589402362469155e-07
26700.056 5.683508572530237e-07
26750.056 4.513871024317959e-07
26800.056 5.572086127909242e-07
26850.056 4.077586002960241e-07
26900.056 5.963907175049974e-07
26950.056 3.9477025608292453e-07
27000.056 5.915767279300936e-07
27050.056 4.98606625940985e-07
27100.056 4.905567796048869e-07
27150.056 5.681576318820366e-07
27200.056 5.299755261570582e-07
27250.056 5.157279322681512e-07
27300.056 6.959075365670778e-07
27350.056 6.193271498448487e-07
27400.056 4.466593168909458e-07
27450.056 7.403941057798509e-07
27500.056 6.779670031579629e-07
27550.056 5.433701376749048e-07
27600.056 7.36430249322963e-07
27650.056 5.164675214639877e-07
27700.056 4.762150157710061e-07
27750.056 7.356186784288603e-07
27800.056 4.919596610539764e-07
27850.056 5.414234445308495e-07
27900.056 5.75039682325022e-07
27950.056 7.304622051139934e-07
28000.056 6.389211680450868e-07
28050.056 4.316745746351054e-07
28100.056 7.665597050931477e-07
28150.056 5.646794659170557e-07
28200.056 4.443998477230022e-07
28250.056 6.846415063419787e-07
28300.056 7.984325832721191e-07
28350.056 4.980517206048867e-07
28400.056 6.186286960320001e-07
28450.056 7.014554817168882e-07
28500.056 6.470667535498773e-07
28550.056 4.057066876308904e-07
28600.056 7.76565108012968e-07
28650.056 6.846642791019937e-07
28700.056 6.089696660999317e-07
28750.056 7.210251544200094e-07
28800.056 6.827141789681498e-07
28850.056 7.307180105350526e-07
28900.056 5.112027006569806e-07
