galfind/configs/Brown_Dwarf_templates/sonora_bobcat/m0.0/1000g/co1.5/sp_t800g1000nc_m+0.0_co1.5_resample.dat
# %ECSV 1.0
# ---
# datatype:
# - {name: wav, unit: Angstrom, datatype: float64}
# - {name: flux_nu, unit: erg / (cm2 Hz s), datatype: float64}
# meta: {C/O: '1.50', Kzz: '1.0000E+05', Teff: '800.', Y: '0.28', '[Fe/H]': '0.00', f_hole: '1.00', f_rain: '0.00', grav: '1000.'}
# schema: astropy-2.0
wav flux_nu
4000.0559999999996 nan
4050.0559999999996 2.0127931595567115e-14
4100.056 2.68066934829004e-12
4150.056 1.6973881736600282e-11
4200.056 1.505073315808561e-11
4250.056 5.724231013100059e-11
4300.056 9.216374516600207e-11
4350.056 1.1445750684500036e-10
4400.056 1.4690817270100077e-10
4450.056 1.8948839158000257e-10
4500.056 1.996789617900024e-10
4550.056 2.0133962741699803e-10
4600.056 9.829819279599965e-11
4650.056 6.315604535799997e-11
4700.056 3.4153451837999716e-11
4750.056 1.0137898789399863e-11
4800.056 2.218115666359969e-12
4850.056 5.158138871299936e-13
4900.056 1.984423340899984e-13
4950.056 9.226821004799925e-14
5000.056 3.810826824499963e-14
5050.056 1.8795236054999955e-14
5100.056 1.6692213899000013e-14
5150.056 1.6022830609999998e-14
5200.056 1.5569464765999986e-14
5250.056 1.5231774161999987e-14
5300.056 1.510755999399999e-14
5350.056 1.530213875100001e-14
5400.056 1.5821525666e-14
5450.056 1.6411897374999993e-14
5500.056 1.7044644527000016e-14
5550.056 1.7670198121000015e-14
5600.056 1.8251064785999983e-14
5650.056 1.8660573469e-14
5700.056 1.8782166389000008e-14
5750.056 1.7959918141999982e-14
5800.056 1.5833145517999968e-14
5850.056 1.1199031446899887e-14
5900.056 3.916329699244904e-15
5950.056 2.2120459143000323e-14
6000.056 4.568149191800022e-14
6050.056 7.927825454300076e-14
6100.056 1.2745780738600076e-13
6150.056 1.9703292680000115e-13
6200.056 2.986565889200015e-13
6250.056 4.476771146700023e-13
6300.056 6.649648129700036e-13
6350.056 9.828452580600056e-13
6400.056 1.4468549705000087e-12
6450.056 2.096557769200004e-12
6500.056 3.053037468900014e-12
6550.056 4.424436598300015e-12
6600.056 6.368351253200063e-12
6650.056 9.082537771700053e-12
6700.056 1.1861077886100119e-11
6750.056 1.724473020500007e-11
6800.056 2.194657616000008e-11
6850.056 2.4379278474000008e-11
6900.056 2.2581495443000026e-11
6950.056 1.9598835302999937e-11
7000.056 1.9087480133000046e-11
7050.056 2.0455478817999926e-11
7100.056 2.217657870799998e-11
7150.056 2.259725422779981e-11
7200.056 2.2008123301700224e-11
7250.056 2.102397900599945e-11
7300.056 1.9204932288700354e-11
7350.056 1.7756831967999877e-11
7400.056 1.6416602284000188e-11
7450.056 1.519637443100019e-11
7500.056 1.3884068099999964e-11
7550.056 1.2362704079999962e-11
7600.056 1.0729909797799953e-11
7650.056 3.835417035462859e-12
7700.056 2.995017051262113e-12
7750.056 1.081559271710015e-11
7800.056 1.6741517359040125e-11
7850.056 2.7760464681000168e-11
7900.056 3.995521380500009e-11
7950.056 4.790020446120044e-11
8000.056 7.997042848100066e-11
8050.056 1.1085955924300103e-10
8100.056 1.4610600032599932e-10
8150.056 1.906985762830004e-10
8200.056 2.638890395200067e-10
8250.056 3.384102188840025e-10
8300.056 4.389953938400215e-10
8350.056 5.526788401099963e-10
8400.056 6.956330996899954e-10
8450.056 8.824432112500003e-10
8500.056 9.957192753109673e-10
8550.056 1.311648889890038e-09
8600.056 1.6676400653000139e-09
8650.056 2.025040997400019e-09
8700.056 2.409029332500023e-09
8750.056 2.870102264000018e-09
8800.056 3.3500406151000253e-09
8850.056 3.708556561799997e-09
8900.056 3.348274886899921e-09
8950.056 3.315488224820022e-09
9000.056 4.012600557399821e-09
9050.056 5.963192977490046e-09
9100.056 6.920491809010188e-09
9150.056 7.763962999300249e-09
9200.056 9.24180478211971e-09
9250.056 9.545664681089507e-09
9300.056 4.489052081946756e-09
9350.056 6.00332188481565e-09
9400.056 9.750698779863301e-09
9450.056 1.0019847751902618e-08
9500.056 9.828026028914286e-09
9550.056 1.082690614725248e-08
9600.056 1.144482506500454e-08
9650.056 1.3649564274788006e-08
9700.056 1.7874277337465775e-08
9750.056 1.9333433029486713e-08
9800.056 2.2001231409758915e-08
9850.056 2.5176446773799676e-08
9900.056 2.992522609060031e-08
9950.056 3.195559906500025e-08
10000.056 3.0097954277899725e-08
10050.056 3.934055208600029e-08
10100.056 4.477657378400018e-08
10150.056 4.9480012374999916e-08
10200.056 5.459026082600084e-08
10250.056 6.11295589020007e-08
10300.056 6.935768019899854e-08
10350.056 7.49878538560011e-08
10400.056 8.386262879700021e-08
10450.056 9.10761905589979e-08
10500.056 9.792575124699952e-08
10550.056 1.0499733975400022e-07
10600.056 1.101698289259997e-07
10650.056 1.153491396100011e-07
10700.056 1.1835416053100094e-07
10750.056 1.2197418427200103e-07
10800.056 1.2321354319000097e-07
10850.056 1.2089323969600037e-07
10900.056 1.046689812699987e-07
10950.056 7.120940730659995e-08
11000.056 5.312498584619422e-08
11050.056 3.622733660509471e-08
11100.056 2.4653686988274817e-08
11150.056 1.5884333979049195e-08
11200.056 1.6460851445608578e-08
11250.056 2.097947680323145e-08
11300.056 2.2916183142694847e-08
11350.056 1.0810178861087546e-08
11400.056 2.412330933149836e-08
11450.056 1.7904322747654455e-08
11500.056 1.6450351604431307e-08
11550.056 8.264119432965605e-09
11600.056 8.038130585081345e-09
11650.056 1.409449492686746e-08
11700.056 1.5310131044803594e-08
11750.056 6.9812551292387055e-09
11800.056 1.9459357127655727e-08
11850.056 3.005715042097971e-08
11900.056 3.778091746699825e-08
11950.056 5.205301410230374e-08
12000.056 6.794564869240021e-08
12050.056 8.667873134800535e-08
12100.056 1.0790038502999614e-07
12150.056 1.3257789634799645e-07
12200.056 1.5383235033199697e-07
12250.056 1.809222325439963e-07
12300.056 2.1077400074000425e-07
12350.056 2.189660093899994e-07
12400.056 2.4627255361999645e-07
12450.056 2.6173374590000393e-07
12500.056 2.743567033700047e-07
12550.056 2.983939409100023e-07
12600.056 3.3496965779000345e-07
12650.056 3.370249214900002e-07
12700.056 3.35209542430005e-07
12750.056 3.1202729949000376e-07
12800.056 2.96558574856e-07
12850.056 2.4696434876500144e-07
12900.056 2.166202822460055e-07
12950.056 1.968303272170012e-07
13000.056 1.901806788350039e-07
13050.056 1.5947979833979699e-07
13100.056 1.5025109778744979e-07
13150.056 1.1936457650235278e-07
13200.056 1.0680721168079843e-07
13250.056 7.90956604341141e-08
13300.056 3.9785212090110386e-08
13350.056 1.378701359760013e-08
13400.056 6.173616517160485e-09
13450.056 3.3901769766343247e-09
13500.056 1.9191291967811693e-09
13550.056 1.2083688378033049e-09
13600.056 6.654795303574901e-10
13650.056 1.969816490857706e-09
13700.056 1.4260565705027622e-09
13750.056 2.1301626099278598e-09
13800.056 2.4779702446777884e-09
13850.056 1.6287826662452776e-09
13900.056 1.7108586896325066e-09
13950.056 1.6379617309700641e-09
14000.056 1.6630557474607594e-09
14050.056 2.2559115398622895e-09
14100.056 1.895698744284971e-09
14150.056 2.881554702650076e-09
14200.056 2.2146608838065562e-09
14250.056 2.4302871705316777e-09
14300.056 4.691206415995993e-09
14350.056 4.688355935237475e-09
14400.056 4.918763973071426e-09
14450.056 6.438043898926174e-09
14500.056 1.1458889365470065e-08
14550.056 1.2059026705473701e-08
14600.056 1.788617190199215e-08
14650.056 1.6131558554723598e-08
14700.056 1.1632375991070711e-08
14750.056 1.3988027859576999e-08
14800.056 1.8333223847746335e-08
14850.056 1.973159162104804e-08
14900.056 2.0558232764153552e-08
14950.056 2.412076499618535e-08
15000.056 3.184365656667951e-08
15050.056 3.5460718230727856e-08
15100.056 3.644483798949927e-08
15150.056 3.843445021559988e-08
15200.056 4.483305869815366e-08
15250.056 6.298249942573391e-08
15300.056 7.152597276799356e-08
15350.056 8.608744023779811e-08
15400.056 9.933602534661428e-08
15450.056 1.1229363693920995e-07
15500.056 1.2187420477999028e-07
15550.056 1.4174997135300713e-07
15600.056 1.5756655388899707e-07
15650.056 1.6914027484400462e-07
15700.056 1.8971629135800387e-07
15750.056 1.9688295045999986e-07
15800.056 1.9818829526999984e-07
15850.056 2.0142061363000155e-07
15900.056 1.845980145900008e-07
15950.056 1.6518870658999442e-07
16000.056 1.3217198786500202e-07
16050.056 9.07084223499957e-08
16100.056 6.395355723399648e-08
16150.056 4.201828342725839e-08
16200.056 2.713509152475951e-08
16250.056 2.2517509396928942e-08
16300.056 1.8039327938069436e-08
16350.056 2.0905601116750363e-08
16400.056 2.490028302617062e-08
16450.056 2.620062439551158e-08
16500.056 2.8749119502371935e-08
16550.056 2.7939628603737852e-08
16600.056 3.086528967514849e-08
16650.056 2.198580510082685e-08
16700.056 6.817855651146171e-09
16750.056 1.3253582043056662e-08
16800.056 2.1044873249792862e-08
16850.056 2.231940377760229e-08
16900.056 1.746275924338655e-08
16950.056 1.3710127084370661e-08
17000.056 1.0065165113427184e-08
17050.056 1.598923696234773e-08
17100.056 2.0872186340060395e-08
17150.056 1.596178585654192e-08
17200.056 2.750638392367793e-08
17250.056 2.1995400096698338e-08
17300.056 1.7264921859859005e-08
17350.056 1.616167814716877e-08
17400.056 1.900658875579252e-08
17450.056 2.198245502653224e-08
17500.056 2.549176358165657e-08
17550.056 2.2366576456947565e-08
17600.056 1.933628838869603e-08
17650.056 1.8402665967907684e-08
17700.056 1.4907040988046213e-08
17750.056 1.3323221210906387e-08
17800.056 1.8923884313377733e-08
17850.056 1.2507483209275845e-08
17900.056 1.1665550744205314e-08
17950.056 9.11632692044334e-09
18000.056 1.1637238259871028e-08
18050.056 9.539215359017377e-09
18100.056 1.0929705875897383e-08
18150.056 1.2459948785598627e-08
18200.056 8.201653677298303e-09
18250.056 1.849816009483759e-08
18300.056 9.337992345837596e-09
18350.056 8.318165542653526e-09
18400.056 7.336598058111279e-09
18450.056 1.204509510808332e-08
18500.056 1.2154978714016028e-08
18550.056 8.958165425635554e-09
18600.056 8.280207678621218e-09
18650.056 7.170144841268217e-09
18700.056 5.5281357067049e-09
18750.056 8.909226890360474e-09
18800.056 1.886147590400914e-08
18850.056 1.9972115509368235e-08
18900.056 1.7688435361428068e-08
18950.056 2.983262981027465e-08
19000.056 1.6777242038274186e-08
19050.056 1.1609224929806423e-08
19100.056 2.0174297166689706e-08
19150.056 1.2515546280015062e-08
19200.056 1.7181593843241906e-08
19250.056 1.1765590168601505e-08
19300.056 9.998625218462213e-09
19350.056 9.078319440258554e-09
19400.056 6.692545492134096e-09
19450.056 1.1585660100632907e-08
19500.056 1.1159605011247324e-08
19550.056 9.593918027259286e-09
19600.056 1.2857125340183853e-08
19650.056 1.4867881433493274e-08
19700.056 1.4880071918929356e-08
19750.056 1.8910649428363163e-08
19800.056 1.7828927581009055e-08
19850.056 2.3928772219541972e-08
19900.056 2.116829157097144e-08
19950.056 3.134247173910893e-08
20000.056 3.086247031251309e-08
20050.056 3.3402388055088794e-08
20100.056 4.148937286275799e-08
20150.056 3.527190475809695e-08
20200.056 3.6556147797491264e-08
20250.056 4.684922334436745e-08
20300.056 4.8395373110732797e-08
20350.056 5.261324314408989e-08
20400.056 5.1466592086917355e-08
20450.056 6.467969288990465e-08
20500.056 7.048666174498209e-08
20550.056 7.188908429300888e-08
20600.056 7.852116865900866e-08
20650.056 8.272400861899963e-08
20700.056 8.550439098200474e-08
20750.056 8.832083190699614e-08
20800.056 8.981639797099005e-08
20850.056 9.097040887400028e-08
20900.056 9.347817809499158e-08
20950.056 9.041637151100407e-08
21000.056 8.781406386100311e-08
21050.056 8.692695109599638e-08
21100.056 8.311763054300229e-08
21150.056 8.271987488398919e-08
21200.056 7.783540649000389e-08
21250.056 7.287697653838966e-08
21300.056 6.480428398009867e-08
21350.056 6.323317774889723e-08
21400.056 6.10067143267093e-08
21450.056 5.446339204179993e-08
21500.056 5.0441449877092633e-08
21550.056 4.659574936232039e-08
21600.056 4.164057603777491e-08
21650.056 3.579696224833825e-08
21700.056 3.572544437800046e-08
21750.056 3.131815830185723e-08
21800.056 2.5919262891112273e-08
21850.056 2.296933015165584e-08
21900.056 1.731849693289387e-08
21950.056 1.0459540754850675e-08
22000.056 3.822012840918025e-09
22050.056 3.4510294933754232e-09
22100.056 7.414245055139018e-09
22150.056 8.06024444836977e-09
22200.056 8.996072474508848e-09
22250.056 7.775081322125207e-09
22300.056 5.56635363110106e-09
22350.056 5.817172083854595e-09
22400.056 3.754826131318357e-09
22450.056 3.767824779313159e-09
22500.056 3.587786212112674e-09
22550.056 2.7940487434814415e-09
22600.056 2.7769711727630304e-09
22650.056 3.552020035592934e-09
22700.056 2.9255143178704636e-09
22750.056 3.0325785447568568e-09
22800.056 3.104106815766231e-09
22850.056 2.5932651389495786e-09
22900.056 2.2786247994280613e-09
22950.056 2.1022458578435112e-09
23000.056 2.720708756462052e-09
23050.056 3.436585500207865e-09
23100.056 7.901857676111866e-09
23150.056 7.791291206548703e-09
23200.056 1.2470219508261728e-09
23250.056 2.4414828265254735e-09
23300.056 2.203436147477472e-09
23350.056 2.3414789255408605e-09
23400.056 2.356973587943472e-09
23450.056 2.0345300581921197e-09
23500.056 2.2673924546079344e-09
23550.056 3.0582793837777273e-09
23600.056 3.993565509944639e-09
23650.056 5.2607900609314325e-09
23700.056 2.274766286906014e-09
23750.056 2.042409434580606e-09
23800.056 3.472302643691242e-09
23850.056 3.434233146005383e-09
23900.056 5.779975220691663e-09
23950.056 5.105851083483182e-09
24000.056 6.8451441108765845e-09
24050.056 7.651044000243094e-09
24100.056 7.346751053896186e-09
24150.056 9.22407183390142e-09
24200.056 8.367314803485915e-09
24250.056 6.9897055890899796e-09
24300.056 9.792819814207126e-09
24350.056 8.283315868833544e-09
24400.056 1.2004769821085545e-08
24450.056 1.2089338225817397e-08
24500.056 1.1792849260122392e-08
24550.056 1.510298496164546e-08
24600.056 1.5110064686777842e-08
24650.056 1.9662558943614112e-08
24700.056 1.3595873303248736e-08
24750.056 1.579104760768803e-08
24800.056 1.5362993801911768e-08
24850.056 2.2581972941751044e-08
24900.056 1.1686783849906003e-08
24950.056 2.1683493193807234e-08
25000.056 1.8782046323693115e-08
25050.056 1.2854316397091539e-08
25100.056 1.9017412258099763e-08
25150.056 1.1949006091947837e-08
25200.056 1.6068786408221733e-08
25250.056 9.237855264578563e-09
25300.056 1.3745198163428354e-08
25350.056 7.730302117030842e-09
25400.056 1.525364328189609e-08
25450.056 7.585826440607823e-09
25500.056 7.526512950795125e-09
25550.056 9.620663781107955e-09
25600.056 7.72417172497766e-09
25650.056 4.998939081532866e-09
25700.056 9.329410327680198e-09
25750.056 3.842346614009589e-09
25800.056 1.1053896052596032e-08
25850.056 4.317944264100783e-09
25900.056 6.148097082992632e-09
25950.056 3.032940298149988e-09
26000.056 1.0931731631411177e-08
26050.056 4.696560304094176e-09
26100.056 1.0453276802837094e-08
26150.056 7.328231094859465e-09
26200.056 8.175439611171734e-09
26250.056 1.8030908384004122e-08
26300.056 9.656206205419643e-09
26350.056 2.1897443432856636e-08
26400.056 2.086016658323925e-08
26450.056 2.0496693269590648e-08
26500.056 2.5776287256089004e-08
26550.056 1.0883480241150104e-08
26600.056 1.4965104887989973e-08
26650.056 5.620964160052188e-09
26700.056 4.914667450210052e-09
26750.056 3.6181426111927737e-09
26800.056 6.5907425214131715e-09
26850.056 3.72694314488707e-09
26900.056 1.0116285605447914e-08
26950.056 4.933231918652427e-09
27000.056 1.4468197775257088e-08
27050.056 1.2340758440400734e-08
27100.056 6.86865070755253e-09
27150.056 1.7570902940439146e-08
27200.056 7.196954420908791e-09
27250.056 1.1092697251365386e-08
27300.056 2.9746460998375833e-08
27350.056 1.8670590121078113e-08
27400.056 3.911521015590033e-09
27450.056 2.194478125156368e-08
27500.056 2.363766768272852e-08
27550.056 8.060004938359486e-09
27600.056 1.592455598242315e-08
27650.056 7.163258359246968e-09
27700.056 5.6651235942938065e-09
27750.056 1.7879999178755843e-08
27800.056 7.606396990194713e-09
27850.056 9.608922092376613e-09
27900.056 1.042403110026141e-08
27950.056 1.9600908155984428e-08
28000.056 1.506709054563734e-08
28050.056 4.6304991988469485e-09
28100.056 1.7849512373733913e-08
28150.056 1.1917147710106517e-08
28200.056 5.878253727473704e-09
28250.056 2.0049244814594962e-08
28300.056 2.18149740025474e-08
28350.056 7.449852842311124e-09
28400.056 1.5558852790388062e-08
28450.056 2.2317707459929802e-08
28500.056 1.599660759280895e-08
28550.056 5.8100771104655265e-09
28600.056 2.4202711089921414e-08
28650.056 1.8598318160962794e-08
28700.056 1.85150285488808e-08
28750.056 2.7497272024718816e-08
28800.056 2.0209973894143118e-08
