galfind/configs/Brown_Dwarf_templates/sonora_bobcat/m0.0/1000g/co1.5/sp_t1200g1000nc_m+0.0_co1.5_resample.dat
# %ECSV 1.0
# ---
# datatype:
# - {name: wav, unit: Angstrom, datatype: float64}
# - {name: flux_nu, unit: erg / (cm2 Hz s), datatype: float64}
# meta: {C/O: '1.50', Kzz: '1.0000E+05', Teff: '1200.', Y: '0.28', '[Fe/H]': '0.00', f_hole: '1.00', f_rain: '0.00', grav: '1000.'}
# schema: astropy-2.0
wav flux_nu
[from data line 997]
53850.056 4.936155491498559e-07
53900.056 3.773829060200806e-07
53950.056 5.313192220499844e-07
54000.056 4.0688141118303793e-07
54050.056 4.167111850600283e-07
54100.056 2.7164051718995295e-07
54150.056 3.557668436110814e-07
54200.056 2.346861014609843e-07
54250.056 3.0662278587002155e-07
54300.056 3.089696327500171e-07
54350.056 3.985373081499115e-07
54400.056 4.441543614599335e-07
54450.056 4.075730772539985e-07
54500.056 3.916875568700208e-07
54550.056 3.330701622699947e-07
54600.056 3.8138378014999963e-07
54650.056 2.858618356419566e-07
54700.056 4.3044422413297343e-07
54750.056 4.2470638317998154e-07
54800.056 3.0917255624000087e-07
54850.056 3.6785696711497945e-07
54900.056 4.4054880812002216e-07
54950.056 4.845796388299804e-07
55000.056 3.4121424904996804e-07
55050.056 3.9467244085997136e-07
55100.056 4.0504668973004435e-07
55150.056 3.1830049612192387e-07
55200.056 3.4511887115598836e-07
55250.056 3.266788248560106e-07
55300.056 3.02064940338975e-07
55350.056 4.2596929664008886e-07
55400.056 4.3747186113805667e-07
55450.056 3.4026717566094625e-07
55500.056 2.2756661187604153e-07
55550.056 3.2086953917994454e-07
55600.056 3.4633965984997686e-07
55650.056 2.7389708244797544e-07
55700.056 3.2826091186004123e-07
55750.056 3.3512072142995754e-07
55800.056 2.9353653574003246e-07
55850.056 2.5609810836097896e-07
55900.056 3.569143105799565e-07
55950.056 4.737502568300077e-07
56000.056 2.992043402089368e-07
56050.056 3.331009448420247e-07
56100.056 3.875028194339861e-07
56150.056 3.040809225510182e-07
56200.056 3.203418939939393e-07
56250.056 3.2066829966407796e-07
56300.056 3.587953163849605e-07
56350.056 4.1906933536001746e-07
56400.056 2.8258202039499444e-07
56450.056 2.895016890200054e-07
56500.056 2.9988855552001414e-07
56550.056 2.2776510325199972e-07
56600.056 3.684397235399159e-07
56650.056 3.5731283218004407e-07
56700.056 4.052105059599994e-07
56750.056 2.712254253999882e-07
56800.056 3.8241308230706326e-07
56850.056 3.090221247300015e-07
56900.056 2.7661810592901754e-07
56950.056 3.842288797919973e-07
57000.056 3.966698788999971e-07
57050.056 3.4416893329994245e-07
57100.056 1.990328924150012e-07
57150.056 3.027963757820629e-07
57200.056 2.534908105519892e-07
57250.056 2.7552001028798867e-07
57300.056 3.435727051000505e-07
57350.056 2.4858531542497753e-07
57400.056 3.7473770025998734e-07
57450.056 3.376338418729303e-07
57500.056 3.4299073960009845e-07
57550.056 3.837170024100531e-07
57600.056 4.11419161539936e-07
57650.056 2.0399662073400108e-07
57700.056 2.590438092820019e-07
57750.056 3.125249338240083e-07
57800.056 2.1971936263794276e-07
57850.056 3.943696647800545e-07
57900.056 4.281884221400172e-07
57950.056 3.9558691512997524e-07
58000.056 3.0694222543495475e-07
58050.056 3.3875389247999083e-07
58100.056 3.740348818980414e-07
58150.056 3.546750203999661e-07
58200.056 2.103589161190063e-07
58250.056 2.596152715599632e-07
58300.056 2.0043128037200929e-07
58350.056 2.475094087100375e-07
58400.056 2.888310694000411e-07
58450.056 2.943544552000527e-07
58500.056 3.0640760439003325e-07
58550.056 3.5597587377003294e-07
58600.056 2.6579022953295327e-07
58650.056 3.0765127366496045e-07
58700.056 2.918014028599495e-07
58750.056 3.5619745236001166e-07
58800.056 1.7347951645998744e-07
58850.056 2.7827453664900507e-07
58900.056 3.305185991299943e-07
58950.056 2.505289491659342e-07
59000.056 3.264144643040449e-07
59050.056 3.0761673990996885e-07
59100.056 4.099929995999761e-07
59150.056 3.492657427879504e-07
59200.056 3.0900825235999154e-07
59250.056 3.6278996445006557e-07
59300.056 3.7899643183002846e-07
59350.056 2.3140782493899828e-07
59400.056 2.231860644459691e-07
59450.056 3.26866172090008e-07
59500.056 2.2966226462796208e-07
59550.056 2.9226027531199775e-07
59600.056 3.6449014644001816e-07
59650.056 3.627794897299979e-07
59700.056 2.4951496394798447e-07
59750.056 3.937212510099269e-07
59800.056 3.207430744300216e-07
59850.056 3.408931647600113e-07
59900.056 2.658655898599569e-07
59950.056 3.214693789000603e-07
60000.056 4.426778742500358e-07
60050.056 3.710497334000642e-07
60100.056 3.716450131799008e-07
60150.056 2.95470812983971e-07
60200.056 3.5858185734794037e-07
60250.056 3.4393179989405667e-07
60300.056 3.4060134475993935e-07
60350.056 2.7709791993503446e-07
60400.056 3.598188091999541e-07
60450.056 2.3130385824396852e-07
60500.056 1.8229396978602526e-07
60550.056 3.2927944043003077e-07
60600.056 3.314499817599909e-07
60650.056 3.242534640579467e-07
60700.056 2.912329730000097e-07
60750.056 2.7286356712601155e-07
60800.056 3.441105580499785e-07
60850.056 4.175533985500468e-07
60900.056 3.7554193412008785e-07
60950.056 3.2914338394102775e-07
61000.056 3.556226345600186e-07
61050.056 2.94371132493991e-07
61100.056 3.5052712349998105e-07
61150.056 2.2051682349499812e-07
61200.056 3.7331140895002985e-07
61250.056 4.034823474699718e-07
61300.056 3.5733959077003124e-07
61350.056 4.3465558385995657e-07
61400.056 3.724378330699812e-07
61450.056 3.1449344603002913e-07
61500.056 3.0218917999008556e-07
61550.056 3.38804678289967e-07
61600.056 2.811654407740216e-07
61650.056 3.003761449600052e-07
61700.056 2.7428773531597325e-07
61750.056 3.3898901921997026e-07
61800.056 3.956280133400005e-07
61850.056 2.61525864471979e-07
61900.056 3.942616122800612e-07
61950.056 3.6611646381004464e-07
62000.056 3.481346621600094e-07
62050.056 3.360969519709327e-07
62100.056 3.7317906086000043e-07
62150.056 3.3653288895206726e-07
62200.056 3.488445408199586e-07
62250.056 3.9884004000993694e-07
62300.056 4.145779492099678e-07
62350.056 3.735552833399314e-07
62400.056 2.856996386840354e-07
62450.056 3.3479878674802655e-07
62500.056 3.915753329499672e-07
62550.056 3.904938512200049e-07
62600.056 4.041293148700198e-07
62650.056 3.389948107550259e-07
62700.056 3.544413863999915e-07
62750.056 4.293432719399998e-07
62800.056 3.5535703959995315e-07
62850.056 3.9795871638003446e-07
62900.056 3.473655282548859e-07
62950.056 3.892132007500513e-07
63000.056 3.5189497266000367e-07
63050.056 4.352498675300156e-07
63100.056 4.226156379699529e-07
63150.056 3.4063791900497847e-07
63200.056 4.178686188700001e-07
63250.056 3.760639431699994e-07
63300.056 3.661614868399943e-07
63350.056 4.205181154899868e-07
63400.056 3.0680680154799476e-07
63450.056 2.6379881875002366e-07
63500.056 3.902621607500172e-07
63550.056 3.383696345699661e-07
63600.056 3.6356170116000975e-07
63650.056 3.5804962451002783e-07
63700.056 2.875201014199825e-07
63750.056 3.149685866799754e-07
63800.056 3.129575267000002e-07
63850.056 3.450333403500388e-07
63900.056 2.9658074538006e-07
63950.056 3.2474003814004654e-07
64000.056 3.5683576201002044e-07
64050.056 3.170512004399461e-07
64100.056 1.816997996850065e-07
64150.056 2.2296263854397146e-07
64200.056 2.1651473714701483e-07
64250.056 3.104028142699598e-07
64300.056 2.5887882991998396e-07
64350.056 2.3038308329001872e-07
64400.056 2.988087958500006e-07
64450.056 2.8513054793000955e-07
64500.056 2.2273969602997647e-07
64550.056 2.674255460600151e-07
64600.056 2.56524777919948e-07
64650.056 3.066989865800489e-07
64700.056 1.8428751182396812e-07
64750.056 2.1883153233000034e-07
64800.056 2.0223451057003158e-07
64850.056 1.9839624941201885e-07
64900.056 2.1108364838194964e-07
64950.056 2.0345112975499305e-07
65000.056 2.3733256859003534e-07
65050.056 2.531602657899927e-07
65100.056 2.537551726299924e-07
65150.056 2.4927341009600117e-07
65200.056 2.2224913081798063e-07
65250.056 2.7755602844996994e-07
65300.056 2.6427039915702153e-07
65350.056 3.5169839820998526e-07
65400.056 2.4437567929998584e-07
65450.056 2.5094583756397475e-07
65500.056 2.8664012964000075e-07
65550.056 2.2828226739797348e-07
65600.056 2.765391374000748e-07
65650.056 2.5716456667999715e-07
65700.056 2.594766279280162e-07
65750.056 2.2037579980601726e-07
65800.056 2.705862634640336e-07
65850.056 3.182299602599845e-07
65900.056 2.0635599105802715e-07
65950.056 1.6378042159799292e-07
66000.056 2.153548722749915e-07
66050.056 3.5990370103004904e-07
66100.056 2.579465221229973e-07
66150.056 2.3230542238598999e-07
66200.056 2.0101370310199485e-07
66250.056 2.120200308050078e-07
66300.056 1.6491236727998467e-07
66350.056 1.705769111640639e-07
66400.056 2.1343941825996568e-07
66450.056 2.916151983599971e-07
66500.056 3.700379426700333e-07
66550.056 3.2468437881991674e-07
66600.056 2.5642682339810923e-07
66650.056 2.9819379013005543e-07
66700.056 2.525510823639616e-07
66750.056 3.0457488745002535e-07
66800.056 3.1665625465997884e-07
66850.056 2.2112674927010778e-07
66900.056 2.837187407201126e-07
66950.056 3.6359327521002516e-07
67000.056 3.644240804899862e-07
67050.056 2.499615617549372e-07
67100.056 2.623472115300311e-07
67150.056 2.3014331775800193e-07
67200.056 2.821548163100514e-07
67250.056 2.660837560580146e-07
67300.056 2.8309205829501086e-07
67350.056 2.971117119899857e-07
67400.056 3.357765464899427e-07
67450.056 2.797154544300335e-07
67500.056 2.311262565620228e-07
67550.056 2.796506603380204e-07
67600.056 3.843034013499778e-07
67650.056 3.0272564958004367e-07
67700.056 2.623459495399173e-07
67750.056 2.4730890639297973e-07
67800.056 2.6480163247385324e-07
67850.056 2.369974849140047e-07
67900.056 2.6306277962995677e-07
67950.056 2.4564575251998244e-07
68000.056 2.8182794810395286e-07
68050.056 3.026703165199849e-07
68100.056 2.9257850658001325e-07
68150.056 2.419762375889516e-07
68200.056 2.5804997910010314e-07
68250.056 2.2442112497996968e-07
68300.056 2.401941987929698e-07
68350.056 2.1933132530895588e-07
68400.056 2.846286342199858e-07
68450.056 3.0561318032706043e-07
68500.056 2.7606899415998797e-07
68550.056 2.2733211701999282e-07
68600.056 2.5089025905600003e-07
68650.056 1.8257254343699238e-07
68700.056 2.411776350400325e-07
68750.056 2.774264918100379e-07
68800.056 2.975430509699571e-07
68850.056 2.4203999359996e-07
68900.056 3.60422592220012e-07
68950.056 3.5271607037013215e-07
69000.056 3.052145956879766e-07
69050.056 2.432323190899073e-07
69100.056 3.5501545845996176e-07
69150.056 3.757634340200027e-07
69200.056 2.4932940312402053e-07
69250.056 3.357401684699875e-07
69300.056 3.2606670184009316e-07
69350.056 2.9869280179493627e-07
69400.056 2.390153715999411e-07
69450.056 3.4933329910005505e-07
69500.056 3.027170831699604e-07
69550.056 2.902571475000002e-07
69600.056 1.706216301780147e-07
69650.056 2.6104557522008384e-07
69700.056 3.1429287489000323e-07
69750.056 2.467863716239859e-07
69800.056 2.9482449623998687e-07
69850.056 3.165773752800842e-07
69900.056 2.93101943702962e-07
69950.056 2.881841277070502e-07
70000.056 2.486280163950149e-07
70050.056 3.3862614453003277e-07
70100.056 2.3123109432004635e-07
70150.056 2.6530558534994707e-07
70200.056 2.323930244200007e-07
70250.056 2.5252097731598166e-07
70300.056 2.8500805604998153e-07
70350.056 2.6474749221900926e-07
70400.056 2.684034097400277e-07
70450.056 1.8068112847901753e-07
70500.056 2.223337133300327e-07
70550.056 2.0811688287802231e-07
70600.056 2.1312716257299662e-07
70650.056 2.740559532500354e-07
70700.056 2.503732897400383e-07
70750.056 2.829429720200985e-07
70800.056 2.421049362399995e-07
70850.056 2.1993880451003607e-07
70900.056 2.511013950819827e-07
70950.056 2.6332641613906273e-07
71000.056 2.46347111603969e-07
71050.056 2.5741736628802674e-07
71100.056 2.1536227883002733e-07
71150.056 2.0082825530498507e-07
71200.056 2.387263236200308e-07
71250.056 2.465097654600166e-07
71300.056 2.1384422166493865e-07
71350.056 2.522743170750483e-07
71400.056 2.45179433766923e-07
71450.056 2.0635968573602187e-07
71500.056 2.1041349595397053e-07
71550.056 1.8771944753400924e-07
71600.056 2.3462286668997394e-07
71650.056 2.3541464788000745e-07
71700.056 1.9241622443997034e-07
71750.056 1.924407040899817e-07
71800.056 2.263420367980056e-07
71850.056 2.325191433299386e-07
71900.056 2.0323934838799266e-07
71950.056 2.1501228795990618e-07
72000.056 2.0413125415002866e-07
72050.056 1.875892582100531e-07
72100.056 1.8889190157798882e-07
72150.056 2.176152734459599e-07
72200.056 1.7893736081304214e-07
72250.056 2.2674933739002137e-07
72300.056 1.9173414976302758e-07
72350.056 2.049205543779716e-07
72400.056 1.9569894930001021e-07
72450.056 1.8471478274992914e-07
72500.056 2.0776024633005477e-07
72550.056 1.4798615400601027e-07
72600.056 2.0338346994000688e-07
72650.056 1.9479118098001832e-07
72700.056 1.8938203326398354e-07
72750.056 2.015407593799677e-07
72800.056 1.6591297574004546e-07
72850.056 1.6587344998501883e-07
72900.056 2.1602947393999614e-07
72950.056 1.7640611831600645e-07
73000.056 1.8214275718396646e-07
73050.056 1.6461029448103337e-07
73100.056 1.8641922986102004e-07
73150.056 2.1129524021996925e-07
73200.056 1.5872374178992458e-07
73250.056 1.8604177420997848e-07
73300.056 1.523053208599529e-07
73350.056 1.5747421341596568e-07
73400.056 1.8679331561997775e-07
73450.056 1.6419451959998046e-07
73500.056 1.760656841280277e-07
73550.056 1.8085304619198343e-07
73600.056 1.7012686817396267e-07
73650.056 1.7432448511200966e-07
73700.056 1.6846073311797591e-07
73750.056 1.493904836579351e-07
73800.056 1.705022891740321e-07
73850.056 1.7215150922794693e-07
73900.056 1.7691764172094496e-07
73950.056 1.7374139930904792e-07
74000.056 1.483480284159712e-07
74050.056 1.974575702800093e-07
74100.056 1.8425267083794576e-07
74150.056 1.880923380599618e-07
74200.056 1.6169817533794385e-07
74250.056 1.4646511231801436e-07
74300.056 1.6322222273798573e-07
74350.056 1.8069089274201478e-07
74400.056 1.8245444443599758e-07
74450.056 1.596877194189712e-07
74500.056 1.5860145751794333e-07
74550.056 1.814249414760501e-07
74600.056 1.5319031907702823e-07
74650.056 1.4977966955803436e-07
74700.056 1.7309197051102143e-07
74750.056 1.471113010859768e-07
74800.056 1.6393182167904247e-07
74850.056 1.9530558492005718e-07
74900.056 2.0529432839996532e-07
74950.056 1.7423302844195505e-07
75000.056 1.9095332658002036e-07
75050.056 1.6322593049100416e-07
75100.056 2.0644937370005923e-07
75150.056 2.0387264174901338e-07
75200.056 1.9507404624998473e-07
75250.056 2.0755879780597458e-07
75300.056 2.0030697661001612e-07
75350.056 1.7204367372998012e-07
75400.056 2.2050089282000778e-07
75450.056 2.0606039045205494e-07
75500.056 1.8574786896001738e-07
75550.056 1.8415379381201363e-07
75600.056 2.291061914600459e-07
75650.056 1.9780797165999443e-07
75700.056 2.099996462399655e-07
75750.056 1.944588002221394e-07
75800.056 1.976239148899453e-07
75850.056 2.1350976962007245e-07
75900.056 2.0860654802000261e-07
75950.056 2.025414937499838e-07
76000.056 2.024669824649465e-07
76050.056 2.1490771381994118e-07
76100.056 2.1270361338396482e-07
76150.056 2.2178595987994932e-07
76200.056 2.0901390145006445e-07
76250.056 2.2937578785196532e-07
76300.056 2.394778227599588e-07
76350.056 2.697512542100436e-07
76400.056 2.3682491982005225e-07
76450.056 2.4803196406007593e-07
76500.056 2.3142036765002608e-07
76550.056 1.8748898510001767e-07
76600.056 1.2064790326000746e-07
76650.056 1.4604492340000413e-07
76700.056 1.4006232917498965e-07
76750.056 1.3977433515702259e-07
76800.056 1.781693386240342e-07
76850.056 1.5361868905006624e-07
76900.056 1.4385722897096355e-07
76950.056 1.3167568370802476e-07
77000.056 1.4107053890201973e-07
77050.056 1.2900948816198778e-07
77100.056 1.394249855799945e-07
77150.056 1.5484086045999868e-07
77200.056 1.3398803070001457e-07
77250.056 1.5264101913402066e-07
77300.056 1.5168969694998968e-07
77350.056 1.3178213911896695e-07
77400.056 1.2853728787999454e-07
77450.056 1.39219013098e-07
77500.056 1.4731774619597555e-07
77550.056 1.5003580263000696e-07
77600.056 1.4672862528200051e-07
77650.056 1.5360944405801493e-07
77700.056 1.511872116369579e-07
77750.056 1.5205078452999537e-07
77800.056 1.570797767150186e-07
77850.056 1.6645540431002253e-07
77900.056 1.5166985478996787e-07
77950.056 1.6311269661400828e-07
78000.056 1.6552005668000425e-07
78050.056 1.44368065891999e-07
78100.056 1.5935962429204815e-07
78150.056 1.570536684220426e-07
78200.056 1.8329526820999995e-07
78250.056 1.6966259481999723e-07
78300.056 1.619392467399956e-07
78350.056 1.6828194219203208e-07
