galfind/configs/Brown_Dwarf_templates/sonora_bobcat/m0.0/1000g/co1.5/sp_t1300g1000nc_m+0.0_co1.5_resample.dat
# %ECSV 1.0
# ---
# datatype:
# - {name: wav, unit: Angstrom, datatype: float64}
# - {name: flux_nu, unit: erg / (cm2 Hz s), datatype: float64}
# meta: {C/O: '1.50', Kzz: '1.0000E+05', Teff: '1300.', Y: '0.28', '[Fe/H]': '0.00', f_hole: '1.00', f_rain: '0.00', grav: '1000.'}
# schema: astropy-2.0
wav flux_nu
[from data line 498]
28900.056 2.4870886507628487e-07
28950.056 4.405282993439713e-07
29000.056 3.5981196672991855e-07
29050.056 3.976001316940194e-07
29100.056 2.9659178803005586e-07
29150.056 4.6320295419605445e-07
29200.056 3.4879637386002296e-07
29250.056 4.3144585845470653e-07
29300.056 3.0760638943092236e-07
29350.056 5.684476307359311e-07
29400.056 3.925451275469618e-07
29450.056 4.0989819351496934e-07
29500.056 4.238507485479794e-07
29550.056 4.128914304840069e-07
29600.056 4.658488562748446e-07
29650.056 4.273129349919623e-07
29700.056 3.8485034490590675e-07
29750.056 4.613113485290792e-07
29800.056 4.875014700459238e-07
29850.056 4.627006052879345e-07
29900.056 4.477046927062113e-07
29950.056 5.024701049469041e-07
30000.056 4.6606543992394435e-07
30050.056 4.1988660995400375e-07
30100.056 4.0012849317287853e-07
30150.056 5.179971330799962e-07
30200.056 4.201367081119903e-07
30250.056 4.858784692000606e-07
30300.056 4.115202424400073e-07
30350.056 3.983424764940329e-07
30400.056 4.295794274459853e-07
30450.056 3.511360551490696e-07
30500.056 3.0323294247202714e-07
30550.056 3.1312197388401356e-07
30600.056 3.2033204988598506e-07
30650.056 2.9024769428795186e-07
30700.056 2.789945934639781e-07
30750.056 2.596241667799685e-07
30800.056 2.428771495580512e-07
30850.056 2.1791721003194656e-07
30900.056 2.225422873649548e-07
30950.056 1.9736990743303787e-07
31000.056 1.8234044239000776e-07
31050.056 2.068259302700175e-07
31100.056 1.6269735734999016e-07
31150.056 1.7243562004199014e-07
31200.056 1.8650214481402442e-07
31250.056 1.482340261139803e-07
31300.056 1.510029428279828e-07
31350.056 1.4308854727200702e-07
31400.056 1.2664423203900785e-07
31450.056 1.3022204157197951e-07
31500.056 1.1663251892697277e-07
31550.056 1.2264527805899404e-07
31600.056 1.0970588796200132e-07
31650.056 1.0228348578600318e-07
31700.056 1.0687295082498163e-07
31750.056 9.331091848383002e-08
31800.056 1.0917225062498034e-07
31850.056 9.552438136961477e-08
31900.056 1.0963881774400317e-07
31950.056 8.41006670883065e-08
32000.056 1.0101471813898141e-07
32050.056 1.0264613312200504e-07
32100.056 1.0154926066201045e-07
32150.056 1.079733996819881e-07
32200.056 9.6110618857599e-08
32250.056 1.1878013624001152e-07
32300.056 9.439699144759213e-08
32350.056 1.2257908993999318e-07
32400.056 9.534411751699594e-08
32450.056 1.2123140143895982e-07
32500.056 1.1718428753401912e-07
32550.056 1.1603934298999299e-07
32600.056 1.2452124647959654e-07
32650.056 1.4996643800998309e-07
32700.056 1.432881426180204e-07
32750.056 1.5270713992600627e-07
32800.056 1.4950666256101076e-07
32850.056 1.575624386209807e-07
32900.056 1.7130945102999588e-07
32950.056 1.726057183629886e-07
33000.056 1.5643528399096598e-07
33050.056 1.4278808550603634e-07
33100.056 1.0779315622399152e-07
33150.056 6.266327422400743e-08
33200.056 5.155928369498702e-08
33250.056 3.9214263361989507e-08
33300.056 3.9614259001007684e-08
33350.056 4.9590785318001114e-08
33400.056 6.02580397649901e-08
33450.056 7.129578596699795e-08
33500.056 9.152753675501839e-08
33550.056 9.716586813202015e-08
33600.056 1.2112569806299e-07
33650.056 1.3348821322800561e-07
33700.056 1.220112697059815e-07
33750.056 1.537865732259991e-07
33800.056 1.4200365591099746e-07
33850.056 1.5824980800698466e-07
33900.056 1.365893021719952e-07
33950.056 1.405412083289902e-07
34000.056 1.5721517286201514e-07
34050.056 1.233717110749715e-07
34100.056 1.5860282888198475e-07
34150.056 1.3888635940598471e-07
34200.056 1.3246753941296243e-07
34250.056 1.4161681768195678e-07
34300.056 1.262492883569383e-07
34350.056 1.2248152649400383e-07
34400.056 1.1596441767099729e-07
34450.056 1.3886401367098606e-07
34500.056 1.3444932856699373e-07
34550.056 1.2084936291100094e-07
34600.056 1.533486215490001e-07
34650.056 1.3349982299198944e-07
34700.056 1.3915687541599337e-07
34750.056 1.4579145898597883e-07
34800.056 1.3535035576898423e-07
34850.056 1.389611997570177e-07
34900.056 1.5068851385697848e-07
34950.056 1.4741083629597294e-07
35000.056 1.8414547813903265e-07
35050.056 1.4305772707499248e-07
35100.056 1.6019404937199567e-07
35150.056 1.656366502790069e-07
35200.056 1.7041380796600613e-07
35250.056 1.9322523861196624e-07
35300.056 1.6921136113802257e-07
35350.056 1.6481697893097038e-07
35400.056 1.801485449490373e-07
35450.056 1.4354404502804805e-07
35500.056 2.0455841221200992e-07
35550.056 1.9964029049498877e-07
35600.056 1.870606408660448e-07
35650.056 2.056650497340075e-07
35700.056 1.8824841944099983e-07
35750.056 2.102371169019804e-07
35800.056 2.5860435957000705e-07
35850.056 1.968879923149945e-07
35900.056 2.4354916986499273e-07
35950.056 2.345045734049782e-07
36000.056 2.3702124185403348e-07
36050.056 2.4091527722998367e-07
36100.056 2.427689727118804e-07
36150.056 2.5277196522498914e-07
36200.056 2.7432380427998327e-07
36250.056 2.602304322139661e-07
36300.056 2.836880438450137e-07
36350.056 2.790406816039862e-07
36400.056 2.8235128492000477e-07
36450.056 3.091295295239941e-07
36500.056 3.110625074219727e-07
36550.056 3.3417428204007017e-07
36600.056 3.5391324806000816e-07
36650.056 3.461967860569453e-07
36700.056 3.6548353072998295e-07
36750.056 3.8917469784006184e-07
36800.056 3.9037794718999e-07
36850.056 3.9090150812192235e-07
36900.056 3.8796273177998695e-07
36950.056 4.411167183299777e-07
37000.056 4.311825208699859e-07
37050.056 4.3654237160000636e-07
37100.056 4.6157440795496784e-07
37150.056 4.3362601244004514e-07
37200.056 4.76142636570006e-07
37250.056 4.7524751809993694e-07
37300.056 4.4411929092988796e-07
37350.056 4.6293813117004693e-07
37400.056 5.599749805999927e-07
37450.056 5.049172303600157e-07
37500.056 5.003769404159733e-07
37550.056 5.664855003201249e-07
37600.056 5.942328768400277e-07
37650.056 5.21756110620022e-07
37700.056 6.075790006300552e-07
37750.056 5.414794976800335e-07
37800.056 5.722861317901841e-07
37850.056 5.329414692600133e-07
37900.056 5.562568868601407e-07
37950.056 5.730667497499334e-07
38000.056 6.48130324019998e-07
38050.056 6.36660653310077e-07
38100.056 6.334479849400655e-07
38150.056 6.824738111099697e-07
38200.056 6.968354141200829e-07
38250.056 6.719381166400049e-07
38300.056 7.608463427199353e-07
38350.056 7.774366274000525e-07
38400.056 6.686250027899229e-07
38450.056 7.191607502899478e-07
38500.056 6.588956304401109e-07
38550.056 7.719914427800637e-07
38600.056 7.588288580399568e-07
38650.056 7.766935547899685e-07
38700.056 8.171356571999776e-07
38750.056 8.363339810600062e-07
38800.056 7.666395973998316e-07
38850.056 8.039397551600245e-07
38900.056 8.62103212510038e-07
38950.056 8.239953270699946e-07
39000.056 8.71152569739979e-07
39050.056 8.563038630499578e-07
39100.056 8.426555397400783e-07
39150.056 8.890292117500112e-07
39200.056 8.73294093159969e-07
39250.056 9.295960556799243e-07
39300.056 8.877516692298438e-07
39350.056 9.55162976300047e-07
39400.056 9.404303840900558e-07
39450.056 9.412285215299887e-07
39500.056 9.194836759200289e-07
39550.056 9.373671033400639e-07
39600.056 9.858059630198285e-07
39650.056 1.0145292722000074e-06
39700.056 9.914172288200526e-07
39750.056 9.467630785400988e-07
39800.056 9.952012655398855e-07
39850.056 1.070544916540001e-06
39900.056 1.0435208400000045e-06
39950.056 1.0586542857798878e-06
40000.056 1.1045536428700775e-06
40050.056 1.0651064439600574e-06
40100.056 1.0316986688800228e-06
40150.056 1.103365902209972e-06
40200.056 1.1201900457098656e-06
40250.056 1.0613970933098396e-06
40300.056 1.0864471006400639e-06
40350.056 1.105331604960007e-06
40400.056 1.1459414503199969e-06
40450.056 1.1285947292200891e-06
40500.056 1.121837611560068e-06
40550.056 1.1828011039199381e-06
40600.056 1.108347035290065e-06
40650.056 1.1274399842399015e-06
40700.056 1.2614778108999675e-06
40750.056 1.1274367616798175e-06
40800.056 1.0587199012097654e-06
40850.056 1.19722924866015e-06
40900.056 1.1665451975500072e-06
40950.056 1.140542958029999e-06
41000.056 1.168635548450021e-06
41050.056 1.2351982248199135e-06
41100.056 1.1222625723299348e-06
41150.056 1.0699961152899389e-06
41200.056 1.1964808297199817e-06
41250.056 1.142143906079979e-06
41300.056 1.052768639149843e-06
41350.056 1.2273756040100802e-06
41400.056 1.1514305194800807e-06
41450.056 1.1869654681601203e-06
41500.056 1.084954911329949e-06
41550.056 1.0989034013100665e-06
41600.056 1.177282796010054e-06
41650.056 1.1682290859100762e-06
41700.056 1.0860837781398552e-06
41750.056 1.1165334550299627e-06
41800.056 1.2231203482699419e-06
41850.056 9.212169980700466e-07
41900.056 1.08755074514989e-06
41950.056 1.0848874038701624e-06
42000.056 1.0632744414901536e-06
42050.056 9.579176800999083e-07
42100.056 1.1454893079600855e-06
42150.056 8.925777325899357e-07
42200.056 9.047720608500033e-07
42250.056 9.695705028898824e-07
42300.056 8.923585544900116e-07
42350.056 1.0134581049801215e-06
42400.056 9.321483003201342e-07
42450.056 8.641935129700127e-07
42500.056 8.802905842499901e-07
42550.056 8.629304948399399e-07
42600.056 8.929357763901205e-07
42650.056 9.613994211997818e-07
42700.056 9.162136710100361e-07
42750.056 8.578389680099733e-07
42800.056 8.927745724101444e-07
42850.056 9.868343884697954e-07
42900.056 9.96974350300092e-07
42950.056 8.588794419697329e-07
43000.056 9.224548597099918e-07
43050.056 7.586087203102806e-07
43100.056 8.687529868399681e-07
43150.056 8.52294503750096e-07
43200.056 8.723770234000307e-07
43250.056 9.319439953699658e-07
43300.056 9.453768757600125e-07
43350.056 7.867066821598459e-07
43400.056 8.483904089199763e-07
43450.056 8.023986429000914e-07
43500.056 8.126891711699448e-07
43550.056 8.091346379400644e-07
43600.056 9.147528673000539e-07
43650.056 7.76188984170011e-07
43700.056 8.704835335899799e-07
43750.056 8.403231862001178e-07
43800.056 7.929265908699482e-07
43850.056 7.703021542601196e-07
43900.056 8.186631739999221e-07
43950.056 7.046688346899496e-07
44000.056 6.613583799500287e-07
44050.056 7.508888109200199e-07
44100.056 8.155335087600698e-07
44150.056 8.048202491899511e-07
44200.056 7.558342560800206e-07
44250.056 7.090541821899974e-07
44300.056 6.805241124800969e-07
44350.056 6.807747073900602e-07
44400.056 6.96765562679965e-07
44450.056 7.176926298700102e-07
44500.056 7.190930641701018e-07
44550.056 7.29603920689925e-07
44600.056 6.782005525000683e-07
44650.056 7.256903049300505e-07
44700.056 6.404590208599996e-07
44750.056 6.966824518699834e-07
44800.056 6.833522779100024e-07
44850.056 6.899597850300844e-07
44900.056 6.337098878000484e-07
44950.056 6.460318611400408e-07
45000.056 6.695855230899807e-07
45050.056 6.737591863299847e-07
45100.056 6.980130812400044e-07
45150.056 6.482523991899918e-07
45200.056 5.919796894700308e-07
45250.056 6.27653507969918e-07
45300.056 6.497419132700341e-07
45350.056 6.54431041819934e-07
45400.056 6.608180458300503e-07
45450.056 6.265832812199199e-07
45500.056 6.428838205499666e-07
45550.056 6.948545385399342e-07
45600.056 6.607929020000112e-07
45650.056 5.89985597039902e-07
45700.056 6.519241180100688e-07
45750.056 6.03800199359999e-07
45800.056 6.319136117499834e-07
45850.056 7.233959674399824e-07
45900.056 7.08495242150021e-07
45950.056 6.180435382500153e-07
46000.056 7.072166602600294e-07
46050.056 6.956921472500862e-07
46100.056 6.381604866700077e-07
46150.056 6.507757541599659e-07
46200.056 6.674550196901224e-07
46250.056 5.743405598419637e-07
46300.056 7.096653445499617e-07
46350.056 6.500886627699852e-07
46400.056 6.714178185799945e-07
46450.056 6.828422839300373e-07
46500.056 6.221224739000275e-07
46550.056 7.018439826999999e-07
46600.056 6.912612254100159e-07
46650.056 8.428426127099241e-07
46700.056 7.802545797801559e-07
46750.056 6.318235324500408e-07
46800.056 6.285987095600508e-07
46850.056 7.704373103900946e-07
46900.056 7.217462920999186e-07
46950.056 7.901133736100076e-07
47000.056 6.685075051800176e-07
47050.056 7.709243250598761e-07
47100.056 5.921869204100684e-07
47150.056 6.648730006100432e-07
47200.056 7.352000903400666e-07
47250.056 6.412356042499772e-07
47300.056 6.166376067549397e-07
47350.056 6.564436223399657e-07
47400.056 7.484574567499362e-07
47450.056 6.514905637700105e-07
47500.056 7.535332205599489e-07
47550.056 6.540253856699756e-07
47600.056 7.207055570099331e-07
47650.056 5.945527344998871e-07
47700.056 7.293462473601104e-07
47750.056 5.387029054100433e-07
47800.056 6.926652767099783e-07
47850.056 5.323810694399616e-07
47900.056 6.649140921199587e-07
47950.056 5.99069476270029e-07
48000.056 7.827817591500169e-07
48050.056 6.635813715500387e-07
48100.056 6.500723844499976e-07
48150.056 6.287694352800688e-07
48200.056 6.950527086000266e-07
48250.056 6.139933590000055e-07
48300.056 7.68961721469873e-07
48350.056 5.654620393900025e-07
48400.056 5.969804792899511e-07
48450.056 6.055526345200707e-07
48500.056 7.700834226699601e-07
48550.056 5.765497149600014e-07
48600.056 7.259769854199917e-07
48650.056 6.133527683599763e-07
48700.056 7.188056047400293e-07
48750.056 5.143504239100912e-07
48800.056 7.85462082470017e-07
48850.056 5.623096739898851e-07
48900.056 7.639144282800311e-07
48950.056 6.58157354340027e-07
49000.056 5.613420271379369e-07
49050.056 7.195833759499603e-07
49100.056 6.560241807300575e-07
49150.056 6.819888375199684e-07
49200.056 6.662665754600061e-07
49250.056 7.053102166200582e-07
49300.056 6.216596921999724e-07
49350.056 5.848997528800434e-07
49400.056 6.871080361799705e-07
49450.056 6.437996556101601e-07
49500.056 6.250270431399816e-07
49550.056 5.175994731599993e-07
49600.056 6.19068807688091e-07
49650.056 6.399105881199553e-07
49700.056 5.883845322798829e-07
49750.056 7.793639935699073e-07
49800.056 6.15471914952005e-07
49850.056 7.864778846500975e-07
49900.056 6.537645022100053e-07
49950.056 6.556757348399514e-07
50000.056 6.673523519499197e-07
50050.056 6.819529252199996e-07
50100.056 6.919304361299798e-07
50150.056 5.503357483099922e-07
50200.056 4.522154504600214e-07
50250.056 6.798626914899574e-07
50300.056 6.054863170500027e-07
50350.056 7.711331101400351e-07
50400.056 6.391009319699423e-07
50450.056 6.002865701000748e-07
50500.056 7.319927728600648e-07
50550.056 6.468218836800334e-07
50600.056 6.410379734599193e-07
50650.056 6.791475997200917e-07
50700.056 7.622578851698828e-07
50750.056 7.313182927201004e-07
50800.056 5.134524065199217e-07
50850.056 5.858069183400892e-07
50900.056 7.481994832599736e-07
50950.056 6.550073069001174e-07
51000.056 7.784444162400721e-07
51050.056 6.40343011260011e-07
51100.056 5.237885761499407e-07
51150.056 6.473878914279708e-07
51200.056 7.478729904699736e-07
51250.056 6.636221929099667e-07
51300.056 5.573592209001679e-07
51350.056 6.174099808999677e-07
51400.056 4.988698775499633e-07
51450.056 4.2793732047591454e-07
51500.056 5.171638943421002e-07
51550.056 7.608460725300675e-07
51600.056 5.578257198960312e-07
51650.056 6.02125626189915e-07
51700.056 6.277663764598606e-07
51750.056 5.167851239000026e-07
51800.056 6.802390521098322e-07
51850.056 6.405204515099617e-07
51900.056 7.812811889401042e-07
51950.056 6.786105917099476e-07
52000.056 4.530888754299713e-07
52050.056 6.157076720300035e-07
52100.056 5.235078114999691e-07
52150.056 5.094793665600178e-07
52200.056 4.8880923032297e-07
52250.056 5.706828861800212e-07
52300.056 7.380006421199629e-07
52350.056 6.572781606340155e-07
52400.056 4.83968928826057e-07
52450.056 6.215652094800319e-07
52500.056 6.648039719398908e-07
52550.056 6.788852661398919e-07
52600.056 6.04225621610076e-07
52650.056 6.258100871801196e-07
52700.056 5.682685224800139e-07
52750.056 4.69803404009981e-07
52800.056 5.317234437000439e-07
52850.056 5.394529747698927e-07
52900.056 5.574519377760014e-07
52950.056 5.594701331599819e-07
53000.056 6.674413464700183e-07
53050.056 4.889246310598476e-07
53100.056 5.43905631359955e-07
53150.056 7.396671524700304e-07
53200.056 4.3940508810698784e-07
53250.056 6.805043828100329e-07
53300.056 6.660880288002754e-07
53350.056 6.725138201499598e-07
53400.056 6.635656458500325e-07
53450.056 4.97687261650024e-07
53500.056 3.850136589519164e-07
53550.056 5.185838111899266e-07
53600.056 6.112780621301005e-07
53650.056 4.906885853219879e-07
53700.056 4.953651031400653e-07
