galfind/configs/Brown_Dwarf_templates/sonora_bobcat/m0.0/1000g/co1.5/sp_t225g1000nc_m+0.0_co1.5_resample.dat
# %ECSV 1.0
# ---
# datatype:
# - {name: wav, unit: Angstrom, datatype: float64}
# - {name: flux_nu, unit: erg / (cm2 Hz s), datatype: float64}
# meta: {C/O: '1.50', Kzz: '1.0000E+05', Teff: '225.', Y: '0.28', '[Fe/H]': '0.00', f_hole: '1.00', f_rain: '0.00', grav: '1000.'}
# schema: astropy-2.0
wav flux_nu
[from data line 498]
28900.056 2.200501665153496e-14
28950.056 2.5400169238281828e-14
29000.056 1.6342809234678472e-14
29050.056 4.185514293492963e-14
29100.056 2.4938181265624403e-15
29150.056 2.655567225249403e-15
29200.056 1.182848107985489e-13
29250.056 3.22626585869069e-14
29300.056 7.215179930567505e-15
29350.056 6.51392554753881e-14
29400.056 6.967498247070571e-14
29450.056 8.39642156579899e-15
29500.056 1.1541510793200342e-13
29550.056 4.375371908823842e-14
29600.056 1.1417500051537057e-14
29650.056 9.52722011167432e-14
29700.056 3.237466791824369e-14
29750.056 1.5765193544709034e-13
29800.056 2.395479448445839e-14
29850.056 1.6305750941402849e-13
29900.056 4.285466074706651e-14
29950.056 3.330784818819579e-14
30000.056 1.1171862752927945e-16
30050.056 2.4424992309797954e-14
30100.056 8.05892777791733e-14
30150.056 1.0944805704004026e-13
30200.056 2.653266756290018e-13
30250.056 1.9293066530266727e-13
30300.056 2.396617316639807e-13
30350.056 8.009471165561775e-14
30400.056 4.948464548341239e-13
30450.056 6.489395842148492e-13
30500.056 5.516480715700333e-14
30550.056 8.362811462880291e-14
30600.056 3.940985119782752e-12
30650.056 1.3020335620524814e-12
30700.056 7.099101732232403e-14
30750.056 6.881874448759611e-13
30800.056 1.9184523438150642e-12
30850.056 1.5726832541922208e-12
30900.056 3.634807188269639e-13
30950.056 4.4415583983945667e-13
31000.056 5.931297529610024e-13
31050.056 9.024887701603665e-14
31100.056 3.758961861808352e-14
31150.056 3.590988520138679e-13
31200.056 1.6791620617088224e-12
31250.056 9.909329901057336e-13
31300.056 1.0131921852398376e-13
31350.056 1.310548676629684e-12
31400.056 7.0912073831701e-13
31450.056 6.14152212484764e-13
31500.056 1.6806807996737388e-13
31550.056 3.8826925040377147e-13
31600.056 2.9461097125359606e-13
31650.056 1.469472211239925e-13
31700.056 1.0164866758782967e-13
31750.056 3.356857592421831e-14
31800.056 4.865928569579719e-14
31850.056 4.140106092223833e-15
31900.056 1.2931427794347619e-14
31950.056 3.717406211934817e-15
32000.056 3.474133003904709e-15
32050.056 1.3644150028742842e-15
32100.056 9.97187341139214e-16
32150.056 4.71501859615883e-16
32200.056 1.310017082830455e-16
32250.056 3.1473290761134077e-16
32300.056 4.118157167449017e-17
32350.056 1.2040813468077635e-16
32400.056 1.0813710593702573e-17
32450.056 7.75772484371839e-17
32500.056 9.304778013999315e-18
32550.056 4.9576919880060943e-17
32600.056 4.113719201993806e-18
32650.056 6.771722205739174e-17
32700.056 5.514085843049893e-18
32750.056 1.6375295435202904e-16
32800.056 3.814686682573894e-17
32850.056 8.496923512230813e-16
32900.056 3.049979389078087e-16
32950.056 1.0801512976427446e-15
33000.056 2.5561327159437223e-16
33050.056 9.735324902029227e-17
33100.056 1.887225192544096e-17
33150.056 4.358466782635458e-20
33200.056 1.7152801872652094e-17
33250.056 2.1217456220694783e-17
33300.056 5.671542635004862e-16
33350.056 1.4960875605848837e-16
33400.056 1.3275641478428485e-15
33450.056 4.4633005857976656e-17
33500.056 6.192989773700576e-16
33550.056 8.40611256928363e-17
33600.056 3.355743956851145e-16
33650.056 5.369826574700359e-16
33700.056 5.952495226328553e-17
33750.056 6.646013446953777e-16
33800.056 3.7609455477727196e-17
33850.056 3.563266277791728e-16
33900.056 3.792850365367712e-16
33950.056 6.168922952683117e-16
34000.056 2.2899854964598754e-15
34050.056 3.274925372004837e-16
34100.056 3.681332798946202e-15
34150.056 1.0396155227994813e-15
34200.056 8.793887272896787e-15
34250.056 1.642693316988933e-15
34300.056 3.736667904556562e-15
34350.056 5.1151926899286976e-14
34400.056 2.6095103233157694e-15
34450.056 2.121078172210964e-14
34500.056 3.1153665414571608e-15
34550.056 5.3381952094065167e-14
34600.056 3.561757246118628e-13
34650.056 3.1685164859678727e-15
34700.056 1.4347125598676296e-13
34750.056 2.3225660247769536e-14
34800.056 1.524872332563934e-14
34850.056 6.72381033002454e-14
34900.056 1.1568644758992925e-14
34950.056 1.6994600396602785e-13
35000.056 1.1164011428318923e-13
35050.056 4.940794747982531e-13
35100.056 3.9047279208539423e-13
35150.056 7.916483073097438e-13
35200.056 1.190589988322876e-12
35250.056 1.834282741810884e-12
35300.056 1.0769449358964938e-13
35350.056 1.0656791517313628e-14
35400.056 6.1369314066064015e-15
35450.056 7.595291413053226e-15
35500.056 1.0685276430078621e-13
35550.056 1.738080298950694e-13
35600.056 3.4372765986642243e-13
35650.056 3.8682732579068243e-13
35700.056 7.753112799065726e-13
35750.056 3.673375895485387e-13
35800.056 5.965256863748806e-14
35850.056 4.755323354440414e-14
35900.056 1.2782144491431687e-13
35950.056 7.057383686884363e-13
36000.056 9.8624978647016e-13
36050.056 6.322014777186671e-13
36100.056 4.4880400368434777e-13
36150.056 7.897736560924563e-12
36200.056 2.219931301655178e-12
36250.056 7.005302770626571e-13
36300.056 4.196654266148965e-12
36350.056 3.43343078329986e-12
36400.056 3.4645909961248015e-12
36450.056 1.7961970288139901e-12
36500.056 1.3084380903793322e-12
36550.056 1.234962222719978e-11
36600.056 1.485716042770022e-11
36650.056 2.9231760076240904e-12
36700.056 7.989430777529975e-12
36750.056 2.2122908571604482e-11
36800.056 2.1168296790497325e-11
36850.056 4.092165621999238e-12
36900.056 3.4682943449528343e-12
36950.056 2.8708909232791922e-11
37000.056 1.861768477561301e-11
37050.056 2.827770278015564e-11
37100.056 1.487394495187796e-12
37150.056 5.264544972787195e-12
37200.056 5.381548037760825e-11
37250.056 1.9562614316886112e-11
37300.056 3.6232309096376552e-12
37350.056 5.184381701298667e-12
37400.056 1.4061961851690666e-11
37450.056 6.086429124280067e-12
37500.056 5.652929262604016e-12
37550.056 5.041517317112331e-11
37600.056 1.2498900255528278e-10
37650.056 5.578673091728331e-12
37700.056 2.1693355295159103e-11
37750.056 2.0375913375517194e-11
37800.056 1.8664362428967466e-11
37850.056 1.3801816532539583e-11
37900.056 7.697267232928279e-12
37950.056 1.347043173185108e-11
38000.056 7.350863329847862e-12
38050.056 4.6820233520031983e-11
38100.056 8.064039609010356e-11
38150.056 1.126605212787101e-10
38200.056 5.1702591400777036e-11
38250.056 1.208063632587868e-10
38300.056 3.558272503305323e-10
38350.056 7.572739223283149e-11
38400.056 9.903209995119181e-12
38450.056 1.3024093288185172e-12
38500.056 5.577878575253771e-12
38550.056 5.830429869480812e-11
38600.056 1.3003344894298602e-10
38650.056 5.396897678465487e-11
38700.056 1.699340578093692e-11
38750.056 6.739869358493913e-11
38800.056 5.296081184383114e-11
38850.056 7.497248254771621e-11
38900.056 7.199968339333475e-11
38950.056 3.904615749143667e-11
39000.056 1.6380977951287319e-10
39050.056 1.0675829082290813e-11
39100.056 2.7009655632138342e-11
39150.056 1.2074787672510935e-10
39200.056 1.160056518560015e-10
39250.056 9.389614587183496e-11
39300.056 6.543927208483914e-11
39350.056 3.429263198120016e-10
39400.056 9.329204477305595e-11
39450.056 2.2815439619388546e-10
39500.056 3.162521588669699e-10
39550.056 4.9473309844677714e-11
39600.056 1.5813790167039882e-10
39650.056 5.900392234700146e-10
39700.056 4.79641118169982e-10
39750.056 6.357455694525328e-11
39800.056 2.464549467470313e-11
39850.056 3.87477110587059e-10
39900.056 7.511851807299809e-10
39950.056 1.5076371934101574e-10
40000.056 3.660720401140372e-10
40050.056 3.7110956150495905e-10
40100.056 3.656535860868331e-11
40150.056 2.9843089625005166e-10
40200.056 5.744445958099682e-10
40250.056 6.960935191099076e-10
40300.056 6.264669439200406e-10
40350.056 1.373449633007223e-10
40400.056 1.654735604991979e-10
40450.056 7.840579458535086e-11
40500.056 5.979730716540424e-10
40550.056 5.931439013099284e-10
40600.056 9.298957802799854e-10
40650.056 3.482056510942582e-10
40700.056 6.572624229299965e-10
40750.056 4.444308630349453e-10
40800.056 1.6541154336379708e-10
40850.056 1.3398565682901176e-09
40900.056 1.498054173959915e-09
40950.056 5.114064751988535e-10
41000.056 4.4074920639597485e-10
41050.056 1.4855067088500765e-09
41100.056 1.0769717036578675e-09
41150.056 1.0474435735878648e-10
41200.056 1.2738889153062045e-09
41250.056 1.2719670516247806e-09
41300.056 1.4675689950302327e-09
41350.056 2.9065786625000396e-09
41400.056 2.1782564338998918e-09
41450.056 2.0124260313000026e-09
41500.056 6.383174905298759e-10
41550.056 5.882400380700952e-10
41600.056 8.677114875669219e-10
41650.056 2.5110400311402565e-09
41700.056 3.931427940299894e-09
41750.056 2.8071720097001243e-09
41800.056 3.358015187099894e-09
41850.056 1.4492566317298583e-09
41900.056 9.708484815797843e-10
41950.056 7.773112916799137e-10
42000.056 1.5477334573103264e-10
42050.056 3.751919442040361e-10
42100.056 9.952484667799888e-10
42150.056 1.4918932270700171e-09
42200.056 1.9002747792199508e-09
42250.056 1.2015066978400684e-09
42300.056 8.916535725599354e-10
42350.056 2.5198133948801553e-09
42400.056 4.123193951000162e-09
42450.056 5.623909468600118e-09
42500.056 5.994965805999967e-09
42550.056 5.077552419599843e-09
42600.056 2.7547128579001816e-09
42650.056 3.8252945599996664e-09
42700.056 1.353928988319986e-09
42750.056 4.3199845713004045e-09
42800.056 7.244299737300114e-09
42850.056 7.435896060899866e-09
42900.056 6.78031691179998e-09
42950.056 5.054169025900102e-09
43000.056 5.6183076152999246e-09
43050.056 3.161254360559525e-09
43100.056 3.957480923000265e-09
43150.056 5.142379102300169e-09
43200.056 7.426580245300125e-09
43250.056 8.280685934300019e-09
43300.056 7.224661619999776e-09
43350.056 5.444391344999898e-09
43400.056 5.893719663099964e-09
43450.056 3.857733520899925e-09
43500.056 2.6856279544300437e-09
43550.056 3.928263955100197e-09
43600.056 7.014722437300001e-09
43650.056 4.7363268978997985e-09
43700.056 6.793951412400643e-09
43750.056 8.34665840389986e-09
43800.056 6.696758331999878e-09
43850.056 5.676093249300098e-09
43900.056 4.091517567600043e-09
43950.056 3.6312309434999746e-09
44000.056 4.336518185300064e-09
44050.056 7.517050962900453e-09
44100.056 9.36895454420001e-09
44150.056 8.475124622699876e-09
44200.056 8.08678526409993e-09
44250.056 5.883739826199804e-09
44300.056 3.829431516099879e-09
44350.056 3.2101867684000486e-09
44400.056 3.92629531650003e-09
44450.056 6.437458262700369e-09
44500.056 6.257088020399898e-09
44550.056 7.3373934897000755e-09
44600.056 6.0459396400999995e-09
44650.056 6.93260606499989e-09
44700.056 5.706448235899746e-09
44750.056 6.562039847700148e-09
44800.056 4.662668836999842e-09
44850.056 5.686410867800223e-09
44900.056 6.476801288000012e-09
44950.056 7.75618467860023e-09
45000.056 8.454447320199958e-09
45050.056 7.2916329784996706e-09
45100.056 6.742178563500252e-09
45150.056 6.166089356299876e-09
45200.056 4.0819003008998875e-09
45250.056 4.808111818999954e-09
45300.056 4.384001099199915e-09
45350.056 2.971512021600274e-09
45400.056 7.466496656700144e-09
45450.056 6.592906383100309e-09
45500.056 8.331411688800222e-09
45550.056 8.329253254599637e-09
45600.056 7.917372536500127e-09
45650.056 7.228485447499663e-09
45700.056 3.934566221199488e-09
45750.056 3.590281098400373e-09
45800.056 6.999167449399971e-09
45850.056 5.6449037921002665e-09
45900.056 8.657636512200079e-09
45950.056 8.963996603399849e-09
46000.056 8.26354579039998e-09
46050.056 6.7777025452002504e-09
46100.056 8.156106448199792e-09
46150.056 6.0380988586999285e-09
46200.056 3.860634943099518e-09
46250.056 1.4145820063100467e-09
46300.056 4.563172181800336e-09
46350.056 5.583340387799988e-09
46400.056 5.936014445100081e-09
46450.056 3.929510388599825e-09
46500.056 5.731137852000045e-09
46550.056 3.5354613390996667e-09
46600.056 2.56122770665995e-09
46650.056 4.67752780530016e-09
46700.056 3.586671718599694e-09
46750.056 1.2560509193500447e-09
46800.056 7.036776114299463e-10
46850.056 3.1393162220005243e-09
46900.056 5.702328474100149e-09
46950.056 6.475062808500009e-09
47000.056 6.733097918699996e-09
47050.056 3.96404626189955e-09
47100.056 3.989933737900074e-09
47150.056 4.616970493800204e-09
47200.056 4.7099579705998035e-09
47250.056 1.7437453270396111e-09
47300.056 1.302417249680364e-09
47350.056 4.402517150200256e-09
47400.056 5.576585214999984e-09
47450.056 3.5018011064999505e-09
47500.056 5.508890729300373e-09
47550.056 5.951530266399934e-09
47600.056 3.3965314872997742e-09
47650.056 4.040032747099825e-09
47700.056 3.530771583800237e-09
47750.056 3.089601673399915e-09
47800.056 1.5057792711197997e-09
47850.056 4.604710485000779e-10
47900.056 9.701851254900555e-10
47950.056 3.1525757538002855e-09
48000.056 3.8386921706997365e-09
48050.056 3.1059620801000914e-09
48100.056 1.8716788415899157e-09
48150.056 3.211463225200075e-09
48200.056 1.4988163207497788e-09
48250.056 2.684034852300141e-09
48300.056 3.0408089388999013e-09
48350.056 1.6266709633597701e-09
48400.056 3.1537723230992757e-10
48450.056 5.206302484271161e-10
48500.056 1.1300773474498963e-09
48550.056 1.4709228948103373e-09
48600.056 3.6961720709001416e-09
48650.056 4.419852338000006e-09
48700.056 4.078797557700026e-09
48750.056 3.925179944699984e-09
48800.056 3.6361837149998845e-09
48850.056 1.5937276530098204e-09
48900.056 1.0291300064298705e-09
48950.056 5.068958867799814e-10
49000.056 4.0918678094009225e-10
49050.056 1.3370739908699394e-09
49100.056 2.1512473919602776e-09
49150.056 2.312986030899984e-09
49200.056 3.558485557800143e-09
49250.056 3.6252237055999407e-09
49300.056 2.5348321030697622e-09
49350.056 1.0737723356101415e-09
49400.056 1.2935301712498053e-09
49450.056 9.077178542501322e-10
49500.056 6.39560852589893e-10
49550.056 1.6840183540999258e-10
49600.056 2.889113782590478e-10
49650.056 1.1031336937901263e-09
49700.056 1.7951896523000402e-09
49750.056 1.133504356699922e-09
49800.056 6.985899343800341e-10
49850.056 1.939253299900147e-09
49900.056 2.471732198000002e-09
49950.056 2.1713999190999243e-09
50000.056 9.57330127849823e-10
50050.056 8.50615812370126e-10
50100.056 8.552130987299446e-10
50150.056 3.1456722313995114e-10
50200.056 1.0153011351501183e-10
50250.056 2.924325059400031e-10
50300.056 2.599875514930375e-10
50350.056 9.723984729300887e-10
50400.056 1.589394742900059e-09
50450.056 1.8573123651000003e-09
50500.056 2.1183780229000503e-09
50550.056 2.271095892299943e-09
50600.056 1.387136424769945e-09
50650.056 1.9857612747000068e-09
50700.056 1.560632462599912e-09
50750.056 8.585291991099312e-10
50800.056 2.496533667229453e-10
50850.056 1.550705029660339e-10
50900.056 6.497198052700741e-10
50950.056 8.694923664099395e-10
51000.056 6.048728021601067e-10
51050.056 1.2390058764499376e-09
51100.056 6.821431555799563e-10
51150.056 3.624848958600607e-10
51200.056 1.154990905460069e-09
51250.056 1.144252690059966e-09
51300.056 7.634497135299557e-10
51350.056 3.8013448831493254e-10
51400.056 1.6348276785801668e-10
51450.056 1.4490387499997568e-10
51500.056 1.5712570929302948e-10
51550.056 4.5176483144004323e-10
51600.056 7.423014061900305e-10
51650.056 1.0090913196200228e-09
51700.056 7.505205559698795e-10
51750.056 6.736881670900986e-10
51800.056 1.0633642535999988e-09
51850.056 8.795957526199607e-10
51900.056 6.29509683169965e-10
51950.056 3.2378588143995314e-10
52000.056 1.0374907261199115e-10
52050.056 2.143162378900048e-10
52100.056 1.4244681938898346e-10
52150.056 1.0072939250301853e-10
52200.056 2.7244272072002175e-10
52250.056 4.2739772369001634e-10
52300.056 4.0609828082997593e-10
52350.056 1.5604815656999593e-10
52400.056 1.8640725083600713e-10
52450.056 4.700346736900407e-10
52500.056 3.612914385099885e-10
52550.056 6.739813154499867e-10
52600.056 7.430732548600472e-10
52650.056 8.153312595999728e-10
52700.056 4.901668226599547e-10
52750.056 1.7070783081497574e-10
52800.056 2.9797146462003254e-10
52850.056 3.326930055699787e-10
52900.056 1.350085103789733e-10
52950.056 1.9946277860302662e-10
53000.056 3.9773050219000837e-10
53050.056 2.420465430899961e-10
53100.056 5.61457931230049e-10
53150.056 5.250653797399722e-10
53200.056 3.5295098285998573e-10
53250.056 4.776340764899968e-10
53300.056 4.569835314900121e-10
53350.056 4.100617616999854e-10
53400.056 2.9300663205998215e-10
53450.056 1.5079121007498257e-10
53500.056 6.79681215959946e-11
53550.056 9.94190974120029e-11
53600.056 1.929746764100335e-10
