galfind/configs/Brown_Dwarf_templates/sonora_bobcat/m0.0/1000g/co1.5/sp_t475g1000nc_m+0.0_co1.5_resample.dat
# %ECSV 1.0
# ---
# datatype:
# - {name: wav, unit: Angstrom, datatype: float64}
# - {name: flux_nu, unit: erg / (cm2 Hz s), datatype: float64}
# meta: {C/O: '1.50', Kzz: '1.0000E+05', Teff: '475.', Y: '0.28', '[Fe/H]': '0.00', f_hole: '1.00', f_rain: '0.00', grav: '1000.'}
# schema: astropy-2.0
wav flux_nu
4000.0559999999996 nan
4050.0559999999996 2.853868459479388e-17
4100.056 3.078068537620064e-15
4150.056 3.4679311125000395e-14
4200.056 3.772686300496024e-14
4250.056 4.0209976818000343e-13
4300.056 1.0181590422100034e-12
4350.056 1.9687524662000082e-12
4400.056 3.382617079300013e-12
4450.056 5.393196092400014e-12
4500.056 8.025852842000019e-12
4550.056 8.094101361799948e-12
4600.056 1.7675022725999906e-12
4650.056 8.120501057199936e-13
4700.056 2.9632616396999675e-13
4750.056 8.543371154099913e-14
4800.056 3.6455420554999765e-14
4850.056 1.8323749711999885e-14
4900.056 1.1144399334299953e-14
4950.056 7.488618819499969e-15
5000.056 4.635940472699976e-15
5050.056 3.2178143021e-15
5100.056 3.2665947854000077e-15
5150.056 3.4786894013000016e-15
5200.056 3.712237344500002e-15
5250.056 3.975770124600003e-15
5300.056 4.272530274100001e-15
5350.056 4.637372997300005e-15
5400.056 5.091746486600006e-15
5450.056 5.582066783500007e-15
5500.056 6.104207784300005e-15
5550.056 6.620042711300006e-15
5600.056 7.099253972500005e-15
5650.056 7.480957893000003e-15
5700.056 7.641228203200002e-15
5750.056 7.381267141499992e-15
5800.056 6.588262476599984e-15
5850.056 4.60608102829995e-15
5900.056 1.4951774135320553e-15
5950.056 9.239903481300142e-15
6000.056 1.930102616900012e-14
6050.056 3.417041888000026e-14
6100.056 5.4763928829000355e-14
6150.056 8.228379846200044e-14
6200.056 1.1980859916500057e-13
6250.056 1.7074714770000073e-13
6300.056 2.41674880650001e-13
6350.056 3.378217641000014e-13
6400.056 4.666881536600021e-13
6450.056 6.106677430799999e-13
6500.056 8.283724471100065e-13
6550.056 1.133507765929996e-12
6600.056 1.5429993422000158e-12
6650.056 2.1048801586000126e-12
6700.056 2.667037604100013e-12
6750.056 3.6094508806000138e-12
6800.056 4.271526096800011e-12
6850.056 4.330732011699994e-12
6900.056 3.5825919315999964e-12
6950.056 2.8581696883000028e-12
7000.056 2.909002751999977e-12
7050.056 3.0359742406999927e-12
7100.056 3.3245209229999914e-12
7150.056 3.001317429009955e-12
7200.056 2.7252428541199926e-12
7250.056 2.8942302326998907e-12
7300.056 2.8842639076501136e-12
7350.056 3.2169868352099967e-12
7400.056 3.5479699429000417e-12
7450.056 3.994527475800059e-12
7500.056 4.3473842189000055e-12
7550.056 4.5670897024000035e-12
7600.056 4.568614348899993e-12
7650.056 2.181085524989944e-12
7700.056 2.0235323283400484e-12
7750.056 4.987707741700055e-12
7800.056 6.782005998500038e-12
7850.056 9.252952781399982e-12
7900.056 1.1573447225500026e-11
7950.056 1.304403966740006e-11
8000.056 1.75092897730001e-11
8050.056 2.1265883461000134e-11
8100.056 2.1248902785699644e-11
8150.056 2.1174812819700456e-11
8200.056 3.242398164930079e-11
8250.056 3.6857874239599815e-11
8300.056 4.511590176590054e-11
8350.056 5.35289877776999e-11
8400.056 6.614133463100032e-11
8450.056 8.595109213500025e-11
8500.056 1.0179568053499931e-10
8550.056 1.2808792051300228e-10
8600.056 1.5814227377000105e-10
8650.056 1.8751450178000127e-10
8700.056 2.1460757050000155e-10
8750.056 2.504141230800016e-10
8800.056 2.8144432735000083e-10
8850.056 2.813744837999965e-10
8900.056 1.4841249967999386e-10
8950.056 1.4234363409210546e-10
9000.056 1.3937429216999066e-10
9050.056 3.296186171947022e-10
9100.056 3.9163952904221944e-10
9150.056 4.688125308990054e-10
9200.056 6.359232671400248e-10
9250.056 6.080456591969821e-10
9300.056 6.93736244730144e-11
9350.056 1.1525014494214726e-10
9400.056 3.8707160359797643e-10
9450.056 3.017611909279002e-10
9500.056 2.700079765700881e-10
9550.056 2.8305732310255927e-10
9600.056 3.316086006751604e-10
9650.056 4.992676919226125e-10
9700.056 9.735554875634533e-10
9750.056 9.96377497437117e-10
9800.056 1.2085348426649801e-09
9850.056 1.482196328969972e-09
9900.056 1.9252135717500633e-09
9950.056 2.024929346410039e-09
10000.056 1.845992320993997e-09
10050.056 2.4341657309000154e-09
10100.056 2.7060305665000217e-09
10150.056 2.592081388399998e-09
10200.056 2.3814936318000915e-09
10250.056 2.8299882513500323e-09
10300.056 3.596730989909858e-09
10350.056 3.2382564721001133e-09
10400.056 4.389248194600045e-09
10450.056 5.239346154399732e-09
10500.056 6.0241384469999766e-09
10550.056 6.940982993600035e-09
10600.056 7.451823947400034e-09
10650.056 7.693419896100017e-09
10700.056 7.5251999733e-09
10750.056 7.591233950099977e-09
10800.056 7.389399962400035e-09
10850.056 6.89194123840001e-09
10900.056 5.7495070587998785e-09
10950.056 3.4987690037999792e-09
11000.056 2.064764105769805e-09
11050.056 9.761264642891984e-10
11100.056 4.3215565823206635e-10
11150.056 1.682182004070802e-10
11200.056 1.360855869030131e-10
11250.056 1.8845105275023153e-10
11300.056 2.857981799184847e-10
11350.056 8.730459199375375e-11
11400.056 4.1370954304233057e-10
11450.056 2.2575016805017374e-10
11500.056 2.0411541073783442e-10
11550.056 5.1446377542037597e-11
11600.056 2.8758409231033473e-11
11650.056 1.193961525350168e-10
11700.056 1.5737066396843447e-10
11750.056 4.532080603697911e-11
11800.056 2.539890607993852e-10
11850.056 3.8846473345740455e-10
11900.056 4.888962551899897e-10
11950.056 7.552494553000501e-10
12000.056 1.1753318098600682e-09
12050.056 1.786653265060045e-09
12100.056 2.355530180999952e-09
12150.056 3.2649352303799755e-09
12200.056 3.8454270638000555e-09
12250.056 5.125981834599851e-09
12300.056 7.07569872930023e-09
12350.056 7.90924366510002e-09
12400.056 1.0470868385099983e-08
12450.056 1.3266186350600123e-08
12500.056 1.5076000703400292e-08
12550.056 1.7137299088000082e-08
12600.056 1.9793129300000308e-08
12650.056 2.199897739999998e-08
12700.056 2.2474813579999945e-08
12750.056 1.8633693443000115e-08
12800.056 1.499174245979974e-08
12850.056 1.0354285251199728e-08
12900.056 8.232300251580015e-09
12950.056 6.7417547524002156e-09
13000.056 7.0368981416005154e-09
13050.056 4.865004388879931e-09
13100.056 4.70858244286157e-09
13150.056 2.9881175752858756e-09
13200.056 2.988060172116765e-09
13250.056 2.2925024118876132e-09
13300.056 8.30388003919743e-10
13350.056 2.910026585187392e-10
13400.056 6.935475893486661e-11
13450.056 1.9062878966764957e-11
13500.056 6.51841865939379e-12
13550.056 1.8066391253240674e-12
13600.056 4.778878257171605e-13
13650.056 3.621264760496928e-12
13700.056 1.873744475131509e-12
13750.056 6.748674046249136e-12
13800.056 6.710287626184742e-12
13850.056 2.3319247071589036e-12
13900.056 3.944863739010924e-12
13950.056 3.6267972521052553e-12
14000.056 4.996763973518411e-12
14050.056 8.171323757028059e-12
14100.056 6.945598852599786e-12
14150.056 1.5601504875793715e-11
14200.056 1.0431739124622587e-11
14250.056 1.5079088787469424e-11
14300.056 5.224025964471296e-11
14350.056 4.315284002787086e-11
14400.056 4.335689079490494e-11
14450.056 8.874228744045913e-11
14500.056 1.9184533522438793e-10
14550.056 2.0320084794042863e-10
14600.056 3.641705269658283e-10
14650.056 1.811517540852014e-10
14700.056 8.583901272322363e-11
14750.056 5.529456995919622e-11
14800.056 6.837603071245644e-11
14850.056 7.602430045653816e-11
14900.056 7.837602614434298e-11
14950.056 6.992525318446941e-11
15000.056 1.8329250435363328e-10
15050.056 2.006357121317746e-10
15100.056 1.053505308148254e-10
15150.056 5.2555211815892465e-11
15200.056 1.5661233750656294e-10
15250.056 3.262870434201399e-10
15300.056 4.2819778828290825e-10
15350.056 5.372691823600295e-10
15400.056 7.028115856009946e-10
15450.056 9.546879469798328e-10
15500.056 1.240605399342831e-09
15550.056 1.9666043387802913e-09
15600.056 3.0053227472297868e-09
15650.056 4.668158275900409e-09
15700.056 6.878357260200109e-09
15750.056 8.307385800600166e-09
15800.056 9.817310146299947e-09
15850.056 1.1262797506200355e-08
15900.056 1.1461450236500015e-08
15950.056 1.1287276063499897e-08
16000.056 9.163089893699954e-09
16050.056 5.919296675699731e-09
16100.056 3.4879184029599194e-09
16150.056 1.7840991355788612e-09
16200.056 8.208197693494554e-10
16250.056 4.912590594958136e-10
16300.056 3.08273219893958e-10
16350.056 3.9051211176209185e-10
16400.056 4.724461236211352e-10
16450.056 4.769099421155923e-10
16500.056 4.267520384182032e-10
16550.056 4.507569436113657e-10
16600.056 8.109691773153876e-10
16650.056 5.265432131920312e-10
16700.056 7.257676203572498e-11
16750.056 2.985103887756529e-10
16800.056 4.688512204965264e-10
16850.056 4.852455141870384e-10
16900.056 2.3448092674435e-10
16950.056 1.548111321464397e-10
17000.056 7.865663452488954e-11
17050.056 1.6649169020542637e-10
17100.056 3.0014923604751164e-10
17150.056 1.811643646979035e-10
17200.056 5.716957343201737e-10
17250.056 2.6053452923189486e-10
17300.056 1.818908436751949e-10
17350.056 2.1454776772639712e-10
17400.056 3.609592375347554e-10
17450.056 4.727917202538973e-10
17500.056 6.318296614545994e-10
17550.056 5.044335073977668e-10
17600.056 4.2121190393909004e-10
17650.056 3.228576860714089e-10
17700.056 2.781276829763696e-10
17750.056 2.1760284846129985e-10
17800.056 4.413404106029079e-10
17850.056 2.1980129673200648e-10
17900.056 1.495511992433838e-10
17950.056 9.93448083518028e-11
18000.056 1.848620865202078e-10
18050.056 9.370665333291541e-11
18100.056 1.166166285507987e-10
18150.056 8.903438733196979e-11
18200.056 6.241690455815838e-11
18250.056 2.396649748171433e-10
18300.056 4.1767903288778115e-11
18350.056 3.7337920362186536e-11
18400.056 2.4511409534359503e-11
18450.056 1.3678521697011047e-10
18500.056 1.325446741665204e-10
18550.056 6.353958206913245e-11
18600.056 8.579039778667935e-11
18650.056 5.486836676082696e-11
18700.056 1.2793174240643736e-11
18750.056 3.2777394285201183e-11
18800.056 2.394347646291053e-10
18850.056 2.1788170438473585e-10
18900.056 1.877509337582805e-10
18950.056 3.3732681921849574e-10
19000.056 8.517824895113582e-11
19050.056 3.629553940794172e-11
19100.056 1.0340346830669167e-10
19150.056 4.046109351131003e-11
19200.056 7.51465093166376e-11
19250.056 4.838336971468203e-11
19300.056 3.100474090055662e-11
19350.056 3.0020317844316265e-11
19400.056 2.2531567898038764e-11
19450.056 3.701018826152304e-11
19500.056 3.394648631110109e-11
19550.056 5.442744577503685e-11
19600.056 1.0534339251579553e-10
19650.056 8.283040440512641e-11
19700.056 1.196491764913261e-10
19750.056 1.7363994015765468e-10
19800.056 1.1264806431850113e-10
19850.056 1.4551730903979093e-10
19900.056 2.0014589915343913e-10
19950.056 2.8732904504936646e-10
20000.056 3.308092229986295e-10
20050.056 2.644016080032759e-10
20100.056 4.477884560648868e-10
20150.056 2.8576888690929393e-10
20200.056 1.9961031572943752e-10
20250.056 3.816666800252372e-10
20300.056 4.3401264971277735e-10
20350.056 4.5412243285029477e-10
20400.056 4.164508884079739e-10
20450.056 7.097669632851732e-10
20500.056 7.926720112349524e-10
20550.056 8.684878486900183e-10
20600.056 9.384991489700945e-10
20650.056 1.0901747355099513e-09
20700.056 1.1846181675499976e-09
20750.056 1.2510671366699716e-09
20800.056 1.2323578454298859e-09
20850.056 1.362179628800018e-09
20900.056 1.3925988533999757e-09
20950.056 1.359982169410026e-09
21000.056 1.3291809288900057e-09
21050.056 1.3643257007999795e-09
21100.056 1.3142837088500117e-09
21150.056 1.3019809188699514e-09
21200.056 1.2427936885900304e-09
21250.056 1.164027268599908e-09
21300.056 1.0385648331000223e-09
21350.056 9.997988107909585e-10
21400.056 1.002752705131078e-09
21450.056 8.237122496494327e-10
21500.056 7.436480382625779e-10
21550.056 7.001041999748621e-10
21600.056 6.189389688928661e-10
21650.056 4.861571982498641e-10
21700.056 4.5906149328287216e-10
21750.056 4.2658745840417926e-10
21800.056 3.023127795858815e-10
21850.056 2.7388500534712903e-10
21900.056 1.964534493997475e-10
21950.056 8.699800086220834e-11
22000.056 1.1107221320379615e-11
22050.056 2.036203581483166e-11
22100.056 8.469173611784912e-11
22150.056 5.7193182501261596e-11
22200.056 5.689111223414324e-11
22250.056 4.7051677728986616e-11
22300.056 2.2516136888462827e-11
22350.056 2.7021660418407127e-11
22400.056 9.930098565692122e-12
22450.056 1.519452952767875e-11
22500.056 1.2364639218906385e-11
22550.056 6.600444041012281e-12
22600.056 5.762752342269241e-12
22650.056 1.1172651272389045e-11
22700.056 9.577382042853772e-12
22750.056 1.3101603879559369e-11
22800.056 1.5351500671253232e-11
22850.056 1.011355717064944e-11
22900.056 7.316868052788361e-12
22950.056 5.298475210536242e-12
23000.056 7.1648184863181335e-12
23050.056 8.682691580483952e-12
23100.056 6.678554162958435e-11
23150.056 6.397090074548192e-11
23200.056 1.7611060994609512e-12
23250.056 1.0751583708142743e-11
23300.056 9.127340993055504e-12
23350.056 1.1247574198361932e-11
23400.056 8.071977637083887e-12
23450.056 4.624058560821259e-12
23500.056 5.253666086531168e-12
23550.056 1.2085831196197746e-11
23600.056 2.902165849680625e-11
23650.056 3.537855407656026e-11
23700.056 5.171878027171806e-12
23750.056 6.261597679386395e-12
23800.056 3.6367537037396906e-11
23850.056 2.160051756518069e-11
23900.056 5.2233692074076404e-11
23950.056 2.4021631674988514e-11
24000.056 6.101854747527475e-11
24050.056 6.483055071145579e-11
24100.056 8.167817208993091e-11
24150.056 1.2066164826367496e-10
24200.056 8.506160737420738e-11
24250.056 5.818715240347021e-11
24300.056 1.4021335204524975e-10
24350.056 1.0117348786102632e-10
24400.056 2.3081766279972327e-10
24450.056 2.5272240211454467e-10
24500.056 2.098633925542156e-10
24550.056 3.742371046124965e-10
24600.056 4.0104311297866786e-10
24650.056 5.611522029105162e-10
24700.056 3.758501661072687e-10
24750.056 4.978837558660999e-10
24800.056 4.183450646708346e-10
24850.056 6.93661529964896e-10
24900.056 2.5989946547583394e-10
24950.056 5.703713450805715e-10
25000.056 5.518572968994911e-10
25050.056 2.9786935287846965e-10
25100.056 5.25667793154241e-10
25150.056 2.2879445808159283e-10
25200.056 3.469147487179955e-10
25250.056 1.189768356119068e-10
25300.056 1.7846276776190551e-10
25350.056 7.394368137861113e-11
25400.056 2.0731146492162977e-10
25450.056 5.969869993342293e-11
25500.056 4.8674453292049166e-11
25550.056 1.1745835106239037e-10
25600.056 5.84494942728593e-11
25650.056 2.477331491178403e-11
25700.056 2.7240953556749084e-11
25750.056 6.927058038631153e-12
25800.056 4.742217477691136e-11
25850.056 7.445895054525333e-12
25900.056 1.0695075880427172e-11
25950.056 2.140780256209048e-12
26000.056 4.054411144748215e-11
26050.056 3.495941056181595e-12
26100.056 2.3868454302525673e-11
26150.056 9.087348440044869e-12
26200.056 1.2559307958858483e-11
26250.056 1.1558268324743346e-10
26300.056 1.748780659059357e-11
26350.056 2.2660098616145884e-10
26400.056 3.147064477502536e-10
26450.056 1.7644157645723046e-10
26500.056 4.63799344658136e-10
26550.056 4.107626611675421e-11
26600.056 4.6478612431783275e-11
26650.056 5.175820833608497e-12
26700.056 2.8584588505349238e-12
26750.056 4.547006475065502e-12
26800.056 1.7990722521628263e-11
26850.056 9.369645078967126e-12
26900.056 5.658200151007515e-11
26950.056 1.714820240395737e-11
27000.056 1.1114037581489987e-10
27050.056 1.4421674311110533e-10
27100.056 1.100687395853205e-11
27150.056 1.7543238692483735e-10
27200.056 1.0428591593624855e-11
27250.056 4.6936232738783844e-11
27300.056 4.568965459318514e-10
27350.056 1.2060883727906562e-10
27400.056 4.843691321379731e-12
27450.056 1.6652652728811237e-10
27500.056 2.28571046816805e-10
27550.056 2.4290936609096956e-11
27600.056 8.699829265325336e-11
27650.056 1.8490061943088193e-11
27700.056 1.747727589678929e-11
27750.056 1.4278544128277146e-10
27800.056 3.99354939304021e-11
27850.056 7.21501016570003e-11
27900.056 8.68054703128505e-11
27950.056 2.1366936999508144e-10
28000.056 1.8496217524308072e-10
28050.056 1.890670075326792e-11
28100.056 2.2485836161253184e-10
28150.056 1.472138489188046e-10
28200.056 3.478213349573586e-11
28250.056 3.083776088494375e-10
28300.056 2.939081070082103e-10
28350.056 4.3559315194705806e-11
28400.056 1.9843174137406482e-10
28450.056 3.857279478932902e-10
28500.056 2.0534444319853306e-10
28550.056 3.682274853872503e-11
28600.056 3.6489171575801855e-10
28650.056 2.121432417248026e-10
28700.056 3.360402380639017e-10
28750.056 6.226607568580572e-10
28800.056 2.369749294144329e-10
28850.056 5.589739190946287e-10
