galfind/configs/Brown_Dwarf_templates/sonora_bobcat/m0.0/1000g/co1.5/sp_t350g1000nc_m+0.0_co1.5_resample.dat
# %ECSV 1.0
# ---
# datatype:
# - {name: wav, unit: Angstrom, datatype: float64}
# - {name: flux_nu, unit: erg / (cm2 Hz s), datatype: float64}
# meta: {C/O: '1.50', Kzz: '1.0000E+05', Teff: '350.', Y: '0.28', '[Fe/H]': '0.00', f_hole: '1.00', f_rain: '0.00', grav: '1000.'}
# schema: astropy-2.0
wav flux_nu
[from data line 498]
28900.056 1.3224075941529215e-11
28950.056 1.6297924392058835e-11
29000.056 9.713834947747843e-12
29050.056 2.0428670266450448e-11
29100.056 6.4154434813919925e-12
29150.056 9.42591443697963e-12
29200.056 4.416656923792511e-11
29250.056 2.752611531393565e-11
29300.056 1.817361243634017e-11
29350.056 5.210934861380456e-11
29400.056 2.4014190310041658e-11
29450.056 7.104267895403139e-12
29500.056 6.512500460262365e-11
29550.056 1.566372306111853e-11
29600.056 1.809246748151512e-11
29650.056 1.0053804664761789e-10
29700.056 1.0597965509538783e-11
29750.056 5.616697248618587e-11
29800.056 2.7025911066955974e-11
29850.056 9.319756140505999e-11
29900.056 3.080414494307181e-11
29950.056 3.1759775713390644e-11
30000.056 3.2162361462100015e-13
30050.056 5.348147331461187e-12
30100.056 2.4397304637950167e-11
30150.056 8.565948088340646e-11
30200.056 5.268251264827495e-11
30250.056 9.008069453186636e-11
30300.056 1.1799074551075718e-10
30350.056 1.7553549929059324e-11
30400.056 1.3912568857227163e-10
30450.056 1.1684490900919808e-10
30500.056 3.93584770505737e-11
30550.056 3.3389771953703455e-11
30600.056 6.079387213127574e-10
30650.056 2.1634986732741625e-10
30700.056 7.78998129839415e-11
30750.056 1.919399132506416e-10
30800.056 2.4019576355237133e-10
30850.056 2.3424845657744484e-10
30900.056 1.1223012301454916e-10
30950.056 7.535990330993073e-11
31000.056 1.0971003204280662e-10
31050.056 5.243113769482261e-11
31100.056 2.979206436708891e-11
31150.056 6.561516695262391e-11
31200.056 2.917944944669655e-10
31250.056 9.260000107050938e-11
31300.056 4.323685138721189e-11
31350.056 1.8989608563877107e-10
31400.056 9.829325092702416e-11
31450.056 1.0668832690878189e-10
31500.056 3.016950802431094e-11
31550.056 6.492244310177787e-11
31600.056 4.701200779244738e-11
31650.056 3.333769265752367e-11
31700.056 2.5426045660568505e-11
31750.056 9.460899582222882e-12
31800.056 1.8969190776681903e-11
31850.056 2.640016477044511e-12
31900.056 7.659946540875423e-12
31950.056 3.2740101997303244e-12
32000.056 2.360755916663947e-12
32050.056 2.424012860178895e-12
32100.056 2.028860729834563e-12
32150.056 1.6698218517875287e-12
32200.056 6.161233147250052e-13
32250.056 1.5841939243127625e-12
32300.056 3.269455313347514e-13
32350.056 1.3041367818263927e-12
32400.056 8.738324187657867e-14
32450.056 8.157289730345127e-13
32500.056 8.552847539731113e-14
32550.056 7.910041655370405e-13
32600.056 5.866111855137627e-14
32650.056 1.6949286409415487e-12
32700.056 1.182731740293318e-13
32750.056 5.262524312781889e-12
32800.056 1.911754981292128e-12
32850.056 1.5459894799094235e-11
32900.056 1.1396215573019545e-11
32950.056 1.4059387189672008e-11
33000.056 3.1744709109295843e-12
33050.056 1.9573141702863414e-12
33100.056 2.697053199788181e-13
33150.056 3.273781581408945e-16
33200.056 2.136130256649584e-14
33250.056 4.9064054602014546e-14
33300.056 1.3120414421885374e-12
33350.056 2.0588681212219687e-12
33400.056 1.1299546312954187e-11
33450.056 1.3611505289804236e-12
33500.056 1.1102536576182891e-11
33550.056 1.2201536616931387e-12
33600.056 4.276365802358912e-12
33650.056 4.759221255658427e-12
33700.056 5.884425605749142e-13
33750.056 5.656213323532766e-12
33800.056 2.0737020121979766e-13
33850.056 2.5026344681062368e-12
33900.056 2.5256936327237145e-12
33950.056 2.7298479474896298e-12
34000.056 7.478378067693069e-12
34050.056 1.1426662323457034e-12
34100.056 8.942459310118808e-12
34150.056 2.23154317146518e-12
34200.056 1.1206768790824278e-11
34250.056 3.904920809797841e-12
34300.056 5.8794821246407224e-12
34350.056 3.1088554664805024e-11
34400.056 3.491661061404163e-12
34450.056 2.2578167792153646e-11
34500.056 6.2572524216790266e-12
34550.056 1.6676815383123284e-11
34600.056 8.259265782006691e-11
34650.056 3.4666536212774405e-12
34700.056 4.668172078713491e-11
34750.056 1.9613394612646602e-11
34800.056 1.1897622774864123e-11
34850.056 6.469596167208437e-11
34900.056 4.816567823270584e-12
34950.056 9.089101795994351e-11
35000.056 9.106304956338496e-11
35050.056 8.535263179319198e-11
35100.056 1.8064245373349134e-10
35150.056 1.4903013162998006e-10
35200.056 1.187692741554442e-10
35250.056 2.486224552936375e-10
35300.056 4.5383416298655425e-11
35350.056 4.057487380232151e-11
35400.056 2.5199771682471123e-11
35450.056 2.509845411394446e-11
35500.056 1.273835478271334e-10
35550.056 8.191190614156938e-11
35600.056 1.6023875964251158e-10
35650.056 2.085228628321648e-10
35700.056 2.3185026952713847e-10
35750.056 2.415232507195149e-10
35800.056 8.010002483011257e-11
35850.056 4.6595976728734503e-11
35900.056 6.629200301873759e-11
35950.056 1.5896542506570932e-10
36000.056 1.8168466547470524e-10
36050.056 1.2236168607269362e-10
36100.056 1.1625630309283186e-10
36150.056 5.549642494727485e-10
36200.056 4.3890742019230783e-10
36250.056 2.0645999533210072e-10
36300.056 7.621111703625501e-10
36350.056 3.9831794494011215e-10
36400.056 6.63733901566975e-10
36450.056 4.237602263245005e-10
36500.056 4.1929729962445463e-10
36550.056 1.1878756642239057e-09
36600.056 1.3348472854098347e-09
36650.056 5.764183837453388e-10
36700.056 7.98487687848806e-10
36750.056 1.3349518431004824e-09
36800.056 1.6152529787374064e-09
36850.056 5.731724886398439e-10
36900.056 7.498557451917382e-10
36950.056 1.8131849724192518e-09
37000.056 1.027683353658727e-09
37050.056 1.86537513580282e-09
37100.056 4.389172290057994e-10
37150.056 9.373530319879838e-10
37200.056 2.6165143450000574e-09
37250.056 1.1469949047779165e-09
37300.056 5.356056936188196e-10
37350.056 1.089846018949002e-09
37400.056 2.1061777505502554e-09
37450.056 6.436317539878604e-10
37500.056 8.905153200285208e-10
37550.056 3.3212715822738067e-09
37600.056 5.8062016844798e-09
37650.056 8.711088803086325e-10
37700.056 2.0136773386784166e-09
37750.056 1.525003165882937e-09
37800.056 1.5240759061618906e-09
37850.056 7.689796473579633e-10
37900.056 8.254530448117391e-10
37950.056 1.6759230312520615e-09
38000.056 1.4356351878556456e-09
38050.056 3.1197688256329684e-09
38100.056 4.457104995865931e-09
38150.056 5.505874133475115e-09
38200.056 3.098613371878439e-09
38250.056 5.0910654427050736e-09
38300.056 9.852137193498043e-09
38350.056 5.825398747681648e-09
38400.056 1.649799496977982e-09
38450.056 4.993103858913253e-10
38500.056 4.781387516887845e-10
38550.056 2.5719425115703055e-09
38600.056 3.5697557781992895e-09
38650.056 3.30979458534386e-09
38700.056 2.412832535768127e-09
38750.056 3.4397147884977667e-09
38800.056 2.8416552475401183e-09
38850.056 3.854327597000625e-09
38900.056 4.395713700905768e-09
38950.056 2.2745791662905487e-09
39000.056 5.19074858910605e-09
39050.056 1.6513240960850366e-09
39100.056 3.448769695217962e-09
39150.056 6.074675350380104e-09
39200.056 4.266747186619872e-09
39250.056 5.887701226417193e-09
39300.056 3.730101152623061e-09
39350.056 9.588707182249983e-09
39400.056 4.4820634753079254e-09
39450.056 7.376105365329355e-09
39500.056 8.916355180699697e-09
39550.056 2.964244356467504e-09
39600.056 6.407785831244644e-09
39650.056 1.2039954270699697e-08
39700.056 1.0122914051300497e-08
39750.056 2.9575255514946265e-09
39800.056 2.780315255907816e-09
39850.056 1.1947929452801204e-08
39900.056 1.4282485428100443e-08
39950.056 4.945217865570341e-09
40000.056 1.027597147610016e-08
40050.056 1.0972416155339502e-08
40100.056 2.1876358772550292e-09
40150.056 8.865127104900834e-09
40200.056 1.2195377238399053e-08
40250.056 1.3885503870897442e-08
40300.056 1.3116105553001687e-08
40350.056 5.124958601100109e-09
40400.056 8.893028185815131e-09
40450.056 3.76903069956217e-09
40500.056 1.3548925831699798e-08
40550.056 1.1954187264197419e-08
40600.056 1.3580912221099693e-08
40650.056 8.227994935649747e-09
40700.056 1.833720574409967e-08
40750.056 1.1948003098898839e-08
40800.056 5.338479420478927e-09
40850.056 2.1912178213802566e-08
40900.056 2.0826855150598427e-08
40950.056 1.1567166413196324e-08
41000.056 1.1537738994299458e-08
41050.056 2.4861505868000076e-08
41100.056 1.9133689774298636e-08
41150.056 4.341388304239559e-09
41200.056 2.208503684560291e-08
41250.056 1.8844345446896288e-08
41300.056 2.2396972103902616e-08
41350.056 3.014702018100009e-08
41400.056 2.21006477899989e-08
41450.056 2.7255412056599996e-08
41500.056 1.2988249944247425e-08
41550.056 1.2295753184602617e-08
41600.056 1.5206365553129192e-08
41650.056 2.6268534293202154e-08
41700.056 3.6696505828997556e-08
41750.056 2.6079021477100878e-08
41800.056 3.176603251499992e-08
41850.056 2.1034085509997954e-08
41900.056 1.562586970984584e-08
41950.056 1.7400523174099157e-08
42000.056 9.392321793494991e-09
42050.056 1.1885912171781833e-08
42100.056 1.8710941480499102e-08
42150.056 2.0516921824299032e-08
42200.056 2.196686217559854e-08
42250.056 1.5417427895402e-08
42300.056 1.195093369599898e-08
42350.056 2.6185844415900956e-08
42400.056 3.271191035100172e-08
42450.056 3.605129712800205e-08
42500.056 3.8288887245999034e-08
42550.056 3.286923769099918e-08
42600.056 2.449582461780491e-08
42650.056 3.906321147799636e-08
42700.056 1.5618774086397122e-08
42750.056 2.8408664143603784e-08
42800.056 4.4351379940000884e-08
42850.056 4.615452534999637e-08
42900.056 4.498940662300183e-08
42950.056 3.264985754640139e-08
43000.056 3.925802684499907e-08
43050.056 1.9864649191099084e-08
43100.056 3.224280820500022e-08
43150.056 3.087777577400046e-08
43200.056 4.1954317238001824e-08
43250.056 5.8263744091001053e-08
43300.056 4.816664671799835e-08
43350.056 2.7975945036998367e-08
43400.056 3.973079694000125e-08
43450.056 2.8453860820000175e-08
43500.056 2.5353445160001505e-08
43550.056 2.598130967600155e-08
43600.056 4.892633391200017e-08
43650.056 2.647695611959783e-08
43700.056 4.843945467000694e-08
43750.056 5.277694254099725e-08
43800.056 4.261554724499954e-08
43850.056 3.905706622900351e-08
43900.056 2.8744448905000014e-08
43950.056 2.1411419157599043e-08
44000.056 2.1254247057999885e-08
44050.056 4.86164155360037e-08
44100.056 6.678025539800101e-08
44150.056 5.8248546020997426e-08
44200.056 5.510076175200091e-08
44250.056 3.3112269770998044e-08
44300.056 2.0945423655300435e-08
44350.056 2.207696704350099e-08
44400.056 2.4507547246999252e-08
44450.056 4.2419369328003814e-08
44500.056 3.694791447200114e-08
44550.056 5.2205277525000314e-08
44600.056 3.908686281610067e-08
44650.056 4.363937433799754e-08
44700.056 2.9294700781996843e-08
44750.056 4.0001977202003156e-08
44800.056 2.638384977750042e-08
44850.056 3.840660766300171e-08
44900.056 3.688009967699883e-08
44950.056 4.4110858546002995e-08
45000.056 5.087771916299991e-08
45050.056 4.547949838099666e-08
45100.056 4.1276251824003e-08
45150.056 3.676698495799876e-08
45200.056 2.3480327422400363e-08
45250.056 2.8547674530997736e-08
45300.056 2.8149534360601637e-08
45350.056 1.933314093300257e-08
45400.056 5.705645184200201e-08
45450.056 4.728088369000431e-08
45500.056 5.6137908002002485e-08
45550.056 6.114726523899389e-08
45600.056 5.376962020400206e-08
45650.056 4.6973888622996324e-08
45700.056 2.4916435374397714e-08
45750.056 2.101451560450198e-08
45800.056 5.4953543403001336e-08
45850.056 4.384796899880221e-08
45900.056 6.026258045399883e-08
45950.056 5.744687818599706e-08
46000.056 5.67873833510026e-08
46050.056 4.668089159000376e-08
46100.056 6.254870527399672e-08
46150.056 3.750652952500003e-08
46200.056 2.782624997629643e-08
46250.056 9.501516000179785e-09
46300.056 3.526290375700275e-08
46350.056 4.0914143089002716e-08
46400.056 4.1781646075000866e-08
46450.056 3.268444767719738e-08
46500.056 4.004810322400255e-08
46550.056 2.200586191389797e-08
46600.056 2.2371578826897705e-08
46650.056 3.8369099383001815e-08
46700.056 2.7929205158996873e-08
46750.056 1.028779776026141e-08
46800.056 6.34875749935907e-09
46850.056 3.201065279000491e-08
46900.056 4.6172611257999226e-08
46950.056 4.675787770199872e-08
47000.056 4.8091705842001783e-08
47050.056 2.9269005846593295e-08
47100.056 2.3249827301000388e-08
47150.056 3.54821674180038e-08
47200.056 3.936400328399865e-08
47250.056 1.5336566347686575e-08
47300.056 1.0728838426043348e-08
47350.056 3.8865790299002615e-08
47400.056 4.4544771827999186e-08
47450.056 2.5809081467701493e-08
47500.056 4.916913854300216e-08
47550.056 4.344650784400069e-08
47600.056 3.215859344989659e-08
47650.056 3.839805241699838e-08
47700.056 3.009732736910344e-08
47750.056 2.2392851602000003e-08
47800.056 1.4585633018100126e-08
47850.056 4.934755691270927e-09
47900.056 9.382902874140168e-09
47950.056 3.081956726800264e-08
48000.056 3.982929055799715e-08
48050.056 2.9750181461999715e-08
48100.056 1.385214144476007e-08
48150.056 2.7199777217001537e-08
48200.056 1.670593319635791e-08
48250.056 2.743900116600063e-08
48300.056 3.6360134899999736e-08
48350.056 2.080992319199719e-08
48400.056 3.385683900447976e-09
48450.056 7.313915941102853e-09
48500.056 1.622893125869745e-08
48550.056 2.0389881987594165e-08
48600.056 3.794482498100092e-08
48650.056 4.477527858099919e-08
48700.056 3.235113732400208e-08
48750.056 2.4989487701000443e-08
48800.056 3.50347445560007e-08
48850.056 1.5653277436427767e-08
48900.056 1.5354356240978317e-08
48950.056 7.64771212149957e-09
49000.056 4.746908315179293e-09
49050.056 1.6693986325598293e-08
49100.056 2.461928992991388e-08
49150.056 2.0535812213599487e-08
49200.056 3.587360672500254e-08
49250.056 3.853454928699988e-08
49300.056 3.010559333799764e-08
49350.056 1.114429596819177e-08
49400.056 1.4690761640707183e-08
49450.056 1.1220920244242345e-08
49500.056 8.897493500258248e-09
49550.056 1.211499052450993e-09
49600.056 3.967371790050809e-09
49650.056 1.583981360500167e-08
49700.056 2.2257732384999246e-08
49750.056 1.6179889582598874e-08
49800.056 8.389782360060082e-09
49850.056 2.4105381710002384e-08
49900.056 2.760671745499968e-08
49950.056 2.479622266999892e-08
50000.056 1.3584223402737767e-08
50050.056 1.5405106095982123e-08
50100.056 1.3800574726599184e-08
50150.056 4.484410623009063e-09
50200.056 5.199843471092516e-10
50250.056 4.058375459999994e-09
50300.056 2.925610172653689e-09
50350.056 1.507769523820162e-08
50400.056 2.093116587499952e-08
50450.056 1.6605776506700173e-08
50500.056 2.512271538040118e-08
50550.056 2.676965954900012e-08
50600.056 1.6459505282696086e-08
50650.056 2.589645206800233e-08
50700.056 2.4011481164999097e-08
50750.056 1.2819740831399225e-08
50800.056 3.0082310772442212e-09
50850.056 1.1469466705015962e-09
50900.056 1.1219203390401383e-08
50950.056 1.3866366455998754e-08
51000.056 8.919342793961784e-09
51050.056 1.6533280694798038e-08
51100.056 6.1083635933101595e-09
51150.056 4.403005219417152e-09
51200.056 1.9322711463000757e-08
51250.056 1.6309264919298303e-08
51300.056 9.482490362000399e-09
51350.056 6.864970444710588e-09
51400.056 1.413835435911332e-09
51450.056 1.2509897991106104e-09
51500.056 1.2051042998004803e-09
51550.056 6.497407970701182e-09
51600.056 8.670736065400764e-09
51650.056 1.2975561515599858e-08
51700.056 1.0154134282068029e-08
51750.056 7.436606888881548e-09
51800.056 1.567191203999989e-08
51850.056 1.1757455483099337e-08
51900.056 1.0471790506600106e-08
51950.056 4.530461053599049e-09
52000.056 3.205014342198909e-10
52050.056 2.1795681090201924e-09
52100.056 9.983686287397304e-10
52150.056 5.171233329251988e-10
52200.056 2.885402247400006e-09
52250.056 5.932276211310844e-09
52300.056 6.375106558699427e-09
52350.056 1.1201095821888532e-09
52400.056 1.3737575707830437e-09
52450.056 7.933535584801014e-09
52500.056 5.5955251855755196e-09
52550.056 9.249089922699204e-09
52600.056 8.01172016390097e-09
52650.056 9.922477531099825e-09
52700.056 5.1622901125496195e-09
52750.056 1.32539436042947e-09
52800.056 2.995299428550598e-09
52850.056 3.791680154719161e-09
52900.056 8.901013597285793e-10
52950.056 1.8755021773604094e-09
53000.056 5.483616904200223e-09
53050.056 1.6619388103938335e-09
53100.056 8.595955670200988e-09
53150.056 9.397923287599709e-09
53200.056 3.6525353639398053e-09
53250.056 7.624345882399852e-09
53300.056 7.487506783510974e-09
53350.056 6.560125962699831e-09
53400.056 3.605744312899546e-09
53450.056 7.813334617647509e-10
53500.056 1.437909978009695e-10
