galfind/configs/Brown_Dwarf_templates/sonora_bobcat/m0.0/1000g/co1.5/sp_t1100g1000nc_m+0.0_co1.5_resample.dat
# %ECSV 1.0
# ---
# datatype:
# - {name: wav, unit: Angstrom, datatype: float64}
# - {name: flux_nu, unit: erg / (cm2 Hz s), datatype: float64}
# meta: {C/O: '1.50', Kzz: '1.0000E+05', Teff: '1100.', Y: '0.28', '[Fe/H]': '0.00', f_hole: '1.00', f_rain: '0.00', grav: '1000.'}
# schema: astropy-2.0
wav flux_nu
4000.0559999999996 nan
4050.0559999999996 1.1019082455334657e-12
4100.056 4.6804492753397825e-11
4150.056 1.3029098019600522e-10
4200.056 1.1616244670705379e-10
4250.056 2.0329196614400758e-10
4300.056 2.648555528300151e-10
4350.056 2.776724495120052e-10
4400.056 3.3206689700200367e-10
4450.056 3.7308682197000626e-10
4500.056 3.564700403200147e-10
4550.056 4.0580752744598533e-10
4600.056 3.7585383002999657e-10
4650.056 3.1966245138999225e-10
4700.056 2.8283041328999887e-10
4750.056 1.5011530095099833e-10
4800.056 4.8991941175999606e-11
4850.056 1.471037279029982e-11
4900.056 6.2994759492999594e-12
4950.056 2.965951717999974e-12
5000.056 1.0837404154099883e-12
5050.056 4.1934940041999796e-13
5100.056 3.2693541280999926e-13
5150.056 2.7545240906999843e-13
5200.056 2.3004847487000006e-13
5250.056 1.860956622699995e-13
5300.056 1.5019236836999966e-13
5350.056 1.2379873285999976e-13
5400.056 1.0471328964299974e-13
5450.056 8.988577484999971e-14
5500.056 7.833525856199989e-14
5550.056 6.953844160999993e-14
5600.056 6.269245952599983e-14
5650.056 5.692888149399998e-14
5700.056 5.1951195797999974e-14
5750.056 4.5933601567999897e-14
5800.056 3.8541240133999905e-14
5850.056 2.6815458478999746e-14
5900.056 9.35025236643931e-15
5950.056 5.2376957922000663e-14
6000.056 1.113221478310008e-13
6050.056 2.1024741233000197e-13
6100.056 3.827411898600028e-13
6150.056 6.959353067800057e-13
6200.056 1.2684919027200096e-12
6250.056 2.2976634517000194e-12
6300.056 4.084409047900035e-12
6350.056 7.094917327900058e-12
6400.056 1.196536291240009e-11
6450.056 1.9555160926000115e-11
6500.056 3.0804343974000195e-11
6550.056 4.7163951468000335e-11
6600.056 7.050810514500048e-11
6650.056 1.0278381121600056e-10
6700.056 1.2065138377820087e-10
6750.056 1.98029720680001e-10
6800.056 2.5683067304000075e-10
6850.056 2.940654558800003e-10
6900.056 2.901118942800001e-10
6950.056 2.689025598699998e-10
7000.056 2.700706152100008e-10
7050.056 2.9595859089999976e-10
7100.056 3.263481825300003e-10
7150.056 3.463377784799983e-10
7200.056 3.481710290100036e-10
7250.056 3.310177905999945e-10
7300.056 2.9754575562999997e-10
7350.056 2.5846454612999865e-10
7400.056 2.181331534200001e-10
7450.056 1.7511400841999945e-10
7500.056 1.3175795211999922e-10
7550.056 9.018871681799925e-11
7600.056 5.629206129499932e-11
7650.056 1.0824323397479392e-11
7700.056 6.326002714018337e-12
7750.056 4.1922826000001046e-11
7800.056 9.636853479052216e-11
7850.056 2.3533947227000286e-10
7900.056 4.07830486650004e-10
7950.056 5.09495048934287e-10
8000.056 9.712853300600082e-10
8050.056 1.366282792400012e-09
8100.056 1.823451106100004e-09
8150.056 2.3558421975000057e-09
8200.056 3.0359465921000544e-09
8250.056 3.77308684690004e-09
8300.056 4.654505819300201e-09
8350.056 5.6122753540999705e-09
8400.056 6.735122393499921e-09
8450.056 8.100711947999974e-09
8500.056 8.617288158868667e-09
8550.056 1.086705244760032e-08
8600.056 1.3205557593000094e-08
8650.056 1.5071272428000078e-08
8700.056 1.7425177218999894e-08
8750.056 1.997295565700014e-08
8800.056 2.268365354400018e-08
8850.056 2.5086363772000033e-08
8900.056 2.558055217099981e-08
8950.056 2.425577396091969e-08
9000.056 3.0994741116999146e-08
9050.056 3.87952196540007e-08
9100.056 4.365103503730063e-08
9150.056 4.792402045200145e-08
9200.056 5.4169294227996713e-08
9250.056 5.704228226069479e-08
9300.056 3.958800371217753e-08
9350.056 4.915249194406105e-08
9400.056 6.516123258202747e-08
9450.056 6.947141141788517e-08
9500.056 7.116927881662733e-08
9550.056 7.836206801591291e-08
9600.056 8.197951626861895e-08
9650.056 9.137600602898996e-08
9700.056 1.0657599022360181e-07
9750.056 1.1536128657553455e-07
9800.056 1.276559004800917e-07
9850.056 1.4175427628299843e-07
9900.056 1.3974261376299794e-07
9950.056 1.4125521468699845e-07
10000.056 1.2241843237599918e-07
10050.056 1.5361948602000015e-07
10100.056 1.7568054859000056e-07
10150.056 1.8896599479999573e-07
10200.056 2.0857459653000076e-07
10250.056 2.271494976400015e-07
10300.056 2.452666287800003e-07
10350.056 2.726708743800048e-07
10400.056 2.9550679122999743e-07
10450.056 3.1284074630999997e-07
10500.056 3.215608326600009e-07
10550.056 3.317352894300009e-07
10600.056 3.5018433430999635e-07
10650.056 3.7285190026000784e-07
10700.056 3.96256615080006e-07
10750.056 4.17505964370006e-07
10800.056 4.363984154400034e-07
10850.056 4.5623561600999763e-07
10900.056 4.328212306799983e-07
10950.056 3.52980106386997e-07
11000.056 3.022707963009726e-07
11050.056 2.494596139968422e-07
11100.056 2.0332850479950003e-07
11150.056 1.6539962983687545e-07
11200.056 1.8053932331990598e-07
11250.056 2.1948461442933108e-07
11300.056 2.1932940834414535e-07
11350.056 1.270823913622785e-07
11400.056 1.783371369129467e-07
11450.056 1.7722158638004905e-07
11500.056 1.880347177426467e-07
11550.056 1.323190874348414e-07
11600.056 1.3741245452769006e-07
11650.056 1.6605382723718116e-07
11700.056 1.3258487035488576e-07
11750.056 9.410725696291191e-08
11800.056 1.5736613442001576e-07
11850.056 2.501072821345989e-07
11900.056 3.0551631056058007e-07
11950.056 3.7076008813000915e-07
12000.056 4.152673932069975e-07
12050.056 4.896108029150394e-07
12100.056 5.503337947499849e-07
12150.056 6.354465810099898e-07
12200.056 6.909471542299772e-07
12250.056 7.650195976299874e-07
12300.056 8.336947268800135e-07
12350.056 8.365974134900013e-07
12400.056 8.069693595499851e-07
12450.056 7.31344025730012e-07
12500.056 7.467344895799871e-07
12550.056 7.977092391600355e-07
12600.056 1.055025974140014e-06
12650.056 1.0876926978600034e-06
12700.056 1.1355895661400385e-06
12750.056 1.1048891735400074e-06
12800.056 1.109325610370008e-06
12850.056 1.0140525338499978e-06
12900.056 9.463065862000175e-07
12950.056 9.255607898339867e-07
13000.056 9.107455055399771e-07
13050.056 8.567780520849684e-07
13100.056 8.188554523623603e-07
13150.056 7.198266766548301e-07
13200.056 6.482487234979755e-07
13250.056 5.05888929096989e-07
13300.056 3.0140051856788616e-07
13350.056 1.1039123809960251e-07
13400.056 6.73741492312987e-08
13450.056 4.650450271905571e-08
13500.056 3.317283271681312e-08
13550.056 2.5549123031861904e-08
13600.056 1.8631949731078317e-08
13650.056 3.6080718512908255e-08
13700.056 2.9512525613689815e-08
13750.056 3.427782689095988e-08
13800.056 4.087245779763454e-08
13850.056 3.294601741524449e-08
13900.056 3.319078039185715e-08
13950.056 3.0843249598161535e-08
14000.056 2.9279129313435988e-08
14050.056 3.4775389982162185e-08
14100.056 2.9375174852476794e-08
14150.056 3.962061652692145e-08
14200.056 3.275218679493491e-08
14250.056 3.299478269387614e-08
14300.056 4.8310301745703025e-08
14350.056 4.995494127725551e-08
14400.056 5.3240382859033566e-08
14450.056 5.996760128400163e-08
14500.056 9.020277303574124e-08
14550.056 9.573139638395558e-08
14600.056 1.2518439945896635e-07
14650.056 1.24205013551098e-07
14700.056 1.069419418803565e-07
14750.056 1.2928056197798395e-07
14800.056 1.5400490376014441e-07
14850.056 1.6869140232165823e-07
14900.056 1.6877508923497624e-07
14950.056 1.9031422832191598e-07
15000.056 2.0903944916147408e-07
15050.056 2.4841335448039254e-07
15100.056 2.637186591682025e-07
15150.056 2.936730529628322e-07
15200.056 3.0277739757816055e-07
15250.056 3.5700787310000066e-07
15300.056 3.868583021359763e-07
15350.056 4.3727460213098e-07
15400.056 4.778617103690204e-07
15450.056 5.149461651200251e-07
15500.056 5.35529761889999e-07
15550.056 5.85609026219974e-07
15600.056 5.888732029700104e-07
15650.056 6.115874249400214e-07
15700.056 6.632730049100394e-07
15750.056 6.79377898739991e-07
15800.056 6.58565840120018e-07
15850.056 6.741588425300017e-07
15900.056 6.382458307800067e-07
15950.056 5.96329881559973e-07
16000.056 5.126301998400037e-07
16050.056 4.047282377389847e-07
16100.056 3.239298786989786e-07
16150.056 2.4890623407099493e-07
16200.056 1.8887005161847624e-07
16250.056 1.7333205384236025e-07
16300.056 1.536776984307841e-07
16350.056 1.6923624132929025e-07
16400.056 1.9291998521101153e-07
16450.056 2.0798431075828923e-07
16500.056 2.2704097399255764e-07
16550.056 2.2084817347103654e-07
16600.056 2.20517045226518e-07
16650.056 1.6897807102507078e-07
16700.056 8.729054458340283e-08
16750.056 1.1173201924607686e-07
16800.056 1.600212754503201e-07
16850.056 1.6884670154152614e-07
16900.056 1.529483097503551e-07
16950.056 1.3352010784106797e-07
17000.056 1.1316324445901835e-07
17050.056 1.5406921454762875e-07
17100.056 1.7928006224220194e-07
17150.056 1.5565983652859953e-07
17200.056 1.9934892670396298e-07
17250.056 1.8125793259732587e-07
17300.056 1.560244918989057e-07
17350.056 1.4222450897558294e-07
17400.056 1.4933992023380024e-07
17450.056 1.5618686179986708e-07
17500.056 1.7185239344573152e-07
17550.056 1.5892969313117878e-07
17600.056 1.4614084267047064e-07
17650.056 1.4510056444699477e-07
17700.056 1.1818421902567421e-07
17750.056 1.0902082394086452e-07
17800.056 1.3273987592250044e-07
17850.056 9.948780286146125e-08
17900.056 1.0214574378044471e-07
17950.056 8.670725234483554e-08
18000.056 9.378126324714035e-08
18050.056 8.9618261016734e-08
18100.056 9.445699187335807e-08
18150.056 1.1441375016970602e-07
18200.056 7.80444792009701e-08
18250.056 1.3707347747634008e-07
18300.056 9.956286567367111e-08
18350.056 9.017046255949597e-08
18400.056 8.581468892619013e-08
18450.056 9.470408154232432e-08
18500.056 1.0164003568287186e-07
18550.056 8.30513878586192e-08
18600.056 7.129769594231056e-08
18650.056 7.207225304661602e-08
18700.056 7.360011745782242e-08
18750.056 8.970368386628345e-08
18800.056 1.3380402701715302e-07
18850.056 1.517885439422061e-07
18900.056 1.4202517312365172e-07
18950.056 2.0109990868259201e-07
19000.056 1.6088767698098564e-07
19050.056 1.3347582677625993e-07
19100.056 1.923615842461773e-07
19150.056 1.543625715898133e-07
19200.056 1.8248440251304022e-07
19250.056 1.4650025332599697e-07
19300.056 1.4200065851717574e-07
19350.056 1.2849231621376781e-07
19400.056 9.09760097243837e-08
19450.056 1.4529288825799538e-07
19500.056 1.470550983432702e-07
19550.056 1.1242762986808309e-07
19600.056 1.3951461113422275e-07
19650.056 1.6178338800268514e-07
19700.056 1.6088709576284772e-07
19750.056 1.633948586167398e-07
19800.056 1.7713951939668145e-07
19850.056 2.1462955664975565e-07
19900.056 1.7032846838824154e-07
19950.056 2.415466193890007e-07
20000.056 2.1630866315592193e-07
20050.056 2.50158683088249e-07
20100.056 2.6019031603420355e-07
20150.056 2.7502114101455287e-07
20200.056 2.96221485159267e-07
20250.056 3.2634054777596743e-07
20300.056 3.206471098111266e-07
20350.056 3.631325485459555e-07
20400.056 3.5725431013972017e-07
20450.056 3.8947446933594297e-07
20500.056 4.1091193620294496e-07
20550.056 4.0930458691301126e-07
20600.056 4.4777499882203565e-07
20650.056 4.428606905420229e-07
20700.056 4.51798066315031e-07
20750.056 4.5693405539098315e-07
20800.056 4.685452376399776e-07
20850.056 4.5631392343998854e-07
20900.056 4.702111135299437e-07
20950.056 4.569793694600062e-07
21000.056 4.4784117915002315e-07
21050.056 4.407419675599909e-07
21100.056 4.2541463330001247e-07
21150.056 4.2704083394594167e-07
21200.056 4.050107894590108e-07
21250.056 3.893015771419462e-07
21300.056 3.5559000497597644e-07
21350.056 3.506401746149951e-07
21400.056 3.362886398170605e-07
21450.056 3.166262289507986e-07
21500.056 2.978301958330376e-07
21550.056 2.796908402570149e-07
21600.056 2.5637459129182497e-07
21650.056 2.360098811800102e-07
21700.056 2.3286569182500787e-07
21750.056 2.0681026563211532e-07
21800.056 1.8200946129698074e-07
21850.056 1.636943688277956e-07
21900.056 1.3065388952168208e-07
21950.056 9.267297099802375e-08
22000.056 4.723526861708099e-08
22050.056 3.722828414841402e-08
22100.056 5.358556749182462e-08
22150.056 6.590337447907864e-08
22200.056 7.287028012120197e-08
22250.056 6.784742088332405e-08
22300.056 5.616471951730482e-08
22350.056 5.466842529885502e-08
22400.056 4.3662869473802206e-08
22450.056 3.896140053112384e-08
22500.056 3.944932215897849e-08
22550.056 3.337868679526795e-08
22600.056 3.4313300178222066e-08
22650.056 3.6624474140350484e-08
22700.056 3.3018373361844946e-08
22750.056 3.334802699720565e-08
22800.056 3.187590514273034e-08
22850.056 2.804093083384002e-08
22900.056 2.6172364602011076e-08
22950.056 2.4568559852692224e-08
23000.056 3.027719978219767e-08
23050.056 3.796681904315102e-08
23100.056 5.924165474627726e-08
23150.056 6.146352327373581e-08
23200.056 2.059770434879621e-08
23250.056 2.634780468066512e-08
23300.056 2.3180669032588525e-08
23350.056 2.298957124581931e-08
23400.056 2.4020580868425018e-08
23450.056 2.336617334440901e-08
23500.056 2.5408998045662536e-08
23550.056 3.106911820890514e-08
23600.056 3.613019172171483e-08
23650.056 4.396650311172381e-08
23700.056 2.7645561356252506e-08
23750.056 2.4276039628707443e-08
23800.056 2.635638610449013e-08
23850.056 2.966465466747207e-08
23900.056 4.268066870666043e-08
23950.056 4.448545357853683e-08
24000.056 5.055779651390884e-08
24050.056 5.7060065524861855e-08
24100.056 5.3758197014582225e-08
24150.056 6.097802477385813e-08
24200.056 6.17365498599763e-08
24250.056 5.3862439014200706e-08
24300.056 6.36222460291769e-08
24350.056 5.5679227590343684e-08
24400.056 6.999598242571254e-08
24450.056 6.725794967977051e-08
24500.056 6.871408076812883e-08
24550.056 7.870717411392514e-08
24600.056 7.935311560909912e-08
24650.056 9.612055785620825e-08
24700.056 7.420380800106558e-08
24750.056 8.069757543820628e-08
24800.056 8.246061427596332e-08
24850.056 1.0698193549074938e-07
24900.056 6.925375926080677e-08
24950.056 1.0804627111418203e-07
25000.056 9.693532304462386e-08
25050.056 7.252235498832702e-08
25100.056 9.734665825326412e-08
25150.056 7.259881928394009e-08
25200.056 8.977415990775947e-08
25250.056 6.604144376550406e-08
25300.056 8.843559064778702e-08
25350.056 5.9500736889576044e-08
25400.056 9.405964284038899e-08
25450.056 6.014477159042841e-08
25500.056 6.296878796309536e-08
25550.056 6.65070205557487e-08
25600.056 6.296374512060902e-08
25650.056 4.698689181512807e-08
25700.056 8.013472780199548e-08
25750.056 4.201481089263378e-08
25800.056 8.306545890383597e-08
25850.056 4.753759126144973e-08
25900.056 6.389264279869321e-08
25950.056 4.073467118506881e-08
26000.056 8.789553744408966e-08
26050.056 5.981285540717149e-08
26100.056 8.840316104493488e-08
26150.056 7.194467896635178e-08
26200.056 7.736348875171142e-08
26250.056 1.1103525259285749e-07
26300.056 8.164895289828507e-08
26350.056 1.2911562950390218e-07
26400.056 1.2487709081700727e-07
26450.056 1.2639261813689495e-07
26500.056 1.397979648300867e-07
26550.056 9.110013261241548e-08
26600.056 1.27092028582834e-07
26650.056 6.745531994907786e-08
26700.056 6.440639228164798e-08
26750.056 4.573730653480823e-08
26800.056 6.774068319448517e-08
26850.056 4.196189386706688e-08
26900.056 8.307411912762666e-08
26950.056 4.6614016261782356e-08
27000.056 9.806390747610129e-08
27050.056 7.838854394427819e-08
27100.056 6.577176284241795e-08
27150.056 1.0309703011888276e-07
27200.056 7.135648671913957e-08
27250.056 8.19910352886879e-08
27300.056 1.5634349247226875e-07
27350.056 1.2007434467276756e-07
27400.056 5.022115207224976e-08
27450.056 1.499436875241593e-07
27500.056 1.4482642421293032e-07
27550.056 7.710705282328482e-08
27600.056 1.3183692702367988e-07
27650.056 7.092687785725781e-08
27700.056 5.960193453710268e-08
27750.056 1.3553142458694928e-07
27800.056 6.987809769136492e-08
27850.056 8.223588640394699e-08
27900.056 9.099856004091857e-08
27950.056 1.419752701572078e-07
28000.056 1.1206911002300209e-07
28050.056 5.3299509410488875e-08
28100.056 1.5068171705335456e-07
28150.056 9.518305713256911e-08
28200.056 5.8123553860143473e-08
28250.056 1.4166219584178093e-07
28300.056 1.709015432300117e-07
28350.056 7.155025477240303e-08
28400.056 1.1356049334144297e-07
28450.056 1.4890834279846497e-07
28500.056 1.1692250999917511e-07
28550.056 5.5215187060279906e-08
28600.056 1.599413445161257e-07
28650.056 1.366193098916567e-07
28700.056 1.1867888040993524e-07
28750.056 1.6365429740822944e-07
28800.056 1.4193689035223564e-07
