galfind/configs/Brown_Dwarf_templates/sonora_bobcat/m0.0/1000g/co1.5/sp_t450g1000nc_m+0.0_co1.5_resample.dat
# %ECSV 1.0
# ---
# datatype:
# - {name: wav, unit: Angstrom, datatype: float64}
# - {name: flux_nu, unit: erg / (cm2 Hz s), datatype: float64}
# meta: {C/O: '1.50', Kzz: '1.0000E+05', Teff: '450.', Y: '0.28', '[Fe/H]': '0.00', f_hole: '1.00', f_rain: '0.00', grav: '1000.'}
# schema: astropy-2.0
wav flux_nu
[from data line 498]
28900.056 1.635954665428665e-10
28950.056 2.378435946239922e-10
29000.056 1.7459558174188467e-10
29050.056 2.8863233888880237e-10
29100.056 1.2275206411291834e-10
29150.056 2.2371499355358106e-10
29200.056 4.161816653587933e-10
29250.056 4.2849275101825797e-10
29300.056 2.545358839339931e-10
29350.056 7.262179076284502e-10
29400.056 2.6279872957669693e-10
29450.056 1.6553454392979104e-10
29500.056 7.032769501888166e-10
29550.056 2.4027534846585995e-10
29600.056 3.2184942761122127e-10
29650.056 1.0742157910462572e-09
29700.056 1.9748651026315678e-10
29750.056 6.755325390565544e-10
29800.056 4.6501443534749634e-10
29850.056 9.730433811900364e-10
29900.056 4.5048706304519914e-10
29950.056 4.658636425001611e-10
30000.056 9.525824984028327e-12
30050.056 6.467483156637673e-11
30100.056 2.483049098260276e-10
30150.056 8.757707960122437e-10
30200.056 5.881673991217525e-10
30250.056 1.1243520611494876e-09
30300.056 1.2803603525585317e-09
30350.056 3.198570246208781e-10
30400.056 1.4541019802528994e-09
30450.056 9.856484895090175e-10
30500.056 6.494094981258781e-10
30550.056 4.906925784321549e-10
30600.056 3.452479220411018e-09
30650.056 1.4330229803741333e-09
30700.056 8.728407611919097e-10
30750.056 1.5782763633286333e-09
30800.056 1.4324856308856681e-09
30850.056 1.5149728970873816e-09
30900.056 8.578979249311234e-10
30950.056 6.613237759668243e-10
31000.056 8.346898590894522e-10
31050.056 6.568141314181777e-10
31100.056 3.424048945137253e-10
31150.056 6.436122820375081e-10
31200.056 1.8387392747399526e-09
31250.056 7.013104148592377e-10
31300.056 4.840600848583453e-10
31350.056 1.1050767729246862e-09
31400.056 6.566934812547423e-10
31450.056 7.629183598526294e-10
31500.056 2.443595965849516e-10
31550.056 4.70788891332764e-10
31600.056 3.207764069090738e-10
31650.056 2.4651583651812256e-10
31700.056 2.3365981647387703e-10
31750.056 9.329445168317894e-11
31800.056 2.0699373117912973e-10
31850.056 3.927010816670779e-11
31900.056 1.0165067094596731e-10
31950.056 4.825992794523962e-11
32000.056 4.7289487309703743e-11
32050.056 5.2849938834573475e-11
32100.056 4.035568049031978e-11
32150.056 4.4856905828345293e-11
32200.056 2.114309280213727e-11
32250.056 5.258273767317909e-11
32300.056 1.4497720411078027e-11
32350.056 5.333042873257691e-11
32400.056 7.603526202570958e-12
32450.056 3.9860236216702456e-11
32500.056 8.86051272921419e-12
32550.056 3.527080272716809e-11
32600.056 9.68234533246532e-12
32650.056 7.506781655798587e-11
32700.056 1.5876891253869145e-11
32750.056 1.711071085986789e-10
32800.056 9.950724540501881e-11
32850.056 3.3977317930828283e-10
32900.056 3.044978135853512e-10
32950.056 3.2378430240527963e-10
33000.056 1.0155578346783717e-10
33050.056 1.0160024521878113e-10
33100.056 1.9854758554583253e-11
33150.056 1.2423165124469398e-14
33200.056 7.996623307361471e-13
33250.056 1.484372067290264e-12
33300.056 1.4322188253837341e-11
33350.056 4.1359875342009055e-11
33400.056 1.5545685380091748e-10
33450.056 6.450888078232229e-11
33500.056 2.7311107644911883e-10
33550.056 4.9030056281607e-11
33600.056 1.2857237531733875e-10
33650.056 1.2691222622597309e-10
33700.056 3.363242665491213e-11
33750.056 1.667082309442397e-10
33800.056 1.3762192148522145e-11
33850.056 7.742337157196573e-11
33900.056 8.196585078907037e-11
33950.056 6.959119621885363e-11
34000.056 1.5962763813851467e-10
34050.056 2.4664858879381294e-11
34100.056 1.6085961410572984e-10
34150.056 5.069930409877932e-11
34200.056 1.6827190104119986e-10
34250.056 9.346455882419405e-11
34300.056 9.735135238494929e-11
34350.056 3.0882455363157965e-10
34400.056 6.229142762794148e-11
34450.056 2.698462790549856e-10
34500.056 1.212208815334153e-10
34550.056 1.217157280194328e-10
34600.056 5.828949352864624e-10
34650.056 5.750309641412275e-11
34700.056 3.763734984174272e-10
34750.056 2.0285975611496097e-10
34800.056 1.4692555303360898e-10
34850.056 6.396991297553051e-10
34900.056 9.503378260418446e-11
34950.056 6.131566927103047e-10
35000.056 9.004299044560857e-10
35050.056 4.746931673972818e-10
35100.056 1.217783741426448e-09
35150.056 1.0216909009607495e-09
35200.056 7.359258551109856e-10
35250.056 1.4724646829873552e-09
35300.056 3.989977905831454e-10
35350.056 6.0113638141401e-10
35400.056 4.3526192330154136e-10
35450.056 3.8821452974634554e-10
35500.056 1.4742417061605633e-09
35550.056 8.0141637771937e-10
35600.056 1.1848676405493698e-09
35650.056 1.3916522464247117e-09
35700.056 1.3540525017577363e-09
35750.056 2.0416522155808933e-09
35800.056 1.1861634457995223e-09
35850.056 5.627625982705234e-10
35900.056 8.268206045317562e-10
35950.056 1.3853402118619823e-09
36000.056 1.4409127297961857e-09
36050.056 1.019927340435655e-09
36100.056 9.277436710780487e-10
36150.056 2.694152896807639e-09
36200.056 2.7802198352776435e-09
36250.056 1.6323238603759077e-09
36300.056 4.382048324144218e-09
36350.056 2.4556074207827255e-09
36400.056 4.020254096023249e-09
36450.056 3.0869372430597996e-09
36500.056 3.3600389139279617e-09
36550.056 6.300803437344928e-09
36600.056 6.955532754698497e-09
36650.056 4.177472624576472e-09
36700.056 4.4474466159196634e-09
36750.056 6.6523038521024225e-09
36800.056 7.85874846089836e-09
36850.056 3.932899316407787e-09
36900.056 5.474484306842079e-09
36950.056 8.281862991848433e-09
37000.056 5.177327030620839e-09
37050.056 8.838966604904127e-09
37100.056 3.884111605651363e-09
37150.056 5.741128486379336e-09
37200.056 1.0976771171799e-08
37250.056 5.52945887327275e-09
37300.056 3.760767187541926e-09
37350.056 7.117089560141283e-09
37400.056 1.1941582853075175e-08
37450.056 4.1903530815638985e-09
37500.056 5.905255221598024e-09
37550.056 1.439101268105384e-08
37600.056 2.135426675440144e-08
37650.056 5.471911293000125e-09
37700.056 1.1008717660231509e-08
37750.056 7.686652246534628e-09
37800.056 8.240406900272986e-09
37850.056 4.322591742559875e-09
37900.056 5.177279757441084e-09
37950.056 9.852087642540102e-09
38000.056 9.047809812434156e-09
38050.056 1.3645419979702936e-08
38100.056 1.8622461390214904e-08
38150.056 2.02088313103383e-08
38200.056 1.4370052366478386e-08
38250.056 1.826372549394345e-08
38300.056 3.076799414463307e-08
38350.056 2.4765247771787255e-08
38400.056 9.884679818840669e-09
38450.056 4.447465342223236e-09
38500.056 3.3047715823627243e-09
38550.056 1.2095687244601914e-08
38600.056 1.3686921910296814e-08
38650.056 1.5084985334058695e-08
38700.056 1.3588262872156321e-08
38750.056 1.4724565943419359e-08
38800.056 1.3262467832420246e-08
38850.056 1.6612006477301943e-08
38900.056 1.99442230871131e-08
38950.056 1.1430828698411405e-08
39000.056 1.9462264762175655e-08
39050.056 1.0911790558446736e-08
39100.056 1.7157265004344347e-08
39150.056 2.4351288910099947e-08
39200.056 1.7299834260298753e-08
39250.056 2.4442832189970665e-08
39300.056 1.7887718588469728e-08
39350.056 3.275097998469985e-08
39400.056 1.941874613177282e-08
39450.056 2.719242263158633e-08
39500.056 3.1108939508800576e-08
39550.056 1.4430120398936859e-08
39600.056 2.5374701102762108e-08
39650.056 3.90211507869984e-08
39700.056 3.319755772630292e-08
39750.056 1.4136542276425597e-08
39800.056 1.577998223385026e-08
39850.056 4.149370136700274e-08
39900.056 4.4627058573001925e-08
39950.056 2.1309284438800135e-08
40000.056 3.743404654239989e-08
40050.056 3.8369248828599244e-08
40100.056 1.1969867519567136e-08
40150.056 3.386752541730235e-08
40200.056 4.0265004773995405e-08
40250.056 4.442822212099158e-08
40300.056 4.313978521500582e-08
40350.056 2.2859841663623838e-08
40400.056 3.743919365081505e-08
40450.056 1.8368889149739412e-08
40500.056 4.556505502059779e-08
40550.056 4.307278368158948e-08
40600.056 4.237350672899971e-08
40650.056 3.103872884457e-08
40700.056 6.242696526199756e-08
40750.056 4.138514418779583e-08
40800.056 2.2640184724394622e-08
40850.056 6.756609921300814e-08
40900.056 6.083197159999494e-08
40950.056 4.122136987986329e-08
41000.056 4.074069728579813e-08
41050.056 7.309016728499663e-08
41100.056 5.89811720069969e-08
41150.056 2.0604613359618456e-08
41200.056 6.696640418380722e-08
41250.056 5.7615495867939155e-08
41300.056 6.379103619100535e-08
41350.056 7.926209928699945e-08
41400.056 6.257566786599934e-08
41450.056 7.815856675099867e-08
41500.056 4.50157844756115e-08
41550.056 4.2624480990910115e-08
41600.056 5.0091498265610085e-08
41650.056 7.100378990600414e-08
41700.056 8.801480762799072e-08
41750.056 6.739470668899969e-08
41800.056 8.068244241100365e-08
41850.056 6.003674557589348e-08
41900.056 5.0338268121287346e-08
41950.056 5.7835316329199345e-08
42000.056 4.153513158867817e-08
42050.056 4.433362765920796e-08
42100.056 6.149635368999493e-08
42150.056 5.84458946131977e-08
42200.056 5.9197354528994096e-08
42250.056 4.766570308730532e-08
42300.056 4.031843321539752e-08
42350.056 6.991189382580291e-08
42400.056 8.087153425000453e-08
42450.056 7.875850478700711e-08
42500.056 8.21852000129966e-08
42550.056 7.101575101899681e-08
42600.056 6.49674514748164e-08
42650.056 9.925613805898938e-08
42700.056 4.7966435977387503e-08
42750.056 6.44189647940097e-08
42800.056 9.38048472580032e-08
42850.056 1.0088816244798706e-07
42900.056 1.0403149253800702e-07
42950.056 7.605578840100008e-08
43000.056 9.14355846479984e-08
43050.056 4.6807217649002544e-08
43100.056 7.851068106899651e-08
43150.056 6.775959080100195e-08
43200.056 9.01572505460052e-08
43250.056 1.2943262811000416e-07
43300.056 1.1088369755799798e-07
43350.056 6.023068734999332e-08
43400.056 8.915575363100464e-08
43450.056 6.433582022600232e-08
43500.056 6.534032895600563e-08
43550.056 6.373301256000416e-08
43600.056 1.0910567366900292e-07
43650.056 6.144738032599595e-08
43700.056 1.1548335232201614e-07
43750.056 1.1132997833599337e-07
43800.056 9.520952830699755e-08
43850.056 8.766634395000994e-08
43900.056 6.948407262599753e-08
43950.056 5.012224883299744e-08
44000.056 4.7286647611999365e-08
44050.056 1.0724176168900656e-07
44100.056 1.4822784610900345e-07
44150.056 1.3238175733699353e-07
44200.056 1.2069050862900288e-07
44250.056 7.070875606399578e-08
44300.056 4.8928055558003945e-08
44350.056 5.541418065880472e-08
44400.056 5.67347478289971e-08
44450.056 9.694473584000762e-08
44500.056 8.375979799000758e-08
44550.056 1.2168282599099826e-07
44600.056 9.662608073200241e-08
44650.056 9.864102883099403e-08
44700.056 6.430732053499258e-08
44750.056 8.943419257501124e-08
44800.056 6.322179000160362e-08
44850.056 9.244734954200409e-08
44900.056 8.240835593999705e-08
44950.056 9.47634433360076e-08
45000.056 1.0936945764900131e-07
45050.056 1.0154388266499218e-07
45100.056 9.334732057300674e-08
45150.056 8.393886553999638e-08
45200.056 5.779493072900284e-08
45250.056 6.809351650199177e-08
45300.056 6.697156863000669e-08
45350.056 5.075650299560644e-08
45400.056 1.3091282807800765e-07
45450.056 1.1180933029701104e-07
45500.056 1.2872756024100677e-07
45550.056 1.4197534447998178e-07
45600.056 1.2503799186000783e-07
45650.056 1.0676372796499244e-07
45700.056 6.148475355059595e-08
45750.056 5.2524263283703815e-08
45800.056 1.3444498609000547e-07
45850.056 1.1115356881000323e-07
45900.056 1.370414180159961e-07
45950.056 1.1987585073899346e-07
46000.056 1.3082655422701042e-07
46050.056 1.0536707452700672e-07
46100.056 1.474009039919921e-07
46150.056 8.706519778600036e-08
46200.056 7.084957361449121e-08
46250.056 2.695227381325836e-08
46300.056 8.764704980400535e-08
46350.056 9.795930938500916e-08
46400.056 9.626999091100276e-08
46450.056 8.01013424826935e-08
46500.056 9.110346493901112e-08
46550.056 5.2240872514498304e-08
46600.056 6.299935425899177e-08
46650.056 9.980213780900514e-08
46700.056 7.061608748699013e-08
46750.056 3.113334786480505e-08
46800.056 2.079738579153767e-08
46850.056 9.142505806801236e-08
46900.056 1.1152647857499567e-07
46950.056 1.0756326821199463e-07
47000.056 1.0716464863200737e-07
47050.056 7.242415449318029e-08
47100.056 5.369240373600142e-08
47150.056 8.608630311201072e-08
47200.056 9.70320342609961e-08
47250.056 4.366707559409187e-08
47300.056 2.9985861633527923e-08
47350.056 1.0129927416900626e-07
47400.056 1.0438477928799625e-07
47450.056 6.940251847110764e-08
47500.056 1.1965044092399933e-07
47550.056 9.829162039600315e-08
47600.056 8.63918099984907e-08
47650.056 9.679612488979614e-08
47700.056 7.454616702661116e-08
47750.056 5.396964816500034e-08
47800.056 4.138970868400365e-08
47850.056 1.7357750612722808e-08
47900.056 2.9467310337559704e-08
47950.056 8.204735937900574e-08
48000.056 1.0728443020099467e-07
48050.056 8.36941429653972e-08
48100.056 3.6648490514681123e-08
48150.056 6.726965374700356e-08
48200.056 4.736588354867601e-08
48250.056 6.889102728900077e-08
48300.056 1.0003617312900016e-07
48350.056 6.16049450149925e-08
48400.056 1.2715174049153626e-08
48450.056 2.7279148043870496e-08
48500.056 5.2092919370989485e-08
48550.056 6.178320666126979e-08
48600.056 8.974601656600187e-08
48650.056 1.0859399510999739e-07
48700.056 7.558849597600713e-08
48750.056 5.09377246830046e-08
48800.056 8.736129309900464e-08
48850.056 4.439165690609339e-08
48900.056 5.322954820973483e-08
48950.056 2.9435677743598395e-08
49000.056 1.6460115131915922e-08
49050.056 5.321257033169416e-08
49100.056 7.066049413851072e-08
49150.056 5.490742677859891e-08
49200.056 8.910226562300793e-08
49250.056 9.357426248400115e-08
49300.056 7.560993605899568e-08
49350.056 3.034460972833523e-08
49400.056 4.257786846439126e-08
49450.056 3.6834482742208106e-08
49500.056 3.064699209505472e-08
49550.056 5.519507751659966e-09
49600.056 1.668356593837903e-08
49650.056 4.6843118054002806e-08
49700.056 5.76681818719932e-08
49750.056 5.165002879079686e-08
49800.056 2.9566774538139493e-08
49850.056 6.8853962125007e-08
49900.056 6.860056835499846e-08
49950.056 6.143053875599794e-08
50000.056 4.287022096485449e-08
50050.056 5.14039463268043e-08
50100.056 4.34607979089978e-08
50150.056 1.76987648712467e-08
50200.056 2.6834812163912984e-09
50250.056 1.8348935946499798e-08
50300.056 1.2493049859353459e-08
50350.056 4.894379297500566e-08
50400.056 5.709537090299719e-08
50450.056 4.027075111520047e-08
50500.056 6.546117770400316e-08
50550.056 6.406794531900105e-08
50600.056 4.272216211948735e-08
50650.056 6.666171939100918e-08
50700.056 6.869735415099847e-08
50750.056 3.9391264907999636e-08
50800.056 1.217292644655563e-08
50850.056 5.752725327670868e-09
50900.056 4.200058339800347e-08
50950.056 4.286471427099684e-08
51000.056 3.171878846648103e-08
51050.056 4.842163604879313e-08
51100.056 1.816672661841015e-08
51150.056 1.754861190223815e-08
51200.056 6.056845879500001e-08
51250.056 4.610888692599257e-08
51300.056 2.8516592821403575e-08
51350.056 2.6358068156421537e-08
51400.056 7.834569634845708e-09
51450.056 6.300739681933032e-09
51500.056 5.5540497365041874e-09
51550.056 2.4483139511604167e-08
51600.056 2.4751969699203194e-08
51650.056 3.415181523299866e-08
51700.056 3.215009409750772e-08
51750.056 2.198376302347888e-08
51800.056 4.311500397899738e-08
51850.056 3.3054220083498314e-08
51900.056 3.8300187740001734e-08
51950.056 2.02053869144967e-08
52000.056 1.639573414136313e-09
52050.056 1.0099694285601154e-08
52100.056 5.3184879290488635e-09
52150.056 2.9434570160899243e-09
52200.056 1.1356467798499479e-08
52250.056 2.094259688250357e-08
52300.056 2.6599476946998295e-08
52350.056 6.284914485703419e-09
52400.056 7.140464062347925e-09
52450.056 3.113201096400381e-08
52500.056 2.3382057431375856e-08
52550.056 2.9243861886997734e-08
52600.056 2.2380632007962158e-08
52650.056 2.6390553060600874e-08
52700.056 1.647519205989963e-08
52750.056 6.041524940537897e-09
52800.056 1.1547998682102192e-08
52850.056 1.450416808359659e-08
52900.056 4.978886803205723e-09
52950.056 9.218929375431558e-09
53000.056 1.9890712005001326e-08
53050.056 6.788348098582696e-09
53100.056 2.6802224589002392e-08
53150.056 2.938309129600013e-08
53200.056 1.1236174769009251e-08
53250.056 2.481322118800044e-08
53300.056 2.73295009454559e-08
53350.056 2.3478753083999803e-08
53400.056 1.447123872599846e-08
53450.056 3.862938954798717e-09
53500.056 6.516287608507735e-10
53550.056 1.721774756840985e-09
53600.056 9.337757035521929e-09
