galfind/configs/Brown_Dwarf_templates/sonora_bobcat/m0.0/1000g/co1.5/sp_t325g1000nc_m+0.0_co1.5_resample.dat
# %ECSV 1.0
# ---
# datatype:
# - {name: wav, unit: Angstrom, datatype: float64}
# - {name: flux_nu, unit: erg / (cm2 Hz s), datatype: float64}
# meta: {C/O: '1.50', Kzz: '1.0000E+05', Teff: '325.', Y: '0.28', '[Fe/H]': '0.00', f_hole: '1.00', f_rain: '0.00', grav: '1000.'}
# schema: astropy-2.0
wav flux_nu
[from data line 499]
28950.056 6.386367324830453e-12
29000.056 3.525542938210557e-12
29050.056 8.038077248323435e-12
29100.056 2.3027337017686987e-12
29150.056 2.9871162412026322e-12
29200.056 1.9477676627380247e-11
29250.056 1.0087422603775857e-11
29300.056 6.612939667749577e-12
29350.056 2.011314897673998e-11
29400.056 1.0706177985735794e-11
29450.056 2.433663619315085e-12
29500.056 2.7178037373300566e-11
29550.056 6.009516013067419e-12
29600.056 6.451580060097525e-12
29650.056 4.0552814931696157e-11
29700.056 3.898490950164069e-12
29750.056 2.2931320379582912e-11
29800.056 9.711810185250684e-12
29850.056 3.8940810457001655e-11
29900.056 1.2003557441565001e-11
29950.056 1.2130227857627179e-11
30000.056 1.0075257437810218e-13
30050.056 2.357317781558857e-12
30100.056 1.0702667338514721e-11
30150.056 3.503792096794777e-11
30200.056 2.215758084463713e-11
30250.056 3.625836922290353e-11
30300.056 4.933005784306805e-11
30350.056 6.585838367897443e-12
30400.056 5.969226960273518e-11
30450.056 5.510497975821555e-11
30500.056 1.4200815625247393e-11
30550.056 1.3036109040580758e-11
30600.056 3.1295898704540445e-10
30650.056 1.0808904504146462e-10
30700.056 3.090559359740023e-11
30750.056 8.822769922062e-11
30800.056 1.2559809508032454e-10
30850.056 1.162867558109155e-10
30900.056 5.195855826287882e-11
30950.056 3.4336456751696657e-11
31000.056 5.190958330845168e-11
31050.056 2.0337983547679072e-11
31100.056 1.1763459637766778e-11
31150.056 2.969749999583606e-11
31200.056 1.4676873944868058e-10
31250.056 4.607836880281748e-11
31300.056 1.7504660538946122e-11
31350.056 9.77260250239818e-11
31400.056 4.838337326095409e-11
31450.056 5.1662300999219015e-11
31500.056 1.4206254549518453e-11
31550.056 3.1295144590794546e-11
31600.056 2.308228097479337e-11
31650.056 1.5828091118982278e-11
31700.056 1.1395379980983794e-11
31750.056 4.128566967959049e-12
31800.056 7.945677802190607e-12
31850.056 9.988022160351464e-13
31900.056 3.0117373323263556e-12
31950.056 1.212028768804954e-12
32000.056 8.549773444576011e-13
32050.056 8.061505826513006e-13
32100.056 6.89357882331983e-13
32150.056 5.227237897155914e-13
32200.056 1.8031522651107097e-13
32250.056 4.633665227847857e-13
32300.056 8.600559190460204e-14
32350.056 3.313396592850859e-13
32400.056 2.130561511379641e-14
32450.056 2.0991183471900456e-13
32500.056 2.0639645776155163e-14
32550.056 1.9387544529695752e-13
32600.056 1.3134640508158657e-14
32650.056 3.9998345682749556e-13
32700.056 2.463441055761586e-14
32750.056 1.331162971147403e-12
32800.056 4.137517447233324e-13
32850.056 4.4240484376311265e-12
32900.056 2.966482066023795e-12
32950.056 4.163333258513574e-12
33000.056 8.949315448501558e-13
33050.056 4.576286096577301e-13
33100.056 6.090696025380279e-14
33150.056 1.1286511028535164e-16
33200.056 8.417293325931237e-15
33250.056 1.7422825746646196e-14
33300.056 5.106723667809081e-13
33350.056 5.906273214371576e-13
33400.056 3.724079147927462e-12
33450.056 2.9676995309778163e-13
33500.056 3.0824454809586612e-12
33550.056 3.0608045732119425e-13
33600.056 1.1927831444538064e-12
33650.056 1.3810128938041693e-12
33700.056 1.421034060060236e-13
33750.056 1.5873174451909449e-12
33800.056 5.393265392404285e-14
33850.056 7.008801601095351e-13
33900.056 7.008764256573574e-13
33950.056 8.258251343622682e-13
34000.056 2.38521254306511e-12
34050.056 3.7378337738363855e-13
34100.056 3.034181742825124e-12
34150.056 7.34826924809594e-13
34200.056 4.09237881378803e-12
34250.056 1.2502496089647763e-12
34300.056 2.0939140232610933e-12
34350.056 1.30598539926844e-11
34400.056 1.2383481051545105e-12
34450.056 8.943192313003515e-12
34500.056 2.0930767836143e-12
34550.056 7.809927675635586e-12
34600.056 3.967278174708058e-11
34650.056 1.2931359943198824e-12
34700.056 2.1612725790700558e-11
34750.056 8.234952005338508e-12
34800.056 4.6713220692686335e-12
34850.056 2.6504491315836855e-11
34900.056 1.7816299082539352e-12
34950.056 4.3298997623779056e-11
35000.056 3.814126447812456e-11
35050.056 4.477906735593212e-11
35100.056 8.697522189469734e-11
35150.056 7.185907085209045e-11
35200.056 6.184905245992177e-11
35250.056 1.2998760056822176e-10
35300.056 2.066630624206756e-11
35350.056 1.3988133979169951e-11
35400.056 8.505215300115268e-12
35450.056 8.62582975092604e-12
35500.056 4.959446995568141e-11
35550.056 3.648611125506374e-11
35600.056 7.44922967801519e-11
35650.056 9.788956834881355e-11
35700.056 1.1782706915800786e-10
35750.056 1.0447588908514887e-10
35800.056 2.9211476467721866e-11
35850.056 1.8288825813131253e-11
35900.056 2.675540678007845e-11
35950.056 7.267443600078764e-11
36000.056 8.562303360209143e-11
36050.056 5.842370652797047e-11
36100.056 5.5034306849201945e-11
36150.056 3.1466486273907373e-10
36200.056 2.1922271955127712e-10
36250.056 9.516801990248847e-11
36300.056 3.899315272609291e-10
36350.056 2.0784113441822006e-10
36400.056 3.327223427508746e-10
36450.056 2.0208910800274306e-10
36500.056 1.9042871826878883e-10
36550.056 6.341082068349469e-10
36600.056 7.2333878527993e-10
36650.056 2.759771292078725e-10
36700.056 4.273290837367073e-10
36750.056 7.491603092402595e-10
36800.056 8.99628592137275e-10
36850.056 2.8594822546867235e-10
36900.056 3.5825953755975694e-10
36950.056 1.0373812757623789e-09
37000.056 5.833402012637143e-10
37050.056 1.0519052043175452e-09
37100.056 1.9771237246735788e-10
37150.056 4.752694994647407e-10
37200.056 1.5530348828100907e-09
37250.056 6.609772640224732e-10
37300.056 2.6581530494473533e-10
37350.056 5.369414534937016e-10
37400.056 1.0811790357554954e-09
37450.056 3.2954521002130655e-10
37500.056 4.397202273561146e-10
37550.056 1.9293964587944686e-09
37600.056 3.560291591839777e-09
37650.056 4.4140527370547756e-10
37700.056 1.078433507935239e-09
37750.056 8.470146233039393e-10
37800.056 8.274513234712233e-10
37850.056 4.2279550016997925e-10
37900.056 4.269463132784632e-10
37950.056 8.653844860760335e-10
38000.056 7.092360998447376e-10
38050.056 1.8097740022432324e-09
38100.056 2.6180095199432493e-09
38150.056 3.388716642796319e-09
38200.056 1.7872219086864403e-09
38250.056 3.1803600266733276e-09
38300.056 6.495936563154763e-09
38350.056 3.355594986164915e-09
38400.056 8.441069907264299e-10
38450.056 2.2428031057775356e-10
38500.056 2.468791699141422e-10
38550.056 1.4904593387301684e-09
38600.056 2.238611684449588e-09
38650.056 1.9051297969549417e-09
38700.056 1.261785300953731e-09
38750.056 2.0340282444041634e-09
38800.056 1.6337321641130673e-09
38850.056 2.262517988830402e-09
38900.056 2.533300556605563e-09
38950.056 1.2814016553823599e-09
39000.056 3.256929250198456e-09
39050.056 8.253607354625086e-10
39100.056 1.863331726084287e-09
39150.056 3.624876295810098e-09
39200.056 2.590024648969959e-09
39250.056 3.446597960723926e-09
39300.056 2.1109402614360456e-09
39350.056 6.142716036400003e-09
39400.056 2.6271045231935293e-09
39450.056 4.597209956239801e-09
39500.056 5.67182820779973e-09
39550.056 1.6828732835082117e-09
39600.056 3.882120972947349e-09
39650.056 7.93440138469985e-09
39700.056 6.6416898533002236e-09
39750.056 1.707915531198407e-09
39800.056 1.4657548450463285e-09
39850.056 7.561299425400847e-09
39900.056 9.516029343700225e-09
39950.056 2.9614538450902483e-09
40000.056 6.4612078458001766e-09
40050.056 6.945053363359621e-09
40100.056 1.212271694711978e-09
40150.056 5.494432752700586e-09
40200.056 7.97738812489943e-09
40250.056 9.171711599848345e-09
40300.056 8.580662920501029e-09
40350.056 3.024341975812784e-09
40400.056 5.209346516267102e-09
40450.056 2.1699134844621437e-09
40500.056 8.803530351699974e-09
40550.056 7.658994271878436e-09
40600.056 9.207588939999783e-09
40650.056 5.189063419712797e-09
40700.056 1.1696770610299846e-08
40750.056 7.62678791631924e-09
40800.056 3.2181885182474045e-09
40850.056 1.4751273256601673e-08
40900.056 1.4339792180198958e-08
40950.056 7.392012980220075e-09
41000.056 7.3656391812396524e-09
41050.056 1.6913943944300245e-08
41100.056 1.281751488489898e-08
41150.056 2.507210586405724e-09
41200.056 1.4885586127342059e-08
41250.056 1.2771915500197512e-08
41300.056 1.5348559977501924e-08
41350.056 2.1607990807000103e-08
41400.056 1.55804072685991e-08
41450.056 1.8745816621900023e-08
41500.056 8.35964153209833e-09
41550.056 7.890629987671616e-09
41600.056 1.0030538915879344e-08
41650.056 1.8726466278001638e-08
41700.056 2.689667767699848e-08
41750.056 1.883779071460077e-08
41800.056 2.307321624599971e-08
41850.056 1.4374660705938626e-08
41900.056 1.0375643351647205e-08
41950.056 1.1335758039799357e-08
42000.056 5.411107411897146e-09
42050.056 7.325978562941047e-09
42100.056 1.2344283237499502e-08
42150.056 1.4162908023699396e-08
42200.056 1.552768715489913e-08
42250.056 1.0469178127201312e-08
42300.056 7.928936356899295e-09
42350.056 1.8634958379300713e-08
42400.056 2.409057094100121e-08
42450.056 2.7671495846001356e-08
42500.056 2.9514951958999375e-08
42550.056 2.5278837795999432e-08
42600.056 1.757004791260315e-08
42650.056 2.813632661139743e-08
42700.056 1.069804485579831e-08
42750.056 2.1647402136102744e-08
42800.056 3.442612060000061e-08
42850.056 3.5478768076997686e-08
42900.056 3.39841927830011e-08
42950.056 2.461450464330116e-08
43000.056 2.9451424388999292e-08
43050.056 1.5059060996698887e-08
43100.056 2.3692488375000512e-08
43150.056 2.3769629918000373e-08
43200.056 3.2609482169001244e-08
43250.056 4.4076962862000634e-08
43300.056 3.6354639305998644e-08
43350.056 2.184956094899898e-08
43400.056 3.0180230913000743e-08
43450.056 2.151189719199997e-08
43500.056 1.8305626452200932e-08
43550.056 1.9361521037201102e-08
43600.056 3.707157316299999e-08
43650.056 2.013067621439839e-08
43700.056 3.6036543891405076e-08
43750.056 4.07167206579981e-08
43800.056 3.24687733889997e-08
43850.056 2.9557989203002314e-08
43900.056 2.1482827030000176e-08
43950.056 1.622388181709931e-08
44000.056 1.651993881499997e-08
44050.056 3.708646640500289e-08
44100.056 5.0460321599000613e-08
44150.056 4.397000446799825e-08
44200.056 4.188540601500051e-08
44250.056 2.5741767815998545e-08
44300.056 1.5998367713200087e-08
44350.056 1.6295377245600607e-08
44400.056 1.8591626839999568e-08
44450.056 3.2070516830002855e-08
44500.056 2.821162344200044e-08
44550.056 3.9020036244000373e-08
44600.056 2.9087971323300405e-08
44650.056 3.319284045399832e-08
44700.056 2.2785552689197704e-08
44750.056 3.055660853850203e-08
44800.056 1.998413434730006e-08
44850.056 2.8716485363001293e-08
44900.056 2.829060897999924e-08
44950.056 3.423898590200212e-08
45000.056 3.925298208399984e-08
45050.056 3.4657939022997516e-08
45100.056 3.143418440700221e-08
45150.056 2.808464560099911e-08
45200.056 1.7624246502900072e-08
45250.056 2.1605333928998586e-08
45300.056 2.1097648288800904e-08
45350.056 1.4161200338001856e-08
45400.056 4.256397137800129e-08
45450.056 3.5177922352003024e-08
45500.056 4.234234903300178e-08
45550.056 4.5611180768995856e-08
45600.056 4.047400689500132e-08
45650.056 3.56339394139973e-08
45700.056 1.8565965384098096e-08
45750.056 1.5716792933701568e-08
45800.056 4.0445194111000754e-08
45850.056 3.1992627255701735e-08
45900.056 4.550462280099932e-08
45950.056 4.441237222599794e-08
46000.056 4.275296330800151e-08
46050.056 3.518013668200279e-08
46100.056 4.6437179989997704e-08
46150.056 2.8400750701999976e-08
46200.056 2.0424269023997358e-08
46250.056 6.826161214139933e-09
46300.056 2.589010619020208e-08
46350.056 3.0400134920001623e-08
46400.056 3.1377114174000625e-08
46450.056 2.3845168240798212e-08
46500.056 3.022034377900143e-08
46550.056 1.658459944699828e-08
46600.056 1.5818351873698573e-08
46650.056 2.7863997013301282e-08
46700.056 2.0474923983797847e-08
46750.056 7.187582957760899e-09
46800.056 4.300553592439368e-09
46850.056 2.2416075128603548e-08
46900.056 3.4040678437999735e-08
46950.056 3.5134163409999255e-08
47000.056 3.642809684800104e-08
47050.056 2.1569822374295383e-08
47100.056 1.7727538762000292e-08
47150.056 2.613346045560258e-08
47200.056 2.880643061599901e-08
47250.056 1.0850753626627488e-08
47300.056 7.636062842542446e-09
47350.056 2.804541580600186e-08
47400.056 3.3036804493999525e-08
47450.056 1.8676554774400775e-08
47500.056 3.582165316100195e-08
47550.056 3.283798666700034e-08
47600.056 2.2864841213797673e-08
47650.056 2.7668611778098755e-08
47700.056 2.196130969340233e-08
47750.056 1.671505695669996e-08
47800.056 1.0272650466499787e-08
47850.056 3.25544822976064e-09
47900.056 6.423873176220167e-09
47950.056 2.1943661212001953e-08
48000.056 2.81033920919979e-08
48050.056 2.0944718459199953e-08
48100.056 1.0050776604399942e-08
48150.056 1.9942847265001083e-08
48200.056 1.1580186933278421e-08
48250.056 1.9709353815000548e-08
48300.056 2.531892328799966e-08
48350.056 1.4154173263298037e-08
48400.056 2.1828434234653175e-09
48450.056 4.692271107679204e-09
48500.056 1.0789124254498457e-08
48550.056 1.3740420920402968e-08
48600.056 2.7612341788000732e-08
48650.056 3.23588489059995e-08
48700.056 2.410166494500127e-08
48750.056 1.9539334740000158e-08
48800.056 2.5383425934000205e-08
48850.056 1.0940646828468443e-08
48900.056 1.0015244276158862e-08
48950.056 4.807443234479741e-09
49000.056 3.1120294525948766e-09
49050.056 1.1209608830698881e-08
49100.056 1.7012297744872696e-08
49150.056 1.4645207904499632e-08
49200.056 2.5897911581001706e-08
49250.056 2.7804888944999835e-08
49300.056 2.1425346760498195e-08
49350.056 7.852024995151245e-09
49400.056 1.0140759031628092e-08
49450.056 7.476975371951533e-09
49500.056 5.774195356618833e-09
49550.056 7.424909749499943e-10
49600.056 2.4426504687725114e-09
49650.056 1.0653063498701212e-08
49700.056 1.565047194699977e-08
49750.056 1.0686930145309233e-08
49800.056 5.4706544227501085e-09
49850.056 1.660387146900162e-08
49900.056 1.979294990799983e-08
49950.056 1.7801784619899213e-08
50000.056 9.067982282968384e-09
50050.056 9.875908521701485e-09
50100.056 9.04949231579943e-09
50150.056 2.7570686495294052e-09
50200.056 3.2339815688314154e-10
50250.056 2.426059016700002e-09
50300.056 1.8023980907864385e-09
50350.056 9.85484096980105e-09
50400.056 1.4445622402599827e-08
50450.056 1.2219392614200107e-08
50500.056 1.7688267089800807e-08
50550.056 1.926373815299998e-08
50600.056 1.1544605515997662e-08
50650.056 1.8241171144001298e-08
50700.056 1.623119338899929e-08
50750.056 8.508334976999383e-09
50800.056 1.8527332425794784e-09
50850.056 6.896976670293426e-10
50900.056 7.009592113800929e-09
50950.056 9.073786271999174e-09
51000.056 5.6826107120131965e-09
51050.056 1.1225667351798764e-08
51100.056 4.1966893719700566e-09
51150.056 2.7330355298247267e-09
51200.056 1.2680321520100634e-08
51250.056 1.1067557284899027e-08
51300.056 6.357153118680102e-09
51350.056 4.157281264029097e-09
51400.056 8.048152522531848e-10
51450.056 7.302426779657768e-10
51500.056 7.347382239242842e-10
51550.056 4.0661452216007346e-09
51600.056 5.926337322500453e-09
51650.056 8.999753867899975e-09
51700.056 6.698907437778664e-09
51750.056 5.032980917401076e-09
51800.056 1.065616294560001e-08
51850.056 8.000116461999539e-09
51900.056 6.569401589899952e-09
51950.056 2.6877752588994105e-09
52000.056 2.1978059226094123e-10
52050.056 1.2879000225401002e-09
52100.056 5.944090282498416e-10
52150.056 3.162098560521143e-10
52200.056 1.7732197573000438e-09
52250.056 3.7167992625004787e-09
52300.056 3.819022061099631e-09
52350.056 6.554699685549129e-10
52400.056 8.117356856840333e-10
52450.056 4.797584200600626e-09
52500.056 3.3255726998327765e-09
52550.056 6.0584209162994895e-09
52600.056 5.528405758690687e-09
52650.056 6.899678628499805e-09
52700.056 3.4150368658696843e-09
52750.056 8.028870224386867e-10
52800.056 1.8582083918003656e-09
52850.056 2.3337952891994987e-09
52900.056 5.269350583647641e-10
52950.056 1.0989253472702415e-09
53000.056 3.407074909400119e-09
53050.056 1.0441618896379083e-09
53100.056 5.574354188700676e-09
53150.056 6.14728938979978e-09
53200.056 2.4623215152998675e-09
53250.056 4.950654604999864e-09
53300.056 4.6502026703705124e-09
53350.056 4.072943646199862e-09
53400.056 2.1806540736997204e-09
53450.056 4.92543096599863e-10
53500.056 1.1635829393697915e-10
53550.056 2.055839380849996e-10
