galfind/configs/Brown_Dwarf_templates/sonora_bobcat/m0.0/1000g/co1.5/sp_t375g1000nc_m+0.0_co1.5_resample.dat
# %ECSV 1.0
# ---
# datatype:
# - {name: wav, unit: Angstrom, datatype: float64}
# - {name: flux_nu, unit: erg / (cm2 Hz s), datatype: float64}
# meta: {C/O: '1.50', Kzz: '1.0000E+05', Teff: '375.', Y: '0.28', '[Fe/H]': '0.00', f_hole: '1.00', f_rain: '0.00', grav: '1000.'}
# schema: astropy-2.0
wav flux_nu
[from data line 497]
28850.056 6.618144816598326e-11
28900.056 2.866469016908269e-11
28950.056 3.680517595701591e-11
29000.056 2.345272338640832e-11
29050.056 4.578023933967376e-11
29100.056 1.5686373561941342e-11
29150.056 2.528563886457115e-11
29200.056 8.846217128350967e-11
29250.056 6.469726985837184e-11
29300.056 4.213085463529542e-11
29350.056 1.178109002015315e-10
29400.056 4.887981578577719e-11
29450.056 1.8319877401772262e-11
29500.056 1.3674130725175588e-10
29550.056 3.601974439391276e-11
29600.056 4.398929861259317e-11
29650.056 2.1391527032395753e-10
29700.056 2.5596697269676432e-11
29750.056 1.2104560511077665e-10
29800.056 6.517860318099042e-11
29850.056 1.9453830226342861e-10
29900.056 6.985587974295314e-11
29950.056 7.279769658498201e-11
30000.056 8.924191325579998e-13
30050.056 1.1114827082012057e-11
30100.056 4.973733786495645e-11
30150.056 1.8029431975730528e-10
30200.056 1.1091750163884347e-10
30250.056 1.9708290887438533e-10
30300.056 2.4831417589334636e-10
30350.056 4.1911596196254337e-11
30400.056 2.876025910685691e-10
30450.056 2.2393151118581364e-10
30500.056 9.423169095352498e-11
30550.056 7.581749244409637e-11
30600.056 1.055189697868043e-09
30650.056 3.8890839996266976e-10
30700.056 1.6825609531478004e-10
30750.056 3.70921877283192e-10
30800.056 4.161516269865656e-10
30850.056 4.2070077502515264e-10
30900.056 2.1342608856658498e-10
30950.056 1.4713500739443005e-10
31000.056 2.0671124751319224e-10
31050.056 1.1663639264749988e-10
31100.056 6.466491955221805e-11
31150.056 1.315023913171247e-10
31200.056 5.209186968909484e-10
31250.056 1.7082166212008962e-10
31300.056 9.306374811552198e-11
31350.056 3.3165636825994093e-10
31400.056 1.7842725664718626e-10
31450.056 1.9729148699450476e-10
31500.056 5.7559180499005446e-11
31550.056 1.2062760200645268e-10
31600.056 8.576584859911486e-11
31650.056 6.244904578401798e-11
31700.056 5.0528758863056915e-11
31750.056 1.9133980670970365e-11
31800.056 3.9837634436594754e-11
31850.056 6.0634591851943625e-12
31900.056 1.6982364974651768e-11
31950.056 7.58013047160453e-12
32000.056 5.807448166126147e-12
32050.056 6.275465848008867e-12
32100.056 5.101429316265673e-12
32150.056 4.5714266124287325e-12
32200.056 1.828502748115174e-12
32250.056 4.649935150541251e-12
32300.056 1.0623611209211796e-12
32350.056 4.239968638791146e-12
32400.056 3.420232911866772e-13
32450.056 2.7305718847625403e-12
32500.056 3.46624448581852e-13
32550.056 2.653889415151135e-12
32600.056 2.7263051680372315e-13
32650.056 5.7516666206157694e-12
32700.056 5.310875783546028e-13
32750.056 1.640760215120668e-11
32800.056 6.9090093316685745e-12
32850.056 4.2848616915212174e-11
32900.056 3.399832202061957e-11
32950.056 3.876078705886528e-11
33000.056 9.420961172200475e-12
33050.056 6.880170026027506e-12
33100.056 1.0339096007212922e-12
33150.056 8.537093363674769e-16
33200.056 5.5795733411269595e-14
33250.056 1.314007721211118e-13
33300.056 2.830621346593253e-12
33350.056 5.660030411912617e-12
33400.056 2.7449283086597182e-11
33450.056 4.91130269076393e-12
33500.056 3.1923856701109835e-11
33550.056 3.9836361781130304e-12
33600.056 1.2579195897331471e-11
33650.056 1.3534585236652932e-11
33700.056 2.094521422079968e-12
33750.056 1.6600109376032556e-11
33800.056 7.518879391520488e-13
33850.056 7.425652692589586e-12
33900.056 7.592151341908273e-12
33950.056 7.571370625179765e-12
34000.056 1.9664229962081293e-11
34050.056 2.9544133877216404e-12
34100.056 2.2238971204341683e-11
34150.056 5.827639110760515e-12
34200.056 2.6204064174325908e-11
34250.056 1.0445893056436413e-11
34300.056 1.4111619526391433e-11
34350.056 6.419472843144324e-11
34400.056 8.489121711410481e-12
34450.056 4.9188295994076106e-11
34500.056 1.592885041991939e-11
34550.056 3.121905186655133e-11
34600.056 1.5274224050226446e-10
34650.056 8.150836478482878e-12
34700.056 8.944600515624436e-11
34750.056 4.0671684355508116e-11
34800.056 2.626973854642659e-11
34850.056 1.356952442256007e-10
34900.056 1.1766612964829568e-11
34950.056 1.6721975104679318e-10
35000.056 1.8905153560943532e-10
35050.056 1.4616516108488464e-10
35100.056 3.3163543512385767e-10
35150.056 2.7433114153316617e-10
35200.056 2.0790033184359776e-10
35250.056 4.313770989340309e-10
35300.056 8.866215566529526e-11
35350.056 9.797642992645857e-11
35400.056 6.27319751965885e-11
35450.056 6.103087368435444e-11
35500.056 2.804871595372815e-10
35550.056 1.65069457649674e-10
35600.056 3.0279623069416504e-10
35650.056 3.856667464638499e-10
35700.056 4.058826982627805e-10
35750.056 4.822226662487032e-10
35800.056 1.8872906924295497e-10
35850.056 1.0238764136384017e-10
35900.056 1.4508645372098595e-10
35950.056 3.1143054545941635e-10
36000.056 3.4618140958751787e-10
36050.056 2.330156329784197e-10
36100.056 2.2036650124931405e-10
36150.056 9.017927237219079e-10
36200.056 7.860651280142854e-10
36250.056 3.9678306337677975e-10
36300.056 1.331422237357487e-09
36350.056 6.960954184225044e-10
36400.056 1.1795231918324077e-09
36450.056 7.925500240272792e-10
36500.056 8.133855251271996e-10
36550.056 2.0152212221913624e-09
36600.056 2.241625813909663e-09
36650.056 1.0763721689686425e-09
36700.056 1.3589240996742548e-09
36750.056 2.1917894118508088e-09
36800.056 2.6500130123625734e-09
36850.056 1.0405280076325197e-09
36900.056 1.4029872444956028e-09
36950.056 2.9088919695545522e-09
37000.056 1.6785841304345901e-09
37050.056 3.0315686611989048e-09
37100.056 8.674237892963636e-10
37150.056 1.6587617519419119e-09
37200.056 4.077484274319949e-09
37250.056 1.8453759931942556e-09
37300.056 9.766807819283174e-10
37350.056 1.974898756091145e-09
37400.056 3.6696191128082306e-09
37450.056 1.1446434966658175e-09
37500.056 1.616661739600377e-09
37550.056 5.250770923561293e-09
37600.056 8.743660996939948e-09
37650.056 1.5489541392938183e-09
37700.056 3.423224437105648e-09
37750.056 2.517458170272979e-09
37800.056 2.569648852331636e-09
37850.056 1.2966113430169414e-09
37900.056 1.454683042652858e-09
37950.056 2.9293947950070942e-09
38000.056 2.5822074062117557e-09
38050.056 4.940948165835838e-09
38100.056 6.981401443904013e-09
38150.056 8.267866816087257e-09
38200.056 4.969070482404006e-09
38250.056 7.571260986641545e-09
38300.056 1.400898032068111e-08
38350.056 9.22166744334067e-09
38400.056 2.90049868472348e-09
38450.056 9.862062818115092e-10
38500.056 8.541880469307588e-10
38550.056 4.125314399320524e-09
38600.056 5.355163025198867e-09
38650.056 5.296041194953714e-09
38700.056 4.159102901756564e-09
38750.056 5.382133057431654e-09
38800.056 4.56830244142018e-09
38850.056 6.062557053220895e-09
38900.056 7.025994168218456e-09
38950.056 3.7304474900047644e-09
39000.056 7.755478181818475e-09
39050.056 2.9788582207968857e-09
39100.056 5.747470300016027e-09
39150.056 9.382342165150094e-09
39200.056 6.549071905019716e-09
39250.056 9.211893728004275e-09
39300.056 6.066875941152061e-09
39350.056 1.4005018929399946e-08
39400.056 7.061148258668255e-09
39450.056 1.1036580059492628e-08
39500.056 1.3110763671799742e-08
39550.056 4.816312543675256e-09
39600.056 9.810668160033355e-09
39650.056 1.7238346539999478e-08
39700.056 1.4544930234000905e-08
39750.056 4.761101052325578e-09
39800.056 4.78011613441684e-09
39850.056 1.759356644200159e-08
39900.056 2.0241739878300735e-08
39950.056 7.711265426660406e-09
40000.056 1.528536961850012e-08
40050.056 1.6175792664179394e-08
40100.056 3.657709622311624e-09
40150.056 1.3371152004201128e-08
40200.056 1.756147684779849e-08
40250.056 1.981782043049631e-08
40300.056 1.888147435010252e-08
40350.056 8.088408641421263e-09
40400.056 1.3948704567775111e-08
40450.056 6.087724861808143e-09
40500.056 1.9621105244499506e-08
40550.056 1.7623489394696018e-08
40600.056 1.907967331939962e-08
40650.056 1.2289628504056684e-08
40700.056 2.683221953239938e-08
40750.056 1.7516954412298312e-08
40800.056 8.27864477134824e-09
40850.056 3.0849712539003675e-08
40900.056 2.8779603497997725e-08
40950.056 1.7034223091288745e-08
41000.056 1.6959267890399217e-08
41050.056 3.457901988899969e-08
41100.056 2.6994670470298257e-08
41150.056 6.984027823095344e-09
41200.056 3.098394233800388e-08
41250.056 2.6424182251184786e-08
41300.056 3.0924812294903375e-08
41350.056 4.0294205209000045e-08
41400.056 3.010560535999878e-08
41450.056 3.763196104899989e-08
41500.056 1.900062989741626e-08
41550.056 1.8007903179603957e-08
41600.056 2.1816997896069136e-08
41650.056 3.5347054776002686e-08
41700.056 4.793467026899631e-08
41750.056 3.465964771800087e-08
41800.056 4.1969637761000385e-08
41850.056 2.9112466350497098e-08
41900.056 2.229444369699415e-08
41950.056 2.5132781437999e-08
42000.056 1.495569422922198e-08
42050.056 1.792676911650293e-08
42100.056 2.6806755287398475e-08
42150.056 2.823219448079862e-08
42200.056 2.9659631879897723e-08
42250.056 2.164323187780281e-08
42300.056 1.7186049626698623e-08
42350.056 3.520155549390127e-08
42400.056 4.2830050786002334e-08
42450.056 4.547980995500295e-08
42500.056 4.8069944057998584e-08
42550.056 4.134164021299882e-08
42600.056 3.281278044500716e-08
42650.056 5.186540331299503e-08
42700.056 2.1832518221495466e-08
42750.056 3.613777663200502e-08
42800.056 5.5383664074001245e-08
42850.056 5.820051266199464e-08
42900.056 5.76804055370028e-08
42950.056 4.195774548100145e-08
43000.056 5.0554785931998835e-08
43050.056 2.549065622299951e-08
43100.056 4.219408201699968e-08
43150.056 3.8921006451000625e-08
43200.056 5.251020619600254e-08
43250.056 7.42226014340016e-08
43300.056 6.174837993299813e-08
43350.056 3.4944959094997514e-08
43400.056 5.057939448900191e-08
43450.056 3.631399954600052e-08
43500.056 3.370935862400227e-08
43550.056 3.38174341612021e-08
43600.056 6.230205251000051e-08
43650.056 3.389089163139727e-08
43700.056 6.286284294300905e-08
43750.056 6.611397466799629e-08
43800.056 5.4167296723999274e-08
43850.056 4.983578862100493e-08
43900.056 3.725911130599969e-08
43950.056 2.746748817999873e-08
44000.056 2.6749710866999782e-08
44050.056 6.163029041100446e-08
44100.056 8.512594803600153e-08
44150.056 7.451975417499649e-08
44200.056 6.990798435900138e-08
44250.056 4.139263738399749e-08
44300.056 2.675977048300097e-08
44350.056 2.8956943410001574e-08
44400.056 3.135910566199884e-08
44450.056 5.427793831700479e-08
44500.056 4.7000564703002186e-08
44550.056 6.737293418400012e-08
44600.056 5.0979249838001e-08
44650.056 5.5600471069996655e-08
44700.056 3.6772703857995865e-08
44750.056 5.077984138200464e-08
44800.056 3.3964980308400964e-08
44850.056 4.97509664980022e-08
44900.056 4.674720717099836e-08
44950.056 5.523133237300403e-08
45000.056 6.392006483300007e-08
45050.056 5.779833876599568e-08
45100.056 5.255889429700383e-08
45150.056 4.678685009299831e-08
45200.056 3.0479068732800787e-08
45250.056 3.6724834445996615e-08
45300.056 3.63948273430026e-08
45350.056 2.561883354140341e-08
45400.056 7.351282345900298e-08
45450.056 6.127184769100583e-08
45500.056 7.197406791500337e-08
45550.056 7.896155732399146e-08
45600.056 6.910839640600307e-08
45650.056 5.995499710699528e-08
45700.056 3.24619681479973e-08
45750.056 2.7385728852602424e-08
45800.056 7.191470387500211e-08
45850.056 5.792193662380266e-08
45900.056 7.708190652799824e-08
45950.056 7.17484781129961e-08
46000.056 7.291507107200405e-08
46050.056 5.972502766700473e-08
46100.056 8.111229053499564e-08
46150.056 4.809052192900012e-08
46200.056 3.667555206759533e-08
46250.056 1.2841085387989562e-08
46300.056 4.631739399400346e-08
46350.056 5.31339747440041e-08
46400.056 5.371366197300118e-08
46450.056 4.295832792749642e-08
46500.056 5.12457450370041e-08
46550.056 2.834134772109778e-08
46600.056 3.044821606119659e-08
46650.056 5.097408418400247e-08
46700.056 3.6780655343995614e-08
46750.056 1.4211917915302077e-08
46800.056 8.990969400798725e-09
46850.056 4.384662010900651e-08
46900.056 6.026723707099852e-08
46950.056 6.0057359257998e-08
47000.056 6.122996020400279e-08
47050.056 3.832150754899071e-08
47100.056 2.9680192739000532e-08
47150.056 4.6386457318005285e-08
47200.056 5.170772299499818e-08
47250.056 2.0884971318995522e-08
47300.056 1.4523902579914379e-08
47350.056 5.180306697100348e-08
47400.056 5.772932726999869e-08
47450.056 3.4506840889102534e-08
47500.056 6.462854116600206e-08
47550.056 5.5491892878001164e-08
47600.056 4.33475512621953e-08
47650.056 5.0961184125597934e-08
47700.056 3.959974903420488e-08
47750.056 2.902799582600006e-08
47800.056 1.988616512100068e-08
47850.056 7.1428905211112834e-09
47900.056 1.3153876048570133e-08
47950.056 4.147741211300339e-08
48000.056 5.3946399949996377e-08
48050.056 4.0571759822799335e-08
48100.056 1.844373802164026e-08
48150.056 3.568630752600204e-08
48200.056 2.2927766027817386e-08
48250.056 3.639980486300069e-08
48300.056 4.9684754494999866e-08
48350.056 2.906834686699617e-08
48400.056 4.994881860718536e-09
48450.056 1.0819902502419702e-08
48500.056 2.3126920781096045e-08
48550.056 2.8653904525425514e-08
48600.056 4.964255645600113e-08
48650.056 5.903090282999881e-08
48700.056 4.180092028300312e-08
48750.056 3.093199744000097e-08
48800.056 4.629037973500141e-08
48850.056 2.1433417476986922e-08
48900.056 2.232799463857763e-08
48950.056 1.147860375739934e-08
49000.056 6.875844646153821e-09
49050.056 2.368338258779752e-08
49100.056 3.3959902354905306e-08
49150.056 2.7634850029799344e-08
49200.056 4.74423939240036e-08
49250.056 5.080384492400002e-08
49300.056 4.0115609984997096e-08
49350.056 1.5061511459932418e-08
49400.056 2.0283664691016033e-08
49450.056 1.6031372373293405e-08
49500.056 1.2956033659207521e-08
49550.056 1.8697597026969925e-09
49600.056 6.077412221245207e-09
49650.056 2.219492418000212e-08
49700.056 2.995804017199835e-08
49750.056 2.3116645256608447e-08
49800.056 1.2226990029000015e-08
49850.056 3.325357098900333e-08
49900.056 3.661614626899946e-08
49950.056 3.2835584349998636e-08
50000.056 1.926336268994705e-08
50050.056 2.2453000828802786e-08
50100.056 1.97352777859989e-08
50150.056 6.817729162348619e-09
50200.056 8.13594085483413e-10
50250.056 6.3615882614999765e-09
50300.056 4.482003246695015e-09
50350.056 2.1708730277002378e-08
50400.056 2.8638712025999074e-08
50450.056 2.1666479699800255e-08
50500.056 3.384286694400162e-08
50550.056 3.5225277530000306e-08
50600.056 2.2166826450094147e-08
50650.056 3.478689715500369e-08
50700.056 3.340934324699892e-08
50750.056 1.815419928959914e-08
50800.056 4.57557271495391e-09
50850.056 1.8148932070069584e-09
50900.056 1.6832177743401915e-08
50950.056 1.9807043315998264e-08
51000.056 1.3151587905340492e-08
51050.056 2.3032196307797093e-08
51100.056 8.457267186150257e-09
51150.056 6.668436794791713e-09
51200.056 2.7620647810000786e-08
51250.056 2.2592193540097248e-08
51300.056 1.3330596120900888e-08
51350.056 1.0472676844581955e-08
51400.056 2.337007206395547e-09
51450.056 2.0127044107273663e-09
51500.056 1.8727765945507554e-09
51550.056 9.721581578301769e-09
51600.056 1.1968714972301208e-08
51650.056 1.7592040124599674e-08
51700.056 1.4489978151627287e-08
51750.056 1.0362559577722086e-08
51800.056 2.1597434245999614e-08
51850.056 1.6245940557099104e-08
51900.056 1.5612577038000373e-08
51950.056 7.119093729298584e-09
52000.056 4.779838693008145e-10
52050.056 3.435014190600335e-09
52100.056 1.6008558069795803e-09
52150.056 8.289293366473183e-10
52200.056 4.3658921988999304e-09
52250.056 8.789131312541349e-09
52300.056 9.882763895199183e-09
52350.056 1.8271194592577699e-09
52400.056 2.2049038751670434e-09
52450.056 1.2165382410001523e-08
52500.056 8.702167486325056e-09
52550.056 1.3217290632098878e-08
52600.056 1.0976156703701278e-08
52650.056 1.3438267917399931e-08
52700.056 7.341396820159577e-09
52750.056 2.065333326431177e-09
52800.056 4.5039340836209e-09
52850.056 5.723122886718709e-09
52900.056 1.4449597485421143e-09
52950.056 3.0027245918106302e-09
53000.056 8.182038483600387e-09
53050.056 2.4988421686316993e-09
53100.056 1.2313169688601346e-08
53150.056 1.3415363716999673e-08
53200.056 5.12458866103972e-09
53250.056 1.0985823317299883e-08
53300.056 1.1203287469951693e-08
53350.056 9.784197565199807e-09
53400.056 5.517408469899324e-09
53450.056 1.2081434188145884e-09
53500.056 1.9169758896395234e-10
