galfind/configs/Brown_Dwarf_templates/sonora_bobcat/m0.0/1000g/co1.5/sp_t650g1000nc_m+0.0_co1.5_resample.dat
# %ECSV 1.0
# ---
# datatype:
# - {name: wav, unit: Angstrom, datatype: float64}
# - {name: flux_nu, unit: erg / (cm2 Hz s), datatype: float64}
# meta: {C/O: '1.50', Kzz: '1.0000E+05', Teff: '650.', Y: '0.28', '[Fe/H]': '0.00', f_hole: '1.00', f_rain: '0.00', grav: '1000.'}
# schema: astropy-2.0
wav flux_nu
[from data line 499]
28950.056 6.110240932427919e-09
29000.056 5.206405606895388e-09
29050.056 6.780340715815914e-09
29100.056 4.122022038582643e-09
29150.056 7.3792502346855035e-09
29200.056 6.3366501274209844e-09
29250.056 9.382906323205255e-09
29300.056 4.648294196589247e-09
29350.056 1.470839932574462e-08
29400.056 5.96139403632414e-09
29450.056 6.331676092897122e-09
29500.056 1.0606637958760652e-08
29550.056 6.337037472613784e-09
29600.056 8.398771841262594e-09
29650.056 1.3501795003008216e-08
29700.056 6.216222753533235e-09
29750.056 1.1756995032461511e-08
29800.056 1.0922903718680384e-08
29850.056 1.3795000693708374e-08
29900.056 1.0974436227516722e-08
29950.056 1.0182402936940764e-08
30000.056 7.348805475824323e-10
30050.056 2.048574551633817e-09
30100.056 4.372281828692222e-09
30150.056 1.0888806506859673e-08
30200.056 9.487577632481457e-09
30250.056 1.7918194170422524e-08
30300.056 1.726573861486067e-08
30350.056 9.431307321175224e-09
30400.056 1.9610882135498075e-08
30450.056 1.2439627618416807e-08
30500.056 1.2141372003933517e-08
30550.056 1.0369725225280446e-08
30600.056 2.2660963067342155e-08
30650.056 1.3190801145096778e-08
30700.056 1.1054932690699934e-08
30750.056 1.5409299291812818e-08
30800.056 1.248293767296195e-08
30850.056 1.2520876092451878e-08
30900.056 8.312248678574237e-09
30950.056 8.288887326685875e-09
31000.056 8.368208726251822e-09
31050.056 8.78697472523892e-09
31100.056 5.0210074855352984e-09
31150.056 8.358688122318261e-09
31200.056 1.2931816327102214e-08
31250.056 7.106303788324698e-09
31300.056 5.615517643739839e-09
31350.056 7.682335406013532e-09
31400.056 5.340575264361822e-09
31450.056 6.530819791028769e-09
31500.056 2.994479256365435e-09
31550.056 4.454833357963143e-09
31600.056 3.094953803609714e-09
31650.056 2.623069917856061e-09
31700.056 3.0420773352105763e-09
31750.056 1.5467839042263014e-09
31800.056 3.1111516867201427e-09
31850.056 1.0629222237377581e-09
31900.056 2.1259897986880522e-09
31950.056 1.1029487523758776e-09
32000.056 1.5674120098899694e-09
32050.056 1.6206559044572696e-09
32100.056 1.2956562197064123e-09
32150.056 1.7915108491258864e-09
32200.056 1.012575246855655e-09
32250.056 2.2942104035908496e-09
32300.056 8.931197009994215e-10
32350.056 2.299196562602145e-09
32400.056 7.667033934054348e-10
32450.056 2.0148518746303236e-09
32500.056 1.104996579842135e-09
32550.056 1.680192772173132e-09
32600.056 1.491540499450916e-09
32650.056 3.0645876675076906e-09
32700.056 1.9713815131919334e-09
32750.056 4.545980605045324e-09
32800.056 4.03582305198118e-09
32850.056 5.989617002399875e-09
32900.056 5.943556151231828e-09
32950.056 6.506620149148993e-09
33000.056 3.920858649480386e-09
33050.056 4.405385705628866e-09
33100.056 1.4447446078394433e-09
33150.056 1.8904962417758585e-11
33200.056 7.813739248753954e-11
33250.056 8.117600782783017e-11
33300.056 2.449038515369484e-10
33350.056 6.784522593743084e-10
33400.056 1.56917024264868e-09
33450.056 1.6509002919897534e-09
33500.056 4.3286732045623696e-09
33550.056 1.8122527315112612e-09
33600.056 3.851179154253965e-09
33650.056 3.6635506249698878e-09
33700.056 1.9955025745296725e-09
33750.056 4.909413915746269e-09
33800.056 1.2240895976990325e-09
33850.056 2.8985724877253774e-09
33900.056 2.7106859753888037e-09
33950.056 2.4301835311600784e-09
34000.056 4.139308325393387e-09
34050.056 1.1490654749496343e-09
34100.056 3.749750783442743e-09
34150.056 1.8559988645322048e-09
34200.056 3.54938916231104e-09
34250.056 2.9018814996678605e-09
34300.056 2.2988822013679327e-09
34350.056 3.8402672517163915e-09
34400.056 1.7570517510075113e-09
34450.056 4.1620593611757306e-09
34500.056 2.818767469194416e-09
34550.056 1.5977667730503756e-09
34600.056 5.680908280700317e-09
34650.056 1.7099288536481367e-09
34700.056 4.356259403320767e-09
34750.056 3.256355642522451e-09
34800.056 2.39990344706772e-09
34850.056 6.036252220565541e-09
34900.056 2.87739067327132e-09
34950.056 5.196645250598761e-09
35000.056 9.33896835594352e-09
35050.056 4.0588937532734285e-09
35100.056 9.06073072066478e-09
35150.056 8.2693849720237e-09
35200.056 6.719685461728984e-09
35250.056 1.156133064990604e-08
35300.056 5.31676467095142e-09
35350.056 7.493015487455021e-09
35400.056 7.546240396341849e-09
35450.056 5.283009402117743e-09
35500.056 1.4749341329042152e-08
35550.056 9.899135234087818e-09
35600.056 1.0371945884565843e-08
35650.056 1.1545247762414524e-08
35700.056 9.841943416146163e-09
35750.056 1.6183128196059432e-08
35800.056 1.609778982178139e-08
35850.056 8.136787543867283e-09
35900.056 1.2273593824570362e-08
35950.056 1.4529680739917474e-08
36000.056 1.390058234971244e-08
36050.056 1.2042789336124901e-08
36100.056 1.102316086504378e-08
36150.056 1.7660831353256256e-08
36200.056 2.0177646370095654e-08
36250.056 1.503208914699645e-08
36300.056 2.618117495864089e-08
36350.056 1.9979810134587583e-08
36400.056 2.516913175267961e-08
36450.056 2.3742437460992092e-08
36500.056 2.6667009401871595e-08
36550.056 3.4421028880806345e-08
36600.056 3.887824658599095e-08
36650.056 3.106182985505826e-08
36700.056 3.081613711075023e-08
36750.056 3.9188112024511594e-08
36800.056 4.203370618499591e-08
36850.056 3.128179111312455e-08
36900.056 3.913895655043926e-08
36950.056 4.443170116299043e-08
37000.056 3.485231803739348e-08
37050.056 4.64789842051995e-08
37100.056 3.620486578973306e-08
37150.056 3.844787807778609e-08
37200.056 5.3306195636993116e-08
37250.056 3.7470057567451584e-08
37300.056 3.258886897683685e-08
37350.056 4.6428132690321045e-08
37400.056 6.510217916499902e-08
37450.056 3.552320709252051e-08
37500.056 4.1717673119584054e-08
37550.056 6.712559325702384e-08
37600.056 8.295897541401142e-08
37650.056 3.91939477392054e-08
37700.056 6.499234229770515e-08
37750.056 4.637519959800742e-08
37800.056 5.2197728068815175e-08
37850.056 3.3234072248151234e-08
37900.056 3.9317905135206484e-08
37950.056 5.860528007393565e-08
38000.056 5.956337956639811e-08
38050.056 6.735035750981743e-08
38100.056 8.083959588424316e-08
38150.056 8.284078718239607e-08
38200.056 7.678118584345486e-08
38250.056 7.547117548940571e-08
38300.056 1.0899814314397588e-07
38350.056 1.0493115451902425e-07
38400.056 6.070542049796783e-08
38450.056 4.759270367617898e-08
38500.056 3.409346838700864e-08
38550.056 6.944098799801638e-08
38600.056 6.86551437289867e-08
38650.056 7.794443320158947e-08
38700.056 8.010129009999485e-08
38750.056 7.803518943600109e-08
38800.056 7.21207083059913e-08
38850.056 8.206870236900798e-08
38900.056 1.0024982020858468e-07
38950.056 6.983383299799984e-08
39000.056 9.061060699298222e-08
39050.056 7.650223510302982e-08
39100.056 8.701837150349053e-08
39150.056 1.0356330008899848e-07
39200.056 8.544848485999257e-08
39250.056 1.0889749172000095e-07
39300.056 9.29964940462898e-08
39350.056 1.2603790205000384e-07
39400.056 9.607694947050696e-08
39450.056 1.118233562983001e-07
39500.056 1.210016487670096e-07
39550.056 8.739396323705871e-08
39600.056 1.1417477399999557e-07
39650.056 1.432332106019911e-07
39700.056 1.2685215326601287e-07
39750.056 8.34092616624268e-08
39800.056 9.815729902049666e-08
39850.056 1.5567074631800616e-07
39900.056 1.551833691260035e-07
39950.056 1.1325292197599315e-07
40000.056 1.553698824790047e-07
40050.056 1.4654114883000215e-07
40100.056 8.562128643345503e-08
40150.056 1.4614748924000876e-07
40200.056 1.5482015039297368e-07
40250.056 1.6217976059496832e-07
40300.056 1.605020589440168e-07
40350.056 1.2175089080527916e-07
40400.056 1.6701385746259614e-07
40450.056 1.1403108934079287e-07
40500.056 1.7645358989198585e-07
40550.056 1.7617234062336356e-07
40600.056 1.6536699264200632e-07
40650.056 1.422123986798532e-07
40700.056 2.2475039553498831e-07
40750.056 1.6328413187398053e-07
40800.056 1.1877030925296157e-07
40850.056 2.3199202043002655e-07
40900.056 2.0979981943799107e-07
40950.056 1.683381276776155e-07
41000.056 1.7017100658999401e-07
41050.056 2.385671591299748e-07
41100.056 2.012563666339886e-07
41150.056 1.1507955889079346e-07
41200.056 2.2767961241401401e-07
41250.056 1.9962362621497528e-07
41300.056 1.9583930805999695e-07
41350.056 2.4231634569999633e-07
41400.056 2.109897644480112e-07
41450.056 2.398385557719882e-07
41500.056 1.7101033739603727e-07
41550.056 1.6446790818654114e-07
41600.056 1.9457190214191708e-07
41650.056 2.2509788767000611e-07
41700.056 2.279129430899665e-07
41750.056 2.0481447076298857e-07
41800.056 2.4978526728002576e-07
41850.056 1.7964383896198144e-07
41900.056 1.8449662611995943e-07
41950.056 2.1202590559401454e-07
42000.056 1.9162426964992917e-07
42050.056 1.7337826483102348e-07
42100.056 2.43795824654973e-07
42150.056 1.8793516630600562e-07
42200.056 1.8391716262798363e-07
42250.056 1.7744996246800139e-07
42300.056 1.6386805036299522e-07
42350.056 2.18974029086017e-07
42400.056 2.3279753582601443e-07
42450.056 2.0297132658803178e-07
42500.056 2.072314984259879e-07
42550.056 1.8442857908798716e-07
42600.056 1.9831566612504887e-07
42650.056 2.759849047609597e-07
42700.056 1.7645879272594998e-07
42750.056 1.8090057994002514e-07
42800.056 2.3106335744101536e-07
42850.056 2.545020064709515e-07
42900.056 2.7473799088202906e-07
42950.056 2.0412606347597865e-07
43000.056 2.4017302870800015e-07
43050.056 1.3963039222002828e-07
43100.056 2.11315238659981e-07
43150.056 1.818400813220125e-07
43200.056 2.2776914109001132e-07
43250.056 3.132607373100185e-07
43300.056 2.8819667864200234e-07
43350.056 1.6347446752896667e-07
43400.056 2.2716760891001095e-07
43450.056 1.7422191076801504e-07
43500.056 1.9273000136901717e-07
43550.056 1.8869829561601186e-07
43600.056 2.7029336303601964e-07
43650.056 1.7131391059099833e-07
43700.056 3.006940861930334e-07
43750.056 2.5970746838999595e-07
43800.056 2.3855940943698293e-07
43850.056 2.168174471170257e-07
43900.056 2.045357959549859e-07
43950.056 1.4647194642598947e-07
44000.056 1.348663799770002e-07
44050.056 2.6487089897000926e-07
44100.056 3.4818723679000913e-07
44150.056 3.321757904139871e-07
44200.056 2.838868703200036e-07
44250.056 1.8277953487199477e-07
44300.056 1.4593561528802275e-07
44350.056 1.6971107113702467e-07
44400.056 1.6201639684498966e-07
44450.056 2.5083925040600954e-07
44500.056 2.265387224850364e-07
44550.056 3.083665602399819e-07
44600.056 2.725207255020099e-07
44650.056 2.5480656566599593e-07
44700.056 1.7668339337998352e-07
44750.056 2.3294882389204213e-07
44800.056 1.9137794294701704e-07
44850.056 2.6555953968001666e-07
44900.056 2.1326596685599975e-07
44950.056 2.386207579090165e-07
45000.056 2.638811349100085e-07
45050.056 2.544478444799813e-07
45100.056 2.457356432250147e-07
45150.056 2.3477159667198657e-07
45200.056 1.7901876183001137e-07
45250.056 2.0275301792296566e-07
45300.056 1.8573014209802362e-07
45350.056 1.6980063789681083e-07
45400.056 3.143283259200275e-07
45450.056 2.8440863622502115e-07
45500.056 3.075937106300169e-07
45550.056 3.3910153402994687e-07
45600.056 3.193857146500304e-07
45650.056 2.7142370237498743e-07
45700.056 1.8597762403899413e-07
45750.056 1.6872563072400388e-07
45800.056 3.449753565900147e-07
45850.056 3.0707714294699647e-07
45900.056 3.37605832439998e-07
45950.056 2.7378652831599223e-07
46000.056 3.2367412791003465e-07
46050.056 2.579494890140023e-07
46100.056 3.5534016207998305e-07
46150.056 2.315717014110008e-07
46200.056 2.0986988266798485e-07
46250.056 1.0649151798658908e-07
46300.056 2.430774783040028e-07
46350.056 2.573932065500225e-07
46400.056 2.4478136733501136e-07
46450.056 2.119887778259953e-07
46500.056 2.343718185470428e-07
46550.056 1.5541394545200696e-07
46600.056 2.028426817283726e-07
46650.056 2.9388072747001903e-07
46700.056 2.0842638848996538e-07
46750.056 1.245281009270177e-07
46800.056 9.31803384474e-08
46850.056 2.866614009430326e-07
46900.056 2.894479487049879e-07
46950.056 2.7213256721997846e-07
47000.056 2.6530165017802926e-07
47050.056 2.0907193079293782e-07
47100.056 1.5335952983700937e-07
47150.056 2.2321865809002919e-07
47200.056 2.5958109204998923e-07
47250.056 1.5384418751398232e-07
47300.056 1.0845820723041586e-07
47350.056 2.89686087110005e-07
47400.056 2.6259332462998373e-07
47450.056 2.2362662163483036e-07
47500.056 2.9551697047998235e-07
47550.056 2.495217332400096e-07
47600.056 2.4989757718697954e-07
47650.056 2.519321913235825e-07
47700.056 2.0634519800174583e-07
47750.056 1.5872943183200202e-07
47800.056 1.444124552540165e-07
47850.056 8.485888205080971e-08
47900.056 1.2048785579699237e-07
47950.056 2.3189680682000758e-07
48000.056 2.946531867900056e-07
48050.056 2.556941743019832e-07
48100.056 1.245367764966048e-07
48150.056 1.9421186038700566e-07
48200.056 1.558991685149954e-07
48250.056 1.917419336720006e-07
48300.056 2.7500567132998926e-07
48350.056 1.8282893658898807e-07
48400.056 6.753649266168679e-08
48450.056 1.3001103971902702e-07
48500.056 1.8933552858696252e-07
48550.056 1.9946568372221768e-07
48600.056 2.195755400270065e-07
48650.056 2.641823680699932e-07
48700.056 1.9718749151401619e-07
48750.056 1.2498169837303507e-07
48800.056 2.3664914110801398e-07
48850.056 1.4576374158217572e-07
48900.056 2.0827406106018422e-07
48950.056 1.3236451391799902e-07
49000.056 7.486884964398818e-08
49050.056 1.885037026849759e-07
49100.056 2.160170703556296e-07
49150.056 1.6638325134509877e-07
49200.056 2.393335600500274e-07
49250.056 2.3483722294001388e-07
49300.056 2.0067003225199367e-07
49350.056 1.0299871208491938e-07
49400.056 1.4303849621697028e-07
49450.056 1.4348497172403494e-07
49500.056 1.2139264396278676e-07
49550.056 4.2438411345000074e-08
49600.056 9.24407441941743e-08
49650.056 1.4854329250499428e-07
49700.056 1.5897150665496334e-07
49750.056 1.762698882139897e-07
49800.056 1.2707526908999613e-07
49850.056 2.103495978940242e-07
49900.056 1.8378932635199428e-07
49950.056 1.6604812138499693e-07
50000.056 1.4918791866958703e-07
50050.056 1.7627192940300013e-07
50100.056 1.4498929625399261e-07
50150.056 8.177455437098791e-08
50200.056 2.6238968579748684e-08
50250.056 1.0690846098899564e-07
50300.056 7.536423646520944e-08
50350.056 1.6900005820001962e-07
50400.056 1.644438218199899e-07
50450.056 1.1955150816280087e-07
50500.056 1.7949712016301043e-07
50550.056 1.6489463290000439e-07
50600.056 1.224125362959688e-07
50650.056 1.8290048362402993e-07
50700.056 1.9864772556998938e-07
50750.056 1.3369667362701046e-07
50800.056 6.4200559441689e-08
50850.056 4.71033126370174e-08
50900.056 1.676685113840016e-07
50950.056 1.3594041872299865e-07
51000.056 1.2846376155691144e-07
51050.056 1.5301570644698065e-07
51100.056 6.951062610469328e-08
51150.056 8.746585558201249e-08
51200.056 1.9745525145999157e-07
51250.056 1.3646512529498042e-07
51300.056 9.69934083190218e-08
51350.056 1.0477839921338744e-07
51400.056 5.330519178550835e-08
51450.056 4.21764528911888e-08
51500.056 3.90453262852934e-08
51550.056 1.1140895481541222e-07
51600.056 8.593468175611054e-08
51650.056 1.0185719948298994e-07
51700.056 1.1412586405640737e-07
51750.056 7.799907196250761e-08
51800.056 1.2733503532197966e-07
51850.056 1.050259866079946e-07
51900.056 1.539838224200064e-07
51950.056 1.0500869595198913e-07
52000.056 1.9955041972693705e-08
52050.056 6.345768148930783e-08
52100.056 4.377388650399509e-08
52150.056 3.069971838716484e-08
52200.056 5.538942174299825e-08
52250.056 8.254298853211312e-08
52300.056 1.2435958387199594e-07
52350.056 5.4648521874427447e-08
52400.056 5.163269725430114e-08
52450.056 1.2115457459701314e-07
52500.056 1.0628018210947318e-07
52550.056 1.0688415448899172e-07
52600.056 7.976113909160308e-08
52650.056 8.678438864601035e-08
52700.056 6.813244805079982e-08
52750.056 3.90806122863132e-08
52800.056 5.6980767500107966e-08
52850.056 6.645694110558191e-08
52900.056 4.4014667067531664e-08
52950.056 5.797388470140458e-08
53000.056 8.553128375900639e-08
53050.056 4.1155983368988866e-08
53100.056 9.092077236499992e-08
53150.056 1.103118705160101e-07
53200.056 4.621610093869498e-08
53250.056 9.649276654800757e-08
53300.056 1.1026456035114073e-07
53350.056 9.470393324599866e-08
53400.056 7.274818429899656e-08
53450.056 3.2888158120092113e-08
53500.056 1.151158245655578e-08
