galfind/configs/Brown_Dwarf_templates/sonora_bobcat/m0.0/1000g/co1.5/sp_t425g1000nc_m+0.0_co1.5_resample.dat
# %ECSV 1.0
# ---
# datatype:
# - {name: wav, unit: Angstrom, datatype: float64}
# - {name: flux_nu, unit: erg / (cm2 Hz s), datatype: float64}
# meta: {C/O: '1.50', Kzz: '1.0000E+05', Teff: '425.', Y: '0.28', '[Fe/H]': '0.00', f_hole: '1.00', f_rain: '0.00', grav: '1000.'}
# schema: astropy-2.0
wav flux_nu
[from data line 498]
28900.056 9.898859746780908e-11
28950.056 1.383735218381284e-10
29000.056 9.7785337077078e-11
29050.056 1.6927329186038935e-10
29100.056 6.755598603160715e-11
29150.056 1.2045604053086118e-10
29200.056 2.6649204093640704e-10
29250.056 2.4976254174324015e-10
29300.056 1.5348848680433352e-10
29350.056 4.3131325815360407e-10
29400.056 1.598153526350282e-10
29450.056 8.73385893867254e-11
29500.056 4.406303716256896e-10
29550.056 1.388333824451874e-10
29600.056 1.8190641154703033e-10
29650.056 6.827712034175753e-10
29700.056 1.09118696191965e-10
29750.056 4.125107821386031e-10
29800.056 2.6521230283989133e-10
29850.056 6.157178258258718e-10
29900.056 2.627076351963146e-10
29950.056 2.7372643505655494e-10
30000.056 4.772863049536301e-12
30050.056 3.8237065992129093e-11
30100.056 1.561295904132209e-10
30150.056 5.630719657606453e-10
30200.056 3.647987744959927e-10
30250.056 6.844803751494879e-10
30300.056 8.032925566056465e-10
30350.056 1.7719050687723184e-10
30400.056 9.148933600016401e-10
30450.056 6.416036333149303e-10
30500.056 3.758204434764171e-10
30550.056 2.8649977159729843e-10
30600.056 2.4705592306339635e-09
30650.056 9.850758753350495e-10
30700.056 5.501873339649159e-10
30750.056 1.0460037778660922e-09
30800.056 1.0016164283794917e-09
30850.056 1.0517468242466056e-09
30900.056 5.787022092394613e-10
30950.056 4.2915628960374467e-10
31000.056 5.606055270073038e-10
31050.056 4.0452701779412505e-10
31100.056 2.1412688641638477e-10
31150.056 4.0744747632264675e-10
31200.056 1.2874763067899336e-09
31250.056 4.660201008773985e-10
31300.056 3.0545381562822253e-10
31350.056 7.870487926923683e-10
31400.056 4.538833729550651e-10
31450.056 5.195853970643455e-10
31500.056 1.6127347300947381e-10
31550.056 3.196282555376788e-10
31600.056 2.2022857235429283e-10
31650.056 1.6675954248810393e-10
31700.056 1.5063696718745024e-10
31750.056 5.907147039951715e-11
31800.056 1.2928669986171823e-10
31850.056 2.296330820450524e-11
31900.056 6.072666363779705e-11
31950.056 2.848286734175304e-11
32000.056 2.576554526810271e-11
32050.056 2.8808040879668707e-11
32100.056 2.2308904506462626e-11
32150.056 2.3302645651900758e-11
32200.056 1.0582677754301293e-11
32250.056 2.6362705709025598e-11
32300.056 6.948848949404606e-12
32350.056 2.6399160006086615e-11
32400.056 3.2210638948923207e-12
32450.056 1.8819382032933264e-11
32500.056 3.5823911677882997e-12
32550.056 1.7230508257363894e-11
32600.056 3.615423273193365e-12
32650.056 3.702169581620683e-11
32700.056 6.184512925265484e-12
32750.056 9.016947205504122e-11
32800.056 4.79875554578236e-11
32850.056 1.9340781272625177e-10
32900.056 1.6852458558138853e-10
32950.056 1.8049403992376933e-10
33000.056 5.2078678572529367e-11
33050.056 4.827201834835693e-11
33100.056 8.729800748125675e-12
33150.056 4.9149175052846915e-15
33200.056 3.65529974084501e-13
33250.056 7.428083541700419e-13
33300.056 9.086291201341287e-12
33350.056 2.4376641175605032e-11
33400.056 9.812689533137079e-11
33450.056 3.2603020435736265e-11
33500.056 1.530246852070609e-10
33550.056 2.4574213042594264e-11
33600.056 6.713194449019539e-11
33650.056 6.798910433185622e-11
33700.056 1.5566348866625447e-11
33750.056 8.76546745055304e-11
33800.056 6.145348792710278e-12
33850.056 4.021845499232861e-11
33900.056 4.22412071641301e-11
33950.056 3.7303560938869786e-11
34000.056 8.857451450955276e-11
34050.056 1.340562545562045e-11
34100.056 9.207763494189989e-11
34150.056 2.7285090499131674e-11
34200.056 9.924028976624243e-11
34250.056 5.017697379471194e-11
34300.056 5.622811010540422e-11
34350.056 1.9807374937394848e-10
34400.056 3.5198441588652714e-11
34450.056 1.6657551780159214e-10
34500.056 6.865765233780848e-11
34550.056 8.254194540050397e-11
34600.056 3.9822826686995004e-10
34650.056 3.269963400175759e-11
34700.056 2.494887367838757e-10
34750.056 1.2809681569261793e-10
34800.056 9.049066197117928e-11
34850.056 4.1711856783260786e-10
34900.056 5.199618437592385e-11
34950.056 4.255599970648473e-10
35000.056 5.826181426203123e-10
35050.056 3.3879755896157374e-10
35100.056 8.45709611177064e-10
35150.056 7.053559710443444e-10
35200.056 5.106217050546699e-10
35250.056 1.0348964181654174e-09
35300.056 2.5872055321280184e-10
35350.056 3.665274162991242e-10
35400.056 2.541833022826827e-10
35450.056 2.337681830881212e-10
35500.056 9.330432357585235e-10
35550.056 5.099522062505713e-10
35600.056 8.069475364433826e-10
35650.056 9.727206616248685e-10
35700.056 9.63567734038872e-10
35750.056 1.3704399629999544e-09
35800.056 7.115062024936303e-10
35850.056 3.4796373494431337e-10
35900.056 5.041655025607905e-10
35950.056 9.052842870939208e-10
36000.056 9.59950185302101e-10
36050.056 6.646427122969472e-10
36100.056 6.125265706176614e-10
36150.056 1.9630939625987587e-09
36200.056 1.945250627182327e-09
36250.056 1.0953975767424107e-09
36300.056 3.138684609097045e-09
36350.056 1.7062270791874582e-09
36400.056 2.852211952070773e-09
36450.056 2.1049334939925056e-09
36500.056 2.259846994739883e-09
36550.056 4.573633792626348e-09
36600.056 5.047787249209002e-09
36650.056 2.8522753380405865e-09
36700.056 3.1636985854692244e-09
36750.056 4.837116731701784e-09
36800.056 5.768970117194737e-09
36850.056 2.688805719214126e-09
36900.056 3.732772799253418e-09
36950.056 6.1377505467238966e-09
37000.056 3.729007606465248e-09
37050.056 6.515593179273907e-09
37100.056 2.540267554589767e-09
37150.056 4.039545832667555e-09
37200.056 8.257652607199426e-09
37250.056 4.009419716468878e-09
37300.056 2.5525871883615528e-09
37350.056 4.963964184152578e-09
37400.056 8.59118890346531e-09
37450.056 2.882429815292227e-09
37500.056 4.0973086325294435e-09
37550.056 1.0797097464302796e-08
37600.056 1.6568079705500765e-08
37650.056 3.823596888954721e-09
37700.056 7.897733113931212e-09
37750.056 5.5816762442753065e-09
37800.056 5.900354768725421e-09
37850.056 3.043206065139892e-09
37900.056 3.596666153750131e-09
37950.056 6.998379949850129e-09
38000.056 6.3642960117228376e-09
38050.056 1.020520599459706e-08
38100.056 1.4097233973555096e-08
38150.056 1.5650640126272638e-08
38200.056 1.0586552028188989e-08
38250.056 1.4182847266303487e-08
38300.056 2.4516495065314616e-08
38350.056 1.874937614464551e-08
38400.056 6.992416348024866e-09
38450.056 2.893401660276869e-09
38500.056 2.222296947836463e-09
38550.056 8.857612327801305e-09
38600.056 1.0397007242097626e-08
38650.056 1.1172714490517145e-08
38700.056 9.719291747067109e-09
38750.056 1.1007490167069435e-08
38800.056 9.760692530980272e-09
38850.056 1.2439186118801555e-08
38900.056 1.479206826402011e-08
38950.056 8.272434853821207e-09
39000.056 1.4881218485526774e-08
39050.056 7.546430780564732e-09
39100.056 1.2611665114122658e-08
39150.056 1.8557177725560014e-08
39200.056 1.3054194136499159e-08
39250.056 1.8516986294740508e-08
39300.056 1.3130313409359919e-08
39350.056 2.5629162843099865e-08
39400.056 1.452553693803227e-08
39450.056 2.0976202004487094e-08
39500.056 2.425046076380016e-08
39550.056 1.0503462427538217e-08
39600.056 1.9307221572521907e-08
39650.056 3.077821051099883e-08
39700.056 2.611681125300212e-08
39750.056 1.0308099809080472e-08
39800.056 1.1225895597020344e-08
39850.056 3.2439338651002364e-08
39900.056 3.54875915310015e-08
39950.056 1.585357946120033e-08
40000.056 2.8888472097399966e-08
40050.056 2.993867206819925e-08
40100.056 8.470402056330014e-09
40150.056 2.5884110333801868e-08
40200.056 3.1631073323996694e-08
40250.056 3.5142760214493374e-08
40300.056 3.394650975300462e-08
40350.056 1.691416354124511e-08
40400.056 2.8251186392061838e-08
40450.056 1.3307349971481784e-08
40500.056 3.5664397656998503e-08
40550.056 3.3200929617992023e-08
40600.056 3.34706639609996e-08
40650.056 2.3673257899455345e-08
40700.056 4.899310137099833e-08
40750.056 3.227677174679683e-08
40800.056 1.6887418728606126e-08
40850.056 5.3760968091006474e-08
40900.056 4.882713671099596e-08
40950.056 3.188458562034223e-08
41000.056 3.157001987079856e-08
41050.056 5.880201080599801e-08
41100.056 4.70094559671974e-08
41150.056 1.5063171728438788e-08
41200.056 5.350637109300607e-08
41250.056 4.588064131919115e-08
41300.056 5.176804761700478e-08
41350.056 6.493476462199974e-08
41400.056 5.0391678915998974e-08
41450.056 6.326108276599928e-08
41500.056 3.5079752138113276e-08
41550.056 3.3235154712707705e-08
41600.056 3.9284261583969544e-08
41650.056 5.778539578300368e-08
41700.056 7.376921961699287e-08
41750.056 5.5397596997000284e-08
41800.056 6.647115958100222e-08
41850.056 4.8788677311694844e-08
41900.056 3.9718914560389876e-08
41950.056 4.542109962169905e-08
42000.056 3.1047364970683476e-08
42050.056 3.425325415580603e-08
42100.056 4.818854137599641e-08
42150.056 4.7299676388797906e-08
42200.056 4.8364013422995465e-08
42250.056 3.780613535780454e-08
42300.056 3.138407347529787e-08
42350.056 5.715154950910224e-08
42400.056 6.701538259500374e-08
42450.056 6.691738069000546e-08
42500.056 7.009269458899738e-08
42550.056 6.047192399699763e-08
42600.056 5.3156884690412956e-08
42650.056 8.214368119999155e-08
42700.056 3.805466872039065e-08
42750.056 5.4187232337007995e-08
42800.056 8.01914057400024e-08
42850.056 8.568423679498997e-08
42900.056 8.735369348200541e-08
42950.056 6.378761312200084e-08
43000.056 7.680183789199848e-08
43050.056 3.900623874200124e-08
43100.056 6.549548171799782e-08
43150.056 5.741684775400136e-08
43200.056 7.670942227700423e-08
43250.056 1.1003595712300314e-07
43300.056 9.328708425699797e-08
43350.056 5.112002462599501e-08
43400.056 7.542893234800363e-08
43450.056 5.432343468200159e-08
43500.056 5.3823373649004355e-08
43550.056 5.2778588838503425e-08
43600.056 9.256785978000187e-08
43650.056 5.1476207334996297e-08
43700.056 9.663188154101371e-08
43750.056 9.555038592899428e-08
43800.056 8.063218651999828e-08
43850.056 7.43143998950082e-08
43900.056 5.7704250324998434e-08
43950.056 4.188507763999794e-08
44000.056 3.98151449509995e-08
44050.056 9.111676025400591e-08
44100.056 1.261418720340028e-07
44150.056 1.1179433430299451e-07
44200.056 1.0293245559200244e-07
44250.056 6.025923196199635e-08
44300.056 4.0800112895002737e-08
44350.056 4.5697720489803406e-08
44400.056 4.753894056099774e-08
44450.056 8.168898668300674e-08
44500.056 7.050974941400544e-08
44550.056 1.0235902881599915e-07
44600.056 7.987461520180189e-08
44650.056 8.325605465499487e-08
44700.056 5.4338948953993724e-08
44750.056 7.562322562500871e-08
44800.056 5.244188634440257e-08
44850.056 7.686023009500339e-08
44900.056 6.965174529299744e-08
44950.056 8.064719414200634e-08
45000.056 9.332225636600076e-08
45050.056 8.600494536499344e-08
45100.056 7.872634902200574e-08
45150.056 7.043743882799711e-08
45200.056 4.769251022150204e-08
45250.056 5.654801004599362e-08
45300.056 5.5930919529005166e-08
45350.056 4.137426586160537e-08
45400.056 1.1070338682500581e-07
45450.056 9.375792793000926e-08
45500.056 1.0850438877800551e-07
45550.056 1.1970024663698536e-07
45600.056 1.0491932480500598e-07
45650.056 8.99930498799933e-08
45700.056 5.082464897539643e-08
45750.056 4.3192959263703345e-08
45800.056 1.119047180360042e-07
45850.056 9.178313887100322e-08
45900.056 1.1567893158499683e-07
45950.056 1.0308821899399424e-07
46000.056 1.1018472116200799e-07
46050.056 8.929223229100627e-08
46100.056 1.238628845919933e-07
46150.056 7.302139494100027e-08
46200.056 5.82949439655927e-08
46250.056 2.157146830871885e-08
46300.056 7.26963092750048e-08
46350.056 8.18392746980074e-08
46400.056 8.116485501200212e-08
46450.056 6.687689179319441e-08
46500.056 7.693271275900844e-08
46550.056 4.351912705189795e-08
46600.056 5.088250816829359e-08
46650.056 8.186843335300413e-08
46700.056 5.824111057599223e-08
46750.056 2.46410093369039e-08
46800.056 1.6209454566398004e-08
46850.056 7.373997113301026e-08
46900.056 9.319973714699672e-08
46950.056 9.067224164099597e-08
47000.056 9.09332923960056e-08
47050.056 6.001692778698415e-08
47100.056 4.4975387685001035e-08
47150.056 7.191716537700879e-08
47200.056 8.07583475869969e-08
47250.056 3.509926116299314e-08
47300.056 2.41791154391667e-08
47350.056 8.323036929300537e-08
47400.056 8.789508796099723e-08
47450.056 5.639587622950564e-08
47500.056 1.0024037917600064e-07
47550.056 8.307863900100242e-08
47600.056 7.068284283399231e-08
47650.056 8.041398501839685e-08
47700.056 6.198777058630874e-08
47750.056 4.488872080300022e-08
47800.056 3.334228703800246e-08
47850.056 1.3337522382692222e-08
47900.056 2.3210318857379914e-08
47950.056 6.731953076300498e-08
48000.056 8.802988219599504e-08
48050.056 6.773838700759808e-08
48100.056 2.98824102169408e-08
48150.056 5.583893652000306e-08
48200.056 3.835518483961642e-08
48250.056 5.728148258000076e-08
48300.056 8.187971868800014e-08
48350.056 4.970464344099377e-08
48400.056 9.639237035641357e-09
48450.056 2.0782868358605033e-08
48500.056 4.115355978199203e-08
48550.056 4.9523688818828385e-08
48600.056 7.578700341300159e-08
48650.056 9.128791508499789e-08
48700.056 6.35774610830057e-08
48750.056 4.3960223834003e-08
48800.056 7.266756121200342e-08
48850.056 3.590551608039473e-08
48900.056 4.1324361788495896e-08
48950.056 2.2386508910398733e-08
49000.056 1.2736059066267154e-08
49050.056 4.2050718253895446e-08
49100.056 5.718781640137876e-08
49150.056 4.4960183300199034e-08
49200.056 7.427589237800631e-08
49250.056 7.859434000700066e-08
49300.056 6.30803519539961e-08
49350.056 2.470643508897414e-08
49400.056 3.432387841289306e-08
49450.056 2.888592222815628e-08
49500.056 2.3890534672385724e-08
49550.056 3.991125817599979e-09
49600.056 1.2399025624248319e-08
49650.056 3.785571189700274e-08
49700.056 4.7835325642995296e-08
49750.056 4.100133820349743e-08
49800.056 2.2833556604119732e-08
49850.056 5.582929325200566e-08
49900.056 5.729850675299886e-08
49950.056 5.130720462899814e-08
50000.056 3.40079183619154e-08
50050.056 4.064387684440392e-08
50100.056 3.47168286669982e-08
50150.056 1.3453366097347433e-08
50200.056 1.86591710030493e-09
50250.056 1.3456850087399888e-08
50300.056 9.226014946670904e-09
50350.056 3.8806390235004416e-08
50400.056 4.691386076899788e-08
50450.056 3.356120328840041e-08
50500.056 5.422407750700261e-08
50550.056 5.4037316419000786e-08
50600.056 3.543104121398968e-08
50650.056 5.536073688600716e-08
50700.056 5.601463678499862e-08
50750.056 3.155553242199931e-08
50800.056 9.15227854413412e-09
50850.056 4.073954009680085e-09
50900.056 3.2324433840003005e-08
50950.056 3.449666849199727e-08
51000.056 2.4620193685584146e-08
51050.056 3.9128111642594594e-08
51100.056 1.4515780224670283e-08
51150.056 1.3239613581755225e-08
51200.056 4.8469337869000416e-08
51250.056 3.76623959789943e-08
51300.056 2.294356164260248e-08
51350.056 2.0323526315588387e-08
51400.056 5.511893578447236e-09
51450.056 4.516296225452583e-09
51500.056 4.0227281700076015e-09
51550.056 1.8738112639803294e-08
51600.056 2.0066883992502445e-08
51650.056 2.827825587199907e-08
51700.056 2.5587094024432602e-08
51750.056 1.7689200358078266e-08
51800.056 3.547604548299836e-08
51850.056 2.7002786935898587e-08
51900.056 2.9622735931001217e-08
51950.056 1.495158822099739e-08
52000.056 1.111045677222532e-09
52050.056 7.369986917000812e-09
52100.056 3.7182050413591462e-09
52150.056 2.005301006936684e-09
52200.056 8.615392382699657e-09
52250.056 1.6368783456902733e-08
52300.056 2.0033310319998606e-08
52350.056 4.3506369130415475e-09
52400.056 5.043310062885985e-09
52450.056 2.390003441890292e-08
52500.056 1.7644201037114244e-08
52550.056 2.3301753601498143e-08
52600.056 1.8207073342821887e-08
52650.056 2.172483248540045e-08
52700.056 1.3027471953399589e-08
52750.056 4.407883066324379e-09
52800.056 8.794966286601707e-09
52850.056 1.1115814062597428e-08
52900.056 3.4418396324666877e-09
52950.056 6.653106540451217e-09
53000.056 1.5443184874300933e-08
53050.056 5.048198109155147e-09
53100.056 2.1522909594002075e-08
53150.056 2.3486666251999852e-08
53200.056 8.933674510889457e-09
53250.056 1.9641048376800164e-08
53300.056 2.1208343311914123e-08
53350.056 1.8330368571999802e-08
53400.056 1.0972007557098769e-08
53450.056 2.7190002133390743e-09
53500.056 4.2480832430386236e-10
53550.056 1.1255173546029888e-09
53600.056 6.673053043925461e-09
