galfind/configs/Brown_Dwarf_templates/sonora_bobcat/m0.0/1000g/co1.5/sp_t525g1000nc_m+0.0_co1.5_resample.dat
# %ECSV 1.0
# ---
# datatype:
# - {name: wav, unit: Angstrom, datatype: float64}
# - {name: flux_nu, unit: erg / (cm2 Hz s), datatype: float64}
# meta: {C/O: '1.50', Kzz: '1.0000E+05', Teff: '525.', Y: '0.28', '[Fe/H]': '0.00', f_hole: '1.00', f_rain: '0.00', grav: '1000.'}
# schema: astropy-2.0
wav flux_nu
[from data line 499]
28950.056 1.0045054461072343e-09
29000.056 8.016217361114852e-10
29050.056 1.1870116439376443e-09
29100.056 5.934808288527815e-10
29150.056 1.0986538588247657e-09
29200.056 1.3668811667579156e-09
29250.056 1.7476599643402599e-09
29300.056 9.363934549390369e-10
29350.056 2.8358349373694484e-09
29400.056 1.0208791622867494e-09
29450.056 8.802934753564462e-10
29500.056 2.3854729978173472e-09
29550.056 1.0237973525225314e-09
29600.056 1.4191123035350537e-09
29650.056 3.420403387680673e-09
29700.056 9.381586750274343e-10
29750.056 2.4558420502912957e-09
29800.056 1.9871098256004497e-09
29850.056 3.206767555310898e-09
29900.056 1.8806700488913558e-09
29950.056 1.870070596726412e-09
30000.056 6.084384006541679e-11
30050.056 2.7553436367424737e-10
30100.056 8.526471519835284e-10
30150.056 2.703726812943732e-09
30200.056 2.046861919115202e-09
30250.056 4.029114899449318e-09
30300.056 4.238919023797956e-09
30350.056 1.498595825590749e-09
30400.056 4.8179249182758126e-09
30450.056 3.0799997324246466e-09
30500.056 2.587565196967364e-09
30550.056 1.990429879576985e-09
30600.056 8.161711359390486e-09
30650.056 3.867752086021471e-09
30700.056 2.816591935377865e-09
30750.056 4.54189215269868e-09
30800.056 3.739160025884829e-09
30850.056 3.929961915301942e-09
30900.056 2.376997966725368e-09
30950.056 2.0578039672539206e-09
31000.056 2.357441435076769e-09
31050.056 2.2167020758776132e-09
31100.056 1.1445581012929489e-09
31150.056 2.0987970910957214e-09
31200.056 4.564453552090264e-09
31250.056 2.0283812703058976e-09
31300.056 1.5200169922403634e-09
31350.056 2.644184114356007e-09
31400.056 1.6960292771934387e-09
31450.056 2.0392818708417446e-09
31500.056 7.289354262572766e-10
31550.056 1.2795635350404783e-09
31600.056 8.58489450734251e-10
31650.056 6.862526819741398e-10
31700.056 7.32167520578218e-10
31750.056 3.120994851577804e-10
31800.056 6.985464985660872e-10
31850.056 1.6145818366006148e-10
31900.056 3.913569704730765e-10
31950.056 1.9001430550586618e-10
32000.056 2.2862949455785711e-10
32050.056 2.4889539374324614e-10
32100.056 1.8818447259053632e-10
32150.056 2.4131985067702666e-10
32200.056 1.2152587251513106e-10
32250.056 3.0334880679377377e-10
32300.056 9.372274426415424e-11
32350.056 3.0610866918663967e-10
32400.056 6.349260053171236e-11
32450.056 2.5407169713150794e-10
32500.056 8.43226037188378e-11
32550.056 2.0997253040704343e-10
32600.056 1.0604783115810073e-10
32650.056 4.265002135661564e-10
32700.056 1.585698816802766e-10
32750.056 8.111147953853443e-10
32800.056 5.855736816430572e-10
32850.056 1.3308245939851775e-09
32900.056 1.2584475566354847e-09
32950.056 1.348441497736213e-09
33000.056 5.471129655025411e-10
33050.056 6.241809560010126e-10
33100.056 1.5064594498378035e-10
33150.056 3.361806074760949e-13
33200.056 5.853218804480069e-12
33250.056 8.594929618065179e-12
33300.056 4.757787669577343e-11
33350.056 1.4686445498237182e-10
33400.056 4.57516964044259e-10
33450.056 3.090134773556497e-10
33500.056 1.0639259187805518e-09
33550.056 2.6491891740780874e-10
33600.056 6.447071449784272e-10
33650.056 6.042888200328924e-10
33700.056 2.2570862035631497e-10
33750.056 8.21937448108477e-10
33800.056 1.0380043697447761e-10
33850.056 4.0355152860266955e-10
33900.056 4.226913634623648e-10
33950.056 3.418331569189935e-10
34000.056 7.100118850114492e-10
34050.056 1.2742767643512944e-10
34100.056 6.666561007798044e-10
34150.056 2.531456794831962e-10
34200.056 6.591954894675969e-10
34250.056 4.5331573185899826e-10
34300.056 4.00210552693747e-10
34350.056 9.632605100797431e-10
34400.056 2.752562632404328e-10
34450.056 9.287220499210816e-10
34500.056 5.058202405672284e-10
34550.056 3.4729920568518747e-10
34600.056 1.5783552191721028e-09
34650.056 2.545197629221117e-10
34700.056 1.1050772866848094e-09
34750.056 6.80311682512439e-10
34800.056 5.055499298185681e-10
34850.056 1.8238068149466422e-09
34900.056 4.4834566671359576e-10
34950.056 1.5666537315306518e-09
35000.056 2.6674434107662126e-09
35050.056 1.1696499770855068e-09
35100.056 3.054988092207547e-09
35150.056 2.6356929468525444e-09
35200.056 1.9385882897231183e-09
35250.056 3.7111437336363326e-09
35300.056 1.2490610828450074e-09
35350.056 1.9840419058556834e-09
35400.056 1.6507599640129871e-09
35450.056 1.3273659587286763e-09
35500.056 4.483550016967051e-09
35550.056 2.550637939081803e-09
35600.056 3.1696569251073894e-09
35650.056 3.5280440519074985e-09
35700.056 3.261552805871905e-09
35750.056 5.457537904273448e-09
35800.056 4.154260055051632e-09
35850.056 1.9147883106763524e-09
35900.056 2.9044355437183182e-09
35950.056 4.125248459311448e-09
36000.056 4.0910639517707296e-09
36050.056 3.139249145141985e-09
36100.056 2.789111002643001e-09
36150.056 6.246232570233956e-09
36200.056 6.941469428398916e-09
36250.056 4.5231779697153965e-09
36300.056 1.0155616789838943e-08
36350.056 6.3941742453589545e-09
36400.056 9.53980244024661e-09
36450.056 8.081308696906188e-09
36500.056 9.044865615947099e-09
36550.056 1.4101041490065943e-08
36600.056 1.566667622519605e-08
36650.056 1.086557287449106e-08
36700.056 1.0816033770701372e-08
36750.056 1.5169372926405137e-08
36800.056 1.7292764941787048e-08
36850.056 1.0423992297499708e-08
36900.056 1.4162217063851141e-08
36950.056 1.7997566928996223e-08
37000.056 1.234729386031696e-08
37050.056 1.924071210203463e-08
37100.056 1.129409326022588e-08
37150.056 1.4029910678729135e-08
37200.056 2.2900392700696964e-08
37250.056 1.3099170718909112e-08
37300.056 1.0273928360266355e-08
37350.056 1.7498602683431848e-08
37400.056 2.6894521523978975e-08
37450.056 1.1157141768524478e-08
37500.056 1.4850293693033984e-08
37550.056 2.9748535954808842e-08
37600.056 4.042084450240471e-08
37650.056 1.3686203268224778e-08
37700.056 2.5493705975462516e-08
37750.056 1.761848978468252e-08
37800.056 1.9485263665894885e-08
37850.056 1.093993461791998e-08
37900.056 1.3245003638270795e-08
37950.056 2.3147773860139545e-08
38000.056 2.1901276148789084e-08
38050.056 2.870671410716709e-08
38100.056 3.735404993720402e-08
38150.056 3.880586131765724e-08
38200.056 3.1453474524877e-08
38250.056 3.4986859971637766e-08
38300.056 5.502123101638712e-08
38350.056 4.915757214301369e-08
38400.056 2.3402734602940388e-08
38450.056 1.3441259705694233e-08
38500.056 9.532026881902358e-09
38550.056 2.7160441539705265e-08
38600.056 2.841175161959346e-08
38650.056 3.2444493700176285e-08
38700.056 3.146497891419429e-08
38750.056 3.140092167119949e-08
38800.056 2.9164241934499336e-08
38850.056 3.4816137564703505e-08
38900.056 4.2533187057681426e-08
38950.056 2.6376624999821678e-08
39000.056 3.928455680319094e-08
39050.056 2.753528039431534e-08
39100.056 3.686666137654146e-08
39150.056 4.810654745519963e-08
39200.056 3.5986246527696875e-08
39250.056 4.906305063410122e-08
39300.056 3.89599050588981e-08
39350.056 6.11171650591003e-08
39400.056 4.06745354367599e-08
39450.056 5.251933098616296e-08
39500.056 5.850018788100293e-08
39550.056 3.299707967286704e-08
39600.056 5.089129424280195e-08
39650.056 7.13423723419964e-08
39700.056 6.149758743480612e-08
39750.056 3.197438447542884e-08
39800.056 3.734504777924952e-08
39850.056 7.69601523110039e-08
39900.056 7.96409364110032e-08
39950.056 4.588450516079863e-08
40000.056 7.238461941300018e-08
40050.056 7.16347782329997e-08
40100.056 2.9544989446522634e-08
40150.056 6.702093572240441e-08
40200.056 7.473146456998943e-08
40250.056 8.07252406964845e-08
40300.056 7.929714339500989e-08
40350.056 4.954431785868902e-08
40400.056 7.565317161608106e-08
40450.056 4.262028756099725e-08
40500.056 8.512036760199425e-08
40550.056 8.330211236197982e-08
40600.056 7.858702296400081e-08
40650.056 6.252177555511618e-08
40700.056 1.1397985579499436e-07
40750.056 7.794467156499155e-08
40800.056 4.849939541218702e-08
40850.056 1.2024041977201432e-07
40900.056 1.0708766680399203e-07
40950.056 7.921144210840785e-08
41000.056 7.847340193599653e-08
41050.056 1.2647860617699e-07
41100.056 1.0444454212499469e-07
41150.056 4.586667788501719e-08
41200.056 1.1819022987201074e-07
41250.056 1.0263435613138294e-07
41300.056 1.0754453384200538e-07
41350.056 1.3206507731199797e-07
41400.056 1.0936428156600209e-07
41450.056 1.321011416619954e-07
41500.056 8.417565902372546e-08
41550.056 7.994166550882e-08
41600.056 9.351857213054382e-08
41650.056 1.205104305920052e-07
41700.056 1.3664574791998276e-07
41750.056 1.1163425439099646e-07
41800.056 1.337662741350106e-07
41850.056 1.0028922472388865e-07
41900.056 9.189613872357791e-08
41950.056 1.0628209126000217e-07
42000.056 8.570451291445873e-08
42050.056 8.414803936301486e-08
42100.056 1.1561924111498808e-07
42150.056 1.0007976491099849e-07
42200.056 9.93569271909894e-08
42250.056 8.68432647872065e-08
42300.056 7.700468242839658e-08
42350.056 1.1734952795600619e-07
42400.056 1.3095643105800746e-07
42450.056 1.2022261564701433e-07
42500.056 1.241728187759936e-07
42550.056 1.0823067625399346e-07
42600.056 1.0841131595102851e-07
42650.056 1.5947381003598052e-07
42700.056 8.717616881337492e-08
42750.056 1.0183191709201558e-07
42800.056 1.406037378630067e-07
42850.056 1.5333580423097577e-07
42900.056 1.6225947749701353e-07
42950.056 1.1936870808999523e-07
43000.056 1.4222184462799844e-07
43050.056 7.61866442220089e-08
43100.056 1.2388032981099137e-07
43150.056 1.0487920372200492e-07
43200.056 1.3697162084900814e-07
43250.056 1.9410014534000815e-07
43300.056 1.7171645235599887e-07
43350.056 9.352798934198582e-08
43400.056 1.364333011700077e-07
43450.056 1.001457017670056e-07
43500.056 1.0725887553401032e-07
43550.056 1.0416476795200668e-07
43600.056 1.650240190880078e-07
43650.056 9.747137452599575e-08
43700.056 1.801591937660233e-07
43750.056 1.6356176870699172e-07
43800.056 1.4496643296599373e-07
43850.056 1.328535770110156e-07
43900.056 1.1287672433899347e-07
43950.056 8.072295347699534e-08
44000.056 7.529379585399917e-08
44050.056 1.6190570698300793e-07
44100.056 2.2085121969000534e-07
44150.056 2.0264654753599093e-07
44200.056 1.7923914625900384e-07
44250.056 1.0779533712299453e-07
44300.056 7.970657129400938e-08
44350.056 9.186223033691042e-08
44400.056 9.060827415499462e-08
44450.056 1.5009730493500964e-07
44500.056 1.3111786860901645e-07
44550.056 1.8739182714999386e-07
44600.056 1.574338568467046e-07
44650.056 1.5211635682499265e-07
44700.056 1.0076322003398899e-07
44750.056 1.378369777320212e-07
44800.056 1.0379132934280778e-07
44850.056 1.495023385180069e-07
44900.056 1.2705350828499663e-07
44950.056 1.441696989980115e-07
45000.056 1.6374482376800383e-07
45050.056 1.54796757012988e-07
45100.056 1.4470216143800997e-07
45150.056 1.3325181688099336e-07
45200.056 9.628725359850584e-08
45250.056 1.1161266945098427e-07
45300.056 1.0658050020501246e-07
45350.056 8.740130807740938e-08
45400.056 1.9830109013001467e-07
45450.056 1.7377854801901643e-07
45500.056 1.96774486409011e-07
45550.056 2.1581974332396885e-07
45600.056 1.9488593808001534e-07
45650.056 1.6513047582099079e-07
45700.056 1.0137277972659451e-07
45750.056 8.875635752230478e-08
45800.056 2.123295435440098e-07
45850.056 1.7986430092700207e-07
45900.056 2.0979098822799433e-07
45950.056 1.7577925102699212e-07
46000.056 2.008718527160195e-07
46050.056 1.594543647560062e-07
46100.056 2.2608484135998888e-07
46150.056 1.366913151510008e-07
46200.056 1.1722234318028664e-07
46250.056 4.975630614247598e-08
46300.056 1.4070355012000598e-07
46350.056 1.5429751596001458e-07
46400.056 1.4795149498600532e-07
46450.056 1.2585372843859197e-07
46500.056 1.4025363811102126e-07
46550.056 8.513686543400068e-08
46600.056 1.0871644125398504e-07
46650.056 1.6481992818600922e-07
46700.056 1.1629084862798218e-07
46750.056 5.8347347706909486e-08
46800.056 4.0791549706397166e-08
46850.056 1.5683879585401934e-07
46900.056 1.7433672135099246e-07
46950.056 1.6531611500998945e-07
47000.056 1.625778265060143e-07
47050.056 1.1757023148436611e-07
47100.056 8.620068010300341e-08
47150.056 1.3477047975801722e-07
47200.056 1.5383912898599327e-07
47250.056 7.758930696888801e-08
47300.056 5.335217626168158e-08
47350.056 1.6603919658200787e-07
47400.056 1.6017819176199237e-07
47450.056 1.1897044605801529e-07
47500.056 1.839821294599935e-07
47550.056 1.5084086309900566e-07
47600.056 1.4262182726248606e-07
47650.056 1.5328586544699292e-07
47700.056 1.1924097430452125e-07
47750.056 8.801035295500074e-08
47800.056 7.357333391800844e-08
47850.056 3.54277285449052e-08
47900.056 5.596478842279828e-08
47950.056 1.3447024252600742e-07
48000.056 1.739179537299957e-07
48050.056 1.4219614274699306e-07
48100.056 6.351242691020243e-08
48150.056 1.0929296364300472e-07
48200.056 8.181009132359516e-08
48250.056 1.1035960078200066e-07
48300.056 1.627459969999987e-07
48350.056 1.0457591710698917e-07
48400.056 2.689398534833361e-08
48450.056 5.603458197766262e-08
48500.056 9.547834773897965e-08
48550.056 1.0754321021861384e-07
48600.056 1.3629786166900313e-07
48650.056 1.655939866099958e-07
48700.056 1.1766689422601157e-07
48750.056 7.582384858001256e-08
48800.056 1.3893086913600868e-07
48850.056 7.689222372238799e-08
48900.056 1.0149166391147077e-07
48950.056 5.987477982299753e-08
49000.056 3.27076228879666e-08
49050.056 9.708334398508861e-08
49100.056 1.2000119371381748e-07
49150.056 9.178980774959865e-08
49200.056 1.4087259674701393e-07
49250.056 1.4400366236800412e-07
49300.056 1.1917319746499478e-07
49350.056 5.26446026177698e-08
49400.056 7.46538841171843e-08
49450.056 6.947707392686584e-08
49500.056 5.836107873929138e-08
49550.056 1.3395383053189914e-08
49600.056 3.671606399034211e-08
49650.056 8.057177614600144e-08
49700.056 9.267634643398392e-08
49750.056 9.244924612689467e-08
49800.056 5.8230723812158405e-08
49850.056 1.1677066646301211e-07
49900.056 1.0824226401599697e-07
49950.056 9.735234744199746e-08
50000.056 7.74327392430913e-08
50050.056 9.236839615700451e-08
50100.056 7.682805254899611e-08
50150.056 3.594340210999373e-08
50200.056 7.26745118881116e-09
50250.056 4.1644097560999126e-08
50300.056 2.8192041321344767e-08
50350.056 8.801686637001048e-08
50400.056 9.375470312699458e-08
50450.056 6.566258325560071e-08
50500.056 1.0515634668400527e-07
50550.056 9.884575459600198e-08
50600.056 6.915444964897998e-08
50650.056 1.0671285735001639e-07
50700.056 1.1395654087699727e-07
50750.056 6.963544670400202e-08
50800.056 2.586711888461543e-08
50850.056 1.462703810228666e-08
50900.056 8.153584289600411e-08
50950.056 7.399987627099621e-08
51000.056 6.081697489648773e-08
51050.056 8.340832780298798e-08
51100.056 3.313065024808885e-08
51150.056 3.676611697631161e-08
51200.056 1.0593220271399774e-07
51250.056 7.691954124398704e-08
51300.056 5.009327805460854e-08
51350.056 5.06281327696125e-08
51400.056 1.9240268224123834e-08
51450.056 1.498920371338149e-08
51500.056 1.3193325611117015e-08
51550.056 4.933515143600728e-08
51600.056 4.319762485460586e-08
51650.056 5.5942505683996566e-08
51700.056 5.797128016006192e-08
51750.056 3.8986030580755784e-08
51800.056 7.101687133899247e-08
51850.056 5.588745683669726e-08
51900.056 7.394934198800356e-08
51950.056 4.3864526598994116e-08
52000.056 4.828274652338138e-09
52050.056 2.3156060591102857e-08
52100.056 1.3748833839897617e-08
52150.056 8.29014582494396e-09
52200.056 2.3299394563298852e-08
52250.056 3.936302046590686e-08
52300.056 5.501847640099723e-08
52350.056 1.6724277098395023e-08
52400.056 1.7792515778559747e-08
52450.056 5.997410488300739e-08
52500.056 4.775691556873918e-08
52550.056 5.284045630999619e-08
52600.056 3.896516911220282e-08
52650.056 4.4465570635403073e-08
52700.056 3.080865042179984e-08
52750.056 1.3902840014064045e-08
52800.056 2.3558553206904062e-08
52850.056 2.8841604735992772e-08
52900.056 1.330651924136253e-08
52950.056 2.1417203621302767e-08
53000.056 3.834640033800305e-08
53050.056 1.5047062687556266e-08
53100.056 4.699207044700293e-08
53150.056 5.309447282000217e-08
53200.056 2.0796267649748104e-08
53250.056 4.5833964265002106e-08
53300.056 5.233326730439465e-08
53350.056 4.427757071699966e-08
53400.056 2.9761442142997442e-08
53450.056 9.916622954947027e-09
53500.056 2.2886496698641512e-09
53550.056 5.473749087963936e-09
