galfind/configs/Brown_Dwarf_templates/sonora_bobcat/m0.0/1000g/co1.5/sp_t275g1000nc_m+0.0_co1.5_resample.dat
# %ECSV 1.0
# ---
# datatype:
# - {name: wav, unit: Angstrom, datatype: float64}
# - {name: flux_nu, unit: erg / (cm2 Hz s), datatype: float64}
# meta: {C/O: '1.50', Kzz: '1.0000E+05', Teff: '275.', Y: '0.28', '[Fe/H]': '0.00', f_hole: '1.00', f_rain: '0.00', grav: '1000.'}
# schema: astropy-2.0
wav flux_nu
4000.0559999999996 nan
4050.0559999999996 6.664044540700102e-19
4100.056 1.267661990730017e-17
4150.056 5.915060431100047e-17
4200.056 1.1239911811800058e-16
4250.056 3.2261793672000193e-16
4300.056 6.343649853700027e-16
4350.056 1.0947115388800038e-15
4400.056 1.801988973800006e-15
4450.056 2.8202215726000094e-15
4500.056 4.288050861700013e-15
4550.056 6.1425014328000125e-15
4600.056 7.359802797900013e-15
4650.056 8.650032267500009e-15
4700.056 8.961652727199996e-15
4750.056 7.927632031799989e-15
4800.056 6.703927552499989e-15
4850.056 5.230683515899986e-15
4900.056 4.276370462199993e-15
4950.056 3.574422087699993e-15
5000.056 2.5565301254999885e-15
5050.056 1.821465270999998e-15
5100.056 1.881060557200003e-15
5150.056 2.0538572969000018e-15
5200.056 2.2910277556000026e-15
5250.056 2.4824785709000015e-15
5300.056 2.6688564772000025e-15
5350.056 2.8803014462000022e-15
5400.056 3.064596492200003e-15
5450.056 3.3403568960000053e-15
5500.056 3.6838844879000036e-15
5550.056 4.043371797800004e-15
5600.056 4.363248304300003e-15
5650.056 4.632081961500002e-15
5700.056 4.6680600287000026e-15
5750.056 4.7172796779999994e-15
5800.056 4.410037677999993e-15
5850.056 3.207418693499966e-15
5900.056 9.998842697250315e-16
5950.056 5.79175655880009e-15
6000.056 1.1747927210700084e-14
6050.056 2.145812067500017e-14
6100.056 3.5663140711000245e-14
6150.056 5.517887602600032e-14
6200.056 8.190557256000042e-14
6250.056 1.1399700098200044e-13
6300.056 1.6244676288000074e-13
6350.056 2.2770168051000095e-13
6400.056 3.114772090900015e-13
6450.056 3.7076007359999966e-13
6500.056 4.902363287100047e-13
6550.056 6.850746548799992e-13
6600.056 9.507460780400088e-13
6650.056 1.348852616900007e-12
6700.056 1.7341218030000079e-12
6750.056 2.34826645300001e-12
6800.056 2.7112551333000025e-12
6850.056 2.5745177592999938e-12
6900.056 1.814790255239977e-12
6950.056 1.1014159169700085e-12
7000.056 1.165051292059985e-12
7050.056 1.1274791840800029e-12
7100.056 1.2558683843899987e-12
7150.056 8.473456149649769e-13
7200.056 4.702474371640031e-13
7250.056 5.233685053099748e-13
7300.056 5.272978706640205e-13
7350.056 8.080474512500041e-13
7400.056 1.148974461840006e-12
7450.056 1.6154813872000155e-12
7500.056 2.0026520505000033e-12
7550.056 2.268778237200005e-12
7600.056 2.389196794900001e-12
7650.056 1.5607731123799792e-12
7700.056 1.611930026880021e-12
7750.056 2.9795253839000216e-12
7800.056 3.725497263000016e-12
7850.056 4.334998276199994e-12
7900.056 5.1644367875000225e-12
7950.056 6.054558550800009e-12
8000.056 7.352252654100026e-12
8050.056 8.565748291000022e-12
8100.056 5.511586830799863e-12
8150.056 2.3145612427401626e-12
8200.056 6.885001427470015e-12
8250.056 7.493715262295249e-12
8300.056 7.650043249959857e-12
8350.056 8.73066595930006e-12
8400.056 1.283605218950037e-11
8450.056 2.083491044900024e-11
8500.056 2.7388016470000205e-11
8550.056 3.530097255600039e-11
8600.056 4.413240579200029e-11
8650.056 4.965060700900012e-11
8700.056 4.744245079799994e-11
8750.056 4.85363954680001e-11
8800.056 4.250361638599944e-11
8850.056 2.511655806609862e-11
8900.056 1.5231582653957591e-12
8950.056 3.4462368598892657e-13
9000.056 3.0041198477485384e-13
9050.056 3.2915324857799943e-12
9100.056 4.1747167807905704e-12
9150.056 7.041895117649694e-12
9200.056 1.7127513668191625e-11
9250.056 1.1916073492148535e-11
9300.056 1.775508572006877e-14
9350.056 9.141719105524127e-15
9400.056 5.60832415744514e-13
9450.056 7.363465285823907e-14
9500.056 9.823449997521972e-14
9550.056 7.631319308555413e-14
9600.056 1.9506135877650686e-13
9650.056 6.909227285651234e-13
9700.056 5.612674889399836e-12
9750.056 5.02240123013061e-12
9800.056 7.32610926561971e-12
9850.056 1.126792653429995e-11
9900.056 1.92494579228009e-11
9950.056 1.793568931190032e-11
10000.056 1.542067202011123e-11
10050.056 1.0705203022499509e-11
10100.056 8.616221338600016e-12
10150.056 4.7265142309997626e-12
10200.056 1.5522227435100152e-12
10250.056 1.5190977812400185e-12
10300.056 2.9408501789298725e-12
10350.056 1.3321614463200836e-12
10400.056 3.375913731000107e-12
10450.056 4.995922475899845e-12
10500.056 6.679952196200114e-12
10550.056 8.922165507300043e-12
10600.056 9.41238268940001e-12
10650.056 8.338899395999918e-12
10700.056 6.375119817399912e-12
10750.056 5.257451432299906e-12
10800.056 4.371277883700038e-12
10850.056 3.5301047964999618e-12
10900.056 2.80497927659993e-12
10950.056 1.790100289029982e-12
11000.056 9.937878035999428e-13
11050.056 3.6344710892498636e-13
11100.056 7.993779612037075e-14
11150.056 1.1844726190750626e-14
11200.056 3.4698734530237254e-15
11250.056 2.8731540773526662e-15
11300.056 1.5889737006054068e-14
11350.056 2.4241770859107975e-15
11400.056 3.622957005459298e-14
11450.056 1.562699896646888e-14
11500.056 1.5272379935915968e-14
11550.056 3.0873133552278982e-15
11600.056 5.16249575485725e-16
11650.056 6.867193436431778e-15
11700.056 1.6265754300995824e-14
11750.056 5.791202357839521e-15
11800.056 3.2393061237485515e-14
11850.056 3.401364188504265e-14
11900.056 5.440518374780098e-14
11950.056 1.0841630832300327e-13
12000.056 1.6259246350300728e-13
12050.056 2.6384090349200503e-13
12100.056 3.0549196138500336e-13
12150.056 4.4389828624800724e-13
12200.056 5.498084642999957e-13
12250.056 1.026899433048035e-12
12300.056 1.8961067348900806e-12
12350.056 2.54499222587008e-12
12400.056 4.375106163700089e-12
12450.056 7.681366500000199e-12
12500.056 1.013224613879987e-11
12550.056 1.113599758270022e-11
12600.056 1.7191448267300552e-11
12650.056 2.756373872500067e-11
12700.056 3.373178746599972e-11
12750.056 2.7333715172999933e-11
12800.056 2.0307491489999433e-11
12850.056 1.1594353586499501e-11
12900.056 6.915755169399858e-12
12950.056 5.3107055999700236e-12
13000.056 5.674531953300326e-12
13050.056 2.9947293188797792e-12
13100.056 3.251570989989831e-12
13150.056 1.3016302006241575e-12
13200.056 1.374276415874413e-12
13250.056 1.7686071743851979e-12
13300.056 3.5972065159559967e-13
13350.056 2.1040014066117633e-13
13400.056 3.5882148188218425e-14
13450.056 2.6293707808217637e-15
13500.056 2.0612774472920761e-16
13550.056 8.987179181664802e-18
13600.056 5.817277317080227e-19
13650.056 6.496054406292746e-18
13700.056 2.2118193235575068e-18
13750.056 4.180591887702056e-17
13800.056 4.899087996688122e-17
13850.056 6.14270196619214e-18
13900.056 4.064578487008277e-17
13950.056 1.922022607196814e-17
14000.056 1.0745248304392082e-16
14050.056 1.141381911746597e-16
14100.056 1.2460647406866397e-16
14150.056 9.339736903893066e-16
14200.056 8.236971534915569e-16
14250.056 1.852160319770088e-15
14300.056 8.71046871301523e-15
14350.056 7.544053796413677e-15
14400.056 7.310981786909392e-15
14450.056 2.2665362705460493e-14
14500.056 7.754724477825658e-14
14550.056 1.8791492361945393e-13
14600.056 4.0648953704261547e-13
14650.056 7.901568994451455e-14
14700.056 2.4642007285261852e-14
14750.056 1.0504328079026053e-14
14800.056 6.873760588253108e-15
14850.056 6.93822463360044e-15
14900.056 4.563999486755547e-15
14950.056 1.7517265968962774e-15
15000.056 1.1598526797113127e-14
15050.056 3.3831177682040924e-14
15100.056 7.189470134628927e-15
15150.056 1.4198532853195717e-15
15200.056 1.5047420364914613e-14
15250.056 3.932321810713021e-14
15300.056 8.588989854613415e-14
15350.056 1.2278931151052248e-13
15400.056 1.5443519458349468e-13
15450.056 3.2808248138341213e-13
15500.056 7.108692322549858e-13
15550.056 2.166955157960414e-12
15600.056 5.457179889329833e-12
15650.056 1.3606699875301482e-11
15700.056 2.795035598510092e-11
15750.056 3.854696597900061e-11
15800.056 5.130682046500052e-11
15850.056 6.682968872200231e-11
15900.056 7.236033220299964e-11
15950.056 8.334700321199981e-11
16000.056 7.167838194999852e-11
16050.056 4.7698546062997877e-11
16100.056 2.3026671273399782e-11
16150.056 8.82160580209906e-12
16200.056 2.0426105326499644e-12
16250.056 5.597171286038944e-13
16300.056 1.7300483156194873e-13
16350.056 1.2199790469024285e-13
16400.056 1.2583806453686073e-13
16450.056 1.5368756297181024e-13
16500.056 1.1318649623843433e-13
16550.056 1.4599150120739253e-13
16600.056 9.486552813080584e-13
16650.056 2.9096689778572434e-13
16700.056 4.4874696283406077e-14
16750.056 2.0559911695101578e-13
16800.056 3.4722017478661235e-13
16850.056 2.887563459437865e-13
16900.056 6.517560649256244e-14
16950.056 4.5980932521782446e-14
17000.056 1.2239258404715105e-14
17050.056 2.6073546832720324e-14
17100.056 1.01010111101293e-13
17150.056 5.459783097677742e-14
17200.056 3.114601976718523e-13
17250.056 2.3142297679771148e-14
17300.056 2.4036630178609417e-14
17350.056 5.989273196561122e-14
17400.056 1.8110166185100262e-13
17450.056 2.891085978249874e-13
17500.056 5.775692231095113e-13
17550.056 4.891249582507129e-13
17600.056 5.251088809800333e-13
17650.056 2.270364092991912e-13
17700.056 1.9139712200506751e-13
17750.056 1.3022611147603052e-13
17800.056 3.6154163764309657e-13
17850.056 1.1508066442696508e-13
17900.056 5.493479252509938e-14
17950.056 3.4164307566808896e-14
18000.056 7.721380228769496e-14
18050.056 2.6558770904579047e-14
18100.056 2.362069158839031e-14
18150.056 8.279133305523775e-15
18200.056 6.596114969368076e-15
18250.056 4.185148019815279e-14
18300.056 1.5986222464920692e-15
18350.056 1.7067072362815463e-15
18400.056 4.161137821096446e-16
18450.056 1.0954948817117607e-14
18500.056 7.73759753018237e-15
18550.056 2.1007654307390803e-15
18600.056 8.9982259359776e-15
18650.056 7.749432977794038e-15
18700.056 1.6651975866606134e-16
18750.056 3.5341749738383593e-16
18800.056 3.2947273398525076e-14
18850.056 2.07138310144775e-14
18900.056 4.346169003520691e-14
18950.056 4.6464268541245425e-14
19000.056 2.5720762048211925e-15
19050.056 1.2202884941803089e-15
19100.056 8.578472048477371e-15
19150.056 3.27642370417168e-15
19200.056 1.2205203673851974e-14
19250.056 8.559422807490706e-15
19300.056 3.4885295680559805e-15
19350.056 5.461531551109211e-15
19400.056 2.6685735155682438e-15
19450.056 2.3230993349534027e-15
19500.056 2.5603773634636588e-15
19550.056 8.54104792641767e-15
19600.056 1.841268089183389e-14
19650.056 1.5208650497858333e-14
19700.056 2.8761983125440766e-14
19750.056 3.3476884891735157e-14
19800.056 1.712410619389581e-14
19850.056 2.5903345855907752e-14
19900.056 5.290018358955866e-14
19950.056 5.206974264495409e-14
20000.056 5.870462030700793e-14
20050.056 4.611319460782403e-14
20100.056 7.3936617974761e-14
20150.056 5.360309470487034e-14
20200.056 3.573101456836822e-14
20250.056 8.322107588689654e-14
20300.056 1.0001254453064009e-13
20350.056 1.0943916456948965e-13
20400.056 1.1551899593100095e-13
20450.056 1.645113168960217e-13
20500.056 1.655434155200043e-13
20550.056 1.66300936455991e-13
20600.056 1.6592345288801113e-13
20650.056 1.6224390295199175e-13
20700.056 1.5765964743899703e-13
20750.056 1.455751652899989e-13
20800.056 1.3202291097999695e-13
20850.056 1.2638727630999946e-13
20900.056 1.1656708222999964e-13
20950.056 1.0634957616199918e-13
21000.056 9.851665597999942e-14
21050.056 9.638663087599964e-14
21100.056 9.452283039599976e-14
21150.056 9.674325422800065e-14
21200.056 1.003213149300007e-13
21250.056 1.0627073135699831e-13
21300.056 1.089896954700016e-13
21350.056 1.1283533962799541e-13
21400.056 1.2713156788000623e-13
21450.056 1.1189135387730466e-13
21500.056 1.0263683501914868e-13
21550.056 1.082985505350693e-13
21600.056 1.0542031530969834e-13
21650.056 9.212924174541732e-14
21700.056 8.001961849326935e-14
21750.056 9.019697917322656e-14
21800.056 7.143323152996842e-14
21850.056 7.122576058397975e-14
21900.056 5.3656276426445417e-14
21950.056 2.1073026594894864e-14
22000.056 9.071920750457956e-16
22050.056 2.4619434848179448e-15
22100.056 9.011140682481049e-15
22150.056 4.510626696296084e-15
22200.056 4.027117043084618e-15
22250.056 2.912739151148183e-15
22300.056 7.249433172014555e-16
22350.056 1.3860909884526085e-15
22400.056 4.48404349166172e-16
22450.056 9.054306110868059e-16
22500.056 6.442050300235183e-16
22550.056 1.6968600333151206e-16
22600.056 1.0908817171881709e-16
22650.056 1.196902270049488e-16
22700.056 1.8131260088552788e-16
22750.056 4.982354663510147e-16
22800.056 7.857255300754317e-16
22850.056 3.5444165213255495e-16
22900.056 2.2899241973958913e-16
22950.056 1.0547864030874904e-16
23000.056 8.137620534544904e-17
23050.056 4.164775929753884e-17
23100.056 5.720414114323839e-15
23150.056 6.427628366976374e-15
23200.056 4.769823150562054e-17
23250.056 7.591309830661595e-16
23300.056 3.8336543111701564e-16
23350.056 5.618570297427675e-16
23400.056 5.158587140909923e-16
23450.056 1.0465858061377629e-16
23500.056 1.072606053862903e-16
23550.056 3.6011303104523907e-16
23600.056 2.0582463208245515e-15
23650.056 3.4331168503914973e-15
23700.056 1.242602133265485e-16
23750.056 3.090013134788004e-16
23800.056 4.262064524212908e-15
23850.056 1.4516548510262285e-15
23900.056 4.815464854097351e-15
23950.056 1.3289441633641526e-15
24000.056 6.9161876812877394e-15
24050.056 7.123628267670592e-15
24100.056 1.8789643156345327e-14
24150.056 2.7603736207638562e-14
24200.056 1.8921867843664576e-14
24250.056 9.321070099590797e-15
24300.056 4.0161653014934956e-14
24350.056 3.358130137520426e-14
24400.056 9.169125199259787e-14
24450.056 1.0932241623320441e-13
24500.056 9.349269188388917e-14
24550.056 2.2025613883101333e-13
24600.056 3.1904301141298304e-13
24650.056 4.792972954780504e-13
24700.056 3.628660695533776e-13
24750.056 6.190672745561576e-13
24800.056 5.643044735540296e-13
24850.056 6.69834326604337e-13
24900.056 4.5136927888872884e-13
24950.056 6.438007390839742e-13
25000.056 9.738108827003968e-13
25050.056 5.04867307016117e-13
25100.056 7.5047516495266e-13
25150.056 3.2046591373452845e-13
25200.056 5.291007974877539e-13
25250.056 1.888167677342467e-13
25300.056 1.4205643203840292e-13
25350.056 8.433689300224068e-14
25400.056 2.0632122099700687e-13
25450.056 4.425506784025385e-14
25500.056 3.276027455554927e-14
25550.056 1.049493749956353e-13
25600.056 3.44661057605443e-14
25650.056 1.1503112374026841e-14
25700.056 8.699053457823336e-15
25750.056 3.995237908610792e-15
25800.056 1.7256413498419832e-14
25850.056 3.2574285023958455e-15
25900.056 3.463604054988276e-15
25950.056 2.4447207797800524e-15
26000.056 1.0468150598041707e-14
26050.056 3.019587832932431e-15
26100.056 7.519154495166785e-15
26150.056 4.451443607858493e-15
26200.056 5.479522513955787e-15
26250.056 2.0736133685681424e-14
26300.056 6.7315335540320386e-15
26350.056 4.8481403936875816e-14
26400.056 1.204676839670843e-13
26450.056 4.968418484682506e-14
26500.056 1.419480557898607e-13
26550.056 2.019070998957265e-14
26600.056 1.667715559600028e-14
26650.056 5.680699802466354e-15
26700.056 6.193917980630139e-15
26750.056 8.236419045368688e-15
26800.056 2.0591160250839378e-14
26850.056 1.624455398782485e-14
26900.056 4.3905290326518466e-14
26950.056 1.4200095793572045e-14
27000.056 5.067588302698163e-14
27050.056 9.566305961919527e-14
27100.056 1.117028807575103e-14
27150.056 7.192229945769843e-14
27200.056 1.1963657805866198e-14
27250.056 2.6164880636826088e-14
27300.056 2.232796899890003e-13
27350.056 6.472842305086312e-14
27400.056 1.137360010949889e-14
27450.056 9.854994715481444e-14
27500.056 1.2825102475998234e-13
27550.056 3.244150367707646e-14
27600.056 8.232570650780398e-14
27650.056 3.0519765233882627e-14
27700.056 3.7109745179436707e-14
27750.056 1.4471232859260873e-13
27800.056 6.299140929290303e-14
27850.056 1.2091191894259286e-13
27900.056 1.88444810861344e-13
27950.056 2.4911324022399465e-13
28000.056 3.6333899127369263e-13
28050.056 4.2374736158913126e-14
28100.056 4.942020710431048e-13
28150.056 3.531224677672545e-13
28200.056 7.071089660952538e-14
28250.056 6.878801747792802e-13
28300.056 6.272245518905983e-13
28350.056 7.493784740248928e-14
28400.056 4.2557642843747616e-13
28450.056 6.093209956709781e-13
28500.056 2.143422930854785e-13
28550.056 8.486935012592128e-14
28600.056 7.476107413020224e-13
28650.056 1.6865688408808256e-13
28700.056 6.69197804153685e-13
28750.056 1.261356940345673e-12
28800.056 1.8824768331961312e-13
28850.056 1.915155770624181e-12
