galfind/configs/Brown_Dwarf_templates/sonora_bobcat/m0.0/1000g/co1.5/sp_t1400g1000nc_m+0.0_co1.5_resample.dat
# %ECSV 1.0
# ---
# datatype:
# - {name: wav, unit: Angstrom, datatype: float64}
# - {name: flux_nu, unit: erg / (cm2 Hz s), datatype: float64}
# meta: {C/O: '1.50', Kzz: '1.0000E+05', Teff: '1400.', Y: '0.28', '[Fe/H]': '0.00', f_hole: '1.00', f_rain: '0.00', grav: '1000.'}
# schema: astropy-2.0
wav flux_nu
4000.0559999999996 nan
4050.0559999999996 3.2446773690155423e-11
4100.056 3.5355092964896966e-10
4150.056 4.766763783110246e-10
4200.056 3.9592923057081183e-10
4250.056 4.689807913860611e-10
4300.056 4.773975265490564e-10
4350.056 4.759764315380257e-10
4400.056 5.50849396690029e-10
4450.056 5.376510632100135e-10
4500.056 5.250621705100368e-10
4550.056 6.363567377639396e-10
4600.056 6.705078068299909e-10
4650.056 6.321510694099578e-10
4700.056 7.196600504000073e-10
4750.056 5.862960129899818e-10
4800.056 2.6472304953201107e-10
4850.056 1.5198019966799792e-10
4900.056 9.415434002699928e-11
4950.056 4.766218810499969e-11
5000.056 1.9033915422999937e-11
5050.056 8.584071580599943e-12
5100.056 7.406810780699951e-12
5150.056 6.8164405511999134e-12
5200.056 6.123242837300038e-12
5250.056 5.235770322599984e-12
5300.056 4.445828729699991e-12
5350.056 3.781859595099992e-12
5400.056 3.2230982977999937e-12
5450.056 2.7156815117999924e-12
5500.056 2.2451308232999942e-12
5550.056 1.8152324119999955e-12
5600.056 1.4270572013999953e-12
5650.056 1.0739916420999963e-12
5700.056 7.673260129099966e-13
5750.056 5.103108507499969e-13
5800.056 3.1461874875999776e-13
5850.056 1.6350248786399792e-13
5900.056 4.459391943585849e-14
5950.056 3.465951208700054e-13
6000.056 1.0407518354200162e-12
6050.056 2.7225314027000303e-12
6100.056 6.194398706700063e-12
6150.056 1.2662926385500114e-11
6200.056 2.3592461253000178e-11
6250.056 4.0934315359000325e-11
6300.056 6.740698123700048e-11
6350.056 1.063721609830007e-10
6400.056 1.6157747731000101e-10
6450.056 2.378479149400014e-10
6500.056 3.414481149300021e-10
6550.056 4.810617371000026e-10
6600.056 6.669854800800032e-10
6650.056 9.048966641400016e-10
6700.056 8.180412741470919e-10
6750.056 1.5274486113000096e-09
6800.056 1.9739288299000005e-09
6850.056 2.1892378635999986e-09
6900.056 2.124082225299996e-09
6950.056 1.9716510583999974e-09
7000.056 1.982013163200003e-09
7050.056 2.172019334e-09
7100.056 2.4090292203000045e-09
7150.056 2.5876439335999946e-09
7200.056 2.6229691529000136e-09
7250.056 2.5226702443999794e-09
7300.056 2.325379688599996e-09
7350.056 2.091345723899992e-09
7400.056 1.8513023651999993e-09
7450.056 1.582752855599998e-09
7500.056 1.2863213593999944e-09
7550.056 9.744389722499939e-10
7600.056 6.395787475899919e-10
7650.056 9.85787437253169e-11
7700.056 3.927453255861501e-11
7750.056 4.494188486300123e-10
7800.056 9.92279064039819e-10
7850.056 2.0916073291000203e-09
7900.056 3.1999143953000215e-09
7950.056 3.699784681913837e-09
8000.056 6.318295233800045e-09
8050.056 8.300693454300062e-09
8100.056 1.057163634150003e-08
8150.056 1.320032577560004e-08
8200.056 1.5800649856000172e-08
8250.056 1.989304526500019e-08
8300.056 2.4071163813000556e-08
8350.056 2.8664201026000013e-08
8400.056 3.39838504239998e-08
8450.056 4.0372282433000016e-08
8500.056 4.1829339633156396e-08
8550.056 5.152356657300154e-08
8600.056 5.862813552200024e-08
8650.056 5.781110609399821e-08
8700.056 6.563903356999375e-08
8750.056 7.469326559900192e-08
8800.056 8.771723518900122e-08
8850.056 9.972406946899805e-08
8900.056 1.1050351189200094e-07
8950.056 1.0401691813256817e-07
9000.056 1.3947765681999748e-07
9050.056 1.5465331249800436e-07
9100.056 1.7573737536600137e-07
9150.056 1.9550447325000196e-07
9200.056 2.1525751519298915e-07
9250.056 2.252391148919882e-07
9300.056 1.8850309423539204e-07
9350.056 2.21610720630117e-07
9400.056 2.634766774659882e-07
9450.056 2.850171409080114e-07
9500.056 3.031664938065776e-07
9550.056 3.2791948272033346e-07
9600.056 3.347267611634181e-07
9650.056 3.646929443136007e-07
9700.056 4.071994664719717e-07
9750.056 4.1547215175399985e-07
9800.056 4.4888148443698045e-07
9850.056 4.7136279323000097e-07
9900.056 3.666192869899854e-07
9950.056 3.162369091899978e-07
10000.056 2.72912386469996e-07
10050.056 3.312921696000002e-07
10100.056 3.864516816400062e-07
10150.056 3.9785831672997985e-07
10200.056 4.356833698599943e-07
10250.056 4.6596986240999916e-07
10300.056 4.7445350998000255e-07
10350.056 5.388692374700201e-07
10400.056 5.875955520599889e-07
10450.056 6.086899341200085e-07
10500.056 6.052698261199951e-07
10550.056 6.178976166300079e-07
10600.056 6.573411721799922e-07
10650.056 7.00022941530025e-07
10700.056 7.488419598000184e-07
10750.056 8.038266069200149e-07
10800.056 8.594194781899996e-07
10850.056 9.414386256499862e-07
10900.056 9.518095722099922e-07
10950.056 9.019375171999827e-07
11000.056 8.419675874099662e-07
11050.056 7.541172884039579e-07
11100.056 7.154974831268666e-07
11150.056 6.922761944660449e-07
11200.056 7.267915288488522e-07
11250.056 8.732887933867889e-07
11300.056 8.462125720546616e-07
11350.056 6.389402033200056e-07
11400.056 5.927689364416419e-07
11450.056 7.949961494853008e-07
11500.056 9.496823422594201e-07
11550.056 8.176456174182222e-07
11600.056 8.599514276762278e-07
11650.056 8.405981149207325e-07
11700.056 5.429532970996087e-07
11750.056 5.266906778919539e-07
11800.056 6.184200452340274e-07
11850.056 9.98990886839013e-07
11900.056 1.1937107571719128e-06
11950.056 1.15511521146e-06
12000.056 1.0785601995900038e-06
12050.056 1.2820293589300625e-06
12100.056 1.3184892981999617e-06
12150.056 1.5254228819299678e-06
12200.056 1.5299120700599108e-06
12250.056 1.6720838719999771e-06
12300.056 1.7617535109000358e-06
12350.056 1.708700212899988e-06
12400.056 1.5324339953999697e-06
12450.056 1.31981424772002e-06
12500.056 1.3664487607999583e-06
12550.056 1.4295588271900827e-06
12600.056 1.8998650094000156e-06
12650.056 1.9416357281999893e-06
12700.056 2.1160046413001046e-06
12750.056 2.07636488269997e-06
12800.056 2.1478386364000545e-06
12850.056 2.0517150993599606e-06
12900.056 1.931427484760017e-06
12950.056 1.964027075039957e-06
13000.056 2.0214891342399473e-06
13050.056 2.0733979989799575e-06
13100.056 2.082539662299937e-06
13150.056 2.0151531174979426e-06
13200.056 1.9004588506599548e-06
13250.056 1.6519756375068027e-06
13300.056 1.2357801075239863e-06
13350.056 5.452254682130459e-07
13400.056 3.862740977718849e-07
13450.056 3.047369823773993e-07
13500.056 2.503849666278185e-07
13550.056 2.1447036900309654e-07
13600.056 1.9341067537020565e-07
13650.056 2.9317224327465166e-07
13700.056 2.5193515873538387e-07
13750.056 2.785183477256529e-07
13800.056 3.369200010373807e-07
13850.056 2.9348909747693505e-07
13900.056 2.8803296274615415e-07
13950.056 2.654145170716243e-07
14000.056 2.4708695910096316e-07
14050.056 2.7475322969808777e-07
14100.056 2.2727622910482518e-07
14150.056 2.7505632790230216e-07
14200.056 2.3744051617232417e-07
14250.056 2.3077515345583118e-07
14300.056 2.837965386978911e-07
14350.056 2.9163647941480714e-07
14400.056 3.071000076986297e-07
14450.056 3.310079517009427e-07
14500.056 4.2773127974226547e-07
14550.056 4.405636190576768e-07
14600.056 5.33511852532128e-07
14650.056 5.265732456704328e-07
14700.056 4.7230413467171055e-07
14750.056 5.39075193412439e-07
14800.056 6.011122152702306e-07
14850.056 6.593697035048152e-07
14900.056 6.441110313072685e-07
14950.056 6.846088533910823e-07
15000.056 7.305039597120391e-07
15050.056 8.491294928969072e-07
15100.056 8.662943890410153e-07
15150.056 9.443520106240598e-07
15200.056 9.734614833279252e-07
15250.056 1.0647832539490001e-06
15300.056 1.1295224250039638e-06
15350.056 1.2334209277199567e-06
15400.056 1.310262560010028e-06
15450.056 1.3866603791400556e-06
15500.056 1.430278141560009e-06
15550.056 1.5289088600299035e-06
15600.056 1.463766684410033e-06
15650.056 1.5560155235100806e-06
15700.056 1.6911331282201097e-06
15750.056 1.7512637704899678e-06
15800.056 1.6625793319600651e-06
15850.056 1.6258071713600072e-06
15900.056 1.6251682449200198e-06
15950.056 1.6048672774999297e-06
16000.056 1.514106289650008e-06
16050.056 1.4026406858499692e-06
16100.056 1.3024065372499547e-06
16150.056 1.1476071777199625e-06
16200.056 1.0356535415958413e-06
16250.056 9.946093192159047e-07
16300.056 9.613238861320067e-07
16350.056 1.0165553879169055e-06
16400.056 1.0721097537137038e-06
16450.056 1.1239492611295503e-06
16500.056 1.1830687038470563e-06
16550.056 1.1763129137229767e-06
16600.056 1.1439181347000906e-06
16650.056 1.0068066452120641e-06
16700.056 7.857834975450812e-07
16750.056 8.341178560799602e-07
16800.056 9.856934504290458e-07
16850.056 9.987001152079283e-07
16900.056 9.660139305470084e-07
16950.056 9.117745529669755e-07
17000.056 8.592612185301433e-07
17050.056 9.747649666300912e-07
17100.056 1.004654574080015e-06
17150.056 9.375540087099572e-07
17200.056 9.795741820998593e-07
17250.056 9.199241245898441e-07
17300.056 8.560173315500327e-07
17350.056 7.966916551539429e-07
17400.056 7.845184067069717e-07
17450.056 7.494504081168107e-07
17500.056 7.704900418680765e-07
17550.056 7.22945157992057e-07
17600.056 6.924263720504498e-07
17650.056 6.921099948165468e-07
17700.056 5.814907385776823e-07
17750.056 5.448918034721609e-07
17800.056 5.873127853161686e-07
17850.056 4.833518495238062e-07
17900.056 5.188463191880056e-07
17950.056 4.6909388780748846e-07
18000.056 4.6143157315149874e-07
18050.056 4.5597183107983105e-07
18100.056 4.572382767401798e-07
18150.056 5.266173386703996e-07
18200.056 4.020626871935208e-07
18250.056 5.67428101430127e-07
18300.056 4.893579435772179e-07
18350.056 4.632885171260321e-07
18400.056 4.4872898412378565e-07
18450.056 4.2681306329701135e-07
18500.056 4.531227750794337e-07
18550.056 4.0264799462973437e-07
18600.056 3.4716311744530123e-07
18650.056 3.739704032652328e-07
18700.056 4.1071418155997685e-07
18750.056 4.2661745990597287e-07
18800.056 5.117376371187159e-07
18850.056 5.775990982198848e-07
18900.056 5.522144540719789e-07
18950.056 6.611043248754145e-07
19000.056 6.217777542549474e-07
19050.056 5.678429542519419e-07
19100.056 6.850231024591477e-07
19150.056 6.307468319925574e-07
19200.056 6.670636423604117e-07
19250.056 5.956792732270136e-07
19300.056 6.103543213032209e-07
19350.056 5.711886125549403e-07
19400.056 4.4533450383613873e-07
19450.056 5.936670743097588e-07
19500.056 5.940359280272823e-07
19550.056 4.845947597584768e-07
19600.056 5.580784387598986e-07
19650.056 6.010739401511382e-07
19700.056 5.953731425027509e-07
19750.056 5.655652101624495e-07
19800.056 6.189061826179453e-07
19850.056 6.847849439240362e-07
19900.056 5.7542229530676e-07
19950.056 7.210337738769836e-07
20000.056 6.512026384250513e-07
20050.056 7.38885196250043e-07
20100.056 7.294094155297418e-07
20150.056 7.790291125501115e-07
20200.056 8.165267591460001e-07
20250.056 8.600718543648821e-07
20300.056 8.509544642610844e-07
20350.056 9.277793162889207e-07
20400.056 9.254194256997545e-07
20450.056 9.652991946698205e-07
20500.056 1.0049174701299177e-06
20550.056 1.00559669057999e-06
20600.056 1.078290892510076e-06
20650.056 1.0616215909600755e-06
20700.056 1.0927391601500698e-06
20750.056 1.0979238848699807e-06
20800.056 1.1307722204899735e-06
20850.056 1.1072433496899771e-06
20900.056 1.1449738400998953e-06
20950.056 1.1319237704499839e-06
21000.056 1.129901217260049e-06
21050.056 1.1256415621799952e-06
21100.056 1.1082598086200179e-06
21150.056 1.1214789832599083e-06
21200.056 1.091836199510008e-06
21250.056 1.083823564369902e-06
21300.056 1.0334088377099283e-06
21350.056 1.0341949642800203e-06
21400.056 1.0041515360201334e-06
21450.056 9.868021956100035e-07
21500.056 9.481436817600766e-07
21550.056 9.186700322000397e-07
21600.056 8.788086344500759e-07
21650.056 8.412860104400178e-07
21700.056 8.276738000600128e-07
21750.056 7.648267964400255e-07
21800.056 7.129069917698741e-07
21850.056 6.656494458600318e-07
21900.056 5.873945853399664e-07
21950.056 4.853573015290635e-07
22000.056 3.45072948812022e-07
22050.056 2.7209408557888655e-07
22100.056 3.0880528322110563e-07
22150.056 3.599240184209866e-07
22200.056 3.858734040209708e-07
22250.056 3.814998543961083e-07
22300.056 3.468179485019936e-07
22350.056 3.347783299140229e-07
22400.056 2.956589064670045e-07
22450.056 2.712769743569725e-07
22500.056 2.739732942520847e-07
22550.056 2.480806416699332e-07
22600.056 2.5146671157309433e-07
22650.056 2.494607207310019e-07
22700.056 2.3429276322598263e-07
22750.056 2.3357337220905127e-07
22800.056 2.1979883971195265e-07
22850.056 2.0123365121102933e-07
22900.056 1.9433298652795211e-07
22950.056 1.822169585599638e-07
23000.056 2.0314451049200373e-07
23050.056 2.4262865412296513e-07
23100.056 2.946150022800401e-07
23150.056 3.0354934752598613e-07
23200.056 1.7726815741099892e-07
23250.056 1.8076629962403193e-07
23300.056 1.567828803280487e-07
23350.056 1.5216942269900003e-07
23400.056 1.5825320198202585e-07
23450.056 1.6429436322501578e-07
23500.056 1.773324563200534e-07
23550.056 2.027210755060241e-07
23600.056 2.2142558955396686e-07
23650.056 2.5130189569897077e-07
23700.056 1.947132584640419e-07
23750.056 1.791105702510068e-07
23800.056 1.6497200904299813e-07
23850.056 1.833042186589993e-07
23900.056 2.3136082002702118e-07
23950.056 2.528342896150357e-07
24000.056 2.700300628029427e-07
24050.056 2.950981325560053e-07
24100.056 2.848602486679635e-07
24150.056 3.0024626251109184e-07
24200.056 3.123319390149609e-07
24250.056 2.924365345200089e-07
24300.056 3.1404153292205166e-07
24350.056 2.83009742409942e-07
24400.056 3.2559301054808506e-07
24450.056 3.1028343179887113e-07
24500.056 3.1747629068296563e-07
24550.056 3.3421398435509477e-07
24600.056 3.42643927018027e-07
24650.056 3.892728296050454e-07
24700.056 3.258937985279139e-07
24750.056 3.364257402860483e-07
24800.056 3.465581565230177e-07
24850.056 4.109780761470828e-07
24900.056 3.0841374329814646e-07
24950.056 4.160298595180531e-07
25000.056 3.865808410400991e-07
25050.056 3.120992165175533e-07
25100.056 3.8608593339196683e-07
25150.056 3.242017424841574e-07
25200.056 3.711207989278567e-07
25250.056 3.2251078083056744e-07
25300.056 3.826283630937308e-07
25350.056 3.017286440439952e-07
25400.056 3.905384932950879e-07
25450.056 3.079798032024649e-07
25500.056 3.266357410057531e-07
25550.056 3.1937429106087306e-07
25600.056 3.259114758736622e-07
25650.056 2.7337808990510487e-07
25700.056 3.8919329380526553e-07
25750.056 2.5558986484227036e-07
25800.056 3.8281844249946425e-07
25850.056 2.922408348554804e-07
25900.056 3.5662041625659317e-07
25950.056 2.7609801760884506e-07
26000.056 4.065533134211504e-07
26050.056 3.6873841847594155e-07
26100.056 4.213922602856056e-07
26150.056 3.842818550531606e-07
26200.056 3.8971935242462736e-07
26250.056 4.515605217204068e-07
26300.056 4.0136415221482425e-07
26350.056 4.965107364399622e-07
26400.056 4.930439438219678e-07
26450.056 4.956114079770596e-07
26500.056 5.297062134408944e-07
26550.056 4.434922625363989e-07
26600.056 5.647970006189465e-07
26650.056 3.838241551915386e-07
26700.056 3.893937278108268e-07
26750.056 3.016406330949583e-07
26800.056 3.842431001547497e-07
26850.056 2.720424476661178e-07
26900.056 4.1778552634500944e-07
26950.056 2.6828664412653574e-07
27000.056 4.243878803970792e-07
27050.056 3.5341969883199596e-07
27100.056 3.4296331637422276e-07
27150.056 4.136635148250329e-07
27200.056 3.7258445317644345e-07
27250.056 3.6957355239041216e-07
27300.056 5.239356726420588e-07
27350.056 4.5795225151428607e-07
27400.056 3.068892836265658e-07
27450.056 5.542719961418926e-07
27500.056 5.092709577629628e-07
27550.056 3.8678345425431477e-07
27600.056 5.461400195089744e-07
27650.056 3.6519166211959237e-07
27700.056 3.3168390945700107e-07
27750.056 5.454838564279105e-07
27800.056 3.4750593105198234e-07
27850.056 3.877529133538795e-07
27900.056 4.14226508861025e-07
27950.056 5.436720774929984e-07
28000.056 4.6890802279905865e-07
28050.056 2.9848330580707595e-07
28100.056 5.738612763100969e-07
28150.056 4.0978280872404586e-07
28200.056 3.093297295030029e-07
28250.056 5.13183997272978e-07
28300.056 6.046972866130914e-07
28350.056 3.5329313782391033e-07
28400.056 4.5326046705499046e-07
28450.056 5.264812057589027e-07
28500.056 4.750880331799056e-07
28550.056 2.8297471692891833e-07
28600.056 5.806440778259635e-07
28650.056 5.109489108879996e-07
28700.056 4.515751911639411e-07
28750.056 5.447488718650122e-07
28800.056 5.104749589091184e-07
28850.056 5.514592041810348e-07
