galfind/configs/Brown_Dwarf_templates/sonora_bobcat/m0.0/1000g/co1.5/sp_t900g1000nc_m+0.0_co1.5_resample.dat
# %ECSV 1.0
# ---
# datatype:
# - {name: wav, unit: Angstrom, datatype: float64}
# - {name: flux_nu, unit: erg / (cm2 Hz s), datatype: float64}
# meta: {C/O: '1.50', Kzz: '1.0000E+05', Teff: '900.', Y: '0.28', '[Fe/H]': '0.00', f_hole: '1.00', f_rain: '0.00', grav: '1000.'}
# schema: astropy-2.0
wav flux_nu
[from data line 498]
28900.056 2.764646994803912e-08
28950.056 5.7061291559007884e-08
29000.056 4.737742614340661e-08
29050.056 5.49324587093475e-08
29100.056 3.8276099559847115e-08
29150.056 7.11142227399627e-08
29200.056 4.802564388025771e-08
29250.056 6.759580638786205e-08
29300.056 3.775660769166723e-08
29350.056 1.0760935060534694e-07
29400.056 5.410275120650908e-08
29450.056 5.883571858920707e-08
29500.056 7.000579228289467e-08
29550.056 5.929748600610816e-08
29600.056 7.020018260520564e-08
29650.056 7.650829458563879e-08
29700.056 5.626925640079742e-08
29750.056 7.909325129218308e-08
29800.056 7.981405085835353e-08
29850.056 8.63977471454744e-08
29900.056 8.441190727652446e-08
29950.056 8.066087292824755e-08
30000.056 2.6140054047856738e-08
30050.056 3.871218262933071e-08
30100.056 4.6402130126102754e-08
30150.056 8.152887580199552e-08
30200.056 6.697207950264237e-08
30250.056 1.0535285183061237e-07
30300.056 9.108419521940482e-08
30350.056 7.605806871657314e-08
30400.056 9.866402331810291e-08
30450.056 6.875588782517036e-08
30500.056 6.44376161525997e-08
30550.056 6.515398480427823e-08
30600.056 8.298482573200136e-08
30650.056 6.26673463553968e-08
30700.056 5.746006241139e-08
30750.056 6.291425998679033e-08
30800.056 5.595895424391243e-08
30850.056 5.103979894398385e-08
30900.056 4.354000026818994e-08
30950.056 4.1572120023029114e-08
31000.056 3.870764736660558e-08
31050.056 4.284672029499968e-08
31100.056 2.9721104995879733e-08
31150.056 3.836838830474777e-08
31200.056 4.4616723771009936e-08
31250.056 3.052048642129692e-08
31300.056 2.8302869572804902e-08
31350.056 3.0086099370023204e-08
31400.056 2.2598168465461015e-08
31450.056 2.663949768289425e-08
31500.056 1.8308937385646152e-08
31550.056 2.1848992115274838e-08
31600.056 1.7212735020172796e-08
31650.056 1.529990495385454e-08
31700.056 1.70399879502991e-08
31750.056 1.201601074195293e-08
31800.056 1.7553201138298004e-08
31850.056 1.1150870159220214e-08
31900.056 1.556532123270139e-08
31950.056 9.596181989468147e-09
32000.056 1.3376763103173636e-08
32050.056 1.3490935419981887e-08
32100.056 1.2204252741250744e-08
32150.056 1.4849245666669118e-08
32200.056 1.1043755948676017e-08
32250.056 1.74313653094444e-08
32300.056 1.0339029663946552e-08
32350.056 1.801055999725986e-08
32400.056 1.0553109193497906e-08
32450.056 1.6476092692795736e-08
32500.056 1.4010118234524488e-08
32550.056 1.487749816826837e-08
32600.056 1.7212882655654474e-08
32650.056 2.2915283778314327e-08
32700.056 2.0406079974665264e-08
32750.056 2.6354753568303873e-08
32800.056 2.5748520373522823e-08
32850.056 2.9056048529497578e-08
32900.056 3.1134291711976974e-08
32950.056 3.302113368487866e-08
33000.056 2.7182560816163326e-08
33050.056 2.6343239417708554e-08
33100.056 1.3150432070635746e-08
33150.056 1.9444075340842058e-09
33200.056 2.426759115450583e-09
33250.056 1.7626871208795031e-09
33300.056 2.5990797604407e-09
33350.056 4.8713769649502685e-09
33400.056 7.724712745097871e-09
33450.056 1.0662478507823225e-08
33500.056 1.8044349313407757e-08
33550.056 1.433925699182063e-08
33600.056 2.2795211709497386e-08
33650.056 2.3606806538401036e-08
33700.056 1.7979107058980465e-08
33750.056 2.8628145596564067e-08
33800.056 1.7212610382285426e-08
33850.056 2.3670487695876645e-08
33900.056 1.9096909098149496e-08
33950.056 2.033236113517473e-08
34000.056 2.6519209611707482e-08
34050.056 1.3567682652708606e-08
34100.056 2.5369659331503313e-08
34150.056 1.74331092652092e-08
34200.056 2.2096866080870728e-08
34250.056 2.1146382453791998e-08
34300.056 1.734028656142234e-08
34350.056 1.9586305022901573e-08
34400.056 1.4736910662937337e-08
34450.056 2.298493290649213e-08
34500.056 1.9818262541251638e-08
34550.056 1.3600736868720274e-08
34600.056 2.7630107546300432e-08
34650.056 1.592533734320039e-08
34700.056 2.2941112231100148e-08
34750.056 2.1562370711592244e-08
34800.056 1.7550138165437257e-08
34850.056 2.5459775618203425e-08
34900.056 2.209342846387934e-08
34950.056 2.5161647024395052e-08
35000.056 3.8545490221005576e-08
35050.056 2.238689767116365e-08
35100.056 3.308380932160159e-08
35150.056 3.298976310640681e-08
35200.056 3.148754788832899e-08
35250.056 4.387285445598575e-08
35300.056 2.9356839126324804e-08
35350.056 3.3058991789352464e-08
35400.056 3.7374544446197715e-08
35450.056 2.568270149107255e-08
35500.056 5.111809462969371e-08
35550.056 4.3237643974696875e-08
35600.056 4.10562747992179e-08
35650.056 4.652333661504593e-08
35700.056 3.9573910753792975e-08
35750.056 5.3369656337797226e-08
35800.056 6.424635645360212e-08
35850.056 3.962609430659896e-08
35900.056 5.596107589100811e-08
35950.056 5.58294174490905e-08
36000.056 5.428455323300782e-08
36050.056 5.294114123558624e-08
36100.056 5.136060121347469e-08
36150.056 6.095883518388844e-08
36200.056 6.788797428418677e-08
36250.056 5.8737379606088956e-08
36300.056 7.746873553200559e-08
36350.056 7.053685356680566e-08
36400.056 7.503289363279082e-08
36450.056 8.050621668039884e-08
36500.056 8.413609203996072e-08
36550.056 9.594807696752537e-08
36600.056 1.0874251247199014e-07
36650.056 9.746502577798572e-08
36700.056 1.011170245009821e-07
36750.056 1.1553159518203018e-07
36800.056 1.1655942151999669e-07
36850.056 1.0462001675837726e-07
36900.056 1.1614556516219202e-07
36950.056 1.2940406647698047e-07
37000.056 1.1657037812499088e-07
37050.056 1.2978843671900605e-07
37100.056 1.252246649269948e-07
37150.056 1.197278766374076e-07
37200.056 1.450474770599924e-07
37250.056 1.2761269633197326e-07
37300.056 1.1596581091325494e-07
37350.056 1.3485509932301677e-07
37400.056 1.774433897809959e-07
37450.056 1.3105911873179564e-07
37500.056 1.3471419493119063e-07
37550.056 1.7516096042206837e-07
37600.056 1.984376831500185e-07
37650.056 1.33887327044017e-07
37700.056 1.8620158766001493e-07
37750.056 1.4562366147501528e-07
37800.056 1.613313449870607e-07
37850.056 1.2270515660900432e-07
37900.056 1.3842913852803904e-07
37950.056 1.6653600463917775e-07
38000.056 1.864206666349955e-07
38050.056 1.8764427439303906e-07
38100.056 2.0191972302801604e-07
38150.056 2.118928554619925e-07
38200.056 2.1545955896202533e-07
38250.056 2.0285443453300672e-07
38300.056 2.589717518459575e-07
38350.056 2.5952066211403854e-07
38400.056 1.8420996540194478e-07
38450.056 1.8586686305194635e-07
38500.056 1.4550599132303378e-07
38550.056 2.1235776501004366e-07
38600.056 2.061274257619763e-07
38650.056 2.234643501249775e-07
38700.056 2.3621287753999785e-07
38750.056 2.3999370332199476e-07
38800.056 2.114391828179479e-07
38850.056 2.3422175451002532e-07
38900.056 2.7341453446398347e-07
38950.056 2.2153889362699133e-07
39000.056 2.5617514013897863e-07
39050.056 2.397271961820269e-07
39100.056 2.477974614530017e-07
39150.056 2.678616081749961e-07
39200.056 2.480682799399862e-07
39250.056 2.882561253329882e-07
39300.056 2.6220848875195253e-07
39350.056 3.120084615620189e-07
39400.056 2.753158415000321e-07
39450.056 2.893487723159973e-07
39500.056 2.9839128090801905e-07
39550.056 2.7463657312686133e-07
39600.056 3.07815427399954e-07
39650.056 3.439212945599862e-07
39700.056 3.2002979240003024e-07
39750.056 2.6337616290906654e-07
39800.056 2.976556548249696e-07
39850.056 3.724505982400091e-07
39900.056 3.6305577401999733e-07
39950.056 3.330523051539744e-07
40000.056 3.9325157880002697e-07
40050.056 3.611414017000125e-07
40100.056 2.923852663894203e-07
40150.056 3.770020745960109e-07
40200.056 3.8967781746992827e-07
40250.056 3.870594008899347e-07
40300.056 3.8819312934003683e-07
40350.056 3.5618211766296565e-07
40400.056 4.2287429831360564e-07
40450.056 3.604593505110183e-07
40500.056 4.3002996938999603e-07
40550.056 4.337787276839455e-07
40600.056 4.169502928600241e-07
40650.056 3.887596136539444e-07
40700.056 5.119267238099781e-07
40750.056 4.1016834556994343e-07
40800.056 3.48533719739885e-07
40850.056 5.112675576800572e-07
40900.056 4.854466746900065e-07
40950.056 4.2246523223001763e-07
41000.056 4.432585821599938e-07
41050.056 5.259229100599565e-07
41100.056 4.5324759707996783e-07
41150.056 3.4396788088697364e-07
41200.056 5.066172589400041e-07
41250.056 4.5672829592296977e-07
41300.056 4.2469195794994833e-07
41350.056 5.271158948300198e-07
41400.056 4.7651342999003214e-07
41450.056 5.086339239200005e-07
41500.056 4.0806464914697106e-07
41550.056 4.0198856154507865e-07
41600.056 4.769296144082468e-07
41650.056 4.953255643600136e-07
41700.056 4.5631655671992745e-07
41750.056 4.568043871099821e-07
41800.056 5.572675740700136e-07
41850.056 3.802961331899832e-07
41900.056 4.394833752999182e-07
41950.056 4.815667643600518e-07
42000.056 4.75029622759955e-07
42050.056 4.1071202994000615e-07
42100.056 5.711408431600064e-07
42150.056 4.1347239850002094e-07
42200.056 4.079498079379776e-07
42250.056 4.310068432439702e-07
42300.056 4.047564710419885e-07
42350.056 4.840232674700557e-07
42400.056 4.84681184560046e-07
42450.056 4.1687235273004437e-07
42500.056 4.224951091999855e-07
42550.056 3.938509302399835e-07
42600.056 4.3034466152406627e-07
42650.056 5.441885116399043e-07
42700.056 4.246114231679158e-07
42750.056 3.964026874900372e-07
42800.056 4.565703004340375e-07
42850.056 5.028926355298932e-07
42900.056 5.414989817100685e-07
42950.056 4.1392835589991646e-07
43000.056 4.80302228846009e-07
43050.056 3.1818478167509975e-07
43100.056 4.3060309728995157e-07
43150.056 3.9323822985403344e-07
43200.056 4.515155097000064e-07
43250.056 5.77757665850039e-07
43300.056 5.572935013700141e-07
43350.056 3.560590440779103e-07
43400.056 4.529054811800056e-07
43450.056 3.791155189580511e-07
43500.056 4.123130313600139e-07
43550.056 4.0816403177402885e-07
43600.056 5.23330524870046e-07
43650.056 3.69704573524008e-07
43700.056 5.525430217400447e-07
43750.056 4.88384834930034e-07
43800.056 4.613468567999499e-07
43850.056 4.121399037200599e-07
43900.056 4.422188024299653e-07
43950.056 3.260044298789663e-07
44000.056 3.0078035827300655e-07
44050.056 4.86042039770007e-07
44100.056 5.804232580800352e-07
44150.056 5.699936134899706e-07
44200.056 4.955138053400028e-07
44250.056 3.729796742740025e-07
44300.056 3.276916890340564e-07
44350.056 3.709807478260596e-07
44400.056 3.5448684083398305e-07
44450.056 4.522827669799971e-07
44500.056 4.399746410440805e-07
44550.056 5.340148392099605e-07
44600.056 4.721390432490279e-07
44650.056 4.7173075260301867e-07
44700.056 3.6001615486997747e-07
44750.056 4.391800525760619e-07
44800.056 4.042503106660434e-07
44850.056 4.891608000300546e-07
44900.056 3.978067999880234e-07
44950.056 4.2849573653001906e-07
45000.056 4.587931592700059e-07
45050.056 4.5262161043998566e-07
45100.056 4.609393118080155e-07
45150.056 4.4628396718098e-07
45200.056 3.630385722520246e-07
45250.056 4.012932059369185e-07
45300.056 3.770524793110437e-07
45350.056 3.709468722199793e-07
45400.056 5.032360003300404e-07
45450.056 4.7089643236999774e-07
45500.056 4.7415963898501664e-07
45550.056 5.343996424399169e-07
45600.056 5.164839485900437e-07
45650.056 4.438510363489545e-07
45700.056 3.8471530481100994e-07
45750.056 3.642575909619951e-07
45800.056 5.246147255400135e-07
45850.056 5.282111456499938e-07
45900.056 5.461699945100224e-07
45950.056 4.458320352899882e-07
46000.056 5.273427769500455e-07
46050.056 4.574538287800044e-07
46100.056 5.357243759999763e-07
46150.056 4.232293204899842e-07
46200.056 4.0749211988601464e-07
46250.056 2.7880962013996504e-07
46300.056 4.5526502869999045e-07
46350.056 4.4480388511002897e-07
46400.056 4.4938482601002035e-07
46450.056 4.0954728136901763e-07
46500.056 4.2508097089108244e-07
46550.056 3.388413767050073e-07
46600.056 4.1178122276596674e-07
46650.056 5.593821559300187e-07
46700.056 4.289976264599578e-07
46750.056 3.1339813852502846e-07
46800.056 2.539202856440146e-07
46850.056 5.476611829800645e-07
46900.056 5.097636548199711e-07
46950.056 4.983814171299717e-07
47000.056 4.5960420011005134e-07
47050.056 4.3165689416987817e-07
47100.056 3.154346640260288e-07
47150.056 4.05948512156053e-07
47200.056 4.7520397445999933e-07
47250.056 3.4945714295697133e-07
47300.056 2.679019855052154e-07
47350.056 5.105354186799897e-07
47400.056 4.82812631599964e-07
47450.056 4.4405751411004896e-07
47500.056 5.103784359699685e-07
47550.056 4.480747741100106e-07
47600.056 4.601917212899632e-07
47650.056 4.185883188979413e-07
47700.056 4.126728946361037e-07
47750.056 3.2021167567200504e-07
47800.056 3.2834492410202206e-07
47850.056 2.426419767280126e-07
47900.056 3.0434348209596684e-07
47950.056 4.1871348385000826e-07
48000.056 5.271015804200299e-07
48050.056 4.7244152919998475e-07
48100.056 2.928144530520106e-07
48150.056 3.8192582370001775e-07
48200.056 3.492224708719933e-07
48250.056 3.686226537200049e-07
48300.056 5.002098534799458e-07
48350.056 3.3611567146999597e-07
48400.056 2.0371904323516422e-07
48450.056 3.393800573870671e-07
48500.056 4.2083191951993584e-07
48550.056 3.800351774180137e-07
48600.056 4.078836949000107e-07
48650.056 4.410907332999834e-07
48700.056 3.8596989142601033e-07
48750.056 2.506223044430961e-07
48800.056 4.614448362850183e-07
48850.056 3.11102781601944e-07
48900.056 4.5681580100998493e-07
48950.056 3.198546783300163e-07
49000.056 2.0286556900799433e-07
49050.056 3.99489503049951e-07
49100.056 4.1444744008805377e-07
49150.056 3.5229042006200136e-07
49200.056 4.476429380300508e-07
49250.056 4.2718197544004146e-07
49300.056 3.781395688019891e-07
49350.056 2.391384373140394e-07
49400.056 3.186961267099473e-07
49450.056 3.3802422697108964e-07
49500.056 2.845527752259791e-07
49550.056 1.586231875170069e-07
49600.056 2.6043545707564307e-07
49650.056 3.1054350876997534e-07
49700.056 3.1158874577592247e-07
49750.056 3.7689603882996573e-07
49800.056 3.0522671439239974e-07
49850.056 4.269217629200599e-07
49900.056 3.6346131209598736e-07
49950.056 3.2869355249999093e-07
50000.056 3.191876966039853e-07
50050.056 3.7786847268998075e-07
50100.056 3.1335170732399575e-07
50150.056 2.1158720506997935e-07
50200.056 1.1397040945502182e-07
50250.056 2.8653918172997915e-07
50300.056 2.3404652640902073e-07
50350.056 3.727001593900405e-07
50400.056 3.322501682139814e-07
50450.056 2.599190374750047e-07
50500.056 3.5029975975002854e-07
50550.056 3.266288717800138e-07
50600.056 2.606859008059409e-07
50650.056 3.5825006379006086e-07
50700.056 3.9510504519994453e-07
50750.056 2.966663989080362e-07
50800.056 1.8642750651497265e-07
50850.056 1.7355606739904424e-07
50900.056 3.743992279099931e-07
50950.056 2.863900288200163e-07
51000.056 3.137046337370205e-07
51050.056 3.148456960699773e-07
51100.056 1.733536447239758e-07
51150.056 2.3594820481601025e-07
51200.056 4.1893819846997183e-07
51250.056 2.7778199889097345e-07
51300.056 2.1883342175505867e-07
51350.056 2.488985344229815e-07
51400.056 1.563084678510087e-07
51450.056 1.3284834078377127e-07
51500.056 1.3915119353863996e-07
51550.056 2.8539224294202014e-07
51600.056 2.0934322387101667e-07
51650.056 2.2447503203796715e-07
51700.056 2.574454886529692e-07
51750.056 1.852825485830072e-07
51800.056 2.727752716799429e-07
51850.056 2.40743647347988e-07
51900.056 3.586486321300292e-07
51950.056 2.7009772478097737e-07
52000.056 1.0291796417498033e-07
52050.056 1.9663426143701877e-07
52100.056 1.535629914289926e-07
52150.056 1.3100923310301107e-07
52200.056 1.5371534636499535e-07
52250.056 2.0482812902202223e-07
52300.056 3.1301737018998845e-07
52350.056 1.9724555667559948e-07
52400.056 1.580063670360123e-07
52450.056 2.6690427395002207e-07
52500.056 2.631129312429416e-07
52550.056 2.5697041099997174e-07
52600.056 2.1234926630101481e-07
52650.056 2.1384837927703342e-07
52700.056 1.8735951236500056e-07
52750.056 1.3363500526599408e-07
52800.056 1.664312520100201e-07
52850.056 1.8392842243395017e-07
52900.056 1.611400013623721e-07
52950.056 1.796095787790047e-07
53000.056 2.3910822294800656e-07
53050.056 1.3677716526096055e-07
53100.056 2.0804673167898668e-07
53150.056 2.848143442100246e-07
53200.056 1.3305915894318595e-07
53250.056 2.4663793925002065e-07
53300.056 2.609890928121223e-07
53350.056 2.512479038999973e-07
53400.056 2.2921025956000354e-07
53450.056 1.3101125042898597e-07
53500.056 7.647260046077669e-08
