galfind/configs/Brown_Dwarf_templates/sonora_bobcat/m0.0/1000g/co1.5/sp_t1800g1000nc_m+0.0_co1.5_resample.dat
# %ECSV 1.0
# ---
# datatype:
# - {name: wav, unit: Angstrom, datatype: float64}
# - {name: flux_nu, unit: erg / (cm2 Hz s), datatype: float64}
# meta: {C/O: '1.50', Kzz: '1.0000E+05', Teff: '1800.', Y: '0.28', '[Fe/H]': '0.00', f_hole: '1.00', f_rain: '0.00', grav: '1000.'}
# schema: astropy-2.0
wav flux_nu
4000.0559999999996 nan
4050.0559999999996 1.1851755385026368e-09
4100.056 3.5607185742005747e-09
4150.056 2.8987202433892265e-09
4200.056 1.9670989507498637e-09
4250.056 1.78245514987754e-09
4300.056 1.2018975105672571e-09
4350.056 1.1588107935501207e-09
4400.056 1.2479109782802527e-09
4450.056 9.255801426000533e-10
4500.056 9.609415587800779e-10
4550.056 1.2067821963237502e-09
4600.056 1.1392783431199481e-09
4650.056 1.0604571415998913e-09
4700.056 1.3294749267300434e-09
4750.056 1.4373456943198737e-09
4800.056 8.776146613100774e-10
4850.056 1.0075041345600288e-09
4900.056 1.3424418790999593e-09
4950.056 1.164967655359979e-09
5000.056 5.373483391599453e-10
5050.056 3.2605232014000835e-10
5100.056 2.708712522030194e-10
5150.056 2.1299049021602682e-10
5200.056 2.2267738588599133e-10
5250.056 2.322208167100047e-10
5300.056 2.015357072400003e-10
5350.056 1.7024800684000086e-10
5400.056 1.4063201499999965e-10
5450.056 1.1504048966700002e-10
5500.056 9.22399838569994e-11
5550.056 7.489748401999959e-11
5600.056 5.963502120099971e-11
5650.056 4.583911812299985e-11
5700.056 3.331410213999985e-11
5750.056 2.2226921592999907e-11
5800.056 1.2533332097099881e-11
5850.056 4.978315214799904e-12
5900.056 7.662822389598742e-13
5950.056 1.1175739606400223e-11
6000.056 3.696626949500054e-11
6050.056 8.974242877200093e-11
6100.056 1.8165754039000152e-10
6150.056 3.3779370235000303e-10
6200.056 5.916786265400045e-10
6250.056 9.77557969500007e-10
6300.056 1.55662287540001e-09
6350.056 2.377285510900016e-09
6400.056 3.4736537349000134e-09
6450.056 4.9075845464999795e-09
6500.056 6.574339605999952e-09
6550.056 8.766067530799966e-09
6600.056 1.1202183410200067e-08
6650.056 1.2945408950500443e-08
6700.056 7.951901195245674e-09
6750.056 1.613955383750024e-08
6800.056 2.0440547367000876e-08
6850.056 2.4132874246000538e-08
6900.056 2.574689307500041e-08
6950.056 2.5296666398000305e-08
7000.056 2.630484924600001e-08
7050.056 2.5898902134000315e-08
7100.056 2.3549320289999968e-08
7150.056 2.3785708563000167e-08
7200.056 2.8062057768999853e-08
7250.056 3.096829576000081e-08
7300.056 3.197787943700065e-08
7350.056 2.957747570400008e-08
7400.056 2.4802691809000028e-08
7450.056 2.0324306790999606e-08
7500.056 1.6390408310999824e-08
7550.056 1.245330714399994e-08
7600.056 7.636758514899887e-09
7650.056 1.1588123957302806e-09
7700.056 4.943124421469596e-10
7750.056 4.929569549000128e-09
7800.056 1.1189600155844222e-08
7850.056 2.4034351477000256e-08
7900.056 3.4303300152000495e-08
7950.056 3.6977835728818705e-08
8000.056 5.7929346559000015e-08
8050.056 8.144066406399796e-08
8100.056 1.1056484276200075e-07
8150.056 1.4454170519500103e-07
8200.056 1.3478609224799813e-07
8250.056 1.8506122791000108e-07
8300.056 1.9806436467000914e-07
8350.056 2.2409752720000685e-07
8400.056 2.457461322500017e-07
8450.056 2.210163403099975e-07
8500.056 2.1178911912399684e-07
8550.056 2.5461346568001165e-07
8600.056 2.8136995300398193e-07
8650.056 2.8619072404297483e-07
8700.056 2.7509349209296787e-07
8750.056 3.043455556780176e-07
8800.056 3.881465172400211e-07
8850.056 4.0437601958997283e-07
8900.056 3.676265017100092e-07
8950.056 3.8018781047181817e-07
9000.056 4.884023515400153e-07
9050.056 4.808365193500073e-07
9100.056 5.826866913499922e-07
9150.056 6.736545745600049e-07
9200.056 7.020228962900247e-07
9250.056 6.067108176700236e-07
9300.056 5.530413987299791e-07
9350.056 6.137912540700343e-07
9400.056 6.790477718100044e-07
9450.056 7.682275023599768e-07
9500.056 8.855084914399635e-07
9550.056 9.587673714000555e-07
9600.056 1.0281592768800463e-06
9650.056 1.1540876368700565e-06
9700.056 1.3012389994699485e-06
9750.056 1.0934117789399564e-06
9800.056 1.1747283202699672e-06
9850.056 1.1465565427099922e-06
9900.056 8.272943445199456e-07
9950.056 5.884733777200092e-07
10000.056 5.607482189099823e-07
10050.056 6.332127976399887e-07
10100.056 7.598269728600454e-07
10150.056 7.536443327899634e-07
10200.056 8.213069596099871e-07
10250.056 8.532471848199647e-07
10300.056 8.059140781699885e-07
10350.056 9.333937512100431e-07
10400.056 1.0657050973899693e-06
10450.056 1.1036625407500686e-06
10500.056 1.0986455031399563e-06
10550.056 1.187900913250057e-06
10600.056 1.2903318485100302e-06
10650.056 1.3167419989100866e-06
10700.056 1.3608216973500455e-06
10750.056 1.5168721036900641e-06
10800.056 1.6596340291599612e-06
10850.056 1.8699741894499106e-06
10900.056 1.941518723119954e-06
10950.056 2.0008278616599366e-06
11000.056 1.92949819306999e-06
11050.056 1.571250117599998e-06
11100.056 1.6671229016801067e-06
11150.056 1.8215666549979526e-06
11200.056 1.8472918845842097e-06
11250.056 2.233041150453996e-06
11300.056 2.190883006439979e-06
11350.056 2.023441768935876e-06
11400.056 1.4614105354600303e-06
11450.056 2.2950605558199436e-06
11500.056 2.8310296028098517e-06
11550.056 2.678404991842025e-06
11600.056 2.8637994224396442e-06
11650.056 2.6469167025200997e-06
11700.056 1.7058681594130235e-06
11750.056 1.850507803829809e-06
11800.056 1.91806711578014e-06
11850.056 2.9232870714301685e-06
11900.056 3.3938569300397306e-06
11950.056 2.8116348892700203e-06
12000.056 2.2684728031000224e-06
12050.056 2.8789625667000213e-06
12100.056 2.7557061937998533e-06
12150.056 3.3261328435998493e-06
12200.056 3.1445769724997086e-06
12250.056 3.5046455992999316e-06
12300.056 3.6123676441001535e-06
12350.056 3.430919216799924e-06
12400.056 2.8316444400999444e-06
12450.056 2.3450831543200064e-06
12500.056 2.500885314499834e-06
12550.056 2.5662257294701593e-06
12600.056 3.2769284364999783e-06
12650.056 3.3771115357998827e-06
12700.056 3.837699867100216e-06
12750.056 3.740113698399835e-06
12800.056 3.99804077490009e-06
12850.056 3.821622681999892e-06
12900.056 3.528143453599869e-06
12950.056 3.6263037834999766e-06
13000.056 3.876431165699842e-06
13050.056 4.135951569299919e-06
13100.056 4.253053500399999e-06
13150.056 4.341963403659935e-06
13200.056 4.17706702410009e-06
13250.056 3.843830628010026e-06
13300.056 3.4257785446267086e-06
13350.056 2.0464661340291167e-06
13400.056 1.7755419308010764e-06
13450.056 1.5622028318661321e-06
13500.056 1.4211814372740227e-06
13550.056 1.3286254583774623e-06
13600.056 1.3106041474531898e-06
13650.056 1.6593401255349146e-06
13700.056 1.5128383463242475e-06
13750.056 1.63556181559175e-06
13800.056 1.8983908366192106e-06
13850.056 1.755645604238785e-06
13900.056 1.6751196671736876e-06
13950.056 1.5756519812010104e-06
14000.056 1.4721322744919676e-06
14050.056 1.5847399073946937e-06
14100.056 1.3373421983664314e-06
14150.056 1.4847975828140807e-06
14200.056 1.3263287317265277e-06
14250.056 1.28507704741654e-06
14300.056 1.4027811858808533e-06
14350.056 1.4434251041260616e-06
14400.056 1.4933044944910125e-06
14450.056 1.5639754961690866e-06
14500.056 1.7974297937499205e-06
14550.056 1.817543955703911e-06
14600.056 2.054889593184377e-06
14650.056 2.009478150271428e-06
14700.056 1.8481425295149797e-06
14750.056 2.0053033903203435e-06
14800.056 2.1166093128703133e-06
14850.056 2.292142727449742e-06
14900.056 2.237931966519885e-06
14950.056 2.2914614637602786e-06
15000.056 2.3948719415400736e-06
15050.056 2.6792710902297232e-06
15100.056 2.6601010864900705e-06
15150.056 2.7553849362601364e-06
15200.056 2.908707373359844e-06
15250.056 3.0174309956500105e-06
15300.056 3.1395867864199607e-06
15350.056 3.3331015511799493e-06
15400.056 3.451887937600015e-06
15450.056 3.5985389540001135e-06
15500.056 3.6768330803000155e-06
15550.056 3.854188495599776e-06
15600.056 3.712116156200135e-06
15650.056 3.938563818800195e-06
15700.056 4.212348662800331e-06
15750.056 4.38034380949983e-06
15800.056 4.188980964000178e-06
15850.056 3.389225750200059e-06
15900.056 3.5380150599000224e-06
15950.056 3.495765996599849e-06
16000.056 3.5099430985000204e-06
16050.056 3.5530992465000297e-06
16100.056 3.6775904732000724e-06
16150.056 3.3634178953999826e-06
16200.056 3.4970141247998974e-06
16250.056 3.328409502899958e-06
16300.056 3.3702393221000266e-06
16350.056 3.5648237148999547e-06
16400.056 3.4860146692000945e-06
16450.056 3.6159331500001175e-06
16500.056 3.718642063900074e-06
16550.056 3.904735313600002e-06
16600.056 3.6298795004000955e-06
16650.056 3.817179956299966e-06
16700.056 3.5821068572998846e-06
16750.056 3.57109455579992e-06
16800.056 3.7420886851999325e-06
16850.056 3.82419670679985e-06
16900.056 3.7028345070000435e-06
16950.056 3.6801549582999448e-06
17000.056 3.753891009800225e-06
17050.056 3.7820134574000443e-06
17100.056 3.7095124222002197e-06
17150.056 3.6843773347001193e-06
17200.056 3.477136358199883e-06
17250.056 3.2494515024199424e-06
17300.056 3.2280192894899034e-06
17350.056 3.1801267822001533e-06
17400.056 3.0522359803899137e-06
17450.056 2.9235119240692853e-06
17500.056 2.8391922461300842e-06
17550.056 2.710186004740399e-06
17600.056 2.6402279513900223e-06
17650.056 2.639861547444227e-06
17700.056 2.26423852051977e-06
17750.056 2.194320628942898e-06
17800.056 2.1959907065624504e-06
17850.056 1.9319414103949805e-06
17900.056 2.0640982153421118e-06
17950.056 1.9543138562019597e-06
18000.056 1.8335247123960088e-06
18050.056 1.8237739864111285e-06
18100.056 1.7884034687828094e-06
18150.056 1.978331304518367e-06
18200.056 1.6125720175780983e-06
18250.056 2.026987302555807e-06
18300.056 1.863047576280997e-06
18350.056 1.8122946851041284e-06
18400.056 1.7604166428871096e-06
18450.056 1.6047336291775434e-06
18500.056 1.6795764185460923e-06
18550.056 1.5282497079750116e-06
18600.056 1.3256343766447067e-06
18650.056 1.4815542884962206e-06
18700.056 1.6234068628292176e-06
18750.056 1.5931761613043416e-06
18800.056 1.7446297808003676e-06
18850.056 1.959944524391913e-06
18900.056 1.8670971604354365e-06
18950.056 2.06261678793997e-06
19000.056 2.0708053750097543e-06
19050.056 1.960047406985893e-06
19100.056 2.1686268825251433e-06
19150.056 2.121291565855064e-06
19200.056 2.1450071541412903e-06
19250.056 2.0092053915219454e-06
19300.056 2.1038560840496232e-06
19350.056 2.01975033181882e-06
19400.056 1.6548762559418324e-06
19450.056 2.022196395874962e-06
19500.056 2.0282470454459618e-06
19550.056 1.6953794778952466e-06
19600.056 1.886869133834899e-06
19650.056 1.954063978302344e-06
19700.056 1.9278589534711043e-06
19750.056 1.7901367921421068e-06
19800.056 1.929929867615817e-06
19850.056 2.045971915179993e-06
19900.056 1.7692015613062297e-06
19950.056 2.0908054625998968e-06
20000.056 1.8901933112502054e-06
20050.056 2.109038683810154e-06
20100.056 2.03809963000928e-06
20150.056 2.1551322271902733e-06
20200.056 2.226113310889914e-06
20250.056 2.2923724258298044e-06
20300.056 2.2985793399601826e-06
20350.056 2.4356525560398166e-06
20400.056 2.446554111199406e-06
20450.056 2.510594920629599e-06
20500.056 2.602196306819832e-06
20550.056 2.6201298064000202e-06
20600.056 2.7853637402800725e-06
20650.056 2.7311957206900654e-06
20700.056 2.85160833516015e-06
20750.056 2.8611599247699205e-06
20800.056 2.9743808259999136e-06
20850.056 2.921389137829968e-06
20900.056 3.0659939089998867e-06
20950.056 3.0701594162999437e-06
21000.056 3.121179740900029e-06
21050.056 3.160015050999995e-06
21100.056 3.1504520951999893e-06
21150.056 3.2374872949999277e-06
21200.056 3.222482414800056e-06
21250.056 3.2923897501998827e-06
21300.056 3.20288350980003e-06
21350.056 3.3066605703000266e-06
21400.056 3.226577946400117e-06
21450.056 3.3428315007999975e-06
21500.056 3.2370447071000534e-06
21550.056 3.2537164611999643e-06
21600.056 3.2532006392000975e-06
21650.056 3.2053929290999917e-06
21700.056 3.2374973847000187e-06
21750.056 3.141460510600016e-06
21800.056 3.105929700999836e-06
21850.056 3.0517175953999905e-06
21900.056 3.0232769852000596e-06
21950.056 2.878640711600054e-06
22000.056 2.7518110810000135e-06
22050.056 2.5733331690998486e-06
22100.056 2.614411834900127e-06
22150.056 2.676440571400039e-06
22200.056 2.64282916142007e-06
22250.056 2.7152932218002004e-06
22300.056 2.644355852499964e-06
22350.056 2.570496846400174e-06
22400.056 2.539326656299945e-06
22450.056 2.453569159810047e-06
22500.056 2.4723514160001188e-06
22550.056 2.4093781442998383e-06
22600.056 2.4195779757200876e-06
22650.056 2.3432536090802037e-06
22700.056 2.290557241800112e-06
22750.056 2.328181586460058e-06
22800.056 2.232526618019914e-06
22850.056 2.1944831372400996e-06
22900.056 2.174276110989905e-06
22950.056 1.5012633691400513e-06
23000.056 1.6053678142900792e-06
23050.056 1.751305387219842e-06
23100.056 1.7614397495459098e-06
23150.056 1.8590732325721024e-06
23200.056 1.6461045514480759e-06
23250.056 1.4012901054779166e-06
23300.056 1.4187029738571336e-06
23350.056 1.4425692366299418e-06
23400.056 1.482348163460155e-06
23450.056 1.5303216396301769e-06
23500.056 1.6283880085500184e-06
23550.056 1.5356843043402089e-06
23600.056 1.5554429007299916e-06
23650.056 1.6588813056098584e-06
23700.056 1.549330261050005e-06
23750.056 1.5599118526852195e-06
23800.056 1.5123474419800139e-06
23850.056 1.4265613540600688e-06
23900.056 1.570692879127078e-06
23950.056 1.6999915026202364e-06
24000.056 1.6723927462796691e-06
24050.056 1.6951139427102103e-06
24100.056 1.625838947199893e-06
24150.056 1.6192938781803794e-06
24200.056 1.653091917429657e-06
24250.056 1.6017043431801466e-06
24300.056 1.6377538715100973e-06
24350.056 1.4907150912000342e-06
24400.056 1.6314496853100743e-06
24450.056 1.5181078641497769e-06
24500.056 1.464944880710055e-06
24550.056 1.4446239395601681e-06
24600.056 1.4961440872901034e-06
24650.056 1.606945970930141e-06
24700.056 1.3579193156099302e-06
24750.056 1.3341741901801796e-06
24800.056 1.3486606758800508e-06
24850.056 1.541983370610177e-06
24900.056 1.1653961246633683e-06
24950.056 1.4858412070000003e-06
25000.056 1.373949050060214e-06
25050.056 1.090313048362173e-06
25100.056 1.3399945009909e-06
25150.056 1.1645871069619008e-06
25200.056 1.256868751618098e-06
25250.056 1.1418417455838453e-06
25300.056 1.2814207853370967e-06
25350.056 1.0663825366860038e-06
25400.056 1.2489182187022717e-06
25450.056 1.0720507703789534e-06
25500.056 1.1509348610042468e-06
25550.056 1.1032271876090242e-06
25600.056 1.1468344599718917e-06
25650.056 1.0030570458349732e-06
25700.056 1.3365045656496099e-06
25750.056 9.483948760971674e-07
25800.056 1.291225811464205e-06
25850.056 1.1025162723398777e-06
25900.056 1.2623196708742057e-06
25950.056 1.054370825071106e-06
26000.056 1.31698647712038e-06
26050.056 1.3024376829660245e-06
26100.056 1.3935704168840738e-06
26150.056 1.3462887538338325e-06
26200.056 1.303113851552028e-06
26250.056 1.4104834615649372e-06
26300.056 1.337706704213099e-06
26350.056 1.4871078312399471e-06
26400.056 1.4979178369698396e-06
26450.056 1.473151332270019e-06
26500.056 1.5638080475396867e-06
26550.056 1.4314084534148016e-06
26600.056 1.7207529053818165e-06
26650.056 1.3018862347088393e-06
26700.056 1.329630484134024e-06
26750.056 1.0912672079725598e-06
26800.056 1.2831374049938348e-06
26850.056 9.805862474460776e-07
26900.056 1.3449650149419343e-06
26950.056 9.202654567158854e-07
27000.056 1.2841187540871378e-06
27050.056 1.0935315242399121e-06
27100.056 1.0965026040167445e-06
27150.056 1.1936383388700511e-06
27200.056 1.168046610079115e-06
27250.056 1.0960811095102784e-06
27300.056 1.3782847899901358e-06
27350.056 1.2578344911397017e-06
27400.056 1.0039970456308841e-06
27450.056 1.469195911779699e-06
27500.056 1.3366208358949836e-06
27550.056 1.161967436693862e-06
27600.056 1.4751539967999196e-06
27650.056 1.113595612601977e-06
27700.056 1.048363391005025e-06
27750.056 1.4802108196796713e-06
27800.056 1.068936796184944e-06
27850.056 1.1475082271917584e-06
27900.056 1.2083261171619867e-06
27950.056 1.46052305488996e-06
28000.056 1.301547434383192e-06
28050.056 9.595886274422323e-07
28100.056 1.5182112741983196e-06
28150.056 1.1745739457600625e-06
28200.056 9.7828421540299e-07
28250.056 1.3532843877099663e-06
28300.056 1.5491225196102203e-06
28350.056 1.067423985761774e-06
28400.056 1.2698585661750486e-06
28450.056 1.3772793613098418e-06
28500.056 1.3175353162447829e-06
28550.056 8.877456056847875e-07
28600.056 1.5451413042000308e-06
28650.056 1.3612915779699847e-06
28700.056 1.2125978869198899e-06
