galfind/configs/Brown_Dwarf_templates/sonora_bobcat/m0.0/1000g/co1.5/sp_t800g1000nc_m+0.0_co1.5_resample.dat
# %ECSV 1.0
# ---
# datatype:
# - {name: wav, unit: Angstrom, datatype: float64}
# - {name: flux_nu, unit: erg / (cm2 Hz s), datatype: float64}
# meta: {C/O: '1.50', Kzz: '1.0000E+05', Teff: '800.', Y: '0.28', '[Fe/H]': '0.00', f_hole: '1.00', f_rain: '0.00', grav: '1000.'}
# schema: astropy-2.0
wav flux_nu
[from data line 498]
28900.056 1.351199854395758e-08
28950.056 2.6974287934903407e-08
29000.056 2.2885172324549787e-08
29050.056 2.736463114708182e-08
29100.056 1.8552368621124662e-08
29150.056 3.392280472530319e-08
29200.056 2.4070509227447848e-08
29250.056 3.510130051475689e-08
29300.056 1.8308442063791665e-08
29350.056 5.5808508592936095e-08
29400.056 2.5975108348163047e-08
29450.056 2.8395986708386317e-08
29500.056 3.678603907622675e-08
29550.056 2.8310532824712624e-08
29600.056 3.4676270360835565e-08
29650.056 4.223834716278094e-08
29700.056 2.7423637064861093e-08
29750.056 4.1922744168950266e-08
29800.056 4.123500547177553e-08
29850.056 4.662878159026526e-08
29900.056 4.385000069426354e-08
29950.056 4.0370417718934316e-08
30000.056 7.486154958341263e-09
30050.056 1.3964323379824553e-08
30100.056 2.0147081218124895e-08
30150.056 3.97019713644981e-08
30200.056 3.444869071376153e-08
30250.056 5.872829295084342e-08
30300.056 5.255475154690289e-08
30350.056 3.9213775098459594e-08
30400.056 5.8204307923633106e-08
30450.056 3.873724142550469e-08
30500.056 3.760549402785044e-08
30550.056 3.614715869079669e-08
30600.056 5.3030957497203056e-08
30650.056 3.673065727120012e-08
30700.056 3.278518682485212e-08
30750.056 3.943876585474406e-08
30800.056 3.3829840740606865e-08
30850.056 3.1833454342611053e-08
30900.056 2.4450719514403133e-08
30950.056 2.4630658783704794e-08
31000.056 2.312199023918411e-08
31050.056 2.5142234802198712e-08
31100.056 1.6618212481404328e-08
31150.056 2.3520458513178592e-08
31200.056 2.90426305617066e-08
31250.056 1.8779762774858547e-08
31300.056 1.6201114832034817e-08
31350.056 1.881420121465867e-08
31400.056 1.3803987719810431e-08
31450.056 1.6556132946396366e-08
31500.056 1.009182280952726e-08
31550.056 1.2850970057187892e-08
31600.056 9.662813603607032e-09
31650.056 8.507019727702384e-09
31700.056 9.700017197520398e-09
31750.056 6.214175642776996e-09
31800.056 1.0071132577399428e-08
31850.056 5.314611755905296e-09
31900.056 8.240881723520682e-09
31950.056 4.81636840125517e-09
32000.056 6.8595923019302365e-09
32050.056 6.959516632895026e-09
32100.056 6.070190022181034e-09
32150.056 7.799554885329602e-09
32200.056 5.305211844368047e-09
32250.056 9.436751108782865e-09
32300.056 4.912892942065479e-09
32350.056 9.667680984720141e-09
32400.056 4.846375429880821e-09
32450.056 8.67744057210823e-09
32500.056 6.64230319496291e-09
32550.056 7.655592669709478e-09
32600.056 8.575481972466457e-09
32650.056 1.2435656054176066e-08
32700.056 1.0372673667871268e-08
32750.056 1.5285570014912773e-08
32800.056 1.4696025378294598e-08
32850.056 1.757296774819868e-08
32900.056 1.8360118445179627e-08
32950.056 1.979102530815942e-08
33000.056 1.5322672238628394e-08
33050.056 1.550909466508459e-08
33100.056 6.74677281907713e-09
33150.056 4.6219273344936874e-10
33200.056 7.983935338114103e-10
33250.056 6.226940767478396e-10
33300.056 1.1469356202063002e-09
33350.056 2.5191513030500138e-09
33400.056 4.497822587158755e-09
33450.056 5.963041249314696e-09
33500.056 1.151896905720556e-08
33550.056 7.633418747967266e-09
33600.056 1.3320626286688825e-08
33650.056 1.3394074485820569e-08
33700.056 9.37016123911243e-09
33750.056 1.6754111911883055e-08
33800.056 7.938088582401709e-09
33850.056 1.2543402291399755e-08
33900.056 1.0377080003260018e-08
33950.056 1.0728793120566866e-08
34000.056 1.501655121817482e-08
34050.056 6.426400013642764e-09
34100.056 1.4053059694903189e-08
34150.056 8.720833407981122e-09
34200.056 1.2644169162374201e-08
34250.056 1.1491261290815708e-08
34300.056 9.163804322516077e-09
34350.056 1.1549589390721096e-08
34400.056 7.559346899072062e-09
34450.056 1.3351782980524404e-08
34500.056 1.0775371274251596e-08
34550.056 6.755746858284068e-09
34600.056 1.654506038020059e-08
34650.056 7.915958762430376e-09
34700.056 1.3403532774210759e-08
34750.056 1.182606730661528e-08
34800.056 9.17703627983846e-09
34850.056 1.5761492816801884e-08
34900.056 1.1779929253210614e-08
34950.056 1.4898355239296952e-08
35000.056 2.4317571805907432e-08
35050.056 1.273089468994719e-08
35100.056 2.148327205081192e-08
35150.056 2.0817012700564904e-08
35200.056 1.898844661785938e-08
35250.056 2.8375499902229897e-08
35300.056 1.7025679643802615e-08
35350.056 2.0496861520405568e-08
35400.056 2.276482988629583e-08
35450.056 1.5388768892107622e-08
35500.056 3.414251296725366e-08
35550.056 2.7057097585148445e-08
35600.056 2.6211773141113115e-08
35650.056 2.9709034612493983e-08
35700.056 2.4919534889304015e-08
35750.056 3.605638202639861e-08
35800.056 4.145789430560213e-08
35850.056 2.4049866792039142e-08
35900.056 3.480370413220776e-08
35950.056 3.621484452919376e-08
36000.056 3.491128223820501e-08
36050.056 3.299062279888984e-08
36100.056 3.1495188326824704e-08
36150.056 4.030677161689135e-08
36200.056 4.538871870339026e-08
36250.056 3.761986985914298e-08
36300.056 5.3767918493423865e-08
36350.056 4.6787568285085584e-08
36400.056 5.192120480539109e-08
36450.056 5.3750160028201624e-08
36500.056 5.760194073874241e-08
36550.056 6.761604183201716e-08
36600.056 7.701933009398879e-08
36650.056 6.682207183275095e-08
36700.056 6.836814150290571e-08
36750.056 8.05398772810219e-08
36800.056 8.25154138019964e-08
36850.056 7.032550380318588e-08
36900.056 8.119397899619553e-08
36950.056 9.01197663499838e-08
37000.056 7.80347378339915e-08
37050.056 9.160634028540353e-08
37100.056 8.358723523619932e-08
37150.056 8.18995079370039e-08
37200.056 1.0306347476899171e-07
37250.056 8.503761156918122e-08
37300.056 7.658190097751897e-08
37350.056 9.445600655871415e-08
37400.056 1.2661052357899761e-07
37450.056 8.54788198828753e-08
37500.056 9.102408524397377e-08
37550.056 1.260513915400497e-07
37600.056 1.4660833733501653e-07
37650.056 8.856318958501254e-08
37700.056 1.310837933248104e-07
37750.056 9.891506769661228e-08
37800.056 1.1059325778193854e-07
37850.056 7.91670718115031e-08
37900.056 9.096246611502272e-08
37950.056 1.1698469864878608e-07
38000.056 1.2759052105709595e-07
38050.056 1.3200985990703064e-07
38100.056 1.4733196598160996e-07
38150.056 1.529522044249949e-07
38200.056 1.524011126470151e-07
38250.056 1.4349248544800847e-07
38300.056 1.915784777589642e-07
38350.056 1.9027974984503336e-07
38400.056 1.264650402269521e-07
38450.056 1.1993685304755695e-07
38500.056 9.047874729502136e-08
38550.056 1.4518718407603377e-07
38600.056 1.4121385792798e-07
38650.056 1.5572321812998173e-07
38700.056 1.639138496239976e-07
38750.056 1.639749984049996e-07
38800.056 1.4650577368196862e-07
38850.056 1.6365458972901784e-07
38900.056 1.948813039349803e-07
38950.056 1.5003475032999443e-07
39000.056 1.7903708794697856e-07
39050.056 1.6406092955903265e-07
39100.056 1.7288971477599351e-07
39150.056 1.9202952544399668e-07
39200.056 1.719884884519882e-07
39250.056 2.0614162135099578e-07
39300.056 1.836162334589708e-07
39350.056 2.277088462660125e-07
39400.056 1.91705310264026e-07
39450.056 2.0751095352999714e-07
39500.056 2.1796594598301688e-07
39550.056 1.87462329855651e-07
39600.056 2.1911349774897445e-07
39650.056 2.531817874979862e-07
39700.056 2.314614835840225e-07
39750.056 1.7867923492105128e-07
39800.056 2.0522317021998527e-07
39850.056 2.753067692200087e-07
39900.056 2.694238971500001e-07
39950.056 2.3189134025798383e-07
40000.056 2.868454615800163e-07
40050.056 2.637155437400071e-07
40100.056 1.9482992887601816e-07
40150.056 2.7210432900801154e-07
40200.056 2.8244168009994776e-07
40250.056 2.8679558604994644e-07
40300.056 2.858713478900276e-07
40350.056 2.483084841309686e-07
40400.056 3.093329927648057e-07
40450.056 2.453690941579995e-07
40500.056 3.179913881099862e-07
40550.056 3.190424874099503e-07
40600.056 3.044480370600167e-07
40650.056 2.7602267437646e-07
40700.056 3.862012270799815e-07
40750.056 2.98784711829961e-07
40800.056 2.4191968483191744e-07
40850.056 3.909332539700427e-07
40900.056 3.6495745427799815e-07
40950.056 3.0884740893801825e-07
41000.056 3.201358217199914e-07
41050.056 4.006589101799613e-07
41100.056 3.4270219878997755e-07
41150.056 2.3775690699858316e-07
41200.056 3.854639815000098e-07
41250.056 3.431714106649709e-07
41300.056 3.2289049982997223e-07
41350.056 4.030296251600055e-07
41400.056 3.6052170463002357e-07
41450.056 3.9200005559998965e-07
41500.056 3.023003106335729e-07
41550.056 2.951691272390652e-07
41600.056 3.521685174224371e-07
41650.056 3.774316715100091e-07
41700.056 3.5535451132994424e-07
41750.056 3.447060644899827e-07
41800.056 4.24163097380027e-07
41850.056 2.919768038649797e-07
41900.056 3.2610176886593533e-07
41950.056 3.654637919700367e-07
42000.056 3.5233794691992543e-07
42050.056 3.0651771801201977e-07
42100.056 4.3457261277997897e-07
42150.056 3.1596499847001673e-07
42200.056 3.093173115149818e-07
42250.056 3.1986800525798605e-07
42300.056 2.995855940299926e-07
42350.056 3.7018683365003845e-07
42400.056 3.780810813100301e-07
42450.056 3.232560232840466e-07
42500.056 3.28045464379985e-07
42550.056 3.00374322299984e-07
42600.056 3.2991950956906304e-07
42650.056 4.330040480699286e-07
42700.056 3.1558968521992475e-07
42750.056 3.010792974990335e-07
42800.056 3.5903646088602774e-07
42850.056 3.9631547506991753e-07
42900.056 4.294238084920525e-07
42950.056 3.231991999299462e-07
43000.056 3.7752443149400485e-07
43050.056 2.3763456640606647e-07
43100.056 3.3510401106996484e-07
43150.056 2.990387563600237e-07
43200.056 3.551516427300102e-07
43250.056 4.707747483900335e-07
43300.056 4.4661639364001005e-07
43350.056 2.697603828519361e-07
43400.056 3.5568298638601033e-07
43450.056 2.8737691762203395e-07
43500.056 3.168077007100183e-07
43550.056 3.13374374868021e-07
43600.056 4.165921801600356e-07
43650.056 2.8177431795500424e-07
43700.056 4.54131741260042e-07
43750.056 3.9196864418001524e-07
43800.056 3.6758631875396484e-07
43850.056 3.301905634880428e-07
43900.056 3.4122633961997677e-07
43950.056 2.4732547473997764e-07
44000.056 2.263776450010038e-07
44050.056 3.999089458000094e-07
44100.056 4.954365671600218e-07
44150.056 4.841549792999783e-07
44200.056 4.1355575663000253e-07
44250.056 2.917832465129993e-07
44300.056 2.4694153037204197e-07
44350.056 2.8567275719604507e-07
44400.056 2.7013878623398496e-07
44450.056 3.750140191600023e-07
44500.056 3.5532203921606304e-07
44550.056 4.527291026099672e-07
44600.056 4.0104413037701944e-07
44650.056 3.877578779160075e-07
44700.056 2.850295261599791e-07
44750.056 3.5857102041806117e-07
44800.056 3.1811746397903313e-07
44850.056 4.088609144300382e-07
44900.056 3.255660230820107e-07
44950.056 3.559263348420183e-07
45000.056 3.8563006756000935e-07
45050.056 3.780128356399802e-07
45100.056 3.782806602620171e-07
45150.056 3.671565149139804e-07
45200.056 2.910529854650194e-07
45250.056 3.237537851549364e-07
45300.056 2.9763786112503676e-07
45350.056 2.8919539556999853e-07
45400.056 4.3807503949003743e-07
45450.056 4.058299932300125e-07
45500.056 4.1654249841601955e-07
45550.056 4.674885058699266e-07
45600.056 4.5010787961004296e-07
45650.056 3.855208428619718e-07
45700.056 3.05018682798e-07
45750.056 2.8506819519400005e-07
45800.056 4.6926269308001527e-07
45850.056 4.502450137199926e-07
45900.056 4.7503748908001353e-07
45950.056 3.831927768899901e-07
46000.056 4.5648328216504423e-07
46050.056 3.804582464010008e-07
46100.056 4.786585518799768e-07
46150.056 3.50040456249994e-07
46200.056 3.2948044554699724e-07
46250.056 2.005106589133761e-07
46300.056 3.738513809659959e-07
46350.056 3.758475691800289e-07
46400.056 3.7024004804001847e-07
46450.056 3.2815593893400786e-07
46500.056 3.5412292987707046e-07
46550.056 2.5912821293001024e-07
46600.056 3.288632599459637e-07
46650.056 4.60137413635026e-07
46700.056 3.366938761499501e-07
46750.056 2.31410981133025e-07
46800.056 1.8162075108800832e-07
46850.056 4.5172952370005145e-07
46900.056 4.2883111415998046e-07
46950.056 4.088301136299695e-07
47000.056 3.88671396110046e-07
47050.056 3.386890824919007e-07
47100.056 2.475455243490194e-07
47150.056 3.3365806176604473e-07
47200.056 3.9143870276999114e-07
47250.056 2.674326934519745e-07
47300.056 1.9718055276391873e-07
47350.056 4.3483725206999576e-07
47400.056 3.956382294699714e-07
47450.056 3.615611034450456e-07
47500.056 4.2867050702997213e-07
47550.056 3.73105104980012e-07
47600.056 3.8110323777497075e-07
47650.056 3.578853991139603e-07
47700.056 3.264661449380815e-07
47750.056 2.556181695110039e-07
47800.056 2.4759076871402113e-07
47850.056 1.7161599914301348e-07
47900.056 2.2252000194897938e-07
47950.056 3.49423155700007e-07
48000.056 4.399834256700227e-07
48050.056 3.9346366773797776e-07
48100.056 2.1820302375500847e-07
48150.056 3.0778179776201014e-07
48200.056 2.6565910896899537e-07
48250.056 2.9871674998000264e-07
48300.056 4.1283566373996637e-07
48350.056 2.7575255742199147e-07
48400.056 1.406026439959747e-07
48450.056 2.5031636112064943e-07
48500.056 3.2361370517994523e-07
48550.056 3.1330055270401776e-07
48600.056 3.2914072050001044e-07
48650.056 3.7747236415998843e-07
48700.056 3.052461815820144e-07
48750.056 1.951195092720714e-07
48800.056 3.683527240490172e-07
48850.056 2.433230478679588e-07
48900.056 3.5774718994998245e-07
48950.056 2.386974857600078e-07
49000.056 1.442585223098015e-07
49050.056 3.122791184599597e-07
49100.056 3.3755058821504453e-07
49150.056 2.717755601808004e-07
49200.056 3.6757525282004526e-07
49250.056 3.50453638280031e-07
49300.056 3.0694151810599084e-07
49350.056 1.7830569672903114e-07
49400.056 2.4155829056395437e-07
49450.056 2.536652057660655e-07
49500.056 2.1394556490598187e-07
49550.056 1.039352407090027e-07
49600.056 1.8522979258762938e-07
49650.056 2.4142521266598294e-07
49700.056 2.4701190851593854e-07
49750.056 2.9128927687397905e-07
49800.056 2.3039046068179669e-07
49850.056 3.363396676380444e-07
49900.056 2.8761885622999026e-07
49950.056 2.5939826349399534e-07
50000.056 2.46536631053985e-07
50050.056 2.932342034099889e-07
50100.056 2.395857029979926e-07
50150.056 1.5373835065498246e-07
50200.056 7.157835557061628e-08
50250.056 2.0784474059998732e-07
50300.056 1.6079589902601575e-07
50350.056 2.8382026970503145e-07
50400.056 2.6103591221598547e-07
50450.056 1.9827254880600105e-07
50500.056 2.7712569781002047e-07
50550.056 2.5688317948000896e-07
50600.056 1.990850653109534e-07
50650.056 2.8511526296504816e-07
50700.056 3.110042325199663e-07
50750.056 2.2484603159402453e-07
50800.056 1.3083377838937952e-07
50850.056 1.1461131032803261e-07
50900.056 2.865352723799965e-07
50950.056 2.2045163306000732e-07
51000.056 2.315789163600164e-07
51050.056 2.456188950259774e-07
51100.056 1.2656153600098333e-07
51150.056 1.6955280720961304e-07
51200.056 3.258049028599807e-07
51250.056 2.161601950539772e-07
51300.056 1.6491900124704216e-07
51350.056 1.848565776299831e-07
51400.056 1.1053785861001024e-07
51450.056 9.165849866557875e-08
51500.056 9.197050901902771e-08
51550.056 2.0764593533701676e-07
51600.056 1.5301474636801499e-07
51650.056 1.6948024754397748e-07
51700.056 1.94624474254479e-07
51750.056 1.3732358863150756e-07
51800.056 2.0806160253595998e-07
51850.056 1.7937511218999035e-07
51900.056 2.6942150514801556e-07
51950.056 1.9809859057698246e-07
52000.056 6.205924771608571e-08
52050.056 1.355982155310147e-07
52100.056 1.0334510231899352e-07
52150.056 8.330310422880895e-08
52200.056 1.0887954225229759e-07
52250.056 1.49728293595019e-07
52300.056 2.2948757122999338e-07
52350.056 1.3095255496760014e-07
52400.056 1.1054967139600703e-07
52450.056 2.040359761530182e-07
52500.056 1.943888143389545e-07
52550.056 1.8936480626998155e-07
52600.056 1.5071180556800625e-07
52650.056 1.556049494530231e-07
52700.056 1.3245758390199962e-07
52750.056 8.944775351819359e-08
52800.056 1.1619945842401457e-07
52850.056 1.3050484743696412e-07
52900.056 1.0676037413425675e-07
52950.056 1.241292355260053e-07
53000.056 1.6771250033300727e-07
53050.056 9.218191437907482e-08
53100.056 1.5600399612099133e-07
53150.056 2.0498000772002126e-07
53200.056 9.248367026909021e-08
53250.056 1.7790752221301533e-07
53300.056 1.954196056309861e-07
53350.056 1.79485126014998e-07
53400.056 1.5457646716299918e-07
53450.056 8.445951049348632e-08
53500.056 4.2529316924185676e-08
