galfind/configs/Brown_Dwarf_templates/sonora_bobcat/m0.0/1000g/co1.5/sp_t525g1000nc_m+0.0_co1.5_resample.dat
# %ECSV 1.0
# ---
# datatype:
# - {name: wav, unit: Angstrom, datatype: float64}
# - {name: flux_nu, unit: erg / (cm2 Hz s), datatype: float64}
# meta: {C/O: '1.50', Kzz: '1.0000E+05', Teff: '525.', Y: '0.28', '[Fe/H]': '0.00', f_hole: '1.00', f_rain: '0.00', grav: '1000.'}
# schema: astropy-2.0
wav flux_nu
4000.0559999999996 nan
4050.0559999999996 8.047771120367974e-17
4100.056 1.0310670443390212e-14
4150.056 1.0607266311700111e-13
4200.056 1.1016501979251263e-13
4250.056 1.0556229577700088e-12
4300.056 2.520689419300004e-12
4350.056 4.6334031106000184e-12
4400.056 7.614274883700026e-12
4450.056 1.1720160479000026e-11
4500.056 1.664100685000002e-11
4550.056 1.6181715754499897e-11
4600.056 3.2403838234999816e-12
4650.056 1.4888462446899883e-12
4700.056 5.517703395299941e-13
4750.056 1.5094354635799835e-13
4800.056 5.792948587599958e-14
4850.056 2.6925672375999814e-14
4900.056 1.555298021499993e-14
4950.056 9.950663128899954e-15
5000.056 5.853794039399967e-15
5050.056 3.935852661e-15
5100.056 3.9485638378000094e-15
5150.056 4.167446044800003e-15
5200.056 4.414600337100002e-15
5250.056 4.706354883100003e-15
5300.056 5.043530712200001e-15
5350.056 5.457612548300006e-15
5400.056 5.969590488300006e-15
5450.056 6.4948574401000075e-15
5500.056 7.0302905064000064e-15
5550.056 7.552629707300007e-15
5600.056 8.057168669800004e-15
5650.056 8.494358045300003e-15
5700.056 8.737934454200005e-15
5750.056 8.468502830099992e-15
5800.056 7.452881361299979e-15
5850.056 5.207536299999944e-15
5900.056 1.7476880130406618e-15
5950.056 1.0422250539300162e-14
6000.056 2.2081281697000134e-14
6050.056 3.8584291845000294e-14
6100.056 6.11349880950004e-14
6150.056 9.234884139500051e-14
6200.056 1.3591893123000065e-13
6250.056 1.9545580802000082e-13
6300.056 2.7694800408000113e-13
6350.056 3.8719473103000166e-13
6400.056 5.363631683100026e-13
6450.056 7.111457998700001e-13
6500.056 9.709004479400073e-13
6550.056 1.3325637400999955e-12
6600.056 1.8199102024000195e-12
6650.056 2.4862013076000143e-12
6700.056 3.164146580400018e-12
6750.056 4.305181244100017e-12
6800.056 5.149192106100015e-12
6850.056 5.297904051699994e-12
6900.056 4.474520247000002e-12
6950.056 3.6467644969000016e-12
7000.056 3.684910933399976e-12
7050.056 3.869074036099989e-12
7100.056 4.223907700599989e-12
7150.056 3.921760498739946e-12
7200.056 3.655842321439992e-12
7250.056 3.831825563299865e-12
7300.056 3.792487870850148e-12
7350.056 4.107644413199992e-12
7400.056 4.410863859400059e-12
7450.056 4.820027978400079e-12
7500.056 5.096601929100003e-12
7550.056 5.189529888300002e-12
7600.056 5.0778486314999915e-12
7650.056 2.3667492540079354e-12
7700.056 2.0915494250200563e-12
7750.056 5.6233428281000594e-12
7800.056 7.59750583220004e-12
7850.056 1.0713065124299988e-11
7900.056 1.3741825190900029e-11
7950.056 1.557409938940008e-11
8000.056 2.135263520500013e-11
8050.056 2.6211561509000173e-11
8100.056 2.743240167899956e-11
8150.056 2.905376183420048e-11
8200.056 4.271848972960109e-11
8250.056 4.959291445619975e-11
8300.056 6.14088881362012e-11
8350.056 7.354013440199976e-11
8400.056 9.081348208900023e-11
8450.056 1.1678807313500023e-10
8500.056 1.370368251369985e-10
8550.056 1.740275524700034e-10
8600.056 2.1587793753000153e-10
8650.056 2.5782948445000183e-10
8700.056 2.994170536700023e-10
8750.056 3.5263919959000233e-10
8800.056 4.025533440000016e-10
8850.056 4.171997735199962e-10
8900.056 2.615132115319909e-10
8950.056 2.589298372750085e-10
9000.056 2.656380538819828e-10
9050.056 5.498604198680036e-10
9100.056 6.498360923357268e-10
9150.056 7.642731856670124e-10
9200.056 9.969859243210256e-10
9250.056 9.838926344229754e-10
9300.056 1.811638955986859e-10
9350.056 2.80405979978129e-10
9400.056 7.442005144572745e-10
9450.056 6.386550105482446e-10
9500.056 5.881701729637261e-10
9550.056 6.283378528474791e-10
9600.056 7.092450588156573e-10
9650.056 9.942840212818643e-10
9700.056 1.7161295855774151e-09
9750.056 1.7919777953512065e-09
9800.056 2.1371639618779593e-09
9850.056 2.5680345858599497e-09
9900.056 3.2430202847000976e-09
9950.056 3.4318065304000618e-09
10000.056 3.1777251622399913e-09
10050.056 4.240235212100039e-09
10100.056 4.7930345888000404e-09
10150.056 4.856514566500016e-09
10200.056 4.808060283200163e-09
10250.056 5.61111051720007e-09
10300.056 6.8704385253997334e-09
10350.056 6.651976294800216e-09
10400.056 8.481380147600076e-09
10450.056 9.835914783799496e-09
10500.056 1.1092611877699913e-08
10550.056 1.251493541250006e-08
10600.056 1.3364248562000044e-08
10650.056 1.390729310800006e-08
10700.056 1.3854690373000025e-08
10750.056 1.41198861677e-08
10800.056 1.3932034272200066e-08
10850.056 1.3217899641700035e-08
10900.056 1.1188494355799785e-08
10950.056 7.0357194093999796e-09
11000.056 4.419900700269566e-09
11050.056 2.3054193405908994e-09
11100.056 1.1529370203019763e-09
11150.056 5.14898670730082e-10
11200.056 4.5031154771231946e-10
11250.056 6.18984532190368e-10
11300.056 8.491109588531166e-10
11350.056 2.87768249449423e-10
11400.056 1.1247143607340797e-09
11450.056 6.69503314138778e-10
11500.056 5.95039305953542e-10
11550.056 1.730332174182958e-10
11600.056 1.1385084571579474e-10
11650.056 3.7997499497899396e-10
11700.056 4.769525972589791e-10
11750.056 1.4531139497586085e-10
11800.056 7.282846450683546e-10
11850.056 1.1452740734420007e-09
11900.056 1.4562874970179653e-09
11950.056 2.1971622833901622e-09
12000.056 3.2969106762101704e-09
12050.056 4.814264722500122e-09
12100.056 6.340143783179809e-09
12150.056 8.543219835599855e-09
12200.056 1.0055379459500158e-08
12250.056 1.2931850101199547e-08
12300.056 1.6968359725400487e-08
12350.056 1.8464970587099983e-08
12400.056 2.3569852655999897e-08
12450.056 2.8688097658000267e-08
12500.056 3.202922569800085e-08
12550.056 3.5891028769999975e-08
12600.056 3.969820033100051e-08
12650.056 4.226241292599988e-08
12700.056 4.2567134242e-08
12750.056 3.6431920378000304e-08
12800.056 3.086551463799962e-08
12850.056 2.2563374110499556e-08
12900.056 1.842148792400022e-08
12950.056 1.5470653711700513e-08
13000.056 1.5865970204801133e-08
13050.056 1.1559635566579938e-08
13100.056 1.1177983467948977e-08
13150.056 7.599024109658646e-09
13200.056 7.367739659557538e-09
13250.056 5.520810902805799e-09
13300.056 2.147429148938661e-09
13350.056 7.205909872146416e-10
13400.056 1.9397101021412075e-10
13450.056 6.456722109309042e-11
13500.056 2.5383846147482142e-11
13550.056 8.94127332244196e-12
13600.056 2.862836576210014e-12
13650.056 1.7548213668702933e-11
13700.056 9.849308247883891e-12
13750.056 2.80342820194358e-11
13800.056 2.8902373081504482e-11
13850.056 1.1927002803187403e-11
13900.056 1.7214159197023156e-11
13950.056 1.6151822133260608e-11
14000.056 2.0076802930599087e-11
14050.056 3.2679750259070184e-11
14100.056 2.739783592589028e-11
14150.056 5.4311406516968355e-11
14200.056 3.704108653746258e-11
14250.056 5.003320733344202e-11
14300.056 1.521452677867364e-10
14350.056 1.3139487622751212e-10
14400.056 1.3309997757804063e-10
14450.056 2.449374701306251e-10
14500.056 5.095967800164638e-10
14550.056 5.240191073086836e-10
14600.056 9.017720772847642e-10
14650.056 5.214020193457007e-10
14700.056 2.641150304170197e-10
14750.056 1.9987476402083302e-10
14800.056 2.612981727517324e-10
14850.056 2.9115596270396636e-10
14900.056 3.0339706298989493e-10
14950.056 2.9379759979380473e-10
15000.056 6.72695845706061e-10
15050.056 7.014739648811365e-10
15100.056 4.3738743619665296e-10
15150.056 2.64472595813407e-10
15200.056 6.27313036494228e-10
15250.056 1.2358023731691202e-09
15300.056 1.5576257645268413e-09
15350.056 1.9657282471065336e-09
15400.056 2.5372022716223496e-09
15450.056 3.2993426347333957e-09
15500.056 4.096311252039443e-09
15550.056 5.921116573120778e-09
15600.056 8.325622960919501e-09
15650.056 1.1721185708500857e-08
15700.056 1.5985081230200166e-08
15750.056 1.8513208542100363e-08
15800.056 2.092977289099985e-08
15850.056 2.31648029230006e-08
15900.056 2.278132244200006e-08
15950.056 2.1684196823999706e-08
16000.056 1.7338255349499996e-08
16050.056 1.1174406798399479e-08
16100.056 6.8346741846297865e-09
16150.056 3.687959010084742e-09
16200.056 1.8477893021581147e-09
16250.056 1.2093085089423826e-09
16300.056 8.090578596947792e-10
16350.056 1.0169333560122959e-09
16400.056 1.2303319446885135e-09
16450.056 1.230868716791128e-09
16500.056 1.1762732887587014e-09
16550.056 1.2091744591281823e-09
16600.056 1.895228346623557e-09
16650.056 1.274568733851289e-09
16700.056 2.0267601828113019e-10
16750.056 7.276563612887394e-10
16800.056 1.1490690483504002e-09
16850.056 1.2017337214030439e-09
16900.056 6.591709696377556e-10
16950.056 4.4826932409941123e-10
17000.056 2.5040288258536944e-10
17050.056 4.976255812933468e-10
17100.056 8.200938186856978e-10
17150.056 5.190816033630455e-10
17200.056 1.4411045883359737e-09
17250.056 7.740890423355197e-10
17300.056 5.494411649527486e-10
17350.056 6.06954655619929e-10
17400.056 9.291525577673012e-10
17450.056 1.1906438533593574e-09
17500.056 1.522871141697292e-09
17550.056 1.2393793622407359e-09
17600.056 1.027395035894256e-09
17650.056 8.394315319423811e-10
17700.056 7.127330083316655e-10
17750.056 5.778331301468346e-10
17800.056 1.0797014340529332e-09
17850.056 5.760612669865635e-10
17900.056 4.223768150898356e-10
17950.056 2.937998855716224e-10
18000.056 4.987117626480012e-10
18050.056 2.8686617596979243e-10
18100.056 3.5710319537022593e-10
18150.056 3.038407045958944e-10
18200.056 2.086042344153054e-10
18250.056 7.072164059600391e-10
18300.056 1.6187706959275452e-10
18350.056 1.4367161867082776e-10
18400.056 1.0183819537921721e-10
18450.056 4.2014527885971845e-10
18500.056 4.0357470057824566e-10
18550.056 2.209106961352637e-10
18600.056 2.67066552267768e-10
18650.056 1.7887426574368883e-10
18700.056 5.864007884622836e-11
18750.056 1.3917812354282628e-10
18800.056 7.080422700314612e-10
18850.056 6.610649598743246e-10
18900.056 5.5580981719462e-10
18950.056 1.0058489278514149e-09
19000.056 3.1391732165182327e-10
19050.056 1.447606761166681e-10
19100.056 3.5527895131314257e-10
19150.056 1.5188599644465936e-10
19200.056 2.50240328184103e-10
19250.056 1.6311964965566267e-10
19300.056 1.128560201830964e-10
19350.056 1.0495486368639017e-10
19400.056 8.198672845431288e-11
19450.056 1.367454347640878e-10
19500.056 1.2245238680463384e-10
19550.056 1.739903300489452e-10
19600.056 3.142543577673449e-10
19650.056 2.583866597066608e-10
19700.056 3.4617365724814776e-10
19750.056 5.083910498655861e-10
19800.056 3.501273155572274e-10
19850.056 4.547590929024246e-10
19900.056 5.75163149149993e-10
19950.056 8.324692114886504e-10
20000.056 9.515238471017635e-10
20050.056 7.988950611036164e-10
20100.056 1.329715872721944e-09
20150.056 8.458556314453235e-10
20200.056 6.249518178199604e-10
20250.056 1.1287162356299405e-09
20300.056 1.2675370913219937e-09
20350.056 1.315963580785623e-09
20400.056 1.2125193367739084e-09
20450.056 2.011270103609505e-09
20500.056 2.2514915043897806e-09
20550.056 2.4609967211001125e-09
20600.056 2.6533369242202765e-09
20650.056 3.101021851629886e-09
20700.056 3.378349509940029e-09
20750.056 3.5923017792998828e-09
20800.056 3.573908850299616e-09
20850.056 3.947819956400063e-09
20900.056 4.0623831720998795e-09
20950.056 3.977345325900108e-09
21000.056 3.897288978500028e-09
21050.056 3.994725820599916e-09
21100.056 3.843277369400053e-09
21150.056 3.811987620599791e-09
21200.056 3.6257780524001163e-09
21250.056 3.381031508689687e-09
21300.056 3.004520141860056e-09
21350.056 2.8959472143908743e-09
21400.056 2.872491605650256e-09
21450.056 2.38238598919207e-09
21500.056 2.1564563817551307e-09
21550.056 1.996523320835522e-09
21600.056 1.7586147487836196e-09
21650.056 1.3810078943708719e-09
21700.056 1.3209295154903243e-09
21750.056 1.1956626122177951e-09
21800.056 8.63403112446432e-10
21850.056 7.802945116234647e-10
21900.056 5.610008375162382e-10
21950.056 2.6052169116436934e-10
22000.056 4.232708279416036e-11
22050.056 6.461201026144003e-11
22100.056 2.5279802922948975e-10
22150.056 1.8478533632963921e-10
22200.056 1.9144018410893342e-10
22250.056 1.5940040031251091e-10
22300.056 8.217035414708996e-11
22350.056 9.651070473501958e-11
22400.056 3.846974055079724e-11
22450.056 5.451425534355564e-11
22500.056 4.591091364669006e-11
22550.056 2.6660529233359183e-11
22600.056 2.3634970827134875e-11
22650.056 4.4519346289317685e-11
22700.056 3.674884821410079e-11
22750.056 4.562411161015731e-11
22800.056 5.193297889852393e-11
22850.056 3.5913562760603614e-11
22900.056 2.703585883505806e-11
22950.056 2.1316293833904346e-11
23000.056 2.8699363563176555e-11
23050.056 3.652075949530755e-11
23100.056 2.101943347715594e-10
23150.056 1.977137826297278e-10
23200.056 7.289587883116915e-12
23250.056 3.6255373304681914e-11
23300.056 3.1598579713981437e-11
23350.056 3.885892214567244e-11
23400.056 2.905958944629067e-11
23450.056 1.872951756317131e-11
23500.056 2.139824092211683e-11
23550.056 4.28923558725047e-11
23600.056 9.106032524175631e-11
23650.056 1.1456885398164504e-10
23700.056 2.067659526669073e-11
23750.056 2.260196783311955e-11
23800.056 1.0494842632976444e-10
23850.056 6.950198927549249e-11
23900.056 1.5945496390761566e-10
23950.056 8.50917456497347e-11
24000.056 1.8731615341080134e-10
24050.056 2.0170502429492452e-10
24100.056 2.3255764663543184e-10
24150.056 3.406769001543307e-10
24200.056 2.4860566724578177e-10
24250.056 1.795167686394553e-10
24300.056 3.8447305871666924e-10
24350.056 2.8481805484434175e-10
24400.056 5.985096311825697e-10
24450.056 6.512857111517701e-10
24500.056 5.569472285270716e-10
24550.056 9.248458827535713e-10
24600.056 9.65584739761101e-10
24650.056 1.3502869219239911e-09
24700.056 8.766153828476967e-10
24750.056 1.1345540410775396e-09
24800.056 9.742906350059228e-10
24850.056 1.6423703841864877e-09
24900.056 6.213450014788161e-10
24950.056 1.3904971172468721e-09
25000.056 1.271801313395322e-09
25050.056 7.176077304541801e-10
25100.056 1.2484605133915785e-09
25150.056 5.740907333956643e-10
25200.056 8.54431790494565e-10
25250.056 3.130693437388966e-10
25300.056 4.89941109737797e-10
25350.056 2.0857373941021652e-10
25400.056 5.703832222011119e-10
25450.056 1.7914888000453708e-10
25500.056 1.5174601784174516e-10
25550.056 3.225786554543165e-10
25600.056 1.7815555244463052e-10
25650.056 8.11884904430178e-11
25700.056 1.0866182364718262e-10
25750.056 2.9036587210851393e-11
25800.056 1.7705762055856188e-10
25850.056 3.2822133183725577e-11
25900.056 4.697878776772083e-11
25950.056 1.1530793491522273e-11
26000.056 1.61079097499908e-10
26050.056 1.8919651459226872e-11
26100.056 1.0765289040428847e-10
26150.056 4.7599295989546954e-11
26200.056 5.984723160504955e-11
26250.056 4.3482476856280476e-10
26300.056 8.833479807161909e-11
26350.056 7.288318547091564e-10
26400.056 8.901536798722758e-10
26450.056 5.814675930066865e-10
26500.056 1.2885857766047669e-09
26550.056 1.5736749701152032e-10
26600.056 1.9570745537289904e-10
26650.056 2.7109284586882917e-11
26700.056 1.6101013332984882e-11
26750.056 2.0548968049364405e-11
26800.056 6.674003078500276e-11
26850.056 3.5325518815797425e-11
26900.056 1.8908173468662263e-10
26950.056 6.355359759532483e-11
27000.056 3.7028702974139074e-10
27050.056 4.2073988101667675e-10
27100.056 5.2339490220369504e-11
27150.056 5.625104638579749e-10
27200.056 5.0270052024000286e-11
27250.056 1.7953064834221885e-10
27300.056 1.3139877315845606e-09
27350.056 4.1636790469399813e-10
27400.056 2.191040755085277e-11
27450.056 5.420821180814123e-10
27500.056 7.100656580442583e-10
27550.056 9.195312657088476e-11
27600.056 2.913245962082208e-10
27650.056 7.130608095206747e-11
27700.056 6.205935615983175e-11
27750.056 4.394396974409177e-10
27800.056 1.292069168920656e-10
27850.056 2.116118124875848e-10
27900.056 2.4074431721963725e-10
27950.056 5.940403810206212e-10
28000.056 4.869830322234033e-10
28050.056 6.104252902077041e-11
28100.056 5.628342086258233e-10
28150.056 3.744875110027777e-10
28200.056 1.0330229606591297e-10
28250.056 7.665510085685359e-10
28300.056 7.327266016923081e-10
28350.056 1.2994306824119938e-10
28400.056 5.136872728237639e-10
28450.056 9.349518316787894e-10
28500.056 5.447358239205196e-10
28550.056 1.06962561713641e-10
28600.056 9.283304271426859e-10
28650.056 5.81471969210455e-10
28700.056 8.147189705965089e-10
28750.056 1.4332482398171612e-09
28800.056 6.354486524717435e-10
28850.056 1.275543429446972e-09
