galfind/configs/Brown_Dwarf_templates/sonora_bobcat/m0.0/1000g/co1.5/sp_t2300g1000nc_m+0.0_co1.5_resample.dat
# %ECSV 1.0
# ---
# datatype:
# - {name: wav, unit: Angstrom, datatype: float64}
# - {name: flux_nu, unit: erg / (cm2 Hz s), datatype: float64}
# meta: {C/O: '1.50', Kzz: '1.0000E+05', Teff: '2300.', Y: '0.28', '[Fe/H]': '0.00', f_hole: '1.00', f_rain: '0.00', grav: '1000.'}
# schema: astropy-2.0
wav flux_nu
[from data line 501]
29050.056 3.263701652780135e-06
29100.056 2.6329925193403087e-06
29150.056 3.4269840861999803e-06
29200.056 2.974496199270192e-06
29250.056 3.168868187649852e-06
29300.056 2.7609390482593406e-06
29350.056 3.6582507604997946e-06
29400.056 3.1103259662898823e-06
29450.056 3.0254520837899667e-06
29500.056 3.1681111387897966e-06
29550.056 3.125608963000185e-06
29600.056 3.389044373409794e-06
29650.056 3.111228066689976e-06
29700.056 3.0204014604699565e-06
29750.056 3.4861258211206517e-06
29800.056 3.502397523439685e-06
29850.056 3.22713513572971e-06
29900.056 3.028258826050799e-06
29950.056 3.647564586189572e-06
30000.056 3.4912588636693745e-06
30050.056 3.2821745831001357e-06
30100.056 2.864227237489364e-06
30150.056 3.9987806227999734e-06
30200.056 3.591226343600206e-06
30250.056 3.4666597072004027e-06
30300.056 3.324811954099782e-06
30350.056 3.531775491100569e-06
30400.056 4.004948877900362e-06
30450.056 3.227197872250384e-06
30500.056 3.154601879140272e-06
30550.056 3.955897048500308e-06
30600.056 3.7470686682202615e-06
30650.056 3.8096029110001825e-06
30700.056 3.4767898362198125e-06
30750.056 3.5249820163999682e-06
30800.056 4.1617335984006995e-06
30850.056 3.6445729748999533e-06
30900.056 3.464762852699891e-06
30950.056 3.490284603320127e-06
31000.056 4.043057303100011e-06
31050.056 3.8078676824001027e-06
31100.056 3.6934622374000185e-06
31150.056 3.820050034099509e-06
31200.056 3.778836510999651e-06
31250.056 4.264013432600556e-06
31300.056 3.7591587678997916e-06
31350.056 3.764590652180006e-06
31400.056 3.891428072400552e-06
31450.056 3.924839726800089e-06
31500.056 3.969495743300161e-06
31550.056 3.7181138430999164e-06
31600.056 3.884924031899883e-06
31650.056 4.092991943899736e-06
31700.056 4.001641882599919e-06
31750.056 3.785943619700044e-06
31800.056 4.088131017000143e-06
31850.056 4.364705388300168e-06
31900.056 4.359161328399672e-06
31950.056 3.7953193706999945e-06
32000.056 3.855239484400265e-06
32050.056 4.30923067340046e-06
32100.056 4.425500356699619e-06
32150.056 4.416690497199855e-06
32200.056 4.218040911399978e-06
32250.056 4.144287150900089e-06
32300.056 4.320932182900015e-06
32350.056 4.6522171625006646e-06
32400.056 4.2406015559999295e-06
32450.056 4.241990508600222e-06
32500.056 4.509549381200163e-06
32550.056 4.841951170999994e-06
32600.056 4.727546711299708e-06
32650.056 4.640567359500637e-06
32700.056 4.539493646100231e-06
32750.056 4.594528323199974e-06
32800.056 4.284950215900376e-06
32850.056 4.8955837352996855e-06
32900.056 4.804942881600126e-06
32950.056 4.418137230599804e-06
33000.056 4.682504739000199e-06
33050.056 4.693750168199562e-06
33100.056 4.657108379599254e-06
33150.056 4.595714741000075e-06
33200.056 4.293663550500273e-06
33250.056 4.566027231000231e-06
33300.056 4.7658605517004235e-06
33350.056 4.568623519899908e-06
33400.056 4.264619157299593e-06
33450.056 4.492627372399291e-06
33500.056 4.790102694100094e-06
33550.056 4.595981532299698e-06
33600.056 4.757081253900478e-06
33650.056 4.882593162100716e-06
33700.056 4.98570107779957e-06
33750.056 4.981011091700073e-06
33800.056 4.778158025600104e-06
33850.056 4.914989181700264e-06
33900.056 5.369039705399501e-06
33950.056 4.933026567399576e-06
34000.056 4.936996598799385e-06
34050.056 5.058444979399907e-06
34100.056 5.050235947800559e-06
34150.056 4.996700979699371e-06
34200.056 4.917747649899599e-06
34250.056 5.343248963399578e-06
34300.056 4.988018608599585e-06
34350.056 5.109795415299844e-06
34400.056 5.05948104869978e-06
34450.056 4.728284110000306e-06
34500.056 5.292718907700655e-06
34550.056 4.98728007629987e-06
34600.056 5.0745905975998376e-06
34650.056 5.194976430600096e-06
34700.056 5.1715506150994085e-06
34750.056 5.405253084700236e-06
34800.056 5.25349597939978e-06
34850.056 4.997893640099882e-06
34900.056 5.1621924084001e-06
34950.056 5.1600237530994965e-06
35000.056 5.01666523999975e-06
35050.056 5.6356102076006e-06
35100.056 5.263946037599588e-06
35150.056 5.333231104699739e-06
35200.056 5.2765826152999705e-06
35250.056 5.088489847000415e-06
35300.056 5.345467185300287e-06
35350.056 5.44387314179987e-06
35400.056 5.179293047399646e-06
35450.056 5.212399274100194e-06
35500.056 5.508741889700015e-06
35550.056 5.361021051899777e-06
35600.056 5.155857460299448e-06
35650.056 5.596405502500439e-06
35700.056 5.248627824700224e-06
35750.056 5.292844409599627e-06
35800.056 5.546831481999723e-06
35850.056 5.436640414900106e-06
35900.056 5.716832221199734e-06
35950.056 5.435567408099704e-06
36000.056 5.247028113299617e-06
36050.056 5.676670361600258e-06
36100.056 5.7923716406996164e-06
36150.056 5.223726414200466e-06
36200.056 5.638904187999645e-06
36250.056 5.4152055622995506e-06
36300.056 5.86663558610039e-06
36350.056 5.5353688702994926e-06
36400.056 5.595650442700054e-06
36450.056 5.9208946612997365e-06
36500.056 5.562351323400188e-06
36550.056 5.551671306300537e-06
36600.056 5.464879609500243e-06
36650.056 5.660385525800284e-06
36700.056 5.9433403655999705e-06
36750.056 5.437533202400314e-06
36800.056 5.675064648199908e-06
36850.056 5.814743866600162e-06
36900.056 5.741465384100406e-06
36950.056 5.718709574299968e-06
37000.056 5.820384353999899e-06
37050.056 5.920856799099775e-06
37100.056 5.736097725400391e-06
37150.056 5.7961576876993595e-06
37200.056 5.8343988840999535e-06
37250.056 5.903203273100016e-06
37300.056 5.962843163400558e-06
37350.056 5.6118009993004105e-06
37400.056 5.863992687099908e-06
37450.056 5.76422105850017e-06
37500.056 6.022302975999778e-06
37550.056 5.859607335099395e-06
37600.056 6.0563514435996895e-06
37650.056 5.786881811999795e-06
37700.056 5.962928755600008e-06
37750.056 5.978374447799638e-06
37800.056 6.043759597999865e-06
37850.056 5.982025240099945e-06
37900.056 5.99556051500025e-06
37950.056 6.02124576740017e-06
38000.056 6.028664983100279e-06
38050.056 5.985525069600272e-06
38100.056 5.841168562500191e-06
38150.056 6.1106017270997724e-06
38200.056 6.122150351899736e-06
38250.056 5.853584911300386e-06
38300.056 5.82397422209998e-06
38350.056 5.962620958399965e-06
38400.056 6.045009022399896e-06
38450.056 6.115242260100203e-06
38500.056 5.9414243277998645e-06
38550.056 6.005804521900259e-06
38600.056 6.3069816486999095e-06
38650.056 5.842211450900066e-06
38700.056 5.865729091700535e-06
38750.056 6.069819379899953e-06
38800.056 5.980094774900517e-06
38850.056 6.038707255400036e-06
38900.056 5.8250547170999485e-06
38950.056 6.0527016086999774e-06
39000.056 5.966445285900038e-06
39050.056 6.024338455699969e-06
39100.056 5.78806962520005e-06
39150.056 5.908791820400122e-06
39200.056 5.9882744873001e-06
39250.056 5.969468123299625e-06
39300.056 5.97766664309954e-06
39350.056 5.926344759100305e-06
39400.056 5.8905645419000835e-06
39450.056 5.934804960799956e-06
39500.056 5.808026951899872e-06
39550.056 5.727344732299438e-06
39600.056 6.0360502625000195e-06
39650.056 5.669779553200132e-06
39700.056 5.766342049299967e-06
39750.056 5.847081392499684e-06
39800.056 5.546705679200224e-06
39850.056 5.74990359259984e-06
39900.056 5.5949119574998075e-06
39950.056 5.771095895999833e-06
40000.056 5.470071598599768e-06
40050.056 5.1823222131999704e-06
40100.056 5.424754478099816e-06
40150.056 5.21365351539918e-06
40200.056 5.42417872709992e-06
40250.056 5.258075238199094e-06
40300.056 5.1571658128005575e-06
40350.056 5.259376455199972e-06
40400.056 5.272109886000018e-06
40450.056 4.840540213000447e-06
40500.056 4.723325934300056e-06
40550.056 5.25662294239967e-06
40600.056 4.790970417400246e-06
40650.056 5.0777885247003745e-06
40700.056 5.2229696068e-06
40750.056 4.791310971399083e-06
40800.056 4.765877104600201e-06
40850.056 4.41027559340074e-06
40900.056 4.487946432000467e-06
40950.056 4.6823223790999906e-06
41000.056 4.8018309406001766e-06
41050.056 4.781207725299292e-06
41100.056 4.506837970600053e-06
41150.056 4.822449831300095e-06
41200.056 4.625515378000111e-06
41250.056 4.602006404200177e-06
41300.056 4.201357678399793e-06
41350.056 4.6818206718000446e-06
41400.056 4.445056345400116e-06
41450.056 4.457933274499929e-06
41500.056 4.639032642800197e-06
41550.056 4.565541846900133e-06
41600.056 4.535195508600084e-06
41650.056 4.318208692600269e-06
41700.056 4.171398553799626e-06
41750.056 4.438739579899958e-06
41800.056 4.416128591599758e-06
41850.056 4.021025842800282e-06
41900.056 4.46428745889971e-06
41950.056 4.329226168200337e-06
42000.056 4.32752525400028e-06
42050.056 4.111389973199285e-06
42100.056 4.3570520796001115e-06
42150.056 3.822448793599617e-06
42200.056 3.879263851300207e-06
42250.056 4.332855329299833e-06
42300.056 4.041981943300139e-06
42350.056 4.310363621500505e-06
42400.056 4.000850841500123e-06
42450.056 3.731718061500187e-06
42500.056 3.7760697586001185e-06
42550.056 3.892900126099901e-06
42600.056 3.8867002949002825e-06
42650.056 3.919880101599209e-06
42700.056 3.973171983300282e-06
42750.056 3.762211308099953e-06
42800.056 3.924523222200315e-06
42850.056 4.055076755999713e-06
42900.056 4.03401546150021e-06
42950.056 3.4349310656991667e-06
43000.056 3.5985461462999744e-06
43050.056 3.345446073900906e-06
43100.056 3.4572058280999546e-06
43150.056 3.4978847703004862e-06
43200.056 3.2477675545999245e-06
43250.056 3.3713001793004334e-06
43300.056 3.3383555686001587e-06
43350.056 3.1163659271996737e-06
43400.056 3.073597993919905e-06
43450.056 3.078651164100211e-06
43500.056 2.984074412199667e-06
43550.056 2.8919042772999453e-06
43600.056 3.0417976154002165e-06
43650.056 2.7153992701799953e-06
43700.056 2.7687793308000386e-06
43750.056 2.7957146706001074e-06
43800.056 2.5494740836999986e-06
43850.056 2.622337232300288e-06
43900.056 2.6452888234600576e-06
43950.056 2.5048485818499735e-06
44000.056 2.3374061131999924e-06
44050.056 2.2740962803000644e-06
44100.056 2.3646397869002917e-06
44150.056 2.470427066299962e-06
44200.056 2.221008618270119e-06
44250.056 2.309954520789954e-06
44300.056 2.204499904380266e-06
44350.056 2.051007582650207e-06
44400.056 2.188516101099878e-06
44450.056 2.2356018404601313e-06
44500.056 2.1249641010001356e-06
44550.056 1.9314709994196633e-06
44600.056 1.9540613366402082e-06
44650.056 2.123666724379862e-06
44700.056 2.0408021375000887e-06
44750.056 2.010923541059808e-06
44800.056 1.981789291469999e-06
44850.056 1.9708446248401656e-06
44900.056 1.939068831180117e-06
44950.056 1.7903028141800763e-06
45000.056 1.9532386455999895e-06
45050.056 1.937775468649829e-06
45100.056 1.9823033471000744e-06
45150.056 1.8091813004900235e-06
45200.056 1.6844045592199237e-06
45250.056 1.7615173681299369e-06
45300.056 1.9603455318900383e-06
45350.056 1.9911147732998696e-06
45400.056 1.8223762826801832e-06
45450.056 1.7321685033098117e-06
45500.056 1.8104509378398894e-06
45550.056 1.94782260132005e-06
45600.056 1.7744089264599536e-06
45650.056 1.6793264134198104e-06
45700.056 1.8850465306000453e-06
45750.056 1.7258824372100758e-06
45800.056 1.696850222039908e-06
45850.056 2.008341939880004e-06
45900.056 1.936757431739988e-06
45950.056 1.766164838339986e-06
46000.056 2.06243911550997e-06
46050.056 2.1190093797804894e-06
46100.056 1.683473771440156e-06
46150.056 1.81633789262992e-06
46200.056 1.951185925970315e-06
46250.056 1.6329664365000479e-06
46300.056 2.1276486262900374e-06
46350.056 1.848033642319856e-06
46400.056 1.8671035025398074e-06
46450.056 1.9053229956202633e-06
46500.056 1.8144604911997955e-06
46550.056 2.130035040019982e-06
46600.056 1.9779451938100744e-06
46650.056 2.4159150288898385e-06
46700.056 2.4000946947807244e-06
46750.056 1.901696509359999e-06
46800.056 2.0354782724802086e-06
46850.056 2.135384011050185e-06
46900.056 1.9823597618797427e-06
46950.056 2.340277369940076e-06
47000.056 1.9443172095500067e-06
47050.056 2.2564413982999345e-06
47100.056 1.8203363348000513e-06
47150.056 2.0980410740801244e-06
47200.056 2.157239301620546e-06
47250.056 1.994539965989736e-06
47300.056 2.2038856948996487e-06
47350.056 1.7027218143598555e-06
47400.056 2.076201935419711e-06
47450.056 1.9379676881798556e-06
47500.056 2.10525403189977e-06
47550.056 1.9111788168798756e-06
47600.056 2.212649074819883e-06
47650.056 1.6335350240597157e-06
47700.056 2.2092655928399224e-06
47750.056 1.599287154220383e-06
47800.056 2.1753306625998706e-06
47850.056 1.6421036195999266e-06
47900.056 2.2303646958601376e-06
47950.056 1.6452822686403611e-06
48000.056 2.397475858399946e-06
48050.056 1.7918961512102116e-06
48100.056 2.0888300541399106e-06
48150.056 1.7880050916001847e-06
48200.056 2.2104937589202135e-06
48250.056 1.8330578117000946e-06
48300.056 2.3035189479998418e-06
48350.056 1.6613004634696264e-06
48400.056 2.179805172159991e-06
48450.056 1.6804414123699985e-06
48500.056 2.3950103348800553e-06
48550.056 1.608190218909988e-06
48600.056 2.3501034105998082e-06
48650.056 1.6389731647500212e-06
48700.056 2.280449767600145e-06
48750.056 1.507442077240081e-06
48800.056 2.3032856959901404e-06
48850.056 1.6080986441097692e-06
48900.056 2.2079270053001873e-06
48950.056 1.8851611685599232e-06
49000.056 1.976233115919983e-06
49050.056 2.0424866618998875e-06
49100.056 1.8832965537001038e-06
49150.056 1.9715211533199155e-06
49200.056 1.8015357001898835e-06
49250.056 1.948544258569944e-06
49300.056 1.7319586977397726e-06
49350.056 1.9471423284998386e-06
49400.056 2.1638086330001014e-06
49450.056 1.8037970934603183e-06
49500.056 1.9602932410001207e-06
49550.056 1.7473001364197904e-06
49600.056 1.8494833632402505e-06
49650.056 2.0034111529999884e-06
49700.056 1.6716484183599112e-06
49750.056 2.56719806559987e-06
49800.056 1.811602645120012e-06
49850.056 2.3568425306400807e-06
49900.056 1.8405069996200822e-06
49950.056 2.013035871299795e-06
50000.056 1.9594683663995284e-06
50050.056 1.8688746925601697e-06
50100.056 2.162395368099897e-06
50150.056 1.7986054332700476e-06
50200.056 1.8043572651002564e-06
50250.056 1.9899026812101286e-06
50300.056 1.7371716273099236e-06
50350.056 2.2105030936199023e-06
50400.056 1.8780755223998495e-06
50450.056 1.9497591095702397e-06
50500.056 2.437142306200234e-06
50550.056 1.8789056180799552e-06
50600.056 2.1854357171399567e-06
50650.056 1.9198872024203045e-06
50700.056 2.202126207019807e-06
50750.056 2.3721725841202126e-06
50800.056 1.6805756666898326e-06
50850.056 2.1242845783601058e-06
50900.056 2.113431550699867e-06
50950.056 2.0914849586003376e-06
51000.056 2.4717608586502235e-06
51050.056 1.912343595260106e-06
51100.056 2.038366063899899e-06
51150.056 2.2593362159299586e-06
51200.056 1.8854595690000345e-06
51250.056 2.370154406730076e-06
51300.056 1.9045651265903537e-06
51350.056 2.1416682205000617e-06
51400.056 2.2624125976995954e-06
51450.056 1.5404029002297791e-06
51500.056 2.2143069902000525e-06
51550.056 2.566429422500159e-06
51600.056 1.663171651959972e-06
51650.056 2.2629954522997474e-06
51700.056 1.9884713122494442e-06
51750.056 1.9260749964200407e-06
51800.056 2.354521888499695e-06
51850.056 2.1329600203996627e-06
51900.056 2.2731984098002536e-06
51950.056 2.2501495454198292e-06
52000.056 1.8604440614199776e-06
52050.056 2.201870175409851e-06
52100.056 2.137871777749712e-06
52150.056 2.1199305825800664e-06
52200.056 2.0677601523300928e-06
52250.056 2.05861001849991e-06
52300.056 2.1896036606100335e-06
52350.056 2.3421769633802074e-06
52400.056 1.8375816935001134e-06
52450.056 2.0514934689699685e-06
52500.056 2.339516083439665e-06
52550.056 2.075694314499687e-06
52600.056 2.22837722304002e-06
52650.056 2.4632583046102654e-06
52700.056 2.041595741700098e-06
52750.056 1.8865741833599188e-06
52800.056 1.9958673182000802e-06
52850.056 1.9616732157900087e-06
52900.056 2.2702649324400492e-06
52950.056 2.0279178263998162e-06
53000.056 2.277561540679777e-06
53050.056 2.220945237149634e-06
53100.056 2.0094822859297957e-06
53150.056 2.3862446284002974e-06
53200.056 1.8159959303402319e-06
53250.056 2.2431114528999816e-06
53300.056 2.325219397900567e-06
53350.056 2.365407141699697e-06
53400.056 2.1084471698001652e-06
53450.056 2.0882364590000754e-06
53500.056 1.809114563789792e-06
53550.056 2.2120380510999798e-06
53600.056 2.358597851300264e-06
53650.056 1.917363057250205e-06
53700.056 2.044136543230315e-06
