galfind/configs/Brown_Dwarf_templates/sonora_bobcat/m0.0/1000g/co1.5/sp_t600g1000nc_m+0.0_co1.5_resample.dat
# %ECSV 1.0
# ---
# datatype:
# - {name: wav, unit: Angstrom, datatype: float64}
# - {name: flux_nu, unit: erg / (cm2 Hz s), datatype: float64}
# meta: {C/O: '1.50', Kzz: '1.0000E+05', Teff: '600.', Y: '0.28', '[Fe/H]': '0.00', f_hole: '1.00', f_rain: '0.00', grav: '1000.'}
# schema: astropy-2.0
wav flux_nu
[from data line 498]
28900.056 1.8114310922105202e-09
28950.056 3.210820960277343e-09
29000.056 2.6859456990287747e-09
29050.056 3.663760740282762e-09
29100.056 2.0766284977912942e-09
29150.056 3.771043609427548e-09
29200.056 3.6318415374912518e-09
29250.056 5.2143112056948e-09
29300.056 2.616738586874314e-09
29350.056 8.239188170649214e-09
29400.056 3.152236393310292e-09
29450.056 3.1908330488913877e-09
29500.056 6.250782282021417e-09
29550.056 3.29774528069011e-09
29600.056 4.497572270636697e-09
29650.056 8.325545541103042e-09
29700.056 3.193002673400517e-09
29750.056 6.766608228319848e-09
29800.056 6.041940449881454e-09
29850.056 8.218913733314638e-09
29900.056 5.887018473984099e-09
29950.056 5.5968380535127235e-09
30000.056 2.896883816341111e-10
30050.056 9.576469785217423e-10
30100.056 2.3831899193651343e-09
30150.056 6.569820118578821e-09
30200.056 5.494841240539443e-09
30250.056 1.0653842007800209e-08
30300.056 1.0576285690940265e-08
30350.056 4.956607789842087e-09
30400.056 1.2044652113834964e-08
30450.056 7.600746203955275e-09
30500.056 7.172798250098419e-09
30550.056 5.8510847785548044e-09
30600.056 1.5839882405851433e-08
30650.056 8.54384001975739e-09
30700.056 6.8626304887932905e-09
30750.056 1.0118823149908638e-08
30800.056 8.136896966255146e-09
30850.056 8.333712209250933e-09
30900.056 5.309652878178192e-09
30950.056 5.063795176010268e-09
31000.056 5.352567862595223e-09
31050.056 5.4671866749391946e-09
31100.056 2.9582281647922656e-09
31150.056 5.180405578537457e-09
31200.056 9.057632117701201e-09
31250.056 4.591570963980822e-09
31300.056 3.5555733211329875e-09
31350.056 5.254423495561133e-09
31400.056 3.5499124124300775e-09
31450.056 4.336115328739276e-09
31500.056 1.7745024884109833e-09
31550.056 2.824547462217941e-09
31600.056 1.918557272826569e-09
31650.056 1.5878724371638321e-09
31700.056 1.8091337114764309e-09
31750.056 8.449981475208168e-10
31800.056 1.8129244466801472e-09
31850.056 5.223858287092291e-10
31900.056 1.1455687997993924e-09
31950.056 5.738454872891292e-10
32000.056 7.825752925999509e-10
32050.056 8.233185695874919e-10
32100.056 6.390302619192356e-10
32150.056 8.764936992044339e-10
32200.056 4.688581552078275e-10
32250.056 1.1288471927038284e-09
32300.056 3.9644005990989453e-10
32350.056 1.1288497326820985e-09
32400.056 3.1502183679818097e-10
32450.056 9.78351103435351e-10
32500.056 4.4923355657516874e-10
32550.056 8.032526420471107e-10
32600.056 5.982299940711307e-10
32650.056 1.533234606573352e-09
32700.056 8.299386785017846e-10
32750.056 2.503607791582876e-09
32800.056 2.090341098344696e-09
32850.056 3.566630255390102e-09
32900.056 3.481536016085973e-09
32950.056 3.788803806601555e-09
33000.056 1.965868660490165e-09
33050.056 2.2709912283573836e-09
33100.056 6.611126663821629e-10
33150.056 4.521957324371829e-12
33200.056 2.9586178207169364e-11
33250.056 3.51494734802892e-11
33300.056 1.315244425252204e-10
33350.056 3.8614240794538273e-10
33400.056 9.98768251815845e-10
33450.056 9.108146667340397e-10
33500.056 2.6812177037114792e-09
33550.056 9.16096615399335e-10
33600.056 2.0776038850018324e-09
33650.056 1.9443113020918267e-09
33700.056 9.268843818442637e-10
33750.056 2.648051815705622e-09
33800.056 5.005147987894694e-10
33850.056 1.4301112679500698e-09
33900.056 1.415093577811523e-09
33950.056 1.1927349897955277e-09
34000.056 2.215658264388178e-09
34050.056 5.096715008198685e-10
34100.056 2.009921200834492e-09
34150.056 9.007608579927201e-10
34200.056 1.9306013237778654e-09
34250.056 1.5003820526075746e-09
34300.056 1.2169301854258261e-09
34350.056 2.3303660925480333e-09
34400.056 8.950157233106658e-10
34450.056 2.4243580272131406e-09
34500.056 1.5144231078858682e-09
34550.056 8.803930002438851e-10
34600.056 3.5407497702001994e-09
34650.056 8.488638653948874e-10
34700.056 2.6299249338852915e-09
34750.056 1.8246982469090767e-09
34800.056 1.347280144497015e-09
34850.056 3.944788576895324e-09
34900.056 1.4799011140567491e-09
34950.056 3.3218702392791903e-09
35000.056 6.015240423514314e-09
35050.056 2.5214671066474776e-09
35100.056 6.1572110638455604e-09
35150.056 5.499996024222853e-09
35200.056 4.2576125565670875e-09
35250.056 7.718204528151885e-09
35300.056 3.130468104951734e-09
35350.056 4.708785699714593e-09
35400.056 4.442644293241352e-09
35450.056 3.2470623236948427e-09
35500.056 9.878681184237277e-09
35550.056 6.1575540958469525e-09
35600.056 6.809673927593663e-09
35650.056 7.52494274604727e-09
35700.056 6.583019088806313e-09
35750.056 1.116625760108543e-08
35800.056 1.018593978758688e-08
35850.056 4.884824263391165e-09
35900.056 7.456426584631425e-09
35950.056 9.421679707930293e-09
36000.056 9.077638135321716e-09
36050.056 7.524438023002438e-09
36100.056 6.7547886209311085e-09
36150.056 1.2233190689437587e-08
36200.056 1.3944099883279225e-08
36250.056 9.88068525792252e-09
36300.056 1.8935446099682537e-08
36350.056 1.3457817369514631e-08
36400.056 1.8089040324823064e-08
36450.056 1.6401633039906517e-08
36500.056 1.8548951188273253e-08
36550.056 2.5433910715018623e-08
36600.056 2.8524717176992836e-08
36650.056 2.1771906092151012e-08
36700.056 2.144299618910137e-08
36750.056 2.8292766600308795e-08
36800.056 3.1052559205396095e-08
36850.056 2.1515624832092194e-08
36900.056 2.783596374628584e-08
36950.056 3.25135255382929e-08
37000.056 2.4287392184494698e-08
37050.056 3.435442174681875e-08
37100.056 2.4442379889443268e-08
37150.056 2.7253988721283372e-08
37200.056 3.987230501999445e-08
37250.056 2.594779099399425e-08
37300.056 2.194745973694044e-08
37350.056 3.3446800322149405e-08
37400.056 4.822278768083906e-08
37450.056 2.3772443382949152e-08
37500.056 2.9305387201728914e-08
37550.056 5.081008649441686e-08
37600.056 6.479231069700887e-08
37650.056 2.726630087021358e-08
37700.056 4.725238529180391e-08
37750.056 3.317188389196543e-08
37800.056 3.722081112293012e-08
37850.056 2.2550833497500594e-08
37900.056 2.6977353500123305e-08
37950.056 4.2832620527017714e-08
38000.056 4.221887319871825e-08
38050.056 5.0176632636913046e-08
38100.056 6.208824049362154e-08
38150.056 6.36363674661964e-08
38200.056 5.650928217850322e-08
38250.056 5.763085180493401e-08
38300.056 8.579988019298029e-08
38350.056 8.084520364202038e-08
38400.056 4.378472413239437e-08
38450.056 3.087398647006617e-08
38500.056 2.1868289348485644e-08
38550.056 5.018564845001121e-08
38600.056 5.038494356698937e-08
38650.056 5.75748579263924e-08
38700.056 5.817154470599405e-08
38750.056 5.6618798050400354e-08
38800.056 5.2769517235795824e-08
38850.056 6.089998775520583e-08
38900.056 7.463325725988809e-08
38950.056 4.980678499900097e-08
39000.056 6.762996165398539e-08
39050.056 5.400637233062498e-08
39100.056 6.463937891539207e-08
39150.056 7.9451906345399e-08
39200.056 6.318217061999434e-08
39250.056 8.252686965010141e-08
39300.056 6.897648128919403e-08
39350.056 9.789038746000194e-08
39400.056 7.11780454973014e-08
39450.056 8.59646234783012e-08
39500.056 9.396036354800666e-08
39550.056 6.227944072672303e-08
39600.056 8.611533720599937e-08
39650.056 1.1232296372899342e-07
39700.056 9.841624648001003e-08
39750.056 5.965754920701892e-08
39800.056 7.048322191979814e-08
39850.056 1.218341530640052e-07
39900.056 1.229095972080037e-07
39950.056 8.261461936419571e-08
40000.056 1.1902544667200219e-07
40050.056 1.1414944138100096e-07
40100.056 5.914287573743519e-08
40150.056 1.1152552822600706e-07
40200.056 1.1986240324498077e-07
40250.056 1.2699679636797532e-07
40300.056 1.2543589410001397e-07
40350.056 8.900545776128321e-08
40400.056 1.270522835685545e-07
40450.056 8.105652458099421e-08
40500.056 1.367172526089891e-07
40550.056 1.3589084756516967e-07
40600.056 1.2721355298200358e-07
40650.056 1.0668995958239959e-07
40700.056 1.7752951374899077e-07
40750.056 1.2600962726798547e-07
40800.056 8.691824572997366e-08
40850.056 1.8461789629102145e-07
40900.056 1.6549140665599073e-07
40950.056 1.2939291060501283e-07
41000.056 1.2965187817699493e-07
41050.056 1.9098206414598097e-07
41100.056 1.6005465645499143e-07
41150.056 8.359319400509534e-08
41200.056 1.8111657323501335e-07
41250.056 1.5822994844577785e-07
41300.056 1.587240504340017e-07
41350.056 1.9545861515999646e-07
41400.056 1.675307519240071e-07
41450.056 1.9460037036599084e-07
41500.056 1.3368058791102004e-07
41550.056 1.278837353881325e-07
41600.056 1.505119044969208e-07
41650.056 1.8061538117000574e-07
41700.056 1.9008575698997342e-07
41750.056 1.650348217889918e-07
41800.056 1.9975340751002e-07
41850.056 1.4645116491658389e-07
41900.056 1.44534991868967e-07
41950.056 1.6686202843500856e-07
42000.056 1.453999152719393e-07
42050.056 1.34917407434421e-07
42100.056 1.8786160170697864e-07
42150.056 1.50564532898002e-07
42200.056 1.4791208806898542e-07
42250.056 1.3789386269700455e-07
42300.056 1.2587137490199576e-07
42350.056 1.7535343444001179e-07
42400.056 1.8976390737301117e-07
42450.056 1.6807116851602433e-07
42500.056 1.722483103099901e-07
42550.056 1.5198691454398957e-07
42600.056 1.601542674110412e-07
42650.056 2.2750120614396879e-07
42700.056 1.3765633410335996e-07
42750.056 1.4706037552702158e-07
42800.056 1.9320619821201157e-07
42850.056 2.121971560169619e-07
42900.056 2.277899170280222e-07
42950.056 1.687075527269865e-07
43000.056 1.9924427274199918e-07
43050.056 1.1243473912301908e-07
43100.056 1.7484292583498532e-07
43150.056 1.4900973271600922e-07
43200.056 1.898375908840104e-07
43250.056 2.639490284300138e-07
43300.056 2.396152270380006e-07
43350.056 1.3365117264097516e-07
43400.056 1.8924071362801e-07
43450.056 1.4262070665201053e-07
43500.056 1.566280384150149e-07
43550.056 1.5270023065100954e-07
43600.056 2.2640093033401455e-07
43650.056 1.3994205864599687e-07
43700.056 2.509313038550295e-07
43750.056 2.1982371234699304e-07
43800.056 1.996722620589878e-07
43850.056 1.820890314920215e-07
43900.056 1.6523891883998869e-07
43950.056 1.1819851057699221e-07
44000.056 1.0946935546599953e-07
44050.056 2.220171744800088e-07
44100.056 2.966695239500072e-07
44150.056 2.792199865179889e-07
44200.056 2.41103317820004e-07
44250.056 1.5105093583499425e-07
44300.056 1.1761975299601693e-07
44350.056 1.3637875967291847e-07
44400.056 1.315222528139917e-07
44450.056 2.0942028055701015e-07
44500.056 1.863404485630279e-07
44550.056 2.587353791199871e-07
44600.056 2.2602205940600755e-07
44650.056 2.120989081139938e-07
44700.056 1.4439598020198554e-07
44750.056 1.9309598769303341e-07
44800.056 1.5374573708201286e-07
44850.056 2.1704426966001172e-07
44900.056 1.7744002356599793e-07
44950.056 1.9971780739501485e-07
45000.056 2.228769510200069e-07
45050.056 2.133979485019838e-07
45100.056 2.03389146179013e-07
45150.056 1.9195392682998942e-07
45200.056 1.4384614319300913e-07
45250.056 1.6439717557597403e-07
45300.056 1.5242756403101911e-07
45350.056 1.3422633450941093e-07
45400.056 2.6829498172002257e-07
45450.056 2.4010567530902026e-07
45500.056 2.6505441713001473e-07
45550.056 2.907037062699553e-07
45600.056 2.698794365500243e-07
45650.056 2.2880853729698943e-07
45700.056 1.4988684762359386e-07
45750.056 1.3436247655300457e-07
45800.056 2.9358922527001337e-07
45850.056 2.556598717029989e-07
45900.056 2.8665130236999516e-07
45950.056 2.3462772990999216e-07
46000.056 2.7470011184302915e-07
46050.056 2.176382768950038e-07
46100.056 3.0544468045998563e-07
46150.056 1.9246838525200116e-07
46200.056 1.714187661859843e-07
46250.056 8.145728491744228e-08
46300.056 2.0062641595400454e-07
46350.056 2.1582479778601954e-07
46400.056 2.0470457648800874e-07
46450.056 1.7636071181589304e-07
46500.056 1.9527273898203357e-07
46550.056 1.2547973818500437e-07
46600.056 1.6328707204017755e-07
46650.056 2.398556845440148e-07
46700.056 1.6983817634897262e-07
46750.056 9.537425695881449e-08
46800.056 6.966530925359828e-08
46850.056 2.3260848023402698e-07
46900.056 2.4235234809298965e-07
46950.056 2.28208007559983e-07
47000.056 2.232082306900229e-07
47050.056 1.7047082616094962e-07
47100.056 1.251176958640067e-07
47150.056 1.872236006070242e-07
47200.056 2.1633468258399057e-07
47250.056 1.2096026150798465e-07
47300.056 8.424122580623435e-08
47350.056 2.388917270800069e-07
47400.056 2.2042848667998747e-07
47450.056 1.7932279667192424e-07
47500.056 2.5055775056998666e-07
47550.056 2.0887202518000808e-07
47600.056 2.0579904915298214e-07
47650.056 2.1303534018898752e-07
47700.056 1.7005672269003504e-07
47750.056 1.2894721564400136e-07
47800.056 1.1438931562401367e-07
47850.056 6.241032971540791e-08
47900.056 9.227296636439526e-08
47950.056 1.9226725572400783e-07
48000.056 2.4559731608000055e-07
48050.056 2.0896818057398726e-07
48100.056 9.819716487240386e-08
48150.056 1.586782738100053e-07
48200.056 1.2429636949299507e-07
48250.056 1.5790109492800056e-07
48300.056 2.2955155056999414e-07
48350.056 1.5151253239298788e-07
48400.056 4.8815250099739755e-08
48450.056 9.71241881708408e-08
48500.056 1.4956282831996906e-07
48550.056 1.6131722704621668e-07
48600.056 1.85638873798005e-07
48650.056 2.2456596338999424e-07
48700.056 1.6445027298001495e-07
48750.056 1.0455872744902492e-07
48800.056 1.9626731219101216e-07
48850.056 1.1658457686778088e-07
48900.056 1.627029539711864e-07
48950.056 1.0117891912699779e-07
49000.056 5.6082548827008415e-08
49050.056 1.5035428508298125e-07
49100.056 1.7641939600202467e-07
49150.056 1.351832646355986e-07
49200.056 1.9853315965002138e-07
49250.056 1.9779531254200923e-07
49300.056 1.672173356069942e-07
49350.056 8.13963359210154e-08
49400.056 1.1420727819257605e-07
49450.056 1.1179618595467651e-07
49500.056 9.441498457178846e-08
49550.056 2.798409420449994e-08
49600.056 6.728876435265057e-08
49650.056 1.2035802940799766e-07
49700.056 1.3186149760397194e-07
49750.056 1.4129905746699192e-07
49800.056 9.713538953933696e-08
49850.056 1.7169804293601884e-07
49900.056 1.5257600096999535e-07
49950.056 1.3777210608899713e-07
50000.056 1.1929979759518834e-07
50050.056 1.4118520952100265e-07
50100.056 1.1668460170399394e-07
50150.056 6.153503376129011e-08
50200.056 1.6504146114366247e-08
50250.056 7.778774600099741e-08
50300.056 5.3468159894497584e-08
50350.056 1.3512611592001596e-07
50400.056 1.3530827495799167e-07
50450.056 9.675703678440093e-08
50500.056 1.4919204265100803e-07
50550.056 1.3763419505200332e-07
50600.056 1.0011285914897315e-07
50650.056 1.5156685045402433e-07
50700.056 1.6412252800999375e-07
50750.056 1.0675931832700665e-07
50800.056 4.668355082349193e-08
50850.056 3.10689355136127e-08
50900.056 1.31517096668003e-07
50950.056 1.1042953716499709e-07
51000.056 9.916234168815005e-08
51050.056 1.2440321389698307e-07
51100.056 5.3541009504196e-08
51150.056 6.481665714287093e-08
51200.056 1.5928614440999434e-07
51250.056 1.1208667598098241e-07
51300.056 7.712909494361594e-08
51350.056 8.168415088018936e-08
51400.056 3.7578326746206624e-08
51450.056 2.933194533679175e-08
51500.056 2.6482512512429575e-08
51550.056 8.42347128078104e-08
51600.056 6.737876193330875e-08
51650.056 8.247750838099307e-08
51700.056 9.038844622988922e-08
51750.056 6.112698037640721e-08
51800.056 1.0385534392898524e-07
51850.056 8.41121457889958e-08
51900.056 1.2001515578100518e-07
51950.056 7.809874563799112e-08
52000.056 1.182626680647591e-08
52050.056 4.453754304860561e-08
52100.056 2.9052756355295987e-08
52150.056 1.915331938516349e-08
52200.056 4.081719772729839e-08
52250.056 6.377204563151071e-08
52300.056 9.428284193099636e-08
52350.056 3.610394981673105e-08
52400.056 3.5769852821700145e-08
52450.056 9.569406408601112e-08
52500.056 8.083755029257979e-08
52550.056 8.359164040999385e-08
52600.056 6.154497749600313e-08
52650.056 6.82388287300069e-08
52700.056 5.1265914942399927e-08
52750.056 2.6989417055774054e-08
52800.056 4.154491894290631e-08
52850.056 4.9431370950786833e-08
52900.056 2.8903063909847188e-08
52950.056 4.087928290990398e-08
53000.056 6.433741547500522e-08
53050.056 2.863153593089224e-08
53100.056 7.222197580100189e-08
53150.056 8.512085480100637e-08
53200.056 3.4522120941996254e-08
53250.056 7.428275495700511e-08
53300.056 8.535082427072875e-08
53350.056 7.239313010999913e-08
53400.056 5.283212629799666e-08
53450.056 2.1256355342094332e-08
53500.056 6.36862106346764e-09
