galfind/configs/Brown_Dwarf_templates/sonora_bobcat/m0.0/1000g/co1.5/sp_t1900g1000nc_m+0.0_co1.5_resample.dat
# %ECSV 1.0
# ---
# datatype:
# - {name: wav, unit: Angstrom, datatype: float64}
# - {name: flux_nu, unit: erg / (cm2 Hz s), datatype: float64}
# meta: {C/O: '1.50', Kzz: '1.0000E+05', Teff: '1900.', Y: '0.28', '[Fe/H]': '0.00', f_hole: '1.00', f_rain: '0.00', grav: '1000.'}
# schema: astropy-2.0
wav flux_nu
[from data line 497]
28850.056 1.7048556236801317e-06
28900.056 1.27482357492997e-06
28950.056 1.8808926531299232e-06
29000.056 1.6062025906896617e-06
29050.056 1.7320599028800964e-06
29100.056 1.3621839688901746e-06
29150.056 1.8492258934700167e-06
29200.056 1.5515614875000796e-06
29250.056 1.7066331393999183e-06
29300.056 1.4104462846496828e-06
29350.056 2.040831869729868e-06
29400.056 1.6651330846099354e-06
29450.056 1.6418400600099733e-06
29500.056 1.7001994307998889e-06
29550.056 1.6904604017900554e-06
29600.056 1.8548203907197312e-06
29650.056 1.6792387771299574e-06
29700.056 1.6421488617699318e-06
29750.056 1.8755728776303078e-06
29800.056 1.9252380006597925e-06
29850.056 1.7668512790898092e-06
29900.056 1.6949173353305213e-06
29950.056 2.0201243283097672e-06
30000.056 1.92134571800969e-06
30050.056 1.787796694850052e-06
30100.056 1.592153208079627e-06
30150.056 2.20594775859e-06
30200.056 1.926077101560095e-06
30250.056 1.9435938328602174e-06
30300.056 1.796959503229898e-06
30350.056 1.8973182856502722e-06
30400.056 2.139548956450148e-06
30450.056 1.7263316474602413e-06
30500.056 1.629451828240138e-06
30550.056 1.9599119957001884e-06
30600.056 1.8880440349100929e-06
30650.056 1.8947074285599816e-06
30700.056 1.7169672820498696e-06
30750.056 1.7134751338399514e-06
30800.056 1.8792739077803203e-06
30850.056 1.6250277779898516e-06
30900.056 1.5812138371798398e-06
30950.056 1.4955504127601662e-06
31000.056 1.607620217780025e-06
31050.056 1.6770759467100292e-06
31100.056 1.442515746859992e-06
31150.056 1.5208721594998327e-06
31200.056 1.55465028399995e-06
31250.056 1.5369679573100327e-06
31300.056 1.4310183265798401e-06
31350.056 1.375579291769995e-06
31400.056 1.3403177293102073e-06
31450.056 1.356193064869893e-06
31500.056 1.336548788029846e-06
31550.056 1.3063518211200006e-06
31600.056 1.2466703719299702e-06
31650.056 1.2404689946399726e-06
31700.056 1.267915663779893e-06
31750.056 1.181562703780221e-06
31800.056 1.3150704484598576e-06
31850.056 1.2424252281601297e-06
31900.056 1.3948551874000576e-06
31950.056 1.1666327273800669e-06
32000.056 1.2773867896098185e-06
32050.056 1.3644785915001153e-06
32100.056 1.3747033428499383e-06
32150.056 1.484614793119903e-06
32200.056 1.3303110944299508e-06
32250.056 1.540005511920117e-06
32300.056 1.3295158896599315e-06
32350.056 1.6763696865601877e-06
32400.056 1.3625578606699994e-06
32450.056 1.607390036479724e-06
32500.056 1.6244925551802493e-06
32550.056 1.7766617642499997e-06
32600.056 1.7494913858399508e-06
32650.056 1.8575850628401184e-06
32700.056 1.8385261666001693e-06
32750.056 1.8449005608499699e-06
32800.056 1.7943042107602004e-06
32850.056 1.987604801019841e-06
32900.056 2.0483119228500685e-06
32950.056 1.9042610712499315e-06
33000.056 1.922168542529958e-06
33050.056 1.7816229027999092e-06
33100.056 1.623486243709905e-06
33150.056 1.0519698023701676e-06
33200.056 8.346146558897516e-07
33250.056 6.981473280198009e-07
33300.056 6.46343274810096e-07
33350.056 7.100305372100207e-07
33400.056 7.552659907799523e-07
33450.056 8.121932596300092e-07
33500.056 9.525715582500831e-07
33550.056 1.055772527090082e-06
33600.056 1.2212563369200434e-06
33650.056 1.428432747420181e-06
33700.056 1.4771445849299657e-06
33750.056 1.7700534961399945e-06
33800.056 1.6922067096498235e-06
33850.056 1.9039235765500188e-06
33900.056 1.875208277219887e-06
33950.056 1.8414112232499904e-06
34000.056 1.9285609932997373e-06
34050.056 1.783517653669682e-06
34100.056 2.0074536595400534e-06
34150.056 1.8020118400096295e-06
34200.056 1.7078581098796958e-06
34250.056 1.8977968476397523e-06
34300.056 1.595511341999213e-06
34350.056 1.658583095780034e-06
34400.056 1.5856062362601148e-06
34450.056 1.6721659874000406e-06
34500.056 1.8547158578499955e-06
34550.056 1.5825380882800375e-06
34600.056 1.8441384917399921e-06
34650.056 1.7898166895399476e-06
34700.056 1.7812179069798856e-06
34750.056 2.010337292800207e-06
34800.056 1.7531945643197911e-06
34850.056 1.7775527784800643e-06
34900.056 1.8632175526100828e-06
34950.056 1.7744665483996809e-06
35000.056 2.0009016948800924e-06
35050.056 1.9262269441001e-06
35100.056 1.876536531829873e-06
35150.056 2.0305671049998777e-06
35200.056 1.9680420008502025e-06
35250.056 2.0856018672999798e-06
35300.056 1.946765839530091e-06
35350.056 1.9536664489998803e-06
35400.056 2.052436697140195e-06
35450.056 1.7471167061504538e-06
35500.056 2.2084846551999832e-06
35550.056 2.117668370399993e-06
35600.056 1.991596076430093e-06
35650.056 2.298112319500092e-06
35700.056 2.021258094060025e-06
35750.056 2.1265828349797265e-06
35800.056 2.4864005688999966e-06
35850.056 2.1559223778001744e-06
35900.056 2.531115599799885e-06
35950.056 2.3852106604799337e-06
36000.056 2.3565408937001496e-06
36050.056 2.608350428100185e-06
36100.056 2.5991366565990634e-06
36150.056 2.484328844340313e-06
36200.056 2.770696186599862e-06
36250.056 2.5675142727999355e-06
36300.056 2.9097032255001234e-06
36350.056 2.7311216878998484e-06
36400.056 2.7747202818001442e-06
36450.056 3.0583229851998886e-06
36500.056 2.876551566500008e-06
36550.056 2.952105122600562e-06
36600.056 2.951580557900107e-06
36650.056 3.0271469776998443e-06
36700.056 3.2706899820998882e-06
36750.056 3.039633201600122e-06
36800.056 3.190507841199914e-06
36850.056 3.3350793664000994e-06
36900.056 3.2557207038002e-06
36950.056 3.3279111706998377e-06
37000.056 3.4083124367998823e-06
37050.056 3.468858765199859e-06
37100.056 3.443779673000254e-06
37150.056 3.4981880634997764e-06
37200.056 3.53453906379997e-06
37250.056 3.5959968836999408e-06
37300.056 3.6101604178001366e-06
37350.056 3.44954729820031e-06
37400.056 3.6434108913999134e-06
37450.056 3.5351152847001424e-06
37500.056 3.7344880281998347e-06
37550.056 3.7101555024997463e-06
37600.056 3.844498222999925e-06
37650.056 3.694426795699921e-06
37700.056 3.8529525979999945e-06
37750.056 3.8105213196999606e-06
37800.056 3.884640771999974e-06
37850.056 3.8136481066999783e-06
37900.056 3.84364164710019e-06
37950.056 3.873642145400022e-06
38000.056 3.9395273747001326e-06
38050.056 3.907639045800147e-06
38100.056 3.7853616150001736e-06
38150.056 4.034065835599935e-06
38200.056 4.028873620599953e-06
38250.056 3.835777301100215e-06
38300.056 3.856873919499965e-06
38350.056 3.957836410699972e-06
38400.056 3.997362469299898e-06
38450.056 4.120000849100049e-06
38500.056 3.965222248899953e-06
38550.056 4.0470168410001355e-06
38600.056 4.258368871599943e-06
38650.056 3.971231833899993e-06
38700.056 3.976778069200293e-06
38750.056 4.113630670400013e-06
38800.056 4.0537888439001965e-06
38850.056 4.074881734e-06
38900.056 3.940988638699948e-06
38950.056 4.139379455300019e-06
39000.056 4.063158086800034e-06
39050.056 4.122994614099947e-06
39100.056 3.9288218490001155e-06
39150.056 4.0599778512000636e-06
39200.056 4.11042674280003e-06
39250.056 4.077991912799746e-06
39300.056 4.074157416999748e-06
39350.056 4.068447986100182e-06
39400.056 4.049479461300074e-06
39450.056 4.089664739899952e-06
39500.056 3.968780202199883e-06
39550.056 3.927049733599759e-06
39600.056 4.161070893999938e-06
39650.056 3.888749648600059e-06
39700.056 3.942160581799965e-06
39750.056 3.974416132499836e-06
39800.056 3.7686352401000856e-06
39850.056 3.958998413199906e-06
39900.056 3.837940513599987e-06
39950.056 3.962275835399863e-06
40000.056 3.68839806839991e-06
40050.056 3.514968866100013e-06
40100.056 3.686335377899884e-06
40150.056 3.5489297639995502e-06
40200.056 3.6779603185999353e-06
40250.056 3.4771476521994498e-06
40300.056 3.486329217200326e-06
40350.056 3.589148698600092e-06
40400.056 3.5615379923000206e-06
40450.056 3.319832156800149e-06
40500.056 3.172562423400131e-06
40550.056 3.5474822370997764e-06
40600.056 3.1603741031001443e-06
40650.056 3.4058278088000507e-06
40700.056 3.5166556770999797e-06
40750.056 3.214865348899358e-06
40800.056 3.1835458570000084e-06
40850.056 2.996926825600416e-06
40900.056 3.0731450373001636e-06
40950.056 3.1588781991999914e-06
41000.056 3.199132495900014e-06
41050.056 3.18724148989963e-06
41100.056 3.007166792499925e-06
41150.056 3.2195742604999975e-06
41200.056 3.0932850146000692e-06
41250.056 3.0750570832001165e-06
41300.056 2.7858613828997787e-06
41350.056 3.1177007893000284e-06
41400.056 2.9249554750001524e-06
41450.056 2.997007809500092e-06
41500.056 3.063571979100144e-06
41550.056 2.9971549545600693e-06
41600.056 2.959224921100095e-06
41650.056 2.8800007813001878e-06
41700.056 2.7590484663998013e-06
41750.056 2.88990360349988e-06
41800.056 2.966066539499771e-06
41850.056 2.5441974659002335e-06
41900.056 2.9034187103999308e-06
41950.056 2.8315109836003618e-06
42000.056 2.7730518882403085e-06
42050.056 2.5902283377996414e-06
42100.056 2.8211205899000983e-06
42150.056 2.314869271349668e-06
42200.056 2.3938218276301653e-06
42250.056 2.712338370129878e-06
42300.056 2.433573138700114e-06
42350.056 2.6932014038002966e-06
42400.056 2.4448206637002307e-06
42450.056 2.2506558076000837e-06
42500.056 2.3282464609000987e-06
42550.056 2.3467176981999633e-06
42600.056 2.3687944082001824e-06
42650.056 2.3561805204994005e-06
42700.056 2.4272466720102556e-06
42750.056 2.282710572999945e-06
42800.056 2.3555884111804307e-06
42850.056 2.4865499702997087e-06
42900.056 2.459665269800077e-06
42950.056 2.1595391538994447e-06
43000.056 2.2210840570299323e-06
43050.056 2.0202280432606015e-06
43100.056 2.109758660400091e-06
43150.056 2.0970009938902343e-06
43200.056 1.9518699974000573e-06
43250.056 1.990778448549963e-06
43300.056 2.018099230800096e-06
43350.056 1.8149781515999037e-06
43400.056 1.8313772318499775e-06
43450.056 1.8032070773001083e-06
43500.056 1.7709866563998457e-06
43550.056 1.727505435070017e-06
43600.056 1.805573003000094e-06
43650.056 1.5914839590299925e-06
43700.056 1.6354644401298828e-06
43750.056 1.6358004388400964e-06
43800.056 1.4945124639800523e-06
43850.056 1.5291544783401502e-06
43900.056 1.541303402789978e-06
43950.056 1.4457316370799898e-06
44000.056 1.3655574949800246e-06
44050.056 1.334381813040027e-06
44100.056 1.38173966645014e-06
44150.056 1.418834320089975e-06
44200.056 1.3136605794900402e-06
44250.056 1.338279633499991e-06
44300.056 1.295018787700063e-06
44350.056 1.2260100081400735e-06
44400.056 1.281443169239946e-06
44450.056 1.2860098525500424e-06
44500.056 1.2419270438100522e-06
44550.056 1.152913258049849e-06
44600.056 1.15669038747011e-06
44650.056 1.2295378158799788e-06
44700.056 1.185969446060028e-06
44750.056 1.1843719545499064e-06
44800.056 1.1694780421799654e-06
44850.056 1.146273141030108e-06
44900.056 1.1270947238700583e-06
44950.056 1.0682001140500418e-06
45000.056 1.130212285349997e-06
45050.056 1.1303319022399288e-06
45100.056 1.1676035977700216e-06
45150.056 1.066286245660006e-06
45200.056 1.0124909563199915e-06
45250.056 1.0390829401999661e-06
45300.056 1.1298387616100144e-06
45350.056 1.1603852879799454e-06
45400.056 1.0745189318500952e-06
45450.056 1.0240383082499015e-06
45500.056 1.0724549393399484e-06
45550.056 1.1242278538600405e-06
45600.056 1.0364253345599745e-06
45650.056 9.936590571698836e-07
45700.056 1.1219133494900247e-06
45750.056 1.019735721350058e-06
45800.056 1.0060349221799429e-06
45850.056 1.1747469628299682e-06
45900.056 1.1258927485200046e-06
45950.056 1.032256409969989e-06
46000.056 1.172550637410002e-06
46050.056 1.199960748600238e-06
46100.056 9.84682106920088e-07
46150.056 1.1067594814799452e-06
46200.056 1.140857512420148e-06
46250.056 9.812954087800291e-07
46300.056 1.2269918397400286e-06
46350.056 1.0912718793299094e-06
46400.056 1.0999290365198996e-06
46450.056 1.148341672840102e-06
46500.056 1.0641133839498827e-06
46550.056 1.268673784170002e-06
46600.056 1.1746773005900685e-06
46650.056 1.4373438723498181e-06
46700.056 1.4220423069804619e-06
46750.056 1.1404203876099936e-06
46800.056 1.2158173660001054e-06
46850.056 1.2615380532301122e-06
46900.056 1.1808634350098692e-06
46950.056 1.3561055854599944e-06
47000.056 1.1309853042800008e-06
47050.056 1.35646949103997e-06
47100.056 1.0793846222900483e-06
47150.056 1.2064447472200403e-06
47200.056 1.2670077545702373e-06
47250.056 1.150393618249924e-06
47300.056 1.2291989903798443e-06
47350.056 1.0268872365099068e-06
47400.056 1.2362141972298768e-06
47450.056 1.082792060289905e-06
47500.056 1.2579262635198922e-06
47550.056 1.096940037489942e-06
47600.056 1.2774224645199402e-06
47650.056 9.864367518398986e-07
47700.056 1.2844238482099854e-06
47750.056 9.656628373401908e-07
47800.056 1.285853054879919e-06
47850.056 9.92066101909978e-07
47900.056 1.2641751683600784e-06
47950.056 9.93818912310143e-07
48000.056 1.3642193265599712e-06
48050.056 1.0591279120500946e-06
48100.056 1.24796144294997e-06
48150.056 1.0698496822601326e-06
48200.056 1.2847781025900933e-06
48250.056 1.0772915524900832e-06
48300.056 1.332917670269872e-06
48350.056 1.0163201934298508e-06
48400.056 1.2640609491699898e-06
48450.056 1.0059327567599652e-06
48500.056 1.3826781273600587e-06
48550.056 9.829471534199771e-07
48600.056 1.3448679072799096e-06
48650.056 1.0027365600599869e-06
48700.056 1.3369835274300843e-06
48750.056 9.41964271869999e-07
48800.056 1.3493765215300453e-06
48850.056 9.89503237039853e-07
48900.056 1.3137440575401087e-06
48950.056 1.149208004399956e-06
49000.056 1.162765564649967e-06
49050.056 1.2330858119299655e-06
49100.056 1.122367972640024e-06
49150.056 1.207062400789923e-06
49200.056 1.0843346089499433e-06
49250.056 1.199401562219982e-06
49300.056 1.0602774754199115e-06
49350.056 1.197905142389934e-06
49400.056 1.2806632781600419e-06
49450.056 1.104368537350174e-06
49500.056 1.212501029310007e-06
49550.056 1.0746588846099018e-06
49600.056 1.1484391723701624e-06
49650.056 1.2286892448099375e-06
49700.056 1.0620860258099524e-06
49750.056 1.5314385448799498e-06
49800.056 1.1163549878399963e-06
49850.056 1.4318775002900613e-06
49900.056 1.1494782819100328e-06
49950.056 1.2615079574798972e-06
50000.056 1.23856213495972e-06
50050.056 1.1575889436600824e-06
50100.056 1.356868474669918e-06
50150.056 1.1156483297200257e-06
50200.056 1.1413992602901476e-06
50250.056 1.2727018476300304e-06
50300.056 1.1176045955999671e-06
50350.056 1.4099539901899544e-06
50400.056 1.1801069788198947e-06
50450.056 1.2438190146401475e-06
50500.056 1.498378074950132e-06
50550.056 1.202885847940004e-06
50600.056 1.39359561036995e-06
50650.056 1.2313697091601181e-06
50700.056 1.3913097330999304e-06
50750.056 1.5313083577001278e-06
50800.056 1.0773816933898726e-06
50850.056 1.3571222593800623e-06
50900.056 1.3758130088899047e-06
50950.056 1.3453906530102158e-06
51000.056 1.6098290360601344e-06
51050.056 1.2289920459300452e-06
51100.056 1.3131036148999168e-06
51150.056 1.4263208463699436e-06
51200.056 1.2493884478700434e-06
51250.056 1.532659673060062e-06
51300.056 1.2230668785902366e-06
51350.056 1.3739929073899669e-06
51400.056 1.4162378927298075e-06
51450.056 1.008566418239854e-06
51500.056 1.3849036123900483e-06
51550.056 1.656281902200111e-06
51600.056 1.1106661766900156e-06
51650.056 1.4614771805198607e-06
51700.056 1.32309909718967e-06
51750.056 1.2466994507400368e-06
51800.056 1.5521823946997757e-06
51850.056 1.3965823117098202e-06
51900.056 1.4861919946101661e-06
51950.056 1.4991072723799081e-06
52000.056 1.2083960909699757e-06
52050.056 1.4152096633299306e-06
52100.056 1.3537255843798611e-06
52150.056 1.3467260845400321e-06
52200.056 1.2966708134800294e-06
52250.056 1.3606154158399622e-06
52300.056 1.4701794048700218e-06
52350.056 1.5349185830001024e-06
52400.056 1.2086590307901164e-06
52450.056 1.3548386084099678e-06
52500.056 1.5378872936998134e-06
52550.056 1.4099142506597902e-06
52600.056 1.4521917162700422e-06
52650.056 1.6000609241101571e-06
52700.056 1.3419476415900634e-06
52750.056 1.2310934212899452e-06
52800.056 1.3127944010200743e-06
52850.056 1.2873118107199384e-06
52900.056 1.4623263143100074e-06
52950.056 1.3562990182599166e-06
53000.056 1.5164144445598956e-06
53050.056 1.401509082969744e-06
53100.056 1.350664137139902e-06
53150.056 1.6159567785401533e-06
53200.056 1.1826812228500859e-06
53250.056 1.502105070799999e-06
53300.056 1.5630729368104392e-06
