galfind/configs/Brown_Dwarf_templates/sonora_bobcat/m0.0/1000g/co1.5/sp_t700g1000nc_m+0.0_co1.5_resample.dat
# %ECSV 1.0
# ---
# datatype:
# - {name: wav, unit: Angstrom, datatype: float64}
# - {name: flux_nu, unit: erg / (cm2 Hz s), datatype: float64}
# meta: {C/O: '1.50', Kzz: '1.0000E+05', Teff: '700.', Y: '0.28', '[Fe/H]': '0.00', f_hole: '1.00', f_rain: '0.00', grav: '1000.'}
# schema: astropy-2.0
wav flux_nu
[from data line 499]
28950.056 1.0683372054801867e-08
29000.056 9.163588010810069e-09
29050.056 1.1512207562901708e-08
29100.056 7.3588835618852164e-09
29150.056 1.3165091749604693e-08
29200.056 1.0398906393666843e-08
29250.056 1.550324112771913e-08
29300.056 7.717957612224856e-09
29350.056 2.4330472274237592e-08
29400.056 1.0384150416874829e-08
29450.056 1.1271403320208395e-08
29500.056 1.6860416413400148e-08
29550.056 1.1167553074800635e-08
29600.056 1.4367340089237147e-08
29650.056 2.0636054433474134e-08
29700.056 1.096389364463228e-08
29750.056 1.8994021492360507e-08
29800.056 1.8096762371598264e-08
29850.056 2.1748266944155875e-08
29900.056 1.8692743733657066e-08
29950.056 1.7105163514909276e-08
30000.056 1.7049618646857074e-09
30050.056 4.107201075630146e-09
30100.056 7.609832514746076e-09
30150.056 1.730988169594939e-08
30200.056 1.5339060511582405e-08
30250.056 2.806798368098084e-08
30300.056 2.632904675604125e-08
30350.056 1.6301548255650886e-08
30400.056 2.9733765321815608e-08
30450.056 1.9084404603320677e-08
30500.056 1.8813746473159312e-08
30550.056 1.679362462188867e-08
30600.056 3.1054849446802777e-08
30650.056 1.931680248724086e-08
30700.056 1.665445521939454e-08
30750.056 2.2043975892126792e-08
30800.056 1.8155593480373117e-08
30850.056 1.781396132271625e-08
30900.056 1.2369452402674518e-08
30950.056 1.2607343297671843e-08
31000.056 1.2293603339602534e-08
31050.056 1.3124102410898718e-08
31100.056 7.921904041770798e-09
31150.056 1.2487754149859051e-08
31200.056 1.7530819601703494e-08
31250.056 1.0296637599843462e-08
31300.056 8.328851121294122e-09
31350.056 1.0726039005527941e-08
31400.056 7.620660566310955e-09
31450.056 9.280827793898097e-09
31500.056 4.73957800981979e-09
31550.056 6.639417356936348e-09
31600.056 4.7348813100047215e-09
31650.056 4.085842706857026e-09
31700.056 4.74580251146066e-09
31750.056 2.62773057897278e-09
31800.056 4.907348059650049e-09
31850.056 1.9741275535232395e-09
31900.056 3.592405061082182e-09
31950.056 1.9400353385381623e-09
32000.056 2.7992761099959974e-09
32050.056 2.8623373590699513e-09
32100.056 2.362799701544194e-09
32150.056 3.2186937319518225e-09
32200.056 1.9374123331505817e-09
32250.056 4.054373750752432e-09
32300.056 1.7530519758927234e-09
32350.056 4.092250212030178e-09
32400.056 1.5983138263516727e-09
32450.056 3.6120783310495355e-09
32500.056 2.2800759834526913e-09
32550.056 3.072653427808061e-09
32600.056 3.0665776948609085e-09
32650.056 5.3696393040648485e-09
32700.056 3.893233301172662e-09
32750.056 7.3692512616817916e-09
32800.056 6.800346103677986e-09
32850.056 9.147896638809541e-09
32900.056 9.237238037159772e-09
32950.056 1.010129865493687e-08
33000.056 6.823740007631514e-09
33050.056 7.3824482589317235e-09
33100.056 2.6903582196135434e-09
33150.056 6.416181736460991e-11
33200.056 1.8551720036932131e-10
33250.056 1.7138760264855725e-10
33300.056 4.2970965736809823e-10
33350.056 1.1088426174319042e-09
33400.056 2.3260676568094394e-09
33450.056 2.7206429906968497e-09
33500.056 6.373257584683389e-09
33550.056 3.1933542014991636e-09
33600.056 6.330310897301766e-09
33650.056 6.139956678800064e-09
33700.056 3.7163745753634597e-09
33750.056 8.046412384184746e-09
33800.056 2.5823422856227633e-09
33850.056 5.192727754456304e-09
33900.056 4.6078483391692365e-09
33950.056 4.3899446068928394e-09
34000.056 6.911962525247366e-09
34050.056 2.2724012605000836e-09
34100.056 6.308480523016098e-09
34150.056 3.4034796007244913e-09
34200.056 5.880153190355963e-09
34250.056 5.000191095596109e-09
34300.056 3.933453195667986e-09
34350.056 5.867429928700596e-09
34400.056 3.1000773485619687e-09
34450.056 6.5526449294656625e-09
34500.056 4.756792882417055e-09
34550.056 2.7393932578239827e-09
34600.056 8.553763988200455e-09
34650.056 3.100245689630209e-09
34700.056 6.712323870330872e-09
34750.056 5.35529790733661e-09
34800.056 3.982786038896178e-09
34850.056 8.687279785650865e-09
34900.056 5.006715924226894e-09
34950.056 7.719283424898256e-09
35000.056 1.3516822155855499e-08
35050.056 6.2262081075690376e-09
35100.056 1.2598773782821894e-08
35150.056 1.1746542786278745e-08
35200.056 9.984013359414816e-09
35250.056 1.6324214592073853e-08
35300.056 8.344463268645212e-09
35350.056 1.1062938755862501e-08
35400.056 1.1681030221090676e-08
35450.056 7.971325695025768e-09
35500.056 2.0472761468855044e-08
35550.056 1.4676167958589525e-08
35600.056 1.4822149368108275e-08
35650.056 1.6650789552985235e-08
35700.056 1.3988210173432846e-08
35750.056 2.2055597758879323e-08
35800.056 2.3373274543461793e-08
35850.056 1.2441751615548033e-08
35900.056 1.850722593803651e-08
35950.056 2.076914657373642e-08
36000.056 1.9866593611003188e-08
36050.056 1.7835791307293284e-08
36100.056 1.6615803586476105e-08
36150.056 2.419565246020468e-08
36200.056 2.7557139288933898e-08
36250.056 2.1414403646833225e-08
36300.056 3.445562115880565e-08
36350.056 2.7803062711184467e-08
36400.056 3.321415307215246e-08
36450.056 3.247166957328663e-08
36500.056 3.595657962820269e-08
36550.056 4.447202358825961e-08
36600.056 5.049268908198959e-08
36650.056 4.175572123592164e-08
36700.056 4.18690321757224e-08
36750.056 5.1631087672014724e-08
36800.056 5.433213087079598e-08
36850.056 4.2765858365632275e-08
36900.056 5.191145357369831e-08
36950.056 5.8077088876988e-08
37000.056 4.7421093479092586e-08
37050.056 6.012039053160065e-08
37100.056 5.010517254842224e-08
37150.056 5.1360606946341114e-08
37200.056 6.836604183899222e-08
37250.056 5.126421557358842e-08
37300.056 4.535193836354142e-08
37350.056 6.100704613674224e-08
37400.056 8.388778226099877e-08
37450.056 4.9838487331755984e-08
37500.056 5.621286148104608e-08
37550.056 8.514276202003189e-08
37600.056 1.0266104621501355e-07
37650.056 5.340667502610765e-08
37700.056 8.50158658630067e-08
37750.056 6.179138934760921e-08
37800.056 6.952010473132161e-08
37850.056 4.625965771940191e-08
37900.056 5.415089303371085e-08
37950.056 7.627512316429297e-08
38000.056 7.971901812859752e-08
38050.056 8.675600053162189e-08
38100.056 1.013198856972051e-07
38150.056 1.041567787699958e-07
38200.056 9.96579061615074e-08
38250.056 9.568476036530718e-08
38300.056 1.3439398418997173e-07
38350.056 1.3125722241202764e-07
38400.056 8.015060444656181e-08
38450.056 6.818936527017121e-08
38500.056 4.961738156511222e-08
38550.056 9.174430070302213e-08
38600.056 8.990762860498422e-08
38650.056 1.011248729249866e-07
38700.056 1.0511301236299592e-07
38750.056 1.0316471025300148e-07
38800.056 9.424586404598505e-08
38850.056 1.0629026253101072e-07
38900.056 1.2896626173318204e-07
38950.056 9.328579123619824e-08
39000.056 1.1687903889898e-07
39050.056 1.0250878753303266e-07
39100.056 1.1251907401489012e-07
39150.056 1.3030297460099787e-07
39200.056 1.1103408103939093e-07
39250.056 1.3834660514599993e-07
39300.056 1.2010508315498444e-07
39350.056 1.5709185213500637e-07
39400.056 1.2450730215121365e-07
39450.056 1.4064805444679886e-07
39500.056 1.506998178670124e-07
39550.056 1.167970898288866e-07
39600.056 1.4578316277798998e-07
39650.056 1.7700076235198896e-07
39700.056 1.5848678115501583e-07
39750.056 1.1126698146213503e-07
39800.056 1.2997390708849425e-07
39850.056 1.925803118990072e-07
39900.056 1.9032914248700275e-07
39950.056 1.4856167423899036e-07
40000.056 1.9564768226600801e-07
40050.056 1.822580815420035e-07
40100.056 1.1726587508997631e-07
40150.056 1.845165620020101e-07
40200.056 1.9361547332996573e-07
40250.056 2.0066503151996085e-07
40300.056 1.9898680853901992e-07
40350.056 1.5940867213897518e-07
40400.056 2.1098658145019904e-07
40450.056 1.5257654042979286e-07
40500.056 2.2013636391998387e-07
40550.056 2.2028260885395828e-07
40600.056 2.0787397664800955e-07
40650.056 1.8241779846667581e-07
40700.056 2.754036131649859e-07
40750.056 2.0461619943397483e-07
40800.056 1.5536904962594773e-07
40850.056 2.823982476800317e-07
40900.056 2.581016267579925e-07
40950.056 2.1142115363981727e-07
41000.056 2.1561637700099305e-07
41050.056 2.895204365199693e-07
41100.056 2.455529511199854e-07
41150.056 1.5141274437439076e-07
41200.056 2.7746399631401363e-07
41250.056 2.4431750141537336e-07
41300.056 2.354677239799904e-07
41350.056 2.927018874799975e-07
41400.056 2.578607672920154e-07
41450.056 2.8789711209998677e-07
41500.056 2.1162541046597527e-07
41550.056 2.0460565130404968e-07
41600.056 2.431565328319239e-07
41650.056 2.7289610473000673e-07
41700.056 2.6790645644995934e-07
41750.056 2.480491616309858e-07
41800.056 3.042648659400293e-07
41850.056 2.149138597749798e-07
41900.056 2.2819872511455165e-07
41950.056 2.604562597360215e-07
42000.056 2.419676457299229e-07
42050.056 2.150232439240243e-07
42100.056 3.0447509834996997e-07
42150.056 2.2814471824700952e-07
42200.056 2.228964525399828e-07
42250.056 2.212821858709972e-07
42300.056 2.058292510579947e-07
42350.056 2.6634443636802336e-07
42400.056 2.7881514592001857e-07
42450.056 2.4050592783803854e-07
42500.056 2.448678677379863e-07
42550.056 2.199434309399854e-07
42600.056 2.394841030880553e-07
42650.056 3.2668299604494995e-07
42700.056 2.1926968231394047e-07
42750.056 2.1791973485802836e-07
42800.056 2.713540830940193e-07
42850.056 2.993816868399406e-07
42900.056 3.2422015662803656e-07
42950.056 2.4172544132696934e-07
43000.056 2.836274559560014e-07
43050.056 1.6953019874603932e-07
43100.056 2.501435776099762e-07
43150.056 2.1778652204301596e-07
43200.056 2.6801167121001166e-07
43250.056 3.645996699600238e-07
43300.056 3.392758630800046e-07
43350.056 1.9607792166095735e-07
43400.056 2.6757776368501143e-07
43450.056 2.088368377910204e-07
43500.056 2.3150037838501853e-07
43550.056 2.2765990138201453e-07
43600.056 3.16764288518025e-07
43650.056 2.0539755827500008e-07
43700.056 3.517824917300368e-07
43750.056 3.017729327800008e-07
43800.056 2.795990954699775e-07
43850.056 2.532067660520305e-07
43900.056 2.473368766089834e-07
43950.056 1.7761265362498617e-07
44000.056 1.6278561552600118e-07
44050.056 3.094794387700097e-07
44100.056 3.9919539473001227e-07
44150.056 3.849462619779849e-07
44200.056 3.273569447600032e-07
44250.056 2.1702049848699588e-07
44300.056 1.7693749482202894e-07
44350.056 2.0600665995583119e-07
44400.056 1.9536506923598784e-07
44450.056 2.9282675481200786e-07
44500.056 2.6875981494204526e-07
44550.056 3.5826360091997653e-07
44600.056 3.1790226299601255e-07
44650.056 2.9901395409199897e-07
44700.056 2.113921938979818e-07
44750.056 2.745252833040503e-07
44800.056 2.3203071308202187e-07
44850.056 3.1496097385002297e-07
44900.056 2.5044270294300233e-07
44950.056 2.781936062440175e-07
45000.056 3.0530935464000953e-07
45050.056 2.962896420699796e-07
45100.056 2.8983510129901615e-07
45150.056 2.793027928019839e-07
45200.056 2.1603714778401385e-07
45250.056 2.4276665759095635e-07
45300.056 2.2133551047302816e-07
45350.056 2.0818862595400903e-07
45400.056 3.586020766400316e-07
45450.056 3.2748845041002013e-07
45500.056 3.471876330930185e-07
45550.056 3.8528688853993926e-07
45600.056 3.667219875600359e-07
45650.056 3.125453885699839e-07
45700.056 2.2454857055399513e-07
45750.056 2.0595632535500287e-07
45800.056 3.920225098200155e-07
45850.056 3.575422072369943e-07
45900.056 3.868176379700026e-07
45950.056 3.12024274922992e-07
46000.056 3.7101899429003896e-07
46050.056 2.990214185250011e-07
46100.056 4.013759197799805e-07
46150.056 2.714747817609997e-07
46200.056 2.494985255929872e-07
46250.056 1.3469646917058538e-07
46300.056 2.8683167627800063e-07
46350.056 2.984413505660252e-07
46400.056 2.8635197494701394e-07
46450.056 2.493428249549987e-07
46500.056 2.7475540828105244e-07
46550.056 1.878320973290091e-07
46600.056 2.442555005925683e-07
46650.056 3.4981868147502293e-07
46700.056 2.493590294219584e-07
46750.056 1.5720558638202053e-07
46800.056 1.1987386590060237e-07
46850.056 3.4240662475003866e-07
46900.056 3.3707997270198597e-07
46950.056 3.173286509999743e-07
47000.056 3.0774461959003553e-07
47050.056 2.502656679009255e-07
47100.056 1.8345165902601238e-07
47150.056 2.599099674270344e-07
47200.056 3.036520656199887e-07
47250.056 1.896333173929797e-07
47300.056 1.3552893917381723e-07
47350.056 3.405984673900023e-07
47400.056 3.063021528899797e-07
47450.056 2.698982373990363e-07
47500.056 3.406353798799784e-07
47550.056 2.9114402005801093e-07
47600.056 2.9454694874997684e-07
47650.056 2.892831064355762e-07
47700.056 2.447103589387575e-07
47750.056 1.9026882889900274e-07
47800.056 1.7664993454901863e-07
47850.056 1.1069728030631138e-07
47900.056 1.5171248706998874e-07
47950.056 2.7192542245000726e-07
48000.056 3.4407716680001143e-07
48050.056 3.029435477399798e-07
48100.056 1.5341405248220588e-07
48150.056 2.314983605700064e-07
48200.056 1.9013329276099573e-07
48250.056 2.270107753900009e-07
48300.056 3.210760237999829e-07
48350.056 2.141190576139888e-07
48400.056 8.920317997078332e-08
48450.056 1.6693356235073385e-07
48500.056 2.3189425465395647e-07
48550.056 2.383095899860182e-07
48600.056 2.548200721940081e-07
48650.056 3.034989860999919e-07
48700.056 2.315352256180165e-07
48750.056 1.468529006640465e-07
48800.056 2.789622306030154e-07
48850.056 1.7699380683997045e-07
48900.056 2.5676570252978275e-07
48950.056 1.658496729170012e-07
49000.056 9.590156495620676e-08
49050.056 2.2846417766197036e-07
49100.056 2.566273203930347e-07
49150.056 1.9954473805089914e-07
49200.056 2.818060799000338e-07
49250.056 2.729224033200194e-07
49300.056 2.354195587239929e-07
49350.056 1.2639112253622334e-07
49400.056 1.738716773509646e-07
49450.056 1.777897795460443e-07
49500.056 1.5044728210838513e-07
49550.056 6.019593542800048e-08
49600.056 1.2070940101977864e-07
49650.056 1.781798513399906e-07
49700.056 1.8721175260295487e-07
49750.056 2.1298202499598705e-07
49800.056 1.5968952411039567e-07
49850.056 2.507770154180303e-07
49900.056 2.1679408558699306e-07
49950.056 1.9576137397999666e-07
50000.056 1.8039141593598608e-07
50050.056 2.1345520223599685e-07
50100.056 1.7484738737499181e-07
50150.056 1.0405064621898593e-07
50200.056 3.878458961711117e-08
50250.056 1.3863778527499336e-07
50300.056 1.0073295984261136e-07
50350.056 2.0503634797502333e-07
50400.056 1.9513124189398833e-07
50450.056 1.4411484858000075e-07
50500.056 2.1084527002301336e-07
50550.056 1.938604973600057e-07
50600.056 1.4629461789896415e-07
50650.056 2.1573374698003572e-07
50700.056 2.3451849573998323e-07
50750.056 1.6236137602301483e-07
50800.056 8.421417158458585e-08
50850.056 6.669245003382232e-08
50900.056 2.0567479673599995e-07
50950.056 1.626929528240009e-07
51000.056 1.6042377954291297e-07
51050.056 1.8272281948897893e-07
51100.056 8.707384599629022e-08
51150.056 1.1267091967389334e-07
51200.056 2.3807040483998838e-07
51250.056 1.6184908370397913e-07
51300.056 1.182619433130282e-07
51350.056 1.2965921431958573e-07
51400.056 7.095905140210962e-08
51450.056 5.7047293267165605e-08
51500.056 5.4297815404177724e-08
51550.056 1.411644832064139e-07
51600.056 1.0640163670731222e-07
51650.056 1.2280121072498626e-07
51700.056 1.3945495491748522e-07
51750.056 9.638615755750772e-08
51800.056 1.524824823389736e-07
51850.056 1.278371883409932e-07
51900.056 1.9028084138400828e-07
51950.056 1.34227355346987e-07
52000.056 3.111985666199114e-08
52050.056 8.520302017101019e-08
52100.056 6.140652185699442e-08
52150.056 4.54774294509863e-08
52200.056 7.169509158099814e-08
52250.056 1.0315025290001532e-07
52300.056 1.5701420387999545e-07
52350.056 7.697132458152388e-08
52400.056 6.967073986180271e-08
52450.056 1.4767938404501485e-07
52500.056 1.338509830769668e-07
52550.056 1.3230572376798897e-07
52600.056 1.0067900887800326e-07
52650.056 1.0756025088701429e-07
52700.056 8.735670253459963e-08
52750.056 5.364839297809288e-08
52800.056 7.471262658500984e-08
52850.056 8.575468518427642e-08
52900.056 6.231140047559586e-08
52950.056 7.776835914080496e-08
53000.056 1.0981712004800711e-07
53050.056 5.606479303308493e-08
53100.056 1.1112979789699722e-07
53150.056 1.3868700869901416e-07
53200.056 5.981434329329354e-08
53250.056 1.2116787175201014e-07
53300.056 1.3707766510295435e-07
53350.056 1.1998803515799827e-07
53400.056 9.626113138799688e-08
53450.056 4.752337083358985e-08
