galfind/configs/Brown_Dwarf_templates/sonora_bobcat/m0.0/1000g/co1.5/sp_t200g1000nc_m+0.0_co1.5_resample.dat
# %ECSV 1.0
# ---
# datatype:
# - {name: wav, unit: Angstrom, datatype: float64}
# - {name: flux_nu, unit: erg / (cm2 Hz s), datatype: float64}
# meta: {C/O: '1.50', Kzz: '1.0000E+05', Teff: '200.', Y: '0.28', '[Fe/H]': '0.00', f_hole: '1.00', f_rain: '0.00', grav: '1000.'}
# schema: astropy-2.0
wav flux_nu
[from data line 499]
28950.056 3.4696997106694613e-15
29000.056 3.119228231149251e-15
29050.056 7.082659681809532e-15
29100.056 1.5554506034430094e-16
29150.056 2.2105182632082216e-16
29200.056 2.0124063774717097e-14
29250.056 5.313360123006111e-15
29300.056 6.207279723451499e-16
29350.056 9.123021302954704e-15
29400.056 9.687291827146582e-15
29450.056 1.2161129341732405e-15
29500.056 1.679523512389526e-14
29550.056 1.034429768609778e-14
29600.056 1.1791260223525643e-15
29650.056 1.0363655299962117e-14
29700.056 8.476741369678576e-15
29750.056 3.356660681969997e-14
29800.056 2.7371672181779135e-15
29850.056 2.4279926454870116e-14
29900.056 5.840669530986879e-15
29950.056 3.833294407012963e-15
30000.056 1.2416592496899854e-17
30050.056 4.722295375279041e-15
30100.056 1.4777844017912757e-14
30150.056 1.5294513683224187e-14
30200.056 8.53878713670047e-14
30250.056 3.933263276517598e-14
30300.056 3.8050738320693275e-14
30350.056 2.6398315535884582e-14
30400.056 1.239303495652187e-13
30450.056 1.4570184053366243e-13
30500.056 1.0638591337009192e-14
30550.056 1.7101398064180065e-14
30600.056 8.318016572940568e-13
30650.056 2.803233107258358e-13
30700.056 8.230028064622024e-15
30750.056 1.319469738444707e-13
30800.056 4.4453445904552324e-13
30850.056 4.3001079073724645e-13
30900.056 6.611576069069663e-14
30950.056 1.262700836428818e-13
31000.056 1.5356451015698818e-13
31050.056 1.722532102761874e-14
31100.056 5.580853193198689e-15
31150.056 8.69163239031643e-14
31200.056 3.326082825559772e-13
31250.056 2.7135828193694284e-13
31300.056 1.955064348246789e-14
31350.056 2.7067831498741374e-13
31400.056 1.9615681919099927e-13
31450.056 1.4033320996079387e-13
31500.056 3.792234813285475e-14
31550.056 8.653671033683463e-14
31600.056 6.534738333944488e-14
31650.056 2.853296709427695e-14
31700.056 2.0807248630425458e-14
31750.056 6.628634226502705e-15
31800.056 8.84666495929917e-15
31850.056 7.082525359364845e-16
31900.056 2.0609761253196635e-15
31950.056 5.440052930994238e-16
32000.056 4.57487699666666e-16
32050.056 1.4681935923910875e-16
32100.056 9.756083559052683e-17
32150.056 3.734062075731637e-17
32200.056 8.805056969449233e-18
32250.056 2.034762443743438e-17
32300.056 2.1103798833576615e-18
32350.056 6.054668296545037e-18
32400.056 3.8588690763455e-19
32450.056 3.272080687310958e-18
32500.056 2.9110578493254624e-19
32550.056 1.7251585146100507e-18
32600.056 1.0586704550845165e-19
32650.056 2.065786833988846e-18
32700.056 1.3576935505675342e-19
32750.056 4.870845346900874e-18
32800.056 1.027850926127511e-18
32850.056 2.881579871640248e-17
32900.056 8.914617848215997e-18
32950.056 3.551969393307145e-17
33000.056 8.681396414703882e-18
33050.056 3.2281067948383804e-18
33100.056 5.984322893838876e-19
33150.056 4.8624221345641676e-21
33200.056 7.953252352381055e-19
33250.056 1.060499489017102e-18
33300.056 3.162636580143214e-17
33350.056 5.710214107421991e-18
33400.056 5.4119319220894954e-17
33450.056 1.416700688546745e-18
33500.056 2.2918862445262057e-17
33550.056 3.3766279262245934e-18
33600.056 1.44794336068149e-17
33650.056 2.6183124905706734e-17
33700.056 2.528034507679431e-18
33750.056 3.712984228446606e-17
33800.056 1.5459320209488638e-18
33850.056 2.056653783770203e-17
33900.056 2.4462136888973304e-17
33950.056 4.5043178275847716e-17
34000.056 1.9618753834583277e-16
34050.056 2.3871560549719854e-17
34100.056 3.3660735623013983e-16
34150.056 1.0528148006637775e-16
34200.056 1.036054709632656e-15
34250.056 1.6943814435059219e-16
34300.056 3.948894775240868e-16
34350.056 6.866051075080216e-15
34400.056 3.063654628905542e-16
34450.056 2.0875780732213366e-15
34500.056 3.2098191103496893e-16
34550.056 8.25758798267759e-15
34600.056 6.23008292415628e-14
34650.056 3.209541737560313e-16
34700.056 2.1464395969964996e-14
34750.056 2.2464451152135866e-15
34800.056 2.114420703441881e-15
34850.056 7.0815942291340256e-15
34900.056 2.096033049917631e-15
34950.056 1.6876239980801686e-14
35000.056 1.0741978818156215e-14
35050.056 7.19756109168618e-14
35100.056 3.788979283589778e-14
35150.056 1.829659531033558e-13
35200.056 2.8804994729592324e-13
35250.056 3.5518024851530607e-13
35300.056 1.1351154582724131e-14
35350.056 6.490612116096163e-16
35400.056 3.638757835422879e-16
35450.056 5.561387242422189e-16
35500.056 1.0986628609368465e-14
35550.056 2.0295836948310316e-14
35600.056 4.0554352864273654e-14
35650.056 4.170596665876557e-14
35700.056 9.830606516419648e-14
35750.056 4.600487316924556e-14
35800.056 6.981965286052144e-15
35850.056 5.607538663886308e-15
35900.056 2.1596350658946667e-14
35950.056 1.4866879296348735e-13
36000.056 2.172218889769888e-13
36050.056 1.1424481250935587e-13
36100.056 7.053087995123544e-14
36150.056 1.84581451936621e-12
36200.056 4.0028610334380293e-13
36250.056 1.186984908343899e-13
36300.056 7.542297973394836e-13
36350.056 7.710274204487023e-13
36400.056 6.648183637019722e-13
36450.056 3.2233828143441234e-13
36500.056 2.3351087583184994e-13
36550.056 3.088010043620039e-12
36600.056 3.632595425260125e-12
36650.056 5.95358692466473e-13
36700.056 1.8758224021731886e-12
36750.056 6.307545513671025e-12
36800.056 5.415669380875535e-12
36850.056 9.108867250798353e-13
36900.056 6.575624109880751e-13
36950.056 7.715529821763959e-12
37000.056 5.501232810134087e-12
37050.056 7.74672990127656e-12
37100.056 2.7090110925248455e-13
37150.056 9.646092094109443e-13
37200.056 1.5424005851602343e-11
37250.056 5.303227439915679e-12
37300.056 8.196633258758946e-13
37350.056 9.170846139388989e-13
37400.056 2.979716779877253e-12
37450.056 1.6613620550500579e-12
37500.056 1.3271529127668378e-12
37550.056 1.2439044146601346e-11
37600.056 3.3509490982525234e-11
37650.056 1.0970373141095222e-12
37700.056 5.345168729919805e-12
37750.056 5.125790654989264e-12
37800.056 4.703640111306177e-12
37850.056 4.4243509877599e-12
37900.056 1.8511649747095966e-12
37950.056 3.0408699849134516e-12
38000.056 1.4770376693781003e-12
38050.056 1.1201501300787658e-11
38100.056 2.133545531895118e-11
38150.056 2.774776378407052e-11
38200.056 1.2543099372488285e-11
38250.056 3.083980565284999e-11
38300.056 1.0472834623236391e-10
38350.056 1.6860110420656674e-11
38400.056 1.8251372569266025e-12
38450.056 1.9657568772566333e-13
38500.056 1.5732334918205644e-12
38550.056 1.888518774070303e-11
38600.056 4.557237665459583e-11
38650.056 1.3920135854435528e-11
38700.056 3.30031152281235e-12
38750.056 1.8383031740131415e-11
38800.056 1.527707575185024e-11
38850.056 2.1362562130304544e-11
38900.056 1.8712255895013774e-11
38950.056 1.1295662618370041e-11
39000.056 5.156052506724474e-11
39050.056 2.2439386122353113e-12
39100.056 5.196456915736854e-12
39150.056 3.369598278400282e-11
39200.056 3.792756594640023e-11
39250.056 2.4065028903525205e-11
39300.056 1.960145445978835e-11
39350.056 1.1620485163900049e-10
39400.056 2.8768933207957525e-11
39450.056 7.551937210664253e-11
39500.056 1.0814763264448884e-10
39550.056 1.3911912231659818e-11
39600.056 4.933447407420484e-11
39650.056 2.2748251602000847e-10
39700.056 1.8327372598999044e-10
39750.056 1.976997118017787e-11
39800.056 5.697787864623136e-12
39850.056 1.2924230433722041e-10
39900.056 2.9567963664398924e-10
39950.056 5.738977719300558e-11
40000.056 1.3327159030301481e-10
40050.056 1.2598796649228457e-10
40100.056 1.0793785625240076e-11
40150.056 1.0870843617602e-10
40200.056 2.2592921402998937e-10
40250.056 2.7777946235496983e-10
40300.056 2.4797198227801224e-10
40350.056 4.8956106883936414e-11
40400.056 4.8421374894580404e-11
40450.056 2.4768545913834408e-11
40500.056 2.2672124905502207e-10
40550.056 2.538008228479776e-10
40600.056 4.1804015327999445e-10
40650.056 1.3960483338697927e-10
40700.056 2.3675427569199805e-10
40750.056 1.6066507572997994e-10
40800.056 6.163941566270341e-11
40850.056 5.752830194700461e-10
40900.056 6.754464081799641e-10
40950.056 2.068479087374734e-10
41000.056 1.619233972875891e-10
41050.056 6.074240936060356e-10
41100.056 4.4562775063694075e-10
41150.056 3.826263127779537e-11
41200.056 5.298330402450874e-10
41250.056 5.762851939499068e-10
41300.056 6.507145242101031e-10
41350.056 1.4243032891000257e-09
41400.056 1.1241678327899496e-09
41450.056 9.450248405399938e-10
41500.056 2.7976073008894784e-10
41550.056 2.546086288370388e-10
41600.056 3.880022683769749e-10
41650.056 1.2349728574401213e-09
41700.056 1.965173863999955e-09
41750.056 1.4636787668600544e-09
41800.056 1.6879808351999464e-09
41850.056 6.743772862999336e-10
41900.056 4.467579998899143e-10
41950.056 2.9981060459396e-10
42000.056 4.560508992688525e-11
42050.056 1.3732049328601276e-10
42100.056 4.1827620282000166e-10
42150.056 6.861321032400228e-10
42200.056 9.138685869499817e-10
42250.056 6.086768835200211e-10
42300.056 4.640330654999722e-10
42350.056 1.286289814520088e-09
42400.056 2.2507699004000862e-09
42450.056 3.143428849400053e-09
42500.056 3.3420729714999903e-09
42550.056 2.8289433375999056e-09
42600.056 1.5238109565100585e-09
42650.056 1.8986816839798347e-09
42700.056 7.095912307000231e-10
42750.056 2.4156096126602065e-09
42800.056 4.059919281500064e-09
42850.056 4.231612198399954e-09
42900.056 3.866017057399968e-09
42950.056 2.9667498800000283e-09
43000.056 3.182535716399968e-09
43050.056 1.823392670539729e-09
43100.056 2.167218347540152e-09
43150.056 2.9931381579001035e-09
43200.056 4.3257634289000586e-09
43250.056 4.601327304500002e-09
43300.056 4.142616048999901e-09
43350.056 3.3283118734999417e-09
43400.056 3.29408437139995e-09
43450.056 2.0733813328999435e-09
43500.056 1.3899484263200087e-09
43550.056 2.3176829547001183e-09
43600.056 3.903751929500015e-09
43650.056 2.9552018885999114e-09
43700.056 3.907821149900288e-09
43750.056 4.718505220799948e-09
43800.056 3.846753115799918e-09
43850.056 3.1768386853000045e-09
43900.056 2.323256801200018e-09
43950.056 2.23182944460002e-09
44000.056 2.7599199972000454e-09
44050.056 4.307602227600212e-09
44100.056 5.1999522126000004e-09
44150.056 4.7986340450999546e-09
44200.056 4.546086813499949e-09
44250.056 3.4890475310999157e-09
44300.056 2.396656517099921e-09
44350.056 1.943136657600018e-09
44400.056 2.315572145700031e-09
44450.056 3.728275542300169e-09
44500.056 3.765156908199945e-09
44550.056 4.200735058300031e-09
44600.056 3.6489289008999942e-09
44650.056 4.051376620199967e-09
44700.056 3.5374956242998976e-09
44750.056 3.8778364235000515e-09
44800.056 2.9187341450999036e-09
44850.056 3.332627686500114e-09
44900.056 3.907856901000032e-09
44950.056 4.568928729500102e-09
45000.056 4.895099281899981e-09
45050.056 4.287198519399857e-09
45100.056 4.008849932600095e-09
45150.056 3.6829322378999413e-09
45200.056 2.6137757250999324e-09
45250.056 2.945522989999994e-09
45300.056 2.664338565699929e-09
45350.056 1.9186390079001386e-09
45400.056 4.145284181200073e-09
45450.056 3.819302936900129e-09
45500.056 4.7555258901001005e-09
45550.056 4.696239890399853e-09
45600.056 4.5333439641000574e-09
45650.056 4.181412417799844e-09
45700.056 2.4556425180997172e-09
45750.056 2.301301474100202e-09
45800.056 3.916231170999972e-09
45850.056 3.2767467976001266e-09
45900.056 4.8479320656000635e-09
45950.056 5.030139989199951e-09
46000.056 4.680066161899966e-09
46050.056 3.89361381660008e-09
46100.056 4.509128297499922e-09
46150.056 3.56758488999995e-09
46200.056 2.3081237620997404e-09
46250.056 9.792251038500295e-10
46300.056 2.6098904755001698e-09
46350.056 3.1908411408999752e-09
46400.056 3.3647495627000318e-09
46450.056 2.2638767857999224e-09
46500.056 3.2355387082000207e-09
46550.056 2.166696211499837e-09
46600.056 1.5482143409099897e-09
46650.056 2.6263528145000764e-09
46700.056 2.0584633446998416e-09
46750.056 8.342817976200066e-10
46800.056 5.036004769099771e-10
46850.056 1.7328856071102676e-09
46900.056 3.1226921535000935e-09
46950.056 3.601779770800018e-09
47000.056 3.710828151699982e-09
47050.056 2.3365971241998147e-09
47100.056 2.4280799394000383e-09
47150.056 2.643225868600077e-09
47200.056 2.59491624969989e-09
47250.056 1.0519636698497984e-09
47300.056 8.24924343680187e-10
47350.056 2.4214580163001294e-09
47400.056 3.049355809099995e-09
47450.056 2.122563835999964e-09
47500.056 2.9626948750001676e-09
47550.056 3.2365495315999577e-09
47600.056 1.9228586503999006e-09
47650.056 2.186926361099925e-09
47700.056 1.9746314656000993e-09
47750.056 1.76344377049994e-09
47800.056 8.81117251159884e-10
47850.056 3.278843774900396e-10
47900.056 6.377970672600359e-10
47950.056 1.7157010964001393e-09
48000.056 2.0570919732998864e-09
48050.056 1.758182276100049e-09
48100.056 1.1828968952799523e-09
48150.056 1.7675467920000213e-09
48200.056 8.891824321098959e-10
48250.056 1.44601329860007e-09
48300.056 1.5704516145999508e-09
48350.056 8.931199960598901e-10
48400.056 2.38393883713959e-10
48450.056 3.4025524253506225e-10
48500.056 6.480509928699535e-10
48550.056 8.104000991801594e-10
48600.056 1.8894161722000717e-09
48650.056 2.275323499600011e-09
48700.056 2.216685079600002e-09
48750.056 2.1592957090999885e-09
48800.056 1.9135031832999367e-09
48850.056 9.58751324719921e-10
48900.056 6.030564893299332e-10
48950.056 3.440848604499876e-10
49000.056 2.891083062200489e-10
49050.056 7.868785367899904e-10
49100.056 1.1934016691901189e-09
49150.056 1.3501465449e-09
49200.056 1.8543712292000557e-09
49250.056 1.851460517599968e-09
49300.056 1.306185210609895e-09
49350.056 6.611661422600615e-10
49400.056 7.570294704999121e-10
49450.056 5.709466156600571e-10
49500.056 4.1449678839994705e-10
49550.056 1.5246636212399256e-10
49600.056 2.1486921396502781e-10
49650.056 6.341372551900588e-10
49700.056 9.608379276700202e-10
49750.056 6.788513933499663e-10
49800.056 4.855816526900176e-10
49850.056 1.0562471678600628e-09
49900.056 1.281194323900001e-09
49950.056 1.1278829770899654e-09
50000.056 5.636403413199169e-10
50050.056 5.074779136900593e-10
50100.056 5.122632523799735e-10
50150.056 2.3260053386997113e-10
50200.056 9.484417905500761e-11
50250.056 2.2311959235000312e-10
50300.056 2.0827977300002192e-10
50350.056 5.804166465500424e-10
50400.056 8.733733749000311e-10
50450.056 1.0324114812300028e-09
50500.056 1.13271773520002e-09
50550.056 1.1723839477999728e-09
50600.056 8.102125978899839e-10
50650.056 1.0324874207999992e-09
50700.056 8.409393532499612e-10
50750.056 5.239063526399672e-10
50800.056 1.9578711238796605e-10
50850.056 1.4018606115902325e-10
50900.056 4.2034831524003767e-10
50950.056 5.344455564399728e-10
51000.056 4.1409245937005157e-10
51050.056 7.227536557299813e-10
51100.056 4.861897785799695e-10
51150.056 2.85179332830032e-10
51200.056 6.641436770000301e-10
51250.056 6.683007216199859e-10
51300.056 4.987244318099761e-10
51350.056 2.7203017028996286e-10
51400.056 1.477613158500101e-10
51450.056 1.248828934969828e-10
51500.056 1.351103041690208e-10
51550.056 3.201138225700226e-10
51600.056 4.82570910610017e-10
51650.056 6.06834545130011e-10
51700.056 4.916437116999439e-10
51750.056 4.6410982117004603e-10
51800.056 6.247821344999979e-10
51850.056 5.44246802819982e-10
51900.056 4.1732253563998083e-10
51950.056 2.4720324971997076e-10
52000.056 1.0001548026799394e-10
52050.056 1.7444624101000227e-10
52100.056 1.209112789339884e-10
52150.056 9.027035090601409e-11
52200.056 2.1551965397001611e-10
52250.056 3.1118345340000816e-10
52300.056 2.983722927499866e-10
52350.056 1.4037024954599769e-10
52400.056 1.6701159324000582e-10
52450.056 3.3574230737002264e-10
52500.056 2.842879357099941e-10
52550.056 4.550851117700007e-10
52600.056 4.990429071600184e-10
52650.056 5.154007286899881e-10
52700.056 3.5619273328997357e-10
52750.056 1.4978127386798438e-10
52800.056 2.3677562560002093e-10
52850.056 2.5731298748998924e-10
52900.056 1.1874059748198025e-10
52950.056 1.6516833102601918e-10
53000.056 2.920117011100053e-10
53050.056 2.107998958199985e-10
53100.056 3.7059560802002267e-10
53150.056 3.0083100705998094e-10
53200.056 2.3284236538999217e-10
53250.056 2.9197133540000544e-10
53300.056 3.053198770700016e-10
53350.056 2.8158051852999227e-10
53400.056 2.231823402299904e-10
53450.056 1.2899191256298631e-10
53500.056 6.232691813999649e-11
53550.056 9.118757731800329e-11
