galfind/configs/Brown_Dwarf_templates/sonora_bobcat/m0.0/1000g/co1.5/sp_t1700g1000nc_m+0.0_co1.5_resample.dat
# %ECSV 1.0
# ---
# datatype:
# - {name: wav, unit: Angstrom, datatype: float64}
# - {name: flux_nu, unit: erg / (cm2 Hz s), datatype: float64}
# meta: {C/O: '1.50', Kzz: '1.0000E+05', Teff: '1700.', Y: '0.28', '[Fe/H]': '0.00', f_hole: '1.00', f_rain: '0.00', grav: '1000.'}
# schema: astropy-2.0
wav flux_nu
[from data line 497]
28850.056 1.16234435019009e-06
28900.056 8.448426825699754e-07
28950.056 1.280827934709941e-06
29000.056 1.086891633209763e-06
29050.056 1.1804210329300657e-06
29100.056 9.178888795901351e-07
29150.056 1.2781551549700438e-06
29200.056 1.0539852418100592e-06
29250.056 1.1873082081699484e-06
29300.056 9.500972800497669e-07
29350.056 1.442471891839883e-06
29400.056 1.1422626874299403e-06
29450.056 1.1398952667699712e-06
29500.056 1.1757720877899144e-06
29550.056 1.1682380718000326e-06
29600.056 1.287631168549744e-06
29650.056 1.1680597261199529e-06
29700.056 1.126921738149895e-06
29750.056 1.2930778812602279e-06
29800.056 1.338976008999839e-06
29850.056 1.234752606429849e-06
29900.056 1.189453864980411e-06
29950.056 1.3969393200698252e-06
30000.056 1.3291892799097713e-06
30050.056 1.2265621069600274e-06
30100.056 1.1028311508997182e-06
30150.056 1.4886527636799992e-06
30200.056 1.2814744913600392e-06
30250.056 1.3325978552101433e-06
30300.056 1.1972459157599638e-06
30350.056 1.2327481669901615e-06
30400.056 1.3495224700600243e-06
30450.056 1.1081130810001806e-06
30500.056 1.0075956570001062e-06
30550.056 1.1191067783001102e-06
30600.056 1.1057348994900218e-06
30650.056 1.059349419439929e-06
30700.056 9.804617578199402e-07
30750.056 9.50792202429944e-07
30800.056 9.490247854001752e-07
30850.056 8.416945113398858e-07
30900.056 8.447592221598854e-07
30950.056 7.721249082601001e-07
31000.056 7.579169959800189e-07
31050.056 8.238712528700296e-07
31100.056 6.936649443599819e-07
31150.056 7.213017408699704e-07
31200.056 7.486184031800245e-07
31250.056 6.645795478399689e-07
31300.056 6.612817703499372e-07
31350.056 6.243545024300154e-07
31400.056 5.963553486300492e-07
31450.056 5.937696488899491e-07
31500.056 5.696173045099043e-07
31550.056 5.809608903799965e-07
31600.056 5.411452603099942e-07
31650.056 5.248164983300009e-07
31700.056 5.422765039899427e-07
31750.056 4.98572157710112e-07
31800.056 5.529006489199193e-07
31850.056 5.057067508700558e-07
31900.056 5.634905925700238e-07
31950.056 4.878043713200353e-07
32000.056 5.400696649998982e-07
32050.056 5.468273570500337e-07
32100.056 5.499621919600111e-07
32150.056 5.856530170199562e-07
32200.056 5.266251339699772e-07
32250.056 6.313110937200379e-07
32300.056 5.300594992999698e-07
32350.056 6.576172164899929e-07
32400.056 5.409548525300051e-07
32450.056 6.65197670349842e-07
32500.056 6.416340489100921e-07
32550.056 6.636426841199918e-07
32600.056 6.730846653299832e-07
32650.056 7.537938713899728e-07
32700.056 7.44846026980062e-07
32750.056 7.688483993000016e-07
32800.056 7.639095649500619e-07
32850.056 7.943950201299378e-07
32900.056 8.337764596300168e-07
32950.056 8.212672684899726e-07
33000.056 7.85586772039918e-07
33050.056 7.077741637700252e-07
33100.056 6.272605899999816e-07
33150.056 4.2439337387004594e-07
33200.056 3.543169046199108e-07
33250.056 3.020670147199229e-07
33300.056 2.8811864138003886e-07
33350.056 3.2136869105000415e-07
33400.056 3.5277527310996994e-07
33450.056 3.794852436299999e-07
33500.056 4.3528102321003566e-07
33550.056 4.741921949700575e-07
33600.056 5.319301446199919e-07
33650.056 5.882650396000387e-07
33700.056 5.880573766899706e-07
33750.056 7.005495139999869e-07
33800.056 6.882165360699404e-07
33850.056 7.64864394669968e-07
33900.056 7.135068044699893e-07
33950.056 7.227262360699866e-07
34000.056 7.690129669199568e-07
34050.056 6.786616005698928e-07
34100.056 7.918581994899476e-07
34150.056 7.09285269679937e-07
34200.056 6.572692418098822e-07
34250.056 7.108129730398852e-07
34300.056 6.271875734397213e-07
34350.056 6.304939747799994e-07
34400.056 5.994079654400352e-07
34450.056 6.716861050299811e-07
34500.056 6.824293375399645e-07
34550.056 6.26350308570007e-07
34600.056 7.185186121499938e-07
34650.056 6.901387947299551e-07
34700.056 6.818719633499803e-07
34750.056 7.48052623720021e-07
34800.056 6.797637574899427e-07
34850.056 6.831827779600185e-07
34900.056 7.353496734399661e-07
34950.056 6.950244001998747e-07
35000.056 8.148957926600897e-07
35050.056 6.957630681299806e-07
35100.056 7.376494862099763e-07
35150.056 7.851191399699843e-07
35200.056 7.683637634000835e-07
35250.056 8.409921730699566e-07
35300.056 7.632365464100584e-07
35350.056 7.437163713299151e-07
35400.056 8.185578769801365e-07
35450.056 6.728700944601919e-07
35500.056 8.576613562800282e-07
35550.056 8.4647213965997e-07
35600.056 8.037327783601068e-07
35650.056 8.912794130200033e-07
35700.056 8.101144217500019e-07
35750.056 8.542241148199081e-07
35800.056 1.0255902287100405e-06
35850.056 8.604226260600196e-07
35900.056 1.013417007049965e-06
35950.056 9.92544890669987e-07
36000.056 1.0062732335601156e-06
36050.056 1.0523210348500381e-06
36100.056 1.0610710854795586e-06
36150.056 1.098969901200108e-06
36200.056 1.1997806075799817e-06
36250.056 1.130256046519977e-06
36300.056 1.2444335295800228e-06
36350.056 1.2089865379899214e-06
36400.056 1.2305417624800604e-06
36450.056 1.3465592364399863e-06
36500.056 1.3166336811199243e-06
36550.056 1.4185752274103026e-06
36600.056 1.4264746945000668e-06
36650.056 1.433688565409788e-06
36700.056 1.5714198806999186e-06
36750.056 1.5609746232000932e-06
36800.056 1.6161857953999348e-06
36850.056 1.7047457434199155e-06
36900.056 1.6492032726000638e-06
36950.056 1.796841399599903e-06
37000.056 1.8055785686999117e-06
37050.056 1.8447545928999674e-06
37100.056 1.9001789183000921e-06
37150.056 1.9190807120000096e-06
37200.056 1.968197373299991e-06
37250.056 2.013867913999908e-06
37300.056 1.9723819750998786e-06
37350.056 1.969635906700213e-06
37400.056 2.165305196999941e-06
37450.056 2.0704498785001154e-06
37500.056 2.166629871399909e-06
37550.056 2.2604542918000045e-06
37600.056 2.3403467521000367e-06
37650.056 2.2287265603000027e-06
37700.056 2.384011233900075e-06
37750.056 2.31065947750007e-06
37800.056 2.396998052300133e-06
37850.056 2.3328565872000072e-06
37900.056 2.379034269000201e-06
37950.056 2.3946390819999437e-06
38000.056 2.512565816600069e-06
38050.056 2.4865013127001027e-06
38100.056 2.427931407500147e-06
38150.056 2.6142072532999524e-06
38200.056 2.6232289370000665e-06
38250.056 2.511259502600105e-06
38300.056 2.5941141257999347e-06
38350.056 2.6635598318000212e-06
38400.056 2.6179199233999015e-06
38450.056 2.748108399500004e-06
38500.056 2.6561467375000454e-06
38550.056 2.7666265223000946e-06
38600.056 2.864372094599913e-06
38650.056 2.7386338633999842e-06
38700.056 2.767791576400118e-06
38750.056 2.842388556200049e-06
38800.056 2.7787993663999935e-06
38850.056 2.810230415399995e-06
38900.056 2.764904584900002e-06
38950.056 2.884774990400026e-06
39000.056 2.857124845300016e-06
39050.056 2.8944025817999258e-06
39100.056 2.753216439600168e-06
39150.056 2.8841103441000565e-06
39200.056 2.9047046773999828e-06
39250.056 2.899806648299809e-06
39300.056 2.881091143599792e-06
39350.056 2.9114591078001298e-06
39400.056 2.9050402051000814e-06
39450.056 2.930838021399953e-06
39500.056 2.8368069781999445e-06
39550.056 2.8311975108998846e-06
39600.056 2.990128991199877e-06
39650.056 2.840580176100033e-06
39700.056 2.8573083668000114e-06
39750.056 2.8593021810999605e-06
39800.056 2.759451922499996e-06
39850.056 2.8985903454999545e-06
39900.056 2.817375536100026e-06
39950.056 2.904464467099857e-06
40000.056 2.732540837999998e-06
40050.056 2.6429841369000407e-06
40100.056 2.7398699692999496e-06
40150.056 2.663744063799777e-06
40200.056 2.7436539374999186e-06
40250.056 2.5759513963995817e-06
40300.056 2.6095485522001777e-06
40350.056 2.69770559000008e-06
40400.056 2.6687945987000544e-06
40450.056 2.563633091200081e-06
40500.056 2.43054214410014e-06
40550.056 2.691358164399872e-06
40600.056 2.3992254607001094e-06
40650.056 2.5794312171999636e-06
40700.056 2.6878063017999915e-06
40750.056 2.4512605855995225e-06
40800.056 2.406096734599913e-06
40850.056 2.3537312979002985e-06
40900.056 2.3854033681000596e-06
40950.056 2.439771315499986e-06
41000.056 2.453818677399974e-06
41050.056 2.4557637708597655e-06
41100.056 2.321191025999913e-06
41150.056 2.43979526129997e-06
41200.056 2.391075517200045e-06
41250.056 2.36745707880006e-06
41300.056 2.150943928099779e-06
41350.056 2.412699075400058e-06
41400.056 2.2658565593001307e-06
41450.056 2.330959370800155e-06
41500.056 2.3306745066000615e-06
41550.056 2.295973371260038e-06
41600.056 2.2876878272000706e-06
41650.056 2.2504018273001585e-06
41700.056 2.1420536713598556e-06
41750.056 2.2165949025998908e-06
41800.056 2.306083080519813e-06
41850.056 1.9102314772802003e-06
41900.056 2.2067896141499502e-06
41950.056 2.1540645918503447e-06
42000.056 2.0966888698902845e-06
42050.056 1.9281225261297362e-06
42100.056 2.1482467997001016e-06
42150.056 1.7029050295396965e-06
42200.056 1.7856753833901094e-06
42250.056 2.0046750059398986e-06
42300.056 1.7592714325000999e-06
42350.056 1.9909396894202268e-06
42400.056 1.7866370368502257e-06
42450.056 1.6432780482300652e-06
42500.056 1.7062148011800702e-06
42550.056 1.7046562078399463e-06
42600.056 1.7227445803401754e-06
42650.056 1.7013955599195333e-06
42700.056 1.7691900618602632e-06
42750.056 1.6618381955399211e-06
42800.056 1.6906398705103972e-06
42850.056 1.8196901453997041e-06
42900.056 1.7928011847100515e-06
42950.056 1.6018915299295297e-06
43000.056 1.6375530944399348e-06
43050.056 1.4779459179904806e-06
43100.056 1.5639214258300979e-06
43150.056 1.5498347662401706e-06
43200.056 1.4676937080100903e-06
43250.056 1.4800662839998542e-06
43300.056 1.5263552299800707e-06
43350.056 1.357688211949935e-06
43400.056 1.3889560949700017e-06
43450.056 1.3598527597201052e-06
43500.056 1.3479023360998729e-06
43550.056 1.3330446192300566e-06
43600.056 1.392656699560054e-06
43650.056 1.232094447410013e-06
43700.056 1.2722714651598182e-06
43750.056 1.2693852547801215e-06
43800.056 1.1757641339700624e-06
43850.056 1.196994742770128e-06
43900.056 1.214604928769948e-06
43950.056 1.1324997688800024e-06
44000.056 1.0753314783800408e-06
44050.056 1.0657342797700274e-06
44100.056 1.1062536105501184e-06
44150.056 1.1309840752699553e-06
44200.056 1.060116904450025e-06
44250.056 1.0670513250799985e-06
44300.056 1.0351934376600609e-06
44350.056 9.887210849600466e-07
44400.056 1.0295070723499498e-06
44450.056 1.0325983392700278e-06
44500.056 1.0058254258100546e-06
44550.056 9.451961897798828e-07
44600.056 9.396264186400909e-07
44650.056 9.976610839400098e-07
44700.056 9.519492989400168e-07
44750.056 9.641774331799253e-07
44800.056 9.539003139199647e-07
44850.056 9.317813923800932e-07
44900.056 9.064109368400519e-07
44950.056 8.704485233500403e-07
45000.056 9.143597175199892e-07
45050.056 9.184327398999467e-07
45100.056 9.536193699200129e-07
45150.056 8.680693421300028e-07
45200.056 8.211759904400077e-07
45250.056 8.445573815899594e-07
45300.056 9.15092422440016e-07
45350.056 9.382533327799533e-07
45400.056 8.72471514520077e-07
45450.056 8.296665666199104e-07
45500.056 8.697879175599606e-07
45550.056 9.130968362800201e-07
45600.056 8.439541061999833e-07
45650.056 8.01370958959894e-07
45700.056 9.137444459900375e-07
45750.056 8.265276813800392e-07
45800.056 8.152623785399547e-07
45850.056 9.58965478809966e-07
45900.056 9.1863431924002e-07
45950.056 8.312350568999976e-07
46000.056 9.492226164300091e-07
46050.056 9.665670732401843e-07
46100.056 7.998904224900699e-07
46150.056 9.019462890499574e-07
46200.056 9.282416557901323e-07
46250.056 7.987058066700142e-07
46300.056 9.946498600000095e-07
46350.056 8.858356506999282e-07
46400.056 8.97866176649933e-07
46450.056 9.439152744800678e-07
46500.056 8.56906160819921e-07
46550.056 1.035164351930001e-06
46600.056 9.601629126600588e-07
46650.056 1.169558467109832e-06
46700.056 1.148352027020375e-06
46750.056 9.241621522400052e-07
46800.056 9.853970407300818e-07
46850.056 1.0269087462700972e-06
46900.056 9.673848270698889e-07
46950.056 1.1014369871999836e-06
47000.056 9.158516830100032e-07
47050.056 1.110891726419957e-06
47100.056 8.721616698500525e-07
47150.056 9.649860636900333e-07
47200.056 1.0229990368901676e-06
47250.056 9.222960208699487e-07
47300.056 9.724149254898722e-07
47350.056 8.405402411499239e-07
47400.056 1.014199120969898e-06
47450.056 8.720171106799348e-07
47500.056 1.030668852669916e-06
47550.056 8.864833253999554e-07
47600.056 1.031911195839944e-06
47650.056 7.993232135899084e-07
47700.056 1.0422955644300187e-06
47750.056 7.77638992560141e-07
47800.056 1.0443442325699323e-06
47850.056 8.00536424089961e-07
47900.056 1.012675932400046e-06
47950.056 8.09696582490096e-07
48000.056 1.0997321785199807e-06
48050.056 8.631546118100741e-07
48100.056 1.0073092306599826e-06
48150.056 8.708819206001118e-07
48200.056 1.0389305137000746e-06
48250.056 8.702561351600576e-07
48300.056 1.084690462979875e-06
48350.056 8.224766062399092e-07
48400.056 1.0094842633899854e-06
48450.056 8.238115323799887e-07
48500.056 1.1207649726800393e-06
48550.056 8.007020412999846e-07
48600.056 1.080768714209932e-06
48650.056 8.225366213899811e-07
48700.056 1.0784862821700723e-06
48750.056 7.676785920400106e-07
48800.056 1.1041377421700315e-06
48850.056 8.080055053798693e-07
48900.056 1.0745820254700872e-06
48950.056 9.464160036199755e-07
49000.056 9.32457875709958e-07
49050.056 1.017448892959973e-06
49100.056 9.131578713200217e-07
49150.056 9.910947306899323e-07
49200.056 8.925437734099539e-07
49250.056 9.882013155000033e-07
49300.056 8.675678375199372e-07
49350.056 9.649685070399667e-07
49400.056 1.0437683155400273e-06
49450.056 9.110569687801561e-07
49500.056 9.864014196099981e-07
49550.056 8.674721969299332e-07
49600.056 9.42745788550136e-07
49650.056 9.96639677169941e-07
49700.056 8.715537476699369e-07
49750.056 1.2353367551999414e-06
49800.056 9.166229850699992e-07
49850.056 1.1690435246000649e-06
49900.056 9.457742722200256e-07
49950.056 1.0299110035999154e-06
50000.056 1.0175678307097835e-06
50050.056 9.618451664700605e-07
50100.056 1.1040381586599275e-06
50150.056 9.047897418100182e-07
50200.056 9.071280950500941e-07
50250.056 1.046419314530009e-06
50300.056 9.278860230499769e-07
50350.056 1.1600123694099745e-06
50400.056 9.672905546699123e-07
50450.056 1.004382942870129e-06
50500.056 1.2063570564101097e-06
50550.056 9.909189268100116e-07
50600.056 1.118667886539954e-06
50650.056 1.0166051951101006e-06
50700.056 1.1468690395899326e-06
50750.056 1.2401934405801171e-06
50800.056 8.754686183498843e-07
50850.056 1.0871389462100745e-06
50900.056 1.1351934325799241e-06
50950.056 1.091474204740187e-06
51000.056 1.3087684509701149e-06
51050.056 1.0068514863700431e-06
51100.056 1.0411793591499262e-06
51150.056 1.1456740075099525e-06
51200.056 1.050655748340024e-06
51250.056 1.2173891667900379e-06
51300.056 9.850303587102171e-07
51350.056 1.0952704438399475e-06
51400.056 1.0827613156998656e-06
51450.056 8.08587623529872e-07
51500.056 1.0804845865300714e-06
51550.056 1.327362899770101e-06
51600.056 9.171975341200278e-07
51650.056 1.1541393362098849e-06
51700.056 1.0790463474497396e-06
51750.056 9.913010583900184e-07
51800.056 1.235593893539777e-06
51850.056 1.1353544867798779e-06
51900.056 1.2241620112401402e-06
51950.056 1.204180077609928e-06
52000.056 9.601389865399762e-07
52050.056 1.1297239177599448e-06
52100.056 1.0588192862199014e-06
52150.056 1.0597866352700291e-06
52200.056 1.0043686183900012e-06
52250.056 1.0880926775299881e-06
52300.056 1.2064264378400037e-06
52350.056 1.2322859067000676e-06
52400.056 9.568696712701087e-07
52450.056 1.0940170471099867e-06
52500.056 1.2208874117398433e-06
52550.056 1.1594945463998186e-06
52600.056 1.1466397606700585e-06
52650.056 1.2554637449401507e-06
52700.056 1.0723938382800422e-06
52750.056 9.692208500299526e-07
52800.056 1.0459815938400725e-06
52850.056 1.0257114596499124e-06
52900.056 1.1416642603700104e-06
52950.056 1.083155671059941e-06
53000.056 1.2169639829799508e-06
53050.056 1.0734334263597795e-06
53100.056 1.0643728215599156e-06
53150.056 1.3079447865301004e-06
53200.056 9.215869316400469e-07
53250.056 1.2200932772100079e-06
53300.056 1.2445292969403945e-06
53350.056 1.2533839559398833e-06
53400.056 1.1750262126100765e-06
53450.056 1.0637159522600456e-06
53500.056 8.855377334998751e-07
