galfind/configs/Brown_Dwarf_templates/sonora_bobcat/m0.0/1000g/co1.5/sp_t250g1000nc_m+0.0_co1.5_resample.dat
# %ECSV 1.0
# ---
# datatype:
# - {name: wav, unit: Angstrom, datatype: float64}
# - {name: flux_nu, unit: erg / (cm2 Hz s), datatype: float64}
# meta: {C/O: '1.50', Kzz: '1.0000E+05', Teff: '250.', Y: '0.28', '[Fe/H]': '0.00', f_hole: '1.00', f_rain: '0.00', grav: '1000.'}
# schema: astropy-2.0
wav flux_nu
[from data line 498]
28900.056 1.1643870343944242e-13
28950.056 1.3762397745829533e-13
29000.056 7.084688890157427e-14
29050.056 1.9470971159040404e-13
29100.056 2.5180322426976735e-14
29150.056 2.3677940211878095e-14
29200.056 5.672203454143404e-13
29250.056 1.6534695655595387e-13
29300.056 6.478546756832532e-14
29350.056 3.7235751982073943e-13
29400.056 3.541460023695397e-13
29450.056 4.191918976968493e-14
29500.056 6.320381593428935e-13
29550.056 1.59389132515268e-13
29600.056 8.297880040250386e-14
29650.056 6.652911277860362e-13
29700.056 1.1027723659089003e-13
29750.056 6.385924602642495e-13
29800.056 1.5012747756426211e-13
29850.056 8.875418574306086e-13
29900.056 2.4509326270754447e-13
29950.056 2.131403595968394e-13
30000.056 8.934269818870746e-16
30050.056 9.885973076984972e-14
30100.056 3.5975035031087154e-13
30150.056 6.620776572492393e-13
30200.056 8.171605401829626e-13
30250.056 8.880167848676626e-13
30300.056 1.2382032594649134e-12
30350.056 2.2461297184643015e-13
30400.056 1.9308763024515964e-12
30450.056 2.4907411192064223e-12
30500.056 2.513528092927639e-13
30550.056 3.48222784836105e-13
30600.056 1.5770736588959814e-11
30650.056 5.168090389028103e-12
30700.056 4.849909340576887e-13
30750.056 3.089704383006592e-12
30800.056 7.1981012027796484e-12
30850.056 5.5274677204009085e-12
30900.056 1.6912716899903228e-12
30950.056 1.4560509974561058e-12
31000.056 2.193447670360183e-12
31050.056 4.1974175320124626e-13
31100.056 2.107052550659436e-13
31150.056 1.3135311443231061e-12
31200.056 7.006660243429109e-12
31250.056 3.0837087212440173e-12
31300.056 4.543497687462279e-13
31350.056 5.18873157470241e-12
31400.056 2.4151620370410335e-12
31450.056 2.358276941586826e-12
31500.056 6.440647445665334e-13
31550.056 1.4802762627293076e-12
31600.056 1.1286440465956187e-12
31650.056 6.352883051486962e-13
31700.056 4.2549921051093184e-13
31750.056 1.4415787418062464e-13
31800.056 2.2767673555319547e-13
31850.056 2.103798090985894e-14
31900.056 6.786573063128651e-14
31950.056 2.115179921779335e-14
32000.056 1.943888503359523e-14
32050.056 9.675070810832463e-15
32100.056 7.695943610428834e-15
32150.056 4.178576309805788e-15
32200.056 1.2690193300040877e-15
32250.056 3.1265933000154408e-15
32300.056 4.4112204888967836e-16
32350.056 1.3397489762599567e-15
32400.056 1.3206774666252952e-16
32450.056 9.232782586719576e-16
32500.056 1.2299378079706512e-16
32550.056 6.506781444344171e-16
32600.056 6.72668112274846e-17
32650.056 9.853643717656235e-16
32700.056 9.223502749295726e-17
32750.056 2.7707489146705095e-15
32800.056 6.539452005194584e-16
32850.056 1.3579320383271838e-14
32900.056 5.747881099561302e-15
32950.056 1.7113182128203782e-14
33000.056 3.872883682847102e-15
33050.056 1.3377942451195773e-15
33100.056 2.48454350290731e-16
33150.056 7.637533676251228e-19
33200.056 1.5649227416589093e-16
33250.056 2.0721709035804126e-16
33300.056 5.569762116119185e-15
33350.056 2.0590615523294227e-15
33400.056 1.8530382692417556e-14
33450.056 6.51411735078255e-16
33500.056 9.35670034007091e-15
33550.056 1.0515440314823751e-15
33600.056 4.4419340854620524e-15
33650.056 6.459931158500296e-15
33700.056 6.726603504502842e-16
33750.056 7.29900144699773e-15
33800.056 4.099292825516462e-16
33850.056 3.650852191916778e-15
33900.056 3.722397534734827e-15
33950.056 5.617334395406054e-15
34000.056 1.921080081368931e-14
34050.056 2.9843266231358577e-15
34100.056 2.9694188433977603e-14
34150.056 7.649542530987783e-15
34200.056 5.804971596597714e-14
34250.056 1.2141949086922408e-14
34300.056 2.662061937850283e-14
34350.056 2.9595361469397155e-13
34400.056 1.7091926168742535e-14
34450.056 1.5079256436917542e-13
34500.056 2.265139909387238e-14
34550.056 2.6608192168790134e-13
34600.056 1.5975108298226578e-12
34650.056 2.1315349496528443e-14
34700.056 7.228846733399607e-13
34750.056 1.6168303070892114e-13
34800.056 8.883141007671853e-14
34850.056 4.628074361943497e-13
34900.056 4.953165977213275e-14
34950.056 1.1380769539844716e-12
35000.056 7.63728897895966e-13
35050.056 2.284283351794414e-12
35100.056 2.5410200377254908e-12
35150.056 3.0682620124099654e-12
35200.056 4.053538185015567e-12
35250.056 7.327409190616461e-12
35300.056 6.401800649412102e-13
35350.056 1.1001868571065785e-13
35400.056 6.453964659792792e-14
35450.056 7.196668172334758e-14
35500.056 7.567517962311989e-13
35550.056 1.0341643704369925e-12
35600.056 2.0625596273270382e-12
35650.056 2.493753850308012e-12
35700.056 4.342813759257854e-12
35750.056 2.249235208038737e-12
35800.056 4.028461381199604e-13
35850.056 3.0753933574239603e-13
35900.056 6.394489271606045e-13
35950.056 2.8666708101296033e-12
36000.056 3.812765964779209e-12
36050.056 2.6677862593252373e-12
36100.056 2.12422474422778e-12
36150.056 2.6351734462222795e-11
36200.056 9.759361726188411e-12
36250.056 3.2903081724995716e-12
36300.056 1.837229385870928e-11
36350.056 1.2612856176356619e-11
36400.056 1.4847011985563898e-11
36450.056 8.015065699579241e-12
36500.056 6.147970805685885e-12
36550.056 4.214069514689806e-11
36600.056 5.066949815539942e-11
36650.056 1.196834944309804e-11
36700.056 2.8219768197532736e-11
36750.056 6.618098907111637e-11
36800.056 6.957759143804163e-11
36850.056 1.5308028330111335e-11
36900.056 1.4886054844674833e-11
36950.056 8.984416172398712e-11
37000.056 5.444214569166229e-11
37050.056 8.816711102723859e-11
37100.056 6.763301578323918e-12
37150.056 2.2576803369774702e-11
37200.056 1.57992707405023e-10
37250.056 6.05462418358147e-11
37300.056 1.3690813608102815e-11
37350.056 2.3016117652610296e-11
37400.056 5.528285889026235e-11
37450.056 2.0285796258319673e-11
37500.056 2.1377543791079324e-11
37550.056 1.659881005681177e-10
37600.056 3.780887258133516e-10
37650.056 2.2494651825002308e-11
37700.056 7.363158701201592e-11
37750.056 6.665630612113133e-11
37800.056 6.137354541577158e-11
37850.056 3.846436859769855e-11
37900.056 2.6785415649791085e-11
37950.056 4.963086876185106e-11
38000.056 3.077388683620066e-11
38050.056 1.5557092301996828e-10
38100.056 2.479108964899151e-10
38150.056 3.547748011095658e-10
38200.056 1.6461458626593002e-10
38250.056 3.6484213427568933e-10
38300.056 9.534035440814883e-10
38350.056 2.653606239847355e-10
38400.056 4.192693113086094e-11
38450.056 6.718281004159839e-12
38500.056 1.7446215101976165e-11
38550.056 1.576622283340193e-10
38600.056 3.1873957608995966e-10
38650.056 1.701855198312036e-10
38700.056 6.87319960279142e-11
38750.056 2.0285712631269298e-10
38800.056 1.5554969445200433e-10
38850.056 2.2222237087404752e-10
38900.056 2.2682741461191518e-10
38950.056 1.1565776095789613e-10
39000.056 4.3226080392455093e-10
39050.056 4.182285483853166e-11
39100.056 1.0883736630108175e-10
39150.056 3.6210755039702394e-10
39200.056 3.0803239160000436e-10
39250.056 3.026253935737956e-10
39300.056 1.9118258663506713e-10
39350.056 8.682567462450045e-10
39400.056 2.6496650921536447e-10
39450.056 5.929514745991502e-10
39500.056 7.952176741699322e-10
39550.056 1.5004767604116867e-10
39600.056 4.3721654163391984e-10
39650.056 1.3436517719000155e-09
39700.056 1.101748969929977e-09
39750.056 1.7623457353138242e-10
39800.056 8.951886743805228e-11
39850.056 1.0045327608601443e-09
39900.056 1.6793108347099799e-09
39950.056 3.6759120292803955e-10
40000.056 8.962908594700743e-10
40050.056 9.435043167577102e-10
40100.056 1.0733091576901028e-10
40150.056 7.347437156501159e-10
40200.056 1.3110569667599221e-09
40250.056 1.5633655422797639e-09
40300.056 1.4186416836901131e-09
40350.056 3.494228035971296e-10
40400.056 4.932669311938507e-10
40450.056 2.1945272013764587e-10
40500.056 1.3959930035900674e-09
40550.056 1.27723646918981e-09
40600.056 1.8819645569999644e-09
40650.056 7.91624956681126e-10
40700.056 1.635006337049993e-09
40750.056 1.0925018756218734e-09
40800.056 4.0578667491396766e-10
40850.056 2.819379348780269e-09
40900.056 3.019075151399815e-09
40950.056 1.1561817816033311e-09
41000.056 1.0735996640859461e-09
41050.056 3.2174345867701386e-09
41100.056 2.3369694876997394e-09
41150.056 2.690898547795651e-10
41200.056 2.755747571010429e-09
41250.056 2.5771334684885348e-09
41300.056 3.047601425150463e-09
41350.056 5.422109322900057e-09
41400.056 3.92588907639978e-09
41450.056 3.971015891100014e-09
41500.056 1.3752070896837272e-09
41550.056 1.27562834974022e-09
41600.056 1.8184020660008346e-09
41650.056 4.678098022680468e-09
41700.056 7.182397419599776e-09
41750.056 5.011553700700243e-09
41800.056 6.11307314839981e-09
41850.056 2.90909064980972e-09
41900.056 1.9700190811195127e-09
41950.056 1.8073151302098356e-09
42000.056 4.770055431017703e-10
42050.056 9.361868748640985e-10
42100.056 2.1677424955599552e-09
42150.056 2.9881146621999774e-09
42200.056 3.6407455793998863e-09
42250.056 2.2658844097501795e-09
42300.056 1.6599706240598648e-09
42350.056 4.622300055850249e-09
42400.056 7.049740563000291e-09
42450.056 9.27315053050025e-09
42500.056 9.912305388199914e-09
42550.056 8.411610471999769e-09
42600.056 4.747375288700456e-09
42650.056 7.1014256212993765e-09
42700.056 2.472302022609868e-09
42750.056 7.139022264200727e-09
42800.056 1.1879166745000189e-08
42850.056 1.2093509493199665e-08
42900.056 1.1083125621700055e-08
42950.056 8.116951013600259e-09
43000.056 9.287749079899842e-09
43050.056 5.101443844099289e-09
43100.056 6.793827623700404e-09
43150.056 8.24276514860024e-09
43200.056 1.1786219775000252e-08
43250.056 1.3861821417000063e-08
43300.056 1.1796949899699573e-08
43350.056 8.319555018299816e-09
43400.056 9.777079809100022e-09
43450.056 6.6298868016998875e-09
43500.056 4.836440968400118e-09
43550.056 6.2868540048003145e-09
43600.056 1.173542270799997e-08
43650.056 7.212775297399608e-09
43700.056 1.1171101344001263e-08
43750.056 1.3702618397999667e-08
43800.056 1.0860438332299848e-08
43850.056 9.440294603000317e-09
43900.056 6.770837564500094e-09
43950.056 5.633187204799883e-09
44000.056 6.444389701400071e-09
44050.056 1.2269307743900852e-08
44100.056 1.574583748100005e-08
44150.056 1.4012578484999706e-08
44200.056 1.3431035868999945e-08
44250.056 9.28194034509962e-09
44300.056 5.826847692799842e-09
44350.056 5.124977885200104e-09
44400.056 6.276791114600006e-09
44450.056 1.0464043793600723e-08
44500.056 9.825547444699857e-09
44550.056 1.212260605820015e-08
44600.056 9.544550106300024e-09
44650.056 1.1150073944199724e-08
44700.056 8.664764097199469e-09
44750.056 1.045500981100034e-08
44800.056 7.113012358399788e-09
44850.056 9.207268137900389e-09
44900.056 1.0094531588899944e-08
44950.056 1.2283658003000462e-08
45000.056 1.360227977999992e-08
45050.056 1.1687359470999353e-08
45100.056 1.0712324657400537e-08
45150.056 9.744616256599771e-09
45200.056 6.171432655299847e-09
45250.056 7.488792339599843e-09
45300.056 6.93820299239995e-09
45350.056 4.556655534500491e-09
45400.056 1.2682296810500266e-08
45450.056 1.0842605864100643e-08
45500.056 1.366530029100043e-08
45550.056 1.3920768955299218e-08
45600.056 1.2987653674000255e-08
45650.056 1.1745186729599345e-08
45700.056 6.131026975799189e-09
45750.056 5.4468391526006e-09
45800.056 1.1845145216600006e-08
45850.056 9.360672307400497e-09
45900.056 1.4426806865000055e-08
45950.056 1.4833629671999627e-08
46000.056 1.3644136740000066e-08
46050.056 1.11531033793006e-08
46100.056 1.3841824512999537e-08
46150.056 9.620060882399917e-09
46200.056 6.251742586799187e-09
46250.056 2.1191807029400583e-09
46300.056 7.638643013500602e-09
46350.056 9.280362999300082e-09
46400.056 9.857748218400163e-09
46450.056 6.664316102099643e-09
46500.056 9.546599259900113e-09
46550.056 5.562851120199403e-09
46600.056 4.251899282399839e-09
46650.056 7.948290848800307e-09
46700.056 6.013483870899457e-09
46750.056 1.971957454160128e-09
46800.056 1.0787430884198864e-09
46850.056 5.559133631600943e-09
46900.056 9.823164263500191e-09
46950.056 1.0896759389999958e-08
47000.056 1.1393846431000058e-08
47050.056 6.5052191320990494e-09
47100.056 6.2327564069001186e-09
47150.056 7.72378297770046e-09
47200.056 8.12849127569968e-09
47250.056 2.9115243387793074e-09
47300.056 2.1134403564006576e-09
47350.056 7.648396224500467e-09
47400.056 9.612109053099953e-09
47450.056 5.616323874899971e-09
47500.056 9.717523903400707e-09
47550.056 1.017724728859993e-08
47600.056 5.904526039899535e-09
47650.056 7.191716184399651e-09
47700.056 6.093756887800489e-09
47750.056 5.1620904201998995e-09
47800.056 2.6036399544797003e-09
47850.056 7.300374541801478e-10
47900.056 1.580672725450083e-09
47950.056 5.608519122100528e-09
48000.056 6.921343379599478e-09
48050.056 5.377137403100129e-09
48100.056 2.984708618739879e-09
48150.056 5.59321289390019e-09
48200.056 2.64824671420958e-09
48250.056 4.881700562200238e-09
48300.056 5.725895508399829e-09
48350.056 3.023237740799555e-09
48400.056 4.776279968548637e-10
48450.056 8.978939960872224e-10
48500.056 2.1089694737997765e-09
48550.056 2.776080896190664e-09
48600.056 6.900520173000247e-09
48650.056 8.145288268899973e-09
48700.056 7.075495131100109e-09
48750.056 6.6221454567999835e-09
48800.056 6.5963441812998324e-09
48850.056 2.7192091871796426e-09
48900.056 1.9025027811497562e-09
48950.056 8.594171357099649e-10
49000.056 6.596775024451776e-10
49050.056 2.393051022989828e-09
49100.056 3.898910190900574e-09
49150.056 3.922814389399944e-09
49200.056 6.536053436800317e-09
49250.056 6.7943510609999054e-09
49300.056 4.859548659099526e-09
49350.056 1.8653112249902885e-09
49400.056 2.3081271798496076e-09
49450.056 1.578252446140276e-09
49500.056 1.1090856965897817e-09
49550.056 2.042789015699929e-10
49600.056 4.503334326900886e-10
49650.056 2.071516937400259e-09
49700.056 3.421117942700068e-09
49750.056 2.063477177709842e-09
49800.056 1.136963006620059e-09
49850.056 3.6211645824003107e-09
49900.056 4.684200816199997e-09
49950.056 4.154370031199843e-09
50000.056 1.7776985409196388e-09
50050.056 1.6211157534402648e-09
50100.056 1.601312153099885e-09
50150.056 4.903941665299073e-10
50200.056 1.1570771002701972e-10
50250.056 4.3479458807000325e-10
50300.056 3.71750567794071e-10
50350.056 1.800797051560185e-09
50400.056 3.0139196929000898e-09
50450.056 3.313535937499999e-09
50500.056 3.988656529600122e-09
50550.056 4.395903562799905e-09
50600.056 2.530054862579822e-09
50650.056 3.894848217400052e-09
50700.056 3.069622343199819e-09
50750.056 1.5762711679798564e-09
50800.056 3.630030621879028e-10
50850.056 1.8827247852205295e-10
50900.056 1.1542004931001558e-09
50950.056 1.6001798052498658e-09
51000.056 1.026186340920219e-09
51050.056 2.2883501129998323e-09
51100.056 1.0456811476499414e-09
51150.056 5.338456868501187e-10
51200.056 2.22374507880015e-09
51250.056 2.1464724820999107e-09
51300.056 1.3015917754899258e-09
51350.056 6.296311197318649e-10
51400.056 1.9789365071602731e-10
51450.056 1.8047351204596227e-10
51500.056 1.96101538830047e-10
51550.056 7.259724582300947e-10
51600.056 1.2657586741400607e-09
51650.056 1.847729450300041e-09
51700.056 1.297628547559753e-09
51750.056 1.0965749226602036e-09
51800.056 2.010493501500005e-09
51850.056 1.5860511242999137e-09
51900.056 1.0916564851599363e-09
51950.056 4.773324064199143e-10
52000.056 1.1190819139698736e-10
52050.056 2.843446077600096e-10
52100.056 1.75200356555974e-10
52150.056 1.1569619717602541e-10
52200.056 3.768658566500304e-10
52250.056 6.655412755700398e-10
52300.056 6.298115508599506e-10
52350.056 1.8621841630299134e-10
52400.056 2.2423205301000876e-10
52450.056 7.604100473900824e-10
52500.056 5.386334946799768e-10
52550.056 1.1339626710199495e-09
52600.056 1.2313445190001147e-09
52650.056 1.4387138310999407e-09
52700.056 7.473293522999158e-10
52750.056 2.10847029280958e-10
52800.056 4.094229014900554e-10
52850.056 4.721877397899504e-10
52900.056 1.6025457787696092e-10
52950.056 2.5766693300504054e-10
53000.056 6.09038835650015e-10
53050.056 2.980407779799895e-10
53100.056 9.645889618901081e-10
53150.056 1.0160255728199532e-09
53200.056 5.676080489299726e-10
53250.056 8.628268589299774e-10
53300.056 7.656596916000383e-10
53350.056 6.719688663999705e-10
53400.056 4.192852472599641e-10
53450.056 1.799376746299761e-10
53500.056 7.218379141199221e-11
53550.056 1.0822831864400239e-10
