galfind/configs/Brown_Dwarf_templates/sonora_bobcat/m0.0/1000g/co1.5/sp_t2100g1000nc_m+0.0_co1.5_resample.dat
# %ECSV 1.0
# ---
# datatype:
# - {name: wav, unit: Angstrom, datatype: float64}
# - {name: flux_nu, unit: erg / (cm2 Hz s), datatype: float64}
# meta: {C/O: '1.50', Kzz: '1.0000E+05', Teff: '2100.', Y: '0.28', '[Fe/H]': '0.00', f_hole: '1.00', f_rain: '0.00', grav: '1000.'}
# schema: astropy-2.0
wav flux_nu
4000.0559999999996 nan
4050.0559999999996 9.189239714711621e-09
4100.056 1.63233997358531e-08
4150.056 1.2983074074631638e-08
4200.056 9.096178859599516e-09
4250.056 7.476822007322667e-09
4300.056 4.463265577001508e-09
4350.056 4.0766086426806295e-09
4400.056 3.9260383159014385e-09
4450.056 2.1139944738502796e-09
4500.056 2.1537916916403117e-09
4550.056 2.803018350849106e-09
4600.056 2.2933136933895726e-09
4650.056 1.8524331148198253e-09
4700.056 2.4072779809001843e-09
4750.056 2.9468211488092924e-09
4800.056 1.600554310060245e-09
4850.056 2.1419215728202844e-09
4900.056 4.13412019285955e-09
4950.056 5.021822031729657e-09
5000.056 1.8725471824296916e-09
5050.056 2.1321440934001725e-09
5100.056 2.5958956412304003e-09
5150.056 2.094509739514555e-09
5200.056 1.8206857198129724e-09
5250.056 2.595050500550149e-09
5300.056 3.008364501499999e-09
5350.056 3.0433982338001432e-09
5400.056 2.9899184129000275e-09
5450.056 2.2939657210699276e-09
5500.056 1.6915458284999754e-09
5550.056 1.6727476573299583e-09
5600.056 1.3745771774500374e-09
5650.056 1.04960229355999e-09
5700.056 7.240237628499953e-10
5750.056 4.0214343785999053e-10
5800.056 1.9591946030999742e-10
5850.056 7.067504519499857e-11
5900.056 1.0983366503467892e-11
5950.056 1.5406573621800346e-10
6000.056 5.721837206900096e-10
6050.056 1.5725478757200203e-09
6100.056 3.11654973430009e-09
6150.056 5.092215294799945e-09
6200.056 6.419318388299993e-09
6250.056 8.845457102200184e-09
6300.056 1.3147144036900125e-08
6350.056 1.7360174557000638e-08
6400.056 2.182580877500008e-08
6450.056 2.6954756259997723e-08
6500.056 3.0861445628997025e-08
6550.056 3.776307124199757e-08
6600.056 3.969732650700037e-08
6650.056 3.6938929605002796e-08
6700.056 2.3164849983268854e-08
6750.056 3.589542047100169e-08
6800.056 4.2351679672003344e-08
6850.056 5.330378118900199e-08
6900.056 6.671774527200101e-08
6950.056 7.770215181800058e-08
7000.056 9.782790800199785e-08
7050.056 8.608084550100397e-08
7100.056 5.2420302473999167e-08
7150.056 4.848053296600153e-08
7200.056 6.407037000499866e-08
7250.056 8.517260714300774e-08
7300.056 1.1599485382501103e-07
7350.056 1.4728196607199885e-07
7400.056 1.6090686985100315e-07
7450.056 1.5241070542399197e-07
7500.056 1.4044355614199829e-07
7550.056 1.2197830823300065e-07
7600.056 7.021020816699849e-08
7650.056 9.422402672337448e-09
7700.056 3.2086582840934593e-09
7750.056 4.017586330600109e-08
7800.056 8.104444080492587e-08
7850.056 1.3029654468500243e-07
7900.056 1.585102927740104e-07
7950.056 1.6467343698468168e-07
8000.056 2.317222643699859e-07
8050.056 3.3985744172998825e-07
8100.056 4.7191340089003363e-07
8150.056 6.248430852400102e-07
8200.056 4.247721653459648e-07
8250.056 5.953980631799876e-07
8300.056 5.341466691900956e-07
8350.056 5.856002521400925e-07
8400.056 6.082213039200371e-07
8450.056 4.1314475626997656e-07
8500.056 3.708567411483837e-07
8550.056 4.706283075800406e-07
8600.056 5.705521774998758e-07
8650.056 6.909967031399276e-07
8700.056 6.667956625399488e-07
8750.056 7.647506267200742e-07
8800.056 1.0299978161501197e-06
8850.056 9.899828519199693e-07
8900.056 6.957721209000471e-07
8950.056 7.679353038680547e-07
9000.056 1.0001170799500764e-06
9050.056 9.814968246099518e-07
9100.056 1.2761651217599895e-06
9150.056 1.529548211660017e-06
9200.056 1.5320961628502048e-06
9250.056 1.1355763539500807e-06
9300.056 1.0217206380100185e-06
9350.056 1.129893608519989e-06
9400.056 1.2435740279401409e-06
9450.056 1.458708914479808e-06
9500.056 1.7694033121499688e-06
9550.056 1.9421550492300975e-06
9600.056 2.1447512202001686e-06
9650.056 2.4399855112602598e-06
9700.056 2.713233572429895e-06
9750.056 2.1408941435599004e-06
9800.056 2.298787892799943e-06
9850.056 2.2012012460599075e-06
9900.056 1.599891639369865e-06
9950.056 1.1034510671700496e-06
10000.056 1.0875694578599636e-06
10050.056 1.1574050032599368e-06
10100.056 1.4688807204602379e-06
10150.056 1.4394265081499606e-06
10200.056 1.5767108329499892e-06
10250.056 1.582134393649782e-06
10300.056 1.4469646556398937e-06
10350.056 1.7179087060300164e-06
10400.056 1.9916003076199367e-06
10450.056 2.103432472090277e-06
10500.056 2.1495162566697964e-06
10550.056 2.3701374845801824e-06
10600.056 2.614089572360132e-06
10650.056 2.5792838427401493e-06
10700.056 2.6228470259501015e-06
10750.056 2.921492175370222e-06
10800.056 3.1915202367798137e-06
10850.056 3.5091951474597564e-06
10900.056 3.6449387335598755e-06
10950.056 3.7805504254497147e-06
11000.056 3.6221307261300004e-06
11050.056 2.7751702816301233e-06
11100.056 3.0735993881502183e-06
11150.056 3.412042822800006e-06
11200.056 3.4407170317204083e-06
11250.056 4.039983942310137e-06
11300.056 4.011008107840064e-06
11350.056 3.819502511889831e-06
11400.056 2.519910573150015e-06
11450.056 4.177589796099778e-06
11500.056 4.98707622014981e-06
11550.056 4.855966498429999e-06
11600.056 5.142288154419464e-06
11650.056 4.866968125290228e-06
11700.056 3.2612273916000552e-06
11750.056 3.5554605184696313e-06
11800.056 3.6294897238602727e-06
11850.056 5.217309160500305e-06
11900.056 5.820290654599434e-06
11950.056 5.029446657200037e-06
12000.056 4.180928945000024e-06
12050.056 5.1036777495999335e-06
12100.056 4.858303439099663e-06
12150.056 5.689659213399666e-06
12200.056 5.443217003499518e-06
12250.056 5.955680756799837e-06
12300.056 6.063726739000338e-06
12350.056 5.859211359799995e-06
12400.056 4.807739790599844e-06
12450.056 3.879527389759998e-06
12500.056 4.222734122629494e-06
12550.056 4.271583320080219e-06
12600.056 5.329526058099971e-06
12650.056 5.525042209699718e-06
12700.056 6.115381495100152e-06
12750.056 6.010930724399757e-06
12800.056 6.434170992799848e-06
12850.056 6.175480215799976e-06
12900.056 5.7904521312995405e-06
12950.056 5.932301075999948e-06
13000.056 6.315830262599628e-06
13050.056 6.648446606799796e-06
13100.056 6.786220795500049e-06
13150.056 6.965902780199922e-06
13200.056 6.76869370140018e-06
13250.056 6.346863845300005e-06
13300.056 5.910644223719489e-06
13350.056 4.053506013010389e-06
13400.056 3.8029092091842846e-06
13450.056 3.506744325021949e-06
13500.056 3.3512336916847064e-06
13550.056 3.2456961852278723e-06
13600.056 3.2025333897752335e-06
13650.056 3.6840781792678942e-06
13700.056 3.4892909668554553e-06
13750.056 3.7007240526794945e-06
13800.056 4.118417599122251e-06
13850.056 3.941675882093772e-06
13900.056 3.7325826460591547e-06
13950.056 3.5835363742901186e-06
14000.056 3.3777975996500833e-06
14050.056 3.571061181746451e-06
14100.056 3.1510824690312424e-06
14150.056 3.3282421398481432e-06
14200.056 3.062324039350229e-06
14250.056 3.00614206313349e-06
14300.056 3.1317338693376684e-06
14350.056 3.2100768761181543e-06
14400.056 3.2968039835640423e-06
14450.056 3.4260349162001864e-06
14500.056 3.730300339729834e-06
14550.056 3.754145395739821e-06
14600.056 4.070635035860651e-06
14650.056 3.98036733438891e-06
14700.056 3.722146486989843e-06
14750.056 3.943843641480534e-06
14800.056 4.062549372690541e-06
14850.056 4.3451964325994665e-06
14900.056 4.279224164169757e-06
14950.056 4.331678835930512e-06
15000.056 4.468706317600193e-06
15050.056 4.883153924399492e-06
15100.056 4.812468472100181e-06
15150.056 4.793262357200209e-06
15200.056 5.157336064499769e-06
15250.056 5.253016291899987e-06
15300.056 5.41489033279999e-06
15350.056 5.661744874799991e-06
15400.056 5.788266708899993e-06
15450.056 5.981511478800191e-06
15500.056 6.072703240799906e-06
15550.056 6.30111852279967e-06
15600.056 6.155677774300341e-06
15650.056 6.443266550200214e-06
15700.056 6.784571313000717e-06
15750.056 7.014179102099614e-06
15800.056 6.8200274213003886e-06
15850.056 5.500459723000307e-06
15900.056 5.75667049640003e-06
15950.056 5.668280212699814e-06
16000.056 5.7131757056999855e-06
16050.056 5.847155360700291e-06
16100.056 6.102352079900147e-06
16150.056 5.613960534599991e-06
16200.056 5.8998678124000195e-06
16250.056 5.593637707800008e-06
16300.056 5.711213868500075e-06
16350.056 6.088637776499808e-06
16400.056 5.816320817800212e-06
16450.056 6.059208862900342e-06
16500.056 6.244737511099949e-06
16550.056 6.618819977499913e-06
16600.056 6.119949477200071e-06
16650.056 6.5864373331000794e-06
16700.056 6.237890828599644e-06
16750.056 6.201562643099762e-06
16800.056 6.419756965699917e-06
16850.056 6.608066447899657e-06
16900.056 6.344332565400343e-06
16950.056 6.391974085199566e-06
17000.056 6.5465925702003005e-06
17050.056 6.511198515200296e-06
17100.056 6.3992373301006124e-06
17150.056 6.46613044880047e-06
17200.056 6.025382624899825e-06
17250.056 5.656566032400065e-06
17300.056 5.7150227022995455e-06
17350.056 5.70521729010054e-06
17400.056 5.495297059239715e-06
17450.056 5.38011697589857e-06
17500.056 5.150814695150014e-06
17550.056 5.002007702890759e-06
17600.056 4.886960133270053e-06
17650.056 4.923888567570191e-06
17700.056 4.266244753849457e-06
17750.056 4.255015835739778e-06
17800.056 4.1415531713008745e-06
17850.056 3.832435035869983e-06
17900.056 3.963048533730138e-06
17950.056 3.854579814159833e-06
18000.056 3.5971520683802253e-06
18050.056 3.626240241000367e-06
18100.056 3.5569691279996415e-06
18150.056 3.856800932645809e-06
18200.056 3.2946014614401817e-06
18250.056 3.878745479987606e-06
18300.056 3.67393077840995e-06
18350.056 3.613601060550177e-06
18400.056 3.51683331656819e-06
18450.056 3.2329219957910083e-06
18500.056 3.3663572939002246e-06
18550.056 3.1125478514199673e-06
18600.056 2.7242982581194013e-06
18650.056 3.098324337636538e-06
18700.056 3.3448206012484185e-06
18750.056 3.2198103719707045e-06
18800.056 3.4237839958707336e-06
18850.056 3.815822215929795e-06
18900.056 3.6506684452389614e-06
18950.056 3.8673498553298e-06
19000.056 3.998465583299473e-06
19050.056 3.848979954909907e-06
19100.056 4.070854918240422e-06
19150.056 4.096438750759986e-06
19200.056 4.086656406290641e-06
19250.056 3.906169489989741e-06
19300.056 4.10332128552943e-06
19350.056 4.046468974809672e-06
19400.056 3.4664472718796264e-06
19450.056 4.032881181220079e-06
19500.056 4.045451803539915e-06
19550.056 3.4734567344404963e-06
19600.056 3.835282859659705e-06
19650.056 3.879715662298676e-06
19700.056 3.854797014310162e-06
19750.056 3.561479998240222e-06
19800.056 3.7956137009096366e-06
19850.056 3.911828088550031e-06
19900.056 3.4720819102205386e-06
19950.056 3.983599293819759e-06
20000.056 3.5953065389504048e-06
20050.056 3.945400437420453e-06
20100.056 3.827941735418573e-06
20150.056 3.965152677280503e-06
20200.056 4.0605859545796825e-06
20250.056 4.1538468673797255e-06
20300.056 4.1834863830903e-06
20350.056 4.345027624829624e-06
20400.056 4.363210513618818e-06
20450.056 4.456077055849344e-06
20500.056 4.574636441429753e-06
20550.056 4.629680845699991e-06
20600.056 4.862702938540078e-06
20650.056 4.75692717760007e-06
20700.056 4.9718079890002825e-06
20750.056 4.985178063299744e-06
20800.056 5.175295050199841e-06
20850.056 5.09129201599997e-06
20900.056 5.350040805199917e-06
20950.056 5.3705214091998444e-06
21000.056 5.4867745743999436e-06
21050.056 5.581105136900037e-06
21100.056 5.570753570299954e-06
21150.056 5.7517938735999965e-06
21200.056 5.769614523800156e-06
21250.056 5.929019784199762e-06
21300.056 5.789484221600133e-06
21350.056 6.042120129200086e-06
21400.056 5.901177009200115e-06
21450.056 6.243663504600006e-06
21500.056 6.022499466600113e-06
21550.056 6.1319041569998495e-06
21600.056 6.21072185460018e-06
21650.056 6.173346628900037e-06
21700.056 6.3056116660999685e-06
21750.056 6.189464986300036e-06
21800.056 6.203154338899788e-06
21850.056 6.191379495499848e-06
21900.056 6.276873164400248e-06
21950.056 6.163436877000037e-06
22000.056 6.221884366999879e-06
22050.056 5.974075483299742e-06
22100.056 6.0849195922999885e-06
22150.056 6.177394371400165e-06
22200.056 6.0387320322003695e-06
22250.056 6.242002940400241e-06
22300.056 6.168636011999998e-06
22350.056 6.021944692000117e-06
22400.056 6.13638913469999e-06
22450.056 6.04088638869982e-06
22500.056 6.0688773132999935e-06
22550.056 6.0283718759997e-06
22600.056 6.039980357099968e-06
22650.056 5.914117623100406e-06
22700.056 5.880561522000425e-06
22750.056 6.021980221299892e-06
22800.056 5.821149219100012e-06
22850.056 5.888598695000153e-06
22900.056 5.892072328199877e-06
22950.056 3.844860175580229e-06
23000.056 4.256574523550146e-06
23050.056 4.518150412869663e-06
23100.056 4.399611431539635e-06
23150.056 4.6907033807602974e-06
23200.056 4.538065146360182e-06
23250.056 3.5505832327495955e-06
23300.056 3.968922487940051e-06
23350.056 4.160249934319969e-06
23400.056 4.220402995070121e-06
23450.056 4.273286737140257e-06
23500.056 4.425881971299602e-06
23550.056 3.745961298380604e-06
23600.056 3.845543462920212e-06
23650.056 4.0725009421197e-06
23700.056 4.046168738389517e-06
23750.056 4.117945174430651e-06
23800.056 4.1175324991001305e-06
23850.056 3.5595960342102755e-06
23900.056 3.838514190750074e-06
23950.056 4.067399780900585e-06
24000.056 3.856720776489447e-06
24050.056 3.864123573330399e-06
24100.056 3.654696767369634e-06
24150.056 3.5466207976704063e-06
24200.056 3.5813641711491357e-06
24250.056 3.4902170183202167e-06
24300.056 3.512579088900229e-06
24350.056 3.215491445700162e-06
24400.056 3.4617146598799344e-06
24450.056 3.2174709511997802e-06
24500.056 3.0242783169401944e-06
24550.056 2.9521425340402336e-06
24600.056 3.0330049136802208e-06
24650.056 3.232867808030186e-06
24700.056 2.7441183882599827e-06
24750.056 2.6651433927903232e-06
24800.056 2.6540984900400443e-06
24850.056 3.0202582098802566e-06
24900.056 2.311699234100695e-06
24950.056 2.891506125909817e-06
25000.056 2.646089521070344e-06
25050.056 2.1051327031903945e-06
25100.056 2.5922068957397885e-06
25150.056 2.2807021039698347e-06
25200.056 2.4158365783300897e-06
25250.056 2.240519219429647e-06
25300.056 2.455587505490177e-06
25350.056 2.067641823580014e-06
25400.056 2.3418726774206174e-06
25450.056 2.0854626487699455e-06
25500.056 2.2385321340005054e-06
25550.056 2.1333504710200457e-06
25600.056 2.1997019786798715e-06
25650.056 1.9684102287799178e-06
25700.056 2.5443551212693407e-06
25750.056 1.8537590034302423e-06
25800.056 2.408110411220377e-06
25850.056 2.1755974008797634e-06
25900.056 2.3839006238704458e-06
25950.056 2.0819469944302092e-06
26000.056 2.4384102857006082e-06
26050.056 2.483684574450058e-06
26100.056 2.5729588036201585e-06
26150.056 2.5387609340595618e-06
26200.056 2.423078361570075e-06
26250.056 2.5695147943100405e-06
26300.056 2.5072368529800795e-06
26350.056 2.6601600181899437e-06
26400.056 2.690000224399728e-06
26450.056 2.640859748040003e-06
26500.056 2.7910686444594447e-06
26550.056 2.6864674248196933e-06
26600.056 3.1323242983896567e-06
26650.056 2.467509276349728e-06
26700.056 2.534199294860055e-06
26750.056 2.1480822508992043e-06
26800.056 2.4527772369196737e-06
26850.056 1.9240769361602067e-06
26900.056 2.5466373748098564e-06
26950.056 1.7654168014198576e-06
27000.056 2.3881758303102195e-06
27050.056 2.027340507079785e-06
27100.056 2.049890558669535e-06
27150.056 2.167819639340072e-06
27200.056 2.1626603273802257e-06
27250.056 1.975801407380509e-06
27300.056 2.3831742329502266e-06
27350.056 2.2100853704494496e-06
27400.056 1.8546310592798401e-06
27450.056 2.531098730779453e-06
27500.056 2.2974481703600503e-06
27550.056 2.098471703419801e-06
27600.056 2.539906145749834e-06
27650.056 2.0035516977899562e-06
27700.056 1.9074255156800693e-06
27750.056 2.5673049194193365e-06
27800.056 1.930724891089928e-06
27850.056 2.0504310292296168e-06
27900.056 2.13211461372991e-06
27950.056 2.5096184610798723e-06
28000.056 2.273550685220397e-06
28050.056 1.7506607242704443e-06
28100.056 2.5885242737805825e-06
28150.056 2.0648162250800366e-06
28200.056 1.7694297858499968e-06
28250.056 2.3015071222499367e-06
28300.056 2.605172693580382e-06
28350.056 1.9167320380195645e-06
28400.056 2.205387865980107e-06
28450.056 2.3097031389697738e-06
28500.056 2.271810115399655e-06
28550.056 1.5992569947996111e-06
28600.056 2.6281185792601294e-06
28650.056 2.332673918389965e-06
28700.056 2.066789449269822e-06
28750.056 2.367640200659962e-06
28800.056 2.3112374917703626e-06
28850.056 2.3753905911401827e-06
