galfind/configs/Brown_Dwarf_templates/sonora_bobcat/m+0.5/3160g/sp_t2300g3160nc_m+0.5_resample.dat
# %ECSV 1.0
# ---
# datatype:
# - {name: wav, unit: Angstrom, datatype: float64}
# - {name: flux_nu, unit: erg / (cm2 Hz s), datatype: float64}
# meta: {C/O: '1.00', Kzz: '1.0000E+05', Teff: '2300.', Y: '0.28', '[Fe/H]': '0.50', f_hole: '1.00', f_rain: '0.00', grav: '3160.'}
# schema: astropy-2.0
wav flux_nu
4000.0559999999996 nan
4050.0559999999996 2.3999277252472322e-08
4100.056 3.0240114280889587e-08
4150.056 2.640613580185213e-08
4200.056 2.0073987450386418e-08
4250.056 1.7609144412301852e-08
4300.056 1.1981323879665085e-08
4350.056 1.2014128643520735e-08
4400.056 1.2557187275504459e-08
4450.056 7.2600312752708775e-09
4500.056 7.033669906191053e-09
4550.056 8.93797021073759e-09
4600.056 7.124825586089007e-09
4650.056 5.58575255643909e-09
4700.056 7.02973661680083e-09
4750.056 8.531283301667821e-09
4800.056 4.729287574921243e-09
4850.056 6.433814532301701e-09
4900.056 1.2294397767898725e-08
4950.056 1.4840797199400066e-08
5000.056 6.123927169298967e-09
5050.056 8.845432844101137e-09
5100.056 1.3449277362372787e-08
5150.056 1.2491969453033069e-08
5200.056 8.650702215279965e-09
5250.056 1.3599796741899983e-08
5300.056 1.716616934099977e-08
5350.056 1.7925952079401407e-08
5400.056 1.9580363629400246e-08
5450.056 1.5133760630398664e-08
5500.056 1.136917212569948e-08
5550.056 1.3933516137300054e-08
5600.056 1.1935650250300836e-08
5650.056 1.02330398450001e-08
5700.056 1.0015900657900201e-08
5750.056 7.615783272899655e-09
5800.056 4.9423449035999095e-09
5850.056 1.7196195650299645e-09
5900.056 1.757607475181726e-10
5950.056 3.4367471766300327e-09
6000.056 9.707005294899932e-09
6050.056 1.882980430200072e-08
6100.056 2.8348751132000375e-08
6150.056 3.336791138099734e-08
6200.056 2.634850013500022e-08
6250.056 3.061517018700127e-08
6300.056 4.233534959100101e-08
6350.056 5.3317630670002495e-08
6400.056 6.438100297100124e-08
6450.056 7.989355479698643e-08
6500.056 8.616409478798543e-08
6550.056 1.0480889826898656e-07
6600.056 9.760946921500377e-08
6650.056 8.214636097700726e-08
6700.056 5.811868134842074e-08
6750.056 7.452726790900387e-08
6800.056 8.266071874500403e-08
6850.056 9.617794826599855e-08
6900.056 1.0956905771800271e-07
6950.056 1.4319703412100072e-07
7000.056 2.3470780844498416e-07
7050.056 2.305263483030163e-07
7100.056 1.1517460942199606e-07
7150.056 9.980192649900478e-08
7200.056 1.3284611496699596e-07
7250.056 1.898928996720234e-07
7300.056 2.9648679715004384e-07
7350.056 4.245723236100026e-07
7400.056 5.10540338710051e-07
7450.056 5.188326020999899e-07
7500.056 5.336005992500115e-07
7550.056 5.402739672000109e-07
7600.056 3.4079612973998124e-07
7650.056 6.779544550256158e-08
7700.056 2.895747780103708e-08
7750.056 1.99231274876011e-07
7800.056 3.0005001661604674e-07
7850.056 3.9184999420000077e-07
7900.056 4.6806174699004277e-07
7950.056 4.926730709502019e-07
8000.056 6.395628937399409e-07
8050.056 9.097101216699667e-07
8100.056 1.2259418680601339e-06
8150.056 1.5595839967100042e-06
8200.056 9.935694700018958e-07
8250.056 1.4232776237199342e-06
8300.056 1.221868885230275e-06
8350.056 1.310560368830281e-06
8400.056 1.3285682751601257e-06
8450.056 8.257000799099186e-07
8500.056 7.308713896456646e-07
8550.056 9.422404516000799e-07
8600.056 1.1616310618596708e-06
8650.056 1.4373596017898475e-06
8700.056 1.4659234367600184e-06
8750.056 1.6978328155001785e-06
8800.056 2.180880694980291e-06
8850.056 2.0618913210900153e-06
8900.056 1.4444446442601222e-06
8950.056 1.5935719658884687e-06
9000.056 2.0007916349701783e-06
9050.056 2.0322248208097707e-06
9100.056 2.5687989243100346e-06
9150.056 3.004997831550059e-06
9200.056 2.9783559047905073e-06
9250.056 2.259218699070071e-06
9300.056 1.9774992540701095e-06
9350.056 2.1640688660898936e-06
9400.056 2.3514637940903848e-06
9450.056 2.6646591748194896e-06
9500.056 3.1269664282999145e-06
9550.056 3.3966978007002134e-06
9600.056 3.6605549731004176e-06
9650.056 4.078379518800639e-06
9700.056 4.414154913699766e-06
9750.056 3.620166785579924e-06
9800.056 3.853808785799816e-06
9850.056 3.735319640699833e-06
9900.056 2.930653694129806e-06
9950.056 2.4214207567001288e-06
10000.056 2.452094692689899e-06
10050.056 2.4587310475898673e-06
10100.056 3.020972972020694e-06
10150.056 2.9715998964999473e-06
10200.056 3.224724170889867e-06
10250.056 3.1571435039193037e-06
10300.056 2.9878586149596462e-06
10350.056 3.4467494709999263e-06
10400.056 3.810614438309924e-06
10450.056 4.016341340990592e-06
10500.056 4.1311113372893796e-06
10550.056 4.385345025160296e-06
10600.056 4.7466113338902925e-06
10650.056 4.704410958029978e-06
10700.056 4.814129707370209e-06
10750.056 5.193315957220402e-06
10800.056 5.5654073005095665e-06
10850.056 5.918683386929685e-06
10900.056 6.049222520999735e-06
10950.056 6.084035659799163e-06
11000.056 5.7754129295000895e-06
11050.056 4.552097085600011e-06
11100.056 4.94779514634057e-06
11150.056 5.323383960539853e-06
11200.056 5.367442611980532e-06
11250.056 6.05204231445013e-06
11300.056 6.018419510900038e-06
11350.056 5.652050929259788e-06
11400.056 3.873537160969958e-06
11450.056 6.080223066099417e-06
11500.056 6.9876231768496105e-06
11550.056 6.845087397119975e-06
11600.056 7.12555219551909e-06
11650.056 6.999718238340482e-06
11700.056 5.0808675462400175e-06
11750.056 5.441212163419488e-06
11800.056 5.5065774897804e-06
11850.056 7.307219493400321e-06
11900.056 7.806348093398997e-06
11950.056 7.274116537199943e-06
12000.056 6.5729080124002e-06
12050.056 7.453596403000008e-06
12100.056 7.2762755690995695e-06
12150.056 8.087773823799601e-06
12200.056 7.95798647169944e-06
12250.056 8.47661896389962e-06
12300.056 8.592866800400615e-06
12350.056 8.487011207400242e-06
12400.056 7.370326506299647e-06
12450.056 6.042363449280064e-06
12500.056 6.562585996499053e-06
12550.056 6.5807470260102394e-06
12600.056 7.81015213060001e-06
12650.056 8.060307916899542e-06
12700.056 8.52286822459995e-06
12750.056 8.535624372899837e-06
12800.056 9.060082442899458e-06
12850.056 8.793322143800154e-06
12900.056 8.461386931599253e-06
12950.056 8.652632155699702e-06
13000.056 9.039263355899347e-06
13050.056 9.31353494819963e-06
13100.056 9.374371953399782e-06
13150.056 9.5305797776998e-06
13200.056 9.27569750760008e-06
13250.056 8.741656073930078e-06
13300.056 8.012278508179098e-06
13350.056 5.523468360950645e-06
13400.056 5.287700554916241e-06
13450.056 4.850316042456926e-06
13500.056 4.731902084525521e-06
13550.056 4.5621545257615345e-06
13600.056 4.406401728002178e-06
13650.056 4.859341351859852e-06
13700.056 4.583639545678611e-06
13750.056 4.771627340279188e-06
13800.056 5.2639721505396e-06
13850.056 5.125875695301599e-06
13900.056 4.879220679331221e-06
13950.056 4.68425890140205e-06
14000.056 4.421376314420156e-06
14050.056 4.58901567548886e-06
14100.056 4.117790998489402e-06
14150.056 4.2455360690182296e-06
14200.056 3.958816035180376e-06
14250.056 3.907240915325264e-06
14300.056 4.005195075624469e-06
14350.056 4.080742362327282e-06
14400.056 4.204077939166175e-06
14450.056 4.360512347320282e-06
14500.056 4.677116149489713e-06
14550.056 4.7003573689097755e-06
14600.056 4.966102554000983e-06
14650.056 4.877445827988476e-06
14700.056 4.562715721239681e-06
14750.056 4.7967423979707105e-06
14800.056 4.897803500790825e-06
14850.056 5.218718131749217e-06
14900.056 5.167439677189652e-06
14950.056 5.212617163710786e-06
15000.056 5.350552804800439e-06
15050.056 5.8042529581992275e-06
15100.056 5.736444557100405e-06
15150.056 5.731566162600313e-06
15200.056 6.125183563799677e-06
15250.056 6.168082616999899e-06
15300.056 6.379827107399962e-06
15350.056 6.610321393000081e-06
15400.056 6.736352206100007e-06
15450.056 6.957501777700287e-06
15500.056 7.068637891699598e-06
15550.056 7.33903694359961e-06
15600.056 7.347100706800657e-06
15650.056 7.579547072100033e-06
15700.056 7.941576737401406e-06
15750.056 8.172849431199391e-06
15800.056 8.24256726210067e-06
15850.056 7.450964230400577e-06
15900.056 7.6905283110003e-06
15950.056 7.715464673499907e-06
16000.056 7.850657114999818e-06
16050.056 8.051528774700629e-06
16100.056 8.266325684400142e-06
16150.056 7.956470815500184e-06
16200.056 8.273296982399903e-06
16250.056 8.075870175499987e-06
16300.056 8.194894944200076e-06
16350.056 8.628564486499688e-06
16400.056 8.414093220700539e-06
16450.056 8.696606190900512e-06
16500.056 8.899631247700105e-06
16550.056 9.323639355099662e-06
16600.056 8.855429747000271e-06
16650.056 9.474606716000405e-06
16700.056 9.106909284499174e-06
16750.056 9.153346839699594e-06
16800.056 9.39216242609991e-06
16850.056 9.550890105099438e-06
16900.056 9.254849301000438e-06
16950.056 9.243323223499248e-06
17000.056 9.312571693900663e-06
17050.056 9.204164567700521e-06
17100.056 8.904239010000654e-06
17150.056 8.834748386100487e-06
17200.056 8.258262973199589e-06
17250.056 7.838969961299993e-06
17300.056 7.957303452899187e-06
17350.056 7.745823755400724e-06
17400.056 7.651768343499728e-06
17450.056 7.2941386560875584e-06
17500.056 7.059245938509579e-06
17550.056 6.848545129541015e-06
17600.056 6.636415464450081e-06
17650.056 6.7395046394297235e-06
17700.056 5.895864675289131e-06
17750.056 5.8290606126497154e-06
17800.056 5.702607410881249e-06
17850.056 5.337869127560351e-06
17900.056 5.4426544821801405e-06
17950.056 5.3125753682596505e-06
18000.056 4.947101313760359e-06
18050.056 4.9892802868410365e-06
18100.056 4.843203767079553e-06
18150.056 5.2559680358313725e-06
18200.056 4.517299063700284e-06
18250.056 5.2296830125292294e-06
18300.056 4.987712525839861e-06
18350.056 4.859737230900153e-06
18400.056 4.729866095310159e-06
18450.056 4.314760888461766e-06
18500.056 4.4899375077205055e-06
18550.056 4.207612779920035e-06
18600.056 3.6348661083588197e-06
18650.056 4.1641078205008096e-06
18700.056 4.499652678010717e-06
18750.056 4.30333859883125e-06
18800.056 4.447895622371304e-06
18850.056 5.0148645102896415e-06
18900.056 4.8064467406483715e-06
18950.056 4.955351854219637e-06
19000.056 5.201975865139189e-06
19050.056 5.044473220310033e-06
19100.056 5.214644158000996e-06
19150.056 5.3408761652999325e-06
19200.056 5.29234219848117e-06
19250.056 5.092825218739312e-06
19300.056 5.352363111729129e-06
19350.056 5.359578345509664e-06
19400.056 4.729065294459251e-06
19450.056 5.343522858190351e-06
19500.056 5.377255703119677e-06
19550.056 4.682486289790823e-06
19600.056 5.218063493429465e-06
19650.056 5.164441946177633e-06
19700.056 5.172017565540237e-06
19750.056 4.793214194310319e-06
19800.056 5.0607595021694106e-06
19850.056 5.113183407160502e-06
19900.056 4.622998289211006e-06
19950.056 5.247015192189665e-06
20000.056 4.687447223460594e-06
20050.056 5.0678792661809425e-06
20100.056 5.010528174237737e-06
20150.056 5.072725332820862e-06
20200.056 5.17696601881921e-06
20250.056 5.315994215259712e-06
20300.056 5.37176091657046e-06
20350.056 5.48721371604939e-06
20400.056 5.4922696772779275e-06
20450.056 5.654890201599256e-06
20500.056 5.739018608909872e-06
20550.056 5.844323428999872e-06
20600.056 6.109902778700282e-06
20650.056 5.964759960200389e-06
20700.056 6.233727599000451e-06
20750.056 6.257969504599418e-06
20800.056 6.497626889599869e-06
20850.056 6.413888186000019e-06
20900.056 6.753120403399914e-06
20950.056 6.78835392129965e-06
21000.056 6.998000026399757e-06
21050.056 7.115704785900135e-06
21100.056 7.1163353929999525e-06
21150.056 7.39956507830018e-06
21200.056 7.439435117700338e-06
21250.056 7.714840918999469e-06
21300.056 7.525209993200156e-06
21350.056 7.950675346200297e-06
21400.056 7.738741576600231e-06
21450.056 8.399636776800042e-06
21500.056 8.005558859700256e-06
21550.056 8.238843549799653e-06
21600.056 8.441799801700454e-06
21650.056 8.424842973400176e-06
21700.056 8.711283991299839e-06
21750.056 8.549484367200053e-06
21800.056 8.621167947599627e-06
21850.056 8.67694517049974e-06
21900.056 8.896969251500577e-06
21950.056 8.773806586400127e-06
22000.056 9.038625506999689e-06
22050.056 8.511778524699423e-06
22100.056 8.797771081799855e-06
22150.056 9.092584187800457e-06
22200.056 8.894333325700883e-06
22250.056 9.37658069700044e-06
22300.056 9.255766330199922e-06
22350.056 9.004091592000254e-06
22400.056 9.389556307300115e-06
22450.056 9.259524548199377e-06
22500.056 9.364097663899863e-06
22550.056 9.324894726099229e-06
22600.056 9.31055882169978e-06
22650.056 9.219017944300992e-06
22700.056 9.220258592101023e-06
22750.056 9.520325584799674e-06
22800.056 9.17180519670012e-06
22850.056 9.368174927300412e-06
22900.056 9.492484856599702e-06
22950.056 6.827578752880653e-06
23000.056 7.622408317580322e-06
23050.056 7.948365344979202e-06
23100.056 7.654886756999659e-06
23150.056 7.946727799260479e-06
23200.056 7.860266879660242e-06
23250.056 6.370025695958941e-06
23300.056 6.950618387000061e-06
23350.056 7.1812592721300905e-06
23400.056 7.044034395740134e-06
23450.056 7.212918967870322e-06
23500.056 7.206252786359033e-06
23550.056 6.1905321038513905e-06
23600.056 6.331038748370999e-06
23650.056 6.8453342619792455e-06
23700.056 6.726424056328787e-06
23750.056 6.788402143090881e-06
23800.056 6.699911259270495e-06
23850.056 5.689966880120541e-06
23900.056 6.157843488299984e-06
23950.056 6.379143618401103e-06
24000.056 5.93066923334886e-06
24050.056 5.876407697080752e-06
24100.056 5.403510274488932e-06
24150.056 5.279452589950608e-06
24200.056 5.287495526638735e-06
24250.056 5.154367309440158e-06
24300.056 5.016587839910376e-06
24350.056 4.631174387400266e-06
24400.056 5.02571137966995e-06
24450.056 4.5730503289898915e-06
24500.056 4.27053486454035e-06
24550.056 4.150484255710255e-06
24600.056 4.209303791350517e-06
24650.056 4.545159422840102e-06
24700.056 3.837530121610061e-06
24750.056 3.6524094729805503e-06
24800.056 3.608053776850188e-06
24850.056 4.1497585196901544e-06
24900.056 3.2064332767114076e-06
24950.056 3.980916674789669e-06
25000.056 3.5747800483403913e-06
25050.056 2.8922400056607325e-06
25100.056 3.4972795488498158e-06
25150.056 3.0862816930697557e-06
25200.056 3.264896207349864e-06
25250.056 3.0792053697992764e-06
25300.056 3.309620325480282e-06
25350.056 2.809779972609949e-06
25400.056 3.0976663553410807e-06
25450.056 2.8349504602699886e-06
25500.056 3.0281708648808447e-06
25550.056 2.879994090500119e-06
25600.056 2.9487127577799715e-06
25650.056 2.6651289287198586e-06
25700.056 3.3622561689489884e-06
25750.056 2.4966733121403876e-06
25800.056 3.140948729100424e-06
25850.056 2.9258582693897384e-06
25900.056 3.1364970620206855e-06
25950.056 2.8026953019302934e-06
26000.056 3.1433357521208434e-06
26050.056 3.307545162239986e-06
26100.056 3.300926210010381e-06
26150.056 3.2985723999792594e-06
26200.056 3.1268668896601653e-06
26250.056 3.2626614646303036e-06
26300.056 3.252507126329917e-06
26350.056 3.3171148158698864e-06
26400.056 3.370253587539633e-06
26450.056 3.302891727270226e-06
26500.056 3.4847831680591585e-06
26550.056 3.4832119312894906e-06
26600.056 3.999892079939405e-06
26650.056 3.2035112816994917e-06
26700.056 3.2974997682799908e-06
26750.056 2.9120037958687963e-06
26800.056 3.254034419889334e-06
26850.056 2.642565689480363e-06
26900.056 3.3819114687799084e-06
26950.056 2.369337792679954e-06
27000.056 3.160028509480424e-06
27050.056 2.676361280379673e-06
27100.056 2.7038899051494176e-06
27150.056 2.8389800706800186e-06
27200.056 2.834477313440425e-06
27250.056 2.562610412780942e-06
27300.056 2.9828110831803224e-06
27350.056 2.823787498309133e-06
27400.056 2.4279903847499377e-06
27450.056 3.153076363299111e-06
27500.056 2.8713483299901652e-06
27550.056 2.731420720969806e-06
27600.056 3.151676491289731e-06
27650.056 2.551682837939824e-06
27700.056 2.4691714636601245e-06
27750.056 3.2127742818788002e-06
27800.056 2.4359799951499676e-06
27850.056 2.6207226188992964e-06
27900.056 2.6683384272599583e-06
27950.056 3.095077616489788e-06
28000.056 2.8711803671606806e-06
28050.056 2.260120241780573e-06
28100.056 3.182386355201071e-06
28150.056 2.5801837428200566e-06
28200.056 2.243039728030066e-06
28250.056 2.8007568255499877e-06
28300.056 3.1747714403005885e-06
28350.056 2.480989685429227e-06
28400.056 2.707931625130095e-06
28450.056 2.763764671079636e-06
28500.056 2.7837616557695005e-06
28550.056 2.0616854256293887e-06
28600.056 3.1816124546702028e-06
28650.056 2.8876074431798447e-06
28700.056 2.5546763441996753e-06
28750.056 2.882654626529863e-06
28800.056 2.8196435498204776e-06
28850.056 2.8883312342602644e-06
28900.056 2.3026561856100744e-06
28950.056 3.212905278809754e-06
