galfind/configs/Brown_Dwarf_templates/sonora_bobcat/m+0.5/3160g/sp_t850g3160nc_m+0.5_resample.dat
# %ECSV 1.0
# ---
# datatype:
# - {name: wav, unit: Angstrom, datatype: float64}
# - {name: flux_nu, unit: erg / (cm2 Hz s), datatype: float64}
# meta: {C/O: '1.00', Kzz: '1.0000E+05', Teff: '850.', Y: '0.28', '[Fe/H]': '0.50', f_hole: '1.00', f_rain: '0.00', grav: '3160.'}
# schema: astropy-2.0
wav flux_nu
4000.0559999999996 nan
4050.0559999999996 2.1592313906182804e-14
4100.056 2.7372414096700586e-12
4150.056 2.1497096587900223e-11
4200.056 1.9444088112920753e-11
4250.056 9.795692098900066e-11
4300.056 1.6547585245100187e-10
4350.056 2.1803600039000043e-10
4400.056 2.816720845000009e-10
4450.056 3.6526550177000323e-10
4500.056 4.0280731395000227e-10
4550.056 3.894924226529971e-10
4600.056 1.209516983919995e-10
4650.056 6.700760713599991e-11
4700.056 3.06270339039997e-11
4750.056 8.301055227299884e-12
4800.056 1.9003807255399757e-12
4850.056 5.337093035999947e-13
4900.056 2.656250165599986e-13
4950.056 1.6415747067999918e-13
5000.056 9.700168690399945e-14
5050.056 6.539756677399994e-14
5100.056 6.409724292100001e-14
5150.056 6.556168486500004e-14
5200.056 6.7170354322e-14
5250.056 6.817018274900001e-14
5300.056 6.909194439400001e-14
5350.056 7.046063028100001e-14
5400.056 7.215975338000002e-14
5450.056 7.375223281200004e-14
5500.056 7.507082606900005e-14
5550.056 7.596961313000001e-14
5600.056 7.610659535399995e-14
5650.056 7.494366844099992e-14
5700.056 7.198549298299996e-14
5750.056 6.61030578349999e-14
5800.056 5.6451206455999846e-14
5850.056 3.96029420309996e-14
5900.056 1.3756232711906204e-14
5950.056 7.51548249220014e-14
6000.056 1.5514542529400042e-13
6050.056 2.7807125118000294e-13
6100.056 4.585887703000033e-13
6150.056 7.189537913300045e-13
6200.056 1.0893996013400057e-12
6250.056 1.6051067757000088e-12
6300.056 2.3158841032000116e-12
6350.056 3.2845837235000173e-12
6400.056 4.592079661900024e-12
6450.056 6.340367752400015e-12
6500.056 8.620587844900031e-12
6550.056 1.1576211340200054e-11
6600.056 1.5387261695000104e-11
6650.056 2.0234722983000085e-11
6700.056 2.4879486863100268e-11
6750.056 3.30888628840001e-11
6800.056 3.990274381500009e-11
6850.056 4.3373874814000014e-11
6900.056 4.152240510800004e-11
6950.056 3.8129917304999934e-11
7000.056 3.797815249200012e-11
7050.056 4.095664453599985e-11
7100.056 4.4530463475000004e-11
7150.056 4.625254380099968e-11
7200.056 4.63932705110006e-11
7250.056 4.543737205299883e-11
7300.056 4.26081465070006e-11
7350.056 3.9795411032999764e-11
7400.056 3.673329375600028e-11
7450.056 3.329423010800021e-11
7500.056 2.9473213254999914e-11
7550.056 2.5276589222999894e-11
7600.056 2.116502972499989e-11
7650.056 8.010408389419762e-12
7700.056 6.8471212245001865e-12
7750.056 2.0617676541000288e-11
7800.056 3.2807770599600226e-11
7850.056 5.620815665700045e-11
7900.056 8.202301893400033e-11
7950.056 9.804745328400092e-11
8000.056 1.6066843594000128e-10
8050.056 2.1540386727000177e-10
8100.056 2.7519065264999883e-10
8150.056 3.4278162847900035e-10
8200.056 4.500383578600103e-10
8250.056 5.493867894680028e-10
8300.056 6.813941016200314e-10
8350.056 8.271857823899937e-10
8400.056 1.0027598316199917e-09
8450.056 1.2269032826999983e-09
8500.056 1.3619803348199619e-09
8550.056 1.7226709132800411e-09
8600.056 2.1118691937000153e-09
8650.056 2.4964887029000195e-09
8700.056 2.911383930500022e-09
8750.056 3.3987735776000203e-09
8800.056 3.913259633500029e-09
8850.056 4.342315482000004e-09
8900.056 4.12731352209991e-09
8950.056 3.961031405919951e-09
9000.056 4.871210543099796e-09
9050.056 6.774118658390078e-09
9100.056 7.655831777460177e-09
9150.056 8.392029441900253e-09
9200.056 9.786166113459677e-09
9250.056 9.951791519389483e-09
9300.056 4.592072912724706e-09
9350.056 6.1379617590953905e-09
9400.056 1.0023214214809035e-08
9450.056 1.0239287770200468e-08
9500.056 1.0052100014771505e-08
9550.056 1.1052772834114384e-08
9600.056 1.1692290987783035e-08
9650.056 1.401047801040802e-08
9700.056 1.846487905241172e-08
9750.056 2.0042554808149777e-08
9800.056 2.2992598027068904e-08
9850.056 2.646483604969968e-08
9900.056 3.163172624610028e-08
9950.056 3.45457013720003e-08
10000.056 3.5309456032699636e-08
10050.056 4.4250796812000265e-08
10100.056 5.0155560921000246e-08
10150.056 5.584364123599988e-08
10200.056 6.167287047500078e-08
10250.056 6.897754124200063e-08
10300.056 7.808828648499889e-08
10350.056 8.483775077600096e-08
10400.056 9.399054609700025e-08
10450.056 1.0191925540399848e-07
10500.056 1.0991277411799986e-07
10550.056 1.184479890500002e-07
10600.056 1.2508665580999977e-07
10650.056 1.323014987400013e-07
10700.056 1.3714423107200118e-07
10750.056 1.4332997426500118e-07
10800.056 1.4714261042400127e-07
10850.056 1.4626965581600067e-07
10900.056 1.2557469547199817e-07
10950.056 8.265978767099995e-08
11000.056 6.135190569359345e-08
11050.056 4.168041964181268e-08
11100.056 2.8684154882185367e-08
11150.056 1.9174393436953685e-08
11200.056 2.116366926003733e-08
11250.056 2.815694831817152e-08
11300.056 2.9264085565587077e-08
11350.056 1.3736036466598562e-08
11400.056 3.2661277599146945e-08
11450.056 2.3860076043184785e-08
11500.056 2.5122650320367554e-08
11550.056 1.3999393490044435e-08
11600.056 1.3677827761974692e-08
11650.056 2.088902970270769e-08
11700.056 2.2189849341172894e-08
11750.056 1.3187282148038277e-08
11800.056 3.028827269634163e-08
11850.056 4.634964918356896e-08
11900.056 5.7929074109696576e-08
11950.056 8.060806385490569e-08
12000.056 1.0228986629100028e-07
12050.056 1.2903103857300677e-07
12100.056 1.5652383976299606e-07
12150.056 1.893583765089962e-07
12200.056 2.1932378715599515e-07
12250.056 2.5391029554999595e-07
12300.056 2.931565592800059e-07
12350.056 3.0566399769999977e-07
12400.056 3.332868905799952e-07
12450.056 3.4387130587000495e-07
12500.056 3.5586667227000427e-07
12550.056 3.928061560100054e-07
12600.056 4.5755560560000375e-07
12650.056 4.6364964641000136e-07
12700.056 4.64105142650007e-07
12750.056 4.321552396500054e-07
12800.056 4.165425836199994e-07
12850.056 3.407137450520001e-07
12900.056 2.977744087570044e-07
12950.056 2.7410365699600103e-07
13000.056 2.685937132040057e-07
13050.056 2.3036627591039567e-07
13100.056 2.1920664111032742e-07
13150.056 1.7147306530847163e-07
13200.056 1.530150073933979e-07
13250.056 1.0720196856061209e-07
13300.056 5.371725078965521e-08
13350.056 1.7104070280719505e-08
13400.056 7.04639502967867e-09
13450.056 3.892757405726643e-09
13500.056 2.223661088773618e-09
13550.056 1.3989068508639812e-09
13600.056 8.449423640282081e-10
13650.056 2.4043091025616113e-09
13700.056 1.7083630993345916e-09
13750.056 2.7634358969852493e-09
13800.056 3.3823510317933208e-09
13850.056 2.1831968610723753e-09
13900.056 2.2595588088318476e-09
13950.056 2.230095590220075e-09
14000.056 2.2426650329943844e-09
14050.056 2.933518238881052e-09
14100.056 2.3332039744051486e-09
14150.056 3.5131579675875358e-09
14200.056 2.6522457948698955e-09
14250.056 2.852849605398724e-09
14300.056 5.6352387178286775e-09
14350.056 5.3907971369203405e-09
14400.056 5.611643172779507e-09
14450.056 7.343846047435892e-09
14500.056 1.3055840650248367e-08
14550.056 1.3719871526572744e-08
14600.056 2.067304383640699e-08
14650.056 1.91508935084734e-08
14700.056 1.3856755028321628e-08
14750.056 1.7703502186705935e-08
14800.056 2.2827589790751316e-08
14850.056 2.4225042328289923e-08
14900.056 2.537800010703998e-08
14950.056 3.048966520778932e-08
15000.056 3.823753618197363e-08
15050.056 4.4059436557932375e-08
15100.056 4.7740412189359306e-08
15150.056 5.262992576704708e-08
15200.056 5.810405949898543e-08
15250.056 8.106055435460342e-08
15300.056 9.181791412429133e-08
15350.056 1.1252435614239784e-07
15400.056 1.2983001831301616e-07
15450.056 1.479688312688113e-07
15500.056 1.600581156129923e-07
15550.056 1.8844273605400426e-07
15600.056 2.0864094692699769e-07
15650.056 2.2325372066200692e-07
15700.056 2.55035311120005e-07
15750.056 2.6946475436000157e-07
15800.056 2.733100543200001e-07
15850.056 2.8726438349000174e-07
15900.056 2.6872256427000146e-07
15950.056 2.498328401399919e-07
16000.056 2.0872487764000236e-07
16050.056 1.4982926309599513e-07
16100.056 1.1011330224199456e-07
16150.056 7.548428607259724e-08
16200.056 5.0558687521839554e-08
16250.056 4.3421954913469555e-08
16300.056 3.593453742948406e-08
16350.056 4.111497193111733e-08
16400.056 4.857180626646305e-08
16450.056 5.183105385448094e-08
16500.056 5.811495258230515e-08
16550.056 5.629797602650752e-08
16600.056 6.045772927362156e-08
16650.056 4.2617652003002454e-08
16700.056 1.5009341080920497e-08
16750.056 2.674804696724804e-08
16800.056 4.185792655071991e-08
16850.056 4.400583309000882e-08
16900.056 3.584654315107907e-08
16950.056 2.940444370181065e-08
17000.056 2.2710830662882984e-08
17050.056 3.451694955124546e-08
17100.056 4.321525854790092e-08
17150.056 3.418190294082162e-08
17200.056 5.29310997527962e-08
17250.056 4.2800548476962064e-08
17300.056 3.4860206579558453e-08
17350.056 3.12582961573579e-08
17400.056 3.503688122156049e-08
17450.056 3.767128107564492e-08
17500.056 4.221458311030895e-08
17550.056 3.6188988625113806e-08
17600.056 3.213357957021708e-08
17650.056 3.026951167399389e-08
17700.056 2.3219371993365724e-08
17750.056 1.9725800782713805e-08
17800.056 2.673630513012862e-08
17850.056 1.7018488976048305e-08
17900.056 1.741608005474312e-08
17950.056 1.2830536982473784e-08
18000.056 1.641566306982566e-08
18050.056 1.2145861965842529e-08
18100.056 1.3757008748507707e-08
18150.056 1.6566671853692006e-08
18200.056 1.0168605501247805e-08
18250.056 2.4331409027261672e-08
18300.056 1.1605504315974625e-08
18350.056 1.0348511908382533e-08
18400.056 9.099324522791157e-09
18450.056 1.4869976329636815e-08
18500.056 1.4938994146541035e-08
18550.056 1.0894429331233757e-08
18600.056 9.786840644084256e-09
18650.056 8.382685636243187e-09
18700.056 6.554704021945114e-09
18750.056 1.0655997728622369e-08
18800.056 2.3626354571218105e-08
18850.056 2.5569778055910093e-08
18900.056 2.2011205256839048e-08
18950.056 4.110921699114856e-08
19000.056 2.1678069032428613e-08
19050.056 1.520083040669275e-08
19100.056 2.8715026697726394e-08
19150.056 1.7138443842570536e-08
19200.056 2.5751220240519443e-08
19250.056 1.6733907539354452e-08
19300.056 1.3930914677409631e-08
19350.056 1.2770332288346527e-08
19400.056 9.027747769809523e-09
19450.056 1.658520851903222e-08
19500.056 1.674853482533023e-08
19550.056 1.3006087341545279e-08
19600.056 1.7507768642190442e-08
19650.056 2.171055133570572e-08
19700.056 2.1466045716967646e-08
19750.056 2.7176572061169144e-08
19800.056 2.6450724239786803e-08
19850.056 3.720418956341342e-08
19900.056 3.025569607123241e-08
19950.056 4.871028575054977e-08
20000.056 4.674885441551698e-08
20050.056 5.301696295491582e-08
20100.056 6.476933202332249e-08
20150.056 5.946420607387143e-08
20200.056 6.572777025881345e-08
20250.056 8.388468270440292e-08
20300.056 8.527657640589112e-08
20350.056 9.930631873672269e-08
20400.056 9.593583234189555e-08
20450.056 1.22309066268003e-07
20500.056 1.367855072294638e-07
20550.056 1.3735984990801746e-07
20600.056 1.5980617819801373e-07
20650.056 1.6456757643700192e-07
20700.056 1.7020933829200513e-07
20750.056 1.7830422334199328e-07
20800.056 1.8652925551098082e-07
20850.056 1.8594987567700015e-07
20900.056 1.9671747454598103e-07
20950.056 1.9010036772300858e-07
21000.056 1.863252488700063e-07
21050.056 1.8399935935699173e-07
21100.056 1.7661187717400322e-07
21150.056 1.774615453399759e-07
21200.056 1.6514711497900836e-07
21250.056 1.573371658079802e-07
21300.056 1.3749615108199877e-07
21350.056 1.3547777840609479e-07
21400.056 1.2812671533001856e-07
21450.056 1.161483685212004e-07
21500.056 1.0616989535434761e-07
21550.056 9.777935388670117e-08
21600.056 8.700685768446443e-08
21650.056 7.520694917781758e-08
21700.056 7.449438794140181e-08
21750.056 6.40086740731943e-08
21800.056 5.281512384514933e-08
21850.056 4.571864543392465e-08
21900.056 3.42819068278723e-08
21950.056 2.1051139074055266e-08
22000.056 8.065360416945027e-09
22050.056 7.007160844553458e-09
22100.056 1.3982844122131224e-08
22150.056 1.543697804536002e-08
22200.056 1.71573767714703e-08
22250.056 1.5160811618137535e-08
22300.056 1.1046283637605849e-08
22350.056 1.1423667244863141e-08
22400.056 7.653042927218111e-09
22450.056 7.467538718569511e-09
22500.056 7.335402638168125e-09
22550.056 5.742310839071302e-09
22600.056 5.75659263099809e-09
22650.056 7.07515497837301e-09
22700.056 5.9243936411501456e-09
22750.056 6.106253710492778e-09
22800.056 6.177327164834234e-09
22850.056 5.198981394857006e-09
22900.056 4.708138173867993e-09
22950.056 4.320283424266405e-09
23000.056 5.53924016740369e-09
23050.056 7.084790607384919e-09
23100.056 1.5098913761698653e-08
23150.056 1.492097367778542e-08
23200.056 2.702094149485601e-09
23250.056 4.880628551468738e-09
23300.056 4.308155866642213e-09
23350.056 4.529928924422865e-09
23400.056 4.547034495953557e-09
23450.056 4.068015221617029e-09
23500.056 4.511391809147602e-09
23550.056 6.0061091879356165e-09
23600.056 7.749166224863101e-09
23650.056 9.957291294924831e-09
23700.056 4.500492327596208e-09
23750.056 4.0931853288798706e-09
23800.056 6.3930566337158996e-09
23850.056 6.40518823194656e-09
23900.056 1.0546872813745549e-08
23950.056 9.586188689755833e-09
24000.056 1.2627372213872457e-08
24050.056 1.3894289881697913e-08
24100.056 1.286382521752621e-08
24150.056 1.6075655651819355e-08
24200.056 1.4913671839558455e-08
24250.056 1.2850568824152667e-08
24300.056 1.710027815139375e-08
24350.056 1.4111684749272851e-08
24400.056 2.0546290883840586e-08
24450.056 1.9124607626330275e-08
24500.056 1.893251208037116e-08
24550.056 2.3694895413359938e-08
24600.056 2.3655821491317804e-08
24650.056 3.0444576208090686e-08
24700.056 1.992868700421489e-08
24750.056 2.2260083438113808e-08
24800.056 2.1430715640090192e-08
24850.056 3.216356146853177e-08
24900.056 1.5556475921733507e-08
24950.056 2.9139875996705024e-08
25000.056 2.4634269862144012e-08
25050.056 1.5837685322026423e-08
25100.056 2.366501141473654e-08
25150.056 1.4882600160145199e-08
25200.056 1.9342748235746358e-08
25250.056 1.0981056970661911e-08
25300.056 1.6314559033806467e-08
25350.056 9.208690088013435e-09
25400.056 1.7987791955096757e-08
25450.056 9.002876422350134e-09
25500.056 9.111634900710193e-09
25550.056 1.1585639349639106e-08
25600.056 1.0099686516069018e-08
25650.056 6.124024994305492e-09
25700.056 1.1454827533742942e-08
25750.056 4.820264382008356e-09
25800.056 1.3557016423953563e-08
25850.056 5.447736763451354e-09
25900.056 8.051787366007535e-09
25950.056 3.944157171841806e-09
26000.056 1.3592737123239284e-08
26050.056 6.073669106261326e-09
26100.056 1.3169870248127004e-08
26150.056 9.258495334252548e-09
26200.056 1.0113748574554304e-08
26250.056 2.1689734723396338e-08
26300.056 1.1788011831069466e-08
26350.056 2.628963206312613e-08
26400.056 2.543770317904656e-08
26450.056 2.3804844188536544e-08
26500.056 2.974192467763343e-08
26550.056 1.2830964799085219e-08
26600.056 1.7486459449284413e-08
26650.056 6.8693366623372466e-09
26700.056 6.05650130521081e-09
26750.056 4.478519716739165e-09
26800.056 7.826047845560678e-09
26850.056 4.5399509022085306e-09
26900.056 1.1613121234210493e-08
26950.056 5.861717662565187e-09
27000.056 1.626752633350387e-08
27050.056 1.3808479989201572e-08
27100.056 8.1235718524961e-09
27150.056 1.9452139721069178e-08
27200.056 8.545873389109021e-09
27250.056 1.2719628296882356e-08
27300.056 3.3055468319873315e-08
27350.056 2.1101307958893832e-08
27400.056 4.912809169228179e-09
27450.056 2.5046596361287222e-08
27500.056 2.7143541795596022e-08
27550.056 9.523694586429947e-09
27600.056 1.8512117004140027e-08
27650.056 8.570292470401988e-09
27700.056 6.866123657969165e-09
27750.056 2.0699686626380884e-08
27800.056 9.184135043913159e-09
27850.056 1.1301475444834204e-08
27900.056 1.2450466398604745e-08
27950.056 2.3236132389299145e-08
28000.056 1.7529671700611384e-08
28050.056 5.86660502478424e-09
28100.056 2.2166424277517068e-08
28150.056 1.41894300171448e-08
28200.056 7.242028650953559e-09
28250.056 2.4057704001954e-08
28300.056 2.7087887896313653e-08
28350.056 9.166183632402223e-09
28400.056 1.844435937146682e-08
28450.056 2.6970479628234318e-08
28500.056 1.9041407440739945e-08
28550.056 7.226970193667642e-09
28600.056 2.8484533727141052e-08
28650.056 2.2695991680975093e-08
28700.056 2.152516811799718e-08
28750.056 3.266287348108939e-08
28800.056 2.5004068767077582e-08
