galfind/configs/Brown_Dwarf_templates/sonora_bobcat/m+0.5/3160g/sp_t1100g3160nc_m+0.5_resample.dat
# %ECSV 1.0
# ---
# datatype:
# - {name: wav, unit: Angstrom, datatype: float64}
# - {name: flux_nu, unit: erg / (cm2 Hz s), datatype: float64}
# meta: {C/O: '1.00', Kzz: '1.0000E+05', Teff: '1100.', Y: '0.28', '[Fe/H]': '0.50', f_hole: '1.00', f_rain: '0.00', grav: '3160.'}
# schema: astropy-2.0
wav flux_nu
4000.0559999999996 nan
4050.0559999999996 5.341842866711854e-13
4100.056 4.490030010089988e-11
4150.056 1.7047103323800365e-10
4200.056 1.482697376399414e-10
4250.056 3.4990441628000427e-10
4300.056 4.813928841300143e-10
4350.056 5.483021671600028e-10
4400.056 6.596032038100041e-10
4450.056 7.882567196400111e-10
4500.056 7.932397816900131e-10
4550.056 8.39786084196987e-10
4600.056 5.727565252899967e-10
4650.056 4.322643735699954e-10
4700.056 2.9129978378999864e-10
4750.056 1.1027826951299895e-10
4800.056 2.6700635705999616e-11
4850.056 6.817429928399925e-12
4900.056 3.0059593015999796e-12
4950.056 1.542264009099989e-12
5000.056 7.102468684699943e-13
5050.056 3.934188674099994e-13
5100.056 3.6275804003999973e-13
5150.056 3.5265263582999956e-13
5200.056 3.4322348790999973e-13
5250.056 3.286582817299997e-13
5300.056 3.133659322199998e-13
5350.056 3.0073113404999983e-13
5400.056 2.902563153699998e-13
5450.056 2.787609499799996e-13
5500.056 2.656063017899998e-13
5550.056 2.5102671158999986e-13
5600.056 2.3407754849999964e-13
5650.056 2.1322406141999974e-13
5700.056 1.8840263568999972e-13
5750.056 1.5725186277999953e-13
5800.056 1.2157819504999952e-13
5850.056 7.785217968899913e-14
5900.056 2.5534544581999916e-14
5950.056 1.5243073532100269e-13
6000.056 3.523820357000026e-13
6050.056 7.009041301800071e-13
6100.056 1.2588723980500094e-12
6150.056 2.1237064151000145e-12
6200.056 3.4180388709000203e-12
6250.056 5.308536759900033e-12
6300.056 7.98907987560005e-12
6350.056 1.175828674230007e-11
6400.056 1.696774929000008e-11
6450.056 2.41263615160001e-11
6500.056 3.357518588500016e-11
6550.056 4.611338577400026e-11
6600.056 6.275805186900035e-11
6650.056 8.458230360600039e-11
6700.056 1.0229914355840108e-10
6750.056 1.4607194128000058e-10
6800.056 1.8232671528000048e-10
6850.056 2.0703711755000025e-10
6900.056 2.0795115330000016e-10
6950.056 1.9819774555999996e-10
7000.056 2.0179824983000066e-10
7050.056 2.2101230284999973e-10
7100.056 2.4337442662000027e-10
7150.056 2.588918447399987e-10
7200.056 2.63852146750003e-10
7250.056 2.5735959332999553e-10
7300.056 2.3964192614000047e-10
7350.056 2.17806944009999e-10
7400.056 1.9395922354000035e-10
7450.056 1.6611109413999965e-10
7500.056 1.355010969299995e-10
7550.056 1.0274714044899935e-10
7600.056 7.195936610899931e-11
7650.056 1.7095883393333186e-11
7700.056 1.1420112791262477e-11
7750.056 5.79292476170012e-11
7800.056 1.160871783432021e-10
7850.056 2.420756308500023e-10
7900.056 3.793216383600032e-10
7950.056 4.539058086018054e-10
8000.056 7.89930659930006e-10
8050.056 1.0658086143000087e-09
8100.056 1.378462178130001e-09
8150.056 1.7373638184000029e-09
8200.056 2.21102780730004e-09
8250.056 2.7050380095200256e-09
8300.056 3.3083112941001447e-09
8350.056 3.978108321299978e-09
8400.056 4.759836338899944e-09
8450.056 5.710973009499981e-09
8500.056 6.1393216457247836e-09
8550.056 7.701400881100206e-09
8600.056 9.372174726800072e-09
8650.056 1.09339306710001e-08
8700.056 1.2604747953000104e-08
8750.056 1.449350389300008e-08
8800.056 1.6517112978000134e-08
8850.056 1.8483600492000074e-08
8900.056 1.921436122499976e-08
8950.056 1.809148237666958e-08
9000.056 2.329624700299944e-08
9050.056 2.869628111970047e-08
9100.056 3.1987077240100464e-08
9150.056 3.476352460310108e-08
9200.056 3.9141791504997824e-08
9250.056 4.04799079102965e-08
9300.056 2.6064168151949163e-08
9350.056 3.281524007102275e-08
9400.056 4.509516935370836e-08
9450.056 4.778486380811931e-08
9500.056 4.872407877750065e-08
9550.056 5.3667533473920256e-08
9600.056 5.6643776615637604e-08
9650.056 6.39738542887764e-08
9700.056 7.62243904616541e-08
9750.056 8.289863869458411e-08
9800.056 9.262242919699411e-08
9850.056 1.0427451358299887e-07
9900.056 1.147191240669993e-07
9950.056 1.227027256029994e-07
10000.056 1.1672154418199901e-07
10050.056 1.407879371200001e-07
10100.056 1.5830143587000006e-07
10150.056 1.7407187000999782e-07
10200.056 1.9135926407000147e-07
10250.056 2.0960243843000128e-07
10300.056 2.3106157668000017e-07
10350.056 2.529791389300022e-07
10400.056 2.7353449568999885e-07
10450.056 2.9254022577e-07
10500.056 3.0981053303000177e-07
10550.056 3.2709824605000036e-07
10600.056 3.468756767099979e-07
10650.056 3.6827773423000655e-07
10700.056 3.8896294938000456e-07
10750.056 4.1013264538000507e-07
10800.056 4.2862583069000374e-07
10850.056 4.420021288299999e-07
10900.056 4.0096846065999695e-07
10950.056 2.9750486671199825e-07
11000.056 2.4729081232297617e-07
11050.056 1.9567629154271485e-07
11100.056 1.5420500763899448e-07
11150.056 1.2399392500826335e-07
11200.056 1.4279824390494534e-07
11250.056 1.7927182745195158e-07
11300.056 1.7616279530134064e-07
11350.056 9.527725684988487e-08
11400.056 1.5607394516336823e-07
11450.056 1.4649505705027247e-07
11500.056 1.723650933832596e-07
11550.056 1.2335177878863118e-07
11600.056 1.2573626933445282e-07
11650.056 1.4398292067271206e-07
11700.056 1.1997741845004832e-07
11750.056 9.795581984132635e-08
11800.056 1.504530804245872e-07
11850.056 2.3132814560039605e-07
11900.056 2.770720987332777e-07
11950.056 3.554155004750142e-07
12000.056 4.0947965697799865e-07
12050.056 4.801317599770312e-07
12100.056 5.41874115809987e-07
12150.056 6.196010049899908e-07
12200.056 6.87636609769981e-07
12250.056 7.551246606299857e-07
12300.056 8.269682664200156e-07
12350.056 8.427083925300035e-07
12400.056 8.056230556699836e-07
12450.056 7.203442730200124e-07
12500.056 7.264458794699885e-07
12550.056 7.883733347200342e-07
12600.056 1.0803452061000163e-06
12650.056 1.1388882561700073e-06
12700.056 1.1883562370200362e-06
12750.056 1.1609720394100125e-06
12800.056 1.173289988110003e-06
12850.056 1.0441564987299982e-06
12900.056 9.74990410190015e-07
12950.056 9.617051911009923e-07
13000.056 9.49610593929987e-07
13050.056 8.966041973849726e-07
13100.056 8.54451622326163e-07
13150.056 7.283764817644448e-07
13200.056 6.487246591479824e-07
13250.056 4.7519006517957345e-07
13300.056 2.66458337784873e-07
13350.056 8.983630564519851e-08
13400.056 5.1104646395675136e-08
13450.056 3.4963636939678854e-08
13500.056 2.4580513061167962e-08
13550.056 1.892251214335086e-08
13600.056 1.4386828570890869e-08
13650.056 2.857096912389673e-08
13700.056 2.2746767384446315e-08
13750.056 2.814491597562276e-08
13800.056 3.469059213669927e-08
13850.056 2.7423176779860078e-08
13900.056 2.765813145846039e-08
13950.056 2.6231199457197686e-08
14000.056 2.4927897489308143e-08
14050.056 2.9198724259640795e-08
14100.056 2.3814024072035866e-08
14150.056 3.205776395816922e-08
14200.056 2.5994163044506655e-08
14250.056 2.6040609825276975e-08
14300.056 3.898936026514645e-08
14350.056 3.942981215028393e-08
14400.056 4.159049323320271e-08
14450.056 4.7054179725125854e-08
14500.056 7.124318563931988e-08
14550.056 7.525490291978973e-08
14600.056 9.90875094834176e-08
14650.056 9.800797822736919e-08
14700.056 8.295317395941664e-08
14750.056 1.0140711631341578e-07
14800.056 1.2083726512809602e-07
14850.056 1.3114680364611594e-07
14900.056 1.3160460475603438e-07
14950.056 1.4941699798271165e-07
15000.056 1.6339350879567935e-07
15050.056 1.9504653419359996e-07
15100.056 2.1068292837310095e-07
15150.056 2.3682028440188264e-07
15200.056 2.417254876951704e-07
15250.056 2.91172535461901e-07
15300.056 3.181046419549812e-07
15350.056 3.6606043502598414e-07
15400.056 4.056088626120148e-07
15450.056 4.4456195769702337e-07
15500.056 4.6799667549000667e-07
15550.056 5.246273861799755e-07
15600.056 5.4038790445001e-07
15650.056 5.701679171300229e-07
15700.056 6.383860714900354e-07
15750.056 6.742180001099955e-07
15800.056 6.702862561200174e-07
15850.056 7.17792426840003e-07
15900.056 7.044003539100108e-07
15950.056 6.966555012599685e-07
16000.056 6.395605639900075e-07
16050.056 5.418867568499913e-07
16100.056 4.6308627596697365e-07
16150.056 3.7540328656999033e-07
16200.056 2.976029122813717e-07
16250.056 2.808245184092724e-07
16300.056 2.5273914609927284e-07
16350.056 2.7649759527260557e-07
16400.056 3.1140139779353825e-07
16450.056 3.3487906224835115e-07
16500.056 3.654537787828662e-07
16550.056 3.54298796845179e-07
16600.056 3.5327059086852716e-07
16650.056 2.7174584508848895e-07
16700.056 1.53215421832595e-07
16750.056 1.9484626984249943e-07
16800.056 2.7278325279372263e-07
16850.056 2.794279675966867e-07
16900.056 2.5283258368776097e-07
16950.056 2.242668066911041e-07
17000.056 1.9226125491983053e-07
17050.056 2.5067012623253165e-07
17100.056 2.739330515530062e-07
17150.056 2.3285898207219036e-07
17200.056 2.7777445114495855e-07
17250.056 2.4410158785601855e-07
17300.056 2.113317634395048e-07
17350.056 1.8814862773218568e-07
17400.056 1.937033456493911e-07
17450.056 1.882764476607622e-07
17500.056 2.0060324535322828e-07
17550.056 1.8026842757216464e-07
17600.056 1.6738563598702358e-07
17650.056 1.6433977655714723e-07
17700.056 1.273473756231056e-07
17750.056 1.1297434714119721e-07
17800.056 1.363604731326458e-07
17850.056 9.702032673835895e-08
17900.056 1.0468644028790938e-07
17950.056 8.575664317307327e-08
18000.056 9.329283825521115e-08
18050.056 8.256585934172446e-08
18100.056 8.609234197788536e-08
18150.056 1.0676320673818746e-07
18200.056 6.891607270563843e-08
18250.056 1.2933676471003207e-07
18300.056 8.791417219318158e-08
18350.056 7.906348778195812e-08
18400.056 7.477788247375829e-08
18450.056 8.415360564913471e-08
18500.056 8.968175241918578e-08
18550.056 7.210776210114316e-08
18600.056 6.09562466839672e-08
18650.056 6.045616066170843e-08
18700.056 6.048998888666467e-08
18750.056 7.631257101686598e-08
18800.056 1.1945362812611257e-07
18850.056 1.3668998815383815e-07
18900.056 1.2496112558818307e-07
18950.056 1.878956434391153e-07
19000.056 1.4209801246584358e-07
19050.056 1.1603581460453503e-07
19100.056 1.7719507548980265e-07
19150.056 1.3647832524568103e-07
19200.056 1.6874214700871554e-07
19250.056 1.303910102114563e-07
19300.056 1.2424881551567523e-07
19350.056 1.1139815436325583e-07
19400.056 7.733740915187056e-08
19450.056 1.2829016975775506e-07
19500.056 1.318208342099403e-07
19550.056 9.723959065480861e-08
19600.056 1.2267157227226443e-07
19650.056 1.4553802825188162e-07
19700.056 1.450564054052101e-07
19750.056 1.4839819239264457e-07
19800.056 1.618715704177642e-07
19850.056 2.0144473932083342e-07
19900.056 1.5499852086872094e-07
19950.056 2.2973749043139898e-07
20000.056 2.047110835780185e-07
20050.056 2.4055281842064045e-07
20100.056 2.5147181668720586e-07
20150.056 2.7305558773834143e-07
20200.056 3.004345865398591e-07
20250.056 3.3422503473896195e-07
20300.056 3.2910224066563176e-07
20350.056 3.8446647430195774e-07
20400.056 3.76425068208518e-07
20450.056 4.208523658369432e-07
20500.056 4.5406240459093975e-07
20550.056 4.5096026765202164e-07
20600.056 5.160103530160319e-07
20650.056 5.082683290920202e-07
20700.056 5.254175693990284e-07
20750.056 5.386749612449784e-07
20800.056 5.673194020719673e-07
20850.056 5.51823344389987e-07
20900.056 5.866379201699302e-07
20950.056 5.750544861500119e-07
21000.056 5.744906842500235e-07
21050.056 5.701106209599853e-07
21100.056 5.558900799200102e-07
21150.056 5.681425357099246e-07
21200.056 5.386645502200164e-07
21250.056 5.327736638399356e-07
21300.056 4.83742661689979e-07
21350.056 4.871436529939954e-07
21400.056 4.6231609508407744e-07
21450.056 4.462587772360022e-07
21500.056 4.168375040843452e-07
21550.056 3.9412759474101894e-07
21600.056 3.640037687280288e-07
21650.056 3.360551933400119e-07
21700.056 3.328090214680125e-07
21750.056 2.929373643827163e-07
21800.056 2.5838573914697443e-07
21850.056 2.3030001799899132e-07
21900.056 1.8463834148998215e-07
21950.056 1.295778767453227e-07
22000.056 6.499930360610365e-08
22050.056 5.0219718230071114e-08
22100.056 7.250427290182811e-08
22150.056 8.845339033857396e-08
22200.056 9.726435243392414e-08
22250.056 9.156680822812526e-08
22300.056 7.50730072977858e-08
22350.056 7.286227855824498e-08
22400.056 5.7793184225600707e-08
22450.056 5.0994161136622816e-08
22500.056 5.245250688291101e-08
22550.056 4.383483534068764e-08
22600.056 4.508345226406359e-08
22650.056 4.811907945158178e-08
22700.056 4.3176860748585284e-08
22750.056 4.333683827801523e-08
22800.056 4.147439085450983e-08
22850.056 3.6096871354980196e-08
22900.056 3.386936649958068e-08
22950.056 3.164805602289084e-08
23000.056 3.915356199149688e-08
23050.056 4.9635608123251184e-08
23100.056 7.712270619091018e-08
23150.056 7.960855027354356e-08
23200.056 2.5991352237455328e-08
23250.056 3.362292420070574e-08
23300.056 2.9245566124889843e-08
23350.056 2.8920714953520506e-08
23400.056 2.982242429224508e-08
23450.056 2.9084095695949578e-08
23500.056 3.162078070553322e-08
23550.056 3.906548903627588e-08
23600.056 4.614742143255362e-08
23650.056 5.6073743171901344e-08
23700.056 3.397118836324332e-08
23750.056 3.014692275947688e-08
23800.056 3.286632319827912e-08
23850.056 3.651797841292356e-08
23900.056 5.31374154205207e-08
23950.056 5.520484986517652e-08
24000.056 6.352154648832725e-08
24050.056 7.102498223962073e-08
24100.056 6.534131643990275e-08
24150.056 7.468135226100055e-08
24200.056 7.599019334073109e-08
24250.056 6.673940567590291e-08
24300.056 7.809678366892964e-08
24350.056 6.655118331944234e-08
24400.056 8.636888374341416e-08
24450.056 7.839978686225106e-08
24500.056 8.066222597814841e-08
24550.056 9.128083086922983e-08
24600.056 9.21251152403018e-08
24650.056 1.1203478662600796e-07
24700.056 8.11430518239761e-08
24750.056 8.64953046992951e-08
24800.056 8.71369952993656e-08
24850.056 1.1756843967333567e-07
24900.056 6.942839244094433e-08
24950.056 1.1294407314123799e-07
25000.056 9.868163627552232e-08
25050.056 6.905543723723822e-08
25100.056 9.481340325861265e-08
25150.056 6.884257527336187e-08
25200.056 8.420180303559745e-08
25250.056 5.892969263472204e-08
25300.056 8.06596863870953e-08
25350.056 5.2547966726120454e-08
25400.056 8.541899782625555e-08
25450.056 5.228367488152262e-08
25500.056 5.524712213925513e-08
25550.056 5.9599441824918924e-08
25600.056 5.810735678102532e-08
25650.056 4.051933616554294e-08
25700.056 7.206995675054255e-08
25750.056 3.606926080947332e-08
25800.056 7.647860501800526e-08
25850.056 4.108974202949185e-08
25900.056 5.7755351204467466e-08
25950.056 3.457304588000302e-08
26000.056 7.963333675304682e-08
26050.056 5.136715889249758e-08
26100.056 8.096320976360539e-08
26150.056 6.438502905899213e-08
26200.056 6.835511930343092e-08
26250.056 1.0263277600171318e-07
26300.056 7.225959839800508e-08
26350.056 1.1943063216692803e-07
26400.056 1.1613858225956361e-07
26450.056 1.1329001140786934e-07
26500.056 1.2645779108592555e-07
26550.056 7.815967892428188e-08
26600.056 1.1001573646430428e-07
26650.056 5.625055989268828e-08
26700.056 5.2675775504655234e-08
26750.056 3.7340211178872044e-08
26800.056 5.583614489865599e-08
26850.056 3.4433569463425656e-08
26900.056 6.940388125659563e-08
26950.056 3.8654721863925323e-08
27000.056 8.311979884431749e-08
27050.056 6.650261354718793e-08
27100.056 5.449816606492021e-08
27150.056 8.794590020539036e-08
27200.056 5.897511496566793e-08
27250.056 6.913701349664377e-08
27300.056 1.359960716372867e-07
27350.056 1.0282269272191247e-07
27400.056 4.1054025589930055e-08
27450.056 1.280998936978321e-07
27500.056 1.2559164895974254e-07
27550.056 6.384427118199913e-08
27600.056 1.1078647193615951e-07
27650.056 5.877007367188807e-08
27700.056 4.9216135654473594e-08
27750.056 1.1478444809145989e-07
27800.056 5.8854406049145675e-08
27850.056 6.890471086874208e-08
27900.056 7.670718883151478e-08
27950.056 1.2225427713610615e-07
28000.056 9.509817548424197e-08
28050.056 4.4699495801057783e-08
28100.056 1.307911738487526e-07
28150.056 8.107918447892744e-08
28200.056 4.8983520886833884e-08
28250.056 1.234046035133833e-07
28300.056 1.493282359453951e-07
28350.056 6.038516975826784e-08
28400.056 9.76287183087842e-08
28450.056 1.310126734345713e-07
28500.056 1.0085560747988111e-07
28550.056 4.688044480307182e-08
28600.056 1.385259802270275e-07
28650.056 1.202752830099161e-07
28700.056 1.0257794757193756e-07
28750.056 1.4420363974754114e-07
28800.056 1.2578549756013245e-07
28850.056 1.3949141449011614e-07
