galfind/configs/Brown_Dwarf_templates/sonora_bobcat/m+0.5/3160g/sp_t1200g3160nc_m+0.5_resample.dat
# %ECSV 1.0
# ---
# datatype:
# - {name: wav, unit: Angstrom, datatype: float64}
# - {name: flux_nu, unit: erg / (cm2 Hz s), datatype: float64}
# meta: {C/O: '1.00', Kzz: '1.0000E+05', Teff: '1200.', Y: '0.28', '[Fe/H]': '0.50', f_hole: '1.00', f_rain: '0.00', grav: '3160.'}
# schema: astropy-2.0
wav flux_nu
[from data line 498]
28900.056 1.366409814694908e-07
28950.056 2.6423544963707656e-07
29000.056 2.120200172461557e-07
29050.056 2.364846330216168e-07
29100.056 1.75440614420833e-07
29150.056 2.9322195115283705e-07
29200.056 2.0648735853241028e-07
29250.056 2.656172602607144e-07
29300.056 1.8103950159026677e-07
29350.056 3.807763094239634e-07
29400.056 2.4063788034657984e-07
29450.056 2.5616518072087706e-07
29500.056 2.6886603767079956e-07
29550.056 2.5972049834130817e-07
29600.056 2.961173069193879e-07
29650.056 2.7329248550397735e-07
29700.056 2.411288219912483e-07
29750.056 2.9478298998814423e-07
29800.056 3.1537083354304585e-07
29850.056 3.063318046589533e-07
29900.056 3.0383620881315794e-07
29950.056 3.333844795819292e-07
30000.056 2.9557221465628905e-07
30050.056 2.7117664269499643e-07
30100.056 2.7217623368192557e-07
30150.056 3.6839814487999077e-07
30200.056 2.862960081459902e-07
30250.056 3.543653427650495e-07
30300.056 3.008133164050002e-07
30350.056 2.8970483211601886e-07
30400.056 3.3068275591799746e-07
30450.056 2.543217002360523e-07
30500.056 2.2396879899001284e-07
30550.056 2.3650872153500863e-07
30600.056 2.5604793013899284e-07
30650.056 2.2686987382896797e-07
30700.056 2.1599833763098013e-07
30750.056 2.0307202143197362e-07
30800.056 1.9178444727304176e-07
30850.056 1.681636497959541e-07
30900.056 1.7253135103796447e-07
30950.056 1.4615230699273174e-07
31000.056 1.40405844586009e-07
31050.056 1.591967815200108e-07
31100.056 1.2194904647599388e-07
31150.056 1.330353302515914e-07
31200.056 1.4636907968102042e-07
31250.056 1.1176136286218708e-07
31300.056 1.143813483450837e-07
31350.056 1.0833909532560545e-07
31400.056 9.067650281260718e-08
31450.056 9.816289405898199e-08
31500.056 8.328220047127968e-08
31550.056 8.901435877459249e-08
31600.056 7.807412031750305e-08
31650.056 7.170453150590713e-08
31700.056 7.575257110198623e-08
31750.056 6.33585861326207e-08
31800.056 7.810377486998523e-08
31850.056 6.45592734736123e-08
31900.056 7.686369811400505e-08
31950.056 5.486575566560476e-08
32000.056 6.951095937998868e-08
32050.056 7.011277860040354e-08
32100.056 6.778945202970603e-08
32150.056 7.46595936429927e-08
32200.056 6.417399774410036e-08
32250.056 8.326777790401228e-08
32300.056 6.145862866459165e-08
32350.056 8.728232711499671e-08
32400.056 6.371207036299603e-08
32450.056 8.42622434399719e-08
32500.056 8.017477080141572e-08
32550.056 8.025804564599371e-08
32600.056 8.824087987159836e-08
32650.056 1.0671308952898437e-07
32700.056 1.0154459033401632e-07
32750.056 1.1159258609200764e-07
32800.056 1.0965667527791045e-07
32850.056 1.1698752338898808e-07
32900.056 1.2777648726479665e-07
32950.056 1.284686032239934e-07
33000.056 1.146517514409737e-07
33050.056 1.0610290213602414e-07
33100.056 7.317712489899062e-08
33150.056 3.230422947720461e-08
33200.056 2.7880234279091222e-08
33250.056 2.0878431756394015e-08
33300.056 2.250111408520511e-08
33350.056 3.0381044591001264e-08
33400.056 3.868267981499247e-08
33450.056 4.878544782829878e-08
33500.056 6.642999165701658e-08
33550.056 6.810413796281534e-08
33600.056 8.951228755599187e-08
33650.056 9.897481265400661e-08
33700.056 8.65584903526856e-08
33750.056 1.1521779964500157e-07
33800.056 9.786223578410445e-08
33850.056 1.1301050643798937e-07
33900.056 9.473909382799572e-08
33950.056 9.875094109499008e-08
34000.056 1.1419820436901348e-07
34050.056 8.186173369618374e-08
34100.056 1.1384145133399522e-07
34150.056 9.446623866418848e-08
34200.056 9.496592616596977e-08
34250.056 9.948663530496852e-08
34300.056 8.654926141375844e-08
34350.056 8.60593492740036e-08
34400.056 7.857849356819658e-08
34450.056 9.925241052198683e-08
34500.056 9.480730984199492e-08
34550.056 7.91914618584015e-08
34600.056 1.1187719072899917e-07
34650.056 8.90455996969956e-08
34700.056 9.883774828999342e-08
34750.056 1.021337869809804e-07
34800.056 9.181071150598905e-08
34850.056 1.0120285189201065e-07
34900.056 1.0569048108597985e-07
34950.056 1.0563100047497939e-07
35000.056 1.386255063885227e-07
35050.056 1.0059214545400126e-07
35100.056 1.1924660168999594e-07
35150.056 1.2401020547600841e-07
35200.056 1.248684051370035e-07
35250.056 1.491064593849691e-07
35300.056 1.216263721280191e-07
35350.056 1.2299891722097614e-07
35400.056 1.373302482750238e-07
35450.056 1.0351327631504143e-07
35500.056 1.609611075800033e-07
35550.056 1.5190836955599145e-07
35600.056 1.4333886098003933e-07
35650.056 1.5995005070301164e-07
35700.056 1.425290647749964e-07
35750.056 1.6517159594998713e-07
35800.056 2.0551813773400367e-07
35850.056 1.4797627833599778e-07
35900.056 1.922094790350008e-07
35950.056 1.8526211785997798e-07
36000.056 1.851163402490276e-07
36050.056 1.8984194805298324e-07
36100.056 1.8710458768690546e-07
36150.056 2.0159536199298748e-07
36200.056 2.2027555713598062e-07
36250.056 2.0331624497897122e-07
36300.056 2.3182826070501384e-07
36350.056 2.2574936331199184e-07
36400.056 2.3023776873599988e-07
36450.056 2.526458448939907e-07
36500.056 2.5430090979197947e-07
36550.056 2.804195099800651e-07
36600.056 3.0125817180000416e-07
36650.056 2.8676046864095683e-07
36700.056 3.0579133258797994e-07
36750.056 3.320091898800535e-07
36800.056 3.3217262686999097e-07
36850.056 3.274791932619313e-07
36900.056 3.3217992018198395e-07
36950.056 3.790929488699734e-07
37000.056 3.6502642371998433e-07
37050.056 3.7597858211001206e-07
37100.056 3.927299877499699e-07
37150.056 3.7296931450003985e-07
37200.056 4.167830211400004e-07
37250.056 4.053973637199385e-07
37300.056 3.7671532223789685e-07
37350.056 4.0405351970003967e-07
37400.056 4.992287244499887e-07
37450.056 4.3293483350601236e-07
37500.056 4.317317569679736e-07
37550.056 5.051157924901367e-07
37600.056 5.396796652800306e-07
37650.056 4.502090030800305e-07
37700.056 5.43725527700045e-07
37750.056 4.7022604411703903e-07
37800.056 5.091187488001651e-07
37850.056 4.505552092100152e-07
37900.056 4.823949466301312e-07
37950.056 5.103362569749394e-07
38000.056 5.804519695399993e-07
38050.056 5.699277777200806e-07
38100.056 5.73540285220052e-07
38150.056 6.189154359799742e-07
38200.056 6.347817109200748e-07
38250.056 6.064213424899975e-07
38300.056 7.007187224799253e-07
38350.056 7.16383872120065e-07
38400.056 5.981477165999196e-07
38450.056 6.497852397299324e-07
38500.056 5.757618350901061e-07
38550.056 6.985599735800637e-07
38600.056 6.866028531899483e-07
38650.056 7.103637410799641e-07
38700.056 7.456158960399965e-07
38750.056 7.686960841199884e-07
38800.056 6.92735009199859e-07
38850.056 7.362250744600387e-07
38900.056 7.912156946500098e-07
38950.056 7.504867201899911e-07
39000.056 8.000348319299826e-07
39050.056 7.877248178799811e-07
39100.056 7.695621410000745e-07
39150.056 8.254508547200082e-07
39200.056 7.958974865299719e-07
39250.056 8.639146885199366e-07
39300.056 8.204586055998562e-07
39350.056 8.937805507700544e-07
39400.056 8.617068618900471e-07
39450.056 8.740860449099905e-07
39500.056 8.551823757700065e-07
39550.056 8.60263384360079e-07
39600.056 9.27157704169848e-07
39650.056 9.472595155399998e-07
39700.056 9.182862869700578e-07
39750.056 8.52670972260102e-07
39800.056 8.897806925499079e-07
39850.056 9.986764304299943e-07
39900.056 9.712871537700031e-07
39950.056 9.87084320919911e-07
40000.056 1.0027047166300622e-06
40050.056 9.777107224000373e-07
40100.056 9.519280649940312e-07
40150.056 1.0165768081499906e-06
40200.056 1.0470622337298673e-06
40250.056 9.626324071498304e-07
40300.056 9.872151276500776e-07
40350.056 1.000956227809993e-06
40400.056 1.0524516323300004e-06
40450.056 1.0249117622500698e-06
40500.056 1.0031548075600796e-06
40550.056 1.1009881982299276e-06
40600.056 9.795947022800604e-07
40650.056 1.0250658459698936e-06
40700.056 1.177546560549979e-06
40750.056 9.902906227898059e-07
40800.056 9.266529250197675e-07
40850.056 1.0554266306101358e-06
40900.056 1.0595690414400137e-06
40950.056 1.0021659917699884e-06
41000.056 1.0427954418900168e-06
41050.056 1.0922888405799042e-06
41100.056 9.804732932699265e-07
41150.056 9.29103348869931e-07
41200.056 1.0487994249899959e-06
41250.056 1.0007447952199884e-06
41300.056 8.836849362698581e-07
41350.056 1.0804666497600665e-06
41400.056 9.865370240000936e-07
41450.056 1.0273561523400857e-06
41500.056 9.37456069529946e-07
41550.056 9.162452204000819e-07
41600.056 9.87677574537058e-07
41650.056 9.921689250900631e-07
41700.056 8.944146149398804e-07
41750.056 9.037291403499624e-07
41800.056 9.757741433299756e-07
41850.056 7.121850945300156e-07
41900.056 8.420653565899293e-07
41950.056 8.226238230601123e-07
42000.056 7.955696210201029e-07
42050.056 7.094434574699308e-07
42100.056 8.290076911100558e-07
42150.056 6.436788476399612e-07
42200.056 6.485438623099888e-07
42250.056 6.859685623199315e-07
42300.056 6.287105055000065e-07
42350.056 6.963476227000979e-07
42400.056 6.586439109400857e-07
42450.056 6.105646273600089e-07
42500.056 6.226396515399698e-07
42550.056 6.084518543399644e-07
42600.056 6.308261605200685e-07
42650.056 6.756546594998929e-07
42700.056 6.406601236500296e-07
42750.056 6.013294549799835e-07
42800.056 6.276322011601021e-07
42850.056 7.011918152798482e-07
42900.056 7.063548996800657e-07
42950.056 6.223764295598168e-07
43000.056 6.721949277999872e-07
43050.056 5.418991087601917e-07
43100.056 6.417700292299908e-07
43150.056 6.315332405000762e-07
43200.056 6.586163533200306e-07
43250.056 6.993287113699525e-07
43300.056 7.062023753400147e-07
43350.056 5.753000667898762e-07
43400.056 6.440242576799869e-07
43450.056 6.010555103300924e-07
43500.056 6.202049439799768e-07
43550.056 6.154744047140377e-07
43600.056 6.974485849500353e-07
43650.056 5.821714523200146e-07
43700.056 6.8624389192997e-07
43750.056 6.511360824701013e-07
43800.056 6.261041261399434e-07
43850.056 6.05324532610104e-07
43900.056 6.422561538499248e-07
43950.056 5.481949117799619e-07
44000.056 5.074363678500325e-07
44050.056 6.223477545100123e-07
44100.056 6.81807640880051e-07
44150.056 6.779202931999506e-07
44200.056 6.373750417700083e-07
44250.056 5.703732160600053e-07
44300.056 5.418380412090841e-07
44350.056 5.616331330500697e-07
44400.056 5.651534655399699e-07
44450.056 6.003902776600074e-07
44500.056 6.008166140100968e-07
44550.056 6.376741037699467e-07
44600.056 5.870731377280491e-07
44650.056 6.20217924410044e-07
44700.056 5.291345238699885e-07
44750.056 5.917698977800129e-07
44800.056 5.777071964000195e-07
44850.056 6.044846230500766e-07
44900.056 5.359222923700479e-07
44950.056 5.552413013300299e-07
45000.056 5.798514565599897e-07
45050.056 5.8043481244999e-07
45100.056 5.996838681600054e-07
45150.056 5.646687134799893e-07
45200.056 4.994646463300307e-07
45250.056 5.385918818499183e-07
45300.056 5.497739551300345e-07
45350.056 5.450679325499373e-07
45400.056 5.812689032900441e-07
45450.056 5.534878942999447e-07
45500.056 5.602151731099817e-07
45550.056 6.147673685699276e-07
45600.056 5.870986751900197e-07
45650.056 5.157860207999181e-07
45700.056 5.495056247500507e-07
45750.056 5.155247189699971e-07
45800.056 5.650860614899936e-07
45850.056 6.34427705169991e-07
45900.056 6.314239413700228e-07
45950.056 5.395814585400056e-07
46000.056 6.228137713700308e-07
46050.056 5.980863738900552e-07
46100.056 5.772849997899914e-07
46150.056 5.584568116799667e-07
46200.056 5.67193441540091e-07
46250.056 4.7515194302895685e-07
46300.056 6.067357209099666e-07
46350.056 5.627397340000036e-07
46400.056 5.823159035500074e-07
46450.056 5.824765911200282e-07
46500.056 5.394223831100547e-07
46550.056 5.679624634200026e-07
46600.056 5.873021825420032e-07
46650.056 7.362778311299573e-07
46700.056 6.558742586600741e-07
46750.056 5.180362261300404e-07
46800.056 4.850032022600363e-07
46850.056 6.840137560400864e-07
46900.056 6.367858208399353e-07
46950.056 6.835055117800012e-07
47000.056 5.759676231300295e-07
47050.056 6.498216344598683e-07
47100.056 4.858152686620586e-07
47150.056 5.619655099700472e-07
47200.056 6.371851958800396e-07
47250.056 5.369509346599798e-07
47300.056 4.84464540735968e-07
47350.056 5.88101359799978e-07
47400.056 6.478900411999521e-07
47450.056 5.661072832350248e-07
47500.056 6.577096857999603e-07
47550.056 5.705108383699886e-07
47600.056 6.21071089679942e-07
47650.056 5.209797929698997e-07
47700.056 6.158998507701182e-07
47750.056 4.528319130800198e-07
47800.056 5.602851834300015e-07
47850.056 4.29056837891987e-07
47900.056 5.346320674699471e-07
47950.056 5.2964737957002e-07
48000.056 6.846138413700205e-07
48050.056 5.887287069300261e-07
48100.056 5.195142725760009e-07
48150.056 5.352537398800514e-07
48200.056 5.705360755800061e-07
48250.056 5.195679736000052e-07
48300.056 6.814096261799032e-07
48350.056 4.76876572300011e-07
48400.056 4.4479790065394937e-07
48450.056 5.155792432000759e-07
48500.056 6.498843261599436e-07
48550.056 4.965766782600026e-07
48600.056 6.104983726299976e-07
48650.056 5.449441618799785e-07
48700.056 6.054612415600206e-07
48750.056 4.184871254001034e-07
48800.056 6.759592098900218e-07
48850.056 4.719648113898973e-07
48900.056 6.585939040800081e-07
48950.056 5.440206529900249e-07
49000.056 4.338504472839573e-07
49050.056 6.193108760499535e-07
49100.056 5.71967145390069e-07
49150.056 5.727756464249833e-07
49200.056 5.850435437600223e-07
49250.056 6.093793882100551e-07
49300.056 5.347050558599832e-07
49350.056 4.594909381700549e-07
49400.056 5.708317442799526e-07
49450.056 5.479434041051463e-07
49500.056 5.012645520699804e-07
49550.056 3.8183326547000965e-07
49600.056 4.958446021900777e-07
49650.056 5.198238080199524e-07
49700.056 4.928800236998954e-07
49750.056 6.593190180199184e-07
49800.056 5.081037115120091e-07
49850.056 6.740345831200869e-07
49900.056 5.599352886999922e-07
49950.056 5.380650375899596e-07
50000.056 5.488486283599554e-07
50050.056 5.881136773599846e-07
50100.056 5.714620089899889e-07
50150.056 4.326365839899883e-07
50200.056 3.148166873100349e-07
50250.056 5.530219423299658e-07
50300.056 4.830162862100127e-07
50350.056 6.43514150250045e-07
50400.056 5.333081489799539e-07
50450.056 4.753238569540463e-07
50500.056 6.111335143800549e-07
50550.056 5.484517454100313e-07
50600.056 5.056338300199144e-07
50650.056 5.707013262500864e-07
50700.056 6.458039702798934e-07
50750.056 5.760937402840768e-07
50800.056 3.8825623562294187e-07
50850.056 4.259359419700808e-07
50900.056 6.403510317799742e-07
50950.056 5.461630710200786e-07
51000.056 6.291655206990483e-07
51050.056 5.383464883899927e-07
51100.056 3.783779935299513e-07
51150.056 4.954904596159846e-07
51200.056 6.586440639099624e-07
51250.056 5.286280346399638e-07
51300.056 4.2587706715012876e-07
51350.056 5.005458616399615e-07
51400.056 3.612435053099831e-07
51450.056 3.147866103629413e-07
51500.056 3.6059138515708117e-07
51550.056 5.942718721540431e-07
51600.056 4.3231738936602607e-07
51650.056 4.5533693958993316e-07
51700.056 5.025798786249041e-07
51750.056 3.924160572650092e-07
51800.056 5.449810024298615e-07
51850.056 5.046206842999734e-07
51900.056 6.563921393000845e-07
51950.056 5.37324722639957e-07
52000.056 3.0398155330296804e-07
52050.056 4.57977729051011e-07
52100.056 3.784344210099879e-07
52150.056 3.522850218380149e-07
52200.056 3.6619015700797917e-07
52250.056 4.3559565227002385e-07
52300.056 6.150633314099662e-07
52350.056 4.887570361220105e-07
52400.056 3.5700782964404087e-07
52450.056 4.982896053500346e-07
52500.056 5.405963621199056e-07
52550.056 5.303208196699253e-07
52600.056 4.6999591342006306e-07
52650.056 4.866373439200839e-07
52700.056 4.2581885327000775e-07
52750.056 3.3302474598198516e-07
52800.056 3.860882280300343e-07
52850.056 4.0410849194990437e-07
52900.056 4.036938371259749e-07
52950.056 4.2038661131999233e-07
53000.056 5.377882524500245e-07
53050.056 3.475054544208949e-07
53100.056 4.3539988715996673e-07
53150.056 5.993179121500232e-07
53200.056 3.157189832399804e-07
53250.056 5.341354345800297e-07
53300.056 5.300386461702415e-07
53350.056 5.3272706034997e-07
53400.056 5.347047456400112e-07
53450.056 3.5343047829000396e-07
53500.056 2.5381605485494446e-07
53550.056 3.6354967687795075e-07
53600.056 4.5906834918007903e-07
53650.056 3.5448326302198406e-07
53700.056 3.5370571827903615e-07
