galfind/configs/Brown_Dwarf_templates/sonora_bobcat/m+0.5/3160g/sp_t300g3160nc_m+0.5_resample.dat
# %ECSV 1.0
# ---
# datatype:
# - {name: wav, unit: Angstrom, datatype: float64}
# - {name: flux_nu, unit: erg / (cm2 Hz s), datatype: float64}
# meta: {C/O: '1.00', Kzz: '1.0000E+05', Teff: '300.', Y: '0.28', '[Fe/H]': '0.50', f_hole: '1.00', f_rain: '0.00', grav: '3160.'}
# schema: astropy-2.0
wav flux_nu
[from data line 498]
28900.056 9.349433515111135e-13
28950.056 1.0511807361309939e-12
29000.056 5.547399549197696e-13
29050.056 1.446120605006154e-12
29100.056 2.9070009496353966e-13
29150.056 3.0176047777657076e-13
29200.056 3.761077992016372e-12
29250.056 1.440146324310667e-12
29300.056 7.645503411359506e-13
29350.056 3.020418083326746e-12
29400.056 2.2228236529008086e-12
29450.056 3.595567855621076e-13
29500.056 4.648398936202139e-12
29550.056 1.087344313032492e-12
29600.056 8.190778060727833e-13
29650.056 6.07813901989927e-12
29700.056 7.568872011661408e-13
29750.056 4.249750333562256e-12
29800.056 1.3684002871218331e-12
29850.056 6.637089810944315e-12
29900.056 1.858014719699851e-12
29950.056 1.7779410551890451e-12
30000.056 9.742756368355404e-15
30050.056 5.072850751409013e-13
30100.056 2.092141223613094e-12
30150.056 5.441566672317269e-12
30200.056 4.639622733389609e-12
30250.056 6.154613961864935e-12
30300.056 8.625915326549767e-12
30350.056 1.3583552405274125e-12
30400.056 1.1837206928447465e-11
30450.056 1.2784491683829995e-11
30500.056 2.1635525992382574e-12
30550.056 2.3524073036070125e-12
30600.056 8.346259692389271e-11
30650.056 2.755153663839135e-11
30700.056 4.606236474572642e-12
30750.056 1.8947131791062354e-11
30800.056 3.603164384928327e-11
30850.056 2.971992509440478e-11
30900.056 1.1125420472000381e-11
30950.056 8.363791848039928e-12
31000.056 1.2441078917111871e-11
31050.056 3.5385755238691798e-12
31100.056 1.8880120353032863e-12
31150.056 8.03915773227243e-12
31200.056 4.2724935438793796e-11
31250.056 1.6299548237605265e-11
31300.056 3.65153618307232e-12
31350.056 3.200712128704506e-11
31400.056 1.590559711113241e-11
31450.056 1.622530910701855e-11
31500.056 4.3033055476565214e-12
31550.056 1.1359317777139993e-11
31600.056 8.403867250013693e-12
31650.056 5.274554731107244e-12
31700.056 3.859330037021237e-12
31750.056 1.4768258415753726e-12
31800.056 2.7820950525890693e-12
31850.056 3.097800949522855e-13
31900.056 1.0048292515508048e-12
31950.056 3.652891375948534e-13
32000.056 2.795462734879246e-13
32050.056 2.1642513451107347e-13
32100.056 1.8719301147194898e-13
32150.056 1.3017664528728138e-13
32200.056 4.43445797285628e-14
32250.056 1.128304600169269e-13
32300.056 1.7690040342079167e-14
32350.056 6.336043193811509e-14
32400.056 4.684603006724435e-15
32450.056 4.508396471254166e-14
32500.056 4.609059118433018e-15
32550.056 3.768504825353265e-14
32600.056 2.7391472660180314e-15
32650.056 6.813000675858129e-14
32700.056 4.474756662755324e-15
32750.056 2.297871764160482e-13
32800.056 5.886659280233036e-14
32850.056 8.610243008531798e-13
32900.056 4.871311529215684e-13
32950.056 9.09849204638077e-13
33000.056 2.0013923713383026e-13
33050.056 8.154444081242553e-14
33100.056 1.1197790615915549e-14
33150.056 1.9653637193275218e-17
33200.056 2.921281768095464e-15
33250.056 5.5041039839588674e-15
33300.056 1.7456552396154865e-13
33350.056 1.277208980999757e-13
33400.056 9.078039163766785e-13
33450.056 4.4512725051240504e-14
33500.056 5.973434312220691e-13
33550.056 5.729495639926581e-14
33600.056 2.460166115362026e-13
33650.056 3.089474479029755e-13
33700.056 2.8324658488304733e-14
33750.056 3.4444662360190147e-13
33800.056 1.2523380711063052e-14
33850.056 1.5443382655662155e-13
33900.056 1.4927303550609152e-13
33950.056 1.9915610151343285e-13
34000.056 6.156876189849046e-13
34050.056 9.86739364342758e-14
34100.056 8.290558661022559e-13
34150.056 1.9531590326904853e-13
34200.056 1.2773881183364868e-12
34250.056 3.4516843704757147e-13
34300.056 6.36881400412348e-13
34350.056 4.652759658828752e-12
34400.056 3.6208311018588437e-13
34450.056 3.0532602776194173e-12
34500.056 5.828709980170042e-13
34550.056 3.2227671520409466e-12
34600.056 1.7688908583591896e-11
34650.056 4.4409978615056946e-13
34700.056 9.878274009688154e-12
34750.056 3.0805237212840337e-12
34800.056 1.6682687860328621e-12
34850.056 9.36400950626252e-12
34900.056 6.403398254039616e-13
34950.056 1.8413851914264624e-11
35000.056 1.4026687167766513e-11
35050.056 2.2375936913215142e-11
35100.056 3.883503796848715e-11
35150.056 3.4605981992935326e-11
35200.056 3.516476740658685e-11
35250.056 7.027217556632272e-11
35300.056 9.048386594709273e-12
35350.056 3.959514068817306e-12
35400.056 2.3458303535323626e-12
35450.056 2.352218029472788e-12
35500.056 1.7215981243390748e-11
35550.056 1.6749262393428872e-11
35600.056 3.2459330647118106e-11
35650.056 3.8772504511940566e-11
35700.056 5.5474464719488736e-11
35750.056 4.433861983320257e-11
35800.056 9.168114842343548e-12
35850.056 6.703338949464366e-12
35900.056 1.1627211079270454e-11
35950.056 3.5928210970677346e-11
36000.056 4.553390450307245e-11
36050.056 3.066002001571039e-11
36100.056 2.749447272192982e-11
36150.056 1.9280266223953154e-10
36200.056 1.141547932136163e-10
36250.056 4.4259535450532536e-11
36300.056 1.9214282741459616e-10
36350.056 1.1546142806183694e-10
36400.056 1.6854945302157764e-10
36450.056 9.097867639750749e-11
36500.056 8.179417648020621e-11
36550.056 3.500509648899841e-10
36600.056 4.2399735374997416e-10
36650.056 1.2661388007726997e-10
36700.056 2.2290577628967245e-10
36750.056 4.658621799201116e-10
36800.056 5.094358028992931e-10
36850.056 1.459853590554123e-10
36900.056 1.7145286209280005e-10
36950.056 6.095527426160928e-10
37000.056 3.613391230126135e-10
37050.056 5.903951194255437e-10
37100.056 8.462764404517808e-11
37150.056 2.3471638635340636e-10
37200.056 9.74954542830079e-10
37250.056 3.8172388461640103e-10
37300.056 1.296047719314593e-10
37350.056 2.707538164815764e-10
37400.056 5.451357021638728e-10
37450.056 1.9589900215578385e-10
37500.056 2.133206916876295e-10
37550.056 1.137340571745259e-09
37600.056 2.19958848539982e-09
37650.056 2.268111373207546e-10
37700.056 5.812279516041109e-10
37750.056 4.793378726809637e-10
37800.056 4.942542230531216e-10
37850.056 2.679697988629894e-10
37900.056 2.47323290264742e-10
37950.056 4.4548243178700973e-10
38000.056 3.3668589414971713e-10
38050.056 9.977500996705962e-10
38100.056 1.5475227247999475e-09
38150.056 2.01816465959746e-09
38200.056 9.916533812796769e-10
38250.056 1.877099580747634e-09
38300.056 4.068950068667348e-09
38350.056 1.91772815886844e-09
38400.056 4.616880661894184e-10
38450.056 1.0367168823066061e-10
38500.056 1.5345336373784958e-10
38550.056 9.818106732301029e-10
38600.056 1.5355144019497997e-09
38650.056 1.1243070122081753e-09
38700.056 6.946175464178874e-10
38750.056 1.1416092589321323e-09
38800.056 1.006251242702029e-09
38850.056 1.298099682720202e-09
38900.056 1.3946134159159638e-09
38950.056 7.678081998342151e-10
39000.056 1.920713344692725e-09
39050.056 4.4857482506321663e-10
39100.056 8.924111587180179e-10
39150.056 2.135829206250033e-09
39200.056 1.6537480624400174e-09
39250.056 1.8183197803250574e-09
39300.056 1.2094786368903419e-09
39350.056 3.5954016467300416e-09
39400.056 1.4648343362392303e-09
39450.056 2.825373046203043e-09
39500.056 3.4556085055497576e-09
39550.056 9.256613923161303e-10
39600.056 2.140775030292724e-09
39650.056 4.9288845846999614e-09
39700.056 4.206026907200046e-09
39750.056 9.75083514999844e-10
39800.056 7.220005477708058e-10
39850.056 4.301224550700495e-09
39900.056 5.8393519916000586e-09
39950.056 1.7135432182401155e-09
40000.056 3.4797990199001346e-09
40050.056 4.030189045587711e-09
40100.056 6.662364252149364e-10
40150.056 3.1519956427003417e-09
40200.056 4.419884787399668e-09
40250.056 5.382824768899301e-09
40300.056 5.345168276500456e-09
40350.056 1.7355195323873566e-09
40400.056 2.5109215629969793e-09
40450.056 1.038772103495047e-09
40500.056 4.646465142180172e-09
40550.056 5.087699266999341e-09
40600.056 6.1291660904998545e-09
40650.056 3.1724696578457798e-09
40700.056 6.192317105499901e-09
40750.056 4.238598944659617e-09
40800.056 1.98571982754977e-09
40850.056 8.808001049500857e-09
40900.056 8.959879341999412e-09
40950.056 4.47681549441196e-09
41000.056 3.7882597962797765e-09
41050.056 9.974864356200396e-09
41100.056 8.109207428119222e-09
41150.056 1.4775219309198581e-09
41200.056 8.944682214961262e-09
41250.056 8.38014746984859e-09
41300.056 9.461124727101206e-09
41350.056 1.46865972520001e-08
41400.056 1.0214675106099425e-08
41450.056 1.2533878555700087e-08
41500.056 5.484507847148979e-09
41550.056 4.932061693900849e-09
41600.056 5.915788297039548e-09
41650.056 1.2463080817301245e-08
41700.056 1.881323283499935e-08
41750.056 1.3297468752500423e-08
41800.056 1.4979312489999668e-08
41850.056 9.38617985619927e-09
41900.056 6.770178136448406e-09
41950.056 6.329212940299456e-09
42000.056 1.893049478854043e-09
42050.056 3.106789182000339e-09
42100.056 5.9586095231998075e-09
42150.056 7.581724013799822e-09
42200.056 9.337083004499781e-09
42250.056 6.811324585200662e-09
42300.056 5.610864909799585e-09
42350.056 1.2247286768700436e-08
42400.056 1.6377117427000614e-08
42450.056 1.9269239083000794e-08
42500.056 2.0905598629999713e-08
42550.056 1.7975200320999584e-08
42600.056 1.2842682661201738e-08
42650.056 1.908439571359836e-08
42700.056 7.508747071399324e-09
42750.056 1.5378804038601712e-08
42800.056 2.5048358950000372e-08
42850.056 2.5729067724998756e-08
42900.056 2.3838299977000492e-08
42950.056 1.8426711728800754e-08
43000.056 2.1177433403999432e-08
43050.056 1.0615980813799041e-08
43100.056 1.7008915726400817e-08
43150.056 1.8046182742000293e-08
43200.056 2.3610367561000802e-08
43250.056 3.2226522336000336e-08
43300.056 2.6624177196998748e-08
43350.056 1.559664575469979e-08
43400.056 2.170923159700028e-08
43450.056 1.4693483524199998e-08
43500.056 1.1538874943200262e-08
43550.056 1.4094585801700867e-08
43600.056 2.5788806601999754e-08
43650.056 1.3448228798298959e-08
43700.056 2.426835828580335e-08
43750.056 3.028565338499906e-08
43800.056 2.3290759737999527e-08
43850.056 2.026767167640128e-08
43900.056 1.4453386247800104e-08
43950.056 1.1109654996699558e-08
44000.056 1.1466588037200003e-08
44050.056 2.6233020717002316e-08
44100.056 3.706123670300034e-08
44150.056 3.24454844429991e-08
44200.056 3.094502957099992e-08
44250.056 1.781342756999898e-08
44300.056 1.0479150310899771e-08
44350.056 1.0135297056100352e-08
44400.056 1.236591798579994e-08
44450.056 2.1748559295001902e-08
44500.056 1.931181885299981e-08
44550.056 2.6209412141000343e-08
44600.056 1.9356465123900165e-08
44650.056 2.2858442880998923e-08
44700.056 1.5939198736198615e-08
44750.056 2.0704708554301056e-08
44800.056 1.3324970755299687e-08
44850.056 1.936628929100099e-08
44900.056 1.9604456913999582e-08
44950.056 2.4612520840001372e-08
45000.056 2.8558183088999762e-08
45050.056 2.4175500273998327e-08
45100.056 2.1611680042901394e-08
45150.056 1.9239182336999406e-08
45200.056 1.1228401945399797e-08
45250.056 1.4044328848899495e-08
45300.056 1.3388235933700167e-08
45350.056 8.48805649030119e-09
45400.056 2.8386028525000883e-08
45450.056 2.3674038108001634e-08
45500.056 3.060472285400152e-08
45550.056 3.282517781699737e-08
45600.056 2.874373104600074e-08
45650.056 2.464585385499807e-08
45700.056 1.159045435919852e-08
45750.056 9.795920646701128e-09
45800.056 2.6377830915000256e-08
45850.056 2.0876375051701387e-08
45900.056 3.3184792266999796e-08
45950.056 3.309438934899871e-08
46000.056 3.064351044400051e-08
46050.056 2.4625492835001898e-08
46100.056 3.204614555999831e-08
46150.056 1.8823513540399904e-08
46200.056 1.238615683869824e-08
46250.056 3.834267888540067e-09
46300.056 1.577518811140139e-08
46350.056 1.9631309060000533e-08
46400.056 2.066436422400042e-08
46450.056 1.4362821954499048e-08
46500.056 1.9790267330000453e-08
46550.056 1.0514425798498723e-08
46600.056 8.777295988099415e-09
46650.056 1.6773850882300756e-08
46700.056 1.2089811552098754e-08
46750.056 3.839275086900378e-09
46800.056 2.195457235759712e-09
46850.056 1.2192577356802183e-08
46900.056 2.1470082955000253e-08
46950.056 2.3380072109999674e-08
47000.056 2.461777349900041e-08
47050.056 1.347877842899748e-08
47100.056 1.1383068121700223e-08
47150.056 1.616745538380139e-08
47200.056 1.7329544751999272e-08
47250.056 5.891639061728537e-09
47300.056 4.177797709091383e-09
47350.056 1.644858556500119e-08
47400.056 2.088018149799981e-08
47450.056 1.124742578890016e-08
47500.056 2.267225415700157e-08
47550.056 2.1941685450000042e-08
47600.056 1.3355829107898659e-08
47650.056 1.634142205119928e-08
47700.056 1.2954685881201113e-08
47750.056 1.0066775422899918e-08
47800.056 5.399150345099585e-09
47850.056 1.5751031251403254e-09
47900.056 3.2417295914301524e-09
47950.056 1.216000377680124e-08
48000.056 1.5749340202498714e-08
48050.056 1.1652107309300166e-08
48100.056 5.730365680899794e-09
48150.056 1.1597443882700578e-08
48200.056 6.015171175499055e-09
48250.056 1.099985994680047e-08
48300.056 1.3406299883999656e-08
48350.056 6.932336188998958e-09
48400.056 1.0547994854276873e-09
48450.056 2.111085193526534e-09
48500.056 5.026907349819408e-09
48550.056 6.7500016035715745e-09
48600.056 1.5992218095000587e-08
48650.056 1.9199954979999804e-08
48700.056 1.4932291577000463e-08
48750.056 1.28089307044e-08
48800.056 1.4657301541999801e-08
48850.056 5.7719536279991915e-09
48900.056 4.607179708729459e-09
48950.056 2.0950031036498985e-09
49000.056 1.4871726907403996e-09
49050.056 5.401269017619538e-09
49100.056 8.832308359041398e-09
49150.056 8.117720579199795e-09
49200.056 1.4787511914400933e-08
49250.056 1.5936372570999816e-08
49300.056 1.1575671336998907e-08
49350.056 4.184825471240645e-09
49400.056 5.1161716218490794e-09
49450.056 3.552643014930672e-09
49500.056 2.6273338260794693e-09
49550.056 4.358595887899865e-10
49600.056 1.0885309800542227e-09
49650.056 4.9870669083006235e-09
49700.056 7.996268874800089e-09
49750.056 5.050904546829617e-09
49800.056 2.5714491651000894e-09
49850.056 8.428232962400806e-09
49900.056 1.078602048429996e-08
49950.056 9.59580167269958e-09
50000.056 4.357952117319177e-09
50050.056 4.287006099870681e-09
50100.056 4.037196140299718e-09
50150.056 1.2243632100397565e-09
50200.056 2.296475162740571e-10
50250.056 1.0764516874000034e-09
50300.056 8.656551773601801e-10
50350.056 4.435602855500466e-09
50400.056 7.183884067900115e-09
50450.056 6.919565803299993e-09
50500.056 9.378401680500422e-09
50550.056 1.0621307914999865e-08
50600.056 6.0423785303992e-09
50650.056 9.41692418200037e-09
50700.056 7.714780625599564e-09
50750.056 3.899642785299656e-09
50800.056 8.731182835977599e-10
50850.056 4.051713382761411e-10
50900.056 2.970562747400406e-09
50950.056 4.079746247299646e-09
51000.056 2.5568659880205595e-09
51050.056 5.4297835176994864e-09
51100.056 2.2452394318899465e-09
51150.056 1.2688143746403055e-09
51200.056 5.702318268600369e-09
51250.056 5.319818321299701e-09
51300.056 3.05188722629991e-09
51350.056 1.730205543909623e-09
51400.056 4.519653516600787e-10
51450.056 4.1074557600390004e-10
51500.056 4.2846313585612324e-10
51550.056 1.821068863300271e-09
51600.056 2.942166642200164e-09
51650.056 4.419150999400045e-09
51700.056 3.11756095381938e-09
51750.056 2.560284538970525e-09
51800.056 5.101676359800016e-09
51850.056 3.864048860399773e-09
51900.056 2.825998281599891e-09
51950.056 1.2046835996697656e-09
52000.056 2.0033733984596816e-10
52050.056 6.802048925700349e-10
52100.056 3.8294818723992785e-10
52150.056 2.356763896820628e-10
52200.056 9.119812489500493e-10
52250.056 1.6899401737501453e-09
52300.056 1.6478204359398585e-09
52350.056 4.017727295709719e-10
52400.056 4.866744702100204e-10
52450.056 2.018141245070242e-09
52500.056 1.4449369359099277e-09
52550.056 2.8041515736997926e-09
52600.056 2.8134419273703286e-09
52650.056 3.517266389099845e-09
52700.056 1.7198027318398217e-09
52750.056 4.65664973036879e-10
52800.056 9.608277488001497e-10
52850.056 1.1437077834798318e-09
52900.056 3.4132207144389523e-10
52950.056 5.968482256101077e-10
53000.056 1.5543826328000375e-09
53050.056 6.434274838999755e-10
53100.056 2.5606818014002894e-09
53150.056 2.7353269418998725e-09
53200.056 1.2813383651599272e-09
53250.056 2.223072494299939e-09
53300.056 2.029648278890148e-09
53350.056 1.7755189287999312e-09
53400.056 1.0526287690298946e-09
53450.056 3.6021848340993733e-10
53500.056 1.2906511907998243e-10
