galfind/configs/Brown_Dwarf_templates/sonora_bobcat/m+0.5/3160g/sp_t275g3160nc_m+0.5_resample.dat
# %ECSV 1.0
# ---
# datatype:
# - {name: wav, unit: Angstrom, datatype: float64}
# - {name: flux_nu, unit: erg / (cm2 Hz s), datatype: float64}
# meta: {C/O: '1.00', Kzz: '1.0000E+05', Teff: '275.', Y: '0.28', '[Fe/H]': '0.50', f_hole: '1.00', f_rain: '0.00', grav: '3160.'}
# schema: astropy-2.0
wav flux_nu
4000.0559999999996 nan
4050.0559999999996 5.71831353670008e-18
4100.056 8.608884637500106e-17
4150.056 3.5931568252000263e-16
4200.056 7.43860448260004e-16
4250.056 1.989270611800012e-15
4300.056 4.075631262800018e-15
4350.056 7.217802165600027e-15
4400.056 1.1922790887800041e-14
4450.056 1.8500853059000063e-14
4500.056 2.8135961175000082e-14
4550.056 3.938736123600003e-14
4600.056 4.168297108900009e-14
4650.056 5.038457605200006e-14
4700.056 5.4862282744000006e-14
4750.056 4.87220038349999e-14
4800.056 3.737048301099989e-14
4850.056 2.658572582699992e-14
4900.056 2.1601418502999966e-14
4950.056 1.8333226693999967e-14
5000.056 1.395627655299995e-14
5050.056 1.0647621188599991e-14
5100.056 1.0942875164000014e-14
5150.056 1.165646064000001e-14
5200.056 1.2853413911000013e-14
5250.056 1.3788598608000008e-14
5300.056 1.463260957700001e-14
5350.056 1.5475545469000005e-14
5400.056 1.5751442558000002e-14
5450.056 1.6509813890000013e-14
5500.056 1.7610955069000015e-14
5550.056 1.8892673976000012e-14
5600.056 1.980187117000001e-14
5650.056 2.0083585455999992e-14
5700.056 1.8557512264e-14
5750.056 1.8063326591999986e-14
5800.056 1.6138597930999975e-14
5850.056 1.1660487887699876e-14
5900.056 3.634089488454089e-15
5950.056 1.7777260440000258e-14
6000.056 3.6891421488000316e-14
6050.056 7.387603418400069e-14
6100.056 1.3086508749000097e-13
6150.056 2.110501201200013e-13
6200.056 3.1984157971000163e-13
6250.056 4.4203373271000167e-13
6300.056 6.271569943500027e-13
6350.056 8.740888721600037e-13
6400.056 1.1892945557000058e-12
6450.056 1.4109203005999994e-12
6500.056 1.8415451593000175e-12
6550.056 2.532953300599998e-12
6600.056 3.4288793883000293e-12
6650.056 4.727242682300022e-12
6700.056 5.997108362000025e-12
6750.056 7.900815052700032e-12
6800.056 9.304448243800015e-12
6850.056 9.358712125299986e-12
6900.056 6.920556491099909e-12
6950.056 4.1925104131000405e-12
7000.056 4.456562014299947e-12
7050.056 4.186280646100011e-12
7100.056 4.560776372499994e-12
7150.056 2.8020807634109175e-12
7200.056 1.2893051693740152e-12
7250.056 1.4014800016699314e-12
7300.056 1.326863132030049e-12
7350.056 2.0878939460100117e-12
7400.056 2.9890918776000133e-12
7450.056 4.129755394600037e-12
7500.056 4.9201100869000034e-12
7550.056 5.332409305500009e-12
7600.056 5.360311304799996e-12
7650.056 3.017747977899944e-12
7700.056 2.966645766700048e-12
7750.056 6.227253232500062e-12
7800.056 8.438066273500039e-12
7850.056 1.00655861614e-11
7900.056 1.2737114136200079e-11
7950.056 1.519041072200003e-11
8000.056 2.006251484100011e-11
8050.056 2.438300050300005e-11
8100.056 1.3819399928899592e-11
8150.056 4.225080309740366e-12
8200.056 1.6230683950899925e-11
8250.056 1.768859320599771e-11
8300.056 1.6431019832999575e-11
8350.056 1.88682794781002e-11
8400.056 3.0349005268001095e-11
8450.056 5.373469043900071e-11
8500.056 7.45351501520007e-11
8550.056 9.710015832800094e-11
8600.056 1.1971680420000066e-10
8650.056 1.2905002773000003e-10
8700.056 1.1609705849999953e-10
8750.056 1.091290922699998e-10
8800.056 8.672819241499849e-11
8850.056 4.7225873603997296e-11
8900.056 2.7912272819585556e-12
8950.056 3.089505667620173e-13
9000.056 3.1265372999139277e-13
9050.056 4.529326153279992e-12
9100.056 4.045184452600518e-12
9150.056 5.190029590699626e-12
9200.056 1.1558212977991066e-11
9250.056 6.754519776449002e-12
9300.056 6.0838237300258924e-15
9350.056 1.645858461960567e-15
9400.056 1.627224485414771e-13
9450.056 1.451400188299331e-14
9500.056 2.476263590706443e-14
9550.056 1.8354192254124114e-14
9600.056 5.576669193120826e-14
9650.056 2.399863070987807e-13
9700.056 2.6078638349779412e-12
9750.056 2.413185887490307e-12
9800.056 3.9398252474998465e-12
9850.056 6.856571637640015e-12
9900.056 1.2936834941500623e-11
9950.056 1.5096553360300374e-11
10000.056 1.3811190744714196e-11
10050.056 1.3484394404199575e-11
10100.056 1.0399557047999944e-11
10150.056 4.838947850699706e-12
10200.056 1.1466465803099959e-12
10250.056 1.2320647866100377e-12
10300.056 3.114876501589872e-12
10350.056 1.103799718580093e-12
10400.056 3.737568110000194e-12
10450.056 6.920667465499881e-12
10500.056 1.1348016484200337e-11
10550.056 1.9333042686000306e-11
10600.056 2.416097803500016e-11
10650.056 2.3884267623999874e-11
10700.056 1.9118784415999758e-11
10750.056 1.712344537399974e-11
10800.056 1.4938758175200184e-11
10850.056 1.2096340226099844e-11
10900.056 9.2753914925997e-12
10950.056 4.898410889099905e-12
11000.056 2.1092517214698596e-12
11050.056 5.188578536989757e-13
11100.056 7.478884307931435e-14
11150.056 7.015524831678247e-15
11200.056 1.6345701626927716e-15
11250.056 1.840444291052903e-15
11300.056 1.3158668027504174e-14
11350.056 2.025207091846015e-15
11400.056 3.628628629240007e-14
11450.056 1.4290582626334538e-14
11500.056 1.1450965448557881e-14
11550.056 2.692450742444854e-15
11600.056 6.051252093277967e-16
11650.056 8.295542402550497e-15
11700.056 2.1887291367225613e-14
11750.056 9.534621586091171e-15
11800.056 5.864728940153977e-14
11850.056 6.209243169664338e-14
11900.056 9.691685957200178e-14
11950.056 1.6708313064100296e-13
12000.056 2.2138975381500811e-13
12050.056 3.5554639641500587e-13
12100.056 3.6902039771300364e-13
12150.056 5.313860466410067e-13
12200.056 6.411216688599922e-13
12250.056 1.3938430361140708e-12
12300.056 3.0027340079801324e-12
12350.056 4.366798727820183e-12
12400.056 8.523304826500266e-12
12450.056 1.67455894110005e-11
12500.056 2.195737597399963e-11
12550.056 2.384726508300051e-11
12600.056 3.88126271170013e-11
12650.056 6.58389138270018e-11
12700.056 7.68827186699987e-11
12750.056 4.94780564279993e-11
12800.056 2.94244361859987e-11
12850.056 1.3064861493499228e-11
12900.056 6.3322177739997785e-12
12950.056 4.3469574434899945e-12
13000.056 4.6206688394002226e-12
13050.056 2.0580379372508175e-12
13100.056 2.3163731318198953e-12
13150.056 7.776745403960869e-13
13200.056 8.090828975838088e-13
13250.056 1.0133700138661507e-12
13300.056 2.0286955109571274e-13
13350.056 1.1711669901875134e-13
13400.056 1.7318740286651863e-14
13450.056 1.0729010671076543e-15
13500.056 6.554969174685749e-17
13550.056 2.1673249648732143e-18
13600.056 1.9545703158219236e-19
13650.056 1.4146650691686026e-18
13700.056 4.954020694683054e-19
13750.056 1.1381003960560351e-17
13800.056 1.5199160644120484e-17
13850.056 1.8930759475740947e-18
13900.056 1.308355198200244e-17
13950.056 5.67040888916794e-18
14000.056 3.8582162269507966e-17
14050.056 3.704935589260716e-17
14100.056 3.8599066175484387e-17
14150.056 3.345335373584234e-16
14200.056 3.0319576924921277e-16
14250.056 6.724111462891815e-16
14300.056 3.078882276154024e-15
14350.056 2.5191159788945835e-15
14400.056 2.3693755418245843e-15
14450.056 7.249221037337254e-15
14500.056 2.7364629380576808e-14
14550.056 7.92162350426907e-14
14600.056 1.659601618656267e-13
14650.056 2.745416745379e-14
14700.056 7.78145933091598e-15
14750.056 3.2409696120563205e-15
14800.056 1.8182368054131138e-15
14850.056 1.84319442396642e-15
14900.056 1.0332698484017427e-15
14950.056 3.2392661518012213e-16
15000.056 2.3969433671863257e-15
15050.056 8.752866955899863e-15
15100.056 1.6789652191634874e-15
15150.056 2.8640892483982406e-16
15200.056 3.611194995701804e-15
15250.056 9.716079701923498e-15
15300.056 2.4027305974998144e-14
15350.056 3.644345931148098e-14
15400.056 4.669262053759382e-14
15450.056 1.1209422469055952e-13
15500.056 2.8565101893600364e-13
15550.056 1.0383583755072044e-12
15600.056 2.9660230104399592e-12
15650.056 8.68508811450104e-12
15700.056 2.0706211458200892e-11
15750.056 3.143663186100074e-11
15800.056 4.6572996071000975e-11
15850.056 6.802726812100282e-11
15900.056 7.973397115900013e-11
15950.056 1.0287721971200022e-10
16000.056 9.264127489099826e-11
16050.056 6.349801910899727e-11
16100.056 2.998017359299956e-11
16150.056 1.1596755072798771e-11
16200.056 2.4793989674798704e-12
16250.056 6.467671525734814e-13
16300.056 1.7357740560689469e-13
16350.056 1.0503333477206158e-13
16400.056 9.308991605967376e-14
16450.056 1.2681291164037358e-13
16500.056 9.391057013379799e-14
16550.056 1.3297615865396784e-13
16600.056 9.86103247503012e-13
16650.056 2.717895269327019e-13
16700.056 5.3307526778215214e-14
16750.056 2.1524627385736973e-13
16800.056 3.6415079273779354e-13
16850.056 3.065528056146041e-13
16900.056 8.04023356183486e-14
16950.056 5.804525502162431e-14
17000.056 1.838912966379805e-14
17050.056 3.901815746096428e-14
17100.056 1.403937020805031e-13
17150.056 8.975029365189572e-14
17200.056 4.846038957453325e-13
17250.056 3.5430204486744434e-14
17300.056 3.907501792603733e-14
17350.056 9.527583432693399e-14
17400.056 2.8063697046441525e-13
17450.056 4.452398336809556e-13
17500.056 9.434066643510174e-13
17550.056 7.553017104657913e-13
17600.056 8.774085530880375e-13
17650.056 3.3963374561228777e-13
17700.056 2.861162163478359e-13
17750.056 1.6880056172588107e-13
17800.056 4.028065217430258e-13
17850.056 1.308827858438031e-13
17900.056 6.009997190435144e-14
17950.056 2.766433952997983e-14
18000.056 6.823397937564009e-14
18050.056 1.5303963919223178e-14
18100.056 1.2641946375039272e-14
18150.056 4.5474623066426414e-15
18200.056 3.0510565132862014e-15
18250.056 1.8471279361091347e-14
18300.056 7.674108780681562e-16
18350.056 8.244280228551272e-16
18400.056 2.404693948529536e-16
18450.056 4.472264137600458e-15
18500.056 2.9811301118782798e-15
18550.056 8.870366817623214e-16
18600.056 3.844753164920265e-15
18650.056 3.54284868583505e-15
18700.056 1.5632086108518116e-16
18750.056 2.6524299471751946e-16
18800.056 1.6164396007083297e-14
18850.056 9.528460869939175e-15
18900.056 2.4645847348339573e-14
18950.056 2.710429737011714e-14
19000.056 1.2996246830175252e-15
19050.056 6.699262516825817e-16
19100.056 4.282709047294795e-15
19150.056 1.7803082131142026e-15
19200.056 6.3102851251194094e-15
19250.056 4.374268111854062e-15
19300.056 1.7379809576731494e-15
19350.056 2.7420462500988146e-15
19400.056 1.2047253423753018e-15
19450.056 8.87433842737099e-16
19500.056 9.909476647791936e-16
19550.056 4.333252142379238e-15
19600.056 1.0398937592037316e-14
19650.056 8.85535729766891e-15
19700.056 2.02558279551152e-14
19750.056 2.7260859301093177e-14
19800.056 1.1491842633090632e-14
19850.056 2.1585901229793313e-14
19900.056 5.042881996498809e-14
19950.056 5.575879927765566e-14
20000.056 6.768670208125746e-14
20050.056 4.7757426839942753e-14
20100.056 8.770288527796668e-14
20150.056 7.316524697661468e-14
20200.056 4.181985069155552e-14
20250.056 1.4726541767021511e-13
20300.056 2.104447826219289e-13
20350.056 2.615013639629777e-13
20400.056 2.703637599610035e-13
20450.056 5.151839755530838e-13
20500.056 5.749049389900132e-13
20550.056 6.264262008499554e-13
20600.056 7.001908633500521e-13
20650.056 7.430325663899725e-13
20700.056 7.909970577299899e-13
20750.056 7.740153896499999e-13
20800.056 7.330824392299867e-13
20850.056 7.673436449299997e-13
20900.056 7.437763176200017e-13
20950.056 6.953012889699956e-13
21000.056 6.531989225499976e-13
21050.056 6.602424949799986e-13
21100.056 6.458748609799982e-13
21150.056 6.549862799500033e-13
21200.056 6.597160493100003e-13
21250.056 6.736813897899862e-13
21300.056 6.542721385900049e-13
21350.056 6.442321551599715e-13
21400.056 6.933324997200246e-13
21450.056 5.565904689220172e-13
21500.056 4.598837841690972e-13
21550.056 4.664680376039269e-13
21600.056 4.440285500024831e-13
21650.056 3.41911578360696e-13
21700.056 2.7463033690348545e-13
21750.056 2.7800652045183975e-13
21800.056 1.8408132350268484e-13
21850.056 1.6706850444644267e-13
21900.056 1.0605085936644393e-13
21950.056 3.209725326750034e-14
22000.056 1.0293088470236311e-15
22050.056 2.2622665442092614e-15
22100.056 7.743860120770507e-15
22150.056 3.937089263472951e-15
22200.056 3.658797199072119e-15
22250.056 2.7733659423494213e-15
22300.056 4.232010027624096e-16
22350.056 1.4509825674110282e-15
22400.056 3.5750066063616285e-16
22450.056 9.045541478148649e-16
22500.056 5.299993071212941e-16
22550.056 1.0702894866299491e-16
22600.056 5.832610556293302e-17
22650.056 4.621935635056214e-17
22700.056 1.1779821836964796e-16
22750.056 4.462055762306569e-16
22800.056 6.633535882845621e-16
22850.056 3.045732188590358e-16
22900.056 2.0283170548533348e-16
22950.056 9.117379657058071e-17
23000.056 8.054450874697628e-17
23050.056 3.3155182001694775e-17
23100.056 8.486452273771263e-15
23150.056 9.506894268118003e-15
23200.056 4.773980532039604e-17
23250.056 8.848054361846991e-16
23300.056 4.1151889309594377e-16
23350.056 7.050416469823523e-16
23400.056 6.449819227579377e-16
23450.056 1.1797510915354169e-16
23500.056 1.1188987033893172e-16
23550.056 4.41375092200576e-16
23600.056 3.3597670870574126e-15
23650.056 6.296916258568451e-15
23700.056 1.607013755222093e-16
23750.056 4.208166475940266e-16
23800.056 8.142474699076386e-15
23850.056 2.150086756298808e-15
23900.056 9.73935281218537e-15
23950.056 2.1129762571680187e-15
24000.056 1.4422675610668102e-14
24050.056 1.3962997066749956e-14
24100.056 4.759679027901277e-14
24150.056 7.106041160892956e-14
24200.056 4.28119428756281e-14
24250.056 2.0699113332689e-14
24300.056 9.674755233786388e-14
24350.056 7.054728895094863e-14
24400.056 2.6213285823507746e-13
24450.056 2.68926354975006e-13
24500.056 2.0663206114649175e-13
24550.056 5.65370097870553e-13
24600.056 8.482745310059265e-13
24650.056 1.2747776185941013e-12
24700.056 8.042088716337881e-13
24750.056 1.3768524246141228e-12
24800.056 1.0693969915400359e-12
24850.056 1.1964748696241278e-12
24900.056 6.412109038121249e-13
24950.056 9.16158463087323e-13
25000.056 1.4874703440248476e-12
25050.056 5.713529003931876e-13
25100.056 9.412346178637055e-13
25150.056 3.58280920239968e-13
25200.056 5.309150962890474e-13
25250.056 1.8637768707035415e-13
25300.056 1.4179391169717828e-13
25350.056 8.876628007989189e-14
25400.056 1.9812794359290226e-13
25450.056 5.715200494899304e-14
25500.056 4.3971843312299023e-14
25550.056 1.111242306173004e-13
25600.056 4.0199155044447266e-14
25650.056 1.6293750452708656e-14
25700.056 1.5026069903717287e-14
25750.056 7.41851002630321e-15
25800.056 2.881450870158283e-14
25850.056 6.017446676614705e-15
25900.056 6.191668616866754e-15
25950.056 4.946665438750804e-15
26000.056 1.879502963782342e-14
26050.056 6.080440606203306e-15
26100.056 1.4536778504431606e-14
26150.056 9.430427171412497e-15
26200.056 1.115065413766402e-14
26250.056 3.663812465318766e-14
26300.056 1.3896750658495897e-14
26350.056 6.292551338702269e-14
26400.056 1.3761101353937348e-13
26450.056 7.62699924721386e-14
26500.056 1.6453581370409306e-13
26550.056 3.8266341590058207e-14
26600.056 3.252604120521098e-14
26650.056 1.1878773754948435e-14
26700.056 1.2607235500702255e-14
26750.056 1.6925043842397644e-14
26800.056 3.861361371649177e-14
26850.056 3.2156709212708465e-14
26900.056 7.707497227369637e-14
26950.056 2.7361481015745958e-14
27000.056 8.620899854910197e-14
27050.056 1.4899961839299286e-13
27100.056 2.2745141655471672e-14
27150.056 1.1875873248199804e-13
27200.056 2.3699953804702348e-14
27250.056 4.742094563317324e-14
27300.056 2.9516031716100054e-13
27350.056 1.0774557394934972e-13
27400.056 2.2369571139016756e-14
27450.056 1.5847869511902208e-13
27500.056 1.9060728312807771e-13
27550.056 6.045567960849349e-14
27600.056 1.4091927108200327e-13
27650.056 5.826672963950572e-14
27700.056 6.830092819159445e-14
27750.056 2.1406024465821191e-13
27800.056 1.1207176176510464e-13
27850.056 1.768067197844888e-13
27900.056 2.3960188463326073e-13
27950.056 2.940408733859739e-13
28000.056 3.888947599447915e-13
28050.056 6.552612082961514e-14
28100.056 4.3137050140514085e-13
28150.056 3.412273844789015e-13
28200.056 9.582790214976495e-14
28250.056 4.559545458740007e-13
28300.056 3.6166799445795797e-13
28350.056 7.733645967133006e-14
28400.056 3.421201449206883e-13
28450.056 2.7149369449984437e-13
28500.056 1.3681893294613913e-13
28550.056 9.58324926535519e-14
28600.056 4.423082801829067e-13
28650.056 9.384556300612706e-14
28700.056 4.216026135223974e-13
28750.056 6.05724502969276e-13
28800.056 9.110796318774937e-14
28850.056 1.0660569788730281e-12
