galfind/configs/Brown_Dwarf_templates/sonora_bobcat/m+0.5/3160g/sp_t225g3160nc_m+0.5_resample.dat
# %ECSV 1.0
# ---
# datatype:
# - {name: wav, unit: Angstrom, datatype: float64}
# - {name: flux_nu, unit: erg / (cm2 Hz s), datatype: float64}
# meta: {C/O: '1.00', Kzz: '1.0000E+05', Teff: '225.', Y: '0.28', '[Fe/H]': '0.50', f_hole: '1.00', f_rain: '0.00', grav: '3160.'}
# schema: astropy-2.0
wav flux_nu
[from data line 498]
28900.056 5.288867982503967e-15
28950.056 4.138535506496978e-15
29000.056 4.152388191273696e-15
29050.056 9.422996209648199e-15
29100.056 1.7326382614148077e-16
29150.056 2.5246438349622824e-16
29200.056 2.450653944756354e-14
29250.056 6.953685329785113e-15
29300.056 6.724968472666586e-16
29350.056 1.0534984606309495e-14
29400.056 1.1453130391090041e-14
29450.056 1.5631846090691181e-15
29500.056 1.9014688308854365e-14
29550.056 1.4253404786186075e-14
29600.056 1.2989559894441113e-15
29650.056 1.1904450159707065e-14
29700.056 1.2571652696195312e-14
29750.056 4.3922462001473e-14
29800.056 3.1468840198226992e-15
29850.056 2.8422657901588625e-14
29900.056 6.3572265990450665e-15
29950.056 4.25640881999406e-15
30000.056 1.3633535913030566e-17
30050.056 5.055937209218475e-15
30100.056 1.6122101440971235e-14
30150.056 1.751784468715299e-14
30200.056 1.208525546490099e-13
30250.056 4.809482886098226e-14
30300.056 4.41364396302319e-14
30350.056 4.140634538678009e-14
30400.056 1.6557119831211752e-13
30450.056 1.7602023675655335e-13
30500.056 1.4963276567011854e-14
30550.056 2.2521934823311462e-14
30600.056 1.0653182819666437e-12
30650.056 3.690121316326303e-13
30700.056 1.0411743564619164e-14
30750.056 1.6412239322480542e-13
30800.056 6.186218311725377e-13
30850.056 6.017288225440663e-13
30900.056 8.290998491519911e-14
30950.056 1.8477909595265094e-13
31000.056 2.103033236069814e-13
31050.056 2.3211889796737874e-14
31100.056 6.697136409319723e-15
31150.056 1.279527514906376e-13
31200.056 4.784559021379641e-13
31250.056 4.294164127919234e-13
31300.056 2.724753882267351e-14
31350.056 4.0073161214301883e-13
31400.056 3.495448680099985e-13
31450.056 2.317253929313881e-13
31500.056 5.680829708036077e-14
31550.056 1.7288548883589056e-13
31600.056 1.2334891013266652e-13
31650.056 5.256560984725461e-14
31700.056 4.392213826941119e-14
31750.056 1.477485830627983e-14
31800.056 2.2054006128997933e-14
31850.056 1.7089653753582242e-15
31900.056 5.3186027674411415e-15
31950.056 1.370887352399057e-15
32000.056 1.1668487181521782e-15
32050.056 4.654732562093865e-16
32100.056 3.220399206723934e-16
32150.056 1.7113405292227788e-16
32200.056 5.0470232271322454e-17
32250.056 1.163086881798141e-16
32300.056 1.5178801871061604e-17
32350.056 4.5329098324978425e-17
32400.056 3.0419091282306257e-18
32450.056 2.791232393882644e-17
32500.056 2.3885605327501977e-18
32550.056 1.6381326372310374e-17
32600.056 8.155593105789319e-19
32650.056 2.054430571156068e-17
32700.056 1.137184469027197e-18
32750.056 4.921676546500868e-17
32800.056 1.0566798855018267e-17
32850.056 2.2207946721701967e-16
32900.056 7.684383600852182e-17
32950.056 2.7090483265411117e-16
33000.056 7.341714617328475e-17
33050.056 3.087037654994529e-17
33100.056 5.221784961684485e-18
33150.056 1.628262519614164e-20
33200.056 5.388131675167244e-18
33250.056 8.197296700218823e-18
33300.056 2.1489672322770964e-16
33350.056 5.004117052157313e-17
33400.056 3.780268726109685e-16
33450.056 1.2984416001068151e-17
33500.056 1.8548881941431525e-16
33550.056 2.866899209577806e-17
33600.056 1.0963334694833888e-16
33650.056 1.8130688531277647e-16
33700.056 2.0259866777957235e-17
33750.056 2.4576670804090077e-16
33800.056 1.1226560055455183e-17
33850.056 1.3961848556688828e-16
33900.056 1.4663835711693247e-16
33950.056 2.4306337916102516e-16
34000.056 8.514155895552178e-16
34050.056 1.2295714025421568e-16
34100.056 1.313376577664084e-15
34150.056 4.1055553193175383e-16
34200.056 3.42757423835902e-15
34250.056 6.923234713040645e-16
34300.056 1.4892552110491595e-15
34350.056 1.994101438565391e-14
34400.056 1.048623704985144e-15
34450.056 7.603915080851873e-15
34500.056 1.2136659176749557e-15
34550.056 2.379340703834032e-14
34600.056 1.7322770918947688e-13
34650.056 1.3506712930952047e-15
34700.056 7.178329334149482e-14
34750.056 8.993752441760836e-15
34800.056 7.72080086610764e-15
34850.056 2.8091920785368837e-14
34900.056 6.199172690139947e-15
34950.056 6.845638130665889e-14
35000.056 4.5435072864515087e-14
35050.056 2.421379026340595e-13
35100.056 1.5938875629793049e-13
35150.056 5.391906196887851e-13
35200.056 7.95565503173939e-13
35250.056 1.046597638957716e-12
35300.056 4.614080954959891e-14
35350.056 3.4110011030347856e-15
35400.056 1.8830758464056904e-15
35450.056 2.5941189246881253e-15
35500.056 4.816330150211189e-14
35550.056 9.068278593718278e-14
35600.056 1.5878566409026035e-13
35650.056 1.4917792685205975e-13
35700.056 3.337859963103958e-13
35750.056 1.9394693041029694e-13
35800.056 2.6483125513548014e-14
35850.056 2.2041142100630444e-14
35900.056 8.139569759840096e-14
35950.056 4.911432761621864e-13
36000.056 7.228241442193292e-13
36050.056 3.6315431543700537e-13
36100.056 2.397878803551297e-13
36150.056 5.014953981799381e-12
36200.056 1.433922677292169e-12
36250.056 4.056654806259223e-13
36300.056 2.3116344608677514e-12
36350.056 2.22544610179406e-12
36400.056 2.1823578348798492e-12
36450.056 9.52695502690792e-13
36500.056 7.515360633674602e-13
36550.056 8.487304744700211e-12
36600.056 1.0185578092000093e-11
36650.056 1.6973023322567327e-12
36700.056 4.636066589386509e-12
36750.056 1.6223556249502273e-11
36800.056 1.3926776044806914e-11
36850.056 2.591765793642567e-12
36900.056 2.1062720497922343e-12
36950.056 1.8948699170170454e-11
37000.056 1.3339487109965005e-11
37050.056 1.794935554771072e-11
37100.056 8.468373509566917e-13
37150.056 2.9703146183462617e-12
37200.056 3.704955643900441e-11
37250.056 1.2335683453014916e-11
37300.056 2.2699055026820736e-12
37350.056 3.1852448122206915e-12
37400.056 9.336449261236973e-12
37450.056 5.357934582299893e-12
37500.056 3.9754872392741466e-12
37550.056 3.4375137836340635e-11
37600.056 8.370248669398979e-11
37650.056 3.791017557833116e-12
37700.056 1.4937331242711826e-11
37750.056 1.3980984568978482e-11
37800.056 1.4253415982645434e-11
37850.056 1.195608416079971e-11
37900.056 5.916324591127967e-12
37950.056 9.313482425559758e-12
38000.056 5.1095292105416724e-12
38050.056 3.0286991785501044e-11
38100.056 5.6989443697352396e-11
38150.056 7.08749153145304e-11
38200.056 3.196575683402562e-11
38250.056 7.423994097222913e-11
38300.056 2.2608866222477034e-10
38350.056 5.232967462672846e-11
38400.056 7.329191330886897e-12
38450.056 8.230032690835439e-13
38500.056 4.670571395553894e-12
38550.056 4.888991190900695e-11
38600.056 1.0328430398799086e-10
38650.056 3.9293289463667736e-11
38700.056 1.2106095903871907e-11
38750.056 4.516269648539553e-11
38800.056 4.170261615010079e-11
38850.056 5.358419371460909e-11
38900.056 4.532530820365266e-11
38950.056 2.9356591923361134e-11
39000.056 1.0726382200588842e-10
39050.056 8.231038492472206e-12
39100.056 1.4859382729250392e-11
39150.056 8.344152660400449e-11
39200.056 9.219756414400074e-11
39250.056 5.7613710191581516e-11
39300.056 4.896734627376402e-11
39350.056 2.223023781190024e-10
39400.056 6.643012873799764e-11
39450.056 1.5806089549257308e-10
39500.056 2.135396177589791e-10
39550.056 3.433952101736974e-11
39600.056 9.973474847604781e-11
39650.056 4.006136674600115e-10
39700.056 3.3470239677998547e-10
39750.056 4.334219286462665e-11
39800.056 1.5448141072167552e-11
39850.056 2.404142645390349e-10
39900.056 4.946034596399843e-10
39950.056 1.159764226950071e-10
40000.056 2.2686875706602425e-10
40050.056 2.3784120104177334e-10
40100.056 2.52697945897236e-11
40150.056 2.0524632610002883e-10
40200.056 3.403467254199789e-10
40250.056 4.5543159833996596e-10
40300.056 4.477832465300183e-10
40350.056 1.0196264295663084e-10
40400.056 9.375944164345628e-11
40450.056 4.3340406629365485e-11
40500.056 3.4117460801203966e-10
40550.056 4.88960633989973e-10
40600.056 7.097158990399884e-10
40650.056 2.5946291475396346e-10
40700.056 3.799944899999913e-10
40750.056 2.73285468656973e-10
40800.056 1.3502504780900336e-10
40850.056 9.204697421800681e-10
40900.056 1.041825679489947e-09
40950.056 3.654063899953623e-10
41000.056 2.4813167307997976e-10
41050.056 9.204939436800601e-10
41100.056 7.609199761139064e-10
41150.056 8.944582459699185e-11
41200.056 8.826959231651386e-10
41250.056 9.839631728798575e-10
41300.056 1.0343606366001474e-09
41350.056 2.1891384759000388e-09
41400.056 1.70051096959993e-09
41450.056 1.5950529035999964e-09
41500.056 5.666541305899089e-10
41550.056 4.848232098700644e-10
41600.056 6.461507620799598e-10
41650.056 1.8564580952201805e-09
41700.056 3.0115056340999433e-09
41750.056 2.3074355560000603e-09
41800.056 2.5104914077999328e-09
41850.056 1.178065196549903e-09
41900.056 7.822019868498718e-10
41950.056 4.647733306479316e-10
42000.056 5.4473373076182497e-11
42050.056 1.641519149680145e-10
42100.056 5.049156869200025e-10
42150.056 8.657051948300331e-10
42200.056 1.2609192251099997e-09
42250.056 9.649719436500323e-10
42300.056 8.337993669199622e-10
42350.056 2.0036622453301183e-09
42400.056 3.3302835022001177e-09
42450.056 4.5594249809000914e-09
42500.056 4.94767620859999e-09
42550.056 4.230437944199868e-09
42600.056 2.5651402077001025e-09
42650.056 3.0100132012797396e-09
42700.056 1.2087463643900492e-09
42750.056 3.702250535100302e-09
42800.056 6.259806498500105e-09
42850.056 6.536387636099909e-09
42900.056 5.932858978499965e-09
42950.056 4.755002992300047e-09
43000.056 5.014380374799921e-09
43050.056 2.7070216230996337e-09
43100.056 3.4891304047002475e-09
43150.056 4.784679978800148e-09
43200.056 6.612999590600108e-09
43250.056 7.448657126400008e-09
43300.056 6.504406203499788e-09
43350.056 4.801876960699962e-09
43400.056 5.051593948399901e-09
43450.056 3.0358846833999165e-09
43500.056 1.9925049204600012e-09
43550.056 3.542285327500209e-09
43600.056 5.883368675899996e-09
43650.056 4.025015767699837e-09
43700.056 5.734760597800505e-09
43750.056 7.466582225599929e-09
43800.056 5.876400777999826e-09
43850.056 4.653620472400026e-09
43900.056 3.305635350200008e-09
43950.056 3.038931599000016e-09
44000.056 3.700679010700068e-09
44050.056 6.4828553171004035e-09
44100.056 8.43289340620001e-09
44150.056 7.72378081029994e-09
44200.056 7.190814859299886e-09
44250.056 4.896077115799837e-09
44300.056 3.075359475099874e-09
44350.056 2.4953619082000397e-09
44400.056 3.1285013330000493e-09
44450.056 5.325272194000277e-09
44500.056 5.3621342799999e-09
44550.056 6.119028158500043e-09
44600.056 5.222685622299996e-09
44650.056 5.910255916799919e-09
44700.056 4.942604972899835e-09
44750.056 5.480314546900098e-09
44800.056 3.9486670174998314e-09
44850.056 4.725319807600205e-09
44900.056 5.690729143900048e-09
44950.056 6.9179856306001925e-09
45000.056 7.596135993299969e-09
45050.056 6.3895313983997356e-09
45100.056 5.804726286900151e-09
45150.056 5.194655982499887e-09
45200.056 3.355488029299888e-09
45250.056 3.860548044700007e-09
45300.056 3.433940105999885e-09
45350.056 2.369888044400211e-09
45400.056 5.97145668410015e-09
45450.056 5.638302422400207e-09
45500.056 7.450949490900221e-09
45550.056 7.434848288299715e-09
45600.056 6.971974416100091e-09
45650.056 6.083764455699691e-09
45700.056 3.1341732479995914e-09
45750.056 2.881304788600281e-09
45800.056 5.562037661899975e-09
45850.056 4.719307174900243e-09
45900.056 7.72344218660015e-09
45950.056 8.104549916399897e-09
46000.056 7.331620388599931e-09
46050.056 5.919971718500123e-09
46100.056 6.7907475409998175e-09
46150.056 4.864119448299903e-09
46200.056 2.8954959429996335e-09
46250.056 1.1449415277700387e-09
46300.056 3.3240503326002455e-09
46350.056 4.363442334999971e-09
46400.056 4.646910603800042e-09
46450.056 3.006208905199891e-09
46500.056 4.3930305673000266e-09
46550.056 2.771623535399765e-09
46600.056 1.9145343527999846e-09
46650.056 3.357576084400105e-09
46700.056 2.522277272499784e-09
46750.056 9.863135218500083e-10
46800.056 6.231534164599729e-10
46850.056 2.106124474320353e-09
46900.056 4.161443211900159e-09
46950.056 5.028533288400037e-09
47000.056 5.23796640539997e-09
47050.056 3.103653065799719e-09
47100.056 3.087030535800057e-09
47150.056 3.467422558300115e-09
47200.056 3.301963593299831e-09
47250.056 1.2497450713497604e-09
47300.056 9.829926008702183e-10
47350.056 3.0499651292001945e-09
47400.056 4.052991168699996e-09
47450.056 2.754615923399961e-09
47500.056 4.117348295300235e-09
47550.056 4.46512827149993e-09
47600.056 2.5187319610998546e-09
47650.056 2.84088988309991e-09
47700.056 2.4930542049001107e-09
47750.056 2.136753975799919e-09
47800.056 1.045311749739866e-09
47850.056 4.2913184893004184e-10
47900.056 7.670411574100445e-10
47950.056 2.0778860257001833e-09
48000.056 2.573638401299856e-09
48050.056 2.182360650300058e-09
48100.056 1.420970773729932e-09
48150.056 2.1632149379000325e-09
48200.056 1.123777397309873e-09
48250.056 1.7957743207000867e-09
48300.056 1.9067205516999347e-09
48350.056 1.0660121007598719e-09
48400.056 3.338008259099537e-10
48450.056 4.472027644700713e-10
48500.056 8.004078052499529e-10
48550.056 1.0157055088101853e-09
48600.056 2.3641267232000992e-09
48650.056 2.919408739000016e-09
48700.056 2.8337728727000023e-09
48750.056 2.7212851989999837e-09
48800.056 2.3835823689999123e-09
48850.056 1.1674001765099084e-09
48900.056 7.652965048899285e-10
48950.056 4.666916105799826e-10
49000.056 3.951309178400535e-10
49050.056 9.553608086099943e-10
49100.056 1.4525291330601398e-09
49150.056 1.641719339199999e-09
49200.056 2.3090190559000775e-09
49250.056 2.328500230199957e-09
49300.056 1.6341295986098766e-09
49350.056 8.602586365700639e-10
49400.056 9.243328159699025e-10
49450.056 7.157881090200596e-10
49500.056 5.470835670399424e-10
49550.056 2.4234977223998815e-10
49600.056 3.14004542640035e-10
49650.056 7.923810053100662e-10
49700.056 1.172212642100025e-09
49750.056 8.739160833499629e-10
49800.056 6.385004477500176e-10
49850.056 1.2960630183500764e-09
49900.056 1.575675649800002e-09
49950.056 1.3916596410999587e-09
50000.056 7.474186508499074e-10
50050.056 6.758557739100646e-10
50100.056 6.690767248599703e-10
50150.056 3.4658233817996265e-10
50200.056 1.5406478932001134e-10
50250.056 3.3846353258000466e-10
50300.056 3.148596373400269e-10
50350.056 7.454475676100472e-10
50400.056 1.0843400778000382e-09
50450.056 1.2711788757000024e-09
50500.056 1.411679892600029e-09
50550.056 1.4652372041999688e-09
50600.056 1.0620010491599817e-09
50650.056 1.2852385869999976e-09
50700.056 1.0526087090599539e-09
50750.056 6.909572366799637e-10
50800.056 2.992733848099545e-10
50850.056 2.2618412589003423e-10
50900.056 5.773928753300429e-10
50950.056 7.085404305799709e-10
51000.056 5.797149975600577e-10
51050.056 9.171431781699779e-10
51100.056 6.640176633199664e-10
51150.056 4.271635179200371e-10
51200.056 8.593962905400345e-10
51250.056 8.719038404899827e-10
51300.056 6.774093294299743e-10
51350.056 4.1247981189995264e-10
51400.056 2.4573710147001413e-10
51450.056 2.0073222563597306e-10
51500.056 2.1510219329003142e-10
51550.056 4.705507848200265e-10
51600.056 6.577550437000206e-10
51650.056 7.981805005100114e-10
51700.056 6.684087684699379e-10
51750.056 6.42342897020052e-10
51800.056 8.229417913799978e-10
51850.056 7.310708895499799e-10
51900.056 5.906495096399782e-10
51950.056 3.8034187629995934e-10
52000.056 1.6123585678999074e-10
52050.056 2.7653123710000364e-10
52100.056 1.9347218194998172e-10
52150.056 1.453511255510223e-10
52200.056 3.398374421400234e-10
52250.056 4.682401926800107e-10
52300.056 4.5294925476998264e-10
52350.056 2.2757958056999656e-10
52400.056 2.7011635987000904e-10
52450.056 5.015962870600299e-10
52500.056 4.4940708085999287e-10
52550.056 6.42224595539998e-10
52600.056 6.829019435900216e-10
52650.056 7.053862028399863e-10
52700.056 5.218412726999681e-10
52750.056 2.3930243692997706e-10
52800.056 3.6723711884003006e-10
52850.056 3.975881929099853e-10
52900.056 1.8935845862296893e-10
52950.056 2.6010323849002943e-10
53000.056 4.400289141600072e-10
53050.056 3.396535021299992e-10
53100.056 5.343633658900243e-10
53150.056 4.0342060273997216e-10
53200.056 3.1667054756998895e-10
53250.056 3.9065718523001075e-10
53300.056 4.3357995674000107e-10
53350.056 4.0778483080999223e-10
53400.056 3.411555025499874e-10
53450.056 2.0027284777997878e-10
53500.056 9.645156500199418e-11
53550.056 1.4399544444000575e-10
