galfind/configs/Brown_Dwarf_templates/sonora_bobcat/m+0.5/3160g/sp_t2100g3160nc_m+0.5_resample.dat
# %ECSV 1.0
# ---
# datatype:
# - {name: wav, unit: Angstrom, datatype: float64}
# - {name: flux_nu, unit: erg / (cm2 Hz s), datatype: float64}
# meta: {C/O: '1.00', Kzz: '1.0000E+05', Teff: '2100.', Y: '0.28', '[Fe/H]': '0.50', f_hole: '1.00', f_rain: '0.00', grav: '3160.'}
# schema: astropy-2.0
wav flux_nu
[from data line 499]
28950.056 2.2016499821698713e-06
29000.056 1.8337102430295639e-06
29050.056 1.9651585081400456e-06
29100.056 1.5498259517502245e-06
29150.056 2.0843074406400808e-06
29200.056 1.7722472986501503e-06
29250.056 1.9603774914899362e-06
29300.056 1.6232047892195074e-06
29350.056 2.322478481149802e-06
29400.056 1.8893125361298866e-06
29450.056 1.8746613428499812e-06
29500.056 1.956473445029834e-06
29550.056 1.913248673410099e-06
29600.056 2.1063423216296967e-06
29650.056 1.9300825658699216e-06
29700.056 1.8356715031298846e-06
29750.056 2.1759872158705414e-06
29800.056 2.2214977941197485e-06
29850.056 2.0421380627497865e-06
29900.056 1.9063357405706034e-06
29950.056 2.315447939159676e-06
30000.056 2.2293978974495874e-06
30050.056 2.0699261516700314e-06
30100.056 1.7951946219595378e-06
30150.056 2.6141437639499544e-06
30200.056 2.2887098141401543e-06
30250.056 2.2575825543303647e-06
30300.056 2.1458081682897783e-06
30350.056 2.25614229226037e-06
30400.056 2.6557397546303643e-06
30450.056 2.0928081240102516e-06
30500.056 2.0071407131201694e-06
30550.056 2.611714519050295e-06
30600.056 2.494660335660219e-06
30650.056 2.567100930680107e-06
30700.056 2.3272845737498325e-06
30750.056 2.351406299459969e-06
30800.056 2.8195164265404603e-06
30850.056 2.4294304068299055e-06
30900.056 2.3181334822498874e-06
30950.056 2.297391410410174e-06
31000.056 2.780448188490029e-06
31050.056 2.546094467030028e-06
31100.056 2.4840852016899347e-06
31150.056 2.634111510619582e-06
31200.056 2.567677408539756e-06
31250.056 2.9729324461204135e-06
31300.056 2.6038202073698443e-06
31350.056 2.6109159767199558e-06
31400.056 2.6482251031104976e-06
31450.056 2.706638117520002e-06
31500.056 2.717677591960164e-06
31550.056 2.578261775819927e-06
31600.056 2.6748337905998338e-06
31650.056 2.8790283380998592e-06
31700.056 2.7486227511999085e-06
31750.056 2.59251801227008e-06
31800.056 2.910070304600127e-06
31850.056 3.1009479772102727e-06
31900.056 3.111742484499768e-06
31950.056 2.5620851984999797e-06
32000.056 2.625675697240337e-06
32050.056 3.02965091724035e-06
32100.056 3.1077094493596423e-06
32150.056 3.1111542582199053e-06
32200.056 3.009211752449988e-06
32250.056 2.8940294485201293e-06
32300.056 3.055196051820034e-06
32350.056 3.3369946335005316e-06
32400.056 2.999295726169957e-06
32450.056 2.989308338150205e-06
32500.056 3.2442572199002037e-06
32550.056 3.5813278822999763e-06
32600.056 3.4427261339998008e-06
32650.056 3.3747184880505787e-06
32700.056 3.2661619086002267e-06
32750.056 3.305905901400017e-06
32800.056 3.039397420100204e-06
32850.056 3.60023618599968e-06
32900.056 3.5294475399300263e-06
32950.056 3.119606676039873e-06
33000.056 3.3239307431202176e-06
33050.056 3.362847633979562e-06
33100.056 3.3716208790193624e-06
33150.056 3.3086257243999983e-06
33200.056 2.9954874156003004e-06
33250.056 3.3592469830201753e-06
33300.056 3.515433039660339e-06
33350.056 3.368703390099917e-06
33400.056 3.010600409219628e-06
33450.056 3.2388299901994207e-06
33500.056 3.593054112400187e-06
33550.056 3.2889433855998074e-06
33600.056 3.4663600453804992e-06
33650.056 3.6301576644006836e-06
33700.056 3.687868679999713e-06
33750.056 3.6664520418400144e-06
33800.056 3.4609107005001086e-06
33850.056 3.5244623761003368e-06
33900.056 4.0327490620995e-06
33950.056 3.590255117199656e-06
34000.056 3.601827844999492e-06
34050.056 3.7084587785999106e-06
34100.056 3.6924537037004803e-06
34150.056 3.6678165551994312e-06
34200.056 3.590534873899616e-06
34250.056 3.990790931499715e-06
34300.056 3.703757524099659e-06
34350.056 3.7274157729999488e-06
34400.056 3.726952549219818e-06
34450.056 3.4220846488002497e-06
34500.056 3.9887960205005865e-06
34550.056 3.663526118499821e-06
34600.056 3.756257968519972e-06
34650.056 3.887173288600205e-06
34700.056 3.888198670399284e-06
34750.056 4.086590502700205e-06
34800.056 3.953915507599717e-06
34850.056 3.694978687319962e-06
34900.056 3.861953305600035e-06
34950.056 3.843846808099514e-06
35000.056 3.718864359699684e-06
35050.056 4.394064562000607e-06
35100.056 3.940861104999647e-06
35150.056 4.109916019139881e-06
35200.056 4.0237977599999185e-06
35250.056 3.8208995837003285e-06
35300.056 4.067440355300268e-06
35350.056 4.207705135099912e-06
35400.056 3.896071629899645e-06
35450.056 3.921271845500242e-06
35500.056 4.262994034699932e-06
35550.056 4.124018760799781e-06
35600.056 3.9011181775994986e-06
35650.056 4.358663721400399e-06
35700.056 3.978763552300214e-06
35750.056 4.085705585399686e-06
35800.056 4.299001003899746e-06
35850.056 4.1921497806001176e-06
35900.056 4.514927857399749e-06
35950.056 4.2246160286998215e-06
36000.056 4.009659031499666e-06
36050.056 4.486918270900347e-06
36100.056 4.592584122899555e-06
36150.056 3.996849112600492e-06
36200.056 4.446286960499684e-06
36250.056 4.200337701599558e-06
36300.056 4.680381575500359e-06
36350.056 4.344986819799524e-06
36400.056 4.3880771236000285e-06
36450.056 4.763435837199656e-06
36500.056 4.375570657000203e-06
36550.056 4.360382897800577e-06
36600.056 4.297092525100172e-06
36650.056 4.496198131800218e-06
36700.056 4.81974309859994e-06
36750.056 4.266475403200206e-06
36800.056 4.504663546899897e-06
36850.056 4.678523251600195e-06
36900.056 4.582346413800412e-06
36950.056 4.560897254099935e-06
37000.056 4.692884903299884e-06
37050.056 4.80069082179976e-06
37100.056 4.638887824600366e-06
37150.056 4.686775209899397e-06
37200.056 4.7591073521999534e-06
37250.056 4.811811778300009e-06
37300.056 4.8949135458005984e-06
37350.056 4.534930710700468e-06
37400.056 4.785092393199901e-06
37450.056 4.651219624100193e-06
37500.056 4.933637177799709e-06
37550.056 4.768413568499386e-06
37600.056 5.005698179899696e-06
37650.056 4.71917265949983e-06
37700.056 4.930605376699959e-06
37750.056 4.968032804099731e-06
37800.056 5.034959596399824e-06
37850.056 4.930193098699889e-06
37900.056 4.956990952500307e-06
37950.056 4.996276501800141e-06
38000.056 5.042373405500368e-06
38050.056 4.97607062360029e-06
38100.056 4.792816986100261e-06
38150.056 5.149366068099783e-06
38200.056 5.135223387799691e-06
38250.056 4.819043101700426e-06
38300.056 4.7788615938999615e-06
38350.056 4.947302286799958e-06
38400.056 5.056829962199846e-06
38450.056 5.200056923800216e-06
38500.056 4.952997906299876e-06
38550.056 5.038345504400275e-06
38600.056 5.472065691499886e-06
38650.056 4.876929803400037e-06
38700.056 4.8877103298006065e-06
38750.056 5.159391605599943e-06
38800.056 5.0670338804005145e-06
38850.056 5.0965249662000645e-06
38900.056 4.844859571499927e-06
38950.056 5.158644547399928e-06
39000.056 5.032250372000099e-06
39050.056 5.12411586539992e-06
39100.056 4.826889694900062e-06
39150.056 4.995940270900137e-06
39200.056 5.099014608100084e-06
39250.056 5.067878462799503e-06
39300.056 5.071941416699471e-06
39350.056 5.0408296145003256e-06
39400.056 4.982258014200109e-06
39450.056 5.050060922499904e-06
39500.056 4.876553669299731e-06
39550.056 4.811513717699489e-06
39600.056 5.205943586899993e-06
39650.056 4.705929918100141e-06
39700.056 4.846031701699916e-06
39750.056 4.923001065799606e-06
39800.056 4.5675074840001986e-06
39850.056 4.845838375999783e-06
39900.056 4.665064385699885e-06
39950.056 4.871404339799811e-06
40000.056 4.481512447199781e-06
40050.056 4.369390060899977e-06
40100.056 4.649394623399892e-06
40150.056 4.360672324599391e-06
40200.056 4.555608540699862e-06
40250.056 4.313332729598992e-06
40300.056 4.2391513841002834e-06
40350.056 4.40997306040026e-06
40400.056 4.4125901130000524e-06
40450.056 4.163328394000223e-06
40500.056 3.92233964160023e-06
40550.056 4.462413145199619e-06
40600.056 3.844893635300297e-06
40650.056 4.182523490500394e-06
40700.056 4.374739589800086e-06
40750.056 3.859823193999006e-06
40800.056 3.824660414500087e-06
40850.056 3.615414722400712e-06
40900.056 3.6619140296003113e-06
40950.056 3.800703211599927e-06
41000.056 3.901168905999983e-06
41050.056 3.8850446987994045e-06
41100.056 3.6136886282999713e-06
41150.056 3.908467446500031e-06
41200.056 3.681981114400069e-06
41250.056 3.7685235983002184e-06
41300.056 3.288638105799598e-06
41350.056 3.7816782729000908e-06
41400.056 3.5258049312002394e-06
41450.056 3.5551409671002333e-06
41500.056 3.7407164194002358e-06
41550.056 3.615168203640114e-06
41600.056 3.5555453626001187e-06
41650.056 3.3765595572003412e-06
41700.056 3.2306967175997477e-06
41750.056 3.390079293099807e-06
41800.056 3.4079877636996573e-06
41850.056 2.934666723500426e-06
41900.056 3.4135566779198885e-06
41950.056 3.1267656257506436e-06
42000.056 3.137405125680305e-06
42050.056 2.8579560520394436e-06
42100.056 3.1520941245002586e-06
42150.056 2.4612220092993414e-06
42200.056 2.635854508400148e-06
42250.056 2.9719045231198576e-06
42300.056 2.5111234153701122e-06
42350.056 2.8880255658005673e-06
42400.056 2.511957554700467e-06
42450.056 2.274820841400165e-06
42500.056 2.372897292840202e-06
42550.056 2.3964265211999387e-06
42600.056 2.3814838909503678e-06
42650.056 2.2166787831890888e-06
42700.056 2.4440987010605958e-06
42750.056 2.2835075430398455e-06
42800.056 2.2992195377506715e-06
42850.056 2.444240627299626e-06
42900.056 2.3976007739800763e-06
42950.056 2.1807481068991885e-06
43000.056 2.2542574137299075e-06
43050.056 2.1139828618208596e-06
43100.056 2.275174358500175e-06
43150.056 2.2760038570203087e-06
43200.056 2.188503179570189e-06
43250.056 2.165736147579776e-06
43300.056 2.2610707151602193e-06
43350.056 2.0130081545698463e-06
43400.056 2.093194322879994e-06
43450.056 2.0483575448403815e-06
43500.056 2.027878258499783e-06
43550.056 2.0525065268601217e-06
43600.056 2.1204737232301244e-06
43650.056 1.8787650197701196e-06
43700.056 1.8854237632195623e-06
43750.056 1.9046192379402531e-06
43800.056 1.7683396539102036e-06
43850.056 1.821618548200337e-06
43900.056 1.8780376894199103e-06
43950.056 1.758326716360169e-06
44000.056 1.6528588957401568e-06
44050.056 1.6426672701001077e-06
44100.056 1.710543296990273e-06
44150.056 1.8017762161197937e-06
44200.056 1.6553845604499847e-06
44250.056 1.6777994660900206e-06
44300.056 1.6345236611601692e-06
44350.056 1.5465404053800938e-06
44400.056 1.6444968595499163e-06
44450.056 1.6866565014600854e-06
44500.056 1.6429785452801085e-06
44550.056 1.5024510412697198e-06
44600.056 1.527729065570163e-06
44650.056 1.6412427297800296e-06
44700.056 1.5507112326000692e-06
44750.056 1.5728200130698352e-06
44800.056 1.5778881091799616e-06
44850.056 1.5652561088701547e-06
44900.056 1.4996029069501486e-06
44950.056 1.4141093025400597e-06
45000.056 1.5367639758999595e-06
45050.056 1.5262500969998704e-06
45100.056 1.5893111767400242e-06
45150.056 1.4530879422199833e-06
45200.056 1.3407340399199854e-06
45250.056 1.4095343953899021e-06
45300.056 1.5547888207900537e-06
45350.056 1.5813561053798747e-06
45400.056 1.464801738260176e-06
45450.056 1.374551636639811e-06
45500.056 1.4394920784399017e-06
45550.056 1.565880163619995e-06
45600.056 1.4338202818899603e-06
45650.056 1.327620312699789e-06
45700.056 1.5227015283001007e-06
45750.056 1.3884133406400376e-06
45800.056 1.3648867797799431e-06
45850.056 1.636300982279974e-06
45900.056 1.590220024820026e-06
45950.056 1.4036966829799922e-06
46000.056 1.6682094471500144e-06
46050.056 1.69698461191039e-06
46100.056 1.3614371604801198e-06
46150.056 1.4737357425998957e-06
46200.056 1.5762881591103385e-06
46250.056 1.3176023400100087e-06
46300.056 1.7243688894700009e-06
46350.056 1.4758638289198657e-06
46400.056 1.5108643651298468e-06
46450.056 1.5503304680501986e-06
46500.056 1.424447085409889e-06
46550.056 1.7265880602600135e-06
46600.056 1.603262228310073e-06
46650.056 2.005904274849832e-06
46700.056 1.929302378980615e-06
46750.056 1.5221791134899774e-06
46800.056 1.6328982169402063e-06
46850.056 1.7579479267901965e-06
46900.056 1.6351782508197575e-06
46950.056 1.9148056380099956e-06
47000.056 1.5709049763200206e-06
47050.056 1.865442691979854e-06
47100.056 1.4445026957700769e-06
47150.056 1.6607766341401482e-06
47200.056 1.7499841792304178e-06
47250.056 1.5789718764897833e-06
47300.056 1.6939471291896796e-06
47350.056 1.388038257099838e-06
47400.056 1.715367965669711e-06
47450.056 1.5527972732098873e-06
47500.056 1.7086687051698002e-06
47550.056 1.5397464894898932e-06
47600.056 1.7596655451598424e-06
47650.056 1.3040137925397459e-06
47700.056 1.7910198554399822e-06
47750.056 1.2447462496702856e-06
47800.056 1.7323956661998888e-06
47850.056 1.2981748209698792e-06
47900.056 1.7427455173000774e-06
47950.056 1.33212573884024e-06
48000.056 1.947724346399974e-06
48050.056 1.4450316419002044e-06
48100.056 1.6434786843599337e-06
48150.056 1.4366363563601805e-06
48200.056 1.7587951505001556e-06
48250.056 1.4436853857600417e-06
48300.056 1.898852685299797e-06
48350.056 1.2930001003097844e-06
48400.056 1.7062430930999753e-06
48450.056 1.3617576968300388e-06
48500.056 1.930236812880025e-06
48550.056 1.2815410543499955e-06
48600.056 1.833989910299853e-06
48650.056 1.328428644109985e-06
48700.056 1.804102782520118e-06
48750.056 1.193864221910088e-06
48800.056 1.8985283394201083e-06
48850.056 1.2933260057897568e-06
48900.056 1.8075444046001686e-06
48950.056 1.5199191723099818e-06
49000.056 1.5620525586799651e-06
49050.056 1.6817251211999132e-06
49100.056 1.512336549630117e-06
49150.056 1.5913745285299485e-06
49200.056 1.4768757915399229e-06
49250.056 1.5812936633499944e-06
49300.056 1.3825059410898223e-06
49350.056 1.5245863636699202e-06
49400.056 1.752706397720066e-06
49450.056 1.480053891880314e-06
49500.056 1.5532180291200952e-06
49550.056 1.3729190586298909e-06
49600.056 1.4904499990002714e-06
49650.056 1.5700622208300052e-06
49700.056 1.33658765058989e-06
49750.056 2.085458104099814e-06
49800.056 1.4677401698500449e-06
49850.056 1.9282692345600987e-06
49900.056 1.5155080861000406e-06
49950.056 1.5773264621097492e-06
50000.056 1.5783625154996388e-06
50050.056 1.5476437731201096e-06
50100.056 1.7408264047599054e-06
50150.056 1.437961195300023e-06
50200.056 1.3772037286001649e-06
50250.056 1.5916452233700956e-06
50300.056 1.4284234594599309e-06
50350.056 1.786985715569949e-06
50400.056 1.4961914055998855e-06
50450.056 1.5184464615602003e-06
50500.056 1.944263688560202e-06
50550.056 1.5397029663999586e-06
50600.056 1.704059343899973e-06
50650.056 1.5622745943602698e-06
50700.056 1.788222430659738e-06
50750.056 1.8846587561802023e-06
50800.056 1.3093055918598305e-06
50850.056 1.6284046011401694e-06
50900.056 1.716242058129915e-06
50950.056 1.6986763381303057e-06
51000.056 2.026781676140173e-06
51050.056 1.5400209559601448e-06
51100.056 1.5173717184499064e-06
51150.056 1.749575653569937e-06
51200.056 1.5800947027799873e-06
51250.056 1.8211202370500218e-06
51300.056 1.4468844984403694e-06
51350.056 1.7309209273098697e-06
51400.056 1.6442071659196882e-06
51450.056 1.1878537099098152e-06
51500.056 1.6516699459000868e-06
51550.056 2.0691119614801532e-06
51600.056 1.3307218722400101e-06
51650.056 1.6892986429997657e-06
51700.056 1.5642177175495293e-06
51750.056 1.478965266850059e-06
51800.056 1.8301078585197032e-06
51850.056 1.7114579437997542e-06
51900.056 1.8594332421001994e-06
51950.056 1.7045557341798531e-06
52000.056 1.415245757359964e-06
52050.056 1.7112997042698842e-06
52100.056 1.595325804389791e-06
52150.056 1.6083160871500827e-06
52200.056 1.5542477481500753e-06
52250.056 1.5923862507099558e-06
52300.056 1.7787800367899698e-06
52350.056 1.8646857716001778e-06
52400.056 1.3658726256001637e-06
52450.056 1.5830582274400314e-06
52500.056 1.8329775114097009e-06
52550.056 1.6746580893496554e-06
52600.056 1.7252817096001153e-06
52650.056 1.929883907680213e-06
52700.056 1.5881302585000744e-06
52750.056 1.3865429301198912e-06
52800.056 1.5154411583301111e-06
52850.056 1.4471061753399e-06
52900.056 1.684261638160032e-06
52950.056 1.5728505632798588e-06
53000.056 1.8217429080799157e-06
53050.056 1.6224370526896886e-06
53100.056 1.5694874167598047e-06
53150.056 1.909032212920257e-06
53200.056 1.3075496338201711e-06
53250.056 1.8030016905999885e-06
53300.056 1.820079412890594e-06
53350.056 1.8176653218797662e-06
53400.056 1.6602946952000954e-06
53450.056 1.5528756722000622e-06
