galfind/configs/Brown_Dwarf_templates/sonora_bobcat/m+0.5/3160g/sp_t350g3160nc_m+0.5_resample.dat
# %ECSV 1.0
# ---
# datatype:
# - {name: wav, unit: Angstrom, datatype: float64}
# - {name: flux_nu, unit: erg / (cm2 Hz s), datatype: float64}
# meta: {C/O: '1.00', Kzz: '1.0000E+05', Teff: '350.', Y: '0.28', '[Fe/H]': '0.50', f_hole: '1.00', f_rain: '0.00', grav: '3160.'}
# schema: astropy-2.0
wav flux_nu
4000.0559999999996 nan
4050.0559999999996 1.3513336728310255e-17
4100.056 3.5547999498500505e-16
4150.056 1.9271706840500166e-15
4200.056 2.9057054547000156e-15
4250.056 1.3105054044100098e-14
4300.056 2.8491953320000135e-14
4350.056 5.098052350600018e-14
4400.056 8.422461835400029e-14
4450.056 1.3107309603000043e-13
4500.056 1.965633214700006e-13
4550.056 2.6325536798000015e-13
4600.056 2.3716064007e-13
4650.056 2.184072132099997e-13
4700.056 1.6639144005999938e-13
4750.056 9.585182584599946e-14
4800.056 5.5148887704999736e-14
4850.056 3.443549664999987e-14
4900.056 2.6236628501999944e-14
4950.056 2.121301305699995e-14
5000.056 1.5605150732999943e-14
5050.056 1.2010861972999996e-14
5100.056 1.2249267607000015e-14
5150.056 1.2889840496000006e-14
5200.056 1.4016051288000016e-14
5250.056 1.5022072733000012e-14
5300.056 1.600561819300001e-14
5350.056 1.7075776179000013e-14
5400.056 1.789319937400001e-14
5450.056 1.900172530800002e-14
5500.056 2.0280919241000012e-14
5550.056 2.157875964200001e-14
5600.056 2.257473942500001e-14
5650.056 2.3164100334e-14
5700.056 2.2500132108000003e-14
5750.056 2.1947226573999982e-14
5800.056 1.9601806975999957e-14
5850.056 1.4030642320399852e-14
5900.056 4.65692487663714e-15
5950.056 2.4253178288000387e-14
6000.056 4.916120767300032e-14
6050.056 9.047108418600068e-14
6100.056 1.5105266906000108e-13
6150.056 2.356315355400014e-13
6200.056 3.505698242100017e-13
6250.056 4.883918797100018e-13
6300.056 6.856763435900028e-13
6350.056 9.45914942570004e-13
6400.056 1.2862678851000057e-12
6450.056 1.6299074637000006e-12
6500.056 2.1631058334000176e-12
6550.056 2.9170061352999965e-12
6600.056 3.875037138900032e-12
6650.056 5.152275474500023e-12
6700.056 6.244335027600021e-12
6750.056 8.23281059810003e-12
6800.056 9.474174964200013e-12
6850.056 9.319812641999984e-12
6900.056 7.339582494299947e-12
6950.056 5.2545904817000135e-12
7000.056 5.173260862199946e-12
7050.056 5.0884778054999995e-12
7100.056 5.524474507899991e-12
7150.056 4.316789741299904e-12
7200.056 3.178625395830009e-12
7250.056 3.3872231599798525e-12
7300.056 3.2205512831101113e-12
7350.056 3.883703363300004e-12
7400.056 4.506654589600018e-12
7450.056 5.28301782610004e-12
7500.056 5.8120698226e-12
7550.056 6.1079419620000035e-12
7600.056 6.1270028956999946e-12
7650.056 3.4732370538999415e-12
7700.056 3.4948959768000533e-12
7750.056 7.0572006569000715e-12
7800.056 9.568306722100055e-12
7850.056 1.2161057110999993e-11
7900.056 1.5641805523000073e-11
7950.056 1.825331283500008e-11
8000.056 2.5128331994000124e-11
8050.056 3.1158485896000156e-11
8100.056 2.6459732692299532e-11
8150.056 1.8755358674800903e-11
8200.056 3.943949821180052e-11
8250.056 4.252746973312076e-11
8300.056 4.896882296219953e-11
8350.056 5.831511223500021e-11
8400.056 7.720869556800143e-11
8450.056 1.1054249558700082e-10
8500.056 1.382012449000006e-10
8550.056 1.7211185935000194e-10
8600.056 2.1021930671000128e-10
8650.056 2.389557861600011e-10
8700.056 2.495324487500007e-10
8750.056 2.677047031100009e-10
8800.056 2.6394318707999874e-10
8850.056 2.0869627960999356e-10
8900.056 4.6135246688096174e-11
8950.056 2.1658743874900776e-11
9000.056 2.0793542650559495e-11
9050.056 9.893116840769984e-11
9100.056 1.0115207874579955e-10
9150.056 1.1291386489239588e-10
9200.056 1.7863809505411334e-10
9250.056 1.2507202499728833e-10
9300.056 5.473649991401624e-13
9350.056 9.233341828412928e-13
9400.056 1.7276310774444572e-11
9450.056 5.472204368455176e-12
9500.056 4.7831795288612544e-12
9550.056 4.302008475792314e-12
9600.056 7.287930708810239e-12
9650.056 1.819402507387493e-11
9700.056 8.349877067031648e-11
9750.056 7.93804567721093e-11
9800.056 1.121179101611968e-10
9850.056 1.6418223820699885e-10
9900.056 2.624322570420117e-10
9950.056 3.033108635900068e-10
10000.056 2.8436608095165065e-10
10050.056 3.58698398769997e-10
10100.056 3.4426093602000033e-10
10150.056 2.3128693505999337e-10
10200.056 1.1860864243600465e-10
10250.056 1.5737988843400318e-10
10300.056 2.720896477429882e-10
10350.056 1.49288940434008e-10
10400.056 3.076072745400077e-10
10450.056 4.5957273498998417e-10
10500.056 6.260589548200105e-10
10550.056 8.787495276400082e-10
10600.056 1.028924166710007e-09
10650.056 1.0645185386899977e-09
10700.056 9.638128504699944e-10
10750.056 9.545662558699894e-10
10800.056 8.886237452900097e-10
10850.056 7.65111637919996e-10
10900.056 5.690877927999805e-10
10950.056 2.646773048329928e-10
11000.056 1.1014480152169104e-10
11050.056 3.0758304892159407e-11
11100.056 7.101109132057629e-12
11150.056 1.327580575188736e-12
11200.056 7.341313785026199e-13
11250.056 1.1630001912798538e-12
11300.056 2.8415443986415014e-12
11350.056 6.429761642015728e-13
11400.056 7.225915196078933e-12
11450.056 2.4897578581530363e-12
11500.056 2.6540819629385207e-12
11550.056 5.670541313055601e-13
11600.056 1.9298039274214846e-13
11650.056 1.5307858618025652e-12
11700.056 2.7246399658148964e-12
11750.056 1.0459895929893877e-12
11800.056 6.817705049454901e-12
11850.056 8.738472069440296e-12
11900.056 1.0948496342499969e-11
11950.056 1.6996947181300504e-11
12000.056 2.554946104290145e-11
12050.056 4.150621151000079e-11
12100.056 4.801575963030033e-11
12150.056 7.039052700480067e-11
12200.056 8.112794349499918e-11
12250.056 1.342552442940021e-10
12300.056 2.4046415720901066e-10
12350.056 3.124782538890077e-10
12400.056 5.010727881300056e-10
12450.056 7.898363662100148e-10
12500.056 9.619443072399928e-10
12550.056 1.119702879530022e-09
12600.056 1.5795651097600406e-09
12650.056 2.149253803300026e-09
12700.056 2.2816891019999676e-09
12750.056 1.5119884367399864e-09
12800.056 9.189320346299636e-10
12850.056 4.582892575999769e-10
12900.056 2.9083577237899153e-10
12950.056 2.1010140078400324e-10
13000.056 2.34861501342015e-10
13050.056 1.2738894539349353e-10
13100.056 1.3117148395259092e-10
13150.056 5.883561554800653e-11
13200.056 6.562381836440282e-11
13250.056 5.905386770978193e-11
13300.056 1.6677715992231502e-11
13350.056 7.403599659069522e-12
13400.056 1.0744531027213823e-12
13450.056 1.2542373358970626e-13
13500.056 2.0297346255881427e-14
13550.056 1.7447076628922947e-15
13600.056 2.5190752577251826e-16
13650.056 2.5562246150834898e-15
13700.056 1.0840777349660743e-15
13750.056 1.2386315714263675e-14
13800.056 1.4433753674385293e-14
13850.056 2.2160648286786685e-15
13900.056 8.326623224744312e-15
13950.056 6.123333143914785e-15
14000.056 1.8680512340874255e-14
14050.056 1.98378759597679e-14
14100.056 1.7801655245628304e-14
14150.056 7.87136697235647e-14
14200.056 5.481869736924409e-14
14250.056 9.961632458165181e-14
14300.056 5.038850628337066e-13
14350.056 3.516792319214985e-13
14400.056 3.3334286137261983e-13
14450.056 9.819251647809312e-13
14500.056 2.6136530684728596e-12
14550.056 4.030466920027472e-12
14600.056 8.534649241902368e-12
14650.056 2.3386648104025963e-12
14700.056 8.40154175984204e-13
14750.056 3.7513056915532795e-13
14800.056 3.2871194354643206e-13
14850.056 3.298391791595813e-13
14900.056 2.894930283836348e-13
14950.056 1.71217705335652e-13
15000.056 7.863221047431754e-13
15050.056 1.3735239310408554e-12
15100.056 4.0397472918575276e-13
15150.056 1.163435621310654e-13
15200.056 7.414740988766858e-13
15250.056 1.810561549278842e-12
15300.056 3.0462322860730857e-12
15350.056 4.020597749075917e-12
15400.056 5.124579207278758e-12
15450.056 8.717972970656181e-12
15500.056 1.4748990325158856e-11
15550.056 3.6054564115907054e-11
15600.056 7.717568585619522e-11
15650.056 1.7398853477902183e-10
15700.056 3.5399864182001144e-10
15750.056 5.030847558000126e-10
15800.056 7.141131010200091e-10
15850.056 9.78823705060044e-10
15900.056 1.131932157959997e-09
15950.056 1.3311938012000023e-09
16000.056 1.1710741499499788e-09
16050.056 7.896566600599691e-10
16100.056 4.13281190149997e-10
16150.056 1.8120247646998155e-10
16200.056 5.706419082560152e-11
16250.056 2.3466682280952533e-11
16300.056 1.0497647936381698e-11
16350.056 1.0932130762995444e-11
16400.056 1.2065191698100585e-11
16450.056 1.513756324424254e-11
16500.056 1.1565383656753556e-11
16550.056 1.386918131150104e-11
16600.056 4.552475561885523e-11
16650.056 2.1591854613962354e-11
16700.056 2.9530694631515156e-12
16750.056 1.3809122993003853e-11
16800.056 2.196117813627352e-11
16850.056 2.0929431794172303e-11
16900.056 7.294844730528099e-12
16950.056 4.809814736028919e-12
17000.056 2.0341202505647107e-12
17050.056 4.76475047085922e-12
17100.056 1.155736713687081e-11
17150.056 6.899161936704723e-12
17200.056 2.856055041915248e-11
17250.056 6.361932442650465e-12
17300.056 5.091258532105294e-12
17350.056 7.70763383747275e-12
17400.056 1.7173979688443357e-11
17450.056 2.3527550476378655e-11
17500.056 3.7994544920602483e-11
17550.056 2.7901724550704048e-11
17600.056 2.7610940475302192e-11
17650.056 1.4799198533994657e-11
17700.056 1.2900856997655356e-11
17750.056 7.954788102219588e-12
17800.056 1.827158387326852e-11
17850.056 7.190701237105756e-12
17900.056 4.04156512371702e-12
17950.056 1.8980884922279196e-12
18000.056 4.864694013707161e-12
18050.056 1.1824014711869915e-12
18100.056 1.279302361545246e-12
18150.056 6.841176659184375e-13
18200.056 4.4166679223244224e-13
18250.056 2.574797865040891e-12
18300.056 1.4484696218484189e-13
18350.056 1.4916558834174817e-13
18400.056 5.668191145856603e-14
18450.056 1.0642137893726813e-12
18500.056 9.653354139042695e-13
18550.056 2.578316576601824e-13
18600.056 6.308286281420442e-13
18650.056 3.997549436023819e-13
18700.056 1.7539124366965913e-14
18750.056 4.989956754659591e-14
18800.056 2.6685810264977277e-12
18850.056 2.0363172626056016e-12
18900.056 2.766659110974689e-12
18950.056 4.405464562788954e-12
19000.056 2.953949350559445e-13
19050.056 1.197286458074784e-13
19100.056 6.717163584596302e-13
19150.056 2.119471559517471e-13
19200.056 7.334826953334322e-13
19250.056 4.4228779252984954e-13
19300.056 1.9155072216357435e-13
19350.056 2.5230016911627137e-13
19400.056 1.3968685063646334e-13
19450.056 2.028951754544984e-13
19500.056 2.0083017050589384e-13
19550.056 6.056560160425314e-13
19600.056 1.484840657360458e-12
19650.056 1.1804761370824017e-12
19700.056 2.310062401863983e-12
19750.056 3.3112349702998918e-12
19800.056 1.5766085808934984e-12
19850.056 2.355093443139104e-12
19900.056 4.75256772435373e-12
19950.056 7.0946852011310346e-12
20000.056 8.560147984757618e-12
20050.056 5.787184188821893e-12
20100.056 1.0082265638310275e-11
20150.056 7.350140691810698e-12
20200.056 4.165749280582436e-12
20250.056 1.1797880427680446e-11
20300.056 1.5533687862639454e-11
20350.056 1.8036321275891743e-11
20400.056 1.6061206795899788e-11
20450.056 3.4927614982507736e-11
20500.056 4.0947875681000104e-11
20550.056 4.695218592599757e-11
20600.056 5.4724264992005215e-11
20650.056 6.47365997359974e-11
20700.056 7.309585944999858e-11
20750.056 7.788010898200025e-11
20800.056 7.641361971599672e-11
20850.056 8.816516294400088e-11
20900.056 9.068770396100042e-11
20950.056 8.825388894600016e-11
21000.056 8.562981044699999e-11
21050.056 8.999376937699951e-11
21100.056 8.720785493799953e-11
21150.056 8.668457015699983e-11
21200.056 8.326702888500015e-11
21250.056 7.931409646499655e-11
21300.056 7.085028189200083e-11
21350.056 6.711789759959725e-11
21400.056 6.825075668900289e-11
21450.056 5.256008615670237e-11
21500.056 4.398226956816483e-11
21550.056 4.232265836315181e-11
21600.056 3.78650006265884e-11
21650.056 2.7357283622032988e-11
21700.056 2.343800569478915e-11
21750.056 2.157629396339424e-11
21800.056 1.2929626839042426e-11
21850.056 1.1152400845259546e-11
21900.056 7.123562331083267e-12
21950.056 2.5102643703368553e-12
22000.056 1.4472549900111434e-13
22050.056 3.597197341506018e-13
22100.056 1.4721648735569772e-12
22150.056 8.740430487380696e-13
22200.056 8.173924840022198e-13
22250.056 6.525663622430217e-13
22300.056 1.8432176598798007e-13
22350.056 3.4723234611676257e-13
22400.056 8.442643343900808e-14
22450.056 2.1044796765455828e-13
22500.056 1.297300442139639e-13
22550.056 4.379611295521238e-14
22600.056 2.860849017348145e-14
22650.056 4.3700289759502384e-14
22700.056 6.239744582906931e-14
22750.056 1.6423279883552687e-13
22800.056 2.0745011887793454e-13
22850.056 1.1073874500588247e-13
22900.056 7.53069024677107e-14
22950.056 4.3456857106650615e-14
23000.056 5.3328447505799153e-14
23050.056 4.1968835878090936e-14
23100.056 1.4733400147426806e-12
23150.056 1.4973880156514654e-12
23200.056 1.5439201088185287e-14
23250.056 1.7400350474209404e-13
23300.056 1.1819013413153854e-13
23350.056 1.5369688946835002e-13
23400.056 1.1565134759748646e-13
23450.056 4.012335018544278e-14
23500.056 4.339921155291616e-14
23550.056 1.6364211588047406e-13
23600.056 6.769866028552078e-13
23650.056 8.502535375792108e-13
23700.056 5.2482541007777996e-14
23750.056 9.158008047733929e-14
23800.056 1.1892705598025688e-12
23850.056 4.407303839561885e-13
23900.056 1.4778020905853179e-12
23950.056 3.9650074143697324e-13
24000.056 1.8299370889056336e-12
24050.056 1.7403112188928413e-12
24100.056 3.50306370147306e-12
24150.056 5.287491516372644e-12
24200.056 3.131346543289179e-12
24250.056 1.928914810206949e-12
24300.056 6.856656882077734e-12
24350.056 4.130161530363267e-12
24400.056 1.4930660363553166e-11
24450.056 1.3937868184937226e-11
24500.056 1.0278020482823703e-11
24550.056 2.597842045898404e-11
24600.056 3.1630975549297027e-11
24650.056 4.628268247092764e-11
24700.056 2.847008914783667e-11
24750.056 4.098720704751762e-11
24800.056 2.9043650547152534e-11
24850.056 4.320438849805923e-11
24900.056 1.407749366796793e-11
24950.056 2.7805232830770902e-11
25000.056 3.562323919288732e-11
25050.056 1.3146423448035053e-11
25100.056 2.5560621354588686e-11
25150.056 8.633469351366373e-12
25200.056 1.3216267335187521e-11
25250.056 3.2883514533175608e-12
25300.056 3.6453612668119185e-12
25350.056 1.4569707146695845e-12
25400.056 4.403723831268e-12
25450.056 8.521325840961086e-13
25500.056 6.291759152338373e-13
25550.056 2.4973397775929323e-12
25600.056 9.419079664770004e-13
25650.056 2.6865527968871294e-13
25700.056 1.6814463647139296e-13
25750.056 5.220266212484218e-14
25800.056 3.03498180826542e-13
25850.056 4.418986763198435e-14
25900.056 6.288029619646509e-14
25950.056 1.694969807378571e-14
26000.056 1.9483475146705884e-13
26050.056 2.300283803998732e-14
26100.056 9.95256475044371e-14
26150.056 3.8650791107311596e-14
26200.056 5.409955796393626e-14
26250.056 4.388497743684263e-13
26300.056 6.030001736681368e-14
26350.056 1.5996330701531488e-12
26400.056 3.6072130189508913e-12
26450.056 1.1336404567549153e-12
26500.056 4.4453472951856835e-12
26550.056 2.403609950110253e-13
26600.056 1.8775165612368118e-13
26650.056 3.321016555642955e-14
26700.056 3.077456748841005e-14
26750.056 4.523669689659071e-14
26800.056 1.8090996452835777e-13
26850.056 1.0734639702979123e-13
26900.056 5.12786935394352e-13
26950.056 1.2754868779049203e-13
27000.056 7.628973859249866e-13
27050.056 1.5395399060695856e-12
27100.056 6.741211758903183e-14
27150.056 1.1711759160519387e-12
27200.056 7.048271087370901e-14
27250.056 2.7013528885110765e-13
27300.056 4.469440734583283e-12
27350.056 8.47674758411099e-13
27400.056 5.5234173882838916e-14
27450.056 1.3659775825857675e-12
27500.056 2.059583060167325e-12
27550.056 2.357190720007632e-13
27600.056 8.575835737788634e-13
27650.056 1.9675900930327212e-13
27700.056 2.433308334375979e-13
27750.056 1.7366030306861155e-12
27800.056 5.173476554130218e-13
27850.056 1.2135264045889825e-12
27900.056 1.8942857121456625e-12
27950.056 3.392799726777169e-12
28000.056 4.156565481531644e-12
28050.056 3.0730458155691544e-13
28100.056 5.9319519793528925e-12
28150.056 3.8547623553496704e-12
28200.056 6.330653468535749e-13
28250.056 8.060234432406315e-12
28300.056 7.80212529471108e-12
28350.056 7.628219664897199e-13
28400.056 4.755051254619726e-12
28450.056 9.604008868856871e-12
28500.056 3.5214440541866356e-12
28550.056 7.29439992309838e-13
28600.056 8.956477255302713e-12
28650.056 3.0613524904451147e-12
28700.056 8.628665283550388e-12
28750.056 1.831806780989022e-11
28800.056 3.6246084603601457e-12
28850.056 1.974459991354937e-11
