galfind/configs/Brown_Dwarf_templates/sonora_bobcat/m+0.5/3160g/sp_t275g3160nc_m+0.5_resample.dat
# %ECSV 1.0
# ---
# datatype:
# - {name: wav, unit: Angstrom, datatype: float64}
# - {name: flux_nu, unit: erg / (cm2 Hz s), datatype: float64}
# meta: {C/O: '1.00', Kzz: '1.0000E+05', Teff: '275.', Y: '0.28', '[Fe/H]': '0.50', f_hole: '1.00', f_rain: '0.00', grav: '3160.'}
# schema: astropy-2.0
wav flux_nu
[from data line 499]
28950.056 2.541782361961618e-13
29000.056 1.4576826476035928e-13
29050.056 3.866617921108497e-13
29100.056 4.9643021381806844e-14
29150.056 4.814181347343246e-14
29200.056 9.80357989570288e-13
29250.056 3.2964274243689007e-13
29300.056 1.224909920229995e-13
29350.056 6.653697183164592e-13
29400.056 6.088729079947177e-13
29450.056 8.961511010282282e-14
29500.056 1.0839582218067813e-12
29550.056 3.257685559870457e-13
29600.056 1.5554482492879786e-13
29650.056 1.2084081713870979e-12
29700.056 2.44853213723926e-13
29750.056 1.2019867364727812e-12
29800.056 2.9407680143235634e-13
29850.056 1.562767987596322e-12
29900.056 4.2081822866709654e-13
29950.056 3.782163803527119e-13
30000.056 1.5978504903887456e-15
30050.056 1.5431573459742288e-13
30100.056 5.733471456363571e-13
30150.056 1.161212257696878e-12
30200.056 1.5335627094409507e-12
30250.056 1.5417539009864502e-12
30300.056 2.0971753371584696e-12
30350.056 4.939872694090188e-13
30400.056 3.366489790997961e-12
30450.056 3.977765339887048e-12
30500.056 5.394250325004588e-13
30550.056 6.564906288001454e-13
30600.056 2.6113224560031913e-11
30650.056 8.677181162882814e-12
30700.056 9.317020693770723e-13
30750.056 5.2484049178959295e-12
30800.056 1.2126507392071307e-11
30850.056 9.578422715301524e-12
30900.056 2.9670344760368732e-12
30950.056 2.821454751818157e-12
31000.056 3.8232496132103204e-12
31050.056 8.723890342029098e-13
31100.056 4.134568241542688e-13
31150.056 2.5495199943987306e-12
31200.056 1.3131789397828223e-11
31250.056 6.113390532103329e-12
31300.056 9.473299415949032e-13
31350.056 1.0188646852158793e-11
31400.056 5.287634515550172e-12
31450.056 5.063429655286599e-12
31500.056 1.3213192905597058e-12
31550.056 3.675650002665888e-12
31600.056 2.685162631070646e-12
31650.056 1.5361924801005444e-12
31700.056 1.1340876300823466e-12
31750.056 4.202522260575844e-13
31800.056 7.404380786989919e-13
31850.056 7.358233626489036e-14
31900.056 2.454260232505541e-13
31950.056 8.023529707289065e-14
32000.056 7.15986245597004e-14
32050.056 4.2746283859888503e-14
32100.056 3.543597011781377e-14
32150.056 2.2101196317969044e-14
32200.056 7.374740042760437e-15
32250.056 1.841717507820275e-14
32300.056 2.692208902510439e-15
32350.056 8.733524431415424e-15
32400.056 7.797513874348035e-16
32450.056 6.384331474603344e-15
32500.056 7.479309349257336e-16
32550.056 4.82360263024016e-15
32600.056 4.091791354888799e-16
32650.056 7.715912696956235e-15
32700.056 6.034592103218862e-16
32750.056 2.3515620863704327e-14
32800.056 5.569750983589368e-15
32850.056 1.012595115862164e-13
32900.056 4.815774535310369e-14
32950.056 1.2366325476370564e-13
33000.056 2.862448309956459e-14
33050.056 9.983443683951817e-15
33100.056 1.6034178177192214e-15
33150.056 2.5719705751194e-18
33200.056 7.088357165624258e-16
33250.056 1.1358920083291993e-15
33300.056 3.283692776472923e-14
33350.056 1.5837762604908508e-14
33400.056 1.2783879425798497e-13
33450.056 4.864420725550361e-15
33500.056 6.95824531881059e-14
33550.056 7.32111195903322e-15
33600.056 3.145759097114195e-14
33650.056 4.300524727400564e-14
33700.056 4.2290924195675605e-15
33750.056 4.756874315274232e-14
33800.056 2.244307491921981e-15
33850.056 2.2837577657840794e-14
33900.056 2.2131103746772295e-14
33950.056 3.20395931555139e-14
34000.056 1.0320634979997601e-13
34050.056 1.659384613916027e-14
34100.056 1.4915800127202814e-13
34150.056 3.6494217270380613e-14
34200.056 2.62247616096904e-13
34250.056 6.331024293499646e-14
34300.056 1.2706062140588736e-13
34350.056 1.122051258687427e-12
34400.056 7.45577190746907e-14
34450.056 6.620179618081601e-13
34500.056 1.0931458418210155e-13
34550.056 9.037379080327855e-13
34600.056 5.298788960971169e-12
34650.056 9.87569501406235e-14
34700.056 2.7910408078274977e-12
34750.056 7.160121060049331e-13
34800.056 3.9202162923002385e-13
34850.056 2.1008321119439925e-12
34900.056 1.734539430229734e-13
34950.056 4.75747549951558e-12
35000.056 3.3170308466089316e-12
35050.056 7.475121620504135e-12
35100.056 1.0478212583026775e-11
35150.056 1.0949290950689127e-11
35200.056 1.2830375584806537e-11
35250.056 2.4207541106411905e-11
35300.056 2.552244492229648e-12
35350.056 6.604386325510718e-13
35400.056 3.8378217475715953e-13
35450.056 4.025000728049461e-13
35500.056 3.7286145689161815e-12
35550.056 4.637501923267104e-12
35600.056 8.651143344677433e-12
35650.056 9.845073221493322e-12
35700.056 1.6174805928718062e-11
35750.056 1.0848270904525722e-11
35800.056 1.896597996745812e-12
35850.056 1.4841469984087486e-12
35900.056 2.9838014002350868e-12
35950.056 1.110774902468254e-11
36000.056 1.4765461295480875e-11
36050.056 9.770767149152814e-12
36100.056 8.233789985485887e-12
36150.056 7.69346689083416e-11
36200.056 3.681001278182951e-11
36250.056 1.2909870427585049e-11
36300.056 6.206757392389688e-11
36350.056 4.099895516821856e-11
36400.056 5.4087159409473996e-11
36450.056 2.766612742211401e-11
36500.056 2.3210331378904223e-11
36550.056 1.3025020260799627e-10
36600.056 1.5991595196799438e-10
36650.056 4.002960762288535e-11
36700.056 8.086120682606827e-11
36750.056 1.9192545358604018e-10
36800.056 1.9840499707285754e-10
36850.056 4.9829096309554107e-11
36900.056 5.365932293807405e-11
36950.056 2.4666625889333447e-10
37000.056 1.4998978255966193e-10
37050.056 2.349786598217616e-10
37100.056 2.4553644646441987e-11
37150.056 7.608202721249384e-11
37200.056 4.1882595577804336e-10
37250.056 1.568682512492097e-10
37300.056 4.356613230817391e-11
37350.056 8.602930477637487e-11
37400.056 1.8652205467687484e-10
37450.056 7.251746732539541e-11
37500.056 7.160959967272467e-11
37550.056 4.674725017089145e-10
37600.056 9.684976990279025e-10
37650.056 7.788271146697932e-11
37700.056 2.200833237660399e-10
37750.056 1.8967289002848288e-10
37800.056 1.941957406126536e-10
37850.056 1.1321643140559599e-10
37900.056 9.138398762837727e-11
37950.056 1.5970403564590208e-10
38000.056 1.1012205385536545e-10
38050.056 4.121316388477807e-10
38100.056 6.645603595431264e-10
38150.056 8.850567456557709e-10
38200.056 4.179199796829638e-10
38250.056 8.493512968575413e-10
38300.056 2.0119801581248926e-09
38350.056 7.785899574645641e-10
38400.056 1.6005881331925242e-10
38450.056 2.961071847543703e-11
38500.056 5.885350126783769e-11
38550.056 4.383210982000483e-10
38600.056 7.578511020299128e-10
38650.056 4.750067865155937e-10
38700.056 2.4603819723922624e-10
38750.056 4.987473957185748e-10
38800.056 4.350031595530114e-10
38850.056 5.642264285000939e-10
38900.056 5.770203974847377e-10
38950.056 3.2140491549810187e-10
39000.056 9.194014511258837e-10
39050.056 1.5588305502266756e-10
39100.056 3.1725155635200274e-10
39150.056 9.246245106500272e-10
39200.056 7.721312732400118e-10
39250.056 7.474166173504245e-10
39300.056 5.102895718475222e-10
39350.056 1.7487400236800217e-09
39400.056 6.422099103050765e-10
39450.056 1.3319895979966266e-09
39500.056 1.6745098740098654e-09
39550.056 3.8760026402885106e-10
39600.056 9.56039870254073e-10
39650.056 2.5541801343000045e-09
39700.056 2.167413052089982e-09
39750.056 4.248708113261868e-10
39800.056 2.6170322048990677e-10
39850.056 2.0343170422102573e-09
39900.056 3.0583810817999886e-09
39950.056 8.096762082200573e-10
40000.056 1.675754616030106e-09
40050.056 1.928758979549837e-09
40100.056 2.769847819843574e-10
40150.056 1.5152951176201837e-09
40200.056 2.234497888799835e-09
40250.056 2.795036812449672e-09
40300.056 2.7689922607001986e-09
40350.056 7.987894068283919e-10
40400.056 1.0533291335497556e-09
40450.056 4.428869494792299e-10
40500.056 2.336417212220137e-09
40550.056 2.6807767507397027e-09
40600.056 3.440733929799925e-09
40650.056 1.6027177849308593e-09
40700.056 2.9631317121599537e-09
40750.056 2.0575292032898046e-09
40800.056 9.475207724429216e-10
40850.056 4.816836804100436e-09
40900.056 5.0424455634996955e-09
40950.056 2.2614743296079248e-09
41000.056 1.8428062916598855e-09
41050.056 5.369418321740261e-09
41100.056 4.333349395149544e-09
41150.056 6.678167458339328e-10
41200.056 4.83671106414071e-09
41250.056 4.689839474519231e-09
41300.056 5.219340165700708e-09
41350.056 8.850224434000083e-09
41400.056 6.221940140599676e-09
41450.056 7.143420586700055e-09
41500.056 2.902782194359476e-09
41550.056 2.578675645830409e-09
41600.056 3.2007677100397343e-09
41650.056 7.49157128410076e-09
41700.056 1.1608597614899678e-08
41750.056 8.263664502100274e-09
41800.056 9.317192707799766e-09
41850.056 5.3193545801995825e-09
41900.056 3.731832573119181e-09
41950.056 3.1794575316396768e-09
42000.056 7.343752984746492e-10
42050.056 1.398595227690136e-09
42100.056 3.0673282890799258e-09
42150.056 4.225598262799966e-09
42200.056 5.462248731499921e-09
42250.056 3.922228865600306e-09
42300.056 3.234799873799778e-09
42350.056 7.4500885790003135e-09
42400.056 1.0591812901900378e-08
42450.056 1.314946020500044e-08
42500.056 1.4293152464999864e-08
42550.056 1.2255308486199691e-08
42600.056 8.145290681100858e-09
42650.056 1.1651809398899002e-08
42700.056 4.47073450869977e-09
42750.056 1.0520024944701064e-08
42800.056 1.7409404516000276e-08
42850.056 1.779934705199936e-08
42900.056 1.625808297500018e-08
42950.056 1.263719570440042e-08
43000.056 1.4243564348999657e-08
43050.056 7.30913408229917e-09
43100.056 1.0977002741700642e-08
43150.056 1.2599568285500277e-08
43200.056 1.6780641651000464e-08
43250.056 2.1653766661000155e-08
43300.056 1.8038813500999173e-08
43350.056 1.1266849032699913e-08
43400.056 1.4662441712000049e-08
43450.056 9.669112354599922e-09
43500.056 7.142322848700106e-09
43550.056 9.553711615300573e-09
43600.056 1.726127956399984e-08
43650.056 9.462607703299363e-09
43700.056 1.610856586040205e-08
43750.056 2.0825723710999517e-08
43800.056 1.598021975579963e-08
43850.056 1.3550668110200618e-08
43900.056 9.601321577400072e-09
43950.056 7.635405426899783e-09
44000.056 8.290933289100057e-09
44050.056 1.7866874889501495e-08
44100.056 2.4781632739000147e-08
44150.056 2.1882861213999552e-08
44200.056 2.0805149602999825e-08
44250.056 1.250924553999936e-08
44300.056 7.351955277299765e-09
44350.056 6.696218623700199e-09
44400.056 8.417166388900019e-09
44450.056 1.4680086499001147e-08
44500.056 1.344413237009975e-08
44550.056 1.736595515200021e-08
44600.056 1.3192706781100058e-08
44650.056 1.566387867399943e-08
44700.056 1.1456743505499188e-08
44750.056 1.4252897469000572e-08
44800.056 9.323706329299672e-09
44850.056 1.2940346631200657e-08
44900.056 1.3849208927999841e-08
44950.056 1.7422605341000813e-08
45000.056 1.992796203399985e-08
45050.056 1.664226229329894e-08
45100.056 1.490557481660083e-08
45150.056 1.331817876199962e-08
45200.056 7.787059302199776e-09
45250.056 9.676279056099807e-09
45300.056 8.992070148599941e-09
45350.056 5.681035855100741e-09
45400.056 1.8394539633000532e-08
45450.056 1.5700552284100934e-08
45500.056 2.071420942900092e-08
45550.056 2.167988983499854e-08
45600.056 1.939016592300042e-08
45650.056 1.670057011199882e-08
45700.056 7.827274924798907e-09
45750.056 6.754303960900799e-09
45800.056 1.6985966660000062e-08
45850.056 1.3514266521500887e-08
45900.056 2.232876422900008e-08
45950.056 2.2790377990999298e-08
46000.056 2.066820902000013e-08
46050.056 1.6537278232001028e-08
46100.056 2.084530840099904e-08
46150.056 1.2870852754099876e-08
46200.056 8.076297672598843e-09
46250.056 2.5296139157100792e-09
46300.056 1.0099319556600882e-08
46350.056 1.284282122250015e-08
46400.056 1.3673030229000252e-08
46450.056 9.063772085799477e-09
46500.056 1.3084737666000167e-08
46550.056 7.1339658809991496e-09
46600.056 5.454325394799749e-09
46650.056 1.0604740022300448e-08
46700.056 7.705034167999237e-09
46750.056 2.418359933570176e-09
46800.056 1.3661850552098501e-09
46850.056 7.26312931150133e-09
46900.056 1.3620287024000306e-08
46950.056 1.53706836179999e-08
47000.056 1.6218698661000128e-08
47050.056 8.785915428498582e-09
47100.056 7.854338986000166e-09
47150.056 1.0400941432400737e-08
47200.056 1.0865353193599505e-08
47250.056 3.6357236091191053e-09
47300.056 2.6194772254408357e-09
47350.056 1.0182967827600723e-08
47400.056 1.3272698893999919e-08
47450.056 7.368635539499997e-09
47500.056 1.409491629010102e-08
47550.056 1.4349813796999915e-08
47600.056 8.133513978699266e-09
47650.056 9.91852783809956e-09
47700.056 8.073767898700609e-09
47750.056 6.514143293199889e-09
47800.056 3.2430469290996462e-09
47850.056 9.50063253780182e-10
47900.056 1.959074132560111e-09
47950.056 7.295598255300752e-09
48000.056 9.330305533399253e-09
48050.056 7.0736370066001645e-09
48100.056 3.6899920887598193e-09
48150.056 7.216436704000294e-09
48200.056 3.504082094049435e-09
48250.056 6.509748069200328e-09
48300.056 7.623015830599758e-09
48350.056 3.879309713299412e-09
48400.056 6.54178250579832e-10
48450.056 1.1856526467802844e-09
48500.056 2.7435765029097198e-09
48550.056 3.7178858225908784e-09
48600.056 9.411779310200377e-09
48650.056 1.1373233424599943e-08
48700.056 9.477358696800174e-09
48750.056 8.560395552199981e-09
48800.056 8.821318253999774e-09
48850.056 3.4665811186095423e-09
48900.056 2.5144760819697008e-09
48950.056 1.1679599339899498e-09
49000.056 8.847523683702135e-10
49050.056 3.055827950299788e-09
49100.056 5.0912866876907645e-09
49150.056 4.997443907699906e-09
49200.056 8.778969198300493e-09
49250.056 9.310391465399865e-09
49300.056 6.575572059599367e-09
49350.056 2.4906683538903557e-09
49400.056 2.952382634479499e-09
49450.056 2.0258983537803445e-09
49500.056 1.4732617666597262e-09
49550.056 3.3097144050998626e-10
49600.056 6.453066337121201e-10
49650.056 2.7071669147003355e-09
49700.056 4.470002350000089e-09
49750.056 2.7804655755897916e-09
49800.056 1.503418569680063e-09
49850.056 4.7506321728004255e-09
49900.056 6.203676372799995e-09
49950.056 5.48687502669978e-09
50000.056 2.413154638579548e-09
50050.056 2.224241159620344e-09
50100.056 2.1439455686998517e-09
50150.056 7.242525409698754e-10
50200.056 1.9014407659603277e-10
50250.056 6.62779867670004e-10
50300.056 5.537525135300918e-10
50350.056 2.3841701540002373e-09
50400.056 3.970592019500122e-09
50450.056 4.225006659099986e-09
50500.056 5.326058466400207e-09
50550.056 5.961772508499882e-09
50600.056 3.4619309022997144e-09
50650.056 5.197389751100098e-09
50700.056 4.097048396999755e-09
50750.056 2.1127827720998157e-09
50800.056 5.507397450998668e-10
50850.056 3.0693611418608394e-10
50900.056 1.591965222440199e-09
50950.056 2.17013696419983e-09
51000.056 1.4301313969102876e-09
51050.056 3.0063285639997658e-09
51100.056 1.4263086985799396e-09
51150.056 7.84283502020156e-10
51200.056 2.9895773576001974e-09
51250.056 2.9001038394998805e-09
51300.056 1.7602867162199145e-09
51350.056 9.48935210069812e-10
51400.056 3.381876596600464e-10
51450.056 3.02367032986938e-10
51500.056 3.198901477680733e-10
51550.056 1.0615145877901216e-09
51600.056 1.7173071524000795e-09
51650.056 2.4656137399000413e-09
51700.056 1.7568445779096772e-09
51750.056 1.5193136980402705e-09
51800.056 2.730332548500006e-09
51850.056 2.1462909742998854e-09
51900.056 1.5413955166999238e-09
51950.056 7.445815641198799e-10
52000.056 1.7925253649497774e-10
52050.056 4.755770462800179e-10
52100.056 2.9493369989995517e-10
52150.056 1.9330840719204416e-10
52200.056 6.138279645000401e-10
52250.056 1.0040052440600568e-09
52300.056 9.66410800899934e-10
52350.056 3.105712674979878e-10
52400.056 3.73162671060015e-10
52450.056 1.1379007945701152e-09
52500.056 8.544425984799656e-10
52550.056 1.5957191808499149e-09
52600.056 1.6708933533101558e-09
52650.056 1.9873577148999185e-09
52700.056 1.082224711789899e-09
52750.056 3.4561748000393493e-10
52800.056 6.518138414800833e-10
52850.056 7.484166732899292e-10
52900.056 2.671843535069334e-10
52950.056 4.2649987911006627e-10
53000.056 9.347893395800197e-10
53050.056 4.888836007199905e-10
53100.056 1.4167965893701386e-09
53150.056 1.4318264177099292e-09
53200.056 8.02933303199959e-10
53250.056 1.2128810622099776e-09
53300.056 1.1366675250300537e-09
53350.056 1.0087335990499657e-09
53400.056 6.776135845199488e-10
53450.056 2.917826370899585e-10
53500.056 1.1580116837198682e-10
53550.056 1.7503940438800392e-10
53600.056 4.1262514046108703e-10
