galfind/configs/Brown_Dwarf_templates/sonora_bobcat/m+0.5/3160g/sp_t400g3160nc_m+0.5_resample.dat
# %ECSV 1.0
# ---
# datatype:
# - {name: wav, unit: Angstrom, datatype: float64}
# - {name: flux_nu, unit: erg / (cm2 Hz s), datatype: float64}
# meta: {C/O: '1.00', Kzz: '1.0000E+05', Teff: '400.', Y: '0.28', '[Fe/H]': '0.50', f_hole: '1.00', f_rain: '0.00', grav: '3160.'}
# schema: astropy-2.0
wav flux_nu
[from data line 500]
29000.056 2.9191033013603864e-11
29050.056 5.66027465213354e-11
29100.056 1.9411318106451963e-11
29150.056 3.214826616677712e-11
29200.056 1.0593534068337569e-10
29250.056 8.015764566495342e-11
29300.056 5.164193978641771e-11
29350.056 1.4521076497364983e-10
29400.056 5.849436379291561e-11
29450.056 2.3093300079506015e-11
29500.056 1.661651972034001e-10
29550.056 4.438707666137269e-11
29600.056 5.4610085235841894e-11
29650.056 2.6134380061835444e-10
29700.056 3.214410204251848e-11
29750.056 1.4730578934117232e-10
29800.056 8.138459809995926e-11
29850.056 2.353563582995971e-10
29900.056 8.565984290543226e-11
29950.056 8.911937032583935e-11
30000.056 1.1249308939133151e-12
30050.056 1.3321274573306781e-11
30100.056 5.925104226001545e-11
30150.056 2.1754002279731984e-10
30200.056 1.3457745109617282e-10
30250.056 2.4284707372984813e-10
30300.056 3.046334779115203e-10
30350.056 5.270669220490892e-11
30400.056 3.5427817990894215e-10
30450.056 2.6745438030320694e-10
30500.056 1.1893000124444985e-10
30550.056 9.422575089840134e-11
30600.056 1.3092220672935338e-09
30650.056 4.698012316018159e-10
30700.056 2.0869376202009862e-10
30750.056 4.6086277690378617e-10
30800.056 5.125498997287663e-10
30850.056 5.308611301287146e-10
30900.056 2.7062456107158047e-10
30950.056 1.874833002600734e-10
31000.056 2.6677447996886466e-10
31050.056 1.5877522661744332e-10
31100.056 8.650027409198567e-11
31150.056 1.846075768011013e-10
31200.056 7.20770775925924e-10
31250.056 2.5190482864435705e-10
31300.056 1.364647100020484e-10
31350.056 4.889017628711254e-10
31400.056 2.779773707708214e-10
31450.056 3.028433595067806e-10
31500.056 9.060942146883341e-11
31550.056 2.0335290793634998e-10
31600.056 1.439371254421711e-10
31650.056 1.061766406188617e-10
31700.056 8.98205872420306e-11
31750.056 3.789527634906024e-11
31800.056 8.223073994330987e-11
31850.056 1.3405016718241372e-11
31900.056 3.6719035292674274e-11
31950.056 1.720324867274238e-11
32000.056 1.2508204775242382e-11
32050.056 1.4602060663467543e-11
32100.056 1.18978223384541e-11
32150.056 1.1439646182029187e-11
32200.056 4.9352404139575025e-12
32250.056 1.2197694138224561e-11
32300.056 3.091438024828077e-12
32350.056 1.2470708897135379e-11
32400.056 1.1498105089360857e-12
32450.056 8.109150700164077e-12
32500.056 1.2183876463741142e-12
32550.056 8.563549247941355e-12
32600.056 1.072553146509458e-12
32650.056 1.7147744886246042e-11
32700.056 1.9711816668434602e-12
32750.056 4.673555284021745e-11
32800.056 2.1468595184418155e-11
32850.056 1.0970528346993031e-10
32900.056 8.977537389394723e-11
32950.056 9.594813141929082e-11
33000.056 2.3154190219365837e-11
33050.056 2.1373971270534093e-11
33100.056 3.3811507852929885e-12
33150.056 2.230518139467438e-15
33200.056 1.3271385877694754e-13
33250.056 3.326631426955837e-13
33300.056 6.713612331370638e-12
33350.056 1.5322394359122357e-11
33400.056 6.361853718973423e-11
33450.056 1.4991076601526852e-11
33500.056 8.604779482382264e-11
33550.056 1.2025414415978698e-11
33600.056 3.408001066912482e-11
33650.056 3.739099770267489e-11
33700.056 6.696599636575878e-12
33750.056 4.739153192262568e-11
33800.056 2.371627789468024e-12
33850.056 2.1151263569849763e-11
33900.056 2.1472680689405158e-11
33950.056 2.051456851065771e-11
34000.056 5.209683206114515e-11
34050.056 7.630621319691415e-12
34100.056 5.390991637709963e-11
34150.056 1.4675174227241466e-11
34200.056 6.270959360156676e-11
34250.056 2.8048544189673438e-11
34300.056 3.415309037467275e-11
34350.056 1.3669775557337855e-10
34400.056 2.048121111512749e-11
34450.056 1.1277961053340398e-10
34500.056 4.0809126008355285e-11
34550.056 6.31602605142293e-11
34600.056 3.113425910578943e-10
34650.056 2.00273032780772e-11
34700.056 1.9633842017964622e-10
34750.056 9.088137759046596e-11
34800.056 5.989437442536207e-11
34850.056 2.956817136605311e-10
34900.056 2.988744600356552e-11
34950.056 3.4053934058098266e-10
35000.056 4.073054545179813e-10
35050.056 2.745484501327462e-10
35100.056 6.780818919574596e-10
35150.056 5.55501763416116e-10
35200.056 4.318478121410527e-10
35250.056 8.684957375324776e-10
35300.056 1.8255276198269495e-10
35350.056 2.386973422501214e-10
35400.056 1.579223618240459e-10
35450.056 1.4299736020784459e-10
35500.056 6.385322362817538e-10
35550.056 3.6433461745419075e-10
35600.056 6.300367103621924e-10
35650.056 7.504209058047188e-10
35700.056 7.765112373248446e-10
35750.056 1.0837332773084154e-09
35800.056 4.482709137751847e-10
35850.056 2.4618863799441897e-10
35900.056 3.723919215975226e-10
35950.056 7.096596899213267e-10
36000.056 7.84424929341086e-10
36050.056 5.394732934918007e-10
36100.056 4.968854296125541e-10
36150.056 1.7587145150618648e-09
36200.056 1.6350962167249558e-09
36250.056 8.575126218939721e-10
36300.056 2.579914476026959e-09
36350.056 1.458776140088022e-09
36400.056 2.3713680009473154e-09
36450.056 1.58569411155177e-09
36500.056 1.7003282945150577e-09
36550.056 3.834774993159868e-09
36600.056 4.399419661499332e-09
36650.056 2.1388403112544545e-09
36700.056 2.567810366237851e-09
36750.056 4.2212831572012205e-09
36800.056 4.901171039348094e-09
36850.056 2.136134202895179e-09
36900.056 2.8780077993662996e-09
36950.056 5.316342029834078e-09
37000.056 3.281310045153698e-09
37050.056 5.46167336510568e-09
37100.056 1.822245465893433e-09
37150.056 3.292812313744594e-09
37200.056 7.37403641779975e-09
37250.056 3.319008673318167e-09
37300.056 1.9648696075010247e-09
37350.056 4.012254213564555e-09
37400.056 6.8095724871293795e-09
37450.056 2.425468809932285e-09
37500.056 3.1538680922868115e-09
37550.056 9.127739068412047e-09
37600.056 1.4461564709800147e-08
37650.056 3.009169604208474e-09
37700.056 6.291073785620995e-09
37750.056 4.636269938524084e-09
37800.056 5.001427179571016e-09
37850.056 2.616985960389904e-09
37900.056 3.000840630184941e-09
37950.056 5.442539359430131e-09
38000.056 4.773851179072792e-09
38050.056 8.0977299184163e-09
38100.056 1.1672428489913584e-08
38150.056 1.333840618407086e-08
38200.056 8.21751688521196e-09
38250.056 1.1815027966725683e-08
38300.056 2.0770545062156103e-08
38350.056 1.535552986312397e-08
38400.056 5.649443228688235e-09
38450.056 2.0939612030083037e-09
38500.056 1.910779062676399e-09
38550.056 7.73370057550094e-09
38600.056 9.208837848498322e-09
38650.056 9.077797254059403e-09
38700.056 8.01049529921792e-09
38750.056 8.5642054361695e-09
38800.056 8.159684935360193e-09
38850.056 9.96703314390102e-09
38900.056 1.1669580885754683e-08
38950.056 6.918614796841109e-09
39000.056 1.1824057136117638e-08
39050.056 6.0200108702733775e-09
39100.056 9.569087879862438e-09
39150.056 1.5598693747199706e-08
39200.056 1.102739855979967e-08
39250.056 1.4596561079740442e-08
39300.056 1.0520032759010092e-08
39350.056 2.062230777710006e-08
39400.056 1.1322000495532709e-08
39450.056 1.7691874814362268e-08
39500.056 2.0204657915499392e-08
39550.056 8.04905260572834e-09
39600.056 1.5205127489282163e-08
39650.056 2.5372858547999323e-08
39700.056 2.1860326182101506e-08
39750.056 8.130782378675549e-09
39800.056 8.38070467646912e-09
39850.056 2.58540830500019e-08
39900.056 2.9188169746001197e-08
39950.056 1.2188939792900289e-08
40000.056 2.163104496299967e-08
40050.056 2.4036182049599023e-08
40100.056 6.389092142449222e-09
40150.056 2.0004712516201423e-08
40200.056 2.427165341099792e-08
40250.056 2.7632630966495815e-08
40300.056 2.759646948000318e-08
40350.056 1.291761701614624e-08
40400.056 2.026584461814216e-08
40450.056 9.156016324699634e-09
40500.056 2.575042421849957e-08
40550.056 2.734067191019523e-08
40600.056 2.749136012399945e-08
40650.056 1.870254288209918e-08
40700.056 3.688488507619896e-08
40750.056 2.482218263109775e-08
40800.056 1.354935920179762e-08
40850.056 4.122278702300454e-08
40900.056 3.8946532005996796e-08
40950.056 2.5623756938801334e-08
41000.056 2.268422720319876e-08
41050.056 4.568284760599987e-08
41100.056 3.861627812639728e-08
41150.056 1.1854386004859182e-08
41200.056 4.172204513560491e-08
41250.056 3.7592302837403473e-08
41300.056 4.1371712613004066e-08
41350.056 5.400960530999989e-08
41400.056 3.9780998421998726e-08
41450.056 5.2885150509e-08
41500.056 2.8871875056714397e-08
41550.056 2.639528083920553e-08
41600.056 2.938542787463924e-08
41650.056 4.697730710700408e-08
41700.056 6.252899048299554e-08
41750.056 4.6368021682000276e-08
41800.056 5.1564215904000595e-08
41850.056 3.92330346933967e-08
41900.056 3.216090024319209e-08
41950.056 3.4493057462798406e-08
42000.056 1.851055007796002e-08
42050.056 2.243318664338344e-08
42100.056 3.220658088589796e-08
42150.056 3.333092939659844e-08
42200.056 3.6433325726997507e-08
42250.056 2.9949176014203845e-08
42300.056 2.5802910563398258e-08
42350.056 4.482852952920128e-08
42400.056 5.2990956528002495e-08
42450.056 5.286821372400368e-08
42500.056 5.6116116314998426e-08
42550.056 4.859556022799855e-08
42600.056 4.461370402100954e-08
42650.056 6.675028326199382e-08
42700.056 3.123507734419398e-08
42750.056 4.257766887600608e-08
42800.056 6.465554762100111e-08
42850.056 6.932361160599322e-08
42900.056 6.859238897100351e-08
42950.056 5.2441879412001417e-08
43000.056 6.197739832799836e-08
43050.056 3.040232305900054e-08
43100.056 5.423507794199995e-08
43150.056 4.7542902789000516e-08
43200.056 6.043064907800331e-08
43250.056 9.110511632800221e-08
43300.056 7.655869463499747e-08
43350.056 3.940465503999772e-08
43400.056 6.110660772000266e-08
43450.056 4.296352505100161e-08
43500.056 4.062592723200212e-08
43550.056 4.258508000100288e-08
43600.056 7.354796917300031e-08
43650.056 3.8101732997196794e-08
43700.056 7.488875838501103e-08
43750.056 7.940219343499596e-08
43800.056 6.461013593299842e-08
43850.056 5.897922180800641e-08
43900.056 4.437241484899905e-08
43950.056 3.2572816956998e-08
44000.056 3.0189919840999556e-08
44050.056 7.267239536900599e-08
44100.056 1.0484586398700226e-07
44150.056 9.285120004599562e-08
44200.056 8.649838350400138e-08
44250.056 4.64072666319969e-08
44300.056 2.9707044530001002e-08
44350.056 3.317951358020208e-08
44400.056 3.5931468360998967e-08
44450.056 6.321960565300596e-08
44500.056 5.3486506670002667e-08
44550.056 7.971320149900037e-08
44600.056 5.982867039820123e-08
44650.056 6.466213944499546e-08
44700.056 4.157861488999507e-08
44750.056 5.784443072000557e-08
44800.056 3.8676241635101184e-08
44850.056 5.9527466021002914e-08
44900.056 5.30118620269977e-08
44950.056 6.308667515700493e-08
45000.056 7.479373176399972e-08
45050.056 6.719016597499497e-08
45100.056 6.061677273600441e-08
45150.056 5.372345818499788e-08
45200.056 3.399275405460103e-08
45250.056 4.126363814599616e-08
45300.056 4.121859007900305e-08
45350.056 2.8519186311004206e-08
45400.056 8.714069960000424e-08
45450.056 7.275487752600661e-08
45500.056 8.831672423500547e-08
45550.056 9.891515434998865e-08
45600.056 8.388334039900359e-08
45650.056 7.061285874899399e-08
45700.056 3.6307102493297e-08
45750.056 3.0208237641402836e-08
45800.056 8.621171533600269e-08
45850.056 7.009608720670345e-08
45900.056 9.42595145019971e-08
45950.056 8.455182467699518e-08
46000.056 8.874632400200504e-08
46050.056 7.094500644800635e-08
46100.056 9.975109806299382e-08
46150.056 5.480031828100027e-08
46200.056 4.14963314695944e-08
46250.056 1.3967824160189508e-08
46300.056 5.303152425500422e-08
46350.056 6.16220980790048e-08
46400.056 6.19727181650015e-08
46450.056 4.885946759869568e-08
46500.056 5.856031615500491e-08
46550.056 3.132489155489757e-08
46600.056 3.431264469459598e-08
46650.056 5.8999395408002875e-08
46700.056 4.109734952399474e-08
46750.056 1.560430596680235e-08
46800.056 9.881110831858577e-09
46850.056 5.029822378400796e-08
46900.056 7.060994090799823e-08
46950.056 7.001104815199716e-08
47000.056 7.130973672700368e-08
47050.056 4.3787291390589104e-08
47100.056 3.256132004900059e-08
47150.056 5.3208687649006365e-08
47200.056 5.9262742463997703e-08
47250.056 2.3162024875994877e-08
47300.056 1.5961888931514917e-08
47350.056 5.9571597003004386e-08
47400.056 6.699793288199832e-08
47450.056 3.920092458940307e-08
47500.056 7.715699918900241e-08
47550.056 6.463033861600182e-08
47600.056 5.109957610399394e-08
47650.056 5.936689554859795e-08
47700.056 4.481442364620543e-08
47750.056 3.19768724260002e-08
47800.056 2.179019600540086e-08
47850.056 7.858434766501423e-09
47900.056 1.441712148013016e-08
47950.056 4.7147981983004205e-08
48000.056 6.306405166599552e-08
48050.056 4.6646571568599254e-08
48100.056 2.0213914677540222e-08
48150.056 3.9702698468002404e-08
48200.056 2.5659395356817084e-08
48250.056 4.10213903080008e-08
48300.056 5.772528365199996e-08
48350.056 3.2567802222995526e-08
48400.056 5.514540873840381e-09
48450.056 1.2014629436587009e-08
48500.056 2.577748746379549e-08
48550.056 3.2733075055206246e-08
48600.056 5.704853017100161e-08
48650.056 7.023881695399851e-08
48700.056 4.744861562200364e-08
48750.056 3.3709839817001196e-08
48800.056 5.283196678900176e-08
48850.056 2.384262908854654e-08
48900.056 2.5202226258037393e-08
48950.056 1.2761755168599253e-08
49000.056 7.589735670676014e-09
49050.056 2.6493045330897268e-08
49100.056 3.882488019129618e-08
49150.056 3.0945971384199115e-08
49200.056 5.4285377461004554e-08
49250.056 5.869085023800007e-08
49300.056 4.5421622875996623e-08
49350.056 1.6586465809792766e-08
49400.056 2.2626624127345574e-08
49450.056 1.7778415842203773e-08
49500.056 1.4370626291087228e-08
49550.056 2.0942474800699896e-09
49600.056 6.7776019644913425e-09
49650.056 2.4601232693002386e-08
49700.056 3.333084006899804e-08
49750.056 2.6309736244098246e-08
49800.056 1.3608535827809965e-08
49850.056 3.7684115862003866e-08
49900.056 4.1434407383999356e-08
49950.056 3.671879952399844e-08
50000.056 2.1610691558926765e-08
50050.056 2.5415709307203002e-08
50100.056 2.193634121099878e-08
50150.056 7.61256865158848e-09
50200.056 9.388714089734643e-10
50250.056 7.10777530989997e-09
50300.056 5.0161859258011296e-09
50350.056 2.4247265317002696e-08
50400.056 3.2185480250999044e-08
50450.056 2.3730081315800155e-08
50500.056 3.8722577170002056e-08
50550.056 4.1422258355000403e-08
50600.056 2.4808154974093116e-08
50650.056 3.940508224700443e-08
50700.056 3.7891154187998725e-08
50750.056 2.0202278623599004e-08
50800.056 5.0958504066188164e-09
50850.056 2.0618737753110695e-09
50900.056 1.893656286000217e-08
50950.056 2.2728766465998077e-08
51000.056 1.4826160722982831e-08
51050.056 2.5910128972996725e-08
51100.056 9.27943173953027e-09
51150.056 7.441316524103914e-09
51200.056 3.119926360200083e-08
51250.056 2.5324542311796947e-08
51300.056 1.466604197340105e-08
51350.056 1.196300530744369e-08
51400.056 2.6934384938446162e-09
51450.056 2.2960483439452832e-09
51500.056 2.1191867669088437e-09
51550.056 1.0803146839601955e-08
51600.056 1.3098881166501328e-08
51650.056 1.927441481459961e-08
51700.056 1.6092693082267028e-08
51750.056 1.1853284888942513e-08
51800.056 2.480046932099931e-08
51850.056 1.8318892817999016e-08
51900.056 1.7482040025000465e-08
51950.056 8.004338005298421e-09
52000.056 5.708927517877883e-10
52050.056 3.870294318600381e-09
52100.056 1.8489574404795325e-09
52150.056 9.779859786203592e-10
52200.056 4.931777616399908e-09
52250.056 9.83004650300154e-09
52300.056 1.1133818396999087e-08
52350.056 2.10711953100174e-09
52400.056 2.52355778935205e-09
52450.056 1.3699602294001742e-08
52500.056 9.94905204894887e-09
52550.056 1.461009340669874e-08
52600.056 1.2221092098421495e-08
52650.056 1.558585565259977e-08
52700.056 8.10306774339957e-09
52750.056 2.351607143043084e-09
52800.056 5.012926090780988e-09
52850.056 6.3813581237585704e-09
52900.056 1.6784785273502285e-09
52950.056 3.4265190433907007e-09
53000.056 9.228555044800367e-09
53050.056 2.865027261893743e-09
53100.056 1.4280997596601414e-08
53150.056 1.4968915756399548e-08
53200.056 5.608927853839666e-09
53250.056 1.2156893276499911e-08
53300.056 1.2705360774651925e-08
53350.056 1.090932232779979e-08
53400.056 6.2172099843992325e-09
53450.056 1.4054741981095356e-09
53500.056 2.529490533769394e-10
53550.056 5.591833052689937e-10
53600.056 3.3897375934818143e-09
53650.056 5.794228014840218e-09
