galfind/configs/Brown_Dwarf_templates/sonora_bobcat/m+0.5/3160g/sp_t750g3160nc_m+0.5_resample.dat
# %ECSV 1.0
# ---
# datatype:
# - {name: wav, unit: Angstrom, datatype: float64}
# - {name: flux_nu, unit: erg / (cm2 Hz s), datatype: float64}
# meta: {C/O: '1.00', Kzz: '1.0000E+05', Teff: '750.', Y: '0.28', '[Fe/H]': '0.50', f_hole: '1.00', f_rain: '0.00', grav: '3160.'}
# schema: astropy-2.0
wav flux_nu
4000.0559999999996 nan
4050.0559999999996 4.132446528026433e-15
4100.056 5.690757219850117e-13
4150.056 4.999042514400045e-12
4200.056 4.7706355528258746e-12
4250.056 3.385789045200025e-11
4300.056 6.572861732500035e-11
4350.056 9.746851830500026e-11
4400.056 1.3551078248000043e-10
4450.056 1.851851970200009e-10
4500.056 2.2113914122000048e-10
4550.056 2.0874078756399864e-10
4600.056 4.377619258099977e-11
4650.056 2.1312755511999883e-11
4700.056 8.689178052899911e-12
4750.056 2.14165412417997e-12
4800.056 5.215116724799942e-13
4850.056 1.864022727499986e-13
4900.056 1.1108787999599955e-13
4950.056 7.77557970169997e-14
5000.056 5.060632926499975e-14
5050.056 3.6100136620999975e-14
5100.056 3.609815351100004e-14
5150.056 3.759190683300004e-14
5200.056 3.920970074400002e-14
5250.056 4.057001589900001e-14
5300.056 4.1958988065000016e-14
5350.056 4.3663032081000027e-14
5400.056 4.5594198160000025e-14
5450.056 4.754767701400005e-14
5500.056 4.9405583188000064e-14
5550.056 5.103402717700003e-14
5600.056 5.2213694598999986e-14
5650.056 5.256918350199998e-14
5700.056 5.1526487736999994e-14
5750.056 4.830769183699994e-14
5800.056 4.213823011199989e-14
5850.056 2.9833234897999694e-14
5900.056 1.038922661288231e-14
5950.056 5.659322816400104e-14
6000.056 1.1469595120300025e-13
6050.056 2.0192861856000207e-13
6100.056 3.265672329000024e-13
6150.056 5.01814842070003e-13
6200.056 7.470384237200039e-13
6250.056 1.0813303337600054e-12
6300.056 1.538644895600007e-12
6350.056 2.1547115785000103e-12
6400.056 2.979357587600015e-12
6450.056 4.054576702300007e-12
6500.056 5.472478482600021e-12
6550.056 7.310232106900022e-12
6600.056 9.664734444300074e-12
6650.056 1.2641640629000052e-11
6700.056 1.547640420610013e-11
6750.056 2.0296889278000066e-11
6800.056 2.4062308077000052e-11
6850.056 2.5488865047999997e-11
6900.056 2.3637960723000026e-11
6950.056 2.1178373121999957e-11
7000.056 2.0960234364000044e-11
7050.056 2.2407056326999906e-11
7100.056 2.4257554943999982e-11
7150.056 2.4675412623399803e-11
7200.056 2.4471794421300255e-11
7250.056 2.4222275995999306e-11
7300.056 2.2928227755400512e-11
7350.056 2.2021831017799876e-11
7400.056 2.0987744819000223e-11
7450.056 1.9909337224000223e-11
7500.056 1.8563406276999956e-11
7550.056 1.6926331897999957e-11
7600.056 1.5104733683999943e-11
7650.056 6.459870320509836e-12
7700.056 5.763908412800141e-12
7750.056 1.5502855608000196e-11
7800.056 2.3070707802200096e-11
7850.056 3.6230751083000215e-11
7900.056 5.062066885400015e-11
7950.056 5.987766450860045e-11
8000.056 9.29832586030007e-11
8050.056 1.2219242263000098e-10
8100.056 1.508835717079988e-10
8150.056 1.8296547110400048e-10
8200.056 2.4364797951200586e-10
8250.056 2.933240543740003e-10
8300.056 3.626819288540147e-10
8350.056 4.377500293799968e-10
8400.056 5.29217479119997e-10
8450.056 6.487365508099993e-10
8500.056 7.287257615399839e-10
8550.056 9.124492815800193e-10
8600.056 1.1098087305900077e-09
8650.056 1.3063621168000094e-09
8700.056 1.516329520400011e-09
8750.056 1.7653404476000107e-09
8800.056 2.0217220558000128e-09
8850.056 2.2073820646999968e-09
8900.056 1.950823796799952e-09
8950.056 1.875140409109985e-09
9000.056 2.215163767969893e-09
9050.056 3.3137889425600353e-09
9100.056 3.745663742450096e-09
9150.056 4.112956499450107e-09
9200.056 4.890117209199924e-09
9250.056 4.897590296389813e-09
9300.056 1.7859024202432428e-09
9350.056 2.487062086821183e-09
9400.056 4.581050229574408e-09
9450.056 4.516804529041335e-09
9500.056 4.344532485941256e-09
9550.056 4.752304209999005e-09
9600.056 5.0743056320547834e-09
9650.056 6.344838224941798e-09
9700.056 8.977978135640419e-09
9750.056 9.717274636650982e-09
9800.056 1.1349193049509574e-08
9850.056 1.3280727574499806e-08
9900.056 1.6198519877300267e-08
9950.056 1.7780910462900223e-08
10000.056 1.8259148610799858e-08
10050.056 2.3396633098000196e-08
10100.056 2.6819283787000193e-08
10150.056 2.985120328800007e-08
10200.056 3.2903379498000586e-08
10250.056 3.725019542200046e-08
10300.056 4.2887841300998914e-08
10350.056 4.637121226200088e-08
10400.056 5.265113872700021e-08
10450.056 5.783736013099841e-08
10500.056 6.298197266899952e-08
10550.056 6.858046169300014e-08
10600.056 7.262416845899994e-08
10650.056 7.689103624000067e-08
10700.056 7.926426802600057e-08
10750.056 8.269742753200051e-08
10800.056 8.426968437400061e-08
10850.056 8.271137143300045e-08
10900.056 6.955227112099874e-08
10950.056 4.338180304159995e-08
11000.056 3.007783710859682e-08
11050.056 1.8699555356198913e-08
11100.056 1.1815750790089474e-08
11150.056 7.1323623556477935e-09
11200.056 7.623191963842794e-09
11250.056 1.055793828575938e-08
11300.056 1.1357220979198426e-08
11350.056 4.916306288650604e-09
11400.056 1.3595096058620763e-08
11450.056 9.201097433765033e-09
11500.056 9.434111405149101e-09
11550.056 4.604906881184221e-09
11600.056 4.239397877685197e-09
11650.056 7.4930341454978e-09
11700.056 8.52371366029203e-09
11750.056 4.470077994910838e-09
11800.056 1.2355229015046434e-08
11850.056 1.9356401266739556e-08
11900.056 2.481001212595878e-08
11950.056 3.566846021730283e-08
12000.056 4.717962053560053e-08
12050.056 6.195896644100235e-08
12100.056 7.749918204699774e-08
12150.056 9.688165666399747e-08
12200.056 1.1385391660899818e-07
12250.056 1.360319408829969e-07
12300.056 1.6229051602500367e-07
12350.056 1.7074883654999935e-07
12400.056 1.9795362800999742e-07
12450.056 2.17154784710003e-07
12500.056 2.3066888919000554e-07
12550.056 2.5595464035000016e-07
12600.056 2.7902815872000153e-07
12650.056 2.7689588330999997e-07
12700.056 2.7219729975000253e-07
12750.056 2.449670766260029e-07
12800.056 2.2862642090399945e-07
12850.056 1.7936452674499962e-07
12900.056 1.513618317350023e-07
12950.056 1.342182763490014e-07
13000.056 1.3342809555700569e-07
13050.056 1.0918858089319928e-07
13100.056 1.0527022076697295e-07
13150.056 7.955312748947699e-08
13200.056 7.236081577777863e-08
13250.056 5.002396506525543e-08
13300.056 2.3508989370759095e-08
13350.056 7.305375148302428e-09
13400.056 2.5797977540609814e-09
13450.056 1.2908757872146352e-09
13500.056 6.823647002878122e-10
13550.056 3.858412565937768e-10
13600.056 2.1304230004075556e-10
13650.056 6.921191108350331e-10
13700.056 4.731291016708319e-10
13750.056 8.791799980664642e-10
13800.056 1.0470202831294532e-09
13850.056 6.112560941626526e-10
13900.056 6.636788470224882e-10
13950.056 6.624497912491565e-10
14000.056 6.965301605659505e-10
14050.056 9.505693760114113e-10
14100.056 7.559620451849347e-10
14150.056 1.1896166238735682e-09
14200.056 8.75053451908484e-10
14250.056 9.854519737724943e-10
14300.056 2.17206192287725e-09
14350.056 2.0037102171555484e-09
14400.056 2.0633470592329555e-09
14450.056 2.928110482198941e-09
14500.056 5.452459446532113e-09
14550.056 5.669379525034612e-09
14600.056 9.019324194410585e-09
14650.056 7.745531811377313e-09
14700.056 5.082198422530989e-09
14750.056 6.221041830469935e-09
14800.056 8.216009937148756e-09
14850.056 8.674664239561668e-09
14900.056 9.239929290857081e-09
14950.056 1.0981836997310002e-08
15000.056 1.5641958086355252e-08
15050.056 1.721352146062272e-08
15100.056 1.766677978172032e-08
15150.056 1.839597096160932e-08
15200.056 2.2520177169888163e-08
15250.056 3.460595815899261e-08
15300.056 4.0184441266267165e-08
15350.056 5.079492508519902e-08
15400.056 6.026238405020893e-08
15450.056 7.070755119230753e-08
15500.056 7.869559563899344e-08
15550.056 9.63881408350061e-08
15600.056 1.1221114601799722e-07
15650.056 1.2465735438700413e-07
15700.056 1.4667581644100098e-07
15750.056 1.5690952083500196e-07
15800.056 1.6213337530999884e-07
15850.056 1.7134280128000185e-07
15900.056 1.590519027100004e-07
15950.056 1.4644138008699606e-07
16000.056 1.1912352012100107e-07
16050.056 8.150099157199714e-08
16100.056 5.7078838079897394e-08
16150.056 3.6960538550618235e-08
16200.056 2.326586196952033e-08
16250.056 1.9059275685959035e-08
16300.056 1.5189460211663246e-08
16350.056 1.771493967572822e-08
16400.056 2.1078041475611976e-08
16450.056 2.2174303052727475e-08
16500.056 2.4652966626020136e-08
16550.056 2.400287085240422e-08
16600.056 2.74260191072568e-08
16650.056 1.908225358841742e-08
16700.056 5.613293851147969e-09
16750.056 1.1835741285269923e-08
16800.056 1.8730953231718964e-08
16850.056 1.963385630755276e-08
16900.056 1.4970327079183395e-08
16950.056 1.185007205631178e-08
17000.056 8.715366895060076e-09
17050.056 1.3901576187182332e-08
17100.056 1.8190884705720346e-08
17150.056 1.38264193702071e-08
17200.056 2.407386255283923e-08
17250.056 1.826734017643213e-08
17300.056 1.4584916968508908e-08
17350.056 1.3380107621869258e-08
17400.056 1.573322404054657e-08
17450.056 1.7565708886383067e-08
17500.056 1.9995233075504487e-08
17550.056 1.6758867397677868e-08
17600.056 1.4671586455301434e-08
17650.056 1.3402016178205113e-08
17700.056 1.0417650645954072e-08
17750.056 8.675219778364802e-09
17800.056 1.2350066988651232e-08
17850.056 7.558251395341059e-09
17900.056 7.415500358533914e-09
17950.056 5.277111581841175e-09
18000.056 7.210683013681176e-09
18050.056 4.890317524376447e-09
18100.056 5.707672204833856e-09
18150.056 6.5155681084157925e-09
18200.056 4.03902606902697e-09
18250.056 1.049284263974981e-08
18300.056 4.2607830213024075e-09
18350.056 3.8199568531654125e-09
18400.056 3.1969953163764822e-09
18450.056 6.419166147200847e-09
18500.056 6.282974072245939e-09
18550.056 4.359140394103637e-09
18600.056 4.130332552754874e-09
18650.056 3.2812914789620777e-09
18700.056 2.2068209477024698e-09
18750.056 3.934480887847503e-09
18800.056 1.04016267319284e-08
18850.056 1.0789556422886096e-08
18900.056 9.122577610099603e-09
18950.056 1.7819632769341595e-08
19000.056 8.05795363061197e-09
19050.056 5.122996958033429e-09
19100.056 1.0192779796888431e-08
19150.056 5.4802330529986306e-09
19200.056 8.580157202649612e-09
19250.056 5.40163458581568e-09
19300.056 4.290306404321456e-09
19350.056 3.974509106890888e-09
19400.056 2.960438257232385e-09
19450.056 5.3711245184148525e-09
19500.056 5.160026844712974e-09
19550.056 4.5339427053866665e-09
19600.056 6.433714024104396e-09
19650.056 7.463356179486448e-09
19700.056 7.602186362207227e-09
19750.056 1.0786982421012103e-08
19800.056 9.56294942880697e-09
19850.056 1.3709209668359246e-08
19900.056 1.231756696420855e-08
19950.056 1.9579680170914018e-08
20000.056 2.0158289294548462e-08
20050.056 2.165428438648118e-08
20100.056 2.953584413683936e-08
20150.056 2.3373557454246643e-08
20200.056 2.3992030117150467e-08
20250.056 3.452152499232711e-08
20300.056 3.624923111995191e-08
20350.056 4.067328915992481e-08
20400.056 3.886662769616008e-08
20450.056 5.488734862610701e-08
20500.056 6.214870214178315e-08
20550.056 6.39745753080082e-08
20600.056 7.359644280700735e-08
20650.056 7.956930862700049e-08
20700.056 8.351457383600203e-08
20750.056 8.885147512499654e-08
20800.056 9.246132102998901e-08
20850.056 9.53165608050012e-08
20900.056 1.0066115680199175e-07
20950.056 9.752830150400474e-08
21000.056 9.548006724200246e-08
21050.056 9.515076117599562e-08
21100.056 9.130647538000152e-08
21150.056 9.129679914798908e-08
21200.056 8.504436890600444e-08
21250.056 8.021051100849041e-08
21300.056 6.9705920732e-08
21350.056 6.823026188539673e-08
21400.056 6.481897281900833e-08
21450.056 5.71216774104603e-08
21500.056 5.17599402438429e-08
21550.056 4.71804810987998e-08
21600.056 4.16101969108256e-08
21650.056 3.450153825984745e-08
21700.056 3.398421902879999e-08
21750.056 2.8973723643987026e-08
21800.056 2.2971691959390445e-08
21850.056 1.9857650247383767e-08
21900.056 1.4593821691805417e-08
21950.056 8.412368415527705e-09
22000.056 2.8524866481881127e-09
22050.056 2.6643074945547882e-09
22100.056 6.285034222031178e-09
22150.056 6.348674733930922e-09
22200.056 7.052219793035087e-09
22250.056 6.110126193299744e-09
22300.056 4.141011476953326e-09
22350.056 4.5041552120565446e-09
22400.056 2.659864587943569e-09
22450.056 2.875652586050811e-09
22500.056 2.7054280215578844e-09
22550.056 2.0342302978689544e-09
22600.056 1.9575516058471605e-09
22650.056 2.6303859352495896e-09
22700.056 2.1766344070456837e-09
22750.056 2.302401640210251e-09
22800.056 2.390868470332978e-09
22850.056 1.9564501357238878e-09
22900.056 1.7328597722161051e-09
22950.056 1.5903847308182417e-09
23000.056 2.0280197434554273e-09
23050.056 2.6129966824099114e-09
23100.056 6.620280393153044e-09
23150.056 6.2112755472668376e-09
23200.056 8.493812870873386e-10
23250.056 1.8528016406543095e-09
23300.056 1.6225201202747398e-09
23350.056 1.8047618455369131e-09
23400.056 1.7247339562722348e-09
23450.056 1.478818458530205e-09
23500.056 1.6607340016767602e-09
23550.056 2.354462152405568e-09
23600.056 3.2491106181110926e-09
23650.056 4.2479398777816e-09
23700.056 1.60035944875329e-09
23750.056 1.5016150998732266e-09
23800.056 2.9394644524137853e-09
23850.056 2.70686746094299e-09
23900.056 4.771452454456084e-09
23950.056 3.938596179391959e-09
24000.056 5.7330576719781195e-09
24050.056 6.22957836323629e-09
24100.056 5.869716552375811e-09
24150.056 7.689118656437178e-09
24200.056 6.675377173517123e-09
24250.056 5.7668001719601535e-09
24300.056 8.25994989868832e-09
24350.056 6.677683312870136e-09
24400.056 1.046727550267893e-08
24450.056 9.915046961583757e-09
24500.056 9.540161950315104e-09
24550.056 1.260576499807672e-08
24600.056 1.258940936715843e-08
24650.056 1.6651924353996484e-08
24700.056 1.0421008435227968e-08
24750.056 1.1903084372697188e-08
24800.056 1.109573574870591e-08
24850.056 1.7581355395215615e-08
24900.056 7.718012441732723e-09
24950.056 1.5403828390864728e-08
25000.056 1.2945840078614659e-08
25050.056 7.96990278256378e-09
25100.056 1.2441768178169572e-08
25150.056 7.255176759337053e-09
25200.056 9.691857252537008e-09
25250.056 4.933714157176207e-09
25300.056 7.54069521901945e-09
25350.056 3.959066694501495e-09
25400.056 8.436084406170131e-09
25450.056 3.804530148874184e-09
25500.056 3.7314047267537586e-09
25550.056 5.304368837837719e-09
25600.056 4.277261914724281e-09
25650.056 2.379893261939627e-09
25700.056 4.4369726917288315e-09
25750.056 1.6716531502234243e-09
25800.056 5.595873207285192e-09
25850.056 1.901568687672386e-09
25900.056 2.8732727359331505e-09
25950.056 1.21518503683434e-09
26000.056 5.506580490214171e-09
26050.056 1.9243288964498655e-09
26100.056 5.100624375073676e-09
26150.056 3.2884701775458117e-09
26200.056 3.645947902061675e-09
26250.056 9.869695570431682e-09
26300.056 4.557625643754903e-09
26350.056 1.2378980840045498e-08
26400.056 1.219011588643858e-08
26450.056 1.0891204771994787e-08
26500.056 1.494707191161067e-08
26550.056 5.136724831942068e-09
26600.056 6.857508817673752e-09
26650.056 2.2229284316643822e-09
26700.056 1.8600919824113966e-09
26750.056 1.4395510706206903e-09
26800.056 2.8238159994760624e-09
26850.056 1.5799528977319994e-09
26900.056 4.772647505954097e-09
26950.056 2.2141322334929603e-09
27000.056 7.239872765576202e-09
27050.056 6.460774256286725e-09
27100.056 2.9354339876575923e-09
27150.056 9.233295486243451e-09
27200.056 3.0405874365299818e-09
27250.056 5.273941808426262e-09
27300.056 1.6334472813133214e-08
27350.056 9.288251776008613e-09
27400.056 1.5473446118468482e-09
27450.056 1.0840325675719841e-08
27500.056 1.2246759176189993e-08
27550.056 3.547303011513217e-09
27600.056 7.440202022102624e-09
27650.056 3.1026747466023634e-09
27700.056 2.4583833972191526e-09
27750.056 8.769747105044323e-09
27800.056 3.5426307589653868e-09
27850.056 4.565577276861379e-09
27900.056 4.966697793127811e-09
27950.056 9.933837394601847e-09
28000.056 7.597624513831359e-09
28050.056 2.040669564968071e-09
28100.056 8.950592602193914e-09
28150.056 5.954011079787834e-09
28200.056 2.7154299878807006e-09
28250.056 1.0471295791378978e-08
28300.056 1.1164707564814806e-08
28350.056 3.4465544221526003e-09
28400.056 7.938389122566946e-09
28450.056 1.1948370885186555e-08
28500.056 8.23687712232437e-09
28550.056 2.723434746692197e-09
28600.056 1.2763136905389648e-08
28650.056 9.625140325019155e-09
28700.056 9.886238504591847e-09
28750.056 1.525206739409175e-08
28800.056 1.0597218674114568e-08
28850.056 1.3771139048067531e-08
