galfind/configs/Brown_Dwarf_templates/sonora_bobcat/m+0.5/3160g/sp_t1000g3160nc_m+0.5_resample.dat
# %ECSV 1.0
# ---
# datatype:
# - {name: wav, unit: Angstrom, datatype: float64}
# - {name: flux_nu, unit: erg / (cm2 Hz s), datatype: float64}
# meta: {C/O: '1.00', Kzz: '1.0000E+05', Teff: '1000.', Y: '0.28', '[Fe/H]': '0.50', f_hole: '1.00', f_rain: '0.00', grav: '3160.'}
# schema: astropy-2.0
wav flux_nu
[from data line 498]
28900.056 4.361330321349799e-08
28950.056 9.395764543363317e-08
29000.056 7.544303639303473e-08
29050.056 8.55069510184931e-08
29100.056 6.151745844764054e-08
29150.056 1.1562312522317265e-07
29200.056 7.489228796155301e-08
29250.056 1.0291031097341841e-07
29300.056 6.184323950349437e-08
29350.056 1.6925996282051125e-07
29400.056 8.801573378649174e-08
29450.056 9.614414612687413e-08
29500.056 1.0901979291728567e-07
29550.056 9.824251194192731e-08
29600.056 1.1367631234265413e-07
29650.056 1.142720143627955e-07
29700.056 9.041016203875133e-08
29750.056 1.2058758289143903e-07
29800.056 1.2546610016876675e-07
29850.056 1.318547841399684e-07
29900.056 1.3286351163067296e-07
29950.056 1.3232810194415643e-07
30000.056 6.995425799489229e-08
30050.056 8.502039140370654e-08
30100.056 9.46538189119894e-08
30150.056 1.4698209113299119e-07
30200.056 1.1141459579799766e-07
30250.056 1.6558812908702436e-07
30300.056 1.3958722167140347e-07
30350.056 1.2396754768520456e-07
30400.056 1.5477622942730305e-07
30450.056 1.0951988294461863e-07
30500.056 9.988296396139853e-08
30550.056 1.0534149016959987e-07
30600.056 1.281581601370005e-07
30650.056 1.0318260633299089e-07
30700.056 9.64717117919877e-08
30750.056 9.848819799498536e-08
30800.056 9.013974639912046e-08
30850.056 8.072582620367617e-08
30900.056 7.639122104858398e-08
30950.056 6.514323058151553e-08
31000.056 6.500675996900714e-08
31050.056 7.270557749300149e-08
31100.056 5.171430686929869e-08
31150.056 6.273905372829516e-08
31200.056 7.210887916401315e-08
31250.056 5.0284266599495166e-08
31300.056 5.022016137751105e-08
31350.056 4.973350869380352e-08
31400.056 3.805604205349298e-08
31450.056 4.462923509279068e-08
31500.056 3.3004811091792225e-08
31550.056 3.7624292561154974e-08
31600.056 3.096014713855356e-08
31650.056 2.7779327255156303e-08
31700.056 3.036201329789655e-08
31750.056 2.2644905921826378e-08
31800.056 3.1453545783395046e-08
31850.056 2.202500195806474e-08
31900.056 2.904765052480297e-08
31950.056 1.8351168018072256e-08
32000.056 2.5279036877297043e-08
32050.056 2.5212844557601536e-08
32100.056 2.3281668785581296e-08
32150.056 2.7628052244698178e-08
32200.056 2.166398504938127e-08
32250.056 3.1841928190207586e-08
32300.056 2.0083433965974625e-08
32350.056 3.364763747019982e-08
32400.056 2.1158538279297156e-08
32450.056 3.100203545579095e-08
32500.056 2.77688465271468e-08
32550.056 2.8914929718496775e-08
32600.056 3.301977818292044e-08
32650.056 4.131376672939079e-08
32700.056 3.828711041170834e-08
32750.056 4.629736345270587e-08
32800.056 4.596468441265574e-08
32850.056 5.0498188149396317e-08
32900.056 5.4659604947076817e-08
32950.056 5.6133465743997725e-08
33000.056 4.771800289338913e-08
33050.056 4.5993022537811355e-08
33100.056 2.5513557655693545e-08
33150.056 5.3627253824206624e-09
33200.056 5.763407241467005e-09
33250.056 4.233229981598679e-09
33300.056 5.643308407001564e-09
33350.056 9.52002930950067e-09
33400.056 1.3927310833796607e-08
33450.056 1.9159809556979262e-08
33500.056 3.0063200564210605e-08
33550.056 2.640337730370735e-08
33600.056 3.925792738199567e-08
33650.056 4.203803683100347e-08
33700.056 3.325132054429295e-08
33750.056 5.017461804240395e-08
33800.056 3.364247297061735e-08
33850.056 4.3577226244895026e-08
33900.056 3.5311638556898344e-08
33950.056 3.761059914489269e-08
34000.056 4.691696722730957e-08
34050.056 2.701334741299685e-08
34100.056 4.528716575500331e-08
34150.056 3.305515041533717e-08
34200.056 3.8912154938785105e-08
34250.056 3.8499042581786743e-08
34300.056 3.179581190614575e-08
34350.056 3.449917772440246e-08
34400.056 2.78454950462166e-08
34450.056 4.05985519601898e-08
34500.056 3.641334710200018e-08
34550.056 2.626882490180054e-08
34600.056 4.762892755799975e-08
34650.056 3.045223882029985e-08
34700.056 4.0258769781098525e-08
34750.056 3.929348081048797e-08
34800.056 3.273684115889569e-08
34850.056 4.386578363550437e-08
34900.056 4.023995788628562e-08
34950.056 4.367235205599139e-08
35000.056 6.355694808750879e-08
35050.056 3.962169928940513e-08
35100.056 5.470969311900009e-08
35150.056 5.5708261872507965e-08
35200.056 5.386093949599961e-08
35250.056 7.174771531337957e-08
35300.056 5.0400968601908335e-08
35350.056 5.5551459101688386e-08
35400.056 6.298188195800189e-08
35450.056 4.3863462666720976e-08
35500.056 8.09186291493942e-08
35550.056 7.062859974559612e-08
35600.056 6.772732496412446e-08
35650.056 7.686904851531047e-08
35700.056 6.538014930699301e-08
35750.056 8.408824019199521e-08
35800.056 1.0253727796040207e-07
35850.056 6.680132948419943e-08
35900.056 9.322244526300837e-08
35950.056 9.118310806198686e-08
36000.056 8.924393776001274e-08
36050.056 9.017241313598395e-08
36100.056 8.646903012395762e-08
36150.056 9.976723801298709e-08
36200.056 1.1056984420498272e-07
36250.056 9.708495140558347e-08
36300.056 1.2197114346380964e-07
36350.056 1.1449482074200337e-07
36400.056 1.194677836339916e-07
36450.056 1.2862947550929437e-07
36500.056 1.317014504365955e-07
36550.056 1.499821417320377e-07
36600.056 1.6681130320999298e-07
36650.056 1.5094760117607863e-07
36700.056 1.5912517201818075e-07
36750.056 1.7910258879703519e-07
36800.056 1.7940191551799563e-07
36850.056 1.660692798521659e-07
36900.056 1.7866104322298945e-07
36950.056 2.0096007313397557e-07
37000.056 1.8617632877698947e-07
37050.056 2.0029883895801034e-07
37100.056 1.9860246376098798e-07
37150.056 1.9119904577401762e-07
37200.056 2.2371863509199357e-07
37250.056 2.0312808412296118e-07
37300.056 1.861373323159391e-07
37350.056 2.1186715074202012e-07
37400.056 2.6934671789999253e-07
37450.056 2.1241759508479936e-07
37500.056 2.1527803394178601e-07
37550.056 2.687906952400898e-07
37600.056 2.9740657852002115e-07
37650.056 2.1849344269102585e-07
37700.056 2.854514891440226e-07
37750.056 2.324227315220237e-07
37800.056 2.576165669830876e-07
37850.056 2.0711309161600595e-07
37900.056 2.2966418792206045e-07
37950.056 2.608708902439686e-07
38000.056 2.9306884126899585e-07
38050.056 2.9127021141804984e-07
38100.056 3.068234289140229e-07
38150.056 3.236480862099872e-07
38200.056 3.3098070038103625e-07
38250.056 3.148085308790023e-07
38300.056 3.843739978299457e-07
38350.056 3.8767629683004676e-07
38400.056 2.9469082995093693e-07
38450.056 3.0932244009993737e-07
38500.056 2.5594619378805507e-07
38550.056 3.434331681700493e-07
38600.056 3.316726532159639e-07
38650.056 3.567091993499752e-07
38700.056 3.7662283187999883e-07
38750.056 3.8466498237998726e-07
38800.056 3.3936678502993016e-07
38850.056 3.73326252620034e-07
38900.056 4.192006062479818e-07
38950.056 3.6188618959999067e-07
39000.056 4.0501442241997916e-07
39050.056 3.8881107076002214e-07
39100.056 3.9229218738001743e-07
39150.056 4.2284390384999626e-07
39200.056 3.9485925703198416e-07
39250.056 4.497024554299804e-07
39300.056 4.1930539077993086e-07
39350.056 4.775195740900266e-07
39400.056 4.3766912994103226e-07
39450.056 4.531780931770001e-07
39500.056 4.59183964030011e-07
39550.056 4.3976727916307227e-07
39600.056 4.838991096099313e-07
39650.056 5.240512636799883e-07
39700.056 4.941270088700412e-07
39750.056 4.2589331906508266e-07
39800.056 4.667282169099544e-07
39850.056 5.59914542910006e-07
39900.056 5.491909686499966e-07
39950.056 5.300797417999632e-07
40000.056 5.835081252400356e-07
40050.056 5.464948360600162e-07
40100.056 4.804978145740269e-07
40150.056 5.777765290600156e-07
40200.056 5.977903671399104e-07
40250.056 5.71462022729907e-07
40300.056 5.777756449100526e-07
40350.056 5.536575713199644e-07
40400.056 6.265844321660021e-07
40450.056 5.680451606000383e-07
40500.056 6.14640919330026e-07
40550.056 6.518586534699423e-07
40600.056 6.034729303800321e-07
40650.056 5.93906006455919e-07
40700.056 7.435951843399794e-07
40750.056 5.981479484798961e-07
40800.056 5.342016300298405e-07
40850.056 6.970236810100789e-07
40900.056 6.919622843800124e-07
40950.056 6.123044087300077e-07
41000.056 6.47965935080001e-07
41050.056 7.176991160299407e-07
41100.056 6.296283830399447e-07
41150.056 5.279206170059586e-07
41200.056 6.930782676800047e-07
41250.056 6.38560130404978e-07
41300.056 5.684089346599193e-07
41350.056 7.178327198000369e-07
41400.056 6.448284602200524e-07
41450.056 6.835842360700196e-07
41500.056 5.768999523289599e-07
41550.056 5.532725747020875e-07
41600.056 6.399413867080539e-07
41650.056 6.596937483800278e-07
41700.056 5.877846731899179e-07
41750.056 6.004635659099751e-07
41800.056 7.047086867999954e-07
41850.056 4.7317227889999246e-07
41900.056 5.694939528779176e-07
41950.056 6.0213183360006e-07
42000.056 5.91679534900022e-07
42050.056 5.059978438599727e-07
42100.056 6.589228193800297e-07
42150.056 4.800349187500117e-07
42200.056 4.806203988019731e-07
42250.056 5.199175678799576e-07
42300.056 4.800877704699899e-07
42350.056 5.443976211800694e-07
42400.056 5.423816748300548e-07
42450.056 4.696644201100268e-07
42500.056 4.791163628799872e-07
42550.056 4.5682519270998855e-07
42600.056 4.96952708547056e-07
42650.056 5.889826462199118e-07
42700.056 4.987285930119479e-07
42750.056 4.5384779898003195e-07
42800.056 5.043507218440521e-07
42850.056 5.647172966698839e-07
42900.056 5.893074973200634e-07
42950.056 4.735198732798877e-07
43000.056 5.406170149400057e-07
43050.056 3.781261775461294e-07
43100.056 4.986454951799645e-07
43150.056 4.6378393277804133e-07
43200.056 5.0812148133001e-07
43250.056 6.143185899100131e-07
43300.056 6.041402948800198e-07
43350.056 4.0979158937889823e-07
43400.056 5.074817042300011e-07
43450.056 4.422162087400767e-07
43500.056 4.773162992700051e-07
43550.056 4.699299896740232e-07
43600.056 5.705196194000448e-07
43650.056 4.180646428040075e-07
43700.056 5.883803366500305e-07
43750.056 5.353084417100545e-07
43800.056 5.079085907199395e-07
43850.056 4.64175230060082e-07
43900.056 5.003583077699495e-07
43950.056 3.84966436079951e-07
44000.056 3.499243698230147e-07
44050.056 5.209752779500068e-07
44100.056 6.033986371000405e-07
44150.056 6.016829066299647e-07
44200.056 5.366803578200085e-07
44250.056 4.20563788125006e-07
44300.056 3.787545284310642e-07
44350.056 4.223801483320705e-07
44400.056 4.0833204708198005e-07
44450.056 4.854874738600013e-07
44500.056 4.7506438887008797e-07
44550.056 5.589784407399631e-07
44600.056 4.978157715090309e-07
44650.056 5.097927391600235e-07
44700.056 4.0126588757997617e-07
44750.056 4.7462745169905124e-07
44800.056 4.488788486920446e-07
44850.056 5.22092718830061e-07
44900.056 4.2674002713803256e-07
44950.056 4.532184338740198e-07
45000.056 4.853974700900014e-07
45050.056 4.806044552499887e-07
45100.056 4.92835002600013e-07
45150.056 4.736657263619836e-07
45200.056 3.901899899000276e-07
45250.056 4.3166867900591793e-07
45300.056 4.2072539584004213e-07
45350.056 4.10407137987963e-07
45400.056 5.116760314300417e-07
45450.056 4.842780343999841e-07
45500.056 4.846568842000075e-07
45550.056 5.464390433899218e-07
45600.056 5.263080655700329e-07
45650.056 4.5230360755994447e-07
45700.056 4.2194051637001835e-07
45750.056 3.998082741199969e-07
45800.056 5.209365848400101e-07
45850.056 5.481625360799959e-07
45900.056 5.622697989700268e-07
45950.056 4.5988808487998937e-07
46000.056 5.454205759450395e-07
46050.056 4.882779565700158e-07
46100.056 5.367193678799764e-07
46150.056 4.5049252121997503e-07
46200.056 4.4247774857003233e-07
46250.056 3.255095424569603e-07
46300.056 4.879784347099867e-07
46350.056 4.6707366575002445e-07
46400.056 4.790582419300186e-07
46450.056 4.512822309390186e-07
46500.056 4.478162712100788e-07
46550.056 3.8671710520000416e-07
46600.056 4.513879968259776e-07
46650.056 6.084346181400017e-07
46700.056 4.837079898799756e-07
46750.056 3.595088905110326e-07
46800.056 3.0022730166401675e-07
46850.056 5.854160714400729e-07
46900.056 5.425505545199614e-07
46950.056 5.465061698599791e-07
47000.056 4.79961600740049e-07
47050.056 4.855035308238695e-07
47100.056 3.4961500208403547e-07
47150.056 4.393512662760549e-07
47200.056 5.15319937770008e-07
47250.056 3.943638870699712e-07
47300.056 3.128119697820076e-07
47350.056 5.253439049299885e-07
47400.056 5.232441926199622e-07
47450.056 4.6980627786304414e-07
47500.056 5.46711463279968e-07
47550.056 4.76575729310006e-07
47600.056 5.011733529899579e-07
47650.056 4.3775777602192736e-07
47700.056 4.6226658460911163e-07
47750.056 3.47463389236006e-07
47800.056 3.7909112604002056e-07
47850.056 2.850237675360097e-07
47900.056 3.552244609249587e-07
47950.056 4.4831730337001315e-07
48000.056 5.68705142020025e-07
48050.056 5.004358884399978e-07
48100.056 3.4148445706200867e-07
48150.056 4.150703962700259e-07
48200.056 3.997707742379928e-07
48250.056 4.002033436200058e-07
48300.056 5.592752564399393e-07
48350.056 3.6599309444000155e-07
48400.056 2.501581013319587e-07
48450.056 3.843293122860722e-07
48500.056 4.786193247499333e-07
48550.056 4.039284467420104e-07
48600.056 4.5722486327000745e-07
48650.056 4.694974043099819e-07
48700.056 4.4153334598801165e-07
48750.056 2.866380632941037e-07
48800.056 5.203741479400222e-07
48850.056 3.484281249659312e-07
48900.056 5.108180668499878e-07
48950.056 3.717065850900187e-07
49000.056 2.518239654419873e-07
49050.056 4.6112288659995145e-07
49100.056 4.579555039470631e-07
49150.056 4.0672512014799965e-07
49200.056 4.845057489600459e-07
49250.056 4.74777604380045e-07
49300.056 4.161181068759876e-07
49350.056 2.855334397020474e-07
49400.056 3.8511740810494433e-07
49450.056 3.9490106535510636e-07
49500.056 3.317588558359796e-07
49550.056 2.0102732608100982e-07
49600.056 3.137446577660523e-07
49650.056 3.559076596599672e-07
49700.056 3.55217963226916e-07
49750.056 4.5773607050995e-07
49800.056 3.544438398020044e-07
49850.056 4.971118799800666e-07
49900.056 4.168011102279847e-07
49950.056 3.7734291101998155e-07
50000.056 3.7402939875998386e-07
50050.056 4.3912675556997696e-07
50100.056 3.7733086764999707e-07
50150.056 2.60194033319981e-07
50200.056 1.497266266130275e-07
50250.056 3.4684735546997777e-07
50300.056 2.9146969728402223e-07
50350.056 4.413041010970457e-07
50400.056 3.840387217199776e-07
50450.056 3.05999700195011e-07
50500.056 4.2040849656003583e-07
50550.056 3.913622892200215e-07
50600.056 3.152993736639294e-07
50650.056 4.153962967400708e-07
50700.056 4.6428339449993155e-07
50750.056 3.586240218800427e-07
50800.056 2.2819541214696757e-07
50850.056 2.2092174629305352e-07
50900.056 4.5001399786998774e-07
50950.056 3.57619494180026e-07
51000.056 3.8985010230202385e-07
51050.056 3.7464461376997897e-07
51100.056 2.110929779099696e-07
51150.056 2.893686903282072e-07
51200.056 4.966704444099627e-07
51250.056 3.3659333073596854e-07
51300.056 2.601564599090713e-07
51350.056 3.138001959439704e-07
51400.056 1.9539605700100475e-07
51450.056 1.6856615957796597e-07
51500.056 1.789742844170489e-07
51550.056 3.509296883240224e-07
51600.056 2.5561785342501795e-07
51650.056 2.7170128833996005e-07
51700.056 3.144072701339565e-07
51750.056 2.2925482096001105e-07
51800.056 3.4096200601992044e-07
51850.056 3.036694095409877e-07
51900.056 4.392336427200474e-07
51950.056 3.314476748099724e-07
52000.056 1.3758224054397657e-07
52050.056 2.477256153480172e-07
52100.056 1.9623512527199373e-07
52150.056 1.703004117990126e-07
52200.056 1.984611789079918e-07
52250.056 2.546858899800245e-07
52300.056 3.944307440299825e-07
52350.056 2.5567524531059923e-07
52400.056 1.9768885623701758e-07
52450.056 3.214002990100277e-07
52500.056 3.341103108559294e-07
52550.056 3.1705242944996504e-07
52600.056 2.7373806817002926e-07
52650.056 2.788983845390428e-07
52700.056 2.3656360449100244e-07
52750.056 1.715681979769912e-07
52800.056 2.0889018689402395e-07
52850.056 2.2945776346293755e-07
52900.056 2.0818545986756794e-07
52950.056 2.312788245800037e-07
53000.056 3.1576946725900965e-07
53050.056 1.7772541117994958e-07
53100.056 2.669924820969838e-07
53150.056 3.668243808800197e-07
53200.056 1.6905204561298245e-07
53250.056 3.1485224972002395e-07
53300.056 3.248352326071564e-07
53350.056 3.233744776699911e-07
53400.056 3.1164398279000163e-07
53450.056 1.73774883094989e-07
53500.056 1.086006915243716e-07
53550.056 1.6755970876198412e-07
53600.056 2.550584841190394e-07
