galfind/configs/Brown_Dwarf_templates/sonora_bobcat/m+0.5/3160g/sp_t2200g3160nc_m+0.5_resample.dat
# %ECSV 1.0
# ---
# datatype:
# - {name: wav, unit: Angstrom, datatype: float64}
# - {name: flux_nu, unit: erg / (cm2 Hz s), datatype: float64}
# meta: {C/O: '1.00', Kzz: '1.0000E+05', Teff: '2200.', Y: '0.28', '[Fe/H]': '0.50', f_hole: '1.00', f_rain: '0.00', grav: '3160.'}
# schema: astropy-2.0
wav flux_nu
[from data line 501]
29050.056 2.3804034167300494e-06
29100.056 1.9071571587902546e-06
29150.056 2.5086677223000756e-06
29200.056 2.1669479768601805e-06
29250.056 2.363407954929924e-06
29300.056 2.003519543859375e-06
29350.056 2.752939767359773e-06
29400.056 2.2847787471198795e-06
29450.056 2.25316381225998e-06
29500.056 2.3593225520697943e-06
29550.056 2.304718160290146e-06
29600.056 2.517110060659746e-06
29650.056 2.325304889319919e-06
29700.056 2.208414258359903e-06
29750.056 2.61249432496065e-06
29800.056 2.642945664069736e-06
29850.056 2.440150963709758e-06
29900.056 2.2683904261106695e-06
29950.056 2.745862533369616e-06
30000.056 2.6465569866594772e-06
30050.056 2.472883684600051e-06
30100.056 2.1327944833494677e-06
30150.056 3.0739844119999377e-06
30200.056 2.7250033932501764e-06
30250.056 2.651624022400416e-06
30300.056 2.5436369965397637e-06
30350.056 2.6623800660004515e-06
30400.056 3.1014582525103933e-06
30450.056 2.464204632540292e-06
30500.056 2.3811075439802165e-06
30550.056 3.0749615856303434e-06
30600.056 2.921383646810255e-06
30650.056 2.9885405675001413e-06
30700.056 2.721705769109832e-06
30750.056 2.739242446339984e-06
30800.056 3.2798916445005786e-06
30850.056 2.842101895759931e-06
30900.056 2.72547580126988e-06
30950.056 2.715745104270183e-06
31000.056 3.2265693137000157e-06
31050.056 2.9477161822900476e-06
31100.056 2.929793405389949e-06
31150.056 3.0689408475595652e-06
31200.056 3.001426066519707e-06
31250.056 3.4663491205005186e-06
31300.056 3.028689176099844e-06
31350.056 3.037631666599966e-06
31400.056 3.121435829700515e-06
31450.056 3.156134008160046e-06
31500.056 3.204865253490231e-06
31550.056 2.998625134499915e-06
31600.056 3.1493302653598468e-06
31650.056 3.3481022954998394e-06
31700.056 3.228823716999912e-06
31750.056 3.0515013419000123e-06
31800.056 3.366569635400177e-06
31850.056 3.6377995794001794e-06
31900.056 3.5814593165997143e-06
31950.056 3.030699438899945e-06
32000.056 3.108260426800501e-06
32050.056 3.5388649992003537e-06
32100.056 3.6167296128996115e-06
32150.056 3.5960034892599017e-06
32200.056 3.49456887485002e-06
32250.056 3.3397154877001137e-06
32300.056 3.5575627831200456e-06
32350.056 3.8234614769005785e-06
32400.056 3.486198492339904e-06
32450.056 3.431398018600265e-06
32500.056 3.720037088000177e-06
32550.056 4.054624949499997e-06
32600.056 3.93027461123977e-06
32650.056 3.830084481800673e-06
32700.056 3.7190297744002037e-06
32750.056 3.7724866267000146e-06
32800.056 3.4828352212402203e-06
32850.056 4.074342729999667e-06
32900.056 3.983939455800047e-06
32950.056 3.5504185331998546e-06
33000.056 3.799549340370228e-06
33050.056 3.847870945499518e-06
33100.056 3.860479224499242e-06
33150.056 3.902098289199952e-06
33200.056 3.664127123210593e-06
33250.056 4.0406526079404e-06
33300.056 4.288268621260226e-06
33350.056 4.032250403499917e-06
33400.056 3.6131586137395903e-06
33450.056 3.866678028599291e-06
33500.056 4.141168187100169e-06
33550.056 3.849163773399706e-06
33600.056 3.999796493600554e-06
33650.056 4.129920397200739e-06
33700.056 4.225033513039644e-06
33750.056 4.167914686000058e-06
33800.056 3.981880980700175e-06
33850.056 4.02694135450033e-06
33900.056 4.557688402899472e-06
33950.056 4.08739219219959e-06
34000.056 4.095864394699407e-06
34050.056 4.2360275896999895e-06
34100.056 4.218136828400538e-06
34150.056 4.192188063799403e-06
34200.056 4.095082023299607e-06
34250.056 4.520226988499625e-06
34300.056 4.261542306899778e-06
34350.056 4.2727214398998625e-06
34400.056 4.254724687799746e-06
34450.056 3.927750439000274e-06
34500.056 4.4782363895006875e-06
34550.056 4.188364566499814e-06
34600.056 4.265174287899923e-06
34650.056 4.401764136100172e-06
34700.056 4.379790685399251e-06
34750.056 4.593680658800216e-06
34800.056 4.492095948499693e-06
34850.056 4.1943553065999216e-06
34900.056 4.400612901400057e-06
34950.056 4.3648536196994535e-06
35000.056 4.220658060399584e-06
35050.056 4.8991108512006095e-06
35100.056 4.470258616499575e-06
35150.056 4.6112783838998e-06
35200.056 4.523745153299903e-06
35250.056 4.278692508600401e-06
35300.056 4.577341677100341e-06
35350.056 4.711441715599883e-06
35400.056 4.407118858999595e-06
35450.056 4.436366525300222e-06
35500.056 4.749579158699963e-06
35550.056 4.6035368008997715e-06
35600.056 4.396340486699394e-06
35650.056 4.849962349400451e-06
35700.056 4.476140902900242e-06
35750.056 4.5597531252996685e-06
35800.056 4.773114930599722e-06
35850.056 4.695938605700094e-06
35900.056 4.986201646099699e-06
35950.056 4.710683597499758e-06
36000.056 4.4676813581995906e-06
36050.056 4.9550567504003385e-06
36100.056 5.088631115099636e-06
36150.056 4.462189395900507e-06
36200.056 4.913144247799657e-06
36250.056 4.664225838599496e-06
36300.056 5.166234896900424e-06
36350.056 4.821566080199446e-06
36400.056 4.855672945200018e-06
36450.056 5.227300492099664e-06
36500.056 4.826214281400235e-06
36550.056 4.8103143450005965e-06
36600.056 4.738145549500228e-06
36650.056 4.948327430500303e-06
36700.056 5.279796517199961e-06
36750.056 4.708727418200288e-06
36800.056 4.952231900399875e-06
36850.056 5.124316132200154e-06
36900.056 5.032641572900471e-06
36950.056 5.013756849699972e-06
37000.056 5.138973257999898e-06
37050.056 5.258708986499753e-06
37100.056 5.069946887600399e-06
37150.056 5.112956758899303e-06
37200.056 5.190731226899959e-06
37250.056 5.247418830900033e-06
37300.056 5.328935871600683e-06
37350.056 4.956420449600496e-06
37400.056 5.225621343499892e-06
37450.056 5.099851989100206e-06
37500.056 5.383759559799701e-06
37550.056 5.201475584999305e-06
37600.056 5.448287837399635e-06
37650.056 5.127969673899788e-06
37700.056 5.341814432799993e-06
37750.056 5.399746284499625e-06
37800.056 5.4701817515998214e-06
37850.056 5.369209677499884e-06
37900.056 5.395391581400329e-06
37950.056 5.4336400139001726e-06
38000.056 5.4628635712004155e-06
38050.056 5.398481070900326e-06
38100.056 5.223670959700263e-06
38150.056 5.572236692099708e-06
38200.056 5.573746837399628e-06
38250.056 5.248160260800472e-06
38300.056 5.204172817099958e-06
38350.056 5.376682544199964e-06
38400.056 5.485735126899847e-06
38450.056 5.604367278800274e-06
38500.056 5.373981201299848e-06
38550.056 5.456132374400312e-06
38600.056 5.890357076799863e-06
38650.056 5.270739928000068e-06
38700.056 5.296841342200654e-06
38750.056 5.572035816499934e-06
38800.056 5.473048056500596e-06
38850.056 5.519272194500082e-06
38900.056 5.260787557199946e-06
38950.056 5.5627425456999065e-06
39000.056 5.444961646000092e-06
39050.056 5.528858462899925e-06
39100.056 5.2317920692000425e-06
39150.056 5.39133025570016e-06
39200.056 5.501430760300106e-06
39250.056 5.478162284699471e-06
39300.056 5.486838959399393e-06
39350.056 5.44393957790036e-06
39400.056 5.3808295677001155e-06
39450.056 5.446090840599904e-06
39500.056 5.281204063299742e-06
39550.056 5.205457589899394e-06
39600.056 5.6071363918000265e-06
39650.056 5.105017823600161e-06
39700.056 5.2530414860999265e-06
39750.056 5.3423990752995735e-06
39800.056 4.9763206495002305e-06
39850.056 5.245207954599772e-06
39900.056 5.059751727699827e-06
39950.056 5.273872403699797e-06
40000.056 4.899247466499742e-06
40050.056 4.753557798699971e-06
40100.056 5.036981834999891e-06
40150.056 4.739052308299313e-06
40200.056 4.949567868499852e-06
40250.056 4.737514933498897e-06
40300.056 4.626520974400293e-06
40350.056 4.793036824500261e-06
40400.056 4.809085079500067e-06
40450.056 4.52475668220032e-06
40500.056 4.296827208400193e-06
40550.056 4.8586385071995995e-06
40600.056 4.2474444119003186e-06
40650.056 4.570041589400506e-06
40700.056 4.774170836800094e-06
40750.056 4.2408527274989495e-06
40800.056 4.2045179648001536e-06
40850.056 3.971802076400803e-06
40900.056 4.00052176620038e-06
40950.056 4.176117429399932e-06
41000.056 4.290602010600019e-06
41050.056 4.2772938053993294e-06
41100.056 3.991075822600016e-06
41150.056 4.295121885400069e-06
41200.056 4.061577339900066e-06
41250.056 4.150524060800235e-06
41300.056 3.6539920754995993e-06
41350.056 4.173612541100109e-06
41400.056 3.914970842500208e-06
41450.056 3.923680254400204e-06
41500.056 4.1285432211002475e-06
41550.056 4.012729913200138e-06
41600.056 3.963865127300103e-06
41650.056 3.7428546331003733e-06
41700.056 3.602379998299725e-06
41750.056 3.8031876104998337e-06
41800.056 3.7978873408996776e-06
41850.056 3.337476749500459e-06
41900.056 3.837447087699802e-06
41950.056 3.540386990600633e-06
42000.056 3.5701748554503196e-06
42050.056 3.293032885799356e-06
42100.056 3.6065063631002718e-06
42150.056 2.9014237584593018e-06
42200.056 3.0606342301101785e-06
42250.056 3.432747205839773e-06
42300.056 2.968493235900107e-06
42350.056 3.3668529720805977e-06
42400.056 2.9798049923004537e-06
42450.056 2.6979822717001557e-06
42500.056 2.8117789855002325e-06
42550.056 2.863363774099909e-06
42600.056 2.8289241843004047e-06
42650.056 2.674954938878988e-06
42700.056 2.9067435797405993e-06
42750.056 2.731054313099865e-06
42800.056 2.7678198268106835e-06
42850.056 2.9292041880996833e-06
42900.056 2.8722998101501124e-06
42950.056 2.587948956499101e-06
43000.056 2.688110175219902e-06
43050.056 2.5388306653209907e-06
43100.056 2.7011059566000863e-06
43150.056 2.7108035101503778e-06
43200.056 2.595439373200139e-06
43250.056 2.5939319025599084e-06
43300.056 2.6842659068002285e-06
43350.056 2.4195955150997733e-06
43400.056 2.4836449916599806e-06
43450.056 2.452579594900424e-06
43500.056 2.4192966303997124e-06
43550.056 2.436240015910091e-06
43600.056 2.5309699420001465e-06
43650.056 2.256000434210135e-06
43700.056 2.2642451142996254e-06
43750.056 2.2809013524902198e-06
43800.056 2.13328185640018e-06
43850.056 2.191763066300393e-06
43900.056 2.2551877169199353e-06
43950.056 2.1244128012901614e-06
44000.056 1.9860815445001597e-06
44050.056 1.9776587980001173e-06
44100.056 2.0596273701003278e-06
44150.056 2.1710066286997775e-06
44200.056 1.9876278532200142e-06
44250.056 2.0112488197699907e-06
44300.056 1.9553002302602415e-06
44350.056 1.8609866134701328e-06
44400.056 1.967130030169906e-06
44450.056 2.030233108780112e-06
44500.056 1.976099608550153e-06
44550.056 1.8057237155996477e-06
44600.056 1.8305712551401985e-06
44650.056 1.9743807192600155e-06
44700.056 1.8619859840900954e-06
44750.056 1.8940573411797871e-06
44800.056 1.897897664989966e-06
44850.056 1.8944413322501727e-06
44900.056 1.8112212360101797e-06
44950.056 1.702695218640075e-06
45000.056 1.8548748889999603e-06
45050.056 1.834430202749832e-06
45100.056 1.9114424914000254e-06
45150.056 1.7642787565499836e-06
45200.056 1.6257112485399658e-06
45250.056 1.7085239382898734e-06
45300.056 1.8746672227500647e-06
45350.056 1.898576284469831e-06
45400.056 1.770887131200211e-06
45450.056 1.662686300169769e-06
45500.056 1.7322114995198692e-06
45550.056 1.893429959189968e-06
45600.056 1.7434255987599575e-06
45650.056 1.6153990128397407e-06
45700.056 1.824502677420137e-06
45750.056 1.683901167650029e-06
45800.056 1.6581444587399356e-06
45850.056 1.9658136709399865e-06
45900.056 1.905570430420011e-06
45950.056 1.6955892748199867e-06
46000.056 2.0003056465200194e-06
46050.056 2.041666429690481e-06
46100.056 1.6576207315301329e-06
46150.056 1.754850798789887e-06
46200.056 1.8933786989804158e-06
46250.056 1.5953890233699985e-06
46300.056 2.0635215671800045e-06
46350.056 1.7603513723698469e-06
46400.056 1.8180899353298152e-06
46450.056 1.8397757440602628e-06
46500.056 1.7145264215998741e-06
46550.056 2.0344124954600012e-06
46600.056 1.9022510425600506e-06
46650.056 2.3297796387698515e-06
46700.056 2.2462544861306945e-06
46750.056 1.8047690251199795e-06
46800.056 1.93820161138026e-06
46850.056 2.0641302766201886e-06
46900.056 1.938794505459712e-06
46950.056 2.250160183320031e-06
47000.056 1.887652731180021e-06
47050.056 2.167402097029831e-06
47100.056 1.737008604810069e-06
47150.056 1.985274513300194e-06
47200.056 2.0438560340405055e-06
47250.056 1.8885625336697072e-06
47300.056 2.03034954839961e-06
47350.056 1.6665925995798004e-06
47400.056 2.020362776419643e-06
47450.056 1.9031132731198895e-06
47500.056 2.0015761575697417e-06
47550.056 1.8584971826798503e-06
47600.056 2.084605551499817e-06
47650.056 1.566944986939677e-06
47700.056 2.1129536663799605e-06
47750.056 1.49910231662036e-06
47800.056 2.046802657399874e-06
47850.056 1.5585161600598106e-06
47900.056 2.081065418930086e-06
47950.056 1.5958476416902986e-06
48000.056 2.2930159489999823e-06
48050.056 1.720972615500251e-06
48100.056 1.9315468253699272e-06
48150.056 1.706550787680196e-06
48200.056 2.08749035605021e-06
48250.056 1.7254076226000298e-06
48300.056 2.236574713499796e-06
48350.056 1.5364634340097059e-06
48400.056 2.0232902462999663e-06
48450.056 1.6447038313800666e-06
48500.056 2.2657080677200194e-06
48550.056 1.5327294227699919e-06
48600.056 2.166290587199825e-06
48650.056 1.5841993136199891e-06
48700.056 2.1091966178001136e-06
48750.056 1.4227305152901247e-06
48800.056 2.2216139890801364e-06
48850.056 1.5434073556997161e-06
48900.056 2.1192314974001877e-06
48950.056 1.79942094006e-06
49000.056 1.8507173146699665e-06
49050.056 1.972541217899891e-06
49100.056 1.7939815546501337e-06
49150.056 1.8588556777999514e-06
49200.056 1.768628397369904e-06
49250.056 1.847024470370006e-06
49300.056 1.6409890885197662e-06
49350.056 1.7844844648998994e-06
49400.056 2.0565143922801005e-06
49450.056 1.7481337065503716e-06
49500.056 1.8133680365001492e-06
49550.056 1.6269602790198712e-06
49600.056 1.7419573927003027e-06
49650.056 1.8306413748200493e-06
49700.056 1.5655379556198655e-06
49750.056 2.393803673999767e-06
49800.056 1.7296497395400534e-06
49850.056 2.2211893595200973e-06
49900.056 1.7680280191600491e-06
49950.056 1.8312090817996984e-06
50000.056 1.8233781954595827e-06
50050.056 1.814419590940122e-06
50100.056 1.9970242255399e-06
50150.056 1.6899575114500195e-06
50200.056 1.6077340092001714e-06
50250.056 1.8216744459601265e-06
50300.056 1.6607245334398968e-06
50350.056 2.033151767549942e-06
50400.056 1.7453382983098945e-06
50450.056 1.7487692717102245e-06
50500.056 2.232755078600228e-06
50550.056 1.7783743194599337e-06
50600.056 1.9484732429699995e-06
50650.056 1.802112399280333e-06
50700.056 2.0470487480996812e-06
50750.056 2.1300099987002222e-06
50800.056 1.5267677610598126e-06
50850.056 1.8705621338601917e-06
50900.056 1.9439064731099155e-06
50950.056 1.9378364089503416e-06
51000.056 2.2816673488401993e-06
51050.056 1.7672455790601777e-06
51100.056 1.7465937391999042e-06
51150.056 2.0035829217899586e-06
51200.056 1.796336282439974e-06
51250.056 2.0643376558700347e-06
51300.056 1.6742567916504142e-06
51350.056 1.974444853199888e-06
51400.056 1.896819595829623e-06
51450.056 1.3776067951797899e-06
51500.056 1.9110796241100876e-06
51550.056 2.333578745200172e-06
51600.056 1.5252547976599901e-06
51650.056 1.9299048950997386e-06
51700.056 1.7711319320794617e-06
51750.056 1.6982777137700614e-06
51800.056 2.0593987071596816e-06
51850.056 1.9459111019997286e-06
51900.056 2.0993892125002174e-06
51950.056 1.920182517489831e-06
52000.056 1.6337476033699737e-06
52050.056 1.9577172028498606e-06
52100.056 1.8416994123997488e-06
52150.056 1.8549356781801125e-06
52200.056 1.7886717420600907e-06
52250.056 1.8113471733599458e-06
52300.056 1.988784117249968e-06
52350.056 2.107992390280196e-06
52400.056 1.5675040234501632e-06
52450.056 1.7997281790400354e-06
52500.056 2.058591889039638e-06
52550.056 1.882802595759618e-06
52600.056 1.9543693587801096e-06
52650.056 2.1753738589402593e-06
52700.056 1.8106193809000806e-06
52750.056 1.588630504169879e-06
52800.056 1.7319669935001138e-06
52850.056 1.6524075497799202e-06
52900.056 1.9192748575600566e-06
52950.056 1.7832167734998224e-06
53000.056 2.0447188639598734e-06
53050.056 1.8692288681396583e-06
53100.056 1.7635347972797742e-06
53150.056 2.129528867000306e-06
53200.056 1.5015861028002224e-06
53250.056 2.034058630299982e-06
53300.056 2.043516932500615e-06
53350.056 2.048062958799742e-06
53400.056 1.8534610121001122e-06
53450.056 1.7679483784000676e-06
53500.056 1.4942134353297897e-06
53550.056 1.916206709399928e-06
53600.056 2.0060589437502747e-06
