galfind/configs/Brown_Dwarf_templates/sonora_bobcat/m+0.5/3160g/sp_t2400g3160nc_m+0.5_resample.dat
# %ECSV 1.0
# ---
# datatype:
# - {name: wav, unit: Angstrom, datatype: float64}
# - {name: flux_nu, unit: erg / (cm2 Hz s), datatype: float64}
# meta: {C/O: '1.00', Kzz: '1.0000E+05', Teff: '2400.', Y: '0.28', '[Fe/H]': '0.50', f_hole: '1.00', f_rain: '0.00', grav: '3160.'}
# schema: astropy-2.0
wav flux_nu
4000.0559999999996 nan
4050.0559999999996 3.905032800247929e-08
4100.056 4.6378365195020344e-08
4150.056 4.0886172542743126e-08
4200.056 3.1807004123900005e-08
4250.056 2.805953121371216e-08
4300.056 1.960022367004828e-08
4350.056 1.9495989322001267e-08
4400.056 2.004780697860706e-08
4450.056 1.1691547831981479e-08
4500.056 1.122153931095194e-08
4550.056 1.4105981451596247e-08
4600.056 1.1073998926738264e-08
4650.056 8.41449835531863e-09
4700.056 1.0593112925301452e-08
4750.056 1.286691226379629e-08
4800.056 6.958779670522238e-09
4850.056 9.526456666103198e-09
4900.056 1.904539310959781e-08
4950.056 2.2928001602900147e-08
5000.056 8.93778585439848e-09
5050.056 1.398192216970237e-08
5100.056 2.316547008094495e-08
5150.056 2.250561715067544e-08
5200.056 1.397844518849012e-08
5250.056 2.2762388440899254e-08
5300.056 2.9056077118299775e-08
5350.056 2.991140502760276e-08
5400.056 3.31694159290003e-08
5450.056 2.5246505765096967e-08
5500.056 1.8808853266198658e-08
5550.056 2.4666616500300363e-08
5600.056 2.0388092645101828e-08
5650.056 1.7280946109800574e-08
5700.056 1.9290959482600814e-08
5750.056 1.7044046818898938e-08
5800.056 1.3514085866099694e-08
5850.056 5.728239389050012e-09
5900.056 6.6498409203258e-10
5950.056 9.024974834800036e-09
6000.056 2.0264986708999484e-08
6050.056 3.549095159500214e-08
6100.056 5.08410596260001e-08
6150.056 5.465560471899322e-08
6200.056 3.4453722368000666e-08
6250.056 3.825992209800236e-08
6300.056 5.423483485600171e-08
6350.056 6.964745219200388e-08
6400.056 8.523670069000285e-08
6450.056 1.0804224933197638e-07
6500.056 1.1460420214897554e-07
6550.056 1.4166992408297735e-07
6600.056 1.251946563790071e-07
6650.056 9.875761123501042e-08
6700.056 6.963546457622643e-08
6750.056 8.499607771200608e-08
6800.056 9.39099945920043e-08
6850.056 1.1092618500699678e-07
6900.056 1.315215262900039e-07
6950.056 1.823139717920008e-07
7000.056 3.218505009069741e-07
7050.056 3.153742534820264e-07
7100.056 1.3956396647199363e-07
7150.056 1.1163552287800827e-07
7200.056 1.5604740242999373e-07
7250.056 2.3734546657503437e-07
7300.056 3.961472079000694e-07
7350.056 5.957865970599989e-07
7400.056 7.56038496820083e-07
7450.056 8.00945188439996e-07
7500.056 8.510717015300288e-07
7550.056 8.903631657700207e-07
7600.056 5.641969519799674e-07
7650.056 1.2787202267870463e-07
7700.056 6.408995748704706e-08
7750.056 3.142643038800283e-07
7800.056 4.3683512851808526e-07
7850.056 5.402759870099965e-07
7900.056 6.540928742400668e-07
7950.056 7.023408040982661e-07
8000.056 9.031875022499025e-07
8050.056 1.2736467963499566e-06
8100.056 1.6912233922002104e-06
8150.056 2.111418870940002e-06
8200.056 1.3233667429518505e-06
8250.056 1.8956097264198937e-06
8300.056 1.6078526391603757e-06
8350.056 1.7110449094204002e-06
8400.056 1.722581242220195e-06
8450.056 1.035309197059883e-06
8500.056 9.135835228197698e-07
8550.056 1.1889413986500883e-06
8600.056 1.48347109390956e-06
8650.056 1.8646891714798079e-06
8700.056 1.953793778260056e-06
8750.056 2.262182628360235e-06
8800.056 2.8468258221103954e-06
8850.056 2.66414633212007e-06
8900.056 1.8691950750501688e-06
8950.056 2.061324489960604e-06
9000.056 2.5500875441402446e-06
9050.056 2.618321435189615e-06
9100.056 3.2628685570200716e-06
9150.056 3.7774460428600743e-06
9200.056 3.7339405965107014e-06
9250.056 2.8732682475300794e-06
9300.056 2.531666588960198e-06
9350.056 2.751617435819831e-06
9400.056 2.9666591233005624e-06
9450.056 3.328165836979282e-06
9500.056 3.872675206699932e-06
9550.056 4.189853815000276e-06
9600.056 4.500831946500554e-06
9650.056 4.977210867800833e-06
9700.056 5.340488666699739e-06
9750.056 4.442861862699963e-06
9800.056 4.7100712168997665e-06
9850.056 4.568825123199831e-06
9900.056 3.6947867843297975e-06
9950.056 3.2242562992201982e-06
10000.056 3.2674517317598597e-06
10050.056 3.234453563839831e-06
10100.056 3.896977821451011e-06
10150.056 3.832820463979947e-06
10200.056 4.139338615629711e-06
10250.056 4.036108572878963e-06
10300.056 3.869290949589521e-06
10350.056 4.397753289229884e-06
10400.056 4.7793574279899445e-06
10450.056 5.029200590270718e-06
10500.056 5.191457275139064e-06
10550.056 5.46233470781032e-06
10600.056 5.865061114760325e-06
10650.056 5.816237902479791e-06
10700.056 5.9528125930902525e-06
10750.056 6.334459032870444e-06
10800.056 6.723600977699469e-06
10850.056 7.065386460699723e-06
10900.056 7.2113361828996465e-06
10950.056 7.250894114698887e-06
11000.056 6.901128447800128e-06
11050.056 5.530038693599955e-06
11100.056 5.996264781500704e-06
11150.056 6.402075704079802e-06
11200.056 6.4529772288004706e-06
11250.056 7.161245115930196e-06
11300.056 7.148906923300053e-06
11350.056 6.776369272079828e-06
11400.056 4.6792867057899164e-06
11450.056 7.222257844799304e-06
11500.056 8.146719690499595e-06
11550.056 8.028124814099924e-06
11600.056 8.318486900299077e-06
11650.056 8.253893632700555e-06
11700.056 6.212202294409986e-06
11750.056 6.613088957539407e-06
11800.056 6.663144337710457e-06
11850.056 8.544554519600285e-06
11900.056 9.01826980399888e-06
11950.056 8.516483395499882e-06
12000.056 7.858077322900319e-06
12050.056 8.704405220600054e-06
12100.056 8.542632274099615e-06
12150.056 9.331707063999607e-06
12200.056 9.231959290099572e-06
12250.056 9.731213921499611e-06
12300.056 9.835101685600724e-06
12350.056 9.76558705440031e-06
12400.056 8.662274442999548e-06
12450.056 7.190693777840077e-06
12500.056 7.783801304998845e-06
12550.056 7.78293163926024e-06
12600.056 9.031453077200012e-06
12650.056 9.289913708999489e-06
12700.056 9.665767833199777e-06
12750.056 9.750989941499893e-06
12800.056 1.0292289209099254e-05
12850.056 1.0045563105200243e-05
12900.056 9.74520200529915e-06
12950.056 9.945926820499593e-06
13000.056 1.0331735806799291e-05
13050.056 1.05906963438996e-05
13100.056 1.0643865340299726e-05
13150.056 1.0812598530299776e-05
13200.056 1.05673373641e-05
13250.056 1.0048284763200056e-05
13300.056 9.321980475118939e-06
13350.056 6.723950794900806e-06
13400.056 6.525455630550364e-06
13450.056 6.0631745722539205e-06
13500.056 5.968038201004534e-06
13550.056 5.804530614889865e-06
13600.056 5.607632226099213e-06
13650.056 6.063742616189903e-06
13700.056 5.784657362390658e-06
13750.056 6.000967871209071e-06
13800.056 6.51370727111075e-06
13850.056 6.382870725239497e-06
13900.056 6.076617152812191e-06
13950.056 5.868432569000099e-06
14000.056 5.57197088981025e-06
14050.056 5.760730119751022e-06
14100.056 5.243393157550599e-06
14150.056 5.344143756044251e-06
14200.056 5.036862111900437e-06
14250.056 4.988504032319173e-06
14300.056 5.077726020999314e-06
14350.056 5.167190283020338e-06
14400.056 5.298898553140161e-06
14450.056 5.487247278470341e-06
14500.056 5.799503281839653e-06
14550.056 5.813594180999762e-06
14600.056 6.087292563321084e-06
14650.056 5.98281590362824e-06
14700.056 5.6309927237095535e-06
14750.056 5.882466735670725e-06
14800.056 5.9632662438308984e-06
14850.056 6.319909706619084e-06
14900.056 6.275377948289564e-06
14950.056 6.319967161400892e-06
15000.056 6.462640817000521e-06
15050.056 6.950694867899145e-06
15100.056 6.862354618700501e-06
15150.056 6.801952957100339e-06
15200.056 7.273644999999634e-06
15250.056 7.298329353499886e-06
15300.056 7.519474562499994e-06
15350.056 7.754539783000126e-06
15400.056 7.8666166801e-06
15450.056 8.093482609600334e-06
15500.056 8.201186711399493e-06
15550.056 8.477935860699591e-06
15600.056 8.48592012540077e-06
15650.056 8.719933336999984e-06
15700.056 9.088137728101608e-06
15750.056 9.3209111182993e-06
15800.056 9.407560889800735e-06
15850.056 8.649525416800728e-06
15900.056 8.89142903750039e-06
15950.056 8.932118722399968e-06
16000.056 9.071016150199774e-06
16050.056 9.288190576300732e-06
16100.056 9.48986272170017e-06
16150.056 9.213219339200189e-06
16200.056 9.521357654799849e-06
16250.056 9.345969393599955e-06
16300.056 9.472299547600088e-06
16350.056 9.916439914099602e-06
16400.056 9.704072765000736e-06
16450.056 1.0003335609200577e-05
16500.056 1.0202570166200137e-05
16550.056 1.0634240062399494e-05
16600.056 1.018333021670029e-05
16650.056 1.0814428155200604e-05
16700.056 1.045818164179898e-05
16750.056 1.0517436732099537e-05
16800.056 1.0749311188999965e-05
16850.056 1.0899318630099368e-05
16900.056 1.0605110194700511e-05
16950.056 1.0584465035599027e-05
17000.056 1.0629645240700786e-05
17050.056 1.0510413066800641e-05
17100.056 1.0187435406000507e-05
17150.056 1.0101553246400488e-05
17200.056 9.512249838599571e-06
17250.056 9.103501047899931e-06
17300.056 9.241027116399023e-06
17350.056 8.995120113200754e-06
17400.056 8.914923127179743e-06
17450.056 8.537827880297253e-06
17500.056 8.278476947099573e-06
17550.056 8.063697681651068e-06
17600.056 7.833876428370209e-06
17650.056 7.949652206359465e-06
17700.056 7.060178425858901e-06
17750.056 6.993652999209657e-06
17800.056 6.827950046741429e-06
17850.056 6.486881405960429e-06
17900.056 6.562576098350199e-06
17950.056 6.426289905299577e-06
18000.056 6.0276815439104905e-06
18050.056 6.084054181181391e-06
18100.056 5.914952062839507e-06
18150.056 6.35188277685165e-06
18200.056 5.569275246970177e-06
18250.056 6.308169219239114e-06
18300.056 6.059605208619751e-06
18350.056 5.933309737770104e-06
18400.056 5.780177015840165e-06
18450.056 5.305242837822085e-06
18500.056 5.494320840760587e-06
18550.056 5.198722545889931e-06
18600.056 4.537808122728558e-06
18650.056 5.1620643401509725e-06
18700.056 5.523073398100823e-06
18750.056 5.282781824731597e-06
18800.056 5.425428972351594e-06
18850.056 6.05095981600951e-06
18900.056 5.813748291328196e-06
18950.056 5.942368356809529e-06
19000.056 6.2311120450490245e-06
19050.056 6.070850275870096e-06
19100.056 6.218975604931318e-06
19150.056 6.379710275969929e-06
19200.056 6.324735368431365e-06
19250.056 6.112269945969123e-06
19300.056 6.3877175676491785e-06
19350.056 6.445459604669504e-06
19400.056 5.812836929399106e-06
19450.056 6.410589287350525e-06
19500.056 6.451572588819607e-06
19550.056 5.733208583500906e-06
19600.056 6.319804849749304e-06
19650.056 6.2333809598073244e-06
19700.056 6.247597540290266e-06
19750.056 5.831972870230307e-06
19800.056 6.119023278399337e-06
19850.056 6.137397600520594e-06
19900.056 5.64304164114133e-06
19950.056 6.281033482469618e-06
20000.056 5.656219400720702e-06
20050.056 6.058788723301116e-06
20100.056 5.994115174907306e-06
20150.056 6.027957031801097e-06
20200.056 6.13263972871901e-06
20250.056 6.278400061769747e-06
20300.056 6.330587648860559e-06
20350.056 6.4257698087992714e-06
20400.056 6.426701016357581e-06
20450.056 6.590718651999168e-06
20500.056 6.664343812449842e-06
20550.056 6.780974362499731e-06
20600.056 7.03507477370033e-06
20650.056 6.868380298600512e-06
20700.056 7.1459915547004254e-06
20750.056 7.158219107299321e-06
20800.056 7.402322483299886e-06
20850.056 7.317273598000039e-06
20900.056 7.65469833769997e-06
20950.056 7.690499451099557e-06
21000.056 7.900933180999697e-06
21050.056 8.016085343600169e-06
21100.056 8.012311855599972e-06
21150.056 8.295660218900224e-06
21200.056 8.342690318500363e-06
21250.056 8.611483784199388e-06
21300.056 8.41830931040014e-06
21350.056 8.843364143700356e-06
21400.056 8.633598464100217e-06
21450.056 9.305644890400062e-06
21500.056 8.903865301200266e-06
21550.056 9.143504531199598e-06
21600.056 9.352053132700489e-06
21650.056 9.343515275700224e-06
21700.056 9.619703839999782e-06
21750.056 9.471780871000061e-06
21800.056 9.541779660299626e-06
21850.056 9.613216050899746e-06
21900.056 9.82155102860063e-06
21950.056 9.712988723000179e-06
22000.056 9.990082133699626e-06
22050.056 9.39866909989938e-06
22100.056 9.697018294999793e-06
22150.056 1.0055736216400507e-05
22200.056 9.879309756900937e-06
22250.056 1.0363504793400448e-05
22300.056 1.0238236728299902e-05
22350.056 1.0006602715800263e-05
22400.056 1.0394065484800087e-05
22450.056 1.0272634397199357e-05
22500.056 1.0378744082299849e-05
22550.056 1.0348615992599182e-05
22600.056 1.031655407429973e-05
22650.056 1.0267162892301073e-05
22700.056 1.0262462704901073e-05
22750.056 1.0551091532999585e-05
22800.056 1.022474689840009e-05
22850.056 1.0411495765400453e-05
22900.056 1.054590628909963e-05
22950.056 7.898082482400765e-06
23000.056 8.764658603120343e-06
23050.056 9.080280644249003e-06
23100.056 8.794263640699775e-06
23150.056 9.065084217050521e-06
23200.056 8.982908841820254e-06
23250.056 7.393944166508725e-06
23300.056 8.033127291980082e-06
23350.056 8.230027718720047e-06
23400.056 8.080862583140227e-06
23450.056 8.289860725800397e-06
23500.056 8.2384297159989e-06
23550.056 7.149576158341697e-06
23600.056 7.349501199041186e-06
23650.056 7.909928962069099e-06
23700.056 7.783290596468636e-06
23750.056 7.83513553319089e-06
23800.056 7.732765598360702e-06
23850.056 6.619306013600578e-06
23900.056 7.1053722387099255e-06
23950.056 7.340401710401362e-06
24000.056 6.875809896138694e-06
24050.056 6.795406798960946e-06
24100.056 6.309970825738706e-06
24150.056 6.153911459920686e-06
24200.056 6.177614385138625e-06
24250.056 6.052229368300208e-06
24300.056 5.872932643300425e-06
24350.056 5.484462556940263e-06
24400.056 5.8930776162999425e-06
24450.056 5.429282027819916e-06
24500.056 5.075925270100537e-06
24550.056 4.952259726470235e-06
24600.056 4.983219956260628e-06
24650.056 5.375955483480081e-06
24700.056 4.62020027250009e-06
24750.056 4.406174346070636e-06
24800.056 4.357515075280149e-06
24850.056 4.938847391780261e-06
24900.056 3.938880120241715e-06
24950.056 4.783693724649606e-06
25000.056 4.310174314760457e-06
25050.056 3.5776276076608497e-06
25100.056 4.256685356419771e-06
25150.056 3.790038313289737e-06
25200.056 4.0040365307397785e-06
25250.056 3.816175928839093e-06
25300.056 4.031521580910393e-06
25350.056 3.501005148509939e-06
25400.056 3.7894610542013345e-06
25450.056 3.537052837340001e-06
25500.056 3.7454391259510754e-06
25550.056 3.58254984813012e-06
25600.056 3.6489604698599936e-06
25650.056 3.339472707789808e-06
25700.056 4.0869772014587765e-06
25750.056 3.1532519110704834e-06
25800.056 3.827057263400486e-06
25850.056 3.6370218129796796e-06
25900.056 3.836271491730884e-06
25950.056 3.5054669318404788e-06
26000.056 3.821745205070889e-06
26050.056 4.060691269869944e-06
26100.056 3.9948371719605384e-06
26150.056 4.020154003169082e-06
26200.056 3.8103793300002314e-06
26250.056 3.953666647260453e-06
26300.056 3.965441679529806e-06
26350.056 3.984788101489849e-06
26400.056 4.04903718050959e-06
26450.056 3.98124305409024e-06
26500.056 4.177225632589025e-06
26550.056 4.235789735609391e-06
26600.056 4.763828284389269e-06
26650.056 3.943204402859346e-06
26700.056 4.035226969959912e-06
26750.056 3.6689227643185815e-06
26800.056 4.016669685839182e-06
26850.056 3.375867766830499e-06
26900.056 4.1729184049998705e-06
26950.056 3.017185864660004e-06
27000.056 3.910392782810509e-06
27050.056 3.3550592846895526e-06
27100.056 3.3837826790993435e-06
27150.056 3.5282988535900005e-06
27200.056 3.5241952642805422e-06
27250.056 3.1908307639611875e-06
27300.056 3.6170003245703913e-06
27350.056 3.4603520797489333e-06
27400.056 3.0412752678699623e-06
27450.056 3.8136867989289315e-06
27500.056 3.483794012370271e-06
27550.056 3.369891529339801e-06
27600.056 3.7855589810096875e-06
27650.056 3.1519077027797934e-06
27700.056 3.074890348660173e-06
27750.056 3.867834223098485e-06
27800.056 3.0248743285699927e-06
27850.056 3.2263525585991735e-06
27900.056 3.259802719799909e-06
27950.056 3.728644788789739e-06
28000.056 3.4924846604808253e-06
28050.056 2.8172384534806657e-06
28100.056 3.8141197552213736e-06
28150.056 3.1570382504300654e-06
28200.056 2.7794959697100816e-06
28250.056 3.373638655149951e-06
28300.056 3.7821346972307527e-06
28350.056 3.071669747529055e-06
28400.056 3.2908878950901264e-06
28450.056 3.3209360410295822e-06
28500.056 3.3652785464294547e-06
28550.056 2.588299090959265e-06
28600.056 3.7920119484403013e-06
28650.056 3.489463215289811e-06
28700.056 3.1015108519996246e-06
28750.056 3.454655228279796e-06
28800.056 3.410793731480514e-06
28850.056 3.4609777591102844e-06
28900.056 2.839800766870129e-06
28950.056 3.836891879839679e-06
