galfind/configs/Brown_Dwarf_templates/sonora_bobcat/m+0.5/3160g/sp_t800g3160nc_m+0.5_resample.dat
# %ECSV 1.0
# ---
# datatype:
# - {name: wav, unit: Angstrom, datatype: float64}
# - {name: flux_nu, unit: erg / (cm2 Hz s), datatype: float64}
# meta: {C/O: '1.00', Kzz: '1.0000E+05', Teff: '800.', Y: '0.28', '[Fe/H]': '0.50', f_hole: '1.00', f_rain: '0.00', grav: '3160.'}
# schema: astropy-2.0
wav flux_nu
4000.0559999999996 nan
4050.0559999999996 9.740545340771753e-15
4100.056 1.2933538165530274e-12
4150.056 1.0927045942200101e-11
4200.056 1.0160759862454464e-11
4250.056 6.136507451800042e-11
4300.056 1.1072236447900088e-10
4350.056 1.5401783864000032e-10
4400.056 2.0552093114000069e-10
4450.056 2.728931769100019e-10
4500.056 3.118636492400012e-10
4550.056 2.9722194624899797e-10
4600.056 7.542090330599964e-11
4650.056 3.905498449599987e-11
4700.056 1.682842310859983e-11
4750.056 4.34224124849994e-12
4800.056 1.0040818179899878e-12
4850.056 3.1205274666999723e-13
4900.056 1.697774731599992e-13
4950.056 1.118748075549995e-13
5000.056 6.942489893999962e-14
5050.056 4.8133319569999955e-14
5100.056 4.765162911500003e-14
5150.056 4.919226140000004e-14
5200.056 5.0870123355000015e-14
5250.056 5.2162272834000015e-14
5300.056 5.3446944678000013e-14
5350.056 5.510546322300002e-14
5400.056 5.703949345500002e-14
5450.056 5.894521862900005e-14
5500.056 6.068602214700007e-14
5550.056 6.211739079400003e-14
5600.056 6.295564654899998e-14
5650.056 6.273456882999996e-14
5700.056 6.090754398999997e-14
5750.056 5.6589601628999926e-14
5800.056 4.8845717962999876e-14
5850.056 3.434794297699964e-14
5900.056 1.2010301185708355e-14
5950.056 6.519261721100123e-14
6000.056 1.335980166960003e-13
6050.056 2.369344831100025e-13
6100.056 3.866535684500028e-13
6150.056 5.993494709300037e-13
6200.056 8.989156426300048e-13
6250.056 1.3112901719000068e-12
6300.056 1.877296464300009e-12
6350.056 2.6436906037000136e-12
6400.056 3.673493510900019e-12
6450.056 5.033828703500009e-12
6500.056 6.819071446200025e-12
6550.056 9.133793558100035e-12
6600.056 1.2109652489300088e-11
6650.056 1.5883417904000064e-11
6700.056 1.950036857210019e-11
6750.056 2.5739477644000088e-11
6800.056 3.077434259700007e-11
6850.056 3.301330362700001e-11
6900.056 3.1097763360000036e-11
6950.056 2.8205928852999944e-11
7000.056 2.7988946227000078e-11
7050.056 3.0050478725999887e-11
7100.056 3.259267898299999e-11
7150.056 3.352132639499975e-11
7200.056 3.3446360257700395e-11
7250.056 3.291639777499911e-11
7300.056 3.100791332100057e-11
7350.056 2.935620861399983e-11
7400.056 2.7535329278000264e-11
7450.056 2.5551519623000235e-11
7500.056 2.3250921123999934e-11
7550.056 2.0611125424999932e-11
7600.056 1.7864593461999923e-11
7650.056 7.1819330547098e-12
7700.056 6.2728581637201614e-12
7750.056 1.7885022411000243e-11
7800.056 2.745535123050014e-11
7850.056 4.489227083400033e-11
7900.056 6.399401289600021e-11
7950.056 7.604199769580063e-11
8000.056 1.2117577067800093e-10
8050.056 1.6085273547000129e-10
8100.056 2.0229240916999872e-10
8150.056 2.490414541600004e-10
8200.056 3.290349134200077e-10
8250.056 3.9921407473000123e-10
8300.056 4.945784158900218e-10
8350.056 5.988962651399954e-10
8400.056 7.252132831799949e-10
8450.056 8.882074945799989e-10
8500.056 9.918428422599749e-10
8550.056 1.249267613220028e-09
8600.056 1.526319208800011e-09
8650.056 1.8016359402000136e-09
8700.056 2.098100706300015e-09
8750.056 2.448168662200015e-09
8800.056 2.8141713132000196e-09
8850.056 3.1020800840999998e-09
8900.056 2.855070208799934e-09
8950.056 2.745465780899972e-09
9000.056 3.3171808985998498e-09
9050.056 4.774118346210052e-09
9100.056 5.401242887610133e-09
9150.056 5.929375145770168e-09
9200.056 6.980681023279826e-09
9250.056 7.0541579413496865e-09
9300.056 2.9242114957916382e-09
9350.056 3.984676765259566e-09
9400.056 6.879469873530004e-09
9450.056 6.921834632565433e-09
9500.056 6.730737261070613e-09
9550.056 7.386954220224442e-09
9600.056 7.843889443904527e-09
9650.056 9.586624379679548e-09
9700.056 1.3055102770698124e-08
9750.056 1.415872446318335e-08
9800.056 1.6381508069239298e-08
9850.056 1.9003219221499746e-08
9900.056 2.2940934642300295e-08
9950.056 2.5115830897000275e-08
10000.056 2.578271648109976e-08
10050.056 3.265939819400024e-08
10100.056 3.7223793125000225e-08
10150.056 4.1477247358e-08
10200.056 4.5813333927000684e-08
10250.056 5.153563848000055e-08
10300.056 5.879264871499883e-08
10350.056 6.378485288400096e-08
10400.056 7.143397766200024e-08
10450.056 7.789782680899837e-08
10500.056 8.43624059209996e-08
10550.056 9.133563077800016e-08
10600.056 9.654260646499987e-08
10650.056 1.0214583013800094e-07
10700.056 1.0558707473200085e-07
10750.056 1.1023201121900082e-07
10800.056 1.127496533860009e-07
10850.056 1.1136633691900057e-07
10900.056 9.461370311499846e-08
10950.056 6.066121485369996e-08
11000.056 4.3595615856295354e-08
11050.056 2.8400048387511834e-08
11100.056 1.8780834399775164e-08
11150.056 1.195688868395686e-08
11200.056 1.3003691363549942e-08
11250.056 1.76292217949687e-08
11300.056 1.8611024871148956e-08
11350.056 8.398686920786555e-09
11400.056 2.150332967845864e-08
11450.056 1.5113540070564734e-08
11500.056 1.566937368215388e-08
11550.056 8.188978406975822e-09
11600.056 7.799707476531681e-09
11650.056 1.2777676838180271e-08
11700.056 1.4085808301254343e-08
11750.056 7.85115857539795e-09
11800.056 1.975997923275209e-08
11850.056 3.0559422189409304e-08
11900.056 3.86883258737979e-08
11950.056 5.472520406720414e-08
12000.056 7.087005472130042e-08
12050.056 9.116368555900414e-08
12100.056 1.1231225177199696e-07
12150.056 1.380465715069968e-07
12200.056 1.6109472649999673e-07
12250.056 1.8934437743599647e-07
12300.056 2.2200942138000471e-07
12350.056 2.3251335083999946e-07
12400.056 2.6152661957999634e-07
12450.056 2.7841281856000394e-07
12500.056 2.916517000200053e-07
12550.056 3.2276237516000225e-07
12600.056 3.6279176218000246e-07
12650.056 3.6337638953000047e-07
12700.056 3.601987001600043e-07
12750.056 3.30002333020004e-07
12800.056 3.132989116639995e-07
12850.056 2.5112680872499997e-07
12900.056 2.1567855919800332e-07
12950.056 1.949430332510013e-07
13000.056 1.921404443860061e-07
13050.056 1.6108442267659794e-07
13100.056 1.5422899871239043e-07
13150.056 1.1871746074201439e-07
13200.056 1.0684273572879844e-07
13250.056 7.43806488444546e-08
13300.056 3.6148248683535895e-08
13350.056 1.1345738237714218e-08
13400.056 4.327399021670096e-09
13450.056 2.27993238699094e-09
13500.056 1.2535838127552192e-09
13550.056 7.501728278158965e-10
13600.056 4.3426723116879174e-10
13650.056 1.3183540001657915e-09
13700.056 9.190308287087465e-10
13750.056 1.5887241581027843e-09
13800.056 1.9212858848721177e-09
13850.056 1.1813907171580162e-09
13900.056 1.2474877759252767e-09
13950.056 1.2396821936030383e-09
14000.056 1.2726906630008985e-09
14050.056 1.7010086941379767e-09
14100.056 1.3522522006572234e-09
14150.056 2.078755378405912e-09
14200.056 1.549418658699226e-09
14250.056 1.7032921341717338e-09
14300.056 3.551984692067805e-09
14350.056 3.338602417534957e-09
14400.056 3.4582777825326035e-09
14450.056 4.70702776620391e-09
14500.056 8.571616440744269e-09
14550.056 8.964686135228245e-09
14600.056 1.3884636791657665e-08
14650.056 1.2448890099767513e-08
14700.056 8.597883649745302e-09
14750.056 1.083658929975811e-08
14800.056 1.416656974511952e-08
14850.056 1.4975620577504316e-08
14900.056 1.5836552497632073e-08
14950.056 1.900456766037471e-08
15000.056 2.5222736994934203e-08
15050.056 2.8442691259297345e-08
15100.056 3.0224429114029164e-08
15150.056 3.26108234339908e-08
15200.056 3.757735574473594e-08
15250.056 5.486562155516326e-08
15300.056 6.287524252989458e-08
15350.056 7.825781168769865e-08
15400.056 9.146178550971279e-08
15450.056 1.0563577119510954e-07
15500.056 1.1571220627699231e-07
15550.056 1.3867165933900603e-07
15600.056 1.5711535193599713e-07
15650.056 1.7067023976600532e-07
15700.056 1.9739496605100248e-07
15750.056 2.095538101900019e-07
15800.056 2.142568795199991e-07
15850.056 2.2546358655000186e-07
15900.056 2.0975350535000083e-07
15950.056 1.9368907840999423e-07
16000.056 1.594311149040017e-07
16050.056 1.115008164929962e-07
16100.056 7.993726656599621e-08
16150.056 5.324243178339775e-08
16200.056 3.459429440540011e-08
16250.056 2.9058427907372975e-08
16300.056 2.3619254512392262e-08
16350.056 2.727232091895776e-08
16400.056 3.2356001741737784e-08
16450.056 3.429013939177583e-08
16500.056 3.8363093684245924e-08
16550.056 3.7232731563060715e-08
16600.056 4.111014716434191e-08
16650.056 2.8786401529462715e-08
16700.056 9.26693802496501e-09
16750.056 1.7931165617090518e-08
16800.056 2.8271525330236706e-08
16850.056 2.9688488670848778e-08
16900.056 2.3451781529081105e-08
16950.056 1.8906351328615888e-08
17000.056 1.4262752731575822e-08
17050.056 2.2198616581893595e-08
17100.056 2.839796984653056e-08
17150.056 2.2032295398221396e-08
17200.056 3.6119517082498114e-08
17250.056 2.8376462391357915e-08
17300.056 2.287599160177864e-08
17350.056 2.0704605429498712e-08
17400.056 2.373335330968858e-08
17450.056 2.600755998687182e-08
17500.056 2.936656224335645e-08
17550.056 2.4896825562717807e-08
17600.056 2.1940783023345027e-08
17650.056 2.0380977880901058e-08
17700.056 1.5721247915660184e-08
17750.056 1.3234809906085321e-08
17800.056 1.8358848514646773e-08
17850.056 1.1467535263180778e-08
17900.056 1.1512968909502484e-08
17950.056 8.336509973272914e-09
18000.056 1.1013706180061985e-08
18050.056 7.817362987126879e-09
18100.056 8.990249232194301e-09
18150.056 1.0573416810240562e-08
18200.056 6.516412560886773e-09
18250.056 1.6227643434180155e-08
18300.056 7.166870691282371e-09
18350.056 6.408543526872222e-09
18400.056 5.5064031624196e-09
18450.056 9.921004602440848e-09
18500.056 9.831403491904246e-09
18550.056 7.0102909185974815e-09
18600.056 6.4535689347284155e-09
18650.056 5.329860683016247e-09
18700.056 3.89081484126596e-09
18750.056 6.617015784321378e-09
18800.056 1.5933613697402276e-08
18850.056 1.689360586617072e-08
18900.056 1.4413461542669425e-08
18950.056 2.7607591434715427e-08
19000.056 1.3495609880991486e-08
19050.056 9.046678899808243e-09
19100.056 1.754748933566141e-08
19150.056 9.9398263386442e-09
19200.056 1.5303533298480414e-08
19250.056 9.750803262929258e-09
19300.056 7.92697058887048e-09
19350.056 7.3153349347760234e-09
19400.056 5.301463624056637e-09
19450.056 9.706845556942244e-09
19500.056 9.585832797878605e-09
19550.056 7.84804321944262e-09
19600.056 1.079755433449099e-08
19650.056 1.3063784810228434e-08
19700.056 1.3036857758762097e-08
19750.056 1.7472304786258297e-08
19800.056 1.6310774495624223e-08
19850.056 2.3238603288724937e-08
19900.056 1.9737787163813713e-08
19950.056 3.1650067135113475e-08
20000.056 3.1375975175076335e-08
20050.056 3.479244417000248e-08
20100.056 4.4720436574984863e-08
20150.056 3.829130216142619e-08
20200.056 4.115080052063042e-08
20250.056 5.5450413708459124e-08
20300.056 5.721657039981461e-08
20350.056 6.554035654044781e-08
20400.056 6.30669974518391e-08
20450.056 8.420863596590633e-08
20500.056 9.481879445497388e-08
20550.056 9.618467629701271e-08
20600.056 1.1145572445601053e-07
20650.056 1.1728918843800098e-07
20700.056 1.2200758450400333e-07
20750.056 1.287328127989951e-07
20800.056 1.3434149406698494e-07
20850.056 1.35892454864001e-07
20900.056 1.4361615776298713e-07
20950.056 1.3885176183600663e-07
21000.056 1.359269024480041e-07
21050.056 1.3468973635299372e-07
21100.056 1.2919716344400225e-07
21150.056 1.294695141729833e-07
21200.056 1.2046398727000628e-07
21250.056 1.1414324195098589e-07
21300.056 9.939155157899953e-08
21350.056 9.761041432219571e-08
21400.056 9.248729243841271e-08
21450.056 8.271180283174033e-08
21500.056 7.529844996936481e-08
21550.056 6.901439426484028e-08
21600.056 6.112986941143281e-08
21650.056 5.18298439750372e-08
21700.056 5.1254320685000646e-08
21750.056 4.387604972346342e-08
21800.056 3.5567959438062334e-08
21850.056 3.073403115221768e-08
21900.056 2.2818671090314767e-08
21950.056 1.3595615056630227e-08
22000.056 4.925317947459181e-09
22050.056 4.414210041605832e-09
22100.056 9.541754999901034e-09
22150.056 1.0124249394633631e-08
22200.056 1.1259526146998506e-08
22250.056 9.845390035068744e-09
22300.056 6.937371896225327e-09
22350.056 7.342035533261849e-09
22400.056 4.646029573637801e-09
22450.056 4.745949569430092e-09
22500.056 4.5722392374509055e-09
22550.056 3.518241740216827e-09
22600.056 3.4652819502241337e-09
22650.056 4.4375535161510635e-09
22700.056 3.685553230575108e-09
22750.056 3.836744481826817e-09
22800.056 3.9317693373425254e-09
22850.056 3.2709444363678282e-09
22900.056 2.9336874969245487e-09
22950.056 2.692091920739355e-09
23000.056 3.4450107637759223e-09
23050.056 4.415748746819907e-09
23100.056 1.0194141711396566e-08
23150.056 9.847335342903193e-09
23200.056 1.5671152953174848e-09
23250.056 3.0813263209019924e-09
23300.056 2.7137485237232025e-09
23350.056 2.926339837578443e-09
23400.056 2.8807170937238815e-09
23450.056 2.5266649264507126e-09
23500.056 2.8180424714725175e-09
23550.056 3.853022924473293e-09
23600.056 5.1124318132337095e-09
23650.056 6.633605658816154e-09
23700.056 2.7622782654744742e-09
23750.056 2.5485841106587255e-09
23800.056 4.409916254396962e-09
23850.056 4.255306155897574e-09
23900.056 7.223434321147449e-09
23950.056 6.287502268645903e-09
24000.056 8.66041945742426e-09
24050.056 9.475241919302695e-09
24100.056 8.836318589213187e-09
24150.056 1.1288952836217935e-08
24200.056 1.015784890673301e-08
24250.056 8.767809860531428e-09
24300.056 1.2065166972346488e-08
24350.056 9.87104852998663e-09
24400.056 1.4856760530039135e-08
24450.056 1.3942374806485571e-08
24500.056 1.3629889239835448e-08
24550.056 1.7489053317102096e-08
24600.056 1.7455367082298056e-08
24650.056 2.276414788087457e-08
24700.056 1.4575315210282736e-08
24750.056 1.6453850686110516e-08
24800.056 1.5610344905941994e-08
24850.056 2.404962203458729e-08
24900.056 1.1110206593931429e-08
24950.056 2.1454962521117688e-08
25000.056 1.8067579818123655e-08
25050.056 1.1390153233672422e-08
25100.056 1.7368379651226702e-08
25150.056 1.054774234353517e-08
25200.056 1.3889469599976803e-08
25250.056 7.502534509578268e-09
25300.056 1.1299377885770906e-08
25350.056 6.172954399245067e-09
25400.056 1.2547013429064098e-08
25450.056 5.9933433808079835e-09
25500.056 5.981542535458469e-09
25550.056 7.98946618649646e-09
25600.056 6.72332406661795e-09
25650.056 3.928945301537499e-09
25700.056 7.3513019986668225e-09
25750.056 2.9505702325096007e-09
25800.056 8.955372183194755e-09
25850.056 3.3399473299822658e-09
25900.056 4.987182255712941e-09
25950.056 2.296777433834793e-09
26000.056 8.895232161987697e-09
26050.056 3.5777585897742703e-09
26100.056 8.463134441798714e-09
26150.056 5.731237999250784e-09
26200.056 6.305078954573181e-09
26250.056 1.4974580537072614e-08
26300.056 7.579209817309688e-09
26350.056 1.8403936247806215e-08
26400.056 1.7911733582038633e-08
26450.056 1.645585860597982e-08
26500.056 2.1416152722397816e-08
26550.056 8.35745113485554e-09
26600.056 1.126580987129615e-08
26650.056 4.078627645066799e-09
26700.056 3.527947952752839e-09
26750.056 2.6549423859368856e-09
26800.056 4.875454496418771e-09
26850.056 2.783819486161553e-09
26900.056 7.64938676463561e-09
26950.056 3.728158325359455e-09
27000.056 1.1106211801007466e-08
27050.056 9.644014336576555e-09
27100.056 5.077914749145404e-09
27150.056 1.3691676423528232e-08
27200.056 5.302062656541044e-09
27250.056 8.43861401897144e-09
27300.056 2.3660168989651576e-08
27350.056 1.4362662735803973e-08
27400.056 2.886153950092087e-09
27450.056 1.6869824330783202e-08
27500.056 1.8646218857530594e-08
27550.056 6.011287258585869e-09
27600.056 1.2048013900817909e-08
27650.056 5.348348893575953e-09
27700.056 4.2598656841787166e-09
27750.056 1.378793904734303e-08
27800.056 5.873757851875969e-09
27850.056 7.369448483291111e-09
27900.056 8.062833023545023e-09
27950.056 1.552991647418917e-08
28000.056 1.1784849257592152e-08
28050.056 3.5755786181467757e-09
28100.056 1.4374729527301182e-08
28150.056 9.390119335336787e-09
28200.056 4.570454366650831e-09
28250.056 1.61800756256773e-08
28300.056 1.7751648259204903e-08
28350.056 5.7947513399749516e-09
28400.056 1.236233234230601e-08
28450.056 1.8303641134562587e-08
28500.056 1.2786614207884449e-08
28550.056 4.577904009712352e-09
28600.056 1.9449298489320203e-08
28650.056 1.5110078717271685e-08
28700.056 1.4862073996457835e-08
28750.056 2.2713041224663064e-08
28800.056 1.6663998935108593e-08
