galfind/configs/Brown_Dwarf_templates/sonora_bobcat/m+0.5/3160g/sp_t1800g3160nc_m+0.5_resample.dat
# %ECSV 1.0
# ---
# datatype:
# - {name: wav, unit: Angstrom, datatype: float64}
# - {name: flux_nu, unit: erg / (cm2 Hz s), datatype: float64}
# meta: {C/O: '1.00', Kzz: '1.0000E+05', Teff: '1800.', Y: '0.28', '[Fe/H]': '0.50', f_hole: '1.00', f_rain: '0.00', grav: '3160.'}
# schema: astropy-2.0
wav flux_nu
4000.0559999999996 nan
4050.0559999999996 8.755290643106111e-10
4100.056 2.533997262949804e-09
4150.056 2.7024278896101982e-09
4200.056 2.3104128048378743e-09
4250.056 2.3756199691501176e-09
4300.056 2.1424531432604864e-09
4350.056 2.2184254146101156e-09
4400.056 2.556578758750384e-09
4450.056 2.0915690273100894e-09
4500.056 2.044181431170159e-09
4550.056 2.5207548310895634e-09
4600.056 2.417430224599951e-09
4650.056 2.2038561652296916e-09
4700.056 2.679366342700192e-09
4750.056 2.789122223969858e-09
4800.056 1.737608768910127e-09
4850.056 1.7988326865500322e-09
4900.056 2.1226891937599604e-09
4950.056 1.716917609739998e-09
5000.056 7.906033160399413e-10
5050.056 4.217864754500089e-10
5100.056 3.516643945500167e-10
5150.056 2.9627041395002464e-10
5200.056 2.9050298096999274e-10
5250.056 2.63664269880003e-10
5300.056 2.177886067200001e-10
5350.056 1.7646721321000066e-10
5400.056 1.4021854419999957e-10
5450.056 1.0976854101699982e-10
5500.056 8.371520370699959e-11
5550.056 6.304593533799973e-11
5600.056 4.612298498399977e-11
5650.056 3.2183783722999856e-11
5700.056 2.0908642597999868e-11
5750.056 1.2148902882199907e-11
5800.056 5.888762636499928e-12
5850.056 2.013319520119959e-12
5900.056 3.0516045095727046e-13
5950.056 4.927342892200103e-12
6000.056 2.0157530304400385e-11
6050.056 5.902164858700071e-11
6100.056 1.3830095521800143e-10
6150.056 2.8726893149000273e-10
6200.056 5.441702864800045e-10
6250.056 9.585136517700074e-10
6300.056 1.5988664421000115e-09
6350.056 2.537037345100016e-09
6400.056 3.826593785700019e-09
6450.056 5.549205239500008e-09
6500.056 7.578254231499996e-09
6550.056 1.0268237858499968e-08
6600.056 1.35034093910001e-08
6650.056 1.6393080943000406e-08
6700.056 1.1493138184398363e-08
6750.056 2.20754644530002e-08
6800.056 2.73767316040007e-08
6850.056 3.091116246300019e-08
6900.056 3.061521700100001e-08
6950.056 3.015743329899991e-08
7000.056 3.148511148599971e-08
7050.056 3.252966736700024e-08
7100.056 3.1517342600000004e-08
7150.056 3.258060368200006e-08
7200.056 3.6769955356999956e-08
7250.056 3.9334962994000697e-08
7300.056 3.945082810700071e-08
7350.056 3.501193697200009e-08
7400.056 2.8471501308000064e-08
7450.056 2.3093921670999638e-08
7500.056 1.83740442369998e-08
7550.056 1.3672763949999927e-08
7600.056 7.97891126039987e-09
7650.056 9.58258631823253e-10
7700.056 3.1389247521398806e-10
7750.056 4.680421589900143e-09
7800.056 1.1897342286950264e-08
7850.056 2.704937789800028e-08
7900.056 3.95072436820004e-08
7950.056 4.27846237152655e-08
8000.056 6.762310494200062e-08
8050.056 9.386629100499794e-08
8100.056 1.264121061849998e-07
8150.056 1.629037370900005e-07
8200.056 1.56306159529001e-07
8250.056 2.2773364687000142e-07
8300.056 2.5411905559000817e-07
8350.056 2.900579565500027e-07
8400.056 3.2064035262999685e-07
8450.056 3.013964561999961e-07
8500.056 2.91949185369168e-07
8550.056 3.48676437690014e-07
8600.056 3.729807569609832e-07
8650.056 3.534805239299707e-07
8700.056 3.355528738429613e-07
8750.056 3.673115394500179e-07
8800.056 4.558744619500202e-07
8850.056 4.913484454899655e-07
8900.056 4.903184341400036e-07
8950.056 4.989459023356432e-07
9000.056 6.352160665900112e-07
9050.056 6.190055719000194e-07
9100.056 7.256446931399845e-07
9150.056 8.150953149300093e-07
9200.056 8.635114058399994e-07
9250.056 8.057221895200006e-07
9300.056 6.82238490639965e-07
9350.056 7.627006760620527e-07
9400.056 8.556988296399728e-07
9450.056 9.436418369460005e-07
9500.056 1.0328075202769476e-06
9550.056 1.092751444523073e-06
9600.056 1.1126614177880622e-06
9650.056 1.2084257573140278e-06
9700.056 1.3269474791799228e-06
9750.056 1.2307491616699597e-06
9800.056 1.303055684829931e-06
9850.056 1.318957101170001e-06
9900.056 9.698215497099436e-07
9950.056 7.326271880300037e-07
10000.056 7.148178518399744e-07
10050.056 7.886498538599938e-07
10100.056 9.36285181390038e-07
10150.056 9.405298419499372e-07
10200.056 1.0209941310199794e-06
10250.056 1.0590164310199653e-06
10300.056 1.0079597302199954e-06
10350.056 1.158597222360051e-06
10400.056 1.3083539955399633e-06
10450.056 1.337694645790071e-06
10500.056 1.315166220349957e-06
10550.056 1.373388150410064e-06
10600.056 1.474415063810031e-06
10650.056 1.526440931190092e-06
10700.056 1.5908190250900548e-06
10750.056 1.7525014815100717e-06
10800.056 1.909248488219958e-06
10850.056 2.1278915468799067e-06
10900.056 2.159594036139957e-06
10950.056 2.1080645539599232e-06
11000.056 2.009349602689975e-06
11050.056 1.7568462816499605e-06
11100.056 1.776115580510169e-06
11150.056 1.8438302970418984e-06
11200.056 1.8704712492352815e-06
11250.056 2.218217975831212e-06
11300.056 2.13325809445592e-06
11350.056 1.806092553783023e-06
11400.056 1.3933934257200486e-06
11450.056 2.0946944935309083e-06
11500.056 2.5830882416447724e-06
11550.056 2.3991596686000335e-06
11600.056 2.5316045038655944e-06
11650.056 2.3847226948241382e-06
11700.056 1.581328305713049e-06
11750.056 1.7063192626188438e-06
11800.056 1.7676635497221232e-06
11850.056 2.615758238270125e-06
11900.056 2.954899776129693e-06
11950.056 2.6923240997500315e-06
12000.056 2.3569444309400336e-06
12050.056 2.8497819132200517e-06
12100.056 2.80724224209986e-06
12150.056 3.2706593835998586e-06
12200.056 3.1947781637996783e-06
12250.056 3.5096026298998848e-06
12300.056 3.6338515575001763e-06
12350.056 3.5167149133999774e-06
12400.056 3.016413505899934e-06
12450.056 2.542048694850025e-06
12500.056 2.7010336305698557e-06
12550.056 2.76992447952017e-06
12600.056 3.5689817016000285e-06
12650.056 3.648834234799908e-06
12700.056 4.043899353100251e-06
12750.056 3.963256981999875e-06
12800.056 4.193256966100099e-06
12850.056 3.996362472399925e-06
12900.056 3.736182823499906e-06
12950.056 3.835994534899954e-06
13000.056 4.030398822099779e-06
13050.056 4.219403143749902e-06
13100.056 4.266049065519932e-06
13150.056 4.259520080439884e-06
13200.056 4.0629827529000504e-06
13250.056 3.653135939022045e-06
13300.056 3.019815271567707e-06
13350.056 1.56087403547767e-06
13400.056 1.28528039616897e-06
13450.056 1.0681172048821276e-06
13500.056 9.522277181126264e-07
13550.056 8.582767001188354e-07
13600.056 8.302437752829585e-07
13650.056 1.0992935862126195e-06
13700.056 9.620403468652858e-07
13750.056 1.0359199448280855e-06
13800.056 1.2479250427638075e-06
13850.056 1.145535112568285e-06
13900.056 1.1148517403581996e-06
13950.056 1.0348158779750532e-06
14000.056 9.574515206493258e-07
14050.056 1.0195012196433065e-06
14100.056 8.385150634205063e-07
14150.056 9.543858017229477e-07
14200.056 8.316626560090287e-07
14250.056 8.018915713522723e-07
14300.056 8.984883750488809e-07
14350.056 9.162391139402723e-07
14400.056 9.598616533469382e-07
14450.056 1.0041557678524756e-06
14500.056 1.2026137452429252e-06
14550.056 1.2258929491649223e-06
14600.056 1.3938157677803526e-06
14650.056 1.3718263501095277e-06
14700.056 1.2410683629039888e-06
14750.056 1.3622066665963418e-06
14800.056 1.4672138031793182e-06
14850.056 1.6019535143097792e-06
14900.056 1.558216685435917e-06
14950.056 1.605316240863234e-06
15000.056 1.6863219580601244e-06
15050.056 1.921504770266732e-06
15100.056 1.930657954710068e-06
15150.056 2.0542188967161394e-06
15200.056 2.1401271836098435e-06
15250.056 2.2449264013799915e-06
15300.056 2.3721625458699235e-06
15350.056 2.5388175527299483e-06
15400.056 2.6671612124100274e-06
15450.056 2.81435611860011e-06
15500.056 2.909393153499984e-06
15550.056 3.1017683748597756e-06
15600.056 3.099118672600167e-06
15650.056 3.269035309600145e-06
15700.056 3.5388628226004343e-06
15750.056 3.7124433695998187e-06
15800.056 3.7114098500002356e-06
15850.056 3.3837627870000613e-06
15900.056 3.5182636041000964e-06
15950.056 3.566828279399831e-06
16000.056 3.651396982599991e-06
16050.056 3.7425839318000957e-06
16100.056 3.8836592345000416e-06
16150.056 3.6949977479000875e-06
16200.056 3.877025566599885e-06
16250.056 3.781960120299985e-06
16300.056 3.8125194135000026e-06
16350.056 4.020820307699993e-06
16400.056 3.9896666982000186e-06
16450.056 4.125631128400161e-06
16500.056 4.224550885000169e-06
16550.056 4.418245925100025e-06
16600.056 4.143074094500182e-06
16650.056 4.455146637199965e-06
16700.056 4.235398861999828e-06
16750.056 4.260878224399931e-06
16800.056 4.4512056306998255e-06
16850.056 4.499190631699857e-06
16900.056 4.3564485563999544e-06
16950.056 4.290420687500018e-06
17000.056 4.337393752600286e-06
17050.056 4.311637413499961e-06
17100.056 4.071256891900299e-06
17150.056 3.926593181160093e-06
17200.056 3.6276619000698432e-06
17250.056 3.328237445779926e-06
17300.056 3.290617546339849e-06
17350.056 3.1423987529902386e-06
17400.056 3.056527343159941e-06
17450.056 2.752312078609172e-06
17500.056 2.6922758561398487e-06
17550.056 2.513938526784432e-06
17600.056 2.4176305984329136e-06
17650.056 2.4272175460211095e-06
17700.056 1.9846342645008267e-06
17750.056 1.8644897611099545e-06
17800.056 1.921255955806408e-06
17850.056 1.5882698563650465e-06
17900.056 1.7308335380260961e-06
17950.056 1.6050618636949642e-06
18000.056 1.4891522222489938e-06
18050.056 1.452738283859132e-06
18100.056 1.402560611337843e-06
18150.056 1.6251785924701609e-06
18200.056 1.212432254330729e-06
18250.056 1.665976194816674e-06
18300.056 1.4787234382586074e-06
18350.056 1.3937213788923254e-06
18400.056 1.356423991446475e-06
18450.056 1.1944532714640199e-06
18500.056 1.2817949947921664e-06
18550.056 1.1425989822210544e-06
18600.056 9.446651886807012e-07
18650.056 1.071938987479983e-06
18700.056 1.2099615791928905e-06
18750.056 1.1948701914934678e-06
18800.056 1.3256598816662942e-06
18850.056 1.5583970675089698e-06
18900.056 1.4671451261623808e-06
18950.056 1.6667230229889738e-06
19000.056 1.6730286118198237e-06
19050.056 1.5544997006079135e-06
19100.056 1.778515213560106e-06
19150.056 1.7280840121779714e-06
19200.056 1.764454536900359e-06
19250.056 1.6136485806039433e-06
19300.056 1.7170837576030615e-06
19350.056 1.5983131516438985e-06
19400.056 1.2443641902208452e-06
19450.056 1.6264020406169491e-06
19500.056 1.6477973031999245e-06
19550.056 1.2939181781462615e-06
19600.056 1.5059019037599375e-06
19650.056 1.5599864430382295e-06
19700.056 1.5516051804941104e-06
19750.056 1.4251599925441154e-06
19800.056 1.548259029344808e-06
19850.056 1.6711832331590915e-06
19900.056 1.3847972536221842e-06
19950.056 1.7411042041098963e-06
20000.056 1.526701422960154e-06
20050.056 1.7329216501732031e-06
20100.056 1.70143456207329e-06
20150.056 1.819582026340197e-06
20200.056 1.9073360658158335e-06
20250.056 1.991681915659774e-06
20300.056 2.0137721882301757e-06
20350.056 2.168772828889811e-06
20400.056 2.175060569069303e-06
20450.056 2.2893403306396185e-06
20500.056 2.3992497958198798e-06
20550.056 2.4241498925801006e-06
20600.056 2.670770527150125e-06
20650.056 2.6088615239000746e-06
20700.056 2.7783943647702564e-06
20750.056 2.814943071359824e-06
20800.056 2.991096661839872e-06
20850.056 2.927615321389956e-06
20900.056 3.1735114000997983e-06
20950.056 3.200537216699941e-06
21000.056 3.333246166299989e-06
21050.056 3.415494590799996e-06
21100.056 3.4261594373199566e-06
21150.056 3.624337187799942e-06
21200.056 3.6114399060001342e-06
21250.056 3.816819131299818e-06
21300.056 3.667573654600109e-06
21350.056 3.95494484850005e-06
21400.056 3.7915305711001833e-06
21450.056 4.1762860283e-06
21500.056 3.937893394100127e-06
21550.056 4.0524901806999305e-06
21600.056 4.1474227030001814e-06
21650.056 4.093488106900019e-06
21700.056 4.285693070000036e-06
21750.056 4.115585347500003e-06
21800.056 4.135674759299764e-06
21850.056 4.100444576599879e-06
21900.056 4.232311736700185e-06
21950.056 4.041046345900019e-06
22000.056 4.050986618400043e-06
22050.056 3.8518280129997315e-06
22100.056 4.000666943600124e-06
22150.056 4.0468551995001255e-06
22200.056 3.843832378020324e-06
22250.056 4.119365866400288e-06
22300.056 4.0338378944000145e-06
22350.056 3.823929194100237e-06
22400.056 3.969754788479997e-06
22450.056 3.817834407359876e-06
22500.056 3.8926636702800636e-06
22550.056 3.8075840994396234e-06
22600.056 3.862940952300116e-06
22650.056 3.6656735186404456e-06
22700.056 3.6228439067303915e-06
22750.056 3.838267609770061e-06
22800.056 3.577884430039979e-06
22850.056 3.6507352582701695e-06
22900.056 3.6611636481098805e-06
22950.056 2.2236572313001173e-06
23000.056 2.3894716614401443e-06
23050.056 2.61064156273978e-06
23100.056 2.503398896654791e-06
23150.056 2.669565325135219e-06
23200.056 2.5021738984891475e-06
23250.056 2.0369072227877437e-06
23300.056 2.135662414538148e-06
23350.056 2.2816927539039264e-06
23400.056 2.241545400800142e-06
23450.056 2.2967701214701906e-06
23500.056 2.4354339443298684e-06
23550.056 2.1474195535902973e-06
23600.056 2.0952661760611606e-06
23650.056 2.2821961064128002e-06
23700.056 2.1326402200988398e-06
23750.056 2.1941699100684136e-06
23800.056 2.169417656357901e-06
23850.056 1.8532991021171729e-06
23900.056 2.1167689605371174e-06
23950.056 2.2439543035203027e-06
24000.056 2.1095686357194625e-06
24050.056 2.0990130433702255e-06
24100.056 1.8559586543997843e-06
24150.056 1.8641941644803779e-06
24200.056 1.8586894874014618e-06
24250.056 1.770639602490091e-06
24300.056 1.7820972734001263e-06
24350.056 1.5386858364600863e-06
24400.056 1.7787381290600103e-06
24450.056 1.5143866378878828e-06
24500.056 1.4450670456409227e-06
24550.056 1.3882387816802328e-06
24600.056 1.4640045552001138e-06
24650.056 1.5778105224330856e-06
24700.056 1.2247935057509444e-06
24750.056 1.1665137082031853e-06
24800.056 1.1550116896601302e-06
24850.056 1.4155650402590297e-06
24900.056 9.451751806814046e-07
24950.056 1.3059372696539258e-06
25000.056 1.1585267090351671e-06
25050.056 8.506524219582235e-07
25100.056 1.0827521114719368e-06
25150.056 9.079837147239166e-07
25200.056 9.777030247980553e-07
25250.056 8.578586781528332e-07
25300.056 1.0042482527690496e-06
25350.056 7.877422371009828e-07
25400.056 9.513719529572286e-07
25450.056 7.794147598349692e-07
25500.056 8.491013131981979e-07
25550.056 8.104006281860269e-07
25600.056 8.484803822209297e-07
25650.056 7.104587153319702e-07
25700.056 1.0350167308786745e-06
25750.056 6.624898111621383e-07
25800.056 9.951134297131561e-07
25850.056 7.879068072748972e-07
25900.056 9.494739237941323e-07
25950.056 7.377504692650421e-07
26000.056 9.96058833530364e-07
26050.056 9.537388315900089e-07
26100.056 1.066245694423043e-06
26150.056 1.0007466677578702e-06
26200.056 9.67600953775007e-07
26250.056 1.0693360351669593e-06
26300.056 9.942239214260633e-07
26350.056 1.140464266351989e-06
26400.056 1.1537138403038348e-06
26450.056 1.1087053441340775e-06
26500.056 1.188194456134703e-06
26550.056 1.0526011971278256e-06
26600.056 1.3296800350008403e-06
26650.056 9.229805749578401e-07
26700.056 9.414036665150424e-07
26750.056 7.366703645696407e-07
26800.056 8.977031382138585e-07
26850.056 6.584067935030426e-07
26900.056 9.543754791679912e-07
26950.056 6.198593519019188e-07
27000.056 9.158295631871126e-07
27050.056 7.589103927069629e-07
27100.056 7.585515289028149e-07
27150.056 8.493962682980424e-07
27200.056 8.162057628811065e-07
27250.056 7.702679856702417e-07
27300.056 1.0182824554311112e-06
27350.056 9.134897972727538e-07
27400.056 6.882427561389189e-07
27450.056 1.0783227230277484e-06
27500.056 9.809667506719393e-07
27550.056 8.261827423349295e-07
27600.056 1.0882295555059258e-06
27650.056 7.786805424229711e-07
27700.056 7.255965651800255e-07
27750.056 1.0898812688667484e-06
27800.056 7.351502278399553e-07
27850.056 8.125886441097711e-07
27900.056 8.573658897490293e-07
27950.056 1.0639186599359493e-06
28000.056 9.411375802301935e-07
28050.056 6.606382288601723e-07
28100.056 1.121310154300251e-06
28150.056 8.341107646800568e-07
28200.056 6.736305250650034e-07
28250.056 9.86847448539971e-07
28300.056 1.161142772168174e-06
28350.056 7.527391534808221e-07
28400.056 9.0773625457802e-07
28450.056 9.983080931348494e-07
28500.056 9.436189666098112e-07
28550.056 6.098260665018363e-07
28600.056 1.1362042053289774e-06
28650.056 9.954537620109833e-07
28700.056 8.769272960138932e-07
28750.056 1.0418980132350042e-06
28800.056 9.833822109232164e-07
