galfind/configs/Brown_Dwarf_templates/sonora_bobcat/m+0.5/3160g/sp_t325g3160nc_m+0.5_resample.dat
# %ECSV 1.0
# ---
# datatype:
# - {name: wav, unit: Angstrom, datatype: float64}
# - {name: flux_nu, unit: erg / (cm2 Hz s), datatype: float64}
# meta: {C/O: '1.00', Kzz: '1.0000E+05', Teff: '325.', Y: '0.28', '[Fe/H]': '0.50', f_hole: '1.00', f_rain: '0.00', grav: '3160.'}
# schema: astropy-2.0
wav flux_nu
[from data line 498]
28900.056 2.9629100635788652e-12
28950.056 3.4103111424439084e-12
29000.056 1.8332174947822028e-12
29050.056 4.46388571357395e-12
29100.056 1.126481860309042e-12
29150.056 1.3441738380220405e-12
29200.056 1.1138789478439e-11
29250.056 5.1233221508881675e-12
29300.056 3.170867686052632e-12
29350.056 1.0440071448804348e-11
29400.056 6.227281393091533e-12
29450.056 1.2313170978170928e-12
29500.056 1.489617197322265e-11
29550.056 3.2812161035386167e-12
29600.056 3.1402800079857184e-12
29650.056 2.146728003551916e-11
29700.056 2.1930654159150736e-12
29750.056 1.2753946034436359e-11
29800.056 4.918766537487523e-12
29850.056 2.1317408139791365e-11
29900.056 6.242735398202762e-12
29950.056 6.204704604482504e-12
30000.056 4.3474061795415334e-14
30050.056 1.3609129995706024e-12
30100.056 6.033337710949328e-12
30150.056 1.8552566774161545e-11
30200.056 1.2815742761118534e-11
30250.056 1.9623169573536767e-11
30300.056 2.7157078259898442e-11
30350.056 3.754428300161795e-12
30400.056 3.440028380123437e-11
30450.056 3.338947665701253e-11
30500.056 7.426142278173062e-12
30550.056 7.1784506814769926e-12
30600.056 2.086302875436818e-10
30650.056 6.939834503522834e-11
30700.056 1.6321425368729798e-11
30750.056 5.322897616910398e-11
30800.056 8.546754192778057e-11
30850.056 7.57820505709311e-11
30900.056 3.192080817484874e-11
30950.056 2.1771029425408555e-11
31000.056 3.3243975151086465e-11
31050.056 1.1747210024683354e-11
31100.056 6.569242080653749e-12
31150.056 2.106050954858819e-11
31200.056 1.0825751581898437e-10
31250.056 3.7448208199289636e-11
31300.056 1.1405093538520075e-11
31350.056 7.888814428157113e-11
31400.056 4.000387244499046e-11
31450.056 4.178478878292614e-11
31500.056 1.1345417156487656e-11
31550.056 2.8643275681919766e-11
31600.056 2.112000977754635e-11
31650.056 1.4105484543489471e-11
31700.056 1.0510626907823477e-11
31750.056 4.138254616958037e-12
31800.056 8.20546198356046e-12
31850.056 1.0205160713499833e-12
31900.056 3.161039057761384e-12
31950.056 1.2617781988853318e-12
32000.056 8.639749803705381e-13
32050.056 8.123647591768747e-13
32100.056 7.087428693604369e-13
32150.056 5.449095044620647e-13
32200.056 1.935235013352404e-13
32250.056 4.917693851734855e-13
32300.056 9.032165115927186e-14
32350.056 3.4673430188213946e-13
32400.056 2.302469943011834e-14
32450.056 2.30811468087346e-13
32500.056 2.2860549472107032e-14
32550.056 2.2000937538382307e-13
32600.056 1.430621866454452e-14
32650.056 4.2610330976460233e-13
32700.056 2.6558036740423018e-14
32750.056 1.4085223899163522e-12
32800.056 4.201184759027523e-13
32850.056 4.561923337721094e-12
32900.056 2.963756054828605e-12
32950.056 4.275696934024481e-12
33000.056 9.011872788812434e-13
33050.056 4.850779317920382e-13
33100.056 6.426227124432384e-14
33150.056 9.101464300098455e-17
33200.056 9.187656750524577e-15
33250.056 2.019023935282269e-14
33300.056 6.232113801961406e-13
33350.056 6.73406260754659e-13
33400.056 4.000291885287433e-12
33450.056 3.0089581566200555e-13
33500.056 3.2439912962745014e-12
33550.056 3.2646322062214045e-13
33600.056 1.2647912547906198e-12
33650.056 1.5000579231931871e-12
33700.056 1.5362985423862397e-13
33750.056 1.7417350040235797e-12
33800.056 5.791750403316684e-14
33850.056 7.672420538476665e-13
33900.056 7.422892568065696e-13
33950.056 9.017744860985178e-13
34000.056 2.639134674794771e-12
34050.056 4.14724803700245e-13
34100.056 3.272328462795625e-12
34150.056 7.79686479207855e-13
34200.056 4.576239500008002e-12
34250.056 1.4083150840331728e-12
34300.056 2.335299325797094e-12
34350.056 1.4251643019342334e-11
34400.056 1.325047417895251e-12
34450.056 1.0080726730439014e-11
34500.056 2.3052825329382907e-12
34550.056 8.6961685578921e-12
34600.056 4.566475781997042e-11
34650.056 1.5005090603098427e-12
34700.056 2.651377174818721e-11
34750.056 9.518903556279812e-12
34800.056 5.365154417115316e-12
34850.056 2.996995650901543e-11
34900.056 2.0279149607838313e-12
34950.056 5.042285528469911e-11
35000.056 4.3164509789380625e-11
35050.056 5.174493852265268e-11
35100.056 1.0328766690459691e-10
35150.056 8.665752846528612e-11
35200.056 7.89666910341145e-11
35250.056 1.61011932661004e-10
35300.056 2.410756423056535e-11
35350.056 1.5913012059557134e-11
35400.056 9.624293421655317e-12
35450.056 9.371490465108171e-12
35500.056 5.7477287099263557e-11
35550.056 4.533837799985305e-11
35600.056 8.87876607887687e-11
35650.056 1.0844161797242869e-10
35700.056 1.3780246564109654e-10
35750.056 1.317738151260949e-10
35800.056 3.2674892264157513e-11
35850.056 2.215480911900205e-11
35900.056 3.529091926109838e-11
35950.056 9.346521015266367e-11
36000.056 1.1368189573640635e-10
36050.056 7.646319480466822e-11
36100.056 7.08116792319018e-11
36150.056 3.9605425051477854e-10
36200.056 2.763386895403833e-10
36250.056 1.1757649951757919e-10
36300.056 4.600110488586064e-10
36350.056 2.62650458687981e-10
36400.056 4.0899943879243766e-10
36450.056 2.329872648337372e-10
36500.056 2.2296511576188428e-10
36550.056 7.688730017969591e-10
36600.056 9.157339790699209e-10
36650.056 3.1849445683060787e-10
36700.056 4.963997470212239e-10
36750.056 9.483414628302493e-10
36800.056 1.0723987380725804e-09
36850.056 3.4663189897346897e-10
36900.056 4.3200426715066926e-10
36950.056 1.242432886428851e-09
37000.056 7.322843182469483e-10
37050.056 1.224879700630111e-09
37100.056 2.28937540465201e-10
37150.056 5.652533527403429e-10
37200.056 1.892638402480099e-09
37250.056 7.686279151097004e-10
37300.056 3.1143950454227137e-10
37350.056 6.636340129021298e-10
37400.056 1.2666358452627168e-09
37450.056 4.390125312651565e-10
37500.056 5.139606571431873e-10
37550.056 2.266844655469498e-09
37600.056 4.1321548531397525e-09
37650.056 5.292060929664737e-10
37700.056 1.2632550512702402e-09
37750.056 1.0026302081889435e-09
37800.056 1.0444197499402365e-09
37850.056 5.467325969799772e-10
37900.056 5.51812643597969e-10
37950.056 1.0101992592640265e-09
38000.056 8.139903455057952e-10
38050.056 1.987162192495731e-09
38100.056 3.006922862402409e-09
38150.056 3.792657228293701e-09
38200.056 1.96291947533031e-09
38250.056 3.4540464118544236e-09
38300.056 6.978712461222834e-09
38350.056 3.843744243848931e-09
38400.056 1.0565663697635283e-09
38450.056 2.778627662712005e-10
38500.056 3.37746046909245e-10
38550.056 1.8910397811101984e-09
38600.056 2.7107514801996065e-09
38650.056 2.218722486553928e-09
38700.056 1.5619209389465261e-09
38750.056 2.194204465598859e-09
38800.056 1.9718478917700593e-09
38850.056 2.5151640574303565e-09
38900.056 2.793450812547319e-09
38950.056 1.5511771773803803e-09
39000.056 3.44109527026945e-09
39050.056 1.0432197375475403e-09
39100.056 1.9795313006651563e-09
39150.056 4.1141639914900145e-09
39200.056 3.0415904423800045e-09
39250.056 3.6327074814061093e-09
39300.056 2.426612639219067e-09
39350.056 6.347408427850062e-09
39400.056 2.8360573873497906e-09
39450.056 5.127819847818853e-09
39500.056 6.131692607199635e-09
39550.056 1.856514352037977e-09
39600.056 4.054224028598857e-09
39650.056 8.332542317099877e-09
39700.056 7.139205819100202e-09
39750.056 1.9119430788588117e-09
39800.056 1.612344063556158e-09
39850.056 7.745246152800803e-09
39900.056 9.788157833200205e-09
39950.056 3.1770708573601885e-09
40000.056 6.25784003380012e-09
40050.056 7.215009664839559e-09
40100.056 1.3601749334666793e-09
40150.056 5.6891858734005485e-09
40200.056 7.63381326349942e-09
40250.056 9.095862011998743e-09
40300.056 9.050859666900872e-09
40350.056 3.2749206688598494e-09
40400.056 4.985508899107144e-09
40450.056 2.0712237541120478e-09
40500.056 8.045407359000157e-09
40550.056 8.615165120798758e-09
40600.056 9.805439519699757e-09
40650.056 5.544832293046687e-09
40700.056 1.1090118373299798e-08
40750.056 7.52108516121934e-09
40800.056 3.640436355759494e-09
40850.056 1.434804953780147e-08
40900.056 1.4255474139699e-08
40950.056 7.797307388878081e-09
41000.056 6.733715689319614e-09
41050.056 1.6292341708600487e-08
41100.056 1.3383727466998824e-08
41150.056 2.8489434766197447e-09
41200.056 1.4631453981581978e-08
41250.056 1.3443466317347694e-08
41300.056 1.5238506212801817e-08
41350.056 2.21201582230001e-08
41400.056 1.546865469579914e-08
41450.056 1.9803517394800103e-08
41500.056 9.263167973638244e-09
41550.056 8.40094929790155e-09
41600.056 9.793984401419359e-09
41650.056 1.8862464991601837e-08
41700.056 2.7669294822998816e-08
41750.056 1.963933628700055e-08
41800.056 2.2022934042999648e-08
41850.056 1.4868840646698833e-08
41900.056 1.1051874121297313e-08
41950.056 1.0941503658299187e-08
42000.056 4.004661391297914e-09
42050.056 5.906300567040719e-09
42100.056 1.0182640748499597e-08
42150.056 1.2157268941599579e-08
42200.056 1.438834589759951e-08
42250.056 1.0791707092301206e-08
42300.056 8.952976705099324e-09
42350.056 1.8401955520200573e-08
42400.056 2.3503757252000953e-08
42450.056 2.6332417565001278e-08
42500.056 2.845001349799949e-08
42550.056 2.452255455899945e-08
42600.056 1.882914563720303e-08
42650.056 2.8402768640997535e-08
42700.056 1.1630441518398582e-08
42750.056 2.1011273240302545e-08
42800.056 3.3633060743000486e-08
42850.056 3.4874325687997865e-08
42900.056 3.285569747300097e-08
42950.056 2.53205519620011e-08
43000.056 2.9466988713999165e-08
43050.056 1.454757831169907e-08
43100.056 2.4431399318000885e-08
43150.056 2.428830314700028e-08
43200.056 3.1372353596001255e-08
43250.056 4.462806705900062e-08
43300.056 3.6829844280998326e-08
43350.056 2.0560106016999542e-08
43400.056 2.9948954211000656e-08
43450.056 2.0603340151000175e-08
43500.056 1.7109810604500522e-08
43550.056 1.9641390946301247e-08
43600.056 3.5817204162999706e-08
43650.056 1.8288152914998464e-08
43700.056 3.4285881572004934e-08
43750.056 4.103235257899845e-08
43800.056 3.1864259275999386e-08
43850.056 2.82616340090022e-08
43900.056 2.0346858376000064e-08
43950.056 1.534019623069927e-08
44000.056 1.5212867914999922e-08
44050.056 3.6018700485003214e-08
44100.056 5.146067180000064e-08
44150.056 4.493188693099844e-08
44200.056 4.2792480248000134e-08
44250.056 2.3882546379998535e-08
44300.056 1.424574387799987e-08
44350.056 1.4488238725800583e-08
44400.056 1.70941663779998e-08
44450.056 3.0205417977002816e-08
44500.056 2.6265442463000073e-08
44550.056 3.6986054401000454e-08
44600.056 2.7037065961400335e-08
44650.056 3.139204019099825e-08
44700.056 2.1163222198997897e-08
44750.056 2.8343448643501758e-08
44800.056 1.8212262790899824e-08
44850.056 2.7244557855001384e-08
44900.056 2.6391151618999217e-08
44950.056 3.279120471800209e-08
45000.056 3.8437926726999676e-08
45050.056 3.307288497899761e-08
45100.056 2.957732043200205e-08
45150.056 2.623475123099913e-08
45200.056 1.5523696351999916e-08
45250.056 1.9341258600998983e-08
45300.056 1.881670310490058e-08
45350.056 1.2125106959601762e-08
45400.056 4.0515351835001405e-08
45450.056 3.3462160101002575e-08
45500.056 4.238328967100229e-08
45550.056 4.6312123178995784e-08
45600.056 3.9922966930001176e-08
45650.056 3.4079519508997166e-08
45700.056 1.629329007449814e-08
45750.056 1.3605937379101496e-08
45800.056 3.8083770358000604e-08
45850.056 3.022180581660195e-08
45900.056 4.593301734699933e-08
45950.056 4.462311553299796e-08
46000.056 4.252003462800117e-08
46050.056 3.4257385117002945e-08
46100.056 4.571970689599739e-08
46150.056 2.5986606990999964e-08
46200.056 1.7855273699197495e-08
46250.056 5.580602600800014e-09
46300.056 2.2927552018802005e-08
46350.056 2.7964821645001205e-08
46400.056 2.9074571172000617e-08
46450.056 2.109159474949843e-08
46500.056 2.7785492380001018e-08
46550.056 1.4614128541798299e-08
46600.056 1.3248959784098888e-08
46650.056 2.4651875565201148e-08
46700.056 1.7615901002998098e-08
46750.056 5.796704009170682e-09
46800.056 3.400423150059509e-09
46850.056 1.886285891850328e-08
46900.056 3.1200331017000035e-08
46950.056 3.29572007369993e-08
47000.056 3.4494652818000874e-08
47050.056 1.934062780779599e-08
47100.056 1.5595399732800277e-08
47150.056 2.339240506080229e-08
47200.056 2.548194402399899e-08
47250.056 8.912812349997817e-09
47300.056 6.256900667812076e-09
47350.056 2.4519862272001804e-08
47400.056 3.022512238599961e-08
47450.056 1.6275075336500507e-08
47500.056 3.344413651400208e-08
47550.056 3.086438475100029e-08
47600.056 2.0256278193397814e-08
47650.056 2.4616217531498967e-08
47700.056 1.9134224054901827e-08
47750.056 1.439007262219997e-08
47800.056 8.290653750099645e-09
47850.056 2.518478974060515e-09
47900.056 5.062834857280187e-09
47950.056 1.857278558400185e-08
48000.056 2.4340776150998033e-08
48050.056 1.780948707750009e-08
48100.056 8.377172850499816e-09
48150.056 1.7079021647000952e-08
48200.056 9.482306316678595e-09
48250.056 1.6814653096000587e-08
48300.056 2.1313746745999602e-08
48350.056 1.126126510359834e-08
48400.056 1.6864802839194772e-09
48450.056 3.5501473776939103e-09
48500.056 8.379297250698888e-09
48550.056 1.11109149789725e-08
48600.056 2.4330884560000822e-08
48650.056 2.926357176399959e-08
48700.056 2.1539513801000955e-08
48750.056 1.7509391514000077e-08
48800.056 2.2082324422999988e-08
48850.056 8.925472069348725e-09
48900.056 7.759114892319116e-09
48950.056 3.590841854959811e-09
49000.056 2.4069141863526697e-09
49050.056 8.798657482099171e-09
49100.056 1.4021457758942259e-08
49150.056 1.225349683059965e-08
49200.056 2.250210193000156e-08
49250.056 2.4448820605999788e-08
49300.056 1.8152639671098362e-08
49350.056 6.449193754841027e-09
49400.056 8.126751375958493e-09
49450.056 5.800574573431156e-09
49500.056 4.4034692867990995e-09
49550.056 6.22415954909988e-10
49600.056 1.8335552363223834e-09
49650.056 8.306660026101006e-09
49700.056 1.2761295843999968e-08
49750.056 8.442549922969375e-09
49800.056 4.214090706670103e-09
49850.056 1.3531819596801341e-08
49900.056 1.6745513852999884e-08
49950.056 1.491360995999932e-08
50000.056 7.174217601088698e-09
50050.056 7.527463109651158e-09
50100.056 6.91725901439954e-09
50150.056 2.075034487239565e-09
50200.056 3.0099297552410146e-10
50250.056 1.8094820154000029e-09
50300.056 1.3945641021643216e-09
50350.056 7.554409569000809e-09
50400.056 1.1667567357600012e-08
50450.056 1.0254306985600024e-08
50500.056 1.4831754830500733e-08
50550.056 1.6726895171999908e-08
50600.056 9.542412711798265e-09
50650.056 1.5091161372000927e-08
50700.056 1.294224354499934e-08
50750.056 6.576021073199461e-09
50800.056 1.4239459983946e-09
50850.056 5.829773320762468e-10
50900.056 5.225760404800716e-09
50950.056 7.036979378399372e-09
51000.056 4.352881141220948e-09
51050.056 8.907820969199065e-09
51100.056 3.4102771150999937e-09
51150.056 2.0884418494305404e-09
51200.056 9.814186886600564e-09
51250.056 8.798661581999358e-09
51300.056 4.9651699406999866e-09
51350.056 3.0968114773053224e-09
51400.056 6.699926412891364e-10
51450.056 6.079290487248322e-10
51500.056 6.195170211642112e-10
51550.056 3.0759653180005203e-09
51600.056 4.695700582000314e-09
51650.056 7.155110740100015e-09
51700.056 5.183434819548961e-09
51750.056 4.095087288920887e-09
51800.056 8.559774237500004e-09
51850.056 6.3613250934996194e-09
51900.056 4.926034428099903e-09
51950.056 2.025387504959572e-09
52000.056 2.364156272989515e-10
52050.056 1.0407280661300685e-09
52100.056 5.328277610198797e-10
52150.056 3.074531002880947e-10
52200.056 1.4216097185700502e-09
52250.056 2.8428400166903194e-09
52300.056 2.851429723999733e-09
52350.056 5.686962132109417e-10
52400.056 6.941920101200294e-10
52450.056 3.556504133800458e-09
52500.056 2.513017279589852e-09
52550.056 4.677852614399608e-09
52600.056 4.453135540630567e-09
52650.056 5.6945268829997704e-09
52700.056 2.7068133334697346e-09
52750.056 6.791668162877774e-10
52800.056 1.485587223770264e-09
52850.056 1.8244032570996571e-09
52900.056 4.724355016808239e-10
52950.056 9.021109875201817e-10
53000.056 2.612200557100072e-09
53050.056 9.089579455099512e-10
53100.056 4.39015623110051e-09
53150.056 4.727680017299792e-09
53200.056 1.9768817749798834e-09
53250.056 3.783806494199896e-09
53300.056 3.526904045350331e-09
53350.056 3.068196538899888e-09
53400.056 1.7048647020998008e-09
53450.056 4.706342280398968e-10
53500.056 1.4519492882097737e-10
53550.056 2.3200878070600114e-10
