galfind/configs/Brown_Dwarf_templates/sonora_bobcat/m+0.5/3160g/sp_t1300g3160nc_m+0.5_resample.dat
# %ECSV 1.0
# ---
# datatype:
# - {name: wav, unit: Angstrom, datatype: float64}
# - {name: flux_nu, unit: erg / (cm2 Hz s), datatype: float64}
# meta: {C/O: '1.00', Kzz: '1.0000E+05', Teff: '1300.', Y: '0.28', '[Fe/H]': '0.50', f_hole: '1.00', f_rain: '0.00', grav: '3160.'}
# schema: astropy-2.0
wav flux_nu
[from data line 498]
28900.056 2.1880630416978648e-07
28950.056 3.8401091835897664e-07
29000.056 3.14674402020932e-07
29050.056 3.4708240568001996e-07
29100.056 2.6255766369905013e-07
29150.056 4.0945635584704356e-07
29200.056 3.0700088135701957e-07
29250.056 3.7966998594980865e-07
29300.056 2.731838071129334e-07
29350.056 5.083838808509397e-07
29400.056 3.491177736259635e-07
29450.056 3.6601665549197625e-07
29500.056 3.78870048014985e-07
29550.056 3.706181689080103e-07
29600.056 4.179101255768552e-07
29650.056 3.8310181962196805e-07
29700.056 3.4816114541092383e-07
29750.056 4.1573233236506916e-07
29800.056 4.421151334079253e-07
29850.056 4.215548334169402e-07
29900.056 4.134144012761981e-07
29950.056 4.642338529269171e-07
30000.056 4.4032630396895647e-07
30050.056 3.9682613736199346e-07
30100.056 3.8216526011289154e-07
30150.056 5.100480457799913e-07
30200.056 4.104129858069951e-07
30250.056 4.775928496100636e-07
30300.056 4.134766709559937e-07
30350.056 4.068180585760314e-07
30400.056 4.560840122169998e-07
30450.056 3.6145321473207253e-07
30500.056 3.183155080460262e-07
30550.056 3.3862230154602087e-07
30600.056 3.5673031365199156e-07
30650.056 3.2482360575095455e-07
30700.056 3.0774436004997506e-07
30750.056 2.899284858429673e-07
30800.056 2.7549835999205793e-07
30850.056 2.423939089589412e-07
30900.056 2.49681336342951e-07
30950.056 2.150344027940423e-07
31000.056 2.0502691710000996e-07
31050.056 2.3119010998001642e-07
31100.056 1.8148248482099004e-07
31150.056 1.9390772247798981e-07
31200.056 2.1020942733102552e-07
31250.056 1.6659802288898132e-07
31300.056 1.6992842578997937e-07
31350.056 1.60112690981007e-07
31400.056 1.4047571158401085e-07
31450.056 1.462174572489759e-07
31500.056 1.2995803600796995e-07
31550.056 1.366531246879924e-07
31600.056 1.2207435659300131e-07
31650.056 1.1375385212500647e-07
31700.056 1.1878843198897994e-07
31750.056 1.0333456781703293e-07
31800.056 1.2247611583197692e-07
31850.056 1.0554136487361687e-07
31900.056 1.2200175848600575e-07
31950.056 9.27323228210081e-08
32000.056 1.1216038358747966e-07
32050.056 1.1394840746100586e-07
32100.056 1.1219859376400984e-07
32150.056 1.2052720000498772e-07
32200.056 1.0617729640419874e-07
32250.056 1.329922607930145e-07
32300.056 1.0370290183098962e-07
32350.056 1.3844937227099302e-07
32400.056 1.0625561588699649e-07
32450.056 1.3644643622195463e-07
32500.056 1.3141417956902297e-07
32550.056 1.3103832878099213e-07
32600.056 1.4046210828459627e-07
32650.056 1.6841732229197937e-07
32700.056 1.6129872202402256e-07
32750.056 1.7328814817800764e-07
32800.056 1.7007917215201532e-07
32850.056 1.795419992709807e-07
32900.056 1.9512198457999677e-07
32950.056 1.953555561009892e-07
33000.056 1.7717228491296114e-07
33050.056 1.6186987469203354e-07
33100.056 1.2183701777898925e-07
33150.056 6.656916071300849e-08
33200.056 5.5264840329984595e-08
33250.056 4.272856320698855e-08
33300.056 4.334564529000855e-08
33350.056 5.431221686400121e-08
33400.056 6.570384518198921e-08
33450.056 7.812830561899816e-08
33500.056 1.0068205956801985e-07
33550.056 1.0715216250002144e-07
33600.056 1.339591980989899e-07
33650.056 1.4911151439700892e-07
33700.056 1.358147116309802e-07
33750.056 1.7344952563799848e-07
33800.056 1.5785165780299775e-07
33850.056 1.777371591189839e-07
33900.056 1.5306951152799458e-07
33950.056 1.5730882336798853e-07
34000.056 1.7671741107301426e-07
34050.056 1.3712416276297177e-07
34100.056 1.7776676878698518e-07
34150.056 1.539351122579827e-07
34200.056 1.4775943489595773e-07
34250.056 1.57580581154954e-07
34300.056 1.3923618222993232e-07
34350.056 1.3628855824600322e-07
34400.056 1.2797773645599792e-07
34450.056 1.5469307222998487e-07
34500.056 1.5033210359799086e-07
34550.056 1.3269570631900106e-07
34600.056 1.7094096743599868e-07
34650.056 1.4722379257698908e-07
34700.056 1.5438563547699063e-07
34750.056 1.6261031089897792e-07
34800.056 1.4900578888598344e-07
34850.056 1.551382020600147e-07
34900.056 1.672200617589764e-07
34950.056 1.6350688285996815e-07
35000.056 2.0611694310703312e-07
35050.056 1.5785932193399484e-07
35100.056 1.7921124455299408e-07
35150.056 1.8701662452600733e-07
35200.056 1.8951357415300922e-07
35250.056 2.1759418009196287e-07
35300.056 1.866160804470259e-07
35350.056 1.8384256735396724e-07
35400.056 2.0349098530104184e-07
35450.056 1.5878332550605667e-07
35500.056 2.302649548060111e-07
35550.056 2.2322453223798768e-07
35600.056 2.10296887859051e-07
35650.056 2.3262616785300985e-07
35700.056 2.1067652374399882e-07
35750.056 2.3560896917197884e-07
35800.056 2.9248656265000786e-07
35850.056 2.2061149762099664e-07
35900.056 2.769127577199943e-07
35950.056 2.680117272599745e-07
36000.056 2.698377792100403e-07
36050.056 2.76818380389986e-07
36100.056 2.759077244238613e-07
36150.056 2.9261871502599336e-07
36200.056 3.1919978283998267e-07
36250.056 2.9875796414596456e-07
36300.056 3.305935830600145e-07
36350.056 3.249431946599793e-07
36400.056 3.308375763200065e-07
36450.056 3.6252040995399054e-07
36500.056 3.642845177699677e-07
36550.056 3.9876568504009074e-07
36600.056 4.1993895521001267e-07
36650.056 4.0736193337093546e-07
36700.056 4.384193345019787e-07
36750.056 4.68300398010064e-07
36800.056 4.7137176633998417e-07
36850.056 4.7640671978390885e-07
36900.056 4.720308862599857e-07
36950.056 5.414216767599685e-07
37000.056 5.282644388499764e-07
37050.056 5.393601699200122e-07
37100.056 5.698114424799688e-07
37150.056 5.454855796600575e-07
37200.056 5.988308955700051e-07
37250.056 5.939646694899215e-07
37300.056 5.566365281848709e-07
37350.056 5.852375990200657e-07
37400.056 7.10906871569986e-07
37450.056 6.339805085980289e-07
37500.056 6.38474066449962e-07
37550.056 7.28281489240153e-07
37600.056 7.697945321000375e-07
37650.056 6.706558578500341e-07
37700.056 7.869570964500644e-07
37750.056 7.025522421400548e-07
37800.056 7.533227958002113e-07
37850.056 6.879523027200159e-07
37900.056 7.260459835001813e-07
37950.056 7.49563648229927e-07
38000.056 8.507136809100059e-07
38050.056 8.331329622501011e-07
38100.056 8.209204284200785e-07
38150.056 9.007508911199705e-07
38200.056 9.170113671100948e-07
38250.056 8.732821816400103e-07
38300.056 9.80649157039914e-07
38350.056 1.009703087360071e-06
38400.056 8.848739962999046e-07
38450.056 9.698813368499409e-07
38500.056 8.79433643170137e-07
38550.056 1.021185411110073e-06
38600.056 1.0266708849299336e-06
38650.056 1.028067493089959e-06
38700.056 1.0703947324800073e-06
38750.056 1.1065369175399993e-06
38800.056 1.020456323289834e-06
38850.056 1.0592470378300305e-06
38900.056 1.1028222633700243e-06
38950.056 1.1015758826399894e-06
39000.056 1.1386969688399964e-06
39050.056 1.1401244805599474e-06
39100.056 1.088675368400123e-06
39150.056 1.170422649460019e-06
39200.056 1.1485811050399671e-06
39250.056 1.209211156759898e-06
39300.056 1.1578736208398209e-06
39350.056 1.2378991344800784e-06
39400.056 1.2100825003900594e-06
39450.056 1.2264286895299782e-06
39500.056 1.1797834839499958e-06
39550.056 1.1960046968900683e-06
39600.056 1.2889231478198043e-06
39650.056 1.2716227299100084e-06
39700.056 1.2504699812800522e-06
39750.056 1.1890218670600877e-06
39800.056 1.2055511050399007e-06
39850.056 1.328210394249982e-06
39900.056 1.2852402153400165e-06
39950.056 1.3247505069798797e-06
40000.056 1.2889418412700634e-06
40050.056 1.288490465800041e-06
40100.056 1.3019793020900274e-06
40150.056 1.3172789587399699e-06
40200.056 1.3578905566998597e-06
40250.056 1.2285590001697629e-06
40300.056 1.2640780092200867e-06
40350.056 1.307805028650022e-06
40400.056 1.3331656472200168e-06
40450.056 1.3269103430800667e-06
40500.056 1.2504755516701166e-06
40550.056 1.4011914412799143e-06
40600.056 1.2091310504800769e-06
40650.056 1.3021395638698917e-06
40700.056 1.4507848607999878e-06
40750.056 1.2303198752697411e-06
40800.056 1.1704905002797603e-06
40850.056 1.2642568538301662e-06
40900.056 1.275714914850009e-06
40950.056 1.242157734649972e-06
41000.056 1.2764592033100112e-06
41050.056 1.3098918324498776e-06
41100.056 1.1902540697699229e-06
41150.056 1.1799633312199253e-06
41200.056 1.2537921630800006e-06
41250.056 1.2190667653700004e-06
41300.056 1.0676513737698298e-06
41350.056 1.2889455283500707e-06
41400.056 1.181282942230121e-06
41450.056 1.225049130390121e-06
41500.056 1.1554959435099422e-06
41550.056 1.1333092414900627e-06
41600.056 1.1773201935700572e-06
41650.056 1.176470302170086e-06
41700.056 1.069345797729872e-06
41750.056 1.068726328499946e-06
41800.056 1.1209059906799596e-06
41850.056 8.486360767800333e-07
41900.056 9.937285232899512e-07
41950.056 9.434991526701542e-07
42000.056 9.021601113701259e-07
42050.056 8.11874640899907e-07
42100.056 9.171770553800592e-07
42150.056 7.179801813699012e-07
42200.056 7.281370263400089e-07
42250.056 7.720662405699404e-07
42300.056 6.916941734100226e-07
42350.056 7.706510618501174e-07
42400.056 7.071975388601051e-07
42450.056 6.673448713800128e-07
42500.056 6.848368444399697e-07
42550.056 6.733670904799548e-07
42600.056 6.845652971200814e-07
42650.056 6.956616695598745e-07
42700.056 6.951311917700882e-07
42750.056 6.599443564099489e-07
42800.056 6.68550625360144e-07
42850.056 7.464822710098251e-07
42900.056 7.430967607800553e-07
42950.056 6.82446972439786e-07
43000.056 7.167059576899697e-07
43050.056 6.135760482602171e-07
43100.056 6.994012205400179e-07
43150.056 6.982444509600923e-07
43200.056 7.167305070300537e-07
43250.056 7.25426446799895e-07
43300.056 7.416235207900222e-07
43350.056 6.417584930098924e-07
43400.056 6.957319368699914e-07
43450.056 6.620622697300935e-07
43500.056 6.706638068599616e-07
43550.056 6.752589670500474e-07
43600.056 7.380941341300248e-07
43650.056 6.463503570300251e-07
43700.056 7.160974201499072e-07
43750.056 6.895811678301216e-07
43800.056 6.645376758799741e-07
43850.056 6.609665696000996e-07
43900.056 6.908244712899192e-07
43950.056 6.161710718399925e-07
44000.056 5.771787168500467e-07
44050.056 6.582508923600208e-07
44100.056 7.04824787370056e-07
44150.056 7.058449787499408e-07
44200.056 6.733298133900038e-07
44250.056 6.308601131600068e-07
44300.056 6.086708092100797e-07
44350.056 6.146623780500572e-07
44400.056 6.271194136299656e-07
44450.056 6.485873361000087e-07
44500.056 6.498615856200822e-07
44550.056 6.624261734299345e-07
44600.056 6.245975385700558e-07
44650.056 6.626472165000476e-07
44700.056 5.873127901799953e-07
44750.056 6.39005375779988e-07
44800.056 6.301286620400025e-07
44850.056 6.375340622900801e-07
44900.056 5.828899418000481e-07
44950.056 5.941593476500341e-07
45000.056 6.181659141499862e-07
45050.056 6.217696055099838e-07
45100.056 6.43648727570004e-07
45150.056 5.994722071499917e-07
45200.056 5.448420546700322e-07
45250.056 5.791021368699273e-07
45300.056 6.026236669200271e-07
45350.056 6.038949975199396e-07
45400.056 6.092377162300474e-07
45450.056 5.798690786799286e-07
45500.056 5.951761715199691e-07
45550.056 6.434241646499413e-07
45600.056 6.101844536600106e-07
45650.056 5.453721495699112e-07
45700.056 6.037305274300581e-07
45750.056 5.588204852900066e-07
45800.056 5.840576067299837e-07
45850.056 6.701167590399839e-07
45900.056 6.595450592500214e-07
45950.056 5.709282593800097e-07
46000.056 6.556511410700264e-07
46050.056 6.453554465300848e-07
46100.056 5.917402141200045e-07
46150.056 6.038520001799661e-07
46200.056 6.196583750101101e-07
46250.056 5.29606476429966e-07
46300.056 6.590564393399679e-07
46350.056 6.034237296999896e-07
46400.056 6.226748940399965e-07
46450.056 6.367476828900315e-07
46500.056 5.764970844900253e-07
46550.056 6.507253020500006e-07
46600.056 6.444764715000154e-07
46650.056 7.93664856859921e-07
46700.056 7.306331601501401e-07
46750.056 5.871032353300406e-07
46800.056 5.77695820610044e-07
46850.056 7.220328487300875e-07
46900.056 6.759031771399224e-07
46950.056 7.408958806300032e-07
47000.056 6.190437079900196e-07
47050.056 7.230414691798813e-07
47100.056 5.466239934400618e-07
47150.056 6.180923096700418e-07
47200.056 6.87823200870057e-07
47250.056 5.96021148959982e-07
47300.056 5.706625731649482e-07
47350.056 6.102623279399716e-07
47400.056 6.980247809299447e-07
47450.056 6.019963976900111e-07
47500.056 7.053394553799539e-07
47550.056 6.078071844599776e-07
47600.056 6.780001024699404e-07
47650.056 5.539116870898967e-07
47700.056 6.807454043601038e-07
47750.056 4.991457983500392e-07
47800.056 6.423963454699829e-07
47850.056 4.93572987279971e-07
47900.056 6.157615008199605e-07
47950.056 5.613087484300276e-07
48000.056 7.361509669200129e-07
48050.056 6.197049642300362e-07
48100.056 6.04839096809997e-07
48150.056 5.859241885700641e-07
48200.056 6.477131644200214e-07
48250.056 5.711283039400122e-07
48300.056 7.344585850798949e-07
48350.056 5.280835141200048e-07
48400.056 5.520155207799532e-07
48450.056 5.633851209900627e-07
48500.056 7.227724687899618e-07
48550.056 5.369573157599979e-07
48600.056 6.816142535699895e-07
48650.056 5.774373325699774e-07
48700.056 6.788270847900305e-07
48750.056 4.799267635100807e-07
48800.056 7.400284354600211e-07
48850.056 5.266569745798851e-07
48900.056 7.194788189800241e-07
48950.056 6.154573092900193e-07
49000.056 5.296755664839436e-07
49050.056 6.850064660899634e-07
49100.056 6.185714356800602e-07
49150.056 6.434595925899723e-07
49200.056 6.242548050400061e-07
49250.056 6.685090307100529e-07
49300.056 5.839456877799767e-07
49350.056 5.504372175300441e-07
49400.056 6.569601524899642e-07
49450.056 6.084327313601523e-07
49500.056 5.85195261559982e-07
49550.056 4.807558345099997e-07
49600.056 5.806768299260853e-07
49650.056 6.003296639699514e-07
49700.056 5.569125076398968e-07
49750.056 7.592501297899151e-07
49800.056 5.79664977156008e-07
49850.056 7.542790450500871e-07
49900.056 6.220291293899988e-07
49950.056 6.208172216099492e-07
50000.056 6.321587213799267e-07
50050.056 6.498846274700003e-07
50100.056 6.666310481399756e-07
50150.056 5.240667279599951e-07
50200.056 4.256577715600334e-07
50250.056 6.461191489999693e-07
50300.056 5.726482489800025e-07
50350.056 7.332329716500311e-07
50400.056 6.054830624199452e-07
50450.056 5.681202230260647e-07
50500.056 7.114464477300644e-07
50550.056 6.252687390000281e-07
50600.056 6.123288465999214e-07
50650.056 6.464936800600872e-07
50700.056 7.289816627698914e-07
50750.056 6.953510758400862e-07
50800.056 4.799528951299279e-07
50850.056 5.493651268300865e-07
50900.056 7.255523152299664e-07
50950.056 6.451655767501115e-07
51000.056 7.546566819600658e-07
51050.056 6.177816070000075e-07
51100.056 4.904076232499442e-07
51150.056 6.122527460959752e-07
51200.056 7.241994006999714e-07
51250.056 6.412178253599712e-07
51300.056 5.240663311601549e-07
51350.056 6.056171312199547e-07
51400.056 4.7601435212996286e-07
51450.056 4.083534813959247e-07
51500.056 4.841325296420901e-07
51550.056 7.259910696700583e-07
51600.056 5.26816158733032e-07
51650.056 5.708716889099245e-07
51700.056 6.053634105128684e-07
51750.056 4.975017830350111e-07
51800.056 6.609697307898339e-07
51850.056 6.21444089439959e-07
51900.056 7.572752078200953e-07
51950.056 6.487827083199529e-07
52000.056 4.235863716499688e-07
52050.056 5.799362191599974e-07
52100.056 4.980940986199788e-07
52150.056 4.77261318990016e-07
52200.056 4.755036674269768e-07
52250.056 5.469387136500183e-07
52300.056 7.22645711519965e-07
52350.056 6.268150739220202e-07
52400.056 4.595721343480564e-07
52450.056 5.977366792600324e-07
52500.056 6.587596077598966e-07
52550.056 6.481158513199021e-07
52600.056 5.85155433340073e-07
52650.056 6.179931939801066e-07
52700.056 5.41665566140011e-07
52750.056 4.428328684599824e-07
52800.056 5.015051168100392e-07
52850.056 5.124190826798975e-07
52900.056 5.295162719839834e-07
52950.056 5.39723962099984e-07
53000.056 6.592205604900231e-07
53050.056 4.676313428698685e-07
53100.056 5.39123243299951e-07
53150.056 7.230253987500309e-07
53200.056 4.1659663957198965e-07
53250.056 6.57539599200028e-07
53300.056 6.509926832902704e-07
53350.056 6.502181324499557e-07
53400.056 6.501056349300208e-07
53450.056 4.763409106000137e-07
53500.056 3.6306561332592817e-07
53550.056 4.935435363299378e-07
53600.056 5.842944606100981e-07
53650.056 4.6371266182999174e-07
