galfind/configs/Brown_Dwarf_templates/sonora_bobcat/m+0.5/3160g/sp_t425g3160nc_m+0.5_resample.dat
# %ECSV 1.0
# ---
# datatype:
# - {name: wav, unit: Angstrom, datatype: float64}
# - {name: flux_nu, unit: erg / (cm2 Hz s), datatype: float64}
# meta: {C/O: '1.00', Kzz: '1.0000E+05', Teff: '425.', Y: '0.28', '[Fe/H]': '0.50', f_hole: '1.00', f_rain: '0.00', grav: '3160.'}
# schema: astropy-2.0
wav flux_nu
4000.0559999999996 nan
4050.0559999999996 3.450016759953069e-17
4100.056 1.009250430990015e-15
4150.056 5.866865504500051e-15
4200.056 7.130552072520039e-15
4250.056 4.123556521000032e-14
4300.056 8.98457920140004e-14
4350.056 1.5945480061000055e-13
4400.056 2.610276389200009e-13
4450.056 4.0395425108000136e-13
4500.056 6.010361328700017e-13
4550.056 7.386133900999986e-13
4600.056 4.254255592099993e-13
4650.056 3.1119298284999895e-13
4700.056 1.8977161471999888e-13
4750.056 9.21931922299994e-14
4800.056 5.1947737992999774e-14
4850.056 3.325086744299988e-14
4900.056 2.5345266258999946e-14
4950.056 2.0469652167999952e-14
5000.056 1.5164024858999948e-14
5050.056 1.1867108851000003e-14
5100.056 1.2266585829000021e-14
5150.056 1.3142567840000008e-14
5200.056 1.4312034746000014e-14
5250.056 1.5412345286000014e-14
5300.056 1.6533268306000015e-14
5350.056 1.7764195807000014e-14
5400.056 1.8913398597000014e-14
5450.056 2.0248854905000028e-14
5500.056 2.1697342013000015e-14
5550.056 2.315145546100001e-14
5600.056 2.442101976600001e-14
5650.056 2.5362234535000004e-14
5700.056 2.5234486682000012e-14
5750.056 2.450904453499998e-14
5800.056 2.1799844596999945e-14
5850.056 1.5661437803199837e-14
5900.056 5.245610120284175e-15
5950.056 2.8408251441000457e-14
6000.056 5.698903416900031e-14
6050.056 1.013995614730007e-13
6100.056 1.6353157370000111e-13
6150.056 2.484737828500014e-13
6200.056 3.644252481900017e-13
6250.056 5.09912144690002e-13
6300.056 7.114285750800028e-13
6350.056 9.735386895100038e-13
6400.056 1.3143957728000056e-12
6450.056 1.6925477987000005e-12
6500.056 2.2435267538000152e-12
6550.056 2.9897591794999957e-12
6600.056 3.935627394100033e-12
6650.056 5.1592677400000225e-12
6700.056 6.220791340600021e-12
6750.056 8.128994368700028e-12
6800.056 9.337613733700016e-12
6850.056 9.307810002099988e-12
6900.056 7.740198123999977e-12
6950.056 6.109513121900001e-12
7000.056 6.053019320899953e-12
7050.056 6.183403713099988e-12
7100.056 6.712814928899988e-12
7150.056 5.851982040599905e-12
7200.056 5.0506608265200065e-12
7250.056 5.280191771499786e-12
7300.056 5.084936549620177e-12
7350.056 5.626922105799994e-12
7400.056 6.100702685200042e-12
7450.056 6.7220034259000616e-12
7500.056 7.1349256332e-12
7550.056 7.3386958883e-12
7600.056 7.254089705899989e-12
7650.056 3.93765984206993e-12
7700.056 3.936306347300058e-12
7750.056 8.043311522400083e-12
7800.056 1.1059315324500065e-11
7850.056 1.4676507407999985e-11
7900.056 1.8979178187000068e-11
7950.056 2.2009810112000113e-11
8000.056 3.0529909880000175e-11
8050.056 3.7953088152000235e-11
8100.056 3.733590576999944e-11
8150.056 3.436576334160099e-11
8200.056 5.7293976018401264e-11
8250.056 6.342118749526004e-11
8300.056 7.64426837242001e-11
8350.056 9.131118080700004e-11
8400.056 1.139160241170011e-10
8450.056 1.5031309191200065e-10
8500.056 1.800496163699999e-10
8550.056 2.2067415437000293e-10
8600.056 2.6682396353000156e-10
8650.056 3.074074469400017e-10
8700.056 3.372878745200018e-10
8750.056 3.764522816900019e-10
8800.056 3.990370002299998e-10
8850.056 3.660356174299935e-10
8900.056 1.5166036374799237e-10
8950.056 1.1083637950280219e-10
9000.056 1.075042906558948e-10
9050.056 3.025736249700011e-10
9100.056 3.243186707530212e-10
9150.056 3.528819925637975e-10
9200.056 4.847115257280269e-10
9250.056 3.924007442239785e-10
9300.056 1.114053628150825e-11
9350.056 2.1706884097676798e-11
9400.056 1.3684891862360043e-10
9450.056 7.965686659803883e-11
9500.056 6.637216385867303e-11
9550.056 6.57558169641674e-11
9600.056 8.524008589805142e-11
9650.056 1.546651890497437e-10
9700.056 4.138535184843798e-10
9750.056 4.096830621180476e-10
9800.056 5.319620088449901e-10
9850.056 6.989981647779901e-10
9900.056 9.867176414400376e-10
9950.056 1.1105735133900229e-09
10000.056 1.067864780147003e-09
10050.056 1.4408621811000043e-09
10100.056 1.5514668643000094e-09
10150.056 1.3550643416599887e-09
10200.056 1.0592843954000445e-09
10250.056 1.3188532970000168e-09
10300.056 1.851118561859926e-09
10350.056 1.4389014768200574e-09
10400.056 2.2294250049600313e-09
10450.056 2.872218785699868e-09
10500.056 3.515177788000015e-09
10550.056 4.3591368898000286e-09
10600.056 4.862000928600031e-09
10650.056 5.107442532000003e-09
10700.056 4.93811728649999e-09
10750.056 5.055694156499968e-09
10800.056 4.910507823300039e-09
10850.056 4.478440148300002e-09
10900.056 3.4850404869998963e-09
10950.056 1.7481904169799646e-09
11000.056 8.375121186559253e-10
11050.056 3.0311846776589796e-10
11100.056 1.0144391617851431e-10
11150.056 2.954560589708772e-11
11200.056 2.257378151758929e-11
11250.056 3.719653943889212e-11
11300.056 5.954715152675745e-11
11350.056 1.6590082947411344e-11
11400.056 1.1968730062170512e-10
11450.056 4.819488739462031e-11
11500.056 5.273163996683836e-11
11550.056 1.3231586208988353e-11
11600.056 6.349446997750146e-12
11650.056 3.0520454751563146e-11
11700.056 4.507212230419015e-11
11750.056 1.6984240518071086e-11
11800.056 9.695305477719714e-11
11850.056 1.438615617634022e-10
11900.056 1.8183439908299738e-10
11950.056 2.782957251080129e-10
12000.056 4.2352001600702717e-10
12050.056 6.615563362700115e-10
12100.056 8.235841675299966e-10
12150.056 1.1745476389500043e-09
12200.056 1.3709557039700032e-09
12250.056 1.9693953172799746e-09
12300.056 2.9990424308601168e-09
12350.056 3.527161804440033e-09
12400.056 5.019595004100013e-09
12450.056 6.841592460200077e-09
12500.056 7.912263257100057e-09
12550.056 9.122088960100102e-09
12600.056 1.1069592803000181e-08
12650.056 1.2798945759300034e-08
12700.056 1.2952197881099887e-08
12750.056 9.556812951700008e-09
12800.056 6.784969116699809e-09
12850.056 4.001086193499837e-09
12900.056 2.888148950889941e-09
12950.056 2.1861444776100553e-09
13000.056 2.4086365552301784e-09
13050.056 1.5019028012039643e-09
13100.056 1.5066155873028756e-09
13150.056 8.219240966866846e-10
13200.056 8.804332007059136e-10
13250.056 6.641924917742236e-10
13300.056 2.2220724354525124e-10
13350.056 7.90921450217991e-11
13400.056 1.3401596214935193e-11
13450.056 2.6215757070326243e-12
13500.056 7.0439254502955e-13
13550.056 1.2121785800287997e-13
13600.056 2.8036962909944214e-14
13650.056 2.372001637787847e-13
13700.056 1.1152964984825027e-13
13750.056 7.135722264635396e-13
13800.056 7.52061510043712e-13
13850.056 1.8100999806129398e-13
13900.056 4.0898343511591356e-13
13950.056 3.7156319911510997e-13
14000.056 6.769799201553506e-13
14050.056 9.039203737584574e-13
14100.056 7.456115976003436e-13
14150.056 2.1215930178228723e-12
14200.056 1.3881251949142045e-12
14250.056 2.1608605334758645e-12
14300.056 9.415281298392936e-12
14350.056 6.649581805326196e-12
14400.056 6.438712300043231e-12
14450.056 1.587423179059056e-11
14500.056 3.669447466976326e-11
14550.056 4.289156367901801e-11
14600.056 8.546529200324652e-11
14650.056 3.272066268072096e-11
14700.056 1.350976670921586e-11
14750.056 7.2197270888021324e-12
14800.056 7.860207184078765e-12
14850.056 8.382942069570027e-12
14900.056 8.294581590674905e-12
14950.056 6.480919848088103e-12
15000.056 2.141721644567007e-11
15050.056 2.730012919395552e-11
15100.056 1.1098446508059192e-11
15150.056 4.321190681867911e-12
15200.056 1.7964932884727564e-11
15250.056 4.1691996766784656e-11
15300.056 5.97486780167546e-11
15350.056 7.793407579427859e-11
15400.056 1.0208886108740285e-10
15450.056 1.5321060300290981e-10
15500.056 2.207060044654739e-10
15550.056 4.320019728730761e-10
15600.056 7.812399874069408e-10
15650.056 1.4662966204601674e-09
15700.056 2.5688573110000584e-09
15750.056 3.3952355522000864e-09
15800.056 4.435733073300007e-09
15850.056 5.615991107700233e-09
15900.056 6.1093405746999924e-09
15950.056 6.577518094899984e-09
16000.056 5.574267445199925e-09
16050.056 3.682633070399864e-09
16100.056 2.0946296730299744e-09
16150.056 1.0262711851819074e-09
16200.056 4.1304373896602213e-10
16250.056 2.2061767259857316e-10
16300.056 1.2474365087204376e-10
16350.056 1.5145556415169155e-10
16400.056 1.766152653724335e-10
16450.056 1.9863920235875256e-10
16500.056 1.685491968141372e-10
16550.056 1.855108184275415e-10
16600.056 4.0332407353293704e-10
16650.056 2.335127234237311e-10
16700.056 3.299459579090514e-11
16750.056 1.421248070847247e-10
16800.056 2.223667166073689e-10
16850.056 2.2602687678525964e-10
16900.056 9.986933742980604e-11
16950.056 6.644069474654087e-11
17000.056 3.412458324694978e-11
17050.056 7.401416677553076e-11
17100.056 1.4302468206437868e-10
17150.056 8.861212948690548e-11
17200.056 2.9469609013248795e-10
17250.056 1.1145186498863057e-10
17300.056 8.412011814157343e-11
17350.056 1.0236455014518511e-10
17400.056 1.8287505579597139e-10
17450.056 2.367805710896761e-10
17500.056 3.278930628945374e-10
17550.056 2.4395517311106443e-10
17600.056 2.2044613000502755e-10
17650.056 1.4375646625468241e-10
17700.056 1.2183500527856917e-10
17750.056 8.109618894467054e-11
17800.056 1.6820071001685149e-10
17850.056 7.52138740367119e-11
17900.056 5.079934056162201e-11
17950.056 2.6693961900079212e-11
18000.056 5.993938815953274e-11
18050.056 1.9065785480602626e-11
18100.056 2.2891234678757737e-11
18150.056 1.6095728226808052e-11
18200.056 1.0298044234892581e-11
18250.056 4.970990467326122e-11
18300.056 4.994595221780959e-12
18350.056 4.7808562292520865e-12
18400.056 2.582840838780851e-12
18450.056 2.5590377197498868e-11
18500.056 2.529713533931884e-11
18550.056 8.821441781598445e-12
18600.056 1.4448249188740686e-11
18650.056 8.509071885891904e-12
18700.056 9.93508792079721e-13
18750.056 2.862804776692135e-12
18800.056 5.078598333959186e-11
18850.056 4.4366507145111116e-11
18900.056 4.1648445617758845e-11
18950.056 8.185273387362436e-11
19000.056 1.0990406652671656e-11
19050.056 4.208319791133951e-12
19100.056 1.6723305581416027e-11
19150.056 5.436125210478176e-12
19200.056 1.3763232867850774e-11
19250.056 8.26190519946135e-12
19300.056 4.4024985865350654e-12
19350.056 4.74344344582363e-12
19400.056 3.1718638455073607e-12
19450.056 5.4351415320382345e-12
19500.056 5.013039731485607e-12
19550.056 1.072330452719886e-11
19600.056 2.412684430688171e-11
19650.056 1.82476945406026e-11
19700.056 3.101501362920416e-11
19750.056 4.816389735149444e-11
19800.056 2.6049440569042614e-11
19850.056 3.6003159382499857e-11
19900.056 5.904613448374226e-11
19950.056 9.600146467997522e-11
20000.056 1.149580353989685e-10
20050.056 8.243658729318037e-11
20100.056 1.5174992869372616e-10
20150.056 9.715593246887594e-11
20200.056 5.782450881399096e-11
20250.056 1.4278201591845876e-10
20300.056 1.7587601620802555e-10
20350.056 1.9880835393370758e-10
20400.056 1.6704058786379148e-10
20450.056 3.626121762430947e-10
20500.056 4.2948958596397927e-10
20550.056 5.004648377179917e-10
20600.056 5.753596551400614e-10
20650.056 7.231624999899764e-10
20700.056 8.35465474299985e-10
20750.056 9.295749956199933e-10
20800.056 9.305713485199334e-10
20850.056 1.1148238731900185e-09
20900.056 1.1778584560399924e-09
20950.056 1.1632454337700156e-09
21000.056 1.1467619565500047e-09
21050.056 1.220779230729984e-09
21100.056 1.1794028045599993e-09
21150.056 1.1707103461399779e-09
21200.056 1.1074716195900128e-09
21250.056 1.0324107993899384e-09
21300.056 8.990361114200174e-10
21350.056 8.516020685439659e-10
21400.056 8.39886093036043e-10
21450.056 6.492240719050299e-10
21500.056 5.50631994193503e-10
21550.056 5.024159397803257e-10
21600.056 4.3519566255660606e-10
21650.056 3.0678680201311183e-10
21700.056 2.7212280532768524e-10
21750.056 2.3619604445627323e-10
21800.056 1.4371831664194678e-10
21850.056 1.258739415803667e-10
21900.056 8.226545306908785e-11
21950.056 3.323402453073217e-11
22000.056 3.2497125698416207e-12
22050.056 6.600561055782263e-12
22100.056 2.784518378404642e-11
22150.056 1.7742849276412694e-11
22200.056 1.7491997361233814e-11
22250.056 1.4276912372438278e-11
22300.056 5.526899898047652e-12
22350.056 8.256052878579972e-12
22400.056 2.2702117355099853e-12
22450.056 4.899993833920105e-12
22500.056 3.3781052312550155e-12
22550.056 1.4738066919476004e-12
22600.056 1.1210954267556128e-12
22650.056 2.0470747616022263e-12
22700.056 2.1890613426735514e-12
22750.056 4.196877578415007e-12
22800.056 4.829873760493954e-12
22850.056 2.921679591066466e-12
22900.056 2.1125869206423926e-12
22950.056 1.4913588353511647e-12
23000.056 1.911095667703626e-12
23050.056 2.1310219136814722e-12
23100.056 2.616995768323623e-11
23150.056 2.3870550147781156e-11
23200.056 4.681460464174882e-13
23250.056 3.590665372296928e-12
23300.056 2.7172422056658034e-12
23350.056 3.5677377065297684e-12
23400.056 2.44776556938386e-12
23450.056 1.2805870282645878e-12
23500.056 1.4076997058773509e-12
23550.056 4.2072047850484726e-12
23600.056 1.2187116985342442e-11
23650.056 1.4332780648560382e-11
23700.056 1.5115175458573735e-12
23750.056 2.0997062802879496e-12
23800.056 1.7509310768326106e-11
23850.056 8.369333989349096e-12
23900.056 2.3695440750645653e-11
23950.056 8.534177420691861e-12
24000.056 2.870233526562102e-11
24050.056 2.84060000719063e-11
24100.056 4.040687530617097e-11
24150.056 6.237133552505001e-11
24200.056 3.8891519694914205e-11
24250.056 2.8010032465370282e-11
24300.056 7.567871694512106e-11
24350.056 4.761809701389576e-11
24400.056 1.406607043191384e-10
24450.056 1.3466577326687547e-10
24500.056 1.0427286201122574e-10
24550.056 2.224900192326826e-10
24600.056 2.424081282611753e-10
24650.056 3.5237327968368704e-10
24700.056 2.0743246495865883e-10
24750.056 2.7133600370764166e-10
24800.056 2.00342509225822e-10
24850.056 3.4657898792928853e-10
24900.056 1.0110427381967268e-10
24950.056 2.3321170002698484e-10
25000.056 2.4013783779689135e-10
25050.056 1.0079545306729315e-10
25100.056 1.983277452811081e-10
25150.056 7.282455149284996e-11
25200.056 1.084892488346311e-10
25250.056 2.931769356277287e-11
25300.056 4.135334031572266e-11
25350.056 1.5506739565280856e-11
25400.056 4.779895137911975e-11
25450.056 1.09551115794163e-11
25500.056 8.50709292358834e-12
25550.056 2.79111841529228e-11
25600.056 1.2951332696704094e-11
25650.056 3.995380327196945e-12
25700.056 3.1559991572713403e-12
25750.056 7.366816541373698e-13
25800.056 5.655937916376142e-12
25850.056 7.11944995976572e-13
25900.056 1.1353995971877535e-12
25950.056 1.5335232630223099e-13
26000.056 4.344870755067923e-12
26050.056 2.551286042620944e-13
26100.056 2.101250124234207e-12
26150.056 6.201018736153461e-13
26200.056 9.95466640861594e-13
26250.056 1.1991894340173671e-11
26300.056 1.1537206004152772e-12
26350.056 3.4943407227526044e-11
26400.056 6.14820980943189e-11
26450.056 2.3609405797751474e-11
26500.056 8.221397918978498e-11
26550.056 4.361915407015145e-12
26600.056 4.033319427035702e-12
26650.056 3.5728276675959696e-13
26700.056 2.0218224443310102e-13
26750.056 4.0405760335462524e-13
26800.056 2.162946412659813e-12
26850.056 1.0696628592175199e-12
26900.056 7.432022568623925e-12
26950.056 1.8586323677276085e-12
27000.056 1.3928933356809022e-11
27050.056 2.2803032543135114e-11
27100.056 8.191922624854621e-13
27150.056 2.2391069573905544e-11
27200.056 7.807809021264347e-13
27250.056 4.749960910646041e-12
27300.056 7.317087788642918e-11
27350.056 1.459101642454204e-11
27400.056 4.379405805547004e-13
27450.056 2.2242702739520833e-11
27500.056 3.2893783493777455e-11
27550.056 2.7127116396356634e-12
27600.056 1.1562889102484236e-11
27650.056 2.0371949460960033e-12
27700.056 2.240520458962247e-12
27750.056 2.2009628663893572e-11
27800.056 5.6776712389711e-12
27850.056 1.2409843914232986e-11
27900.056 1.6938084416286557e-11
27950.056 3.896696481530404e-11
28000.056 3.8255774139802625e-11
28050.056 2.8118591157006966e-12
28100.056 5.093166212058195e-11
28150.056 3.2448742407821574e-11
28200.056 5.9406191984657865e-12
28250.056 6.991212499170274e-11
28300.056 6.717189474366243e-11
28350.056 7.413281516888425e-12
28400.056 4.224781810972362e-11
28450.056 8.946311306080751e-11
28500.056 3.9829156345734545e-11
28550.056 6.5249348314651695e-12
28600.056 7.936869221091529e-11
28650.056 3.874645752018338e-11
28700.056 7.673004852617144e-11
28750.056 1.5638776016527608e-10
28800.056 4.4895711028469257e-11
28850.056 1.4467479771275e-10
