galfind/configs/Brown_Dwarf_templates/sonora_bobcat/m+0.5/3160g/sp_t850g3160nc_m+0.5_resample.dat
# %ECSV 1.0
# ---
# datatype:
# - {name: wav, unit: Angstrom, datatype: float64}
# - {name: flux_nu, unit: erg / (cm2 Hz s), datatype: float64}
# meta: {C/O: '1.00', Kzz: '1.0000E+05', Teff: '850.', Y: '0.28', '[Fe/H]': '0.50', f_hole: '1.00', f_rain: '0.00', grav: '3160.'}
# schema: astropy-2.0
wav flux_nu
[from data line 498]
28900.056 1.5937539187634837e-08
28950.056 3.364264304128413e-08
29000.056 2.7913978145830374e-08
29050.056 3.2538720535766075e-08
29100.056 2.282496821923247e-08
29150.056 4.334165838679893e-08
29200.056 2.890455903061416e-08
29250.056 4.1760869477877374e-08
29300.056 2.2500751430155135e-08
29350.056 7.08421185214807e-08
29400.056 3.220652461502883e-08
29450.056 3.56111955610767e-08
29500.056 4.5214617228363635e-08
29550.056 3.60782481168773e-08
29600.056 4.3465101130160696e-08
29650.056 5.03048140262105e-08
29700.056 3.40047959124589e-08
29750.056 5.067249568425698e-08
29800.056 5.066039230321896e-08
29850.056 5.7123014330453e-08
29900.056 5.578564198578872e-08
29950.056 5.1469317701405545e-08
30000.056 1.2750536547837435e-08
30050.056 2.1725383984000822e-08
30100.056 2.9276587941914847e-08
30150.056 5.425188209579652e-08
30200.056 4.4152467623920886e-08
30250.056 7.60697656796073e-08
30300.056 6.62092740852029e-08
30350.056 5.1991817819551616e-08
30400.056 7.494711888931448e-08
30450.056 4.924646906513519e-08
30500.056 4.725594163277976e-08
30550.056 4.7167610411817206e-08
30600.056 6.870864579100421e-08
30650.056 4.850399964119952e-08
30700.056 4.363803283397144e-08
30750.056 5.1571482549082187e-08
30800.056 4.4593644087509635e-08
30850.056 4.1813505431188565e-08
30900.056 3.4156966775301e-08
30950.056 3.1424835141246776e-08
31000.056 3.179637425800497e-08
31050.056 3.438333719919846e-08
31100.056 2.3214353726180184e-08
31150.056 3.202046377472788e-08
31200.056 3.912398590400817e-08
31250.056 2.5485248518628168e-08
31300.056 2.3275993358025452e-08
31350.056 2.5710490496743095e-08
31400.056 1.923069828242143e-08
31450.056 2.303009352039483e-08
31500.056 1.4761771576557384e-08
31550.056 1.8318310400869107e-08
31600.056 1.4159278681932401e-08
31650.056 1.2594711756596548e-08
31700.056 1.4079401288800263e-08
31750.056 9.59300913351773e-09
31800.056 1.4937709475398775e-08
31850.056 8.513814090985463e-09
31900.056 1.2511396334441203e-08
31950.056 7.532409669609552e-09
32000.056 1.0457464329143232e-08
32050.056 1.063509787612803e-08
32100.056 9.478603587893043e-09
32150.056 1.1918360124529391e-08
32200.056 8.549405605224866e-09
32250.056 1.4233964985434333e-08
32300.056 7.805719773542764e-09
32350.056 1.5038076398560414e-08
32400.056 8.049752776940565e-09
32450.056 1.3479610441656907e-08
32500.056 1.0932607401735986e-08
32550.056 1.2344468259298828e-08
32600.056 1.3800572525860834e-08
32650.056 1.8578109175264452e-08
32700.056 1.6292523967944488e-08
32750.056 2.2430887718643747e-08
32800.056 2.212427172567977e-08
32850.056 2.5731984536998623e-08
32900.056 2.7123639197457577e-08
32950.056 2.8288659378419255e-08
33000.056 2.2555579682665352e-08
33050.056 2.2988966176205297e-08
33100.056 1.076470795916609e-08
33150.056 1.015773360163138e-09
33200.056 1.5195245251799444e-09
33250.056 1.1903857020696685e-09
33300.056 2.0080077993505636e-09
33350.056 4.10065975669017e-09
33400.056 6.823113711698339e-09
33450.056 9.182908971221277e-09
33500.056 1.662409910120676e-08
33550.056 1.1965384450099173e-08
33600.056 1.9737490016618033e-08
33650.056 2.0365978526101734e-08
33700.056 1.4587353956817444e-08
33750.056 2.5004362498033102e-08
33800.056 1.2908758606543524e-08
33850.056 1.935848003643699e-08
33900.056 1.5944016268069615e-08
33950.056 1.670600544885595e-08
34000.056 2.2408022628065836e-08
34050.056 1.0582321092868876e-08
34100.056 2.099767650992376e-08
34150.056 1.3650851551320707e-08
34200.056 1.883286261056194e-08
34250.056 1.762628436439395e-08
34300.056 1.3950614641758152e-08
34350.056 1.7114974630701738e-08
34400.056 1.1891751296235546e-08
34450.056 1.9956532005993398e-08
34500.056 1.6642206851181212e-08
34550.056 1.0751018982480153e-08
34600.056 2.4173241786700268e-08
34650.056 1.2502716175720265e-08
34700.056 1.9849911616400656e-08
34750.056 1.8058456160393416e-08
34800.056 1.4182794338188208e-08
34850.056 2.3175007439402113e-08
34900.056 1.7985077439040738e-08
34950.056 2.187111993929586e-08
35000.056 3.423041234665318e-08
35050.056 1.8886601434384347e-08
35100.056 3.045197276320156e-08
35150.056 2.9888707871695304e-08
35200.056 2.759680037453944e-08
35250.056 4.007518584118696e-08
35300.056 2.4573320536923624e-08
35350.056 2.9565937247424072e-08
35400.056 3.298040373629604e-08
35450.056 2.2282556766010916e-08
35500.056 4.68149375708931e-08
35550.056 3.7807659012198794e-08
35600.056 3.720249173941594e-08
35650.056 4.2477206538526855e-08
35700.056 3.5082534796823733e-08
35750.056 4.9642011639198216e-08
35800.056 5.726215362720234e-08
35850.056 3.481951790283946e-08
35900.056 5.047243472000885e-08
35950.056 5.129993016719274e-08
36000.056 4.966447759100689e-08
36050.056 4.8576993983188365e-08
36100.056 4.550139384105866e-08
36150.056 5.7071919428590506e-08
36200.056 6.41333713357879e-08
36250.056 5.3555616819910446e-08
36300.056 7.389493344725628e-08
36350.056 6.621704839780519e-08
36400.056 7.19828087253904e-08
36450.056 7.434232908698951e-08
36500.056 7.842500260916075e-08
36550.056 9.238469981002298e-08
36600.056 1.043419837419889e-07
36650.056 9.018099051872829e-08
36700.056 9.375867071966498e-08
36750.056 1.0958816144202261e-07
36800.056 1.1132304604599624e-07
36850.056 9.69651967241823e-08
36900.056 1.0944074736119484e-07
36950.056 1.222854023449802e-07
37000.056 1.085153254319914e-07
37050.056 1.234434647320061e-07
37100.056 1.1463602442089744e-07
37150.056 1.135749555046092e-07
37200.056 1.3940085142999162e-07
37250.056 1.1684816957497506e-07
37300.056 1.0595539894846392e-07
37350.056 1.292986221720149e-07
37400.056 1.6811009128899586e-07
37450.056 1.1923221077899718e-07
37500.056 1.2534019063769173e-07
37550.056 1.6861477690705893e-07
37600.056 1.9284937044001742e-07
37650.056 1.2353651853601833e-07
37700.056 1.749827585110141e-07
37750.056 1.3582143245701585e-07
37800.056 1.5294001057704797e-07
37850.056 1.1334760098200286e-07
37900.056 1.290346021890285e-07
37950.056 1.5810789322938365e-07
38000.056 1.7288537876299383e-07
38050.056 1.761972893800348e-07
38100.056 1.9452083371901234e-07
38150.056 2.0231705414799345e-07
38200.056 2.024372889940174e-07
38250.056 1.918558764220099e-07
38300.056 2.481139560939582e-07
38350.056 2.4773410931803603e-07
38400.056 1.7349114959994837e-07
38450.056 1.706632344979501e-07
38500.056 1.3457197707503065e-07
38550.056 2.0109101262003757e-07
38600.056 1.93859710109973e-07
38650.056 2.1218467992498093e-07
38700.056 2.250015853799996e-07
38750.056 2.2444905623999677e-07
38800.056 2.0092349903496445e-07
38850.056 2.2380743586302136e-07
38900.056 2.5809751360197546e-07
38950.056 2.0893758755599433e-07
39000.056 2.409332973789795e-07
39050.056 2.278104346120344e-07
39100.056 2.3374227509799845e-07
39150.056 2.5915018512099466e-07
39200.056 2.3372904241898806e-07
39250.056 2.751479159789955e-07
39300.056 2.5016257474196685e-07
39350.056 2.996907275880147e-07
39400.056 2.5907653421902947e-07
39450.056 2.7803858160899933e-07
39500.056 2.8860104984801214e-07
39550.056 2.5666519840526046e-07
39600.056 2.9442693525996883e-07
39650.056 3.3279254400998617e-07
39700.056 3.0684275033002625e-07
39750.056 2.446967106980584e-07
39800.056 2.748751592449838e-07
39850.056 3.578638159500081e-07
39900.056 3.5265467373000093e-07
39950.056 3.1613395855998113e-07
40000.056 3.7135120169001624e-07
40050.056 3.4387455233000564e-07
40100.056 2.703031914354211e-07
40150.056 3.5983034576401635e-07
40200.056 3.723516752099427e-07
40250.056 3.6995984398993304e-07
40300.056 3.7001412522003433e-07
40350.056 3.3157467433196466e-07
40400.056 3.9967898249601006e-07
40450.056 3.3142065327500134e-07
40500.056 3.987214061999974e-07
40550.056 4.1718237019795017e-07
40600.056 3.892124784000189e-07
40650.056 3.652361553259458e-07
40700.056 4.947680665199818e-07
40750.056 3.8171002650994034e-07
40800.056 3.211712636598982e-07
40850.056 4.7674526755004833e-07
40900.056 4.643723252439987e-07
40950.056 3.9382755229601233e-07
41000.056 4.112084328799893e-07
41050.056 4.870870292899555e-07
41100.056 4.2403932819996566e-07
41150.056 3.1543524022397755e-07
41200.056 4.7225888284001066e-07
41250.056 4.2543232754997414e-07
41300.056 3.829601387999643e-07
41350.056 4.923404809200127e-07
41400.056 4.3572317314003234e-07
41450.056 4.729816739199933e-07
41500.056 3.763539138559648e-07
41550.056 3.545208109500694e-07
41600.056 4.2070831210764135e-07
41650.056 4.5152828413001727e-07
41700.056 4.080439098999436e-07
41750.056 4.0786650110997857e-07
41800.056 4.998355439500162e-07
41850.056 3.2766469743498504e-07
41900.056 3.8711426649193063e-07
41950.056 4.353745520500379e-07
42000.056 4.1964397912994316e-07
42050.056 3.5023062305000334e-07
42100.056 4.949272818699885e-07
42150.056 3.4821670824901736e-07
42200.056 3.4558554614498e-07
42250.056 3.759969102879882e-07
42300.056 3.4573775140199116e-07
42350.056 4.0883256374004784e-07
42400.056 4.1841547978003245e-07
42450.056 3.4674732557604084e-07
42500.056 3.544894934599922e-07
42550.056 3.290735903799941e-07
42600.056 3.723191221750583e-07
42650.056 4.729994860099292e-07
42700.056 3.6134627103592956e-07
42750.056 3.2585434565003946e-07
42800.056 3.82444908878027e-07
42850.056 4.299665051999142e-07
42900.056 4.591314846200505e-07
42950.056 3.501161244099369e-07
43000.056 4.101379733320053e-07
43050.056 2.5880529227908057e-07
43100.056 3.7078273962996844e-07
43150.056 3.276431635690235e-07
43200.056 3.766262723400111e-07
43250.056 5.035822113800287e-07
43300.056 4.812829560900181e-07
43350.056 2.8430403130093237e-07
43400.056 3.805120067760115e-07
43450.056 3.1087149962904925e-07
43500.056 3.448535364200149e-07
43550.056 3.423992347720151e-07
43600.056 4.3845731740203686e-07
43650.056 2.920624315390052e-07
43700.056 4.748075206000414e-07
43750.056 4.1569189483002296e-07
43800.056 3.878687706699581e-07
43850.056 3.5004612005505475e-07
43900.056 3.6563887236497185e-07
43950.056 2.6656762625596626e-07
44000.056 2.3828995437000677e-07
44050.056 4.1340574716001175e-07
44100.056 5.082449828100251e-07
44150.056 5.08284211049975e-07
44200.056 4.346565249300067e-07
44250.056 3.0305056029100015e-07
44300.056 2.5705042192004224e-07
44350.056 3.014937247320504e-07
44400.056 2.843314795649855e-07
44450.056 3.832292037900038e-07
44500.056 3.617065064920646e-07
44550.056 4.6297900723997177e-07
44600.056 4.086859925370192e-07
44650.056 4.017602547010059e-07
44700.056 2.9728705901797595e-07
44750.056 3.6694209122805816e-07
44800.056 3.315215914700366e-07
44850.056 4.263142540800411e-07
44900.056 3.3004120676201206e-07
44950.056 3.578189260040176e-07
45000.056 3.922271216400068e-07
45050.056 3.8494603217998134e-07
45100.056 3.871775015880171e-07
45150.056 3.7509217673098193e-07
45200.056 2.941825011160224e-07
45250.056 3.2934970375293696e-07
45300.056 3.0965682797603624e-07
45350.056 2.978077613579939e-07
45400.056 4.351317406100391e-07
45450.056 4.070977903700079e-07
45500.056 4.157195217990179e-07
45550.056 4.7084711400993154e-07
45600.056 4.5256223116003525e-07
45650.056 3.85175061733969e-07
45700.056 3.1299154707600104e-07
45750.056 2.9170236063900365e-07
45800.056 4.632303437700156e-07
45850.056 4.5573510998999276e-07
45900.056 4.806562066100182e-07
45950.056 3.8107500373998805e-07
46000.056 4.6183795758504064e-07
46050.056 3.873323356270053e-07
46100.056 4.775867762999738e-07
46150.056 3.540208516099887e-07
46200.056 3.3552165711600106e-07
46250.056 2.0811486245087496e-07
46300.056 3.805352744999966e-07
46350.056 3.776689200800284e-07
46400.056 3.765471976300184e-07
46450.056 3.3701519537900666e-07
46500.056 3.5761927102207024e-07
46550.056 2.652482909500084e-07
46600.056 3.3647355391596636e-07
46650.056 4.801210250870212e-07
46700.056 3.4724401712994813e-07
46750.056 2.3884232114502627e-07
46800.056 1.8863304368600753e-07
46850.056 4.6663680871005657e-07
46900.056 4.41854045849977e-07
46950.056 4.2391059221997003e-07
47000.056 3.9071757772804715e-07
47050.056 3.512976074458971e-07
47100.056 2.512753890020197e-07
47150.056 3.400317480740463e-07
47200.056 4.0146279100999235e-07
47250.056 2.766087136189725e-07
47300.056 2.0461763030101915e-07
47350.056 4.3785602949999696e-07
47400.056 4.063881072999713e-07
47450.056 3.6594266472404555e-07
47500.056 4.403765203799723e-07
47550.056 3.8140453235001163e-07
47600.056 3.961425579449688e-07
47650.056 3.589919466539557e-07
47700.056 3.374981193680836e-07
47750.056 2.588221959050042e-07
47800.056 2.545048279660204e-07
47850.056 1.7916022700101313e-07
47900.056 2.3017190518397829e-07
47950.056 3.5989486074001005e-07
48000.056 4.5492423883001957e-07
48050.056 4.0168311916198136e-07
48100.056 2.2535604836200823e-07
48150.056 3.123836645100123e-07
48200.056 2.748364983709951e-07
48250.056 3.032226084100034e-07
48300.056 4.396268269699689e-07
48350.056 2.803954994859918e-07
48400.056 1.4768292304797348e-07
48450.056 2.5956143120205016e-07
48500.056 3.3580001212994456e-07
48550.056 3.1742907104401747e-07
48600.056 3.4089921060001075e-07
48650.056 3.912980207399881e-07
48700.056 3.181728855820147e-07
48750.056 2.003160895770732e-07
48800.056 3.8557109579701865e-07
48850.056 2.5119477201195636e-07
48900.056 3.7263483275998287e-07
48950.056 2.471880184500082e-07
49000.056 1.5368216714079938e-07
49050.056 3.300250727299618e-07
49100.056 3.531247485530484e-07
49150.056 2.826438373104007e-07
49200.056 3.800055230600458e-07
49250.056 3.6463369868003206e-07
49300.056 3.158977664879892e-07
49350.056 1.8636519053303398e-07
49400.056 2.5981623214295195e-07
49450.056 2.6730396534656824e-07
49500.056 2.2284486014998254e-07
49550.056 1.1146061164600312e-07
49600.056 1.9496641930083049e-07
49650.056 2.490677851489814e-07
49700.056 2.56722217457938e-07
49750.056 3.174463780869751e-07
49800.056 2.4307283746059813e-07
49850.056 3.584421043900444e-07
49900.056 3.0342466196198905e-07
49950.056 2.70595269686993e-07
50000.056 2.587578390659848e-07
50050.056 3.1319343749998744e-07
50100.056 2.544843892719929e-07
50150.056 1.6433330109598381e-07
50200.056 7.885928972041735e-08
50250.056 2.1847853149998846e-07
50300.056 1.7173968891201613e-07
50350.056 2.9979789491403337e-07
50400.056 2.7678275412498723e-07
50450.056 2.074343013830003e-07
50500.056 2.9946360765002316e-07
50550.056 2.8214303715001214e-07
50600.056 2.1213417714194948e-07
50650.056 3.0550904969205237e-07
50700.056 3.317420052699641e-07
50750.056 2.385426419600238e-07
50800.056 1.396385614179793e-07
50850.056 1.2346502247803374e-07
50900.056 3.0877819191999503e-07
50950.056 2.448036543200083e-07
51000.056 2.509010110870172e-07
51050.056 2.635613349539782e-07
51100.056 1.336257000369817e-07
51150.056 1.7968889559921313e-07
51200.056 3.552864761999759e-07
51250.056 2.32152875385976e-07
51300.056 1.725835527300435e-07
51350.056 2.0570868000097733e-07
51400.056 1.193381047690089e-07
51450.056 9.981387719317793e-08
51500.056 9.99128241108288e-08
51550.056 2.2033298835001643e-07
51600.056 1.619521174440153e-07
51650.056 1.7984462406197644e-07
51700.056 2.0946092731667555e-07
51750.056 1.4902819756251082e-07
51800.056 2.302198513999527e-07
51850.056 1.9825556535699112e-07
51900.056 2.9166481441002133e-07
51950.056 2.1287576160998166e-07
52000.056 6.980648816298523e-08
52050.056 1.454069743170136e-07
52100.056 1.1252065712999428e-07
52150.056 9.15013013198093e-08
52200.056 1.2048975082539746e-07
52250.056 1.6241463426001975e-07
52300.056 2.529788505099931e-07
52350.056 1.4325182606879892e-07
52400.056 1.194047479130084e-07
52450.056 2.181363805200202e-07
52500.056 2.1628658629795055e-07
52550.056 2.0322565202998103e-07
52600.056 1.6884265814601035e-07
52650.056 1.7716472336902482e-07
52700.056 1.442596803220002e-07
52750.056 9.817385534119318e-08
52800.056 1.2539639783801594e-07
52850.056 1.4138352972296078e-07
52900.056 1.171217342674545e-07
52950.056 1.374375448470059e-07
53000.056 1.9114281810400525e-07
53050.056 1.0242664184597419e-07
53100.056 1.7735872616998949e-07
53150.056 2.3070948365001942e-07
53200.056 1.009300266154895e-07
53250.056 1.9643320061601684e-07
53300.056 2.1460139394609623e-07
53350.056 2.0190735369999662e-07
53400.056 1.8010162162999765e-07
