galfind/configs/Brown_Dwarf_templates/sonora_bobcat/m+0.5/3160g/sp_t700g3160nc_m+0.5_resample.dat
# %ECSV 1.0
# ---
# datatype:
# - {name: wav, unit: Angstrom, datatype: float64}
# - {name: flux_nu, unit: erg / (cm2 Hz s), datatype: float64}
# meta: {C/O: '1.00', Kzz: '1.0000E+05', Teff: '700.', Y: '0.28', '[Fe/H]': '0.50', f_hole: '1.00', f_rain: '0.00', grav: '3160.'}
# schema: astropy-2.0
wav flux_nu
4000.0559999999996 nan
4050.0559999999996 1.7359633588362001e-15
4100.056 2.306997745120045e-13
4150.056 2.0693393993500196e-12
4200.056 2.01725299361752e-12
4250.056 1.613940112530013e-11
4300.056 3.370621579500011e-11
4350.056 5.375799365500017e-11
4400.056 7.858536361200027e-11
4450.056 1.1108813648100034e-10
4500.056 1.4014108168000015e-10
4550.056 1.3199227904399922e-10
4600.056 2.356000258899986e-11
4650.056 1.0906494390299921e-11
4700.056 4.249828501099955e-12
4750.056 1.0343999263699859e-12
4800.056 2.875686557499973e-13
4850.056 1.2168423037099924e-13
4900.056 7.799360120799974e-14
4950.056 5.66212650779998e-14
5000.056 3.8031965285999826e-14
5050.056 2.7797979951999985e-14
5100.056 2.808364687700004e-14
5150.056 2.9519145456000023e-14
5200.056 3.106428351900002e-14
5250.056 3.2422921300000016e-14
5300.056 3.381516133700001e-14
5350.056 3.5474348165000027e-14
5400.056 3.732876088700003e-14
5450.056 3.924976484800006e-14
5500.056 4.112244645500005e-14
5550.056 4.2800813315000026e-14
5600.056 4.409236135e-14
5650.056 4.472166264699998e-14
5700.056 4.4179005544000004e-14
5750.056 4.177082645399995e-14
5800.056 3.6498351607999904e-14
5850.056 2.595452066199973e-14
5900.056 9.026275391055282e-15
5950.056 4.913308617100089e-14
6000.056 9.951584682800024e-14
6050.056 1.7427633796000168e-13
6100.056 2.80230143780002e-13
6150.056 4.2847996373000256e-13
6200.056 6.339486562700033e-13
6250.056 9.107496082000043e-13
6300.056 1.2891934384000057e-12
6350.056 1.796312338800008e-12
6400.056 2.4707855316000128e-12
6450.056 3.3327696574000046e-12
6500.056 4.478489512300019e-12
6550.056 5.966293076600013e-12
6600.056 7.868893887700064e-12
6650.056 1.0273624543100046e-11
6700.056 1.254698918570009e-11
6750.056 1.6388930934000052e-11
6800.056 1.9295459153000043e-11
6850.056 2.0209719486999994e-11
6900.056 1.8449627907000026e-11
6950.056 1.631523313099997e-11
7000.056 1.6136567329000013e-11
7050.056 1.717633089599993e-11
7100.056 1.857793100599998e-11
7150.056 1.863695894499984e-11
7200.056 1.8333999887000154e-11
7250.056 1.827697316619945e-11
7300.056 1.7389246942300455e-11
7350.056 1.698101578699991e-11
7400.056 1.646794259800019e-11
7450.056 1.5988661393000204e-11
7500.056 1.5262589550999972e-11
7550.056 1.4266167335999975e-11
7600.056 1.3041387761999957e-11
7650.056 5.836864061639861e-12
7700.056 5.339613185280119e-12
7750.056 1.3563224914500164e-11
7800.056 1.9821506152900074e-11
7850.056 3.007360644500013e-11
7900.056 4.129395732100011e-11
7950.056 4.862235692940034e-11
8000.056 7.358427342700053e-11
8050.056 9.563406011300073e-11
8100.056 1.1536375469799887e-10
8150.056 1.3723541949300058e-10
8200.056 1.8501983346300455e-10
8250.056 2.208455071509998e-10
8300.056 2.727170559530099e-10
8350.056 3.283414493479978e-10
8400.056 3.9677751515999833e-10
8450.056 4.877637371599997e-10
8500.056 5.516025556899897e-10
8550.056 6.867878086600138e-10
8600.056 8.322102533400056e-10
8650.056 9.767892029200068e-10
8700.056 1.1287444277000078e-09
8750.056 1.3096493704000078e-09
8800.056 1.4914064421000083e-09
8850.056 1.6068545547999956e-09
8900.056 1.3465508451499648e-09
8950.056 1.2879383942659926e-09
9000.056 1.479637976139924e-09
9050.056 2.3170213775700245e-09
9100.056 2.6090196394620722e-09
9150.056 2.8584664437700665e-09
9200.056 3.4328927250299826e-09
9250.056 3.390942074267889e-09
9300.056 1.0530426455847075e-09
9350.056 1.5039161434737775e-09
9400.056 2.99238924887494e-09
9450.056 2.86954214486043e-09
9500.056 2.7237951668437545e-09
9550.056 2.9634025214703867e-09
9600.056 3.1879937778722757e-09
9650.056 4.092421703141096e-09
9700.056 6.058215289795725e-09
9750.056 6.529525522035695e-09
9800.056 7.703033684329754e-09
9850.056 9.098297357599852e-09
9900.056 1.122154359760023e-08
9950.056 1.2348399799500174e-08
10000.056 1.2639815208799926e-08
10050.056 1.638557211300015e-08
10100.056 1.8864092029000154e-08
10150.056 2.089121978800009e-08
10200.056 2.2873573368000478e-08
10250.056 2.6071242934800347e-08
10300.056 3.03401254229991e-08
10350.056 3.2553483618000736e-08
10400.056 3.760612396100018e-08
10450.056 4.1692677663998585e-08
10500.056 4.571683504599955e-08
10550.056 5.0137553883000125e-08
10600.056 5.323669090999998e-08
10650.056 5.640070433700046e-08
10700.056 5.795754073700036e-08
10750.056 6.044003544500031e-08
10800.056 6.134492328200041e-08
10850.056 5.982466904200034e-08
10900.056 4.983186631599902e-08
10950.056 3.0242300402299936e-08
11000.056 2.01652184425979e-08
11050.056 1.1909481811185957e-08
11100.056 7.145691335822199e-09
11150.056 4.0670977164825546e-09
11200.056 4.256293254255562e-09
11250.056 6.034668361878827e-09
11300.056 6.643868565555758e-09
11350.056 2.7523887013097804e-09
11400.056 8.28316366355822e-09
11450.056 5.380598918012214e-09
11500.056 5.482934959217406e-09
11550.056 2.4872887209602947e-09
11600.056 2.1910076914785367e-09
11650.056 4.213660165271134e-09
11700.056 4.926570539917711e-09
11750.056 2.4380128873261955e-09
11800.056 7.421877300989661e-09
11850.056 1.1776303927159738e-08
11900.056 1.5248443958749338e-08
11950.056 2.22548198554018e-08
12000.056 3.008471837280058e-08
12050.056 4.0361894847001204e-08
12100.056 5.117752597659843e-08
12150.056 6.508990449799822e-08
12200.056 7.69400869569993e-08
12250.056 9.351486448299737e-08
12300.056 1.1373034762500269e-07
12350.056 1.2027738394599945e-07
12400.056 1.4348992793399832e-07
12450.056 1.619027516800021e-07
12500.056 1.74512266480005e-07
12550.056 1.9418506596999922e-07
12600.056 2.069221492900009e-07
12650.056 2.043479078699997e-07
12700.056 1.9969514701000126e-07
12750.056 1.7630266310500202e-07
12800.056 1.6135659250399938e-07
12850.056 1.2369109776699932e-07
12900.056 1.0260705952700147e-07
12950.056 8.919547533780136e-08
13000.056 8.965263084000481e-08
13050.056 7.147968615659992e-08
13100.056 6.941689708138499e-08
13150.056 5.132200028824167e-08
13200.056 4.7312374345158733e-08
13250.056 3.250659866484348e-08
13300.056 1.4732384354924946e-08
13350.056 4.552899298809903e-09
13400.056 1.4835997854442757e-09
13450.056 6.988487444250352e-10
13500.056 3.5358780377210897e-10
13550.056 1.8673457170999003e-10
13600.056 9.738817064321769e-11
13650.056 3.4172040009148877e-10
13700.056 2.282245824013523e-10
13750.056 4.6118323915957226e-10
13800.056 5.392721597959445e-10
13850.056 2.968293046242879e-10
13900.056 3.346841334858785e-10
13950.056 3.346086684254189e-10
14000.056 3.618241919988086e-10
14050.056 5.041725736500461e-10
14100.056 4.011803366698808e-10
14150.056 6.496928634585555e-10
14200.056 4.709608556533776e-10
14250.056 5.450735118004386e-10
14300.056 1.2762387190231529e-09
14350.056 1.1523403975245407e-09
14400.056 1.178720386719382e-09
14450.056 1.7521394172089094e-09
14500.056 3.3355805999022156e-09
14550.056 3.446643905479551e-09
14600.056 5.631351399948373e-09
14650.056 4.568481490484107e-09
14700.056 2.8313854858370296e-09
14750.056 3.295657716206674e-09
14800.056 4.378673429624036e-09
14850.056 4.635512345675054e-09
14900.056 4.9557312319582745e-09
14950.056 5.773254936345168e-09
15000.056 8.972405604147673e-09
15050.056 9.637728149108993e-09
15100.056 9.345557549843468e-09
15150.056 9.198184465553127e-09
15200.056 1.2261689224672067e-08
15250.056 1.9968256453520772e-08
15300.056 2.353933837641787e-08
15350.056 3.020039595881927e-08
15400.056 3.646771875950547e-08
15450.056 4.36235719353754e-08
15500.056 4.952987332549514e-08
15550.056 6.235722500100503e-08
15600.056 7.500559125599774e-08
15650.056 8.608214656200324e-08
15700.056 1.0372497554500028e-07
15750.056 1.1228096428500182e-07
15800.056 1.1768319800899897e-07
15850.056 1.2541695860400172e-07
15900.056 1.167145944120002e-07
15950.056 1.0769185427799744e-07
16000.056 8.690031005500059e-08
16050.056 5.839779253699791e-08
16100.056 3.995073818449827e-08
16150.056 2.511918262577867e-08
16200.056 1.5259525223410376e-08
16250.056 1.213362166865682e-08
16300.056 9.448794108477507e-09
16350.056 1.1147360249286377e-08
16400.056 1.3288521780457597e-08
16450.056 1.3881889332252886e-08
16500.056 1.52603750231667e-08
16550.056 1.493285320727141e-08
16600.056 1.7804843497873326e-08
16650.056 1.2294213436163649e-08
16700.056 3.2925566527118043e-09
16750.056 7.600719794403729e-09
16800.056 1.2036486131251003e-08
16850.056 1.25949884847801e-08
16900.056 9.208907541177456e-09
16950.056 7.145743677582616e-09
17000.056 5.1074266774494e-09
17050.056 8.37389282005947e-09
17100.056 1.1249799542394218e-08
17150.056 8.36219771502681e-09
17200.056 1.5551354349399825e-08
17250.056 1.1305547532037087e-08
17300.056 8.939969207286193e-09
17350.056 8.35149602039761e-09
17400.056 1.0119489814811496e-08
17450.056 1.1511744011168872e-08
17500.056 1.3232812632202972e-08
17550.056 1.0957039651124344e-08
17600.056 9.538147494972232e-09
17650.056 8.534507528178101e-09
17700.056 6.695228412354354e-09
17750.056 5.4983929647615684e-09
17800.056 8.070984482685383e-09
17850.056 4.822904616843531e-09
17900.056 4.601277094574379e-09
17950.056 3.2126120239727165e-09
18000.056 4.559121887815182e-09
18050.056 2.9327542465645427e-09
18100.056 3.4729910804766304e-09
18150.056 3.821538663694124e-09
18200.056 2.3841306607913618e-09
18250.056 6.503148662454628e-09
18300.056 2.39493410797225e-09
18350.056 2.1509125092571428e-09
18400.056 1.7456736039279841e-09
18450.056 3.97268896274464e-09
18500.056 3.8475079910698394e-09
18550.056 2.5763190194410036e-09
18600.056 2.5285367228876572e-09
18650.056 1.9255663349509766e-09
18700.056 1.1682253969174916e-09
18750.056 2.195311245616224e-09
18800.056 6.491599209559075e-09
18850.056 6.581684883498356e-09
18900.056 5.509849460901518e-09
18950.056 1.093443853937732e-08
19000.056 4.54128680042435e-09
19050.056 2.71148336557269e-09
19100.056 5.5628760181178735e-09
19150.056 2.832578321884271e-09
19200.056 4.486929652475167e-09
19250.056 2.8100591498385218e-09
19300.056 2.1770842870187054e-09
19350.056 2.018871282037528e-09
19400.056 1.5449952226568985e-09
19450.056 2.7671986890560453e-09
19500.056 2.578931780154031e-09
19550.056 2.4812362374905733e-09
19600.056 3.6729473210595558e-09
19650.056 4.005155261833369e-09
19700.056 4.24129722814746e-09
19750.056 6.3291130085720665e-09
19800.056 5.27566698154396e-09
19850.056 7.548501003408307e-09
19900.056 7.267620559321696e-09
19950.056 1.1438712937778485e-08
20000.056 1.2262510292226072e-08
20050.056 1.2613121155969073e-08
20100.056 1.8415407937667124e-08
20150.056 1.341944863397424e-08
20200.056 1.2905516385431268e-08
20250.056 2.0033467050610842e-08
20300.056 2.1450128501918956e-08
20350.056 2.3553901686011794e-08
20400.056 2.222553695957995e-08
20450.056 3.356748731875601e-08
20500.056 3.819531170549038e-08
20550.056 4.0088475253004656e-08
20600.056 4.5705083825104675e-08
20650.056 5.101646211600022e-08
20700.056 5.4243095149801044e-08
20750.056 5.826574751199765e-08
20800.056 6.045496574799263e-08
20850.056 6.379514034800108e-08
20900.056 6.738352456999504e-08
20950.056 6.552124854300313e-08
21000.056 6.423178303800136e-08
21050.056 6.453575207299717e-08
21100.056 6.200041201700097e-08
21150.056 6.189283974499333e-08
21200.056 5.7771077713002923e-08
21250.056 5.427289312689384e-08
21300.056 4.711770326440023e-08
21350.056 4.5953872207797724e-08
21400.056 4.3786442834805174e-08
21450.056 3.795447594955029e-08
21500.056 3.418641374073762e-08
21550.056 3.095946617361956e-08
21600.056 2.717969221333077e-08
21650.056 2.195978303463004e-08
21700.056 2.1476873619599694e-08
21750.056 1.8226753921431642e-08
21800.056 1.4047477089143954e-08
21850.056 1.2184155931143542e-08
21900.056 8.855484988042761e-09
21950.056 4.920726344370107e-09
22000.056 1.5323368409425234e-09
22050.056 1.5150714444788222e-09
22100.056 3.9361636182440595e-09
22150.056 3.743726058814269e-09
22200.056 4.1429599530019236e-09
22250.056 3.5626128143413523e-09
22300.056 2.304096609344914e-09
22350.056 2.5864008987112596e-09
22400.056 1.402407916936981e-09
22450.056 1.6269057459138792e-09
22500.056 1.4866332915853039e-09
22550.056 1.0806169561204491e-09
22600.056 1.01015918394097e-09
22650.056 1.4382378923740864e-09
22700.056 1.1923065192639679e-09
22750.056 1.2937908283889807e-09
22800.056 1.3616137081555097e-09
22850.056 1.0877184207934447e-09
22900.056 9.477541306664842e-10
22950.056 8.683987137376492e-10
23000.056 1.1024566762367555e-09
23050.056 1.4347357388480524e-09
23100.056 4.070486147378375e-09
23150.056 3.693463049464902e-09
23200.056 4.177530461939448e-10
23250.056 1.038041777240816e-09
23300.056 9.004782953763221e-10
23350.056 1.0394795699113078e-09
23400.056 9.51348726479196e-10
23450.056 7.939299868942753e-10
23500.056 8.985186340876342e-10
23550.056 1.3393017905701483e-09
23600.056 1.955949299021437e-09
23650.056 2.5668054616269094e-09
23700.056 8.53635537557586e-10
23750.056 8.164319704941361e-10
23800.056 1.8603890449857125e-09
23850.056 1.6155053887438645e-09
23900.056 2.9887434128404678e-09
23950.056 2.30928979278544e-09
24000.056 3.6031745727447135e-09
24050.056 3.884999745298709e-09
24100.056 3.7135461814104164e-09
24150.056 5.0085393205280676e-09
24200.056 4.169891921714247e-09
24250.056 3.595390623280478e-09
24300.056 5.4132902944559205e-09
24350.056 4.30027476504177e-09
24400.056 7.100205743700857e-09
24450.056 6.7943632228880084e-09
24500.056 6.4061031332380206e-09
24550.056 8.778177269244902e-09
24600.056 8.783358227064838e-09
24650.056 1.1795796526185645e-08
24700.056 7.2095402217650455e-09
24750.056 8.345985653144984e-09
24800.056 7.61417809795169e-09
24850.056 1.243493902345726e-08
24900.056 5.146638523150095e-09
24950.056 1.065712702771018e-08
25000.056 8.963456900529962e-09
25050.056 5.352572771281511e-09
25100.056 8.595121408278767e-09
25150.056 4.7731910157485226e-09
25200.056 6.4763664540772516e-09
25250.056 3.061378797772322e-09
25300.056 4.757940237729996e-09
25350.056 2.3766080288727557e-09
25400.056 5.367865964154834e-09
25450.056 2.249539123246653e-09
25500.056 2.15774514835938e-09
25550.056 3.3240693754176446e-09
25600.056 2.548517830002564e-09
25650.056 1.3268161045656438e-09
25700.056 2.4362279960202026e-09
25750.056 8.450949057650946e-10
25800.056 3.207382972485622e-09
25850.056 9.708531154268789e-10
25900.056 1.4833428107577072e-09
25950.056 5.588800192691228e-10
26000.056 3.131629386187532e-09
26050.056 9.037471278589474e-10
26100.056 2.7833473989777647e-09
26150.056 1.6812227370730937e-09
26200.056 1.880051474917192e-09
26250.056 6.055688775294165e-09
26300.056 2.470166721196418e-09
26350.056 7.840619956637302e-09
26400.056 7.890937385834594e-09
26450.056 6.742131562730101e-09
26500.056 9.941596117934309e-09
26550.056 2.8883947735648616e-09
26600.056 3.8248283657796855e-09
26650.056 1.0676127915463319e-09
26700.056 8.437321784653051e-10
26750.056 6.881576917315794e-10
26800.056 1.468886858187967e-09
26850.056 8.047809136552636e-10
26900.056 2.7419941772063525e-09
26950.056 1.192125596563269e-09
27000.056 4.397527688462693e-09
27050.056 4.058366026786903e-09
27100.056 1.5098985544320063e-09
27150.056 5.822442236746915e-09
27200.056 1.5496358991401344e-09
27250.056 3.0141642898893317e-09
27300.056 1.0677756851076978e-08
27350.056 5.5558335791409e-09
27400.056 7.318360705056959e-10
27450.056 6.496181401830775e-09
27500.056 7.53245548950163e-09
27550.056 1.8938120965978627e-09
27600.056 4.24551520987669e-09
27650.056 1.6163543606119518e-09
27700.056 1.2783613908081465e-09
27750.056 5.20312581546023e-09
27800.056 1.9625815429052923e-09
27850.056 2.6252191111121552e-09
27900.056 2.8466509986083855e-09
27950.056 5.971881906392742e-09
28000.056 4.606570025562029e-09
28050.056 1.0646898401917796e-09
28100.056 5.273826127204286e-09
28150.056 3.5517882005269397e-09
28200.056 1.4831925395256643e-09
28250.056 6.426586727955607e-09
28300.056 6.651209559210616e-09
28350.056 1.8828745254099188e-09
28400.056 4.798047792156869e-09
28450.056 7.407569936014117e-09
28500.056 5.005692532546504e-09
28550.056 1.4885138293600703e-09
28600.056 7.917826156740228e-09
28650.056 5.768789719472211e-09
28700.056 6.236684942717427e-09
28750.056 9.77748976046186e-09
28800.056 6.324061254802318e-09
28850.056 8.764016731364585e-09
