galfind/configs/Brown_Dwarf_templates/sonora_bobcat/m+0.5/3160g/sp_t2000g3160nc_m+0.5_resample.dat
# %ECSV 1.0
# ---
# datatype:
# - {name: wav, unit: Angstrom, datatype: float64}
# - {name: flux_nu, unit: erg / (cm2 Hz s), datatype: float64}
# meta: {C/O: '1.00', Kzz: '1.0000E+05', Teff: '2000.', Y: '0.28', '[Fe/H]': '0.50', f_hole: '1.00', f_rain: '0.00', grav: '3160.'}
# schema: astropy-2.0
wav flux_nu
4000.0559999999996 nan
4050.0559999999996 3.906963067850511e-09
4100.056 7.119873063289445e-09
4150.056 6.608258149170465e-09
4200.056 5.124826520672925e-09
4250.056 4.8107505341804e-09
4300.056 3.6603342754911956e-09
4350.056 3.7565651235802074e-09
4400.056 4.212574530551057e-09
4450.056 2.9232602340502168e-09
4500.056 2.8776247273002608e-09
4550.056 3.6262402662291498e-09
4600.056 3.221050025229829e-09
4650.056 2.8265087428895294e-09
4700.056 3.528739323070323e-09
4750.056 3.959891228979558e-09
4800.056 2.454633046990318e-09
4850.056 3.0730348318802356e-09
4900.056 4.680067885299753e-09
4950.056 4.80914150260002e-09
5000.056 2.4282249342096615e-09
5050.056 2.1773805159100977e-09
5100.056 2.191766167230283e-09
5150.056 1.7668674168803334e-09
5200.056 1.8407162695699562e-09
5250.056 2.258528909610112e-09
5300.056 2.3207603596999945e-09
5350.056 2.219278828300076e-09
5400.056 2.021042894000009e-09
5450.056 1.5878019045299835e-09
5500.056 1.1750825153299838e-09
5550.056 1.0069552638099724e-09
5600.056 7.794258378800012e-10
5650.056 5.492796476699956e-10
5700.056 3.4142941881999706e-10
5750.056 1.8441682906999814e-10
5800.056 8.220840844099891e-11
5850.056 2.4980151500399422e-11
5900.056 2.546326779321637e-12
5950.056 6.073769221200144e-11
6000.056 2.600812147000049e-10
6050.056 7.812381004700092e-10
6100.056 1.7467017114000352e-09
6150.056 3.3147414371000163e-09
6200.056 5.268315199000026e-09
6250.056 7.887042604600099e-09
6300.056 1.1660993209000103e-08
6350.056 1.5943576460000258e-08
6400.056 2.0780283882000035e-08
6450.056 2.673450136599867e-08
6500.056 3.1672154169998186e-08
6550.056 3.907366454099855e-08
6600.056 4.392516025600041e-08
6650.056 4.4291758712002356e-08
6700.056 2.9722031017456634e-08
6750.056 4.699507824200093e-08
6800.056 5.4467917379002535e-08
6850.056 6.223264808100026e-08
6900.056 6.53554930510006e-08
6950.056 7.348858461000007e-08
7000.056 9.164538821599703e-08
7050.056 9.073101409200242e-08
7100.056 6.739569134899947e-08
7150.056 6.559507890100086e-08
7200.056 8.058715995199903e-08
7250.056 9.947391969000652e-08
7300.056 1.2206837187600857e-07
7350.056 1.322052217040021e-07
7400.056 1.2104941664100382e-07
7450.056 1.0470532853399586e-07
7500.056 9.312372047299868e-08
7550.056 7.994586566700043e-08
7600.056 4.9787705807998755e-08
7650.056 6.049587410812805e-09
7700.056 1.8194930071577694e-09
7750.056 2.8777793118000793e-08
7800.056 6.57076121769029e-08
7850.056 1.1836074185900174e-07
7900.056 1.457133883660057e-07
7950.056 1.466706847171858e-07
8000.056 2.021438802699959e-07
8050.056 2.8366191818998765e-07
8100.056 3.8323782483001026e-07
8150.056 4.946567437800037e-07
8200.056 3.8643269374598475e-07
8250.056 5.57768748759996e-07
8300.056 5.497766695800518e-07
8350.056 6.055236173500416e-07
8400.056 6.375218953900104e-07
8450.056 4.952788895199847e-07
8500.056 4.6091734182781755e-07
8550.056 5.637380847700328e-07
8600.056 6.330571615299155e-07
8650.056 6.708282330899293e-07
8700.056 6.18601299109958e-07
8750.056 6.849476384400452e-07
8800.056 8.829663551300691e-07
8850.056 8.928269700299404e-07
8900.056 7.508357449300263e-07
8950.056 8.036274091958786e-07
9000.056 1.0127380958100602e-06
9050.056 9.78513548919998e-07
9100.056 1.2059343002199705e-06
9150.056 1.3972449299900201e-06
9200.056 1.4371499299701074e-06
9250.056 1.1976392548300341e-06
9300.056 1.040144609959964e-06
9350.056 1.144738762930039e-06
9400.056 1.2597590168300313e-06
9450.056 1.4221873354199077e-06
9500.056 1.6260577319899283e-06
9550.056 1.7422353430001082e-06
9600.056 1.836980754880137e-06
9650.056 2.0380474734401547e-06
9700.056 2.2442893134498744e-06
9750.056 1.908195597499913e-06
9800.056 2.0273174784299037e-06
9850.056 1.996456146269952e-06
9900.056 1.473406615029899e-06
9950.056 1.0695989852400245e-06
10000.056 1.068323279549961e-06
10050.056 1.1426673441399648e-06
10100.056 1.3988743208501404e-06
10150.056 1.3882454249199243e-06
10200.056 1.5089002896599756e-06
10250.056 1.5299046887398672e-06
10300.056 1.4180724727499457e-06
10350.056 1.6525370832600398e-06
10400.056 1.8952176625699481e-06
10450.056 1.968114918430199e-06
10500.056 1.967597496569869e-06
10550.056 2.1104712229001537e-06
10600.056 2.2949732119401155e-06
10650.056 2.3112460496601487e-06
10700.056 2.36823558908009e-06
10750.056 2.6350493543801766e-06
10800.056 2.8849834188198712e-06
10850.056 3.1882929552297878e-06
10900.056 3.261524312079917e-06
10950.056 3.261625242799775e-06
11000.056 3.1059088924000137e-06
11050.056 2.5302623902199993e-06
11100.056 2.671717950280272e-06
11150.056 2.8743433344308823e-06
11200.056 2.896159975594417e-06
11250.056 3.4041649567299695e-06
11300.056 3.320805822229938e-06
11350.056 2.993117405689828e-06
11400.056 2.134263903470034e-06
11450.056 3.336259096639764e-06
11500.056 4.036596966649696e-06
11550.056 3.8478995299010494e-06
11600.056 4.056942591891359e-06
11650.056 3.860316002510245e-06
11700.056 2.6174153896030523e-06
11750.056 2.8234178657397247e-06
11800.056 2.896143970090213e-06
11850.056 4.148816058700259e-06
11900.056 4.6053122730494554e-06
11950.056 4.1267200738500375e-06
12000.056 3.5375119744000283e-06
12050.056 4.2840177567000105e-06
12100.056 4.150170111899722e-06
12150.056 4.835004433399734e-06
12200.056 4.684970136499467e-06
12250.056 5.141709242299771e-06
12300.056 5.270498881900334e-06
12350.056 5.1127435915000065e-06
12400.056 4.285332804899873e-06
12450.056 3.5429659063700157e-06
12500.056 3.818953822869652e-06
12550.056 3.876756460690216e-06
12600.056 4.8529253004000135e-06
12650.056 5.00552614819978e-06
12700.056 5.532478554100264e-06
12750.056 5.434754473999793e-06
12800.056 5.806570525799984e-06
12850.056 5.548704377899941e-06
12900.056 5.202244432599682e-06
12950.056 5.34341817109992e-06
13000.056 5.65061217749961e-06
13050.056 5.9153032318997975e-06
13100.056 5.985167582899913e-06
13150.056 6.063130053239859e-06
13200.056 5.824349777100125e-06
13250.056 5.338006344070075e-06
13300.056 4.662217103067514e-06
13350.056 2.7474786733982202e-06
13400.056 2.454889489214001e-06
13450.056 2.139346420559824e-06
13500.056 1.998384387165988e-06
13550.056 1.8598392672758513e-06
13600.056 1.8033045262863067e-06
13650.056 2.1789782838184535e-06
13700.056 1.973491580618553e-06
13750.056 2.086040210488591e-06
13800.056 2.4258919526993366e-06
13850.056 2.2923220758262033e-06
13900.056 2.2022592648834745e-06
13950.056 2.0714521215348554e-06
14000.056 1.9279426041949478e-06
14050.056 2.0301257982579097e-06
14100.056 1.7318574484206727e-06
14150.056 1.8826419957947125e-06
14200.056 1.6894870514328078e-06
14250.056 1.64504432198899e-06
14300.056 1.755477270621779e-06
14350.056 1.7927722853291377e-06
14400.056 1.8692300073620968e-06
14450.056 1.9437313330161353e-06
14500.056 2.21111079823487e-06
14550.056 2.24095909289386e-06
14600.056 2.4587035818445923e-06
14650.056 2.415788405140173e-06
14700.056 2.2179484903389312e-06
14750.056 2.3844850980605143e-06
14800.056 2.504903467430508e-06
14850.056 2.7113544379396007e-06
14900.056 2.6555683175398448e-06
14950.056 2.7031507378104218e-06
15000.056 2.8116898874002196e-06
15050.056 3.1364454677395475e-06
15100.056 3.1228134998901617e-06
15150.056 3.2332618000902026e-06
15200.056 3.4108138582197836e-06
15250.056 3.498624111269963e-06
15300.056 3.6639068313899156e-06
15350.056 3.861349685059975e-06
15400.056 4.001225333460022e-06
15450.056 4.183453340980164e-06
15500.056 4.291766778499881e-06
15550.056 4.521390573099698e-06
15600.056 4.524678166900325e-06
15650.056 4.729059384300135e-06
15700.056 5.045662326100765e-06
15750.056 5.2525394287996664e-06
15800.056 5.272901810100389e-06
15850.056 4.620514864600179e-06
15900.056 4.813119002500135e-06
15950.056 4.826423282899797e-06
16000.056 4.937404114399933e-06
16050.056 5.071986586300233e-06
16100.056 5.27351165140007e-06
16150.056 4.974820646600132e-06
16200.056 5.2461270443999434e-06
16250.056 5.072197576200034e-06
16300.056 5.144165209200027e-06
16350.056 5.461744377999902e-06
16400.056 5.3271129208000985e-06
16450.056 5.531214500000309e-06
16500.056 5.680748224800125e-06
16550.056 6.007387716199966e-06
16600.056 5.591752333400214e-06
16650.056 6.07547390190002e-06
16700.056 5.766412177899653e-06
16750.056 5.778540340399814e-06
16800.056 5.995299447599798e-06
16850.056 6.124982600799713e-06
16900.056 5.901592783900077e-06
16950.056 5.872172750299859e-06
17000.056 5.972514918300381e-06
17050.056 5.9079818095000844e-06
17100.056 5.665497674200537e-06
17150.056 5.587564082900292e-06
17200.056 5.148797052799774e-06
17250.056 4.771209219399977e-06
17300.056 4.8068141762196645e-06
17350.056 4.661440911510416e-06
17400.056 4.555574016289853e-06
17450.056 4.2384860273886174e-06
17500.056 4.112539542419744e-06
17550.056 3.915438954600686e-06
17600.056 3.776674272499901e-06
17650.056 3.816836319710118e-06
17700.056 3.2107925877626296e-06
17750.056 3.1069864938068837e-06
17800.056 3.1088754237577285e-06
17850.056 2.7294599649891226e-06
17900.056 2.8888047734361293e-06
17950.056 2.7559565085858823e-06
18000.056 2.541187424526043e-06
18050.056 2.5274470823913365e-06
18100.056 2.44331303022871e-06
18150.056 2.7515402944356783e-06
18200.056 2.1911921937092586e-06
18250.056 2.7692180511875967e-06
18300.056 2.557919875730995e-06
18350.056 2.447021611936184e-06
18400.056 2.3781817777681465e-06
18450.056 2.12029325803389e-06
18500.056 2.2479036752152827e-06
18550.056 2.043648658692102e-06
18600.056 1.7186261595284398e-06
18650.056 1.973549337920366e-06
18700.056 2.1935102381583718e-06
18750.056 2.1220059665275207e-06
18800.056 2.2683177241845938e-06
18850.056 2.62708585651389e-06
18900.056 2.4980346621180033e-06
18950.056 2.698261122409893e-06
19000.056 2.7893187438896256e-06
19050.056 2.644877363366916e-06
19100.056 2.871387834841305e-06
19150.056 2.8781287327220393e-06
19200.056 2.8788984255506093e-06
19250.056 2.708049140918782e-06
19300.056 2.882628916381322e-06
19350.056 2.7772452732248683e-06
19400.056 2.2703195857296675e-06
19450.056 2.795465370973013e-06
19500.056 2.819825246645853e-06
19550.056 2.3031378935214726e-06
19600.056 2.6399534892048175e-06
19650.056 2.6679969371276804e-06
19700.056 2.66270678308915e-06
19750.056 2.4383147316552107e-06
19800.056 2.621672522183664e-06
19850.056 2.7404442621502017e-06
19900.056 2.3495554842303775e-06
19950.056 2.835972295879808e-06
20000.056 2.493037118960295e-06
20050.056 2.7769222599104236e-06
20100.056 2.732752670968812e-06
20150.056 2.851373976690374e-06
20200.056 2.950922487939663e-06
20250.056 3.0582448638197115e-06
20300.056 3.09914515107026e-06
20350.056 3.25614981294968e-06
20400.056 3.2659451414988623e-06
20450.056 3.4041250242194725e-06
20500.056 3.5141808112098796e-06
20550.056 3.5688158336700795e-06
20600.056 3.84158485508017e-06
20650.056 3.7528484772701407e-06
20700.056 3.9719162487003765e-06
20750.056 4.01093611725969e-06
20800.056 4.220973294999844e-06
20850.056 4.145135433799966e-06
20900.056 4.448475152899809e-06
20950.056 4.480590441299862e-06
21000.056 4.656088004399925e-06
21050.056 4.763773228000037e-06
21100.056 4.7736846462999345e-06
21150.056 5.022794934200027e-06
21200.056 5.03335576040022e-06
21250.056 5.289566220999711e-06
21300.056 5.1195437298001645e-06
21350.056 5.492925140000121e-06
21400.056 5.296393144100206e-06
21450.056 5.838410244000008e-06
21500.056 5.51406069030018e-06
21550.056 5.695342860899836e-06
21600.056 5.851385890300279e-06
21650.056 5.810101225900056e-06
21700.056 6.07424305139999e-06
21750.056 5.8927041236000205e-06
21800.056 5.94939845759971e-06
21850.056 5.9518457525997775e-06
21900.056 6.1608035022003374e-06
21950.056 5.999294812800015e-06
22000.056 6.1695838312998925e-06
22050.056 5.872243114299616e-06
22100.056 6.080169219300016e-06
22150.056 6.181685784600276e-06
22200.056 5.941088883800588e-06
22250.056 6.346955831000327e-06
22300.056 6.253215651700005e-06
22350.056 5.986565896000191e-06
22400.056 6.288436090600095e-06
22450.056 6.138748124599584e-06
22500.056 6.228496072299952e-06
22550.056 6.166959678999477e-06
22600.056 6.203026741699953e-06
22650.056 6.002941133260642e-06
22700.056 5.9969300284206715e-06
22750.056 6.292376259489935e-06
22800.056 5.940984325580089e-06
22850.056 6.115759396500254e-06
22900.056 6.175916004299867e-06
22950.056 3.9365510798303056e-06
23000.056 4.353894701810227e-06
23050.056 4.6461835576196334e-06
23100.056 4.411840905889618e-06
23150.056 4.683847987740318e-06
23200.056 4.587277083650221e-06
23250.056 3.6394531674394603e-06
23300.056 3.9544422698200665e-06
23350.056 4.195401261920008e-06
23400.056 4.110063647420046e-06
23450.056 4.189610916800187e-06
23500.056 4.312850615339503e-06
23550.056 3.667680825690599e-06
23600.056 3.64364813594047e-06
23650.056 3.956689206109598e-06
23700.056 3.854290707669357e-06
23750.056 3.933221812310682e-06
23800.056 3.896264078909986e-06
23850.056 3.2694490234803173e-06
23900.056 3.628681568730095e-06
23950.056 3.796869724420525e-06
24000.056 3.500674982809266e-06
24050.056 3.477636293980357e-06
24100.056 3.113619063919537e-06
24150.056 3.0785610014503817e-06
24200.056 3.0608839798491605e-06
24250.056 2.941176679900117e-06
24300.056 2.9081435014402135e-06
24350.056 2.5810876983401775e-06
24400.056 2.901664464149948e-06
24450.056 2.5312938489599144e-06
24500.056 2.3813144993999564e-06
24550.056 2.2880941022002616e-06
24600.056 2.3812188446702304e-06
24650.056 2.56445109378011e-06
24700.056 2.0518061735099793e-06
24750.056 1.945865617670316e-06
24800.056 1.9217054069701904e-06
24850.056 2.3023731025900243e-06
24900.056 1.610343103070689e-06
24950.056 2.1442728923698386e-06
25000.056 1.9101849140002406e-06
25050.056 1.436324780031399e-06
25100.056 1.8111433136779036e-06
25150.056 1.5467314426698579e-06
25200.056 1.6482694239840256e-06
25250.056 1.488473000720673e-06
25300.056 1.6932332806410923e-06
25350.056 1.351747883565962e-06
25400.056 1.58156811512246e-06
25450.056 1.3483820119919742e-06
25500.056 1.4689295622723697e-06
25550.056 1.3876077944580741e-06
25600.056 1.4432119717229292e-06
25650.056 1.2439171558879507e-06
25700.056 1.7368644000844738e-06
25750.056 1.1511752619352013e-06
25800.056 1.6357720090862594e-06
25850.056 1.3847052594488415e-06
25900.056 1.5957061912032764e-06
25950.056 1.3039647382460607e-06
26000.056 1.6385696719205758e-06
26050.056 1.6368560389480233e-06
26100.056 1.7450218393441077e-06
26150.056 1.6844671935957081e-06
26200.056 1.6082860552870328e-06
26250.056 1.729504362760028e-06
26300.056 1.6646767098450816e-06
26350.056 1.813126192349973e-06
26400.056 1.8359633437997651e-06
26450.056 1.7791005294801414e-06
26500.056 1.9009437588395198e-06
26550.056 1.7760252109847184e-06
26600.056 2.173755873232719e-06
26650.056 1.5754808452717452e-06
26700.056 1.6305535174630593e-06
26750.056 1.3124760715213768e-06
26800.056 1.5623886933397172e-06
26850.056 1.1635743192141133e-06
26900.056 1.6390851307579714e-06
26950.056 1.0667808309668943e-06
27000.056 1.5418399766902081e-06
27050.056 1.272267298029898e-06
27100.056 1.2839078953006809e-06
27150.056 1.3953580861600503e-06
27200.056 1.3714180554281953e-06
27250.056 1.2582334415124238e-06
27300.056 1.5965883699201723e-06
27350.056 1.4574769771125741e-06
27400.056 1.1538863151939033e-06
27450.056 1.6953144184995575e-06
27500.056 1.5357434436499804e-06
27550.056 1.3605724799038826e-06
27600.056 1.7169773977498644e-06
27650.056 1.273122185924933e-06
27700.056 1.199608869775045e-06
27750.056 1.731106457379514e-06
27800.056 1.2013816556379436e-06
27850.056 1.3208841667576302e-06
27900.056 1.379599969163032e-06
27950.056 1.6749041290399072e-06
28000.056 1.5043191838343384e-06
28050.056 1.0925965034663112e-06
28100.056 1.7501122823784544e-06
28150.056 1.333399735716053e-06
28200.056 1.1035448501210128e-06
28250.056 1.5290981797399806e-06
28300.056 1.7859624159242687e-06
28350.056 1.228316632491642e-06
28400.056 1.4333838996760499e-06
28450.056 1.529959969679767e-06
28500.056 1.488381012619687e-06
28550.056 9.88977108449706e-07
28600.056 1.7704679620600253e-06
28650.056 1.554620822409951e-06
28700.056 1.3634125267958157e-06
28750.056 1.5993936048719852e-06
28800.056 1.5241895412003265e-06
