galfind/configs/Brown_Dwarf_templates/sonora_bobcat/m+0.5/3160g/sp_t2100g3160nc_m+0.5_resample.dat
# %ECSV 1.0
# ---
# datatype:
# - {name: wav, unit: Angstrom, datatype: float64}
# - {name: flux_nu, unit: erg / (cm2 Hz s), datatype: float64}
# meta: {C/O: '1.00', Kzz: '1.0000E+05', Teff: '2100.', Y: '0.28', '[Fe/H]': '0.50', f_hole: '1.00', f_rain: '0.00', grav: '3160.'}
# schema: astropy-2.0
wav flux_nu
4000.0559999999996 nan
4050.0559999999996 7.61888251371132e-09
4100.056 1.1809048860549279e-08
4150.056 1.0538028152970789e-08
4200.056 7.96552825803734e-09
4250.056 7.200357226880767e-09
4300.056 5.117217741761905e-09
4350.056 5.2102575322402985e-09
4400.056 5.714591334521712e-09
4450.056 3.654383482250332e-09
4500.056 3.587365964460371e-09
4550.056 4.556566537758837e-09
4600.056 3.892238530049691e-09
4650.056 3.3118548007394326e-09
4700.056 4.156146641700404e-09
4750.056 4.8031202756492565e-09
4800.056 2.8933058375404813e-09
4850.056 3.7871219822004714e-09
4900.056 6.261626188599552e-09
4950.056 6.9475995838000335e-09
5000.056 3.3864747421994722e-09
5050.056 3.683314605170234e-09
5100.056 4.2717595610907016e-09
5150.056 3.546389392470774e-09
5200.056 3.337290697369937e-09
5250.056 4.579162347700219e-09
5300.056 5.194796242699947e-09
5350.056 5.2783660239002524e-09
5400.056 5.2344745465000555e-09
5450.056 4.1196073371998734e-09
5500.056 3.0962889592999457e-09
5550.056 3.0494864177999334e-09
5600.056 2.5394600921000544e-09
5650.056 1.9633643088999822e-09
5700.056 1.3773017363999914e-09
5750.056 7.809203742899853e-10
5800.056 3.582635146599949e-10
5850.056 1.0583853912499743e-10
5900.056 1.044323882560702e-11
5950.056 2.523225447220063e-10
6000.056 1.0508439075800179e-09
6050.056 2.858385430000039e-09
6100.056 5.526356009200131e-09
6150.056 8.810316083799893e-09
6200.056 1.1164005951900035e-08
6250.056 1.497044536900029e-08
6300.056 2.1085153954000264e-08
6350.056 2.7312447902000717e-08
6400.056 3.389430407200014e-08
6450.056 4.2203981412996367e-08
6500.056 4.786290829399555e-08
6550.056 5.7912204165996324e-08
6600.056 6.083452824300086e-08
6650.056 5.7461107626003675e-08
6700.056 3.923771326349629e-08
6750.056 5.717279517300159e-08
6800.056 6.487762598300321e-08
6850.056 7.4390068418e-08
6900.056 8.01293516870011e-08
6950.056 9.469521197400026e-08
7000.056 1.2951904092799447e-07
7050.056 1.275100268350052e-07
7100.056 8.320275272999878e-08
7150.056 7.861264971200164e-08
7200.056 9.90651396279983e-08
7250.056 1.28318697826011e-07
7300.056 1.7125637211101646e-07
7350.056 2.0632280376000345e-07
7400.056 2.0864827271001183e-07
7450.056 1.907051698219925e-07
7500.056 1.7943359507999906e-07
7550.056 1.650332377050019e-07
7600.056 1.0520145850799623e-07
7650.056 1.5088143397573884e-08
7700.056 4.782438331393991e-09
7750.056 6.299154436300165e-08
7800.056 1.2266782195568915e-07
7850.056 1.9252826977000256e-07
7900.056 2.289656989100133e-07
7950.056 2.3106184776139284e-07
8000.056 3.07720526409986e-07
8050.056 4.34744959859981e-07
8100.056 5.893201047000325e-07
8150.056 7.621182742400053e-07
8200.056 5.436964779529631e-07
8250.056 7.787142433699853e-07
8300.056 7.236260756601033e-07
8350.056 7.886838143400946e-07
8400.056 8.17489336570034e-07
8450.056 5.84111551869971e-07
8500.056 5.33640856100097e-07
8550.056 6.631089627100459e-07
8600.056 7.700023109298552e-07
8650.056 8.686213443599058e-07
8700.056 8.228632575499696e-07
8750.056 9.29169669810074e-07
8800.056 1.2100405827101225e-06
8850.056 1.1896903765299462e-06
8900.056 9.167093750500499e-07
8950.056 9.967654279789435e-07
9000.056 1.259677361470093e-06
9050.056 1.2359797433099569e-06
9100.056 1.5542682504799792e-06
9150.056 1.8207801400200291e-06
9200.056 1.8421758823002072e-06
9250.056 1.4575692576100492e-06
9300.056 1.2700980340099886e-06
9350.056 1.3960817711500056e-06
9400.056 1.5306671440101104e-06
9450.056 1.7400115305798101e-06
9500.056 2.0233594956499166e-06
9550.056 2.1859544225401368e-06
9600.056 2.3353377335202064e-06
9650.056 2.6080952394802823e-06
9700.056 2.8624693002198395e-06
9750.056 2.3674778755998993e-06
9800.056 2.5225575163698847e-06
9850.056 2.462363971559908e-06
9900.056 1.8436966528498677e-06
9950.056 1.370553817130046e-06
10000.056 1.3785838972899503e-06
10050.056 1.4413045385099376e-06
10100.056 1.7867721061002587e-06
10150.056 1.7652533864399245e-06
10200.056 1.9206057376199695e-06
10250.056 1.921058845469752e-06
10300.056 1.7808402160398804e-06
10350.056 2.0831922437500122e-06
10400.056 2.3748368422199386e-06
10450.056 2.4869669156903107e-06
10500.056 2.5139336147597724e-06
10550.056 2.7020788267402102e-06
10600.056 2.946367675650176e-06
10650.056 2.9410186657301506e-06
10700.056 3.0073581087601205e-06
10750.056 3.3262287565002557e-06
10800.056 3.6263111801997873e-06
10850.056 3.960603024799727e-06
10900.056 4.054855575759877e-06
10950.056 4.072054181499626e-06
11000.056 3.867747545900035e-06
11050.056 3.0673814480600213e-06
11100.056 3.2911222389303498e-06
11150.056 3.561875814509883e-06
11200.056 3.5887765200704895e-06
11250.056 4.171035515010017e-06
11300.056 4.09989348307997e-06
11350.056 3.760723325169793e-06
11400.056 2.616671560140017e-06
11450.056 4.13518993951966e-06
11500.056 4.927062593589663e-06
11550.056 4.747625568610041e-06
11600.056 4.987224128309242e-06
11650.056 4.792169164830319e-06
11700.056 3.3009954194670487e-06
11750.056 3.5574817369796513e-06
11800.056 3.6333197428302717e-06
11850.056 5.099074100910307e-06
11900.056 5.591139341359303e-06
11950.056 5.0628519413000245e-06
12000.056 4.3926725566000494e-06
12050.056 5.226362946299991e-06
12100.056 5.062421512099643e-06
12150.056 5.82388749899967e-06
12200.056 5.664688278799394e-06
12250.056 6.165302873499705e-06
12300.056 6.293512324800422e-06
12350.056 6.139631663000071e-06
12400.056 5.166987924699815e-06
12450.056 4.229222265040024e-06
12500.056 4.583601414519479e-06
12550.056 4.631690807480232e-06
12600.056 5.710659343000008e-06
12650.056 5.905414321799696e-06
12700.056 6.448713762300208e-06
12750.056 6.367315182299782e-06
12800.056 6.804723164799845e-06
12850.056 6.5311994721999904e-06
12900.056 6.172029011599536e-06
12950.056 6.333371801899872e-06
13000.056 6.681663464099515e-06
13050.056 6.961695895599735e-06
13100.056 7.032271308099881e-06
13150.056 7.143662074499842e-06
13200.056 6.891623681900139e-06
13250.056 6.374790308820086e-06
13300.056 5.673112745352392e-06
13350.056 3.5357149327133405e-06
13400.056 3.2506159720050493e-06
13450.056 2.888825147520925e-06
13500.056 2.746544243489112e-06
13550.056 2.590556549664707e-06
13600.056 2.5080977565163306e-06
13650.056 2.9219270462748304e-06
13700.056 2.685804088703448e-06
13750.056 2.8216207050374624e-06
13800.056 3.2233281476863375e-06
13850.056 3.0821764147977497e-06
13900.056 2.946803236832207e-06
13950.056 2.7914792945639752e-06
14000.056 2.6083140730539935e-06
14050.056 2.7325007144235448e-06
14100.056 2.3729478506291455e-06
14150.056 2.527296563981552e-06
14200.056 2.299559925184258e-06
14250.056 2.2500046631894823e-06
14300.056 2.3600643948037016e-06
14350.056 2.408986269546182e-06
14400.056 2.5032021841551327e-06
14450.056 2.600308290831176e-06
14500.056 2.8937577923248248e-06
14550.056 2.924261532080827e-06
14600.056 3.161818690162726e-06
14650.056 3.104949116930956e-06
14700.056 2.869015688179872e-06
14750.056 3.0589706768205973e-06
14800.056 3.1796411286506176e-06
14850.056 3.4246798607994837e-06
14900.056 3.3670803885497946e-06
14950.056 3.4139396333105377e-06
15000.056 3.534429064620285e-06
15050.056 3.904668473849439e-06
15100.056 3.8752559184502306e-06
15150.056 3.95919485277024e-06
15200.056 4.200786715879752e-06
15250.056 4.275425500099942e-06
15300.056 4.4586412029799215e-06
15350.056 4.6694091500000035e-06
15400.056 4.809239803800018e-06
15450.056 5.007284656200199e-06
15500.056 5.1189259468998e-06
15550.056 5.365082581199665e-06
15600.056 5.3709471746004285e-06
15650.056 5.588350844800112e-06
15700.056 5.924147035900973e-06
15750.056 6.142724291199576e-06
15800.056 6.1785103973004855e-06
15850.056 5.431695846900286e-06
15900.056 5.646704656700173e-06
15950.056 5.655404812099809e-06
16000.056 5.776954237799893e-06
16050.056 5.935282705900354e-06
16100.056 6.151798942800085e-06
16150.056 5.826496420300154e-06
16200.056 6.126040113399949e-06
16250.056 5.927368098400036e-06
16300.056 6.018839639500041e-06
16350.056 6.388032126599838e-06
16400.056 6.211932024300206e-06
16450.056 6.447257932700381e-06
16500.056 6.624379402900102e-06
16550.056 6.998199365499902e-06
16600.056 6.5433039168002334e-06
16650.056 7.089179031400097e-06
16700.056 6.7443535101995215e-06
16750.056 6.76446284869974e-06
16800.056 6.995533896599822e-06
16850.056 7.1469068840996154e-06
16900.056 6.88730377200019e-06
16950.056 6.871227051099691e-06
17000.056 6.972215251400455e-06
17050.056 6.891066779400217e-06
17100.056 6.63486088820065e-06
17150.056 6.572051572400393e-06
17200.056 6.0718295786997114e-06
17250.056 5.6672202916300025e-06
17300.056 5.735231599529528e-06
17350.056 5.576217834470532e-06
17400.056 5.4681007206997935e-06
17450.056 5.14192494165828e-06
17500.056 4.976962054599682e-06
17550.056 4.774105154820816e-06
17600.056 4.610083985899926e-06
17650.056 4.671920626530052e-06
17700.056 3.9775895290894885e-06
17750.056 3.889328090759831e-06
17800.056 3.850941596563902e-06
17850.056 3.4657621718991907e-06
17900.056 3.615927740250123e-06
17950.056 3.485034416735815e-06
18000.056 3.2172100303001203e-06
18050.056 3.2207856215145064e-06
18100.056 3.1184035999086526e-06
18150.056 3.465623987862884e-06
18200.056 2.8398992716083015e-06
18250.056 3.469307303980482e-06
18300.056 3.247513823289973e-06
18350.056 3.127412600395197e-06
18400.056 3.0404163949621597e-06
18450.056 2.732997573046149e-06
18500.056 2.878635001687346e-06
18550.056 2.6437765397311064e-06
18600.056 2.2434052587612673e-06
18650.056 2.581611128541492e-06
18700.056 2.8430513728064844e-06
18750.056 2.733611096271715e-06
18800.056 2.881792476130799e-06
18850.056 3.3098756156278217e-06
18900.056 3.157409282010792e-06
18950.056 3.3448827536098234e-06
19000.056 3.488559299809498e-06
19050.056 3.3373452140459402e-06
19100.056 3.5494962869204787e-06
19150.056 3.595309893753003e-06
19200.056 3.576033072196775e-06
19250.056 3.3970430103976546e-06
19300.056 3.6054232698842197e-06
19350.056 3.52702470572583e-06
19400.056 2.9609642584775456e-06
19450.056 3.537366613612091e-06
19500.056 3.5634565377898058e-06
19550.056 2.974055610392594e-06
19600.056 3.3791836677387283e-06
19650.056 3.3842499556903426e-06
19700.056 3.3825422742241766e-06
19750.056 3.104165473610257e-06
19800.056 3.317501000229579e-06
19850.056 3.421107881820288e-06
19900.056 2.9861968203705365e-06
19950.056 3.5304569450397617e-06
20000.056 3.115547114620384e-06
20050.056 3.4351146729605733e-06
20100.056 3.3870370740584927e-06
20150.056 3.4935437406905033e-06
20200.056 3.595592210059546e-06
20250.056 3.714115404379694e-06
20300.056 3.7636003967503153e-06
20350.056 3.911261968479594e-06
20400.056 3.920714584738584e-06
20450.056 4.069399216599405e-06
20500.056 4.172980065079884e-06
20550.056 4.24521744120004e-06
20600.056 4.520757143360201e-06
20650.056 4.4153765481702e-06
20700.056 4.654434702860423e-06
20750.056 4.691735843569604e-06
20800.056 4.914133180799844e-06
20850.056 4.834455522749979e-06
20900.056 5.156844671799832e-06
20950.056 5.190161616199804e-06
21000.056 5.381897841299877e-06
21050.056 5.4964988759000674e-06
21100.056 5.504015676499931e-06
21150.056 5.770255779700079e-06
21200.056 5.791839148000264e-06
21250.056 6.061716149599636e-06
21300.056 5.883781948000172e-06
21350.056 6.284371981200176e-06
21400.056 6.078404132600221e-06
21450.056 6.676058810900016e-06
21500.056 6.319696779400211e-06
21550.056 6.524730827799777e-06
21600.056 6.70219871790034e-06
21650.056 6.668601026100087e-06
21700.056 6.950946470299949e-06
21750.056 6.771147999700032e-06
21800.056 6.837306015499673e-06
21850.056 6.858159591599754e-06
21900.056 7.0814038390004215e-06
21950.056 6.931813900700039e-06
22000.056 7.146415806199824e-06
22050.056 6.77197689149955e-06
22100.056 7.012405859099969e-06
22150.056 7.172776901200341e-06
22200.056 6.9393926846007015e-06
22250.056 7.38498012510037e-06
22300.056 7.280568028599978e-06
22350.056 7.008091523400212e-06
22400.056 7.3544142867001166e-06
22450.056 7.209876533399487e-06
22500.056 7.305877028699913e-06
22550.056 7.251766483999385e-06
22600.056 7.2724853767998885e-06
22650.056 7.1005963982007605e-06
22700.056 7.103194089300809e-06
22750.056 7.409895355899858e-06
22800.056 7.044943766520119e-06
22850.056 7.239548538000306e-06
22900.056 7.3252349648598265e-06
22950.056 4.851813916070416e-06
23000.056 5.4127060840202664e-06
23050.056 5.727966650389518e-06
23100.056 5.458194798979587e-06
23150.056 5.753058886750371e-06
23200.056 5.663387248200235e-06
23250.056 4.500372874299309e-06
23300.056 4.915616104540053e-06
23350.056 5.169357458030064e-06
23400.056 5.065284662810046e-06
23450.056 5.167507700400216e-06
23500.056 5.254434269309343e-06
23550.056 4.461403112520825e-06
23600.056 4.483743778720639e-06
23650.056 4.86934586619949e-06
23700.056 4.765945876029154e-06
23750.056 4.843124270430774e-06
23800.056 4.79003665652011e-06
23850.056 4.025776225020402e-06
23900.056 4.428224968710073e-06
23950.056 4.615409172760684e-06
24000.056 4.252095894739143e-06
24050.056 4.224774711690461e-06
24100.056 3.813752614609359e-06
24150.056 3.7515737803004434e-06
24200.056 3.7376683467790145e-06
24250.056 3.6076369402301263e-06
24300.056 3.5445446953202663e-06
24350.056 3.190313609930216e-06
24400.056 3.5399735174499447e-06
24450.056 3.134019083649906e-06
24500.056 2.936701075110043e-06
24550.056 2.8315809879702715e-06
24600.056 2.9210052038603157e-06
24650.056 3.150055894680121e-06
24700.056 2.5666497004200026e-06
24750.056 2.435794277940394e-06
24800.056 2.4050595757502036e-06
24850.056 2.8426491868400475e-06
24900.056 2.055443444040889e-06
24950.056 2.671981423929792e-06
25000.056 2.3874081008802883e-06
25050.056 1.8365997294995035e-06
25100.056 2.2882967207598827e-06
25150.056 1.9758805420168233e-06
25200.056 2.099776480185991e-06
25250.056 1.9270931604095628e-06
25300.056 2.151055622552138e-06
25350.056 1.7487910855179582e-06
25400.056 2.0063107843106353e-06
25450.056 1.7531703277229778e-06
25500.056 1.9004077024774996e-06
25550.056 1.7942788392820962e-06
25600.056 1.8572259037159356e-06
25650.056 1.6282582943929338e-06
25700.056 2.197759297107331e-06
25750.056 1.508269083260254e-06
25800.056 2.0587415672003174e-06
25850.056 1.8078772353568122e-06
25900.056 2.027698385763392e-06
25950.056 1.7112781480370994e-06
26000.056 2.0627827561906837e-06
26050.056 2.104723969276022e-06
26100.056 2.1868565610811725e-06
26150.056 2.1405174222555833e-06
26200.056 2.0355323701720618e-06
26250.056 2.162668367309095e-06
26300.056 2.1121140411250603e-06
26350.056 2.243391208039949e-06
26400.056 2.2742016538997236e-06
26450.056 2.2135827032801705e-06
26500.056 2.357127229209407e-06
26550.056 2.259311010669647e-06
26600.056 2.7084492314196313e-06
26650.056 2.026203544668682e-06
26700.056 2.099312475282051e-06
26750.056 1.7397857232041966e-06
26800.056 2.0314343020376107e-06
26850.056 1.5481890166951714e-06
26900.056 2.120687258835955e-06
26950.056 1.4050075540648941e-06
27000.056 1.9834819085202732e-06
27050.056 1.6468432027598418e-06
27100.056 1.664740036054591e-06
27150.056 1.7854659283900463e-06
27200.056 1.768154827302258e-06
27250.056 1.6092051710175615e-06
27300.056 1.9837723617002133e-06
27350.056 1.8332606999714514e-06
27400.056 1.4941254432099044e-06
27450.056 2.105997737829426e-06
27500.056 1.9091117848200207e-06
27550.056 1.7353282424608523e-06
27600.056 2.1271796560798236e-06
27650.056 1.6222685334938986e-06
27700.056 1.5414422651040632e-06
27750.056 2.153512151039319e-06
27800.056 1.5351149319359458e-06
27850.056 1.6762351131545286e-06
27900.056 1.7366879529680197e-06
27950.056 2.078601068279872e-06
28000.056 1.8867720945304346e-06
28050.056 1.404125760718393e-06
28100.056 2.159724432640621e-06
28150.056 1.6771460489100536e-06
28200.056 1.4109053415140244e-06
28250.056 1.8883050647399912e-06
28300.056 2.185656557630348e-06
28350.056 1.566939217633519e-06
28400.056 1.787699326728062e-06
28450.056 1.879852949809721e-06
28500.056 1.8547309166646188e-06
28550.056 1.2694201585196108e-06
28600.056 2.178661557480071e-06
28650.056 1.929376238879918e-06
28700.056 1.6957173114997714e-06
28750.056 1.9636263153699603e-06
28800.056 1.8871993243803851e-06
28850.056 1.9715835332201813e-06
