galfind/configs/Brown_Dwarf_templates/sonora_bobcat/m+0.5/3160g/sp_t500g3160nc_m+0.5_resample.dat
# %ECSV 1.0
# ---
# datatype:
# - {name: wav, unit: Angstrom, datatype: float64}
# - {name: flux_nu, unit: erg / (cm2 Hz s), datatype: float64}
# meta: {C/O: '1.00', Kzz: '1.0000E+05', Teff: '500.', Y: '0.28', '[Fe/H]': '0.50', f_hole: '1.00', f_rain: '0.00', grav: '3160.'}
# schema: astropy-2.0
wav flux_nu
4000.0559999999996 nan
4050.0559999999996 8.970189234711193e-17
4100.056 3.679132057490062e-15
4150.056 2.7314740688000272e-14
4200.056 2.973003142503016e-14
4250.056 2.211624209790018e-13
4300.056 4.990524067300024e-13
4350.056 9.004133400600033e-13
4400.056 1.4871662365000053e-12
4450.056 2.3162739144000072e-12
4500.056 3.4583779699000104e-12
4550.056 3.821585866499983e-12
4600.056 1.1615203602299954e-12
4650.056 6.520756336099965e-13
4700.056 3.108304287499975e-13
4750.056 1.2082926400499906e-13
4800.056 6.20701810879997e-14
4850.056 3.8306170463999854e-14
4900.056 2.8616643742999934e-14
4950.056 2.2869245935999946e-14
5000.056 1.6904591267999942e-14
5050.056 1.3308080848000005e-14
5100.056 1.3846888671000027e-14
5150.056 1.495328257900001e-14
5200.056 1.6247814693000017e-14
5250.056 1.7484132966000015e-14
5300.056 1.8756554518000016e-14
5350.056 2.0156577817000016e-14
5400.056 2.155812415800002e-14
5450.056 2.3091266938000037e-14
5500.056 2.4699743731000016e-14
5550.056 2.6287939945000018e-14
5600.056 2.7693458234000018e-14
5650.056 2.8721318613000004e-14
5700.056 2.868825195300001e-14
5750.056 2.7582191562999972e-14
5800.056 2.4353232584999933e-14
5850.056 1.7398066062799817e-14
5900.056 5.8200968719072004e-15
5950.056 3.2388858798000526e-14
6000.056 6.52355934460003e-14
6050.056 1.150406721770008e-13
6100.056 1.8374224682000127e-13
6150.056 2.770386859400016e-13
6200.056 4.04630127790002e-13
6250.056 5.691078659000024e-13
6300.056 7.93168244690003e-13
6350.056 1.083690177870004e-12
6400.056 1.4603851650000064e-12
6450.056 1.8992132603000007e-12
6500.056 2.5148722305000154e-12
6550.056 3.3299237204999954e-12
6600.056 4.361908215300037e-12
6650.056 5.675787358500026e-12
6700.056 6.855292990400025e-12
6750.056 8.89817989140003e-12
6800.056 1.0265327035800019e-11
6850.056 1.0406153555699989e-11
6900.056 8.998778027699994e-12
6950.056 7.510171998499998e-12
7000.056 7.48937540859996e-12
7050.056 7.811068371099975e-12
7100.056 8.473152557799984e-12
7150.056 7.839964693699901e-12
7200.056 7.239459264800011e-12
7250.056 7.46968611059972e-12
7300.056 7.2163917300002526e-12
7350.056 7.627875541499983e-12
7400.056 7.958454732500075e-12
7450.056 8.425747566000096e-12
7500.056 8.685914227399999e-12
7550.056 8.729725297e-12
7600.056 8.469279061399982e-12
7650.056 4.354793908479916e-12
7700.056 4.264145883460071e-12
7750.056 9.163299524100098e-12
7800.056 1.2808194372700067e-11
7850.056 1.7630501038999992e-11
7900.056 2.3067036234000082e-11
7950.056 2.6766549012000155e-11
8000.056 3.7685375873000254e-11
8050.056 4.716837629800033e-11
8100.056 5.01471253439993e-11
8150.056 5.186566885180093e-11
8200.056 7.765252197820195e-11
8250.056 8.807515207229955e-11
8300.056 1.074012658933013e-10
8350.056 1.2816436853199983e-10
8400.056 1.5631081889500065e-10
8450.056 1.9852225414000045e-10
8500.056 2.3227613068999873e-10
8550.056 2.838418709500043e-10
8600.056 3.41516788630002e-10
8650.056 3.957282134100023e-10
8700.056 4.4410869582000276e-10
8750.056 5.041873165500028e-10
8800.056 5.522665298700011e-10
8850.056 5.445405642099939e-10
8900.056 3.1108042180998826e-10
8950.056 2.6628357942300255e-10
9000.056 2.6913599345198474e-10
9050.056 5.801857183730044e-10
9100.056 6.343316547049297e-10
9150.056 6.87076194726005e-10
9200.056 8.840649935320349e-10
9250.056 7.80582802651973e-10
9300.056 6.859598167943666e-11
9350.056 1.1773278861541614e-10
9400.056 4.2393243822461167e-10
9450.056 3.172038855989251e-10
9500.056 2.767086868871136e-10
9550.056 2.866338115852691e-10
9600.056 3.3477051370208444e-10
9650.056 5.153395218106561e-10
9700.056 1.047123751732847e-09
9750.056 1.0752119897251273e-09
9800.056 1.3386013799669771e-09
9850.056 1.6728040070899698e-09
9900.056 2.218582715860074e-09
9950.056 2.4698984321000475e-09
10000.056 2.4315702420430025e-09
10050.056 3.284616029400025e-09
10100.056 3.6998705258000314e-09
10150.056 3.6689669746000043e-09
10200.056 3.4561564909001285e-09
10250.056 4.12628006343005e-09
10300.056 5.259429698199799e-09
10350.056 4.857912101200171e-09
10400.056 6.514252312300068e-09
10450.056 7.797396833099608e-09
10500.056 9.044291663599964e-09
10550.056 1.0548572861900056e-08
10600.056 1.1477348358400052e-08
10650.056 1.2120697646000048e-08
10700.056 1.2080583634900008e-08
10750.056 1.2504463113099974e-08
10800.056 1.2391031623200075e-08
10850.056 1.164700354210003e-08
10900.056 9.338260044999753e-09
10950.056 5.03676175219994e-09
11000.056 2.7397087618897418e-09
11050.056 1.2124159054091968e-09
11100.056 5.224035763531406e-10
11150.056 2.0469134766711093e-10
11200.056 1.8184304391929857e-10
11250.056 2.875927756736713e-10
11300.056 3.820837262718739e-10
11350.056 1.2430671358006955e-10
11400.056 6.295634579944664e-10
11450.056 3.0867248833058327e-10
11500.056 3.256089953018954e-10
11550.056 1.0007763695943137e-10
11600.056 6.210382833783643e-11
11650.056 2.0514854852251727e-10
11700.056 2.728361356309462e-10
11750.056 1.085794421771274e-10
11800.056 5.142989693239791e-10
11850.056 8.11990858887997e-10
11900.056 1.0496566556709776e-09
11950.056 1.593155894460099e-09
12000.056 2.3542899967901353e-09
12050.056 3.4863987215000506e-09
12100.056 4.468862348079917e-09
12150.056 6.125054324299947e-09
12200.056 7.2361087811000754e-09
12250.056 9.63388017599971e-09
12300.056 1.3246131477200433e-08
12350.056 1.4736533733600017e-08
12400.056 1.958989074039997e-08
12450.056 2.468307692100023e-08
12500.056 2.7857130428000598e-08
12550.056 3.161867793400006e-08
12600.056 3.515270192600036e-08
12650.056 3.716512563399993e-08
12700.056 3.6722496128999844e-08
12750.056 2.9183097365000194e-08
12800.056 2.3200515513999572e-08
12850.056 1.536715012169953e-08
12900.056 1.1807217249299916e-08
12950.056 9.365036695100282e-09
13000.056 1.0021225378400767e-08
13050.056 6.905870107939963e-09
13100.056 6.881284886545405e-09
13150.056 4.306782187487011e-09
13200.056 4.364698957967657e-09
13250.056 3.078820880504054e-09
13300.056 1.1540196959965348e-09
13350.056 3.711772269705502e-10
13400.056 7.740275157543132e-11
13450.056 2.2397115975848753e-11
13500.056 8.104475520903883e-12
13550.056 2.3365754550742073e-12
13600.056 7.617504730071773e-13
13650.056 4.7000992134098156e-12
13700.056 2.536458366943396e-12
13750.056 9.949061946141988e-12
13800.056 1.0559543003267819e-11
13850.056 3.6672235216162895e-12
13900.056 5.968501038751266e-12
13950.056 5.760025641414321e-12
14000.056 7.97274662391482e-12
14050.056 1.1684839974052623e-11
14100.056 9.34158485510814e-12
14150.056 2.004828468650617e-11
14200.056 1.337617060646268e-11
14250.056 1.8489161299461492e-11
14300.056 6.421824996668983e-11
14350.056 4.935461001304112e-11
14400.056 4.8715156393505524e-11
14450.056 9.87503468384647e-11
14500.056 2.1125376012652838e-10
14550.056 2.2226664941680227e-10
14600.056 4.1448231164023143e-10
14650.056 2.1156079543176046e-10
14700.056 9.804170363126526e-11
14750.056 6.801171243970361e-11
14800.056 8.390076704670518e-11
14850.056 9.239252524526864e-11
14900.056 9.50501164905467e-11
14950.056 8.861559685125162e-11
15000.056 2.2912558307884577e-10
15050.056 2.526431703387363e-10
15100.056 1.3898789601563235e-10
15150.056 7.349271692945072e-11
15200.056 2.1026073013996752e-10
15250.056 4.5871949103028447e-10
15300.056 6.007266100965152e-10
15350.056 7.949550621279518e-10
15400.056 1.045376287217841e-09
15450.056 1.4517817084488102e-09
15500.056 1.8941253420397524e-09
15550.056 3.0703485818904284e-09
15600.056 4.760183633589699e-09
15650.056 7.391490433400651e-09
15700.056 1.1108950414400125e-08
15750.056 1.3557815748300347e-08
15800.056 1.618920500179991e-08
15850.056 1.9044692221000614e-08
15900.056 1.9334883472000017e-08
15950.056 1.9382646871999838e-08
16000.056 1.5930644965999884e-08
16050.056 1.0416851729699626e-08
16100.056 6.325216252699857e-09
16150.056 3.3852954296897353e-09
16200.056 1.6126495129730948e-09
16250.056 1.0227729094371788e-09
16300.056 6.660260292989053e-10
16350.056 8.285483394207095e-10
16400.056 9.8322252546392e-10
16450.056 1.0407066894177548e-09
16500.056 9.904702483460872e-10
16550.056 1.0301819546555065e-09
16600.056 1.7213079362129724e-09
16650.056 1.0936143259103456e-09
16700.056 1.8423459547802867e-10
16750.056 6.625594864106204e-10
16800.056 1.0352396720916288e-09
16850.056 1.076889309120069e-09
16900.056 5.815613933727141e-10
16950.056 4.047273410501776e-10
17000.056 2.3860533908776903e-10
17050.056 4.674479564152679e-10
17100.056 7.720353134035687e-10
17150.056 5.070807234088754e-10
17200.056 1.376187934872699e-09
17250.056 7.039853125612317e-10
17300.056 5.335282187824975e-10
17350.056 5.761476439844107e-10
17400.056 8.713605067408726e-10
17450.056 1.0812837078687501e-09
17500.056 1.3661146699722202e-09
17550.056 1.054490153321581e-09
17600.056 9.188289425121577e-10
17650.056 6.900912813841807e-10
17700.056 5.684560400929722e-10
17750.056 4.125072098665179e-10
17800.056 7.520283584665224e-10
17850.056 3.7664530635081723e-10
17900.056 2.9325412549323825e-10
17950.056 1.7478002514758916e-10
18000.056 3.273950745692067e-10
18050.056 1.3929601499716076e-10
18100.056 1.7202208378251272e-10
18150.056 1.4542184178900803e-10
18200.056 9.260322317106539e-11
18250.056 3.608307453380271e-10
18300.056 6.122418376296091e-11
18350.056 5.606967816168226e-11
18400.056 3.6578799770146906e-11
18450.056 2.0388798680634517e-10
18500.056 1.9826734797149362e-10
18550.056 9.191950802174896e-11
18600.056 1.203752458972073e-10
18650.056 7.374965062474985e-11
18700.056 1.7717602337012607e-11
18750.056 4.5924398552684003e-11
18800.056 3.612187522411339e-10
18850.056 3.326487717489198e-10
18900.056 2.761584029647257e-10
18950.056 5.712603361592933e-10
19000.056 1.2724104163672537e-10
19050.056 5.272286428978675e-11
19100.056 1.5740954110681315e-10
19150.056 5.838037491623502e-11
19200.056 1.137266339778743e-10
19250.056 7.029677666488224e-11
19300.056 4.4036101038749e-11
19350.056 4.261667743889747e-11
19400.056 3.201380609743332e-11
19450.056 5.6671949716702484e-11
19500.056 5.015529682515745e-11
19550.056 8.211786094227269e-11
19600.056 1.639559676578263e-10
19650.056 1.2836270419570625e-10
19700.056 1.8947826198590758e-10
19750.056 3.021801947135438e-10
19800.056 1.861579810269251e-10
19850.056 2.5182576471903834e-10
19900.056 3.4814992644658856e-10
19950.056 5.634136451029799e-10
20000.056 6.672196558541587e-10
20050.056 5.25562773184514e-10
20100.056 9.799961669046244e-10
20150.056 5.883352544886383e-10
20200.056 3.881833233637178e-10
20250.056 8.483330223293501e-10
20300.056 9.940492282390892e-10
20350.056 1.0920150675139724e-09
20400.056 9.239860094019277e-10
20450.056 1.8853167599085278e-09
20500.056 2.210679788179759e-09
20550.056 2.5503477869900604e-09
20600.056 2.8783594983203107e-09
20650.056 3.634364870899927e-09
20700.056 4.1711206272199565e-09
20750.056 4.67577311759989e-09
20800.056 4.758784042499538e-09
20850.056 5.632627965200114e-09
20900.056 6.002163690499852e-09
20950.056 5.941631283800157e-09
21000.056 5.886217643200046e-09
21050.056 6.217096862899861e-09
21100.056 6.005930328900039e-09
21150.056 5.978400198799745e-09
21200.056 5.630623070300141e-09
21250.056 5.235352644999607e-09
21300.056 4.536690433000099e-09
21350.056 4.333740187839817e-09
21400.056 4.200808962200276e-09
21450.056 3.3370971944581206e-09
21500.056 2.8806444476996e-09
21550.056 2.5643165397686314e-09
21600.056 2.207849870798623e-09
21650.056 1.582555414718381e-09
21700.056 1.4504123250489125e-09
21750.056 1.225120963143902e-09
21800.056 7.919446540113162e-10
21850.056 7.041509600620083e-10
21900.056 4.760204058482519e-10
21950.056 2.138745462039293e-10
22000.056 3.2582495142889594e-11
22050.056 5.106170439302679e-11
22100.056 2.0187612184710993e-10
22150.056 1.4027525742180788e-10
22200.056 1.4599623935173174e-10
22250.056 1.2184364797235027e-10
22300.056 5.7173773943798825e-11
22350.056 7.608245676429253e-11
22400.056 2.4741487655319173e-11
22450.056 4.485303088491134e-11
22500.056 3.418982756867663e-11
22550.056 1.7899613684225e-11
22600.056 1.4674102718429163e-11
22650.056 2.7187519181697706e-11
22700.056 2.5067611895315574e-11
22750.056 3.7707776367664076e-11
22800.056 4.150293661167607e-11
22850.056 2.749944155872419e-11
22900.056 2.1381862982031735e-11
22950.056 1.7308451304723528e-11
23000.056 2.1889901254728682e-11
23050.056 2.8507682639161903e-11
23100.056 1.8873079391207978e-10
23150.056 1.6100668040301379e-10
23200.056 5.457825500655081e-12
23250.056 2.959921402102911e-11
23300.056 2.3802285629673918e-11
23350.056 3.152046500429095e-11
23400.056 2.205547178279054e-11
23450.056 1.4624278653078905e-11
23500.056 1.6472413121162278e-11
23550.056 3.784841787775404e-11
23600.056 8.616428576622463e-11
23650.056 1.0490576898789112e-10
23700.056 1.6213379955017405e-11
23750.056 1.904834595861607e-11
23800.056 1.0601960590863378e-10
23850.056 6.246758088348212e-11
23900.056 1.5541599016678822e-10
23950.056 7.416366094855082e-11
24000.056 1.8949002668382472e-10
24050.056 1.943161562717342e-10
24100.056 2.250766544575265e-10
24150.056 3.445799816912857e-10
24200.056 2.3091711957300764e-10
24250.056 1.8295048889019122e-10
24300.056 3.965576626955441e-10
24350.056 2.687972470099714e-10
24400.056 6.535794101402993e-10
24450.056 6.376746797396516e-10
24500.056 5.250485214225395e-10
24550.056 9.533920539741791e-10
24600.056 9.868506007618844e-10
24650.056 1.4202344798485168e-09
24700.056 8.098898129322226e-10
24750.056 1.0105917687811406e-09
24800.056 7.967730684875604e-10
24850.056 1.4454339535684893e-09
24900.056 4.3831934233029083e-10
24950.056 1.0538238063130209e-09
25000.056 9.590585089028065e-10
25050.056 4.532364311569728e-10
25100.056 8.610794115702777e-10
25150.056 3.545796471576505e-10
25200.056 5.123017128465154e-10
25250.056 1.5728272606029194e-10
25300.056 2.468744535570742e-10
25350.056 9.627585903585052e-11
25400.056 2.865969523137834e-10
25450.056 7.842679875891413e-11
25500.056 6.50858265574275e-11
25550.056 1.6710772300519362e-10
25600.056 9.401671426247964e-11
25650.056 3.3403127761385236e-11
25700.056 3.823001488214674e-11
25750.056 9.477710671173595e-12
25800.056 6.386357484469797e-11
25850.056 1.0416539911621917e-11
25900.056 1.6328973529581002e-11
25950.056 3.0166844565635737e-12
26000.056 5.756763598153418e-11
26050.056 5.123359083492252e-12
26100.056 3.482406560493495e-11
26150.056 1.2925621708093168e-11
26200.056 1.7631894993061073e-11
26250.056 1.5830342784199798e-10
26300.056 2.4476900387308283e-11
26350.056 3.219858264813113e-10
26400.056 4.4609866486447487e-10
26450.056 2.2899448678533067e-10
26500.056 6.052167298122983e-10
26550.056 5.326897848692813e-11
26600.056 6.001609252169296e-11
26650.056 6.913672707855512e-12
26700.056 3.939259755312565e-12
26750.056 5.905001353609157e-12
26800.056 2.2246199977366763e-11
26850.056 1.167476765231168e-11
26900.056 6.903982044955832e-11
26950.056 2.1372282829422684e-11
27000.056 1.367677341386431e-10
27050.056 1.7360890402701153e-10
27100.056 1.4361572478216406e-11
27150.056 2.144145622313976e-10
27200.056 1.3609041931615625e-11
27250.056 5.851392554355326e-11
27300.056 5.578465398654432e-10
27350.056 1.4840606297875497e-10
27400.056 6.282944805650724e-12
27450.056 2.0235926460714824e-10
27500.056 2.7828299753399786e-10
27550.056 2.9987471443380045e-11
27600.056 1.050183584681626e-10
27650.056 2.2899895173199785e-11
27700.056 2.133185920405214e-11
27750.056 1.7117778935590082e-10
27800.056 4.79135519336375e-11
27850.056 8.513418488461638e-11
27900.056 1.0146632063498097e-10
27950.056 2.526001398360059e-10
28000.056 2.152639873208039e-10
28050.056 2.2748548461322603e-11
28100.056 2.606785576192828e-10
28150.056 1.6995953336576847e-10
28200.056 4.113918986941341e-11
28250.056 3.5799756705234725e-10
28300.056 3.406994351237012e-10
28350.056 5.141048743759282e-11
28400.056 2.3045924986685959e-10
28450.056 4.4753123086245625e-10
28500.056 2.3943884801465693e-10
28550.056 4.3443372321708514e-11
28600.056 4.226333031045189e-10
28650.056 2.490543264892344e-10
28700.056 3.853075725479181e-10
28750.056 7.186056454489896e-10
28800.056 2.7691241452419494e-10
28850.056 6.377126724372069e-10
