galfind/configs/Brown_Dwarf_templates/sonora_bobcat/m+0.5/3160g/sp_t525g3160nc_m+0.5_resample.dat
# %ECSV 1.0
# ---
# datatype:
# - {name: wav, unit: Angstrom, datatype: float64}
# - {name: flux_nu, unit: erg / (cm2 Hz s), datatype: float64}
# meta: {C/O: '1.00', Kzz: '1.0000E+05', Teff: '525.', Y: '0.28', '[Fe/H]': '0.50', f_hole: '1.00', f_rain: '0.00', grav: '3160.'}
# schema: astropy-2.0
wav flux_nu
4000.0559999999996 nan
4050.0559999999996 1.2333773863026278e-16
4100.056 5.968313301670105e-15
4150.056 4.7830822699000485e-14
4200.056 5.089605265662025e-14
4250.056 3.9995020818000336e-13
4300.056 9.09906788050004e-13
4350.056 1.6486518520000061e-12
4400.056 2.72514801660001e-12
4450.056 4.242808287400012e-12
4500.056 6.323118382300017e-12
4550.056 6.745936813699966e-12
4600.056 1.687655013099992e-12
4650.056 8.798543227399946e-13
4700.056 3.897971319099966e-13
4750.056 1.3949728934199886e-13
4800.056 6.862935574999965e-14
4850.056 4.169794203099983e-14
4900.056 3.0947695577999927e-14
4950.056 2.464600736399994e-14
5000.056 1.8123540166999935e-14
5050.056 1.4254970756000002e-14
5100.056 1.480977931500003e-14
5150.056 1.594132335300001e-14
5200.056 1.7230980908000018e-14
5250.056 1.8463520877000014e-14
5300.056 1.9755933179000017e-14
5350.056 2.1212809504000018e-14
5400.056 2.270768869300002e-14
5450.056 2.4312940206000038e-14
5500.056 2.5943672928000018e-14
5550.056 2.7487773342000013e-14
5600.056 2.8806975331000016e-14
5650.056 2.9759330726999996e-14
5700.056 2.976948951700002e-14
5750.056 2.8701611737999976e-14
5800.056 2.5269487334999928e-14
5850.056 1.784849997389981e-14
5900.056 6.011476327430205e-15
5950.056 3.349659683000055e-14
6000.056 6.80967533200003e-14
6050.056 1.1921243083600087e-13
6100.056 1.904006821200013e-13
6150.056 2.8852746728000164e-13
6200.056 4.2242148365000207e-13
6250.056 5.945435310600024e-13
6300.056 8.28196944540003e-13
6350.056 1.1334842177700042e-12
6400.056 1.5329613581000067e-12
6450.056 2.006379662400001e-12
6500.056 2.6619534656000156e-12
6550.056 3.5214155976999965e-12
6600.056 4.60647206460004e-12
6650.056 5.983382810400026e-12
6700.056 7.231664893900029e-12
6750.056 9.38043296780003e-12
6800.056 1.0842719777000021e-11
6850.056 1.103671779399999e-11
6900.056 9.6245765497e-12
6950.056 8.116465196699995e-12
7000.056 8.086990722899963e-12
7050.056 8.463466534499972e-12
7100.056 9.174407779099982e-12
7150.056 8.602827860099898e-12
7200.056 8.045533592400016e-12
7250.056 8.262488581599696e-12
7300.056 7.973349318900276e-12
7350.056 8.329643144799977e-12
7400.056 8.604752838100088e-12
7450.056 9.01281565340011e-12
7500.056 9.208698412899998e-12
7550.056 9.192600663800001e-12
7600.056 8.911959581499981e-12
7650.056 4.4807086718699104e-12
7700.056 4.338693820280073e-12
7750.056 9.623562864100111e-12
7800.056 1.3446469139700067e-11
7850.056 1.8629696428e-11
7900.056 2.450006702100009e-11
7950.056 2.8464925205400172e-11
8000.056 4.033022471400027e-11
8050.056 5.065801435500036e-11
8100.056 5.489888270699926e-11
8150.056 5.826402925970091e-11
8200.056 8.541255354520217e-11
8250.056 9.760399535359946e-11
8300.056 1.1930491914300187e-10
8350.056 1.424354670099997e-10
8400.056 1.7312154745000048e-10
8450.056 2.1828093142000036e-10
8500.056 2.540080763999982e-10
8550.056 3.1073518307000483e-10
8600.056 3.737322193200022e-10
8650.056 4.3370417232000254e-10
8700.056 4.890959325500031e-10
8750.056 5.572360953900032e-10
8800.056 6.145729908900015e-10
8850.056 6.155177713699941e-10
8900.056 3.776181919799867e-10
8950.056 3.325615072690023e-10
9000.056 3.413709075869803e-10
9050.056 6.93012784539006e-10
9100.056 7.610837452278326e-10
9150.056 8.244433914730084e-10
9200.056 1.0461300446700357e-09
9250.056 9.428225348989705e-10
9300.056 1.0623800442843255e-10
9350.056 1.762106014598974e-10
9400.056 5.633273100605785e-10
9450.056 4.4353694249288767e-10
9500.056 3.923183070545451e-10
9550.056 4.1035244349813326e-10
9600.056 4.700526434362576e-10
9650.056 6.986811766635672e-10
9700.056 1.336628173145531e-09
9750.056 1.385727754020164e-09
9800.056 1.7094581608709696e-09
9850.056 2.1139107467799613e-09
9900.056 2.765851022850088e-09
9950.056 3.0729715653000575e-09
10000.056 3.0457351967400005e-09
10050.056 4.099892452900035e-09
10100.056 4.655865827200042e-09
10150.056 4.741347895200014e-09
10200.056 4.638556213600163e-09
10250.056 5.486991619600067e-09
10300.056 6.855938459299741e-09
10350.056 6.568994364800221e-09
10400.056 8.536196909600082e-09
10450.056 1.0057037808299498e-08
10500.056 1.1531578700499928e-08
10550.056 1.3275519519500068e-08
10600.056 1.4369934053000055e-08
10650.056 1.519347464600007e-08
10700.056 1.524439500200002e-08
10750.056 1.581253872929999e-08
10800.056 1.5739447200800092e-08
10850.056 1.4895309580400046e-08
10900.056 1.202031123169969e-08
10950.056 6.598959513099934e-09
11000.056 3.7054999632796445e-09
11050.056 1.7206776407483961e-09
11100.056 7.873897626961278e-10
11150.056 3.308374488750396e-10
11200.056 3.0381324636310074e-10
11250.056 4.732070467413491e-10
11300.056 6.047545970915218e-10
11350.056 2.0514401944103327e-10
11400.056 9.472209769509498e-10
11450.056 4.896081372688262e-10
11500.056 5.111003872166124e-10
11550.056 1.673059371828521e-10
11600.056 1.110993073802417e-10
11650.056 3.321378155349957e-10
11700.056 4.3115810532111826e-10
11750.056 1.7618046354323884e-10
11800.056 7.836932311439665e-10
11850.056 1.2500096184169898e-09
11900.056 1.6240171641199617e-09
11950.056 2.458286237440164e-09
12000.056 3.5945462817801917e-09
12050.056 5.247195891200076e-09
12100.056 6.759382423559851e-09
12150.056 9.167944937299882e-09
12200.056 1.0863963521400117e-08
12250.056 1.4229820732899527e-08
12300.056 1.911598268560059e-08
12350.056 2.1021115199899988e-08
12400.056 2.750626423799992e-08
12450.056 3.4056197639000316e-08
12500.056 3.823822999500096e-08
12550.056 4.323968248899997e-08
12600.056 4.7172486067000415e-08
12650.056 4.891834295299988e-08
12700.056 4.8096580451999865e-08
12750.056 3.8909712566000316e-08
12800.056 3.1777456571999503e-08
12850.056 2.1622175512299416e-08
12900.056 1.6827850037999948e-08
12950.056 1.3521787272800409e-08
13000.056 1.4338869853501092e-08
13050.056 1.0124938512169986e-08
13100.056 1.0062224948379132e-08
13150.056 6.5033559765916065e-09
13200.056 6.483567792765535e-09
13250.056 4.518009132754801e-09
13300.056 1.746480881148947e-09
13350.056 5.549270329004184e-10
13400.056 1.2471002975174656e-10
13450.056 3.9892279561852254e-11
13500.056 1.5472952691596337e-11
13550.056 5.0769868250468956e-12
13600.056 1.8143823226616165e-12
13650.056 1.0091068517874803e-11
13700.056 5.6835920054173124e-12
13750.056 1.9541273113609382e-11
13800.056 2.099433939727809e-11
13850.056 8.009117544528268e-12
13900.056 1.205648417477176e-11
13950.056 1.1744197209553205e-11
14000.056 1.5360971289407342e-11
14050.056 2.2631076822819973e-11
14100.056 1.8051235736135224e-11
14150.056 3.6331399946321936e-11
14200.056 2.4540437671615847e-11
14250.056 3.285442451047088e-11
14300.056 1.0617878364774842e-10
14350.056 8.413809412632813e-11
14400.056 8.350834455224702e-11
14450.056 1.5975330040264796e-10
14500.056 3.348356445380717e-10
14550.056 3.475023865385334e-10
14600.056 6.334886693236259e-10
14650.056 3.5228870462180077e-10
14700.056 1.7017968342613138e-10
14750.056 1.2929198895082955e-10
14800.056 1.6350490040686444e-10
14850.056 1.7984887969455676e-10
14900.056 1.8672319377790335e-10
14950.056 1.8185970283726126e-10
15000.056 4.3601279404300644e-10
15050.056 4.685296622921074e-10
15100.056 2.8509332854514186e-10
15150.056 1.6894220565358788e-10
15200.056 4.230287411022338e-10
15250.056 8.906003626590834e-10
15300.056 1.141672724884209e-09
15350.056 1.5103652034771556e-09
15400.056 1.9718255421590702e-09
15450.056 2.6681713233733984e-09
15500.056 3.3938452353645594e-09
15550.056 5.217578064670674e-09
15600.056 7.718033991449559e-09
15650.056 1.1320409118100897e-08
15700.056 1.6290975675700128e-08
15750.056 1.9425916696000492e-08
15800.056 2.261833010199985e-08
15850.056 2.608718588700076e-08
15900.056 2.598214429700003e-08
15950.056 2.5568688627999732e-08
16000.056 2.086108674699989e-08
16050.056 1.363483162929951e-08
16100.056 8.443596206999779e-09
16150.056 4.643887165229655e-09
16200.056 2.3163280830311324e-09
16250.056 1.5360113225680474e-09
16300.056 1.0367692301205736e-09
16350.056 1.2842537981373917e-09
16400.056 1.527015748765822e-09
16450.056 1.600347730687591e-09
16500.056 1.5706170256059309e-09
16550.056 1.611466984528295e-09
16600.056 2.5209847753844144e-09
16650.056 1.6325364350953094e-09
16700.056 2.953810837359999e-10
16750.056 9.948480028051468e-10
16800.056 1.554466121093668e-09
16850.056 1.6206194852038502e-09
16900.056 9.265756599455712e-10
16950.056 6.559264540340551e-10
17000.056 4.0092634397687326e-10
17050.056 7.606254657071694e-10
17100.056 1.2058847752964399e-09
17150.056 8.08305632258921e-10
17200.056 2.060798774045129e-09
17250.056 1.1325276628185875e-09
17300.056 8.632446157148766e-10
17350.056 9.070053338044071e-10
17400.056 1.314051909544543e-09
17450.056 1.609212591927713e-09
17500.056 1.9910963637903486e-09
17550.056 1.5559414355781473e-09
17600.056 1.3496299791832499e-09
17650.056 1.0506597307682244e-09
17700.056 8.591338332442673e-10
17750.056 6.389147007474979e-10
17800.056 1.1200586669666588e-09
17850.056 5.798049112199333e-10
17900.056 4.687241089692701e-10
17950.056 2.891118086752737e-10
18000.056 5.132358266862889e-10
18050.056 2.369805978741803e-10
18100.056 2.925372400822687e-10
18150.056 2.5942572551031583e-10
18200.056 1.6491505263989852e-10
18250.056 6.021210166398425e-10
18300.056 1.1881095301673948e-10
18350.056 1.0783976359406438e-10
18400.056 7.343482535132388e-11
18450.056 3.470877711089058e-10
18500.056 3.349274168795969e-10
18550.056 1.6803397150862605e-10
18600.056 2.0816784461950993e-10
18650.056 1.3115601025003253e-10
18700.056 3.797482132844782e-11
18750.056 9.38703103933939e-11
18800.056 6.021911570489829e-10
18850.056 5.615870347740714e-10
18900.056 4.607944765136836e-10
18950.056 9.527779398631723e-10
19000.056 2.405570082341662e-10
19050.056 1.046443085818607e-10
19100.056 2.881288752876868e-10
19150.056 1.1248516480005836e-10
19200.056 2.058851196488962e-10
19250.056 1.2833473153408083e-10
19300.056 8.397267304712729e-11
19350.056 7.975377932142111e-11
19400.056 6.128043595933716e-11
19450.056 1.0824437492455788e-10
19500.056 9.531126888952916e-11
19550.056 1.441559706946868e-10
19600.056 2.752250063405896e-10
19650.056 2.2227470165387533e-10
19700.056 3.126795691910301e-10
19750.056 4.992106372933582e-10
19800.056 3.207456645299841e-10
19850.056 4.3513132860636756e-10
19900.056 5.718048501820654e-10
19950.056 9.167529662480171e-10
20000.056 1.0796127323543712e-09
20050.056 8.819255538161655e-10
20100.056 1.6220583367647555e-09
20150.056 9.725561831855242e-10
20200.056 6.716757395419572e-10
20250.056 1.4082139770298837e-09
20300.056 1.6278830581020326e-09
20350.056 1.7712527829435347e-09
20400.056 1.516967252091879e-09
20450.056 3.0015164455348397e-09
20500.056 3.5014099947595496e-09
20550.056 4.003784962270147e-09
20600.056 4.502217729540481e-09
20650.056 5.635142882599912e-09
20700.056 6.4163833632999525e-09
20750.056 7.169358156899798e-09
20800.056 7.327048843699241e-09
20850.056 8.568828059900178e-09
20900.056 9.128601632799714e-09
20950.056 9.025488168100276e-09
21000.056 8.937029419100079e-09
21050.056 9.38389607049976e-09
21100.056 9.062858941800075e-09
21150.056 9.026520367999537e-09
21200.056 8.493743130000252e-09
21250.056 7.903346350199364e-09
21300.056 6.849019974100144e-09
21350.056 6.563332768309718e-09
21400.056 6.339951731140455e-09
21450.056 5.0964311118681615e-09
21500.056 4.428358405251792e-09
21550.056 3.934477007765361e-09
21600.056 3.392482766414187e-09
21650.056 2.4625977917161963e-09
21700.056 2.2814528790158666e-09
21750.056 1.9204684429128046e-09
21800.056 1.2727981907867234e-09
21850.056 1.1323195302388069e-09
21900.056 7.751071975316134e-10
21950.056 3.598728582992663e-10
22000.056 6.224895249229656e-11
22050.056 8.995692274413229e-11
22100.056 3.4197622990567727e-10
22150.056 2.46393870974448e-10
22200.056 2.5999622777342867e-10
22250.056 2.1833047169035132e-10
22300.056 1.079465792551743e-10
22350.056 1.3968713935827032e-10
22400.056 4.841935873391232e-11
22450.056 8.2581397051133e-11
22500.056 6.475718138675341e-11
22550.056 3.5747238207728653e-11
22600.056 2.976411685762875e-11
22650.056 5.42778712188669e-11
22700.056 4.8569961613743836e-11
22750.056 6.839427518635715e-11
22800.056 7.468611008797156e-11
22850.056 5.085234700661598e-11
22900.056 4.033741586615067e-11
22950.056 3.371137850018938e-11
23000.056 4.251694595219919e-11
23050.056 5.6598740933151134e-11
23100.056 3.2208864752947647e-10
23150.056 2.724954715552614e-10
23200.056 1.0891915659173073e-11
23250.056 5.307102193062632e-11
23300.056 4.325725447250411e-11
23350.056 5.700881972933841e-11
23400.056 4.089605868502088e-11
23450.056 2.850176624750272e-11
23500.056 3.23554150434413e-11
23550.056 6.884777220543034e-11
23600.056 1.4652201053935863e-10
23650.056 1.8137529240630863e-10
23700.056 3.1270109607212366e-11
23750.056 3.506803398775278e-11
23800.056 1.7261917370498619e-10
23850.056 1.0812181709916854e-10
23900.056 2.586255254102571e-10
23950.056 1.3398901648685335e-10
24000.056 3.1587188182290896e-10
24050.056 3.2705221669649286e-10
24100.056 3.616652013866969e-10
24150.056 5.483470430519768e-10
24200.056 3.775226466572304e-10
24250.056 3.055232894559213e-10
24300.056 6.225521643739508e-10
24350.056 4.329189043785859e-10
24400.056 9.897541407920745e-10
24450.056 9.677783229898843e-10
24500.056 8.134312122230912e-10
24550.056 1.4061973551787718e-09
24600.056 1.4425920478008244e-09
24650.056 2.061272117590489e-09
24700.056 1.1747800905581345e-09
24750.056 1.4490804635011847e-09
24800.056 1.1692118134883595e-09
24850.056 2.115361848109674e-09
24900.056 6.631361533136358e-10
24950.056 1.5844402806415108e-09
25000.056 1.4084409564249292e-09
25050.056 6.905483622238572e-10
25100.056 1.2863501153324484e-09
25150.056 5.521473299342692e-10
25200.056 7.911157073361551e-10
25250.056 2.5489118874327686e-10
25300.056 4.073396631262494e-10
25350.056 1.6232951879794295e-10
25400.056 4.737653736160469e-10
25450.056 1.3653965717632022e-10
25500.056 1.1573624975983699e-10
25550.056 2.7595053335603594e-10
25600.056 1.6403434396904933e-10
25650.056 6.079589209735056e-11
25700.056 7.71009693116622e-11
25750.056 1.9635004840953804e-11
25800.056 1.25396742603105e-10
25850.056 2.213304048304072e-11
25900.056 3.455441364136071e-11
25950.056 7.0982906567154396e-12
26000.056 1.1651497458652173e-10
26050.056 1.206576060152561e-11
26100.056 7.515544621371362e-11
26150.056 3.011195391416204e-11
26200.056 3.9030239580595554e-11
26250.056 3.127422659874241e-10
26300.056 5.614067837810267e-11
26350.056 5.789704259328496e-10
26400.056 7.512831384938138e-10
26450.056 4.213079488878904e-10
26500.056 1.0159099206634058e-09
26550.056 1.0596052980634967e-10
26600.056 1.2536203792605186e-10
26650.056 1.604546651241173e-11
26700.056 9.420311384016485e-12
26750.056 1.2716282718997172e-11
26800.056 4.3358513206141985e-11
26850.056 2.2978913124754485e-11
26900.056 1.2789886124425075e-10
26950.056 4.165368955722782e-11
27000.056 2.529829595881047e-10
27050.056 2.9999164170389516e-10
27100.056 3.176364888671775e-11
27150.056 3.891742883260134e-10
27200.056 3.0311187535289154e-11
27250.056 1.1620811430112082e-10
27300.056 9.555657686747096e-10
27350.056 2.7991456676482467e-10
27400.056 1.3518766976194168e-11
27450.056 3.705444961554601e-10
27500.056 4.97202708913801e-10
27550.056 5.918900558837893e-11
27600.056 1.948267609149344e-10
27650.056 4.5598485823674395e-11
27700.056 4.07380741323545e-11
27750.056 3.041876055146021e-10
27800.056 8.728634669577835e-11
27850.056 1.4744494643524782e-10
27900.056 1.7056737992679002e-10
27950.056 4.262720744210565e-10
28000.056 3.5266275645391863e-10
28050.056 4.137570940060574e-11
28100.056 4.165486686899364e-10
28150.056 2.7348438740875197e-10
28200.056 7.173846493884751e-11
28250.056 5.701267876777929e-10
28300.056 5.439409032422487e-10
28350.056 8.989654193057419e-11
28400.056 3.745766343641553e-10
28450.056 7.04265772857542e-10
28500.056 3.9461937169777297e-10
28550.056 7.49497402538076e-11
28600.056 6.8154492177795e-10
28650.056 4.1846798303399716e-10
28700.056 6.058564693914909e-10
28750.056 1.1005663119575564e-09
28800.056 4.597590157804441e-10
28850.056 9.723970623489338e-10
