galfind/configs/Brown_Dwarf_templates/sonora_bobcat/m+0.5/3160g/sp_t650g3160nc_m+0.5_resample.dat
# %ECSV 1.0
# ---
# datatype:
# - {name: wav, unit: Angstrom, datatype: float64}
# - {name: flux_nu, unit: erg / (cm2 Hz s), datatype: float64}
# meta: {C/O: '1.00', Kzz: '1.0000E+05', Teff: '650.', Y: '0.28', '[Fe/H]': '0.50', f_hole: '1.00', f_rain: '0.00', grav: '3160.'}
# schema: astropy-2.0
wav flux_nu
4000.0559999999996 nan
4050.0559999999996 7.446998652365329e-16
4100.056 8.471126908040167e-14
4150.056 7.738157023600078e-13
4200.056 7.683652466241739e-13
4250.056 6.535318646500056e-12
4300.056 1.4495524602000034e-11
4350.056 2.4803353167000096e-11
4400.056 3.828556322100013e-11
4450.056 5.62185601790001e-11
4500.056 7.550016044000006e-11
4550.056 7.181773914399957e-11
4600.056 1.1674710774599929e-11
4650.056 5.238776044899959e-12
4700.056 1.9795597597399786e-12
4750.056 4.992378095999938e-13
4800.056 1.6681003631999868e-13
4850.056 8.266937117899957e-14
4900.056 5.679702664499983e-14
4950.056 4.281833635499986e-14
5000.056 2.964611956899987e-14
5050.056 2.2167413606999992e-14
5100.056 2.259007233800004e-14
5150.056 2.393686350000002e-14
5200.056 2.540528709200002e-14
5250.056 2.6742196751000012e-14
5300.056 2.8105887290000013e-14
5350.056 2.967645783300002e-14
5400.056 3.1396437140000024e-14
5450.056 3.321084861200005e-14
5500.056 3.5036233255000037e-14
5550.056 3.6727613930000016e-14
5600.056 3.807559141100001e-14
5650.056 3.8802335126999984e-14
5700.056 3.842163949000001e-14
5750.056 3.658592842799997e-14
5800.056 3.2259620477999914e-14
5850.056 2.2761688983999763e-14
5900.056 7.86891692658325e-15
5950.056 4.3236871875000763e-14
6000.056 8.745370867600024e-14
6050.056 1.5262429416000137e-13
6100.056 2.4538741069000174e-13
6150.056 3.7341915275000214e-13
6200.056 5.494254433100026e-13
6250.056 7.852798354200037e-13
6300.056 1.1076879049000046e-12
6350.056 1.5359321954000066e-12
6400.056 2.10100895050001e-12
6450.056 2.809469585000003e-12
6500.056 3.7615560907000174e-12
6550.056 5.0013017317000045e-12
6600.056 6.581623966000055e-12
6650.056 8.576890439500038e-12
6700.056 1.0440761919500063e-11
6750.056 1.3597247339000045e-11
6800.056 1.5908628047000037e-11
6850.056 1.649883907399999e-11
6900.056 1.4848372463000017e-11
6950.056 1.2962577745799979e-11
7000.056 1.2828319583999993e-11
7050.056 1.3595462930999942e-11
7100.056 1.470160981399998e-11
7150.056 1.4514745678099866e-11
7200.056 1.4133672819300088e-11
7250.056 1.4196863399399547e-11
7300.056 1.3567788368500401e-11
7350.056 1.3479396919399937e-11
7400.056 1.3299858530800158e-11
7450.056 1.3206410321000175e-11
7500.056 1.2886761094999982e-11
7550.056 1.2313181336999988e-11
7600.056 1.1482082990999969e-11
7650.056 5.370865591619879e-12
7700.056 4.9572115238201045e-12
7750.056 1.2239809693900142e-11
7800.056 1.7385690639500066e-11
7850.056 2.5607123390000074e-11
7900.056 3.4625879362000105e-11
7950.056 4.059802772580027e-11
8000.056 6.006421785900044e-11
8050.056 7.725776572800057e-11
8100.056 9.079865466099899e-11
8150.056 1.0546739737300072e-10
8200.056 1.4454872267500363e-10
8250.056 1.7075873581159952e-10
8300.056 2.1045067735800656e-10
8350.056 2.5265563630599864e-10
8400.056 3.052368174999992e-10
8450.056 3.7672872919999985e-10
8500.056 4.2900099554999343e-10
8550.056 5.307856297500097e-10
8600.056 6.406809820400041e-10
8650.056 7.491667430300048e-10
8700.056 8.60378000350006e-10
8750.056 9.93435340000006e-10
8800.056 1.1227132179000052e-09
8850.056 1.1898579192999948e-09
8900.056 9.341286070199739e-10
8950.056 8.842421452579974e-10
9000.056 9.844448890599467e-10
9050.056 1.6265328785730164e-09
9100.056 1.8206863471910548e-09
9150.056 1.9881448836400405e-09
9200.056 2.4138604211800137e-09
9250.056 2.341708679941932e-09
9300.056 5.961204533730429e-10
9350.056 8.772263876448984e-10
9400.056 1.9165383729964577e-09
9450.056 1.7709622532122326e-09
9500.056 1.6550609180978442e-09
9550.056 1.7871330052368589e-09
9600.056 1.942751867285723e-09
9650.056 2.5714069881323833e-09
9700.056 4.015464257473364e-09
9750.056 4.298569503083477e-09
9800.056 5.125302553218861e-09
9850.056 6.115068758819893e-09
9900.056 7.637210609800183e-09
9950.056 8.424780638100131e-09
10000.056 8.572012640599966e-09
10050.056 1.1239643111000108e-08
10100.056 1.2960876619000117e-08
10150.056 1.4197613308000077e-08
10200.056 1.5326862447200376e-08
10250.056 1.7601293931300242e-08
10300.056 2.075424216629931e-08
10350.056 2.1944182772000575e-08
10400.056 2.5913215102000155e-08
10450.056 2.9065301555998835e-08
10500.056 3.2151515154999654e-08
10550.056 3.558489969700011e-08
10600.056 3.792476789000003e-08
10650.056 4.019671521600031e-08
10700.056 4.114187862200021e-08
10750.056 4.2883571998000166e-08
10800.056 4.334311520600028e-08
10850.056 4.1987198947000227e-08
10900.056 3.468191911799925e-08
10950.056 2.0498474615699926e-08
11000.056 1.310602238782866e-08
11050.056 7.315070223615581e-09
11100.056 4.1353040442708565e-09
11150.056 2.2022519170403765e-09
11200.056 2.2454679181177194e-09
11250.056 3.2643024110814205e-09
11300.056 3.700204741744116e-09
11350.056 1.462001197303274e-09
11400.056 4.842466172642761e-09
11450.056 2.9992601309675174e-09
11500.056 3.053710026892275e-09
11550.056 1.2793657536367475e-09
11600.056 1.064983603099891e-09
11650.056 2.255956890463844e-09
11700.056 2.704232556763185e-09
11750.056 1.2654038242544313e-09
11800.056 4.260485139912806e-09
11850.056 6.832546057419861e-09
11900.056 8.908106630709666e-09
11950.056 1.3175779291101054e-08
12000.056 1.821242980880053e-08
12050.056 2.4979344290400573e-08
12100.056 3.2019065259299014e-08
12150.056 4.143786214299889e-08
12200.056 4.918142948099993e-08
12250.056 6.085669089999801e-08
12300.056 7.56299721280019e-08
12350.056 8.050478881999963e-08
12400.056 9.863450807599905e-08
12450.056 1.1421512843600136e-07
12500.056 1.2482912362500391e-07
12550.056 1.3935292516099914e-07
12600.056 1.4679671026700066e-07
12650.056 1.4521391585599964e-07
12700.056 1.4150083254300052e-07
12750.056 1.2236282520500137e-07
12800.056 1.0941901630799934e-07
12850.056 8.172547187399913e-08
12900.056 6.667190769810077e-08
12950.056 5.677116123280118e-08
13000.056 5.781444011000365e-08
13050.056 4.479413148065012e-08
13100.056 4.381809757912661e-08
13150.056 3.153278123854449e-08
13200.056 2.9559543631898895e-08
13250.056 2.0233816168333976e-08
13300.056 8.817011922054626e-09
13350.056 2.72319566496341e-09
13400.056 8.127626524261051e-10
13450.056 3.552596896893329e-10
13500.056 1.7061647864307306e-10
13550.056 8.259950097935028e-11
13600.056 4.006021921032511e-11
13650.056 1.5432247411424792e-10
13700.056 9.996220663425059e-11
13750.056 2.2398412539142836e-10
13800.056 2.564166368956583e-10
13850.056 1.3144345121518025e-10
13900.056 1.5602035565451718e-10
13950.056 1.5571238754174526e-10
14000.056 1.742855605515753e-10
14050.056 2.47951151848781e-10
14100.056 1.9738743640227103e-10
14150.056 3.318719203725383e-10
14200.056 2.3658144728910447e-10
14250.056 2.826661697335284e-10
14300.056 7.09544469293314e-10
14350.056 6.240320277911398e-10
14400.056 6.335699298980808e-10
14450.056 9.940209027258167e-10
14500.056 1.9365684946245713e-09
14550.056 1.9899117385629008e-09
14600.056 3.3412161116773523e-09
14650.056 2.514578288557873e-09
14700.056 1.462662968944568e-09
14750.056 1.574377211265684e-09
14800.056 2.092487902579321e-09
14850.056 2.2318312225829366e-09
14900.056 2.3833054777491243e-09
14950.056 2.6884921796307506e-09
15000.056 4.640029063404966e-09
15050.056 4.88824044115261e-09
15100.056 4.348673480650201e-09
15150.056 3.924309126243813e-09
15200.056 5.893277537497685e-09
15250.056 1.0254540487191119e-08
15300.056 1.230199777001103e-08
15350.056 1.599673696339952e-08
15400.056 1.972084919018291e-08
15450.056 2.418214689869337e-08
15500.056 2.8138545389896897e-08
15550.056 3.672837296570348e-08
15600.056 4.603073585949837e-08
15650.056 5.5308293750002496e-08
15700.056 6.886364120500007e-08
15750.056 7.584879097100149e-08
15800.056 8.105989082699924e-08
15850.056 8.75662648210015e-08
15900.056 8.219761722300013e-08
15950.056 7.647167082199843e-08
16000.056 6.148211175400025e-08
16050.056 4.075380631799853e-08
16100.056 2.7203610995998906e-08
16150.056 1.6566459909599038e-08
16200.056 9.65169069362034e-09
16250.056 7.398559140718962e-09
16300.056 5.5997504426453316e-09
16350.056 6.6947299699691836e-09
16400.056 7.987358867727164e-09
16450.056 8.298361895865669e-09
16500.056 8.958534330132499e-09
16550.056 8.833549811749684e-09
16600.056 1.1115503382978063e-08
16650.056 7.59509111650605e-09
16700.056 1.8417053219571927e-09
16750.056 4.682173008997486e-09
16800.056 7.398112581652986e-09
16850.056 7.732306906403456e-09
16900.056 5.37242217428743e-09
16950.056 4.077488495262523e-09
17000.056 2.818768754558609e-09
17050.056 4.7721412918468885e-09
17100.056 6.623325341528138e-09
17150.056 4.803424906457758e-09
17200.056 9.618626100930098e-09
17250.056 6.623735613823113e-09
17300.056 5.1862041858164604e-09
17350.056 4.960648577253824e-09
17400.056 6.2341298426329986e-09
17450.056 7.229185333053379e-09
17500.056 8.417684295901843e-09
17550.056 6.877616163870802e-09
17600.056 5.9605863482613615e-09
17650.056 5.194374154845867e-09
17700.056 4.117297019917694e-09
17750.056 3.319290732091839e-09
17800.056 5.057511442965135e-09
17850.056 2.934929840811844e-09
17900.056 2.705167652326241e-09
17950.056 1.8461202419558591e-09
18000.056 2.7408769232724395e-09
18050.056 1.6523389764742466e-09
18100.056 1.9848305456092676e-09
18150.056 2.0872148923820117e-09
18200.056 1.3102077081173513e-09
18250.056 3.79359933219548e-09
18300.056 1.2380746413784026e-09
18350.056 1.112714747749507e-09
18400.056 8.703644234527697e-10
18450.056 2.3037471248800025e-09
18500.056 2.2133299678186217e-09
18550.056 1.4115922725145915e-09
18600.056 1.4490899610372318e-09
18650.056 1.0526512549239207e-09
18700.056 5.576031423618084e-10
18750.056 1.1147273004740794e-09
18800.056 3.801058525683341e-09
18850.056 3.764153630627356e-09
18900.056 3.1176059812187516e-09
18950.056 6.271916504430194e-09
19000.056 2.3582136822291307e-09
19050.056 1.3065780744552754e-09
19100.056 2.80293883753289e-09
19150.056 1.3441297245119753e-09
19200.056 2.156263147895669e-09
19250.056 1.3508168386727743e-09
19300.056 1.0156084295136743e-09
19350.056 9.412793019902829e-10
19400.056 7.361041053896813e-10
19450.056 1.3018700484446037e-09
19500.056 1.1789297021499052e-09
19550.056 1.2667108937101973e-09
19600.056 1.9824568885107095e-09
19650.056 1.9944136831186055e-09
19700.056 2.2457662319216263e-09
19750.056 3.477889281035933e-09
19800.056 2.7050964460455475e-09
19850.056 3.829245327200711e-09
19900.056 3.99502061062387e-09
19950.056 6.249428187764671e-09
20000.056 6.957352457206845e-09
20050.056 6.7703890756282345e-09
20100.056 1.064487764874878e-08
20150.056 7.170251395806676e-09
20200.056 6.345649437856102e-09
20250.056 1.0708036586754649e-08
20300.056 1.1703595348925214e-08
20350.056 1.2633010827359377e-08
20400.056 1.1675194454969713e-08
20450.056 1.9044519948404264e-08
20500.056 2.1781557885795174e-08
20550.056 2.340712662070229e-08
20600.056 2.6457451598202727e-08
20650.056 3.059095035090004e-08
20700.056 3.30878523632004e-08
20750.056 3.5934499488998546e-08
20800.056 3.717157701059549e-08
20850.056 4.03165930560008e-08
20900.056 4.26487662769973e-08
20950.056 4.166460149400188e-08
21000.056 4.0945620359000673e-08
21050.056 4.1580659785998335e-08
21100.056 4.0010872020000564e-08
21150.056 3.990064221599625e-08
21200.056 3.733373554300175e-08
21250.056 3.49548831523963e-08
21300.056 3.0328192218500315e-08
21350.056 2.945724623389856e-08
21400.056 2.8155774606802977e-08
21450.056 2.3951454340890295e-08
21500.056 2.140521593841283e-08
21550.056 1.9243633233261497e-08
21600.056 1.6808905549349274e-08
21650.056 1.318737842531769e-08
21700.056 1.275803223342963e-08
21750.056 1.0776011202788069e-08
21800.056 8.016321702486753e-09
21850.056 7.000275735443866e-09
21900.056 5.023415075194713e-09
21950.056 2.6773601470876e-09
22000.056 7.433409510924422e-10
22050.056 7.93890678461926e-10
22100.056 2.294277895393222e-09
22150.056 2.030921812151316e-09
22200.056 2.2315984005135244e-09
22250.056 1.907817367239007e-09
22300.056 1.1644688883282068e-09
22350.056 1.3536389859106016e-09
22400.056 6.603252572073911e-10
22450.056 8.363755523837662e-10
22500.056 7.376394192426527e-10
22550.056 5.095624806038212e-10
22600.056 4.605839394165874e-10
22650.056 7.02952227566007e-10
22700.056 5.877238388081701e-10
22750.056 6.6417734852038e-10
22800.056 7.079342964930174e-10
22850.056 5.466136832628289e-10
22900.056 4.664518327239436e-10
22950.056 4.2426385357625476e-10
23000.056 5.361390548802309e-10
23050.056 7.083077893575983e-10
23100.056 2.3169217635954955e-09
23150.056 2.0335801480984205e-09
23200.056 1.8071921090701292e-10
23250.056 5.276932346560283e-10
23300.056 4.5176985969735026e-10
23350.056 5.441155806392492e-10
23400.056 4.691675159768706e-10
23450.056 3.7865379516255426e-10
23500.056 4.316970868434552e-10
23550.056 6.893821062337972e-10
23600.056 1.0904648475909439e-09
23650.056 1.4266894684798934e-09
23700.056 4.066612830618687e-10
23750.056 3.9835007440867463e-10
23800.056 1.0930287967525172e-09
23850.056 8.821612500831411e-10
23900.056 1.7347785145069e-09
23950.056 1.2333231894711524e-09
24000.056 2.1012291748750402e-09
24050.056 2.2462561437816884e-09
24100.056 2.1924744030156442e-09
24150.056 3.057984370912972e-09
24200.056 2.425503600908519e-09
24250.056 2.077115549807318e-09
24300.056 3.332144106343117e-09
24350.056 2.5798661435353806e-09
24400.056 4.559014006381856e-09
24450.056 4.406705103976241e-09
24500.056 4.049484716843043e-09
24550.056 5.814593584689385e-09
24600.056 5.838711430424218e-09
24650.056 7.97244503432404e-09
24700.056 4.756228044487062e-09
24750.056 5.59150181966048e-09
24800.056 4.9669399793181866e-09
24850.056 8.377237450661432e-09
24900.056 3.2348504584980065e-09
24950.056 6.9821303306257065e-09
25000.056 5.9012058254594956e-09
25050.056 3.384492621950249e-09
25100.056 5.6266558657181555e-09
25150.056 2.944085312590232e-09
25200.056 4.059513275488128e-09
25250.056 1.7480360975434544e-09
25300.056 2.7665703218810435e-09
25350.056 1.3001055356440292e-09
25400.056 3.1522387817444406e-09
25450.056 1.2045351442053779e-09
25500.056 1.1231471019641756e-09
25550.056 1.9156231162099055e-09
25600.056 1.3863742091149825e-09
25650.056 6.619981363911693e-10
25700.056 1.1650427655963533e-09
25750.056 3.664232334833615e-10
25800.056 1.6177781817925756e-09
25850.056 4.2613136555093733e-10
25900.056 6.56244819116141e-10
25950.056 2.134317158198477e-10
26000.056 1.5718720501826943e-09
26050.056 3.530751648661983e-10
26100.056 1.3120529384628578e-09
26150.056 7.272118579022131e-10
26200.056 8.238502393274199e-10
26250.056 3.3302041109109246e-09
26300.056 1.1463388343080813e-09
26350.056 4.542200111559132e-09
26400.056 4.750193925170647e-09
26450.056 3.77562166245248e-09
26500.056 6.1456317797754425e-09
26550.056 1.4283606427751769e-09
26600.056 1.8742506463185537e-09
26650.056 4.3093808093848034e-10
26700.056 3.1303780188618284e-10
26750.056 2.8007058878045954e-10
26800.056 6.628040587490579e-10
26850.056 3.575651292955214e-10
26900.056 1.402138369495053e-09
26950.056 5.643675616431874e-10
27000.056 2.40701207977882e-09
27050.056 2.3199415755195962e-09
27100.056 6.608043125412526e-10
27150.056 3.318645066470422e-09
27200.056 6.690361771339771e-10
27250.056 1.5154865400310813e-09
27300.056 6.430609502816082e-09
27350.056 2.962421904390305e-09
27400.056 2.961537119049382e-10
27450.056 3.5178229856337276e-09
27500.056 4.212935900559391e-09
27550.056 8.809709524483378e-10
27600.056 2.1632200481786925e-09
27650.056 7.287967084117751e-10
27700.056 5.808781436600704e-10
27750.056 2.792644689723054e-09
27800.056 9.699802688958127e-10
27850.056 1.363815273597596e-09
27900.056 1.48093482958266e-09
27950.056 3.2948505571703724e-09
28000.056 2.5649076864582714e-09
28050.056 4.964463658000519e-10
28100.056 2.8883016863777665e-09
28150.056 1.951551511294166e-09
28200.056 7.284557859787386e-10
28250.056 3.6695316059756313e-09
28300.056 3.688629557494455e-09
28350.056 9.235633327385907e-10
28400.056 2.670262334188704e-09
28450.056 4.28734595472953e-09
28500.056 2.80862274262398e-09
28550.056 7.337396073289689e-10
28600.056 4.541381811029966e-09
28650.056 3.1825323415632207e-09
28700.056 3.6572699131550215e-09
28750.056 5.890370463648631e-09
28800.056 3.4668231447151422e-09
