galfind/configs/Brown_Dwarf_templates/sonora_bobcat/m+0.5/3160g/sp_t250g3160nc_m+0.5_resample.dat
# %ECSV 1.0
# ---
# datatype:
# - {name: wav, unit: Angstrom, datatype: float64}
# - {name: flux_nu, unit: erg / (cm2 Hz s), datatype: float64}
# meta: {C/O: '1.00', Kzz: '1.0000E+05', Teff: '250.', Y: '0.28', '[Fe/H]': '0.50', f_hole: '1.00', f_rain: '0.00', grav: '3160.'}
# schema: astropy-2.0
wav flux_nu
[from data line 499]
28950.056 4.6558919343720856e-14
29000.056 3.331399590794518e-14
29050.056 8.327984131740789e-14
29100.056 4.955861084442053e-15
29150.056 5.292068519696441e-15
29200.056 2.0272099326868023e-13
29250.056 6.427156997819182e-14
29300.056 1.3119513300646069e-14
29350.056 1.1341838632026314e-13
29400.056 1.2098909028773357e-13
29450.056 1.7869981228474932e-14
29500.056 1.9079774660156874e-13
29550.056 8.87011316906746e-14
29600.056 2.0795761286997527e-14
29650.056 1.6867526484498947e-13
29700.056 7.126691491421236e-14
29750.056 2.959539072944187e-13
29800.056 4.562678552442617e-14
29850.056 2.8184505921778457e-13
29900.056 7.110254839968889e-14
29950.056 5.767404239659164e-14
30000.056 1.98981471703882e-16
30050.056 3.686205174462385e-14
30100.056 1.2393633012475937e-13
30150.056 1.8551043521975833e-13
30200.056 4.957501475620156e-13
30250.056 3.263722891487012e-13
30300.056 3.956657274291315e-13
30350.056 1.7607819693315065e-13
30400.056 8.5737485846169e-13
30450.056 1.0247843035057512e-12
30500.056 1.187206935410283e-13
30550.056 1.5651771355896818e-13
30600.056 6.486459689417563e-12
30650.056 2.2083289713206295e-12
30700.056 1.3668555201127595e-13
30750.056 1.1556940421957591e-12
30800.056 3.3034277316111264e-12
30850.056 2.741702298908388e-12
30900.056 6.252072510442519e-13
30950.056 8.672338086318963e-13
31000.056 1.0335783291200014e-12
31050.056 1.826223443506777e-13
31100.056 7.062313042571175e-14
31150.056 6.858026543175111e-13
31200.056 3.1456352533996404e-12
31250.056 1.96559756548955e-12
31300.056 2.0233130878389903e-13
31350.056 2.539525011754158e-12
31400.056 1.5662424109990363e-12
31450.056 1.3071440585739168e-12
31500.056 3.3319291744851576e-13
31550.056 9.776485280967345e-13
31600.056 6.986360657242564e-13
31650.056 3.5301264083784365e-13
31700.056 2.715129173460774e-13
31750.056 9.708794974572454e-14
31800.056 1.582670472819922e-13
31850.056 1.42664460958097e-14
31900.056 4.673805935235175e-14
31950.056 1.3863678429276738e-14
32000.056 1.305497020954523e-14
32050.056 6.2032269219308966e-15
32100.056 4.781887664397774e-15
32150.056 2.736499468217472e-15
32200.056 8.839200330444733e-16
32250.056 2.1198135694092905e-15
32300.056 3.149356181681928e-16
32350.056 9.561030518776035e-16
32400.056 8.689159244441917e-17
32450.056 6.755968236091423e-16
32500.056 7.808109738047566e-17
32550.056 4.709951118842073e-16
32600.056 3.503735424480739e-17
32650.056 6.713475994490239e-16
32700.056 5.009638987129767e-17
32750.056 1.6889579726302935e-15
32800.056 3.9978842982432947e-16
32850.056 7.606674615730861e-15
32900.056 3.0364415933285937e-15
32950.056 9.705029540730336e-15
33000.056 2.3600699658447128e-15
33050.056 9.207872749096445e-16
33100.056 1.6432854276276712e-16
33150.056 1.535235529878845e-19
33200.056 1.0970869928139592e-16
33250.056 1.598758343257045e-16
33300.056 4.116308182244505e-15
33350.056 1.386988041044166e-15
33400.056 1.0959926470348893e-14
33450.056 4.151619073617881e-16
33500.056 5.464967551910434e-15
33550.056 7.211928703934377e-16
33600.056 2.800423238365704e-15
33650.056 4.1704098670225036e-15
33700.056 4.817663717471472e-16
33750.056 4.9492290953465824e-15
33800.056 2.7662357431850237e-16
33850.056 2.633276459655853e-15
33900.056 2.5791652674238636e-15
33950.056 3.955501783299735e-15
34000.056 1.310118017894428e-14
34050.056 2.0522661690824743e-15
34100.056 1.9648308948106267e-14
34150.056 5.288083023426087e-15
34200.056 4.099576867218651e-14
34250.056 9.062257278823826e-15
34300.056 1.9036111577319476e-14
34350.056 2.0116064954293712e-13
34400.056 1.1966787853788278e-14
34450.056 1.0169633388354462e-13
34500.056 1.5837162629149778e-14
34550.056 1.9185957682932352e-13
34600.056 1.2264752553452481e-12
34650.056 1.6406918721393604e-14
34700.056 5.921526354482353e-13
34750.056 1.1605456372252282e-13
34800.056 7.154037434384848e-14
34850.056 3.366921213240738e-13
34900.056 4.128664297291364e-14
34950.056 8.268857323329017e-13
35000.056 5.552579751222281e-13
35050.056 1.843096595559673e-12
35100.056 1.9016570676522153e-12
35150.056 2.858306645795043e-12
35200.056 3.861034984875741e-12
35250.056 6.44548684629361e-12
35300.056 5.052401995251503e-13
35350.056 7.317981971279657e-14
35400.056 4.159380271215833e-14
35450.056 4.743864817130339e-14
35500.056 5.839929398286318e-13
35550.056 9.09799432108589e-13
35600.056 1.6282967046094031e-12
35650.056 1.715049723028598e-12
35700.056 3.2434355104672525e-12
35750.056 1.9362439274878956e-12
35800.056 2.96606808494799e-13
35850.056 2.444996249705426e-13
35900.056 6.142009197665199e-13
35950.056 2.8222714374455392e-12
36000.056 3.94458723328524e-12
36050.056 2.4273336738727318e-12
36100.056 1.8601638074275397e-12
36150.056 2.455718700172557e-11
36200.056 9.194104678720629e-12
36250.056 2.920081748027804e-12
36300.056 1.5301554785110682e-11
36350.056 1.1710088081540757e-11
36400.056 1.3541993779118775e-11
36450.056 6.525616426732753e-12
36500.056 5.183623110041659e-12
36550.056 3.986616461419979e-11
36600.056 4.9023933878999443e-11
36650.056 1.0150026227136048e-11
36700.056 2.365176062113291e-11
36750.056 6.624451600601164e-11
36800.056 6.32500308683562e-11
36850.056 1.3844431185338514e-11
36900.056 1.3267735752225376e-11
36950.056 8.204176518608241e-11
37000.056 5.2515355127636047e-11
37050.056 7.737442953842639e-11
37100.056 5.6584727910800084e-12
37150.056 1.9086282326322356e-11
37200.056 1.487829826800173e-10
37250.056 5.282209034071661e-11
37300.056 1.1954291806100958e-11
37350.056 2.1103428818456696e-11
37400.056 5.105563037107174e-11
37450.056 2.277267246549901e-11
37500.056 1.9915852453205075e-11
37550.056 1.549640805348822e-10
37600.056 3.4632320265496065e-10
37650.056 2.1357991348019326e-11
37700.056 6.8910028871711e-11
37750.056 6.197021101299381e-11
37800.056 6.326429559102015e-11
37850.056 4.192777610489875e-11
37900.056 2.7953316180066084e-11
37950.056 4.6782114214199936e-11
38000.056 2.8916255661101427e-11
38050.056 1.3746121495675732e-10
38100.056 2.353898572754593e-10
38150.056 3.1102537645286777e-10
38200.056 1.4341979979252299e-10
38250.056 3.107891790546155e-10
38300.056 8.193900091524825e-10
38350.056 2.5175010168824737e-10
38400.056 4.336893645411985e-11
38450.056 6.416431506146598e-12
38500.056 1.931227375222807e-11
38550.056 1.6909531522102065e-10
38600.056 3.2383542407996726e-10
38650.056 1.653160630542787e-10
38700.056 6.856428073114057e-11
38750.056 1.8056220084385264e-10
38800.056 1.5895407961420362e-10
38850.056 2.057128057150354e-10
38900.056 1.9580832342042195e-10
38950.056 1.1411627543433998e-10
39000.056 3.7171542604385776e-10
39050.056 4.384893613783604e-11
39100.056 8.734719446719616e-11
39150.056 3.3142494584701416e-10
39200.056 3.092188727800047e-10
39250.056 2.5058283192840804e-10
39300.056 1.8381589461824039e-10
39350.056 7.254890077300089e-10
39400.056 2.400719410443689e-10
39450.056 5.350835293560117e-10
39500.056 6.943893740799379e-10
39550.056 1.3625645334978598e-10
39600.056 3.609242636895791e-10
39650.056 1.1549749518000159e-09
39700.056 9.733547492899749e-10
39750.056 1.584164659652374e-10
39800.056 7.699829550621781e-11
39850.056 8.155421640501114e-10
39900.056 1.4013934954799747e-09
39950.056 3.4109099470002357e-10
40000.056 7.022902358700617e-10
40050.056 7.877852284759229e-10
40100.056 9.804377037112289e-11
40150.056 6.351286974600841e-10
40200.056 9.882477369099298e-10
40250.056 1.2749033860498724e-09
40300.056 1.2596090517500727e-09
40350.056 3.232034277634735e-10
40400.056 3.69289326278376e-10
40450.056 1.6103500535301486e-10
40500.056 1.0209420513230855e-09
40550.056 1.2711159266398893e-09
40600.056 1.7368132724999669e-09
40650.056 7.210430292909196e-10
40700.056 1.2172320549199782e-09
40750.056 8.60142718409915e-10
40800.056 4.007303709799849e-10
40850.056 2.351066966880195e-09
40900.056 2.5458034926998597e-09
40950.056 1.0152565017379362e-09
41000.056 7.74545722661946e-10
41050.056 2.5283353369201434e-09
41100.056 2.0435764113297665e-09
41150.056 2.6986515268997297e-10
41200.056 2.3162818685343526e-09
41250.056 2.3694636482696276e-09
41300.056 2.5735979143403646e-09
41350.056 4.8406330553000595e-09
41400.056 3.5190203278998345e-09
41450.056 3.6974819592000204e-09
41500.056 1.3980722506097583e-09
41550.056 1.2224149974701786e-09
41600.056 1.572100456119872e-09
41650.056 4.097908161980415e-09
41700.056 6.495050125899849e-09
41750.056 4.735377787700149e-09
41800.056 5.293646251699861e-09
41850.056 2.73648395165978e-09
41900.056 1.8719573600496338e-09
41950.056 1.3862007386398312e-09
42000.056 2.354551565918e-10
42050.056 5.457191334640485e-10
42100.056 1.395630012859981e-09
42150.056 2.115083930970024e-09
42200.056 2.88775675029998e-09
42250.056 2.0936494227601172e-09
42300.056 1.7502118923998958e-09
42350.056 4.176037449600209e-09
42400.056 6.38554469860022e-09
42450.056 8.346898991500219e-09
42500.056 9.06842030709995e-09
42550.056 7.757518655699778e-09
42600.056 4.862741520900358e-09
42650.056 6.476404680099446e-09
42700.056 2.489916981219979e-09
42750.056 6.7115669486006115e-09
42800.056 1.1247842584000183e-08
42850.056 1.1545748018599719e-08
42900.056 1.0461317491100017e-08
42950.056 8.216441506600182e-09
43000.056 9.011940619599819e-09
43050.056 4.748132875299386e-09
43100.056 6.6191925846004395e-09
43150.056 8.275149299600226e-09
43200.056 1.124257842500024e-08
43250.056 1.3592506794000053e-08
43300.056 1.1521408524999525e-08
43350.056 7.766892681299954e-09
43400.056 9.237583044799932e-09
43450.056 5.863601281799908e-09
43500.056 4.079531161900033e-09
43550.056 6.159943747100363e-09
43600.056 1.0784130729999934e-08
43650.056 6.437105973499643e-09
43700.056 1.014539552010113e-08
43750.056 1.335643443699979e-08
43800.056 1.0325358923999722e-08
43850.056 8.485383328100226e-09
43900.056 5.996746158600028e-09
43950.056 5.03752492729993e-09
44000.056 5.7838719001000785e-09
44050.056 1.1442122162300861e-08
44100.056 1.5461043836000048e-08
44150.056 1.3852806754999813e-08
44200.056 1.306676555279983e-08
44250.056 8.292950642699642e-09
44300.056 4.961651787899808e-09
44350.056 4.251803606700102e-09
44400.056 5.425143911000051e-09
44450.056 9.361789369000618e-09
44500.056 8.92738258549981e-09
44550.056 1.0883174989200113e-08
44600.056 8.669585672200013e-09
44650.056 1.0170122040799744e-08
44700.056 7.894553957799582e-09
44750.056 9.318625822900276e-09
44800.056 6.310551162699735e-09
44850.056 8.222829625800399e-09
44900.056 9.34784293599999e-09
44950.056 1.1645351851600436e-08
45000.056 1.3087055628999923e-08
45050.056 1.0873446467899408e-08
45100.056 9.784770287900423e-09
45150.056 8.758862348399775e-09
45200.056 5.262090390199818e-09
45250.056 6.382301099299955e-09
45300.056 5.783334388699867e-09
45350.056 3.729805100200431e-09
45400.056 1.1141372078000303e-08
45450.056 9.884186020500484e-09
45500.056 1.32063397510005e-08
45550.056 1.3468970935499275e-08
45600.056 1.233315334900022e-08
45650.056 1.067503908559934e-08
45700.056 5.1063554481992645e-09
45750.056 4.5292897563005215e-09
45800.056 1.0289399119999987e-08
45850.056 8.338383348000511e-09
45900.056 1.4033887443000176e-08
45950.056 1.4570025056999678e-08
46000.056 1.3104107630999969e-08
46050.056 1.0457994137500445e-08
46100.056 1.2683437969999523e-08
46150.056 8.353393522199875e-09
46200.056 5.0278696002992915e-09
46250.056 1.6680455131200652e-09
46300.056 6.090947235100508e-09
46350.056 7.903987913399995e-09
46400.056 8.466930566300128e-09
46450.056 5.408927988299738e-09
46500.056 8.065349328700062e-09
46550.056 4.614594376699502e-09
46600.056 3.272837103899917e-09
46650.056 6.29477999200024e-09
46700.056 4.61572601139956e-09
46750.056 1.5145619643700624e-09
46800.056 8.785226833299298e-10
46850.056 4.068144724100746e-09
46900.056 8.024681897100256e-09
46950.056 9.396396471200007e-09
47000.056 9.883412001200003e-09
47050.056 5.43436224089929e-09
47100.056 5.14990034260011e-09
47150.056 6.306131198400341e-09
47200.056 6.3458641208996875e-09
47250.056 2.1563674687395006e-09
47300.056 1.5987536907204596e-09
47350.056 5.885672648000406e-09
47400.056 7.819945616099973e-09
47450.056 4.649815660999951e-09
47500.056 8.108918887400564e-09
47550.056 8.614963894699898e-09
47600.056 4.67765954379964e-09
47650.056 5.5851196415997726e-09
47700.056 4.6963985095002975e-09
47750.056 3.920658121299889e-09
47800.056 1.856109687499758e-09
47850.056 6.023979129700912e-10
47900.056 1.1864343415800733e-09
47950.056 4.07324178410041e-09
48000.056 5.1459576929996226e-09
48050.056 4.0662081853001196e-09
48100.056 2.3028865398198707e-09
48150.056 4.1518432681001215e-09
48200.056 1.964419019629702e-09
48250.056 3.5543774265001945e-09
48300.056 3.991132180799858e-09
48350.056 2.0490536945997026e-09
48400.056 4.400167402099138e-10
48450.056 6.892515524601441e-10
48500.056 1.4470912286298784e-09
48550.056 1.941895663190437e-09
48600.056 5.014286317200216e-09
48650.056 6.1477637113000025e-09
48700.056 5.5198225266000445e-09
48750.056 5.182477353299979e-09
48800.056 4.856462314099833e-09
48850.056 2.0103634738997707e-09
48900.056 1.3452101503198476e-09
48950.056 6.933012987299735e-10
49000.056 5.571976786401073e-10
49050.056 1.6798096001299285e-09
49100.056 2.7685636443203663e-09
49150.056 2.9275223304999708e-09
49200.056 4.760978561800227e-09
49250.056 4.936142272699914e-09
49300.056 3.401149114999686e-09
49350.056 1.4326134653401686e-09
49400.056 1.6367092012797578e-09
49450.056 1.1573194083901574e-09
49500.056 8.521520678898718e-10
49550.056 2.7375540622998696e-10
49600.056 4.232113135500641e-10
49650.056 1.4245949003401576e-09
49700.056 2.3125837157000545e-09
49750.056 1.5088507329199012e-09
49800.056 9.243675376300362e-10
49850.056 2.5080648960001984e-09
49900.056 3.243292041000003e-09
49950.056 2.845489843399897e-09
50000.056 1.2993274851997825e-09
50050.056 1.1590936337601563e-09
50100.056 1.140735006759932e-09
50150.056 4.749783503199346e-10
50200.056 1.669728107730196e-10
50250.056 4.5428859998000405e-10
50300.056 3.95293125970048e-10
50350.056 1.2780577035201092e-09
50400.056 2.0656879365000798e-09
50450.056 2.3737210266999946e-09
50500.056 2.7964569415000863e-09
50550.056 3.0351992638999263e-09
50600.056 1.8900959304599176e-09
50650.056 2.620173042900013e-09
50700.056 2.0499494924998833e-09
50750.056 1.1520411575799153e-09
50800.056 3.8656059203392396e-10
50850.056 2.5437148523605405e-10
50900.056 9.033607583700906e-10
50950.056 1.1748306937099275e-09
51000.056 8.509982936701336e-10
51050.056 1.6162521722599145e-09
51100.056 9.398323887699528e-10
51150.056 5.445581395100772e-10
51200.056 1.5387469325000877e-09
51250.056 1.5378160719999548e-09
51300.056 1.045508967559949e-09
51350.056 5.835599267599074e-10
51400.056 2.7878974987002775e-10
51450.056 2.4030316968495916e-10
51500.056 2.5670070239404724e-10
51550.056 6.756716878800536e-10
51600.056 1.0228791043000382e-09
51650.056 1.352609781600025e-09
51700.056 1.0275657115298485e-09
51750.056 9.416761420501256e-10
51800.056 1.437103963599999e-09
51850.056 1.1993657441499507e-09
51900.056 9.026590957699586e-10
51950.056 5.126185161399332e-10
52000.056 1.6666497411298438e-10
52050.056 3.565586098300092e-10
52100.056 2.3697265289997113e-10
52150.056 1.6520484152103182e-10
52200.056 4.4686376753003113e-10
52250.056 6.58444516240023e-10
52300.056 6.336360662999678e-10
52350.056 2.585022415099941e-10
52400.056 3.091052765300118e-10
52450.056 7.167340240200563e-10
52500.056 5.824802969499836e-10
52550.056 9.646550908299741e-10
52600.056 1.0263380314600624e-09
52650.056 1.1374069987999648e-09
52700.056 7.297135653099454e-10
52750.056 2.79095327899962e-10
52800.056 4.791575807300497e-10
52850.056 5.338086563099693e-10
52900.056 2.2110912881395442e-10
52950.056 3.2777013173004397e-10
53000.056 6.208516805100115e-10
53050.056 4.0012416926999737e-10
53100.056 8.371461409400605e-10
53150.056 7.491553622399595e-10
53200.056 5.114877921399774e-10
53250.056 6.781937649300002e-10
53300.056 6.85814156050015e-10
53350.056 6.240403443099836e-10
53400.056 4.738227685299743e-10
53450.056 2.4292462160997025e-10
53500.056 1.0499889699599079e-10
53550.056 1.5823211276600475e-10
