galfind/configs/Brown_Dwarf_templates/sonora_bobcat/m+0.5/3160g/sp_t575g3160nc_m+0.5_resample.dat
# %ECSV 1.0
# ---
# datatype:
# - {name: wav, unit: Angstrom, datatype: float64}
# - {name: flux_nu, unit: erg / (cm2 Hz s), datatype: float64}
# meta: {C/O: '1.00', Kzz: '1.0000E+05', Teff: '575.', Y: '0.28', '[Fe/H]': '0.50', f_hole: '1.00', f_rain: '0.00', grav: '3160.'}
# schema: astropy-2.0
wav flux_nu
[from data line 498]
28900.056 1.009419586753438e-09
28950.056 1.737294032329872e-09
29000.056 1.4201344914578726e-09
29050.056 2.00944290165357e-09
29100.056 1.0714446838006703e-09
29150.056 2.0004384546397418e-09
29200.056 2.1546661935520882e-09
29250.056 2.942275826235866e-09
29300.056 1.5168617854373129e-09
29350.056 4.81901769917609e-09
29400.056 1.7193222498999975e-09
29450.056 1.6330124350189703e-09
29500.056 3.8205021571764015e-09
29550.056 1.7852398577821786e-09
29600.056 2.4734424415421147e-09
29650.056 5.2691335185807234e-09
29700.056 1.6707428682104577e-09
29750.056 3.99131566813097e-09
29800.056 3.4091385400436513e-09
29850.056 5.0734549271256226e-09
29900.056 3.2969510261905542e-09
29950.056 3.188146409097854e-09
30000.056 1.282573398904296e-10
30050.056 4.906567712119336e-10
30100.056 1.4032089618939585e-09
30150.056 4.228857117440472e-09
30200.056 3.3274128581431314e-09
30250.056 6.7316104160394426e-09
30300.056 6.831010219905021e-09
30350.056 2.710137906827363e-09
30400.056 7.900222002942105e-09
30450.056 4.894949415896455e-09
30500.056 4.3792536437665775e-09
30550.056 3.468055278199313e-09
30600.056 1.231711780890106e-08
30650.056 6.026087095007255e-09
30700.056 4.633720801875142e-09
30750.056 7.394509070669045e-09
30800.056 5.923578967214337e-09
30850.056 6.362274067077039e-09
30900.056 3.927113044022251e-09
30950.056 3.474577453116985e-09
31000.056 4.002677098200911e-09
31050.056 3.975208773110374e-09
31100.056 2.0818772321034708e-09
31150.056 3.839268487662583e-09
31200.056 7.649088537360537e-09
31250.056 3.7113544782158017e-09
31300.056 2.884116330155587e-09
31350.056 4.6282959860618266e-09
31400.056 3.180884210602132e-09
31450.056 3.772662382355365e-09
31500.056 1.4592989008450067e-09
31550.056 2.5274096418818877e-09
31600.056 1.7199587525258952e-09
31650.056 1.4186884292161364e-09
31700.056 1.5358488177004203e-09
31750.056 7.551797480884544e-10
31800.056 1.637463098460176e-09
31850.056 4.361775555506813e-10
31900.056 9.732827420997864e-10
31950.056 4.944416375474283e-10
32000.056 5.912728062221558e-10
32050.056 6.636037102025623e-10
32100.056 5.165409801041805e-10
32150.056 6.928474147129512e-10
32200.056 3.7476603503302917e-10
32250.056 8.911526855419535e-10
32300.056 3.0518440982861554e-10
32350.056 9.500372684533216e-10
32400.056 2.399009683060351e-10
32450.056 7.985712600946619e-10
32500.056 3.3816814212910176e-10
32550.056 6.987386298260651e-10
32600.056 4.465161082507653e-10
32650.056 1.2612993325245148e-09
32700.056 6.214007881834226e-10
32750.056 2.201095321118776e-09
32800.056 1.7889767196237222e-09
32850.056 3.3449978483603275e-09
32900.056 3.2191892868671807e-09
32950.056 3.3607156833993787e-09
33000.056 1.5673045817260127e-09
33050.056 1.9388228694222415e-09
33100.056 5.245441273348731e-10
33150.056 2.0997639067099035e-12
33200.056 1.9967573655026418e-11
33250.056 2.727761367665545e-11
33300.056 1.2127083972767855e-10
33350.056 3.7183864035252103e-10
33400.056 1.0024688605749255e-09
33450.056 8.307342902551914e-10
33500.056 2.6191095947111763e-09
33550.056 8.150969260670838e-10
33600.056 1.8336465496439834e-09
33650.056 1.7695698092298356e-09
33700.056 7.588325183856373e-10
33750.056 2.395787986480961e-09
33800.056 3.7871078889791277e-10
33850.056 1.2325206893031657e-09
33900.056 1.2562188658974569e-09
33950.056 1.0344690614969924e-09
34000.056 1.9945213643183453e-09
34050.056 4.132172947370316e-10
34100.056 1.7612138503317155e-09
34150.056 7.450165832962242e-10
34200.056 1.7273035600989732e-09
34250.056 1.3260519408888322e-09
34300.056 1.0628821040922323e-09
34350.056 2.229315269436882e-09
34400.056 7.791563478512472e-10
34450.056 2.317650878247134e-09
34500.056 1.3998008279907754e-09
34550.056 8.359940122172508e-10
34600.056 3.5193703014000935e-09
34650.056 7.252057985233768e-10
34700.056 2.602558504927593e-09
34750.056 1.7052810101541578e-09
34800.056 1.2385201781636968e-09
34850.056 4.0291339227552975e-09
34900.056 1.2842361920953425e-09
34950.056 3.3955974346093557e-09
35000.056 5.837728364433689e-09
35050.056 2.4729383769053368e-09
35100.056 6.381410216355845e-09
35150.056 5.51647303333931e-09
35200.056 4.289764374783049e-09
35250.056 7.849036092616005e-09
35300.056 2.852848877445919e-09
35350.056 4.60291931860592e-09
35400.056 4.140217594769283e-09
35450.056 3.0410905844121938e-09
35500.056 9.607077996581527e-09
35550.056 5.76597913239747e-09
35600.056 6.81831479766301e-09
35650.056 7.547990840058993e-09
35700.056 6.549431132050218e-09
35750.056 1.1424718996221465e-08
35800.056 9.501378259466924e-09
35850.056 4.726361450522372e-09
35900.056 7.374480473611789e-09
35950.056 9.445535095026593e-09
36000.056 9.22205765142178e-09
36050.056 7.634983954130765e-09
36100.056 6.687469808207577e-09
36150.056 1.2836753955838179e-08
36200.056 1.4501502617359523e-08
36250.056 9.917447027002683e-09
36300.056 1.944699947617872e-08
36350.056 1.395350839869029e-08
36400.056 1.8709984424347226e-08
36450.056 1.6037167426156477e-08
36500.056 1.8285402154675284e-08
36550.056 2.607175942025303e-08
36600.056 2.9323444795993402e-08
36650.056 2.108654931991929e-08
36700.056 2.1128529935421622e-08
36750.056 2.872246007400693e-08
36800.056 3.1444267558396587e-08
36850.056 2.1266594338618925e-08
36900.056 2.7182520934200213e-08
36950.056 3.2850921076692804e-08
37000.056 2.4682546177055917e-08
37050.056 3.4218933666888434e-08
37100.056 2.3079226077078364e-08
37150.056 2.7361119857772307e-08
37200.056 4.0764724095995004e-08
37250.056 2.515657284247413e-08
37300.056 2.1137388774853237e-08
37350.056 3.3366099495298636e-08
37400.056 4.6799813357598635e-08
37450.056 2.33347783694839e-08
37500.056 2.8544342142818944e-08
37550.056 5.0428975137814255e-08
37600.056 6.46654188090072e-08
37650.056 2.6324348826363593e-08
37700.056 4.5529771094904206e-08
37750.056 3.2800099465804585e-08
37800.056 3.707035283200842e-08
37850.056 2.266191505465026e-08
37900.056 2.6820532178202046e-08
37950.056 4.13169780721989e-08
38000.056 3.96372994654681e-08
38050.056 4.791313122041031e-08
38100.056 6.06101102404614e-08
38150.056 6.261733361199643e-08
38200.056 5.2994112742101454e-08
38250.056 5.572187411730536e-08
38300.056 8.292647869798252e-08
38350.056 7.800934162201726e-08
38400.056 4.270968524217788e-08
38450.056 2.8467933970388614e-08
38500.056 2.1900698612105674e-08
38550.056 5.0097553419009315e-08
38600.056 4.9961288901989906e-08
38650.056 5.5294165176493226e-08
38700.056 5.730858903399491e-08
38750.056 5.2852863841000256e-08
38800.056 5.174524404399746e-08
38850.056 5.845728067400353e-08
38900.056 7.022477403062938e-08
38950.056 4.9053531265402206e-08
39000.056 6.359155004278619e-08
39050.056 5.25488485188237e-08
39100.056 6.115465491745352e-08
39150.056 7.846861034899761e-08
39200.056 6.12748844627958e-08
39250.056 7.88172891910023e-08
39300.056 6.629076612579667e-08
39350.056 9.311955225300079e-08
39400.056 6.710267907410971e-08
39450.056 8.407878275887221e-08
39500.056 9.112435170300248e-08
39550.056 5.758148565624965e-08
39600.056 8.15477168184026e-08
39650.056 1.0782464509599515e-07
39700.056 9.495912880800901e-08
39750.056 5.6202033735615236e-08
39800.056 6.493746341050053e-08
39850.056 1.1520589427400436e-07
39900.056 1.1846466333500507e-07
39950.056 7.633637240599609e-08
40000.056 1.0894401842999896e-07
40050.056 1.0800794552099924e-07
40100.056 5.4006456139897914e-08
40150.056 1.0387741573100634e-07
40200.056 1.1125647541898619e-07
40250.056 1.1853832069397924e-07
40300.056 1.1803630556601252e-07
40350.056 8.12324700873846e-08
40400.056 1.144548388737947e-07
40450.056 7.101120624939325e-08
40500.056 1.2053680548699203e-07
40550.056 1.2804766201997621e-07
40600.056 1.1800676397200208e-07
40650.056 9.849408885116013e-08
40700.056 1.6344672203999273e-07
40750.056 1.155507725779857e-07
40800.056 8.070904792597914e-08
40850.056 1.6644103806401804e-07
40900.056 1.5342993420798896e-07
40950.056 1.2043025062641023e-07
41000.056 1.1489282782699468e-07
41050.056 1.7222617523798566e-07
41100.056 1.4949034877299072e-07
41150.056 7.742761690439667e-08
41200.056 1.6494053272301278e-07
41250.056 1.465339311859809e-07
41300.056 1.4358374485600506e-07
41350.056 1.8127455305999757e-07
41400.056 1.50881863142006e-07
41450.056 1.8127549647199337e-07
41500.056 1.246594201548792e-07
41550.056 1.1439907588002708e-07
41600.056 1.3040648600920754e-07
41650.056 1.643332823290096e-07
41700.056 1.73278490219979e-07
41750.056 1.5009973972399237e-07
41800.056 1.7442218287001475e-07
41850.056 1.2883942118398773e-07
41900.056 1.3001607152647072e-07
41950.056 1.500999296740039e-07
42000.056 1.2118630765594664e-07
42050.056 1.1258715798961734e-07
42100.056 1.5641287439698203e-07
42150.056 1.2534288816099974e-07
42200.056 1.2666582296398792e-07
42250.056 1.222865069710087e-07
42300.056 1.1186617505699594e-07
42350.056 1.5134688857900915e-07
42400.056 1.653425429910085e-07
42450.056 1.4249303164001824e-07
42500.056 1.469634184479938e-07
42550.056 1.300221876879936e-07
42600.056 1.4478575736403568e-07
42650.056 2.0221440722697524e-07
42700.056 1.2211470205696832e-07
42750.056 1.2270347139401945e-07
42800.056 1.6405788094500622e-07
42850.056 1.829149094249706e-07
42900.056 1.9340904670201653e-07
42950.056 1.4610059057099106e-07
43000.056 1.7182218315399812e-07
43050.056 9.403203813701537e-08
43100.056 1.5463694114999152e-07
43150.056 1.2774405019000604e-07
43200.056 1.5836132411300974e-07
43250.056 2.3293481510001104e-07
43300.056 2.0848604048800024e-07
43350.056 1.08805773957983e-07
43400.056 1.6166315558700936e-07
43450.056 1.2027927529101117e-07
43500.056 1.3102302456401065e-07
43550.056 1.3083244521600705e-07
43600.056 1.909395010340098e-07
43650.056 1.1215336347799605e-07
43700.056 2.1150055332302615e-07
43750.056 1.903876374599932e-07
43800.056 1.6931771351298946e-07
43850.056 1.5577225346702026e-07
43900.056 1.3694368439399013e-07
43950.056 9.897861378899127e-08
44000.056 8.929383369099959e-08
44050.056 1.8632852351601032e-07
44100.056 2.586080021300062e-07
44150.056 2.46572208975989e-07
44200.056 2.125513105800044e-07
44250.056 1.236139698379939e-07
44300.056 9.338723624401144e-08
44350.056 1.0988380349901385e-07
44400.056 1.0740538029199432e-07
44450.056 1.741611285670113e-07
44500.056 1.5040335422102085e-07
44550.056 2.176801948299934e-07
44600.056 1.8754723033450596e-07
44650.056 1.7739302812699157e-07
44700.056 1.1818357724198671e-07
44750.056 1.5796716807502568e-07
44800.056 1.2303892092700942e-07
44850.056 1.820289287300089e-07
44900.056 1.4494822835199607e-07
44950.056 1.6399799428201307e-07
45000.056 1.8750947060000368e-07
45050.056 1.7755000401198664e-07
45100.056 1.6699499591501097e-07
45150.056 1.5634501267499148e-07
45200.056 1.1291935773100756e-07
45250.056 1.3141212598998078e-07
45300.056 1.242846827770149e-07
45350.056 1.0405834975300999e-07
45400.056 2.265757850100191e-07
45450.056 2.0217265571701756e-07
45500.056 2.3087566496901451e-07
45550.056 2.554755712819632e-07
45600.056 2.3081610298001664e-07
45650.056 1.9236934588299037e-07
45700.056 1.1856033622499442e-07
45750.056 1.0481360638870527e-07
45800.056 2.492479924020118e-07
45850.056 2.1498798546500025e-07
45900.056 2.4607223649999316e-07
45950.056 1.9862209466299184e-07
46000.056 2.3563397262302345e-07
46050.056 1.8296651347700658e-07
46100.056 2.657161395599859e-07
46150.056 1.5736993565100116e-07
46200.056 1.369455305569856e-07
46250.056 6.108437174642469e-08
46300.056 1.630625228220059e-07
46350.056 1.7776713365001611e-07
46400.056 1.688038351360066e-07
46450.056 1.437484398199915e-07
46500.056 1.601222468250254e-07
46550.056 9.888640862900211e-08
46600.056 1.2797322486658244e-07
46650.056 1.9393988991301077e-07
46700.056 1.3475011099497828e-07
46750.056 7.092695873501115e-08
46800.056 5.0945933246597635e-08
46850.056 1.8480165713302336e-07
46900.056 2.0219122427499116e-07
46950.056 1.9041757126998615e-07
47000.056 1.859279016690179e-07
47050.056 1.3641833476395987e-07
47100.056 9.973634304400441e-08
47150.056 1.5437364800501975e-07
47200.056 1.7726059798999187e-07
47250.056 9.271089258468685e-08
47300.056 6.404509704142234e-08
47350.056 1.9268703508000825e-07
47400.056 1.8300451502999056e-07
47450.056 1.4051891151951885e-07
47500.056 2.1201079125999093e-07
47550.056 1.7457371529800735e-07
47600.056 1.6994194006048363e-07
47650.056 1.775813914029914e-07
47700.056 1.3768453071502595e-07
47750.056 1.0234338741500087e-07
47800.056 8.802651861901031e-08
47850.056 4.4980973468306e-08
47900.056 6.883436392949732e-08
47950.056 1.5715961059200843e-07
48000.056 2.031695324799964e-07
48050.056 1.6787708990999097e-07
48100.056 7.577183471820288e-08
48150.056 1.2682237069200486e-07
48200.056 9.701979750159508e-08
48250.056 1.2776463530700064e-07
48300.056 1.9270657708999882e-07
48350.056 1.223083146619885e-07
48400.056 3.475346151770229e-08
48450.056 7.044937474851548e-08
48500.056 1.1464580409397597e-07
48550.056 1.277881809710151e-07
48600.056 1.5555493816300438e-07
48650.056 1.9478633090999536e-07
48700.056 1.358056455570132e-07
48750.056 8.646530286701657e-08
48800.056 1.6122668617601002e-07
48850.056 9.160344721118535e-08
48900.056 1.234900620120091e-07
48950.056 7.498261984699744e-08
49000.056 4.1701760215687306e-08
49050.056 1.177863159749864e-07
49100.056 1.4376275711702065e-07
49150.056 1.0800192126569835e-07
49200.056 1.6371203793001693e-07
49250.056 1.661856310140059e-07
49300.056 1.377936279579942e-07
49350.056 6.375570915961222e-08
49400.056 9.157380763538112e-08
49450.056 8.53663417609695e-08
49500.056 7.188303589599026e-08
49550.056 1.865228718552988e-08
49600.056 4.784899349886767e-08
49650.056 9.573518850100025e-08
49700.056 1.0805307966097953e-07
49750.056 1.1349193288069319e-07
49800.056 7.322190437005771e-08
49850.056 1.3954419105001407e-07
49900.056 1.2688742052899656e-07
49950.056 1.1357744757799722e-07
50000.056 9.38871647942903e-08
50050.056 1.1282777263300388e-07
50100.056 9.283725423399511e-08
50150.056 4.630722237269258e-08
50200.056 1.0596627986784295e-08
50250.056 5.5240601983998684e-08
50300.056 3.7510121592045866e-08
50350.056 1.0655033570301272e-07
50400.056 1.1176821767599404e-07
50450.056 7.790847913640078e-08
50500.056 1.261561275600068e-07
50550.056 1.2144233848200306e-07
50600.056 8.266079274397689e-08
50650.056 1.276192535220198e-07
50700.056 1.356450123459963e-07
50750.056 8.494185616300318e-08
50800.056 3.3830239437294106e-08
50850.056 2.0596733033248882e-08
50900.056 1.0222383816000398e-07
50950.056 9.375210369799652e-08
51000.056 7.663633656407904e-08
51050.056 1.020905085649861e-07
51100.056 4.1240088709807785e-08
51150.056 4.745012190076501e-08
51200.056 1.294464896399962e-07
51250.056 9.284583024298473e-08
51300.056 6.094232624391139e-08
51350.056 6.568689783923023e-08
51400.056 2.6528672971664843e-08
51450.056 2.0556778411252974e-08
51500.056 1.81487922782647e-08
51550.056 6.288549598660859e-08
51600.056 5.2865183825707086e-08
51650.056 6.708825418499532e-08
51700.056 7.192545553739034e-08
51750.056 5.0023402702007883e-08
51800.056 8.904830368498848e-08
51850.056 7.019136468699708e-08
51900.056 9.31660521660043e-08
51950.056 5.74492875659929e-08
52000.056 7.361425091357351e-09
52050.056 3.122168408320386e-08
52100.056 1.9474485723497012e-08
52150.056 1.2220610853472545e-08
52200.056 3.108731840099877e-08
52250.056 4.995886269030875e-08
52300.056 7.146869541299693e-08
52350.056 2.3944638293442905e-08
52400.056 2.4651797663599872e-08
52450.056 7.53134956830091e-08
52500.056 6.265033183508529e-08
52550.056 6.557031932999536e-08
52600.056 4.954039660260329e-08
52650.056 5.871708900060412e-08
52700.056 3.933224850309989e-08
52750.056 1.8923389081085152e-08
52800.056 3.055683110200498e-08
52850.056 3.7181623922490425e-08
52900.056 1.9148928314437683e-08
52950.056 2.9198951977003327e-08
53000.056 5.032132446000332e-08
53050.056 2.0742133055495462e-08
53100.056 6.164750539500183e-08
53150.056 6.757517892800328e-08
53200.056 2.6247903816607352e-08
53250.056 5.792836362200344e-08
53300.056 6.77242758475703e-08
53350.056 5.6450936734999314e-08
53400.056 3.9645450399996526e-08
53450.056 1.4230645374145939e-08
