galfind/configs/Brown_Dwarf_templates/sonora_bobcat/m+0.5/3160g/sp_t425g3160nc_m+0.5_resample.dat
# %ECSV 1.0
# ---
# datatype:
# - {name: wav, unit: Angstrom, datatype: float64}
# - {name: flux_nu, unit: erg / (cm2 Hz s), datatype: float64}
# meta: {C/O: '1.00', Kzz: '1.0000E+05', Teff: '425.', Y: '0.28', '[Fe/H]': '0.50', f_hole: '1.00', f_rain: '0.00', grav: '3160.'}
# schema: astropy-2.0
wav flux_nu
[from data line 499]
28950.056 8.833653293618535e-11
29000.056 6.010516475984276e-11
29050.056 1.0921231776892187e-10
29100.056 4.073646532231163e-11
29150.056 7.128349838031653e-11
29200.056 1.8532471985423405e-10
29250.056 1.5923609670201245e-10
29300.056 1.000850443322719e-10
29350.056 2.8124134034213113e-10
29400.056 1.061969104954165e-10
29450.056 5.087197720323941e-11
29500.056 3.013796940909297e-10
29550.056 8.768580946069128e-11
29600.056 1.1246053885482837e-10
29650.056 4.726053899604403e-10
29700.056 6.63605707023771e-11
29750.056 2.7423693717168553e-10
29800.056 1.6585582701063745e-10
29850.056 4.2319404516640366e-10
29900.056 1.6796821455118294e-10
29950.056 1.7495577207099314e-10
30000.056 2.6400535622577264e-12
30050.056 2.4721868822071744e-11
30100.056 1.0582774473417449e-10
30150.056 3.900518388176757e-10
30200.056 2.458980045679065e-10
30250.056 4.5899642455326846e-10
30300.056 5.558164901815338e-10
30350.056 1.0874357114517916e-10
30400.056 6.394839261643502e-10
30450.056 4.572209698280681e-10
30500.056 2.4022838436183047e-10
30550.056 1.8493067765490968e-10
30600.056 2.0214664263389376e-09
30650.056 7.549364251940035e-10
30700.056 3.845381808165408e-10
30750.056 7.876076127921577e-10
30800.056 8.025919400063089e-10
30850.056 8.534631867348518e-10
30900.056 4.5303053206817716e-10
30950.056 3.240650972490534e-10
31000.056 4.4691451973994986e-10
31050.056 3.01477570751787e-10
31100.056 1.6095962953957047e-10
31150.056 3.2717774746320116e-10
31200.056 1.1461078072059037e-09
31250.056 4.1709719717219175e-10
31300.056 2.5214565016424334e-10
31350.056 7.592148762423453e-10
31400.056 4.4666174160039217e-10
31450.056 4.942280872184193e-10
31500.056 1.5281807417260112e-10
31550.056 3.299891490344719e-10
31600.056 2.3057747064841757e-10
31650.056 1.73936997668348e-10
31700.056 1.5381563879105249e-10
31750.056 6.618265936497168e-11
31800.056 1.4608427187191947e-10
31850.056 2.565054623927666e-11
31900.056 6.792278069336088e-11
31950.056 3.2678026780079897e-11
32000.056 2.5503905780548885e-11
32050.056 3.043586978934263e-11
32100.056 2.418960690578828e-11
32150.056 2.4911931650627513e-11
32200.056 1.1455258832001574e-11
32250.056 2.7891243149889034e-11
32300.056 7.597104171795946e-12
32350.056 2.9987182375089385e-11
32400.056 3.404724548277688e-12
32450.056 2.0355448617284082e-11
32500.056 3.774896428666814e-12
32550.056 2.09088082488934e-11
32600.056 3.7698308318286405e-12
32650.056 4.14137312144761e-11
32700.056 6.423737674957987e-12
32750.056 1.0484522554904162e-10
32800.056 5.430771939355449e-11
32850.056 2.2583370116256084e-10
32900.056 1.9316036470588185e-10
32950.056 2.004051702284602e-10
33000.056 5.285764138310255e-11
33050.056 5.4387156772193825e-11
33100.056 9.428648069700534e-12
33150.056 5.64009370678365e-15
33200.056 3.392110008104739e-13
33250.056 7.597408298117335e-13
33300.056 1.1449276048112006e-11
33350.056 3.0435256588645837e-11
33400.056 1.162988348471821e-10
33450.056 3.68911360999335e-11
33500.056 1.8180413525205483e-10
33550.056 2.884098033010742e-11
33600.056 7.615578545983453e-11
33650.056 8.143859184392718e-11
33700.056 1.7571366712508196e-11
33750.056 1.05222930579071e-10
33800.056 6.552702057217157e-12
33850.056 4.750553548947534e-11
33900.056 4.91314285508325e-11
33950.056 4.414493972776016e-11
34000.056 1.0738324420774677e-10
34050.056 1.575191543961543e-11
34100.056 1.066220643307204e-10
34150.056 3.091909348242449e-11
34200.056 1.1873712998503406e-10
34250.056 5.966939571321896e-11
34300.056 6.626410440572824e-11
34350.056 2.3591246185137503e-10
34400.056 4.08217412383826e-11
34450.056 2.035192023501384e-10
34500.056 8.269747697413362e-11
34550.056 1.0181263308207675e-10
34600.056 4.955664177040465e-10
34650.056 3.897868058400847e-11
34700.056 3.211004351314942e-10
34750.056 1.5779506415730432e-10
34800.056 1.0808904454241171e-10
34850.056 5.06365410833013e-10
34900.056 6.138275560243696e-11
34950.056 5.344963351796544e-10
35000.056 6.978946734659341e-10
35050.056 4.124912316806651e-10
35100.056 1.061267177163975e-09
35150.056 8.706630260560858e-10
35200.056 6.624086075768665e-10
35250.056 1.3187450652294074e-09
35300.056 3.0486202264688265e-10
35350.056 4.4541911303908495e-10
35400.056 3.073423928110574e-10
35450.056 2.705634305299246e-10
35500.056 1.1272095635973514e-09
35550.056 6.21265946773617e-10
35600.056 1.005416870035838e-09
35650.056 1.1730082657408501e-09
35700.056 1.17217405022976e-09
35750.056 1.7642231395485205e-09
35800.056 8.441236756145713e-10
35850.056 4.4059542554374945e-10
35900.056 6.715532303789078e-10
35950.056 1.1775557068320733e-09
36000.056 1.2678649810541681e-09
36050.056 8.907885687099379e-10
36100.056 8.084893774721016e-10
36150.056 2.5554623143167813e-09
36200.056 2.512884742174618e-09
36250.056 1.3877631336386658e-09
36300.056 3.877113006360686e-09
36350.056 2.24473177301356e-09
36400.056 3.5936088321518094e-09
36450.056 2.523274216499151e-09
36500.056 2.760128337324497e-09
36550.056 5.632638356769896e-09
36600.056 6.409475107698896e-09
36650.056 3.3916189810553637e-09
36700.056 3.8428246589635454e-09
36750.056 6.108574142901758e-09
36800.056 7.067592829935757e-09
36850.056 3.3535469017893034e-09
36900.056 4.5425404550437136e-09
36950.056 7.554402753748597e-09
37000.056 4.794218573125411e-09
37050.056 7.81796224528027e-09
37100.056 3.0323131223833626e-09
37150.056 5.012755052727166e-09
37200.056 1.0246456168999403e-08
37250.056 4.811507427900812e-09
37300.056 3.1129264796746045e-09
37350.056 6.151909248144843e-09
37400.056 1.006022419276718e-08
37450.056 3.7262306292519044e-09
37500.056 4.891112857069901e-09
37550.056 1.2723846433962922e-08
37600.056 1.9343721186000625e-08
37650.056 4.595835240007676e-09
37700.056 9.279395941321341e-09
37750.056 6.7576090197803e-09
37800.056 7.358777107791489e-09
37850.056 3.9181077046198735e-09
37900.056 4.573360366307928e-09
37950.056 8.159721165770162e-09
38000.056 7.245873960471624e-09
38050.056 1.1385113817901961e-08
38100.056 1.6106378870011588e-08
38150.056 1.7927351224538507e-08
38200.056 1.171517189317893e-08
38250.056 1.5836546806929927e-08
38300.056 2.6891726293994792e-08
38350.056 2.116329115610544e-08
38400.056 8.430072528268558e-09
38450.056 3.455053621530835e-09
38500.056 2.9994698132086542e-09
38550.056 1.1003763985701433e-08
38600.056 1.2551781915997606e-08
38650.056 1.2797693003639007e-08
38700.056 1.1807836640637211e-08
38750.056 1.1985733481269395e-08
38800.056 1.1596109085100212e-08
38850.056 1.3937151043001265e-08
38900.056 1.6467027799560052e-08
38950.056 1.0032266516671384e-08
39000.056 1.6099045246096623e-08
39050.056 9.218121766195164e-09
39100.056 1.3799871060554632e-08
39150.056 2.1350169029899502e-08
39200.056 1.5168045704599406e-08
39250.056 2.0215347511370636e-08
39300.056 1.5023579078660023e-08
39350.056 2.7364289669100034e-08
39400.056 1.585063263517817e-08
39450.056 2.3805522415078584e-08
39500.056 2.6875491408499428e-08
39550.056 1.159876756447877e-08
39600.056 2.0888396897142598e-08
39650.056 3.323997842999904e-08
39700.056 2.8708559697702234e-08
39750.056 1.1674239146689349e-08
39800.056 1.2473177228700723e-08
39850.056 3.436674112500224e-08
39900.056 3.798341479100168e-08
39950.056 1.7080063368900168e-08
40000.056 2.925077095539941e-08
40050.056 3.1995758202798865e-08
40100.056 9.474419582804299e-09
40150.056 2.723403380200181e-08
40200.056 3.2165345574997084e-08
40250.056 3.618793085899442e-08
40300.056 3.615748002700423e-08
40350.056 1.818186698669504e-08
40400.056 2.825110473060394e-08
40450.056 1.334720997269923e-08
40500.056 3.423127202739911e-08
40550.056 3.642393341359338e-08
40600.056 3.563116840199943e-08
40650.056 2.5351295602128817e-08
40700.056 4.8991601483998446e-08
40750.056 3.3080603444596886e-08
40800.056 1.8832487165396516e-08
40850.056 5.3396247589005906e-08
40900.056 4.988933075099576e-08
40950.056 3.426199391732216e-08
41000.056 3.057083407859836e-08
41050.056 5.8482385853999086e-08
41100.056 4.97919714849967e-08
41150.056 1.6900238461218945e-08
41200.056 5.381485930580602e-08
41250.056 4.8376760512891744e-08
41300.056 5.2380999358004795e-08
41350.056 6.724822534699972e-08
41400.056 5.058254903699896e-08
41450.056 6.684339315499974e-08
41500.056 3.8099239550002636e-08
41550.056 3.484371861640751e-08
41600.056 3.859685557902954e-08
41650.056 5.894612654400488e-08
41700.056 7.572483343799387e-08
41750.056 5.731229957499982e-08
41800.056 6.37802956910015e-08
41850.056 4.928082831469571e-08
41900.056 4.1780264754489786e-08
41950.056 4.551163962199835e-08
42000.056 2.6676578941785688e-08
42050.056 3.076487586388495e-08
42100.056 4.2851145226496876e-08
42150.056 4.260359508549806e-08
42200.056 4.574102986599643e-08
42250.056 3.866431999600492e-08
42300.056 3.375508515699788e-08
42350.056 5.580777441120169e-08
42400.056 6.496373897900316e-08
42450.056 6.290581381300485e-08
42500.056 6.636829516499794e-08
42550.056 5.758700918799805e-08
42600.056 5.531778475801247e-08
42650.056 8.197921048999215e-08
42700.056 4.0093682996991574e-08
42750.056 5.103362470000758e-08
42800.056 7.604200511100146e-08
42850.056 8.228722683799103e-08
42900.056 8.256137683700472e-08
42950.056 6.300301305000105e-08
43000.056 7.448620920599817e-08
43050.056 3.6962720263001555e-08
43100.056 6.582236136099919e-08
43150.056 5.63366250840008e-08
43200.056 7.143624653600414e-08
43250.056 1.0816599618200299e-07
43300.056 9.172489497399741e-08
43350.056 4.6784472981996645e-08
43400.056 7.279702351500355e-08
43450.056 5.1514028123002395e-08
43500.056 5.0332489452002976e-08
43550.056 5.1981996362003466e-08
43600.056 8.748981878800088e-08
43650.056 4.614233188799634e-08
43700.056 9.075814333601319e-08
43750.056 9.300725261399509e-08
43800.056 7.694388302199785e-08
43850.056 7.05501853610081e-08
43900.056 5.415349836899831e-08
43950.056 3.9620515947997424e-08
44000.056 3.637753690399942e-08
44050.056 8.620031935000678e-08
44100.056 1.2412096302600293e-07
44150.056 1.1088554612099459e-07
44200.056 1.0222889655200188e-07
44250.056 5.496708399599636e-08
44300.056 3.6234821061001763e-08
44350.056 4.1110782747102945e-08
44400.056 4.354516058899855e-08
44450.056 7.588860392600691e-08
44500.056 6.412404788700422e-08
44550.056 9.601938240000005e-08
44600.056 7.344070178880166e-08
44650.056 7.748677896399451e-08
44700.056 4.9740900917994016e-08
44750.056 6.916950777000744e-08
44800.056 4.7279037211701953e-08
44850.056 7.253770922200348e-08
44900.056 6.339935910199721e-08
44950.056 7.446487972300599e-08
45000.056 8.814333708999993e-08
45050.056 8.0086471745994e-08
45100.056 7.258364268900525e-08
45150.056 6.461488721099731e-08
45200.056 4.194434889120168e-08
45250.056 5.045563787499475e-08
45300.056 5.0360655764004266e-08
45350.056 3.5843124080605096e-08
45400.056 1.0433352924600567e-07
45450.056 8.794850939600813e-08
45500.056 1.0580152097600671e-07
45550.056 1.1862280885098567e-07
45600.056 1.0084010284800482e-07
45650.056 8.458162668999308e-08
45700.056 4.480443197819663e-08
45750.056 3.757614120550328e-08
45800.056 1.0517464755500368e-07
45850.056 8.635452937730371e-08
45900.056 1.1232990159299622e-07
45950.056 9.849893690899431e-08
46000.056 1.0631208866300687e-07
46050.056 8.454551275600717e-08
46100.056 1.2020760440899262e-07
46150.056 6.629678346200038e-08
46200.056 5.1542656813293206e-08
46250.056 1.8090363694449175e-08
46300.056 6.533791165400485e-08
46350.056 7.487365860800635e-08
46400.056 7.458703482600194e-08
46450.056 5.990290779429469e-08
46500.056 7.033390623500691e-08
46550.056 3.832694432779768e-08
46600.056 4.38517165835946e-08
46650.056 7.348590151800362e-08
46700.056 5.1068663319993166e-08
46750.056 2.048494369230319e-08
46800.056 1.3255069564098223e-08
46850.056 6.434318454800978e-08
46900.056 8.602725589499732e-08
46950.056 8.41602462909961e-08
47000.056 8.492836763500502e-08
47050.056 5.381747679878602e-08
47100.056 3.96770871570008e-08
47150.056 6.511136717400799e-08
47200.056 7.279882782199711e-08
47250.056 2.982191794139376e-08
47300.056 2.0498759687766007e-08
47350.056 7.423563249600532e-08
47400.056 8.100039948599764e-08
47450.056 4.938805744540456e-08
47500.056 9.391758851100168e-08
47550.056 7.74712487240025e-08
47600.056 6.418410839889245e-08
47650.056 7.324432331279747e-08
47700.056 5.527309573960725e-08
47750.056 3.940692326600027e-08
47800.056 2.8159477219001683e-08
47850.056 1.0749695611631868e-08
47900.056 1.9159452659400057e-08
47950.056 5.939742537300498e-08
48000.056 7.929737395499484e-08
48050.056 5.947447111579867e-08
48100.056 2.5612951857480497e-08
48150.056 4.9147413258002873e-08
48200.056 3.292219105411664e-08
48250.056 5.0824269235000816e-08
48300.056 7.32794671240002e-08
48350.056 4.2398703810994365e-08
48400.056 7.667955321333822e-09
48450.056 1.6668195710706105e-08
48500.056 3.430499119839361e-08
48550.056 4.262830751282762e-08
48600.056 6.936695270900185e-08
48650.056 8.588769910899804e-08
48700.056 5.766676142100488e-08
48750.056 3.98292496200021e-08
48800.056 6.528030917200271e-08
48850.056 3.071311788839551e-08
48900.056 3.414655222725655e-08
48950.056 1.787147367019896e-08
49000.056 1.035028548066266e-08
49050.056 3.5262621026896285e-08
49100.056 5.000077331409784e-08
49150.056 3.918217410729897e-08
49200.056 6.699081716200583e-08
49250.056 7.187192378900036e-08
49300.056 5.633268338099613e-08
49350.056 2.117307812556358e-08
49400.056 2.9457534430424165e-08
49450.056 2.3888561535475133e-08
49500.056 1.955326786459637e-08
49550.056 3.037916031989989e-09
49600.056 9.699214115265865e-09
49650.056 3.212847086500272e-08
49700.056 4.1942056540996645e-08
49750.056 3.494198972334774e-08
49800.056 1.8632192794409827e-08
49850.056 4.857186450100494e-08
49900.056 5.141262583799907e-08
49950.056 4.5599728278998204e-08
50000.056 2.864294743499596e-08
50050.056 3.4220438071303596e-08
50100.056 2.916368293399844e-08
50150.056 1.0735422539117923e-08
50200.056 1.387374824908701e-09
50250.056 1.0365637775899936e-08
50300.056 7.187988707022552e-09
50350.056 3.245675223800367e-08
50400.056 4.110497138699849e-08
50450.056 2.9465343629200243e-08
50500.056 4.876393910900257e-08
50550.056 5.1100110397000686e-08
50600.056 3.126455000999091e-08
50650.056 4.953030058500612e-08
50700.056 4.8920785460998594e-08
50750.056 2.6700651919999025e-08
50800.056 7.211552529244439e-09
50850.056 3.054917003409589e-09
50900.056 2.635050966900274e-08
50950.056 3.023469755299759e-08
51000.056 2.0313156580483658e-08
51050.056 3.384292277299553e-08
51100.056 1.2144103746990317e-08
51150.056 1.0499505634670644e-08
51200.056 4.1365786231000674e-08
51250.056 3.272344730639549e-08
51300.056 1.9295210553701807e-08
51350.056 1.67919850745649e-08
51400.056 4.100071097102927e-09
51450.056 3.412784456187928e-09
51500.056 3.0745965208472293e-09
51550.056 1.5040197532102697e-08
51600.056 1.6986023838001936e-08
51650.056 2.448957948829934e-08
51700.056 2.146658637177619e-08
51750.056 1.554753180966321e-08
51800.056 3.196158038099866e-08
51850.056 2.376003120429879e-08
51900.056 2.4190359450000867e-08
51950.056 1.1624059345397839e-08
52000.056 8.234688722186669e-10
52050.056 5.645148638300598e-09
52100.056 2.7621553258093318e-09
52150.056 1.4725763858855248e-09
52200.056 6.938927212599793e-09
52250.056 1.3472501408802227e-08
52300.056 1.59094872499988e-08
52350.056 3.2042888040656282e-09
52400.056 3.77165036143803e-09
52450.056 1.9309678219402423e-08
52500.056 1.4209603466788054e-08
52550.056 1.9457782704998388e-08
52600.056 1.5803231156001833e-08
52650.056 1.9981519721599943e-08
52700.056 1.0817791325999565e-08
52750.056 3.397398483154702e-09
52800.056 6.9927250314213756e-09
52850.056 8.906144092997966e-09
52900.056 2.542414391387848e-09
52950.056 5.0640346279109815e-09
53000.056 1.2747778055900571e-08
53050.056 4.0328606849675515e-09
53100.056 1.9049477733601737e-08
53150.056 1.9898944850199564e-08
53200.056 7.410716681579543e-09
53250.056 1.6317451101900027e-08
53300.056 1.7582616697423033e-08
53350.056 1.4995523148999783e-08
53400.056 8.77605121049894e-09
53450.056 2.047375116559298e-09
53500.056 3.392533024999076e-10
53550.056 8.261702677919894e-10
