galfind/configs/Brown_Dwarf_templates/sonora_bobcat/m+0.5/3160g/sp_t550g3160nc_m+0.5_resample.dat
# %ECSV 1.0
# ---
# datatype:
# - {name: wav, unit: Angstrom, datatype: float64}
# - {name: flux_nu, unit: erg / (cm2 Hz s), datatype: float64}
# meta: {C/O: '1.00', Kzz: '1.0000E+05', Teff: '550.', Y: '0.28', '[Fe/H]': '0.50', f_hole: '1.00', f_rain: '0.00', grav: '3160.'}
# schema: astropy-2.0
wav flux_nu
[from data line 499]
28950.056 1.1568409620959051e-09
29000.056 9.279313258110856e-10
29050.056 1.356897847789224e-09
29100.056 6.878841718904263e-10
29150.056 1.2929394959318198e-09
29200.056 1.5379705399279174e-09
29250.056 2.006547640551014e-09
29300.056 1.060654849701973e-09
29350.056 3.3078492444588615e-09
29400.056 1.160613095718734e-09
29450.056 1.0331052222438845e-09
29500.056 2.727718525022525e-09
29550.056 1.1821818821708014e-09
29600.056 1.6450701866515137e-09
29650.056 3.867244823985135e-09
29700.056 1.0841122377184596e-09
29750.056 2.7999031328506008e-09
29800.056 2.303855096391953e-09
29850.056 3.6507249786384283e-09
29900.056 2.2000292545625062e-09
29950.056 2.164212746062859e-09
30000.056 7.376595065754644e-11
30050.056 3.1633153967063024e-10
30100.056 9.73769439446905e-10
30150.056 3.0918127006474106e-09
30200.056 2.3491014638043835e-09
30250.056 4.7572569323775515e-09
30300.056 4.945084514723948e-09
30350.056 1.7688715656966248e-09
30400.056 5.69948812136663e-09
30450.056 3.5575927867493023e-09
30500.056 3.039721383892218e-09
30550.056 2.3574042756797963e-09
30600.056 9.756314445890692e-09
30650.056 4.5558266763926414e-09
30700.056 3.370271118447048e-09
30750.056 5.553882694293924e-09
30800.056 4.508949573699217e-09
30850.056 4.886238508706058e-09
30900.056 2.9543851395814636e-09
30950.056 2.532908695909906e-09
31000.056 2.9919409292346947e-09
31050.056 2.8831432938465218e-09
31100.056 1.4867623194406356e-09
31150.056 2.7883566044266747e-09
31200.056 6.023161326640271e-09
31250.056 2.793029912351835e-09
31300.056 2.1323552249365734e-09
31350.056 3.6572071473298187e-09
31400.056 2.4667610311673224e-09
31450.056 2.9041863865135494e-09
31500.056 1.0736831697363542e-09
31550.056 1.930467243805673e-09
31600.056 1.3091577092911904e-09
31650.056 1.0658938625443517e-09
31700.056 1.1283405612183306e-09
31750.056 5.402977394197033e-10
31800.056 1.1901599893801436e-09
31850.056 2.9463905817381586e-10
31900.056 6.797174632879791e-10
31950.056 3.4248018477952926e-10
32000.056 3.8877215524580016e-10
32050.056 4.436488832267215e-10
32100.056 3.4227876992420335e-10
32150.056 4.487372067110658e-10
32200.056 2.383403302491217e-10
32250.056 5.71959192195805e-10
32300.056 1.8881585284267493e-10
32350.056 6.146412115564863e-10
32400.056 1.4043300760328778e-10
32450.056 5.074293541719825e-10
32500.056 1.9301212052392764e-10
32550.056 4.484284979840513e-10
32600.056 2.5031771961067793e-10
32650.056 8.237036350842137e-10
32700.056 3.5651324077599685e-10
32750.056 1.5180618689125678e-09
32800.056 1.17289079201114e-09
32850.056 2.4148133151103143e-09
32900.056 2.2994519304346318e-09
32950.056 2.385849106604217e-09
33000.056 1.0161354895995606e-09
33050.056 1.2612897822411648e-09
33100.056 3.194204064103795e-10
33150.056 8.535900318381058e-13
33200.056 1.154580180429386e-11
33250.056 1.697867041591297e-11
33300.056 8.675587212012104e-11
33350.056 2.7099107470186327e-10
33400.056 7.737917176691574e-10
33450.056 5.802485023097515e-10
33500.056 1.930258223240841e-09
33550.056 5.404628057848303e-10
33600.056 1.2399520058825988e-09
33650.056 1.2027268815978532e-09
33700.056 4.747901743752121e-10
33750.056 1.6282215034408807e-09
33800.056 2.2405156490056646e-10
33850.056 8.103043510819612e-10
33900.056 8.407800706923125e-10
33950.056 6.827247824236347e-10
34000.056 1.3718289086336595e-09
34050.056 2.6011944585315815e-10
34100.056 1.2202751844226133e-09
34150.056 4.875843533201046e-10
34200.056 1.2098673133252728e-09
34250.056 8.912291901655992e-10
34300.056 7.352932465701498e-10
34350.056 1.6623507943008009e-09
34400.056 5.25434686802666e-10
34450.056 1.6880065441425492e-09
34500.056 9.740785679410334e-10
34550.056 6.162606751085136e-10
34600.056 2.7020759984900788e-09
34650.056 4.866968225897212e-10
34700.056 1.963186903873859e-09
34750.056 1.2313235064855854e-09
34800.056 8.956641648328662e-10
34850.056 3.117969044110223e-09
34900.056 8.649318160868541e-10
34950.056 2.6572685347295165e-09
35000.056 4.474428086251716e-09
35050.056 1.9197771153023484e-09
35100.056 5.081302819387945e-09
35150.056 4.344077165390099e-09
35200.056 3.3272344600150716e-09
35250.056 6.2023269815989536e-09
35300.056 2.1040223381570482e-09
35350.056 3.468038427342065e-09
35400.056 2.9967089401669485e-09
35450.056 2.2618070474775363e-09
35500.056 7.455256971439806e-09
35550.056 4.33173014356171e-09
35600.056 5.321539284602194e-09
35650.056 5.885502377316311e-09
35700.056 5.2089381234629465e-09
35750.056 9.116182732747464e-09
35800.056 7.120038170353645e-09
35850.056 3.4890637627095775e-09
35900.056 5.46434952707198e-09
35950.056 7.2696320562998564e-09
36000.056 7.165467305761389e-09
36050.056 5.7799838235104765e-09
36100.056 5.039813733706264e-09
36150.056 1.0381264634518626e-08
36200.056 1.1629696755406155e-08
36250.056 7.720862544211602e-09
36300.056 1.596637618714769e-08
36350.056 1.103942906343585e-08
36400.056 1.5282769839072066e-08
36450.056 1.2785758598389968e-08
36500.056 1.4571077531249188e-08
36550.056 2.1635038602402027e-08
36600.056 2.4326749077694517e-08
36650.056 1.6896767095490988e-08
36700.056 1.6988904955402415e-08
36750.056 2.3632848273405895e-08
36800.056 2.6150313908196842e-08
36850.056 1.692750985406904e-08
36900.056 2.195695561586628e-08
36950.056 2.7272895541294057e-08
37000.056 1.9975742609056596e-08
37050.056 2.8467186349008338e-08
37100.056 1.8043306488497076e-08
37150.056 2.2188165071566012e-08
37200.056 3.426289827799585e-08
37250.056 2.0219636569475267e-08
37300.056 1.6615677837512748e-08
37350.056 2.7205401293917484e-08
37400.056 3.883152993089866e-08
37450.056 1.8416789639800144e-08
37500.056 2.2968371503894365e-08
37550.056 4.247775618121157e-08
37600.056 5.558987430500586e-08
37650.056 2.1121651620662807e-08
37700.056 3.738773787100361e-08
37750.056 2.683640242224357e-08
37800.056 3.0227451500806666e-08
37850.056 1.8039624542200074e-08
37900.056 2.1416312386261213e-08
37950.056 3.391421598399942e-08
38000.056 3.202060444200818e-08
38050.056 3.9931212006008445e-08
38100.056 5.141285692564085e-08
38150.056 5.337533139919671e-08
38200.056 4.3745941170401236e-08
38250.056 4.732622687722433e-08
38300.056 7.162277111278487e-08
38350.056 6.635423097261523e-08
38400.056 3.4949486727281137e-08
38450.056 2.1756598220211432e-08
38500.056 1.6877837057324343e-08
38550.056 4.1258782351007346e-08
38600.056 4.164035370099149e-08
38650.056 4.585687441359453e-08
38700.056 4.711290380839483e-08
38750.056 4.3426767341299867e-08
38800.056 4.277056585139853e-08
38850.056 4.8615608908002985e-08
38900.056 5.8428610502191363e-08
38950.056 4.0035631937402304e-08
39000.056 5.308825889798817e-08
39050.056 4.236950968212031e-08
39100.056 5.077401124858463e-08
39150.056 6.664964093759797e-08
39200.056 5.10806114509966e-08
39250.056 6.631898045750208e-08
39300.056 5.503618639579774e-08
39350.056 7.94881709130004e-08
39400.056 5.5705315358008096e-08
39450.056 7.15777769890724e-08
39500.056 7.792599705200158e-08
39550.056 4.6681315433872044e-08
39600.056 6.839757166280325e-08
39650.056 9.260997127399613e-08
39700.056 8.125332945000776e-08
39750.056 4.58320550842319e-08
39800.056 5.2785472718200656e-08
39850.056 9.870118203100396e-08
39900.056 1.023600321170046e-07
39950.056 6.267540669599719e-08
40000.056 9.18801733469986e-08
40050.056 9.244427212699897e-08
40100.056 4.298665395500659e-08
40150.056 8.744935626700538e-08
40200.056 9.456156633998871e-08
40250.056 1.015375005879826e-07
40300.056 1.0120235290501104e-07
40350.056 6.682547040798659e-08
40400.056 9.580211085029072e-08
40450.056 5.704692064819456e-08
40500.056 1.0223242413099371e-07
40550.056 1.0886383352497934e-07
40600.056 1.0046080926400121e-07
40650.056 8.23772794733626e-08
40700.056 1.4013011317899385e-07
40750.056 9.818673183798828e-08
40800.056 6.668517829098373e-08
40850.056 1.436984097920157e-07
40900.056 1.3209953505498973e-07
40950.056 1.0240955482940881e-07
41000.056 9.650355169799528e-08
41050.056 1.496223409689887e-07
41100.056 1.2971958392799206e-07
41150.056 6.367719771949724e-08
41200.056 1.425872145980119e-07
41250.056 1.2688307653758245e-07
41300.056 1.2611274590200588e-07
41350.056 1.5885826388999788e-07
41400.056 1.3060408401000413e-07
41450.056 1.5950264396999492e-07
41500.056 1.0718168554858139e-07
41550.056 9.822374035102316e-08
41600.056 1.1108179766320539e-07
41650.056 1.434971460510089e-07
41700.056 1.5551770873998188e-07
41750.056 1.3195250612199405e-07
41800.056 1.517629200370118e-07
41850.056 1.1394982738198906e-07
41900.056 1.1223021346797423e-07
41950.056 1.2882539436200207e-07
42000.056 1.0031153932895349e-07
42050.056 9.569338661121547e-08
42100.056 1.3169524299098545e-07
42150.056 1.0886934898799875e-07
42200.056 1.1071527010598923e-07
42250.056 1.0490471961300878e-07
42300.056 9.55942852539962e-08
42350.056 1.3232117280700707e-07
42400.056 1.458782571560074e-07
42450.056 1.2734810355401523e-07
42500.056 1.3167611438999455e-07
42550.056 1.1607515329799438e-07
42600.056 1.2751898097603156e-07
42650.056 1.796142527529788e-07
42700.056 1.0545753375897285e-07
42750.056 1.086008435510173e-07
42800.056 1.4755026859400508e-07
42850.056 1.6399319234597472e-07
42900.056 1.72442720417014e-07
42950.056 1.305152322789937e-07
43000.056 1.5357371841599798e-07
43050.056 8.277625235601204e-08
43100.056 1.3820303764799303e-07
43150.056 1.1395512583000481e-07
43200.056 1.4196058007800884e-07
43250.056 2.1002245524000928e-07
43300.056 1.866189761599994e-07
43350.056 9.672238212598613e-08
43400.056 1.4520413896400847e-07
43450.056 1.0707702125300916e-07
43500.056 1.1546883894700929e-07
43550.056 1.1553434848700645e-07
43600.056 1.718929897680077e-07
43650.056 9.947878479699577e-08
43700.056 1.892240348010242e-07
43750.056 1.7272967102199288e-07
43800.056 1.5237237852299147e-07
43850.056 1.4031920543801808e-07
43900.056 1.207611337199917e-07
43950.056 8.740968578499264e-08
44000.056 7.90094344629994e-08
44050.056 1.679673113160099e-07
44100.056 2.3474764995000563e-07
44150.056 2.215893388219898e-07
44200.056 1.9289429443500416e-07
44250.056 1.105619816189941e-07
44300.056 8.212767828800927e-08
44350.056 9.637088276501138e-08
44400.056 9.50133033379952e-08
44450.056 1.558531125500108e-07
44500.056 1.3383546853701734e-07
44550.056 1.954300067599951e-07
44600.056 1.6582911414790507e-07
44650.056 1.586960372289916e-07
44700.056 1.0490386096298795e-07
44750.056 1.4123466599102194e-07
44800.056 1.0796293509120795e-07
44850.056 1.6065851277200763e-07
44900.056 1.2973665995699593e-07
44950.056 1.4719610764801192e-07
45000.056 1.6933296320000285e-07
45050.056 1.5961289268798797e-07
45100.056 1.4911314273801005e-07
45150.056 1.384234336859927e-07
45200.056 9.874672334300645e-08
45250.056 1.154363977049837e-07
45300.056 1.1032155516501288e-07
45350.056 9.007805225240938e-08
45400.056 2.0498184933001643e-07
45450.056 1.8152249663901624e-07
45500.056 2.0943891462301333e-07
45550.056 2.3201387716396721e-07
45600.056 2.0716377933001426e-07
45650.056 1.7254653382299062e-07
45700.056 1.0405032582779464e-07
45750.056 9.131573972540513e-08
45800.056 2.2350596105401048e-07
45850.056 1.9122773918600153e-07
45900.056 2.2200280558399302e-07
45950.056 1.8071113516499193e-07
46000.056 2.1251100335802034e-07
46050.056 1.6524938365400723e-07
46100.056 2.4052800318998706e-07
46150.056 1.4040302310600109e-07
46200.056 1.2050273595248653e-07
46250.056 5.180256008750576e-08
46300.056 1.4481941594100616e-07
46350.056 1.5886181014501464e-07
46400.056 1.5164204656100557e-07
46450.056 1.2849054489129147e-07
46500.056 1.4354394909702173e-07
46550.056 8.7002053406001e-08
46600.056 1.1155629588738476e-07
46650.056 1.7084814040800929e-07
46700.056 1.187955015109813e-07
46750.056 6.018258648570963e-08
46800.056 4.253069883779739e-08
46850.056 1.6166713594002086e-07
46900.056 1.8103519394099208e-07
46950.056 1.710344710179882e-07
47000.056 1.6750413839101528e-07
47050.056 1.2060180922256485e-07
47100.056 8.817841842100352e-08
47150.056 1.3836654024601763e-07
47200.056 1.5812214735799278e-07
47250.056 7.987461203948794e-08
47300.056 5.4988101280501484e-08
47350.056 1.7053628410000832e-07
47400.056 1.6470656182999204e-07
47450.056 1.2248220896811605e-07
47500.056 1.9140623072999306e-07
47550.056 1.5677114858600656e-07
47600.056 1.5013865008198497e-07
47650.056 1.5895400184739292e-07
47700.056 1.2236794427682192e-07
47750.056 9.018242318100072e-08
47800.056 7.595351688000869e-08
47850.056 3.713922926810525e-08
47900.056 5.8190208441598106e-08
47950.056 1.3920774257400808e-07
48000.056 1.8083163287999526e-07
48050.056 1.473272710599927e-07
48100.056 6.554584011020247e-08
48150.056 1.1206945440500468e-07
48200.056 8.437192507639512e-08
48250.056 1.1345678428500069e-07
48300.056 1.7127576239999965e-07
48350.056 1.0781288824398904e-07
48400.056 2.8363460378493392e-08
48450.056 5.848466732398309e-08
48500.056 9.85675122699792e-08
48550.056 1.1140044575121414e-07
48600.056 1.405019597400038e-07
48650.056 1.7590568148999577e-07
48700.056 1.2157350593101198e-07
48750.056 7.785156408701306e-08
48800.056 1.4366955775300887e-07
48850.056 7.965170277128751e-08
48900.056 1.051858650414705e-07
48950.056 6.267176549099747e-08
49000.056 3.4669582433146693e-08
49050.056 1.014430204919884e-07
49100.056 1.2604717194191835e-07
49150.056 9.491229533069843e-08
49200.056 1.460279703240147e-07
49250.056 1.4954769747400445e-07
49300.056 1.231211244139944e-07
49350.056 5.5064841173420456e-08
49400.056 7.925279653458367e-08
49450.056 7.263700784676639e-08
49500.056 6.102628258809119e-08
49550.056 1.4433596667009899e-08
49600.056 3.887283617709838e-08
49650.056 8.364203195400128e-08
49700.056 9.602800294498319e-08
49750.056 9.806790073959408e-08
49800.056 6.14564850132582e-08
49850.056 1.2243024816801223e-07
49900.056 1.1315163489999703e-07
49950.056 1.0115744142999736e-07
50000.056 8.102407027759117e-08
50050.056 9.758889133000437e-08
50100.056 8.050798058099581e-08
50150.056 3.842889565389363e-08
50200.056 7.953613075963382e-09
50250.056 4.44648654679991e-08
50300.056 3.0089168308585014e-08
50350.056 9.208497777201096e-08
50400.056 9.87275767099948e-08
50450.056 6.84531168122007e-08
50500.056 1.1208052855500594e-07
50550.056 1.0885735143200258e-07
50600.056 7.297341029597907e-08
50650.056 1.1332713274501727e-07
50700.056 1.1985284788399713e-07
50750.056 7.344501445400194e-08
50800.056 2.7567575105975143e-08
50850.056 1.5837940162907097e-08
50900.056 8.662017250000426e-08
50950.056 8.172582662399635e-08
51000.056 6.476806038180822e-08
51050.056 8.90709036919876e-08
51100.056 3.4978887208728624e-08
51150.056 3.902508853258392e-08
51200.056 1.1248792517199732e-07
51250.056 8.163553678598633e-08
51300.056 5.2610873417909204e-08
51350.056 5.5583591364231495e-08
51400.056 2.0907872210253992e-08
51450.056 1.6214996200152127e-08
51500.056 1.423122664679936e-08
51550.056 5.230229317240761e-08
51600.056 4.543863068600617e-08
51650.056 5.881612922999632e-08
51700.056 6.170919539729131e-08
51750.056 4.295625338690719e-08
51800.056 7.832520715699085e-08
51850.056 6.105933528839744e-08
51900.056 7.880672057000373e-08
51950.056 4.6930457595993797e-08
52000.056 5.375337882457989e-09
52050.056 2.4823452039503054e-08
52100.056 1.4956293366497507e-08
52150.056 9.105859024056077e-09
52200.056 2.5505589132798916e-08
52250.056 4.22527029918075e-08
52300.056 5.918086194599716e-08
52350.056 1.8262515296750956e-08
52400.056 1.925241077434979e-08
52450.056 6.398582651200788e-08
52500.056 5.208483798361827e-08
52550.056 5.6012536546996e-08
52600.056 4.234788788470318e-08
52650.056 5.080308121250297e-08
52700.056 3.2970912533899845e-08
52750.056 1.4999776577005822e-08
52800.056 2.506630851280424e-08
52850.056 3.080349272599224e-08
52900.056 1.4566071274712955e-08
52950.056 2.3219045096402906e-08
53000.056 4.198682238700273e-08
53050.056 1.6555762194056555e-08
53100.056 5.313742310100221e-08
53150.056 5.740922283400211e-08
53200.056 2.2025376896337863e-08
53250.056 4.8990496340002516e-08
53300.056 5.7129630364206e-08
53350.056 4.7513759861999494e-08
53400.056 3.2359386674996945e-08
53450.056 1.0875903111646774e-08
53500.056 2.647054818039036e-09
