galfind/configs/Brown_Dwarf_templates/sonora_bobcat/m+0.5/3160g/sp_t475g3160nc_m+0.5_resample.dat
# %ECSV 1.0
# ---
# datatype:
# - {name: wav, unit: Angstrom, datatype: float64}
# - {name: flux_nu, unit: erg / (cm2 Hz s), datatype: float64}
# meta: {C/O: '1.00', Kzz: '1.0000E+05', Teff: '475.', Y: '0.28', '[Fe/H]': '0.50', f_hole: '1.00', f_rain: '0.00', grav: '3160.'}
# schema: astropy-2.0
wav flux_nu
[from data line 499]
28950.056 2.793793274561105e-10
29000.056 2.065508346393069e-10
29050.056 3.3876218734127996e-10
29100.056 1.452447937969691e-10
29150.056 2.6914931849592014e-10
29200.056 4.781682111078173e-10
29250.056 5.04997443142749e-10
29300.056 2.9616377427850417e-10
29350.056 8.597635375681932e-10
29400.056 3.0368937482169054e-10
29450.056 1.9874899364828116e-10
29500.056 8.199297931101432e-10
29550.056 2.818558386462218e-10
29600.056 3.8098925792797415e-10
29650.056 1.2501405625550635e-09
29700.056 2.339756909694678e-10
29750.056 7.869395981754052e-10
29800.056 5.524770216293193e-10
29850.056 1.128363011268961e-09
29900.056 5.319007003737508e-10
29950.056 5.46426293943323e-10
30000.056 1.1580249225842617e-11
30050.056 7.493173864207012e-11
30100.056 2.84303340272019e-10
30150.056 1.0130368814193185e-09
30200.056 6.839966493721901e-10
30250.056 1.3403655909718508e-09
30300.056 1.519671695400115e-09
30350.056 3.8379686324663244e-10
30400.056 1.7380555273669793e-09
30450.056 1.1481906231967993e-09
30500.056 7.801626848779927e-10
30550.056 5.867000251448068e-10
30600.056 4.174471823300051e-09
30650.056 1.694086366021345e-09
30700.056 1.0512901315907404e-09
30750.056 1.933914171628829e-09
30800.056 1.7337342133733028e-09
30850.056 1.891188897129901e-09
30900.056 1.068628282963562e-09
30950.056 8.234528235445019e-10
31000.056 1.0609356732060582e-09
31050.056 8.672124868060443e-10
31100.056 4.4791730659030904e-10
31150.056 8.694512509513995e-10
31200.056 2.471399268749913e-09
31250.056 9.920497014386069e-10
31300.056 6.884407427202363e-10
31350.056 1.5658376132689354e-09
31400.056 9.817908999553548e-10
31450.056 1.1184036753456673e-09
31500.056 3.693843001848297e-10
31550.056 7.409526054259944e-10
31600.056 5.070134438400173e-10
31650.056 3.9590823646285457e-10
31700.056 3.808711416171263e-10
31750.056 1.7073583317505141e-10
31800.056 3.820571621790542e-10
31850.056 7.734741630978297e-11
31900.056 1.933076111100228e-10
31950.056 9.56729412646331e-11
32000.056 8.841355473861721e-11
32050.056 1.04987841099727e-10
32100.056 8.096156072270847e-11
32150.056 9.42635666970822e-11
32200.056 4.709454683210196e-11
32250.056 1.1336415665232116e-10
32300.056 3.387639395360519e-11
32350.056 1.2446783083702128e-10
32400.056 1.9884226994580436e-11
32450.056 9.33383856051295e-11
32500.056 2.4255491646049155e-11
32550.056 8.861412167101378e-11
32600.056 2.824766850099487e-11
32650.056 1.7058671303343682e-10
32700.056 4.372066386462468e-11
32750.056 3.7557680268815385e-10
32800.056 2.359936080688551e-10
32850.056 7.018013269331595e-10
32900.056 6.363676350038448e-10
32950.056 6.51530272646108e-10
33000.056 2.091046066266957e-10
33050.056 2.4434077705934673e-10
33100.056 5.0076954986103304e-11
33150.056 3.5273097155332066e-14
33200.056 1.7045721009069527e-12
33250.056 3.216324960700409e-12
33300.056 2.8523599850047e-11
33350.056 8.706601052867963e-11
33400.056 2.9319116639528905e-10
33450.056 1.4449197943343974e-10
33500.056 5.791814905382122e-10
33550.056 1.1679309808757388e-10
33600.056 2.8396023426780793e-10
33650.056 2.888752304831505e-10
33700.056 8.381729001595648e-11
33750.056 3.8352022734734766e-10
33800.056 3.443651914812816e-11
33850.056 1.7841629332624281e-10
33900.056 1.882498819906897e-10
33950.056 1.5644788084555894e-10
34000.056 3.516922391331088e-10
34050.056 5.485623133378088e-11
34100.056 3.2888167074852835e-10
34150.056 1.0914380072618538e-10
34200.056 3.4381244421879735e-10
34250.056 2.0959606824289082e-10
34300.056 1.999087201102223e-10
34350.056 5.804531110064384e-10
34400.056 1.3109093611778595e-10
34450.056 5.401893828920735e-10
34500.056 2.6215297996212966e-10
34550.056 2.268233660177246e-10
34600.056 1.0723736506820636e-09
34650.056 1.2206241846166232e-10
34700.056 7.312646410935819e-10
34750.056 3.9931687033572235e-10
34800.056 2.864272422217223e-10
34850.056 1.1980174727862845e-09
34900.056 2.0779870746718838e-10
34950.056 1.1179292429508453e-09
35000.056 1.66863800384365e-09
35050.056 8.19002642329584e-10
35100.056 2.2014487172728266e-09
35150.056 1.8267224746088586e-09
35200.056 1.3703829654070852e-09
35250.056 2.6656000387558825e-09
35300.056 7.281155980462921e-10
35350.056 1.1901625371399412e-09
35400.056 8.991816735828105e-10
35450.056 7.455512865107273e-10
35500.056 2.7865229775262577e-09
35550.056 1.520273954531677e-09
35600.056 2.1677619822042602e-09
35650.056 2.444857349208504e-09
35700.056 2.315907571221418e-09
35750.056 3.848848754576783e-09
35800.056 2.3356380497939102e-09
35850.056 1.1497098478800222e-09
35900.056 1.783946548259575e-09
35950.056 2.737834373939294e-09
36000.056 2.8223489592104795e-09
36050.056 2.0919913769151084e-09
36100.056 1.8470850866885635e-09
36150.056 4.823882051539502e-09
36200.056 5.1150744926558285e-09
36250.056 3.0718426173034372e-09
36300.056 7.54649736780998e-09
36350.056 4.6557262285277885e-09
36400.056 7.0921896670212735e-09
36450.056 5.41414494197724e-09
36500.056 6.069020216883225e-09
36550.056 1.061121829304524e-08
36600.056 1.1977932466197559e-08
36650.056 7.234260667054761e-09
36700.056 7.60485485539472e-09
36750.056 1.1414755465003146e-08
36800.056 1.3023523321207965e-08
36850.056 7.13419995763097e-09
36900.056 9.603178949029444e-09
36950.056 1.367011056734721e-08
37000.056 9.194725457958525e-09
37050.056 1.4273979056348714e-08
37100.056 7.027305989208353e-09
37150.056 1.0057300855775815e-08
37200.056 1.7915293654698294e-08
37250.056 9.187787813545793e-09
37300.056 6.7545902477692205e-09
37350.056 1.2422196152767658e-08
37400.056 1.907069731781884e-08
37450.056 7.737407779769607e-09
37500.056 1.010189665457034e-08
37550.056 2.231045785290545e-08
37600.056 3.162407133500221e-08
37650.056 9.32281822688725e-09
37700.056 1.7791973780642134e-08
37750.056 1.2768220977411147e-08
37800.056 1.4140029083062908e-08
37850.056 7.848711887299845e-09
37900.056 9.322216151040045e-09
37950.056 1.596220223980013e-08
38000.056 1.4478682799143463e-08
38050.056 2.0322227980153904e-08
38100.056 2.7700815300095807e-08
38150.056 2.9661664461537748e-08
38200.056 2.1495378317580048e-08
38250.056 2.6153149843971827e-08
38300.056 4.207772494439139e-08
38350.056 3.6173533960309036e-08
38400.056 1.6423775270460068e-08
38450.056 8.050864196917108e-09
38500.056 6.555709506261555e-09
38550.056 2.017857108190302e-08
38600.056 2.1579105140695635e-08
38650.056 2.3022463788277737e-08
38700.056 2.2565660964095825e-08
38750.056 2.1469288626899316e-08
38800.056 2.1149513590700043e-08
38850.056 2.4745597795801823e-08
38900.056 2.9580903328884114e-08
38950.056 1.8953717740101918e-08
39000.056 2.763994719169383e-08
39050.056 1.8813428845210214e-08
39100.056 2.5385985475564774e-08
39150.056 3.6289871109898996e-08
39200.056 2.636908423829857e-08
39250.056 3.507578123520117e-08
39300.056 2.74834014967996e-08
39350.056 4.4623307702700006e-08
39400.056 2.8225140942948468e-08
39450.056 3.957986444708615e-08
39500.056 4.389347100299984e-08
39550.056 2.182876378244439e-08
39600.056 3.602033828064336e-08
39650.056 5.317303013599822e-08
39700.056 4.615890469820414e-08
39750.056 2.181196426340417e-08
39800.056 2.4382184599750826e-08
39850.056 5.595594221000292e-08
39900.056 5.995558158900286e-08
39950.056 3.07896285523995e-08
40000.056 4.939431505099881e-08
40050.056 5.223490689379868e-08
40100.056 1.8812420077870136e-08
40150.056 4.65186747660029e-08
40200.056 5.25811926719946e-08
40250.056 5.796107282499071e-08
40300.056 5.7897777341006754e-08
40350.056 3.291422024339209e-08
40400.056 4.9727812177836175e-08
40450.056 2.577814237657789e-08
40500.056 5.6345447140997647e-08
40550.056 6.01668432017885e-08
40600.056 5.6702657972999685e-08
40650.056 4.326188849704744e-08
40700.056 7.97251486219969e-08
40750.056 5.4407911042994315e-08
40800.056 3.3439222569393133e-08
40850.056 8.409373689300931e-08
40900.056 7.747619267699322e-08
40950.056 5.668239299588445e-08
41000.056 5.1525075951397274e-08
41050.056 8.998099461999626e-08
41100.056 7.737917546299523e-08
41150.056 3.1100815581218384e-08
41200.056 8.408618407900846e-08
41250.056 7.524827163548793e-08
41300.056 7.858549255900602e-08
41350.056 9.929866254499916e-08
41400.056 7.771728884200014e-08
41450.056 1.0006243988499856e-07
41500.056 6.14735495279284e-08
41550.056 5.617739280081271e-08
41600.056 6.235714475134092e-08
41650.056 8.825622361600656e-08
41700.056 1.0544836565198968e-07
41750.056 8.352001082299817e-08
41800.056 9.372252786700444e-08
41850.056 7.268676456889328e-08
41900.056 6.575178905098418e-08
41950.056 7.353014779899885e-08
42000.056 4.94752391263743e-08
42050.056 5.229580201520885e-08
42100.056 7.110603733999359e-08
42150.056 6.537462743159762e-08
42200.056 6.830696271099374e-08
42250.056 6.069654976100702e-08
42300.056 5.416125951899714e-08
42350.056 8.233015347600305e-08
42400.056 9.353369266600467e-08
42450.056 8.6114390901008e-08
42500.056 8.995010879699676e-08
42550.056 7.846224543599674e-08
42600.056 8.089490526101953e-08
42650.056 1.1743630510598778e-07
42700.056 6.221251551598522e-08
42750.056 7.116934301601111e-08
42800.056 1.020837574200025e-07
42850.056 1.1203422684498552e-07
42900.056 1.1505764559700775e-07
42950.056 8.74810181199993e-08
43000.056 1.0327105606899792e-07
43050.056 5.283887887500458e-08
43100.056 9.23552295259971e-08
43150.056 7.684474044900188e-08
43200.056 9.6931811144006e-08
43250.056 1.4620012800000507e-07
43300.056 1.2644295548899774e-07
43350.056 6.433088730999353e-08
43400.056 9.939071197900554e-08
43450.056 7.136386233600449e-08
43500.056 7.338205303500518e-08
43550.056 7.439054055700468e-08
43600.056 1.1879578568000283e-07
43650.056 6.509965125399575e-08
43700.056 1.2706064232501777e-07
43750.056 1.2297788052099352e-07
43800.056 1.0485435131799603e-07
43850.056 9.655784538801187e-08
43900.056 7.753669415999618e-08
43950.056 5.639876182699591e-08
44000.056 5.127238915199922e-08
44050.056 1.1654951771200817e-07
44100.056 1.6637671107000422e-07
44150.056 1.5186053105599254e-07
44200.056 1.3668675513200293e-07
44250.056 7.489856346299528e-08
44300.056 5.2099950984004025e-08
44350.056 6.031626909370549e-08
44400.056 6.165236287399744e-08
44450.056 1.049978810890087e-07
44500.056 8.898526559500844e-08
44550.056 1.3290439455999877e-07
44600.056 1.0611457284860278e-07
44650.056 1.0705051896199284e-07
44700.056 6.917369822499168e-08
44750.056 9.527910985901224e-08
44800.056 6.821592204940399e-08
44850.056 1.0349627519800486e-07
44900.056 8.747653304399633e-08
44950.056 1.007454053570083e-07
45000.056 1.1819957689000069e-07
45050.056 1.0938616949399177e-07
45100.056 1.0023864424100709e-07
45150.056 9.05209475929958e-08
45200.056 6.141181754550333e-08
45250.056 7.287327435399112e-08
45300.056 7.18675379130073e-08
45350.056 5.405935670440701e-08
45400.056 1.4236351201000938e-07
45450.056 1.2256003401001145e-07
45500.056 1.452633225800095e-07
45550.056 1.623193358479788e-07
45600.056 1.3992339971000797e-07
45650.056 1.167210758479916e-07
45700.056 6.538506074899577e-08
45750.056 5.583187403940421e-08
45800.056 1.488870921500062e-07
45850.056 1.244529796020036e-07
45900.056 1.5317547634099447e-07
45950.056 1.2930266804599285e-07
46000.056 1.4602825060601154e-07
46050.056 1.1482278741200809e-07
46100.056 1.659055299999902e-07
46150.056 9.311293700900059e-08
46200.056 7.574360693479045e-08
46250.056 2.8795916712888202e-08
46300.056 9.409462445400587e-08
46350.056 1.0550146141400971e-07
46400.056 1.0315439760300311e-07
46450.056 8.518694132019286e-08
46500.056 9.7187880309012e-08
46550.056 5.5207086915498435e-08
46600.056 6.731509382399115e-08
46650.056 1.0807421509600546e-07
46700.056 7.500131112498914e-08
46750.056 3.323460346910539e-08
46800.056 2.2308146637797575e-08
46850.056 9.857220858201393e-08
46900.056 1.2119082831199522e-07
46950.056 1.1630317940199345e-07
47000.056 1.1552992434400847e-07
47050.056 7.756692063517858e-08
47100.056 5.6697297831001525e-08
47150.056 9.232439207901162e-08
47200.056 1.0405375312499557e-07
47250.056 4.6567950365191354e-08
47300.056 3.1913748558028346e-08
47350.056 1.0890562454600702e-07
47400.056 1.1238468262699579e-07
47450.056 7.455254761580843e-08
47500.056 1.3112857129899915e-07
47550.056 1.0668535794800406e-07
47600.056 9.511069585848932e-08
47650.056 1.049792451081962e-07
47700.056 7.960192458441195e-08
47750.056 5.718457978300041e-08
47800.056 4.4136335556004004e-08
47850.056 1.8697702311593018e-08
47900.056 3.157863627311963e-08
47950.056 8.83298119730065e-08
48000.056 1.1684915062399401e-07
48050.056 9.057857497539694e-08
48100.056 3.899493363972119e-08
48150.056 7.150273167300379e-08
48200.056 5.064839468131582e-08
48250.056 7.353084675900081e-08
48300.056 1.0949637819500053e-07
48350.056 6.59995338299919e-08
48400.056 1.3744292128216361e-08
48450.056 2.9484026454856993e-08
48500.056 5.592647942398862e-08
48550.056 6.672256476331043e-08
48600.056 9.646497719500246e-08
48650.056 1.2031766758899713e-07
48700.056 8.113094361400772e-08
48750.056 5.36696369890051e-08
48800.056 9.400584813300506e-08
48850.056 4.7563913119792896e-08
48900.056 5.7562972946774467e-08
48950.056 3.185374602219828e-08
49000.056 1.7811698841342213e-08
49050.056 5.759890167209375e-08
49100.056 7.696435078021175e-08
49150.056 5.8881453776798714e-08
49200.056 9.606118936400891e-08
49250.056 1.0120451038200139e-07
49300.056 8.107969190899529e-08
49350.056 3.2525829854675796e-08
49400.056 4.63814985678906e-08
49450.056 3.97824601638587e-08
49500.056 3.305974975048434e-08
49550.056 6.023497700229961e-09
49600.056 1.8167861266285274e-08
49650.056 5.0215449951002904e-08
49700.056 6.171077592599249e-08
49750.056 5.655168584539652e-08
49800.056 3.212539531201935e-08
49850.056 7.478699140700751e-08
49900.056 7.412998948999836e-08
49950.056 6.591061298899778e-08
50000.056 4.6424660489374163e-08
50050.056 5.611466948080442e-08
50100.056 4.6891838117997614e-08
50150.056 1.9298990978636496e-08
50200.056 2.9829816204994208e-09
50250.056 2.0024550559499776e-08
50300.056 1.3646513762172677e-08
50350.056 5.289404667900615e-08
50400.056 6.192820178699717e-08
50450.056 4.302304473000039e-08
50500.056 7.193643577200377e-08
50550.056 7.267211716600131e-08
50600.056 4.6227862850286154e-08
50650.056 7.281057413401015e-08
50700.056 7.473735593599832e-08
50750.056 4.266944201099952e-08
50800.056 1.3213804049839464e-08
50850.056 6.336816530923124e-09
50900.056 4.5960344682003764e-08
50950.056 4.8340189194996724e-08
51000.056 3.470805383932551e-08
51050.056 5.31207748211926e-08
51100.056 1.9496327057750087e-08
51150.056 1.9082844023684513e-08
51200.056 6.616307876699986e-08
51250.056 5.0205020178992036e-08
51300.056 3.061161239830398e-08
51350.056 2.9481980173718986e-08
51400.056 8.688343522582848e-09
51450.056 6.9351707258598385e-09
51500.056 6.088147605986384e-09
51550.056 2.654172399500449e-08
51600.056 2.6482693596903424e-08
51650.056 3.6542283416998514e-08
51700.056 3.4921102273264315e-08
51750.056 2.470930772675475e-08
51800.056 4.855185147599648e-08
51850.056 3.6684215957798306e-08
51900.056 4.184859622600192e-08
51950.056 2.2090689544196417e-08
52000.056 1.8596604422752447e-09
52050.056 1.1013472057901269e-08
52100.056 5.893927351518778e-09
52150.056 3.303077497361e-09
52200.056 1.2553774915999457e-08
52250.056 2.2843940670404e-08
52300.056 2.9191492947998164e-08
52350.056 6.98853265713136e-09
52400.056 7.883356558449925e-09
52450.056 3.405515418100425e-08
52500.056 2.602827738118532e-08
52550.056 3.155664368899757e-08
52600.056 2.4538801310102466e-08
52650.056 3.042410345920067e-08
52700.056 1.781450186329965e-08
52750.056 6.628682191549727e-09
52800.056 1.2470265369202339e-08
52850.056 1.5714451799796308e-08
52900.056 5.553059866551733e-09
52950.056 1.015555007872167e-08
53000.056 2.1969150955001204e-08
53050.056 7.572840369118831e-09
53100.056 3.066820655700226e-08
53150.056 3.2144620405999964e-08
53200.056 1.2034118532459112e-08
53250.056 2.6863439305000585e-08
53300.056 3.033525807724654e-08
53350.056 2.5490668362999755e-08
53400.056 1.5860365999998235e-08
53450.056 4.302710006258593e-09
53500.056 7.932960076947342e-10
53550.056 1.998869275851987e-09
53600.056 1.0297346071102087e-08
