galfind/configs/Brown_Dwarf_templates/sonora_bobcat/m+0.5/3160g/sp_t1300g3160nc_m+0.5_resample.dat
# %ECSV 1.0
# ---
# datatype:
# - {name: wav, unit: Angstrom, datatype: float64}
# - {name: flux_nu, unit: erg / (cm2 Hz s), datatype: float64}
# meta: {C/O: '1.00', Kzz: '1.0000E+05', Teff: '1300.', Y: '0.28', '[Fe/H]': '0.50', f_hole: '1.00', f_rain: '0.00', grav: '3160.'}
# schema: astropy-2.0
wav flux_nu
4000.0559999999996 nan
4050.0559999999996 6.36086197985278e-12
4100.056 1.884378142179953e-10
4150.056 4.1225581147001485e-10
4200.056 3.775374155254554e-10
4250.056 6.058060514300108e-10
4300.056 7.532238384300421e-10
4350.056 8.157986289000134e-10
4400.056 9.65907236580016e-10
4450.056 1.0749782511400147e-09
4500.056 1.0522810328700312e-09
4550.056 1.1905645008939538e-09
4600.056 1.1158926355499895e-09
4650.056 9.76012276469961e-10
4700.056 8.982854286000048e-10
4750.056 5.243006687399988e-10
4800.056 1.6779278489499782e-10
4850.056 4.485427487999948e-11
4900.056 1.9413824630999875e-11
4950.056 9.546398199699923e-12
5000.056 3.882445373999964e-12
5050.056 1.8353167963999945e-12
5100.056 1.6057880905999984e-12
5150.056 1.4966516781999957e-12
5200.056 1.3944570441999998e-12
5250.056 1.2677368505999988e-12
5300.056 1.146525240699999e-12
5350.056 1.046401771499999e-12
5400.056 9.626982219299988e-13
5450.056 8.815995765699981e-13
5500.056 7.993135560499984e-13
5550.056 7.170080714299988e-13
5600.056 6.312821417199987e-13
5650.056 5.37934866899999e-13
5700.056 4.3871943020999885e-13
5750.056 3.309984037399986e-13
5800.056 2.2597599666999865e-13
5850.056 1.2694528592499842e-13
5900.056 3.890235039173277e-14
5950.056 2.607736600700045e-13
6000.056 7.039014458900088e-13
6050.056 1.5749323873000145e-12
6100.056 3.0606236923000237e-12
6150.056 5.46972815710004e-12
6200.056 9.19035864270006e-12
6250.056 1.4780963780000098e-11
6300.056 2.2965262408000156e-11
6350.056 3.480118699500021e-11
6400.056 5.154738322500026e-11
6450.056 7.49214600700004e-11
6500.056 1.0667459912700056e-10
6550.056 1.498964970100008e-10
6600.056 2.0833644098000108e-10
6650.056 2.8582135313000136e-10
6700.056 3.229928256342024e-10
6750.056 5.037619986900023e-10
6800.056 6.350804703700017e-10
6850.056 7.192756355000007e-10
6900.056 7.180651446000002e-10
6950.056 6.810298130599999e-10
7000.056 6.926884894300015e-10
7050.056 7.596707409300002e-10
7100.056 8.383542382700011e-10
7150.056 8.973491124799972e-10
7200.056 9.184524923000067e-10
7250.056 8.935960465199905e-10
7300.056 8.294578921999999e-10
7350.056 7.486758803499972e-10
7400.056 6.6250734612e-10
7450.056 5.647492634599986e-10
7500.056 4.5784448036999835e-10
7550.056 3.43956403379998e-10
7600.056 2.2965148778999733e-10
7650.056 4.14759571237934e-11
7700.056 2.0874868264509235e-11
7750.056 1.6975306855200432e-10
7800.056 3.6615160369280755e-10
7850.056 7.794963192400075e-10
7900.056 1.2129281601500106e-09
7950.056 1.4282308903016163e-09
8000.056 2.4771555471000173e-09
8050.056 3.308512315500025e-09
8100.056 4.2532964957000094e-09
8150.056 5.3430887053000154e-09
8200.056 6.615116989300094e-09
8250.056 8.128604192100077e-09
8300.056 9.83790821000032e-09
8350.056 1.1739656930299973e-08
8400.056 1.3924389743199871e-08
8450.056 1.6535100928999963e-08
8500.056 1.7459306002450366e-08
8550.056 2.1786026592800623e-08
8600.056 2.6157612972000142e-08
8650.056 2.9377461350000043e-08
8700.056 3.392285059999948e-08
8750.056 3.873166096300031e-08
8800.056 4.417746834800024e-08
8850.056 4.980362251300011e-08
8900.056 5.411004524399995e-08
8950.056 5.0060749200888697e-08
9000.056 6.684507220499886e-08
9050.056 7.85779920750016e-08
9100.056 8.762582017700113e-08
9150.056 9.5792703832002e-08
9200.056 1.0683174938299388e-07
9250.056 1.1190991176139014e-07
9300.056 8.107296004634722e-08
9350.056 1.005248451401969e-07
9400.056 1.3058673395039483e-07
9450.056 1.401182791490391e-07
9500.056 1.457626416172392e-07
9550.056 1.6029366576846717e-07
9600.056 1.6744227706430756e-07
9650.056 1.849075274005799e-07
9700.056 2.110015525323831e-07
9750.056 2.2830247356340513e-07
9800.056 2.5124046676068505e-07
9850.056 2.781612940279985e-07
9900.056 2.601054199499939e-07
9950.056 2.5818553851999773e-07
10000.056 2.3265550656999811e-07
10050.056 2.7456201726999964e-07
10100.056 3.1409415257000124e-07
10150.056 3.369294969599897e-07
10200.056 3.703839686800002e-07
10250.056 4.004966118700025e-07
10300.056 4.2759762875000126e-07
10350.056 4.772938850300108e-07
10400.056 5.154676003399931e-07
10450.056 5.43981139690002e-07
10500.056 5.611118546600009e-07
10550.056 5.804365793400026e-07
10600.056 6.174884096699917e-07
10650.056 6.572805749900183e-07
10700.056 7.016582131000127e-07
10750.056 7.439003051700109e-07
10800.056 7.861349437000041e-07
10850.056 8.339992351599938e-07
10900.056 7.898161281999952e-07
10950.056 6.465840548789923e-07
11000.056 5.696129174429557e-07
11050.056 4.894487087722814e-07
11100.056 4.200896081613162e-07
11150.056 3.720288409896739e-07
11200.056 4.1412145468640457e-07
11250.056 5.051076261946079e-07
11300.056 4.850780278304642e-07
11350.056 2.928678282844665e-07
11400.056 3.5598126170243125e-07
11450.056 4.1647016999558813e-07
11500.056 5.179574465618016e-07
11550.056 4.216526484317775e-07
11600.056 4.3141480634169763e-07
11650.056 4.3145723561847244e-07
11700.056 3.021481496825092e-07
11750.056 2.942517479125175e-07
11800.056 3.631309263814087e-07
11850.056 5.745986356395943e-07
11900.056 6.74551854120937e-07
11950.056 7.890630929210208e-07
12000.056 8.382994020600016e-07
12050.056 9.580676155500527e-07
12100.056 1.030800461329973e-06
12150.056 1.1561470375299787e-06
12200.056 1.2337507644499497e-06
12250.056 1.3297290384899694e-06
12300.056 1.421795220740029e-06
12350.056 1.4253321600100055e-06
12400.056 1.302705062139967e-06
12450.056 1.0983884749200225e-06
12500.056 1.1212889878699695e-06
12550.056 1.1926707310500663e-06
12600.056 1.6893187509000256e-06
12650.056 1.765545337600006e-06
12700.056 1.8705089595000774e-06
12750.056 1.8447408197600071e-06
12800.056 1.8902953428600184e-06
12850.056 1.7544382952399943e-06
12900.056 1.672200332950027e-06
12950.056 1.6917567440099743e-06
13000.056 1.7013909617999572e-06
13050.056 1.683797099541958e-06
13100.056 1.6397210720719478e-06
13150.056 1.4941326039899842e-06
13200.056 1.3718500370199682e-06
13250.056 1.0869495600671906e-06
13300.056 6.822408431226347e-07
13350.056 2.400636546610465e-07
13400.056 1.50508511241559e-07
13450.056 1.1317238659403208e-07
13500.056 8.941210660557708e-08
13550.056 7.4928578864881e-08
13600.056 6.585920017697993e-08
13650.056 1.0748353029108531e-07
13700.056 8.953225791278202e-08
13750.056 1.0292576910760082e-07
13800.056 1.271191411995276e-07
13850.056 1.0836179506059315e-07
13900.056 1.0842738696746277e-07
13950.056 1.0179952822202206e-07
14000.056 9.534555807500946e-08
14050.056 1.0611539705740196e-07
14100.056 8.703128290958863e-08
14150.056 1.0816061052383393e-07
14200.056 9.126296860918774e-08
14250.056 8.948380075412459e-08
14300.056 1.1642198037767362e-07
14350.056 1.1781552852389841e-07
14400.056 1.2405162715380806e-07
14450.056 1.3504592371334054e-07
14500.056 1.8343454050271228e-07
14550.056 1.9114822208114067e-07
14600.056 2.3608672651513436e-07
14650.056 2.3426301578232745e-07
14700.056 2.061397239675308e-07
14750.056 2.407394325957791e-07
14800.056 2.7646276748903337e-07
14850.056 3.0185665994840096e-07
14900.056 2.967532074585992e-07
14950.056 3.226011698287344e-07
15000.056 3.45480128326623e-07
15050.056 4.0906948430675365e-07
15100.056 4.302287601640046e-07
15150.056 4.794476614322359e-07
15200.056 4.873193591583549e-07
15250.056 5.582512526110005e-07
15300.056 6.036717294509707e-07
15350.056 6.776972289479729e-07
15400.056 7.399640951680175e-07
15450.056 8.022531054940394e-07
15500.056 8.422960357400164e-07
15550.056 9.312015934399396e-07
15600.056 9.355775923300244e-07
15650.056 9.984035050600512e-07
15700.056 1.1184900796300812e-06
15750.056 1.1883755628199827e-06
15800.056 1.1772374809700485e-06
15850.056 1.2668407128800075e-06
15900.056 1.284128522000029e-06
15950.056 1.320982928829936e-06
16000.056 1.2912978263100126e-06
16050.056 1.2256608060300022e-06
16100.056 1.167945904569952e-06
16150.056 1.0669271410999704e-06
16200.056 9.72333889933862e-07
16250.056 9.602006843939102e-07
16300.056 9.172919312176916e-07
16350.056 9.738160914078188e-07
16400.056 1.0403037395642852e-06
16450.056 1.0928067877325504e-06
16500.056 1.1550133468643578e-06
16550.056 1.1371529960270846e-06
16600.056 1.113732510100094e-06
16650.056 9.821259088775677e-07
16700.056 7.654934793180849e-07
16750.056 8.500477538299802e-07
16800.056 1.0249243092360405e-06
16850.056 1.0103898512179336e-06
16900.056 9.564615784990219e-07
16950.056 8.885729839579705e-07
17000.056 8.142368266601346e-07
17050.056 9.155802372500655e-07
17100.056 8.902274073700316e-07
17150.056 7.797797380009447e-07
17200.056 7.955169938898919e-07
17250.056 7.123842977868613e-07
17300.056 6.448443656590155e-07
17350.056 5.775099215219765e-07
17400.056 5.696933273879567e-07
17450.056 5.12878371546878e-07
17500.056 5.216660872670351e-07
17550.056 4.749392900759383e-07
17600.056 4.5178499601072556e-07
17650.056 4.478525652964114e-07
17700.056 3.5121443078599994e-07
17750.056 3.1741330853828294e-07
17800.056 3.5507636006894055e-07
17850.056 2.708223071544475e-07
17900.056 2.980619471107677e-07
17950.056 2.5896867529801426e-07
18000.056 2.616136864644003e-07
18050.056 2.4404945478822906e-07
18100.056 2.445203935490051e-07
18150.056 2.9391614703995446e-07
18200.056 2.0632419895379157e-07
18250.056 3.256457610837205e-07
18300.056 2.59047506163682e-07
18350.056 2.395739157183568e-07
18400.056 2.3197662555969272e-07
18450.056 2.271498075644575e-07
18500.056 2.4346221927732837e-07
18550.056 2.097794238165322e-07
18600.056 1.7781968140266723e-07
18650.056 1.871972338320435e-07
18700.056 2.020279017494267e-07
18750.056 2.2139010022402938e-07
18800.056 2.8709770953915153e-07
18850.056 3.3001538562791376e-07
18900.056 3.0925072095145724e-07
18950.056 4.0311301855070933e-07
19000.056 3.5588347781349075e-07
19050.056 3.131478633465782e-07
19100.056 4.1178262868681836e-07
19150.056 3.582978767653707e-07
19200.056 3.986882653859923e-07
19250.056 3.3740064138017675e-07
19300.056 3.4066700158866e-07
19350.056 3.092295149128808e-07
19400.056 2.3096575177505304e-07
19450.056 3.333016852106507e-07
19500.056 3.38435754419588e-07
19550.056 2.621585689374833e-07
19600.056 3.136452334693102e-07
19650.056 3.481806189194343e-07
19700.056 3.470483658319378e-07
19750.056 3.346325033935278e-07
19800.056 3.68348662103967e-07
19850.056 4.253389261035207e-07
19900.056 3.417884960545268e-07
19950.056 4.605522185699884e-07
20000.056 4.107645360500265e-07
20050.056 4.757809831090287e-07
20100.056 4.779336122491194e-07
20150.056 5.236341314150563e-07
20200.056 5.63236703179005e-07
20250.056 6.043441379949086e-07
20300.056 5.994044359350636e-07
20350.056 6.780499193819403e-07
20400.056 6.72395669777824e-07
20450.056 7.260816261298782e-07
20500.056 7.753076779629279e-07
20550.056 7.729753489070219e-07
20600.056 8.736233650700575e-07
20650.056 8.568377496500447e-07
20700.056 8.968449007700608e-07
20750.056 9.14165552999967e-07
20800.056 9.688351507499583e-07
20850.056 9.44851663679976e-07
20900.056 1.0126554307198875e-06
20950.056 1.0074218452799993e-06
21000.056 1.0256630597200355e-06
21050.056 1.0308617453999848e-06
21100.056 1.0206141668500106e-06
21150.056 1.058640008949899e-06
21200.056 1.0239611589900178e-06
21250.056 1.0460488623798985e-06
21300.056 9.779968144299474e-07
21350.056 1.009829111390018e-06
21400.056 9.640059932201403e-07
21450.056 9.778930103740091e-07
21500.056 9.250662872230913e-07
21550.056 9.02027776340045e-07
21600.056 8.678456571300773e-07
21650.056 8.268942541900207e-07
21700.056 8.292528376300172e-07
21750.056 7.533694951900228e-07
21800.056 7.010949300098808e-07
21850.056 6.491780464400187e-07
21900.056 5.728999919849705e-07
21950.056 4.526459603670554e-07
22000.056 2.962819309670306e-07
22050.056 2.2621384789489218e-07
22100.056 2.7397791119010047e-07
22150.056 3.260524755129712e-07
22200.056 3.4491768946398885e-07
22250.056 3.429310798810972e-07
22300.056 3.022347276890992e-07
22350.056 2.882652255129169e-07
22400.056 2.473033829844005e-07
22450.056 2.1980865674256708e-07
22500.056 2.2500006313457173e-07
22550.056 1.9716047495614347e-07
22600.056 2.0207869235169058e-07
22650.056 2.0015189294939549e-07
22700.056 1.8474743803078828e-07
22750.056 1.8507904477153853e-07
22800.056 1.7124206333976388e-07
22850.056 1.5344416254722546e-07
22900.056 1.4648539729816416e-07
22950.056 1.3293468943196806e-07
23000.056 1.5254903546400067e-07
23050.056 1.8860646357467914e-07
23100.056 2.4074518988603373e-07
23150.056 2.482645200626847e-07
23200.056 1.2322182806919754e-07
23250.056 1.31446985006023e-07
23300.056 1.1235713965223597e-07
23350.056 1.0872316417120076e-07
23400.056 1.1359573636061793e-07
23450.056 1.1672319270070937e-07
23500.056 1.2757763741974e-07
23550.056 1.5043974186322287e-07
23600.056 1.6754065362697375e-07
23650.056 1.9591656068497382e-07
23700.056 1.3896477288812402e-07
23750.056 1.263286838297019e-07
23800.056 1.1859545334999257e-07
23850.056 1.3171754049220803e-07
23900.056 1.7618729571611635e-07
23950.056 1.9285903472281955e-07
24000.056 2.099872984839568e-07
24050.056 2.314985086397921e-07
24100.056 2.1446935485907344e-07
24150.056 2.3063306045606168e-07
24200.056 2.3988593679857513e-07
24250.056 2.195422196060067e-07
24300.056 2.403965490680468e-07
24350.056 2.0726618317775037e-07
24400.056 2.532110429460665e-07
24450.056 2.2807111952271294e-07
24500.056 2.3441280404636068e-07
24550.056 2.469306839246852e-07
24600.056 2.538973493332203e-07
24650.056 2.940372394530269e-07
24700.056 2.2636434007593795e-07
24750.056 2.3231917946042574e-07
24800.056 2.361328145607209e-07
24850.056 2.974726319421431e-07
24900.056 1.9834081092459802e-07
24950.056 2.89265881131825e-07
25000.056 2.5985135142856327e-07
25050.056 1.9426441383784678e-07
25100.056 2.502278309924694e-07
25150.056 1.9952047256517476e-07
25200.056 2.3125176395823905e-07
25250.056 1.8683134724647396e-07
25300.056 2.331906395388137e-07
25350.056 1.7196128969540429e-07
25400.056 2.3768636336144851e-07
25450.056 1.728634229406765e-07
25500.056 1.8422999015922763e-07
25550.056 1.8429144774988496e-07
25600.056 1.8791509853137668e-07
25650.056 1.4725199258570076e-07
25700.056 2.3036054572682221e-07
25750.056 1.3643352451313868e-07
25800.056 2.3197546507974336e-07
25850.056 1.5659372306578704e-07
25900.056 2.0337143399588335e-07
25950.056 1.4285450472781943e-07
26000.056 2.4123636198319047e-07
26050.056 1.9887021042535642e-07
26100.056 2.505806148166976e-07
26150.056 2.1857967229358066e-07
26200.056 2.2447968256061338e-07
26250.056 2.771239748061403e-07
26300.056 2.3019500569052592e-07
26350.056 3.088004035353764e-07
26400.056 3.0446361310826716e-07
26450.056 3.004215421586403e-07
26500.056 3.2377585212893085e-07
26550.056 2.4852222599235297e-07
26600.056 3.274174532288739e-07
26650.056 2.043166478447624e-07
26700.056 2.022259056571156e-07
26750.056 1.5127930039272597e-07
26800.056 2.013618521514783e-07
26850.056 1.3705237431311172e-07
26900.056 2.2569292728901104e-07
26950.056 1.400874507584595e-07
27000.056 2.390116169991463e-07
27050.056 1.9680525759179863e-07
27100.056 1.8432419163596177e-07
27150.056 2.3922704977342276e-07
27200.056 2.005063184906226e-07
27250.056 2.0770647626065753e-07
27300.056 3.206155846619312e-07
27350.056 2.7050867515303394e-07
27400.056 1.5903703355818578e-07
27450.056 3.303329462995458e-07
27500.056 3.083647859800665e-07
27550.056 2.109322170996498e-07
27600.056 3.1591122507218904e-07
27650.056 1.9837520094589677e-07
27700.056 1.762119571212953e-07
27750.056 3.170048730291617e-07
27800.056 1.9094420602078743e-07
27850.056 2.1509782416822657e-07
27900.056 2.3236496561842128e-07
27950.056 3.211648136520005e-07
28000.056 2.695846936367275e-07
28050.056 1.5869830420813683e-07
28100.056 3.4203859224703863e-07
28150.056 2.3457315323952844e-07
28200.056 1.6702735768499806e-07
28250.056 3.1034467585097867e-07
28300.056 3.682629853477571e-07
28350.056 1.9484736884094702e-07
28400.056 2.6503929586059017e-07
28450.056 3.211531992389372e-07
28500.056 2.7740543960444765e-07
28550.056 1.554272564602584e-07
28600.056 3.485013257099739e-07
28650.056 3.085524595284089e-07
28700.056 2.6957037511915867e-07
28750.056 3.366358460901108e-07
28800.056 3.1222068819227334e-07
