galfind/configs/Brown_Dwarf_templates/sonora_bobcat/m+0.5/3160g/sp_t1000g3160nc_m+0.5_resample.dat
# %ECSV 1.0
# ---
# datatype:
# - {name: wav, unit: Angstrom, datatype: float64}
# - {name: flux_nu, unit: erg / (cm2 Hz s), datatype: float64}
# meta: {C/O: '1.00', Kzz: '1.0000E+05', Teff: '1000.', Y: '0.28', '[Fe/H]': '0.50', f_hole: '1.00', f_rain: '0.00', grav: '3160.'}
# schema: astropy-2.0
wav flux_nu
4000.0559999999996 nan
4050.0559999999996 1.6140434329718504e-13
4100.056 1.745796104270018e-11
4150.056 9.13203057360015e-11
4200.056 7.883077490921538e-11
4250.056 2.418762771900023e-10
4300.056 3.543191652000076e-10
4350.056 4.2032976167000125e-10
4400.056 5.13930780740002e-10
4450.056 6.321756597000083e-10
4500.056 6.523479241500078e-10
4550.056 6.654415284419927e-10
4600.056 3.496689422599986e-10
4650.056 2.359780130099995e-10
4700.056 1.3373277812699893e-10
4750.056 4.2767516398999466e-11
4800.056 1.0024449320899868e-11
4850.056 2.5881586923999714e-12
4900.056 1.1414727080499924e-12
4950.056 6.11477397229996e-13
5000.056 3.090949302799978e-13
5050.056 1.872328826199998e-13
5100.056 1.7760595770999988e-13
5150.056 1.7666476233999992e-13
5200.056 1.759477054399999e-13
5250.056 1.7294791028999996e-13
5300.056 1.6939584685999997e-13
5350.056 1.6686668890999997e-13
5400.056 1.6514636516999993e-13
5450.056 1.627101112799999e-13
5500.056 1.5920500583000003e-13
5550.056 1.5459847929999999e-13
5600.056 1.4829571009999983e-13
5650.056 1.3931657330999985e-13
5700.056 1.2735377474999987e-13
5750.056 1.1060165881999975e-13
5800.056 8.931614248199969e-14
5850.056 5.954170265699935e-14
5900.056 2.002566775175417e-14
5950.056 1.1501547942600212e-13
6000.056 2.5287118366000125e-13
6050.056 4.813225565400051e-13
6100.056 8.354581370100061e-13
6150.056 1.369205351300009e-12
6200.056 2.151064347700012e-12
6250.056 3.2699480888000193e-12
6300.056 4.831527103200029e-12
6350.056 6.9932065639000394e-12
6400.056 9.942686052100048e-12
6450.056 1.3954427325000048e-11
6500.056 1.9187522518000072e-11
6550.056 2.6039012272000146e-11
6600.056 3.501423467000021e-11
6650.056 4.66343470630002e-11
6700.056 5.719515984420065e-11
6750.056 7.881250284000029e-11
6800.056 9.731740879600023e-11
6850.056 1.093805440500001e-10
6900.056 1.0878955526000008e-10
6950.056 1.0288789625099992e-10
7000.056 1.0414414738700036e-10
7050.056 1.1359378709499976e-10
7100.056 1.2461764540000013e-10
7150.056 1.3172453161199924e-10
7200.056 1.3360100828100175e-10
7250.056 1.3033395403599727e-10
7300.056 1.215137897640006e-10
7350.056 1.1109476072999944e-10
7400.056 9.972369541900035e-11
7450.056 8.648148742399999e-11
7500.056 7.202484877399973e-11
7550.056 5.6609381975999656e-11
7600.056 4.222088826399966e-11
7650.056 1.2125036043901517e-11
7700.056 9.102748904956319e-12
7750.056 3.6606083014000656e-11
7800.056 6.726278046820094e-11
7850.056 1.320412218900012e-10
7900.056 2.0347593101000143e-10
7950.056 2.444715566796028e-10
8000.056 4.212225490800033e-10
8050.056 5.701369143400048e-10
8100.056 7.386201405599997e-10
8150.056 9.31185933740001e-10
8200.056 1.2009849605400241e-09
8250.056 1.471934154930013e-09
8300.056 1.8137893713600852e-09
8350.056 2.1939965555799844e-09
8400.056 2.643628849899971e-09
8450.056 3.2007657046999916e-09
8500.056 3.482879241069883e-09
8550.056 4.395553942500115e-09
8600.056 5.378521185500043e-09
8650.056 6.324639347100056e-09
8700.056 7.328106792900066e-09
8750.056 8.484475117500047e-09
8800.056 9.71729692120008e-09
8850.056 1.086071361880003e-08
8900.056 1.0992457535399817e-08
8950.056 1.04351893212098e-08
9000.056 1.3243447022799588e-08
9050.056 1.6956475658500237e-08
9100.056 1.8997954569300348e-08
9150.056 2.0693936951100675e-08
9200.056 2.355246237699882e-08
9250.056 2.4225042022908185e-08
9300.056 1.4110895029500197e-08
9350.056 1.806435444600746e-08
9400.056 2.6100979038583095e-08
9450.056 2.7390371806932798e-08
9500.056 2.754787769055489e-08
9550.056 3.03280609817442e-08
9600.056 3.197745599311409e-08
9650.056 3.67238758992615e-08
9700.056 4.5089403525996654e-08
9750.056 4.8978269707553196e-08
9800.056 5.51371283480767e-08
9850.056 6.243053972999934e-08
9900.056 7.195625753100001e-08
9950.056 7.797096842500005e-08
10000.056 7.692421574499923e-08
10050.056 9.396274011200024e-08
10100.056 1.0545333994500017e-07
10150.056 1.1669261161699912e-07
10200.056 1.2838401811000116e-07
10250.056 1.416151148000009e-07
10300.056 1.5766787652999964e-07
10350.056 1.7166664772000107e-07
10400.056 1.8658868235999992e-07
10450.056 2.0035121520999938e-07
10500.056 2.1399618244000112e-07
10550.056 2.2798294467000022e-07
10600.056 2.411045837199992e-07
10650.056 2.553680386400035e-07
10700.056 2.6748753975000266e-07
10750.056 2.8098633650000305e-07
10800.056 2.916233893200027e-07
10850.056 2.9607616998000067e-07
10900.056 2.626077105999974e-07
10950.056 1.8581010788899942e-07
11000.056 1.4877908517878468e-07
11050.056 1.11743054110178e-07
11100.056 8.416292689295447e-08
11150.056 6.354112317726058e-08
11200.056 7.256169050064019e-08
11250.056 9.272078948253552e-08
11300.056 9.28773500769883e-08
11350.056 4.795356175707747e-08
11400.056 9.146866455194936e-08
11450.056 7.670192665892753e-08
11500.056 8.615203661411284e-08
11550.056 5.6557541344430885e-08
11600.056 5.735788935115265e-08
11650.056 7.281692708244398e-08
11700.056 6.734123195918094e-08
11750.056 4.8777190815767004e-08
11800.056 8.6745528202957e-08
11850.056 1.3162137990119748e-07
11900.056 1.594901621059885e-07
11950.056 2.117327804755109e-07
12000.056 2.536431816939997e-07
12050.056 3.0459777645901964e-07
12100.056 3.5337621728699186e-07
12150.056 4.1134268917999396e-07
12200.056 4.6494809894998903e-07
12250.056 5.191553862999916e-07
12300.056 5.783018791100107e-07
12350.056 5.947416972200019e-07
12400.056 5.942450832099899e-07
12450.056 5.592168390700088e-07
12500.056 5.658359813299965e-07
12550.056 6.190543425400207e-07
12600.056 8.041516345600104e-07
12650.056 8.405365796300052e-07
12700.056 8.655694202200213e-07
12750.056 8.350790352600103e-07
12800.056 8.326362622100002e-07
12850.056 7.193056978989991e-07
12900.056 6.578500288800094e-07
12950.056 6.346130779339983e-07
13000.056 6.215445664029979e-07
13050.056 5.672211603751831e-07
13100.056 5.367045423679742e-07
13150.056 4.4084663943336865e-07
13200.056 3.8945631145559145e-07
13250.056 2.7806696249002486e-07
13300.056 1.4959166604702755e-07
13350.056 4.9790935388391475e-08
13400.056 2.5531114172105487e-08
13450.056 1.6147452978586055e-08
13500.056 1.0438615921705421e-08
13550.056 7.484669564554139e-09
13600.056 5.161873035215612e-09
13650.056 1.1875696457064845e-08
13700.056 9.040349118513477e-09
13750.056 1.2206429987474919e-08
13800.056 1.5115429125687514e-08
13850.056 1.115428780010946e-08
13900.056 1.1262718483084771e-08
13950.056 1.082168769564573e-08
14000.056 1.042975210239893e-08
14050.056 1.2725615568217578e-08
14100.056 1.024858055269795e-08
14150.056 1.448551843609125e-08
14200.056 1.1404018902053572e-08
14250.056 1.1658287381357668e-08
14300.056 1.943116795484517e-08
14350.056 1.9407359124533512e-08
14400.056 2.0398378096832006e-08
14450.056 2.41154374019319e-08
14500.056 3.916484316724436e-08
14550.056 4.144310033300105e-08
14600.056 5.7367805824604715e-08
14650.056 5.6061882352431495e-08
14700.056 4.529989812840048e-08
14750.056 5.697768742770216e-08
14800.056 6.990676295331078e-08
14850.056 7.537779458813906e-08
14900.056 7.671592600288439e-08
14950.056 8.956977596439612e-08
15000.056 1.0109439570552402e-07
15050.056 1.2055263727840987e-07
15100.056 1.3175221367550076e-07
15150.056 1.4819867184577874e-07
15200.056 1.5346664741185452e-07
15250.056 1.929749249501017e-07
15300.056 2.1300633974218362e-07
15350.056 2.5024014345799054e-07
15400.056 2.806082262980172e-07
15450.056 3.1084076658001706e-07
15500.056 3.289687327149998e-07
15550.056 3.7361624258998964e-07
15600.056 3.9324247650000395e-07
15650.056 4.138893866400147e-07
15700.056 4.6444094449001997e-07
15750.056 4.891594006599989e-07
15800.056 4.888503909800078e-07
15850.056 5.182739673800017e-07
15900.056 4.982376957200056e-07
15950.056 4.796476528199805e-07
16000.056 4.23634587120005e-07
16050.056 3.3494281385899193e-07
16100.056 2.6850748175598515e-07
16150.056 2.0273471825059502e-07
16200.056 1.494786987677917e-07
16250.056 1.3615983722284686e-07
16300.056 1.1851988577181552e-07
16350.056 1.320863389280846e-07
16400.056 1.524520973952606e-07
16450.056 1.6454165054330042e-07
16500.056 1.8245976277057024e-07
16550.056 1.7653675249056846e-07
16600.056 1.7951773739621017e-07
16650.056 1.313558853031938e-07
16700.056 6.109808123762486e-08
16750.056 8.724218283490123e-08
16800.056 1.298616698427353e-07
16850.056 1.354586918061349e-07
16900.056 1.1849614244132e-07
16950.056 1.0206399184283507e-07
17000.056 8.41196789408122e-08
17050.056 1.1779805934101701e-07
17100.056 1.3696942804840317e-07
17150.056 1.1378723657079936e-07
17200.056 1.499523634259813e-07
17250.056 1.2879743319145083e-07
17300.056 1.0870106595729997e-07
17350.056 9.659993883653264e-08
17400.056 1.0245411353139798e-07
17450.056 1.0379028685743195e-07
17500.056 1.1320208240861972e-07
17550.056 1.001187042426011e-07
17600.056 9.13049596443562e-08
17650.056 8.86174575666082e-08
17700.056 6.799321714060813e-08
17750.056 5.9282436222494136e-08
17800.056 7.509033200992738e-08
17850.056 5.087846677379228e-08
17900.056 5.411434880285827e-08
17950.056 4.237977382723879e-08
18000.056 4.9056366198694676e-08
18050.056 4.078994007841205e-08
18100.056 4.393226717149391e-08
18150.056 5.473353647870026e-08
18200.056 3.405566252357381e-08
18250.056 7.117095698572626e-08
18300.056 4.235186724967575e-08
18350.056 3.7709605400553074e-08
18400.056 3.492892547076e-08
18450.056 4.447762432618084e-08
18500.056 4.659398306256087e-08
18550.056 3.596928014728091e-08
18600.056 3.074428433978974e-08
18650.056 2.9013153653302244e-08
18700.056 2.674913504781936e-08
18750.056 3.757121482402208e-08
18800.056 6.69070869861973e-08
18850.056 7.572636065830098e-08
18900.056 6.746825615193609e-08
18950.056 1.1187319481475285e-07
19000.056 7.413926337416927e-08
19050.056 5.751246496620956e-08
19100.056 9.681231249056895e-08
19150.056 6.78373193014303e-08
19200.056 9.096711222427539e-08
19250.056 6.536345184142491e-08
19300.056 5.9058629436876794e-08
19350.056 5.2960163406946155e-08
19400.056 3.6083721623363886e-08
19450.056 6.388111380098641e-08
19500.056 6.61984983169995e-08
19550.056 4.8112978883505764e-08
19600.056 6.233020391377468e-08
19650.056 7.687007431394534e-08
19700.056 7.607234272292939e-08
19750.056 8.339931412286432e-08
19800.056 8.814265156488942e-08
19850.056 1.1593017817973329e-07
19900.056 8.871823208365615e-08
19950.056 1.3824243805817332e-07
20000.056 1.2494501604721543e-07
20050.056 1.4640340367453633e-07
20100.056 1.600523053795515e-07
20150.056 1.678834156984512e-07
20200.056 1.8763368999576096e-07
20250.056 2.1632875275359188e-07
20300.056 2.1405296654401999e-07
20350.056 2.530650150177649e-07
20400.056 2.462947580614588e-07
20450.056 2.855839153869736e-07
20500.056 3.119015388419437e-07
20550.056 3.09714176688024e-07
20600.056 3.5794369015102283e-07
20650.056 3.5554072345501005e-07
20700.056 3.6622018460001584e-07
20750.056 3.7771771988298484e-07
20800.056 3.969392503699716e-07
20850.056 3.871953907899936e-07
20900.056 4.107081435199535e-07
20950.056 3.9951962049001276e-07
21000.056 3.954375792300157e-07
21050.056 3.9051631150998667e-07
21100.056 3.777901332700073e-07
21150.056 3.8334112309794585e-07
21200.056 3.598736248000144e-07
21250.056 3.5012089115695607e-07
21300.056 3.123556888189917e-07
21350.056 3.113711495529937e-07
21400.056 2.945218447870478e-07
21450.056 2.7726575092640087e-07
21500.056 2.566691236872243e-07
21550.056 2.3975679024800826e-07
21600.056 2.1744765287061393e-07
21650.056 1.9644257229800384e-07
21700.056 1.944123855560081e-07
21750.056 1.6911069319381118e-07
21800.056 1.453171655909941e-07
21850.056 1.2757071228019192e-07
21900.056 9.894741799879261e-08
21950.056 6.582897281621383e-08
22000.056 2.946469487164955e-08
22050.056 2.381538758266869e-08
22100.056 3.858319391050255e-08
22150.056 4.5966134876852146e-08
22200.056 5.0792823848571546e-08
22250.056 4.657379007351923e-08
22300.056 3.6678539492509976e-08
22350.056 3.624522773019782e-08
22400.056 2.7413050885248564e-08
22450.056 2.461949165728253e-08
22500.056 2.5125670375132857e-08
22550.056 2.049660713551664e-08
22600.056 2.105073764239428e-08
22650.056 2.3523650181458184e-08
22700.056 2.0551933850506847e-08
22750.056 2.0834109705351283e-08
22800.056 2.035543933075095e-08
22850.056 1.7499834468628454e-08
22900.056 1.6208388770667835e-08
22950.056 1.4976368432415133e-08
23000.056 1.898971404418815e-08
23050.056 2.4193461096498108e-08
23100.056 4.2119432366414224e-08
23150.056 4.3124241310214174e-08
23200.056 1.1163558857537446e-08
23250.056 1.638241759214193e-08
23300.056 1.437844871389688e-08
23350.056 1.4444767023350043e-08
23400.056 1.4825420402051347e-08
23450.056 1.3988605655229071e-08
23500.056 1.5296983238230606e-08
23550.056 1.9352743940956714e-08
23600.056 2.3567523406852897e-08
23650.056 2.9243231292955378e-08
23700.056 1.6000514936937414e-08
23750.056 1.4233434920068102e-08
23800.056 1.7507277117889597e-08
23850.056 1.892632927555695e-08
23900.056 2.8866597867411508e-08
23950.056 2.8752087552943187e-08
24000.056 3.447189499064089e-08
24050.056 3.83510732996411e-08
24100.056 3.5214480599863606e-08
24150.056 4.160602990976511e-08
24200.056 4.120757151805388e-08
24250.056 3.5661601795032166e-08
24300.056 4.3683104389731064e-08
24350.056 3.679599284426199e-08
24400.056 4.964813545244523e-08
24450.056 4.5384074088194045e-08
24500.056 4.6143638049188186e-08
24550.056 5.4235525083396086e-08
24600.056 5.4382412417318676e-08
24650.056 6.75648022292049e-08
24700.056 4.710473959791635e-08
24750.056 5.112246996572019e-08
24800.056 5.081661771174219e-08
24850.056 7.122200123203814e-08
24900.056 3.9016974304137625e-08
24950.056 6.705327223821352e-08
25000.056 5.7720810329471726e-08
25050.056 3.9059774455353704e-08
25100.056 5.5380207303989444e-08
25150.056 3.8086751367225846e-08
25200.056 4.774863613131e-08
25250.056 3.0827142499236846e-08
25300.056 4.3775468477631936e-08
25350.056 2.6905483674772737e-08
25400.056 4.7193792082093367e-08
25450.056 2.6619601456271944e-08
25500.056 2.7762740183681793e-08
25550.056 3.166369419620117e-08
25600.056 2.9783215169745725e-08
25650.056 1.9656794217182122e-08
25700.056 3.611728672003383e-08
25750.056 1.6872970878788608e-08
25800.056 3.98668734072418e-08
25850.056 1.9117657630252453e-08
25900.056 2.7531591829543474e-08
25950.056 1.528863164291312e-08
26000.056 4.097754748897318e-08
26050.056 2.3068694953613917e-08
26100.056 4.1046284967201194e-08
26150.056 3.1221011816017855e-08
26200.056 3.3538346163930995e-08
26250.056 5.713042342012827e-08
26300.056 3.6542324766805495e-08
26350.056 6.749734912179865e-08
26400.056 6.533283727242034e-08
26450.056 6.292157141609875e-08
26500.056 7.251560694398468e-08
26550.056 3.9363787218313586e-08
26600.056 5.526377353087154e-08
26650.056 2.5644806325088516e-08
26700.056 2.3423428690484538e-08
26750.056 1.6734586852446127e-08
26800.056 2.6479015774464637e-08
26850.056 1.5877262372829127e-08
26900.056 3.4988979255548814e-08
26950.056 1.880941502489064e-08
27000.056 4.464989565698681e-08
27050.056 3.6205104589744994e-08
27100.056 2.666385552412197e-08
27150.056 4.938700162023531e-08
27200.056 2.8581817213100422e-08
27250.056 3.65236139773805e-08
27300.056 8.005458419756134e-08
27350.056 5.6998980422057486e-08
27400.056 1.8546950965817967e-08
27450.056 7.008115481439583e-08
27500.056 7.15648378005324e-08
27550.056 3.1193903068751415e-08
27600.056 5.6916138487096576e-08
27650.056 2.8560529938253918e-08
27700.056 2.339223508760247e-08
27750.056 6.051868263916726e-08
27800.056 2.936302469608911e-08
27850.056 3.483664645746734e-08
27900.056 3.894357088384095e-08
27950.056 6.639090729396585e-08
28000.056 5.037155043370091e-08
28050.056 2.1024002997006653e-08
28100.056 6.892060598123672e-08
28150.056 4.235949127440952e-08
28200.056 2.392837436289805e-08
28250.056 6.804554917794891e-08
28300.056 8.100669306861363e-08
28350.056 2.994399758671051e-08
28400.056 5.267570191853384e-08
28450.056 7.370533094815336e-08
28500.056 5.4280639060296155e-08
28550.056 2.3378986964798425e-08
28600.056 7.729564001616399e-08
28650.056 6.537498294635902e-08
28700.056 5.7348914703437065e-08
28750.056 8.410464190347715e-08
28800.056 7.026093579688785e-08
