galfind/configs/Brown_Dwarf_templates/sonora_bobcat/m+0.5/3160g/sp_t200g3160nc_m+0.5_resample.dat
# %ECSV 1.0
# ---
# datatype:
# - {name: wav, unit: Angstrom, datatype: float64}
# - {name: flux_nu, unit: erg / (cm2 Hz s), datatype: float64}
# meta: {C/O: '1.00', Kzz: '1.0000E+05', Teff: '200.', Y: '0.28', '[Fe/H]': '0.50', f_hole: '1.00', f_rain: '0.00', grav: '3160.'}
# schema: astropy-2.0
wav flux_nu
4000.0559999999996 nan
4050.0559999999996 1.0389503683300033e-17
4100.056 1.675803439400006e-17
4150.056 2.632453319300007e-17
4200.056 3.733756338600011e-17
4250.056 5.822464444500015e-17
4300.056 8.539205559400024e-17
4350.056 1.236661154600003e-16
4400.056 1.7496278260000043e-16
4450.056 2.4351235617000073e-16
4500.056 3.4985694379000095e-16
4550.056 4.940435648200013e-16
4600.056 6.797698295900018e-16
4650.056 9.224330590600023e-16
4700.056 1.223610222900003e-15
4750.056 1.6120233233000039e-15
4800.056 2.0996830459000048e-15
4850.056 2.6231177531000056e-15
4900.056 3.3159983100000084e-15
4950.056 4.107096463800008e-15
5000.056 4.347091244899997e-15
5050.056 3.837945032e-15
5100.056 4.581905887500004e-15
5150.056 5.8648583285000085e-15
5200.056 6.989043357200011e-15
5250.056 7.698948004100008e-15
5300.056 8.33276287530001e-15
5350.056 8.870914097800003e-15
5400.056 8.673909611400003e-15
5450.056 9.097438171100006e-15
5500.056 1.0046343181500006e-14
5550.056 1.1416725956000016e-14
5600.056 1.2433063289000008e-14
5650.056 1.2332549982999981e-14
5700.056 1.0148693026200002e-14
5750.056 1.0074863767399985e-14
5800.056 9.188811310699981e-15
5850.056 6.399476769999922e-15
5900.056 1.5465371573070241e-15
5950.056 6.838274956800087e-15
6000.056 1.5953012645000205e-14
6050.056 3.862580612400031e-14
6100.056 7.732783417600067e-14
6150.056 1.3180013595000091e-13
6200.056 2.0145107109000106e-13
6250.056 2.688146984900006e-13
6300.056 3.849933152900023e-13
6350.056 5.443088739100022e-13
6400.056 7.204766233600022e-13
6450.056 6.71745251409994e-13
6500.056 7.810768670500074e-13
6550.056 1.0919768056100012e-12
6600.056 1.540056241610013e-12
6650.056 2.350572887300015e-12
6700.056 3.4974825125000073e-12
6750.056 4.373317649700016e-12
6800.056 5.447827768800015e-12
6850.056 6.295118761000009e-12
6900.056 4.683232200289906e-12
6950.056 2.3437023683500725e-12
7000.056 3.464309873099949e-12
7050.056 3.3083070421000184e-12
7100.056 3.65257320129998e-12
7150.056 1.3128625206699114e-12
7200.056 1.6095432548540915e-13
7250.056 1.3348505501498937e-13
7300.056 1.266555004040048e-13
7350.056 5.573304417500166e-13
7400.056 1.7780040311500164e-12
7450.056 4.315942686300042e-12
7500.056 6.7206313273000296e-12
7550.056 7.912480981999985e-12
7600.056 7.648940491899961e-12
7650.056 3.096846367929915e-12
7700.056 2.632069083880055e-12
7750.056 6.353556002500069e-12
7800.056 9.230928226900068e-12
7850.056 9.664105699899949e-12
7900.056 1.1295135573200147e-11
7950.056 1.455661766569998e-11
8000.056 1.4903552723000094e-11
8050.056 1.5601665349999887e-11
8100.056 2.948330306699773e-12
8150.056 4.790558488500471e-14
8200.056 7.576524401899887e-13
8250.056 1.0214784810397367e-12
8300.056 5.306014053039715e-13
8350.056 5.514054493900156e-13
8400.056 1.8138605993001184e-12
8450.056 6.0091978592002665e-12
8500.056 1.1326619487200175e-11
8550.056 1.7126161088000308e-11
8600.056 2.1660772671000078e-11
8650.056 1.9650984624999713e-11
8700.056 1.1325687416899702e-11
8750.056 6.704305010099849e-12
8800.056 2.8079967015998633e-12
8850.056 6.606932465929358e-13
8900.056 6.427761755168314e-15
8950.056 4.6186822085603093e-17
9000.056 4.2452332891068547e-17
9050.056 2.106690907840009e-15
9100.056 2.2403898424203678e-15
9150.056 5.072541232869744e-15
9200.056 2.135862403132185e-14
9250.056 1.2464699940518151e-14
9300.056 1.068738946821003e-17
9350.056 2.4489399819902157e-20
9400.056 2.738680872488552e-17
9450.056 4.2662049259533146e-19
9500.056 3.187471156396063e-18
9550.056 2.199316686204489e-18
9600.056 1.71296286216792e-17
9650.056 2.223401972752263e-16
9700.056 7.699572561740072e-15
9750.056 6.3605351507006946e-15
9800.056 1.2750722852999694e-14
9850.056 2.7826602484700414e-14
9900.056 5.873127169300283e-14
9950.056 6.250008307900094e-14
10000.056 5.5435335596997604e-14
10050.056 3.658981427699771e-14
10100.056 2.334146513399986e-14
10150.056 8.358004760999168e-15
10200.056 8.006600652799186e-16
10250.056 3.0264813662000957e-16
10300.056 1.3947215573099684e-15
10350.056 3.8600879395005217e-16
10400.056 2.934382150930252e-15
10450.056 7.07459804600014e-15
10500.056 1.5473164489500653e-14
10550.056 3.1726139046000684e-14
10600.056 3.8245033703000047e-14
10650.056 3.184393946699948e-14
10700.056 1.992347148099948e-14
10750.056 1.3591236359699703e-14
10800.056 1.026323220990005e-14
10850.056 7.384352702399833e-15
10900.056 5.287618676499818e-15
10950.056 2.8962189264999616e-15
11000.056 1.335071472699927e-15
11050.056 3.785599414519776e-16
11100.056 4.2954929691661254e-17
11150.056 1.8177631213369673e-18
11200.056 7.89938262625703e-20
11250.056 3.379016495165668e-20
11300.056 9.436770397577762e-19
11350.056 1.0312426980329246e-19
11400.056 2.3383547637315384e-18
11450.056 1.1974692509486364e-18
11500.056 7.689806273325876e-19
11550.056 4.582960265809649e-19
11600.056 7.603391027728151e-20
11650.056 6.2545335325735e-19
11700.056 3.506278246241042e-18
11750.056 1.8546876721605234e-18
11800.056 7.140430251571966e-18
11850.056 8.698439701952807e-18
11900.056 3.0954246183201424e-17
11950.056 5.790040418100011e-17
12000.056 4.941852158000009e-17
12050.056 7.443151408300264e-17
12100.056 7.267906169500086e-17
12150.056 1.0107543231600217e-16
12200.056 1.543689381640002e-16
12250.056 5.622530426250501e-16
12300.056 1.3889583379800403e-15
12350.056 2.3216755574301447e-15
12400.056 6.757153576600437e-15
12450.056 1.9054042436000904e-14
12500.056 3.0428742840999697e-14
12550.056 3.3878058197000725e-14
12600.056 6.285363394200222e-14
12650.056 1.4410057173100692e-13
12700.056 2.0002483245999722e-13
12750.056 1.3585044015399912e-13
12800.056 9.800993976199627e-14
12850.056 3.948802594399708e-14
12900.056 1.1507412898199326e-14
12950.056 6.937588489899832e-15
13000.056 6.63317929390018e-15
13050.056 2.1490317260997197e-15
13100.056 2.847097611719957e-15
13150.056 6.734673240000108e-16
13200.056 4.712916128052598e-16
13250.056 1.0118198326057935e-15
13300.056 1.3955537124789516e-16
13350.056 9.267396530131141e-17
13400.056 2.0815401918047838e-17
13450.056 1.4869395594966933e-18
13500.056 6.038695520184643e-20
13550.056 7.74028222850988e-21
13600.056 1.1442786072447156e-21
13650.056 4.530412505577362e-21
13700.056 2.492238380773162e-21
13750.056 1.214291858025098e-20
13800.056 7.100503233835216e-21
13850.056 3.1907694099958822e-21
13900.056 1.0547179816569493e-20
13950.056 6.495704800847081e-21
14000.056 1.5205068465691543e-20
14050.056 3.378185030209107e-20
14100.056 6.505987707909683e-20
14150.056 3.1762809369789816e-19
14200.056 4.946007696231046e-19
14250.056 1.1078155496159593e-18
14300.056 1.769651638205974e-18
14350.056 2.5430243490819778e-18
14400.056 2.2834736227620264e-18
14450.056 3.993202012017097e-18
14500.056 1.669278384985517e-17
14550.056 9.738995114531155e-17
14600.056 1.7707559103081918e-16
14650.056 1.7551499160786067e-17
14700.056 6.198594056466996e-18
14750.056 1.9374982052344347e-18
14800.056 6.16508791171957e-19
14850.056 5.028010524586519e-19
14900.056 1.0651787644590225e-19
14950.056 6.90704204190795e-21
15000.056 5.0184134683384585e-20
15050.056 6.290828305531069e-19
15100.056 1.0216304272296748e-19
15150.056 1.1064246981798007e-20
15200.056 2.6273329981668875e-19
15250.056 8.277195649148998e-19
15300.056 4.4607343177826186e-18
15350.056 9.648507243361396e-18
15400.056 1.9845999909180996e-17
15450.056 1.0245938572972341e-16
15500.056 6.619981037521023e-16
15550.056 4.422747894230772e-15
15600.056 1.8886628245401047e-14
15650.056 7.634780759100724e-14
15700.056 2.055924581640125e-13
15750.056 3.2369018625000576e-13
15800.056 4.615592309400086e-13
15850.056 6.942020851100259e-13
15900.056 8.225784941000146e-13
15950.056 1.1867161668000017e-12
16000.056 1.0906046694399832e-12
16050.056 7.579209124499645e-13
16100.056 3.4501657580998846e-13
16150.056 1.3099564261298745e-13
16200.056 1.9170747696896422e-14
16250.056 2.6861671834696403e-15
16300.056 2.591288840220819e-16
16350.056 3.916265256028925e-17
16400.056 1.462049577940265e-17
16450.056 1.2502488118670525e-17
16500.056 7.282972395702117e-18
16550.056 2.158502591474356e-17
16600.056 5.938911040005828e-16
16650.056 4.79447009491592e-17
16700.056 3.8189419530495236e-17
16750.056 9.612982661983144e-17
16800.056 1.7981997944972353e-16
16850.056 1.4736382112762028e-16
16900.056 3.167990317461156e-17
16950.056 3.002748627120903e-17
17000.056 6.7718461140762275e-18
17050.056 5.216944079820851e-18
17100.056 3.370178489793415e-17
17150.056 4.0222592302399993e-17
17200.056 2.716182048244838e-16
17250.056 2.7549495629342822e-18
17300.056 9.33392831966104e-18
17350.056 6.046510089365279e-17
17400.056 2.5025842998326336e-16
17450.056 6.270999873696717e-16
17500.056 2.0102370915699182e-15
17550.056 2.3065900266799916e-15
17600.056 2.9097154369000436e-15
17650.056 6.378478241599315e-16
17700.056 3.5000246332490777e-16
17750.056 1.797161425280174e-16
17800.056 5.264120663884283e-16
17850.056 1.7776213106774758e-16
17900.056 7.01204186522671e-17
17950.056 7.629797441016271e-17
18000.056 1.1969364270379986e-16
18050.056 8.694649663983005e-17
18100.056 6.168209710505232e-17
18150.056 3.301191755870307e-17
18200.056 2.8584978383054544e-17
18250.056 9.545983703930404e-17
18300.056 2.426616778439782e-17
18350.056 2.2367073014798492e-17
18400.056 1.0923609762660075e-17
18450.056 4.9604742966877846e-17
18500.056 3.8461650035202874e-17
18550.056 2.598214950829738e-17
18600.056 5.803221229820908e-17
18650.056 9.53278977323898e-17
18700.056 1.8068965056601095e-17
18750.056 2.2648757237699938e-17
18800.056 1.5103305313001773e-16
18850.056 1.0952088365979477e-16
18900.056 1.3926504099848642e-16
18950.056 1.653143540420011e-16
19000.056 4.425137545449861e-17
19050.056 2.7429001018301387e-17
19100.056 7.010560433230015e-17
19150.056 4.15845281054997e-17
19200.056 3.887741766400387e-17
19250.056 2.667995946778415e-17
19300.056 1.3807711936159206e-17
19350.056 8.190100914263864e-18
19400.056 2.5858324100471706e-18
19450.056 2.660093456604333e-19
19500.056 1.6400201000128996e-19
19550.056 7.161795271823459e-19
19600.056 1.4184798444063692e-18
19650.056 7.068344046972806e-19
19700.056 3.003513955547688e-18
19750.056 4.050965876440342e-18
19800.056 1.758667148890438e-18
19850.056 6.605451122745029e-18
19900.056 9.978911163986586e-18
19950.056 5.784444162198869e-18
20000.056 7.311480530124242e-18
20050.056 7.850829278294661e-18
20100.056 2.0086330139468813e-17
20150.056 1.9551661026972454e-17
20200.056 1.322830871434053e-17
20250.056 6.461175971959634e-17
20300.056 9.471771244809736e-17
20350.056 1.2497537493799307e-16
20400.056 1.448063433820023e-16
20450.056 1.900683720530162e-16
20500.056 1.8979531553999763e-16
20550.056 1.8143425861198986e-16
20600.056 1.7656892959000626e-16
20650.056 1.6150997514999625e-16
20700.056 1.470148923099981e-16
20750.056 1.2268572243999821e-16
20800.056 1.0219313900099807e-16
20850.056 8.731995709199869e-17
20900.056 7.243579789199892e-17
20950.056 6.067656260699914e-17
21000.056 5.303063379599951e-17
21050.056 4.864217569999975e-17
21100.056 4.7637433119000105e-17
21150.056 5.071166571200044e-17
21200.056 5.751678894700069e-17
21250.056 6.868337069900086e-17
21300.056 8.258809143300148e-17
21350.056 9.759917423499791e-17
21400.056 1.2316630367700338e-16
21450.056 1.2046378811200218e-16
21500.056 1.0586732459539996e-16
21550.056 1.0771393631303887e-16
21600.056 1.0794948396523029e-16
21650.056 9.148195463872601e-17
21700.056 6.286850096576916e-17
21750.056 6.462239808282056e-17
21800.056 5.868581162154729e-17
21850.056 6.447928342015861e-17
21900.056 4.284109943609569e-17
21950.056 1.410702047342988e-17
22000.056 3.273677277035314e-19
22050.056 3.1802957448796844e-19
22100.056 8.179089671389575e-19
22150.056 2.281999940882667e-19
22200.056 2.1511849128853657e-19
22250.056 1.1019751281895513e-19
22300.056 8.240244516940928e-21
22350.056 8.028941855301561e-20
22400.056 3.2083109335102526e-20
22450.056 6.616296842580231e-20
22500.056 4.882033935182134e-20
22550.056 4.567608294083658e-21
22600.056 3.555385444310266e-21
22650.056 7.382241109690232e-22
22700.056 2.2209115710455912e-21
22750.056 9.69984366944926e-21
22800.056 1.607250477434086e-20
22850.056 7.146991460724517e-21
22900.056 3.495667833587908e-21
22950.056 1.972914129827904e-21
23000.056 5.935620551572959e-22
23050.056 1.600329248166909e-22
23100.056 5.254590528085245e-19
23150.056 6.620310073908431e-19
23200.056 3.2758854984441446e-21
23250.056 8.189329267424059e-20
23300.056 7.69074551650629e-21
23350.056 7.073514392848355e-20
23400.056 6.746639320616867e-20
23450.056 9.573361470374065e-21
23500.056 2.401784152831971e-21
23550.056 7.860244891528066e-21
23600.056 1.0921583448272125e-19
23650.056 4.8455776634534e-19
23700.056 5.276886722109562e-21
23750.056 2.726195116003787e-20
23800.056 6.004033710018263e-19
23850.056 1.2064084480565866e-19
23900.056 6.708223072042446e-19
23950.056 2.1194669020279258e-19
24000.056 2.5848432966315048e-18
24050.056 3.17556440066848e-18
24100.056 1.5764145760942245e-17
24150.056 2.755370439529997e-17
24200.056 1.742953800643048e-17
24250.056 7.988057513624139e-18
24300.056 4.201560623517949e-17
24350.056 6.751936059828899e-17
24400.056 1.480941929445077e-16
24450.056 2.786437217540276e-16
24500.056 3.286508127839879e-16
24550.056 6.492453021150669e-16
24600.056 1.247674053860016e-15
24650.056 2.2205270966801202e-15
24700.056 2.009873810482344e-15
24750.056 3.5408108978882263e-15
24800.056 4.634333203820228e-15
24850.056 4.8011803921358365e-15
24900.056 5.585186190774415e-15
24950.056 8.042567169600513e-15
25000.056 8.471670372409501e-15
25050.056 1.0107681246400798e-14
25100.056 9.934209547689211e-15
25150.056 8.512368476482385e-15
25200.056 1.0792594385753102e-14
25250.056 8.844049475298911e-15
25300.056 7.620576958958071e-15
25350.056 6.482503495146823e-15
25400.056 1.3411092996299785e-14
25450.056 6.614754255799614e-15
25500.056 4.234111366489674e-15
25550.056 5.217274362940236e-15
25600.056 1.7447168649345498e-15
25650.056 5.48522410412557e-16
25700.056 6.876285656264336e-16
25750.056 4.700548443946723e-16
25800.056 2.6972773854063553e-15
25850.056 3.932191694731609e-16
25900.056 1.729558052180798e-16
25950.056 7.484133669177114e-16
26000.056 1.6917842569703975e-15
26050.056 9.79986839090836e-16
26100.056 1.9198458345711356e-15
26150.056 2.09004654604691e-15
26200.056 2.513087200840301e-15
26250.056 6.0415166127598246e-15
26300.056 3.6933745006502986e-15
26350.056 9.47593897680157e-15
26400.056 2.0709218362898975e-14
26450.056 1.7594990000401223e-14
26500.056 2.713664654899771e-14
26550.056 1.1654548977001697e-14
26600.056 1.1590060709798756e-14
26650.056 5.01873161739936e-15
26700.056 5.305892417100679e-15
26750.056 8.31960973679956e-15
26800.056 1.3329187385301404e-14
26850.056 1.492601019450112e-14
26900.056 2.3844003083998623e-14
26950.056 1.0423077041901393e-14
27000.056 2.7030965758900153e-14
27050.056 4.324920150299951e-14
27100.056 1.0551598161499324e-14
27150.056 3.515849566699977e-14
27200.056 1.1227083043500232e-14
27250.056 1.6994438181003215e-14
27300.056 7.366653359300086e-14
27350.056 3.371642592249776e-14
27400.056 1.2414092889098145e-14
27450.056 6.076458424300717e-14
27500.056 6.044702262099473e-14
27550.056 2.535241999689923e-14
27600.056 5.468981582099779e-14
27650.056 2.9617116696602404e-14
27700.056 3.0097667643699255e-14
27750.056 7.14570115220021e-14
27800.056 5.1338586667002236e-14
27850.056 5.632127757899683e-14
27900.056 6.616154322101021e-14
27950.056 6.761350977299301e-14
28000.056 8.146759942599657e-14
28050.056 1.6020797838701108e-14
28100.056 4.555524417200927e-14
28150.056 3.660067900619299e-14
28200.056 1.4050224915097772e-14
28250.056 1.5079619110380892e-14
28300.056 6.6984795674849955e-15
28350.056 2.6291025664561082e-15
28400.056 1.0742863300269217e-14
28450.056 8.045041035420906e-16
28500.056 9.184885069572303e-16
28550.056 4.0509730914951185e-15
28600.056 3.833325822883654e-15
28650.056 7.641112324398001e-16
28700.056 4.48428371008952e-15
28750.056 3.6206287542383115e-15
28800.056 5.756200156632089e-16
28850.056 1.1391692934729113e-14
