galfind/configs/Brown_Dwarf_templates/sonora_cholla/logkzz2/1780g/1000K_1780g_logkzz2_resample.dat
# %ECSV 1.0
# ---
# datatype:
# - {name: wav, unit: Angstrom, datatype: float64}
# - {name: flux_nu, unit: erg / (cm2 Hz s), datatype: float64}
# schema: astropy-2.0
wav flux_nu
[from data line 774]
48700.000000000095 3.462633923503815e-07
48750.000000000095 2.0665650916020457e-07
48800.000000000095 3.5453159422176725e-07
48850.000000000095 2.265826026008225e-07
48900.000000000095 3.461456327178986e-07
48950.000000000095 2.708195274658158e-07
49000.000000000095 2.068669998275517e-07
49050.000000000095 3.265656014878597e-07
49100.000000000095 2.5500268507576804e-07
49150.000000000095 3.3801065262949067e-07
49200.000000000095 2.888833682649819e-07
49250.000000000095 3.508158766759652e-07
49300.000000000095 2.734926606550498e-07
49350.000000000095 2.2411434508390338e-07
49400.000000000095 2.71311398574052e-07
49450.000000000095 2.930156445263432e-07
49500.000000000095 2.502580701303658e-07
49550.000000000095 1.3002097968601725e-07
49600.000000000095 2.3443690579594987e-07
49650.000000000095 2.4356760907447496e-07
49700.000000000095 2.5487551118795866e-07
49750.000000000095 3.4033909049217127e-07
49800.000000000095 2.3459790961233124e-07
49850.000000000095 3.8356504229198417e-07
49900.000000000095 3.25841585927296e-07
49950.000000000095 2.95792503754184e-07
50000.000000000095 3.2457538093079824e-07
50050.000000000095 3.370497315096243e-07
50100.000000000095 3.2970237148912936e-07
50150.000000000095 1.9928097038998328e-07
50200.000000000095 1.1456031698037163e-07
50250.000000000095 2.8516356583035313e-07
50300.000000000095 2.167374006307208e-07
50350.000000000095 3.417829310259449e-07
50400.000000000095 2.978389488209996e-07
50450.000000000095 2.545036424751708e-07
50500.000000000095 3.514249092151885e-07
50550.000000000095 3.2402665976466924e-07
50600.000000000095 2.6797972685893017e-07
50650.000000000095 3.140248617695944e-07
50700.000000000095 4.1768993576881004e-07
50750.000000000095 3.200396536468344e-07
50800.000000000095 1.8687266825247532e-07
50850.000000000095 1.6588655843777643e-07
50900.000000000095 3.525908531809684e-07
50950.000000000095 3.296100157727324e-07
51000.000000000095 3.038658629523796e-07
51050.000000000095 3.041710723489976e-07
51100.000000000095 1.6864554381090312e-07
51150.000000000095 2.24921201318143e-07
51200.000000000095 4.0705471335039713e-07
51250.000000000095 2.853927169152928e-07
51300.000000000095 2.2734093671164852e-07
51350.000000000095 2.6969718799372476e-07
51400.000000000095 1.6908464826321298e-07
51450.000000000095 1.5105376363631144e-07
51500.000000000095 1.3661238973180908e-07
51550.000000000095 2.694793335943998e-07
51600.000000000095 2.0713865253834478e-07
51650.000000000095 2.4724157931626563e-07
51700.000000000095 2.659152719608479e-07
51750.000000000095 1.783614236376473e-07
51800.000000000095 3.259054227598053e-07
51850.000000000095 2.724612967378923e-07
51900.000000000095 3.710931146677357e-07
51950.000000000095 2.755712806588908e-07
52000.000000000095 9.740358002402293e-08
52050.000000000095 1.9314839799163927e-07
52100.000000000095 1.6426257445940792e-07
52150.000000000095 1.3049747112755257e-07
52200.000000000095 1.4865762213625876e-07
52250.000000000095 2.058227916633453e-07
52300.000000000095 3.430611917286187e-07
52350.000000000095 1.9803385262102034e-07
52400.000000000095 1.6738501080921827e-07
52450.000000000095 2.824572947808091e-07
52500.000000000095 2.6111622276498177e-07
52550.000000000095 2.611825714587026e-07
52600.000000000095 2.197418652925936e-07
52650.000000000095 2.2534173537070879e-07
52700.000000000095 1.8811650686911192e-07
52750.000000000095 1.4643039436848307e-07
52800.000000000095 1.658555920060747e-07
52850.000000000095 1.9155972411525872e-07
52900.000000000095 1.523907796696053e-07
52950.000000000095 1.7116309273303015e-07
53000.000000000095 2.81954386499659e-07
53050.000000000095 1.2299179755487312e-07
53100.000000000095 2.6625960861223267e-07
53150.000000000095 3.2111033516355787e-07
53200.000000000095 1.4897210397922403e-07
53250.000000000095 2.813644366514153e-07
53300.000000000095 3.0481795244460604e-07
53350.000000000095 2.9471983253428526e-07
53400.000000000095 2.808750823430266e-07
53450.000000000095 1.2979883700968553e-07
53500.000000000095 7.965281039291785e-08
53550.000000000095 1.2494451376560618e-07
53600.000000000095 2.0224868590225306e-07
53650.000000000095 1.6511498171452162e-07
53700.000000000095 1.537675700520758e-07
53750.000000000095 1.5047841418038448e-07
53800.000000000095 1.5394772591260858e-07
53850.000000000095 2.09190310454019e-07
53900.000000000095 2.1248961311146317e-07
53950.000000000095 2.739436388832993e-07
54000.000000000095 1.86465071522249e-07
54050.000000000095 1.9040616847585683e-07
54100.000000000095 9.044404503619716e-08
54150.000000000095 1.3370227015196228e-07
54200.000000000095 6.588013447206719e-08
54250.000000000095 8.772500161261208e-08
54300.000000000095 1.4017296515805542e-07
54350.000000000095 1.899184277625766e-07
54400.000000000095 1.8843259717260125e-07
54450.000000000095 1.6537752448830992e-07
54500.000000000095 1.4510647028102628e-07
54550.000000000095 1.2540020546152512e-07
54600.000000000095 1.5448493651684037e-07
54650.000000000095 7.974770957026809e-08
54700.000000000095 1.8610981739606322e-07
54750.000000000095 1.7008419775490255e-07
54800.000000000095 1.1808708344895798e-07
54850.000000000095 1.431231250468461e-07
54900.000000000095 1.9814019819370686e-07
54950.000000000095 2.5650228933239187e-07
55000.000000000095 1.1422752813025644e-07
55050.000000000095 1.6730083314525e-07
55100.000000000095 1.643009867189277e-07
55150.000000000095 1.2892776876747748e-07
55200.000000000095 1.255876121721478e-07
55250.000000000095 1.4238153273648663e-07
55300.000000000095 1.0227352507305539e-07
55350.000000000095 1.7119123825230833e-07
55400.000000000095 2.0681220505020538e-07
55450.000000000095 1.4255359181077445e-07
55500.000000000095 7.730516140282982e-08
55550.000000000095 1.0572621259716936e-07
55600.000000000095 1.088203777365831e-07
55650.000000000095 9.372271795260636e-08
55700.000000000095 1.1585500429560542e-07
55750.000000000095 1.2749742809229674e-07
55800.000000000095 8.964303414374482e-08
55850.000000000095 8.428178122167742e-08
55900.000000000095 1.566994006006951e-07
55950.000000000095 2.0515589317778292e-07
56000.000000000095 9.907880936842637e-08
56050.000000000095 1.2897635700099571e-07
56100.000000000095 1.548473770157779e-07
56150.000000000095 1.0936272566305445e-07
56200.000000000095 1.2589325030760211e-07
56250.000000000095 1.493536919925606e-07
56300.000000000095 1.4254307525691773e-07
56350.000000000095 1.3825014019489396e-07
56400.000000000095 8.592698174708797e-08
56450.000000000095 7.760506404389192e-08
56500.000000000095 1.1748732207711134e-07
56550.000000000095 7.016172975677406e-08
56600.000000000095 1.5321083731316693e-07
56650.000000000095 1.473285140322661e-07
56700.000000000095 1.596154345380771e-07
56750.000000000095 8.028261015822757e-08
56800.000000000095 1.4533333964064927e-07
56850.000000000095 1.2380348871518696e-07
56900.000000000095 9.49952427114267e-08
56950.000000000095 1.5517982146340567e-07
57000.000000000095 1.7719298669632474e-07
57050.000000000095 1.0967580092574015e-07
57100.000000000095 5.61115203541795e-08
57150.000000000095 8.868724584194815e-08
57200.000000000095 7.045865533176518e-08
57250.000000000095 9.843347017454636e-08
57300.000000000095 1.300626697877833e-07
57350.000000000095 7.826054075043747e-08
57400.000000000095 1.416250396778038e-07
57450.000000000095 1.152968104130078e-07
57500.000000000095 1.0623092684491551e-07
57550.000000000095 1.396231791637859e-07
57600.000000000095 1.4253836244820126e-07
57650.000000000095 5.667290231260333e-08
57700.000000000095 7.528988071780858e-08
57750.000000000095 9.54066980836605e-08
57800.000000000095 4.273373364035561e-08
57850.000000000095 1.8524710189582314e-07
57900.000000000095 2.1414516020600875e-07
57950.000000000095 1.9773067439382058e-07
58000.000000000095 1.0045238127518888e-07
58050.000000000095 1.3458334050751803e-07
58100.000000000095 1.5981529061997904e-07
58150.000000000095 1.2044837788547468e-07
58200.000000000095 6.033740373224585e-08
58250.000000000095 8.109297341186066e-08
58300.000000000095 6.947616955988712e-08
58350.000000000095 8.460057562249646e-08
58400.000000000095 1.2178934216091183e-07
58450.000000000095 1.3470318881596527e-07
58500.000000000095 1.249244232040038e-07
58550.000000000095 1.3965354147324609e-07
58600.000000000095 7.870928655903716e-08
58650.000000000095 9.645931545558772e-08
58700.000000000095 1.062668012408407e-07
58750.000000000095 1.1929675095190844e-07
58800.000000000095 4.935874491901844e-08
58850.000000000095 9.318684278489445e-08
58900.000000000095 1.2210473320293732e-07
58950.000000000095 7.139899747617906e-08
59000.000000000095 1.2324457597373183e-07
59050.000000000095 1.4001772279491983e-07
59100.000000000095 1.6236002092467757e-07
59150.000000000095 1.1846507516424958e-07
59200.000000000095 1.2231325563517073e-07
59250.000000000095 1.3139441092935912e-07
59300.000000000095 1.2424559036063837e-07
59350.000000000095 5.776006261159765e-08
59400.000000000095 4.826385893422919e-08
59450.000000000095 1.1408635867097516e-07
59500.000000000095 6.82708097183537e-08
59550.000000000095 1.353895124131079e-07
59600.000000000095 1.5072000224725574e-07
59650.000000000095 1.1235797257541885e-07
59700.000000000095 7.8541939748551e-08
59750.000000000095 1.8080539289540737e-07
59800.000000000095 1.026559713482994e-07
59850.000000000095 1.4243155261775998e-07
59900.000000000095 6.771208834046692e-08
59950.000000000095 1.1815673660042853e-07
60000.000000000095 2.0344590919172603e-07
60050.000000000095 1.7463305802547867e-07
60100.000000000095 1.6955686596006317e-07
60150.000000000095 1.1039199400357687e-07
60200.000000000095 1.3850004852473738e-07
60250.000000000095 1.7893274772438661e-07
60300.000000000095 1.6307143228472054e-07
60350.000000000095 1.0997216409252276e-07
60400.000000000095 1.406544243112759e-07
60450.000000000095 6.777179645261169e-08
60500.000000000095 4.211314358637059e-08
60550.000000000095 1.3933791070393352e-07
60600.000000000095 1.3973621075044593e-07
60650.000000000095 1.1170945735281858e-07
60700.000000000095 9.518959363089027e-08
60750.000000000095 6.951885374096575e-08
60800.000000000095 1.4096060222974837e-07
60850.000000000095 2.1828218519360212e-07
60900.000000000095 1.9259747861535567e-07
60950.000000000095 1.6771329360169257e-07
61000.000000000095 1.388602944621597e-07
61050.000000000095 9.168268146676452e-08
61100.000000000095 1.2177993047809298e-07
61150.000000000095 5.385944067721579e-08
61200.000000000095 1.659248632460438e-07
61250.000000000095 1.8840367017151021e-07
61300.000000000095 1.6329551758378824e-07
61350.000000000095 2.1904750631200014e-07
61400.000000000095 1.3204572405005744e-07
61450.000000000095 7.873832017834531e-08
61500.000000000095 9.421232394848034e-08
61550.000000000095 1.1107641937800389e-07
61600.000000000095 7.669852710760624e-08
61650.000000000095 1.1636894487727132e-07
61700.000000000095 1.0375603378404237e-07
61750.000000000095 1.2369542957953295e-07
61800.000000000095 1.372902112192243e-07
61850.000000000095 8.174989055604106e-08
61900.000000000095 1.849430120146541e-07
61950.000000000095 1.8361083392363002e-07
62000.000000000095 1.787565255340157e-07
62050.000000000095 1.6914047727354506e-07
62100.000000000095 1.6380603197942664e-07
62150.000000000095 1.7700098591076194e-07
62200.000000000095 1.5742603399811502e-07
62250.000000000095 1.5036593394392545e-07
62300.000000000095 2.2439645773324072e-07
62350.000000000095 1.8688985213694336e-07
62400.000000000095 1.0713908924146548e-07
62450.000000000095 1.471716586231478e-07
62500.000000000095 2.0501604946088657e-07
62550.000000000095 2.0794500264957147e-07
62600.000000000095 2.1594327034264591e-07
62650.000000000095 1.708520339245133e-07
62700.000000000095 1.7358307421676733e-07
62750.000000000095 2.2207251519650785e-07
62800.000000000095 1.407324544430919e-07
62850.000000000095 1.902639368371868e-07
62900.000000000095 1.550695064966598e-07
62950.000000000095 2.21183847794602e-07
63000.000000000095 1.8114526506959867e-07
63050.000000000095 2.5058759514962046e-07
63100.000000000095 2.338518409534228e-07
63150.000000000095 1.6707451766299948e-07
63200.000000000095 2.0276704491573556e-07
63250.000000000095 1.8778747896305857e-07
63300.000000000095 2.0278051596652966e-07
63350.000000000095 1.920757354254067e-07
63400.000000000095 1.1116949547688743e-07
63450.000000000095 8.38147610019025e-08
63500.000000000095 1.7255314953606908e-07
63550.000000000095 1.7879272286912283e-07
63600.000000000095 1.953333433235586e-07
63650.000000000095 1.4412653069438114e-07
63700.000000000095 9.177687841449304e-08
63750.000000000095 1.330738306992231e-07
63800.000000000095 1.7577676143731668e-07
63850.000000000095 1.5951384179531257e-07
63900.000000000095 1.0303157648175088e-07
63950.000000000095 1.5581807553585002e-07
64000.000000000095 1.7913911180505307e-07
64050.000000000095 1.2314959734254397e-07
64100.000000000095 4.563955528964332e-08
64150.000000000095 6.515480947146629e-08
64200.000000000095 7.373151564839057e-08
64250.000000000095 1.242599962996455e-07
64300.000000000095 9.761048169932624e-08
64350.000000000095 8.206187641336831e-08
64400.000000000095 1.4326496551704467e-07
64450.000000000095 1.4912068390390903e-07
64500.000000000095 7.991193901321639e-08
64550.000000000095 1.2649303316364545e-07
64600.000000000095 7.703691594854709e-08
64650.000000000095 1.2576254544570241e-07
64700.000000000095 6.423330641423564e-08
64750.000000000095 8.114126521627015e-08
64800.000000000095 7.571210775422717e-08
64850.000000000095 6.619374485108132e-08
64900.000000000095 7.421038321647755e-08
64950.000000000095 6.946782131277188e-08
65000.000000000095 8.759061538839206e-08
65050.000000000095 9.516519989682385e-08
65100.000000000095 1.21814678320273e-07
65150.000000000095 8.028378961993989e-08
65200.000000000095 6.560366358594496e-08
65250.000000000095 1.1020116634707223e-07
65300.000000000095 9.879753436585001e-08
65350.000000000095 1.7913501755788e-07
65400.000000000095 9.154293899855821e-08
65450.000000000095 9.42515417798143e-08
65500.000000000095 1.1108078138650319e-07
65550.00000000009 7.118324094501473e-08
65600.00000000009 9.818837372155965e-08
65650.00000000009 9.486366387405883e-08
65700.00000000009 8.825921227811984e-08
65750.00000000009 6.846923255046541e-08
65800.00000000009 1.0248975172247126e-07
65850.00000000009 1.2660342311011287e-07
65900.00000000009 6.676911880542116e-08
65950.00000000009 6.426404897363118e-08
66000.00000000009 8.741138224691557e-08
66050.00000000009 1.569690883965253e-07
66100.00000000009 9.668188991777412e-08
66150.00000000009 7.761097347515298e-08
66200.00000000009 7.471029464253595e-08
66250.00000000009 6.87185152906113e-08
66300.00000000009 3.627278644478579e-08
66350.00000000009 4.816975416226997e-08
66400.00000000009 6.882710172853233e-08
66450.00000000009 1.1701246752863949e-07
66500.00000000009 1.580808735855452e-07
66550.00000000009 1.4359329395762656e-07
66600.00000000009 1.1278852564870971e-07
66650.00000000009 1.0160364322010607e-07
66700.00000000009 9.178962764252392e-08
66750.00000000009 8.566301949872112e-08
66800.00000000009 1.0896507749870613e-07
66850.00000000009 7.415871072340107e-08
66900.00000000009 1.31362663005117e-07
66950.00000000009 1.5883553510745821e-07
67000.00000000009 1.5940341605218315e-07
67050.00000000009 1.030579044373569e-07
67100.00000000009 8.376261328988472e-08
67150.00000000009 8.748293861864869e-08
67200.00000000009 1.0716457435083807e-07
67250.00000000009 1.0352301540676118e-07
67300.00000000009 1.2152074844344277e-07
67350.00000000009 7.964611990130532e-08
67400.00000000009 1.5144606707695667e-07
67450.00000000009 1.1208683683173793e-07
67500.00000000009 1.044247063757673e-07
67550.00000000009 1.310547948838124e-07
67600.00000000009 2.1005295625930625e-07
67650.00000000009 1.5562298576665186e-07
67700.00000000009 1.1858590064507812e-07
67750.00000000009 9.967227312160228e-08
67800.00000000009 1.3099513706156416e-07
67850.00000000009 7.970118372238081e-08
67900.00000000009 9.896317232022398e-08
67950.00000000009 7.23977724772521e-08
