galfind/configs/Brown_Dwarf_templates/sonora_cholla/logkzz2/1780g/1050K_1780g_logkzz2_resample.dat
# %ECSV 1.0
# ---
# datatype:
# - {name: wav, unit: Angstrom, datatype: float64}
# - {name: flux_nu, unit: erg / (cm2 Hz s), datatype: float64}
# schema: astropy-2.0
wav flux_nu
10000.000000000093 nan
10050.000000000093 1.847172435957551e-07
10100.000000000093 2.1631318381411266e-07
10150.000000000093 2.2445072328871465e-07
10200.000000000093 2.4881982340029006e-07
10250.000000000093 2.694736615118385e-07
10300.000000000093 2.87105739194588e-07
10350.000000000093 3.268792781218394e-07
10400.000000000093 3.5928985122152513e-07
10450.000000000093 3.8142838249174937e-07
10500.000000000093 3.897574891645468e-07
10550.000000000093 4.0147565163456195e-07
10600.000000000093 4.200426873727942e-07
10650.000000000093 4.4124246853455673e-07
10700.000000000093 4.615105260659924e-07
10750.000000000093 4.79387054099952e-07
10800.000000000093 4.903382884433308e-07
10850.000000000093 4.985160887294695e-07
10900.000000000093 4.2897191855573115e-07
10950.000000000093 2.916658034315745e-07
11000.000000000093 2.203259448902e-07
11050.000000000093 1.5525011860518696e-07
11100.000000000093 1.1316108043319092e-07
11150.000000000093 8.260159787055836e-08
11200.000000000093 8.808147157562728e-08
11250.000000000093 1.1516067809051352e-07
11300.000000000093 1.166698614216471e-07
11350.000000000093 6.132242007180087e-08
11400.000000000093 1.3223845862962494e-07
11450.000000000093 9.828020989029719e-08
11500.000000000093 1.112175913388501e-07
11550.000000000093 7.376587871133423e-08
11600.000000000093 7.519674114148447e-08
11650.000000000093 9.999712536920478e-08
11700.000000000093 1.0607656198430128e-07
11750.000000000093 7.944422035258563e-08
11800.000000000093 1.3238029557555834e-07
11850.000000000093 1.7371643913447545e-07
11900.000000000093 2.095589711493172e-07
11950.000000000093 2.477579864025704e-07
12000.000000000093 3.0743006828779223e-07
12050.000000000093 3.6687343681226756e-07
12100.000000000093 4.151094908526601e-07
12150.000000000093 4.771083513946663e-07
12200.000000000093 5.289393607231054e-07
12250.000000000093 5.882563773037621e-07
12300.000000000093 6.470587096511665e-07
12350.000000000093 6.679840938203592e-07
12400.000000000093 7.173515567424688e-07
12450.000000000093 7.817891697219469e-07
12500.000000000093 8.22892365445754e-07
12550.000000000093 8.625987325329454e-07
12600.000000000093 8.601068678800944e-07
12650.000000000093 8.327897544029255e-07
12700.000000000093 8.333907562492601e-07
12750.000000000093 8.245195301624601e-07
12800.000000000093 8.273784705550763e-07
12850.000000000093 7.353339467954462e-07
12900.000000000093 6.791034611455878e-07
12950.000000000093 6.559284715157979e-07
13000.000000000093 6.444386089579124e-07
13050.000000000093 5.953858148489136e-07
13100.000000000093 5.711693697172945e-07
13150.000000000093 4.806073514006956e-07
13200.000000000093 4.391315663948903e-07
13250.000000000093 3.145420949733293e-07
13300.000000000093 1.7560787941591057e-07
13350.000000000093 5.7355435745532e-08
13400.000000000093 2.4675605362702372e-08
13450.000000000093 1.5865509951337733e-08
13500.000000000093 9.249720177628662e-09
13550.000000000093 6.89448425634411e-09
13600.000000000093 4.886145590594554e-09
13650.000000000093 1.213663661776302e-08
13700.000000000093 9.456460542790055e-09
13750.000000000093 1.3572475661527443e-08
13800.000000000093 1.7133701257353574e-08
13850.000000000093 1.1264459630553777e-08
13900.000000000093 1.1271514673489878e-08
13950.000000000093 1.0881674059347249e-08
14000.000000000093 1.0809809870015918e-08
14050.000000000093 1.3650171088820581e-08
14100.000000000093 1.040467879903008e-08
14150.000000000093 1.5051143138040357e-08
14200.000000000093 1.1550962949807346e-08
14250.000000000093 1.2530473396121156e-08
14300.000000000093 2.086825193716916e-08
14350.000000000093 2.0001005674020694e-08
14400.000000000093 2.084678323995572e-08
14450.000000000093 2.5540869510401227e-08
14500.000000000093 4.276282527884608e-08
14550.000000000093 4.293049107361377e-08
14600.000000000093 6.242110889772764e-08
14650.000000000093 6.150771534036609e-08
14700.000000000093 4.7110759335717515e-08
14750.000000000093 6.199614437744991e-08
14800.000000000093 7.574115802549484e-08
14850.000000000093 8.070189756424938e-08
14900.000000000093 8.374110210778548e-08
14950.000000000093 9.873037528422537e-08
15000.000000000093 1.1291246406506715e-07
15050.000000000093 1.3498335064231698e-07
15100.000000000093 1.4858905785865173e-07
15150.000000000093 1.6119593660762495e-07
15200.000000000093 1.6947255228396424e-07
15250.000000000093 2.0808794251441632e-07
15300.000000000093 2.3251056694334975e-07
15350.000000000093 2.7172860339695715e-07
15400.000000000093 2.984174626794067e-07
15450.000000000093 3.270674018084997e-07
15500.000000000093 3.436238912455574e-07
15550.000000000093 3.8543097436110737e-07
15600.000000000093 4.0904092703761037e-07
15650.000000000093 4.170614987470763e-07
15700.000000000093 4.550497509464637e-07
15750.000000000093 4.693986811424893e-07
15800.000000000093 4.6896709129415086e-07
15850.000000000093 4.827791161781287e-07
15900.000000000093 4.615877192128905e-07
15950.000000000093 4.401202283419216e-07
16000.000000000093 3.9251960890112217e-07
16050.000000000093 3.208755653193174e-07
16100.000000000093 2.66601941769214e-07
16150.000000000093 2.0367460209698058e-07
16200.000000000093 1.5296378617858926e-07
16250.000000000093 1.4692304920551043e-07
16300.000000000093 1.2822516968487937e-07
16350.000000000093 1.3993279296882972e-07
16400.000000000095 1.5639778753847983e-07
16450.000000000095 1.6812490870795015e-07
16500.000000000095 1.8272232345721734e-07
16550.000000000095 1.7628237637131958e-07
16600.000000000095 1.8238694076323018e-07
16650.000000000095 1.2974602576286933e-07
16700.000000000095 7.315340582758185e-08
16750.000000000095 1.025631809603372e-07
16800.000000000095 1.4013424739005727e-07
16850.000000000095 1.3920594114773288e-07
16900.000000000095 1.2489625490486042e-07
16950.000000000095 1.1419761249041924e-07
17000.000000000095 9.945207439964956e-08
17050.000000000095 1.2628408591406328e-07
17100.000000000095 1.4102928424767438e-07
17150.000000000095 1.2268345169308575e-07
17200.000000000095 1.544280238040681e-07
17250.000000000095 1.324975521659856e-07
17300.000000000095 1.1705088458089835e-07
17350.000000000095 1.090178728888575e-07
17400.000000000095 1.0732693746448775e-07
17450.000000000095 1.086067540603566e-07
17500.000000000095 1.1839097353690206e-07
17550.000000000095 1.0131183727481651e-07
17600.000000000095 9.017039831064304e-08
17650.000000000095 8.677899098927433e-08
17700.000000000095 6.816830104498311e-08
17750.000000000095 5.8534452611209087e-08
17800.000000000095 6.87616122203035e-08
17850.000000000095 4.7602605360911206e-08
17900.000000000095 5.458999346978184e-08
17950.000000000095 4.00866442076873e-08
18000.000000000095 4.538537368352634e-08
18050.000000000095 3.9021138238986435e-08
18100.000000000095 3.860834146725678e-08
18150.000000000095 4.954316713588225e-08
18200.000000000095 3.1362159063266394e-08
18250.000000000095 6.447691918338044e-08
18300.000000000095 3.745975590986898e-08
18350.000000000095 3.48515237904687e-08
18400.000000000095 3.0516533506425754e-08
18450.000000000095 4.0364021907229455e-08
18500.000000000095 4.1805860768330205e-08
18550.000000000095 3.1949143372130505e-08
18600.000000000095 2.9064776220795437e-08
18650.000000000095 2.5235152116677144e-08
18700.000000000095 2.317586123151731e-08
18750.000000000095 3.303897125923735e-08
18800.000000000095 6.155624960753723e-08
18850.000000000095 6.74838699922173e-08
18900.000000000095 5.845311488191889e-08
18950.000000000095 9.607096040732919e-08
19000.000000000095 6.210861955653963e-08
19050.000000000095 4.646142463004573e-08
19100.000000000095 7.994878040046918e-08
19150.000000000095 5.653581026273342e-08
19200.000000000095 7.217018408287706e-08
19250.000000000095 5.599293358978908e-08
19300.000000000095 5.038781898738158e-08
19350.000000000095 4.791438512190258e-08
19400.000000000095 3.0769335293876374e-08
19450.000000000095 5.6375568955729e-08
19500.000000000095 5.531180939925844e-08
19550.000000000095 4.369585177556174e-08
19600.000000000095 5.572550150771589e-08
19650.000000000095 6.803698501161915e-08
19700.000000000095 6.763325587094759e-08
19750.000000000095 7.007388485510332e-08
19800.000000000095 8.070175001305665e-08
19850.000000000095 1.0178570264785083e-07
19900.000000000095 7.773234543178234e-08
19950.000000000095 1.1628095757557688e-07
20000.000000000095 1.0771068685393716e-07
20050.000000000095 1.2242915304879062e-07
20100.000000000095 1.2801021646142677e-07
20150.000000000095 1.316087508490971e-07
20200.000000000095 1.4901743868614448e-07
20250.000000000095 1.6701664775677625e-07
20300.000000000095 1.588244414139935e-07
20350.000000000095 1.8350374934904546e-07
20400.000000000095 1.8000395742725208e-07
20450.000000000095 2.0379021438752036e-07
20500.000000000095 2.1246887061083278e-07
20550.000000000095 2.092475976234862e-07
20600.000000000095 2.3120487698638393e-07
20650.000000000095 2.2573521575369546e-07
20700.000000000095 2.2793421652190313e-07
20750.000000000095 2.370957411166705e-07
20800.000000000095 2.3725445756532766e-07
20850.000000000095 2.382269629486511e-07
20900.000000000095 2.4441817343530686e-07
20950.000000000095 2.37096369131396e-07
21000.000000000095 2.3805912356863683e-07
21050.000000000095 2.308418769196585e-07
21100.000000000095 2.2685226798043843e-07
21150.000000000095 2.279511561300469e-07
21200.000000000095 2.1904503526558542e-07
21250.000000000095 2.1610233855610907e-07
21300.000000000095 2.0138331877963757e-07
21350.000000000095 2.001169934671334e-07
21400.000000000095 1.9101399246881753e-07
21450.000000000095 1.786094894817606e-07
21500.000000000095 1.775854283068827e-07
21550.000000000095 1.6963665186612544e-07
21600.000000000095 1.6066879887529227e-07
21650.000000000095 1.4978708358729318e-07
21700.000000000095 1.513569643749112e-07
21750.000000000095 1.39934690080594e-07
21800.000000000095 1.2640800808871498e-07
21850.000000000095 1.1248412695401113e-07
21900.000000000095 1.0042751292629214e-07
21950.000000000095 6.689048083632737e-08
22000.000000000095 3.701005026640115e-08
22050.000000000095 2.947734853249299e-08
22100.000000000095 4.8283034287351124e-08
22150.000000000095 5.458568657611703e-08
22200.000000000095 5.383794760982497e-08
22250.000000000095 5.0522432713967505e-08
22300.000000000095 4.494494616823735e-08
22350.000000000095 4.213110691878935e-08
22400.000000000095 3.3542756679192806e-08
22450.000000000095 3.0492153667031126e-08
22500.000000000095 3.283896566463351e-08
22550.000000000095 2.2785300206467485e-08
22600.000000000095 2.73704229214104e-08
22650.000000000095 3.018040175829801e-08
22700.000000000095 2.755836372015294e-08
22750.000000000095 2.8149564166138383e-08
22800.000000000095 2.6810182362534596e-08
22850.000000000095 2.320471792378003e-08
22900.000000000095 2.118288475713018e-08
22950.000000000095 2.0954205128376257e-08
23000.000000000095 2.158064175318905e-08
23050.000000000095 2.8720703846379247e-08
23100.000000000095 4.718586463068588e-08
23150.000000000095 4.566878524881298e-08
23200.000000000095 1.505306726003823e-08
23250.000000000095 1.8230616160946004e-08
23300.000000000095 1.75429112974112e-08
23350.000000000095 1.5527763978153792e-08
23400.000000000095 1.9358895145130825e-08
23450.000000000095 1.695906087156984e-08
23500.000000000095 1.7506268421899002e-08
23550.000000000095 2.4264419753114033e-08
23600.000000000095 2.8307816843094653e-08
23650.000000000095 3.21891150399443e-08
23700.000000000095 1.71896646196814e-08
23750.000000000095 1.578093085340237e-08
23800.000000000095 2.2300964427426938e-08
23850.000000000095 2.2025268734468317e-08
23900.000000000095 3.4424029089034595e-08
23950.000000000095 3.153688948745523e-08
24000.000000000095 4.272896392606046e-08
24050.000000000095 4.52109109035224e-08
24100.000000000095 3.6959423347512055e-08
24150.000000000095 4.368716894971639e-08
24200.000000000095 4.6535690099089456e-08
24250.000000000095 3.848236170542389e-08
24300.000000000095 4.8221915911710506e-08
24350.000000000095 3.8923356368229136e-08
24400.000000000095 5.736564097394586e-08
24450.000000000095 4.68993128662114e-08
24500.000000000095 5.251379237730981e-08
24550.000000000095 5.4402204978475254e-08
24600.000000000095 6.009734753433635e-08
24650.000000000095 6.870935722394256e-08
24700.000000000095 5.039804991090351e-08
24750.000000000095 4.922721562037301e-08
24800.000000000095 5.1255014064528236e-08
24850.000000000095 7.346111938977516e-08
24900.000000000095 3.549497017480176e-08
24950.000000000095 6.17101358481833e-08
25000.000000000095 5.791659448196147e-08
25050.000000000095 3.856666734400127e-08
25100.000000000095 5.339051551571004e-08
25150.000000000095 3.247450803134787e-08
25200.000000000095 4.540950775287374e-08
25250.000000000095 2.7892684689506024e-08
25300.000000000095 3.963551123430613e-08
25350.000000000095 2.2385983237739593e-08
25400.000000000095 4.225292443908434e-08
25450.000000000095 2.50317637785189e-08
25500.000000000095 2.4282036988324644e-08
25550.000000000095 3.1911286123438084e-08
25600.000000000095 2.6739067809292306e-08
25650.000000000095 1.7550893952044974e-08
25700.000000000095 3.432141405122375e-08
25750.000000000095 1.656231288542311e-08
25800.000000000095 3.660891665497917e-08
25850.000000000095 1.661505495691957e-08
25900.000000000095 2.483292653014911e-08
25950.000000000095 1.4345807162320808e-08
26000.000000000095 3.486171679145359e-08
26050.000000000095 2.028274793238807e-08
26100.000000000095 3.928339782098981e-08
26150.000000000095 2.981352092089979e-08
26200.000000000095 3.294443813560039e-08
26250.000000000095 5.382438851731552e-08
26300.000000000095 3.3826728445169086e-08
26350.000000000095 6.04559208020909e-08
26400.000000000095 6.426669958126317e-08
26450.000000000095 6.099570079431736e-08
26500.000000000095 6.36802001072996e-08
26550.000000000095 3.8810422219278794e-08
26600.000000000095 4.592666499691553e-08
26650.000000000095 2.167991915232604e-08
26700.000000000095 1.7420863090981923e-08
26750.000000000095 1.5799996325296212e-08
26800.000000000095 2.3161424884310617e-08
26850.000000000095 1.3521797543063053e-08
26900.000000000095 3.062676766738125e-08
26950.000000000095 1.570258777217173e-08
27000.000000000095 3.904962599502756e-08
27050.000000000095 3.5893203575283196e-08
27100.000000000095 2.3498355346107466e-08
27150.000000000095 4.709044958511081e-08
27200.000000000095 2.5245365203861407e-08
27250.000000000095 3.1827494688119994e-08
27300.000000000095 7.504914946710479e-08
27350.000000000095 5.3056312105790606e-08
27400.000000000095 1.5069351420329307e-08
27450.000000000095 6.292452634123891e-08
27500.000000000095 7.092876126264502e-08
27550.000000000095 2.9676197306398473e-08
27600.000000000095 5.261963925500146e-08
27650.000000000095 2.5136779489951204e-08
27700.000000000095 2.075690826440855e-08
27750.000000000095 5.476060138897548e-08
27800.000000000095 2.74420660874861e-08
27850.000000000095 3.075679318532232e-08
27900.000000000095 4.0970567077822007e-08
27950.000000000095 5.8950019117539994e-08
28000.000000000095 4.84665991979341e-08
28050.000000000095 2.0549211579607962e-08
28100.000000000095 6.592082365013428e-08
28150.000000000095 4.4286642076216405e-08
28200.000000000095 2.091476252762834e-08
28250.000000000095 6.747207899815228e-08
28300.000000000095 8.331875688942189e-08
28350.000000000095 2.465201262646467e-08
28400.000000000095 5.6483918230976936e-08
28450.000000000095 7.223364015121887e-08
28500.000000000095 5.345547737558485e-08
28550.000000000095 2.3676322281303013e-08
28600.000000000095 7.669796118784689e-08
28650.000000000095 6.534106811761547e-08
28700.000000000095 5.54336543480342e-08
28750.000000000095 7.98112589565843e-08
28800.000000000095 7.376419989008516e-08
28850.000000000095 8.486380913621773e-08
28900.000000000095 4.292434811557335e-08
28950.000000000095 1.0177511180909154e-07
29000.000000000095 7.227257880304014e-08
29050.000000000095 8.4503061767556e-08
29100.000000000095 5.598414121682134e-08
29150.000000000095 1.1868070244062885e-07
29200.000000000095 7.283364388193492e-08
29250.000000000095 1.0079037776211339e-07
29300.000000000095 6.285660442326562e-08
