galfind/configs/Brown_Dwarf_templates/sonora_cholla/logkzz2/1780g/1050K_1780g_logkzz2_resample.dat
# %ECSV 1.0
# ---
# datatype:
# - {name: wav, unit: Angstrom, datatype: float64}
# - {name: flux_nu, unit: erg / (cm2 Hz s), datatype: float64}
# schema: astropy-2.0
wav flux_nu
[from data line 776]
48800.000000000095 3.9728991648567106e-07
48850.000000000095 2.5739371865823094e-07
48900.000000000095 3.9413910568186157e-07
48950.000000000095 3.1147917113245704e-07
49000.000000000095 2.4578951484067635e-07
49050.000000000095 3.6785661955478146e-07
49100.000000000095 2.839000304019184e-07
49150.000000000095 3.8295664704602665e-07
49200.000000000095 3.222185446796058e-07
49250.000000000095 3.875683819545957e-07
49300.000000000095 3.0658417503991043e-07
49350.000000000095 2.616912441362212e-07
49400.000000000095 3.125881097368881e-07
49450.000000000095 3.3556577218984623e-07
49500.000000000095 2.863961423706232e-07
49550.000000000095 1.6042072866038153e-07
49600.000000000095 2.765516204369268e-07
49650.000000000095 2.7915803829675307e-07
49700.000000000095 2.829081181691244e-07
49750.000000000095 3.857749181931243e-07
49800.000000000095 2.688092360397278e-07
49850.000000000095 4.2739921089512454e-07
49900.000000000095 3.6539207718971196e-07
49950.000000000095 3.3196997175473397e-07
50000.000000000095 3.6941429722928017e-07
50050.000000000095 3.7956978609424615e-07
50100.000000000095 3.7954480145604447e-07
50150.000000000095 2.3511743216973125e-07
50200.000000000095 1.4578942445811513e-07
50250.000000000095 3.3786376659444347e-07
50300.000000000095 2.5907320478187804e-07
50350.000000000095 3.870949792054932e-07
50400.000000000095 3.339892836919922e-07
50450.000000000095 2.9135011273225914e-07
50500.000000000095 3.941821976584588e-07
50550.000000000095 3.5566672088944576e-07
50600.000000000095 3.0715698732206367e-07
50650.000000000095 3.4926551608739457e-07
50700.000000000095 4.695750326145493e-07
50750.000000000095 3.714622383398513e-07
50800.000000000095 2.2293014532290145e-07
50850.000000000095 2.0677077782933888e-07
50900.000000000095 4.0058708590514987e-07
50950.000000000095 3.775532300417683e-07
51000.000000000095 3.5433191445597475e-07
51050.000000000095 3.440376031545504e-07
51100.000000000095 2.0203439527029141e-07
51150.000000000095 2.6735407805721596e-07
51200.000000000095 4.5400692458162236e-07
51250.000000000095 3.286251252441406e-07
51300.000000000095 2.6231741708687327e-07
51350.000000000095 3.117844078093148e-07
51400.000000000095 2.0534423976782365e-07
51450.000000000095 1.8534951880436806e-07
51500.000000000095 1.702637193266945e-07
51550.000000000095 3.1952235228687063e-07
51600.000000000095 2.422796707440065e-07
51650.000000000095 2.8799987664993083e-07
51700.000000000095 3.092428131419088e-07
51750.000000000095 2.1130335826268924e-07
51800.000000000095 3.760424585863816e-07
51850.000000000095 3.148881114679e-07
51900.000000000095 4.2624611550592355e-07
51950.000000000095 3.238848159735169e-07
52000.000000000095 1.2560346691104867e-07
52050.000000000095 2.339241760339585e-07
52100.000000000095 2.0278235649497836e-07
52150.000000000095 1.6471601175004775e-07
52200.000000000095 1.7863210647927167e-07
52250.000000000095 2.3943378830920233e-07
52300.000000000095 3.9636436970318055e-07
52350.000000000095 2.4560118705342363e-07
52400.000000000095 2.01742681721989e-07
52450.000000000095 3.248619036168437e-07
52500.000000000095 3.004903468184785e-07
52550.000000000095 3.0530647964565167e-07
52600.000000000095 2.575187203871582e-07
52650.000000000095 2.6532622859464575e-07
52700.000000000095 2.2394561284180014e-07
52750.000000000095 1.8072511908076042e-07
52800.000000000095 1.998699916799567e-07
52850.000000000095 2.2889089852072505e-07
52900.000000000095 1.8783286721870293e-07
52950.000000000095 2.0394699630822394e-07
53000.000000000095 3.3267178103523485e-07
53050.000000000095 1.5115162925008318e-07
53100.000000000095 3.0708027608710375e-07
53150.000000000095 3.724759036884838e-07
53200.000000000095 1.7862296427014014e-07
53250.000000000095 3.2745045204040875e-07
53300.000000000095 3.5174390452013093e-07
53350.000000000095 3.388347009276309e-07
53400.000000000095 3.327381367034116e-07
53450.000000000095 1.6270881041838923e-07
53500.000000000095 1.0541247829572028e-07
53550.000000000095 1.609512354433384e-07
53600.000000000095 2.4225558759207744e-07
53650.000000000095 1.9838086433586343e-07
53700.000000000095 1.8640367179965488e-07
53750.000000000095 1.842929621124661e-07
53800.000000000095 1.8692165643026148e-07
53850.000000000095 2.5018183264269637e-07
53900.000000000095 2.4434849585505846e-07
53950.000000000095 3.1956114179612626e-07
54000.000000000095 2.2178199788963173e-07
54050.000000000095 2.2461073833966122e-07
54100.000000000095 1.1490167736738791e-07
54150.000000000095 1.6658971634870701e-07
54200.000000000095 8.765327830635081e-08
54250.000000000095 1.108287446718434e-07
54300.000000000095 1.7017131851353735e-07
54350.000000000095 2.2854067921237976e-07
54400.000000000095 2.2993950329643525e-07
54450.000000000095 2.0064375647723003e-07
54500.000000000095 1.7576615511453722e-07
54550.000000000095 1.5306340148100163e-07
54600.000000000095 1.900321778569747e-07
54650.000000000095 1.0696924006289525e-07
54700.000000000095 2.272318611993861e-07
54750.000000000095 2.0967780796361432e-07
54800.000000000095 1.4976974406464865e-07
54850.000000000095 1.7759784495551724e-07
54900.000000000095 2.3972571554542925e-07
54950.000000000095 3.047416939941238e-07
55000.000000000095 1.423819020874392e-07
55050.000000000095 2.0409162180980985e-07
55100.000000000095 1.9563088910870507e-07
55150.000000000095 1.5938876562229572e-07
55200.000000000095 1.575057843713423e-07
55250.000000000095 1.7420685935677114e-07
55300.000000000095 1.2849782650297422e-07
55350.000000000095 2.0575489134721898e-07
55400.000000000095 2.503136893618091e-07
55450.000000000095 1.7758455611303617e-07
55500.000000000095 9.984696218459715e-08
55550.000000000095 1.3675733679132434e-07
55600.000000000095 1.3620607631178063e-07
55650.000000000095 1.1598322177176243e-07
55700.000000000095 1.4542511920683213e-07
55750.000000000095 1.6069060235582708e-07
55800.000000000095 1.1846713600172813e-07
55850.000000000095 1.0798137416320438e-07
55900.000000000095 1.9286055938574646e-07
55950.000000000095 2.487947705368526e-07
56000.000000000095 1.2461568865375328e-07
56050.000000000095 1.6335468565200403e-07
56100.000000000095 1.9084911275233707e-07
56150.000000000095 1.3887926913847184e-07
56200.000000000095 1.578242984441175e-07
56250.000000000095 1.7794715462551512e-07
56300.000000000095 1.772456497347734e-07
56350.000000000095 1.7745783102870364e-07
56400.000000000095 1.1500849576393538e-07
56450.000000000095 1.0351319010685112e-07
56500.000000000095 1.4499820258465706e-07
56550.000000000095 9.191640261516362e-08
56600.000000000095 1.877873047715169e-07
56650.000000000095 1.7727531338044784e-07
56700.000000000095 1.9724729296010633e-07
56750.000000000095 1.0476450042258026e-07
56800.000000000095 1.848478030664624e-07
56850.000000000095 1.5282625608203336e-07
56900.000000000095 1.2146054878993343e-07
56950.000000000095 1.9342328903644657e-07
57000.000000000095 2.1722954527427995e-07
57050.000000000095 1.395266873616449e-07
57100.000000000095 7.511782800793844e-08
57150.000000000095 1.141407039952549e-07
57200.000000000095 9.127433813729997e-08
57250.000000000095 1.276111905879614e-07
57300.000000000095 1.649526812965183e-07
57350.000000000095 1.0113169212045523e-07
57400.000000000095 1.7311583075994186e-07
57450.000000000095 1.4802223836316177e-07
57500.000000000095 1.3796371944597062e-07
57550.000000000095 1.7689501782782714e-07
57600.000000000095 1.831096244909304e-07
57650.000000000095 7.715030750396725e-08
57700.000000000095 9.889059332531963e-08
57750.000000000095 1.2311985426050756e-07
57800.000000000095 5.5234274990095507e-08
57850.000000000095 2.2379727961000487e-07
57900.000000000095 2.582595880484047e-07
57950.000000000095 2.3463947862652695e-07
58000.000000000095 1.2683901179040461e-07
58050.000000000095 1.661340061070403e-07
58100.000000000095 1.9918378891361349e-07
58150.000000000095 1.531612517062061e-07
58200.000000000095 8.188211869199394e-08
58250.000000000095 1.0918512862071216e-07
58300.000000000095 9.005397414293875e-08
58350.000000000095 1.102801323007546e-07
58400.000000000095 1.504671277681566e-07
58450.000000000095 1.643730451898793e-07
58500.000000000095 1.5178470228537896e-07
58550.000000000095 1.724836130362226e-07
58600.000000000095 1.0150195042706304e-07
58650.000000000095 1.2372764930176394e-07
58700.000000000095 1.3315192902699934e-07
58750.000000000095 1.5121611451509766e-07
58800.000000000095 6.904829348731223e-08
58850.000000000095 1.2130232705942027e-07
58900.000000000095 1.5665737829731634e-07
58950.000000000095 9.53526742331208e-08
59000.000000000095 1.566307534772743e-07
59050.000000000095 1.7324436148592528e-07
59100.000000000095 2.022641935212071e-07
59150.000000000095 1.4803922653580336e-07
59200.000000000095 1.5308626200163278e-07
59250.000000000095 1.650660726871916e-07
59300.000000000095 1.5804451978307207e-07
59350.000000000095 7.924681409400065e-08
59400.000000000095 6.477467593406853e-08
59450.000000000095 1.4139817414575696e-07
59500.000000000095 8.812305776909935e-08
59550.000000000095 1.694019541364734e-07
59600.000000000095 1.834819816874601e-07
59650.000000000095 1.4593628358414432e-07
59700.000000000095 1.0169357978671206e-07
59750.000000000095 2.2126914076900552e-07
59800.000000000095 1.3159576438028775e-07
59850.000000000095 1.795464966970357e-07
59900.000000000095 8.948471898221523e-08
59950.000000000095 1.4912704574608725e-07
60000.000000000095 2.47223428158896e-07
60050.000000000095 2.115950596643681e-07
60100.000000000095 2.09674461056986e-07
60150.000000000095 1.4219291126944653e-07
60200.000000000095 1.7108854461483548e-07
60250.000000000095 2.1322828883332377e-07
60300.000000000095 1.9597767980361198e-07
60350.000000000095 1.3647403702754557e-07
60400.000000000095 1.7625487776607557e-07
60450.000000000095 9.089990642262758e-08
60500.000000000095 5.937859100251642e-08
60550.000000000095 1.7667254490462187e-07
60600.000000000095 1.7315196325432274e-07
60650.000000000095 1.430480526381421e-07
60700.000000000095 1.2413438312574623e-07
60750.000000000095 9.465582968344825e-08
60800.000000000095 1.74595374259827e-07
60850.000000000095 2.629195763885581e-07
60900.000000000095 2.3186552511081114e-07
60950.000000000095 2.0713128271877347e-07
61000.000000000095 1.695098366089386e-07
61050.000000000095 1.1856945352526903e-07
61100.000000000095 1.5801045237961753e-07
61150.000000000095 7.04242967000973e-08
61200.000000000095 2.0828203990915818e-07
61250.000000000095 2.3697343840467437e-07
61300.000000000095 2.0543198912309172e-07
61350.000000000095 2.6585026015952744e-07
61400.000000000095 1.7135751866780002e-07
61450.000000000095 1.0676633871588546e-07
61500.000000000095 1.257916630912802e-07
61550.000000000095 1.394463656287327e-07
61600.000000000095 9.982583869875896e-08
61650.000000000095 1.4897174203672135e-07
61700.000000000095 1.2927706357675526e-07
61750.000000000095 1.5514976059070112e-07
61800.000000000095 1.7416019431561838e-07
61850.000000000095 1.0976716653594014e-07
61900.000000000095 2.271427653708046e-07
61950.000000000095 2.1951381254085888e-07
62000.000000000095 2.1592650124338053e-07
62050.000000000095 2.0195655831458e-07
62100.000000000095 2.0426369727045208e-07
62150.000000000095 2.1387269092985507e-07
62200.000000000095 1.9061893673502528e-07
62250.000000000095 1.8935306590004346e-07
62300.000000000095 2.6601484415914604e-07
62350.000000000095 2.2102881731384163e-07
62400.000000000095 1.3104199897187447e-07
62450.000000000095 1.8194831518241854e-07
62500.000000000095 2.443708467338594e-07
62550.000000000095 2.418766962006861e-07
62600.000000000095 2.57052995678095e-07
62650.000000000095 2.0586739519999118e-07
62700.000000000095 2.1266120994245644e-07
62750.000000000095 2.683109103892878e-07
62800.000000000095 1.7452972856560173e-07
62850.000000000095 2.314544126193307e-07
62900.000000000095 1.8860258132287625e-07
62950.000000000095 2.5597930240046834e-07
63000.000000000095 2.1750992283790508e-07
63050.000000000095 2.9027436541974233e-07
63100.000000000095 2.700766487200465e-07
63150.000000000095 1.971212938321926e-07
63200.000000000095 2.426998792365588e-07
63250.000000000095 2.187102371733954e-07
63300.000000000095 2.4822239389115614e-07
63350.000000000095 2.3132935864810442e-07
63400.000000000095 1.4144297457224084e-07
63450.000000000095 1.103037624111958e-07
63500.000000000095 2.0989346490443727e-07
63550.000000000095 2.1140223947945445e-07
63600.000000000095 2.3645135110435624e-07
63650.000000000095 1.7515193654727353e-07
63700.000000000095 1.2027403704899923e-07
63750.000000000095 1.6653731112167056e-07
63800.000000000095 2.0584892146050684e-07
63850.000000000095 1.92388588760816e-07
63900.000000000095 1.3321114994781414e-07
63950.000000000095 1.9231164965264633e-07
64000.000000000095 2.1704803075026423e-07
64050.000000000095 1.5655993070472536e-07
64100.000000000095 6.197091725076373e-08
64150.000000000095 8.641072951432636e-08
64200.000000000095 9.696154698020513e-08
64250.000000000095 1.5625284132320892e-07
64300.000000000095 1.2398348240121342e-07
64350.000000000095 1.0447102998137438e-07
64400.000000000095 1.7371491647925842e-07
64450.000000000095 1.804570614332567e-07
64500.000000000095 1.0220985903264283e-07
64550.000000000095 1.554059524692988e-07
64600.000000000095 9.572192672135126e-08
64650.000000000095 1.5340359081561322e-07
64700.000000000095 8.298044606273775e-08
64750.000000000095 1.0238210133261322e-07
64800.000000000095 9.81383726199871e-08
64850.000000000095 8.77086722535968e-08
64900.000000000095 9.836386102566303e-08
64950.000000000095 9.263546855959519e-08
65000.000000000095 1.1404030837794363e-07
65050.000000000095 1.1730226126104279e-07
65100.000000000095 1.500114216775119e-07
65150.000000000095 1.0365696363312174e-07
65200.000000000095 8.833988668847032e-08
65250.000000000095 1.396197761756648e-07
65300.000000000095 1.233188854147486e-07
65350.000000000095 2.1456484556261634e-07
65400.000000000095 1.150592156307198e-07
65450.000000000095 1.1890834676087072e-07
65500.000000000095 1.383394284614126e-07
65550.00000000009 9.281311529242055e-08
65600.00000000009 1.203942639255168e-07
65650.00000000009 1.2116337219582283e-07
65700.00000000009 1.1170452861030955e-07
65750.00000000009 8.983451579234491e-08
65800.00000000009 1.2933099144267512e-07
65850.00000000009 1.546612126743263e-07
65900.00000000009 8.819482226720542e-08
65950.00000000009 7.98078217072464e-08
66000.00000000009 1.104769060007157e-07
66050.00000000009 1.9186765410025622e-07
66100.00000000009 1.2115788834109813e-07
66150.00000000009 9.602387115357796e-08
66200.00000000009 9.36336275901708e-08
66250.00000000009 8.844114971765453e-08
66300.00000000009 4.785554841536532e-08
66350.00000000009 6.539556818616952e-08
66400.00000000009 8.850026775987811e-08
66450.00000000009 1.446063405418287e-07
66500.00000000009 1.9349657635590254e-07
66550.00000000009 1.771852088175557e-07
66600.00000000009 1.3903430021052496e-07
66650.00000000009 1.2824877623686515e-07
66700.00000000009 1.168143730888107e-07
66750.00000000009 1.096899237204604e-07
66800.00000000009 1.3781509649475006e-07
66850.00000000009 9.529525485316138e-08
66900.00000000009 1.567271980787495e-07
66950.00000000009 1.9375588221458828e-07
67000.00000000009 1.9403637189917095e-07
67050.00000000009 1.2809285874763582e-07
67100.00000000009 1.0738871212371108e-07
67150.00000000009 1.1039600195178072e-07
67200.00000000009 1.3039073173561505e-07
67250.00000000009 1.2849369712052265e-07
67300.00000000009 1.4651216392563985e-07
67350.00000000009 9.947682058644242e-08
67400.00000000009 1.8261559826565235e-07
67450.00000000009 1.3865551555823675e-07
67500.00000000009 1.289069910403381e-07
67550.00000000009 1.5582888625284425e-07
67600.00000000009 2.461375735520447e-07
67650.00000000009 1.8358946608621296e-07
67700.00000000009 1.4434510340821052e-07
67750.00000000009 1.2470018793490892e-07
67800.00000000009 1.6027335707538653e-07
67850.00000000009 1.0212757717491361e-07
67900.00000000009 1.2580437076605522e-07
67950.00000000009 9.360765262302383e-08
68000.00000000009 1.2875584782707798e-07
