galfind/configs/Brown_Dwarf_templates/sonora_cholla/logkzz2/1780g/1100K_1780g_logkzz2_resample.dat
# %ECSV 1.0
# ---
# datatype:
# - {name: wav, unit: Angstrom, datatype: float64}
# - {name: flux_nu, unit: erg / (cm2 Hz s), datatype: float64}
# schema: astropy-2.0
wav flux_nu
[from data line 388]
29400.000000000095 1.218200010242433e-07
29450.000000000095 1.260773605867909e-07
29500.000000000095 1.4300919522405125e-07
29550.000000000095 1.2499940899651236e-07
29600.000000000095 1.634609484303134e-07
29650.000000000095 1.3758838830236885e-07
29700.000000000095 1.2234208604875182e-07
29750.000000000095 1.608424816836808e-07
29800.000000000095 1.706696203908603e-07
29850.000000000095 1.7907076396652544e-07
29900.000000000095 1.8258906962712438e-07
29950.000000000095 1.6767561761920452e-07
30000.000000000095 1.4318778047566495e-07
30050.000000000095 1.2349202636796005e-07
30100.000000000095 1.5155597755842016e-07
30150.000000000095 2.052487330135441e-07
30200.000000000095 1.5115655438609853e-07
30250.000000000095 2.1236792648511658e-07
30300.000000000095 1.835541997014831e-07
30350.000000000095 1.709342380596864e-07
30400.000000000095 1.9471904854151412e-07
30450.000000000095 1.5030587410209372e-07
30500.000000000095 1.4996528589139723e-07
30550.000000000095 1.524856424554194e-07
30600.000000000095 1.7699226900700186e-07
30650.000000000095 1.5357325948796132e-07
30700.000000000095 1.3763607897534877e-07
30750.000000000095 1.2876803751622e-07
30800.000000000095 1.2550471496838575e-07
30850.000000000095 1.1624813182879512e-07
30900.000000000095 1.1939324696826328e-07
30950.000000000095 8.371181981587514e-08
31000.000000000095 9.577800261495502e-08
31050.000000000095 1.0740976159915087e-07
31100.000000000095 7.504917190905462e-08
31150.000000000095 8.644701277751997e-08
31200.000000000095 9.589645043312085e-08
31250.000000000095 7.397770366592719e-08
31300.000000000095 7.182968411866097e-08
31350.000000000095 7.029146917415734e-08
31400.000000000095 5.1306736908313934e-08
31450.000000000095 6.897222091399857e-08
31500.000000000095 5.14394578815736e-08
31550.000000000095 6.040954966105763e-08
31600.000000000095 4.5596692636226937e-08
31650.000000000095 4.4531173041868186e-08
31700.000000000095 5.267491613783041e-08
31750.000000000095 3.676689551854139e-08
31800.000000000095 4.732575535605379e-08
31850.000000000095 3.818501672484706e-08
31900.000000000095 4.3078551132319137e-08
31950.000000000095 3.862282147174776e-08
32000.000000000095 4.050533462979031e-08
32050.000000000095 3.461048558416082e-08
32100.000000000095 3.1948706312196084e-08
32150.000000000095 4.164627348206555e-08
32200.000000000095 2.9935781739269184e-08
32250.000000000095 4.6361458486169934e-08
32300.000000000095 2.7763988480177587e-08
32350.000000000095 5.393684723140004e-08
32400.000000000095 3.562613608910525e-08
32450.000000000095 5.134577182283604e-08
32500.000000000095 3.954839938270838e-08
32550.000000000095 4.7524888315321575e-08
32600.000000000095 5.2476179020683354e-08
32650.000000000095 6.251537174748654e-08
32700.000000000095 5.5825819049833514e-08
32750.000000000095 7.259334560260403e-08
32800.000000000095 6.4353128642262e-08
32850.000000000095 8.016684214419709e-08
32900.000000000095 8.491772824040523e-08
32950.000000000095 8.977898596025953e-08
33000.000000000095 7.716403047524015e-08
33050.000000000095 7.498541057667604e-08
33100.000000000095 4.281763892317413e-08
33150.000000000095 9.790270260226974e-09
33200.000000000095 1.164109793222549e-08
33250.000000000095 7.783049964813378e-09
33300.000000000095 9.098622592144193e-09
33350.000000000095 1.6789387541955337e-08
33400.000000000095 2.448675395092805e-08
33450.000000000095 3.0384802667362734e-08
33500.000000000095 4.349658276427188e-08
33550.000000000095 3.9655292273597386e-08
33600.000000000095 5.964087331813348e-08
33650.000000000095 6.052909879266816e-08
33700.000000000095 5.1848352353685736e-08
33750.000000000095 7.318629439519308e-08
33800.000000000095 4.563992231956978e-08
33850.000000000095 6.409964149303859e-08
33900.000000000095 5.755284929290753e-08
33950.000000000095 6.403201380872467e-08
34000.000000000095 6.945001081143075e-08
34050.000000000095 3.43833972188587e-08
34100.000000000095 6.615736964706306e-08
34150.000000000095 4.5800974602105396e-08
34200.000000000095 5.900618609693218e-08
34250.000000000095 5.3027117863126543e-08
34300.000000000095 4.354689544218711e-08
34350.000000000095 6.296817024837336e-08
34400.000000000095 4.599017657290575e-08
34450.000000000095 6.707050259805154e-08
34500.000000000095 5.718975428815609e-08
34550.000000000095 4.1261437872746503e-08
34600.000000000095 7.112007193685683e-08
34650.000000000095 4.253252092982285e-08
34700.000000000095 5.21653023295685e-08
34750.000000000095 5.500416369779074e-08
34800.000000000095 3.500872513766997e-08
34850.000000000095 6.065116967571817e-08
34900.000000000095 6.296144547723914e-08
34950.000000000095 5.773619693512621e-08
35000.000000000095 7.75080310695958e-08
35050.000000000095 5.6249560567775975e-08
35100.000000000095 7.889401000188331e-08
35150.000000000095 7.072766214895732e-08
35200.000000000095 8.604291050368649e-08
35250.000000000095 1.0165754103812473e-07
35300.000000000095 6.170718792083428e-08
35350.000000000095 8.886566812936333e-08
35400.000000000095 8.864916587061951e-08
35450.000000000095 7.657766954710236e-08
35500.000000000095 1.1719752641179284e-07
35550.000000000095 1.0027258109000636e-07
35600.000000000095 1.0766756002627213e-07
35650.000000000095 1.1538283643624876e-07
35700.000000000095 7.96300445656872e-08
35750.000000000095 1.2708052089466093e-07
35800.000000000095 1.2112361107006922e-07
35850.000000000095 9.182654097365947e-08
35900.000000000095 1.3292176656607043e-07
35950.000000000095 1.2937190774211586e-07
36000.000000000095 1.0990957823723852e-07
36050.000000000095 1.3748951148828185e-07
36100.000000000095 1.231621808408823e-07
36150.000000000095 1.4730920542936647e-07
36200.000000000095 1.5127283073570463e-07
36250.000000000095 1.5096179760363983e-07
36300.000000000095 1.6881515021496178e-07
36350.000000000095 1.6773102893888007e-07
36400.000000000095 1.9775912488047303e-07
36450.000000000095 1.8976983493282316e-07
36500.000000000095 1.8852586528925677e-07
36550.000000000095 2.1731467386876637e-07
36600.000000000095 2.4236734388335427e-07
36650.000000000095 2.3056912682530558e-07
36700.000000000095 2.4018418255030984e-07
36750.000000000095 2.6062115800753037e-07
36800.000000000095 2.557908778708561e-07
36850.000000000095 2.408100286677029e-07
36900.000000000095 2.454724522320157e-07
36950.000000000095 2.795428693409725e-07
37000.000000000095 2.6022285744134887e-07
37050.000000000095 2.8725553645361727e-07
37100.000000000095 2.851536707088305e-07
37150.000000000095 3.0100813073665583e-07
37200.000000000095 3.189021006749756e-07
37250.000000000095 2.7944519934093603e-07
37300.000000000095 2.814059328567685e-07
37350.000000000095 3.2469706458533135e-07
37400.000000000095 3.675746954712689e-07
37450.000000000095 3.2711667525377286e-07
37500.000000000095 3.02526718702852e-07
37550.000000000095 3.9351571531284173e-07
37600.000000000095 4.1883731649802844e-07
37650.000000000095 3.3066119354210417e-07
37700.000000000095 3.897651326570198e-07
37750.000000000095 3.15967014527963e-07
37800.000000000095 3.70452807116406e-07
37850.000000000095 3.011609970072096e-07
37900.000000000095 3.569056916608076e-07
37950.000000000095 3.931885694634181e-07
38000.000000000095 4.375405539812786e-07
38050.000000000095 3.956655410942809e-07
38100.000000000095 4.348913619759097e-07
38150.000000000095 4.3092786520616215e-07
38200.000000000095 4.52754553660274e-07
38250.000000000095 4.4150896966459566e-07
38300.000000000095 5.172358496011949e-07
38350.000000000095 5.179566636967905e-07
38400.000000000095 4.023535055721682e-07
38450.000000000095 4.518357479006906e-07
38500.000000000095 3.9901307810340935e-07
38550.000000000095 4.620687923802047e-07
38600.000000000095 4.6615511585027073e-07
38650.000000000095 5.278336405586079e-07
38700.000000000095 5.365925443308321e-07
38750.000000000095 5.265637281025437e-07
38800.000000000095 4.7657428327789733e-07
38850.000000000095 5.574853704104088e-07
38900.000000000095 5.672358171087148e-07
38950.000000000095 5.217609752870374e-07
39000.000000000095 5.905499179642866e-07
39050.000000000095 5.418939925220014e-07
39100.000000000095 5.395135831297128e-07
39150.000000000095 5.677516251964094e-07
39200.000000000095 5.447024164998111e-07
39250.000000000095 6.090780570678421e-07
39300.000000000095 5.932963360410836e-07
39350.000000000095 6.580468901393615e-07
39400.000000000095 6.357618178039361e-07
39450.000000000095 6.432699360845705e-07
39500.000000000095 6.151557212272748e-07
39550.000000000095 6.192780999055901e-07
39600.000000000095 6.289057615364802e-07
39650.000000000095 7.059581483549356e-07
39700.000000000095 6.498911072435442e-07
39750.000000000095 5.737940978919194e-07
39800.000000000095 6.413654129145709e-07
39850.000000000095 7.082600206486477e-07
39900.000000000095 7.048202185145782e-07
39950.000000000095 6.805307851959245e-07
40000.000000000095 7.232012359449234e-07
40050.000000000095 7.172105563136858e-07
40100.000000000095 6.282207252343532e-07
40150.000000000095 7.56265586335138e-07
40200.000000000095 7.532225276804414e-07
40250.000000000095 7.167956698900968e-07
40300.000000000095 7.49255972680763e-07
40350.000000000095 6.704072068795363e-07
40400.000000000095 7.569207782380104e-07
40450.000000000095 7.146786422549504e-07
40500.000000000095 7.242035557762696e-07
40550.000000000095 7.687366143353123e-07
40600.000000000095 7.256312393041575e-07
40650.000000000095 7.579397987233266e-07
40700.000000000095 8.723729851053114e-07
40750.000000000095 7.526768602530829e-07
40800.000000000095 6.775100192129719e-07
40850.000000000095 8.085091670257447e-07
40900.000000000095 7.953010378585832e-07
40950.000000000095 7.336578744355684e-07
41000.000000000095 7.610594346358629e-07
41050.000000000095 8.129407416260939e-07
41100.000000000095 7.108969278775603e-07
41150.000000000095 6.796383857874322e-07
41200.000000000095 8.169719655214625e-07
41250.000000000095 7.83755239909683e-07
41300.000000000095 6.688290165763076e-07
41350.000000000095 8.318916032418126e-07
41400.000000000095 7.646469078776254e-07
41450.000000000095 8.027762085992784e-07
41500.000000000095 7.290101501778492e-07
41550.000000000095 6.86198158972733e-07
41600.000000000095 7.558594371229939e-07
41650.000000000095 7.642182911121599e-07
41700.000000000095 7.003298500903697e-07
41750.000000000095 6.886876458277878e-07
41800.000000000095 8.455472172613674e-07
41850.000000000095 5.595023034105368e-07
41900.000000000095 6.662367808150502e-07
41950.000000000095 7.564038396122517e-07
42000.000000000095 7.735516276736618e-07
42050.000000000095 6.672584456579066e-07
42100.000000000095 8.09179854592126e-07
42150.000000000095 5.990916550683485e-07
42200.000000000095 6.42034823157275e-07
42250.000000000095 6.683493303412768e-07
42300.000000000095 6.636133253066945e-07
42350.000000000095 7.10337562922854e-07
42400.000000000095 7.082340347336579e-07
42450.000000000095 6.209121434158979e-07
42500.000000000095 6.086722887370884e-07
42550.000000000095 5.901282690224408e-07
42600.000000000095 6.73293645219871e-07
42650.000000000095 8.01929975664231e-07
42700.000000000095 6.186045033039442e-07
42750.000000000095 5.713924580538273e-07
42800.000000000095 5.975130912470662e-07
42850.000000000095 6.667772985933981e-07
42900.000000000095 7.096277116466814e-07
42950.000000000095 5.478266382902005e-07
43000.000000000095 6.958975847843122e-07
43050.000000000095 4.2986296697083674e-07
43100.000000000095 5.941916274066591e-07
43150.000000000095 6.075297052247325e-07
43200.000000000095 6.161763638559964e-07
43250.000000000095 7.407983631850517e-07
43300.000000000095 7.451483679499393e-07
43350.000000000095 5.024892047515376e-07
43400.000000000095 6.347546090762673e-07
43450.000000000095 5.121751789145228e-07
43500.000000000095 5.548087408390841e-07
43550.000000000095 5.411268933740967e-07
43600.000000000095 6.457744543426714e-07
43650.000000000095 4.349494867184682e-07
43700.000000000095 6.847390962159611e-07
43750.000000000095 6.655820111919735e-07
43800.000000000095 5.49303704868496e-07
43850.000000000095 5.499605864657966e-07
43900.000000000095 5.23179284826624e-07
43950.000000000095 4.6534064349319903e-07
44000.000000000095 3.3406434181272095e-07
44050.000000000095 5.083038943783141e-07
44100.000000000095 5.680577593921713e-07
44150.000000000095 5.628804286280273e-07
44200.000000000095 4.876336035469867e-07
44250.000000000095 4.1093126453534215e-07
44300.000000000095 3.8640689470469895e-07
44350.000000000095 3.6164293736350214e-07
44400.000000000095 3.769106859077299e-07
44450.000000000095 4.1002407132537295e-07
44500.000000000095 3.4536006287036275e-07
44550.000000000095 4.031006895125331e-07
44600.000000000095 3.3042128350206683e-07
44650.000000000095 3.8336265096744185e-07
44700.000000000095 3.416187167985184e-07
44750.000000000095 3.672423637202291e-07
44800.000000000095 3.343392968910786e-07
44850.000000000095 3.46942307938383e-07
44900.000000000095 2.8006622869066407e-07
44950.000000000095 2.8120402130155795e-07
45000.000000000095 3.0582572240956857e-07
45050.000000000095 3.131390427926726e-07
45100.000000000095 3.029031506027707e-07
45150.000000000095 2.775839919021482e-07
45200.000000000095 2.126172501201625e-07
45250.000000000095 2.3821176647246017e-07
45300.000000000095 2.7334958734103355e-07
45350.000000000095 2.7242107834970443e-07
45400.000000000095 2.3777673268126254e-07
45450.000000000095 2.34367938181217e-07
45500.000000000095 2.452956960450112e-07
45550.000000000095 2.819276325617876e-07
45600.000000000095 2.385795353344938e-07
45650.000000000095 2.236764726273403e-07
45700.000000000095 2.656612288979995e-07
45750.000000000095 2.3281512491132236e-07
45800.000000000095 2.1801046864466006e-07
45850.000000000095 3.1393707707332606e-07
45900.000000000095 3.095951096002175e-07
45950.000000000095 2.2463838777152682e-07
46000.000000000095 3.005354050173778e-07
46050.000000000095 3.049638814748955e-07
46100.000000000095 2.299222821501509e-07
46150.000000000095 2.753449453263277e-07
46200.000000000095 2.691513038124648e-07
46250.000000000095 1.782841357104273e-07
46300.000000000095 3.2801018959720517e-07
46350.000000000095 2.433160074679741e-07
46400.000000000095 2.8959641145092085e-07
46450.000000000095 3.4612345438195327e-07
46500.000000000095 2.7179670949631336e-07
46550.000000000095 3.140354647348609e-07
46600.000000000095 3.1139006882794667e-07
46650.000000000095 5.014205907209198e-07
46700.000000000095 3.704791483342157e-07
46750.000000000095 2.8691311715703927e-07
46800.000000000095 2.3547670790440985e-07
46850.000000000095 3.7787265820047035e-07
46900.000000000095 3.2918637938496535e-07
46950.000000000095 4.178070057280288e-07
47000.000000000095 2.6558294110437553e-07
47050.000000000095 4.139991555862994e-07
47100.000000000095 2.1665573125297868e-07
47150.000000000095 2.9749842699769493e-07
47200.000000000095 3.5290332856853327e-07
47250.000000000095 2.530573717386081e-07
47300.000000000095 2.6545286866758e-07
47350.000000000095 2.4412451514207184e-07
47400.000000000095 3.8870803812425054e-07
47450.000000000095 2.488867571487846e-07
47500.000000000095 4.0352988332056064e-07
47550.000000000095 2.5321799971902783e-07
47600.000000000095 3.690674946664096e-07
47650.000000000095 2.367488721655572e-07
47700.000000000095 3.497957840081806e-07
47750.000000000095 2.0014550114469442e-07
47800.000000000095 2.978003428774058e-07
47850.000000000095 1.74032087117453e-07
47900.000000000095 2.767372131563878e-07
47950.000000000095 2.509813078826575e-07
48000.000000000095 4.08525545572064e-07
48050.000000000095 2.779335562559828e-07
48100.000000000095 3.1016061132150873e-07
48150.000000000095 2.496780522309382e-07
48200.000000000095 3.425687270999379e-07
48250.000000000095 2.5921448848500257e-07
48300.000000000095 4.4481497026038963e-07
48350.000000000095 2.4150069404306354e-07
48400.000000000095 2.603388886488183e-07
48450.000000000095 2.3835749509908035e-07
48500.000000000095 4.1220594988042005e-07
48550.000000000095 2.308378253654035e-07
48600.000000000095 3.693685252942646e-07
48650.000000000095 2.4567239038904646e-07
48700.000000000095 4.018913604150381e-07
