galfind/configs/Brown_Dwarf_templates/sonora_cholla/logkzz2/1780g/1100K_1780g_logkzz2_resample.dat
# %ECSV 1.0
# ---
# datatype:
# - {name: wav, unit: Angstrom, datatype: float64}
# - {name: flux_nu, unit: erg / (cm2 Hz s), datatype: float64}
# schema: astropy-2.0
wav flux_nu
[from data line 776]
48800.000000000095 4.0152541139481037e-07
48850.000000000095 2.629050945320644e-07
48900.000000000095 3.99766863686097e-07
48950.000000000095 3.273710560922897e-07
49000.000000000095 2.728565931698629e-07
49050.000000000095 3.7571154217200185e-07
49100.000000000095 2.8379403949288436e-07
49150.000000000095 3.9852695509589956e-07
49200.000000000095 3.143521627208359e-07
49250.000000000095 3.941546739616524e-07
49300.000000000095 3.1036747074536647e-07
49350.000000000095 2.9080918745773413e-07
49400.000000000095 3.4181670313066344e-07
49450.000000000095 3.4934260799194775e-07
49500.000000000095 3.059121431080316e-07
49550.000000000095 1.8515385836528122e-07
49600.000000000095 3.059596069527128e-07
49650.000000000095 2.996880998399126e-07
49700.000000000095 2.8945348578570557e-07
49750.000000000095 4.1627400067503027e-07
49800.000000000095 2.8327466856322907e-07
49850.000000000095 4.4953047219106215e-07
49900.000000000095 3.7825214505125406e-07
49950.000000000095 3.5523010023268903e-07
50000.000000000095 4.005734595290468e-07
50050.000000000095 3.950579098165817e-07
50100.000000000095 4.230937485994027e-07
50150.000000000095 2.633746575862916e-07
50200.000000000095 1.7807531783920686e-07
50250.000000000095 3.8034066494485594e-07
50300.000000000095 2.904711399000391e-07
50350.000000000095 4.1658827699747166e-07
50400.000000000095 3.5048600337566437e-07
50450.000000000095 3.207164585845403e-07
50500.000000000095 4.289555288772512e-07
50550.000000000095 3.6894358969774034e-07
50600.000000000095 3.447044445243762e-07
50650.000000000095 3.6610418696451416e-07
50700.000000000095 5.076503151840407e-07
50750.000000000095 4.208919411128462e-07
50800.000000000095 2.530058385122949e-07
50850.000000000095 2.4965192839163995e-07
50900.000000000095 4.394390484775956e-07
50950.000000000095 4.2192791171787743e-07
51000.000000000095 4.051621796102246e-07
51050.000000000095 3.772496556876073e-07
51100.000000000095 2.375189851289336e-07
51150.000000000095 3.0864263366687503e-07
51200.000000000095 4.796489417664426e-07
51250.000000000095 3.72805815887929e-07
51300.000000000095 2.902534121878535e-07
51350.000000000095 3.485515719296486e-07
51400.000000000095 2.4417928280554405e-07
51450.000000000095 2.2126170475862354e-07
51500.000000000095 2.058119131644089e-07
51550.000000000095 3.697671324705468e-07
51600.000000000095 2.737847030231763e-07
51650.000000000095 3.2950000576511014e-07
51700.000000000095 3.5297864225994353e-07
51750.000000000095 2.4563513624584947e-07
51800.000000000095 4.2742953123097567e-07
51850.000000000095 3.579485263803755e-07
51900.000000000095 4.745210254664954e-07
51950.000000000095 3.721187662428988e-07
52000.000000000095 1.565392502870719e-07
52050.000000000095 2.742864702610646e-07
52100.000000000095 2.4301190958248655e-07
52150.000000000095 2.0133298353093813e-07
52200.000000000095 2.120110939443029e-07
52250.000000000095 2.7398599365341107e-07
52300.000000000095 4.4756060374105736e-07
52350.000000000095 2.946012825629468e-07
52400.000000000095 2.3797185392913016e-07
52450.000000000095 3.666210158125863e-07
52500.000000000095 3.397134014850278e-07
52550.000000000095 3.501784504584815e-07
52600.000000000095 2.9705523655440145e-07
52650.000000000095 3.09245459817412e-07
52700.000000000095 2.612608009610032e-07
52750.000000000095 2.172194226029799e-07
52800.000000000095 2.356126124031048e-07
52850.000000000095 2.679803811961891e-07
52900.000000000095 2.2548458667265916e-07
52950.000000000095 2.3840098451222196e-07
53000.000000000095 3.845533968856446e-07
53050.000000000095 1.8263250752364546e-07
53100.000000000095 3.496896335451199e-07
53150.000000000095 4.245799962281305e-07
53200.000000000095 2.0975681087632447e-07
53250.000000000095 3.7420054610862406e-07
53300.000000000095 3.992802337573962e-07
53350.000000000095 3.835449426151487e-07
53400.000000000095 3.8551121948374866e-07
53450.000000000095 1.984546513125029e-07
53500.000000000095 1.342240057040707e-07
53550.000000000095 2.0011449473181543e-07
53600.000000000095 2.838049148219249e-07
53650.000000000095 2.3322857760130835e-07
53700.000000000095 2.208487977372899e-07
53750.000000000095 2.2045100393027564e-07
53800.000000000095 2.2234705869038992e-07
53850.000000000095 2.9391685695996494e-07
53900.000000000095 2.7785758796176203e-07
53950.000000000095 3.669260177903196e-07
54000.000000000095 2.5934630046782776e-07
54050.000000000095 2.603941157027796e-07
54100.000000000095 1.4197836626421259e-07
54150.000000000095 2.017809523213845e-07
54200.000000000095 1.1195873872715642e-07
54250.000000000095 1.3647319360238407e-07
54300.000000000095 2.0218355616297863e-07
54350.000000000095 2.6891084578879296e-07
54400.000000000095 2.7308479841809334e-07
54450.000000000095 2.384361212116163e-07
54500.000000000095 2.0846422933487124e-07
54550.000000000095 1.821359198594854e-07
54600.000000000095 2.2726028646930648e-07
54650.000000000095 1.3824375693748563e-07
54700.000000000095 2.7001514559907723e-07
54750.000000000095 2.5137246308180755e-07
54800.000000000095 1.840069189213604e-07
54850.000000000095 2.1396183320219465e-07
54900.000000000095 2.833681596554688e-07
54950.000000000095 3.549157321612019e-07
55000.000000000095 1.744635621213429e-07
55050.000000000095 2.42727791950672e-07
55100.000000000095 2.2866249185750912e-07
55150.000000000095 1.9314361587569705e-07
55200.000000000095 1.9202703188212834e-07
55250.000000000095 2.0775695273820807e-07
55300.000000000095 1.5721489846801863e-07
55350.000000000095 2.412441643257743e-07
55400.000000000095 2.949993183086803e-07
55450.000000000095 2.1556029816470024e-07
55500.000000000095 1.250654554429024e-07
55550.000000000095 1.70674141277496e-07
55600.000000000095 1.6687944463111553e-07
55650.000000000095 1.3967269432489816e-07
55700.000000000095 1.774821005398032e-07
55750.000000000095 1.9735013871863093e-07
55800.000000000095 1.512041247086595e-07
55850.000000000095 1.3435599868438434e-07
55900.000000000095 2.3146507905960974e-07
55950.000000000095 2.9583595303510175e-07
56000.000000000095 1.5207493087749916e-07
56050.000000000095 2.0106109930004341e-07
56100.000000000095 2.3011209056528964e-07
56150.000000000095 1.7090451060168218e-07
56200.000000000095 1.9225692260602656e-07
56250.000000000095 2.0803512674430117e-07
56300.000000000095 2.141894774486645e-07
56350.000000000095 2.2047275099794244e-07
56400.000000000095 1.4783755572966084e-07
56450.000000000095 1.330039793950164e-07
56500.000000000095 1.7512728926708653e-07
56550.000000000095 1.1658165669812405e-07
56600.000000000095 2.2418233298190863e-07
56650.000000000095 2.088200005404023e-07
56700.000000000095 2.3789745992696223e-07
56750.000000000095 1.324640210013608e-07
56800.000000000095 2.2663394800369882e-07
56850.000000000095 1.8348785524736974e-07
56900.000000000095 1.5136444156001217e-07
56950.000000000095 2.3426846053500718e-07
57000.000000000095 2.5956751843241623e-07
57050.000000000095 1.7296291193987608e-07
57100.000000000095 9.704960650508273e-08
57150.000000000095 1.4292877845197007e-07
57200.000000000095 1.1469737503025236e-07
57250.000000000095 1.6007301072272627e-07
57300.000000000095 2.0214950950450737e-07
57350.000000000095 1.2650041248556017e-07
57400.000000000095 2.072645002765781e-07
57450.000000000095 1.8416062414942333e-07
57500.000000000095 1.7323193576536703e-07
57550.000000000095 2.165952756261104e-07
57600.000000000095 2.268412901276613e-07
57650.000000000095 1.0054735191243879e-07
57700.000000000095 1.2534994137592446e-07
57750.000000000095 1.5505344251461656e-07
57800.000000000095 7.012191157048433e-08
57850.000000000095 2.634021799722324e-07
57900.000000000095 3.039068281819151e-07
57950.000000000095 2.729201711591067e-07
58000.000000000095 1.5595724022538697e-07
58050.000000000095 1.9986443016334567e-07
58100.000000000095 2.4165192694853703e-07
58150.000000000095 1.8898340704690197e-07
58200.000000000095 1.0645728936189168e-07
58250.000000000095 1.4069713715234372e-07
58300.000000000095 1.1357537003000097e-07
58350.000000000095 1.386238833796584e-07
58400.000000000095 1.8210055691757398e-07
58450.000000000095 1.9680684124163076e-07
58500.000000000095 1.8091471126519504e-07
58550.000000000095 2.0806840613443498e-07
58600.000000000095 1.2738971218419845e-07
58650.000000000095 1.5462974909260486e-07
58700.000000000095 1.617264007637123e-07
58750.000000000095 1.8472139750697274e-07
58800.000000000095 9.213660652470044e-08
58850.000000000095 1.522051245920832e-07
58900.000000000095 1.934228895685685e-07
58950.000000000095 1.2206773492108458e-07
59000.000000000095 1.9183113448150573e-07
59050.000000000095 2.0856876196588557e-07
59100.000000000095 2.4460241722379165e-07
59150.000000000095 1.8087675520745104e-07
59200.000000000095 1.8647183444647934e-07
59250.000000000095 2.0107166250510966e-07
59300.000000000095 1.9448502718949025e-07
59350.000000000095 1.040632179552795e-07
59400.000000000095 8.392833381765038e-08
59450.000000000095 1.7150601424247636e-07
59500.000000000095 1.104219396594065e-07
59550.000000000095 2.069838086159074e-07
59600.000000000095 2.191180933615407e-07
59650.000000000095 1.8272268689763672e-07
59700.000000000095 1.271288094935013e-07
59750.000000000095 2.6427176407063383e-07
59800.000000000095 1.643572827695425e-07
59850.000000000095 2.1881574060002112e-07
59900.000000000095 1.1422636502541462e-07
59950.000000000095 1.8331879185694676e-07
60000.000000000095 2.9432824693071007e-07
60050.000000000095 2.50990914069202e-07
60100.000000000095 2.525488892046125e-07
60150.000000000095 1.770410913129254e-07
60200.000000000095 2.062140264394532e-07
60250.000000000095 2.496959412621599e-07
60300.000000000095 2.3116666118972157e-07
60350.000000000095 1.6578720125784494e-07
60400.000000000095 2.1404366027163586e-07
60450.000000000095 1.1714374232654737e-07
60500.000000000095 7.962717872077897e-08
60550.000000000095 2.159094190778578e-07
60600.000000000095 2.0856459915239408e-07
60650.000000000095 1.7810591662873613e-07
60700.000000000095 1.5639501323649982e-07
60750.000000000095 1.2420720818387342e-07
60800.000000000095 2.106514386512951e-07
60850.000000000095 3.0942009041425156e-07
60900.000000000095 2.725058753601029e-07
60950.000000000095 2.488707162136285e-07
61000.000000000095 2.0321656292399022e-07
61050.000000000095 1.483519577797613e-07
61100.000000000095 1.979453942928792e-07
61150.000000000095 8.884991932843994e-08
61200.000000000095 2.5438824145369654e-07
61250.000000000095 2.8985964251998527e-07
61300.000000000095 2.513171026108011e-07
61350.000000000095 3.1554979812395427e-07
61400.000000000095 2.150135590768625e-07
61450.000000000095 1.411880385147256e-07
61500.000000000095 1.6035225772644487e-07
61550.000000000095 1.6992603956482295e-07
61600.000000000095 1.246988817375213e-07
61650.000000000095 1.8473738292990358e-07
61700.000000000095 1.575092037725565e-07
61750.000000000095 1.899923931528739e-07
61800.000000000095 2.139342602128921e-07
61850.000000000095 1.4115484207825762e-07
61900.000000000095 2.7149240284386783e-07
61950.000000000095 2.587485509111989e-07
62000.000000000095 2.546778417155397e-07
62050.000000000095 2.3832489876331336e-07
62100.000000000095 2.492533309401591e-07
62150.000000000095 2.5257412837792263e-07
62200.000000000095 2.2576311378603466e-07
62250.000000000095 2.3176111298021235e-07
62300.000000000095 3.0975933973064657e-07
62350.000000000095 2.5846312967621104e-07
62400.000000000095 1.584135335668171e-07
62450.000000000095 2.201602187201269e-07
62500.000000000095 2.883310031357894e-07
62550.000000000095 2.789081902918381e-07
62600.000000000095 3.0051868180502877e-07
62650.000000000095 2.432008144476815e-07
62700.000000000095 2.541714810225914e-07
62750.000000000095 3.168296957071489e-07
62800.000000000095 2.1167853318804325e-07
62850.000000000095 2.7707702254623804e-07
62900.000000000095 2.260000845498085e-07
62950.000000000095 2.942782219398327e-07
63000.000000000095 2.578423560123364e-07
63050.000000000095 3.3446902948237714e-07
63100.000000000095 3.108445510474931e-07
63150.000000000095 2.2876450664974397e-07
63200.000000000095 2.8537882111225637e-07
63250.000000000095 2.559752463746917e-07
63300.000000000095 2.9692627144695904e-07
63350.000000000095 2.7182324233624817e-07
63400.000000000095 1.7386129478568413e-07
63450.000000000095 1.399688364463989e-07
63500.000000000095 2.5030843526537326e-07
63550.000000000095 2.4661496620493255e-07
63600.000000000095 2.818656395117137e-07
63650.000000000095 2.0966631996844846e-07
63700.000000000095 1.5195289101598323e-07
63750.000000000095 2.0371790160608234e-07
63800.000000000095 2.37182249277101e-07
63850.000000000095 2.270695425697329e-07
63900.000000000095 1.6588091234201028e-07
63950.000000000095 2.320783526298936e-07
64000.000000000095 2.5782630864205735e-07
64050.000000000095 1.9269763056677887e-07
64100.000000000095 8.067888528583066e-08
64150.000000000095 1.1060755513735082e-07
64200.000000000095 1.2388740323613138e-07
64250.000000000095 1.9110209744415167e-07
64300.000000000095 1.5362043969289034e-07
64350.000000000095 1.2978153296763822e-07
64400.000000000095 2.0673896925102145e-07
64450.000000000095 2.1399061055667144e-07
64500.000000000095 1.2751312383088544e-07
64550.000000000095 1.8765501807703689e-07
64600.000000000095 1.1883593597860224e-07
64650.000000000095 1.8449034235748478e-07
64700.000000000095 1.0431993103818524e-07
64750.000000000095 1.2616789262387542e-07
64800.000000000095 1.233917937111274e-07
64850.000000000095 1.1208971970409434e-07
64900.000000000095 1.2664262826764852e-07
64950.000000000095 1.1891062900957155e-07
65000.000000000095 1.433621321388717e-07
65050.000000000095 1.4282137076215926e-07
65100.000000000095 1.8034569942618514e-07
65150.000000000095 1.306093391416978e-07
65200.000000000095 1.1331671186690088e-07
65250.000000000095 1.707880450205048e-07
65300.000000000095 1.5001643458255689e-07
65350.000000000095 2.521806596673702e-07
65400.000000000095 1.4100546159636034e-07
65450.000000000095 1.457177247037733e-07
65500.000000000095 1.672316190840746e-07
65550.00000000009 1.1690643314564226e-07
65600.00000000009 1.4422445080686593e-07
65650.00000000009 1.4941549446169162e-07
65700.00000000009 1.3659875984218487e-07
65750.00000000009 1.1378237374239237e-07
65800.00000000009 1.5859149373561178e-07
65850.00000000009 1.8449640757495853e-07
65900.00000000009 1.122558770900561e-07
65950.00000000009 9.564016559047077e-08
66000.00000000009 1.3543798120709364e-07
66050.00000000009 2.2783606120897397e-07
66100.00000000009 1.4761275251002415e-07
66150.00000000009 1.1548131143674123e-07
66200.00000000009 1.1459822816182293e-07
66250.00000000009 1.0969797096643436e-07
66300.00000000009 6.104477591548313e-08
66350.00000000009 8.506833280902723e-08
66400.00000000009 1.0986233927186743e-07
66450.00000000009 1.73675615485842e-07
66500.00000000009 2.3050871697194108e-07
66550.00000000009 2.120216004026245e-07
66600.00000000009 1.6675700224857126e-07
66650.00000000009 1.5861936906098604e-07
66700.00000000009 1.4379096839974842e-07
66750.00000000009 1.3538273037339252e-07
66800.00000000009 1.6831344555132224e-07
66850.00000000009 1.1907405881262251e-07
66900.00000000009 1.833812430072305e-07
66950.00000000009 2.29876395998833e-07
67000.00000000009 2.304943459225277e-07
67050.00000000009 1.5501648831367045e-07
67100.00000000009 1.3361217225713242e-07
67150.00000000009 1.3578268963789554e-07
67200.00000000009 1.553858233445115e-07
67250.00000000009 1.5533707945134696e-07
67300.00000000009 1.7293526777788088e-07
67350.00000000009 1.222276200000153e-07
67400.00000000009 2.1535254722920657e-07
67450.00000000009 1.677972539454851e-07
67500.00000000009 1.5510198431625084e-07
67550.00000000009 1.8222359959928407e-07
67600.00000000009 2.834238206330674e-07
67650.00000000009 2.1274551390034673e-07
67700.00000000009 1.718700428118726e-07
67750.00000000009 1.5192742336998463e-07
67800.00000000009 1.9128387765506112e-07
67850.00000000009 1.2676662812546613e-07
67900.00000000009 1.5492033358799664e-07
67950.00000000009 1.1648862563491482e-07
68000.00000000009 1.5383112216856997e-07
