galfind/configs/Brown_Dwarf_templates/sonora_cholla/logkzz2/1780g/1150K_1780g_logkzz2_resample.dat
# %ECSV 1.0
# ---
# datatype:
# - {name: wav, unit: Angstrom, datatype: float64}
# - {name: flux_nu, unit: erg / (cm2 Hz s), datatype: float64}
# schema: astropy-2.0
wav flux_nu
[from data line 776]
48800.000000000095 4.482699389115565e-07
48850.000000000095 2.9700600026311e-07
48900.000000000095 4.4985800300865635e-07
48950.000000000095 3.6881565639925793e-07
49000.000000000095 3.144238165440502e-07
49050.000000000095 4.196982077867742e-07
49100.000000000095 3.174556674966312e-07
49150.000000000095 4.4267443109543866e-07
49200.000000000095 3.522308596203788e-07
49250.000000000095 4.3390130652532757e-07
49300.000000000095 3.483619813193273e-07
49350.000000000095 3.320062897097859e-07
49400.000000000095 3.8779965181846424e-07
49450.000000000095 3.920134910468477e-07
49500.000000000095 3.470213345572124e-07
49550.000000000095 2.2084751779918103e-07
49600.000000000095 3.4995399704921884e-07
49650.000000000095 3.387981693417453e-07
49700.000000000095 3.1973712711521076e-07
49750.000000000095 4.633940567779271e-07
49800.000000000095 3.20777111680509e-07
49850.000000000095 4.96384538949517e-07
49900.000000000095 4.202581040391408e-07
49950.000000000095 3.933138777317465e-07
50000.000000000095 4.468789454619621e-07
50050.000000000095 4.3801807805438716e-07
50100.000000000095 4.756711004654407e-07
50150.000000000095 3.0369418274700007e-07
50200.000000000095 2.1604855483723722e-07
50250.000000000095 4.3524971206036883e-07
50300.000000000095 3.336172368719388e-07
50350.000000000095 4.63279662137261e-07
50400.000000000095 3.9006862934659995e-07
50450.000000000095 3.6113088248960106e-07
50500.000000000095 4.7336492595867604e-07
50550.000000000095 4.039146014782685e-07
50600.000000000095 3.885884835330532e-07
50650.000000000095 4.049942531961637e-07
50700.000000000095 5.588457462900436e-07
50750.000000000095 4.770671078134988e-07
50800.000000000095 2.923011550331762e-07
50850.000000000095 2.9871791045369187e-07
50900.000000000095 4.883142101652501e-07
50950.000000000095 4.7330170405581124e-07
51000.000000000095 4.612238828475496e-07
51050.000000000095 4.1943846363062284e-07
51100.000000000095 2.7739305837643743e-07
51150.000000000095 3.555182595342452e-07
51200.000000000095 5.258289105939659e-07
51250.000000000095 4.2156797582803087e-07
51300.000000000095 3.2659122814268045e-07
51350.000000000095 3.941900798758581e-07
51400.000000000095 2.882292841563196e-07
51450.000000000095 2.619130039394497e-07
51500.000000000095 2.4627980008631924e-07
51550.000000000095 4.2571516290638926e-07
51600.000000000095 3.112189234548758e-07
51650.000000000095 3.757886495917773e-07
51700.000000000095 4.0079686996120347e-07
51750.000000000095 2.843152277440358e-07
51800.000000000095 4.833134615268902e-07
51850.000000000095 4.046933277804662e-07
51900.000000000095 5.302321747965474e-07
51950.000000000095 4.244616046172261e-07
52000.000000000095 1.9240241578067964e-07
52050.000000000095 3.1987568704098597e-07
52100.000000000095 2.887031512358642e-07
52150.000000000095 2.4339893560082956e-07
52200.000000000095 2.488925760107605e-07
52250.000000000095 3.113478155888934e-07
52300.000000000095 5.016295814715693e-07
52350.000000000095 3.501631524828881e-07
52400.000000000095 2.776780375715738e-07
52450.000000000095 4.129086038676379e-07
52500.000000000095 3.822855120722535e-07
52550.000000000095 3.9933890298817893e-07
52600.000000000095 3.39918866339676e-07
52650.000000000095 3.571145478241143e-07
52700.000000000095 3.023963272569666e-07
52750.000000000095 2.5873935986532166e-07
52800.000000000095 2.756035015380546e-07
52850.000000000095 3.1156776730280785e-07
52900.000000000095 2.6736394280866864e-07
52950.000000000095 2.751263635486994e-07
53000.000000000095 4.4088143361044677e-07
53050.000000000095 2.1931614154654892e-07
53100.000000000095 3.948407977011682e-07
53150.000000000095 4.80367543403231e-07
53200.000000000095 2.448255139233952e-07
53250.000000000095 4.250953541539485e-07
53300.000000000095 4.4976638285215314e-07
53350.000000000095 4.312217889016736e-07
53400.000000000095 4.41809043217968e-07
53450.000000000095 2.3914048388335596e-07
53500.000000000095 1.6775085782865177e-07
53550.000000000095 2.4482782930605843e-07
53600.000000000095 3.2939501890845126e-07
53650.000000000095 2.7273255284162737e-07
53700.000000000095 2.596255181842416e-07
53750.000000000095 2.6184231284021665e-07
53800.000000000095 2.620347689642546e-07
53850.000000000095 3.422250392003978e-07
53900.000000000095 3.1427833666782913e-07
53950.000000000095 4.1782085896476254e-07
54000.000000000095 3.0009321517224584e-07
54050.000000000095 3.005845203256599e-07
54100.000000000095 1.7341655847323223e-07
54150.000000000095 2.417515992238952e-07
54200.000000000095 1.402738791582281e-07
54250.000000000095 1.662993036567558e-07
54300.000000000095 2.379994303997217e-07
54350.000000000095 3.1358125404755315e-07
54400.000000000095 3.212276763693134e-07
54450.000000000095 2.8026473791644314e-07
54500.000000000095 2.442388373387523e-07
54550.000000000095 2.1493720849298188e-07
54600.000000000095 2.6879284979098454e-07
54650.000000000095 1.7494636536579884e-07
54700.000000000095 3.172300667619064e-07
54750.000000000095 2.9788170879831004e-07
54800.000000000095 2.2326643453629094e-07
54850.000000000095 2.537685060141539e-07
54900.000000000095 3.31561237533609e-07
54950.000000000095 4.0872284814700927e-07
55000.000000000095 2.1106418572042942e-07
55050.000000000095 2.8615205152744216e-07
55100.000000000095 2.6513160174401487e-07
55150.000000000095 2.3047982473125218e-07
55200.000000000095 2.3082389681565908e-07
55250.000000000095 2.4540525071559207e-07
55300.000000000095 1.9020133149789767e-07
55350.000000000095 2.7977464443093043e-07
55400.000000000095 3.438315578543839e-07
55450.000000000095 2.5830839671144674e-07
55500.000000000095 1.5466084056775254e-07
55550.000000000095 2.0902526925294374e-07
55600.000000000095 2.0138541435328113e-07
55650.000000000095 1.6630199875029664e-07
55700.000000000095 2.1410900584134556e-07
55750.000000000095 2.3926781245847903e-07
55800.000000000095 1.9012810491760826e-07
55850.000000000095 1.6516808388501898e-07
55900.000000000095 2.744192088844842e-07
55950.000000000095 3.475790637544123e-07
56000.000000000095 1.8319671619932948e-07
56050.000000000095 2.4390098615852913e-07
56100.000000000095 2.7418831121403894e-07
56150.000000000095 2.072934532945134e-07
56200.000000000095 2.3113718797055614e-07
56250.000000000095 2.408956606199053e-07
56300.000000000095 2.5539873209066284e-07
56350.000000000095 2.6805885813554557e-07
56400.000000000095 1.861493784764855e-07
56450.000000000095 1.6816333063413498e-07
56500.000000000095 2.077706500520683e-07
56550.000000000095 1.452928211319613e-07
56600.000000000095 2.641892749305076e-07
56650.000000000095 2.435237528539503e-07
56700.000000000095 2.825817759465363e-07
56750.000000000095 1.6413322247116008e-07
56800.000000000095 2.725890045590018e-07
56850.000000000095 2.1822693466003593e-07
56900.000000000095 1.856291019861871e-07
56950.000000000095 2.7950321713154925e-07
57000.000000000095 3.059560321016594e-07
57050.000000000095 2.1217906172130366e-07
57100.000000000095 1.2313404906347484e-07
57150.000000000095 1.7773419689364244e-07
57200.000000000095 1.4232678355712627e-07
57250.000000000095 1.9736110033257037e-07
57300.000000000095 2.4399795153790514e-07
57350.000000000095 1.5549286200535802e-07
57400.000000000095 2.4518675581533477e-07
57450.000000000095 2.249940053621697e-07
57500.000000000095 2.1340473501558373e-07
57550.000000000095 2.607454390685534e-07
57600.000000000095 2.757213692739584e-07
57650.000000000095 1.2808798765004046e-07
57700.000000000095 1.5627597185100415e-07
57750.000000000095 1.9273140599162366e-07
57800.000000000095 8.935951309006417e-08
57850.000000000095 3.0673515187228823e-07
57900.000000000095 3.532441888247401e-07
57950.000000000095 3.138810688303085e-07
58000.000000000095 1.8885632447149937e-07
58050.000000000095 2.3721248077228765e-07
58100.000000000095 2.8828198734271423e-07
58150.000000000095 2.2948133376474648e-07
58200.000000000095 1.3529383969787343e-07
58250.000000000095 1.7659820828314018e-07
58300.000000000095 1.407648785206748e-07
58350.000000000095 1.7062892765105055e-07
58400.000000000095 2.1757171272148138e-07
58450.000000000095 2.328039231127809e-07
58500.000000000095 2.1366420094796358e-07
58550.000000000095 2.465098425132459e-07
58600.000000000095 1.568454989560007e-07
58650.000000000095 1.9029563901554238e-07
58700.000000000095 1.9326512130586764e-07
58750.000000000095 2.2145865154612367e-07
58800.000000000095 1.1938134765243543e-07
58850.000000000095 1.87707905187675e-07
58900.000000000095 2.3481180110236067e-07
58950.000000000095 1.5328684626340518e-07
59000.000000000095 2.310067810177468e-07
59050.000000000095 2.4649018656289185e-07
59100.000000000095 2.8999944908091593e-07
59150.000000000095 2.1834838080158642e-07
59200.000000000095 2.243045051713384e-07
59250.000000000095 2.4162722607674317e-07
59300.000000000095 2.3458802996161401e-07
59350.000000000095 1.336480958280946e-07
59400.000000000095 1.0698981631525096e-07
59450.000000000095 2.058517831248956e-07
59500.000000000095 1.3644926962263108e-07
59550.000000000095 2.4892657929068987e-07
59600.000000000095 2.570744924908609e-07
59650.000000000095 2.2410886172314965e-07
59700.000000000095 1.55456087838672e-07
59750.000000000095 3.100900389362622e-07
59800.000000000095 2.0176256788306602e-07
59850.000000000095 2.614910397419006e-07
59900.000000000095 1.4277634124954978e-07
59950.000000000095 2.2108750408495296e-07
60000.000000000095 3.432599376996635e-07
60050.000000000095 2.923422052899316e-07
60100.000000000095 2.9960858375107535e-07
60150.000000000095 2.1670049197105245e-07
60200.000000000095 2.4544395223626337e-07
60250.000000000095 2.89201547705661e-07
60300.000000000095 2.696864910968143e-07
60350.000000000095 2.008013737904273e-07
60400.000000000095 2.557210961553825e-07
60450.000000000095 1.478707446070242e-07
60500.000000000095 1.0316512572080642e-07
60550.000000000095 2.591261718822828e-07
60600.000000000095 2.4799906842669905e-07
60650.000000000095 2.1823348914006142e-07
60700.000000000095 1.9298138458906424e-07
60750.000000000095 1.600884296336446e-07
60800.000000000095 2.503074624409803e-07
60850.000000000095 3.5875147211012333e-07
60900.000000000095 3.1569961799119577e-07
60950.000000000095 2.935701231425672e-07
61000.000000000095 2.390823472423151e-07
61050.000000000095 1.8229594122529732e-07
61100.000000000095 2.4247864587174375e-07
61150.000000000095 1.1023543803001879e-07
61200.000000000095 3.0380875818583465e-07
61250.000000000095 3.4619214314924953e-07
61300.000000000095 3.005746315498004e-07
61350.000000000095 3.67262045435348e-07
61400.000000000095 2.639439436907059e-07
61450.000000000095 1.825335328449859e-07
61500.000000000095 1.98381224616198e-07
61550.000000000095 2.0335241915958177e-07
61600.000000000095 1.5191254247046203e-07
61650.000000000095 2.2396814842939093e-07
61700.000000000095 1.8914304870363255e-07
61750.000000000095 2.291678006803001e-07
61800.000000000095 2.5582807285149636e-07
61850.000000000095 1.7752207711576866e-07
61900.000000000095 3.182810254399448e-07
61950.000000000095 2.9948125032700227e-07
62000.000000000095 2.957976613078444e-07
62050.000000000095 2.772508649977132e-07
62100.000000000095 2.9724963769427373e-07
62150.000000000095 2.9411965086067154e-07
62200.000000000095 2.6335058692872286e-07
62250.000000000095 2.777047330379952e-07
62300.000000000095 3.5553738849045507e-07
62350.000000000095 2.977361339430218e-07
62400.000000000095 1.880279194488293e-07
62450.000000000095 2.615356835518346e-07
62500.000000000095 3.3350279386710576e-07
62550.000000000095 3.1786954863515875e-07
62600.000000000095 3.4563766589639873e-07
62650.000000000095 2.826996284185855e-07
62700.000000000095 2.9875608311268676e-07
62750.000000000095 3.6703497540964373e-07
62800.000000000095 2.527188904252677e-07
62850.000000000095 3.249578125778078e-07
62900.000000000095 2.6582816345929647e-07
62950.000000000095 3.3243447662643005e-07
63000.000000000095 2.997488800710942e-07
63050.000000000095 3.80131779287416e-07
63100.000000000095 3.524830330320814e-07
63150.000000000095 2.6323315348397944e-07
63200.000000000095 3.31263998009111e-07
63250.000000000095 2.938115953105707e-07
63300.000000000095 3.477901806400976e-07
63350.000000000095 3.144461560620658e-07
63400.000000000095 2.0970057473909516e-07
63450.000000000095 1.7477277412560445e-07
63500.000000000095 2.935645562224718e-07
63550.000000000095 2.8406458225353206e-07
63600.000000000095 3.291130337907764e-07
63650.000000000095 2.4581090522581396e-07
63700.000000000095 1.888255217531076e-07
63750.000000000095 2.446199993071262e-07
63800.000000000095 2.70171442311379e-07
63850.000000000095 2.643989028181036e-07
63900.000000000095 2.0190034376698198e-07
63950.000000000095 2.7456125692692313e-07
64000.000000000095 3.012963661438309e-07
64050.000000000095 2.3271202189243055e-07
64100.000000000095 1.0265074024944777e-07
64150.000000000095 1.3855979848509643e-07
64200.000000000095 1.5520969987616666e-07
64250.000000000095 2.3010156220279065e-07
64300.000000000095 1.869894763121161e-07
64350.000000000095 1.5942530856139826e-07
64400.000000000095 2.427486888062053e-07
64450.000000000095 2.497379723399562e-07
64500.000000000095 1.5691944786756488e-07
64550.000000000095 2.232087545489553e-07
64600.000000000095 1.4472390188482137e-07
64650.000000000095 2.184713063234963e-07
64700.000000000095 1.2882054267004247e-07
64750.000000000095 1.5311194903805169e-07
64800.000000000095 1.5220337220860884e-07
64850.000000000095 1.4030764054662364e-07
64900.000000000095 1.5957307988171012e-07
64950.000000000095 1.4937382726057857e-07
65000.000000000095 1.7663041352376463e-07
65050.000000000095 1.7154167586046618e-07
65100.000000000095 2.137610723187226e-07
65150.000000000095 1.5977339936519024e-07
65200.000000000095 1.4142163316498833e-07
65250.000000000095 2.0499098549541402e-07
65300.000000000095 1.7995657564332885e-07
65350.000000000095 2.924642127818514e-07
65400.000000000095 1.7071314391441102e-07
65450.000000000095 1.760092118561063e-07
65500.000000000095 1.9953875574892825e-07
65550.00000000009 1.4480557451608288e-07
65600.00000000009 1.7149726117847e-07
65650.00000000009 1.814264817488539e-07
65700.00000000009 1.6410274935258756e-07
65750.00000000009 1.4156944814734863e-07
65800.00000000009 1.9177795017444717e-07
65850.00000000009 2.1683578448743504e-07
65900.00000000009 1.3968095674340582e-07
65950.00000000009 1.1342623980153917e-07
66000.00000000009 1.6379305675128014e-07
66050.00000000009 2.6734898877459083e-07
66100.00000000009 1.7800751693532722e-07
66150.00000000009 1.371421398948765e-07
66200.00000000009 1.3895629665037178e-07
66250.00000000009 1.3366165758109575e-07
66300.00000000009 7.66349794960349e-08
66350.00000000009 1.079413559850656e-07
66400.00000000009 1.3428410271972142e-07
66450.00000000009 2.0551157925342157e-07
66500.00000000009 2.708336975052437e-07
66550.00000000009 2.497632943489258e-07
66600.00000000009 1.974317973988928e-07
66650.00000000009 1.9240388790543668e-07
66700.00000000009 1.737166058274448e-07
66750.00000000009 1.6345202888659682e-07
66800.00000000009 2.0189505175280722e-07
66850.00000000009 1.4663570958043917e-07
66900.00000000009 2.1257772882417767e-07
66950.00000000009 2.677721651177434e-07
67000.00000000009 2.681256088759304e-07
67050.00000000009 1.853848166671595e-07
67100.00000000009 1.6382038004786178e-07
67150.00000000009 1.646036946436927e-07
67200.00000000009 1.8291667699141346e-07
67250.00000000009 1.856975396760905e-07
67300.00000000009 2.0115683936302146e-07
67350.00000000009 1.483564232473409e-07
67400.00000000009 2.4943012649528066e-07
67450.00000000009 2.0029318638480775e-07
67500.00000000009 1.8406451500406733e-07
67550.00000000009 2.1120042605597458e-07
67600.00000000009 3.228344861698875e-07
67650.00000000009 2.4414418601553724e-07
67700.00000000009 2.023830602982922e-07
67750.00000000009 1.8274799699477532e-07
67800.00000000009 2.2548961920839817e-07
67850.00000000009 1.549021265204193e-07
67900.00000000009 1.8749289871134864e-07
67950.00000000009 1.3986147629631342e-07
68000.00000000009 1.8161588746232955e-07
68050.00000000009 2.377713142270609e-07
