galfind/configs/Brown_Dwarf_templates/sonora_cholla/logkzz2/1780g/1200K_1780g_logkzz2_resample.dat
# %ECSV 1.0
# ---
# datatype:
# - {name: wav, unit: Angstrom, datatype: float64}
# - {name: flux_nu, unit: erg / (cm2 Hz s), datatype: float64}
# schema: astropy-2.0
wav flux_nu
[from data line 776]
48800.000000000095 4.943552630059747e-07
48850.000000000095 3.3125420167840086e-07
48900.000000000095 4.982437090523399e-07
48950.000000000095 4.0977050078792705e-07
49000.000000000095 3.569326297148046e-07
49050.000000000095 4.6278876682883725e-07
49100.000000000095 3.5093108519621735e-07
49150.000000000095 4.849409184027617e-07
49200.000000000095 3.8916415434952206e-07
49250.000000000095 4.7287014018409706e-07
49300.000000000095 3.865064835268865e-07
49350.000000000095 3.749087354415116e-07
49400.000000000095 4.352986420892348e-07
49450.000000000095 4.336013178442866e-07
49500.000000000095 3.8952643038111225e-07
49550.000000000095 2.594944637178884e-07
49600.000000000095 3.950619477873912e-07
49650.000000000095 3.7905587172947225e-07
49700.000000000095 3.506413341695695e-07
49750.000000000095 5.110680694523988e-07
49800.000000000095 3.588683697571563e-07
49850.000000000095 5.434909550270972e-07
49900.000000000095 4.6164806238904257e-07
49950.000000000095 4.322346366316469e-07
50000.000000000095 4.938392468125581e-07
50050.000000000095 4.798093825595849e-07
50100.000000000095 5.300402330500597e-07
50150.000000000095 3.4614958046150915e-07
50200.000000000095 2.5739860706104994e-07
50250.000000000095 4.913984217035467e-07
50300.000000000095 3.77459054923295e-07
50350.000000000095 5.103151673380814e-07
50400.000000000095 4.3045799560299506e-07
50450.000000000095 4.035205462002622e-07
50500.000000000095 5.181629445691843e-07
50550.000000000095 4.4014143814695174e-07
50600.000000000095 4.356899660040314e-07
50650.000000000095 4.44803861379429e-07
50700.000000000095 6.091167245006055e-07
50750.000000000095 5.364662271841854e-07
50800.000000000095 3.335275956627266e-07
50850.000000000095 3.527673783054372e-07
50900.000000000095 5.374958135350324e-07
50950.000000000095 5.261553342405001e-07
51000.000000000095 5.20463648285112e-07
51050.000000000095 4.6299529179652625e-07
51100.000000000095 3.2167131751497677e-07
51150.000000000095 4.051599674738244e-07
51200.000000000095 5.710357689225033e-07
51250.000000000095 4.734815459611782e-07
51300.000000000095 3.6388506523945156e-07
51350.000000000095 4.416608516863628e-07
51400.000000000095 3.36824035339582e-07
51450.000000000095 3.061406139596751e-07
51500.000000000095 2.908839681331922e-07
51550.000000000095 4.855453498778796e-07
51600.000000000095 3.502663072159221e-07
51650.000000000095 4.259307091797502e-07
51700.000000000095 4.5112819569693183e-07
51750.000000000095 3.261593444875161e-07
51800.000000000095 5.426783584967794e-07
51850.000000000095 4.5389183961310727e-07
51900.000000000095 5.869833090482836e-07
51950.000000000095 4.79513204386128e-07
52000.000000000095 2.3296955019532197e-07
52050.000000000095 3.68447443785932e-07
52100.000000000095 3.3879189795121687e-07
52150.000000000095 2.902596404103696e-07
52200.000000000095 2.8934380193026817e-07
52250.000000000095 3.5072401521100084e-07
52300.000000000095 5.562491975969063e-07
52350.000000000095 4.103052244211022e-07
52400.000000000095 3.1951539524575784e-07
52450.000000000095 4.6192983064009483e-07
52500.000000000095 4.2694220356179146e-07
52550.000000000095 4.5169583570600194e-07
52600.000000000095 3.8541391931706744e-07
52650.000000000095 4.091617402386435e-07
52700.000000000095 3.468010708564444e-07
52750.000000000095 3.0449949678749895e-07
52800.000000000095 3.1920398388524323e-07
52850.000000000095 3.591475247495666e-07
52900.000000000095 3.1283317412526395e-07
52950.000000000095 3.139598409612101e-07
53000.000000000095 5.005410130533276e-07
53050.000000000095 2.5985222313852605e-07
53100.000000000095 4.4276750258901277e-07
53150.000000000095 5.390767138370829e-07
53200.000000000095 2.8313387794627244e-07
53250.000000000095 4.792838698617239e-07
53300.000000000095 5.029455611563539e-07
53350.000000000095 4.815543938132487e-07
53400.000000000095 5.00829079869638e-07
53450.000000000095 2.844852856919332e-07
53500.000000000095 2.0555764344981798e-07
53550.000000000095 2.943957134500026e-07
53600.000000000095 3.784962910512432e-07
53650.000000000095 3.1622010724395827e-07
53700.000000000095 3.0223827045327683e-07
53750.000000000095 3.076845091312617e-07
53800.000000000095 3.060632378416637e-07
53850.000000000095 3.9447367363381437e-07
53900.000000000095 3.5362301599200866e-07
53950.000000000095 4.7222990547733347e-07
54000.000000000095 3.439045435594029e-07
54050.000000000095 3.4412428728719115e-07
54100.000000000095 2.0888582220958782e-07
54150.000000000095 2.8622703678426715e-07
54200.000000000095 1.7253228922924932e-07
54250.000000000095 2.0045948828212937e-07
54300.000000000095 2.773495204126431e-07
54350.000000000095 3.618098206577142e-07
54400.000000000095 3.737437794686261e-07
54450.000000000095 3.266530182885876e-07
54500.000000000095 2.834890109034423e-07
54550.000000000095 2.5184016759532396e-07
54600.000000000095 3.1401626679634963e-07
54650.000000000095 2.1615040938032297e-07
54700.000000000095 3.687632778480312e-07
54750.000000000095 3.485711088282597e-07
54800.000000000095 2.6707890132117003e-07
54850.000000000095 2.9691234245250496e-07
54900.000000000095 3.8354091538395187e-07
54950.000000000095 4.658090878471754e-07
55000.000000000095 2.523415711114875e-07
55050.000000000095 3.33904890424378e-07
55100.000000000095 3.045321980697078e-07
55150.000000000095 2.713884020682425e-07
55200.000000000095 2.7334102960015086e-07
55250.000000000095 2.8653850636135416e-07
55300.000000000095 2.275620502574383e-07
55350.000000000095 3.2092606753247903e-07
55400.000000000095 3.9605376972234384e-07
55450.000000000095 3.056217204670413e-07
55500.000000000095 1.8837658979038744e-07
55550.000000000095 2.507726540682647e-07
55600.000000000095 2.398622659802878e-07
55650.000000000095 1.9625023789126433e-07
55700.000000000095 2.550445595709349e-07
55750.000000000095 2.8633073672739777e-07
55800.000000000095 2.3455030625279316e-07
55850.000000000095 2.0031352769082213e-07
55900.000000000095 3.210995572056361e-07
55950.000000000095 4.036083528901903e-07
56000.000000000095 2.178320666620937e-07
56050.000000000095 2.9131250341101867e-07
56100.000000000095 3.215028657512957e-07
56150.000000000095 2.472801818576554e-07
56200.000000000095 2.740061884550691e-07
56250.000000000095 2.762398747951337e-07
56300.000000000095 3.002842306582959e-07
56350.000000000095 3.204731779814478e-07
56400.000000000095 2.2964669471647896e-07
56450.000000000095 2.0829030940318035e-07
56500.000000000095 2.4351949895066333e-07
56550.000000000095 1.7786646334055087e-07
56600.000000000095 3.07603403634933e-07
56650.000000000095 2.8147592221450435e-07
56700.000000000095 3.3112070605456775e-07
56750.000000000095 1.9924981578865547e-07
56800.000000000095 3.2179609890337156e-07
56850.000000000095 2.5688999991270867e-07
56900.000000000095 2.2433313547792287e-07
56950.000000000095 3.282759901183863e-07
57000.000000000095 3.5553219082194395e-07
57050.000000000095 2.5709397634330325e-07
57100.000000000095 1.5309541619224197e-07
57150.000000000095 2.186533569882498e-07
57200.000000000095 1.7333684657055468e-07
57250.000000000095 2.392020908851443e-07
57300.000000000095 2.896803623980116e-07
57350.000000000095 1.8763901414010637e-07
57400.000000000095 2.867668208463734e-07
57450.000000000095 2.7027150497561763e-07
57500.000000000095 2.578431133596323e-07
57550.000000000095 3.0886254828761655e-07
57600.000000000095 3.2925621689374995e-07
57650.000000000095 1.5957479919146336e-07
57700.000000000095 1.9200147268153776e-07
57750.000000000095 2.3434834336717383e-07
57800.000000000095 1.1262070189626507e-07
57850.000000000095 3.5311210982556134e-07
57900.000000000095 4.055491817479306e-07
57950.000000000095 3.5743163532938765e-07
58000.000000000095 2.264003886303677e-07
58050.000000000095 2.7819303661851037e-07
58100.000000000095 3.3911898213196206e-07
58150.000000000095 2.748320505460517e-07
58200.000000000095 1.6828825559862222e-07
58250.000000000095 2.1648944767071402e-07
58300.000000000095 1.7151649812948555e-07
58350.000000000095 2.0609630102182171e-07
58400.000000000095 2.5533824426163005e-07
58450.000000000095 2.7209063763015877e-07
58500.000000000095 2.5042440494477317e-07
58550.000000000095 2.879561236153618e-07
58600.000000000095 1.898164153708523e-07
58650.000000000095 2.3068404997342257e-07
58700.000000000095 2.2789663853786627e-07
58750.000000000095 2.6122719051460406e-07
58800.000000000095 1.5062535018441857e-07
58850.000000000095 2.275464999764083e-07
58900.000000000095 2.801692218953717e-07
58950.000000000095 1.8898906764194785e-07
59000.000000000095 2.734831950191197e-07
59050.000000000095 2.868379840149592e-07
59100.000000000095 3.382585145927422e-07
59150.000000000095 2.602955870140063e-07
59200.000000000095 2.661074475771679e-07
59250.000000000095 2.860720542789915e-07
59300.000000000095 2.769856876009342e-07
59350.000000000095 1.677810722316007e-07
59400.000000000095 1.3495030698670426e-07
59450.000000000095 2.432920768566375e-07
59500.000000000095 1.6570093001475107e-07
59550.000000000095 2.95292695896357e-07
59600.000000000095 2.973682691555595e-07
59650.000000000095 2.7028506411977227e-07
59700.000000000095 1.8692583766868006e-07
59750.000000000095 3.584822834150617e-07
59800.000000000095 2.4333963901751677e-07
59850.000000000095 3.069343133904069e-07
59900.000000000095 1.7501449794561671e-07
59950.000000000095 2.6237108192377576e-07
60000.000000000095 3.9455516543331425e-07
60050.000000000095 3.356850742129197e-07
60100.000000000095 3.504201558432548e-07
60150.000000000095 2.6081159782513126e-07
60200.000000000095 2.8841425337087687e-07
60250.000000000095 3.31952369218715e-07
60300.000000000095 3.1093352284373154e-07
60350.000000000095 2.3969101475642427e-07
60400.000000000095 3.007770270780677e-07
60450.000000000095 1.82574445319858e-07
60500.000000000095 1.2915699916173527e-07
60550.000000000095 3.054291295261031e-07
60600.000000000095 2.9115362569893636e-07
60650.000000000095 2.6159621553367967e-07
60700.000000000095 2.3378725919340162e-07
60750.000000000095 2.0229007380339854e-07
60800.000000000095 2.9421783700849594e-07
60850.000000000095 4.10698619684899e-07
60900.000000000095 3.6113714397785187e-07
60950.000000000095 3.4124226639154555e-07
61000.000000000095 2.768543538917433e-07
61050.000000000095 2.202078761291155e-07
61100.000000000095 2.9121155524869443e-07
61150.000000000095 1.3439352443107788e-07
61200.000000000095 3.559269185082241e-07
61250.000000000095 4.063202858120568e-07
61300.000000000095 3.549882958650435e-07
61350.000000000095 4.216926772280191e-07
61400.000000000095 3.187000906606782e-07
61450.000000000095 2.3170365670168296e-07
61500.000000000095 2.4023697989002843e-07
61550.000000000095 2.4077983338841034e-07
61600.000000000095 1.8110356969961195e-07
61650.000000000095 2.656505641054942e-07
61700.000000000095 2.2445693518855587e-07
61750.000000000095 2.7302686164226056e-07
61800.000000000095 3.005080660090066e-07
61850.000000000095 2.1843407913295982e-07
61900.000000000095 3.6714382272378143e-07
61950.000000000095 3.4331481149761915e-07
62000.000000000095 3.395883484464272e-07
62050.000000000095 3.1934754347732725e-07
62100.000000000095 3.49004600396301e-07
62150.000000000095 3.3862737579754607e-07
62200.000000000095 3.031622637138917e-07
62250.000000000095 3.2795453241634173e-07
62300.000000000095 4.0380426300429833e-07
62350.000000000095 3.3920811595222133e-07
62400.000000000095 2.206846119996443e-07
62450.000000000095 3.0607762796448944e-07
62500.000000000095 3.807607123163437e-07
62550.000000000095 3.590984533729835e-07
62600.000000000095 3.930371343769577e-07
62650.000000000095 3.2513834832216517e-07
62700.000000000095 3.4616361411537436e-07
62750.000000000095 4.196456085896626e-07
62800.000000000095 2.9696803706195285e-07
62850.000000000095 3.7435822728357557e-07
62900.000000000095 3.083419772005596e-07
62950.000000000095 3.725377080605053e-07
63000.000000000095 3.446130749304915e-07
63050.000000000095 4.2853516221277523e-07
63100.000000000095 3.9649331666158343e-07
63150.000000000095 3.003036065588104e-07
63200.000000000095 3.806562661790257e-07
63250.000000000095 3.341511551653879e-07
63300.000000000095 4.012934396962517e-07
63350.000000000095 3.594124599926233e-07
63400.000000000095 2.485961375825981e-07
63450.000000000095 2.1344143895013847e-07
63500.000000000095 3.399988070857224e-07
63550.000000000095 3.238942250396083e-07
63600.000000000095 3.788776109068783e-07
63650.000000000095 2.845543390133095e-07
63700.000000000095 2.3036295808770668e-07
63750.000000000095 2.88968747514366e-07
63800.000000000095 3.0520364124640403e-07
63850.000000000095 3.044350565040979e-07
63900.000000000095 2.4136637827958333e-07
63950.000000000095 3.196503812442316e-07
64000.000000000095 3.4759572062302174e-07
64050.000000000095 2.76359426267316e-07
64100.000000000095 1.2815324618732005e-07
64150.000000000095 1.697084681716192e-07
64200.000000000095 1.902989830926758e-07
64250.000000000095 2.7272403311118286e-07
64300.000000000095 2.2363665740108003e-07
64350.000000000095 1.935221744474968e-07
64400.000000000095 2.820798654672359e-07
64450.000000000095 2.8783283655575745e-07
64500.000000000095 1.89934027504974e-07
64550.000000000095 2.622930359692831e-07
64600.000000000095 1.7329487904227025e-07
64650.000000000095 2.558112872276754e-07
64700.000000000095 1.5656031289000908e-07
64750.000000000095 1.8272253564424304e-07
64800.000000000095 1.84050696281925e-07
64850.000000000095 1.7202511390467965e-07
64900.000000000095 1.9661126457187391e-07
64950.000000000095 1.8358966654413582e-07
65000.000000000095 2.1325885514842243e-07
65050.000000000095 2.0325477441577274e-07
65100.000000000095 2.4993296944330675e-07
65150.000000000095 1.9141593632477872e-07
65200.000000000095 1.730813110321226e-07
65250.000000000095 2.416140430283288e-07
65300.000000000095 2.1216461183213055e-07
65350.000000000095 3.3535729948732754e-07
65400.000000000095 2.0353711582273062e-07
65450.000000000095 2.0961004336796179e-07
65500.000000000095 2.3482314539362654e-07
65550.00000000009 1.7604415496081892e-07
65600.00000000009 2.0171694609461725e-07
65650.00000000009 2.1682695747975426e-07
65700.00000000009 1.9372205682164243e-07
65750.00000000009 1.7290651080855091e-07
65800.00000000009 2.2810127582674072e-07
65850.00000000009 2.5145713589384294e-07
65900.00000000009 1.7039890069613334e-07
65950.00000000009 1.349576561807504e-07
66000.00000000009 1.9537309738437687e-07
66050.00000000009 3.0975302663181865e-07
66100.00000000009 2.115413723616216e-07
66150.00000000009 1.62159347534031e-07
66200.00000000009 1.661854631743516e-07
66250.00000000009 1.6033823426533296e-07
66300.00000000009 9.52806394069001e-08
66350.00000000009 1.3401877465508165e-07
66400.00000000009 1.6200058378322735e-07
66450.00000000009 2.3978703287288226e-07
66500.00000000009 3.1425351217420326e-07
66550.00000000009 2.8996762581493713e-07
66600.00000000009 2.3050055924003315e-07
66650.00000000009 2.2753765690655192e-07
66700.00000000009 2.0587155364881832e-07
66750.00000000009 1.9386997177648966e-07
66800.00000000009 2.3749904492725917e-07
66850.00000000009 1.77894273421439e-07
66900.00000000009 2.440560041999817e-07
66950.00000000009 3.076922955070886e-07
67000.00000000009 3.065211725245421e-07
67050.00000000009 2.1873900730430914e-07
67100.00000000009 1.9746630246053746e-07
67150.00000000009 1.9655200543641352e-07
67200.00000000009 2.1247313072052696e-07
67250.00000000009 2.191371390419554e-07
67300.00000000009 2.310069976316932e-07
67350.00000000009 1.789303577008893e-07
67400.00000000009 2.852689982102724e-07
67450.00000000009 2.3478409390255332e-07
67500.00000000009 2.1539415505892492e-07
67550.00000000009 2.4243638521358535e-07
67600.00000000009 3.6395682938573327e-07
67650.00000000009 2.7757822108186767e-07
67700.00000000009 2.3561043755415892e-07
67750.00000000009 2.1660113113157645e-07
67800.00000000009 2.6254973665371655e-07
67850.00000000009 1.858393205686345e-07
67900.00000000009 2.2343807252133662e-07
67950.00000000009 1.643897524664658e-07
68000.00000000009 2.1061264764178543e-07
68050.00000000009 2.7648173015977246e-07
68100.00000000009 2.79606988562385e-07
