galfind/configs/Brown_Dwarf_templates/sonora_cholla/logkzz2/1780g/1250K_1780g_logkzz2_resample.dat
# %ECSV 1.0
# ---
# datatype:
# - {name: wav, unit: Angstrom, datatype: float64}
# - {name: flux_nu, unit: erg / (cm2 Hz s), datatype: float64}
# schema: astropy-2.0
wav flux_nu
[from data line 388]
29400.000000000095 2.402320904332214e-07
29450.000000000095 2.342358766143854e-07
29500.000000000095 2.582754065775518e-07
29550.000000000095 2.364252254849711e-07
29600.000000000095 3.0585828813203825e-07
29650.000000000095 2.4677213450226745e-07
29700.000000000095 2.422749365926742e-07
29750.000000000095 2.941744370959003e-07
29800.000000000095 3.1616405116959677e-07
29850.000000000095 3.116494689230557e-07
29900.000000000095 3.067963215845749e-07
29950.000000000095 3.0273866140356364e-07
30000.000000000095 2.9631867777547546e-07
30050.000000000095 2.417828676329239e-07
30100.000000000095 2.71076918645819e-07
30150.000000000095 3.5968429762020507e-07
30200.000000000095 2.7683426990193063e-07
30250.000000000095 3.505471025999718e-07
30300.000000000095 3.0880021462727316e-07
30350.000000000095 2.9785033350408945e-07
30400.000000000095 3.1749107513389166e-07
30450.000000000095 2.6543441172604983e-07
30500.000000000095 2.587582650827795e-07
30550.000000000095 2.703717445774419e-07
30600.000000000095 2.910188561282326e-07
30650.000000000095 2.6357339802478033e-07
30700.000000000095 2.38893176098321e-07
30750.000000000095 2.2150336981980426e-07
30800.000000000095 2.2490499379923812e-07
30850.000000000095 2.0337783231926933e-07
30900.000000000095 2.0864348538953447e-07
30950.000000000095 1.551311894218036e-07
31000.000000000095 1.742177841917518e-07
31050.000000000095 1.9376310096096156e-07
31100.000000000095 1.379557934061418e-07
31150.000000000095 1.582648147464544e-07
31200.000000000095 1.659486015281237e-07
31250.000000000095 1.4061650063506992e-07
31300.000000000095 1.3557049580845863e-07
31350.000000000095 1.3186935889066055e-07
31400.000000000095 1.0247912820010038e-07
31450.000000000095 1.3160422440522174e-07
31500.000000000095 1.0797608841605022e-07
31550.000000000095 1.219676573320784e-07
31600.000000000095 9.693320014206862e-08
31650.000000000095 9.782111642442315e-08
31700.000000000095 1.0768189876187374e-07
31750.000000000095 8.533147264675259e-08
31800.000000000095 9.76378294471957e-08
31850.000000000095 8.853255267323385e-08
31900.000000000095 9.052859684233853e-08
31950.000000000095 8.99395678929172e-08
32000.000000000095 9.123258338622838e-08
32050.000000000095 7.835633255021852e-08
32100.000000000095 7.441731074775759e-08
32150.000000000095 9.458464432876758e-08
32200.000000000095 7.36995525079235e-08
32250.000000000095 9.841527726501554e-08
32300.000000000095 7.057564908145034e-08
32350.000000000095 1.1691209884948357e-07
32400.000000000095 8.650761579374625e-08
32450.000000000095 1.1586169873131655e-07
32500.000000000095 9.227748415282091e-08
32550.000000000095 1.0716240330430574e-07
32600.000000000095 1.2131452321107144e-07
32650.000000000095 1.361732571436685e-07
32700.000000000095 1.2114984825071214e-07
32750.000000000095 1.5161415065304097e-07
32800.000000000095 1.3171243613538318e-07
32850.000000000095 1.588106297789404e-07
32900.000000000095 1.6971770643596326e-07
32950.000000000095 1.7730420565047941e-07
33000.000000000095 1.6009171130144525e-07
33050.000000000095 1.5098196902026538e-07
33100.000000000095 9.888836970971033e-08
33150.000000000095 3.768688629362839e-08
33200.000000000095 3.9513655186140756e-08
33250.000000000095 2.6371100761366418e-08
33300.000000000095 2.7945401591222147e-08
33350.000000000095 4.14817555644769e-08
33400.000000000095 5.3807704518756236e-08
33450.000000000095 6.517654926501597e-08
33500.000000000095 8.318075154019046e-08
33550.000000000095 8.363850100361588e-08
33600.000000000095 1.1618899260402635e-07
33650.000000000095 1.2467034414190358e-07
33700.000000000095 1.131064699369141e-07
33750.000000000095 1.4749936220290445e-07
33800.000000000095 1.1003591685140719e-07
33850.000000000095 1.4269893363015156e-07
33900.000000000095 1.2563074604288965e-07
33950.000000000095 1.3917542577316043e-07
34000.000000000095 1.4403801153618202e-07
34050.000000000095 8.318128574026328e-08
34100.000000000095 1.4153495747815402e-07
34150.000000000095 1.0591036119473322e-07
34200.000000000095 1.2595083505697257e-07
34250.000000000095 1.1661640716493179e-07
34300.000000000095 9.63324302713565e-08
34350.000000000095 1.278267678291142e-07
34400.000000000095 1.0469927617464624e-07
34450.000000000095 1.362395050168335e-07
34500.000000000095 1.2614669516093603e-07
34550.000000000095 9.390022299084878e-08
34600.000000000095 1.4500965901723562e-07
34650.000000000095 1.0040470165382242e-07
34700.000000000095 1.1120996819893485e-07
34750.000000000095 1.1925939176162244e-07
34800.000000000095 8.143516453583527e-08
34850.000000000095 1.2297253119120323e-07
34900.000000000095 1.3421139283693796e-07
34950.000000000095 1.175157254455802e-07
35000.000000000095 1.5603255175268276e-07
35050.000000000095 1.197091436514361e-07
35100.000000000095 1.512115223529625e-07
35150.000000000095 1.3842563736155988e-07
35200.000000000095 1.6940021328042913e-07
35250.000000000095 1.9386268908664298e-07
35300.000000000095 1.2486841200795336e-07
35350.000000000095 1.713521505502521e-07
35400.000000000095 1.7178041162368934e-07
35450.000000000095 1.5212033791606147e-07
35500.000000000095 2.0824279001198133e-07
35550.000000000095 1.9022864566538415e-07
35600.000000000095 1.9993627602309593e-07
35650.000000000095 2.111260043086677e-07
35700.000000000095 1.525307654919445e-07
35750.000000000095 2.1832381678675256e-07
35800.000000000095 2.2406982676659425e-07
35850.000000000095 1.7859477699061835e-07
35900.000000000095 2.442285990534824e-07
35950.000000000095 2.2982983863000792e-07
36000.000000000095 2.0865314992853665e-07
36050.000000000095 2.5511655190184684e-07
36100.000000000095 2.3139807242257573e-07
36150.000000000095 2.6060750368193087e-07
36200.000000000095 2.7104746024248963e-07
36250.000000000095 2.686301506404483e-07
36300.000000000095 2.974446954990396e-07
36350.000000000095 2.995226883590427e-07
36400.000000000095 3.3594172419525834e-07
36450.000000000095 3.302362113097428e-07
36500.000000000095 3.335375103499779e-07
36550.000000000095 3.556983062501206e-07
36600.000000000095 3.935522015901312e-07
36650.000000000095 3.8451016250492004e-07
36700.000000000095 4.0393389332596515e-07
36750.000000000095 4.376498501660441e-07
36800.000000000095 4.269258195944037e-07
36850.000000000095 4.1618682224630223e-07
36900.000000000095 4.087626222632888e-07
36950.000000000095 4.669972383131184e-07
37000.000000000095 4.4143107478469744e-07
37050.000000000095 4.725894766982324e-07
37100.000000000095 4.762243469518742e-07
37150.000000000095 4.984984649126046e-07
37200.000000000095 5.192166212671488e-07
37250.000000000095 4.7601391000661144e-07
37300.000000000095 4.866606615409829e-07
37350.000000000095 5.277199211033178e-07
37400.000000000095 5.882755571273208e-07
37450.000000000095 5.539333613532987e-07
37500.000000000095 5.20933075995602e-07
37550.000000000095 6.307162286966678e-07
37600.000000000095 6.561254343585663e-07
37650.000000000095 5.650829188772611e-07
37700.000000000095 6.280877044848658e-07
37750.000000000095 5.375309856310784e-07
37800.000000000095 6.174032099815748e-07
37850.000000000095 5.313904772448076e-07
37900.000000000095 6.127766109805491e-07
37950.000000000095 6.512347681944501e-07
38000.000000000095 7.018025310705574e-07
38050.000000000095 6.475459037436733e-07
38100.000000000095 6.957888915961739e-07
38150.000000000095 6.929791917999277e-07
38200.000000000095 7.35784851142395e-07
38250.000000000095 7.092035333036527e-07
38300.000000000095 7.945727391731346e-07
38350.000000000095 8.10420351701523e-07
38400.000000000095 6.645737086168382e-07
38450.000000000095 7.609704934685117e-07
38500.000000000095 7.094010784881462e-07
38550.000000000095 7.747842772674261e-07
38600.000000000095 7.822121653095882e-07
38650.000000000095 8.499386134520219e-07
38700.000000000095 8.5804191012085e-07
38750.000000000095 8.458594236931114e-07
38800.000000000095 7.935085754213657e-07
38850.000000000095 8.935562000421892e-07
38900.000000000095 8.88251349616769e-07
38950.000000000095 8.631388242454146e-07
39000.000000000095 9.390853841491747e-07
39050.000000000095 8.952876562495031e-07
39100.000000000095 8.590170599555714e-07
39150.000000000095 9.184082879859215e-07
39200.000000000095 8.861433584336296e-07
39250.000000000095 9.587963040341214e-07
39300.000000000095 9.503933125461853e-07
39350.000000000095 1.0169721371452331e-06
39400.000000000095 1.0113322148499757e-06
39450.000000000095 1.013617670172047e-06
39500.000000000095 9.473394916883795e-07
39550.000000000095 9.816249263089723e-07
39600.000000000095 9.96979018120583e-07
39650.000000000095 1.067071069586184e-06
39700.000000000095 1.011556422992873e-06
39750.000000000095 9.400526422420653e-07
39800.000000000095 1.015036171687039e-06
39850.000000000095 1.0752380418476324e-06
39900.000000000095 1.0558033873041784e-06
39950.000000000095 1.0576704941509857e-06
40000.000000000095 1.0651840842317673e-06
40050.000000000095 1.084102235005942e-06
40100.000000000095 1.0269962529333643e-06
40150.000000000095 1.129031111238088e-06
40200.000000000095 1.1423354332489652e-06
40250.000000000095 1.036571779766631e-06
40300.000000000095 1.1016546013833977e-06
40350.000000000095 1.0453538323809895e-06
40400.000000000095 1.1168954722426056e-06
40450.000000000095 1.0952616500366663e-06
40500.000000000095 1.0332155601099608e-06
40550.000000000095 1.140905934497258e-06
40600.000000000095 1.0347708201846225e-06
40650.000000000095 1.1365976520469174e-06
40700.000000000095 1.2397970211549395e-06
40750.000000000095 1.0772242486661013e-06
40800.000000000095 9.954731691822118e-07
40850.000000000095 1.1202763328014958e-06
40900.000000000095 1.0980780743443644e-06
40950.000000000095 1.0709749661807895e-06
41000.000000000095 1.0935192967820252e-06
41050.000000000095 1.1322714191728573e-06
41100.000000000095 1.0254914684647589e-06
41150.000000000095 1.0160391060273722e-06
41200.000000000095 1.1219030164205912e-06
41250.000000000095 1.1038029823507637e-06
41300.000000000095 9.329865065227747e-07
41350.000000000095 1.1412501511772574e-06
41400.000000000095 1.0673165942721754e-06
41450.000000000095 1.1053048163468792e-06
41500.000000000095 1.0471139189427565e-06
41550.000000000095 9.955619803011443e-07
41600.000000000095 1.0436083260271605e-06
41650.000000000095 1.0442655986352646e-06
41700.000000000095 9.697807828808245e-07
41750.000000000095 9.422582671338568e-07
41800.000000000095 1.1529616072150561e-06
41850.000000000095 7.689575367272834e-07
41900.000000000095 9.496408655465762e-07
41950.000000000095 1.041907314004695e-06
42000.000000000095 1.0351817397988444e-06
42050.000000000095 9.095348322000807e-07
42100.000000000095 1.0471650244307695e-06
42150.000000000095 8.047814044689228e-07
42200.000000000095 8.713828501222443e-07
42250.000000000095 9.177858128598148e-07
42300.000000000095 8.979971818203423e-07
42350.000000000095 9.498954010135613e-07
42400.000000000095 9.206518122259683e-07
42450.000000000095 8.328616019518508e-07
42500.000000000095 8.079401394837915e-07
42550.000000000095 8.031338038693148e-07
42600.000000000095 9.05969355956971e-07
42650.000000000095 1.0393108130317384e-06
42700.000000000095 8.63808193276217e-07
42750.000000000095 7.900398071989016e-07
42800.000000000095 8.039261225728907e-07
42850.000000000095 8.85908539416772e-07
42900.000000000095 9.267998133137152e-07
42950.000000000095 7.282229906513469e-07
43000.000000000095 9.150553344651368e-07
43050.000000000095 6.161274343211189e-07
43100.000000000095 7.986098516501412e-07
43150.000000000095 8.310674732953246e-07
43200.000000000095 8.167291640108833e-07
43250.000000000095 9.079333289888466e-07
43300.000000000095 9.379475363601612e-07
43350.000000000095 7.014841630953432e-07
43400.000000000095 8.34049840385778e-07
43450.000000000095 7.019853593596286e-07
43500.000000000095 7.346626306661382e-07
43550.000000000095 6.96000768175282e-07
43600.000000000095 8.203963367628439e-07
43650.000000000095 5.927398110016888e-07
43700.000000000095 8.437163828006406e-07
43750.000000000095 8.385433036135836e-07
43800.000000000095 6.992511110253467e-07
43850.000000000095 7.118216239598997e-07
43900.000000000095 6.616738505983781e-07
43950.000000000095 6.341927962215453e-07
44000.000000000095 4.5858751975303255e-07
44050.000000000095 6.352461065996519e-07
44100.000000000095 6.868736894942194e-07
44150.000000000095 6.827992453625794e-07
44200.000000000095 5.981370114150706e-07
44250.000000000095 5.501799362385209e-07
44300.000000000095 5.277458249954355e-07
44350.000000000095 4.628212864673666e-07
44400.000000000095 4.984390621505431e-07
44450.000000000095 5.245537386937001e-07
44500.000000000095 4.39215769718182e-07
44550.000000000095 4.916746657566211e-07
44600.000000000095 4.267127594267054e-07
44650.000000000095 4.898195198465284e-07
44700.000000000095 4.523815484290268e-07
44750.000000000095 4.789700918111621e-07
44800.000000000095 4.472356491318411e-07
44850.000000000095 4.4505206021929586e-07
44900.000000000095 3.736529907304092e-07
44950.000000000095 3.828589604059485e-07
45000.000000000095 4.0526599205506624e-07
45050.000000000095 4.129929722699192e-07
45100.000000000095 3.9125651041438833e-07
45150.000000000095 3.6979018760796194e-07
45200.000000000095 3.018430602571219e-07
45250.000000000095 3.3253877145228306e-07
45300.000000000095 3.7269482520294985e-07
45350.000000000095 3.7678144300045137e-07
45400.000000000095 3.214478430674536e-07
45450.000000000095 3.2094949574722414e-07
45500.000000000095 3.290849042646223e-07
45550.000000000095 3.7411818827789627e-07
45600.000000000095 3.260871578142927e-07
45650.000000000095 3.094443054237645e-07
45700.000000000095 3.6848237888091736e-07
45750.000000000095 3.3002166607542426e-07
45800.000000000095 3.0651596834431625e-07
45850.000000000095 4.261626403483804e-07
45900.000000000095 4.148234669959768e-07
45950.000000000095 3.2030746631376886e-07
46000.000000000095 4.0691360525723764e-07
46050.000000000095 4.1494713653888906e-07
46100.000000000095 3.2094274121953215e-07
46150.000000000095 3.8016247244365426e-07
46200.000000000095 3.720064000575674e-07
46250.000000000095 2.56197366642195e-07
46300.000000000095 4.437763912664859e-07
46350.000000000095 3.305794159882193e-07
46400.000000000095 3.876085241604269e-07
46450.000000000095 4.5571109794070553e-07
46500.000000000095 3.735528740783573e-07
46550.000000000095 4.3465846823629726e-07
46600.000000000095 4.3067673550945475e-07
46650.000000000095 6.295098683942655e-07
46700.000000000095 4.951723167452089e-07
46750.000000000095 4.002707474023034e-07
46800.000000000095 3.5033639649904185e-07
46850.000000000095 4.903673251868546e-07
46900.000000000095 4.334847403197973e-07
46950.000000000095 5.465549744771869e-07
47000.000000000095 3.6768941915587904e-07
47050.000000000095 5.507986349408938e-07
47100.000000000095 3.191840167462332e-07
47150.000000000095 4.102197766921587e-07
47200.000000000095 4.7169154069651507e-07
47250.000000000095 3.616261582330821e-07
47300.000000000095 3.86425626366633e-07
47350.000000000095 3.3444717433914363e-07
47400.000000000095 5.045722479567556e-07
47450.000000000095 3.509271362775347e-07
47500.000000000095 5.209305015135378e-07
47550.000000000095 3.534679917540612e-07
47600.000000000095 4.829429656467266e-07
47650.000000000095 3.358418718234791e-07
47700.000000000095 4.621654094057175e-07
47750.000000000095 2.871604747438072e-07
47800.000000000095 4.1678243338622965e-07
47850.000000000095 2.514100271304527e-07
47900.000000000095 3.9549982204014285e-07
47950.000000000095 3.402711228669541e-07
48000.000000000095 5.324587389047897e-07
48050.000000000095 3.738611479771144e-07
48100.000000000095 4.3894775491631696e-07
48150.000000000095 3.4432684650069124e-07
48200.000000000095 4.6524874560083087e-07
48250.000000000095 3.631142559010687e-07
48300.000000000095 5.717757799645576e-07
48350.000000000095 3.341562725603144e-07
48400.000000000095 4.0172459070080806e-07
48450.000000000095 3.2045801349108497e-07
48500.000000000095 5.505770503520977e-07
48550.000000000095 3.1695570772504484e-07
48600.000000000095 4.8673547744112e-07
48650.000000000095 3.210898041754718e-07
