galfind/configs/Brown_Dwarf_templates/sonora_cholla/logkzz2/1780g/1300K_1780g_logkzz2_resample.dat
# %ECSV 1.0
# ---
# datatype:
# - {name: wav, unit: Angstrom, datatype: float64}
# - {name: flux_nu, unit: erg / (cm2 Hz s), datatype: float64}
# schema: astropy-2.0
wav flux_nu
[from data line 387]
29350.000000000095 4.4403929225033664e-07
29400.000000000095 2.923367583642277e-07
29450.000000000095 2.810062186911381e-07
29500.000000000095 3.083034640731563e-07
29550.000000000095 2.8481344556030125e-07
29600.000000000095 3.677664048544406e-07
29650.000000000095 2.9421725764129886e-07
29700.000000000095 2.956390877452157e-07
29750.000000000095 3.514950516698607e-07
29800.000000000095 3.7894671440483223e-07
29850.000000000095 3.67774936973687e-07
29900.000000000095 3.5796357427741627e-07
29950.000000000095 3.5900115436692665e-07
30000.000000000095 3.624248017478923e-07
30050.000000000095 2.9417293403900406e-07
30100.000000000095 3.206686617203491e-07
30150.000000000095 4.240236541635339e-07
30200.000000000095 3.3047306007571585e-07
30250.000000000095 4.068138022868102e-07
30300.000000000095 3.607086579418218e-07
30350.000000000095 3.50716139026918e-07
30400.000000000095 3.6660178793874786e-07
30450.000000000095 3.137349402920344e-07
30500.000000000095 3.0361538569644246e-07
30550.000000000095 3.187317611944671e-07
30600.000000000095 3.3710494864087537e-07
30650.000000000095 3.0861280112352e-07
30700.000000000095 2.7993166292504033e-07
30750.000000000095 2.595024238758594e-07
30800.000000000095 2.659037307240505e-07
30850.000000000095 2.3953860761581864e-07
30900.000000000095 2.4496957184794174e-07
30950.000000000095 1.8543606428790413e-07
31000.000000000095 2.0721061871680783e-07
31050.000000000095 2.2987971193613753e-07
31100.000000000095 1.644773647934967e-07
31150.000000000095 1.8858792566792324e-07
31200.000000000095 1.9509657012431854e-07
31250.000000000095 1.6934469139213817e-07
31300.000000000095 1.6306574035028782e-07
31350.000000000095 1.5835811828011758e-07
31400.000000000095 1.256761821383063e-07
31450.000000000095 1.5881897178822564e-07
31500.000000000095 1.3368248427623274e-07
31550.000000000095 1.4907799562495755e-07
31600.000000000095 1.2045903125568652e-07
31650.000000000095 1.228940938734548e-07
31700.000000000095 1.3213471057673218e-07
31750.000000000095 1.073390516364045e-07
31800.000000000095 1.2034169495827485e-07
31850.000000000095 1.1179583227361686e-07
31900.000000000095 1.1178381345111752e-07
31950.000000000095 1.138796756990679e-07
32000.000000000095 1.1474578875946626e-07
32050.000000000095 9.906079881848992e-08
32100.000000000095 9.4220862719477e-08
32150.000000000095 1.1944113572320507e-07
32200.000000000095 9.51325239574825e-08
32250.000000000095 1.2209529470916734e-07
32300.000000000095 9.15578704061018e-08
32350.000000000095 1.4537920159232258e-07
32400.000000000095 1.1027989232039951e-07
32450.000000000095 1.4522869076425175e-07
32500.000000000095 1.1744389671856465e-07
32550.000000000095 1.3453848760358734e-07
32600.000000000095 1.5279643156934568e-07
32650.000000000095 1.690911034625894e-07
32700.000000000095 1.5077350846833853e-07
32750.000000000095 1.8648897182486392e-07
32800.000000000095 1.6163407552578904e-07
32850.000000000095 1.9263148955715514e-07
32900.000000000095 2.0611245308669053e-07
32950.000000000095 2.1454990112909244e-07
33000.000000000095 1.960560090918517e-07
33050.000000000095 1.8360812235473846e-07
33100.000000000095 1.2538614795906948e-07
33150.000000000095 5.389289322925476e-08
33200.000000000095 5.505934372917633e-08
33250.000000000095 3.664316217323947e-08
33300.000000000095 3.906056954401845e-08
33350.000000000095 5.386864552055081e-08
33400.000000000095 6.821556585482973e-08
33450.000000000095 8.148236706867816e-08
33500.000000000095 1.0084942549714837e-07
33550.000000000095 1.0367871911140099e-07
33600.000000000095 1.3997899330683262e-07
33650.000000000095 1.5255412679331026e-07
33700.000000000095 1.401147891259303e-07
33750.000000000095 1.7911805967252407e-07
33800.000000000095 1.402953214783673e-07
33850.000000000095 1.7753361260776605e-07
33900.000000000095 1.5624749024687364e-07
33950.000000000095 1.7233094161192954e-07
34000.000000000095 1.7708142301568953e-07
34050.000000000095 1.06615440276475e-07
34100.000000000095 1.7513861365047526e-07
34150.000000000095 1.3323178248403927e-07
34200.000000000095 1.5631949133792072e-07
34250.000000000095 1.455642208536613e-07
34300.000000000095 1.2065000298877824e-07
34350.000000000095 1.562405269880544e-07
34400.000000000095 1.3171879687449113e-07
34450.000000000095 1.6711495753230928e-07
34500.000000000095 1.5727121394739847e-07
34550.000000000095 1.1758345468351773e-07
34600.000000000095 1.7726864998595513e-07
34650.000000000095 1.2730299696716008e-07
34700.000000000095 1.3851570814252168e-07
34750.000000000095 1.4852630965767322e-07
34800.000000000095 1.0416819245475047e-07
34850.000000000095 1.5058774584009133e-07
34900.000000000095 1.6637051422296457e-07
34950.000000000095 1.441615220321307e-07
35000.000000000095 1.9027842345593166e-07
35050.000000000095 1.4838544253229832e-07
35100.000000000095 1.8288772976951512e-07
35150.000000000095 1.6834615004052275e-07
35200.000000000095 2.0493146465162407e-07
35250.000000000095 2.3189016731656487e-07
35300.000000000095 1.5358283378344228e-07
35350.000000000095 2.0676391510592173e-07
35400.000000000095 2.0743583691511676e-07
35450.000000000095 1.849130137593681e-07
35500.000000000095 2.460633461357021e-07
35550.000000000095 2.2739070446139037e-07
35600.000000000095 2.3785967111684657e-07
35650.000000000095 2.4965505962633946e-07
35700.000000000095 1.8381346937142073e-07
35750.000000000095 2.5514828211359646e-07
35800.000000000095 2.653894912831305e-07
35850.000000000095 2.1579335783617597e-07
35900.000000000095 2.8852369580541526e-07
35950.000000000095 2.704483398171308e-07
36000.000000000095 2.4883797137882886e-07
36050.000000000095 3.0204310717524833e-07
36100.000000000095 2.7553238114764646e-07
36150.000000000095 3.0570455888031955e-07
36200.000000000095 3.184213591062248e-07
36250.000000000095 3.152467967313006e-07
36300.000000000095 3.485714540762779e-07
36350.000000000095 3.502767038251309e-07
36400.000000000095 3.892955420260084e-07
36450.000000000095 3.83598780812301e-07
36500.000000000095 3.9036794620385297e-07
36550.000000000095 4.072143005486507e-07
36600.000000000095 4.4949464498782475e-07
36650.000000000095 4.407033634281867e-07
36700.000000000095 4.671586237146777e-07
36750.000000000095 5.011509120062159e-07
36800.000000000095 4.920507143407092e-07
36850.000000000095 4.837082913917429e-07
36900.000000000095 4.715024115265927e-07
36950.000000000095 5.374870440760004e-07
37000.000000000095 5.110423651403274e-07
37050.000000000095 5.425122865050254e-07
37100.000000000095 5.496731247527215e-07
37150.000000000095 5.743759757995935e-07
37200.000000000095 5.95651032945589e-07
37250.000000000095 5.531582535075504e-07
37300.000000000095 5.665334475312802e-07
37350.000000000095 6.052434321081934e-07
37400.000000000095 6.737317979248805e-07
37450.000000000095 6.420603607604425e-07
37500.000000000095 6.080989000282108e-07
37550.000000000095 7.22678852518373e-07
37600.000000000095 7.518940079073437e-07
37650.000000000095 6.593486151771036e-07
37700.000000000095 7.242010160273013e-07
37750.000000000095 6.289896201928495e-07
37800.000000000095 7.178175061022458e-07
37850.000000000095 6.264838323961992e-07
37900.000000000095 7.169177078116075e-07
37950.000000000095 7.568725229061546e-07
38000.000000000095 8.093776297093591e-07
38050.000000000095 7.533543320207427e-07
38100.000000000095 8.040877165990173e-07
38150.000000000095 8.031493871095314e-07
38200.000000000095 8.551489987998705e-07
38250.000000000095 8.220892260429108e-07
38300.000000000095 9.100719763656317e-07
38350.000000000095 9.329692504633787e-07
38400.000000000095 7.770084522451748e-07
38450.000000000095 8.932490563212877e-07
38500.000000000095 8.420999688274229e-07
38550.000000000095 9.090906565259368e-07
38600.000000000095 9.20163525625689e-07
38650.000000000095 9.895344502258711e-07
38700.000000000095 9.96207051389058e-07
38750.000000000095 9.838010435590691e-07
38800.000000000095 9.291416575599393e-07
38850.000000000095 1.0391316786087836e-06
38900.000000000095 1.0246040501898527e-06
38950.000000000095 1.0094833858853699e-06
39000.000000000095 1.090772406776082e-06
39050.000000000095 1.0493076787559413e-06
39100.000000000095 9.941063320495004e-07
39150.000000000095 1.0700044534767348e-06
39200.000000000095 1.0330238370162252e-06
39250.000000000095 1.1077775781145548e-06
39300.000000000095 1.1040424866146597e-06
39350.000000000095 1.1720464458394628e-06
39400.000000000095 1.171881698924165e-06
39450.000000000095 1.1735604124853724e-06
39500.000000000095 1.0876635424388578e-06
39550.000000000095 1.133872218266512e-06
39600.000000000095 1.1568652034511824e-06
39650.000000000095 1.2174245056615853e-06
39700.000000000095 1.16392668319809e-06
39750.000000000095 1.095337565925716e-06
39800.000000000095 1.1669112789092914e-06
39850.000000000095 1.22915032779893e-06
39900.000000000095 1.201233253664496e-06
39950.000000000095 1.2137199042151816e-06
40000.000000000095 1.2028438020484628e-06
40050.000000000095 1.23423463793427e-06
40100.000000000095 1.1946351270613748e-06
40150.000000000095 1.280396021060173e-06
40200.000000000095 1.2987459617497444e-06
40250.000000000095 1.1647430635459626e-06
40300.000000000095 1.2429790464568517e-06
40350.000000000095 1.1943691308556712e-06
40400.000000000095 1.260958797714752e-06
40450.000000000095 1.246571584099326e-06
40500.000000000095 1.1550617785058345e-06
40550.000000000095 1.291635758790961e-06
40600.000000000095 1.153011303778735e-06
40650.000000000095 1.2862975936994746e-06
40700.000000000095 1.3869225181542538e-06
40750.000000000095 1.2034186527329595e-06
40800.000000000095 1.117137561812647e-06
40850.000000000095 1.2385321764448978e-06
40900.000000000095 1.213872864909279e-06
40950.000000000095 1.2019572841663257e-06
41000.000000000095 1.2214201996226232e-06
41050.000000000095 1.2589812917336785e-06
41100.000000000095 1.1423812505342095e-06
41150.000000000095 1.1434550392545038e-06
41200.000000000095 1.2379688683162573e-06
41250.000000000095 1.2274369538426373e-06
41300.000000000095 1.033083925214369e-06
41350.000000000095 1.260793524672012e-06
41400.000000000095 1.1830555083018805e-06
41450.000000000095 1.2212324982211728e-06
41500.000000000095 1.1707996454759698e-06
41550.000000000095 1.1144675926996186e-06
41600.000000000095 1.1524338674000193e-06
41650.000000000095 1.1528694653810887e-06
41700.000000000095 1.0741256436130259e-06
41750.000000000095 1.0397910018987314e-06
41800.000000000095 1.2691758473025422e-06
41850.000000000095 8.466890674151909e-07
41900.000000000095 1.0561145300335333e-06
41950.000000000095 1.1453339116111408e-06
42000.000000000095 1.1321710970315814e-06
42050.000000000095 9.951406585173672e-07
42100.000000000095 1.1325808388494323e-06
42150.000000000095 8.790286713960162e-07
42200.000000000095 9.553571383751013e-07
42250.000000000095 1.0046641589171144e-06
42300.000000000095 9.774048942108084e-07
42350.000000000095 1.0340120375545323e-06
42400.000000000095 9.864966832609757e-07
42450.000000000095 9.022729992807854e-07
42500.000000000095 8.760932070746153e-07
42550.000000000095 8.762117076529949e-07
42600.000000000095 9.85613292066846e-07
42650.000000000095 1.119597406510599e-06
42700.000000000095 9.483940604091004e-07
42750.000000000095 8.694067667160075e-07
42800.000000000095 8.736243983846816e-07
42850.000000000095 9.632204863450003e-07
42900.000000000095 1.000859869092664e-06
42950.000000000095 7.893439008442052e-07
43000.000000000095 9.895900247694327e-07
43050.000000000095 6.8435280346481e-07
43100.000000000095 8.698620510964541e-07
43150.000000000095 9.093914680570884e-07
43200.000000000095 8.857550346310268e-07
43250.000000000095 9.583732343813108e-07
43300.000000000095 1.0004793901185484e-06
43350.000000000095 7.738003682311619e-07
43400.000000000095 9.011339919888479e-07
43450.000000000095 7.662026536571361e-07
43500.000000000095 7.948825978332168e-07
43550.000000000095 7.448692139030978e-07
43600.000000000095 8.802384117206471e-07
43650.000000000095 6.452649075720842e-07
43700.000000000095 8.950676271578252e-07
43750.000000000095 8.944780912982273e-07
43800.000000000095 7.4821551599498e-07
43850.000000000095 7.6946719867105e-07
43900.000000000095 7.070829360341293e-07
43950.000000000095 6.940751490289799e-07
44000.000000000095 5.071411780046508e-07
44050.000000000095 6.816644323752176e-07
44100.000000000095 7.289694505038449e-07
44150.000000000095 7.269173401092108e-07
44200.000000000095 6.385882916891782e-07
44250.000000000095 6.011925435236234e-07
44300.000000000095 5.798405330857726e-07
44350.000000000095 4.995138680915704e-07
44400.000000000095 5.437513698227743e-07
44450.000000000095 5.676882290472354e-07
44500.000000000095 4.751849453895923e-07
44550.000000000095 5.27581261073246e-07
44600.000000000095 4.6487348191326736e-07
44650.000000000095 5.319599943783229e-07
44700.000000000095 4.951034683159631e-07
44750.000000000095 5.230541181995629e-07
44800.000000000095 4.913744336648918e-07
44850.000000000095 4.846833305085469e-07
44900.000000000095 4.1240459013491825e-07
44950.000000000095 4.241041123782065e-07
45000.000000000095 4.4614500395518427e-07
45050.000000000095 4.540383508171939e-07
45100.000000000095 4.275238003722465e-07
45150.000000000095 4.078395409629713e-07
45200.000000000095 3.383660346109104e-07
45250.000000000095 3.705596699347628e-07
45300.000000000095 4.1373748842973877e-07
45350.000000000095 4.180715584651572e-07
45400.000000000095 3.5592561768799284e-07
45450.000000000095 3.5693824317756357e-07
45500.000000000095 3.6355934335148644e-07
45550.000000000095 4.114039390228502e-07
45600.000000000095 3.61179274382662e-07
45650.000000000095 3.4521919586644044e-07
45700.000000000095 4.1029621664400984e-07
45750.000000000095 3.695461900458871e-07
45800.000000000095 3.437816407669215e-07
45850.000000000095 4.712643346061886e-07
45900.000000000095 4.580101139102459e-07
45950.000000000095 3.603974707659372e-07
46000.000000000095 4.5065979820783054e-07
46050.000000000095 4.5960404172343184e-07
46100.000000000095 3.59178337729602e-07
46150.000000000095 4.2167574472358295e-07
46200.000000000095 4.132666363806639e-07
46250.000000000095 2.880125845376247e-07
46300.000000000095 4.905093171533289e-07
46350.000000000095 3.6647540499950855e-07
46400.000000000095 4.2708456687580123e-07
46450.000000000095 4.991151061169195e-07
46500.000000000095 4.160584329593538e-07
46550.000000000095 4.817591377309894e-07
46600.000000000095 4.771152096059222e-07
46650.000000000095 6.790688731230789e-07
46700.000000000095 5.43986651942193e-07
46750.000000000095 4.442262339426152e-07
46800.000000000095 3.949713698362308e-07
46850.000000000095 5.349220186272842e-07
46900.000000000095 4.749592978645852e-07
46950.000000000095 5.960613834648526e-07
47000.000000000095 4.0867997485447216e-07
47050.000000000095 6.028055062023255e-07
47100.000000000095 3.6015811494646356e-07
47150.000000000095 4.5429730940731905e-07
47200.000000000095 5.177985618675523e-07
47250.000000000095 4.058338344654608e-07
47300.000000000095 4.341458122509913e-07
47350.000000000095 3.723701486876709e-07
47400.000000000095 5.501148365581637e-07
47450.000000000095 3.931029011186736e-07
47500.000000000095 5.680814993548211e-07
47550.000000000095 3.948825564553763e-07
47600.000000000095 5.281345300797197e-07
47650.000000000095 3.7652448127720264e-07
47700.000000000095 5.068012681041621e-07
47750.000000000095 3.229517866843179e-07
47800.000000000095 4.6314698557862127e-07
47850.000000000095 2.82945817477509e-07
47900.000000000095 4.4255353922990743e-07
47950.000000000095 3.7695870903089424e-07
48000.000000000095 5.816845008767362e-07
48050.000000000095 4.1272057702791146e-07
48100.000000000095 4.887165362871782e-07
48150.000000000095 3.8270776151004766e-07
48200.000000000095 5.129655420300517e-07
48250.000000000095 4.050548863991314e-07
48300.000000000095 6.21001536598086e-07
48350.000000000095 3.712849415416849e-07
48400.000000000095 4.5651951348643153e-07
48450.000000000095 3.5319169058964467e-07
48500.000000000095 6.038860037106488e-07
48550.000000000095 3.513032336155559e-07
48600.000000000095 5.328893017533866e-07
