galfind/configs/Brown_Dwarf_templates/sonora_cholla/logkzz2/1780g/500K_1780g_logkzz2_resample.dat
# %ECSV 1.0
# ---
# datatype:
# - {name: wav, unit: Angstrom, datatype: float64}
# - {name: flux_nu, unit: erg / (cm2 Hz s), datatype: float64}
# schema: astropy-2.0
wav flux_nu
[from data line 417]
23850.04800076804 7.140946418184058e-12
23900.04800076804 1.5163135593379375e-11
23950.04800076804 7.29728511616262e-12
24000.04800076804 1.7754447339741988e-11
24050.04800076804 1.7892789964230042e-11
24100.04800076804 2.1190458688997157e-11
24150.04800076804 3.070113078822391e-11
24200.04800076804 2.5040696415071906e-11
24250.04800076804 1.891871708792622e-11
24300.04800076804 4.02011018057552e-11
24350.04800076804 2.6435536498587993e-11
24400.04800076804 6.113911181482474e-11
24450.04800076804 5.857001248179036e-11
24500.04800076804 4.998100738778084e-11
24550.04800076804 9.019776163372097e-11
24600.04800076804 1.0555900976850207e-10
24650.04800076804 1.2629181800065457e-10
24700.04800076804 9.708144665755687e-11
24750.04800076804 1.233565130545513e-10
24800.04800076804 1.0440242089755895e-10
24850.04800076804 1.4411725310686972e-10
24900.04800076804 6.137932833639078e-11
24950.04800076804 1.1208374303470458e-10
25000.04800076804 1.2661086746211836e-10
25050.04800076804 6.092537253094889e-11
25100.04800076804 1.0426575902009123e-10
25150.04800076804 4.540382864488215e-11
25200.04800076804 6.952515777921773e-11
25250.04800076804 2.5173912103574065e-11
25300.04800076804 3.1845073697408076e-11
25350.04800076804 1.404888464496887e-11
25400.04800076804 3.6370259175046385e-11
25450.04800076804 1.1913627951122655e-11
25500.04800076804 1.000922983054043e-11
25550.04800076804 2.5251259234762663e-11
25600.04800076804 1.2078253668442136e-11
25650.04800076804 5.5680375467611416e-12
25700.04800076804 6.097052260115101e-12
25750.04800076804 2.4749463024475313e-12
25800.04800076804 9.935580221682e-12
25850.04800076804 2.160490562291043e-12
25900.04800076804 3.3944143411617096e-12
25950.04800076804 1.1097212757586823e-12
26000.04800076804 7.946782405498909e-12
26050.04800076804 1.4452204338772377e-12
26100.04800076804 5.966822299761427e-12
26150.04800076804 2.6293135319166232e-12
26200.04800076804 3.5174554181877618e-12
26250.04800076804 1.7311492766159888e-11
26300.04800076804 3.903593497259337e-12
26350.04800076804 3.308728213416286e-11
26400.04800076804 5.412938810310682e-11
26450.04800076804 2.639182564592609e-11
26500.04800076804 6.701522445703289e-11
26550.04800076804 8.633919606835177e-12
26600.04800076804 7.667291982026437e-12
26650.04800076804 1.8390158847457685e-12
26700.04800076804 1.40909322885431e-12
26750.04800076804 2.113220024827667e-12
26800.04800076804 5.262459192054854e-12
26850.04800076804 3.502396165638089e-12
26900.04800076804 1.2953804680728684e-11
26950.04800076804 4.675211788790899e-12
27000.04800076804 1.911418428271517e-11
27050.04800076804 2.8708326106287132e-11
27100.04800076804 3.746841442449172e-12
27150.04800076804 2.9915463616086295e-11
27200.04800076804 3.532747931359147e-12
27250.04800076804 9.317559552236643e-12
27300.04800076804 7.172104043498907e-11
27350.04800076804 2.2562603255061456e-11
27400.04800076804 2.1953947583983925e-12
27450.04800076804 2.8278607016828823e-11
27500.04800076804 4.090853501269985e-11
27550.04800076804 7.29763759817155e-12
27600.04800076804 1.9737703325951454e-11
27650.04800076804 6.372545487872289e-12
27700.04800076804 6.649448319516637e-12
27750.04800076804 2.8590598061430614e-11
27800.04800076804 1.2083057580671529e-11
27850.04800076804 1.736303541241831e-11
27900.04800076804 2.5358476924333065e-11
27950.04800076804 4.767394256353197e-11
28000.04800076804 4.319330833589794e-11
28050.04800076804 7.706899421858521e-12
28100.04800076804 6.04263135399888e-11
28150.04800076804 4.492613545855052e-11
28200.04800076804 1.3582198348971214e-11
28250.04800076804 8.13907636923049e-11
28300.04800076804 8.799869616487075e-11
28350.04800076804 1.5619364625776336e-11
28400.04800076804 5.987917218314522e-11
28450.04800076804 1.1677927811947548e-10
28500.04800076804 5.167127284480148e-11
28550.04800076804 1.9508377428589824e-11
28600.04800076804 9.621641440973172e-11
28650.04800076804 5.920648431151549e-11
28700.04800076804 8.818800774540785e-11
28750.04800076804 2.0027014554377488e-10
28800.04800076804 8.678854844349827e-11
28850.04800076804 1.777832553979959e-10
28900.04800076804 9.605897535963012e-11
28950.04800076804 1.4212041934540127e-10
29000.04800076804 9.956606772564171e-11
29050.04800076804 1.5156818531147368e-10
29100.04800076804 7.659717598800964e-11
29150.04800076804 1.2852346774514617e-10
29200.04800076804 2.2394400750485516e-10
29250.04800076804 2.238710461874289e-10
29300.04800076804 1.475197619763013e-10
29350.04800076804 4.528009615244251e-10
29400.04800076804 1.5040869241375196e-10
29450.04800076804 9.144318148801308e-11
29500.04800076804 4.334870880234369e-10
29550.04800076804 1.5724403729521424e-10
29600.04800076804 2.291012398829933e-10
29650.04800076804 6.23734509210343e-10
29700.04800076804 1.225408155926371e-10
29750.04800076804 3.3686286918031104e-10
29800.04800076804 2.3702413725438624e-10
29850.04800076804 6.347238261536422e-10
29900.04800076804 3.394035758409626e-10
29950.04800076804 2.566446170446959e-10
30000.04800076804 1.4066530123746145e-11
30050.04800076804 6.746172329795546e-11
30100.04800076804 2.052279370499803e-10
30150.04800076804 5.417231721904548e-10
30200.04800076804 3.1673393021353785e-10
30250.04800076804 7.588886088743518e-10
30300.04800076804 8.074045120190584e-10
30350.04800076804 2.0426222998846952e-10
30400.04800076804 8.939534989408044e-10
30450.04800076804 6.731042143249688e-10
30500.04800076804 4.285627407393572e-10
30550.04800076804 3.059616538326887e-10
30600.04800076804 2.434883624658793e-09
30650.04800076804 1.0859491760789385e-09
30700.04800076804 5.493321965985501e-10
30750.04800076804 1.1116707686644345e-09
30800.04800076804 9.522644477252667e-10
30850.04800076804 1.1122388484570775e-09
30900.04800076804 6.609994598281293e-10
30950.04800076804 4.0901542929777423e-10
31000.04800076804 6.344979020643325e-10
31050.04800076804 4.816018034200498e-10
31100.04800076804 2.4150917887739513e-10
31150.04800076804 4.365557007661501e-10
31200.04800076804 1.335053519553929e-09
31250.04800076804 4.868210566536098e-10
31300.04800076804 3.2488020947697486e-10
31350.04800076804 8.27112359696865e-10
31400.04800076804 4.555673272334103e-10
31450.04800076804 5.491446707642313e-10
31500.04800076804 2.146672775380867e-10
31550.04800076804 3.428561525446946e-10
31600.04800076804 2.753485075412098e-10
31650.04800076804 1.9501240703052731e-10
31700.04800076804 2.122789415932994e-10
31750.04800076804 9.051610406539654e-11
31800.04800076804 1.929734496546791e-10
31850.04800076804 4.887137235421637e-11
31900.04800076804 1.1626185779977026e-10
31950.04800076804 6.599429148113468e-11
32000.04800076804 5.610245145377201e-11
32050.04800076804 6.172600750298738e-11
32100.04800076804 4.801023304389967e-11
32150.04800076804 6.18369963480337e-11
32200.04800076804 3.513876458740585e-11
32250.04800076804 6.921001608021684e-11
32300.04800076804 2.70171842357892e-11
32350.04800076804 7.686794113611916e-11
32400.04800076804 2.241994615065191e-11
32450.04800076804 5.863956012866292e-11
32500.04800076804 2.4168723284782053e-11
32550.04800076804 6.126686434311489e-11
32600.04800076804 2.6149973882941945e-11
32650.04800076804 9.978019543737315e-11
32700.04800076804 3.5492973478577385e-11
32750.04800076804 1.717790671974942e-10
32800.04800076804 1.0216032332139168e-10
32850.04800076804 2.926912120005201e-10
32900.04800076804 2.4445833931542155e-10
32950.04800076804 2.774000645467023e-10
33000.04800076804 1.088545188689831e-10
33050.04800076804 1.2521865343427895e-10
33100.04800076804 3.9242778630868694e-11
33150.04800076804 5.871941789161608e-13
33200.04800076804 4.495646989905235e-12
33250.04800076804 6.4917977801527106e-12
33300.04800076804 3.49018017343199e-11
33350.04800076804 7.848455423519563e-11
33400.04800076804 1.8519835042822397e-10
33450.04800076804 8.169041995041104e-11
33500.04800076804 2.7266011411826994e-10
33550.04800076804 7.913062654309859e-11
33600.04800076804 1.3788358707038126e-10
33650.04800076804 1.541696588736523e-10
33700.04800076804 6.439043403709559e-11
33750.04800076804 1.8533100667268087e-10
33800.04800076804 3.649763345074878e-11
33850.04800076804 1.0893582031264455e-10
33900.04800076804 1.04684636856876e-10
33950.04800076804 1.033173814960962e-10
34000.04800076804 2.057483910292246e-10
34050.04800076804 4.421649899412778e-11
34100.04800076804 1.7035647254071158e-10
34150.04800076804 7.059137093228004e-11
34200.04800076804 1.9540508329822944e-10
34250.04800076804 1.2136338641695025e-10
34300.04800076804 1.1110317677321276e-10
34350.04800076804 3.1376331342297865e-10
34400.04800076804 8.331576816793501e-11
34450.04800076804 2.842377226144377e-10
34500.04800076804 1.48569245361799e-10
34550.04800076804 1.6105857718298335e-10
34600.04800076804 5.790861139805219e-10
34650.04800076804 8.140494953094582e-11
34700.04800076804 3.9014301576848186e-10
34750.04800076804 2.2604260461424644e-10
34800.04800076804 1.6927870468434775e-10
34850.04800076804 6.006372062721931e-10
34900.04800076804 1.4653843546375506e-10
34950.04800076804 5.735655187224861e-10
35000.04800076804 7.413975007638062e-10
35050.04800076804 4.667456779749951e-10
35100.04800076804 1.178065389415416e-09
35150.04800076804 9.270573322380169e-10
35200.04800076804 7.938590004175687e-10
35250.04800076804 1.2631395452279352e-09
35300.04800076804 3.9660045107469574e-10
35350.04800076804 5.647253652714055e-10
35400.04800076804 4.028118812498314e-10
35450.04800076804 3.5756347660653413e-10
35500.04800076804 1.2867600820830895e-09
35550.04800076804 7.718125500541317e-10
35600.04800076804 1.1473426381776418e-09
35650.04800076804 1.2498333296985226e-09
35700.04800076804 1.2193697725741405e-09
35750.04800076804 2.061154446507879e-09
35800.04800076804 9.351887047972077e-10
35850.04800076804 5.44504352816638e-10
35900.04800076804 9.357181003014147e-10
35950.04800076804 1.403510939667472e-09
36000.04800076804 1.1781669961656197e-09
36050.04800076804 1.057061583276702e-09
36100.04800076804 9.891301371066683e-10
36150.04800076804 2.8311276194365073e-09
36200.04800076804 2.6426273207457853e-09
36250.04800076804 1.6800243426303006e-09
36300.04800076804 3.791559383039816e-09
36350.04800076804 2.444453561030138e-09
36400.04800076804 4.0758173122896474e-09
36450.04800076804 2.4645243415149838e-09
36500.04800076804 2.6569913401011986e-09
36550.04800076804 6.010497911371968e-09
36600.04800076804 6.987268060433653e-09
36650.04800076804 3.616625910415409e-09
36700.04800076804 4.0150746548823224e-09
36750.04800076804 6.652706218400808e-09
36800.04800076804 7.08409713081279e-09
36850.04800076804 3.265719943692123e-09
36900.04800076804 4.3800253574084454e-09
36950.04800076804 7.45473447773135e-09
37000.04800076804 4.970200313425976e-09
37050.04800076804 7.633215322101634e-09
37100.04800076804 3.0985350233140607e-09
37150.04800076804 5.4751535743305304e-09
37200.04800076804 1.0434018077708197e-08
37250.04800076804 4.975108284067773e-09
37300.04800076804 3.3820816144303817e-09
37350.04800076804 6.732759321633285e-09
37400.04800076804 1.1117056841022343e-08
37450.04800076804 4.194886590458759e-09
37500.04800076804 5.08109718782619e-09
37550.04800076804 1.410062747220018e-08
37600.04800076804 2.0387744547372117e-08
37650.04800076804 5.371366148595208e-09
37700.04800076804 9.905471961794728e-09
37750.04800076804 7.0419259741539426e-09
37800.04800076804 7.996880278847101e-09
37850.04800076804 4.29108919301361e-09
37900.04800076804 5.371142887417459e-09
37950.04800076804 8.412047151708822e-09
38000.04800076804 8.3534382298536e-09
38050.04800076804 1.1766853049471704e-08
38100.04800076804 1.744484530316777e-08
38150.04800076804 1.906508538700657e-08
38200.04800076804 1.2557193395439704e-08
38250.04800076804 1.702899476334792e-08
38300.04800076804 3.053493537714833e-08
38350.04800076804 2.2797216432503303e-08
38400.04800076804 9.8316207873894e-09
38450.04800076804 4.5540013826889745e-09
38500.04800076804 3.909533743353821e-09
38550.04800076804 1.1899617390165408e-08
38600.04800076804 1.4422410964112586e-08
38650.04800076804 1.5344328683905205e-08
38700.04800076804 1.503225951768185e-08
38750.04800076804 1.520370627696225e-08
38800.04800076804 1.3494648118679078e-08
38850.04800076804 1.7138288606095408e-08
38900.04800076804 1.85890973658347e-08
38950.04800076804 1.2098018832352976e-08
39000.04800076804 2.0180297002984734e-08
39050.04800076804 1.1193687526909005e-08
39100.04800076804 1.545460876927364e-08
39150.04800076804 2.2617346452754613e-08
39200.04800076804 1.8055529495182378e-08
39250.04800076804 2.2114887622491968e-08
39300.04800076804 1.7246085082395644e-08
39350.04800076804 3.2825117199146484e-08
39400.04800076804 1.9808946799626593e-08
39450.04800076804 2.7151180257949677e-08
39500.04800076804 3.157936695218659e-08
39550.04800076804 1.566901137650223e-08
39600.04800076804 2.3764503646650285e-08
39650.04800076804 4.00221333374653e-08
39700.04800076804 3.292153787617778e-08
39750.04800076804 1.3675721153216385e-08
39800.04800076804 1.448316009683325e-08
39850.04800076804 3.908756117155533e-08
39900.04800076804 4.3437482452467016e-08
39950.04800076804 2.1683829710781913e-08
40000.04800076804 3.615402723629089e-08
40050.04800076804 3.5988646967771226e-08
40100.04800076804 1.1372818306207997e-08
40150.04800076804 3.23244739958669e-08
40200.04800076804 3.944292430921019e-08
40250.04800076804 4.4114779792448676e-08
40300.04800076804 4.1979206794102574e-08
40350.04800076804 1.9606744356772182e-08
40400.04800076804 3.240269552309944e-08
40450.04800076804 1.833964270660369e-08
40500.04800076804 4.068970907694639e-08
40550.04800076804 4.036348757506565e-08
40600.04800076804 4.227235555714245e-08
40650.04800076804 2.9809880070253067e-08
40700.04800076804 5.73223541744635e-08
40750.04800076804 4.0727356778177195e-08
40800.04800076804 2.3031950089629286e-08
40850.04800076804 5.876813091067515e-08
40900.04800076804 5.7666257483687895e-08
40950.04800076804 3.5582653540029204e-08
41000.04800076804 4.033472420554361e-08
41050.04800076804 6.435371337143328e-08
41100.04800076804 5.1399260522081336e-08
41150.04800076804 1.9363014559484373e-08
41200.04800076804 5.770279472646385e-08
41250.04800076804 5.2836616072773155e-08
41300.04800076804 5.91329718936785e-08
41350.04800076804 7.339773866806682e-08
41400.04800076804 5.7128109903181556e-08
41450.04800076804 6.833477396947718e-08
41500.04800076804 4.1446224513025606e-08
41550.04800076804 3.791539583375789e-08
41600.04800076804 4.335836897240434e-08
41650.04800076804 6.607313595272913e-08
41700.04800076804 7.796748726888324e-08
41750.04800076804 6.270530575015878e-08
41800.04800076804 7.227018593695744e-08
41850.04800076804 5.1298124009881685e-08
41900.04800076804 4.313832670367536e-08
41950.04800076804 5.094676741597055e-08
42000.04800076804 4.1579715474318126e-08
42050.04800076804 4.129213889339402e-08
42100.04800076804 5.2818053772767114e-08
42150.04800076804 4.9582540459763006e-08
42200.04800076804 5.383598063277557e-08
42250.04800076804 4.241372655639233e-08
42300.04800076804 3.933428784966216e-08
42350.04800076804 6.028696257398927e-08
42400.04800076804 6.951859072290224e-08
42450.04800076804 6.776058832458643e-08
42500.04800076804 7.114089606071578e-08
42550.04800076804 6.410746229487597e-08
42600.04800076804 5.700416955455388e-08
42650.04800076804 8.124743354789555e-08
42700.04800076804 4.30617140988837e-08
42750.04800076804 5.3548251387677915e-08
42800.04800076804 7.634779238739098e-08
42850.04800076804 8.073669390367359e-08
42900.04800076804 7.894449513785523e-08
42950.04800076804 6.233646655863563e-08
43000.04800076804 7.296843451582159e-08
43050.04800076804 3.83533584779607e-08
43100.04800076804 6.468369843462584e-08
43150.04800076804 6.098653721343346e-08
43200.04800076804 7.111634883221485e-08
43250.04800076804 1.0124652499172874e-07
43300.04800076804 8.642646688137365e-08
43350.04800076804 4.92955574548666e-08
43400.04800076804 7.036307174789272e-08
43450.04800076804 5.581542458838821e-08
43500.04800076804 5.437919827370596e-08
43550.04800076804 5.092894068685309e-08
43600.04800076804 8.253302233029538e-08
