galfind/configs/Brown_Dwarf_templates/sonora_cholla/logkzz2/1780g/550K_1780g_logkzz2_resample.dat
# %ECSV 1.0
# ---
# datatype:
# - {name: wav, unit: Angstrom, datatype: float64}
# - {name: flux_nu, unit: erg / (cm2 Hz s), datatype: float64}
# schema: astropy-2.0
wav flux_nu
[from data line 815]
43750.04800076804 1.113888709056238e-07
43800.04800076804 9.079875984758056e-08
43850.04800076804 8.646497464160959e-08
43900.04800076804 7.295630854104128e-08
43950.04800076804 5.2760705257243046e-08
44000.04800076804 4.681047778496621e-08
44050.04800076804 9.962638078232245e-08
44100.04800076804 1.3676997722476059e-07
44150.04800076804 1.2734908356772428e-07
44200.04800076804 1.1805988795535904e-07
44250.04800076804 7.052235676962873e-08
44300.04800076804 4.57634746563723e-08
44350.04800076804 5.219867309712079e-08
44400.04800076804 5.895582574100828e-08
44450.04800076804 8.996498306760026e-08
44500.04800076804 7.714900130696326e-08
44550.04800076804 1.0890093297997881e-07
44600.04800076804 8.429674822205231e-08
44650.04800076804 9.198048707053153e-08
44700.04800076804 6.248291732491395e-08
44750.04800076804 7.967341387740495e-08
44800.04800076804 5.8613770550444616e-08
44850.04800076804 8.695633588179728e-08
44900.04800076804 7.462939101783517e-08
44950.04800076804 8.423914520653232e-08
45000.04800076804 9.655142580794955e-08
45050.04800076804 9.033183925451927e-08
45100.04800076804 8.359589412580352e-08
45150.04800076804 7.54813846742774e-08
45200.04800076804 4.6549244908911524e-08
45250.04800076804 5.4860848248028196e-08
45300.04800076804 5.7710506236435266e-08
45350.04800076804 4.254319909347362e-08
45400.04800076804 9.728671857982289e-08
45450.04800076804 8.506122294131331e-08
45500.04800076804 9.229747341589202e-08
45550.04800076804 1.0890934091752611e-07
45600.04800076804 9.153238059807305e-08
45650.04800076804 8.125075135043578e-08
45700.04800076804 5.1047158796745856e-08
45750.04800076804 4.0443130183437454e-08
45800.04800076804 8.5702452929066e-08
45850.04800076804 8.323672738656515e-08
45900.04800076804 1.0338583627362324e-07
45950.04800076804 8.166006534750784e-08
46000.04800076804 9.941392506476067e-08
46050.04800076804 8.567530124959447e-08
46100.04800076804 9.689827339267125e-08
46150.04800076804 6.841089192671979e-08
46200.04800076804 4.892812595903704e-08
46250.04800076804 2.0212902955643392e-08
46300.04800076804 7.106001966209083e-08
46350.04800076804 6.877686961711509e-08
46400.04800076804 7.895551869307472e-08
46450.04800076804 6.833680288970727e-08
46500.04800076804 7.383821737524389e-08
46550.04800076804 4.769777889579009e-08
46600.04800076804 4.925748781309343e-08
46650.04800076804 8.103617632703423e-08
46700.04800076804 5.81947565423944e-08
46750.04800076804 2.4427684385087433e-08
46800.04800076804 1.65354274818109e-08
46850.04800076804 6.840198213533708e-08
46900.04800076804 8.493746799656395e-08
46950.04800076804 9.099298267732286e-08
47000.04800076804 7.720782100935153e-08
47050.04800076804 6.027897307686983e-08
47100.04800076804 4.1217363057382496e-08
47150.04800076804 6.618753722350313e-08
47200.04800076804 7.241036601188406e-08
47250.04800076804 3.255688819380745e-08
47300.04800076804 2.4033264836696914e-08
47350.04800076804 6.81372244258697e-08
47400.04800076804 8.75955091222422e-08
47450.04800076804 5.361502684815777e-08
47500.04800076804 9.869151996227674e-08
47550.04800076804 7.551612226597922e-08
47600.04800076804 7.125817380751942e-08
47650.04800076804 6.683034342961471e-08
47700.04800076804 6.381892191400054e-08
47750.04800076804 4.231050132524595e-08
47800.04800076804 3.2270293957830264e-08
47850.04800076804 1.2092844143025354e-08
47900.04800076804 2.2001071783564347e-08
47950.04800076804 5.974210941870239e-08
48000.04800076804 8.371006773015262e-08
48050.04800076804 6.256744542714365e-08
48100.04800076804 3.080969421701972e-08
48150.04800076804 5.1783204889051724e-08
48200.04800076804 4.07709056216099e-08
48250.04800076804 5.7444297467076566e-08
48300.04800076804 7.8567302457185e-08
48350.04800076804 4.398581072774386e-08
48400.04800076804 9.31417332497723e-09
48450.04800076804 1.9019788465824078e-08
48500.04800076804 3.951169103607473e-08
48550.04800076804 4.563335371721493e-08
48600.04800076804 7.63733263705169e-08
48650.04800076804 8.552575438517632e-08
48700.04800076804 6.729951805257754e-08
48750.04800076804 4.743567969292844e-08
48800.04800076804 7.016196120336002e-08
48850.04800076804 3.4860299160312204e-08
48900.04800076804 3.903812737813679e-08
48950.04800076804 2.091377427707325e-08
49000.04800076804 1.310477562677371e-08
49050.04800076804 3.986384306958046e-08
49100.04800076804 5.484345217677356e-08
49150.04800076804 4.5491270135724424e-08
49200.04800076804 7.229347112013063e-08
49250.04800076804 7.779217820484196e-08
49300.04800076804 6.283310223418736e-08
49350.04800076804 2.5020703698362427e-08
49400.04800076804 3.3236547789395875e-08
49450.04800076804 2.7405289921268022e-08
49500.04800076804 2.3230093520297754e-08
49550.04800076804 3.937066874792159e-09
49600.04800076804 1.162335165840463e-08
49650.04800076804 3.638503814019608e-08
49700.04800076804 4.7851093728899435e-08
49750.04800076804 4.034600180592471e-08
49800.04800076804 2.2322451254895575e-08
49850.04800076804 5.4137585450630615e-08
49900.04800076804 6.025156784977565e-08
49950.04800076804 5.122740986798816e-08
50000.04800076804 3.4727447140880754e-08
50050.04800076804 3.988265172985952e-08
50100.04800076804 3.412631561418191e-08
50150.04800076804 1.3148393695745887e-08
50200.04800076804 2.1877843805061073e-09
50250.04800076804 1.2532804315863545e-08
50300.04800076804 9.127078799959885e-09
50350.04800076804 3.774000813890114e-08
50400.04800076804 4.755862619804661e-08
50450.04800076804 3.486874943760413e-08
50500.04800076804 5.456864326153892e-08
50550.04800076804 6.090203322385658e-08
50600.04800076804 3.8434916264440244e-08
50650.04800076804 5.4942699601752234e-08
50700.04800076804 5.5908526477338855e-08
50750.04800076804 3.15760745108692e-08
50800.04800076804 9.236687599113578e-09
50850.04800076804 4.225969515093492e-09
50900.04800076804 3.0658776425844654e-08
50950.04800076804 3.6062984977767544e-08
51000.04800076804 2.4360364803593168e-08
51050.04800076804 3.836169144519649e-08
51100.04800076804 1.3608291984090502e-08
51150.04800076804 1.2808176000075604e-08
51200.04800076804 4.7392074161415226e-08
51250.04800076804 3.537445989612444e-08
51300.04800076804 2.3378720514324633e-08
51350.04800076804 2.0461317544622755e-08
51400.04800076804 5.6683633957290025e-09
51450.04800076804 4.678623060312063e-09
51500.04800076804 4.132443282281479e-09
51550.04800076804 1.7230662717469407e-08
51600.04800076804 2.0168609530311524e-08
51650.04800076804 2.9399892831197865e-08
51700.04800076804 2.4810437083237493e-08
51750.04800076804 1.7317020849580192e-08
51800.04800076804 3.853414379089954e-08
51850.04800076804 2.9268644617796296e-08
51900.04800076804 2.9018364657702514e-08
51950.04800076804 1.430572514969253e-08
52000.04800076804 1.4744843528171178e-09
52050.04800076804 7.392759213856001e-09
52100.04800076804 4.199179441701015e-09
52150.04800076804 2.3208332055887196e-09
52200.04800076804 8.612246744215675e-09
52250.04800076804 1.7006118592825037e-08
52300.04800076804 2.005467134345647e-08
52350.04800076804 4.607222894211369e-09
52400.04800076804 5.405137055105373e-09
52450.04800076804 2.333156437463849e-08
52500.04800076804 1.8771922005478995e-08
52550.04800076804 2.3362217756491326e-08
52600.04800076804 1.9819835420283473e-08
52650.04800076804 2.401960017829993e-08
52700.04800076804 1.3328046331482038e-08
52750.04800076804 4.795989388478965e-09
52800.04800076804 8.988003393234068e-09
52850.04800076804 1.1312528108026215e-08
52900.04800076804 3.6631878775849297e-09
52950.04800076804 6.910704688085459e-09
53000.04800076804 1.7161530073373406e-08
53050.04800076804 5.700014361338965e-09
53100.04800076804 2.490191848534702e-08
53150.04800076804 2.7526895695225107e-08
53200.04800076804 1.0205278724495313e-08
53250.04800076804 2.291389910172696e-08
53300.04800076804 2.392175391929009e-08
53350.04800076804 2.1888953000175812e-08
53400.04800076804 1.2443601927230709e-08
53450.04800076804 3.1396870192725707e-09
53500.04800076804 6.813885437002624e-10
53550.04800076804 1.5256843144070851e-09
53600.04800076804 7.1726794685716626e-09
53650.04800076804 1.0367559401716214e-08
53700.04800076804 8.649370227897444e-09
53750.04800076804 7.105300903049161e-09
53800.04800076804 6.993041783348089e-09
53850.04800076804 1.4700301276847207e-08
53900.04800076804 2.1462885345911462e-08
53950.04800076804 1.8531477558576197e-08
54000.04800076804 1.2881332094822752e-08
54050.04800076804 1.2687843374081016e-08
54100.04800076804 2.426413749637329e-09
54150.04800076804 3.2647629162202255e-09
54200.04800076804 5.598338659214366e-10
54250.04800076804 1.493570961631234e-09
54300.04800076804 4.67660155267044e-09
54350.04800076804 8.17066327992455e-09
54400.04800076804 5.983389477651418e-09
54450.04800076804 5.247386728058059e-09
54500.04800076804 6.480065152330221e-09
54550.04800076804 5.224084198400525e-09
54600.04800076804 4.008562526497371e-09
54650.04800076804 4.1828178215914385e-10
54700.04800076804 4.1455948283535646e-09
54750.04800076804 4.123478750041038e-09
54800.04800076804 2.1390736232377203e-09
54850.04800076804 3.7549786077418375e-09
54900.04800076804 7.051446759655332e-09
54950.04800076804 1.275239614607173e-08
55000.04800076804 4.616653324604463e-09
55050.04800076804 5.383759861119169e-09
55100.04800076804 8.722716793151582e-09
55150.04800076804 3.900974680823159e-09
55200.04800076804 2.3682192923285443e-09
55250.04800076804 3.927710642268078e-09
55300.04800076804 2.9327084788869223e-09
55350.04800076804 5.304165471390071e-09
55400.04800076804 5.296159639407938e-09
55450.04800076804 3.909223278854512e-09
55500.04800076804 1.511578448568328e-09
55550.04800076804 1.081663859833187e-09
55600.04800076804 2.662451463133939e-09
55650.04800076804 2.357967186735403e-09
55700.04800076804 2.308041101739448e-09
55750.04800076804 1.5405507414647446e-09
55800.04800076804 6.034776801178605e-10
55850.04800076804 1.3322140249847333e-09
55900.04800076804 3.77181475213665e-09
55950.04800076804 6.196051522083508e-09
56000.04800076804 2.2849931753287714e-09
56050.04800076804 2.344284921562497e-09
56100.04800076804 3.6355201298997228e-09
56150.04800076804 1.4135964018435472e-09
56200.04800076804 2.207491039172156e-09
56250.04800076804 5.40580571102618e-09
56300.04800076804 2.7279468229097623e-09
56350.04800076804 1.218128910291117e-09
56400.04800076804 3.50804758222233e-10
56450.04800076804 3.547594438307871e-10
56500.04800076804 2.3069329534549218e-09
56550.04800076804 8.954195445622421e-10
56600.04800076804 3.2359494382677942e-09
56650.04800076804 3.4502784793442195e-09
56700.04800076804 2.31567269733631e-09
56750.04800076804 8.467564221892544e-10
56800.04800076804 1.326195636073845e-09
56850.04800076804 2.3873679557703077e-09
56900.04800076804 1.1675994869878274e-09
56950.04800076804 3.1601808334704767e-09
57000.04800076804 4.2399942389070945e-09
57050.04800076804 2.1715204636491308e-09
57100.04800076804 4.620288714648774e-10
57150.04800076804 1.0829023984288763e-09
57200.04800076804 6.505240146298938e-10
57250.04800076804 1.1882340760517322e-09
57300.04800076804 1.705709783431398e-09
57350.04800076804 9.022307998326096e-10
57400.04800076804 2.78863524770603e-09
57450.04800076804 9.79536399542814e-10
57500.04800076804 8.286586161979097e-10
57550.04800076804 1.2802103712376922e-09
57600.04800076804 9.317490608046813e-10
57650.04800076804 2.119565044529399e-10
57700.04800076804 6.20679113584467e-10
57750.04800076804 1.7238702073490095e-09
57800.04800076804 6.12731996231165e-10
57850.04800076804 3.6954884606895235e-09
57900.04800076804 5.843742789633775e-09
57950.04800076804 5.799899143915228e-09
58000.04800076804 1.345026293934298e-09
58050.04800076804 3.0614921826819492e-09
58100.04800076804 1.956603948683396e-09
58150.04800076804 1.3510035027503868e-09
58200.04800076804 1.971274527494222e-10
58250.04800076804 5.360285201979057e-10
58300.04800076804 5.461594988828704e-10
58350.04800076804 7.673260314397929e-10
58400.04800076804 2.2544442112895277e-09
58450.04800076804 3.1138824139796083e-09
58500.04800076804 3.4136073771880964e-09
58550.04800076804 1.6854285511034928e-09
58600.04800076804 5.471434452865019e-10
58650.04800076804 1.021509670237886e-09
58700.04800076804 1.3925276591319086e-09
58750.04800076804 1.2520315872562846e-09
58800.04800076804 6.539863605186573e-11
58850.04800076804 5.709180203594052e-10
58900.04800076804 6.968602052139897e-10
58950.04800076804 3.2222086470541795e-10
59000.04800076804 9.712811337083777e-10
59050.04800076804 1.6337505500701288e-09
59100.04800076804 1.1185118170363086e-09
59150.04800076804 1.115113726284625e-09
59200.04800076804 2.165501953852794e-09
59250.04800076804 2.232253937943126e-09
59300.04800076804 1.5477113755951451e-09
59350.04800076804 1.2230797994895074e-10
59400.04800076804 2.261566727424604e-10
59450.04800076804 1.7148054323536063e-09
59500.04800076804 1.2207411907836823e-09
59550.04800076804 2.1927392360965723e-09
59600.04800076804 2.58567388934618e-09
59650.04800076804 9.060795857583028e-10
59700.04800076804 6.525642732391139e-10
59750.04800076804 3.1961226966988962e-09
59800.04800076804 1.2564490649741047e-09
59850.04800076804 1.3584353703509837e-09
59900.04800076804 3.500409582878149e-10
59950.04800076804 1.3108875058922511e-09
60000.04800076804 3.5684829777559836e-09
60050.04800076804 4.927941848090584e-09
60100.04800076804 2.4160892314524458e-09
60150.04800076804 6.853818876088888e-10
60200.04800076804 1.5833602355204897e-09
60250.04800076804 4.150486722335808e-09
60300.04800076804 3.9145190051990216e-09
60350.04800076804 2.2909983650475936e-09
60400.04800076804 1.614082345477774e-09
60450.04800076804 2.3277189479031703e-10
60500.04800076804 3.8595789455824513e-11
60550.04800076804 1.0648522372876842e-09
60600.04800076804 2.0292968642201263e-09
60650.04800076804 1.0347320241228813e-09
60700.04800076804 6.261204974756834e-10
60750.04800076804 1.8458701567072193e-10
60800.04800076804 1.8525279127458436e-09
60850.04800076804 3.5648464117407595e-09
60900.04800076804 2.948573891519293e-09
60950.04800076804 1.7563045639897306e-09
61000.04800076804 3.168847787323748e-09
61050.04800076804 7.30123202253781e-10
61100.04800076804 6.83005239592248e-10
61150.04800076804 1.4938022161136528e-10
61200.04800076804 1.9307543018381764e-09
61250.04800076804 2.3084619612455774e-09
61300.04800076804 1.2795314944715008e-09
61350.04800076804 3.2396312118993425e-09
61400.04800076804 8.482919343703824e-10
61450.04800076804 3.129383473338946e-10
61500.04800076804 2.2418115415208745e-10
61550.04800076804 1.04211369440567e-09
61600.04800076804 3.4367362439284093e-10
61650.04800076804 8.300543628458825e-10
61700.04800076804 1.6089892782113606e-09
61750.04800076804 1.5203657741575448e-09
61800.04800076804 9.864835184495263e-10
61850.04800076804 1.8937124278005367e-10
61900.04800076804 2.2361596929824828e-09
61950.04800076804 2.7441262027751543e-09
62000.04800076804 2.082906304108008e-09
62050.04800076804 5.4744696150279435e-09
62100.04800076804 1.4972979328997863e-09
62150.04800076804 3.6458725512800173e-09
62200.04800076804 3.3360637413696947e-09
62250.04800076804 2.0891694544381304e-09
62300.04800076804 6.1294495008334895e-09
62350.04800076804 6.081251087759259e-09
62400.04800076804 3.784550283994449e-09
62450.04800076804 3.3774932263382834e-09
62500.04800076804 7.128930094845517e-09
62550.04800076804 1.2078611276440027e-08
62600.04800076804 4.9339769814697256e-09
62650.04800076804 3.4080585175127253e-09
62700.04800076804 1.9725810020174577e-09
62750.04800076804 5.620520819550657e-09
62800.04800076804 3.2201250578285666e-09
62850.04800076804 3.559115318205703e-09
62900.04800076804 6.0520963495232705e-09
62950.04800076804 1.1783027635487138e-08
63000.04800076804 3.746243642690341e-09
63050.04800076804 1.600609270836651e-08
63100.04800076804 1.501479580654813e-08
63150.04800076804 1.1180526525110137e-08
63200.04800076804 7.012220775503994e-09
63250.04800076804 7.97454101954721e-09
63300.04800076804 2.2724894713157567e-09
63350.04800076804 2.862483052260233e-09
63400.04800076804 1.0154867847758339e-09
63450.04800076804 3.238873034629697e-10
