galfind/configs/Brown_Dwarf_templates/sonora_cholla/logkzz2/1780g/600K_1780g_logkzz2_resample.dat
# %ECSV 1.0
# ---
# datatype:
# - {name: wav, unit: Angstrom, datatype: float64}
# - {name: flux_nu, unit: erg / (cm2 Hz s), datatype: float64}
# schema: astropy-2.0
wav flux_nu
[from data line 1211]
63550.04800076804 1.0785936303356414e-08
63600.04800076804 7.331433545633077e-09
63650.04800076804 6.209818087999393e-09
63700.04800076804 1.3032950611153056e-09
63750.04800076804 3.863715283510854e-09
63800.04800076804 1.0400079932367392e-08
63850.04800076804 8.257862125624754e-09
63900.04800076804 2.0802840143170205e-09
63950.04800076804 5.0339513927456906e-09
64000.04800076804 7.686918075197193e-09
64050.04800076804 2.427702316168752e-09
64100.04800076804 4.950081844068172e-10
64150.04800076804 7.627695449532974e-10
64200.04800076804 9.8190064283847e-10
64250.04800076804 4.083290312285154e-09
64300.04800076804 3.5569099471296695e-09
64350.04800076804 2.1841243167643915e-09
64400.04800076804 6.388195087524403e-09
64450.04800076804 7.308465374479632e-09
64500.04800076804 3.037216197829833e-09
64550.04800076804 6.422500954164159e-09
64600.04800076804 4.617296407941509e-09
64650.04800076804 6.592553834414078e-09
64700.04800076804 1.7746873883469432e-09
64750.04800076804 2.9315519577148237e-09
64800.04800076804 1.2849291776136002e-09
64850.04800076804 9.644372442665738e-10
64900.04800076804 9.214629803993492e-10
64950.04800076804 6.552195182623437e-10
65000.04800076804 1.4938449913613844e-09
65050.04800076804 3.962908417007148e-09
65100.04800076804 5.114527082112825e-09
65150.04800076804 2.68019405060177e-09
65200.04800076804 7.770515131191112e-10
65250.04800076804 2.446323491587912e-09
65300.04800076804 4.222401932413486e-09
65350.04800076804 9.207496360869517e-09
65400.04800076804 3.627092829256391e-09
65450.04800076804 3.5609228814122568e-09
65500.04800076804 4.27521042390589e-09
65550.04800076805 1.587775694086234e-09
65600.04800076805 3.975652927969974e-09
65650.04800076805 2.280873658789218e-09
65700.04800076805 2.0736576494108064e-09
65750.04800076805 1.4101592358658538e-09
65800.04800076805 3.704325986429448e-09
65850.04800076805 5.8485141779260226e-09
65900.04800076805 1.1199091847415264e-09
65950.04800076805 2.489988838793099e-09
66000.04800076805 3.0553589792721093e-09
66050.04800076805 6.8598522990149974e-09
66100.04800076805 3.876870300958571e-09
66150.04800076805 4.180695485174183e-09
66200.04800076805 3.895770951240304e-09
66250.04800076805 1.7819595555961051e-09
66300.04800076805 7.220747241385172e-10
66350.04800076805 4.625272312927559e-10
66400.04800076805 1.04391535727981e-09
66450.04800076805 4.184748444690758e-09
66500.04800076805 6.826434206169053e-09
66550.04800076805 6.807716612549214e-09
66600.04800076805 5.514346629101056e-09
66650.04800076805 3.562774456331206e-09
66700.04800076805 2.1673894639781196e-09
66750.04800076805 3.021543255278712e-09
66800.04800076805 3.009313149338549e-09
66850.04800076805 1.9564994343080834e-09
66900.04800076805 7.96692121401177e-09
66950.04800076805 6.7156295093280775e-09
67000.04800076805 1.0408370769298826e-08
67050.04800076805 4.943325344056826e-09
67100.04800076805 2.4297233112731387e-09
67150.04800076805 3.970200486968818e-09
67200.04800076805 5.822311198425874e-09
67250.04800076805 4.965314355981623e-09
67300.04800076805 9.071106996148558e-09
67350.04800076805 3.270985374899951e-09
67400.04800076805 8.836329273023335e-09
67450.04800076805 5.678420539987829e-09
67500.04800076805 5.367994317805524e-09
67550.04800076805 1.330393937802184e-08
67600.04800076805 1.989521746710896e-08
67650.04800076805 1.3613632767121527e-08
67700.04800076805 7.539118729427513e-09
67750.04800076805 3.995934072126927e-09
67800.04800076805 6.243655340681246e-09
67850.04800076805 2.4764967489423678e-09
67900.04800076805 3.0664579849133046e-09
67950.04800076805 2.4740002711471937e-09
68000.04800076805 7.270887151998951e-09
68050.04800076805 6.503718582552637e-09
68100.04800076805 1.193748429921102e-08
68150.04800076805 1.1233143803197386e-08
68200.04800076805 7.908116127917472e-09
68250.04800076805 1.5037613441144577e-09
68300.04800076805 8.475292994536989e-09
68350.04800076805 1.2992003274810156e-08
68400.04800076805 1.5521994851647817e-08
68450.04800076805 1.3096105390549927e-08
68500.04800076805 6.865925489577995e-09
68550.04800076805 2.3728850896581402e-09
68600.04800076805 2.429110220165649e-09
68650.04800076805 1.0961033044573012e-09
68700.04800076805 3.621706839429514e-09
68750.04800076805 7.129509617585435e-09
68800.04800076805 7.821982267424903e-09
68850.04800076805 3.912964552722022e-09
68900.04800076805 1.4107333059173671e-08
68950.04800076805 1.513626235811968e-08
69000.04800076805 9.229761165842831e-09
69050.04800076805 3.990796556743621e-09
69100.04800076805 1.1580567993028385e-08
69150.04800076805 1.8474450233243954e-08
69200.04800076805 1.5117767653251657e-08
69250.04800076805 2.0013054014184757e-08
69300.04800076805 1.3827106151509226e-08
69350.04800076805 2.1491491197552073e-08
69400.04800076805 8.574076152132213e-09
69450.04800076805 1.7530024316684215e-08
69500.04800076805 9.092494644055213e-09
69550.04800076805 5.8807406657434464e-09
69600.04800076805 1.3231530251363459e-09
69650.04800076805 6.397168331516955e-09
69700.04800076805 1.3071074006544895e-08
69750.04800076805 7.695163100998066e-09
69800.04800076805 1.3645641646577965e-08
69850.04800076805 1.409159879688759e-08
69900.04800076805 8.668629957521002e-09
69950.04800076805 8.13436762719959e-09
70000.04800076805 9.628037186085454e-09
70050.04800076805 1.912316405241075e-08
70100.04800076805 1.4248720074894757e-08
70150.04800076805 1.1919187611309444e-08
70200.04800076805 6.74234634024533e-09
70250.04800076805 8.37054880701061e-09
70300.04800076805 1.6598597482082756e-08
70350.04800076805 1.3750587479051222e-08
70400.04800076805 6.2840569497672225e-09
70450.04800076805 7.198231069103156e-10
70500.04800076805 5.637059846914887e-09
70550.04800076805 5.0320429545108e-09
70600.04800076805 6.601068505310478e-09
70650.04800076805 1.401829682643183e-08
70700.04800076805 1.7472194673578683e-08
70750.04800076805 2.542937018685504e-08
70800.04800076805 1.0825620824593458e-08
70850.04800076805 1.1486105561047059e-08
70900.04800076805 1.4428204106843067e-08
70950.04800076805 1.968673912434481e-08
71000.04800076805 1.937228437463967e-08
71050.04800076805 1.956185776229885e-08
71100.04800076805 1.515413730725107e-08
71150.04800076805 7.732879009298021e-09
71200.04800076805 8.219489714753206e-09
71250.04800076805 1.555270546196016e-08
71300.04800076805 2.1051330410855648e-08
71350.04800076805 2.028788828633727e-08
71400.04800076805 1.4406901077580869e-08
71450.04800076805 4.743755815261692e-09
71500.04800076805 7.179374031089152e-09
71550.04800076805 8.210229718522497e-09
71600.04800076805 1.0464505187983368e-08
71650.04800076805 5.416863643851414e-09
71700.04800076805 3.739277195910931e-09
71750.04800076805 1.0248009748598893e-08
71800.04800076805 1.5726529503736143e-08
71850.04800076805 1.5757096438958613e-08
71900.04800076805 8.157020389906477e-09
71950.04800076805 1.2916896091257989e-08
72000.04800076805 1.1262908525787738e-08
72050.04800076805 4.3832180715921e-09
72100.04800076805 6.070324260580718e-09
72150.04800076805 8.693608326129184e-09
72200.04800076805 1.2049410519198727e-08
72250.04800076805 2.0262148876009204e-08
72300.04800076805 1.0656395493437882e-08
72350.04800076805 1.2556641790372466e-08
72400.04800076805 1.1806204032069546e-08
72450.04800076805 9.24426415237822e-09
72500.04800076805 1.2815603681282932e-08
72550.04800076805 4.0132572504026684e-09
72600.04800076805 7.999877878798204e-09
72650.04800076805 1.5337271560796067e-08
72700.04800076805 7.230894698252396e-09
72750.04800076805 7.90481056532164e-09
72800.04800076805 4.3860465419875385e-09
72850.04800076805 7.100758372467466e-09
72900.04800076805 1.634383512105636e-08
72950.04800076805 8.365447148428805e-09
73000.04800076805 9.008955802546458e-09
73050.04800076805 3.954036785990862e-09
73100.04800076805 6.041665664841188e-09
73150.04800076805 1.5090997260025246e-08
73200.04800076805 5.644309790982266e-09
73250.04800076805 7.110339182251176e-09
73300.04800076805 4.8006445303350385e-09
73350.04800076805 3.1795222271898805e-09
73400.04800076805 6.951134922709681e-09
73450.04800076805 3.981330159031215e-09
73500.04800076805 3.274375881104891e-09
73550.04800076805 6.360207034116591e-09
73600.04800076805 7.400007932416481e-09
73650.04800076805 6.496871842041516e-09
73700.04800076805 5.914225133221994e-09
73750.04800076805 1.5996992474536169e-09
73800.04800076805 5.346069140583272e-09
73850.04800076805 8.907169922697018e-09
73900.04800076805 3.491523786692434e-09
73950.04800076805 4.482788153349644e-09
74000.04800076805 1.7816158166461293e-09
74050.04800076805 8.948800136166957e-09
74100.04800076805 6.583906867266938e-09
74150.04800076805 7.020143159910945e-09
74200.04800076805 2.8206703839701207e-09
74250.04800076805 4.55082573302519e-10
74300.04800076805 6.88688257354458e-09
74350.04800076805 9.814260965427698e-09
74400.04800076805 8.750630574899414e-09
74450.04800076805 2.835751981729305e-09
74500.04800076805 1.2657830217214718e-09
74550.04800076805 3.5476429415788353e-09
74600.04800076805 5.358399247551674e-09
74650.04800076805 5.649591334034944e-09
74700.04800076805 3.7854651232863476e-09
74750.04800076805 1.697367657483271e-09
74800.04800076805 2.569496852744342e-09
74850.04800076805 8.33007734566306e-09
74900.04800076805 9.339247468686558e-09
74950.04800076805 7.923864737110237e-09
75000.04800076805 3.3497510653960678e-09
75050.04800076805 4.0778945358086304e-10
75100.04800076805 7.088196234213712e-09
75150.04800076805 1.1461744566037774e-08
75200.04800076805 1.0729499119216451e-08
75250.04800076805 9.737824323526206e-09
75300.04800076805 6.026301466361875e-09
75350.04800076805 1.3711266423317468e-09
75400.04800076805 9.997789000470992e-09
75450.04800076805 1.2600598059822804e-08
75500.04800076805 1.1152790016562574e-08
75550.04800076805 8.689943329927726e-09
75600.04800076805 9.450632712805553e-09
75650.04800076805 4.7756817006092825e-09
75700.04800076805 1.2738620231999031e-08
75750.04800076805 8.462363475063894e-09
75800.04800076805 9.839808789488857e-09
75850.04800076805 1.1269842927231291e-08
75900.04800076805 1.1527655745204066e-08
75950.04800076805 5.3364968587525546e-09
76000.04800076805 1.5598541686807754e-08
76050.04800076805 1.3159574512307796e-08
76100.04800076805 1.1364159142694786e-08
76150.04800076805 1.2801055562904079e-08
76200.04800076805 1.0241180789138938e-08
76250.04800076805 4.9301560112709035e-09
76300.04800076805 1.6449320286201776e-08
76350.04800076805 1.905912443340747e-08
76400.04800076805 1.4848992939966617e-08
76450.04800076805 1.075626842819596e-08
76500.04800076805 7.762034696824998e-09
76550.04800076805 2.1362767064333143e-09
76600.04800076805 3.8552557888918067e-10
76650.04800076805 3.9270004503285256e-10
76700.04800076805 7.629711941167713e-10
76750.04800076805 9.355104786781855e-10
76800.04800076805 2.099021376363553e-09
76850.04800076805 1.4669198944583028e-09
76900.04800076805 1.0535579488990232e-09
76950.04800076805 2.7150075897708883e-09
77000.04800076805 5.914474286008915e-09
77050.04800076805 8.189646795483125e-10
77100.04800076805 1.420351891778821e-09
77150.04800076805 6.746638500387164e-09
77200.04800076805 3.09413967200464e-09
77250.04800076805 1.9949119494645138e-09
77300.04800076805 5.631376812441163e-09
77350.04800076805 2.8168808971803454e-09
77400.04800076805 4.01485844390228e-09
77450.04800076805 1.0337393626863155e-08
77500.04800076805 6.727411026462014e-09
77550.04800076805 4.145013011616481e-09
77600.04800076805 1.8586467701710565e-09
77650.04800076805 2.745962831422063e-09
77700.04800076805 3.2533876136742502e-09
77750.04800076805 7.923201924896549e-09
77800.04800076805 9.870881702811992e-09
77850.04800076805 1.4391403307685334e-08
77900.04800076805 5.347373492600992e-09
77950.04800076805 9.259878599306656e-10
78000.04800076805 5.025231080464755e-09
78050.04800076805 5.616955788072062e-09
78100.04800076805 7.782137378986857e-09
78150.04800076805 1.1947249785125423e-08
78200.04800076805 1.5712009984218822e-08
78250.04800076805 1.0894067033009825e-08
78300.04800076805 3.2029502702789486e-09
78350.04800076805 8.12127603629558e-09
78400.04800076805 2.872293880187606e-09
78450.04800076805 7.296658493435213e-09
78500.04800076805 1.47936225847286e-08
78550.04800076805 1.7887805190460125e-08
78600.04800076805 1.2237036460512782e-08
78650.04800076805 1.3023849533571933e-09
78700.04800076805 3.196635871428139e-09
78750.04800076805 7.2634659417276114e-09
78800.04800076805 4.892274999395214e-09
78850.04800076805 1.7419336070055201e-09
78900.04800076805 6.037356952661596e-09
78950.04800076805 1.094944517300625e-08
79000.04800076805 7.193403998791267e-09
79050.04800076805 5.705806113264738e-09
79100.04800076805 9.176231900927073e-09
79150.04800076805 5.555073283659199e-09
79200.04800076805 7.283687469123169e-09
79250.04800076805 3.253103699108822e-09
79300.04800076805 4.780467514894502e-09
79350.04800076805 5.9337940813300605e-09
79400.04800076805 2.8935924752351957e-09
79450.04800076805 1.2668800188854664e-08
79500.04800076805 1.7059553162374414e-08
79550.04800076805 1.4221859529156384e-08
79600.04800076805 6.732320240513688e-09
79650.04800076805 1.2216973721151729e-08
79700.04800076805 7.610911229236433e-09
79750.04800076805 7.001728070540283e-09
79800.04800076805 4.724334571733842e-09
79850.04800076805 1.0987524270855045e-08
79900.04800076805 2.0055770333117435e-08
79950.04800076805 2.1475952241628554e-08
