galfind/configs/Brown_Dwarf_templates/sonora_cholla/logkzz2/1780g/650K_1780g_logkzz2_resample.dat
# %ECSV 1.0
# ---
# datatype:
# - {name: wav, unit: Angstrom, datatype: float64}
# - {name: flux_nu, unit: erg / (cm2 Hz s), datatype: float64}
# schema: astropy-2.0
wav flux_nu
[from data line 813]
43650.04800076804 2.1634537144893462e-08
43700.04800076804 5.08612490720538e-08
43750.04800076804 5.070307143962373e-08
43800.04800076804 3.695931846412224e-08
43850.04800076804 3.894032115045689e-08
43900.04800076804 2.789850673747375e-08
43950.04800076804 1.7886786544307926e-08
44000.04800076804 1.6396291492820236e-08
44050.04800076804 4.5126247534320486e-08
44100.04800076804 6.442490931626012e-08
44150.04800076804 5.666188397754916e-08
44200.04800076804 5.298930549829381e-08
44250.04800076804 2.7305862119737327e-08
44300.04800076804 1.902280788069455e-08
44350.04800076804 2.1224563682581424e-08
44400.04800076804 2.1554881500685187e-08
44450.04800076804 3.805825072667412e-08
44500.04800076804 3.171322104956409e-08
44550.04800076804 4.7049374356667886e-08
44600.04800076804 3.3213199500395614e-08
44650.04800076804 3.7815998444592406e-08
44700.04800076804 2.4170241644052097e-08
44750.04800076804 3.5702721395942453e-08
44800.04800076804 2.2095636317287227e-08
44850.04800076804 3.315145143067829e-08
44900.04800076804 2.6438676595730364e-08
44950.04800076804 2.6770002005203758e-08
45000.04800076804 3.610954436969169e-08
45050.04800076804 3.2938428069558026e-08
45100.04800076804 3.083257261588135e-08
45150.04800076804 2.310207523583572e-08
45200.04800076804 1.39531324269907e-08
45250.04800076804 1.6002798113132258e-08
45300.04800076804 2.0842213232719686e-08
45350.04800076804 1.7205220830281942e-08
45400.04800076804 2.7242630240337806e-08
45450.04800076804 2.23316823919927e-08
45500.04800076804 2.5837539876381065e-08
45550.04800076804 2.970839654931211e-08
45600.04800076804 2.2732550770194176e-08
45650.04800076804 2.110766450471447e-08
45700.04800076804 1.881611199112595e-08
45750.04800076804 1.3601363461785006e-08
45800.04800076804 2.08711889295728e-08
45850.04800076804 2.3292766744727918e-08
45900.04800076804 3.019186060601974e-08
45950.04800076804 1.8936603931056454e-08
46000.04800076804 2.8138220846446173e-08
46050.04800076804 2.5811166751474438e-08
46100.04800076804 2.306571488677911e-08
46150.04800076804 2.2874232728889485e-08
46200.04800076804 1.5844472289597783e-08
46250.04800076804 8.100889837788498e-09
46300.04800076804 2.663548035875616e-08
46350.04800076804 1.9151697310476993e-08
46400.04800076804 2.589923147819994e-08
46450.04800076804 2.7069625899874085e-08
46500.04800076804 2.380085686912308e-08
46550.04800076804 1.4503348735737112e-08
46600.04800076804 1.8947762365394468e-08
46650.04800076804 4.055107420690876e-08
46700.04800076804 2.3335256156528422e-08
46750.04800076804 1.081912900480575e-08
46800.04800076804 7.057642870702383e-09
46850.04800076804 2.9104500434995144e-08
46900.04800076804 2.831671603416389e-08
46950.04800076804 3.553440407318974e-08
47000.04800076804 2.1914299055291442e-08
47050.04800076804 2.52566694195457e-08
47100.04800076804 1.1007343888291264e-08
47150.04800076804 2.073413030606267e-08
47200.04800076804 2.6594476431568712e-08
47250.04800076804 1.349601183814905e-08
47300.04800076804 1.1409463308806969e-08
47350.04800076804 2.089424833912007e-08
47400.04800076804 3.484371997492642e-08
47450.04800076804 1.641384957314406e-08
47500.04800076804 4.165368313732064e-08
47550.04800076804 2.3589128101916088e-08
47600.04800076804 2.94139033345263e-08
47650.04800076804 1.6994539673870438e-08
47700.04800076804 2.7084256479463786e-08
47750.04800076804 1.3155758062431268e-08
47800.04800076804 1.4277957578816792e-08
47850.04800076804 6.207932737553447e-09
47900.04800076804 1.0698582806691194e-08
47950.04800076804 2.1745136154104156e-08
48000.04800076804 3.8070648533965114e-08
48050.04800076804 2.447257530871425e-08
48100.04800076804 1.3904637389480014e-08
48150.04800076804 1.9279590449553862e-08
48200.04800076804 1.800827790165171e-08
48250.04800076804 1.934871073263397e-08
48300.04800076804 3.8502353886106094e-08
48350.04800076804 1.6142098344453205e-08
48400.04800076804 5.515517656232917e-09
48450.04800076804 9.434384643968407e-09
48500.04800076804 1.8961183692812767e-08
48550.04800076804 1.647601205213845e-08
48600.04800076804 3.364717142911477e-08
48650.04800076804 3.127287054146161e-08
48700.04800076804 2.8745981586746236e-08
48750.04800076804 2.030675302129323e-08
48800.04800076804 3.2560740023265486e-08
48850.04800076804 1.760214643889392e-08
48900.04800076804 1.8861945373731086e-08
48950.04800076804 1.1063293155665618e-08
49000.04800076804 7.310869717332301e-09
49050.04800076804 2.0325153128141e-08
49100.04800076804 2.5673440368872504e-08
49150.04800076804 2.3239641651711246e-08
49200.04800076804 3.283659223264014e-08
49250.04800076804 3.802216239582279e-08
49300.04800076804 2.94376564986754e-08
49350.04800076804 1.0988732346822639e-08
49400.04800076804 1.584008108544464e-08
49450.04800076804 1.4754375984987928e-08
49500.04800076804 1.2453581733591212e-08
49550.04800076804 2.836929478935787e-09
49600.04800076804 6.803011673767059e-09
49650.04800076804 1.7411588613514558e-08
49700.04800076804 2.1068469367205466e-08
49750.04800076804 1.9148392479597357e-08
49800.04800076804 1.1731814063036014e-08
49850.04800076804 2.71683555108549e-08
49900.04800076804 2.7039451194663662e-08
49950.04800076804 2.5372366407356228e-08
50000.04800076804 1.7375436042988158e-08
50050.04800076804 2.0603159471082e-08
50100.04800076804 1.734175907842257e-08
50150.04800076804 7.425022814339051e-09
50200.04800076804 1.7013384551620934e-09
50250.04800076804 7.691687547278716e-09
50300.04800076804 5.583742176116883e-09
50350.04800076804 1.9321244757435625e-08
50400.04800076804 2.4345549470290732e-08
50450.04800076804 1.8876328923159135e-08
50500.04800076804 2.823748832684284e-08
50550.04800076804 2.9442987205610538e-08
50600.04800076804 1.946613381622454e-08
50650.04800076804 2.98720035944129e-08
50700.04800076804 2.9230859243454756e-08
50750.04800076804 1.7207437859714268e-08
50800.04800076804 5.675439247801809e-09
50850.04800076804 2.963205199716155e-09
50900.04800076804 1.61074321761492e-08
50950.04800076804 1.827899385604534e-08
51000.04800076804 1.1977409679196158e-08
51050.04800076804 2.0397119571105756e-08
51100.04800076804 6.5673050977670175e-09
51150.04800076804 7.394156293696571e-09
51200.04800076804 2.5174371706899072e-08
51250.04800076804 1.751039052026639e-08
51300.04800076804 1.3069063371888897e-08
51350.04800076804 1.124982058620691e-08
51400.04800076804 3.718090235318938e-09
51450.04800076804 3.2330204436697553e-09
51500.04800076804 2.939379211494044e-09
51550.04800076804 9.362735995566955e-09
51600.04800076804 1.0005582064232589e-08
51650.04800076804 1.6141031598870014e-08
51700.04800076804 1.3717943126031012e-08
51750.04800076804 8.592934828143186e-09
51800.04800076804 1.987233731566814e-08
51850.04800076804 1.6385945851459804e-08
51900.04800076804 1.5661651539112416e-08
51950.04800076804 8.216665741317406e-09
52000.04800076804 1.2499451248896453e-09
52050.04800076804 5.000800131619323e-09
52100.04800076804 3.098207953935605e-09
52150.04800076804 1.7054619409277672e-09
52200.04800076804 5.2400116216726644e-09
52250.04800076804 9.487085596302336e-09
52300.04800076804 1.0591386373371454e-08
52350.04800076804 3.288890636215235e-09
52400.04800076804 3.745667252784762e-09
52450.04800076804 1.3118086372904508e-08
52500.04800076804 1.013966165325834e-08
52550.04800076804 1.3170960784929894e-08
52600.04800076804 1.1106047608662453e-08
52650.04800076804 1.1815875710331328e-08
52700.04800076804 8.492720442077313e-09
52750.04800076804 3.1544463064005698e-09
52800.04800076804 5.659506475695066e-09
52850.04800076804 7.012019782441976e-09
52900.04800076804 2.69018173923351e-09
52950.04800076804 4.506952698366632e-09
53000.04800076804 9.755470682980745e-09
53050.04800076804 3.4866276548968204e-09
53100.04800076804 1.3399653357404534e-08
53150.04800076804 1.4789193488118913e-08
53200.04800076804 6.580311156996962e-09
53250.04800076804 1.3496562633408918e-08
53300.04800076804 1.3548831045784553e-08
53350.04800076804 1.2172200865449917e-08
53400.04800076804 7.47475510634771e-09
53450.04800076804 2.4096368545597386e-09
53500.04800076804 6.27374585198829e-10
53550.04800076804 1.3175367365912945e-09
53600.04800076804 4.937805102058344e-09
53650.04800076804 7.005215639997031e-09
53700.04800076804 5.673453950507768e-09
53750.04800076804 5.091458828401724e-09
53800.04800076804 4.7323084860524665e-09
53850.04800076804 6.986001834660071e-09
53900.04800076804 1.2243750962672041e-08
53950.04800076804 1.0052787265640579e-08
54000.04800076804 7.4391072318300215e-09
54050.04800076804 7.780030779022302e-09
54100.04800076804 2.028567663567686e-09
54150.04800076804 2.6347499372536747e-09
54200.04800076804 5.065158174147754e-10
54250.04800076804 1.2602391362586427e-09
54300.04800076804 3.5184066456170233e-09
54350.04800076804 5.152870215429243e-09
54400.04800076804 3.973557101779857e-09
54450.04800076804 3.749591141798593e-09
54500.04800076804 3.552768735424639e-09
54550.04800076804 3.997099572036126e-09
54600.04800076804 3.129518637995654e-09
54650.04800076804 4.3123458351551983e-10
54700.04800076804 2.9968149030251153e-09
54750.04800076804 3.2782071653142373e-09
54800.04800076804 1.8220978603877549e-09
54850.04800076804 3.014868137670176e-09
54900.04800076804 4.930528368802856e-09
54950.04800076804 8.073647759989305e-09
55000.04800076804 3.099870364753513e-09
55050.04800076804 3.8046446141585784e-09
55100.04800076804 5.642314090656002e-09
55150.04800076804 2.4722803654053077e-09
55200.04800076804 1.8281256249280696e-09
55250.04800076804 3.1330533521096086e-09
55300.04800076804 2.3127385452603415e-09
55350.04800076804 3.83341516969578e-09
55400.04800076804 4.186213750694186e-09
55450.04800076804 3.045557955274816e-09
55500.04800076804 1.4211608067300375e-09
55550.04800076804 9.540123265100736e-10
55600.04800076804 1.9444526219705224e-09
55650.04800076804 1.9103086937127993e-09
55700.04800076804 1.9656322149890647e-09
55750.04800076804 1.4223821133215424e-09
55800.04800076804 5.714036455462296e-10
55850.04800076804 1.2666178240420192e-09
55900.04800076804 3.1168030360688574e-09
55950.04800076804 4.576257190647018e-09
56000.04800076804 1.8082677243745498e-09
56050.04800076804 2.1084000047479215e-09
56100.04800076804 3.1724525889987205e-09
56150.04800076804 1.1012163369108604e-09
56200.04800076804 2.0716991553273516e-09
56250.04800076804 3.808410239895094e-09
56300.04800076804 2.296609285383875e-09
56350.04800076804 1.1484517497080657e-09
56400.04800076804 3.848115985849599e-10
56450.04800076804 3.8788075111743063e-10
56500.04800076804 1.8921222736871347e-09
56550.04800076804 8.385191367179962e-10
56600.04800076804 2.895328483585425e-09
56650.04800076804 3.230132872657218e-09
56700.04800076804 2.0404836001722073e-09
56750.04800076804 7.876106718471103e-10
56800.04800076804 1.3198545519794622e-09
56850.04800076804 2.282671640146106e-09
56900.04800076804 1.1728631831453383e-09
56950.04800076804 2.7975104822128143e-09
57000.04800076804 3.6118481283152463e-09
57050.04800076804 1.7552882003449807e-09
57100.04800076804 5.029571455762117e-10
57150.04800076804 9.688543335782674e-10
57200.04800076804 6.661969871151634e-10
57250.04800076804 1.117407060571885e-09
57300.04800076804 1.6515033461400524e-09
57350.04800076804 8.889774498468894e-10
57400.04800076804 2.3230630953317287e-09
57450.04800076804 9.169461851452216e-10
57500.04800076804 8.681069188567045e-10
57550.04800076804 1.3365830391916895e-09
57600.04800076804 1.0654023336679402e-09
57650.04800076804 2.524926851630225e-10
57700.04800076804 5.465855272269332e-10
57750.04800076804 1.4817418117167959e-09
57800.04800076804 5.334883428992656e-10
57850.04800076804 3.4167902451405184e-09
57900.04800076804 4.646406295102e-09
57950.04800076804 4.577300974442994e-09
58000.04800076804 9.470715234259516e-10
58050.04800076804 2.676604999816346e-09
58100.04800076804 1.9692678572887225e-09
58150.04800076804 1.3071942087372669e-09
58200.04800076804 2.0893600133867733e-10
58250.04800076804 5.750985085895163e-10
58300.04800076804 6.073865105707157e-10
58350.04800076804 8.26171414998906e-10
58400.04800076804 2.1818187880498667e-09
58450.04800076804 2.6860423414439356e-09
58500.04800076804 2.8991631453798405e-09
58550.04800076804 1.6915222426165278e-09
58600.04800076804 6.040681842734455e-10
58650.04800076804 1.000655082186125e-09
58700.04800076804 1.4515837270634397e-09
58750.04800076804 1.131214759829435e-09
58800.04800076804 9.883557942981766e-11
58850.04800076804 6.334707528794138e-10
58900.04800076804 8.172482800961069e-10
58950.04800076804 3.6669310934166355e-10
59000.04800076804 1.0150209919192476e-09
59050.04800076804 1.6590134167421132e-09
59100.04800076804 1.2988194251371756e-09
59150.04800076804 1.1499309447966841e-09
59200.04800076804 1.9918688266022274e-09
59250.04800076804 2.0594696136764504e-09
59300.04800076804 1.4282885176149038e-09
59350.04800076804 1.5409246893595167e-10
59400.04800076804 2.654864682639917e-10
59450.04800076804 1.5050055196842991e-09
59500.04800076804 1.1508199442102365e-09
59550.04800076804 1.8289181584929706e-09
59600.04800076804 2.3148489439161315e-09
59650.04800076804 9.946104745682596e-10
59700.04800076804 6.665839601539572e-10
59750.04800076804 2.486849239045962e-09
59800.04800076804 1.1237788895437409e-09
59850.04800076804 1.343769989660028e-09
59900.04800076804 3.9399323857070196e-10
59950.04800076804 1.1857416343162918e-09
60000.04800076804 2.744237444411728e-09
60050.04800076804 3.704082172317656e-09
60100.04800076804 1.972725016447635e-09
60150.04800076804 6.28342922773006e-10
60200.04800076804 1.5740986185941348e-09
60250.04800076804 3.315663652266088e-09
60300.04800076804 3.2133927446741354e-09
60350.04800076804 2.0961408916576805e-09
60400.04800076804 1.5409074617250255e-09
60450.04800076804 2.967089688474281e-10
60500.04800076804 6.204850723901603e-11
60550.04800076804 1.1232212167084984e-09
60600.04800076804 1.9871665014211604e-09
60650.04800076804 1.0360182681940882e-09
60700.04800076804 7.036989687478348e-10
60750.04800076804 2.3253480179118173e-10
60800.04800076804 1.7210779374677395e-09
60850.04800076804 3.361377665528284e-09
60900.04800076804 2.8931478281270076e-09
60950.04800076804 1.8665852388031513e-09
61000.04800076804 2.701385022127132e-09
61050.04800076804 7.660209164791112e-10
61100.04800076804 7.734417158690569e-10
61150.04800076804 2.0327514748526343e-10
61200.04800076804 1.568390144707966e-09
61250.04800076804 2.1342935926008793e-09
61300.04800076804 1.484098570302865e-09
61350.04800076804 3.382950590745474e-09
61400.04800076804 9.732787234647507e-10
61450.04800076804 2.750319906785901e-10
61500.04800076804 2.1792436260276678e-10
61550.04800076804 1.182953709951366e-09
61600.04800076804 4.2292506863723304e-10
61650.04800076804 9.008634298946047e-10
61700.04800076804 1.3694270249675797e-09
61750.04800076804 1.510184600101021e-09
61800.04800076804 1.0609886184421746e-09
61850.04800076804 2.6935779273554565e-10
61900.04800076804 2.162014268543485e-09
61950.04800076804 2.6708195645649916e-09
62000.04800076804 2.37078901839648e-09
62050.04800076804 4.58433504598929e-09
62100.04800076804 1.2968338343555376e-09
62150.04800076804 3.2388968105882012e-09
62200.04800076804 2.982945496298758e-09
62250.04800076804 1.9831300735264385e-09
62300.04800076804 5.66328386604389e-09
62350.04800076804 5.036885036587629e-09
62400.04800076804 2.6068769141191966e-09
62450.04800076804 2.9393196399175994e-09
62500.04800076804 5.372279740980207e-09
62550.04800076804 7.809932861253297e-09
62600.04800076804 4.038639528272665e-09
62650.04800076804 3.227326056552792e-09
62700.04800076804 2.00215601890898e-09
62750.04800076804 4.343875115270575e-09
62800.04800076804 2.3112419586079576e-09
62850.04800076804 3.5052789502091735e-09
62900.04800076804 4.19988520473522e-09
62950.04800076804 7.964952424806538e-09
63000.04800076804 3.4777251462514444e-09
63050.04800076804 1.163831131168912e-08
63100.04800076804 1.0013116686538412e-08
63150.04800076804 7.883216027662926e-09
63200.04800076804 5.071282038393871e-09
63250.04800076804 5.923808682999345e-09
63300.04800076804 2.499007434698054e-09
63350.04800076804 2.554094415045766e-09
