galfind/configs/Brown_Dwarf_templates/sonora_cholla/logkzz2/1780g/650K_1780g_logkzz2_resample.dat
# %ECSV 1.0
# ---
# datatype:
# - {name: wav, unit: Angstrom, datatype: float64}
# - {name: flux_nu, unit: erg / (cm2 Hz s), datatype: float64}
# schema: astropy-2.0
wav flux_nu
[from data line 417]
23850.04800076804 2.0725239756395904e-12
23900.04800076804 4.571823136117189e-12
23950.04800076804 2.2987945265818427e-12
24000.04800076804 5.363995834912134e-12
24050.04800076804 6.699491673854189e-12
24100.04800076804 7.246030082463573e-12
24150.04800076804 1.1146164394896731e-11
24200.04800076804 7.539571402795582e-12
24250.04800076804 4.730532889330486e-12
24300.04800076804 1.1958949889216807e-11
24350.04800076804 7.819311269555414e-12
24400.04800076804 1.8420525727603307e-11
24450.04800076804 2.0353030808166584e-11
24500.04800076804 1.7667242607124316e-11
24550.04800076804 3.001721599338882e-11
24600.04800076804 3.888631552456043e-11
24650.04800076804 4.549359997931993e-11
24700.04800076804 3.506822681841337e-11
24750.04800076804 4.6683596943631353e-11
24800.04800076804 3.9611084938178006e-11
24850.04800076804 5.714022794827424e-11
24900.04800076804 2.7264660809051285e-11
24950.04800076804 4.605050766390213e-11
25000.04800076804 5.4098730917694796e-11
25050.04800076804 3.275158588768878e-11
25100.04800076804 4.7506374028566e-11
25150.04800076804 2.1009778883303035e-11
25200.04800076804 3.309335923233815e-11
25250.04800076804 1.459567636038511e-11
25300.04800076804 1.7246226535952476e-11
25350.04800076804 8.332980899015294e-12
25400.04800076804 1.983248833069063e-11
25450.04800076804 6.8165479731252465e-12
25500.04800076804 5.4997521450303905e-12
25550.04800076804 1.1964590342230049e-11
25600.04800076804 3.367680752314262e-12
25650.04800076804 2.8420959143383724e-12
25700.04800076804 2.9605522618302733e-12
25750.04800076804 1.3073370151059536e-12
25800.04800076804 5.412245175312111e-12
25850.04800076804 9.592742606765462e-13
25900.04800076804 1.4969086366915648e-12
25950.04800076804 4.616738160936277e-13
26000.04800076804 3.810813624093931e-12
26050.04800076804 5.681839706465372e-13
26100.04800076804 2.851153064245788e-12
26150.04800076804 1.201974214207185e-12
26200.04800076804 1.464134608115514e-12
26250.04800076804 8.614626881600225e-12
26300.04800076804 1.8790575211148995e-12
26350.04800076804 1.308020232928631e-11
26400.04800076804 2.66876217638604e-11
26450.04800076804 1.5032075757300883e-11
26500.04800076804 3.669838251664115e-11
26550.04800076804 4.829099502728594e-12
26600.04800076804 3.926509202978211e-12
26650.04800076804 8.924837180329979e-13
26700.04800076804 4.702010402866247e-13
26750.04800076804 1.0693968063218268e-12
26800.04800076804 2.6896459384116936e-12
26850.04800076804 1.9448971347358777e-12
26900.04800076804 7.718581599883719e-12
26950.04800076804 2.360545809658591e-12
27000.04800076804 1.0001712350070087e-11
27050.04800076804 1.455657728254107e-11
27100.04800076804 1.8961254456007705e-12
27150.04800076804 1.5022753354282034e-11
27200.04800076804 1.8036574253209709e-12
27250.04800076804 5.234844347031672e-12
27300.04800076804 3.9482500602374427e-11
27350.04800076804 1.3486098314332474e-11
27400.04800076804 1.0599445341940812e-12
27450.04800076804 1.805397524754452e-11
27500.04800076804 2.5064130255208876e-11
27550.04800076804 4.456445219651231e-12
27600.04800076804 1.2426241103540445e-11
27650.04800076804 3.865193950209554e-12
27700.04800076804 3.873392213980065e-12
27750.04800076804 1.7360006273604982e-11
27800.04800076804 7.25826809461483e-12
27850.04800076804 1.0533336465653648e-11
27900.04800076804 1.4828604527719993e-11
27950.04800076804 2.9978542405386834e-11
28000.04800076804 2.7436478156257572e-11
28050.04800076804 4.822346644061781e-12
28100.04800076804 3.609232115034135e-11
28150.04800076804 2.9904487560273566e-11
28200.04800076804 8.581372246253032e-12
28250.04800076804 4.774520313037913e-11
28300.04800076804 5.7131472534197806e-11
28350.04800076804 1.1218149074382482e-11
28400.04800076804 3.9140569640256146e-11
28450.04800076804 7.994849676222853e-11
28500.04800076804 3.552928411161073e-11
28550.04800076804 1.3135770013676579e-11
28600.04800076804 5.962152425413457e-11
28650.04800076804 4.737978693219006e-11
28700.04800076804 5.967928337098227e-11
28750.04800076804 1.1503956559895506e-10
28800.04800076804 6.771697322650722e-11
28850.04800076804 1.1822741620073424e-10
28900.04800076804 6.982882894789306e-11
28950.04800076804 1.2673216749512977e-10
29000.04800076804 8.148284599564585e-11
29050.04800076804 9.442256314962501e-11
29100.04800076804 6.793958195142001e-11
29150.04800076804 1.0119218263435465e-10
29200.04800076804 1.448207686360807e-10
29250.04800076804 1.6193985490872032e-10
29300.04800076804 1.0561494579639077e-10
29350.04800076804 3.1385842693169917e-10
29400.04800076804 9.33706148779589e-11
29450.04800076804 7.287229222572748e-11
29500.04800076804 2.6194511167447934e-10
29550.04800076804 9.846450456656779e-11
29600.04800076804 1.7518953268009819e-10
29650.04800076804 3.636649340262371e-10
29700.04800076804 8.598121498263852e-11
29750.04800076804 2.0387443343050445e-10
29800.04800076804 1.546138850197741e-10
29850.04800076804 3.3321491141019926e-10
29900.04800076804 2.4236171647830055e-10
29950.04800076804 1.9490890001722954e-10
30000.04800076804 1.6334630253753606e-11
30050.04800076804 6.181569061365626e-11
30100.04800076804 1.61782442609637e-10
30150.04800076804 3.7062463768002447e-10
30200.04800076804 1.7846330263405653e-10
30250.04800076804 4.925782529904724e-10
30300.04800076804 5.648909222122142e-10
30350.04800076804 1.3901221921129446e-10
30400.04800076804 5.04799055834495e-10
30450.04800076804 3.835088075924035e-10
30500.04800076804 2.3295864164754317e-10
30550.04800076804 1.7790148327904512e-10
30600.04800076804 1.1368808890984905e-09
30650.04800076804 5.26712478923783e-10
30700.04800076804 3.173721698336218e-10
30750.04800076804 6.017846572352237e-10
30800.04800076804 4.0390363538990893e-10
30850.04800076804 5.703654208425436e-10
30900.04800076804 4.1599212459389116e-10
30950.04800076804 1.9401536848749815e-10
31000.04800076804 3.513731135283207e-10
31050.04800076804 2.386217679189031e-10
31100.04800076804 1.509171192328341e-10
31150.04800076804 2.4060888875814633e-10
31200.04800076804 6.187030338364266e-10
31250.04800076804 2.6434357375677353e-10
31300.04800076804 1.9635514447530813e-10
31350.04800076804 4.4573271384610126e-10
31400.04800076804 2.373004610159419e-10
31450.04800076804 2.9737330239755343e-10
31500.04800076804 1.268351164088246e-10
31550.04800076804 1.5756412111056816e-10
31600.04800076804 1.3570619680816835e-10
31650.04800076804 1.0612864524309024e-10
31700.04800076804 1.1869625240002206e-10
31750.04800076804 4.9246418000213805e-11
31800.04800076804 1.0976888584213147e-10
31850.04800076804 2.6219005220513645e-11
31900.04800076804 6.237481518200206e-11
31950.04800076804 3.906108135072069e-11
32000.04800076804 2.8921439538528948e-11
32050.04800076804 3.275882053812762e-11
32100.04800076804 2.589961430690242e-11
32150.04800076804 3.202904355225842e-11
32200.04800076804 1.7709212612054232e-11
32250.04800076804 4.070159628137136e-11
32300.04800076804 1.321412742166724e-11
32350.04800076804 4.309605986636731e-11
32400.04800076804 1.0795923929315423e-11
32450.04800076804 2.8051421063108203e-11
32500.04800076804 1.1149538513191348e-11
32550.04800076804 2.8929335289460596e-11
32600.04800076804 1.1037300240057118e-11
32650.04800076804 5.666169316724948e-11
32700.04800076804 1.69846658329503e-11
32750.04800076804 9.821151081499607e-11
32800.04800076804 5.028765691687657e-11
32850.04800076804 1.6824432460174202e-10
32900.04800076804 1.290572394430585e-10
32950.04800076804 1.4908961681285535e-10
33000.04800076804 5.967337906022197e-11
33050.04800076804 7.056448363235352e-11
33100.04800076804 2.0455642639371782e-11
33150.04800076804 3.979073567950936e-14
33200.04800076804 1.2437427108122232e-12
33250.04800076804 1.8715071942494973e-12
33300.04800076804 1.2710977357662655e-11
33350.04800076804 3.445837051178086e-11
33400.04800076804 8.868593251481052e-11
33450.04800076804 3.782748330560008e-11
33500.04800076804 1.3585515002929045e-10
33550.04800076804 4.2310446749646505e-11
33600.04800076804 6.884193010514374e-11
33650.04800076804 6.795167317365951e-11
33700.04800076804 3.4039020085418867e-11
33750.04800076804 8.56832031817201e-11
33800.04800076804 1.8205501545198834e-11
33850.04800076804 5.863716271370491e-11
33900.04800076804 5.991330749617783e-11
33950.04800076804 5.531087664887307e-11
34000.04800076804 1.1035049407202002e-10
34050.04800076804 2.0300380795758234e-11
34100.04800076804 8.818099576532825e-11
34150.04800076804 4.094161360241441e-11
34200.04800076804 1.0000533636289346e-10
34250.04800076804 6.141011498016406e-11
34300.04800076804 6.135775711880294e-11
34350.04800076804 1.6497779409683117e-10
34400.04800076804 4.8802595230267806e-11
34450.04800076804 1.407692497391724e-10
34500.04800076804 7.263906630616989e-11
34550.04800076804 7.495963760525685e-11
34600.04800076804 2.583468568422865e-10
34650.04800076804 4.0423611547879025e-11
34700.04800076804 1.3639966128303375e-10
34750.04800076804 9.901284310143481e-11
34800.04800076804 8.922211319901493e-11
34850.04800076804 2.4684004316799366e-10
34900.04800076804 7.550069616836826e-11
34950.04800076804 1.7372585560282139e-10
35000.04800076804 3.4814992463676536e-10
35050.04800076804 2.1544811031245664e-10
35100.04800076804 4.2942145327165726e-10
35150.04800076804 3.7805514880193765e-10
35200.04800076804 3.3353803569990383e-10
35250.04800076804 4.1335995684821867e-10
35300.04800076804 2.1235241347604638e-10
35350.04800076804 2.677922967616446e-10
35400.04800076804 1.9414484427917588e-10
35450.04800076804 1.737841747980787e-10
35500.04800076804 6.077420909604035e-10
35550.04800076804 3.5522855472196453e-10
35600.04800076804 4.95809992639296e-10
35650.04800076804 5.596851042994618e-10
35700.04800076804 5.12978344634821e-10
35750.04800076804 7.324785749970118e-10
35800.04800076804 4.080178392352725e-10
35850.04800076804 2.0587307787663952e-10
35900.04800076804 3.597976591191677e-10
35950.04800076804 4.400345466693317e-10
36000.04800076804 2.8555166337348057e-10
36050.04800076804 3.360862479607627e-10
36100.04800076804 3.2081780796169085e-10
36150.04800076804 9.368900211676382e-10
36200.04800076804 7.872160993485964e-10
36250.04800076804 6.13226725360413e-10
36300.04800076804 1.2319885995179656e-09
36350.04800076804 6.866901420927414e-10
36400.04800076804 1.311539961809106e-09
36450.04800076804 8.235910765921596e-10
36500.04800076804 9.313022127579866e-10
36550.04800076804 1.899186223726452e-09
36600.04800076804 1.788654888727076e-09
36650.04800076804 1.2461620474553135e-09
36700.04800076804 1.5163378568596338e-09
36750.04800076804 1.8783292354479767e-09
36800.04800076804 1.9723919224312144e-09
36850.04800076804 8.949508703045348e-10
36900.04800076804 1.400737689450613e-09
36950.04800076804 1.958784983241076e-09
37000.04800076804 1.2800011768493083e-09
37050.04800076804 2.380659609984729e-09
37100.04800076804 1.2407374058959635e-09
37150.04800076804 1.5969177325856786e-09
37200.04800076804 2.239919532436188e-09
37250.04800076804 1.6800184529198455e-09
37300.04800076804 1.1694580768419242e-09
37350.04800076804 2.0331100065341174e-09
37400.04800076804 2.687950219371953e-09
37450.04800076804 1.023070702882116e-09
37500.04800076804 1.8369347558411651e-09
37550.04800076804 3.6778613927502884e-09
37600.04800076804 5.550049193427241e-09
37650.04800076804 1.8869179052457537e-09
37700.04800076804 3.1852985839227134e-09
37750.04800076804 2.051975506916634e-09
37800.04800076804 1.995478952347073e-09
37850.04800076804 1.1604269340753206e-09
37900.04800076804 1.549738527762449e-09
37950.04800076804 2.6750686344107705e-09
38000.04800076804 2.995767879475624e-09
38050.04800076804 4.703186457620393e-09
38100.04800076804 5.266030788573115e-09
38150.04800076804 5.776145076305375e-09
38200.04800076804 4.573664708949075e-09
38250.04800076804 5.640389987464656e-09
38300.04800076804 1.0918055330046487e-08
38350.04800076804 7.459266363419962e-09
38400.04800076804 2.8808680159967855e-09
38450.04800076804 1.4170451705111753e-09
38500.04800076804 8.556208017105138e-10
38550.04800076804 2.6882747424589696e-09
38600.04800076804 3.6000196987663987e-09
38650.04800076804 4.492116889136003e-09
38700.04800076804 3.6830645415098224e-09
38750.04800076804 4.7029808511479245e-09
38800.04800076804 3.5047896970198107e-09
38850.04800076804 5.38279847878389e-09
38900.04800076804 5.7575259336102214e-09
38950.04800076804 3.5844194434082243e-09
39000.04800076804 7.220450509970709e-09
39050.04800076804 3.406803039945141e-09
39100.04800076804 6.104440543184776e-09
39150.04800076804 6.936758319771194e-09
39200.04800076804 4.461717856848836e-09
39250.04800076804 8.12510853439872e-09
39300.04800076804 5.347195795726651e-09
39350.04800076804 1.2949729435313098e-08
39400.04800076804 6.955550273903933e-09
39450.04800076804 8.692405579593666e-09
39500.04800076804 9.619243702828625e-09
39550.04800076804 4.583531033931311e-09
39600.04800076804 9.159287575678098e-09
39650.04800076804 1.3747705189751517e-08
39700.04800076804 9.456283724067664e-09
39750.04800076804 4.105973489948362e-09
39800.04800076804 5.289993077668642e-09
39850.04800076804 1.3055790801992695e-08
39900.04800076804 1.5915191731763647e-08
39950.04800076804 6.709953815044583e-09
40000.04800076804 1.3546645497025091e-08
40050.04800076804 1.2769701324781422e-08
40100.04800076804 4.053475382803136e-09
40150.04800076804 1.2431935956020462e-08
40200.04800076804 1.416396301783191e-08
40250.04800076804 1.6668049341011835e-08
40300.04800076804 1.6260190829168664e-08
40350.04800076804 7.211017582258868e-09
40400.04800076804 1.358567273157656e-08
40450.04800076804 6.6127292454955995e-09
40500.04800076804 1.8159439244212987e-08
40550.04800076804 1.5225077135502256e-08
40600.04800076804 1.3648891589315674e-08
40650.04800076804 1.0459585355458049e-08
40700.04800076804 2.587165901830795e-08
40750.04800076804 1.621894677508033e-08
40800.04800076804 7.496616080223127e-09
40850.04800076804 2.571652429555663e-08
40900.04800076804 2.2466852762711894e-08
40950.04800076804 1.403570668145361e-08
41000.04800076804 1.64603570268648e-08
41050.04800076804 2.9154230209786246e-08
41100.04800076804 1.884264893294867e-08
41150.04800076804 6.857729602959852e-09
41200.04800076804 2.9218709989316862e-08
41250.04800076804 2.037665418106817e-08
41300.04800076804 2.3570888800310908e-08
41350.04800076804 3.2757688461747684e-08
41400.04800076804 2.3181980733574137e-08
41450.04800076804 3.0626079510128796e-08
41500.04800076804 1.696854127483868e-08
41550.04800076804 1.4706321237256823e-08
41600.04800076804 2.046170719437914e-08
41650.04800076804 2.9708568909224607e-08
41700.04800076804 3.5038687851164916e-08
41750.04800076804 2.609926923089954e-08
41800.04800076804 3.343297745586672e-08
41850.04800076804 2.3895231172770955e-08
41900.04800076804 1.8515532593932523e-08
41950.04800076804 2.27016745572855e-08
42000.04800076804 2.0201292645218544e-08
42050.04800076804 1.9284896643934895e-08
42100.04800076804 2.681685250457038e-08
42150.04800076804 2.3584053592217437e-08
42200.04800076804 2.7967170276296876e-08
42250.04800076804 1.875965843652504e-08
42300.04800076804 1.589410108321464e-08
42350.04800076804 2.9314138360349496e-08
42400.04800076804 3.714698039248707e-08
42450.04800076804 3.75399964073147e-08
42500.04800076804 3.491845182611043e-08
42550.04800076804 3.123654041360249e-08
42600.04800076804 2.744165845141476e-08
42650.04800076804 4.652948301515265e-08
42700.04800076804 1.6217211587173562e-08
42750.04800076804 2.8546193923987186e-08
42800.04800076804 3.8561906458227614e-08
42850.04800076804 4.196591117061283e-08
42900.04800076804 4.5791813451199423e-08
42950.04800076804 3.211687067964627e-08
43000.04800076804 4.144201344103053e-08
43050.04800076804 1.5981753318597078e-08
43100.04800076804 2.899965623743696e-08
43150.04800076804 2.7965964622803062e-08
43200.04800076804 4.069937756876737e-08
43250.04800076804 5.838848680533193e-08
43300.04800076804 4.9832641412926856e-08
43350.04800076804 2.664334208318394e-08
43400.04800076804 3.7382873153690496e-08
43450.04800076804 2.383463995666003e-08
43500.04800076804 2.6106470618487652e-08
43550.04800076804 2.6114244515416855e-08
