galfind/configs/Brown_Dwarf_templates/sonora_cholla/logkzz2/1780g/700K_1780g_logkzz2_resample.dat
# %ECSV 1.0
# ---
# datatype:
# - {name: wav, unit: Angstrom, datatype: float64}
# - {name: flux_nu, unit: erg / (cm2 Hz s), datatype: float64}
# schema: astropy-2.0
wav flux_nu
[from data line 418]
23900.04800076804 6.758601041668751e-10
23950.04800076804 4.30621022101702e-10
24000.04800076804 8.14715983064957e-10
24050.04800076804 8.249657604301115e-10
24100.04800076804 8.071721489382411e-10
24150.04800076804 1.1078908360966224e-09
24200.04800076804 1.0078004681147842e-09
24250.04800076804 7.453621228324094e-10
24300.04800076804 1.3791445478929525e-09
24350.04800076804 9.077822125218205e-10
24400.04800076804 1.8593947004971767e-09
24450.04800076804 1.6762032525718465e-09
24500.04800076804 1.5541409593098655e-09
24550.04800076804 2.3300487710021586e-09
24600.04800076804 2.55413866933727e-09
24650.04800076804 3.030915266584791e-09
24700.04800076804 2.0928542580977396e-09
24750.04800076804 2.419750286686661e-09
24800.04800076804 2.1234710266173716e-09
24850.04800076804 3.3500185064966392e-09
24900.04800076804 1.2249973190627246e-09
24950.04800076804 2.5603349406694663e-09
25000.04800076804 2.3805586506882315e-09
25050.04800076804 1.2453953881858118e-09
25100.04800076804 2.1170637562370213e-09
25150.04800076804 9.97507991249487e-10
25200.04800076804 1.4372237816312395e-09
25250.04800076804 5.798016615201521e-10
25300.04800076804 8.550177424482533e-10
25350.04800076804 3.734219727444579e-10
25400.04800076804 9.944040984904163e-10
25450.04800076804 3.815824475207447e-10
25500.04800076804 3.273772265699318e-10
25550.04800076804 6.753657494147999e-10
25600.04800076804 4.0725494293155663e-10
25650.04800076804 1.879584941830289e-10
25700.04800076804 2.956857189978756e-10
25750.04800076804 1.0710278235676841e-10
25800.04800076804 4.57689158217907e-10
25850.04800076804 1.0272877088011197e-10
25900.04800076804 1.7337098512750564e-10
25950.04800076804 5.6286307181042017e-11
26000.04800076804 4.1594730336764683e-10
26050.04800076804 8.218984820821649e-11
26100.04800076804 3.602743038856129e-10
26150.04800076804 1.7411252000707515e-10
26200.04800076804 2.1364943401693983e-10
26250.04800076804 9.725458223226776e-10
26300.04800076804 2.7248513050336145e-10
26350.04800076804 1.4460724968230478e-09
26400.04800076804 1.7969777913959407e-09
26450.04800076804 1.1476879538874116e-09
26500.04800076804 2.1462089326711434e-09
26550.04800076804 4.1255741832436437e-10
26600.04800076804 4.2803891157547136e-10
26650.04800076804 1.0378979979884231e-10
26700.04800076804 6.67823636211659e-11
26750.04800076804 8.4304127905155e-11
26800.04800076804 1.8069046635056537e-10
26850.04800076804 1.122106405104644e-10
26900.04800076804 4.2983639341564923e-10
26950.04800076804 1.6606847556838096e-10
27000.04800076804 7.10085095069031e-10
27050.04800076804 8.106242296228235e-10
27100.04800076804 1.803578242001939e-10
27150.04800076804 1.124335297544363e-09
27200.04800076804 1.7279535766030513e-10
27250.04800076804 4.202982639035136e-10
27300.04800076804 2.348652814781989e-09
27350.04800076804 9.00466438421479e-10
27400.04800076804 8.289188498171757e-11
27450.04800076804 1.1231819876483398e-09
27500.04800076804 1.566765822316846e-09
27550.04800076804 2.693463939602757e-10
27600.04800076804 6.86942009513136e-10
27650.04800076804 2.242065924218162e-10
27700.04800076804 1.9737446713871637e-10
27750.04800076804 9.248884609201291e-10
27800.04800076804 3.5886038621994013e-10
27850.04800076804 4.68234096452508e-10
27900.04800076804 6.653360080239082e-10
27950.04800076804 1.4208222510476405e-09
28000.04800076804 1.0224043116899065e-09
28050.04800076804 2.246629682201731e-10
28100.04800076804 1.5850271778006875e-09
28150.04800076804 9.978738015463506e-10
28200.04800076804 3.3379824811475564e-10
28250.04800076804 2.0102723139844464e-09
28300.04800076804 2.475990722874303e-09
28350.04800076804 4.038952727195408e-10
28400.04800076804 1.4567657509313049e-09
28450.04800076804 2.809769987165524e-09
28500.04800076804 1.3628310414354607e-09
28550.04800076804 4.0866628918857073e-10
28600.04800076804 2.4786499595316927e-09
28650.04800076804 1.999658755333682e-09
28700.04800076804 1.8415531483850488e-09
28750.04800076804 4.044626418885104e-09
28800.04800076804 2.9145034243834585e-09
28850.04800076804 3.503279854913527e-09
28900.04800076804 1.6834711265671325e-09
28950.04800076804 4.361539854626579e-09
29000.04800076804 3.2231060931158225e-09
29050.04800076804 3.6664687197960737e-09
29100.04800076804 2.590031944579797e-09
29150.04800076804 5.60631438032463e-09
29200.04800076804 3.946473995069488e-09
29250.04800076804 5.6254807955711775e-09
29300.04800076804 3.1177981508888188e-09
29350.04800076804 1.3634612760519199e-08
29400.04800076804 3.48712598036122e-09
29450.04800076804 3.984987009409495e-09
29500.04800076804 8.737440537151668e-09
29550.04800076804 4.770707743911185e-09
29600.04800076804 7.138829760614269e-09
29650.04800076804 1.0007011239576481e-08
29700.04800076804 3.6628148603604946e-09
29750.04800076804 7.46286057135838e-09
29800.04800076804 6.983365969176914e-09
29850.04800076804 1.2469395139900373e-08
29900.04800076804 1.1190973303707722e-08
29950.04800076804 7.695214010006262e-09
30000.04800076804 1.1537177132704223e-09
30050.04800076804 2.7665525985245676e-09
30100.04800076804 6.216001990016067e-09
30150.04800076804 1.1247458081044265e-08
30200.04800076804 6.931069423161542e-09
30250.04800076804 1.7767589478183923e-08
30300.04800076804 1.548004654986192e-08
30350.04800076804 7.978815123461124e-09
30400.04800076804 1.7197473687142667e-08
30450.04800076804 1.0718651967845734e-08
30500.04800076804 1.0102603339431029e-08
30550.04800076804 7.84563740100414e-09
30600.04800076804 2.231793444347868e-08
30650.04800076804 1.3713271093527028e-08
30700.04800076804 9.570481167741219e-09
30750.04800076804 1.340936204909115e-08
30800.04800076804 9.789074076867662e-09
30850.04800076804 1.1419475754909902e-08
30900.04800076804 9.319080478652159e-09
30950.04800076804 5.251446010973166e-09
31000.04800076804 7.734795210288491e-09
31050.04800076804 7.916186129492065e-09
31100.04800076804 4.775054681335586e-09
31150.04800076804 6.64564688872375e-09
31200.04800076804 1.1536113455432e-08
31250.04800076804 5.13109617518512e-09
31300.04800076804 4.734792991308057e-09
31350.04800076804 6.279459087488082e-09
31400.04800076804 3.881480544157119e-09
31450.04800076804 5.167340925139329e-09
31500.04800076804 2.431581686036834e-09
31550.04800076804 3.266734082153239e-09
31600.04800076804 2.4289068561295104e-09
31650.04800076804 1.9005864295488557e-09
31700.04800076804 2.50432445629951e-09
31750.04800076804 1.0174034038665202e-09
31800.04800076804 2.3017104451067556e-09
31850.04800076804 7.354752611117059e-10
31900.04800076804 1.5648445931950144e-09
31950.04800076804 8.832413609976334e-10
32000.04800076804 9.413070365367257e-10
32050.04800076804 9.03107836482598e-10
32100.04800076804 6.846510566088283e-10
32150.04800076804 9.960881554291742e-10
32200.04800076804 5.505566187356678e-10
32250.04800076804 1.2394746913585754e-09
32300.04800076804 4.401850422643845e-10
32350.04800076804 1.3977956411429255e-09
32400.04800076804 4.430306516173464e-10
32450.04800076804 1.0969295357388286e-09
32500.04800076804 5.625165899156021e-10
32550.04800076804 1.0626196619823317e-09
32600.04800076804 6.832431649236863e-10
32650.04800076804 1.6577683008479665e-09
32700.04800076804 9.113581147130077e-10
32750.04800076804 2.7079615172987313e-09
32800.04800076804 2.1260738722845285e-09
32850.04800076804 4.071872441392659e-09
32900.04800076804 3.780005307034015e-09
32950.04800076804 4.207180427268926e-09
33000.04800076804 2.1289424020694457e-09
33050.04800076804 2.4534799073714714e-09
33100.04800076804 8.304680196929517e-10
33150.04800076804 6.223760991312852e-12
33200.04800076804 4.7919600848427544e-11
33250.04800076804 6.031707757750513e-11
33300.04800076804 2.2848840956385913e-10
33350.04800076804 6.475546716459549e-10
33400.04800076804 1.4882888009781935e-09
33450.04800076804 1.1496377005565985e-09
33500.04800076804 3.223196204773014e-09
33550.04800076804 1.3455648466789844e-09
33600.04800076804 2.1762084205191533e-09
33650.04800076804 2.2409565248565353e-09
33700.04800076804 1.1631009737453458e-09
33750.04800076804 2.9090712327943733e-09
33800.04800076804 6.063855955940553e-10
33850.04800076804 1.581232439800107e-09
33900.04800076804 1.676623367029028e-09
33950.04800076804 1.5243920613269108e-09
34000.04800076804 2.7492760488519132e-09
34050.04800076804 5.972691963684006e-10
34100.04800076804 2.19000319122136e-09
34150.04800076804 9.821462626547727e-10
34200.04800076804 2.0862382865449047e-09
34250.04800076804 1.673458661053996e-09
34300.04800076804 1.2996490710346633e-09
34350.04800076804 3.061487324606292e-09
34400.04800076804 1.0851923262399236e-09
34450.04800076804 3.0600075609663847e-09
34500.04800076804 1.7521115132758172e-09
34550.04800076804 1.298512080639205e-09
34600.04800076804 4.383548470335571e-09
34650.04800076804 1.0040049832864826e-09
34700.04800076804 2.8267004576196453e-09
34750.04800076804 2.2356620476069127e-09
34800.04800076804 1.4537619219649622e-09
34850.04800076804 4.6083403906415655e-09
34900.04800076804 1.893513105056277e-09
34950.04800076804 3.7506898672092176e-09
35000.04800076804 5.799908652138426e-09
35050.04800076804 3.0306132784497133e-09
35100.04800076804 7.345199245665534e-09
35150.04800076804 6.068234618032054e-09
35200.04800076804 5.461455697239165e-09
35250.04800076804 8.052553655939764e-09
35300.04800076804 3.36085067889733e-09
35350.04800076804 5.964156931616837e-09
35400.04800076804 4.810620997994027e-09
35450.04800076804 3.872368794224247e-09
35500.04800076804 1.1485838188646755e-08
35550.04800076804 6.5447217198415506e-09
35600.04800076804 8.349906147812555e-09
35650.04800076804 9.01148470858559e-09
35700.04800076804 6.999842634672609e-09
35750.04800076804 1.460617848618514e-08
35800.04800076804 9.519445438996886e-09
35850.04800076804 5.5021396467700624e-09
35900.04800076804 9.503543329346206e-09
35950.04800076804 1.1362522614365446e-08
36000.04800076804 8.361489742942054e-09
36050.04800076804 9.626468232480593e-09
36100.04800076804 8.30352478095074e-09
36150.04800076804 1.616882538798152e-08
36200.04800076804 1.6143307877713886e-08
36250.04800076804 1.3198706382722154e-08
36300.04800076804 2.1664011175037914e-08
36350.04800076804 1.624320390483058e-08
36400.04800076804 2.435239692846732e-08
36450.04800076804 1.8394394942963927e-08
36500.04800076804 1.945390742730126e-08
36550.04800076804 3.272731303084719e-08
36600.04800076804 3.671883752481849e-08
36650.04800076804 2.7251285341166483e-08
36700.04800076804 2.6649554992380046e-08
36750.04800076804 3.589550635432131e-08
36800.04800076804 3.684440479664156e-08
36850.04800076804 2.39024874684214e-08
36900.04800076804 3.060289292325403e-08
36950.04800076804 3.826043546089791e-08
37000.04800076804 2.985106235241051e-08
37050.04800076804 4.0360776632182406e-08
37100.04800076804 2.794268207694008e-08
37150.04800076804 3.6089607966472194e-08
37200.04800076804 4.860322568617497e-08
37250.04800076804 3.020856436490874e-08
37300.04800076804 2.70950781576539e-08
37350.04800076804 4.193066837417979e-08
37400.04800076804 6.065876888510063e-08
37450.04800076804 2.985382169166452e-08
37500.04800076804 3.4775833833295366e-08
37550.04800076804 6.643158010278734e-08
37600.04800076804 8.289477473642744e-08
37650.04800076804 3.692757476758126e-08
37700.04800076804 5.811841150758799e-08
37750.04800076804 4.0752600988068194e-08
37800.04800076804 4.8451887082638754e-08
37850.04800076804 2.9466568492547948e-08
37900.04800076804 3.788203992980763e-08
37950.04800076804 5.331081778576422e-08
38000.04800076804 5.8102607359236643e-08
38050.04800076804 6.031291816130837e-08
38100.04800076804 7.931285529932448e-08
38150.04800076804 7.91428906039511e-08
38200.04800076804 6.896770505115077e-08
38250.04800076804 7.566684662977447e-08
38300.04800076804 1.14935266386191e-07
38350.04800076804 1.0122710621160701e-07
38400.04800076804 5.7268989899427316e-08
38450.04800076804 4.3636072316571666e-08
38500.04800076804 3.276342236061067e-08
38550.04800076804 6.485957046810867e-08
38600.04800076804 7.004488186646009e-08
38650.04800076804 8.255616408725052e-08
38700.04800076804 8.636780958448106e-08
38750.04800076804 8.520251489109316e-08
38800.04800076804 7.035099134737095e-08
38850.04800076804 9.207053993541599e-08
38900.04800076804 9.881962129572465e-08
38950.04800076804 7.049629428660123e-08
39000.04800076804 1.0239823266240049e-07
39050.04800076804 7.472804745873067e-08
39100.04800076804 8.896525895463807e-08
39150.04800076804 1.0271243554384153e-07
39200.04800076804 8.872602050427712e-08
39250.04800076804 1.1006098015942745e-07
39300.04800076804 9.610297084466755e-08
39350.04800076804 1.3808397901725738e-07
39400.04800076804 1.0530831614293337e-07
39450.04800076804 1.200247044165044e-07
39500.04800076804 1.33459183996838e-07
39550.04800076804 9.841273634355559e-08
39600.04800076804 1.1722985849020919e-07
39650.04800076804 1.6165938212833596e-07
39700.04800076804 1.3508715136606238e-07
39750.04800076804 7.987083776439521e-08
39800.04800076804 9.599257133519903e-08
39850.04800076804 1.6341005636952611e-07
39900.04800076804 1.6796722346870507e-07
39950.04800076804 1.2049181544004458e-07
40000.04800076804 1.6876788098139292e-07
40050.04800076804 1.572119282905389e-07
40100.04800076804 7.903892937932196e-08
40150.04800076804 1.5735785249997506e-07
40200.04800076804 1.7034471918756964e-07
40250.04800076804 1.7895616969055564e-07
40300.04800076804 1.7394423275391584e-07
40350.04800076804 1.1011174231561789e-07
40400.04800076804 1.6715020463750183e-07
40450.04800076804 1.1936263963735825e-07
40500.04800076804 1.8183604264009195e-07
40550.04800076804 1.7287115511861923e-07
40600.04800076804 1.7405168586023406e-07
40650.04800076804 1.4665112950602632e-07
40700.04800076804 2.3402639364375666e-07
40750.04800076804 1.7562613587201581e-07
40800.04800076804 1.2236014709313577e-07
40850.04800076804 2.2847194277827943e-07
40900.04800076804 2.2055677643558652e-07
40950.04800076804 1.5438229118859917e-07
41000.04800076804 1.847441276104465e-07
41050.04800076804 2.3355118684927564e-07
41100.04800076804 1.9001246705967794e-07
41150.04800076804 1.0970050418671171e-07
41200.04800076804 2.2528067183088232e-07
41250.04800076804 1.9872429273762927e-07
41300.04800076804 1.9444535692825286e-07
41350.04800076804 2.4591528111686355e-07
41400.04800076804 2.0856271974799335e-07
41450.04800076804 2.2969259906554155e-07
41500.04800076804 1.680894197125555e-07
41550.04800076804 1.520478827297923e-07
41600.04800076804 1.8358535376573403e-07
41650.04800076804 2.2531042984430846e-07
41700.04800076804 2.1718170454287075e-07
41750.04800076804 2.001203480231633e-07
41800.04800076804 2.4718721726574674e-07
41850.04800076804 1.611053738793679e-07
41900.04800076804 1.590895758800043e-07
41950.04800076804 2.0166158120490371e-07
42000.04800076804 2.1496643734052058e-07
42050.04800076804 1.8157774043794062e-07
42100.04800076804 2.3509946722551927e-07
42150.04800076804 1.7564727768204367e-07
42200.04800076804 1.817729513400994e-07
42250.04800076804 1.6218374566275788e-07
42300.04800076804 1.5510647708623523e-07
42350.04800076804 2.0001739768869948e-07
42400.04800076804 2.1773372198153834e-07
42450.04800076804 1.8640540938805026e-07
42500.04800076804 1.879861570523924e-07
42550.04800076804 1.7369934921265998e-07
42600.04800076804 1.813219468847395e-07
42650.04800076804 2.4845991526393033e-07
42700.04800076804 1.4783617141618332e-07
42750.04800076804 1.505108734365566e-07
42800.04800076804 1.8958594048279365e-07
42850.04800076804 2.1239468384714574e-07
42900.04800076804 2.2117641101350888e-07
42950.04800076804 1.6789714294945863e-07
43000.04800076804 2.06401772088449e-07
43050.04800076804 1.0379891010525666e-07
43100.04800076804 1.7844370256255527e-07
43150.04800076804 1.6438750355679314e-07
43200.04800076804 1.854495182417129e-07
43250.04800076804 2.6978437500380213e-07
43300.04800076804 2.4060137965767253e-07
43350.04800076804 1.299632628567887e-07
43400.04800076804 1.8602501201920117e-07
43450.04800076804 1.446831283673534e-07
43500.04800076804 1.6101501814684097e-07
43550.04800076804 1.4946815276390746e-07
43600.04800076804 2.1778219052448085e-07
