galfind/configs/Brown_Dwarf_templates/sonora_cholla/logkzz2/1780g/700K_1780g_logkzz2_resample.dat
# %ECSV 1.0
# ---
# datatype:
# - {name: wav, unit: Angstrom, datatype: float64}
# - {name: flux_nu, unit: erg / (cm2 Hz s), datatype: float64}
# schema: astropy-2.0
wav flux_nu
[from data line 814]
43700.04800076804 2.3198699248674721e-07
43750.04800076804 2.2610136427547911e-07
43800.04800076804 1.857417466756974e-07
43850.04800076804 1.8281236821676605e-07
43900.04800076804 1.6283609229435505e-07
43950.04800076804 1.2108865363714815e-07
44000.04800076804 9.867967421621833e-08
44050.04800076804 2.0533332260390768e-07
44100.04800076804 2.762435277023507e-07
44150.04800076804 2.695452949406626e-07
44200.04800076804 2.3694572486058004e-07
44250.04800076804 1.430322161181497e-07
44300.04800076804 1.003327734712831e-07
44350.04800076804 1.192480234718595e-07
44400.04800076804 1.248296048477116e-07
44450.04800076804 1.8724075930136334e-07
44500.04800076804 1.5609637629989623e-07
44550.04800076804 2.218922128514488e-07
44600.04800076804 1.7292854660271537e-07
44650.04800076804 1.851348848278448e-07
44700.04800076804 1.3080113095652202e-07
44750.04800076804 1.6062351880700584e-07
44800.04800076804 1.258230195950652e-07
44850.04800076804 1.8038162597403188e-07
44900.04800076804 1.391205671315513e-07
44950.04800076804 1.4465399738767275e-07
45000.04800076804 1.7320094792668185e-07
45050.04800076804 1.7118229650504442e-07
45100.04800076804 1.652117035668477e-07
45150.04800076804 1.422043637791518e-07
45200.04800076804 8.961333801795086e-08
45250.04800076804 1.007910470850009e-07
45300.04800076804 1.1855882616159025e-07
45350.04800076804 9.922012383699134e-08
45400.04800076804 1.5802434715240905e-07
45450.04800076804 1.4345124264133585e-07
45500.04800076804 1.5458382015554957e-07
45550.04800076804 1.8845041388521797e-07
45600.04800076804 1.5525457366447155e-07
45650.04800076804 1.405370692532552e-07
45700.04800076804 1.1147062605171598e-07
45750.04800076804 8.540920121850129e-08
45800.04800076804 1.4735953786101778e-07
45850.04800076804 1.6354934763909813e-07
45900.04800076804 1.8191024925267694e-07
45950.04800076804 1.2762138162424185e-07
46000.04800076804 1.798924324158006e-07
46050.04800076804 1.5763544799293628e-07
46100.04800076804 1.5790410589380626e-07
46150.04800076804 1.3087190930724285e-07
46200.04800076804 9.997507441970583e-08
46250.04800076804 5.188753841882299e-08
46300.04800076804 1.5376560795160142e-07
46350.04800076804 1.3256366551683732e-07
46400.04800076804 1.5200618050117305e-07
46450.04800076804 1.4538094885285272e-07
46500.04800076804 1.358368410557372e-07
46550.04800076804 1.0015905536744982e-07
46600.04800076804 1.1805411331202388e-07
46650.04800076804 1.9301019658641092e-07
46700.04800076804 1.315910719519218e-07
46750.04800076804 6.865652275363243e-08
46800.04800076804 5.0157602555522526e-08
46850.04800076804 1.6665859951368388e-07
46900.04800076804 1.6981638195713685e-07
46950.04800076804 1.8603080136384398e-07
47000.04800076804 1.3628380602828668e-07
47050.04800076804 1.3650928019149475e-07
47100.04800076804 7.576060519816652e-08
47150.04800076804 1.3083022671227637e-07
47200.04800076804 1.4933309003715938e-07
47250.04800076804 7.997252481385545e-08
47300.04800076804 6.411696034846789e-08
47350.04800076804 1.363072581394648e-07
47400.04800076804 1.825709441794222e-07
47450.04800076804 1.1509547464992289e-07
47500.04800076804 2.0670467443199718e-07
47550.04800076804 1.3730736566944272e-07
47600.04800076804 1.6497883381023835e-07
47650.04800076804 1.1511617096676797e-07
47700.04800076804 1.4133572215790834e-07
47750.04800076804 8.28659405737543e-08
47800.04800076804 8.179802940594765e-08
47850.04800076804 3.9376732193497414e-08
47900.04800076804 6.375519817928283e-08
47950.04800076804 1.250034209234211e-07
48000.04800076804 1.888877481544203e-07
48050.04800076804 1.406043076964794e-07
48100.04800076804 7.646750346702962e-08
48150.04800076804 1.012519186728213e-07
48200.04800076804 1.0245228536215318e-07
48250.04800076804 1.1128356948800917e-07
48300.04800076804 1.861818241119203e-07
48350.04800076804 9.581525382154115e-08
48400.04800076804 3.427108420398135e-08
48450.04800076804 6.081955439305195e-08
48500.04800076804 1.1240224255679489e-07
48550.04800076804 9.919895339486651e-08
48600.04800076804 1.5624893695253677e-07
48650.04800076804 1.529545360614058e-07
48700.04800076804 1.441750453166882e-07
48750.04800076804 8.720310979548344e-08
48800.04800076804 1.533546695533291e-07
48850.04800076804 8.772230121180426e-08
48900.04800076804 1.1744812563724168e-07
48950.04800076804 7.114072966062238e-08
49000.04800076804 4.4462771571019475e-08
49050.04800076804 1.1405100875366541e-07
49100.04800076804 1.2919888417389713e-07
49150.04800076804 1.1312369659167093e-07
49200.04800076804 1.5051260477922874e-07
49250.04800076804 1.6464522924770458e-07
49300.04800076804 1.3390121380626912e-07
49350.04800076804 6.244149593502694e-08
49400.04800076804 8.584252176492211e-08
49450.04800076804 8.283166627572017e-08
49500.04800076804 7.249029164793425e-08
49550.04800076804 1.9113821660925814e-08
49600.04800076804 4.587773853809699e-08
49650.04800076804 9.105312943831338e-08
49700.04800076804 1.0682975782918828e-07
49750.04800076804 1.1044165556314874e-07
49800.04800076804 7.117504347985678e-08
49850.04800076804 1.3794779808721882e-07
49900.04800076804 1.3626092409689188e-07
49950.04800076804 1.1271029198568747e-07
50000.04800076804 9.872782568565886e-08
50050.04800076804 1.1317205131825941e-07
50100.04800076804 9.521196683558906e-08
50150.04800076804 4.698671823267666e-08
50200.04800076804 1.2753159036210354e-08
50250.04800076804 5.3067860954883784e-08
50300.04800076804 3.762339489209959e-08
50350.04800076804 1.0784818744778621e-07
50400.04800076804 1.1574649629677124e-07
50450.04800076804 8.013744999880198e-08
50500.04800076804 1.2892784281295283e-07
50550.04800076804 1.3809345679861975e-07
50600.04800076804 8.921920268629138e-08
50650.04800076804 1.2732528398541087e-07
50700.04800076804 1.4349505301128254e-07
50750.04800076804 8.754525735379821e-08
50800.04800076804 3.5843723066556e-08
50850.04800076804 2.1926949566044334e-08
50900.04800076804 9.967025277960065e-08
50950.04800076804 1.0051434464586498e-07
51000.04800076804 7.738233090548707e-08
51050.04800076804 1.0047903925384253e-07
51100.04800076804 3.8412534015353364e-08
51150.04800076804 4.67496059982855e-08
51200.04800076804 1.3393596562788556e-07
51250.04800076804 8.87003909072691e-08
51300.04800076804 6.382311342837351e-08
51350.04800076804 6.900715221812353e-08
51400.04800076804 2.833210456547956e-08
51450.04800076804 2.309066407733784e-08
51500.04800076804 1.9408635005228994e-08
51550.04800076804 5.851956528408833e-08
51600.04800076804 5.435009715380994e-08
51650.04800076804 7.263677077609786e-08
51700.04800076804 7.164179717525951e-08
51750.04800076804 4.623154084914163e-08
51800.04800076804 9.905234693539953e-08
51850.04800076804 7.831326247705146e-08
51900.04800076804 9.57281131307952e-08
51950.04800076804 5.803505248843016e-08
52000.04800076804 9.545994269685615e-09
52050.04800076804 3.265660598527657e-08
52100.04800076804 2.2910774266501526e-08
52150.04800076804 1.4615514904258247e-08
52200.04800076804 3.155558890076643e-08
52250.04800076804 5.447617168208654e-08
52300.04800076804 7.776190076272359e-08
52350.04800076804 2.5847608342701995e-08
52400.04800076804 2.7389860108240796e-08
52450.04800076804 7.787436208120133e-08
52500.04800076804 6.797240545983646e-08
52550.04800076804 6.789307686552202e-08
52600.04800076804 5.6621129334944335e-08
52650.04800076804 6.123711191942145e-08
52700.04800076804 4.1946176217793314e-08
52750.04800076804 2.2453150432583386e-08
52800.04800076804 3.2929015622572536e-08
52850.04800076804 4.0479474917983134e-08
52900.04800076804 2.07247833307228e-08
52950.04800076804 3.232769804523967e-08
53000.04800076804 6.246272069908185e-08
53050.04800076804 2.1986298628134386e-08
53100.04800076804 7.52229298078662e-08
53150.04800076804 8.342292244298849e-08
53200.04800076804 3.228454695100044e-08
53250.04800076804 7.171296853821768e-08
53300.04800076804 7.924002797604466e-08
53350.04800076804 7.728256259612226e-08
53400.04800076804 5.289130037901455e-08
53450.04800076804 1.6903340241658396e-08
53500.04800076804 6.0079059441826775e-09
53550.04800076804 1.1614350698994076e-08
53600.04800076804 3.507071456593935e-08
53650.04800076804 3.481292728637763e-08
53700.04800076804 2.990777715938306e-08
53750.04800076804 2.6533928737720855e-08
53800.04800076804 2.768851270239907e-08
53850.04800076804 4.595150452691806e-08
53900.04800076804 6.400887725321549e-08
53950.04800076804 6.580277587709763e-08
54000.04800076804 4.232912952632608e-08
54050.04800076804 4.454924441234657e-08
54100.04800076804 1.1704554976907735e-08
54150.04800076804 1.791878996206629e-08
54200.04800076804 4.562495740087367e-09
54250.04800076804 9.954668163994015e-09
54300.04800076804 2.339836081601495e-08
54350.04800076804 3.4615418073100806e-08
54400.04800076804 2.9101024854660527e-08
54450.04800076804 2.6511327593516562e-08
54500.04800076804 2.553434092372892e-08
54550.04800076804 2.1945646718433867e-08
54600.04800076804 2.2535737692267014e-08
54650.04800076804 4.927625931282297e-09
54700.04800076804 2.4968870667618477e-08
54750.04800076804 2.3251756344493538e-08
54800.04800076804 1.3343636576183167e-08
54850.04800076804 1.950446455415437e-08
54900.04800076804 3.361848293946195e-08
54950.04800076804 5.078842178190656e-08
55000.04800076804 1.8423621675096868e-08
55050.04800076804 2.6107220547780704e-08
55100.04800076804 3.444650603101519e-08
55150.04800076804 1.9165087556853966e-08
55200.04800076804 1.4600888994323348e-08
55250.04800076804 2.1762250726075157e-08
55300.04800076804 1.3970445064578422e-08
55350.04800076804 2.6877735078418203e-08
55400.04800076804 3.0354014709943106e-08
55450.04800076804 1.9556225978614508e-08
55500.04800076804 8.448017513924622e-09
55550.04800076804 8.954834905975574e-09
55600.04800076804 1.4691650801379307e-08
55650.04800076804 1.2884631406515014e-08
55700.04800076804 1.4484802928826363e-08
55750.04800076804 1.2660066579065285e-08
55800.04800076804 6.115694629975822e-09
55850.04800076804 8.694158365394888e-09
55900.04800076804 2.1000883162204642e-08
55950.04800076804 3.185713574418923e-08
56000.04800076804 1.2303303920631106e-08
56050.04800076804 1.4874546178518047e-08
56100.04800076804 2.1356911817684326e-08
56150.04800076804 1.0995284261928446e-08
56200.04800076804 1.4305876300642666e-08
56250.04800076804 2.7300365042172024e-08
56300.04800076804 1.7445843304951706e-08
56350.04800076804 1.1737791598208737e-08
56400.04800076804 4.990963352288634e-09
56450.04800076804 4.743699875963476e-09
56500.04800076804 1.5157099926205e-08
56550.04800076804 6.418579045258132e-09
56600.04800076804 2.0721301690999437e-08
56650.04800076804 2.3168932135812553e-08
56700.04800076804 1.8441618443082694e-08
56750.04800076804 6.990091389258046e-09
56800.04800076804 1.2229561691723975e-08
56850.04800076804 1.5397563892932054e-08
56900.04800076804 9.525913801051834e-09
56950.04800076804 1.939311940506211e-08
57000.04800076804 2.4694484546242063e-08
57050.04800076804 1.2514593369248536e-08
57100.04800076804 4.10895447344399e-09
57150.04800076804 7.860863955476064e-09
57200.04800076804 5.958961178262619e-09
57250.04800076804 9.136112556168622e-09
57300.04800076804 1.3121788677199692e-08
57350.04800076804 7.019698942148925e-09
57400.04800076804 1.9252567111525613e-08
57450.04800076804 1.0165937327922361e-08
57500.04800076804 8.641729682852728e-09
57550.04800076804 1.240881656260192e-08
57600.04800076804 1.0852691407820872e-08
57650.04800076804 3.070501099210618e-09
57700.04800076804 5.653680927414515e-09
57750.04800076804 1.0467323030697093e-08
57800.04800076804 3.885609048532989e-09
57850.04800076804 2.5611526478277417e-08
57900.04800076804 3.2319158665366916e-08
57950.04800076804 3.4878974352161474e-08
58000.04800076804 1.0694382243778308e-08
58050.04800076804 1.9081362339231865e-08
58100.04800076804 1.6980446052104154e-08
58150.04800076804 1.1408118553938555e-08
58200.04800076804 3.164698479236467e-09
58250.04800076804 5.221082252741971e-09
58300.04800076804 5.861099193027781e-09
58350.04800076804 6.937407096713115e-09
58400.04800076804 1.597799534421209e-08
58450.04800076804 1.9788192363977052e-08
58500.04800076804 2.05519081504898e-08
58550.04800076804 1.5411022269460165e-08
58600.04800076804 6.630140928550094e-09
58650.04800076804 8.935897343802153e-09
58700.04800076804 1.2001729892807677e-08
58750.04800076804 1.1012887794431107e-08
58800.04800076804 1.905822794049893e-09
58850.04800076804 7.209442450350578e-09
58900.04800076804 9.114409951697772e-09
58950.04800076804 4.2764679505416155e-09
59000.04800076804 1.0350583354511109e-08
59050.04800076804 1.562738621954526e-08
59100.04800076804 1.4802075208389062e-08
59150.04800076804 1.1800572078383652e-08
59200.04800076804 1.462951026712359e-08
59250.04800076804 1.516400010380548e-08
59300.04800076804 1.2751763320686321e-08
59350.04800076804 2.6074882249018342e-09
59400.04800076804 3.1045626826342268e-09
59450.04800076804 1.2925903602653258e-08
59500.04800076804 7.355292330161387e-09
59550.04800076804 1.5509054129697057e-08
59600.04800076804 1.9581593018079308e-08
59650.04800076804 9.240265988571794e-09
59700.04800076804 6.521846673634875e-09
59750.04800076804 2.31207560830657e-08
59800.04800076804 9.971658000589302e-09
59850.04800076804 1.320662224280564e-08
59900.04800076804 4.613036315235382e-09
59950.04800076804 1.163212589955035e-08
60000.04800076804 2.6322396235825867e-08
60050.04800076804 2.8096756598123973e-08
60100.04800076804 1.9480302486185447e-08
60150.04800076804 7.970284976652363e-09
60200.04800076804 1.5149880122503587e-08
60250.04800076804 2.893149549525741e-08
60300.04800076804 2.6452464991423027e-08
60350.04800076804 1.4653574349487285e-08
60400.04800076804 1.3992914426049103e-08
60450.04800076804 3.862371824124843e-09
60500.04800076804 1.4861358313230529e-09
60550.04800076804 1.1731658563608756e-08
60600.04800076804 1.6627114837746072e-08
60650.04800076804 1.0119675041248524e-08
60700.04800076804 7.305036105323786e-09
60750.04800076804 3.391134247224517e-09
60800.04800076804 1.53587195330351e-08
60850.04800076804 2.8515362969440845e-08
60900.04800076804 2.4841502853669158e-08
60950.04800076804 1.716625901976134e-08
61000.04800076804 2.0452081392195114e-08
61050.04800076804 7.539739271251316e-09
61100.04800076804 8.536990968926182e-09
61150.04800076804 3.1276381084258528e-09
61200.04800076804 1.6497153005134976e-08
61250.04800076804 1.808022689763354e-08
61300.04800076804 1.3606652406913902e-08
61350.04800076804 2.6010161100376244e-08
61400.04800076804 9.172437451260923e-09
61450.04800076804 4.231791527562423e-09
61500.04800076804 4.167552231665792e-09
61550.04800076804 1.0757100578219503e-08
61600.04800076804 4.843579911464758e-09
61650.04800076804 9.083359165746866e-09
61700.04800076804 1.172400386519809e-08
61750.04800076804 1.323302042696456e-08
61800.04800076804 1.038736458599444e-08
61850.04800076804 4.2031525956564336e-09
61900.04800076804 1.9892728676426897e-08
61950.04800076804 2.4048312356043144e-08
62000.04800076804 2.021120157066671e-08
62050.04800076804 3.094892031283528e-08
62100.04800076804 1.5328074298118007e-08
62150.04800076804 2.5090756332379283e-08
62200.04800076804 2.1986354285760765e-08
62250.04800076804 1.490093379467054e-08
62300.04800076804 3.635720629540882e-08
62350.04800076804 3.2753009101947054e-08
62400.04800076804 1.8564763219938396e-08
62450.04800076804 2.0899707400908858e-08
62500.04800076804 3.706837781537407e-08
62550.04800076804 5.060646025523282e-08
62600.04800076804 3.2263777539033214e-08
62650.04800076804 2.4767305270188188e-08
62700.04800076804 1.8690574388800228e-08
62750.04800076804 3.266852417669106e-08
62800.04800076804 1.944266499656756e-08
62850.04800076804 2.7413613330459656e-08
62900.04800076804 2.793318431415001e-08
62950.04800076804 5.1301596814092453e-08
63000.04800076804 2.659500627894143e-08
63050.04800076804 6.585005508668936e-08
63100.04800076804 5.914197602469719e-08
63150.04800076804 3.9792082532205534e-08
63200.04800076804 3.430968567696995e-08
63250.04800076804 4.289977168107537e-08
63300.04800076804 2.2762347769191784e-08
63350.04800076804 2.3921392298650482e-08
