galfind/configs/Brown_Dwarf_templates/sonora_cholla/logkzz2/1780g/750K_1780g_logkzz2_resample.dat
# %ECSV 1.0
# ---
# datatype:
# - {name: wav, unit: Angstrom, datatype: float64}
# - {name: flux_nu, unit: erg / (cm2 Hz s), datatype: float64}
# schema: astropy-2.0
wav flux_nu
[from data line 418]
23900.04800076804 1.494436745890399e-09
23950.04800076804 1.0428941477666007e-09
24000.04800076804 1.815633485904813e-09
24050.04800076804 1.862196795687829e-09
24100.04800076804 1.72784504462759e-09
24150.04800076804 2.3046034609738623e-09
24200.04800076804 2.1687650477155367e-09
24250.04800076804 1.6340504821201638e-09
24300.04800076804 2.8009255081258894e-09
24350.04800076804 1.898826566813305e-09
24400.04800076804 3.677950617847223e-09
24450.04800076804 3.245331365086048e-09
24500.04800076804 3.1336102571798785e-09
24550.04800076804 4.36877031468987e-09
24600.04800076804 4.77249474165674e-09
24650.04800076804 5.634818668399444e-09
24700.04800076804 3.874143954681713e-09
24750.04800076804 4.356492478345978e-09
24800.04800076804 3.925625499024145e-09
24850.04800076804 6.220115710418064e-09
24900.04800076804 2.3330919965515333e-09
24950.04800076804 4.814576044847703e-09
25000.04800076804 4.398487857483496e-09
25050.04800076804 2.4004480048119227e-09
25100.04800076804 3.956486816975645e-09
25150.04800076804 1.9601340624486914e-09
25200.04800076804 2.7914084224064917e-09
25250.04800076804 1.2144532809381322e-09
25300.04800076804 1.79972964880162e-09
25350.04800076804 8.218343940343952e-10
25400.04800076804 2.0879299212979774e-09
25450.04800076804 8.692408846703583e-10
25500.04800076804 7.616926297988443e-10
25550.04800076804 1.429003044359451e-09
25600.04800076804 9.178695113762232e-10
25650.04800076804 4.5475216360953005e-10
25700.04800076804 7.830607011928496e-10
25750.04800076804 2.9556626418125653e-10
25800.04800076804 1.1385441460356124e-09
25850.04800076804 2.8690143377456144e-10
25900.04800076804 4.797986854423759e-10
25950.04800076804 1.735434718003042e-10
26000.04800076804 1.0497446941270023e-09
26050.04800076804 2.539640233193824e-10
26100.04800076804 9.657874923635751e-10
26150.04800076804 5.136533102499847e-10
26200.04800076804 6.131761597087328e-10
26250.04800076804 2.301957271423357e-09
26300.04800076804 7.747795702843058e-10
26350.04800076804 3.1673601822626005e-09
26400.04800076804 3.6873854173162533e-09
26450.04800076804 2.635361845494071e-09
26500.04800076804 4.295072268801612e-09
26550.04800076804 1.0512585162702961e-09
26600.04800076804 1.1324423842969249e-09
26650.04800076804 3.115729311352678e-10
26700.04800076804 2.0809803360034368e-10
26750.04800076804 2.39985772948867e-10
26800.04800076804 4.693339336031293e-10
26850.04800076804 2.8620204897367574e-10
26900.04800076804 1.0109643943612785e-09
26950.04800076804 4.1420780955157e-10
27000.04800076804 1.6248179730461276e-09
27050.04800076804 1.735291106945617e-09
27100.04800076804 4.986457493631173e-10
27150.04800076804 2.458629775240216e-09
27200.04800076804 4.872309035096414e-10
27250.04800076804 1.0445087797581095e-09
27300.04800076804 4.859549530363888e-09
27350.04800076804 2.1261526884397197e-09
27400.04800076804 2.345614767542394e-10
27450.04800076804 2.6037206036531315e-09
27500.04800076804 3.538351223337618e-09
27550.04800076804 6.996417633212967e-10
27600.04800076804 1.653598998368834e-09
27650.04800076804 5.868750367648154e-10
27700.04800076804 4.961879413074105e-10
27750.04800076804 2.118953821929624e-09
27800.04800076804 8.520497435022264e-10
27850.04800076804 1.0687931883329198e-09
27900.04800076804 1.5010606565915601e-09
27950.04800076804 3.057287556125899e-09
28000.04800076804 2.1911084523294347e-09
28050.04800076804 5.517623428698817e-10
28100.04800076804 3.345895515906045e-09
28150.04800076804 2.0945479529560512e-09
28200.04800076804 7.499315624812763e-10
28250.04800076804 4.085866163645581e-09
28300.04800076804 5.070670350743309e-09
28350.04800076804 9.196233507282948e-10
28400.04800076804 3.007261174414497e-09
28450.04800076804 5.456189859535672e-09
28500.04800076804 2.827688563141185e-09
28550.04800076804 8.870663725406376e-10
28600.04800076804 5.001588338610175e-09
28650.04800076804 4.132027309801138e-09
28700.04800076804 3.62448597729486e-09
28750.04800076804 7.35673061864522e-09
28800.04800076804 5.8173290878407055e-09
28850.04800076804 6.601445576291286e-09
28900.04800076804 3.1581984723003365e-09
28950.04800076804 8.609707483919002e-09
29000.04800076804 6.2745244064650755e-09
29050.04800076804 7.002766084090568e-09
29100.04800076804 5.057011768649789e-09
29150.04800076804 1.113610670484579e-08
29200.04800076804 7.044529594132417e-09
29250.04800076804 1.0247583216791482e-08
29300.04800076804 5.792392896505414e-09
29350.04800076804 2.4812644481636567e-08
29400.04800076804 6.86574977772451e-09
29450.04800076804 8.218690181960464e-09
29500.04800076804 1.4970705790744257e-08
29550.04800076804 9.141647717776322e-09
29600.04800076804 1.3241794486016713e-08
29650.04800076804 1.626474990767458e-08
29700.04800076804 7.340717424218942e-09
29750.04800076804 1.3590644921657924e-08
29800.04800076804 1.3205295290924225e-08
29850.04800076804 2.1015966259736665e-08
29900.04800076804 2.0352205799245133e-08
29950.04800076804 1.4380461609782725e-08
30000.04800076804 3.222193873630312e-09
30050.04800076804 6.140184383388764e-09
30100.04800076804 1.2086118885393292e-08
30150.04800076804 1.994417382747707e-08
30200.04800076804 1.2681051098425466e-08
30250.04800076804 2.977850951781715e-08
30300.04800076804 2.5531376584979296e-08
30350.04800076804 1.5678871312507875e-08
30400.04800076804 2.8367010433183358e-08
30450.04800076804 1.775772685502846e-08
30500.04800076804 1.740210933906588e-08
30550.04800076804 1.4351287844070272e-08
30600.04800076804 3.25640259269194e-08
30650.04800076804 2.169327380303095e-08
30700.04800076804 1.6016825229153075e-08
30750.04800076804 2.0429503326891364e-08
30800.04800076804 1.5355458401241768e-08
30850.04800076804 1.7365570852115496e-08
30900.04800076804 1.5175814200535805e-08
30950.04800076804 8.70093031275243e-09
31000.04800076804 1.2267670003160735e-08
31050.04800076804 1.298265903574043e-08
31100.04800076804 8.314550815034437e-09
31150.04800076804 1.0772232295058941e-08
31200.04800076804 1.6781378723157983e-08
31250.04800076804 8.289898679045635e-09
31300.04800076804 7.84165647128921e-09
31350.04800076804 9.34812886519162e-09
31400.04800076804 5.976084552639531e-09
31450.04800076804 8.110644241253161e-09
31500.04800076804 4.1262178728432395e-09
31550.04800076804 5.351815300145491e-09
31600.04800076804 3.911636384290371e-09
31650.04800076804 3.185421388447116e-09
31700.04800076804 4.289412647577584e-09
31750.04800076804 1.866964452609537e-09
31800.04800076804 3.970600359822671e-09
31850.04800076804 1.4882139058597648e-09
31900.04800076804 2.882200758595779e-09
31950.04800076804 1.7133995743278169e-09
32000.04800076804 1.8926142416011863e-09
32050.04800076804 1.7516240000718613e-09
32100.04800076804 1.3504752541070328e-09
32150.04800076804 1.9899488398076254e-09
32200.04800076804 1.134067233038594e-09
32250.04800076804 2.5046053196606077e-09
32300.04800076804 9.31982021080844e-10
32350.04800076804 2.8362283856842843e-09
32400.04800076804 1.0111066047791228e-09
32450.04800076804 2.2634858809130637e-09
32500.04800076804 1.3112922463591679e-09
32550.04800076804 2.182774316229315e-09
32600.04800076804 1.6381865924749153e-09
32650.04800076804 3.284179238738688e-09
32700.04800076804 2.1021526323051197e-09
32750.04800076804 4.98770010152236e-09
32800.04800076804 4.180713048811173e-09
32850.04800076804 7.069088682853486e-09
32900.04800076804 6.74997349755596e-09
32950.04800076804 7.486704690593896e-09
33000.04800076804 4.298279411745546e-09
33050.04800076804 4.846021074653738e-09
33100.04800076804 1.8103760065147544e-09
33150.04800076804 2.5939976586825823e-11
33200.04800076804 1.2169996622463439e-10
33250.04800076804 1.2966802457495295e-10
33300.04800076804 3.894098768859262e-10
33350.04800076804 1.0919119554694905e-09
33400.04800076804 2.3562741597271657e-09
33450.04800076804 2.110732477995162e-09
33500.04800076804 5.279690163081571e-09
33550.04800076804 2.599371614751574e-09
33600.04800076804 4.1452128188744675e-09
33650.04800076804 4.131943530900723e-09
33700.04800076804 2.398587150323415e-09
33750.04800076804 5.407428386644062e-09
33800.04800076804 1.3497798539023391e-09
33850.04800076804 3.1080092948593195e-09
33900.04800076804 3.2289792075793008e-09
33950.04800076804 3.0520434180092013e-09
34000.04800076804 5.001441346955655e-09
34050.04800076804 1.2584192858550091e-09
34100.04800076804 4.072817735436015e-09
34150.04800076804 1.951079997118696e-09
34200.04800076804 3.759686332677198e-09
34250.04800076804 3.1664583915434784e-09
34300.04800076804 2.4211688405673185e-09
34350.04800076804 5.2086707415152575e-09
34400.04800076804 2.1517904819052473e-09
34450.04800076804 5.334307679777172e-09
34500.04800076804 3.211326644860639e-09
34550.04800076804 2.26633673227273e-09
34600.04800076804 6.941895269739639e-09
34650.04800076804 1.935067424507213e-09
34700.04800076804 4.543096035061322e-09
34750.04800076804 3.91010596541375e-09
34800.04800076804 2.4263949252587725e-09
34850.04800076804 7.061132149328175e-09
34900.04800076804 3.6095114921723294e-09
34950.04800076804 5.817860970942221e-09
35000.04800076804 8.927823529527981e-09
35050.04800076804 4.8286071695472526e-09
35100.04800076804 1.077348358639214e-08
35150.04800076804 9.025999107569183e-09
35200.04800076804 8.625972069225293e-09
35250.04800076804 1.2127466954789304e-08
35300.04800076804 5.579974731407864e-09
35350.04800076804 9.702994247119681e-09
35400.04800076804 8.239033350638137e-09
35450.04800076804 6.642837442210235e-09
35500.04800076804 1.7441187155376723e-08
35550.04800076804 1.0477724631417864e-08
35600.04800076804 1.2929783816953495e-08
35650.04800076804 1.394438042441275e-08
35700.04800076804 1.0316583839043198e-08
35750.04800076804 2.138256875374146e-08
35800.04800076804 1.491371591945718e-08
35850.04800076804 9.128916510488556e-09
35900.04800076804 1.5349420731847907e-08
35950.04800076804 1.7489266664479077e-08
36000.04800076804 1.282821525188973e-08
36050.04800076804 1.5452819208848174e-08
36100.04800076804 1.3317068694439247e-08
36150.04800076804 2.3306535321482583e-08
36200.04800076804 2.3226836640776346e-08
36250.04800076804 2.040253083514141e-08
36300.04800076804 3.0299128527281285e-08
36350.04800076804 2.4102367127694625e-08
36400.04800076804 3.4676924002324817e-08
36450.04800076804 2.7643574661988163e-08
36500.04800076804 2.86941972721239e-08
36550.04800076804 4.513218194037787e-08
36600.04800076804 5.041502377770077e-08
36650.04800076804 4.020768321017367e-08
36700.04800076804 3.9237616809766125e-08
36750.04800076804 5.014634834904859e-08
36800.04800076804 5.072156148999849e-08
36850.04800076804 3.5661021000408363e-08
36900.04800076804 4.427509223288007e-08
36950.04800076804 5.2890501965929834e-08
37000.04800076804 4.310979066631693e-08
37050.04800076804 5.581518193214435e-08
37100.04800076804 4.293513260154706e-08
37150.04800076804 5.22435632854016e-08
37200.04800076804 6.592301917783113e-08
37250.04800076804 4.414779077240103e-08
37300.04800076804 4.115425932507733e-08
37350.04800076804 5.998337196019104e-08
37400.04800076804 8.29875392590952e-08
37450.04800076804 4.548157138552101e-08
37500.04800076804 5.061443030748799e-08
37550.04800076804 8.97447174081924e-08
37600.04800076804 1.0848639016835892e-07
37650.04800076804 5.430562538455514e-08
37700.04800076804 8.147002131055544e-08
37750.04800076804 5.7717083828160726e-08
37800.04800076804 6.90329861313822e-08
37850.04800076804 4.4039586163701826e-08
37900.04800076804 5.613316439575678e-08
37950.04800076804 7.586214411806742e-08
38000.04800076804 8.425583233675568e-08
38050.04800076804 8.307720496719964e-08
38100.04800076804 1.0570199403558567e-07
38150.04800076804 1.0433650931760761e-07
38200.04800076804 9.558051752050296e-08
38250.04800076804 1.0163685966366641e-07
38300.04800076804 1.4763135160562907e-07
38350.04800076804 1.3395422912518286e-07
38400.04800076804 8.0542420711886e-08
38450.04800076804 6.789508241889286e-08
38500.04800076804 5.122874830854711e-08
38550.04800076804 9.056226446905551e-08
38600.04800076804 9.633191532736545e-08
38650.04800076804 1.1434783619733051e-07
38700.04800076804 1.1962296522788682e-07
38750.04800076804 1.1811394822819072e-07
38800.04800076804 9.702944730654769e-08
38850.04800076804 1.2660143464994315e-07
38900.04800076804 1.3514690818516246e-07
38950.04800076804 9.986209437837098e-08
39000.04800076804 1.3947113264932198e-07
39050.04800076804 1.0707471115025075e-07
39100.04800076804 1.2258521243879823e-07
39150.04800076804 1.365931790820949e-07
39200.04800076804 1.2085512437949816e-07
39250.04800076804 1.4922097874089978e-07
39300.04800076804 1.3311932836222267e-07
39350.04800076804 1.8077330824330257e-07
39400.04800076804 1.4475641059703862e-07
39450.04800076804 1.5991218791171588e-07
39500.04800076804 1.741437105411962e-07
39550.04800076804 1.3824456182148995e-07
39600.04800076804 1.5776671517422455e-07
39650.04800076804 2.0928293259869798e-07
39700.04800076804 1.7643479050713581e-07
39750.04800076804 1.1269200606501715e-07
39800.04800076804 1.3692601420386388e-07
39850.04800076804 2.116521512041086e-07
39900.04800076804 2.1554135478091996e-07
39950.04800076804 1.6551074499285896e-07
40000.04800076804 2.2102801752671438e-07
40050.04800076804 2.0607984238340042e-07
40100.04800076804 1.1586687437945205e-07
40150.04800076804 2.1003880794194114e-07
40200.04800076804 2.2228242535399266e-07
40250.04800076804 2.3004812003701985e-07
40300.04800076804 2.2643776242216195e-07
40350.04800076804 1.5291909324393073e-07
40400.04800076804 2.2252485250894235e-07
40450.04800076804 1.6774335085936942e-07
40500.04800076804 2.358186682258698e-07
40550.04800076804 2.2707572685256037e-07
40600.04800076804 2.2651867880834029e-07
40650.04800076804 1.9837767848578245e-07
40700.04800076804 2.9954087602293696e-07
40750.04800076804 2.2936622955420834e-07
40800.04800076804 1.6878578904325865e-07
40850.04800076804 2.9100817908509025e-07
40900.04800076804 2.8123307093091547e-07
40950.04800076804 2.041127004835929e-07
41000.04800076804 2.4145336913283226e-07
41050.04800076804 2.9388150832418735e-07
41100.04800076804 2.408248215844763e-07
41150.04800076804 1.53988605010742e-07
41200.04800076804 2.8803497850850254e-07
41250.04800076804 2.549995370953177e-07
41300.04800076804 2.4127353911167813e-07
41350.04800076804 3.077830268583592e-07
41400.04800076804 2.6478117384798e-07
41450.04800076804 2.881082983234915e-07
41500.04800076804 2.1927589776859487e-07
41550.04800076804 1.9877364679513597e-07
41600.04800076804 2.397377895508706e-07
41650.04800076804 2.819089494175165e-07
41700.04800076804 2.64256630615897e-07
41750.04800076804 2.4886042840243926e-07
41800.04800076804 3.1040834801880966e-07
41850.04800076804 1.9928904840190823e-07
41900.04800076804 2.044176917115573e-07
41950.04800076804 2.5764914082322273e-07
42000.04800076804 2.7797255722030433e-07
42050.04800076804 2.314339290953529e-07
42100.04800076804 3.02173384579636e-07
42150.04800076804 2.194587634173176e-07
42200.04800076804 2.2671210203497965e-07
42250.04800076804 2.0927305623698395e-07
42300.04800076804 2.029238325006658e-07
42350.04800076804 2.5074501199187627e-07
42400.04800076804 2.6976014399944614e-07
42450.04800076804 2.277543549652458e-07
42500.04800076804 2.2829649010514487e-07
42550.04800076804 2.1235532475167833e-07
42600.04800076804 2.2798307203542568e-07
42650.04800076804 3.0732599915027516e-07
42700.04800076804 1.8825758932940892e-07
42750.04800076804 1.8739778980407432e-07
42800.04800076804 2.2851018289531472e-07
42850.04800076804 2.5778814256905803e-07
42900.04800076804 2.7177342099381065e-07
42950.04800076804 2.0504033403986935e-07
43000.04800076804 2.54657303919536e-07
43050.04800076804 1.2925680901841653e-07
43100.04800076804 2.1807864734444033e-07
43150.04800076804 2.0320345543598825e-07
43200.04800076804 2.2662031855226073e-07
43250.04800076804 3.253835728180873e-07
43300.04800076804 2.95168774685324e-07
43350.04800076804 1.6037323968250325e-07
43400.04800076804 2.2819092672676282e-07
43450.04800076804 1.7606447732659813e-07
43500.04800076804 1.9926004056381193e-07
43550.04800076804 1.8748074253730008e-07
43600.04800076804 2.640263052674178e-07
