galfind/configs/Brown_Dwarf_templates/sonora_cholla/logkzz2/1780g/800K_1780g_logkzz2_resample.dat
# %ECSV 1.0
# ---
# datatype:
# - {name: wav, unit: Angstrom, datatype: float64}
# - {name: flux_nu, unit: erg / (cm2 Hz s), datatype: float64}
# schema: astropy-2.0
wav flux_nu
[from data line 1209]
63450.04800076804 1.7279758616839878e-08
63500.04800076804 5.640806719197778e-08
63550.04800076804 6.973370768923488e-08
63600.04800076804 6.486057076358259e-08
63650.04800076804 4.615550163573211e-08
63700.04800076804 1.9618423327687378e-08
63750.04800076804 3.8296914775410284e-08
63800.04800076804 6.967481505425194e-08
63850.04800076804 5.585618355162199e-08
63900.04800076804 2.5281222411749384e-08
63950.04800076804 4.721586848064981e-08
64000.04800076804 5.974746266941128e-08
64050.04800076804 3.050975327941055e-08
64100.04800076804 8.614703361221135e-09
64150.04800076804 1.3375413404086916e-08
64200.04800076804 1.5979120765239617e-08
64250.04800076804 3.5152322015609473e-08
64300.04800076804 2.7639481221427612e-08
64350.04800076804 2.0988684078022576e-08
64400.04800076804 4.7925209309934144e-08
64450.04800076804 5.047610338589355e-08
64500.04800076804 2.20869865345569e-08
64550.04800076804 4.2052549579481766e-08
64600.04800076804 2.670861107590885e-08
64650.04800076804 4.2252502590085206e-08
64700.04800076804 1.6320150036708715e-08
64750.04800076804 2.3522334140764575e-08
64800.04800076804 1.7332536768519824e-08
64850.04800076804 1.4081707837625845e-08
64900.04800076804 1.5231442390805856e-08
64950.04800076804 1.3621659501708687e-08
65000.04800076804 1.9994490474893486e-08
65050.04800076804 2.9406684880991215e-08
65100.04800076804 3.859969181004609e-08
65150.04800076804 2.2322142356954995e-08
65200.04800076804 1.3170463360732625e-08
65250.04800076804 2.7721986628826104e-08
65300.04800076804 2.9998934315019244e-08
65350.04800076804 6.382124059581846e-08
65400.04800076804 2.7266341962688107e-08
65450.04800076804 2.7392605263736062e-08
65500.04800076804 3.275422936850965e-08
65550.04800076805 1.698078603231204e-08
65600.04800076805 3.19473541563429e-08
65650.04800076805 2.4124105414633902e-08
65700.04800076805 2.2632961514659928e-08
65750.04800076805 1.5778149330940638e-08
65800.04800076805 2.9209400861787132e-08
65850.04800076805 4.144554257306908e-08
65900.04800076805 1.4817866925178789e-08
65950.04800076805 1.9277678301645088e-08
66000.04800076805 2.4754086715917252e-08
66050.04800076805 4.9877646172245193e-08
66100.04800076805 2.8390764815274013e-08
66150.04800076805 2.5260458498714642e-08
66200.04800076805 2.3206743597228963e-08
66250.04800076805 1.7103980228415678e-08
66300.04800076805 7.971462000767786e-09
66350.04800076805 9.197838882995184e-09
66400.04800076805 1.568733709595452e-08
66450.04800076805 3.56956548165274e-08
66500.04800076805 5.0348947433106597e-08
66550.04800076805 4.5437531768209655e-08
66600.04800076805 3.615123502958755e-08
66650.04800076805 3.0492505854899546e-08
66700.04800076805 2.335841680763957e-08
66750.04800076805 2.2524615472271026e-08
66800.04800076805 2.889253701333953e-08
66850.04800076805 1.902327957663176e-08
66900.04800076805 4.935069698754877e-08
66950.04800076805 4.9901372474969044e-08
67000.04800076805 5.873432746257052e-08
67050.04800076805 3.229684607139782e-08
67100.04800076805 2.190140271073312e-08
67150.04800076805 2.529219835559758e-08
67200.04800076805 3.697094198322448e-08
67250.04800076805 3.2716654830458885e-08
67300.04800076805 4.587772741224437e-08
67350.04800076805 2.3879095367622198e-08
67400.04800076805 5.30302721595852e-08
67450.04800076805 3.44861004663377e-08
67500.04800076805 3.3717828132694206e-08
67550.04800076805 5.393047185630482e-08
67600.04800076805 8.822711809255492e-08
67650.04800076805 6.379000440490808e-08
67700.04800076805 4.1493678452909176e-08
67750.04800076805 2.959246710596186e-08
67800.04800076805 4.2349627882274946e-08
67850.04800076805 2.098933795904513e-08
67900.04800076805 2.6522150720727086e-08
67950.04800076805 1.9510945113266295e-08
68000.04800076805 3.980700089238864e-08
68050.04800076805 4.5227194683910086e-08
68100.04800076805 6.18709243446243e-08
68150.04800076805 5.228554652670833e-08
68200.04800076805 4.65166969887384e-08
68250.04800076805 1.3713100468833829e-08
68300.04800076805 4.609176507890067e-08
68350.04800076805 4.0098549562804185e-08
68400.04800076805 6.965879335384456e-08
68450.04800076805 5.9273863211106886e-08
68500.04800076805 4.233721871126716e-08
68550.04800076805 2.1038138341630987e-08
68600.04800076805 2.2616494810462674e-08
68650.04800076805 1.2398032923290764e-08
68700.04800076805 2.7078838535541122e-08
68750.04800076805 4.0839425081197835e-08
68800.04800076805 4.554592224206938e-08
68850.04800076805 2.0476094746463952e-08
68900.04800076805 6.70466817765232e-08
68950.04800076805 7.006713225674961e-08
69000.04800076805 5.1861480213617326e-08
69050.04800076805 2.7889503976440603e-08
69100.04800076805 6.288077405669195e-08
69150.04800076805 8.150650757925972e-08
69200.04800076805 5.3178423790982356e-08
69250.04800076805 8.126352330920318e-08
69300.04800076805 5.568143725126581e-08
69350.04800076805 8.034807162205734e-08
69400.04800076805 3.256314801023015e-08
69450.04800076805 7.594928117941147e-08
69500.04800076805 3.97401670937617e-08
69550.04800076805 3.733919956736249e-08
69600.04800076805 1.1781310800032114e-08
69650.04800076805 3.545022557431623e-08
69700.04800076805 6.289521161446247e-08
69750.04800076805 4.1088759500849726e-08
69800.04800076805 5.918143566408597e-08
69850.04800076805 6.459487536735249e-08
69900.04800076805 4.7116455771264195e-08
69950.04800076805 4.4708332161495876e-08
70000.04800076805 4.187002948453269e-08
70050.04800076805 7.6987256313875e-08
70100.04800076805 5.275723022453773e-08
70150.04800076805 5.179419858402637e-08
70200.04800076805 3.473474684891271e-08
70250.04800076805 4.688951589704096e-08
70300.04800076805 7.529419107080444e-08
70350.04800076805 5.673282628075751e-08
70400.04800076805 3.3906812723109334e-08
70450.04800076805 1.0152811777511829e-08
70500.04800076805 2.8007506331393964e-08
70550.04800076805 2.782735945444465e-08
70600.04800076805 3.028266448711489e-08
70650.04800076805 6.13696978129965e-08
70700.04800076805 5.989905307162348e-08
70750.04800076805 8.466718638789981e-08
70800.04800076805 4.3738227208078653e-08
70850.04800076805 4.220417210538179e-08
70900.04800076805 4.88507249849181e-08
70950.04800076805 6.716654284007412e-08
71000.04800076805 6.216864617160553e-08
71050.04800076805 6.207895459808275e-08
71100.04800076805 5.221529089599575e-08
71150.04800076805 3.911648055764939e-08
71200.04800076805 3.517240015264145e-08
71250.04800076805 5.0290266497216646e-08
71300.04800076805 6.465222971703957e-08
71350.04800076805 6.660351782966037e-08
71400.04800076805 5.693605436449382e-08
71450.04800076805 2.7582235400232382e-08
71500.04800076805 3.231646637231316e-08
71550.04800076805 3.6321072441612646e-08
71600.04800076805 4.582834720142093e-08
71650.04800076805 3.2295604671486785e-08
71700.04800076805 2.4555935190382236e-08
71750.04800076805 4.376399385685308e-08
71800.04800076805 5.8619308000099397e-08
71850.04800076805 5.719815117206331e-08
71900.04800076805 3.315009947302326e-08
71950.04800076805 4.453046344941199e-08
72000.04800076805 4.141847907257905e-08
72050.04800076805 2.4702336626096966e-08
72100.04800076805 3.0212057534350074e-08
72150.04800076805 2.98725642311237e-08
72200.04800076805 4.366444438920969e-08
72250.04800076805 5.9379936164439826e-08
72300.04800076805 4.0223234392693716e-08
72350.04800076805 4.452355825384133e-08
72400.04800076805 4.066627752642853e-08
72450.04800076805 3.4198148453230595e-08
72500.04800076805 4.4642798618266706e-08
72550.04800076805 1.8882242719492478e-08
72600.04800076805 3.142976962630883e-08
72650.04800076805 5.153465686222071e-08
72700.04800076805 3.7086921684339806e-08
72750.04800076805 3.809741117658782e-08
72800.04800076805 2.5435718318151524e-08
72850.04800076805 3.102481875995672e-08
72900.04800076805 5.6763545119137065e-08
72950.04800076805 3.716312761988946e-08
73000.04800076805 3.796585094167353e-08
73050.04800076805 2.3515867831584182e-08
73100.04800076805 2.672156148384555e-08
73150.04800076805 5.8482167469606485e-08
73200.04800076805 2.6687648590536006e-08
73250.04800076805 3.5080526975036086e-08
73300.04800076805 2.8451582542655074e-08
73350.04800076805 2.098091083761317e-08
73400.04800076805 3.412900630541842e-08
73450.04800076805 2.1612173758578452e-08
73500.04800076805 1.9717776647844388e-08
73550.04800076805 3.342420041585043e-08
73600.04800076805 3.111812052471622e-08
73650.04800076805 3.334069612202152e-08
73700.04800076805 3.3868917106060364e-08
73750.04800076805 1.5414456118500496e-08
73800.04800076805 2.9570885318468202e-08
73850.04800076805 3.813211943221607e-08
73900.04800076805 2.674927702695104e-08
73950.04800076805 2.6246797192488265e-08
74000.04800076805 1.720256036939358e-08
74050.04800076805 4.754808543764956e-08
74100.04800076805 3.192260064383877e-08
74150.04800076805 3.3518748647340857e-08
74200.04800076805 2.422552515765677e-08
74250.04800076805 8.309466987152054e-09
74300.04800076805 3.1647802817670044e-08
74350.04800076805 4.37274537135127e-08
74400.04800076805 4.192396563091901e-08
74450.04800076805 1.952998663116737e-08
74500.04800076805 1.4053128100371695e-08
74550.04800076805 2.6272630905742363e-08
74600.04800076805 2.809427927867243e-08
74650.04800076805 2.7563482902653807e-08
74700.04800076805 1.9759615778293596e-08
74750.04800076805 1.711364853977833e-08
74800.04800076805 2.2303294302101562e-08
74850.04800076805 2.7893800723167912e-08
74900.04800076805 4.257895832710961e-08
74950.04800076805 4.109542593301374e-08
75000.04800076805 2.2731798054518488e-08
75050.04800076805 1.1561409765750129e-08
75100.04800076805 4.219486835418832e-08
75150.04800076805 4.1599454810880205e-08
75200.04800076805 4.4111790939315265e-08
75250.04800076805 4.866053295850373e-08
75300.04800076805 4.179541933188493e-08
75350.04800076805 1.70660623299851e-08
75400.04800076805 5.2241568261260484e-08
75450.04800076805 4.346335361072737e-08
75500.04800076805 3.9973873146537766e-08
75550.04800076805 4.163686963614194e-08
75600.04800076805 5.3804887706646525e-08
75650.04800076805 3.386132291436402e-08
75700.04800076805 4.6919016102564146e-08
75750.04800076805 2.9091269364482412e-08
75800.04800076805 4.274620795901956e-08
75850.04800076805 5.0323783962455634e-08
75900.04800076805 4.5950156720613016e-08
75950.04800076805 2.6320199001889758e-08
76000.04800076805 5.047832256681274e-08
76050.04800076805 4.687933162001552e-08
76100.04800076805 4.5170744307930754e-08
76150.04800076805 4.9309844027545934e-08
76200.04800076805 4.598741314788139e-08
76250.04800076805 4.042591376450557e-08
76300.04800076805 7.567952183304572e-08
76350.04800076805 8.302399099304652e-08
76400.04800076805 6.290202025005141e-08
76450.04800076805 5.4979878270216025e-08
76500.04800076805 4.24561749288952e-08
76550.04800076805 2.1964632353337723e-08
76600.04800076805 7.07865784338839e-09
76650.04800076805 8.96146276022666e-09
76700.04800076805 1.1661383305469693e-08
76750.04800076805 1.1231007828835854e-08
76800.04800076805 2.100701010457474e-08
76850.04800076805 8.810880381383333e-09
76900.04800076805 9.789866303862114e-09
76950.04800076805 1.9366079039057104e-08
77000.04800076805 2.4031000671971455e-08
77050.04800076805 1.1131001075413662e-08
77100.04800076805 1.4258193650056487e-08
77150.04800076805 2.7049813493672018e-08
77200.04800076805 2.0224494824340033e-08
77250.04800076805 2.1034286209946235e-08
77300.04800076805 2.5443525593223363e-08
77350.04800076805 1.2812594021005287e-08
77400.04800076805 1.6061573896407733e-08
77450.04800076805 2.6060866649828227e-08
77500.04800076805 2.1693931070756375e-08
77550.04800076805 2.121213014089031e-08
77600.04800076805 1.8211959460248357e-08
77650.04800076805 2.091245656894966e-08
77700.04800076805 1.9052487826624903e-08
77750.04800076805 3.394445575794571e-08
77800.04800076805 3.1191768375128675e-08
77850.04800076805 5.265235553795442e-08
77900.04800076805 3.258192331796616e-08
77950.04800076805 1.3859882789995846e-08
78000.04800076805 2.6515292661019268e-08
78050.04800076805 2.699500943388396e-08
78100.04800076805 2.64853801301716e-08
78150.04800076805 4.30304523429773e-08
78200.04800076805 4.5823593817311964e-08
78250.04800076805 4.671127336766149e-08
78300.04800076805 3.0179851960322994e-08
78350.04800076805 4.0544211457323054e-08
78400.04800076805 2.0958094468045877e-08
78450.04800076805 4.206659924205233e-08
78500.04800076805 5.284090025245492e-08
78550.04800076805 5.8448986761655485e-08
78600.04800076805 4.656108008565589e-08
78650.04800076805 1.2666169048010994e-08
78700.04800076805 2.227070981028736e-08
78750.04800076805 2.920810383876885e-08
78800.04800076805 3.4953241087311166e-08
78850.04800076805 1.585854575783679e-08
78900.04800076805 3.194209078979046e-08
78950.04800076805 3.9782231675137e-08
79000.04800076805 3.582577077149843e-08
79050.04800076805 2.9530345897404112e-08
79100.04800076805 3.5487555067744114e-08
79150.04800076805 3.399343973405221e-08
79200.04800076805 3.907491404627331e-08
79250.04800076805 2.5537553957935282e-08
79300.04800076805 2.359306636775479e-08
79350.04800076805 3.51533184170012e-08
79400.04800076805 2.2221131058887153e-08
79450.04800076805 4.926461761776461e-08
79500.04800076805 6.537502584204803e-08
79550.04800076805 5.4205952733679644e-08
79600.04800076805 2.6732742846130466e-08
79650.04800076805 4.1001327688412164e-08
79700.04800076805 3.8180028536639455e-08
79750.04800076805 3.930262992877151e-08
79800.04800076805 2.5912225244383418e-08
79850.04800076805 4.013487475869032e-08
79900.04800076805 7.189152130032557e-08
79950.04800076805 6.077591224475205e-08
