galfind/configs/Brown_Dwarf_templates/sonora_cholla/logkzz2/1780g/850K_1780g_logkzz2_resample.dat
# %ECSV 1.0
# ---
# datatype:
# - {name: wav, unit: Angstrom, datatype: float64}
# - {name: flux_nu, unit: erg / (cm2 Hz s), datatype: float64}
# schema: astropy-2.0
wav flux_nu
10000.000000000093 nan
10050.000000000093 1.0422396984362498e-07
10100.000000000093 1.2074749339223108e-07
10150.000000000093 1.2894804932087894e-07
10200.000000000093 1.4055185023682015e-07
10250.000000000093 1.52060438140384e-07
10300.000000000093 1.6527259101487395e-07
10350.000000000093 1.770059724489816e-07
10400.000000000093 1.8911416894047625e-07
10450.000000000093 1.960362782109396e-07
10500.000000000093 1.990288764931647e-07
10550.000000000093 2.0238672684116016e-07
10600.000000000093 2.0151512641371675e-07
10650.000000000093 2.014895057046791e-07
10700.000000000093 1.9699412213216725e-07
10750.000000000093 1.9427678533950767e-07
10800.000000000093 1.87159306364478e-07
10850.000000000093 1.7403453962739392e-07
10900.000000000093 1.340689436671707e-07
10950.000000000093 7.685749168962321e-08
11000.000000000093 5.091238895487896e-08
11050.000000000093 3.0272245551556585e-08
11100.000000000093 1.874807403165039e-08
11150.000000000093 1.1460497166366541e-08
11200.000000000093 1.1985805764389699e-08
11250.000000000093 1.6742661336831854e-08
11300.000000000093 1.8147681458010533e-08
11350.000000000093 8.17640680349238e-09
11400.000000000093 2.2074790380917658e-08
11450.000000000093 1.5001573844426627e-08
11500.000000000093 1.5984336996369363e-08
11550.000000000093 8.71188730531549e-09
11600.000000000093 8.11324717518291e-09
11650.000000000093 1.3441231152814592e-08
11700.000000000093 1.5271281846092888e-08
11750.000000000093 9.291768791001467e-09
11800.000000000093 2.1893886903925177e-08
11850.000000000093 3.23123464319747e-08
11900.000000000093 4.0396337513672144e-08
11950.000000000093 5.459784958650665e-08
12000.000000000093 6.867388627927859e-08
12050.000000000093 8.514003813979687e-08
12100.000000000093 1.0133761592719786e-07
12150.000000000093 1.2005081432736675e-07
12200.000000000093 1.3656937919374829e-07
12250.000000000093 1.5597981385406513e-07
12300.000000000093 1.7764479685367853e-07
12350.000000000093 1.862929521114279e-07
12400.000000000093 2.1282904881735481e-07
12450.000000000093 2.353798504108977e-07
12500.000000000093 2.510726808321883e-07
12550.000000000093 2.650106066587812e-07
12600.000000000093 2.6900653947002895e-07
12650.000000000093 2.6683920644714007e-07
12700.000000000093 2.64927559036747e-07
12750.000000000093 2.465619536290316e-07
12800.000000000093 2.361630017666491e-07
12850.000000000093 2.0044420393037343e-07
12900.000000000093 1.7878594849685128e-07
12950.000000000093 1.6366112667075706e-07
13000.000000000093 1.633865835998403e-07
13050.000000000093 1.4157144239479113e-07
13100.000000000093 1.382176823798296e-07
13150.000000000093 1.098256023904693e-07
13200.000000000093 1.0312577429105174e-07
13250.000000000093 7.241261007801477e-08
13300.000000000093 3.700518014798468e-08
13350.000000000093 1.2208230664438005e-08
13400.000000000093 3.7120678079354225e-09
13450.000000000093 1.833302452854635e-09
13500.000000000093 8.813600379254113e-10
13550.000000000093 4.926870153684246e-10
13600.000000000093 2.621163436418692e-10
13650.000000000093 9.926921562566478e-10
13700.000000000093 6.723208203907273e-10
13750.000000000093 1.406524765177386e-09
13800.000000000093 1.7304009289839124e-09
13850.000000000093 8.555144692373268e-10
13900.000000000093 9.32030548621117e-10
13950.000000000093 9.258677937229335e-10
14000.000000000093 1.0105803268762627e-09
14050.000000000093 1.4231637970275836e-09
14100.000000000093 1.0680921497249898e-09
14150.000000000093 1.7440627602009989e-09
14200.000000000093 1.2400400880069898e-09
14250.000000000093 1.4740146810641502e-09
14300.000000000093 3.4056664444766756e-09
14350.000000000093 2.996273064244283e-09
14400.000000000093 3.081941576916946e-09
14450.000000000093 4.524390850493481e-09
14500.000000000093 8.570075359268708e-09
14550.000000000093 8.62903448315566e-09
14600.000000000093 1.4660080389799584e-08
14650.000000000093 1.3471684044492513e-08
14700.000000000093 8.943057792599787e-09
14750.000000000093 1.2740276172786314e-08
14800.000000000093 1.5643829630041747e-08
14850.000000000093 1.6845187315972608e-08
14900.000000000093 1.8213785353332393e-08
14950.000000000093 2.33663951578626e-08
15000.000000000093 2.9080612888059874e-08
15050.000000000093 3.373413190358523e-08
15100.000000000093 3.743933982284997e-08
15150.000000000093 3.956328912160702e-08
15200.000000000093 4.5361122492609994e-08
15250.000000000093 6.010003750674738e-08
15300.000000000093 6.794152105731117e-08
15350.000000000093 8.271456484799664e-08
15400.000000000093 9.389384607047489e-08
15450.000000000093 1.039012347585966e-07
15500.000000000093 1.1171261569644353e-07
15550.000000000093 1.2844761970410162e-07
15600.000000000093 1.410065814391345e-07
15650.000000000093 1.4891990579691288e-07
15700.000000000093 1.638323345033851e-07
15750.000000000093 1.6967229088302428e-07
15800.000000000093 1.7083983023892375e-07
15850.000000000093 1.7417777440511205e-07
15900.000000000093 1.6752244464631198e-07
15950.000000000093 1.5457054918504263e-07
16000.000000000093 1.34067636996455e-07
16050.000000000093 1.029850965201116e-07
16100.000000000093 7.856269920096808e-08
16150.000000000093 5.4504116637361436e-08
16200.000000000093 3.57596597725057e-08
16250.000000000093 3.15470821500605e-08
16300.000000000093 2.5943495869815545e-08
16350.000000000093 2.8869803861364424e-08
16400.000000000095 3.326747030370819e-08
16450.000000000095 3.5162172225993614e-08
16500.000000000095 3.852057696828825e-08
16550.000000000095 3.6970965424063914e-08
16600.000000000095 4.244528704708872e-08
16650.000000000095 2.7998898444542034e-08
16700.000000000095 1.035363205380759e-08
16750.000000000095 2.0798928946748783e-08
16800.000000000095 3.041492333552573e-08
16850.000000000095 2.994853289468126e-08
16900.000000000095 2.3932299889178284e-08
16950.000000000095 2.0435691695637044e-08
17000.000000000095 1.5926109046260292e-08
17050.000000000095 2.233758749302553e-08
17100.000000000095 2.7089218448792796e-08
17150.000000000095 2.1890369267546022e-08
17200.000000000095 3.410719266343046e-08
17250.000000000095 2.6141157224225334e-08
17300.000000000095 2.172573931710071e-08
17350.000000000095 2.0865320964398307e-08
17400.000000000095 2.2337826118068457e-08
17450.000000000095 2.4180872366840767e-08
17500.000000000095 2.7262779415322756e-08
17550.000000000095 2.215174888192808e-08
17600.000000000095 1.8879319721304282e-08
17650.000000000095 1.6950248619310915e-08
17700.000000000095 1.3487610893558374e-08
17750.000000000095 1.0752229256735514e-08
17800.000000000095 1.3888655572575901e-08
17850.000000000095 8.742176620131829e-09
17900.000000000095 9.172859462603701e-09
17950.000000000095 5.926373769522753e-09
18000.000000000095 8.018053353059972e-09
18050.000000000095 5.462701168344473e-09
18100.000000000095 5.863358572460355e-09
18150.000000000095 7.03984900608865e-09
18200.000000000095 4.092413261896146e-09
18250.000000000095 1.0981232694592557e-08
18300.000000000095 4.329881849916001e-09
18350.000000000095 3.9321794348691785e-09
18400.000000000095 3.1096770344384325e-09
18450.000000000095 6.712529993502709e-09
18500.000000000095 6.493479377522053e-09
18550.000000000095 4.349793798183516e-09
18600.000000000095 4.296452890618073e-09
18650.000000000095 3.1650909056092025e-09
18700.000000000095 2.112836430131364e-09
18750.000000000095 3.913234426588275e-09
18800.000000000095 1.1308536809956993e-08
18850.000000000095 1.1487160850329355e-08
18900.000000000095 9.628570297180019e-09
18950.000000000095 1.8715876529779226e-08
19000.000000000095 8.569951223473448e-09
19050.000000000095 5.521451479349116e-09
19100.000000000095 1.2023649290177763e-08
19150.000000000095 6.706604836015737e-09
19200.000000000095 1.0569866662946556e-08
19250.000000000095 7.335764285366214e-09
19300.000000000095 5.843023409335399e-09
19350.000000000095 6.096749936672494e-09
19400.000000000095 4.04139200073776e-09
19450.000000000095 8.144772214718823e-09
19500.000000000095 7.91707366827856e-09
19550.000000000095 6.3420118266261435e-09
19600.000000000095 8.843522089405927e-09
19650.000000000095 1.125623727729178e-08
19700.000000000095 1.1677955632295347e-08
19750.000000000095 1.4141235628199303e-08
19800.000000000095 1.490465690685761e-08
19850.000000000095 2.066472564809953e-08
19900.000000000095 1.6317406917477088e-08
19950.000000000095 2.522705564620678e-08
20000.000000000095 2.3351138413263305e-08
20050.000000000095 2.5912633156000348e-08
20100.000000000095 3.0316009323720194e-08
20150.000000000095 2.7387586606699654e-08
20200.000000000095 3.0146576012768726e-08
20250.000000000095 3.664257817683341e-08
20300.000000000095 3.4864114846205135e-08
20350.000000000095 4.0089598078092806e-08
20400.000000000095 3.7882840745523114e-08
20450.000000000095 4.5305575784936726e-08
20500.000000000095 4.656274397918834e-08
20550.000000000095 4.666583424702691e-08
20600.000000000095 4.99624621584867e-08
20650.000000000095 5.007212730149566e-08
20700.000000000095 4.967506585706688e-08
20750.000000000095 5.158205909638057e-08
20800.000000000095 5.0754805692125683e-08
20850.000000000095 5.167286251383799e-08
20900.000000000095 5.208131662085509e-08
20950.000000000095 5.057238782385859e-08
21000.000000000095 4.9984637459392264e-08
21050.000000000095 4.877048157997448e-08
21100.000000000095 4.764497990009259e-08
21150.000000000095 4.740976304383205e-08
21200.000000000095 4.543939258620259e-08
21250.000000000095 4.402250647830094e-08
21300.000000000095 4.097650045613216e-08
21350.000000000095 4.003933916174787e-08
21400.000000000095 3.898263625692009e-08
21450.000000000095 3.5027407342812743e-08
21500.000000000095 3.4759244005567474e-08
21550.000000000095 3.32225617115354e-08
21600.000000000095 3.103391994904347e-08
21650.000000000095 2.8602127911255883e-08
21700.000000000095 2.947237586970442e-08
21750.000000000095 2.7543214494656163e-08
21800.000000000095 2.4443889946857452e-08
21850.000000000095 2.1569710129577433e-08
21900.000000000095 1.8678377020474392e-08
21950.000000000095 1.1027824138440001e-08
22000.000000000095 4.029153889222236e-09
22050.000000000095 3.973516452475005e-09
22100.000000000095 8.620441136336228e-09
22150.000000000095 9.10882466773978e-09
22200.000000000095 8.39436348127247e-09
22250.000000000095 8.049273669755186e-09
22300.000000000095 5.9853995493653e-09
22350.000000000095 6.03732481373033e-09
22400.000000000095 4.066888476423637e-09
22450.000000000095 3.7668824959663295e-09
22500.000000000095 4.147480933437122e-09
22550.000000000095 2.5691278306151517e-09
22600.000000000095 3.226527109180145e-09
22650.000000000095 4.114408708068559e-09
22700.000000000095 3.2614266319889075e-09
22750.000000000095 3.454302532794106e-09
22800.000000000095 3.602944824365877e-09
22850.000000000095 3.000923746603531e-09
22900.000000000095 2.4598151275663063e-09
22950.000000000095 2.160880132984636e-09
23000.000000000095 2.7130804535146785e-09
23050.000000000095 3.4689051769620545e-09
23100.000000000095 8.187254822133303e-09
23150.000000000095 7.789992336644066e-09
23200.000000000095 1.2859932853613732e-09
23250.000000000095 2.2902327990091517e-09
23300.000000000095 2.375579701727022e-09
23350.000000000095 2.0165679742780032e-09
23400.000000000095 2.433466185179482e-09
23450.000000000095 1.881210546950525e-09
23500.000000000095 1.9494177306404083e-09
23550.000000000095 2.9876721671810324e-09
23600.000000000095 4.052852851673159e-09
23650.000000000095 4.660978226690508e-09
23700.000000000095 1.7568680259931182e-09
23750.000000000095 1.7036982416015234e-09
23800.000000000095 3.6233090072970847e-09
23850.000000000095 3.076897434052631e-09
23900.000000000095 5.503667554376155e-09
23950.000000000095 4.398267963956792e-09
24000.000000000095 6.800652703431773e-09
24050.000000000095 7.1235464749254e-09
24100.000000000095 6.121318422885641e-09
24150.000000000095 7.797867817309144e-09
24200.000000000095 7.735770453264191e-09
24250.000000000095 6.0597866221855126e-09
24300.000000000095 9.091863866947647e-09
24350.000000000095 6.568474470032789e-09
24400.000000000095 1.1458472442297532e-08
24450.000000000095 9.722224439583519e-09
24500.000000000095 1.007686332180357e-08
24550.000000000095 1.2370331498764699e-08
24600.000000000095 1.3606877697372279e-08
24650.000000000095 1.5860376779056216e-08
24700.000000000095 1.0999841570713775e-08
24750.000000000095 1.1787390296389656e-08
24800.000000000095 1.1184407351813517e-08
24850.000000000095 1.7430764213159276e-08
24900.000000000095 7.04053407123803e-09
24950.000000000095 1.4066664537277607e-08
25000.000000000095 1.2588802656024117e-08
25050.000000000095 7.445329104768926e-09
25100.000000000095 1.15599402904742e-08
25150.000000000095 6.2411550312214715e-09
25200.000000000095 8.847153395440576e-09
25250.000000000095 4.3868668764786664e-09
25300.000000000095 6.438074010252e-09
25350.000000000095 3.2115327855217312e-09
25400.000000000095 7.489890864104922e-09
25450.000000000095 3.568550779650692e-09
25500.000000000095 3.3254317263646225e-09
25550.000000000095 5.228121456589221e-09
25600.000000000095 3.754828040129422e-09
25650.000000000095 2.071283159798865e-09
25700.000000000095 3.9522647786741916e-09
25750.000000000095 1.6181561714502764e-09
25800.000000000095 5.1895460290255945e-09
25850.000000000095 1.613198941084949e-09
25900.000000000095 2.6622122826674154e-09
25950.000000000095 1.125881258699175e-09
26000.000000000095 4.915988944850425e-09
26050.000000000095 1.7006028759508828e-09
26100.000000000095 4.909754584190837e-09
26150.000000000095 3.0701803958103798e-09
26200.000000000095 3.5402688942081354e-09
26250.000000000095 9.331236164197737e-09
26300.000000000095 4.123954203971756e-09
26350.000000000095 1.2120538141337236e-08
26400.000000000095 1.3041945698431629e-08
26450.000000000095 1.01816550580235e-08
26500.000000000095 1.3575672418921343e-08
26550.000000000095 4.984064683170066e-09
26600.000000000095 5.693584454321111e-09
26650.000000000095 1.930421581630035e-09
26700.000000000095 1.4219510641292978e-09
26750.000000000095 1.3788458809885233e-09
26800.000000000095 2.370205536280131e-09
26850.000000000095 1.4065506585051789e-09
26900.000000000095 4.31588357542425e-09
26950.000000000095 1.9146705553344143e-09
27000.000000000095 6.876473858055502e-09
27050.000000000095 6.466730537033831e-09
27100.000000000095 2.6588974485333335e-09
27150.000000000095 9.092092562963777e-09
27200.000000000095 2.6634864900852705e-09
27250.000000000095 4.54262260102606e-09
27300.000000000095 1.605558587113654e-08
27350.000000000095 8.765964453082919e-09
27400.000000000095 1.3331491450033814e-09
27450.000000000095 1.0217167010939588e-08
27500.000000000095 1.345819338491562e-08
27550.000000000095 3.4023072960655878e-09
27600.000000000095 7.118183249387357e-09
27650.000000000095 2.8984640895442592e-09
27700.000000000095 2.338299526088449e-09
27750.000000000095 8.369771749405726e-09
27800.000000000095 3.607564121397899e-09
27850.000000000095 4.287818089671841e-09
27900.000000000095 5.909403707279183e-09
27950.000000000095 1.0773714799645867e-08
28000.000000000095 7.921333557646433e-09
28050.000000000095 2.4527728634686627e-09
28100.000000000095 1.1615266151729833e-08
28150.000000000095 7.311241495368734e-09
28200.000000000095 2.9222825072478388e-09
28250.000000000095 1.3203688916655343e-08
28300.000000000095 1.6399282093168883e-08
28350.000000000095 3.6138619820231294e-09
28400.000000000095 1.0055515505459506e-08
28450.000000000095 1.610024237354729e-08
28500.000000000095 9.524476968510155e-09
28550.000000000095 3.36228121888909e-09
28600.000000000095 1.5682732499364157e-08
28650.000000000095 1.3272982712458392e-08
28700.000000000095 1.1197448722636168e-08
28750.000000000095 1.96697061805644e-08
28800.000000000095 1.7056411044874505e-08
28850.000000000095 1.89233887564104e-08
28900.000000000095 9.10449983358887e-09
28950.000000000095 2.4929418373458877e-08
29000.000000000095 1.7659834828141456e-08
29050.000000000095 1.999837876585322e-08
29100.000000000095 1.4030102814708335e-08
29150.000000000095 3.167823240700754e-08
29200.000000000095 1.8359269256298745e-08
29250.000000000095 2.676503906026001e-08
29300.000000000095 1.5773802160283392e-08
