galfind/configs/Brown_Dwarf_templates/sonora_cholla/logkzz2/1780g/900K_1780g_logkzz2_resample.dat
# %ECSV 1.0
# ---
# datatype:
# - {name: wav, unit: Angstrom, datatype: float64}
# - {name: flux_nu, unit: erg / (cm2 Hz s), datatype: float64}
# schema: astropy-2.0
wav flux_nu
[from data line 773]
48650.000000000095 1.8725727744622248e-07
48700.000000000095 2.6459151969738326e-07
48750.000000000095 1.5347315793590582e-07
48800.000000000095 2.745168255968823e-07
48850.000000000095 1.699524074611891e-07
48900.000000000095 2.5430494498712546e-07
48950.000000000095 1.9326316598709524e-07
49000.000000000095 1.3729285000215427e-07
49050.000000000095 2.48660947534367e-07
49100.000000000095 2.0197221455570474e-07
49150.000000000095 2.5103981012959535e-07
49200.000000000095 2.2769371342368945e-07
49250.000000000095 2.817369124806613e-07
49300.000000000095 2.1400498492510833e-07
49350.000000000095 1.566416076853573e-07
49400.000000000095 1.976118760092932e-07
49450.000000000095 2.1129909488593944e-07
49500.000000000095 1.8356395986737685e-07
49550.000000000095 7.891981339391513e-08
49600.000000000095 1.5606676653203906e-07
49650.000000000095 1.7952514145607713e-07
49700.000000000095 2.0100600654898309e-07
49750.000000000095 2.5354357268606796e-07
49800.000000000095 1.7075814177540608e-07
49850.000000000095 2.9767198147191787e-07
49900.000000000095 2.523353291439344e-07
49950.000000000095 2.274396248195057e-07
50000.000000000095 2.386805043741934e-07
50050.000000000095 2.5518633841306044e-07
50100.000000000095 2.3671714620062864e-07
50150.000000000095 1.3601142934041027e-07
50200.000000000095 6.45135743298056e-08
50250.000000000095 1.877496452200147e-07
50300.000000000095 1.389670198050159e-07
50350.000000000095 2.5459647766605424e-07
50400.000000000095 2.306432557929281e-07
50450.000000000095 1.8578960801370373e-07
50500.000000000095 2.694929015368471e-07
50550.000000000095 2.612659279270208e-07
50600.000000000095 1.9676776294479219e-07
50650.000000000095 2.4742840251394964e-07
50700.000000000095 3.167990359277384e-07
50750.000000000095 2.2592864544270412e-07
50800.000000000095 1.2234743501254167e-07
50850.000000000095 9.789869594530649e-08
50900.000000000095 2.5889600325826117e-07
50950.000000000095 2.412130112571775e-07
51000.000000000095 2.123862899406702e-07
51050.000000000095 2.2880678570379137e-07
51100.000000000095 1.118028779517175e-07
51150.000000000095 1.4917840302836337e-07
51200.000000000095 3.11535524897012e-07
51250.000000000095 2.0730669088699163e-07
51300.000000000095 1.620130961584003e-07
51350.000000000095 1.9106500860490683e-07
51400.000000000095 1.0714491764725721e-07
51450.000000000095 9.297952671346237e-08
51500.000000000095 8.122504605667067e-08
51550.000000000095 1.7985346023748204e-07
51600.000000000095 1.4361295529853075e-07
51650.000000000095 1.7490895768442064e-07
51700.000000000095 1.875818732277949e-07
51750.000000000095 1.221687526831872e-07
51800.000000000095 2.352339680383009e-07
51850.000000000095 1.9516004369703663e-07
51900.000000000095 2.647541399548795e-07
51950.000000000095 1.8664169028622146e-07
52000.000000000095 5.296081468240799e-08
52050.000000000095 1.2195098914489234e-07
52100.000000000095 9.9271112220743e-08
52150.000000000095 7.440041206533222e-08
52200.000000000095 9.845883199895476e-08
52250.000000000095 1.4527394070595755e-07
52300.000000000095 2.395035841959291e-07
52350.000000000095 1.1781380521704525e-07
52400.000000000095 1.0698757996240535e-07
52450.000000000095 2.0356988628915328e-07
52500.000000000095 1.8758075967283503e-07
52550.000000000095 1.818720082183001e-07
52600.000000000095 1.5307174849819224e-07
52650.000000000095 1.5681051991000515e-07
52700.000000000095 1.2562887711858014e-07
52750.000000000095 8.943454776679982e-08
52800.000000000095 1.0752839391943529e-07
52850.000000000095 1.2695984999700365e-07
52900.000000000095 9.211818014196191e-08
52950.000000000095 1.1314474379330874e-07
53000.000000000095 1.9103864602243563e-07
53050.000000000095 7.725465616161649e-08
53100.000000000095 1.9157846891361434e-07
53150.000000000095 2.2604790541451994e-07
53200.000000000095 9.806338606635156e-08
53250.000000000095 1.969350599932234e-07
53300.000000000095 2.164318128786408e-07
53350.000000000095 2.1179805046207608e-07
53400.000000000095 1.8573582076398113e-07
53450.000000000095 7.622935634209372e-08
53500.000000000095 4.082661153014357e-08
53550.000000000095 6.812826598868623e-08
53600.000000000095 1.3098908878871813e-07
53650.000000000095 1.0817953987807301e-07
53700.000000000095 9.839594804213994e-08
53750.000000000095 9.403618258033829e-08
53800.000000000095 9.783609154000432e-08
53850.000000000095 1.3872318231728514e-07
53900.000000000095 1.5505330228852233e-07
53950.000000000095 1.9104129590567718e-07
54000.000000000095 1.2537331548017247e-07
54050.000000000095 1.3003617702450148e-07
54100.000000000095 5.209862425229781e-08
54150.000000000095 7.92554920164981e-08
54200.000000000095 3.27270037571329e-08
54250.000000000095 5.0225793660070355e-08
54300.000000000095 8.897392108278141e-08
54350.000000000095 1.2258608269705697e-07
54400.000000000095 1.1683115240431386e-07
54450.000000000095 1.0439652361966644e-07
54500.000000000095 9.145909980239808e-08
54550.000000000095 7.887493610541754e-08
54600.000000000095 9.411885393169615e-08
54650.000000000095 3.980738842150646e-08
54700.000000000095 1.1362529978465462e-07
54750.000000000095 1.0257101724217864e-07
54800.000000000095 6.703710096955552e-08
54850.000000000095 8.589340789243793e-08
54900.000000000095 1.2616390585407033e-07
54950.000000000095 1.6999544030874607e-07
55000.000000000095 6.920602826694321e-08
55050.000000000095 1.040049920807968e-07
55100.000000000095 1.0941408807307761e-07
55150.000000000095 7.920924007077708e-08
55200.000000000095 7.306694733672103e-08
55250.000000000095 8.828994133874124e-08
55300.000000000095 6.031085539586787e-08
55350.000000000095 1.0901568645246323e-07
55400.000000000095 1.295077293688351e-07
55450.000000000095 8.470796740366385e-08
55500.000000000095 4.256183255183367e-08
55550.000000000095 5.667468934138311e-08
55600.000000000095 6.473109800317547e-08
55650.000000000095 5.649539065746981e-08
55700.000000000095 6.796557449562524e-08
55750.000000000095 7.239090746754991e-08
55800.000000000095 4.5779362094775296e-08
55850.000000000095 4.695127935500064e-08
55900.000000000095 9.510049443181262e-08
55950.000000000095 1.293921516137211e-07
56000.000000000095 5.704594796076499e-08
56050.000000000095 7.395891763270129e-08
56100.000000000095 9.449049594761507e-08
56150.000000000095 6.146922698800721e-08
56200.000000000095 7.306608364757576e-08
56250.000000000095 9.832128983758275e-08
56300.000000000095 8.40923005680859e-08
56350.000000000095 7.572081400432926e-08
56400.000000000095 4.238065210694334e-08
56450.000000000095 3.854157924377308e-08
56500.000000000095 7.070691068772965e-08
56550.000000000095 3.745821963827712e-08
56600.000000000095 9.344213062049999e-08
56650.000000000095 9.443538884071897e-08
56700.000000000095 9.565986378935325e-08
56750.000000000095 4.2714277428000646e-08
56800.000000000095 8.017858081128263e-08
56850.000000000095 7.416856754180666e-08
56900.000000000095 5.32409652933253e-08
56950.000000000095 9.139782336272153e-08
57000.000000000095 1.0828704143464413e-07
57050.000000000095 6.224090214690355e-08
57100.000000000095 2.8222146819967885e-08
57150.000000000095 4.785062143752638e-08
57200.000000000095 3.7910306115412836e-08
57250.000000000095 5.328062989242129e-08
57300.000000000095 7.305809075864354e-08
57350.000000000095 4.238369666818685e-08
57400.000000000095 8.732742579285929e-08
57450.000000000095 6.334016058032764e-08
57500.000000000095 5.7415992728284646e-08
57550.000000000095 7.7756085871395e-08
57600.000000000095 7.636926936730141e-08
57650.000000000095 2.670852083913317e-08
57700.000000000095 3.898183803437616e-08
57750.000000000095 5.2762874706970306e-08
57800.000000000095 2.288067353801301e-08
57850.000000000095 1.1617068900157078e-07
57900.000000000095 1.3512854622464723e-07
57950.000000000095 1.3072286608064705e-07
58000.000000000095 5.774444153740477e-08
58050.000000000095 8.177208474022474e-08
58100.000000000095 9.31553857063105e-08
58150.000000000095 6.556139659370548e-08
58200.000000000095 2.8975576354403473e-08
58250.000000000095 3.9230292040415835e-08
58300.000000000095 3.740139416953122e-08
58350.000000000095 4.4574397115731346e-08
58400.000000000095 7.36748135748772e-08
58450.000000000095 8.397009937172321e-08
58500.000000000095 7.925581479281051e-08
58550.000000000095 8.308770962095926e-08
58600.000000000095 4.312878210027544e-08
58650.000000000095 5.325890671013081e-08
58700.000000000095 6.150502667316643e-08
58750.000000000095 6.582491727751794e-08
58800.000000000095 2.2080058706368083e-08
58850.000000000095 4.925010650444429e-08
58900.000000000095 6.553541441942703e-08
58950.000000000095 3.5291123160661726e-08
59000.000000000095 6.773970219114189e-08
59050.000000000095 8.350154155545124e-08
59100.000000000095 9.387453962678096e-08
59150.000000000095 6.90797627119094e-08
59200.000000000095 7.160073467162111e-08
59250.000000000095 7.589520353283317e-08
59300.000000000095 6.984393863084246e-08
59350.000000000095 2.6772176065323128e-08
59400.000000000095 2.385698169586945e-08
59450.000000000095 6.770318675148624e-08
59500.000000000095 3.7309175840174e-08
59550.000000000095 7.92275312976675e-08
59600.000000000095 9.353188617869894e-08
59650.000000000095 5.878196041214856e-08
59700.000000000095 4.198748631782545e-08
59750.000000000095 1.1038487404931273e-07
59800.000000000095 5.694911810752012e-08
59850.000000000095 7.994145047569602e-08
59900.000000000095 3.471983357438986e-08
59950.000000000095 6.699444541341956e-08
60000.000000000095 1.2584930808454533e-07
60050.000000000095 1.1009658403071337e-07
60100.000000000095 1.0044918104517559e-07
60150.000000000095 5.8354450249937485e-08
60200.000000000095 8.192563520124995e-08
60250.000000000095 1.170917630796263e-07
60300.000000000095 1.0569316840069936e-07
60350.000000000095 6.625922436833146e-08
60400.000000000095 8.015071655307772e-08
60450.000000000095 3.324819660145872e-08
60500.000000000095 1.7983788376256984e-08
60550.000000000095 7.689712824013848e-08
60600.000000000095 8.304694776175367e-08
60650.000000000095 6.218811977398873e-08
60700.000000000095 5.018890063089326e-08
60750.000000000095 3.2804449011796444e-08
60800.000000000095 8.259927736283038e-08
60850.000000000095 1.3708762089046113e-07
60900.000000000095 1.2088282024239996e-07
60950.000000000095 9.950680765237656e-08
61000.000000000095 8.686499967669671e-08
61050.000000000095 4.898169955657242e-08
61100.000000000095 6.454625815719981e-08
61150.000000000095 2.773260094917739e-08
61200.000000000095 9.474479124535599e-08
61250.000000000095 1.0622912372827484e-07
61300.000000000095 9.107707636178488e-08
61350.000000000095 1.346737145654141e-07
61400.000000000095 6.880513329318335e-08
61450.000000000095 3.8744038017438646e-08
61500.000000000095 4.560518262969526e-08
61550.000000000095 6.317767783038136e-08
61600.000000000095 3.917504541646069e-08
61650.000000000095 6.372125653768707e-08
61700.000000000095 6.140641395212884e-08
61750.000000000095 7.196708286231793e-08
61800.000000000095 7.41211836439026e-08
61850.000000000095 3.9623841946491374e-08
61900.000000000095 1.1006172499101054e-07
61950.000000000095 1.1770042652039601e-07
62000.000000000095 1.1136345635111827e-07
62050.000000000095 1.1235289036398007e-07
62100.000000000095 9.545795773252731e-08
62150.000000000095 1.1159063710643554e-07
62200.000000000095 9.838331547446501e-08
62250.000000000095 8.504371390700818e-08
62300.000000000095 1.4766227256650818e-07
62350.000000000095 1.243759975779005e-07
62400.000000000095 6.785472957591274e-08
62450.000000000095 9.032205828318608e-08
62500.000000000095 1.366416604173838e-07
62550.000000000095 1.4743867514676917e-07
62600.000000000095 1.4059090696608737e-07
62650.000000000095 1.0838757199255829e-07
62700.000000000095 1.0432462506616414e-07
62750.000000000095 1.4044186703425761e-07
62800.000000000095 8.524405268972554e-08
62850.000000000095 1.2216194076918882e-07
62900.000000000095 9.894662779586252e-08
62950.000000000095 1.560459985851712e-07
63000.000000000095 1.1669769841246868e-07
63050.000000000095 1.7997657637241868e-07
63100.000000000095 1.6832872403612635e-07
63150.000000000095 1.1537420481066835e-07
63200.000000000095 1.316518550182794e-07
63250.000000000095 1.334511365604469e-07
63300.000000000095 1.2242212652092578e-07
63350.000000000095 1.193806501562315e-07
63400.000000000095 6.130688283127467e-08
63450.000000000095 4.251455889949307e-08
63500.000000000095 1.0720296106684301e-07
63550.000000000095 1.2035653420141835e-07
63600.000000000095 1.2286542332057307e-07
63650.000000000095 8.890230207778132e-08
63700.000000000095 4.697050490458056e-08
63750.000000000095 7.805229574178504e-08
63800.000000000095 1.197599446687549e-07
63850.000000000095 1.0169585791997437e-07
63900.000000000095 5.551810986689644e-08
63950.000000000095 9.358728428870214e-08
64000.000000000095 1.1230792620868898e-07
64050.000000000095 6.791076521655602e-08
64100.000000000095 2.1875862051115724e-08
64150.000000000095 3.299226240087728e-08
64200.000000000095 3.8003411008586725e-08
64250.000000000095 7.156947002297574e-08
64300.000000000095 5.5816305289321053e-08
64350.000000000095 4.549176362862574e-08
64400.000000000095 8.989954177189199e-08
64450.000000000095 9.381859687354559e-08
64500.000000000095 4.532234764775896e-08
64550.000000000095 7.799367470747909e-08
64600.000000000095 4.7795145460157255e-08
64650.000000000095 7.854273071533903e-08
64700.000000000095 3.510965682442551e-08
64750.000000000095 4.7171871527846245e-08
64800.000000000095 4.03087449238623e-08
64850.000000000095 3.3497114842253e-08
64900.000000000095 3.744091971784863e-08
64950.000000000095 3.4391104601410313e-08
65000.000000000095 4.615638684327986e-08
65050.000000000095 5.7604792935812964e-08
65100.000000000095 7.396847385830538e-08
65150.000000000095 4.581133731034877e-08
65200.000000000095 3.207907355753133e-08
65250.000000000095 6.104995197370989e-08
65300.000000000095 5.836392870822994e-08
65350.000000000095 1.1548960394731515e-07
65400.000000000095 5.346400663205903e-08
65450.000000000095 5.4615333135172886e-08
65500.000000000095 6.539455594704582e-08
65550.00000000009 3.7955740603775966e-08
65600.00000000009 6.044584048784403e-08
65650.00000000009 5.212487961260508e-08
65700.00000000009 4.934540946214734e-08
65750.00000000009 3.576539986417879e-08
65800.00000000009 5.8921191359364124e-08
65850.00000000009 7.8157063592724e-08
65900.00000000009 3.4572518867127996e-08
65950.00000000009 3.754568584404183e-08
66000.00000000009 5.00710839467679e-08
66050.00000000009 9.5913572336375e-08
66100.00000000009 5.63685218949932e-08
66150.00000000009 4.698874151329225e-08
66200.00000000009 4.419912376860631e-08
66250.00000000009 3.7314554761615693e-08
66300.00000000009 1.852441008289485e-08
66350.00000000009 2.3278703992788227e-08
66400.00000000009 3.657523297451841e-08
66450.00000000009 6.988300973316173e-08
66500.00000000009 9.65223782248833e-08
66550.00000000009 8.67399853970393e-08
66600.00000000009 6.863709110416048e-08
66650.00000000009 6.054230512072587e-08
66700.00000000009 5.115856803991074e-08
66750.00000000009 4.6817410042263556e-08
66800.00000000009 6.129444117755933e-08
66850.00000000009 4.119478643833849e-08
66900.00000000009 8.658028939135425e-08
66950.00000000009 9.630674325255764e-08
67000.00000000009 1.0189654115714149e-07
67050.00000000009 6.168256665474131e-08
67100.00000000009 4.636128852025276e-08
67150.00000000009 5.022127769146271e-08
67200.00000000009 6.739886741186573e-08
67250.00000000009 6.237060584285833e-08
67300.00000000009 7.879046352294361e-08
67350.00000000009 4.779644026818167e-08
67400.00000000009 9.613886944706863e-08
67450.00000000009 6.743649982514774e-08
67500.00000000009 6.340450595791544e-08
67550.00000000009 8.786863605509223e-08
67600.00000000009 1.439831795984957e-07
67650.00000000009 1.0536445261556042e-07
67700.00000000009 7.46144859586247e-08
67750.00000000009 5.857006505114249e-08
67800.00000000009 8.041860616076667e-08
67850.00000000009 4.419757163137003e-08
67900.00000000009 5.56616612922951e-08
67950.00000000009 4.046165851327837e-08
68000.00000000009 6.934168522470734e-08
