galfind/configs/Brown_Dwarf_templates/sonora_cholla/logkzz2/1780g/950K_1780g_logkzz2_resample.dat
# %ECSV 1.0
# ---
# datatype:
# - {name: wav, unit: Angstrom, datatype: float64}
# - {name: flux_nu, unit: erg / (cm2 Hz s), datatype: float64}
# schema: astropy-2.0
wav flux_nu
3000.0480007680403 nan
3050.0480007680403 0.0
3100.0480007680403 0.0
3150.0480007680403 0.0
3200.0480007680403 0.0
3250.0480007680403 0.0
3300.0480007680403 0.0
3350.0480007680403 0.0
3400.0480007680403 0.0
3450.0480007680403 0.0
3500.0480007680403 0.0
3550.0480007680403 0.0
3600.0480007680403 0.0
3650.0480007680403 0.0
3700.0480007680403 0.0
3750.0480007680403 0.0
3800.0480007680403 0.0
3850.0480007680403 0.0
3900.0480007680403 0.0
3950.0480007680403 0.0
4000.0480007680403 0.0
4050.0480007680403 0.0
4100.04800076804 0.0
4150.04800076804 0.0
4200.04800076804 0.0
4250.04800076804 2.2684884784253e-53
4300.04800076804 2.036246627765582e-52
4350.04800076804 7.021519538682282e-52
4400.04800076804 2.461962541320478e-51
4450.04800076804 8.392134088306703e-51
4500.04800076804 2.781731875658112e-50
4550.04800076804 8.978342129338353e-50
4600.04800076804 2.8242239561068276e-49
4650.04800076804 8.66514272567093e-49
4700.04800076804 2.5951992456003975e-48
4750.04800076804 7.593094024542988e-48
4800.04800076804 2.171883308120523e-47
4850.04800076804 6.077551954631704e-47
4900.04800076804 1.664894451042701e-46
4950.04800076804 4.4677703136264605e-46
5000.04800076804 5.912890429148949e-10
5050.04800076804 1.7129280947889086e-09
5100.04800076804 2.4157740350565904e-09
5150.04800076804 3.635393984338236e-09
5200.04800076804 3.2581331525186636e-09
5250.04800076804 2.262549670055041e-09
5300.04800076804 2.971623802309782e-09
5350.04800076804 5.053319826530175e-09
5400.04800076804 8.355994526729267e-09
5450.04800076804 7.56681235853447e-09
5500.04800076804 3.279626096811305e-09
5550.04800076804 5.497531706287754e-09
5600.04800076804 8.137152558676415e-09
5650.04800076804 1.0304198130925445e-08
5700.04800076804 1.3271306979838216e-08
5750.04800076804 7.048160009679391e-09
5800.04800076804 8.453336977157862e-09
5850.04800076804 1.1091899938142645e-08
5900.04800076804 1.2046256283519017e-08
5950.04800076804 1.5186470810435898e-08
6000.04800076804 2.0039614530819195e-08
6050.04800076804 2.5800081813831604e-08
6100.04800076804 1.5910025678097182e-08
6150.04800076804 1.5978054875291032e-08
6200.04800076804 1.821492819421595e-08
6250.04800076804 2.236331840241889e-08
6300.04800076804 2.933140281382565e-08
6350.04800076804 3.347196636544351e-08
6400.04800076804 3.712858903361603e-08
6450.04800076804 4.087548505575366e-08
6500.04800076804 3.508768079489431e-08
6550.04800076804 3.6857217654231695e-08
6600.04800076804 3.991536358991434e-08
6650.04800076804 4.0507546665310024e-08
6700.04800076804 3.9062835007010555e-08
6750.04800076804 4.2170662656800503e-08
6800.04800076804 4.919906770040383e-08
6850.04800076804 6.041474367760155e-08
6900.04800076804 6.517290721501232e-08
6950.04800076804 5.997947898445438e-08
7000.04800076804 5.760883271648057e-08
7050.04800076804 5.50697807709359e-08
7100.04800076804 5.127541503920671e-08
7150.04800076804 4.785819504968741e-08
7200.04800076804 5.976956266769185e-08
7250.04800076804 8.010477084653693e-08
7300.04800076804 1.0227782658663039e-07
7350.04800076804 9.189006694689435e-08
7400.04800076804 6.931098237774427e-08
7450.04800076804 6.573647009359368e-08
7500.04800076804 7.425556794993552e-08
7550.04800076804 9.312168363669657e-08
7600.04800076804 1.1369867154869614e-07
7650.04800076804 1.300494946392012e-07
7700.04800076804 1.4071381515268692e-07
7750.04800076804 1.6073192915117671e-07
7800.04800076804 1.6147163714382126e-07
7850.04800076804 1.4318475691073441e-07
7900.04800076804 1.0431626745826269e-07
7950.04800076804 9.905075893014446e-08
8000.04800076804 9.8581994840906e-08
8050.04800076804 1.21284804862042e-07
8100.04800076804 1.3478765568287195e-07
8150.04800076804 1.6257757787745217e-07
8200.04800076804 2.1725396250202625e-07
8250.04800076804 2.2763727358532123e-07
8300.04800076804 2.4306754191063627e-07
8350.04800076804 2.566343107980678e-07
8400.04800076804 2.5826108951969406e-07
8450.04800076804 2.4151243956122466e-07
8500.04800076804 2.4981100339239195e-07
8550.04800076804 2.5322340172636547e-07
8600.04800076804 2.456456371063248e-07
8650.04800076804 2.3937236959251963e-07
8700.04800076804 1.900359759104113e-07
8750.04800076804 2.0012236409333133e-07
8800.04800076804 2.2553920042313182e-07
8850.04800076804 2.3002911900182997e-07
8900.04800076804 1.784463290741471e-07
8950.04800076804 1.710947438503609e-07
9000.04800076804 1.8369748239162056e-07
9050.04800076804 2.2945350359173267e-07
9100.04800076804 2.5173857704266815e-07
9150.04800076804 2.3516181569718362e-07
9200.04800076804 2.587911192644125e-07
9250.04800076804 1.9785668549432508e-07
9300.04800076804 3.0793043359515306e-08
9350.04800076804 5.057868920359075e-08
9400.04800076804 1.0667254433976718e-07
9450.04800076804 9.61347404623796e-08
9500.04800076804 8.413316759767066e-08
9550.04800076804 8.84468865728183e-08
9600.04800076804 8.233201590086086e-08
9650.04800076804 9.496670705149424e-08
9700.04800076804 1.1945068434909748e-07
9750.04800076804 1.2575162911771238e-07
9800.04800076804 1.3869849595502963e-07
9850.04800076804 1.584427788121342e-07
9900.04800076804 1.4840233661691764e-07
9950.04800076804 1.4500626323756958e-07
10000.04800076804 1.6898553485113106e-07
10050.04800076804 1.8142332198501546e-07
10100.04800076804 2.1139399257452325e-07
10150.04800076804 2.1997512393666667e-07
10200.04800076804 2.413379056431653e-07
10250.04800076804 2.5887268259792175e-07
10300.04800076804 2.7671941934860797e-07
10350.04800076804 3.0689569831754094e-07
10400.04800076804 3.2907553016716943e-07
10450.04800076804 3.4452789361282856e-07
10500.04800076804 3.498787318473621e-07
10550.04800076804 3.566028986554408e-07
10600.04800076804 3.636130020745449e-07
10650.04800076804 3.7243807011230445e-07
10700.04800076804 3.765311406127568e-07
10750.04800076804 3.8036076481480506e-07
10800.04800076804 3.768147589862794e-07
10850.04800076804 3.6442265574036855e-07
10900.04800076804 2.902833916422622e-07
10950.04800076804 1.7331697669259796e-07
11000.04800076804 1.2011349871480765e-07
11050.04800076804 7.646544682080151e-08
11100.04800076804 5.076620384592426e-08
11150.04800076804 3.381527785955158e-08
11200.04800076804 3.587422357144823e-08
11250.04800076804 4.8291819568085964e-08
11300.04800076804 4.999011369685332e-08
11350.04800076804 2.3875421076913204e-08
11400.04800076804 5.697944654121072e-08
11450.04800076804 4.06726642550808e-08
11500.04800076804 4.435198000404661e-08
11550.04800076804 2.704721692151966e-08
11600.04800076804 2.6519209456807116e-08
11650.04800076804 3.882775019673944e-08
11700.04800076804 4.251349000875181e-08
11750.04800076804 2.8729492147979147e-08
11800.04800076804 5.650390890685995e-08
11850.04800076804 8.065463225169626e-08
11900.04800076804 9.780181925857843e-08
11950.04800076804 1.2915935805743963e-07
12000.04800076804 1.5693364923928942e-07
12050.04800076804 1.9012526127609805e-07
12100.04800076804 2.2159206029268058e-07
12150.04800076804 2.581814914901913e-07
12200.04800076804 2.916207606286888e-07
12250.04800076804 3.2876534642503203e-07
12300.04800076804 3.6834881732507545e-07
12350.04800076804 3.8460461679264746e-07
12400.04800076804 4.2966875511061154e-07
12450.04800076804 4.7167799256413985e-07
12500.04800076804 4.998875383207985e-07
12550.04800076804 5.243109314458145e-07
12600.04800076804 5.258543379209258e-07
12650.04800076804 5.181843588632522e-07
12700.04800076804 5.162045297156052e-07
12750.04800076804 4.864921046338758e-07
12800.04800076804 4.74175609770546e-07
12850.04800076804 4.100238473549221e-07
12900.04800076804 3.72035095485556e-07
12950.04800076804 3.494769161830021e-07
13000.04800076804 3.4451746094676363e-07
13050.04800076804 3.0745016225997106e-07
13100.04800076804 2.952632364431433e-07
13150.04800076804 2.404719949848889e-07
13200.04800076804 2.210186932491141e-07
13250.04800076804 1.5608198368484308e-07
13300.04800076804 8.383692227213478e-08
13350.04800076804 2.78222156347809e-08
13400.04800076804 1.0409299697554135e-08
13450.04800076804 5.986703466624025e-09
13500.04800076804 3.2085221610496675e-09
13550.04800076804 2.149506620001002e-09
13600.04800076804 1.3457316614842582e-09
13650.04800076804 3.998273622482527e-09
13700.04800076804 2.9442763282428757e-09
13750.04800076804 4.9176980299129126e-09
13800.04800076804 6.154302269008598e-09
13850.04800076804 3.6088119689026055e-09
13900.04800076804 3.7003488999299817e-09
13950.04800076804 3.6330956222986304e-09
14000.04800076804 3.741551432536945e-09
14050.04800076804 4.950849486078019e-09
14100.04800076804 3.768532796036826e-09
14150.04800076804 5.70596114122752e-09
14200.04800076804 4.244460742893741e-09
14250.04800076804 4.7717178174869835e-09
14300.04800076804 9.139225582444697e-09
14350.04800076804 8.484640885049365e-09
14400.04800076804 8.784939612100262e-09
14450.04800076804 1.1582219552919314e-08
14500.04800076804 2.057751360661268e-08
14550.04800076804 2.0663725379349427e-08
14600.04800076804 3.20473723173162e-08
14650.04800076804 3.0934137567454495e-08
14700.04800076804 2.234241189399291e-08
14750.04800076804 3.066325164271731e-08
14800.04800076804 3.766426577009576e-08
14850.04800076804 4.02603590623034e-08
14900.04800076804 4.257181643082711e-08
14950.04800076804 5.2295585844279975e-08
15000.04800076804 6.165061748876755e-08
15050.04800076804 7.276525333807558e-08
15100.04800076804 8.108636638841755e-08
15150.04800076804 8.766784831996e-08
15200.04800076804 9.486762805434229e-08
15250.04800076804 1.2053156469927985e-07
15300.04800076804 1.3523884856857821e-07
15350.04800076804 1.6124007705576605e-07
15400.04800076804 1.7986221408590545e-07
15450.04800076804 1.982258048730453e-07
15500.04800076804 2.100934231604445e-07
15550.04800076804 2.3869046401555895e-07
15600.04800076804 2.577654750241615e-07
15650.04800076804 2.6662166840223345e-07
15700.04800076804 2.907040370083181e-07
15750.04800076804 2.998176438575859e-07
15800.04800076804 2.994479662840377e-07
15850.04800076804 3.052723138409824e-07
15900.04800076804 2.9321631971987177e-07
15950.04800076804 2.7214661500084027e-07
16000.04800076804 2.388499551988275e-07
16050.04800076804 1.889075390859779e-07
16100.04800076804 1.5025415941196761e-07
16150.04800076804 1.0967910624700937e-07
16200.04800076804 7.737816539573133e-08
16250.04800076804 7.186063525190044e-08
16300.04800076804 6.097405496752852e-08
16350.04800076804 6.729784786470372e-08
16400.04800076804 7.635323249649509e-08
16450.04800076804 8.153176854107022e-08
16500.04800076804 8.921534310665416e-08
16550.04800076804 8.554456966806189e-08
16600.04800076804 9.238397769292905e-08
16650.04800076804 6.248753921928649e-08
16700.04800076804 2.9568719728343833e-08
16750.04800076804 4.844077201735369e-08
16800.04800076804 6.872959725916017e-08
16850.04800076804 6.803190819300553e-08
16900.04800076804 5.83265223506257e-08
16950.04800076804 5.172582427315191e-08
17000.04800076804 4.3095791752950365e-08
17050.04800076804 5.7132503933607625e-08
17100.04800076804 6.618545376879946e-08
17150.04800076804 5.589134737868041e-08
17200.04800076804 7.7315121193704e-08
17250.04800076804 6.340749941499717e-08
17300.04800076804 5.461191107473282e-08
17350.04800076804 5.141769207748114e-08
17400.04800076804 5.225854340965647e-08
17450.04800076804 5.467360339992595e-08
17500.04800076804 6.063912437454511e-08
17550.04800076804 5.0696187791137e-08
17600.04800076804 4.4117220897150306e-08
17650.04800076804 4.1366687493497295e-08
17700.04800076804 3.261250060749731e-08
17750.04800076804 2.7138497544562624e-08
17800.04800076804 3.326544752795583e-08
17850.04800076804 2.2032321577915725e-08
17900.04800076804 2.4468281403887605e-08
17950.04800076804 1.696204587001944e-08
18000.04800076804 2.0743406774897805e-08
18050.04800076804 1.6210220075518356e-08
18100.04800076804 1.6629115835952052e-08
18150.04800076804 2.1026244212063123e-08
18200.04800076804 1.2654099749542756e-08
18250.04800076804 2.9454443524342477e-08
18300.04800076804 1.4537280648034193e-08
18350.04800076804 1.3340391301190577e-08
18400.04800076804 1.122097169715872e-08
18450.04800076804 1.8210763874130974e-08
18500.04800076804 1.825265036998351e-08
18550.04800076804 1.3186808654951351e-08
18600.04800076804 1.2388832421108075e-08
18650.04800076804 9.985188154192842e-09
18700.04800076804 8.138853667917422e-09
18750.04800076804 1.309914746786522e-08
18800.04800076804 2.9228970253851993e-08
18850.04800076804 3.1044149454504255e-08
18900.04800076804 2.6563497903577178e-08
18950.04800076804 4.764763577512874e-08
19000.04800076804 2.6450437970725277e-08
19050.04800076804 1.8633632867164513e-08
19100.04800076804 3.5731625027257065e-08
19150.04800076804 2.272667906985602e-08
19200.04800076804 3.174533434113579e-08
19250.04800076804 2.3196889082474182e-08
19300.04800076804 1.982671334474771e-08
19350.04800076804 1.951495503657906e-08
19400.04800076804 1.2654769613518475e-08
19450.04800076804 2.4379364199250637e-08
19500.04800076804 2.3851158845984863e-08
19550.04800076804 1.8928112380527747e-08
19600.04800076804 2.4938650394928394e-08
19650.04800076804 3.12351644274243e-08
19700.04800076804 3.1833593188651064e-08
19750.04800076804 3.5029063073263214e-08
19800.04800076804 3.9171566852079446e-08
19850.04800076804 5.1543362631167133e-08
19900.04800076804 3.9519162747821285e-08
19950.04800076804 6.082787884503207e-08
20000.04800076804 5.601229484115844e-08
20050.04800076804 6.325866993315976e-08
20100.04800076804 6.927106155616622e-08
20150.04800076804 6.764023028833419e-08
20200.04800076804 7.635087547566242e-08
20250.04800076804 8.834934058757585e-08
20300.04800076804 8.371338411607546e-08
20350.04800076804 9.694916537147161e-08
20400.04800076804 9.33635330403611e-08
20450.04800076804 1.0815794788409993e-07
20500.04800076804 1.1166819698086454e-07
20550.04800076804 1.1091694925617897e-07
20600.04800076804 1.2065441040652446e-07
20650.04800076804 1.1923177790454837e-07
20700.04800076804 1.1903914467152358e-07
20750.04800076804 1.2378738221822494e-07
20800.04800076804 1.2275277130662964e-07
20850.04800076804 1.2410988757738433e-07
20900.04800076804 1.2614603702293765e-07
20950.04800076804 1.2230355714614382e-07
21000.04800076804 1.218184675103466e-07
21050.04800076804 1.1827955620813093e-07
21100.04800076804 1.1583083182310221e-07
21150.04800076804 1.158038438117573e-07
21200.04800076804 1.1104970697311893e-07
21250.04800076804 1.084940556884163e-07
21300.04800076804 1.009943653470264e-07
21350.04800076804 9.944030443697483e-08
21400.04800076804 9.577815950876618e-08
21450.04800076804 8.782733995867956e-08
21500.04800076804 8.736024069529783e-08
21550.04800076804 8.339623497689878e-08
21600.04800076804 7.840396496678903e-08
21650.04800076804 7.274635397668241e-08
21700.04800076804 7.426021803492173e-08
21750.04800076804 6.887229800877674e-08
21800.04800076804 6.17437314084988e-08
21850.04800076804 5.4592802550096966e-08
21900.04800076804 4.7920816778164454e-08
21950.04800076804 3.013630289476574e-08
22000.04800076804 1.3817358933421233e-08
22050.04800076804 1.19878711598592e-08
22100.04800076804 2.2321734663952147e-08
22150.04800076804 2.484003109104475e-08
22200.04800076804 2.3705419923488554e-08
22250.04800076804 2.2513244317840897e-08
22300.04800076804 1.8490473785329116e-08
22350.04800076804 1.781913044925799e-08
22400.04800076804 1.3185982495340633e-08
22450.04800076804 1.2011739693827003e-08
22500.04800076804 1.3170685106193341e-08
22550.04800076804 8.591316484600578e-09
22600.04800076804 1.0611871403604487e-08
22650.04800076804 1.2469786255426739e-08
22700.04800076804 1.068848512700477e-08
22750.04800076804 1.1135437183194202e-08
22800.04800076804 1.097267611403694e-08
22850.04800076804 9.281171198585591e-09
22900.04800076804 8.088130995890765e-09
22950.04800076804 7.667135262651024e-09
23000.04800076804 8.58711028478676e-09
23050.04800076804 1.1280795974870769e-08
23100.04800076804 2.1727020000705512e-08
23150.04800076804 2.0777779976217487e-08
23200.04800076804 5.0273742019961765e-09
23250.04800076804 7.141738089668117e-09
23300.04800076804 7.114843674921275e-09
23350.04800076804 6.1535196183047335e-09
23400.04800076804 7.7025760798219e-09
23450.04800076804 6.398121488545502e-09
