galfind/configs/Brown_Dwarf_templates/sonora_cholla/logkzz2/1780g/950K_1780g_logkzz2_resample.dat
# %ECSV 1.0
# ---
# datatype:
# - {name: wav, unit: Angstrom, datatype: float64}
# - {name: flux_nu, unit: erg / (cm2 Hz s), datatype: float64}
# schema: astropy-2.0
wav flux_nu
[from data line 411]
23550.04800076804 9.547868423148191e-09
23600.04800076804 1.183371747155837e-08
23650.04800076804 1.3560795372686538e-08
23700.04800076804 6.212732743771574e-09
23750.04800076804 5.742313114353811e-09
23800.04800076804 9.814244559834627e-09
23850.04800076804 9.07797009488851e-09
23900.04800076804 1.517004782065482e-08
23950.04800076804 1.3207642175857839e-08
24000.04800076804 1.8880501419727436e-08
24050.04800076804 1.9945479181876302e-08
24100.04800076804 1.655776966957848e-08
24150.04800076804 2.0186428527528874e-08
24200.04800076804 2.097620132476563e-08
24250.04800076804 1.6853455769968525e-08
24300.04800076804 2.2878930586785138e-08
24350.04800076804 1.74958160591948e-08
24400.04800076804 2.7964135143390464e-08
24450.04800076804 2.3086731308398473e-08
24500.04800076804 2.518675406971722e-08
24550.04800076804 2.8045462525020438e-08
24600.04800076804 3.102458433418152e-08
24650.04800076804 3.572745746184746e-08
24700.04800076804 2.537577376685863e-08
24750.04800076804 2.5940720067736765e-08
24800.04800076804 2.5887392837702292e-08
24850.04800076804 3.890605691024731e-08
24900.04800076804 1.72197057661246e-08
24950.04800076804 3.22743903234822e-08
25000.04800076804 2.9303008715378435e-08
25050.04800076804 1.85192646588631e-08
25100.04800076804 2.698015587167765e-08
25150.04800076804 1.557035403379098e-08
25200.04800076804 2.208760275327987e-08
25250.04800076804 1.2270229493531648e-08
25300.04800076804 1.773379497430989e-08
25350.04800076804 9.46065855408935e-09
25400.04800076804 1.994901254445869e-08
25450.04800076804 1.0697911144245127e-08
25500.04800076804 1.0250128579047274e-08
25550.04800076804 1.4428510117090596e-08
25600.04800076804 1.1272425258942736e-08
25650.04800076804 6.84053030944102e-09
25700.04800076804 1.3498631996975193e-08
25750.04800076804 5.975264296949388e-09
25800.04800076804 1.5866021235459223e-08
25850.04800076804 6.000247601898817e-09
25900.04800076804 9.507734107207219e-09
25950.04800076804 4.718465349793712e-09
26000.04800076804 1.5191342039768974e-08
26050.04800076804 6.985796632638447e-09
26100.04800076804 1.616630771344837e-08
26150.04800076804 1.1343297695350143e-08
26200.04800076804 1.2800018006444364e-08
26250.04800076804 2.557769763742592e-08
26300.04800076804 1.388140824656597e-08
26350.04800076804 3.076722451703139e-08
26400.04800076804 3.255808453909086e-08
26450.04800076804 2.8166779444397737e-08
26500.04800076804 3.239298556155293e-08
26550.04800076804 1.599257614697814e-08
26600.04800076804 1.8886779069811166e-08
26650.04800076804 7.607223091028095e-09
26700.04800076804 5.968989848914243e-09
26750.04800076804 5.390734190061672e-09
26800.04800076804 8.489199527632582e-09
26850.04800076804 4.9743722968978245e-09
26900.04800076804 1.3038427395025135e-08
26950.04800076804 6.211818692772303e-09
27000.04800076804 1.888116990187679e-08
27050.04800076804 1.7193370043124223e-08
27100.04800076804 9.192222022180584e-09
27150.04800076804 2.3412540591830144e-08
27200.04800076804 9.592167948585667e-09
27250.04800076804 1.3697049513265455e-08
27300.04800076804 3.874216358299382e-08
27350.04800076804 2.4712781325265563e-08
27400.04800076804 5.200155354975516e-09
27450.04800076804 2.8780022874135206e-08
27500.04800076804 3.536232710527808e-08
27550.04800076804 1.1491235181952169e-08
27600.04800076804 2.2021350365243732e-08
27650.04800076804 9.889983245738953e-09
27700.04800076804 7.90271636659506e-09
27750.04800076804 2.421282840182143e-08
27800.04800076804 1.121416130907905e-08
27850.04800076804 1.2856918676277568e-08
27900.04800076804 1.745014718163769e-08
27950.04800076804 2.816494947156344e-08
28000.04800076804 2.1802961835736516e-08
28050.04800076804 8.021471311068784e-09
28100.04800076804 3.082603914302047e-08
28150.04800076804 1.97939400783967e-08
28200.04800076804 8.63666619771021e-09
28250.04800076804 3.297782276501997e-08
28300.04800076804 4.089705766699855e-08
28350.04800076804 1.0512023914136273e-08
28400.04800076804 2.6243015522858582e-08
28450.04800076804 3.7283794491483084e-08
28500.04800076804 2.4853431839880607e-08
28550.04800076804 9.885544862340275e-09
28600.04800076804 3.816552269742682e-08
28650.04800076804 3.249247077372827e-08
28700.04800076804 2.722618902152739e-08
28750.04800076804 4.274264771997951e-08
28800.04800076804 3.8656538605548346e-08
28850.04800076804 4.354719158483018e-08
28900.04800076804 2.13617066710093e-08
28950.04800076804 5.509342863014257e-08
29000.04800076804 3.874955352962899e-08
29050.04800076804 4.487516404377667e-08
29100.04800076804 3.030231862699416e-08
29150.04800076804 6.731405407570178e-08
29200.04800076804 3.9241084357146586e-08
29250.04800076804 5.6094005451007594e-08
29300.04800076804 3.40709177285414e-08
29350.04800076804 1.1527741216078538e-07
29400.04800076804 4.87613305542296e-08
29450.04800076804 5.466346772211024e-08
29500.04800076804 6.781695253157198e-08
29550.04800076804 5.405787685534246e-08
29600.04800076804 7.201978765197508e-08
29650.04800076804 6.65503165656164e-08
29700.04800076804 4.995032808960969e-08
29750.04800076804 7.294965485072163e-08
29800.04800076804 7.538244784383459e-08
29850.04800076804 8.833854859552898e-08
29900.04800076804 9.301347100978563e-08
29950.04800076804 7.668284083536686e-08
30000.04800076804 4.857591548804081e-08
30050.04800076804 4.960042266890776e-08
30100.04800076804 6.975523037667595e-08
30150.04800076804 9.791580805860207e-08
30200.04800076804 6.825352842843442e-08
30250.04800076804 1.1303524047507453e-07
30300.04800076804 9.626890643993276e-08
30350.04800076804 8.331625096925354e-08
30400.04800076804 1.0498401578388026e-07
30450.04800076804 7.365121520698346e-08
30500.04800076804 7.45407223941911e-08
30550.04800076804 7.230473330151471e-08
30600.04800076804 9.757402080137893e-08
30650.04800076804 7.925865950449084e-08
30700.04800076804 6.814367276717478e-08
30750.04800076804 6.72780642265828e-08
30800.04800076804 6.045284131512206e-08
30850.04800076804 5.942257772551783e-08
30900.04800076804 5.952873254144869e-08
30950.04800076804 3.8603116110685066e-08
31000.04800076804 4.653659243711512e-08
31050.04800076804 5.1952249978652845e-08
31100.04800076804 3.599099149567064e-08
31150.04800076804 4.187784959389716e-08
31200.04800076804 5.089719105105062e-08
31250.04800076804 3.420184640039408e-08
31300.04800076804 3.3499216446435336e-08
31350.04800076804 3.3339446268731626e-08
31400.04800076804 2.3013155697320756e-08
31450.04800076804 3.1894429776481405e-08
31500.04800076804 2.0821763838700492e-08
31550.04800076804 2.532562063743714e-08
31600.04800076804 1.840778870159869e-08
31650.04800076804 1.697906267337853e-08
31700.04800076804 2.178866089124942e-08
31750.04800076804 1.2550029429567848e-08
31800.04800076804 1.979863999613195e-08
31850.04800076804 1.263025700511225e-08
31900.04800076804 1.6978818023432307e-08
31950.04800076804 1.3109804840286282e-08
32000.04800076804 1.4441787026853457e-08
32050.04800076804 1.2456380620167932e-08
32100.04800076804 1.0656877834709296e-08
32150.04800076804 1.4721894273711203e-08
32200.04800076804 9.577483311259418e-09
32250.04800076804 1.7831653418254615e-08
32300.04800076804 8.453586299837905e-09
32350.04800076804 2.029379890321872e-08
32400.04800076804 1.0917601535465294e-08
32450.04800076804 1.7920943466054297e-08
32500.04800076804 1.320159929992653e-08
32550.04800076804 1.6990294069848467e-08
32600.04800076804 1.7541221454266535e-08
32650.04800076804 2.3064870177075728e-08
32700.04800076804 1.9925286814161008e-08
32750.04800076804 2.895086573350923e-08
32800.04800076804 2.60455894075852e-08
32850.04800076804 3.4590314697247944e-08
32900.04800076804 3.583255086636412e-08
32950.04800076804 3.838046912797089e-08
33000.04800076804 2.993886190251181e-08
33050.04800076804 3.059392576472532e-08
33100.04800076804 1.514480333140031e-08
33150.04800076804 1.4383966841379191e-09
33200.04800076804 2.31751783241503e-09
33250.04800076804 1.6646862835645638e-09
33300.04800076804 2.6135982109739955e-09
33350.04800076804 5.892338701917342e-09
33400.04800076804 9.963117259573719e-09
33450.04800076804 1.2058024903548516e-08
33500.04800076804 2.059389797530967e-08
33550.04800076804 1.5849416721546613e-08
33600.04800076804 2.5006669726682487e-08
33650.04800076804 2.430380976964649e-08
33700.04800076804 1.8707289841657232e-08
33750.04800076804 3.0524139966818226e-08
33800.04800076804 1.4234283185693729e-08
33850.04800076804 2.2836059206129464e-08
33900.04800076804 2.1351751497939324e-08
33950.04800076804 2.3043890286038304e-08
34000.04800076804 2.813015500009134e-08
34050.04800076804 1.1220509302008045e-08
34100.04800076804 2.5464392991309404e-08
34150.04800076804 1.5426656600021768e-08
34200.04800076804 2.2719532593671533e-08
34250.04800076804 2.0041329246820497e-08
34300.04800076804 1.5978817853224445e-08
34350.04800076804 2.6266375376629278e-08
34400.04800076804 1.612287379679895e-08
34450.04800076804 2.7875634379122997e-08
34500.04800076804 2.064886726197906e-08
34550.04800076804 1.44817521062524e-08
34600.04800076804 3.008826439907722e-08
34650.04800076804 1.4338018839748287e-08
34700.04800076804 2.117086029167186e-08
34750.04800076804 2.1465030654899495e-08
34800.04800076804 1.2854909499332625e-08
34850.04800076804 2.6836920388669374e-08
34900.04800076804 2.398318118197123e-08
34950.04800076804 2.45876410058476e-08
35000.04800076804 3.455716191817208e-08
35050.04800076804 2.2601712744422523e-08
35100.04800076804 3.726620373740083e-08
35150.04800076804 3.2646851847877965e-08
35200.04800076804 3.7489253911762395e-08
35250.04800076804 4.618882452058715e-08
35300.04800076804 2.6335300943521644e-08
35350.04800076804 4.034413820600404e-08
35400.04800076804 3.9367158716621023e-08
35450.04800076804 3.296235467644572e-08
35500.04800076804 5.967284684377029e-08
35550.04800076804 4.513721697707076e-08
35600.04800076804 5.069720025015013e-08
35650.04800076804 5.46265536254577e-08
35700.04800076804 3.7254015439620686e-08
35750.04800076804 6.716683303715867e-08
35800.04800076804 5.7376077364999935e-08
35850.04800076804 4.113387228940006e-08
35900.04800076804 6.301314874012107e-08
35950.04800076804 6.503593308212212e-08
36000.04800076804 5.0691769911555825e-08
36050.04800076804 6.400444632728936e-08
36100.04800076804 5.671712486800413e-08
36150.04800076804 7.535246181414594e-08
36200.04800076804 7.526428504381478e-08
36250.04800076804 7.50427742841725e-08
36300.04800076804 8.886546037757981e-08
36350.04800076804 8.519778780974654e-08
36400.04800076804 1.058745285214307e-07
36450.04800076804 9.906792182644125e-08
36500.04800076804 9.588307621681552e-08
36550.04800076804 1.2415009651131542e-07
36600.04800076804 1.3924621037973267e-07
36650.04800076804 1.306122463281066e-07
36700.04800076804 1.290696657816866e-07
36750.04800076804 1.5022754361404298e-07
36800.04800076804 1.417325897047367e-07
36850.04800076804 1.2322742395357762e-07
36900.04800076804 1.3559863380732194e-07
36950.04800076804 1.54214040701499e-07
37000.04800076804 1.3726046280789884e-07
37050.04800076804 1.6015208387784938e-07
37100.04800076804 1.5181477882203214e-07
37150.04800076804 1.6268563069168397e-07
37200.04800076804 1.799876111703225e-07
37250.04800076804 1.4634215637536544e-07
37300.04800076804 1.4576494837473773e-07
37350.04800076804 1.803672018285905e-07
37400.04800076804 2.18239353424364e-07
37450.04800076804 1.6784974199290634e-07
37500.04800076804 1.6055217066006962e-07
37550.04800076804 2.3628924024945105e-07
37600.04800076804 2.557877314887546e-07
37650.04800076804 1.7590113406303674e-07
37700.04800076804 2.2516402433917632e-07
37750.04800076804 1.7121439847968826e-07
37800.04800076804 2.0527672306440028e-07
37850.04800076804 1.5420408567091467e-07
37900.04800076804 1.8717232699537882e-07
37950.04800076804 2.2100273760414912e-07
38000.04800076804 2.510593279451141e-07
38050.04800076804 2.2555645872627578e-07
38100.04800076804 2.6071054673878106e-07
38150.04800076804 2.5657628930722295e-07
38200.04800076804 2.595736522642014e-07
38250.04800076804 2.574834082481504e-07
38300.04800076804 3.2485280186020277e-07
38350.04800076804 3.199211150328782e-07
38400.04800076804 2.2684506390480256e-07
38450.04800076804 2.3923635677143227e-07
38500.04800076804 1.980832238422547e-07
38550.04800076804 2.577324199455227e-07
38600.04800076804 2.645376146944024e-07
38650.04800076804 3.0776390852009595e-07
38700.04800076804 3.158672234862172e-07
38750.04800076804 3.1379649936192423e-07
38800.04800076804 2.675597581311246e-07
38850.04800076804 3.30927188827051e-07
38900.04800076804 3.425840963175412e-07
38950.04800076804 2.90109358563044e-07
39000.04800076804 3.552185130289022e-07
39050.04800076804 3.1070418340922076e-07
39100.04800076804 3.1936564762476543e-07
39150.04800076804 3.36225455028156e-07
39200.04800076804 3.1820617188722214e-07
39250.04800076804 3.731273840175925e-07
39300.04800076804 3.514858094000988e-07
39350.04800076804 4.1234886980701714e-07
39400.04800076804 3.7945542846261787e-07
39450.04800076804 3.902636791918476e-07
39500.04800076804 3.925242234225114e-07
39550.04800076804 3.72158107237152e-07
39600.04800076804 3.8343701275354847e-07
39650.04800076804 4.614097141467188e-07
39700.04800076804 4.061707185856288e-07
39750.04800076804 3.2532746710296955e-07
39800.04800076804 3.87031237756704e-07
39850.04800076804 4.6414840047972357e-07
39900.04800076804 4.6174349341901187e-07
39950.04800076804 4.2114530847493334e-07
40000.04800076804 4.85515661268408e-07
40050.04800076804 4.6949860556281076e-07
40100.04800076804 3.583892770405699e-07
40150.04800076804 4.93104556228737e-07
40200.04800076804 5.033391043529936e-07
40250.04800076804 4.850441475074324e-07
40300.04800076804 5.032456422068581e-07
40350.04800076804 4.074112675687059e-07
40400.04800076804 5.078423111156505e-07
40450.04800076804 4.474011744693075e-07
40500.04800076804 5.033346244020347e-07
40550.04800076804 5.164706088092412e-07
40600.04800076804 4.968365997504186e-07
40650.04800076804 4.919352786115388e-07
40700.04800076804 6.235008231042808e-07
40750.04800076804 5.094934458674682e-07
40800.04800076804 4.3653646688236244e-07
40850.04800076804 5.928903841539717e-07
40900.04800076804 5.767580339795945e-07
40950.04800076804 4.79313212240432e-07
41000.04800076804 5.320783813536009e-07
41050.04800076804 5.875165013720914e-07
41100.04800076804 5.044327230062719e-07
41150.04800076804 4.249511618240557e-07
41200.04800076804 5.904956828382278e-07
41250.04800076804 5.525273732278292e-07
41300.04800076804 4.7418633228693466e-07
41350.04800076804 6.092599398303606e-07
41400.04800076804 5.450150766127315e-07
41450.04800076804 5.753670269446833e-07
41500.04800076804 4.929266028052731e-07
41550.04800076804 4.5487885134667515e-07
41600.04800076804 5.272684947036213e-07
41650.04800076804 5.498484981727178e-07
41700.04800076804 4.983061945007388e-07
41750.04800076804 4.869737449693563e-07
41800.04800076804 6.157441422680956e-07
41850.04800076804 3.910185483595091e-07
41900.04800076804 4.4683434987970686e-07
41950.04800076804 5.343408085640031e-07
42000.04800076804 5.604991185610115e-07
42050.04800076804 4.711707543016302e-07
42100.04800076804 5.968258204546089e-07
42150.04800076804 4.273361990832452e-07
42200.04800076804 4.4581648674246225e-07
42250.04800076804 4.5152531425998116e-07
42300.04800076804 4.5145339538037684e-07
42350.04800076804 5.022949726500136e-07
42400.04800076804 5.125441461362487e-07
42450.04800076804 4.34203829746829e-07
42500.04800076804 4.2984733129866007e-07
42550.04800076804 4.1168306567480086e-07
42600.04800076804 4.657729167639483e-07
42650.04800076804 5.841232223610894e-07
42700.04800076804 4.057328865567525e-07
42750.04800076804 3.861339903320545e-07
42800.04800076804 4.280183507449901e-07
42850.04800076804 4.805445442151048e-07
42900.04800076804 5.196757695953054e-07
42950.04800076804 3.9161424347166753e-07
43000.04800076804 5.012372821562782e-07
43050.04800076804 2.7870556702501664e-07
43100.04800076804 4.2272841177254215e-07
43150.04800076804 4.183202544777537e-07
43200.04800076804 4.4122348447431967e-07
43250.04800076804 5.878093945946447e-07
43300.04800076804 5.654647942351658e-07
