galfind/configs/Brown_Dwarf_templates/sonora_bobcat/m-0.5/3160g/sp_t700g3160nc_m-0.5_resample.dat
# %ECSV 1.0
# ---
# datatype:
# - {name: wav, unit: Angstrom, datatype: float64}
# - {name: flux_nu, unit: erg / (cm2 Hz s), datatype: float64}
# meta: {C/O: '1.00', Kzz: '1.0000E+05', Teff: '700.', Y: '0.28', '[Fe/H]': '-0.50', f_hole: '1.00', f_rain: '0.00', grav: '3160.'}
# schema: astropy-2.0
wav flux_nu
[from data line 499]
28950.056 9.258067562618652e-09
29000.056 8.302874380130865e-09
29050.056 1.0852376951313863e-08
29100.056 6.019108421596249e-09
29150.056 1.2988829527786683e-08
29200.056 1.036027787482001e-08
29250.056 1.413236530025142e-08
29300.056 8.113459605002496e-09
29350.056 2.5726295006659356e-08
29400.056 1.0388992124292179e-08
29450.056 1.0241165750228447e-08
29500.056 1.8186276545471546e-08
29550.056 1.2096581445227441e-08
29600.056 1.5487108750853256e-08
29650.056 2.165166982469966e-08
29700.056 1.1623443484687864e-08
29750.056 1.9071619049513054e-08
29800.056 1.7412629144364258e-08
29850.056 2.57781013698974e-08
29900.056 2.0531132336323676e-08
29950.056 1.722824585918469e-08
30000.056 1.5279650327820332e-09
30050.056 4.881250185765056e-09
30100.056 1.0524684632672271e-08
30150.056 2.0993512491300877e-08
30200.056 1.7777940809098904e-08
30250.056 3.36627427694027e-08
30300.056 2.9509014815677853e-08
30350.056 2.046385748097382e-08
30400.056 3.542921813810446e-08
30450.056 2.3441030900508785e-08
30500.056 2.3543775242724233e-08
30550.056 2.1397083323217806e-08
30600.056 4.6602913016002106e-08
30650.056 3.167937095740142e-08
30700.056 2.1523736299096433e-08
30750.056 3.175888452459766e-08
30800.056 2.736995938040248e-08
30850.056 2.8050837972397485e-08
30900.056 1.9557778615224462e-08
30950.056 1.7356708283702294e-08
31000.056 1.922110111130225e-08
31050.056 2.2749401737797824e-08
31100.056 1.1895360392632048e-08
31150.056 1.8268682428318992e-08
31200.056 2.9921561648700875e-08
31250.056 1.5209098818429864e-08
31300.056 1.4034412427167157e-08
31350.056 1.866146807144339e-08
31400.056 1.271537108214459e-08
31450.056 1.6688039721799023e-08
31500.056 7.605991184706905e-09
31550.056 1.2125914193269835e-08
31600.056 8.695133939906777e-09
31650.056 6.867510101912592e-09
31700.056 8.771774254000886e-09
31750.056 4.32148697674429e-09
31800.056 8.412456153499952e-09
31850.056 3.207330904958595e-09
31900.056 6.337088861600181e-09
31950.056 3.241045689167723e-09
32000.056 4.448310853357849e-09
32050.056 4.1396363007028116e-09
32100.056 3.2621466137464536e-09
32150.056 4.665275499519895e-09
32200.056 2.7345923963341507e-09
32250.056 5.7393448440314395e-09
32300.056 2.328054372441923e-09
32350.056 6.491376473840916e-09
32400.056 2.22519047590262e-09
32450.056 5.845404854749606e-09
32500.056 3.12299437978582e-09
32550.056 5.8166729326894615e-09
32600.056 4.154774253847771e-09
32650.056 7.458500244608529e-09
32700.056 5.290146191478435e-09
32750.056 1.1737879154561897e-08
32800.056 1.1003243125041198e-08
32850.056 1.6969967250202278e-08
32900.056 1.652155160205266e-08
32950.056 1.7685112128610715e-08
33000.056 1.0541510373630578e-08
33050.056 1.232548571250088e-08
33100.056 4.1437014163188264e-09
33150.056 7.715310222444997e-11
33200.056 2.460154925198089e-10
33250.056 3.5559796807191235e-10
33300.056 1.0458388602863154e-09
33350.056 2.6146518650558684e-09
33400.056 5.8662196541003086e-09
33450.056 5.148731492231038e-09
33500.056 1.3355700231200938e-08
33550.056 6.181813798103379e-09
33600.056 1.1035300746678683e-08
33650.056 1.2084754805999864e-08
33700.056 5.470117843982821e-09
33750.056 1.514990845209976e-08
33800.056 3.4347455314749707e-09
33850.056 8.570283237029477e-09
33900.056 7.548656808191257e-09
33950.056 7.071782447520109e-09
34000.056 1.2001261206630126e-08
34050.056 3.299766686810473e-09
34100.056 1.0705198588901016e-08
34150.056 4.500174721800078e-09
34200.056 9.281988975437183e-09
34250.056 8.280327362767822e-09
34300.056 5.5088323396911915e-09
34350.056 1.2209712918601498e-08
34400.056 4.556838261518032e-09
34450.056 1.2069462343498842e-08
34500.056 8.721127562110661e-09
34550.056 5.3948457393965696e-09
34600.056 1.7501699488500057e-08
34650.056 4.681057214069514e-09
34700.056 1.4373921472201659e-08
34750.056 1.0198852194897331e-08
34800.056 7.026176752336066e-09
34850.056 1.9889089369599904e-08
34900.056 7.568965970166784e-09
34950.056 1.7062785053699926e-08
35000.056 2.3916400067123505e-08
35050.056 1.066761921368336e-08
35100.056 2.7652685158002235e-08
35150.056 2.1750853503057566e-08
35200.056 2.051753089402996e-08
35250.056 3.5257980109594255e-08
35300.056 1.1793436116961385e-08
35350.056 2.2699968678609265e-08
35400.056 2.1531472326996475e-08
35450.056 1.4707143879371297e-08
35500.056 3.798149180299744e-08
35550.056 2.4084121794703276e-08
35600.056 3.102430076380747e-08
35650.056 3.631036959512625e-08
35700.056 2.6136106665197384e-08
35750.056 4.7875068973602585e-08
35800.056 4.115559780890261e-08
35850.056 2.5823684011698066e-08
35900.056 4.3731493675007535e-08
35950.056 4.748091330999733e-08
36000.056 4.697180248900542e-08
36050.056 4.543505441399517e-08
36100.056 3.759807232419348e-08
36150.056 6.04932240110003e-08
36200.056 6.836416591599542e-08
36250.056 4.848345282198948e-08
36300.056 7.832325884250761e-08
36350.056 7.024513115700186e-08
36400.056 7.998620051199449e-08
36450.056 6.66006643051977e-08
36500.056 7.467056232372017e-08
36550.056 1.0280470678000647e-07
36600.056 1.155472787739941e-07
36650.056 8.396778326035141e-08
36700.056 8.825375356292584e-08
36750.056 1.1820351763900516e-07
36800.056 1.1823022931099832e-07
36850.056 9.606373059778959e-08
36900.056 1.0216809615920598e-07
36950.056 1.306631065589853e-07
37000.056 1.1268120888100082e-07
37050.056 1.239432598550039e-07
37100.056 9.376239904020279e-08
37150.056 1.2190443691100617e-07
37200.056 1.554842931999951e-07
37250.056 1.044064058409848e-07
37300.056 9.185937465199363e-08
37350.056 1.388399540810078e-07
37400.056 1.6921062943999743e-07
37450.056 1.114412620819952e-07
37500.056 1.1951814386799592e-07
37550.056 1.7645437574402237e-07
37600.056 2.0010699381000345e-07
37650.056 1.1466493503601191e-07
37700.056 1.6343153073000835e-07
37750.056 1.2929119952001e-07
37800.056 1.574268183250096e-07
37850.056 1.1029901022599939e-07
37900.056 1.3286965918000136e-07
37950.056 1.5573583676599948e-07
38000.056 1.5647175950499662e-07
38050.056 1.6099076283501064e-07
38100.056 1.9569557633400392e-07
38150.056 2.035000279499935e-07
38200.056 1.7664776236400128e-07
38250.056 1.8374885239300818e-07
38300.056 2.3913123182998606e-07
38350.056 2.334693209200123e-07
38400.056 1.6519272762797993e-07
38450.056 1.484051654809832e-07
38500.056 1.385664015380138e-07
38550.056 1.981774249900076e-07
38600.056 1.9258948996998722e-07
38650.056 2.0077128969999677e-07
38700.056 2.1876853264999973e-07
38750.056 1.9953665349999413e-07
38800.056 1.9713876140999776e-07
38850.056 2.1417861119000523e-07
38900.056 2.2950060711998297e-07
38950.056 2.0583296102000428e-07
39000.056 2.159359300599859e-07
39050.056 2.1583772520002433e-07
39100.056 2.0789766737099978e-07
39150.056 2.506320006599946e-07
39200.056 2.2519658218999957e-07
39250.056 2.4037832568000467e-07
39300.056 2.272993221400009e-07
39350.056 2.63672401590001e-07
39400.056 2.3300283819999581e-07
39450.056 2.5883814840000926e-07
39500.056 2.6963287231999777e-07
39550.056 2.2191532517302638e-07
39600.056 2.4702225022000067e-07
39650.056 2.9178662482999703e-07
39700.056 2.714482679100066e-07
39750.056 2.1897673197001368e-07
39800.056 2.2607023629000417e-07
39850.056 2.9459566185000374e-07
39900.056 2.9813614973000465e-07
39950.056 2.549118128600001e-07
40000.056 2.877080061799952e-07
40050.056 2.830544973099982e-07
40100.056 2.0451868267401352e-07
40150.056 2.7888151150000577e-07
40200.056 2.931865253199917e-07
40250.056 2.9620269194998524e-07
40300.056 2.9701551100001135e-07
40350.056 2.4338114508998266e-07
40400.056 2.849372248660005e-07
40450.056 2.40709766599996e-07
40500.056 2.9301020236999473e-07
40550.056 3.0592343684999073e-07
40600.056 2.987528105400001e-07
40650.056 2.7228287100998015e-07
40700.056 3.344513399199971e-07
40750.056 2.905582542299896e-07
40800.056 2.565489245199824e-07
40850.056 3.3298352991000746e-07
40900.056 3.2669144282999246e-07
40950.056 2.808124732e-07
41000.056 2.891317350599962e-07
41050.056 3.3288114616999785e-07
41100.056 3.202377814499865e-07
41150.056 2.4497006630999625e-07
41200.056 3.242145584700118e-07
41250.056 3.128566372299813e-07
41300.056 3.11389956460004e-07
41350.056 3.421806686599999e-07
41400.056 3.1241427783000444e-07
41450.056 3.4231165333000135e-07
41500.056 2.9393223707997786e-07
41550.056 2.799986317700166e-07
41600.056 2.837572221480084e-07
41650.056 3.2739578317000654e-07
41700.056 3.302722247299883e-07
41750.056 3.1529342986999856e-07
41800.056 3.308497911200014e-07
41850.056 2.733041022599936e-07
41900.056 2.8603862732997416e-07
41950.056 3.131638592600026e-07
42000.056 2.922795936999687e-07
42050.056 2.766815764700072e-07
42100.056 3.154000589799863e-07
42150.056 2.728310934799975e-07
42200.056 2.7701575799998623e-07
42250.056 2.770211743500046e-07
42300.056 2.7364476832999545e-07
42350.056 3.054195156400026e-07
42400.056 3.1374381794000236e-07
42450.056 2.7819238101001276e-07
42500.056 2.922757495099957e-07
42550.056 2.7629207886999767e-07
42600.056 2.9235782912002337e-07
42650.056 3.383850156299891e-07
42700.056 2.7891447577997947e-07
42750.056 2.438908371500239e-07
42800.056 3.0198550392000146e-07
42850.056 3.1777266713998184e-07
42900.056 3.14230592850011e-07
42950.056 2.750797449999977e-07
43000.056 3.034974529699947e-07
43050.056 2.154099542500226e-07
43100.056 2.9521930905999476e-07
43150.056 2.72284078650001e-07
43200.056 2.8124223573000376e-07
43250.056 3.4814741685000365e-07
43300.056 3.296701337499949e-07
43350.056 2.234403492699927e-07
43400.056 2.943196715100087e-07
43450.056 2.603904856800086e-07
43500.056 2.6635668478999777e-07
43550.056 2.5596127073000446e-07
43600.056 3.217694444300018e-07
43650.056 2.1829186858699003e-07
43700.056 3.176326323600247e-07
43750.056 3.2419763870999436e-07
43800.056 2.9578183901998846e-07
43850.056 2.769448465800233e-07
43900.056 2.747768029799976e-07
43950.056 2.220744132599939e-07
44000.056 2.0122213006999962e-07
44050.056 3.089145231900148e-07
44100.056 3.624450160700043e-07
44150.056 3.5800092975999416e-07
44200.056 3.3668234404000235e-07
44250.056 2.5047618688999434e-07
44300.056 1.9426892521600547e-07
44350.056 2.1832784635200648e-07
44400.056 2.3564877124999512e-07
44450.056 2.9910282179000957e-07
44500.056 2.7489906578001634e-07
44550.056 3.333239252100007e-07
44600.056 2.9250710890000597e-07
44650.056 2.9651527805998606e-07
44700.056 2.3496018151998506e-07
44750.056 2.6475591270002216e-07
44800.056 2.3161513186900323e-07
44850.056 3.0100798609000855e-07
44900.056 2.711135573299957e-07
44950.056 2.8673413941001213e-07
45000.056 3.0493748648000104e-07
45050.056 3.0209857810998814e-07
45100.056 2.913111678800136e-07
45150.056 2.861689124999983e-07
45200.056 2.0875562231099852e-07
45250.056 2.3765718203999138e-07
45300.056 2.382819624800081e-07
45350.056 1.8703081684000307e-07
45400.056 3.2784351597000725e-07
45450.056 3.185053876600086e-07
45500.056 3.214498529600063e-07
45550.056 3.486071537399869e-07
45600.056 3.384372457400048e-07
45650.056 3.088107030999832e-07
45700.056 2.0909997097198755e-07
45750.056 1.886342999490099e-07
45800.056 3.3406814516000693e-07
45850.056 3.1616590244000806e-07
45900.056 3.398502843999956e-07
45950.056 3.065660329999937e-07
46000.056 3.293895916000137e-07
46050.056 3.056097256600022e-07
46100.056 3.383043935599909e-07
46150.056 2.541480820900006e-07
46200.056 2.2041177320298732e-07
46250.056 1.1994861872029244e-07
46300.056 2.572119097500096e-07
46350.056 2.926447649300075e-07
46400.056 2.8400269451000355e-07
46450.056 2.48701393234986e-07
46500.056 2.6447991414001534e-07
46550.056 2.1546900938999823e-07
46600.056 2.173837886699814e-07
46650.056 2.7709179933001353e-07
46700.056 2.388150842099833e-07
46750.056 1.3670995675501694e-07
46800.056 1.0796635429399438e-07
46850.056 2.6611088525002123e-07
46900.056 3.0239186573999465e-07
46950.056 2.8967749861999224e-07
47000.056 2.8423921602000827e-07
47050.056 2.277796918189643e-07
47100.056 1.932334918900034e-07
47150.056 2.5296622696001977e-07
47200.056 2.79324386559995e-07
47250.056 1.6106834134197856e-07
47300.056 1.193883565801214e-07
47350.056 2.841664401600071e-07
47400.056 2.893227445799966e-07
47450.056 2.338355370220106e-07
47500.056 3.0315345942999666e-07
47550.056 2.658378191100055e-07
47600.056 2.651826305099894e-07
47650.056 2.73554167531987e-07
47700.056 2.387354716490232e-07
47750.056 1.9480303514999918e-07
47800.056 1.6733748656000432e-07
47850.056 8.614992264800732e-08
47900.056 1.2603993059739536e-07
47950.056 2.519473532700113e-07
48000.056 2.879932799299951e-07
48050.056 2.576697975699875e-07
48100.056 1.4511246692200024e-07
48150.056 2.1246896497000725e-07
48200.056 1.911364678659931e-07
48250.056 2.374019007199997e-07
48300.056 2.760807832700023e-07
48350.056 2.0847532911998568e-07
48400.056 6.943640921108825e-08
48450.056 1.2629427424832507e-07
48500.056 2.021842137299775e-07
48550.056 2.1286118389702189e-07
48600.056 2.54555661200003e-07
48650.056 2.8088077308999763e-07
48700.056 2.3712134201000478e-07
48750.056 1.6287908952000643e-07
48800.056 2.4030795886000935e-07
48850.056 1.5886316453697905e-07
48900.056 1.9926326925598723e-07
48950.056 1.404561860479907e-07
49000.056 8.689466343661164e-08
49050.056 1.9853898791698258e-07
49100.056 2.2228315755402143e-07
49150.056 1.8243310994199683e-07
49200.056 2.4935981804000905e-07
49250.056 2.4555757731000044e-07
49300.056 2.2051948841999143e-07
49350.056 1.3611833933701542e-07
49400.056 1.6204309833097447e-07
49450.056 1.4577620195403087e-07
49500.056 1.345213954709824e-07
49550.056 4.6162053719197875e-08
49600.056 9.276314138501348e-08
49650.056 1.6779174826000082e-07
49700.056 1.877806457899913e-07
49750.056 2.0097541493898783e-07
49800.056 1.3480351573459738e-07
49850.056 2.2210236852001078e-07
49900.056 2.2574015477999949e-07
49950.056 1.8907926106199242e-07
50000.056 1.6907322594100418e-07
50050.056 1.9378573693200696e-07
50100.056 1.7117793065999419e-07
50150.056 9.635420717498791e-08
50200.056 2.8813884079108558e-08
50250.056 1.1046027711499822e-07
50300.056 7.772315685490997e-08
50350.056 1.8374371147000965e-07
50400.056 1.8565654576699789e-07
50450.056 1.3278597524600036e-07
50500.056 2.028971460900119e-07
50550.056 2.150211598599993e-07
50600.056 1.4960641415697306e-07
50650.056 1.9661642538002144e-07
50700.056 2.1939737363999818e-07
50750.056 1.5065618995199877e-07
50800.056 7.322996087228634e-08
50850.056 5.071114405871655e-08
50900.056 1.7513375098000545e-07
50950.056 1.7523502789999822e-07
51000.056 1.442235280299176e-07
51050.056 1.6979293116797863e-07
51100.056 8.888240448499729e-08
51150.056 9.283210473061612e-08
51200.056 2.0611308149000034e-07
51250.056 1.6039641070698598e-07
51300.056 1.1427143710601046e-07
51350.056 1.2896984890137948e-07
51400.056 6.716580461631022e-08
51450.056 5.1411284794988306e-08
51500.056 4.31839918658123e-08
51550.056 1.2337470207601065e-07
51600.056 1.028565928190055e-07
51650.056 1.242750651849929e-07
51700.056 1.286173687351761e-07
51750.056 1.0379425909001566e-07
51800.056 1.6613200782999257e-07
51850.056 1.2906707478099474e-07
51900.056 1.639123249700072e-07
51950.056 1.1671927197398645e-07
52000.056 2.3121341689593403e-08
52050.056 7.062373601500656e-08
52100.056 5.032991234899394e-08
52150.056 3.510438762414649e-08
52200.056 6.743126456699584e-08
52250.056 1.0292258995501257e-07
52300.056 1.4440842733999693e-07
52350.056 5.8884622394778306e-08
52400.056 6.000834912410151e-08
52450.056 1.400719532850137e-07
52500.056 1.2977676040398388e-07
52550.056 1.2262836468098757e-07
52600.056 9.856141679401008e-08
52650.056 1.188366025090013e-07
52700.056 7.570948801800214e-08
52750.056 4.6193576293290763e-08
52800.056 6.54216478840094e-08
52850.056 8.158998742598524e-08
52900.056 4.8358790389772066e-08
52950.056 7.079430100000774e-08
53000.056 1.1077864878000112e-07
53050.056 5.419806528139452e-08
53100.056 1.3009683157800583e-07
53150.056 1.3622155291999933e-07
53200.056 5.381114356559519e-08
53250.056 1.1698549787200799e-07
53300.056 1.3546898721402602e-07
53350.056 1.2487238812999704e-07
53400.056 9.636611372099524e-08
53450.056 3.85833317141934e-08
53500.056 1.5492824324345627e-08
