galfind/configs/Brown_Dwarf_templates/sonora_bobcat/m-0.5/3160g/sp_t350g3160nc_m-0.5_resample.dat
# %ECSV 1.0
# ---
# datatype:
# - {name: wav, unit: Angstrom, datatype: float64}
# - {name: flux_nu, unit: erg / (cm2 Hz s), datatype: float64}
# meta: {C/O: '1.00', Kzz: '1.0000E+05', Teff: '350.', Y: '0.28', '[Fe/H]': '-0.50', f_hole: '1.00', f_rain: '0.00', grav: '3160.'}
# schema: astropy-2.0
wav flux_nu
4000.0559999999996 nan
4050.0559999999996 1.560480731410023e-18
4100.056 3.7695855524800584e-17
4150.056 2.3120852332600214e-16
4200.056 6.050538754200042e-16
4250.056 1.6201745832400093e-15
4300.056 3.3981750373000155e-15
4350.056 6.168617972200024e-15
4400.056 1.0577217647700044e-14
4450.056 1.7153525890000066e-14
4500.056 2.6493277510000086e-14
4550.056 3.7615630618999967e-14
4600.056 3.470824461300006e-14
4650.056 3.878527705600002e-14
4700.056 3.849888612799995e-14
4750.056 3.0457943825999916e-14
4800.056 2.1697253252999927e-14
4850.056 1.4573575629999946e-14
4900.056 1.0913819264899973e-14
4950.056 8.447534844999974e-15
5000.056 5.742295219599974e-15
5050.056 4.098688043899995e-15
5100.056 4.061423737200001e-15
5150.056 4.145663122000002e-15
5200.056 4.3993522920000026e-15
5250.056 4.659132168300003e-15
5300.056 4.915419244600003e-15
5350.056 5.218241311100003e-15
5400.056 5.5603613639000045e-15
5450.056 5.9566236941000054e-15
5500.056 6.383172465200006e-15
5550.056 6.8034222540000044e-15
5600.056 7.209705135100006e-15
5650.056 7.584559359800005e-15
5700.056 7.787933898800001e-15
5750.056 7.644161977499995e-15
5800.056 6.984021966499986e-15
5850.056 5.1183062520999485e-15
5900.056 1.7935937539160492e-15
5950.056 1.0190574302800123e-14
6000.056 2.048167039600017e-14
6050.056 3.565053420600025e-14
6100.056 5.703343652400035e-14
6150.056 8.72453697450005e-14
6200.056 1.302682958800007e-13
6250.056 1.8875029025000097e-13
6300.056 2.7182377418000143e-13
6350.056 3.859431574400019e-13
6400.056 5.401366285000028e-13
6450.056 7.190425575100024e-13
6500.056 9.813695436300055e-13
6550.056 1.3482272750000053e-12
6600.056 1.83874675260001e-12
6650.056 2.4977915162000117e-12
6700.056 3.2156641174000128e-12
6750.056 4.193112021700016e-12
6800.056 4.952928106400008e-12
6850.056 4.902710372699992e-12
6900.056 3.909648131199974e-12
6950.056 2.9628317968000005e-12
7000.056 2.820382841599993e-12
7050.056 2.832864155400003e-12
7100.056 3.0664176212000026e-12
7150.056 2.7007145178999727e-12
7200.056 2.3622668362000202e-12
7250.056 2.5006470501999747e-12
7300.056 2.4609002788000176e-12
7350.056 2.780437473800005e-12
7400.056 3.1123772485000046e-12
7450.056 3.4638272246000087e-12
7500.056 3.690899812900001e-12
7550.056 3.7614379521000005e-12
7600.056 3.6801450454999955e-12
7650.056 2.128179558779965e-12
7700.056 2.167063525840033e-12
7750.056 4.178738055300035e-12
7800.056 5.684890243200032e-12
7850.056 7.580963371600035e-12
7900.056 9.576260881900038e-12
7950.056 1.1101994870000047e-11
8000.056 1.4917619342000077e-11
8050.056 1.8703742548000072e-11
8100.056 1.9117152278999944e-11
8150.056 1.8055576241000266e-11
8200.056 2.856456520400017e-11
8250.056 3.3015797504000504e-11
8300.056 4.1182259139000075e-11
8350.056 5.015837795400043e-11
8400.056 6.504103676600083e-11
8450.056 8.521290834400075e-11
8500.056 1.0468896644600075e-10
8550.056 1.290990585100012e-10
8600.056 1.5983699995000124e-10
8650.056 1.9041953890000128e-10
8700.056 2.188913481200013e-10
8750.056 2.521996311800015e-10
8800.056 2.8046157668000084e-10
8850.056 2.8114286118999753e-10
8900.056 1.6437759817999486e-10
8950.056 1.3184363011800217e-10
9000.056 1.2622651913300232e-10
9050.056 3.1072455367000195e-10
9100.056 3.3583259365000836e-10
9150.056 3.718437066099969e-10
9200.056 4.698732198700114e-10
9250.056 3.7102866341797914e-10
9300.056 1.3867399175717044e-11
9350.056 1.6064797967060684e-11
9400.056 1.5285823440740385e-10
9450.056 4.950510594454791e-11
9500.056 5.472422986159779e-11
9550.056 6.340520240340479e-11
9600.056 8.967990991899866e-11
9650.056 1.8203945365901393e-10
9700.056 4.549588925199994e-10
9750.056 5.643071204300208e-10
9800.056 7.423193254000001e-10
9850.056 9.75093223700008e-10
9900.056 1.2871963665000196e-09
9950.056 1.4608744433000113e-09
10000.056 8.732979394366879e-10
10050.056 2.886681650599805e-10
10100.056 1.8694786392999815e-10
10150.056 1.3593714206999723e-10
10200.056 9.103952497399933e-11
10250.056 7.934459457299986e-11
10300.056 7.557826930999859e-11
10350.056 5.1911624516e-11
10400.056 5.1740276352999764e-11
10450.056 4.6930795251999417e-11
10500.056 4.1174077703999725e-11
10550.056 3.614601953999972e-11
10600.056 3.0243185405999736e-11
10650.056 2.433767524599973e-11
10700.056 1.8979569279999764e-11
10750.056 1.5110134867999824e-11
10800.056 1.2430552820999925e-11
10850.056 1.055885502859992e-11
10900.056 9.06591982589991e-12
10950.056 7.359889630699931e-12
11000.056 5.643946305499896e-12
11050.056 3.700431345399924e-12
11100.056 1.7819968323199128e-12
11150.056 6.626121798869436e-13
11200.056 3.6349036269090364e-13
11250.056 5.347818561194639e-13
11300.056 9.734341311025179e-13
11350.056 4.563652345565359e-13
11400.056 1.7179529042700776e-12
11450.056 1.0687320752241098e-12
11500.056 1.063525891225004e-12
11550.056 7.047710282940345e-13
11600.056 6.051741475359929e-13
11650.056 1.4618064755200924e-12
11700.056 2.2012226625598544e-12
11750.056 1.6963651601801354e-12
11800.056 3.936515362500015e-12
11850.056 4.340998200299998e-12
11900.056 4.712801557300008e-12
11950.056 5.0550271196000116e-12
12000.056 5.33867486440003e-12
12050.056 6.130456223900048e-12
12100.056 6.949706834200093e-12
12150.056 8.63238494430006e-12
12200.056 1.0432304071600067e-11
12250.056 1.3177516418400175e-11
12300.056 1.6653168094000202e-11
12350.056 1.970382359200022e-11
12400.056 2.4885088005000322e-11
12450.056 3.2650006943000505e-11
12500.056 4.085584338000003e-11
12550.056 4.441410596000065e-11
12600.056 5.970648665500101e-11
12650.056 7.870752092500115e-11
12700.056 9.604441245700064e-11
12750.056 1.0490242142400047e-10
12800.056 1.0797431010999993e-10
12850.056 1.0288210365099955e-10
12900.056 9.807964162499974e-11
12950.056 9.962550332200069e-11
13000.056 1.0976490593100155e-10
13050.056 1.0332858301000002e-10
13100.056 1.2221570282499877e-10
13150.056 1.0597647466900252e-10
13200.056 1.1159285152999873e-10
13250.056 1.1267684146299908e-10
13300.056 5.576040863359431e-11
13350.056 3.420662365109959e-11
13400.056 5.110978250489792e-12
13450.056 5.184631951943561e-13
13500.056 6.015310287095455e-14
13550.056 7.286754916757036e-15
13600.056 1.852455992423205e-15
13650.056 1.3245972627045498e-14
13700.056 7.601694676502323e-15
13750.056 8.05386800188684e-14
13800.056 8.341504315815123e-14
13850.056 1.3589163991473057e-14
13900.056 4.898814534243566e-14
13950.056 3.820115034739659e-14
14000.056 1.2985160689071648e-13
14050.056 1.208341376898264e-13
14100.056 1.1813809870597984e-13
14150.056 3.791508715311933e-13
14200.056 3.388940858172425e-13
14250.056 5.723070277692182e-13
14300.056 1.579767946285229e-12
14350.056 2.4467138098494867e-12
14400.056 2.447721900195802e-12
14450.056 5.68809288939683e-12
14500.056 1.5404661267114212e-11
14550.056 3.063515600685927e-11
14600.056 5.309976867520001e-11
14650.056 2.3145304488200223e-11
14700.056 9.77780837862223e-12
14750.056 8.279645525630233e-12
14800.056 5.46783341698998e-12
14850.056 6.870501794800067e-12
14900.056 5.720792019579896e-12
14950.056 5.675794686580074e-12
15000.056 1.5141796271210853e-11
15050.056 2.2482653072400404e-11
15100.056 1.073295010375877e-11
15150.056 5.574733425021438e-12
15200.056 1.558259789472928e-11
15250.056 2.628004524980285e-11
15300.056 3.887349897679853e-11
15350.056 4.713722526100231e-11
15400.056 6.198430206900095e-11
15450.056 7.828637645700362e-11
15500.056 1.1414885493800191e-10
15550.056 1.5783159635200488e-10
15600.056 2.1952920805000056e-10
15650.056 2.896231104300072e-10
15700.056 3.4870277055000183e-10
15750.056 3.741097879900012e-10
15800.056 3.907087382000002e-10
15850.056 4.005644948800011e-10
15900.056 3.8983571807999875e-10
15950.056 3.829086667499987e-10
16000.056 3.5227173344999716e-10
16050.056 3.068429608999959e-10
16100.056 2.4385834602999723e-10
16150.056 1.763866184399941e-10
16200.056 1.0202378873999659e-10
16250.056 6.056514644499924e-11
16300.056 3.4100445906796645e-11
16350.056 2.5656534595882913e-11
16400.056 2.4325459552507552e-11
16450.056 2.5821209420857593e-11
16500.056 2.6933700015969886e-11
16550.056 3.1982930578379e-11
16600.056 5.634767163230002e-11
16650.056 2.2182248359093654e-11
16700.056 1.5712246266101616e-11
16750.056 3.361032101333938e-11
16800.056 3.310517127906144e-11
16850.056 2.8082611453507005e-11
16900.056 2.1527729360701137e-11
16950.056 1.729464585939937e-11
17000.056 1.3024249036700816e-11
17050.056 1.6368103990100608e-11
17100.056 2.1411697730899504e-11
17150.056 1.883564771050151e-11
17200.056 3.003134386379917e-11
17250.056 1.6594989932798496e-11
17300.056 1.5374353433099823e-11
17350.056 1.768905046239977e-11
17400.056 2.077794384370023e-11
17450.056 2.1912163016900266e-11
17500.056 2.5386568197000144e-11
17550.056 2.2199568101999255e-11
17600.056 2.1600955819000414e-11
17650.056 1.6942561748399686e-11
17700.056 1.5241412516900022e-11
17750.056 1.2111260110599947e-11
17800.056 1.2901791342500229e-11
17850.056 7.653709565709265e-12
17900.056 6.095022329559496e-12
17950.056 3.660452078370042e-12
18000.056 4.173582326995735e-12
18050.056 1.893803590803026e-12
18100.056 1.7106575076333908e-12
18150.056 1.0421982584899741e-12
18200.056 5.974184573558511e-13
18250.056 1.7729258909229532e-12
18300.056 2.6005992226575485e-13
18350.056 2.8124563186251325e-13
18400.056 9.776512010809923e-14
18450.056 9.30960020638544e-13
18500.056 6.91538516111367e-13
18550.056 2.6613219553905944e-13
18600.056 6.488190161677559e-13
18650.056 5.317952899692249e-13
18700.056 2.853281477430864e-14
18750.056 8.132668053470416e-14
18800.056 1.3941896586402175e-12
18850.056 1.0965028792807967e-12
18900.056 1.2536387347088632e-12
18950.056 1.5378700760302048e-12
19000.056 2.3866029492816533e-13
19050.056 1.2536672232485925e-13
19100.056 5.436781518122748e-13
19150.056 2.5628915429171576e-13
19200.056 5.424446343148147e-13
19250.056 4.966552589726335e-13
19300.056 3.037928083777382e-13
19350.056 4.1160183998909575e-13
19400.056 2.734970812121203e-13
19450.056 3.2241678225610973e-13
19500.056 3.746811130665924e-13
19550.056 4.072795012957251e-13
19600.056 6.372430703568842e-13
19650.056 6.49364556090254e-13
19700.056 8.612418785844592e-13
19750.056 9.392234328531403e-13
19800.056 5.76258643597556e-13
19850.056 8.628802631692866e-13
19900.056 1.1110524858939174e-12
19950.056 8.338142131192514e-13
20000.056 9.547893170012297e-13
20050.056 9.19099147829207e-13
20100.056 1.0560096339659601e-12
20150.056 8.239989550573672e-13
20200.056 7.781761907501026e-13
20250.056 1.0365248869800527e-12
20300.056 1.0666755235699918e-12
20350.056 1.078378831989964e-12
20400.056 1.1095314495300058e-12
20450.056 1.1551628115400239e-12
20500.056 1.10746163065e-12
20550.056 1.050966702269986e-12
20600.056 9.891749749200036e-13
20650.056 9.21712477879988e-13
20700.056 8.532075780499926e-13
20750.056 7.79453248459994e-13
20800.056 7.090857058599938e-13
20850.056 6.528608748899954e-13
20900.056 5.995722072899962e-13
20950.056 5.555539819599966e-13
21000.056 5.232898055799978e-13
21050.056 5.062293901999988e-13
21100.056 4.9976091944e-13
21150.056 5.102148053400018e-13
21200.056 5.331355381900026e-13
21250.056 5.691224826100021e-13
21300.056 6.13487311330005e-13
21350.056 6.645001975599994e-13
21400.056 7.386219382500108e-13
21450.056 7.795382702400083e-13
21500.056 8.134590249100014e-13
21550.056 8.604930931599984e-13
21600.056 8.641216098599951e-13
21650.056 8.968615940599871e-13
21700.056 9.522087864599637e-13
21750.056 9.347754861660628e-13
21800.056 8.682427353170023e-13
21850.056 8.7236463093401e-13
21900.056 7.916059643000284e-13
21950.056 5.976819135899409e-13
22000.056 1.4640507567126407e-13
22050.056 2.431314985390246e-13
22100.056 3.745948653423866e-13
22150.056 2.7626779904749166e-13
22200.056 2.8088816869211895e-13
22250.056 2.394036627587531e-13
22300.056 1.4304091286522645e-13
22350.056 2.164611393026981e-13
22400.056 1.5009268520261708e-13
22450.056 1.6184297538387526e-13
22500.056 1.461576655581056e-13
22550.056 8.788731458576443e-14
22600.056 7.417251813250415e-14
22650.056 6.990997674395355e-14
22700.056 8.403082006733028e-14
22750.056 1.0500068333568912e-13
22800.056 1.528183237625151e-13
22850.056 9.183529082189685e-14
22900.056 9.535981953342551e-14
22950.056 7.125844780389455e-14
23000.056 6.077922200860123e-14
23050.056 5.926136450882908e-14
23100.056 2.6492001089107414e-13
23150.056 2.109031656655471e-13
23200.056 4.267180486383738e-14
23250.056 1.5590415338749262e-13
23300.056 9.534299375389895e-14
23350.056 1.276585661078052e-13
23400.056 7.721788533056033e-14
23450.056 6.152154746561222e-14
23500.056 4.9060322565232716e-14
23550.056 8.896455213643399e-14
23600.056 1.6404823180874781e-13
23650.056 2.1898924474140134e-13
23700.056 4.232776822951989e-14
23750.056 7.945413687297678e-14
23800.056 2.519473515086816e-13
23850.056 1.3615532254828117e-13
23900.056 2.262189797256315e-13
23950.056 1.482761042386934e-13
24000.056 2.9912474929399e-13
24050.056 3.1269618820550114e-13
24100.056 4.295377525530327e-13
24150.056 5.625281603200019e-13
24200.056 5.847939471600158e-13
24250.056 5.969352810700143e-13
24300.056 8.863763732440548e-13
24350.056 8.535822611419631e-13
24400.056 1.3672512181800638e-12
24450.056 1.5084712798600172e-12
24500.056 1.602968435900031e-12
24550.056 2.336183972580072e-12
24600.056 2.915809164299947e-12
24650.056 3.391023760260117e-12
24700.056 3.35327566777476e-12
24750.056 4.34670584944037e-12
24800.056 4.783417051900084e-12
24850.056 5.138198478026951e-12
24900.056 4.608756347670241e-12
24950.056 5.6940580966350925e-12
25000.056 7.889642676899883e-12
25050.056 4.58223673820837e-12
25100.056 7.141621427489418e-12
25150.056 4.080112367689613e-12
25200.056 6.280367026305537e-12
25250.056 2.9506911891515122e-12
25300.056 2.7915956738198644e-12
25350.056 1.2591687505680508e-12
25400.056 3.5911947176258634e-12
25450.056 9.06264807458333e-13
25500.056 6.783723800281986e-13
25550.056 3.206348777027873e-12
25600.056 1.2205319938593756e-12
25650.056 3.814387587488663e-13
25700.056 2.3271304781980865e-13
25750.056 6.084419398260776e-14
25800.056 3.909217500841315e-13
25850.056 5.109210547195143e-14
25900.056 1.092025218204379e-13
25950.056 1.3158741868398624e-14
26000.056 2.76156625969515e-13
26050.056 1.864032110873567e-14
26100.056 1.3379429131639635e-13
26150.056 4.4169703278503827e-14
26200.056 5.781631845466198e-14
26250.056 5.513789836576637e-13
26300.056 5.44488549519612e-14
26350.056 2.3927907511646077e-12
26400.056 5.088814180207645e-12
26450.056 1.3500398824430272e-12
26500.056 4.850699635727009e-12
26550.056 3.289267710310962e-13
26600.056 2.1398238416989276e-13
26650.056 3.0132062046252267e-14
26700.056 2.1633237052786557e-14
26750.056 3.952253643848374e-14
26800.056 2.1324114806511458e-13
26850.056 1.1863875589283155e-13
26900.056 6.999278875323581e-13
26950.056 1.4414374905395784e-13
27000.056 1.0856832735961325e-12
27050.056 2.340866913074888e-12
27100.056 6.545828846767725e-14
27150.056 1.520456832728998e-12
27200.056 5.3405124439572927e-14
27250.056 2.727187266457954e-13
27300.056 6.64985760591303e-12
27350.056 9.594578269090478e-13
27400.056 4.416348297842761e-14
27450.056 1.9242045440645187e-12
27500.056 2.9202614089333102e-12
27550.056 2.589825263836696e-13
27600.056 1.2028999438626695e-12
27650.056 1.9528921480547855e-13
27700.056 2.4444635617786626e-13
27750.056 2.4803903976805713e-12
27800.056 6.999321476516655e-13
27850.056 1.6841534068540147e-12
27900.056 3.4067173054567654e-12
27950.056 5.834650660162757e-12
28000.056 6.449309594539182e-12
28050.056 5.140239345853171e-13
28100.056 1.1398557755700393e-11
28150.056 7.0127977542968144e-12
28200.056 1.2710406215328157e-12
28250.056 2.1706988368669486e-11
28300.056 2.0734824863506238e-11
28350.056 1.8099613047594652e-12
28400.056 1.3250688903094828e-11
28450.056 2.7304539033366658e-11
28500.056 1.041920494507465e-11
28550.056 3.4044872131081e-12
28600.056 2.2529798262417222e-11
28650.056 8.518402341413166e-12
28700.056 2.297255325299989e-11
28750.056 5.822167179819825e-11
28800.056 1.4096856596040199e-11
28850.056 5.4525496999595796e-11
