galfind/configs/Brown_Dwarf_templates/sonora_bobcat/m-0.5/3160g/sp_t450g3160nc_m-0.5_resample.dat
# %ECSV 1.0
# ---
# datatype:
# - {name: wav, unit: Angstrom, datatype: float64}
# - {name: flux_nu, unit: erg / (cm2 Hz s), datatype: float64}
# meta: {C/O: '1.00', Kzz: '1.0000E+05', Teff: '450.', Y: '0.28', '[Fe/H]': '-0.50', f_hole: '1.00', f_rain: '0.00', grav: '3160.'}
# schema: astropy-2.0
wav flux_nu
[from data line 499]
28950.056 3.1671331849066715e-10
29000.056 2.44887172049178e-10
29050.056 4.52745641216365e-10
29100.056 1.7495592580154523e-10
29150.056 3.7620855568704305e-10
29200.056 6.214563767989132e-10
29250.056 6.100734421358114e-10
29300.056 4.0506126418687566e-10
29350.056 1.4133839055699172e-09
29400.056 5.507198741889073e-10
29450.056 2.5885848544907315e-10
29500.056 1.2267136262089116e-09
29550.056 5.342457981550747e-10
29600.056 7.08601228254841e-10
29650.056 1.6625823077459182e-09
29700.056 4.0794444278103744e-10
29750.056 9.984926435823717e-10
29800.056 7.653935959366224e-10
29850.056 2.081805080490001e-09
29900.056 1.0709257454460862e-09
29950.056 7.319920836390752e-10
30000.056 1.7290005536574045e-11
30050.056 1.913976359324276e-10
30100.056 7.052431135211472e-10
30150.056 1.4624228119060873e-09
30200.056 1.0455254770547977e-09
30250.056 2.4120617059203237e-09
30300.056 2.215848617209757e-09
30350.056 8.813880522111734e-10
30400.056 2.5899221388204166e-09
30450.056 2.0021133692097937e-09
30500.056 1.3424975262338107e-09
30550.056 1.177483687115956e-09
30600.056 5.742864467999981e-09
30650.056 3.4953443244901616e-09
30700.056 1.5362025527950083e-09
30750.056 3.2571034234006195e-09
30800.056 3.04164639370897e-09
30850.056 3.4280319970400008e-09
30900.056 1.6437660108197625e-09
30950.056 1.6751902194601036e-09
31000.056 2.0918777911441524e-09
31050.056 1.6436347492297585e-09
31100.056 6.613396104240344e-10
31150.056 1.4459671140589815e-09
31200.056 3.6794964451999326e-09
31250.056 1.2534736290658637e-09
31300.056 8.475582079068356e-10
31350.056 2.14519380160437e-09
31400.056 1.117256829361886e-09
31450.056 1.5221558801079707e-09
31500.056 5.268571268627641e-10
31550.056 1.076753960046194e-09
31600.056 6.94059943764365e-10
31650.056 4.940833908368563e-10
31700.056 5.631480443700769e-10
31750.056 1.7749919329623442e-10
31800.056 4.255487730229877e-10
31850.056 8.796708806433923e-11
31900.056 2.396513782095387e-10
31950.056 9.991401968770473e-11
32000.056 1.0065631812661734e-10
32050.056 8.545441769619037e-11
32100.056 6.547363345849846e-11
32150.056 8.475968304220783e-11
32200.056 3.6066663826531706e-11
32250.056 8.87723105478175e-11
32300.056 2.5548128287370516e-11
32350.056 9.696212250800805e-11
32400.056 1.3958401956945221e-11
32450.056 7.514032939100364e-11
32500.056 1.7589669534698644e-11
32550.056 9.94057997349984e-11
32600.056 1.7434066134833102e-11
32650.056 1.39161743039501e-10
32700.056 2.6227409826765416e-11
32750.056 3.2113736874405875e-10
32800.056 1.642255235679765e-10
32850.056 6.494323737801247e-10
32900.056 5.123730001042289e-10
32950.056 6.321029945800473e-10
33000.056 1.7287967291347754e-10
33050.056 1.7907063761602274e-10
33100.056 3.1308909104522946e-11
33150.056 4.203363054312203e-14
33200.056 1.7182340138871958e-12
33250.056 5.330895962586551e-12
33300.056 5.913620326301065e-11
33350.056 1.3047217825032868e-10
33400.056 4.382782825920093e-10
33450.056 1.0870231690888361e-10
33500.056 5.7881502134004e-10
33550.056 1.0982024357757114e-10
33600.056 2.5673381639892076e-10
33650.056 3.092649521129774e-10
33700.056 6.547313143826802e-11
33750.056 3.8635954331296854e-10
33800.056 2.675929423118871e-11
33850.056 1.8342893425942423e-10
33900.056 1.4494968555748085e-10
33950.056 1.5683622529984683e-10
34000.056 3.576048486170768e-10
34050.056 6.143591281488602e-11
34100.056 3.7068688257198737e-10
34150.056 8.922727473500597e-11
34200.056 3.914480018359305e-10
34250.056 2.2287158355765647e-10
34300.056 2.0219934500698646e-10
34350.056 7.281738037160265e-10
34400.056 1.0935031636808686e-10
34450.056 6.607314405797701e-10
34500.056 2.8750378125635146e-10
34550.056 3.590078666625719e-10
34600.056 1.5930403130300098e-09
34650.056 1.4833862235697268e-10
34700.056 1.3518236882776825e-09
34750.056 6.034071185748518e-10
34800.056 4.4083830175843484e-10
34850.056 1.7755272131520097e-09
34900.056 2.5560587728044843e-10
34950.056 1.941056197726061e-09
35000.056 2.1103182347047655e-09
35050.056 1.1398115713312603e-09
35100.056 3.7439170372639095e-09
35150.056 2.5506801630595277e-09
35200.056 2.7386332162302083e-09
35250.056 4.980403638851457e-09
35300.056 1.0348051463432942e-09
35350.056 1.6627410348907497e-09
35400.056 1.1718869415547397e-09
35450.056 9.653245861590136e-10
35500.056 3.75858978575464e-09
35550.056 2.553130517551316e-09
35600.056 4.128472416850538e-09
35650.056 3.82535009377608e-09
35700.056 3.819391563313804e-09
35750.056 6.907884381930476e-09
35800.056 3.3552757782922975e-09
35850.056 2.2571616966886775e-09
35900.056 4.215549406350982e-09
35950.056 6.210689572499874e-09
36000.056 6.627454498700617e-09
36050.056 4.594632303509306e-09
36100.056 4.3516557453775395e-09
36150.056 1.0690298007300422e-08
36200.056 1.1104807720099613e-08
36250.056 6.1143000873386085e-09
36300.056 1.29415464045382e-08
36350.056 1.1172236282600228e-08
36400.056 1.4319879578498985e-08
36450.056 8.316232363479611e-09
36500.056 1.0094932741206793e-08
36550.056 2.0061030938000322e-08
36600.056 2.324082612399929e-08
36650.056 1.1635193761212421e-08
36700.056 1.2613560455841097e-08
36750.056 2.3452152377001212e-08
36800.056 2.296845318999935e-08
36850.056 1.3092193811568496e-08
36900.056 1.4653100696771735e-08
36950.056 2.5722226694997177e-08
37000.056 1.9849122305801053e-08
37050.056 2.1462274177199007e-08
37100.056 1.0203148893610586e-08
37150.056 1.9515997841801043e-08
37200.056 3.303282209299985e-08
37250.056 1.6339126386797263e-08
37300.056 1.1420372793500622e-08
37350.056 2.3750699425601275e-08
37400.056 3.29181134289995e-08
37450.056 1.7960834489198487e-08
37500.056 1.8164313588999607e-08
37550.056 3.689570568100408e-08
37600.056 4.7018472838999306e-08
37650.056 1.8177231024001567e-08
37700.056 2.941156039300162e-08
37750.056 2.2367373728100787e-08
37800.056 2.9005392522000865e-08
37850.056 1.790569516799977e-08
37900.056 2.1983169764999388e-08
37950.056 2.7204517450999794e-08
38000.056 2.6097923170099355e-08
38050.056 3.204156050300178e-08
38100.056 4.3982766639999774e-08
38150.056 4.6523696590997515e-08
38200.056 3.4673955952501055e-08
38250.056 4.142153559300245e-08
38300.056 6.201094762599708e-08
38350.056 5.38989024760032e-08
38400.056 3.018259785899509e-08
38450.056 2.0313979025397845e-08
38500.056 1.9635945827802186e-08
38550.056 3.9691745619001206e-08
38600.056 4.2637432359998246e-08
38650.056 4.245365645999986e-08
38700.056 4.329498074699847e-08
38750.056 4.248392252999869e-08
38800.056 4.179864968800019e-08
38850.056 4.674301559600123e-08
38900.056 4.8183135347995806e-08
38950.056 4.0478729857002046e-08
39000.056 4.8832191843997315e-08
39050.056 3.987010541100461e-08
39100.056 3.856082473329972e-08
39150.056 5.613439318799905e-08
39200.056 5.202899361200046e-08
39250.056 4.995570541300052e-08
39300.056 4.598872506300149e-08
39350.056 6.449818393500064e-08
39400.056 5.009606693899681e-08
39450.056 6.05053353720036e-08
39500.056 6.558331639899852e-08
39550.056 4.5532752609004965e-08
39600.056 5.276476010300252e-08
39650.056 7.434726633299966e-08
39700.056 6.82849489810001e-08
39750.056 4.238485960200015e-08
39800.056 4.151080552100118e-08
39850.056 7.257936063000245e-08
39900.056 7.676962847000009e-08
39950.056 5.7574523103000644e-08
40000.056 6.98117827590002e-08
40050.056 6.786153641199783e-08
40100.056 3.512030011040386e-08
40150.056 6.546903471400182e-08
40200.056 7.39890885449987e-08
40250.056 7.707800555999753e-08
40300.056 7.561946759200198e-08
40350.056 4.987743174699588e-08
40400.056 6.214193676099943e-08
40450.056 4.8818580679999275e-08
40500.056 7.256283270799942e-08
40550.056 7.719566295699846e-08
40600.056 7.856546707399951e-08
40650.056 6.410983535199614e-08
40700.056 8.560753350300058e-08
40750.056 7.373535859699834e-08
40800.056 5.8777046519997516e-08
40850.056 8.870096752100207e-08
40900.056 8.895630340199881e-08
40950.056 6.596484215299882e-08
41000.056 7.255819448800021e-08
41050.056 9.159224780700107e-08
41100.056 8.42982845089953e-08
41150.056 5.244117077899923e-08
41200.056 8.475444490400509e-08
41250.056 8.457767321599446e-08
41300.056 8.93607604200028e-08
41350.056 9.871022726600003e-08
41400.056 8.88224608339995e-08
41450.056 9.574988875900064e-08
41500.056 7.624743623699512e-08
41550.056 7.255000577500343e-08
41600.056 7.38958914570009e-08
41650.056 9.347250168300193e-08
41700.056 1.0154787683499872e-07
41750.056 9.322908025700088e-08
41800.056 9.675695259499932e-08
41850.056 8.119178714599822e-08
41900.056 7.610198803799431e-08
41950.056 8.102665050099983e-08
42000.056 6.978512608899211e-08
42050.056 7.12757529920022e-08
42100.056 8.23779388549982e-08
42150.056 8.036004447299965e-08
42200.056 8.153478146399807e-08
42250.056 7.398317078200152e-08
42300.056 7.336260894799883e-08
42350.056 8.74767468400009e-08
42400.056 9.263991491400052e-08
42450.056 9.13408215760018e-08
42500.056 9.495464821199931e-08
42550.056 9.037111360299957e-08
42600.056 8.618881653200362e-08
42650.056 9.872180160699757e-08
42700.056 7.802807053699706e-08
42750.056 8.062076789000411e-08
42800.056 9.795995782400038e-08
42850.056 9.984806570799801e-08
42900.056 9.714826820300077e-08
42950.056 8.864016465600096e-08
43000.056 9.376780616199862e-08
43050.056 7.223882251300051e-08
43100.056 9.061462208000071e-08
43150.056 8.935437938900019e-08
43200.056 9.355632411600097e-08
43250.056 1.0841489360000038e-07
43300.056 1.0082998687399791e-07
43350.056 7.710609339100045e-08
43400.056 9.282180901900083e-08
43450.056 8.495741131700021e-08
43500.056 8.089742408300002e-08
43550.056 7.890009000100169e-08
43600.056 9.832107617799955e-08
43650.056 7.071980167499708e-08
43700.056 9.249694799400619e-08
43750.056 1.02252366727999e-07
43800.056 9.283552188699862e-08
43850.056 8.8358545625003e-08
43900.056 8.315322428599992e-08
43950.056 6.937073328299842e-08
44000.056 6.679417393500011e-08
44050.056 9.47885181460039e-08
44100.056 1.0916260550000047e-07
44150.056 1.0635765598599906e-07
44200.056 1.028445306069999e-07
44250.056 8.186954711899815e-08
44300.056 6.265727235499902e-08
44350.056 6.467612751000115e-08
44400.056 7.48960716079997e-08
44450.056 8.985676721900271e-08
44500.056 8.569227609300046e-08
44550.056 9.716773066100057e-08
44600.056 8.638704796100047e-08
44650.056 9.093906543699747e-08
44700.056 7.612805160799712e-08
44750.056 8.271875720500278e-08
44800.056 7.054899674699935e-08
44850.056 8.61298594160023e-08
44900.056 8.590887601599921e-08
44950.056 9.147900531500144e-08
45000.056 9.534848908199988e-08
45050.056 9.183008525799758e-08
45100.056 8.826999400400251e-08
45150.056 8.525871295299924e-08
45200.056 6.183715080799867e-08
45250.056 7.094682198600005e-08
45300.056 6.981178431499918e-08
45350.056 5.306810300100228e-08
45400.056 9.539182482000117e-08
45450.056 9.32572285380018e-08
45500.056 9.738335731800136e-08
45550.056 1.0145271849799789e-07
45600.056 9.825008752600044e-08
45650.056 9.056769802599679e-08
45700.056 5.960721649699447e-08
45750.056 5.52946904220043e-08
45800.056 9.273170052300111e-08
45850.056 8.844603280300177e-08
45900.056 1.0007253164699956e-07
45950.056 9.749905686899885e-08
46000.056 9.729726691700063e-08
46050.056 9.246003149500137e-08
46100.056 9.620175608699769e-08
46150.056 7.691383464499992e-08
46200.056 6.024746498699514e-08
46250.056 3.1035290484899574e-08
46300.056 7.096510198600365e-08
46350.056 8.436938028200103e-08
46400.056 8.458241883000028e-08
46450.056 7.419959193899754e-08
46500.056 8.115830456400071e-08
46550.056 6.475386847599786e-08
46600.056 5.850936822599766e-08
46650.056 7.515589107100213e-08
46700.056 6.348017394599608e-08
46750.056 3.269329463200286e-08
46800.056 2.3367135608198002e-08
46850.056 6.440494184300638e-08
46900.056 8.443572410100026e-08
46950.056 8.535558902899924e-08
47000.056 8.570567432900059e-08
47050.056 6.553145437899309e-08
47100.056 6.031406838200103e-08
47150.056 7.307517542800338e-08
47200.056 7.580777899799857e-08
47250.056 3.900290288369302e-08
47300.056 2.9071038332806443e-08
47350.056 7.390730489100234e-08
47400.056 8.172921390699973e-08
47450.056 6.529101448500157e-08
47500.056 8.599662562300075e-08
47550.056 8.196957491000049e-08
47600.056 7.222731296099781e-08
47650.056 7.649114352099756e-08
47700.056 6.832628701000363e-08
47750.056 5.7466696513999534e-08
47800.056 4.032378336099736e-08
47850.056 1.5266349179302116e-08
47900.056 2.7228653938299947e-08
47950.056 6.412615724600365e-08
48000.056 7.485755494699802e-08
48050.056 6.586156859299884e-08
48100.056 3.924438029119949e-08
48150.056 6.137813665800197e-08
48200.056 4.967327716299793e-08
48250.056 6.59658306810008e-08
48300.056 6.980161962099939e-08
48350.056 4.923142448499543e-08
48400.056 1.0999976089417274e-08
48450.056 2.1408986192244913e-08
48500.056 4.45025275059967e-08
48550.056 4.936316625580743e-08
48600.056 7.368041711300102e-08
48650.056 7.905395099499962e-08
48700.056 7.036088975300042e-08
48750.056 5.896854057999996e-08
48800.056 6.856707149100012e-08
48850.056 4.089121078599567e-08
48900.056 4.076153333319627e-08
48950.056 2.4540365366998025e-08
49000.056 1.5367707456883267e-08
49050.056 4.385790000499718e-08
49100.056 5.483389569100546e-08
49150.056 5.038332566099918e-08
49200.056 6.947539495700215e-08
49250.056 7.233796438399978e-08
49300.056 6.375164579299747e-08
49350.056 3.8626974078001223e-08
49400.056 3.765890328669401e-08
49450.056 3.0054552400706045e-08
49500.056 2.6207250052095962e-08
49550.056 4.931616716819734e-09
49600.056 1.310871741233236e-08
49650.056 4.133706980900287e-08
49700.056 5.3441215580000657e-08
49750.056 4.578959633299688e-08
49800.056 2.7038829502199806e-08
49850.056 5.646148898500273e-08
49900.056 6.262191351199987e-08
49950.056 5.6669520950998185e-08
50000.056 4.048331839519739e-08
50050.056 4.286223241600519e-08
50100.056 3.8744281964998306e-08
50150.056 1.5535863738697093e-08
50200.056 2.1906010211329474e-09
50250.056 1.439262066189994e-08
50300.056 1.0476466167202105e-08
50350.056 4.01936987740025e-08
50400.056 5.049552281000041e-08
50450.056 4.229171026499911e-08
50500.056 5.612062069700293e-08
50550.056 6.150219143899975e-08
50600.056 4.637926067499502e-08
50650.056 5.574793700600238e-08
50700.056 5.4740046326998645e-08
50750.056 3.589436867599795e-08
50800.056 1.0860434418701077e-08
50850.056 4.79631855879225e-09
50900.056 3.2798262234003087e-08
50950.056 4.0269900306997785e-08
51000.056 2.795093040155458e-08
51050.056 4.094575141599541e-08
51100.056 2.2630606533800037e-08
51150.056 1.5564112516343276e-08
51200.056 4.730752549500173e-08
51250.056 4.309469523799715e-08
51300.056 2.8727361050000675e-08
51350.056 2.329799158346597e-08
51400.056 6.98782917328137e-09
51450.056 5.241396730627464e-09
51500.056 4.617304234867715e-09
51550.056 2.2375879647002344e-08
51600.056 2.681837955400113e-08
51650.056 3.5708669667999527e-08
51700.056 2.8085368183934314e-08
51750.056 2.4854508763604654e-08
51800.056 4.257669902600008e-08
51850.056 3.326204947799823e-08
51900.056 3.166186902200011e-08
51950.056 1.641918122379675e-08
52000.056 1.3644979748044898e-09
52050.056 8.777896500500758e-09
52100.056 4.5183322988787744e-09
52150.056 2.417647316405913e-09
52200.056 1.0905204907199899e-08
52250.056 2.0562385709802257e-08
52300.056 2.341920347299852e-08
52350.056 4.97806174941953e-09
52400.056 6.048221762010305e-09
52450.056 2.5850537101202936e-08
52500.056 2.2471602211368472e-08
52550.056 2.7182117022996626e-08
52600.056 2.3004175058202904e-08
52650.056 3.042787357599888e-08
52700.056 1.5863587039999317e-08
52750.056 5.487129277954141e-09
52800.056 1.0998330016901927e-08
52850.056 1.416852413349794e-08
52900.056 3.879030383682275e-09
52950.056 7.80293940318167e-09
53000.056 2.038732690100018e-08
53050.056 7.838682778720175e-09
53100.056 2.902618739600228e-08
53150.056 3.1077814560998976e-08
53200.056 1.1801396259998904e-08
53250.056 2.5865527269001057e-08
53300.056 2.7266105024002423e-08
53350.056 2.4832971051999017e-08
53400.056 1.4877369498798492e-08
53450.056 3.252728697499021e-09
53500.056 6.085796160568582e-10
53550.056 1.4497415521539867e-09
53600.056 7.901363097042746e-09
53650.056 1.2031459420400765e-08
