galfind/configs/Brown_Dwarf_templates/sonora_bobcat/m-0.5/3160g/sp_t400g3160nc_m-0.5_resample.dat
# %ECSV 1.0
# ---
# datatype:
# - {name: wav, unit: Angstrom, datatype: float64}
# - {name: flux_nu, unit: erg / (cm2 Hz s), datatype: float64}
# meta: {C/O: '1.00', Kzz: '1.0000E+05', Teff: '400.', Y: '0.28', '[Fe/H]': '-0.50', f_hole: '1.00', f_rain: '0.00', grav: '3160.'}
# schema: astropy-2.0
wav flux_nu
4000.0559999999996 nan
4050.0559999999996 2.7758887118300554e-18
4100.056 1.2014257766600212e-16
4150.056 9.295425446200095e-16
4200.056 2.250154773600017e-15
4250.056 8.730328451000068e-15
4300.056 2.08164239120001e-14
4350.056 4.065389805800017e-14
4400.056 7.278612305300024e-14
4450.056 1.2188476097300039e-13
4500.056 1.9340454351000023e-13
4550.056 2.75880007290001e-13
4600.056 2.0867273873000005e-13
4650.056 2.0383390939999978e-13
4700.056 1.624331055499994e-13
4750.056 8.895766353999941e-14
4800.056 4.4948026874999735e-14
4850.056 2.4242237734999872e-14
4900.056 1.5913270613999946e-14
4950.056 1.1169539149899956e-14
5000.056 6.9741996349999626e-15
5050.056 4.717652618799993e-15
5100.056 4.5683959940999994e-15
5150.056 4.560372770300001e-15
5200.056 4.773999851100003e-15
5250.056 5.0215517550000026e-15
5300.056 5.274543125500003e-15
5350.056 5.592246289700004e-15
5400.056 5.9805858947000044e-15
5450.056 6.403316259600006e-15
5500.056 6.843771389700004e-15
5550.056 7.275525802500005e-15
5600.056 7.705997621400006e-15
5650.056 8.115138823700004e-15
5700.056 8.3694201288e-15
5750.056 8.185309750899994e-15
5800.056 7.371015202299982e-15
5850.056 5.310031274199945e-15
5900.056 1.8411165193160525e-15
5950.056 1.0708496439500134e-14
6000.056 2.1952812071000185e-14
6050.056 3.8076665456000265e-14
6100.056 6.046728312600038e-14
6150.056 9.231561265000052e-14
6200.056 1.3797609858000072e-13
6250.056 2.0068727772000108e-13
6300.056 2.8905314626000153e-13
6350.056 4.110626117500021e-13
6400.056 5.781570907200031e-13
6450.056 7.794053650000027e-13
6500.056 1.071868548960006e-12
6550.056 1.4799215590000059e-12
6600.056 2.0294693309000114e-12
6650.056 2.773911816200013e-12
6700.056 3.5617462556000157e-12
6750.056 4.745956332900018e-12
6800.056 5.66100633510001e-12
6850.056 5.6831278161999916e-12
6900.056 4.614159478199973e-12
6950.056 3.5488731660999977e-12
7000.056 3.3379967057999916e-12
7050.056 3.354179956700003e-12
7100.056 3.632965470800003e-12
7150.056 3.3289112445999712e-12
7200.056 3.0268993096000247e-12
7250.056 3.1578078966999628e-12
7300.056 3.1026722770000224e-12
7350.056 3.3985319126000036e-12
7400.056 3.703950049000004e-12
7450.056 4.0292263476000095e-12
7500.056 4.226694566900001e-12
7550.056 4.2762249463e-12
7600.056 4.203295347599996e-12
7650.056 2.3173937054399567e-12
7700.056 2.296028764010041e-12
7750.056 4.804125153000044e-12
7800.056 6.446991298800039e-12
7850.056 8.852395052600042e-12
7900.056 1.1294914054900049e-11
7950.056 1.2803425884000064e-11
8000.056 1.7879718375000097e-11
8050.056 2.2497276823000094e-11
8100.056 2.3874573483999956e-11
8150.056 2.418548194100034e-11
8200.056 3.66628384750003e-11
8250.056 4.2890556858000565e-11
8300.056 5.361356888800029e-11
8350.056 6.581451026700055e-11
8400.056 8.425907586500101e-11
8450.056 1.0923934711900095e-10
8500.056 1.3274943679000083e-10
8550.056 1.6444696015000172e-10
8600.056 2.0591083934000165e-10
8650.056 2.476917567100018e-10
8700.056 2.90229475390002e-10
8750.056 3.411134173300024e-10
8800.056 3.9073940762000187e-10
8850.056 4.150034294299983e-10
8900.056 2.9479697114999395e-10
8950.056 2.6042291076000373e-10
9000.056 2.747403096930032e-10
9050.056 5.633815826900033e-10
9100.056 6.260691724000157e-10
9150.056 7.027275383199962e-10
9200.056 8.736230154200195e-10
9250.056 7.634475699299646e-10
9300.056 5.442583056939248e-11
9350.056 7.828955772268164e-11
9400.056 4.5253390210301007e-10
9450.056 2.0585167190299555e-10
9500.056 2.1569782357548995e-10
9550.056 2.465219588405196e-10
9600.056 3.206123925799946e-10
9650.056 5.502991476600365e-10
9700.056 1.1452930874099912e-09
9750.056 1.3695160683000526e-09
9800.056 1.739157567599999e-09
9850.056 2.2109699871000115e-09
9900.056 2.837589273500042e-09
9950.056 3.2164540042000253e-09
10000.056 2.0020787756474477e-09
10050.056 1.05081396192995e-09
10100.056 7.798026014499947e-10
10150.056 6.096705670999903e-10
10200.056 4.51558273369999e-10
10250.056 4.2045494332999993e-10
10300.056 4.103295366699932e-10
10350.056 3.0277698081000043e-10
10400.056 3.038094355999989e-10
10450.056 2.8408683667999686e-10
10500.056 2.578871409599987e-10
10550.056 2.3478183242999864e-10
10600.056 2.055409280499986e-10
10650.056 1.7437707052999853e-10
10700.056 1.441145983299986e-10
10750.056 1.213954440599989e-10
10800.056 1.0442339100299955e-10
10850.056 9.179231302099945e-11
10900.056 8.11284597809993e-11
10950.056 6.729948041399946e-11
11000.056 5.2387305107998964e-11
11050.056 3.4531943018999356e-11
11100.056 1.7112601798799195e-11
11150.056 7.096686102721482e-12
11200.056 4.7996682922884776e-12
11250.056 7.48186592439837e-12
11300.056 1.2102598791961242e-11
11350.056 5.609947589563572e-12
11400.056 2.020943846044112e-11
11450.056 1.277339951043615e-11
11500.056 1.2698876940062081e-11
11550.056 7.873291782179356e-12
11600.056 6.858415200659885e-12
11650.056 1.5637637657700937e-11
11700.056 2.18983487614986e-11
11750.056 1.590081938530115e-11
11800.056 3.722287301700018e-11
11850.056 4.204505827899998e-11
11900.056 4.5344743629000074e-11
11950.056 4.884297299800012e-11
12000.056 5.2570063783000356e-11
12050.056 5.975941978300049e-11
12100.056 6.60431758590007e-11
12150.056 7.878337332200036e-11
12200.056 9.114691194500043e-11
12250.056 1.1058106129000108e-10
12300.056 1.364239145300016e-10
12350.056 1.5851339838000154e-10
12400.056 1.9338692019000196e-10
12450.056 2.4123911059000296e-10
12500.056 2.8729451274999997e-10
12550.056 3.066059619200037e-10
12600.056 3.8910355947000534e-10
12650.056 4.850275465600056e-10
12700.056 5.664062421600026e-10
12750.056 5.984520873800019e-10
12800.056 6.000630353799991e-10
12850.056 5.653681003999977e-10
12900.056 5.411443013299979e-10
12950.056 5.429072249600038e-10
13000.056 5.867524416800076e-10
13050.056 5.437069745599996e-10
13100.056 6.1825300680999e-10
13150.056 5.306231848100142e-10
13200.056 5.561942636899929e-10
13250.056 5.30747322999995e-10
13300.056 2.7331056273697177e-10
13350.056 1.5135870085499832e-10
13400.056 2.1357714660739527e-11
13450.056 2.8620518761476184e-12
13500.056 4.873205811990739e-13
13550.056 8.657798786733252e-14
13600.056 2.850452427750198e-14
13650.056 1.989032652931543e-13
13700.056 1.2583286422620582e-13
13750.056 9.264976488355173e-13
13800.056 9.92682591561441e-13
13850.056 1.6711614753122625e-13
13900.056 4.58431058906352e-13
13950.056 4.0791491413601147e-13
14000.056 1.16240582407936e-12
14050.056 1.1115266979060429e-12
14100.056 9.930115534019716e-13
14150.056 2.685179305057557e-12
14200.056 2.174142372701991e-12
14250.056 3.338621675481128e-12
14300.056 9.967790594151476e-12
14350.056 1.3125270018340679e-11
14400.056 1.2889688982953144e-11
14450.056 2.871471119658327e-11
14500.056 6.901102626501905e-11
14550.056 1.1476437231809594e-10
14600.056 2.032098349283993e-10
14650.056 1.0010723983470319e-10
14700.056 4.5738650202241806e-11
14750.056 4.0883529767801633e-11
14800.056 3.113707875289982e-11
14850.056 3.816275537030066e-11
14900.056 3.432320287189932e-11
14950.056 3.707567828470059e-11
15000.056 8.600124139050485e-11
15050.056 1.1512189361100099e-10
15100.056 6.2289172954594e-11
15150.056 3.5564668451522196e-11
15200.056 8.620566268139571e-11
15250.056 1.3611702860401342e-10
15300.056 1.8643375241899318e-10
15350.056 2.2055828762301004e-10
15400.056 2.795412428200054e-10
15450.056 3.357398235600142e-10
15500.056 4.559942553300029e-10
15550.056 5.928533028600172e-10
15600.056 7.884821568899983e-10
15650.056 1.0122016954000259e-09
15700.056 1.208474391840005e-09
15750.056 1.2967909376000044e-09
15800.056 1.3665862256000012e-09
15850.056 1.4133532260000054e-09
15900.056 1.392372208599996e-09
15950.056 1.374207194399996e-09
16000.056 1.2738560841999904e-09
16050.056 1.1130417386699856e-09
16100.056 8.917087127999911e-10
16150.056 6.497014628599766e-10
16200.056 3.894814232999913e-10
16250.056 2.5012519061199937e-10
16300.056 1.5775201175098547e-10
16350.056 1.3268653264003622e-10
16400.056 1.3271945347352758e-10
16450.056 1.417339937276896e-10
16500.056 1.4726990084393592e-10
16550.056 1.6545401313489823e-10
16600.056 2.5881094063200213e-10
16650.056 1.1403278786717882e-10
16700.056 7.11327229780068e-11
16750.056 1.5435158985179895e-10
16800.056 1.589443804911754e-10
16850.056 1.3789624560413587e-10
16900.056 1.0759148678350579e-10
16950.056 8.625738181879672e-11
17000.056 6.657330979060469e-11
17050.056 8.534432308800278e-11
17100.056 1.0699372718499814e-10
17150.056 9.238534402900613e-11
17200.056 1.4264981646799733e-10
17250.056 8.760864614899237e-11
17300.056 7.909920338599917e-11
17350.056 8.642321505299846e-11
17400.056 9.914099547100109e-11
17450.056 1.0305990679100063e-10
17500.056 1.1586927794600163e-10
17550.056 9.924508075499598e-11
17600.056 9.539818902800196e-11
17650.056 7.656591740799872e-11
17700.056 6.792220218499977e-11
17750.056 5.374613161400033e-11
17800.056 5.751900031500155e-11
17850.056 3.4544558109395985e-11
17900.056 2.9100965499697717e-11
17950.056 1.7293835703979857e-11
18000.056 2.082657368825727e-11
18050.056 9.7264928102229e-12
18100.056 9.603127037722045e-12
18150.056 6.5348080795615366e-12
18200.056 4.0763081807553476e-12
18250.056 1.1568154105521073e-11
18300.056 2.2942159924998678e-12
18350.056 2.28778659612608e-12
18400.056 1.0880907199044916e-12
18450.056 7.084188219659072e-12
18500.056 5.6290650314028335e-12
18550.056 2.4435349332110518e-12
18600.056 4.83208416344428e-12
18650.056 3.631001338257445e-12
18700.056 3.431686237282239e-13
18750.056 9.581859772469823e-13
18800.056 1.0108718650481204e-11
18850.056 8.492924055866894e-12
18900.056 8.927570598162706e-12
18950.056 1.136149760186364e-11
19000.056 2.3612037349974977e-12
19050.056 1.2744221628762739e-12
19100.056 4.454688884103386e-12
19150.056 2.10662701340881e-12
19200.056 4.1299044312960426e-12
19250.056 3.578771402094348e-12
19300.056 2.276355281186814e-12
19350.056 2.8958223743768045e-12
19400.056 1.933962228945486e-12
19450.056 2.489544195484053e-12
19500.056 3.0017638552079656e-12
19550.056 3.1001709461749543e-12
19600.056 4.9269195256325095e-12
19650.056 5.1275702226399445e-12
19700.056 6.418162972103664e-12
19750.056 7.397693347823639e-12
19800.056 4.831908326026479e-12
19850.056 6.986465596552678e-12
19900.056 8.859512834749331e-12
19950.056 7.223068560592599e-12
20000.056 8.23272455476822e-12
20050.056 7.871165705336984e-12
20100.056 9.221986145663054e-12
20150.056 7.221343955366724e-12
20200.056 6.762341298940924e-12
20250.056 8.95463073971048e-12
20300.056 9.228208581399958e-12
20350.056 9.40819178419964e-12
20400.056 9.820677638500076e-12
20450.056 1.0608325310700297e-11
20500.056 1.0423018210300018e-11
20550.056 1.014420046009988e-11
20600.056 9.805672492600069e-12
20650.056 9.40978750819989e-12
20700.056 8.966081335999935e-12
20750.056 8.439710447699956e-12
20800.056 7.899026693899944e-12
20850.056 7.504305691999965e-12
20900.056 7.085304759299971e-12
20950.056 6.7142706058999725e-12
21000.056 6.4307799329999805e-12
21050.056 6.2947946469999875e-12
21100.056 6.221105576499996e-12
21150.056 6.290481283400015e-12
21200.056 6.447135167300022e-12
21250.056 6.698396390000007e-12
21300.056 6.9824230760000454e-12
21350.056 7.292528151099966e-12
21400.056 7.841391364700113e-12
21450.056 7.97876519000008e-12
21500.056 8.1163005475e-12
21550.056 8.404259069199958e-12
21600.056 8.328543883199953e-12
21650.056 8.458281464799902e-12
21700.056 8.89360086639968e-12
21750.056 8.606052338820535e-12
21800.056 7.898970647130011e-12
21850.056 7.761452511610111e-12
21900.056 6.977378929900276e-12
21950.056 5.245074589449472e-12
22000.056 1.4114737490076916e-12
22050.056 2.2796016831202235e-12
22100.056 3.680075963948265e-12
22150.056 2.8253609542655876e-12
22200.056 2.863286592526464e-12
22250.056 2.530112312948304e-12
22300.056 1.5751035281958483e-12
22350.056 2.2070557286519374e-12
22400.056 1.4715616381189605e-12
22450.056 1.605581380998895e-12
22500.056 1.4255434957620676e-12
22550.056 9.200295404048584e-13
22600.056 7.892344377851161e-13
22650.056 8.192822243377633e-13
22700.056 9.36880095766743e-13
22750.056 1.1407051554220456e-12
22800.056 1.5957349728224631e-12
22850.056 1.0132996658616615e-12
22900.056 1.0295289219665077e-12
22950.056 7.91601503497594e-13
23000.056 7.456678500476917e-13
23050.056 7.702939034987702e-13
23100.056 2.8002392489770686e-12
23150.056 2.150822197790737e-12
23200.056 4.3260342942221515e-13
23250.056 1.518729579062405e-12
23300.056 1.0481413926251978e-12
23350.056 1.2734641087730447e-12
23400.056 7.977612990765339e-13
23450.056 6.564357135678168e-13
23500.056 5.747982035954526e-13
23550.056 1.054458477446989e-12
23600.056 1.8078769052614144e-12
23650.056 2.3306630312493336e-12
23700.056 4.899477367331314e-13
23750.056 8.500418271388685e-13
23800.056 2.6510816424482346e-12
23850.056 1.5167954266042408e-12
23900.056 2.4707057358322937e-12
23950.056 1.602276393412428e-12
24000.056 3.0693169134098994e-12
24050.056 3.088839203584976e-12
24100.056 4.004973193400328e-12
24150.056 5.1493733777700144e-12
24200.056 5.17146555010021e-12
24250.056 5.203878886200084e-12
24300.056 7.619589520510472e-12
24350.056 6.882707504009549e-12
24400.056 1.0987204781000507e-11
24450.056 1.1586817010730001e-11
24500.056 1.176196032881015e-11
24550.056 1.699063350090046e-11
24600.056 2.0300620970999562e-11
24650.056 2.297558633290074e-11
24700.056 2.2048434749172396e-11
24750.056 2.7281488224101976e-11
24800.056 2.848568047600031e-11
24850.056 3.164874723355933e-11
24900.056 2.4182792619291507e-11
24950.056 3.190989396910987e-11
25000.056 4.0947763814499545e-11
25050.056 2.217299254563178e-11
25100.056 3.591953811379609e-11
25150.056 1.943935920155864e-11
25200.056 2.988884918087126e-11
25250.056 1.2834953858714862e-11
25300.056 1.4446427407209336e-11
25350.056 6.0445321220494976e-12
25400.056 1.7219972631562976e-11
25450.056 4.760086019471447e-12
25500.056 3.685911078185038e-12
25550.056 1.6183493721063285e-11
25600.056 6.885827690694658e-12
25650.056 2.183378466032081e-12
25700.056 1.522599214486396e-12
25750.056 3.481864017240787e-13
25800.056 2.608662842339608e-12
25850.056 3.3678290093834337e-13
25900.056 7.433815865870335e-13
25950.056 6.562968171948602e-14
26000.056 2.0865189953921457e-12
26050.056 1.0653941069083002e-13
26100.056 1.0727767765034215e-12
26150.056 2.941508675927898e-13
26200.056 4.618987440905886e-13
26250.056 5.024042505773283e-12
26300.056 4.2610540418026407e-13
26350.056 1.7429709365248235e-11
26400.056 3.026634069021962e-11
26450.056 9.763200808833686e-12
26500.056 3.249408391525497e-11
26550.056 2.263100238191505e-12
26600.056 1.6190615111501114e-12
26650.056 1.6253837794170862e-13
26700.056 9.241160211615304e-14
26750.056 1.8366800557600335e-13
26800.056 1.2090042006179322e-12
26850.056 5.593258819969532e-13
26900.056 3.933795052597781e-12
26950.056 9.63324926977973e-13
27000.056 7.168158725628187e-12
27050.056 1.3452371684351124e-11
27100.056 3.794228923806069e-13
27150.056 1.0836166882568072e-11
27200.056 2.9725513481123034e-13
27250.056 1.8769258925286933e-12
27300.056 4.0178411822503886e-11
27350.056 6.327804037871795e-12
27400.056 1.9709043179907195e-13
27450.056 1.0931113578477384e-11
27500.056 1.7599024753543606e-11
27550.056 1.332575904467198e-12
27600.056 6.450588153238136e-12
27650.056 9.46183494468428e-13
27700.056 1.1322000890623225e-12
27750.056 1.2329477564140127e-11
27800.056 3.335555021104301e-12
27850.056 7.712829517514947e-12
27900.056 1.382495321225926e-11
27950.056 2.7475684266278536e-11
28000.056 2.634173608337459e-11
28050.056 2.1122220520474207e-12
28100.056 4.633586817061541e-11
28150.056 2.776170329142343e-11
28200.056 5.0529876292938216e-12
28250.056 7.812543115701684e-11
28300.056 7.754686182722475e-11
28350.056 7.073665548117608e-12
28400.056 4.843674794889017e-11
28450.056 1.017079855781864e-10
28500.056 4.217299966894991e-11
28550.056 1.1006391057907695e-11
28600.056 8.41175844203156e-11
28650.056 3.664035907958953e-11
28700.056 7.751479424433868e-11
28750.056 2.0429432977997449e-10
28800.056 5.910994335293203e-11
28850.056 1.7636859562522023e-10
28900.056 8.788252889795452e-11
