galfind/configs/Brown_Dwarf_templates/sonora_bobcat/m-0.5/3160g/sp_t1000g3160nc_m-0.5_resample.dat
# %ECSV 1.0
# ---
# datatype:
# - {name: wav, unit: Angstrom, datatype: float64}
# - {name: flux_nu, unit: erg / (cm2 Hz s), datatype: float64}
# meta: {C/O: '1.00', Kzz: '1.0000E+05', Teff: '1000.', Y: '0.28', '[Fe/H]': '-0.50', f_hole: '1.00', f_rain: '0.00', grav: '3160.'}
# schema: astropy-2.0
wav flux_nu
4000.0559999999996 nan
4050.0559999999996 2.2241071740641813e-13
4100.056 2.0056448021300034e-11
4150.056 7.759914296600138e-11
4200.056 7.878908611706923e-11
4250.056 1.5928185840300174e-10
4300.056 2.397685797710039e-10
4350.056 2.6866299559e-10
4400.056 3.3060201064000095e-10
4450.056 4.0865321888000666e-10
4500.056 4.014694718900016e-10
4550.056 4.762992194600013e-10
4600.056 4.3910268397000006e-10
4650.056 3.6124700605999945e-10
4700.056 3.11911472569998e-10
4750.056 1.310675027329981e-10
4800.056 2.7579443985599557e-11
4850.056 4.737261653899918e-12
4900.056 1.219657948669986e-12
4950.056 3.711098117299951e-13
5000.056 8.738870426999864e-14
5050.056 2.644141756799986e-14
5100.056 2.0158589798999968e-14
5150.056 1.7539175098999974e-14
5200.056 1.5854773805999974e-14
5250.056 1.4748882341999986e-14
5300.056 1.4178973481999988e-14
5350.056 1.4132493233000003e-14
5400.056 1.4545400098e-14
5450.056 1.5078440613999987e-14
5500.056 1.5694542024000008e-14
5550.056 1.633716678000001e-14
5600.056 1.6972862984999997e-14
5650.056 1.7466351304000005e-14
5700.056 1.7679447347000003e-14
5750.056 1.6871375137999976e-14
5800.056 1.4849657332999967e-14
5850.056 1.0532237797199895e-14
5900.056 3.720918761924889e-15
5950.056 2.0879429230000242e-14
6000.056 4.328224527000037e-14
6050.056 7.494510924100053e-14
6100.056 1.1932692937900066e-13
6150.056 1.8315663053000105e-13
6200.056 2.7722880744000144e-13
6250.056 4.1943003341000246e-13
6300.056 6.32569027260004e-13
6350.056 9.639233202800065e-13
6400.056 1.48941782050001e-12
6450.056 2.3243588889000143e-12
6500.056 3.654435575900024e-12
6550.056 5.774329933800037e-12
6600.056 9.145571688800076e-12
6650.056 1.43968445580001e-11
6700.056 1.9530619028800168e-11
6750.056 3.30706776920002e-11
6800.056 4.5940380968000207e-11
6850.056 5.4126241089000045e-11
6900.056 5.124799866499991e-11
6950.056 4.393906147899989e-11
7000.056 4.173760852500004e-11
7050.056 4.517271457700004e-11
7100.056 4.9465031452000056e-11
7150.056 5.210656565699995e-11
7200.056 5.08452305650001e-11
7250.056 4.6046359733999677e-11
7300.056 3.968253128900007e-11
7350.056 3.3583682091999876e-11
7400.056 2.832677699499997e-11
7450.056 2.378286074999997e-11
7500.056 1.979671378399993e-11
7550.056 1.6140600552999933e-11
7600.056 1.2942155712999923e-11
7650.056 3.956932985921827e-12
7700.056 2.7905728525421166e-12
7750.056 1.1443033331400186e-11
7800.056 2.009255109670026e-11
7850.056 3.749744808100035e-11
7900.056 5.932788999100047e-11
7950.056 7.5421868521401e-11
8000.056 1.4686890328000139e-10
8050.056 2.2477192262000198e-10
8100.056 3.330825855900019e-10
8150.056 4.794156937200045e-10
8200.056 6.783010795600105e-10
8250.056 9.287008058100098e-10
8300.056 1.2513621799800235e-09
8350.056 1.6461652082000147e-09
8400.056 2.136776888700018e-09
8450.056 2.757513600500024e-09
8500.056 3.0906776323299224e-09
8550.056 4.171746871200147e-09
8600.056 5.501248663700048e-09
8650.056 6.77172010780006e-09
8700.056 8.28185269840008e-09
8750.056 1.0041306724200078e-08
8800.056 1.2061944853000087e-08
8850.056 1.4232158921000083e-08
8900.056 1.5897172729000016e-08
8950.056 1.4868635898700036e-08
9000.056 2.1412521786000168e-08
9050.056 2.6906437501000258e-08
9100.056 3.1419193998000374e-08
9150.056 3.597151078400029e-08
9200.056 4.1920389301999985e-08
9250.056 4.5429260850999126e-08
9300.056 2.980928137569958e-08
9350.056 4.0354451465201354e-08
9400.056 5.9004712709999585e-08
9450.056 6.039912955950146e-08
9500.056 6.399175454859652e-08
9550.056 7.178484563790485e-08
9600.056 7.799569606000059e-08
9650.056 8.965160478800201e-08
9700.056 1.0820302664899759e-07
9750.056 1.203097125550029e-07
9800.056 1.3515605190399916e-07
9850.056 1.5113089059999944e-07
9900.056 1.428792842399994e-07
9950.056 1.4605252121000043e-07
10000.056 1.0939543091490075e-07
10050.056 1.4927841308000013e-07
10100.056 1.6505528088000074e-07
10150.056 1.7401311310000052e-07
10200.056 1.8547534323000085e-07
10250.056 1.9860065583000058e-07
10300.056 2.1288464500999965e-07
10350.056 2.2593902793000196e-07
10400.056 2.384049946999996e-07
10450.056 2.489823780699994e-07
10500.056 2.5539190307999997e-07
10550.056 2.6153475904000033e-07
10600.056 2.695818639000003e-07
10650.056 2.7781252893000076e-07
10700.056 2.8505657057000054e-07
10750.056 2.9173937387000056e-07
10800.056 2.9645567205000043e-07
10850.056 2.9962807549000056e-07
10900.056 2.854704431399983e-07
10950.056 2.4250077569999826e-07
11000.056 2.067697446099939e-07
11050.056 1.665129552239989e-07
11100.056 1.2484276160709901e-07
11150.056 1.0094785687614843e-07
11200.056 1.1380628323008914e-07
11250.056 1.448933070361903e-07
11300.056 1.5214777283469794e-07
11350.056 8.85803108114598e-08
11400.056 1.680020808400081e-07
11450.056 1.3721942169440502e-07
11500.056 1.4945035181549924e-07
11550.056 1.1511161945796136e-07
11600.056 1.1409415799139237e-07
11650.056 1.3915467133440363e-07
11700.056 1.3555825675299837e-07
11750.056 1.1438645934799634e-07
11800.056 1.5971869909900137e-07
11850.056 2.065738120550023e-07
11900.056 2.3705089513999682e-07
11950.056 2.682481372500048e-07
12000.056 2.934981775100006e-07
12050.056 3.206041790100023e-07
12100.056 3.428629926299991e-07
12150.056 3.69623250529999e-07
12200.056 3.912113174499999e-07
12250.056 4.140700539899996e-07
12300.056 4.39251743610002e-07
12350.056 4.514547926500006e-07
12400.056 4.696598149599994e-07
12450.056 4.874142435700018e-07
12500.056 5.037546101900026e-07
12550.056 5.315237992200017e-07
12600.056 5.632466288200011e-07
12650.056 5.786619463100012e-07
12700.056 5.911850598100009e-07
12750.056 5.855920244900011e-07
12800.056 5.825282090600001e-07
12850.056 5.53762078119998e-07
12900.056 5.400598736900001e-07
12950.056 5.303952831900013e-07
13000.056 5.279748297200046e-07
13050.056 5.039212160299973e-07
13100.056 5.029412725099845e-07
13150.056 4.565009396100113e-07
13200.056 4.4024682955999516e-07
13250.056 3.53881982794995e-07
13300.056 2.3169845539218086e-07
13350.056 8.987684069659872e-08
13400.056 3.1640462151508425e-08
13450.056 2.100066273510674e-08
13500.056 1.2804348624962195e-08
13550.056 9.14545813008565e-09
13600.056 7.499834858942379e-09
13650.056 1.9451597807422442e-08
13700.056 1.5473282658065223e-08
13750.056 2.562848295637543e-08
13800.056 3.0497469317397273e-08
13850.056 1.779811254652677e-08
13900.056 1.6708983765076887e-08
13950.056 1.6408997154677078e-08
14000.056 1.8118624942234763e-08
14050.056 2.2843756698667325e-08
14100.056 1.72816299294652e-08
14150.056 2.3181125191255025e-08
14200.056 1.871889839593071e-08
14250.056 1.9448545268728582e-08
14300.056 3.316069419764509e-08
14350.056 3.238920368071868e-08
14400.056 3.2869148402408924e-08
14450.056 4.2932712257261686e-08
14500.056 6.351878141682821e-08
14550.056 6.260499619289956e-08
14600.056 9.619520344580117e-08
14650.056 8.630732523329649e-08
14700.056 6.65656138054789e-08
14750.056 8.262162856750502e-08
14800.056 9.302874913731094e-08
14850.056 1.0428977259920342e-07
14900.056 1.03004043445896e-07
14950.056 1.2077763035800258e-07
15000.056 1.4016515505099963e-07
15050.056 1.5607174520699434e-07
15100.056 1.5586384427299818e-07
15150.056 1.5986775634999756e-07
15200.056 1.8033524861798786e-07
15250.056 2.0844086298900574e-07
15300.056 2.2206417006999687e-07
15350.056 2.446153483999988e-07
15400.056 2.626978320100101e-07
15450.056 2.7424526238000643e-07
15500.056 2.8563755124999486e-07
15550.056 3.025904735500021e-07
15600.056 3.160734537799985e-07
15650.056 3.2415980288000337e-07
15700.056 3.384630418599992e-07
15750.056 3.4132066266000136e-07
15800.056 3.422789464799991e-07
15850.056 3.4368177907000024e-07
15900.056 3.357046308799997e-07
15950.056 3.2552842697999815e-07
16000.056 3.0624123039999965e-07
16050.056 2.7445613244999767e-07
16100.056 2.441584673699977e-07
16150.056 2.09438182338993e-07
16200.056 1.7456429879700196e-07
16250.056 1.6272166903499684e-07
16300.056 1.494263173929977e-07
16350.056 1.5481490028398212e-07
16400.056 1.61281757022402e-07
16450.056 1.67588736681599e-07
16500.056 1.7695855176390138e-07
16550.056 1.744392961709984e-07
16600.056 1.7915787076200304e-07
16650.056 1.2921602816189648e-07
16700.056 1.0069063941800666e-07
16750.056 1.2684720373500164e-07
16800.056 1.4768928506600228e-07
16850.056 1.4525199992799009e-07
16900.056 1.3757855909200798e-07
16950.056 1.2616126721399396e-07
17000.056 1.1624575313901e-07
17050.056 1.336297495580035e-07
17100.056 1.4090902411999962e-07
17150.056 1.309045032809993e-07
17200.056 1.4652969301999665e-07
17250.056 1.3455312116199313e-07
17300.056 1.254147662630015e-07
17350.056 1.1741019076599646e-07
17400.056 1.1514892098299774e-07
17450.056 1.1389570603399348e-07
17500.056 1.1333244901001305e-07
17550.056 9.974100955699486e-08
17600.056 9.379466651460282e-08
17650.056 8.780711989760678e-08
17700.056 7.373739526171662e-08
17750.056 6.394780303329071e-08
17800.056 6.821192463944549e-08
17850.056 5.000498333782464e-08
17900.056 5.550094807300192e-08
17950.056 4.279287869042534e-08
18000.056 4.6070386511621524e-08
18050.056 3.652728275037419e-08
18100.056 4.006777279272796e-08
18150.056 4.247745639677485e-08
18200.056 3.078212838166862e-08
18250.056 5.596526016663651e-08
18300.056 3.425907455146556e-08
18350.056 3.414525652941715e-08
18400.056 2.9588352212398646e-08
18450.056 4.148129048113393e-08
18500.056 3.874070355367537e-08
18550.056 2.9408818484751275e-08
18600.056 2.7748691416198304e-08
18650.056 2.533351365586962e-08
18700.056 2.1014466196724787e-08
18750.056 3.0536698005115815e-08
18800.056 5.340948850526875e-08
18850.056 5.417844612613894e-08
18900.056 4.903538050283206e-08
18950.056 6.894017127089573e-08
19000.056 4.746976413797131e-08
19050.056 3.581220764430308e-08
19100.056 5.224140557948665e-08
19150.056 3.771407095178781e-08
19200.056 4.361509426415149e-08
19250.056 3.5052724593330805e-08
19300.056 3.3197145792269964e-08
19350.056 3.153165004357069e-08
19400.056 2.3324952367095692e-08
19450.056 3.5386910094839e-08
19500.056 3.5902648705697064e-08
19550.056 3.047548946306156e-08
19600.056 3.690016618197672e-08
19650.056 4.30468651571914e-08
19700.056 4.243302824519448e-08
19750.056 4.66459613348832e-08
19800.056 4.70525237928652e-08
19850.056 5.92951037115005e-08
19900.056 5.062473589476804e-08
19950.056 6.534404068209913e-08
20000.056 6.132173480600534e-08
20050.056 6.877733370100322e-08
20100.056 7.273302086599595e-08
20150.056 6.990605577691002e-08
20200.056 7.043535711741485e-08
20250.056 7.9078239542404e-08
20300.056 7.920159756500125e-08
20350.056 8.28633941139959e-08
20400.056 8.317358098699719e-08
20450.056 9.085266808400185e-08
20500.056 9.345882819299299e-08
20550.056 9.454491732800381e-08
20600.056 9.736307395300186e-08
20650.056 9.911980398400016e-08
20700.056 1.0057297407500116e-07
20750.056 1.011824955049991e-07
20800.056 1.0168197886999767e-07
20850.056 1.0239691250100019e-07
20900.056 1.0298219500499864e-07
20950.056 1.0212587087000086e-07
21000.056 1.0152631953900018e-07
21050.056 1.013295375339993e-07
21100.056 1.0057025873400023e-07
21150.056 1.0033073179499784e-07
21200.056 9.903029028900076e-08
21250.056 9.796958123499743e-08
21300.056 9.583250961599918e-08
21350.056 9.460258968300018e-08
21400.056 9.4158861267003e-08
21450.056 9.127114997700098e-08
21500.056 8.907927037700048e-08
21550.056 8.725356959099993e-08
21600.056 8.417250792800123e-08
21650.056 8.036745110500059e-08
21700.056 8.049920627299905e-08
21750.056 7.556141762800243e-08
21800.056 7.059714542799919e-08
21850.056 6.710080214700149e-08
21900.056 6.146711678900055e-08
21950.056 5.214102492600178e-08
22000.056 3.527448814989819e-08
22050.056 3.351124820730133e-08
22100.056 4.4389252047900926e-08
22150.056 4.515746129619377e-08
22200.056 4.6315530915898054e-08
22250.056 4.538903784468856e-08
22300.056 3.8555011439698764e-08
22350.056 4.07612498288997e-08
22400.056 3.326601662869585e-08
22450.056 3.232392519687897e-08
22500.056 3.281075005800367e-08
22550.056 2.868603538842091e-08
22600.056 2.8523946672499728e-08
22650.056 3.033137616064709e-08
22700.056 2.859988698436894e-08
22750.056 2.9185615960188552e-08
22800.056 3.035751937049821e-08
22850.056 2.6783635226562695e-08
22900.056 2.6754421003099023e-08
22950.056 2.5463524937997975e-08
23000.056 2.8630783776699415e-08
23050.056 3.293688790567756e-08
23100.056 4.56974803045016e-08
23150.056 3.9107591163776124e-08
23200.056 1.893784266419912e-08
23250.056 2.6577488339202087e-08
23300.056 2.3676465968953092e-08
23350.056 2.414590473206221e-08
23400.056 2.2971954696622512e-08
23450.056 2.250460947859927e-08
23500.056 2.3908766694634747e-08
23550.056 2.9251582886502706e-08
23600.056 3.301261110334823e-08
23650.056 3.792044031289811e-08
23700.056 2.1117111898555035e-08
23750.056 2.306897865607782e-08
23800.056 3.0296936923899496e-08
23850.056 2.9780785712701094e-08
23900.056 3.896941068382091e-08
23950.056 3.657675122362213e-08
24000.056 4.388651363000078e-08
24050.056 4.365699471598022e-08
24100.056 4.308733555671935e-08
24150.056 4.796404584340439e-08
24200.056 4.611928594480332e-08
24250.056 4.63208501597001e-08
24300.056 5.2026835033002386e-08
24350.056 4.6784193835297374e-08
24400.056 5.709180175900011e-08
24450.056 5.3439378441035366e-08
24500.056 5.3209801459787666e-08
24550.056 5.756071703370689e-08
24600.056 5.726087189459793e-08
24650.056 6.666376964390442e-08
24700.056 5.111024693503678e-08
24750.056 5.143961648709578e-08
24800.056 5.1941803121221224e-08
24850.056 6.76450225817886e-08
24900.056 3.8417599882846455e-08
24950.056 6.13770228871472e-08
25000.056 5.4077500067203795e-08
25050.056 3.646750752264985e-08
25100.056 5.3431097103095316e-08
25150.056 3.690335573717892e-08
25200.056 4.558723526705227e-08
25250.056 2.9096311526250636e-08
25300.056 4.021571234929436e-08
25350.056 2.4888910438698176e-08
25400.056 4.366138498639473e-08
25450.056 2.5253932104038417e-08
25500.056 2.7070237202068702e-08
25550.056 3.4361758464076464e-08
25600.056 3.107154752260533e-08
25650.056 1.9235053208206224e-08
25700.056 3.455171012001674e-08
25750.056 1.6537266250362796e-08
25800.056 4.074167754556918e-08
25850.056 1.978654912058576e-08
25900.056 2.9901773943085076e-08
25950.056 1.5203274860744156e-08
26000.056 4.158576078453183e-08
26050.056 2.1942860659851416e-08
26100.056 4.345626438092978e-08
26150.056 3.274238250282455e-08
26200.056 3.39361908339557e-08
26250.056 6.241045226325165e-08
26300.056 3.9161271872689317e-08
26350.056 7.288903345990162e-08
26400.056 6.355614335276801e-08
26450.056 6.344574585164618e-08
26500.056 7.5204992267582e-08
26550.056 3.9909704410709127e-08
26600.056 4.9418301847208104e-08
26650.056 2.446207430062835e-08
26700.056 2.1753138747080466e-08
26750.056 1.5982901911293174e-08
26800.056 2.4912917450776164e-08
26850.056 1.4871513102884463e-08
26900.056 3.361179140845313e-08
26950.056 1.8924880632769224e-08
27000.056 4.319248836781274e-08
27050.056 3.787246418092599e-08
27100.056 2.610886613987777e-08
27150.056 5.115873851397693e-08
27200.056 2.6954314550031533e-08
27250.056 3.5966041544297644e-08
27300.056 8.181554776183118e-08
27350.056 5.440128486045034e-08
27400.056 1.7157666892170992e-08
27450.056 6.459382621617671e-08
27500.056 6.917774502875989e-08
27550.056 2.8584126782648435e-08
27600.056 5.128292258364156e-08
27650.056 2.6363286288964047e-08
27700.056 2.149793197335649e-08
27750.056 5.5982481138885315e-08
27800.056 2.8772135738303584e-08
27850.056 3.2257462011389044e-08
27900.056 3.780127698227114e-08
27950.056 6.196814724027246e-08
28000.056 4.6575971814176295e-08
28050.056 1.924623652628512e-08
28100.056 5.917902034358374e-08
28150.056 3.928948844457952e-08
28200.056 2.27984393091435e-08
28250.056 6.270305350209546e-08
28300.056 6.858091076988494e-08
28350.056 2.6638584315290185e-08
28400.056 5.1285885003094926e-08
28450.056 7.019974347374229e-08
28500.056 5.006064691257728e-08
28550.056 2.1878871360399865e-08
28600.056 7.33122982978008e-08
28650.056 5.654496126132712e-08
28700.056 5.236547338347929e-08
28750.056 7.935527293475445e-08
28800.056 6.506620601712273e-08
28850.056 7.355977418885839e-08
