galfind/configs/Brown_Dwarf_templates/sonora_bobcat/m-0.5/3160g/sp_t1900g3160nc_m-0.5_resample.dat
# %ECSV 1.0
# ---
# datatype:
# - {name: wav, unit: Angstrom, datatype: float64}
# - {name: flux_nu, unit: erg / (cm2 Hz s), datatype: float64}
# meta: {C/O: '1.00', Kzz: '1.0000E+05', Teff: '1900.', Y: '0.28', '[Fe/H]': '-0.50', f_hole: '1.00', f_rain: '0.00', grav: '3160.'}
# schema: astropy-2.0
wav flux_nu
[from data line 497]
28850.056 1.4783246866100713e-06
28900.056 1.0751055785999486e-06
28950.056 1.635909962659991e-06
29000.056 1.4279292071897522e-06
29050.056 1.5384823588001246e-06
29100.056 1.196422696720129e-06
29150.056 1.7189403290499758e-06
29200.056 1.358460939810045e-06
29250.056 1.4936134532699381e-06
29300.056 1.217189119949861e-06
29350.056 1.8749733081599342e-06
29400.056 1.4878076867299566e-06
29450.056 1.4468443886599428e-06
29500.056 1.4953665436799764e-06
29550.056 1.5242253887700389e-06
29600.056 1.6695300150897914e-06
29650.056 1.4656294383899929e-06
29700.056 1.502774836499984e-06
29750.056 1.6634230077601421e-06
29800.056 1.7037073261498168e-06
29850.056 1.5539756383498418e-06
29900.056 1.552878732420449e-06
29950.056 1.8617500463998497e-06
30000.056 1.7225482468397924e-06
30050.056 1.589210249490051e-06
30100.056 1.4582658452697226e-06
30150.056 2.0138397822300306e-06
30200.056 1.7268325038200657e-06
30250.056 1.7758434203801475e-06
30300.056 1.6020975836399492e-06
30350.056 1.7505226699702072e-06
30400.056 1.949533913710091e-06
30450.056 1.555333509260212e-06
30500.056 1.4941186986500784e-06
30550.056 1.7469688804501056e-06
30600.056 1.6967365026400298e-06
30650.056 1.6991896962199985e-06
30700.056 1.5372269753798843e-06
30750.056 1.54770949217991e-06
30800.056 1.6883905966702493e-06
30850.056 1.4596991603598915e-06
30900.056 1.4011432324398487e-06
30950.056 1.3027376175201219e-06
31000.056 1.4123874649400557e-06
31050.056 1.5290759532500244e-06
31100.056 1.2883945220600263e-06
31150.056 1.3240092074398926e-06
31200.056 1.3700937285199805e-06
31250.056 1.3185414644200108e-06
31300.056 1.2564206968098542e-06
31350.056 1.211796495200024e-06
31400.056 1.167017628470124e-06
31450.056 1.1927262338699094e-06
31500.056 1.1376524150098624e-06
31550.056 1.155572968909987e-06
31600.056 1.0954268951200173e-06
31650.056 1.0684345398699956e-06
31700.056 1.119481188459912e-06
31750.056 1.0271322534201714e-06
31800.056 1.1458629020198737e-06
31850.056 1.055638795390094e-06
31900.056 1.1751271721500894e-06
31950.056 1.015170164890072e-06
32000.056 1.117830662779811e-06
32050.056 1.1518415723700947e-06
32100.056 1.158980765039929e-06
32150.056 1.2714086334899443e-06
32200.056 1.125395737069953e-06
32250.056 1.3355034729300888e-06
32300.056 1.1015474793999382e-06
32350.056 1.4451161602201347e-06
32400.056 1.1704822232500067e-06
32450.056 1.4100325243897822e-06
32500.056 1.3751865076801995e-06
32550.056 1.5099212698099893e-06
32600.056 1.5044420448999767e-06
32650.056 1.5936695583900097e-06
32700.056 1.603435130700105e-06
32750.056 1.6118262882899727e-06
32800.056 1.5947392539501824e-06
32850.056 1.733784547199977e-06
32900.056 1.7786607114400983e-06
32950.056 1.71574655261997e-06
33000.056 1.6900148738999697e-06
33050.056 1.5500110975999152e-06
33100.056 1.3997717798099803e-06
33150.056 8.111004543501315e-07
33200.056 6.879118930198079e-07
33250.056 6.000320261298631e-07
33300.056 5.772391586500782e-07
33350.056 6.35139051870017e-07
33400.056 6.870122588499674e-07
33450.056 7.335079865800165e-07
33500.056 8.459895784300467e-07
33550.056 9.303347619400677e-07
33600.056 1.0607314723900122e-06
33650.056 1.2315404318400983e-06
33700.056 1.2520439353599838e-06
33750.056 1.5078801619999808e-06
33800.056 1.4187419529998942e-06
33850.056 1.6211385292000037e-06
33900.056 1.5408220984299559e-06
33950.056 1.570437343189993e-06
34000.056 1.678414815019855e-06
34050.056 1.476761715019781e-06
34100.056 1.6974598974600195e-06
34150.056 1.4867660383697957e-06
34200.056 1.4646248916898218e-06
34250.056 1.568291538169855e-06
34300.056 1.3121557623995039e-06
34350.056 1.4189128079000208e-06
34400.056 1.302450591880106e-06
34450.056 1.4136485589800047e-06
34500.056 1.555123786229958e-06
34550.056 1.3017012743700424e-06
34600.056 1.55963393888e-06
34650.056 1.4452866176599399e-06
34700.056 1.489168434489963e-06
34750.056 1.6572794734801067e-06
34800.056 1.401628844479962e-06
34850.056 1.5347034326400364e-06
34900.056 1.5194366977900103e-06
34950.056 1.4969359610998011e-06
35000.056 1.699727699590113e-06
35050.056 1.513988867430093e-06
35100.056 1.590417410009986e-06
35150.056 1.6898971423899288e-06
35200.056 1.6171577609101384e-06
35250.056 1.8171181275999612e-06
35300.056 1.580013274520053e-06
35350.056 1.6524732914999517e-06
35400.056 1.7712622839701837e-06
35450.056 1.4750936240002774e-06
35500.056 1.8718367916999986e-06
35550.056 1.7785166100400205e-06
35600.056 1.7153891994501345e-06
35650.056 1.935664571500038e-06
35700.056 1.7282470908899694e-06
35750.056 1.8096138646398748e-06
35800.056 2.1211830484000147e-06
35850.056 1.8345937741101512e-06
35900.056 2.140993330999979e-06
35950.056 2.0695872727199137e-06
36000.056 2.0659180009001907e-06
36050.056 2.2500866050000985e-06
36100.056 2.1954370632993856e-06
36150.056 2.212237760800189e-06
36200.056 2.434704909099994e-06
36250.056 2.2560259864000483e-06
36300.056 2.5128408537000145e-06
36350.056 2.424551312199925e-06
36400.056 2.470374963100095e-06
36450.056 2.6705925065999768e-06
36500.056 2.5434768460999583e-06
36550.056 2.6664806188003373e-06
36600.056 2.6610161111000563e-06
36650.056 2.689424239999857e-06
36700.056 2.8879942377999247e-06
36750.056 2.785072713800044e-06
36800.056 2.8675587392999333e-06
36850.056 3.011801646899942e-06
36900.056 2.9352295313000554e-06
36950.056 3.0263005433999153e-06
37000.056 3.0552700419999273e-06
37050.056 3.1136915946999734e-06
37100.056 3.115250060800078e-06
37150.056 3.1632576419999442e-06
37200.056 3.2047471741999805e-06
37250.056 3.235370711399953e-06
37300.056 3.238626274299979e-06
37350.056 3.1782604638001467e-06
37400.056 3.319791839499981e-06
37450.056 3.221790728000057e-06
37500.056 3.362191307799954e-06
37550.056 3.3877685479999647e-06
37600.056 3.4557580248000203e-06
37650.056 3.367471132800011e-06
37700.056 3.4705423982000026e-06
37750.056 3.4217893918000617e-06
37800.056 3.4920078784000085e-06
37850.056 3.4469878997999985e-06
37900.056 3.4666138929001148e-06
37950.056 3.486530701799993e-06
38000.056 3.5451560280000425e-06
38050.056 3.5237200678000623e-06
38100.056 3.4641834090000687e-06
38150.056 3.586058039899991e-06
38200.056 3.5832536196000174e-06
38250.056 3.5029768646000505e-06
38300.056 3.516684903399969e-06
38350.056 3.5750017661000176e-06
38400.056 3.582317128799958e-06
38450.056 3.655056886800003e-06
38500.056 3.580364144499999e-06
38550.056 3.6333631611000506e-06
38600.056 3.720532332999968e-06
38650.056 3.6113797154999846e-06
38700.056 3.6041008080000727e-06
38750.056 3.6735498413000194e-06
38800.056 3.6307229209000343e-06
38850.056 3.647523743499988e-06
38900.056 3.5749092069999766e-06
38950.056 3.676793583400008e-06
39000.056 3.6525717593000243e-06
39050.056 3.6745075013999695e-06
39100.056 3.5710876137000717e-06
39150.056 3.6497583725000298e-06
39200.056 3.660085707799987e-06
39250.056 3.6453563390999185e-06
39300.056 3.6419522133999298e-06
39350.056 3.634336144300071e-06
39400.056 3.631957669300036e-06
39450.056 3.657251736399978e-06
39500.056 3.587330684699965e-06
39550.056 3.5611706126998923e-06
39600.056 3.6797629028999672e-06
39650.056 3.562536059600026e-06
39700.056 3.5685103481000105e-06
39750.056 3.5751883860999614e-06
39800.056 3.4645658448000336e-06
39850.056 3.587037464299972e-06
39900.056 3.5029109817999797e-06
39950.056 3.577994822699952e-06
40000.056 3.4114924587999818e-06
40050.056 3.4061294856999974e-06
40100.056 3.4986385841999866e-06
40150.056 3.3896914432999122e-06
40200.056 3.462289909999959e-06
40250.056 3.27091613309969e-06
40300.056 3.3456395361000956e-06
40350.056 3.3862465058000365e-06
40400.056 3.3511340140000486e-06
40450.056 3.305525498399991e-06
40500.056 3.153448627200139e-06
40550.056 3.397157926699919e-06
40600.056 3.064021472900054e-06
40650.056 3.3032303780000176e-06
40700.056 3.373998429800011e-06
40750.056 3.0870085430996145e-06
40800.056 3.1072616834998916e-06
40850.056 3.00347239710022e-06
40900.056 3.08291769260004e-06
40950.056 3.1038666110999666e-06
41000.056 3.1236549654999606e-06
41050.056 3.091789163099801e-06
41100.056 2.9680104018999167e-06
41150.056 3.1255101060999613e-06
41200.056 3.017637547500043e-06
41250.056 3.0328562916000468e-06
41300.056 2.745857079199813e-06
41350.056 3.0177646054000574e-06
41400.056 2.8730868470001176e-06
41450.056 2.951105183300095e-06
41500.056 2.9785239818000578e-06
41550.056 2.8508517471400388e-06
41600.056 2.863259623100068e-06
41650.056 2.8461882551001072e-06
41700.056 2.721838137499954e-06
41750.056 2.847143279599904e-06
41800.056 2.970111957199945e-06
41850.056 2.4824280808001666e-06
41900.056 2.8346027683999345e-06
41950.056 2.9240525952000715e-06
42000.056 2.8642012784002267e-06
42050.056 2.6338570248998847e-06
42100.056 2.9092407209000826e-06
42150.056 2.4544804701999617e-06
42200.056 2.5016985576000367e-06
42250.056 2.8828958290000305e-06
42300.056 2.666371379300003e-06
42350.056 2.833628503800182e-06
42400.056 2.676280223400067e-06
42450.056 2.4052683969000744e-06
42500.056 2.479852761500013e-06
42550.056 2.481727392400052e-06
42600.056 2.5834697293000306e-06
42650.056 2.720790772699835e-06
42700.056 2.6564890146999898e-06
42750.056 2.4004734748000716e-06
42800.056 2.5838462416001013e-06
42850.056 2.6809488035997994e-06
42900.056 2.7005245288001135e-06
42950.056 2.355619233599616e-06
43000.056 2.562829465400013e-06
43050.056 2.1990093800605207e-06
43100.056 2.414051659899951e-06
43150.056 2.3287010709001755e-06
43200.056 2.2261527972999557e-06
43250.056 2.357706197700134e-06
43300.056 2.3246013396000517e-06
43350.056 2.0248845322997634e-06
43400.056 2.095477679900006e-06
43450.056 2.027578995600088e-06
43500.056 2.012943746399845e-06
43550.056 1.958020601719942e-06
43600.056 2.0832830377001454e-06
43650.056 1.7895740904499708e-06
43700.056 1.943226935600042e-06
43750.056 1.9275456563200397e-06
43800.056 1.760458162479942e-06
43850.056 1.7459829566401772e-06
43900.056 1.8125193183199199e-06
43950.056 1.6652698118499351e-06
44000.056 1.5550448680999974e-06
44050.056 1.568888976400006e-06
44100.056 1.6465942917601515e-06
44150.056 1.675485835770011e-06
44200.056 1.5542189076600544e-06
44250.056 1.5430800654199874e-06
44300.056 1.4921456884900833e-06
44350.056 1.4209783097700887e-06
44400.056 1.479926510029955e-06
44450.056 1.4972796874000299e-06
44500.056 1.435774754210089e-06
44550.056 1.370987350049869e-06
44600.056 1.3523203971301233e-06
44650.056 1.4501456178600113e-06
44700.056 1.3692022939800202e-06
44750.056 1.3841674212499051e-06
44800.056 1.358339366019954e-06
44850.056 1.3480201577601257e-06
44900.056 1.2974861446900631e-06
44950.056 1.2737516659000431e-06
45000.056 1.319973838510004e-06
45050.056 1.3221278060499486e-06
45100.056 1.3772439986800358e-06
45150.056 1.2510731963300093e-06
45200.056 1.1712345123100146e-06
45250.056 1.2286073781599224e-06
45300.056 1.3364469884100273e-06
45350.056 1.3432179388799247e-06
45400.056 1.257893599280102e-06
45450.056 1.212883556089879e-06
45500.056 1.269061848559926e-06
45550.056 1.330306379210015e-06
45600.056 1.2387081438599897e-06
45650.056 1.1598455755098551e-06
45700.056 1.3043316534100627e-06
45750.056 1.1923832394400462e-06
45800.056 1.1814214754399395e-06
45850.056 1.3958286438199587e-06
45900.056 1.3328342125400104e-06
45950.056 1.202035614559982e-06
46000.056 1.3897490030199938e-06
46050.056 1.4198757136602735e-06
46100.056 1.1753068555900575e-06
46150.056 1.2825587291898958e-06
46200.056 1.3265408728902093e-06
46250.056 1.1520759508200104e-06
46300.056 1.4184244731200104e-06
46350.056 1.2934090034799356e-06
46400.056 1.3014618040899453e-06
46450.056 1.3499713934000618e-06
46500.056 1.2335392476599226e-06
46550.056 1.4688368082100095e-06
46600.056 1.3865725904600717e-06
46650.056 1.6491187338898156e-06
46700.056 1.6351532081304883e-06
46750.056 1.323044128490088e-06
46800.056 1.3895995733200872e-06
46850.056 1.4948716424901408e-06
46900.056 1.38279400403985e-06
46950.056 1.6069750322500266e-06
47000.056 1.3253822217600363e-06
47050.056 1.565896533679915e-06
47100.056 1.230497457830072e-06
47150.056 1.409397505920012e-06
47200.056 1.4787930705701931e-06
47250.056 1.3418298016599405e-06
47300.056 1.4140436926098847e-06
47350.056 1.2246176665199402e-06
47400.056 1.488238284249917e-06
47450.056 1.285511231499983e-06
47500.056 1.4748595756499068e-06
47550.056 1.284033537179953e-06
47600.056 1.469258827309915e-06
47650.056 1.1885259728098958e-06
47700.056 1.4829338339200047e-06
47750.056 1.1179296386001591e-06
47800.056 1.4629957062999684e-06
47850.056 1.1161005493099694e-06
47900.056 1.4232331835899643e-06
47950.056 1.185774560200093e-06
48000.056 1.559802217099964e-06
48050.056 1.2376066645500904e-06
48100.056 1.4113685629399737e-06
48150.056 1.2286749006301463e-06
48200.056 1.4473437601000615e-06
48250.056 1.2217873588800835e-06
48300.056 1.5564781784999028e-06
48350.056 1.148732618799876e-06
48400.056 1.3554530780899532e-06
48450.056 1.1653122305300292e-06
48500.056 1.569916771659994e-06
48550.056 1.1176146781599552e-06
48600.056 1.5252141969999322e-06
48650.056 1.151075695349963e-06
48700.056 1.5387290038400454e-06
48750.056 1.0514925952100321e-06
48800.056 1.5368667723500633e-06
48850.056 1.1141739796798208e-06
48900.056 1.5264898409000935e-06
48950.056 1.2890379092399696e-06
49000.056 1.2911999678299998e-06
49050.056 1.4261301803299577e-06
49100.056 1.2761943660300354e-06
49150.056 1.3512138540799247e-06
49200.056 1.2521451783799487e-06
49250.056 1.348513510620029e-06
49300.056 1.2068386793399252e-06
49350.056 1.2971361511499968e-06
49400.056 1.4316464913799785e-06
49450.056 1.2635895601502064e-06
49500.056 1.3162911581300082e-06
49550.056 1.165713448259898e-06
49600.056 1.274682057480134e-06
49650.056 1.3214036408199012e-06
49700.056 1.1883110639799148e-06
49750.056 1.6806295697999352e-06
49800.056 1.2372604353399994e-06
49850.056 1.552263808560102e-06
49900.056 1.3137978223899854e-06
49950.056 1.3252642005699276e-06
50000.056 1.3672505509797651e-06
50050.056 1.2944655389600602e-06
50100.056 1.5046508592599283e-06
50150.056 1.2132500581600157e-06
50200.056 1.1713168564100762e-06
50250.056 1.3806260724799963e-06
50300.056 1.2362197708599727e-06
50350.056 1.5516789413400063e-06
50400.056 1.263554602459883e-06
50450.056 1.281474116980134e-06
50500.056 1.5631694723000952e-06
50550.056 1.3189583659600187e-06
50600.056 1.3875193915399308e-06
50650.056 1.3249944831900994e-06
50700.056 1.5354828909599648e-06
50750.056 1.5894725720200925e-06
50800.056 1.1162601397598514e-06
50850.056 1.3756443935200731e-06
50900.056 1.4966063197499036e-06
50950.056 1.4170554716302204e-06
51000.056 1.6955299161401213e-06
51050.056 1.3507815859600196e-06
51100.056 1.2803329735799377e-06
51150.056 1.4474774560899944e-06
51200.056 1.3960958444600325e-06
51250.056 1.4833554474500344e-06
51300.056 1.2100048120302098e-06
51350.056 1.4568485752199167e-06
51400.056 1.328510707839898e-06
51450.056 1.0652487006898607e-06
51500.056 1.324792478620131e-06
51550.056 1.6748758833400699e-06
51600.056 1.1722278982600382e-06
51650.056 1.392219403479885e-06
51700.056 1.3926726753297102e-06
51750.056 1.240638255110027e-06
51800.056 1.5588474005797858e-06
51850.056 1.4127767294098928e-06
51900.056 1.5889977558001145e-06
51950.056 1.4635806437199243e-06
52000.056 1.1633827047399617e-06
52050.056 1.396447116139967e-06
52100.056 1.3087113739899875e-06
52150.056 1.2830438594100336e-06
52200.056 1.2512576755800133e-06
52250.056 1.3427641679699887e-06
52300.056 1.5509065802299802e-06
52350.056 1.51201526002005e-06
52400.056 1.1796528235401163e-06
52450.056 1.3376585197200543e-06
52500.056 1.5314563773498309e-06
52550.056 1.4454817989598508e-06
52600.056 1.4222072190000417e-06
52650.056 1.5423582427801233e-06
52700.056 1.3009916935900507e-06
52750.056 1.178723997059954e-06
52800.056 1.251830312810081e-06
52850.056 1.2542707939998778e-06
52900.056 1.3754213887199516e-06
52950.056 1.3230852501999694e-06
53000.056 1.5200265444800072e-06
53050.056 1.2760949754497906e-06
53100.056 1.36768398699994e-06
53150.056 1.6274160226000891e-06
53200.056 1.0876567138400142e-06
53250.056 1.485316908700036e-06
