galfind/configs/Brown_Dwarf_templates/sonora_bobcat/m-0.5/3160g/sp_t600g3160nc_m-0.5_resample.dat
# %ECSV 1.0
# ---
# datatype:
# - {name: wav, unit: Angstrom, datatype: float64}
# - {name: flux_nu, unit: erg / (cm2 Hz s), datatype: float64}
# meta: {C/O: '1.00', Kzz: '1.0000E+05', Teff: '600.', Y: '0.28', '[Fe/H]': '-0.50', f_hole: '1.00', f_rain: '0.00', grav: '3160.'}
# schema: astropy-2.0
wav flux_nu
[from data line 499]
28950.056 3.208340923807462e-09
29000.056 2.811952043124088e-09
29050.056 4.022246663561367e-09
29100.056 1.9789374230295886e-09
29150.056 4.432327614208822e-09
29200.056 4.23817925041944e-09
29250.056 5.386103851887905e-09
29300.056 3.204412545375157e-09
29350.056 1.0555330049149563e-08
29400.056 3.973547793749877e-09
29450.056 3.3697869266853954e-09
29500.056 7.957602448618695e-09
29550.056 4.60198003312741e-09
29600.056 6.051351465269204e-09
29650.056 1.0052033046919678e-08
29700.056 4.115628272506779e-09
29750.056 7.723345691036656e-09
29800.056 6.6919894772762646e-09
29850.056 1.2053233865279265e-08
29900.056 8.293170904261236e-09
29950.056 6.574653467177985e-09
30000.056 3.5796397721609523e-10
30050.056 1.668360059642042e-09
30100.056 4.468345243081014e-09
30150.056 9.320563228530516e-09
30200.056 7.40090430223914e-09
30250.056 1.5158317387101493e-08
30300.056 1.3447007640498867e-08
30350.056 7.832660002627611e-09
30400.056 1.6060442442462164e-08
30450.056 1.0871248235249147e-08
30500.056 9.99247371839481e-09
30550.056 8.866042283758957e-09
30600.056 2.5089670019300694e-08
30650.056 1.6214317529600786e-08
30700.056 9.620988387536056e-09
30750.056 1.597266390729945e-08
30800.056 1.381001404426088e-08
30850.056 1.4868288474559075e-08
30900.056 9.33559755731643e-09
30950.056 8.345618397700823e-09
31000.056 9.601409940600965e-09
31050.056 1.0411789537398796e-08
31100.056 4.9295804787872464e-09
31150.056 8.429983090109535e-09
31200.056 1.5892246813100066e-08
31250.056 7.012742412339875e-09
31300.056 6.10992481660371e-09
31350.056 9.711390465945825e-09
31400.056 6.0495763398506066e-09
31450.056 8.15100000912977e-09
31500.056 3.2627595316521243e-09
31550.056 5.81085822812733e-09
31600.056 3.954329723686347e-09
31650.056 3.0155389470736647e-09
31700.056 3.765952907800476e-09
31750.056 1.5609250234531025e-09
31800.056 3.402318588450026e-09
31850.056 1.0242461266821343e-09
31900.056 2.320213894505957e-09
31950.056 1.1117958899272624e-09
32000.056 1.417143336636122e-09
32050.056 1.291675604764374e-09
32100.056 9.792791188666773e-10
32150.056 1.3964322243499866e-09
32200.056 7.401090686705272e-10
32250.056 1.6806136175494018e-09
32300.056 6.117606309112823e-10
32350.056 1.93038349766026e-09
32400.056 5.087895954342308e-10
32450.056 1.6710904601699778e-09
32500.056 6.857593492158047e-10
32550.056 1.7858976224098695e-09
32600.056 8.736498850235049e-10
32650.056 2.3648893451397405e-09
32700.056 1.1876619601710972e-09
32750.056 4.243451490300813e-09
32800.056 3.447327226727527e-09
32850.056 6.795034108821121e-09
32900.056 6.302959282836169e-09
32950.056 6.970923187916408e-09
33000.056 3.221960078654715e-09
33050.056 3.833305133930359e-09
33100.056 1.0126660428166874e-09
33150.056 8.281432777420991e-12
33200.056 4.975013749891241e-11
33250.056 9.198500637958486e-11
33300.056 4.0187788285610595e-10
33350.056 1.0828040392097088e-09
33400.056 2.851145286140195e-09
33450.056 1.8174410706163673e-09
33500.056 5.897820491100415e-09
33550.056 1.9856430666203956e-09
33600.056 3.772093135029717e-09
33650.056 4.286418764239747e-09
33700.056 1.5265137010844566e-09
33750.056 5.428879037749818e-09
33800.056 8.180156835463675e-10
33850.056 2.785302777337835e-09
33900.056 2.445428453910057e-09
33950.056 2.2345535490700908e-09
34000.056 4.3420034388598975e-09
34050.056 9.195633166772992e-10
34100.056 3.916789448580222e-09
34150.056 1.3483524849835705e-09
34200.056 3.5283105053490233e-09
34250.056 2.8072318106591182e-09
34300.056 1.9644497688700475e-09
34350.056 5.256299195420537e-09
34400.056 1.4421338014864378e-09
34450.056 5.037988239809625e-09
34500.056 3.1632029138534605e-09
34550.056 2.231109804659703e-09
34600.056 8.445265102300067e-09
34650.056 1.5525565282508132e-09
34700.056 6.949446429820996e-09
34750.056 4.195474845654879e-09
34800.056 2.9133972345621043e-09
34850.056 9.783362816399961e-09
34900.056 2.660345439587662e-09
34950.056 8.781710969760134e-09
35000.056 1.1607418138433991e-08
35050.056 5.096018679521727e-09
35100.056 1.5275749536291363e-08
35150.056 1.1097799232878275e-08
35200.056 1.0826209117440191e-08
35250.056 1.9389650180057474e-08
35300.056 5.195718514832611e-09
35350.056 1.0724075573447962e-08
35400.056 9.200634429998299e-09
35450.056 6.616911465140208e-09
35500.056 1.95984579232486e-08
35550.056 1.1861325855861751e-08
35600.056 1.6699467114503568e-08
35650.056 1.855800677005242e-08
35700.056 1.4277856047718615e-08
35750.056 2.745008595740176e-08
35800.056 1.9986318619801718e-08
35850.056 1.2498670902988416e-08
35900.056 2.1891593871404617e-08
35950.056 2.580837153899867e-08
36000.056 2.5921121823202985e-08
36050.056 2.2775670039397e-08
36100.056 1.9395262789157257e-08
36150.056 3.558223427400063e-08
36200.056 3.9627732075997765e-08
36250.056 2.6037748090894133e-08
36300.056 4.6217331424184616e-08
36350.056 4.044333922500116e-08
36400.056 4.825329124699625e-08
36450.056 3.5918320464739146e-08
36500.056 4.194828818613689e-08
36550.056 6.355046405400252e-08
36600.056 7.233208660899646e-08
36650.056 4.736198226928879e-08
36700.056 4.9420458172573085e-08
36750.056 7.302486256500373e-08
36800.056 7.28874806919987e-08
36850.056 5.345221463633424e-08
36900.056 5.812961793210467e-08
36950.056 8.074602545199032e-08
37000.056 6.668644070900146e-08
37050.056 7.393182520720016e-08
37100.056 4.8777443153703717e-08
37150.056 7.12044087590036e-08
37200.056 9.839119351899752e-08
37250.056 5.8981547460590844e-08
37300.056 4.903347267909885e-08
37350.056 8.282757693400501e-08
37400.056 1.0487768292699832e-07
37450.056 6.338600012439626e-08
37500.056 6.789412735299781e-08
37550.056 1.1092690217101313e-07
37600.056 1.3040356551000086e-07
37650.056 6.524441052400641e-08
37700.056 9.809365193600532e-08
37750.056 7.574497137300465e-08
37800.056 9.463493521400454e-08
37850.056 6.22180499559994e-08
37900.056 7.677576349199932e-08
37950.056 9.250529261999955e-08
38000.056 9.147997849399782e-08
38050.056 9.803298615900627e-08
38100.056 1.2491887414300145e-07
38150.056 1.3049406740599457e-07
38200.056 1.0727063472800132e-07
38250.056 1.1639018327400566e-07
38300.056 1.5936741571999171e-07
38350.056 1.5092092776000855e-07
38400.056 9.865573794298633e-08
38450.056 8.162104157399093e-08
38500.056 7.616933863700808e-08
38550.056 1.2141418417800398e-07
38600.056 1.206519788259929e-07
38650.056 1.248922017739985e-07
38700.056 1.349315503799982e-07
38750.056 1.2379014372799564e-07
38800.056 1.2231279399899953e-07
38850.056 1.3453624862600333e-07
38900.056 1.4387647254598865e-07
38950.056 1.255906103590038e-07
39000.056 1.3644155022199122e-07
39050.056 1.3012444269401612e-07
39100.056 1.2593717294199946e-07
39150.056 1.6004952628999632e-07
39200.056 1.4367957056000035e-07
39250.056 1.5020920900100284e-07
39300.056 1.4021706454300186e-07
39350.056 1.72079519580001e-07
39400.056 1.4590297193799463e-07
39450.056 1.670092873520077e-07
39500.056 1.7625919884999772e-07
39550.056 1.3678133703101603e-07
39600.056 1.5496040047000307e-07
39650.056 1.9318144438999828e-07
39700.056 1.7839296419000297e-07
39750.056 1.3276247435400642e-07
39800.056 1.3636069128000305e-07
39850.056 1.938695966500035e-07
39900.056 1.9806603612000254e-07
39950.056 1.613117081700009e-07
40000.056 1.8758927326999785e-07
40050.056 1.8476551431999725e-07
40100.056 1.194012067230097e-07
40150.056 1.7978922041000407e-07
40200.056 1.930446544299953e-07
40250.056 1.9733859062999162e-07
40300.056 1.967808738700071e-07
40350.056 1.5006083183598815e-07
40400.056 1.8171359184599952e-07
40450.056 1.48049204653997e-07
40500.056 1.9261627705999657e-07
40550.056 2.0158874560999448e-07
40600.056 1.993426387599993e-07
40650.056 1.7519275761898808e-07
40700.056 2.2345394139999927e-07
40750.056 1.92655908979995e-07
40800.056 1.6397270719999002e-07
40850.056 2.2464767636000518e-07
40900.056 2.214202133899956e-07
40950.056 1.8134506626599925e-07
41000.056 1.9073874131999868e-07
41050.056 2.2717433075000035e-07
41100.056 2.158535315999898e-07
41150.056 1.5334349866199778e-07
41200.056 2.1768903829001004e-07
41250.056 2.1182407874198596e-07
41300.056 2.156353469900046e-07
41350.056 2.3630822322000017e-07
41400.056 2.1356119116000134e-07
41450.056 2.350317245300017e-07
41500.056 1.9629040813798536e-07
41550.056 1.871165344100105e-07
41600.056 1.8877033010400452e-07
41650.056 2.249686860000045e-07
41700.056 2.3357270608999377e-07
41750.056 2.188756478700005e-07
41800.056 2.282312584399997e-07
41850.056 1.9076413654999508e-07
41900.056 1.9195501196998276e-07
41950.056 2.091778938000011e-07
42000.056 1.9105454527997811e-07
42050.056 1.8536984771000551e-07
42100.056 2.102350854099919e-07
42150.056 1.889613285699983e-07
42200.056 1.9169627301999202e-07
42250.056 1.847489869000041e-07
42300.056 1.8329303771999698e-07
42350.056 2.093563741700014e-07
42400.056 2.1651879826000139e-07
42450.056 1.9843603154000717e-07
42500.056 2.0815999152999765e-07
42550.056 1.9699884613999858e-07
42600.056 2.0172977915001413e-07
42650.056 2.3425443247999296e-07
42700.056 1.8874359873998837e-07
42750.056 1.7307390447001437e-07
42800.056 2.1515035701000088e-07
42850.056 2.2409811763999046e-07
42900.056 2.201992088900054e-07
42950.056 1.954636488100008e-07
43000.056 2.1349371408999623e-07
43050.056 1.5320398026300967e-07
43100.056 2.0819585453999827e-07
43150.056 1.9538424848000012e-07
43200.056 2.023134767400029e-07
43250.056 2.4826695542000193e-07
43300.056 2.323174856499954e-07
43350.056 1.606035316029983e-07
43400.056 2.083695406700047e-07
43450.056 1.8598568080000341e-07
43500.056 1.8559891535999933e-07
43550.056 1.7788559344500402e-07
43600.056 2.262064169399997e-07
43650.056 1.5316564779199222e-07
43700.056 2.1856570185001715e-07
43750.056 2.3050918643999614e-07
43800.056 2.0829543507999423e-07
43850.056 1.962340419400131e-07
43900.056 1.9025786744999944e-07
43950.056 1.5409835198799607e-07
44000.056 1.418546952399996e-07
44050.056 2.165335971700106e-07
44100.056 2.5462349438000233e-07
44150.056 2.4942643674999634e-07
44200.056 2.3711127970000096e-07
44250.056 1.779837954399957e-07
44300.056 1.353073731090008e-07
44350.056 1.484336405100035e-07
44400.056 1.654933921499978e-07
44450.056 2.0791030631000703e-07
44500.056 1.925214571500069e-07
44550.056 2.3073136440000117e-07
44600.056 2.0075315622300292e-07
44650.056 2.0753370004999094e-07
44700.056 1.6520636170799057e-07
44750.056 1.8536722570901183e-07
44800.056 1.5850391219300072e-07
44850.056 2.0484849387000593e-07
44900.056 1.9124266415999697e-07
44950.056 2.0307544523000617e-07
45000.056 2.151221295100001e-07
45050.056 2.1119297310999235e-07
45100.056 2.0277828863000863e-07
45150.056 1.974258234099986e-07
45200.056 1.4081327423799796e-07
45250.056 1.6212193848999677e-07
45300.056 1.6270642684600262e-07
45350.056 1.2390930809600389e-07
45400.056 2.2729640506000393e-07
45450.056 2.203986467000057e-07
45500.056 2.25066064070004e-07
45550.056 2.418600732199923e-07
45600.056 2.337867345500023e-07
45650.056 2.133020265099894e-07
45700.056 1.3991441897698924e-07
45750.056 1.2604934053200833e-07
45800.056 2.2709007459000414e-07
45850.056 2.1503780598000534e-07
45900.056 2.358872918499974e-07
45950.056 2.1875774663999566e-07
46000.056 2.2903465456000593e-07
46050.056 2.1448737655000292e-07
46100.056 2.3213872790999344e-07
46150.056 1.7542113774800038e-07
46200.056 1.4614489044499e-07
46250.056 7.570473305169635e-08
46300.056 1.7326639945400815e-07
46350.056 2.0147535666000446e-07
46400.056 1.9737999671000144e-07
46450.056 1.726801706619912e-07
46500.056 1.852866283700068e-07
46550.056 1.482582227439969e-07
46600.056 1.4395987464498954e-07
46650.056 1.8531847522800803e-07
46700.056 1.583277862539893e-07
46750.056 8.518480859901001e-08
46800.056 6.496565645599517e-08
46850.056 1.7207485045901528e-07
46900.056 2.064486038099978e-07
46950.056 2.0052939091999578e-07
47000.056 1.9841589657000409e-07
47050.056 1.5400379166597732e-07
47100.056 1.3369121501400237e-07
47150.056 1.733501924900122e-07
47200.056 1.8827858305999686e-07
47250.056 1.0209685942998403e-07
47300.056 7.513375305391561e-08
47350.056 1.8835731260000552e-07
47400.056 1.9814660629999838e-07
47450.056 1.5609736445900665e-07
47500.056 2.08712438039999e-07
47550.056 1.8662076363000312e-07
47600.056 1.7874205853999322e-07
47650.056 1.8653131323199202e-07
47700.056 1.6320991084901395e-07
47750.056 1.3322583639199953e-07
47800.056 1.0703320529599948e-07
47850.056 4.872939474870508e-08
47900.056 7.627280638719797e-08
47950.056 1.6611536853000854e-07
48000.056 1.9252537042999556e-07
48050.056 1.692209511679934e-07
48100.056 9.476913251919969e-08
48150.056 1.4480912863000518e-07
48200.056 1.2637973092299518e-07
48250.056 1.6189134059000077e-07
48300.056 1.8295266206000075e-07
48350.056 1.356428727049893e-07
48400.056 3.7912371022492475e-08
48450.056 7.182162548031519e-08
48500.056 1.2741856959398763e-07
48550.056 1.365193872940168e-07
48600.056 1.7672304442000217e-07
48650.056 1.930595578199985e-07
48700.056 1.640148282900028e-07
48750.056 1.193273982810016e-07
48800.056 1.6444588182000435e-07
48850.056 1.033073816239871e-07
48900.056 1.2176111492099093e-07
48950.056 8.169230963799388e-08
49000.056 4.998389070196831e-08
49050.056 1.2415533747398947e-07
49100.056 1.4464878805601472e-07
49150.056 1.2178128811199772e-07
49200.056 1.6968737071000593e-07
49250.056 1.7125718265999977e-07
49300.056 1.525772878799942e-07
49350.056 9.243198895400733e-08
49400.056 1.024020626290837e-07
49450.056 8.844346185191863e-08
49500.056 8.134046786058853e-08
49550.056 2.2041605352099e-08
49600.056 5.0017397250447825e-08
49650.056 1.1067640100500355e-07
49700.056 1.296941751199979e-07
49750.056 1.282118889479915e-07
49800.056 8.059578171499867e-08
49850.056 1.46753596450007e-07
49900.056 1.5380112713999946e-07
49950.056 1.3176134021099448e-07
50000.056 1.0926672426399995e-07
50050.056 1.2380806695700884e-07
50100.056 1.1021838127899637e-07
50150.056 5.565266859999175e-08
50200.056 1.255282439172441e-08
50250.056 5.895485573599926e-08
50300.056 4.099882433490641e-08
50350.056 1.1654072483100611e-07
50400.056 1.2566916783499916e-07
50450.056 9.180916893899931e-08
50500.056 1.372419993500082e-07
50550.056 1.4811869745999952e-07
50600.056 1.049657259499824e-07
50650.056 1.3404658543501178e-07
50700.056 1.4510439362999817e-07
50750.056 9.77931965019972e-08
50800.056 4.06971531988716e-08
50850.056 2.3834237079409123e-08
50900.056 1.0615802849900585e-07
50950.056 1.1419169204499635e-07
51000.056 8.682257276951197e-08
51050.056 1.0948131595998588e-07
51100.056 5.70717616579991e-08
51150.056 5.299971191289008e-08
51200.056 1.3245695615000184e-07
51250.056 1.0790801672099042e-07
51300.056 7.439782392000549e-08
51350.056 7.795314240648737e-08
51400.056 3.439952345820583e-08
51450.056 2.5746991119993516e-08
51500.056 2.1201904750666716e-08
51550.056 7.329345664100672e-08
51600.056 6.74321715210036e-08
51650.056 8.51683190129963e-08
51700.056 8.033439265458452e-08
51750.056 6.67653882482113e-08
51800.056 1.1103478433999777e-07
51850.056 8.519951362399598e-08
51900.056 9.987851476200367e-08
51950.056 6.498586792999062e-08
52000.056 9.341830465376985e-09
52050.056 3.729390975100355e-08
52100.056 2.4057528461495927e-08
52150.056 1.5402555530083812e-08
52200.056 3.84648826246975e-08
52250.056 6.356323978450802e-08
52300.056 8.414430844599708e-08
52350.056 2.7427056048230694e-08
52400.056 2.98426535287006e-08
52450.056 8.608459295700866e-08
52500.056 7.729784731279173e-08
52550.056 7.695125418299098e-08
52600.056 6.184480291620737e-08
52650.056 7.78595148719989e-08
52700.056 4.5601352109100615e-08
52750.056 2.3939478388193943e-08
52800.056 3.7487286911305935e-08
52850.056 4.808536509259184e-08
52900.056 2.2258018131901098e-08
52950.056 3.6586701226005446e-08
53000.056 6.712492014200055e-08
53050.056 2.939518415259869e-08
53100.056 8.348547694600494e-08
53150.056 8.641235230799824e-08
53200.056 3.229355115999701e-08
53250.056 7.340421353400437e-08
53300.056 8.375705926301305e-08
53350.056 7.7878601540998e-08
53400.056 5.505522434199628e-08
53450.056 1.770043599999617e-08
53500.056 5.695702157418424e-09
53550.056 1.1709490047059819e-08
