galfind/configs/Brown_Dwarf_templates/sonora_bobcat/m-0.5/3160g/sp_t325g3160nc_m-0.5_resample.dat
# %ECSV 1.0
# ---
# datatype:
# - {name: wav, unit: Angstrom, datatype: float64}
# - {name: flux_nu, unit: erg / (cm2 Hz s), datatype: float64}
# meta: {C/O: '1.00', Kzz: '1.0000E+05', Teff: '325.', Y: '0.28', '[Fe/H]': '-0.50', f_hole: '1.00', f_rain: '0.00', grav: '3160.'}
# schema: astropy-2.0
wav flux_nu
4000.0559999999996 nan
4050.0559999999996 1.2572325464400158e-18
4100.056 2.2547649372600327e-17
4150.056 1.2507669619800108e-16
4200.056 3.411245151900022e-16
4250.056 7.970684853200042e-16
4300.056 1.5937790709000067e-15
4350.056 2.8126828816000107e-15
4400.056 4.7222784464000184e-15
4450.056 7.528816026000028e-15
4500.056 1.1471808451200037e-14
4550.056 1.6186864257999993e-14
4600.056 1.582013927600003e-14
4650.056 1.850378028400002e-14
4700.056 1.9909697107999998e-14
4750.056 1.7950851049999973e-14
4800.056 1.463978010099997e-14
4850.056 1.0974067033699968e-14
4900.056 8.713162875899984e-15
4950.056 7.000226383599982e-15
5000.056 4.904818281099979e-15
5050.056 3.600759086399996e-15
5100.056 3.649182555000002e-15
5150.056 3.8098645496000025e-15
5200.056 4.084658285300003e-15
5250.056 4.344225299000003e-15
5300.056 4.6019467421000025e-15
5350.056 4.905206379500004e-15
5400.056 5.2379893249000054e-15
5450.056 5.637617410400005e-15
5500.056 6.065302617800005e-15
5550.056 6.470171697800004e-15
5600.056 6.843087149300004e-15
5650.056 7.188734062500004e-15
5700.056 7.387666915000002e-15
5750.056 7.322913411999996e-15
5800.056 6.722992513599987e-15
5850.056 4.937671437999952e-15
5900.056 1.7625062569770466e-15
5950.056 9.744148652800118e-15
6000.056 1.9571063942000163e-14
6050.056 3.3814063150000245e-14
6100.056 5.4308463085000346e-14
6150.056 8.35609616180005e-14
6200.056 1.2456446430000063e-13
6250.056 1.7922889594000094e-13
6300.056 2.5723003857000137e-13
6350.056 3.6473840649000194e-13
6400.056 5.089538417600025e-13
6450.056 6.706877940100021e-13
6500.056 9.071218238700049e-13
6550.056 1.2373077538000047e-12
6600.056 1.6786180702000093e-12
6650.056 2.2738816833000104e-12
6700.056 2.9471383719000104e-12
6750.056 3.796540208500015e-12
6800.056 4.471791844600006e-12
6850.056 4.4054159423999915e-12
6900.056 3.495834486499976e-12
6950.056 2.648865400700002e-12
7000.056 2.562783137199994e-12
7050.056 2.5844939360000036e-12
7100.056 2.797670345800002e-12
7150.056 2.3973082018999735e-12
7200.056 2.039767720100019e-12
7250.056 2.1822955385999785e-12
7300.056 2.1511893665000147e-12
7350.056 2.482009119700006e-12
7400.056 2.8244613976000044e-12
7450.056 3.1798945371000084e-12
7500.056 3.401965188400001e-12
7550.056 3.4664022695000005e-12
7600.056 3.4133408229999966e-12
7650.056 2.02758840376997e-12
7700.056 2.0156371775800305e-12
7750.056 3.917309291800032e-12
7800.056 5.268560625700028e-12
7850.056 6.859316337600032e-12
7900.056 8.646285776700035e-12
7950.056 1.0185860151900038e-11
8000.056 1.3401349030000074e-11
8050.056 1.6755040537000062e-11
8100.056 1.669304808699994e-11
8150.056 1.5030315774000227e-11
8200.056 2.440513716900011e-11
8250.056 2.804055106520048e-11
8300.056 3.4929320936000026e-11
8350.056 4.233256374900038e-11
8400.056 5.5393604167000736e-11
8450.056 7.310376814000067e-11
8500.056 9.042996359900065e-11
8550.056 1.1141183315000101e-10
8600.056 1.3730772756000104e-10
8650.056 1.6292563654000102e-10
8700.056 1.85342133210001e-10
8750.056 2.1112996646000113e-10
8800.056 2.304930357900005e-10
8850.056 2.2219817840999738e-10
8900.056 1.1409558547799559e-10
8950.056 8.461540084800147e-11
9000.056 7.672940274000183e-11
9050.056 2.140829111800016e-10
9100.056 2.2804571662000556e-10
9150.056 2.507693445799978e-10
9200.056 3.207671777500079e-10
9250.056 2.3601814580398537e-10
9300.056 6.182585555159427e-12
9350.056 5.828918912540307e-12
9400.056 7.590700329900188e-11
9450.056 1.9811194067758928e-11
9500.056 2.2955932658299123e-11
9550.056 2.6984554008501968e-11
9600.056 4.063859477679955e-11
9650.056 9.276504368900757e-11
9700.056 2.6064658724000113e-10
9750.056 3.3266066099001175e-10
9800.056 4.4896311294000045e-10
9850.056 6.042327897200063e-10
9900.056 8.139902504700122e-10
9950.056 9.256119365200071e-10
10000.056 5.435317524574835e-10
10050.056 1.3043615143698962e-10
10100.056 7.783880527599913e-11
10150.056 5.4558192774998783e-11
10200.056 3.459305055899963e-11
10250.056 2.897417872899992e-11
10300.056 2.7321626913999464e-11
10350.056 1.8091025565999988e-11
10400.056 1.8016480137999915e-11
10450.056 1.6081068274999788e-11
10500.056 1.3849196888999895e-11
10550.056 1.1905759558999895e-11
10600.056 9.700123573999902e-12
10650.056 7.569549871299904e-12
10700.056 5.707880021399918e-12
10750.056 4.397116459499942e-12
10800.056 3.5265671984999754e-12
10850.056 2.9379025724999743e-12
10900.056 2.4761838536999727e-12
10950.056 1.97477648669998e-12
11000.056 1.4932887041999727e-12
11050.056 9.748386678399795e-13
11100.056 4.641447194599771e-13
11150.056 1.6283407625858517e-13
11200.056 7.843728710530054e-14
11250.056 1.0952533094224295e-13
11300.056 2.1351068490610393e-13
11350.056 1.0126188493339067e-13
11400.056 3.888759359120161e-13
11450.056 2.3973292872227787e-13
11500.056 2.3944901997130066e-13
11550.056 1.666573767544083e-13
11600.056 1.4222614439899863e-13
11650.056 3.501907575590226e-13
11700.056 5.512866464499634e-13
11750.056 4.446221340540367e-13
11800.056 1.015975604910003e-12
11850.056 1.1082933531e-12
11900.056 1.2123997450400023e-12
11950.056 1.2956265551000025e-12
12000.056 1.3498183208000068e-12
12050.056 1.561502792600013e-12
12100.056 1.8054525245000269e-12
12150.056 2.30554213160002e-12
12200.056 2.865051868500023e-12
12250.056 3.701598788400055e-12
12300.056 4.722752058400057e-12
12350.056 5.625588090600067e-12
12400.056 7.247681892700106e-12
12450.056 9.812277842100171e-12
12500.056 1.2713654122000035e-11
12550.056 1.4242388176000236e-11
12600.056 1.9851053750000375e-11
12650.056 2.7089254053000447e-11
12700.056 3.393852185300027e-11
12750.056 3.7753496819000204e-11
12800.056 3.9422872251e-11
12850.056 3.773461676399983e-11
12900.056 3.582598088199992e-11
12950.056 3.664334709100025e-11
13000.056 4.0836926435000585e-11
13050.056 3.8872493712000044e-11
13100.056 4.7071592572999675e-11
13150.056 4.113082210600091e-11
13200.056 4.330883080099953e-11
13250.056 4.5125192553999685e-11
13300.056 2.1833654146917784e-11
13350.056 1.4121457484599823e-11
13400.056 2.2365657737098866e-12
13450.056 1.9894619823613438e-13
13500.056 1.797836467128034e-14
13550.056 1.6456288215272545e-15
13600.056 3.4924627371905933e-16
13650.056 2.535591179576105e-15
13700.056 1.3295090164953467e-15
13750.056 1.8564572525105052e-14
13800.056 1.8627382046941506e-14
13850.056 3.0375363942376293e-15
13900.056 1.2866856391357242e-14
13950.056 9.099029855181218e-15
14000.056 3.465145322316323e-14
14050.056 3.238963750777048e-14
14100.056 3.375016980860158e-14
14150.056 1.2103485333086444e-13
14200.056 1.15644345262486e-13
14250.056 2.0716923497909903e-13
14300.056 5.362786779719781e-13
14350.056 9.113854485473483e-13
14400.056 9.269167633849795e-13
14450.056 2.1911998828798176e-12
14500.056 6.355677338342439e-12
14550.056 1.4019929351379774e-11
14600.056 2.3880304236800044e-11
14650.056 9.70093447768995e-12
14700.056 3.931111336568296e-12
14750.056 3.2389086817400736e-12
14800.056 1.973062596517996e-12
14850.056 2.5148369609800153e-12
14900.056 1.9894918264099626e-12
14950.056 1.8484148736600197e-12
15000.056 5.292338272408296e-12
15050.056 8.396305829620186e-12
15100.056 3.752115113049534e-12
15150.056 1.8537697081254617e-12
15200.056 5.602010144639754e-12
15250.056 9.819296652701117e-12
15300.056 1.5223626761599426e-11
15350.056 1.876297058680095e-11
15400.056 2.5268133277200365e-11
15450.056 3.30180448330016e-11
15500.056 5.025444100100113e-11
15550.056 7.213118892500228e-11
15600.056 1.0270019105300054e-10
15650.056 1.3711956767000332e-10
15700.056 1.6534134705000098e-10
15750.056 1.7711120952000046e-10
15800.056 1.8378793367000005e-10
15850.056 1.873978953500004e-10
15900.056 1.813096433899994e-10
15950.056 1.7779525059999932e-10
16000.056 1.6315063412999866e-10
16050.056 1.421414040899981e-10
16100.056 1.1293330307099865e-10
16150.056 8.18368292629974e-11
16200.056 4.676559615099821e-11
16250.056 2.6671550174399503e-11
16300.056 1.402152785009858e-11
16350.056 9.779754430800507e-12
16400.056 8.881223937214576e-12
16450.056 9.327477943192013e-12
16500.056 9.775507134928084e-12
16550.056 1.2050252091701346e-11
16600.056 2.284196838276989e-11
16650.056 8.366369346742762e-12
16700.056 6.490481059020692e-12
16750.056 1.3628828122349655e-11
16800.056 1.3118726239773642e-11
16850.056 1.0994384882629799e-11
16900.056 8.370191828450438e-12
16950.056 6.74579806050976e-12
17000.056 5.008732630560289e-12
17050.056 6.185357780300247e-12
17100.056 8.292728631719778e-12
17150.056 7.410126557800651e-12
17200.056 1.20027501519996e-11
17250.056 6.212589650199425e-12
17300.056 5.871061779199937e-12
17350.056 6.971999927699929e-12
17400.056 8.300373870900097e-12
17450.056 8.84064702040013e-12
17500.056 1.0423369244600024e-11
17550.056 9.226930324199722e-12
17600.056 9.022182347500164e-12
17650.056 6.95392024389987e-12
17700.056 6.280889722700022e-12
17750.056 4.984434838999947e-12
17800.056 5.306263453100074e-12
17850.056 3.1300130729997328e-12
17900.056 2.407039906299795e-12
17950.056 1.4589302243200303e-12
18000.056 1.599266927914875e-12
18050.056 7.158990415790288e-13
18100.056 6.088563650333935e-13
18150.056 3.443131389330803e-13
18200.056 1.8549264100160536e-13
18250.056 5.617427215983512e-13
18300.056 6.8319509535092e-14
18350.056 7.764910256618459e-14
18400.056 2.1802180819279235e-14
18450.056 2.606083078319746e-13
18500.056 1.8408101892755428e-13
18550.056 6.591005099199762e-14
18600.056 1.837018515042651e-13
18650.056 1.6278481804191254e-13
18700.056 6.409657167307658e-15
18750.056 1.78132087261296e-14
18800.056 4.0722824001106615e-13
18850.056 3.049218299771233e-13
18900.056 3.674169156041127e-13
18950.056 4.433329715485809e-13
19000.056 5.821727752592175e-14
19050.056 3.018183842417876e-14
19100.056 1.4894607657631872e-13
19150.056 7.117375986121441e-14
19200.056 1.5534314328590595e-13
19250.056 1.4778732204239095e-13
19300.056 8.973035612976181e-14
19350.056 1.2502899353520092e-13
19400.056 8.330145254075834e-14
19450.056 9.240548826087234e-14
19500.056 1.0379321594321757e-13
19550.056 1.1552181670367655e-13
19600.056 1.7713832683944264e-13
19650.056 1.773147952247898e-13
19700.056 2.444515823508294e-13
19750.056 2.572851058940814e-13
19800.056 1.5296191728960294e-13
19850.056 2.332973510847241e-13
19900.056 3.0072390118867715e-13
19950.056 2.1542220741653153e-13
20000.056 2.466899389877446e-13
20050.056 2.3914682732981254e-13
20100.056 2.7153845328449817e-13
20150.056 2.118246684540916e-13
20200.056 2.0132278492402577e-13
20250.056 2.682454799310129e-13
20300.056 2.754114411599975e-13
20350.056 2.7630660064999146e-13
20400.056 2.80850479570001e-13
20450.056 2.857142823300049e-13
20500.056 2.697219842499995e-13
20550.056 2.5177347574999637e-13
20600.056 2.3293565718000035e-13
20650.056 2.1305849365999705e-13
20700.056 1.935023356799981e-13
20750.056 1.7332726712999834e-13
20800.056 1.546852008399984e-13
20850.056 1.395007324199988e-13
20900.056 1.25751309529999e-13
20950.056 1.1476563137999913e-13
21000.056 1.0689333770999949e-13
21050.056 1.0259851776999972e-13
21100.056 1.0120513633000003e-13
21150.056 1.0401745719000042e-13
21200.056 1.1015290946000066e-13
21250.056 1.1979066415000067e-13
21300.056 1.321278702700013e-13
21350.056 1.4677974266000033e-13
21400.056 1.6695869396000253e-13
21450.056 1.8069344366000213e-13
21500.056 1.9204349498000064e-13
21550.056 2.0602819879999996e-13
21600.056 2.0873350740799895e-13
21650.056 2.193424751469966e-13
21700.056 2.340799859199908e-13
21750.056 2.31512840788916e-13
21800.056 2.1627115153660068e-13
21850.056 2.200074669736023e-13
21900.056 2.0082317796900672e-13
21950.056 1.5223797903728533e-13
22000.056 3.580026711365079e-14
22050.056 5.976380172000606e-14
22100.056 8.943535264850012e-14
22150.056 6.438936492554834e-14
22200.056 6.553590850540168e-14
22250.056 5.461443479660627e-14
22300.056 3.18576169724451e-14
22350.056 5.078708758002005e-14
22400.056 3.6191837483108893e-14
22450.056 3.8717277954217387e-14
22500.056 3.554653743790124e-14
22550.056 2.0540490252822515e-14
22600.056 1.722534753603528e-14
22650.056 1.529706805847264e-14
22700.056 1.8846666675572004e-14
22750.056 2.3857591882000517e-14
22800.056 3.533823891346651e-14
22850.056 2.066678745870777e-14
22900.056 2.1718611472802978e-14
22950.056 1.60585370396039e-14
23000.056 1.2916523836108766e-14
23050.056 1.2146948124131056e-14
23100.056 6.102010792615216e-14
23150.056 4.972662547212122e-14
23200.056 1.0181701546597897e-14
23250.056 3.753626644300519e-14
23300.056 2.133896850315482e-14
23350.056 3.0369759816731437e-14
23400.056 1.814929296614639e-14
23450.056 1.431567001799865e-14
23500.056 1.0702529346053192e-14
23550.056 1.906672978521184e-14
23600.056 3.644865101557729e-14
23650.056 4.973119385743723e-14
23700.056 9.275052401541113e-15
23750.056 1.813517413697759e-14
23800.056 5.734730396387831e-14
23850.056 3.022234997230238e-14
23900.056 5.0700161088843475e-14
23950.056 3.3820037023718593e-14
24000.056 7.002337764829782e-14
24050.056 7.502938774810079e-14
24100.056 1.0606743796720755e-13
24150.056 1.4073923494500047e-13
24200.056 1.4922447364000304e-13
24250.056 1.5406570574600433e-13
24300.056 2.308778745090143e-13
24350.056 2.329861211519921e-13
24400.056 3.7194188063001743e-13
24450.056 4.2414947382000774e-13
24500.056 4.647049867000097e-13
24550.056 6.792555720100225e-13
24600.056 8.687377093099871e-13
24650.056 1.031817480880037e-12
24700.056 1.0387806029289279e-12
24750.056 1.3808529593001215e-12
24800.056 1.5682308955300327e-12
24850.056 1.6665942332549748e-12
24900.056 1.6305559676200785e-12
24950.056 1.9619816189880515e-12
25000.056 2.8189021546999506e-12
25050.056 1.742564073648137e-12
25100.056 2.640641821979829e-12
25150.056 1.5812840900398347e-12
25200.056 2.4189590625232155e-12
25250.056 1.2183039259848064e-12
25300.056 1.0460215237057112e-12
25350.056 4.997331412115989e-13
25400.056 1.4090612756139344e-12
25450.056 3.439117549253769e-13
25500.056 2.5626746056630646e-13
25550.056 1.205568926820755e-12
25600.056 4.377593836982335e-13
25650.056 1.391081560868405e-13
25700.056 8.554013473562104e-14
25750.056 2.6890377172198167e-14
25800.056 1.3750368849505923e-13
25850.056 2.1910011357396976e-14
25900.056 4.22626631658096e-14
25950.056 8.051872386066279e-15
26000.056 9.63832575911482e-14
26050.056 1.0571305147833358e-14
26100.056 5.0011472741762526e-14
26150.056 2.177232600891761e-14
26200.056 2.4681943927792705e-14
26250.056 1.6657901697886358e-13
26300.056 2.5037922231062794e-14
26350.056 7.341077576865544e-13
26400.056 1.7273709938417893e-12
26450.056 4.3548147430338455e-13
26500.056 1.5366703214824281e-12
26550.056 1.2362898306625327e-13
26600.056 8.217850656056387e-14
26650.056 1.7176194344848995e-14
26700.056 1.4615417696153293e-14
26750.056 2.3691492200336756e-14
26800.056 8.95694187149652e-14
26850.056 6.185940639800474e-14
26900.056 2.757035997084826e-13
26950.056 5.895384347284109e-14
27000.056 3.817204327740418e-13
27050.056 8.462940361639686e-13
27100.056 3.4856407993391263e-14
27150.056 5.103530570439991e-13
27200.056 3.0393167108654825e-14
27250.056 1.0643524161991087e-13
27300.056 2.2858410019670166e-12
27350.056 3.4972834552689944e-13
27400.056 2.752868881092139e-14
27450.056 7.394738060581833e-13
27500.056 1.0411742102596032e-12
27550.056 1.2041048262288307e-13
27600.056 4.869992503120176e-13
27650.056 1.0020283403587092e-13
27700.056 1.2218180173969247e-13
27750.056 1.0012592333335238e-12
27800.056 3.191358050613297e-13
27850.056 7.150376458865594e-13
27900.056 1.5093238489632952e-12
27950.056 2.3766934143518187e-12
28000.056 2.817886281257755e-12
28050.056 2.5576124676928736e-13
28100.056 4.926783744774466e-12
28150.056 3.093346986574027e-12
28200.056 6.074827273805171e-13
28250.056 1.0069542476589832e-11
28300.056 9.389559531528502e-12
28350.056 8.468643539417847e-13
28400.056 6.111320931907193e-12
28450.056 1.2273927805468555e-11
28500.056 4.5002548153672514e-12
28550.056 1.7407232032316677e-12
28600.056 1.0237902515889442e-11
28650.056 3.5719013469733964e-12
28700.056 1.1121936408482497e-11
28750.056 2.6851786197169204e-11
28800.056 5.9428942942482735e-12
