galfind/configs/Brown_Dwarf_templates/sonora_bobcat/m-0.5/3160g/sp_t200g3160nc_m-0.5_resample.dat
# %ECSV 1.0
# ---
# datatype:
# - {name: wav, unit: Angstrom, datatype: float64}
# - {name: flux_nu, unit: erg / (cm2 Hz s), datatype: float64}
# meta: {C/O: '1.00', Kzz: '1.0000E+05', Teff: '200.', Y: '0.28', '[Fe/H]': '-0.50', f_hole: '1.00', f_rain: '0.00', grav: '3160.'}
# schema: astropy-2.0
wav flux_nu
[from data line 499]
28950.056 4.422013086795334e-14
29000.056 3.189469958528999e-14
29050.056 8.520617842539826e-14
29100.056 4.058716809275365e-15
29150.056 1.765617595212448e-14
29200.056 2.188396570720023e-13
29250.056 7.413973772057038e-14
29300.056 2.2625251294926527e-14
29350.056 2.1498071995098617e-13
29400.056 1.5273276771111035e-13
29450.056 2.557338164382006e-14
29500.056 2.529745675608306e-13
29550.056 1.7998386009517547e-13
29600.056 4.681161597360685e-14
29650.056 2.1998880449851414e-13
29700.056 1.3851248401004765e-13
29750.056 3.637038627129713e-13
29800.056 1.1672313305929832e-13
29850.056 5.421769673900063e-13
29900.056 1.8211312003297854e-13
29950.056 4.0412771412463435e-14
30000.056 3.4783285406511833e-16
30050.056 7.762160896562901e-14
30100.056 3.233145992510396e-13
30150.056 4.503523695000652e-13
30200.056 1.1269760135799839e-12
30250.056 1.2569489887500996e-12
30300.056 1.153030093449823e-12
30350.056 3.490805006718795e-13
30400.056 2.0791727187003054e-12
30450.056 2.341776713699648e-12
30500.056 4.000574266004543e-13
30550.056 5.11820480408323e-13
30600.056 5.6334105134000264e-12
30650.056 3.415115608599797e-12
30700.056 3.849133937186068e-13
30750.056 2.2207908206155998e-12
30800.056 3.735348491299645e-12
30850.056 3.367927473500115e-12
30900.056 4.4779495958914e-13
30950.056 1.8502941998002458e-12
31000.056 2.6213670496998838e-12
31050.056 7.086863739158409e-13
31100.056 1.4485962285003893e-13
31150.056 1.1496380043103554e-12
31200.056 4.0879139035001606e-12
31250.056 2.4482156768395436e-12
31300.056 5.259575661499992e-13
31350.056 2.5036337271501854e-12
31400.056 1.503188954139907e-12
31450.056 1.381073063189868e-12
31500.056 5.121462103830969e-13
31550.056 9.149649105338591e-13
31600.056 5.45778993536105e-13
31650.056 2.6082757727188697e-13
31700.056 2.715038774150176e-13
31750.056 5.675720428960917e-14
31800.056 1.0831434146798632e-13
31850.056 1.2408846821403278e-14
31900.056 3.16808483325754e-14
31950.056 7.305543660035824e-15
32000.056 6.034752250943503e-15
32050.056 2.3476292930655446e-15
32100.056 1.062017605228822e-15
32150.056 6.525530409659958e-16
32200.056 1.3204518284760922e-16
32250.056 2.7803988981502627e-16
32300.056 1.714403397915735e-17
32350.056 6.091430605779949e-17
32400.056 1.6454452286570914e-18
32450.056 3.228134412220092e-17
32500.056 1.4350380801628815e-18
32550.056 1.787340346320011e-17
32600.056 4.1406708628798165e-19
32650.056 1.549581523730061e-17
32700.056 5.341759204562564e-19
32750.056 6.109453013650953e-17
32800.056 8.54043224209087e-18
32850.056 6.856291761924649e-16
32900.056 1.8855439502457442e-16
32950.056 8.426039972670051e-16
33000.056 1.6640118185039492e-16
33050.056 2.710446397524405e-17
33100.056 2.6327928922044803e-18
33150.056 1.790871116115778e-20
33200.056 3.936722140405091e-18
33250.056 2.7569717342540626e-17
33300.056 7.484913049490452e-16
33350.056 1.2716780684428824e-16
33400.056 1.2525549026299488e-15
33450.056 1.017715520173783e-17
33500.056 3.3913666677382103e-16
33550.056 4.268358084876509e-17
33600.056 2.307498229605484e-16
33650.056 4.238038087207641e-16
33700.056 3.325095421055902e-17
33750.056 6.516254812659335e-16
33800.056 6.5374631701835134e-18
33850.056 3.806552204668351e-16
33900.056 3.245789154577122e-16
33950.056 9.723384771665262e-16
34000.056 3.589712328275956e-15
34050.056 4.947391522515477e-16
34100.056 7.891042594329687e-15
34150.056 1.5519197099591337e-15
34200.056 2.0964474366919978e-14
34250.056 8.390710945276103e-15
34300.056 1.3312872001208208e-14
34350.056 8.504102951179558e-14
34400.056 7.043673167520338e-15
34450.056 5.1552379102843954e-14
34500.056 1.3375007422610962e-14
34550.056 1.34791793157076e-13
34600.056 7.037446631199444e-13
34650.056 2.552390523308743e-14
34700.056 5.797134909881903e-13
34750.056 9.937812312781983e-14
34800.056 2.379828756082204e-13
34850.056 4.50577429399899e-13
34900.056 9.609211578485876e-14
34950.056 8.372165706240419e-13
35000.056 5.988873321145092e-13
35050.056 1.6147575910721957e-12
35100.056 1.8244654270700752e-12
35150.056 5.543613021100169e-12
35200.056 7.542997209000406e-12
35250.056 6.75894814042905e-12
35300.056 7.871471880188839e-13
35350.056 6.285153729142147e-14
35400.056 2.4995877817090032e-14
35450.056 7.477665703380866e-14
35500.056 1.1018051547791676e-12
35550.056 2.1368127768761337e-12
35600.056 2.8194875220999992e-12
35650.056 1.0977381394776706e-12
35700.056 2.4200991856790226e-12
35750.056 3.887558649370354e-12
35800.056 9.905723857175228e-13
35850.056 6.437574155468993e-13
35900.056 2.8504201092162722e-12
35950.056 1.0619806133200893e-11
36000.056 1.3924549270399852e-11
36050.056 3.4718430572799197e-12
36100.056 3.650509423953957e-12
36150.056 3.396655620750242e-11
36200.056 2.872221564399837e-11
36250.056 6.830864713880954e-12
36300.056 2.2145371557626632e-11
36350.056 3.179900300599927e-11
36400.056 3.288061005399909e-11
36450.056 7.366764010125742e-12
36500.056 1.1499367876346314e-11
36550.056 7.272719842700435e-11
36600.056 8.450254911599773e-11
36650.056 1.7446364446177674e-11
36700.056 2.5809268611520704e-11
36750.056 1.1577147564500504e-10
36800.056 1.08222441375995e-10
36850.056 2.909532676981607e-11
36900.056 2.74738756039261e-11
36950.056 1.223648143639956e-10
37000.056 1.1706332444200927e-10
37050.056 8.384324483289001e-11
37100.056 1.7357504881104603e-11
37150.056 5.0602971081503865e-11
37200.056 2.0438175297000684e-10
37250.056 8.44211471389874e-11
37300.056 4.0459595757002435e-11
37350.056 7.579911205840308e-11
37400.056 1.5199297260000408e-10
37450.056 1.3519424109999346e-10
37500.056 1.0278469168599721e-10
37550.056 2.644818328310309e-10
37600.056 4.0591066285998197e-10
37650.056 1.1602762271800963e-10
37700.056 1.9487473032000177e-10
37750.056 1.9526052294000209e-10
37800.056 2.2277320206001565e-10
37850.056 2.0047490778999717e-10
37900.056 1.4830854960599783e-10
37950.056 1.6542975418099277e-10
38000.056 1.4281353842561478e-10
38050.056 3.0865052264000907e-10
38100.056 4.692638910799863e-10
38150.056 4.694492682799707e-10
38200.056 2.9532352815402443e-10
38250.056 4.516267530900373e-10
38300.056 7.781745941199568e-10
38350.056 5.009051940500221e-10
38400.056 1.8402202170296093e-10
38450.056 5.757943851699301e-11
38500.056 1.1369457150701611e-10
38550.056 4.3167054777002807e-10
38600.056 6.195252814399839e-10
38650.056 4.6038949287999376e-10
38700.056 3.3078356571998646e-10
38750.056 4.835981042900034e-10
38800.056 5.474218579700063e-10
38850.056 5.895842939900076e-10
38900.056 4.2492630971995537e-10
38950.056 4.126111843400362e-10
39000.056 6.145121480899669e-10
39050.056 2.908418897300037e-10
39100.056 2.007057722169972e-10
39150.056 6.093201745800138e-10
39200.056 7.39991943709999e-10
39250.056 4.712334773099878e-10
39300.056 5.123031188000464e-10
39350.056 9.716017230000086e-10
39400.056 6.487025358199388e-10
39450.056 8.148483477400613e-10
39500.056 9.621995426699645e-10
39550.056 5.323406872300388e-10
39600.056 6.667674533500607e-10
39650.056 1.2904050896000209e-09
39700.056 1.18455928384997e-09
39750.056 4.5851379290996063e-10
39800.056 3.277514930300068e-10
39850.056 9.914215617400733e-10
39900.056 1.3921823310999847e-09
39950.056 1.0613933019000029e-09
40000.056 1.159991753300013e-09
40050.056 8.998520427799398e-10
40100.056 3.3596377570605155e-10
40150.056 1.0594195250500501e-09
40200.056 1.426539687000008e-09
40250.056 1.5425792883999897e-09
40300.056 1.4274592854999854e-09
40350.056 7.388316583899466e-10
40400.056 6.946640826399901e-10
40450.056 6.452162106500381e-10
40500.056 1.2813185541900586e-09
40550.056 1.6624535005000103e-09
40600.056 1.8171586482999924e-09
40650.056 1.3591363925999446e-09
40700.056 1.5669099011000186e-09
40750.056 1.4223917315999565e-09
40800.056 1.1844504254900198e-09
40850.056 1.9549373500000383e-09
40900.056 2.1016213237999752e-09
40950.056 1.442693695999945e-09
41000.056 1.459347625599997e-09
41050.056 1.95581638290004e-09
41100.056 1.7779647780999127e-09
41150.056 1.1127589986999983e-09
41200.056 1.849153136900107e-09
41250.056 2.178462937099963e-09
41300.056 2.324632736800057e-09
41350.056 2.765837741500016e-09
41400.056 2.716137728099984e-09
41450.056 2.548129697099979e-09
41500.056 2.008336263499946e-09
41550.056 1.8524445574000387e-09
41600.056 2.102366958400019e-09
41650.056 2.6963865244000535e-09
41700.056 3.0178417455999973e-09
41750.056 2.946638711400004e-09
41800.056 2.911109188699977e-09
41850.056 2.413356690099964e-09
41900.056 2.0830993832999507e-09
41950.056 1.7143344625999354e-09
42000.056 1.1426094634899605e-09
42050.056 1.4006612758000429e-09
42100.056 1.921008673900037e-09
42150.056 2.2702853631000327e-09
42200.056 2.459628073799997e-09
42250.056 2.3639180403000012e-09
42300.056 2.3812071993000015e-09
42350.056 2.825597812200044e-09
42400.056 3.254761887400026e-09
42450.056 3.4948667500000105e-09
42500.056 3.5620700715000015e-09
42550.056 3.4678474625999805e-09
42600.056 3.202448118099996e-09
42650.056 3.1181467617999455e-09
42700.056 2.762440947000021e-09
42750.056 3.371457440700041e-09
42800.056 3.7184659683000122e-09
42850.056 3.7866113374e-09
42900.056 3.746723505999992e-09
42950.056 3.645852148599996e-09
43000.056 3.6192434686999913e-09
43050.056 3.2967741483999432e-09
43100.056 3.3838985909000403e-09
43150.056 3.6251029091000165e-09
43200.056 3.807772690800007e-09
43250.056 3.835583155199999e-09
43300.056 3.7782292520999885e-09
43350.056 3.6633747222999938e-09
43400.056 3.57961007359998e-09
43450.056 3.2926249059999782e-09
43500.056 3.033543525799994e-09
43550.056 3.4020055406000334e-09
43600.056 3.6365933243000075e-09
43650.056 3.5566067352999905e-09
43700.056 3.670123496800027e-09
43750.056 3.7904037433e-09
43800.056 3.6815743976999837e-09
43850.056 3.5268720796999853e-09
43900.056 3.3625629577999928e-09
43950.056 3.3491461149000074e-09
44000.056 3.4774007594000158e-09
44050.056 3.699952537100024e-09
44100.056 3.817544195400001e-09
44150.056 3.7909500438999976e-09
44200.056 3.726545227999992e-09
44250.056 3.5494169284999838e-09
44300.056 3.295627088899971e-09
44350.056 3.1638710997000057e-09
44400.056 3.286324894800011e-09
44450.056 3.541098349600018e-09
44500.056 3.604405451499995e-09
44550.056 3.6254078699999996e-09
44600.056 3.606198247399999e-09
44650.056 3.623797815399997e-09
44700.056 3.568530121999997e-09
44750.056 3.5608425518999994e-09
44800.056 3.44537821039998e-09
44850.056 3.479605151200018e-09
44900.056 3.6100825136000106e-09
44950.056 3.680970374200006e-09
45000.056 3.6999177835999978e-09
45050.056 3.6297734069999913e-09
45100.056 3.573323256599995e-09
45150.056 3.486097148899989e-09
45200.056 3.2698365301999825e-09
45250.056 3.2774705077000064e-09
45300.056 3.18586725059997e-09
45350.056 3.0459665128000315e-09
45400.056 3.4268575963000157e-09
45450.056 3.486444807600008e-09
45500.056 3.6033994263000086e-09
45550.056 3.592503061299993e-09
45600.056 3.5594025104999994e-09
45650.056 3.4597048293999766e-09
45700.056 3.1025556904999427e-09
45750.056 3.0662184223000367e-09
45800.056 3.345238040100001e-09
45850.056 3.334355929800017e-09
45900.056 3.5406327558000143e-09
45950.056 3.5647144855000003e-09
46000.056 3.515501626599991e-09
46050.056 3.410862851199996e-09
46100.056 3.3961043319999887e-09
46150.056 3.22442069819998e-09
46200.056 2.7990216217999168e-09
46250.056 2.2913110737000132e-09
46300.056 2.827212818400052e-09
46350.056 3.098881456700001e-09
46400.056 3.1221736682999956e-09
46450.056 2.9026570186999897e-09
46500.056 3.0470069536000014e-09
46550.056 2.8246941031999637e-09
46600.056 2.5502468250999972e-09
46650.056 2.75398229490001e-09
46700.056 2.465634536299933e-09
46750.056 1.8649165245999688e-09
46800.056 1.5244486740999911e-09
46850.056 2.226629792200133e-09
46900.056 2.8489784946000373e-09
46950.056 3.038490974700011e-09
47000.056 3.056257761199992e-09
47050.056 2.8137781870999765e-09
47100.056 2.8006152811000057e-09
47150.056 2.7990131991999985e-09
47200.056 2.603573621899948e-09
47250.056 1.807513460599883e-09
47300.056 1.6572384752001143e-09
47350.056 2.512163923600055e-09
47400.056 2.7843763238000045e-09
47450.056 2.709047286899996e-09
47500.056 2.8237797769000197e-09
47550.056 2.8511997773999857e-09
47600.056 2.5565990829999794e-09
47650.056 2.510888591499986e-09
47700.056 2.3884122428999973e-09
47750.056 2.1278997384999416e-09
47800.056 1.385050941739887e-09
47850.056 8.260436018000324e-10
47900.056 1.3199735675000591e-09
47950.056 2.008131654500076e-09
48000.056 2.2769514161999945e-09
48050.056 2.243373424499997e-09
48100.056 2.011456447099978e-09
48150.056 2.1186786815999996e-09
48200.056 1.7807128257999614e-09
48250.056 1.9118688411000164e-09
48300.056 1.7948575463999592e-09
48350.056 1.2184247841998913e-09
48400.056 5.035641336299456e-10
48450.056 6.048793907400709e-10
48500.056 1.0756046242300042e-09
48550.056 1.358323550000103e-09
48600.056 2.0210652908000407e-09
48650.056 2.2525087563000103e-09
48700.056 2.2958274709999973e-09
48750.056 2.2447493900999893e-09
48800.056 2.0521175831999636e-09
48850.056 1.566741728299958e-09
48900.056 1.0769561381999358e-09
48950.056 6.645617613399588e-10
49000.056 5.817076897600569e-10
49050.056 1.2116908316000537e-09
49100.056 1.617549632900051e-09
49150.056 1.8407370262000108e-09
49200.056 1.987042067000014e-09
49250.056 1.9653792727999827e-09
49300.056 1.6659086573999516e-09
49350.056 1.296913495600006e-09
49400.056 1.1537557887699483e-09
49450.056 9.181605292600003e-10
49500.056 6.288523789899465e-10
49550.056 2.97016960099982e-10
49600.056 3.539912643300303e-10
49650.056 8.43883311540065e-10
49700.056 1.2038602641000267e-09
49750.056 1.1561866222999858e-09
49800.056 1.0342513409100093e-09
49850.056 1.373328804000038e-09
49900.056 1.4899635315999974e-09
49950.056 1.3511629620999718e-09
50000.056 9.311975300099395e-10
50050.056 7.851929369400175e-10
50100.056 6.550232174399663e-10
50150.056 3.234489527899658e-10
50200.056 1.6105485221000643e-10
50250.056 3.0539100723000996e-10
50300.056 3.5521835380002506e-10
50350.056 7.511422991200462e-10
50400.056 1.077343948030035e-09
50450.056 1.2685271133000128e-09
50500.056 1.3720228332000117e-09
50550.056 1.3843315242999885e-09
50600.056 1.2503668460999916e-09
50650.056 1.2269737584999892e-09
50700.056 1.01971367502996e-09
50750.056 6.717831828999622e-10
50800.056 2.929326873999626e-10
50850.056 2.418162371900238e-10
50900.056 5.503104995300417e-10
50950.056 7.372637177899944e-10
51000.056 7.314989078300334e-10
51050.056 9.406465940799972e-10
51100.056 7.89330617899962e-10
51150.056 5.649514531400196e-10
51200.056 8.442137452000217e-10
51250.056 8.469635138999835e-10
51300.056 6.6178528285997e-10
51350.056 3.8506231181996637e-10
51400.056 2.3782820929999927e-10
51450.056 1.711007889099851e-10
51500.056 1.8496177825002013e-10
51550.056 3.973320159900294e-10
51600.056 6.034942415800219e-10
51650.056 7.343522313800105e-10
51700.056 6.831384411099783e-10
51750.056 6.753637625700196e-10
51800.056 7.409370180799941e-10
51850.056 6.505701032999791e-10
51900.056 4.971516401099767e-10
51950.056 3.018049800099683e-10
52000.056 1.6200922987999796e-10
52050.056 2.1688648095000163e-10
52100.056 1.5414614045998612e-10
52150.056 1.2776427934601162e-10
52200.056 2.553827732900203e-10
52250.056 3.706635626400084e-10
52300.056 3.642044051799877e-10
52350.056 2.172057048699959e-10
52400.056 2.5815803357000893e-10
52450.056 4.2591778917002304e-10
52500.056 4.680086674700018e-10
52550.056 5.975578790300101e-10
52600.056 6.459700605400078e-10
52650.056 6.207504698499876e-10
52700.056 4.528453295499699e-10
52750.056 2.3599963867998364e-10
52800.056 3.083071377200187e-10
52850.056 3.109264108399896e-10
52900.056 1.6597995335998174e-10
52950.056 2.0914298562001858e-10
53000.056 3.591535471900096e-10
53050.056 3.4701672814000097e-10
53100.056 4.852482369400209e-10
53150.056 5.264258728999952e-10
53200.056 4.723415039299944e-10
53250.056 4.860772966499994e-10
53300.056 4.4653889522999186e-10
53350.056 3.7351030805998665e-10
53400.056 2.7296990018998587e-10
53450.056 1.6497742154998527e-10
53500.056 1.051603467889995e-10
53550.056 1.3889999961000598e-10
