galfind/configs/Brown_Dwarf_templates/sonora_bobcat/m-0.5/3160g/sp_t525g3160nc_m-0.5_resample.dat
# %ECSV 1.0
# ---
# datatype:
# - {name: wav, unit: Angstrom, datatype: float64}
# - {name: flux_nu, unit: erg / (cm2 Hz s), datatype: float64}
# meta: {C/O: '1.00', Kzz: '1.0000E+05', Teff: '525.', Y: '0.28', '[Fe/H]': '-0.50', f_hole: '1.00', f_rain: '0.00', grav: '3160.'}
# schema: astropy-2.0
wav flux_nu
[from data line 499]
28950.056 1.1697679976855997e-09
29000.056 9.85222267568443e-10
29050.056 1.5648782556179923e-09
29100.056 6.834606376136238e-10
29150.056 1.546318393049905e-09
29200.056 1.8429379339042703e-09
29250.056 2.1232641976780524e-09
29300.056 1.3254486210182253e-09
29350.056 4.4684034544297725e-09
29400.056 1.6534224997709552e-09
29450.056 1.1225528998303392e-09
29500.056 3.5898926230279186e-09
29550.056 1.8227949877283281e-09
29600.056 2.4256507681561136e-09
29650.056 4.7310962072897926e-09
29700.056 1.5138953591904112e-09
29750.056 3.2168872742998073e-09
29800.056 2.6454476897626067e-09
29850.056 5.748938592609837e-09
29900.056 3.451730449990411e-09
29950.056 2.578895112394764e-09
30000.056 9.305263867904914e-11
30050.056 6.302715884510429e-10
30100.056 2.0090122005934497e-09
30150.056 4.253022286720258e-09
30200.056 3.1917546512194926e-09
30250.056 6.940114195600802e-09
30300.056 6.239312927369403e-09
30350.056 3.0668097741052292e-09
30400.056 7.3913904331610654e-09
30450.056 5.239512108879517e-09
30500.056 4.265569522400369e-09
30550.056 3.748802382829625e-09
30600.056 1.3534683395000157e-08
30650.056 8.465662763580417e-09
30700.056 4.406851987738974e-09
30750.056 8.144020111808079e-09
30800.056 7.219495475874243e-09
30850.056 8.023183678679725e-09
30900.056 4.50674121583118e-09
30950.056 4.1919316881803155e-09
31000.056 4.992108003260435e-09
31050.056 4.789417461659378e-09
31100.056 2.0923474908556566e-09
31150.056 3.973382417529814e-09
31200.056 8.55829006369991e-09
31250.056 3.329900817152843e-09
31300.056 2.65437202658744e-09
31350.056 5.135935145184948e-09
31400.056 2.9433187333227453e-09
31450.056 4.0145043887499325e-09
31500.056 1.4741191491824145e-09
31550.056 2.842263921309684e-09
31600.056 1.8717187379861705e-09
31650.056 1.3854608712466654e-09
31700.056 1.6614139815902255e-09
31750.056 5.968653141893655e-10
31800.056 1.3929385080399967e-09
31850.056 3.452297975308106e-10
31900.056 8.673843967919526e-10
31950.056 3.915901452409476e-10
32000.056 4.530520464127379e-10
32050.056 4.022180679445363e-10
32100.056 3.0305025371830024e-10
32150.056 4.170975452480101e-10
32200.056 2.0073922656868003e-10
32250.056 4.797544029941065e-10
32300.056 1.5827274284667085e-10
32350.056 5.475552943140637e-10
32400.056 1.1128518466495324e-10
32450.056 4.5143761232501083e-10
32500.056 1.4384611352614966e-10
32550.056 5.296351843099762e-10
32600.056 1.6839693621315198e-10
32650.056 7.234126397099721e-10
32700.056 2.4136921479917216e-10
32750.056 1.466268388840292e-09
32800.056 9.898129073205213e-10
32850.056 2.596500744620485e-09
32900.056 2.2724925560060268e-09
32950.056 2.610681284846186e-09
33000.056 9.432816629645732e-10
33050.056 1.0801839152801223e-09
33100.056 2.3263712249542612e-10
33150.056 8.807665557552142e-13
33200.056 1.1258336728471671e-11
33250.056 2.621092801999728e-11
33300.056 1.7038658510443748e-10
33350.056 4.512584176583094e-10
33400.056 1.3456779726100738e-09
33450.056 5.870862744646925e-10
33500.056 2.3541733455401666e-09
33550.056 5.968576815360697e-10
33600.056 1.220735311278987e-09
33650.056 1.4393335936498928e-09
33700.056 4.044805969113053e-10
33750.056 1.8214391188238983e-09
33800.056 1.9125342273951e-10
33850.056 8.851120532962564e-10
33900.056 7.495543102455149e-10
33950.056 7.156694652008341e-10
34000.056 1.522449128726927e-09
34050.056 2.7834335427969717e-10
34100.056 1.434502156370016e-09
34150.056 4.1399378843763125e-10
34200.056 1.373035545799676e-09
34250.056 9.453500780826536e-10
34300.056 7.309852751042761e-10
34350.056 2.272468328560171e-09
34400.056 4.672286497966568e-10
34450.056 2.1185307200978807e-09
34500.056 1.1385643981371072e-09
34550.056 9.979852407007647e-10
34600.056 4.160000507050043e-09
34650.056 5.469715808389203e-10
34700.056 3.45549404491551e-09
34750.056 1.8089102791595282e-09
34800.056 1.2772741812202737e-09
34850.056 4.798435823290001e-09
34900.056 9.587932675564597e-10
34950.056 4.635417592660106e-09
35000.056 5.665124787289435e-09
35050.056 2.6278561627449053e-09
35100.056 8.497837726960682e-09
35150.056 5.874459196348947e-09
35200.056 5.969122860460262e-09
35250.056 1.088297848383876e-08
35300.056 2.5020319843282743e-09
35350.056 4.9775479329263434e-09
35400.056 3.891623851829235e-09
35450.056 2.9618097580230308e-09
35500.056 9.905907877549191e-09
35550.056 6.084225291520865e-09
35600.056 9.22166567660163e-09
35650.056 9.536739151840694e-09
35700.056 8.135164206839353e-09
35750.056 1.5554541017301054e-08
35800.056 9.518330278660896e-09
35850.056 6.082059198519094e-09
35900.056 1.0923627726302512e-08
35950.056 1.4116311226599414e-08
36000.056 1.4508716371601573e-08
36050.056 1.1511409910098326e-08
36100.056 1.0237829262718742e-08
36150.056 2.13278868263006e-08
36200.056 2.3143081475198943e-08
36250.056 1.4097683844366812e-08
36300.056 2.717427227619267e-08
36350.056 2.344792014440063e-08
36400.056 2.9069303233997756e-08
36450.056 1.941724476088947e-08
36500.056 2.322547548960003e-08
36550.056 3.923997604800099e-08
36600.056 4.507152740399814e-08
36650.056 2.6396118725277465e-08
36700.056 2.775180204860742e-08
36750.056 4.526558131500243e-08
36800.056 4.4902036046999e-08
36850.056 2.9570695693472722e-08
36900.056 3.2715379454243173e-08
36950.056 4.9968965995994095e-08
37000.056 3.982398984500144e-08
37050.056 4.400315066189906e-08
37100.056 2.519905959398288e-08
37150.056 4.142331317960212e-08
37200.056 6.2248301262999e-08
37250.056 3.39784792700945e-08
37300.056 2.6341544659200392e-08
37350.056 4.913077471100293e-08
37400.056 6.467377683599894e-08
37450.056 3.680804487919734e-08
37500.056 3.876727442299892e-08
37550.056 6.98171569800079e-08
37600.056 8.506009983899974e-08
37650.056 3.772578646800349e-08
37700.056 5.895250656700332e-08
37750.056 4.494876427890215e-08
37800.056 5.7278789071002175e-08
37850.056 3.6149381256999564e-08
37900.056 4.4970488751999055e-08
37950.056 5.510566947099966e-08
38000.056 5.37790444829986e-08
38050.056 6.070046776200368e-08
38100.056 8.029661783800034e-08
38150.056 8.434670421099594e-08
38200.056 6.615532451800129e-08
38250.056 7.490335105300398e-08
38300.056 1.0706614740399483e-07
38350.056 9.791106052100575e-08
38400.056 5.958044838999102e-08
38450.056 4.523167669099512e-08
38500.056 4.254296841300462e-08
38550.056 7.533569856300226e-08
38600.056 7.715583897499612e-08
38650.056 7.88483543379994e-08
38700.056 8.352726887799801e-08
38750.056 7.833965020699724e-08
38800.056 7.718020373900005e-08
38850.056 8.572815704300217e-08
38900.056 9.07221200069925e-08
38950.056 7.752482294900304e-08
39000.056 8.792298398799468e-08
39050.056 7.886570775100983e-08
39100.056 7.656286128589955e-08
39150.056 1.0284206014499781e-07
39200.056 9.318140378800055e-08
39250.056 9.44075586860015e-08
39300.056 8.732826073300188e-08
39350.056 1.1357757386100093e-07
39400.056 9.256319633699533e-08
39450.056 1.0870399620500577e-07
39500.056 1.1612767341799799e-07
39550.056 8.55956758630098e-08
39600.056 9.818403462200327e-08
39650.056 1.2905404941999907e-07
39700.056 1.1870961853300113e-07
39750.056 8.156879594800244e-08
39800.056 8.255218521400209e-08
39850.056 1.283337177300032e-07
39900.056 1.3272411811000104e-07
39950.056 1.0385425213700091e-07
40000.056 1.2350839315599932e-07
40050.056 1.2127126541199726e-07
40100.056 7.07429360240067e-08
40150.056 1.1715343826200293e-07
40200.056 1.2860033376999728e-07
40250.056 1.3266526170499502e-07
40300.056 1.3142073535000422e-07
40350.056 9.379631964999229e-08
40400.056 1.1595107047699929e-07
40450.056 9.229015697899814e-08
40500.056 1.2757110906099812e-07
40550.056 1.3418542255999675e-07
40600.056 1.343623236899993e-07
40650.056 1.1418186529999269e-07
40700.056 1.4954603912000018e-07
40750.056 1.2853238831199716e-07
40800.056 1.0592961406899437e-07
40850.056 1.5204948981000357e-07
40900.056 1.5086125578999752e-07
40950.056 1.1803447413499878e-07
41000.056 1.2679671047399977e-07
41050.056 1.5533301216000113e-07
41100.056 1.4554841275199245e-07
41150.056 9.692930664699858e-08
41200.056 1.464985488620078e-07
41250.056 1.4386282664999021e-07
41300.056 1.4918319477000394e-07
41350.056 1.6373172825000015e-07
41400.056 1.4723553007000002e-07
41450.056 1.6132683279000126e-07
41500.056 1.3157029850699075e-07
41550.056 1.254288026000066e-07
41600.056 1.2668970358900235e-07
41650.056 1.5532358711000312e-07
41700.056 1.6496530539999677e-07
41750.056 1.5267658413000107e-07
41800.056 1.5883611047999918e-07
41850.056 1.3323424388999673e-07
41900.056 1.2960070061298903e-07
41950.056 1.4024433644000026e-07
42000.056 1.2509524566298548e-07
42050.056 1.241318659920038e-07
42100.056 1.4136088896999556e-07
42150.056 1.3167811779599902e-07
42200.056 1.335567407599956e-07
42250.056 1.2483738915300293e-07
42300.056 1.2397331986999796e-07
42350.056 1.446441716420011e-07
42400.056 1.508209927200009e-07
42450.056 1.4283092474000404e-07
42500.056 1.4933967149999856e-07
42550.056 1.4162930826999923e-07
42600.056 1.404183847000081e-07
42650.056 1.6270965350999548e-07
42700.056 1.2924248215299346e-07
42750.056 1.2481401262800848e-07
42800.056 1.5422941086000057e-07
42850.056 1.5903127990999507e-07
42900.056 1.5540716668000255e-07
42950.056 1.396730957800013e-07
43000.056 1.5052956268999744e-07
43050.056 1.1081966234500367e-07
43100.056 1.4648087827999996e-07
43150.056 1.403939730700001e-07
43200.056 1.4595326231000192e-07
43250.056 1.7562149819000097e-07
43300.056 1.6330566422999652e-07
43350.056 1.172051826290001e-07
43400.056 1.4785572857000237e-07
43450.056 1.334809076900013e-07
43500.056 1.3022369194999981e-07
43550.056 1.2530371169300295e-07
43600.056 1.5904724798999938e-07
43650.056 1.0952529083999462e-07
43700.056 1.5124442029501137e-07
43750.056 1.6372603735999773e-07
43800.056 1.4762643285899695e-07
43850.056 1.3976788151400718e-07
43900.056 1.333656926999999e-07
43950.056 1.0896937953899732e-07
44000.056 1.0222898562699987e-07
44050.056 1.5237936065000713e-07
44100.056 1.783536905100012e-07
44150.056 1.7400328653999786e-07
44200.056 1.6674260365000026e-07
44250.056 1.277513122499969e-07
44300.056 9.664426412399928e-08
44350.056 1.0320945320800208e-07
44400.056 1.1775081659799904e-07
44450.056 1.453509293800049e-07
44500.056 1.3619175226000262e-07
44550.056 1.5981005751000094e-07
44600.056 1.3958488248200138e-07
44650.056 1.4600934656999455e-07
44700.056 1.1818431187799418e-07
44750.056 1.3108461989700642e-07
44800.056 1.1119486561999966e-07
44850.056 1.4100528903000408e-07
44900.056 1.3591140673999818e-07
44950.056 1.4471926683000327e-07
45000.056 1.5230032110999986e-07
45050.056 1.481484880099952e-07
45100.056 1.4212205980200524e-07
45150.056 1.3767644406999887e-07
45200.056 9.786955128199811e-08
45250.056 1.1309938778499905e-07
45300.056 1.1273143730000016e-07
45350.056 8.493940415400332e-08
45400.056 1.5735858439000224e-07
45450.056 1.5289610169000356e-07
45500.056 1.578161072300026e-07
45550.056 1.6748697929999554e-07
45600.056 1.6175269045000115e-07
45650.056 1.4797224829999355e-07
45700.056 9.606383901699162e-08
45750.056 8.737029699600652e-08
45800.056 1.548382888000024e-07
45850.056 1.4700682037200342e-07
45900.056 1.6395532267999865e-07
45950.056 1.5577628325999742e-07
46000.056 1.5924004963000244e-07
46050.056 1.5026224309000237e-07
46100.056 1.5946765061999565e-07
46150.056 1.2280234519200016e-07
46200.056 9.90615158899925e-08
46250.056 5.047337387259833e-08
46300.056 1.1783129635100603e-07
46350.056 1.3896506651000248e-07
46400.056 1.3754942975000064e-07
46450.056 1.2043122111199478e-07
46500.056 1.3036030074000278e-07
46550.056 1.0361924784099702e-07
46600.056 9.713738495899435e-08
46650.056 1.2535060066800462e-07
46700.056 1.0644231313399307e-07
46750.056 5.542106947300589e-08
46800.056 4.100420405319652e-08
46850.056 1.1232041228001063e-07
46900.056 1.4095457015999945e-07
46950.056 1.3926837667999788e-07
47000.056 1.388400097900019e-07
47050.056 1.0609028165598605e-07
47100.056 9.450967508400168e-08
47150.056 1.1955787729800723e-07
47200.056 1.273940639399978e-07
47250.056 6.67569648999886e-08
47300.056 4.9209258022610833e-08
47350.056 1.2574763173000392e-07
47400.056 1.3575671358999924e-07
47450.056 1.0656382649800381e-07
47500.056 1.4317199511000019e-07
47550.056 1.3155522587000158e-07
47600.056 1.2110076996899577e-07
47650.056 1.274973504669951e-07
47700.056 1.1236383794400814e-07
47750.056 9.26837331889996e-08
47800.056 6.997672937799763e-08
47850.056 2.8965269955103507e-08
47900.056 4.813344511219923e-08
47950.056 1.1018157321600604e-07
48000.056 1.284880225899967e-07
48050.056 1.1234141657799671e-07
48100.056 6.40651523785995e-08
48150.056 1.0009014496400352e-07
48200.056 8.451160199599664e-08
48250.056 1.1054514468800096e-07
48300.056 1.211766078799998e-07
48350.056 8.799191348899248e-08
48400.056 2.1764543717085116e-08
48450.056 4.217340416996932e-08
48500.056 8.104323860699311e-08
48550.056 8.814473655681216e-08
48600.056 1.221691111400016e-07
48650.056 1.3220990960999912e-07
48700.056 1.1418722445200138e-07
48750.056 8.855100646900026e-08
48800.056 1.1317494593100166e-07
48850.056 6.88164872889919e-08
48900.056 7.562443150799375e-08
48950.056 4.8396787546996184e-08
49000.056 2.9740591450045665e-08
49050.056 7.893193856299381e-08
49100.056 9.508443571000979e-08
49150.056 8.288040803999844e-08
49200.056 1.1590330022700387e-07
49250.056 1.1909822519999972e-07
49300.056 1.0556526060499597e-07
49350.056 6.372254219400337e-08
49400.056 6.620301128948943e-08
49450.056 5.510191585271149e-08
49500.056 4.988501632339264e-08
49550.056 1.1156155072599476e-08
49600.056 2.7792186496924648e-08
49650.056 7.30848180880038e-08
49700.056 8.944323783400009e-08
49750.056 8.238164576499432e-08
49800.056 4.9721275281999355e-08
49850.056 9.752956941200463e-08
49900.056 1.050201766059997e-07
49950.056 9.228616103099641e-08
50000.056 7.142304450799792e-08
50050.056 7.904505446600775e-08
50100.056 7.094367184399742e-08
50150.056 3.22678632235946e-08
50200.056 5.743094484532269e-09
50250.056 3.193483472899971e-08
50300.056 2.243962554474403e-08
50350.056 7.41218770810041e-08
50400.056 8.550308630599996e-08
50450.056 6.56184952719989e-08
50500.056 9.362929231900546e-08
50550.056 1.0217657838899966e-07
50600.056 7.440556230798932e-08
50650.056 9.231510274300617e-08
50700.056 9.60197051949983e-08
50750.056 6.403362377599722e-08
50800.056 2.2998787828574648e-08
50850.056 1.1668742795924995e-08
50900.056 6.439806334600479e-08
50950.056 7.378359445199661e-08
51000.056 5.316364223965803e-08
51050.056 7.165513473799106e-08
51100.056 3.8045938116499815e-08
51150.056 3.104274708108623e-08
51200.056 8.550628314400213e-08
51250.056 7.317530246099399e-08
51300.056 4.940014115000264e-08
51350.056 4.6940897009992256e-08
51400.056 1.7434110800493173e-08
51450.056 1.2957140220240464e-08
51500.056 1.080521229637173e-08
51550.056 4.414412659400428e-08
51600.056 4.53908618550022e-08
51650.056 5.9157106257998254e-08
51700.056 5.107364955776989e-08
51750.056 4.3705333596107904e-08
51800.056 7.428814175099955e-08
51850.056 5.7116531374997103e-08
51900.056 6.12846964600015e-08
51950.056 3.6108946968993825e-08
52000.056 3.961534760378616e-09
52050.056 1.9983237796501864e-08
52100.056 1.1649015801297472e-08
52150.056 6.882131852848129e-09
52200.056 2.2335902154298868e-08
52250.056 3.947225976830484e-08
52300.056 4.900582826099766e-08
52350.056 1.30075470440891e-08
52400.056 1.490584322767043e-08
52450.056 5.2076285594005496e-08
52500.056 4.595114541139593e-08
52550.056 4.9238946989993796e-08
52600.056 4.0153501021705107e-08
52650.056 5.2179527280998475e-08
52700.056 2.862068566389973e-08
52750.056 1.2662355722686254e-08
52800.056 2.203007856230368e-08
52850.056 2.8588683246095427e-08
52900.056 1.0397898253778119e-08
52950.056 1.8881419220403426e-08
53000.056 4.0713469837000275e-08
53050.056 1.644150105165996e-08
53100.056 5.364990503200368e-08
53150.056 5.589242392299837e-08
53200.056 2.0489560894398043e-08
53250.056 4.6981896039002416e-08
53300.056 5.210218877400655e-08
53350.056 4.837248593699853e-08
53400.056 3.164070349099734e-08
53450.056 8.389010395547841e-09
53500.056 2.149799266979438e-09
53550.056 4.719970027849943e-09
