galfind/configs/Brown_Dwarf_templates/sonora_bobcat/m-0.5/3160g/sp_t375g3160nc_m-0.5_resample.dat
# %ECSV 1.0
# ---
# datatype:
# - {name: wav, unit: Angstrom, datatype: float64}
# - {name: flux_nu, unit: erg / (cm2 Hz s), datatype: float64}
# meta: {C/O: '1.00', Kzz: '1.0000E+05', Teff: '375.', Y: '0.28', '[Fe/H]': '-0.50', f_hole: '1.00', f_rain: '0.00', grav: '3160.'}
# schema: astropy-2.0
wav flux_nu
[from data line 499]
28950.056 5.778770887147991e-11
29000.056 3.7384093380107795e-11
29050.056 8.592369199965589e-11
29100.056 2.9204859804024816e-11
29150.056 5.5298784145488586e-11
29200.056 1.4399292166200302e-10
29250.056 1.091682735539174e-10
29300.056 7.601016248983894e-11
29350.056 2.9541606638498014e-10
29400.056 1.331458012133488e-10
29450.056 3.6916502692700836e-11
29500.056 2.7765491032582605e-10
29550.056 1.0426734364704608e-10
29600.056 1.302723652392937e-10
29650.056 3.70885940138586e-10
29700.056 7.510785412088622e-11
29750.056 2.0839219762111502e-10
29800.056 1.4404264191412543e-10
29850.056 4.978160797480075e-10
29900.056 2.1949047881700806e-10
29950.056 1.3057204511550477e-10
30000.056 2.0252380714353472e-12
30050.056 4.307115696821007e-11
30100.056 1.7393931033983317e-10
30150.056 3.3292798413181747e-10
30200.056 2.4186512854295426e-10
30250.056 5.747168821290861e-10
30300.056 5.457375064349329e-10
30350.056 1.7356577212544302e-10
30400.056 6.313315477291173e-10
30450.056 5.573332597929354e-10
30500.056 2.817889538937506e-10
30550.056 2.4902626012282924e-10
30600.056 1.7287010146699778e-09
30650.056 1.0320385653060393e-09
30700.056 3.558152693039246e-10
30750.056 9.170097624839248e-10
30800.056 9.379442227459379e-10
30850.056 1.0286680583900439e-09
30900.056 3.9130304127820914e-10
30950.056 4.825243928900346e-10
31000.056 6.405561603160351e-10
31050.056 3.737194758109359e-10
31100.056 1.3587170106458713e-10
31150.056 3.6665548481392857e-10
31200.056 1.144822030399982e-09
31250.056 3.5583759021543035e-10
31300.056 1.792145024877736e-10
31350.056 6.383721993652973e-10
31400.056 3.015513776005655e-10
31450.056 4.001625151816852e-10
31500.056 1.3475735513512371e-10
31550.056 2.840867951464139e-10
31600.056 1.8008237847160007e-10
31650.056 1.19917761683097e-10
31700.056 1.3096880350301667e-10
31750.056 3.637818160718781e-11
31800.056 8.617967900499438e-11
31850.056 1.4988358769393607e-11
31900.056 4.277087231205516e-11
31950.056 1.5711144277407495e-11
32000.056 1.403883910229032e-11
32050.056 1.0698497779106993e-11
32100.056 8.148914791191687e-12
32150.056 9.639667008911687e-12
32200.056 3.495784361809618e-12
32250.056 8.590802251171416e-12
32300.056 1.9032927211817476e-12
32350.056 7.969307706440328e-12
32400.056 6.858316280189395e-13
32450.056 6.049604587420302e-12
32500.056 8.664336465556592e-13
32550.056 8.304500784000007e-12
32600.056 6.333703710894266e-13
32650.056 1.1760699163800332e-11
32700.056 1.0606707945829224e-12
32750.056 3.203585536930518e-11
32800.056 1.1132361572718558e-11
32850.056 8.159208501901341e-11
32900.056 5.2573317684651856e-11
32950.056 7.68012531670042e-11
33000.056 1.620839504048843e-11
33050.056 1.3163313275701724e-11
33100.056 1.7814339974286268e-12
33150.056 3.0519529472898527e-15
33200.056 1.320192797020609e-13
33250.056 6.049674341035188e-13
33300.056 1.3072979682872128e-11
33350.056 1.7918632364124085e-11
33400.056 7.164600291999869e-11
33450.056 7.757633542393945e-12
33500.056 6.398025853800399e-11
33550.056 9.349952827078546e-12
33600.056 2.727881709027773e-11
33650.056 3.338475364693725e-11
33700.056 4.907028066617138e-12
33750.056 4.0566805870095685e-11
33800.056 1.5503803276324194e-12
33850.056 1.8992626910434772e-11
33900.056 1.4087307962672426e-11
33950.056 1.8427579494632683e-11
34000.056 4.5664869615796856e-11
34050.056 7.66622239027941e-12
34100.056 5.556200580819628e-11
34150.056 1.1227429394823641e-11
34200.056 6.74587490205921e-11
34250.056 3.169810343756526e-11
34300.056 3.476912898529423e-11
34350.056 1.4737771871559938e-10
34400.056 1.5983600805789887e-11
34450.056 1.290946417918547e-10
34500.056 4.314234413162533e-11
34550.056 8.859283170979302e-11
34600.056 4.1439282234899525e-10
34650.056 2.7722479179916548e-11
34700.056 3.622738950080026e-10
34750.056 1.3362579834204895e-10
34800.056 1.0627150339808988e-10
34850.056 4.268308538112025e-10
34900.056 4.5844461226975714e-11
34950.056 5.590011426010265e-10
35000.056 5.219899400579315e-10
35050.056 3.750340683784415e-10
35100.056 1.1386945422181318e-09
35150.056 8.336516756098646e-10
35200.056 9.571875178201028e-10
35250.056 1.6742810810768055e-09
35300.056 3.315706984907138e-10
35350.056 3.255592677571229e-10
35400.056 2.0339869876914596e-10
35450.056 1.9071968396390756e-10
35500.056 9.293485621639119e-10
35550.056 7.975743960600776e-10
35600.056 1.3210094924541098e-09
35650.056 1.0366980253125144e-09
35700.056 1.287148711794671e-09
35750.056 2.0758405541401476e-09
35800.056 7.607262187166492e-10
35850.056 5.505973650564401e-10
35900.056 1.1255074993402393e-09
35950.056 2.0013177023600244e-09
36000.056 2.2563717370201567e-09
36050.056 1.3092786088827988e-09
36100.056 1.3267998516844902e-09
36150.056 4.102677996300206e-09
36200.056 3.994969928499879e-09
36250.056 1.9034265938005452e-09
36300.056 4.474187991319084e-09
36350.056 4.007091428400031e-09
36400.056 5.183137468299698e-09
36450.056 2.507710473774281e-09
36500.056 3.0669522299137042e-09
36550.056 7.728891905600123e-09
36600.056 9.005817605499814e-09
36650.056 3.6464989792507938e-09
36700.056 4.213483710383432e-09
36750.056 9.338888100200428e-09
36800.056 8.956740052299687e-09
36850.056 4.249813627455696e-09
36900.056 4.724647343468696e-09
36950.056 1.009464008899905e-08
37000.056 7.690558437200531e-09
37050.056 7.858025371009437e-09
37100.056 2.966232799612587e-09
37150.056 6.754102772800403e-09
37200.056 1.3549540938000113e-08
37250.056 6.094295651328955e-09
37300.056 3.7183889065303284e-09
37350.056 8.52269257380038e-09
37400.056 1.2642464000399853e-08
37450.056 6.930959397499373e-09
37500.056 6.536848502199892e-09
37550.056 1.5148078793901687e-08
37600.056 2.0361825679999437e-08
37650.056 6.848648300200555e-09
37700.056 1.1385398521000544e-08
37750.056 8.816710814300223e-09
37800.056 1.150240879410034e-08
37850.056 7.242165669899907e-09
37900.056 8.415759778099771e-09
37950.056 1.0385847597699881e-08
38000.056 9.712799530699882e-09
38050.056 1.3563367115800645e-08
38100.056 1.92111686771997e-08
38150.056 2.0424211065398867e-08
38200.056 1.4497998370000644e-08
38250.056 1.8450757478901198e-08
38300.056 2.88414325589986e-08
38350.056 2.3395448495001342e-08
38400.056 1.194908897919792e-08
38450.056 6.799884063899262e-09
38500.056 7.058084412200824e-09
38550.056 1.675699274300059e-08
38600.056 1.929415283599937e-08
38650.056 1.8310572474199967e-08
38700.056 1.7479933961899208e-08
38750.056 1.8544098446499596e-08
38800.056 1.8373835842000122e-08
38850.056 2.0522408392000553e-08
38900.056 2.0054482084198142e-08
38950.056 1.6812947623001057e-08
39000.056 2.195146242699889e-08
39050.056 1.569461995550148e-08
39100.056 1.4816963968399879e-08
39150.056 2.4338386784999778e-08
39200.056 2.352616154100023e-08
39250.056 2.0743293142000058e-08
39300.056 1.9268338518500908e-08
39350.056 2.957441504900033e-08
39400.056 2.176919542059836e-08
39450.056 2.700872819950174e-08
39500.056 2.9783921698999158e-08
39550.056 1.932569608150197e-08
39600.056 2.2575348936001407e-08
39650.056 3.475232148099999e-08
39700.056 3.1976171682999776e-08
39750.056 1.752878185019952e-08
39800.056 1.6160475021300506e-08
39850.056 3.275318218400147e-08
39900.056 3.611130464099976e-08
39950.056 2.608755257300028e-08
40000.056 3.1882596461000373e-08
40050.056 3.028846935299872e-08
40100.056 1.3791117380601751e-08
40150.056 2.9624502240000925e-08
40200.056 3.4711817480999535e-08
40250.056 3.6515245634999036e-08
40300.056 3.5381690469000614e-08
40350.056 2.1400228245698278e-08
40400.056 2.6138351738599695e-08
40450.056 2.069873959399996e-08
40500.056 3.3420411535000084e-08
40550.056 3.643537154099946e-08
40600.056 3.7835997785999794e-08
40650.056 2.9526205948998305e-08
40700.056 3.946513030500044e-08
40750.056 3.4327080548999064e-08
40800.056 2.668131297099927e-08
40850.056 4.222741077200098e-08
40900.056 4.302614791699951e-08
40950.056 3.0218477712999184e-08
41000.056 3.37965722830002e-08
41050.056 4.3939296064000674e-08
41100.056 3.968160206999765e-08
41150.056 2.330418401699967e-08
41200.056 3.994594765100258e-08
41250.056 4.0971167347997624e-08
41300.056 4.383432095200148e-08
41350.056 4.9215907436000014e-08
41400.056 4.474787649599956e-08
41450.056 4.673661057500012e-08
41500.056 3.6515068970998e-08
41550.056 3.4472282204001417e-08
41600.056 3.587260704500023e-08
41650.056 4.6704103164001e-08
41700.056 5.160865737599962e-08
41750.056 4.751075026700042e-08
41800.056 4.905703082799964e-08
41850.056 4.099033585999921e-08
41900.056 3.715220632999775e-08
41950.056 3.8271391449999714e-08
42000.056 3.122323813599664e-08
42050.056 3.3118942437000995e-08
42100.056 3.951875587499958e-08
42150.056 4.0682797862000005e-08
42200.056 4.14686138049994e-08
42250.056 3.695018604100052e-08
42300.056 3.65042153529995e-08
42350.056 4.4247933416000594e-08
42400.056 4.8072738363000276e-08
42450.056 4.939357291300057e-08
42500.056 5.092736938399978e-08
42550.056 4.870534973299974e-08
42600.056 4.481221206200111e-08
42650.056 4.9977692214998906e-08
42700.056 3.9967212050999024e-08
42750.056 4.4461467802001536e-08
42800.056 5.255591488600019e-08
42850.056 5.308711969199945e-08
42900.056 5.1609997084000085e-08
42950.056 4.7927310771000394e-08
43000.056 4.9642964508999474e-08
43050.056 4.061294808899951e-08
43100.056 4.740147540600063e-08
43150.056 4.8282615770000174e-08
43200.056 5.099182117600034e-08
43250.056 5.608679745100011e-08
43300.056 5.2708151690999105e-08
43350.056 4.379005222300023e-08
43400.056 4.947969982700017e-08
43450.056 4.5794820691999914e-08
43500.056 4.2694846294000024e-08
43550.056 4.2859123559000746e-08
43600.056 5.137155498699984e-08
43650.056 3.9885949237998845e-08
43700.056 4.8450710019002524e-08
43750.056 5.3812140260999714e-08
43800.056 4.973757644299946e-08
43850.056 4.756321512000082e-08
43900.056 4.4389129489999904e-08
43950.056 3.849004685099933e-08
44000.056 3.81639080170002e-08
44050.056 5.014776289900159e-08
44100.056 5.6120386032000123e-08
44150.056 5.482399659499974e-08
44200.056 5.346620725599985e-08
44250.056 4.492739135199918e-08
44300.056 3.565625849199935e-08
44350.056 3.551373091900052e-08
44400.056 4.096135217599998e-08
44450.056 4.7404320527001084e-08
44500.056 4.6197909483999895e-08
44550.056 5.016701546300021e-08
44600.056 4.6079373749000095e-08
44650.056 4.8333627790999195e-08
44700.056 4.251845774999896e-08
44750.056 4.493090374900089e-08
44800.056 3.926027197299949e-08
44850.056 4.526920766500099e-08
44900.056 4.651435494399982e-08
44950.056 4.922577210400048e-08
45000.056 5.0731208884999935e-08
45050.056 4.856979799899908e-08
45100.056 4.694407065000084e-08
45150.056 4.532579229599961e-08
45200.056 3.466933994799931e-08
45250.056 3.873680483000022e-08
45300.056 3.756392541099927e-08
45350.056 2.9717596973001204e-08
45400.056 4.892509229800053e-08
45450.056 4.834964179600064e-08
45500.056 5.0969478439000525e-08
45550.056 5.199843849699927e-08
45600.056 5.069416093500014e-08
45650.056 4.734586667999876e-08
45700.056 3.273951935899716e-08
45750.056 3.116637870300219e-08
45800.056 4.7354051604000356e-08
45850.056 4.552566652100072e-08
45900.056 5.1737801296000014e-08
45950.056 5.1400903112999645e-08
46000.056 5.050292069600003e-08
46050.056 4.8247396256000543e-08
46100.056 4.93645769989991e-08
46150.056 4.163067160799984e-08
46200.056 3.213258751399743e-08
46250.056 1.751836571380009e-08
46300.056 3.6799268041001745e-08
46350.056 4.365811200300024e-08
46400.056 4.4290259280000116e-08
46450.056 3.8962654747999144e-08
46500.056 4.297082708400005e-08
46550.056 3.5013480821998873e-08
46600.056 3.0703853555999326e-08
46650.056 3.8737387333000745e-08
46700.056 3.2637773515998146e-08
46750.056 1.732595173600102e-08
46800.056 1.2015050019699152e-08
46850.056 3.162330111100316e-08
46900.056 4.2951105410000404e-08
46950.056 4.450582696999986e-08
47000.056 4.489441184500008e-08
47050.056 3.5263884092997534e-08
47100.056 3.358328103400048e-08
47150.056 3.8350855890001136e-08
47200.056 3.8438845919999195e-08
47250.056 1.9896379760096523e-08
47300.056 1.52249853079032e-08
47350.056 3.7134748901001175e-08
47400.056 4.1829051111999934e-08
47450.056 3.490165593500036e-08
47500.056 4.372193899500068e-08
47550.056 4.324791860800004e-08
47600.056 3.682368573299911e-08
47650.056 3.885390572599915e-08
47700.056 3.536301211200098e-08
47750.056 3.048034100599956e-08
47800.056 1.9777616822398132e-08
47850.056 7.04718333269104e-09
47900.056 1.3644143792200225e-08
47950.056 3.171938406500183e-08
48000.056 3.69392846549991e-08
48050.056 3.318714715799984e-08
48100.056 2.1383931177799633e-08
48150.056 3.202778635500083e-08
48200.056 2.4890304097998967e-08
48250.056 3.299374894900049e-08
48300.056 3.3663561519999474e-08
48350.056 2.2871255919997697e-08
48400.056 4.823122552038735e-09
48450.056 9.07969132629213e-09
48500.056 2.0195572317998698e-08
48550.056 2.3156202821503653e-08
48600.056 3.7037808862000564e-08
48650.056 3.968472875599991e-08
48700.056 3.682457017500002e-08
48750.056 3.3329062553999974e-08
48800.056 3.5015768045999666e-08
48850.056 2.1097629475598252e-08
48900.056 1.8444074366998174e-08
48950.056 1.0279318335199163e-08
49000.056 6.696563442761547e-09
49050.056 2.058485087099923e-08
49100.056 2.6852993429002375e-08
49150.056 2.6514249120999743e-08
49200.056 3.505138117800096e-08
49250.056 3.656860198399985e-08
49300.056 3.1880309285998644e-08
49350.056 1.973259361150051e-08
49400.056 1.817286685809726e-08
49450.056 1.3918329228402452e-08
49500.056 1.1314204332098216e-08
49550.056 1.927663954279864e-09
49600.056 5.056193839662972e-09
49650.056 1.8849677705001582e-08
49700.056 2.6031888331000486e-08
49750.056 2.1241457298598776e-08
49800.056 1.274791187710002e-08
49850.056 2.7216785256001334e-08
49900.056 3.1018473705e-08
49950.056 2.8725851798999314e-08
50000.056 1.8886992400698054e-08
50050.056 1.859442756200245e-08
50100.056 1.6804820614999084e-08
50150.056 5.911938949298791e-09
50200.056 7.265391950373059e-10
50250.056 5.1834877852000175e-09
50300.056 4.061229606520871e-09
50350.056 1.7582283331001274e-08
50400.056 2.4335811210000498e-08
50450.056 2.3102005476999612e-08
50500.056 2.8127120255001128e-08
50550.056 3.05334370449998e-08
50600.056 2.4000213942998523e-08
50650.056 2.7746898764000515e-08
50700.056 2.534932476999916e-08
50750.056 1.6044315449598894e-08
50800.056 4.074940450662751e-09
50850.056 1.6545869324907938e-09
50900.056 1.324776378910148e-08
50950.056 1.7475183235998965e-08
51000.056 1.213162996090204e-08
51050.056 1.9447241313598288e-08
51100.056 1.1534146296399866e-08
51150.056 6.475734868611378e-09
51200.056 2.1132415183000992e-08
51250.056 2.0598627481999117e-08
51300.056 1.3791656737199824e-08
51350.056 8.848189172098336e-09
51400.056 2.166233500710431e-09
51450.056 1.6414715844404998e-09
51500.056 1.6170216614686058e-09
51550.056 8.919828341601024e-09
51600.056 1.294507118520051e-08
51650.056 1.730624412500004e-08
51700.056 1.2707083187497553e-08
51750.056 1.1651309645102095e-08
51800.056 1.9453385572000068e-08
51850.056 1.564647429099919e-08
51900.056 1.2872679551999651e-08
51950.056 5.790943917698716e-09
52000.056 4.283233001018634e-10
52050.056 2.9570456902402247e-09
52100.056 1.3546416912595778e-09
52150.056 6.70409970051276e-10
52200.056 4.145644834700256e-09
52250.056 8.312676499200706e-09
52300.056 8.560300103899338e-09
52350.056 1.5201008737128185e-09
52400.056 1.9760477031101566e-09
52450.056 9.840026346901206e-09
52500.056 8.50411133420962e-09
52550.056 1.2160648885998733e-08
52600.056 1.1062265456101244e-08
52650.056 1.4304216845999462e-08
52700.056 7.3311933512994e-09
52750.056 1.86863479449331e-09
52800.056 4.366525989800788e-09
52850.056 5.451239260499352e-09
52900.056 1.1402929749394439e-09
52950.056 2.4637789842805823e-09
53000.056 7.77834761820014e-09
53050.056 3.1262524208400586e-09
53100.056 1.2167761575701107e-08
53150.056 1.377036744299957e-08
53200.056 5.933071141599501e-09
53250.056 1.1402836672000316e-08
53300.056 1.1163743525600387e-08
53350.056 9.654339062899488e-09
53400.056 5.260522382199376e-09
53450.056 1.0332986083596716e-09
53500.056 1.7956213821997388e-10
53550.056 3.8505205794299704e-10
