galfind/configs/Brown_Dwarf_templates/sonora_bobcat/m-0.5/3160g/sp_t650g3160nc_m-0.5_resample.dat
# %ECSV 1.0
# ---
# datatype:
# - {name: wav, unit: Angstrom, datatype: float64}
# - {name: flux_nu, unit: erg / (cm2 Hz s), datatype: float64}
# meta: {C/O: '1.00', Kzz: '1.0000E+05', Teff: '650.', Y: '0.28', '[Fe/H]': '-0.50', f_hole: '1.00', f_rain: '0.00', grav: '3160.'}
# schema: astropy-2.0
wav flux_nu
[from data line 500]
29000.056 5.013851213531006e-09
29050.056 6.8181572966708775e-09
29100.056 3.5819275678301555e-09
29150.056 7.882735348867106e-09
29200.056 6.795391222204633e-09
29250.056 9.011457791322188e-09
29300.056 5.244093372564262e-09
29350.056 1.6973632835459432e-08
29400.056 6.593315365646434e-09
29450.056 6.124057413989126e-09
29500.056 1.2355011601555064e-08
29550.056 7.696258552326055e-09
29600.056 9.997215455355816e-09
29650.056 1.5144599830689644e-08
29700.056 7.164709082186262e-09
29750.056 1.2516332181034113e-08
29800.056 1.1155812344300821e-08
29850.056 1.807896871079852e-08
29900.056 1.3451805469072221e-08
29950.056 1.0994939872709984e-08
30000.056 7.712299979257688e-10
30050.056 2.93436755213404e-09
30100.056 7.019852880331567e-09
30150.056 1.4351733877800709e-08
30200.056 1.180062566940896e-08
30250.056 2.3233164688302056e-08
30300.056 2.0476630065298402e-08
30350.056 1.3101560701215583e-08
30400.056 2.4538376651853195e-08
30450.056 1.6351968609028918e-08
30500.056 1.5845264420859237e-08
30550.056 1.4206047384018378e-08
30600.056 3.49906517990013e-08
30650.056 2.317384296230108e-08
30700.056 1.4786876952897301e-08
30750.056 2.307589395697869e-08
30800.056 1.9849149210721554e-08
30850.056 2.085056141549839e-08
30900.056 1.3860881658581119e-08
30950.056 1.2293133457601423e-08
31000.056 1.3863058774961513e-08
31050.056 1.5842812082798326e-08
31100.056 7.892906001351664e-09
31150.056 1.2745598994219291e-08
31200.056 2.2291894769100355e-08
31250.056 1.060062428327989e-08
31300.056 9.561266850323016e-09
31350.056 1.3758432199850559e-08
31400.056 8.992844559661563e-09
31450.056 1.1969112179299496e-08
31500.056 5.108168397498064e-09
31550.056 8.60194550248363e-09
31600.056 6.004917784244754e-09
31650.056 4.661912427715458e-09
31700.056 5.914594634500682e-09
31750.056 2.6836619463282325e-09
31800.056 5.532540747210024e-09
31850.056 1.8830202863514306e-09
31900.056 3.978509667440021e-09
31950.056 1.9711596342506142e-09
32000.056 2.6254052842231156e-09
32050.056 2.4210346995682185e-09
32100.056 1.866293352315729e-09
32150.056 2.6797671889199493e-09
32200.056 1.4981441467128577e-09
32250.056 3.2741077386208073e-09
32300.056 1.2601269662781848e-09
32350.056 3.7377463676205215e-09
32400.056 1.134549469037948e-09
32450.056 3.3100853375198665e-09
32500.056 1.5666982858998142e-09
32550.056 3.391186642349709e-09
32600.056 2.054027677279749e-09
32650.056 4.411381518919303e-09
32700.056 2.697584935112093e-09
32750.056 7.378810330261312e-09
32800.056 6.517685397321356e-09
32850.056 1.1183330342101666e-08
32900.056 1.0659472380515914e-08
32950.056 1.157830025620057e-08
33000.056 6.1439219619017255e-09
33050.056 7.294992045100593e-09
33100.056 2.186395156706349e-09
33150.056 2.7461723616742137e-11
33200.056 1.1592489263599007e-10
33250.056 1.8788723902696068e-10
33300.056 6.6304333595719e-10
33350.056 1.734808142536974e-09
33400.056 4.208229466800271e-09
33450.056 3.213896341741807e-09
33500.056 9.265592069200647e-09
33550.056 3.6938513222425095e-09
33600.056 6.786996566609306e-09
33650.056 7.548100016299718e-09
33700.056 3.0597429268427625e-09
33750.056 9.521492176579782e-09
33800.056 1.7774262685307234e-09
33850.056 5.117488018787685e-09
33900.056 4.522069240547552e-09
33950.056 4.151444784536124e-09
34000.056 7.539192937749955e-09
34050.056 1.8134322803173758e-09
34100.056 6.731511002480539e-09
34150.056 2.5751326923970637e-09
34200.056 5.922079587768261e-09
34250.056 5.038155998198561e-09
34300.056 3.4037055342624983e-09
34350.056 8.269190052980945e-09
34400.056 2.676096955212676e-09
34450.056 8.057880570399307e-09
34500.056 5.469704486959609e-09
34550.056 3.547972566576426e-09
34600.056 1.2458035049200065e-08
34650.056 2.794166331697692e-09
34700.056 1.0230445530081345e-08
34750.056 6.724834710888208e-09
34800.056 4.641320963945102e-09
34850.056 1.432820117609993e-08
34900.056 4.6610000847498455e-09
34950.056 1.2498802468180094e-08
35000.056 1.7108742853258704e-08
35050.056 7.500147053434466e-09
35100.056 2.0984089429121836e-08
35150.056 1.5860377752637867e-08
35200.056 1.5170888928330086e-08
35250.056 2.6666129148456113e-08
35300.056 7.990284389970947e-09
35350.056 1.6079884228259678e-08
35400.056 1.4562257854197429e-08
35450.056 1.0169260150440582e-08
35500.056 2.8054655287198083e-08
35550.056 1.7276086313502494e-08
35600.056 2.3214663847705347e-08
35650.056 2.6619275043974155e-08
35700.056 1.9629330344078007e-08
35750.056 3.707034630810221e-08
35800.056 2.9564223058502234e-08
35850.056 1.845263852241812e-08
35900.056 3.180711684000613e-08
35950.056 3.581284728299805e-08
36000.056 3.563388390340414e-08
36050.056 3.302436993819604e-08
36100.056 2.7617339284195684e-08
36150.056 4.722433175300051e-08
36200.056 5.310559999799669e-08
36250.056 3.6354169809491904e-08
36300.056 6.14322681561361e-08
36350.056 5.441298298200152e-08
36400.056 6.335095844099528e-08
36450.056 5.0080179631998595e-08
36500.056 5.734590115376069e-08
36550.056 8.236263276400422e-08
36600.056 9.316047728099526e-08
36650.056 6.459247083570923e-08
36700.056 6.75497818391576e-08
36750.056 9.463003473800453e-08
36800.056 9.46110174979985e-08
36850.056 7.340174686995211e-08
36900.056 7.890292024540549e-08
36950.056 1.0463071683098772e-07
37000.056 8.838940970800125e-08
37050.056 9.771009193600173e-08
37100.056 6.948172255490363e-08
37150.056 9.519395859400482e-08
37200.056 1.2591776481999634e-07
37250.056 8.005204535898795e-08
37300.056 6.875533974779673e-08
37350.056 1.0950664486200646e-07
37400.056 1.3579969419699788e-07
37450.056 8.570246081659568e-08
37500.056 9.204840854899692e-08
37550.056 1.4243483619101748e-07
37600.056 1.6420428032000202e-07
37650.056 8.823729889600894e-08
37700.056 1.291613589410068e-07
37750.056 1.0088852486100705e-07
37800.056 1.244011045050068e-07
37850.056 8.441002887499934e-08
37900.056 1.0301158151200006e-07
37950.056 1.2246158675099954e-07
38000.056 1.2207856896699728e-07
38050.056 1.2779897951100835e-07
38100.056 1.5895004663300256e-07
38150.056 1.656006845939939e-07
38200.056 1.400675540680013e-07
38250.056 1.4850279589100691e-07
38300.056 1.9803348679998908e-07
38350.056 1.907807208100105e-07
38400.056 1.3005306584198305e-07
38450.056 1.1253797610798731e-07
38500.056 1.0496691370501085e-07
38550.056 1.578348708700056e-07
38600.056 1.5477744567999022e-07
38650.056 1.609400864799977e-07
38700.056 1.7496686414999883e-07
38750.056 1.5961515192999472e-07
38800.056 1.5782641704999882e-07
38850.056 1.724696541000042e-07
38900.056 1.8483964897598588e-07
38950.056 1.636352454500041e-07
39000.056 1.7420514378998857e-07
39050.056 1.7079070071002035e-07
39100.056 1.6485895332499955e-07
39150.056 2.0359060551999536e-07
39200.056 1.8257498508000004e-07
39250.056 1.9332197359000381e-07
39300.056 1.8165177439400155e-07
39350.056 2.1614579504000108e-07
39400.056 1.8738512052799483e-07
39450.056 2.1116359094600866e-07
39500.056 2.213181894999977e-07
39550.056 1.77108398777021e-07
39600.056 1.9888166781000218e-07
39650.056 2.4085864691999765e-07
39700.056 2.2319776421000462e-07
39750.056 1.7352439908500982e-07
39800.056 1.7893569476500367e-07
39850.056 2.4257181844000366e-07
39900.056 2.464980707900037e-07
39950.056 2.058549240300006e-07
40000.056 2.3578181347999652e-07
40050.056 2.322205310499976e-07
40100.056 1.5923688171201166e-07
40150.056 2.2734390378000487e-07
40200.056 2.4127923885999365e-07
40250.056 2.451855537399887e-07
40300.056 2.452644000500092e-07
40350.056 1.9431759854998527e-07
40400.056 2.314184606639998e-07
40450.056 1.9194828668999637e-07
40500.056 2.411055503099955e-07
40550.056 2.519280368999927e-07
40600.056 2.474414921499996e-07
40650.056 2.2169740053798432e-07
40700.056 2.7745067311999825e-07
40750.056 2.400791562799927e-07
40800.056 2.0834219627998642e-07
40850.056 2.7745353890000634e-07
40900.056 2.726871693499941e-07
40950.056 2.2922082723399954e-07
41000.056 2.3828494027999758e-07
41050.056 2.788633459899993e-07
41100.056 2.6684066268998805e-07
41150.056 1.9710556364999712e-07
41200.056 2.6958831295001107e-07
41250.056 2.611531314099834e-07
41300.056 2.6278665717000447e-07
41350.056 2.8820158888e-07
41400.056 2.617374719200027e-07
41450.056 2.8770255112000165e-07
41500.056 2.4382225442998166e-07
41550.056 2.3236241424001348e-07
41600.056 2.347908102150063e-07
41650.056 2.7508671546000544e-07
41700.056 2.814475094799913e-07
41750.056 2.661812708999997e-07
41800.056 2.782759493000003e-07
41850.056 2.314931097399941e-07
41900.056 2.3776334599997842e-07
41950.056 2.5975769051000174e-07
42000.056 2.400822650199731e-07
42050.056 2.2997558548000647e-07
42100.056 2.6116972305998915e-07
42150.056 2.3006772995999783e-07
42200.056 2.3347366183998926e-07
42250.056 2.2937769671000455e-07
42300.056 2.2716384392999627e-07
42350.056 2.562332620800019e-07
42400.056 2.640423450900019e-07
42450.056 2.376900413000098e-07
42500.056 2.496161020299968e-07
42550.056 2.3604985350999816e-07
42600.056 2.4605475574001875e-07
42650.056 2.8538316263999106e-07
42700.056 2.3257895278998416e-07
42750.056 2.07681466050019e-07
42800.056 2.5800171502000113e-07
42850.056 2.7022275143998647e-07
42900.056 2.6642546196000807e-07
42950.056 2.3478624760999958e-07
43000.056 2.579909256699955e-07
43050.056 1.836439069800154e-07
43100.056 2.514184628399967e-07
43150.056 2.3357891993000038e-07
43200.056 2.415025860600034e-07
43250.056 2.9815542241000273e-07
43300.056 2.8063382589999506e-07
43350.056 1.9144689568999597e-07
43400.056 2.5093641220000666e-07
43450.056 2.2278450243000566e-07
43500.056 2.2529554810999865e-07
43550.056 2.1604571291000436e-07
43600.056 2.7349826134000045e-07
43650.056 1.849153982779909e-07
43700.056 2.6719506782002097e-07
43750.056 2.7702632391999514e-07
43800.056 2.5140867942999164e-07
43850.056 2.3610343929001792e-07
43900.056 2.3154164188999868e-07
43950.056 1.871704645599951e-07
44000.056 1.7074608075499955e-07
44050.056 2.6211336864001275e-07
44100.056 3.0805565519000324e-07
44150.056 3.029210361799953e-07
44200.056 2.8645892960000163e-07
44250.056 2.13653162429995e-07
44300.056 1.638639480900027e-07
44350.056 1.8224143731800486e-07
44400.056 1.9984756008999664e-07
44450.056 2.5275092678000835e-07
44500.056 2.3292077772001116e-07
44550.056 2.8132798400000104e-07
44600.056 2.454845598000043e-07
44650.056 2.513667177399885e-07
44700.056 1.9927043951398787e-07
44750.056 2.2435553331001663e-07
44800.056 1.9382191114300181e-07
44850.056 2.5172236361000727e-07
44900.056 2.305866738799962e-07
44950.056 2.443318746100089e-07
45000.056 2.595001066300004e-07
45050.056 2.560393717899903e-07
45100.056 2.462742888700111e-07
45150.056 2.4080506959999844e-07
45200.056 1.7344194583199818e-07
45250.056 1.986474161599944e-07
45300.056 1.9952602241000512e-07
45350.056 1.5404132733000376e-07
45400.056 2.769991877900054e-07
45450.056 2.6871127061000727e-07
45500.056 2.7267728169000507e-07
45550.056 2.9460786074998974e-07
45600.056 2.8532205258000337e-07
45650.056 2.602611371699864e-07
45700.056 1.732149883859882e-07
45750.056 1.5589495664800925e-07
45800.056 2.795825565600055e-07
45850.056 2.6455559732000677e-07
45900.056 2.871391588099965e-07
45950.056 2.624404466399945e-07
46000.056 2.786265321500094e-07
46050.056 2.5967149628000286e-07
46100.056 2.8442111929999206e-07
46150.056 2.1386740092000053e-07
46200.056 1.8193948638398853e-07
46250.056 9.632362119149457e-08
46300.056 2.1421840945600915e-07
46350.056 2.46401836180006e-07
46400.056 2.4010985002000235e-07
46450.056 2.101281602209886e-07
46500.056 2.2436821396001064e-07
46550.056 1.8100506356499736e-07
46600.056 1.7942244634298564e-07
46650.056 2.2997265546001069e-07
46700.056 1.9735543015998635e-07
46750.056 1.0935898942601331e-07
46800.056 8.492483731599457e-08
46850.056 2.176006336000183e-07
46900.056 2.5371603391999635e-07
46950.056 2.444622821799941e-07
47000.056 2.4079235548000605e-07
47050.056 1.897774499869709e-07
47100.056 1.6260421917000287e-07
47150.056 2.1244816425001592e-07
47200.056 2.3291420579999604e-07
47250.056 1.3005981441898114e-07
47300.056 9.59546945779187e-08
47350.056 2.3505424228000642e-07
47400.056 2.4310047625999764e-07
47450.056 1.935964396660086e-07
47500.056 2.555020796599979e-07
47550.056 2.2571115990000427e-07
47600.056 2.2105162133999134e-07
47650.056 2.2931660672598968e-07
47700.056 2.002288436220184e-07
47750.056 1.6313561281999937e-07
47800.056 1.3584093516000162e-07
47850.056 6.58448583907062e-08
47900.056 9.948960501599681e-08
47950.056 2.0795046302001009e-07
48000.056 2.3945890139999515e-07
48050.056 2.121465030459906e-07
48100.056 1.1871872635199994e-07
48150.056 1.7773376598000628e-07
48200.056 1.5777109342699414e-07
48250.056 1.9901909719000037e-07
48300.056 2.2858740434000153e-07
48350.056 1.7126138207998736e-07
48400.056 5.221646656429045e-08
48450.056 9.702072707951991e-08
48500.056 1.6334095070998292e-07
48550.056 1.7341313185901954e-07
48600.056 2.153347544400026e-07
48650.056 2.3653440699999808e-07
48700.056 1.9996383996000382e-07
48750.056 1.407696759600035e-07
48800.056 2.0167282634000674e-07
48850.056 1.299218851659833e-07
48900.056 1.58613958121989e-07
48950.056 1.0924453577899225e-07
49000.056 6.706444612275006e-08
49050.056 1.5971454736998616e-07
49100.056 1.8224431253601814e-07
49150.056 1.5110477927199728e-07
49200.056 2.0879860825000746e-07
49250.056 2.0809993950000004e-07
49300.056 1.8610949766999284e-07
49350.056 1.1357329209601105e-07
49400.056 1.3080402032297928e-07
49450.056 1.1545379831202444e-07
49500.056 1.0653158123758547e-07
49550.056 3.2620578801398514e-08
49600.056 6.955090867137047e-08
49650.056 1.3846749938000257e-07
49700.056 1.583364175399952e-07
49750.056 1.6331979919498957e-07
49800.056 1.0599084814439805e-07
49850.056 1.8342995904000876e-07
49900.056 1.8913925492999946e-07
49950.056 1.5993934421599337e-07
50000.056 1.3808855856000193e-07
50050.056 1.576960475990084e-07
50100.056 1.3975416815999544e-07
50150.056 7.478737692398979e-08
50200.056 1.9539110846946314e-08
50250.056 8.26173831029988e-08
50300.056 5.762912125280816e-08
50350.056 1.489597494900078e-07
50400.056 1.5495902863599853e-07
50450.056 1.1141810472799976e-07
50500.056 1.6928716400001007e-07
50550.056 1.8106028391999939e-07
50600.056 1.2678522072897763e-07
50650.056 1.6454483465001645e-07
50700.056 1.8138510997999822e-07
50750.056 1.2324698908799775e-07
50800.056 5.573636508298915e-08
50850.056 3.5654008335012614e-08
50900.056 1.3911344404000593e-07
50950.056 1.440300086999969e-07
51000.056 1.1393488824901477e-07
51050.056 1.384671007249822e-07
51100.056 7.206451467999833e-08
51150.056 7.147017541179303e-08
51200.056 1.6805581095000122e-07
51250.056 1.3344268672698811e-07
51300.056 9.349273897000783e-08
51350.056 1.0228774060758355e-07
51400.056 4.9436193014907964e-08
51450.056 3.737128861424106e-08
51500.056 3.097063877570929e-08
51550.056 9.685031919900861e-08
51600.056 8.42933375580046e-08
51650.056 1.040879363629947e-07
51700.056 1.0328686294348047e-07
51750.056 8.445681271951357e-08
51800.056 1.3790012426999557e-07
51850.056 1.0629562849099533e-07
51900.056 1.303411162260054e-07
51950.056 8.918917326098845e-08
52000.056 1.5145353644095395e-08
52050.056 5.251020938400496e-08
52100.056 3.5775357564994884e-08
52150.056 2.396463550730511e-08
52200.056 5.19206136248966e-08
52250.056 8.231005758651029e-08
52300.056 1.1258975608599692e-07
52350.056 4.134384616029047e-08
52400.056 4.3514436488100885e-08
52450.056 1.121673344310111e-07
52500.056 1.0221729207118806e-07
52550.056 9.862163369098922e-08
52600.056 7.909378689460881e-08
52650.056 9.739016199499981e-08
52700.056 5.957626203260135e-08
52750.056 3.401350920029233e-08
52800.056 5.041704265800761e-08
52850.056 6.382391984148883e-08
52900.056 3.37759015418187e-08
52950.056 5.22452868051067e-08
53000.056 8.784129652400085e-08
53050.056 4.071846225639699e-08
53100.056 1.0595048243300557e-07
53150.056 1.1005475070799859e-07
53200.056 4.220121892529618e-08
53250.056 9.405222601000605e-08
53300.056 1.084141258470189e-07
53350.056 1.004175993229976e-07
53400.056 7.432449767199571e-08
53450.056 2.684499997009485e-08
53500.056 9.738338747977263e-09
