galfind/configs/Brown_Dwarf_templates/sonora_bobcat/m-0.5/3160g/sp_t850g3160nc_m-0.5_resample.dat
# %ECSV 1.0
# ---
# datatype:
# - {name: wav, unit: Angstrom, datatype: float64}
# - {name: flux_nu, unit: erg / (cm2 Hz s), datatype: float64}
# meta: {C/O: '1.00', Kzz: '1.0000E+05', Teff: '850.', Y: '0.28', '[Fe/H]': '-0.50', f_hole: '1.00', f_rain: '0.00', grav: '3160.'}
# schema: astropy-2.0
wav flux_nu
[from data line 498]
28900.056 1.7020761136529817e-08
28950.056 3.1743479353545496e-08
29000.056 2.8613782469214256e-08
29050.056 3.4491357533741743e-08
29100.056 2.1527775427454856e-08
29150.056 4.425097384360351e-08
29200.056 3.051608410923985e-08
29250.056 4.279293360797812e-08
29300.056 2.4619220221646603e-08
29350.056 7.289657904730066e-08
29400.056 3.323212395929575e-08
29450.056 3.531942111549917e-08
29500.056 4.832943023365374e-08
29550.056 3.767875162126693e-08
29600.056 4.6016772316085784e-08
29650.056 5.325117506449985e-08
29700.056 3.8135271967363607e-08
29750.056 5.4095603727612974e-08
29800.056 5.218029169396594e-08
29850.056 6.325640580869045e-08
29900.056 5.8833855356313064e-08
29950.056 5.291327358533302e-08
30000.056 8.808679924623494e-09
30050.056 1.86851500426007e-08
30100.056 3.0915328651905357e-08
30150.056 5.658970036500074e-08
30200.056 4.9994325684499843e-08
30250.056 8.477224081400575e-08
30300.056 7.308351480199558e-08
30350.056 6.09202382130027e-08
30400.056 8.774901181520964e-08
30450.056 5.824269052930012e-08
30500.056 6.104615080819928e-08
30550.056 5.8576759120397324e-08
30600.056 9.500508606700539e-08
30650.056 6.994980610600247e-08
30700.056 5.472336863059282e-08
30750.056 6.985764511459281e-08
30800.056 6.205897451120761e-08
30850.056 5.942459592439305e-08
30900.056 4.657191813818733e-08
30950.056 4.172087055990703e-08
31000.056 4.4217563987605796e-08
31050.056 5.4722463573996526e-08
31100.056 3.257575309110275e-08
31150.056 4.408759660479749e-08
31200.056 6.16609471810043e-08
31250.056 3.67545511984792e-08
31300.056 3.53335199775134e-08
31350.056 4.0001983489986307e-08
31400.056 2.990192671976038e-08
31450.056 3.739062553039585e-08
31500.056 2.0786902166408316e-08
31550.056 2.852396599748749e-08
31600.056 2.2215559002319147e-08
31650.056 1.84213774376412e-08
31700.056 2.3108049090800952e-08
31750.056 1.3906477736615513e-08
31800.056 2.2981040240998706e-08
31850.056 1.1746092528486409e-08
31900.056 1.9300765815201773e-08
31950.056 1.094764642648101e-08
32000.056 1.5438679894588018e-08
32050.056 1.468478488895094e-08
32100.056 1.2427725403533617e-08
32150.056 1.6915626730499617e-08
32200.056 1.1210348632979345e-08
32250.056 2.0591988491204994e-08
32300.056 9.785510963413195e-09
32350.056 2.2608100281802993e-08
32400.056 1.0375237340239767e-08
32450.056 2.1001499459597044e-08
32500.056 1.4583294619568412e-08
32550.056 2.011651185949827e-08
32600.056 1.928383543673085e-08
32650.056 2.5070063333793945e-08
32700.056 2.294980985383311e-08
32750.056 3.415682793350405e-08
32800.056 3.5024407080653614e-08
32850.056 4.431186444060429e-08
32900.056 4.500255426926454e-08
32950.056 4.662605087690097e-08
33000.056 3.535192204773808e-08
33050.056 3.840456142040199e-08
33100.056 1.7219679463696026e-08
33150.056 9.081665227472143e-10
33200.056 1.6243145962518277e-09
33250.056 1.8104986636894395e-09
33300.056 3.4941071819510824e-09
33350.056 7.306361348090218e-09
33400.056 1.3342759501999901e-08
33450.056 1.5104467632285138e-08
33500.056 3.007923764900231e-08
33550.056 1.9774336205738864e-08
33600.056 3.2322703144395505e-08
33650.056 3.491680107590241e-08
33700.056 2.0451262858911638e-08
33750.056 4.2627663417099284e-08
33800.056 1.5827864456280784e-08
33850.056 2.8471490665898526e-08
33900.056 2.4229434356377685e-08
33950.056 2.475151328629928e-08
34000.056 3.513604498210149e-08
34050.056 1.3993983302755733e-08
34100.056 3.2082065442403025e-08
34150.056 1.7023432720180468e-08
34200.056 2.7325178196991755e-08
34250.056 2.6251222073894234e-08
34300.056 1.7940133058111886e-08
34350.056 3.106247910440409e-08
34400.056 1.6114207300078347e-08
34450.056 3.170533048039646e-08
34500.056 2.611733421979965e-08
34550.056 1.6002795917541133e-08
34600.056 4.052660259900008e-08
34650.056 1.6538401915178552e-08
34700.056 3.3605610364401745e-08
34750.056 2.865778558109345e-08
34800.056 2.0190161982769622e-08
34850.056 4.384637460799994e-08
34900.056 2.41322766636022e-08
34950.056 3.7451381745397756e-08
35000.056 5.368803342194924e-08
35050.056 2.6889772254907056e-08
35100.056 5.4620315323602684e-08
35150.056 4.80049536971976e-08
35200.056 4.4507625720499824e-08
35250.056 7.047326737678538e-08
35300.056 3.1694740437503446e-08
35350.056 5.137738382619734e-08
35400.056 5.378848542199515e-08
35450.056 3.582892055100662e-08
35500.056 7.732472976299509e-08
35550.056 5.4851059838005166e-08
35600.056 6.381154253201553e-08
35650.056 7.628810457011366e-08
35700.056 5.481095576509583e-08
35750.056 8.846152429900278e-08
35800.056 8.929990423500251e-08
35850.056 5.8100880919699805e-08
35900.056 9.259819872701035e-08
35950.056 9.380584884799398e-08
36000.056 9.226243937501019e-08
36050.056 9.696409626299331e-08
36100.056 8.001796545058133e-08
36150.056 1.1216193371299925e-07
36200.056 1.266255188759913e-07
36250.056 9.739966626498182e-08
36300.056 1.4082793981191238e-07
36350.056 1.3053800464200218e-07
36400.056 1.411307162159935e-07
36450.056 1.3233270650889262e-07
36500.056 1.3954955345739538e-07
36550.056 1.764643705850173e-07
36600.056 1.9462295616999227e-07
36650.056 1.5644381099398405e-07
36700.056 1.6754665535300546e-07
36750.056 2.0352092616000665e-07
36800.056 2.0306553315999746e-07
36850.056 1.8179663074077857e-07
36900.056 1.8858512391400497e-07
36950.056 2.2502146264997983e-07
37000.056 2.0374997799999853e-07
37050.056 2.1984077942301409e-07
37100.056 1.895462699669957e-07
37150.056 2.2080572212401155e-07
37200.056 2.597821758499919e-07
37250.056 2.0058803036597369e-07
37300.056 1.838442197689775e-07
37350.056 2.451953750800108e-07
37400.056 2.877601297899959e-07
37450.056 2.1295840630399426e-07
37500.056 2.2477818110899329e-07
37550.056 2.970347911500403e-07
37600.056 3.2499276175000893e-07
37650.056 2.1867646130602305e-07
37700.056 2.8846889397001403e-07
37750.056 2.3777891967302146e-07
37800.056 2.797283634900212e-07
37850.056 2.14600899801e-07
37900.056 2.4809813216000887e-07
37950.056 2.7838592186999783e-07
38000.056 2.859985350399931e-07
38050.056 2.856225989960186e-07
38100.056 3.264065592400095e-07
38150.056 3.385477703099939e-07
38200.056 3.1345196173000254e-07
38250.056 3.140377612600116e-07
38300.056 3.8262147273997504e-07
38350.056 3.829195838900174e-07
38400.056 2.971451099599723e-07
38450.056 2.9019445191996924e-07
38500.056 2.7242077846002287e-07
38550.056 3.4700033875001573e-07
38600.056 3.338843982499764e-07
38650.056 3.482264853299942e-07
38700.056 3.762490623700028e-07
38750.056 3.5033891422999457e-07
38800.056 3.428144451099927e-07
38850.056 3.674540503100096e-07
38900.056 3.9042275890997456e-07
38950.056 3.6165186234000415e-07
39000.056 3.7149380951997966e-07
39050.056 3.8050215996003137e-07
39100.056 3.6614529784000296e-07
39150.056 4.169533462199942e-07
39200.056 3.8148905388999707e-07
39250.056 4.0938326753000564e-07
39300.056 3.93584352609997e-07
39350.056 4.3272245086000184e-07
39400.056 3.996190827200035e-07
39450.056 4.279460899800088e-07
39500.056 4.3906603983999856e-07
39550.056 3.8912002703004386e-07
39600.056 4.2194612796999245e-07
39650.056 4.690622688999944e-07
39700.056 4.427885689300132e-07
39750.056 3.878585126900263e-07
39800.056 3.9878618814000515e-07
39850.056 4.7615837401000433e-07
39900.056 4.775473686700066e-07
39950.056 4.3503425686999694e-07
40000.056 4.712700024899929e-07
40050.056 4.6146551559000085e-07
40100.056 3.781086484440173e-07
40150.056 4.626307639600087e-07
40200.056 4.769763633899848e-07
40250.056 4.739665051699717e-07
40300.056 4.775700822100178e-07
40350.056 4.2439755637997627e-07
40400.056 4.7297612888000516e-07
40450.056 4.221415857399967e-07
40500.056 4.746116989099949e-07
40550.056 4.95490389339985e-07
40600.056 4.775284200000032e-07
40650.056 4.5429960210996676e-07
40700.056 5.290952379099939e-07
40750.056 4.65977468599975e-07
40800.056 4.2901804484996713e-07
40850.056 5.207334173200119e-07
40900.056 5.112023846099883e-07
40950.056 4.624346961800003e-07
41000.056 4.6778809725999127e-07
41050.056 5.149213377899904e-07
41100.056 4.997442484599815e-07
41150.056 4.172961032799918e-07
41200.056 5.094653816500125e-07
41250.056 4.871601544399773e-07
41300.056 4.716503793399981e-07
41350.056 5.226013245099994e-07
41400.056 4.850436047100113e-07
41450.056 5.229414855199995e-07
41500.056 4.64223442649967e-07
41550.056 4.4223954978002663e-07
41600.056 4.535841157600156e-07
41650.056 5.029144276800106e-07
41700.056 4.88611055319978e-07
41750.056 4.793505340899933e-07
41800.056 5.11231613500005e-07
41850.056 4.107500829499957e-07
41900.056 4.504150903999635e-07
41950.056 4.955055218200061e-07
42000.056 4.7286657665996185e-07
42050.056 4.3437565484000746e-07
42100.056 5.038305989199795e-07
42150.056 4.172067987399988e-07
42200.056 4.245137600899778e-07
42250.056 4.4409214569000246e-07
42300.056 4.336113162099927e-07
42350.056 4.7352343885000815e-07
42400.056 4.817229563300042e-07
42450.056 4.1434704209002427e-07
42500.056 4.3466382917999103e-07
42550.056 4.1177674767999726e-07
42600.056 4.4886496331003567e-07
42650.056 5.144181912399827e-07
42700.056 4.383586989699634e-07
42750.056 3.698782894200397e-07
42800.056 4.479950819800032e-07
42850.056 4.757293624299647e-07
42900.056 4.737142986800224e-07
42950.056 4.0801305813998605e-07
43000.056 4.5213533920999234e-07
43050.056 3.24786704130053e-07
43100.056 4.3578144515998886e-07
43150.056 3.9831938228000545e-07
43200.056 4.104178018500034e-07
43250.056 5.05600000780008e-07
43300.056 4.87156244209996e-07
43350.056 3.331752937299759e-07
43400.056 4.3557320949001573e-07
43450.056 3.85099422060022e-07
43500.056 4.03561038309994e-07
43550.056 3.9219789673000256e-07
43600.056 4.790131469300092e-07
43650.056 3.339796112299903e-07
43700.056 4.852290736800349e-07
43750.056 4.76389330449994e-07
43800.056 4.4298510519997485e-07
43850.056 4.1184498384004195e-07
43900.056 4.233756518799925e-07
43950.056 3.440172396199882e-07
44000.056 3.0821718557000214e-07
44050.056 4.6345033308001997e-07
44100.056 5.382383612800083e-07
44150.056 5.401343943399899e-07
44200.056 4.993816311600047e-07
44250.056 3.7524597412999265e-07
44300.056 3.024334875340191e-07
44350.056 3.457793785180133e-07
44400.056 3.5850891958998867e-07
44450.056 4.536221844200128e-07
44500.056 4.1750015808003754e-07
44550.056 5.036001644899973e-07
44600.056 4.5284331178001233e-07
44650.056 4.4657394939998017e-07
44700.056 3.5856956038997625e-07
44750.056 4.0090472144004465e-07
44800.056 3.661517042680094e-07
44850.056 4.6964516188001323e-07
44900.056 4.0612374570999585e-07
44950.056 4.2764997253002536e-07
45000.056 4.539820156500043e-07
45050.056 4.534709553799821e-07
45100.056 4.4234774827001994e-07
45150.056 4.4052680476999783e-07
45200.056 3.3593066207000027e-07
45250.056 3.7570779805997843e-07
45300.056 3.715399804300195e-07
45350.056 3.077700741559962e-07
45400.056 4.916823836900151e-07
45450.056 4.812367419600111e-07
45500.056 4.792482718400105e-07
45550.056 5.229336210499772e-07
45600.056 5.113635722100098e-07
45650.056 4.687857597299725e-07
45700.056 3.372386811559888e-07
45750.056 3.0973740166901046e-07
45800.056 5.128614297600116e-07
45850.056 4.881301684500109e-07
45900.056 5.123349838899946e-07
45950.056 4.4818607984999344e-07
46000.056 4.936973938500311e-07
46050.056 4.5366932929999833e-07
46100.056 5.137680628699883e-07
46150.056 3.914531885000006e-07
46200.056 3.555112467109866e-07
46250.056 2.1254951554798373e-07
46300.056 4.0335834049000776e-07
46350.056 4.440408099900112e-07
46400.056 4.288603016300096e-07
46450.056 3.767195687899793e-07
46500.056 3.976301660800341e-07
46550.056 3.342481439400032e-07
46600.056 3.5021758568396666e-07
46650.056 4.3822491397002377e-07
46700.056 3.814661114599727e-07
46750.056 2.410346480290295e-07
46800.056 1.9844493253399762e-07
46850.056 4.3199358585002956e-07
46900.056 4.6202207273998884e-07
46950.056 4.389633426899855e-07
47000.056 4.278528924900167e-07
47050.056 3.5989594226394413e-07
47100.056 3.0003532591000584e-07
47150.056 3.8712500855003153e-07
47200.056 4.331705912199913e-07
47250.056 2.755064215669723e-07
47300.056 2.0848446730502705e-07
47350.056 4.4946605244000676e-07
47400.056 4.4071426216999187e-07
47450.056 3.7569182442101656e-07
47500.056 4.553691928899915e-07
47550.056 3.9927403010000924e-07
47600.056 4.1272004514998286e-07
47650.056 4.1888127731997726e-07
47700.056 3.6810063687003963e-07
47750.056 3.053156883399981e-07
47800.056 2.8008089649001457e-07
47850.056 1.6906258800801026e-07
47900.056 2.278042888009894e-07
47950.056 3.994600372800131e-07
48000.056 4.4599725635999784e-07
48050.056 4.126408295799764e-07
48100.056 2.4201546866000137e-07
48150.056 3.3293393394000924e-07
48200.056 3.066268760779906e-07
48250.056 3.649517150099957e-07
48300.056 4.3286976937000336e-07
48350.056 3.293929214499834e-07
48400.056 1.4100968297797985e-07
48450.056 2.408629091770433e-07
48500.056 3.3806649043995816e-07
48550.056 3.490799556800272e-07
48600.056 3.8100658427000487e-07
48650.056 4.239220039899965e-07
48700.056 3.6047462825000554e-07
48750.056 2.3822377417002342e-07
48800.056 3.6957998860001835e-07
48850.056 2.622601538039637e-07
48900.056 3.4528002667998304e-07
48950.056 2.556311993299878e-07
49000.056 1.6456282170521462e-07
49050.056 3.35466613349971e-07
49100.056 3.5969281305303083e-07
49150.056 2.91211360280995e-07
49200.056 3.8490779042001516e-07
49250.056 3.6726185677000385e-07
49300.056 3.341099735099862e-07
49350.056 2.1586826943203078e-07
49400.056 2.7486818034495797e-07
49450.056 2.5814378502205454e-07
49500.056 2.3619800607797322e-07
49550.056 1.0782149741899528e-07
49600.056 1.8593758017982498e-07
49650.056 2.678241198499915e-07
49700.056 2.8508459535997275e-07
49750.056 3.3118475943998325e-07
49800.056 2.433437989343953e-07
49850.056 3.535352432900187e-07
49900.056 3.477963271300003e-07
49950.056 2.86532817489991e-07
50000.056 2.766218226460104e-07
50050.056 3.1776705365999687e-07
50100.056 2.789125617399885e-07
50150.056 1.7607192268898337e-07
50200.056 7.388180859561684e-08
50250.056 2.1775415573999587e-07
50300.056 1.611662219950155e-07
50350.056 3.0399348323001767e-07
50400.056 2.901078516299957e-07
50450.056 2.1094269422900186e-07
50500.056 3.1611111446001825e-07
50550.056 3.2774524588999966e-07
50600.056 2.2820666892396028e-07
50650.056 3.067181038300389e-07
50700.056 3.468694779399968e-07
50750.056 2.4755338375000464e-07
50800.056 1.418002089389755e-07
50850.056 1.1817211557203011e-07
50900.056 3.012593773200007e-07
50950.056 2.7856028994000616e-07
51000.056 2.558412142970263e-07
51050.056 2.7915325970796906e-07
51100.056 1.5225176561799257e-07
51150.056 1.7574405829302519e-07
51200.056 3.380406939899957e-07
51250.056 2.5221265132498234e-07
51300.056 1.8788229908702106e-07
51350.056 2.2451058793196598e-07
51400.056 1.3592470480301622e-07
51450.056 1.0874393051147872e-07
51500.056 9.708478656342415e-08
51550.056 2.221399091000171e-07
51600.056 1.7123694292900704e-07
51650.056 1.959825392029858e-07
51700.056 2.2010357507216095e-07
51750.056 1.7334435451302076e-07
51800.056 2.62216699269978e-07
51850.056 2.1021603890899286e-07
51900.056 2.8442852357001257e-07
51950.056 2.177990315399807e-07
52000.056 6.419365469498541e-08
52050.056 1.4395280499801212e-07
52100.056 1.1253105317499244e-07
52150.056 8.717340510221099e-08
52200.056 1.2766027526699443e-07
52250.056 1.775473533090189e-07
52300.056 2.606280770199979e-07
52350.056 1.3567297987319748e-07
52400.056 1.2629397691900663e-07
52450.056 2.3404436420002222e-07
52500.056 2.2922188364196885e-07
52550.056 2.1074043801998285e-07
52600.056 1.7349264736101327e-07
52650.056 1.9810098071800933e-07
52700.056 1.3947539668200428e-07
52750.056 9.753548144638736e-08
52800.056 1.248925040770151e-07
52850.056 1.4897624104897062e-07
52900.056 1.1272641958437851e-07
52950.056 1.4456064440200898e-07
53000.056 1.9596526772000075e-07
53050.056 1.0945257194298262e-07
53100.056 2.1441922092000347e-07
53150.056 2.338594504900048e-07
53200.056 1.00984066290991e-07
53250.056 2.020665109200155e-07
53300.056 2.3226849148305657e-07
53350.056 2.1283437108999474e-07
53400.056 1.8253763382999428e-07
53450.056 9.229191898798886e-08
