galfind/configs/Brown_Dwarf_templates/sonora_bobcat/m-0.5/3160g/sp_t1600g3160nc_m-0.5_resample.dat
# %ECSV 1.0
# ---
# datatype:
# - {name: wav, unit: Angstrom, datatype: float64}
# - {name: flux_nu, unit: erg / (cm2 Hz s), datatype: float64}
# meta: {C/O: '1.00', Kzz: '1.0000E+05', Teff: '1600.', Y: '0.28', '[Fe/H]': '-0.50', f_hole: '1.00', f_rain: '0.00', grav: '3160.'}
# schema: astropy-2.0
wav flux_nu
[from data line 500]
29000.056 6.998084016948664e-07
29050.056 7.698433481970846e-07
29100.056 5.821078178240769e-07
29150.056 9.120517181199906e-07
29200.056 6.670167095930157e-07
29250.056 7.764490450709855e-07
29300.056 5.883153424279389e-07
29350.056 1.0417057354299595e-06
29400.056 7.554959158879712e-07
29450.056 7.524700491189505e-07
29500.056 7.782533507400038e-07
29550.056 7.892253261400322e-07
29600.056 8.763422170298416e-07
29650.056 7.664548731799811e-07
29700.056 7.768196847739706e-07
29750.056 8.705736791420686e-07
29800.056 9.066840826748894e-07
29850.056 8.336259648799065e-07
29900.056 8.501483557802844e-07
29950.056 9.981353827199e-07
30000.056 9.076094738369016e-07
30050.056 8.238552232900213e-07
30100.056 7.857273198098439e-07
30150.056 1.0640449501700102e-06
30200.056 8.820253945900119e-07
30250.056 9.672130649600799e-07
30300.056 8.393915813299844e-07
30350.056 8.906870476700984e-07
30400.056 9.643248889300075e-07
30450.056 7.652667944201295e-07
30500.056 7.221254688100465e-07
30550.056 7.818342435800407e-07
30600.056 7.858097532100012e-07
30650.056 7.40707035929967e-07
30700.056 6.865398171199498e-07
30750.056 6.626606785599412e-07
30800.056 6.63351305940117e-07
30850.056 5.812179639999285e-07
30900.056 5.857343479799052e-07
30950.056 5.189587400400686e-07
31000.056 5.149202680000281e-07
31050.056 5.848444718200195e-07
31100.056 4.760262160099981e-07
31150.056 4.927058789599743e-07
31200.056 5.239540500400332e-07
31250.056 4.43923466426976e-07
31300.056 4.4874239759794686e-07
31350.056 4.2730573697802095e-07
31400.056 3.9439158863502697e-07
31450.056 4.0329163759995636e-07
31500.056 3.691871147659387e-07
31550.056 3.8312528677398865e-07
31600.056 3.5938320765501303e-07
31650.056 3.3757965618900863e-07
31700.056 3.6134021078995743e-07
31750.056 3.166782750360717e-07
31800.056 3.6361460702994483e-07
31850.056 3.1966493102403846e-07
31900.056 3.649515901700326e-07
31950.056 3.031037286490211e-07
32000.056 3.504632709049335e-07
32050.056 3.505670262200231e-07
32100.056 3.4379874166599716e-07
32150.056 3.794328604299802e-07
32200.056 3.3200985055199047e-07
32250.056 4.1258171277003413e-07
32300.056 3.2356169664797065e-07
32350.056 4.289635327400147e-07
32400.056 3.397047413500019e-07
32450.056 4.2969719874990383e-07
32500.056 4.0485625799406534e-07
32550.056 4.2289811152999554e-07
32600.056 4.429388311239896e-07
32650.056 4.84905755269967e-07
32700.056 4.908240886500396e-07
32750.056 5.094593792000121e-07
32800.056 5.17181868123048e-07
32850.056 5.424235832499897e-07
32900.056 5.658251193000234e-07
32950.056 5.6500768181999e-07
33000.056 5.372302186499569e-07
33050.056 4.931656829300128e-07
33100.056 4.1779738451998133e-07
33150.056 2.241296924380313e-07
33200.056 1.9651113386693863e-07
33250.056 1.7074166108295578e-07
33300.056 1.69134535444025e-07
33350.056 1.9567436331000387e-07
33400.056 2.2389051525998074e-07
33450.056 2.4778464807700073e-07
33500.056 2.9747378217002687e-07
33550.056 3.238315907020358e-07
33600.056 3.777649478199868e-07
33650.056 4.239924962400379e-07
33700.056 4.025316025899761e-07
33750.056 4.964033207199793e-07
33800.056 4.511022517449747e-07
33850.056 5.1150326575998e-07
33900.056 4.5718709725999167e-07
33950.056 4.811275922899879e-07
34000.056 5.174799941299798e-07
34050.056 4.22773520179941e-07
34100.056 5.220882618999828e-07
34150.056 4.4417677126995706e-07
34200.056 4.3762201749992497e-07
34250.056 4.5982889464993835e-07
34300.056 3.976601936728395e-07
34350.056 4.278333997400181e-07
34400.056 3.832319872440208e-07
34450.056 4.4500012862997844e-07
34500.056 4.498446013699714e-07
34550.056 3.8769700656000864e-07
34600.056 4.804455183799956e-07
34650.056 4.2736752572997846e-07
34700.056 4.437346413499869e-07
34750.056 4.846527247499975e-07
34800.056 4.217462648599809e-07
34850.056 4.6381298117001554e-07
34900.056 4.6251939600997553e-07
34950.056 4.547008193599215e-07
35000.056 5.479128152250572e-07
35050.056 4.429368254500258e-07
35100.056 4.943518086499884e-07
35150.056 5.204962409699972e-07
35200.056 5.044594218400414e-07
35250.056 5.828576034799457e-07
35300.056 4.913859943200258e-07
35350.056 5.048822887599639e-07
35400.056 5.66085305910091e-07
35450.056 4.5089938964010815e-07
35500.056 5.964194098300055e-07
35550.056 5.689582677499974e-07
35600.056 5.558960690200822e-07
35650.056 6.189936496800133e-07
35700.056 5.506736912799972e-07
35750.056 5.984728122499663e-07
35800.056 7.110733533900091e-07
35850.056 5.801273614600319e-07
35900.056 7.011062509199913e-07
35950.056 6.912126392899556e-07
36000.056 6.927876898000901e-07
36050.056 7.387567423700198e-07
36100.056 7.058005278297595e-07
36150.056 7.722689861600415e-07
36200.056 8.328747603700066e-07
36250.056 7.627573388599926e-07
36300.056 8.58416072710017e-07
36350.056 8.445524748099746e-07
36400.056 8.574294756000357e-07
36450.056 9.224319690899889e-07
36500.056 9.048493600299401e-07
36550.056 9.974655583401508e-07
36600.056 1.0138980724000337e-06
36650.056 9.835093131298916e-07
36700.056 1.0775152311399872e-06
36750.056 1.1181803583000274e-06
36800.056 1.1257288833399682e-06
36850.056 1.1764147093598873e-06
36900.056 1.1483999600099956e-06
36950.056 1.268294208199963e-06
37000.056 1.2484219843299542e-06
37050.056 1.284531033500031e-06
37100.056 1.316137174279967e-06
37150.056 1.3442274736000411e-06
37200.056 1.3852733340999943e-06
37250.056 1.388279606759934e-06
37300.056 1.354860565899871e-06
37350.056 1.4163028803000667e-06
37400.056 1.5495156904999838e-06
37450.056 1.4710323661400142e-06
37500.056 1.5078108771399872e-06
37550.056 1.6190263666000928e-06
37600.056 1.6638067948000441e-06
37650.056 1.5617177530000457e-06
37700.056 1.6773937611000502e-06
37750.056 1.6036611754600965e-06
37800.056 1.6907152185000968e-06
37850.056 1.630021844900017e-06
37900.056 1.6776473187001163e-06
37950.056 1.6971775398999568e-06
38000.056 1.779417838000023e-06
38050.056 1.7616146456000566e-06
38100.056 1.7750887685000612e-06
38150.056 1.845751307999977e-06
38200.056 1.8609895672000527e-06
38250.056 1.8254934128000065e-06
38300.056 1.9030008117999302e-06
38350.056 1.939211369600042e-06
38400.056 1.8633641152999667e-06
38450.056 1.9479605560999803e-06
38500.056 1.914783507400037e-06
38550.056 2.0005491098000373e-06
38600.056 2.0058462363999287e-06
38650.056 2.0065508122999914e-06
38700.056 2.034367178500004e-06
38750.056 2.054989459600014e-06
38800.056 2.0040412449999443e-06
38850.056 2.05155407850002e-06
38900.056 2.0561287245000066e-06
38950.056 2.0800842838000036e-06
39000.056 2.0973953818e-06
39050.056 2.1107852316999746e-06
39100.056 2.053615565400084e-06
39150.056 2.133777934900027e-06
39200.056 2.108024226799979e-06
39250.056 2.1431533942999456e-06
39300.056 2.132481404299917e-06
39350.056 2.1589056410000388e-06
39400.056 2.1513663749000365e-06
39450.056 2.171293159299987e-06
39500.056 2.139863317799985e-06
39550.056 2.1332314156999998e-06
39600.056 2.20711181959993e-06
39650.056 2.1811739311000096e-06
39700.056 2.1659212903000413e-06
39750.056 2.1490958119000306e-06
39800.056 2.123582991399979e-06
39850.056 2.217169974499994e-06
39900.056 2.1789394497999924e-06
39950.056 2.219504766299952e-06
40000.056 2.1561071275000185e-06
40050.056 2.1607535855000194e-06
40100.056 2.1811230127000137e-06
40150.056 2.1742832174999884e-06
40200.056 2.2144029247999455e-06
40250.056 2.0879698342998245e-06
40300.056 2.1446938108000533e-06
40350.056 2.1723235694000047e-06
40400.056 2.166221120700029e-06
40450.056 2.1641232704000055e-06
40500.056 2.072397237500098e-06
40550.056 2.2263607523999587e-06
40600.056 2.028684972900033e-06
40650.056 2.1587750293999625e-06
40700.056 2.2410476254000025e-06
40750.056 2.0297574035997605e-06
40800.056 2.0289428601998708e-06
40850.056 2.0437244231001225e-06
40900.056 2.0837779338000105e-06
40950.056 2.0654716752999706e-06
41000.056 2.077506793899983e-06
41050.056 2.0708554260798856e-06
41100.056 1.9926077226999305e-06
41150.056 2.0450847332999527e-06
41200.056 2.033947957900021e-06
41250.056 2.0189695446000095e-06
41300.056 1.826102389499863e-06
41350.056 2.039596607000053e-06
41400.056 1.933011338100075e-06
41450.056 1.9992224609000593e-06
41500.056 1.9669602117999855e-06
41550.056 1.8812920595600423e-06
41600.056 1.920085208400046e-06
41650.056 1.9350787292000697e-06
41700.056 1.8164262198999414e-06
41750.056 1.8978578818999419e-06
41800.056 2.0302155548799617e-06
41850.056 1.6098488801501068e-06
41900.056 1.8862330933299305e-06
41950.056 1.9887754184000447e-06
42000.056 1.9480739085001567e-06
42050.056 1.749271691179947e-06
42100.056 2.0076528129000676e-06
42150.056 1.6361588915600088e-06
42200.056 1.6745922612599714e-06
42250.056 1.9312425576000063e-06
42300.056 1.7878000737999832e-06
42350.056 1.912841450800137e-06
42400.056 1.8256106526000528e-06
42450.056 1.5952072652400574e-06
42500.056 1.6540287149699882e-06
42550.056 1.6285847453800362e-06
42600.056 1.746482907600042e-06
42650.056 1.8889939561999126e-06
42700.056 1.794450021599947e-06
42750.056 1.57321055489008e-06
42800.056 1.7211607825200477e-06
42850.056 1.8135790062998359e-06
42900.056 1.8391093851200993e-06
42950.056 1.567482942839744e-06
43000.056 1.7371032562200043e-06
43050.056 1.4187282684603814e-06
43100.056 1.6435466463999442e-06
43150.056 1.5639547610201118e-06
43200.056 1.5440085392999722e-06
43250.056 1.7167850005000821e-06
43300.056 1.6934499823000095e-06
43350.056 1.3754079846397658e-06
43400.056 1.5253508781600138e-06
43450.056 1.4287506286501302e-06
43500.056 1.4613370019999291e-06
43550.056 1.435781406319958e-06
43600.056 1.5571819589401073e-06
43650.056 1.2947568892600134e-06
43700.056 1.4988877197600534e-06
43750.056 1.4587832964800522e-06
43800.056 1.3642735495599098e-06
43850.056 1.2999290037001658e-06
43900.056 1.3933391560999213e-06
43950.056 1.2297356690299354e-06
44000.056 1.1350876074600198e-06
44050.056 1.2527774314200081e-06
44100.056 1.3358745898401055e-06
44150.056 1.3530783975599926e-06
44200.056 1.2613133701900294e-06
44250.056 1.1724622338099961e-06
44300.056 1.1243522138101093e-06
44350.056 1.1243464067000682e-06
44400.056 1.139767814499948e-06
44450.056 1.182845386350017e-06
44500.056 1.148284436290104e-06
44550.056 1.1629795744399427e-06
44600.056 1.110209825290066e-06
44650.056 1.1663481057600222e-06
44700.056 1.063591682839981e-06
44750.056 1.1118904025399914e-06
44800.056 1.0975152002699983e-06
44850.056 1.1237936175101112e-06
44900.056 1.0362099246100504e-06
44950.056 1.0403861875800503e-06
45000.056 1.0741083026000117e-06
45050.056 1.0813895369599809e-06
45100.056 1.1331301884700235e-06
45150.056 1.045697389770005e-06
45200.056 9.522055329700396e-07
45250.056 1.0105073768999136e-06
45300.056 1.0735729133900304e-06
45350.056 1.0596264633599138e-06
45400.056 1.0497182000000737e-06
45450.056 1.0197365164199035e-06
45500.056 1.0419973780199586e-06
45550.056 1.121570296119957e-06
45600.056 1.0575544243200161e-06
45650.056 9.711900947598688e-07
45700.056 1.0488278735700686e-06
45750.056 9.75578907320022e-07
45800.056 1.0144806108399542e-06
45850.056 1.1652249856899674e-06
45900.056 1.1264225114300299e-06
45950.056 9.894016437099957e-07
46000.056 1.1402337667100154e-06
46050.056 1.1432917392101477e-06
46100.056 1.0305878137099914e-06
46150.056 1.044521749029923e-06
46200.056 1.0594378437901669e-06
46250.056 9.328635585899545e-07
46300.056 1.1395097871899578e-06
46350.056 1.0576158318199814e-06
46400.056 1.0862861598200106e-06
46450.056 1.1033377885000245e-06
46500.056 1.0114462396600331e-06
46550.056 1.1301973256500105e-06
46600.056 1.1056657507599998e-06
46650.056 1.3228940018299208e-06
46700.056 1.2637876799001605e-06
46750.056 1.021110176370098e-06
46800.056 1.0190205560500426e-06
46850.056 1.236051395560114e-06
46900.056 1.1487985082198893e-06
46950.056 1.2881492023600167e-06
47000.056 1.072328627370039e-06
47050.056 1.2260539563198916e-06
47100.056 9.53855655670059e-07
47150.056 1.1068539035700283e-06
47200.056 1.1768516457300803e-06
47250.056 1.0425156265399834e-06
47300.056 1.011288647799957e-06
47350.056 1.0589775183299957e-06
47400.056 1.2228836801899614e-06
47450.056 1.0496046390200087e-06
47500.056 1.1924262919299513e-06
47550.056 1.0382076513299712e-06
47600.056 1.1607426121199292e-06
47650.056 9.80647813719895e-07
47700.056 1.1590281804500688e-06
47750.056 8.948813176000636e-07
47800.056 1.0936495742300049e-06
47850.056 8.484360582499798e-07
47900.056 1.0463804716299166e-06
47950.056 9.934406573900331e-07
48000.056 1.2249563138299887e-06
48050.056 1.034529676500036e-06
48100.056 1.031616769059988e-06
48150.056 9.78017843470096e-07
48200.056 1.0967428401300157e-06
48250.056 9.675153630300307e-07
48300.056 1.2465383359999341e-06
48350.056 9.007041558699672e-07
48400.056 9.209054486399168e-07
48450.056 9.542202010600858e-07
48500.056 1.2022044991999256e-06
48550.056 9.176073774999719e-07
48600.056 1.163623482119986e-06
48650.056 9.634708279999623e-07
48700.056 1.1645310875799925e-06
48750.056 8.009564865700938e-07
48800.056 1.1957853941500472e-06
48850.056 8.794823214498371e-07
48900.056 1.2011345004500468e-06
48950.056 1.0106426517100022e-06
49000.056 9.123341875199854e-07
49050.056 1.1287159865899481e-06
49100.056 1.0260596540500607e-06
49150.056 1.047127822309952e-06
49200.056 1.036208193220004e-06
49250.056 1.062428164070051e-06
49300.056 9.664958159599625e-07
49350.056 9.214783731800581e-07
49400.056 1.0857048543499329e-06
49450.056 1.0099446243701876e-06
49500.056 9.78948325439993e-07
49550.056 8.187597137699626e-07
49600.056 9.603083671401063e-07
49650.056 9.703927159999177e-07
49700.056 9.203861560398634e-07
49750.056 1.2395691013999342e-06
49800.056 9.513656993900048e-07
49850.056 1.1867438584900904e-06
49900.056 1.0502533991099857e-06
49950.056 9.770712411499586e-07
50000.056 1.0266729391998882e-06
50050.056 1.0408943115699954e-06
50100.056 1.10261497997995e-06
50150.056 8.729556768400071e-07
50200.056 7.423333837100565e-07
50250.056 1.0338842307199705e-06
50300.056 9.395676064900003e-07
50350.056 1.1772830418800547e-06
50400.056 9.65525361539931e-07
50450.056 9.063583172100671e-07
50500.056 1.1242027024100754e-06
50550.056 1.0243664628800244e-06
50600.056 9.48595954739911e-07
50650.056 1.0188195264101054e-06
50700.056 1.1868025337599459e-06
50750.056 1.098243092240083e-06
50800.056 7.85534613329881e-07
50850.056 9.079478648300794e-07
50900.056 1.1367975800999427e-06
50950.056 1.0295983489901364e-06
51000.056 1.2017535796400847e-06
51050.056 1.0226650053399863e-06
51100.056 8.183990027299499e-07
51150.056 9.797526310700167e-07
51200.056 1.14080500898998e-06
51250.056 1.0065238939100033e-06
51300.056 8.266259284401466e-07
51350.056 1.025347909939906e-06
51400.056 8.171536774399593e-07
51450.056 7.111320554199049e-07
51500.056 8.132142953701192e-07
51550.056 1.1382019469400592e-06
51600.056 8.432707189000071e-07
51650.056 9.053533597099104e-07
51700.056 9.846531148197935e-07
51750.056 8.231790487500221e-07
51800.056 1.0592633360198165e-06
51850.056 9.67391067759953e-07
51900.056 1.1834089672400752e-06
51950.056 1.0083463373999463e-06
52000.056 7.154583923499555e-07
52050.056 9.32254856250005e-07
52100.056 8.256949469200148e-07
52150.056 7.925122906400242e-07
52200.056 7.954790002299868e-07
52250.056 8.906342234700175e-07
52300.056 1.142575488369974e-06
52350.056 1.0045827177400095e-06
52400.056 7.686672580500842e-07
52450.056 9.358173471900613e-07
52500.056 1.052445274449872e-06
52550.056 1.0091994912799158e-06
52600.056 9.501916088000563e-07
52650.056 1.0062490483001009e-06
52700.056 8.531958594800229e-07
52750.056 7.317620244999763e-07
52800.056 7.972194762500517e-07
52850.056 8.298876619198651e-07
52900.056 8.678724852799433e-07
52950.056 8.70642480549993e-07
53000.056 1.044774874330036e-06
53050.056 7.74938383239843e-07
53100.056 9.191996003099545e-07
53150.056 1.132823012020036e-06
53200.056 6.755731833999801e-07
53250.056 1.0132555074000356e-06
53300.056 1.0355863696102782e-06
53350.056 1.0140608774099566e-06
53400.056 1.0259049791099971e-06
53450.056 7.956284412900043e-07
53500.056 6.179094620799081e-07
53550.056 8.389647771099467e-07
