galfind/configs/Brown_Dwarf_templates/sonora_bobcat/m-0.5/3160g/sp_t1800g3160nc_m-0.5_resample.dat
# %ECSV 1.0
# ---
# datatype:
# - {name: wav, unit: Angstrom, datatype: float64}
# - {name: flux_nu, unit: erg / (cm2 Hz s), datatype: float64}
# meta: {C/O: '1.00', Kzz: '1.0000E+05', Teff: '1800.', Y: '0.28', '[Fe/H]': '-0.50', f_hole: '1.00', f_rain: '0.00', grav: '3160.'}
# schema: astropy-2.0
wav flux_nu
4000.0559999999996 nan
4050.0559999999996 1.9827003030632863e-09
4100.056 7.469991514809477e-09
4150.056 7.5107454964703e-09
4200.056 6.347672945519449e-09
4250.056 5.466263679390745e-09
4300.056 3.974142930970698e-09
4350.056 3.30794103559022e-09
4400.056 3.411533184100418e-09
4450.056 2.006357900080097e-09
4500.056 1.8649631747901723e-09
4550.056 2.496263561899497e-09
4600.056 2.031115438859827e-09
4650.056 1.7229227099798089e-09
4700.056 2.2844625180100403e-09
4750.056 2.4816798116599495e-09
4800.056 1.1567121471000523e-09
4850.056 1.4028730800500624e-09
4900.056 2.063523773199907e-09
4950.056 1.676481032219977e-09
5000.056 6.748644484399499e-10
5050.056 4.09806318950004e-10
5100.056 3.1590395110801606e-10
5150.056 2.3104008231001728e-10
5200.056 2.53022625142994e-10
5250.056 3.021374040500002e-10
5300.056 2.582890473999989e-10
5350.056 2.153456854399998e-10
5400.056 1.7872832428999962e-10
5450.056 1.4770955137999983e-10
5500.056 1.1964809509999935e-10
5550.056 9.633887729499964e-11
5600.056 7.587920425899968e-11
5650.056 5.729089787199979e-11
5700.056 4.05296621719998e-11
5750.056 2.5983275147999847e-11
5800.056 1.393700417819985e-11
5850.056 5.1009416018598926e-12
5900.056 6.788940898005522e-13
5950.056 1.1892085231000255e-11
6000.056 4.237050481600063e-11
6050.056 1.0773528957100118e-10
6100.056 2.2361300784000207e-10
6150.056 4.1982704028000367e-10
6200.056 7.308594499700052e-10
6250.056 1.193752582210008e-09
6300.056 1.875145189300012e-09
6350.056 2.831067496300017e-09
6400.056 4.10268764820002e-09
6450.056 5.7616231103000004e-09
6500.056 7.8407194437e-09
6550.056 1.0524004717700054e-08
6600.056 1.3516747094999998e-08
6650.056 1.5534657208000282e-08
6700.056 9.114510448878788e-09
6750.056 1.8986732329000207e-08
6800.056 2.44028001330006e-08
6850.056 2.866907951000032e-08
6900.056 3.1029828958000026e-08
6950.056 3.14441506610004e-08
7000.056 3.341062989800011e-08
7050.056 3.2038683291000037e-08
7100.056 2.7919076212000284e-08
7150.056 2.8182087686000025e-08
7200.056 3.3041964143000054e-08
7250.056 3.6316804842000464e-08
7300.056 3.750893761300026e-08
7350.056 3.53980605279999e-08
7400.056 3.0363727787e-08
7450.056 2.4926040074999868e-08
7500.056 1.9576428904999875e-08
7550.056 1.4570291795999911e-08
7600.056 8.932615389199868e-09
7650.056 1.2877472155492474e-09
7700.056 5.085823464935623e-10
7750.056 5.339289888200143e-09
7800.056 1.2521344524354248e-08
7850.056 2.7148276288000273e-08
7900.056 4.05013189360002e-08
7950.056 4.540605486792957e-08
8000.056 7.576536522300055e-08
8050.056 1.0306083233700012e-07
8100.056 1.343324687300003e-07
8150.056 1.6896217387000064e-07
8200.056 1.6136329599300076e-07
8250.056 2.2617325997000218e-07
8300.056 2.491920348500016e-07
8350.056 2.8621936782999997e-07
8400.056 3.1662122151999985e-07
8450.056 2.77957668069997e-07
8500.056 2.6474695816953286e-07
8550.056 3.3914730475001314e-07
8600.056 3.98326704289997e-07
8650.056 4.1532120686998894e-07
8700.056 3.6787214010996855e-07
8750.056 3.7892919692000834e-07
8800.056 4.769517602300057e-07
8850.056 4.925070379899783e-07
8900.056 4.6272207637000317e-07
8950.056 4.835544225345549e-07
9000.056 6.305512762500066e-07
9050.056 5.865249954200143e-07
9100.056 7.078899239800024e-07
9150.056 8.101517869000012e-07
9200.056 8.748665078200013e-07
9250.056 8.186878443900157e-07
9300.056 7.450033255899672e-07
9350.056 8.346300302200383e-07
9400.056 9.236921426999952e-07
9450.056 1.0655155658000167e-06
9500.056 1.2248747020599814e-06
9550.056 1.3024381355300423e-06
9600.056 1.4157204181800155e-06
9650.056 1.5570690173700173e-06
9700.056 1.7480791837799657e-06
9750.056 1.609581479849981e-06
9800.056 1.6733911131099866e-06
9850.056 1.6020300346000163e-06
9900.056 9.559764013599362e-07
9950.056 5.989400307100048e-07
10000.056 5.646511052899997e-07
10050.056 6.776313816900031e-07
10100.056 8.005640601100234e-07
10150.056 7.697684087399743e-07
10200.056 8.34514269059996e-07
10250.056 8.900419842600027e-07
10300.056 8.462570100199938e-07
10350.056 1.0026639615300618e-06
10400.056 1.1338720417799576e-06
10450.056 1.1875394838600021e-06
10500.056 1.2106232180899941e-06
10550.056 1.3201862731000311e-06
10600.056 1.4323791166800013e-06
10650.056 1.4635384985700747e-06
10700.056 1.5354132425300236e-06
10750.056 1.6561971828700365e-06
10800.056 1.7895310543699952e-06
10850.056 2.0415452939999687e-06
10900.056 2.164347129299989e-06
10950.056 2.2616207113999884e-06
11000.056 2.1567360082999617e-06
11050.056 1.948980372410009e-06
11100.056 2.0544484761800405e-06
11150.056 2.200621070039958e-06
11200.056 2.2366134186101336e-06
11250.056 2.7334931026900074e-06
11300.056 2.590031438309985e-06
11350.056 2.353379182719854e-06
11400.056 1.8793408820000201e-06
11450.056 2.6618059343700287e-06
11500.056 3.289289662349938e-06
11550.056 3.1010867939199787e-06
11600.056 3.3070687294297985e-06
11650.056 2.9803084375700266e-06
11700.056 1.9137232531099952e-06
11750.056 2.0685201655798287e-06
11800.056 2.1801972215801446e-06
11850.056 3.416902349900091e-06
11900.056 3.995314236199888e-06
11950.056 3.2350808951999692e-06
12000.056 2.6012796135000413e-06
12050.056 3.2465181531000366e-06
12100.056 3.1976501527999734e-06
12150.056 3.8009229365999777e-06
12200.056 3.612382506399842e-06
12250.056 3.976212831700016e-06
12300.056 4.07806608780005e-06
12350.056 3.803535691199926e-06
12400.056 3.1423498506999615e-06
12450.056 2.882949592900036e-06
12500.056 2.9276795217999367e-06
12550.056 3.0943232836001364e-06
12600.056 3.901361402700001e-06
12650.056 3.976971124799953e-06
12700.056 4.477713487600159e-06
12750.056 4.3530851853998925e-06
12800.056 4.546013601900142e-06
12850.056 4.397143664599919e-06
12900.056 4.105618456999996e-06
12950.056 4.2305561208999935e-06
13000.056 4.469672302399994e-06
13050.056 4.752296462199969e-06
13100.056 4.831084596599998e-06
13150.056 4.9216194429999855e-06
13200.056 4.728516571800006e-06
13250.056 4.396431812400024e-06
13300.056 3.852043944359775e-06
13350.056 2.173266809855012e-06
13400.056 1.6903663389181448e-06
13450.056 1.5024467312067125e-06
13500.056 1.2761074339404947e-06
13550.056 1.2079152178199945e-06
13600.056 1.2378710427401732e-06
13650.056 1.7409459399024914e-06
13700.056 1.6107942233600678e-06
13750.056 1.829552594887867e-06
13800.056 2.0618894623962083e-06
13850.056 1.7818248752386701e-06
13900.056 1.6555322659758903e-06
13950.056 1.5324033956613456e-06
14000.056 1.467203018731981e-06
14050.056 1.648299236248119e-06
14100.056 1.3396744793875154e-06
14150.056 1.4938143176480773e-06
14200.056 1.3438216510569192e-06
14250.056 1.286095263652629e-06
14300.056 1.4635652020109026e-06
14350.056 1.4972018313520136e-06
14400.056 1.5336557959099388e-06
14450.056 1.6444753106310568e-06
14500.056 1.8930174084449584e-06
14550.056 1.87799837339596e-06
14600.056 2.2594358213301744e-06
14650.056 2.175715293498645e-06
14700.056 1.9843664991399817e-06
14750.056 2.208259080410166e-06
14800.056 2.2955023907801316e-06
14850.056 2.4922949449698465e-06
14900.056 2.435709513679927e-06
14950.056 2.51272616109015e-06
15000.056 2.6427706058599704e-06
15050.056 2.9229977522098788e-06
15100.056 2.8929481526000204e-06
15150.056 3.0118155127600855e-06
15200.056 3.137437954439916e-06
15250.056 3.255333141100044e-06
15300.056 3.371844897699986e-06
15350.056 3.5385128150999585e-06
15400.056 3.625609421999997e-06
15450.056 3.7357675101000854e-06
15500.056 3.7862928449000644e-06
15550.056 3.917575591499886e-06
15600.056 3.941626541300049e-06
15650.056 4.005874219900054e-06
15700.056 4.145227754800069e-06
15750.056 4.2067541344999756e-06
15800.056 4.1660246118000125e-06
15850.056 3.488752784599997e-06
15900.056 3.5574732092000005e-06
15950.056 3.5000213494999517e-06
16000.056 3.5651998662000183e-06
16050.056 3.539513143700009e-06
16100.056 3.540776046200003e-06
16150.056 3.2970922483999783e-06
16200.056 3.398753092699935e-06
16250.056 3.2140439573999585e-06
16300.056 3.227462933500012e-06
16350.056 3.344741313799998e-06
16400.056 3.3172573814000425e-06
16450.056 3.396202411200044e-06
16500.056 3.436425989000051e-06
16550.056 3.489062370299977e-06
16600.056 3.3421198111000343e-06
16650.056 3.3952859179000013e-06
16700.056 3.2195009143999617e-06
16750.056 3.1985800945999875e-06
16800.056 3.3100077124999986e-06
16850.056 3.3194982403999335e-06
16900.056 3.2485163480000063e-06
16950.056 3.2047348639999914e-06
17000.056 3.218740223300098e-06
17050.056 3.244763904999995e-06
17100.056 3.1832649901000506e-06
17150.056 3.112667184000018e-06
17200.056 3.017988228299979e-06
17250.056 2.8702453732999596e-06
17300.056 2.7989873556200148e-06
17350.056 2.7341226967600397e-06
17400.056 2.592495725099947e-06
17450.056 2.4962380210496815e-06
17500.056 2.417913760160243e-06
17550.056 2.2728657449501377e-06
17600.056 2.2112281471500496e-06
17650.056 2.1713880375402154e-06
17700.056 1.893760113647845e-06
17750.056 1.8193125401439033e-06
17800.056 1.806788907903283e-06
17850.056 1.5523781706478775e-06
17900.056 1.6906414055070889e-06
17950.056 1.56091448286295e-06
18000.056 1.4858823652190282e-06
18050.056 1.4557005284369836e-06
18100.056 1.4507953021548821e-06
18150.056 1.5646371475391905e-06
18200.056 1.2822586101280163e-06
18250.056 1.6776320975879056e-06
18300.056 1.4829035103449805e-06
18350.056 1.4741273875100495e-06
18400.056 1.4243427659820962e-06
18450.056 1.3372360891572902e-06
18500.056 1.3524411436899918e-06
18550.056 1.2065283837819276e-06
18600.056 1.0745654173508686e-06
18650.056 1.1768342717291599e-06
18700.056 1.2609096179180873e-06
18750.056 1.2731553977482024e-06
18800.056 1.4692694614301465e-06
18850.056 1.6156954850659511e-06
18900.056 1.5365695564997295e-06
18950.056 1.7658378729699826e-06
19000.056 1.6935856013898301e-06
19050.056 1.5798663082429406e-06
19100.056 1.8047323827840537e-06
19150.056 1.6957887636269913e-06
19200.056 1.7160302684350853e-06
19250.056 1.5894242134660086e-06
19300.056 1.6406907705998353e-06
19350.056 1.5646142151488396e-06
19400.056 1.2690027903979052e-06
19450.056 1.5693510004389247e-06
19500.056 1.562860581264035e-06
19550.056 1.3227235271011054e-06
19600.056 1.444095609563962e-06
19650.056 1.5537866774817334e-06
19700.056 1.5020722088880755e-06
19750.056 1.40591858876805e-06
19800.056 1.5380896719718867e-06
19850.056 1.6690431173699137e-06
19900.056 1.4220771372801043e-06
19950.056 1.6882840519199575e-06
20000.056 1.5524832609901654e-06
20050.056 1.7545600155000053e-06
20100.056 1.6538630312596222e-06
20150.056 1.7811184905101863e-06
20200.056 1.833395902580025e-06
20250.056 1.8810114405599032e-06
20300.056 1.8677189477701265e-06
20350.056 1.987169660609905e-06
20400.056 1.990534560879765e-06
20450.056 2.027380328419813e-06
20500.056 2.087914866969849e-06
20550.056 2.0883402824200214e-06
20600.056 2.1838673801800176e-06
20650.056 2.150776801920024e-06
20700.056 2.2125514208000296e-06
20750.056 2.2051734799999983e-06
20800.056 2.2606751272999554e-06
20850.056 2.227766435199974e-06
20900.056 2.288573426599956e-06
20950.056 2.279611685899994e-06
21000.056 2.2862126245000204e-06
21050.056 2.2925199016999916e-06
21100.056 2.2837684348999997e-06
21150.056 2.3047138584999627e-06
21200.056 2.2890126122000137e-06
21250.056 2.2998112374999637e-06
21300.056 2.260359446200004e-06
21350.056 2.2789639564000077e-06
21400.056 2.2473316623000372e-06
21450.056 2.2609119783e-06
21500.056 2.224277987000007e-06
21550.056 2.214201629700001e-06
21600.056 2.196986347400022e-06
21650.056 2.170490869099992e-06
21700.056 2.164458870600013e-06
21750.056 2.1190263600000054e-06
21800.056 2.091202910599952e-06
21850.056 2.0556012629000026e-06
21900.056 2.0192672452000107e-06
21950.056 1.9400289100000145e-06
22000.056 1.844145860300008e-06
22050.056 1.7434769293999622e-06
22100.056 1.7628809372000563e-06
22150.056 1.8000065937999993e-06
22200.056 1.795345093460025e-06
22250.056 1.8164693522000479e-06
22300.056 1.7736335310999874e-06
22350.056 1.7461613225400826e-06
22400.056 1.7069188730999642e-06
22450.056 1.6591954214300456e-06
22500.056 1.669500792500055e-06
22550.056 1.6340149019999545e-06
22600.056 1.6344456295000465e-06
22650.056 1.6016315075900619e-06
22700.056 1.5693671379900264e-06
22750.056 1.578763401900029e-06
22800.056 1.5383270140799598e-06
22850.056 1.5054835617000389e-06
22900.056 1.4933148562599625e-06
22950.056 1.3736245424299977e-06
23000.056 1.3896987290600453e-06
23050.056 1.4630222903998863e-06
23100.056 1.4791915707700235e-06
23150.056 1.499147662539988e-06
23200.056 1.3425847968400299e-06
23250.056 1.3120671547699762e-06
23300.056 1.2413205523300907e-06
23350.056 1.2362115490799838e-06
23400.056 1.243217753110047e-06
23450.056 1.2665563439100789e-06
23500.056 1.3207630384700367e-06
23550.056 1.3607502564000576e-06
23600.056 1.375631495770029e-06
23650.056 1.4415689109899219e-06
23700.056 1.3162612111100808e-06
23750.056 1.3226959715600147e-06
23800.056 1.2668332768199638e-06
23850.056 1.2634761723100179e-06
23900.056 1.3572739671200985e-06
23950.056 1.4283024441900949e-06
24000.056 1.4406814076398288e-06
24050.056 1.4388446790801366e-06
24100.056 1.3955160392499936e-06
24150.056 1.397434583380204e-06
24200.056 1.3987301338098935e-06
24250.056 1.3822527296900473e-06
24300.056 1.3848805737800767e-06
24350.056 1.2736013029899846e-06
24400.056 1.407518371119999e-06
24450.056 1.2768708720499553e-06
24500.056 1.2721736455300276e-06
24550.056 1.2280144806501848e-06
24600.056 1.245745646570003e-06
24650.056 1.368492448140089e-06
24700.056 1.139801174219947e-06
24750.056 1.0856225628900342e-06
24800.056 1.129664722561983e-06
24850.056 1.291714396600205e-06
24900.056 9.488029871312004e-07
24950.056 1.2251584230300498e-06
25000.056 1.131614959040158e-06
25050.056 8.921883384571454e-07
25100.056 1.106708865172935e-06
25150.056 9.48405089028932e-07
25200.056 1.0276141851021105e-06
25250.056 9.070552623628905e-07
25300.056 1.0319018259590376e-06
25350.056 8.479605668890111e-07
25400.056 1.027581628856152e-06
25450.056 8.541959972559513e-07
25500.056 9.22057997205102e-07
25550.056 9.045884569240431e-07
25600.056 9.366562302418776e-07
25650.056 7.976983251259631e-07
25700.056 1.0965833181757962e-06
25750.056 7.612616392440903e-07
25800.056 1.084099555812129e-06
25850.056 8.860926420879345e-07
25900.056 1.0483686035461414e-06
25950.056 8.33884452528099e-07
26000.056 1.1131839373902195e-06
26050.056 1.0426783070479607e-06
26100.056 1.186610172169111e-06
26150.056 1.119915233934925e-06
26200.056 1.0884366318600258e-06
26250.056 1.2328769414229343e-06
26300.056 1.1301291867140125e-06
26350.056 1.3150093147699797e-06
26400.056 1.2818543131799207e-06
26450.056 1.2672873008799684e-06
26500.056 1.3551050496698093e-06
26550.056 1.1896214542699633e-06
26600.056 1.4292611561289217e-06
26650.056 1.0743309339378968e-06
26700.056 1.0728572588490329e-06
26750.056 8.551667079206954e-07
26800.056 1.0091187395719204e-06
26850.056 7.522701554520931e-07
26900.056 1.065385644850916e-06
26950.056 7.313014163168997e-07
27000.056 1.0459265080300542e-06
27050.056 8.86035778619932e-07
27100.056 8.890755475688424e-07
27150.056 9.800522091500588e-07
27200.056 9.412459401040268e-07
27250.056 8.979544376081457e-07
27300.056 1.1946805884401082e-06
27350.056 1.0664130655218305e-06
27400.056 8.013022012349334e-07
27450.056 1.2715162528198823e-06
27500.056 1.1588560313500053e-06
27550.056 9.371010834849022e-07
27600.056 1.2548659110199776e-06
27650.056 9.132746613909942e-07
27700.056 8.43337079640954e-07
27750.056 1.2556908631998618e-06
27800.056 8.93863221370951e-07
27850.056 9.416853638578731e-07
27900.056 1.017941806575973e-06
27950.056 1.2661066267099764e-06
28000.056 1.0801737779290807e-06
28050.056 7.701151323571634e-07
28100.056 1.3120032796041624e-06
28150.056 9.84169351530029e-07
28200.056 7.929987109769755e-07
28250.056 1.1762256737299441e-06
28300.056 1.3305539881802172e-06
28350.056 8.509895921478494e-07
28400.056 1.0930414855870792e-06
28450.056 1.2225923006899128e-06
28500.056 1.1096023989398861e-06
28550.056 7.155605398298826e-07
28600.056 1.3270311489900376e-06
28650.056 1.1526202950900415e-06
28700.056 1.0093939834659216e-06
