galfind/configs/Brown_Dwarf_templates/sonora_bobcat/m-0.5/3160g/sp_t2000g3160nc_m-0.5_resample.dat
# %ECSV 1.0
# ---
# datatype:
# - {name: wav, unit: Angstrom, datatype: float64}
# - {name: flux_nu, unit: erg / (cm2 Hz s), datatype: float64}
# meta: {C/O: '1.00', Kzz: '1.0000E+05', Teff: '2000.', Y: '0.28', '[Fe/H]': '-0.50', f_hole: '1.00', f_rain: '0.00', grav: '3160.'}
# schema: astropy-2.0
wav flux_nu
[from data line 497]
28850.056 1.7665532876500866e-06
28900.056 1.3013496052799393e-06
28950.056 1.9533276508299954e-06
29000.056 1.7097835564497129e-06
29050.056 1.8330817876301364e-06
29100.056 1.4344361234001456e-06
29150.056 2.027126094229968e-06
29200.056 1.6228991019200537e-06
29250.056 1.764256064479921e-06
29300.056 1.4599556740998363e-06
29350.056 2.1906074889399274e-06
29400.056 1.766556149029948e-06
29450.056 1.7090032495199403e-06
29500.056 1.7681941929799665e-06
29550.056 1.8017361655800455e-06
29600.056 1.969723336169781e-06
29650.056 1.7294711619599994e-06
29700.056 1.7767746093899936e-06
29750.056 1.9655700100401694e-06
29800.056 2.0045371857497924e-06
29850.056 1.8249331170498225e-06
29900.056 1.8151284411705028e-06
29950.056 2.1870205488898263e-06
30000.056 2.0265437134097603e-06
30050.056 1.8758415529500633e-06
30100.056 1.7093879512996831e-06
30150.056 2.3784337766400385e-06
30200.056 2.0513812421500878e-06
30250.056 2.0817438059901755e-06
30300.056 1.8969182193299313e-06
30350.056 2.0884139992402493e-06
30400.056 2.348939828940135e-06
30450.056 1.8676129241002368e-06
30500.056 1.808362292140081e-06
30550.056 2.1678833982001176e-06
30600.056 2.0871054489700456e-06
30650.056 2.1231053479400262e-06
30700.056 1.91132656433986e-06
30750.056 1.9509605862298974e-06
30800.056 2.209114791950292e-06
30850.056 1.9056812776398809e-06
30900.056 1.789368517079853e-06
30950.056 1.7105526959101187e-06
31000.056 1.9395642133900613e-06
31050.056 2.0388892720000327e-06
31100.056 1.7426472479800455e-06
31150.056 1.799163313439807e-06
31200.056 1.835619796499928e-06
31250.056 1.8871372631000563e-06
31300.056 1.74493290537981e-06
31350.056 1.7038021407600236e-06
31400.056 1.6639264042302133e-06
31450.056 1.717741961479897e-06
31500.056 1.660102779369847e-06
31550.056 1.6645609022799844e-06
31600.056 1.5966776418400134e-06
31650.056 1.603240801219951e-06
31700.056 1.6478475513999054e-06
31750.056 1.5346426274202027e-06
31800.056 1.7020384067998587e-06
31850.056 1.6144534988701246e-06
31900.056 1.7880337172400888e-06
31950.056 1.5294941452200945e-06
32000.056 1.6373824379797608e-06
32050.056 1.733588724700166e-06
32100.056 1.770401003119846e-06
32150.056 1.91488768834992e-06
32200.056 1.7228611243699273e-06
32250.056 1.9453519803001194e-06
32300.056 1.690307032519949e-06
32350.056 2.144691288440268e-06
32400.056 1.779639665630012e-06
32450.056 2.038623583729794e-06
32500.056 2.05011744567025e-06
32550.056 2.2752592181899735e-06
32600.056 2.215609555459948e-06
32650.056 2.3025759619000887e-06
32700.056 2.3025992404001697e-06
32750.056 2.2955112210999455e-06
32800.056 2.21539884013027e-06
32850.056 2.479322481199943e-06
32900.056 2.514117790300132e-06
32950.056 2.3896066754999465e-06
33000.056 2.4034790307000133e-06
33050.056 2.2532428764998375e-06
33100.056 2.0946193422999487e-06
33150.056 1.3077169783702211e-06
33200.056 1.0774573439596938e-06
33250.056 9.338330357097591e-07
33300.056 8.871412178401418e-07
33350.056 9.729190299100352e-07
33400.056 1.036697359099959e-06
33450.056 1.1058457777500123e-06
33500.056 1.3105086995400687e-06
33550.056 1.4287256505000627e-06
33600.056 1.6318972678000583e-06
33650.056 1.906823835700178e-06
33700.056 1.942507039829965e-06
33750.056 2.253467580199968e-06
33800.056 2.099494143249849e-06
33850.056 2.3729208071000523e-06
33900.056 2.348696692999908e-06
33950.056 2.3163130854999947e-06
34000.056 2.4420365789997864e-06
34050.056 2.2415163422496573e-06
34100.056 2.451917275400107e-06
34150.056 2.2205553633196367e-06
34200.056 2.2336097984197716e-06
34250.056 2.3991851266998206e-06
34300.056 2.015370664949302e-06
34350.056 2.1890797023000316e-06
34400.056 2.0550091844001503e-06
34450.056 2.1112539613000447e-06
34500.056 2.4202099558000005e-06
34550.056 2.0298646306600416e-06
34600.056 2.346561898199999e-06
34650.056 2.225462763279954e-06
34700.056 2.308695381199918e-06
34750.056 2.5195586081001678e-06
34800.056 2.1744560061099796e-06
34850.056 2.3249613225000318e-06
34900.056 2.280153821310056e-06
34950.056 2.2981104397997756e-06
35000.056 2.463747726900127e-06
35050.056 2.404695747740188e-06
35100.056 2.4055595485999756e-06
35150.056 2.507166265399897e-06
35200.056 2.437961784970137e-06
35250.056 2.6431552060000016e-06
35300.056 2.4064792218000125e-06
35350.056 2.530077604399965e-06
35400.056 2.565395268600186e-06
35450.056 2.288751612500286e-06
35500.056 2.7589467223999887e-06
35550.056 2.6336505817000288e-06
35600.056 2.5267020139000753e-06
35650.056 2.831829855400081e-06
35700.056 2.5552839821999777e-06
35750.056 2.641900283399833e-06
35800.056 2.9938496569999895e-06
35850.056 2.698498314600199e-06
35900.056 3.04867601579997e-06
35950.056 2.9070032796998898e-06
36000.056 2.8860634245001493e-06
36050.056 3.1387398970001325e-06
36100.056 3.0994718020993452e-06
36150.056 2.988175509400237e-06
36200.056 3.2830736230999576e-06
36250.056 3.078610835000026e-06
36300.056 3.383090930900029e-06
36350.056 3.238094054899879e-06
36400.056 3.2988703635000934e-06
36450.056 3.537867395199937e-06
36500.056 3.3497086476999974e-06
36550.056 3.441219805600348e-06
36600.056 3.41465693900005e-06
36650.056 3.4883502198999114e-06
36700.056 3.692629550999918e-06
36750.056 3.4931476177000476e-06
36800.056 3.6152684755999374e-06
36850.056 3.768321269499995e-06
36900.056 3.681912523400083e-06
36950.056 3.7273120146999152e-06
37000.056 3.777922080899929e-06
37050.056 3.839770071299943e-06
37100.056 3.8092059711001126e-06
37150.056 3.857643523699884e-06
37200.056 3.894783719799976e-06
37250.056 3.928221950899962e-06
37300.056 3.948200666700049e-06
37350.056 3.830557997100168e-06
37400.056 3.960499319599983e-06
37450.056 3.856872168500062e-06
37500.056 4.02964688209994e-06
37550.056 4.010030162999905e-06
37600.056 4.090881209899996e-06
37650.056 3.9943131783999946e-06
37700.056 4.094832200099979e-06
37750.056 4.051444762500034e-06
37800.056 4.112464453899975e-06
37850.056 4.071779064299989e-06
37900.056 4.080176268300116e-06
37950.056 4.100046997700014e-06
38000.056 4.1464103337000515e-06
38050.056 4.121187175800069e-06
38100.056 4.040170221000071e-06
38150.056 4.176616975099993e-06
38200.056 4.166632886699997e-06
38250.056 4.0660768027000704e-06
38300.056 4.060066846599982e-06
38350.056 4.126313066100009e-06
38400.056 4.155128063199955e-06
38450.056 4.2230389839000095e-06
38500.056 4.127087530299986e-06
38550.056 4.174748981400062e-06
38600.056 4.291075699099979e-06
38650.056 4.139564496699983e-06
38700.056 4.1240276473001045e-06
38750.056 4.212271497700014e-06
38800.056 4.1664623959000715e-06
38850.056 4.180603343299983e-06
38900.056 4.081747418999962e-06
38950.056 4.20325795670001e-06
39000.056 4.16946238870003e-06
39050.056 4.193587696999971e-06
39100.056 4.0747211796000635e-06
39150.056 4.15226101860003e-06
39200.056 4.172213172699995e-06
39250.056 4.147505837199907e-06
39300.056 4.145791270299926e-06
39350.056 4.128238250300085e-06
39400.056 4.1257728915000344e-06
39450.056 4.152929437999976e-06
39500.056 4.071376471299958e-06
39550.056 4.0369395658998595e-06
39600.056 4.174538170199975e-06
39650.056 4.0257678835000325e-06
39700.056 4.039482664600002e-06
39750.056 4.0553426197999376e-06
39800.056 3.914007104000055e-06
39850.056 4.053052389399963e-06
39900.056 3.951216784499967e-06
39950.056 4.038737138999953e-06
40000.056 3.843235171699963e-06
40050.056 3.8276212279999914e-06
40100.056 3.939285833399977e-06
40150.056 3.806007393599872e-06
40200.056 3.89091988549996e-06
40250.056 3.6837812927996445e-06
40300.056 3.759929874200122e-06
40350.056 3.7991253679000415e-06
40400.056 3.761654790400049e-06
40450.056 3.691697917399997e-06
40500.056 3.5294983898001482e-06
40550.056 3.803728193199897e-06
40600.056 3.4278903339000646e-06
40650.056 3.6963935196000337e-06
40700.056 3.7716111082000083e-06
40750.056 3.456776143699559e-06
40800.056 3.4803636305998977e-06
40850.056 3.3386598498002596e-06
40900.056 3.430047404500057e-06
40950.056 3.4621802237999646e-06
41000.056 3.4902730486999587e-06
41050.056 3.457651317999765e-06
41100.056 3.310103724299911e-06
41150.056 3.497816925099965e-06
41200.056 3.3667663226000493e-06
41250.056 3.3896626349000603e-06
41300.056 3.0719272350997974e-06
41350.056 3.3674331498000544e-06
41400.056 3.208626917400132e-06
41450.056 3.2898773639001006e-06
41500.056 3.332862103800076e-06
41550.056 3.1956644830000463e-06
41600.056 3.1974485309000764e-06
41650.056 3.1702749215001183e-06
41700.056 3.0451815524999507e-06
41750.056 3.1877372987998913e-06
41800.056 3.307274507499937e-06
41850.056 2.7984500922001757e-06
41900.056 3.174287861799929e-06
41950.056 3.2602138517000754e-06
42000.056 3.1989736473002368e-06
42050.056 2.95695875469986e-06
42100.056 3.2389178421000856e-06
42150.056 2.7573863057999517e-06
42200.056 2.8119297977000428e-06
42250.056 3.2296785917000432e-06
42300.056 2.992634632800009e-06
42350.056 3.174947989500209e-06
42400.056 2.992461679100068e-06
42450.056 2.7079847366000846e-06
42500.056 2.785747455000019e-06
42550.056 2.796048799000059e-06
42600.056 2.890308969300028e-06
42650.056 3.033223297099813e-06
42700.056 2.973632717999992e-06
42750.056 2.704165298000073e-06
42800.056 2.9073016626001135e-06
42850.056 3.0010925108997875e-06
42900.056 3.024524768800125e-06
42950.056 2.6408532469995713e-06
43000.056 2.8636594587000138e-06
43050.056 2.477922434000567e-06
43100.056 2.6899589432999512e-06
43150.056 2.6042603662001986e-06
43200.056 2.4722494981999447e-06
43250.056 2.6050144594001935e-06
43300.056 2.565030383900071e-06
43350.056 2.2624387139997613e-06
43400.056 2.3155570830000057e-06
43450.056 2.255557062400078e-06
43500.056 2.2283161426998227e-06
43550.056 2.164455977709934e-06
43600.056 2.298865156700162e-06
43650.056 1.98338346013996e-06
43700.056 2.133689667200049e-06
43750.056 2.122700739100034e-06
43800.056 1.9308332908999433e-06
43850.056 1.9274528208001875e-06
43900.056 1.992752559179932e-06
43950.056 1.8419965028699322e-06
44000.056 1.7214570331499905e-06
44050.056 1.7160729847200075e-06
44100.056 1.7962054077001679e-06
44150.056 1.8345493203700146e-06
44200.056 1.6931583744900646e-06
44250.056 1.7023674856399835e-06
44300.056 1.6442800587600784e-06
44350.056 1.5524379171401017e-06
44400.056 1.6281965931599573e-06
44450.056 1.646224954460038e-06
44500.056 1.5727809380500888e-06
44550.056 1.4875473713598439e-06
44600.056 1.4764954276901408e-06
44650.056 1.5884705650000006e-06
44700.056 1.5081227984000311e-06
44750.056 1.5142316734798898e-06
44800.056 1.485389054209954e-06
44850.056 1.4720896209101338e-06
44900.056 1.4250258721000667e-06
44950.056 1.389369277360047e-06
45000.056 1.4468736992000034e-06
45050.056 1.4459594779099347e-06
45100.056 1.5007371648600432e-06
45150.056 1.3650694057600106e-06
45200.056 1.280887111650004e-06
45250.056 1.3416320735699233e-06
45300.056 1.4650595737300274e-06
45350.056 1.474233342919921e-06
45400.056 1.3733819805501152e-06
45450.056 1.3242680030398735e-06
45500.056 1.3882180256499116e-06
45550.056 1.4517015680700303e-06
45600.056 1.3487929822299833e-06
45650.056 1.2695904010998515e-06
45700.056 1.4253681410300594e-06
45750.056 1.3038968553900566e-06
45800.056 1.2881994201499342e-06
45850.056 1.5204443035999617e-06
45900.056 1.4532289193200003e-06
45950.056 1.31762591057998e-06
46000.056 1.5239320772399872e-06
46050.056 1.5608222212803052e-06
46100.056 1.2792783627100707e-06
46150.056 1.4001928746898865e-06
46200.056 1.451779853770226e-06
46250.056 1.2565668730200202e-06
46300.056 1.5565981706000203e-06
46350.056 1.4164976028599257e-06
46400.056 1.4170582146699243e-06
46450.056 1.468568754620081e-06
46500.056 1.3529462411899024e-06
46550.056 1.6105656573700184e-06
46600.056 1.5171599408900891e-06
46650.056 1.806046651659803e-06
46700.056 1.8001250695605492e-06
46750.056 1.451936851420083e-06
46800.056 1.529635456840107e-06
46850.056 1.629832964020152e-06
46900.056 1.5059558522898377e-06
46950.056 1.7617400897700197e-06
47000.056 1.453887834690034e-06
47050.056 1.7116957234799152e-06
47100.056 1.350519722170073e-06
47150.056 1.5526934146400139e-06
47200.056 1.6221517258002342e-06
47250.056 1.4800046292999206e-06
47300.056 1.5764387328298633e-06
47350.056 1.3296402781199347e-06
47400.056 1.620595256339896e-06
47450.056 1.412479523299974e-06
47500.056 1.6080818084798895e-06
47550.056 1.4107067203899457e-06
47600.056 1.6134468380099094e-06
47650.056 1.2963278103598883e-06
47700.056 1.6290832143399879e-06
47750.056 1.2255532229301892e-06
47800.056 1.61026762099996e-06
47850.056 1.2297716532799703e-06
47900.056 1.5762091814899793e-06
47950.056 1.2936961277901166e-06
48000.056 1.7177707545999571e-06
48050.056 1.3522718767601053e-06
48100.056 1.5590072865499675e-06
48150.056 1.3487858685401585e-06
48200.056 1.5941162284400731e-06
48250.056 1.3441551271300962e-06
48300.056 1.7040226480998926e-06
48350.056 1.2593259893698435e-06
48400.056 1.513201420249961e-06
48450.056 1.271730245380022e-06
48500.056 1.7284969661600065e-06
48550.056 1.2196662435399547e-06
48600.056 1.6828730751999187e-06
48650.056 1.2530152997899669e-06
48700.056 1.6944719311000562e-06
48750.056 1.1527626388500257e-06
48800.056 1.6861600031200717e-06
48850.056 1.2192368103098146e-06
48900.056 1.6711051435001104e-06
48950.056 1.4057199088299597e-06
49000.056 1.4306748280500076e-06
49050.056 1.5563660462999533e-06
49100.056 1.3957092783000358e-06
49150.056 1.4749423481899195e-06
49200.056 1.3614971857499385e-06
49250.056 1.4712801192700205e-06
49300.056 1.3153556098099072e-06
49350.056 1.4337755287999806e-06
49400.056 1.5722828241399907e-06
49450.056 1.3751685582902192e-06
49500.056 1.4459951760000151e-06
49550.056 1.2887848025298792e-06
49600.056 1.3959955405601511e-06
49650.056 1.4572990762798987e-06
49700.056 1.2943942517999255e-06
49750.056 1.8540416999999331e-06
49800.056 1.3529115732899984e-06
49850.056 1.7034888706201077e-06
49900.056 1.4288475300799843e-06
49950.056 1.4557760684999226e-06
50000.056 1.4921964540797286e-06
50050.056 1.407237761170076e-06
50100.056 1.6483402001999246e-06
50150.056 1.3356360558600163e-06
50200.056 1.3094164795800895e-06
50250.056 1.5063536623300057e-06
50300.056 1.345828385209969e-06
50350.056 1.6934505359799921e-06
50400.056 1.3822314369598696e-06
50450.056 1.4118425618401522e-06
50500.056 1.7249553312001016e-06
50550.056 1.436354255340017e-06
50600.056 1.5370079929299342e-06
50650.056 1.4454435209501095e-06
50700.056 1.6712406647599661e-06
50750.056 1.7577362426400938e-06
50800.056 1.2323423976098457e-06
50850.056 1.5270231346800751e-06
50900.056 1.6284004940598959e-06
50950.056 1.553090221920246e-06
51000.056 1.863512574580133e-06
51050.056 1.4750721484400273e-06
51100.056 1.4320529221999336e-06
51150.056 1.6056433738199893e-06
51200.056 1.5035351266000445e-06
51250.056 1.6454266371100405e-06
51300.056 1.3387354394802314e-06
51350.056 1.6067698663999308e-06
51400.056 1.5012004274798794e-06
51450.056 1.1825556226998454e-06
51500.056 1.4937986560201318e-06
51550.056 1.8589077177800716e-06
51600.056 1.2802846004400384e-06
51650.056 1.5554632870998759e-06
51700.056 1.5259670995196812e-06
51750.056 1.380501581080033e-06
51800.056 1.7271984970997753e-06
51850.056 1.5591589960098708e-06
51900.056 1.7359024661001238e-06
51950.056 1.6154985834099138e-06
52000.056 1.3032232812499604e-06
52050.056 1.5525988991099617e-06
52100.056 1.4664018655099678e-06
52150.056 1.4434209129600367e-06
52200.056 1.4029047488400246e-06
52250.056 1.4892181534899787e-06
52300.056 1.6907245142999824e-06
52350.056 1.678591615540063e-06
52400.056 1.3135240433901265e-06
52450.056 1.4740765687200558e-06
52500.056 1.69296057701982e-06
52550.056 1.5839430500998288e-06
52600.056 1.5823267743200366e-06
52650.056 1.7192011051101309e-06
52700.056 1.4434115851900621e-06
52750.056 1.3260868522699471e-06
52800.056 1.3978348226100902e-06
52850.056 1.3921008698198892e-06
52900.056 1.5444378598499529e-06
52950.056 1.4680925736999597e-06
53000.056 1.674870736699995e-06
53050.056 1.4440442472197722e-06
53100.056 1.5113698953399372e-06
53150.056 1.791592097600112e-06
53200.056 1.2237009544900288e-06
53250.056 1.6376985668000384e-06
53300.056 1.6890889770003164e-06
