galfind/configs/Brown_Dwarf_templates/sonora_bobcat/m-0.5/3160g/sp_t1500g3160nc_m-0.5_resample.dat
# %ECSV 1.0
# ---
# datatype:
# - {name: wav, unit: Angstrom, datatype: float64}
# - {name: flux_nu, unit: erg / (cm2 Hz s), datatype: float64}
# meta: {C/O: '1.00', Kzz: '1.0000E+05', Teff: '1500.', Y: '0.28', '[Fe/H]': '-0.50', f_hole: '1.00', f_rain: '0.00', grav: '3160.'}
# schema: astropy-2.0
wav flux_nu
[from data line 500]
29000.056 5.13237001699902e-07
29050.056 5.67969975483069e-07
29100.056 4.2587541812405915e-07
29150.056 6.975218705679913e-07
29200.056 4.886229806140066e-07
29250.056 5.840188106239966e-07
29300.056 4.2961269824696314e-07
29350.056 8.149653162089737e-07
29400.056 5.631533100829762e-07
29450.056 5.672172177209552e-07
29500.056 5.887070509410106e-07
29550.056 5.943288584280314e-07
29600.056 6.637970038138732e-07
29650.056 5.804429634929822e-07
29700.056 5.857109012499779e-07
29750.056 6.611788174880463e-07
29800.056 6.914214920199166e-07
29850.056 6.407140843339268e-07
29900.056 6.622468213902259e-07
29950.056 7.663649499209142e-07
30000.056 6.772362309259404e-07
30050.056 6.173413559800137e-07
30100.056 6.04445828409887e-07
30150.056 8.191096984200033e-07
30200.056 6.690487549900017e-07
30250.056 7.599704911600644e-07
30300.056 6.518663111099856e-07
30350.056 6.877341566900716e-07
30400.056 7.464916078800071e-07
30450.056 5.830475028211002e-07
30500.056 5.550705141500303e-07
30550.056 5.952923216600271e-07
30600.056 6.08242593500001e-07
30650.056 5.643316152699737e-07
30700.056 5.244164861999597e-07
30750.056 5.051653477299505e-07
30800.056 5.027131970900908e-07
30850.056 4.389479147889405e-07
30900.056 4.4412522315892226e-07
30950.056 3.8731195982705663e-07
31000.056 3.850251759280255e-07
31050.056 4.436838166200144e-07
31100.056 3.547959669759989e-07
31150.056 3.6953341652497806e-07
31200.056 3.990972070600312e-07
31250.056 3.2794720950198016e-07
31300.056 3.3423653759895663e-07
31350.056 3.1735703790401834e-07
31400.056 2.862605423760201e-07
31450.056 2.9826386694996325e-07
31500.056 2.655725509149537e-07
31550.056 2.7814291720798764e-07
31600.056 2.591363755650134e-07
31650.056 2.400506447370097e-07
31700.056 2.6061498701996694e-07
31750.056 2.222593959860532e-07
31800.056 2.6179701506495906e-07
31850.056 2.2407896628802973e-07
31900.056 2.6090499906202694e-07
31950.056 2.0867387085501635e-07
32000.056 2.4813193458195294e-07
32050.056 2.4749105250601744e-07
32100.056 2.39900109944998e-07
32150.056 2.6894668503598585e-07
32200.056 2.3149051154299496e-07
32250.056 2.948338548070293e-07
32300.056 2.2248360508297545e-07
32350.056 3.0695149581401386e-07
32400.056 2.3566313182000061e-07
32450.056 3.051529267889285e-07
32500.056 2.8535501849305e-07
32550.056 2.991228246169956e-07
32600.056 3.173082611259931e-07
32650.056 3.476308986119702e-07
32700.056 3.5328834513003214e-07
32750.056 3.6999700027001296e-07
32800.056 3.774618021210367e-07
32850.056 3.9856914951999425e-07
32900.056 4.1737619080801754e-07
32950.056 4.1660257432999433e-07
33000.056 3.939250740599649e-07
33050.056 3.64782653280011e-07
33100.056 2.9639305378998086e-07
33150.056 1.3988724186302132e-07
33200.056 1.2445681930595682e-07
33250.056 1.0788616398197181e-07
33300.056 1.0941986346301848e-07
33350.056 1.3130068894700348e-07
33400.056 1.5509525108998538e-07
33450.056 1.7638059309000128e-07
33500.056 2.1960977116002232e-07
33550.056 2.362594000080273e-07
33600.056 2.8382910060998547e-07
33650.056 3.1974519675003283e-07
33700.056 2.935598535599781e-07
33750.056 3.7212492956998193e-07
33800.056 3.235960460489867e-07
33850.056 3.721194993899842e-07
33900.056 3.267478927419909e-07
33950.056 3.469742830299893e-07
34000.056 3.778117536839909e-07
34050.056 2.956773218869602e-07
34100.056 3.78656537859991e-07
34150.056 3.14233610012967e-07
34200.056 3.168819691239396e-07
34250.056 3.313459942599514e-07
34300.056 2.8227400580988327e-07
34350.056 3.1037875461001866e-07
34400.056 2.7140604445601153e-07
34450.056 3.2407662096998147e-07
34500.056 3.2435466806997663e-07
34550.056 2.7152074787800677e-07
34600.056 3.535393937499977e-07
34650.056 3.009104895879847e-07
34700.056 3.218759249999875e-07
34750.056 3.4912702050999006e-07
34800.056 2.9930966070998655e-07
34850.056 3.410720959400117e-07
34900.056 3.3231455612597794e-07
34950.056 3.315429172399418e-07
35000.056 4.0840341576504194e-07
35050.056 3.192518336680244e-07
35100.056 3.673251587699903e-07
35150.056 3.8497197743799985e-07
35200.056 3.724517397900269e-07
35250.056 4.402059258599465e-07
35300.056 3.5849842896502183e-07
35350.056 3.76881076329973e-07
35400.056 4.2421875992006717e-07
35450.056 3.306719993300839e-07
35500.056 4.5459513954000336e-07
35550.056 4.266925501499992e-07
35600.056 4.1985706638006707e-07
35650.056 4.714889140000168e-07
35700.056 4.1204677909999833e-07
35750.056 4.589152035599767e-07
35800.056 5.462175706600043e-07
35850.056 4.34673697280024e-07
35900.056 5.38617709359996e-07
35950.056 5.290816985399589e-07
36000.056 5.280990430200693e-07
36050.056 5.670337808300116e-07
36100.056 5.329863293398154e-07
36150.056 5.909336158500239e-07
36200.056 6.378868980899992e-07
36250.056 5.779692552199852e-07
36300.056 6.59549768010019e-07
36350.056 6.476130045799823e-07
36400.056 6.570555263200239e-07
36450.056 7.044107043999838e-07
36500.056 6.922081950899476e-07
36550.056 7.680824651301152e-07
36600.056 7.881321399400228e-07
36650.056 7.53704250059915e-07
36700.056 8.222229076999977e-07
36750.056 8.65694739010023e-07
36800.056 8.667764541499774e-07
36850.056 8.936948089999023e-07
36900.056 8.787472876099901e-07
36950.056 9.763794559499707e-07
37000.056 9.545687694399674e-07
37050.056 9.834612585300337e-07
37100.056 1.0033686797199572e-06
37150.056 1.0270111086600404e-06
37200.056 1.0662633339499959e-06
37250.056 1.0548396892499388e-06
37300.056 1.0207831811798834e-06
37350.056 1.0893245639600436e-06
37400.056 1.2018604767599851e-06
37450.056 1.1251986168800021e-06
37500.056 1.1465446853899902e-06
37550.056 1.2535649712000968e-06
37600.056 1.294285422300036e-06
37650.056 1.1884412205900478e-06
37700.056 1.2974868065000447e-06
37750.056 1.2214850099500864e-06
37800.056 1.3040544216000926e-06
37850.056 1.2375374199300146e-06
37900.056 1.2870219633000983e-06
37950.056 1.3087152762099625e-06
38000.056 1.3804780918800147e-06
38050.056 1.3646445020600524e-06
38100.056 1.3894064725000492e-06
38150.056 1.4431405218999803e-06
38200.056 1.4572829676000457e-06
38250.056 1.4300135152000004e-06
38300.056 1.5124914390999314e-06
38350.056 1.5414014579000401e-06
38400.056 1.4519664907199693e-06
38450.056 1.529074551899972e-06
38500.056 1.497771643300039e-06
38550.056 1.5860451719000341e-06
38600.056 1.57756501449993e-06
38650.056 1.5949394175999923e-06
38700.056 1.6274230570999994e-06
38750.056 1.6386653720000034e-06
38800.056 1.5869971102999438e-06
38850.056 1.639787510200028e-06
38900.056 1.6578189473e-06
38950.056 1.6608063690000017e-06
39000.056 1.6848633327999954e-06
39050.056 1.6971224069999857e-06
39100.056 1.6532815821000698e-06
39150.056 1.727095041500022e-06
39200.056 1.6927785972999825e-06
39250.056 1.7389449058999593e-06
39300.056 1.7277773818999263e-06
39350.056 1.759725107200029e-06
39400.056 1.7469733468000292e-06
39450.056 1.7665821685999935e-06
39500.056 1.7476888674999876e-06
39550.056 1.7392977797000265e-06
39600.056 1.8035960942999333e-06
39650.056 1.7981574074000028e-06
39700.056 1.7779407324000423e-06
39750.056 1.7532707559000398e-06
39800.056 1.7443551425999751e-06
39850.056 1.834766454399998e-06
39900.056 1.807906360999994e-06
39950.056 1.8363517874999616e-06
40000.056 1.8000648254000193e-06
40050.056 1.8007963365000188e-06
40100.056 1.799774730780019e-06
40150.056 1.8220446969999997e-06
40200.056 1.854808983799947e-06
40250.056 1.751869532899866e-06
40300.056 1.7993813493000465e-06
40350.056 1.8155016771999932e-06
40400.056 1.8230331032000222e-06
40450.056 1.8198886132000101e-06
40500.056 1.7545848485000785e-06
40550.056 1.8816151488999655e-06
40600.056 1.7247410528000254e-06
40650.056 1.8198750086999517e-06
40700.056 1.9062279845999983e-06
40750.056 1.717760865899805e-06
40800.056 1.7097534831998765e-06
40850.056 1.7548663093000923e-06
40900.056 1.7843895660000062e-06
40950.056 1.7538691730999752e-06
41000.056 1.7651412805999887e-06
41050.056 1.7695598065799102e-06
41100.056 1.7031736101999367e-06
41150.056 1.721656066099955e-06
41200.056 1.7431535668000175e-06
41250.056 1.7167480441000003e-06
41300.056 1.5553478368398855e-06
41350.056 1.7487312735000443e-06
41400.056 1.6541585321000603e-06
41450.056 1.716232802300041e-06
41500.056 1.6680602255999704e-06
41550.056 1.5932230838800484e-06
41600.056 1.6374444825100402e-06
41650.056 1.6624615500000542e-06
41700.056 1.5497760525599412e-06
41750.056 1.6167333268999535e-06
41800.056 1.7485278741399664e-06
41850.056 1.3589847732600793e-06
41900.056 1.604454678379934e-06
41950.056 1.7110746332000345e-06
42000.056 1.6762075425001278e-06
42050.056 1.4932022187399645e-06
42100.056 1.7391538418000556e-06
42150.056 1.396898414710014e-06
42200.056 1.4316207584799576e-06
42250.056 1.6479241878000011e-06
42300.056 1.5290083540599804e-06
42350.056 1.6404892882001155e-06
42400.056 1.5769719697000428e-06
42450.056 1.360926262510055e-06
42500.056 1.4145445451299822e-06
42550.056 1.381917604460032e-06
42600.056 1.50022543442004e-06
42650.056 1.6408249624999281e-06
42700.056 1.5377398978999313e-06
42750.056 1.3301168793300842e-06
42800.056 1.4708883720800352e-06
42850.056 1.5569747744598536e-06
42900.056 1.5823321054800904e-06
42950.056 1.335197422469796e-06
43000.056 1.488050597319995e-06
43050.056 1.186166130930324e-06
43100.056 1.407718126139949e-06
43150.056 1.3293114081600867e-06
43200.056 1.3281143217999792e-06
43250.056 1.513511397240068e-06
43300.056 1.4945586365600058e-06
43350.056 1.1704365112597942e-06
43400.056 1.3469853472400234e-06
43450.056 1.2442585487201327e-06
43500.056 1.2900773987499533e-06
43550.056 1.2745011782199635e-06
43600.056 1.3996657687600914e-06
43650.056 1.1357105664200188e-06
43700.056 1.3699887740600567e-06
43750.056 1.3202173269900462e-06
43800.056 1.2483431385499014e-06
43850.056 1.1676494025101564e-06
43900.056 1.2683318066899343e-06
43950.056 1.0974862926299387e-06
44000.056 1.006222459890025e-06
44050.056 1.1695207355600105e-06
44100.056 1.2563450617200865e-06
44150.056 1.2751423869799855e-06
44200.056 1.1853620225400237e-06
44250.056 1.0657277257199957e-06
44300.056 1.0083436840001084e-06
44350.056 1.037054234420064e-06
44400.056 1.0402604445499496e-06
44450.056 1.1029170168400171e-06
44500.056 1.0714243560201084e-06
44550.056 1.118665154409964e-06
44600.056 1.0559219153500473e-06
44650.056 1.0935270693700154e-06
44700.056 9.806708895799679e-07
44750.056 1.0359307626400286e-06
44800.056 1.0247618157300175e-06
44850.056 1.0776804118000974e-06
44900.056 9.716226514100428e-07
44950.056 9.842532916200513e-07
45000.056 1.0198168706800152e-06
45050.056 1.0252264666999874e-06
45100.056 1.0720866993100221e-06
45150.056 1.0027086274100042e-06
45200.056 8.9628397067004e-07
45250.056 9.556897707299139e-07
45300.056 1.0032314997000325e-06
45350.056 9.752382531599113e-07
45400.056 1.0085883521300658e-06
45450.056 9.866385562799329e-07
45500.056 9.929748851099738e-07
45550.056 1.0797611871299551e-06
45600.056 1.025203706580019e-06
45650.056 9.401565673498821e-07
45700.056 9.762229544200588e-07
45750.056 9.196034923300028e-07
45800.056 9.921708164799662e-07
45850.056 1.1110961810499754e-06
45900.056 1.085254812240036e-06
45950.056 9.442475724500001e-07
46000.056 1.0869330558700276e-06
46050.056 1.0718381594100936e-06
46100.056 1.0127011573799804e-06
46150.056 9.83020141019941e-07
46200.056 9.869544576301357e-07
46250.056 8.575846180799407e-07
46300.056 1.0649985663199562e-06
46350.056 1.0036552037699937e-06
46400.056 1.0335335349600257e-06
46450.056 1.0278282744300094e-06
46500.056 9.634389070400676e-07
46550.056 1.0222579621200128e-06
46600.056 1.0239822352999766e-06
46650.056 1.2319688404899745e-06
46700.056 1.1534436800500553e-06
46750.056 9.237325356600865e-07
46800.056 8.885169149500367e-07
46850.056 1.1705590458201026e-06
46900.056 1.095354694719912e-06
46950.056 1.1931074772199996e-06
47000.056 1.013173766390045e-06
47050.056 1.1184087894098854e-06
47100.056 8.73861109280048e-07
47150.056 1.0215456789300386e-06
47200.056 1.0990777772300513e-06
47250.056 9.528740315199809e-07
47300.056 8.785024245899807e-07
47350.056 1.0269480769100035e-06
47400.056 1.1459780387499654e-06
47450.056 9.942764139900145e-07
47500.056 1.114902069789961e-06
47550.056 9.797605183999885e-07
47600.056 1.079223286869937e-06
47650.056 9.331280013098978e-07
47700.056 1.0621743260900845e-06
47750.056 8.372679720300333e-07
47800.056 9.750696273600202e-07
47850.056 7.641712321999837e-07
47900.056 9.230784415699189e-07
47950.056 9.532749378900207e-07
48000.056 1.1355419849399957e-06
48050.056 9.916621135200235e-07
48100.056 9.067762802899941e-07
48150.056 9.096060378400717e-07
48200.056 9.866329840700016e-07
48250.056 9.040282631900116e-07
48300.056 1.1603540526999492e-06
48350.056 8.331278512699842e-07
48400.056 7.741982747599144e-07
48450.056 8.935665772201026e-07
48500.056 1.090457823569907e-06
48550.056 8.743864102799928e-07
48600.056 1.0533901557899973e-06
48650.056 9.248086767999695e-07
48700.056 1.0495276685699798e-06
48750.056 7.205070326801169e-07
48800.056 1.087736015530046e-06
48850.056 8.115240694898562e-07
48900.056 1.1037285299700289e-06
48950.056 9.18424019150009e-07
49000.056 7.811780344299906e-07
49050.056 1.0380027785199416e-06
49100.056 9.59366473050065e-07
49150.056 9.458424972999625e-07
49200.056 9.821323861200231e-07
49250.056 9.7622630082005e-07
49300.056 8.941595135899655e-07
49350.056 7.968970760400735e-07
49400.056 9.735857290299203e-07
49450.056 9.275165988001827e-07
49500.056 8.702323833099836e-07
49550.056 6.948426734499805e-07
49600.056 8.504363268701016e-07
49650.056 8.619360880699245e-07
49700.056 8.329269921498662e-07
49750.056 1.1012680983699398e-06
49800.056 8.625895605500075e-07
49850.056 1.0751832887600815e-06
49900.056 9.70658417949988e-07
49950.056 8.670067290099698e-07
50000.056 9.107553976599278e-07
50050.056 9.652025462499721e-07
50100.056 9.664574754299584e-07
50150.056 7.532053079599961e-07
50200.056 5.966376589500563e-07
50250.056 9.086210918999724e-07
50300.056 8.297918546500146e-07
50350.056 1.0480439752200625e-06
50400.056 8.745005763299509e-07
50450.056 7.822726619700394e-07
50500.056 9.867994441700672e-07
50550.056 9.344176705300231e-07
50600.056 8.058368747499088e-07
50650.056 9.229364538801108e-07
50700.056 1.0702301432399485e-06
50750.056 9.355672648400706e-07
50800.056 6.750821381698981e-07
50850.056 7.478756223300786e-07
50900.056 1.016810800309957e-06
50950.056 9.015997002101027e-07
51000.056 1.0340540013000719e-06
51050.056 9.160700616999747e-07
51100.056 6.733299296399559e-07
51150.056 8.24287230360026e-07
51200.056 1.056222271419967e-06
51250.056 8.576627668899958e-07
51300.056 7.017167199801242e-07
51350.056 8.860932760199104e-07
51400.056 6.667654008799797e-07
51450.056 5.892902675699207e-07
51500.056 6.516918105301068e-07
51550.056 9.616543810300507e-07
51600.056 7.206979873999988e-07
51650.056 7.54908169969923e-07
51700.056 8.448563937998261e-07
51750.056 6.91161347160026e-07
51800.056 9.039724086298428e-07
51850.056 8.183452417999683e-07
51900.056 1.0465445629600599e-06
51950.056 8.626211519799518e-07
52000.056 5.679466007899539e-07
52050.056 7.758517877100167e-07
52100.056 6.71527718920013e-07
52150.056 6.363233197600222e-07
52200.056 6.518553443899836e-07
52250.056 7.444453539100246e-07
52300.056 1.0020986908599784e-06
52350.056 8.33260316959996e-07
52400.056 6.384240948900701e-07
52450.056 8.073678926700603e-07
52500.056 8.992791103098908e-07
52550.056 8.575087744599343e-07
52600.056 7.989345013200522e-07
52650.056 8.380906628500841e-07
52700.056 7.042415245900174e-07
52750.056 5.92073899729982e-07
52800.056 6.515825231600449e-07
52850.056 6.91989240279876e-07
52900.056 7.073011418899387e-07
52950.056 7.244184897499975e-07
53000.056 8.841086966300299e-07
53050.056 6.244207432998681e-07
53100.056 7.803757736099662e-07
53150.056 9.68432787200026e-07
53200.056 5.481701838099732e-07
53250.056 8.557477974100349e-07
53300.056 8.808936833202513e-07
53350.056 8.613171963699681e-07
53400.056 8.77136904889991e-07
53450.056 6.412676219899995e-07
53500.056 4.867620057499222e-07
53550.056 6.743353166499508e-07
53600.056 7.821097144801185e-07
