galfind/configs/Brown_Dwarf_templates/sonora_bobcat/m-0.5/3160g/sp_t250g3160nc_m-0.5_resample.dat
# %ECSV 1.0
# ---
# datatype:
# - {name: wav, unit: Angstrom, datatype: float64}
# - {name: flux_nu, unit: erg / (cm2 Hz s), datatype: float64}
# meta: {C/O: '1.00', Kzz: '1.0000E+05', Teff: '250.', Y: '0.28', '[Fe/H]': '-0.50', f_hole: '1.00', f_rain: '0.00', grav: '3160.'}
# schema: astropy-2.0
wav flux_nu
4000.0559999999996 nan
4050.0559999999996 1.0337165072700057e-18
4100.056 5.05043080060006e-18
4150.056 1.9312518828000134e-17
4200.056 4.3320518337000224e-17
4250.056 7.733040811700024e-17
4300.056 1.252569121570004e-16
4350.056 1.9187230155000053e-16
4400.056 2.825209407600008e-16
4450.056 4.0772988347000126e-16
4500.056 5.853410583600017e-16
4550.056 8.199137639600016e-16
4600.056 1.0672988680600027e-15
4650.056 1.390091420500003e-15
4700.056 1.7599730835000036e-15
4750.056 2.166342073500004e-15
4800.056 2.6453606516000047e-15
4850.056 3.022117797200003e-15
4900.056 3.2268029766000014e-15
4950.056 3.1788230435999976e-15
5000.056 2.6083320502999927e-15
5050.056 2.0767916777999987e-15
5100.056 2.2435568205000024e-15
5150.056 2.5610166174000038e-15
5200.056 2.8511776575000027e-15
5250.056 3.0834722517000027e-15
5300.056 3.326691358000003e-15
5350.056 3.584727322000003e-15
5400.056 3.811560278300004e-15
5450.056 4.146109832400005e-15
5500.056 4.535741513000006e-15
5550.056 4.910435007400004e-15
5600.056 5.233419788600006e-15
5650.056 5.509012615700003e-15
5700.056 5.600643772800002e-15
5750.056 5.580181132399997e-15
5800.056 5.209032508099991e-15
5850.056 4.0261677851999645e-15
5900.056 1.4754486588250356e-15
5950.056 7.393698347200079e-15
6000.056 1.4472474489000123e-14
6050.056 2.5537082312000177e-14
6100.056 4.167742567100028e-14
6150.056 6.433347165100037e-14
6200.056 9.523248528500049e-14
6250.056 1.3491218650000062e-13
6300.056 1.9266920822000103e-13
6350.056 2.722351047000013e-13
6400.056 3.7632822273000184e-13
6450.056 4.840334113900011e-13
6500.056 6.454712102500037e-13
6550.056 8.771126295900034e-13
6600.056 1.195050145300006e-12
6650.056 1.6255165803000077e-12
6700.056 2.2007876192000004e-12
6750.056 2.673721754700008e-12
6800.056 3.123230760400004e-12
6850.056 3.004695676999993e-12
6900.056 2.286602591199981e-12
6950.056 1.6940299704000046e-12
7000.056 1.7626150494999933e-12
7050.056 1.826183342300005e-12
7100.056 1.9645044728999978e-12
7150.056 1.4748293875799747e-12
7200.056 1.0898385207900167e-12
7250.056 1.2241530140399818e-12
7300.056 1.2223389335400015e-12
7350.056 1.5643499246000075e-12
7400.056 1.9308769474000023e-12
7450.056 2.3175616832000052e-12
7500.056 2.5716679969000023e-12
7550.056 2.649438982199999e-12
7600.056 2.576790414499995e-12
7650.056 1.5007464315299776e-12
7700.056 1.4454718350500174e-12
7750.056 2.6290073684000224e-12
7800.056 3.741822047700026e-12
7850.056 4.568737915200009e-12
7900.056 5.552109749400034e-12
7950.056 6.8208579840000156e-12
8000.056 8.146481283300043e-12
8050.056 9.979125984100028e-12
8100.056 8.918285244999936e-12
8150.056 6.516313911500126e-12
8200.056 1.1620070432800005e-11
8250.056 1.3393956070300393e-11
8300.056 1.6915801225000042e-11
8350.056 2.0427770442000186e-11
8400.056 2.806282082000044e-11
8450.056 3.83949136160005e-11
8500.056 4.9082772949000274e-11
8550.056 6.09353457540007e-11
8600.056 7.493682787100061e-11
8650.056 8.842453770500046e-11
8700.056 9.67514998080003e-11
8750.056 1.0459607506000026e-10
8800.056 1.0420546444999975e-10
8850.056 8.222216453999782e-11
8900.056 2.3544640492898306e-11
8950.056 1.094309834550019e-11
9000.056 8.254261416200444e-12
9050.056 3.989944670600051e-11
9100.056 4.1237518263001e-11
9150.056 4.434655202800005e-11
9200.056 5.915824745500117e-11
9250.056 3.069613724519735e-11
9300.056 2.897526007766044e-13
9350.056 8.074337253550592e-14
9400.056 3.191392348400065e-12
9450.056 4.1157829239197353e-13
9500.056 5.920041437159719e-13
9550.056 7.669062507480424e-13
9600.056 1.6339163975500103e-12
9650.056 6.332422940000616e-12
9700.056 2.7592350323000734e-11
9750.056 3.9539923343000924e-11
9800.056 5.938788262200032e-11
9850.056 8.889129281300174e-11
9900.056 1.2966876418500175e-10
9950.056 1.4864796793000117e-10
10000.056 8.421420917228879e-11
10050.056 5.55101276129934e-12
10100.056 2.488161111999961e-12
10150.056 1.5553653927999546e-12
10200.056 8.241507691699816e-13
10250.056 5.929706555499963e-13
10300.056 5.490184814999882e-13
10350.056 3.2522161426999907e-13
10400.056 3.272225144999983e-13
10450.056 2.767196542499959e-13
10500.056 2.2277861363999755e-13
10550.056 1.761264136199976e-13
10600.056 1.2912914890999806e-13
10650.056 8.954192740899834e-14
10700.056 5.942284256599877e-14
10750.056 4.028302171299925e-14
10800.056 2.9306664199999676e-14
10850.056 2.262679358199971e-14
10900.056 1.7539323432999726e-14
10950.056 1.2673544428999812e-14
11000.056 8.757186766599817e-15
11050.056 5.492063832399873e-15
11100.056 2.544831283749872e-15
11150.056 7.486490593539213e-16
11200.056 2.236356308241973e-16
11250.056 2.2873122640330594e-16
11300.056 5.587356392800142e-16
11350.056 2.8743333058155266e-16
11400.056 1.1534207932900394e-15
11450.056 6.914046981679255e-16
11500.056 7.025503302749997e-16
11550.056 5.972311983340304e-16
11600.056 5.062305441699956e-16
11650.056 1.2245083800600835e-15
11700.056 2.3027835464098554e-15
11750.056 2.3276001394701996e-15
11800.056 4.877551384699998e-15
11850.056 5.2265700769000086e-15
11900.056 5.924752597300013e-15
11950.056 6.158689485599994e-15
12000.056 6.0462257034000264e-15
12050.056 7.336941940000098e-15
12100.056 9.519972770300208e-15
12150.056 1.3896864780000218e-14
12200.056 1.9422936764000272e-14
12250.056 2.6971557750000498e-14
12300.056 3.446748254500034e-14
12350.056 4.1163467256000584e-14
12400.056 5.739733660200123e-14
12450.056 8.951440469800237e-14
12500.056 1.3719026796000177e-13
12550.056 1.8536908802000476e-13
12600.056 3.032352678200082e-13
12650.056 4.802055910400116e-13
12700.056 6.717271569100084e-13
12750.056 7.995433743300068e-13
12800.056 8.77749431850001e-13
12850.056 8.45657653329995e-13
12900.056 7.843505846399994e-13
12950.056 8.217902620600056e-13
13000.056 9.646565701500156e-13
13050.056 9.725134098200039e-13
13100.056 1.2955115579300017e-12
13150.056 1.178546655290018e-12
13200.056 1.225772680369989e-12
13250.056 1.414345583679994e-12
13300.056 6.321180511429386e-13
13350.056 4.740273378499933e-13
13400.056 9.965850164699206e-14
13450.056 6.835540863948143e-15
13500.056 2.2770355847492626e-16
13550.056 6.727265601885897e-18
13600.056 7.617125655770624e-19
13650.056 4.2951329592105006e-18
13700.056 1.4983064413625892e-18
13750.056 6.794522188819036e-17
13800.056 5.1705227798438557e-17
13850.056 1.07364439776682e-17
13900.056 7.584061005503963e-17
13950.056 3.3993243235896224e-17
14000.056 1.9893690581131573e-16
14050.056 2.1831288394316932e-16
14100.056 3.3755281173513483e-16
14150.056 1.7898502043288443e-15
14200.056 2.304734029240265e-15
14250.056 5.121353727325668e-15
14300.056 9.706805058529685e-15
14350.056 2.2077853755900423e-14
14400.056 2.4136252348252102e-14
14450.056 5.885254209861542e-14
14500.056 2.1229975914000624e-13
14550.056 6.77360814367011e-13
14600.056 1.0884440746700027e-12
14650.056 3.459412285629789e-13
14700.056 1.2188340077547993e-13
14750.056 9.383195770040094e-14
14800.056 4.4646415871000213e-14
14850.056 5.868476497739954e-14
14900.056 3.781191960349901e-14
14950.056 2.514257747049993e-14
15000.056 8.444024405700464e-14
15050.056 1.7544503985000554e-13
15100.056 6.524227540521992e-14
15150.056 2.7850533471886362e-14
15200.056 1.1016045350969652e-13
15250.056 2.2500555397002805e-13
15300.056 4.2046456577998723e-13
15350.056 5.63394471270031e-13
15400.056 8.521986185000137e-13
15450.056 1.3024417180600696e-12
15500.056 2.332499042600094e-12
15550.056 3.8514464419001324e-12
15600.056 5.8791211254000815e-12
15650.056 8.042230936100169e-12
15700.056 9.633857366100079e-12
15750.056 1.0203013121600008e-11
15800.056 1.0311318272999989e-11
15850.056 1.030274919800001e-11
15900.056 9.81920727779997e-12
15950.056 9.577267904299953e-12
16000.056 8.71732983159993e-12
16050.056 7.5805275256999e-12
16100.056 6.052136553099918e-12
16150.056 4.457554109699878e-12
16200.056 2.5144558934998793e-12
16250.056 1.2833479400699492e-12
16300.056 5.275222365189426e-13
16350.056 2.635636226137792e-13
16400.056 1.867256448329114e-13
16450.056 1.7562666416922788e-13
16500.056 1.8752996776325024e-13
16550.056 2.755001170186151e-13
16600.056 6.94096257694384e-13
16650.056 1.8744039287835253e-13
16700.056 2.200773312869257e-13
16750.056 4.178506009321787e-13
16800.056 3.7819360697703515e-13
16850.056 3.06589786093563e-13
16900.056 2.33762570838012e-13
16950.056 1.9192468795899384e-13
17000.056 1.36024508910005e-13
17050.056 1.4977493966000746e-13
17100.056 2.162559975179917e-13
17150.056 2.1246947868302357e-13
17200.056 3.5711718556098014e-13
17250.056 1.4368902903898627e-13
17300.056 1.5134833834499928e-13
17350.056 2.0330876468100008e-13
17400.056 2.549598365700044e-13
17450.056 2.84214098168006e-13
17500.056 3.5536053549999736e-13
17550.056 3.293375387599944e-13
17600.056 3.226533194300038e-13
17650.056 2.286085508899953e-13
17700.056 2.0215655003300096e-13
17750.056 1.5596510336299516e-13
17800.056 1.6681672875900112e-13
17850.056 1.0052726145499509e-13
17900.056 6.710922537099375e-14
17950.056 4.571797770200162e-14
18000.056 4.0979687973095494e-14
18050.056 1.9312349659749664e-14
18100.056 1.3241876829889699e-14
18150.056 5.6180301876115606e-15
18200.056 2.4780827826312906e-15
18250.056 6.9661115609765495e-15
18300.056 5.903730863566741e-16
18350.056 7.037850712050701e-16
18400.056 1.2479962954439974e-16
18450.056 1.977015513949772e-15
18500.056 1.1893446472691303e-15
18550.056 3.777469890908312e-16
18600.056 1.5076580306126208e-15
18650.056 2.0608439634546557e-15
18700.056 6.821664968510496e-17
18750.056 1.212130838257984e-16
18800.056 3.884339109843604e-15
18850.056 2.4689975996168567e-15
18900.056 3.2739134780112408e-15
18950.056 4.0175579439459975e-15
19000.056 4.1701760535435766e-16
19050.056 2.3241712637304757e-16
19100.056 1.404679002802032e-15
19150.056 7.886741452480858e-16
19200.056 1.5365990602883118e-15
19250.056 1.7209491738197957e-15
19300.056 1.1498305506421238e-15
19350.056 1.5551918101039364e-15
19400.056 1.0752850110218645e-15
19450.056 8.861210787200028e-16
19500.056 7.98265248507982e-16
19550.056 8.977187972195877e-16
19600.056 1.2004884380661743e-15
19650.056 1.0737533908140572e-15
19700.056 1.7458607168551634e-15
19750.056 1.6212210759869296e-15
19800.056 8.974349849319453e-16
19850.056 1.4333489188922682e-15
19900.056 1.779750270512836e-15
19950.056 1.084457759725066e-15
20000.056 1.2401902702457504e-15
20050.056 1.2516842132420208e-15
20100.056 1.3660536477320197e-15
20150.056 1.076754543996957e-15
20200.056 1.0509434751701057e-15
20250.056 1.3702820465600445e-15
20300.056 1.3724881174399788e-15
20350.056 1.3134538914999693e-15
20400.056 1.2514798704999968e-15
20450.056 1.1637863223900042e-15
20500.056 1.0311022089699908e-15
20550.056 8.963553361599828e-16
20600.056 7.699071693499945e-16
20650.056 6.495037591699883e-16
20700.056 5.409601416499911e-16
20750.056 4.428443939899921e-16
20800.056 3.6106209903999356e-16
20850.056 2.9613637381999526e-16
20900.056 2.4450683477999614e-16
20950.056 2.0754755325999733e-16
21000.056 1.8312763740999845e-16
21050.056 1.691198330099992e-16
21100.056 1.657849464400003e-16
21150.056 1.758012203400014e-16
21200.056 1.9836535330000254e-16
21250.056 2.3538967963000365e-16
21300.056 2.8905082285000554e-16
21350.056 3.616248893800054e-16
21400.056 4.587632099900097e-16
21450.056 5.5674203981001e-16
21500.056 6.462398202600074e-16
21550.056 7.366980674700055e-16
21600.056 7.73299738419999e-16
21650.056 8.450439183699843e-16
21700.056 9.103542419499607e-16
21750.056 9.09558324490067e-16
21800.056 8.523125144090039e-16
21850.056 8.926457413010072e-16
21900.056 8.289065844230179e-16
21950.056 6.370735188689467e-16
22000.056 1.3984105676673158e-16
22050.056 2.250151785100223e-16
22100.056 3.0080233592710074e-16
22150.056 1.963442250951981e-16
22200.056 1.9745113466058054e-16
22250.056 1.5019282162449122e-16
22300.056 7.949906302657183e-17
22350.056 1.6269411982160543e-16
22400.056 1.3222229557598838e-16
22450.056 1.3761286442250556e-16
22500.056 1.4033709215840463e-16
22550.056 7.106116648061177e-17
22600.056 5.904501458855807e-17
22650.056 4.164374858305545e-17
22700.056 5.477947223486283e-17
22750.056 7.206432141011614e-17
22800.056 1.0952139172914783e-16
22850.056 5.901246045583617e-17
22900.056 6.355219204674331e-17
22950.056 4.747386906915941e-17
23000.056 3.023228850729213e-17
23050.056 2.4253746279528013e-17
23100.056 1.8736335021245436e-16
23150.056 1.6994469207149196e-16
23200.056 3.774799652498425e-17
23250.056 1.3256287298537803e-16
23300.056 5.634436769951616e-17
23350.056 1.0386346650333859e-16
23400.056 6.188887179044817e-17
23450.056 5.1141808553040363e-17
23500.056 2.7129107034320537e-17
23550.056 4.2806004551316246e-17
23600.056 8.964642907713786e-17
23650.056 1.3470912617825535e-16
23700.056 2.3256841747728676e-17
23750.056 5.253124708942218e-17
23800.056 1.5313891741113648e-16
23850.056 7.645013603627313e-17
23900.056 1.309942606519135e-16
23950.056 1.0034979519019843e-16
24000.056 2.240196240379967e-16
24050.056 2.6489399022500795e-16
24100.056 4.055837349900206e-16
24150.056 5.734203321300037e-16
24200.056 6.548879440400017e-16
24250.056 7.222170380800322e-16
24300.056 1.1444669927300744e-15
24350.056 1.4753825139999802e-15
24400.056 2.2453863759601114e-15
24450.056 3.0542036930001314e-15
24500.056 3.8549612687000775e-15
24550.056 5.641170040600234e-15
24600.056 7.874403311800068e-15
24650.056 1.0476295173800384e-14
24700.056 1.1734659119999599e-14
24750.056 1.6787619506301133e-14
24800.056 2.144421010800062e-14
24850.056 2.3878274483299893e-14
24900.056 2.946934275670118e-14
24950.056 3.5552571273001524e-14
25000.056 5.192211551899927e-14
25050.056 4.650571404900251e-14
25100.056 6.241105113199953e-14
25150.056 5.0362458391996203e-14
25200.056 7.128382798900552e-14
25250.056 5.279173599599552e-14
25300.056 3.881638230279743e-14
25350.056 2.6351503265103318e-14
25400.056 5.941309787099645e-14
25450.056 2.0242336377398996e-14
25500.056 1.7035677284400198e-14
25550.056 4.68761266211052e-14
25600.056 1.8824652913553988e-14
25650.056 9.038050532500832e-15
25700.056 8.425068291899507e-15
25750.056 4.995576659659982e-15
25800.056 1.1996271569200575e-14
25850.056 4.066833455859362e-15
25900.056 5.7109211927002645e-15
25950.056 2.9237151822404125e-15
26000.056 1.0838764192600418e-14
26050.056 3.74668687650911e-15
26100.056 8.232396739800892e-15
26150.056 6.5177812889990954e-15
26200.056 6.040647675421429e-15
26250.056 1.450417294111891e-14
26300.056 6.788357887190645e-15
26350.056 3.0933901623808994e-14
26400.056 7.138745254199157e-14
26450.056 3.101276699760334e-14
26500.056 6.063097158289487e-14
26550.056 1.941031165300346e-14
26600.056 1.603727277779733e-14
26650.056 6.608672618908867e-15
26700.056 6.655241196381037e-15
26750.056 1.0439502888699314e-14
26800.056 1.7602015291202253e-14
26850.056 2.0482892719701487e-14
26900.056 3.926424595199797e-14
26950.056 1.3530026506002244e-14
27000.056 4.185614950330041e-14
27050.056 7.209569879799881e-14
27100.056 1.2733744724698994e-14
27150.056 5.13923236099996e-14
27200.056 1.2632478228500357e-14
27250.056 2.0343501186704913e-14
27300.056 1.317496421140018e-13
27350.056 4.4857511110695705e-14
27400.056 1.3518872772297559e-14
27450.056 8.676192280401291e-14
27500.056 8.97096368019894e-14
27550.056 3.034055670699835e-14
27600.056 7.266514917099773e-14
27650.056 3.407125306100315e-14
27700.056 3.6472566968398724e-14
27750.056 1.1333627607000358e-13
27800.056 7.415413542600409e-14
27850.056 9.499095061099404e-14
27900.056 1.63348930433041e-13
27950.056 2.2277114533297991e-13
28000.056 2.598952545909884e-13
28050.056 6.474573958401872e-14
28100.056 3.7568673777507625e-13
28150.056 2.6911017168994656e-13
28200.056 1.1515182324397572e-13
28250.056 7.583616450700022e-13
28300.056 6.379677485280187e-13
28350.056 1.1451454336989302e-13
28400.056 4.829993139700499e-13
28450.056 6.868826363179277e-13
28500.056 2.7131535360500653e-13
28550.056 2.194251112710908e-13
28600.056 6.510614407109083e-13
28650.056 1.8696118158409455e-13
28700.056 8.907498302019367e-13
28750.056 1.5024414357209969e-12
28800.056 2.9155155667314867e-13
