galfind/configs/Brown_Dwarf_templates/sonora_bobcat/m-0.5/3160g/sp_t350g3160nc_m-0.5_resample.dat
# %ECSV 1.0
# ---
# datatype:
# - {name: wav, unit: Angstrom, datatype: float64}
# - {name: flux_nu, unit: erg / (cm2 Hz s), datatype: float64}
# meta: {C/O: '1.00', Kzz: '1.0000E+05', Teff: '350.', Y: '0.28', '[Fe/H]': '-0.50', f_hole: '1.00', f_rain: '0.00', grav: '3160.'}
# schema: astropy-2.0
wav flux_nu
[from data line 499]
28950.056 2.889557735803716e-11
29000.056 1.7188864352928442e-11
29050.056 4.299374958906436e-11
29100.056 1.3750156584557852e-11
29150.056 2.494590166550525e-11
29200.056 7.794985466620136e-11
29250.056 5.256237564298857e-11
29300.056 3.669717297411574e-11
29350.056 1.5302074164898925e-10
29400.056 7.372165545232832e-11
29450.056 1.6840037972170012e-11
29500.056 1.4751383752431386e-10
29550.056 5.3796617858381144e-11
29600.056 6.341940479550542e-11
29650.056 1.9301619503439448e-10
29700.056 3.8638040294028555e-11
29750.056 1.0966806123420705e-10
29800.056 7.213655966201811e-11
29850.056 2.6958347427600416e-10
29900.056 1.1300041279200223e-10
29950.056 6.298303424897982e-11
30000.056 8.515612682027407e-13
30050.056 2.3563827441606202e-11
30100.056 9.696024507841794e-11
30150.056 1.7801946769080893e-10
30200.056 1.3550639624797654e-10
30250.056 3.174220251900488e-10
30300.056 3.052640988159611e-10
30350.056 9.108064441225031e-11
30400.056 3.5527338969106894e-10
30450.056 3.2999644543595963e-10
30500.056 1.489152908981094e-10
30550.056 1.325859878944261e-10
30600.056 1.0424564342399857e-09
30650.056 6.191054684320204e-10
30700.056 1.910017364461176e-10
30750.056 5.365873066866861e-10
30800.056 5.728547856181514e-10
30850.056 6.141275137700351e-10
30900.056 2.1072966272316888e-10
30950.056 2.878263953660226e-10
31000.056 3.8969372807701797e-10
31050.056 2.0230615008596323e-10
31100.056 6.990234369459313e-11
31150.056 2.0794067261842567e-10
31200.056 6.986136337699909e-10
31250.056 2.1631750740295178e-10
31300.056 9.495224192708778e-11
31350.056 3.821714622802551e-10
31400.056 1.758184693907793e-10
31450.056 2.2892244934298962e-10
31500.056 7.677774085001498e-11
31550.056 1.624824498746141e-10
31600.056 1.0227627372784078e-10
31650.056 6.596788271901832e-11
31700.056 7.130510473600866e-11
31750.056 1.8981086033983183e-11
31800.056 4.440798040799658e-11
31850.056 7.293495822018916e-12
31900.056 2.092980677225751e-11
31950.056 7.279421219152619e-12
32000.056 6.4291268072674076e-12
32050.056 4.607501406951503e-12
32100.056 3.42778641318431e-12
32150.056 3.8656404307057456e-12
32200.056 1.3241871642353343e-12
32250.056 3.247060747500495e-12
32300.056 6.206323950461711e-13
32350.056 2.658338344412077e-12
32400.056 1.8743336711074064e-13
32450.056 2.056491687050096e-12
32500.056 2.3570594466203336e-13
32550.056 2.681445987150011e-12
32600.056 1.5133600117896396e-13
32650.056 3.797027393190124e-12
32700.056 2.6712219849601453e-13
32750.056 1.1114918239471766e-11
32800.056 3.329651041049948e-12
32850.056 3.205019790890474e-11
32900.056 1.8705837509380015e-11
32950.056 3.013108005370128e-11
33000.056 6.10275668168707e-12
33050.056 4.1950616785405696e-12
33100.056 5.128685410849369e-13
33150.056 1.2252119392478855e-15
33200.056 4.9576176005275096e-14
33250.056 2.4546067526476306e-13
33300.056 6.4211576387410184e-12
33350.056 6.98443025157249e-12
33400.056 3.054733489199909e-11
33450.056 2.352632561234256e-12
33500.056 2.3326690017101356e-11
33550.056 3.166372688091727e-12
33600.056 1.0120928637413017e-11
33650.056 1.2602385306428832e-11
33700.056 1.602825527810028e-12
33750.056 1.5097834688998293e-11
33800.056 4.503238757057192e-13
33850.056 7.02723039173596e-12
33900.056 5.162335272501863e-12
33950.056 7.30264565225686e-12
34000.056 1.878725649871877e-11
34050.056 3.12932808563581e-12
34100.056 2.45106337106382e-11
34150.056 4.71020033102404e-12
34200.056 3.1621209574596854e-11
34250.056 1.4089244549215805e-11
34300.056 1.644566516418817e-11
34350.056 7.406063992459881e-11
34400.056 7.2538350883723105e-12
34450.056 6.366879292506752e-11
34500.056 1.9431113441705933e-11
34550.056 4.8622964027198074e-11
34600.056 2.3199096800099531e-10
34650.056 1.4004549801831497e-11
34700.056 2.0477955976829306e-10
34750.056 6.999974793890386e-11
34800.056 5.874158190692569e-11
34850.056 2.2972796911480083e-10
34900.056 2.312182447494902e-11
34950.056 3.232356403880172e-10
35000.056 2.858024274439599e-10
35050.056 2.3457621955579796e-10
35100.056 6.724595682476238e-10
35150.056 5.229498093699232e-10
35200.056 6.155898531800709e-10
35250.056 1.0479313510734742e-09
35300.056 2.0488860539225597e-10
35350.056 1.572695571875139e-10
35400.056 9.367764944751344e-11
35450.056 9.391438084550478e-11
35500.056 5.081463572819556e-10
35550.056 4.878010622501432e-10
35600.056 8.018640891910551e-10
35650.056 5.855472408800558e-10
35700.056 7.894197008156878e-10
35750.056 1.216970702221088e-09
35800.056 4.0382809694381094e-10
35850.056 2.9851558655027186e-10
35900.056 6.441744102361288e-10
35950.056 1.2412189542600305e-09
36000.056 1.4316228083100865e-09
36050.056 7.721013376443799e-10
36100.056 7.963603604892613e-10
36150.056 2.730241845590145e-09
36200.056 2.5905299649999197e-09
36250.056 1.1569539837059147e-09
36300.056 2.8293506987361393e-09
36350.056 2.6017511617000078e-09
36400.056 3.341916819299822e-09
36450.056 1.5001983412608397e-09
36500.056 1.841865812387807e-09
36550.056 5.1426185049000965e-09
36600.056 5.999631228199888e-09
36650.056 2.2285132645504895e-09
36700.056 2.6529895100024704e-09
36750.056 6.3307167243002755e-09
36800.056 6.019789891899776e-09
36850.056 2.65893408801768e-09
36900.056 2.931488148278466e-09
36950.056 6.7972599181994075e-09
37000.056 5.199225196300385e-09
37050.056 5.154962923379586e-09
37100.056 1.7810663616223798e-09
37150.056 4.31397314108027e-09
37200.056 9.305485997600116e-09
37250.056 4.058602706149299e-09
37300.056 2.351852427480227e-09
37350.056 5.529770026220232e-09
37400.056 8.440022465299924e-09
37450.056 4.710313475199574e-09
37500.056 4.313152242599935e-09
37550.056 1.043980751490117e-08
37600.056 1.4313432731799544e-08
37650.056 4.60525570740037e-09
37700.056 7.714743801700339e-09
37750.056 6.0521436737001395e-09
37800.056 7.87393046940025e-09
37850.056 5.055705009199935e-09
37900.056 5.691777227999858e-09
37950.056 6.992537405499903e-09
38000.056 6.4699228001599755e-09
38050.056 9.538763391400424e-09
38100.056 1.364054092019974e-08
38150.056 1.4504475732699189e-08
38200.056 1.0139610760500505e-08
38250.056 1.3210532537300889e-08
38300.056 2.0928102290998966e-08
38350.056 1.6517014861000924e-08
38400.056 8.150832460298544e-09
38450.056 4.323630616299522e-09
38500.056 4.673088492100558e-09
38550.056 1.1802268476300452e-08
38600.056 1.3980972742999574e-08
38650.056 1.2973262573799968e-08
38700.056 1.201827413229943e-08
38750.056 1.3200840798099762e-08
38800.056 1.3157848082300094e-08
38850.056 1.4657369736000388e-08
38900.056 1.3952325897598674e-08
38950.056 1.1755264588100797e-08
39000.056 1.5796995953999217e-08
39050.056 1.0708562773300909e-08
39100.056 9.939815082569915e-09
39150.056 1.72385380499999e-08
39200.056 1.6991572698000164e-08
39250.056 1.4439276531799992e-08
39300.056 1.3525148083800708e-08
39350.056 2.1450563688000246e-08
39400.056 1.549911202819877e-08
39450.056 1.938207965700128e-08
39500.056 2.152048143699936e-08
39550.056 1.3619903723901352e-08
39600.056 1.5963185541301072e-08
39650.056 2.543315245000005e-08
39700.056 2.3423535202999776e-08
39750.056 1.2248474671999533e-08
39800.056 1.0978704251200348e-08
39850.056 2.3556186679001157e-08
39900.056 2.6504402672999764e-08
39950.056 1.8967330589000195e-08
40000.056 2.313852242500033e-08
40050.056 2.1704579930599004e-08
40100.056 9.465061816901264e-09
40150.056 2.1450542682000705e-08
40200.056 2.549309077599971e-08
40250.056 2.6903428688999347e-08
40300.056 2.5944109083000364e-08
40350.056 1.5229487826398788e-08
40400.056 1.830792249999977e-08
40450.056 1.4631590340300072e-08
40500.056 2.4347129827000153e-08
40550.056 2.6892356709999657e-08
40600.056 2.813522105199986e-08
40650.056 2.163110948599878e-08
40700.056 2.874557672900036e-08
40750.056 2.512138353499926e-08
40800.056 1.943414103899958e-08
40850.056 3.122264646900072e-08
40900.056 3.202002357799964e-08
40950.056 2.2115719418599326e-08
41000.056 2.4761618645000155e-08
41050.056 3.251400773800054e-08
41100.056 2.9195049751998266e-08
41150.056 1.690114008599977e-08
41200.056 2.9431099357001933e-08
41250.056 3.056905277099835e-08
41300.056 3.276393955600113e-08
41350.056 3.709368809900001e-08
41400.056 3.393085353599964e-08
41450.056 3.4954237840000035e-08
41500.056 2.71789695589986e-08
41550.056 2.553799180100099e-08
41600.056 2.6871654366000117e-08
41650.056 3.526162381500075e-08
41700.056 3.910081161099977e-08
41750.056 3.61507940860003e-08
41800.056 3.7217758363999715e-08
41850.056 3.100506023999942e-08
41900.056 2.7845218022998462e-08
41950.056 2.821107199999972e-08
42000.056 2.247426434399767e-08
42050.056 2.4202497613000722e-08
42100.056 2.933294024699981e-08
42150.056 3.076232577800005e-08
42200.056 3.1472494774999615e-08
42250.056 2.800739116900032e-08
42300.056 2.7635920533999647e-08
42350.056 3.361155166900049e-08
42400.056 3.690167785400022e-08
42450.056 3.837455167700035e-08
42500.056 3.944867158599987e-08
42550.056 3.779414226499978e-08
42600.056 3.447138816600068e-08
42650.056 3.79516443649992e-08
42700.056 3.059390726099938e-08
42750.056 3.482975716200104e-08
42800.056 4.073932177800015e-08
42850.056 4.1086844417999674e-08
42900.056 3.997036623199999e-08
42950.056 3.735186375700025e-08
43000.056 3.842307902699967e-08
43050.056 3.208502409899948e-08
43100.056 3.6509388012000535e-08
43150.056 3.759037594200015e-08
43200.056 3.979768415500023e-08
43250.056 4.298605400600006e-08
43300.056 4.0628350434999386e-08
43350.056 3.473520919700014e-08
43400.056 3.834802150300008e-08
43450.056 3.55628118729999e-08
43500.056 3.297261204400002e-08
43550.056 3.355416184800053e-08
43600.056 3.95514863669999e-08
43650.056 3.170450629699922e-08
43700.056 3.748492113200171e-08
43750.056 4.148931349099983e-08
43800.056 3.8640705038999624e-08
43850.056 3.6990604318000464e-08
43900.056 3.4493055584999895e-08
43950.056 3.042346242899954e-08
44000.056 3.045078125800018e-08
44050.056 3.881501666500111e-08
44100.056 4.295017203200008e-08
44150.056 4.203314105399984e-08
44200.056 4.108017763299987e-08
44250.056 3.520531907799942e-08
44300.056 2.844477498599949e-08
44350.056 2.802922079300038e-08
44400.056 3.209987969700002e-08
44450.056 3.6699395505000726e-08
44500.056 3.603761356899987e-08
44550.056 3.8557705959000144e-08
44600.056 3.588529148900004e-08
44650.056 3.7495359999999505e-08
44700.056 3.3601430481999336e-08
44750.056 3.5153783549000545e-08
44800.056 3.109638629599958e-08
44850.056 3.508050272800069e-08
44900.056 3.632217961999993e-08
44950.056 3.829369184400031e-08
45000.056 3.9314273215999954e-08
45050.056 3.7634606689999384e-08
45100.056 3.646269449400052e-08
45150.056 3.521990761399972e-08
45200.056 2.7621002921999493e-08
45250.056 3.0442839885000195e-08
45300.056 2.9401983983999398e-08
45350.056 2.3761420465000907e-08
45400.056 3.7475730839000386e-08
45450.056 3.720544023600043e-08
45500.056 3.9294430950000356e-08
45550.056 3.983302628799952e-08
45600.056 3.8940363263000094e-08
45650.056 3.655541828499917e-08
45700.056 2.593474453299789e-08
45750.056 2.489626855900161e-08
45800.056 3.6286057274000216e-08
45850.056 3.501985457400049e-08
45900.056 3.9714241738000055e-08
45950.056 3.9631586450999775e-08
46000.056 3.8849125559999974e-08
46050.056 3.716726315800035e-08
46100.056 3.7845899337999396e-08
46150.056 3.253973924599984e-08
46200.056 2.513895897099806e-08
46250.056 1.4161870323400137e-08
46300.056 2.8391835627001274e-08
46350.056 3.357072144100012e-08
46400.056 3.4155601157000085e-08
46450.056 3.009796772499945e-08
46500.056 3.3222334839e-08
46550.056 2.7387046048999156e-08
46600.056 2.3855332517999598e-08
46650.056 2.9776545798000493e-08
46700.056 2.5102140715998625e-08
46750.056 1.3633784631800633e-08
46800.056 9.406858391599424e-09
46850.056 2.3931638726002384e-08
46900.056 3.2792802932000355e-08
46950.056 3.424970528499995e-08
47000.056 3.457229556100002e-08
47050.056 2.7581832249998404e-08
47100.056 2.6541301542000345e-08
47150.056 2.965352373600071e-08
47200.056 2.933835796899936e-08
47250.056 1.53261697560974e-08
47300.056 1.1889100270802406e-08
47350.056 2.828035484300089e-08
47400.056 3.200162323599997e-08
47450.056 2.7237651778000186e-08
47500.056 3.3351123463000545e-08
47550.056 3.332661071099998e-08
47600.056 2.8195140616999366e-08
47650.056 2.9610448054999436e-08
47700.056 2.7132949308000565e-08
47750.056 2.3561675548999596e-08
47800.056 1.4893479252898475e-08
47850.056 5.276314085740764e-09
47900.056 1.0495427183200257e-08
47950.056 2.3971713706001375e-08
48000.056 2.790039835499935e-08
48050.056 2.5323787379999965e-08
48100.056 1.689975098969969e-08
48150.056 2.4598846560000568e-08
48200.056 1.8948752154399214e-08
48250.056 2.4909777466000398e-08
48300.056 2.5103978597999554e-08
48350.056 1.6803235120998263e-08
48400.056 3.540393295289073e-09
48450.056 6.4897965316315175e-09
48500.056 1.469736830529912e-08
48550.056 1.715044322960269e-08
48600.056 2.7948862240000446e-08
48650.056 3.002704756899996e-08
48700.056 2.8293091760999976e-08
48750.056 2.6171921386999976e-08
48800.056 2.6630254464999663e-08
48850.056 1.624793694499881e-08
48900.056 1.350031045719866e-08
48950.056 7.304263401599395e-09
49000.056 4.856057664411137e-09
49050.056 1.5240433819999625e-08
49100.056 2.0204994453201676e-08
49150.056 2.050903711699985e-08
49200.056 2.654855748800068e-08
49250.056 2.7627055072999874e-08
49300.056 2.3937331819998965e-08
49350.056 1.5023584913200404e-08
49400.056 1.3585747849898042e-08
49450.056 1.0280153630401653e-08
49500.056 8.089099126398732e-09
49550.056 1.4011393639198884e-09
49600.056 3.4922398458606785e-09
49650.056 1.3598715147801204e-08
49700.056 1.925201868800039e-08
49750.056 1.5646818606899202e-08
49800.056 9.566252593900048e-09
49850.056 2.0213167350001e-08
49900.056 2.3205681464000017e-08
49950.056 2.156982159399953e-08
50000.056 1.3836493354698427e-08
50050.056 1.31956335831017e-08
50100.056 1.1858067177599306e-08
50150.056 4.02775373576917e-09
50200.056 5.177383351191935e-10
50250.056 3.4791427392000227e-09
50300.056 2.838880815420603e-09
50350.056 1.251452955790096e-08
50400.056 1.7915643862000448e-08
50450.056 1.7830027396999753e-08
50500.056 2.113137316200074e-08
50550.056 2.2781194485999827e-08
50600.056 1.819029118799917e-08
50650.056 2.0666722753000236e-08
50700.056 1.8394486279999336e-08
50750.056 1.142931530899917e-08
50800.056 2.775824714219133e-09
50850.056 1.1520031292405225e-09
50900.056 9.148703731001068e-09
50950.056 1.2364146439199278e-08
51000.056 8.733231536001432e-09
51050.056 1.4317193966898896e-08
51100.056 8.771072843899785e-09
51150.056 4.633331464750952e-09
51200.056 1.5122793777000746e-08
51250.056 1.5047577206999438e-08
51300.056 1.0135422804199745e-08
51350.056 5.951195271378855e-09
51400.056 1.4386995108102665e-09
51450.056 1.076867579703678e-09
51500.056 1.1094418916563988e-09
51550.056 6.111424215800723e-09
51600.056 9.474877892100385e-09
51650.056 1.2643416435000084e-08
51700.056 9.200874784898326e-09
51750.056 8.537926722101455e-09
51800.056 1.3937440431000034e-08
51850.056 1.132909451279942e-08
51900.056 8.862373459999658e-09
51950.056 3.8350160341991375e-09
52000.056 3.246235169119157e-10
52050.056 1.947460834370136e-09
52100.056 8.907951342297285e-10
52150.056 4.477074120501754e-10
52200.056 2.8103934333002468e-09
52250.056 5.695261320000425e-09
52300.056 5.680736265999547e-09
52350.056 1.014908382229881e-09
52400.056 1.3409278524901114e-09
52450.056 6.619726264000817e-09
52500.056 5.796872079099784e-09
52550.056 8.711897755199206e-09
52600.056 8.190979985300846e-09
52650.056 1.034380950979962e-08
52700.056 5.342759176999499e-09
52750.056 1.265452518937547e-09
52800.056 3.0252296621805354e-09
52850.056 3.7044324316996064e-09
52900.056 7.531634541996462e-10
52950.056 1.607440842570377e-09
53000.056 5.2238314764001155e-09
53050.056 2.2491269619600315e-09
53100.056 8.415094629100796e-09
53150.056 9.745733801299714e-09
53200.056 4.509487858099648e-09
53250.056 8.077769487300184e-09
53300.056 7.695408538700136e-09
53350.056 6.485767624999628e-09
53400.056 3.4557881900995803e-09
53450.056 7.199831193397877e-10
53500.056 1.4352215557498355e-10
53550.056 2.8237862678600044e-10
