galfind/configs/Brown_Dwarf_templates/sonora_bobcat/m-0.5/3160g/sp_t425g3160nc_m-0.5_resample.dat
# %ECSV 1.0
# ---
# datatype:
# - {name: wav, unit: Angstrom, datatype: float64}
# - {name: flux_nu, unit: erg / (cm2 Hz s), datatype: float64}
# meta: {C/O: '1.00', Kzz: '1.0000E+05', Teff: '425.', Y: '0.28', '[Fe/H]': '-0.50', f_hole: '1.00', f_rain: '0.00', grav: '3160.'}
# schema: astropy-2.0
wav flux_nu
[from data line 498]
28900.056 1.462307575553849e-10
28950.056 1.8894791553689646e-10
29000.056 1.3944082523921881e-10
29050.056 2.749282248678656e-10
29100.056 1.0217792737407643e-10
29150.056 2.1179787094410785e-10
29200.056 4.010978189399089e-10
29250.056 3.6606364379840795e-10
29300.056 2.479151599880753e-10
29350.056 8.847879094399457e-10
29400.056 3.5833550100886596e-10
29450.056 1.435660648855496e-10
29500.056 7.890342111541727e-10
29550.056 3.2586938229853843e-10
29600.056 4.2830434422494017e-10
29650.056 1.0711271223179489e-09
29700.056 2.4252303434156215e-10
29750.056 6.22191601367246e-10
29800.056 4.6317574768057547e-10
29850.056 1.36407756922001e-09
29900.056 6.661058084850443e-10
29950.056 4.3789462742385364e-10
30000.056 8.994898726354755e-12
30050.056 1.2120494489062101e-10
30100.056 4.631126603970938e-10
30150.056 9.418242674810545e-10
30200.056 6.682246967958669e-10
30250.056 1.5672688470302195e-09
30300.056 1.4540043176498338e-09
30350.056 5.356694270120268e-10
30400.056 1.6905561195802845e-09
30450.056 1.3598721641398548e-09
30500.056 8.381774925874484e-10
30550.056 7.361576246340007e-10
30600.056 4.018034218799971e-09
30650.056 2.4277005872001067e-09
30700.056 9.954438111633433e-10
30750.056 2.2331078330045996e-09
30800.056 2.1385467068431407e-09
30850.056 2.402552505080032e-09
30900.056 1.0776447689293497e-09
30950.056 1.1527930588300716e-09
31000.056 1.4682274663220993e-09
31050.056 1.0556694104858375e-09
31100.056 4.127952171738479e-10
31150.056 9.578997060260094e-10
31200.056 2.5986906296999518e-09
31250.056 8.516356290058838e-10
31300.056 5.314076310979035e-10
31350.056 1.4961740237518492e-09
31400.056 7.536197382443199e-10
31450.056 1.021778493079476e-09
31500.056 3.494803046267483e-10
31550.056 7.236743755827576e-10
31600.056 4.640996968618125e-10
31650.056 3.2449301632347815e-10
31700.056 3.640008923200489e-10
31750.056 1.0998999958886921e-10
31800.056 2.6376493933098936e-10
31850.056 5.1453925912804764e-11
31900.056 1.4300663375862597e-10
31950.056 5.750927398109048e-11
32000.056 5.5218088840358975e-11
32050.056 4.5708381153670085e-11
32100.056 3.519097497158206e-11
32150.056 4.441507190730538e-11
32200.056 1.8001699761184845e-11
32250.056 4.439311956530832e-11
32300.056 1.1981440862967983e-11
32350.056 4.698774762686324e-11
32400.056 5.844660728429215e-12
32450.056 3.581562627930183e-11
32500.056 7.354893783799632e-12
32550.056 4.894927869199956e-11
32600.056 6.714614495879148e-12
32650.056 6.88755721565011e-11
32700.056 1.0323983487931516e-11
32750.056 1.6681173476602916e-10
32800.056 7.595109698631076e-11
32850.056 3.5821905975006694e-10
32900.056 2.678996200563303e-10
32950.056 3.4417619145202435e-10
33000.056 8.556835521049279e-11
33050.056 8.393123184301075e-11
33100.056 1.3600921589481609e-11
33150.056 1.5672507921945496e-14
33200.056 7.98439911052602e-13
33250.056 2.8014795783877405e-12
33300.056 3.8490065538386625e-11
33350.056 7.517886437671096e-11
33400.056 2.645104756970021e-10
33450.056 5.150352787969801e-11
33500.056 3.1049373941702093e-10
33550.056 5.3765106625745756e-11
33600.056 1.3392400827901516e-10
33650.056 1.618477252078882e-10
33700.056 3.0725443604394584e-11
33750.056 2.0075326144528194e-10
33800.056 1.1760459700052315e-11
33850.056 9.493565563824764e-11
33900.056 7.320626581863831e-11
33950.056 8.382007676969544e-11
34000.056 1.9572248478508672e-10
34050.056 3.333335346280159e-11
34100.056 2.1227206076499005e-10
34150.056 4.813347609284854e-11
34200.056 2.3356568079296334e-10
34250.056 1.244275641055407e-10
34300.056 1.2008204605206196e-10
34350.056 4.5521806550301015e-10
34400.056 6.13458049196065e-11
34450.056 4.090654628749822e-10
34500.056 1.6378996475498717e-10
34550.056 2.374709871335106e-10
34600.056 1.071756780913002e-09
34650.056 8.91738194236022e-11
34700.056 9.180550792512185e-10
34750.056 3.8642463197640734e-10
34800.056 2.8792921791672427e-10
34850.056 1.1700383719250077e-09
34900.056 1.5153185239271118e-10
34950.056 1.3498206136090486e-09
35000.056 1.3994883324588373e-09
35050.056 8.174083541550737e-10
35100.056 2.648256483435609e-09
35150.056 1.8231397198096694e-09
35200.056 1.999550352500174e-09
35250.056 3.6074918979136024e-09
35300.056 7.350143639451817e-10
35350.056 1.0390785048394407e-09
35400.056 7.053381883506342e-10
35450.056 6.017901924740125e-10
35500.056 2.495153997844755e-09
35550.056 1.8022970315162085e-09
35600.056 2.9562694132703378e-09
35650.056 2.6107803740799114e-09
35700.056 2.7855915317938843e-09
35750.056 4.877282512320338e-09
35800.056 2.1666133229891794e-09
35850.056 1.4925367561697999e-09
35900.056 2.8465839066006522e-09
35950.056 4.431898804399954e-09
36000.056 4.806773000700413e-09
36050.056 3.1581083543745205e-09
36100.056 3.062293563209697e-09
36150.056 8.043190943900349e-09
36200.056 8.196643541599733e-09
36250.056 4.3282346871310056e-09
36300.056 9.471712442484855e-09
36350.056 8.232341491300138e-09
36400.056 1.0625988655399288e-08
36450.056 5.838327706663662e-09
36500.056 7.107492134897632e-09
36550.056 1.5141730367200225e-08
36600.056 1.7583843487999524e-08
36650.056 8.2557336868284e-09
36700.056 9.105324697189115e-09
36750.056 1.7846116450000895e-08
36800.056 1.7372153271599474e-08
36850.056 9.354968922150916e-09
36900.056 1.0475952491891332e-08
36950.056 1.949892443999795e-08
37000.056 1.4933413112400873e-08
37050.056 1.5922113879959128e-08
37100.056 7.0432926924001925e-09
37150.056 1.4253816005300789e-08
37200.056 2.5366564878999995e-08
37250.056 1.2145327017097945e-08
37300.056 8.138303234350543e-09
37350.056 1.753401151240089e-08
37400.056 2.4807793760999642e-08
37450.056 1.3460264480998827e-08
37500.056 1.3342971433299737e-08
37550.056 2.8318917185603124e-08
37600.056 3.6705409836999304e-08
37650.056 1.3533212333601136e-08
37700.056 2.2116294909001185e-08
37750.056 1.687026326640053e-08
37800.056 2.196459520200063e-08
37850.056 1.3566866324899826e-08
37900.056 1.645002083999953e-08
37950.056 2.0373583080999826e-08
38000.056 1.9402525365899568e-08
38050.056 2.473193223100132e-08
38100.056 3.433710605999971e-08
38150.056 3.640001232499802e-08
38200.056 2.6674450668500927e-08
38250.056 3.2513375716001985e-08
38300.056 4.9419640821997664e-08
38350.056 4.206091266000249e-08
38400.056 2.2862302095496195e-08
38450.056 1.4636756565198443e-08
38500.056 1.4392662135401623e-08
38550.056 3.059817262900095e-08
38600.056 3.355459462999872e-08
38650.056 3.297602759999992e-08
38700.056 3.3017838743998714e-08
38750.056 3.311608690499907e-08
38800.056 3.2613969003000174e-08
38850.056 3.649844303100098e-08
38900.056 3.709451411099671e-08
38950.056 3.1067687595001695e-08
39000.056 3.8419567749997945e-08
39050.056 3.0142217730003314e-08
39100.056 2.901253605849979e-08
39150.056 4.372924189899937e-08
39200.056 4.100250562000039e-08
39250.056 3.841545467900032e-08
39300.056 3.539322087400131e-08
39350.056 5.1088045559000543e-08
39400.056 3.899010773499735e-08
39450.056 4.7535103782002924e-08
39500.056 5.180218372599874e-08
39550.056 3.519166104200377e-08
39600.056 4.0894601991002156e-08
39650.056 5.9221400064999806e-08
39700.056 5.440526354399992e-08
39750.056 3.247783483699979e-08
39800.056 3.1284572604000925e-08
39850.056 5.7270198202002124e-08
39900.056 6.125843016399993e-08
39950.056 4.5319462012000517e-08
40000.056 5.5199348845000315e-08
40050.056 5.334629062899813e-08
40100.056 2.6461248015403057e-08
40150.056 5.158217464100149e-08
40200.056 5.895687841599905e-08
40250.056 6.162292663699812e-08
40300.056 6.022075145200143e-08
40350.056 3.860618749299684e-08
40400.056 4.7970293386999516e-08
40450.056 3.767719337799957e-08
40500.056 5.7514254024999724e-08
40550.056 6.156920992499887e-08
40600.056 6.305784822699963e-08
40650.056 5.070280665699701e-08
40700.056 6.791245492100056e-08
40750.056 5.8633541665998604e-08
40800.056 4.627625839299826e-08
40850.056 7.099585412700168e-08
40900.056 7.15355531679991e-08
40950.056 5.206829703499892e-08
41000.056 5.768299238200024e-08
41050.056 7.354412663800097e-08
41100.056 6.725095333799616e-08
41150.056 4.09547722869994e-08
41200.056 6.761642478400418e-08
41250.056 6.799637690999568e-08
41300.056 7.222685136200234e-08
41350.056 8.010532083700003e-08
41400.056 7.223982249399947e-08
41450.056 7.718901715500042e-08
41500.056 6.102837922399628e-08
41550.056 5.7970273153002645e-08
41600.056 5.936334684700059e-08
41650.056 7.586845071900158e-08
41700.056 8.297638390299913e-08
41750.056 7.612818139600074e-08
41800.056 7.89106402849994e-08
41850.056 6.616648940499861e-08
41900.056 6.127289127899568e-08
41950.056 6.467174881999978e-08
42000.056 5.4844662700993857e-08
42050.056 5.666277319900173e-08
42100.056 6.604109572999882e-08
42150.056 6.555998369399979e-08
42200.056 6.656665295299865e-08
42250.056 5.991632867300113e-08
42300.056 5.9349857854999096e-08
42350.056 7.12247047440008e-08
42400.056 7.599276946800041e-08
42450.056 7.599998695700128e-08
42500.056 7.880888158799949e-08
42550.056 7.511646947299964e-08
42600.056 7.070888817800255e-08
42650.056 8.042750816199808e-08
42700.056 6.368255374599787e-08
42750.056 6.744823905900305e-08
42800.056 8.129042256000031e-08
42850.056 8.256130442199864e-08
42900.056 8.026830075200043e-08
42950.056 7.365017943300076e-08
43000.056 7.737036801099896e-08
43050.056 6.075003057399998e-08
43100.056 7.450722813700072e-08
43150.056 7.425617428900019e-08
43200.056 7.797566309900071e-08
43250.056 8.889319081700027e-08
43300.056 8.285951936199835e-08
43350.056 6.50491332320004e-08
43400.056 7.678677838600054e-08
43450.056 7.058470363100007e-08
43500.056 6.669696380400005e-08
43550.056 6.554953459800133e-08
43600.056 8.081457131199965e-08
43650.056 5.9407959076997765e-08
43700.056 7.594806318800476e-08
43750.056 8.42897582999993e-08
43800.056 7.689818897099897e-08
43850.056 7.331507758000207e-08
43900.056 6.87451018819999e-08
43950.056 5.796529521999877e-08
44000.056 5.6356832396000164e-08
44050.056 7.818348943900302e-08
44100.056 8.929000333500031e-08
44150.056 8.703003544399936e-08
44200.056 8.441308968399985e-08
44250.056 6.832505097799854e-08
44300.056 5.276361763899909e-08
44350.056 5.380681015600091e-08
44400.056 6.239476927999982e-08
44450.056 7.400218870400207e-08
44500.056 7.106243758200015e-08
44550.056 7.947278915800043e-08
44600.056 7.13208366900003e-08
44650.056 7.508812512099819e-08
44700.056 6.381143543699787e-08
44750.056 6.8736804768002e-08
44800.056 5.896540148599937e-08
44850.056 7.07635998450018e-08
44900.056 7.135025343099949e-08
44950.056 7.588575628200104e-08
45000.056 7.880565770099989e-08
45050.056 7.568912714999817e-08
45100.056 7.28596121700018e-08
45150.056 7.034373465599938e-08
45200.056 5.17253174879989e-08
45250.056 5.896917374500018e-08
45300.056 5.773517799299913e-08
45350.056 4.429874028200189e-08
45400.056 7.788156023100092e-08
45450.056 7.637331133700134e-08
45500.056 8.004378757100104e-08
45550.056 8.280321593299846e-08
45600.056 8.033754060800032e-08
45650.056 7.43387166239976e-08
45700.056 4.951194000499544e-08
45750.056 4.631343805100355e-08
45800.056 7.552142533500079e-08
45850.056 7.218492120300134e-08
45900.056 8.192650274699977e-08
45950.056 8.041739394699917e-08
46000.056 7.972628879400033e-08
46050.056 7.590959014400104e-08
46100.056 7.850822883499825e-08
46150.056 6.380704759399988e-08
46200.056 4.961183616899595e-08
46250.056 2.5881594839599812e-08
46300.056 5.802328743600293e-08
46350.056 6.902869539100067e-08
46400.056 6.950207720500021e-08
46450.056 6.10136604519982e-08
46500.056 6.696203354100036e-08
46550.056 5.3676940482998216e-08
46600.056 4.7956226019998384e-08
46650.056 6.135539574500155e-08
46700.056 5.1749561356996884e-08
46750.056 2.676539768450212e-08
46800.056 1.8912567429098427e-08
46850.056 5.1730872902005174e-08
46900.056 6.872249058000036e-08
46950.056 7.005148807099953e-08
47000.056 7.047427948900035e-08
47050.056 5.418798662599489e-08
47100.056 5.0452451837000824e-08
47150.056 6.002200915100246e-08
47200.056 6.16041369969988e-08
47250.056 3.165407029229433e-08
47300.056 2.3751206949605208e-08
47350.056 5.984973278600191e-08
47400.056 6.664765279899981e-08
47450.056 5.386127895400103e-08
47500.056 7.000741158100079e-08
47550.056 6.759861331800029e-08
47600.056 5.876855112799833e-08
47650.056 6.22546983849982e-08
47700.056 5.593004210100249e-08
47750.056 4.7415402540999534e-08
47800.056 3.241723750199755e-08
47850.056 1.1970075129701715e-08
47900.056 2.1918050988100075e-08
47950.056 5.169796308900297e-08
48000.056 6.031643689699843e-08
48050.056 5.3345290642999286e-08
48100.056 3.2487284924999534e-08
48150.056 5.039669215400153e-08
48200.056 4.018448025699832e-08
48250.056 5.348659034900069e-08
48300.056 5.591487321799938e-08
48350.056 3.8980717080996284e-08
48400.056 8.488671528867846e-09
48450.056 1.6431238727343807e-08
48500.056 3.499096159499751e-08
48550.056 3.915509460520602e-08
48600.056 5.989900925100084e-08
48650.056 6.416157160599972e-08
48700.056 5.784553150800023e-08
48750.056 4.979168481899996e-08
48800.056 5.596088492999987e-08
48850.056 3.3344963043996675e-08
48900.056 3.193603166979698e-08
48950.056 1.877956612879849e-08
49000.056 1.1883055805582606e-08
49050.056 3.4772660218998007e-08
49100.056 4.4064739771004267e-08
49150.056 4.138869141399941e-08
49200.056 5.6476146518001704e-08
49250.056 5.893242580099979e-08
49300.056 5.179610440899791e-08
49350.056 3.150846415700085e-08
49400.056 3.012899992299525e-08
49450.056 2.370432742260465e-08
49500.056 2.0276919669396845e-08
49550.056 3.64109685663979e-09
49600.056 9.772214494509802e-09
49650.056 3.2680897518002427e-08
49700.056 4.313742995800065e-08
49750.056 3.6196652978997595e-08
49800.056 2.1379934347399905e-08
49850.056 4.5270881935002216e-08
49900.056 5.0698914965999944e-08
49950.056 4.629910543499865e-08
50000.056 3.2153835817897504e-08
50050.056 3.334740218640422e-08
50100.056 3.018858766799859e-08
50150.056 1.1577157107797756e-08
50200.056 1.524830423522672e-09
50250.056 1.051984682009998e-08
50300.056 7.800869433881617e-09
50350.056 3.133141651000205e-08
50400.056 4.061829034100049e-08
50450.056 3.534338020499927e-08
50500.056 4.558716982400223e-08
50550.056 4.989242410599978e-08
50600.056 3.811013168999646e-08
50650.056 4.5290443608001556e-08
50700.056 4.3468681750998805e-08
50750.056 2.8250376315998273e-08
50800.056 8.051170847499725e-09
50850.056 3.4152573316076404e-09
50900.056 2.4946527436002497e-08
50950.056 3.1362882224998205e-08
51000.056 2.1639895096063615e-08
51050.056 3.269594451999655e-08
51100.056 1.842814381810002e-08
51150.056 1.1866444797142527e-08
51200.056 3.7146688385001497e-08
51250.056 3.461821046499798e-08
51300.056 2.3061279423000273e-08
51350.056 1.7438213344236905e-08
51400.056 4.84572030456097e-09
51450.056 3.6568625685209074e-09
51500.056 3.321855335603253e-09
51550.056 1.697650810000183e-08
51600.056 2.1614752539000875e-08
51650.056 2.8872431675999777e-08
51700.056 2.2088713121625538e-08
51750.056 1.97777995312537e-08
51800.056 3.376219069200012e-08
51850.056 2.6606834126998596e-08
51900.056 2.4177164963999854e-08
51950.056 1.1959801456497525e-08
52000.056 9.157037252746586e-10
52050.056 6.302857979600526e-09
52100.056 3.1003252385591036e-09
52150.056 1.6026802779166367e-09
52200.056 8.155084447300095e-09
52250.056 1.5707573057401613e-08
52300.056 1.7309740998998815e-08
52350.056 3.421446697651645e-09
52400.056 4.2510588827902584e-09
52450.056 1.9359084065702263e-08
52500.056 1.674389538367899e-08
52550.056 2.135756061299743e-08
52600.056 1.8432507018102274e-08
52650.056 2.434911742099909e-08
52700.056 1.2564873037199303e-08
52750.056 3.930095554974614e-09
52800.056 8.316548830801479e-09
52850.056 1.0637101081898532e-08
52900.056 2.6350031003317696e-09
52950.056 5.471915162721225e-09
53000.056 1.5305144447000164e-08
53050.056 5.872408151200143e-09
53100.056 2.2454126394001853e-08
53150.056 2.4412103745999185e-08
53200.056 9.553621988199131e-09
53250.056 2.0269647980000747e-08
53300.056 2.0889263728701505e-08
53350.056 1.8785056241999173e-08
53400.056 1.090401566589883e-08
53450.056 2.2494463224992928e-09
53500.056 3.8477214342091867e-10
53550.056 9.203734003559907e-10
