galfind/configs/Brown_Dwarf_templates/sonora_bobcat/m-0.5/3160g/sp_t550g3160nc_m-0.5_resample.dat
# %ECSV 1.0
# ---
# datatype:
# - {name: wav, unit: Angstrom, datatype: float64}
# - {name: flux_nu, unit: erg / (cm2 Hz s), datatype: float64}
# meta: {C/O: '1.00', Kzz: '1.0000E+05', Teff: '550.', Y: '0.28', '[Fe/H]': '-0.50', f_hole: '1.00', f_rain: '0.00', grav: '3160.'}
# schema: astropy-2.0
wav flux_nu
[from data line 499]
28950.056 1.6839745502056385e-09
29000.056 1.4418046993381147e-09
29050.056 2.202417660502196e-09
29100.056 1.0019067960286349e-09
29150.056 2.2700952684155315e-09
29200.056 2.488940088082076e-09
29250.056 2.9788635777051396e-09
29300.056 1.8261882908784752e-09
29350.056 6.111392841349706e-09
29400.056 2.261138950032894e-09
29450.056 1.6759411704122283e-09
29500.056 4.798976832394422e-09
29550.056 2.551227163301479e-09
29600.056 3.3853973324395585e-09
29650.056 6.240261790499748e-09
29700.056 2.1748956620866377e-09
29750.056 4.425582889331876e-09
29800.056 3.7087561311446875e-09
29850.056 7.539875389769705e-09
29900.056 4.749154479160617e-09
29950.056 3.6282407859480763e-09
30000.056 1.5037002217336692e-10
30050.056 8.89647860020044e-10
30100.056 2.681943219140607e-09
30150.056 5.666215887430338e-09
30200.056 4.332925370549372e-09
30250.056 9.234536817101014e-09
30300.056 8.259945478969244e-09
30350.056 4.314445083269485e-09
30400.056 9.81647043020138e-09
30450.056 6.827457383029398e-09
30500.056 5.825938739913437e-09
30550.056 5.132655643939436e-09
30600.056 1.6988425645000293e-08
30650.056 1.073765383404053e-08
30700.056 5.858355539870693e-09
30750.056 1.0421721832671931e-08
30800.056 9.138875456984413e-09
30850.056 1.0060938206919554e-08
30900.056 5.889259778579302e-09
30950.056 5.3819723710004425e-09
31000.056 6.330684551140579e-09
31050.056 6.369423692499204e-09
31100.056 2.858597126161843e-09
31150.056 5.227834826839733e-09
31200.056 1.0738833976599933e-08
31250.056 4.3639522510818496e-09
31300.056 3.6054600423192348e-09
31350.056 6.489413658027211e-09
31400.056 3.828248530303693e-09
31450.056 5.2071680849299e-09
31500.056 1.9621154060761264e-09
31550.056 3.6915732110257237e-09
31600.056 2.4544278714390424e-09
31650.056 1.8351810933344583e-09
31700.056 2.2346956456502985e-09
31750.056 8.402123599728051e-10
31800.056 1.926169474650006e-09
31850.056 5.083686750100708e-10
31900.056 1.2369903731179476e-09
31950.056 5.699037169132999e-10
32000.056 6.845198282090115e-10
32050.056 6.137499624491517e-10
32100.056 4.6197962459863064e-10
32150.056 6.454090447980058e-10
32200.056 3.2150507974021815e-10
32250.056 7.566705484331731e-10
32300.056 2.585735055386737e-10
32350.056 8.682215158061077e-10
32400.056 1.9374293727985488e-10
32450.056 7.29024382755009e-10
32500.056 2.5381676708465533e-10
32550.056 8.257126031799545e-10
32600.056 3.0780097390007614e-10
32650.056 1.116462889839933e-09
32700.056 4.33864247410746e-10
32750.056 2.1724467663704334e-09
32800.056 1.574136684585937e-09
32850.056 3.7131851069006705e-09
32900.056 3.324052554975291e-09
32950.056 3.762723406604253e-09
33000.056 1.481098823303523e-09
33050.056 1.7281148953001846e-09
33100.056 3.9830087706917424e-10
33150.056 2.0012979983225496e-12
33200.056 1.90922448028085e-11
33250.056 4.0973644245495016e-11
33300.056 2.3041017844825413e-10
33350.056 6.207288269543807e-10
33400.056 1.7783685993601103e-09
33450.056 8.955429128927179e-10
33500.056 3.3322620207002354e-09
33550.056 9.302471483472978e-10
33600.056 1.8483580352769352e-09
33650.056 2.1544025213298454e-09
33700.056 6.5784413390277e-10
33750.056 2.73077376308787e-09
33800.056 3.243228789005632e-10
33850.056 1.3457921608456278e-09
33900.056 1.1586929941605046e-09
33950.056 1.0803490935020505e-09
34000.056 2.237361006712909e-09
34050.056 4.252806206321059e-10
34100.056 2.067117182860056e-09
34150.056 6.330719040826299e-10
34200.056 1.930822634519513e-09
34250.056 1.403728717796011e-09
34300.056 1.0420940968980075e-09
34350.056 3.085737439500264e-09
34400.056 7.003323129229897e-10
34450.056 2.9029101967828203e-09
34500.056 1.6520344611987855e-09
34550.056 1.327604951037405e-09
34600.056 5.3857245611000525e-09
34650.056 7.929804027526923e-10
34700.056 4.453424576864661e-09
34750.056 2.4480704762723543e-09
34800.056 1.7165453399300858e-09
34850.056 6.238469854799991e-09
34900.056 1.3853346060352446e-09
34950.056 5.852147799570122e-09
35000.056 7.371423146324291e-09
35050.056 3.3255818566067447e-09
35100.056 1.0548302300212898e-08
35150.056 7.394142581308722e-09
35200.056 7.400632034970252e-09
35250.056 1.343882292145841e-08
35300.056 3.2344823564823664e-09
35350.056 6.614027404757114e-09
35400.056 5.3395167760389765e-09
35450.056 3.9795932556670575e-09
35500.056 1.2758010576939014e-08
35550.056 7.741028375591125e-09
35600.056 1.1449904311202179e-08
35650.056 1.2170420014647149e-08
35700.056 9.977916562489134e-09
35750.056 1.9200850979401284e-08
35800.056 1.2521376149711162e-08
35850.056 7.920281845718856e-09
35900.056 1.4097834027403173e-08
35950.056 1.7607841179899194e-08
36000.056 1.7933727609401996e-08
36050.056 1.4767355737997911e-08
36100.056 1.291623918245834e-08
36150.056 2.5705409400000634e-08
36200.056 2.8183368545798607e-08
36250.056 1.7645414203326007e-08
36300.056 3.304933469516328e-08
36350.056 2.86252399215008e-08
36400.056 3.503682200599726e-08
36450.056 2.4333328633159407e-08
36500.056 2.8901737564332887e-08
36550.056 4.686094791800139e-08
36600.056 5.3660675663997616e-08
36650.056 3.275677517842728e-08
36700.056 3.4286233348768706e-08
36750.056 5.394937439500287e-08
36800.056 5.36588339279989e-08
36850.056 3.676309657247597e-08
36900.056 4.044585680850369e-08
36950.056 5.961024034899286e-08
37000.056 4.8079956396001505e-08
37050.056 5.325723200839928e-08
37100.056 3.211811274213325e-08
37150.056 5.0567056298002566e-08
37200.056 7.366420016399856e-08
37250.056 4.1518110395993366e-08
37300.056 3.3056115947300064e-08
37350.056 5.95577463400036e-08
37400.056 7.729647936699874e-08
37450.056 4.4837869331396964e-08
37500.056 4.75921795891986e-08
37550.056 8.276197588500951e-08
37600.056 9.953919390000005e-08
37650.056 4.6054425913004356e-08
37700.056 7.106266762400397e-08
37750.056 5.437115128500285e-08
37800.056 6.883274987600283e-08
37850.056 4.398370295999949e-08
37900.056 5.465295509799905e-08
37950.056 6.663187346899963e-08
38000.056 6.532992975499834e-08
38050.056 7.227093347200447e-08
38100.056 9.440223252600064e-08
38150.056 9.895938501199543e-08
38200.056 7.889076345800132e-08
38250.056 8.795928076100452e-08
38300.056 1.238734701939939e-07
38350.056 1.1478056691600667e-07
38400.056 7.162893253798949e-08
38450.056 5.613287059099388e-08
38500.056 5.258819542600567e-08
38550.056 8.966694055400275e-08
38600.056 9.076747223099516e-08
38650.056 9.325412057799916e-08
38700.056 9.9597991562998e-08
38750.056 9.253442294599669e-08
38800.056 9.126061871599994e-08
38850.056 1.0104886187800253e-07
38900.056 1.0744518721999129e-07
38950.056 9.245771668300332e-08
39000.056 1.031713045239936e-07
39050.056 9.47479858550119e-08
39100.056 9.191930206399948e-08
39150.056 1.209505650169973e-07
39200.056 1.0911985303200052e-07
39250.056 1.1193874123300191e-07
39300.056 1.0384110605600194e-07
39350.056 1.3222488921500095e-07
39400.056 1.09293873538995e-07
39450.056 1.2722019089300648e-07
39500.056 1.3532198468999788e-07
39550.056 1.0155924690201175e-07
39600.056 1.1603281800500336e-07
39650.056 1.4961046525999882e-07
39700.056 1.3777028300000166e-07
39750.056 9.74320722410036e-08
39800.056 9.924479372800241e-08
39850.056 1.4933874679000332e-07
39900.056 1.536981773800015e-07
39950.056 1.2192902640200096e-07
40000.056 1.4393782371999888e-07
40050.056 1.4155821496799715e-07
40100.056 8.56151673820077e-08
40150.056 1.370321042960033e-07
40200.056 1.492084936299967e-07
40250.056 1.5344597669999399e-07
40300.056 1.5238897297000517e-07
40350.056 1.1134461042399097e-07
40400.056 1.3681811632799932e-07
40450.056 1.0967460606199772e-07
40500.056 1.483807636499976e-07
40550.056 1.5574087458999605e-07
40600.056 1.5523864113999925e-07
40650.056 1.3350991890499126e-07
40700.056 1.7339125681999994e-07
40750.056 1.4911832711999658e-07
40800.056 1.2427096069299302e-07
40850.056 1.755249226300041e-07
40900.056 1.7370551159999693e-07
40950.056 1.381308634489989e-07
41000.056 1.472756915499995e-07
41050.056 1.786828351400009e-07
41100.056 1.6829030055999157e-07
41150.056 1.1460545050099834e-07
41200.056 1.694860648660086e-07
41250.056 1.6584242867598875e-07
41300.056 1.7088743400000426e-07
41350.056 1.8738644866000015e-07
41400.056 1.6871489147000033e-07
41450.056 1.8532625643000147e-07
41500.056 1.5237558813398897e-07
41550.056 1.452693538100078e-07
41600.056 1.4658911364500297e-07
41650.056 1.7795532273000352e-07
41700.056 1.8755078512999592e-07
41750.056 1.74256244150001e-07
41800.056 1.814065293899992e-07
41850.056 1.5203743479699613e-07
41900.056 1.49648287254987e-07
41950.056 1.624292891100005e-07
42000.056 1.4617271342298304e-07
42050.056 1.4387624123800438e-07
42100.056 1.634730398299944e-07
42150.056 1.5031527625399874e-07
42200.056 1.524704761399945e-07
42250.056 1.4400753686200337e-07
42300.056 1.4299843695999762e-07
42350.056 1.6562080179000118e-07
42400.056 1.7212251718000105e-07
42450.056 1.6108406508000503e-07
42500.056 1.6864938363999835e-07
42550.056 1.5980702097999903e-07
42600.056 1.6029800021000996e-07
42650.056 1.8601537791999468e-07
42700.056 1.4836375108999194e-07
42750.056 1.405699813970103e-07
42800.056 1.7423260493000066e-07
42850.056 1.8030889071999373e-07
42900.056 1.7652225023000338e-07
42950.056 1.5795288707000126e-07
43000.056 1.7109658394999704e-07
43050.056 1.2463418296700535e-07
43100.056 1.666929044599995e-07
43150.056 1.5851347463000006e-07
43200.056 1.6451770071000227e-07
43250.056 1.9961523180000128e-07
43300.056 1.8591687201999606e-07
43350.056 1.314183850579997e-07
43400.056 1.6766751558000306e-07
43450.056 1.5073397502000186e-07
43500.056 1.4821594938999968e-07
43550.056 1.4232102823300335e-07
43600.056 1.8101937930999935e-07
43650.056 1.2365975425899381e-07
43700.056 1.730142770140133e-07
43750.056 1.856918443099972e-07
43800.056 1.6742418556999622e-07
43850.056 1.5824396923000896e-07
43900.056 1.517802337999998e-07
43950.056 1.235308177719969e-07
44000.056 1.1506740343099977e-07
44050.056 1.7329355643000826e-07
44100.056 2.0335820105000157e-07
44150.056 1.986216855699974e-07
44200.056 1.8980428552000043e-07
44250.056 1.441763730099965e-07
44300.056 1.0910024372899965e-07
44350.056 1.176618000710025e-07
44400.056 1.3327562562999867e-07
44450.056 1.6567144680000563e-07
44500.056 1.545216356700038e-07
44550.056 1.8285854617000105e-07
44600.056 1.5930481642700186e-07
44650.056 1.6604903671999336e-07
44700.056 1.3343837778999303e-07
44750.056 1.48714021233008e-07
44800.056 1.2634071861399993e-07
44850.056 1.6152387785000467e-07
44900.056 1.5396997879999776e-07
44950.056 1.638206605900041e-07
45000.056 1.7284283131999992e-07
45050.056 1.6868533423999424e-07
45100.056 1.6182959337000635e-07
45150.056 1.569983551399988e-07
45200.056 1.1151112991599803e-07
45250.056 1.2880297245399846e-07
45300.056 1.287755410270008e-07
45350.056 9.72183837000036e-08
45400.056 1.8011710983000274e-07
45450.056 1.7481947512000427e-07
45500.056 1.7977373240000306e-07
45550.056 1.917178361099945e-07
45600.056 1.8514786080000148e-07
45650.056 1.6915110833999222e-07
45700.056 1.0996995913699071e-07
45750.056 9.958965236800719e-08
45800.056 1.7811651427000297e-07
45850.056 1.6892700879000404e-07
45900.056 1.8736161597999826e-07
45950.056 1.7652562195999692e-07
46000.056 1.819590500100034e-07
46050.056 1.7126121183000262e-07
46100.056 1.8297786433999486e-07
46150.056 1.3976481092500025e-07
46200.056 1.1396704300599163e-07
46250.056 5.825260051019776e-08
46300.056 1.355688867190068e-07
46350.056 1.592012316400031e-07
46400.056 1.5698772996000086e-07
46450.056 1.3738561304099365e-07
46500.056 1.4824995484000386e-07
46550.056 1.1799996419099689e-07
46600.056 1.1197420047499291e-07
46650.056 1.4446611796000564e-07
46700.056 1.2291755058599187e-07
46750.056 6.458862035200715e-08
46800.056 4.829646995119604e-08
46850.056 1.3113395400001218e-07
46900.056 1.6209129472999901e-07
46950.056 1.5912804520999725e-07
47000.056 1.5823311870000255e-07
47050.056 1.213842770899833e-07
47100.056 1.0711878479700192e-07
47150.056 1.3688977374000877e-07
47200.056 1.4691001126999752e-07
47250.056 7.775834927598703e-08
47300.056 5.7235700412612414e-08
47350.056 1.4566098393000447e-07
47400.056 1.5590743422999902e-07
47450.056 1.222857281950047e-07
47500.056 1.6440421725999985e-07
47550.056 1.4951693286000202e-07
47600.056 1.3957798682299496e-07
47650.056 1.4653248602499414e-07
47700.056 1.2874845824200994e-07
47750.056 1.057261249329996e-07
47800.056 8.160181440199806e-08
47850.056 3.485839480110402e-08
47900.056 5.673027840279887e-08
47950.056 1.2794365013100688e-07
48000.056 1.4897286840999628e-07
48050.056 1.3034323599799574e-07
48100.056 7.370423222299955e-08
48150.056 1.1446753943500408e-07
48200.056 9.783014830699616e-08
48250.056 1.2712700613000094e-07
48300.056 1.4087829064000006e-07
48350.056 1.030996172939914e-07
48400.056 2.651351201043428e-08
48450.056 5.107198750699113e-08
48500.056 9.555598827499149e-08
48550.056 1.0337364898621375e-07
48600.056 1.3993424227000178e-07
48650.056 1.519235802099989e-07
48700.056 1.303147705800018e-07
48750.056 9.875169997800054e-08
48800.056 1.2971458605000242e-07
48850.056 7.96674446669904e-08
48900.056 8.984988845899281e-08
48950.056 5.849388281299544e-08
49000.056 3.584003843782655e-08
49050.056 9.299359135299244e-08
49100.056 1.1073904482701139e-07
49150.056 9.524725178599818e-08
49200.056 1.332265816000045e-07
49250.056 1.3611036087999974e-07
49300.056 1.208510718589954e-07
49350.056 7.297968302800448e-08
49400.056 7.750061275988764e-08
49450.056 6.534685687211369e-08
49500.056 5.958236013009131e-08
49550.056 1.4183763374329353e-08
49600.056 3.433882697248561e-08
49650.056 8.512514612900386e-08
49700.056 1.0256025492799955e-07
49750.056 9.67851656439934e-08
49800.056 5.913540008379914e-08
49850.056 1.1321469147200533e-07
49900.056 1.207699565199996e-07
49950.056 1.0515739145199575e-07
50000.056 8.338186423579843e-08
50050.056 9.318741597200831e-08
50100.056 8.34122968949971e-08
50150.056 3.937463205009365e-08
50200.056 7.581688056722893e-09
50250.056 3.987917308399958e-08
50300.056 2.7851418101894785e-08
50350.056 8.747842292000471e-08
50400.056 9.846625939499971e-08
50450.056 7.406190197299899e-08
50500.056 1.0763990833200637e-07
50550.056 1.1708910217999966e-07
50600.056 8.44049692609871e-08
50650.056 1.0578429100300785e-07
50700.056 1.1171131549999825e-07
50750.056 7.478015823499713e-08
50800.056 2.8285501745393704e-08
50850.056 1.5051689918166223e-08
50900.056 7.732929940900523e-08
50950.056 8.668725786199637e-08
51000.056 6.35099225545093e-08
51050.056 8.358517171898936e-08
51100.056 4.400974617049963e-08
51150.056 3.7651384394207434e-08
51200.056 1.0035404170300212e-07
51250.056 8.435562877599279e-08
51300.056 5.731796908100351e-08
51350.056 5.6570347737490733e-08
51400.056 2.234870746520397e-08
51450.056 1.662108687011058e-08
51500.056 1.374920899545462e-08
51550.056 5.310450872400505e-08
51600.056 5.239662497900265e-08
51650.056 6.762284871699765e-08
51700.056 6.020470982312817e-08
51750.056 5.098661210580906e-08
51800.056 8.613223730999912e-08
51850.056 6.60883293119967e-08
51900.056 7.326952733300213e-08
51950.056 4.4760074123992755e-08
52000.056 5.37334699777817e-09
52050.056 2.5045768413002366e-08
52100.056 1.513113270269697e-08
52150.056 9.196796869456646e-09
52200.056 2.7187792394698436e-08
52250.056 4.700388679850587e-08
52300.056 5.975751367299742e-08
52350.056 1.7017991665162954e-08
52400.056 1.916219627307047e-08
52450.056 6.271235691100651e-08
52500.056 5.56224235069947e-08
52550.056 5.791534094699283e-08
52600.056 4.6908899817005885e-08
52650.056 6.036668004599851e-08
52700.056 3.380841873969999e-08
52750.056 1.5938191932525506e-08
52800.056 2.6683222231404395e-08
52850.056 3.456175830309435e-08
52900.056 1.368172623166119e-08
52950.056 2.4025268698904098e-08
53000.056 4.8934726525000344e-08
53050.056 2.024780376111969e-08
53100.056 6.313525175300414e-08
53150.056 6.551216696999826e-08
53200.056 2.4055923524997703e-08
53250.056 5.5265257946002995e-08
53300.056 6.199877118100844e-08
53350.056 5.767099756099837e-08
53400.056 3.874701900099696e-08
53450.056 1.0952039009347335e-08
53500.056 3.0521523041241835e-09
53550.056 6.545993215999911e-09
