galfind/configs/Brown_Dwarf_templates/sonora_bobcat/m-0.5/3160g/sp_t375g3160nc_m-0.5_resample.dat
# %ECSV 1.0
# ---
# datatype:
# - {name: wav, unit: Angstrom, datatype: float64}
# - {name: flux_nu, unit: erg / (cm2 Hz s), datatype: float64}
# meta: {C/O: '1.00', Kzz: '1.0000E+05', Teff: '375.', Y: '0.28', '[Fe/H]': '-0.50', f_hole: '1.00', f_rain: '0.00', grav: '3160.'}
# schema: astropy-2.0
wav flux_nu
4000.0559999999996 nan
4050.0559999999996 2.0583740220300356e-18
4100.056 6.635855070890109e-17
4150.056 4.525614676000043e-16
4200.056 1.139280288030008e-15
4250.056 3.6085201145000236e-15
4300.056 8.051837661000039e-15
4350.056 1.5169553243000062e-14
4400.056 2.667227548900011e-14
4450.056 4.4099108981000164e-14
4500.056 6.91553315200002e-14
4550.056 9.855140883499998e-14
4600.056 8.295861315300013e-14
4650.056 8.694333255599997e-14
4700.056 7.77383683859998e-14
4750.056 5.196018951799977e-14
4800.056 3.170147074099986e-14
4850.056 1.9185437663999915e-14
4900.056 1.3410225241999961e-14
4950.056 9.851002260099967e-15
5000.056 6.410518528599968e-15
5050.056 4.4424685239999934e-15
5100.056 4.346794236600001e-15
5150.056 4.380967660500002e-15
5200.056 4.6120245722000024e-15
5250.056 4.860858606000002e-15
5300.056 5.110260524900003e-15
5350.056 5.4213328240000024e-15
5400.056 5.795951107300004e-15
5450.056 6.218876288900006e-15
5500.056 6.6614174634000044e-15
5550.056 7.081444169600005e-15
5600.056 7.478922565500004e-15
5650.056 7.849184283200004e-15
5700.056 8.0814039922e-15
5750.056 7.969710725199996e-15
5800.056 7.252092531099984e-15
5850.056 5.215362183799947e-15
5900.056 1.83177570117505e-15
5950.056 1.051068455450013e-14
6000.056 2.1393593641000172e-14
6050.056 3.685794515300025e-14
6100.056 5.894673264900037e-14
6150.056 9.045687649000053e-14
6200.056 1.3500062864000067e-13
6250.056 1.9550869631000103e-13
6300.056 2.8136212915000147e-13
6350.056 4.0015535806000207e-13
6400.056 5.61895008010003e-13
6450.056 7.524906675800025e-13
6500.056 1.0304922481500058e-12
6550.056 1.4192014577000055e-12
6600.056 1.9416727266000114e-12
6650.056 2.6475530741000127e-12
6700.056 3.4031087626000143e-12
6750.056 4.4899136834000174e-12
6800.056 5.328433840300009e-12
6850.056 5.311636074699991e-12
6900.056 4.273665827999973e-12
6950.056 3.2632779347999995e-12
7000.056 3.0857261170999924e-12
7050.056 3.098237980400003e-12
7100.056 3.355576431300003e-12
7150.056 3.0191508151999726e-12
7200.056 2.698137883000023e-12
7250.056 2.8347227736999696e-12
7300.056 2.7879230134000204e-12
7350.056 3.098368267900004e-12
7400.056 3.4195983835000037e-12
7450.056 3.758124767700009e-12
7500.056 3.960111347200001e-12
7550.056 3.9937306268e-12
7600.056 3.899596887299996e-12
7650.056 2.2458023701599624e-12
7700.056 2.2235928527100402e-12
7750.056 4.5386956334000364e-12
7800.056 6.037609426600036e-12
7850.056 8.22103365110004e-12
7900.056 1.0488950625500045e-11
7950.056 1.2014334550000057e-11
8000.056 1.648885117700009e-11
8050.056 2.0699084675000077e-11
8100.056 2.1564150988999958e-11
8150.056 2.1143617076000303e-11
8200.056 3.269028174800023e-11
8250.056 3.798900598000054e-11
8300.056 4.7412435688000163e-11
8350.056 5.7955402727000485e-11
8400.056 7.459188256600093e-11
8450.056 9.714477397000084e-11
8500.056 1.1864085055000082e-10
8550.056 1.4658105278000142e-10
8600.056 1.8250254222000145e-10
8650.056 2.184842389000015e-10
8700.056 2.537029486300016e-10
8750.056 2.954574784900019e-10
8800.056 3.3390448796000133e-10
8850.056 3.454584033899978e-10
8900.056 2.244840901699943e-10
8950.056 1.9038288120000296e-10
9000.056 1.9170618856400276e-10
9050.056 4.271947680300024e-10
9100.056 4.683100236000116e-10
9150.056 5.219501889199962e-10
9200.056 6.534579616400155e-10
9250.056 5.45308272059972e-10
9300.056 2.8448403792525065e-11
9350.056 3.7639936415571185e-11
9400.056 2.738879575980067e-10
9450.056 1.0661492946449667e-10
9500.056 1.1409129023799507e-10
9550.056 1.3104311411451023e-10
9600.056 1.7680278237999702e-10
9650.056 3.270325916260234e-10
9700.056 7.405464191999963e-10
9750.056 8.99267822230034e-10
9800.056 1.1599593557599996e-09
9850.056 1.49594688860001e-09
9900.056 1.9438199508000292e-09
9950.056 2.204102010300017e-09
10000.056 1.3438497174675213e-09
10050.056 5.743886734599675e-10
10100.056 4.0019374048999667e-10
10150.056 3.018749673499946e-10
10200.056 2.1295817556999901e-10
10250.056 1.922649117799998e-10
10300.056 1.8530999866999672e-10
10350.056 1.319738970700001e-10
10400.056 1.3189934441999944e-10
10450.056 1.2151306138999858e-10
10500.056 1.0848835002999938e-10
10550.056 9.706142349999932e-11
10600.056 8.316108771699935e-11
10650.056 6.879779092399934e-11
10700.056 5.5303621864999396e-11
10750.056 4.534812171199953e-11
10800.056 3.8179373640999806e-11
10850.056 3.3009750827999775e-11
10900.056 2.878705550999974e-11
10950.056 2.3667923173999798e-11
11000.056 1.8314533555999655e-11
11050.056 1.2040609060799764e-11
11100.056 5.875543750299716e-12
11150.056 2.3093067495968174e-12
11200.056 1.4171394467965186e-12
11250.056 2.1588876771334525e-12
11300.056 3.693499271551171e-12
11350.056 1.7197773996138015e-12
11400.056 6.335998203360318e-12
11450.056 3.973379420198699e-12
11500.056 3.94939612888102e-12
11550.056 2.5196546593081196e-12
11600.056 2.1787755674699697e-12
11650.056 5.126536959800315e-12
11700.056 7.427516962899515e-12
11750.056 5.530892938860423e-12
11800.056 1.293595872020006e-11
11850.056 1.4435630796599992e-11
11900.056 1.5599140157000028e-11
11950.056 1.677265885100004e-11
12000.056 1.7903346129000112e-11
12050.056 2.044496961600016e-11
12100.056 2.2845015052000272e-11
12150.056 2.775588764200016e-11
12200.056 3.276571142900018e-11
12250.056 4.053350381000048e-11
12300.056 5.064481044300061e-11
12350.056 5.942076233000062e-11
12400.056 7.371153687800085e-11
12450.056 9.41508331570013e-11
12500.056 1.1460676719000002e-10
12550.056 1.2264843400000163e-10
12600.056 1.5990975739000243e-10
12650.056 2.0464536423000266e-10
12700.056 2.4402415913000134e-10
12750.056 2.6201913585000104e-10
12800.056 2.6606703266999974e-10
12850.056 2.5215055548999894e-10
12900.056 2.409943095299992e-10
12950.056 2.432250972900017e-10
13000.056 2.6529801542000354e-10
13050.056 2.4754542721e-10
13100.056 2.867636254799963e-10
13150.056 2.4718655782000627e-10
13200.056 2.598604264199969e-10
13250.056 2.5481234882999774e-10
13300.056 1.2870513289008676e-10
13350.056 7.495846847699915e-11
13400.056 1.0785719676479667e-11
13450.056 1.2560869804648538e-12
13500.056 1.7908773304231578e-13
13550.056 2.6766345294079483e-14
13600.056 7.830577260136553e-15
13650.056 5.5297719657325956e-14
13700.056 3.36092403312713e-14
13750.056 2.9168328612625627e-13
13800.056 3.086411216111567e-13
13850.056 5.066939762903174e-14
13900.056 1.5864923454250862e-13
13950.056 1.330913045820135e-13
14000.056 4.1286464440225425e-13
14050.056 3.8732502055660666e-13
14100.056 3.6016739886549905e-13
14150.056 1.056489430044056e-12
14200.056 8.942641480118542e-13
14250.056 1.4356774898091924e-12
14300.056 4.155491003700698e-12
14350.056 5.907433180898534e-12
14400.056 5.844440511234061e-12
14450.056 1.3316403481588369e-11
14500.056 3.3889552906654884e-11
14550.056 6.136449941849815e-11
14600.056 1.0779929208059982e-10
14650.056 5.00652328823011e-11
14700.056 2.200681131186601e-11
14750.056 1.9161259873140652e-11
14800.056 1.3634455297229934e-11
14850.056 1.6913442382230228e-11
14900.056 1.4693122394299726e-11
14950.056 1.5310792037800223e-11
15000.056 3.8068217487432147e-11
15050.056 5.344286327660073e-11
15100.056 2.7197721360137142e-11
15150.056 1.4822311228502033e-11
15200.056 3.852074707159815e-11
15250.056 6.27754721203065e-11
15300.056 8.913952805199665e-11
15350.056 1.0666907984800504e-10
15400.056 1.3752819825300236e-10
15450.056 1.689888565930075e-10
15500.056 2.3731443999000276e-10
15550.056 3.1758950075000945e-10
15600.056 4.3182640789000007e-10
15650.056 5.622540309300142e-10
15700.056 6.746944517900032e-10
15750.056 7.242846291000025e-10
15800.056 7.603508346800007e-10
15850.056 7.832859457100025e-10
15900.056 7.670201258599976e-10
15950.056 7.550503077099977e-10
16000.056 6.969781281199945e-10
16050.056 6.07593599329992e-10
16100.056 4.841572285699948e-10
16150.056 3.507855472499877e-10
16200.056 2.0615742209599422e-10
16250.056 1.2731090522899908e-10
16300.056 7.611486018279272e-11
16350.056 6.088010269084086e-11
16400.056 5.95381311368455e-11
16450.056 6.350198229551133e-11
16500.056 6.605778256106847e-11
16550.056 7.610064134973792e-11
16600.056 1.2585094977620058e-10
16650.056 5.2630072954782237e-11
16700.056 3.468281417920344e-11
16750.056 7.501212607940907e-11
16800.056 7.55736399050029e-11
16850.056 6.484034333648323e-11
16900.056 5.0111068502302666e-11
16950.056 4.01826117387985e-11
17000.056 3.064439902090204e-11
17050.056 3.898504736700136e-11
17100.056 4.9876791774398995e-11
17150.056 4.3386430872803177e-11
17200.056 6.809533210999846e-11
17250.056 3.979834826299647e-11
17300.056 3.6320810724999585e-11
17350.056 4.065626858699937e-11
17400.056 4.717851676500052e-11
17450.056 4.935661996000046e-11
17500.056 5.629729726800054e-11
17550.056 4.8685993720998186e-11
17600.056 4.709635836900094e-11
17650.056 3.741036806099933e-11
17700.056 3.3442881742999965e-11
17750.056 2.6530790045000032e-11
17800.056 2.8310067729600627e-11
17850.056 1.68904204007382e-11
17900.056 1.3854996740198882e-11
17950.056 8.261445269190015e-12
18000.056 9.712736449875525e-12
18050.056 4.466968464538076e-12
18100.056 4.2365227613764e-12
18150.056 2.739868206143027e-12
18200.056 1.6470547095076134e-12
18250.056 4.780346197109587e-12
18300.056 8.228219948402021e-13
18350.056 8.503813380410778e-13
18400.056 3.512025357087626e-13
18450.056 2.738863578632099e-12
18500.056 2.1123741321481243e-12
18550.056 8.651424131831504e-13
18600.056 1.889386408414126e-12
18650.056 1.4694983662949027e-12
18700.056 1.0500564752945484e-13
18750.056 2.9893373443403093e-13
18800.056 3.986734498546586e-12
18850.056 3.2563454702662923e-12
18900.056 3.56100438693294e-12
18950.056 4.446613463613609e-12
19000.056 8.024948092212408e-13
19050.056 4.2718748526587603e-13
19100.056 1.6570068097176785e-12
19150.056 7.786224321814248e-13
19200.056 1.5927572761134182e-12
19250.056 1.414823060571515e-12
19300.056 8.79121287861621e-13
19350.056 1.1558147985994696e-12
19400.056 7.688709143909227e-13
19450.056 9.516718438157828e-13
19500.056 1.1321542306513815e-12
19550.056 1.199489255936903e-12
19600.056 1.8981491760186045e-12
19650.056 1.958812746395711e-12
19700.056 2.5166180497145737e-12
19750.056 2.829259618137842e-12
19800.056 1.791347404783299e-12
19850.056 2.634452626560259e-12
19900.056 3.3734537253997484e-12
19950.056 2.6427485366464766e-12
20000.056 3.021780876871837e-12
20050.056 2.8954065736477085e-12
20100.056 3.362306310550492e-12
20150.056 2.6270090043538974e-12
20200.056 2.4688526992903326e-12
20250.056 3.281230157640172e-12
20300.056 3.3804236311999795e-12
20350.056 3.4352981496998767e-12
20400.056 3.565309724300023e-12
20450.056 3.786728927600093e-12
20500.056 3.678738423500004e-12
20550.056 3.539561569399956e-12
20600.056 3.3800120158000187e-12
20650.056 3.1998312188999602e-12
20700.056 3.009224790199977e-12
20750.056 2.7944034058999823e-12
20800.056 2.58219744679998e-12
20850.056 2.418624781099986e-12
20900.056 2.255358981499988e-12
20950.056 2.1158063394999894e-12
21000.056 2.011273362599993e-12
21050.056 1.9584230775999957e-12
21100.056 1.9345714450999993e-12
21150.056 1.9644943713000057e-12
21200.056 2.0307477432000082e-12
21250.056 2.135559944600005e-12
21300.056 2.2596267780000164e-12
21350.056 2.398384336199993e-12
21400.056 2.617178460000038e-12
21450.056 2.7065740458000278e-12
21500.056 2.7840381059000023e-12
21550.056 2.9109672404999895e-12
21600.056 2.902104667939983e-12
21650.056 2.978003661919961e-12
21700.056 3.1461982823998837e-12
21750.056 3.0659312237201985e-12
21800.056 2.830611067470006e-12
21850.056 2.8106634172900353e-12
21900.056 2.537376322810097e-12
21950.056 1.9099914293598085e-12
22000.056 4.893820132523865e-13
22050.056 8.037036924360803e-13
22100.056 1.2704139969558497e-12
22150.056 9.571323238087665e-13
22200.056 9.715753476570262e-13
22250.056 8.444457512206376e-13
22300.056 5.155209101448647e-13
22350.056 7.475823262897859e-13
22400.056 5.068987919809445e-13
22450.056 5.503444405617846e-13
22500.056 4.915035828340209e-13
22550.056 3.067546574299634e-13
22600.056 2.60864302376702e-13
22650.056 2.591676107087464e-13
22700.056 3.037340758547663e-13
22750.056 3.746552320932894e-13
22800.056 5.347954951028402e-13
22850.056 3.3046732170238605e-13
22900.056 3.391887392179566e-13
22950.056 2.5684397607903567e-13
23000.056 2.31102230301639e-13
23050.056 2.325465769409993e-13
23100.056 9.326314872145826e-13
23150.056 7.277961373195106e-13
23200.056 1.4630253643021908e-13
23250.056 5.257512445931596e-13
23300.056 3.4325305186276704e-13
23350.056 4.357085622842159e-13
23400.056 2.677815651725172e-13
23450.056 2.1654905254173508e-13
23500.056 1.820072959673387e-13
23550.056 3.3327995806458763e-13
23600.056 5.92322682630289e-13
23650.056 7.75820238598219e-13
23700.056 1.5614435716696573e-13
23750.056 2.815521199457434e-13
23800.056 8.884707646568033e-13
23850.056 4.937422157671603e-13
23900.056 8.121419172485935e-13
23950.056 5.275130330749759e-13
24000.056 1.0368070239369649e-12
24050.056 1.0612265975859967e-12
24100.056 1.4160004373161127e-12
24150.056 1.8353159339800056e-12
24200.056 1.873591132160063e-12
24250.056 1.8969782068000378e-12
24300.056 2.797062470650173e-12
24350.056 2.594727859879858e-12
24400.056 4.160139475900193e-12
24450.056 4.471506270450024e-12
24500.056 4.632299821570078e-12
24550.056 6.729367758400194e-12
24600.056 8.214019211599832e-12
24650.056 9.400741044200313e-12
24700.056 9.151203907825334e-12
24750.056 1.158513969320093e-11
24800.056 1.2390447313800174e-11
24850.056 1.351757562640699e-11
24900.056 1.114729442892064e-11
24950.056 1.4224808260827089e-11
25000.056 1.8988911341899757e-11
25050.056 1.0559916419861857e-11
25100.056 1.6817748486098373e-11
25150.056 9.289135032949233e-12
25200.056 1.434015410796116e-11
25250.056 6.381825620505927e-12
25300.056 6.602630250154841e-12
25350.056 2.8504994071543817e-12
25400.056 8.157331547218768e-12
25450.056 2.1372021853441083e-12
25500.056 1.6217146445726594e-12
25550.056 7.50657110008887e-12
25600.056 3.0109533280915242e-12
25650.056 9.36804402513604e-13
25700.056 5.945028671178827e-13
25750.056 1.3925267830261676e-13
25800.056 1.0189539444844203e-12
25850.056 1.2457329711499494e-13
25900.056 2.7774393044812275e-13
25950.056 2.5755310881351067e-14
26000.056 7.547423641377914e-13
26050.056 3.966058556665955e-14
26100.056 3.6561145426425946e-13
26150.056 1.0283501178888604e-13
26200.056 1.5316142855933572e-13
26250.056 1.6866162044621153e-12
26300.056 1.381000012123606e-13
26350.056 6.742013836047513e-12
26400.056 1.2968057776526336e-11
26450.056 3.731475409777681e-12
26500.056 1.3157694903253757e-11
26550.056 8.484286178101512e-13
26600.056 5.699796891643814e-13
26650.056 6.212929487627537e-14
26700.056 3.91042913594337e-14
26750.056 7.658721263448651e-14
26800.056 4.973488331612028e-13
26850.056 2.4104706841564293e-13
26900.056 1.6545489565279576e-12
26950.056 3.6245580742218233e-13
27000.056 2.8266422781697855e-12
27050.056 5.745821500177156e-12
27100.056 1.4237971714841355e-13
27150.056 4.130253414034992e-12
27200.056 1.1218826217593187e-13
27250.056 7.017161235614543e-13
27300.056 1.6924306987881012e-11
27350.056 2.4713465965980097e-12
27400.056 8.363226808607562e-14
27450.056 4.618397360985311e-12
27500.056 7.335715138497023e-12
27550.056 5.636720177106906e-13
27600.056 2.779166656839807e-12
27650.056 4.0432063945718996e-13
27700.056 5.016624761987207e-13
27750.056 5.604255488538801e-12
27800.056 1.494700908846024e-12
27850.056 3.645980365919737e-12
27900.056 6.9803266263063024e-12
27950.056 1.2960717257341903e-11
28000.056 1.334334268777068e-11
28050.056 1.0124962076996369e-12
28100.056 2.3690859785782016e-11
28150.056 1.4337103463062738e-11
28200.056 2.519291489314437e-12
28250.056 4.244395438929866e-11
28300.056 4.145160176920776e-11
28350.056 3.595753800766919e-12
28400.056 2.603524726787803e-11
28450.056 5.4643310793473e-11
28500.056 2.165607347968345e-11
28550.056 6.185771312200733e-12
28600.056 4.492931232072319e-11
28650.056 1.8299369892765513e-11
28700.056 4.3325411664841255e-11
28750.056 1.1327972178958677e-10
28800.056 2.997091278276785e-11
28850.056 1.0118285572099026e-10
