galfind/configs/Brown_Dwarf_templates/sonora_bobcat/m-0.5/3160g/sp_t650g3160nc_m-0.5_resample.dat
# %ECSV 1.0
# ---
# datatype:
# - {name: wav, unit: Angstrom, datatype: float64}
# - {name: flux_nu, unit: erg / (cm2 Hz s), datatype: float64}
# meta: {C/O: '1.00', Kzz: '1.0000E+05', Teff: '650.', Y: '0.28', '[Fe/H]': '-0.50', f_hole: '1.00', f_rain: '0.00', grav: '3160.'}
# schema: astropy-2.0
wav flux_nu
4000.0559999999996 nan
4050.0559999999996 3.251347691817365e-16
4100.056 1.2018800806330266e-13
4150.056 1.447912092940017e-12
4200.056 1.8953219920100177e-12
4250.056 1.1549277216600076e-11
4300.056 2.34700598660001e-11
4350.056 3.547466353600013e-11
4400.056 5.148231715400016e-11
4450.056 7.32226090960003e-11
4500.056 8.918836511300011e-11
4550.056 1.0270587604499985e-10
4600.056 7.729543718099994e-11
4650.056 5.879259005799971e-11
4700.056 3.4915799705999686e-11
4750.056 8.869366312699858e-12
4800.056 1.146916205109978e-12
4850.056 1.736536762299974e-13
4900.056 5.893674139299952e-14
4950.056 2.7403587453999788e-14
5000.056 1.21374760203999e-14
5050.056 6.702356142199985e-15
5100.056 6.180294333699999e-15
5150.056 6.065220146900001e-15
5200.056 6.127609181900001e-15
5250.056 6.291468664800002e-15
5300.056 6.522684188900002e-15
5350.056 6.871601748700006e-15
5400.056 7.377012303100006e-15
5450.056 7.892462173500006e-15
5500.056 8.420591946900008e-15
5550.056 8.937303111900007e-15
5600.056 9.444793213700007e-15
5650.056 9.874431859000004e-15
5700.056 1.01000855827e-14
5750.056 9.640744319299989e-15
5800.056 8.417731264999977e-15
5850.056 5.8119757411999365e-15
5900.056 1.9155906432850565e-15
5950.056 1.1881769930400152e-14
6000.056 2.5398152753000222e-14
6050.056 4.4722645613000315e-14
6100.056 7.107099514400043e-14
6150.056 1.078696401010006e-13
6200.056 1.6058727206000082e-13
6250.056 2.362066050800013e-13
6300.056 3.422155890700019e-13
6350.056 4.922997218100027e-13
6400.056 7.059677037600038e-13
6450.056 9.950219232600042e-13
6500.056 1.4124013923000086e-12
6550.056 2.005280022900008e-12
6600.056 2.8394905310000187e-12
6650.056 4.009371335300022e-12
6700.056 5.2785410550000245e-12
6750.056 7.491768801900034e-12
6800.056 9.444451667800028e-12
6850.056 1.0213957253499994e-11
6900.056 9.006636290399973e-12
6950.056 7.43753101799999e-12
7000.056 7.068519262799988e-12
7050.056 7.368880852300004e-12
7100.056 7.975728449700002e-12
7150.056 7.979882682699961e-12
7200.056 7.766068403100032e-12
7250.056 7.70209881259991e-12
7300.056 7.381593247100054e-12
7350.056 7.376673517699998e-12
7400.056 7.391032397100008e-12
7450.056 7.439154134000017e-12
7500.056 7.333845402399996e-12
7550.056 7.017011003199991e-12
7600.056 6.5366649955999846e-12
7650.056 2.766930192039912e-12
7700.056 2.3183403207900697e-12
7750.056 6.7428859010000785e-12
7800.056 9.671003490400087e-12
7850.056 1.4941737760000073e-11
7900.056 1.99781803030001e-11
7950.056 2.2495319863600162e-11
8000.056 3.443863524500021e-11
8050.056 4.495859196500026e-11
8100.056 5.4716424005000045e-11
8150.056 6.69798191510008e-11
8200.056 9.33721251680012e-11
8250.056 1.180854669960012e-10
8300.056 1.5319438117000232e-10
8350.056 1.9652888730000174e-10
8400.056 2.527018566000024e-10
8450.056 3.2741222744000294e-10
8500.056 3.8655046945999716e-10
8550.056 5.073255388100119e-10
8600.056 6.724891535800065e-10
8650.056 8.464338171700078e-10
8700.056 1.05322806385001e-09
8750.056 1.308536180000012e-09
8800.056 1.6065151071000132e-09
8850.056 1.9174768430000102e-09
8900.056 2.004528479599996e-09
8950.056 1.9239709534000145e-09
9000.056 2.680068062300026e-09
9050.056 3.8682168194000505e-09
9100.056 4.600608832600079e-09
9150.056 5.37005872000003e-09
9200.056 6.495117379800067e-09
9250.056 6.839969778299858e-09
9300.056 2.567602022199954e-09
9350.056 3.874607291542023e-09
9400.056 7.983667746850028e-09
9450.056 6.9485343859101086e-09
9500.056 7.231150405689593e-09
9550.056 8.206554951290632e-09
9600.056 9.346254554799954e-09
9650.056 1.1865047554400412e-08
9700.056 1.6626411582399755e-08
9750.056 1.900310271190063e-08
9800.056 2.2419733198999948e-08
9850.056 2.6688779467999955e-08
9900.056 3.1616935637000375e-08
9950.056 3.50324069870002e-08
10000.056 2.4845942189557885e-08
10050.056 2.895766669099974e-08
10100.056 2.8640946512000034e-08
10150.056 2.809903244399993e-08
10200.056 2.7276619914000137e-08
10250.056 2.8736871520000094e-08
10300.056 3.0192792878999757e-08
10350.056 2.8261484519000145e-08
10400.056 2.916396093399999e-08
10450.056 2.945106171099979e-08
10500.056 2.935257680899994e-08
10550.056 2.9304163873999983e-08
10600.056 2.875624739499997e-08
10650.056 2.7961273603999957e-08
10700.056 2.6877755133999956e-08
10750.056 2.6092369825999943e-08
10800.056 2.5313577588e-08
10850.056 2.4489360697999963e-08
10900.056 2.290349755199985e-08
10950.056 1.9256273603999883e-08
11000.056 1.5571806062599586e-08
11050.056 1.1182221010799933e-08
11100.056 6.919353298779799e-09
11150.056 4.363211371142871e-09
11200.056 4.570913603196007e-09
11250.056 6.710016517769922e-09
11300.056 7.970319785125152e-09
11350.056 3.948822403194276e-09
11400.056 1.0542530200620655e-08
11450.056 7.492720923821556e-09
11500.056 7.779914021128537e-09
11550.056 5.027617740411545e-09
11600.056 4.7271744494737776e-09
11650.056 7.57869656104035e-09
11700.056 8.704728923899684e-09
11750.056 6.474188367100135e-09
11800.056 1.207942592850001e-08
11850.056 1.457194246810009e-08
11900.056 1.6276018229999987e-08
11950.056 1.805364535900012e-08
12000.056 1.9973741807000096e-08
12050.056 2.2142037605000154e-08
12100.056 2.3747056105000036e-08
12150.056 2.616857614799999e-08
12200.056 2.7930677305000077e-08
12250.056 3.048374516999995e-08
12300.056 3.3950899681000264e-08
12350.056 3.631111373400015e-08
12400.056 4.0114810416000106e-08
12450.056 4.4145343142000206e-08
12500.056 4.7750257610000227e-08
12550.056 5.156079780700025e-08
12600.056 5.6149993796000255e-08
12650.056 6.034011209400021e-08
12700.056 6.313995326500004e-08
12750.056 6.227822812600007e-08
12800.056 6.034909228699989e-08
12850.056 5.6162913892999784e-08
12900.056 5.424775628399977e-08
12950.056 5.310314618300037e-08
13000.056 5.4308070587000623e-08
13050.056 5.0310454401999935e-08
13100.056 5.2220639912998367e-08
13150.056 4.559014490000135e-08
13200.056 4.582060582499913e-08
13250.056 3.783331571759939e-08
13300.056 2.2390678868097864e-08
13350.056 9.064586319119862e-09
13400.056 1.7266575753568715e-09
13450.056 6.678864343729557e-10
13500.056 2.8408023987204245e-10
13550.056 1.274220332035085e-10
13600.056 7.742861963670868e-11
13650.056 3.661593408786511e-10
13700.056 2.546143856101648e-10
13750.056 7.478893492833444e-10
13800.056 8.511457000121322e-10
13850.056 2.7705573847825694e-10
13900.056 3.3091147686286337e-10
13950.056 3.416326401660127e-10
14000.056 5.267724375730885e-10
14050.056 6.534550600668112e-10
14100.056 4.941647008991183e-10
14150.056 8.184924958164604e-10
14200.056 5.954829042916567e-10
14250.056 7.130101180218047e-10
14300.056 1.7784737821864103e-09
14350.056 1.6990254593497743e-09
14400.056 1.6886253021856696e-09
14450.056 2.83734986061105e-09
14500.056 4.952144450327471e-09
14550.056 5.304045859619862e-09
14600.056 9.08588124963986e-09
14650.056 6.451995314070238e-09
14700.056 3.889163901643449e-09
14750.056 4.251876967251212e-09
14800.056 4.553812864042946e-09
14850.056 5.263803578716288e-09
14900.056 5.2681668758258044e-09
14950.056 6.265682842000131e-09
15000.056 9.27848734382036e-09
15050.056 1.0201560127499745e-08
15100.056 8.181597831289635e-09
15150.056 6.537229511100013e-09
15200.056 9.894317596109402e-09
15250.056 1.2835190630600663e-08
15300.056 1.4642560782799734e-08
15350.056 1.644374769810037e-08
15400.056 1.8886832693900814e-08
15450.056 2.0391966085900553e-08
15500.056 2.3094542337999368e-08
15550.056 2.5801159025000556e-08
15600.056 2.943570207299972e-08
15650.056 3.3290623307000645e-08
15700.056 3.6926534137000036e-08
15750.056 3.840435311600013e-08
15800.056 3.9867792510999945e-08
15850.056 4.0931675912000193e-08
15900.056 4.0784277015999945e-08
15950.056 4.0192971188999906e-08
16000.056 3.788988984399981e-08
16050.056 3.366419757999968e-08
16100.056 2.8691570535999847e-08
16150.056 2.28894567169991e-08
16200.056 1.6714227843300288e-08
16250.056 1.3903199490300028e-08
16300.056 1.1533631397579417e-08
16350.056 1.172977622543745e-08
16400.056 1.2322654903186228e-08
16450.056 1.2919511825978751e-08
16500.056 1.3632823838388404e-08
16550.056 1.3720207662595721e-08
16600.056 1.5934645755700315e-08
16650.056 9.294482932932865e-09
16700.056 6.0138541034404956e-09
16750.056 1.0337029257800206e-08
16800.056 1.1954797576100125e-08
16850.056 1.1276099619599025e-08
16900.056 9.913493703720616e-09
16950.056 8.458109541669637e-09
17000.056 7.249059188600627e-09
17050.056 8.984560657900196e-09
17100.056 1.0008078088699961e-08
17150.056 8.891716879700162e-09
17200.056 1.1571294363499876e-08
17250.056 9.509416262299384e-09
17300.056 8.63197067640002e-09
17350.056 8.396169104299722e-09
17400.056 8.7878196293e-09
17450.056 8.92411332759981e-09
17500.056 9.191213386600582e-09
17550.056 7.770927235899513e-09
17600.056 7.223989413700205e-09
17650.056 6.298855877600139e-09
17700.056 5.323028230769864e-09
17750.056 4.2808164468201356e-09
17800.056 4.702024090020296e-09
17850.056 3.0913879998646937e-09
17900.056 3.1420493976701545e-09
17950.056 2.0481273482086043e-09
18000.056 2.5085648468950135e-09
18050.056 1.4933839537025008e-09
18100.056 1.7079252121876364e-09
18150.056 1.549737771863572e-09
18200.056 1.0828916363569835e-09
18250.056 2.502449915237122e-09
18300.056 1.0206235063023485e-09
18350.056 9.872988084993142e-10
18400.056 7.38129480416234e-10
18450.056 1.813534537249597e-09
18500.056 1.5930471893221568e-09
18550.056 9.981769047589758e-10
18600.056 1.14019195295868e-09
18650.056 8.870927345247589e-10
18700.056 3.9511722123964135e-10
18750.056 8.120741167254056e-10
18800.056 2.451821355390347e-09
18850.056 2.265583333071418e-09
18900.056 2.0214976533040003e-09
18950.056 2.883411013914965e-09
19000.056 1.3433318384744766e-09
19050.056 8.288149232231001e-10
19100.056 1.5777089011734214e-09
19150.056 9.114131457297542e-10
19200.056 1.2388538117375476e-09
19250.056 9.68147226156425e-10
19300.056 7.961254143255323e-10
19350.056 8.075443715277251e-10
19400.056 5.807767689778386e-10
19450.056 8.712084156365959e-10
19500.056 9.774654352081672e-10
19550.056 8.833218095771066e-10
19600.056 1.2602932316619669e-09
19650.056 1.3635789426100871e-09
19700.056 1.491003713831188e-09
19750.056 1.8392933580820294e-09
19800.056 1.5135359463855463e-09
19850.056 2.003038675320157e-09
19900.056 2.1041662273308467e-09
19950.056 2.2979476310777348e-09
20000.056 2.403316891590041e-09
20050.056 2.4249632861829455e-09
20100.056 2.8810115878988157e-09
20150.056 2.364064011082028e-09
20200.056 2.2152021087603462e-09
20250.056 2.777864526530191e-09
20300.056 2.843393834530026e-09
20350.056 2.901602182039849e-09
20400.056 3.00656042980001e-09
20450.056 3.470859445000184e-09
20500.056 3.5951511508999294e-09
20550.056 3.661320380700011e-09
20600.056 3.731690766400063e-09
20650.056 3.838084719499975e-09
20700.056 3.8795358901e-09
20750.056 3.877292456699986e-09
20800.056 3.829241773099938e-09
20850.056 3.866791386200007e-09
20900.056 3.844285189199992e-09
20950.056 3.792393796500005e-09
21000.056 3.7488299373999975e-09
21050.056 3.749853145799991e-09
21100.056 3.717173746300001e-09
21150.056 3.7091030796999833e-09
21200.056 3.6864901531000084e-09
21250.056 3.663885618199956e-09
21300.056 3.6142929789000007e-09
21350.056 3.573383477099985e-09
21400.056 3.6255677708000864e-09
21450.056 3.4927437951000464e-09
21500.056 3.41813320310001e-09
21550.056 3.3724572118999718e-09
21600.056 3.2536652180200144e-09
21650.056 3.0956758553700054e-09
21700.056 3.14775562339989e-09
21750.056 2.925258238280125e-09
21800.056 2.6173807630599863e-09
21850.056 2.4728487215800588e-09
21900.056 2.2054729392301013e-09
21950.056 1.734837227189905e-09
22000.056 7.934829509529088e-10
22050.056 9.658969499600687e-10
22100.056 1.5551952517700578e-09
22150.056 1.3739766497616715e-09
22200.056 1.4058884345216737e-09
22250.056 1.3377784629996754e-09
22300.056 9.804617098110109e-10
22350.056 1.1711287003759264e-09
22400.056 8.033940467636359e-10
22450.056 8.521351834748655e-10
22500.056 8.026065957400849e-10
22550.056 6.306972194326139e-10
22600.056 5.906060519440229e-10
22650.056 6.85217221339058e-10
22700.056 6.724180186527903e-10
22750.056 7.332789069951581e-10
22800.056 8.633004316580472e-10
22850.056 6.768235720046772e-10
22900.056 6.691793196508951e-10
22950.056 5.9949228436693e-10
23000.056 6.680695315679691e-10
23050.056 7.636046560753087e-10
23100.056 1.5030666715201192e-09
23150.056 1.1302893635968053e-09
23200.056 3.213303100336423e-10
23250.056 7.389215618500313e-10
23300.056 6.36268396366333e-10
23350.056 6.753415755940535e-10
23400.056 5.375044298176545e-10
23450.056 5.040151053514655e-10
23500.056 5.164576574922446e-10
23550.056 7.785606675561755e-10
23600.056 1.0191262482737229e-09
23650.056 1.227028811395603e-09
23700.056 4.2039369740836536e-10
23750.056 5.512153859201066e-10
23800.056 1.197183327067842e-09
23850.056 9.197833048401448e-10
23900.056 1.3607871051327925e-09
23950.056 1.0430649567986176e-09
24000.056 1.5571594058890047e-09
24050.056 1.5024883939147672e-09
24100.056 1.5975270431993551e-09
24150.056 1.932300168391046e-09
24200.056 1.7955336043801635e-09
24250.056 1.804994434310015e-09
24300.056 2.3422433608291287e-09
24350.056 2.0299049343641255e-09
24400.056 2.8362780905800923e-09
24450.056 2.801545935910873e-09
24500.056 2.685421097737494e-09
24550.056 3.414471812370146e-09
24600.056 3.523453157119904e-09
24650.056 3.984313185086174e-09
24700.056 3.3306754359856212e-09
24750.056 3.5227069705509007e-09
24800.056 3.423227959508056e-09
24850.056 4.427975231975955e-09
24900.056 2.382956252883046e-09
24950.056 3.8902584344680454e-09
25000.056 3.746129766214047e-09
25050.056 2.1580099711547344e-09
25100.056 3.5507255692459423e-09
25150.056 2.0356236882368527e-09
25200.056 2.783689712844592e-09
25250.056 1.303125688170551e-09
25300.056 1.9905357726501266e-09
25350.056 9.206098946508539e-10
25400.056 2.165398298009081e-09
25450.056 9.231650484253983e-10
25500.056 8.774178292170446e-10
25550.056 1.8815767971165074e-09
25600.056 1.2782742309563054e-09
25650.056 5.449554749892907e-10
25700.056 8.787280859792701e-10
25750.056 2.879316649944218e-10
25800.056 1.2712604751629363e-09
25850.056 3.7075039606264346e-10
25900.056 6.38648530288291e-10
25950.056 1.7253971677122967e-10
26000.056 1.3640429347576573e-09
26050.056 2.7566133004535456e-10
26100.056 1.1924043786886906e-09
26150.056 6.111813477777364e-10
26200.056 7.059144408714832e-10
26250.056 2.9296897880194555e-09
26300.056 9.300858265353509e-10
26350.056 4.182662116993383e-09
26400.056 4.026090316817538e-09
26450.056 3.0362252211196615e-09
26500.056 5.156979373986815e-09
26550.056 1.2524908934251844e-09
26600.056 1.3845009838702223e-09
26650.056 3.4400553820886536e-10
26700.056 2.39465310053987e-10
26750.056 2.203661641293767e-10
26800.056 5.509748383633379e-10
26850.056 2.9241791586498026e-10
26900.056 1.1667335012570412e-09
26950.056 5.158393306002727e-10
27000.056 2.0192657495276026e-09
27050.056 2.220343190307418e-09
27100.056 5.361136635636953e-10
27150.056 3.0587179084436782e-09
27200.056 4.998076104709183e-10
27250.056 1.1955563208101834e-09
27300.056 6.131619200640669e-09
27350.056 2.3667104940913063e-09
27400.056 2.449101496707655e-10
27450.056 2.9173372059516676e-09
27500.056 3.776011604658346e-09
27550.056 7.049802284525435e-10
27600.056 1.846412906949089e-09
27650.056 5.641335248316537e-10
27700.056 4.807136631501199e-10
27750.056 2.394518544549313e-09
27800.056 9.286447771082281e-10
27850.056 1.2511519290588437e-09
27900.056 1.5895861812368613e-09
27950.056 3.3147125699295454e-09
28000.056 2.4486313788258543e-09
28050.056 5.112950280923974e-10
28100.056 3.338670361168777e-09
28150.056 2.0990827932826133e-09
28200.056 7.658549255600276e-10
28250.056 4.212772249605561e-09
28300.056 4.379585541065551e-09
28350.056 9.465039455164292e-10
28400.056 3.0669634897430198e-09
28450.056 5.085604769136727e-09
28500.056 3.0443859902369788e-09
28550.056 8.541146085820168e-10
28600.056 4.9984752114504466e-09
28650.056 3.1811541268788688e-09
28700.056 3.7242035522387585e-09
28750.056 7.417649381602594e-09
28800.056 4.189887447791483e-09
28850.056 6.315691720623137e-09
28900.056 3.2200749688646343e-09
