galfind/configs/Brown_Dwarf_templates/sonora_bobcat/m-0.5/3160g/sp_t800g3160nc_m-0.5_resample.dat
# %ECSV 1.0
# ---
# datatype:
# - {name: wav, unit: Angstrom, datatype: float64}
# - {name: flux_nu, unit: erg / (cm2 Hz s), datatype: float64}
# meta: {C/O: '1.00', Kzz: '1.0000E+05', Teff: '800.', Y: '0.28', '[Fe/H]': '-0.50', f_hole: '1.00', f_rain: '0.00', grav: '3160.'}
# schema: astropy-2.0
wav flux_nu
[from data line 993]
53650.056 9.560460750839915e-08
53700.056 8.838312608059393e-08
53750.056 8.438844925249171e-08
53800.056 9.607840481300485e-08
53850.056 1.46285542061981e-07
53900.056 1.4717536499000842e-07
53950.056 1.673025883860016e-07
54000.056 1.2457144797801822e-07
54050.056 1.3130504281299158e-07
54100.056 4.581778053379831e-08
54150.056 7.073339548641116e-08
54200.056 2.828439994579392e-08
54250.056 4.897140644700481e-08
54300.056 7.327536193680257e-08
54350.056 1.0320933689999308e-07
54400.056 1.030636243039871e-07
54450.056 1.0032215966352125e-07
54500.056 9.940051229900795e-08
54550.056 7.32388305979989e-08
54600.056 8.689971353599532e-08
54650.056 3.0975185886795804e-08
54700.056 9.615561899999608e-08
54750.056 9.138341114998542e-08
54800.056 5.7839328150309985e-08
54850.056 7.083779499610002e-08
54900.056 9.602983922100113e-08
54950.056 1.4412636113698224e-07
55000.056 6.728754496599497e-08
55050.056 8.18816643550028e-08
55100.056 1.0419466261701691e-07
55150.056 6.686279793177527e-08
55200.056 6.712942054959716e-08
55250.056 7.923489659741713e-08
55300.056 5.7532516138201294e-08
55350.056 9.503245053400437e-08
55400.056 9.016803959099682e-08
55450.056 7.191740092958441e-08
55500.056 3.278785528660467e-08
55550.056 4.853814512020262e-08
55600.056 6.884948991099824e-08
55650.056 5.115760877949522e-08
55700.056 6.403330834901152e-08
55750.056 5.6598824744991966e-08
55800.056 3.723358447860144e-08
55850.056 3.385996479189812e-08
55900.056 6.791518251559594e-08
55950.056 1.0979550909902039e-07
56000.056 5.209852378008397e-08
56050.056 5.7988697476006665e-08
56100.056 7.129289770580136e-08
56150.056 5.373967846640279e-08
56200.056 4.535295370948989e-08
56250.056 9.313172982101753e-08
56300.056 7.343724276673673e-08
56350.056 5.783151551301049e-08
56400.056 3.360864374639935e-08
56450.056 3.7284173881706675e-08
56500.056 6.451490916240237e-08
56550.056 2.9795996541219457e-08
56600.056 7.068108232800181e-08
56650.056 7.271131307900102e-08
56700.056 7.977197090100093e-08
56750.056 3.825844154879927e-08
56800.056 4.785771159200103e-08
56850.056 5.2856682803814354e-08
56900.056 3.947056050369002e-08
56950.056 7.675147241799758e-08
57000.056 8.442122154100833e-08
57050.056 5.8957355411984306e-08
57100.056 2.185081241879983e-08
57150.056 4.3877813488008835e-08
57200.056 3.338057859729858e-08
57250.056 4.510536438849456e-08
57300.056 5.2068862947606076e-08
57350.056 3.295542132160149e-08
57400.056 8.084002086600236e-08
57450.056 5.2160668889889605e-08
57500.056 4.4895580162620816e-08
57550.056 5.702831025500196e-08
57600.056 4.585405906449599e-08
57650.056 2.1464912391300395e-08
57700.056 3.5313486224700354e-08
57750.056 5.137571156950242e-08
57800.056 3.332829019738971e-08
57850.056 7.947800040501658e-08
57900.056 9.92268663210084e-08
57950.056 1.0078924892800468e-07
58000.056 4.950632278739265e-08
58050.056 7.197498429399548e-08
58100.056 6.338886664281051e-08
58150.056 5.995546392818033e-08
58200.056 2.2974401545000616e-08
58250.056 3.507286213019507e-08
58300.056 2.706335304580514e-08
58350.056 3.6577179707407875e-08
58400.056 5.891225014000354e-08
58450.056 7.470925683099623e-08
58500.056 7.939834385400626e-08
58550.056 6.460122289899541e-08
58600.056 3.791140963216828e-08
58650.056 4.9630289554291364e-08
58700.056 4.765340476238975e-08
58750.056 6.09646560410009e-08
58800.056 1.4253039549416246e-08
58850.056 3.7730048441604336e-08
58900.056 4.185592615280139e-08
58950.056 2.898209612469165e-08
59000.056 5.0727057990006964e-08
59050.056 5.4145107414481945e-08
59100.056 5.853644707689938e-08
59150.056 5.240528836859051e-08
59200.056 5.923294752999823e-08
59250.056 6.598851154801556e-08
59300.056 6.976016447399184e-08
59350.056 2.209255677459874e-08
59400.056 2.3576012952616414e-08
59450.056 6.167358770749374e-08
59500.056 3.485756673929105e-08
59550.056 6.033370510680418e-08
59600.056 8.287022402598962e-08
59650.056 4.903603913200292e-08
59700.056 3.825513264010701e-08
59750.056 1.0121946174199583e-07
59800.056 5.5445711213691003e-08
59850.056 6.408285015200105e-08
59900.056 3.373103127972511e-08
59950.056 5.294090941040058e-08
60000.056 9.97632448918261e-08
60050.056 1.0054345088600666e-07
60100.056 9.253005740398653e-08
60150.056 4.7739644066597994e-08
60200.056 5.78119753491861e-08
60250.056 8.568938316531405e-08
60300.056 8.623532105298939e-08
60350.056 5.2908783823002756e-08
60400.056 6.82182276739861e-08
60450.056 2.5500163463097968e-08
60500.056 1.5428765879274413e-08
60550.056 5.612648595901717e-08
60600.056 6.314729174899778e-08
60650.056 5.220236968319009e-08
60700.056 4.076584983049925e-08
60750.056 2.8395590462206282e-08
60800.056 6.478135954901226e-08
60850.056 8.939212920599554e-08
60900.056 7.259734658400621e-08
60950.056 5.975396220390949e-08
61000.056 8.233651989599781e-08
61050.056 4.173137631079596e-08
61100.056 4.694499198100409e-08
61150.056 2.2658539436072652e-08
61200.056 6.538365510401165e-08
61250.056 6.280883775699501e-08
61300.056 4.178057199230473e-08
61350.056 6.316051090869516e-08
61400.056 3.6728655005002415e-08
61450.056 3.029870743950707e-08
61500.056 2.694195745341011e-08
61550.056 4.235394057799187e-08
61600.056 3.1200671076239775e-08
61650.056 3.280025503311e-08
61700.056 4.27716991714016e-08
61750.056 4.450930269870404e-08
61800.056 5.1849975717594196e-08
61850.056 2.4127874271396204e-08
61900.056 7.401253093800718e-08
61950.056 6.067508878968598e-08
62000.056 4.6886415134996747e-08
62050.056 8.406567048101312e-08
62100.056 5.302359424287196e-08
62150.056 6.9600707594416e-08
62200.056 6.396920227799245e-08
62250.056 6.131731914278242e-08
62300.056 8.329286482799756e-08
62350.056 8.492209015300167e-08
62400.056 6.580102836000948e-08
62450.056 6.532984651098908e-08
62500.056 9.102692212801322e-08
62550.056 1.1143285062799288e-07
62600.056 7.528985620100318e-08
62650.056 6.906679568100457e-08
62700.056 6.237798636100595e-08
62750.056 9.54403677279828e-08
62800.056 7.441734869100117e-08
62850.056 7.624107741388722e-08
62900.056 8.696147915898599e-08
62950.056 1.2054323168998786e-07
63000.056 5.930401491300162e-08
63050.056 1.3945088374400793e-07
63100.056 1.4225510556599947e-07
63150.056 9.825552076199802e-08
63200.056 9.305258545499854e-08
63250.056 1.1586862359100338e-07
63300.056 6.725758610799761e-08
63350.056 9.052327413000236e-08
63400.056 4.8070479785793574e-08
63450.056 3.190159169260752e-08
63500.056 1.006235712030091e-07
63550.056 1.083720370469808e-07
63600.056 7.731879255980195e-08
63650.056 8.664059526500122e-08
63700.056 3.986186839619106e-08
63750.056 6.378647383488936e-08
63800.056 9.42218911321178e-08
63850.056 8.54926783929946e-08
63900.056 5.1458466101806286e-08
63950.056 6.375165047301772e-08
64000.056 8.788174945900006e-08
64050.056 4.329609850398735e-08
64100.056 2.0547890818001308e-08
64150.056 2.5679371245195564e-08
64200.056 2.8027058092006822e-08
64250.056 6.402635305300627e-08
64300.056 5.071874567998785e-08
64350.056 3.653240313141068e-08
64400.056 6.875305017199096e-08
64450.056 6.960277691521175e-08
64500.056 3.803498391319225e-08
64550.056 6.62893353900053e-08
64600.056 5.5210698899998004e-08
64650.056 7.303101942798802e-08
64700.056 2.7518034363194764e-08
64750.056 3.7768068447001236e-08
64800.056 3.1816320777405106e-08
64850.056 2.8254292975506137e-08
64900.056 2.9154575280394162e-08
64950.056 2.5503147128497493e-08
65000.056 3.31455412520085e-08
65050.056 5.952651238499798e-08
65100.056 5.148743816199783e-08
65150.056 5.027351554699853e-08
65200.056 2.6047604024697425e-08
65250.056 3.905853784829469e-08
65300.056 4.5765604701006565e-08
65350.056 8.30300733173996e-08
65400.056 4.200424586699851e-08
65450.056 4.066101312408969e-08
65500.056 5.4341144431004996e-08
65550.056 3.1977350157198656e-08
65600.056 5.75585197220031e-08
65650.056 4.3740393195506146e-08
65700.056 3.800141970200686e-08
65750.056 2.8503059795706267e-08
65800.056 4.436122000941233e-08
65850.056 6.815486353198763e-08
65900.056 2.673372274899885e-08
65950.056 2.689833603159971e-08
66000.056 3.254992123620773e-08
66050.056 6.724788072601883e-08
66100.056 4.098483105459833e-08
66150.056 3.9368769590705686e-08
66200.056 3.754955306129268e-08
66250.056 2.8683702794603787e-08
66300.056 2.2884161839603016e-08
66350.056 1.9262434270605265e-08
66400.056 2.939213937579952e-08
66450.056 5.6732838381004264e-08
66500.056 7.955215301001463e-08
66550.056 6.646669965098573e-08
66600.056 5.104918588500546e-08
66650.056 4.4643214854499404e-08
66700.056 3.981419538740509e-08
66750.056 5.709689544899574e-08
66800.056 4.642683616299592e-08
66850.056 3.30839210784091e-08
66900.056 6.86004851200116e-08
66950.056 7.089089646041833e-08
67000.056 1.0203887768900113e-07
67050.056 4.3443542952287016e-08
67100.056 4.022636955500326e-08
67150.056 4.018492749140143e-08
67200.056 6.488086009400212e-08
67250.056 5.376583701001034e-08
67300.056 6.68070436340064e-08
67350.056 4.4990347013712844e-08
67400.056 7.494846087698794e-08
67450.056 5.539162518699851e-08
67500.056 4.168471588340839e-08
67550.056 7.354022213501867e-08
67600.056 1.1819927468999704e-07
67650.056 8.194572593002743e-08
67700.056 5.851855313298326e-08
67750.056 4.616669285821012e-08
67800.056 5.644347180297813e-08
67850.056 3.791504660500097e-08
67900.056 4.845749131999351e-08
67950.056 4.124627392780521e-08
68000.056 6.961049513099033e-08
68050.056 5.0999812615994976e-08
68100.056 6.280531524001625e-08
68150.056 6.398330420899413e-08
68200.056 7.006651297101793e-08
68250.056 3.710058401699517e-08
68300.056 7.17208825620064e-08
68350.056 7.308388643198826e-08
68400.056 8.592654187800512e-08
68450.056 8.589862743301391e-08
68500.056 6.423977702098431e-08
68550.056 3.905489378600024e-08
68600.056 4.0269818611799885e-08
68650.056 2.4215290236700868e-08
68700.056 4.50746311540048e-08
68750.056 5.728686671900395e-08
68800.056 5.6241268592984877e-08
68850.056 4.218034204698683e-08
68900.056 1.0284615256900864e-07
68950.056 1.025693098400022e-07
69000.056 6.832287834500842e-08
69050.056 4.331541417689978e-08
69100.056 9.925924177300641e-08
69150.056 1.1198626812300946e-07
69200.056 7.417506572200334e-08
69250.056 1.0981698737599024e-07
69300.056 1.139807720470149e-07
69350.056 1.009736650199951e-07
69400.056 5.93285304029944e-08
69450.056 8.934617113298421e-08
69500.056 6.958784990099365e-08
69550.056 6.296419495599918e-08
69600.056 2.34405092060032e-08
69650.056 5.613991034801883e-08
69700.056 1.0173918681200127e-07
69750.056 6.265171864739422e-08
69800.056 8.759584961099155e-08
69850.056 9.734352755201654e-08
69900.056 7.700219100258146e-08
69950.056 7.457497824142512e-08
70000.056 6.357365564399576e-08
70050.056 1.0945767581501282e-07
70100.056 6.613287412800074e-08
70150.056 8.098160258400671e-08
70200.056 5.6004390868989135e-08
70250.056 6.746132855201191e-08
70300.056 9.028465769299282e-08
70350.056 8.754134651900246e-08
70400.056 5.981466876898934e-08
70450.056 2.4269019541206573e-08
70500.056 5.541673223900248e-08
70550.056 4.335515745299946e-08
70600.056 5.449079621050277e-08
70650.056 7.336542775799935e-08
70700.056 8.346945917802061e-08
70750.056 1.1851022959701011e-07
70800.056 7.294571448698269e-08
70850.056 6.289431572899841e-08
70900.056 8.320173149398777e-08
70950.056 8.635857926201667e-08
71000.056 8.322047625399419e-08
71050.056 8.757211144900153e-08
71100.056 7.15251704059992e-08
71150.056 5.712283041799392e-08
71200.056 6.332525350600959e-08
71250.056 7.968819671400079e-08
71300.056 9.327708217499185e-08
71350.056 1.0101435199901e-07
71400.056 8.442467227598904e-08
71450.056 4.5747340147996775e-08
71500.056 5.842126260198917e-08
71550.056 4.614656166429849e-08
71600.056 7.288614716899763e-08
71650.056 5.285876542400365e-08
71700.056 3.842158768939787e-08
71750.056 6.269884432301461e-08
71800.056 8.3248729919996e-08
71850.056 8.490618575299247e-08
71900.056 5.741465036699445e-08
71950.056 7.858740683997608e-08
72000.056 7.333519221700323e-08
72050.056 4.0050408518798425e-08
72100.056 4.9415434933799305e-08
72150.056 6.969010745598457e-08
72200.056 6.111167101600794e-08
72250.056 9.363318839700229e-08
72300.056 5.948415624330244e-08
72350.056 6.726477744698332e-08
72400.056 6.103127926700317e-08
72450.056 5.968326752496657e-08
72500.056 7.160603239500243e-08
72550.056 3.320969595501126e-08
72600.056 5.997875829400358e-08
72650.056 8.441735674601686e-08
72700.056 5.042990569738807e-08
72750.056 6.403053260599607e-08
72800.056 3.869289399530764e-08
72850.056 4.2240370322008944e-08
72900.056 8.651950802500875e-08
72950.056 5.459603009960378e-08
73000.056 5.152682926638699e-08
73050.056 3.900843374800066e-08
73100.056 5.4994970938010646e-08
73150.056 9.343079851599724e-08
73200.056 4.697860201988966e-08
73250.056 6.213762312899791e-08
73300.056 4.0420482888585924e-08
73350.056 3.11051521699932e-08
73400.056 5.577246413299877e-08
73450.056 3.860991686300167e-08
73500.056 3.974698884101162e-08
73550.056 5.4918031457001905e-08
73600.056 5.806274625898593e-08
73650.056 5.6547646536010156e-08
73700.056 4.881142782598347e-08
73750.056 3.196507171138482e-08
73800.056 4.527128164041215e-08
73850.056 6.184561358598947e-08
73900.056 4.188940613618575e-08
73950.056 5.127509567800332e-08
74000.056 3.0550624984393454e-08
74050.056 7.473523034501444e-08
74100.056 6.054318065997879e-08
74150.056 6.215627271899894e-08
74200.056 3.883562290599351e-08
74250.056 2.5229761166794408e-08
74300.056 5.4980411354004e-08
74350.056 7.325958376100361e-08
74400.056 6.11475187850059e-08
74450.056 4.248503023698453e-08
74500.056 3.150915973359197e-08
74550.056 4.570609676191216e-08
74600.056 3.7457641102199195e-08
74650.056 3.822369069550299e-08
74700.056 4.201704366840407e-08
74750.056 3.0162782285791835e-08
74800.056 3.42009672870026e-08
74850.056 6.691085188001216e-08
74900.056 7.91578370539866e-08
74950.056 6.581521505399583e-08
75000.056 5.720877879798994e-08
75050.056 2.5445391090805078e-08
75100.056 7.776328493302327e-08
75150.056 7.945257140900752e-08
75200.056 6.275771993898732e-08
75250.056 7.337841652798439e-08
75300.056 6.800056514799551e-08
75350.056 3.376640201100049e-08
75400.056 8.489045186200479e-08
75450.056 7.963188794201439e-08
75500.056 6.99410417829873e-08
75550.056 5.73542881600069e-08
75600.056 8.09037096840024e-08
75650.056 6.195422084901445e-08
75700.056 7.11302283389904e-08
75750.056 6.423462209302194e-08
75800.056 6.039919206798618e-08
75850.056 7.939614880201681e-08
75900.056 6.491289278898903e-08
75950.056 5.5316415916002076e-08
76000.056 7.793130187999088e-08
76050.056 6.403442565898185e-08
76100.056 6.923586439198902e-08
76150.056 7.088934877998681e-08
76200.056 6.86850823200269e-08
76250.056 6.687226283090074e-08
76300.056 1.0978669243600178e-07
76350.056 1.2611025971000967e-07
76400.056 8.854463757000151e-08
76450.056 8.331971939102055e-08
76500.056 8.011842571599947e-08
76550.056 3.953698398709523e-08
76600.056 1.7429595625906332e-08
76650.056 2.356488916399885e-08
76700.056 2.413028011239851e-08
76750.056 2.3425871645803988e-08
76800.056 3.613881603300629e-08
76850.056 2.99476336356133e-08
76900.056 3.8335270064987556e-08
76950.056 3.0518897995204256e-08
77000.056 4.51386159150008e-08
77050.056 2.7439311750795395e-08
77100.056 3.442891613070066e-08
77150.056 4.94033588720015e-08
77200.056 3.2708266200001396e-08
77250.056 3.9690379202001124e-08
77300.056 5.038879294299214e-08
77350.056 3.203412600428214e-08
77400.056 4.2574840935007686e-08
77450.056 5.389850054899711e-08
77500.056 4.804063643500206e-08
77550.056 4.457813901340121e-08
77600.056 3.9282878515904676e-08
77650.056 4.1204984461405196e-08
77700.056 5.272020409398404e-08
77750.056 5.3232847778014445e-08
77800.056 7.613870007100207e-08
77850.056 8.552770245499865e-08
77900.056 4.8873769970982164e-08
77950.056 3.9182429018908774e-08
78000.056 6.244313518899248e-08
78050.056 4.244669486100044e-08
78100.056 5.289943249201771e-08
78150.056 5.998585325101475e-08
78200.056 8.419176899299869e-08
78250.056 7.184223291999473e-08
78300.056 4.412124616599925e-08
78350.056 6.323197380801267e-08
78400.056 5.1318752520978836e-08
78450.056 6.200806062001037e-08
