galfind/configs/Brown_Dwarf_templates/sonora_bobcat/m-0.5/3160g/sp_t425g3160nc_m-0.5_resample.dat
# %ECSV 1.0
# ---
# datatype:
# - {name: wav, unit: Angstrom, datatype: float64}
# - {name: flux_nu, unit: erg / (cm2 Hz s), datatype: float64}
# meta: {C/O: '1.00', Kzz: '1.0000E+05', Teff: '425.', Y: '0.28', '[Fe/H]': '-0.50', f_hole: '1.00', f_rain: '0.00', grav: '3160.'}
# schema: astropy-2.0
wav flux_nu
4000.0559999999996 nan
4050.0559999999996 3.843667377600087e-18
4100.056 2.250730801010042e-16
4150.056 2.0413002593200226e-15
4200.056 4.746763261300037e-15
4250.056 2.289055835530022e-14
4300.056 5.775166463800027e-14
4350.056 1.1621999943300044e-13
4400.056 2.116802207500007e-13
4450.056 3.602690201900016e-13
4500.056 5.814448031300003e-13
4550.056 8.304853479100042e-13
4600.056 5.409217467299995e-13
4650.056 4.944304470699995e-13
4700.056 3.5310869054999844e-13
4750.056 1.5639342694599864e-13
4800.056 6.328803180999953e-14
4850.056 3.002362954599982e-14
4900.056 1.8486857129999926e-14
4950.056 1.2423079377499947e-14
5000.056 7.473818399799958e-15
5050.056 4.949777779199993e-15
5100.056 4.7528703995999996e-15
5150.056 4.715709617400001e-15
5200.056 4.911342965100002e-15
5250.056 5.148976841700002e-15
5300.056 5.393320547100003e-15
5350.056 5.708238316600004e-15
5400.056 6.110834848700005e-15
5450.056 6.551639425200005e-15
5500.056 7.018191226800006e-15
5550.056 7.477010315200006e-15
5600.056 7.922530034800007e-15
5650.056 8.321391817100004e-15
5700.056 8.550536579900001e-15
5750.056 8.338435617999995e-15
5800.056 7.541737396999982e-15
5850.056 5.378335657499943e-15
5900.056 1.8488810605500518e-15
5950.056 1.093082040480014e-14
6000.056 2.2361333457000178e-14
6050.056 3.885686627200027e-14
6100.056 6.194440040500038e-14
6150.056 9.425005676700053e-14
6200.056 1.4017624768000072e-13
6250.056 2.0389558288000107e-13
6300.056 2.9403946658000155e-13
6350.056 4.1899449992000217e-13
6400.056 5.90732037680003e-13
6450.056 8.011115244600029e-13
6500.056 1.1061132738900063e-12
6550.056 1.531988532200006e-12
6600.056 2.107603755500012e-12
6650.056 2.888046905100014e-12
6700.056 3.704098298000016e-12
6750.056 4.97742398080002e-12
6800.056 5.965236056400011e-12
6850.056 6.024864097799991e-12
6900.056 4.929287237399972e-12
6950.056 3.815636405599997e-12
7000.056 3.573351648299991e-12
7050.056 3.5978037740000033e-12
7100.056 3.895961426900003e-12
7150.056 3.6308407277999708e-12
7200.056 3.3529961033000267e-12
7250.056 3.4771894530999572e-12
7300.056 3.416367851400024e-12
7350.056 3.699785318700004e-12
7400.056 3.9960759859000035e-12
7450.056 4.32104361870001e-12
7500.056 4.524502842200001e-12
7550.056 4.5682800074e-12
7600.056 4.443856839099994e-12
7650.056 2.379705433989952e-12
7700.056 2.3487430777400456e-12
7750.056 4.992516276800046e-12
7800.056 6.773873837000045e-12
7850.056 9.504688470400043e-12
7900.056 1.2120431383000052e-11
7950.056 1.3617896310000069e-11
8000.056 1.9174836078000107e-11
8050.056 2.4141352889000106e-11
8100.056 2.6081736695999967e-11
8150.056 2.7210344126000374e-11
8200.056 4.049052603700036e-11
8250.056 4.7726943331000606e-11
8300.056 5.980464674400044e-11
8350.056 7.377136882200062e-11
8400.056 9.40935085990011e-11
8450.056 1.2154249129000107e-10
8500.056 1.4707729198000077e-10
8550.056 1.8284379312000206e-10
8600.056 2.3035115421000192e-10
8650.056 2.7859973107000205e-10
8700.056 3.2945037452000234e-10
8750.056 3.906825320700028e-10
8800.056 4.531020574100024e-10
8850.056 4.923427953199989e-10
8900.056 3.771822002099937e-10
8950.056 3.431846883600046e-10
9000.056 3.77994221520004e-10
9050.056 7.23867041830005e-10
9100.056 8.147489350000198e-10
9150.056 9.209075127399967e-10
9200.056 1.138979300710024e-09
9250.056 1.0337818153999568e-09
9300.056 9.757393097998938e-11
9350.056 1.476185384661018e-10
9400.056 7.031456761320139e-10
9450.056 3.6395527968639506e-10
9500.056 3.766185823264814e-10
9550.056 4.293911307740346e-10
9600.056 5.425627334059915e-10
9650.056 8.771418253800543e-10
9700.056 1.7001433767699845e-09
9750.056 2.0115460820000777e-09
9800.056 2.5231575415999977e-09
9850.056 3.172477042100012e-09
9900.056 4.03356273580006e-09
9950.056 4.571821709900036e-09
10000.056 2.904048435176449e-09
10050.056 1.7898935966999278e-09
10100.056 1.4001394192999924e-09
10150.056 1.1321782269799844e-09
10200.056 8.766206782999998e-10
10250.056 8.379048521200006e-10
10300.056 8.276114202999871e-10
10350.056 6.316709719200014e-10
10400.056 6.365618331299977e-10
10450.056 6.034458243399938e-10
10500.056 5.562962651999976e-10
10550.056 5.145315125799974e-10
10600.056 4.592683084399974e-10
10650.056 3.985844912599971e-10
10700.056 3.377686485299972e-10
10750.056 2.915009102199977e-10
10800.056 2.5573077360999913e-10
10850.056 2.2827123769999876e-10
10900.056 2.0406813576999838e-10
10950.056 1.7030397896999875e-10
11000.056 1.331188790959973e-10
11050.056 8.806374265599847e-11
11100.056 4.443113885939799e-11
11150.056 1.9413443783788706e-11
11200.056 1.4275936775475274e-11
11250.056 2.255757794594338e-11
11300.056 3.46974172309277e-11
11350.056 1.6046869690467375e-11
11400.056 5.6432490125123355e-11
11450.056 3.5969291574863944e-11
11500.056 3.581677066751526e-11
11550.056 2.1776376889914934e-11
11600.056 1.9115454370019618e-11
11650.056 4.2071522470002457e-11
11700.056 5.715322486899646e-11
11750.056 4.079246158740275e-11
11800.056 9.491556475300046e-11
11850.056 1.08473203021e-10
11900.056 1.1702699723600019e-10
11950.056 1.262685636200003e-10
12000.056 1.3678619549000097e-10
12050.056 1.5487758044000126e-10
12100.056 1.6971197911000162e-10
12150.056 1.9935953179000077e-10
12200.056 2.266944129500009e-10
12250.056 2.701399366400022e-10
12300.056 3.2888558494000373e-10
12350.056 3.781803496800034e-10
12400.056 4.543400822100041e-10
12450.056 5.55064684050006e-10
12500.056 6.495190844900002e-10
12550.056 6.962814540000077e-10
12600.056 8.625064078100105e-10
12650.056 1.0500789563100106e-09
12700.056 1.2034152231000045e-09
12750.056 1.2530037602000033e-09
12800.056 1.242473376399998e-09
12850.056 1.1642831297999953e-09
12900.056 1.1155074808299953e-09
12950.056 1.1133171233300081e-09
13000.056 1.1932125219200152e-09
13050.056 1.1001063729199988e-09
13100.056 1.2306556544199768e-09
13150.056 1.0534530065300291e-09
13200.056 1.1001330806999843e-09
13250.056 1.0241264027999896e-09
13300.056 5.371222284479442e-10
13350.056 2.8353814324839686e-10
13400.056 3.987798636791942e-11
13450.056 6.156555716907341e-12
13500.056 1.225578920496995e-12
13550.056 2.52653894801222e-13
13600.056 9.205764129939056e-14
13650.056 6.322580621325102e-13
13700.056 4.106911485490236e-13
13750.056 2.6229498778158203e-12
13800.056 2.8301741895098823e-12
13850.056 4.980431650531041e-13
13900.056 1.205403048162179e-12
13950.056 1.1236953854259326e-12
14000.056 2.9513328217473074e-12
14050.056 2.8999446105530573e-12
14100.056 2.5086606645200642e-12
14150.056 6.28854777049015e-12
14200.056 4.914687739440454e-12
14250.056 7.253594169609668e-12
14300.056 2.1963299697211157e-11
14350.056 2.7050858543400035e-11
14400.056 2.646109670597334e-11
14450.056 5.74176850880195e-11
14500.056 1.3094351590093543e-10
14550.056 2.0172191146939217e-10
14600.056 3.583833745804982e-10
14650.056 1.864142569196073e-10
14700.056 8.842373418779454e-11
14750.056 8.10151940219036e-11
14800.056 6.556919607023959e-11
14850.056 7.948889534470167e-11
14900.056 7.351507893659841e-11
14950.056 8.15013502644013e-11
15000.056 1.768755564711099e-10
15050.056 2.274026137410008e-10
15100.056 1.3034015294608844e-10
15150.056 7.782106990788422e-11
15200.056 1.7650498239009101e-10
15250.056 2.7065899690302505e-10
15300.056 3.591468331089873e-10
15350.056 4.2065571805001816e-10
15400.056 5.251674293900114e-10
15450.056 6.187589112800247e-10
15500.056 8.158780033800013e-10
15550.056 1.0340753262600293e-09
15600.056 1.3466602223399946e-09
15650.056 1.7038632478000436e-09
15700.056 2.0214630523000074e-09
15750.056 2.166387074200008e-09
15800.056 2.2884676431000023e-09
15850.056 2.37339705720001e-09
15900.056 2.3505186734999934e-09
15950.056 2.3253940110999945e-09
16000.056 2.1648947362999843e-09
16050.056 1.897417625599976e-09
16100.056 1.5309987576999865e-09
16150.056 1.1250823751399585e-09
16200.056 6.899596646699887e-10
16250.056 4.6040464431800054e-10
16300.056 3.0461816171697316e-10
16350.056 2.6710033745181403e-10
16400.056 2.7155669259412766e-10
16450.056 2.8977419766878864e-10
16500.056 3.0113082960284706e-10
16550.056 3.31318571047363e-10
16600.056 4.933491299020057e-10
16650.056 2.2757779283330547e-10
16700.056 1.3680990260801265e-10
16750.056 2.953057236409995e-10
16800.056 3.1038986560980915e-10
16850.056 2.723301866588725e-10
16900.056 2.148990212540117e-10
16950.056 1.7263241346499332e-10
17000.056 1.3484365295300992e-10
17050.056 1.7351313114600532e-10
17100.056 2.1354807771999674e-10
17150.056 1.8369006876501104e-10
17200.056 2.7877926044199543e-10
17250.056 1.790622321249847e-10
17300.056 1.6056792196799852e-10
17350.056 1.7176429485599655e-10
17400.056 1.9486429700100219e-10
17450.056 2.0157366902700052e-10
17500.056 2.2363223583000423e-10
17550.056 1.9006750901899168e-10
17600.056 1.8156038971000386e-10
17650.056 1.470693070689979e-10
17700.056 1.2942018014699923e-10
17750.056 1.0216246343400103e-10
17800.056 1.0975620650500352e-10
17850.056 6.642086275909168e-11
17900.056 5.7358625631295614e-11
17950.056 3.409914242646936e-11
18000.056 4.181948597500706e-11
18050.056 1.9883935107562082e-11
18100.056 2.0293049045223506e-11
18150.056 1.4435283753548896e-11
18200.056 9.266541035314459e-12
18250.056 2.5721241409342438e-11
18300.056 5.770859739012851e-12
18350.056 5.612549873344684e-12
18400.056 2.981372371543369e-12
18450.056 1.6560122754401632e-11
18500.056 1.3468346433465833e-11
18550.056 6.169404676941955e-12
18600.056 1.1158241931702222e-11
18650.056 8.215815583205682e-12
18700.056 1.0036814821215294e-12
18750.056 2.727925536109168e-12
18800.056 2.3311582927312933e-11
18850.056 1.9990152413870052e-11
18900.056 2.03110373337165e-11
18950.056 2.6346263098276808e-11
19000.056 6.223403275985455e-12
19050.056 3.403853583402016e-12
19100.056 1.0826187506295513e-11
19150.056 5.186600057971393e-12
19200.056 9.709750162647531e-12
19250.056 8.241389024955407e-12
19300.056 5.389133896114251e-12
19350.056 6.633005641647811e-12
19400.056 4.4538716067175665e-12
19450.056 5.922880942680238e-12
19500.056 7.182851984203954e-12
19550.056 7.2419070966743185e-12
19600.056 1.1498705384626239e-11
19650.056 1.2036508366511777e-11
19700.056 1.4743697196156205e-11
19750.056 1.733722980011926e-11
19800.056 1.1669297718360675e-11
19850.056 1.66160188002516e-11
19900.056 2.07926292893484e-11
19950.056 1.7599519952419056e-11
20000.056 1.9959348724210662e-11
20050.056 1.9083265905702856e-11
20100.056 2.2517629352817523e-11
20150.056 1.7683454069539356e-11
20200.056 1.6516148934602265e-11
20250.056 2.1770829024101183e-11
20300.056 2.2430677122299927e-11
20350.056 2.2908931505999084e-11
20400.056 2.3995681243000198e-11
20450.056 2.6290805319000827e-11
20500.056 2.6081216817000045e-11
20550.056 2.5623917374999717e-11
20600.056 2.502286057700021e-11
20650.056 2.429371528299972e-11
20700.056 2.3400685934999844e-11
20750.056 2.2275682651999903e-11
20800.056 2.1066547423999856e-11
20850.056 2.0248971389999925e-11
20900.056 1.9312354322999936e-11
20950.056 1.845138137399994e-11
21000.056 1.7781780984999955e-11
21050.056 1.747904873399997e-11
21100.056 1.7280944175999984e-11
21150.056 1.7414408856000037e-11
21200.056 1.7726775490000048e-11
21250.056 1.8238516416999993e-11
21300.056 1.878489472300011e-11
21350.056 1.9369255938999892e-11
21400.056 2.0582426098000307e-11
21450.056 2.067505684000021e-11
21500.056 2.085083482709999e-11
21550.056 2.1413541771599868e-11
21600.056 2.1114502158699896e-11
21650.056 2.1241683718699793e-11
21700.056 2.2233436785999216e-11
21750.056 2.1374405161101276e-11
21800.056 1.951078272680002e-11
21850.056 1.8999450428200304e-11
21900.056 1.7022607458500697e-11
21950.056 1.279950503028872e-11
22000.056 3.6277485289292506e-12
22050.056 5.735624898890554e-12
22100.056 9.412627006280647e-12
22150.056 7.349568072685677e-12
22200.056 7.438896284762286e-12
22250.056 6.664418116207465e-12
22300.056 4.22492323464587e-12
22350.056 5.757130506393788e-12
22400.056 3.794066290885613e-12
22450.056 4.15126413459883e-12
22500.056 3.680181503310198e-12
22550.056 2.446550546138511e-12
22600.056 2.1186337566828467e-12
22650.056 2.2784216083741944e-12
22700.056 2.545813381963109e-12
22750.056 3.0595874069748245e-12
22800.056 4.19451939444182e-12
22850.056 2.7339620281132164e-12
22900.056 2.754453720295276e-12
22950.056 2.1531079132638127e-12
23000.056 2.107118096839564e-12
23050.056 2.2241162080491514e-12
23100.056 7.402441262035478e-12
23150.056 5.617914737156406e-12
23200.056 1.138278464911799e-12
23250.056 3.8835171123332475e-12
23300.056 2.8063253175075474e-12
23350.056 3.2930455297851193e-12
23400.056 2.1074081809668572e-12
23450.056 1.7654885002624928e-12
23500.056 1.5960058659818035e-12
23550.056 2.9134875198032303e-12
23600.056 4.827376586065446e-12
23650.056 6.142094083640528e-12
23700.056 1.3511844444926818e-12
23750.056 2.2601491130536764e-12
23800.056 6.92415541418496e-12
23850.056 4.080630687115635e-12
23900.056 6.585942707580652e-12
23950.056 4.290206718564822e-12
24000.056 8.012831235999751e-12
24050.056 7.957928716010913e-12
24100.056 1.0037301686590827e-11
24150.056 1.2820567448280037e-11
24200.056 1.268947201820061e-11
24250.056 1.2711243281400171e-11
24300.056 1.8467866065801146e-11
24350.056 1.6376225110368775e-11
24400.056 2.5928041926901198e-11
24450.056 2.6965607036619863e-11
24500.056 2.693721803763021e-11
24550.056 3.861011621070099e-11
24600.056 4.5195660452999e-11
24650.056 5.0781217647901625e-11
24700.056 4.805736075371355e-11
24750.056 5.8170086443703644e-11
24800.056 5.956459000100054e-11
24850.056 6.745722103554347e-11
24900.056 4.8186329149703274e-11
24950.056 6.569583718853608e-11
25000.056 8.104041819499925e-11
25050.056 4.323751440256138e-11
25100.056 7.100760583569164e-11
25150.056 3.800804842047376e-11
25200.056 5.792584345889809e-11
25250.056 2.4343402915659033e-11
25300.056 2.952579268076026e-11
25350.056 1.2099348112411894e-11
25400.056 3.417331286451216e-11
25450.056 1.0006461980183758e-11
25500.056 7.92567380594185e-12
25550.056 3.250068793226011e-11
25600.056 1.468276981336735e-11
25650.056 4.7851857958843905e-12
25700.056 3.7407512860723235e-12
25750.056 8.724132620710636e-13
25800.056 6.3454629349573005e-12
25850.056 9.074267358961713e-13
25900.056 1.942069709390948e-12
25950.056 1.884894548208085e-13
26000.056 5.482963034358056e-12
26050.056 3.1151896097727184e-13
26100.056 3.0552058721537494e-12
26150.056 8.776319001909808e-13
26200.056 1.375428403809705e-12
26250.056 1.3793354877249927e-11
26300.056 1.3412896213507883e-12
26350.056 4.111378430681872e-11
26400.056 6.479902922641448e-11
26450.056 2.3582021710094994e-11
26500.056 7.289955309805042e-11
26550.056 5.791791768847929e-12
26600.056 4.4399650617384115e-12
26650.056 4.626810237640756e-13
26700.056 2.527677787613844e-13
26750.056 4.743901080442029e-13
26800.056 2.858485918058264e-12
26850.056 1.325353147799123e-12
26900.056 8.969503690712444e-12
26950.056 2.465771407936412e-12
27000.056 1.6999128686055574e-11
27050.056 2.941332766231356e-11
27100.056 1.0635900959659623e-12
27150.056 2.6369468396645423e-11
27200.056 8.426569765087357e-13
27250.056 4.836714431455747e-12
27300.056 8.828981559139647e-11
27350.056 1.5346161967917617e-11
27400.056 5.053274470213158e-13
27450.056 2.4699592189994074e-11
27500.056 3.955435398218796e-11
27550.056 3.1539967670353516e-12
27600.056 1.4440768851902739e-11
27650.056 2.2563454539971637e-12
27700.056 2.575742495201915e-12
27750.056 2.595855561754455e-11
27800.056 7.32247914865184e-12
27850.056 1.5663677356459766e-11
27900.056 2.6360943079873815e-11
27950.056 5.515772186266911e-11
28000.056 4.964178334488482e-11
28050.056 4.412445466760927e-12
28100.056 8.569026433413521e-11
28150.056 5.107533285216544e-11
28200.056 9.936095257237543e-12
28250.056 1.368745816688534e-10
28300.056 1.3737859218071426e-10
28350.056 1.3578189615021968e-11
28400.056 8.605478552884592e-11
28450.056 1.7867367004707513e-10
28500.056 7.771054672112815e-11
28550.056 1.9183810388912847e-11
28600.056 1.4953713106243493e-10
28650.056 6.915646158134866e-11
28700.056 1.3277790994970176e-10
28750.056 3.4700758102331087e-10
28800.056 1.0956830417897017e-10
