galfind/configs/Brown_Dwarf_templates/sonora_bobcat/m-0.5/3160g/sp_t2200g3160nc_m-0.5_resample.dat
# %ECSV 1.0
# ---
# datatype:
# - {name: wav, unit: Angstrom, datatype: float64}
# - {name: flux_nu, unit: erg / (cm2 Hz s), datatype: float64}
# meta: {C/O: '1.00', Kzz: '1.0000E+05', Teff: '2200.', Y: '0.28', '[Fe/H]': '-0.50', f_hole: '1.00', f_rain: '0.00', grav: '3160.'}
# schema: astropy-2.0
wav flux_nu
[from data line 500]
29000.056 2.390168943959605e-06
29050.056 2.5446046791001615e-06
29100.056 2.0065555545001902e-06
29150.056 2.7632433171999493e-06
29200.056 2.2632259728800854e-06
29250.056 2.4174563351898796e-06
29300.056 2.0517087945997693e-06
29350.056 2.940741389199906e-06
29400.056 2.4316222931299247e-06
29450.056 2.337596736029933e-06
29500.056 2.4263736960799396e-06
29550.056 2.4620475538300655e-06
29600.056 2.6858333072597545e-06
29650.056 2.365746655780019e-06
29700.056 2.42334464148001e-06
29750.056 2.6912015021802527e-06
29800.056 2.7237603931597338e-06
29850.056 2.4736644851097797e-06
29900.056 2.4293316225506255e-06
29950.056 2.945770029399763e-06
30000.056 2.743615412969675e-06
30050.056 2.5518551411001005e-06
30100.056 2.2988056154695786e-06
30150.056 3.2169080706000567e-06
30200.056 2.806025568000137e-06
30250.056 2.784889140300239e-06
30300.056 2.5824996328998948e-06
30350.056 2.8575129949803484e-06
30400.056 3.2356539862002114e-06
30450.056 2.5758416869303037e-06
30500.056 2.5151618992401017e-06
30550.056 3.097058345400129e-06
30600.056 2.9498260800200898e-06
30650.056 3.0372465107000904e-06
30700.056 2.730975416599825e-06
30750.056 2.8242780697498763e-06
30800.056 3.347889401820379e-06
30850.056 2.912007928099879e-06
30900.056 2.657086229899932e-06
30950.056 2.67110220830004e-06
31000.056 3.1938346739000688e-06
31050.056 3.1642874898000702e-06
31100.056 2.8379669172000628e-06
31150.056 2.9419373179996186e-06
31200.056 2.8909815103997915e-06
31250.056 3.3089581389002503e-06
31300.056 2.925650252299788e-06
31350.056 2.915668924940027e-06
31400.056 2.9660359203003874e-06
31450.056 3.0244525036999535e-06
31500.056 3.0062133951999376e-06
31550.056 2.9326398358999474e-06
31600.056 2.9409410559999673e-06
31650.056 3.112019049599788e-06
31700.056 3.030282838199942e-06
31750.056 2.9040420347001277e-06
31800.056 3.16025800539998e-06
31850.056 3.227450708900226e-06
31900.056 3.393297364699893e-06
31950.056 2.921035343400127e-06
32000.056 2.953464897299816e-06
32050.056 3.2557762675003604e-06
32100.056 3.397773275899668e-06
32150.056 3.484851631399898e-06
32200.056 3.2720648636999085e-06
32250.056 3.3571913475000864e-06
32300.056 3.298786082499976e-06
32350.056 3.7351626260005e-06
32400.056 3.3147595403000138e-06
32450.056 3.4721792018000144e-06
32500.056 3.6245729320002046e-06
32550.056 3.961631160399923e-06
32600.056 3.8027702504998355e-06
32650.056 3.814365489100222e-06
32700.056 3.7846481102002614e-06
32750.056 3.759284596399925e-06
32800.056 3.522692685100351e-06
32850.056 4.023622510299807e-06
32900.056 4.016454635900114e-06
32950.056 3.7716273086998737e-06
33000.056 3.902993467100114e-06
33050.056 3.8029233710996816e-06
33100.056 3.694526303099768e-06
33150.056 3.2334724781002103e-06
33200.056 2.839471422699687e-06
33250.056 2.8430419282996356e-06
33300.056 2.813578577100486e-06
33350.056 2.8597354013999807e-06
33400.056 2.78341063259985e-06
33450.056 2.897933254799815e-06
33500.056 3.381270698700052e-06
33550.056 3.300737450499937e-06
33600.056 3.519497038200215e-06
33650.056 3.8091316311003875e-06
33700.056 3.860498100099793e-06
33750.056 4.008604359399927e-06
33800.056 3.7568660848999752e-06
33850.056 4.039062513800172e-06
33900.056 4.311680557499722e-06
33950.056 3.9951291246998435e-06
34000.056 4.079802515299702e-06
34050.056 4.079484875299693e-06
34100.056 4.044454815000338e-06
34150.056 3.968419082799528e-06
34200.056 4.020970193899777e-06
34250.056 4.31043596839983e-06
34300.056 3.886731851299447e-06
34350.056 4.058906931000013e-06
34400.056 4.046555656200064e-06
34450.056 3.7569682056001753e-06
34500.056 4.395376032600213e-06
34550.056 3.9592314854999755e-06
34600.056 4.1140728171999854e-06
34650.056 4.149319646000118e-06
34700.056 4.261002315799713e-06
34750.056 4.426825868900203e-06
34800.056 4.123667711099954e-06
34850.056 4.106538768299933e-06
34900.056 4.120037971499993e-06
34950.056 4.1963243577997635e-06
35000.056 4.110842883200063e-06
35050.056 4.564227947300362e-06
35100.056 4.27450570159991e-06
35150.056 4.361373955399914e-06
35200.056 4.288119668100049e-06
35250.056 4.352746010300158e-06
35300.056 4.35568867290004e-06
35350.056 4.478165662199995e-06
35400.056 4.263082847999951e-06
35450.056 4.2330067355001665e-06
35500.056 4.610433902499991e-06
35550.056 4.489978569799924e-06
35600.056 4.289963681199782e-06
35650.056 4.6739983846001945e-06
35700.056 4.3694314937000455e-06
35750.056 4.412759534199772e-06
35800.056 4.714044114099912e-06
35850.056 4.533870151600163e-06
35900.056 4.831974646699952e-06
35950.056 4.584949940399835e-06
36000.056 4.503600930199943e-06
36050.056 4.822968690700161e-06
36100.056 4.868673621399579e-06
36150.056 4.470431227100283e-06
36200.056 4.849620778299878e-06
36250.056 4.660001151999901e-06
36300.056 4.98311637510008e-06
36350.056 4.7336384957997535e-06
36400.056 4.821754797900061e-06
36450.056 5.096700321799857e-06
36500.056 4.811130892300066e-06
36550.056 4.848512653800311e-06
36600.056 4.767300803600043e-06
36650.056 4.922053575000029e-06
36700.056 5.123872938599921e-06
36750.056 4.7603041833000746e-06
36800.056 4.949143583899954e-06
36850.056 5.099305178500064e-06
36900.056 5.0008817584001265e-06
36950.056 4.981224301699935e-06
37000.056 5.057644871799931e-06
37050.056 5.1315424297998934e-06
37100.056 5.040861567400156e-06
37150.056 5.0876614453997625e-06
37200.056 5.110740148699965e-06
37250.056 5.155011466899962e-06
37300.056 5.195082307100159e-06
37350.056 4.994722080500217e-06
37400.056 5.115899172199987e-06
37450.056 5.003928854800064e-06
37500.056 5.2261920366999156e-06
37550.056 5.134625192499796e-06
37600.056 5.244731394499944e-06
37650.056 5.110953097699969e-06
37700.056 5.226672655399953e-06
37750.056 5.182365149599978e-06
37800.056 5.235268548599933e-06
37850.056 5.20364950849998e-06
37900.056 5.197686912100135e-06
37950.056 5.2130790955000546e-06
38000.056 5.247210642000076e-06
38050.056 5.209499554800089e-06
38100.056 5.104906337000087e-06
38150.056 5.269074160499988e-06
38200.056 5.250310592999958e-06
38250.056 5.1085336637001194e-06
38300.056 5.080648515199995e-06
38350.056 5.163519479899999e-06
38400.056 5.2161378457999505e-06
38450.056 5.280373809600028e-06
38500.056 5.14833727869997e-06
38550.056 5.197373920700096e-06
38600.056 5.364345330399984e-06
38650.056 5.134382565499983e-06
38700.056 5.113668062600171e-06
38750.056 5.2354359262000005e-06
38800.056 5.177247904000147e-06
38850.056 5.200861887899977e-06
38900.056 5.057803128199944e-06
38950.056 5.2061746348000145e-06
39000.056 5.1638855703000375e-06
39050.056 5.190075375799972e-06
39100.056 5.0408024880000565e-06
39150.056 5.12138319290004e-06
39200.056 5.156302358200011e-06
39250.056 5.12402307819987e-06
39300.056 5.124278782199891e-06
39350.056 5.090963168400122e-06
39400.056 5.088548859200037e-06
39450.056 5.118057520999974e-06
39500.056 5.015519798099949e-06
39550.056 4.968706997399786e-06
39600.056 5.144291456899976e-06
39650.056 4.9378719986000534e-06
39700.056 4.967293981499994e-06
39750.056 5.00720090569989e-06
39800.056 4.808161931800096e-06
39850.056 4.9802816414999445e-06
39900.056 4.843917891799926e-06
39950.056 4.957530793799943e-06
40000.056 4.720741349999922e-06
40050.056 4.680994184399985e-06
40100.056 4.821855043899957e-06
40150.056 4.653380602399765e-06
40200.056 4.7619496940999534e-06
40250.056 4.538941268099532e-06
40300.056 4.605749409800189e-06
40350.056 4.639746163400037e-06
40400.056 4.605681513200048e-06
40450.056 4.484691216700034e-06
40500.056 4.313047021300158e-06
40550.056 4.645547563899843e-06
40600.056 4.1970065995000956e-06
40650.056 4.508521582100074e-06
40700.056 4.601793246699997e-06
40750.056 4.2351293991994415e-06
40800.056 4.256639726099907e-06
40850.056 4.050052145900368e-06
40900.056 4.1544022791001116e-06
40950.056 4.21296599239996e-06
41000.056 4.264597669099967e-06
41050.056 4.240340199899671e-06
41100.056 4.037512081799904e-06
41150.056 4.275570786599984e-06
41200.056 4.111471546100056e-06
41250.056 4.148998653300088e-06
41300.056 3.7756472835997717e-06
41350.056 4.119196651300049e-06
41400.056 3.934701284000157e-06
41450.056 4.015819430700109e-06
41500.056 4.086148764800109e-06
41550.056 3.941257684500066e-06
41600.056 3.922942894700092e-06
41650.056 3.870760199100145e-06
41700.056 3.7491330349999237e-06
41750.056 3.928354367099876e-06
41800.056 4.0320636762999274e-06
41850.056 3.4976662498001982e-06
41900.056 3.912680109499898e-06
41950.056 3.983245715500079e-06
42000.056 3.928333431800241e-06
42050.056 3.6662554310997917e-06
42100.056 3.958989961300096e-06
42150.056 3.4385162954999363e-06
42200.056 3.5067624732000473e-06
42250.056 3.98532306160007e-06
42300.056 3.715115823900024e-06
42350.056 3.925346983400277e-06
42400.056 3.6918264042000616e-06
42450.056 3.3908637318001106e-06
42500.056 3.463826152600028e-06
42550.056 3.497055224100064e-06
42600.056 3.5682903894000397e-06
42650.056 3.72787461359977e-06
42700.056 3.6730738031999955e-06
42750.056 3.3836022887000705e-06
42800.056 3.628093951900122e-06
42850.056 3.7109764557997642e-06
42900.056 3.744294846600162e-06
42950.056 3.2678433647994573e-06
43000.056 3.518623123100017e-06
43050.056 3.095393553100681e-06
43100.056 3.297210037099949e-06
43150.056 3.2237607917002702e-06
43200.056 3.037375069899909e-06
43250.056 3.1896918083003596e-06
43300.056 3.1355478474001133e-06
43350.056 2.827798939599724e-06
43400.056 2.856247213399999e-06
43450.056 2.811825007000078e-06
43500.056 2.7618547977997617e-06
43550.056 2.6817276469999175e-06
43600.056 2.8439673519002042e-06
43650.056 2.4782489704399504e-06
43700.056 2.6315524760000744e-06
43750.056 2.6278541041000306e-06
43800.056 2.3890758310999294e-06
43850.056 2.4058932221002314e-06
43900.056 2.4750756094199587e-06
43950.056 2.310347093119922e-06
44000.056 2.160215413799978e-06
44050.056 2.129267273300016e-06
44100.056 2.2257024506002253e-06
44150.056 2.2924594286000177e-06
44200.056 2.0916877106800937e-06
44250.056 2.142107621799971e-06
44300.056 2.061513507300095e-06
44350.056 1.921833717820144e-06
44400.056 2.0420134105799574e-06
44450.056 2.0741022499400623e-06
44500.056 1.967690697470111e-06
44550.056 1.8417214169797754e-06
44600.056 1.8388808052101883e-06
44650.056 1.9928779396599646e-06
44700.056 1.8998002886200552e-06
44750.056 1.893233960179852e-06
44800.056 1.8568952961599656e-06
44850.056 1.8468906668901688e-06
44900.056 1.792152535080082e-06
44950.056 1.7258541857400692e-06
45000.056 1.8224705954000036e-06
45050.056 1.810270802799897e-06
45100.056 1.8711578846000675e-06
45150.056 1.7081185806200127e-06
45200.056 1.5959697564399773e-06
45250.056 1.6772556510699075e-06
45300.056 1.8467855863900344e-06
45350.056 1.8508593493998952e-06
45400.056 1.717606123740154e-06
45450.056 1.657367949009849e-06
45500.056 1.7368212045198708e-06
45550.056 1.82410629934005e-06
45600.056 1.6893904066499729e-06
45650.056 1.593032903839825e-06
45700.056 1.7763388609000699e-06
45750.056 1.6333697265800731e-06
45800.056 1.6082412262199151e-06
45850.056 1.9012886180999722e-06
45900.056 1.8175100875599784e-06
45950.056 1.653741159839976e-06
46000.056 1.9246220775199733e-06
46050.056 1.9763668406903922e-06
46100.056 1.6023176392900986e-06
46150.056 1.73576494786985e-06
46200.056 1.8157501229102982e-06
46250.056 1.5614509353800283e-06
46300.056 1.959779334570035e-06
46350.056 1.771474830589905e-06
46400.056 1.7657743408798781e-06
46450.056 1.814573803220133e-06
46500.056 1.69485341863987e-06
46550.056 1.9996139161400382e-06
46600.056 1.890464104560113e-06
46650.056 2.2401424820397916e-06
46700.056 2.2451198325406864e-06
46750.056 1.8053343683100927e-06
46800.056 1.9048267935001582e-06
46850.056 2.0187822348701868e-06
46900.056 1.8669552834197967e-06
46950.056 2.2049922594700305e-06
47000.056 1.8242803813400358e-06
47050.056 2.1154865666998962e-06
47100.056 1.684116692600076e-06
47150.056 1.956840172860027e-06
47200.056 2.0188043620603405e-06
47250.056 1.868074071649868e-06
47300.056 2.0195730025998033e-06
47350.056 1.6475924200799262e-06
47400.056 2.0080477338698485e-06
47450.056 1.8011198251199691e-06
47500.056 1.987939955839843e-06
47550.056 1.7863434134999284e-06
47600.056 2.0223850476998842e-06
47650.056 1.6098587245698395e-06
47700.056 2.044454735439958e-06
47750.056 1.5273058708602673e-06
47800.056 2.011564815999944e-06
47850.056 1.5349704299299597e-06
47900.056 2.000589837499986e-06
47950.056 1.609708731300183e-06
48000.056 2.167500690699947e-06
48050.056 1.688019208910147e-06
48100.056 1.9480591087999455e-06
48150.056 1.682072108760186e-06
48200.056 2.0035352718001015e-06
48250.056 1.6882335188201232e-06
48300.056 2.1323243388998644e-06
48350.056 1.5589721255097663e-06
48400.056 1.921029845009964e-06
48450.056 1.579493881500026e-06
48500.056 2.1721454921000128e-06
48550.056 1.5056643802999513e-06
48600.056 2.120263811099884e-06
48650.056 1.544830093529974e-06
48700.056 2.119131670700071e-06
48750.056 1.418479663270041e-06
48800.056 2.1039537896401e-06
48850.056 1.5045127861097795e-06
48900.056 2.0810386156001564e-06
48950.056 1.7288905240799449e-06
49000.056 1.7971568258200277e-06
49050.056 1.924882163099936e-06
49100.056 1.7346914525400494e-06
49150.056 1.8135282937799123e-06
49200.056 1.6841434779899147e-06
49250.056 1.8032509817500099e-06
49300.056 1.615619145359854e-06
49350.056 1.7808726211999507e-06
49400.056 1.959326794920009e-06
49450.056 1.6920577107702646e-06
49500.056 1.780559971000046e-06
49550.056 1.6006727085898385e-06
49600.056 1.7153351994201963e-06
49650.056 1.8058145521999012e-06
49700.056 1.5756707331699265e-06
49750.056 2.307426883999911e-06
49800.056 1.6638535960600005e-06
49850.056 2.105307133520128e-06
49900.056 1.7444252539799856e-06
49950.056 1.7859394546999034e-06
50000.056 1.8140364208596483e-06
50050.056 1.7226580298301092e-06
50100.056 2.007969406399917e-06
50150.056 1.6482595561500237e-06
50200.056 1.6270801589601176e-06
50250.056 1.8246459672800338e-06
50300.056 1.6313630544199572e-06
50350.056 2.0574072237599737e-06
50400.056 1.6931515508398367e-06
50450.056 1.7285127422001949e-06
50500.056 2.1294940106001235e-06
50550.056 1.7416989160800074e-06
50600.056 1.890834598999941e-06
50650.056 1.7587731887801558e-06
50700.056 2.028402646439948e-06
50750.056 2.1562831846601084e-06
50800.056 1.5129543645198275e-06
50850.056 1.8779402909400845e-06
50900.056 1.957241643999882e-06
50950.056 1.8843775638503073e-06
51000.056 2.2572297579001627e-06
51050.056 1.7900183476000491e-06
51100.056 1.774891476349923e-06
51150.056 1.9807536472799836e-06
51200.056 1.7884248955200608e-06
51250.056 2.018682918350044e-06
51300.056 1.6419544599202829e-06
51350.056 1.9611892880999597e-06
51400.056 1.8898073438998272e-06
51450.056 1.4519686507098035e-06
51500.056 1.8796352957901329e-06
51550.056 2.2861873844000806e-06
51600.056 1.5392790223900317e-06
51650.056 1.927155378799845e-06
51700.056 1.8365871752896036e-06
51750.056 1.7008205128500403e-06
51800.056 2.1058351770997325e-06
51850.056 1.8988929337998175e-06
51900.056 2.0951674345001485e-06
51950.056 1.9602158756998885e-06
52000.056 1.6126857556699577e-06
52050.056 1.921260825569948e-06
52100.056 1.8254682704999214e-06
52150.056 1.808416226680046e-06
52200.056 1.75169369487005e-06
52250.056 1.8207750862299591e-06
52300.056 2.020907496399982e-06
52350.056 2.060304775220097e-06
52400.056 1.6095949555301505e-06
52450.056 1.7907577638000697e-06
52500.056 2.061056663279783e-06
52550.056 1.9004259730997777e-06
52600.056 1.9499860498400293e-06
52650.056 2.1179643054001603e-06
52700.056 1.7641062944400886e-06
52750.056 1.6535473710699288e-06
52800.056 1.7243619267001093e-06
52850.056 1.7025042885499127e-06
52900.056 1.926300536379958e-06
52950.056 1.7871742814999335e-06
53000.056 2.0287004164299806e-06
53050.056 1.822108029409719e-06
53100.056 1.8246945435999173e-06
53150.056 2.162489554400166e-06
53200.056 1.522043631040071e-06
53250.056 1.983303036000043e-06
53300.056 2.051878745500347e-06
53350.056 2.0308911989998326e-06
53400.056 1.9291983238000654e-06
53450.056 1.7916212788500353e-06
53500.056 1.4910624488498597e-06
53550.056 1.8853556384800203e-06
53600.056 2.0091368709802e-06
