galfind/configs/Brown_Dwarf_templates/sonora_bobcat/m-0.5/3160g/sp_t2000g3160nc_m-0.5_resample.dat
# %ECSV 1.0
# ---
# datatype:
# - {name: wav, unit: Angstrom, datatype: float64}
# - {name: flux_nu, unit: erg / (cm2 Hz s), datatype: float64}
# meta: {C/O: '1.00', Kzz: '1.0000E+05', Teff: '2000.', Y: '0.28', '[Fe/H]': '-0.50', f_hole: '1.00', f_rain: '0.00', grav: '3160.'}
# schema: astropy-2.0
wav flux_nu
4000.0559999999996 nan
4050.0559999999996 7.526946242263711e-09
4100.056 1.954867510772839e-08
4150.056 1.8846092842831063e-08
4200.056 1.6472881739202837e-08
4250.056 1.3948902158372134e-08
4300.056 1.0162246765202556e-08
4350.056 8.310787359990778e-09
4400.056 8.216481122201514e-09
4450.056 4.283078151360363e-09
4500.056 3.655641273040527e-09
4550.056 4.993391987198553e-09
4600.056 3.6473352355993613e-09
4650.056 2.700743456799487e-09
4700.056 3.7248887803001908e-09
4750.056 4.401633542009732e-09
4800.056 1.7426092441901355e-09
4850.056 2.4262060950301997e-09
4900.056 4.840609950999523e-09
4950.056 4.957925441489842e-09
5000.056 1.6120051475097918e-09
5050.056 1.4882231868100464e-09
5100.056 1.3108080633401365e-09
5150.056 8.319104732821178e-10
5200.056 9.568385512799833e-10
5250.056 1.5182103441400286e-09
5300.056 1.532338078999992e-09
5350.056 1.3752910267000117e-09
5400.056 1.1924974474900052e-09
5450.056 9.334326504699976e-10
5500.056 7.261753625399986e-10
5550.056 6.123830487699941e-10
5600.056 4.838538453099982e-10
5650.056 3.645592269099983e-10
5700.056 2.538318261399985e-10
5750.056 1.628138105299988e-10
5800.056 9.172217621499914e-11
5850.056 3.728670779329929e-11
5900.056 5.622350786380281e-12
5950.056 7.891332933600156e-11
6000.056 2.4607684399000353e-10
6050.056 5.90193458070006e-10
6100.056 1.1820199825300146e-09
6150.056 2.143450955400013e-09
6200.056 3.3807789292000166e-09
6250.056 5.133772481500041e-09
6300.056 7.841144515700047e-09
6350.056 1.0938703222500164e-08
6400.056 1.4554851631000024e-08
6450.056 1.8863499071999394e-08
6500.056 2.39113643399993e-08
6550.056 3.059293658099981e-08
6600.056 3.523916682999962e-08
6650.056 3.450732691000141e-08
6700.056 1.9185584887231993e-08
6750.056 3.396561381000056e-08
6800.056 4.193685240900235e-08
6850.056 5.192711164400137e-08
6900.056 6.36721929550002e-08
6950.056 7.376316237300258e-08
7000.056 8.982014873000027e-08
7050.056 7.801126274100092e-08
7100.056 4.893807887600077e-08
7150.056 4.673778855700026e-08
7200.056 6.026790473599972e-08
7250.056 7.682453757100377e-08
7300.056 9.654825616700333e-08
7350.056 1.1101926972799998e-07
7400.056 1.0637940360000076e-07
7450.056 9.168593267799898e-08
7500.056 7.451834786499946e-08
7550.056 5.7281386971999754e-08
7600.056 3.339410093599933e-08
7650.056 4.546338122044754e-09
7700.056 1.8609095503800494e-09
7750.056 1.8595168041800513e-08
7800.056 4.355125761731308e-08
7850.056 8.575325061100147e-08
7900.056 1.1983042814600124e-07
7950.056 1.3239265387290318e-07
8000.056 2.099090407899995e-07
8050.056 2.8602400689999897e-07
8100.056 3.680324286400016e-07
8150.056 4.5106879887000137e-07
8200.056 3.4811985372999694e-07
8250.056 5.323991831600052e-07
8300.056 5.452499081400086e-07
8350.056 6.159248170200038e-07
8400.056 6.567604690300006e-07
8450.056 4.76916286539992e-07
8500.056 4.323560904944453e-07
8550.056 5.872960805000294e-07
8600.056 7.302839764499728e-07
8650.056 8.193556995599753e-07
8700.056 6.675863953899328e-07
8750.056 6.684734671900231e-07
8800.056 8.79650201570023e-07
8850.056 8.648186559199381e-07
8900.056 7.232159101800097e-07
8950.056 8.002672120791467e-07
9000.056 1.052855289030036e-06
9050.056 9.357378354600267e-07
9100.056 1.1736974150199905e-06
9150.056 1.3695380996800059e-06
9200.056 1.4629017309200297e-06
9250.056 1.3049803912100704e-06
9300.056 1.1925606916699485e-06
9350.056 1.3144620627800482e-06
9400.056 1.4348990026900106e-06
9450.056 1.6907798427800031e-06
9500.056 1.9749412340300093e-06
9550.056 2.08282463190005e-06
9600.056 2.276009319400024e-06
9650.056 2.49896098240003e-06
9700.056 2.7788813147999616e-06
9750.056 2.503721496499951e-06
9800.056 2.5942427988999743e-06
9850.056 2.477561427900026e-06
9900.056 1.453523894549887e-06
9950.056 7.964124099700125e-07
10000.056 7.750005289299948e-07
10050.056 9.181781303700025e-07
10100.056 1.1306771468800534e-06
10150.056 1.073306020989956e-06
10200.056 1.175146919729993e-06
10250.056 1.2492302146199919e-06
10300.056 1.1258583373099823e-06
10350.056 1.383786564040113e-06
10400.056 1.6208753221999142e-06
10450.056 1.686226968580025e-06
10500.056 1.726099417529966e-06
10550.056 1.9294697396800704e-06
10600.056 2.1081825560400094e-06
10650.056 2.1215965974701566e-06
10700.056 2.1920622918800395e-06
10750.056 2.39382847603007e-06
10800.056 2.607335261579977e-06
10850.056 2.9741140104999208e-06
10900.056 3.1541410953999585e-06
10950.056 3.3219819083999894e-06
11000.056 3.187308331799934e-06
11050.056 2.835086505400084e-06
11100.056 3.0489876772300474e-06
11150.056 3.3204199535899808e-06
11200.056 3.333637026900171e-06
11250.056 4.0064832299500505e-06
11300.056 3.802999158399982e-06
11350.056 3.5346354479997805e-06
11400.056 2.4682990444000254e-06
11450.056 3.869359780700008e-06
11500.056 4.763730527599894e-06
11550.056 4.575160523299969e-06
11600.056 4.882980771199756e-06
11650.056 4.4020347807000625e-06
11700.056 2.806175477489995e-06
11750.056 3.0898412301897425e-06
11800.056 3.2113769430702192e-06
11850.056 4.9427172423001535e-06
11900.056 5.6733598835998425e-06
11950.056 4.626072181699969e-06
12000.056 3.7307561082000657e-06
12050.056 4.639334973600014e-06
12100.056 4.5311495789999366e-06
12150.056 5.345673112499925e-06
12200.056 5.0746709742997445e-06
12250.056 5.5674495064000215e-06
12300.056 5.6650831884001026e-06
12350.056 5.3211692365998965e-06
12400.056 4.327913112599946e-06
12450.056 3.831307741100038e-06
12500.056 3.945052530699868e-06
12550.056 4.1305795993002165e-06
12600.056 5.309537743000006e-06
12650.056 5.420834256799897e-06
12700.056 6.069334629600241e-06
12750.056 5.909604974099832e-06
12800.056 6.184546891300194e-06
12850.056 5.976966633599902e-06
12900.056 5.583112630299959e-06
12950.056 5.735503081600006e-06
13000.056 6.069587423799959e-06
13050.056 6.43352261139997e-06
13100.056 6.533089324400031e-06
13150.056 6.684070271199959e-06
13200.056 6.449076695400043e-06
13250.056 6.079619729500023e-06
13300.056 5.525200061919702e-06
13350.056 3.450247251650042e-06
13400.056 2.947422104603256e-06
13450.056 2.7023488060159045e-06
13500.056 2.408166158406836e-06
13550.056 2.3438086103983486e-06
13600.056 2.4079050489951667e-06
13650.056 3.099561468822992e-06
13700.056 2.9419908347102595e-06
13750.056 3.242788665309776e-06
13800.056 3.572337802774018e-06
13850.056 3.2127235741789407e-06
13900.056 2.9975100897339915e-06
13950.056 2.8093807324881075e-06
14000.056 2.691732287560005e-06
14050.056 2.9611635577690504e-06
14100.056 2.4909906024301046e-06
14150.056 2.694302437264104e-06
14200.056 2.4668829601471775e-06
14250.056 2.377914699484711e-06
14300.056 2.5919168536528512e-06
14350.056 2.6507753175140285e-06
14400.056 2.70829984054991e-06
14450.056 2.8567182052870925e-06
14500.056 3.1660014437499406e-06
14550.056 3.146092610899918e-06
14600.056 3.6352983217602547e-06
14650.056 3.50636785700944e-06
14700.056 3.247343191599918e-06
14750.056 3.5317579862702277e-06
14800.056 3.6235733065401964e-06
14850.056 3.898093514859749e-06
14900.056 3.827031676249885e-06
14950.056 3.898192911000227e-06
15000.056 4.063161203599981e-06
15050.056 4.4409605497998094e-06
15100.056 4.370445260100042e-06
15150.056 4.454083628600098e-06
15200.056 4.672822668899885e-06
15250.056 4.7997973371000585e-06
15300.056 4.950170974699991e-06
15350.056 5.156239039799958e-06
15400.056 5.2522306231999854e-06
15450.056 5.396127769200111e-06
15500.056 5.458530561200086e-06
15550.056 5.625191796799827e-06
15600.056 5.652691460600094e-06
15650.056 5.753733115100076e-06
15700.056 5.944433401400133e-06
15750.056 6.047056540399937e-06
15800.056 6.0040054774000315e-06
15850.056 4.835188918700024e-06
15900.056 4.971397308299989e-06
15950.056 4.887407739699906e-06
16000.056 5.0220631318000454e-06
16050.056 5.036432835400043e-06
16100.056 5.110666785800041e-06
16150.056 4.716104711799984e-06
16200.056 4.98434547729997e-06
16250.056 4.6584955292999985e-06
16300.056 4.709463051900031e-06
16350.056 4.934307522299982e-06
16400.056 4.844603927800013e-06
16450.056 4.993275932500116e-06
16500.056 5.0428327565000536e-06
16550.056 5.189484603299957e-06
16600.056 4.898231894600035e-06
16650.056 5.1500138125999724e-06
16700.056 4.91357808919994e-06
16750.056 4.841873341799982e-06
16800.056 4.988351640399967e-06
16850.056 5.04233628659991e-06
16900.056 4.91373959250003e-06
16950.056 4.876843112499993e-06
17000.056 4.962664153300117e-06
17050.056 4.951924815699975e-06
17100.056 4.849953293100121e-06
17150.056 4.802323475000062e-06
17200.056 4.600392806500009e-06
17250.056 4.367991756299994e-06
17300.056 4.310491176599951e-06
17350.056 4.282266889600102e-06
17400.056 4.044012453359889e-06
17450.056 3.950576313849475e-06
17500.056 3.798270101530333e-06
17550.056 3.616338065700247e-06
17600.056 3.5384321405600522e-06
17650.056 3.4773940864303e-06
17700.056 3.0603406374697413e-06
17750.056 2.9940054426498294e-06
17800.056 2.9315463406005025e-06
17850.056 2.5987556966898107e-06
17900.056 2.7816078672001526e-06
17950.056 2.6236287442099353e-06
18000.056 2.4793448967500747e-06
18050.056 2.4619796773379926e-06
18100.056 2.4425480295618043e-06
18150.056 2.614020353510345e-06
18200.056 2.1934349207970462e-06
18250.056 2.741395645520856e-06
18300.056 2.503721477580947e-06
18350.056 2.493540686209088e-06
18400.056 2.4232414313561977e-06
18450.056 2.2465427283604413e-06
18500.056 2.2753718058599993e-06
18550.056 2.0611494564898657e-06
18600.056 1.8399165934937907e-06
18650.056 2.0490596741502912e-06
18700.056 2.189172451983129e-06
18750.056 2.1559507670813368e-06
18800.056 2.4133845154702294e-06
18850.056 2.6533115200199226e-06
18900.056 2.5293130490295973e-06
18950.056 2.818362899589939e-06
19000.056 2.777349381699719e-06
19050.056 2.6316491489599152e-06
19100.056 2.912980699150107e-06
19150.056 2.808928254307981e-06
19200.056 2.8123734815161546e-06
19250.056 2.645139960239986e-06
19300.056 2.7439718685097816e-06
19350.056 2.643403387113736e-06
19400.056 2.1952358233498693e-06
19450.056 2.624587675339905e-06
19500.056 2.6195053740700546e-06
19550.056 2.2342105171301823e-06
19600.056 2.4198238471499154e-06
19650.056 2.5586003238695796e-06
19700.056 2.4821648295301075e-06
19750.056 2.306677556180074e-06
19800.056 2.4996087994498215e-06
19850.056 2.6682007164498683e-06
19900.056 2.303780135820188e-06
19950.056 2.675175847259922e-06
20000.056 2.462839352840246e-06
20050.056 2.7537922239900596e-06
20100.056 2.5946074806393965e-06
20150.056 2.7690577548302707e-06
20200.056 2.8432130098499965e-06
20250.056 2.900087795889878e-06
20300.056 2.8853124491401893e-06
20350.056 3.048773745809847e-06
20400.056 3.0605610130596336e-06
20450.056 3.1020202047496963e-06
20500.056 3.1965280443497716e-06
20550.056 3.2001246727000365e-06
20600.056 3.3453715057000084e-06
20650.056 3.288209945500009e-06
20700.056 3.3991274954000525e-06
20750.056 3.3875891061999845e-06
20800.056 3.483082570799919e-06
20850.056 3.42875034899996e-06
20900.056 3.5404830060999514e-06
20950.056 3.5353415472999787e-06
21000.056 3.5560428211000195e-06
21050.056 3.5813912173999875e-06
21100.056 3.5704535067999947e-06
21150.056 3.6189177417999664e-06
21200.056 3.6074454266000286e-06
21250.056 3.64001669279995e-06
21300.056 3.578927927500034e-06
21350.056 3.6338970858000023e-06
21400.056 3.581749656400033e-06
21450.056 3.639556504499998e-06
21500.056 3.5768126193000135e-06
21550.056 3.5811124368999883e-06
21600.056 3.576135198500025e-06
21650.056 3.5454397030999902e-06
21700.056 3.55478238260001e-06
21750.056 3.502531769200006e-06
21800.056 3.4827727710999515e-06
21850.056 3.4513971286999692e-06
21900.056 3.442823423800033e-06
21950.056 3.3741041500000026e-06
22000.056 3.328900278199985e-06
22050.056 3.2532786579999565e-06
22100.056 3.2580053751000275e-06
22150.056 3.2695902379000153e-06
22200.056 3.2249078005000715e-06
22250.056 3.2671390447000492e-06
22300.056 3.2303642355999975e-06
22350.056 3.1831514582000516e-06
22400.056 3.171474876099968e-06
22450.056 3.1203178317000003e-06
22500.056 3.124490794200026e-06
22550.056 3.096865664499944e-06
22600.056 3.0974242236000268e-06
22650.056 3.037382349200082e-06
22700.056 3.0040088093000687e-06
22750.056 3.0369329403999945e-06
22800.056 2.9665489642999797e-06
22850.056 2.961173715700038e-06
22900.056 2.9456612444999676e-06
22950.056 2.5707888191000894e-06
23000.056 2.580566649470068e-06
23050.056 2.6541593872097547e-06
23100.056 2.6094067692999897e-06
23150.056 2.6879837327599844e-06
23200.056 2.5809038750700826e-06
23250.056 2.4604329754398562e-06
23300.056 2.438088920460058e-06
23350.056 2.4743811841499713e-06
23400.056 2.4829966484800533e-06
23450.056 2.498841862150138e-06
23500.056 2.580218632089954e-06
23550.056 2.5312323061701453e-06
23600.056 2.5026479975601763e-06
23650.056 2.5904500702198507e-06
23700.056 2.502534886259944e-06
23750.056 2.5315762419101057e-06
23800.056 2.4811033214799678e-06
23850.056 2.3719929817000263e-06
23900.056 2.466421888810147e-06
23950.056 2.5753853093001435e-06
24000.056 2.5306384525897104e-06
24050.056 2.4986108552101897e-06
24100.056 2.4157372931499774e-06
24150.056 2.3795195451502115e-06
24200.056 2.371416891329792e-06
24250.056 2.328279567310089e-06
24300.056 2.326473976340139e-06
24350.056 2.137422759970008e-06
24400.056 2.3369928509199522e-06
24450.056 2.127333371419981e-06
24500.056 2.0834647033400854e-06
24550.056 2.0022011621102556e-06
24600.056 2.029538486380013e-06
24650.056 2.202129152920101e-06
24700.056 1.8540345946199498e-06
24750.056 1.755174803100057e-06
24800.056 1.8111752083099583e-06
24850.056 2.0524147751202884e-06
24900.056 1.5313574822603036e-06
24950.056 1.9398820665400384e-06
25000.056 1.792054828490229e-06
25050.056 1.4277847334702275e-06
25100.056 1.7519208249698956e-06
25150.056 1.525368065699903e-06
25200.056 1.6253665292901572e-06
25250.056 1.4679667912898226e-06
25300.056 1.6389173667100766e-06
25350.056 1.3735718798900104e-06
25400.056 1.6065417257702404e-06
25450.056 1.3826600452899444e-06
25500.056 1.4870715662501738e-06
25550.056 1.4499259403200427e-06
25600.056 1.4936412667148314e-06
25650.056 1.3088767590179113e-06
25700.056 1.7402928885596951e-06
25750.056 1.2496826428011327e-06
25800.056 1.6979872669701797e-06
25850.056 1.4552876194188903e-06
25900.056 1.6593199026402452e-06
25950.056 1.378223722640169e-06
26000.056 1.7363605062302927e-06
26050.056 1.6730215740599685e-06
26100.056 1.8488221400401517e-06
26150.056 1.7743064185598685e-06
26200.056 1.7058411553420331e-06
26250.056 1.8862834535699548e-06
26300.056 1.7799271301699784e-06
26350.056 1.9890309973199883e-06
26400.056 1.965199995909904e-06
26450.056 1.932743987789912e-06
26500.056 2.0587928295097015e-06
26550.056 1.8765914738499502e-06
26600.056 2.2137620642498797e-06
26650.056 1.721167373729865e-06
26700.056 1.7339123465000621e-06
26750.056 1.4103575804595414e-06
26800.056 1.6215312981198756e-06
26850.056 1.2412174987001454e-06
26900.056 1.6932452698598565e-06
26950.056 1.1881976269498655e-06
27000.056 1.6286544386300516e-06
27050.056 1.3866371835498958e-06
27100.056 1.4065788720697606e-06
27150.056 1.4997466780200765e-06
27200.056 1.4794678174200466e-06
27250.056 1.381705643710217e-06
27300.056 1.7562278572201512e-06
27350.056 1.5976815017797498e-06
27400.056 1.2760929725498956e-06
27450.056 1.878878304079814e-06
27500.056 1.703212213100017e-06
27550.056 1.4513985425198739e-06
27600.056 1.8687536677399423e-06
27650.056 1.4206808592599901e-06
27700.056 1.3277057359499663e-06
27750.056 1.8740907841897744e-06
27800.056 1.3939358571099343e-06
27850.056 1.4526171175398321e-06
27900.056 1.5562684075199079e-06
27950.056 1.8774182001099368e-06
28000.056 1.630353425900148e-06
28050.056 1.2203130137602579e-06
28100.056 1.9370794162902552e-06
28150.056 1.5003620360700126e-06
28200.056 1.2477482439899737e-06
28250.056 1.7360451261599082e-06
28300.056 1.9473365875802995e-06
28350.056 1.3261853795397913e-06
28400.056 1.6451511138901174e-06
28450.056 1.7850473203298943e-06
28500.056 1.6665861466698385e-06
28550.056 1.1237412516498208e-06
28600.056 1.966841175300084e-06
28650.056 1.7090896524700527e-06
28700.056 1.5014863102399088e-06
28750.056 1.780798446079987e-06
