galfind/configs/Brown_Dwarf_templates/sonora_bobcat/m-0.5/3160g/sp_t275g3160nc_m-0.5_resample.dat
# %ECSV 1.0
# ---
# datatype:
# - {name: wav, unit: Angstrom, datatype: float64}
# - {name: flux_nu, unit: erg / (cm2 Hz s), datatype: float64}
# meta: {C/O: '1.00', Kzz: '1.0000E+05', Teff: '275.', Y: '0.28', '[Fe/H]': '-0.50', f_hole: '1.00', f_rain: '0.00', grav: '3160.'}
# schema: astropy-2.0
wav flux_nu
4000.0559999999996 nan
4050.0559999999996 9.864238780100077e-19
4100.056 8.375422528800108e-18
4150.056 3.8600458789000314e-17
4200.056 1.153477798680007e-16
4250.056 2.1883415100000087e-16
4300.056 4.0853362325000156e-16
4350.056 6.939274318100024e-16
4400.056 1.1217750189200038e-15
4450.056 1.7306493011000061e-15
4500.056 2.5814471136000077e-15
4550.056 3.5816806675000005e-15
4600.056 3.717873892000008e-15
4650.056 4.487080306000006e-15
4700.056 5.2527762100000055e-15
4750.056 5.6117496491000026e-15
4800.056 5.644009753999998e-15
4850.056 5.225342424499995e-15
4900.056 4.8545918159999975e-15
4950.056 4.403852102399994e-15
5000.056 3.4241365448999885e-15
5050.056 2.642968381799998e-15
5100.056 2.775562938800002e-15
5150.056 3.045321413600004e-15
5200.056 3.334113022900003e-15
5250.056 3.576793257700003e-15
5300.056 3.825004452900003e-15
5350.056 4.100379402100003e-15
5400.056 4.367361534100004e-15
5450.056 4.729278252100005e-15
5500.056 5.1374758955000045e-15
5550.056 5.526467667500005e-15
5600.056 5.865468916700004e-15
5650.056 6.158247022100003e-15
5700.056 6.274637824200001e-15
5750.056 6.225813096499997e-15
5800.056 5.7460324247999894e-15
5850.056 4.281691479599961e-15
5900.056 1.572234167054038e-15
5950.056 8.174618622600095e-15
6000.056 1.6356581788000138e-14
6050.056 2.86972985510002e-14
6100.056 4.6658165428000305e-14
6150.056 7.199399753500041e-14
6200.056 1.0685720260100053e-13
6250.056 1.5232424695000073e-13
6300.056 2.1805349980000116e-13
6350.056 3.0863900047000157e-13
6400.056 4.284258223700021e-13
6450.056 5.561967517400015e-13
6500.056 7.467642379400042e-13
6550.056 1.0175926835200038e-12
6600.056 1.3836016293000071e-12
6650.056 1.8763542622000087e-12
6700.056 2.485127591200005e-12
6750.056 3.0900268134000106e-12
6800.056 3.6127914537000048e-12
6850.056 3.509414545599992e-12
6900.056 2.7110901995999794e-12
6950.056 2.016580622400004e-12
7000.056 2.029883437099994e-12
7050.056 2.075150738500004e-12
7100.056 2.2389677286e-12
7150.056 1.7755792124899742e-12
7200.056 1.3910736804800172e-12
7250.056 1.5295763917999825e-12
7300.056 1.5158867096000066e-12
7350.056 1.8563124528000068e-12
7400.056 2.214719980400004e-12
7450.056 2.5889090283000067e-12
7500.056 2.831066561400002e-12
7550.056 2.9078187129e-12
7600.056 2.8518050281999964e-12
7650.056 1.6847981735799753e-12
7700.056 1.621027544680018e-12
7750.056 3.058849032000026e-12
7800.056 4.265307601900026e-12
7850.056 5.318332354600018e-12
7900.056 6.577485987500033e-12
7950.056 8.001785059300023e-12
8000.056 9.921208340500055e-12
8050.056 1.228943173200004e-11
8100.056 1.1485150605599935e-11
8150.056 9.128185676700152e-12
8200.056 1.578664039100003e-11
8250.056 1.8113256937500416e-11
8300.056 2.2692380749000014e-11
8350.056 2.7392810069000252e-11
8400.056 3.6915886714000537e-11
8450.056 4.980529843900054e-11
8500.056 6.28253387840004e-11
8550.056 7.758460837600079e-11
8600.056 9.506868559300075e-11
8650.056 1.120394191000006e-10
8700.056 1.242063358800005e-10
8750.056 1.370534885100005e-10
8800.056 1.418547314999999e-10
8850.056 1.2205907905799752e-10
8900.056 4.427463263399741e-11
8950.056 2.5367061796000455e-11
9000.056 2.0349328776700826e-11
9050.056 7.914026124500084e-11
9100.056 8.215323461900194e-11
9150.056 8.907069244899955e-11
9200.056 1.1728398504000264e-10
9250.056 7.051585936889462e-11
9300.056 9.084794629328106e-13
9350.056 4.2453608460012943e-13
9400.056 1.1485144861770243e-11
9450.056 1.8446908532048705e-12
9500.056 2.4464114821899015e-12
9550.056 3.033756190920191e-12
9600.056 5.5652733888000045e-12
9650.056 1.7532407179201616e-11
9700.056 6.539871688800129e-11
9750.056 9.004273930600265e-11
9800.056 1.3019664055800048e-10
9850.056 1.87297195650003e-10
9900.056 2.6580275902000376e-10
9950.056 3.0420793511000244e-10
10000.056 1.7398472466959016e-10
10050.056 1.8325011503798063e-11
10100.056 9.106826645999872e-12
10150.056 5.921662717599841e-12
10200.056 3.338423898899939e-12
10250.056 2.5425774808999877e-12
10300.056 2.3637822285999497e-12
10350.056 1.4528565731999968e-12
10400.056 1.4535554893999926e-12
10450.056 1.253005776699982e-12
10500.056 1.03421062882999e-12
10550.056 8.4451629906999e-13
10600.056 6.446918660199916e-13
10650.056 4.673687288399924e-13
10700.056 3.2537157480999403e-13
10750.056 2.3154344708999614e-13
10800.056 1.7479085999999836e-13
10850.056 1.3894789564999845e-13
10900.056 1.1141216820199847e-13
10950.056 8.396271544099893e-14
11000.056 6.038341537399884e-14
11050.056 3.863115132399914e-14
11100.056 1.8060086009099098e-14
11150.056 5.6279277289994305e-15
11200.056 1.9930796755519933e-15
11250.056 2.333240467047063e-15
11300.056 5.286179622216115e-15
11350.056 2.6191529407948107e-15
11400.056 1.0388469398000375e-14
11450.056 6.283779725529344e-15
11500.056 6.351650389880004e-15
11550.056 5.025145743170258e-15
11600.056 4.2581689389999655e-15
11650.056 1.0520040557200706e-14
11700.056 1.8481962560298805e-14
11750.056 1.7028749146401457e-14
11800.056 3.6935482298000024e-14
11850.056 3.9692458418000044e-14
11900.056 4.441799772500009e-14
11950.056 4.677374398800002e-14
12000.056 4.697789680300021e-14
12050.056 5.575702463500059e-14
12100.056 6.87610744850013e-14
12150.056 9.500668483200119e-14
12200.056 1.2690652762000147e-13
12250.056 1.7214172141000304e-13
12300.056 2.2140058900000246e-13
12350.056 2.652854945100036e-13
12400.056 3.587671142900067e-13
12450.056 5.28014243040012e-13
12500.056 7.549433169000063e-13
12550.056 9.401045430300207e-13
12600.056 1.4430420665000343e-12
12650.056 2.155411794700046e-12
12700.056 2.8881893381000307e-12
12750.056 3.352140086200025e-12
12800.056 3.614174159200003e-12
12850.056 3.478796138199981e-12
12900.056 3.2580707618999965e-12
12950.056 3.384064625900023e-12
13000.056 3.887873676300061e-12
13050.056 3.824493900600011e-12
13100.056 4.909162174499991e-12
13150.056 4.389343658600079e-12
13200.056 4.593573444699954e-12
13250.056 5.1193694319999734e-12
13300.056 2.3540573883977667e-12
13350.056 1.6864528988499762e-12
13400.056 3.1793298670097765e-13
13450.056 2.3014550501373605e-14
13500.056 1.1031705010192849e-15
13550.056 4.9139142580487733e-17
13600.056 6.796965260887663e-18
13650.056 4.522683351395202e-17
13700.056 1.8142105348781304e-17
13750.056 5.398472619974875e-16
13800.056 4.730370050229722e-16
13850.056 8.555072393993431e-17
13900.056 5.108116125696843e-16
13950.056 2.7384786796235433e-16
14000.056 1.3778997480668033e-15
14050.056 1.3876515335024011e-15
14100.056 1.7908297968525724e-15
14150.056 8.347644299407693e-15
14200.056 9.555259289379429e-15
14250.056 1.9681813487490483e-14
14300.056 4.228882402660855e-14
14350.056 8.754528709782198e-14
14400.056 9.323949790895822e-14
14450.056 2.2626878622810635e-13
14500.056 7.606468885658322e-13
14550.056 2.124020489580008e-12
14600.056 3.474239652040012e-12
14650.056 1.2036030090199508e-12
14700.056 4.4576055303562393e-13
14750.056 3.4972563875670467e-13
14800.056 1.800080608580005e-13
14850.056 2.3559323541599934e-13
14900.056 1.6386801634499625e-13
14950.056 1.2523151709300035e-13
15000.056 4.051707933868223e-13
15050.056 7.596952370610219e-13
15100.056 2.987217474793568e-13
15150.056 1.3350152089137444e-13
15200.056 4.795680939829823e-13
15250.056 9.237373422301127e-13
15300.056 1.6076404747799452e-12
15350.056 2.0786778457901113e-12
15400.056 2.9948504271000437e-12
15450.056 4.297319329300222e-12
15500.056 7.2477104069002484e-12
15550.056 1.1368990418900381e-11
15600.056 1.696583352300019e-11
15650.056 2.3077336627000506e-11
15700.056 2.7760443627000213e-11
15750.056 2.9555035464000046e-11
15800.056 3.0178541325999974e-11
15850.056 3.038695710800004e-11
15900.056 2.9103140352999903e-11
15950.056 2.8459515042999878e-11
16000.056 2.599732505999979e-11
16050.056 2.26534565399997e-11
16100.056 1.8056043572999766e-11
16150.056 1.3216466178999622e-11
16200.056 7.456296453399656e-12
16250.056 3.935476834599872e-12
16300.056 1.763092799289812e-12
16350.056 1.0031433744796313e-12
16400.056 7.920856154026697e-13
16450.056 7.877848961186933e-13
16500.056 8.369430139133492e-13
16550.056 1.1442766226299342e-12
16600.056 2.593047961038957e-12
16650.056 7.881866947868594e-13
16700.056 7.834400563980889e-13
16750.056 1.550507263355236e-12
16800.056 1.4291141756522866e-12
16850.056 1.1690484964795638e-12
16900.056 8.855481670090456e-13
16950.056 7.212654190199759e-13
17000.056 5.192097784510235e-13
17050.056 6.025226660800279e-13
17100.056 8.503641017549708e-13
17150.056 8.009000678840828e-13
17200.056 1.333882489239936e-12
17250.056 5.887655119099437e-13
17300.056 5.917838315299956e-13
17350.056 7.588762146299976e-13
17400.056 9.330528579000137e-13
17450.056 1.0212164188000195e-12
17500.056 1.2514645667599945e-12
17550.056 1.139900873559975e-12
17600.056 1.1191054591700167e-12
17650.056 8.199393916799839e-13
17700.056 7.35895939840004e-13
17750.056 5.760099499499861e-13
17800.056 6.144180406500051e-13
17850.056 3.6430644944197763e-13
17900.056 2.5698149762497664e-13
17950.056 1.650528579320055e-13
18000.056 1.6043859158278353e-13
18050.056 7.297701662099839e-14
18100.056 5.375434105989898e-14
18150.056 2.5236528887812773e-14
18200.056 1.1821802081604714e-14
18250.056 3.5299482786741227e-14
18300.056 3.0916210343825343e-15
18350.056 3.7624015331050104e-15
18400.056 6.925319804002892e-16
18450.056 1.1785082719682455e-14
18500.056 7.374381960905534e-15
18550.056 2.3323249550854178e-15
18600.056 8.686668783852225e-15
18650.056 9.979768586095225e-15
18700.056 2.6849977605322266e-16
18750.056 5.99739444994792e-16
18800.056 2.126689114388348e-14
18850.056 1.4166368068332882e-14
18900.056 1.8729869778735668e-14
18950.056 2.2496369320406976e-14
19000.056 2.2731395163266303e-15
19050.056 1.1882711310806859e-15
19100.056 7.344972236363128e-15
19150.056 3.81571444871118e-15
19200.056 8.202275207293751e-15
19250.056 8.657512717319863e-15
19300.056 5.466596369584663e-15
19350.056 7.723116935619583e-15
19400.056 5.260405338179309e-15
19450.056 4.909286581270059e-15
19500.056 4.888405250767883e-15
19550.056 5.5674029376358114e-15
19600.056 7.911483992432504e-15
19650.056 7.442068822405891e-15
19700.056 1.1355598455102356e-14
19750.056 1.1011884523778969e-14
19800.056 6.210858662142597e-15
19850.056 9.797804004037093e-15
19900.056 1.2413671877728952e-14
19950.056 8.020510091827623e-15
20000.056 9.171721840903472e-15
20050.056 9.104135065178132e-15
20100.056 1.0072002157319458e-14
20150.056 7.894232238635687e-15
20200.056 7.634611361300861e-15
20250.056 1.0076817966100392e-14
20300.056 1.0221789022799869e-14
20350.056 9.989062995599743e-15
20400.056 9.778034794399997e-15
20450.056 9.404969613800081e-15
20500.056 8.543210027999949e-15
20550.056 7.640365968099869e-15
20600.056 6.761052917399975e-15
20650.056 5.893256280399904e-15
20700.056 5.08486492029993e-15
20750.056 4.318615477299938e-15
20800.056 3.6549018242999474e-15
20850.056 3.1163887416999597e-15
20900.056 2.6683073361999665e-15
20950.056 2.3342862537999755e-15
21000.056 2.1066754113999857e-15
21050.056 1.977456136299992e-15
21100.056 1.9442628056000025e-15
21150.056 2.035484853500013e-15
21200.056 2.237255154200022e-15
21250.056 2.56120627520003e-15
21300.056 3.0096935438000467e-15
21350.056 3.586445783600035e-15
21400.056 4.349980648300079e-15
21450.056 5.040488458100077e-15
21500.056 5.642050894900046e-15
21550.056 6.2787519580000295e-15
21600.056 6.502386164999981e-15
21650.056 7.013345891799877e-15
21700.056 7.545383578499684e-15
21750.056 7.539694010870546e-15
21800.056 7.085852303640029e-15
21850.056 7.371249185260063e-15
21900.056 6.814522752440178e-15
21950.056 5.219750977409537e-15
22000.056 1.1597334190364843e-15
22050.056 1.9073812849601917e-15
22100.056 2.658852728090735e-15
22150.056 1.8018697184619728e-15
22200.056 1.8266777960205217e-15
22250.056 1.4388112842119096e-15
22300.056 7.911704059552947e-16
22350.056 1.4604791863300309e-15
22400.056 1.1256253090233716e-15
22450.056 1.1813628034075908e-15
22500.056 1.1499422592410364e-15
22550.056 6.086984654190411e-16
22600.056 5.067051124201751e-16
22650.056 3.888800718706481e-16
22700.056 5.01737187058226e-16
22750.056 6.515423148584161e-16
22800.056 9.885450488147629e-16
22850.056 5.476352658775028e-16
22900.056 5.871416143175737e-16
22950.056 4.330302426973565e-16
23000.056 3.010600912357318e-16
23050.056 2.573156814934955e-16
23100.056 1.6971715587478184e-15
23150.056 1.474676192883096e-15
23200.056 3.163378476293705e-16
23250.056 1.1471799460178726e-15
23300.056 5.438460005438407e-16
23350.056 9.068526559845624e-16
23400.056 5.373183389690952e-16
23450.056 4.2899897293552395e-16
23500.056 2.6357541161422e-16
23550.056 4.389965071900097e-16
23600.056 8.967468707062334e-16
23650.056 1.296338032022964e-15
23700.056 2.2837051007555533e-16
23750.056 4.887764719075462e-16
23800.056 1.4879462036793486e-15
23850.056 7.523540814873341e-16
23900.056 1.2833033942673474e-15
23950.056 9.21657173976975e-16
24000.056 2.0095278238399577e-15
24050.056 2.2907172026300575e-15
24100.056 3.420853102320197e-15
24150.056 4.715006308300019e-15
24200.056 5.235640009000042e-15
24250.056 5.603404918800216e-15
24300.056 8.649035894500544e-15
24350.056 1.0082634376899797e-14
24400.056 1.5654024335100754e-14
24450.056 1.9775849375000684e-14
24500.056 2.3569365949000472e-14
24550.056 3.445226036800133e-14
24600.056 4.6519746978999906e-14
24650.056 5.899137526300217e-14
24700.056 6.276176072099663e-14
24750.056 8.776121383400705e-14
24800.056 1.0729207692500276e-13
24850.056 1.152239396479985e-13
24900.056 1.3275656593200547e-13
24950.056 1.5688752194300638e-13
25000.056 2.3339926664999565e-13
25050.056 1.782173417140116e-13
25100.056 2.502293440519933e-13
25150.056 1.7687290058598248e-13
25200.056 2.595277279740226e-13
25250.056 1.6344343800698056e-13
25300.056 1.205544444183905e-13
25350.056 7.024727593021145e-14
25400.056 1.7792958526398949e-13
25450.056 4.8784142489297174e-14
25500.056 3.8723130981900674e-14
25550.056 1.3986028134891663e-13
25600.056 5.1032708683041005e-14
25650.056 2.0332422349002468e-14
25700.056 1.637137547538826e-14
25750.056 8.168871196709814e-15
25800.056 2.3420912389901264e-14
25850.056 6.661376936278804e-15
25900.056 1.0121270388900251e-14
25950.056 4.053627035400644e-15
26000.056 1.9353347160901117e-14
26050.056 5.126969733228412e-15
26100.056 1.3184589221221426e-14
26150.056 9.15954180439853e-15
26200.056 8.808495999202684e-15
26250.056 2.6422286362817837e-14
26300.056 9.734385752171108e-15
26350.056 7.325595963122889e-14
26400.056 1.830474144188708e-13
26450.056 6.030432357990839e-14
26500.056 1.506041679706891e-13
26550.056 3.053292452890666e-14
26600.056 2.3636818044794112e-14
26650.056 8.660647925478361e-15
26700.056 8.49260977482147e-15
26750.056 1.3018300332898877e-14
26800.056 2.6266369752723056e-14
26850.056 2.7106813387603524e-14
26900.056 6.370083349799633e-14
26950.056 1.8983712994294398e-14
27000.056 7.100878486570099e-14
27050.056 1.3530418028199694e-13
27100.056 1.6523479651979068e-14
27150.056 8.84688127799994e-14
27200.056 1.5836570398940914e-14
27250.056 2.981561417690978e-14
27300.056 2.8570214360900323e-13
27350.056 7.33424045116917e-14
27400.056 1.621033737239625e-14
27450.056 1.4773057141102632e-13
27500.056 1.6509786891697614e-13
27550.056 4.252976777139643e-14
27600.056 1.1569237894099842e-13
27650.056 4.399849187570463e-14
27700.056 4.897149822929744e-14
27750.056 1.989835209890054e-13
27800.056 1.0419540582500703e-13
27850.056 1.5971874910598965e-13
27900.056 3.082666443200919e-13
27950.056 4.265864080999522e-13
28000.056 5.270752035679851e-13
28050.056 9.143889546903784e-14
28100.056 8.361216020582112e-13
28150.056 5.67408617198853e-13
28200.056 1.790159934299334e-13
28250.056 1.832099262829993e-12
28300.056 1.6003616066420636e-12
28350.056 2.076052241783733e-13
28400.056 1.1290131454561596e-12
28450.056 1.9328253113557916e-12
28500.056 7.034388764440253e-13
28550.056 4.364328574201931e-13
28600.056 1.7211925952224125e-12
28650.056 5.177112601442344e-13
28700.056 2.175037381238233e-12
28750.056 4.300391087149919e-12
28800.056 8.413694604726939e-13
28850.056 5.11558087363992e-12
