galfind/configs/Brown_Dwarf_templates/sonora_bobcat/m-0.5/3160g/sp_t2400g3160nc_m-0.5_resample.dat
# %ECSV 1.0
# ---
# datatype:
# - {name: wav, unit: Angstrom, datatype: float64}
# - {name: flux_nu, unit: erg / (cm2 Hz s), datatype: float64}
# meta: {C/O: '1.00', Kzz: '1.0000E+05', Teff: '2400.', Y: '0.28', '[Fe/H]': '-0.50', f_hole: '1.00', f_rain: '0.00', grav: '3160.'}
# schema: astropy-2.0
wav flux_nu
[from data line 501]
29050.056 3.5489615677201875e-06
29100.056 2.8472832712802762e-06
29150.056 3.780567385099915e-06
29200.056 3.202008588320145e-06
29250.056 3.3576142406998206e-06
29300.056 2.944206765849622e-06
29350.056 3.956931010699871e-06
29400.056 3.3756388695998795e-06
29450.056 3.236692367819925e-06
29500.056 3.3682797918998726e-06
29550.056 3.3965049794801054e-06
29600.056 3.6766043404697752e-06
29650.056 3.284767888010056e-06
29700.056 3.3261959226299992e-06
29750.056 3.7052406629604032e-06
29800.056 3.7166757821496876e-06
29850.056 3.393317551829713e-06
29900.056 3.2839937924507847e-06
29950.056 3.950751832199687e-06
30000.056 3.719199290049512e-06
30050.056 3.495577056200159e-06
30100.056 3.1236686384194255e-06
30150.056 4.2842598953000586e-06
30200.056 3.813300666600183e-06
30250.056 3.7102702533002963e-06
30300.056 3.508369374799877e-06
30350.056 3.841933691500469e-06
30400.056 4.292350388800262e-06
30450.056 3.485283550900395e-06
30500.056 3.414943976900167e-06
30550.056 4.185261979800149e-06
30600.056 3.975805417200154e-06
30650.056 4.063577711500168e-06
30700.056 3.6868107456998096e-06
30750.056 3.800465623399879e-06
30800.056 4.512664546200527e-06
30850.056 3.981005858799907e-06
30900.056 3.6518361414999955e-06
30950.056 3.742737294339961e-06
31000.056 4.403790349600051e-06
31050.056 4.267907170000102e-06
31100.056 3.998540959200088e-06
31150.056 4.106913728699536e-06
31200.056 3.994919331499652e-06
31250.056 4.691029713100486e-06
31300.056 4.088732517799812e-06
31350.056 4.099780501200016e-06
31400.056 4.287511107700428e-06
31450.056 4.270719907900069e-06
31500.056 4.3446758330000694e-06
31550.056 4.1061381220999215e-06
31600.056 4.280569235000005e-06
31650.056 4.5193471774997024e-06
31700.056 4.3449109190999795e-06
31750.056 4.235782233899907e-06
31800.056 4.4616509640001546e-06
31850.056 4.770597813600143e-06
31900.056 4.756326136699693e-06
31950.056 4.266469762000133e-06
32000.056 4.240865317200148e-06
32050.056 4.653874392700372e-06
32100.056 4.85217759599958e-06
32150.056 4.834582821199903e-06
32200.056 4.648817235599997e-06
32250.056 4.5865403333000145e-06
32300.056 4.733675125900017e-06
32350.056 5.050817688900604e-06
32400.056 4.676994574699894e-06
32450.056 4.695266834500187e-06
32500.056 4.9386021399001045e-06
32550.056 5.252286576299924e-06
32600.056 5.113579543499751e-06
32650.056 5.032321536200312e-06
32700.056 4.996486384700251e-06
32750.056 4.978896139299922e-06
32800.056 4.678688286700389e-06
32850.056 5.259670730499732e-06
32900.056 5.21787613020012e-06
32950.056 4.924946712499802e-06
33000.056 5.152540826300163e-06
33050.056 5.0962288437996196e-06
33100.056 5.006115391799566e-06
33150.056 5.094214108899996e-06
33200.056 4.938387340800358e-06
33250.056 5.217102946100312e-06
33300.056 5.452222702100201e-06
33350.056 5.186864855499841e-06
33400.056 4.862729028399728e-06
33450.056 4.963180309599546e-06
33500.056 5.3625757532999316e-06
33550.056 5.073844554199787e-06
33600.056 5.201380239200299e-06
33650.056 5.333916209400482e-06
33700.056 5.411855321699654e-06
33750.056 5.396423703899957e-06
33800.056 5.157534830500186e-06
33850.056 5.386709159000198e-06
33900.056 5.797083316899616e-06
33950.056 5.345840432799674e-06
34000.056 5.388408094699613e-06
34050.056 5.5391082262999064e-06
34100.056 5.3525459894004914e-06
34150.056 5.380598043799571e-06
34200.056 5.4096534679998275e-06
34250.056 5.7497955177997805e-06
34300.056 5.447542652399879e-06
34350.056 5.530461496999953e-06
34400.056 5.6027877468999e-06
34450.056 5.104537177000277e-06
34500.056 5.821525576200398e-06
34550.056 5.472734105999984e-06
34600.056 5.486481934299936e-06
34650.056 5.610301415300188e-06
34700.056 5.7006682663995744e-06
34750.056 5.8277918491002005e-06
34800.056 5.61068269519988e-06
34850.056 5.467400095699847e-06
34900.056 5.57670148339993e-06
34950.056 5.63525745179974e-06
35000.056 5.438146158299887e-06
35050.056 6.081273590800321e-06
35100.056 5.7003207951998375e-06
35150.056 5.771722641199846e-06
35200.056 5.661280530500015e-06
35250.056 5.620120859100295e-06
35300.056 5.799274012700202e-06
35350.056 5.867244624100005e-06
35400.056 5.583361101099756e-06
35450.056 5.68578712520011e-06
35500.056 5.939453174000031e-06
35550.056 5.826793273199853e-06
35600.056 5.608155259699558e-06
35650.056 6.001181834000272e-06
35700.056 5.726327924800106e-06
35750.056 5.717320607399716e-06
35800.056 5.977099672799857e-06
35850.056 5.872164067900128e-06
35900.056 6.1080953216999206e-06
35950.056 5.840779080999765e-06
36000.056 5.7247315490997885e-06
36050.056 6.046992520100156e-06
36100.056 6.156429644099749e-06
36150.056 5.6231041351003055e-06
36200.056 6.022293770999824e-06
36250.056 5.8591074250998e-06
36300.056 6.185234734300142e-06
36350.056 5.878339524799661e-06
36400.056 5.981392874800042e-06
36450.056 6.264226940299835e-06
36500.056 5.9339997436001075e-06
36550.056 5.961886954000321e-06
36600.056 5.840006713100082e-06
36650.056 6.034462297500123e-06
36700.056 6.249439301999927e-06
36750.056 5.799306388400154e-06
36800.056 6.024764046099959e-06
36850.056 6.16989458890007e-06
36900.056 6.0686270261001695e-06
36950.056 6.030861243799958e-06
37000.056 6.1093721664999285e-06
37050.056 6.204071807099863e-06
37100.056 6.068218313800203e-06
37150.056 6.114842590799644e-06
37200.056 6.1204359146999486e-06
37250.056 6.18559534969996e-06
37300.056 6.233256697400246e-06
37350.056 5.988777204900268e-06
37400.056 6.123869596799988e-06
37450.056 6.013943169000073e-06
37500.056 6.263491449499898e-06
37550.056 6.12732526259969e-06
37600.056 6.262287350299887e-06
37650.056 6.083301390299941e-06
37700.056 6.225344636299954e-06
37750.056 6.178599891299904e-06
37800.056 6.231916693499913e-06
37850.056 6.210382619699982e-06
37900.056 6.199028210200156e-06
37950.056 6.206889343000092e-06
38000.056 6.2365513722001115e-06
38050.056 6.187026717000121e-06
38100.056 6.079135083900103e-06
38150.056 6.262202486799958e-06
38200.056 6.245233461399914e-06
38250.056 6.067269914500175e-06
38300.056 6.0338343822e-06
38350.056 6.130660464099993e-06
38400.056 6.1932203707999475e-06
38450.056 6.250175644300061e-06
38500.056 6.101223736199954e-06
38550.056 6.155205892100142e-06
38600.056 6.35840798309997e-06
38650.056 6.064410331899995e-06
38700.056 6.050359359900246e-06
38750.056 6.195416111199986e-06
38800.056 6.123328072000241e-06
38850.056 6.166545101399978e-06
38900.056 5.992858828099938e-06
38950.056 6.1523517277000216e-06
39000.056 6.1100631923000365e-06
39050.056 6.136373123599972e-06
39100.056 5.963497570700053e-06
39150.056 6.0475506763000594e-06
39200.056 6.09214079880003e-06
39250.056 6.065457288799826e-06
39300.056 6.066906284399831e-06
39350.056 6.018840122700166e-06
39400.056 6.016440255300045e-06
39450.056 6.045343913999977e-06
39500.056 5.929100695499949e-06
39550.056 5.8739829321996824e-06
39600.056 6.08047637919998e-06
39650.056 5.831368996200082e-06
39700.056 5.875056342399996e-06
39750.056 5.941966190499843e-06
39800.056 5.699028659800137e-06
39850.056 5.8884550462999244e-06
39900.056 5.727381205099867e-06
39950.056 5.863060704999924e-06
40000.056 5.614591462199878e-06
40050.056 5.555801733399981e-06
40100.056 5.710043150199945e-06
40150.056 5.517744359799654e-06
40200.056 5.644607387999946e-06
40250.056 5.434864219099394e-06
40300.056 5.4717097877002435e-06
40350.056 5.4994361591000064e-06
40400.056 5.473250435200061e-06
40450.056 5.3149217584001e-06
40500.056 5.146308497100153e-06
40550.056 5.521590347499799e-06
40600.056 5.03520744170014e-06
40650.056 5.359629430900153e-06
40700.056 5.473870200299998e-06
40750.056 5.071464240899338e-06
40800.056 5.078329895799944e-06
40850.056 4.836172558800509e-06
40900.056 4.926355469600189e-06
40950.056 5.023783407999953e-06
41000.056 5.100439581399987e-06
41050.056 5.089868059199562e-06
41100.056 4.84225023609992e-06
41150.056 5.10593895460002e-06
41200.056 4.9268937875000635e-06
41250.056 4.979618848100102e-06
41300.056 4.571885546999763e-06
41350.056 4.947639223500055e-06
41400.056 4.7528191480001584e-06
41450.056 4.816759716600126e-06
41500.056 4.913491979600136e-06
41550.056 4.7760785931000825e-06
41600.056 4.749110441200088e-06
41650.056 4.659313827400173e-06
41700.056 4.551959652199889e-06
41750.056 4.762277008199889e-06
41800.056 4.8273507753999355e-06
41850.056 4.3156100030002395e-06
41900.056 4.741092870799832e-06
41950.056 4.779533592100084e-06
42000.056 4.743157287000236e-06
42050.056 4.476753003699688e-06
42100.056 4.765776596600109e-06
42150.056 4.25319390469992e-06
42200.056 4.322200268800059e-06
42250.056 4.821428177100083e-06
42300.056 4.5404235403000445e-06
42350.056 4.767605650700344e-06
42400.056 4.4907487751000435e-06
42450.056 4.200354259100142e-06
42500.056 4.24748099860004e-06
42550.056 4.31966128750004e-06
42600.056 4.3538333890000945e-06
42650.056 4.5212925933997275e-06
42700.056 4.470732644200019e-06
42750.056 4.187247960000046e-06
42800.056 4.454384359200093e-06
42850.056 4.523492596199757e-06
42900.056 4.554143026200205e-06
42950.056 3.992406006399319e-06
43000.056 4.245165853100013e-06
43050.056 3.82623246060079e-06
43100.056 4.0019134158999325e-06
43150.056 3.965665399200379e-06
43200.056 3.7378177286998647e-06
43250.056 3.91204883790056e-06
43300.056 3.851034283400148e-06
43350.056 3.561997577899669e-06
43400.056 3.5680205796999836e-06
43450.056 3.549067881100094e-06
43500.056 3.4740492099996435e-06
43550.056 3.381545586499907e-06
43600.056 3.5669902896002293e-06
43650.056 3.173788004099946e-06
43700.056 3.3243943230000874e-06
43750.056 3.3278818792000255e-06
43800.056 3.0646369297998946e-06
43850.056 3.1088810565002796e-06
43900.056 3.175964977359967e-06
43950.056 3.008118412919921e-06
44000.056 2.8318633749999654e-06
44050.056 2.781688027300019e-06
44100.056 2.9008848649003204e-06
44150.056 3.005603660200018e-06
44200.056 2.73801959817014e-06
44250.056 2.827746174999929e-06
44300.056 2.7146301818001746e-06
44350.056 2.539552386400197e-06
44400.056 2.7016263741999543e-06
44450.056 2.7652805036000963e-06
44500.056 2.625376846700184e-06
44550.056 2.463544351999664e-06
44600.056 2.4581655807902645e-06
44650.056 2.6617229694998973e-06
44700.056 2.541129724200095e-06
44750.056 2.5513828648997835e-06
44800.056 2.5077297486000018e-06
44850.056 2.5016456835002345e-06
44900.056 2.4226262669001153e-06
44950.056 2.3110702805801146e-06
45000.056 2.4697799154000153e-06
45050.056 2.426222426499827e-06
45100.056 2.5340390236000953e-06
45150.056 2.3290141926000126e-06
45200.056 2.1680149253999335e-06
45250.056 2.276626090609849e-06
45300.056 2.504445462500053e-06
45350.056 2.4841739202298277e-06
45400.056 2.3301907876602134e-06
45450.056 2.246513899009791e-06
45500.056 2.3378498373998027e-06
45550.056 2.478428267300055e-06
45600.056 2.3115988367999502e-06
45650.056 2.180493123299747e-06
45700.056 2.3874223523001283e-06
45750.056 2.227113493930057e-06
45800.056 2.1844118864198856e-06
45850.056 2.568245838299983e-06
45900.056 2.4286262899399524e-06
45950.056 2.2306417088999695e-06
46000.056 2.5837583317299415e-06
46050.056 2.6642494703505263e-06
46100.056 2.1846172671801278e-06
46150.056 2.3117297364598077e-06
46200.056 2.436294450260445e-06
46250.056 2.120259768190012e-06
46300.056 2.6251050218000573e-06
46350.056 2.3610163567398574e-06
46400.056 2.3807857121998125e-06
46450.056 2.4023772601002097e-06
46500.056 2.2814857047998383e-06
46550.056 2.61095448600004e-06
46600.056 2.4946987845001055e-06
46650.056 2.8741317140398006e-06
46700.056 2.892589296970848e-06
46750.056 2.378033657280131e-06
46800.056 2.5108543124002466e-06
46850.056 2.6218414572502097e-06
46900.056 2.4615247889597207e-06
46950.056 2.8747662613000753e-06
47000.056 2.434868405750053e-06
47050.056 2.7285648732998712e-06
47100.056 2.2589438442000682e-06
47150.056 2.6012390274000655e-06
47200.056 2.6055426679204925e-06
47250.056 2.486055574199786e-06
47300.056 2.7016507433997056e-06
47350.056 2.214929502579893e-06
47400.056 2.620028540799799e-06
47450.056 2.4789176475599924e-06
47500.056 2.5784588745997684e-06
47550.056 2.4173799504698943e-06
47600.056 2.6626934629998438e-06
47650.056 2.1552083117697356e-06
47700.056 2.6962741946599095e-06
47750.056 2.059842826560386e-06
47800.056 2.6467352724999223e-06
47850.056 2.05003442325988e-06
47900.056 2.6758988768999613e-06
47950.056 2.152169260330294e-06
48000.056 2.8511018931999664e-06
48050.056 2.2439534343602036e-06
48100.056 2.541803138299928e-06
48150.056 2.2173740079402104e-06
48200.056 2.657604644400169e-06
48250.056 2.254100969860138e-06
48300.056 2.80202643529985e-06
48350.056 2.0610765597796327e-06
48400.056 2.543357038599956e-06
48450.056 2.1223586751400348e-06
48500.056 2.841976284500008e-06
48550.056 1.9994352293899478e-06
48600.056 2.787762025299839e-06
48650.056 2.047715921139981e-06
48700.056 2.7497975519000738e-06
48750.056 1.876987232480101e-06
48800.056 2.7356637368001354e-06
48850.056 1.991073557539713e-06
48900.056 2.7196368020002114e-06
48950.056 2.277261502299953e-06
49000.056 2.3679825118400303e-06
49050.056 2.5164364471999133e-06
49100.056 2.297297371360052e-06
49150.056 2.3538608656999006e-06
49200.056 2.254284603959876e-06
49250.056 2.3287145431500275e-06
49300.056 2.125328418599767e-06
49350.056 2.319393055799919e-06
49400.056 2.5653737962000415e-06
49450.056 2.2264870832003576e-06
49500.056 2.3021126747001176e-06
49550.056 2.1064356609997878e-06
49600.056 2.226974479630239e-06
49650.056 2.337676579099939e-06
49700.056 2.0438349834998928e-06
49750.056 2.940126228499861e-06
49800.056 2.182736679000007e-06
49850.056 2.6947717100401456e-06
49900.056 2.248426303099991e-06
49950.056 2.2954649235998656e-06
50000.056 2.311359652499536e-06
50050.056 2.2470206763001363e-06
50100.056 2.5277691108998956e-06
50150.056 2.150504953500038e-06
50200.056 2.09681969570013e-06
50250.056 2.300248190880088e-06
50300.056 2.09819420549992e-06
50350.056 2.58023819419996e-06
50400.056 2.1950138226998158e-06
50450.056 2.1984809205202456e-06
50500.056 2.702029056600173e-06
50550.056 2.222768414379977e-06
50600.056 2.388897178999984e-06
50650.056 2.2468696608002417e-06
50700.056 2.5580574457999e-06
50750.056 2.6867496822001323e-06
50800.056 1.9528146721198014e-06
50850.056 2.3715377105000983e-06
50900.056 2.429541892599868e-06
50950.056 2.3672366567003924e-06
51000.056 2.768397515000205e-06
51050.056 2.268910578420088e-06
51100.056 2.2501190974999082e-06
51150.056 2.5037970102199995e-06
51200.056 2.2310908679600637e-06
51250.056 2.5190928319000637e-06
51300.056 2.1027035047803615e-06
51350.056 2.4499370993999923e-06
51400.056 2.410789118499736e-06
51450.056 1.8506594461297434e-06
51500.056 2.4095394223201315e-06
51550.056 2.828947666300093e-06
51600.056 1.9441890951000103e-06
51650.056 2.4322657702998002e-06
51700.056 2.276185967279495e-06
51750.056 2.1574015963000256e-06
51800.056 2.5947829530996784e-06
51850.056 2.371346419999752e-06
51900.056 2.5927675344001847e-06
51950.056 2.4188254126998566e-06
52000.056 2.052312301209972e-06
52050.056 2.4347350532999087e-06
52100.056 2.3237810678998862e-06
52150.056 2.3126213657000715e-06
52200.056 2.2440617263600823e-06
52250.056 2.2767857442999444e-06
52300.056 2.4642878003999716e-06
52350.056 2.5635022383001347e-06
52400.056 2.0233877351001613e-06
52450.056 2.2381010347000896e-06
52500.056 2.538104247499698e-06
52550.056 2.3336396205997185e-06
52600.056 2.4335083465000146e-06
52650.056 2.6307212175002164e-06
52700.056 2.2082963475001137e-06
52750.056 2.0960589416999077e-06
52800.056 2.176979324600122e-06
52850.056 2.1302738175999483e-06
52900.056 2.4309973486199902e-06
52950.056 2.213750957799883e-06
53000.056 2.4934361471999507e-06
53050.056 2.332994371449654e-06
53100.056 2.2310193079998764e-06
53150.056 2.6292673532002255e-06
53200.056 1.9282061695101424e-06
53250.056 2.446677477400038e-06
53300.056 2.5116474624003864e-06
53350.056 2.504680683199762e-06
53400.056 2.339798931300111e-06
53450.056 2.255602217550049e-06
53500.056 1.9128134054498227e-06
53550.056 2.387422672200036e-06
53600.056 2.4908254497002314e-06
53650.056 2.0550592082801242e-06
53700.056 2.150215025360239e-06
