galfind/configs/Brown_Dwarf_templates/sonora_bobcat/m-0.5/3160g/sp_t1000g3160nc_m-0.5_resample.dat
# %ECSV 1.0
# ---
# datatype:
# - {name: wav, unit: Angstrom, datatype: float64}
# - {name: flux_nu, unit: erg / (cm2 Hz s), datatype: float64}
# meta: {C/O: '1.00', Kzz: '1.0000E+05', Teff: '1000.', Y: '0.28', '[Fe/H]': '-0.50', f_hole: '1.00', f_rain: '0.00', grav: '3160.'}
# schema: astropy-2.0
wav flux_nu
[from data line 499]
28950.056 8.053562606338425e-08
29000.056 7.107329310374046e-08
29050.056 8.189305132532578e-08
29100.056 5.521111415711018e-08
29150.056 1.0982472002840437e-07
29200.056 7.062836835667949e-08
29250.056 9.673535247217957e-08
29300.056 5.874094875740776e-08
29350.056 1.5976116460600581e-07
29400.056 8.119289420530857e-08
29450.056 8.684328266542352e-08
29500.056 1.0316986746100677e-07
29550.056 9.013027205791262e-08
29600.056 1.0586774146028576e-07
29650.056 1.0767651010559912e-07
29700.056 9.157506435250304e-08
29750.056 1.1788092627494693e-07
29800.056 1.1797185066019464e-07
29850.056 1.2740251559197863e-07
29900.056 1.2925287680393551e-07
29950.056 1.2438789806876292e-07
30000.056 3.743490400520627e-08
30050.056 5.837826519450334e-08
30100.056 7.849991989400599e-08
30150.056 1.2997665935099873e-07
30200.056 1.1158650436500122e-07
30250.056 1.7034105603301276e-07
30300.056 1.4466546917399254e-07
30350.056 1.3520043238600776e-07
30400.056 1.7214421590701397e-07
30450.056 1.1743591981570773e-07
30500.056 1.2162330609999867e-07
30550.056 1.2329382284300018e-07
30600.056 1.6391093207400774e-07
30650.056 1.302775146260017e-07
30700.056 1.1088042502718752e-07
30750.056 1.2597023784598582e-07
30800.056 1.1664166350201772e-07
30850.056 1.062690149469855e-07
30900.056 9.23141890799785e-08
30950.056 8.120119977871504e-08
31000.056 8.408498473001064e-08
31050.056 1.0420917359399673e-07
31100.056 6.862225117930282e-08
31150.056 8.388737356009452e-08
31200.056 1.0569999744201008e-07
31250.056 7.002836764999737e-08
31300.056 7.001469238938776e-08
31350.056 7.181888792180899e-08
31400.056 5.6672708453802316e-08
31450.056 6.764468892799048e-08
31500.056 4.454629000849394e-08
31550.056 5.456512835289274e-08
31600.056 4.556088515110721e-08
31650.056 3.913570683155407e-08
31700.056 4.7235373704998574e-08
31750.056 3.2317637247485556e-08
31800.056 4.7185560547994935e-08
31850.056 2.9685867870923167e-08
31900.056 4.260046556000553e-08
31950.056 2.6755681657896772e-08
32000.056 3.6733286906144763e-08
32050.056 3.5497307694804827e-08
32100.056 3.159003899167687e-08
32150.056 4.048775942479889e-08
32200.056 2.9500777531400935e-08
32250.056 4.785408186091019e-08
32300.056 2.6347884614933553e-08
32350.056 5.146556676020588e-08
32400.056 2.8850907316699685e-08
32450.056 4.875591245049058e-08
32500.056 3.907664939372021e-08
32550.056 4.6583634716397065e-08
32600.056 4.963650860758139e-08
32650.056 5.703676756128785e-08
32700.056 5.7159339430307515e-08
32750.056 7.065888070720659e-08
32800.056 7.409652500758959e-08
32850.056 8.558730599600561e-08
32900.056 8.879078482956276e-08
32950.056 9.024680278500094e-08
33000.056 7.68030215673941e-08
33050.056 7.837460923000308e-08
33100.056 4.3223169783592244e-08
33150.056 5.204664373370983e-09
33200.056 6.6557845757558484e-09
33250.056 6.399327098797901e-09
33300.056 9.399824232302716e-09
33350.056 1.6316620404601157e-08
33400.056 2.5499914907998523e-08
33450.056 3.1534321342990894e-08
33500.056 5.235620835300477e-08
33550.056 4.296220710146198e-08
33600.056 6.420654104499156e-08
33650.056 7.024615665800797e-08
33700.056 4.87263295441339e-08
33750.056 8.368168175399748e-08
33800.056 4.362678063780552e-08
33850.056 6.43141847642974e-08
33900.056 5.354615189559544e-08
33950.056 5.761170727089722e-08
34000.056 7.299473021300291e-08
34050.056 3.767553069147991e-08
34100.056 6.869088642800428e-08
34150.056 4.296807945449877e-08
34200.056 5.80122825083839e-08
34250.056 5.7531882283488604e-08
34300.056 4.196918712819557e-08
34350.056 6.064518049800757e-08
34400.056 3.894834165985789e-08
34450.056 6.303660472199302e-08
34500.056 5.614079358559656e-08
34550.056 3.708621450960185e-08
34600.056 7.544932412399995e-08
34650.056 4.089174696069714e-08
34700.056 6.374529403799986e-08
34750.056 6.085475058998893e-08
34800.056 4.509798658519853e-08
34850.056 7.798885549000065e-08
34900.056 5.4396012270387234e-08
34950.056 6.857570873599205e-08
35000.056 9.630105503800294e-08
35050.056 5.524108159161149e-08
35100.056 9.130798025400155e-08
35150.056 8.690932275779873e-08
35200.056 8.091265717840088e-08
35250.056 1.1793948759597401e-07
35300.056 6.580155746450637e-08
35350.056 9.144273568299475e-08
35400.056 1.0076005097800001e-07
35450.056 6.848775279401685e-08
35500.056 1.2803190159199376e-07
35550.056 1.001453541060052e-07
35600.056 1.089582003100246e-07
35650.056 1.2931617100001946e-07
35700.056 9.713356400699538e-08
35750.056 1.387661295510011e-07
35800.056 1.5330719621900122e-07
35850.056 1.0419923613600362e-07
35900.056 1.561128326950105e-07
35950.056 1.5370583089298817e-07
36000.056 1.5127429251101705e-07
36050.056 1.6455561135999318e-07
36100.056 1.387370669579604e-07
36150.056 1.78397546926999e-07
36200.056 1.9925087666998847e-07
36250.056 1.618284247119766e-07
36300.056 2.162919453500165e-07
36350.056 2.0513173525400112e-07
36400.056 2.150379770179955e-07
36450.056 2.161190205329868e-07
36500.056 2.187919479239856e-07
36550.056 2.636944490300325e-07
36600.056 2.8588106042999437e-07
36650.056 2.4437652967777404e-07
36700.056 2.6495526209760507e-07
36750.056 3.0427842115000865e-07
36800.056 3.0272669334999585e-07
36850.056 2.8620570105996357e-07
36900.056 2.922288920880004e-07
36950.056 3.374245208399777e-07
37000.056 3.14835278809995e-07
37050.056 3.340232139400248e-07
37100.056 3.0987149111498416e-07
37150.056 3.399969134000178e-07
37200.056 3.8079441088999093e-07
37250.056 3.2362756143996277e-07
37300.056 3.0185899670595505e-07
37350.056 3.709161667100127e-07
37400.056 4.2611175365999373e-07
37450.056 3.4343184359599315e-07
37500.056 3.5606396868499207e-07
37550.056 4.3806509340005884e-07
37600.056 4.694251862100141e-07
37650.056 3.533868382100345e-07
37700.056 4.374940712100204e-07
37750.056 3.7429365257003466e-07
37800.056 4.28567387150036e-07
37850.056 3.524450072000004e-07
37900.056 3.941938795600219e-07
37950.056 4.2681687511999323e-07
38000.056 4.454060318499905e-07
38050.056 4.3996179548002636e-07
38100.056 4.809905475000162e-07
38150.056 4.987440609099943e-07
38200.056 4.813731713300075e-07
38250.056 4.7527583495001175e-07
38300.056 5.508015022099637e-07
38350.056 5.569981423800219e-07
38400.056 4.6079775638996874e-07
38450.056 4.721703987499593e-07
38500.056 4.463541853700304e-07
38550.056 5.282436503600239e-07
38600.056 5.100785363899648e-07
38650.056 5.29812973489993e-07
38700.056 5.633436738900043e-07
38750.056 5.401417177099944e-07
38800.056 5.218766272899843e-07
38850.056 5.551649625800162e-07
38900.056 5.828805290399713e-07
38950.056 5.521128868600032e-07
39000.056 5.6546410769998e-07
39050.056 5.782569236400292e-07
39100.056 5.591927015000116e-07
39150.056 6.131024196999968e-07
39200.056 5.738151506799944e-07
39250.056 6.108576117600026e-07
39300.056 5.950701040599885e-07
39350.056 6.342605487400046e-07
39400.056 6.02505381610012e-07
39450.056 6.292445514600071e-07
39500.056 6.383228561899988e-07
39550.056 5.962974093500551e-07
39600.056 6.335049038899809e-07
39650.056 6.760722868999929e-07
39700.056 6.473916664200197e-07
39750.056 5.955015710300365e-07
39800.056 6.078448722300021e-07
39850.056 6.888690556700047e-07
39900.056 6.869729592200055e-07
39950.056 6.555278678099926e-07
40000.056 6.87192327359995e-07
40050.056 6.722701552200036e-07
40100.056 5.976757740500195e-07
40150.056 6.814627774300113e-07
40200.056 6.966009958499773e-07
40250.056 6.814047560999569e-07
40300.056 6.895876548000237e-07
40350.056 6.460955378899739e-07
40400.056 6.936758232700121e-07
40450.056 6.473943808200015e-07
40500.056 6.870633584900025e-07
40550.056 7.195189397099803e-07
40600.056 6.865019777800071e-07
40650.056 6.743055541699554e-07
40700.056 7.546571935699918e-07
40750.056 6.711089535199532e-07
40800.056 6.357198080499494e-07
40850.056 7.334019710200178e-07
40900.056 7.251037764499872e-07
40950.056 6.759288023499975e-07
41000.056 6.806297670499872e-07
41050.056 7.233684877499813e-07
41100.056 7.030632888299752e-07
41150.056 6.250908958199847e-07
41200.056 7.205571393500119e-07
41250.056 6.868814566499771e-07
41300.056 6.510835020499846e-07
41350.056 7.278846382700026e-07
41400.056 6.829117832100176e-07
41450.056 7.252251957799993e-07
41500.056 6.6009168004996e-07
41550.056 6.284167419800359e-07
41600.056 6.517617784300214e-07
41650.056 7.012545912500151e-07
41700.056 6.636161274799672e-07
41750.056 6.656725397699883e-07
41800.056 7.216966092500034e-07
41850.056 5.633374488200041e-07
41900.056 6.385733932399566e-07
41950.056 7.041320009100104e-07
42000.056 6.821316114099758e-07
42050.056 6.135443833600036e-07
42100.056 7.228535450199843e-07
42150.056 5.813201111700023e-07
42200.056 5.930802162999708e-07
42250.056 6.413647528799989e-07
42300.056 6.173895558799899e-07
42350.056 6.679873071800195e-07
42400.056 6.718979673400074e-07
42450.056 5.698250556000355e-07
42500.056 5.961500443099853e-07
42550.056 5.674454915000005e-07
42600.056 6.267723283100419e-07
42650.056 7.111828073099762e-07
42700.056 6.221226089199482e-07
42750.056 5.195208071300544e-07
42800.056 6.132653306600064e-07
42850.056 6.542526439199447e-07
42900.056 6.553947354700354e-07
42950.056 5.573044396499655e-07
43000.056 6.182528068199886e-07
43050.056 4.527590805200942e-07
43100.056 5.903263111599833e-07
43150.056 5.40598542030014e-07
43200.056 5.548758768700013e-07
43250.056 6.779779584000156e-07
43300.056 6.609552298599987e-07
43350.056 4.615259872899507e-07
43400.056 5.925199805200231e-07
43450.056 5.272008343400421e-07
43500.056 5.586064392399881e-07
43550.056 5.496079185799979e-07
43600.056 6.537931763900207e-07
43650.056 4.696881839499942e-07
43700.056 6.722039626600439e-07
43750.056 6.433735998399992e-07
43800.056 6.081718157099562e-07
43850.056 5.626788368400635e-07
43900.056 5.968813636899868e-07
43950.056 4.882398684799793e-07
44000.056 4.350165522700084e-07
44050.056 6.349283309700242e-07
44100.056 7.277065638000133e-07
44150.056 7.405283089499827e-07
44200.056 6.752965636700076e-07
44250.056 5.18689100519992e-07
44300.056 4.3207427813003876e-07
44350.056 4.961406852420219e-07
44400.056 5.01115929169981e-07
44450.056 6.229838283000157e-07
44500.056 5.790303050700637e-07
44550.056 6.859888727999913e-07
44600.056 6.282315935600192e-07
44650.056 6.123145765799772e-07
44700.056 5.020820581299678e-07
44750.056 5.536560500600717e-07
44800.056 5.247218249180188e-07
44850.056 6.562610362800212e-07
44900.056 5.538673500399993e-07
44950.056 5.797702929200396e-07
45000.056 6.128405685700088e-07
45050.056 6.155199549099783e-07
45100.056 6.099599407500238e-07
45150.056 6.101096385699981e-07
45200.056 4.836206642700033e-07
45250.056 5.324816190799611e-07
45300.056 5.231088303400316e-07
45350.056 4.5310418621398153e-07
45400.056 6.570131774900264e-07
45450.056 6.478540531200086e-07
45500.056 6.391761876600142e-07
45550.056 7.0186203747997e-07
45600.056 6.866069789300154e-07
45650.056 6.336076689799585e-07
45700.056 4.878333111499942e-07
45750.056 4.5675903947300843e-07
45800.056 6.932114135300136e-07
45850.056 6.711214349900091e-07
45900.056 6.927550856400003e-07
45950.056 5.943011259199964e-07
46000.056 6.64704996280049e-07
46050.056 6.101525018199961e-07
46100.056 6.926548767499853e-07
46150.056 5.437139385299995e-07
46200.056 5.078161385199931e-07
46250.056 3.319293552899722e-07
46300.056 5.668992034400017e-07
46350.056 6.037360049300132e-07
46400.056 5.878814706000189e-07
46450.056 5.182274157699757e-07
46500.056 5.454557745900572e-07
46550.056 4.702462308100102e-07
46600.056 5.030485108619511e-07
46650.056 6.207910104800356e-07
46700.056 5.418454645199598e-07
46750.056 3.712381321260419e-07
46800.056 3.13939219568007e-07
46850.056 6.161370516600388e-07
46900.056 6.341640008999832e-07
46950.056 6.03222292089978e-07
47000.056 5.848492306900266e-07
47050.056 5.119432239799244e-07
47100.056 4.2243388108000994e-07
47150.056 5.317241318000428e-07
47200.056 5.979619216999888e-07
47250.056 4.13615153029967e-07
47300.056 3.1989182609202954e-07
47350.056 6.26698788870003e-07
47400.056 6.049194770999848e-07
47450.056 5.385104172450204e-07
47500.056 6.139011248699856e-07
47550.056 5.464492049000125e-07
47600.056 5.74058308999975e-07
47650.056 5.689308970699634e-07
47700.056 5.120071157400582e-07
47750.056 4.322797891999971e-07
47800.056 4.1026261662002445e-07
47850.056 2.790370956130103e-07
47900.056 3.528992023669815e-07
47950.056 5.574919364400116e-07
48000.056 6.117889831300037e-07
48050.056 5.804965873399672e-07
48100.056 3.5859150745200256e-07
48150.056 4.701995359700105e-07
48200.056 4.381703941499899e-07
48250.056 5.026475147199894e-07
48300.056 6.011334449000011e-07
48350.056 4.518542793499854e-07
48400.056 2.3619101892896794e-07
48450.056 3.8540257473206343e-07
48500.056 4.913756300799386e-07
48550.056 4.984511859800323e-07
48600.056 5.158767244100075e-07
48650.056 5.726737565099953e-07
48700.056 4.947059048400017e-07
48750.056 3.251861999700525e-07
48800.056 5.121474644600268e-07
48850.056 3.830380989699472e-07
48900.056 5.127226090499813e-07
48950.056 3.889685845199895e-07
49000.056 2.6242480792501446e-07
49050.056 4.890577230499597e-07
49100.056 5.109889265420398e-07
49150.056 4.14608658336992e-07
49200.056 5.344386186700235e-07
49250.056 4.98269709890012e-07
49300.056 4.585518080099794e-07
49350.056 3.1017240522004547e-07
49400.056 4.0689477739894064e-07
49450.056 3.922443856660823e-07
49500.056 3.5525463681196604e-07
49550.056 1.9567419852999332e-07
49600.056 3.0402182063203934e-07
49650.056 3.8009319454997855e-07
49700.056 3.918509855499489e-07
49750.056 4.768814588699791e-07
49800.056 3.746283788339948e-07
49850.056 4.997850624100285e-07
49900.056 4.827307983600018e-07
49950.056 3.9420091291999043e-07
50000.056 3.95780586850012e-07
50050.056 4.577041988099813e-07
50100.056 3.997252562699819e-07
50150.056 2.7078774125998095e-07
50200.056 1.431195762130259e-07
50250.056 3.441121438399928e-07
50300.056 2.717857892810208e-07
50350.056 4.393780199500282e-07
50400.056 4.0787030746999324e-07
50450.056 3.054597624080019e-07
50500.056 4.39643045220027e-07
50550.056 4.5193349737000176e-07
50600.056 3.1942990821994765e-07
50650.056 4.321381748400581e-07
50700.056 4.863481118299915e-07
50750.056 3.601545620820139e-07
50800.056 2.2893452622196274e-07
50850.056 2.1201126001004334e-07
50900.056 4.4108825357999316e-07
50950.056 3.8978169009001846e-07
51000.056 3.8828998904403465e-07
51050.056 4.0157574125996334e-07
51100.056 2.3084860760498646e-07
51150.056 2.788781061390317e-07
51200.056 4.880462833699888e-07
51250.056 3.5427900191198274e-07
51300.056 2.7235478615303617e-07
51350.056 3.3676531392995314e-07
51400.056 2.1900952091001838e-07
51450.056 1.8230888723996886e-07
51500.056 1.7336080376803861e-07
51550.056 3.410128862160235e-07
51600.056 2.5517955799600637e-07
51650.056 2.8202826444997635e-07
51700.056 3.2663367577194337e-07
51750.056 2.552761987580241e-07
51800.056 3.7064589926995724e-07
51850.056 3.067203504229906e-07
51900.056 4.236874649400188e-07
51950.056 3.337235966899754e-07
52000.056 1.3033534397197675e-07
52050.056 2.388611297720171e-07
52100.056 1.9550936866599397e-07
52150.056 1.6361033298601518e-07
52200.056 2.0418480854999362e-07
52250.056 2.667995048740233e-07
52300.056 3.9666319441999885e-07
52350.056 2.4086950230899477e-07
52400.056 2.0911987451001638e-07
52450.056 3.354188047300309e-07
52500.056 3.4470036763995305e-07
52550.056 3.165013926499774e-07
52600.056 2.7066542095401753e-07
52650.056 2.9647728493702073e-07
52700.056 2.2280226670600611e-07
52750.056 1.681120191059864e-07
52800.056 2.023305478700215e-07
52850.056 2.3367510666895197e-07
52900.056 2.01323791900567e-07
52950.056 2.3815584128000832e-07
53000.056 3.036890454099986e-07
53050.056 1.832879963979659e-07
53100.056 3.1102334002999765e-07
53150.056 3.561302484300117e-07
53200.056 1.645951999919851e-07
53250.056 3.070762632100227e-07
53300.056 3.4390925350609764e-07
53350.056 3.210738962699923e-07
53400.056 2.970938405899935e-07
53450.056 1.6985296921698615e-07
53500.056 1.017626949439748e-07
53550.056 1.5863196105599296e-07
53600.056 2.5309790406503723e-07
53650.056 1.862132473389934e-07
53700.056 1.8032954929499424e-07
