galfind/configs/Brown_Dwarf_templates/sonora_bobcat/m-0.5/3160g/sp_t1900g3160nc_m-0.5_resample.dat
# %ECSV 1.0
# ---
# datatype:
# - {name: wav, unit: Angstrom, datatype: float64}
# - {name: flux_nu, unit: erg / (cm2 Hz s), datatype: float64}
# meta: {C/O: '1.00', Kzz: '1.0000E+05', Teff: '1900.', Y: '0.28', '[Fe/H]': '-0.50', f_hole: '1.00', f_rain: '0.00', grav: '3160.'}
# schema: astropy-2.0
wav flux_nu
4000.0559999999996 nan
4050.0559999999996 3.992912285608945e-09
4100.056 1.2352221767499055e-08
4150.056 1.2069024545690572e-08
4200.056 1.0350588266340564e-08
4250.056 8.772387584831316e-09
4300.056 6.31285347539137e-09
4350.056 5.1752401412904164e-09
4400.056 5.206872918150819e-09
4450.056 2.831804827950186e-09
4500.056 2.526241653230293e-09
4550.056 3.4245427917591452e-09
4600.056 2.6382928343796637e-09
4650.056 2.103964213639689e-09
4700.056 2.848083776190086e-09
4750.056 3.2387630823398857e-09
4800.056 1.417988121460084e-09
4850.056 1.8602546031101144e-09
4900.056 3.1911845111997806e-09
4950.056 2.934067508769939e-09
5000.056 1.0962148606098877e-09
5050.056 8.249360460300152e-10
5100.056 6.657435145900529e-10
5150.056 4.4606464916004864e-10
5200.056 5.160324735309897e-10
5250.056 7.198848383200066e-10
5300.056 6.60161275819997e-10
5350.056 5.662483931100018e-10
5400.056 4.746081753499999e-10
5450.056 3.836223821199998e-10
5500.056 3.0427637686999795e-10
5550.056 2.470944566499983e-10
5600.056 1.9465196917999912e-10
5650.056 1.4699960281999942e-10
5700.056 1.0411064744599948e-10
5750.056 6.791441009399963e-11
5800.056 3.794255661199963e-11
5850.056 1.4866786602399702e-11
5900.056 2.078707410834789e-12
5950.056 3.2749318952100663e-11
6000.056 1.0665436495100151e-10
6050.056 2.5821932151000273e-10
6100.056 5.212223830300053e-10
6150.056 9.661282678000081e-10
6200.056 1.6387785387000105e-09
6250.056 2.6071903551000173e-09
6300.056 4.037387969000023e-09
6350.056 5.876117666000049e-09
6400.056 8.170850486100025e-09
6450.056 1.1023573075499861e-08
6500.056 1.444048691799983e-08
6550.056 1.8841108497000027e-08
6600.056 2.291552544199988e-08
6650.056 2.425970580400071e-08
6700.056 1.3747512535809782e-08
6750.056 2.6442817725000343e-08
6800.056 3.322043634400132e-08
6850.056 4.0060310228000744e-08
6900.056 4.612848339000013e-08
6950.056 4.993867222800117e-08
7000.056 5.655234793100022e-08
7050.056 5.137512337700026e-08
7100.056 3.84595263160005e-08
7150.056 3.779243451700011e-08
7200.056 4.656102127699996e-08
7250.056 5.5132029497001584e-08
7300.056 6.259676986500117e-08
7350.056 6.468446764299993e-08
7400.056 5.801940061200015e-08
7450.056 4.846091761299959e-08
7500.056 3.853607975799972e-08
7550.056 2.9028022833999844e-08
7600.056 1.738866322669971e-08
7650.056 2.447489047162806e-09
7700.056 1.0079077634577515e-09
7750.056 1.002287648570027e-08
7800.056 2.379866940106848e-08
7850.056 4.9901033919000624e-08
7900.056 7.175820994300049e-08
7950.056 7.936769988278934e-08
8000.056 1.2852043160000052e-07
8050.056 1.7484844983999965e-07
8100.056 2.2641389422000055e-07
8150.056 2.8170055084000096e-07
8200.056 2.4219669750199987e-07
8250.056 3.531746939400036e-07
8300.056 3.7430866515000334e-07
8350.056 4.258799819600005e-07
8400.056 4.619430008799995e-07
8450.056 3.6791711118999466e-07
8500.056 3.419531076414428e-07
8550.056 4.498492141200194e-07
8600.056 5.432268622099894e-07
8650.056 5.887231023999831e-07
8700.056 4.960710601599539e-07
8750.056 5.016435764300139e-07
8800.056 6.472215007000115e-07
8850.056 6.517011493299618e-07
8900.056 5.774422639500051e-07
8950.056 6.218980705309713e-07
9000.056 8.145236372400175e-07
9050.056 7.378019892200206e-07
9100.056 9.093189668399981e-07
9150.056 1.0523037876400026e-06
9200.056 1.1313471681500115e-06
9250.056 1.0307312358500378e-06
9300.056 9.414461654999575e-07
9350.056 1.0459401616700432e-06
9400.056 1.1487883614600002e-06
9450.056 1.3428598779200134e-06
9500.056 1.5601903637899929e-06
9550.056 1.6522768523200465e-06
9600.056 1.8033824171000179e-06
9650.056 1.9836417231600217e-06
9700.056 2.2195161066999637e-06
9750.056 2.015589812999968e-06
9800.056 2.0917467571999814e-06
9850.056 1.996797105100023e-06
9900.056 1.175137075939914e-06
9950.056 6.801824293700078e-07
10000.056 6.53683662799998e-07
10050.056 7.787925087500037e-07
10100.056 9.381828242400347e-07
10150.056 8.949147165799657e-07
10200.056 9.752892301999943e-07
10250.056 1.0404611773899997e-06
10300.056 9.625424051399894e-07
10350.056 1.1627108363600845e-06
10400.056 1.3409333413799388e-06
10450.056 1.3994455342100094e-06
10500.056 1.4280224556599845e-06
10550.056 1.5803702452200474e-06
10600.056 1.7213426796800045e-06
10650.056 1.7459399381201102e-06
10700.056 1.8183489020400303e-06
10750.056 1.976468239820051e-06
10800.056 2.147317872279989e-06
10850.056 2.456796682999949e-06
10900.056 2.6083865376999767e-06
10950.056 2.74160368959999e-06
11000.056 2.623533998199949e-06
11050.056 2.350021782790041e-06
11100.056 2.508311970020042e-06
11150.056 2.717183179689966e-06
11200.056 2.7419530291301474e-06
11250.056 3.3296053456000268e-06
11300.056 3.1546635091299845e-06
11350.056 2.909314129619817e-06
11400.056 2.159622663100022e-06
11450.056 3.231073884300022e-06
11500.056 3.9941495864499165e-06
11550.056 3.8037982132199754e-06
11600.056 4.0617714281597774e-06
11650.056 3.6497661124100415e-06
11700.056 2.3270115837899947e-06
11750.056 2.5443781177197894e-06
11800.056 2.6599842038101797e-06
11850.056 4.14130698030012e-06
11900.056 4.804055117999868e-06
11950.056 3.884230106299966e-06
12000.056 3.1100411384000543e-06
12050.056 3.8925937979000285e-06
12100.056 3.813410299799959e-06
12150.056 4.5285060476999545e-06
12200.056 4.293409046199796e-06
12250.056 4.724894471700019e-06
12300.056 4.826157286800073e-06
12350.056 4.510830346999907e-06
12400.056 3.6838102117999537e-06
12450.056 3.317176372700037e-06
12500.056 3.3898768813999095e-06
12550.056 3.568826484400174e-06
12600.056 4.555281266100002e-06
12650.056 4.648401756899928e-06
12700.056 5.230574976800201e-06
12750.056 5.086348372799862e-06
12800.056 5.320685194600172e-06
12850.056 5.142547275399907e-06
12900.056 4.796040187799982e-06
12950.056 4.936855525299999e-06
13000.056 5.225251786699981e-06
13050.056 5.554535160599971e-06
13100.056 5.646238880700014e-06
13150.056 5.769277735599971e-06
13200.056 5.5530940599000225e-06
13250.056 5.202686156000023e-06
13300.056 4.65325176184974e-06
13350.056 2.7704802012170226e-06
13400.056 2.2700420631761956e-06
13450.056 2.052906662014906e-06
13500.056 1.7891084139408646e-06
13550.056 1.720723065434265e-06
13600.056 1.7687272114962133e-06
13650.056 2.3718542324449906e-06
13700.056 2.225504291658213e-06
13750.056 2.486868509059824e-06
13800.056 2.7688410950990107e-06
13850.056 2.4449924968139573e-06
13900.056 2.2764284636759886e-06
13950.056 2.1198592781480725e-06
14000.056 2.0298714650699903e-06
14050.056 2.2556910837010305e-06
14100.056 1.8655301556850525e-06
14150.056 2.0462268248600907e-06
14200.056 1.8580658292001478e-06
14250.056 1.7840758464567742e-06
14300.056 1.982085026650879e-06
14350.056 2.02766859443502e-06
14400.056 2.0743340808089247e-06
14450.056 2.204065283407073e-06
14500.056 2.484755502791951e-06
14550.056 2.467110954384942e-06
14600.056 2.9052460429302125e-06
14650.056 2.799657478019549e-06
14700.056 2.5745131856999537e-06
14750.056 2.8296405497301953e-06
14800.056 2.9202776950501616e-06
14850.056 3.1556541956298013e-06
14900.056 3.0910497494999066e-06
14950.056 3.1657173700001873e-06
15000.056 3.3138321735999734e-06
15050.056 3.6424435593998468e-06
15100.056 3.593158629600031e-06
15150.056 3.7016534231000932e-06
15200.056 3.868075109099902e-06
15250.056 3.990379877100052e-06
15300.056 4.123828274599987e-06
15350.056 4.310439185299958e-06
15400.056 4.402687966999992e-06
15450.056 4.5297631541000975e-06
15500.056 4.586307537400077e-06
15550.056 4.735258423999859e-06
15600.056 4.7604618247000685e-06
15650.056 4.843085077300065e-06
15700.056 5.008204712200098e-06
15750.056 5.08968065129996e-06
15800.056 5.04544920740002e-06
15850.056 4.1165820199000045e-06
15900.056 4.219299826199996e-06
15950.056 4.148306531099931e-06
16000.056 4.24979306990003e-06
16050.056 4.245353138500023e-06
16100.056 4.284616082200023e-06
16150.056 3.969194283499982e-06
16200.056 4.156461129599952e-06
16250.056 3.903430753499977e-06
16300.056 3.935659877900022e-06
16350.056 4.103045040299991e-06
16400.056 4.0464843807000226e-06
16450.056 4.157248399400075e-06
16500.056 4.199696210200056e-06
16550.056 4.29640143559997e-06
16600.056 4.079910751400034e-06
16650.056 4.234750184699985e-06
16700.056 4.033621116199952e-06
16750.056 3.9849681224999885e-06
16800.056 4.110134767799983e-06
16850.056 4.1395440855999285e-06
16900.056 4.042237212500009e-06
16950.056 4.001952008299999e-06
17000.056 4.051855543500102e-06
17050.056 4.057665379999978e-06
17100.056 3.974806923200082e-06
17150.056 3.913815221000037e-06
17200.056 3.7679363071999955e-06
17250.056 3.5797704610999765e-06
17300.056 3.51427823899999e-06
17350.056 3.4661771333000685e-06
17400.056 3.2782476827399233e-06
17450.056 3.180525856539589e-06
17500.056 3.067342218950286e-06
17550.056 2.9032649374601887e-06
17600.056 2.833467829740052e-06
17650.056 2.7829790660602575e-06
17700.056 2.4398082920797947e-06
17750.056 2.3666416408698683e-06
17800.056 2.332547564270385e-06
17850.056 2.0374112946628468e-06
17900.056 2.1995624473291196e-06
17950.056 2.0542287201899435e-06
18000.056 1.9472651671100477e-06
18050.056 1.9218706978109863e-06
18100.056 1.9101241973698465e-06
18150.056 2.0506552883132596e-06
18200.056 1.702061226422028e-06
18250.056 2.172572143760883e-06
18300.056 1.9551120548499667e-06
18350.056 1.945918428847068e-06
18400.056 1.8864130976531444e-06
18450.056 1.7573727275703623e-06
18500.056 1.7784284103099934e-06
18550.056 1.5997039393768976e-06
18600.056 1.4268454347358333e-06
18650.056 1.5766926686752207e-06
18700.056 1.6873822031271058e-06
18750.056 1.6801526153612657e-06
18800.056 1.9059372933401834e-06
18850.056 2.095585410981937e-06
18900.056 1.99564084638367e-06
18950.056 2.2552018060799637e-06
19000.056 2.1950314917497785e-06
19050.056 2.0655949407989283e-06
19100.056 2.319742457940077e-06
19150.056 2.210524863463986e-06
19200.056 2.222935451167114e-06
19250.056 2.0764425201859993e-06
19300.056 2.14939180586781e-06
19350.056 2.059589877071791e-06
19400.056 1.6917956078798895e-06
19450.056 2.0534772523839147e-06
19500.056 2.047453330380045e-06
19550.056 1.7397734078491398e-06
19600.056 1.890279132637942e-06
19650.056 2.015189607967665e-06
19700.056 1.9510382770220913e-06
19750.056 1.8191788171000598e-06
19800.056 1.9800188248498576e-06
19850.056 2.130107930659892e-06
19900.056 1.8277707659101424e-06
19950.056 2.1434363644699435e-06
20000.056 1.973150874810203e-06
20050.056 2.217125450560027e-06
20100.056 2.088621428099519e-06
20150.056 2.2393518970302264e-06
20200.056 2.3020340166500142e-06
20250.056 2.3541167022098917e-06
20300.056 2.339967973230156e-06
20350.056 2.4806554689698795e-06
20400.056 2.4880039655797073e-06
20450.056 2.52711612750976e-06
20500.056 2.603764347129813e-06
20550.056 2.6051938875200287e-06
20600.056 2.724079006300014e-06
20650.056 2.6801917315600187e-06
20700.056 2.7642756159000387e-06
20750.056 2.7548467251999932e-06
20800.056 2.82861490189994e-06
20850.056 2.785995795599967e-06
20900.056 2.869599980599954e-06
20950.056 2.8620977247999873e-06
21000.056 2.874829473400021e-06
21050.056 2.889099101799989e-06
21100.056 2.879507208399998e-06
21150.056 2.9122222838999648e-06
21200.056 2.8978984637000192e-06
21250.056 2.91823046319996e-06
21300.056 2.8693723031000172e-06
21350.056 2.9033103084000036e-06
21400.056 2.862633260100035e-06
21450.056 2.8945654322999985e-06
21500.056 2.8472312526000092e-06
21550.056 2.842730389599996e-06
21600.056 2.8307882706000226e-06
21650.056 2.80223510159999e-06
21700.056 2.8023083922000114e-06
21750.056 2.754405520800005e-06
21800.056 2.7302286284999525e-06
21850.056 2.696616639499987e-06
21900.056 2.6733792866000196e-06
21950.056 2.6001849952000086e-06
22000.056 2.5296682816999966e-06
22050.056 2.4409536175999604e-06
22100.056 2.450308496700043e-06
22150.056 2.474981116000007e-06
22200.056 2.451877844000047e-06
22250.056 2.4823985394000478e-06
22300.056 2.4433789942999916e-06
22350.056 2.407095931900068e-06
22400.056 2.3802973440999673e-06
22450.056 2.3305191125000292e-06
22500.056 2.3379564601000387e-06
22550.056 2.3064609781999506e-06
22600.056 2.306434631300039e-06
22650.056 2.260367431400072e-06
22700.056 2.226712904000046e-06
22750.056 2.2464393252000125e-06
22800.056 2.1920467041999688e-06
22850.056 2.1709039988000393e-06
22900.056 2.1566715365999663e-06
22950.056 1.9268391287300395e-06
23000.056 1.9348984742100575e-06
23050.056 2.007120550019823e-06
23100.056 1.993105535990009e-06
23150.056 2.040467576669986e-06
23200.056 1.9088053532600544e-06
23250.056 1.841593788039921e-06
23300.056 1.7880108099700757e-06
23350.056 1.7998914917699746e-06
23400.056 1.8084175297000535e-06
23450.056 1.8300295097301077e-06
23500.056 1.8980276804400003e-06
23550.056 1.9024236198000942e-06
23600.056 1.8966923285501001e-06
23650.056 1.9710715322798874e-06
23700.056 1.8643746165000187e-06
23750.056 1.881232889510054e-06
23800.056 1.8245655897199652e-06
23850.056 1.7765179811000182e-06
23900.056 1.8698182673301205e-06
23950.056 1.9600463213201167e-06
24000.056 1.9475858107197736e-06
24050.056 1.9318189652901634e-06
24100.056 1.8721153586999887e-06
24150.056 1.8568883665702102e-06
24200.056 1.8542759121598462e-06
24250.056 1.827234589940069e-06
24300.056 1.826756944230105e-06
24350.056 1.680199124799996e-06
24400.056 1.8452676715199741e-06
24450.056 1.676835527359969e-06
24500.056 1.6553953064100512e-06
24550.056 1.5932120134902175e-06
24600.056 1.6157054426300063e-06
24650.056 1.7615008343600954e-06
24700.056 1.477217376179948e-06
24750.056 1.401633107710045e-06
24800.056 1.4527233400799712e-06
24850.056 1.6506759143502475e-06
24900.056 1.2249223381802472e-06
24950.056 1.5625356996500466e-06
25000.056 1.444551839090192e-06
25050.056 1.1463596099801834e-06
25100.056 1.412196009439918e-06
25150.056 1.2211993830379181e-06
25200.056 1.3109927619121337e-06
25250.056 1.1726419086098588e-06
25300.056 1.3192747582090549e-06
25350.056 1.0974942309990117e-06
25400.056 1.3030359161301923e-06
25450.056 1.1049474597179473e-06
25500.056 1.1900520249401366e-06
25550.056 1.163352530840045e-06
25600.056 1.2017257522228536e-06
25650.056 1.04024692078994e-06
25700.056 1.402055267760747e-06
25750.056 9.934983187131119e-07
25800.056 1.3768826401201544e-06
25850.056 1.1559954881969137e-06
25900.056 1.3399368221361928e-06
25950.056 1.0921539932441324e-06
26000.056 1.4102037959502555e-06
26050.056 1.342973793199965e-06
26100.056 1.502332967870131e-06
26150.056 1.4319095868179012e-06
26200.056 1.3832845472090284e-06
26250.056 1.5450647651299438e-06
26300.056 1.439459861543999e-06
26350.056 1.6371537204199827e-06
26400.056 1.6078871713299122e-06
26450.056 1.5848170657499405e-06
26500.056 1.6909907466397577e-06
26550.056 1.5154125275299556e-06
26600.056 1.8019116682999026e-06
26650.056 1.3817042426778817e-06
26700.056 1.3858841226420452e-06
26750.056 1.118234123637622e-06
26800.056 1.2997036420198986e-06
26850.056 9.84420521896117e-07
26900.056 1.3631839091098882e-06
26950.056 9.491910831948823e-07
27000.056 1.3230412845300534e-06
27050.056 1.125397017079915e-06
27100.056 1.136368110286803e-06
27150.056 1.2290090405400671e-06
27200.056 1.1986268824000358e-06
27250.056 1.1306385790201796e-06
27300.056 1.4645404390501284e-06
27350.056 1.321935341089793e-06
27400.056 1.029404017049914e-06
27450.056 1.5642876516698493e-06
27500.056 1.4213511034500109e-06
27550.056 1.1840861555298887e-06
27600.056 1.5509683265199617e-06
27650.056 1.1575545760539917e-06
27700.056 1.076446438459959e-06
27750.056 1.5533911809398188e-06
27800.056 1.1346722773799415e-06
27850.056 1.187435989789852e-06
27900.056 1.2773937232249421e-06
27950.056 1.5610347506299568e-06
28000.056 1.3453603290401121e-06
28050.056 9.864147266502073e-07
28100.056 1.6136935283802087e-06
28150.056 1.2330351532900233e-06
28200.056 1.0119496786639739e-06
28250.056 1.4468938648999277e-06
28300.056 1.628184898360257e-06
28350.056 1.0794823183398218e-06
28400.056 1.3592468282900974e-06
28450.056 1.495555153489903e-06
28500.056 1.3789041723598632e-06
28550.056 9.125929421098527e-07
28600.056 1.6352634256100598e-06
28650.056 1.421342353840046e-06
28700.056 1.2480952478999155e-06
28750.056 1.4882894070699925e-06
