galfind/configs/Brown_Dwarf_templates/sonora_bobcat/m-0.5/3160g/sp_t1200g3160nc_m-0.5_resample.dat
# %ECSV 1.0
# ---
# datatype:
# - {name: wav, unit: Angstrom, datatype: float64}
# - {name: flux_nu, unit: erg / (cm2 Hz s), datatype: float64}
# meta: {C/O: '1.00', Kzz: '1.0000E+05', Teff: '1200.', Y: '0.28', '[Fe/H]': '-0.50', f_hole: '1.00', f_rain: '0.00', grav: '3160.'}
# schema: astropy-2.0
wav flux_nu
4000.0559999999996 nan
4050.0559999999996 4.0153475784709634e-12
4100.056 1.16483722221997e-10
4150.056 2.648667533050064e-10
4200.056 2.654195596046561e-10
4250.056 3.697300067440081e-10
4300.056 4.783584567300147e-10
4350.056 4.935028899600028e-10
4400.056 5.883747162300026e-10
4450.056 6.317244236500128e-10
4500.056 6.060328115900124e-10
4550.056 7.512834557799918e-10
4600.056 7.135564984199958e-10
4650.056 6.294307085199955e-10
4700.056 6.52885818209998e-10
4750.056 3.778547256399951e-10
4800.056 1.1237212995699896e-10
4850.056 3.5802022863999364e-11
4900.056 1.3082736086099877e-11
4950.056 4.705986008899944e-12
5000.056 1.179483011239982e-12
5050.056 3.1198339295999767e-13
5100.056 2.1365532654999942e-13
5150.056 1.6518934347999937e-13
5200.056 1.2902433376999967e-13
5250.056 9.98360729039997e-14
5300.056 7.945864696299979e-14
5350.056 6.654222451699989e-14
5400.056 5.85825995199999e-14
5450.056 5.3103970370999864e-14
5500.056 4.926560799199995e-14
5550.056 4.654643375299998e-14
5600.056 4.450216790499994e-14
5650.056 4.2603480545999985e-14
5700.056 4.058674533999999e-14
5750.056 3.688399091999993e-14
5800.056 3.1280388268999915e-14
5850.056 2.1499250205999772e-14
5900.056 7.16655339967005e-15
5950.056 4.2633634977000476e-14
6000.056 9.082420593600086e-14
6050.056 1.6525226564000128e-13
6100.056 2.828583205700018e-13
6150.056 4.778567046700034e-13
6200.056 8.126818288800054e-13
6250.056 1.4016637576000111e-12
6300.056 2.4379326625000212e-12
6350.056 4.284521592700038e-12
6400.056 7.533050458600063e-12
6450.056 1.3109237358200103e-11
6500.056 2.227385564400016e-11
6550.056 3.706175729900031e-11
6600.056 6.037663171300046e-11
6650.056 9.557557877200065e-11
6700.056 1.1245426962220077e-10
6750.056 2.1155579582000138e-10
6800.056 2.915921494000011e-10
6850.056 3.3853518649000024e-10
6900.056 3.2198544040999936e-10
6950.056 2.803787002799994e-10
7000.056 2.695329300900004e-10
7050.056 2.937083057700003e-10
7100.056 3.2386384304000047e-10
7150.056 3.448167883299998e-10
7200.056 3.4054194725000067e-10
7250.056 3.0911944268999833e-10
7300.056 2.634892136999994e-10
7350.056 2.1454884787999905e-10
7400.056 1.6967397904999932e-10
7450.056 1.283635883699993e-10
7500.056 9.213287658799938e-11
7550.056 6.156888743499948e-11
7600.056 3.9014403378999557e-11
7650.056 8.164855120527558e-12
7700.056 4.967338551308248e-12
7750.056 2.7936618281000623e-11
7800.056 6.356972636010139e-11
7850.056 1.582247828400022e-10
7900.056 2.9325961086000314e-10
7950.056 3.900301936414063e-10
8000.056 8.277582244900081e-10
8050.056 1.264421658700011e-09
8100.056 1.8345753911000115e-09
8150.056 2.555588442300021e-09
8200.056 3.454319518600046e-09
8250.056 4.546701477200044e-09
8300.056 5.871210856100098e-09
8350.056 7.414527559900054e-09
8400.056 9.259051841600058e-09
8450.056 1.1526021930000081e-08
8500.056 1.2398979143789637e-08
8550.056 1.618664416650058e-08
8600.056 2.0242193547000122e-08
8650.056 2.2998375480000127e-08
8700.056 2.752058295000001e-08
8750.056 3.2402296965000235e-08
8800.056 3.813966259500021e-08
8850.056 4.416346095100023e-08
8900.056 4.956453554800021e-08
8950.056 4.591815526339997e-08
9000.056 6.482961776300028e-08
9050.056 7.688110420800055e-08
9100.056 8.842646318700105e-08
9150.056 9.974421622800061e-08
9200.056 1.1349963208799919e-07
9250.056 1.2222158685899742e-07
9300.056 9.210148938299837e-08
9350.056 1.1739808674100515e-07
9400.056 1.5432633966399838e-07
9450.056 1.6271295059400415e-07
9500.056 1.7328749493999092e-07
9550.056 1.9161788534301157e-07
9600.056 2.0431371750000243e-07
9650.056 2.2817099465400432e-07
9700.056 2.6326748431299316e-07
9750.056 2.834767793590051e-07
9800.056 3.0891609283999765e-07
9850.056 3.289068307999989e-07
9900.056 2.641270128899949e-07
9950.056 2.4970546917000047e-07
10000.056 1.9600970079300195e-07
10050.056 2.631265474500001e-07
10100.056 2.981616060400026e-07
10150.056 3.0802158323999974e-07
10200.056 3.325008090200012e-07
10250.056 3.539794190200008e-07
10300.056 3.7336962775999966e-07
10350.056 4.110256152600065e-07
10400.056 4.373432910299971e-07
10450.056 4.615288637399994e-07
10500.056 4.745620442200004e-07
10550.056 4.883513595100015e-07
10600.056 5.145976034400003e-07
10650.056 5.373610155800043e-07
10700.056 5.65346563360003e-07
10750.056 5.884164763900027e-07
10800.056 6.09710963350001e-07
10850.056 6.390578211000019e-07
10900.056 6.319358727599982e-07
10950.056 5.715757605599959e-07
11000.056 5.072883229399868e-07
11050.056 4.3771756837999576e-07
11100.056 3.640813669650015e-07
11150.056 3.216503202435948e-07
11200.056 3.564793631587332e-07
11250.056 4.3738592914259803e-07
11300.056 4.405129449871922e-07
11350.056 2.8260813035029694e-07
11400.056 4.384790282580167e-07
11450.056 4.013021374520152e-07
11500.056 4.5409581397199575e-07
11550.056 3.744595787744021e-07
11600.056 3.7532205396937297e-07
11650.056 4.0624070700900596e-07
11700.056 3.3738490127999824e-07
11750.056 3.012752848899826e-07
11800.056 3.787740750780095e-07
11850.056 5.392682418600081e-07
11900.056 6.30062251789986e-07
11950.056 6.770880160100101e-07
12000.056 6.986774295500016e-07
12050.056 7.748150581300096e-07
12100.056 8.160660972999972e-07
12150.056 8.917822670899993e-07
12200.056 9.268251072599953e-07
12250.056 9.825483820900011e-07
12300.056 1.0297667175600037e-06
12350.056 1.0292028203499996e-06
12400.056 1.0054254185399948e-06
12450.056 1.0140369086600068e-06
12500.056 1.0279313738399987e-06
12550.056 1.0845147356500111e-06
12600.056 1.206728905300003e-06
12650.056 1.2368657873000037e-06
12700.056 1.2891777882000067e-06
12750.056 1.2759774407999998e-06
12800.056 1.2880893214000032e-06
12850.056 1.2369098063099935e-06
12900.056 1.204304763040002e-06
12950.056 1.1996175130999997e-06
13000.056 1.2048544949500072e-06
13050.056 1.182550283639988e-06
13100.056 1.173965311589971e-06
13150.056 1.097929282050019e-06
13200.056 1.0493721412899916e-06
13250.056 8.629244722419929e-07
13300.056 5.904826883503532e-07
13350.056 2.2673008889689777e-07
13400.056 9.925860782222604e-08
13450.056 7.37323652027648e-08
13500.056 4.9711490851251335e-08
13550.056 3.94423237377617e-08
13600.056 3.5123042277826684e-08
13650.056 7.506527702418142e-08
13700.056 6.230843492168079e-08
13750.056 8.865407078808911e-08
13800.056 1.0586904908022396e-07
13850.056 7.178925292781969e-08
13900.056 6.627020712296127e-08
13950.056 6.334089343045871e-08
14000.056 6.5003528495271e-08
14050.056 7.960570797503482e-08
14100.056 6.084117133364152e-08
14150.056 7.759485608341761e-08
14200.056 6.505563962902192e-08
14250.056 6.47991615347568e-08
14300.056 9.686334144012225e-08
14350.056 9.667381337918657e-08
14400.056 9.870914552858471e-08
14450.056 1.1966659801898506e-07
14500.056 1.6629019663824347e-07
14550.056 1.641176253380987e-07
14600.056 2.3685771461500938e-07
14650.056 2.228765357174811e-07
14700.056 1.851486927414018e-07
14750.056 2.287937115625172e-07
14800.056 2.539298998774069e-07
14850.056 2.824889139269972e-07
14900.056 2.7691011434439327e-07
14950.056 3.147418772100086e-07
15000.056 3.46801085027996e-07
15050.056 3.928739124649866e-07
15100.056 4.02120697179997e-07
15150.056 4.300375329730094e-07
15200.056 4.582934251599792e-07
15250.056 5.115841887700108e-07
15300.056 5.392562195299946e-07
15350.056 5.875619518999922e-07
15400.056 6.203856751000101e-07
15450.056 6.453283779600168e-07
15500.056 6.622556254700024e-07
15550.056 6.964509793299948e-07
15600.056 7.158238994400007e-07
15650.056 7.22025178420007e-07
15700.056 7.474755257100005e-07
15750.056 7.511173985400025e-07
15800.056 7.491185411399993e-07
15850.056 7.510092513499999e-07
15900.056 7.334263251399998e-07
15950.056 7.122368628199947e-07
16000.056 6.746461650599997e-07
16050.056 6.139565304099951e-07
16100.056 5.580252609599932e-07
16150.056 4.946910124999862e-07
16200.056 4.319550282899994e-07
16250.056 4.1361740949898985e-07
16300.056 3.900228925489962e-07
16350.056 4.021080475684044e-07
16400.056 4.1550725620801085e-07
16450.056 4.2947887335500066e-07
16500.056 4.4947345517000396e-07
16550.056 4.4355904238999356e-07
16600.056 4.4456108692000883e-07
16650.056 3.5190260594800197e-07
16700.056 2.912715605250129e-07
16750.056 3.316212445000008e-07
16800.056 3.770696933790058e-07
16850.056 3.741713972759772e-07
16900.056 3.609911054310154e-07
16950.056 3.391702416479851e-07
17000.056 3.199482349800249e-07
17050.056 3.566382267900111e-07
17100.056 3.692166118499999e-07
17150.056 3.476760975899967e-07
17200.056 3.704338165899895e-07
17250.056 3.4687824354998355e-07
17300.056 3.255265967600049e-07
17350.056 3.037567660719935e-07
17400.056 2.933279016319933e-07
17450.056 2.855085235769768e-07
17500.056 2.82893754261036e-07
17550.056 2.532823706729931e-07
17600.056 2.4048125053000617e-07
17650.056 2.3004772013422138e-07
17700.056 1.930876424391901e-07
17750.056 1.7227754670539964e-07
17800.056 1.8073675160935676e-07
17850.056 1.3769500549294195e-07
17900.056 1.5474406398477222e-07
17950.056 1.2624246968999998e-07
18000.056 1.2989568209165293e-07
18050.056 1.1206104906693427e-07
18100.056 1.1901170938788198e-07
18150.056 1.306683196735879e-07
18200.056 9.631421202882505e-08
18250.056 1.605889187857843e-07
18300.056 1.1137620820685223e-07
18350.056 1.1071964842924156e-07
18400.056 1.004555454615698e-07
18450.056 1.1904308242263799e-07
18500.056 1.1506341996283197e-07
18550.056 9.170648189803963e-08
18600.056 8.35353549705322e-08
18650.056 8.130956800921602e-08
18700.056 7.707094979754902e-08
18750.056 9.854975342164555e-08
18800.056 1.494882149713461e-07
18850.056 1.5815321997253943e-07
18900.056 1.455097832848052e-07
18950.056 1.983509404672226e-07
19000.056 1.5332384130072503e-07
19050.056 1.2496607523578688e-07
19100.056 1.7197041371190902e-07
19150.056 1.3479787922719247e-07
19200.056 1.506690635080889e-07
19250.056 1.255678579113019e-07
19300.056 1.2329627022951993e-07
19350.056 1.1642006330466131e-07
19400.056 8.591438342750324e-08
19450.056 1.2749609079756847e-07
19500.056 1.276793621245496e-07
19550.056 1.0579057799676555e-07
19600.056 1.2314599657705268e-07
19650.056 1.4458706775223014e-07
19700.056 1.400792769120592e-07
19750.056 1.4224275937970723e-07
19800.056 1.5440586402268812e-07
19850.056 1.8630574458469392e-07
19900.056 1.5149707461059926e-07
19950.056 2.0022635869899674e-07
20000.056 1.8264732186201834e-07
20050.056 2.1150828603600676e-07
20100.056 2.0960564699417492e-07
20150.056 2.1956251560802233e-07
20200.056 2.2583535230103653e-07
20250.056 2.4256905158999564e-07
20300.056 2.399709674090078e-07
20350.056 2.5718746299998925e-07
20400.056 2.5495883571198155e-07
20450.056 2.6981287950999427e-07
20500.056 2.759495901499794e-07
20550.056 2.771072280200096e-07
20600.056 2.8730280260000403e-07
20650.056 2.8708785716000237e-07
20700.056 2.905761210100028e-07
20750.056 2.909613232499985e-07
20800.056 2.9409508877999483e-07
20850.056 2.928204545099988e-07
20900.056 2.956049129999943e-07
20950.056 2.927222106800027e-07
21000.056 2.910164056800012e-07
21050.056 2.894411457599981e-07
21100.056 2.871597147300005e-07
21150.056 2.8674688096999186e-07
21200.056 2.824593680200023e-07
21250.056 2.79837793519992e-07
21300.056 2.733422425299972e-07
21350.056 2.707517973600018e-07
21400.056 2.680807607800089e-07
21450.056 2.620363748800023e-07
21500.056 2.5638378644000126e-07
21550.056 2.5200677025000095e-07
21600.056 2.443523458700031e-07
21650.056 2.371556688200025e-07
21700.056 2.3632140630000073e-07
21750.056 2.246203990950054e-07
21800.056 2.1471421726399555e-07
21850.056 2.052980632230031e-07
21900.056 1.905597094499991e-07
21950.056 1.6629957386000508e-07
22000.056 1.2373541124799857e-07
22050.056 1.1173081561099819e-07
22100.056 1.3520664583400744e-07
22150.056 1.4262335646898744e-07
22200.056 1.4547732035499847e-07
22250.056 1.441841457150016e-07
22300.056 1.285409131409992e-07
22350.056 1.2967922923440553e-07
22400.056 1.1348339567598882e-07
22450.056 1.0713583135850019e-07
22500.056 1.1042052252301393e-07
22550.056 9.972237885660015e-08
22600.056 1.0056588192240502e-07
22650.056 1.0324124957181394e-07
22700.056 9.799269494559832e-08
22750.056 9.857526662260043e-08
22800.056 9.928959394059502e-08
22850.056 8.980109187810508e-08
22900.056 8.908123534179424e-08
22950.056 8.588967182799406e-08
23000.056 9.592829327599945e-08
23050.056 1.1004285041409737e-07
23100.056 1.3763726509700543e-07
23150.056 1.258753048411899e-07
23200.056 7.234171855379587e-08
23250.056 8.736384842500809e-08
23300.056 7.778813662381225e-08
23350.056 7.746623823580639e-08
23400.056 7.566041127360494e-08
23450.056 7.552928867460065e-08
23500.056 7.98316201541136e-08
23550.056 9.326016108320649e-08
23600.056 1.0285025575249092e-07
23650.056 1.1522538351499372e-07
23700.056 7.47580597248173e-08
23750.056 7.780499897399216e-08
23800.056 8.653689183499677e-08
23850.056 8.988895264620704e-08
23900.056 1.1264853748540514e-07
23950.056 1.1175412474450814e-07
24000.056 1.2614537857099806e-07
24050.056 1.2717263345160572e-07
24100.056 1.235046510617986e-07
24150.056 1.3340828541301618e-07
24200.056 1.3163413334630426e-07
24250.056 1.3037070119e-07
24300.056 1.401356681796072e-07
24350.056 1.2666570888129125e-07
24400.056 1.4942385162400146e-07
24450.056 1.3646544258298757e-07
24500.056 1.3815489989399326e-07
24550.056 1.4245468314622092e-07
24600.056 1.4227522706499686e-07
24650.056 1.6495807437501102e-07
24700.056 1.2686909004689095e-07
24750.056 1.2577747620259372e-07
24800.056 1.2940565621240223e-07
24850.056 1.632698195182246e-07
24900.056 9.909983677952034e-08
24950.056 1.5064602362309804e-07
25000.056 1.333771374745133e-07
25050.056 9.404260173925283e-08
25100.056 1.3124694719008955e-07
25150.056 9.729738400113601e-08
25200.056 1.1564675912727197e-07
25250.056 8.211711215870037e-08
25300.056 1.0768968502123958e-07
25350.056 7.301438815677795e-08
25400.056 1.1483025215321402e-07
25450.056 7.37792033012006e-08
25500.056 8.050685099921036e-08
25550.056 9.060025595181242e-08
25600.056 8.827953036691118e-08
25650.056 6.068003503078177e-08
25700.056 1.0339358077333105e-07
25750.056 5.541044424967921e-08
25800.056 1.1433271189811549e-07
25850.056 6.533288297065389e-08
25900.056 9.332574046772191e-08
25950.056 5.5028368876383e-08
26000.056 1.1701717550033189e-07
26050.056 7.699867720669137e-08
26100.056 1.243990908632455e-07
26150.056 1.0173611060504727e-07
26200.056 1.0360428593509876e-07
26250.056 1.567232676040049e-07
26300.056 1.1307837734203853e-07
26350.056 1.7807343936957957e-07
26400.056 1.5894008323237436e-07
26450.056 1.609269496883106e-07
26500.056 1.8022014860977864e-07
26550.056 1.1522083749956517e-07
26600.056 1.4543456519638585e-07
26650.056 8.391880472529867e-08
26700.056 7.724479429105329e-08
26750.056 5.6864143966413163e-08
26800.056 7.997408891871874e-08
26850.056 5.068135291660187e-08
26900.056 9.732030046701347e-08
26950.056 5.817157740351892e-08
27000.056 1.1414426114662238e-07
27050.056 9.593879044379021e-08
27100.056 7.992321080166375e-08
27150.056 1.2308434252401697e-07
27200.056 8.415882004406194e-08
27250.056 9.799341999250769e-08
27300.056 1.868244865874084e-07
27350.056 1.394007688037946e-07
27400.056 6.001350306815859e-08
27450.056 1.686905905747058e-07
27500.056 1.7059251450953395e-07
27550.056 8.750560760501519e-08
27600.056 1.4559520616420349e-07
27650.056 8.263920985464734e-08
27700.056 6.95583283506328e-08
27750.056 1.5230718926020523e-07
27800.056 8.556135511228077e-08
27850.056 9.361701193149633e-08
27900.056 1.0819419603844756e-07
27950.056 1.6472206287540558e-07
28000.056 1.2527224128489528e-07
28050.056 6.326907238855122e-08
28100.056 1.6567878694105948e-07
28150.056 1.0875461853810224e-07
28200.056 7.02254878717989e-08
28250.056 1.6224176760399188e-07
28300.056 1.8331248532863897e-07
28350.056 8.054086121397562e-08
28400.056 1.3537253969351026e-07
28450.056 1.7884782838648374e-07
28500.056 1.3360567216458868e-07
28550.056 6.56979815007948e-08
28600.056 1.843427594451012e-07
28650.056 1.5276735765781834e-07
28700.056 1.3200364752367625e-07
28750.056 1.868552408053923e-07
28800.056 1.679918805047318e-07
28850.056 1.781123695913957e-07
