galfind/configs/Brown_Dwarf_templates/sonora_bobcat/m-0.5/3160g/sp_t1100g3160nc_m-0.5_resample.dat
# %ECSV 1.0
# ---
# datatype:
# - {name: wav, unit: Angstrom, datatype: float64}
# - {name: flux_nu, unit: erg / (cm2 Hz s), datatype: float64}
# meta: {C/O: '1.00', Kzz: '1.0000E+05', Teff: '1100.', Y: '0.28', '[Fe/H]': '-0.50', f_hole: '1.00', f_rain: '0.00', grav: '3160.'}
# schema: astropy-2.0
wav flux_nu
[from data line 499]
28950.056 1.3299084285648092e-07
29000.056 1.150424986783824e-07
29050.056 1.3035693651822303e-07
29100.056 9.129131370571454e-08
29150.056 1.771224569207066e-07
29200.056 1.1177853336619853e-07
29250.056 1.4928158522310078e-07
29300.056 9.50929469765072e-08
29350.056 2.419282622020072e-07
29400.056 1.312938530609056e-07
29450.056 1.3941226403147898e-07
29500.056 1.565817369197089e-07
29550.056 1.4442209675471636e-07
29600.056 1.6669362090687473e-07
29650.056 1.595581070349972e-07
29700.056 1.454822999067008e-07
29750.056 1.7893607722531036e-07
29800.056 1.824398947230919e-07
29850.056 1.8734721570397088e-07
29900.056 1.9571388302805905e-07
29950.056 1.9727038724414943e-07
30000.056 8.529781968110755e-08
30050.056 1.1112292437300533e-07
30100.056 1.3514031756999914e-07
30150.056 2.086837457819967e-07
30200.056 1.735731397850002e-07
30250.056 2.471634080800199e-07
30300.056 2.0857245927599014e-07
30350.056 2.0443411773601373e-07
30400.056 2.463132244310147e-07
30450.056 1.7249180383651813e-07
30500.056 1.7548148297199898e-07
30550.056 1.8242023965900326e-07
30600.056 2.2151549260600773e-07
30650.056 1.842474237979989e-07
30700.056 1.6262484052618295e-07
30750.056 1.7350350931198032e-07
30800.056 1.646428919130273e-07
30850.056 1.4660835271097883e-07
30900.056 1.3520686001897134e-07
30950.056 1.1637438480522188e-07
31000.056 1.1961502484601406e-07
31050.056 1.471459302559982e-07
31100.056 1.0220579640700266e-07
31150.056 1.1814351565119153e-07
31200.056 1.4224827720201428e-07
31250.056 9.909080578719545e-08
31300.056 1.0130669290018289e-07
31350.056 9.955891910481057e-08
31400.056 8.055485574580417e-08
31450.056 9.357366421698619e-08
31500.056 6.711918872288914e-08
31550.056 7.797569184499087e-08
31600.056 6.742538033650926e-08
31650.056 5.8818025144206e-08
31700.056 6.939285525899492e-08
31750.056 5.019558676033018e-08
31800.056 6.91805718269909e-08
31850.056 4.7799622615966386e-08
31900.056 6.454079975000902e-08
31950.056 4.276394652160838e-08
32000.056 5.7400632258241096e-08
32050.056 5.576853467210626e-08
32100.056 5.072681030349668e-08
32150.056 6.299877960819786e-08
32200.056 4.7984261367301056e-08
32250.056 7.30961143321139e-08
32300.056 4.344875438167078e-08
32350.056 7.792006108420784e-08
32400.056 4.773316455919952e-08
32450.056 7.455580739058391e-08
32500.056 6.304548152791529e-08
32550.056 7.150751579799642e-08
32600.056 7.794649009512118e-08
32650.056 8.676673407298387e-08
32700.056 8.873163179401098e-08
32750.056 1.029927153350084e-07
32800.056 1.0806826217341309e-07
32850.056 1.2087714655200569e-07
32900.056 1.2628624599820494e-07
32950.056 1.2744667378000082e-07
33000.056 1.1284980747899026e-07
33050.056 1.1174077312000376e-07
33100.056 6.814102901298966e-08
33150.056 1.2128856986872248e-08
33200.056 1.3577214649792488e-08
33250.056 1.239778619859604e-08
33300.056 1.6210621204404393e-08
33350.056 2.5432917182201863e-08
33400.056 3.686268149199718e-08
33450.056 4.601711896947159e-08
33500.056 7.051302051700702e-08
33550.056 6.359024049900508e-08
33600.056 9.032403648298917e-08
33650.056 9.995150264901247e-08
33700.056 7.485284963489111e-08
33750.056 1.1786227271099552e-07
33800.056 7.143551728508625e-08
33850.056 9.710407317599642e-08
33900.056 8.081079911739389e-08
33950.056 8.790990293999565e-08
34000.056 1.0636580870800307e-07
34050.056 6.160196544539754e-08
34100.056 1.0169665415900423e-07
34150.056 6.871005653959594e-08
34200.056 8.54047963305778e-08
34250.056 8.586953529998383e-08
34300.056 6.514158371077578e-08
34350.056 8.673286831101015e-08
34400.056 6.116958101319835e-08
34450.056 9.06535598269906e-08
34500.056 8.360058548699348e-08
34550.056 5.819779566580251e-08
34600.056 1.0571642470899982e-07
34650.056 6.513062004859613e-08
34700.056 9.047315233399786e-08
34750.056 9.037016448698638e-08
34800.056 6.924657367389748e-08
34850.056 1.0680329569200166e-07
34900.056 8.254912260058441e-08
34950.056 9.600722797298644e-08
35000.056 1.3194583601250691e-07
35050.056 8.16114771832146e-08
35100.056 1.2187546289600003e-07
35150.056 1.2013984927579948e-07
35200.056 1.125641649250026e-07
35250.056 1.5647720516396674e-07
35300.056 9.669515336500876e-08
35350.056 1.2429173254199245e-07
35400.056 1.3943123609600656e-07
35450.056 9.681017689202585e-08
35500.056 1.681816758469938e-07
35550.056 1.3817979201100438e-07
35600.056 1.458823080340311e-07
35650.056 1.7160581505902163e-07
35700.056 1.3316219197299555e-07
35750.056 1.781907211319991e-07
35800.056 2.0384603382600032e-07
35850.056 1.4257530080000673e-07
35900.056 2.0556624884500936e-07
35950.056 2.0104201977798316e-07
36000.056 1.9812922661002345e-07
36050.056 2.1724258651999434e-07
36100.056 1.8665635194194183e-07
36150.056 2.3065099023400003e-07
36200.056 2.5562851292998794e-07
36250.056 2.133183129499753e-07
36300.056 2.7394969456301866e-07
36350.056 2.6256284925999984e-07
36400.056 2.718257842299986e-07
36450.056 2.8063906822098376e-07
36500.056 2.798046850479778e-07
36550.056 3.2982091882004417e-07
36600.056 3.537224732099976e-07
36650.056 3.113376299079659e-07
36700.056 3.3880542798200525e-07
36750.056 3.7975618378001076e-07
36800.056 3.7751768079999394e-07
36850.056 3.654709921279523e-07
36900.056 3.701976549479965e-07
36950.056 4.2212089651997705e-07
37000.056 3.991965050799921e-07
37050.056 4.198276463000301e-07
37100.056 4.016523934609756e-07
37150.056 4.300262536100219e-07
37200.056 4.709579197399914e-07
37250.056 4.1875140276995646e-07
37300.056 3.935097944049393e-07
37350.056 4.6521544670001426e-07
37400.056 5.290751573599918e-07
37450.056 4.4482419372799215e-07
37500.056 4.5713369118999194e-07
37550.056 5.438367318000697e-07
37600.056 5.771577677500169e-07
37650.056 4.5919716275004054e-07
37700.056 5.495673797400246e-07
37750.056 4.80494171100044e-07
37800.056 5.418182189300469e-07
37850.056 4.6226383496000136e-07
37900.056 5.07777490640033e-07
37950.056 5.398758510199891e-07
38000.056 5.669665688399914e-07
38050.056 5.587942024000312e-07
38100.056 5.980262574000205e-07
38150.056 6.200505768599933e-07
38200.056 6.090514565300129e-07
38250.056 5.995019378900091e-07
38300.056 6.773405757199567e-07
38350.056 6.87082484850025e-07
38400.056 5.870333004199681e-07
38450.056 6.125385923199574e-07
38500.056 5.823957521300346e-07
38550.056 6.668413797800268e-07
38600.056 6.468754290399574e-07
38650.056 6.69709502149993e-07
38700.056 7.045653464100038e-07
38750.056 6.868857887699925e-07
38800.056 6.59705967009977e-07
38850.056 6.988656895600213e-07
38900.056 7.28255808669973e-07
38950.056 6.980333261600021e-07
39000.056 7.154769635199827e-07
39050.056 7.279468340800239e-07
39100.056 7.066680762300198e-07
39150.056 7.618398910700001e-07
39200.056 7.219761239299932e-07
39250.056 7.636492044099982e-07
39300.056 7.489997495299796e-07
39350.056 7.87275619030007e-07
39400.056 7.578720742400142e-07
39450.056 7.824887324700062e-07
39500.056 7.891984796099985e-07
39550.056 7.545815504600576e-07
39600.056 7.94516146579972e-07
39650.056 8.319038570299926e-07
39700.056 8.030270365800243e-07
39750.056 7.545945045500403e-07
39800.056 7.665812283399974e-07
39850.056 8.491171581000046e-07
39900.056 8.444869881300035e-07
39950.056 8.236083720899893e-07
40000.056 8.48200122579999e-07
40050.056 8.319329034200059e-07
40100.056 7.674186070400205e-07
40150.056 8.468467874500118e-07
40200.056 8.637538757199724e-07
40250.056 8.364551220899484e-07
40300.056 8.494476003000274e-07
40350.056 8.15079434819974e-07
40400.056 8.592938585800143e-07
40450.056 8.200941597500063e-07
40500.056 8.45303586110012e-07
40550.056 8.889001117099785e-07
40600.056 8.422842725700092e-07
40650.056 8.420517958999503e-07
40700.056 9.246609823899916e-07
40750.056 8.250406618299353e-07
40800.056 7.928509162799362e-07
40850.056 8.895886382600238e-07
40900.056 8.851238609199889e-07
40950.056 8.361281624899946e-07
41000.056 8.420366433199878e-07
41050.056 8.791389391699747e-07
41100.056 8.533720993199694e-07
41150.056 7.837302008499788e-07
41200.056 8.765954901300122e-07
41250.056 8.370166588599786e-07
41300.056 7.83909759109971e-07
41350.056 8.807695355100074e-07
41400.056 8.295340018000214e-07
41450.056 8.743841869100012e-07
41500.056 8.06984764609958e-07
41550.056 7.678713572400418e-07
41600.056 7.998756571400238e-07
41650.056 8.473176088000181e-07
41700.056 7.928351816099609e-07
41750.056 8.047116352199852e-07
41800.056 8.792926045599973e-07
41850.056 6.762521182700124e-07
41900.056 7.793101069099532e-07
41950.056 8.586204451100135e-07
42000.056 8.374241032499997e-07
42050.056 7.460867597399997e-07
42100.056 8.843862831499947e-07
42150.056 7.026796097700047e-07
42200.056 7.184806272199649e-07
42250.056 7.906425776999966e-07
42300.056 7.538841216799877e-07
42350.056 8.137725813100312e-07
42400.056 8.116224499500108e-07
42450.056 6.859355415600405e-07
42500.056 7.165824881699821e-07
42550.056 6.845185383800052e-07
42600.056 7.586362688800427e-07
42650.056 8.557270239799705e-07
42700.056 7.592105780299391e-07
42750.056 6.342597160800635e-07
42800.056 7.372904095300098e-07
42850.056 7.875752143799298e-07
42900.056 7.922624029900446e-07
42950.056 6.689772439499464e-07
43000.056 7.432518574899858e-07
43050.056 5.511740360001268e-07
43100.056 7.063227124399789e-07
43150.056 6.493835171200219e-07
43200.056 6.644975511899994e-07
43250.056 8.069776362000227e-07
43300.056 7.909063360100006e-07
43350.056 5.600822507699294e-07
43400.056 7.102587616200278e-07
43450.056 6.350837562700589e-07
43500.056 6.745119757499838e-07
43550.056 6.680471672799933e-07
43600.056 7.826687204900299e-07
43650.056 5.728898475099984e-07
43700.056 8.06274374310049e-07
43750.056 7.645114850000056e-07
43800.056 7.283944056399416e-07
43850.056 6.715105467100797e-07
43900.056 7.24184404659982e-07
43950.056 5.953472844399717e-07
44000.056 5.305837420200141e-07
44050.056 7.535031176500249e-07
44100.056 8.529793082900198e-07
44150.056 8.726230428099774e-07
44200.056 7.930759483000098e-07
44250.056 6.224373960399922e-07
44300.056 5.305917905900534e-07
44350.056 6.054692377500288e-07
44400.056 6.048995949499754e-07
44450.056 7.346721807200167e-07
44500.056 6.894375963800808e-07
44550.056 8.026568027499875e-07
44600.056 7.396369082800232e-07
44650.056 7.239619124899783e-07
44700.056 6.033018634899629e-07
44750.056 6.58798611810085e-07
44800.056 6.357881109400266e-07
44850.056 7.748902063500302e-07
44900.056 6.517464766200043e-07
44950.056 6.779689583800466e-07
45000.056 7.14776987120012e-07
45050.056 7.196112915499791e-07
45100.056 7.219743210600245e-07
45150.056 7.181219392999992e-07
45200.056 5.826906609000073e-07
45250.056 6.361724685099487e-07
45300.056 6.28956499190038e-07
45350.056 5.582951643279667e-07
45400.056 7.55781504140035e-07
45450.056 7.474132079000026e-07
45500.056 7.350766306500142e-07
45550.056 8.102771029899678e-07
45600.056 7.895087225100179e-07
45650.056 7.305803757499465e-07
45700.056 5.938049939120005e-07
45750.056 5.615881579600051e-07
45800.056 7.960058689800114e-07
45850.056 7.864866185200049e-07
45900.056 8.040149346300095e-07
45950.056 6.850869401999981e-07
46000.056 7.727132978400561e-07
46050.056 7.138607062199991e-07
46100.056 7.979432375599827e-07
46150.056 6.454533917999954e-07
46200.056 6.117061382100052e-07
46250.056 4.2541449424396295e-07
46300.056 6.789338307199955e-07
46350.056 7.056821761100132e-07
46400.056 6.958063607900256e-07
46450.056 6.194179242999758e-07
46500.056 6.464271803400722e-07
46550.056 5.694000030100142e-07
46600.056 6.114470960499433e-07
46650.056 7.49895738870041e-07
46700.056 6.568777100999532e-07
46750.056 4.701893647200496e-07
46800.056 4.032858055300151e-07
46850.056 7.43828614770047e-07
46900.056 7.490310091799775e-07
46950.056 7.198846901899745e-07
47000.056 6.890241045500336e-07
47050.056 6.234145395499113e-07
47100.056 5.096076161500138e-07
47150.056 6.31007546060049e-07
47200.056 7.084985934899905e-07
47250.056 5.162567076599638e-07
47300.056 4.058126351880294e-07
47350.056 7.397957958200005e-07
47400.056 7.195349290199795e-07
47450.056 6.492076756700212e-07
47500.056 7.211087386799815e-07
47550.056 6.465563895600136e-07
47600.056 6.842256122599687e-07
47650.056 6.623808042999509e-07
47700.056 6.155905156100715e-07
47750.056 5.211461449899973e-07
47800.056 5.0596030632003e-07
47850.056 3.6509973038500737e-07
47900.056 4.470722457519739e-07
47950.056 6.608754670300098e-07
48000.056 7.231924856500069e-07
48050.056 6.892042627199668e-07
48100.056 4.464298212980031e-07
48150.056 5.654196440900132e-07
48200.056 5.344583818299897e-07
48250.056 5.938768907399867e-07
48300.056 7.176990554699969e-07
48350.056 5.317067858899874e-07
48400.056 3.111267622319578e-07
48450.056 4.93588906840078e-07
48500.056 6.018729777099262e-07
48550.056 5.951633889200334e-07
48600.056 6.117360937300092e-07
48650.056 6.674603551499933e-07
48700.056 5.910698279799964e-07
48750.056 3.9042839675007593e-07
48800.056 6.15264514390032e-07
48850.056 4.697720316899347e-07
48900.056 6.315894112599826e-07
48950.056 4.852545790299931e-07
49000.056 3.3766859236401337e-07
49050.056 5.975250701499522e-07
49100.056 6.128996316100459e-07
49150.056 5.055280868219894e-07
49200.056 6.376226609800293e-07
49250.056 5.904755701800195e-07
49300.056 5.462290382399745e-07
49350.056 3.817922759700549e-07
49400.056 5.046601414999295e-07
49450.056 4.92044818380103e-07
49500.056 4.43002507349963e-07
49550.056 2.662291877299936e-07
49600.056 3.936284626820508e-07
49650.056 4.6153986633996883e-07
49700.056 4.6917788101993244e-07
49750.056 5.826116975299748e-07
49800.056 4.698625867319961e-07
49850.056 6.051078763000363e-07
49900.056 5.792473233600023e-07
49950.056 4.722137004199897e-07
50000.056 4.809061272400097e-07
50050.056 5.590490624399699e-07
50100.056 4.886354920399781e-07
50150.056 3.4186880506998005e-07
50200.056 2.003835347900323e-07
50250.056 4.355471113199904e-07
50300.056 3.587663970750244e-07
50350.056 5.390261024000365e-07
50400.056 4.934193761899913e-07
50450.056 3.772445603920017e-07
50500.056 5.281926578200342e-07
50550.056 5.414479237500044e-07
50600.056 3.883096095799386e-07
50650.056 5.231315472200718e-07
50700.056 5.872768397899856e-07
50750.056 4.441924778520213e-07
50800.056 2.960730364439537e-07
50850.056 2.8557909492405184e-07
50900.056 5.406974231399876e-07
50950.056 4.6987145591002805e-07
51000.056 4.868546902440396e-07
51050.056 4.898362159799617e-07
51100.056 2.910961027049819e-07
51150.056 3.571703928070347e-07
51200.056 5.974318053099828e-07
51250.056 4.2866671170398403e-07
51300.056 3.3462491255004847e-07
51350.056 4.210056004599448e-07
51400.056 2.807188112650176e-07
51450.056 2.382608740829622e-07
51500.056 2.3475316963004917e-07
51550.056 4.306591112660276e-07
51600.056 3.201449471310048e-07
51650.056 3.478663856999687e-07
51700.056 4.050503524539293e-07
51750.056 3.1657860126002567e-07
51800.056 4.506414910899409e-07
51850.056 3.800189577099888e-07
51900.056 5.259915623300245e-07
51950.056 4.1720788406997145e-07
52000.056 1.854082365059711e-07
52050.056 3.1268557665501934e-07
52100.056 2.596621464799962e-07
52150.056 2.2519252249301768e-07
52200.056 2.63936108910992e-07
52250.056 3.3440371327902546e-07
52300.056 4.964103426499983e-07
52350.056 3.2361855455599203e-07
52400.056 2.711263611900244e-07
52450.056 4.0808802170003686e-07
52500.056 4.294470172899426e-07
52550.056 3.961412999699727e-07
52600.056 3.4711565979402253e-07
52650.056 3.7266496593702926e-07
52700.056 2.882853687850075e-07
52750.056 2.2429406342998595e-07
52800.056 2.6292792316002625e-07
52850.056 2.9893979715193813e-07
52900.056 2.705399090079587e-07
52950.056 3.091758773700074e-07
53000.056 3.8835319694999907e-07
53050.056 2.4131879549695255e-07
53100.056 3.820497915899938e-07
53150.056 4.5016431308001436e-07
53200.056 2.1521901995398034e-07
53250.056 3.878532858400263e-07
53300.056 4.255013197501268e-07
53350.056 4.0443528620999015e-07
53400.056 3.881613254899925e-07
53450.056 2.320791749559863e-07
53500.056 1.4939114279696618e-07
53550.056 2.2504266915998814e-07
53600.056 3.2970842693504847e-07
53650.056 2.4187507828199e-07
53700.056 2.3770199174199688e-07
