galfind/configs/Brown_Dwarf_templates/sonora_bobcat/m-0.5/3160g/sp_t750g3160nc_m-0.5_resample.dat
# %ECSV 1.0
# ---
# datatype:
# - {name: wav, unit: Angstrom, datatype: float64}
# - {name: flux_nu, unit: erg / (cm2 Hz s), datatype: float64}
# meta: {C/O: '1.00', Kzz: '1.0000E+05', Teff: '750.', Y: '0.28', '[Fe/H]': '-0.50', f_hole: '1.00', f_rain: '0.00', grav: '3160.'}
# schema: astropy-2.0
wav flux_nu
4000.0559999999996 nan
4050.0559999999996 2.840397698807834e-15
4100.056 8.329400612320166e-13
4150.056 7.487581749100092e-12
4200.056 8.384792522820071e-12
4250.056 3.524963349300018e-11
4300.056 6.256930091200007e-11
4350.056 8.321684195700023e-11
4400.056 1.116745674020004e-10
4450.056 1.5246646041000085e-10
4500.056 1.6953065567999957e-10
4550.056 1.9312449140999994e-10
4600.056 1.5769158055000005e-10
4650.056 1.209092899819992e-10
4700.056 7.984038052499925e-11
4750.056 2.3063430732299673e-11
4800.056 3.1225098439299383e-12
4850.056 4.043120335099932e-13
4900.056 1.1528040166399885e-13
4950.056 4.564439078099957e-14
5000.056 1.7133207099999828e-14
5050.056 8.418555318999979e-15
5100.056 7.518400406199997e-15
5150.056 7.246575255600001e-15
5200.056 7.163644356899997e-15
5250.056 7.218265813600001e-15
5300.056 7.375131103899999e-15
5350.056 7.681479655200006e-15
5400.056 8.175954163000006e-15
5450.056 8.665468662800003e-15
5500.056 9.144925725300007e-15
5550.056 9.584470854300007e-15
5600.056 9.996514028100005e-15
5650.056 1.0324366868000001e-14
5700.056 1.0474406449999999e-14
5750.056 9.952896410199988e-15
5800.056 8.620291264099975e-15
5850.056 5.894828849599936e-15
5900.056 1.9854673015050555e-15
5950.056 1.2059248669800155e-14
6000.056 2.612903378100023e-14
6050.056 4.618809643800034e-14
6100.056 7.441111823000047e-14
6150.056 1.1481487727200067e-13
6200.056 1.7312401132000092e-13
6250.056 2.5769174678000144e-13
6300.056 3.770820552100021e-13
6350.056 5.492404141700032e-13
6400.056 7.996045652700046e-13
6450.056 1.1511627490400055e-12
6500.056 1.6663469740000109e-12
6550.056 2.41375084280001e-12
6600.056 3.4928861265000244e-12
6650.056 5.042054333800029e-12
6700.056 6.739385439700038e-12
6750.056 9.894456572800048e-12
6800.056 1.2814855271000045e-11
6850.056 1.4270132631000001e-11
6900.056 1.2933230802999972e-11
6950.056 1.0877127325999981e-11
7000.056 1.0372510487599988e-11
7050.056 1.0952952687200007e-11
7100.056 1.1871614696000007e-11
7150.056 1.2077575962199958e-11
7200.056 1.1800961111000027e-11
7250.056 1.1426400378999885e-11
7300.056 1.0690454571900083e-11
7350.056 1.027964116909999e-11
7400.056 9.917558862100015e-12
7450.056 9.606301183600023e-12
7500.056 9.14720916219999e-12
7550.056 8.455875397999985e-12
7600.056 7.544488602299973e-12
7650.056 2.8112787038158974e-12
7700.056 2.2057450069400747e-12
7750.056 7.2250005794000975e-12
7800.056 1.1243598439500118e-11
7850.056 1.83046918530001e-11
7900.056 2.5278594317000143e-11
7950.056 2.909565173680025e-11
8000.056 4.6774297127000306e-11
8050.056 6.32471208910004e-11
8100.056 8.150320865700015e-11
8150.056 1.0562155815100121e-10
8200.056 1.4768385283000213e-10
8250.056 1.9322400313000182e-10
8300.056 2.560300262800041e-10
8350.056 3.341351169900032e-10
8400.056 4.3432380729000403e-10
8450.056 5.661986209800052e-10
8500.056 6.60592596219991e-10
8550.056 8.849017617400252e-10
8600.056 1.1830919154000116e-09
8650.056 1.4946234188000141e-09
8700.056 1.8633345985000174e-09
8750.056 2.3139467826000206e-09
8800.056 2.8399255499000236e-09
8850.056 3.4037018701000206e-09
8900.056 3.696998282699999e-09
8950.056 3.5293570297000198e-09
9000.056 5.0420760495000454e-09
9050.056 6.880812764200086e-09
9100.056 8.16901626390012e-09
9150.056 9.50557132720007e-09
9200.056 1.1366983853300074e-08
9250.056 1.2178364467499776e-08
9300.056 5.875171666729921e-09
9350.056 8.52026974650013e-09
9400.056 1.515111914549999e-08
9450.056 1.4228982017600275e-08
9500.056 1.492998588080916e-08
9550.056 1.689574281905126e-08
9600.056 1.892837952169999e-08
9650.056 2.3057066109600677e-08
9700.056 3.041418878019949e-08
9750.056 3.451958491700105e-08
9800.056 4.0114479332999854e-08
9850.056 4.699101175099987e-08
9900.056 5.300471041800046e-08
9950.056 5.769931628100028e-08
10000.056 4.170739621235998e-08
10050.056 5.3119106748999804e-08
10100.056 5.4944169618000125e-08
10150.056 5.609738456399999e-08
10200.056 5.676669726900028e-08
10250.056 6.045925926100022e-08
10300.056 6.427023513999963e-08
10350.056 6.303223666300035e-08
10400.056 6.541244848400003e-08
10450.056 6.676157758399961e-08
10500.056 6.741864679199988e-08
10550.056 6.811479377700001e-08
10600.056 6.791702557899997e-08
10650.056 6.737856971599996e-08
10700.056 6.619053827899997e-08
10750.056 6.547393104599995e-08
10800.056 6.458979468600004e-08
10850.056 6.332543109899996e-08
10900.056 5.945410123999962e-08
10950.056 4.99686104619997e-08
11000.056 4.118365963099884e-08
11050.056 3.083207333979986e-08
11100.056 2.061943614249955e-08
11150.056 1.4422458741826675e-08
11200.056 1.5783435784378906e-08
11250.056 2.1903796079838404e-08
11300.056 2.4727819234377e-08
11350.056 1.300785646390563e-08
11400.056 3.0718761985901814e-08
11450.056 2.2954452986950498e-08
11500.056 2.4194571639480055e-08
11550.056 1.6688368255613383e-08
11600.056 1.6071379128999118e-08
11650.056 2.327720081770092e-08
11700.056 2.5611148189999318e-08
11750.056 1.9994470701000078e-08
11800.056 3.350686845400002e-08
11850.056 4.0741935011000295e-08
11900.056 4.588886068099985e-08
11950.056 5.137550659900055e-08
12000.056 5.6826959754000235e-08
12050.056 6.259113354800034e-08
12100.056 6.711395394399996e-08
12150.056 7.315656467399987e-08
12200.056 7.76876674070002e-08
12250.056 8.356182100799975e-08
12300.056 9.111430156100057e-08
12350.056 9.586242179700028e-08
12400.056 1.0395830400700017e-07
12450.056 1.119453277200004e-07
12500.056 1.191566000200007e-07
12550.056 1.272263685300004e-07
12600.056 1.350062699400004e-07
12650.056 1.4156912490000034e-07
12700.056 1.459577338900001e-07
12750.056 1.4380425337000022e-07
12800.056 1.4051291556999986e-07
12850.056 1.3176814111999948e-07
12900.056 1.2768028395699967e-07
12950.056 1.248932378610008e-07
13000.056 1.2634400459900145e-07
13050.056 1.1829865240199983e-07
13100.056 1.2109924678099602e-07
13150.056 1.0737845167700317e-07
13200.056 1.0646723254799824e-07
13250.056 8.683668987419857e-08
13300.056 5.366618352569519e-08
13350.056 2.136486988601965e-08
13400.056 4.950978690167485e-09
13450.056 2.3889430876115314e-09
13500.056 1.1765230953706057e-09
13550.056 6.32881014862791e-10
13600.056 4.328868873532854e-10
13650.056 1.6849411216657327e-09
13700.056 1.215095200962936e-09
13750.056 2.892550718836651e-09
13800.056 3.3748591495224606e-09
13850.056 1.3636452366588842e-09
13900.056 1.4298044467568998e-09
13950.056 1.4587779102597889e-09
14000.056 1.9601826532664756e-09
14050.056 2.514757924886133e-09
14100.056 1.871084014618792e-09
14150.056 2.8428459964391615e-09
14200.056 2.1205528900308414e-09
14250.056 2.4090312546742896e-09
14300.056 5.336267651968837e-09
14350.056 5.037438001688439e-09
14400.056 5.0459603675521935e-09
14450.056 7.767911124247837e-09
14500.056 1.2801538941836128e-08
14550.056 1.300618380798978e-08
14600.056 2.1721820207339716e-08
14650.056 1.6869184016710292e-08
14700.056 1.1012257440756756e-08
14750.056 1.2788166739540627e-08
14800.056 1.4234445963226842e-08
14850.056 1.6279566004450958e-08
14900.056 1.626191850342937e-08
14950.056 1.9422653371000404e-08
15000.056 2.6166108639200664e-08
15050.056 2.8526690469899093e-08
15100.056 2.5085117318199213e-08
15150.056 2.21102845749197e-08
15200.056 2.981206846449804e-08
15250.056 3.7077830563101556e-08
15300.056 4.103979172269945e-08
15350.056 4.57997854910006e-08
15400.056 5.131934635200243e-08
15450.056 5.45267838340014e-08
15500.056 5.964208146599812e-08
15550.056 6.50106226700012e-08
15600.056 7.151549695799937e-08
15650.056 7.786440828600123e-08
15700.056 8.427845599999997e-08
15750.056 8.655211503300034e-08
15800.056 8.86734282109998e-08
15850.056 9.022647043900033e-08
15900.056 8.925559011299988e-08
15950.056 8.736653400199973e-08
16000.056 8.21887928729997e-08
16050.056 7.300678069499936e-08
16100.056 6.304212631699962e-08
16150.056 5.145606399699801e-08
16200.056 3.93585771400008e-08
16250.056 3.4287304163999845e-08
16300.056 2.9620384547498906e-08
16350.056 3.0527020336550495e-08
16400.056 3.202302287822442e-08
16450.056 3.343453163102956e-08
16500.056 3.539392055940039e-08
16550.056 3.514731496481955e-08
16600.056 3.870916686510072e-08
16650.056 2.4090502086427702e-08
16700.056 1.6618622361001343e-08
16750.056 2.566846297500052e-08
16800.056 3.0071643220300294e-08
16850.056 2.8829182704477674e-08
16900.056 2.6091836397601663e-08
16950.056 2.280875825029897e-08
17000.056 2.006232914740178e-08
17050.056 2.4273006695300524e-08
17100.056 2.6449012082999933e-08
17150.056 2.387217531440019e-08
17200.056 2.943725265299961e-08
17250.056 2.541845812199849e-08
17300.056 2.330329680000013e-08
17350.056 2.2260616494399225e-08
17400.056 2.271049520139984e-08
17450.056 2.2905289052499306e-08
17500.056 2.3204409728001894e-08
17550.056 1.9836135674298732e-08
17600.056 1.8442361989000546e-08
17650.056 1.6502178128300658e-08
17700.056 1.3881668982269543e-08
17750.056 1.141770813917034e-08
17800.056 1.2480298022900852e-08
17850.056 8.505253338477013e-09
17900.056 8.997250443988318e-09
17950.056 6.205643772297183e-09
18000.056 7.301372224686502e-09
18050.056 4.815571978692172e-09
18100.056 5.4958089900548525e-09
18150.056 5.306058120332965e-09
18200.056 3.7492453582917815e-09
18250.056 8.005915195368816e-09
18300.056 3.792941981868246e-09
18350.056 3.728641087769029e-09
18400.056 2.943135050353366e-09
18450.056 5.85369780937992e-09
18500.056 5.226479427165888e-09
18550.056 3.54338867203997e-09
18600.056 3.7043103852479225e-09
18650.056 3.0356858207458906e-09
18700.056 1.7645687837684214e-09
18750.056 3.2274466997512927e-09
18800.056 7.792966254503625e-09
18850.056 7.398813180981989e-09
18900.056 6.561018841823626e-09
18950.056 9.402227517719501e-09
19000.056 5.11425236097835e-09
19050.056 3.3548707030867426e-09
19100.056 5.675182774729932e-09
19150.056 3.5395690867103712e-09
19200.056 4.457593842593372e-09
19250.056 3.4728301440438222e-09
19300.056 3.0305657819134516e-09
19350.056 2.963636048571165e-09
19400.056 2.1776957010052514e-09
19450.056 3.295393791574776e-09
19500.056 3.5408437671297474e-09
19550.056 3.145741238545389e-09
19600.056 4.235488643023135e-09
19650.056 4.679204150642265e-09
19700.056 4.9294571604191835e-09
19750.056 5.969087190130239e-09
19800.056 5.2345933898116235e-09
19850.056 6.843164637120449e-09
19900.056 6.684604383052562e-09
19950.056 7.81906352253082e-09
20000.056 7.892958152350224e-09
20050.056 8.236754516029899e-09
20100.056 9.570112376466e-09
20150.056 8.11523935754841e-09
20200.056 7.728838156361297e-09
20250.056 9.4268936071307e-09
20300.056 9.613584502650119e-09
20350.056 9.82397294979948e-09
20400.056 1.0088461120999972e-08
20450.056 1.1582380938300631e-08
20500.056 1.2041272204199544e-08
20550.056 1.2286948460100183e-08
20600.056 1.2589122158200243e-08
20650.056 1.3033843235999947e-08
20700.056 1.3264171896000056e-08
20750.056 1.3347311548999913e-08
20800.056 1.3284122852999715e-08
20850.056 1.3486585078000047e-08
20900.056 1.3493834790999936e-08
20950.056 1.336414682200005e-08
21000.056 1.3258622839999996e-08
21050.056 1.328511354799995e-08
21100.056 1.3179185272000015e-08
21150.056 1.314741800399988e-08
21200.056 1.3028714798000051e-08
21250.056 1.2906341535999782e-08
21300.056 1.2671765890999965e-08
21350.056 1.2492455147499968e-08
21400.056 1.2572354801100338e-08
21450.056 1.2091139056300158e-08
21500.056 1.1788974945900051e-08
21550.056 1.1551991154599924e-08
21600.056 1.1112305126000093e-08
21650.056 1.0477761471400035e-08
21700.056 1.0582566839099655e-08
21750.056 9.805075642200373e-09
21800.056 8.829170428699914e-09
21850.056 8.340258671300216e-09
21900.056 7.480698421200316e-09
21950.056 6.029678576589856e-09
22000.056 3.234142117419719e-09
22050.056 3.5674318169022237e-09
22100.056 5.442758267912894e-09
22150.056 5.040966121020434e-09
22200.056 5.188592468781572e-09
22250.056 4.991128663843593e-09
22300.056 3.851568524663393e-09
22350.056 4.435133646096754e-09
22400.056 3.193075392788901e-09
22450.056 3.3084299708646118e-09
22500.056 3.199970022785357e-09
22550.056 2.6225586904380945e-09
22600.056 2.5083816448717433e-09
22650.056 2.8447478763231878e-09
22700.056 2.7277779158839543e-09
22750.056 2.8982967259414717e-09
22800.056 3.2541151079385285e-09
22850.056 2.682215717481187e-09
22900.056 2.668612686502092e-09
22950.056 2.465087612899747e-09
23000.056 2.766801127289889e-09
23050.056 3.1818673553147912e-09
23100.056 5.4784859496903744e-09
23150.056 4.230440592291788e-09
23200.056 1.4524833974321007e-09
23250.056 2.8031547266081326e-09
23300.056 2.4601155460656997e-09
23350.056 2.5886970102202336e-09
23400.056 2.2219055195922464e-09
23450.056 2.1216699709228737e-09
23500.056 2.222988463688496e-09
23550.056 3.0851592004643088e-09
23600.056 3.783243187990887e-09
23650.056 4.497497178155678e-09
23700.056 1.8276484856884982e-09
23750.056 2.237778325493935e-09
23800.056 4.104840228694074e-09
23850.056 3.4644208580086074e-09
23900.056 4.9223107786523916e-09
23950.056 4.062515794763126e-09
24000.056 5.6023329058300795e-09
24050.056 5.4434697286246665e-09
24100.056 5.595619360441049e-09
24150.056 6.595175480100281e-09
24200.056 6.130423320830591e-09
24250.056 6.202866808720052e-09
24300.056 7.642293389130378e-09
24350.056 6.714947674282914e-09
24400.056 8.916874949900188e-09
24450.056 8.677295475163477e-09
24500.056 8.386422995423609e-09
24550.056 1.0076826710200648e-08
24600.056 1.016187932209967e-08
24650.056 1.1646783418720608e-08
24700.056 9.338723958387627e-09
24750.056 9.64881917066945e-09
24800.056 9.449524108162222e-09
24850.056 1.2483713165897271e-08
24900.056 6.6417807004478e-09
24950.056 1.1022976303276576e-08
25000.056 1.0097234257950281e-08
25050.056 6.160753489929148e-09
25100.056 9.808597133371843e-09
25150.056 5.959699410949495e-09
25200.056 7.864428703111213e-09
25250.056 4.0766638603307615e-09
25300.056 6.108749203463774e-09
25350.056 3.1240997748246017e-09
25400.056 6.681783829332736e-09
25450.056 3.169314465528081e-09
25500.056 3.1730778205111895e-09
25550.056 5.531769165081228e-09
25600.056 4.187057294480559e-09
25650.056 2.0307380743046184e-09
25700.056 3.636394833433911e-09
25750.056 1.3583206817713945e-09
25800.056 4.901960196865681e-09
25850.056 1.7164479010549084e-09
25900.056 2.8285317260254836e-09
25950.056 9.820650332342312e-10
26000.056 5.154653598391658e-09
26050.056 1.5220941531145047e-09
26100.056 4.91253919068895e-09
26150.056 2.956282671944929e-09
26200.056 3.2218414887275836e-09
26250.056 9.751271702312239e-09
26300.056 4.151641214558905e-09
26350.056 1.2547476833662144e-08
26400.056 1.1256900490946415e-08
26450.056 9.844163811975365e-09
26500.056 1.4234277510764597e-08
26550.056 4.740464490387548e-09
26600.056 5.545132603467558e-09
26650.056 1.811707952828133e-09
26700.056 1.4035474300234364e-09
26750.056 1.1270496664304443e-09
26800.056 2.3199426086620995e-09
26850.056 1.263591529015084e-09
26900.056 4.153699258228972e-09
26950.056 2.001823240151959e-09
27000.056 6.482788676989573e-09
27050.056 6.4694402384370304e-09
27100.056 2.4550637768568203e-09
27150.056 9.127802563384594e-09
27200.056 2.396773749926292e-09
27250.056 4.548227605175237e-09
27300.056 1.654426055691346e-08
27350.056 8.015130383249327e-09
27400.056 1.2398218751150585e-09
27450.056 9.576167918154454e-09
27500.056 1.1492677607187351e-08
27550.056 2.9203159122861683e-09
27600.056 6.517230950927459e-09
27650.056 2.4640802502397696e-09
27700.056 2.0058492485676683e-09
27750.056 7.893698235722856e-09
27800.056 3.371321090729824e-09
27850.056 4.166752349162861e-09
27900.056 5.088324577142625e-09
27950.056 9.746537695594336e-09
28000.056 7.218111901856206e-09
28050.056 1.9282315940193396e-09
28100.056 9.259484106860308e-09
28150.056 6.022655231087651e-09
28200.056 2.6437139911704593e-09
28250.056 1.1056195491418862e-08
28300.056 1.1606736499032008e-08
28350.056 3.1965191504831754e-09
28400.056 8.479399835353232e-09
28450.056 1.2911039616263208e-08
28500.056 8.35348099459463e-09
28550.056 2.7242613339251695e-09
28600.056 1.3251865105755975e-08
28650.056 9.035544388691815e-09
28700.056 9.620282747644793e-09
28750.056 1.7167708296404067e-08
28800.056 1.1249370181649381e-08
28850.056 1.506294663235976e-08
