galfind/configs/Brown_Dwarf_templates/sonora_bobcat/m-0.5/3160g/sp_t1700g3160nc_m-0.5_resample.dat
# %ECSV 1.0
# ---
# datatype:
# - {name: wav, unit: Angstrom, datatype: float64}
# - {name: flux_nu, unit: erg / (cm2 Hz s), datatype: float64}
# meta: {C/O: '1.00', Kzz: '1.0000E+05', Teff: '1700.', Y: '0.28', '[Fe/H]': '-0.50', f_hole: '1.00', f_rain: '0.00', grav: '3160.'}
# schema: astropy-2.0
wav flux_nu
4000.0559999999996 nan
4050.0559999999996 9.101076301888893e-10
4100.056 4.284273677863727e-09
4150.056 4.520381892430159e-09
4200.056 3.797372961622176e-09
4250.056 3.3808083166303884e-09
4300.056 2.5564749440703424e-09
4350.056 2.1877461629701168e-09
4400.056 2.3248865423102e-09
4450.056 1.516001332190053e-09
4500.056 1.4529893413001088e-09
4550.056 1.917197985029707e-09
4600.056 1.6427137533999123e-09
4650.056 1.4590668938298816e-09
4700.056 1.8903179656500176e-09
4750.056 1.940331299339976e-09
4800.056 9.228173751000317e-10
4850.056 1.01111066091003e-09
4900.056 1.2607783787099644e-09
4950.056 8.910499986499916e-10
5000.056 3.6288218263998315e-10
5050.056 1.7968991007000054e-10
5100.056 1.3898282037500315e-10
5150.056 1.1184492548100485e-10
5200.056 1.1242236580799727e-10
5250.056 1.138491948399996e-10
5300.056 9.414385502099968e-11
5350.056 7.775963912999979e-11
5400.056 6.457850844199985e-11
5450.056 5.356668701499988e-11
5500.056 4.3588435979999855e-11
5550.056 3.4767396938999905e-11
5600.056 2.7015461517999897e-11
5650.056 2.000040078299992e-11
5700.056 1.3748093581999927e-11
5750.056 8.40775471759994e-12
5800.056 4.23386388369995e-12
5850.056 1.4647282489199693e-12
5900.056 2.120117269947032e-13
5950.056 3.59153403154008e-12
6000.056 1.430387562310024e-11
6050.056 3.967773735800048e-11
6100.056 8.744911301800088e-11
6150.056 1.704778595600015e-10
6200.056 3.044463656000022e-10
6250.056 5.089167503000037e-10
6300.056 8.141489107300055e-10
6350.056 1.2600484969000072e-09
6400.056 1.8800651718000115e-09
6450.056 2.722601720800017e-09
6500.056 3.8345361531000234e-09
6550.056 5.303537708600032e-09
6600.056 7.148272505800025e-09
6650.056 8.896736823800078e-09
6700.056 5.552288236983471e-09
6750.056 1.228874392100012e-08
6800.056 1.6171880886000204e-08
6850.056 1.8548261890000092e-08
6900.056 1.8940052036999974e-08
6950.056 1.805195884900007e-08
7000.056 1.8225770289000038e-08
7050.056 1.8511575531999994e-08
7100.056 1.825380087000012e-08
7150.056 1.8898012812999996e-08
7200.056 2.0993059812000055e-08
7250.056 2.149692876500003e-08
7300.056 2.0488405770999992e-08
7350.056 1.8134602992999927e-08
7400.056 1.5263127073999978e-08
7450.056 1.2491776138999958e-08
7500.056 9.783942554299947e-09
7550.056 7.239413234099955e-09
7600.056 4.498464501299935e-09
7650.056 6.337189198566877e-10
7700.056 2.2976781439496697e-10
7750.056 2.7273205702000755e-09
7800.056 6.41732241943213e-09
7850.056 1.4084398894000133e-08
7900.056 2.1654061227000108e-08
7950.056 2.4721048467373665e-08
8000.056 4.2522114924000355e-08
8050.056 5.785082457900024e-08
8100.056 7.588311019000024e-08
8150.056 9.63083494400004e-08
8200.056 1.0139967682400082e-07
8250.056 1.377292198200012e-07
8300.056 1.5804989676000111e-07
8350.056 1.8386944688000023e-07
8400.056 2.0803492821000022e-07
8450.056 2.0160579086999873e-07
8500.056 1.96674807027394e-07
8550.056 2.4708914722200887e-07
8600.056 2.8372761805999995e-07
8650.056 2.848259319899932e-07
8700.056 2.6847979454997963e-07
8750.056 2.8346931243000493e-07
8800.056 3.481684577800028e-07
8850.056 3.69114240469989e-07
8900.056 3.6668478848000235e-07
8950.056 3.715777844454722e-07
9000.056 4.840556683300009e-07
9050.056 4.64739221890009e-07
9100.056 5.493197968100041e-07
9150.056 6.214644677000008e-07
9200.056 6.736090843099961e-07
9250.056 6.502191646100024e-07
9300.056 5.863591244999761e-07
9350.056 6.632468304900332e-07
9400.056 7.417457051799929e-07
9450.056 8.414037257000163e-07
9500.056 9.528436982799752e-07
9550.056 1.0169696208400376e-06
9600.056 1.0977789225800146e-06
9650.056 1.2053303453300148e-06
9700.056 1.3540199974699685e-06
9750.056 1.2728622452199915e-06
9800.056 1.3263470998499897e-06
9850.056 1.27883330115001e-06
9900.056 7.819493472499534e-07
9950.056 5.344791201500031e-07
10000.056 4.91620507670001e-07
10050.056 5.968695700300022e-07
10100.056 6.951172087900164e-07
10150.056 6.747582650699815e-07
10200.056 7.286694099099978e-07
10250.056 7.754452741200033e-07
10300.056 7.555525465799961e-07
10350.056 8.796183546100448e-07
10400.056 9.758930142099713e-07
10450.056 1.025213002059999e-06
10500.056 1.0458707857599989e-06
10550.056 1.1222571137300202e-06
10600.056 1.2125149294199995e-06
10650.056 1.2469184967000495e-06
10700.056 1.3157347557500186e-06
10750.056 1.406707286770026e-06
10800.056 1.508864892999998e-06
10850.056 1.7068771607299828e-06
10900.056 1.8016323483999961e-06
10950.056 1.863031068999987e-06
11000.056 1.7684338559999706e-06
11050.056 1.6129711137199888e-06
11100.056 1.6686399316400383e-06
11150.056 1.7558335171599568e-06
11200.056 1.800864025170125e-06
11250.056 2.205760747239992e-06
11300.056 2.094952703449984e-06
11350.056 1.8556979875798937e-06
11400.056 1.6138111844200208e-06
11450.056 2.1482117989100317e-06
11500.056 2.6408676629099546e-06
11550.056 2.458768391039981e-06
11600.056 2.6125934450498217e-06
11650.056 2.3781342982000174e-06
11700.056 1.5485461012199964e-06
11750.056 1.6448582127898639e-06
11800.056 1.7549614083601126e-06
11850.056 2.7570027823600663e-06
11900.056 3.240580489899906e-06
11950.056 2.6618142529999763e-06
12000.056 2.177961113000029e-06
12050.056 2.68536072870004e-06
12100.056 2.665685587099982e-06
12150.056 3.1519383481999917e-06
12200.056 3.0163338607998823e-06
12250.056 3.310826149200012e-06
12300.056 3.409515319100033e-06
12350.056 3.184997428199947e-06
12400.056 2.6804872123999687e-06
12450.056 2.5075282085000323e-06
12500.056 2.534191347599956e-06
12550.056 2.684446677700103e-06
12600.056 3.329494341100001e-06
12650.056 3.3900403139999734e-06
12700.056 3.8004060853001186e-06
12750.056 3.697602929299923e-06
12800.056 3.849709463400106e-06
12850.056 3.7280100413999355e-06
12900.056 3.4950228157000057e-06
12950.056 3.5999830835999903e-06
13000.056 3.7883704687000016e-06
13050.056 4.014733997599966e-06
13100.056 4.076156630899985e-06
13150.056 4.130484546499997e-06
13200.056 3.9631557300999945e-06
13250.056 3.647971633330019e-06
13300.056 3.1113493763408077e-06
13350.056 1.6496420711660065e-06
13400.056 1.2012689648661017e-06
13450.056 1.0449869796441237e-06
13500.056 8.616343460334249e-07
13550.056 7.988293558315343e-07
13600.056 8.119662341445446e-07
13650.056 1.2070743349997955e-06
13700.056 1.0982149531076234e-06
13750.056 1.2726745588599055e-06
13800.056 1.4542343479736082e-06
13850.056 1.224599800731979e-06
13900.056 1.1352053380710934e-06
13950.056 1.045774853707626e-06
14000.056 1.0022443245089768e-06
14050.056 1.1396188320409125e-06
14100.056 9.105046952567942e-07
14150.056 1.0350920864062613e-06
14200.056 9.215133363148914e-07
14250.056 8.802195342200775e-07
14300.056 1.0324813832628246e-06
14350.056 1.0555055115339085e-06
14400.056 1.0826167872521526e-06
14450.056 1.1742140030170425e-06
14500.056 1.386533979922964e-06
14550.056 1.3744244867959725e-06
14600.056 1.6943216725441368e-06
14650.056 1.6306482967857319e-06
14700.056 1.473055384970001e-06
14750.056 1.6634718083901375e-06
14800.056 1.7447663543101025e-06
14850.056 1.903612336049886e-06
14900.056 1.8564920376099463e-06
14950.056 1.9337780197901153e-06
15000.056 2.044599041799972e-06
15050.056 2.2770535413799062e-06
15100.056 2.263768086280011e-06
15150.056 2.380556751110077e-06
15200.056 2.47491477593993e-06
15250.056 2.5877527189000375e-06
15300.056 2.6872678088999854e-06
15350.056 2.833572690099962e-06
15400.056 2.9140197371000014e-06
15450.056 3.0074102057000734e-06
15500.056 3.0518323566000523e-06
15550.056 3.1654404522999123e-06
15600.056 3.189463252700035e-06
15650.056 3.236217492000042e-06
15700.056 3.350199853900048e-06
15750.056 3.3938451097999875e-06
15800.056 3.3606112596000093e-06
15850.056 2.9218204057999946e-06
15900.056 2.958604545800002e-06
15950.056 2.9129297525999657e-06
16000.056 2.9408203108000104e-06
16050.056 2.8923819074e-06
16100.056 2.8570895924999867e-06
16150.056 2.6704583676999723e-06
16200.056 2.6913199682999284e-06
16250.056 2.565600663799947e-06
16300.056 2.560289875900004e-06
16350.056 2.638147151250002e-06
16400.056 2.633761890300059e-06
16450.056 2.6893921369000232e-06
16500.056 2.7298541570000406e-06
16550.056 2.748687346099978e-06
16600.056 2.659077165900034e-06
16650.056 2.6187767399000176e-06
16700.056 2.459070485799976e-06
16750.056 2.4663904938999847e-06
16800.056 2.571201716900011e-06
16850.056 2.567719315499933e-06
16900.056 2.516880741600015e-06
16950.056 2.4700165938999784e-06
17000.056 2.4545931039000964e-06
17050.056 2.501362998900015e-06
17100.056 2.4630686910000273e-06
17150.056 2.3896318308000036e-06
17200.056 2.339334245499965e-06
17250.056 2.2266774884799474e-06
17300.056 2.154138675200027e-06
17350.056 2.0803122256600157e-06
17400.056 1.9786755700399625e-06
17450.056 1.8928946276897595e-06
17500.056 1.843384821320201e-06
17550.056 1.7198107862420907e-06
17600.056 1.6671964673260428e-06
17650.056 1.636768286665171e-06
17700.056 1.4181300708568903e-06
17750.056 1.3482264674959347e-06
17800.056 1.3504313048851974e-06
17850.056 1.1398889350039043e-06
17900.056 1.2520122616420615e-06
17950.056 1.1405914768069557e-06
18000.056 1.0921153116990157e-06
18050.056 1.0603299120039827e-06
18100.056 1.0613012079309152e-06
18150.056 1.1518319799531355e-06
18200.056 9.299316834630081e-07
18250.056 1.2525846827539252e-06
18300.056 1.0832423325819886e-06
18350.056 1.0749501777500323e-06
18400.056 1.0342453937210563e-06
18450.056 9.83338782439222e-07
18500.056 9.938118368009906e-07
18550.056 8.773157840959517e-07
18600.056 7.800579334458999e-07
18650.056 8.453100997771098e-07
18700.056 9.051457601370704e-07
18750.056 9.308575536851467e-07
18800.056 1.0998251742961126e-06
18850.056 1.209171621146965e-06
18900.056 1.147849161323782e-06
18950.056 1.3466772840119956e-06
19000.056 1.268288589179876e-06
19050.056 1.1695662207739527e-06
19100.056 1.3641402303030337e-06
19150.056 1.2597774079439948e-06
19200.056 1.2863062806090641e-06
19250.056 1.178673529256014e-06
19300.056 1.2124573833098613e-06
19350.056 1.151349770527882e-06
19400.056 9.193091409239203e-07
19450.056 1.1647143524169353e-06
19500.056 1.1582722610420262e-06
19550.056 9.755512488660768e-07
19600.056 1.0724624176729775e-06
19650.056 1.1669056296527918e-06
19700.056 1.1268779282300602e-06
19750.056 1.059403739340042e-06
19800.056 1.1660749994209108e-06
19850.056 1.2784096446649327e-06
19900.056 1.0796358378430715e-06
19950.056 1.3024568748499663e-06
20000.056 1.1949093354901315e-06
20050.056 1.3599886177999921e-06
20100.056 1.283736623317711e-06
20150.056 1.3886754276201487e-06
20200.056 1.4316004319400314e-06
20250.056 1.4748989451699145e-06
20300.056 1.4626183388300995e-06
20350.056 1.5626718518299273e-06
20400.056 1.562570074569813e-06
20450.056 1.597225851249858e-06
20500.056 1.6436643277298802e-06
20550.056 1.6438910621600179e-06
20600.056 1.7192423118200177e-06
20650.056 1.694836547500024e-06
20700.056 1.7386900162800231e-06
20750.056 1.7333140984900004e-06
20800.056 1.7739796398999666e-06
20850.056 1.7490638919299788e-06
20900.056 1.7920673225999594e-06
20950.056 1.7825641504999987e-06
21000.056 1.784813857500018e-06
21050.056 1.7858793037999933e-06
21100.056 1.7777796265000014e-06
21150.056 1.7904557750999622e-06
21200.056 1.77461873410001e-06
21250.056 1.7785095556999652e-06
21300.056 1.746231381399995e-06
21350.056 1.7544502577000109e-06
21400.056 1.730032434700039e-06
21450.056 1.7314998896000023e-06
21500.056 1.7023832240000056e-06
21550.056 1.6895496468000056e-06
21600.056 1.6691545555000207e-06
21650.056 1.6450639049999955e-06
21700.056 1.636135653000013e-06
21750.056 1.5930393105000068e-06
21800.056 1.5634730862999514e-06
21850.056 1.5275599338000123e-06
21900.056 1.4826793320000053e-06
21950.056 1.4003936213100172e-06
22000.056 1.2870592450500143e-06
22050.056 1.1855122735399635e-06
22100.056 1.2162292416500613e-06
22150.056 1.2599733723699937e-06
22200.056 1.267360460070009e-06
22250.056 1.2806745535400436e-06
22300.056 1.2359710249599886e-06
22350.056 1.2157505597700819e-06
22400.056 1.170096674569964e-06
22450.056 1.1270198677900396e-06
22500.056 1.1388038353600678e-06
22550.056 1.1018351913799612e-06
22600.056 1.1035349110400475e-06
22650.056 1.0825748561800482e-06
22700.056 1.0540892600500116e-06
22750.056 1.0571987734100378e-06
22800.056 1.0287760268199587e-06
22850.056 9.919263099300327e-07
22900.056 9.822091886499612e-07
22950.056 9.30927945299972e-07
23000.056 9.565421258800303e-07
23050.056 1.02779530727994e-06
23100.056 1.06756157555003e-06
23150.056 1.0676736280999886e-06
23200.056 8.986447576500112e-07
23250.056 8.913124384900135e-07
23300.056 8.205662984900899e-07
23350.056 8.089462764899961e-07
23400.056 8.133746955900326e-07
23450.056 8.331510174600509e-07
23500.056 8.737020075600521e-07
23550.056 9.277559219800334e-07
23600.056 9.551786937799779e-07
23650.056 1.013298306169948e-06
23700.056 8.818673734801061e-07
23750.056 8.815456872599896e-07
23800.056 8.358788788799663e-07
23850.056 8.557890535400216e-07
23900.056 9.455741390600772e-07
23950.056 9.971846186200733e-07
24000.056 1.0242740270198822e-06
24050.056 1.031601882430106e-06
24100.056 9.990069613099936e-07
24150.056 1.0126767525101764e-06
24200.056 1.0154909099399338e-06
24250.056 1.0043903145700279e-06
24300.056 1.0111056438900556e-06
24350.056 9.280070740199739e-07
24400.056 1.0345045693400149e-06
24450.056 9.362718796299487e-07
24500.056 9.419228540500076e-07
24550.056 9.136956761641521e-07
24600.056 9.26690912588001e-07
24650.056 1.0285072787200768e-06
24700.056 8.472282468299483e-07
24750.056 8.114058044190229e-07
24800.056 8.466610679499917e-07
24850.056 9.79176280219163e-07
24900.056 7.065686600801586e-07
24950.056 9.299847916400452e-07
25000.056 8.561425160691248e-07
25050.056 6.679435650881125e-07
25100.056 8.377314852939484e-07
25150.056 7.089450198479469e-07
25200.056 7.768030884300878e-07
25250.056 6.728459720679186e-07
25300.056 7.776902679840244e-07
25350.056 6.274058937590112e-07
25400.056 7.815759073811157e-07
25450.056 6.323093919249561e-07
25500.056 6.847371869270693e-07
25550.056 6.757196218000378e-07
25600.056 7.005847796399013e-07
25650.056 5.836408372309804e-07
25700.056 8.250020007818437e-07
25750.056 5.561675000100695e-07
25800.056 8.223060553891036e-07
25850.056 6.481605087549518e-07
25900.056 7.867283749440928e-07
25950.056 6.059023946010694e-07
26000.056 8.469883923801809e-07
26050.056 7.734035729459564e-07
26100.056 9.036528843130909e-07
26150.056 8.406547367789422e-07
26200.056 8.231321914640237e-07
26250.056 9.517814814489309e-07
26300.056 8.536705759830195e-07
26350.056 1.0242277125429795e-06
26400.056 9.889794820269285e-07
26450.056 9.813051336779922e-07
26500.056 1.0523716878498546e-06
26550.056 8.990098265249755e-07
26600.056 1.0949295024219384e-06
26650.056 8.00288250918912e-07
26700.056 7.944777359040244e-07
26750.056 6.226587010997638e-07
26800.056 7.494808681209423e-07
26850.056 5.468327322640722e-07
26900.056 7.994392034799393e-07
26950.056 5.376396671669183e-07
27000.056 7.970574089630526e-07
27050.056 6.704897218499477e-07
27100.056 6.667416608208789e-07
27150.056 7.540912251250512e-07
27200.056 7.085877885660186e-07
27250.056 6.858329706831124e-07
27300.056 9.472463508000884e-07
27350.056 8.324657516088647e-07
27400.056 5.948461872069522e-07
27450.056 1.0011333484999147e-06
27500.056 9.168031456489994e-07
27550.056 7.118053086019166e-07
27600.056 9.807531877719898e-07
27650.056 6.903802231069962e-07
27700.056 6.313352592519525e-07
27750.056 9.812919952629033e-07
27800.056 6.750329729139615e-07
27850.056 7.175583004758954e-07
27900.056 7.806067844059975e-07
27950.056 9.938617785899925e-07
28000.056 8.360603617890523e-07
28050.056 5.746504891721237e-07
28100.056 1.033110847635118e-06
28150.056 7.564450393740295e-07
28200.056 5.944242670599777e-07
28250.056 9.26386034869957e-07
28300.056 1.0550617802541784e-06
28350.056 6.434646789498761e-07
28400.056 8.490544802740608e-07
28450.056 9.68930036024925e-07
28500.056 8.610378260799083e-07
28550.056 5.368152017339113e-07
28600.056 1.0437285191200193e-06
28650.056 9.048272535590389e-07
28700.056 7.880100897639284e-07
28750.056 9.628964914749979e-07
28800.056 9.284987213721522e-07
