galfind/configs/Brown_Dwarf_templates/sonora_bobcat/m-0.5/3160g/sp_t2100g3160nc_m-0.5_resample.dat
# %ECSV 1.0
# ---
# datatype:
# - {name: wav, unit: Angstrom, datatype: float64}
# - {name: flux_nu, unit: erg / (cm2 Hz s), datatype: float64}
# meta: {C/O: '1.00', Kzz: '1.0000E+05', Teff: '2100.', Y: '0.28', '[Fe/H]': '-0.50', f_hole: '1.00', f_rain: '0.00', grav: '3160.'}
# schema: astropy-2.0
wav flux_nu
4000.0559999999996 nan
4050.0559999999996 1.3333199985472836e-08
4100.056 2.972481843957739e-08
4150.056 2.8645963501431903e-08
4200.056 2.5633375692465143e-08
4250.056 2.1953491593573167e-08
4300.056 1.6556286110194514e-08
4350.056 1.3671411269481427e-08
4400.056 1.3397882100002634e-08
4450.056 7.050878302550714e-09
4500.056 5.798159743321008e-09
4550.056 7.89376089019754e-09
4600.056 5.54480208863883e-09
4650.056 3.817768368589102e-09
4700.056 5.368213114600457e-09
4750.056 6.444980748389389e-09
4800.056 2.207548158760247e-09
4850.056 3.2541476182203587e-09
4900.056 7.586645634799023e-09
4950.056 8.389386704039615e-09
5000.056 2.2642240125996415e-09
5050.056 2.528830863330128e-09
5100.056 2.4726555708203083e-09
5150.056 1.5465883450362625e-09
5200.056 1.6703986605399717e-09
5250.056 2.955698412600082e-09
5300.056 3.300193603499979e-09
5350.056 3.1062946422000444e-09
5400.056 2.8319892862000346e-09
5450.056 2.1405202921999772e-09
5500.056 1.6421051128000107e-09
5550.056 1.5014346290799905e-09
5600.056 1.2066453597800034e-09
5650.056 9.27842766849995e-10
5700.056 6.504038042999957e-10
5750.056 4.0344300466999516e-10
5800.056 2.223437130099979e-10
5850.056 8.937369673499826e-11
5900.056 1.4026538488720676e-11
5950.056 1.8608379494000373e-10
6000.056 5.842714182200087e-10
6050.056 1.413377459710014e-09
6100.056 2.771324221900038e-09
6150.056 4.678776943999997e-09
6200.056 6.3987397297000155e-09
6250.056 9.131212753300103e-09
6300.056 1.3840258034000107e-08
6350.056 1.863192754800049e-08
6400.056 2.389652266200004e-08
6450.056 2.995261031299824e-08
6500.056 3.703425021499806e-08
6550.056 4.6953515514999115e-08
6600.056 5.133639718399917e-08
6650.056 4.658331795100245e-08
6700.056 2.554570001284708e-08
6750.056 4.1592700601000976e-08
6800.056 5.077554089800381e-08
6850.056 6.488404728400231e-08
6900.056 8.523661438500011e-08
6950.056 1.0567047818100489e-07
7000.056 1.385582622190002e-07
7050.056 1.1624891954800237e-07
7100.056 5.9580148349001075e-08
7150.056 5.503954673200053e-08
7200.056 7.430313728899927e-08
7250.056 1.0262744312600779e-07
7300.056 1.4359597806300796e-07
7350.056 1.8398666604999974e-07
7400.056 1.8976778315000248e-07
7450.056 1.7034680729999773e-07
7500.056 1.427728637899992e-07
7550.056 1.1283926818699968e-07
7600.056 6.390018160599846e-08
7650.056 8.723668811315494e-09
7700.056 3.4410528854707234e-09
7750.056 3.489149223900095e-08
7800.056 7.699810332218287e-08
7850.056 1.401616209960032e-07
7900.056 1.9308571668000317e-07
7950.056 2.154111401935472e-07
8000.056 3.363227884499963e-07
8050.056 4.5831517093999825e-07
8100.056 5.844590368200047e-07
8150.056 7.001882876100018e-07
8200.056 4.877384184299911e-07
8250.056 7.872751582000057e-07
8300.056 7.859977936800207e-07
8350.056 8.814728276400134e-07
8400.056 9.259240424900045e-07
8450.056 6.241837575899888e-07
8500.056 5.547709893820028e-07
8550.056 7.755970228200449e-07
8600.056 9.842505104799419e-07
8650.056 1.1288287280299654e-06
8700.056 9.03595397119905e-07
8750.056 9.038808426300381e-07
8800.056 1.200230134630044e-06
8850.056 1.1576643348099062e-06
8900.056 9.269921812700175e-07
8950.056 1.0462612766038066e-06
9000.056 1.3735016509700648e-06
9050.056 1.2076929504100302e-06
9100.056 1.5285638961899776e-06
9150.056 1.7881590452900131e-06
9200.056 1.8947694535200588e-06
9250.056 1.6743508173701161e-06
9300.056 1.5304580448699436e-06
9350.056 1.6718189227600523e-06
9400.056 1.8129212541300279e-06
9450.056 2.13614535225998e-06
9500.056 2.49017786340003e-06
9550.056 2.6137709975000493e-06
9600.056 2.8479563129000356e-06
9650.056 3.113398044700046e-06
9700.056 3.430833171399958e-06
9750.056 3.089090544699933e-06
9800.056 3.194485610699964e-06
9850.056 3.061865696900025e-06
9900.056 1.8030672267398545e-06
9950.056 9.684740816300212e-07
10000.056 9.5106716296999e-07
10050.056 1.1193448345899991e-06
10100.056 1.4076410399200834e-06
10150.056 1.3341639612499453e-06
10200.056 1.4647704450999912e-06
10250.056 1.543203765659974e-06
10300.056 1.3627404579399677e-06
10350.056 1.6963397349801485e-06
10400.056 2.0012629575298843e-06
10450.056 2.0764813566900524e-06
10500.056 2.135919580349933e-06
10550.056 2.3925083512101013e-06
10600.056 2.619528284460018e-06
10650.056 2.617721403550211e-06
10700.056 2.6861578519900548e-06
10750.056 2.9349146342900952e-06
10800.056 3.1940303716799536e-06
10850.056 3.613626382899884e-06
10900.056 3.820537391499933e-06
10950.056 4.019632853799984e-06
11000.056 3.865552343499917e-06
11050.056 3.4332170260001382e-06
11100.056 3.702495341400062e-06
11150.056 4.029527081189997e-06
11200.056 4.032255865600208e-06
11250.056 4.776711026400077e-06
11300.056 4.5489928357999755e-06
11350.056 4.242243852999748e-06
11400.056 2.8193206487000297e-06
11450.056 4.589450054699986e-06
11500.056 5.603251985299869e-06
11550.056 5.421481495999957e-06
11600.056 5.773564281899733e-06
11650.056 5.248875249600092e-06
11700.056 3.369588486389996e-06
11750.056 3.723628659059688e-06
11800.056 3.850026251800264e-06
11850.056 5.8249731448001905e-06
11900.056 6.599875818099807e-06
11950.056 5.470105901199978e-06
12000.056 4.486432316500076e-06
12050.056 5.495229640199993e-06
12100.056 5.362749409599905e-06
12150.056 6.2544572565998865e-06
12200.056 5.962725638699687e-06
12250.056 6.5038740479000226e-06
12300.056 6.595742529800135e-06
12350.056 6.239261166099898e-06
12400.056 5.095128364799938e-06
12450.056 4.4473964953000365e-06
12500.056 4.6169133542998045e-06
12550.056 4.8011627585002616e-06
12600.056 6.178915530200014e-06
12650.056 6.305490623699862e-06
12700.056 6.997245876200276e-06
12750.056 6.829482416799806e-06
12800.056 7.1414499061001976e-06
12850.056 6.90729223839991e-06
12900.056 6.4791597987999276e-06
12950.056 6.638188444100013e-06
13000.056 7.010641593199925e-06
13050.056 7.394401801899969e-06
13100.056 7.4960785776000456e-06
13150.056 7.669089332599949e-06
13200.056 7.421340996800066e-06
13250.056 7.03392015540002e-06
13300.056 6.473962050339658e-06
13350.056 4.223356180610075e-06
13400.056 3.734584941480328e-06
13450.056 3.4628371679949075e-06
13500.056 3.148651651069813e-06
13550.056 3.0922121970664496e-06
13600.056 3.1681540010092355e-06
13650.056 3.931490742129997e-06
13700.056 3.7681076278253093e-06
13750.056 4.103073956129722e-06
13800.056 4.476344821356035e-06
13850.056 4.091460340626918e-06
13900.056 3.826790144064e-06
13950.056 3.6106948858871543e-06
14000.056 3.4632799882800284e-06
14050.056 3.7721691363330833e-06
14100.056 3.2279949160911768e-06
14150.056 3.4476854617061173e-06
14200.056 3.1819207237842067e-06
14250.056 3.0807370803776414e-06
14300.056 3.3047643183318155e-06
14350.056 3.37810307546404e-06
14400.056 3.4469303904008968e-06
14450.056 3.6134288565301156e-06
14500.056 3.945907565709927e-06
14550.056 3.924085251869888e-06
14600.056 4.455431708480305e-06
14650.056 4.302773009709313e-06
14700.056 4.0108125709198755e-06
14750.056 4.321321356690263e-06
14800.056 4.411400024510238e-06
14850.056 4.7246023691996855e-06
14900.056 4.649185726699858e-06
14950.056 4.715500469000275e-06
15000.056 4.895391486199995e-06
15050.056 5.321585293799763e-06
15100.056 5.228366959500057e-06
15150.056 5.271177342300103e-06
15200.056 5.554529512499867e-06
15250.056 5.6852675888000635e-06
15300.056 5.852244164599996e-06
15350.056 6.07592811499996e-06
15400.056 6.1737796233999795e-06
15450.056 6.333794962900125e-06
15500.056 6.401755471400092e-06
15550.056 6.585606705099794e-06
15600.056 6.616407497000128e-06
15650.056 6.735223566500082e-06
15700.056 6.9504834543001835e-06
15750.056 7.074612967099906e-06
15800.056 7.038250099700052e-06
15850.056 5.670325218800062e-06
15900.056 5.836969260799978e-06
15950.056 5.74445668829988e-06
16000.056 5.907845498800066e-06
16050.056 5.940327583500076e-06
16100.056 6.044286495400059e-06
16150.056 5.576488021599983e-06
16200.056 5.915271286499988e-06
16250.056 5.519535339300018e-06
16300.056 5.59008245450004e-06
16350.056 5.874344008399967e-06
16400.056 5.750338828900017e-06
16450.056 5.938349817700168e-06
16500.056 5.99913849960004e-06
16550.056 6.1960444204999335e-06
16600.056 5.8336440985000425e-06
16650.056 6.172335663099963e-06
16700.056 5.896417760199921e-06
16750.056 5.808371533699964e-06
16800.056 5.978694188399944e-06
16850.056 6.0585624022998815e-06
16900.056 5.89623650080007e-06
16950.056 5.8629405696999706e-06
17000.056 5.97901059880014e-06
17050.056 5.954349498599993e-06
17100.056 5.833317378100167e-06
17150.056 5.799371751300097e-06
17200.056 5.538284095400014e-06
17250.056 5.260956387300012e-06
17300.056 5.212582281099893e-06
17350.056 5.2024434333001434e-06
17400.056 4.914308719999847e-06
17450.056 4.825496037499331e-06
17500.056 4.632566103950381e-06
17550.056 4.432930148330315e-06
17600.056 4.3461327879600545e-06
17650.056 4.276661375360339e-06
17700.056 3.777896596389678e-06
17750.056 3.7237425077297826e-06
17800.056 3.626555403170638e-06
17850.056 3.2597166809697704e-06
17900.056 3.458971160970189e-06
17950.056 3.2921881077699256e-06
18000.056 3.105325682680109e-06
18050.056 3.099126556190008e-06
18100.056 3.0706983138497513e-06
18150.056 3.2766676412404508e-06
18200.056 2.780093294770074e-06
18250.056 3.405746683134823e-06
18300.056 3.1512616519999217e-06
18350.056 3.1391745803201095e-06
18400.056 3.0561521581322544e-06
18450.056 2.8258297139805366e-06
18500.056 2.8649179628000125e-06
18550.056 2.6141889975398303e-06
18600.056 2.3356482816797366e-06
18650.056 2.617037488520373e-06
18700.056 2.789718210100162e-06
18750.056 2.7231790188804238e-06
18800.056 3.0119355698802943e-06
18850.056 3.3092954385999056e-06
18900.056 3.158201098829507e-06
18950.056 3.4733517289399066e-06
19000.056 3.460250647099646e-06
19050.056 3.2989026747099013e-06
19100.056 3.602306295710148e-06
19150.056 3.5112785850599753e-06
19200.056 3.5043661227702104e-06
19250.056 3.3169359314599643e-06
19300.056 3.4457460329497467e-06
19350.056 3.3397438985396694e-06
19400.056 2.806331177579842e-06
19450.056 3.3063961798398993e-06
19500.056 3.303150348930063e-06
19550.056 2.8319057320302357e-06
19600.056 3.0594556316998794e-06
19650.056 3.208036356989468e-06
19700.056 3.120769721450126e-06
19750.056 2.893533851240094e-06
19800.056 3.1214188300497757e-06
19850.056 3.305574084079843e-06
19900.056 2.874945731540246e-06
19950.056 3.3062684062798935e-06
20000.056 3.043594527550298e-06
20050.056 3.3853503734501045e-06
20100.056 3.1938214939792435e-06
20150.056 3.3900268704403254e-06
20200.056 3.4763106919399677e-06
20250.056 3.53810244740986e-06
20300.056 3.5232361910502304e-06
20350.056 3.709394500449804e-06
20400.056 3.726121402919535e-06
20450.056 3.769643478199615e-06
20500.056 3.8828973941497234e-06
20550.056 3.890381701800042e-06
20600.056 4.0637711398e-06
20650.056 3.990797812499998e-06
20700.056 4.132746101200072e-06
20750.056 4.119115846399969e-06
20800.056 4.239368031399895e-06
20850.056 4.1714600626999516e-06
20900.056 4.316487305499951e-06
20950.056 4.314798742299965e-06
21000.056 4.345408270200017e-06
21050.056 4.385456365399988e-06
21100.056 4.372584865799989e-06
21150.056 4.4410730474999695e-06
21200.056 4.4346381466000415e-06
21250.056 4.482379206499935e-06
21300.056 4.406332367100055e-06
21350.056 4.488928747500003e-06
21400.056 4.4226717987000325e-06
21450.056 4.5157871881999994e-06
21500.056 4.4319278445000184e-06
21550.056 4.449174328099979e-06
21600.056 4.45333219090003e-06
21650.056 4.420616059099992e-06
21700.056 4.4427111808000075e-06
21750.056 4.3838936001000085e-06
21800.056 4.369215158899944e-06
21850.056 4.34021408539995e-06
21900.056 4.346876494600053e-06
21950.056 4.279792687499998e-06
22000.056 4.257778513899973e-06
22050.056 4.188086903499949e-06
22100.056 4.1953417815000155e-06
22150.056 4.1975372624000265e-06
22200.056 4.130890101200099e-06
22250.056 4.188349557300057e-06
22300.056 4.150549442200006e-06
22350.056 4.09016933670004e-06
22400.056 4.095160150299968e-06
22450.056 4.042064966499971e-06
22500.056 4.043241453100016e-06
22550.056 4.018595195399933e-06
22600.056 4.020191750500014e-06
22650.056 3.946082663600096e-06
22700.056 3.913908492000096e-06
22750.056 3.961876885099978e-06
22800.056 3.873308867799989e-06
22850.056 3.8849283067000395e-06
22900.056 3.869306597699964e-06
22950.056 3.321448420100148e-06
23000.056 3.349190517380079e-06
23050.056 3.4302313208696757e-06
23100.056 3.3565713518999726e-06
23150.056 3.467624213359981e-06
23200.056 3.378341696680113e-06
23250.056 3.1831121552297795e-06
23300.056 3.2030295259000444e-06
23350.056 3.2670417047099727e-06
23400.056 3.27436351410005e-06
23450.056 3.282833819400176e-06
23500.056 3.3768590641999036e-06
23550.056 3.2594854522802146e-06
23600.056 3.210992808630255e-06
23650.056 3.3205464594198114e-06
23700.056 3.244349101949868e-06
23750.056 3.2859976954201688e-06
23800.056 3.2440420011899746e-06
23850.056 3.0612125953800405e-06
23900.056 3.1626818820601833e-06
23950.056 3.29083525520018e-06
24000.056 3.207571209189629e-06
24050.056 3.157837764090221e-06
24100.056 3.044699788919958e-06
24150.056 2.98417912921022e-06
24200.056 2.969260863279729e-06
24250.056 2.9057871909401063e-06
24300.056 2.9033047970601776e-06
24350.056 2.664903244670024e-06
24400.056 2.902290927939939e-06
24450.056 2.6484972238299876e-06
24500.056 2.5762253035101374e-06
24550.056 2.474839382860303e-06
24600.056 2.5066553159300247e-06
24650.056 2.7120523235001113e-06
24700.056 2.291174709839953e-06
24750.056 2.1662250703900716e-06
24800.056 2.225831079259945e-06
24850.056 2.5181345450303305e-06
24900.056 1.8877432499403768e-06
24950.056 2.379259416580027e-06
25000.056 2.194701636780275e-06
25050.056 1.754457409220283e-06
25100.056 2.1472420185898675e-06
25150.056 1.879887400799884e-06
25200.056 1.9919734075801824e-06
25250.056 1.8135903881997767e-06
25300.056 2.0121492133501057e-06
25350.056 1.6942523455200057e-06
25400.056 1.9582838988903047e-06
25450.056 1.7065135221599414e-06
25500.056 1.8334245940902208e-06
25550.056 1.7831233942900364e-06
25600.056 1.83176795491981e-06
25650.056 1.6216639384498773e-06
25700.056 2.1321589674196362e-06
25750.056 1.5454250477101537e-06
25800.056 2.065899187670208e-06
25850.056 1.8033382848398619e-06
25900.056 2.0262912138003044e-06
25950.056 1.7111068886302099e-06
26000.056 2.1109673229303366e-06
26050.056 2.0549602773199697e-06
26100.056 2.244960876850176e-06
26150.056 2.167703274649824e-06
26200.056 2.0758607630300396e-06
26250.056 2.2759422879299688e-06
26300.056 2.17179899360995e-06
26350.056 2.3895459028999954e-06
26400.056 2.3723870451198974e-06
26450.056 2.330690470509884e-06
26500.056 2.4785451822896373e-06
26550.056 2.2954376814199406e-06
26600.056 2.6868881710698506e-06
26650.056 2.1129665688598454e-06
26700.056 2.1385934081100838e-06
26750.056 1.7517520184494451e-06
26800.056 1.998061066909848e-06
26850.056 1.5403503292101805e-06
26900.056 2.0786965656098208e-06
26950.056 1.463202380699846e-06
27000.056 1.983909400670052e-06
27050.056 1.6871255567498716e-06
27100.056 1.7172355210997096e-06
27150.056 1.8112080427400888e-06
27200.056 1.802758792730062e-06
27250.056 1.6675999906702657e-06
27300.056 2.087761771070179e-06
27350.056 1.910761985029695e-06
27400.056 1.5564197449398776e-06
27450.056 2.234970556319769e-06
27500.056 2.022128357600028e-06
27550.056 1.7559918204398557e-06
27600.056 2.2277188219899188e-06
27650.056 1.7189158722399902e-06
27700.056 1.6122470984899746e-06
27750.056 2.2376223906497193e-06
27800.056 1.6869861616599293e-06
27850.056 1.7529928480098123e-06
27900.056 1.8703255474798676e-06
27950.056 2.234090866899915e-06
28000.056 1.953392617460192e-06
28050.056 1.4842974319503191e-06
28100.056 2.3003735946603098e-06
28150.056 1.801499861179999e-06
28200.056 1.5135288338099743e-06
28250.056 2.060071085679885e-06
28300.056 2.3059331398303475e-06
28350.056 1.6048340996497526e-06
28400.056 1.966315583300141e-06
28450.056 2.1071697588498833e-06
28500.056 1.990037339339809e-06
28550.056 1.3593093054897818e-06
28600.056 2.339953985440111e-06
28650.056 2.033203949120061e-06
28700.056 1.7851066059798992e-06
28750.056 2.1080279790199827e-06
28800.056 2.065307476870245e-06
