galfind/configs/Brown_Dwarf_templates/sonora_cholla/logkzz2/562g/1000K_562g_logkzz2_resample.dat
# %ECSV 1.0
# ---
# datatype:
# - {name: wav, unit: Angstrom, datatype: float64}
# - {name: flux_nu, unit: erg / (cm2 Hz s), datatype: float64}
# schema: astropy-2.0
wav flux_nu
[from data line 1161]
68050.00000000009 1.5072492201647625e-07
68100.00000000009 1.6977043065775067e-07
68150.00000000009 1.3597923149547464e-07
68200.00000000009 1.3740667749376767e-07
68250.00000000009 6.294196290967952e-08
68300.00000000009 1.205932504644716e-07
68350.00000000009 7.063257207336608e-08
68400.00000000009 1.724397577804254e-07
68450.00000000009 1.6325727875188308e-07
68500.00000000009 1.3520728617120064e-07
68550.00000000009 8.979379020053604e-08
68600.00000000009 9.514332962719234e-08
68650.00000000009 6.17324000470566e-08
68700.00000000009 1.0454412371502418e-07
68750.00000000009 1.316597458528068e-07
68800.00000000009 1.46765730907319e-07
68850.00000000009 7.694129849779251e-08
68900.00000000009 1.8225000178052663e-07
68950.00000000009 1.8820946488593678e-07
69000.00000000009 1.6625197999537997e-07
69050.00000000009 1.0680464054190958e-07
69100.00000000009 1.8540494870558046e-07
69150.00000000009 2.1656327976457785e-07
69200.00000000009 1.346389322200065e-07
69250.00000000009 2.0096771231507166e-07
69300.00000000009 1.2614836968046192e-07
69350.00000000009 1.8849968872874883e-07
69400.00000000009 9.071933724644635e-08
69450.00000000009 1.9411792498722037e-07
69500.00000000009 1.225151568067668e-07
69550.00000000009 1.2738909025438444e-07
69600.00000000009 5.155841197016505e-08
69650.00000000009 1.1581416201538592e-07
69700.00000000009 1.7521195871848635e-07
69750.00000000009 1.244352421428401e-07
69800.00000000009 1.602349948996637e-07
69850.00000000009 1.7074763630615732e-07
69900.00000000009 1.262486674386681e-07
69950.00000000009 1.3370538686074383e-07
70000.00000000009 1.2084110059632703e-07
70050.00000000009 1.8760941984518642e-07
70100.00000000009 1.3391121642266142e-07
70150.00000000009 1.3374361446172556e-07
70200.00000000009 1.0146990511062119e-07
70250.00000000009 1.3671157075187884e-07
70300.00000000009 1.764032590881224e-07
70350.00000000009 1.3402345661714066e-07
70400.00000000009 1.105384455181629e-07
70450.00000000009 5.405204469325723e-08
70500.00000000009 9.109163271112734e-08
70550.00000000009 9.612309767440413e-08
70600.00000000009 9.227982766643999e-08
70650.00000000009 1.531419235876198e-07
70700.00000000009 1.384056892206515e-07
70750.00000000009 1.6528459198558103e-07
70800.00000000009 1.0871055352192891e-07
70850.00000000009 1.0600802858075202e-07
70900.00000000009 1.0855679460870843e-07
70950.00000000009 1.6469008172628883e-07
71000.00000000009 1.3823569897372233e-07
71050.00000000009 1.3787469878291054e-07
71100.00000000009 1.197344096717522e-07
71150.00000000009 1.1953765481554276e-07
71200.00000000009 1.0656481161472678e-07
71250.00000000009 1.1676995067023391e-07
71300.00000000009 1.4987690113524035e-07
71350.00000000009 1.4954206763260222e-07
71400.00000000009 1.4457734751254456e-07
71450.00000000009 8.23892012439394e-08
71500.00000000009 9.820805524546654e-08
71550.00000000009 1.0729541586788723e-07
71600.00000000009 1.2366830216452639e-07
71650.00000000009 1.1100458465512982e-07
71700.00000000009 8.867804215234405e-08
71750.00000000009 1.0966066713251727e-07
71800.00000000009 1.4110428419159013e-07
71850.00000000009 1.3916279675486733e-07
71900.00000000009 9.668452776470142e-08
71950.00000000009 1.0296115944794002e-07
72000.00000000009 1.0481746865847552e-07
72050.00000000009 8.211503922421849e-08
72100.00000000009 9.605243609103807e-08
72150.00000000009 7.761058387008461e-08
72200.00000000009 1.0473083981023865e-07
72250.00000000009 1.2415843933891797e-07
72300.00000000009 1.0778454683919223e-07
72350.00000000009 1.1396371115492975e-07
72400.00000000009 9.412014423716585e-08
72450.00000000009 8.249785369735007e-08
72500.00000000009 1.050189268044392e-07
72550.00000000009 6.227147625174713e-08
72600.00000000009 6.926430292332765e-08
72650.00000000009 1.1497089311696865e-07
72700.00000000009 1.1164716383546264e-07
72750.00000000009 9.776667829871573e-08
72800.00000000009 8.604665510545809e-08
72850.00000000009 8.56941242594889e-08
72900.00000000009 1.1471046192351434e-07
72950.00000000009 1.0604496467352948e-07
73000.00000000009 1.0635705236575295e-07
73050.00000000009 8.232306482274883e-08
73100.00000000009 7.365765228939191e-08
73150.00000000009 1.365533348538331e-07
73200.00000000009 7.743392082816932e-08
73250.00000000009 9.412619168899847e-08
73300.00000000009 9.495478835379845e-08
73350.00000000009 7.529405992960116e-08
73400.00000000009 9.905047166736406e-08
73450.00000000009 6.69188158715584e-08
73500.00000000009 6.22949892110581e-08
73550.00000000009 8.880408767164022e-08
73600.00000000009 6.990283282416508e-08
73650.00000000009 9.285566035007367e-08
73700.00000000009 1.0605168115588114e-07
73750.00000000009 6.251144139722376e-08
73800.00000000009 8.897450728043256e-08
73850.00000000009 9.607541071788939e-08
73900.00000000009 9.760900525249274e-08
73950.00000000009 8.525767437902035e-08
74000.00000000009 7.035027447112362e-08
74050.00000000009 1.3183975675129907e-07
74100.00000000009 8.394772338176453e-08
74150.00000000009 9.273412654714401e-08
74200.00000000009 8.24263010110359e-08
74250.00000000009 4.514002133552114e-08
74300.00000000009 8.199865974550373e-08
74350.00000000009 1.078539605677371e-07
74400.00000000009 1.0140213702487597e-07
74450.00000000009 5.587979542966652e-08
74500.00000000009 6.357814469243786e-08
74550.00000000009 8.471504013285184e-08
74600.00000000009 8.584641954756258e-08
74650.00000000009 8.516549278332529e-08
74700.00000000009 6.51879887865683e-08
74750.00000000009 6.973454944546119e-08
74800.00000000009 7.96827555817785e-08
74850.00000000009 6.347737524025891e-08
74900.00000000009 1.0906374574093165e-07
74950.00000000009 1.1317364283932999e-07
75000.00000000009 8.51578162014018e-08
75050.00000000009 5.774447668448607e-08
75100.00000000009 1.183146829086353e-07
75150.00000000009 9.972300410352607e-08
75200.00000000009 1.1925027840393396e-07
75250.00000000009 1.1280939638721636e-07
75300.00000000009 1.1487474969322524e-07
75350.00000000009 6.573238634751448e-08
75400.00000000009 1.2258957458553654e-07
75450.00000000009 9.979693479299444e-08
75500.00000000009 9.446770626235096e-08
75550.00000000009 1.1837563422881913e-07
75600.00000000009 1.4292559528071167e-07
75650.00000000009 8.85498796620698e-08
75700.00000000009 1.0371909313096875e-07
75750.00000000009 7.244193530925316e-08
75800.00000000009 1.1206947774983415e-07
75850.00000000009 1.316736102903775e-07
75900.00000000009 1.1925596300742355e-07
75950.00000000009 8.314702191977355e-08
76000.00000000009 1.1131713118254794e-07
76050.00000000009 1.216724911272002e-07
76100.00000000009 1.068468098291123e-07
76150.00000000009 1.2364016969887883e-07
76200.00000000009 1.2378805578820345e-07
76250.00000000009 1.3610445393173795e-07
76300.00000000009 1.6590043666568342e-07
76350.00000000009 1.9112277322022227e-07
76400.00000000009 1.469277416821305e-07
76450.00000000009 1.4241325829267236e-07
76500.00000000009 1.1251517515390636e-07
76550.00000000009 8.8833510148768e-08
76600.00000000009 4.019781566459756e-08
76650.00000000009 4.633408797692806e-08
76700.00000000009 4.960954774147147e-08
76750.00000000009 4.864415135205882e-08
76800.00000000009 7.726887788574101e-08
76850.00000000009 3.0290126907666354e-08
76900.00000000009 4.055985673382575e-08
76950.00000000009 6.436640229540302e-08
77000.00000000009 6.952687001073232e-08
77050.00000000009 4.64510234647092e-08
77100.00000000009 5.389377085938565e-08
77150.00000000009 7.844540647539133e-08
77200.00000000009 6.483167066446517e-08
77250.00000000009 7.264300718465064e-08
77300.00000000009 7.039883322582029e-08
77350.00000000009 4.53975727441329e-08
77400.00000000009 4.594731190525171e-08
77450.00000000009 5.5937593567559674e-08
77500.00000000009 5.083461790459239e-08
77550.00000000009 6.431299856550419e-08
77600.00000000009 6.850390822790748e-08
77650.00000000009 6.509060263565083e-08
77700.00000000009 4.784458518795889e-08
77750.00000000009 8.532437676578071e-08
77800.00000000009 6.739107974067718e-08
77850.00000000009 1.0721728970348178e-07
77900.00000000009 8.54067072072357e-08
77950.00000000009 5.3229163299718554e-08
78000.00000000009 7.222888430165727e-08
78050.00000000009 7.941361428632328e-08
78100.00000000009 6.359709647281104e-08
78150.00000000009 9.757553301595929e-08
78200.00000000009 9.593638843021596e-08
78250.00000000009 1.1040406888696987e-07
78300.00000000009 1.0009206890320236e-07
78350.00000000009 9.302807651779026e-08
78400.00000000009 7.996695914033348e-08
78450.00000000009 1.1399158346356647e-07
78500.00000000009 1.0776017086391488e-07
78550.00000000009 1.1906362218369018e-07
78600.00000000009 1.0396613660511275e-07
78650.00000000009 4.701424387189211e-08
78700.00000000009 7.19713097757825e-08
78750.00000000009 7.06798504488322e-08
78800.00000000009 1.010634998900093e-07
78850.00000000009 6.110305000819275e-08
78900.00000000009 9.540137426237285e-08
78950.00000000009 9.106987021782582e-08
79000.00000000009 8.77967422614284e-08
79050.00000000009 8.039672527821369e-08
79100.00000000009 8.562787484033256e-08
79150.00000000009 9.549036550136301e-08
79200.00000000009 1.0636673004160635e-07
79250.00000000009 9.02335705156908e-08
79300.00000000009 6.609248252678465e-08
79350.00000000009 1.0430552268038813e-07
79400.00000000009 8.384550305672006e-08
79450.00000000009 1.047201222735325e-07
79500.00000000009 1.4248534707366154e-07
79550.00000000009 1.1591017179559754e-07
79600.00000000009 7.391726391434412e-08
79650.00000000009 9.908467540589036e-08
79700.00000000009 1.1272102561937648e-07
79750.00000000009 1.1369271498878672e-07
79800.00000000009 9.013589546451107e-08
79850.00000000009 9.387040337041341e-08
79900.00000000009 1.4638659337307413e-07
79950.00000000009 1.0252119536728634e-07
