galfind/configs/Brown_Dwarf_templates/sonora_cholla/logkzz2/562g/1000K_562g_logkzz2_resample.dat
# %ECSV 1.0
# ---
# datatype:
# - {name: wav, unit: Angstrom, datatype: float64}
# - {name: flux_nu, unit: erg / (cm2 Hz s), datatype: float64}
# schema: astropy-2.0
wav flux_nu
[from data line 774]
48700.000000000095 3.112791481770451e-07
48750.000000000095 1.874702106974657e-07
48800.000000000095 3.1366645482031057e-07
48850.000000000095 2.0671416418044692e-07
48900.000000000095 3.1288438775399894e-07
48950.000000000095 2.5518235508897415e-07
49000.000000000095 2.0308340394486737e-07
49050.000000000095 2.9536509250091306e-07
49100.000000000095 2.1017805428054367e-07
49150.000000000095 3.222691297845031e-07
49200.000000000095 2.4554057821247095e-07
49250.000000000095 3.247292139700127e-07
49300.000000000095 2.4352287897133615e-07
49350.000000000095 2.2228750058746886e-07
49400.000000000095 2.5887362437536197e-07
49450.000000000095 2.778816850839387e-07
49500.000000000095 2.3816469139898204e-07
49550.000000000095 1.3629056628623205e-07
49600.000000000095 2.41456307617729e-07
49650.000000000095 2.361051102751501e-07
49700.000000000095 2.1686183090657213e-07
49750.000000000095 3.349574004979135e-07
49800.000000000095 2.1653690043489674e-07
49850.000000000095 3.73640278542441e-07
49900.000000000095 3.0151711332365846e-07
49950.000000000095 2.8954923831522997e-07
50000.000000000095 3.220584987139386e-07
50050.000000000095 3.250843760994532e-07
50100.000000000095 3.435754690070251e-07
50150.000000000095 1.9963544036677592e-07
50200.000000000095 1.2634358875413971e-07
50250.000000000095 3.044141004219639e-07
50300.000000000095 2.2599971026898274e-07
50350.000000000095 3.2248650975019015e-07
50400.000000000095 2.846472346657991e-07
50450.000000000095 2.591458962351548e-07
50500.000000000095 3.4135258620681795e-07
50550.000000000095 2.900129780703058e-07
50600.000000000095 2.8630955842285405e-07
50650.000000000095 2.9659880269497184e-07
50700.000000000095 4.1023034725200514e-07
50750.000000000095 3.4820326750337183e-07
50800.000000000095 1.9114718462709572e-07
50850.000000000095 1.847870859521314e-07
50900.000000000095 3.532498261503415e-07
50950.000000000095 3.401702941147786e-07
51000.000000000095 3.023954028038331e-07
51050.000000000095 2.9448071153906306e-07
51100.000000000095 1.71432034589028e-07
51150.000000000095 2.403601358693735e-07
51200.000000000095 3.9258482112948715e-07
51250.000000000095 2.9788734164482465e-07
51300.000000000095 2.2682891333442896e-07
51350.000000000095 2.7552145844753395e-07
51400.000000000095 1.8309764886936583e-07
51450.000000000095 1.6481872720186818e-07
51500.000000000095 1.5260306393848513e-07
51550.000000000095 2.934682572505406e-07
51600.000000000095 2.1465173398089872e-07
51650.000000000095 2.6977647756049383e-07
51700.000000000095 2.8005096957080517e-07
51750.000000000095 1.8715851352280572e-07
51800.000000000095 3.5130014715865227e-07
51850.000000000095 2.865097898727714e-07
51900.000000000095 3.850528205093609e-07
51950.000000000095 2.993838775299306e-07
52000.000000000095 1.0835511179522459e-07
52050.000000000095 2.084456616340173e-07
52100.000000000095 1.8400946219750455e-07
52150.000000000095 1.4641228879146863e-07
52200.000000000095 1.5087098804077414e-07
52250.000000000095 2.1084973210928982e-07
52300.000000000095 3.512715073823775e-07
52350.000000000095 2.244637842354048e-07
52400.000000000095 1.7894499442694777e-07
52450.000000000095 2.969827373629211e-07
52500.000000000095 2.708604440166286e-07
52550.000000000095 2.7940075490100897e-07
52600.000000000095 2.2163696354150894e-07
52650.000000000095 2.3372223179043947e-07
52700.000000000095 2.0463616967765363e-07
52750.000000000095 1.6412255062864517e-07
52800.000000000095 1.783699542094358e-07
52850.000000000095 2.0780329795213125e-07
52900.000000000095 1.6321597899567264e-07
52950.000000000095 1.7288139132970206e-07
53000.000000000095 3.129057889958439e-07
53050.000000000095 1.3304276176535058e-07
53100.000000000095 2.77609043853899e-07
53150.000000000095 3.413979865635386e-07
53200.000000000095 1.6249648318033576e-07
53250.000000000095 3.050440027981171e-07
53300.000000000095 3.168067876044168e-07
53350.000000000095 3.0448642100122956e-07
53400.000000000095 3.0550411407825533e-07
53450.000000000095 1.4296157504157606e-07
53500.000000000095 9.106204745691523e-08
53550.000000000095 1.442004825490588e-07
53600.000000000095 2.146748500722058e-07
53650.000000000095 1.838820983835145e-07
53700.000000000095 1.682245943741995e-07
53750.000000000095 1.690977099419267e-07
53800.000000000095 1.6678451650398366e-07
53850.000000000095 2.268172380476212e-07
53900.000000000095 2.1382459428111335e-07
53950.000000000095 2.847855795249434e-07
54000.000000000095 1.9582317006196035e-07
54050.000000000095 2.05673021154126e-07
54100.000000000095 1.0095321495528798e-07
54150.000000000095 1.483333138818246e-07
54200.000000000095 7.407335382845205e-08
54250.000000000095 9.331790012088584e-08
54300.000000000095 1.5154286015823247e-07
54350.000000000095 2.0614847762563684e-07
54400.000000000095 2.094476451024227e-07
54450.000000000095 1.7168905496667856e-07
54500.000000000095 1.5368856217317183e-07
54550.000000000095 1.374141731616818e-07
54600.000000000095 1.7194233758505714e-07
54650.000000000095 9.039427086622009e-08
54700.000000000095 2.034802132502413e-07
54750.000000000095 1.896169846576655e-07
54800.000000000095 1.344198685988725e-07
54850.000000000095 1.60996242439742e-07
54900.000000000095 2.1620968754624988e-07
54950.000000000095 2.7880506187228837e-07
55000.000000000095 1.2059197765157633e-07
55050.000000000095 1.8659369763497454e-07
55100.000000000095 1.719519129426607e-07
55150.000000000095 1.3610890044181564e-07
55200.000000000095 1.3691864284924244e-07
55250.000000000095 1.5722741467239268e-07
55300.000000000095 1.1367390283874685e-07
55350.000000000095 1.8516849170452388e-07
55400.000000000095 2.2992824532799308e-07
55450.000000000095 1.5845038828119368e-07
55500.000000000095 8.664325964731478e-08
55550.000000000095 1.190477649164423e-07
55600.000000000095 1.1514941865212003e-07
55650.000000000095 1.0240763109718006e-07
55700.000000000095 1.2941166613098533e-07
55750.000000000095 1.3970294202872436e-07
55800.000000000095 1.0197638424241212e-07
55850.000000000095 9.381557327398843e-08
55900.000000000095 1.72626835167225e-07
55950.000000000095 2.200563671751825e-07
56000.000000000095 1.087953937597697e-07
56050.000000000095 1.4338569315724103e-07
56100.000000000095 1.72083516790209e-07
56150.000000000095 1.2239697167572547e-07
56200.000000000095 1.4044379982875805e-07
56250.000000000095 1.5511236305368957e-07
56300.000000000095 1.5688597092731848e-07
56350.000000000095 1.5446392521163747e-07
56400.000000000095 9.84861079777174e-08
56450.000000000095 8.787740655584636e-08
56500.000000000095 1.1529969807803557e-07
56550.000000000095 7.738430367365769e-08
56600.000000000095 1.6533556073220324e-07
56650.000000000095 1.5655879058932886e-07
56700.000000000095 1.6960885745525356e-07
56750.000000000095 8.725783303954816e-08
56800.000000000095 1.699147335494584e-07
56850.000000000095 1.3841700280396116e-07
56900.000000000095 1.0180303131965268e-07
56950.000000000095 1.7136795731322718e-07
57000.000000000095 1.9098940174782902e-07
57050.000000000095 1.2184433473824068e-07
57100.000000000095 6.315708999629931e-08
57150.000000000095 9.63118972210536e-08
57200.000000000095 7.843857453252311e-08
57250.000000000095 1.0892396895955982e-07
57300.000000000095 1.48000855496019e-07
57350.000000000095 8.525879704078731e-08
57400.000000000095 1.4661656440994063e-07
57450.000000000095 1.2588416062171913e-07
57500.000000000095 1.21316440110143e-07
57550.000000000095 1.5792636823614354e-07
57600.000000000095 1.6346337100560101e-07
57650.000000000095 6.394517388142075e-08
57700.000000000095 8.441921434232922e-08
57750.000000000095 1.0773659343089937e-07
57800.000000000095 4.671028975131753e-08
57850.000000000095 2.04425446916284e-07
57900.000000000095 2.3307220045914458e-07
57950.000000000095 2.0882154439245035e-07
58000.000000000095 1.0498004779126769e-07
58050.000000000095 1.4694300706471712e-07
58100.000000000095 1.7387798362100205e-07
58150.000000000095 1.2831043022895694e-07
58200.000000000095 6.841799967496264e-08
58250.000000000095 9.195022838021125e-08
58300.000000000095 7.376810307012222e-08
58350.000000000095 9.530294066299211e-08
58400.000000000095 1.3277422648638373e-07
58450.000000000095 1.4100663511141664e-07
58500.000000000095 1.3106777186440041e-07
58550.000000000095 1.4549819398331045e-07
58600.000000000095 8.254919947627257e-08
58650.000000000095 1.0333012708681982e-07
58700.000000000095 1.1562430042211955e-07
58750.000000000095 1.2916678955328304e-07
58800.000000000095 5.492217350947035e-08
58850.000000000095 1.0466476363805085e-07
58900.000000000095 1.391434404723616e-07
58950.000000000095 8.124399057828578e-08
59000.000000000095 1.3750592087244856e-07
59050.000000000095 1.5004102768712724e-07
59100.000000000095 1.7612490326752463e-07
59150.000000000095 1.2419050270222986e-07
59200.000000000095 1.3453316763085916e-07
59250.000000000095 1.4677137997866648e-07
59300.000000000095 1.365457079698224e-07
59350.000000000095 6.541095781800204e-08
59400.000000000095 5.2613418058126965e-08
59450.000000000095 1.230449569329591e-07
59500.000000000095 7.470310048271742e-08
59550.000000000095 1.4488292653392363e-07
59600.000000000095 1.5052397477726919e-07
59650.000000000095 1.264364180542373e-07
59700.000000000095 8.592048935867894e-08
59750.000000000095 1.9119530841203303e-07
59800.000000000095 1.1013149837345975e-07
59850.000000000095 1.5526000767519702e-07
59900.000000000095 7.35989422018804e-08
59950.000000000095 1.2415904665795664e-07
60000.000000000095 2.0670329189221275e-07
60050.000000000095 1.8030516512960077e-07
60100.000000000095 1.8404872014010592e-07
60150.000000000095 1.214532095048654e-07
60200.000000000095 1.4777449977565062e-07
60250.000000000095 1.8490089997180106e-07
60300.000000000095 1.7228420006459107e-07
60350.000000000095 1.2069333928338016e-07
60400.000000000095 1.5193989776016603e-07
60450.000000000095 7.636040786762225e-08
60500.000000000095 4.772721776602536e-08
60550.000000000095 1.562569163833514e-07
60600.000000000095 1.5417791144540377e-07
60650.000000000095 1.2431126305870016e-07
60700.000000000095 1.0416240956932247e-07
60750.000000000095 7.923783267844178e-08
60800.000000000095 1.5325571860193916e-07
60850.000000000095 2.3224331569144282e-07
60900.000000000095 2.087454437044648e-07
60950.000000000095 1.8608870079290438e-07
61000.000000000095 1.4177632608429071e-07
61050.000000000095 1.0106427769601633e-07
61100.000000000095 1.367884431854671e-07
61150.000000000095 5.765805382515946e-08
61200.000000000095 1.7863288830316138e-07
61250.000000000095 2.1153065162448327e-07
61300.000000000095 1.8563995588957296e-07
61350.000000000095 2.351091194728459e-07
61400.000000000095 1.5311809456397892e-07
61450.000000000095 8.767298447299111e-08
61500.000000000095 1.1329364434327969e-07
61550.000000000095 1.1978045030479297e-07
61600.000000000095 8.504215532963102e-08
61650.000000000095 1.3363439449420613e-07
61700.000000000095 1.1171395515016016e-07
61750.000000000095 1.3567588085144654e-07
61800.000000000095 1.5051404662490322e-07
61850.000000000095 9.442637407816016e-08
61900.000000000095 1.9703835784129233e-07
61950.000000000095 1.832562565380778e-07
62000.000000000095 1.9394883994635715e-07
62050.000000000095 1.6896050971870877e-07
62100.000000000095 1.7426371142302627e-07
62150.000000000095 1.9363397771846184e-07
62200.000000000095 1.6810512431688324e-07
62250.000000000095 1.6811017377838866e-07
62300.000000000095 2.3896406373570575e-07
62350.000000000095 1.8750395164079826e-07
62400.000000000095 1.0529651874767177e-07
62450.000000000095 1.613973508164632e-07
62500.000000000095 2.1490890545712966e-07
62550.000000000095 2.1094464064970294e-07
62600.000000000095 2.2980899514273005e-07
62650.000000000095 1.7913887381294783e-07
62700.000000000095 1.9097802031855985e-07
62750.000000000095 2.4242485437347546e-07
62800.000000000095 1.52360289712921e-07
62850.000000000095 2.0509068174302358e-07
62900.000000000095 1.5776748979692763e-07
62950.000000000095 2.157204853057385e-07
63000.000000000095 1.8553273585535707e-07
63050.000000000095 2.4987119935319893e-07
63100.000000000095 2.2747076993290464e-07
63150.000000000095 1.7806557097466115e-07
63200.000000000095 2.189210305170954e-07
63250.000000000095 1.6834841166538393e-07
63300.000000000095 2.1833399476137278e-07
63350.000000000095 2.033202011996597e-07
63400.000000000095 1.2189828700378365e-07
63450.000000000095 9.446383034290002e-08
63500.000000000095 1.8059248607793576e-07
63550.000000000095 1.8004805766944756e-07
63600.000000000095 2.011872709123086e-07
63650.000000000095 1.4568689930523942e-07
63700.000000000095 1.023950041027993e-07
63750.000000000095 1.4237988264990157e-07
63800.000000000095 1.837566917674615e-07
63850.000000000095 1.6885013477878596e-07
63900.000000000095 1.1394122916450427e-07
63950.000000000095 1.686599040208855e-07
64000.000000000095 1.855963663231474e-07
64050.000000000095 1.3322749954152962e-07
64100.000000000095 5.064048862440654e-08
64150.000000000095 7.164199161801033e-08
64200.000000000095 7.851834455149393e-08
64250.000000000095 1.3665969430291598e-07
64300.000000000095 1.0419798597135777e-07
64350.000000000095 8.82670999385256e-08
64400.000000000095 1.4889004337735532e-07
64450.000000000095 1.5720560565975185e-07
64500.000000000095 8.735342075856602e-08
64550.000000000095 1.313370809544363e-07
64600.000000000095 7.156712489846301e-08
64650.000000000095 1.234387942236875e-07
64700.000000000095 6.817833376805535e-08
64750.000000000095 8.804851046379341e-08
64800.000000000095 8.368961549624051e-08
64850.000000000095 7.267287630261454e-08
64900.000000000095 8.045818743170897e-08
64950.000000000095 7.807186593127236e-08
65000.000000000095 9.731231003960155e-08
65050.000000000095 9.74646376653331e-08
65100.000000000095 1.314613848384613e-07
65150.000000000095 8.131702939449898e-08
65200.000000000095 7.207739592169641e-08
65250.000000000095 1.2521065089823272e-07
65300.000000000095 1.0185957014847381e-07
65350.000000000095 1.863969071740385e-07
65400.000000000095 9.987676254926557e-08
65450.000000000095 1.0462247642855185e-07
65500.000000000095 1.238768411683633e-07
65550.00000000009 7.914241579389565e-08
65600.00000000009 1.0558929345411388e-07
65650.00000000009 1.0561989967863686e-07
65700.00000000009 9.722676633506426e-08
65750.00000000009 7.639233530878296e-08
65800.00000000009 1.1354134586831994e-07
65850.00000000009 1.3307944305473378e-07
65900.00000000009 7.387149897175722e-08
65950.00000000009 6.900614156532645e-08
66000.00000000009 9.735202332401974e-08
66050.00000000009 1.749994552071159e-07
66100.00000000009 1.0791698197914271e-07
66150.00000000009 8.239505494416019e-08
66200.00000000009 8.170881234175797e-08
66250.00000000009 7.637305543902451e-08
66300.00000000009 3.960386349093728e-08
66350.00000000009 5.372195447439825e-08
66400.00000000009 7.463194081540679e-08
66450.00000000009 1.265388614074084e-07
66500.00000000009 1.7195562280266728e-07
66550.00000000009 1.6367535527957234e-07
66600.00000000009 1.2522037225653637e-07
66650.00000000009 1.0919576099623542e-07
66700.00000000009 1.0193327444414276e-07
66750.00000000009 9.47826444376402e-08
66800.00000000009 1.215001707199765e-07
66850.00000000009 8.257044343147317e-08
66900.00000000009 1.4200467805352116e-07
66950.00000000009 1.69362761009786e-07
67000.00000000009 1.630581889463751e-07
67050.00000000009 1.1301743548479698e-07
67100.00000000009 9.122509793877818e-08
67150.00000000009 9.309206621566975e-08
67200.00000000009 1.1265012314098137e-07
67250.00000000009 1.1449669559297945e-07
67300.00000000009 1.2774831582988267e-07
67350.00000000009 8.354234975334393e-08
67400.00000000009 1.601042925901466e-07
67450.00000000009 1.2203912134151382e-07
67500.00000000009 1.129002266687424e-07
67550.00000000009 1.390063216576363e-07
67600.00000000009 2.2113439224358253e-07
67650.00000000009 1.6563907023197025e-07
67700.00000000009 1.2669967361914267e-07
67750.00000000009 1.0878149033402227e-07
67800.00000000009 1.4339179916882574e-07
67850.00000000009 8.788979337896315e-08
67900.00000000009 1.0927446384286577e-07
67950.00000000009 7.848894908403691e-08
