galfind/configs/Brown_Dwarf_templates/sonora_cholla/logkzz2/562g/1050K_562g_logkzz2_resample.dat
# %ECSV 1.0
# ---
# datatype:
# - {name: wav, unit: Angstrom, datatype: float64}
# - {name: flux_nu, unit: erg / (cm2 Hz s), datatype: float64}
# schema: astropy-2.0
wav flux_nu
[from data line 388]
29400.000000000095 1.0976756009658379e-07
29450.000000000095 1.1168117917107524e-07
29500.000000000095 1.252739370222837e-07
29550.000000000095 1.0763408946358837e-07
29600.000000000095 1.4761020960499686e-07
29650.000000000095 1.2280128228546724e-07
29700.000000000095 1.0594170558849276e-07
29750.000000000095 1.3863293527944112e-07
29800.000000000095 1.5515520514963665e-07
29850.000000000095 1.6139118998419812e-07
29900.000000000095 1.565660319059212e-07
29950.000000000095 1.3774013671578364e-07
30000.000000000095 1.3093885643023867e-07
30050.000000000095 1.1022268870724686e-07
30100.000000000095 1.3447774841154867e-07
30150.000000000095 1.7575611275803963e-07
30200.000000000095 1.3017122716979504e-07
30250.000000000095 1.7802988103749694e-07
30300.000000000095 1.537823629919894e-07
30350.000000000095 1.3592413077176239e-07
30400.000000000095 1.5790614948983303e-07
30450.000000000095 1.2658992158930544e-07
30500.000000000095 1.2153205296367704e-07
30550.000000000095 1.235688010153614e-07
30600.000000000095 1.3969896855730406e-07
30650.000000000095 1.223842836068077e-07
30700.000000000095 1.0956906227571051e-07
30750.000000000095 1.0002907426065306e-07
30800.000000000095 9.969314845122071e-08
30850.000000000095 9.223020306506015e-08
30900.000000000095 9.27696539504565e-08
30950.000000000095 6.713618968538397e-08
31000.000000000095 7.556282471594622e-08
31050.000000000095 8.114472998555576e-08
31100.000000000095 5.4899940055023375e-08
31150.000000000095 6.648964161390188e-08
31200.000000000095 7.008734122329983e-08
31250.000000000095 5.522435137556527e-08
31300.000000000095 5.258181613440614e-08
31350.000000000095 5.187566585668054e-08
31400.000000000095 3.5679866895105154e-08
31450.000000000095 5.270636405041068e-08
31500.000000000095 3.700588450825515e-08
31550.000000000095 4.622258897121563e-08
31600.000000000095 3.251752644569214e-08
31650.000000000095 3.336545119507634e-08
31700.000000000095 3.835014866740635e-08
31750.000000000095 2.663169050669835e-08
31800.000000000095 3.4287956114499043e-08
31850.000000000095 2.9025459611510808e-08
31900.000000000095 3.0786211892544775e-08
31950.000000000095 2.8617448574836873e-08
32000.000000000095 2.9807492637776146e-08
32050.000000000095 2.352465825412436e-08
32100.000000000095 2.2600882765642968e-08
32150.000000000095 2.8924728476117036e-08
32200.000000000095 2.1326542310798523e-08
32250.000000000095 3.365755555972603e-08
32300.000000000095 1.9193582187432548e-08
32350.000000000095 3.798411979523457e-08
32400.000000000095 2.5602614103077107e-08
32450.000000000095 3.616725968468067e-08
32500.000000000095 2.7283018073445637e-08
32550.000000000095 3.3635764228386534e-08
32600.000000000095 3.6063483883332665e-08
32650.000000000095 4.582231845858436e-08
32700.000000000095 3.845304266080506e-08
32750.000000000095 5.261264950244447e-08
32800.000000000095 4.2604161357615594e-08
32850.000000000095 5.707326181030795e-08
32900.000000000095 5.92601360159202e-08
32950.000000000095 6.456297598892953e-08
33000.000000000095 5.522168482815673e-08
33050.000000000095 5.336498915471223e-08
33100.000000000095 2.7937420884536382e-08
33150.000000000095 6.9440844491832514e-09
33200.000000000095 8.14787862773186e-09
33250.000000000095 4.84683518356967e-09
33300.000000000095 5.5921933176291356e-09
33350.000000000095 1.0863807328408001e-08
33400.000000000095 1.628189269564156e-08
33450.000000000095 2.068321852192918e-08
33500.000000000095 2.873930893674677e-08
33550.000000000095 2.693940236396505e-08
33600.000000000095 4.1856406853465644e-08
33650.000000000095 4.018052768640868e-08
33700.000000000095 3.60225490104194e-08
33750.000000000095 4.937083657741339e-08
33800.000000000095 3.308159111171279e-08
33850.000000000095 4.531386308098626e-08
33900.000000000095 4.117590507161645e-08
33950.000000000095 4.4914464674723434e-08
34000.000000000095 4.999757628159189e-08
34050.000000000095 2.3924763510620585e-08
34100.000000000095 4.7944637835907716e-08
34150.000000000095 3.453826972876807e-08
34200.000000000095 4.371110223501787e-08
34250.000000000095 3.643069011625439e-08
34300.000000000095 3.169942607757023e-08
34350.000000000095 4.474288412800064e-08
34400.000000000095 3.4012020109484805e-08
34450.000000000095 4.934460359120097e-08
34500.000000000095 4.014130298862549e-08
34550.000000000095 2.950621185404538e-08
34600.000000000095 5.0137476886045307e-08
34650.000000000095 3.1024092878001554e-08
34700.000000000095 3.6645365114391094e-08
34750.000000000095 3.687863720730078e-08
34800.000000000095 2.5101861560354872e-08
34850.000000000095 4.095560163548469e-08
34900.000000000095 4.64954832482581e-08
34950.000000000095 4.068608129441414e-08
35000.000000000095 5.386891460589775e-08
35050.000000000095 4.100178710571255e-08
35100.000000000095 5.578817925354935e-08
35150.000000000095 5.074974523442893e-08
35200.000000000095 6.686391365085628e-08
35250.000000000095 6.963308948835035e-08
35300.000000000095 4.587753589317334e-08
35350.000000000095 6.592530332890422e-08
35400.000000000095 6.465386814266495e-08
35450.000000000095 5.698232727062682e-08
35500.000000000095 8.966933348908425e-08
35550.000000000095 7.603549658479696e-08
35600.000000000095 7.936189635434427e-08
35650.000000000095 8.065414855103422e-08
35700.000000000095 5.738480213015118e-08
35750.000000000095 9.73368117574721e-08
35800.000000000095 8.726703954552056e-08
35850.000000000095 6.53794348531123e-08
35900.000000000095 9.678241049630766e-08
35950.000000000095 9.39274385271164e-08
36000.000000000095 7.100010413027172e-08
36050.000000000095 9.542667971337584e-08
36100.000000000095 8.966588552309762e-08
36150.000000000095 1.013752224219365e-07
36200.000000000095 1.0019686004382345e-07
36250.000000000095 1.0828492298224138e-07
36300.000000000095 1.1613742134805458e-07
36350.000000000095 1.2068594601229412e-07
36400.000000000095 1.4469307741256015e-07
36450.000000000095 1.396949024642097e-07
36500.000000000095 1.4060750324711123e-07
36550.000000000095 1.529996578737146e-07
36600.000000000095 1.7902167784689082e-07
36650.000000000095 1.7846369643746397e-07
36700.000000000095 1.8436636558510773e-07
36750.000000000095 2.0238241410646477e-07
36800.000000000095 1.864229068412018e-07
36850.000000000095 1.7490688864981825e-07
36900.000000000095 1.8319214510024202e-07
36950.000000000095 2.02797624412596e-07
37000.000000000095 1.8933645016788205e-07
37050.000000000095 2.1132067128306265e-07
37100.000000000095 2.2095613134139209e-07
37150.000000000095 2.217799976997167e-07
37200.000000000095 2.2864374937539646e-07
37250.000000000095 2.000262772607774e-07
37300.000000000095 2.1020322733432546e-07
37350.000000000095 2.3707727742782268e-07
37400.000000000095 2.725391908101281e-07
37450.000000000095 2.4589394167867593e-07
37500.000000000095 2.149644601080854e-07
37550.000000000095 3.036100066979815e-07
37600.000000000095 3.1570940349768873e-07
37650.000000000095 2.4656390573345666e-07
37700.000000000095 2.7973689518353256e-07
37750.000000000095 2.2651758042247283e-07
37800.000000000095 2.615235186658298e-07
37850.000000000095 2.2095361219890002e-07
37900.000000000095 2.5623231232087046e-07
37950.000000000095 2.915986841398375e-07
38000.000000000095 3.339248285225538e-07
38050.000000000095 2.955050801224343e-07
38100.000000000095 3.230058794474371e-07
38150.000000000095 3.2690053912073633e-07
38200.000000000095 3.502763489488365e-07
38250.000000000095 3.344852970598735e-07
38300.000000000095 4.0444425815032095e-07
38350.000000000095 4.0873407074374726e-07
38400.000000000095 2.9951280835901416e-07
38450.000000000095 3.327409007062616e-07
38500.000000000095 2.821540387343928e-07
38550.000000000095 3.379640971185807e-07
38600.000000000095 3.42536189935467e-07
38650.000000000095 4.15559167777773e-07
38700.000000000095 4.0285467686407504e-07
38750.000000000095 4.030622952781528e-07
38800.000000000095 3.4942519234615966e-07
38850.000000000095 4.398059990618797e-07
38900.000000000095 4.4068465344379613e-07
38950.000000000095 3.9488741122076e-07
39000.000000000095 4.756877780690268e-07
39050.000000000095 4.135352866908596e-07
39100.000000000095 4.277140310728048e-07
39150.000000000095 4.277431163193051e-07
39200.000000000095 4.1177416608038847e-07
39250.000000000095 4.828182147756426e-07
39300.000000000095 4.6348586905020605e-07
39350.000000000095 5.439604031199441e-07
39400.000000000095 5.203921634897136e-07
39450.000000000095 5.186277504978526e-07
39500.000000000095 4.7224245817469257e-07
39550.000000000095 4.919651478474478e-07
39600.000000000095 5.040460262816914e-07
39650.000000000095 5.923259365148457e-07
39700.000000000095 5.145780234356257e-07
39750.000000000095 4.351883488230386e-07
39800.000000000095 5.347850512866881e-07
39850.000000000095 5.846752115598708e-07
39900.000000000095 5.720109650198558e-07
39950.000000000095 5.561950049662537e-07
40000.000000000095 6.137718297597315e-07
40050.000000000095 6.086004531722455e-07
40100.000000000095 5.068919292588499e-07
40150.000000000095 6.592766710177601e-07
40200.000000000095 6.586683461199654e-07
40250.000000000095 5.992463981247602e-07
40300.000000000095 6.504019602635131e-07
40350.000000000095 5.648519299322997e-07
40400.000000000095 6.51514113113588e-07
40450.000000000095 6.168859851081362e-07
40500.000000000095 6.416113044905706e-07
40550.000000000095 6.758187755286798e-07
40600.000000000095 6.313128568816011e-07
40650.000000000095 6.68624150015194e-07
40700.000000000095 8.11861095430291e-07
40750.000000000095 6.843095709331969e-07
40800.000000000095 5.852861293970608e-07
40850.000000000095 7.475259885845736e-07
40900.000000000095 6.915195737368806e-07
40950.000000000095 6.384500258172112e-07
41000.000000000095 6.907784021067731e-07
41050.000000000095 7.670578125140498e-07
41100.000000000095 6.268665743465549e-07
41150.000000000095 5.855106660106007e-07
41200.000000000095 7.550297506701133e-07
41250.000000000095 7.297801451472362e-07
41300.000000000095 5.944635573334086e-07
41350.000000000095 7.897431943267037e-07
41400.000000000095 7.134864396806284e-07
41450.000000000095 7.456551015556675e-07
41500.000000000095 6.500653106192544e-07
41550.000000000095 6.242671668366951e-07
41600.000000000095 7.11008961062312e-07
41650.000000000095 6.831057848096238e-07
41700.000000000095 6.382302216520606e-07
41750.000000000095 6.02589540120515e-07
41800.000000000095 8.05273350462929e-07
41850.000000000095 4.851879634260814e-07
41900.000000000095 6.07040932971881e-07
41950.000000000095 6.608207155842184e-07
42000.000000000095 6.957445309442779e-07
42050.000000000095 6.146304932874699e-07
42100.000000000095 7.139353272141212e-07
42150.000000000095 5.367072765599816e-07
42200.000000000095 5.890157763124812e-07
42250.000000000095 5.769173348710516e-07
42300.000000000095 5.918295344123335e-07
42350.000000000095 6.392857625593504e-07
42400.000000000095 5.973526080146759e-07
42450.000000000095 5.594901125561603e-07
42500.000000000095 5.290010124037163e-07
42550.000000000095 5.339485772481537e-07
42600.000000000095 5.785276255525612e-07
42650.000000000095 7.265954127013218e-07
42700.000000000095 5.292419027849675e-07
42750.000000000095 5.198442616399027e-07
42800.000000000095 5.151156935245173e-07
42850.000000000095 5.868821526066423e-07
42900.000000000095 6.396258600563899e-07
42950.000000000095 4.873578954787205e-07
43000.000000000095 6.483098278897514e-07
43050.000000000095 3.871058185139161e-07
43100.000000000095 5.280972562291383e-07
43150.000000000095 5.770054323520113e-07
43200.000000000095 5.79875550524344e-07
43250.000000000095 6.716346088636501e-07
43300.000000000095 7.056863248455917e-07
43350.000000000095 4.685691288105253e-07
43400.000000000095 5.833546868808888e-07
43450.000000000095 4.453215880642394e-07
43500.000000000095 4.7438704667898095e-07
43550.000000000095 4.709324370580789e-07
43600.000000000095 5.81405482153771e-07
43650.000000000095 4.0409097085405897e-07
43700.000000000095 6.345967600425651e-07
43750.000000000095 6.156748729361478e-07
43800.000000000095 4.979581981211238e-07
43850.000000000095 5.121443608447489e-07
43900.000000000095 4.5286665638119627e-07
43950.000000000095 4.2469698311099684e-07
44000.000000000095 2.9057910878305845e-07
44050.000000000095 4.715360040349103e-07
44100.000000000095 5.150900390955492e-07
44150.000000000095 5.162711931794951e-07
44200.000000000095 4.3671148975727906e-07
44250.000000000095 3.881729148507013e-07
44300.000000000095 3.6036918596227326e-07
44350.000000000095 3.177079258425033e-07
44400.000000000095 3.440382770852917e-07
44450.000000000095 3.6947207378560685e-07
44500.000000000095 3.02325242481894e-07
44550.000000000095 3.6290741292376497e-07
44600.000000000095 2.9673251102934746e-07
44650.000000000095 3.476860357268448e-07
44700.000000000095 3.089589142753271e-07
44750.000000000095 3.333433412091052e-07
44800.000000000095 2.9912612501477684e-07
44850.000000000095 3.099168483015912e-07
44900.000000000095 2.4151954869956833e-07
44950.000000000095 2.481454410339566e-07
45000.000000000095 2.698436758818431e-07
45050.000000000095 2.7610403250842746e-07
45100.000000000095 2.5672798289050075e-07
45150.000000000095 2.4215134899782387e-07
45200.000000000095 1.8254185551264017e-07
45250.000000000095 2.064898167404262e-07
45300.000000000095 2.3374175532422067e-07
45350.000000000095 2.399959789132515e-07
45400.000000000095 1.976505215080975e-07
45450.000000000095 1.9836394984671061e-07
45500.000000000095 2.0096577584617726e-07
45550.000000000095 2.3388742123475516e-07
45600.000000000095 2.0118027683242878e-07
45650.000000000095 1.8948531233482262e-07
45700.000000000095 2.249476980642997e-07
45750.000000000095 2.0148768608399037e-07
45800.000000000095 1.8400032376350567e-07
45850.000000000095 2.7356373966542467e-07
45900.000000000095 2.697052332516552e-07
45950.000000000095 1.9137847165093042e-07
46000.000000000095 2.555050288916176e-07
46050.000000000095 2.597462873496958e-07
46100.000000000095 1.935007101562774e-07
46150.000000000095 2.4003370175864166e-07
46200.000000000095 2.296049118278627e-07
46250.000000000095 1.4153598223713764e-07
46300.000000000095 2.8374357454357685e-07
46350.000000000095 2.0077716804299889e-07
46400.000000000095 2.4963416492702283e-07
46450.000000000095 3.038981751664939e-07
46500.000000000095 2.3238445398726267e-07
46550.000000000095 2.704364304252797e-07
46600.000000000095 2.782625836731956e-07
46650.000000000095 4.5226664854129294e-07
46700.000000000095 3.2057791806230774e-07
46750.000000000095 2.5791036536367297e-07
46800.000000000095 2.0074242832319993e-07
46850.000000000095 3.3692512275102973e-07
46900.000000000095 2.869064370172816e-07
46950.000000000095 3.6412804157405843e-07
47000.000000000095 2.2985355583209506e-07
47050.000000000095 3.739264791420915e-07
47100.000000000095 1.8692822630555786e-07
47150.000000000095 2.4853480957741727e-07
47200.000000000095 3.104143639553053e-07
47250.000000000095 2.1526261676945388e-07
47300.000000000095 2.3036930447227509e-07
47350.000000000095 2.0346296614675593e-07
47400.000000000095 3.376539780896401e-07
47450.000000000095 2.1121203218024388e-07
47500.000000000095 3.5582754350615747e-07
47550.000000000095 2.158083921794977e-07
47600.000000000095 3.23750159902007e-07
47650.000000000095 2.0267565512443565e-07
47700.000000000095 3.074294155427468e-07
47750.000000000095 1.6629792012863392e-07
47800.000000000095 2.568197198557391e-07
47850.000000000095 1.4943429684562364e-07
47900.000000000095 2.424934459123764e-07
47950.000000000095 2.1272450256214598e-07
48000.000000000095 3.6733832026413664e-07
48050.000000000095 2.416532309242492e-07
48100.000000000095 2.7539545667418626e-07
48150.000000000095 2.1982969418187143e-07
48200.000000000095 3.076154297289134e-07
48250.000000000095 2.2776665745361553e-07
48300.000000000095 4.009054708146365e-07
48350.000000000095 2.0514361514664296e-07
48400.000000000095 2.38279943288101e-07
48450.000000000095 2.0823136399331615e-07
48500.000000000095 3.754008067814099e-07
48550.000000000095 1.9682569590935228e-07
48600.000000000095 3.176194682325656e-07
48650.000000000095 2.1128614421471213e-07
