galfind/configs/Brown_Dwarf_templates/sonora_cholla/logkzz2/562g/1100K_562g_logkzz2_resample.dat
# %ECSV 1.0
# ---
# datatype:
# - {name: wav, unit: Angstrom, datatype: float64}
# - {name: flux_nu, unit: erg / (cm2 Hz s), datatype: float64}
# schema: astropy-2.0
wav flux_nu
[from data line 776]
48800.000000000095 3.533782313342009e-07
48850.000000000095 2.4085603487658965e-07
48900.000000000095 3.59502564413269e-07
48950.000000000095 3.007330104527851e-07
49000.000000000095 2.5395011748563233e-07
49050.000000000095 3.362005819591622e-07
49100.000000000095 2.410269987485756e-07
49150.000000000095 3.655659698124449e-07
49200.000000000095 2.7365106814293456e-07
49250.000000000095 3.642642562611841e-07
49300.000000000095 2.826934400049115e-07
49350.000000000095 2.803721956015661e-07
49400.000000000095 3.257004010259617e-07
49450.000000000095 3.2273086207140147e-07
49500.000000000095 2.942900050394624e-07
49550.000000000095 1.900967707633195e-07
49600.000000000095 3.0377420662795786e-07
49650.000000000095 2.869761515692386e-07
49700.000000000095 2.538347796869656e-07
49750.000000000095 4.000751650535094e-07
49800.000000000095 2.617800381267071e-07
49850.000000000095 4.3522872831431757e-07
49900.000000000095 3.478293952336283e-07
49950.000000000095 3.44291887307803e-07
50000.000000000095 3.882877426533647e-07
50050.000000000095 3.7201780907007325e-07
50100.000000000095 4.289385623282189e-07
50150.000000000095 2.5863251199110455e-07
50200.000000000095 1.8912151203534565e-07
50250.000000000095 3.9025850099644237e-07
50300.000000000095 2.8715871966035795e-07
50350.000000000095 3.8837452045396923e-07
50400.000000000095 3.381240359287114e-07
50450.000000000095 3.241662481200471e-07
50500.000000000095 4.090729899141625e-07
50550.000000000095 3.4143908393860407e-07
50600.000000000095 3.6310022149642846e-07
50650.000000000095 3.519644860288951e-07
50700.000000000095 4.842055138221394e-07
50750.000000000095 4.4701880618192076e-07
50800.000000000095 2.5221346328188634e-07
50850.000000000095 2.7334411404102846e-07
50900.000000000095 4.316235928443325e-07
50950.000000000095 4.2851776324954884e-07
51000.000000000095 3.9856090088934693e-07
51050.000000000095 3.630973448111337e-07
51100.000000000095 2.4471178289632897e-07
51150.000000000095 3.1847984699706636e-07
51200.000000000095 4.577399580130386e-07
51250.000000000095 3.8785483392415697e-07
51300.000000000095 2.79577184751473e-07
51350.000000000095 3.521565711499785e-07
51400.000000000095 2.6442528476676206e-07
51450.000000000095 2.3807402549836912e-07
51500.000000000095 2.2549297366643504e-07
51550.000000000095 3.9446771744893793e-07
51600.000000000095 2.78276808459005e-07
51650.000000000095 3.5700088221947704e-07
51700.000000000095 3.675287146080743e-07
51750.000000000095 2.5516435799155375e-07
51800.000000000095 4.5768606759501856e-07
51850.000000000095 3.69554944250216e-07
51900.000000000095 4.806848645037986e-07
51950.000000000095 3.987320233763713e-07
52000.000000000095 1.716951074667849e-07
52050.000000000095 2.8750268665284043e-07
52100.000000000095 2.67879701724021e-07
52150.000000000095 2.227422460079047e-07
52200.000000000095 2.161259717312478e-07
52250.000000000095 2.7833113855295717e-07
52300.000000000095 4.4519808844198813e-07
52350.000000000095 3.2682115960713594e-07
52400.000000000095 2.521622847836394e-07
52450.000000000095 3.8231015938284e-07
52500.000000000095 3.4756564853883797e-07
52550.000000000095 3.7017768273454084e-07
52600.000000000095 2.9762190537508685e-07
52650.000000000095 3.229859289452912e-07
52700.000000000095 2.7952692661458803e-07
52750.000000000095 2.4059460152785084e-07
52800.000000000095 2.5118775538487634e-07
52850.000000000095 2.887166720733864e-07
52900.000000000095 2.3718176337571277e-07
52950.000000000095 2.4085904790438236e-07
53000.000000000095 4.189424737811468e-07
53050.000000000095 1.9775745064186847e-07
53100.000000000095 3.6397837065296205e-07
53150.000000000095 4.439255553275972e-07
53200.000000000095 2.2618370298221685e-07
53250.000000000095 3.9949324826319533e-07
53300.000000000095 4.1033326795035984e-07
53350.000000000095 3.9164929350132325e-07
53400.000000000095 4.1069892774883035e-07
53450.000000000095 2.1731923764704124e-07
53500.000000000095 1.519274236478203e-07
53550.000000000095 2.265203738547963e-07
53600.000000000095 2.979241581563673e-07
53650.000000000095 2.571723742846862e-07
53700.000000000095 2.3928385460469493e-07
53750.000000000095 2.454600929161652e-07
53800.000000000095 2.395659831313172e-07
53850.000000000095 3.1744647513594386e-07
53900.000000000095 2.817867256658467e-07
53950.000000000095 3.7992528984801333e-07
54000.000000000095 2.719884019665331e-07
54050.000000000095 2.795052486098923e-07
54100.000000000095 1.5788924244984204e-07
54150.000000000095 2.2125181786223364e-07
54200.000000000095 1.245238411719865e-07
54250.000000000095 1.4438824384750018e-07
54300.000000000095 2.178507547571571e-07
54350.000000000095 2.880118947733634e-07
54400.000000000095 2.99231221276334e-07
54450.000000000095 2.452849020684279e-07
54500.000000000095 2.1869723765132805e-07
54550.000000000095 1.9808459857607575e-07
54600.000000000095 2.491623657719254e-07
54650.000000000095 1.560277875086027e-07
54700.000000000095 2.9065668090522137e-07
54750.000000000095 2.756927919138301e-07
54800.000000000095 2.071982606617077e-07
54850.000000000095 2.3611086997723077e-07
54900.000000000095 3.0541427888813187e-07
54950.000000000095 3.814843212796689e-07
55000.000000000095 1.8578371013414667e-07
55050.000000000095 2.671831574286412e-07
55100.000000000095 2.367350655496421e-07
55150.000000000095 2.0485331373870134e-07
55200.000000000095 2.0756501528761625e-07
55250.000000000095 2.2717132221686825e-07
55300.000000000095 1.7334755838500708e-07
55350.000000000095 2.548942140543614e-07
55400.000000000095 3.198601590917774e-07
55450.000000000095 2.3736676973926023e-07
55500.000000000095 1.3969567148758563e-07
55550.000000000095 1.8878937979978916e-07
55600.000000000095 1.7614410403324313e-07
55650.000000000095 1.4973511274016613e-07
55700.000000000095 1.967096764446691e-07
55750.000000000095 2.1430767921977235e-07
55800.000000000095 1.709386458654845e-07
55850.000000000095 1.4833428013873184e-07
55900.000000000095 2.507475623616097e-07
55950.000000000095 3.143586659622482e-07
56000.000000000095 1.6514921967812298e-07
56050.000000000095 2.2192529463933288e-07
56100.000000000095 2.532782736572547e-07
56150.000000000095 1.8910619672381895e-07
56200.000000000095 2.1125844873987074e-07
56250.000000000095 2.1423821293050314e-07
56300.000000000095 2.3169850051807373e-07
56350.000000000095 2.395526038658148e-07
56400.000000000095 1.6771751688264244e-07
56450.000000000095 1.4873210991374098e-07
56500.000000000095 1.7024238722942282e-07
56550.000000000095 1.2802408610686242e-07
56600.000000000095 2.385388525360366e-07
56650.000000000095 2.2052760958359036e-07
56700.000000000095 2.50286610809289e-07
56750.000000000095 1.4315977618772625e-07
56800.000000000095 2.569447445157046e-07
56850.000000000095 2.0253108624085824e-07
56900.000000000095 1.6281052914374033e-07
56950.000000000095 2.5414003947332265e-07
57000.000000000095 2.753489903161218e-07
57050.000000000095 1.923497194550225e-07
57100.000000000095 1.0893300049220477e-07
57150.000000000095 1.5498774398780808e-07
57200.000000000095 1.265258683559877e-07
57250.000000000095 1.7642909923367846e-07
57300.000000000095 2.2526769191260028e-07
57350.000000000095 1.3551416683250487e-07
57400.000000000095 2.157144836380331e-07
57450.000000000095 2.006414135595209e-07
57500.000000000095 1.9469371862111443e-07
57550.000000000095 2.401387058324947e-07
57600.000000000095 2.5313872758181856e-07
57650.000000000095 1.125613000886807e-07
57700.000000000095 1.3977206025893453e-07
57750.000000000095 1.7378547526392723e-07
57800.000000000095 7.632800039460027e-08
57850.000000000095 2.852752291974733e-07
57900.000000000095 3.249976206072083e-07
57950.000000000095 2.858179829089238e-07
58000.000000000095 1.6180539192148857e-07
58050.000000000095 2.1683326052672247e-07
58100.000000000095 2.5857016572457404e-07
58150.000000000095 1.9917918831912044e-07
58200.000000000095 1.1986374674681407e-07
58250.000000000095 1.575716766780241e-07
58300.000000000095 1.2074457961842e-07
58350.000000000095 1.5311508471325907e-07
58400.000000000095 1.9707502341117193e-07
58450.000000000095 2.0615419715800958e-07
58500.000000000095 1.9090437374114483e-07
58550.000000000095 2.1429631045919452e-07
58600.000000000095 1.3356033971849506e-07
58650.000000000095 1.6567215325109673e-07
58700.000000000095 1.7441866104710131e-07
58750.000000000095 1.9534489503379097e-07
58800.000000000095 1.0257572110084276e-07
58850.000000000095 1.6941392354410649e-07
58900.000000000095 2.1641882941778038e-07
58950.000000000095 1.3730862589842455e-07
59000.000000000095 2.100275843940982e-07
59050.000000000095 2.2110392844525014e-07
59100.000000000095 2.6247875403398665e-07
59150.000000000095 1.9070561223196446e-07
59200.000000000095 2.0366129409870104e-07
59250.000000000095 2.2130587715474658e-07
59300.000000000095 2.1214423968136605e-07
59350.000000000095 1.1727472132021418e-07
59400.000000000095 9.214416116519866e-08
59450.000000000095 1.844435721764654e-07
59500.000000000095 1.2010211772414808e-07
59550.000000000095 2.2134861671081297e-07
59600.000000000095 2.1786466904664403e-07
59650.000000000095 2.0180609304466317e-07
59700.000000000095 1.3683434078515746e-07
59750.000000000095 2.7757749001730825e-07
59800.000000000095 1.7595452689849334e-07
59850.000000000095 2.3301810053636746e-07
59900.000000000095 1.2295989664975985e-07
59950.000000000095 1.9215370882803843e-07
60000.000000000095 2.95301752459616e-07
60050.000000000095 2.575803276557567e-07
60100.000000000095 2.717729567997082e-07
60150.000000000095 1.9262028345201358e-07
60200.000000000095 2.1662984301016896e-07
60250.000000000095 2.585246730260539e-07
60300.000000000095 2.449639130134645e-07
60350.000000000095 1.8072190416504653e-07
60400.000000000095 2.2548136939991392e-07
60450.000000000095 1.3132977076960798e-07
60500.000000000095 8.954859222749969e-08
60550.000000000095 2.3712229121655723e-07
60600.000000000095 2.2717555967818417e-07
60650.000000000095 1.9588431573699134e-07
60700.000000000095 1.69993329668781e-07
60750.000000000095 1.4054674184687935e-07
60800.000000000095 2.2589566366011744e-07
60850.000000000095 3.2289133936502884e-07
60900.000000000095 2.9066106675632396e-07
60950.000000000095 2.6940404678752817e-07
61000.000000000095 2.0789231499514258e-07
61050.000000000095 1.6145237853578214e-07
61100.000000000095 2.182564816575205e-07
61150.000000000095 9.453308417297753e-08
61200.000000000095 2.711158188038791e-07
61250.000000000095 3.1588387624327075e-07
61300.000000000095 2.7360262356784454e-07
61350.000000000095 3.2803925357595277e-07
61400.000000000095 2.4019234986162577e-07
61450.000000000095 1.577759367984432e-07
61500.000000000095 1.831438945273973e-07
61550.000000000095 1.7822319422495486e-07
61600.000000000095 1.3257676760056567e-07
61650.000000000095 2.057437781994102e-07
61700.000000000095 1.6650031460316874e-07
61750.000000000095 2.0648131554083873e-07
61800.000000000095 2.2460651054426715e-07
61850.000000000095 1.601997310340126e-07
61900.000000000095 2.80324879499044e-07
61950.000000000095 2.595517966286051e-07
62000.000000000095 2.6883115983262886e-07
62050.000000000095 2.403144656024821e-07
62100.000000000095 2.626560765795416e-07
62150.000000000095 2.720987800106067e-07
62200.000000000095 2.3714259238848512e-07
62250.000000000095 2.5032279609721727e-07
62300.000000000095 3.246957565735947e-07
62350.000000000095 2.5604737757762224e-07
62400.000000000095 1.5736177026539394e-07
62450.000000000095 2.3759948558306704e-07
62500.000000000095 2.979053536226092e-07
62550.000000000095 2.8720102429282573e-07
62600.000000000095 3.135009292937657e-07
62650.000000000095 2.4942514022668045e-07
62700.000000000095 2.7384903083146433e-07
62750.000000000095 3.380142079735223e-07
62800.000000000095 2.2773558256077728e-07
62850.000000000095 2.9505478546493213e-07
62900.000000000095 2.3167674701153558e-07
62950.000000000095 2.8397994508819873e-07
63000.000000000095 2.6141307692968817e-07
63050.000000000095 3.3748882157049654e-07
63100.000000000095 3.048005730110036e-07
63150.000000000095 2.439348465540041e-07
63200.000000000095 3.0438189975699333e-07
63250.000000000095 2.3524724197177206e-07
63300.000000000095 3.107585304044988e-07
63350.000000000095 2.816940510257201e-07
63400.000000000095 1.85664900677385e-07
63450.000000000095 1.5626637004967636e-07
63500.000000000095 2.611705799064109e-07
63550.000000000095 2.4950007728738554e-07
63600.000000000095 2.871361202055336e-07
63650.000000000095 2.0875224765915772e-07
63700.000000000095 1.682875009746029e-07
63750.000000000095 2.1824849427159873e-07
63800.000000000095 2.4677581813654723e-07
63850.000000000095 2.387457310420219e-07
63900.000000000095 1.8184272301967843e-07
63950.000000000095 2.4687513190531524e-07
64000.000000000095 2.6530666795009845e-07
64050.000000000095 2.0679738027954848e-07
64100.000000000095 8.902047520024554e-08
64150.000000000095 1.208225480068055e-07
64200.000000000095 1.3327356956826435e-07
64250.000000000095 2.088332143911117e-07
64300.000000000095 1.6511935375617495e-07
64350.000000000095 1.3869695075659653e-07
64400.000000000095 2.152204052518881e-07
64450.000000000095 2.2311982602083842e-07
64500.000000000095 1.4044352483955844e-07
64550.000000000095 1.9548641396926655e-07
64600.000000000095 1.14616592698669e-07
64650.000000000095 1.8118252407646506e-07
64700.000000000095 1.1104926798403462e-07
64750.000000000095 1.367071240822803e-07
64800.000000000095 1.355292950769425e-07
64850.000000000095 1.2275075432551645e-07
64900.000000000095 1.3869578629619546e-07
64950.000000000095 1.3288444602795168e-07
65000.000000000095 1.5833863725738883e-07
65050.000000000095 1.4818165765365042e-07
65100.000000000095 1.9323094674545017e-07
65150.000000000095 1.3583555338638447e-07
65200.000000000095 1.231203442417759e-07
65250.000000000095 1.884607209595234e-07
65300.000000000095 1.5589885122720095e-07
65350.000000000095 2.615485866058468e-07
65400.000000000095 1.5350739390216004e-07
65450.000000000095 1.6098554613995595e-07
65500.000000000095 1.8418709279627614e-07
65550.00000000009 1.2882010480969816e-07
65600.00000000009 1.552073005619244e-07
65650.00000000009 1.6504205749509954e-07
65700.00000000009 1.4832731310594458e-07
65750.00000000009 1.265448603130566e-07
65800.00000000009 1.752054792800075e-07
65850.00000000009 1.9284534295057447e-07
65900.00000000009 1.237853712267481e-07
65950.00000000009 1.011761575022468e-07
66000.00000000009 1.4980335937533418e-07
66050.00000000009 2.4902514665902077e-07
66100.00000000009 1.63777381009951e-07
66150.00000000009 1.2234555185217496e-07
66200.00000000009 1.25288797632481e-07
66250.00000000009 1.201390623041576e-07
66300.00000000009 6.636096775843348e-08
66350.00000000009 9.464956126876751e-08
66400.00000000009 1.1792681131997069e-07
66450.00000000009 1.855133962783163e-07
66500.00000000009 2.472905305229934e-07
66550.00000000009 2.3520597134805041e-07
66600.00000000009 1.8207657353733656e-07
66650.00000000009 1.7258793802906673e-07
66700.00000000009 1.5706474129719022e-07
66750.00000000009 1.4614478951797364e-07
66800.00000000009 1.8405081678223927e-07
66850.00000000009 1.324017333047315e-07
66900.00000000009 1.9649813031556952e-07
66950.00000000009 2.4076387479499274e-07
67000.00000000009 2.3711538645100054e-07
67050.00000000009 1.6903832348924672e-07
67100.00000000009 1.453562364126419e-07
67150.00000000009 1.4503827269445803e-07
67200.00000000009 1.6347778619811203e-07
67250.00000000009 1.7113745840486838e-07
67300.00000000009 1.8041780570019868e-07
67350.00000000009 1.2835988507217642e-07
67400.00000000009 2.2384671703132157e-07
67450.00000000009 1.8189107699214285e-07
67500.00000000009 1.6697425364009302e-07
67550.00000000009 1.9297929674929147e-07
67600.00000000009 2.947757198777199e-07
67650.00000000009 2.2494579779060198e-07
67700.00000000009 1.8343608536079278e-07
67750.00000000009 1.6591203754083677e-07
67800.00000000009 2.0811020137129646e-07
67850.00000000009 1.3906169733083634e-07
67900.00000000009 1.6992380138453173e-07
67950.00000000009 1.2469132323844022e-07
68000.00000000009 1.6253696059613288e-07
