galfind/configs/Brown_Dwarf_templates/sonora_cholla/logkzz2/562g/1150K_562g_logkzz2_resample.dat
# %ECSV 1.0
# ---
# datatype:
# - {name: wav, unit: Angstrom, datatype: float64}
# - {name: flux_nu, unit: erg / (cm2 Hz s), datatype: float64}
# schema: astropy-2.0
wav flux_nu
[from data line 1179]
68950.30000900036 2.996582616531902e-07
69000.30000900036 2.802053710338741e-07
69050.30000900036 1.9655228056197413e-07
69100.30000900036 2.9105566000608905e-07
69150.30000900036 3.3016433165754477e-07
69200.30000900036 2.1576538790410844e-07
69250.30000900036 2.959200722033075e-07
69300.30000900036 2.34022768257528e-07
69350.30000900036 2.8149493300274705e-07
69400.30000900036 1.601751176792439e-07
69450.30000900036 2.9851599388530123e-07
69500.30000900036 2.1641285214707728e-07
69550.30000900036 2.2207467953459622e-07
69600.30000900036 1.0393301912269476e-07
69650.30000900036 2.0982532755293489e-07
69700.30000900036 2.732778192735572e-07
69750.30000900036 2.0436757051289576e-07
69800.30000900036 2.5791567891255493e-07
69850.30000900036 2.7411899446524203e-07
69900.30000900036 2.0246809628998158e-07
69950.30000900036 2.3306259903055227e-07
70000.30000900036 1.9838556492410717e-07
70050.30000900036 2.82098612100607e-07
70100.30000900036 2.114519109653545e-07
70150.30000900036 2.2637339371299804e-07
70200.30000900036 1.7659849392804153e-07
70250.30000900036 2.1955326642790524e-07
70300.30000900036 2.6063628370786745e-07
70350.30000900036 2.0663141913769379e-07
70400.30000900036 1.9776665851767245e-07
70450.30000900036 1.1633543966241017e-07
70500.30000900036 1.6167849129340724e-07
70550.30000900036 1.7498461396168802e-07
70600.30000900036 1.7633688174079396e-07
70650.30000900036 2.2941902583362098e-07
70700.30000900036 2.1073934844369297e-07
70750.30000900036 2.446819498052936e-07
70800.30000900036 1.734282396803504e-07
70850.30000900036 1.7120576598489243e-07
70900.30000900036 1.7011144929685773e-07
70950.30000900036 2.550734464968604e-07
71000.30000900036 2.1264666718818872e-07
71050.30000900036 2.202421568148956e-07
71100.30000900036 1.985311805678118e-07
71150.30000900036 2.0529198095332377e-07
71200.30000900036 1.8327180107432928e-07
71250.30000900036 1.9294848996137587e-07
71300.30000900036 2.288417687473493e-07
71350.30000900036 2.2382992524949126e-07
71400.30000900036 2.2670980626843055e-07
71450.30000900036 1.4748726377672795e-07
71500.30000900036 1.7460026757322468e-07
71550.30000900036 1.836783024825347e-07
71600.30000900036 2.0306831276871625e-07
71650.30000900036 1.9583661359849215e-07
71700.30000900036 1.6409808765947043e-07
71750.30000900036 1.7947662928905578e-07
71800.30000900036 2.2324899508694086e-07
71850.30000900036 2.21907870124331e-07
71900.30000900036 1.6765113225387158e-07
71950.30000900036 1.6890676162843825e-07
72000.30000900036 1.7348351303408013e-07
72050.30000900036 1.5007460573101296e-07
72100.30000900036 1.6973275561864297e-07
72150.30000900036 1.4070525739848347e-07
72200.30000900036 1.66603653392678e-07
72250.30000900036 1.938727259797051e-07
72300.30000900036 1.8184117861588732e-07
72350.30000900036 1.8524783221963746e-07
72400.30000900036 1.485445626849369e-07
72450.30000900036 1.4596729649520396e-07
72500.30000900036 1.727308054683634e-07
72550.30000900036 1.0971195538807446e-07
72600.30000900036 1.1000894773387258e-07
72650.30000900036 1.8477257057263648e-07
72700.30000900036 1.9125270946790386e-07
72750.30000900036 1.6760829804413687e-07
72800.30000900036 1.589566069284886e-07
72850.30000900036 1.4885700382812347e-07
72900.30000900036 1.7749137130667212e-07
72950.30000900036 1.7611922770742613e-07
73000.30000900036 1.7747228933866434e-07
73050.30000900036 1.5363322324294909e-07
73100.30000900036 1.3065640905050477e-07
73150.30000900036 2.1026106879601646e-07
73200.30000900036 1.4021316542548615e-07
73250.30000900036 1.5998307318350467e-07
73300.30000900036 1.6468524308698603e-07
73350.30000900036 1.4269095901556037e-07
73400.30000900036 1.685681469523987e-07
73450.30000900036 1.1504193704958759e-07
73500.30000900036 1.1996143540676345e-07
73550.30000900036 1.5008659871318373e-07
73600.30000900036 1.2653244289270263e-07
73650.30000900036 1.559880061235809e-07
73700.30000900036 1.841169125427758e-07
73750.30000900036 1.2351658818338964e-07
73800.30000900036 1.508958847981328e-07
73850.30000900036 1.550128662722514e-07
73900.30000900036 1.724807440497126e-07
73950.30000900036 1.4521564342271674e-07
74000.30000900036 1.3943404599401726e-07
74050.30000900036 2.1234390590863833e-07
74100.30000900036 1.366867920907282e-07
74150.30000900036 1.6289665122517787e-07
74200.30000900036 1.4985760128439163e-07
74250.30000900036 1.0766536324961018e-07
74300.30000900036 1.492019569456557e-07
74350.30000900036 1.7366383099052285e-07
74400.30000900036 1.6585848437099112e-07
74450.30000900036 1.0136592654371236e-07
74500.30000900036 1.2550322843676917e-07
74550.30000900036 1.484931611411161e-07
74600.30000900036 1.5209136118281347e-07
74650.30000900036 1.4916129477944708e-07
74700.30000900036 1.2187120562073237e-07
74750.30000900036 1.3451309957756315e-07
74800.30000900036 1.4506390757876537e-07
74850.30000900036 1.0367588993680408e-07
74900.30000900036 1.9001892908517907e-07
74950.30000900036 1.8226009283993924e-07
75000.30000900036 1.5753770408335524e-07
75050.30000900036 1.2974496911805537e-07
75100.30000900036 1.9522259573737986e-07
75150.30000900036 1.6465703018179987e-07
75200.30000900036 1.964697404995747e-07
75250.30000900036 1.7074761264361956e-07
75300.30000900036 1.900999440805142e-07
75350.30000900036 1.2036189046159844e-07
75400.30000900036 1.8785655025089857e-07
75450.30000900036 1.6284139929619124e-07
75500.30000900036 1.4972143298684468e-07
75550.30000900036 2.0134814459073298e-07
75600.30000900036 2.2660378484669127e-07
75650.30000900036 1.5667212112920067e-07
75700.30000900036 1.6698723355695197e-07
75750.30000900036 1.2638723503290065e-07
75800.30000900036 1.8255230722484276e-07
75850.30000900036 2.1250564198243172e-07
75900.30000900036 1.9269575364768737e-07
75950.30000900036 1.571725793211908e-07
76000.30000900036 1.719622074279848e-07
76050.30000900036 1.9604027156399697e-07
76100.30000900036 1.7251971022824514e-07
76150.30000900036 1.97354781443915e-07
76200.30000900036 2.012174979229074e-07
76250.30000900036 2.247009336624977e-07
76300.30000900036 2.456272504878939e-07
76350.30000900036 2.764729541497562e-07
76400.30000900036 2.2343058058716244e-07
76450.30000900036 2.2127518167932092e-07
76500.30000900036 1.7417488216873598e-07
76550.30000900036 1.6607104872255298e-07
76600.30000900036 9.128263591397592e-08
76650.30000900036 9.794799653668877e-08
76700.30000900036 1.1535667619207354e-07
76750.30000900036 1.0230025777076335e-07
76800.30000900036 1.491051295045828e-07
76850.30000900036 7.402286276597686e-08
76900.30000900036 8.735597278245336e-08
76950.30000900036 1.2250982555323306e-07
77000.30000900036 1.2870869172127329e-07
77050.30000900036 9.77361272495302e-08
77100.30000900036 1.0267417274531238e-07
77150.30000900036 1.3696668018185034e-07
77200.30000900036 1.2038226569004726e-07
77250.30000900036 1.2977824790095407e-07
77300.30000900036 1.232459075597642e-07
77350.30000900036 8.758416314265846e-08
77400.30000900036 8.60611578275388e-08
77450.30000900036 9.184970134727286e-08
77500.30000900036 1.1135971099021131e-07
77550.30000900036 1.231090526908376e-07
77600.30000900036 1.2764923276327465e-07
77650.30000900036 1.2585382133023072e-07
77700.30000900036 1.0496813471394405e-07
77750.30000900036 1.431509450013069e-07
77800.30000900036 1.2008816580340599e-07
77850.30000900036 1.6373391295418463e-07
77900.30000900036 1.387202279715881e-07
77950.30000900036 9.99564664523998e-08
78000.30000900036 1.216410007305538e-07
78050.30000900036 1.3982352735200836e-07
78100.30000900036 1.0719281021276799e-07
78150.30000900036 1.5405723530801728e-07
78200.30000900036 1.5158531415480837e-07
78250.30000900036 1.6735076208859233e-07
78300.30000900036 1.6548594129476503e-07
78350.30000900036 1.5274133894003284e-07
78400.30000900036 1.417114723592294e-07
78450.30000900036 1.8112985292999525e-07
78500.30000900036 1.6931064894292993e-07
78550.30000900036 1.7954485328497373e-07
78600.30000900036 1.581798141654081e-07
78650.30000900036 9.518393281182914e-08
78700.30000900036 1.3532652281763936e-07
78750.30000900036 1.2604143577612268e-07
78800.30000900036 1.6304868629690545e-07
78850.30000900036 1.2200096683214882e-07
78900.30000900036 1.5299903666908348e-07
78950.30000900036 1.4613516935916903e-07
79000.30000900036 1.5246742658138194e-07
79050.30000900036 1.3468368016742863e-07
79100.30000900036 1.433580402683281e-07
79150.30000900036 1.6318604572839107e-07
79200.30000900036 1.8104947936026292e-07
79250.30000900036 1.6385246981433013e-07
79300.30000900036 1.213070765813606e-07
79350.30000900036 1.7421515467128224e-07
79400.30000900036 1.480837950649103e-07
79450.30000900036 1.5164861920664807e-07
79500.30000900036 2.1235488277878088e-07
79550.30000900036 1.783448036427925e-07
79600.30000900036 1.3060553090416928e-07
79650.30000900036 1.5494670764349155e-07
79700.30000900036 1.8945419089805654e-07
79750.30000900036 1.830561029193346e-07
79800.30000900036 1.5654651247617644e-07
79850.30000900036 1.5076623375793327e-07
79900.30000900036 2.2606905965894887e-07
79950.30000900036 1.587419631284817e-07
