galfind/configs/Brown_Dwarf_templates/sonora_cholla/logkzz2/562g/1200K_562g_logkzz2_resample.dat
# %ECSV 1.0
# ---
# datatype:
# - {name: wav, unit: Angstrom, datatype: float64}
# - {name: flux_nu, unit: erg / (cm2 Hz s), datatype: float64}
# schema: astropy-2.0
wav flux_nu
[from data line 1162]
68100.00000000009 2.9779434909390336e-07
68150.00000000009 2.4147707822269926e-07
68200.00000000009 2.5406092189309576e-07
68250.00000000009 1.5292706182928733e-07
68300.00000000009 2.2741057879510006e-07
68350.00000000009 1.4149045374585712e-07
68400.00000000009 2.972101012291271e-07
68450.00000000009 2.959372559975339e-07
68500.00000000009 2.6115174789949114e-07
68550.00000000009 1.9290241374963727e-07
68600.00000000009 2.1492349517823367e-07
68650.00000000009 1.600671706017437e-07
68700.00000000009 2.2743923385133408e-07
68750.00000000009 2.626829744077061e-07
68800.00000000009 2.774632354988552e-07
68850.00000000009 1.795648162978445e-07
68900.00000000009 3.2467881129381465e-07
68950.00000000009 3.3902150779422954e-07
69000.00000000009 3.2272117247560014e-07
69050.00000000009 2.324735347264406e-07
69100.00000000009 3.269773054655834e-07
69150.00000000009 3.706290699545301e-07
69200.00000000009 2.461908115137998e-07
69250.00000000009 3.289978194723805e-07
69300.00000000009 2.705007232177377e-07
69350.00000000009 3.171054320469352e-07
69400.00000000009 1.8886960984219812e-07
69450.00000000009 3.361354670592377e-07
69500.00000000009 2.555222207424887e-07
69550.00000000009 2.5798818110378574e-07
69600.00000000009 1.2486497516288697e-07
69650.00000000009 2.447759119840381e-07
69700.00000000009 3.061906903447609e-07
69750.00000000009 2.3692566257546167e-07
69800.00000000009 2.9469451286975064e-07
69850.00000000009 3.126852743250209e-07
69900.00000000009 2.3346981630596202e-07
69950.00000000009 2.7227653116495037e-07
70000.00000000009 2.267424406328187e-07
70050.00000000009 3.156955002645516e-07
70100.00000000009 2.415396912786893e-07
70150.00000000009 2.6124238329936965e-07
70200.00000000009 2.0669976502282535e-07
70250.00000000009 2.49699080069752e-07
70300.00000000009 2.9078069010924134e-07
70350.00000000009 2.3415747828705246e-07
70400.00000000009 2.2889003740606242e-07
70450.00000000009 1.4274573440691025e-07
70500.00000000009 1.893709778431363e-07
70550.00000000009 2.044600797680757e-07
70600.00000000009 2.0956883925402107e-07
70650.00000000009 2.5734894493145094e-07
70700.00000000009 2.390907411025915e-07
70750.00000000009 2.7317745454092275e-07
70800.00000000009 1.9941296399518426e-07
70850.00000000009 1.9610576117945754e-07
70900.00000000009 1.9633552198372874e-07
70950.00000000009 2.873609903057987e-07
71000.00000000009 2.4368824271241353e-07
71050.00000000009 2.524831171058222e-07
71100.00000000009 2.2927252788001617e-07
71150.00000000009 2.3932766433885803e-07
71200.00000000009 2.1288749964869235e-07
71250.00000000009 2.2176569219233474e-07
71300.00000000009 2.5944710671573574e-07
71350.00000000009 2.490971791472591e-07
71400.00000000009 2.568945476641589e-07
71450.00000000009 1.7258316804457236e-07
71500.00000000009 2.0540684288378032e-07
71550.00000000009 2.1153030017358335e-07
71600.00000000009 2.3425475822744425e-07
71650.00000000009 2.2771735567071996e-07
71700.00000000009 1.926284664388552e-07
71750.00000000009 2.0633919449751663e-07
71800.00000000009 2.5418282884051826e-07
71850.00000000009 2.543282902867993e-07
71900.00000000009 1.9379934313944987e-07
71950.00000000009 1.95231258460039e-07
72000.00000000009 2.0037211214355832e-07
72050.00000000009 1.761996514051474e-07
72100.00000000009 1.978892203408286e-07
72150.00000000009 1.6525784082205809e-07
72200.00000000009 1.9116084801430231e-07
72250.00000000009 2.190371029975689e-07
72300.00000000009 2.1125780179790717e-07
72350.00000000009 2.1364573428065483e-07
72400.00000000009 1.7234671707137373e-07
72450.00000000009 1.7094592889005892e-07
72500.00000000009 1.9826264457346202e-07
72550.00000000009 1.3353345183440986e-07
72600.00000000009 1.2828242731260246e-07
72650.00000000009 2.125675086643149e-07
72700.00000000009 2.222218934719965e-07
72750.00000000009 1.9292980283783043e-07
72800.00000000009 1.8637093248253732e-07
72850.00000000009 1.740234672180643e-07
72900.00000000009 2.040597744679869e-07
72950.00000000009 2.0003746992961102e-07
73000.00000000009 2.0587213913547615e-07
73050.00000000009 1.813709444834836e-07
73100.00000000009 1.5486362510708208e-07
73150.00000000009 2.376830730212142e-07
73200.00000000009 1.6653459821822173e-07
73250.00000000009 1.845119334043163e-07
73300.00000000009 1.9237767758083272e-07
73350.00000000009 1.6936913727873682e-07
73400.00000000009 1.9670477185251667e-07
73450.00000000009 1.3420278176526547e-07
73500.00000000009 1.4155774761856808e-07
73550.00000000009 1.7249733486861382e-07
73600.00000000009 1.509280081161957e-07
73650.00000000009 1.8028400750913014e-07
73700.00000000009 2.1318385942206773e-07
73750.00000000009 1.501029871225957e-07
73800.00000000009 1.7491479672063345e-07
73850.00000000009 1.7923581149145874e-07
73900.00000000009 2.000374661769699e-07
73950.00000000009 1.6864671932566302e-07
74000.00000000009 1.6762521437248274e-07
74050.00000000009 2.4108795037190556e-07
74100.00000000009 1.5758660238510396e-07
74150.00000000009 1.9065947648171322e-07
74200.00000000009 1.7636708248690197e-07
74250.00000000009 1.3265456794286889e-07
74300.00000000009 1.7459534887391656e-07
74350.00000000009 2.013240996982775e-07
74400.00000000009 1.901615375438552e-07
74450.00000000009 1.2013079772005727e-07
74500.00000000009 1.533188031732488e-07
74550.00000000009 1.7600285219251678e-07
74600.00000000009 1.7849895031306514e-07
74650.00000000009 1.7382996322147332e-07
74700.00000000009 1.4777980549835273e-07
74750.00000000009 1.6038225741762458e-07
74800.00000000009 1.6964396774430187e-07
74850.00000000009 1.2435805862545438e-07
74900.00000000009 2.2088717399016206e-07
74950.00000000009 2.078272136784558e-07
75000.00000000009 1.840614112951857e-07
75050.00000000009 1.5939522779514787e-07
75100.00000000009 2.2412546616835497e-07
75150.00000000009 1.9457550243227535e-07
75200.00000000009 2.260995647709814e-07
75250.00000000009 1.9445843870887246e-07
75300.00000000009 2.1846487569267235e-07
75350.00000000009 1.4411154657241474e-07
75400.00000000009 2.1405536403216636e-07
75450.00000000009 1.9030745834608864e-07
75500.00000000009 1.707176167749086e-07
75550.00000000009 2.3110349825532798e-07
75600.00000000009 2.5823670995673207e-07
75650.00000000009 1.8001148903760436e-07
75700.00000000009 1.93350167788588e-07
75750.00000000009 1.520487896876536e-07
75800.00000000009 2.0923189532020987e-07
75850.00000000009 2.421410305534577e-07
75900.00000000009 2.2141581436052924e-07
75950.00000000009 1.8377415168178066e-07
76000.00000000009 1.9685598802873849e-07
76050.00000000009 2.234925316129889e-07
76100.00000000009 1.9706776365467477e-07
76150.00000000009 2.247888460016866e-07
76200.00000000009 2.3035244885810526e-07
76250.00000000009 2.5805933475970045e-07
76300.00000000009 2.7304519827528187e-07
76350.00000000009 3.080694531202407e-07
76400.00000000009 2.5305337390519474e-07
76450.00000000009 2.493233511062635e-07
76500.00000000009 2.0074097750513147e-07
76550.00000000009 1.9397828169601762e-07
76600.00000000009 1.1145752238214789e-07
76650.00000000009 1.1835251633545964e-07
76700.00000000009 1.424294026403618e-07
76750.00000000009 1.248023643476909e-07
76800.00000000009 1.7775708224796352e-07
76850.00000000009 8.8719230705923e-08
76900.00000000009 1.1228347259429588e-07
76950.00000000009 1.4434634270316693e-07
77000.00000000009 1.5438511126132128e-07
77050.00000000009 1.1681473474633299e-07
77100.00000000009 1.230949006709376e-07
77150.00000000009 1.5634286419009767e-07
77200.00000000009 1.4315911133924596e-07
77250.00000000009 1.5266072031204393e-07
77300.00000000009 1.4409781567609113e-07
77350.00000000009 1.0769031172263443e-07
77400.00000000009 1.0202138504307409e-07
77450.00000000009 1.1088180684321578e-07
77500.00000000009 1.380544813570582e-07
77550.00000000009 1.4426215580997235e-07
77600.00000000009 1.4984601080303516e-07
77650.00000000009 1.4780383237996828e-07
77700.00000000009 1.2509562883236368e-07
77750.00000000009 1.6606712193191932e-07
77800.00000000009 1.4300383133707236e-07
77850.00000000009 1.851147290113325e-07
77900.00000000009 1.6001197590673205e-07
77950.00000000009 1.1977111496646476e-07
78000.00000000009 1.482304382473317e-07
78050.00000000009 1.622931425065101e-07
78100.00000000009 1.2296473132732897e-07
78150.00000000009 1.7566597237317144e-07
78200.00000000009 1.72502752234266e-07
78250.00000000009 1.9012639005180695e-07
78300.00000000009 1.9072376823618848e-07
78350.00000000009 1.7782762890512752e-07
78400.00000000009 1.655393966467478e-07
78450.00000000009 2.0549845667969282e-07
78500.00000000009 1.9201899379490026e-07
78550.00000000009 2.0288646845459905e-07
78600.00000000009 1.7949340887459998e-07
78650.00000000009 1.1545610851197664e-07
78700.00000000009 1.6092470238776318e-07
78750.00000000009 1.507360619643892e-07
78800.00000000009 1.895768704734602e-07
78850.00000000009 1.4368142746214077e-07
78900.00000000009 1.7423586689677847e-07
78950.00000000009 1.669114597091473e-07
79000.00000000009 1.762688817046729e-07
79050.00000000009 1.571130248304015e-07
79100.00000000009 1.6341518251472766e-07
79150.00000000009 1.887139102773072e-07
79200.00000000009 2.1027631534624928e-07
79250.00000000009 1.9300670479901313e-07
79300.00000000009 1.4080468101232762e-07
79350.00000000009 2.0044175362732503e-07
79400.00000000009 1.6917844860423417e-07
79450.00000000009 1.7576433851888774e-07
79500.00000000009 2.388927640943722e-07
79550.00000000009 2.0511677927466125e-07
79600.00000000009 1.5253250043324385e-07
79650.00000000009 1.779485482155084e-07
79700.00000000009 2.1895919129323587e-07
79750.00000000009 2.0877909557874857e-07
79800.00000000009 1.8126304737374877e-07
79850.00000000009 1.760431367677881e-07
79900.00000000009 2.584605712047215e-07
79950.00000000009 1.837196247978312e-07
