galfind/configs/Brown_Dwarf_templates/sonora_cholla/logkzz2/562g/1200K_562g_logkzz2_resample.dat
# %ECSV 1.0
# ---
# datatype:
# - {name: wav, unit: Angstrom, datatype: float64}
# - {name: flux_nu, unit: erg / (cm2 Hz s), datatype: float64}
# schema: astropy-2.0
wav flux_nu
[from data line 775]
48750.000000000095 2.925067461342035e-07
48800.000000000095 4.555974305933869e-07
48850.000000000095 3.1571435011741355e-07
48900.000000000095 4.6415964832247e-07
48950.000000000095 3.883644227582607e-07
49000.000000000095 3.359600785327145e-07
49050.000000000095 4.315381677703471e-07
49100.000000000095 3.151802468003272e-07
49150.000000000095 4.574415964388308e-07
49200.000000000095 3.596624811379068e-07
49250.000000000095 4.531985897600772e-07
49300.000000000095 3.68752077649808e-07
49350.000000000095 3.6462505137699144e-07
49400.000000000095 4.2551803863477215e-07
49450.000000000095 4.128749871966221e-07
49500.000000000095 3.8557049578537633e-07
49550.000000000095 2.674913877683678e-07
49600.000000000095 3.950116346320666e-07
49650.000000000095 3.7001796492050014e-07
49700.000000000095 3.219267867309295e-07
49750.000000000095 4.962006320607555e-07
49800.000000000095 3.4360434270869845e-07
49850.000000000095 5.354699070752513e-07
49900.000000000095 4.3642527407658047e-07
49950.000000000095 4.26734689887264e-07
50000.000000000095 4.852731625710351e-07
50050.000000000095 4.6138851951365614e-07
50100.000000000095 5.365276724990266e-07
50150.000000000095 3.440660379166896e-07
50200.000000000095 2.6686910897688723e-07
50250.000000000095 5.021352206299992e-07
50300.000000000095 3.7330200825635253e-07
50350.000000000095 4.847601844697084e-07
50400.000000000095 4.2635478530533166e-07
50450.000000000095 4.0901244107903076e-07
50500.000000000095 4.974653932351813e-07
50550.000000000095 4.241896395725317e-07
50600.000000000095 4.57262538046611e-07
50650.000000000095 4.3862515474386015e-07
50700.000000000095 5.822871869772573e-07
50750.000000000095 5.632743698200365e-07
50800.000000000095 3.343709610826944e-07
50850.000000000095 3.829718103827502e-07
50900.000000000095 5.290839850715047e-07
50950.000000000095 5.360288642865224e-07
51000.000000000095 5.122493544033568e-07
51050.000000000095 4.5194513971831715e-07
51100.000000000095 3.3662676390416715e-07
51150.000000000095 4.116322360737885e-07
51200.000000000095 5.52395109573622e-07
51250.000000000095 4.921239154460731e-07
51300.000000000095 3.54241187534929e-07
51350.000000000095 4.4912695062327564e-07
51400.000000000095 3.648896476861116e-07
51450.000000000095 3.272767285528055e-07
51500.000000000095 3.1582956793458694e-07
51550.000000000095 5.123628848369436e-07
51600.000000000095 3.582982981236596e-07
51650.000000000095 4.6013476653358243e-07
51700.000000000095 4.6667237333137307e-07
51750.000000000095 3.381685603555821e-07
51800.000000000095 5.780102569358618e-07
51850.000000000095 4.630268618578836e-07
51900.000000000095 5.931202729742227e-07
51950.000000000095 5.084611165953031e-07
52000.000000000095 2.5253143183198594e-07
52050.000000000095 3.8226463177770256e-07
52100.000000000095 3.7021338868053865e-07
52150.000000000095 3.184169423998971e-07
52200.000000000095 2.975145591851763e-07
52250.000000000095 3.547035090448386e-07
52300.000000000095 5.466582018889663e-07
52350.000000000095 4.5014224922673895e-07
52400.000000000095 3.358116199369342e-07
52450.000000000095 4.820582428201742e-07
52500.000000000095 4.3569120988619144e-07
52550.000000000095 4.7389814079113963e-07
52600.000000000095 3.8533173427044863e-07
52650.000000000095 4.3047059401575513e-07
52700.000000000095 3.672841597943911e-07
52750.000000000095 3.3413443248519823e-07
52800.000000000095 3.3723027217408273e-07
52850.000000000095 3.8580235112833214e-07
52900.000000000095 3.2579689202964416e-07
52950.000000000095 3.1804885629255184e-07
53000.000000000095 5.374097065914863e-07
53050.000000000095 2.809616061231102e-07
53100.000000000095 4.6124928046673047e-07
53150.000000000095 5.560882425226019e-07
53200.000000000095 3.0181200950996514e-07
53250.000000000095 5.065760725634607e-07
53300.000000000095 5.147393476701949e-07
53350.000000000095 4.896651869559534e-07
53400.000000000095 5.250361658262656e-07
53450.000000000095 3.1022061512549845e-07
53500.000000000095 2.303524849050304e-07
53550.000000000095 3.271591870223466e-07
53600.000000000095 3.9533618916397683e-07
53650.000000000095 3.459892793789869e-07
53700.000000000095 3.2538747363891036e-07
53750.000000000095 3.397481520722081e-07
53800.000000000095 3.2938297590591624e-07
53850.000000000095 4.2374220729479967e-07
53900.000000000095 3.6113268360468115e-07
53950.000000000095 4.884965807863196e-07
54000.000000000095 3.599487254061927e-07
54050.000000000095 3.6732678348328987e-07
54100.000000000095 2.3155650795222126e-07
54150.000000000095 3.1208098139079203e-07
54200.000000000095 1.9034604190923893e-07
54250.000000000095 2.1241055390199784e-07
54300.000000000095 2.9893618370782237e-07
54350.000000000095 3.8304787510114743e-07
54400.000000000095 4.056707516318492e-07
54450.000000000095 3.359538992985712e-07
54500.000000000095 2.9662226188847145e-07
54550.000000000095 2.7320423753839823e-07
54600.000000000095 3.3985824301253223e-07
54650.000000000095 2.4124152712384955e-07
54700.000000000095 3.9415105743440147e-07
54750.000000000095 3.7756084573266814e-07
54800.000000000095 2.981461853051184e-07
54850.000000000095 3.2298779116367735e-07
54900.000000000095 4.0892910578525124e-07
54950.000000000095 4.973046302492433e-07
55000.000000000095 2.6997074234839674e-07
55050.000000000095 3.6455320726262744e-07
55100.000000000095 3.1200199920182623e-07
55150.000000000095 2.885474487027139e-07
55200.000000000095 2.935094433241015e-07
55250.000000000095 3.108485880807344e-07
55300.000000000095 2.500511426633618e-07
55350.000000000095 3.336255778090123e-07
55400.000000000095 4.222410368606686e-07
55450.000000000095 3.348743826993359e-07
55500.000000000095 2.096509354183748e-07
55550.000000000095 2.7182334417841803e-07
55600.000000000095 2.524575906559168e-07
55650.000000000095 2.0786299182175993e-07
55700.000000000095 2.8104377064643897e-07
55750.000000000095 3.106594957464991e-07
55800.000000000095 2.6123937218876894e-07
55850.000000000095 2.200334079753395e-07
55900.000000000095 3.4418190900017713e-07
55950.000000000095 4.265002003684881e-07
56000.000000000095 2.3558308437095923e-07
56050.000000000095 3.195996379116773e-07
56100.000000000095 3.499730827278747e-07
56150.000000000095 2.7041754324051574e-07
56200.000000000095 2.9853753306991243e-07
56250.000000000095 2.840791050150704e-07
56300.000000000095 3.205869959855536e-07
56350.000000000095 3.416557102255394e-07
56400.000000000095 2.580989074259381e-07
56450.000000000095 2.3060126664479168e-07
56500.000000000095 2.3886612035963825e-07
56550.000000000095 1.9445363524386894e-07
56600.000000000095 3.2530616194231197e-07
56650.000000000095 2.9807915549912627e-07
56700.000000000095 3.4695359807587456e-07
56750.000000000095 2.128432930419001e-07
56800.000000000095 3.55417709166908e-07
56850.000000000095 2.820504978565265e-07
56900.000000000095 2.429924155056482e-07
56950.000000000095 3.5092294420902037e-07
57000.000000000095 3.7193012763537107e-07
57050.000000000095 2.8561819852603527e-07
57100.000000000095 1.7100988958369653e-07
57150.000000000095 2.3754784575481586e-07
57200.000000000095 1.8905607118873134e-07
57250.000000000095 2.62665186115246e-07
57300.000000000095 3.1788945336540104e-07
57350.000000000095 1.9821410213374386e-07
57400.000000000095 2.9961958657515555e-07
57450.000000000095 2.942476961748647e-07
57500.000000000095 2.846382406813966e-07
57550.000000000095 3.373293202666764e-07
57600.000000000095 3.6042664140417283e-07
57650.000000000095 1.7720641081183337e-07
57700.000000000095 2.1337772771109383e-07
57750.000000000095 2.605029016587875e-07
57800.000000000095 1.2274856202246237e-07
57850.000000000095 3.784192308771242e-07
57900.000000000095 4.2876034928659363e-07
57950.000000000095 3.7356780727895136e-07
58000.000000000095 2.3552399863205993e-07
58050.000000000095 3.0162500188108564e-07
58100.000000000095 3.5980699174774436e-07
58150.000000000095 2.899889248025735e-07
58200.000000000095 1.8848504118219202e-07
58250.000000000095 2.3888780739612155e-07
58300.000000000095 1.8249530400185006e-07
58350.000000000095 2.252391481280351e-07
58400.000000000095 2.752010244891949e-07
58450.000000000095 2.848226290644004e-07
58500.000000000095 2.65261414217858e-07
58550.000000000095 2.955855172819049e-07
58600.000000000095 1.9837082044268033e-07
58650.000000000095 2.46541715618529e-07
58700.000000000095 2.4470305719463836e-07
58750.000000000095 2.7266867344199007e-07
58800.000000000095 1.6614262573865706e-07
58850.000000000095 2.516688082340465e-07
58900.000000000095 3.098189875857029e-07
58950.000000000095 2.1084692039931313e-07
59000.000000000095 2.9586798510384e-07
59050.000000000095 3.0241845382040443e-07
59100.000000000095 3.6084100545152874e-07
59150.000000000095 2.767221812925638e-07
59200.000000000095 2.891345604041414e-07
59250.000000000095 3.114163487401842e-07
59300.000000000095 2.9750390298812776e-07
59350.000000000095 1.8797964301012503e-07
59400.000000000095 1.4843574060119273e-07
59450.000000000095 2.594029093577465e-07
59500.000000000095 1.789804515229777e-07
59550.000000000095 3.1578035012187574e-07
59600.000000000095 2.9488851880303513e-07
59650.000000000095 2.959966212215121e-07
59700.000000000095 1.9923660417126315e-07
59750.000000000095 3.7429777519089384e-07
59800.000000000095 2.5986068030506636e-07
59850.000000000095 3.200031591732763e-07
59900.000000000095 1.8693061085405025e-07
59950.000000000095 2.751612456801037e-07
60000.000000000095 3.9491118905171576e-07
60050.000000000095 3.4283167650701513e-07
60100.000000000095 3.740129488379073e-07
60150.000000000095 2.817970292465314e-07
60200.000000000095 3.0058652881642004e-07
60250.000000000095 3.459178837773199e-07
60300.000000000095 3.2872477847523357e-07
60350.000000000095 2.6076935927744864e-07
60400.000000000095 3.120214779010648e-07
60450.000000000095 2.030712155445059e-07
60500.000000000095 1.4312115614633943e-07
60550.000000000095 3.310337398987011e-07
60600.000000000095 3.1469103184246654e-07
60650.000000000095 2.8415291200690246e-07
60700.000000000095 2.537037884352395e-07
60750.000000000095 2.2564424146906025e-07
60800.000000000095 3.1442702637879483e-07
60850.000000000095 4.2397855492853473e-07
60900.000000000095 3.81690440941177e-07
60950.000000000095 3.647108457328319e-07
61000.000000000095 2.829824056734862e-07
61050.000000000095 2.3815235022276734e-07
61100.000000000095 3.162312465233387e-07
61150.000000000095 1.4337740429686444e-07
61200.000000000095 3.763285118215274e-07
61250.000000000095 4.34500591236381e-07
61300.000000000095 3.771128497136822e-07
61350.000000000095 4.3072842535873735e-07
61400.000000000095 3.459942793002295e-07
61450.000000000095 2.574921774856034e-07
61500.000000000095 2.6598313595578456e-07
61550.000000000095 2.4902506165537907e-07
61600.000000000095 1.8664252660125918e-07
61650.000000000095 2.900288069966161e-07
61700.000000000095 2.3468226905142764e-07
61750.000000000095 2.9491508887899967e-07
61800.000000000095 3.0838554212642824e-07
61850.000000000095 2.442324872139927e-07
61900.000000000095 3.7142857368461374e-07
61950.000000000095 3.488984532243085e-07
62000.000000000095 3.543873177517061e-07
62050.000000000095 3.2438382868476246e-07
62100.000000000095 3.6613970958901435e-07
62150.000000000095 3.6214616404890573e-07
62200.000000000095 3.151449125336467e-07
62250.000000000095 3.4775114557313314e-07
62300.000000000095 4.209586920335182e-07
62350.000000000095 3.3456476600403794e-07
62400.000000000095 2.2268220184795023e-07
62450.000000000095 3.255505784670038e-07
62500.000000000095 3.9041326261843304e-07
62550.000000000095 3.720569265535583e-07
62600.000000000095 4.0505803680265993e-07
62650.000000000095 3.2904890094448724e-07
62700.000000000095 3.684174185663809e-07
62750.000000000095 4.4221059593361557e-07
62800.000000000095 3.162168303225228e-07
62850.000000000095 3.931826615569254e-07
62900.000000000095 3.187013368335895e-07
62950.000000000095 3.6116995027156827e-07
63000.000000000095 3.506906643882727e-07
63050.000000000095 4.3671895167440114e-07
63100.000000000095 3.930008786809389e-07
63150.000000000095 3.2088630403693667e-07
63200.000000000095 4.0318791940891206e-07
63250.000000000095 3.136382067976766e-07
63300.000000000095 4.1448470045307913e-07
63350.000000000095 3.691669097589626e-07
63400.000000000095 2.6117651674371073e-07
63450.000000000095 2.358365024802431e-07
63500.000000000095 3.550769034361429e-07
63550.000000000095 3.295516692887859e-07
63600.000000000095 3.835689247121694e-07
63650.000000000095 2.8163812151660236e-07
63700.000000000095 2.5355738635071843e-07
63750.000000000095 3.100932051353869e-07
63800.000000000095 3.1827921790443556e-07
63850.000000000095 3.191089101583134e-07
63900.000000000095 2.6252797881952717e-07
63950.000000000095 3.3681447184318295e-07
64000.000000000095 3.5759038246278516e-07
64050.000000000095 2.9548833998592525e-07
64100.000000000095 1.4066461416112893e-07
64150.000000000095 1.8352960554515162e-07
64200.000000000095 2.040012315020761e-07
64250.000000000095 2.9590649859514373e-07
64300.000000000095 2.406335429438265e-07
64350.000000000095 2.0828469822737478e-07
64400.000000000095 2.956655748815791e-07
64450.000000000095 2.9877059448449676e-07
64500.000000000095 2.0916822444610033e-07
64550.000000000095 2.7490337478634025e-07
64600.000000000095 1.730442209462959e-07
64650.000000000095 2.524101767555845e-07
64700.000000000095 1.6726580850111168e-07
64750.000000000095 1.9721009736453237e-07
64800.000000000095 2.0071668199894978e-07
64850.000000000095 1.873429248523081e-07
64900.000000000095 2.1573551452789468e-07
64950.000000000095 2.035858872625522e-07
65000.000000000095 2.335650491103706e-07
65050.000000000095 2.12652330703192e-07
65100.000000000095 2.663820301994661e-07
65150.000000000095 2.026320774625651e-07
65200.000000000095 1.8745058975760206e-07
65250.000000000095 2.6123248352216635e-07
65300.000000000095 2.2065957426444724e-07
65350.000000000095 3.4811641186914233e-07
65400.000000000095 2.209710644018526e-07
65450.000000000095 2.3083561005239987e-07
65500.000000000095 2.5652286027428173e-07
65550.00000000009 1.9179596717061035e-07
65600.00000000009 2.1745631363366382e-07
65650.00000000009 2.383375783618753e-07
65700.00000000009 2.0843089852697368e-07
65750.00000000009 1.915613253890107e-07
65800.00000000009 2.4987568756289975e-07
65850.00000000009 2.620717541868585e-07
65900.00000000009 1.871920162219422e-07
65950.00000000009 1.4462676615844822e-07
66000.00000000009 2.1513339496450956e-07
66050.00000000009 3.3383543315635247e-07
66100.00000000009 2.3284076577416692e-07
66150.00000000009 1.7354861477980698e-07
66200.00000000009 1.808315298689115e-07
66250.00000000009 1.7238310258164843e-07
66300.00000000009 1.0354203465497002e-07
66350.00000000009 1.4852249704456483e-07
66400.00000000009 1.74393082247651e-07
66450.00000000009 2.5368673089227847e-07
66500.00000000009 3.3376454673038144e-07
66550.00000000009 3.14472159459245e-07
66600.00000000009 2.472094860002793e-07
66650.00000000009 2.451128136041119e-07
66700.00000000009 2.2154968057013234e-07
66750.00000000009 2.0520276843207079e-07
66800.00000000009 2.5417093172121276e-07
66850.00000000009 1.9709080542875525e-07
66900.00000000009 2.5997870815864583e-07
66950.00000000009 3.1966286277516543e-07
67000.00000000009 3.140222159390856e-07
67050.00000000009 2.3735608242036933e-07
67100.00000000009 2.1381892295523275e-07
67150.00000000009 2.1029660296910565e-07
67200.00000000009 2.2334095002847417e-07
67250.00000000009 2.402971692443712e-07
67300.00000000009 2.394377580458655e-07
67350.00000000009 1.891005542837407e-07
67400.00000000009 2.9454238309072994e-07
67450.00000000009 2.514235419285547e-07
67500.00000000009 2.3034541803754672e-07
67550.00000000009 2.55641412729565e-07
67600.00000000009 3.7481522708576496e-07
67650.00000000009 2.9285337030179654e-07
67700.00000000009 2.51727409189262e-07
67750.00000000009 2.3573712292115964e-07
67800.00000000009 2.847908562313662e-07
67850.00000000009 2.015878858321272e-07
67900.00000000009 2.439588425177838e-07
67950.00000000009 1.7233454374001377e-07
68000.00000000009 2.1986291494498362e-07
