galfind/configs/Brown_Dwarf_templates/sonora_cholla/logkzz2/562g/1250K_562g_logkzz2_resample.dat
# %ECSV 1.0
# ---
# datatype:
# - {name: wav, unit: Angstrom, datatype: float64}
# - {name: flux_nu, unit: erg / (cm2 Hz s), datatype: float64}
# schema: astropy-2.0
wav flux_nu
[from data line 1163]
68150.00000000009 2.7230020467206455e-07
68200.00000000009 2.8869270247984584e-07
68250.00000000009 1.809197589413462e-07
68300.00000000009 2.604150311630881e-07
68350.00000000009 1.6360261362484026e-07
68400.00000000009 3.318684216075551e-07
68450.00000000009 3.329106505261133e-07
68500.00000000009 2.970374839358258e-07
68550.00000000009 2.2036744415294802e-07
68600.00000000009 2.5012966732140966e-07
68650.00000000009 1.9042578188204128e-07
68700.00000000009 2.6227426264128534e-07
68750.00000000009 3.0103689715265373e-07
68800.00000000009 3.143969096114516e-07
68850.00000000009 2.0802830438773887e-07
68900.00000000009 3.641142228323026e-07
68950.00000000009 3.8025088116651376e-07
69000.00000000009 3.6640968128241986e-07
69050.00000000009 2.700255084186855e-07
69100.00000000009 3.6359808673925853e-07
69150.00000000009 4.1207712778628303e-07
69200.00000000009 2.7782872848478087e-07
69250.00000000009 3.628179853699597e-07
69300.00000000009 3.0730564276686343e-07
69350.00000000009 3.5339570481744265e-07
69400.00000000009 2.2053640312577864e-07
69450.00000000009 3.7570693305241685e-07
69500.00000000009 2.964109290163228e-07
69550.00000000009 2.953036338149303e-07
69600.00000000009 1.4794730250366297e-07
69650.00000000009 2.8214101611103516e-07
69700.00000000009 3.3922425034482124e-07
69750.00000000009 2.704238146098471e-07
69800.00000000009 3.3365364236026636e-07
69850.00000000009 3.5400700452640336e-07
69900.00000000009 2.6546415893749076e-07
69950.00000000009 3.143045581180215e-07
70000.00000000009 2.5774868582225685e-07
70050.00000000009 3.496845608863557e-07
70100.00000000009 2.7306191084478183e-07
70150.00000000009 2.970564965209382e-07
70200.00000000009 2.383567357154848e-07
70250.00000000009 2.815984690181874e-07
70300.00000000009 3.2313591363066406e-07
70350.00000000009 2.6086830813705256e-07
70400.00000000009 2.6151035972417844e-07
70450.00000000009 1.713550076355524e-07
70500.00000000009 2.1949826768563464e-07
70550.00000000009 2.3616813920661453e-07
70600.00000000009 2.446513635606692e-07
70650.00000000009 2.868597107341552e-07
70700.00000000009 2.6863598209913206e-07
70750.00000000009 3.0418092698864456e-07
70800.00000000009 2.276289151339834e-07
70850.00000000009 2.2390992324166682e-07
70900.00000000009 2.2594837791417394e-07
70950.00000000009 3.218685957634147e-07
71000.00000000009 2.7601743490222923e-07
71050.00000000009 2.879309549801973e-07
71100.00000000009 2.6115259869746427e-07
71150.00000000009 2.7503553550045476e-07
71200.00000000009 2.440974192097451e-07
71250.00000000009 2.5352890328858715e-07
71300.00000000009 2.910487126814731e-07
71350.00000000009 2.75687221013366e-07
71400.00000000009 2.883681749727371e-07
71450.00000000009 1.9820547306673282e-07
71500.00000000009 2.3608071062627063e-07
71550.00000000009 2.413021926382734e-07
71600.00000000009 2.6835386280197484e-07
71650.00000000009 2.604725935975446e-07
71700.00000000009 2.2265969188066804e-07
71750.00000000009 2.3422904712167063e-07
71800.00000000009 2.8759840383954966e-07
71850.00000000009 2.879396161123967e-07
71900.00000000009 2.218381808324948e-07
71950.00000000009 2.2360906323578633e-07
72000.00000000009 2.2951802760812963e-07
72050.00000000009 2.0369628923286864e-07
72100.00000000009 2.2774915933771643e-07
72150.00000000009 1.9294579316284743e-07
72200.00000000009 2.1925591322027197e-07
72250.00000000009 2.4709207171980174e-07
72300.00000000009 2.4230017658769485e-07
72350.00000000009 2.428251361406851e-07
72400.00000000009 1.9822341610287653e-07
72450.00000000009 1.9697601739451098e-07
72500.00000000009 2.253283675295338e-07
72550.00000000009 1.6073977731563887e-07
72600.00000000009 1.5012281022757793e-07
72650.00000000009 2.429487064248506e-07
72700.00000000009 2.5354877375918757e-07
72750.00000000009 2.1903479325562964e-07
72800.00000000009 2.16186309218153e-07
72850.00000000009 2.0070285328545486e-07
72900.00000000009 2.3415906291603462e-07
72950.00000000009 2.2538502074484895e-07
73000.00000000009 2.3701907907656903e-07
73050.00000000009 2.1121372937167988e-07
73100.00000000009 1.8201242983380528e-07
73150.00000000009 2.670184204654229e-07
73200.00000000009 1.9445331956592645e-07
73250.00000000009 2.1208047238825195e-07
73300.00000000009 2.2217566331042268e-07
73350.00000000009 1.9831167963106123e-07
73400.00000000009 2.2621377002300478e-07
73450.00000000009 1.554622338589753e-07
73500.00000000009 1.6544904365360928e-07
73550.00000000009 1.951116008784413e-07
73600.00000000009 1.7625610042019103e-07
73650.00000000009 2.071336174997493e-07
73700.00000000009 2.4349988811117217e-07
73750.00000000009 1.7995827564920924e-07
73800.00000000009 2.0145926024016028e-07
73850.00000000009 2.061842774128234e-07
73900.00000000009 2.2925419839464313e-07
73950.00000000009 1.936544540095124e-07
74000.00000000009 1.9755603374427336e-07
74050.00000000009 2.721213768473741e-07
74100.00000000009 1.8075717993347165e-07
74150.00000000009 2.1985004697019528e-07
74200.00000000009 2.022584921973043e-07
74250.00000000009 1.5827584948336662e-07
74300.00000000009 2.0076119789941813e-07
74350.00000000009 2.310722263078825e-07
74400.00000000009 2.1828675997824346e-07
74450.00000000009 1.4267623015339027e-07
74500.00000000009 1.813300496593714e-07
74550.00000000009 2.0880337042177366e-07
74600.00000000009 2.065013418065235e-07
74650.00000000009 1.9960895794944802e-07
74700.00000000009 1.7496403736201643e-07
74750.00000000009 1.894069559243279e-07
74800.00000000009 1.952171603919848e-07
74850.00000000009 1.4727301082985854e-07
74900.00000000009 2.5412693585832613e-07
74950.00000000009 2.362111464532954e-07
75000.00000000009 2.130033015600278e-07
75050.00000000009 1.9040483564642301e-07
75100.00000000009 2.5612696141108557e-07
75150.00000000009 2.2814578919805868e-07
75200.00000000009 2.5744545056818126e-07
75250.00000000009 2.199780108952936e-07
75300.00000000009 2.490521587131728e-07
75350.00000000009 1.708063862408356e-07
75400.00000000009 2.421937118657098e-07
75450.00000000009 2.1729322214703917e-07
75500.00000000009 1.9399713622618872e-07
75550.00000000009 2.628613574452509e-07
75600.00000000009 2.8990625068910454e-07
75650.00000000009 2.035399001339375e-07
75700.00000000009 2.2237347300212287e-07
75750.00000000009 1.7957569314173973e-07
75800.00000000009 2.3816936508503255e-07
75850.00000000009 2.7351446535619886e-07
75900.00000000009 2.5101209241578586e-07
75950.00000000009 2.1200307133552636e-07
76000.00000000009 2.2451009426855665e-07
76050.00000000009 2.5228557455600447e-07
76100.00000000009 2.224628262627543e-07
76150.00000000009 2.535964355682658e-07
76200.00000000009 2.6128733156207273e-07
76250.00000000009 2.934007303741331e-07
76300.00000000009 3.020047107548667e-07
76350.00000000009 3.417255928992418e-07
76400.00000000009 2.835786911208462e-07
76450.00000000009 2.7925682039970244e-07
76500.00000000009 2.319563862526571e-07
76550.00000000009 2.2201056575641723e-07
76600.00000000009 1.3395660453690314e-07
76650.00000000009 1.4175217519995286e-07
76700.00000000009 1.710801781387921e-07
76750.00000000009 1.5020986707725233e-07
76800.00000000009 2.080137528592835e-07
76850.00000000009 1.0672740061279899e-07
76900.00000000009 1.4141037928417933e-07
76950.00000000009 1.6594085941451077e-07
77000.00000000009 1.8092800029366134e-07
77050.00000000009 1.3778889936806884e-07
77100.00000000009 1.4401131028172e-07
77150.00000000009 1.7667636801482964e-07
77200.00000000009 1.690828123516771e-07
77250.00000000009 1.7710249020851735e-07
77300.00000000009 1.655925162330927e-07
77350.00000000009 1.2813247740561084e-07
77400.00000000009 1.1834556051384315e-07
77450.00000000009 1.3280773809418883e-07
77500.00000000009 1.6661432082182912e-07
77550.00000000009 1.6724388193489637e-07
77600.00000000009 1.7352573794155456e-07
77650.00000000009 1.7068599194873497e-07
77700.00000000009 1.454219544504464e-07
77750.00000000009 1.893398372776618e-07
77800.00000000009 1.6804977118064925e-07
77850.00000000009 2.068314384475651e-07
77900.00000000009 1.8277392132649544e-07
77950.00000000009 1.4412073340494131e-07
78000.00000000009 1.7526273767681995e-07
78050.00000000009 1.8633339640660166e-07
78100.00000000009 1.4104747843818604e-07
78150.00000000009 1.9825340160379277e-07
78200.00000000009 1.9621739693005737e-07
78250.00000000009 2.1481609329980843e-07
78300.00000000009 2.1717491755831714e-07
78350.00000000009 2.0362920568023147e-07
78400.00000000009 1.9130639719759446e-07
78450.00000000009 2.316650865461968e-07
78500.00000000009 2.158770593382159e-07
78550.00000000009 2.2641069608082988e-07
78600.00000000009 2.0148279188521459e-07
78650.00000000009 1.3765730359941725e-07
78700.00000000009 1.8500424434716214e-07
78750.00000000009 1.775179034119976e-07
78800.00000000009 2.1806451326362373e-07
78850.00000000009 1.658718773479437e-07
78900.00000000009 1.9785317945666744e-07
78950.00000000009 1.886565374334559e-07
79000.00000000009 2.0027817218542182e-07
79050.00000000009 1.8185221235634785e-07
79100.00000000009 1.848419144770839e-07
79150.00000000009 2.1511720540183453e-07
79200.00000000009 2.411391360581736e-07
79250.00000000009 2.2342314640422376e-07
79300.00000000009 1.6132533134462823e-07
79350.00000000009 2.2832269098398784e-07
79400.00000000009 1.9180896397254125e-07
79450.00000000009 2.0514336751234927e-07
79500.00000000009 2.6680735989096303e-07
79550.00000000009 2.3428554620743202e-07
79600.00000000009 1.7786710924719933e-07
79650.00000000009 2.033992320604694e-07
79700.00000000009 2.5033265372970865e-07
79750.00000000009 2.3528247340262287e-07
79800.00000000009 2.0857971504569666e-07
79850.00000000009 2.058883298405592e-07
79900.00000000009 2.9145039671298806e-07
79950.00000000009 2.0919064020493676e-07
