galfind/configs/Brown_Dwarf_templates/sonora_cholla/logkzz2/562g/1250K_562g_logkzz2_resample.dat
# %ECSV 1.0
# ---
# datatype:
# - {name: wav, unit: Angstrom, datatype: float64}
# - {name: flux_nu, unit: erg / (cm2 Hz s), datatype: float64}
# schema: astropy-2.0
wav flux_nu
10000.000000000093 nan
10050.000000000093 3.5955297384972365e-07
10100.000000000093 4.183387954174405e-07
10150.000000000093 4.1538044200757594e-07
10200.000000000093 4.520630814027779e-07
10250.000000000093 4.821305236119984e-07
10300.000000000093 4.775616516775734e-07
10350.000000000093 5.489744039235132e-07
10400.000000000093 6.041431025970424e-07
10450.000000000093 6.204745032457193e-07
10500.000000000093 6.058479644519066e-07
10550.000000000093 6.136062735037683e-07
10600.000000000093 6.467453403671695e-07
10650.000000000093 6.885918870776815e-07
10700.000000000093 7.323928019326912e-07
10750.000000000093 7.83014509735526e-07
10800.000000000093 8.260575967021133e-07
10850.000000000093 8.990245519373463e-07
10900.000000000093 8.428683716084668e-07
10950.000000000093 6.871721491883735e-07
11000.000000000093 6.048663067801486e-07
11050.000000000093 4.995458261895362e-07
11100.000000000093 4.60421759047825e-07
11150.000000000093 3.9813945643467685e-07
11200.000000000093 4.0689981163547437e-07
11250.000000000093 4.99263160099172e-07
11300.000000000093 4.74784541968303e-07
11350.000000000093 3.140403691119866e-07
11400.000000000093 5.162270774602557e-07
11450.000000000093 4.21583166140968e-07
11500.000000000093 5.14029776679812e-07
11550.000000000093 4.0721322378750246e-07
11600.000000000093 4.3376233661358293e-07
11650.000000000093 4.845427220375392e-07
11700.000000000093 5.004647427630725e-07
11750.000000000093 4.346758982211781e-07
11800.000000000093 5.572619247905243e-07
11850.000000000093 6.553308290165832e-07
11900.000000000093 7.07079905413104e-07
11950.000000000093 7.633209254308208e-07
12000.000000000093 7.597708037735761e-07
12050.000000000093 9.080010549180977e-07
12100.000000000093 9.529855270086412e-07
12150.000000000093 1.0811088228736435e-06
12200.000000000093 1.136131649695264e-06
12250.000000000093 1.2526021151557042e-06
12300.000000000093 1.3330439463816541e-06
12350.000000000093 1.3356255129928679e-06
12400.000000000093 1.3041978659817363e-06
12450.000000000093 1.3930953498859884e-06
12500.000000000093 1.4499316989409343e-06
12550.000000000093 1.5257563423887448e-06
12600.000000000093 1.5697749390872095e-06
12650.000000000093 1.5583397475476759e-06
12700.000000000093 1.6568669921569356e-06
12750.000000000093 1.5867225785858833e-06
12800.000000000093 1.6399162020599927e-06
12850.000000000093 1.5242983088954764e-06
12900.000000000093 1.4128025053467867e-06
12950.000000000093 1.4504568776429963e-06
13000.000000000093 1.4785379437495625e-06
13050.000000000093 1.4803619496298035e-06
13100.000000000093 1.4349503646679928e-06
13150.000000000093 1.326826435533928e-06
13200.000000000093 1.2482787881682283e-06
13250.000000000093 1.0138723329508095e-06
13300.000000000093 6.55162773503365e-07
13350.000000000093 2.3887361137749685e-07
13400.000000000093 1.3805099893948672e-07
13450.000000000093 9.721454961547688e-08
13500.000000000093 6.488170044049759e-08
13550.000000000093 5.4073205777174864e-08
13600.000000000093 4.3525433336233914e-08
13650.000000000093 8.612466475759509e-08
13700.000000000093 7.120764671626767e-08
13750.000000000093 7.83753530828196e-08
13800.000000000093 1.0336722982546796e-07
13850.000000000093 8.131916289698701e-08
13900.000000000093 8.180008238596455e-08
13950.000000000093 7.540061179210121e-08
14000.000000000093 6.75396635448357e-08
14050.000000000093 8.105844539442743e-08
14100.000000000093 5.9961754470822e-08
14150.000000000093 8.136930233160942e-08
14200.000000000093 6.537099550764272e-08
14250.000000000093 6.661624971081355e-08
14300.000000000093 8.932912265428313e-08
14350.000000000093 8.759360571680307e-08
14400.000000000093 9.510355363673195e-08
14450.000000000093 1.0161129372097825e-07
14500.000000000093 1.5981228319079404e-07
14550.000000000093 1.5997268729403095e-07
14600.000000000093 2.0525934935480767e-07
14650.000000000093 2.0991108966937717e-07
14700.000000000093 1.6766733075436973e-07
14750.000000000093 2.0543942739486487e-07
14800.000000000093 2.488852405556512e-07
14850.000000000093 2.581088379837502e-07
14900.000000000093 2.71856637644765e-07
14950.000000000093 2.890721601850185e-07
15000.000000000093 3.1304956791045166e-07
15050.000000000093 3.854599223356323e-07
15100.000000000093 4.1033322701295834e-07
15150.000000000093 4.4158796238909347e-07
15200.000000000093 4.3308196302519323e-07
15250.000000000093 4.977943181784179e-07
15300.000000000093 5.644842110295761e-07
15350.000000000093 6.349077140254291e-07
15400.000000000093 6.804642935433882e-07
15450.000000000093 7.540077323668901e-07
15500.000000000093 7.941827550474323e-07
15550.000000000093 8.821235985584294e-07
15600.000000000093 9.115601965285025e-07
15650.000000000093 9.454076494043513e-07
15700.000000000093 1.0564244174417788e-06
15750.000000000093 1.1126336656053232e-06
15800.000000000093 1.0890365177348475e-06
15850.000000000093 1.136705883081375e-06
15900.000000000093 1.1393054076802736e-06
15950.000000000093 1.1356764102769319e-06
16000.000000000093 1.1056285300385718e-06
16050.000000000093 1.0370219153706294e-06
16100.000000000093 9.773618342098533e-07
16150.000000000093 8.228617675571629e-07
16200.000000000093 7.232585050296322e-07
16250.000000000093 7.245924778520007e-07
16300.000000000093 6.687192276354316e-07
16350.000000000093 7.117255552161904e-07
16400.000000000095 7.690639734758375e-07
16450.000000000095 8.124446638258929e-07
16500.000000000095 8.513359444038141e-07
16550.000000000095 8.314443305494332e-07
16600.000000000095 8.020542267226311e-07
16650.000000000095 6.976782720383601e-07
16700.000000000095 4.943393888585657e-07
16750.000000000095 5.636856721249801e-07
16800.000000000095 6.992625837477179e-07
16850.000000000095 6.809065564505266e-07
16900.000000000095 6.421653948026135e-07
16950.000000000095 6.01185083860335e-07
17000.000000000095 5.520111438547988e-07
17050.000000000095 6.300015578048263e-07
17100.000000000095 6.341226960337113e-07
17150.000000000095 5.542788700689109e-07
17200.000000000095 5.972837535145781e-07
17250.000000000095 5.315217536852221e-07
17300.000000000095 4.773820941071235e-07
17350.000000000095 4.5242661506685926e-07
17400.000000000095 4.249635261260812e-07
17450.000000000095 4.006390554273457e-07
17500.000000000095 4.2409941074471515e-07
17550.000000000095 3.7059765792667095e-07
17600.000000000095 3.4217385113904257e-07
17650.000000000095 3.4436500830269935e-07
17700.000000000095 2.5267646386158623e-07
17750.000000000095 2.347425295068567e-07
17800.000000000095 2.6702522904615317e-07
17850.000000000095 1.896018908369429e-07
17900.000000000095 2.2487312099599707e-07
17950.000000000095 1.7923711821625075e-07
18000.000000000095 1.8427960170304686e-07
18050.000000000095 1.8271825877154563e-07
18100.000000000095 1.6431111557746864e-07
18150.000000000095 2.1721147910285134e-07
18200.000000000095 1.483299689710789e-07
18250.000000000095 2.521250202505878e-07
18300.000000000095 1.8351841674758624e-07
18350.000000000095 1.7261684433426647e-07
18400.000000000095 1.584902323324335e-07
18450.000000000095 1.562930182347002e-07
18500.000000000095 1.7507426016981543e-07
18550.000000000095 1.4543379655695715e-07
18600.000000000095 1.234748134950252e-07
18650.000000000095 1.238975088321394e-07
18700.000000000095 1.3304107663919204e-07
18750.000000000095 1.4829267561164585e-07
18800.000000000095 2.1245446631748036e-07
18850.000000000095 2.5102018695074596e-07
18900.000000000095 2.2514255005532343e-07
18950.000000000095 3.1799782476667854e-07
19000.000000000095 2.624295142258432e-07
19050.000000000095 2.1836893592064434e-07
19100.000000000095 3.0849312311978404e-07
19150.000000000095 2.6948688475872085e-07
19200.000000000095 2.864913108227548e-07
19250.000000000095 2.544177616240133e-07
19300.000000000095 2.4283250221451976e-07
19350.000000000095 2.1798607528254368e-07
19400.000000000095 1.4567826417276512e-07
19450.000000000095 2.386164695831763e-07
19500.000000000095 2.2986458249356937e-07
19550.000000000095 1.8125435626533703e-07
19600.000000000095 2.2551460598702234e-07
19650.000000000095 2.5127409900041393e-07
19700.000000000095 2.495608496934342e-07
19750.000000000095 2.383480041112985e-07
19800.000000000095 2.739854545911773e-07
19850.000000000095 3.1614161344336775e-07
19900.000000000095 2.3451081547275079e-07
19950.000000000095 3.3834888565662025e-07
20000.000000000095 3.25121561717083e-07
20050.000000000095 3.573874392989601e-07
20100.000000000095 3.651039388920947e-07
20150.000000000095 3.766239322927849e-07
20200.000000000095 4.28498236213152e-07
20250.000000000095 4.6185108056379045e-07
20300.000000000095 4.338201230293068e-07
20350.000000000095 4.880666224092168e-07
20400.000000000095 4.971308381304074e-07
20450.000000000095 5.591361461183313e-07
20500.000000000095 5.79849977936667e-07
20550.000000000095 5.634192543115052e-07
20600.000000000095 6.461580917017459e-07
20650.000000000095 6.072749301104564e-07
20700.000000000095 6.362082884726688e-07
20750.000000000095 6.788348016273566e-07
20800.000000000095 6.828849228472788e-07
20850.000000000095 6.7456175834283e-07
20900.000000000095 7.145382050052876e-07
20950.000000000095 6.923336224860492e-07
21000.000000000095 7.184493071221571e-07
21050.000000000095 6.917588087002372e-07
21100.000000000095 6.888650402977915e-07
21150.000000000095 6.986505690920614e-07
21200.000000000095 6.75387065069359e-07
21250.000000000095 6.826822021007184e-07
21300.000000000095 6.313557248812169e-07
21350.000000000095 6.531099796627275e-07
21400.000000000095 5.99505280122725e-07
21450.000000000095 5.943093000667912e-07
21500.000000000095 5.884644866221782e-07
21550.000000000095 5.622883521083085e-07
21600.000000000095 5.439109890146646e-07
21650.000000000095 5.037816192059175e-07
21700.000000000095 5.075193782854393e-07
21750.000000000095 4.685709436250577e-07
21800.000000000095 4.262559359988782e-07
21850.000000000095 3.8292328065929834e-07
21900.000000000095 3.561227797889321e-07
21950.000000000095 2.4707430673677197e-07
22000.000000000095 1.8218420143128988e-07
22050.000000000095 1.3179370881285013e-07
22100.000000000095 1.7366144058718536e-07
22150.000000000095 1.984207040162123e-07
22200.000000000095 2.0417292371843243e-07
22250.000000000095 1.8852882651376014e-07
22300.000000000095 1.8936840324327968e-07
22350.000000000095 1.7141419199679486e-07
22400.000000000095 1.5384424048754664e-07
22450.000000000095 1.3858983911377275e-07
22500.000000000095 1.4499646711504373e-07
22550.000000000095 1.0939414860505373e-07
22600.000000000095 1.2758900704797488e-07
22650.000000000095 1.2473592926201847e-07
22700.000000000095 1.2324832546682805e-07
22750.000000000095 1.2253186275545882e-07
22800.000000000095 1.1316586004678505e-07
22850.000000000095 1.0189556170447116e-07
22900.000000000095 9.723659237254353e-08
22950.000000000095 9.881904611329259e-08
23000.000000000095 8.284412717013401e-08
23050.000000000095 1.1325027572461644e-07
23100.000000000095 1.478886220196204e-07
23150.000000000095 1.5346319438840727e-07
23200.000000000095 8.339024320004085e-08
23250.000000000095 7.997596968593598e-08
23300.000000000095 7.416363415271149e-08
23350.000000000095 6.512368283850324e-08
23400.000000000095 8.141003493285864e-08
23450.000000000095 7.553542908215591e-08
23500.000000000095 8.00219517281453e-08
23550.000000000095 1.0661593009233538e-07
23600.000000000095 1.1213349957840542e-07
23650.000000000095 1.2428348405920587e-07
23700.000000000095 8.462634967730958e-08
23750.000000000095 8.069843253745202e-08
23800.000000000095 8.386054365946143e-08
23850.000000000095 8.812746037959999e-08
23900.000000000095 1.240612838063315e-07
23950.000000000095 1.2449500562690472e-07
24000.000000000095 1.5306618967709611e-07
24050.000000000095 1.5804059806143853e-07
24100.000000000095 1.3249802978842057e-07
24150.000000000095 1.4923995248430302e-07
24200.000000000095 1.6538392687056883e-07
24250.000000000095 1.4206416003874328e-07
24300.000000000095 1.550175769049159e-07
24350.000000000095 1.4007572499499493e-07
24400.000000000095 1.8507646137508095e-07
24450.000000000095 1.5210999392928845e-07
24500.000000000095 1.7281851576270544e-07
24550.000000000095 1.6451907108322873e-07
24600.000000000095 1.79234919910302e-07
24650.000000000095 2.0107850370647277e-07
24700.000000000095 1.6057426598196204e-07
24750.000000000095 1.4671842291274304e-07
24800.000000000095 1.6298744486303604e-07
24850.000000000095 2.0988527595052904e-07
24900.000000000095 1.1999723507671995e-07
24950.000000000095 1.898348457714538e-07
25000.000000000095 1.8350464634387983e-07
25050.000000000095 1.4064556382787505e-07
25100.000000000095 1.729892436644617e-07
25150.000000000095 1.1467684066489444e-07
25200.000000000095 1.549888285203433e-07
25250.000000000095 1.1662997479283571e-07
25300.000000000095 1.5581175386634254e-07
25350.000000000095 9.553145724260793e-08
25400.000000000095 1.5434468914560444e-07
25450.000000000095 1.1318050323033315e-07
25500.000000000095 1.0896959782833866e-07
25550.000000000095 1.2895665569440304e-07
25600.000000000095 1.1478593560150853e-07
25650.000000000095 8.868451670279742e-08
25700.000000000095 1.5210623423112925e-07
25750.000000000095 8.884925966461328e-08
25800.000000000095 1.4771028418983842e-07
25850.000000000095 9.011001105086685e-08
25900.000000000095 1.211690687701573e-07
25950.000000000095 8.841131923724455e-08
26000.000000000095 1.4183318520544576e-07
26050.000000000095 1.2335539209187197e-07
26100.000000000095 1.6498184955835448e-07
26150.000000000095 1.4224080983616128e-07
26200.000000000095 1.5597396560785612e-07
26250.000000000095 1.8613742028451703e-07
26300.000000000095 1.448748024620348e-07
26350.000000000095 1.929935096589489e-07
26400.000000000095 2.2531435581345232e-07
26450.000000000095 2.0559939245150102e-07
26500.000000000095 1.9313174234097865e-07
26550.000000000095 1.7124307058598018e-07
26600.000000000095 2.07774110754771e-07
26650.000000000095 1.1913432336321122e-07
26700.000000000095 1.0623891920972296e-07
26750.000000000095 9.04936857583284e-08
26800.000000000095 1.22661100179041e-07
26850.000000000095 7.554047901545307e-08
26900.000000000095 1.3540353668385914e-07
26950.000000000095 7.553722768795352e-08
27000.000000000095 1.5173603781712247e-07
27050.000000000095 1.388446007952213e-07
27100.000000000095 1.1128771553516363e-07
27150.000000000095 1.6757681232603007e-07
27200.000000000095 1.2205243652610964e-07
27250.000000000095 1.2896309362837794e-07
27300.000000000095 2.2352953904627935e-07
27350.000000000095 1.8088474540151167e-07
27400.000000000095 8.212306806428658e-08
27450.000000000095 2.2503117235669673e-07
27500.000000000095 2.1108070468699094e-07
27550.000000000095 1.3908639413553004e-07
27600.000000000095 2.17261473490444e-07
27650.000000000095 1.1464843253756872e-07
27700.000000000095 9.902822752312266e-08
27750.000000000095 2.0792549730732815e-07
27800.000000000095 1.1990365954678094e-07
27850.000000000095 1.333922832316568e-07
27900.000000000095 1.6633704270967317e-07
27950.000000000095 1.8432686515788026e-07
28000.000000000095 1.8285630565834095e-07
28050.000000000095 9.808133019704858e-08
28100.000000000095 2.2401527660887762e-07
28150.000000000095 1.742798999398904e-07
28200.000000000095 9.185613471713869e-08
28250.000000000095 2.150095195107058e-07
28300.000000000095 2.735932408842152e-07
28350.000000000095 9.92163417527769e-08
28400.000000000095 2.043059172491969e-07
28450.000000000095 2.0920968939438057e-07
28500.000000000095 1.903160837399599e-07
28550.000000000095 9.852914890855831e-08
28600.000000000095 2.370722326246637e-07
28650.000000000095 2.1027577137186828e-07
28700.000000000095 1.82444116430517e-07
28750.000000000095 2.3080743542773292e-07
28800.000000000095 2.100210744521147e-07
28850.000000000095 2.659600663669531e-07
28900.000000000095 1.3834974890384552e-07
28950.000000000095 2.719779510393807e-07
29000.000000000095 1.937523306368947e-07
29050.000000000095 2.3059715846747452e-07
29100.000000000095 1.538925732845146e-07
29150.000000000095 2.7787452784021173e-07
29200.000000000095 2.0453530776104285e-07
29250.000000000095 2.6536399122402223e-07
29300.000000000095 1.7260574955086067e-07
