galfind/configs/Brown_Dwarf_templates/sonora_cholla/logkzz2/562g/1300K_562g_logkzz2_resample.dat
# %ECSV 1.0
# ---
# datatype:
# - {name: wav, unit: Angstrom, datatype: float64}
# - {name: flux_nu, unit: erg / (cm2 Hz s), datatype: float64}
# schema: astropy-2.0
wav flux_nu
[from data line 774]
48700.000000000095 5.450793755205133e-07
48750.000000000095 3.5157227196201015e-07
48800.000000000095 5.314605345822866e-07
48850.000000000095 3.752750022543712e-07
48900.000000000095 5.389696436018795e-07
48950.000000000095 4.546740321671817e-07
49000.000000000095 4.0803390974851584e-07
49050.000000000095 5.013187014380601e-07
49100.000000000095 3.783044584329671e-07
49150.000000000095 5.244971545029854e-07
49200.000000000095 4.223978868144742e-07
49250.000000000095 5.175789673628476e-07
49300.000000000095 4.3680848746735257e-07
49350.000000000095 4.399684582071307e-07
49400.000000000095 5.155338915727898e-07
49450.000000000095 4.796158032841179e-07
49500.000000000095 4.6255406988387397e-07
49550.000000000095 3.405071172059892e-07
49600.000000000095 4.71127693159031e-07
49650.000000000095 4.415982437630618e-07
49700.000000000095 3.8260384067268673e-07
49750.000000000095 5.775181642035003e-07
49800.000000000095 4.1150678570723767e-07
49850.000000000095 6.152999905165328e-07
49900.000000000095 5.039890288071047e-07
49950.000000000095 4.968917354520141e-07
50000.000000000095 5.681260786658569e-07
50050.000000000095 5.267786101957529e-07
50100.000000000095 6.361348031747616e-07
50150.000000000095 4.20599336108279e-07
50200.000000000095 3.402213644334477e-07
50250.000000000095 5.953934534030558e-07
50300.000000000095 4.4512139541209183e-07
50350.000000000095 5.65756501341716e-07
50400.000000000095 5.015980620982615e-07
50450.000000000095 4.866228144267918e-07
50500.000000000095 5.775702720981814e-07
50550.000000000095 4.986308746431854e-07
50600.000000000095 5.489495296952065e-07
50650.000000000095 5.1426820007264e-07
50700.000000000095 6.635004604851819e-07
50750.000000000095 6.707826699347385e-07
50800.000000000095 4.124569762888989e-07
50850.000000000095 4.964002423187447e-07
50900.000000000095 6.143217968732344e-07
50950.000000000095 6.369444844457334e-07
51000.000000000095 6.295410629710871e-07
51050.000000000095 5.376485598388902e-07
51100.000000000095 4.343085416791909e-07
51150.000000000095 5.005550511148114e-07
51200.000000000095 6.300464842098945e-07
51250.000000000095 5.974131306386332e-07
51300.000000000095 4.250059781551009e-07
51350.000000000095 5.433177364054369e-07
51400.000000000095 4.7288448306253564e-07
51450.000000000095 4.2011417964381713e-07
51500.000000000095 4.12183359760901e-07
51550.000000000095 6.305852938824926e-07
51600.000000000095 4.3624790801647033e-07
51650.000000000095 5.653148390140123e-07
51700.000000000095 5.623723474714685e-07
51750.000000000095 4.236687695606537e-07
51800.000000000095 6.985610744909414e-07
51850.000000000095 5.54975916896667e-07
51900.000000000095 6.979167731180628e-07
51950.000000000095 6.154780532322029e-07
52000.000000000095 3.429012731944192e-07
52050.000000000095 4.7508525126724523e-07
52100.000000000095 4.748917030438234e-07
52150.000000000095 4.2090066575764047e-07
52200.000000000095 3.939454540419027e-07
52250.000000000095 4.3170944959427133e-07
52300.000000000095 6.449194042890854e-07
52350.000000000095 5.756248458966999e-07
52400.000000000095 4.2139870309945184e-07
52450.000000000095 5.811055537969021e-07
52500.000000000095 5.264503889411169e-07
52550.000000000095 5.771955655884856e-07
52600.000000000095 4.746924288521303e-07
52650.000000000095 5.494605894531915e-07
52700.000000000095 4.593247789934101e-07
52750.000000000095 4.306272797720942e-07
52800.000000000095 4.271914022566154e-07
52850.000000000095 4.881645076952093e-07
52900.000000000095 4.2150142437923204e-07
52950.000000000095 4.0126228123406426e-07
53000.000000000095 6.552647312045643e-07
53050.000000000095 3.687503145396043e-07
53100.000000000095 5.657961790423428e-07
53150.000000000095 6.654495714962388e-07
53200.000000000095 3.800581562373792e-07
53250.000000000095 6.161419634809166e-07
53300.000000000095 6.229436859058615e-07
53350.000000000095 5.922687176168573e-07
53400.000000000095 6.389133889893619e-07
53450.000000000095 4.1313560882097113e-07
53500.000000000095 3.170906585002516e-07
53550.000000000095 4.3346084042303906e-07
53600.000000000095 5.006093681794624e-07
53650.000000000095 4.3885312149408965e-07
53700.000000000095 4.1847070948779885e-07
53750.000000000095 4.4061745516218676e-07
53800.000000000095 4.310382448111907e-07
53850.000000000095 5.341708230327915e-07
53900.000000000095 4.442628979194976e-07
53950.000000000095 5.995150406469223e-07
54000.000000000095 4.57782854267455e-07
54050.000000000095 4.5341496670157134e-07
54100.000000000095 3.129164556817874e-07
54150.000000000095 4.1234749236024144e-07
54200.000000000095 2.6699564637003246e-07
54250.000000000095 2.8784895468542413e-07
54300.000000000095 3.8655103372781514e-07
54350.000000000095 4.812273451146431e-07
54400.000000000095 5.165954373695494e-07
54450.000000000095 4.3743846352637885e-07
54500.000000000095 3.8745715140460005e-07
54550.000000000095 3.5643745619556955e-07
54600.000000000095 4.35166809421432e-07
54650.000000000095 3.328779069512997e-07
54700.000000000095 5.042196706363247e-07
54750.000000000095 4.853391639974935e-07
54800.000000000095 3.959195593252303e-07
54850.000000000095 4.184042940606411e-07
54900.000000000095 5.173511354015359e-07
54950.000000000095 6.180278638376624e-07
55000.000000000095 3.64299871815509e-07
55050.000000000095 4.700890938745057e-07
55100.000000000095 3.9078829408383236e-07
55150.000000000095 3.815010832590912e-07
55200.000000000095 3.841002092116307e-07
55250.000000000095 3.985754590641599e-07
55300.000000000095 3.380067649883243e-07
55350.000000000095 4.14975335621353e-07
55400.000000000095 5.27815375118601e-07
55450.000000000095 4.414462638470944e-07
55500.000000000095 2.883048652332294e-07
55550.000000000095 3.5874586321383244e-07
55600.000000000095 3.4067798565027577e-07
55650.000000000095 2.7899873525945706e-07
55700.000000000095 3.7412761486079263e-07
55750.000000000095 4.179935360730387e-07
55800.000000000095 3.5831087040214474e-07
55850.000000000095 3.015441065261876e-07
55900.000000000095 4.422553797447337e-07
55950.000000000095 5.498261136359084e-07
56000.000000000095 3.149238653304273e-07
56050.000000000095 4.259804251147825e-07
56100.000000000095 4.491140754208477e-07
56150.000000000095 3.5693773471612073e-07
56200.000000000095 3.944874741247717e-07
56250.000000000095 3.59251070124571e-07
56300.000000000095 4.149790575222719e-07
56350.000000000095 4.543794674889014e-07
56400.000000000095 3.5937423744973313e-07
56450.000000000095 3.2531591859412174e-07
56500.000000000095 3.226645142977319e-07
56550.000000000095 2.717755186732867e-07
56600.000000000095 4.198144239277428e-07
56650.000000000095 3.8610900450363943e-07
56700.000000000095 4.5464338887988476e-07
56750.000000000095 2.890869928370216e-07
56800.000000000095 4.5496170052916543e-07
56850.000000000095 3.6827096887662756e-07
56900.000000000095 3.358158357596066e-07
56950.000000000095 4.522414898002806e-07
57000.000000000095 4.698893985662897e-07
57050.000000000095 3.877796449969184e-07
57100.000000000095 2.4224712605236405e-07
57150.000000000095 3.335929262783512e-07
57200.000000000095 2.5487808176641287e-07
57250.000000000095 3.588709009953873e-07
57300.000000000095 4.1441826971605015e-07
57350.000000000095 2.6697748635156416e-07
57400.000000000095 3.920439593491931e-07
57450.000000000095 3.987106988850013e-07
57500.000000000095 3.7958627991251445e-07
57550.000000000095 4.420030824312676e-07
57600.000000000095 4.749934755489704e-07
57650.000000000095 2.500382341312088e-07
57700.000000000095 2.968493666127013e-07
57750.000000000095 3.503886570381933e-07
57800.000000000095 1.746728255194787e-07
57850.000000000095 4.741618313508269e-07
57900.000000000095 5.374500412239862e-07
57950.000000000095 4.7067089761881373e-07
58000.000000000095 3.213501100519422e-07
58050.000000000095 3.9805471801560013e-07
58100.000000000095 4.720242352032742e-07
58150.000000000095 3.9512548396811683e-07
58200.000000000095 2.675262711510273e-07
58250.000000000095 3.292694821002474e-07
58300.000000000095 2.554135640131694e-07
58350.000000000095 3.058214445481177e-07
58400.000000000095 3.6087226619154304e-07
58450.000000000095 3.723818382423123e-07
58500.000000000095 3.4626517173944806e-07
58550.000000000095 3.861927516362949e-07
58600.000000000095 2.7664662909967516e-07
58650.000000000095 3.4215677651037366e-07
58700.000000000095 3.2459675305624967e-07
58750.000000000095 3.5882396176235067e-07
58800.000000000095 2.4150748781779256e-07
58850.000000000095 3.4137992378382157e-07
58900.000000000095 4.083337249900318e-07
58950.000000000095 2.9484675049627945e-07
59000.000000000095 3.850686850364599e-07
59050.000000000095 3.9158083154257094e-07
59100.000000000095 4.654991233822997e-07
59150.000000000095 3.712707816572117e-07
59200.000000000095 3.831612234777779e-07
59250.000000000095 4.088996806275362e-07
59300.000000000095 3.8440936823034285e-07
59350.000000000095 2.6939919850788494e-07
59400.000000000095 2.2009631230332743e-07
59450.000000000095 3.4288703130921155e-07
59500.000000000095 2.443921592588917e-07
59550.000000000095 4.2260317593249684e-07
59600.000000000095 3.8181035278234224e-07
59650.000000000095 4.002355382562834e-07
59700.000000000095 2.728333105102222e-07
59750.000000000095 4.806540766192607e-07
59800.000000000095 3.5796338784918305e-07
59850.000000000095 4.1241607565073675e-07
59900.000000000095 2.6216019796839703e-07
59950.000000000095 3.7030540039068026e-07
60000.000000000095 5.119534841872361e-07
60050.000000000095 4.354997724919638e-07
60100.000000000095 4.832145109624426e-07
60150.000000000095 3.798003808025113e-07
60200.000000000095 3.906606069352298e-07
60250.000000000095 4.4074993080898813e-07
60300.000000000095 4.144134055335873e-07
60350.000000000095 3.479963282696287e-07
60400.000000000095 4.0267484553440494e-07
60450.000000000095 2.8157970888392537e-07
60500.000000000095 2.0326008643896165e-07
60550.000000000095 4.285409387149316e-07
60600.000000000095 4.0985246412119943e-07
60650.000000000095 3.7647172591864846e-07
60700.000000000095 3.524061623299214e-07
60750.000000000095 3.1511806166776545e-07
60800.000000000095 4.201918663022957e-07
60850.000000000095 5.351379837889339e-07
60900.000000000095 4.772700069909648e-07
60950.000000000095 4.700917639304794e-07
61000.000000000095 3.6678620005642033e-07
61050.000000000095 3.2485924360817894e-07
61100.000000000095 4.2532686201094034e-07
61150.000000000095 2.0560690423691265e-07
61200.000000000095 4.906541877818253e-07
61250.000000000095 5.641862185986716e-07
61300.000000000095 5.004037656943058e-07
61350.000000000095 5.471948708017665e-07
61400.000000000095 4.634990774030217e-07
61450.000000000095 3.7234246542565794e-07
61500.000000000095 3.58210192429106e-07
61550.000000000095 3.293765939682894e-07
61600.000000000095 2.501328182801897e-07
61650.000000000095 3.8138072354375377e-07
61700.000000000095 3.1538201795246586e-07
61750.000000000095 3.9158773496401663e-07
61800.000000000095 4.0808874047232884e-07
61850.000000000095 3.363506898940494e-07
61900.000000000095 4.7036719605363565e-07
61950.000000000095 4.53535122329795e-07
62000.000000000095 4.491897701520511e-07
62050.000000000095 4.221576930157828e-07
62100.000000000095 4.829229498470307e-07
62150.000000000095 4.607740026972886e-07
62200.000000000095 4.0014655759778535e-07
62250.000000000095 4.602725559737686e-07
62300.000000000095 5.310774804204712e-07
62350.000000000095 4.3037749606408327e-07
62400.000000000095 3.058327867915094e-07
62450.000000000095 4.214947492604642e-07
62500.000000000095 4.983290367907618e-07
62550.000000000095 4.6487887237848095e-07
62600.000000000095 5.094044746641046e-07
62650.000000000095 4.2294230713766695e-07
62700.000000000095 4.74017780378233e-07
62750.000000000095 5.591501994433525e-07
62800.000000000095 4.1135440793618485e-07
62850.000000000095 5.01867868744286e-07
62900.000000000095 4.2239061640083735e-07
62950.000000000095 4.6385228865025476e-07
63000.000000000095 4.601260399533032e-07
63050.000000000095 5.532007260189569e-07
63100.000000000095 5.010078980034252e-07
63150.000000000095 4.0362607606843664e-07
63200.000000000095 5.118967801359449e-07
63250.000000000095 4.174778687075481e-07
63300.000000000095 5.349787854111153e-07
63350.000000000095 4.683327925565431e-07
63400.000000000095 3.4453301277247276e-07
63450.000000000095 3.2150047490844695e-07
63500.000000000095 4.6629617952419624e-07
63550.000000000095 4.1914175370710404e-07
63600.000000000095 4.997354895793437e-07
63650.000000000095 3.7654320684619533e-07
63700.000000000095 3.4435386293561636e-07
63750.000000000095 4.146827720982261e-07
63800.000000000095 3.9586201964138787e-07
63850.000000000095 4.112611785052752e-07
63900.000000000095 3.537407559641915e-07
63950.000000000095 4.4030047430971634e-07
64000.000000000095 4.6743106209105015e-07
64050.000000000095 3.950241365274792e-07
64100.000000000095 1.9932830891721527e-07
64150.000000000095 2.519565032957997e-07
64200.000000000095 2.848375812355309e-07
64250.000000000095 3.9172544187556357e-07
64300.000000000095 3.246695620977357e-07
64350.000000000095 2.923305756107443e-07
64400.000000000095 3.8823796814285505e-07
64450.000000000095 3.856616380159365e-07
64500.000000000095 2.845215867511483e-07
64550.000000000095 3.693938704346874e-07
64600.000000000095 2.503783704732088e-07
64650.000000000095 3.3594089745981634e-07
64700.000000000095 2.3218897311161138e-07
64750.000000000095 2.6336319299332637e-07
64800.000000000095 2.71110702380949e-07
64850.000000000095 2.599813859133531e-07
64900.000000000095 3.02316022289092e-07
64950.000000000095 2.8300065115532007e-07
65000.000000000095 3.1421295500136693e-07
65050.000000000095 2.8597754394236233e-07
65100.000000000095 3.461030453766581e-07
65150.000000000095 2.8107905777247625e-07
65200.000000000095 2.6131218263865467e-07
65250.000000000095 3.361714456486334e-07
65300.000000000095 2.873657343996283e-07
65350.000000000095 4.4312144865660387e-07
65400.000000000095 2.956914376858422e-07
65450.000000000095 3.074856220925581e-07
65500.000000000095 3.328066292696248e-07
65550.00000000009 2.5837931449851665e-07
65600.00000000009 2.807484445744008e-07
65650.00000000009 3.163846002045861e-07
65700.00000000009 2.710493618066807e-07
65750.00000000009 2.6311941719598695e-07
65800.00000000009 3.2782738037347505e-07
65850.00000000009 3.4113068947843666e-07
65900.00000000009 2.588061051277504e-07
65950.00000000009 1.9965894937056813e-07
66000.00000000009 2.8577808263037366e-07
66050.00000000009 4.205637278278777e-07
66100.00000000009 3.043453921811224e-07
66150.00000000009 2.387933943143873e-07
66200.00000000009 2.4144178320708233e-07
66250.00000000009 2.270284458793078e-07
66300.00000000009 1.4876517104036857e-07
66350.00000000009 2.108787000276552e-07
66400.00000000009 2.3746538287847976e-07
66450.00000000009 3.26747244015302e-07
66500.00000000009 4.206700690819772e-07
66550.00000000009 3.9296384308943044e-07
66600.00000000009 3.144558563132744e-07
66650.00000000009 3.20843230192657e-07
66700.00000000009 2.882211563488321e-07
66750.00000000009 2.662059788456019e-07
66800.00000000009 3.226042751347406e-07
66850.00000000009 2.6559354156098396e-07
66900.00000000009 3.246597747873116e-07
66950.00000000009 3.939510336148182e-07
67000.00000000009 3.876081789075897e-07
67050.00000000009 3.095042282465072e-07
67100.00000000009 2.8678673347950207e-07
67150.00000000009 2.82820781506481e-07
67200.00000000009 2.8785711898144205e-07
67250.00000000009 3.127791073553613e-07
67300.00000000009 3.0167783826360537e-07
67350.00000000009 2.6681681757804964e-07
67400.00000000009 3.751752567254344e-07
67450.00000000009 3.204675969885196e-07
67500.00000000009 2.9794297036336555e-07
67550.00000000009 3.222994529289497e-07
67600.00000000009 4.5786757439263275e-07
67650.00000000009 3.656494291755482e-07
67700.00000000009 3.261945747722897e-07
67750.00000000009 3.0821842983402057e-07
67800.00000000009 3.655765781279196e-07
67850.00000000009 2.666037795028176e-07
67900.00000000009 3.2256519825996284e-07
67950.00000000009 2.2588927776506283e-07
68000.00000000009 2.7473521470635236e-07
68050.00000000009 3.783364625123514e-07
