galfind/configs/Brown_Dwarf_templates/sonora_cholla/logkzz2/562g/1300K_562g_logkzz2_resample.dat
# %ECSV 1.0
# ---
# datatype:
# - {name: wav, unit: Angstrom, datatype: float64}
# - {name: flux_nu, unit: erg / (cm2 Hz s), datatype: float64}
# schema: astropy-2.0
wav flux_nu
[from data line 388]
29400.000000000095 3.1483194690428585e-07
29450.000000000095 2.9492966547196555e-07
29500.000000000095 3.184916882014178e-07
29550.000000000095 2.9135049438633153e-07
29600.000000000095 3.9289190261607754e-07
29650.000000000095 3.044049214323021e-07
29700.000000000095 3.1205999592435804e-07
29750.000000000095 3.609017822215729e-07
29800.000000000095 4.098084719452981e-07
29850.000000000095 3.888990479074214e-07
29900.000000000095 3.577034241964688e-07
29950.000000000095 3.525357434943956e-07
30000.000000000095 3.894301201359105e-07
30050.000000000095 3.1241543728366785e-07
30100.000000000095 3.3150437388806455e-07
30150.000000000095 4.333984773767561e-07
30200.000000000095 3.4308097897616653e-07
30250.000000000095 4.1166250371882466e-07
30300.000000000095 3.691668827365613e-07
30350.000000000095 3.412334090341184e-07
30400.000000000095 3.679054570268793e-07
30450.000000000095 3.26250525724806e-07
30500.000000000095 3.079334752813743e-07
30550.000000000095 3.306829103569248e-07
30600.000000000095 3.401984213293042e-07
30650.000000000095 3.185135861730699e-07
30700.000000000095 2.868124031915314e-07
30750.000000000095 2.6142802726719784e-07
30800.000000000095 2.733568991024609e-07
30850.000000000095 2.4871454996075675e-07
30900.000000000095 2.5040578004953387e-07
30950.000000000095 1.9259980991609775e-07
31000.000000000095 2.1814635824849877e-07
31050.000000000095 2.3210271785077686e-07
31100.000000000095 1.663996610721031e-07
31150.000000000095 1.9633318162296177e-07
31200.000000000095 1.9686001130539002e-07
31250.000000000095 1.773112875253073e-07
31300.000000000095 1.7028139909871667e-07
31350.000000000095 1.6239089424052485e-07
31400.000000000095 1.2835393604273955e-07
31450.000000000095 1.6780705805926514e-07
31500.000000000095 1.4122983755270032e-07
31550.000000000095 1.5990966985646145e-07
31600.000000000095 1.2636938905301237e-07
31650.000000000095 1.34673306278044e-07
31700.000000000095 1.3693933678404372e-07
31750.000000000095 1.1621002102855824e-07
31800.000000000095 1.2602185973280458e-07
31850.000000000095 1.2217999364360054e-07
31900.000000000095 1.1609708087211102e-07
31950.000000000095 1.247864136961687e-07
32000.000000000095 1.2207634799107442e-07
32050.000000000095 1.0310055981144309e-07
32100.000000000095 9.87207280680648e-08
32150.000000000095 1.2584885345734665e-07
32200.000000000095 1.0377716263662533e-07
32250.000000000095 1.2551406791877804e-07
32300.000000000095 9.94495057897352e-08
32350.000000000095 1.5150788536558928e-07
32400.000000000095 1.1950436216511615e-07
32450.000000000095 1.5390680462776723e-07
32500.000000000095 1.240998114724776e-07
32550.000000000095 1.4348236572164636e-07
32600.000000000095 1.626690924864705e-07
32650.000000000095 1.8150339137140785e-07
32700.000000000095 1.548680347149839e-07
32750.000000000095 1.978205225546784e-07
32800.000000000095 1.6106779306331128e-07
32850.000000000095 1.9740121163929841e-07
32900.000000000095 2.1222087217666616e-07
32950.000000000095 2.201787502128522e-07
33000.000000000095 2.03573815597736e-07
33050.000000000095 1.889105008530586e-07
33100.000000000095 1.2789880826341758e-07
33150.000000000095 6.560035145566396e-08
33200.000000000095 6.457148562561261e-08
33250.000000000095 3.990124496732301e-08
33300.000000000095 4.213884117380743e-08
33350.000000000095 5.677437748346257e-08
33400.000000000095 7.06439989601372e-08
33450.000000000095 8.44110720176972e-08
33500.000000000095 1.0071239342302652e-07
33550.000000000095 1.0558583003256277e-07
33600.000000000095 1.4149884003521536e-07
33650.000000000095 1.5374442885707057e-07
33700.000000000095 1.450253105343659e-07
33750.000000000095 1.8067443281462282e-07
33800.000000000095 1.5183883498717253e-07
33850.000000000095 1.878946554219652e-07
33900.000000000095 1.6544966454409115e-07
33950.000000000095 1.79233646362777e-07
34000.000000000095 1.8478498234855026e-07
34050.000000000095 1.1464173225794842e-07
34100.000000000095 1.8373440922771753e-07
34150.000000000095 1.4489497716564761e-07
34200.000000000095 1.6862471520190035e-07
34250.000000000095 1.5270794111712217e-07
34300.000000000095 1.2772225438500343e-07
34350.000000000095 1.591702811986266e-07
34400.000000000095 1.4315511881790088e-07
34450.000000000095 1.770587516197289e-07
34500.000000000095 1.6757707575018884e-07
34550.000000000095 1.2479327186648636e-07
34600.000000000095 1.8424778485405698e-07
34650.000000000095 1.3961219795552674e-07
34700.000000000095 1.470663903085114e-07
34750.000000000095 1.5311226331585187e-07
34800.000000000095 1.1151707808974972e-07
34850.000000000095 1.5339423342381116e-07
34900.000000000095 1.782777252820759e-07
34950.000000000095 1.49466589642709e-07
35000.000000000095 1.9712712246938374e-07
35050.000000000095 1.5922688967864179e-07
35100.000000000095 1.8903171330112028e-07
35150.000000000095 1.7575601358377352e-07
35200.000000000095 2.2242292607849942e-07
35250.000000000095 2.3449889225891303e-07
35300.000000000095 1.6325961812897843e-07
35350.000000000095 2.1744257445837136e-07
35400.000000000095 2.1332657155664956e-07
35450.000000000095 1.9366124146484012e-07
35500.000000000095 2.5589485842358216e-07
35550.000000000095 2.393356784193491e-07
35600.000000000095 2.4556544770539516e-07
35650.000000000095 2.51854205385024e-07
35700.000000000095 1.9019309557884041e-07
35750.000000000095 2.6422674754472883e-07
35800.000000000095 2.7207490175215813e-07
35850.000000000095 2.2267478831237233e-07
35900.000000000095 2.9671573678426073e-07
35950.000000000095 2.751253532402534e-07
36000.000000000095 2.4642146910528137e-07
36050.000000000095 3.0669267590272607e-07
36100.000000000095 2.8416505288069264e-07
36150.000000000095 3.059376739950878e-07
36200.000000000095 3.157121833471351e-07
36250.000000000095 3.2027110397509816e-07
36300.000000000095 3.509009314234487e-07
36350.000000000095 3.5816804288235097e-07
36400.000000000095 3.949473620826201e-07
36450.000000000095 3.8655471931366905e-07
36500.000000000095 4.0280210268833654e-07
36550.000000000095 3.9748701716184124e-07
36600.000000000095 4.469126319259707e-07
36650.000000000095 4.491182280602592e-07
36700.000000000095 4.811797664386413e-07
36750.000000000095 5.11051219140514e-07
36800.000000000095 4.996503931546173e-07
36850.000000000095 4.960620096444994e-07
36900.000000000095 4.785157704641134e-07
36950.000000000095 5.434658800835202e-07
37000.000000000095 5.2129342187263e-07
37050.000000000095 5.48819487281722e-07
37100.000000000095 5.739478358316941e-07
37150.000000000095 5.887121493823019e-07
37200.000000000095 6.054628560012701e-07
37250.000000000095 5.611443873128169e-07
37300.000000000095 5.91923578413583e-07
37350.000000000095 6.075184063439331e-07
37400.000000000095 6.918912072819666e-07
37450.000000000095 6.66395249505884e-07
37500.000000000095 6.249627211242945e-07
37550.000000000095 7.48609496977131e-07
37600.000000000095 7.855049465636862e-07
37650.000000000095 6.917818550160358e-07
37700.000000000095 7.461029221872348e-07
37750.000000000095 6.573818633512906e-07
37800.000000000095 7.441766890132066e-07
37850.000000000095 6.586858522020758e-07
37900.000000000095 7.535239465053401e-07
37950.000000000095 8.037284469696081e-07
38000.000000000095 8.531541804590575e-07
38050.000000000095 7.979131197051607e-07
38100.000000000095 8.447169384254753e-07
38150.000000000095 8.502826388956516e-07
38200.000000000095 9.265063228712734e-07
38250.000000000095 8.712273723812715e-07
38300.000000000095 9.546242044151144e-07
38350.000000000095 9.9972464242965e-07
38400.000000000095 8.194508881145125e-07
38450.000000000095 9.695036971364284e-07
38500.000000000095 9.07508781731929e-07
38550.000000000095 9.769501570883356e-07
38600.000000000095 1.0008806621329399e-06
38650.000000000095 1.0855092370618944e-06
38700.000000000095 1.0723737466161607e-06
38750.000000000095 1.0591388906731898e-06
38800.000000000095 1.0000927123590054e-06
38850.000000000095 1.134332091100149e-06
38900.000000000095 1.0934106910013755e-06
38950.000000000095 1.0940679584918164e-06
39000.000000000095 1.2055063023882462e-06
39050.000000000095 1.1483139547609643e-06
39100.000000000095 1.0523370970629465e-06
39150.000000000095 1.1584120193492767e-06
39200.000000000095 1.1135448154219017e-06
39250.000000000095 1.2022200788205482e-06
39300.000000000095 1.206141321609192e-06
39350.000000000095 1.2955699144814602e-06
39400.000000000095 1.3083722552915228e-06
39450.000000000095 1.3025329247777349e-06
39500.000000000095 1.1382704823803807e-06
39550.000000000095 1.2348588065812225e-06
39600.000000000095 1.2782319103688903e-06
39650.000000000095 1.3212546377234689e-06
39700.000000000095 1.2679903123425905e-06
39750.000000000095 1.1948326879316427e-06
39800.000000000095 1.2846151870656405e-06
39850.000000000095 1.3413450290787255e-06
39900.000000000095 1.2955102562773684e-06
39950.000000000095 1.3281807402717827e-06
40000.000000000095 1.2931169935429586e-06
40050.000000000095 1.356856825410506e-06
40100.000000000095 1.3461404554601848e-06
40150.000000000095 1.4363031101750717e-06
40200.000000000095 1.4644605732519581e-06
40250.000000000095 1.2367074854892057e-06
40300.000000000095 1.3510982290280473e-06
40350.000000000095 1.3111918831283788e-06
40400.000000000095 1.395901617098517e-06
40450.000000000095 1.3859631041025083e-06
40500.000000000095 1.2511755140987487e-06
40550.000000000095 1.4355939166172738e-06
40600.000000000095 1.2278962447520302e-06
40650.000000000095 1.4460927677279544e-06
40700.000000000095 1.567857600733631e-06
40750.000000000095 1.3225404173374452e-06
40800.000000000095 1.210226401890351e-06
40850.000000000095 1.3326830883622506e-06
40900.000000000095 1.2688876337868305e-06
40950.000000000095 1.2988156100093795e-06
41000.000000000095 1.3369514508504231e-06
41050.000000000095 1.3987572624325997e-06
41100.000000000095 1.21862019909441e-06
41150.000000000095 1.2243382979367174e-06
41200.000000000095 1.3185188161642878e-06
41250.000000000095 1.363313899443992e-06
41300.000000000095 1.0717852068383775e-06
41350.000000000095 1.375211466738674e-06
41400.000000000095 1.2920810689757777e-06
41450.000000000095 1.3127242347459846e-06
41500.000000000095 1.2855746897200805e-06
41550.000000000095 1.2114309210146628e-06
41600.000000000095 1.23993368832417e-06
41650.000000000095 1.2030997693800784e-06
41700.000000000095 1.1392455018596972e-06
41750.000000000095 1.0550944326966003e-06
41800.000000000095 1.3388292431840138e-06
41850.000000000095 8.349495438232019e-07
41900.000000000095 1.108934820931678e-06
41950.000000000095 1.1353211549849859e-06
42000.000000000095 1.137404933506861e-06
42050.000000000095 9.728835499341327e-07
42100.000000000095 1.0752254086236184e-06
42150.000000000095 8.489762722383622e-07
42200.000000000095 9.456551036767353e-07
42250.000000000095 9.298800517304277e-07
42300.000000000095 9.297526901143995e-07
42350.000000000095 9.829759181370474e-07
42400.000000000095 8.563351832308579e-07
42450.000000000095 8.031774607931719e-07
42500.000000000095 7.949740279654914e-07
42550.000000000095 8.190717383513274e-07
42600.000000000095 9.134528410771984e-07
42650.000000000095 1.0320066612517703e-06
42700.000000000095 8.915097198053369e-07
42750.000000000095 8.41940224110269e-07
42800.000000000095 7.922793352489647e-07
42850.000000000095 9.031778703369361e-07
42900.000000000095 9.270020030642221e-07
42950.000000000095 7.344063344797236e-07
43000.000000000095 9.410900298171043e-07
43050.000000000095 6.802213382737408e-07
43100.000000000095 8.5722731415573e-07
43150.000000000095 9.135163413160083e-07
43200.000000000095 8.666349656786738e-07
43250.000000000095 8.548225179396375e-07
43300.000000000095 9.594230569241276e-07
43350.000000000095 7.820339387766197e-07
43400.000000000095 8.918741811099039e-07
43450.000000000095 7.265559331111043e-07
43500.000000000095 7.292320729601406e-07
43550.000000000095 6.856287418903151e-07
43600.000000000095 8.431589333963287e-07
43650.000000000095 6.223776676119428e-07
43700.000000000095 8.458040227374918e-07
43750.000000000095 8.437305882364077e-07
43800.000000000095 6.963987195565271e-07
43850.000000000095 7.526399792476799e-07
43900.000000000095 6.284426369896022e-07
43950.000000000095 6.747465182208834e-07
44000.000000000095 4.866485527029807e-07
44050.000000000095 6.515902220053279e-07
44100.000000000095 6.740310517035743e-07
44150.000000000095 6.86769818946228e-07
44200.000000000095 5.904462014917842e-07
44250.000000000095 5.864554894525707e-07
44300.000000000095 5.653283110354536e-07
44350.000000000095 4.5741889977360425e-07
44400.000000000095 5.230559888464416e-07
44450.000000000095 5.324434903418158e-07
44500.000000000095 4.349115167014981e-07
44550.000000000095 4.90664150348585e-07
44600.000000000095 4.377855977687175e-07
44650.000000000095 5.015546689971101e-07
44700.000000000095 4.675459088201992e-07
44750.000000000095 4.959660427648634e-07
44800.000000000095 4.6864678184290745e-07
44850.000000000095 4.5158064081474724e-07
44900.000000000095 3.860131955161199e-07
44950.000000000095 4.005148812085243e-07
45000.000000000095 4.165389564886205e-07
45050.000000000095 4.2672187116614775e-07
45100.000000000095 3.8993788729681953e-07
45150.000000000095 3.80590747327654e-07
45200.000000000095 3.1982866898936996e-07
45250.000000000095 3.4536975233462267e-07
45300.000000000095 3.8497991527530207e-07
45350.000000000095 3.911200578944646e-07
45400.000000000095 3.211428761491359e-07
45450.000000000095 3.2812470820597717e-07
45500.000000000095 3.287774402853987e-07
45550.000000000095 3.692190758063516e-07
45600.000000000095 3.260443653089109e-07
45650.000000000095 3.20895081991135e-07
45700.000000000095 3.8443029597551463e-07
45750.000000000095 3.4822919205040224e-07
45800.000000000095 3.2062060366571616e-07
45850.000000000095 4.3852599294058754e-07
45900.000000000095 4.2687306402105137e-07
45950.000000000095 3.3748179379658453e-07
46000.000000000095 4.1621743106867383e-07
46050.000000000095 4.274789153580988e-07
46100.000000000095 3.3467790316308263e-07
46150.000000000095 3.995758006376236e-07
46200.000000000095 3.8406090276988244e-07
46250.000000000095 2.6432535714073074e-07
46300.000000000095 4.588122814763446e-07
46350.000000000095 3.3213115399205256e-07
46400.000000000095 3.9654930387551597e-07
46450.000000000095 4.697989697092598e-07
46500.000000000095 3.9086613226097774e-07
46550.000000000095 4.5855664759815906e-07
46600.000000000095 4.5950737089391183e-07
46650.000000000095 6.455774466880267e-07
46700.000000000095 5.114736092065427e-07
46750.000000000095 4.307373245809275e-07
46800.000000000095 3.7433588932303377e-07
46850.000000000095 5.040226533094776e-07
46900.000000000095 4.4126362793283775e-07
46950.000000000095 5.535951469947409e-07
47000.000000000095 3.862595148790187e-07
47050.000000000095 5.744633175317388e-07
47100.000000000095 3.4643776793304175e-07
47150.000000000095 4.161206527425625e-07
47200.000000000095 4.813970107867843e-07
47250.000000000095 3.822866086601869e-07
47300.000000000095 4.146631049369792e-07
47350.000000000095 3.443867782451852e-07
47400.000000000095 5.040043851155612e-07
47450.000000000095 3.6567202661063284e-07
47500.000000000095 5.304819282176716e-07
47550.000000000095 3.6767331989663655e-07
47600.000000000095 4.945151893977623e-07
47650.000000000095 3.5684952406683804e-07
47700.000000000095 4.731293668052123e-07
47750.000000000095 3.0193821716458846e-07
47800.000000000095 4.3889761285237334e-07
47850.000000000095 2.6800615762237706e-07
47900.000000000095 4.273942418923486e-07
47950.000000000095 3.518273147435891e-07
48000.000000000095 5.504479547609345e-07
48050.000000000095 3.875055202829752e-07
48100.000000000095 4.7006164951274966e-07
48150.000000000095 3.6429025963689326e-07
48200.000000000095 4.914914635773604e-07
48250.000000000095 3.9057725699831827e-07
48300.000000000095 5.846649199670434e-07
48350.000000000095 3.4740519447691115e-07
48400.000000000095 4.5871685444122083e-07
48450.000000000095 3.307638698711536e-07
48500.000000000095 5.774089269546585e-07
48550.000000000095 3.291725918177937e-07
48600.000000000095 5.027345576724533e-07
