galfind/configs/Brown_Dwarf_templates/sonora_cholla/logkzz2/562g/500K_562g_logkzz2_resample.dat
# %ECSV 1.0
# ---
# datatype:
# - {name: wav, unit: Angstrom, datatype: float64}
# - {name: flux_nu, unit: erg / (cm2 Hz s), datatype: float64}
# schema: astropy-2.0
wav flux_nu
[from data line 1209]
63450.04800076804 1.6703315120577987e-10
63500.04800076804 2.022723918173978e-09
63550.04800076804 3.566118559170457e-09
63600.04800076804 2.3409553664837975e-09
63650.04800076804 1.898937784726417e-09
63700.04800076804 2.52141316080836e-10
63750.04800076804 1.1112085311319578e-09
63800.04800076804 3.70667109483033e-09
63850.04800076804 2.862296376538609e-09
63900.04800076804 4.419902377461258e-10
63950.04800076804 1.4881498492906536e-09
64000.04800076804 2.5712502287782176e-09
64050.04800076804 5.971055790690866e-10
64100.04800076804 8.907465237668889e-11
64150.04800076804 1.347411915994249e-10
64200.04800076804 1.7798068451737241e-10
64250.04800076804 1.235751794966125e-09
64300.04800076804 1.1550445806169813e-09
64350.04800076804 6.414375939950014e-10
64400.04800076804 2.1269714821023785e-09
64450.04800076804 2.6837989950297937e-09
64500.04800076804 1.1053397328544074e-09
64550.04800076804 2.4507774070758288e-09
64600.04800076804 1.7170924951630346e-09
64650.04800076804 2.337728542835899e-09
64700.04800076804 5.191295007784532e-10
64750.04800076804 9.911199201283977e-10
64800.04800076804 3.1006657869212784e-10
64850.04800076804 1.9955033215507389e-10
64900.04800076804 1.591424432499e-10
64950.04800076804 9.309865406003343e-11
65000.04800076804 3.2225129261379613e-10
65050.04800076804 1.1995794669945255e-09
65100.04800076804 1.6465677195719917e-09
65150.04800076804 7.626239394968129e-10
65200.04800076804 1.2650836553420031e-10
65250.04800076804 7.180282605059195e-10
65300.04800076804 1.4316736020838168e-09
65350.04800076804 3.5362007760818237e-09
65400.04800076804 1.2335837386245282e-09
65450.04800076804 1.26368745956988e-09
65500.04800076804 1.521886701356377e-09
65550.04800076805 4.492671124221169e-10
65600.04800076805 1.2962623148968658e-09
65650.04800076805 6.11481587284049e-10
65700.04800076805 5.306325512661623e-10
65750.04800076805 3.735795581913822e-10
65800.04800076805 1.2482229131807303e-09
65850.04800076805 2.0433976006217593e-09
65900.04800076805 2.548484478506853e-10
65950.04800076805 8.215260840581529e-10
66000.04800076805 1.0736234718994617e-09
66050.04800076805 2.5931326037843647e-09
66100.04800076805 1.4573320496400499e-09
66150.04800076805 1.5136411307268362e-09
66200.04800076805 1.5829557099084135e-09
66250.04800076805 5.620006661419337e-10
66300.04800076805 1.7730015220059113e-10
66350.04800076805 8.0605417743668e-11
66400.04800076805 2.0079966680950324e-10
66450.04800076805 1.227568883357838e-09
66500.04800076805 2.31384400230448e-09
66550.04800076805 2.638187660384957e-09
66600.04800076805 2.143159197123923e-09
66650.04800076805 1.1187779554976083e-09
66700.04800076805 5.981999898084018e-10
66750.04800076805 9.714334381884507e-10
66800.04800076805 9.189132869719492e-10
66850.04800076805 5.721534669855642e-10
66900.04800076805 3.1304570864511317e-09
66950.04800076805 2.464355088422373e-09
67000.04800076805 3.900361382804018e-09
67050.04800076805 1.86530785818288e-09
67100.04800076805 7.502268435492362e-10
67150.04800076805 1.4872621222915927e-09
67200.04800076805 2.089456867264362e-09
67250.04800076805 1.8220431318705574e-09
67300.04800076805 4.141266202667912e-09
67350.04800076805 1.321850042390839e-09
67400.04800076805 3.775959793612934e-09
67450.04800076805 2.1841998331023784e-09
67500.04800076805 2.10555806933524e-09
67550.04800076805 6.523043695209399e-09
67600.04800076805 9.75273112740198e-09
67650.04800076805 6.447307961193148e-09
67700.04800076805 3.2258438065112565e-09
67750.04800076805 1.4553250886594447e-09
67800.04800076805 2.3250013699985887e-09
67850.04800076805 8.170520875024516e-10
67900.04800076805 9.571633032692885e-10
67950.04800076805 8.512514662232245e-10
68000.04800076805 2.7623229609156525e-09
68050.04800076805 2.6295112818804287e-09
68100.04800076805 5.53237035232593e-09
68150.04800076805 5.059491553232197e-09
68200.04800076805 2.997541341175468e-09
68250.04800076805 4.1996631531410175e-10
68300.04800076805 3.1906459030405045e-09
68350.04800076805 5.797572244243218e-09
68400.04800076805 7.012005209941757e-09
68450.04800076805 5.967720654504616e-09
68500.04800076805 2.650833469284802e-09
68550.04800076805 7.21311126523526e-10
68600.04800076805 6.932949812309937e-10
68650.04800076805 3.0701507865066917e-10
68700.04800076805 1.2898572235424574e-09
68750.04800076805 2.9758406963987238e-09
68800.04800076805 3.231049166977233e-09
68850.04800076805 1.5372413625190588e-09
68900.04800076805 6.436949661934816e-09
68950.04800076805 7.064867754399638e-09
69000.04800076805 3.826513256359655e-09
69050.04800076805 1.4839652695527817e-09
69100.04800076805 5.035675040018768e-09
69150.04800076805 8.860453453511626e-09
69200.04800076805 8.10685106645985e-09
69250.04800076805 9.152637058313285e-09
69300.04800076805 5.5672671670401715e-09
69350.04800076805 1.1357606338691835e-08
69400.04800076805 4.057510486973251e-09
69450.04800076805 8.862175943445496e-09
69500.04800076805 3.959798002066921e-09
69550.04800076805 2.249657821264992e-09
69600.04800076805 4.2277881300457603e-10
69650.04800076805 2.6709640776165643e-09
69700.04800076805 5.661254300647755e-09
69750.04800076805 3.273844114432887e-09
69800.04800076805 6.833438020018475e-09
69850.04800076805 6.622809936183196e-09
69900.04800076805 3.5937108591344755e-09
69950.04800076805 3.311654171449388e-09
70000.04800076805 4.561411497595063e-09
70050.04800076805 9.453661662739687e-09
70100.04800076805 7.420224367516736e-09
70150.04800076805 5.2031884817048585e-09
70200.04800076805 2.930673759556464e-09
70250.04800076805 3.485460531296413e-09
70300.04800076805 8.003319057816682e-09
70350.04800076805 6.544083526934448e-09
70400.04800076805 2.5350293632993374e-09
70450.04800076805 1.821229016776103e-10
70500.04800076805 2.358451542927685e-09
70550.04800076805 2.2457506058231226e-09
70600.04800076805 2.788621328014287e-09
70650.04800076805 6.993605423504e-09
70700.04800076805 9.069913159319714e-09
70750.04800076805 1.3959175031408808e-08
70800.04800076805 5.265324225194582e-09
70850.04800076805 6.097134003689075e-09
70900.04800076805 7.876788294445655e-09
70950.04800076805 1.0754228128064364e-08
71000.04800076805 1.0345884210687367e-08
71050.04800076805 1.0575310352211718e-08
71100.04800076805 7.74548736704864e-09
71150.04800076805 3.5111602774780737e-09
71200.04800076805 3.809859092031292e-09
71250.04800076805 8.523204073233109e-09
71300.04800076805 1.1720133647529976e-08
71350.04800076805 1.1057621399345325e-08
71400.04800076805 7.064249408597533e-09
71450.04800076805 1.9106782588358272e-09
71500.04800076805 3.097824085954448e-09
71550.04800076805 4.052663858134767e-09
71600.04800076805 4.763379437615837e-09
71650.04800076805 2.2543556587747306e-09
71700.04800076805 1.4437083516583795e-09
71750.04800076805 4.912400195404661e-09
71800.04800076805 8.302020890301111e-09
71850.04800076805 8.304938681510966e-09
71900.04800076805 3.867901056737872e-09
71950.04800076805 6.669163175321073e-09
72000.04800076805 5.583296986502945e-09
72050.04800076805 1.8751084752579394e-09
72100.04800076805 2.7168551171515037e-09
72150.04800076805 4.3140646473252235e-09
72200.04800076805 6.420013053197269e-09
72250.04800076805 1.1461180319583248e-08
72300.04800076805 5.374485853664013e-09
72350.04800076805 7.0006110008885725e-09
72400.04800076805 6.395389663167959e-09
72450.04800076805 4.725478783631759e-09
72500.04800076805 6.894076763377689e-09
72550.04800076805 1.9216325296598613e-09
72600.04800076805 4.001746144671604e-09
72650.04800076805 7.722789374862204e-09
72700.04800076805 3.2429044078304153e-09
72750.04800076805 3.525279790596509e-09
72800.04800076805 1.8383852701655082e-09
72850.04800076805 3.4216591165508944e-09
72900.04800076805 8.509286925782218e-09
72950.04800076805 4.105564146485655e-09
73000.04800076805 4.520302077601996e-09
73050.04800076805 1.613628777563038e-09
73100.04800076805 2.784843085709097e-09
73150.04800076805 7.542425486867951e-09
73200.04800076805 2.4608813037388033e-09
73250.04800076805 3.1440236883499366e-09
73300.04800076805 1.9745649699594287e-09
73350.04800076805 1.2226172061058734e-09
73400.04800076805 3.1394637328822568e-09
73450.04800076805 1.6250442211590963e-09
73500.04800076805 1.2183226429196315e-09
73550.04800076805 2.5847111995623832e-09
73600.04800076805 3.1045966826446183e-09
73650.04800076805 2.667597856811461e-09
73700.04800076805 2.3407790953891476e-09
73750.04800076805 4.816776593807554e-10
73800.04800076805 2.1818212116523963e-09
73850.04800076805 3.858123282141542e-09
73900.04800076805 1.1765055145075309e-09
73950.04800076805 1.6755783394574948e-09
74000.04800076805 4.801880610186607e-10
74050.04800076805 3.5927443423290602e-09
74100.04800076805 2.6894582248038906e-09
74150.04800076805 2.8210358596865595e-09
74200.04800076805 8.138395391828968e-10
74250.04800076805 8.502723507457304e-11
74300.04800076805 2.6759921002442307e-09
74350.04800076805 4.012902262910573e-09
74400.04800076805 3.4303794090144325e-09
74450.04800076805 8.354372298170336e-10
74500.04800076805 2.9483045656372897e-10
74550.04800076805 1.1385991243302787e-09
74600.04800076805 2.202998200004118e-09
74650.04800076805 2.445642759240434e-09
74700.04800076805 1.4798141961890964e-09
74750.04800076805 3.816197262048619e-10
74800.04800076805 6.937386906766316e-10
74850.04800076805 3.3301979293797523e-09
74900.04800076805 3.5073772496064323e-09
74950.04800076805 2.8853328210162916e-09
75000.04800076805 1.0112231595408272e-09
75050.04800076805 3.9166342648818514e-11
75100.04800076805 2.3204897283087188e-09
75150.04800076805 4.891446612288016e-09
75200.04800076805 4.806753233240219e-09
75250.04800076805 3.6398797948194356e-09
75300.04800076805 1.7672298665952762e-09
75350.04800076805 2.6916011681832597e-10
75400.04800076805 3.4848903514824095e-09
75450.04800076805 5.409689866654133e-09
75500.04800076805 4.99867118393032e-09
75550.04800076805 3.573475412094895e-09
75600.04800076805 3.3594924468185404e-09
75650.04800076805 1.4212689636613457e-09
75700.04800076805 5.929834297298944e-09
75750.04800076805 3.69485172386749e-09
75800.04800076805 4.4797446475796264e-09
75850.04800076805 4.9083902453483535e-09
75900.04800076805 5.230307927639981e-09
75950.04800076805 1.958065629298058e-09
76000.04800076805 7.394121326177513e-09
76050.04800076805 6.9670172654252245e-09
76100.04800076805 5.489854870497601e-09
76150.04800076805 6.22114156285716e-09
76200.04800076805 4.345059819644885e-09
76250.04800076805 1.3761105442977286e-09
76300.04800076805 6.637830569632099e-09
76350.04800076805 8.203088240841736e-09
76400.04800076805 6.5034295576343344e-09
76450.04800076805 4.3687827023703716e-09
76500.04800076805 2.7120926497731907e-09
76550.04800076805 5.036654445568582e-10
76600.04800076805 6.292333711765439e-11
76650.04800076805 4.927372080593939e-11
76700.04800076805 1.265102382874381e-10
76750.04800076805 2.2135079173491517e-10
76800.04800076805 4.729042324630276e-10
76850.04800076805 4.583764711839133e-10
76900.04800076805 2.997198772439018e-10
76950.04800076805 8.183101015676958e-10
77000.04800076805 2.5236694759723914e-09
77050.04800076805 1.3479417576614388e-10
77100.04800076805 2.8429955877256917e-10
77150.04800076805 2.787270599466384e-09
77200.04800076805 9.98982104328637e-10
77250.04800076805 3.498737630100013e-10
77300.04800076805 2.1846758365714936e-09
77350.04800076805 1.1810575957812251e-09
77400.04800076805 1.5390869780713396e-09
77450.04800076805 5.280565375989434e-09
77500.04800076805 3.1630079557401946e-09
77550.04800076805 1.4037200174926686e-09
77600.04800076805 3.834116303401328e-10
77650.04800076805 6.477749804135864e-10
77700.04800076805 9.152161427029233e-10
77750.04800076805 3.3943886830725237e-09
77800.04800076805 4.319090805830113e-09
77850.04800076805 6.270324017719298e-09
77900.04800076805 1.7758759341923792e-09
77950.04800076805 1.6833438729229418e-10
78000.04800076805 1.6068280573177665e-09
78050.04800076805 2.020921889871907e-09
78100.04800076805 3.5678553411849326e-09
78150.04800076805 5.871782419410445e-09
78200.04800076805 7.449800194938591e-09
78250.04800076805 4.436835444015449e-09
78300.04800076805 7.491641417357887e-10
78350.04800076805 2.9738449522535697e-09
78400.04800076805 9.230059339053744e-10
78450.04800076805 2.5707213943952463e-09
78500.04800076805 6.4715425048089466e-09
78550.04800076805 8.85824502573418e-09
78600.04800076805 5.540896576797785e-09
78650.04800076805 3.5360494818198954e-10
78700.04800076805 9.244938447844588e-10
78750.04800076805 2.6764848172952735e-09
78800.04800076805 1.4969930285655967e-09
78850.04800076805 3.867933449792569e-10
78900.04800076805 2.2298230531107783e-09
78950.04800076805 4.936482634676995e-09
79000.04800076805 2.8720789268472684e-09
79050.04800076805 2.216402166139099e-09
79100.04800076805 3.6004399961754763e-09
79150.04800076805 1.9838212766369353e-09
79200.04800076805 2.8029428830955583e-09
79250.04800076805 1.029164175693192e-09
79300.04800076805 1.6407028552105368e-09
79350.04800076805 2.2459684474819267e-09
79400.04800076805 9.648742540884919e-10
79450.04800076805 5.622678701928554e-09
79500.04800076805 7.811561799875096e-09
79550.04800076805 6.015944853062239e-09
79600.04800076805 2.8528426089324602e-09
79650.04800076805 5.560626868929338e-09
79700.04800076805 3.06950022674443e-09
79750.04800076805 2.8045907295433275e-09
79800.04800076805 1.6830102986325611e-09
79850.04800076805 4.838382053836232e-09
79900.04800076805 9.464976605682211e-09
79950.04800076805 1.1152266621824792e-08
