galfind/configs/Brown_Dwarf_templates/sonora_cholla/logkzz2/562g/550K_562g_logkzz2_resample.dat
# %ECSV 1.0
# ---
# datatype:
# - {name: wav, unit: Angstrom, datatype: float64}
# - {name: flux_nu, unit: erg / (cm2 Hz s), datatype: float64}
# schema: astropy-2.0
wav flux_nu
[from data line 814]
43700.04800076804 1.200543641369125e-07
43750.04800076804 1.164835694444328e-07
43800.04800076804 9.131870054131796e-08
43850.04800076804 9.230951983062348e-08
43900.04800076804 7.44505627979606e-08
43950.04800076804 5.1940589906688697e-08
44000.04800076804 4.419682603584684e-08
44050.04800076804 1.0528841592940253e-07
44100.04800076804 1.475778826707517e-07
44150.04800076804 1.3686907152549432e-07
44200.04800076804 1.2318543946903643e-07
44250.04800076804 6.884764871217277e-08
44300.04800076804 4.729876039088887e-08
44350.04800076804 5.542073760629115e-08
44400.04800076804 5.725850646749595e-08
44450.04800076804 9.287897093176272e-08
44500.04800076804 7.679311084182086e-08
44550.04800076804 1.141579944266941e-07
44600.04800076804 8.55810248044585e-08
44650.04800076804 9.355749673885389e-08
44700.04800076804 6.212782334128743e-08
44750.04800076804 8.311989383703849e-08
44800.04800076804 5.8441878142475675e-08
44850.04800076804 8.757356253769012e-08
44900.04800076804 6.769727534625686e-08
44950.04800076804 7.019288130392277e-08
45000.04800076804 8.894579677124975e-08
45050.04800076804 8.47735443549634e-08
45100.04800076804 7.999264110131071e-08
45150.04800076804 6.520503482060307e-08
45200.04800076804 3.9847157582684857e-08
45250.04800076804 4.511518337378929e-08
45300.04800076804 5.532338203721876e-08
45350.04800076804 4.645744703070422e-08
45400.04800076804 7.685190540979326e-08
45450.04800076804 6.587055958054444e-08
45500.04800076804 7.458911496106936e-08
45550.04800076804 8.874907028282936e-08
45600.04800076804 7.10393455375142e-08
45650.04800076804 6.361439555477316e-08
45700.04800076804 5.186404421571241e-08
45750.04800076804 3.782524211787607e-08
45800.04800076804 6.735415891600685e-08
45850.04800076804 7.282594916222929e-08
45900.04800076804 8.70964125238346e-08
45950.04800076804 5.875458744597329e-08
46000.04800076804 8.475625703870407e-08
46050.04800076804 7.365865426925775e-08
46100.04800076804 7.326684306131051e-08
46150.04800076804 6.226072146130675e-08
46200.04800076804 4.458264632641391e-08
46250.04800076804 2.177357947440532e-08
46300.04800076804 7.372755474143963e-08
46350.04800076804 5.853799870849593e-08
46400.04800076804 7.186469332931176e-08
46450.04800076804 7.061163968397943e-08
46500.04800076804 6.444105459177744e-08
46550.04800076804 4.171860505807433e-08
46600.04800076804 5.301145017661422e-08
46650.04800076804 9.808987886636726e-08
46700.04800076804 6.141471285870024e-08
46750.04800076804 2.917935710980667e-08
46800.04800076804 1.9446203830631805e-08
46850.04800076804 7.982283630837265e-08
46900.04800076804 8.06993865646388e-08
46950.04800076804 9.2546123490424e-08
47000.04800076804 6.382081500583565e-08
47050.04800076804 6.491451142301725e-08
47100.04800076804 3.1661887083980765e-08
47150.04800076804 5.988552274496866e-08
47200.04800076804 7.107735402007675e-08
47250.04800076804 3.591464089371123e-08
47300.04800076804 2.8812186635373975e-08
47350.04800076804 6.251515710309851e-08
47400.04800076804 9.025126955284524e-08
47450.04800076804 4.990830807795106e-08
47500.04800076804 1.0647156733810648e-07
47550.04800076804 6.637772496061024e-08
47600.04800076804 7.83156260820922e-08
47650.04800076804 5.044456339810829e-08
47700.04800076804 6.891580260734726e-08
47750.04800076804 3.67095191264206e-08
47800.04800076804 3.659099608980313e-08
47850.04800076804 1.5859765419984094e-08
47900.04800076804 2.7482681694874102e-08
47950.04800076804 5.8925451778851905e-08
48000.04800076804 9.589548348002667e-08
48050.04800076804 6.680320300202544e-08
48100.04800076804 3.4638326739211834e-08
48150.04800076804 4.8961153623463144e-08
48200.04800076804 4.6360644885561544e-08
48250.04800076804 5.132911391318747e-08
48300.04800076804 9.497467707186603e-08
48350.04800076804 4.375195043061373e-08
48400.04800076804 1.3068176253107376e-08
48450.04800076804 2.504000336812998e-08
48500.04800076804 5.009938700511103e-08
48550.04800076804 4.4583789155126626e-08
48600.04800076804 8.023856609638307e-08
48650.04800076804 7.91162930006508e-08
48700.04800076804 7.080090864370345e-08
48750.04800076804 4.552480907177597e-08
48800.04800076804 7.948794534892672e-08
48850.04800076804 4.2440170546302015e-08
48900.04800076804 5.157826064453274e-08
48950.04800076804 2.8960683371957375e-08
49000.04800076804 1.777255429471345e-08
49050.04800076804 5.2139323024642195e-08
49100.04800076804 6.346737984890347e-08
49150.04800076804 5.564913280015435e-08
49200.04800076804 7.7731184708307e-08
49250.04800076804 8.81093653107154e-08
49300.04800076804 6.939941945655852e-08
49350.04800076804 2.6450930477048808e-08
49400.04800076804 3.932238349352632e-08
49450.04800076804 3.6854216491461655e-08
49500.04800076804 3.122377175014089e-08
49550.04800076804 5.808838424419962e-09
49600.04800076804 1.7174505974499684e-08
49650.04800076804 4.332921330942149e-08
49700.04800076804 5.2523451410649416e-08
49750.04800076804 5.011481311661582e-08
49800.04800076804 2.986131238074583e-08
49850.04800076804 6.698241663898303e-08
49900.04800076804 6.631278252096642e-08
49950.04800076804 5.8109906511815614e-08
50000.04800076804 4.425111652294507e-08
50050.04800076804 5.239053471000263e-08
50100.04800076804 4.347358870439445e-08
50150.04800076804 1.801284423084458e-08
50200.04800076804 3.3511321806885803e-09
50250.04800076804 1.898751211851533e-08
50300.04800076804 1.3431370107328283e-08
50350.04800076804 4.9295055345287356e-08
50400.04800076804 5.805903010415688e-08
50450.04800076804 4.135677448131718e-08
50500.04800076804 6.540300367809902e-08
50550.04800076804 6.963383943946229e-08
50600.04800076804 4.4853927959289654e-08
50650.04800076804 6.714746209981816e-08
50700.04800076804 7.082492058646891e-08
50750.04800076804 4.105562552788077e-08
50800.04800076804 1.3075948007808356e-08
50850.04800076804 6.397670749360485e-09
50900.04800076804 4.2728855028864655e-08
50950.04800076804 4.576236754887063e-08
51000.04800076804 3.1763495247534546e-08
51050.04800076804 4.8541266921482474e-08
51100.04800076804 1.4794016207611447e-08
51150.04800076804 1.7960708278795962e-08
51200.04800076804 6.346954957756962e-08
51250.04800076804 4.194896220735606e-08
51300.04800076804 2.9650347940097594e-08
51350.04800076804 2.847659462887828e-08
51400.04800076804 8.450255408023496e-09
51450.04800076804 7.0223358350464864e-09
51500.04800076804 6.13741384932974e-09
51550.04800076804 2.309490225770704e-08
51600.04800076804 2.4211405522763904e-08
51650.04800076804 3.599259783601161e-08
51700.04800076804 3.25417299434361e-08
51750.04800076804 1.998540110874047e-08
51800.04800076804 4.748659774196592e-08
51850.04800076804 3.7657136340891336e-08
51900.04800076804 4.0760336430257734e-08
51950.04800076804 2.0823096043367678e-08
52000.04800076804 2.2396297623694636e-09
52050.04800076804 1.0785763224013925e-08
52100.04800076804 6.414986669167221e-09
52150.04800076804 3.519712077778974e-09
52200.04800076804 1.1441137413713292e-08
52250.04800076804 2.279900690105436e-08
52300.04800076804 2.8761444659832864e-08
52350.04800076804 7.239284966805304e-09
52400.04800076804 8.244833445960124e-09
52450.04800076804 3.288287743535126e-08
52500.04800076804 2.6624701834931287e-08
52550.04800076804 3.057017975106492e-08
52600.04800076804 2.5374920580656664e-08
52650.04800076804 2.7600112328397187e-08
52700.04800076804 1.8098161766019933e-08
52750.04800076804 7.056284483442172e-09
52800.04800076804 1.2181987842264624e-08
52850.04800076804 1.5436845653130193e-08
52900.04800076804 5.706986211079229e-09
52950.04800076804 1.0225573228035281e-08
53000.04800076804 2.44385680832211e-08
53050.04800076804 7.291545030425225e-09
53100.04800076804 3.28161795778806e-08
53150.04800076804 3.7021816916273536e-08
53200.04800076804 1.3610625338374833e-08
53250.04800076804 3.20640743358068e-08
53300.04800076804 3.324281819218191e-08
53350.04800076804 3.1582850610168684e-08
53400.04800076804 1.840992440904195e-08
53450.04800076804 4.6447268997257865e-09
53500.04800076804 1.05907087946733e-09
53550.04800076804 2.42310787987288e-09
53600.04800076804 1.1133332104351213e-08
53650.04800076804 1.4295572262427096e-08
53700.04800076804 1.162897447487493e-08
53750.04800076804 1.0054862656119508e-08
53800.04800076804 9.618232213156662e-09
53850.04800076804 1.744929620582056e-08
53900.04800076804 2.841624159688299e-08
53950.04800076804 2.5528502759908068e-08
54000.04800076804 1.6620138905994815e-08
54050.04800076804 1.76373045780692e-08
54100.04800076804 3.431595197042808e-09
54150.04800076804 4.860718776909403e-09
54200.04800076804 8.047982735549052e-10
54250.04800076804 2.262744682980705e-09
54300.04800076804 7.170699679798159e-09
54350.04800076804 1.1551007442834062e-08
54400.04800076804 8.630571913369406e-09
54450.04800076804 7.851716364700963e-09
54500.04800076804 7.957403734590302e-09
54550.04800076804 7.559981110113115e-09
54600.04800076804 6.090165053552373e-09
54650.04800076804 6.884128146131767e-10
54700.04800076804 6.307740034268854e-09
54750.04800076804 6.3792573401805536e-09
54800.04800076804 3.3203978438487156e-09
54850.04800076804 5.72409518285455e-09
54900.04800076804 1.085460821060792e-08
54950.04800076804 1.892095339633397e-08
55000.04800076804 6.100911747435162e-09
55050.04800076804 8.007636268798492e-09
55100.04800076804 1.2259002489754461e-08
55150.04800076804 5.415400348066839e-09
55200.04800076804 3.555696441133353e-09
55250.04800076804 6.063014085454365e-09
55300.04800076804 4.158251516450292e-09
55350.04800076804 8.0706676812509e-09
55400.04800076804 8.689182631313628e-09
55450.04800076804 5.802466643859511e-09
55500.04800076804 2.194274449525037e-09
55550.04800076804 1.6724075515689286e-09
55600.04800076804 3.8646606584261195e-09
55650.04800076804 3.573424480806539e-09
55700.04800076804 3.5502508731138364e-09
55750.04800076804 2.5514501704632733e-09
55800.04800076804 9.493049049261705e-10
55850.04800076804 2.0544974994664477e-09
55900.04800076804 5.758231840965273e-09
55950.04800076804 9.502599403656265e-09
56000.04800076804 3.3803426045253065e-09
56050.04800076804 3.7001663880376764e-09
56100.04800076804 5.989668049788491e-09
56150.04800076804 2.1725013166806514e-09
56200.04800076804 3.555100909341181e-09
56250.04800076804 7.991170485293948e-09
56300.04800076804 4.3057048845471015e-09
56350.04800076804 2.1022448719679267e-09
56400.04800076804 6.042043146962647e-10
56450.04800076804 6.116296335906487e-10
56500.04800076804 3.4482800962100524e-09
56550.04800076804 1.3198840129894207e-09
56600.04800076804 5.3356960853351785e-09
56650.04800076804 6.320463528863161e-09
56700.04800076804 3.921190905035528e-09
56750.04800076804 1.2882757291313222e-09
56800.04800076804 2.3734324364242507e-09
56850.04800076804 3.9581402602136166e-09
56900.04800076804 1.981858477642728e-09
56950.04800076804 5.065124533886668e-09
57000.04800076804 6.839789957083755e-09
57050.04800076804 3.100110535648522e-09
57100.04800076804 7.384627483831401e-10
57150.04800076804 1.5475301926704812e-09
57200.04800076804 1.064029898494919e-09
57250.04800076804 1.8130261698129443e-09
57300.04800076804 2.88161738683147e-09
57350.04800076804 1.369288808422433e-09
57400.04800076804 4.4095472401498645e-09
57450.04800076804 1.6471340495063143e-09
57500.04800076804 1.4932219633744088e-09
57550.04800076804 2.361277282156315e-09
57600.04800076804 1.8121236122943441e-09
57650.04800076804 3.547415429747603e-10
57700.04800076804 9.322875850024265e-10
57750.04800076804 2.4874861365780773e-09
57800.04800076804 8.459512409279763e-10
57850.04800076804 6.630576713605774e-09
57900.04800076804 9.043450277614348e-09
57950.04800076804 9.874079710588595e-09
58000.04800076804 2.153004384245583e-09
58050.04800076804 4.861661323523034e-09
58100.04800076804 3.6077107184428255e-09
58150.04800076804 2.275142540260498e-09
58200.04800076804 3.3089028580166417e-10
58250.04800076804 8.686132744991111e-10
58300.04800076804 9.403662696916488e-10
58350.04800076804 1.3273590495008986e-09
58400.04800076804 3.931403483032764e-09
58450.04800076804 4.9653338562694755e-09
58500.04800076804 5.362095972399552e-09
58550.04800076804 3.11135568043323e-09
58600.04800076804 9.665748620170911e-10
58650.04800076804 1.6250968021067677e-09
58700.04800076804 2.4415089424734735e-09
58750.04800076804 1.9218573716525876e-09
58800.04800076804 1.2064163156508567e-10
58850.04800076804 9.901229698444637e-10
58900.04800076804 1.3165944531011068e-09
58950.04800076804 5.42797920034856e-10
59000.04800076804 1.6807741512076263e-09
59050.04800076804 3.018003255812734e-09
59100.04800076804 2.4096234388492923e-09
59150.04800076804 2.0125697686437487e-09
59200.04800076804 3.322875276162536e-09
59250.04800076804 3.426648014045101e-09
59300.04800076804 2.3731907883564076e-09
59350.04800076804 2.1400333512899275e-10
59400.04800076804 3.7976469994025366e-10
59450.04800076804 2.702676548379116e-09
59500.04800076804 1.7066092314308864e-09
59550.04800076804 3.2902915179071437e-09
59600.04800076804 4.202562571337009e-09
59650.04800076804 1.656588045607138e-09
59700.04800076804 1.0620626314899738e-09
59750.04800076804 4.861753336525525e-09
59800.04800076804 1.905835003673032e-09
59850.04800076804 2.2589136969757677e-09
59900.04800076804 5.88971261013085e-10
59950.04800076804 2.1695789191890495e-09
60000.04800076804 5.496930717571113e-09
60050.04800076804 7.226769441690885e-09
60100.04800076804 3.742458363266947e-09
60150.04800076804 1.1273055773432287e-09
60200.04800076804 3.009431540053232e-09
60250.04800076804 7.0742504739068546e-09
60300.04800076804 6.331697724340062e-09
60350.04800076804 3.5269948440190283e-09
60400.04800076804 2.5797068574331982e-09
60450.04800076804 4.037266424015964e-10
60500.04800076804 7.668676963512274e-11
60550.04800076804 1.801527616260311e-09
60600.04800076804 3.3607034796838987e-09
60650.04800076804 1.7050640495121073e-09
60700.04800076804 1.0466399847929414e-09
60750.04800076804 3.480513438645094e-10
60800.04800076804 2.9907600232931613e-09
60850.04800076804 6.346581491082286e-09
60900.04800076804 5.5009076310061235e-09
60950.04800076804 3.4092369560512588e-09
61000.04800076804 4.929758183605283e-09
61050.04800076804 1.2315359964729846e-09
61100.04800076804 1.1935870214394593e-09
61150.04800076804 2.7798840579249343e-10
61200.04800076804 2.870126703258372e-09
61250.04800076804 4.085483246748408e-09
61300.04800076804 2.6949080621306607e-09
61350.04800076804 6.379021955127935e-09
61400.04800076804 1.6044610297343684e-09
61450.04800076804 4.97382512285743e-10
61500.04800076804 3.8021666399386107e-10
61550.04800076804 2.063586485980138e-09
61600.04800076804 6.371189812799864e-10
61650.04800076804 1.5016220572712984e-09
61700.04800076804 2.47888006333298e-09
61750.04800076804 2.734784344826664e-09
61800.04800076804 1.769512292532576e-09
61850.04800076804 3.7383742150427365e-10
61900.04800076804 3.7997749923264774e-09
61950.04800076804 5.096077170958095e-09
62000.04800076804 4.4336040349427955e-09
62050.04800076804 9.222828857720709e-09
62100.04800076804 2.6173076624124258e-09
62150.04800076804 6.2527863239619305e-09
62200.04800076804 5.720161424510878e-09
62250.04800076804 3.5429877690236996e-09
62300.04800076804 1.1387134768872629e-08
62350.04800076804 9.758429643477427e-09
62400.04800076804 5.1296901530122815e-09
62450.04800076804 5.5050925399681935e-09
62500.04800076804 1.1576240560708318e-08
62550.04800076804 1.7926871568236057e-08
62600.04800076804 8.530150495579063e-09
62650.04800076804 6.440881880498663e-09
62700.04800076804 3.874876011581556e-09
62750.04800076804 9.104187021105058e-09
62800.04800076804 5.158631933861836e-09
62850.04800076804 6.822324056984615e-09
62900.04800076804 8.482444088595046e-09
62950.04800076804 1.776194183365721e-08
63000.04800076804 6.74456746495854e-09
63050.04800076804 2.5813038618111126e-08
63100.04800076804 2.2287305234155136e-08
63150.04800076804 1.5364346046286832e-08
63200.04800076804 1.0700088179546101e-08
63250.04800076804 1.2884534902393581e-08
63300.04800076804 4.914042614692578e-09
63350.04800076804 4.915284912498206e-09
63400.04800076804 1.6225818917308218e-09
63450.04800076804 5.836430518357186e-10
