galfind/configs/Brown_Dwarf_templates/sonora_cholla/logkzz2/562g/600K_562g_logkzz2_resample.dat
# %ECSV 1.0
# ---
# datatype:
# - {name: wav, unit: Angstrom, datatype: float64}
# - {name: flux_nu, unit: erg / (cm2 Hz s), datatype: float64}
# schema: astropy-2.0
wav flux_nu
[from data line 1211]
63550.04800076804 1.5279296077816655e-08
63600.04800076804 1.229827725519285e-08
63650.04800076804 8.290084389806528e-09
63700.04800076804 1.9865402032932597e-09
63750.04800076804 6.0440717848049295e-09
63800.04800076804 1.592279169891126e-08
63850.04800076804 1.1787496417853768e-08
63900.04800076804 2.98219995755829e-09
63950.04800076804 7.935175958700896e-09
64000.04800076804 1.1534645260589391e-08
64050.04800076804 3.833567766726429e-09
64100.04800076804 7.540044819336922e-10
64150.04800076804 1.1840604242405869e-09
64200.04800076804 1.5303325794881137e-09
64250.04800076804 5.836186975802527e-09
64300.04800076804 4.876379985246072e-09
64350.04800076804 3.079881996332995e-09
64400.04800076804 9.173051523726887e-09
64450.04800076804 1.057784984389e-08
64500.04800076804 4.092830373196602e-09
64550.04800076804 9.208627362347237e-09
64600.04800076804 5.94345136412032e-09
64650.04800076804 8.419282387439714e-09
64700.04800076804 2.417104117981189e-09
64750.04800076804 4.149485771144175e-09
64800.04800076804 2.0287671979724812e-09
64850.04800076804 1.4107420194030696e-09
64900.04800076804 1.3383217483991461e-09
64950.04800076804 1.0492244245840202e-09
65000.04800076804 2.2205056878506794e-09
65050.04800076804 5.076492730950163e-09
65100.04800076804 7.339049156619069e-09
65150.04800076804 3.3093824221890566e-09
65200.04800076804 1.137914911150265e-09
65250.04800076804 4.040932093731516e-09
65300.04800076804 5.677076046949184e-09
65350.04800076804 1.4269465174096634e-08
65400.04800076804 5.202325943731858e-09
65450.04800076804 5.154659831517385e-09
65500.04800076804 6.233721469531913e-09
65550.04800076805 2.286399978025328e-09
65600.04800076805 5.824033238239947e-09
65650.04800076805 3.3117132036737156e-09
65700.04800076805 3.0386247258182974e-09
65750.04800076805 2.0314476722595727e-09
65800.04800076805 5.259538382709691e-09
65850.04800076805 8.14700969156435e-09
65900.04800076805 1.6400826875827297e-09
65950.04800076805 3.6153932707404083e-09
66000.04800076805 4.563972961592584e-09
66050.04800076805 1.0503167579229669e-08
66100.04800076805 5.666843627855271e-09
66150.04800076805 5.465153829116092e-09
66200.04800076805 5.2074602633569405e-09
66250.04800076805 2.61790267664663e-09
66300.04800076805 9.332593506283443e-10
66350.04800076805 6.956916128449782e-10
66400.04800076805 1.5718077352466794e-09
66450.04800076805 6.089111309883559e-09
66500.04800076805 9.560938706983076e-09
66550.04800076805 9.867282752593496e-09
66600.04800076805 7.780765526505052e-09
66650.04800076805 5.047330688216784e-09
66700.04800076805 3.243043208800323e-09
66750.04800076805 3.908332150895762e-09
66800.04800076805 4.4448282855915114e-09
66850.04800076805 2.791936635275551e-09
66900.04800076805 1.1628897389537644e-08
66950.04800076805 1.0058216710257689e-08
67000.04800076805 1.3262659134291234e-08
67050.04800076805 6.815623536412481e-09
67100.04800076805 3.4037847898781965e-09
67150.04800076805 4.957410453746066e-09
67200.04800076805 7.815871650485816e-09
67250.04800076805 6.838000018769377e-09
67300.04800076805 1.265032777514323e-08
67350.04800076805 4.955371828009141e-09
67400.04800076805 1.2933313583285553e-08
67450.04800076805 7.289297335485064e-09
67500.04800076805 7.313797934278174e-09
67550.04800076805 1.7309340117865497e-08
67600.04800076805 2.7294891028388543e-08
67650.04800076805 1.9055313725982312e-08
67700.04800076805 1.0156640819325913e-08
67750.04800076805 5.560303086418447e-09
67800.04800076805 8.654784177847646e-09
67850.04800076805 3.4225564753405717e-09
67900.04800076805 4.292099175966784e-09
67950.04800076805 3.4643609555471035e-09
68000.04800076805 9.052011810753746e-09
68050.04800076805 9.914740135961827e-09
68100.04800076805 1.7561396651551767e-08
68150.04800076805 1.52703062025196e-08
68200.04800076805 1.0476962136892669e-08
68250.04800076805 1.8389218309463068e-09
68300.04800076805 1.141856749077649e-08
68350.04800076805 1.433066525701317e-08
68400.04800076805 2.1310873223020335e-08
68450.04800076805 1.72515369645969e-08
68500.04800076805 9.446831383995323e-09
68550.04800076805 3.3425149708839875e-09
68600.04800076805 3.4221463113370726e-09
68650.04800076805 1.5414307462777865e-09
68700.04800076805 4.977488749062565e-09
68750.04800076805 9.683142859923361e-09
68800.04800076805 1.0671049503441754e-08
68850.04800076805 4.369205414446677e-09
68900.04800076805 1.8416706027541846e-08
68950.04800076805 1.9651503177975065e-08
69000.04800076805 1.2018378355069058e-08
69050.04800076805 5.324221817519157e-09
69100.04800076805 1.5737818825382414e-08
69150.04800076805 2.4321044211815803e-08
69200.04800076805 1.858202064986381e-08
69250.04800076805 2.4612347973524934e-08
69300.04800076805 1.4326510116793096e-08
69350.04800076805 2.815837590811082e-08
69400.04800076805 9.621796330847072e-09
69450.04800076805 2.387470461818646e-08
69500.04800076805 1.0827261746352736e-08
69550.04800076805 7.726415460647533e-09
69600.04800076805 1.8047488806083446e-09
69650.04800076805 8.28753858269911e-09
69700.04800076805 1.6432244880161084e-08
69750.04800076805 9.843326005979974e-09
69800.04800076805 1.7751237812366642e-08
69850.04800076805 1.8426306628717376e-08
69900.04800076805 1.1326562431026485e-08
69950.04800076805 1.0446638198406193e-08
70000.04800076805 1.214416092407822e-08
70050.04800076805 2.4090599053160868e-08
70100.04800076805 1.777530885438446e-08
70150.04800076805 1.3673335511326401e-08
70200.04800076805 8.57463554558236e-09
70250.04800076805 1.1428115321630733e-08
70300.04800076805 2.2843886579911177e-08
70350.04800076805 1.759425395529647e-08
70400.04800076805 7.933754590972905e-09
70450.04800076805 1.021230643588476e-09
70500.04800076805 6.732128746837825e-09
70550.04800076805 6.543587456189525e-09
70600.04800076805 7.221955356521457e-09
70650.04800076805 1.842560760097752e-08
70700.04800076805 2.0657751305209693e-08
70750.04800076805 3.1543057807398676e-08
70800.04800076805 1.3127819558016758e-08
70850.04800076805 1.385528112687352e-08
70900.04800076805 1.7708495582406723e-08
70950.04800076805 2.376382832566127e-08
71000.04800076805 2.243302186379524e-08
71050.04800076805 2.2622399037687633e-08
71100.04800076805 1.72449603050183e-08
71150.04800076805 1.0115192161703908e-08
71200.04800076805 9.574091556574678e-09
71250.04800076805 1.800632408709697e-08
71300.04800076805 2.4466157112262957e-08
71350.04800076805 2.4752609864791335e-08
71400.04800076805 1.794638554829195e-08
71450.04800076805 6.319798188423818e-09
71500.04800076805 8.17815678007257e-09
71550.04800076805 1.0359822578174235e-08
71600.04800076805 1.2551910527162676e-08
71650.04800076805 7.1920778445189275e-09
71700.04800076805 4.9637794628631456e-09
71750.04800076805 1.288101283516055e-08
71800.04800076805 1.9678383248233648e-08
71850.04800076805 1.9094121531410502e-08
71900.04800076805 9.351031501974506e-09
71950.04800076805 1.4947827385494627e-08
72000.04800076805 1.3178826775238558e-08
72050.04800076805 5.674033992649574e-09
72100.04800076805 7.541745525093092e-09
72150.04800076805 9.219471144703889e-09
72200.04800076805 1.4404064069574077e-08
72250.04800076805 2.280982624068122e-08
72300.04800076805 1.2464941830079206e-08
72350.04800076805 1.536840402737791e-08
72400.04800076805 1.3966066292341112e-08
72450.04800076805 1.0682715495200558e-08
72500.04800076805 1.5078585681513384e-08
72550.04800076805 4.89888287323289e-09
72600.04800076805 9.690034309485633e-09
72650.04800076805 1.8372642006032076e-08
72700.04800076805 9.473171778171855e-09
72750.04800076805 1.0155298075113824e-08
72800.04800076805 5.586287713092715e-09
72850.04800076805 8.608006340399035e-09
72900.04800076805 1.940812206789627e-08
72950.04800076805 1.054699231704769e-08
73000.04800076805 1.1341275500926003e-08
73050.04800076805 5.096677981163528e-09
73100.04800076805 7.441922234787988e-09
73150.04800076805 1.875326784654092e-08
73200.04800076805 6.8334546525276655e-09
73250.04800076805 9.010938808363047e-09
73300.04800076805 6.2424919154933396e-09
73350.04800076805 4.160459509253037e-09
73400.04800076805 8.910317585791175e-09
73450.04800076805 4.773249428789664e-09
73500.04800076805 4.0775425403416216e-09
73550.04800076805 7.597187190246522e-09
73600.04800076805 8.340020362364606e-09
73650.04800076805 8.295850150973485e-09
73700.04800076805 7.59588377426176e-09
73750.04800076805 2.1786461079405444e-09
73800.04800076805 6.89518503088529e-09
73850.04800076805 1.078525010540796e-08
73900.04800076805 4.764300163989315e-09
73950.04800076805 5.577337802977008e-09
74000.04800076805 2.331424410443994e-09
74050.04800076805 1.172698074240318e-08
74100.04800076805 8.176682738516053e-09
74150.04800076805 8.497510866202157e-09
74200.04800076805 3.836973137509167e-09
74250.04800076805 6.181287953835788e-10
74300.04800076805 8.206438297030746e-09
74350.04800076805 1.193056340081039e-08
74400.04800076805 1.0889263261854044e-08
74450.04800076805 3.693985813371929e-09
74500.04800076805 1.8041040273596428e-09
74550.04800076805 4.8611333966074014e-09
74600.04800076805 6.841809759227349e-09
74650.04800076805 7.11096210369167e-09
74700.04800076805 4.62289028399549e-09
74750.04800076805 2.348110465830374e-09
74800.04800076805 3.581114781781304e-09
74850.04800076805 7.931964568393033e-09
74900.04800076805 1.102223348081125e-08
74950.04800076805 9.953883196816124e-09
75000.04800076805 4.092583098511515e-09
75050.04800076805 6.583359746648465e-10
75100.04800076805 9.190512403461123e-09
75150.04800076805 1.2886360339647868e-08
75200.04800076805 1.3088315191239336e-08
75250.04800076805 1.2362262247628976e-08
75300.04800076805 8.28738779517114e-09
75350.04800076805 2.037819066929613e-09
75400.04800076805 1.3172734900094025e-08
75450.04800076805 1.3710533700634952e-08
75500.04800076805 1.2950016147602044e-08
75550.04800076805 1.084745661414311e-08
75600.04800076805 1.2762726135137799e-08
75650.04800076805 6.665401767053236e-09
75700.04800076805 1.5737408314900375e-08
75750.04800076805 8.413689911277913e-09
75800.04800076805 1.2291475662593693e-08
75850.04800076805 1.3944489577816865e-08
75900.04800076805 1.4660371050442514e-08
75950.04800076805 6.413072575690862e-09
76000.04800076805 1.797803418578386e-08
76050.04800076805 1.6220090724206444e-08
76100.04800076805 1.3868984699491628e-08
76150.04800076805 1.585709505684897e-08
76200.04800076805 1.3168677996022241e-08
76250.04800076805 6.956959419396445e-09
76300.04800076805 2.190867016938623e-08
76350.04800076805 2.4992407602522524e-08
76400.04800076805 1.936289476988368e-08
76450.04800076805 1.4228967073729433e-08
76500.04800076805 9.662007179423897e-09
76550.04800076805 3.0588774860208496e-09
76600.04800076805 5.753251276794341e-10
76650.04800076805 6.067573178531129e-10
76700.04800076805 1.1026994844435482e-09
76750.04800076805 1.3063105219521002e-09
76800.04800076805 2.9558473048784964e-09
76850.04800076805 1.4658261604566822e-09
76900.04800076805 1.18199465741253e-09
76950.04800076805 3.516255909658205e-09
77000.04800076805 6.563325973124751e-09
77050.04800076805 1.0668027774216142e-09
77100.04800076805 1.3492722969741848e-09
77150.04800076805 7.583004383620671e-09
77200.04800076805 3.858090576026887e-09
77250.04800076805 2.6499055353257004e-09
77300.04800076805 6.399012195539424e-09
77350.04800076805 3.005864264473839e-09
77400.04800076805 3.5495599851507306e-09
77450.04800076805 1.0091506503868722e-08
77500.04800076805 6.830600014035884e-09
77550.04800076805 4.680171576598766e-09
77600.04800076805 2.311990342012314e-09
77650.04800076805 3.331167284399408e-09
77700.04800076805 3.100964559952454e-09
77750.04800076805 9.24085309403638e-09
77800.04800076805 9.840228803283934e-09
77850.04800076805 1.7439759727980414e-08
77900.04800076805 7.0677637743287516e-09
77950.04800076805 1.3147921712075748e-09
78000.04800076805 5.4467540766830144e-09
78050.04800076805 6.64367552725896e-09
78100.04800076805 8.221673989225848e-09
78150.04800076805 1.430477998332409e-08
78200.04800076805 1.6599879266664098e-08
78250.04800076805 1.3253222407390393e-08
78300.04800076805 4.544370952381935e-09
78350.04800076805 1.0417446022930894e-08
78400.04800076805 3.637458154444133e-09
78450.04800076805 9.529680335357449e-09
78500.04800076805 1.6586563081951997e-08
78550.04800076805 2.161193741025622e-08
78600.04800076805 1.4903004199661305e-08
78650.04800076805 1.5495105204816145e-09
78700.04800076805 3.7252900828909735e-09
78750.04800076805 7.54680685955007e-09
78800.04800076805 6.520521813528366e-09
78850.04800076805 2.1773418928665425e-09
78900.04800076805 7.636117161854825e-09
78950.04800076805 1.2818126799832767e-08
79000.04800076805 9.303581788146628e-09
79050.04800076805 6.801466057159868e-09
79100.04800076805 9.635419935883492e-09
79150.04800076805 7.219006352077542e-09
79200.04800076805 9.44296506780294e-09
79250.04800076805 4.382864562761075e-09
79300.04800076805 5.1520988417528625e-09
79350.04800076805 7.656032560753421e-09
79400.04800076805 3.8880290539975405e-09
79450.04800076805 1.4849700128536208e-08
79500.04800076805 2.051662200777392e-08
79550.04800076805 1.5893864418858394e-08
79600.04800076805 7.3462308633463044e-09
79650.04800076805 1.3109461920017857e-08
79700.04800076805 9.600776498542972e-09
79750.04800076805 9.140208515809762e-09
79800.04800076805 5.228313626171203e-09
79850.04800076805 1.2231366099175246e-08
79900.04800076805 2.27875555124968e-08
79950.04800076805 2.314806648667399e-08
