galfind/configs/Brown_Dwarf_templates/sonora_cholla/logkzz2/562g/600K_562g_logkzz2_resample.dat
# %ECSV 1.0
# ---
# datatype:
# - {name: wav, unit: Angstrom, datatype: float64}
# - {name: flux_nu, unit: erg / (cm2 Hz s), datatype: float64}
# schema: astropy-2.0
wav flux_nu
3000.0480007680403 nan
3050.0480007680403 0.0
3100.0480007680403 0.0
3150.0480007680403 0.0
3200.0480007680403 0.0
3250.0480007680403 0.0
3300.0480007680403 0.0
3350.0480007680403 0.0
3400.0480007680403 0.0
3450.0480007680403 0.0
3500.0480007680403 0.0
3550.0480007680403 0.0
3600.0480007680403 0.0
3650.0480007680403 0.0
3700.0480007680403 0.0
3750.0480007680403 0.0
3800.0480007680403 0.0
3850.0480007680403 0.0
3900.0480007680403 0.0
3950.0480007680403 0.0
4000.0480007680403 0.0
4050.0480007680403 0.0
4100.04800076804 0.0
4150.04800076804 0.0
4200.04800076804 0.0
4250.04800076804 0.0
4300.04800076804 0.0
4350.04800076804 0.0
4400.04800076804 0.0
4450.04800076804 0.0
4500.04800076804 0.0
4550.04800076804 0.0
4600.04800076804 0.0
4650.04800076804 0.0
4700.04800076804 0.0
4750.04800076804 0.0
4800.04800076804 0.0
4850.04800076804 0.0
4900.04800076804 0.0
4950.04800076804 0.0
5000.04800076804 8.87455167954636e-12
5050.04800076804 2.1754156378176734e-11
5100.04800076804 2.446117018337989e-11
5150.04800076804 2.8129901027413575e-11
5200.04800076804 3.2476037913996534e-11
5250.04800076804 3.690049162542251e-11
5300.04800076804 4.185234615569813e-11
5350.04800076804 4.740304954892202e-11
5400.04800076804 5.3285596999554733e-11
5450.04800076804 6.015943583656401e-11
5500.04800076804 6.796661966785452e-11
5550.04800076804 7.67758409728218e-11
5600.04800076804 8.61983188421761e-11
5650.04800076804 9.595059000965275e-11
5700.04800076804 1.045225644218124e-10
5750.04800076804 1.1365289063169306e-10
5800.04800076804 1.1845722399379325e-10
5850.04800076804 1.1184268966295449e-10
5900.04800076804 3.965021963862466e-11
5950.04800076804 6.663156523563739e-11
6000.04800076804 1.7188941909801219e-10
6050.04800076804 2.3087619555409075e-10
6100.04800076804 2.845881632319199e-10
6150.04800076804 3.3690182669908224e-10
6200.04800076804 3.913091123346937e-10
6250.04800076804 4.462048707344112e-10
6300.04800076804 5.115500904250031e-10
6350.04800076804 5.840158995061522e-10
6400.04800076804 6.583795625215523e-10
6450.04800076804 6.957199138863491e-10
6500.04800076804 7.751111301074013e-10
6550.04800076804 8.835287126588106e-10
6600.04800076804 9.96227819518688e-10
6650.04800076804 1.140853133275325e-09
6700.04800076804 1.3264444149902911e-09
6750.04800076804 1.510203035403341e-09
6800.04800076804 1.6941488573496276e-09
6850.04800076804 1.8985027746349723e-09
6900.04800076804 1.8262533962746453e-09
6950.04800076804 1.7293210690455576e-09
7000.04800076804 1.9873550627575083e-09
7050.04800076804 2.007182768964469e-09
7100.04800076804 2.13417742250135e-09
7150.04800076804 1.698144559405183e-09
7200.04800076804 1.5034447322642422e-09
7250.04800076804 1.7698506998520549e-09
7300.04800076804 1.825235407474237e-09
7350.04800076804 2.136395378270839e-09
7400.04800076804 2.4980538089414573e-09
7450.04800076804 2.9682930475266187e-09
7500.04800076804 3.3246375248887767e-09
7550.04800076804 3.6815141496601997e-09
7600.04800076804 4.0031819151901376e-09
7650.04800076804 4.230647450503316e-09
7700.04800076804 3.1151396012507566e-09
7750.04800076804 1.727484177968415e-09
7800.04800076804 4.614194789391886e-09
7850.04800076804 4.992653015318358e-09
7900.04800076804 5.439158334792913e-09
7950.04800076804 5.947328718407701e-09
8000.04800076804 6.180349538529757e-09
8050.04800076804 6.3403223027845226e-09
8100.04800076804 4.6122771290187954e-09
8150.04800076804 3.739523560909916e-09
8200.04800076804 5.687774844876615e-09
8250.04800076804 5.371808056128413e-09
8300.04800076804 5.836727254020697e-09
8350.04800076804 5.8092481019472235e-09
8400.04800076804 6.14252320993557e-09
8450.04800076804 7.2698891054619755e-09
8500.04800076804 8.222629675698e-09
8550.04800076804 9.373151100416387e-09
8600.04800076804 1.0704973383178136e-08
8650.04800076804 1.1571364982675917e-08
8700.04800076804 1.1692461145262821e-08
8750.04800076804 1.2386770498614696e-08
8800.04800076804 1.2065795941794376e-08
8850.04800076804 9.446188658641474e-09
8900.04800076804 3.187813984980232e-09
8950.04800076804 2.4474359101110314e-09
9000.04800076804 2.269940512569589e-09
9050.04800076804 6.146099218886243e-09
9100.04800076804 6.533017891946719e-09
9150.04800076804 5.8599780229965024e-09
9200.04800076804 7.537289412486675e-09
9250.04800076804 5.140099783453898e-09
9300.04800076804 1.6612365331502912e-10
9350.04800076804 3.126226731916773e-10
9400.04800076804 1.3278227128159312e-09
9450.04800076804 1.055945641703497e-09
9500.04800076804 7.923547200969518e-10
9550.04800076804 8.093793605651505e-10
9600.04800076804 8.346952262697795e-10
9650.04800076804 1.3388418480402884e-09
9700.04800076804 2.788212392008266e-09
9750.04800076804 2.746761330656688e-09
9800.04800076804 3.450474330762337e-09
9850.04800076804 4.33161029282996e-09
9900.04800076804 6.103244926296948e-09
9950.04800076804 6.497187563158223e-09
10000.04800076804 8.45830565135244e-09
10050.04800076804 8.829965771338464e-09
10100.04800076804 1.0487799797949036e-08
10150.04800076804 1.112388392202366e-08
10200.04800076804 1.1736592522596325e-08
10250.04800076804 1.3525733482140945e-08
10300.04800076804 1.56798879815786e-08
10350.04800076804 1.5585852947980726e-08
10400.04800076804 1.849081545162334e-08
10450.04800076804 2.0146890205726316e-08
10500.04800076804 2.1270426285522145e-08
10550.04800076804 2.2440839845663573e-08
10600.04800076804 2.2198455532301746e-08
10650.04800076804 2.1784005561556768e-08
10700.04800076804 2.0307374486630945e-08
10750.04800076804 1.9678023472849717e-08
10800.04800076804 1.815686793688734e-08
10850.04800076804 1.610430429232522e-08
10900.04800076804 1.1922891757002729e-08
10950.04800076804 5.799268792436115e-09
11000.04800076804 3.144742526371677e-09
11050.04800076804 1.4447957970218403e-09
11100.04800076804 6.909695430794533e-10
11150.04800076804 2.8330561647960886e-10
11200.04800076804 2.3521761536497774e-10
11250.04800076804 3.352889213272681e-10
11300.04800076804 4.5554894294734655e-10
11350.04800076804 1.443926626145127e-10
11400.04800076804 6.669887415787903e-10
11450.04800076804 3.6455085230211164e-10
11500.04800076804 3.5879894386748474e-10
11550.04800076804 1.0680800415058283e-10
11600.04800076804 6.894542677591236e-11
11650.04800076804 2.2601235938762133e-10
11700.04800076804 2.9965169247102064e-10
11750.04800076804 1.0245126232778613e-10
11800.04800076804 5.225144540981495e-10
11850.04800076804 8.95399222044092e-10
11900.04800076804 1.1764465949771421e-09
11950.04800076804 1.9671125757807086e-09
12000.04800076804 3.0501499185041546e-09
12050.04800076804 4.541754463066479e-09
12100.04800076804 6.142907662354047e-09
12150.04800076804 8.231405299907696e-09
12200.04800076804 9.874779171565862e-09
12250.04800076804 1.2486122552045773e-08
12300.04800076804 1.6021110982778024e-08
12350.04800076804 1.7300184652998423e-08
12400.04800076804 2.2025855684521323e-08
12450.04800076804 2.6425487285458994e-08
12500.04800076804 2.9332311227999677e-08
12550.04800076804 3.249244128648097e-08
12600.04800076804 3.5358474188665866e-08
12650.04800076804 3.646800433566957e-08
12700.04800076804 3.658623395586913e-08
12750.04800076804 3.123621131042875e-08
12800.04800076804 2.7147135510767595e-08
12850.04800076804 1.987935383011654e-08
12900.04800076804 1.590444788009902e-08
12950.04800076804 1.2937284648198631e-08
13000.04800076804 1.3946465475155565e-08
13050.04800076804 9.94830443550409e-09
13100.04800076804 9.54635087493464e-09
13150.04800076804 6.475285427226932e-09
13200.04800076804 6.416133400086954e-09
13250.04800076804 4.325994517488206e-09
13300.04800076804 1.5945967741076937e-09
13350.04800076804 4.892994431771959e-10
13400.04800076804 1.2457508171930026e-10
13450.04800076804 3.5653442334114086e-11
13500.04800076804 1.1952285598901387e-11
13550.04800076804 3.795424805802252e-12
13600.04800076804 9.44031829409387e-13
13650.04800076804 7.679923050554249e-12
13700.04800076804 3.972226325305014e-12
13750.04800076804 1.4145552556586095e-11
13800.04800076804 1.4528316577028162e-11
13850.04800076804 5.2698720367674645e-12
13900.04800076804 8.488731114776243e-12
13950.04800076804 7.930184605701215e-12
14000.04800076804 9.483951510504222e-12
14050.04800076804 1.6643055613089484e-11
14100.04800076804 1.3570943017676206e-11
14150.04800076804 3.001114537287427e-11
14200.04800076804 1.895258451769525e-11
14250.04800076804 2.71930085029869e-11
14300.04800076804 9.82215517638648e-11
14350.04800076804 7.621331275476987e-11
14400.04800076804 7.994086394571599e-11
14450.04800076804 1.4871126130444141e-10
14500.04800076804 3.4352676993457677e-10
14550.04800076804 3.6971244581827244e-10
14600.04800076804 7.320427895948774e-10
14650.04800076804 5.491320300958375e-10
14700.04800076804 2.8870764707750793e-10
14750.04800076804 3.5997753502168104e-10
14800.04800076804 4.370258162184634e-10
14850.04800076804 4.594589667086757e-10
14900.04800076804 5.466403980473495e-10
14950.04800076804 6.720993730946651e-10
15000.04800076804 1.1964251750234356e-09
15050.04800076804 1.2782930319038544e-09
15100.04800076804 1.17951612545557e-09
15150.04800076804 9.852189189610746e-10
15200.04800076804 1.5649151267251136e-09
15250.04800076804 2.6935118563639388e-09
15300.04800076804 3.2562977866236575e-09
15350.04800076804 4.266701567028906e-09
15400.04800076804 5.209846498802397e-09
15450.04800076804 6.21391231992684e-09
15500.04800076804 7.302544270465327e-09
15550.04800076804 9.498902548486793e-09
15600.04800076804 1.1708382001808176e-08
15650.04800076804 1.4214722254457877e-08
15700.04800076804 1.770422296098894e-08
15750.04800076804 1.9731668121105744e-08
15800.04800076804 2.1256913465335183e-08
15850.04800076804 2.318462787983955e-08
15900.04800076804 2.1727215757987314e-08
15950.04800076804 2.06247371220544e-08
16000.04800076804 1.6495723516538683e-08
16050.04800076804 1.0772437800962469e-08
16100.04800076804 6.806613409521552e-09
16150.04800076804 3.692668067015984e-09
16200.04800076804 1.878018618647825e-09
16250.04800076804 1.3361236794100856e-09
16300.04800076804 8.899306796527728e-10
16350.04800076804 1.0861216658281588e-09
16400.04800076804 1.3247498769497468e-09
16450.04800076804 1.3082504820961652e-09
16500.04800076804 1.2923258359143969e-09
16550.04800076804 1.2792192024855725e-09
16600.04800076804 1.9824927013038776e-09
16650.04800076804 1.3750302873707884e-09
16700.04800076804 2.0337531703226253e-10
16750.04800076804 7.696287293359941e-10
16800.04800076804 1.2137938081193317e-09
16850.04800076804 1.2182725914756566e-09
16900.04800076804 6.507878938870025e-10
16950.04800076804 4.752833203506193e-10
17000.04800076804 2.6089405225989586e-10
17050.04800076804 4.723253204431446e-10
17100.04800076804 7.540674359027571e-10
17150.04800076804 4.4339443060066857e-10
17200.04800076804 1.3038426452746016e-09
17250.04800076804 6.688264298958382e-10
17300.04800076804 4.4158816934868423e-10
17350.04800076804 5.298624035623421e-10
17400.04800076804 7.799558471963556e-10
17450.04800076804 9.861356369848682e-10
17500.04800076804 1.3008327276232697e-09
17550.04800076804 1.0092694044412299e-09
17600.04800076804 7.785870691210874e-10
17650.04800076804 6.08091577706679e-10
17700.04800076804 5.135079004149058e-10
17750.04800076804 4.0039261424607736e-10
17800.04800076804 7.028861311698294e-10
17850.04800076804 3.7512399617850294e-10
17900.04800076804 3.013893702874869e-10
17950.04800076804 1.7444262545446867e-10
18000.04800076804 3.043399686975074e-10
18050.04800076804 1.7928569277842662e-10
18100.04800076804 1.9247594539527172e-10
18150.04800076804 1.859974734121197e-10
18200.04800076804 1.0177001699438394e-10
18250.04800076804 4.111486418000799e-10
18300.04800076804 8.322274907533479e-11
18350.04800076804 6.786913139464372e-11
18400.04800076804 4.453308805547752e-11
18450.04800076804 2.3685294395346893e-10
18500.04800076804 2.3108847480899064e-10
18550.04800076804 1.178184539305079e-10
18600.04800076804 1.548772271289688e-10
18650.04800076804 9.026731813763729e-11
18700.04800076804 2.7541386335754547e-11
18750.04800076804 6.398471785837115e-11
18800.04800076804 4.638022666820662e-10
18850.04800076804 3.9479973180157384e-10
18900.04800076804 3.516419435479003e-10
18950.04800076804 7.238868598228048e-10
19000.04800076804 1.8721198056578554e-10
19050.04800076804 9.851754019361033e-11
19100.04800076804 2.9114257691920536e-10
19150.04800076804 1.231872726189952e-10
19200.04800076804 2.6680593825016294e-10
19250.04800076804 1.8043884244225363e-10
19300.04800076804 1.1057568724341238e-10
19350.04800076804 1.395729099046658e-10
19400.04800076804 9.913159569726469e-11
19450.04800076804 2.020561365201497e-10
19500.04800076804 1.8006144734255143e-10
19550.04800076804 1.8409545557131942e-10
19600.04800076804 3.1924082773260514e-10
19650.04800076804 3.5035384506809206e-10
19700.04800076804 4.038659738270448e-10
19750.04800076804 6.101616787689739e-10
19800.04800076804 5.450020156546289e-10
19850.04800076804 7.375980315416155e-10
19900.04800076804 7.98971983462378e-10
19950.04800076804 1.1068349220595068e-09
20000.04800076804 1.1557548053201053e-09
20050.04800076804 1.0847538115068983e-09
20100.04800076804 1.589520892774784e-09
20150.04800076804 1.1281507296029399e-09
20200.04800076804 1.0466398072113949e-09
20250.04800076804 1.548690897157114e-09
20300.04800076804 1.5524607416317178e-09
20350.04800076804 1.7416466073230033e-09
20400.04800076804 1.5258324539506705e-09
20450.04800076804 2.182863370662739e-09
20500.04800076804 2.26419283108118e-09
20550.04800076804 2.3405968118512364e-09
20600.04800076804 2.464736026889513e-09
20650.04800076804 2.5627626034574408e-09
20700.04800076804 2.5496625128662163e-09
20750.04800076804 2.6757876220005517e-09
20800.04800076804 2.548021393351627e-09
20850.04800076804 2.6699402033941202e-09
20900.04800076804 2.673074978282137e-09
20950.04800076804 2.567818324469615e-09
21000.04800076804 2.5048347122458595e-09
21050.04800076804 2.472926779202165e-09
21100.04800076804 2.3885306023718354e-09
21150.04800076804 2.3618341612119613e-09
21200.04800076804 2.2415698078328678e-09
21250.04800076804 2.1326156216914764e-09
21300.04800076804 1.935940941155314e-09
21350.04800076804 1.882705236564283e-09
21400.04800076804 1.8595861381615886e-09
21450.04800076804 1.556216895876049e-09
21500.04800076804 1.5412488762960232e-09
21550.04800076804 1.4671163611583342e-09
21600.04800076804 1.3284832369775504e-09
21650.04800076804 1.1407240874444627e-09
21700.04800076804 1.165190915530551e-09
21750.04800076804 1.169737451206558e-09
21800.04800076804 9.690672800387043e-10
21850.04800076804 8.54319474311203e-10
21900.04800076804 7.12376231216217e-10
21950.04800076804 2.9633736967409224e-10
22000.04800076804 5.116518569053376e-11
22050.04800076804 7.900477157763195e-11
22100.04800076804 2.9572908691651893e-10
22150.04800076804 2.435359108474571e-10
22200.04800076804 2.00147424499362e-10
22250.04800076804 1.921071937298833e-10
22300.04800076804 9.947278354641282e-11
22350.04800076804 1.257624492585174e-10
22400.04800076804 5.589099923905545e-11
22450.04800076804 6.255156019341974e-11
22500.04800076804 6.503777505503949e-11
22550.04800076804 3.2782764423468266e-11
22600.04800076804 3.991185912737345e-11
22650.04800076804 7.493497425328682e-11
22700.04800076804 4.60502881181467e-11
22750.04800076804 4.220775186753255e-11
22800.04800076804 5.921512041681709e-11
22850.04800076804 5.1107861164948666e-11
22900.04800076804 2.8356660066167955e-11
22950.04800076804 1.9982686304846246e-11
23000.04800076804 3.558047470739944e-11
23050.04800076804 4.1427681522464444e-11
23100.04800076804 2.1954813913196573e-10
23150.04800076804 2.1840141068176179e-10
23200.04800076804 9.872754788965412e-12
23250.04800076804 3.210275892412366e-11
23300.04800076804 4.177657057148682e-11
23350.04800076804 3.463641899469597e-11
23400.04800076804 4.190487046647535e-11
23450.04800076804 2.079283864859469e-11
23500.04800076804 2.4188749245441246e-11
23550.04800076804 4.587277817363651e-11
23600.04800076804 8.582846191485789e-11
23650.04800076804 1.0132443698554979e-10
23700.04800076804 2.0818129200337824e-11
23750.04800076804 2.3463471303651336e-11
