galfind/configs/Brown_Dwarf_templates/sonora_cholla/logkzz2/562g/650K_562g_logkzz2_resample.dat
# %ECSV 1.0
# ---
# datatype:
# - {name: wav, unit: Angstrom, datatype: float64}
# - {name: flux_nu, unit: erg / (cm2 Hz s), datatype: float64}
# schema: astropy-2.0
wav flux_nu
[from data line 417]
23850.04800076804 1.6317593583141917e-10
23900.04800076804 3.564817898412554e-10
23950.04800076804 2.3129133162486403e-10
24000.04800076804 4.348958888430438e-10
24050.04800076804 4.936189540303509e-10
24100.04800076804 4.574103480451316e-10
24150.04800076804 6.546246034292298e-10
24200.04800076804 5.591936119411134e-10
24250.04800076804 3.6913821618039773e-10
24300.04800076804 7.759495724454148e-10
24350.04800076804 4.902301360598643e-10
24400.04800076804 1.1063586418816763e-09
24450.04800076804 1.0301849953661665e-09
24500.04800076804 9.843637224464914e-10
24550.04800076804 1.5033664462292927e-09
24600.04800076804 1.752599516425663e-09
24650.04800076804 2.07725837030769e-09
24700.04800076804 1.4299333414209818e-09
24750.04800076804 1.7171372933463203e-09
24800.04800076804 1.5080533554497595e-09
24850.04800076804 2.436699739280991e-09
24900.04800076804 9.000465621199433e-10
24950.04800076804 1.892735336655416e-09
25000.04800076804 1.828641403073135e-09
25050.04800076804 1.007603946441839e-09
25100.04800076804 1.640895755705444e-09
25150.04800076804 7.349310165779067e-10
25200.04800076804 1.0983983355040621e-09
25250.04800076804 4.3269282805236455e-10
25300.04800076804 6.438064214361895e-10
25350.04800076804 2.7157615055382924e-10
25400.04800076804 7.638033199301996e-10
25450.04800076804 2.78498122455185e-10
25500.04800076804 2.2666696525063157e-10
25550.04800076804 4.605549909573284e-10
25600.04800076804 2.1527804722169836e-10
25650.04800076804 1.2722700916525795e-10
25700.04800076804 1.8749847332939877e-10
25750.04800076804 6.691956778022991e-11
25800.04800076804 3.0764320582533025e-10
25850.04800076804 5.915014559758001e-11
25900.04800076804 9.847195850981118e-11
25950.04800076804 3.1004439278581906e-11
26000.04800076804 2.683090439487469e-10
26050.04800076804 4.506418573604482e-11
26100.04800076804 2.203257417549436e-10
26150.04800076804 1.0333753369427154e-10
26200.04800076804 1.2568202477216334e-10
26250.04800076804 6.674344550651903e-10
26300.04800076804 1.693123671807049e-10
26350.04800076804 9.34854845757907e-10
26400.04800076804 1.3739737371814336e-09
26450.04800076804 8.638651824676573e-10
26500.04800076804 1.6329411963944385e-09
26550.04800076804 2.8685825529824624e-10
26600.04800076804 2.917002759434712e-10
26650.04800076804 6.365091352823286e-11
26700.04800076804 3.346105335444017e-11
26750.04800076804 5.153010960355518e-11
26800.04800076804 1.1339643849499063e-10
26850.04800076804 7.277786914906476e-11
26900.04800076804 3.037821897059694e-10
26950.04800076804 1.0362760122837732e-10
27000.04800076804 5.014018266660556e-10
27050.04800076804 5.516427774243657e-10
27100.04800076804 1.1488491290079899e-10
27150.04800076804 7.784331646928073e-10
27200.04800076804 1.0641818817101442e-10
27250.04800076804 2.873790083331914e-10
27300.04800076804 1.8395030583931383e-09
27350.04800076804 6.64843728957501e-10
27400.04800076804 4.822046793079975e-11
27450.04800076804 8.768204493957505e-10
27500.04800076804 1.217658362519967e-09
27550.04800076804 1.8579650178616335e-10
27600.04800076804 5.050536009322295e-10
27650.04800076804 1.51362117029037e-10
27700.04800076804 1.2958342608136258e-10
27750.04800076804 6.881321445351332e-10
27800.04800076804 2.4236605952617377e-10
27850.04800076804 3.3606538636530004e-10
27900.04800076804 4.738875901970754e-10
27950.04800076804 1.0916651232157163e-09
28000.04800076804 7.920398787883159e-10
28050.04800076804 1.569214399264749e-10
28100.04800076804 1.255817646301878e-09
28150.04800076804 7.726760685689635e-10
28200.04800076804 2.2894769447760247e-10
28250.04800076804 1.5560872448594242e-09
28300.04800076804 2.062952659023636e-09
28350.04800076804 2.994534588375682e-10
28400.04800076804 1.1483015151626662e-09
28450.04800076804 2.318920716404632e-09
28500.04800076804 1.0912802573959228e-09
28550.04800076804 2.9288544296983184e-10
28600.04800076804 1.950413250850393e-09
28650.04800076804 1.7303264914370632e-09
28700.04800076804 1.5173858704544246e-09
28750.04800076804 3.250817797358856e-09
28800.04800076804 2.4870637143523908e-09
28850.04800076804 2.9821060505278903e-09
28900.04800076804 1.3754178782037443e-09
28950.04800076804 4.037661324055919e-09
29000.04800076804 2.733647575734736e-09
29050.04800076804 3.028176919144163e-09
29100.04800076804 2.289072845308653e-09
29150.04800076804 4.799238508606958e-09
29200.04800076804 3.3401691307306744e-09
29250.04800076804 4.863477616691358e-09
29300.04800076804 2.537680258079207e-09
29350.04800076804 1.1984414623272832e-08
29400.04800076804 2.764895312984962e-09
29450.04800076804 3.461696275510656e-09
29500.04800076804 7.2179925058154195e-09
29550.04800076804 3.7903390934776785e-09
29600.04800076804 6.208480204795671e-09
29650.04800076804 8.520381720824959e-09
29700.04800076804 2.9747332872476948e-09
29750.04800076804 6.220108316167762e-09
29800.04800076804 5.9258787191154034e-09
29850.04800076804 1.0321071079673553e-08
29900.04800076804 9.852704990154034e-09
29950.04800076804 6.734810957005117e-09
30000.04800076804 1.1912815349532688e-09
30050.04800076804 2.5955732937967044e-09
30100.04800076804 5.485264135845968e-09
30150.04800076804 9.441033434355412e-09
30200.04800076804 5.691279943671539e-09
30250.04800076804 1.4768025226395482e-08
30300.04800076804 1.3161361020570247e-08
30350.04800076804 6.341525739539766e-09
30400.04800076804 1.4075657158552398e-08
30450.04800076804 9.012778368318395e-09
30500.04800076804 8.025606991905893e-09
30550.04800076804 5.956884345201381e-09
30600.04800076804 1.67438556778907e-08
30650.04800076804 1.0412933565139652e-08
30700.04800076804 7.778283335658398e-09
30750.04800076804 1.034068910266605e-08
30800.04800076804 7.286844333280741e-09
30850.04800076804 8.998902883733967e-09
30900.04800076804 7.501521828658979e-09
30950.04800076804 3.929909613198152e-09
31000.04800076804 6.209748829139279e-09
31050.04800076804 5.791770579198124e-09
31100.04800076804 3.5634782516221244e-09
31150.04800076804 5.0103811004232664e-09
31200.04800076804 8.276811158066428e-09
31250.04800076804 3.820541346618859e-09
31300.04800076804 3.287417627147268e-09
31350.04800076804 4.50684306619402e-09
31400.04800076804 2.698098277327986e-09
31450.04800076804 3.726946764332062e-09
31500.04800076804 1.7149907603855739e-09
31550.04800076804 2.179670605911299e-09
31600.04800076804 1.5806811510956197e-09
31650.04800076804 1.3135977698921277e-09
31700.04800076804 1.7105562281797972e-09
31750.04800076804 6.404162004826774e-10
31800.04800076804 1.5959639372899242e-09
31850.04800076804 4.769120805246079e-10
31900.04800076804 1.0092315062922644e-09
31950.04800076804 5.81387646292502e-10
32000.04800076804 5.911384061488324e-10
32050.04800076804 5.564059732141013e-10
32100.04800076804 4.266836586434977e-10
32150.04800076804 6.02141945013813e-10
32200.04800076804 3.2732969900294105e-10
32250.04800076804 8.319926601423059e-10
32300.04800076804 2.605602965023653e-10
32350.04800076804 8.977124279133282e-10
32400.04800076804 2.5926149413729103e-10
32450.04800076804 6.419420050452481e-10
32500.04800076804 3.3531640778381865e-10
32550.04800076804 6.42611020969621e-10
32600.04800076804 3.871081422103622e-10
32650.04800076804 1.0844033126607662e-09
32700.04800076804 5.433228709746551e-10
32750.04800076804 1.8318667637375677e-09
32800.04800076804 1.3012004644892717e-09
32850.04800076804 2.7684916856675556e-09
32900.04800076804 2.4687056838590768e-09
32950.04800076804 2.837954974593252e-09
33000.04800076804 1.3720235321560645e-09
33050.04800076804 1.5797889860168991e-09
33100.04800076804 5.159735447223795e-10
33150.04800076804 2.322465401790689e-12
33200.04800076804 2.3960650052295962e-11
33250.04800076804 2.927923380177349e-11
33300.04800076804 1.1575256709550687e-10
33350.04800076804 3.694593493656154e-10
33400.04800076804 8.848672354273863e-10
33450.04800076804 6.601081613798033e-10
33500.04800076804 1.9831842672040724e-09
33550.04800076804 8.371838603964334e-10
33600.04800076804 1.3125517526383735e-09
33650.04800076804 1.2444894002571913e-09
33700.04800076804 7.142538204582582e-10
33750.04800076804 1.740437449403734e-09
33800.04800076804 3.624166975425203e-10
33850.04800076804 9.863230722704377e-10
33900.04800076804 1.087259470069221e-09
33950.04800076804 9.540302746913962e-10
34000.04800076804 1.759937176826811e-09
34050.04800076804 3.641193258246502e-10
34100.04800076804 1.4002930494782156e-09
34150.04800076804 6.538583705341368e-10
34200.04800076804 1.3258920102780006e-09
34250.04800076804 1.0114737988879853e-09
34300.04800076804 8.808458076726817e-10
34350.04800076804 1.988646236888018e-09
34400.04800076804 7.242384166123819e-10
34450.04800076804 1.949713533366094e-09
34500.04800076804 1.0247121375553096e-09
34550.04800076804 7.791164735409518e-10
34600.04800076804 2.746197669651245e-09
34650.04800076804 6.173072682771247e-10
34700.04800076804 1.5293201381193185e-09
34750.04800076804 1.3195384244285444e-09
34800.04800076804 9.67758346772445e-10
34850.04800076804 2.7056321851855912e-09
34900.04800076804 1.2199897806700669e-09
34950.04800076804 2.0325488495790834e-09
35000.04800076804 3.862808494098821e-09
35050.04800076804 1.9765793230349684e-09
35100.04800076804 4.473639065000817e-09
35150.04800076804 3.8446371234962464e-09
35200.04800076804 3.528897738228476e-09
35250.04800076804 4.815778991170363e-09
35300.04800076804 2.35491783372115e-09
35350.04800076804 4.047015476405824e-09
35400.04800076804 3.116697922165486e-09
35450.04800076804 2.529192669041373e-09
35500.04800076804 8.09781546151184e-09
35550.04800076804 4.414284441750559e-09
35600.04800076804 5.541700246749483e-09
35650.04800076804 5.877958756223185e-09
35700.04800076804 4.536446806864238e-09
35750.04800076804 9.670974611667015e-09
35800.04800076804 6.0970412401985416e-09
35850.04800076804 3.278704212010274e-09
35900.04800076804 5.877690947078063e-09
35950.04800076804 6.748111501962428e-09
36000.04800076804 4.089900770634992e-09
36050.04800076804 5.506742553075786e-09
36100.04800076804 4.829109447513794e-09
36150.04800076804 1.006053737165098e-08
36200.04800076804 9.080296661008672e-09
36250.04800076804 8.243311402281473e-09
36300.04800076804 1.327114207682314e-08
36350.04800076804 9.097965499118362e-09
36400.04800076804 1.54121713367171e-08
36450.04800076804 1.1525616208556045e-08
36500.04800076804 1.2258187184184909e-08
36550.04800076804 2.0649010989430507e-08
36600.04800076804 2.2252627175827223e-08
36650.04800076804 1.8014221100233428e-08
36700.04800076804 1.827177326583042e-08
36750.04800076804 2.2043493306777836e-08
36800.04800076804 2.2725823188186793e-08
36850.04800076804 1.3571236572948653e-08
36900.04800076804 1.968029273376397e-08
36950.04800076804 2.2612309488245636e-08
37000.04800076804 1.7699415272623842e-08
37050.04800076804 2.561901389215175e-08
37100.04800076804 1.900637496337251e-08
37150.04800076804 2.2016282166810312e-08
37200.04800076804 2.7270437360230734e-08
37250.04800076804 1.9358988128730004e-08
37300.04800076804 1.7773531136667082e-08
37350.04800076804 2.5931843817843805e-08
37400.04800076804 3.6783744148156946e-08
37450.04800076804 1.74782666984775e-08
37500.04800076804 2.245000087100768e-08
37550.04800076804 4.159274582540383e-08
37600.04800076804 5.326748279645178e-08
37650.04800076804 2.490302656984846e-08
37700.04800076804 3.783159476400791e-08
37750.04800076804 2.5255662668735598e-08
37800.04800076804 2.853611571206062e-08
37850.04800076804 1.7708682080413054e-08
37900.04800076804 2.297483311234629e-08
37950.04800076804 3.4972178223835895e-08
38000.04800076804 3.884112059238729e-08
38050.04800076804 4.2500615020641635e-08
38100.04800076804 5.1689681338720954e-08
38150.04800076804 5.0848282842357164e-08
38200.04800076804 4.8771688122430613e-08
38250.04800076804 4.9739264024445177e-08
38300.04800076804 8.024901478130535e-08
38350.04800076804 6.90216823792041e-08
38400.04800076804 3.6832669029118624e-08
38450.04800076804 2.6963293853485097e-08
38500.04800076804 1.7196675871441066e-08
38550.04800076804 3.7604749604074114e-08
38600.04800076804 4.2694690392078727e-08
38650.04800076804 5.4835185715395e-08
38700.04800076804 5.3296988958050724e-08
38750.04800076804 5.634524847790875e-08
38800.04800076804 4.2392689706875555e-08
38850.04800076804 6.161800861337775e-08
38900.04800076804 6.539520698511502e-08
38950.04800076804 4.330166566866387e-08
39000.04800076804 7.145126795362206e-08
39050.04800076804 4.830697009748727e-08
39100.04800076804 6.327976774604715e-08
39150.04800076804 6.554847987637974e-08
39200.04800076804 5.278977037932771e-08
39250.04800076804 7.48647749339111e-08
39300.04800076804 6.365338681922843e-08
39350.04800076804 9.98950649029539e-08
39400.04800076804 7.238027891403956e-08
39450.04800076804 8.050385152353224e-08
39500.04800076804 8.922921474758196e-08
39550.04800076804 6.556040012920718e-08
39600.04800076804 8.310381906377975e-08
39650.04800076804 1.1532326095124633e-07
39700.04800076804 8.858043964891442e-08
39750.04800076804 4.94185237586212e-08
39800.04800076804 6.69863131130756e-08
39850.04800076804 1.135067768515845e-07
39900.04800076804 1.1852441791546847e-07
39950.04800076804 8.129746595904003e-08
40000.04800076804 1.2159080088511196e-07
40050.04800076804 1.1203189405141852e-07
40100.04800076804 5.329023256899312e-08
40150.04800076804 1.1404815144862751e-07
40200.04800076804 1.2050534935329988e-07
40250.04800076804 1.289635903973154e-07
40300.04800076804 1.2752582374880306e-07
40350.04800076804 7.876025588696007e-08
40400.04800076804 1.2434849628823406e-07
40450.04800076804 8.251446983629485e-08
40500.04800076804 1.3585769210627674e-07
40550.04800076804 1.2768498795241602e-07
40600.04800076804 1.223627615283866e-07
40650.04800076804 1.045589645448987e-07
40700.04800076804 1.8377589053705265e-07
40750.04800076804 1.323318476726791e-07
40800.04800076804 8.527091449170817e-08
40850.04800076804 1.7898731414553846e-07
40900.04800076804 1.6485257841863495e-07
40950.04800076804 1.1263764274613915e-07
41000.04800076804 1.3843902888304978e-07
41050.04800076804 1.8532222667535398e-07
41100.04800076804 1.3624535412991746e-07
41150.04800076804 7.594770325702803e-08
41200.04800076804 1.823420107013289e-07
41250.04800076804 1.5114788533659332e-07
41300.04800076804 1.4643228830608894e-07
41350.04800076804 1.9622469226659445e-07
41400.04800076804 1.6118008523891415e-07
41450.04800076804 1.8013017709238707e-07
41500.04800076804 1.2540544978856945e-07
41550.04800076804 1.129604363108825e-07
41600.04800076804 1.491733575024912e-07
41650.04800076804 1.7676218709430208e-07
41700.04800076804 1.6893514234663514e-07
41750.04800076804 1.508544853676993e-07
41800.04800076804 2.0266273638786524e-07
41850.04800076804 1.2574901249413198e-07
41900.04800076804 1.2268498574399106e-07
41950.04800076804 1.563110390037193e-07
42000.04800076804 1.7323932204333099e-07
42050.04800076804 1.45074987813143e-07
42100.04800076804 1.945258731906374e-07
42150.04800076804 1.4175532384093912e-07
42200.04800076804 1.481207762315758e-07
42250.04800076804 1.2735800582247472e-07
42300.04800076804 1.2163003160608015e-07
42350.04800076804 1.6097090148676382e-07
42400.04800076804 1.786167682089941e-07
42450.04800076804 1.5745951726216467e-07
42500.04800076804 1.5085410608275366e-07
42550.04800076804 1.400452798366575e-07
42600.04800076804 1.4469249469415065e-07
42650.04800076804 2.1340139700708027e-07
42700.04800076804 1.0854605421909364e-07
42750.04800076804 1.2812083748720417e-07
42800.04800076804 1.5159983552989356e-07
42850.04800076804 1.73064679063598e-07
42900.04800076804 1.9067825401718977e-07
42950.04800076804 1.3650514307484426e-07
43000.04800076804 1.7585533548555908e-07
43050.04800076804 7.99233276600466e-08
43100.04800076804 1.353545131084128e-07
43150.04800076804 1.3214527730457356e-07
43200.04800076804 1.5938378211070564e-07
43250.04800076804 2.2934306293744035e-07
43300.04800076804 2.0886040169968016e-07
43350.04800076804 1.0991851607500617e-07
43400.04800076804 1.5476942885771635e-07
43450.04800076804 1.0938176479808123e-07
43500.04800076804 1.295789573525307e-07
43550.04800076804 1.2430220060288087e-07
43600.04800076804 1.7857671247492453e-07
