galfind/configs/Brown_Dwarf_templates/sonora_cholla/logkzz2/562g/650K_562g_logkzz2_resample.dat
# %ECSV 1.0
# ---
# datatype:
# - {name: wav, unit: Angstrom, datatype: float64}
# - {name: flux_nu, unit: erg / (cm2 Hz s), datatype: float64}
# schema: astropy-2.0
wav flux_nu
3000.0480007680403 nan
3050.0480007680403 0.0
3100.0480007680403 0.0
3150.0480007680403 0.0
3200.0480007680403 0.0
3250.0480007680403 0.0
3300.0480007680403 0.0
3350.0480007680403 0.0
3400.0480007680403 0.0
3450.0480007680403 0.0
3500.0480007680403 0.0
3550.0480007680403 0.0
3600.0480007680403 0.0
3650.0480007680403 0.0
3700.0480007680403 0.0
3750.0480007680403 0.0
3800.0480007680403 0.0
3850.0480007680403 0.0
3900.0480007680403 0.0
3950.0480007680403 0.0
4000.0480007680403 0.0
4050.0480007680403 0.0
4100.04800076804 0.0
4150.04800076804 0.0
4200.04800076804 0.0
4250.04800076804 0.0
4300.04800076804 0.0
4350.04800076804 0.0
4400.04800076804 0.0
4450.04800076804 0.0
4500.04800076804 0.0
4550.04800076804 0.0
4600.04800076804 0.0
4650.04800076804 0.0
4700.04800076804 0.0
4750.04800076804 0.0
4800.04800076804 0.0
4850.04800076804 0.0
4900.04800076804 0.0
4950.04800076804 0.0
5000.04800076804 8.357858198536409e-12
5050.04800076804 2.2177431215392492e-11
5100.04800076804 2.573361588640357e-11
5150.04800076804 3.0100449326036636e-11
5200.04800076804 3.516588532848224e-11
5250.04800076804 4.0778048692614946e-11
5300.04800076804 4.716419723088825e-11
5350.04800076804 5.437638940679822e-11
5400.04800076804 6.228129170098359e-11
5450.04800076804 7.130558429269993e-11
5500.04800076804 8.148024406580333e-11
5550.04800076804 9.285188603571934e-11
5600.04800076804 1.0518730355690098e-10
5650.04800076804 1.1820280387683002e-10
5700.04800076804 1.3039839775886328e-10
5750.04800076804 1.4325523284202904e-10
5800.04800076804 1.516790670154753e-10
5850.04800076804 1.4738518638789985e-10
5900.04800076804 5.7406013806804735e-11
5950.04800076804 9.418763338944675e-11
6000.04800076804 2.2319842723320694e-10
6050.04800076804 2.8935141160399716e-10
6100.04800076804 3.48001005170993e-10
6150.04800076804 4.039760058526108e-10
6200.04800076804 4.6085727800981046e-10
6250.04800076804 5.181440856632594e-10
6300.04800076804 5.833944431931116e-10
6350.04800076804 6.538852816675969e-10
6400.04800076804 7.279408227139226e-10
6450.04800076804 7.814185815601179e-10
6500.04800076804 8.64794276737071e-10
6550.04800076804 9.682643477721301e-10
6600.04800076804 1.0771493867723221e-09
6650.04800076804 1.2070164424749898e-09
6700.04800076804 1.358862966125542e-09
6750.04800076804 1.5138942389157084e-09
6800.04800076804 1.6752533567150746e-09
6850.04800076804 1.8502701605348843e-09
6900.04800076804 1.883722227213142e-09
6950.04800076804 1.8967464250997367e-09
7000.04800076804 2.1365614046820114e-09
7050.04800076804 2.2243982402141276e-09
7100.04800076804 2.3860131577524495e-09
7150.04800076804 2.044530735828617e-09
7200.04800076804 1.9393072004244106e-09
7250.04800076804 2.235078158047751e-09
7300.04800076804 2.330067583874031e-09
7350.04800076804 2.6758774302539875e-09
7400.04800076804 3.066351627182722e-09
7450.04800076804 3.5564842656064235e-09
7500.04800076804 3.950406456975337e-09
7550.04800076804 4.35161723510206e-09
7600.04800076804 4.728982696558773e-09
7650.04800076804 5.0375055021857765e-09
7700.04800076804 3.922202667963975e-09
7750.04800076804 2.4287783642253847e-09
7800.04800076804 5.731878472384005e-09
7850.04800076804 6.1331106627396716e-09
7900.04800076804 6.603919492444764e-09
7950.04800076804 7.1259225383558585e-09
8000.04800076804 7.4273072220071266e-09
8050.04800076804 7.67106757356847e-09
8100.04800076804 6.108645600669782e-09
8150.04800076804 5.3011667351708255e-09
8200.04800076804 7.378434206631206e-09
8250.04800076804 7.062732570513974e-09
8300.04800076804 7.682223845892367e-09
8350.04800076804 7.740165466113956e-09
8400.04800076804 8.166640564888882e-09
8450.04800076804 9.42522530375483e-09
8500.04800076804 1.049879661058414e-08
8550.04800076804 1.1729509697120693e-08
8600.04800076804 1.3100165215371899e-08
8650.04800076804 1.404155245684538e-08
8700.04800076804 1.4314812062745823e-08
8750.04800076804 1.514694175404703e-08
8800.04800076804 1.5056486838234388e-08
8850.04800076804 1.2614723577018559e-08
8900.04800076804 5.430985227546658e-09
8950.04800076804 4.6063162921451904e-09
9000.04800076804 4.243665418513409e-09
9050.04800076804 9.590817730154093e-09
9100.04800076804 1.019570696652532e-08
9150.04800076804 9.376474389069453e-09
9200.04800076804 1.1565044842778132e-08
9250.04800076804 8.48301167721721e-09
9300.04800076804 5.101552111594699e-10
9350.04800076804 8.794615819250333e-10
9400.04800076804 2.900231097096807e-09
9450.04800076804 2.5074936181111533e-09
9500.04800076804 1.965089436876568e-09
9550.04800076804 2.0406884409860456e-09
9600.04800076804 2.031831369985803e-09
9650.04800076804 2.9812849804752526e-09
9700.04800076804 5.400833632443353e-09
9750.04800076804 5.412747114126681e-09
9800.04800076804 6.614104425195606e-09
9850.04800076804 8.083550700839893e-09
9900.04800076804 1.0934139869337479e-08
9950.04800076804 1.161674342833839e-08
10000.04800076804 1.4792977239038281e-08
10050.04800076804 1.5748120783328666e-08
10100.04800076804 1.875305872989683e-08
10150.04800076804 2.0602764157109656e-08
10200.04800076804 2.2589834368648627e-08
10250.04800076804 2.565782721108712e-08
10300.04800076804 2.9297017029683032e-08
10350.04800076804 3.0562935603844616e-08
10400.04800076804 3.5304772577259694e-08
10450.04800076804 3.8039084726712156e-08
10500.04800076804 4.001101558698964e-08
10550.04800076804 4.205143864953308e-08
10600.04800076804 4.182643685329015e-08
10650.04800076804 4.1598759286730996e-08
10700.04800076804 3.9533926112189763e-08
10750.04800076804 3.873186588562712e-08
10800.04800076804 3.6209014371409655e-08
10850.04800076804 3.251726617656563e-08
10900.04800076804 2.401033572924913e-08
10950.04800076804 1.1850771942265404e-08
11000.04800076804 6.790500052939452e-09
11050.04800076804 3.367531771657011e-09
11100.04800076804 1.7680391765639226e-09
11150.04800076804 8.062418538664975e-10
11200.04800076804 7.068548401049503e-10
11250.04800076804 9.92467379406172e-10
11300.04800076804 1.2530486223792928e-09
11350.04800076804 4.295389466343531e-10
11400.04800076804 1.6763985945751743e-09
11450.04800076804 9.906253176873632e-10
11500.04800076804 9.619389598522585e-10
11550.04800076804 3.214771632400462e-10
11600.04800076804 2.361457488037429e-10
11650.04800076804 6.424120222760055e-10
11700.04800076804 8.195712395371354e-10
11750.04800076804 2.9396120922829886e-10
11800.04800076804 1.3381921142133325e-09
11850.04800076804 2.302967422000401e-09
11900.04800076804 3.014670374099085e-09
11950.04800076804 4.901236440065135e-09
12000.04800076804 7.333967004575552e-09
12050.04800076804 1.0589552706903063e-08
12100.04800076804 1.4192944138899585e-08
12150.04800076804 1.8628132237469514e-08
12200.04800076804 2.2334855792925553e-08
12250.04800076804 2.7753463970492462e-08
12300.04800076804 3.457801694229605e-08
12350.04800076804 3.679878444485562e-08
12400.04800076804 4.5887743618221106e-08
12450.04800076804 5.394522951538681e-08
12500.04800076804 5.919585757291678e-08
12550.04800076804 6.459446511736796e-08
12600.04800076804 6.797343772042922e-08
12650.04800076804 6.823107808031874e-08
12700.04800076804 6.761790358055802e-08
12750.04800076804 5.8909878988674886e-08
12800.04800076804 5.2976676615818146e-08
12850.04800076804 4.0026256954365805e-08
12900.04800076804 3.2532426856714666e-08
12950.04800076804 2.7309049573758985e-08
13000.04800076804 2.8682058864335855e-08
13050.04800076804 2.1400959000155666e-08
13100.04800076804 2.0459505110681888e-08
13150.04800076804 1.4477697924721195e-08
13200.04800076804 1.39267529314258e-08
13250.04800076804 9.365865366570375e-09
13300.04800076804 3.6880142672943147e-09
13350.04800076804 1.1045226121307547e-09
13400.04800076804 3.155225641114207e-10
13450.04800076804 1.0511702513614174e-10
13500.04800076804 3.8948713962243935e-11
13550.04800076804 1.516405657267523e-11
13600.04800076804 4.4034131983590796e-12
13650.04800076804 3.0270580865801e-11
13700.04800076804 1.6790787301893145e-11
13750.04800076804 4.864835460050791e-11
13800.04800076804 5.2069365813069295e-11
13850.04800076804 2.149021549036641e-11
13900.04800076804 3.0384846691165445e-11
13950.04800076804 2.8778539048537394e-11
14000.04800076804 3.235372897509162e-11
14050.04800076804 5.5436163791262065e-11
14100.04800076804 4.480561632444596e-11
14150.04800076804 9.035419483407777e-11
14200.04800076804 5.7756277926812145e-11
14250.04800076804 7.891344261876169e-11
14300.04800076804 2.502725292772887e-10
14350.04800076804 2.0248969024099706e-10
14400.04800076804 2.1467598947214377e-10
14450.04800076804 3.634444063040628e-10
14500.04800076804 8.137033157319403e-10
14550.04800076804 8.648197544863851e-10
14600.04800076804 1.6036844551449916e-09
14650.04800076804 1.337298812678014e-09
14700.04800076804 7.482762107201362e-10
14750.04800076804 1.0267174684132031e-09
14800.04800076804 1.2863638899180463e-09
14850.04800076804 1.3241447618648527e-09
14900.04800076804 1.5828091389730234e-09
14950.04800076804 2.0179554003389415e-09
15000.04800076804 3.157124555474949e-09
15050.04800076804 3.3937623218722858e-09
15100.04800076804 3.537511020968341e-09
15150.04800076804 3.2840338308367806e-09
15200.04800076804 4.476022063566104e-09
15250.04800076804 7.118766692289357e-09
15300.04800076804 8.470093657388958e-09
15350.04800076804 1.1056226184419174e-08
15400.04800076804 1.3192491430585775e-08
15450.04800076804 1.5386898163891563e-08
15500.04800076804 1.73914653129514e-08
15550.04800076804 2.174363788488107e-08
15600.04800076804 2.5524919122556746e-08
15650.04800076804 2.9074799348648865e-08
15700.04800076804 3.480909140841376e-08
15750.04800076804 3.780642191581171e-08
15800.04800076804 3.9598150221474105e-08
15850.04800076804 4.2271811930927913e-08
15900.04800076804 3.8964121866321786e-08
15950.04800076804 3.625362839422137e-08
16000.04800076804 2.884951178975004e-08
16050.04800076804 1.897436698887022e-08
16100.04800076804 1.2422397656437352e-08
16150.04800076804 7.043510946361911e-09
16200.04800076804 3.801816444266545e-09
16250.04800076804 2.9098974140314606e-09
16300.04800076804 2.0258096547760746e-09
16350.04800076804 2.43620688366946e-09
16400.04800076804 2.949383597984175e-09
16450.04800076804 2.951977758247652e-09
16500.04800076804 3.0366560447054424e-09
16550.04800076804 2.9541977734060206e-09
16600.04800076804 4.121106846587182e-09
16650.04800076804 2.8928940105876024e-09
16700.04800076804 4.972907264325699e-10
16750.04800076804 1.647063575262556e-09
16800.04800076804 2.6377075256552664e-09
16850.04800076804 2.653336889652367e-09
16900.04800076804 1.564695877363488e-09
16950.04800076804 1.1821438239337294e-09
17000.04800076804 7.021860004309494e-10
17050.04800076804 1.1958362246257875e-09
17100.04800076804 1.7920472416705077e-09
17150.04800076804 1.1096602782965203e-09
17200.04800076804 2.894574533379415e-09
17250.04800076804 1.665033108649276e-09
17300.04800076804 1.1321101540554591e-09
17350.04800076804 1.291345515840489e-09
17400.04800076804 1.7551607602607478e-09
17450.04800076804 2.1867951525006125e-09
17500.04800076804 2.803682295619503e-09
17550.04800076804 2.213400007422446e-09
17600.04800076804 1.6950782293940626e-09
17650.04800076804 1.4034025091467878e-09
17700.04800076804 1.1602046174954525e-09
17750.04800076804 9.290297150115236e-10
17800.04800076804 1.538779959263513e-09
17850.04800076804 8.61185621871172e-10
17900.04800076804 7.348070382282327e-10
17950.04800076804 4.3805074671900183e-10
18000.04800076804 7.190289510638293e-10
18050.04800076804 4.668941059798337e-10
18100.04800076804 4.93481610832826e-10
18150.04800076804 5.280155731260093e-10
18200.04800076804 2.8541325099717507e-10
18250.04800076804 1.0514878781712529e-09
18300.04800076804 2.6144925547282073e-10
18350.04800076804 2.1520860987191843e-10
18400.04800076804 1.493057377952509e-10
18450.04800076804 6.160643811565981e-10
18500.04800076804 6.016980875019902e-10
18550.04800076804 3.3787001951607973e-10
18600.04800076804 4.072444688072424e-10
18650.04800076804 2.468141485011133e-10
18700.04800076804 9.879690087468482e-11
18750.04800076804 2.1634040355990055e-10
18800.04800076804 1.1894007467178514e-09
18850.04800076804 1.0477545120196771e-09
18900.04800076804 9.115170364314723e-10
18950.04800076804 1.890814675202457e-09
19000.04800076804 5.839865203063068e-10
19050.04800076804 3.2562620953404824e-10
19100.04800076804 8.837071946527609e-10
19150.04800076804 4.0009479364056544e-10
19200.04800076804 8.025917467686584e-10
19250.04800076804 5.43207860089174e-10
19300.04800076804 3.544378662372747e-10
19350.04800076804 4.311449022042157e-10
19400.04800076804 2.984919726502495e-10
19450.04800076804 6.28917189812998e-10
19500.04800076804 5.523278216773341e-10
19550.04800076804 5.177715907085528e-10
19600.04800076804 8.421110257058308e-10
19650.04800076804 9.903609988260229e-10
19700.04800076804 1.0740209828638964e-09
19750.04800076804 1.5664378838745953e-09
19800.04800076804 1.5089054565336493e-09
19850.04800076804 2.0684110412710908e-09
19900.04800076804 2.023414865195918e-09
19950.04800076804 2.924798073672058e-09
20000.04800076804 2.9508699134056105e-09
20050.04800076804 2.9001244259665567e-09
20100.04800076804 4.017175485115845e-09
20150.04800076804 2.992231823981503e-09
20200.04800076804 3.0140319749994425e-09
20250.04800076804 4.1963694549399775e-09
20300.04800076804 4.113549355727898e-09
20350.04800076804 4.68135283917202e-09
20400.04800076804 4.160238476659046e-09
20450.04800076804 5.671898484027721e-09
20500.04800076804 5.847602897352554e-09
20550.04800076804 5.991088739558608e-09
20600.04800076804 6.3461799299263065e-09
20650.04800076804 6.513603784442958e-09
20700.04800076804 6.439124693416938e-09
20750.04800076804 6.796132782983243e-09
20800.04800076804 6.496591063411281e-09
20850.04800076804 6.771587023216303e-09
20900.04800076804 6.795490234357183e-09
20950.04800076804 6.519126566705399e-09
21000.04800076804 6.386128552102454e-09
21050.04800076804 6.240723145500626e-09
21100.04800076804 6.021315000253253e-09
21150.04800076804 5.960119812163052e-09
21200.04800076804 5.631685311244466e-09
21250.04800076804 5.348148894705867e-09
21300.04800076804 4.824154833790601e-09
21350.04800076804 4.706698408326513e-09
21400.04800076804 4.592081916664973e-09
21450.04800076804 3.8773943584781196e-09
21500.04800076804 3.866494525389349e-09
21550.04800076804 3.6540583200408144e-09
21600.04800076804 3.3029176040215107e-09
21650.04800076804 2.8638822493952447e-09
21700.04800076804 2.954285755087921e-09
21750.04800076804 2.9324085153025573e-09
21800.04800076804 2.458219812876891e-09
21850.04800076804 2.1425440838870734e-09
21900.04800076804 1.7878217945350554e-09
21950.04800076804 7.617861389811772e-10
22000.04800076804 1.581975576887955e-10
22050.04800076804 2.1671345276662256e-10
22100.04800076804 7.193220350346931e-10
22150.04800076804 6.526367321708441e-10
22200.04800076804 5.477034428689832e-10
22250.04800076804 5.322440548495923e-10
22300.04800076804 2.9699706843292136e-10
22350.04800076804 3.5654145604974044e-10
22400.04800076804 1.7628291218465105e-10
22450.04800076804 1.8316479002615377e-10
22500.04800076804 1.9582814311933642e-10
22550.04800076804 1.0025685538718075e-10
22600.04800076804 1.3027184096013706e-10
22650.04800076804 2.2434229295773877e-10
22700.04800076804 1.3632249024137542e-10
22750.04800076804 1.3271578328658687e-10
22800.04800076804 1.674406542877567e-10
22850.04800076804 1.4567401657957536e-10
22900.04800076804 8.629485481506908e-11
22950.04800076804 6.512408251574547e-11
23000.04800076804 1.1153660541041642e-10
23050.04800076804 1.331018074741475e-10
23100.04800076804 5.612572081954419e-10
23150.04800076804 5.710049048415455e-10
23200.04800076804 3.48740121365527e-11
23250.04800076804 9.084623568079564e-11
23300.04800076804 1.1743937538880117e-10
23350.04800076804 9.366022118158385e-11
23400.04800076804 1.217228507719689e-10
23450.04800076804 6.790010093694955e-11
23500.04800076804 7.590580759331966e-11
23550.04800076804 1.3335687323593165e-10
23600.04800076804 2.2355426204955625e-10
23650.04800076804 2.7255216513497223e-10
23700.04800076804 6.668020362737637e-11
23750.04800076804 6.635622540217604e-11
