galfind/configs/Brown_Dwarf_templates/sonora_cholla/logkzz2/562g/700K_562g_logkzz2_resample.dat
# %ECSV 1.0
# ---
# datatype:
# - {name: wav, unit: Angstrom, datatype: float64}
# - {name: flux_nu, unit: erg / (cm2 Hz s), datatype: float64}
# schema: astropy-2.0
wav flux_nu
[from data line 1209]
63450.04800076804 7.1402873185533314e-09
63500.04800076804 2.922767995420662e-08
63550.04800076804 3.972037542550344e-08
63600.04800076804 3.651058124527958e-08
63650.04800076804 2.2765165649091736e-08
63700.04800076804 8.180037291165708e-09
63750.04800076804 1.945757821981291e-08
63800.04800076804 4.1956853843586396e-08
63850.04800076804 3.177410603806943e-08
63900.04800076804 1.1243503845277023e-08
63950.04800076804 2.4900763469104614e-08
64000.04800076804 3.2938372033416356e-08
64050.04800076804 1.3893247777478216e-08
64100.04800076804 3.3376968501965964e-09
64150.04800076804 5.291572068085855e-09
64200.04800076804 6.507456208919048e-09
64250.04800076804 1.7914505629591592e-08
64300.04800076804 1.394263734545473e-08
64350.04800076804 9.75280306092905e-09
64400.04800076804 2.610189094877894e-08
64450.04800076804 2.8482515348446503e-08
64500.04800076804 1.1230801094769012e-08
64550.04800076804 2.3550120343997786e-08
64600.04800076804 1.3322309264428401e-08
64650.04800076804 2.1599554399280245e-08
64700.04800076804 7.475370315446805e-09
64750.04800076804 1.217333408523471e-08
64800.04800076804 7.85154079361093e-09
64850.04800076804 5.7104338691677e-09
64900.04800076804 5.8308585876053435e-09
64950.04800076804 5.187945395630711e-09
65000.04800076804 8.581243991388313e-09
65050.04800076804 1.4381502268297004e-08
65100.04800076804 2.0827327014802993e-08
65150.04800076804 9.842567995478716e-09
65200.04800076804 5.030560405114732e-09
65250.04800076804 1.4040403396047046e-08
65300.04800076804 1.507818960388145e-08
65350.04800076804 3.7728889848140364e-08
65400.04800076804 1.4490393183135459e-08
65450.04800076804 1.4600855564052113e-08
65500.04800076804 1.7682042841373278e-08
65550.04800076805 7.743298738412727e-09
65600.04800076805 1.707981391059439e-08
65650.04800076805 1.1360551825833356e-08
65700.04800076805 1.0546580143230906e-08
65750.04800076805 7.077688594755201e-09
65800.04800076805 1.516726518509384e-08
65850.04800076805 2.2258329447839973e-08
65900.04800076805 6.267412977045068e-09
65950.04800076805 1.0072283163825106e-08
66000.04800076805 1.3145102756123322e-08
66050.04800076805 2.8893415269305013e-08
66100.04800076805 1.5539855654784224e-08
66150.04800076805 1.3745665204948625e-08
66200.04800076805 1.2899596128460982e-08
66250.04800076805 8.313107533749344e-09
66300.04800076805 3.4201646535495347e-09
66350.04800076805 3.393231220465127e-09
66400.04800076805 6.531913716478868e-09
66450.04800076805 1.865735269231771e-08
66500.04800076805 2.7095636676764892e-08
66550.04800076805 2.63187425604333e-08
66600.04800076805 2.0463377679377308e-08
66650.04800076805 1.537402969756533e-08
66700.04800076805 1.1137479255577183e-08
66750.04800076805 1.1429169150776623e-08
66800.04800076805 1.4348713441225618e-08
66850.04800076805 9.016589970201557e-09
66900.04800076805 2.974382936626952e-08
66950.04800076805 2.8112242727434418e-08
67000.04800076805 3.279690998749093e-08
67050.04800076805 1.7848111787953413e-08
67100.04800076805 1.0557367893936104e-08
67150.04800076805 1.2653133134585887e-08
67200.04800076805 2.0092733953229254e-08
67250.04800076805 1.803167973621292e-08
67300.04800076805 2.8345447118024423e-08
67350.04800076805 1.2811298629223087e-08
67400.04800076805 3.152776074107448e-08
67450.04800076805 1.9255062796583297e-08
67500.04800076805 1.8696086445766436e-08
67550.04800076805 3.48168608002953e-08
67600.04800076805 5.7711455495809726e-08
67650.04800076805 4.1464472817361024e-08
67700.04800076805 2.4230595721420668e-08
67750.04800076805 1.5560833993939806e-08
67800.04800076805 2.334559562085779e-08
67850.04800076805 1.0261310370497607e-08
67900.04800076805 1.3098029780128397e-08
67950.04800076805 1.0042545605679105e-08
68000.04800076805 2.21401110770013e-08
68050.04800076805 2.6809296064854527e-08
68100.04800076805 4.031343088766974e-08
68150.04800076805 3.344677327134138e-08
68200.04800076805 2.645618238670896e-08
68250.04800076805 5.983591798104283e-09
68300.04800076805 2.728805794117003e-08
68350.04800076805 2.3846372380080326e-08
68400.04800076805 4.6077228056904146e-08
68450.04800076805 3.757016476176548e-08
68500.04800076805 2.4254107055741006e-08
68550.04800076805 1.0319792346501284e-08
68600.04800076805 1.0905402020683314e-08
68650.04800076805 5.4011822580353235e-09
68700.04800076805 1.4026443067312904e-08
68750.04800076805 2.3734568642640812e-08
68800.04800076805 2.6524130366047093e-08
68850.04800076805 1.0564895590545558e-08
68900.04800076805 4.1117404126379585e-08
68950.04800076805 4.260919343777248e-08
69000.04800076805 2.892095006779103e-08
69050.04800076805 1.4423545997872144e-08
69100.04800076805 3.757449933295343e-08
69150.04800076805 5.2319886421709625e-08
69200.04800076805 3.544190527815656e-08
69250.04800076805 5.163833232072048e-08
69300.04800076805 3.074007619320097e-08
69350.04800076805 5.472923312355368e-08
69400.04800076805 1.8752004856252894e-08
69450.04800076805 5.0074690579359224e-08
69500.04800076805 2.3516968114992956e-08
69550.04800076805 2.015147278958183e-08
69600.04800076805 5.574578157602785e-09
69650.04800076805 1.9913489063842555e-08
69700.04800076805 3.709074274024098e-08
69750.04800076805 2.324972818102268e-08
69800.04800076805 3.7382541381139753e-08
69850.04800076805 3.973058248673222e-08
69900.04800076805 2.6578751900978123e-08
69950.04800076805 2.5111130016193623e-08
70000.04800076805 2.5974712628038488e-08
70050.04800076805 5.006282182529038e-08
70100.04800076805 3.4858614018895086e-08
70150.04800076805 2.9403346408005133e-08
70200.04800076805 1.9743018353665613e-08
70250.04800076805 2.765916661388774e-08
70300.04800076805 4.911849763246919e-08
70350.04800076805 3.597853502932992e-08
70400.04800076805 1.8790592270537924e-08
70450.04800076805 3.994520797109655e-09
70500.04800076805 1.563694196458555e-08
70550.04800076805 1.5613273090607422e-08
70600.04800076805 1.587857015586676e-08
70650.04800076805 3.905950245752076e-08
70700.04800076805 3.873772729137894e-08
70750.04800076805 5.6968679866282074e-08
70800.04800076805 2.6675847060016355e-08
70850.04800076805 2.6544567003603203e-08
70900.04800076805 3.2000850231460106e-08
70950.04800076805 4.463841343815377e-08
71000.04800076805 4.068048739604476e-08
71050.04800076805 4.0894156902141664e-08
71100.04800076805 3.193675533465817e-08
71150.04800076805 2.310421954086515e-08
71200.04800076805 2.0544800143678247e-08
71250.04800076805 3.2479685708005213e-08
71300.04800076805 4.320872327462366e-08
71350.04800076805 4.539465391899939e-08
71400.04800076805 3.6315966058754124e-08
71450.04800076805 1.5486079741921015e-08
71500.04800076805 1.778944047505281e-08
71550.04800076805 2.206585301605234e-08
71600.04800076805 2.6507622784537477e-08
71650.04800076805 1.7942153998795822e-08
71700.04800076805 1.299375791751858e-08
71750.04800076805 2.6812648236408507e-08
71800.04800076805 3.834321591006086e-08
71850.04800076805 3.675242821167574e-08
71900.04800076805 1.967181422936574e-08
71950.04800076805 2.7811727478126832e-08
72000.04800076805 2.5673894108284353e-08
72050.04800076805 1.366641763418471e-08
72100.04800076805 1.68954523575604e-08
72150.04800076805 1.6807377233821937e-08
72200.04800076805 2.7610831633746763e-08
72250.04800076805 3.8800098514805795e-08
72300.04800076805 2.4468117300701377e-08
72350.04800076805 2.920627029810765e-08
72400.04800076805 2.5479764680404634e-08
72450.04800076805 2.0366429470381278e-08
72500.04800076805 2.8004315973520402e-08
72550.04800076805 1.0586082504041395e-08
72600.04800076805 1.9121166290631393e-08
72650.04800076805 3.338327564111664e-08
72700.04800076805 2.176362628074427e-08
72750.04800076805 2.2568264661522748e-08
72800.04800076805 1.3703260129415215e-08
72850.04800076805 1.8016438540738797e-08
72900.04800076805 3.62765015731263e-08
72950.04800076805 2.2510220191831484e-08
73000.04800076805 2.339858592227624e-08
73050.04800076805 1.2711429006425742e-08
73100.04800076805 1.5755024266055397e-08
73150.04800076805 3.726379768331439e-08
73200.04800076805 1.4662819242953926e-08
73250.04800076805 2.0261427294053922e-08
73300.04800076805 1.5529670537678494e-08
73350.04800076805 1.0933403128382359e-08
73400.04800076805 1.998555864911078e-08
73450.04800076805 1.1326310257137883e-08
73500.04800076805 1.0017430915102e-08
73550.04800076805 1.8057771112943865e-08
73600.04800076805 1.7120527363111907e-08
73650.04800076805 1.9025520051666075e-08
73700.04800076805 1.8539248984355247e-08
73750.04800076805 6.980465668857963e-09
73800.04800076805 1.6436885624333258e-08
73850.04800076805 2.2590790458854132e-08
73900.04800076805 1.3660516022814618e-08
73950.04800076805 1.4087674603122647e-08
74000.04800076805 7.827294655786391e-09
74050.04800076805 2.7616823914513208e-08
74100.04800076805 1.843461777288098e-08
74150.04800076805 1.8875580370835112e-08
74200.04800076805 1.1744932568920578e-08
74250.04800076805 2.7901709778091397e-09
74300.04800076805 1.7700962861451194e-08
74350.04800076805 2.601055587034718e-08
74400.04800076805 2.4835968383015548e-08
74450.04800076805 1.0023538385253971e-08
74500.04800076805 6.392276070363134e-09
74550.04800076805 1.3699223083624804e-08
74600.04800076805 1.5924827851584833e-08
74650.04800076805 1.5986787084378773e-08
74700.04800076805 1.0601823923027047e-08
74750.04800076805 7.744505385823428e-09
74800.04800076805 1.1096713181903275e-08
74850.04800076805 1.4441634858596962e-08
74900.04800076805 2.4172676028371097e-08
74950.04800076805 2.3696149798365234e-08
75000.04800076805 1.131234255743329e-08
75050.04800076805 4.059630992569513e-09
75100.04800076805 2.2992962757985847e-08
75150.04800076805 2.5250446427033587e-08
75200.04800076805 2.719258444889882e-08
75250.04800076805 2.8556881616079654e-08
75300.04800076805 2.2828676473991142e-08
75350.04800076805 7.798527108038108e-09
75400.04800076805 3.081479068676515e-08
75450.04800076805 2.6499751590287433e-08
75500.04800076805 2.4887210499916414e-08
75550.04800076805 2.4564297089990805e-08
75600.04800076805 3.13481157657672e-08
75650.04800076805 1.8151350413070837e-08
75700.04800076805 3.032678211190412e-08
75750.04800076805 1.6023171395901382e-08
75800.04800076805 2.597209509857048e-08
75850.04800076805 3.022587515056146e-08
75900.04800076805 2.9678105904624706e-08
75950.04800076805 1.466883229954201e-08
76000.04800076805 3.2893551679649015e-08
76050.04800076805 3.096052600277416e-08
76100.04800076805 2.8285413786167467e-08
76150.04800076805 3.149829595022015e-08
76200.04800076805 2.8636752112093555e-08
76250.04800076805 2.0961131784018858e-08
76300.04800076805 4.7361633794125684e-08
76350.04800076805 5.299723619699669e-08
76400.04800076805 4.0613048788151746e-08
76450.04800076805 3.307709691188222e-08
76500.04800076805 2.316532649658235e-08
76550.04800076805 1.0367302264198303e-08
76600.04800076805 2.638160034525674e-09
76650.04800076805 3.215557005928412e-09
76700.04800076805 4.661858448912192e-09
76750.04800076805 4.684038688180737e-09
76800.04800076805 9.855366378420503e-09
76850.04800076805 3.6439276683803034e-09
76900.04800076805 3.6143728483198116e-09
76950.04800076805 9.617222989312457e-09
77000.04800076805 1.311044245978087e-08
77050.04800076805 4.360491331721966e-09
77100.04800076805 5.389131410534945e-09
77150.04800076805 1.551327355106683e-08
77200.04800076805 1.01833388289508e-08
77250.04800076805 9.58203775312079e-09
77300.04800076805 1.4194583327135405e-08
77350.04800076805 6.444026376307071e-09
77400.04800076805 7.643243157773574e-09
77450.04800076805 1.585324848051158e-08
77500.04800076805 1.2480496465496554e-08
77550.04800076805 1.1168442035000546e-08
77600.04800076805 7.513938668743264e-09
77650.04800076805 9.670466055565918e-09
77700.04800076805 7.883005487930363e-09
77750.04800076805 1.9242841867370355e-08
77800.04800076805 1.8228070912043095e-08
77850.04800076805 3.367687692958535e-08
77900.04800076805 1.7895501187038186e-08
77950.04800076805 5.518028589184613e-09
78000.04800076805 1.2865633121973968e-08
78050.04800076805 1.5076460195366306e-08
78100.04800076805 1.557027109082564e-08
78150.04800076805 2.7492834190410512e-08
78200.04800076805 2.818394709804106e-08
78250.04800076805 2.810581784564789e-08
78300.04800076805 1.4906559666816415e-08
78350.04800076805 2.3658166374401188e-08
78400.04800076805 1.0243035619067604e-08
78450.04800076805 2.3649592228988845e-08
78500.04800076805 3.1999447816849703e-08
78550.04800076805 3.9359441420726883e-08
78600.04800076805 2.920719636087553e-08
78650.04800076805 5.245047298937635e-09
78700.04800076805 1.08283271339696e-08
78750.04800076805 1.583731521370014e-08
78800.04800076805 1.8214325006769055e-08
78850.04800076805 7.300775666233192e-09
78900.04800076805 1.791870003826215e-08
78950.04800076805 2.519649374289267e-08
79000.04800076805 2.0921229845581162e-08
79050.04800076805 1.5913887072528486e-08
79100.04800076805 1.976697680018976e-08
79150.04800076805 1.8355686080053966e-08
79200.04800076805 2.2452618362682607e-08
79250.04800076805 1.2916356028884309e-08
79300.04800076805 1.1739930728052172e-08
79350.04800076805 1.9030093357533737e-08
79400.04800076805 1.1039568624784576e-08
79450.04800076805 2.9416323566191243e-08
79500.04800076805 4.118038666723213e-08
79550.04800076805 3.188237363188282e-08
79600.04800076805 1.5056919759464465e-08
79650.04800076805 2.4588824575021465e-08
79700.04800076805 2.20275925825258e-08
79750.04800076805 2.2153608764899076e-08
79800.04800076805 1.2976736866679085e-08
79850.04800076805 2.3907632523264814e-08
79900.04800076805 4.4786462956725855e-08
79950.04800076805 3.830318904824876e-08
