galfind/configs/Brown_Dwarf_templates/sonora_cholla/logkzz2/562g/750K_562g_logkzz2_resample.dat
# %ECSV 1.0
# ---
# datatype:
# - {name: wav, unit: Angstrom, datatype: float64}
# - {name: flux_nu, unit: erg / (cm2 Hz s), datatype: float64}
# schema: astropy-2.0
wav flux_nu
[from data line 813]
43650.04800076804 1.5136859936303892e-07
43700.04800076804 3.124206550833213e-07
43750.04800076804 2.820455066493402e-07
43800.04800076804 2.2256295421708107e-07
43850.04800076804 2.3350629073518878e-07
43900.04800076804 2.0565344770515385e-07
43950.04800076804 1.5627531488344342e-07
44000.04800076804 1.18170895929497e-07
44050.04800076804 2.503459515342376e-07
44100.04800076804 3.0673906664026633e-07
44150.04800076804 3.023941457365205e-07
44200.04800076804 2.507025295695617e-07
44250.04800076804 1.6623481155234122e-07
44300.04800076804 1.383076215752744e-07
44350.04800076804 1.5024070696065553e-07
44400.04800076804 1.5120022354562357e-07
44450.04800076804 2.0245615055692264e-07
44500.04800076804 1.6916065983933315e-07
44550.04800076804 2.3816603802760446e-07
44600.04800076804 1.762524380644695e-07
44650.04800076804 2.031771323550863e-07
44700.04800076804 1.5275383080630137e-07
44750.04800076804 1.8447750935010986e-07
44800.04800076804 1.463052395906038e-07
44850.04800076804 1.8939649169248246e-07
44900.04800076804 1.371283771827785e-07
44950.04800076804 1.3433546339339736e-07
45000.04800076804 1.6635744825771528e-07
45050.04800076804 1.678891946241148e-07
45100.04800076804 1.6547555284080488e-07
45150.04800076804 1.3962643039776326e-07
45200.04800076804 8.769158836659337e-08
45250.04800076804 1.014889647775686e-07
45300.04800076804 1.235707153939129e-07
45350.04800076804 1.194337300306923e-07
45400.04800076804 1.263754586903585e-07
45450.04800076804 1.1939941104037494e-07
45500.04800076804 1.300875732612094e-07
45550.04800076804 1.4925445820729518e-07
45600.04800076804 1.25943955727905e-07
45650.04800076804 1.1533776671628435e-07
45700.04800076804 1.1511015633398489e-07
45750.04800076804 9.29574162734149e-08
45800.04800076804 1.1049839788016174e-07
45850.04800076804 1.5268710370732069e-07
45900.04800076804 1.6631509043580904e-07
45950.04800076804 1.024975328232891e-07
46000.04800076804 1.552653596782261e-07
46050.04800076804 1.456918869063599e-07
46100.04800076804 1.1822255150573382e-07
46150.04800076804 1.233158085834829e-07
46200.04800076804 1.0956840791064181e-07
46250.04800076804 6.236043639144731e-08
46300.04800076804 1.562198710234406e-07
46350.04800076804 1.135144186481676e-07
46400.04800076804 1.4423865977233227e-07
46450.04800076804 1.6133866069969326e-07
46500.04800076804 1.2611577846908407e-07
46550.04800076804 1.0564665416675496e-07
46600.04800076804 1.2822781665170775e-07
46650.04800076804 2.547496155764647e-07
46700.04800076804 1.5337218898559745e-07
46750.04800076804 1.0136439694479519e-07
46800.04800076804 6.554660270806675e-08
46850.04800076804 1.9128755796412145e-07
46900.04800076804 1.6669069405367385e-07
46950.04800076804 1.9695689008664502e-07
47000.04800076804 1.2372879014214284e-07
47050.04800076804 1.7377537502378695e-07
47100.04800076804 7.404904367417745e-08
47150.04800076804 1.2360887720974154e-07
47200.04800076804 1.6506741867091027e-07
47250.04800076804 9.599947314144711e-08
47300.04800076804 8.85436751509314e-08
47350.04800076804 1.25177671603601e-07
47400.04800076804 1.9580846987414426e-07
47450.04800076804 1.1290829714337893e-07
47500.04800076804 2.1981132790822235e-07
47550.04800076804 1.244396921026865e-07
47600.04800076804 1.8283711157531088e-07
47650.04800076804 1.0041753632890824e-07
47700.04800076804 1.6596997592473494e-07
47750.04800076804 7.847200571539698e-08
47800.04800076804 1.0606013653536821e-07
47850.04800076804 5.846755459867057e-08
47900.04800076804 9.116548471578142e-08
47950.04800076804 1.2259423455838185e-07
48000.04800076804 2.1387146707330795e-07
48050.04800076804 1.385769345080781e-07
48100.04800076804 1.0420402996149349e-07
48150.04800076804 1.099129452812431e-07
48200.04800076804 1.35082300955582e-07
48250.04800076804 1.0921562951472831e-07
48300.04800076804 2.2721555856129318e-07
48350.04800076804 9.905546425331575e-08
48400.04800076804 6.116367945428813e-08
48450.04800076804 9.348609626667055e-08
48500.04800076804 1.6607057130205077e-07
48550.04800076804 1.0130982761815736e-07
48600.04800076804 1.688313695245888e-07
48650.04800076804 1.4009889026456313e-07
48700.04800076804 1.7154860565301954e-07
48750.04800076804 1.0250273989238253e-07
48800.04800076804 1.8889836756017294e-07
48850.04800076804 1.1380380142623322e-07
48900.04800076804 1.6378003967512614e-07
48950.04800076804 1.1347076700175128e-07
49000.04800076804 7.443098207938508e-08
49050.04800076804 1.6097586076281553e-07
49100.04800076804 1.3785158418528283e-07
49150.04800076804 1.6332172068629648e-07
49200.04800076804 1.6502969732100243e-07
49250.04800076804 2.0010844059713572e-07
49300.04800076804 1.4851551725227193e-07
49350.04800076804 8.659860937823252e-08
49400.04800076804 1.1427557686022203e-07
49450.04800076804 1.3056117532224212e-07
49500.04800076804 1.1102842373226426e-07
49550.04800076804 3.646531872282475e-08
49600.04800076804 8.512135985166447e-08
49650.04800076804 1.1420554007055676e-07
49700.04800076804 1.270914028670486e-07
49750.04800076804 1.5846894669245296e-07
49800.04800076804 1.0320407364763979e-07
49850.04800076804 1.9918606285244277e-07
49900.04800076804 1.6465588347934782e-07
49950.04800076804 1.500007306057865e-07
50000.04800076804 1.483404273700328e-07
50050.04800076804 1.6653697976875038e-07
50100.04800076804 1.445842030671988e-07
50150.04800076804 7.415533901299469e-08
50200.04800076804 2.647499737268694e-08
50250.04800076804 1.0071767841585849e-07
50300.04800076804 7.196167870976221e-08
50350.04800076804 1.5711468064657918e-07
50400.04800076804 1.549998508484833e-07
50450.04800076804 1.1813064099388446e-07
50500.04800076804 1.735856736847868e-07
50550.04800076804 1.7312071002262392e-07
50600.04800076804 1.2691570625809156e-07
50650.04800076804 1.6767839876431233e-07
50700.04800076804 2.0452049333531305e-07
50750.04800076804 1.3954706366776665e-07
50800.04800076804 6.334962255377654e-08
50850.04800076804 4.36492790704661e-08
50900.04800076804 1.5786833026451844e-07
50950.04800076804 1.4719701131445379e-07
51000.04800076804 1.1607636914035717e-07
51050.04800076804 1.4050277737592255e-07
51100.04800076804 5.395417193148478e-08
51150.04800076804 8.041340616313559e-08
51200.04800076804 2.0323328814367914e-07
51250.04800076804 1.2611990204124824e-07
51300.04800076804 9.713424321769322e-08
51350.04800076804 1.1141302681594943e-07
51400.04800076804 5.098626563864241e-08
51450.04800076804 4.317261889309436e-08
51500.04800076804 3.7441211737965883e-08
51550.04800076804 9.962125189601023e-08
51600.04800076804 8.204141146442283e-08
51650.04800076804 1.075916579420528e-07
51700.04800076804 1.1038934582223289e-07
51750.04800076804 6.773216848143181e-08
51800.04800076804 1.4559079784899732e-07
51850.04800076804 1.1979306138367906e-07
51900.04800076804 1.5886547629961733e-07
51950.04800076804 1.0108102421832778e-07
52000.04800076804 1.9986274057694785e-08
52050.04800076804 6.001048173501929e-08
52100.04800076804 4.5068324388965266e-08
52150.04800076804 3.0126627195816646e-08
52200.04800076804 4.859307485916459e-08
52250.04800076804 8.229406020899747e-08
52300.04800076804 1.3368217075380734e-07
52350.04800076804 5.3271445275808076e-08
52400.04800076804 5.1601994750026624e-08
52450.04800076804 1.2200055182861813e-07
52500.04800076804 1.1072425012258331e-07
52550.04800076804 1.0613152951367548e-07
52600.04800076804 8.51041444831146e-08
52650.04800076804 8.644313017206185e-08
52700.04800076804 6.996364284576322e-08
52750.04800076804 4.2416037183617734e-08
52800.04800076804 5.459534318335316e-08
52850.04800076804 6.735490070427022e-08
52900.04800076804 4.082315645801123e-08
52950.04800076804 5.352075902612145e-08
53000.04800076804 1.075833606657178e-07
53050.04800076804 3.6713448808651664e-08
53100.04800076804 1.1254140285015824e-07
53150.04800076804 1.3364712926637735e-07
53200.04800076804 5.320951140692405e-08
53250.04800076804 1.1863570534109684e-07
53300.04800076804 1.2712854824108405e-07
53350.04800076804 1.2493352143725218e-07
53400.04800076804 9.825049763577644e-08
53450.04800076804 3.24078729454992e-08
53500.04800076804 1.3525901879712457e-08
53550.04800076804 2.5879637613708713e-08
53600.04800076804 6.530295501542593e-08
53650.04800076804 5.874253593299141e-08
53700.04800076804 5.0326398240282625e-08
53750.04800076804 4.753554599976251e-08
53800.04800076804 4.7293033586047934e-08
53850.04800076804 7.125926761302614e-08
53900.04800076804 9.084046098978187e-08
53950.04800076804 1.0559128414082134e-07
54000.04800076804 6.61806944233291e-08
54050.04800076804 7.25662104286483e-08
54100.04800076804 2.2091460259496928e-08
54150.04800076804 3.471782632414077e-08
54200.04800076804 9.995023306367539e-09
54250.04800076804 1.963075734475214e-08
54300.04800076804 4.3090664229001006e-08
54350.04800076804 6.169857851907384e-08
54400.04800076804 5.5113616366087405e-08
54450.04800076804 4.8817098864470065e-08
54500.04800076804 4.150351929590339e-08
54550.04800076804 3.885767492952665e-08
54600.04800076804 4.2593849141487165e-08
54650.04800076804 1.2052174469757799e-08
54700.04800076804 5.006570256856363e-08
54750.04800076804 4.622606904700577e-08
54800.04800076804 2.7626983034264092e-08
54850.04800076804 3.92102964895191e-08
54900.04800076804 6.242489372602299e-08
54950.04800076804 9.051265898015866e-08
55000.04800076804 2.9496968890323844e-08
55050.04800076804 4.998691015012429e-08
55100.04800076804 5.6202590599616316e-08
55150.04800076804 3.355120875341315e-08
55200.04800076804 2.9583257669960736e-08
55250.04800076804 4.109228887520543e-08
55300.04800076804 2.6247675320156388e-08
55350.04800076804 5.350985552907293e-08
55400.04800076804 6.283753454192046e-08
55450.04800076804 3.731585892601603e-08
55500.04800076804 1.6547673162587387e-08
55550.04800076804 1.9925498735721553e-08
55600.04800076804 2.771000333486117e-08
55650.04800076804 2.5145448659251753e-08
55700.04800076804 2.8907126036391582e-08
55750.04800076804 2.7827702536722398e-08
55800.04800076804 1.4492163310550266e-08
55850.04800076804 1.8166221144227757e-08
55900.04800076804 4.2795542323184754e-08
55950.04800076804 6.122864532314875e-08
56000.04800076804 2.3609923591248237e-08
56050.04800076804 3.041869966758546e-08
56100.04800076804 4.360572227669318e-08
56150.04800076804 2.3482181480689116e-08
56200.04800076804 3.082854020939095e-08
56250.04800076804 4.845957117762085e-08
56300.04800076804 3.578308520255427e-08
56350.04800076804 2.7808798863939043e-08
56400.04800076804 1.2424663787194328e-08
56450.04800076804 1.1625853367803875e-08
56500.04800076804 2.77322410890496e-08
56550.04800076804 1.3110998748494354e-08
56600.04800076804 4.132488856440422e-08
56650.04800076804 4.549817923544094e-08
56700.04800076804 3.902314238837335e-08
56750.04800076804 1.4306913077365176e-08
56800.04800076804 3.0857752373863956e-08
56850.04800076804 3.268648164937419e-08
56900.04800076804 1.997738944295526e-08
56950.04800076804 3.93307428977135e-08
57000.04800076804 4.918475580073155e-08
57050.04800076804 2.4346884863070847e-08
57100.04800076804 9.037089783902121e-09
57150.04800076804 1.589187150065255e-08
57200.04800076804 1.3117631831853475e-08
57250.04800076804 1.8979569794520194e-08
57300.04800076804 2.9091097722936625e-08
57350.04800076804 1.4812375763418691e-08
57400.04800076804 3.651236206693354e-08
57450.04800076804 2.1906831384425613e-08
57500.04800076804 2.0640393302596913e-08
57550.04800076804 2.9609712731224577e-08
57600.04800076804 2.7562069289653327e-08
57650.04800076804 7.347287184061285e-09
57700.04800076804 1.2501375681615995e-08
57750.04800076804 2.0226459097161607e-08
57800.04800076804 8.071150546588314e-09
57850.04800076804 5.481702812072634e-08
57900.04800076804 6.378878711193486e-08
57950.04800076804 6.565369367829044e-08
58000.04800076804 2.2124625716480723e-08
58050.04800076804 3.675602539462151e-08
58100.04800076804 3.7694314419763655e-08
58150.04800076804 2.4501375305523582e-08
58200.04800076804 7.841910736389198e-09
58250.04800076804 1.183380272079926e-08
58300.04800076804 1.2575050224029514e-08
58350.04800076804 1.5509154261884468e-08
58400.04800076804 3.185789721881255e-08
58450.04800076804 3.710711222526881e-08
58500.04800076804 3.6353732340934516e-08
58550.04800076804 3.321866900292262e-08
58600.04800076804 1.47085013608016e-08
58650.04800076804 1.8801072266835777e-08
58700.04800076804 2.4683807563302304e-08
58750.04800076804 2.2698814672523054e-08
58800.04800076804 5.05779081762634e-09
58850.04800076804 1.6440243103317153e-08
58900.04800076804 2.256200754895346e-08
58950.04800076804 1.0327802896830457e-08
59000.04800076804 2.412039826972652e-08
59050.04800076804 3.414413042850905e-08
59100.04800076804 3.510100802683956e-08
59150.04800076804 2.6047567729061527e-08
59200.04800076804 2.938871429414958e-08
59250.04800076804 3.09742204102208e-08
59300.04800076804 2.556020631206535e-08
59350.04800076804 6.694295723699749e-09
59400.04800076804 6.690252579198855e-09
59450.04800076804 2.6383439424325923e-08
59500.04800076804 1.3749525217798879e-08
59550.04800076804 3.1068073884863964e-08
59600.04800076804 3.875274682943424e-08
59650.04800076804 1.9689323956590236e-08
59700.04800076804 1.4208410724002883e-08
59750.04800076804 4.4873658478931935e-08
59800.04800076804 2.016115446867038e-08
59850.04800076804 2.9209181574379277e-08
59900.04800076804 1.0669703776752218e-08
59950.04800076804 2.4481422399732247e-08
60000.04800076804 5.164189118556985e-08
60050.04800076804 4.8474860153532766e-08
60100.04800076804 3.993640844064499e-08
60150.04800076804 1.8672342259889752e-08
60200.04800076804 3.373252237798872e-08
60250.04800076804 5.442982785046752e-08
60300.04800076804 4.744327791982683e-08
60350.04800076804 2.8581732573010614e-08
60400.04800076804 3.046918625930898e-08
60450.04800076804 9.347595484547886e-09
60500.04800076804 4.027045473328328e-09
60550.04800076804 2.7262678365300502e-08
60600.04800076804 3.4384605931280594e-08
60650.04800076804 2.235873077951962e-08
60700.04800076804 1.6310035604975938e-08
60750.04800076804 8.886741016553436e-09
60800.04800076804 3.2153030997430714e-08
60850.04800076804 6.155964118380701e-08
60900.04800076804 5.460193993024479e-08
60950.04800076804 4.127237153022064e-08
61000.04800076804 3.787422051097911e-08
61050.04800076804 1.669175254524561e-08
61100.04800076804 2.100833888798607e-08
61150.04800076804 7.78150139301638e-09
61200.04800076804 3.451944606148003e-08
61250.04800076804 4.298753428449868e-08
61300.04800076804 3.7125106677027556e-08
61350.04800076804 6.160439020731033e-08
61400.04800076804 2.433067841167657e-08
61450.04800076804 1.0553550034771206e-08
61500.04800076804 1.3065892611680837e-08
61550.04800076804 2.492326050210052e-08
61600.04800076804 1.2019238158144224e-08
61650.04800076804 2.368946348092036e-08
61700.04800076804 2.50819827651542e-08
61750.04800076804 2.900985242354255e-08
61800.04800076804 2.5400201648905122e-08
61850.04800076804 1.1109925341128673e-08
61900.04800076804 4.466759375497494e-08
61950.04800076804 5.0422976643610924e-08
62000.04800076804 5.134133711952508e-08
62050.04800076804 5.5129019056718246e-08
62100.04800076804 3.578627772623341e-08
62150.04800076804 5.201226324777018e-08
62200.04800076804 4.5319724809678446e-08
62250.04800076804 3.491683492763754e-08
62300.04800076804 7.484265576939118e-08
62350.04800076804 6.101063709416199e-08
62400.04800076804 2.855201745361155e-08
62450.04800076804 4.084772465475888e-08
62500.04800076804 6.95318428555163e-08
62550.04800076804 7.653021500474e-08
62600.04800076804 6.774144113833421e-08
62650.04800076804 5.103702250077399e-08
62700.04800076804 4.448819599244284e-08
62750.04800076804 6.5455882935016e-08
62800.04800076804 3.8056468831917225e-08
62850.04800076804 5.898506845764714e-08
62900.04800076804 4.537845312215829e-08
62950.04800076804 8.117651795711881e-08
63000.04800076804 5.4056386387238637e-08
63050.04800076804 1.0075312396743778e-07
63100.04800076804 9.036152395911504e-08
63150.04800076804 6.163507348992912e-08
63200.04800076804 6.545569634585412e-08
63250.04800076804 6.467606493108555e-08
63300.04800076804 5.3391287093674856e-08
63350.04800076804 5.101432966116435e-08
