galfind/configs/Brown_Dwarf_templates/sonora_cholla/logkzz2/562g/750K_562g_logkzz2_resample.dat
# %ECSV 1.0
# ---
# datatype:
# - {name: wav, unit: Angstrom, datatype: float64}
# - {name: flux_nu, unit: erg / (cm2 Hz s), datatype: float64}
# schema: astropy-2.0
wav flux_nu
[from data line 1209]
63450.04800076804 1.277526154935234e-08
63500.04800076804 4.4375463853717385e-08
63550.04800076804 5.655694314974209e-08
63600.04800076804 5.456507649558142e-08
63650.04800076804 3.443827898659359e-08
63700.04800076804 1.4352229136585272e-08
63750.04800076804 3.061894472206477e-08
63800.04800076804 5.989495112179127e-08
63850.04800076804 4.665583686506853e-08
63900.04800076804 1.889286284647319e-08
63950.04800076804 3.8732978765706965e-08
64000.04800076804 4.927925867121566e-08
64050.04800076804 2.3103543186056954e-08
64100.04800076804 6.047039118218319e-09
64150.04800076804 9.527890043973387e-09
64200.04800076804 1.1404007218230619e-08
64250.04800076804 2.802727105248805e-08
64300.04800076804 2.134077795991107e-08
64350.04800076804 1.57734555502211e-08
64400.04800076804 3.90552050106594e-08
64450.04800076804 4.207071280737047e-08
64500.04800076804 1.7205965485351855e-08
64550.04800076804 3.417527610356794e-08
64600.04800076804 1.8313733673117286e-08
64650.04800076804 3.173270270618095e-08
64700.04800076804 1.1935271536582694e-08
64750.04800076804 1.8789855552641238e-08
64800.04800076804 1.3434584841775932e-08
64850.04800076804 9.963593764838192e-09
64900.04800076804 1.0293903639855254e-08
64950.04800076804 9.584467396475891e-09
65000.04800076804 1.4693197995286693e-08
65050.04800076804 2.1915184427845646e-08
65100.04800076804 3.141891633306722e-08
65150.04800076804 1.533909289390907e-08
65200.04800076804 9.028870529217258e-09
65250.04800076804 2.307030078223955e-08
65300.04800076804 2.253257710126797e-08
65350.04800076804 5.4674905244808315e-08
65400.04800076804 2.190392081722258e-08
65450.04800076804 2.2294696804790595e-08
65500.04800076804 2.7175152035385912e-08
65550.04800076805 1.2820338057717283e-08
65600.04800076805 2.584098164838574e-08
65650.04800076805 1.8584712295855514e-08
65700.04800076805 1.7334808926748308e-08
65750.04800076805 1.1773314197463265e-08
65800.04800076805 2.3345216882717033e-08
65850.04800076805 3.3167725154476924e-08
65900.04800076805 1.0724197250020024e-08
65950.04800076805 1.5160886735870553e-08
66000.04800076805 2.0193453453515584e-08
66050.04800076805 4.328956134720868e-08
66100.04800076805 2.345807099001473e-08
66150.04800076805 1.9938063583405705e-08
66200.04800076805 1.8864279043351552e-08
66250.04800076805 1.3476469716737442e-08
66300.04800076805 5.723073650282791e-09
66350.04800076805 6.277816564397716e-09
66400.04800076805 1.1407149365334486e-08
66450.04800076805 2.8779349382317514e-08
66500.04800076805 4.110432290446171e-08
66550.04800076805 3.931903936441703e-08
66600.04800076805 3.059363998384371e-08
66650.04800076805 2.3922669925100896e-08
66700.04800076805 1.840066785956415e-08
66750.04800076805 1.7837321984820038e-08
66800.04800076805 2.3105689502923273e-08
66850.04800076805 1.4587144916689878e-08
66900.04800076805 4.2771262596450397e-08
66950.04800076805 4.185600611212169e-08
67000.04800076805 4.64496359144173e-08
67050.04800076805 2.6467305492525875e-08
67100.04800076805 1.678773043663291e-08
67150.04800076805 1.8907391934187778e-08
67200.04800076805 2.9309450755960897e-08
67250.04800076805 2.6817097818689404e-08
67300.04800076805 3.912426401602008e-08
67350.04800076805 1.9280941045860114e-08
67400.04800076805 4.503840106077043e-08
67450.04800076805 2.895220334513731e-08
67500.04800076805 2.7480756835012267e-08
67550.04800076805 4.641894991095644e-08
67600.04800076805 7.774117932398102e-08
67650.04800076805 5.632442309113819e-08
67700.04800076805 3.457368904842623e-08
67750.04800076805 2.377013367345754e-08
67800.04800076805 3.493606289609585e-08
67850.04800076805 1.6230920573671277e-08
67900.04800076805 2.073363213530398e-08
67950.04800076805 1.556661618391911e-08
68000.04800076805 3.1795424514679285e-08
68050.04800076805 3.984342432829372e-08
68100.04800076805 5.585493376091668e-08
68150.04800076805 4.553023284040967e-08
68200.04800076805 3.855251808635935e-08
68250.04800076805 9.994213666999263e-09
68300.04800076805 3.815107292245562e-08
68350.04800076805 2.8950214779764697e-08
68400.04800076805 6.189971907062926e-08
68450.04800076805 5.145506246980997e-08
68500.04800076805 3.540685686454763e-08
68550.04800076805 1.6396434325597337e-08
68600.04800076805 1.745358104897384e-08
68650.04800076805 9.058585749894058e-09
68700.04800076805 2.156116225732218e-08
68750.04800076805 3.4336272617536336e-08
68800.04800076805 3.866109212990041e-08
68850.04800076805 1.551358338525166e-08
68900.04800076805 5.704325052014154e-08
68950.04800076805 5.830883911538526e-08
69000.04800076805 4.188691099358603e-08
69050.04800076805 2.1897208020933835e-08
69100.04800076805 5.369483003810864e-08
69150.04800076805 7.157268728646468e-08
69200.04800076805 4.650022798326304e-08
69250.04800076805 6.948506590686683e-08
69300.04800076805 4.203869394152939e-08
69350.04800076805 7.14495798698717e-08
69400.04800076805 2.5132550921266564e-08
69450.04800076805 6.739600408629416e-08
69500.04800076805 3.2450222366771666e-08
69550.04800076805 3.0150525924475986e-08
69600.04800076805 8.872002700830115e-09
69650.04800076805 2.8718928584102334e-08
69700.04800076805 5.178407028943543e-08
69750.04800076805 3.35559490407228e-08
69800.04800076805 5.101442946478052e-08
69850.04800076805 5.439205342903315e-08
69900.04800076805 3.750381458044951e-08
69950.04800076805 3.6037264009648815e-08
70000.04800076805 3.560573360995202e-08
70050.04800076805 6.719912850684086e-08
70100.04800076805 4.613550570586306e-08
70150.04800076805 4.0681106942085144e-08
70200.04800076805 2.7896261609884297e-08
70250.04800076805 3.950293554849161e-08
70300.04800076805 6.601258263049956e-08
70350.04800076805 4.7796969663857594e-08
70400.04800076805 2.7092647928292077e-08
70450.04800076805 7.092442465614327e-09
70500.04800076805 2.2485339237701206e-08
70550.04800076805 2.272977979909841e-08
70600.04800076805 2.2413409730188893e-08
70650.04800076805 5.3020568209312346e-08
70700.04800076805 5.0538253106113604e-08
70750.04800076805 7.182377300257029e-08
70800.04800076805 3.5689212527142144e-08
70850.04800076805 3.501940639972866e-08
70900.04800076805 4.0783610351793116e-08
70950.04800076805 5.82290264725625e-08
71000.04800076805 5.226562460672757e-08
71050.04800076805 5.24180650061769e-08
71100.04800076805 4.154328991067936e-08
71150.04800076805 3.2669784663907393e-08
71200.04800076805 2.8700106901104417e-08
71250.04800076805 4.18321333279594e-08
71300.04800076805 5.534234303322094e-08
71350.04800076805 5.818855783624504e-08
71400.04800076805 4.866719746933906e-08
71450.04800076805 2.2190419688143576e-08
71500.04800076805 2.5013319766390973e-08
71550.04800076805 3.0537436722665976e-08
71600.04800076805 3.638161514890732e-08
71650.04800076805 2.6343368796277934e-08
71700.04800076805 1.9427908075605695e-08
71750.04800076805 3.6168263118843836e-08
71800.04800076805 5.0443819963134526e-08
71850.04800076805 4.852835415726854e-08
71900.04800076805 2.7179744180980316e-08
71950.04800076805 3.5988258534153985e-08
72000.04800076805 3.4060488297251044e-08
72050.04800076805 1.9865204985020846e-08
72100.04800076805 2.3937170881511244e-08
72150.04800076805 2.1971054674629118e-08
72200.04800076805 3.636395949228743e-08
72250.04800076805 4.8582946006571065e-08
72300.04800076805 3.269294813464224e-08
72350.04800076805 3.855219445333658e-08
72400.04800076805 3.278722020999893e-08
72450.04800076805 2.6997621327072362e-08
72500.04800076805 3.6421615994228017e-08
72550.04800076805 1.4808824332288448e-08
72600.04800076805 2.5200463608629684e-08
72650.04800076805 4.2346032579922184e-08
72700.04800076805 3.0696519321435374e-08
72750.04800076805 3.110366070743441e-08
72800.04800076805 2.0162684189589613e-08
72850.04800076805 2.466592468457427e-08
72900.04800076805 4.6374591986731565e-08
72950.04800076805 3.118262912872069e-08
73000.04800076805 3.1887975533874976e-08
73050.04800076805 1.8653089785215255e-08
73100.04800076805 2.1566078677432567e-08
73150.04800076805 4.926811270919096e-08
73200.04800076805 2.0257241996206326e-08
73250.04800076805 2.834998469065722e-08
73300.04800076805 2.2812916178463853e-08
73350.04800076805 1.637481650468753e-08
73400.04800076805 2.799703622466536e-08
73450.04800076805 1.6499624654784984e-08
73500.04800076805 1.4508557344442572e-08
73550.04800076805 2.5849693188054375e-08
73600.04800076805 2.29969015618992e-08
73650.04800076805 2.6588311840060066e-08
73700.04800076805 2.686735260336766e-08
73750.04800076805 1.1379848874484327e-08
73800.04800076805 2.3543628844772848e-08
73850.04800076805 3.0527126507436196e-08
73900.04800076805 2.102914983632144e-08
73950.04800076805 2.072284343422204e-08
74000.04800076805 1.2679637659316942e-08
74050.04800076805 3.8859615906852695e-08
74100.04800076805 2.5555761924158464e-08
74150.04800076805 2.6349898370154068e-08
74200.04800076805 1.8341536545701232e-08
74250.04800076805 5.237071852363313e-09
74300.04800076805 2.4246853475345293e-08
74350.04800076805 3.552381365851698e-08
74400.04800076805 3.4178245401983346e-08
74450.04800076805 1.4514026400919309e-08
74500.04800076805 1.044853143016091e-08
74550.04800076805 2.0601410738833904e-08
74600.04800076805 2.263666963417891e-08
74650.04800076805 2.2520454626471747e-08
74700.04800076805 1.5235089925612137e-08
74750.04800076805 1.2295451960564697e-08
74800.04800076805 1.7210728072240267e-08
74850.04800076805 1.9052106499639184e-08
74900.04800076805 3.3120368912318746e-08
74950.04800076805 3.3277064207501805e-08
75000.04800076805 1.6979682877544594e-08
75050.04800076805 7.726375030821014e-09
75100.04800076805 3.281883480186146e-08
75150.04800076805 3.332750569777473e-08
75200.04800076805 3.6934303897469755e-08
75250.04800076805 3.940163583109129e-08
75300.04800076805 3.316446983840238e-08
75350.04800076805 1.283764297704467e-08
75400.04800076805 4.217182599652608e-08
75450.04800076805 3.483847352570536e-08
75500.04800076805 3.23757623740922e-08
75550.04800076805 3.437173812562436e-08
75600.04800076805 4.43623881197593e-08
75650.04800076805 2.644907911542734e-08
75700.04800076805 3.921623033950906e-08
75750.04800076805 2.130849320501879e-08
75800.04800076805 3.534721586701332e-08
75850.04800076805 4.169266588938136e-08
75900.04800076805 3.954293490368285e-08
75950.04800076805 2.0567723455473985e-08
76000.04800076805 4.20277964743017e-08
76050.04800076805 4.0724717072010256e-08
76100.04800076805 3.775212715709258e-08
76150.04800076805 4.1838033698424915e-08
76200.04800076805 3.9124134434930305e-08
76250.04800076805 3.200763722962797e-08
76300.04800076805 6.279054781501019e-08
76350.04800076805 7.039868245930289e-08
76400.04800076805 5.407947721933734e-08
76450.04800076805 4.624851143328891e-08
76500.04800076805 3.2902736376203737e-08
76550.04800076805 1.6770766771332815e-08
76600.04800076805 4.813967654656464e-09
76650.04800076805 5.999450737304967e-09
76700.04800076805 8.150493230186431e-09
76750.04800076805 7.92753966422469e-09
76800.04800076805 1.55207312269118e-08
76850.04800076805 5.491672360065737e-09
76900.04800076805 6.055875813335738e-09
76950.04800076805 1.4270908058379461e-08
77000.04800076805 1.813034596323314e-08
77050.04800076805 7.529378164205894e-09
77100.04800076805 9.551332330786937e-09
77150.04800076805 2.112788514904145e-08
77200.04800076805 1.5038890528480225e-08
77250.04800076805 1.530035285081487e-08
77300.04800076805 1.966227207405088e-08
77350.04800076805 9.10800319129583e-09
77400.04800076805 1.1068887516721453e-08
77450.04800076805 1.9317308055683356e-08
77500.04800076805 1.6430840889706985e-08
77550.04800076805 1.5876548557863213e-08
77600.04800076805 1.2110537589188726e-08
77650.04800076805 1.4600652071303785e-08
77700.04800076805 1.1970185153255015e-08
77750.04800076805 2.6004812459679172e-08
77800.04800076805 2.358723453102059e-08
77850.04800076805 4.319624447961794e-08
77900.04800076805 2.548735316461498e-08
77950.04800076805 9.311835866052559e-09
78000.04800076805 1.8693082533280122e-08
78050.04800076805 2.1191398954408682e-08
78100.04800076805 2.070616950987247e-08
78150.04800076805 3.5974552960490654e-08
78200.04800076805 3.4939390863776034e-08
78250.04800076805 3.7673422506590327e-08
78300.04800076805 2.3354483942797497e-08
78350.04800076805 3.220744333643705e-08
78400.04800076805 1.5723139225615083e-08
78450.04800076805 3.3745259477430526e-08
78500.04800076805 4.163134282254323e-08
78550.04800076805 4.966079199109525e-08
78600.04800076805 3.8231234966441606e-08
78650.04800076805 8.687746443673164e-09
78700.04800076805 1.6618885565742657e-08
78750.04800076805 2.1436451434114933e-08
78800.04800076805 2.7253783329501462e-08
78850.04800076805 1.1566625468041147e-08
78900.04800076805 2.4879885009479372e-08
78950.04800076805 3.306084021148462e-08
79000.04800076805 2.86214463711079e-08
79050.04800076805 2.2765671465320975e-08
79100.04800076805 2.6570950888290973e-08
79150.04800076805 2.663575423796492e-08
79200.04800076805 3.1708566357555116e-08
79250.04800076805 1.9872692273304468e-08
79300.04800076805 1.681272291260628e-08
79350.04800076805 2.7551228731369913e-08
79400.04800076805 1.7167176369836476e-08
79450.04800076805 3.908948710549522e-08
79500.04800076805 5.4394848774370394e-08
79550.04800076805 4.210784350302337e-08
79600.04800076805 2.0541365218325894e-08
79650.04800076805 3.2123012350877317e-08
79700.04800076805 3.092514889505591e-08
79750.04800076805 3.1856348409877995e-08
79800.04800076805 1.9019125073038165e-08
79850.04800076805 3.154695711382901e-08
79900.04800076805 5.84262795307634e-08
79950.04800076805 4.668988063824741e-08
