galfind/configs/Brown_Dwarf_templates/sonora_cholla/logkzz2/562g/800K_562g_logkzz2_resample.dat
# %ECSV 1.0
# ---
# datatype:
# - {name: wav, unit: Angstrom, datatype: float64}
# - {name: flux_nu, unit: erg / (cm2 Hz s), datatype: float64}
# schema: astropy-2.0
wav flux_nu
3000.0480007680403 nan
3050.0480007680403 0.0
3100.0480007680403 0.0
3150.0480007680403 0.0
3200.0480007680403 0.0
3250.0480007680403 0.0
3300.0480007680403 0.0
3350.0480007680403 0.0
3400.0480007680403 0.0
3450.0480007680403 0.0
3500.0480007680403 0.0
3550.0480007680403 0.0
3600.0480007680403 0.0
3650.0480007680403 0.0
3700.0480007680403 0.0
3750.0480007680403 0.0
3800.0480007680403 0.0
3850.0480007680403 0.0
3900.0480007680403 0.0
3950.0480007680403 0.0
4000.0480007680403 0.0
4050.0480007680403 0.0
4100.04800076804 0.0
4150.04800076804 0.0
4200.04800076804 0.0
4250.04800076804 0.0
4300.04800076804 0.0
4350.04800076804 0.0
4400.04800076804 0.0
4450.04800076804 0.0
4500.04800076804 0.0
4550.04800076804 0.0
4600.04800076804 0.0
4650.04800076804 0.0
4700.04800076804 0.0
4750.04800076804 0.0
4800.04800076804 0.0
4850.04800076804 0.0
4900.04800076804 0.0
4950.04800076804 0.0
5000.04800076804 7.882009119731432e-12
5050.04800076804 1.8997253290778526e-11
5100.04800076804 2.050284520691104e-11
5150.04800076804 2.2641213151532988e-11
5200.04800076804 2.5150053402915663e-11
5250.04800076804 2.734521617033446e-11
5300.04800076804 2.9526901716624507e-11
5350.04800076804 3.1737786077904516e-11
5400.04800076804 3.3754123634652995e-11
5450.04800076804 3.6080474251023966e-11
5500.04800076804 3.853901730377223e-11
5550.04800076804 4.114039006885434e-11
5600.04800076804 4.3531429762800417e-11
5650.04800076804 4.559254446493689e-11
5700.04800076804 4.669663788456873e-11
5750.04800076804 4.76102155437037e-11
5800.04800076804 4.70613362529505e-11
5850.04800076804 4.415336881468552e-11
5900.04800076804 2.1885847305515694e-11
5950.04800076804 3.409765672699539e-11
6000.04800076804 7.18298448319813e-11
6050.04800076804 1.0275745451987552e-10
6100.04800076804 1.394821485565496e-10
6150.04800076804 1.823520875298913e-10
6200.04800076804 2.316731472203427e-10
6250.04800076804 2.8565640256130264e-10
6300.04800076804 3.502592612302704e-10
6350.04800076804 4.240333851103856e-10
6400.04800076804 4.99156762640659e-10
6450.04800076804 5.463997927875693e-10
6500.04800076804 6.302125871356222e-10
6550.04800076804 7.397213369776841e-10
6600.04800076804 8.534334821935521e-10
6650.04800076804 9.910289103843242e-10
6700.04800076804 1.1660671627191621e-09
6750.04800076804 1.338015421127147e-09
6800.04800076804 1.511720530543696e-09
6850.04800076804 1.7006044881449245e-09
6900.04800076804 1.6797990795823772e-09
6950.04800076804 1.6308081457247825e-09
7000.04800076804 1.820192051014872e-09
7050.04800076804 1.8364204406133497e-09
7100.04800076804 1.9406837984808083e-09
7150.04800076804 1.7164812881603673e-09
7200.04800076804 1.665089192656926e-09
7250.04800076804 1.8726263734953246e-09
7300.04800076804 1.9514608998907233e-09
7350.04800076804 2.1243445403310655e-09
7400.04800076804 2.3165145177488348e-09
7450.04800076804 2.564014556642535e-09
7500.04800076804 2.723745084397087e-09
7550.04800076804 2.881463157485259e-09
7600.04800076804 3.005359969987055e-09
7650.04800076804 3.0149961848316054e-09
7700.04800076804 2.0372010886662375e-09
7750.04800076804 1.2697959987190302e-09
7800.04800076804 3.0713303765898764e-09
7850.04800076804 3.9638424992035006e-09
7900.04800076804 4.75522549432032e-09
7950.04800076804 5.4832597729936344e-09
8000.04800076804 5.9471928022014226e-09
8050.04800076804 6.315169302293573e-09
8100.04800076804 5.517879878834029e-09
8150.04800076804 5.41200677047039e-09
8200.04800076804 6.895539451676491e-09
8250.04800076804 6.981347319688964e-09
8300.04800076804 7.672565098787097e-09
8350.04800076804 8.033132823662454e-09
8400.04800076804 8.616771123576744e-09
8450.04800076804 9.75783411993087e-09
8500.04800076804 1.0861926178150338e-08
8550.04800076804 1.2090752049243224e-08
8600.04800076804 1.3430780668690128e-08
8650.04800076804 1.449164109030501e-08
8700.04800076804 1.5131508632711544e-08
8750.04800076804 1.621909980484697e-08
8800.04800076804 1.6706062068491697e-08
8850.04800076804 1.5630406680066725e-08
8900.04800076804 1.0363969969879597e-08
8950.04800076804 1.0148379787929739e-08
9000.04800076804 9.82499532028849e-09
9050.04800076804 1.597931414710913e-08
9100.04800076804 1.7173343462806528e-08
9150.04800076804 1.6827557079806757e-08
9200.04800076804 1.9660092376206244e-08
9250.04800076804 1.7074321039694966e-08
9300.04800076804 4.064652246485221e-09
9350.04800076804 5.535023635055449e-09
9400.04800076804 1.085374005226175e-08
9450.04800076804 1.075943938334191e-08
9500.04800076804 9.658232837783343e-09
9550.04800076804 1.050037746666609e-08
9600.04800076804 1.0439651126418618e-08
9650.04800076804 1.305091946790769e-08
9700.04800076804 1.8452060747589173e-08
9750.04800076804 1.9268886456312652e-08
9800.04800076804 2.2543349029778605e-08
9850.04800076804 2.6580705770425193e-08
9900.04800076804 3.206166839126523e-08
9950.04800076804 3.412661893867466e-08
10000.04800076804 4.140102044455124e-08
10050.04800076804 4.55242079279211e-08
10100.04800076804 5.4160571867611636e-08
10150.04800076804 6.06592724656674e-08
10200.04800076804 6.903392787173995e-08
10250.04800076804 7.737681188810708e-08
10300.04800076804 8.695920920979788e-08
10350.04800076804 9.783638259979607e-08
10400.04800076804 1.1157202196504028e-07
10450.04800076804 1.2017598995203313e-07
10500.04800076804 1.2643962115612296e-07
10550.04800076804 1.334096520426182e-07
10600.04800076804 1.37062839315174e-07
10650.04800076804 1.4209034694393032e-07
10700.04800076804 1.4278870115003222e-07
10750.04800076804 1.4497008902755103e-07
10800.04800076804 1.4164148104935215e-07
10850.04800076804 1.3355511856227237e-07
10900.04800076804 9.98519481630552e-08
10950.04800076804 5.384109818747197e-08
11000.04800076804 3.6196032182871626e-08
11050.04800076804 2.1987876759901462e-08
11100.04800076804 1.4308576271692036e-08
11150.04800076804 8.321667675907931e-09
11200.04800076804 8.075152143051073e-09
11250.04800076804 1.0567813546247826e-08
11300.04800076804 1.176133615030913e-08
11350.04800076804 4.990790907631667e-09
11400.04800076804 1.3479684299499548e-08
11450.04800076804 9.257386099182619e-09
11500.04800076804 9.151265893405262e-09
11550.04800076804 4.212925550709587e-09
11600.04800076804 3.921263519390331e-09
11650.04800076804 7.154156868999419e-09
11700.04800076804 8.416876354111658e-09
11750.04800076804 3.7864285453980204e-09
11800.04800076804 1.1672881533719687e-08
11850.04800076804 1.8824403200073444e-08
11900.04800076804 2.355177053706113e-08
11950.04800076804 3.469224493702215e-08
12000.04800076804 4.731023884628553e-08
12050.04800076804 6.274114070500632e-08
12100.04800076804 7.934583347736124e-08
12150.04800076804 9.810851961835279e-08
12200.04800076804 1.1594376958879714e-07
12250.04800076804 1.3831153612886745e-07
12300.04800076804 1.630205620304742e-07
12350.04800076804 1.7158414731679955e-07
12400.04800076804 2.0384860234945477e-07
12450.04800076804 2.3248898122689842e-07
12500.04800076804 2.5049707409139634e-07
12550.04800076804 2.663490872795691e-07
12600.04800076804 2.652567668718381e-07
12650.04800076804 2.57232253961808e-07
12700.04800076804 2.5300256267985356e-07
12750.04800076804 2.3444441099363911e-07
12800.04800076804 2.2500827881040896e-07
12850.04800076804 1.8105237886470612e-07
12900.04800076804 1.5400918889767165e-07
12950.04800076804 1.3959700813374738e-07
13000.04800076804 1.383669639888754e-07
13050.04800076804 1.1432582420924985e-07
13100.04800076804 1.0726616802942789e-07
13150.04800076804 8.216594579807314e-08
13200.04800076804 7.518925037914777e-08
13250.04800076804 5.198377541216397e-08
13300.04800076804 2.419623923863892e-08
13350.04800076804 7.404855049797884e-09
13400.04800076804 2.829141810168576e-09
13450.04800076804 1.304028684751538e-09
13500.04800076804 6.016945372377764e-10
13550.04800076804 3.539723087840801e-10
13600.04800076804 1.5121177712053547e-10
13650.04800076804 6.447032108321256e-10
13700.04800076804 4.2335301812352946e-10
13750.04800076804 7.811983938014958e-10
13800.04800076804 9.255449266753171e-10
13850.04800076804 5.088537451146132e-10
13900.04800076804 5.743180285094258e-10
13950.04800076804 5.498127808603956e-10
14000.04800076804 5.58183124492041e-10
14050.04800076804 8.380257981989781e-10
14100.04800076804 6.691162430743608e-10
14150.04800076804 1.1312297057550542e-09
14200.04800076804 7.699609412898563e-10
14250.04800076804 9.322188426031725e-10
14300.04800076804 2.1252110361879477e-09
14350.04800076804 1.895885261976308e-09
14400.04800076804 2.0479360399700523e-09
14450.04800076804 2.8141978440144406e-09
14500.04800076804 5.758865238012721e-09
14550.04800076804 5.996670823735658e-09
14600.04800076804 9.508563757808492e-09
14650.04800076804 9.240304315033241e-09
14700.04800076804 5.958525215452773e-09
14750.04800076804 8.687642144244478e-09
14800.04800076804 1.1293839444869374e-08
14850.04800076804 1.1572263749368706e-08
14900.04800076804 1.3183526178955669e-08
14950.04800076804 1.6577487921774297e-08
15000.04800076804 2.0813929885345817e-08
15050.04800076804 2.4029997645469304e-08
15100.04800076804 2.7997405642174564e-08
15150.04800076804 2.946492117391833e-08
15200.04800076804 3.195919338523327e-08
15250.04800076804 4.4380847851815096e-08
15300.04800076804 5.187388774135785e-08
15350.04800076804 6.474903501304922e-08
15400.04800076804 7.376834047730862e-08
15450.04800076804 8.359290433274046e-08
15500.04800076804 8.948331218491297e-08
15550.04800076804 1.0587483460982905e-07
15600.04800076804 1.1678025498608113e-07
15650.04800076804 1.2117226076712617e-07
15700.04800076804 1.373189202340563e-07
15750.04800076804 1.443400089128144e-07
15800.04800076804 1.4479964338904663e-07
15850.04800076804 1.506025759916667e-07
15900.04800076804 1.3751761316972192e-07
15950.04800076804 1.2612978092001916e-07
16000.04800076804 1.0231551242689836e-07
16050.04800076804 7.13316854955788e-08
16100.04800076804 5.135909795522403e-08
16150.04800076804 3.2563566126276645e-08
16200.04800076804 2.002583489542796e-08
16250.04800076804 1.771943044870096e-08
16300.04800076804 1.3492593134783386e-08
16350.04800076804 1.561064950473762e-08
16400.04800076804 1.8429599685956055e-08
16450.04800076804 1.9424955939419108e-08
16500.04800076804 2.107157750073209e-08
16550.04800076804 1.9808181537998445e-08
16600.04800076804 2.2936921963930062e-08
16650.04800076804 1.589407750331057e-08
16700.04800076804 4.453423236930047e-09
16750.04800076804 9.873467167235326e-09
16800.04800076804 1.584701047883832e-08
16850.04800076804 1.6041411073471677e-08
16900.04800076804 1.1629045419847882e-08
16950.04800076804 9.650696424993774e-09
17000.04800076804 6.899021272997721e-09
17050.04800076804 1.02418819192028e-08
17100.04800076804 1.3439677857067407e-08
17150.04800076804 9.599456888764745e-09
17200.04800076804 1.8299053400420374e-08
17250.04800076804 1.3164065251988386e-08
17300.04800076804 9.912670059325519e-09
17350.04800076804 1.0194634266683321e-08
17400.04800076804 1.1620606726059262e-08
17450.04800076804 1.3630413798207983e-08
17500.04800076804 1.656927078456208e-08
17550.04800076804 1.3699072190688862e-08
17600.04800076804 1.076643255915789e-08
17650.04800076804 9.989308020668413e-09
17700.04800076804 7.905847480953242e-09
17750.04800076804 6.651959378217086e-09
17800.04800076804 9.59040639546169e-09
17850.04800076804 5.97626522824244e-09
17900.04800076804 5.920414766191677e-09
17950.04800076804 3.832806033798459e-09
18000.04800076804 5.329036745753574e-09
18050.04800076804 4.298768276097357e-09
18100.04800076804 4.22158831981095e-09
18150.04800076804 5.524056780663307e-09
18200.04800076804 3.020578757384573e-09
18250.04800076804 8.600129869499079e-09
18300.04800076804 3.4438952670474126e-09
18350.04800076804 2.9268927731271693e-09
18400.04800076804 2.3259166250900398e-09
18450.04800076804 5.0969387068966105e-09
18500.04800076804 5.183062362359601e-09
18550.04800076804 3.4906668282322857e-09
18600.04800076804 3.5393721555730353e-09
18650.04800076804 2.5233259712503247e-09
18700.04800076804 1.7007411898254167e-09
18750.04800076804 3.073311105988076e-09
18800.04800076804 9.162662847472043e-09
18850.04800076804 9.09109925935187e-09
18900.04800076804 7.810123696378644e-09
18950.04800076804 1.4955825794968713e-08
19000.04800076804 6.886599837502224e-09
19050.04800076804 4.484509063969081e-09
19100.04800076804 9.917366497463963e-09
19150.04800076804 5.6089272336410806e-09
19200.04800076804 9.013729221435625e-09
19250.04800076804 6.396101072866151e-09
19300.04800076804 4.8335218973107095e-09
19350.04800076804 5.169346025004205e-09
19400.04800076804 3.2976386878787528e-09
19450.04800076804 6.958686390711475e-09
19500.04800076804 6.33137066027253e-09
19550.04800076804 5.2676304352879005e-09
19600.04800076804 7.60271129732594e-09
19650.04800076804 9.330976215801003e-09
19700.04800076804 9.619920347200372e-09
19750.04800076804 1.1831885505500908e-08
19800.04800076804 1.3065890774956853e-08
19850.04800076804 1.7385818153924395e-08
19900.04800076804 1.417011404315283e-08
19950.04800076804 2.2043418136078412e-08
20000.04800076804 2.096713630900684e-08
20050.04800076804 2.2364620150828887e-08
20100.04800076804 2.6796948341290285e-08
20150.04800076804 2.340192144282368e-08
20200.04800076804 2.6833856487722403e-08
20250.04800076804 3.301614129593061e-08
20300.04800076804 3.1142931172317264e-08
20350.04800076804 3.6417514198616176e-08
20400.04800076804 3.411276223966405e-08
20450.04800076804 4.2120896920641014e-08
20500.04800076804 4.343095312469766e-08
20550.04800076804 4.3224445959989916e-08
20600.04800076804 4.729592958010574e-08
20650.04800076804 4.675675251209595e-08
20700.04800076804 4.6221306276736396e-08
20750.04800076804 4.91211935260859e-08
20800.04800076804 4.7552944781683195e-08
20850.04800076804 4.8615132060597066e-08
20900.04800076804 4.934977513345468e-08
20950.04800076804 4.7003083476576494e-08
21000.04800076804 4.679117102560058e-08
21050.04800076804 4.4735957870430704e-08
21100.04800076804 4.318833591733648e-08
21150.04800076804 4.304110301305679e-08
21200.04800076804 4.0552857448820355e-08
21250.04800076804 3.8866943653382586e-08
21300.04800076804 3.4705579552582326e-08
21350.04800076804 3.4284377506801434e-08
21400.04800076804 3.243097453750132e-08
21450.04800076804 2.840906334872859e-08
21500.04800076804 2.8643154929174096e-08
21550.04800076804 2.6728342082061332e-08
21600.04800076804 2.4266998924533303e-08
21650.04800076804 2.1516650864591514e-08
21700.04800076804 2.2348367997396718e-08
21750.04800076804 2.1331691811845954e-08
21800.04800076804 1.8266245473832446e-08
21850.04800076804 1.5725612320893955e-08
21900.04800076804 1.3145574405305582e-08
21950.04800076804 6.327071303071206e-09
22000.04800076804 2.092754173272969e-09
22050.04800076804 2.084263816143796e-09
22100.04800076804 4.952133702301716e-09
22150.04800076804 5.529887961196418e-09
22200.04800076804 4.95845137378439e-09
22250.04800076804 4.799512754141219e-09
22300.04800076804 3.344559163177902e-09
22350.04800076804 3.442821301110911e-09
22400.04800076804 2.179879921372154e-09
22450.04800076804 2.038933003065611e-09
22500.04800076804 2.2734513907002676e-09
22550.04800076804 1.2090507254264039e-09
22600.04800076804 1.6662981453083684e-09
22650.04800076804 2.31380330842195e-09
22700.04800076804 1.58038132914286e-09
22750.04800076804 1.7371277350515345e-09
22800.04800076804 1.7585404821682917e-09
22850.04800076804 1.508787624125245e-09
22900.04800076804 1.0794095959112098e-09
22950.04800076804 9.723094924251512e-10
23000.04800076804 1.3248294452925835e-09
23050.04800076804 1.6600223925880665e-09
23100.04800076804 4.388985908366662e-09
23150.04800076804 4.543063667771006e-09
23200.04800076804 6.24236585278931e-10
23250.04800076804 9.839803043037846e-10
23300.04800076804 1.1424883348551698e-09
23350.04800076804 8.965729676252546e-10
23400.04800076804 1.3366949877087022e-09
23450.04800076804 9.460591707452225e-10
23500.04800076804 9.615758837510198e-10
23550.04800076804 1.5205353309784968e-09
23600.04800076804 2.006104535878122e-09
23650.04800076804 2.540988961162677e-09
23700.04800076804 9.281029721812946e-10
23750.04800076804 7.581900172545927e-10
