galfind/configs/Brown_Dwarf_templates/sonora_cholla/logkzz2/562g/800K_562g_logkzz2_resample.dat
# %ECSV 1.0
# ---
# datatype:
# - {name: wav, unit: Angstrom, datatype: float64}
# - {name: flux_nu, unit: erg / (cm2 Hz s), datatype: float64}
# schema: astropy-2.0
wav flux_nu
[from data line 417]
23850.04800076804 1.5391026820080586e-09
23900.04800076804 2.963644439814663e-09
23950.04800076804 2.4543517401945097e-09
24000.04800076804 3.7375832595575075e-09
24050.04800076804 4.293877300154559e-09
24100.04800076804 3.509988117272041e-09
24150.04800076804 4.5403581607392855e-09
24200.04800076804 4.480772811141063e-09
24250.04800076804 3.1218188961996803e-09
24300.04800076804 5.201103805288584e-09
24350.04800076804 3.656365539068772e-09
24400.04800076804 6.927678279430404e-09
24450.04800076804 5.906655177776773e-09
24500.04800076804 6.4153578819873545e-09
24550.04800076804 8.076557862838193e-09
24600.04800076804 9.254036990809752e-09
24650.04800076804 1.0714022567956417e-08
24700.04800076804 7.616638197916701e-09
24750.04800076804 8.208629008631823e-09
24800.04800076804 7.91947090835196e-09
24850.04800076804 1.2518875522595637e-08
24900.04800076804 5.221178378511417e-09
24950.04800076804 1.011124086486297e-08
25000.04800076804 9.690163909340896e-09
25050.04800076804 5.866863516728725e-09
25100.04800076804 8.712373498739746e-09
25150.04800076804 4.5239753668203704e-09
25200.04800076804 6.706592362775014e-09
25250.04800076804 3.1682940436540247e-09
25300.04800076804 4.8931509086503815e-09
25350.04800076804 2.2840998488470318e-09
25400.04800076804 5.517171975133302e-09
25450.04800076804 2.556404196648807e-09
25500.04800076804 2.2732224861907364e-09
25550.04800076804 3.599519089631881e-09
25600.04800076804 2.086339456116282e-09
25650.04800076804 1.4250025348182328e-09
25700.04800076804 2.665141901766443e-09
25750.04800076804 1.0674754346489788e-09
25800.04800076804 3.444704624474331e-09
25850.04800076804 9.950204951683778e-10
25900.04800076804 1.5532909638069642e-09
25950.04800076804 6.810960986978533e-10
26000.04800076804 3.241681330924337e-09
26050.04800076804 9.966573337490084e-10
26100.04800076804 3.114025550730026e-09
26150.04800076804 1.914820665119593e-09
26200.04800076804 2.225050871774022e-09
26250.04800076804 6.433779714397206e-09
26300.04800076804 2.6454452722490115e-09
26350.04800076804 7.622395073867497e-09
26400.04800076804 9.409102822435146e-09
26450.04800076804 7.757107004775167e-09
26500.04800076804 9.765657077297592e-09
26550.04800076804 3.5687816348255535e-09
26600.04800076804 4.027461402169287e-09
26650.04800076804 1.2693905167086179e-09
26700.04800076804 7.661944987867362e-10
26750.04800076804 8.940512369460567e-10
26800.04800076804 1.6049722981598722e-09
26850.04800076804 9.430551992028677e-10
26900.04800076804 3.0439530595935764e-09
26950.04800076804 1.2608317923380843e-09
27000.04800076804 4.599269615967483e-09
27050.04800076804 4.4011188370891175e-09
27100.04800076804 1.7961954695456815e-09
27150.04800076804 6.251650120428824e-09
27200.04800076804 1.7438599826514955e-09
27250.04800076804 3.2333477325604423e-09
27300.04800076804 1.2766852447455496e-08
27350.04800076804 6.534896538365161e-09
27400.04800076804 8.441231780022838e-10
27450.04800076804 8.108351894688118e-09
27500.04800076804 1.0414505758249553e-08
27550.04800076804 2.4890824259221585e-09
27600.04800076804 5.509405317884646e-09
27650.04800076804 2.043809320215256e-09
27700.04800076804 1.627289178383758e-09
27750.04800076804 6.426523173333044e-09
27800.04800076804 2.578448085962208e-09
27850.04800076804 3.1903365407136065e-09
27900.04800076804 4.39649285002259e-09
27950.04800076804 8.153670699450864e-09
28000.04800076804 6.251990221699072e-09
28050.04800076804 1.7845625826837993e-09
28100.04800076804 9.45646589345619e-09
28150.04800076804 5.7311044019439195e-09
28200.04800076804 2.0187156326113e-09
28250.04800076804 1.0476251374382544e-08
28300.04800076804 1.3961558689630918e-08
28350.04800076804 2.7429032231344748e-09
28400.04800076804 7.950837092493083e-09
28450.04800076804 1.3150926340273817e-08
28500.04800076804 7.619989650940351e-09
28550.04800076804 2.431850286710669e-09
28600.04800076804 1.2304967204486586e-08
28650.04800076804 1.1011377761315975e-08
28700.04800076804 9.197194436851398e-09
28750.04800076804 1.6290598667292692e-08
28800.04800076804 1.3961518009177112e-08
28850.04800076804 1.629342030340333e-08
28900.04800076804 7.283895568442024e-09
28950.04800076804 2.1726586666682256e-08
29000.04800076804 1.3995426788321645e-08
29050.04800076804 1.6554715585507756e-08
29100.04800076804 1.1278716517543381e-08
29150.04800076804 2.5834845113140566e-08
29200.04800076804 1.5213833996616626e-08
29250.04800076804 2.24983586385061e-08
29300.04800076804 1.272401936605768e-08
29350.04800076804 5.301817124254546e-08
29400.04800076804 1.699718472004416e-08
29450.04800076804 2.0886428293043224e-08
29500.04800076804 2.9260491902785936e-08
29550.04800076804 2.0230378450558945e-08
29600.04800076804 2.9555377483347847e-08
29650.04800076804 3.091927132353734e-08
29700.04800076804 1.7812652554860708e-08
29750.04800076804 2.942400850225388e-08
29800.04800076804 3.053020822328012e-08
29850.04800076804 4.0430911067253544e-08
29900.04800076804 4.177384136236201e-08
29950.04800076804 3.110789467522379e-08
30000.04800076804 1.4752036862995239e-08
30050.04800076804 1.8312411882122995e-08
30100.04800076804 2.899369825290451e-08
30150.04800076804 4.1159205903234894e-08
30200.04800076804 2.738411542352465e-08
30250.04800076804 5.2759490260367466e-08
30300.04800076804 4.454430173047599e-08
30350.04800076804 3.3164567644913585e-08
30400.04800076804 4.849095436748798e-08
30450.04800076804 3.288165855997748e-08
30500.04800076804 3.1612706072447044e-08
30550.04800076804 2.8133173411859216e-08
30600.04800076804 4.554205844825904e-08
30650.04800076804 3.485225821844459e-08
30700.04800076804 2.8649182968940377e-08
30750.04800076804 3.0476611424720326e-08
30800.04800076804 2.481522489204531e-08
30850.04800076804 2.6901062794118975e-08
30900.04800076804 2.5423821051599013e-08
30950.04800076804 1.520696178933166e-08
31000.04800076804 2.0161078420855565e-08
31050.04800076804 2.0631806446471765e-08
31100.04800076804 1.360995107035086e-08
31150.04800076804 1.7220103583955328e-08
31200.04800076804 2.1617691390034803e-08
31250.04800076804 1.312839056355706e-08
31300.04800076804 1.2144244953269839e-08
31350.04800076804 1.3099249565596427e-08
31400.04800076804 8.198088049170124e-09
31450.04800076804 1.2432221355151736e-08
31500.04800076804 6.90181063595488e-09
31550.04800076804 8.794149677850812e-09
31600.04800076804 5.8860444532060055e-09
31650.04800076804 5.5101750366468405e-09
31700.04800076804 7.195207222620464e-09
31750.04800076804 3.3949910674127603e-09
31800.04800076804 6.71628919467791e-09
31850.04800076804 3.3570440376291325e-09
31900.04800076804 5.123877556014832e-09
31950.04800076804 3.53904095484459e-09
32000.04800076804 3.958508722870418e-09
32050.04800076804 3.258559758505125e-09
32100.04800076804 2.7117402600978297e-09
32150.04800076804 3.842507681284954e-09
32200.04800076804 2.310608728701286e-09
32250.04800076804 5.255470886416866e-09
32300.04800076804 1.9397647998634997e-09
32350.04800076804 5.761287709540578e-09
32400.04800076804 2.4057569699418725e-09
32450.04800076804 4.478536635924416e-09
32500.04800076804 3.0470997644133863e-09
32550.04800076804 4.462312634920914e-09
32600.04800076804 3.919892764733538e-09
32650.04800076804 6.6196676555049985e-09
32700.04800076804 4.865948094210984e-09
32750.04800076804 9.020227348979527e-09
32800.04800076804 7.296573467085437e-09
32850.04800076804 1.1589672494756424e-08
32900.04800076804 1.127075462949624e-08
32950.04800076804 1.270360057957133e-08
33000.04800076804 8.491611581474003e-09
33050.04800076804 9.185590564922591e-09
33100.04800076804 3.79233457410467e-09
33150.04800076804 1.2071949057689993e-10
33200.04800076804 3.370956318027513e-10
33250.04800076804 2.5500280420939063e-10
33300.04800076804 5.396698383405846e-10
33350.04800076804 1.5795352538541488e-09
33400.04800076804 3.1129713653695814e-09
33450.04800076804 3.418005236031494e-09
33500.04800076804 7.031613047040017e-09
33550.04800076804 4.628677813687185e-09
33600.04800076804 7.275988076783269e-09
33650.04800076804 6.497127172556192e-09
33700.04800076804 4.81041644175379e-09
33750.04800076804 8.972315857349612e-09
33800.04800076804 3.2121084652462216e-09
33850.04800076804 6.093032129971118e-09
33900.04800076804 6.070399900572174e-09
33950.04800076804 6.1140765493026774e-09
34000.04800076804 8.72321262950255e-09
34050.04800076804 2.7697245552550483e-09
34100.04800076804 7.525413719173348e-09
34150.04800076804 4.228666568313541e-09
34200.04800076804 6.825135128350817e-09
34250.04800076804 5.530605758461734e-09
34300.04800076804 4.737728567609918e-09
34350.04800076804 8.402869472901926e-09
34400.04800076804 4.555134226393244e-09
34450.04800076804 8.918501908053729e-09
34500.04800076804 5.4414465278668006e-09
34550.04800076804 3.918528952510921e-09
34600.04800076804 1.0043891356943978e-08
34650.04800076804 3.78260462371731e-09
34700.04800076804 6.256241026708633e-09
34750.04800076804 6.045089774957636e-09
34800.04800076804 4.060774472402151e-09
34850.04800076804 8.88803402267051e-09
34900.04800076804 7.025055902201423e-09
34950.04800076804 7.572401340623605e-09
35000.04800076804 1.2332873311146202e-08
35050.04800076804 7.422230368132546e-09
35100.04800076804 1.3490531255152174e-08
35150.04800076804 1.1692318272356329e-08
35200.04800076804 1.3347982588145106e-08
35250.04800076804 1.5547172361468222e-08
35300.04800076804 9.30002891744763e-09
35350.04800076804 1.485830884749392e-08
35400.04800076804 1.3311944822513068e-08
35450.04800076804 1.1199274341493993e-08
35500.04800076804 2.481825716197668e-08
35550.04800076804 1.6084915442404386e-08
35600.04800076804 1.8651274923314843e-08
35650.04800076804 1.9313937507496925e-08
35700.04800076804 1.3630192866843533e-08
35750.04800076804 2.830999134971772e-08
35800.04800076804 2.0517995373935106e-08
35850.04800076804 1.3362971332068265e-08
35900.04800076804 2.203514165594644e-08
35950.04800076804 2.3259990405249938e-08
36000.04800076804 1.4623153665881772e-08
36050.04800076804 2.102729544480966e-08
36100.04800076804 1.905814730896839e-08
36150.04800076804 2.8121982964103326e-08
36200.04800076804 2.55972809679491e-08
36250.04800076804 2.7621139244386817e-08
36300.04800076804 3.389013060898862e-08
36350.04800076804 2.899845097567873e-08
36400.04800076804 4.2554611816656484e-08
36450.04800076804 3.693414201267252e-08
36500.04800076804 3.7252339516740067e-08
36550.04800076804 5.0836439079387465e-08
36600.04800076804 5.737773141956521e-08
36650.04800076804 5.297925036297326e-08
36700.04800076804 5.4392805162239324e-08
36750.04800076804 5.981701368880873e-08
36800.04800076804 5.79908146878257e-08
36850.04800076804 4.414693942970955e-08
36900.04800076804 5.586069072467014e-08
36950.04800076804 5.98831616579515e-08
37000.04800076804 5.3378303656436085e-08
37050.04800076804 6.574704183962968e-08
37100.04800076804 6.252104215923588e-08
37150.04800076804 6.503353204345419e-08
37200.04800076804 7.057569594023754e-08
37250.04800076804 5.648676469678331e-08
37300.04800076804 5.676821662597011e-08
37350.04800076804 7.336823641821836e-08
37400.04800076804 9.218218954657237e-08
37450.04800076804 6.288859323159074e-08
37500.04800076804 6.274314691741197e-08
37550.04800076804 1.0233590396928896e-07
37600.04800076804 1.1907594673397581e-07
37650.04800076804 7.282240168520628e-08
37700.04800076804 9.641917579154012e-08
37750.04800076804 6.890575524660793e-08
37800.04800076804 8.024180655370935e-08
37850.04800076804 5.734574728459759e-08
37900.04800076804 7.09704971237143e-08
37950.04800076804 9.381579543567682e-08
38000.04800076804 1.0968104777486049e-07
38050.04800076804 1.0327525301303948e-07
38100.04800076804 1.1867796348351331e-07
38150.04800076804 1.173218113205435e-07
38200.04800076804 1.211506575272698e-07
38250.04800076804 1.1800231207102622e-07
38300.04800076804 1.6615676675905928e-07
38350.04800076804 1.5653173100069093e-07
38400.04800076804 9.772986660065676e-08
38450.04800076804 9.167781949019672e-08
38500.04800076804 6.515162125108076e-08
38550.04800076804 1.0191969299481597e-07
38600.04800076804 1.0993672330177198e-07
38650.04800076804 1.4189990604989852e-07
38700.04800076804 1.3860272197892197e-07
38750.04800076804 1.419894981977047e-07
38800.04800076804 1.0888024967753759e-07
38850.04800076804 1.5445058733694933e-07
38900.04800076804 1.6123802228148425e-07
38950.04800076804 1.2009817835443377e-07
39000.04800076804 1.73007811540314e-07
39050.04800076804 1.344913154554963e-07
39100.04800076804 1.548471676119031e-07
39150.04800076804 1.511404940385936e-07
39200.04800076804 1.3552112274255337e-07
39250.04800076804 1.7727729344636544e-07
39300.04800076804 1.6209100583825905e-07
39350.04800076804 2.1594198218942897e-07
39400.04800076804 1.8080092822408824e-07
39450.04800076804 1.884710020166743e-07
39500.04800076804 1.9186717439124614e-07
39550.04800076804 1.719576958191295e-07
39600.04800076804 1.9095443926167345e-07
39650.04800076804 2.4434637892911344e-07
39700.04800076804 1.9471045512587692e-07
39750.04800076804 1.3517367096868102e-07
39800.04800076804 1.7979517264317553e-07
39850.04800076804 2.3732791064761385e-07
39900.04800076804 2.407510093303302e-07
39950.04800076804 2.0230840535029945e-07
40000.04800076804 2.5836170977916994e-07
40050.04800076804 2.4232204058267953e-07
40100.04800076804 1.5648415168172412e-07
40150.04800076804 2.573691939285794e-07
40200.04800076804 2.589110375643588e-07
40250.04800076804 2.618261362720337e-07
40300.04800076804 2.7116087065943625e-07
40350.04800076804 1.9574767573768782e-07
40400.04800076804 2.6801576145913846e-07
40450.04800076804 2.1353270065465923e-07
40500.04800076804 2.790246931193012e-07
40550.04800076804 2.7623297733507907e-07
40600.04800076804 2.625950913716236e-07
40650.04800076804 2.492722659625713e-07
40700.04800076804 3.604890533482755e-07
40750.04800076804 2.851263232571182e-07
40800.04800076804 2.159582070980907e-07
40850.04800076804 3.492545599148891e-07
40900.04800076804 3.2234439197164865e-07
40950.04800076804 2.502034232625838e-07
41000.04800076804 2.907154121479562e-07
41050.04800076804 3.540599689647256e-07
41100.04800076804 2.6492165866827045e-07
41150.04800076804 1.9931199687227132e-07
41200.04800076804 3.548861966558249e-07
41250.04800076804 3.1167007264679503e-07
41300.04800076804 2.743853292618103e-07
41350.04800076804 3.706234345142597e-07
41400.04800076804 3.183955797463152e-07
41450.04800076804 3.442058767076744e-07
41500.04800076804 2.674068749411527e-07
41550.04800076804 2.4855703921581664e-07
41600.04800076804 3.137228759628765e-07
41650.04800076804 3.3102792538577566e-07
41700.04800076804 3.024523508221734e-07
41750.04800076804 2.853360573606893e-07
41800.04800076804 3.83979736661295e-07
41850.04800076804 2.326547571938688e-07
41900.04800076804 2.5561089121872455e-07
41950.04800076804 3.063335680496346e-07
42000.04800076804 3.4159438671843027e-07
42050.04800076804 2.8870657620486446e-07
42100.04800076804 3.762036880961531e-07
42150.04800076804 2.674100495958486e-07
42200.04800076804 2.8154655144735824e-07
42250.04800076804 2.619148665168038e-07
42300.04800076804 2.6658427374830044e-07
42350.04800076804 3.094094428605946e-07
42400.04800076804 3.207823954591597e-07
42450.04800076804 2.835346156109414e-07
42500.04800076804 2.689827080552897e-07
42550.04800076804 2.568926699843187e-07
42600.04800076804 2.7895571763270866e-07
42650.04800076804 3.859909143213007e-07
42700.04800076804 2.264480479228346e-07
42750.04800076804 2.4458312405287925e-07
42800.04800076804 2.6381525919590014e-07
42850.04800076804 3.026597932287843e-07
42900.04800076804 3.374938137656377e-07
42950.04800076804 2.463402493761548e-07
43000.04800076804 3.2367197918982185e-07
43050.04800076804 1.6083991914344344e-07
43100.04800076804 2.465929794067289e-07
43150.04800076804 2.576749330369149e-07
43200.04800076804 2.877937939628211e-07
43250.04800076804 3.864020122741804e-07
43300.04800076804 3.75307446663416e-07
43350.04800076804 2.096213909431136e-07
43400.04800076804 2.854906877792875e-07
43450.04800076804 2.0301782137132057e-07
43500.04800076804 2.3689440882557255e-07
43550.04800076804 2.39612808424722e-07
43600.04800076804 3.0985025788306056e-07
