galfind/configs/Brown_Dwarf_templates/sonora_cholla/logkzz2/562g/850K_562g_logkzz2_resample.dat
# %ECSV 1.0
# ---
# datatype:
# - {name: wav, unit: Angstrom, datatype: float64}
# - {name: flux_nu, unit: erg / (cm2 Hz s), datatype: float64}
# schema: astropy-2.0
wav flux_nu
[from data line 773]
48650.000000000095 1.527190659972267e-07
48700.000000000095 2.229774412147633e-07
48750.000000000095 1.3355161792743143e-07
48800.000000000095 2.375839247408442e-07
48850.000000000095 1.4815500408924176e-07
48900.000000000095 2.2163264968738643e-07
48950.000000000095 1.684502366548352e-07
49000.000000000095 1.1993605501689445e-07
49050.000000000095 2.141481064854468e-07
49100.000000000095 1.6409321923104585e-07
49150.000000000095 2.2762990270231726e-07
49200.000000000095 1.9461086081770633e-07
49250.000000000095 2.4835480620912877e-07
49300.000000000095 1.8074988411603822e-07
49350.000000000095 1.3337328493473676e-07
49400.000000000095 1.647065820592429e-07
49450.000000000095 1.8913092453372127e-07
49500.000000000095 1.5653907381804067e-07
49550.000000000095 6.709639093049549e-08
49600.000000000095 1.4109734320549134e-07
49650.000000000095 1.5696444046522833e-07
49700.000000000095 1.6164496294870492e-07
49750.000000000095 2.261949366949028e-07
49800.000000000095 1.452142952542356e-07
49850.000000000095 2.6797954006877867e-07
49900.000000000095 2.164042480394001e-07
49950.000000000095 2.0305755449128249e-07
50000.000000000095 2.1432969364344578e-07
50050.000000000095 2.304800576599583e-07
50100.000000000095 2.1576668633849973e-07
50150.000000000095 1.1645265670998443e-07
50200.000000000095 5.429659698019314e-08
50250.000000000095 1.713353467943961e-07
50300.000000000095 1.2570918927433793e-07
50350.000000000095 2.206296017382617e-07
50400.000000000095 2.0325398169039293e-07
50450.000000000095 1.6881831141071327e-07
50500.000000000095 2.370584531167335e-07
50550.000000000095 2.198481504263789e-07
50600.000000000095 1.8234480309822317e-07
50650.000000000095 2.159796263617695e-07
50700.000000000095 2.8421819601714337e-07
50750.000000000095 2.1143345938046476e-07
50800.000000000095 1.0667888898881247e-07
50850.000000000095 8.444543913145383e-08
50900.000000000095 2.3227665022590568e-07
50950.000000000095 2.1607507827728081e-07
51000.000000000095 1.789788723775166e-07
51050.000000000095 1.9728623256478942e-07
51100.000000000095 8.920767650966911e-08
51150.000000000095 1.3317812736879662e-07
51200.000000000095 2.811519218776675e-07
51250.000000000095 1.8458806443436604e-07
51300.000000000095 1.4479015833035035e-07
51350.000000000095 1.7039021028917056e-07
51400.000000000095 9.147033555279719e-08
51450.000000000095 7.989074806595096e-08
51500.000000000095 7.05340080720293e-08
51550.000000000095 1.6335352685241105e-07
51600.000000000095 1.272802963059011e-07
51650.000000000095 1.608866179299346e-07
51700.000000000095 1.6750221555753257e-07
51750.000000000095 1.0575740957692412e-07
51800.000000000095 2.1570666522228383e-07
51850.000000000095 1.7759117476930347e-07
51900.000000000095 2.422608017157119e-07
51950.000000000095 1.67745634712402e-07
52000.000000000095 4.330087369141062e-08
52050.000000000095 1.0665015042345045e-07
52100.000000000095 8.632331269037007e-08
52150.000000000095 6.267524036658986e-08
52200.000000000095 8.030971768874065e-08
52250.000000000095 1.2558529536224606e-07
52300.000000000095 2.1323004393737122e-07
52350.000000000095 1.0398446966401669e-07
52400.000000000095 9.242855276814565e-08
52450.000000000095 1.8333447005466613e-07
52500.000000000095 1.68453013824691e-07
52550.000000000095 1.6365422138082082e-07
52600.000000000095 1.299847000298375e-07
52650.000000000095 1.3356364965326608e-07
52700.000000000095 1.1319364658073838e-07
52750.000000000095 7.852688420132611e-08
52800.000000000095 9.28799269628213e-08
52850.000000000095 1.1165670024852896e-07
52900.000000000095 7.770505669529606e-08
52950.000000000095 9.140024958682629e-08
53000.000000000095 1.7564760483999998e-07
53050.000000000095 6.512676707202676e-08
53100.000000000095 1.6898082202170282e-07
53150.000000000095 2.055133483703537e-07
53200.000000000095 8.733223311673152e-08
53250.000000000095 1.825478756434772e-07
53300.000000000095 1.9423674439175768e-07
53350.000000000095 1.88873936342137e-07
53400.000000000095 1.6793177153286394e-07
53450.000000000095 6.362111478031154e-08
53500.000000000095 3.248614173800111e-08
53550.000000000095 5.748078843998065e-08
53600.000000000095 1.134460490861348e-07
53650.000000000095 9.763250648472386e-08
53700.000000000095 8.616068452229365e-08
53750.000000000095 8.375114101356878e-08
53800.000000000095 8.366737051952523e-08
53850.000000000095 1.1972458432519071e-07
53900.000000000095 1.3217907184302754e-07
53950.000000000095 1.6608718169485243e-07
54000.000000000095 1.0733627820237657e-07
54050.000000000095 1.1617693934016723e-07
54100.000000000095 4.3504259546798165e-08
54150.000000000095 6.74755968792051e-08
54200.000000000095 2.49732711596462e-08
54250.000000000095 4.0160185480440145e-08
54300.000000000095 7.643341079632868e-08
54350.000000000095 1.0756274295511994e-07
54400.000000000095 1.0228404010587787e-07
54450.000000000095 8.742349372211666e-08
54500.000000000095 7.53357675501546e-08
54550.000000000095 6.845325602726972e-08
54600.000000000095 8.10264800161824e-08
54650.000000000095 3.090068086781719e-08
54700.000000000095 9.754013193734758e-08
54750.000000000095 8.919165770041367e-08
54800.000000000095 5.690121343648635e-08
54850.000000000095 7.542122607489137e-08
54900.000000000095 1.102076152656595e-07
54950.000000000095 1.521126056879974e-07
55000.000000000095 5.482738870439731e-08
55050.000000000095 9.19070982035984e-08
55100.000000000095 9.327882220154453e-08
55150.000000000095 6.33796151232846e-08
55200.000000000095 6.022531254006729e-08
55250.000000000095 7.621144805170881e-08
55300.000000000095 5.101066269792378e-08
55350.000000000095 9.664652221337521e-08
55400.000000000095 1.16306769720659e-07
55450.000000000095 7.215783150608826e-08
55500.000000000095 3.466624939610067e-08
55550.000000000095 4.594589797500883e-08
55600.000000000095 5.2735470946618015e-08
55650.000000000095 4.8276511884386044e-08
55700.000000000095 5.755845742791455e-08
55750.000000000095 5.993657518160034e-08
55800.000000000095 3.6162057178635025e-08
55850.000000000095 3.858948279951793e-08
55900.000000000095 8.22960749745295e-08
55950.000000000095 1.1168129994808536e-07
56000.000000000095 4.712393204734901e-08
56050.000000000095 6.165442465494285e-08
56100.000000000095 8.26254534357262e-08
56150.000000000095 5.070402548106359e-08
56200.000000000095 6.256431809163734e-08
56250.000000000095 8.356407965124815e-08
56300.000000000095 7.154607150126206e-08
56350.000000000095 6.269517218143513e-08
56400.000000000095 3.291021541551496e-08
56450.000000000095 2.991464798719377e-08
56500.000000000095 5.415905238527984e-08
56550.000000000095 2.9303650540610487e-08
56600.000000000095 7.913293019043737e-08
56650.000000000095 8.110872658534068e-08
56700.000000000095 7.870448577242903e-08
56750.000000000095 3.268748092058198e-08
56800.000000000095 6.99784456783283e-08
56850.000000000095 6.449465766983779e-08
56900.000000000095 4.2216905206550446e-08
56950.000000000095 7.781127456335604e-08
57000.000000000095 9.263000987866698e-08
57050.000000000095 5.077906660610319e-08
57100.000000000095 2.1778240349860588e-08
57150.000000000095 3.686906785079355e-08
57200.000000000095 3.016358440623105e-08
57250.000000000095 4.222486655124262e-08
57300.000000000095 6.208733218959314e-08
57350.000000000095 3.342262528470815e-08
57400.000000000095 7.021382850360889e-08
57450.000000000095 4.95708201943064e-08
57500.000000000095 4.736902855670671e-08
57550.000000000095 6.556381791590693e-08
57600.000000000095 6.447938715671583e-08
57650.000000000095 1.9812902574484074e-08
57700.000000000095 3.038704874141718e-08
57750.000000000095 4.3182960565165156e-08
57800.000000000095 1.8036867396176985e-08
57850.000000000095 1.0317842745685063e-07
57900.000000000095 1.1839770983911972e-07
57950.000000000095 1.133556025190234e-07
58000.000000000095 4.558845136124e-08
58050.000000000095 6.928552497214878e-08
58100.000000000095 7.809231824444477e-08
58150.000000000095 5.220440357225498e-08
58200.000000000095 2.1683189513684054e-08
58250.000000000095 2.961001520880511e-08
58300.000000000095 2.8668335507255117e-08
58350.000000000095 3.59244025632325e-08
58400.000000000095 6.173301446884185e-08
58450.000000000095 6.906197427426027e-08
58500.000000000095 6.494118491046501e-08
58550.000000000095 6.736595172888392e-08
58600.000000000095 3.286745038780623e-08
58650.000000000095 4.159672710531462e-08
58700.000000000095 5.0371994535062276e-08
58750.000000000095 5.168523000813605e-08
58800.000000000095 1.5397743600218297e-08
58850.000000000095 3.8919468720912186e-08
58900.000000000095 5.3924301461693016e-08
58950.000000000095 2.71288063003848e-08
59000.000000000095 5.5313402357273735e-08
59050.000000000095 6.908231886132358e-08
59100.000000000095 7.61816667679912e-08
59150.000000000095 5.458704212657975e-08
59200.000000000095 5.964057312577653e-08
59250.000000000095 6.370918297592834e-08
59300.000000000095 5.572091541216209e-08
59350.000000000095 1.9527550939383034e-08
59400.000000000095 1.6873860428673506e-08
59450.000000000095 5.522710184967193e-08
59500.000000000095 2.9382662294955395e-08
59550.000000000095 6.389117326243748e-08
59600.000000000095 7.406733752976981e-08
59650.000000000095 4.647477793049403e-08
59700.000000000095 3.282146141651703e-08
59750.000000000095 8.953324747143397e-08
59800.000000000095 4.435418599314749e-08
59850.000000000095 6.495360822334298e-08
59900.000000000095 2.6423454581514357e-08
59950.000000000095 5.271778903937322e-08
60000.000000000095 1.0099075219118948e-07
60050.000000000095 8.886669254439114e-08
60100.000000000095 8.271408857301891e-08
60150.000000000095 4.547167570128799e-08
60200.000000000095 6.814815316667852e-08
60250.000000000095 9.755168198825219e-08
60300.000000000095 8.727250242291362e-08
60350.000000000095 5.591393600228711e-08
60400.000000000095 6.580719968572588e-08
60450.000000000095 2.503836992827808e-08
60500.000000000095 1.2665618438226567e-08
60550.000000000095 6.312850537019038e-08
60600.000000000095 6.985287190552076e-08
60650.000000000095 5.054071695735976e-08
60700.000000000095 3.866620760694135e-08
60750.000000000095 2.4705525949899858e-08
60800.000000000095 6.784275399241705e-08
60850.000000000095 1.1791721420705156e-07
60900.000000000095 1.0500621681842e-07
60950.000000000095 8.579020194735238e-08
61000.000000000095 6.987699427559169e-08
61050.000000000095 3.8732588567088453e-08
61100.000000000095 5.173008445363854e-08
61150.000000000095 2.062185729205074e-08
61200.000000000095 7.57444977456759e-08
61250.000000000095 9.21920901771812e-08
61300.000000000095 8.121338795808025e-08
61350.000000000095 1.1873042718745619e-07
61400.000000000095 5.8764940992340084e-08
61450.000000000095 2.9093627280442116e-08
61500.000000000095 3.811409200947305e-08
61550.000000000095 5.190622216558683e-08
61600.000000000095 3.079567760189958e-08
61650.000000000095 5.494392475942936e-08
61700.000000000095 5.1346348156609166e-08
61750.000000000095 6.007658833238206e-08
61800.000000000095 6.060542781071676e-08
61850.000000000095 3.063112691316434e-08
61900.000000000095 9.271850210016399e-08
61950.000000000095 9.459735901987236e-08
62000.000000000095 9.961225927620894e-08
62050.000000000095 9.256319727949829e-08
62100.000000000095 7.785164778783288e-08
62150.000000000095 9.746098982909116e-08
62200.000000000095 8.483289507779257e-08
62250.000000000095 7.340877866948112e-08
62300.000000000095 1.3128941605796205e-07
62350.000000000095 1.0482136614017166e-07
62400.000000000095 5.139631080959587e-08
62450.000000000095 7.705184207969897e-08
62500.000000000095 1.1925490018768307e-07
62550.000000000095 1.2147478169504063e-07
62600.000000000095 1.234280906857695e-07
62650.000000000095 9.307857464669567e-08
62700.000000000095 9.083918094181574e-08
62750.000000000095 1.2214036068719216e-07
62800.000000000095 7.140319038827663e-08
62850.000000000095 1.0669645896790627e-07
62900.000000000095 7.952839818692106e-08
62950.000000000095 1.2904880213499122e-07
63000.000000000095 9.759575320641609e-08
63050.000000000095 1.5147953521883193e-07
63100.000000000095 1.388020587680551e-07
63150.000000000095 9.940849962494982e-08
63200.000000000095 1.1616584404937632e-07
63250.000000000095 1.0055557204545193e-07
63300.000000000095 1.057273694225446e-07
63350.000000000095 1.0081512292554912e-07
63400.000000000095 4.925997128316112e-08
63450.000000000095 3.297758546485727e-08
63500.000000000095 8.682480154459157e-08
63550.000000000095 9.829265806848407e-08
63600.000000000095 1.0211957271827092e-07
63650.000000000095 6.923360817494209e-08
63700.000000000095 3.607618330687763e-08
63750.000000000095 6.326295910178948e-08
63800.000000000095 1.0326728886466184e-07
63850.000000000095 8.602080981193265e-08
63900.000000000095 4.353443805674314e-08
63950.000000000095 7.80592415071049e-08
64000.000000000095 9.30502996136111e-08
64050.000000000095 5.321758691928994e-08
64100.000000000095 1.612618386694096e-08
64150.000000000095 2.48197760891808e-08
64200.000000000095 2.8192550119903312e-08
64250.000000000095 5.8547446112308785e-08
64300.000000000095 4.394333589045395e-08
64350.000000000095 3.5514437286096025e-08
64400.000000000095 7.386264194863435e-08
64450.000000000095 7.875520149192854e-08
64500.000000000095 3.619545856303201e-08
64550.000000000095 6.330836775668543e-08
64600.000000000095 3.2759178372885304e-08
64650.000000000095 6.025339526069725e-08
64700.000000000095 2.664492830834453e-08
64750.000000000095 3.8368678984538053e-08
64800.000000000095 3.198916129279618e-08
64850.000000000095 2.4912278233114102e-08
64900.000000000095 2.7042170914681312e-08
64950.000000000095 2.5854376122147685e-08
65000.000000000095 3.56920685990603e-08
65050.000000000095 4.449496140789993e-08
65100.000000000095 6.14377575438532e-08
65150.000000000095 3.292077658456912e-08
65200.000000000095 2.3303154107806515e-08
65250.000000000095 5.177631179900944e-08
65300.000000000095 4.44551141343904e-08
65350.000000000095 9.804737126914857e-08
65400.000000000095 4.375219251977246e-08
65450.000000000095 4.5242990801781437e-08
65500.000000000095 5.5302361234540327e-08
65550.00000000009 2.981678617395779e-08
65600.00000000009 4.977208210436678e-08
65650.00000000009 4.171165804647602e-08
65700.00000000009 3.948920683278442e-08
65750.00000000009 2.7710202645649067e-08
65800.00000000009 4.813111805764324e-08
65850.00000000009 6.362800564027965e-08
65900.00000000009 2.626554606206415e-08
65950.00000000009 3.0116739146178905e-08
66000.00000000009 4.1434788083472025e-08
66050.00000000009 8.392174529622313e-08
66100.00000000009 4.719856656320153e-08
66150.00000000009 3.774224034909478e-08
66200.00000000009 3.636180324913032e-08
66250.00000000009 3.020098129853989e-08
66300.00000000009 1.3752577588551503e-08
66350.00000000009 1.7012865957853353e-08
66400.00000000009 2.8084656025044203e-08
66450.00000000009 5.770160563954052e-08
66500.00000000009 8.063643187974234e-08
66550.00000000009 7.627823267288871e-08
66600.00000000009 5.8883450648438744e-08
66650.00000000009 4.815733242727013e-08
66700.00000000009 4.171180051632709e-08
66750.00000000009 3.7728795543444074e-08
66800.00000000009 5.044927128933944e-08
66850.00000000009 3.276983610100354e-08
66900.00000000009 7.581365345959763e-08
66950.00000000009 8.072752100807792e-08
67000.00000000009 8.154303112408163e-08
67050.00000000009 5.141852074045797e-08
67100.00000000009 3.654460592520375e-08
67150.00000000009 3.870948714576151e-08
67200.00000000009 5.4836544839261873e-08
67250.00000000009 5.2261411921330193e-08
67300.00000000009 6.67976033827909e-08
67350.00000000009 3.840230959878413e-08
67400.00000000009 8.13709803222735e-08
67450.00000000009 5.680332899595553e-08
67500.00000000009 5.2498996005001496e-08
67550.00000000009 7.59796769694857e-08
67600.00000000009 1.2670156991335948e-07
67650.00000000009 9.284448068012906e-08
67700.00000000009 6.268088858981611e-08
67750.00000000009 4.8002017835632285e-08
67800.00000000009 6.795671258906764e-08
67850.00000000009 3.5239625262546994e-08
67900.00000000009 4.488705215845986e-08
67950.00000000009 3.237079703290894e-08
68000.00000000009 5.6948677919038036e-08
68050.00000000009 7.510819126178816e-08
