galfind/configs/Brown_Dwarf_templates/sonora_cholla/logkzz2/562g/900K_562g_logkzz2_resample.dat
# %ECSV 1.0
# ---
# datatype:
# - {name: wav, unit: Angstrom, datatype: float64}
# - {name: flux_nu, unit: erg / (cm2 Hz s), datatype: float64}
# schema: astropy-2.0
wav flux_nu
[from data line 387]
29350.000000000095 9.903968702229827e-08
29400.000000000095 4.043802737294012e-08
29450.000000000095 4.5858670396830206e-08
29500.000000000095 5.6270959397884494e-08
29550.000000000095 4.3570031024671e-08
29600.000000000095 6.125613854961079e-08
29650.000000000095 5.717537839034502e-08
29700.000000000095 4.046793141802363e-08
29750.000000000095 5.980576181184728e-08
29800.000000000095 6.428278928639921e-08
29850.000000000095 7.552607664400641e-08
29900.000000000095 7.691004210192237e-08
29950.000000000095 6.146846053693616e-08
30000.000000000095 4.287729485941197e-08
30050.000000000095 4.2771885675737786e-08
30100.000000000095 5.9527984380311034e-08
30150.000000000095 8.058812998918543e-08
30200.000000000095 5.618110974427189e-08
30250.000000000095 9.199291378161761e-08
30300.000000000095 7.734498723702494e-08
30350.000000000095 6.45107633444781e-08
30400.000000000095 8.320393760411826e-08
30450.000000000095 6.017458366155512e-08
30500.000000000095 5.839402451652053e-08
30550.000000000095 5.612606324675152e-08
30600.000000000095 7.465645777846183e-08
30650.000000000095 6.141333155810432e-08
30700.000000000095 5.2996869404742745e-08
30750.000000000095 5.1376432886397376e-08
30800.000000000095 4.614117546981509e-08
30850.000000000095 4.6167808442644217e-08
30900.000000000095 4.558326197215048e-08
30950.000000000095 2.9614365192085397e-08
31000.000000000095 3.6008446182382853e-08
31050.000000000095 3.8003557209440796e-08
31100.000000000095 2.545571772278171e-08
31150.000000000095 3.134949201791649e-08
31200.000000000095 3.5915628685347324e-08
31250.000000000095 2.4705045134082023e-08
31300.000000000095 2.3468695187605998e-08
31350.000000000095 2.3809387877897596e-08
31400.000000000095 1.5337976993861768e-08
31450.000000000095 2.344953307787088e-08
31500.000000000095 1.4410285344646901e-08
31550.000000000095 1.838439697123835e-08
31600.000000000095 1.23656108154412e-08
31650.000000000095 1.2146976315318244e-08
31700.000000000095 1.520882928133939e-08
31750.000000000095 8.372461408208559e-09
31800.000000000095 1.388641330357772e-08
31850.000000000095 9.014262936999623e-09
31900.000000000095 1.1474660896847867e-08
31950.000000000095 9.07879685917844e-09
32000.000000000095 1.003954239058579e-08
32050.000000000095 7.961556595690164e-09
32100.000000000095 7.067698781321181e-09
32150.000000000095 9.598327736886013e-09
32200.000000000095 6.2404982856617125e-09
32250.000000000095 1.2428625071919938e-08
32300.000000000095 5.335107814419999e-09
32350.000000000095 1.3733456577118013e-08
32400.000000000095 7.1704997894946775e-09
32450.000000000095 1.162102897526174e-08
32500.000000000095 8.43994776763534e-09
32550.000000000095 1.1313525569612182e-08
32600.000000000095 1.1159508122076574e-08
32650.000000000095 1.59408591921054e-08
32700.000000000095 1.2984005351330351e-08
32750.000000000095 1.9953666133688607e-08
32800.000000000095 1.6266235909206208e-08
32850.000000000095 2.3657224193801003e-08
32900.000000000095 2.3936116584786025e-08
32950.000000000095 2.6355528993992038e-08
33000.000000000095 2.0101407776800578e-08
33050.000000000095 2.0748404764984745e-08
33100.000000000095 9.49133223561461e-09
33150.000000000095 7.982350975020193e-10
33200.000000000095 1.3840215045962417e-09
33250.000000000095 8.811025608342221e-10
33300.000000000095 1.4228537121368378e-09
33350.000000000095 3.5483055903306155e-09
33400.000000000095 6.197866144852522e-09
33450.000000000095 7.69021553462344e-09
33500.000000000095 1.3018288154193003e-08
33550.000000000095 1.0314850131576646e-08
33600.000000000095 1.642480736704353e-08
33650.000000000095 1.4973687117627854e-08
33700.000000000095 1.2145882287779866e-08
33750.000000000095 1.954084545616488e-08
33800.000000000095 9.467427699815225e-09
33850.000000000095 1.5142197938946614e-08
33900.000000000095 1.4340336460936115e-08
33950.000000000095 1.521682161896642e-08
34000.000000000095 1.9177958020156024e-08
34050.000000000095 7.352550433766127e-09
34100.000000000095 1.7382521315659113e-08
34150.000000000095 1.090558949708888e-08
34200.000000000095 1.57757285331811e-08
34250.000000000095 1.2884440630954336e-08
34300.000000000095 1.1096887586018916e-08
34350.000000000095 1.7734559590265244e-08
34400.000000000095 1.1295506072816615e-08
34450.000000000095 1.9332980101310086e-08
34500.000000000095 1.3254878248957301e-08
34550.000000000095 9.618876417396831e-09
34600.000000000095 2.019254780216605e-08
34650.000000000095 9.695476929840451e-09
34700.000000000095 1.3593406299799018e-08
34750.000000000095 1.3435119970071726e-08
34800.000000000095 8.912759339880455e-09
34850.000000000095 1.7028085959089585e-08
34900.000000000095 1.673924292420792e-08
34950.000000000095 1.584075392242324e-08
35000.000000000095 2.3096907477349184e-08
35050.000000000095 1.5584427377987334e-08
35100.000000000095 2.493136077343003e-08
35150.000000000095 2.2162875521928975e-08
35200.000000000095 2.7296464164512033e-08
35250.000000000095 2.9794042516075028e-08
35300.000000000095 1.8898911685957136e-08
35350.000000000095 2.867227868123352e-08
35400.000000000095 2.7414275137613093e-08
35450.000000000095 2.3490232631988102e-08
35500.000000000095 4.4024487021462337e-08
35550.000000000095 3.231135941081954e-08
35600.000000000095 3.56602177477296e-08
35650.000000000095 3.6498901528959965e-08
35700.000000000095 2.543917428313752e-08
35750.000000000095 4.910800156202218e-08
35800.000000000095 3.893430413160599e-08
35850.000000000095 2.7418404116100908e-08
35900.000000000095 4.29814519630336e-08
35950.000000000095 4.459850739464634e-08
36000.000000000095 2.9722686732476913e-08
36050.000000000095 4.169931776839247e-08
36100.000000000095 3.8667456875038905e-08
36150.000000000095 4.940316651720105e-08
36200.000000000095 4.625388587722386e-08
36250.000000000095 5.128243785195509e-08
36300.000000000095 5.7717347202310314e-08
36350.000000000095 5.554692621249125e-08
36400.000000000095 7.355657587714323e-08
36450.000000000095 6.923469605395792e-08
36500.000000000095 6.751801193994338e-08
36550.000000000095 8.334395333368786e-08
36600.000000000095 9.717572414406932e-08
36650.000000000095 9.569845261263826e-08
36700.000000000095 9.538806527480568e-08
36750.000000000095 1.0790853712063645e-07
36800.000000000095 9.761314179054031e-08
36850.000000000095 8.270105245309077e-08
36900.000000000095 9.641282208317257e-08
36950.000000000095 1.044903469303247e-07
37000.000000000095 9.489122421651434e-08
37050.000000000095 1.1210056431677059e-07
37100.000000000095 1.1258824079789948e-07
37150.000000000095 1.1381291630758977e-07
37200.000000000095 1.201138312785558e-07
37250.000000000095 1.005335680323482e-07
37300.000000000095 1.0352400408343856e-07
37350.000000000095 1.2541376706677737e-07
37400.000000000095 1.523157745707264e-07
37450.000000000095 1.1934887150752107e-07
37500.000000000095 1.0898291506850735e-07
37550.000000000095 1.7247960609173176e-07
37600.000000000095 1.8463783835189826e-07
37650.000000000095 1.268681181033835e-07
37700.000000000095 1.55912864893407e-07
37750.000000000095 1.174996716013179e-07
37800.000000000095 1.3760048405948574e-07
37850.000000000095 1.0653884346535429e-07
37900.000000000095 1.2709396459689609e-07
37950.000000000095 1.571581496374653e-07
38000.000000000095 1.8458766967376577e-07
38050.000000000095 1.6469670215258593e-07
38100.000000000095 1.8574565988569329e-07
38150.000000000095 1.8687309264642854e-07
38200.000000000095 1.9418895285190032e-07
38250.000000000095 1.87054845759124e-07
38300.000000000095 2.466184409563395e-07
38350.000000000095 2.424233219330535e-07
38400.000000000095 1.6164727805495142e-07
38450.000000000095 1.6624196600913384e-07
38500.000000000095 1.2787903078016928e-07
38550.000000000095 1.7488832559377556e-07
38600.000000000095 1.833226845664146e-07
38650.000000000095 2.305164000122364e-07
38700.000000000095 2.2483402274654767e-07
38750.000000000095 2.291714895582379e-07
38800.000000000095 1.831658978812271e-07
38850.000000000095 2.484944356375868e-07
38900.000000000095 2.543102339079612e-07
38950.000000000095 2.0501565318764988e-07
39000.000000000095 2.7299685608506286e-07
39050.000000000095 2.2493273515859423e-07
39100.000000000095 2.4454374203785905e-07
39150.000000000095 2.3948641804942587e-07
39200.000000000095 2.2407160696297053e-07
39250.000000000095 2.7937896449430715e-07
39300.000000000095 2.602890036934541e-07
39350.000000000095 3.247848864380244e-07
39400.000000000095 2.913277323573438e-07
39450.000000000095 2.960966459604011e-07
39500.000000000095 2.8768731946926707e-07
39550.000000000095 2.788626333490961e-07
39600.000000000095 2.9332632466846945e-07
39650.000000000095 3.6565646207962045e-07
39700.000000000095 2.9988468479692243e-07
39750.000000000095 2.2923930915328913e-07
39800.000000000095 3.007578494519625e-07
39850.000000000095 3.561259678957066e-07
39900.000000000095 3.523187504572152e-07
39950.000000000095 3.2095481204856777e-07
40000.000000000095 3.8380283864066105e-07
40050.000000000095 3.712421999525745e-07
40100.000000000095 2.677143492255912e-07
40150.000000000095 3.957357751135369e-07
40200.000000000095 4.0010412946145035e-07
40250.000000000095 3.8032594200998103e-07
40300.000000000095 4.0553724953526573e-07
40350.000000000095 3.175498667976445e-07
40400.000000000095 4.0206948750857784e-07
40450.000000000095 3.494857570170544e-07
40500.000000000095 4.102621086346446e-07
40550.000000000095 4.191941706706521e-07
40600.000000000095 3.9480965956596905e-07
40650.000000000095 3.9402034179121046e-07
40700.000000000095 5.257672009648817e-07
40750.000000000095 4.273968489052818e-07
40800.000000000095 3.4544281739621195e-07
40850.000000000095 5.050444328498674e-07
40900.000000000095 4.618018472272572e-07
40950.000000000095 3.8293968104944133e-07
41000.000000000095 4.3696535953530415e-07
41050.000000000095 5.068582329383023e-07
41100.000000000095 4.059220999467379e-07
41150.000000000095 3.2939402149012226e-07
41200.000000000095 5.067827654565122e-07
41250.000000000095 4.6713877630721784e-07
41300.000000000095 3.9304743316883235e-07
41350.000000000095 5.3026069108912e-07
41400.000000000095 4.65480655603249e-07
41450.000000000095 4.923066215027199e-07
41500.000000000095 4.0295035550054333e-07
41550.000000000095 3.805845408027388e-07
41600.000000000095 4.623082432067043e-07
41650.000000000095 4.6042506996837747e-07
41700.000000000095 4.241325391457436e-07
41750.000000000095 3.9955655957088223e-07
41800.000000000095 5.485602350754289e-07
41850.000000000095 3.2507972027864667e-07
41900.000000000095 3.811101400092084e-07
41950.000000000095 4.4295136531246697e-07
42000.000000000095 4.788262446921397e-07
42050.000000000095 4.1350586763347396e-07
42100.000000000095 5.131143348222246e-07
42150.000000000095 3.6969171617721454e-07
42200.000000000095 3.9431195893279286e-07
42250.000000000095 3.7838448436264005e-07
42300.000000000095 3.912696963297996e-07
42350.000000000095 4.3773709263650316e-07
42400.000000000095 4.316954559518987e-07
42450.000000000095 3.873351505709712e-07
42500.000000000095 3.675011334611462e-07
42550.000000000095 3.609673858049335e-07
42600.000000000095 3.9220965560743703e-07
42650.000000000095 5.236621572358687e-07
42700.000000000095 3.3443206940601465e-07
42750.000000000095 3.4417186762246523e-07
42800.000000000095 3.6157201116859033e-07
42850.000000000095 4.1124696150444806e-07
42900.000000000095 4.5812639444777807e-07
42950.000000000095 3.3873328417306764e-07
43000.000000000095 4.4981937080389444e-07
43050.000000000095 2.3861724229104857e-07
43100.000000000095 3.48525838320452e-07
43150.000000000095 3.7242736837079194e-07
43200.000000000095 3.9691940513278284e-07
43250.000000000095 5.154184214282093e-07
43300.000000000095 5.134919786302436e-07
43350.000000000095 2.9859962864108045e-07
43400.000000000095 3.96878903830911e-07
43450.000000000095 2.8803758587571285e-07
43500.000000000095 3.255937333467437e-07
43550.000000000095 3.3037199224705906e-07
43600.000000000095 4.157832316901486e-07
43650.000000000095 2.6612497951501066e-07
43700.000000000095 4.798609939829666e-07
43750.000000000095 4.4265700492949696e-07
43800.000000000095 3.5585126345965813e-07
43850.000000000095 3.6493884898192256e-07
43900.000000000095 3.2672857696279216e-07
43950.000000000095 2.749022328371353e-07
44000.000000000095 1.9142709799940334e-07
44050.000000000095 3.5433757794161903e-07
44100.000000000095 4.035865611782902e-07
44150.000000000095 4.02839193117929e-07
44200.000000000095 3.372151374413214e-07
44250.000000000095 2.652094268310286e-07
44300.000000000095 2.3584588866501112e-07
44350.000000000095 2.286133571195149e-07
44400.000000000095 2.3662497980148324e-07
44450.000000000095 2.7097727590075275e-07
44500.000000000095 2.2530576669146846e-07
44550.000000000095 2.8885641406160796e-07
44600.000000000095 2.220933751856832e-07
44650.000000000095 2.618656266316571e-07
44700.000000000095 2.164241909052866e-07
44750.000000000095 2.414125496580822e-07
44800.000000000095 2.082768823529949e-07
44850.000000000095 2.3183337151048482e-07
44900.000000000095 1.7292388185228613e-07
44950.000000000095 1.7148398410770357e-07
45000.000000000095 1.9648514181324635e-07
45050.000000000095 2.000736831603747e-07
45100.000000000095 1.926821098992255e-07
45150.000000000095 1.7188398887668512e-07
45200.000000000095 1.1785884455807258e-07
45250.000000000095 1.3680435424002656e-07
45300.000000000095 1.6059478245193003e-07
45350.000000000095 1.6067018427611853e-07
45400.000000000095 1.392333696396611e-07
45450.000000000095 1.3654309784276008e-07
45500.000000000095 1.4329715391353775e-07
45550.000000000095 1.6609690392353763e-07
45600.000000000095 1.3960059075016001e-07
45650.000000000095 1.2915352083620032e-07
45700.000000000095 1.484563212215949e-07
45750.000000000095 1.2889591620944126e-07
45800.000000000095 1.215857420272577e-07
45850.000000000095 1.8583334237204704e-07
45900.000000000095 1.8962074512408549e-07
45950.000000000095 1.2260186946394126e-07
46000.000000000095 1.7597934802998654e-07
46050.000000000095 1.7748483655786624e-07
46100.000000000095 1.2907356135313013e-07
46150.000000000095 1.591059050742915e-07
46200.000000000095 1.5183951278535893e-07
46250.000000000095 8.670253805566826e-08
46300.000000000095 1.9397198413157178e-07
46350.000000000095 1.3805642125435726e-07
46400.000000000095 1.7553505729310745e-07
46450.000000000095 2.1308600088050868e-07
46500.000000000095 1.5726628087732336e-07
46550.000000000095 1.711323968790262e-07
46600.000000000095 1.8059985201963455e-07
46650.000000000095 3.393549890427279e-07
46700.000000000095 2.1899372020026037e-07
46750.000000000095 1.6490906172157553e-07
46800.000000000095 1.1509686715367426e-07
46850.000000000095 2.4273256344822054e-07
46900.000000000095 2.0510104600208914e-07
46950.000000000095 2.611525688105479e-07
47000.000000000095 1.5253137963528668e-07
47050.000000000095 2.5574178436309846e-07
47100.000000000095 1.101084283001793e-07
47150.000000000095 1.6237655126863484e-07
47200.000000000095 2.1417248556760155e-07
47250.000000000095 1.3614855297195464e-07
47300.000000000095 1.3994482486217477e-07
47350.000000000095 1.394035580952247e-07
47400.000000000095 2.4229337906842884e-07
47450.000000000095 1.3756455603882903e-07
47500.000000000095 2.6048474962082495e-07
47550.000000000095 1.442752780420063e-07
47600.000000000095 2.3052340199543993e-07
47650.000000000095 1.3032755417062774e-07
47700.000000000095 2.168766418974877e-07
47750.000000000095 1.0482623408675398e-07
47800.000000000095 1.6514606818614716e-07
47850.000000000095 9.334786357421667e-08
47900.000000000095 1.4833986816450636e-07
47950.000000000095 1.474797310931185e-07
48000.000000000095 2.667200624263808e-07
48050.000000000095 1.689824119473183e-07
48100.000000000095 1.7344005236851963e-07
48150.000000000095 1.4936444440366608e-07
48200.000000000095 2.0545613818922468e-07
48250.000000000095 1.4986409725829193e-07
48300.000000000095 2.9405576874081854e-07
48350.000000000095 1.36805537905191e-07
48400.000000000095 1.2985228798171351e-07
48450.000000000095 1.4201263262497935e-07
48500.000000000095 2.563711869085286e-07
48550.000000000095 1.3316692756153286e-07
