galfind/configs/Brown_Dwarf_templates/sonora_cholla/logkzz2/562g/950K_562g_logkzz2_resample.dat
# %ECSV 1.0
# ---
# datatype:
# - {name: wav, unit: Angstrom, datatype: float64}
# - {name: flux_nu, unit: erg / (cm2 Hz s), datatype: float64}
# schema: astropy-2.0
wav flux_nu
[from data line 1162]
68100.00000000009 1.4230223170286094e-07
68150.00000000009 1.1366864713660226e-07
68200.00000000009 1.1312229801943566e-07
68250.00000000009 4.712369301789647e-08
68300.00000000009 1.0004790837382724e-07
68350.00000000009 5.926567788126385e-08
68400.00000000009 1.455904834976464e-07
68450.00000000009 1.349234536971244e-07
68500.00000000009 1.0907744074333991e-07
68550.00000000009 6.843315143244889e-08
68600.00000000009 7.25047071541777e-08
68650.00000000009 4.502710709669464e-08
68700.00000000009 8.066588256184926e-08
68750.00000000009 1.0545750467089898e-07
68800.00000000009 1.1865001274085996e-07
68850.00000000009 5.7586389783657815e-08
68900.00000000009 1.511127584974508e-07
68950.00000000009 1.548274404591453e-07
69000.00000000009 1.3342779807513368e-07
69050.00000000009 8.270028344863754e-08
69100.00000000009 1.5281389011502742e-07
69150.00000000009 1.8146315897805767e-07
69200.00000000009 1.1184988672260109e-07
69250.00000000009 1.7015772447414012e-07
69300.00000000009 1.0278225614611426e-07
69350.00000000009 1.6032692953419614e-07
69400.00000000009 7.310147324122041e-08
69450.00000000009 1.63432372936904e-07
69500.00000000009 9.662389692328543e-08
69550.00000000009 1.008178127629424e-07
69600.00000000009 3.817811685853824e-08
69650.00000000009 9.113196531049264e-08
69700.00000000009 1.4425346243046818e-07
69750.00000000009 1.0194494450763066e-07
69800.00000000009 1.3261291119105653e-07
69850.00000000009 1.4173623280555865e-07
69900.00000000009 1.0416343829742205e-07
69950.00000000009 1.0758768963427446e-07
70000.00000000009 9.859365542255094e-08
70050.00000000009 1.5878777647035693e-07
70100.00000000009 1.1170858901603487e-07
70150.00000000009 1.0939287466751067e-07
70200.00000000009 8.161954271152841e-08
70250.00000000009 1.1237102328495712e-07
70300.00000000009 1.5118362107082475e-07
70350.00000000009 1.129487302239259e-07
70400.00000000009 8.739040626673144e-08
70450.00000000009 3.879616660880488e-08
70500.00000000009 7.203792522044819e-08
70550.00000000009 7.52579703071905e-08
70600.00000000009 7.168695043539e-08
70650.00000000009 1.2954474586354275e-07
70700.00000000009 1.1690077187840335e-07
70750.00000000009 1.4320435473316692e-07
70800.00000000009 8.981993887193476e-08
70850.00000000009 8.718239736010801e-08
70900.00000000009 9.15511277220992e-08
70950.00000000009 1.383452670535447e-07
71000.00000000009 1.1728925277458639e-07
71050.00000000009 1.1630804088632777e-07
71100.00000000009 9.903777822859801e-08
71150.00000000009 9.612591943766269e-08
71200.00000000009 8.517757812762158e-08
71250.00000000009 9.68972754881698e-08
71300.00000000009 1.2661210821110805e-07
71350.00000000009 1.2760360735386663e-07
71400.00000000009 1.2060504878722528e-07
71450.00000000009 6.592589826702328e-08
71500.00000000009 7.784084514874156e-08
71550.00000000009 8.67333744935016e-08
71600.00000000009 1.0089554199423661e-07
71650.00000000009 8.74336662316915e-08
71700.00000000009 6.866533911061318e-08
71750.00000000009 9.058573473670247e-08
71800.00000000009 1.1844642835025101e-07
71850.00000000009 1.1647082911336944e-07
71900.00000000009 7.762683803507817e-08
71950.00000000009 8.58332307544568e-08
72000.00000000009 8.6343183945167e-08
72050.00000000009 6.466457259797291e-08
72100.00000000009 7.585837785832315e-08
72150.00000000009 6.137257956555581e-08
72200.00000000009 8.77343353529758e-08
72250.00000000009 1.0450327225841948e-07
72300.00000000009 8.772855715610449e-08
72350.00000000009 9.43165237757057e-08
72400.00000000009 7.852221188518141e-08
72450.00000000009 6.699122474873164e-08
72500.00000000009 8.688536941590113e-08
72550.00000000009 4.841068108800713e-08
72600.00000000009 5.85834660790024e-08
72650.00000000009 9.637449849060275e-08
72700.00000000009 8.980354142173705e-08
72750.00000000009 8.012955373336376e-08
72800.00000000009 6.746328971789529e-08
72850.00000000009 6.973772336461268e-08
72900.00000000009 9.788553237599774e-08
72950.00000000009 8.594095373556728e-08
73000.00000000009 8.688006894965958e-08
73050.00000000009 6.353754736010467e-08
73100.00000000009 5.956074932941638e-08
73150.00000000009 1.1532712079461243e-07
73200.00000000009 6.143281701423139e-08
73250.00000000009 7.694136646649531e-08
73300.00000000009 7.575619276842443e-08
73350.00000000009 5.81374063335194e-08
73400.00000000009 8.023178245941508e-08
73450.00000000009 5.3710016429396716e-08
73500.00000000009 4.817150665861709e-08
73550.00000000009 7.273503550312994e-08
73600.00000000009 5.716769782442231e-08
73650.00000000009 7.548180222402715e-08
73700.00000000009 8.461855911066205e-08
73750.00000000009 4.8378218568681954e-08
73800.00000000009 7.145694166326768e-08
73850.00000000009 7.95581064600145e-08
73900.00000000009 7.671432239566547e-08
73950.00000000009 6.815252239961703e-08
74000.00000000009 5.293203687310057e-08
74050.00000000009 1.0822861593903125e-07
74100.00000000009 6.86244781634977e-08
74150.00000000009 7.460077413171124e-08
74200.00000000009 6.563720385217767e-08
74250.00000000009 3.3016793224966684e-08
74300.00000000009 6.597550582348348e-08
74350.00000000009 8.995751288302841e-08
74400.00000000009 8.41439858472321e-08
74450.00000000009 4.386129499305892e-08
74500.00000000009 4.769233029763788e-08
74550.00000000009 6.735940001234563e-08
74600.00000000009 6.862970069340948e-08
74650.00000000009 6.819148541939786e-08
74700.00000000009 5.1038880381996916e-08
74750.00000000009 5.265548736163256e-08
74800.00000000009 6.221355988160685e-08
74850.00000000009 5.2122266689067755e-08
74900.00000000009 8.76006117873126e-08
74950.00000000009 9.258794050388815e-08
75000.00000000009 6.309085253990748e-08
75050.00000000009 4.162779362328323e-08
75100.00000000009 9.628542404303653e-08
75150.00000000009 8.244706915852849e-08
75200.00000000009 9.814681765033425e-08
75250.00000000009 9.629751641131623e-08
75300.00000000009 9.407701816346116e-08
75350.00000000009 5.14100484571064e-08
75400.00000000009 1.0355377832401085e-07
75450.00000000009 8.366706627454534e-08
75500.00000000009 7.777368003642003e-08
75550.00000000009 9.535355403535724e-08
75600.00000000009 1.1907105624751676e-07
75650.00000000009 7.300329228384856e-08
75700.00000000009 8.722156874160713e-08
75750.00000000009 5.895197868021607e-08
75800.00000000009 9.273414622599551e-08
75850.00000000009 1.0903368287751527e-07
75900.00000000009 9.858805804456309e-08
75950.00000000009 6.439778455905173e-08
76000.00000000009 9.425740072187757e-08
76050.00000000009 1.0036130431281445e-07
76100.00000000009 8.94670242789824e-08
76150.00000000009 1.0275376842487668e-07
76200.00000000009 1.0187861181841278e-07
76250.00000000009 1.098128900194944e-07
76300.00000000009 1.4103178895591375e-07
76350.00000000009 1.6510614309905909e-07
76400.00000000009 1.2477798611799818e-07
76450.00000000009 1.193990105545797e-07
76500.00000000009 9.387915038101368e-08
76550.00000000009 6.766746116481093e-08
76600.00000000009 2.8518183800214203e-08
76650.00000000009 3.373230680495834e-08
76700.00000000009 3.5978375214439384e-08
76750.00000000009 3.584034302702617e-08
76800.00000000009 5.944540510449545e-08
76850.00000000009 2.1771846947197662e-08
76900.00000000009 3.055035302945628e-08
76950.00000000009 5.0511950235993034e-08
77000.00000000009 5.584312221699337e-08
77050.00000000009 3.458428925529955e-08
77100.00000000009 4.1571217576119275e-08
77150.00000000009 6.183980372810319e-08
77200.00000000009 5.0523226931934184e-08
77250.00000000009 5.676705260093622e-08
77300.00000000009 5.605787124935969e-08
77350.00000000009 3.522807407615773e-08
77400.00000000009 3.6607413433154346e-08
77450.00000000009 4.570453745658962e-08
77500.00000000009 3.9603737355118286e-08
77550.00000000009 5.043150324916309e-08
77600.00000000009 5.212671228487572e-08
77650.00000000009 5.048580527428423e-08
77700.00000000009 3.818042753064907e-08
77750.00000000009 6.970126383492323e-08
77800.00000000009 5.5226486246698965e-08
77850.00000000009 9.173735668245262e-08
77900.00000000009 7.054375285454471e-08
77950.00000000009 4.0302104952238713e-08
78000.00000000009 5.996825294030281e-08
78050.00000000009 6.353874805593384e-08
78100.00000000009 5.1428302027847544e-08
78150.00000000009 8.278710219652812e-08
78200.00000000009 7.882084436575878e-08
78250.00000000009 9.4079668247535e-08
78300.00000000009 8.099667328335064e-08
78350.00000000009 7.846335014071353e-08
78400.00000000009 6.25141281212507e-08
78450.00000000009 9.408868532293893e-08
78500.00000000009 9.140935873925296e-08
78550.00000000009 1.0216911602942828e-07
78600.00000000009 8.844969698614127e-08
78650.00000000009 3.62473545643712e-08
78700.00000000009 5.643108505510737e-08
78750.00000000009 5.7328424852978766e-08
78800.00000000009 8.358597976922596e-08
78850.00000000009 4.6334655825009975e-08
78900.00000000009 7.720419485111642e-08
78950.00000000009 7.699011693124077e-08
79000.00000000009 7.257984225455811e-08
79050.00000000009 6.623297478172335e-08
79100.00000000009 6.983094720846519e-08
79150.00000000009 7.782850903204676e-08
79200.00000000009 8.711063929820174e-08
79250.00000000009 7.064489234823119e-08
79300.00000000009 5.261537455714994e-08
79350.00000000009 8.44748840285859e-08
79400.00000000009 6.570570228919829e-08
79450.00000000009 9.133043982365489e-08
79500.00000000009 1.223908085761674e-07
79550.00000000009 9.86371711424305e-08
79600.00000000009 5.8109486000796195e-08
79650.00000000009 8.183242059147943e-08
79700.00000000009 9.11544371619027e-08
79750.00000000009 9.353603304429015e-08
79800.00000000009 7.137139623501615e-08
79850.00000000009 7.745217610150398e-08
79900.00000000009 1.2595152887789644e-07
79950.00000000009 8.883390832597062e-08
