galfind/configs/Brown_Dwarf_templates/sonora_bobcat/m-0.5/1000g/sp_t500g1000nc_m-0.5_resample.dat
# %ECSV 1.0
# ---
# datatype:
# - {name: wav, unit: Angstrom, datatype: float64}
# - {name: flux_nu, unit: erg / (cm2 Hz s), datatype: float64}
# meta: {C/O: '1.00', Kzz: '1.0000E+05', Teff: '500.', Y: '0.28', '[Fe/H]': '-0.50', f_hole: '1.00', f_rain: '0.00', grav: '1000.'}
# schema: astropy-2.0
wav flux_nu
[from data line 499]
28950.056 7.764247989381962e-10
29000.056 6.320824564100008e-10
29050.056 1.0019780935052654e-09
29100.056 4.367264654992393e-10
29150.056 8.98342421487575e-10
29200.056 1.2069869252338663e-09
29250.056 1.4072473939333435e-09
29300.056 8.104663493622215e-10
29350.056 2.5608197946428464e-09
29400.056 9.140695753200246e-10
29450.056 6.716231485850231e-10
29500.056 2.240975981005318e-09
29550.056 9.685023154908103e-10
29600.056 1.3079203975652876e-09
29650.056 3.11023092553429e-09
29700.056 7.949574761115491e-10
29750.056 2.1316157692502556e-09
29800.056 1.6362576795090053e-09
29850.056 3.2911330899339193e-09
29900.056 1.8216795992618008e-09
29950.056 1.6092374692118536e-09
30000.056 4.8936308607701255e-11
30050.056 2.876876758682177e-10
30100.056 9.6246514185447e-10
30150.056 2.6144675471391165e-09
30200.056 1.9361204621454465e-09
30250.056 3.997263262535196e-09
30300.056 3.89554767208975e-09
30350.056 1.4310950259707318e-09
30400.056 4.62022052443398e-09
30450.056 3.2034527230915717e-09
30500.056 2.501848429530354e-09
30550.056 1.9827919532353848e-09
30600.056 9.156829141350228e-09
30650.056 4.759901348320397e-09
30700.056 2.831467203446508e-09
30750.056 5.061455187076937e-09
30800.056 4.421696263433904e-09
30850.056 4.915472854764322e-09
30900.056 2.831040884466089e-09
30950.056 2.391202148230069e-09
31000.056 2.9968433511560577e-09
31050.056 2.7379302150395927e-09
31100.056 1.2586441778365336e-09
31150.056 2.4872113182688977e-09
31200.056 5.885999737679943e-09
31250.056 2.364478769824847e-09
31300.056 1.792222185329008e-09
31350.056 3.581667583148377e-09
31400.056 2.2131891667137695e-09
31450.056 2.7479799242508236e-09
31500.056 9.68018641112424e-10
31550.056 1.9130092771597603e-09
31600.056 1.2684944089443517e-09
31650.056 9.763418672187254e-10
31700.056 1.057248500170232e-09
31750.056 4.3187571640518366e-10
31800.056 9.939893692700661e-10
31850.056 2.3134629424502736e-10
31900.056 5.756081253981716e-10
31950.056 2.660549230254427e-10
32000.056 2.921424170530201e-10
32050.056 2.934947481743443e-10
32100.056 2.2152060081469632e-10
32150.056 2.8678716571288497e-10
32200.056 1.448805708528273e-10
32250.056 3.430898838988974e-10
32300.056 1.1041141970258368e-10
32350.056 3.917153896210642e-10
32400.056 7.551829558624187e-11
32450.056 3.105056679909989e-10
32500.056 9.726443684058636e-11
32550.056 3.2266923631199943e-10
32600.056 1.186599803548427e-10
32650.056 5.093514183149287e-10
32700.056 1.742701606554224e-10
32750.056 1.0645712632463226e-09
32800.056 7.482491281607721e-10
32850.056 1.8648581202003957e-09
32900.056 1.7135667609515147e-09
32950.056 1.8334696667553376e-09
33000.056 6.628396613424456e-10
33050.056 7.805443431741172e-10
33100.056 1.7121016239843176e-10
33150.056 3.783675465589862e-13
33200.056 6.6613608468260384e-12
33250.056 1.2751353341445573e-11
33300.056 8.777667572505522e-11
33350.056 2.634506833064712e-10
33400.056 8.088258512550265e-10
33450.056 4.24174493683464e-10
33500.056 1.6257516945402916e-09
33550.056 3.870292122953511e-10
33600.056 8.526704539879788e-10
33650.056 9.272644876039091e-10
33700.056 2.8158904739611165e-10
33750.056 1.214490682622985e-09
33800.056 1.2659872445694739e-10
33850.056 5.658856437050013e-10
33900.056 5.538098475974016e-10
33950.056 4.754423910417861e-10
34000.056 1.0354203039319774e-09
34050.056 1.7665406421177568e-10
34100.056 9.339254118468796e-10
34150.056 3.0158059133639155e-10
34200.056 9.153816386295739e-10
34250.056 6.24261505546703e-10
34300.056 5.188994643808585e-10
34350.056 1.5109454142489626e-09
34400.056 3.507531816350517e-10
34450.056 1.421145806161924e-09
34500.056 7.567958857541901e-10
34550.056 6.177053650401082e-10
34600.056 2.729906386060032e-09
34650.056 3.55935538739806e-10
34700.056 2.0522623954144193e-09
34750.056 1.1050094506297826e-09
34800.056 7.671080358300375e-10
34850.056 3.0363923626730816e-09
34900.056 6.161316687291522e-10
34950.056 2.8501091455038655e-09
35000.056 3.950669898338166e-09
35050.056 1.8433306619571012e-09
35100.056 5.41687160730897e-09
35150.056 4.214454089905391e-09
35200.056 3.591389625102055e-09
35250.056 6.747622426652146e-09
35300.056 1.6845150216746228e-09
35350.056 3.139195255564807e-09
35400.056 2.4694601990202396e-09
35450.056 1.9044450733766374e-09
35500.056 6.750910945561594e-09
35550.056 3.807929353996615e-09
35600.056 5.503482787341365e-09
35650.056 5.915705294191347e-09
35700.056 5.221384080491631e-09
35750.056 9.822793979446109e-09
35800.056 5.979207655532676e-09
35850.056 3.37907089963308e-09
35900.056 5.739342315812328e-09
35950.056 7.970839982629241e-09
36000.056 8.069290844701263e-09
36050.056 6.357227418013225e-09
36100.056 5.4984940075472655e-09
36150.056 1.2509137430799645e-08
36200.056 1.3502581253638848e-08
36250.056 8.208348158481783e-09
36300.056 1.756458540043522e-08
36350.056 1.3035700582810956e-08
36400.056 1.758807003179706e-08
36450.056 1.2732913766672904e-08
36500.056 1.4756125955030083e-08
36550.056 2.4785840395901158e-08
36600.056 2.8762974922996863e-08
36650.056 1.722149290774992e-08
36700.056 1.7910144782826764e-08
36750.056 2.7973088224003656e-08
36800.056 2.9239381371998133e-08
36850.056 1.846193113785474e-08
36900.056 2.2146600057217467e-08
36950.056 3.1952366407994176e-08
37000.056 2.350426934369954e-08
37050.056 3.077293045114867e-08
37100.056 1.680352208726558e-08
37150.056 2.4980579579521498e-08
37200.056 4.1022813854997816e-08
37250.056 2.127533102975524e-08
37300.056 1.6764895758234067e-08
37350.056 3.03018204746046e-08
37400.056 4.27819158183986e-08
37450.056 2.0838095384538322e-08
37500.056 2.3987196791538817e-08
37550.056 4.7817618129008004e-08
37600.056 6.183798358000166e-08
37650.056 2.270932988830309e-08
37700.056 3.9477096251603687e-08
37750.056 2.9150981206002027e-08
37800.056 3.529919708310395e-08
37850.056 2.0786567910999728e-08
37900.056 2.5321330458999612e-08
37950.056 3.5551837945899835e-08
38000.056 3.343006184169837e-08
38050.056 4.113558577740483e-08
38100.056 5.572077351200032e-08
38150.056 5.8808699887195935e-08
38200.056 4.412702830400098e-08
38250.056 5.132280454580374e-08
38300.056 7.83975379339909e-08
38350.056 7.007489340900965e-08
38400.056 3.799133724128798e-08
38450.056 2.4213486132194562e-08
38500.056 2.1419191551604124e-08
38550.056 4.8120319429003695e-08
38600.056 4.94245109949941e-08
38650.056 5.1059369071797725e-08
38700.056 5.412865346199639e-08
38750.056 4.933357632599765e-08
38800.056 4.906004860999956e-08
38850.056 5.564327034000219e-08
38900.056 6.224553164939237e-08
38950.056 4.712003708800292e-08
39000.056 5.8222490714991894e-08
39050.056 4.817596324501426e-08
39100.056 5.2480637221378194e-08
39150.056 7.29589701239973e-08
39200.056 6.004977696499958e-08
39250.056 6.691284695900228e-08
39300.056 5.891472718080062e-08
39350.056 8.305292584200083e-08
39400.056 6.071575703479531e-08
39450.056 7.748718148680515e-08
39500.056 8.476666967699835e-08
39550.056 5.3048189249911423e-08
39600.056 6.949583431300415e-08
39650.056 9.723656277899832e-08
39700.056 8.659854761100371e-08
39750.056 5.050944829040558e-08
39800.056 5.37442245660018e-08
39850.056 9.87617790490031e-08
39900.056 1.0257055510600276e-07
39950.056 6.81513479830002e-08
40000.056 9.128986250599862e-08
40050.056 9.228676632899777e-08
40100.056 4.340265671878793e-08
40150.056 8.584849428000372e-08
40200.056 9.528683636199497e-08
40250.056 1.0083018801899125e-07
40300.056 1.005373307940073e-07
40350.056 6.438484387558991e-08
40400.056 8.821909457579754e-08
40450.056 5.852036775399642e-08
40500.056 9.648693119399611e-08
40550.056 1.0261126325499229e-07
40600.056 1.0100023215599933e-07
40650.056 8.1303449717893e-08
40700.056 1.2240211821699834e-07
40750.056 9.63218319239954e-08
40800.056 7.070143050699111e-08
40850.056 1.252240417600067e-07
40900.056 1.2093609207399482e-07
40950.056 9.174534386100201e-08
41000.056 9.321312717499853e-08
41050.056 1.2954189951499922e-07
41100.056 1.1828641908299208e-07
41150.056 6.372095568299822e-08
41200.056 1.212687990720089e-07
41250.056 1.15105097731987e-07
41300.056 1.2112734566900526e-07
41350.056 1.3882742134999988e-07
41400.056 1.177355010360008e-07
41450.056 1.375837920820011e-07
41500.056 1.0047189859898687e-07
41550.056 9.517704788501214e-08
41600.056 9.857672137760228e-08
41650.056 1.2823713846800512e-07
41700.056 1.419292727799931e-07
41750.056 1.2430460247899984e-07
41800.056 1.3277216426000127e-07
41850.056 1.0765712873399461e-07
41900.056 1.0233105417898272e-07
41950.056 1.1307980623099982e-07
42000.056 9.113154947597456e-08
42050.056 9.183875744100758e-08
42100.056 1.1250062507499218e-07
42150.056 1.0337918835999764e-07
42200.056 1.0549325299599325e-07
42250.056 9.777108384600517e-08
42300.056 9.331461747799685e-08
42350.056 1.1895097505500189e-07
42400.056 1.286511416170031e-07
42450.056 1.185814311680065e-07
42500.056 1.2542487564099784e-07
42550.056 1.1520842996399809e-07
42600.056 1.1470098264001495e-07
42650.056 1.4485701551599234e-07
42700.056 1.0131278790898782e-07
42750.056 1.0082857801701188e-07
42800.056 1.3335487350000125e-07
42850.056 1.4093836918698978e-07
42900.056 1.3974943113600595e-07
42950.056 1.1722112826900016e-07
43000.056 1.330911124959973e-07
43050.056 8.365346522600656e-08
43100.056 1.2644800336999781e-07
43150.056 1.1363795949600043e-07
43200.056 1.2518056491300318e-07
43250.056 1.639602171600023e-07
43300.056 1.4982096281999698e-07
43350.056 9.294332399099641e-08
43400.056 1.297416284770042e-07
43450.056 1.067218232190037e-07
43500.056 1.074761385560016e-07
43550.056 1.0373836630100343e-07
43600.056 1.4480119545000075e-07
43650.056 8.94329215899944e-08
43700.056 1.4316203064701464e-07
43750.056 1.4821564207999573e-07
43800.056 1.310068878779957e-07
43850.056 1.2226888239701159e-07
43900.056 1.1079741193199832e-07
43950.056 8.628151582699656e-08
44000.056 7.882586234599948e-08
44050.056 1.3991464961000834e-07
44100.056 1.7113836099000238e-07
44150.056 1.6322674640999615e-07
44200.056 1.5508224495000176e-07
44250.056 1.0571941082999638e-07
44300.056 7.662607282500211e-08
44350.056 8.56907637880038e-08
44400.056 9.29371303619977e-08
44450.056 1.303137357160069e-07
44500.056 1.1568837310000692e-07
44550.056 1.5063000984000048e-07
44600.056 1.2443341657900265e-07
44650.056 1.305108925439931e-07
44700.056 9.709809532499176e-08
44750.056 1.1706096317901048e-07
44800.056 9.326631270200225e-08
44850.056 1.2866855883800443e-07
44900.056 1.1527083204199734e-07
44950.056 1.2653873906600634e-07
45000.056 1.3861684149000023e-07
45050.056 1.3287469456299252e-07
45100.056 1.247536688970078e-07
45150.056 1.1939052123999802e-07
45200.056 8.334544516900067e-08
45250.056 9.741577537999392e-08
45300.056 9.70981156670053e-08
45350.056 7.275580358340415e-08
45400.056 1.5212567975000437e-07
45450.056 1.405728548700084e-07
45500.056 1.472297063480037e-07
45550.056 1.6005332626098994e-07
45600.056 1.5169312681000333e-07
45650.056 1.3597100861899142e-07
45700.056 8.524715533039386e-08
45750.056 7.526093766900512e-08
45800.056 1.5245115346000379e-07
45850.056 1.3559597455400474e-07
45900.056 1.5664923381999776e-07
45950.056 1.4328851787799476e-07
46000.056 1.507569242220074e-07
46050.056 1.349242829660036e-07
46100.056 1.5931077779999446e-07
46150.056 1.1124210356100027e-07
46200.056 9.220124811399214e-08
46250.056 4.2150172807997704e-08
46300.056 1.1064867687500579e-07
46350.056 1.2651766740900643e-07
46400.056 1.2417564066400178e-07
46450.056 1.0624459815199262e-07
46500.056 1.1715508412800818e-07
46550.056 8.221423880599726e-08
46600.056 8.553013357959167e-08
46650.056 1.2042825323400586e-07
46700.056 9.781493005199135e-08
46750.056 4.805593848440655e-08
46800.056 3.43005156439967e-08
46850.056 1.1172143238201165e-07
46900.056 1.3455720979499698e-07
46950.056 1.304910182169963e-07
47000.056 1.2955769090700454e-07
47050.056 9.529477581998024e-08
47100.056 7.892655556100144e-08
47150.056 1.0960059631501025e-07
47200.056 1.2188180273999713e-07
47250.056 6.109599793228995e-08
47300.056 4.386390375571027e-08
47350.056 1.232386407300048e-07
47400.056 1.2865340106999794e-07
47450.056 9.361874145400699e-08
47500.056 1.3874094373999955e-07
47550.056 1.2015490429400246e-07
47600.056 1.0922240322799323e-07
47650.056 1.1968118863599344e-07
47700.056 1.004375600730129e-07
47750.056 7.862603166799966e-08
47800.056 6.259799329800204e-08
47850.056 2.6999643533803488e-08
47900.056 4.420172650529901e-08
47950.056 1.0622805436200605e-07
48000.056 1.268756951869955e-07
48050.056 1.0541188552399515e-07
48100.056 5.4987795866800625e-08
48150.056 9.06717927550039e-08
48200.056 7.080844685899558e-08
48250.056 9.818147985000086e-08
48300.056 1.2096600495000075e-07
48350.056 8.440770683199208e-08
48400.056 2.030603022573525e-08
48450.056 4.114279898058923e-08
48500.056 7.539619805698893e-08
48550.056 8.277823727661282e-08
48600.056 1.137246694470016e-07
48650.056 1.2878087789999836e-07
48700.056 1.0238155509000459e-07
48750.056 7.305954697300251e-08
48800.056 1.0801178333100403e-07
48850.056 6.199895470079151e-08
48900.056 7.29243444407931e-08
48950.056 4.584812766679712e-08
49000.056 2.7032948684465568e-08
49050.056 7.497942840709235e-08
49100.056 9.11331731156115e-08
49150.056 7.453657086659839e-08
49200.056 1.1072645580100559e-07
49250.056 1.1373561956600024e-07
49300.056 9.809075154199542e-08
49350.056 4.986984821700547e-08
49400.056 6.210653945368916e-08
49450.056 5.307693900686137e-08
49500.056 4.669887555769265e-08
49550.056 9.970183316409783e-09
49600.056 2.6897552780984514e-08
49650.056 6.730703755100288e-08
49700.056 8.079719751599579e-08
49750.056 7.452791917449407e-08
49800.056 4.51892274829192e-08
49850.056 9.202496211900633e-08
49900.056 9.516187886099931e-08
49950.056 8.326670861399661e-08
50000.056 6.32261770924962e-08
50050.056 7.366732141800673e-08
50100.056 6.51443901609974e-08
50150.056 2.952278481249504e-08
50200.056 5.1822542611462675e-09
50250.056 3.083892799099964e-08
50300.056 2.1091519903393848e-08
50350.056 7.048079476900549e-08
50400.056 7.91670816969982e-08
50450.056 5.708347459800022e-08
50500.056 8.787580207300484e-08
50550.056 9.307378170800038e-08
50600.056 6.294122084098606e-08
50650.056 8.721548409500936e-08
50700.056 9.19366316049987e-08
50750.056 5.8095363933998665e-08
50800.056 2.0816533526855675e-08
50850.056 1.0606482825454868e-08
50900.056 6.248681224300438e-08
50950.056 6.733110851899669e-08
51000.056 4.845190840112739e-08
51050.056 6.840718598199081e-08
51100.056 3.0689969696499475e-08
51150.056 2.844521669366611e-08
51200.056 8.296390259600084e-08
51250.056 6.666596869599199e-08
51300.056 4.343097133510384e-08
51350.056 4.312059086832285e-08
51400.056 1.514382386269299e-08
51450.056 1.1767542057749647e-08
51500.056 9.920632007969606e-09
51550.056 3.997716612900524e-08
51600.056 3.911315256990331e-08
51650.056 5.15281652539977e-08
51700.056 4.791385642958118e-08
51750.056 3.7634201816956884e-08
51800.056 6.702910211099752e-08
51850.056 5.1100250629297736e-08
51900.056 5.85483410910023e-08
51950.056 3.414136014199447e-08
52000.056 3.429068133918679e-09
52050.056 1.804423169940194e-08
52100.056 1.0329203139297938e-08
52150.056 6.06830484656173e-09
52200.056 1.993577039439895e-08
52250.056 3.51667006429051e-08
52300.056 4.5232527919997725e-08
52350.056 1.1973317584233143e-08
52400.056 1.3422563590880046e-08
52450.056 4.9009944311005645e-08
52500.056 4.001208655109441e-08
52550.056 4.514263437599537e-08
52600.056 3.5904474370704255e-08
52650.056 4.5119308811999904e-08
52700.056 2.6082460413399985e-08
52750.056 1.1149583612466477e-08
52800.056 1.952262990150353e-08
52850.056 2.4953506005294903e-08
52900.056 9.618844736944005e-09
52950.056 1.70479855352028e-08
53000.056 3.540733943900085e-08
53050.056 1.3217154888918983e-08
53100.056 4.670694284800345e-08
53150.056 4.910767548099929e-08
53200.056 1.810750782709839e-08
53250.056 4.145835436000172e-08
53300.056 4.577116441220856e-08
53350.056 4.1268313106999035e-08
53400.056 2.7060675141997714e-08
53450.056 7.506046017947858e-09
53500.056 1.6853214978444724e-09
53550.056 3.979420017499954e-09
53600.056 1.7375684950613398e-08
