galfind/configs/Brown_Dwarf_templates/sonora_bobcat/m-0.5/1000g/sp_t425g1000nc_m-0.5_resample.dat
# %ECSV 1.0
# ---
# datatype:
# - {name: wav, unit: Angstrom, datatype: float64}
# - {name: flux_nu, unit: erg / (cm2 Hz s), datatype: float64}
# meta: {C/O: '1.00', Kzz: '1.0000E+05', Teff: '425.', Y: '0.28', '[Fe/H]': '-0.50', f_hole: '1.00', f_rain: '0.00', grav: '1000.'}
# schema: astropy-2.0
wav flux_nu
[from data line 498]
28900.056 1.338049397878565e-10
28950.056 1.7897477741094802e-10
29000.056 1.330900081737115e-10
29050.056 2.4314406694938565e-10
29100.056 8.886988923525262e-11
29150.056 1.7555996864691699e-10
29200.056 3.5313330852073534e-10
29250.056 3.3846591960614006e-10
29300.056 2.0892986016605012e-10
29350.056 6.65213218528723e-10
29400.056 2.5006399026806794e-10
29450.056 1.2508514100619135e-10
29500.056 6.562384751984992e-10
29550.056 2.2854855988730336e-10
29600.056 3.0586501238672166e-10
29650.056 9.444581710639602e-10
29700.056 1.6708331758827147e-10
29750.056 5.661228862971701e-10
29800.056 3.8100095929801675e-10
29850.056 1.0118210783288286e-09
29900.056 4.5307685049954257e-10
29950.056 3.895300702495388e-10
30000.056 7.601356275851337e-12
30050.056 7.248527754920473e-11
30100.056 2.8454054751713007e-10
30150.056 7.85960859676435e-10
30200.056 5.364901084657702e-10
30250.056 1.1443271212079748e-09
30300.056 1.1642272367095968e-09
30350.056 3.148968786601294e-10
30400.056 1.3765430688961967e-09
30450.056 1.044572512972424e-09
30500.056 6.315127684879678e-10
30550.056 4.99312299025728e-10
30600.056 3.6096631883099667e-09
30650.056 1.7545039940377437e-09
30700.056 8.42101381503959e-10
30750.056 1.745462075068505e-09
30800.056 1.677262725400224e-09
30850.056 1.860937967669593e-09
30900.056 9.469857191266323e-10
30950.056 7.923116967580006e-10
31000.056 1.0699960395555473e-09
31050.056 7.811939720129785e-10
31100.056 3.454145504288152e-10
31150.056 7.640490190384039e-10
31200.056 2.284139308179905e-09
31250.056 7.867149519683489e-10
31300.056 5.019766872409057e-10
31350.056 1.4010708652226773e-09
31400.056 7.855060272910462e-10
31450.056 9.59320313450368e-10
31500.056 3.1495635535705873e-10
31550.056 6.762011791366892e-10
31600.056 4.4762002725656144e-10
31650.056 3.311209487854344e-10
31700.056 3.3093581345307156e-10
31750.056 1.2182641274759294e-10
31800.056 2.826255335370138e-10
31850.056 5.455343330055326e-11
31900.056 1.4694572094198548e-10
31950.056 6.441262613875635e-11
32000.056 5.8077797971594776e-11
32050.056 5.7890526866655526e-11
32100.056 4.511717585656839e-11
32150.056 5.217218544796999e-11
32200.056 2.3531507683459056e-11
32250.056 5.6803291525155406e-11
32300.056 1.6470803996225615e-11
32350.056 6.356418639854924e-11
32400.056 8.438147056758812e-12
32450.056 4.5238102461101066e-11
32500.056 9.90612558696055e-12
32550.056 5.348405189600154e-11
32600.056 1.0188412101919546e-11
32650.056 8.709080693039691e-11
32700.056 1.6025491403288266e-11
32750.056 2.1303954480505905e-10
32800.056 1.1420522020262763e-10
32850.056 4.318357071281032e-10
32900.056 3.6522524946323694e-10
32950.056 4.0567129383398743e-10
33000.056 1.1014796406741946e-10
33050.056 1.1657834282442242e-10
33100.056 2.0602892005853195e-11
33150.056 1.5033619065209447e-14
33200.056 8.910695974447758e-13
33250.056 2.2038614490521446e-12
33300.056 2.831454965524504e-11
33350.056 7.162094601011485e-11
33400.056 2.51106452819899e-10
33450.056 7.540501505114937e-11
33500.056 3.756819540080547e-10
33550.056 6.448594430832533e-11
33600.056 1.5984443956401873e-10
33650.056 1.834635597169837e-10
33700.056 3.967590861891404e-11
33750.056 2.354833772277354e-10
33800.056 1.6039163257445783e-11
33850.056 1.0614831711945591e-10
33900.056 9.878421418884285e-11
33950.056 9.442785106774164e-11
34000.056 2.2701011660178032e-10
34050.056 3.550699569815625e-11
34100.056 2.2079975243931582e-10
34150.056 5.950418698445423e-11
34200.056 2.3800209853090475e-10
34250.056 1.2795063906922323e-10
34300.056 1.2850286409237407e-10
34350.056 4.6091731613450533e-10
34400.056 7.626314204370231e-11
34450.056 4.050334402315001e-10
34500.056 1.7127622638600301e-10
34550.056 2.133469691040403e-10
34600.056 9.961722083950273e-10
34650.056 8.51431787676693e-11
34700.056 7.354684913111235e-10
34750.056 3.377009644372518e-10
34800.056 2.277603108135217e-10
34850.056 1.014944673866629e-09
34900.056 1.3517518396587508e-10
34950.056 1.1093712763449792e-09
35000.056 1.3226979832225688e-09
35050.056 7.508433388684235e-10
35100.056 2.1811215196167488e-09
35150.056 1.6571990228956899e-09
35200.056 1.4709436364540855e-09
35250.056 2.819831511484424e-09
35300.056 5.773793604059768e-10
35350.056 9.296572227509285e-10
35400.056 6.506562138980815e-10
35450.056 5.356742914561271e-10
35500.056 2.23824700712345e-09
35550.056 1.316374984354621e-09
35600.056 2.154519959232385e-09
35650.056 2.223163019937772e-09
35700.056 2.2303489150647017e-09
35750.056 3.879177122790602e-09
35800.056 1.7344327268327568e-09
35850.056 1.0518436447174245e-09
35900.056 1.8157214837407504e-09
35950.056 2.9557644166697535e-09
36000.056 3.1461982340004286e-09
36050.056 2.2318599916969254e-09
36100.056 2.0218311238811727e-09
36150.056 5.707413035269939e-09
36200.056 5.7207236974796725e-09
36250.056 3.1149218903831916e-09
36300.056 7.657515973024113e-09
36350.056 5.385660539750312e-09
36400.056 7.739061724678784e-09
36450.056 4.937924618383947e-09
36500.056 5.6591594817649845e-09
36550.056 1.1476377680100194e-08
36600.056 1.353941914529883e-08
36650.056 6.792198422206921e-09
36700.056 7.508812630583218e-09
36750.056 1.3167564082201764e-08
36800.056 1.3676624668598949e-08
36850.056 7.292526164454687e-09
36900.056 8.911837291332802e-09
36950.056 1.5236945534897496e-08
37000.056 1.0536683098380136e-08
37050.056 1.4163613253588988e-08
37100.056 5.952267319359205e-09
37150.056 1.0541832088750706e-08
37200.056 2.0354773597999444e-08
37250.056 9.348866381897839e-09
37300.056 6.410179568465055e-09
37350.056 1.3003643347141697e-08
37400.056 1.9682658464599188e-08
37450.056 8.803576839079102e-09
37500.056 9.821239660169613e-09
37550.056 2.349089988720368e-08
37600.056 3.255287726300004e-08
37650.056 9.562174197571268e-09
37700.056 1.771725236390187e-08
37750.056 1.3104910713060507e-08
37800.056 1.6037911709401577e-08
37850.056 8.956446037499827e-09
37900.056 1.0803173349999574e-08
37950.056 1.559100053019994e-08
38000.056 1.4257322765348936e-08
38050.056 1.977255930190212e-08
38100.056 2.815295225519969e-08
38150.056 3.0361733650597664e-08
38200.056 2.0783596348751006e-08
38250.056 2.6474921646001822e-08
38300.056 4.335462431199534e-08
38350.056 3.564804546600512e-08
38400.056 1.7002596213994186e-08
38450.056 9.095255054898088e-09
38500.056 8.447494564921566e-09
38550.056 2.294796453900152e-08
38600.056 2.5204441869997447e-08
38650.056 2.4902898071299262e-08
38700.056 2.4923071447197434e-08
38750.056 2.4208307615798726e-08
38800.056 2.3833227399900055e-08
38850.056 2.7541534204001314e-08
38900.056 3.009096607309637e-08
38950.056 2.178914110880193e-08
39000.056 2.9748367488796274e-08
39050.056 2.097662965200623e-08
39100.056 2.4119287810489376e-08
39150.056 3.6879667886998867e-08
39200.056 3.068085631600009e-08
39250.056 3.251778107320092e-08
39300.056 2.789521089490076e-08
39350.056 4.427151741900057e-08
39400.056 2.973602070689673e-08
39450.056 4.016486743560307e-08
39500.056 4.4910784330998646e-08
39550.056 2.5069086799865046e-08
39600.056 3.433299446760298e-08
39650.056 5.285319196399927e-08
39700.056 4.6838651359001274e-08
39750.056 2.3340382355001168e-08
39800.056 2.3652870485451068e-08
39850.056 5.261878806200235e-08
39900.056 5.615472225800099e-08
39950.056 3.3864646829000515e-08
40000.056 4.774508400699986e-08
40050.056 4.861907709099816e-08
40100.056 1.877420922772423e-08
40150.056 4.41543487160021e-08
40200.056 5.116219883099769e-08
40250.056 5.5097112884995657e-08
40300.056 5.448168752900363e-08
40350.056 3.082694122399483e-08
40400.056 4.3522684576398453e-08
40450.056 2.7184691496198537e-08
40500.056 5.114070478199847e-08
40550.056 5.476437985699636e-08
40600.056 5.568830520399936e-08
40650.056 4.1752120245296726e-08
40700.056 6.576756596699974e-08
40750.056 5.140696476499791e-08
40800.056 3.5286775149996215e-08
40850.056 6.919295522300372e-08
40900.056 6.787374334999761e-08
40950.056 4.7430787462600306e-08
41000.056 4.915101452899951e-08
41050.056 7.285889310100075e-08
41100.056 6.511970690599516e-08
41150.056 3.034073540679899e-08
41200.056 6.663808482500575e-08
41250.056 6.381948952999244e-08
41300.056 6.929748710200369e-08
41350.056 8.056525916200005e-08
41400.056 6.715712173299946e-08
41450.056 7.815831167400089e-08
41500.056 5.402012166699315e-08
41550.056 5.119773102200603e-08
41600.056 5.335492603000021e-08
41650.056 7.372933683000319e-08
41700.056 8.535305364399713e-08
41750.056 7.300047312800077e-08
41800.056 7.799246373399983e-08
41850.056 6.247875331799711e-08
41900.056 5.606602388499099e-08
41950.056 6.111809686399917e-08
42000.056 4.531196807698712e-08
42050.056 4.824279968100392e-08
42100.056 6.082454362899681e-08
42150.056 5.9567988747998706e-08
42200.056 6.166745545799708e-08
42250.056 5.421463398100297e-08
42300.056 5.131634525499817e-08
42350.056 6.910365389800106e-08
42400.056 7.609948943000162e-08
42450.056 7.402745587100297e-08
42500.056 7.831148737999898e-08
42550.056 7.222032842799914e-08
42600.056 6.726423259200711e-08
42650.056 8.502285794799585e-08
42700.056 5.72201149809946e-08
42750.056 6.291355597900624e-08
42800.056 8.335461892500057e-08
42850.056 8.638207385499559e-08
42900.056 8.441697245600244e-08
42950.056 7.200785808200108e-08
43000.056 8.049203279599834e-08
43050.056 5.1983922534001366e-08
43100.056 7.575028519400002e-08
43150.056 7.091480415000009e-08
43200.056 7.824747864500167e-08
43250.056 9.926021933100092e-08
43300.056 9.00164521149978e-08
43350.056 5.915579650399919e-08
43400.056 7.947147881800171e-08
43450.056 6.623973132200114e-08
43500.056 6.366823195800094e-08
43550.056 6.229707315100201e-08
43600.056 8.780474896799977e-08
43650.056 5.4881628261996524e-08
43700.056 8.427902256000839e-08
43750.056 9.143468296999779e-08
43800.056 8.009586434299814e-08
43850.056 7.50540650890055e-08
43900.056 6.638213910399968e-08
43950.056 5.251010218299819e-08
44000.056 4.9421263728999784e-08
44050.056 8.504836092600498e-08
44100.056 1.0272800938400092e-07
44150.056 9.731653151699809e-08
44200.056 9.39798162880006e-08
44250.056 6.634626541699775e-08
44300.056 4.7188447369000056e-08
44350.056 5.049838443900161e-08
44400.056 5.716936870499907e-08
44450.056 7.836094465300416e-08
44500.056 7.047166959900213e-08
44550.056 8.90968210460007e-08
44600.056 7.312371943800108e-08
44650.056 7.907946342399644e-08
44700.056 6.040466757799552e-08
44750.056 7.157019521700466e-08
44800.056 5.580005124200039e-08
44850.056 7.559941525900257e-08
44900.056 7.081355412799856e-08
44950.056 7.837830482200305e-08
45000.056 8.508432293899981e-08
45050.056 8.032080007599589e-08
45100.056 7.531188025700426e-08
45150.056 7.18439144329989e-08
45200.056 4.928342006199977e-08
45250.056 5.8401426240997673e-08
45300.056 5.784995202500168e-08
45350.056 4.186537996220266e-08
45400.056 9.029472819200185e-08
45450.056 8.30236002540045e-08
45500.056 8.828320228900189e-08
45550.056 9.434914993699516e-08
45600.056 8.956933109800135e-08
45650.056 8.119337295499543e-08
45700.056 4.987894077139555e-08
45750.056 4.4282146435003523e-08
45800.056 8.829770127600161e-08
45850.056 7.792205081300273e-08
45900.056 9.310738923499898e-08
45950.056 8.865594345999728e-08
46000.056 8.957923298900269e-08
46050.056 8.118580537600263e-08
46100.056 9.318049740999691e-08
46150.056 6.68628521270001e-08
46200.056 5.2961445706295194e-08
46250.056 2.3351957942599207e-08
46300.056 6.42109238620038e-08
46350.056 7.460662934300289e-08
46400.056 7.444484302700073e-08
46450.056 6.281374704199612e-08
46500.056 7.113830728300287e-08
46550.056 4.940637635299748e-08
46600.056 4.787081716779626e-08
46650.056 6.879720853900295e-08
46700.056 5.62186440629955e-08
46750.056 2.5836350681503174e-08
46800.056 1.7640085087197957e-08
46850.056 6.092417466800684e-08
46900.056 7.853691259899916e-08
46950.056 7.796977282199854e-08
47000.056 7.843279779300172e-08
47050.056 5.5738315129989895e-08
47100.056 4.825169421900084e-08
47150.056 6.461930782500517e-08
47200.056 7.056384578499851e-08
47250.056 3.348963934809379e-08
47300.056 2.4197421727606215e-08
47350.056 6.979437182000281e-08
47400.056 7.582802839299924e-08
47450.056 5.353651085300289e-08
47500.056 8.085750791400095e-08
47550.056 7.306550548200094e-08
47600.056 6.18953820039964e-08
47650.056 6.926198502499649e-08
47700.056 5.900272116200638e-08
47750.056 4.716163601599978e-08
47800.056 3.439142783799958e-08
47850.056 1.3079256319171952e-08
47900.056 2.2953726547099825e-08
47950.056 5.965472085300374e-08
48000.056 7.1123763944997e-08
48050.056 5.8437119364998194e-08
48100.056 3.137488440190005e-08
48150.056 5.361439360500227e-08
48200.056 3.934466422379722e-08
48250.056 5.7202909844000814e-08
48300.056 6.721155370999988e-08
48350.056 4.558441264099534e-08
48400.056 9.44300872117353e-09
48450.056 1.9470893329446575e-08
48500.056 3.9353681162995043e-08
48550.056 4.409170292560782e-08
48600.056 6.763136662400102e-08
48650.056 7.51588819359992e-08
48700.056 6.146197629700206e-08
48750.056 4.769566510700045e-08
48800.056 6.33077532760012e-08
48850.056 3.433509402979551e-08
48900.056 3.662866802359622e-08
48950.056 2.1587864994398615e-08
49000.056 1.3144228407663021e-08
49050.056 3.911084943029619e-08
49100.056 4.985031883750646e-08
49150.056 4.256545743289907e-08
49200.056 6.458309492400291e-08
49250.056 6.747268536499988e-08
49300.056 5.7735463320997e-08
49350.056 2.8532498504702256e-08
49400.056 3.3547420638194205e-08
49450.056 2.709590707510572e-08
49500.056 2.3280582656886052e-08
49550.056 4.0266692808499175e-09
49600.056 1.1821408399782162e-08
49650.056 3.6899145472002573e-08
49700.056 4.723729984599918e-08
49750.056 3.903111343609677e-08
49800.056 2.2378100797399803e-08
49850.056 5.107145728200346e-08
49900.056 5.5643029126999677e-08
49950.056 4.9673446332997934e-08
50000.056 3.372197440737679e-08
50050.056 3.813163135860482e-08
50100.056 3.4507350685998476e-08
50150.056 1.3577973829417447e-08
50200.056 1.837904123754886e-09
50250.056 1.2991146970699917e-08
50300.056 9.116141596500893e-09
50350.056 3.670656793000286e-08
50400.056 4.516952858099947e-08
50450.056 3.475855427599987e-08
50500.056 5.0708512282002736e-08
50550.056 5.510752709700009e-08
50600.056 3.735348987299279e-08
50650.056 5.090757096100402e-08
50700.056 5.0877229623998865e-08
50750.056 3.1326230871998515e-08
50800.056 9.351787380429719e-09
50850.056 4.022284509792021e-09
50900.056 3.019124759500288e-08
50950.056 3.563871269199765e-08
51000.056 2.385172640149418e-08
51050.056 3.7235217613795274e-08
51100.056 1.6811710352200117e-08
51150.056 1.3116278379007025e-08
51200.056 4.4059487012001276e-08
51250.056 3.761796071099624e-08
51300.056 2.3708907377301265e-08
51350.056 2.0483550790152377e-08
51400.056 5.62270251714521e-09
51450.056 4.542676104731636e-09
51500.056 3.98481827198954e-09
51550.056 1.9184500985002632e-08
51600.056 2.1904395811801544e-08
51650.056 3.012861546699918e-08
51700.056 2.501530410063511e-08
51750.056 2.0360658953204024e-08
51800.056 3.766414867599955e-08
51850.056 2.8547859555698556e-08
51900.056 2.8694641896000595e-08
51950.056 1.4693927931797166e-08
52000.056 1.1014254303745444e-09
52050.056 7.514412050900732e-09
52100.056 3.777048319719033e-09
52150.056 2.0207958347117433e-09
52200.056 9.165511713299736e-09
52250.056 1.7518851850802365e-08
52300.056 2.0483201619998627e-08
52350.056 4.248361896147568e-09
52400.056 5.055696207997121e-09
52450.056 2.326453638870278e-08
52500.056 1.830267685127826e-08
52550.056 2.374634154499739e-08
52600.056 1.971406725430255e-08
52650.056 2.5554636542999328e-08
52700.056 1.3532979813199552e-08
52750.056 4.57315313041332e-09
52800.056 9.151849288101748e-09
52850.056 1.1788349673997683e-08
52900.056 3.3672222465294858e-09
52950.056 6.728645265391373e-09
53000.056 1.7156446400000316e-08
53050.056 5.754402943103822e-09
53100.056 2.4578764674002197e-08
53150.056 2.6176627969999212e-08
53200.056 9.670534035499232e-09
53250.056 2.1732778139000508e-08
53300.056 2.2611486866703202e-08
53350.056 2.0533831052999357e-08
53400.056 1.2291970992898743e-08
53450.056 2.7417212726591077e-09
53500.056 4.4035198476187697e-10
53550.056 1.1391736115619875e-09
