galfind/configs/Brown_Dwarf_templates/sonora_bobcat/m-0.5/1000g/sp_t950g1000nc_m-0.5_resample.dat
# %ECSV 1.0
# ---
# datatype:
# - {name: wav, unit: Angstrom, datatype: float64}
# - {name: flux_nu, unit: erg / (cm2 Hz s), datatype: float64}
# meta: {C/O: '1.00', Kzz: '1.0000E+05', Teff: '950.', Y: '0.28', '[Fe/H]': '-0.50', f_hole: '1.00', f_rain: '0.00', grav: '1000.'}
# schema: astropy-2.0
wav flux_nu
4000.0559999999996 nan
4050.0559999999996 2.079411048429194e-13
4100.056 1.5167911495899825e-11
4150.056 5.313006424400122e-11
4200.056 5.039874182194815e-11
4250.056 1.008695170830018e-10
4300.056 1.4652424316500457e-10
4350.056 1.6233452945400053e-10
4400.056 2.016502204490011e-10
4450.056 2.460695731700051e-10
4500.056 2.43428890120004e-10
4550.056 2.8091119725999776e-10
4600.056 2.465515242199994e-10
4650.056 2.020898072999994e-10
4700.056 1.65193305551999e-10
4750.056 6.8015770747999e-11
4800.056 1.5989914902599748e-11
4850.056 3.0557150763999525e-12
4900.056 8.578888197199907e-13
4950.056 2.670535240699965e-13
5000.056 6.161883517499902e-14
5050.056 1.843048572899992e-14
5100.056 1.4367377037999984e-14
5150.056 1.2826017467999977e-14
5200.056 1.1890659147999979e-14
5250.056 1.1353869729999988e-14
5300.056 1.117059767799999e-14
5350.056 1.1342468767000005e-14
5400.056 1.1847363004e-14
5450.056 1.2413769485999982e-14
5500.056 1.3014731721000004e-14
5550.056 1.3607641724000008e-14
5600.056 1.416064706699999e-14
5650.056 1.455476640500001e-14
5700.056 1.4692733222000004e-14
5750.056 1.395372325199998e-14
5800.056 1.2167397529999973e-14
5850.056 8.454859648499912e-15
5900.056 2.829556449068394e-15
5950.056 1.7044976044800202e-14
6000.056 3.614051767600032e-14
6050.056 6.329237211000047e-14
6100.056 1.0151084398000052e-13
6150.056 1.559730377400009e-13
6200.056 2.3489337939000114e-13
6250.056 3.520061121100019e-13
6300.056 5.236474078100032e-13
6350.056 7.843960554700049e-13
6400.056 1.1885638258500072e-12
6450.056 1.8164068797000089e-12
6500.056 2.810802699300017e-12
6550.056 4.3929490995000275e-12
6600.056 6.920530435100063e-12
6650.056 1.0897570287800078e-11
6700.056 1.4823436561100135e-11
6750.056 2.5315416308000148e-11
6800.056 3.5374975005000164e-11
6850.056 4.2124714406000045e-11
6900.056 4.052751407199995e-11
6950.056 3.5497213906999917e-11
7000.056 3.4486920101000066e-11
7050.056 3.7720077177e-11
7100.056 4.1559411577000036e-11
7150.056 4.3704952403999855e-11
7200.056 4.273997348600026e-11
7250.056 3.91769260789995e-11
7300.056 3.4139914265000176e-11
7350.056 2.9316484537999874e-11
7400.056 2.5052218453000035e-11
7450.056 2.1215049019e-11
7500.056 1.7695406647999942e-11
7550.056 1.431394230099994e-11
7600.056 1.1280091071999926e-11
7650.056 3.1630091173828497e-12
7700.056 2.0892544562421e-12
7750.056 1.0133522456200178e-11
7800.056 1.8125942690060252e-11
7850.056 3.440451698000032e-11
7900.056 5.4495982063000415e-11
7950.056 6.911327416720091e-11
8000.056 1.3275838469000125e-10
8050.056 2.0073392268000186e-10
8100.056 2.92195723500001e-10
8150.056 4.1349220631000277e-10
8200.056 5.846863121000104e-10
8250.056 7.899829133000082e-10
8300.056 1.0560057263200324e-09
8350.056 1.3768061426600074e-09
8400.056 1.7733358323000057e-09
8450.056 2.2761480783000135e-09
8500.056 2.53993239355792e-09
8550.056 3.413636839470121e-09
8600.056 4.441843610500039e-09
8650.056 5.428157481200047e-09
8700.056 6.562506834000056e-09
8750.056 7.874363613400058e-09
8800.056 9.334487718600067e-09
8850.056 1.0809854073400052e-08
8900.056 1.1578327078399945e-08
8950.056 1.082579905518991e-08
9000.056 1.491573945569995e-08
9050.056 1.9132939891000238e-08
9100.056 2.198654971800034e-08
9150.056 2.4678106826000383e-08
9200.056 2.8534991073999506e-08
9250.056 3.0180042597498804e-08
9300.056 1.778257616849945e-08
9350.056 2.3892362464310136e-08
9400.056 3.5958344350879455e-08
9450.056 3.675704054759597e-08
9500.056 3.791099189858181e-08
9550.056 4.2158743850763043e-08
9600.056 4.532288042498038e-08
9650.056 5.260926880398123e-08
9700.056 6.485598418719714e-08
9750.056 7.161733167850295e-08
9800.056 8.102203437649799e-08
9850.056 9.223544171199929e-08
9900.056 9.49299398260001e-08
9950.056 9.909656251500031e-08
10000.056 7.797588601970046e-08
10050.056 1.0702780988700016e-07
10100.056 1.2002110861000082e-07
10150.056 1.2812646712999994e-07
10200.056 1.3839496450000092e-07
10250.056 1.503349148800007e-07
10300.056 1.6339174070999887e-07
10350.056 1.7549105869000243e-07
10400.056 1.880851019499995e-07
10450.056 1.9857730615999856e-07
10500.056 2.0604671532999966e-07
10550.056 2.1344147191000026e-07
10600.056 2.219624815699997e-07
10650.056 2.3040460816000168e-07
10700.056 2.3781725269000104e-07
10750.056 2.446145423100011e-07
10800.056 2.49444879250001e-07
10850.056 2.520980239800008e-07
10900.056 2.3405763210999822e-07
10950.056 1.8524092628799865e-07
11000.056 1.5163331688299077e-07
11050.056 1.16112719656599e-07
11100.056 8.603106148458032e-08
11150.056 6.633649858477021e-08
11200.056 7.503333199783998e-08
11250.056 9.603999590766693e-08
11300.056 9.901167886398393e-08
11350.056 5.412595671851757e-08
11400.056 1.0676346670918826e-07
11450.056 8.555879513005678e-08
11500.056 9.38482641489469e-08
11550.056 6.618378495736088e-08
11600.056 6.60279173448965e-08
11650.056 8.472353584440352e-08
11700.056 8.146910821829792e-08
11750.056 6.32028705246863e-08
11800.056 1.0091010270099921e-07
11850.056 1.3957069264699955e-07
11900.056 1.6392794711999381e-07
11950.056 1.9593466284400756e-07
12000.056 2.2184209146300062e-07
12050.056 2.510320889800056e-07
12100.056 2.7671449347999566e-07
12150.056 3.0732533955999637e-07
12200.056 3.320400468399977e-07
12250.056 3.5922642728999796e-07
12300.056 3.8916647716000306e-07
12350.056 4.013096222300002e-07
12400.056 4.199356875099972e-07
12450.056 4.3260926022000333e-07
12500.056 4.456670470000028e-07
12550.056 4.738439096100039e-07
12600.056 5.217525467500024e-07
12650.056 5.330607959300012e-07
12700.056 5.429095502000035e-07
12750.056 5.296551214900021e-07
12800.056 5.234246319300005e-07
12850.056 4.811079459799982e-07
12900.056 4.5782566859000416e-07
12950.056 4.430266311100015e-07
13000.056 4.406436764700056e-07
13050.056 4.106858211639956e-07
13100.056 4.070513932629815e-07
13150.056 3.568045759570122e-07
13200.056 3.3678685213199473e-07
13250.056 2.6155067775745273e-07
13300.056 1.5791003874685811e-07
13350.056 5.728705527596444e-08
13400.056 2.3273854216286022e-08
13450.056 1.5045756774394257e-08
13500.056 9.282467921677906e-09
13550.056 6.4313039454144605e-09
13600.056 4.763569453668727e-09
13650.056 1.174857134003996e-08
13700.056 8.927868185374161e-09
13750.056 1.391986910155398e-08
13800.056 1.747167695229729e-08
13850.056 1.1369748198731419e-08
13900.056 1.1036044588036602e-08
13950.056 1.0834036733047023e-08
14000.056 1.0954094399908155e-08
14050.056 1.372558339577143e-08
14100.056 1.0527203936250439e-08
14150.056 1.4746100854992823e-08
14200.056 1.1560757815042106e-08
14250.056 1.1924855404795108e-08
14300.056 2.083218265567954e-08
14350.056 2.037810841105419e-08
14400.056 2.0746643369707222e-08
14450.056 2.6385740072610674e-08
14500.056 4.174261026778896e-08
14550.056 4.1810784329105976e-08
14600.056 6.127533096933346e-08
14650.056 5.54853276700129e-08
14700.056 4.22569511320654e-08
14750.056 5.1779992524824653e-08
14800.056 6.203888981302264e-08
14850.056 6.763744722897135e-08
14900.056 6.73993581571937e-08
14950.056 7.901666665820371e-08
15000.056 9.391789834580022e-08
15050.056 1.065206047482525e-07
15100.056 1.0759171183419873e-07
15150.056 1.1249361023099268e-07
15200.056 1.2674767850678147e-07
15250.056 1.554241057970059e-07
15300.056 1.684724082079934e-07
15350.056 1.9178006747899654e-07
15400.056 2.1046550974601595e-07
15450.056 2.2512901731100952e-07
15500.056 2.3689661671999152e-07
15550.056 2.583463895300035e-07
15600.056 2.7474557768999753e-07
15650.056 2.846926692400049e-07
15700.056 3.0366989372000183e-07
15750.056 3.0904006676000084e-07
15800.056 3.111450689499995e-07
15850.056 3.1512436435000045e-07
15900.056 3.048543906300007e-07
15950.056 2.92666852299996e-07
16000.056 2.6816600106000164e-07
16050.056 2.2852384343999603e-07
16100.056 1.9393181667199548e-07
16150.056 1.569430126939941e-07
16200.056 1.2284654121000005e-07
16250.056 1.1283025929819419e-07
16300.056 1.011735307048799e-07
16350.056 1.0814741951318797e-07
16400.056 1.1702723959648104e-07
16450.056 1.2330344990904133e-07
16500.056 1.3165000913787232e-07
16550.056 1.2816929292802874e-07
16600.056 1.3314839553400332e-07
16650.056 9.380062822971667e-08
16700.056 5.990628204300888e-08
16750.056 8.256967411440206e-08
16800.056 1.0476707545810179e-07
16850.056 1.0453740010559252e-07
16900.056 9.591501813880624e-08
16950.056 8.529831372249705e-08
17000.056 7.504290409501028e-08
17050.056 9.295319735700538e-08
17100.056 1.0173837681600046e-07
17150.056 9.132525512599909e-08
17200.056 1.104844267129932e-07
17250.056 9.826068168798564e-08
17300.056 8.879712532300126e-08
17350.056 8.214809077979458e-08
17400.056 8.322150830499744e-08
17450.056 8.343158873949025e-08
17500.056 8.623835696301594e-08
17550.056 7.576588034859704e-08
17600.056 7.061042831550532e-08
17650.056 6.694339091637536e-08
17700.056 5.5552981026949305e-08
17750.056 4.8066497441712917e-08
17800.056 5.483222975782955e-08
17850.056 3.95863615259976e-08
17900.056 4.288336846796079e-08
17950.056 3.365722081442185e-08
18000.056 3.6703301383658585e-08
18050.056 2.998732125188163e-08
18100.056 3.2429445893478455e-08
18150.056 3.628217346867002e-08
18200.056 2.5206329258214927e-08
18250.056 4.6536231063476555e-08
18300.056 2.8638201531349236e-08
18350.056 2.6996522010509604e-08
18400.056 2.3855779136228462e-08
18450.056 3.242844259765437e-08
18500.056 3.153013606141249e-08
18550.056 2.4528868831655668e-08
18600.056 2.2446241156581216e-08
18650.056 2.0201785126634085e-08
18700.056 1.7442212426826417e-08
18750.056 2.4598063033557142e-08
18800.056 4.296744239223566e-08
18850.056 4.443358574402107e-08
18900.056 4.0400736803758134e-08
18950.056 5.810604274106752e-08
19000.056 3.986058250229941e-08
19050.056 3.0049553432861935e-08
19100.056 4.4012050768105153e-08
19150.056 3.151218321218939e-08
19200.056 3.766653500086945e-08
19250.056 2.917023472626325e-08
19300.056 2.7067752935603852e-08
19350.056 2.5232942065936035e-08
19400.056 1.8522444563001748e-08
19450.056 2.884234767833726e-08
19500.056 2.826810983160299e-08
19550.056 2.469646697120771e-08
19600.056 2.990094891867577e-08
19650.056 3.4588523335225236e-08
19700.056 3.41481689667701e-08
19750.056 3.8238028718379995e-08
19800.056 3.8142133893427534e-08
19850.056 4.766397332284189e-08
19900.056 4.166270263189932e-08
19950.056 5.507814099189867e-08
20000.056 5.1894235130906315e-08
20050.056 5.76436761424047e-08
20100.056 6.331959344670047e-08
20150.056 5.9167307458347406e-08
20200.056 6.066559921477783e-08
20250.056 6.925884465635347e-08
20300.056 6.980127799870196e-08
20350.056 7.363950569859292e-08
20400.056 7.365819729659431e-08
20450.056 8.26651472520014e-08
20500.056 8.596761349298802e-08
20550.056 8.723014078500642e-08
20600.056 9.098312479200445e-08
20650.056 9.327208747000004e-08
20700.056 9.492524755700321e-08
20750.056 9.602599332799815e-08
20800.056 9.684451545299537e-08
20850.056 9.769860840699994e-08
20900.056 9.874962086199628e-08
20950.056 9.758061994000205e-08
21000.056 9.676918245400095e-08
21050.056 9.648056393799853e-08
21100.056 9.535911057200058e-08
21150.056 9.513642316699508e-08
21200.056 9.314785347200165e-08
21250.056 9.157170042199472e-08
21300.056 8.825626813099764e-08
21350.056 8.682890583599997e-08
21400.056 8.611695022900645e-08
21450.056 8.230250799000143e-08
21500.056 7.968154642000281e-08
21550.056 7.70827989990008e-08
21600.056 7.342056420200308e-08
21650.056 6.884796743500107e-08
21700.056 6.924140446699933e-08
21750.056 6.352776061030298e-08
21800.056 5.822682795679729e-08
21850.056 5.454749657100034e-08
21900.056 4.8109096846501164e-08
21950.056 3.791763645460521e-08
22000.056 2.2139367800188966e-08
22050.056 2.057124442005863e-08
22100.056 3.0586214847421374e-08
22150.056 3.1756488125196783e-08
22200.056 3.332344499817683e-08
22250.056 3.177740942106623e-08
22300.056 2.6029317782400975e-08
22350.056 2.734988571697819e-08
22400.056 2.102862789903174e-08
22450.056 2.060433930439233e-08
22500.056 2.0621284694942356e-08
22550.056 1.7530796003473445e-08
22600.056 1.7573492210015774e-08
22650.056 1.9180679378762973e-08
22700.056 1.7442907660510045e-08
22750.056 1.798493968608951e-08
22800.056 1.837283136913745e-08
22850.056 1.60718254124312e-08
22900.056 1.5588493808738788e-08
22950.056 1.4650516426266776e-08
23000.056 1.7125384612199365e-08
23050.056 2.0437946670446146e-08
23100.056 3.184546323016197e-08
23150.056 2.785417409415512e-08
23200.056 1.0440466790138425e-08
23250.056 1.55671973987712e-08
23300.056 1.3730967774382301e-08
23350.056 1.4204577249351148e-08
23400.056 1.3899112663072807e-08
23450.056 1.3268005254168728e-08
23500.056 1.4336147837918346e-08
23550.056 1.795512474461137e-08
23600.056 2.0835126694829016e-08
23650.056 2.476628820671777e-08
23700.056 1.3238535372091748e-08
23750.056 1.357621254556859e-08
23800.056 1.8418703345399928e-08
23850.056 1.8406592266316585e-08
23900.056 2.5899798446674036e-08
23950.056 2.4175132945721344e-08
24000.056 2.9796931373121828e-08
24050.056 3.0663870582672245e-08
24100.056 2.9517131264254226e-08
24150.056 3.376083817795473e-08
24200.056 3.218254911429371e-08
24250.056 3.089087106744103e-08
24300.056 3.643613954887454e-08
24350.056 3.227824985191616e-08
24400.056 4.083553269549961e-08
24450.056 3.848433573174299e-08
24500.056 3.844941642103588e-08
24550.056 4.301458595670804e-08
24600.056 4.3287438940197806e-08
24650.056 5.1772380695604795e-08
24700.056 3.865545296772443e-08
24750.056 4.0356494875006256e-08
24800.056 4.039551302500145e-08
24850.056 5.422208591845293e-08
24900.056 3.074990028552762e-08
24950.056 5.035372429707901e-08
25000.056 4.445491194367491e-08
25050.056 3.074178898425975e-08
25100.056 4.383176251123178e-08
25150.056 3.052020200791856e-08
25200.056 3.827506113559297e-08
25250.056 2.4478099684504647e-08
25300.056 3.40281565338757e-08
25350.056 2.115037757064722e-08
25400.056 3.695893047775191e-08
25450.056 2.11493054545431e-08
25500.056 2.2330465725471664e-08
25550.056 2.7029604213612743e-08
25600.056 2.4741209199855766e-08
25650.056 1.57342061457772e-08
25700.056 2.8681622275718138e-08
25750.056 1.3414447424438013e-08
25800.056 3.32758508265165e-08
25850.056 1.5601695811815758e-08
25900.056 2.3240708630919627e-08
25950.056 1.2047327495456059e-08
26000.056 3.334575191037109e-08
26050.056 1.7999416882702165e-08
26100.056 3.445538077762379e-08
26150.056 2.581064486254306e-08
26200.056 2.7468026947674537e-08
26250.056 4.9396291972092635e-08
26300.056 3.1005834463988905e-08
26350.056 5.7909780388152176e-08
26400.056 5.2266487676792447e-08
26450.056 5.234334061430533e-08
26500.056 6.179167177261906e-08
26550.056 3.2397729604077474e-08
26600.056 4.210813766100461e-08
26650.056 1.9835776649334264e-08
26700.056 1.7946392243995507e-08
26750.056 1.296943362121331e-08
26800.056 2.0810809911684936e-08
26850.056 1.233335121121122e-08
26900.056 2.826000616789789e-08
26950.056 1.5253400812152818e-08
27000.056 3.664804582474795e-08
27050.056 3.1121807566691916e-08
27100.056 2.141831981948747e-08
27150.056 4.2474376869795106e-08
27200.056 2.2515031505311848e-08
27250.056 3.012211730868737e-08
27300.056 6.762759393104998e-08
27350.056 4.6535294606218305e-08
27400.056 1.3951557790257671e-08
27450.056 5.453587663746525e-08
27500.056 5.7419600246239796e-08
27550.056 2.4070398251366603e-08
27600.056 4.3296737030631067e-08
27650.056 2.2047066656376647e-08
27700.056 1.789856421741748e-08
27750.056 4.6889379580560156e-08
27800.056 2.2883929817873635e-08
27850.056 2.691903062543878e-08
27900.056 3.020152512102484e-08
27950.056 5.041324282770399e-08
28000.056 3.885266172350022e-08
28050.056 1.5286226565443416e-08
28100.056 4.7888626306952636e-08
28150.056 3.2079884043594195e-08
28200.056 1.823060953085949e-08
28250.056 5.074197393767353e-08
28300.056 5.582815607399382e-08
28350.056 2.1902576866312742e-08
28400.056 4.109714157201838e-08
28450.056 5.569450258215119e-08
28500.056 4.1091768965331925e-08
28550.056 1.7547303271332544e-08
28600.056 5.988678500789054e-08
28650.056 4.659639405629932e-08
28700.056 4.4543805387931745e-08
28750.056 6.458525620784449e-08
28800.056 5.181350231321123e-08
28850.056 6.049745606544212e-08
