galfind/configs/Brown_Dwarf_templates/sonora_bobcat/m-0.5/1000g/sp_t375g1000nc_m-0.5_resample.dat
# %ECSV 1.0
# ---
# datatype:
# - {name: wav, unit: Angstrom, datatype: float64}
# - {name: flux_nu, unit: erg / (cm2 Hz s), datatype: float64}
# meta: {C/O: '1.00', Kzz: '1.0000E+05', Teff: '375.', Y: '0.28', '[Fe/H]': '-0.50', f_hole: '1.00', f_rain: '0.00', grav: '1000.'}
# schema: astropy-2.0
wav flux_nu
4000.0559999999996 nan
4050.0559999999996 1.1371333868720242e-18
4100.056 5.608159426450101e-17
4150.056 4.67588962580005e-16
4200.056 7.923100742700056e-16
4250.056 4.576506361300039e-15
4300.056 1.124007275770006e-14
4350.056 2.2222623875000092e-14
4400.056 4.039397189000017e-14
4450.056 6.853452836800027e-14
4500.056 1.1003908281600035e-13
4550.056 1.5166435956000007e-13
4600.056 1.2131442007999996e-13
4650.056 1.0440239476799979e-13
4700.056 6.907130298399963e-14
4750.056 3.242859804799976e-14
4800.056 1.58985915919999e-14
4850.056 7.94098668659995e-15
4900.056 4.649170025999979e-15
4950.056 3.0074027855999865e-15
5000.056 1.7967784471999905e-15
5050.056 1.2226317033999986e-15
5100.056 1.230415796400001e-15
5150.056 1.286834551400001e-15
5200.056 1.3903431089000012e-15
5250.056 1.5185896135000017e-15
5300.056 1.6595223723000016e-15
5350.056 1.8300053075000024e-15
5400.056 2.038715417300003e-15
5450.056 2.264757231500003e-15
5500.056 2.509520271300003e-15
5550.056 2.7636089082000038e-15
5600.056 3.0244705354000033e-15
5650.056 3.271247704100003e-15
5700.056 3.4356344472000015e-15
5750.056 3.3955390787999975e-15
5800.056 3.068972677999993e-15
5850.056 2.183436153329976e-15
5900.056 7.100377293740231e-16
5950.056 4.463712810300061e-15
6000.056 9.440553744700078e-15
6050.056 1.6578750629000115e-14
6100.056 2.6133377424000158e-14
6150.056 3.9109905877000216e-14
6200.056 5.725939037700028e-14
6250.056 8.198753617700041e-14
6300.056 1.1630695954100057e-13
6350.056 1.6272910540000078e-13
6400.056 2.2495544799000108e-13
6450.056 2.9343648802000065e-13
6500.056 3.972914287000026e-13
6550.056 5.463563227000012e-13
6600.056 7.499126087600051e-13
6650.056 1.0403023712600055e-12
6700.056 1.3500640143000061e-12
6750.056 1.847125907000008e-12
6800.056 2.2269620963000046e-12
6850.056 2.2757076324999974e-12
6900.056 1.8629706137999875e-12
6950.056 1.4554611127000024e-12
7000.056 1.4844998482999927e-12
7050.056 1.5322325504000015e-12
7100.056 1.6982186443000002e-12
7150.056 1.489201173579979e-12
7200.056 1.3002113449100135e-12
7250.056 1.4247702683699618e-12
7300.056 1.4524341287200262e-12
7350.056 1.7218517582500034e-12
7400.056 1.999068613700005e-12
7450.056 2.3089671427000103e-12
7500.056 2.5292632901000023e-12
7550.056 2.6495600481000016e-12
7600.056 2.6869359545999986e-12
7650.056 1.4437709037299688e-12
7700.056 1.385181891000031e-12
7750.056 3.174750643900028e-12
7800.056 4.031692455500024e-12
7850.056 5.500635464000014e-12
7900.056 6.8357520452000246e-12
7950.056 7.550188241100032e-12
8000.056 1.0218067501400047e-11
8050.056 1.2314400818000048e-11
8100.056 1.1634741167899905e-11
8150.056 1.0106601748100229e-11
8200.056 1.6675017772700174e-11
8250.056 1.8433985405100242e-11
8300.056 2.2046903254600056e-11
8350.056 2.664129294500017e-11
8400.056 3.427432186900048e-11
8450.056 4.577140668800039e-11
8500.056 5.591958129400022e-11
8550.056 6.954493205100082e-11
8600.056 8.647776487400066e-11
8650.056 1.0286008160200068e-10
8700.056 1.1784988728000072e-10
8750.056 1.369078672500009e-10
8800.056 1.5404316943000054e-10
8850.056 1.5749664251999857e-10
8900.056 8.789951434199705e-11
8950.056 6.899546383800136e-11
9000.056 7.198060323609982e-11
9050.056 1.870865810130008e-10
9100.056 2.0739746252100974e-10
9150.056 2.4013239134799754e-10
9200.056 3.2366049402401257e-10
9250.056 2.840860193009842e-10
9300.056 9.658483309462952e-12
9350.056 1.5541485688918617e-11
9400.056 1.2745001009286266e-10
9450.056 5.3407577384868085e-11
9500.056 5.259479863647394e-11
9550.056 5.627167803804015e-11
9600.056 7.863501575257684e-11
9650.056 1.5072750985421924e-10
9700.056 4.0005702872299026e-10
9750.056 4.453412480700309e-10
9800.056 5.856884591999944e-10
9850.056 7.798060664499992e-10
9900.056 1.0698347379900258e-09
9950.056 1.2283822477100147e-09
10000.056 8.311248835508485e-10
10050.056 5.772163889899781e-10
10100.056 4.5139315635999765e-10
10150.056 3.3632300389999364e-10
10200.056 2.2491125031000184e-10
10250.056 2.2329645933000102e-10
10300.056 2.4696592401999334e-10
10350.056 1.6620019091000222e-10
10400.056 1.9344885454999972e-10
10450.056 1.96349578149996e-10
10500.056 1.9059108269999958e-10
10550.056 1.8563896495999929e-10
10600.056 1.6908342308999926e-10
10650.056 1.462753430699988e-10
10700.056 1.2096245537999888e-10
10750.056 1.0299439083499889e-10
10800.056 8.895867285899992e-11
10850.056 7.77386101629995e-11
10900.056 6.785629168099921e-11
10950.056 5.301567966399965e-11
11000.056 3.795632890299864e-11
11050.056 2.1594399013799615e-11
11100.056 9.142902269764411e-12
11150.056 3.289375063262723e-12
11200.056 2.3212273523702718e-12
11250.056 3.497847764087258e-12
11300.056 5.8385950102281724e-12
11350.056 2.4515380883371585e-12
11400.056 1.0756696594320227e-11
11450.056 5.891042056754876e-12
11500.056 6.240177037986575e-12
11550.056 2.8787323799528295e-12
11600.056 1.9389673854948026e-12
11650.056 6.04180982448061e-12
11700.056 8.900152823078988e-12
11750.056 5.426316010440546e-12
11800.056 1.6938827474999885e-11
11850.056 1.9696194847999903e-11
11900.056 2.208076277440009e-11
11950.056 2.5482178350000134e-11
12000.056 2.8915917441000516e-11
12050.056 3.4974889345000465e-11
12100.056 3.881391444100045e-11
12150.056 4.8067013309000093e-11
12200.056 5.568349035500014e-11
12250.056 7.13386809520004e-11
12300.056 9.453309598500194e-11
12350.056 1.1212795344200132e-10
12400.056 1.439713171100013e-10
12450.056 1.8835983903000262e-10
12500.056 2.263525252999994e-10
12550.056 2.4352362798000327e-10
12600.056 3.173863044700054e-10
12650.056 4.0829691394000505e-10
12700.056 4.765458687400007e-10
12750.056 4.753253345600012e-10
12800.056 4.4418385592999727e-10
12850.056 3.766071054699956e-10
12900.056 3.333515279299973e-10
12950.056 3.1581104092000356e-10
13000.056 3.453054606800108e-10
13050.056 2.857898590409977e-10
13100.056 3.302685793799856e-10
13150.056 2.446815913630139e-10
13200.056 2.631092091999908e-10
13250.056 2.5540914401819794e-10
13300.056 1.0839760647667398e-10
13350.056 5.825408121134645e-11
13400.056 8.132148197562723e-12
13450.056 1.178333695144269e-12
13500.056 2.403367777579534e-13
13550.056 3.5263163681641504e-14
13600.056 8.840375254015296e-15
13650.056 6.903715961414215e-14
13700.056 3.592109495142778e-14
13750.056 2.870207538522407e-13
13800.056 3.4258685526311987e-13
13850.056 5.765578270709516e-14
13900.056 1.6532023335663846e-13
13950.056 1.392072370798186e-13
14000.056 3.733775449172688e-13
14050.056 3.764531956994742e-13
14100.056 3.267706351110633e-13
14150.056 1.030229443130143e-12
14200.056 7.377893537018374e-13
14250.056 1.1582392850843908e-12
14300.056 4.7146559638827185e-12
14350.056 4.2200768311736004e-12
14400.056 4.022143189962718e-12
14450.056 1.0103695070913964e-11
14500.056 2.493241984765787e-11
14550.056 3.6735746299397455e-11
14600.056 7.310847587816477e-11
14650.056 2.8738158635597888e-11
14700.056 1.1764240769517312e-11
14750.056 8.35525652303301e-12
14800.056 6.851226339613499e-12
14850.056 7.444997016818829e-12
14900.056 6.8724939509458065e-12
14950.056 5.940000392023832e-12
15000.056 1.773267238129667e-11
15050.056 2.5900431116720967e-11
15100.056 1.1135484081693356e-11
15150.056 5.043544180023206e-12
15200.056 1.6573654648688297e-11
15250.056 3.228955576065573e-11
15300.056 4.7411114155547635e-11
15350.056 5.6729050362303055e-11
15400.056 7.517109410690412e-11
15450.056 1.0165267728000799e-10
15500.056 1.5159362336599663e-10
15550.056 2.344974830810167e-10
15600.056 3.6298547234999245e-10
15650.056 5.457424057900275e-10
15700.056 7.388973864500068e-10
15750.056 8.414971575900056e-10
15800.056 9.42493385600001e-10
15850.056 1.028788178890013e-09
15900.056 1.041652048159997e-09
15950.056 1.0643221852299982e-09
16000.056 9.797529551299913e-10
16050.056 8.192668615299853e-10
16100.056 6.032811654599958e-10
16150.056 3.909463816899766e-10
16200.056 1.942896924030006e-10
16250.056 1.1271635865940138e-10
16300.056 6.696629050031951e-11
16350.056 6.20158344509816e-11
16400.056 6.439086615547907e-11
16450.056 7.259591561853149e-11
16500.056 6.491010461641327e-11
16550.056 7.335410515371384e-11
16600.056 1.3710148403115382e-10
16650.056 6.589924209138233e-11
16700.056 2.4523375892170942e-11
16750.056 6.958638885404435e-11
16800.056 7.858442132454077e-11
16850.056 7.126993247705524e-11
16900.056 4.4972158349673413e-11
16950.056 3.396647495861289e-11
17000.056 2.182632030147187e-11
17050.056 3.1774124540703474e-11
17100.056 4.740853237535969e-11
17150.056 3.757571181980454e-11
17200.056 7.556184248819999e-11
17250.056 3.519322609509248e-11
17300.056 3.084271398889922e-11
17350.056 3.753681539579952e-11
17400.056 4.982261686610155e-11
17450.056 5.4898776497300264e-11
17500.056 6.783601081500272e-11
17550.056 5.599561602239769e-11
17600.056 5.375128879900227e-11
17650.056 3.9947405595298897e-11
17700.056 3.504226448179936e-11
17750.056 2.583949448420071e-11
17800.056 3.296777161785181e-11
17850.056 1.8788682358028535e-11
17900.056 1.3949724664284104e-11
17950.056 8.464944159048873e-12
18000.056 1.207606615893453e-11
18050.056 5.142657740047686e-12
18100.056 5.300863067604761e-12
18150.056 3.504310667909831e-12
18200.056 2.322506460561318e-12
18250.056 7.47313653249488e-12
18300.056 1.1786411060247604e-12
18350.056 1.0832009926061074e-12
18400.056 5.453268817858691e-13
18450.056 3.980894727485968e-12
18500.056 3.227579720309146e-12
18550.056 1.31855864080487e-12
18600.056 2.638881851635127e-12
18650.056 1.8249983188853422e-12
18700.056 1.7250656188220945e-13
18750.056 4.4673637771106194e-13
18800.056 5.647559205404737e-12
18850.056 4.774198046725223e-12
18900.056 5.1187282342144626e-12
18950.056 6.4506638661426515e-12
19000.056 1.2766659669275137e-12
19050.056 6.515516169628015e-13
19100.056 2.2825648423393122e-12
19150.056 9.84417191573033e-13
19200.056 2.1503209776678964e-12
19250.056 1.6634965426177097e-12
19300.056 9.668735200685957e-13
19350.056 1.1757480100680833e-12
19400.056 7.452360988795402e-13
19450.056 8.698135197502134e-13
19500.056 1.0547401202623587e-12
19550.056 1.4575511874322349e-12
19600.056 2.4773923887400354e-12
19650.056 2.3534001651234063e-12
19700.056 3.1664046398814386e-12
19750.056 3.5575985603145182e-12
19800.056 2.3336317564874667e-12
19850.056 3.153708271956614e-12
19900.056 4.497183421609194e-12
19950.056 4.023122830252924e-12
20000.056 4.50099932246759e-12
20050.056 4.085806131320722e-12
20100.056 5.298758682950516e-12
20150.056 3.890451050142954e-12
20200.056 3.266132484941607e-12
20250.056 4.819503463509352e-12
20300.056 5.036958283130026e-12
20350.056 5.13670208764964e-12
20400.056 5.424074817600049e-12
20450.056 6.34818446800043e-12
20500.056 6.292314213300066e-12
20550.056 6.196719266099891e-12
20600.056 6.048387727300159e-12
20650.056 5.8679879348998364e-12
20700.056 5.633318373999938e-12
20750.056 5.3064995277999686e-12
20800.056 4.946156248399927e-12
20850.056 4.73547583459998e-12
20900.056 4.467949614899983e-12
20950.056 4.214125746999986e-12
21000.056 4.0184735159999845e-12
21050.056 3.94477927409999e-12
21100.056 3.891169504399994e-12
21150.056 3.9395552643000116e-12
21200.056 4.0362254219000246e-12
21250.056 4.1970384746999875e-12
21300.056 4.3481988524000465e-12
21350.056 4.512361381999947e-12
21400.056 4.900353940100149e-12
21450.056 4.8477581354001035e-12
21500.056 4.8721571034400144e-12
21550.056 5.0025591577599424e-12
21600.056 4.934372382745975e-12
21650.056 4.886210760369826e-12
21700.056 5.138682464299762e-12
21750.056 4.9446041169155524e-12
21800.056 4.344806675989699e-12
21850.056 4.161591410886111e-12
21900.056 3.593354796077173e-12
21950.056 2.4174830353669824e-12
22000.056 4.603872422642356e-13
22050.056 8.126445352479106e-13
22100.056 1.7508925753717108e-12
22150.056 1.2369892585179876e-12
22200.056 1.2382271525141147e-12
22250.056 1.0654436091641206e-12
22300.056 5.91372234566039e-13
22350.056 8.297120896427755e-13
22400.056 4.442632228245322e-13
22450.056 5.995236794584521e-13
22500.056 4.761598636015405e-13
22550.056 2.7469253278846926e-13
22600.056 2.2468865538120346e-13
22650.056 2.5678533668330964e-13
22700.056 3.1458117765994727e-13
22750.056 4.416715800141063e-13
22800.056 6.01998468861191e-13
22850.056 3.714274669312555e-13
22900.056 3.201582322901819e-13
22950.056 2.4173922680426554e-13
23000.056 2.3243184146645736e-13
23050.056 2.3576969953057247e-13
23100.056 1.312971630955675e-12
23150.056 1.035325594776827e-12
23200.056 1.147455648130808e-13
23250.056 5.274430145325619e-13
23300.056 3.586830748656851e-13
23350.056 4.4369762122308293e-13
23400.056 2.919873389773242e-13
23450.056 2.0479353040503707e-13
23500.056 1.8798816901276335e-13
23550.056 4.165626619001181e-13
23600.056 8.265026460448574e-13
23650.056 1.0483159902865447e-12
23700.056 1.7915821480020755e-13
23750.056 3.029981270387715e-13
23800.056 1.2314976949248705e-12
23850.056 6.52887626936701e-13
23900.056 1.2097048364580038e-12
23950.056 6.562278930776245e-13
24000.056 1.4817497373235289e-12
24050.056 1.5027902471084842e-12
24100.056 1.964669024445974e-12
24150.056 2.651086237415093e-12
24200.056 2.43777794328618e-12
24250.056 2.2269383356701473e-12
24300.056 3.892227043611382e-12
24350.056 3.3804921814608096e-12
24400.056 5.993701981740152e-12
24450.056 6.446550575546093e-12
24500.056 6.23431924283472e-12
24550.056 9.836842372310306e-12
24600.056 1.2078509200599576e-11
24650.056 1.4120647751230812e-11
24700.056 1.3150606568507811e-11
24750.056 1.6866775011928903e-11
24800.056 1.6989153506280295e-11
24850.056 2.0072167071397253e-11
24900.056 1.3843446297199701e-11
24950.056 1.998768055033743e-11
25000.056 2.5775200710099037e-11
25050.056 1.4646879429389486e-11
25100.056 2.262171741402217e-11
25150.056 1.2039420047328009e-11
25200.056 1.9333738665276443e-11
25250.056 7.962209865783729e-12
25300.056 9.035581293442264e-12
25350.056 4.201260945207436e-12
25400.056 1.1108336384986171e-11
25450.056 3.0300415668396928e-12
25500.056 2.4253251344914526e-12
25550.056 9.221784980094609e-12
25600.056 4.024252635523169e-12
25650.056 1.2683974264250889e-12
25700.056 8.703307073366056e-13
25750.056 2.0258171318732513e-13
25800.056 1.5211074131818647e-12
25850.056 1.8665487175219082e-13
25900.056 3.5210573564392244e-13
25950.056 3.413643819116946e-14
26000.056 1.1300794183161751e-12
26050.056 5.654046976800359e-14
26100.056 5.261109890630557e-13
26150.056 1.3936925566519254e-13
26200.056 2.3616398659296304e-13
26250.056 2.807393714608682e-12
26300.056 2.277102264954668e-13
26350.056 9.467594164486078e-12
26400.056 1.739164667151248e-11
26450.056 5.942202723428142e-12
26500.056 2.085370691099956e-11
26550.056 1.2259724491634583e-12
26600.056 9.25017659525366e-13
26650.056 8.106902462343295e-14
26700.056 4.749862787242592e-14
26750.056 1.0276282391015054e-13
26800.056 7.101932445155945e-13
26850.056 3.300274102951358e-13
26900.056 2.3384675418797295e-12
26950.056 5.334574882324799e-13
27000.056 4.179457700960007e-12
27050.056 7.839576958435139e-12
27100.056 1.912062838397432e-13
27150.056 6.54005266890884e-12
27200.056 1.7419200189292355e-13
27250.056 1.2073326443929847e-12
27300.056 2.3960561827965427e-11
27350.056 4.1376977600763406e-12
27400.056 1.1286575663015215e-13
27450.056 6.698099419589749e-12
27500.056 1.0614252878149634e-11
27550.056 8.215528970034899e-13
27600.056 3.89235016257075e-12
27650.056 5.976645066834704e-13
27700.056 7.421917335815262e-13
27750.056 7.783220064093667e-12
27800.056 2.0057041194981392e-12
27850.056 5.006367878792905e-12
27900.056 8.029263497099577e-12
27950.056 1.6107308648601033e-11
28000.056 1.6570607250052478e-11
28050.056 1.134285066589745e-12
28100.056 2.6551981114770755e-11
28150.056 1.6476517376364112e-11
28200.056 2.8061197337940265e-12
28250.056 3.9141455670133465e-11
28300.056 3.974453166192311e-11
28350.056 3.643659259177058e-12
28400.056 2.4179131082045363e-11
28450.056 4.9773421982851374e-11
28500.056 2.0296444486536065e-11
28550.056 4.133255710615144e-12
28600.056 4.412056278188797e-11
28650.056 1.7944491241163628e-11
28700.056 4.1480901441516446e-11
28750.056 1.0144637550047933e-10
28800.056 2.616298737792779e-11
