galfind/configs/Brown_Dwarf_templates/sonora_bobcat/m-0.5/1000g/sp_t2400g1000nc_m-0.5_resample.dat
# %ECSV 1.0
# ---
# datatype:
# - {name: wav, unit: Angstrom, datatype: float64}
# - {name: flux_nu, unit: erg / (cm2 Hz s), datatype: float64}
# meta: {C/O: '1.00', Kzz: '1.0000E+05', Teff: '2400.', Y: '0.28', '[Fe/H]': '-0.50', f_hole: '1.00', f_rain: '0.00', grav: '1000.'}
# schema: astropy-2.0
wav flux_nu
[from data line 501]
29050.056 3.5269538556201504e-06
29100.056 2.880192967710317e-06
29150.056 3.6874328613999606e-06
29200.056 3.226902417370176e-06
29250.056 3.406104912829822e-06
29300.056 3.0088045310193114e-06
29350.056 3.9025698515998015e-06
29400.056 3.363790868489866e-06
29450.056 3.259346449429969e-06
29500.056 3.4054642887697652e-06
29550.056 3.372074609200191e-06
29600.056 3.638276729009835e-06
29650.056 3.342956396789994e-06
29700.056 3.2685724124099587e-06
29750.056 3.7263968908606337e-06
29800.056 3.73591471520969e-06
29850.056 3.449250617669689e-06
29900.056 3.2566321640808295e-06
29950.056 3.887712885599578e-06
30000.056 3.7249170561493346e-06
30050.056 3.5228833304001448e-06
30100.056 3.0858014958993535e-06
30150.056 4.240454411399979e-06
30200.056 3.833155946550202e-06
30250.056 3.68914230670038e-06
30300.056 3.5491366828998043e-06
30350.056 3.77270537920057e-06
30400.056 4.2429056335003475e-06
30450.056 3.4538272039003985e-06
30500.056 3.3862200929002613e-06
30550.056 4.195102566800278e-06
30600.056 3.979007475100249e-06
30650.056 4.040402128100197e-06
30700.056 3.696912696799813e-06
30750.056 3.7574313630999573e-06
30800.056 4.4267895368007e-06
30850.056 3.900622638799958e-06
30900.056 3.693985861799917e-06
30950.056 3.7395954292700853e-06
31000.056 4.326081278200012e-06
31050.056 4.079642297000103e-06
31100.056 3.975780328700041e-06
31150.056 4.091267619699536e-06
31200.056 4.02916143289962e-06
31250.056 4.598001164600595e-06
31300.056 4.03388937529981e-06
31350.056 4.046102018480005e-06
31400.056 4.221059826800506e-06
31450.056 4.21865417920012e-06
31500.056 4.298676402100187e-06
31550.056 4.00372023699991e-06
31600.056 4.213489645399923e-06
31650.056 4.423747113799725e-06
31700.056 4.315060379899946e-06
31750.056 4.128448462599927e-06
31800.056 4.390364719400196e-06
31850.056 4.732822396800089e-06
31900.056 4.665294769199638e-06
31950.056 4.143658029400003e-06
32000.056 4.178652188600385e-06
32050.056 4.628844536600424e-06
32100.056 4.753457461199603e-06
32150.056 4.725639891399865e-06
32200.056 4.547954784500024e-06
32250.056 4.435013422800063e-06
32300.056 4.652637637000026e-06
32350.056 4.9435060064006595e-06
32400.056 4.572671041799873e-06
32450.056 4.534026375800263e-06
32500.056 4.8066836257001255e-06
32550.056 5.12337584829998e-06
32600.056 5.0187258145997135e-06
32650.056 4.906009652000589e-06
32700.056 4.816459892200215e-06
32750.056 4.864751519999967e-06
32800.056 4.549628328300366e-06
32850.056 5.161780079299683e-06
32900.056 5.069727651900129e-06
32950.056 4.695570794399802e-06
33000.056 4.972783588100198e-06
33050.056 4.978601035899575e-06
33100.056 4.9393755885992695e-06
33150.056 5.024772149799969e-06
33200.056 4.85228731530056e-06
33250.056 5.1609195532005e-06
33300.056 5.463549093100178e-06
33350.056 5.163302220099875e-06
33400.056 4.783903043999615e-06
33450.056 4.990146744099281e-06
33500.056 5.253696745200025e-06
33550.056 4.997369366199658e-06
33600.056 5.136813967700442e-06
33650.056 5.21845733540067e-06
33700.056 5.329261241899578e-06
33750.056 5.279597725200069e-06
33800.056 5.085292242400171e-06
33850.056 5.215301705100255e-06
33900.056 5.68841650799951e-06
33950.056 5.232474868399562e-06
34000.056 5.238117903399409e-06
34050.056 5.3945591667999924e-06
34100.056 5.320573590300577e-06
34150.056 5.301771527999422e-06
34200.056 5.2407333709996685e-06
34250.056 5.651357469899602e-06
34300.056 5.358196474499809e-06
34350.056 5.435611066399846e-06
34400.056 5.4231159457997706e-06
34450.056 5.021690857200321e-06
34500.056 5.621962887000649e-06
34550.056 5.330573286899895e-06
34600.056 5.381320916299846e-06
34650.056 5.50692380920012e-06
34700.056 5.513906281399401e-06
34750.056 5.710589083500217e-06
34800.056 5.564746084099796e-06
34850.056 5.322130715599844e-06
34900.056 5.497507194000051e-06
34950.056 5.492169733499549e-06
35000.056 5.332096156699714e-06
35050.056 5.971758274400514e-06
35100.056 5.602053801199653e-06
35150.056 5.664485918799746e-06
35200.056 5.584434253799957e-06
35250.056 5.407511859500467e-06
35300.056 5.678406538000319e-06
35350.056 5.7718036178999245e-06
35400.056 5.491232733999639e-06
35450.056 5.557285010800152e-06
35500.056 5.817641267600044e-06
35550.056 5.691659954799807e-06
35600.056 5.485252793299371e-06
35650.056 5.904363122400416e-06
35700.056 5.589457475200206e-06
35750.056 5.5958255335996485e-06
35800.056 5.849630727799771e-06
35850.056 5.763104047200108e-06
35900.056 6.005115930199774e-06
35950.056 5.749880052399681e-06
36000.056 5.556731708899596e-06
36050.056 5.955926846200218e-06
36100.056 6.096871499299748e-06
36150.056 5.494226181200431e-06
36200.056 5.919426654099717e-06
36250.056 5.7238390638996024e-06
36300.056 6.1326761579003126e-06
36350.056 5.810464457299495e-06
36400.056 5.877294035700007e-06
36450.056 6.19283323619977e-06
36500.056 5.823890035500185e-06
36550.056 5.836402400400482e-06
36600.056 5.7269164539002195e-06
36650.056 5.935485006800282e-06
36700.056 6.1996022721999435e-06
36750.056 5.6806501279003246e-06
36800.056 5.9280374939999175e-06
36850.056 6.085919269000074e-06
36900.056 5.987031117500358e-06
36950.056 5.963041489999991e-06
37000.056 6.046156989799913e-06
37050.056 6.168643602099814e-06
37100.056 5.983127114600356e-06
37150.056 6.018980353899404e-06
37200.056 6.058942934599959e-06
37250.056 6.1279912924e-06
37300.056 6.18215987560051e-06
37350.056 5.888196537600402e-06
37400.056 6.0861034789999505e-06
37450.056 5.966997382500145e-06
37500.056 6.2344394017998186e-06
37550.056 6.07125389069945e-06
37600.056 6.254818680799743e-06
37650.056 5.995856248499853e-06
37700.056 6.172830282599997e-06
37750.056 6.166148892199698e-06
37800.056 6.2330098544998695e-06
37850.056 6.188379089299952e-06
37900.056 6.1898062922002496e-06
37950.056 6.202732999600169e-06
38000.056 6.224061085400246e-06
38050.056 6.172851235800238e-06
38100.056 6.039704679200158e-06
38150.056 6.277790773699828e-06
38200.056 6.282184954999781e-06
38250.056 6.040113920400328e-06
38300.056 6.003735212899996e-06
38350.056 6.137085324199986e-06
38400.056 6.212993283299906e-06
38450.056 6.272612581100169e-06
38500.056 6.108452803099896e-06
38550.056 6.1656829335002466e-06
38600.056 6.444766882399925e-06
38650.056 6.0272234294000425e-06
38700.056 6.033564462300465e-06
38750.056 6.235201492299958e-06
38800.056 6.139618959900484e-06
38850.056 6.194903534200008e-06
38900.056 5.985023765699935e-06
38950.056 6.194298102399992e-06
39000.056 6.127921629900056e-06
39050.056 6.171875978699962e-06
39100.056 5.94966570200006e-06
39150.056 6.060843576900115e-06
39200.056 6.130852466800074e-06
39250.056 6.109632735399685e-06
39300.056 6.117442474899631e-06
39350.056 6.057500843800282e-06
39400.056 6.0399427684000745e-06
39450.056 6.075174514999969e-06
39500.056 5.947946051699906e-06
39550.056 5.879746386199447e-06
39600.056 6.159612945300012e-06
39650.056 5.824979786500127e-06
39700.056 5.909995109599994e-06
39750.056 5.98855486059972e-06
39800.056 5.705194782800222e-06
39850.056 5.908130369899863e-06
39900.056 5.7372049542997885e-06
39950.056 5.90672392559986e-06
40000.056 5.6328853614997965e-06
40050.056 5.498929747699974e-06
40100.056 5.7061470172999006e-06
40150.056 5.475682636999398e-06
40200.056 5.644008777799907e-06
40250.056 5.452394119999049e-06
40300.056 5.3998216084003535e-06
40350.056 5.471441946399993e-06
40400.056 5.4755062075000905e-06
40450.056 5.230699832900294e-06
40500.056 5.052752511500123e-06
40550.056 5.523915548799702e-06
40600.056 5.0139290651002475e-06
40650.056 5.324663523600379e-06
40700.056 5.4777215192000445e-06
40750.056 5.018915816399109e-06
40800.056 4.990113881600106e-06
40850.056 4.746326965400759e-06
40900.056 4.777637464900364e-06
40950.056 4.9496049363999555e-06
41000.056 5.058429804400045e-06
41050.056 5.036264753299365e-06
41100.056 4.76538375090001e-06
41150.056 5.063623926200076e-06
41200.056 4.856265023600095e-06
41250.056 4.922036485400143e-06
41300.056 4.470591627499718e-06
41350.056 4.924535011600093e-06
41400.056 4.708193029000138e-06
41450.056 4.715604111400128e-06
41500.056 4.881119771000199e-06
41550.056 4.777478829700097e-06
41600.056 4.75410365790008e-06
41650.056 4.568492795600278e-06
41700.056 4.45215388199976e-06
41750.056 4.721885535299931e-06
41800.056 4.733998465599917e-06
41850.056 4.26303441720034e-06
41900.056 4.729177371299671e-06
41950.056 4.675597069000168e-06
42000.056 4.677160039800271e-06
42050.056 4.390934619999395e-06
42100.056 4.720720175800191e-06
42150.056 4.203122181699827e-06
42200.056 4.267603823700097e-06
42250.056 4.760858332700023e-06
42300.056 4.481802508800063e-06
42350.056 4.7213563486005225e-06
42400.056 4.398303069300054e-06
42450.056 4.115262694800148e-06
42500.056 4.13014792710012e-06
42550.056 4.282752982199952e-06
42600.056 4.290502000600268e-06
42650.056 4.435317581499491e-06
42700.056 4.389364397200135e-06
42750.056 4.1532468399000204e-06
42800.056 4.3805797676000636e-06
42850.056 4.485445663099701e-06
42900.056 4.4899996890002594e-06
42950.056 3.87414676439909e-06
43000.056 4.15433591350007e-06
43050.056 3.8059235222009664e-06
43100.056 3.968733298499772e-06
43150.056 4.000314077800539e-06
43200.056 3.7748015159998465e-06
43250.056 3.963648476700715e-06
43300.056 3.9121598531001425e-06
43350.056 3.6500932867994716e-06
43400.056 3.6458143660999026e-06
43450.056 3.6170019759002735e-06
43500.056 3.562184632199536e-06
43550.056 3.4973271406998975e-06
43600.056 3.6820399663002037e-06
43650.056 3.3087498877000363e-06
43700.056 3.4257561123001393e-06
43750.056 3.4256920879000456e-06
43800.056 3.208271239799867e-06
43850.056 3.254093085300373e-06
43900.056 3.330557073219957e-06
43950.056 3.1566143109599492e-06
44000.056 2.955372800599984e-06
44050.056 2.9179305540000514e-06
44100.056 3.0536734520004116e-06
44150.056 3.195890348999939e-06
44200.056 2.902034345610196e-06
44250.056 2.94809903969986e-06
44300.056 2.8363933694003667e-06
44350.056 2.699290032700216e-06
44400.056 2.843628965099916e-06
44450.056 2.93931218080015e-06
44500.056 2.8197427766002893e-06
44550.056 2.6285802449995565e-06
44600.056 2.6223806523703086e-06
44650.056 2.8385220978998573e-06
44700.056 2.6757629373001508e-06
44750.056 2.737282598199725e-06
44800.056 2.6918499112999997e-06
44850.056 2.7093586060002616e-06
44900.056 2.594112747400183e-06
44950.056 2.4428336837001515e-06
45000.056 2.642944845500008e-06
45050.056 2.5885107349997607e-06
45100.056 2.7211843191000637e-06
45150.056 2.5230705282700166e-06
45200.056 2.3401477298999044e-06
45250.056 2.4457089137798075e-06
45300.056 2.6573207800000724e-06
45350.056 2.6495397635497508e-06
45400.056 2.508065094500255e-06
45450.056 2.388636779739707e-06
45500.056 2.4660631194997856e-06
45550.056 2.660724373899969e-06
45600.056 2.490822765299947e-06
45650.056 2.336639150499651e-06
45700.056 2.5395879833002045e-06
45750.056 2.3968139339600133e-06
45800.056 2.357385009619892e-06
45850.056 2.740578548299991e-06
45900.056 2.600248067159957e-06
45950.056 2.372932521819968e-06
46000.056 2.7375194938899825e-06
46050.056 2.8257499319506326e-06
46100.056 2.3488359607501416e-06
46150.056 2.442763746779842e-06
46200.056 2.603740838470553e-06
46250.056 2.271601441549988e-06
46300.056 2.8015742794200415e-06
46350.056 2.458061261639817e-06
46400.056 2.5414693213597753e-06
46450.056 2.5274642467003023e-06
46500.056 2.407028543519852e-06
46550.056 2.7321252384999992e-06
46600.056 2.600835822200044e-06
46650.056 3.0055156242998473e-06
46700.056 2.964869336640876e-06
46750.056 2.4785660530600782e-06
46800.056 2.6341772711003403e-06
46850.056 2.733736114290176e-06
46900.056 2.6069232794196534e-06
46950.056 2.982033059940069e-06
47000.056 2.585441926400053e-06
47050.056 2.8403815340998432e-06
47100.056 2.4069592693000453e-06
47150.056 2.7126166463001776e-06
47200.056 2.6917758376405993e-06
47250.056 2.5952123111996584e-06
47300.056 2.7884459014595524e-06
47350.056 2.3438311353597928e-06
47400.056 2.712351262999669e-06
47450.056 2.669931259279967e-06
47500.056 2.6640411581996857e-06
47550.056 2.567231997769822e-06
47600.056 2.7860840026998013e-06
47650.056 2.233177484769619e-06
47700.056 2.817832963279892e-06
47750.056 2.1496370726504734e-06
47800.056 2.755603529699884e-06
47850.056 2.1714008739197035e-06
47900.056 2.8092589704000185e-06
47950.056 2.250762460120398e-06
48000.056 2.9986043629000097e-06
48050.056 2.3593508940602797e-06
48100.056 2.6162505556999323e-06
48150.056 2.3287250103402173e-06
48200.056 2.7983108189002686e-06
48250.056 2.3693148561800796e-06
48300.056 2.946497282099846e-06
48350.056 2.1419297565895613e-06
48400.056 2.6861867839299463e-06
48450.056 2.28427725688007e-06
48500.056 2.964255079400004e-06
48550.056 2.1228209403199557e-06
48600.056 2.892506128599801e-06
48650.056 2.176828286899985e-06
48700.056 2.8010413126000956e-06
48750.056 1.9836777521201596e-06
48800.056 2.869332031900159e-06
48850.056 2.121192405019654e-06
48900.056 2.8224666792002212e-06
48950.056 2.426250830000015e-06
49000.056 2.4847373231199903e-06
49050.056 2.635873487699879e-06
49100.056 2.4274787814000876e-06
49150.056 2.461324203699908e-06
49200.056 2.4199230298198617e-06
49250.056 2.4460315335500546e-06
49300.056 2.241980439199705e-06
49350.056 2.3984306068998823e-06
49400.056 2.7038196676001226e-06
49450.056 2.3586965272504496e-06
49500.056 2.40175973330021e-06
49550.056 2.222089862999808e-06
49600.056 2.324138424490283e-06
49650.056 2.428451258800066e-06
49700.056 2.1269348322998345e-06
49750.056 3.0374614163997576e-06
49800.056 2.317699624000035e-06
49850.056 2.8272125986801213e-06
49900.056 2.3451776777000166e-06
49950.056 2.4022000788997367e-06
50000.056 2.3886761056794938e-06
50050.056 2.3974428526001213e-06
50100.056 2.580855178499885e-06
50150.056 2.2634344420000144e-06
50200.056 2.1647445370001502e-06
50250.056 2.358301983250156e-06
50300.056 2.2054008148698565e-06
50350.056 2.620731919959941e-06
50400.056 2.3122306156998723e-06
50450.056 2.2775936381802533e-06
50500.056 2.8216074684002347e-06
50550.056 2.3272728018199224e-06
50600.056 2.479570748200046e-06
50650.056 2.3474244625003633e-06
50700.056 2.6311494557997423e-06
50750.056 2.7114278169001933e-06
50800.056 2.040656150079782e-06
50850.056 2.4260472599001705e-06
50900.056 2.4767662471998907e-06
50950.056 2.4630319173004168e-06
51000.056 2.8215525263002344e-06
51050.056 2.3211716925201885e-06
51100.056 2.290492602999893e-06
51150.056 2.570901781970019e-06
51200.056 2.3047645262999977e-06
51250.056 2.5905927630000817e-06
51300.056 2.1946228510204555e-06
51350.056 2.5132802814999558e-06
51400.056 2.460490981399594e-06
51450.056 1.871746413649729e-06
51500.056 2.4808574482201105e-06
51550.056 2.8838719687001523e-06
51600.056 2.0087600482999797e-06
51650.056 2.4858299552997437e-06
51700.056 2.294680014559393e-06
51750.056 2.2178227773000374e-06
51800.056 2.6019596167996506e-06
51850.056 2.455825127799715e-06
51900.056 2.645901258800215e-06
51950.056 2.4347861801998217e-06
52000.056 2.1284280499599973e-06
52050.056 2.5097323694398505e-06
52100.056 2.3911588716997768e-06
52150.056 2.3948109781201327e-06
52200.056 2.319181057350106e-06
52250.056 2.32107429299994e-06
52300.056 2.4884615134999553e-06
52350.056 2.6254432656401807e-06
52400.056 2.0544368717401567e-06
52450.056 2.295210154500072e-06
52500.056 2.5683897025995837e-06
52550.056 2.3725785125996294e-06
52600.056 2.471412381300055e-06
52650.056 2.6954244224002933e-06
52700.056 2.2891332301000997e-06
52750.056 2.101631814599884e-06
52800.056 2.2336922798001157e-06
52850.056 2.151721449899968e-06
52900.056 2.466036674400054e-06
52950.056 2.2615703091998132e-06
53000.056 2.546999410599863e-06
53050.056 2.406502660659636e-06
53100.056 2.236551594399784e-06
53150.056 2.6381228387003013e-06
53200.056 1.9648276068502455e-06
53250.056 2.522718151200005e-06
53300.056 2.538109389400512e-06
53350.056 2.5518335805997194e-06
53400.056 2.3315236903001366e-06
53450.056 2.2816343633000632e-06
53500.056 1.9724237531497796e-06
53550.056 2.4521676100999885e-06
53600.056 2.5105393669002823e-06
53650.056 2.104954733500222e-06
53700.056 2.208520025380331e-06
53750.056 2.461133213449924e-06
