galfind/configs/Brown_Dwarf_templates/sonora_bobcat/m-0.5/1000g/sp_t800g1000nc_m-0.5_resample.dat
# %ECSV 1.0
# ---
# datatype:
# - {name: wav, unit: Angstrom, datatype: float64}
# - {name: flux_nu, unit: erg / (cm2 Hz s), datatype: float64}
# meta: {C/O: '1.00', Kzz: '1.0000E+05', Teff: '800.', Y: '0.28', '[Fe/H]': '-0.50', f_hole: '1.00', f_rain: '0.00', grav: '1000.'}
# schema: astropy-2.0
wav flux_nu
4000.0559999999996 nan
4050.0559999999996 1.523195989611989e-14
4100.056 2.6807299942200307e-12
4150.056 1.5250435511200257e-11
4200.056 1.4382525210366829e-11
4250.056 4.40974126630005e-11
4300.056 7.161697403900125e-11
4350.056 8.624539551100007e-11
4400.056 1.109556672220005e-10
4450.056 1.4643815227300239e-10
4500.056 1.5106664604500074e-10
4550.056 1.6639377326899974e-10
4600.056 1.2244373080299991e-10
4650.056 8.866818825399989e-11
4700.056 5.621887245699948e-11
4750.056 1.6065846706499736e-11
4800.056 2.620624850109955e-12
4850.056 3.967036133599934e-13
4900.056 1.017065098519988e-13
4950.056 3.252252333899961e-14
5000.056 9.765450002999883e-15
5050.056 4.493112166199993e-15
5100.056 4.129111933400001e-15
5150.056 4.139710969099999e-15
5200.056 4.239678846199997e-15
5250.056 4.437127943300001e-15
5300.056 4.709355716299999e-15
5350.056 5.0807180760000064e-15
5400.056 5.579150107500004e-15
5450.056 6.0935211603999985e-15
5500.056 6.618382542200006e-15
5550.056 7.124490608300008e-15
5600.056 7.5915058867e-15
5650.056 7.951764765800005e-15
5700.056 8.136452163600003e-15
5750.056 7.822101996599991e-15
5800.056 6.926537734699985e-15
5850.056 4.8687586347999505e-15
5900.056 1.6900514127584459e-15
5950.056 9.854990962600124e-15
6000.056 2.0799356354000176e-14
6050.056 3.6355961499000274e-14
6100.056 5.789430502000032e-14
6150.056 8.724984991500046e-14
6200.056 1.2767017314000058e-13
6250.056 1.8442218659000092e-13
6300.056 2.6246678243000137e-13
6350.056 3.72329031380002e-13
6400.056 5.284328982300026e-13
6450.056 7.448185956900025e-13
6500.056 1.0610855428400061e-12
6550.056 1.5237368558000038e-12
6600.056 2.206523258600021e-12
6650.056 3.2212574743000203e-12
6700.056 4.378105577300039e-12
6750.056 6.693125908000036e-12
6800.056 9.036763317100041e-12
6850.056 1.063619127200001e-11
6900.056 1.0275168583000006e-11
6950.056 9.17822468259999e-12
7000.056 9.156439296800002e-12
7050.056 9.973714396199991e-12
7100.056 1.09846044092e-11
7150.056 1.134559484519994e-11
7200.056 1.1218017014800055e-11
7250.056 1.0922369960999826e-11
7300.056 1.0247414814900158e-11
7350.056 9.796309909999976e-12
7400.056 9.357629163200053e-12
7450.056 8.905317753000043e-12
7500.056 8.295802563599992e-12
7550.056 7.456199910799982e-12
7600.056 6.44059855649997e-12
7650.056 2.0576144504759095e-12
7700.056 1.4355732469700614e-12
7750.056 6.078442743200095e-12
7800.056 1.0059735569680106e-11
7850.056 1.68376901070001e-11
7900.056 2.3792333360000117e-11
7950.056 2.8136234842600264e-11
8000.056 4.5703681218000336e-11
8050.056 6.272867662400047e-11
8100.056 8.274169558799988e-11
8150.056 1.0944212055100085e-10
8200.056 1.5424840108000288e-10
8250.056 2.0434812065700167e-10
8300.056 2.73496262630008e-10
8350.056 3.5930779244000207e-10
8400.056 4.694608752200026e-10
8450.056 6.149252039000045e-10
8500.056 7.089593502489822e-10
8550.056 9.686145645500324e-10
8600.056 1.2853764788000122e-09
8650.056 1.6177342533000156e-09
8700.056 1.9998156427000216e-09
8750.056 2.4610372718000203e-09
8800.056 2.9847285947000237e-09
8850.056 3.5199716103000165e-09
8900.056 3.728077651699979e-09
8950.056 3.549731856419987e-09
9000.056 4.894502566499984e-09
9050.056 6.650876012400094e-09
9100.056 7.771560567100133e-09
9150.056 8.878031897800123e-09
9200.056 1.0510652599199935e-08
9250.056 1.1154283240699661e-08
9300.056 5.606349476811849e-09
9350.056 7.840789561499386e-09
9400.056 1.317991729763986e-08
9450.056 1.3018282575712416e-08
9500.056 1.3369066599213264e-08
9550.056 1.4933048068075893e-08
9600.056 1.6381747412679997e-08
9650.056 1.9791808948740625e-08
9700.056 2.593243989449905e-08
9750.056 2.886429885940143e-08
9800.056 3.334646684249934e-08
9850.056 3.886604912099962e-08
9900.056 4.466669435600057e-08
9950.056 4.8756364058000303e-08
10000.056 3.8729631748140125e-08
10050.056 5.327294083400012e-08
10100.056 5.829052237800028e-08
10150.056 6.21002673820002e-08
10200.056 6.560716947800059e-08
10250.056 7.184590609100043e-08
10300.056 7.908420579399905e-08
10350.056 8.151960315800097e-08
10400.056 8.754180512600009e-08
10450.056 9.207388868299874e-08
10500.056 9.572090501199961e-08
10550.056 9.93658441510001e-08
10600.056 1.0175881314000006e-07
10650.056 1.0387725390700027e-07
10700.056 1.0459623169900015e-07
10750.056 1.0585706456600024e-07
10800.056 1.0614401003700029e-07
10850.056 1.0486819830700025e-07
10900.056 9.593012851099908e-08
10950.056 7.420010513899959e-08
11000.056 5.8659655343996494e-08
11050.056 4.219693976369986e-08
11100.056 2.9103707800066753e-08
11150.056 2.064336227775733e-08
11200.056 2.3240162027448907e-08
11250.056 3.105145321697729e-08
11300.056 3.3217331101189125e-08
11350.056 1.7114198013573882e-08
11400.056 3.930419343923321e-08
11450.056 2.9192156635022253e-08
11500.056 3.1361145439332156e-08
11550.056 2.016598342065112e-08
11600.056 1.9462564982394722e-08
11650.056 2.809150360240041e-08
11700.056 2.9756838143898713e-08
11750.056 2.131439482187929e-08
11800.056 3.9270687048399295e-08
11850.056 5.2430778734599716e-08
11900.056 6.152014337399849e-08
11950.056 7.391627395400276e-08
12000.056 8.551905607400055e-08
12050.056 9.786442334100139e-08
12100.056 1.0881995188099829e-07
12150.056 1.2195777321999826e-07
12200.056 1.323533091509999e-07
12250.056 1.448448614439985e-07
12300.056 1.5991536429000143e-07
12350.056 1.6725170447000006e-07
12400.056 1.8231929984999926e-07
12450.056 1.9518869076000116e-07
12500.056 2.056580787100028e-07
12550.056 2.201909023100002e-07
12600.056 2.3435026872000098e-07
12650.056 2.4120922193000026e-07
12700.056 2.4513226013000073e-07
12750.056 2.3689866090000093e-07
12800.056 2.3003735451999996e-07
12850.056 2.0772698055999897e-07
12900.056 1.9566876233100162e-07
12950.056 1.86977334661002e-07
13000.056 1.8775624892000426e-07
13050.056 1.7107438908899952e-07
13100.056 1.725358382949906e-07
13150.056 1.4776091322800708e-07
13200.056 1.4232890138599693e-07
13250.056 1.1065318395381676e-07
13300.056 6.393686548726516e-08
13350.056 2.329909250196596e-08
13400.056 7.574526329020736e-09
13450.056 4.290211928022333e-09
13500.056 2.3911838200642993e-09
13550.056 1.428466805967622e-09
13600.056 9.444295115374203e-10
13650.056 2.8749454233556064e-09
13700.056 2.0450491185018914e-09
13750.056 3.8915113623323505e-09
13800.056 4.860151774488773e-09
13850.056 2.680997282301556e-09
13900.056 2.6953000569807228e-09
13950.056 2.70797268327236e-09
14000.056 2.9251199135003473e-09
14050.056 3.840962159463735e-09
14100.056 2.8916324150531285e-09
14150.056 4.3093369140919934e-09
14200.056 3.221074578964674e-09
14250.056 3.507715944670968e-09
14300.056 7.1788760393481706e-09
14350.056 6.712047487980445e-09
14400.056 6.755240221933029e-09
14450.056 9.479302647235984e-09
14500.056 1.5997150621509554e-08
14550.056 1.5783330224230333e-08
14600.056 2.4541915815681388e-08
14650.056 2.0272231882796335e-08
14700.056 1.377352818744414e-08
14750.056 1.6145924012597044e-08
14800.056 1.9684625754244128e-08
14850.056 2.1499180490582124e-08
14900.056 2.1713438319739256e-08
14950.056 2.5466504419761163e-08
15000.056 3.385808408630025e-08
15050.056 3.703373148754708e-08
15100.056 3.466844595369906e-08
15150.056 3.316730903175501e-08
15200.056 4.199536006619351e-08
15250.056 5.5125252719903215e-08
15300.056 6.110204331399872e-08
15350.056 7.034371355799951e-08
15400.056 7.944709907100759e-08
15450.056 8.632615590800482e-08
15500.056 9.366778658299394e-08
15550.056 1.0455868856200394e-07
15600.056 1.1527947650799795e-07
15650.056 1.2462016986900262e-07
15700.056 1.3632664935400019e-07
15750.056 1.4060097695800096e-07
15800.056 1.4380402250999942e-07
15850.056 1.4697374444000074e-07
15900.056 1.4343636825000024e-07
15950.056 1.3864993331999865e-07
16000.056 1.268225199300006e-07
16050.056 1.0682341876699822e-07
16100.056 8.847842902299836e-08
16150.056 6.886398072169696e-08
16200.056 5.074505218180114e-08
16250.056 4.474923525151813e-08
16300.056 3.8699916846107374e-08
16350.056 4.175747771621517e-08
16400.056 4.5474681146485053e-08
16450.056 4.787448613652348e-08
16500.056 5.091609648607036e-08
16550.056 4.951659781774847e-08
16600.056 5.3992823703601145e-08
16650.056 3.554121357787349e-08
16700.056 1.990786777291294e-08
16750.056 3.1997997214091107e-08
16800.056 4.118954053148999e-08
16850.056 4.0647122897356934e-08
16900.056 3.581307437909255e-08
16950.056 3.075521986534938e-08
17000.056 2.6002216704703503e-08
17050.056 3.356846694260179e-08
17100.056 3.776508730710036e-08
17150.056 3.3057114225500036e-08
17200.056 4.343408943099816e-08
17250.056 3.688952651099411e-08
17300.056 3.28833896965e-08
17350.056 3.091927800449788e-08
17400.056 3.225191726139935e-08
17450.056 3.305130658309713e-08
17500.056 3.4492038648306254e-08
17550.056 2.962978545025841e-08
17600.056 2.7301058046462308e-08
17650.056 2.5163172184191666e-08
17700.056 2.1004146108309763e-08
17750.056 1.7617207388265657e-08
17800.056 2.07899175309942e-08
17850.056 1.4382537716167288e-08
17900.056 1.507627200639445e-08
17950.056 1.1239169804443335e-08
18000.056 1.2979953396953571e-08
18050.056 9.643826440077214e-09
18100.056 1.0767010990879361e-08
18150.056 1.1447307359810942e-08
18200.056 7.881190477378439e-09
18250.056 1.5960710794803893e-08
18300.056 8.401733772409656e-09
18350.056 7.890012178739172e-09
18400.056 6.617853953528835e-09
18450.056 1.0985570446517356e-08
18500.056 1.0288912857100568e-08
18550.056 7.628057502453746e-09
18600.056 7.3285008364750704e-09
18650.056 6.115783074753081e-09
18700.056 4.4574285588531924e-09
18750.056 7.118957890633358e-09
18800.056 1.4700149014740668e-08
18850.056 1.4536469860888347e-08
18900.056 1.2973092203432172e-08
18950.056 1.8961792693650075e-08
19000.056 1.1446511273439884e-08
19050.056 7.84515160321353e-09
19100.056 1.2180739219119676e-08
19150.056 7.96552681360683e-09
19200.056 9.802906026877393e-09
19250.056 7.354687194860457e-09
19300.056 6.5405579723713265e-09
19350.056 6.082282083388757e-09
19400.056 4.581018761724177e-09
19450.056 7.056595419560571e-09
19500.056 6.910704464856982e-09
19550.056 6.497919402115135e-09
19600.056 8.356815838617426e-09
19650.056 9.168642307050897e-09
19700.056 9.460260482116839e-09
19750.056 1.13508223792204e-08
19800.056 1.0390776412986388e-08
19850.056 1.3210546122481155e-08
19900.056 1.2561639534845896e-08
19950.056 1.608288972487667e-08
20000.056 1.59052335716793e-08
20050.056 1.6808299410050053e-08
20100.056 2.005045938393987e-08
20150.056 1.686807941053724e-08
20200.056 1.6352951016730395e-08
20250.056 2.004659175282859e-08
20300.056 2.062057625746047e-08
20350.056 2.1126214113627828e-08
20400.056 2.1356308341599208e-08
20450.056 2.5334984863202124e-08
20500.056 2.6634434555996667e-08
20550.056 2.7347814010001876e-08
20600.056 2.839700382000148e-08
20650.056 2.983977986899967e-08
20700.056 3.066460813800095e-08
20750.056 3.1181152123999326e-08
20800.056 3.1268203211998186e-08
20850.056 3.2041141539000215e-08
20900.056 3.233535077199917e-08
20950.056 3.200251129800058e-08
21000.056 3.175881057800015e-08
21050.056 3.187600303799958e-08
21100.056 3.1521159934000185e-08
21150.056 3.14440786549988e-08
21200.056 3.08892969120005e-08
21250.056 3.035148619199849e-08
21300.056 2.930016206399944e-08
21350.056 2.8731280787299784e-08
21400.056 2.870456005400198e-08
21450.056 2.7126253308200514e-08
21500.056 2.6180597585500853e-08
21550.056 2.5181560262000094e-08
21600.056 2.3903498228900862e-08
21650.056 2.192484505609999e-08
21700.056 2.2146619032699238e-08
21750.056 2.0033524667580745e-08
21800.056 1.78124840179591e-08
21850.056 1.667434084672997e-08
21900.056 1.45114198996611e-08
21950.056 1.0984242882161123e-08
22000.056 5.6097606715845924e-09
22050.056 5.716366431971696e-09
22100.056 9.653698995333108e-09
22150.056 9.268413430869845e-09
22200.056 9.78563451701721e-09
22250.056 9.182333222978999e-09
22300.056 7.048873779482969e-09
22350.056 7.827128684405059e-09
22400.056 5.395240665931798e-09
22450.056 5.7001292314220665e-09
22500.056 5.4741939675776555e-09
22550.056 4.490112494291842e-09
22600.056 4.365183486229882e-09
22650.056 5.0531197417875134e-09
22700.056 4.587131402933545e-09
22750.056 4.8697660253587294e-09
22800.056 5.168443106906987e-09
22850.056 4.367780133466934e-09
22900.056 4.181951549166416e-09
22950.056 3.908420705667985e-09
23000.056 4.553374325313916e-09
23050.056 5.4473709114034315e-09
23100.056 9.865952322072865e-09
23150.056 8.003098616551759e-09
23200.056 2.355653696273413e-09
23250.056 4.30318691978906e-09
23300.056 3.773598406831054e-09
23350.056 4.047247395743373e-09
23400.056 3.766871543117938e-09
23450.056 3.489193277451636e-09
23500.056 3.7861496578030045e-09
23550.056 5.099738409529461e-09
23600.056 6.2116300518342225e-09
23650.056 7.55709418063936e-09
23700.056 3.3292118808672294e-09
23750.056 3.6098970911494954e-09
23800.056 6.154098041426722e-09
23850.056 5.60931533577012e-09
23900.056 8.375635292299143e-09
23950.056 7.152491552998078e-09
24000.056 9.684462058413724e-09
24050.056 9.806468296539759e-09
24100.056 9.619101373182213e-09
24150.056 1.1469505917057382e-08
24200.056 1.044123505981272e-08
24250.056 1.009772138830053e-08
24300.056 1.2725931451799462e-08
24350.056 1.1131459547255056e-08
24400.056 1.4884922351939513e-08
24450.056 1.4401546745776938e-08
24500.056 1.402935630030148e-08
24550.056 1.661375159311251e-08
24600.056 1.6784412411478864e-08
24650.056 2.0190183723177768e-08
24700.056 1.507082510769666e-08
24750.056 1.60359701100622e-08
24800.056 1.5707273199126508e-08
24850.056 2.179719776769728e-08
24900.056 1.154683955900039e-08
24950.056 1.9874482627472625e-08
25000.056 1.7676978137641255e-08
25050.056 1.1706424603689054e-08
25100.056 1.745580542605597e-08
25150.056 1.1277660818164836e-08
25200.056 1.4720194728555575e-08
25250.056 8.325930519020698e-09
25300.056 1.2109079094173017e-08
25350.056 6.834023076195763e-09
25400.056 1.3385060699517625e-08
25450.056 6.773865979695885e-09
25500.056 6.926692539296027e-09
25550.056 9.728511853153575e-09
25600.056 8.084059631568679e-09
25650.056 4.545497290149154e-09
25700.056 8.548277403617258e-09
25750.056 3.451100350668187e-09
25800.056 1.072265569243942e-08
25850.056 4.093886910620695e-09
25900.056 6.376485590696514e-09
25950.056 2.7182142934314865e-09
26000.056 1.0667452184997717e-08
26050.056 4.238387351266348e-09
26100.056 1.0572623727857015e-08
26150.056 7.08594678717804e-09
26200.056 7.679664925388068e-09
26250.056 1.820227584307942e-08
26300.056 9.431057150515594e-09
26350.056 2.2211562675055633e-08
26400.056 2.003833377414601e-08
26450.056 1.9269396580050024e-08
26500.056 2.5020243771435025e-08
26550.056 1.0128915528053495e-08
26600.056 1.2931602164585711e-08
26650.056 4.825028857349237e-09
26700.056 4.087731015403799e-09
26750.056 3.0416037743061608e-09
26800.056 5.648978930642282e-09
26850.056 3.149917488425249e-09
26900.056 8.98527082345131e-09
26950.056 4.393118867598629e-09
27000.056 1.3031701607634379e-08
27050.056 1.169718880136423e-08
27100.056 5.9706079765568405e-09
27150.056 1.6597811153650063e-08
27200.056 6.147983227273655e-09
27250.056 9.93485799595492e-09
27300.056 2.7927479319942717e-08
27350.056 1.6606287114988156e-08
27400.056 3.2642256003588916e-09
27450.056 1.9137704643584938e-08
27500.056 2.1375769646937952e-08
27550.056 6.900467931145488e-09
27600.056 1.381057880569146e-08
27650.056 6.092205147645826e-09
27700.056 4.825540249711142e-09
27750.056 1.5924835548741238e-08
27800.056 6.899809817824938e-09
27850.056 8.529488085432559e-09
27900.056 9.60935956625196e-09
27950.056 1.7502487823969884e-08
28000.056 1.3512152580349298e-08
28050.056 4.062755259027943e-09
28100.056 1.5834526248904037e-08
28150.056 1.0787533735077266e-08
28200.056 5.306720523929518e-09
28250.056 1.8230249815909263e-08
28300.056 1.9126962305322142e-08
28350.056 6.440917424113211e-09
28400.056 1.4454784104064478e-08
28450.056 2.0433937151261985e-08
28500.056 1.4499998360798192e-08
28550.056 5.173135633858556e-09
28600.056 2.2223122925682765e-08
28650.056 1.6158541221658757e-08
28700.056 1.6772613255684452e-08
28750.056 2.5739132524137204e-08
28800.056 1.8403910513882867e-08
28850.056 2.3419267509481912e-08
