galfind/configs/Brown_Dwarf_templates/sonora_bobcat/m-0.5/1000g/sp_t750g1000nc_m-0.5_resample.dat
# %ECSV 1.0
# ---
# datatype:
# - {name: wav, unit: Angstrom, datatype: float64}
# - {name: flux_nu, unit: erg / (cm2 Hz s), datatype: float64}
# meta: {C/O: '1.00', Kzz: '1.0000E+05', Teff: '750.', Y: '0.28', '[Fe/H]': '-0.50', f_hole: '1.00', f_rain: '0.00', grav: '1000.'}
# schema: astropy-2.0
wav flux_nu
4000.0559999999996 nan
4050.0559999999996 5.686065079913472e-15
4100.056 1.2890751052980217e-12
4150.056 8.78560311770013e-12
4200.056 8.356268181362931e-12
4250.056 3.068102288800031e-11
4300.056 5.1850021677000667e-11
4350.056 6.495545903000007e-11
4400.056 8.517153200700038e-11
4450.056 1.1480515306400156e-10
4500.056 1.2167543180600028e-10
4550.056 1.3214640984699985e-10
4600.056 9.022726370699991e-11
4650.056 6.254478961099983e-11
4700.056 3.622235438099964e-11
4750.056 9.140643169299846e-12
4800.056 1.3487402827499765e-12
4850.056 2.0740301467699665e-13
4900.056 5.585721150199937e-14
4950.056 1.944266765499979e-14
5000.056 6.669963246899931e-15
5050.056 3.4115325612999962e-15
5100.056 3.2222058582000016e-15
5150.056 3.2830647262000007e-15
5200.056 3.4042627152999976e-15
5250.056 3.601505431000001e-15
5300.056 3.851760236999999e-15
5350.056 4.176788600600005e-15
5400.056 4.604772063700004e-15
5450.056 5.043327212199999e-15
5500.056 5.4945536159000046e-15
5550.056 5.938065135400006e-15
5600.056 6.3575434065000014e-15
5650.056 6.690144407900004e-15
5700.056 6.860701181000002e-15
5750.056 6.5821313443999925e-15
5800.056 5.829517382399988e-15
5850.056 4.1037047263999575e-15
5900.056 1.4163084517680396e-15
5950.056 8.332607123100107e-15
6000.056 1.762217598800015e-14
6050.056 3.1016128288000236e-14
6100.056 4.933993909600027e-14
6150.056 7.41861437310004e-14
6200.056 1.0859441938500051e-13
6250.056 1.571248840900008e-13
6300.056 2.2361657403000113e-13
6350.056 3.1624422572000174e-13
6400.056 4.460371583600022e-13
6450.056 6.21683578680002e-13
6500.056 8.750696043800053e-13
6550.056 1.2392081901000018e-12
6600.056 1.7648462256000165e-12
6650.056 2.5310209677000156e-12
6700.056 3.411696651600027e-12
6750.056 5.063969672500025e-12
6800.056 6.72594175000003e-12
6850.056 7.834655810300007e-12
6900.056 7.539077728000005e-12
6950.056 6.757347561299996e-12
7000.056 6.811301505099995e-12
7050.056 7.400245273299995e-12
7100.056 8.1553790976e-12
7150.056 8.33359531399995e-12
7200.056 8.250039332500035e-12
7250.056 8.202320121999857e-12
7300.056 7.849869083800142e-12
7350.056 7.725751528599987e-12
7400.056 7.578627648800048e-12
7450.056 7.401551124400042e-12
7500.056 7.045900847499996e-12
7550.056 6.448641625499987e-12
7600.056 5.649298378999976e-12
7650.056 1.8677275157009207e-12
7700.056 1.3284946857920546e-12
7750.056 5.364998792500082e-12
7800.056 8.749527250700091e-12
7850.056 1.4412769612000073e-11
7900.056 1.9980065103000088e-11
7950.056 2.32600614480002e-11
8000.056 3.6455892373000246e-11
8050.056 4.8615778470000336e-11
8100.056 6.13893746979998e-11
8150.056 7.810129639100072e-11
8200.056 1.0949929073400201e-10
8250.056 1.41811043878001e-10
8300.056 1.8742224367000505e-10
8350.056 2.437985450300014e-10
8400.056 3.168010364600018e-10
8450.056 4.145216305600029e-10
8500.056 4.809826589209894e-10
8550.056 6.539781437200208e-10
8600.056 8.656340317100083e-10
8650.056 1.0899698108100103e-09
8700.056 1.3507825649000138e-09
8750.056 1.6682385723000144e-09
8800.056 2.0306600054000163e-09
8850.056 2.4000262695000104e-09
8900.056 2.5146355948999854e-09
8950.056 2.4062886292599954e-09
9000.056 3.3003267461999874e-09
9050.056 4.594421615900067e-09
9100.056 5.3928908775000966e-09
9150.056 6.199041301300079e-09
9200.056 7.402578258699985e-09
9250.056 7.861536654999782e-09
9300.056 3.671513679103107e-09
9350.056 5.212088491698888e-09
9400.056 9.20533259782592e-09
9450.056 8.928382580995989e-09
9500.056 9.1527927136824e-09
9550.056 1.0234146735615515e-08
9600.056 1.132021241428396e-08
9650.056 1.391219285238049e-08
9700.056 1.870850467924937e-08
9750.056 2.085935900780108e-08
9800.056 2.4278653685699565e-08
9850.056 2.8506831633999708e-08
9900.056 3.3554191014000504e-08
9950.056 3.6984304474000266e-08
10000.056 2.941709046801008e-08
10050.056 4.024762302400007e-08
10100.056 4.35963344440002e-08
10150.056 4.605563314300014e-08
10200.056 4.806836446700047e-08
10250.056 5.274079564800033e-08
10300.056 5.8186068324999214e-08
10350.056 5.895345205400071e-08
10400.056 6.344738649800011e-08
10450.056 6.667476103499898e-08
10500.056 6.927449283599968e-08
10550.056 7.190369162000006e-08
10600.056 7.331026427100006e-08
10650.056 7.436408939200012e-08
10700.056 7.428769348000007e-08
10750.056 7.476257164900012e-08
10800.056 7.457566535900017e-08
10850.056 7.332193730200012e-08
10900.056 6.708697545299935e-08
10950.056 5.192871093899975e-08
11000.056 4.0628659598197617e-08
11050.056 2.862690778979995e-08
11100.056 1.918507279366375e-08
11150.056 1.313588458336637e-08
11200.056 1.4697199061938698e-08
11250.056 1.9986422427696733e-08
11300.056 2.1730146468910253e-08
11350.056 1.093513950735031e-08
11400.056 2.6489391622831573e-08
11450.056 1.921669228394342e-08
11500.056 2.054766447911512e-08
11550.056 1.2719083367986608e-08
11600.056 1.2049329941340097e-08
11650.056 1.8238464405290985e-08
11700.056 1.9780980328789e-08
11750.056 1.3752516367229685e-08
11800.056 2.681442275019947e-08
11850.056 3.55530038638998e-08
11900.056 4.1678372622999175e-08
11950.056 4.998825286900175e-08
12000.056 5.8059041136000504e-08
12050.056 6.678034412700082e-08
12100.056 7.43046000469989e-08
12150.056 8.365569237599884e-08
12200.056 9.077802335700017e-08
12250.056 9.98603201849988e-08
12300.056 1.1118116983100107e-07
12350.056 1.1687293412500008e-07
12400.056 1.2873523965599958e-07
12450.056 1.3942570747000076e-07
12500.056 1.4806952591000212e-07
12550.056 1.5908836710000008e-07
12600.056 1.6915305805000076e-07
12650.056 1.7523608919000018e-07
12700.056 1.7863644565000042e-07
12750.056 1.7203681875000066e-07
12800.056 1.6590220771999988e-07
12850.056 1.4886273037499912e-07
12900.056 1.3974550644800096e-07
12950.056 1.3312246553400172e-07
13000.056 1.3446908603800338e-07
13050.056 1.2157375274399983e-07
13100.056 1.2350721388799297e-07
13150.056 1.0482563100970538e-07
13200.056 1.018934740449975e-07
13250.056 7.951018011373775e-08
13300.056 4.505447913853653e-08
13350.056 1.6442696196257236e-08
13400.056 4.859576314676289e-09
13450.056 2.5747580736833048e-09
13500.056 1.3748948696299012e-09
13550.056 7.626194416301466e-10
13600.056 4.793125407305339e-10
13650.056 1.5995439272971433e-09
13700.056 1.1024557201187938e-09
13750.056 2.305283003527197e-09
13800.056 2.8632930277305427e-09
13850.056 1.4613859748620776e-09
13900.056 1.5059419073782572e-09
13950.056 1.5244899013815148e-09
14000.056 1.7031582316359911e-09
14050.056 2.274266512082604e-09
14100.056 1.6989785158305677e-09
14150.056 2.610475409487714e-09
14200.056 1.910617372838985e-09
14250.056 2.1333548688293614e-09
14300.056 4.684746121887595e-09
14350.056 4.280858938934837e-09
14400.056 4.288810765337632e-09
14450.056 6.300019992637144e-09
14500.056 1.0903316522003913e-08
14550.056 1.071528807836419e-08
14600.056 1.7058668870416073e-08
14650.056 1.345168969704215e-08
14700.056 8.695915951017329e-09
14750.056 9.897205181838593e-09
14800.056 1.2083900846772296e-08
14850.056 1.3227121304750722e-08
14900.056 1.3430781266008627e-08
14950.056 1.565553633214768e-08
15000.056 2.1932776280270212e-08
15050.056 2.3748818656658234e-08
15100.056 2.1273223090389258e-08
15150.056 1.9364942909194346e-08
15200.056 2.6054038683046126e-08
15250.056 3.524663173610227e-08
15300.056 3.951123097769957e-08
15350.056 4.5627709960599876e-08
15400.056 5.2235478981005056e-08
15450.056 5.725174087330345e-08
15500.056 6.308153356799555e-08
15550.056 7.13190908690031e-08
15600.056 8.01105700229984e-08
15650.056 8.85465437140021e-08
15700.056 9.821149015900014e-08
15750.056 1.0205654983200079e-07
15800.056 1.0526567772099956e-07
15850.056 1.0819466100200068e-07
15900.056 1.0618387287600016e-07
15950.056 1.0312736602899915e-07
16000.056 9.442647192000033e-08
16050.056 7.935288554099873e-08
16100.056 6.512158457899893e-08
16150.056 4.991514534119768e-08
16200.056 3.5847581724701054e-08
16250.056 3.09979158918289e-08
16300.056 2.6370569770974305e-08
16350.056 2.85378719735107e-08
16400.056 3.1123082880053415e-08
16450.056 3.275610052179447e-08
16500.056 3.4683462217719935e-08
16550.056 3.377347114407675e-08
16600.056 3.7717797788000844e-08
16650.056 2.4254881807750156e-08
16700.056 1.2826051740771792e-08
16750.056 2.1984407835670772e-08
16800.056 2.833832439429679e-08
16850.056 2.7830177089775836e-08
16900.056 2.405374171689966e-08
16950.056 2.0353875281859707e-08
17000.056 1.6913337229602232e-08
17050.056 2.22064930522012e-08
17100.056 2.5298255597500324e-08
17150.056 2.1903385122800138e-08
17200.056 2.980666583539896e-08
17250.056 2.472157968939593e-08
17300.056 2.1905286449299887e-08
17350.056 2.078616241829861e-08
17400.056 2.1985898931599694e-08
17450.056 2.2699853751298254e-08
17500.056 2.381575724760416e-08
17550.056 2.0270535345198865e-08
17600.056 1.8604539165761577e-08
17650.056 1.692087954882099e-08
17700.056 1.4156284475672842e-08
17750.056 1.1703850817326518e-08
17800.056 1.4012865084054495e-08
17850.056 9.519111388388732e-09
17900.056 9.810796698846654e-09
17950.056 7.157364403845276e-09
18000.056 8.474456517639364e-09
18050.056 6.030262465242165e-09
18100.056 6.806642096765797e-09
18150.056 7.054819220296899e-09
18200.056 4.843521654786677e-09
18250.056 1.02066215664658e-08
18300.056 5.008397919903547e-09
18350.056 4.6882220484646775e-09
18400.056 3.842528618194583e-09
18450.056 6.97342969678994e-09
18500.056 6.444529625076292e-09
18550.056 4.664401714040906e-09
18600.056 4.596671122615242e-09
18650.056 3.7226995406785482e-09
18700.056 2.4940853270551573e-09
18750.056 4.19152450132362e-09
18800.056 9.37154266170197e-09
18850.056 9.113591895139128e-09
18900.056 8.078097121352806e-09
18950.056 1.1853891153564383e-08
19000.056 6.774357314292486e-09
19050.056 4.4622971487800055e-09
19100.056 7.161153929320222e-09
19150.056 4.51119885064626e-09
19200.056 5.6490580795724035e-09
19250.056 4.204278652651367e-09
19300.056 3.667373778542747e-09
19350.056 3.415960673876603e-09
19400.056 2.5842041654736888e-09
19450.056 3.952330312091877e-09
19500.056 3.8996228805247165e-09
19550.056 3.776105893636815e-09
19600.056 5.002496392436125e-09
19650.056 5.349690019381384e-09
19700.056 5.660479303620696e-09
19750.056 6.917037441417746e-09
19800.056 6.119240030833659e-09
19850.056 7.797959389472772e-09
19900.056 7.681380641616006e-09
19950.056 9.688605627309573e-09
20000.056 9.756765341717177e-09
20050.056 1.0090216906403774e-08
20100.056 1.2386579491188788e-08
20150.056 1.0084584075925999e-08
20200.056 9.528339879159719e-09
20250.056 1.2014214448379018e-08
20300.056 1.2429321892807314e-08
20350.056 1.2645964975148677e-08
20400.056 1.2821415341499633e-08
20450.056 1.5508582369601545e-08
20500.056 1.63541941076982e-08
20550.056 1.6849903181401e-08
20600.056 1.747835289150089e-08
20650.056 1.848007293699974e-08
20700.056 1.9037932569000513e-08
20750.056 1.9369573208999593e-08
20800.056 1.9372449335998876e-08
20850.056 1.9928077912000156e-08
20900.056 2.0091829234999574e-08
20950.056 1.9883069594000313e-08
21000.056 1.972688595000006e-08
21050.056 1.983745484699977e-08
21100.056 1.9616230781000104e-08
21150.056 1.9568626946999363e-08
21200.056 1.9248357070000284e-08
21250.056 1.892000522919914e-08
21300.056 1.8281055485999716e-08
21350.056 1.7912632661099846e-08
21400.056 1.7955572613301185e-08
21450.056 1.691001603550034e-08
21500.056 1.6314003281200497e-08
21550.056 1.567932327210001e-08
21600.056 1.487839258276048e-08
21650.056 1.3577619420709938e-08
21700.056 1.3736565765499421e-08
21750.056 1.2384958909870409e-08
21800.056 1.0886558394409503e-08
21850.056 1.0190173301309969e-08
21900.056 8.824801413840741e-09
21950.056 6.5713451484404955e-09
22000.056 3.1326672963627157e-09
22050.056 3.3438200163991494e-09
22100.056 5.934431618813039e-09
22150.056 5.505929840648057e-09
22200.056 5.8128823084486005e-09
22250.056 5.425373190766162e-09
22300.056 4.0479362295152556e-09
22350.056 4.5901978496401155e-09
22400.056 3.0274848512256615e-09
22450.056 3.2975067668267036e-09
22500.056 3.1115796607564098e-09
22550.056 2.50491426602665e-09
22600.056 2.4019655697239368e-09
22650.056 2.8507462048476956e-09
22700.056 2.601503469131739e-09
22750.056 2.8023706980790086e-09
22800.056 3.0262473444679777e-09
22850.056 2.5091562189521613e-09
22900.056 2.380877936229788e-09
22950.056 2.2157559164735754e-09
23000.056 2.576441890928957e-09
23050.056 3.0871689260039663e-09
23100.056 5.977678151973382e-09
23150.056 4.729449480436863e-09
23200.056 1.2453153218118434e-09
23250.056 2.4917651952161805e-09
23300.056 2.176149078389779e-09
23350.056 2.3617855145496402e-09
23400.056 2.1346549663051892e-09
23450.056 1.9547616445037146e-09
23500.056 2.1168430436595357e-09
23550.056 2.9590432294730904e-09
23600.056 3.7128102861980636e-09
23650.056 4.542780644166728e-09
23700.056 1.8367210106287102e-09
23750.056 2.0419763437926354e-09
23800.056 3.838749299248112e-09
23850.056 3.3493675927169837e-09
23900.056 5.135581663074246e-09
23950.056 4.211559400037262e-09
24000.056 5.948410065730415e-09
24050.056 5.988013464784444e-09
24100.056 5.9296133007955145e-09
24150.056 7.193167598983799e-09
24200.056 6.44522483946913e-09
24250.056 6.22500253707537e-09
24300.056 8.089101801095915e-09
24350.056 7.0171433292621795e-09
24400.056 9.639009146119668e-09
24450.056 9.419830302641413e-09
24500.056 9.075510376181466e-09
24550.056 1.1040496772751477e-08
24600.056 1.119616625682924e-08
24650.056 1.3460039468605126e-08
24700.056 1.011118371253774e-08
24750.056 1.0840625774025552e-08
24800.056 1.053277222769632e-08
24850.056 1.4738789055280956e-08
24900.056 7.630316721426196e-09
24950.056 1.333659538808736e-08
25000.056 1.1967115428967669e-08
25050.056 7.763424733516792e-09
25100.056 1.1788894834216545e-08
25150.056 7.3814830761278084e-09
25200.056 9.784713693486061e-09
25250.056 5.245277575328577e-09
25300.056 7.75471176615416e-09
25350.056 4.197224138340227e-09
25400.056 8.622956415535693e-09
25450.056 4.137882963934263e-09
25500.056 4.159831666849177e-09
25550.056 6.28290020077778e-09
25600.056 5.004141974266464e-09
25650.056 2.652397911348014e-09
25700.056 4.965748841739223e-09
25750.056 1.8785308462029262e-09
25800.056 6.452547091479363e-09
25850.056 2.2571153250528166e-09
25900.056 3.562287361298525e-09
25950.056 1.3814134431975425e-09
26000.056 6.4387512720269296e-09
26050.056 2.19167376346891e-09
26100.056 6.19878300297696e-09
26150.056 3.931182459515307e-09
26200.056 4.294505023482521e-09
26250.056 1.1692867324987389e-08
26300.056 5.4829428992209855e-09
26350.056 1.4631750970303784e-08
26400.056 1.3332181542023928e-08
26450.056 1.2399075674791443e-08
26500.056 1.6985819735968636e-08
26550.056 6.0470875758040565e-09
26600.056 7.656080471070197e-09
26650.056 2.54245494929624e-09
26700.056 2.06329090045366e-09
26750.056 1.5886805639618286e-09
26800.056 3.1596856787108383e-09
26850.056 1.7318248703222202e-09
26900.056 5.441050223455374e-09
26950.056 2.5438315763282324e-09
27000.056 8.301811996409259e-09
27050.056 7.669157017011477e-09
27100.056 3.3401449784835884e-09
27150.056 1.0985007971500473e-08
27200.056 3.406378424530902e-09
27250.056 6.0508838583420884e-09
27300.056 1.9064965598938037e-08
27350.056 1.0495706745097769e-08
27400.056 1.7101359648172073e-09
27450.056 1.2134690456796932e-08
27500.056 1.39184614338681e-08
27550.056 3.965367035983363e-09
27600.056 8.40378410038131e-09
27650.056 3.4296158037699674e-09
27700.056 2.7126364730685684e-09
27750.056 9.998399670747472e-09
27800.056 4.114046719101839e-09
27850.056 5.221306044494435e-09
27900.056 5.9190969392041195e-09
27950.056 1.122425756881545e-08
28000.056 8.655526646043782e-09
28050.056 2.3192823149252456e-09
28100.056 1.0110805856839403e-08
28150.056 6.865064057595895e-09
28200.056 3.1457685755496515e-09
28250.056 1.1976671872696043e-08
28300.056 1.2404088824456194e-08
28350.056 3.831155025478776e-09
28400.056 9.355739193051649e-09
28450.056 1.3578933230747945e-08
28500.056 9.424199041254446e-09
28550.056 3.0913474222025075e-09
28600.056 1.4712313432100466e-08
28650.056 1.0415837136759901e-08
28700.056 1.1185210058087931e-08
28750.056 1.7732210627580935e-08
28800.056 1.1990852718335782e-08
