galfind/configs/Brown_Dwarf_templates/sonora_bobcat/m-0.5/1000g/sp_t1000g1000nc_m-0.5_resample.dat
# %ECSV 1.0
# ---
# datatype:
# - {name: wav, unit: Angstrom, datatype: float64}
# - {name: flux_nu, unit: erg / (cm2 Hz s), datatype: float64}
# meta: {C/O: '1.00', Kzz: '1.0000E+05', Teff: '1000.', Y: '0.28', '[Fe/H]': '-0.50', f_hole: '1.00', f_rain: '0.00', grav: '1000.'}
# schema: astropy-2.0
wav flux_nu
[from data line 499]
28950.056 8.7612880603185e-08
29000.056 7.497854430623535e-08
29050.056 8.675599035874825e-08
29100.056 5.979854129351049e-08
29150.056 1.1192373168583251e-07
29200.056 7.503338017794132e-08
29250.056 1.0214101125222112e-07
29300.056 6.056277206838802e-08
29350.056 1.6054105828871389e-07
29400.056 8.502624112531585e-08
29450.056 9.171758527794987e-08
29500.056 1.0609764314720468e-07
29550.056 9.354999288471187e-08
29600.056 1.08322424961972e-07
29650.056 1.1244143664009834e-07
29700.056 9.169450937925878e-08
29750.056 1.2124353713911157e-07
29800.056 1.231776548304787e-07
29850.056 1.2922552403536968e-07
29900.056 1.303546486270516e-07
29950.056 1.267856756802563e-07
30000.056 4.4980641787441624e-08
30050.056 6.393902107450897e-08
30100.056 7.817914584320317e-08
30150.056 1.3098817000499574e-07
30200.056 1.1051449919720408e-07
30250.056 1.666293482890158e-07
30300.056 1.4369397303399768e-07
30350.056 1.28809831972206e-07
30400.056 1.6490828315311164e-07
30450.056 1.1545974396211353e-07
30500.056 1.1263123874600016e-07
30550.056 1.1586336604120127e-07
30600.056 1.476027859240064e-07
30650.056 1.1618106916999774e-07
30700.056 1.0501047953678532e-07
30750.056 1.1458339016798462e-07
30800.056 1.056162443360211e-07
30850.056 9.562830914007978e-08
30900.056 8.448528158968147e-08
30950.056 7.661976951421572e-08
31000.056 7.713490975801026e-08
31050.056 9.039663295599962e-08
31100.056 6.163806445740003e-08
31150.056 7.664279648299514e-08
31200.056 9.129835657101421e-08
31250.056 6.340885015949614e-08
31300.056 6.169299989434947e-08
31350.056 6.29183078172065e-08
31400.056 4.967578610810401e-08
31450.056 5.798692152498857e-08
31500.056 4.096389731784241e-08
31550.056 4.8134528760513557e-08
31600.056 4.0065533845505465e-08
31650.056 3.545325357581728e-08
31700.056 4.0257639114497596e-08
31750.056 2.9242086224926422e-08
31800.056 4.1534540419894184e-08
31850.056 2.7585403370854782e-08
31900.056 3.7662214162305044e-08
31950.056 2.421302252931433e-08
32000.056 3.284197480469532e-08
32050.056 3.261563641028279e-08
32100.056 2.9703928156559587e-08
32150.056 3.6505175208998254e-08
32200.056 2.7650879002121416e-08
32250.056 4.261049973041041e-08
32300.056 2.5268373376672962e-08
32350.056 4.528320361120263e-08
32400.056 2.7215000090798417e-08
32450.056 4.2483430630289043e-08
32500.056 3.658542413071959e-08
32550.056 4.007875288259658e-08
32600.056 4.485172553856125e-08
32650.056 5.302223150128762e-08
32700.056 5.1742888805609555e-08
32750.056 6.224782071890689e-08
32800.056 6.373942776838869e-08
32850.056 7.121841166099938e-08
32900.056 7.537673916161944e-08
32950.056 7.662271498309903e-08
33000.056 6.576995150848896e-08
33050.056 6.493123294200754e-08
33100.056 3.645125234969188e-08
33150.056 6.009588021340952e-09
33200.056 6.94119381252592e-09
33250.056 5.730226883298108e-09
33300.056 7.911537728402259e-09
33350.056 1.3382703039300995e-08
33400.056 1.9985815077196834e-08
33450.056 2.642517554551991e-08
33500.056 4.221125878200939e-08
33550.056 3.638158201244615e-08
33600.056 5.396197980739357e-08
33650.056 5.8576153357908035e-08
33700.056 4.417742976123196e-08
33750.056 6.977946295650026e-08
33800.056 4.228837333975791e-08
33850.056 5.771259267859496e-08
33900.056 4.7422038969597184e-08
33950.056 5.1068484575793125e-08
34000.056 6.311221814780754e-08
34050.056 3.555045565887859e-08
34100.056 6.022553930100464e-08
34150.056 4.155595173519751e-08
34200.056 5.176679319808227e-08
34250.056 5.090876648598638e-08
34300.056 4.0100007903083394e-08
34350.056 4.902880751340567e-08
34400.056 3.613894627387653e-08
34450.056 5.4671441447390447e-08
34500.056 4.888683421549717e-08
34550.056 3.366095828920071e-08
34600.056 6.410710517699999e-08
34650.056 3.86331088928985e-08
34700.056 5.409028561939844e-08
34750.056 5.264732094298646e-08
34800.056 4.174389392279657e-08
34850.056 6.237667390300226e-08
34900.056 5.1211272342984864e-08
34950.056 5.801683964798934e-08
35000.056 8.389657523900724e-08
35050.056 5.078494149860939e-08
35100.056 7.50962709679992e-08
35150.056 7.583751185990522e-08
35200.056 7.085116687660099e-08
35250.056 9.802851796037385e-08
35300.056 6.283586741540811e-08
35350.056 7.54836893476901e-08
35400.056 8.541092263500119e-08
35450.056 5.8685787026122465e-08
35500.056 1.0784909001299283e-07
35550.056 9.025555921800046e-08
35600.056 9.155987062602659e-08
35650.056 1.060219716567174e-07
35700.056 8.526483094239431e-08
35750.056 1.1410610782499726e-07
35800.056 1.3329859891900232e-07
35850.056 8.854888492400243e-08
35900.056 1.2808190902301027e-07
35950.056 1.2626229156498614e-07
36000.056 1.2337849629101615e-07
36050.056 1.2976979024598865e-07
36100.056 1.1635196344835199e-07
36150.056 1.42053803241992e-07
36200.056 1.5814674638498428e-07
36250.056 1.3354602386598036e-07
36300.056 1.7282430048401418e-07
36350.056 1.6287016131700076e-07
36400.056 1.703385630949935e-07
36450.056 1.7730756245489003e-07
36500.056 1.7955810185158829e-07
36550.056 2.1160670679004316e-07
36600.056 2.3180288480999355e-07
36650.056 2.0298428129277514e-07
36700.056 2.1783733116358899e-07
36750.056 2.4778936293002056e-07
36800.056 2.4743718279999477e-07
36850.056 2.322311794679594e-07
36900.056 2.4294978683199325e-07
36950.056 2.7594100169997485e-07
37000.056 2.559851784799902e-07
37050.056 2.75740123856023e-07
37100.056 2.6421871570498427e-07
37150.056 2.70943499192024e-07
37200.056 3.107624405999918e-07
37250.056 2.7085750005195543e-07
37300.056 2.5150511569894027e-07
37350.056 2.983299859400164e-07
37400.056 3.577736233499922e-07
37450.056 2.8494734427999994e-07
37500.056 2.9311336489398947e-07
37550.056 3.645825293600809e-07
37600.056 3.963343118600218e-07
37650.056 2.9299778334303854e-07
37700.056 3.7228841740602734e-07
37750.056 3.1218436170603327e-07
37800.056 3.52466199780067e-07
37850.056 2.8749958289000263e-07
37900.056 3.193834199700468e-07
37950.056 3.527184868789807e-07
38000.056 3.7961227173598733e-07
38050.056 3.7691431421804093e-07
38100.056 4.0594366678002264e-07
38150.056 4.2404378853999246e-07
38200.056 4.184742088100194e-07
38250.056 4.0400357728001535e-07
38300.056 4.804979572299467e-07
38350.056 4.864183050600361e-07
38400.056 3.8904091608195047e-07
38450.056 4.0249039001994046e-07
38500.056 3.603477878000476e-07
38550.056 4.5052637436004197e-07
38600.056 4.3288867563995337e-07
38650.056 4.5553552621998307e-07
38700.056 4.862028662200041e-07
38750.056 4.7442612310999656e-07
38800.056 4.4510194047996045e-07
38850.056 4.792999274900239e-07
38900.056 5.160854135699681e-07
38950.056 4.7094134399999964e-07
39000.056 4.98336616929976e-07
39050.056 5.0090783421003e-07
39100.056 4.884697036100183e-07
39150.056 5.361923957999972e-07
39200.056 4.977612929899877e-07
39250.056 5.453196909899947e-07
39300.056 5.224795243299637e-07
39350.056 5.702349674000158e-07
39400.056 5.328541868300314e-07
39450.056 5.56758249500002e-07
39500.056 5.657517864600025e-07
39550.056 5.299324313700783e-07
39600.056 5.729752707899575e-07
39650.056 6.14730303539989e-07
39700.056 5.847318102800338e-07
39750.056 5.235011005300635e-07
39800.056 5.481495588499894e-07
39850.056 6.365972957500054e-07
39900.056 6.305782538000025e-07
39950.056 6.013661079099788e-07
40000.056 6.422443647200066e-07
40050.056 6.194495547100109e-07
40100.056 5.459337573820215e-07
40150.056 6.343495657200164e-07
40200.056 6.505220393599518e-07
40250.056 6.329927077099272e-07
40300.056 6.406531939200372e-07
40350.056 6.008237473599641e-07
40400.056 6.567531516500217e-07
40450.056 6.043929832900082e-07
40500.056 6.491579262200114e-07
40550.056 6.847311885899664e-07
40600.056 6.425975462700184e-07
40650.056 6.31354415119932e-07
40700.056 7.32685500049985e-07
40750.056 6.330435207799235e-07
40800.056 5.811270519698961e-07
40850.056 7.078658241400426e-07
40900.056 6.929917451999851e-07
40950.056 6.428150291500006e-07
41000.056 6.497105647399842e-07
41050.056 7.058292631299598e-07
41100.056 6.634835406299599e-07
41150.056 5.717204891099742e-07
41200.056 6.971132963800073e-07
41250.056 6.494186501199794e-07
41300.056 6.119166642399619e-07
41350.056 7.066894403800103e-07
41400.056 6.541716125400329e-07
41450.056 6.97258324840003e-07
41500.056 6.117021044399499e-07
41550.056 5.914449888500589e-07
41600.056 6.318160470330343e-07
41650.056 6.735040455700251e-07
41700.056 6.255371353499484e-07
41750.056 6.298887202899783e-07
41800.056 7.152352069200089e-07
41850.056 5.245428858600029e-07
41900.056 6.145353412399305e-07
41950.056 6.805680940700268e-07
42000.056 6.552546836999827e-07
42050.056 5.739519832999987e-07
42100.056 7.269775297399968e-07
42150.056 5.53818769650013e-07
42200.056 5.580476275499725e-07
42250.056 6.210041114299898e-07
42300.056 5.836807976799857e-07
42350.056 6.485467137200496e-07
42400.056 6.508228183400272e-07
42450.056 5.439704681500473e-07
42500.056 5.661712676599856e-07
42550.056 5.334441717300005e-07
42600.056 5.977877178100595e-07
42650.056 7.03318406609944e-07
42700.056 5.971657426499247e-07
42750.056 5.119198756400544e-07
42800.056 5.929456495400222e-07
42850.056 6.412791564099123e-07
42900.056 6.581544872400525e-07
42950.056 5.282643022499239e-07
43000.056 5.970991781799936e-07
43050.056 4.263792482261238e-07
43100.056 5.560189361499757e-07
43150.056 5.027568950000282e-07
43200.056 5.355041941600013e-07
43250.056 6.658596765100322e-07
43300.056 6.516192601600083e-07
43350.056 4.4458389654991086e-07
43400.056 5.695143207400178e-07
43450.056 4.93602943230069e-07
43500.056 5.374045480499968e-07
43550.056 5.347647177939993e-07
43600.056 6.380434856000425e-07
43650.056 4.593734897360049e-07
43700.056 6.73586249440047e-07
43750.056 6.171211124700198e-07
43800.056 5.882274679599382e-07
43850.056 5.370582049300792e-07
43900.056 5.806861928599704e-07
43950.056 4.5556001328995704e-07
44000.056 4.0584914823501546e-07
44050.056 6.158519210400183e-07
44100.056 7.120796734900276e-07
44150.056 7.227519954499733e-07
44200.056 6.428750224800111e-07
44250.056 4.890258508799979e-07
44300.056 4.2052871942006125e-07
44350.056 4.863932689210454e-07
44400.056 4.681012437599779e-07
44450.056 5.900812385400141e-07
44500.056 5.562518734500863e-07
44550.056 6.65260873999975e-07
44600.056 6.083099315610258e-07
44650.056 5.923490076699961e-07
44700.056 4.7609801283996564e-07
44750.056 5.426048373500832e-07
44800.056 5.20141557456038e-07
44850.056 6.400895851500425e-07
44900.056 5.166625137700169e-07
44950.056 5.49724857870037e-07
45000.056 5.838434981100142e-07
45050.056 5.801672583599799e-07
45100.056 5.838747385300205e-07
45150.056 5.80726503183988e-07
45200.056 4.734907504100176e-07
45250.056 5.224477662999273e-07
45300.056 4.976152152400455e-07
45350.056 4.615361723979688e-07
45400.056 6.308395290600423e-07
45450.056 6.125329422800054e-07
45500.056 6.039444519300176e-07
45550.056 6.733660840599403e-07
45600.056 6.564537585400299e-07
45650.056 5.884725024599489e-07
45700.056 4.887722111420076e-07
45750.056 4.677221567950023e-07
45800.056 6.671160947700127e-07
45850.056 6.568270874800013e-07
45900.056 6.771647852000142e-07
45950.056 5.630263686099955e-07
46000.056 6.474721008000621e-07
46050.056 5.771835087699967e-07
46100.056 6.760003935199787e-07
46150.056 5.339796664799907e-07
46200.056 5.118145002700108e-07
46250.056 3.517437401989625e-07
46300.056 5.635901308799888e-07
46350.056 5.714108457800235e-07
46400.056 5.661100738100269e-07
46450.056 5.074617847899942e-07
46500.056 5.310800491900862e-07
46550.056 4.4116747218001405e-07
46600.056 5.084130474559512e-07
46650.056 6.506825424000328e-07
46700.056 5.372440003199482e-07
46750.056 3.8970945815003903e-07
46800.056 3.257232856700191e-07
46850.056 6.416247967100546e-07
46900.056 6.248916947199725e-07
46950.056 6.033123640999717e-07
47000.056 5.741686441900433e-07
47050.056 5.210366923038933e-07
47100.056 4.076207876050222e-07
47150.056 5.141000527900534e-07
47200.056 5.891204805099894e-07
47250.056 4.3189846356997094e-07
47300.056 3.334815626560188e-07
47350.056 6.276170183699944e-07
47400.056 5.942481533199694e-07
47450.056 5.467891572040375e-07
47500.056 6.094971288199769e-07
47550.056 5.465495243900125e-07
47600.056 5.687817726099632e-07
47650.056 5.437744236039394e-07
47700.056 5.069033276880978e-07
47750.056 4.1550847144000085e-07
47800.056 4.1229627944002997e-07
47850.056 3.047446324020096e-07
47900.056 3.7498826752897124e-07
47950.056 5.435980336600039e-07
48000.056 6.240261165000185e-07
48050.056 5.79823376419968e-07
48100.056 3.6552628650800615e-07
48150.056 4.7565319670001333e-07
48200.056 4.3241466427399004e-07
48250.056 4.772894518699931e-07
48300.056 6.15866618999981e-07
48350.056 4.3109848435999403e-07
48400.056 2.575014522089598e-07
48450.056 4.2008700214007186e-07
48500.056 5.072786986099279e-07
48550.056 4.885803813900261e-07
48600.056 5.029710310100102e-07
48650.056 5.603599396399891e-07
48700.056 4.831432136600041e-07
48750.056 3.150643886380933e-07
48800.056 5.376355748100281e-07
48850.056 3.8988419117193737e-07
48900.056 5.443278333999801e-07
48950.056 4.0121006940000714e-07
49000.056 2.70360762748004e-07
49050.056 5.009455005599521e-07
49100.056 5.170804253320514e-07
49150.056 4.257825402599917e-07
49200.056 5.41941476390044e-07
49250.056 5.077739267800323e-07
49300.056 4.6195542456798203e-07
49350.056 3.0628857785004986e-07
49400.056 4.160627535329345e-07
49450.056 4.168228185170965e-07
49500.056 3.6251389717297375e-07
49550.056 2.1205641774900175e-07
49600.056 3.2833759289604724e-07
49650.056 3.8364331234996957e-07
49700.056 3.879630310149218e-07
49750.056 4.800685073599666e-07
49800.056 3.8951524051999755e-07
49850.056 5.157091435000461e-07
49900.056 4.6637189352999757e-07
49950.056 3.9811497056998916e-07
50000.056 3.9591066469999663e-07
50050.056 4.687536369599719e-07
50100.056 3.9766894854998223e-07
50150.056 2.766741917599813e-07
50200.056 1.567806971650277e-07
50250.056 3.6239182065998636e-07
50300.056 2.981538164300216e-07
50350.056 4.5161998599004145e-07
50400.056 4.149514882699862e-07
50450.056 3.1938517557800064e-07
50500.056 4.412162691100335e-07
50550.056 4.350467072800098e-07
50600.056 3.2395663492494014e-07
50650.056 4.449236730600676e-07
50700.056 4.884094432999695e-07
50750.056 3.6926705228803135e-07
50800.056 2.40120289004963e-07
50850.056 2.2941502105204842e-07
50900.056 4.570075778999885e-07
50950.056 3.8096034368002083e-07
51000.056 3.98704720509029e-07
51050.056 4.0499569581997203e-07
51100.056 2.288117377249751e-07
51150.056 2.9704994072702206e-07
51200.056 5.089067895299742e-07
51250.056 3.542789698849835e-07
51300.056 2.744180193480548e-07
51350.056 3.365953218659599e-07
51400.056 2.160508293880113e-07
51450.056 1.8372374656396673e-07
51500.056 1.862775565520452e-07
51550.056 3.5646975430802414e-07
51600.056 2.6374291797101046e-07
51650.056 2.8525242809996726e-07
51700.056 3.318776807359489e-07
51750.056 2.507949253300164e-07
51800.056 3.618447711299341e-07
51850.056 3.123068991089887e-07
51900.056 4.4363675711002377e-07
51950.056 3.4242968292997615e-07
52000.056 1.435706015939755e-07
52050.056 2.5532043690401903e-07
52100.056 2.0637716481199607e-07
52150.056 1.7756939627401386e-07
52200.056 2.1088893259399545e-07
52250.056 2.691816145870234e-07
52300.056 4.067058728999942e-07
52350.056 2.624981773231966e-07
52400.056 2.1302495961901983e-07
52450.056 3.366852687500288e-07
52500.056 3.478298744589379e-07
52550.056 3.2552036398997353e-07
52600.056 2.7922564823401666e-07
52650.056 2.960369031080359e-07
52700.056 2.39038713555004e-07
52750.056 1.7770256304199075e-07
52800.056 2.1428774109602305e-07
52850.056 2.393197619159425e-07
52900.056 2.166758181497622e-07
52950.056 2.418622155740051e-07
53000.056 3.138217568390009e-07
53050.056 1.8902372139095598e-07
53100.056 2.9485391712998694e-07
53150.056 3.6734570820002483e-07
53200.056 1.733171408139822e-07
53250.056 3.1643644389002427e-07
53300.056 3.4306704789213575e-07
53350.056 3.223661577899928e-07
53400.056 3.049445729499983e-07
53450.056 1.820952717969847e-07
53500.056 1.1139174278836996e-07
53550.056 1.7147983130198905e-07
53600.056 2.661667133090373e-07
53650.056 1.949341221199858e-07
