galfind/configs/Brown_Dwarf_templates/sonora_bobcat/m-0.5/1000g/sp_t650g1000nc_m-0.5_resample.dat
# %ECSV 1.0
# ---
# datatype:
# - {name: wav, unit: Angstrom, datatype: float64}
# - {name: flux_nu, unit: erg / (cm2 Hz s), datatype: float64}
# meta: {C/O: '1.00', Kzz: '1.0000E+05', Teff: '650.', Y: '0.28', '[Fe/H]': '-0.50', f_hole: '1.00', f_rain: '0.00', grav: '1000.'}
# schema: astropy-2.0
wav flux_nu
4000.0559999999996 nan
4050.0559999999996 6.146979567410352e-16
4100.056 2.1445729818590488e-13
4150.056 2.225217629490028e-12
4200.056 2.242598282404716e-12
4250.056 1.2486016097200097e-11
4300.056 2.3386298632000124e-11
4350.056 3.237367997400008e-11
4400.056 4.4805586524000206e-11
4450.056 6.276666217100052e-11
4500.056 7.146367989699996e-11
4550.056 7.635274444399985e-11
4600.056 4.509391382499993e-11
4650.056 2.8740976064999814e-11
4700.056 1.389997107739984e-11
4750.056 2.7128383569899507e-12
4800.056 3.551318406499939e-13
4850.056 6.307651360299906e-14
4900.056 1.9733175829999813e-14
4950.056 8.314218719299929e-15
5000.056 3.641697845199972e-15
5050.056 2.2086344215999986e-15
5100.056 2.1813363077000022e-15
5150.056 2.2817814431000016e-15
5200.056 2.4171690115999996e-15
5250.056 2.605616549600001e-15
5300.056 2.8302659388000006e-15
5350.056 3.1101669629000037e-15
5400.056 3.468913432400004e-15
5450.056 3.837482007800002e-15
5500.056 4.2124184411000044e-15
5550.056 4.570340396300004e-15
5600.056 4.8989628010000024e-15
5650.056 5.156711881700002e-15
5700.056 5.290443010200001e-15
5750.056 5.098663684199994e-15
5800.056 4.533904398499988e-15
5850.056 3.1347281229999665e-15
5900.056 1.0509122437404317e-15
5950.056 6.457347901900088e-15
6000.056 1.3797967208100115e-14
6050.056 2.435421903800018e-14
6100.056 3.907761983500024e-14
6150.056 5.902675218800031e-14
6200.056 8.622026939400042e-14
6250.056 1.238502785200006e-13
6300.056 1.7490610851000085e-13
6350.056 2.4519180487000124e-13
6400.056 3.4200696854000163e-13
6450.056 4.675793383000014e-13
6500.056 6.451872821900043e-13
6550.056 8.932405033800006e-13
6600.056 1.2382548404900108e-12
6650.056 1.7255823782000098e-12
6700.056 2.2834324765000144e-12
6750.056 3.2352540903000148e-12
6800.056 4.160034026400016e-12
6850.056 4.720759993600003e-12
6900.056 4.466854404000002e-12
6950.056 3.998992132900002e-12
7000.056 4.1003200335999905e-12
7050.056 4.430906847999999e-12
7100.056 4.8929870672999995e-12
7150.056 4.896138192599964e-12
7200.056 4.842042324400017e-12
7250.056 4.9934828819999e-12
7300.056 4.9410229645001e-12
7350.056 5.116050584499998e-12
7400.056 5.256191353400032e-12
7450.056 5.374421122300035e-12
7500.056 5.3274734684e-12
7550.056 5.079711973799994e-12
7600.056 4.649465805299985e-12
7650.056 1.678058782920934e-12
7700.056 1.2587267767520465e-12
7750.056 4.545376453700065e-12
7800.056 7.045299794500065e-12
7850.056 1.1071541048600043e-11
7900.056 1.4802832698000055e-11
7950.056 1.6771428343800116e-11
8000.056 2.4802212435000143e-11
8050.056 3.1519517419000175e-11
8100.056 3.67179610469998e-11
8150.056 4.303473716100052e-11
8200.056 5.986211853000102e-11
8250.056 7.34975215000004e-11
8300.056 9.3800415619002e-11
8350.056 1.184678333590007e-10
8400.056 1.5093364000800093e-10
8450.056 1.9563373501000123e-10
8500.056 2.291174959429966e-10
8550.056 3.045446684300082e-10
8600.056 3.9769685910000356e-10
8650.056 4.977199388300046e-10
8700.056 6.153030565400059e-10
8750.056 7.609419405600067e-10
8800.056 9.282810341300071e-10
8850.056 1.0954300659000041e-09
8900.056 1.102945327089993e-09
8950.056 1.060654833980002e-09
9000.056 1.426793555029993e-09
9050.056 2.120035872260033e-09
9100.056 2.5070643620700536e-09
9150.056 2.916706870460028e-09
9200.056 3.553078134000025e-09
9250.056 3.758184616299909e-09
9300.056 1.3999195399827685e-09
9350.056 2.072675044073928e-09
9400.056 4.218219455097983e-09
9450.056 3.863819737911593e-09
9500.056 3.935002570877686e-09
9550.056 4.404801690850712e-09
9600.056 4.9809534766779505e-09
9650.056 6.4108629600302925e-09
9700.056 9.253751721429735e-09
9750.056 1.0348948083160587e-08
9800.056 1.2272074138499829e-08
9850.056 1.4678378142199849e-08
9900.056 1.787999580500032e-08
9950.056 2.001537048400018e-08
10000.056 1.577520819093102e-08
10050.056 2.100178332699999e-08
10100.056 2.2153566631000084e-08
10150.056 2.265502203600003e-08
10200.056 2.2772473937000263e-08
10250.056 2.503405796000016e-08
10300.056 2.7711959552999542e-08
10350.056 2.6833599488000356e-08
10400.056 2.9127572654000058e-08
10450.056 3.0586150380999445e-08
10500.056 3.165220542599985e-08
10550.056 3.276506741300003e-08
10600.056 3.310255569600002e-08
10650.056 3.3098926475000003e-08
10700.056 3.2495696205e-08
10750.056 3.227092024799999e-08
10800.056 3.1794897454000056e-08
10850.056 3.094685412400001e-08
10900.056 2.8352593663999724e-08
10950.056 2.199556805299992e-08
11000.056 1.6759629266899063e-08
11050.056 1.1192284336950002e-08
11100.056 6.910132993930236e-09
11150.056 4.292878779374405e-09
11200.056 4.68148789624898e-09
11250.056 6.675687817505269e-09
11300.056 7.578590747296038e-09
11350.056 3.589427869650338e-09
11400.056 9.922162052687841e-09
11450.056 6.768118199340876e-09
11500.056 7.187511800983879e-09
11550.056 4.040247289102471e-09
11600.056 3.629675721219254e-09
11650.056 6.219865852717399e-09
11700.056 7.054785198609524e-09
11750.056 4.572031548696012e-09
11800.056 1.0239806276599784e-08
11850.056 1.3470513581699933e-08
11900.056 1.5727973240199818e-08
11950.056 1.8757246817800513e-08
12000.056 2.194429928490027e-08
12050.056 2.5557263398000284e-08
12100.056 2.8425856339999693e-08
12150.056 3.240425296299965e-08
12200.056 3.518787756300019e-08
12250.056 3.928454737199947e-08
12300.056 4.4794124888000527e-08
12350.056 4.77935252500001e-08
12400.056 5.381367625499994e-08
12450.056 5.97734388470003e-08
12500.056 6.457609506700083e-08
12550.056 7.011615173000015e-08
12600.056 7.580002450200044e-08
12650.056 8.037750773700012e-08
12700.056 8.292020911200006e-08
12750.056 7.927849362700026e-08
12800.056 7.509249300999982e-08
12850.056 6.624079716799946e-08
12900.056 6.169094433700017e-08
12950.056 5.838774736700094e-08
13000.056 5.982872541900173e-08
13050.056 5.299685416099996e-08
13100.056 5.47129602753967e-08
13150.056 4.524193146270253e-08
13200.056 4.492557683679859e-08
13250.056 3.5425145949749123e-08
13300.056 1.9036671197071395e-08
13350.056 6.969801544492446e-09
13400.056 1.6748421270226126e-09
13450.056 7.485844516602532e-10
13500.056 3.597387930893307e-10
13550.056 1.6578200387657482e-10
13600.056 9.178252525850296e-11
13650.056 3.754751372160569e-10
13700.056 2.4168335534976266e-10
13750.056 6.324056871695377e-10
13800.056 7.653457283922071e-10
13850.056 3.244479583992169e-10
13900.056 3.6693010851661263e-10
13950.056 3.749157340661584e-10
14000.056 4.6105770896779956e-10
14050.056 6.265151067893153e-10
14100.056 4.667729755384268e-10
14150.056 7.770063598031653e-10
14200.056 5.467743553825308e-10
14250.056 6.484378729343271e-10
14300.056 1.655983331654894e-09
14350.056 1.445491666003908e-09
14400.056 1.4337055712751195e-09
14450.056 2.3348441543229694e-09
14500.056 4.252468845053048e-09
14550.056 4.206846885629775e-09
14600.056 7.016993820045907e-09
14650.056 4.913975355707299e-09
14700.056 2.862867319043152e-09
14750.056 2.9661562303608786e-09
14800.056 3.559034373650505e-09
14850.056 3.912162925556738e-09
14900.056 4.022260840220499e-09
14950.056 4.5627990659615704e-09
15000.056 7.2529819313607345e-09
15050.056 7.801750394069592e-09
15100.056 6.174149906904653e-09
15150.056 4.900307737297585e-09
15200.056 7.74749342698997e-09
15250.056 1.1258249965330881e-08
15300.056 1.3017125548050042e-08
15350.056 1.510375202990013e-08
15400.056 1.78718593670017e-08
15450.056 2.0095638197501293e-08
15500.056 2.3055343878098275e-08
15550.056 2.7070799456501412e-08
15600.056 3.200480097899921e-08
15650.056 3.750595005100115e-08
15700.056 4.3212573186000134e-08
15750.056 4.582477886900039e-08
15800.056 4.832782305099981e-08
15850.056 5.0440215105000473e-08
15900.056 5.0235379901000055e-08
15950.056 4.9429231146999745e-08
16000.056 4.545810774300002e-08
16050.056 3.815345377299942e-08
16100.056 3.071135329799964e-08
16150.056 2.2797542821398828e-08
16200.056 1.543532316530061e-08
16250.056 1.2688149704269753e-08
16300.056 1.0363728483655453e-08
16350.056 1.1246221630259201e-08
16400.056 1.2272752085904894e-08
16450.056 1.2941609847595321e-08
16500.056 1.3463157939982086e-08
16550.056 1.3231615015169432e-08
16600.056 1.577920610904042e-08
16650.056 9.693942699351987e-09
16700.056 4.540529824551512e-09
16750.056 8.97182077156331e-09
16800.056 1.1456783716582205e-08
16850.056 1.1127546415319888e-08
16900.056 9.170382870098569e-09
16950.056 7.517312688918969e-09
17000.056 5.999248596330744e-09
17050.056 8.164161960140486e-09
17100.056 9.61316563844018e-09
17150.056 8.127890225820171e-09
17200.056 1.199963588319976e-08
17250.056 9.323654629198378e-09
17300.056 8.160014382399879e-09
17350.056 7.971024889299529e-09
17400.056 8.752728283820028e-09
17450.056 9.173216280749469e-09
17500.056 9.793357036701484e-09
17550.056 8.18437687135953e-09
17600.056 7.4728662398606e-09
17650.056 6.573520242300256e-09
17700.056 5.542055146813936e-09
17750.056 4.428174454614254e-09
17800.056 5.473971190716309e-09
17850.056 3.5698161671622565e-09
17900.056 3.5086905930188392e-09
17950.056 2.435719811917384e-09
18000.056 3.0571559858046706e-09
18050.056 1.9547781129257595e-09
18100.056 2.245843467877638e-09
18150.056 2.174220626805857e-09
18200.056 1.487629288416274e-09
18250.056 3.441713374543484e-09
18300.056 1.4145970065146416e-09
18350.056 1.3089778618551508e-09
18400.056 1.0150955318680905e-09
18450.056 2.303167838168846e-09
18500.056 2.074118226805498e-09
18550.056 1.3994465222554028e-09
18600.056 1.4876025047314209e-09
18650.056 1.1278550702934233e-09
18700.056 5.97265014160233e-10
18750.056 1.1282072283116686e-09
18800.056 3.1323425404635153e-09
18850.056 2.944145609574288e-09
18900.056 2.5852875792689426e-09
18950.056 3.812834941268457e-09
19000.056 1.894340771599104e-09
19050.056 1.1424841791176406e-09
19100.056 2.033507136583843e-09
19150.056 1.1719010837179094e-09
19200.056 1.5629257430934617e-09
19250.056 1.1491069134978272e-09
19300.056 9.484142959807873e-10
19350.056 8.968362162801667e-10
19400.056 6.724461118510893e-10
19450.056 1.009954132771749e-09
19500.056 1.0314322130628622e-09
19550.056 1.061118505671295e-09
19600.056 1.5080015139017622e-09
19650.056 1.5311335372388278e-09
19700.056 1.7230669440133322e-09
19750.056 2.1517134537901367e-09
19800.056 1.7745859862035937e-09
19850.056 2.263931962744973e-09
19900.056 2.415330870060365e-09
19950.056 2.930210445077093e-09
20000.056 3.0524338904171544e-09
20050.056 3.014489089535718e-09
20100.056 3.88445301344186e-09
20150.056 3.0062720657606767e-09
20200.056 2.698093098992261e-09
20250.056 3.5940740092443122e-09
20300.056 3.745974387514112e-09
20350.056 3.785351776629605e-09
20400.056 3.860667952009939e-09
20450.056 4.815665228710548e-09
20500.056 5.085612174399634e-09
20550.056 5.25782129430019e-09
20600.056 5.439091275200253e-09
20650.056 5.76843627189989e-09
20700.056 5.939097574200092e-09
20750.056 6.021321145699906e-09
20800.056 5.9752539103996915e-09
20850.056 6.157096091100043e-09
20900.056 6.1777358611999255e-09
20950.056 6.098484353800062e-09
21000.056 6.035068178300003e-09
21050.056 6.0766422933999546e-09
21100.056 6.005366543000022e-09
21150.056 5.989721079199875e-09
21200.056 5.909659782300065e-09
21250.056 5.821436022999796e-09
21300.056 5.64333000769996e-09
21350.056 5.529331120199947e-09
21400.056 5.592021511400327e-09
21450.056 5.242739116700121e-09
21500.056 5.066480900720125e-09
21550.056 4.883816575879969e-09
21600.056 4.642157918650108e-09
21650.056 4.230474845599957e-09
21700.056 4.298955513499775e-09
21750.056 3.871803818307125e-09
21800.056 3.3346187628679176e-09
21850.056 3.117242588525984e-09
21900.056 2.67397096163923e-09
21950.056 1.9214797011520175e-09
22000.056 7.606499084053851e-10
22050.056 9.154570433669799e-10
22100.056 1.799063543789909e-09
22150.056 1.5474988529177774e-09
22200.056 1.6228184410535393e-09
22250.056 1.4983908201175928e-09
22300.056 1.045409509015952e-09
22350.056 1.2360593200365319e-09
22400.056 7.432040834672717e-10
22450.056 8.633993271786799e-10
22500.056 7.820643876592706e-10
22550.056 5.97921861340818e-10
22600.056 5.559766057980298e-10
22650.056 6.957464849960835e-10
22700.056 6.505459171857699e-10
22750.056 7.290001402302791e-10
22800.056 8.210233543208195e-10
22850.056 6.468864294018034e-10
22900.056 5.979779684088316e-10
22950.056 5.458647347728461e-10
23000.056 6.30788708432087e-10
23050.056 7.565608311216562e-10
23100.056 1.7284542338268899e-09
23150.056 1.3162309678919014e-09
23200.056 2.654930313787849e-10
23250.056 6.587481909803422e-10
23300.056 5.675622806888536e-10
23350.056 6.274051755089496e-10
23400.056 5.244851218547438e-10
23450.056 4.667687798069702e-10
23500.056 4.981471215272859e-10
23550.056 7.689662373527968e-10
23600.056 1.049325119157005e-09
23650.056 1.2907705431115834e-09
23700.056 4.2752926480552943e-10
23750.056 5.063945095261075e-10
23800.056 1.1881534321670966e-09
23850.056 9.304616651152105e-10
23900.056 1.5130686489147463e-09
23950.056 1.124057000323937e-09
24000.056 1.7573238862480246e-09
24050.056 1.7504323450359693e-09
24100.056 1.7831484857703285e-09
24150.056 2.243563750488501e-09
24200.056 1.9582997582143506e-09
24250.056 1.8703364613331293e-09
24300.056 2.618958443496992e-09
24350.056 2.2233870515852073e-09
24400.056 3.263599676139906e-09
24450.056 3.2563162483784144e-09
24500.056 3.0642213702561676e-09
24550.056 3.985932162269375e-09
24600.056 4.106037054209753e-09
24650.056 4.89903453555936e-09
24700.056 3.792472020715506e-09
24750.056 4.141907990536819e-09
24800.056 3.9678374669142916e-09
24850.056 5.5653752369705366e-09
24900.056 2.7936379988685725e-09
24950.056 4.963416672347747e-09
25000.056 4.617866140899116e-09
25050.056 2.8511428709987092e-09
25100.056 4.490427547552464e-09
25150.056 2.627194373148735e-09
25200.056 3.603808557223162e-09
25250.056 1.7142287053394523e-09
25300.056 2.600468872517583e-09
25350.056 1.2829369047748866e-09
25400.056 2.9189484660497946e-09
25450.056 1.2421022362765994e-09
25500.056 1.1925277400724491e-09
25550.056 2.1644157960828016e-09
25600.056 1.5580069639720725e-09
25650.056 7.182346630086711e-10
25700.056 1.2527555051549666e-09
25750.056 4.1072018997819596e-10
25800.056 1.7696079841225753e-09
25850.056 5.065680030050019e-10
25900.056 8.174372053888761e-10
25950.056 2.4946485284874957e-10
26000.056 1.791741063338789e-09
26050.056 4.093074301787742e-10
26100.056 1.5698218280184021e-09
26150.056 8.575469004620703e-10
26200.056 9.682714704999092e-10
26250.056 3.757856823879635e-09
26300.056 1.3328457679529323e-09
26350.056 5.128734793594035e-09
26400.056 4.927888035984484e-09
26450.056 4.058035909686478e-09
26500.056 6.501490969395759e-09
26550.056 1.6510076814583646e-09
26600.056 2.023301396487439e-09
26650.056 4.990843959249454e-10
26700.056 3.590815689792567e-10
26750.056 3.170363273039868e-10
26800.056 7.515032838618809e-10
26850.056 4.036963350617052e-10
26900.056 1.5723707901234298e-09
26950.056 6.650235560148964e-10
27000.056 2.6912005511455874e-09
27050.056 2.7038768100156445e-09
27100.056 7.580492913661908e-10
27150.056 3.868234199539989e-09
27200.056 7.49956716879608e-10
27250.056 1.7102420024585835e-09
27300.056 7.347313145639864e-09
27350.056 3.2710692967072245e-09
27400.056 3.4635337011871103e-10
27450.056 3.899356397603376e-09
27500.056 4.781761460904423e-09
27550.056 9.938675828555e-10
27600.056 2.4554913933117007e-09
27650.056 8.153111716270436e-10
27700.056 6.60775408157122e-10
27750.056 3.1696430460396987e-09
27800.056 1.1625202679110035e-09
27850.056 1.5934277737677255e-09
27900.056 1.853299097217023e-09
27950.056 3.863310391427629e-09
28000.056 2.9698256632268324e-09
28050.056 6.09277010181724e-10
28100.056 3.57334539251883e-09
28150.056 2.3659858724961796e-09
28200.056 9.042709791405607e-10
28250.056 4.464440145824366e-09
28300.056 4.547964798213362e-09
28350.056 1.1078083413788571e-09
28400.056 3.3326018088901807e-09
28450.056 5.234534790180294e-09
28500.056 3.3907752648354155e-09
28550.056 9.160983952559526e-10
28600.056 5.501742720991299e-09
28650.056 3.6587204486409548e-09
28700.056 4.292723729380613e-09
28750.056 7.458587018852554e-09
28800.056 4.352250167338111e-09
28850.056 6.522800622324156e-09
28900.056 3.3567171657989932e-09
