galfind/configs/Brown_Dwarf_templates/sonora_bobcat/m-0.5/1000g/sp_t850g1000nc_m-0.5_resample.dat
# %ECSV 1.0
# ---
# datatype:
# - {name: wav, unit: Angstrom, datatype: float64}
# - {name: flux_nu, unit: erg / (cm2 Hz s), datatype: float64}
# meta: {C/O: '1.00', Kzz: '1.0000E+05', Teff: '850.', Y: '0.28', '[Fe/H]': '-0.50', f_hole: '1.00', f_rain: '0.00', grav: '1000.'}
# schema: astropy-2.0
wav flux_nu
[from data line 498]
28900.056 1.8350293329390996e-08
28950.056 3.431783809460421e-08
29000.056 3.0286939863058455e-08
29050.056 3.641093779782489e-08
29100.056 2.3824188346935824e-08
29150.056 4.479410742586298e-08
29200.056 3.1844500850920025e-08
29250.056 4.5120855802535535e-08
29300.056 2.4720623920665332e-08
29350.056 7.153093641770464e-08
29400.056 3.413375076024048e-08
29450.056 3.7074537775425226e-08
29500.056 4.822553421043306e-08
29550.056 3.7707411258633216e-08
29600.056 4.5390863077226725e-08
29650.056 5.3930731336660556e-08
29700.056 3.7637108765863245e-08
29750.056 5.518760608703878e-08
29800.056 5.4093019068300094e-08
29850.056 6.111237440178552e-08
29900.056 5.8025087810888824e-08
29950.056 5.3340863897173804e-08
30000.056 9.851508382267453e-09
30050.056 1.85998381828234e-08
30100.056 2.7947670870806155e-08
30150.056 5.364000563999887e-08
30200.056 4.8169649849802366e-08
30250.056 8.065551536380455e-08
30300.056 7.145937839259874e-08
30350.056 5.662156327898163e-08
30400.056 8.364375945540945e-08
30450.056 5.600980391939262e-08
30500.056 5.6644192768650996e-08
30550.056 5.447332702487731e-08
30600.056 8.394100488500652e-08
30650.056 5.958820162800198e-08
30700.056 5.161988509349003e-08
30750.056 6.318172715289146e-08
30800.056 5.5449688521009625e-08
30850.056 5.277947180839036e-08
30900.056 4.127387337249822e-08
30950.056 3.9346133711907396e-08
31000.056 4.0295099537206393e-08
31050.056 4.689667741299767e-08
31100.056 2.9385014501041094e-08
31150.056 4.1029642697237774e-08
31200.056 5.356798288400796e-08
31250.056 3.415674963614845e-08
31300.056 3.110294370946424e-08
31350.056 3.504614860528519e-08
31400.056 2.6817309264791758e-08
31450.056 3.23333717567938e-08
31500.056 1.9364309546757418e-08
31550.056 2.523077911462396e-08
31600.056 1.970488490464855e-08
31650.056 1.7086574737649302e-08
31700.056 1.995187098420086e-08
31750.056 1.3084191895765722e-08
31800.056 2.090752723649828e-08
31850.056 1.1312474556861384e-08
31900.056 1.746807229700204e-08
31950.056 1.0268591223169062e-08
32000.056 1.4398043009307924e-08
32050.056 1.4242854681262972e-08
32100.056 1.2441089500541882e-08
32150.056 1.627842004870939e-08
32200.056 1.1222436124897851e-08
32250.056 1.9724066372045993e-08
32300.056 1.0014452721192276e-08
32350.056 2.1207656085601927e-08
32400.056 1.0574924330819176e-08
32450.056 1.939255421867609e-08
32500.056 1.490393001589451e-08
32550.056 1.8038109971498275e-08
32600.056 1.9328459567817066e-08
32650.056 2.475149109789234e-08
32700.056 2.2812751750345063e-08
32750.056 3.166869238670457e-08
32800.056 3.218135479692131e-08
32850.056 3.844318657940103e-08
32900.056 3.985229088946692e-08
32950.056 4.110542417432983e-08
33000.056 3.249137941932541e-08
33050.056 3.393063572450381e-08
33100.056 1.5820445922915113e-08
33150.056 1.0976871896032028e-09
33200.056 1.7753179736556865e-09
33250.056 1.620355395469485e-09
33300.056 2.8921801729608665e-09
33350.056 5.966037443750269e-09
33400.056 1.0299234062698664e-08
33450.056 1.3071736985061613e-08
33500.056 2.4694843527205658e-08
33550.056 1.7324192340157693e-08
33600.056 2.859005219099643e-08
33650.056 3.001820348280368e-08
33700.056 1.992125080522501e-08
33750.056 3.694750962680123e-08
33800.056 1.6530335896017912e-08
33850.056 2.677609981978679e-08
33900.056 2.2529484814018847e-08
33950.056 2.34896397322567e-08
34000.056 3.162230416340478e-08
34050.056 1.4243149029350769e-08
34100.056 2.920469137410455e-08
34150.056 1.7583108943670232e-08
34200.056 2.577349491156986e-08
34250.056 2.4359503008493184e-08
34300.056 1.811680017962913e-08
34350.056 2.573233591960358e-08
34400.056 1.5898384038203404e-08
34450.056 2.8318770225793847e-08
34500.056 2.3474419372199644e-08
34550.056 1.451400478474039e-08
34600.056 3.47037714916003e-08
34650.056 1.631955372549941e-08
34700.056 2.8479158760101235e-08
34750.056 2.5363343086991925e-08
34800.056 1.890793598798859e-08
34850.056 3.539117861450116e-08
34900.056 2.3802638908959776e-08
34950.056 3.1223295993995274e-08
35000.056 4.778829482530199e-08
35050.056 2.529333436412686e-08
35100.056 4.493739004990142e-08
35150.056 4.3064709681122875e-08
35200.056 3.8828044348689765e-08
35250.056 5.872513433710359e-08
35300.056 3.173191882310395e-08
35350.056 4.292910693020476e-08
35400.056 4.708444925849449e-08
35450.056 3.133234638701116e-08
35500.056 6.625563761339234e-08
35550.056 5.0685344705002255e-08
35600.056 5.376206054381788e-08
35650.056 6.290544159951255e-08
35700.056 4.848389882019427e-08
35750.056 7.26719677851998e-08
35800.056 7.88520178278031e-08
35850.056 4.95932751283004e-08
35900.056 7.540427140151108e-08
35950.056 7.671084600999258e-08
36000.056 7.452456441900947e-08
36050.056 7.612030697498997e-08
36100.056 6.639033955777491e-08
36150.056 8.834773348099347e-08
36200.056 9.956276395398796e-08
36250.056 7.978456877218621e-08
36300.056 1.125399101048105e-07
36350.056 1.0256015705500351e-07
36400.056 1.1098610395899092e-07
36450.056 1.0956001970039622e-07
36500.056 1.1453701630349643e-07
36550.056 1.4064945782302636e-07
36600.056 1.5662264764998934e-07
36650.056 1.3013209040198558e-07
36700.056 1.3802580954859163e-07
36750.056 1.640152927070137e-07
36800.056 1.6521849240799619e-07
36850.056 1.4729033578757633e-07
36900.056 1.5841687243079822e-07
36950.056 1.8202770410297732e-07
37000.056 1.6294264896199337e-07
37050.056 1.822841280930142e-07
37100.056 1.635140604119949e-07
37150.056 1.742988237330154e-07
37200.056 2.1023401029999012e-07
37250.056 1.6748536954996863e-07
37300.056 1.5420633575126494e-07
37350.056 1.961818289270143e-07
37400.056 2.401469859899955e-07
37450.056 1.7420517660979905e-07
37500.056 1.8440364826019156e-07
37550.056 2.4671645420005666e-07
37600.056 2.7464225574001754e-07
37650.056 1.7948687012802752e-07
37700.056 2.453902353620186e-07
37750.056 1.9760926679002225e-07
37800.056 2.2760488193104038e-07
37850.056 1.731999872100021e-07
37900.056 1.9707156487002318e-07
37950.056 2.297083541129909e-07
38000.056 2.416442652259897e-07
38050.056 2.446753599300301e-07
38100.056 2.753709558900143e-07
38150.056 2.8642089670999436e-07
38200.056 2.726531235470073e-07
38250.056 2.6493479458001794e-07
38300.056 3.3218539290995847e-07
38350.056 3.3386527299002917e-07
38400.056 2.4940974744695556e-07
38450.056 2.4267533610195097e-07
38500.056 2.1284360274403282e-07
38550.056 2.9190521107003175e-07
38600.056 2.786940484299657e-07
38650.056 2.956690090599852e-07
38700.056 3.208276154500037e-07
38750.056 3.019146538000003e-07
38800.056 2.888196967999788e-07
38850.056 3.1279086056001385e-07
38900.056 3.4334163452796686e-07
38950.056 3.0230506776000143e-07
39000.056 3.2286940832997206e-07
39050.056 3.2504150002004016e-07
39100.056 3.1726369958700156e-07
39150.056 3.6180832671999336e-07
39200.056 3.2452870877999096e-07
39250.056 3.6334911916000353e-07
39300.056 3.423690567599832e-07
39350.056 3.8691078515000795e-07
39400.056 3.4738542923002173e-07
39450.056 3.750386031400036e-07
39500.056 3.869651808000026e-07
39550.056 3.3894414166106673e-07
39600.056 3.787736701399807e-07
39650.056 4.2442028943998944e-07
39700.056 3.962587752900245e-07
39750.056 3.338851649400495e-07
39800.056 3.5467563839000086e-07
39850.056 4.389826408200057e-07
39900.056 4.3742004561000667e-07
39950.056 3.918859515599875e-07
40000.056 4.379819749799976e-07
40050.056 4.228197631500053e-07
40100.056 3.387248014800193e-07
40150.056 4.277245230400148e-07
40200.056 4.401817435699667e-07
40250.056 4.382009666599477e-07
40300.056 4.414726526600277e-07
40350.056 3.898148578099659e-07
40400.056 4.466457566080126e-07
40450.056 3.847828849599938e-07
40500.056 4.460598697699941e-07
40550.056 4.6944259059997035e-07
40600.056 4.4297080490001127e-07
40650.056 4.198279014329499e-07
40700.056 5.129273159899866e-07
40750.056 4.3443976818995404e-07
40800.056 3.844394564599303e-07
40850.056 5.037520984900279e-07
40900.056 4.866651703899821e-07
40950.056 4.393492642180071e-07
41000.056 4.398698718699861e-07
41050.056 5.006529468599711e-07
41100.056 4.715689387499731e-07
41150.056 3.743129353999857e-07
41200.056 4.933943409200104e-07
41250.056 4.5861785277997663e-07
41300.056 4.404544960999877e-07
41350.056 5.066472251099996e-07
41400.056 4.634038607400236e-07
41450.056 5.041871680399955e-07
41500.056 4.279347547279562e-07
41550.056 4.111825565200484e-07
41600.056 4.3653412165702734e-07
41650.056 4.827042660500181e-07
41700.056 4.601968431399613e-07
41750.056 4.503255245299827e-07
41800.056 5.03024709380019e-07
41850.056 3.8008881036999276e-07
41900.056 4.298066099699429e-07
41950.056 4.784986793600166e-07
42000.056 4.490266459099412e-07
42050.056 4.0036834787001143e-07
42100.056 5.039930492799721e-07
42150.056 3.9373371112000666e-07
42200.056 3.942734079899772e-07
42250.056 4.2623316325999863e-07
42300.056 4.0533458692998956e-07
42350.056 4.5585872726002513e-07
42400.056 4.6808840197001596e-07
42450.056 3.919676422300401e-07
42500.056 4.094035501899868e-07
42550.056 3.811041467099944e-07
42600.056 4.2547087599005426e-07
42650.056 5.108427493999632e-07
42700.056 4.169258336699391e-07
42750.056 3.5856539724004373e-07
42800.056 4.306336772100136e-07
42850.056 4.667104811199394e-07
42900.056 4.767798146400363e-07
42950.056 3.8586628096996036e-07
43000.056 4.3760873939999415e-07
43050.056 3.0029711840807584e-07
43100.056 4.1086308600998264e-07
43150.056 3.645098419700161e-07
43200.056 3.9425584595000457e-07
43250.056 4.986540236400193e-07
43300.056 4.825267295100033e-07
43350.056 3.1543130739394707e-07
43400.056 4.180493855600167e-07
43450.056 3.539105849200413e-07
43500.056 3.8643330838000104e-07
43550.056 3.8012579626000317e-07
43600.056 4.6945146612002693e-07
43650.056 3.237279858829983e-07
43700.056 4.980943226600399e-07
43750.056 4.5909806150000194e-07
43800.056 4.320334469699617e-07
43850.056 3.969149721900535e-07
43900.056 4.1269146133998074e-07
43950.056 3.2061464701997434e-07
44000.056 2.844753102200069e-07
44050.056 4.6081066450001825e-07
44100.056 5.461627000500132e-07
44150.056 5.486886198399831e-07
44200.056 4.902435854500084e-07
44250.056 3.5400773146999477e-07
44300.056 2.9185836042903886e-07
44350.056 3.4194377504202997e-07
44400.056 3.32156088169984e-07
44450.056 4.454419951100153e-07
44500.056 4.082824888520598e-07
44550.056 5.080867389499842e-07
44600.056 4.6179944963301745e-07
44650.056 4.4143900475998856e-07
44700.056 3.4421408260997195e-07
44750.056 4.0093057538006696e-07
44800.056 3.7006415478802366e-07
44850.056 4.808409933400227e-07
44900.056 3.868507133940043e-07
44950.056 4.172231555640304e-07
45000.056 4.4671509574001104e-07
45050.056 4.410561534699775e-07
45100.056 4.331676012400205e-07
45150.056 4.331034294919895e-07
45200.056 3.411097914000107e-07
45250.056 3.815413079339518e-07
45300.056 3.59376112380035e-07
45350.056 3.2050059608599177e-07
45400.056 4.962224640500309e-07
45450.056 4.77933022510018e-07
45500.056 4.781394193200162e-07
45550.056 5.279524490199529e-07
45600.056 5.148976982800236e-07
45650.056 4.6140185710996944e-07
45700.056 3.4802552895199706e-07
45750.056 3.267202702420063e-07
45800.056 5.316532191200153e-07
45850.056 4.999191763800055e-07
45900.056 5.26014183790001e-07
45950.056 4.4014523076999497e-07
46000.056 5.012513832300516e-07
46050.056 4.38195205349994e-07
46100.056 5.371048508299849e-07
46150.056 3.987465248279991e-07
46200.056 3.7298215392399094e-07
46250.056 2.272886054897776e-07
46300.056 4.1491316966999846e-07
46350.056 4.3824561213002217e-07
46400.056 4.2240011858001833e-07
46450.056 3.7223976295398704e-07
46500.056 3.971572980800613e-07
46550.056 3.122885121600105e-07
46600.056 3.635120151039591e-07
46650.056 4.732098654100288e-07
46700.056 3.859164744699579e-07
46750.056 2.577226012330307e-07
46800.056 2.089785568110067e-07
46850.056 4.674586992800383e-07
46900.056 4.7096875945998223e-07
46950.056 4.4659970296997683e-07
47000.056 4.346862917800309e-07
47050.056 3.703926320679197e-07
47100.056 2.925076240960125e-07
47150.056 3.838866968460406e-07
47200.056 4.409752398299862e-07
47250.056 2.945992366359756e-07
47300.056 2.2037158490352e-07
47350.056 4.7392562747000114e-07
47400.056 4.4166127534997995e-07
47450.056 3.942856505900327e-07
47500.056 4.6418751870998325e-07
47550.056 4.079765274200115e-07
47600.056 4.2067668800997443e-07
47650.056 4.2141449544996334e-07
47700.056 3.668831611050676e-07
47750.056 2.9950195460499926e-07
47800.056 2.855475922900246e-07
47850.056 1.9058764431801166e-07
47900.056 2.4801382351998453e-07
47950.056 4.077038765300068e-07
48000.056 4.6874045302000824e-07
48050.056 4.3129643011996827e-07
48100.056 2.485803415260042e-07
48150.056 3.454323854200079e-07
48200.056 3.015350936659916e-07
48250.056 3.544163451399942e-07
48300.056 4.5731466080999466e-07
48350.056 3.253234198699892e-07
48400.056 1.58572728992975e-07
48450.056 2.734459761950489e-07
48500.056 3.5496695247994387e-07
48550.056 3.6033294197202645e-07
48600.056 3.7424050044000747e-07
48650.056 4.328466980699939e-07
48700.056 3.5398485760001044e-07
48750.056 2.278242886230553e-07
48800.056 3.911701711100227e-07
48850.056 2.739496906369573e-07
48900.056 3.795941793079792e-07
48950.056 2.7262654495999806e-07
49000.056 1.7356550702140991e-07
49050.056 3.549145157739638e-07
49100.056 3.79275405107039e-07
49150.056 3.010304693199937e-07
49200.056 3.9985101745003036e-07
49250.056 3.7993337070001723e-07
49300.056 3.4102110542398706e-07
49350.056 2.1052934422603643e-07
49400.056 2.874671648849508e-07
49450.056 2.820956657870641e-07
49500.056 2.4700658935397687e-07
49550.056 1.220943931909985e-07
49600.056 2.0891390935162942e-07
49650.056 2.735550648699826e-07
49700.056 2.8365898864994656e-07
49750.056 3.3830338965497867e-07
49800.056 2.6274453873639465e-07
49850.056 3.706759959900304e-07
49900.056 3.393043494999988e-07
49950.056 2.9002282187999276e-07
50000.056 2.8145397358999856e-07
50050.056 3.3028509165998786e-07
50100.056 2.7993498187998534e-07
50150.056 1.8256267542998363e-07
50200.056 8.506958475501881e-08
50250.056 2.389072014399926e-07
50300.056 1.824555856750161e-07
50350.056 3.1574870919002854e-07
50400.056 2.9875974606399026e-07
50450.056 2.2197319489100075e-07
50500.056 3.2185984815002116e-07
50550.056 3.1793365888000484e-07
50600.056 2.2895342596495564e-07
50650.056 3.2151969384004766e-07
50700.056 3.535591052899871e-07
50750.056 2.564248552600171e-07
50800.056 1.5125768926297488e-07
50850.056 1.337808554840342e-07
50900.056 3.2012081536999567e-07
50950.056 2.7325237560000905e-07
51000.056 2.6748917776602256e-07
51050.056 2.893380490419728e-07
51100.056 1.5197604515398436e-07
51150.056 1.9232147049342142e-07
51200.056 3.5860084334998606e-07
51250.056 2.5474240606098236e-07
51300.056 1.9060911928703397e-07
51350.056 2.2769944750996914e-07
51400.056 1.3814010847501352e-07
51450.056 1.1355829330557696e-07
51500.056 1.0820256785902894e-07
51550.056 2.35821490922019e-07
51600.056 1.7648991514201026e-07
51650.056 1.9785981963998014e-07
51700.056 2.288372682646658e-07
51750.056 1.7151346732951547e-07
51800.056 2.563602459899598e-07
51850.056 2.1412083684099257e-07
51900.056 3.041510820000131e-07
51950.056 2.29560562049982e-07
52000.056 7.444205955098359e-08
52050.056 1.5776525242801464e-07
52100.056 1.2318671632699422e-07
52150.056 9.876364828481046e-08
52200.056 1.3453170847899708e-07
52250.056 1.8021252594701976e-07
52300.056 2.72494217369997e-07
52350.056 1.5387928665019885e-07
52400.056 1.3380495561500894e-07
52450.056 2.3771258503002206e-07
52500.056 2.3407781298395523e-07
52550.056 2.1947052685998336e-07
52600.056 1.796484463800087e-07
52650.056 1.9798691660002096e-07
52700.056 1.519483019890025e-07
52750.056 1.0553432511579018e-07
52800.056 1.3433301391601585e-07
52850.056 1.5387165439596287e-07
52900.056 1.2689439128741423e-07
52950.056 1.5036121832600594e-07
53000.056 2.0037626119300145e-07
53050.056 1.1418383522697551e-07
53100.056 2.0472582125999442e-07
53150.056 2.412380849700176e-07
53200.056 1.0800641323528858e-07
53250.056 2.087251633200178e-07
53300.056 2.3511894397708451e-07
53350.056 2.1080250908999487e-07
53400.056 1.8658642951999635e-07
53450.056 1.0298304420598598e-07
