galfind/configs/Brown_Dwarf_templates/sonora_bobcat/m-0.5/1000g/sp_t200g1000nc_m-0.5_resample.dat
# %ECSV 1.0
# ---
# datatype:
# - {name: wav, unit: Angstrom, datatype: float64}
# - {name: flux_nu, unit: erg / (cm2 Hz s), datatype: float64}
# meta: {C/O: '1.00', Kzz: '1.0000E+05', Teff: '200.', Y: '0.28', '[Fe/H]': '-0.50', f_hole: '1.00', f_rain: '0.00', grav: '1000.'}
# schema: astropy-2.0
wav flux_nu
[from data line 499]
28950.056 2.5193670219726085e-14
29000.056 1.5603866153566826e-14
29050.056 4.1150949361279765e-14
29100.056 1.8231182304128857e-15
29150.056 4.4114882098314005e-15
29200.056 1.180833134601072e-13
29250.056 3.504132901018632e-14
29300.056 9.044858616653319e-15
29350.056 9.462894334578914e-14
29400.056 8.058655374121687e-14
29450.056 1.050039150330324e-14
29500.056 1.42989679555044e-13
29550.056 5.923751368398453e-14
29600.056 1.626750185583861e-14
29650.056 1.0791926172698686e-13
29700.056 4.4264054612608554e-14
29750.056 1.778542493512069e-13
29800.056 3.3917959930341736e-14
29850.056 2.426607225600017e-13
29900.056 6.792508714350505e-14
29950.056 3.195994155196569e-14
30000.056 1.6347228800135727e-16
30050.056 3.742434826581766e-14
30100.056 1.402275350756561e-13
30150.056 1.575887888451554e-13
30200.056 4.0615652219999107e-13
30250.056 4.0606538730052923e-13
30300.056 4.151272138599278e-13
30350.056 1.1929196670226844e-13
30400.056 7.966413954202091e-13
30450.056 1.0277822092797527e-12
30500.056 1.1109148552599608e-13
30550.056 1.4509231819599679e-13
30600.056 4.058644028969872e-12
30650.056 1.726240044467011e-12
30700.056 1.2236350871229946e-13
30750.056 1.14952888595506e-12
30800.056 2.2037964127448143e-12
30850.056 1.8979958417701986e-12
30900.056 3.0603659150014207e-13
30950.056 7.24605601912121e-13
31000.056 1.1139198295499387e-12
31050.056 1.9768530771936777e-13
31100.056 4.7189251324730516e-14
31150.056 5.410826171803002e-13
31200.056 2.5681234021200963e-12
31250.056 1.4841684752596051e-12
31300.056 1.7968069149029463e-13
31350.056 1.7853233658821414e-12
31400.056 9.449772305199833e-13
31450.056 9.149605880239215e-13
31500.056 3.132960665040575e-13
31550.056 7.501372873789213e-13
31600.056 4.955924607840199e-13
31650.056 2.316288255364026e-13
31700.056 2.255259625730301e-13
31750.056 5.897902362104929e-14
31800.056 1.0612754967798785e-13
31850.056 1.1129681274308965e-14
31900.056 3.1355633702555877e-14
31950.056 7.639083287634308e-15
32000.056 6.8184935976438305e-15
32050.056 2.6647171004372863e-15
32100.056 1.5899264644007243e-15
32150.056 8.224677649308371e-16
32200.056 1.8594619975385266e-16
32250.056 4.165237697360482e-16
32300.056 2.8405683415131864e-17
32350.056 1.0090642566820387e-16
32400.056 2.763881127037904e-18
32450.056 5.215405202838122e-17
32500.056 2.1910846516820394e-18
32550.056 2.7335875970220833e-17
32600.056 6.3673054354525475e-19
32650.056 2.8412790883701214e-17
32700.056 8.909525264832056e-19
32750.056 1.1960697518722005e-16
32800.056 1.6948956789731186e-17
32850.056 1.1971073455165182e-15
32900.056 3.5525137359849685e-16
32950.056 1.4574028300040294e-15
33000.056 2.975018260872048e-16
33050.056 4.6790255986031396e-17
33100.056 4.727450639826658e-18
33150.056 1.7190938628769728e-20
33200.056 5.069591083351684e-18
33250.056 2.031848247254687e-17
33300.056 9.983914905753945e-16
33350.056 1.8913960650431096e-16
33400.056 2.030726867009901e-15
33450.056 1.8753335335662044e-17
33500.056 6.267246015164401e-16
33550.056 6.272941122225698e-17
33600.056 3.8163643598690673e-16
33650.056 6.963754970214104e-16
33700.056 3.5144016216756995e-17
33750.056 9.373473530438784e-16
33800.056 1.0186218709806725e-17
33850.056 4.457586774834264e-16
33900.056 4.777003727018258e-16
33950.056 1.0824258965190462e-15
34000.056 4.616651032178801e-15
34050.056 5.733407123819149e-16
34100.056 8.400369047050893e-15
34150.056 1.9100941389677427e-15
34200.056 2.2185635908877397e-14
34250.056 5.8943828311166464e-15
34300.056 1.1177405324964028e-14
34350.056 9.570245581568792e-14
34400.056 5.780883878306608e-15
34450.056 4.757323947155696e-14
34500.056 8.370197813606843e-15
34550.056 1.2355256319948277e-13
34600.056 7.481353787414613e-13
34650.056 1.25894575772272e-14
34700.056 4.659989493812562e-13
34750.056 6.540005683847346e-14
34800.056 9.048309945807595e-14
34850.056 2.4424317842373725e-13
34900.056 4.165892770917676e-14
34950.056 5.078831744376378e-13
35000.056 3.4768598690080237e-13
35050.056 1.2361745514499698e-12
35100.056 1.1507471079427761e-12
35150.056 3.1570858964000614e-12
35200.056 4.254594117580455e-12
35250.056 5.2178018017851326e-12
35300.056 3.7511704700158245e-13
35350.056 3.3610548556420374e-14
35400.056 1.5536636476697016e-14
35450.056 2.5608452866232003e-14
35500.056 4.887840810848119e-13
35550.056 9.482729581529444e-13
35600.056 1.3550377014511926e-12
35650.056 8.314474668089344e-13
35700.056 1.831899134265726e-12
35750.056 1.8816054932391947e-12
35800.056 2.875626828189235e-13
35850.056 2.3019782305386523e-13
35900.056 9.510321857263072e-13
35950.056 4.359431693960434e-12
36000.056 6.103830637000113e-12
36050.056 2.1751851947178255e-12
36100.056 1.7414288466156468e-12
36150.056 2.334284442758099e-11
36200.056 1.244697440325908e-11
36250.056 3.1642012862822913e-12
36300.056 1.3414191266102087e-11
36350.056 1.4131644295999347e-11
36400.056 1.61013165496992e-11
36450.056 5.004407015549023e-12
36500.056 5.5927860357939285e-12
36550.056 4.531770806700226e-11
36600.056 5.412384898499903e-11
36650.056 9.46376686090502e-12
36700.056 1.8549369120331305e-11
36750.056 7.635554621200535e-11
36800.056 6.526021380999312e-11
36850.056 1.4814152473183316e-11
36900.056 1.3931078461732805e-11
36950.056 8.012333785049687e-11
37000.056 6.199369124360935e-11
37050.056 6.240877503414049e-11
37100.056 6.140548286193313e-12
37150.056 1.999708963553326e-11
37200.056 1.4556736109800833e-10
37250.056 4.7718104990489396e-11
37300.056 1.3782149875701148e-11
37350.056 2.710372529917957e-11
37400.056 6.745494304980072e-11
37450.056 4.6767932606996306e-11
37500.056 3.1313939976797745e-11
37550.056 1.5757196310183088e-10
37600.056 2.988223353759775e-10
37650.056 3.3873962900165234e-11
37700.056 8.672516211800412e-11
37750.056 7.878808388999848e-11
37800.056 9.395005378701807e-11
37850.056 7.593353951599846e-11
37900.056 4.893566625581885e-11
37950.056 6.36547006573968e-11
38000.056 4.565134266478386e-11
38050.056 1.5027110844100706e-10
38100.056 2.6168940462198047e-10
38150.056 2.7774368058898193e-10
38200.056 1.4372943190292675e-10
38250.056 2.667215212984392e-10
38300.056 6.220576154079387e-10
38350.056 2.8049364570003296e-10
38400.056 6.790001602106884e-11
38450.056 1.175298382744697e-11
38500.056 3.632771909332774e-11
38550.056 2.359612001800221e-10
38600.056 3.9151476328997826e-10
38650.056 2.208962869069973e-10
38700.056 1.1599674389198366e-10
38750.056 2.35940304002996e-10
38800.056 2.524259541260043e-10
38850.056 2.926336482500176e-10
38900.056 2.095369995495659e-10
38950.056 1.7221233611703502e-10
39000.056 3.83011807409966e-10
39050.056 8.916720427400719e-11
39100.056 8.321043409893646e-11
39150.056 3.5859817445000913e-10
39200.056 4.245245161000016e-10
39250.056 2.36467251507995e-10
39300.056 2.4215822291403e-10
39350.056 6.898477029600087e-10
39400.056 3.245355715828417e-10
39450.056 5.268905013533512e-10
39500.056 6.658723140399554e-10
39550.056 2.1092999309752907e-10
39600.056 3.513102724890742e-10
39650.056 1.0270249931000214e-09
39700.056 9.020819720599689e-10
39750.056 1.9791027597296062e-10
39800.056 1.0171318120150719e-10
39850.056 7.171039147800785e-10
39900.056 1.1409690613599703e-09
39950.056 5.574244064600094e-10
40000.056 7.678842803200356e-10
40050.056 6.499161860319392e-10
40100.056 1.224135643040464e-10
40150.056 6.890276797400523e-10
40200.056 1.0152053888399842e-09
40250.056 1.173493171399968e-09
40300.056 1.10077246538001e-09
40350.056 3.734284715859358e-10
40400.056 3.720393781729904e-10
40450.056 2.5749374618102464e-10
40500.056 8.860128918500592e-10
40550.056 1.2473877527999878e-09
40600.056 1.4862152424999885e-09
40650.056 8.010112868299214e-10
40700.056 1.0997254884400108e-09
40750.056 9.020585304899416e-10
40800.056 5.858840298400127e-10
40850.056 1.6711059778000684e-09
40900.056 1.844878199899958e-09
40950.056 9.066284508099308e-10
41000.056 8.565254444799782e-10
41050.056 1.6644996665800734e-09
41100.056 1.437027350599865e-09
41150.056 4.660088732999882e-10
41200.056 1.5229745430001675e-09
41250.056 1.7651842265698711e-09
41300.056 1.8876299588001223e-09
41350.056 2.693001867700024e-09
41400.056 2.45405992219996e-09
41450.056 2.3133668752999846e-09
41500.056 1.395155712949898e-09
41550.056 1.2257763973900758e-09
41600.056 1.472477622959971e-09
41650.056 2.4653445866001273e-09
41700.056 3.0752301980999794e-09
41750.056 2.8047831854000253e-09
41800.056 2.870763848399965e-09
41850.056 1.9848218892999336e-09
41900.056 1.5767091914998935e-09
41950.056 1.1893749136399077e-09
42000.056 4.496334368899355e-10
42050.056 7.295194060300462e-10
42100.056 1.3479915516900225e-09
42150.056 1.7823746160000412e-09
42200.056 2.0900865656999926e-09
42250.056 1.8464859739000128e-09
42300.056 1.7703900675999748e-09
42350.056 2.5632418975000804e-09
42400.056 3.2704752172000444e-09
42450.056 3.709128923700023e-09
42500.056 3.813078866099999e-09
42550.056 3.5939250754999557e-09
42600.056 2.9597521100000272e-09
42650.056 3.0285214606998648e-09
42700.056 2.1202909803000215e-09
42750.056 3.3752206944001048e-09
42800.056 4.105777201600022e-09
42850.056 4.173246391899989e-09
42900.056 4.0469170565999846e-09
42950.056 3.777917662400006e-09
43000.056 3.818257494499981e-09
43050.056 3.0155016381998333e-09
43100.056 3.2938468639001126e-09
43150.056 3.749169307500039e-09
43200.056 4.185841035700017e-09
43250.056 4.2567896498999984e-09
43300.056 4.127923550899966e-09
43350.056 3.801771979999991e-09
43400.056 3.768353226499964e-09
43450.056 3.1018004448999686e-09
43500.056 2.5976816253000033e-09
43550.056 3.3396133292000687e-09
43600.056 3.9494545861e-09
43650.056 3.535858236199961e-09
43700.056 3.911673509800106e-09
43750.056 4.243511129199992e-09
43800.056 3.934897425099956e-09
43850.056 3.6233799291999925e-09
43900.056 3.229083354999997e-09
43950.056 3.1649232049000087e-09
44000.056 3.4253733955000245e-09
44050.056 4.036695814500074e-09
44100.056 4.324594724699998e-09
44150.056 4.223662290799995e-09
44200.056 4.129041658599976e-09
44250.056 3.705715478899963e-09
44300.056 3.1353376691999433e-09
44350.056 2.8529945845000166e-09
44400.056 3.138847498100018e-09
44450.056 3.765378669000056e-09
44500.056 3.80140950269998e-09
44550.056 3.932012086400011e-09
44600.056 3.762158350499997e-09
44650.056 3.896934900099989e-09
44700.056 3.7169328695999706e-09
44750.056 3.800596630600015e-09
44800.056 3.411246615699951e-09
44850.056 3.594979715300053e-09
44900.056 3.841776811900014e-09
44950.056 4.050755411500027e-09
45000.056 4.140773198499995e-09
45050.056 3.9336269556999586e-09
45100.056 3.829365881100023e-09
45150.056 3.691267277199977e-09
45200.056 3.1564840322999614e-09
45250.056 3.3125018859000092e-09
45300.056 3.13663012209994e-09
45350.056 2.6755455430000794e-09
45400.056 3.762081067900031e-09
45450.056 3.6994972546000406e-09
45500.056 4.020052859600029e-09
45550.056 3.987627463099965e-09
45600.056 3.942688696100014e-09
45650.056 3.7930423423999455e-09
45700.056 2.9310612804998246e-09
45750.056 2.8684166774001283e-09
45800.056 3.64093833709999e-09
45850.056 3.407716393800044e-09
45900.056 3.986797279700023e-09
45950.056 4.034850500699992e-09
46000.056 3.929840841799982e-09
46050.056 3.6547726679000174e-09
46100.056 3.818780545099976e-09
46150.056 3.481826062399974e-09
46200.056 2.7050071911998206e-09
46250.056 1.6472798048000256e-09
46300.056 2.8754464109001094e-09
46350.056 3.2818056099999884e-09
46400.056 3.3545617881000074e-09
46450.056 2.765401899999959e-09
46500.056 3.2688671353000067e-09
46550.056 2.7080687859999116e-09
46600.056 2.2122537501999954e-09
46650.056 2.88446894710004e-09
46700.056 2.4558900956998775e-09
46750.056 1.3738992556999946e-09
46800.056 8.892800441199741e-10
46850.056 2.140900085200225e-09
46900.056 3.1205955827000543e-09
46950.056 3.3753195259000115e-09
47000.056 3.408362064999988e-09
47050.056 2.7401348358999157e-09
47100.056 2.816439927100023e-09
47150.056 2.9021769399000286e-09
47200.056 2.781287388299926e-09
47250.056 1.470787783159785e-09
47300.056 1.2123177307902053e-09
47350.056 2.653823748700086e-09
47400.056 3.0494834132999996e-09
47450.056 2.6307819270999817e-09
47500.056 3.0142781156000774e-09
47550.056 3.1480324622999787e-09
47600.056 2.421219551199944e-09
47650.056 2.5471694847999522e-09
47700.056 2.4007077105000534e-09
47750.056 2.1771856177999365e-09
47800.056 1.2176810919698487e-09
47850.056 4.639458032100542e-10
47900.056 9.690758163600537e-10
47950.056 2.07427588460012e-09
48000.056 2.389607057299938e-09
48050.056 2.2162714277000282e-09
48100.056 1.7073401586999644e-09
48150.056 2.1658587703000138e-09
48200.056 1.3772055732599088e-09
48250.056 1.8959174608000545e-09
48300.056 1.918730952599951e-09
48350.056 1.184320104269863e-09
48400.056 2.997182553699405e-10
48450.056 4.3563116007008347e-10
48500.056 9.04657852279948e-10
48550.056 1.1260086355201876e-09
48600.056 2.1979751248000568e-09
48650.056 2.4931313258000103e-09
48700.056 2.4913348874999963e-09
48750.056 2.4369674566999906e-09
48800.056 2.2181995060999486e-09
48850.056 1.3605086837499245e-09
48900.056 8.460686168399081e-10
48950.056 4.4388052383997533e-10
49000.056 3.659638501300699e-10
49050.056 1.086136841040017e-09
49100.056 1.5647513940401108e-09
49150.056 1.7927653486000055e-09
49200.056 2.1559883711000374e-09
49250.056 2.1523236430999763e-09
49300.056 1.6693562860898984e-09
49350.056 9.883904850300574e-10
49400.056 1.0227330472998968e-09
49450.056 7.59252242890059e-10
49500.056 5.137925678299294e-10
49550.056 1.6434170272198995e-10
49600.056 2.383364021080331e-10
49650.056 8.064149372600801e-10
49700.056 1.2411197973000282e-09
49750.056 9.59671413099964e-10
49800.056 6.995266410500195e-10
49850.056 1.3759286290000684e-09
49900.056 1.5987916609000002e-09
49950.056 1.4284748826999621e-09
50000.056 7.535476823398916e-10
50050.056 6.503109583700691e-10
50100.056 6.175309897299618e-10
50150.056 2.46588431809966e-10
50200.056 9.60728245730068e-11
50250.056 2.2684405740000412e-10
50300.056 2.2728167570002667e-10
50350.056 7.097815059700581e-10
50400.056 1.1078960369700426e-09
50450.056 1.3169064662000054e-09
50500.056 1.437289300100022e-09
50550.056 1.4676309136999732e-09
50600.056 1.1237897321699856e-09
50650.056 1.2906116031999944e-09
50700.056 1.04748325583995e-09
50750.056 6.203545515299548e-10
50800.056 2.0211761236396248e-10
50850.056 1.4413160196802231e-10
50900.056 4.764073511700497e-10
50950.056 6.46985836429969e-10
51000.056 5.191655696100644e-10
51050.056 9.018372031599821e-10
51100.056 6.252650304099524e-10
51150.056 3.3244785508003663e-10
51200.056 8.075043808600384e-10
51250.056 8.234315040199799e-10
51300.056 5.917745504899659e-10
51350.056 2.8985843106995875e-10
51400.056 1.4984775792000757e-10
51450.056 1.2058760832698445e-10
51500.056 1.314942657680197e-10
51550.056 3.358324121200298e-10
51600.056 5.534463338600236e-10
51650.056 7.126727617400138e-10
51700.056 5.76108271259941e-10
51750.056 5.518610851300505e-10
51800.056 7.291087931899956e-10
51850.056 6.213815024699751e-10
51900.056 4.4834648916997475e-10
51950.056 2.434590686299687e-10
52000.056 1.0134784900299559e-10
52050.056 1.7119602230000283e-10
52100.056 1.1591677899898696e-10
52150.056 8.695934464201256e-11
52200.056 2.0800840045001755e-10
52250.056 3.1573160795000877e-10
52300.056 3.005138375199853e-10
52350.056 1.3932293587899723e-10
52400.056 1.672730490400061e-10
52450.056 3.4547775052002517e-10
52500.056 3.115521649299954e-10
52550.056 5.068969238300054e-10
52600.056 5.691735967800203e-10
52650.056 5.790841772299845e-10
52700.056 3.748873562599672e-10
52750.056 1.5191225461498417e-10
52800.056 2.3709603892002113e-10
52850.056 2.545539222999895e-10
52900.056 1.153050580509815e-10
52950.056 1.5961515090201858e-10
53000.056 2.9754389704000686e-10
53050.056 2.232363318699986e-10
53100.056 4.093241356400297e-10
53150.056 4.355457461599889e-10
53200.056 3.4581872647999156e-10
53250.056 4.0069633621000076e-10
53300.056 3.693744810699968e-10
53350.056 3.158939290499876e-10
53400.056 2.2756690676998777e-10
53450.056 1.271736277529862e-10
53500.056 6.544375311599808e-11
53550.056 9.28140039070036e-11
