galfind/configs/Brown_Dwarf_templates/sonora_bobcat/m-0.5/1000g/sp_t2100g1000nc_m-0.5_resample.dat
# %ECSV 1.0
# ---
# datatype:
# - {name: wav, unit: Angstrom, datatype: float64}
# - {name: flux_nu, unit: erg / (cm2 Hz s), datatype: float64}
# meta: {C/O: '1.00', Kzz: '1.0000E+05', Teff: '2100.', Y: '0.28', '[Fe/H]': '-0.50', f_hole: '1.00', f_rain: '0.00', grav: '1000.'}
# schema: astropy-2.0
wav flux_nu
4000.0559999999996 nan
4050.0559999999996 1.5144988757697455e-08
4100.056 2.780922178330696e-08
4150.056 2.5149212066122496e-08
4200.056 2.0454860909095298e-08
4250.056 1.7492684395173618e-08
4300.056 1.1869402663484394e-08
4350.056 1.0220865956111492e-08
4400.056 9.797973747563146e-09
4450.056 4.912110564400822e-09
4500.056 4.378004084540921e-09
4550.056 5.921410564277911e-09
4600.056 4.296070947268819e-09
4650.056 2.9654460313394732e-09
4700.056 4.107586369880462e-09
4750.056 5.1690087436786735e-09
4800.056 1.884555960470403e-09
4850.056 2.7842276037304903e-09
4900.056 6.870888708038929e-09
4950.056 8.548620176109283e-09
5000.056 2.0788519685496033e-09
5050.056 2.7886005545002896e-09
5100.056 3.466594876940554e-09
5150.056 2.4704632178015877e-09
5200.056 2.0278569376249962e-09
5250.056 3.567008329100183e-09
5300.056 4.415447449499971e-09
5350.056 4.405705413000155e-09
5400.056 4.33781447400009e-09
5450.056 3.130192691479879e-09
5500.056 2.2414800201999913e-09
5550.056 2.358917219120002e-09
5600.056 1.9055871487300728e-09
5650.056 1.489725501599991e-09
5700.056 1.1085262535799967e-09
5750.056 6.456552731299827e-10
5800.056 3.282335743599957e-10
5850.056 1.1395051210699729e-10
5900.056 1.5191060667819417e-11
5950.056 2.5352601204200547e-10
6000.056 9.120660868700122e-10
6050.056 2.345183904400033e-09
6100.056 4.476615676300089e-09
6150.056 6.736057758099857e-09
6200.056 7.287621145799993e-09
6250.056 9.828193791400276e-09
6300.056 1.5288066833200223e-08
6350.056 2.046354179300113e-08
6400.056 2.5931946287000186e-08
6450.056 3.212204795999623e-08
6500.056 3.795176595899569e-08
6550.056 4.789670868199681e-08
6600.056 4.865857034999974e-08
6650.056 4.149951996100338e-08
6700.056 2.342897845607421e-08
6750.056 3.572732034000191e-08
6800.056 4.3270770733004337e-08
6850.056 5.729806544800288e-08
6900.056 7.92348745340001e-08
6950.056 1.0179067585200327e-07
7000.056 1.4223875224199764e-07
7050.056 1.1821518894700578e-07
7100.056 5.232758045900032e-08
7150.056 4.632253474600123e-08
7200.056 6.535112173799849e-08
7250.056 9.663300082301201e-08
7300.056 1.488425675960159e-07
7350.056 2.1244811421299749e-07
7400.056 2.452240654200064e-07
7450.056 2.3539519282999317e-07
7500.056 2.106865837599991e-07
7550.056 1.755862694900003e-07
7600.056 9.344981857599745e-08
7650.056 1.2486433075273675e-08
7700.056 4.318823762704652e-09
7750.056 4.962013384400149e-08
7800.056 1.0016157341538843e-07
7850.056 1.6389808344800484e-07
7900.056 2.1678117844001122e-07
7950.056 2.4130281489320256e-07
8000.056 3.6479517118998313e-07
8050.056 5.246924269899964e-07
8100.056 6.949928080100273e-07
8150.056 8.586096654800072e-07
8200.056 5.445034680499632e-07
8250.056 8.509348318199881e-07
8300.056 7.825598124400946e-07
8350.056 8.662751104000782e-07
8400.056 8.960377004500351e-07
8450.056 5.503779888499862e-07
8500.056 4.7618313870339016e-07
8550.056 6.638557602400591e-07
8600.056 8.645235969298495e-07
8650.056 1.0680362717799417e-06
8700.056 9.316181134098815e-07
8750.056 9.990573574100835e-07
8800.056 1.3395617098301103e-06
8850.056 1.2595865888299083e-06
8900.056 9.030664128200587e-07
8950.056 1.0246009618842176e-06
9000.056 1.3536929718301087e-06
9050.056 1.2522591018299841e-06
9100.056 1.6205270040299563e-06
9150.056 1.91459064135004e-06
9200.056 1.9658746220201655e-06
9250.056 1.5767651971101282e-06
9300.056 1.3949294329599657e-06
9350.056 1.5421237583100376e-06
9400.056 1.6964252238800955e-06
9450.056 2.00273902778986e-06
9500.056 2.3735128001699915e-06
9550.056 2.528031741700068e-06
9600.056 2.753519744200119e-06
9650.056 3.0388740067001568e-06
9700.056 3.3401249523998956e-06
9750.056 2.850876316439887e-06
9800.056 2.99176452259992e-06
9850.056 2.8828382403999596e-06
9900.056 1.8773070194998381e-06
9950.056 1.1439049301100443e-06
10000.056 1.1087188703599707e-06
10050.056 1.260391037589957e-06
10100.056 1.6213352152601856e-06
10150.056 1.5687294299999517e-06
10200.056 1.72719213888999e-06
10250.056 1.7523808197398517e-06
10300.056 1.5512858943999126e-06
10350.056 1.8970002668701134e-06
10400.056 2.2330656238398774e-06
10450.056 2.3276602753402016e-06
10500.056 2.4039995579998133e-06
10550.056 2.6797189279501576e-06
10600.056 2.950151333300084e-06
10650.056 2.8994940383502063e-06
10700.056 2.9366441928800886e-06
10750.056 3.2390103612501814e-06
10800.056 3.523985168419849e-06
10850.056 3.894064690299787e-06
10900.056 4.0375909049498764e-06
10950.056 4.153445122399831e-06
11000.056 3.990514288259971e-06
11050.056 3.312010320540098e-06
11100.056 3.5700445241502355e-06
11150.056 3.8857137004199175e-06
11200.056 3.902769100220387e-06
11250.056 4.568401154710088e-06
11300.056 4.438191819379944e-06
11350.056 4.111870161179744e-06
11400.056 2.7523121431400243e-06
11450.056 4.49550952519984e-06
11500.056 5.368839602399785e-06
11550.056 5.188060643529953e-06
11600.056 5.482797974939503e-06
11650.056 5.211589288410214e-06
11700.056 3.548591341950012e-06
11750.056 3.867719989249615e-06
11800.056 3.978468696680299e-06
11850.056 5.6373728360002665e-06
11900.056 6.208666959199545e-06
11950.056 5.374228216100045e-06
12000.056 4.518411713900079e-06
12050.056 5.460551585899963e-06
12100.056 5.284734989299741e-06
12150.056 6.106683803899745e-06
12200.056 5.87796497029953e-06
12250.056 6.38744030159992e-06
12300.056 6.4874694332002756e-06
12350.056 6.257652281100005e-06
12400.056 5.213956938299921e-06
12450.056 4.427700325300019e-06
12500.056 4.734332342499598e-06
12550.056 4.83868356430025e-06
12600.056 6.066937117900031e-06
12650.056 6.1994432424997726e-06
12700.056 6.797707561900264e-06
12750.056 6.680657221199778e-06
12800.056 7.022587254100047e-06
12850.056 6.779426558399984e-06
12900.056 6.391523165399741e-06
12950.056 6.535061112099993e-06
13000.056 6.891501208999714e-06
13050.056 7.211668834499894e-06
13100.056 7.2898834030999985e-06
13150.056 7.415629536699911e-06
13200.056 7.178981033500131e-06
13250.056 6.747142311720044e-06
13300.056 6.126413097419513e-06
13350.056 3.925679099800251e-06
13400.056 3.5850003676522735e-06
13450.056 3.2488378717659274e-06
13500.056 3.0335674642757103e-06
13550.056 2.9036378720407226e-06
13600.056 2.8944414519592113e-06
13650.056 3.464312558876863e-06
13700.056 3.244947098720454e-06
13750.056 3.467521627049556e-06
13800.056 3.890818792257184e-06
13850.056 3.6539794607508067e-06
13900.056 3.456591682076132e-06
13950.056 3.271305589601087e-06
14000.056 3.0798393520100443e-06
14050.056 3.2864957279943405e-06
14100.056 2.8335489043101547e-06
14150.056 3.041059195448135e-06
14200.056 2.770156785271216e-06
14250.056 2.6914399512455315e-06
14300.056 2.8522556340357295e-06
14350.056 2.9260440708700985e-06
14400.056 3.0053358957610076e-06
14450.056 3.1289908103701694e-06
14500.056 3.4567371477998744e-06
14550.056 3.468434515039839e-06
14600.056 3.836373833000574e-06
14650.056 3.7377683605990255e-06
14700.056 3.4686633037698957e-06
14750.056 3.7118077758205023e-06
14800.056 3.82728326348046e-06
14850.056 4.106107512219551e-06
14900.056 4.033085189409789e-06
14950.056 4.08622803187045e-06
15000.056 4.237556478100118e-06
15050.056 4.655090532019576e-06
15100.056 4.5854393974001306e-06
15150.056 4.657917705800189e-06
15200.056 4.934158968799775e-06
15250.056 5.03411682660001e-06
15300.056 5.212988602099983e-06
15350.056 5.441137580399957e-06
15400.056 5.561409530500001e-06
15450.056 5.745963503000168e-06
15500.056 5.838423371699987e-06
15550.056 6.0578563211996875e-06
15600.056 6.083421704300285e-06
15650.056 6.246055162000101e-06
15700.056 6.522283425500529e-06
15750.056 6.688805208499738e-06
15800.056 6.6894965491002406e-06
15850.056 5.593495130500241e-06
15900.056 5.7859681847000185e-06
15950.056 5.737140129999844e-06
16000.056 5.871319384100039e-06
16050.056 5.950382405300243e-06
16100.056 6.109352259100068e-06
16150.056 5.687027701800028e-06
16200.056 6.0036960136999995e-06
16250.056 5.672435894500028e-06
16300.056 5.752522900100043e-06
16350.056 6.075232686099905e-06
16400.056 5.908855884200111e-06
16450.056 6.111299547000299e-06
16500.056 6.2127689428000195e-06
16550.056 6.46259079739988e-06
16600.056 6.069582295300114e-06
16650.056 6.466525052600021e-06
16700.056 6.168794477899759e-06
16750.056 6.120003232399857e-06
16800.056 6.303007160899847e-06
16850.056 6.399970801799767e-06
16900.056 6.197970877000168e-06
16950.056 6.17898674469984e-06
17000.056 6.278632460300288e-06
17050.056 6.236925659200143e-06
17100.056 6.067814512400314e-06
17150.056 6.025270686000246e-06
17200.056 5.6761335716998776e-06
17250.056 5.354570945499984e-06
17300.056 5.339578306969689e-06
17350.056 5.290639256370325e-06
17400.056 5.064725487719828e-06
17450.056 4.883942629308809e-06
17500.056 4.718233112320139e-06
17550.056 4.524105695910609e-06
17600.056 4.411803582430058e-06
17650.056 4.40788276764028e-06
17700.056 3.832095632099602e-06
17750.056 3.7721885818798013e-06
17800.056 3.6942535520207587e-06
17850.056 3.3395952690299323e-06
17900.056 3.5143051398402093e-06
17950.056 3.3783462097619097e-06
18000.056 3.1504320315800983e-06
18050.056 3.1529980873502236e-06
18100.056 3.0873470886096543e-06
18150.056 3.3579229748586375e-06
18200.056 2.8144640455601825e-06
18250.056 3.409154389087684e-06
18300.056 3.184527623732971e-06
18350.056 3.1281276333941803e-06
18400.056 3.034553625550229e-06
18450.056 2.7648980915407886e-06
18500.056 2.8687618405001713e-06
18550.056 2.63549006164996e-06
18600.056 2.2932032128995335e-06
18650.056 2.5959980713784307e-06
18700.056 2.8205722384303326e-06
18750.056 2.7279718614525556e-06
18800.056 2.933046389370558e-06
18850.056 3.286514435499887e-06
18900.056 3.135405564569152e-06
18950.056 3.3826552159298606e-06
19000.056 3.444581624989557e-06
19050.056 3.297506071669909e-06
19100.056 3.54606707643028e-06
19150.056 3.519983587990017e-06
19200.056 3.5242794306744347e-06
19250.056 3.343190183059848e-06
19300.056 3.498021123173493e-06
19350.056 3.4106632227657153e-06
19400.056 2.871877392959716e-06
19450.056 3.385030103917971e-06
19500.056 3.3919047684799573e-06
19550.056 2.8878474353003968e-06
19600.056 3.1792419244397897e-06
19650.056 3.2510156178390015e-06
19700.056 3.208018932340149e-06
19750.056 2.962482076720172e-06
19800.056 3.178877789219693e-06
19850.056 3.3137233402099406e-06
19900.056 2.9068378361303854e-06
19950.056 3.3562486625498085e-06
20000.056 3.0415150427403726e-06
20050.056 3.362297848230311e-06
20100.056 3.2329039819589234e-06
20150.056 3.3804641849304337e-06
20200.056 3.4722010140197956e-06
20250.056 3.5522898606797625e-06
20300.056 3.560052297380285e-06
20350.056 3.729658071459714e-06
20400.056 3.7501983313191253e-06
20450.056 3.815649547249415e-06
20500.056 3.933267495489728e-06
20550.056 3.9636449196599975e-06
20600.056 4.1677742178600596e-06
20650.056 4.0832101325200495e-06
20700.056 4.255770939500204e-06
20750.056 4.260415762659866e-06
20800.056 4.41346278729987e-06
20850.056 4.338955423899959e-06
20900.056 4.536556605999901e-06
20950.056 4.5463469373999015e-06
21000.056 4.616798157099989e-06
21050.056 4.679314137800005e-06
21100.056 4.667653933299974e-06
21150.056 4.786570967599956e-06
21200.056 4.786853115700092e-06
21250.056 4.885123331199862e-06
21300.056 4.778771700200095e-06
21350.056 4.9339445423000185e-06
21400.056 4.834754617200094e-06
21450.056 5.024734426999987e-06
21500.056 4.889335841100071e-06
21550.056 4.940338277299918e-06
21600.056 4.9727953358001045e-06
21650.056 4.936005311900009e-06
21700.056 5.001834994999988e-06
21750.056 4.9190642161000226e-06
21800.056 4.9155036422998624e-06
21850.056 4.892512854299882e-06
21900.056 4.933748115300141e-06
21950.056 4.848248611700015e-06
22000.056 4.8599184720999236e-06
22050.056 4.765135404499861e-06
22100.056 4.8014540044999884e-06
22150.056 4.8086044896000785e-06
22200.056 4.700038859200233e-06
22250.056 4.810569780100159e-06
22300.056 4.764566309100005e-06
22350.056 4.668647911300059e-06
22400.056 4.715705277599969e-06
22450.056 4.64241513219989e-06
22500.056 4.657793239800011e-06
22550.056 4.625748678599834e-06
22600.056 4.636825345199994e-06
22650.056 4.535303052400246e-06
22700.056 4.499827044300266e-06
22750.056 4.593181501699918e-06
22800.056 4.45984092869999e-06
22850.056 4.497480823800078e-06
22900.056 4.494701396299929e-06
22950.056 3.6468717118002976e-06
23000.056 3.7885436972200937e-06
23050.056 3.914011369799617e-06
23100.056 3.800821281859902e-06
23150.056 3.949869560150086e-06
23200.056 3.858396895220159e-06
23250.056 3.4985295793396245e-06
23300.056 3.5916917041100214e-06
23350.056 3.699191560590005e-06
23400.056 3.6705292375900494e-06
23450.056 3.689549956760282e-06
23500.056 3.7829320964997873e-06
23550.056 3.5449606305103937e-06
23600.056 3.4980578997203895e-06
23650.056 3.6527998199696074e-06
23700.056 3.5669352904696205e-06
23750.056 3.6283272661603332e-06
23800.056 3.59437801868001e-06
23850.056 3.2869051814001996e-06
23900.056 3.456429268780217e-06
23950.056 3.582950484590335e-06
24000.056 3.4510817204794203e-06
24050.056 3.407893471350334e-06
24100.056 3.2182949998297703e-06
24150.056 3.1652179690902955e-06
24200.056 3.1412394353395028e-06
24250.056 3.0803277499101447e-06
24300.056 3.0560816502401914e-06
24350.056 2.795655954230096e-06
24400.056 3.066251255560001e-06
24450.056 2.778907268559945e-06
24500.056 2.669494520670129e-06
24550.056 2.577423212790303e-06
24600.056 2.631561627580157e-06
24650.056 2.8364585317701544e-06
24700.056 2.380495855599979e-06
24750.056 2.2567808770602098e-06
24800.056 2.2873729952900333e-06
24850.056 2.6187347408102317e-06
24900.056 1.96125883452057e-06
24950.056 2.481783765729978e-06
25000.056 2.270720869140311e-06
25050.056 1.8011376476803725e-06
25100.056 2.1994651328398683e-06
25150.056 1.9298047687898384e-06
25200.056 2.0459863436401253e-06
25250.056 1.87934485851968e-06
25300.056 2.08061622108014e-06
25350.056 1.7412544899799739e-06
25400.056 1.9882288648204577e-06
25450.056 1.7515104058399666e-06
25500.056 1.8828063666953556e-06
25550.056 1.8030388406400325e-06
25600.056 1.8598151394798534e-06
25650.056 1.6489227722218763e-06
25700.056 2.1755498739194896e-06
25750.056 1.5533679507792146e-06
25800.056 2.070291130210243e-06
25850.056 1.8299971486758466e-06
25900.056 2.0399482939303673e-06
25950.056 1.7406921051901769e-06
26000.056 2.095202132730495e-06
26050.056 2.099108597499995e-06
26100.056 2.2209426529701724e-06
26150.056 2.1634154334297293e-06
26200.056 2.0696545486500543e-06
26250.056 2.2245606854999945e-06
26300.056 2.1528818683399965e-06
26350.056 2.326242916009979e-06
26400.056 2.331474570519847e-06
26450.056 2.2777329316400113e-06
26500.056 2.426016095859545e-06
26550.056 2.299334564669804e-06
26600.056 2.7169157466997622e-06
26650.056 2.1028251711397646e-06
26700.056 2.1634198341640792e-06
26750.056 1.7867544611393213e-06
26800.056 2.0594725143797414e-06
26850.056 1.5904556191401822e-06
26900.056 2.141116803569864e-06
26950.056 1.469612991339861e-06
27000.056 2.020983060310152e-06
27050.056 1.7061027294398482e-06
27100.056 1.7294416645496493e-06
27150.056 1.8357537171700548e-06
27200.056 1.826018017600147e-06
27250.056 1.6735212236604102e-06
27300.056 2.066302199180221e-06
27350.056 1.9024682460295714e-06
27400.056 1.562767774839873e-06
27450.056 2.193784191349606e-06
27500.056 1.992670452140058e-06
27550.056 1.7853140967598076e-06
27600.056 2.20613929444989e-06
27650.056 1.7101796261599655e-06
27700.056 1.6189391760300153e-06
27750.056 2.228518937989539e-06
27800.056 1.646356504719949e-06
27850.056 1.7521541820297177e-06
27900.056 1.8326175069199176e-06
27950.056 2.1844911720299064e-06
28000.056 1.9555049894703175e-06
28050.056 1.4844830325703634e-06
28100.056 2.2603166897104634e-06
28150.056 1.7717847324900278e-06
28200.056 1.50201179204999e-06
28250.056 2.0034617930899195e-06
28300.056 2.283362012110359e-06
28350.056 1.6265467399296488e-06
28400.056 1.9077998365301046e-06
28450.056 2.0181518822398087e-06
28500.056 1.9573501968697117e-06
28550.056 1.353291063579698e-06
28600.056 2.290077229390099e-06
28650.056 2.012364259720001e-06
28700.056 1.774860287799855e-06
28750.056 2.0643714587199675e-06
28800.056 2.0001599708103198e-06
