galfind/configs/Brown_Dwarf_templates/sonora_bobcat/m-0.5/1000g/sp_t2300g1000nc_m-0.5_resample.dat
# %ECSV 1.0
# ---
# datatype:
# - {name: wav, unit: Angstrom, datatype: float64}
# - {name: flux_nu, unit: erg / (cm2 Hz s), datatype: float64}
# meta: {C/O: '1.00', Kzz: '1.0000E+05', Teff: '2300.', Y: '0.28', '[Fe/H]': '-0.50', f_hole: '1.00', f_rain: '0.00', grav: '1000.'}
# schema: astropy-2.0
wav flux_nu
4000.0559999999996 nan
4050.0559999999996 3.7090800659435995e-08
4100.056 5.560474461235403e-08
4150.056 5.223902195998587e-08
4200.056 4.52011761780715e-08
4250.056 4.032448385108561e-08
4300.056 3.0275380104700816e-08
4350.056 2.6955781568573648e-08
4400.056 2.5833361163407644e-08
4450.056 1.4246378304492614e-08
4500.056 1.2395295120533377e-08
4550.056 1.629344738295457e-08
4600.056 1.1599569440436603e-08
4650.056 7.466553606098578e-09
4700.056 1.0506425033282497e-08
4750.056 1.2864407389195092e-08
4800.056 3.964139546251531e-09
4850.056 6.1159094523918945e-09
4900.056 1.8690230788616573e-08
4950.056 2.4036900084907304e-08
5000.056 4.2356297727789974e-09
5050.056 7.47249922187159e-09
5100.056 1.1276475278152102e-08
5150.056 8.864909493292304e-09
5200.056 5.5926283622699545e-09
5250.056 1.1473660345200348e-08
5300.056 1.5572727580000032e-08
5350.056 1.5524616966500898e-08
5400.056 1.6333027359800472e-08
5450.056 1.1311149195598905e-08
5500.056 7.682064195999742e-09
5550.056 9.890545180500454e-09
5600.056 7.730214238100714e-09
5650.056 6.333537462300097e-09
5700.056 6.374541555300157e-09
5750.056 4.7899454214997734e-09
5800.056 3.109886569099944e-09
5850.056 1.1648005985899796e-09
5900.056 1.3380321793449376e-10
5950.056 2.1818106280000043e-09
6000.056 6.045382081799919e-09
6050.056 1.2367130939400472e-08
6100.056 2.0124175637e-08
6150.056 2.3175179194898084e-08
6200.056 1.4640281691900115e-08
6250.056 1.7569146276801136e-08
6300.056 2.896978905100092e-08
6350.056 4.0140055529004205e-08
6400.056 5.1711247046001626e-08
6450.056 6.411966716698515e-08
6500.056 7.277890687298491e-08
6550.056 9.440149445598757e-08
6600.056 8.419797183700116e-08
6650.056 6.10057953480071e-08
6700.056 3.4296757104447154e-08
6750.056 4.565058089100508e-08
6800.056 5.56382889770067e-08
6850.056 8.013119705300484e-08
6900.056 1.2999191858799604e-07
6950.056 1.9051706495700284e-07
7000.056 3.05079033654989e-07
7050.056 2.4841322039101785e-07
7100.056 7.180521101999905e-08
7150.056 5.582785009300315e-08
7200.056 8.660762805899627e-08
7250.056 1.5479407014203146e-07
7300.056 2.9852007576205125e-07
7350.056 5.070859631299808e-07
7400.056 6.802126054800214e-07
7450.056 7.311308132199808e-07
7500.056 7.202149767700084e-07
7550.056 6.484015136700059e-07
7600.056 3.214088535549921e-07
7650.056 4.94280093478894e-08
7700.056 2.06923744407389e-08
7750.056 1.4510454533900828e-07
7800.056 2.4835031705028354e-07
7850.056 3.5858041597001016e-07
7900.056 4.939133850300401e-07
7950.056 5.776702319804489e-07
8000.056 8.529437513699354e-07
8050.056 1.1901942033600086e-06
8100.056 1.5150734725200986e-06
8150.056 1.763305275790009e-06
8200.056 9.961010726879089e-07
8250.056 1.6551839218199436e-06
8300.056 1.4786216017502328e-06
8350.056 1.6056905067602034e-06
8400.056 1.6273225650001098e-06
8450.056 9.099331929799546e-07
8500.056 7.738038885778711e-07
8550.056 1.1183377151401093e-06
8600.056 1.488501088009663e-06
8650.056 1.8764961060698942e-06
8700.056 1.707683455549817e-06
8750.056 1.8527004175102001e-06
8800.056 2.382776426210232e-06
8850.056 2.191588013079885e-06
8900.056 1.5567680341201497e-06
8950.056 1.772680149546745e-06
9000.056 2.263694729370219e-06
9050.056 2.1366915745898597e-06
9100.056 2.6974355037499222e-06
9150.056 3.121609088310084e-06
9200.056 3.1585524912603574e-06
9250.056 2.5805994060802056e-06
9300.056 2.305095044450066e-06
9350.056 2.5067125576400107e-06
9400.056 2.7123522310602343e-06
9450.056 3.131727954349638e-06
9500.056 3.6314870737500446e-06
9550.056 3.837340060000055e-06
9600.056 4.127057833800239e-06
9650.056 4.482545669100303e-06
9700.056 4.809825834199862e-06
9750.056 4.198453749199875e-06
9800.056 4.374129942399868e-06
9850.056 4.251756578699912e-06
9900.056 2.9001109788997593e-06
9950.056 2.0495524066700985e-06
10000.056 2.0168982205699312e-06
10050.056 2.1834679305798955e-06
10100.056 2.7598033002004524e-06
10150.056 2.6911536931199494e-06
10200.056 2.935223108229922e-06
10250.056 2.890358138639558e-06
10300.056 2.616757032899765e-06
10350.056 3.1143339117201316e-06
10400.056 3.543374057239838e-06
10450.056 3.69052504973039e-06
10500.056 3.854265630039529e-06
10550.056 4.179835671960219e-06
10600.056 4.5596241958101465e-06
10650.056 4.4589407177301365e-06
10700.056 4.509007066940164e-06
10750.056 4.86678901112028e-06
10800.056 5.208300856299696e-06
10850.056 5.603507817309732e-06
10900.056 5.771738040769787e-06
10950.056 5.907453267399599e-06
11000.056 5.705044388399993e-06
11050.056 4.843594882900148e-06
11100.056 5.203582171900425e-06
11150.056 5.577311162229847e-06
11200.056 5.603475340400435e-06
11250.056 6.3204359353001666e-06
11300.056 6.199450997099928e-06
11350.056 5.827257682699707e-06
11400.056 3.7999930803399926e-06
11450.056 6.235094859799691e-06
11500.056 7.182521861799755e-06
11550.056 7.037968717099861e-06
11600.056 7.365222271499448e-06
11650.056 7.176179655000346e-06
11700.056 5.201602782289991e-06
11750.056 5.607611565559474e-06
11800.056 5.703426246040427e-06
11850.056 7.5673418968003e-06
11900.056 8.106820608399373e-06
11950.056 7.309599170700013e-06
12000.056 6.452673312300185e-06
12050.056 7.413142962099941e-06
12100.056 7.228665646899668e-06
12150.056 8.069493763999658e-06
12200.056 7.873081653399505e-06
12250.056 8.388312896599896e-06
12300.056 8.479145665100402e-06
12350.056 8.295602227400133e-06
12400.056 7.1687592951998686e-06
12450.056 6.137004131700032e-06
12500.056 6.593666332099285e-06
12550.056 6.667877312400271e-06
12600.056 8.05770545350007e-06
12650.056 8.195954987099679e-06
12700.056 8.744134749600148e-06
12750.056 8.679695554099773e-06
12800.056 9.064887374699876e-06
12850.056 8.815320599400148e-06
12900.056 8.441473160199544e-06
12950.056 8.588931066199975e-06
13000.056 8.969059945199571e-06
13050.056 9.27627492839985e-06
13100.056 9.340140710099975e-06
13150.056 9.489903657799875e-06
13200.056 9.259233007400128e-06
13250.056 8.823021278100032e-06
13300.056 8.200626095099333e-06
13350.056 5.753085233070459e-06
13400.056 5.4892509819964725e-06
13450.056 5.096970591119945e-06
13500.056 4.900829102701676e-06
13550.056 4.775614990445146e-06
13600.056 4.738596235562332e-06
13650.056 5.354955708447874e-06
13700.056 5.1274588790455975e-06
13750.056 5.397540237959373e-06
13800.056 5.884773802387335e-06
13850.056 5.6465450445357e-06
13900.056 5.3513896234081685e-06
13950.056 5.135476042662202e-06
14000.056 4.879626370070168e-06
14050.056 5.130612470335553e-06
14100.056 4.579863231687401e-06
14150.056 4.773235672660176e-06
14200.056 4.447864220694292e-06
14250.056 4.366734972355351e-06
14300.056 4.516324371439541e-06
14350.056 4.6198438384201675e-06
14400.056 4.723142652170003e-06
14450.056 4.890882167310253e-06
14500.056 5.235369012899806e-06
14550.056 5.243130080779759e-06
14600.056 5.643282819120768e-06
14650.056 5.512301804108618e-06
14700.056 5.179049746569744e-06
14750.056 5.461614996240588e-06
14800.056 5.557359046540623e-06
14850.056 5.904701694259333e-06
14900.056 5.836547968269678e-06
14950.056 5.881349273400636e-06
15000.056 6.050443595100217e-06
15050.056 6.544327835699412e-06
15100.056 6.436462009100238e-06
15150.056 6.4184550332002186e-06
15200.056 6.838813645499709e-06
15250.056 6.911049921199985e-06
15300.056 7.120210879500022e-06
15350.056 7.363861878399995e-06
15400.056 7.474532400499993e-06
15450.056 7.683451170400226e-06
15500.056 7.781537637399888e-06
15550.056 8.026840908599617e-06
15600.056 8.05673524280045e-06
15650.056 8.244471604100067e-06
15700.056 8.556495690500823e-06
15750.056 8.752948736199591e-06
15800.056 8.785090850000384e-06
15850.056 7.604049832900503e-06
15900.056 7.834140126500059e-06
15950.056 7.799336115599877e-06
16000.056 7.954726765300027e-06
16050.056 8.07688380600046e-06
16100.056 8.259641100200112e-06
16150.056 7.811879325300037e-06
16200.056 8.176632868500008e-06
16250.056 7.810754252900012e-06
16300.056 7.923940503800062e-06
16350.056 8.327194583399806e-06
16400.056 8.111191806200292e-06
16450.056 8.370374346700437e-06
16500.056 8.502869723999975e-06
16550.056 8.825536685899715e-06
16600.056 8.370648112600163e-06
16650.056 8.871870426600195e-06
16700.056 8.528044503099535e-06
16750.056 8.491278076399739e-06
16800.056 8.696890032399797e-06
16850.056 8.826917266899641e-06
16900.056 8.572183783900369e-06
16950.056 8.561775163299555e-06
17000.056 8.662124999900441e-06
17050.056 8.595245373200365e-06
17100.056 8.37922618870036e-06
17150.056 8.341502994200348e-06
17200.056 7.88895644729977e-06
17250.056 7.511439917999956e-06
17300.056 7.530554820699373e-06
17350.056 7.463427369100524e-06
17400.056 7.2076431459397334e-06
17450.056 6.994310265198223e-06
17500.056 6.765963936500123e-06
17550.056 6.5449773958108395e-06
17600.056 6.395247667020164e-06
17650.056 6.414632515220152e-06
17700.056 5.6686869759993146e-06
17750.056 5.6399782136896515e-06
17800.056 5.483493156661102e-06
17850.056 5.104332055449949e-06
17900.056 5.265232630950305e-06
17950.056 5.130668273849836e-06
18000.056 4.810275320290254e-06
18050.056 4.840335327250512e-06
18100.056 4.741937179869488e-06
18150.056 5.0871397889010346e-06
18200.056 4.406718602270214e-06
18250.056 5.115350108909529e-06
18300.056 4.868549585999897e-06
18350.056 4.804312456910182e-06
18400.056 4.66840070025029e-06
18450.056 4.285603115031252e-06
18500.056 4.42556856277029e-06
18550.056 4.135046329839869e-06
18600.056 3.633205457819243e-06
18650.056 4.116609423490681e-06
18700.056 4.4198335945405266e-06
18750.056 4.241594553510945e-06
18800.056 4.464423414970929e-06
18850.056 4.954013508419741e-06
18900.056 4.74680204274878e-06
18950.056 4.9881672501297124e-06
19000.056 5.144683284609293e-06
19050.056 4.980018943259961e-06
19100.056 5.217435338010593e-06
19150.056 5.261850423770016e-06
19200.056 5.240393293160741e-06
19250.056 5.034182505599649e-06
19300.056 5.257090579059392e-06
19350.056 5.211043661979526e-06
19400.056 4.555510314009542e-06
19450.056 5.1587158070701e-06
19500.056 5.177259171139897e-06
19550.056 4.521762869580605e-06
19600.056 4.934204528699603e-06
19650.056 4.966048261168473e-06
19700.056 4.927635607030207e-06
19750.056 4.5698121910202345e-06
19800.056 4.8461696555795535e-06
19850.056 4.9643631875199874e-06
19900.056 4.463533053210708e-06
19950.056 5.018332893249717e-06
20000.056 4.564647003320546e-06
20050.056 4.967961923780565e-06
20100.056 4.805035217558311e-06
20150.056 4.945599484940697e-06
20200.056 5.0533470841595815e-06
20250.056 5.1471811182297195e-06
20300.056 5.166827950690419e-06
20350.056 5.341261489699523e-06
20400.056 5.3660075533986244e-06
20450.056 5.442509901199174e-06
20500.056 5.573330148099628e-06
20550.056 5.629804462199894e-06
20600.056 5.866999908100093e-06
20650.056 5.7417864410001026e-06
20700.056 5.975437218900298e-06
20750.056 5.977405213299742e-06
20800.056 6.176818480699826e-06
20850.056 6.079546232699961e-06
20900.056 6.34517211959993e-06
20950.056 6.364456663499796e-06
21000.056 6.469256423999929e-06
21050.056 6.5684863921000435e-06
21100.056 6.549843164199963e-06
21150.056 6.72397784709999e-06
21200.056 6.747368990600154e-06
21250.056 6.891384361299762e-06
21300.056 6.749286377800148e-06
21350.056 6.992079794000066e-06
21400.056 6.853199216900107e-06
21450.056 7.1788173810999965e-06
21500.056 6.96493874000011e-06
21550.056 7.070216818099838e-06
21600.056 7.142233413700175e-06
21650.056 7.108314198400049e-06
21700.056 7.2234821922999455e-06
21750.056 7.120983343400044e-06
21800.056 7.1343079027998e-06
21850.056 7.127900026399826e-06
21900.056 7.205828107400259e-06
21950.056 7.117914722100031e-06
22000.056 7.186233707999859e-06
22050.056 6.993261710099767e-06
22100.056 7.08588189049993e-06
22150.056 7.144481183600157e-06
22200.056 7.007768031700363e-06
22250.056 7.184641213400226e-06
22300.056 7.1191143377000185e-06
22350.056 6.988080594500061e-06
22400.056 7.093371034599966e-06
22450.056 7.0131525151998e-06
22500.056 7.02955928599998e-06
22550.056 7.002154145599737e-06
22600.056 7.0081673361999415e-06
22650.056 6.894720705800389e-06
22700.056 6.86507734790042e-06
22750.056 6.995430097899838e-06
22800.056 6.8132989305999905e-06
22850.056 6.88700178310013e-06
22900.056 6.900118644899877e-06
22950.056 5.607015582700509e-06
23000.056 5.91882260137014e-06
23050.056 6.089203635519358e-06
23100.056 5.927502369429936e-06
23150.056 6.1246553719701305e-06
23200.056 6.037744160470255e-06
23250.056 5.366375142659317e-06
23300.056 5.612509863720022e-06
23350.056 5.767833312140018e-06
23400.056 5.7159254348000755e-06
23450.056 5.742250634810422e-06
23500.056 5.827616149679587e-06
23550.056 5.352914127980756e-06
23600.056 5.339776180420662e-06
23650.056 5.596612870679415e-06
23700.056 5.503386100179327e-06
23750.056 5.578317254750534e-06
23800.056 5.54140185053014e-06
23850.056 5.010017059210287e-06
23900.056 5.2486550829602725e-06
23950.056 5.407596157300617e-06
24000.056 5.172952570079112e-06
24050.056 5.103111209400521e-06
24100.056 4.822440346009537e-06
24150.056 4.7225424103503985e-06
24200.056 4.688540623179284e-06
24250.056 4.600800571410196e-06
24300.056 4.543637304800288e-06
24350.056 4.199228088800171e-06
24400.056 4.537473430150001e-06
24450.056 4.171890227109941e-06
24500.056 3.975501657050333e-06
24550.056 3.8525248372503916e-06
24600.056 3.899272705260296e-06
24650.056 4.19594192983019e-06
24700.056 3.589364394490022e-06
24750.056 3.4070744946303263e-06
24800.056 3.4313608344900127e-06
24850.056 3.878058323620317e-06
24900.056 3.0113904208009277e-06
24950.056 3.708362784479919e-06
25000.056 3.391480769620442e-06
25050.056 2.757626371270575e-06
25100.056 3.3212098948298087e-06
25150.056 2.9474535076097538e-06
25200.056 3.1120073327001065e-06
25250.056 2.9143431790094692e-06
25300.056 3.1541239804502787e-06
25350.056 2.6944010933999656e-06
25400.056 2.9932641955608002e-06
25450.056 2.7216017475899686e-06
25500.056 2.9043086339906188e-06
25550.056 2.7844082067400327e-06
25600.056 2.8470214118598535e-06
25650.056 2.5787589660197937e-06
25700.056 3.2623158258392256e-06
25750.056 2.4286873037503233e-06
25800.056 3.076136688240337e-06
25850.056 2.8437674851397633e-06
25900.056 3.0602462002606136e-06
25950.056 2.7213108495203154e-06
26000.056 3.107755188420653e-06
26050.056 3.1899885655699743e-06
26100.056 3.2689599367102904e-06
26150.056 3.239150417849497e-06
26200.056 3.0801932845901104e-06
26250.056 3.260474921350109e-06
26300.056 3.2177583687498906e-06
26350.056 3.3581458663599596e-06
26400.056 3.3814771782198124e-06
26450.056 3.318108774830012e-06
26500.056 3.5089950126193356e-06
26550.056 3.441630996039695e-06
26600.056 3.9478486478996105e-06
26650.056 3.1816493629596497e-06
26700.056 3.26973299639008e-06
26750.056 2.8189671960589747e-06
26800.056 3.1665622390795794e-06
26850.056 2.531577319050322e-06
26900.056 3.2752384025298083e-06
26950.056 2.306593600589849e-06
27000.056 3.0670344860702304e-06
27050.056 2.609522099769727e-06
27100.056 2.6467033565994726e-06
27150.056 2.7682127403300727e-06
27200.056 2.7746794747002648e-06
27250.056 2.514575654570677e-06
27300.056 2.97955709281033e-06
27350.056 2.7885917146593356e-06
27400.056 2.3821393271598665e-06
27450.056 3.158671007469372e-06
27500.056 2.8725439519401425e-06
27550.056 2.6682679372697452e-06
27600.056 3.1593113815798157e-06
27650.056 2.5500332831799258e-06
27700.056 2.4400654287900544e-06
27750.056 3.2081643508791813e-06
27800.056 2.462512436309962e-06
27850.056 2.598022819999584e-06
27900.056 2.6824211701198372e-06
27950.056 3.130198490139828e-06
28000.056 2.852989478490526e-06
28050.056 2.2362031093005366e-06
28100.056 3.2118911649407815e-06
28150.056 2.5932694080600214e-06
28200.056 2.2469754407400066e-06
28250.056 2.854846941939901e-06
28300.056 3.212747532620525e-06
28350.056 2.4307028351394298e-06
28400.056 2.7552203398201474e-06
28450.056 2.847475304709741e-06
28500.056 2.8209511906396043e-06
28550.056 2.035438859399516e-06
28600.056 3.243688318450199e-06
28650.056 2.8933940247699576e-06
28700.056 2.556803205619797e-06
28750.056 2.9197748527699252e-06
28800.056 2.86506568198041e-06
28850.056 2.9149287967302136e-06
28900.056 2.276287883789979e-06
28950.056 3.230030108469857e-06
