galfind/configs/Brown_Dwarf_templates/sonora_bobcat/m-0.5/1000g/sp_t450g1000nc_m-0.5_resample.dat
# %ECSV 1.0
# ---
# datatype:
# - {name: wav, unit: Angstrom, datatype: float64}
# - {name: flux_nu, unit: erg / (cm2 Hz s), datatype: float64}
# meta: {C/O: '1.00', Kzz: '1.0000E+05', Teff: '450.', Y: '0.28', '[Fe/H]': '-0.50', f_hole: '1.00', f_rain: '0.00', grav: '1000.'}
# schema: astropy-2.0
wav flux_nu
[from data line 995]
53750.056 9.306534620549058e-09
53800.056 9.237240784450536e-09
53850.056 2.011716221429803e-08
53900.056 2.591185196200077e-08
53950.056 2.2716140169999094e-08
54000.056 1.704811258072217e-08
54050.056 1.7229432066798028e-08
54100.056 2.8688438245039387e-09
54150.056 3.999294139540257e-09
54200.056 5.602224732158044e-10
54250.056 1.7221194339303052e-09
54300.056 5.572105485164836e-09
54350.056 1.0632993218199811e-08
54400.056 8.284878037128604e-09
54450.056 6.799765754294999e-09
54500.056 9.794788090601256e-09
54550.056 6.587351998879557e-09
54600.056 4.9896025089188675e-09
54650.056 4.3251777169696533e-10
54700.056 5.445290918870602e-09
54750.056 5.186375536298944e-09
54800.056 2.5220395038929568e-09
54850.056 4.511596406400522e-09
54900.056 7.530854232800811e-09
54950.056 1.5547083800197604e-08
55000.056 5.650424954889339e-09
55050.056 6.868437637300517e-09
55100.056 1.0682351319001962e-08
55150.056 4.991869416472386e-09
55200.056 3.1837376126089375e-09
55250.056 4.524685314132172e-09
55300.056 3.6525396978279285e-09
55350.056 6.727968479300432e-09
55400.056 5.48196510146554e-09
55450.056 4.785178359319846e-09
55500.056 1.389162169786243e-09
55550.056 1.316784916007878e-09
55600.056 3.756229078190345e-09
55650.056 2.8139630518632915e-09
55700.056 2.813120987780453e-09
55750.056 1.6139929553896636e-09
55800.056 6.940048270590726e-10
55850.056 1.0663068273528946e-09
55900.056 3.768974236850225e-09
55950.056 7.2464781291020025e-09
56000.056 2.6499606169119124e-09
56050.056 2.3591646965464115e-09
56100.056 3.72632842061027e-09
56150.056 1.711144711523856e-09
56200.056 1.943700713121694e-09
56250.056 6.919073044100603e-09
56300.056 3.228482674504037e-09
56350.056 1.2988537170042183e-09
56400.056 4.0552939989593697e-10
56450.056 4.993952242472205e-10
56500.056 2.531402390805194e-09
56550.056 8.006527829170038e-10
56600.056 2.9226669280801816e-09
56650.056 3.020412487929698e-09
56700.056 2.693914306799993e-09
56750.056 8.756688850598513e-10
56800.056 1.1894159357718472e-09
56850.056 2.2411273428336985e-09
56900.056 1.0476413731454378e-09
56950.056 3.3525168454496995e-09
57000.056 4.475722296132047e-09
57050.056 2.541462254479148e-09
57100.056 4.361496477379724e-10
57150.056 1.2058406335533555e-09
57200.056 6.278616957659799e-10
57250.056 1.250402874083846e-09
57300.056 1.5098286910321364e-09
57350.056 8.209366648620674e-10
57400.056 3.054451188084103e-09
57450.056 9.876706014418734e-10
57500.056 8.932669283588639e-10
57550.056 1.3180780721579694e-09
57600.056 7.354899446617491e-10
57650.056 2.779749501850147e-10
57700.056 7.580094808320332e-10
57750.056 1.899060441233248e-09
57800.056 9.7156001523958e-10
57850.056 3.428204281366149e-09
57900.056 5.9004421508502765e-09
57950.056 5.938596641310462e-09
58000.056 1.5950581270497917e-09
58050.056 3.1183973073295604e-09
58100.056 1.719747141990521e-09
58150.056 1.4576294918742505e-09
58200.056 2.714600244800032e-10
58250.056 6.454719290579294e-10
58300.056 5.03816639713952e-10
58350.056 8.280839774393401e-10
58400.056 1.9252355400862773e-09
58450.056 3.3181695355896706e-09
58500.056 3.9076708500001e-09
58550.056 1.550217913375743e-09
58600.056 5.792785326550608e-10
58650.056 1.1372544814187923e-09
58700.056 9.808259399599594e-10
58750.056 1.4951004062498806e-09
58800.056 1.1270283347922138e-10
58850.056 6.07952470968115e-10
58900.056 5.953676407357799e-10
58950.056 3.949621336088157e-10
59000.056 8.9441665241716e-10
59050.056 1.4076317428917501e-09
59100.056 7.678742355604801e-10
59150.056 9.710908242074004e-10
59200.056 2.1237088821599715e-09
59250.056 2.342735900000505e-09
59300.056 1.6143232569895174e-09
59350.056 2.2793749616097797e-10
59400.056 3.1008284529329155e-10
59450.056 1.829173212661197e-09
59500.056 1.2708019423414945e-09
59550.056 2.0993840785241433e-09
59600.056 2.694278628389524e-09
59650.056 8.24528498741964e-10
59700.056 6.961079688893083e-10
59750.056 3.827719018700138e-09
59800.056 1.468541303305495e-09
59850.056 1.3576891200199556e-09
59900.056 4.6151295770982985e-10
59950.056 1.2682744307140313e-09
60000.056 3.994092325480106e-09
60050.056 5.701075491200163e-09
60100.056 3.0374760230993384e-09
60150.056 8.244677234760052e-10
60200.056 1.5154732103918104e-09
60250.056 4.378171192640293e-09
60300.056 3.5779452958100826e-09
60350.056 2.1798656453494976e-09
60400.056 1.8187619312394137e-09
60450.056 3.113441001809564e-10
60500.056 1.2400175533974624e-10
60550.056 1.021091894555533e-09
60600.056 1.6957814234800967e-09
60650.056 1.1449321672727736e-09
60700.056 6.665843102899577e-10
60750.056 3.1729645524017123e-10
60800.056 1.7431998799327573e-09
60850.056 3.130208339599568e-09
60900.056 2.1414726823101186e-09
60950.056 1.4686768555392391e-09
61000.056 3.4647331229391362e-09
61050.056 9.165767478676636e-10
61100.056 7.815650297781506e-10
61150.056 2.409235352544944e-10
61200.056 2.0363566370604992e-09
61250.056 2.0892168141098874e-09
61300.056 1.1964995622024795e-09
61350.056 2.3484600669927817e-09
61400.056 7.727939182978867e-10
61450.056 4.866471293756841e-10
61500.056 3.9593488271928334e-10
61550.056 8.615980424878992e-10
61600.056 4.234220698853785e-10
61650.056 6.115087258902359e-10
61700.056 1.5250246257483534e-09
61750.056 1.267702821850032e-09
61800.056 1.1970339437769285e-09
61850.056 2.534598081507458e-10
61900.056 2.265236978570461e-09
61950.056 1.8739422916028096e-09
62000.056 1.3199862690097863e-09
62050.056 5.399548377651457e-09
62100.056 1.465580814533205e-09
62150.056 3.398972703152884e-09
62200.056 2.7530708601196033e-09
62250.056 2.6189650209472904e-09
62300.056 5.146716578200084e-09
62350.056 6.106420055239829e-09
62400.056 4.531191011041098e-09
62450.056 3.2731568333688048e-09
62500.056 6.827181443071271e-09
62550.056 1.3048937485199856e-08
62600.056 4.1684840478802026e-09
62650.056 3.1849668715605597e-09
62700.056 1.6431702413540844e-09
62750.056 6.618535798159192e-09
62800.056 4.311573277279917e-09
62850.056 2.956246447443841e-09
62900.056 6.757404014210615e-09
62950.056 1.205147785099785e-08
63000.056 2.8092631984114204e-09
63050.056 1.5707248530903088e-08
63100.056 1.6942367445099467e-08
63150.056 1.220017346199999e-08
63200.056 7.991512393899037e-09
63250.056 8.414141315200017e-09
63300.056 1.7933736283881633e-09
63350.056 3.1527818251003735e-09
63400.056 1.09079588417962e-09
63450.056 4.046377904521314e-10
63500.056 3.3770101773009205e-09
63550.056 5.78696926096874e-09
63600.056 2.6274778873625847e-09
63650.056 3.3420240782999507e-09
63700.056 6.332498186177839e-10
63750.056 1.5660773990955885e-09
63800.056 5.217680515805296e-09
63850.056 4.186883924799274e-09
63900.056 1.046609880036037e-09
63950.056 1.6997095123906773e-09
64000.056 3.254229254909802e-09
64050.056 7.394594173996003e-10
64100.056 3.097906747860406e-10
64150.056 4.001864977526717e-10
64200.056 4.3135405573514693e-10
64250.056 2.091491570330363e-09
64300.056 1.705781707149552e-09
64350.056 9.41970004349531e-10
64400.056 3.2152885350167617e-09
64450.056 3.109192548155022e-09
64500.056 1.6080286389996374e-09
64550.056 3.0461755592900623e-09
64600.056 2.340562778970455e-09
64650.056 3.5091368735909723e-09
64700.056 7.674113123338334e-10
64750.056 1.3899531331389536e-09
64800.056 6.345701608021171e-10
64850.056 5.073607984351409e-10
64900.056 4.429921620758307e-10
64950.056 3.4770197116792943e-10
65000.056 5.525402373702397e-10
65050.056 2.1753530783498438e-09
65100.056 1.7142290387301699e-09
65150.056 1.8528841849997635e-09
65200.056 4.1899465121194424e-10
65250.056 9.68113075095267e-10
65300.056 1.753997407784155e-09
65350.056 3.892390065390186e-09
65400.056 1.4766958714397652e-09
65450.056 1.6479316560696626e-09
65500.056 2.16444635099013e-09
65550.056 8.520817824360412e-10
65600.056 2.3308345013401816e-09
65650.056 1.1613028755840536e-09
65700.056 9.527151665002034e-10
65750.056 6.747729428153387e-10
65800.056 1.6084170738206638e-09
65850.056 3.0688929419795404e-09
65900.056 5.598191416798014e-10
65950.056 8.915802707261552e-10
66000.056 1.1667257437461771e-09
66050.056 3.038053112581735e-09
66100.056 1.7031403158056206e-09
66150.056 1.8168259403024374e-09
66200.056 2.0743830299996022e-09
66250.056 9.864933252801005e-10
66300.056 7.47732120575312e-10
66350.056 3.575837636480582e-10
66400.056 5.664998007040068e-10
66450.056 1.9865704439705153e-09
66500.056 3.906073711400913e-09
66550.056 3.6390936816389657e-09
66600.056 2.722231825100282e-09
66650.056 1.522281170545219e-09
66700.056 1.1387918748602546e-09
66750.056 2.299542863329992e-09
66800.056 1.3182583737098727e-09
66850.056 1.0173129957690136e-09
66900.056 4.179133008450434e-09
66950.056 3.572860279181977e-09
67000.056 7.089887622100406e-09
67050.056 2.3468535938492197e-09
67100.056 1.3263620782601947e-09
67150.056 1.9738577770103766e-09
67200.056 3.145422417369281e-09
67250.056 2.686224690180856e-09
67300.056 5.301269212160545e-09
67350.056 2.1037145969108996e-09
67400.056 5.148345730279142e-09
67450.056 4.044799578758566e-09
67500.056 2.207274673810573e-09
67550.056 8.007997861802052e-09
67600.056 1.327001913099902e-08
67650.056 7.366569843233762e-09
67700.056 4.2122917948085064e-09
67750.056 2.053837919080756e-09
67800.056 2.941354636648562e-09
67850.056 1.3107344183699828e-09
67900.056 1.5346094687098198e-09
67950.056 1.5596955800404573e-09
68000.056 5.0085926282996665e-09
68050.056 3.049010718339779e-09
68100.056 5.442754689751428e-09
68150.056 6.184303103499108e-09
68200.056 4.219433086271363e-09
68250.056 1.1094869464757543e-09
68300.056 4.8744756842012744e-09
68350.056 8.098673437499805e-09
68400.056 9.164437511700411e-09
68450.056 8.756687345999932e-09
68500.056 3.800895815418702e-09
68550.056 1.2684751699600022e-09
68600.056 1.2360118147800395e-09
68650.056 7.005518969142159e-10
68700.056 1.8865491304404926e-09
68750.056 3.6898385841204725e-09
68800.056 4.0108798130989485e-09
68850.056 2.7840884578483723e-09
68900.056 1.005551301700164e-08
68950.056 1.0972639525200194e-08
69000.056 4.780849148269533e-09
69050.056 2.135540092049869e-09
69100.056 7.646998659900724e-09
69150.056 1.325268689684299e-08
69200.056 1.1844808653401213e-08
69250.056 1.51828253089981e-08
69300.056 1.4866846042302388e-08
69350.056 1.4252824347499145e-08
69400.056 6.595746111989913e-09
69450.056 1.0974252969097046e-08
69500.056 7.0777064397994424e-09
69550.056 3.6655822855995093e-09
69600.056 7.601404408501911e-10
69650.056 3.6190333221111804e-09
69700.056 9.198010092900513e-09
69750.056 4.4476160870795095e-09
69800.056 9.390278753499176e-09
69850.056 9.917269431301922e-09
69900.056 5.462722815488278e-09
69950.056 5.1853584159023825e-09
70000.056 6.762414784099722e-09
70050.056 1.5210799253002136e-08
70100.056 1.0010556250098265e-08
70150.056 9.066315051800496e-09
70200.056 4.236783815718327e-09
70250.056 4.888399777351734e-09
70300.056 9.602381346000572e-09
70350.056 9.35177138209939e-09
70400.056 3.6409519480989306e-09
70450.056 6.662314678802552e-10
70500.056 3.6222004033007032e-09
70550.056 2.8383297389102956e-09
70600.056 4.649477166320351e-09
70650.056 8.292731327499756e-09
70700.056 1.2735862222003173e-08
70750.056 1.974400245700005e-08
70800.056 7.788797675596783e-09
70850.056 8.31420111434165e-09
70900.056 1.1584807432137504e-08
70950.056 1.4631563453803013e-08
71000.056 1.446915144660001e-08
71050.056 1.5506560116598955e-08
71100.056 1.1254193421498659e-08
71150.056 4.565590124828577e-09
71200.056 5.923732729800484e-09
71250.056 1.2097054809600829e-08
71300.056 1.7380533267598495e-08
71350.056 1.667772493000083e-08
71400.056 1.0561716846897918e-08
71450.056 2.7225018950573103e-09
71500.056 4.8606424333995834e-09
71550.056 4.5082167036902506e-09
71600.056 6.653105261299015e-09
71650.056 2.964311691230216e-09
71700.056 1.9663677149799793e-09
71750.056 6.553447457802398e-09
71800.056 1.091348094859926e-08
71850.056 1.2417820323699982e-08
71900.056 7.362243223099822e-09
71950.056 1.0482241420697071e-08
72000.056 8.462373440799167e-09
72050.056 2.588871781619247e-09
72100.056 3.613822711760538e-09
72150.056 8.274049350398963e-09
72200.056 8.03758105510076e-09
72250.056 1.7404151841000845e-08
72300.056 6.886844870058869e-09
72350.056 9.735423794399552e-09
72400.056 8.05932643080024e-09
72450.056 7.535293333395727e-09
72500.056 9.41174532179965e-09
72550.056 2.5792654659814005e-09
72600.056 5.639772629000706e-09
72650.056 1.0546367880603216e-08
72700.056 3.8445330636483725e-09
72750.056 4.819098083999928e-09
72800.056 2.3428241973105075e-09
72850.056 3.7050892646913686e-09
72900.056 1.247726331530073e-08
72950.056 5.693612025789582e-09
73000.056 5.38488978256763e-09
73050.056 2.348084030659888e-09
73100.056 3.992523420832066e-09
73150.056 1.1034937196999248e-08
73200.056 3.205250004436514e-09
73250.056 4.597140967599553e-09
73300.056 2.46486137343064e-09
73350.056 1.5530093164993967e-09
73400.056 4.459849995200471e-09
73450.056 2.555005413519827e-09
73500.056 1.891306990490509e-09
73550.056 4.085966093330961e-09
73600.056 5.264650675598384e-09
73650.056 3.641949914531009e-09
73700.056 2.9316358615982815e-09
73750.056 1.0798858754594064e-09
73800.056 2.8571959655809857e-09
73850.056 5.074815903098569e-09
73900.056 1.657165707204784e-09
73950.056 2.9663725215696708e-09
74000.056 8.607920786638109e-10
74050.056 5.083746810201913e-09
74100.056 4.998387891309597e-09
74150.056 4.485718352209037e-09
74200.056 1.2499920521766486e-09
74250.056 4.1623702411137877e-10
74300.056 4.065489456851586e-09
74350.056 6.51151661500083e-09
74400.056 4.4319052053988465e-09
74450.056 1.5453485332455423e-09
74500.056 6.864750217064367e-10
74550.056 1.8454959680820096e-09
74600.056 2.2526653761200964e-09
74650.056 2.9888303283998645e-09
74700.056 2.6318216068306877e-09
74750.056 8.090119194603865e-10
74800.056 1.1488206637370467e-09
74850.056 5.714969442201511e-09
74900.056 7.248674660998549e-09
74950.056 4.7836982638985755e-09
75000.056 2.6484586240589155e-09
75050.056 2.68446526651741e-10
75100.056 3.6468294463114728e-09
75150.056 7.923283986900899e-09
75200.056 6.8348245234987735e-09
75250.056 4.930847097497155e-09
75300.056 2.818041913779794e-09
75350.056 5.71387380615155e-10
75400.056 5.6364247080013624e-09
75450.056 9.630951823700872e-09
75500.056 7.801320131758492e-09
75550.056 4.57703653239018e-09
75600.056 4.995084875319066e-09
75650.056 2.5120964806695e-09
75700.056 8.307302797499865e-09
75750.056 6.9470844155212415e-09
75800.056 5.892475822237246e-09
75850.056 8.070078991021864e-09
75900.056 7.1367841650981236e-09
75950.056 3.2819174428695813e-09
76000.056 1.173585327110003e-08
76050.056 8.943650001997696e-09
76100.056 8.475154460878218e-09
76150.056 8.072325335599068e-09
76200.056 6.586198186001667e-09
76250.056 2.3257012848800007e-09
76300.056 1.0053809796101174e-08
76350.056 1.2933664152000258e-08
76400.056 8.782825242199415e-09
76450.056 6.0042198737016165e-09
76500.056 4.350856911599328e-09
76550.056 1.053905192387101e-09
76600.056 2.368756074927496e-10
76650.056 3.466404703337736e-10
76700.056 4.1843354554002124e-10
76750.056 4.939087111678538e-10
76800.056 9.750217944992712e-10
76850.056 9.920003337196438e-10
76900.056 1.8124051720492845e-09
76950.056 1.2734104675406205e-09
77000.056 3.849887078099629e-09
77050.056 9.37871463729746e-10
77100.056 1.749967705590015e-09
77150.056 3.770846006879983e-09
77200.056 1.3382782214299062e-09
77250.056 1.1844395926462928e-09
77300.056 4.419022006699489e-09
77350.056 2.1144427270887035e-09
77400.056 4.39489902570229e-09
77450.056 8.650171022998916e-09
77500.056 5.4130044415001245e-09
77550.056 2.705940432679742e-09
77600.056 9.404131528263629e-10
77650.056 1.4982839804301201e-09
77700.056 4.746749721699168e-09
77750.056 5.024823085242243e-09
77800.056 9.793874078000329e-09
77850.056 9.818711212598016e-09
77900.056 2.6172934683515772e-09
77950.056 8.42879455170281e-10
78000.056 3.1929438542394685e-09
78050.056 3.2826940652055666e-09
78100.056 5.6212634640513054e-09
78150.056 7.2911714978021205e-09
78200.056 1.1800486465399959e-08
78250.056 6.947004197897852e-09
78300.056 1.34460951550969e-09
78350.056 4.487316121841379e-09
78400.056 2.16589523504036e-09
