galfind/configs/Brown_Dwarf_templates/sonora_bobcat/m-0.5/1000g/sp_t1800g1000nc_m-0.5_resample.dat
# %ECSV 1.0
# ---
# datatype:
# - {name: wav, unit: Angstrom, datatype: float64}
# - {name: flux_nu, unit: erg / (cm2 Hz s), datatype: float64}
# meta: {C/O: '1.00', Kzz: '1.0000E+05', Teff: '1800.', Y: '0.28', '[Fe/H]': '-0.50', f_hole: '1.00', f_rain: '0.00', grav: '1000.'}
# schema: astropy-2.0
wav flux_nu
[from data line 496]
28800.056 1.182921549510211e-06
28850.056 1.2372807051000776e-06
28900.056 9.015375245999687e-07
28950.056 1.3656083534699474e-06
29000.056 1.1682169765097625e-06
29050.056 1.2684079510000857e-06
29100.056 9.881375073901285e-07
29150.056 1.379473186720019e-06
29200.056 1.1272453809000537e-06
29250.056 1.2607025502099466e-06
29300.056 1.0152166281097958e-06
29350.056 1.546986302149902e-06
29400.056 1.2280472001699485e-06
29450.056 1.216192783949967e-06
29500.056 1.2560968370399365e-06
29550.056 1.2561490779200357e-06
29600.056 1.3838767081497482e-06
29650.056 1.2439041044199656e-06
29700.056 1.223966418029926e-06
29750.056 1.3883765084902038e-06
29800.056 1.4378812460798244e-06
29850.056 1.3204850996598492e-06
29900.056 1.286965855260425e-06
29950.056 1.5250054765898282e-06
30000.056 1.4450972938597888e-06
30050.056 1.3339839695500317e-06
30100.056 1.209449887229722e-06
30150.056 1.6699251225400057e-06
30200.056 1.4343630368500634e-06
30250.056 1.4839499231501553e-06
30300.056 1.3506663085999278e-06
30350.056 1.4296881146501913e-06
30400.056 1.6096397221500999e-06
30450.056 1.2939322752601908e-06
30500.056 1.2146919009100925e-06
30550.056 1.4276026596601367e-06
30600.056 1.3995390801800472e-06
30650.056 1.390913212929969e-06
30700.056 1.2627295706898968e-06
30750.056 1.257120626709944e-06
30800.056 1.3447686838102277e-06
30850.056 1.16299140461988e-06
30900.056 1.1408268625798684e-06
30950.056 1.0507783321801285e-06
31000.056 1.1172723252400332e-06
31050.056 1.1926939692800207e-06
31100.056 1.0079842579799946e-06
31150.056 1.0573806261099132e-06
31200.056 1.0925084197099926e-06
31250.056 1.0330976613900034e-06
31300.056 9.856621187798854e-07
31350.056 9.401652127000045e-07
31400.056 9.001582694301169e-07
31450.056 9.13946857899917e-07
31500.056 8.815083091198816e-07
31550.056 8.857800482199922e-07
31600.056 8.310670850699905e-07
31650.056 8.11257579970007e-07
31700.056 8.388557833499196e-07
31750.056 7.727772243501596e-07
31800.056 8.684718431398923e-07
31850.056 7.955866163800887e-07
31900.056 8.927528513900599e-07
31950.056 7.545078409700543e-07
32000.056 8.399277441598606e-07
32050.056 8.736881855600688e-07
32100.056 8.744179216299753e-07
32150.056 9.548800854199412e-07
32200.056 8.449729903999673e-07
32250.056 1.0126139279400758e-06
32300.056 8.366476499499388e-07
32350.056 1.08917801087008e-06
32400.056 8.733469257600013e-07
32450.056 1.0675548818497838e-06
32500.056 1.0492660556401763e-06
32550.056 1.140180615759992e-06
32600.056 1.1396739422499825e-06
32650.056 1.23005854948001e-06
32700.056 1.2212322037901014e-06
32750.056 1.2380630492099925e-06
32800.056 1.2260189790401296e-06
32850.056 1.3268331676399182e-06
32900.056 1.3825773324600442e-06
32950.056 1.310443513809966e-06
33000.056 1.288582261709937e-06
33050.056 1.1753179382899532e-06
33100.056 1.0439982615999585e-06
33150.056 6.330347042600934e-07
33200.056 5.22120795819852e-07
33250.056 4.480004314198895e-07
33300.056 4.264541950700596e-07
33350.056 4.7312774404001005e-07
33400.056 5.11920397819966e-07
33450.056 5.523996114900079e-07
33500.056 6.413830734500505e-07
33550.056 7.050224681800681e-07
33600.056 8.073609851200095e-07
33650.056 9.327719727000931e-07
33700.056 9.498502459599766e-07
33750.056 1.156467899589987e-06
33800.056 1.1047673833699033e-06
33850.056 1.2481343405399924e-06
33900.056 1.1899408994499493e-06
33950.056 1.1936568135999797e-06
34000.056 1.2754300225998685e-06
34050.056 1.135621409579825e-06
34100.056 1.3132189690699936e-06
34150.056 1.156667115209818e-06
34200.056 1.0912818862698073e-06
34250.056 1.1972484804698397e-06
34300.056 1.0120520312695354e-06
34350.056 1.0461584675200141e-06
34400.056 9.853508144600719e-07
34450.056 1.0833871088600058e-06
34500.056 1.1689367134699619e-06
34550.056 9.948551409500202e-07
34600.056 1.1887229437200077e-06
34650.056 1.1233143052499438e-06
34700.056 1.1291468574599344e-06
34750.056 1.272060162840098e-06
34800.056 1.0957913148398905e-06
34850.056 1.1465782557100283e-06
34900.056 1.1979870368100064e-06
34950.056 1.136599461909787e-06
35000.056 1.330816983740081e-06
35050.056 1.1791157829200433e-06
35100.056 1.2191537949899511e-06
35150.056 1.3282842579999425e-06
35200.056 1.270285077060141e-06
35250.056 1.4000587077099588e-06
35300.056 1.245588757690092e-06
35350.056 1.2602658308499209e-06
35400.056 1.3755778889601663e-06
35450.056 1.1115758465703224e-06
35500.056 1.4632325290500128e-06
35550.056 1.4050133902599919e-06
35600.056 1.3331398680201198e-06
35650.056 1.5285592936300404e-06
35700.056 1.346640411419991e-06
35750.056 1.4237386519998357e-06
35800.056 1.710415642700032e-06
35850.056 1.439562381420116e-06
35900.056 1.7209798587999482e-06
35950.056 1.6619657591899384e-06
36000.056 1.6441155873401646e-06
36050.056 1.8035257298001023e-06
36100.056 1.7790307694993064e-06
36150.056 1.7771531591602151e-06
36200.056 1.987673493899968e-06
36250.056 1.8311559925600056e-06
36300.056 2.0649272283000394e-06
36350.056 1.977656244549888e-06
36400.056 2.0055816941000915e-06
36450.056 2.215191398199954e-06
36500.056 2.0951290200999493e-06
36550.056 2.2097154567004217e-06
36600.056 2.2121705931000745e-06
36650.056 2.245149334999801e-06
36700.056 2.438321128599904e-06
36750.056 2.3324190957000886e-06
36800.056 2.423398748199918e-06
36850.056 2.5564796739999455e-06
36900.056 2.4781419580001016e-06
36950.056 2.5831685642998806e-06
37000.056 2.61915790619991e-06
37050.056 2.674363026399957e-06
37100.056 2.679303770400122e-06
37150.056 2.716332575999918e-06
37200.056 2.7789607668999854e-06
37250.056 2.8058894181999303e-06
37300.056 2.79206354959998e-06
37350.056 2.7251932890002197e-06
37400.056 2.902295027199964e-06
37450.056 2.7796751100000847e-06
37500.056 2.9285507412999176e-06
37550.056 2.965036896599923e-06
37600.056 3.0508233908000053e-06
37650.056 2.940398391600008e-06
37700.056 3.072857711400014e-06
37750.056 3.0124732982000563e-06
37800.056 3.095444881600023e-06
37850.056 3.029840547199981e-06
37900.056 3.062419119100184e-06
37950.056 3.0766417526999975e-06
38000.056 3.1578672879000766e-06
38050.056 3.1325850774001e-06
38100.056 3.0487985246001136e-06
38150.056 3.218554451699978e-06
38200.056 3.215862640900015e-06
38250.056 3.103304080400108e-06
38300.056 3.132207544899971e-06
38350.056 3.205993171900019e-06
38400.056 3.2015281537999203e-06
38450.056 3.304377061000013e-06
38500.056 3.20743669530001e-06
38550.056 3.272686818300085e-06
38600.056 3.393458354999947e-06
38650.056 3.2446327280999825e-06
38700.056 3.240817269400153e-06
38750.056 3.335949531500023e-06
38800.056 3.281394152900069e-06
38850.056 3.2878954787999877e-06
38900.056 3.212281213299957e-06
38950.056 3.3460666354000086e-06
39000.056 3.3063190914000455e-06
39050.056 3.3425042670999458e-06
39100.056 3.205821341800122e-06
39150.056 3.3158191342000474e-06
39200.056 3.334644694499984e-06
39250.056 3.316457496499852e-06
39300.056 3.306443894499862e-06
39350.056 3.3079498073001233e-06
39400.056 3.3023448605000605e-06
39450.056 3.331376096699966e-06
39500.056 3.2431352719999373e-06
39550.056 3.2245638199998273e-06
39600.056 3.3760360268999386e-06
39650.056 3.2206504189000376e-06
39700.056 3.2393151895000086e-06
39750.056 3.2395130930999287e-06
39800.056 3.120422570900053e-06
39850.056 3.2560754870999446e-06
39900.056 3.1676205445999856e-06
39950.056 3.2589419332999096e-06
40000.056 3.0688775784999728e-06
40050.056 3.0405682258000057e-06
40100.056 3.1551858141999644e-06
40150.056 3.0326928668998204e-06
40200.056 3.117297606299927e-06
40250.056 2.915226992399543e-06
40300.056 2.967572568100167e-06
40350.056 3.0398638167000655e-06
40400.056 3.009044798100058e-06
40450.056 2.9420111061000196e-06
40500.056 2.7728600872001644e-06
40550.056 3.0538840862998706e-06
40600.056 2.6949998846001064e-06
40650.056 2.936932359100029e-06
40700.056 3.027293091100016e-06
40750.056 2.737431404799499e-06
40800.056 2.7208078867999026e-06
40850.056 2.6383885142003204e-06
40900.056 2.6947842639000706e-06
40950.056 2.734701004399965e-06
41000.056 2.7628507130999483e-06
41050.056 2.7352682455997482e-06
41100.056 2.5919236489999075e-06
41150.056 2.7580042586999636e-06
41200.056 2.6509616910000556e-06
41250.056 2.663482846700074e-06
41300.056 2.3787937731997674e-06
41350.056 2.6715922389000623e-06
41400.056 2.5099925678001483e-06
41450.056 2.576080426000151e-06
41500.056 2.6135961863000866e-06
41550.056 2.5222311339600275e-06
41600.056 2.513650257900084e-06
41650.056 2.475399861200154e-06
41700.056 2.356897881799895e-06
41750.056 2.4844618407998877e-06
41800.056 2.6164500650999133e-06
41850.056 2.1389774542601983e-06
41900.056 2.5060948544298885e-06
41950.056 2.5467829852001458e-06
42000.056 2.4797617551002966e-06
42050.056 2.2629025718597923e-06
42100.056 2.5529604284001396e-06
42150.056 2.0949510624999184e-06
42200.056 2.1302249842800934e-06
42250.056 2.500786415199987e-06
42300.056 2.276646921800014e-06
42350.056 2.4611370374002477e-06
42400.056 2.27836819310012e-06
42450.056 2.043712377340053e-06
42500.056 2.1115939462500773e-06
42550.056 2.128360318260036e-06
42600.056 2.2144491718000985e-06
42650.056 2.325362509699665e-06
42700.056 2.272876682600041e-06
42750.056 2.0808112264000455e-06
42800.056 2.2124813697001795e-06
42850.056 2.323897736799751e-06
42900.056 2.3358411481201088e-06
42950.056 1.9937786675995296e-06
43000.056 2.1754560399400427e-06
43050.056 1.871389838850547e-06
43100.056 2.0426020564999434e-06
43150.056 1.9900090681201854e-06
43200.056 1.896713633799985e-06
43250.056 2.0200514799000862e-06
43300.056 2.017312942300063e-06
43350.056 1.7491273017997202e-06
43400.056 1.8171612741699767e-06
43450.056 1.7516138512801492e-06
43500.056 1.7580514760998481e-06
43550.056 1.7314455720799597e-06
43600.056 1.8475041013801256e-06
43650.056 1.5840061849599856e-06
43700.056 1.7114085835900293e-06
43750.056 1.695768095840085e-06
43800.056 1.5599363923499548e-06
43850.056 1.5453426511202e-06
43900.056 1.609718931519921e-06
43950.056 1.4670996913099293e-06
44000.056 1.3615264803200164e-06
44050.056 1.3836317284800247e-06
44100.056 1.4651988913901526e-06
44150.056 1.4959594939899745e-06
44200.056 1.3810855767600628e-06
44250.056 1.3614584627899814e-06
44300.056 1.3167689952801082e-06
44350.056 1.2623362844200831e-06
44400.056 1.3140623931199427e-06
44450.056 1.3301219549600424e-06
44500.056 1.2833162718701096e-06
44550.056 1.2215482242398578e-06
44600.056 1.2024255723901236e-06
44650.056 1.2922028119500163e-06
44700.056 1.2033065229500317e-06
44750.056 1.2308541217099047e-06
44800.056 1.211324436449953e-06
44850.056 1.2033009618901166e-06
44900.056 1.1484053518400739e-06
44950.056 1.1196134612200565e-06
45000.056 1.1728263546699903e-06
45050.056 1.174878617779946e-06
45100.056 1.2218196382200231e-06
45150.056 1.1121485395300039e-06
45200.056 1.0395374267700097e-06
45250.056 1.0875899108299267e-06
45300.056 1.1785548988700264e-06
45350.056 1.190003458099922e-06
45400.056 1.1166696844801023e-06
45450.056 1.0672356902398742e-06
45500.056 1.1142588069099357e-06
45550.056 1.1786786705600014e-06
45600.056 1.0962180758799866e-06
45650.056 1.0225749302898537e-06
45700.056 1.1573050376600725e-06
45750.056 1.0576296495400372e-06
45800.056 1.0474898269499515e-06
45850.056 1.235081416519961e-06
45900.056 1.1867642005200174e-06
45950.056 1.0615207858199944e-06
46000.056 1.228084824160016e-06
46050.056 1.2474834411302528e-06
46100.056 1.0380433041400633e-06
46150.056 1.1332389281599164e-06
46200.056 1.1764972394702101e-06
46250.056 1.0181737957300056e-06
46300.056 1.2608551529500025e-06
46350.056 1.1326663623399274e-06
46400.056 1.149139826879932e-06
46450.056 1.1885348222700746e-06
46500.056 1.0798240960699378e-06
46550.056 1.2935931179700104e-06
46600.056 1.2194373971300708e-06
46650.056 1.4740184372298202e-06
46700.056 1.4342608297904461e-06
46750.056 1.1600724110100408e-06
46800.056 1.218592057820105e-06
46850.056 1.3184165274001423e-06
46900.056 1.2307365994198501e-06
46950.056 1.4103010426099857e-06
47000.056 1.1704985341000274e-06
47050.056 1.3959481746299082e-06
47100.056 1.0847693821700684e-06
47150.056 1.225189676970043e-06
47200.056 1.3068621789201962e-06
47250.056 1.1750619314999289e-06
47300.056 1.2253930323498512e-06
47350.056 1.0798148983899196e-06
47400.056 1.3018998681498777e-06
47450.056 1.1350275537699612e-06
47500.056 1.3010279714499041e-06
47550.056 1.1385984531199483e-06
47600.056 1.2987481541099052e-06
47650.056 1.0296869573498721e-06
47700.056 1.3168756420900267e-06
47750.056 9.73435576130154e-07
47800.056 1.291335891839951e-06
47850.056 9.911134445499459e-07
47900.056 1.257798061640004e-06
47950.056 1.0402132359501e-06
48000.056 1.3963156755499805e-06
48050.056 1.0999939265100994e-06
48100.056 1.241122061859974e-06
48150.056 1.092401002880137e-06
48200.056 1.2830249133400728e-06
48250.056 1.0826271785100605e-06
48300.056 1.3863333638898746e-06
48350.056 1.008620997019896e-06
48400.056 1.2157084377499673e-06
48450.056 1.0382249870300296e-06
48500.056 1.3994759144400035e-06
48550.056 9.916279453899697e-07
48600.056 1.3400559382999307e-06
48650.056 1.0292667849199689e-06
48700.056 1.3465465530600652e-06
48750.056 9.342372852100437e-07
48800.056 1.3810563649900544e-06
48850.056 9.940104443198237e-07
48900.056 1.353200944420095e-06
48950.056 1.1554820195199883e-06
49000.056 1.1431656296599726e-06
49050.056 1.2764934802599606e-06
49100.056 1.1387397594100488e-06
49150.056 1.2081495989499306e-06
49200.056 1.1191189207199535e-06
49250.056 1.2097084577300307e-06
49300.056 1.069008403449921e-06
49350.056 1.1492185645699864e-06
49400.056 1.286248520699996e-06
49450.056 1.1311939368602108e-06
49500.056 1.1726806882200122e-06
49550.056 1.0400165288099257e-06
49600.056 1.1376945917401498e-06
49650.056 1.1811061396299369e-06
49700.056 1.0515461371499096e-06
49750.056 1.512371983599908e-06
49800.056 1.1121276233100105e-06
49850.056 1.4102596603700942e-06
49900.056 1.1673228975399977e-06
49950.056 1.1922710730498936e-06
50000.056 1.214214529809778e-06
50050.056 1.1735264571700516e-06
50100.056 1.324368719419928e-06
50150.056 1.0846516536900113e-06
50200.056 1.0375791442300816e-06
50250.056 1.2318725650600126e-06
50300.056 1.111892467569968e-06
50350.056 1.378549382779996e-06
50400.056 1.1406413664498995e-06
50450.056 1.1495138545901317e-06
50500.056 1.4106938456801123e-06
50550.056 1.185482935810009e-06
50600.056 1.257921889839943e-06
50650.056 1.1985146853201213e-06
50700.056 1.3659020393799076e-06
50750.056 1.4213064569401176e-06
50800.056 1.0029920467798617e-06
50850.056 1.2221897312300974e-06
50900.056 1.335512724589924e-06
50950.056 1.275797767200213e-06
51000.056 1.5172145364601177e-06
51050.056 1.1973596595900561e-06
51100.056 1.1330585731599308e-06
51150.056 1.2960984719599713e-06
51200.056 1.2555090323100118e-06
51250.056 1.3378597625100255e-06
51300.056 1.0886867364902368e-06
51350.056 1.2911586900798992e-06
51400.056 1.172679369559868e-06
51450.056 9.293790919998659e-07
51500.056 1.1813721912001129e-06
51550.056 1.5081945445600899e-06
51600.056 1.0500002475100384e-06
51650.056 1.24724614440987e-06
51700.056 1.2282458942797117e-06
51750.056 1.108567935020026e-06
51800.056 1.3758546435797667e-06
51850.056 1.2793231100798838e-06
51900.056 1.4242223339201235e-06
51950.056 1.3025569675899242e-06
52000.056 1.0463852936599672e-06
52050.056 1.2578040437399498e-06
52100.056 1.1653796068999427e-06
52150.056 1.154550230450036e-06
52200.056 1.121937780770017e-06
52250.056 1.197521650709988e-06
52300.056 1.384107254249971e-06
52350.056 1.3691649764100666e-06
52400.056 1.038925945800122e-06
52450.056 1.1992802709800384e-06
52500.056 1.3709582889898215e-06
52550.056 1.2955625858398199e-06
52600.056 1.2734650565100712e-06
52650.056 1.3919480952701339e-06
52700.056 1.176385797030045e-06
52750.056 1.0455082786899466e-06
52800.056 1.1283229382000798e-06
52850.056 1.1064885187198831e-06
52900.056 1.2281856159099812e-06
52950.056 1.1824548440799533e-06
53000.056 1.3693153494300029e-06
53050.056 1.1492190921297902e-06
53100.056 1.2009045329299115e-06
53150.056 1.4510527189801035e-06
53200.056 9.749223164300427e-07
53250.056 1.3421458217400202e-06
