galfind/configs/Brown_Dwarf_templates/sonora_bobcat/m-0.5/1000g/sp_t950g1000nc_m-0.5_resample.dat
# %ECSV 1.0
# ---
# datatype:
# - {name: wav, unit: Angstrom, datatype: float64}
# - {name: flux_nu, unit: erg / (cm2 Hz s), datatype: float64}
# meta: {C/O: '1.00', Kzz: '1.0000E+05', Teff: '950.', Y: '0.28', '[Fe/H]': '-0.50', f_hole: '1.00', f_rain: '0.00', grav: '1000.'}
# schema: astropy-2.0
wav flux_nu
[from data line 499]
28950.056 6.580424448119931e-08
29000.056 5.694474143734896e-08
29050.056 6.655604040173405e-08
29100.056 4.522447089156898e-08
29150.056 8.494183936041839e-08
29200.056 5.7675934281220906e-08
29250.056 7.964029128264932e-08
29300.056 4.589495530863726e-08
29350.056 1.2575706370291174e-07
29400.056 6.441966848200545e-08
29450.056 6.972716449015189e-08
29500.056 8.322330783540432e-08
29550.056 7.095354991631105e-08
29600.056 8.303492130352992e-08
29650.056 8.958282298479953e-08
29700.056 7.007410185436112e-08
29750.056 9.542897422176907e-08
29800.056 9.589985150609829e-08
29850.056 1.02733343165475e-07
29900.056 1.0222698971463846e-07
29950.056 9.736309265473451e-08
30000.056 2.8105669964881343e-08
30050.056 4.3662580231127224e-08
30100.056 5.653307427140591e-08
30150.056 9.910949775099695e-08
30200.056 8.556148407430392e-08
30250.056 1.337805214510113e-07
30300.056 1.1627209550399814e-07
30350.056 1.0096913819390424e-07
30400.056 1.3427602034811137e-07
30450.056 9.246470476980871e-08
30500.056 9.145583623320046e-08
30550.056 9.238248790259972e-08
30600.056 1.2400627184600688e-07
30650.056 9.450837982499991e-08
30700.056 8.438167063778695e-08
30750.056 9.552356211488709e-08
30800.056 8.672626664031676e-08
30850.056 7.964903087188369e-08
30900.056 6.766876180068394e-08
30950.056 6.25947260058126e-08
31000.056 6.321347996670902e-08
31050.056 7.394649345099858e-08
31100.056 4.9240521854500436e-08
31150.056 6.343548592179623e-08
31200.056 7.733835942401219e-08
31250.056 5.2463321038997064e-08
31300.056 4.9970636088651277e-08
31350.056 5.245775879852613e-08
31400.056 4.1032053411363205e-08
31450.056 4.84140713085904e-08
31500.056 3.263053321338447e-08
31550.056 3.945841346921438e-08
31600.056 3.222771526070486e-08
31650.056 2.836854883785639e-08
31700.056 3.248863502729912e-08
31750.056 2.2952622009824473e-08
31800.056 3.3703703759995835e-08
31850.056 2.1153780278143397e-08
31900.056 2.985857600520393e-08
31950.056 1.8722789305123926e-08
32000.056 2.5661148665076405e-08
32050.056 2.5481700852972478e-08
32100.056 2.2948980958449275e-08
32150.056 2.8717603982598763e-08
32200.056 2.1188822558520295e-08
32250.056 3.389007950640894e-08
32300.056 1.9231469672060073e-08
32350.056 3.613547765320246e-08
32400.056 2.0659444136698686e-08
32450.056 3.3637386781791845e-08
32500.056 2.81682144033177e-08
32550.056 3.159576019249717e-08
32600.056 3.513620607230133e-08
32650.056 4.2251369575189185e-08
32700.056 4.075782330750799e-08
32750.056 5.077655448320611e-08
32800.056 5.198931470648761e-08
32850.056 5.9047072729000106e-08
32900.056 6.215735223165918e-08
32950.056 6.344653279249935e-08
33000.056 5.3385158155991376e-08
33050.056 5.353785416620623e-08
33100.056 2.8467610849092927e-08
33150.056 3.7003240103505796e-09
33200.056 4.663500407987033e-09
33250.056 3.9330725504787055e-09
33300.056 5.8183443523817e-09
33350.056 1.044902529030074e-08
33400.056 1.62571567280975e-08
33450.056 2.142717608754979e-08
33500.056 3.5815046196408076e-08
33550.056 2.9203617020924568e-08
33600.056 4.469557205579451e-08
33650.056 4.802605786720653e-08
33700.056 3.497696581176334e-08
33750.056 5.7694444534300736e-08
33800.056 3.221958965679214e-08
33850.056 4.59765788018956e-08
33900.056 3.788579143789777e-08
33950.056 4.060650108439428e-08
34000.056 5.1317267836306775e-08
34050.056 2.718733584185969e-08
34100.056 4.8510206626004856e-08
34150.056 3.2210098518208735e-08
34200.056 4.2043224621884986e-08
34250.056 4.086331778918893e-08
34300.056 3.1623204855087255e-08
34350.056 4.026384583840497e-08
34400.056 2.82896410384567e-08
34450.056 4.478944697999157e-08
34500.056 3.921735178919819e-08
34550.056 2.6110926464380567e-08
34600.056 5.313629512200013e-08
34650.056 2.989729185329885e-08
34700.056 4.444246624379954e-08
34750.056 4.226388642288827e-08
34800.056 3.287935724589738e-08
34850.056 5.236389381550178e-08
34900.056 4.077144128068637e-08
34950.056 4.7929636999991596e-08
35000.056 7.061032154500524e-08
35050.056 4.1071093720608625e-08
35100.056 6.39717439530001e-08
35150.056 6.370694047880453e-08
35200.056 5.8906642912800414e-08
35250.056 8.373558623077702e-08
35300.056 5.1131896056306546e-08
35350.056 6.356283055929181e-08
35400.056 7.143526269899822e-08
35450.056 4.849231230761836e-08
35500.056 9.283461260619236e-08
35550.056 7.574006119900119e-08
35600.056 7.776442569702364e-08
35650.056 9.040531593741602e-08
35700.056 7.167639061939415e-08
35750.056 9.91978858969983e-08
35800.056 1.1371211639800257e-07
35850.056 7.42545247146018e-08
35900.056 1.091571246595108e-07
35950.056 1.083761709609885e-07
36000.056 1.0568445960301356e-07
36050.056 1.1040218363498884e-07
36100.056 9.809330438816057e-08
36150.056 1.226231813139922e-07
36200.056 1.370579977829853e-07
36250.056 1.1401631066768221e-07
36300.056 1.5128488849191297e-07
36350.056 1.4126891119200192e-07
36400.056 1.4906641782599225e-07
36450.056 1.5305545035489194e-07
36500.056 1.5627760639659135e-07
36550.056 1.8632489413503742e-07
36600.056 2.052891910999918e-07
36650.056 1.770312154572788e-07
36700.056 1.8946667541358954e-07
36750.056 2.1816062763001806e-07
36800.056 2.1830795228999534e-07
36850.056 2.019626204045654e-07
36900.056 2.1307600399199494e-07
36950.056 2.4262120000997556e-07
37000.056 2.228195941819914e-07
37050.056 2.4264055484802054e-07
37100.056 2.283656010969881e-07
37150.056 2.365589363260212e-07
37200.056 2.7527281669999094e-07
37250.056 2.3386022683795972e-07
37300.056 2.1664516520594876e-07
37350.056 2.621602373170155e-07
37400.056 3.1637192599999345e-07
37450.056 2.4520229694679963e-07
37500.056 2.5421948388999016e-07
37550.056 3.229204839100732e-07
37600.056 3.5351130544002056e-07
37650.056 2.5204445243803534e-07
37700.056 3.2748394233602445e-07
37750.056 2.7107415022102935e-07
37800.056 3.0804539985005764e-07
37850.056 2.4592195983400233e-07
37900.056 2.7536174907003813e-07
37950.056 3.0896239801898434e-07
38000.056 3.305919248179874e-07
38050.056 3.297353260780375e-07
38100.056 3.5974187716801973e-07
38150.056 3.7526633825999354e-07
38200.056 3.6689655867001486e-07
38250.056 3.54344591040017e-07
38300.056 4.282233731099503e-07
38350.056 4.3280897123003387e-07
38400.056 3.391719777029517e-07
38450.056 3.4541105681994254e-07
38500.056 3.069952037400426e-07
38550.056 3.9393734106003937e-07
38600.056 3.775775103199573e-07
38650.056 3.983923299899836e-07
38700.056 4.2761493741000436e-07
38750.056 4.1283372263999827e-07
38800.056 3.8929675593996713e-07
38850.056 4.201032303100206e-07
38900.056 4.551193799199666e-07
38950.056 4.107526751600001e-07
39000.056 4.3561791015997437e-07
39050.056 4.3858470396003425e-07
39100.056 4.2748922861001193e-07
39150.056 4.7421163012999557e-07
39200.056 4.358932714499886e-07
39250.056 4.807882832699984e-07
39300.056 4.5829722659997124e-07
39350.056 5.05355181640013e-07
39400.056 4.6671626268002974e-07
39450.056 4.921770393100023e-07
39500.056 5.024323804800029e-07
39550.056 4.621572993800759e-07
39600.056 5.041397995199656e-07
39650.056 5.475450192999889e-07
39700.056 5.178864063500306e-07
39750.056 4.5584085898005955e-07
39800.056 4.794874393599942e-07
39850.056 5.669299703800058e-07
39900.056 5.624706775300039e-07
39950.056 5.271284785399819e-07
40000.056 5.706699175300028e-07
40050.056 5.498514641200088e-07
40100.056 4.719037719000206e-07
40150.056 5.612647539600164e-07
40200.056 5.758665353699566e-07
40250.056 5.645783791399335e-07
40300.056 5.704132790100339e-07
40350.056 5.25983439389964e-07
40400.056 5.828577329540199e-07
40450.056 5.262490592100026e-07
40500.056 5.780688560400044e-07
40550.056 6.088128713399675e-07
40600.056 5.725885803100162e-07
40650.056 5.563541917899372e-07
40700.056 6.552317781899851e-07
40750.056 5.630357854299345e-07
40800.056 5.112387848899075e-07
40850.056 6.368408511800368e-07
40900.056 6.206674469399835e-07
40950.056 5.712523189500031e-07
41000.056 5.75532040799984e-07
41050.056 6.337971699799634e-07
41100.056 5.963624323799648e-07
41150.056 5.014411279999783e-07
41200.056 6.259506435000081e-07
41250.056 5.820783770799781e-07
41300.056 5.517398355799714e-07
41350.056 6.365450856100058e-07
41400.056 5.874285252400299e-07
41450.056 6.298516571699997e-07
41500.056 5.469074993299515e-07
41550.056 5.278347142800558e-07
41600.056 5.633144012740324e-07
41650.056 6.069355916300228e-07
41700.056 5.675287288899526e-07
41750.056 5.666808014499796e-07
41800.056 6.408600435800137e-07
41850.056 4.737845133299989e-07
41900.056 5.494297473599346e-07
41950.056 6.099344550000233e-07
42000.056 5.829212286999639e-07
42050.056 5.129033458500037e-07
42100.056 6.49611505889986e-07
42150.056 4.978220116200112e-07
42200.056 5.002641829399748e-07
42250.056 5.522573168999928e-07
42300.056 5.211107272799872e-07
42350.056 5.807045932200404e-07
42400.056 5.87256831790023e-07
42450.056 4.904523221700463e-07
42500.056 5.109528770799855e-07
42550.056 4.79530162679998e-07
42600.056 5.373529125700582e-07
42650.056 6.362746876699513e-07
42700.056 5.338439699199288e-07
42750.056 4.5748173987005086e-07
42800.056 5.356795203100192e-07
42850.056 5.799274483599216e-07
42900.056 5.94294821510047e-07
42950.056 4.781320084299375e-07
43000.056 5.407944712999935e-07
43050.056 3.814670688521068e-07
43100.056 5.047622572299783e-07
43150.056 4.535478773300237e-07
43200.056 4.855306774900026e-07
43250.056 6.070152165200277e-07
43300.056 5.922177597300066e-07
43350.056 3.9864368574992396e-07
43400.056 5.160791807100177e-07
43450.056 4.440080942600589e-07
43500.056 4.844349564199985e-07
43550.056 4.804332196250009e-07
43600.056 5.792008669900373e-07
43650.056 4.1134956612600245e-07
43700.056 6.139951609100449e-07
43750.056 5.62254737250013e-07
43800.056 5.341819326399464e-07
43850.056 4.888521296300698e-07
43900.056 5.227561437399745e-07
43950.056 4.0853593673996333e-07
44000.056 3.630336890200125e-07
44050.056 5.642352820700188e-07
44100.056 6.581270011400215e-07
44150.056 6.665177089899764e-07
44200.056 5.9253872038001e-07
44250.056 4.4259221784999676e-07
44300.056 3.751046538000537e-07
44350.056 4.3675325925404e-07
44400.056 4.2081923392098e-07
44450.056 5.429409370400148e-07
44500.056 5.069671578700777e-07
44550.056 6.148509991899776e-07
44600.056 5.61906837181023e-07
44650.056 5.423471468799927e-07
44700.056 4.316484671099675e-07
44750.056 4.953178236400803e-07
44800.056 4.6978565409603314e-07
44850.056 5.897454079400348e-07
44900.056 4.7387057300801193e-07
44950.056 5.066952054560353e-07
45000.056 5.394142581200134e-07
45050.056 5.35073171329978e-07
45100.056 5.341683919900209e-07
45150.056 5.33326619131988e-07
45200.056 4.30070034285015e-07
45250.056 4.764164509059352e-07
45300.056 4.507589868500426e-07
45350.056 4.1345416237197774e-07
45400.056 5.888216318000389e-07
45450.056 5.706747691600111e-07
45500.056 5.64823085740018e-07
45550.056 6.280088089499443e-07
45600.056 6.128262961400284e-07
45650.056 5.496496078499569e-07
45700.056 4.4159251294800317e-07
45750.056 4.204550659870039e-07
45800.056 6.269320117900145e-07
45850.056 6.069832257100027e-07
45900.056 6.297619828900095e-07
45950.056 5.239095464199957e-07
46000.056 6.008454239600599e-07
46050.056 5.311411892099946e-07
46100.056 6.340215794299809e-07
46150.056 4.897418887699946e-07
46200.056 4.6570664522100224e-07
46250.056 3.07380326106968e-07
46300.056 5.143890760899924e-07
46350.056 5.288400865300235e-07
46400.056 5.184971475700245e-07
46450.056 4.6115967954999123e-07
46500.056 4.872343746200787e-07
46550.056 3.963973896800136e-07
46600.056 4.5968493675795257e-07
46650.056 5.913664647800331e-07
46700.056 4.853975788399497e-07
46750.056 3.436139568370364e-07
46800.056 2.8430070089601493e-07
46850.056 5.838895257900486e-07
46900.056 5.745799388799765e-07
46950.056 5.500941566999726e-07
47000.056 5.290416984400394e-07
47050.056 4.689254413119021e-07
47100.056 3.683258012760186e-07
47150.056 4.703962422680494e-07
47200.056 5.401345241299872e-07
47250.056 3.8447694751997225e-07
47300.056 2.933719068930198e-07
47350.056 5.789728510699964e-07
47400.056 5.426970617099727e-07
47450.056 4.968172082580366e-07
47500.056 5.611477665299788e-07
47550.056 5.008338556600128e-07
47600.056 5.199438415399672e-07
47650.056 5.050656213099483e-07
47700.056 4.586870560850877e-07
47750.056 3.7668731456700006e-07
47800.056 3.680309198300286e-07
47850.056 2.64315680011011e-07
47900.056 3.303304988989764e-07
47950.056 4.996413003900045e-07
48000.056 5.726871170400154e-07
48050.056 5.321297741099659e-07
48100.056 3.243730696240056e-07
48150.056 4.3245040471001057e-07
48200.056 3.8679121088599083e-07
48250.056 4.3684260699999287e-07
48300.056 5.627625216299864e-07
48350.056 3.9611597684999247e-07
48400.056 2.2200208311496534e-07
48450.056 3.696179113050639e-07
48500.056 4.5483555506993293e-07
48550.056 4.4756596789402725e-07
48600.056 4.5865407939000956e-07
48650.056 5.198262454899912e-07
48700.056 4.3842284938000676e-07
48750.056 2.843183606260806e-07
48800.056 4.871832252300265e-07
48850.056 3.5062619247294483e-07
48900.056 4.886669967199791e-07
48950.056 3.5669046577000366e-07
49000.056 2.3584047534900624e-07
49050.056 4.5128850107995565e-07
49100.056 4.7183650528604726e-07
49150.056 3.821959129119924e-07
49200.056 4.9474362895004e-07
49250.056 4.646305854200272e-07
49300.056 4.2119018934198375e-07
49350.056 2.723519011580453e-07
49400.056 3.7114269973793963e-07
49450.056 3.6987385428908506e-07
49500.056 3.2232673612997437e-07
49550.056 1.7960338610200026e-07
49600.056 2.8627812870204074e-07
49650.056 3.455791287399738e-07
49700.056 3.5191731257892995e-07
49750.056 4.3096785033997143e-07
49800.056 3.463389293059961e-07
49850.056 4.659611709300405e-07
49900.056 4.227260531899982e-07
49950.056 3.6064744846999073e-07
50000.056 3.564111879359975e-07
50050.056 4.211852527199772e-07
50100.056 3.563974211199829e-07
50150.056 2.43404445989982e-07
50200.056 1.3069417688902463e-07
50250.056 3.194485763599887e-07
50300.056 2.5670371255501975e-07
50350.056 4.040364602000369e-07
50400.056 3.7492086394998766e-07
50450.056 2.850815792240003e-07
50500.056 3.998887603100291e-07
50550.056 3.945665452900079e-07
50600.056 2.9033292503194553e-07
50650.056 4.026572937300607e-07
50700.056 4.416467479699764e-07
50750.056 3.296064072660263e-07
50800.056 2.0847297071096707e-07
50850.056 1.952469591130436e-07
50900.056 4.0987018764999084e-07
50950.056 3.433372429000165e-07
51000.056 3.526316855420268e-07
51050.056 3.650336415999719e-07
51100.056 2.0146728340297826e-07
51150.056 2.600835332982223e-07
51200.056 4.571102883999784e-07
51250.056 3.1948314645298314e-07
51300.056 2.4495605468404737e-07
51350.056 2.981692702219629e-07
51400.056 1.8862432170701253e-07
51450.056 1.5885512386297027e-07
51500.056 1.580590629490395e-07
51550.056 3.138417749600223e-07
51600.056 2.3250754982501063e-07
51650.056 2.5418468340997185e-07
51700.056 2.9582937695495525e-07
51750.056 2.2274076048101617e-07
51800.056 3.247386757899433e-07
51850.056 2.7740572320199e-07
51900.056 3.9499278035001936e-07
51950.056 3.0323073992997825e-07
52000.056 1.1839249724097817e-07
52050.056 2.203836231980178e-07
52100.056 1.7676887233499534e-07
52150.056 1.4918248938401286e-07
52200.056 1.834927224479964e-07
52250.056 2.376091010950223e-07
52300.056 3.5983213092999576e-07
52350.056 2.2358332144479746e-07
52400.056 1.8515776260201586e-07
52450.056 3.021852734600264e-07
52500.056 3.0806591767994357e-07
52550.056 2.8794102798997726e-07
52600.056 2.4347989941401304e-07
52650.056 2.6097033797203076e-07
52700.056 2.078187424950033e-07
52750.056 1.5175906784599079e-07
52800.056 1.8565219826202065e-07
52850.056 2.0893382706194963e-07
52900.056 1.8464247059896596e-07
52950.056 2.0936823689200561e-07
53000.056 2.729710052360005e-07
53050.056 1.621694382319632e-07
53100.056 2.631722267199891e-07
53150.056 3.2250002067002313e-07
53200.056 1.4978516937598447e-07
53250.056 2.7792746888002237e-07
53300.056 3.0544828970711815e-07
53350.056 2.8253432427999367e-07
53400.056 2.621141108599977e-07
53450.056 1.5355030459098448e-07
53500.056 8.977313280277448e-08
53550.056 1.4115203769399203e-07
53600.056 2.305980362890314e-07
53650.056 1.6873713394998738e-07
