galfind/configs/Brown_Dwarf_templates/sonora_bobcat/m-0.5/1000g/sp_t575g1000nc_m-0.5_resample.dat
# %ECSV 1.0
# ---
# datatype:
# - {name: wav, unit: Angstrom, datatype: float64}
# - {name: flux_nu, unit: erg / (cm2 Hz s), datatype: float64}
# meta: {C/O: '1.00', Kzz: '1.0000E+05', Teff: '575.', Y: '0.28', '[Fe/H]': '-0.50', f_hole: '1.00', f_rain: '0.00', grav: '1000.'}
# schema: astropy-2.0
wav flux_nu
[from data line 497]
28850.056 2.872238967498675e-09
28900.056 1.4341770755191797e-09
28950.056 2.385679175269604e-09
29000.056 2.034800067982885e-09
29050.056 2.9291167558242144e-09
29100.056 1.4696201537342252e-09
29150.056 2.9708518060735324e-09
29200.056 3.083113133420348e-09
29250.056 4.037064132674869e-09
29300.056 2.2060256756957924e-09
29350.056 6.952991961560475e-09
29400.056 2.5735122760426298e-09
29450.056 2.344754142996749e-09
29500.056 5.5658679490333105e-09
29550.056 2.8644794021173746e-09
29600.056 3.825344528337134e-09
29650.056 7.32973006633983e-09
29700.056 2.573741787937896e-09
29750.056 5.686171021052531e-09
29800.056 4.776589382033525e-09
29850.056 7.823578615439375e-09
29900.056 5.1668350821806225e-09
29950.056 4.599233018871371e-09
30000.056 2.13181578465169e-10
30050.056 8.869769714556298e-10
30100.056 2.4446676464322886e-09
30150.056 6.233526390826189e-09
30200.056 5.016720205856859e-09
30250.056 9.967473610297363e-09
30300.056 9.425079400311565e-09
30350.056 4.429781362755972e-09
30400.056 1.1205658423295952e-08
30450.056 7.464377265232286e-09
30500.056 6.7312322913486954e-09
30550.056 5.488435146895313e-09
30600.056 1.787952604940101e-08
30650.056 9.992207217850784e-09
30700.056 6.8494172077999455e-09
30750.056 1.1022492640336964e-08
30800.056 9.23155644952493e-09
30850.056 1.0004513530139058e-08
30900.056 6.249309656972803e-09
30950.056 5.485639337140404e-09
31000.056 6.4695215577630486e-09
31050.056 6.678428406479094e-09
31100.056 3.253326697944448e-09
31150.056 5.938423853459713e-09
31200.056 1.1697275273100365e-08
31250.056 5.380618089181793e-09
31300.056 4.405616650311314e-09
31350.056 7.092349276173552e-09
31400.056 4.713905427293832e-09
31450.056 5.904226015679462e-09
31500.056 2.2838132325490202e-09
31550.056 4.106774834321125e-09
31600.056 2.774252393758895e-09
31650.056 2.198528485132247e-09
31700.056 2.5243861094005203e-09
31750.056 1.1492066445720414e-09
31800.056 2.5200288369001397e-09
31850.056 7.084554232282439e-10
31900.056 1.6097248053039931e-09
31950.056 7.704776203521973e-10
32000.056 9.714227112619205e-10
32050.056 9.681678754897564e-10
32100.056 7.369782462265957e-10
32150.056 1.0196315933209405e-09
32200.056 5.536074513208423e-10
32250.056 1.2738581950701303e-09
32300.056 4.460123367348e-10
32350.056 1.4358481735522271e-09
32400.056 3.649015000869295e-10
32450.056 1.215170109050952e-09
32500.056 5.096491179752086e-10
32550.056 1.169352181445954e-09
32600.056 6.685691589970514e-10
32650.056 1.7809543662395389e-09
32700.056 9.22427528622698e-10
32750.056 3.237772863590917e-09
32800.056 2.7068098304492926e-09
32850.056 5.070653571420832e-09
32900.056 4.867997285198389e-09
32950.056 5.1590505682745295e-09
33000.056 2.3947147416112915e-09
33050.056 2.8911624422403255e-09
33100.056 7.728154496963426e-10
33150.056 4.3801812093453225e-12
33200.056 3.1922958309631397e-11
33250.056 4.9626745232542134e-11
33300.056 2.2044226080855163e-10
33350.056 6.502818118017721e-10
33400.056 1.7419148988720488e-09
33450.056 1.2971954817368954e-09
33500.056 4.180722357740849e-09
33550.056 1.342513247676151e-09
33600.056 2.7899083680317993e-09
33650.056 2.901959134519819e-09
33700.056 1.1302654462984032e-09
33750.056 3.824874108569119e-09
33800.056 5.729328819016422e-10
33850.056 1.9038892157006526e-09
33900.056 1.868265290261457e-09
33950.056 1.5818552158202294e-09
34000.056 3.0807320950921586e-09
34050.056 6.338694210662792e-10
34100.056 2.6988668877224734e-09
34150.056 1.0324662655332576e-09
34200.056 2.5147990396987664e-09
34250.056 1.9991591222266918e-09
34300.056 1.4875902871779442e-09
34350.056 3.5973799347044993e-09
34400.056 1.1170541600349204e-09
34450.056 3.5744755815431518e-09
34500.056 2.210719988818588e-09
34550.056 1.4233216728321434e-09
34600.056 5.767422845690011e-09
34650.056 1.0879712923867944e-09
34700.056 4.425940284888043e-09
34750.056 2.737062545019914e-09
34800.056 1.914582111261942e-09
34850.056 6.566324731940198e-09
34900.056 1.910472983154491e-09
34950.056 5.69039853155963e-09
35000.056 8.626964949019397e-09
35050.056 3.729343432583644e-09
35100.056 1.0396659368855567e-08
35150.056 8.428447043497295e-09
35200.056 7.111994391029929e-09
35250.056 1.295205809403843e-08
35300.056 3.925555235322292e-09
35350.056 7.252603224367802e-09
35400.056 6.355160486362782e-09
35450.056 4.598191370296209e-09
35500.056 1.4368501836767417e-08
35550.056 8.434243148758147e-09
35600.056 1.0984495000493398e-08
35650.056 1.2248827670290749e-08
35700.056 9.905095910950251e-09
35750.056 1.8704540799420352e-08
35800.056 1.4034373026881643e-08
35850.056 7.86455015213334e-09
35900.056 1.3141802022854781e-08
35950.056 1.636230908709851e-08
36000.056 1.610281849840258e-08
36050.056 1.3834044059266322e-08
36100.056 1.1716277194374624e-08
36150.056 2.251544598069898e-08
36200.056 2.5174891077997263e-08
36250.056 1.6651556585531612e-08
36300.056 3.160460447773316e-08
36350.056 2.4919162689801942e-08
36400.056 3.149413428649485e-08
36450.056 2.5036648971569602e-08
36500.056 2.8770251954054415e-08
36550.056 4.285588842700358e-08
36600.056 4.912883924799416e-08
36650.056 3.3117256331492975e-08
36700.056 3.388987753768399e-08
36750.056 4.8445457929005724e-08
36800.056 5.039593250279741e-08
36850.056 3.591916387879311e-08
36900.056 4.1896294448662084e-08
36950.056 5.462824268198986e-08
37000.056 4.259061539039848e-08
37050.056 5.369653716349931e-08
37100.056 3.515846316350363e-08
37150.056 4.617542092000299e-08
37200.056 6.808615711799544e-08
37250.056 3.970931462679144e-08
37300.056 3.3783291233496274e-08
37350.056 5.5081807814808066e-08
37400.056 7.384669828399817e-08
37450.056 3.979807997023776e-08
37500.056 4.560694692819743e-08
37550.056 7.973931179901468e-08
37600.056 9.789420398700445e-08
37650.056 4.282908358050613e-08
37700.056 7.022214942400584e-08
37750.056 5.244414240570492e-08
37800.056 6.284228948000807e-08
37850.056 3.942682757369984e-08
37900.056 4.749918863600082e-08
37950.056 6.41489311919995e-08
38000.056 6.187093293789804e-08
38050.056 7.075542912800882e-08
38100.056 9.12751194408018e-08
38150.056 9.519895342699448e-08
38200.056 7.708046442750072e-08
38250.056 8.364719761300665e-08
38300.056 1.2085331570698492e-07
38350.056 1.1363747768901451e-07
38400.056 6.808430976098031e-08
38450.056 4.9686267488988165e-08
38500.056 4.320706950020842e-08
38550.056 8.336513459100741e-08
38600.056 8.233200875998929e-08
38650.056 8.678609580699516e-08
38700.056 9.444920750799664e-08
38750.056 8.422438201999699e-08
38800.056 8.393876130299806e-08
38850.056 9.355583106900334e-08
38900.056 1.052845153959869e-07
38950.056 8.322338316500353e-08
39000.056 9.655825621898611e-08
39050.056 8.783056073602397e-08
39100.056 9.151308750469658e-08
39150.056 1.1943652257199547e-07
39200.056 9.912687045199852e-08
39250.056 1.12710228380004e-07
39300.056 1.0148209051399958e-07
39350.056 1.3183694171500117e-07
39400.056 1.0289826674699588e-07
39450.056 1.2514090350000674e-07
39500.056 1.3452271864199862e-07
39550.056 9.264884315932074e-08
39600.056 1.1628751109000378e-07
39650.056 1.5189887360999694e-07
39700.056 1.3638627138800736e-07
39750.056 8.967006730901305e-08
39800.056 9.701452641900252e-08
39850.056 1.5556252441000351e-07
39900.056 1.592003721000048e-07
39950.056 1.1499509855499906e-07
40000.056 1.4678427859399684e-07
40050.056 1.467140210799982e-07
40100.056 8.123027347645186e-08
40150.056 1.3994826359600576e-07
40200.056 1.5063687762799095e-07
40250.056 1.5698161721498504e-07
40300.056 1.573022998260115e-07
40350.056 1.1118167771398404e-07
40400.056 1.4613621965099732e-07
40450.056 1.0355850634699392e-07
40500.056 1.535740738349933e-07
40550.056 1.6287803981198716e-07
40600.056 1.571901438200001e-07
40650.056 1.33316760633987e-07
40700.056 1.9060313831999597e-07
40750.056 1.5215266112599084e-07
40800.056 1.1835691400898311e-07
40850.056 1.9224276027001021e-07
40900.056 1.8428757802999129e-07
40950.056 1.4845434356300452e-07
41000.056 1.4905329999199663e-07
41050.056 1.958130902499955e-07
41100.056 1.8148855939998874e-07
41150.056 1.1013619419399719e-07
41200.056 1.867998267080113e-07
41250.056 1.7636810413898208e-07
41300.056 1.8039987558000573e-07
41350.056 2.058837064999992e-07
41400.056 1.7827409108000383e-07
41450.056 2.0590863209000025e-07
41500.056 1.575917026689796e-07
41550.056 1.4932093674301984e-07
41600.056 1.5494651964500603e-07
41650.056 1.920835074600072e-07
41700.056 2.0375247314998752e-07
41750.056 1.834223150299973e-07
41800.056 1.9660775442000459e-07
41850.056 1.588800584849919e-07
41900.056 1.589856615889731e-07
41950.056 1.7649190354400155e-07
42000.056 1.5015311900796054e-07
42050.056 1.452907185900113e-07
42100.056 1.7696948387498578e-07
42150.056 1.548134376279972e-07
42200.056 1.5646652558998838e-07
42250.056 1.5189473003500655e-07
42300.056 1.4567458324099541e-07
42350.056 1.7746484300600358e-07
42400.056 1.8976632754000495e-07
42450.056 1.6831718420201163e-07
42500.056 1.7761403140999616e-07
42550.056 1.629823525599966e-07
42600.056 1.7015221926902455e-07
42650.056 2.1295035187998773e-07
42700.056 1.551387496199785e-07
42750.056 1.4474450135401864e-07
42800.056 1.8865896827000246e-07
42850.056 2.020407421959816e-07
42900.056 2.0275417294001083e-07
42950.056 1.68106707273997e-07
43000.056 1.9208925955999638e-07
43050.056 1.2105321785401524e-07
43100.056 1.8291473374999442e-07
43150.056 1.6097845953100167e-07
43200.056 1.7727799875100458e-07
43250.056 2.332454187300044e-07
43300.056 2.1613295839999712e-07
43350.056 1.3181038978299095e-07
43400.056 1.8564736627000747e-07
43450.056 1.519867274260081e-07
43500.056 1.584502346450022e-07
43550.056 1.527387255380045e-07
43600.056 2.0784966575000342e-07
43650.056 1.3016666853399312e-07
43700.056 2.1081415737002103e-07
43750.056 2.0965690260999398e-07
43800.056 1.8814639488999154e-07
43850.056 1.7481329727601906e-07
43900.056 1.6324603443499557e-07
43950.056 1.2631108981099403e-07
44000.056 1.1367401693299941e-07
44050.056 2.011922395100113e-07
44100.056 2.458698085800043e-07
44150.056 2.370702799799941e-07
44200.056 2.2176799308000335e-07
44250.056 1.5019927426099515e-07
44300.056 1.1227160222200636e-07
44350.056 1.287674122660074e-07
44400.056 1.3454648876999558e-07
44450.056 1.895225486140093e-07
44500.056 1.6798809228401462e-07
44550.056 2.201161220699992e-07
44600.056 1.8582481295700487e-07
44650.056 1.8882547022998994e-07
44700.056 1.4008030489198746e-07
44750.056 1.6915591437101903e-07
44800.056 1.3928226316700537e-07
44850.056 1.9175096236000666e-07
44900.056 1.6584398411799654e-07
44950.056 1.8078673305801072e-07
45000.056 1.9821224512000142e-07
45050.056 1.9210091382998875e-07
45100.056 1.8155522787701155e-07
45150.056 1.7523381241599686e-07
45200.056 1.2585966079200233e-07
45250.056 1.4520542558098815e-07
45300.056 1.4368143671101062e-07
45350.056 1.1232611409280493e-07
45400.056 2.2119881605000834e-07
45450.056 2.063109372000125e-07
45500.056 2.1367424787900599e-07
45550.056 2.3388236398998304e-07
45600.056 2.2285044581000645e-07
45650.056 1.9878139855498726e-07
45700.056 1.2908615615879285e-07
45750.056 1.1489283252700649e-07
45800.056 2.2707645939000667e-07
45850.056 2.038993172330066e-07
45900.056 2.2874345272999652e-07
45950.056 2.0250801422999258e-07
46000.056 2.2004198388501478e-07
46050.056 1.9468962246000322e-07
46100.056 2.3489400335999215e-07
46150.056 1.6362259354100033e-07
46200.056 1.408946617639892e-07
46250.056 6.812906890829529e-08
46300.056 1.659503389100068e-07
46350.056 1.8641727952601064e-07
46400.056 1.8071018897500377e-07
46450.056 1.5615847290598915e-07
46500.056 1.6936941661601632e-07
46550.056 1.2158106247799842e-07
46600.056 1.3299436664978567e-07
46650.056 1.8343986679800954e-07
46700.056 1.4863961159798584e-07
46750.056 7.858856018941113e-08
46800.056 5.815006248439604e-08
46850.056 1.7540692720501692e-07
46900.056 1.992683141699939e-07
46950.056 1.9055170391999317e-07
47000.056 1.8724406584000874e-07
47050.056 1.4325194445996832e-07
47100.056 1.1568779282600243e-07
47150.056 1.618938331150162e-07
47200.056 1.8213665307999506e-07
47250.056 9.753326869898612e-08
47300.056 7.003954234741413e-08
47350.056 1.8792827774000646e-07
47400.056 1.889788030899957e-07
47450.056 1.441482144420123e-07
47500.056 2.0432605214999689e-07
47550.056 1.7377315352200433e-07
47600.056 1.6624163048798955e-07
47650.056 1.7826665183298943e-07
47700.056 1.4902349993102146e-07
47750.056 1.1646214824099938e-07
47800.056 9.90094131260063e-08
47850.056 4.792768715370536e-08
47900.056 7.389257366009746e-08
47950.056 1.6252575415000804e-07
48000.056 1.9294461839999506e-07
48050.056 1.639249869699906e-07
48100.056 8.53545012474014e-08
48150.056 1.348981114830054e-07
48200.056 1.0973972205019402e-07
48250.056 1.455041787700005e-07
48300.056 1.8512714681000163e-07
48350.056 1.3134810400198897e-07
48400.056 3.7207972079312296e-08
48450.056 7.318011748011565e-08
48500.056 1.2216467610498026e-07
48550.056 1.313757141348173e-07
48600.056 1.649433676000023e-07
48650.056 1.8925025324999735e-07
48700.056 1.4945795299600754e-07
48750.056 1.010621271120074e-07
48800.056 1.60177249351008e-07
48850.056 9.708570240988604e-08
48900.056 1.2226467690618936e-07
48950.056 8.061808123799547e-08
49000.056 4.718455009566848e-08
49050.056 1.2217839462898731e-07
49100.056 1.424336284401172e-07
49150.056 1.1382054612119767e-07
49200.056 1.6425334922000906e-07
49250.056 1.6544389498000137e-07
49300.056 1.4379493127299376e-07
49350.056 7.611082462341063e-08
49400.056 9.898605228608261e-08
49450.056 8.855261602396918e-08
49500.056 7.836277947358874e-08
49550.056 2.074778312069951e-08
49600.056 5.0558136492707894e-08
49650.056 1.0395513488000148e-07
49700.056 1.1894171379598927e-07
49750.056 1.1983222347499104e-07
49800.056 7.742814616029822e-08
49850.056 1.4188586462000997e-07
49900.056 1.4054515003799894e-07
49950.056 1.2159005618499555e-07
50000.056 1.0081431916059632e-07
50050.056 1.1821131335900669e-07
50100.056 1.0289264713799572e-07
50150.056 5.2144355689892134e-08
50200.056 1.1834229394264616e-08
50250.056 5.9360651325999e-08
50300.056 4.045342189345636e-08
50350.056 1.1298996607100921e-07
50400.056 1.1902209806699667e-07
50450.056 8.412601023600068e-08
50500.056 1.313775526890072e-07
50550.056 1.3564282281000078e-07
50600.056 9.229326086597906e-08
50650.056 1.2954517834001625e-07
50700.056 1.405798325299985e-07
50750.056 9.141139601000018e-08
50800.056 3.8029337230372826e-08
50850.056 2.2742437088669414e-08
50900.056 1.0580099472200481e-07
50950.056 1.0539232382999695e-07
51000.056 8.206464748968082e-08
51050.056 1.0724561890798561e-07
51100.056 4.8903691655097845e-08
51150.056 5.1090889762190016e-08
51200.056 1.3104528724999931e-07
51250.056 1.0096150592198752e-07
51300.056 6.808012133800768e-08
51350.056 7.309534733000841e-08
51400.056 3.108965409998563e-08
51450.056 2.3904280602923604e-08
51500.056 2.0167923871326885e-08
51550.056 6.908945652800838e-08
51600.056 6.062183110130533e-08
51650.056 7.644398491699551e-08
51700.056 7.755170466829656e-08
51750.056 5.9390770399959764e-08
51800.056 1.0113041902699322e-07
51850.056 7.837315183299695e-08
51900.056 9.840960560900449e-08
51950.056 6.322449948799156e-08
52000.056 8.44940292753702e-09
52050.056 3.5026669654003896e-08
52100.056 2.2178948036196493e-08
52150.056 1.408289655279308e-08
52200.056 3.5620029850998064e-08
52250.056 5.8140242219608446e-08
52300.056 8.016067994799708e-08
52350.056 2.64392417067388e-08
52400.056 2.7992107094410042e-08
52450.056 8.246850034600929e-08
52500.056 7.004643965488783e-08
52550.056 7.269612638099333e-08
52600.056 5.6800862065005804e-08
52650.056 6.910654544500182e-08
52700.056 4.3348585275000704e-08
52750.056 2.182552202039424e-08
52800.056 3.4557000542405796e-08
52850.056 4.324988564549074e-08
52900.056 2.139653194043933e-08
52950.056 3.375566220790431e-08
53000.056 5.97318843300017e-08
53050.056 2.504419782289676e-08
53100.056 7.379398350800413e-08
53150.056 7.830996730500058e-08
53200.056 2.981391276349705e-08
53250.056 6.70761052130039e-08
53300.056 7.62853422071177e-08
53350.056 6.777531564899854e-08
53400.056 4.8277247077996725e-08
