galfind/configs/Brown_Dwarf_templates/sonora_bobcat/m-0.5/1000g/sp_t225g1000nc_m-0.5_resample.dat
# %ECSV 1.0
# ---
# datatype:
# - {name: wav, unit: Angstrom, datatype: float64}
# - {name: flux_nu, unit: erg / (cm2 Hz s), datatype: float64}
# meta: {C/O: '1.00', Kzz: '1.0000E+05', Teff: '225.', Y: '0.28', '[Fe/H]': '-0.50', f_hole: '1.00', f_rain: '0.00', grav: '1000.'}
# schema: astropy-2.0
wav flux_nu
[from data line 498]
28900.056 1.1058378249465122e-13
28950.056 1.1717746623222687e-13
29000.056 5.890000669591112e-14
29050.056 1.7120988101333172e-13
29100.056 1.5939826534660342e-14
29150.056 2.728338679534198e-14
29200.056 4.762183234738336e-13
29250.056 1.5163361020388485e-13
29300.056 5.771470664499474e-14
29350.056 4.58451692541944e-13
29400.056 3.758013642609203e-13
29450.056 4.558195827631511e-14
29500.056 6.642557728358956e-13
29550.056 1.98454239937397e-13
29600.056 9.860976588542092e-14
29650.056 5.995993612109934e-13
29700.056 1.430692452011834e-13
29750.056 6.367757370532878e-13
29800.056 1.7064188706491844e-13
29850.056 1.0973715188520109e-12
29900.056 3.1779992030853714e-13
29950.056 1.794413458483617e-13
30000.056 1.001084924708827e-15
30050.056 1.3866953622996253e-13
30100.056 5.374791445936901e-13
30150.056 6.993488485464207e-13
30200.056 1.0980243451899323e-12
30250.056 1.5110543568297595e-12
30300.056 1.671500593821724e-12
30350.056 3.4858862872953715e-13
30400.056 2.5772125403307966e-12
30450.056 3.364150160349215e-12
30500.056 4.4405395294269106e-13
30550.056 5.247021253791516e-13
30600.056 1.46067766360595e-11
30650.056 6.1330881057362e-12
30700.056 6.137437561352712e-13
30750.056 4.341436100532302e-12
30800.056 7.5560482281143e-12
30850.056 6.22372710730073e-12
30900.056 1.2988867120240511e-12
30950.056 2.2307921562603348e-12
31000.056 3.634485375879936e-12
31050.056 7.260508465607697e-13
31100.056 2.10274138817407e-13
31150.056 1.804784292391006e-12
31200.056 9.281934843600086e-12
31250.056 4.215140452628681e-12
31300.056 6.119054742414843e-13
31350.056 6.075431731110566e-12
31400.056 2.784298308189931e-12
31450.056 2.9584019282497356e-12
31500.056 9.97856088190167e-13
31550.056 2.3967881049057433e-12
31600.056 1.606163525323325e-12
31650.056 8.248649069919697e-13
31700.056 7.738943966601159e-13
31750.056 2.105225858857368e-13
31800.056 3.9706874572796063e-13
31850.056 4.4582625289329636e-14
31900.056 1.2926861773508208e-13
31950.056 3.457001651233061e-14
32000.056 3.0833203924013185e-14
32050.056 1.460764705796798e-14
32100.056 9.709486843986646e-15
32150.056 5.929967344399072e-15
32200.056 1.5409932534912594e-15
32250.056 3.677320417860468e-15
32300.056 3.1415386339859484e-16
32350.056 1.1840129152980081e-15
32400.056 4.421063630138418e-17
32450.056 7.345816516580225e-16
32500.056 4.0045789396286024e-17
32550.056 4.782042978800139e-16
32600.056 1.5581171236664356e-17
32650.056 5.981861254600259e-16
32700.056 2.3179611701340173e-17
32750.056 2.4528555732004156e-15
32800.056 4.060939717089096e-16
32850.056 1.7415813247461794e-14
32900.056 6.144227413748899e-15
32950.056 2.027476065095048e-14
33000.056 4.362284427164829e-15
33050.056 8.824294648282158e-16
33100.056 9.204878530917041e-17
33150.056 3.004188795968706e-19
33200.056 5.837861078351884e-17
33250.056 1.9126470533430117e-16
33300.056 9.742244893699077e-15
33350.056 2.776988261272537e-15
33400.056 2.5046022687298545e-14
33450.056 3.7913800211726894e-16
33500.056 9.550758891980592e-15
33550.056 9.27583782448367e-16
33600.056 5.0111092891717596e-15
33650.056 8.168638224441985e-15
33700.056 4.629834753073086e-16
33750.056 9.81987330673368e-15
33800.056 1.4464217138235895e-16
33850.056 4.41350942748457e-15
33900.056 4.360337810553402e-15
33950.056 8.377342193782061e-15
34000.056 3.1864976306994924e-14
34050.056 4.317974951736247e-15
34100.056 5.307391595833555e-14
34150.056 1.13387844375401e-14
34200.056 1.1491628959338214e-13
34250.056 3.158863230030043e-14
34300.056 5.786996660886621e-14
34350.056 4.515652502385936e-13
34400.056 2.848400589461905e-14
34450.056 2.6157290763432147e-13
34500.056 4.531946696206861e-14
34550.056 4.906611329617342e-13
34600.056 2.8522652067284418e-12
34650.056 6.163153518790748e-14
34700.056 1.892458461427138e-12
34750.056 3.4218631397673567e-13
34800.056 3.4338483676688105e-13
34850.056 1.1608953773248515e-12
34900.056 1.3804130297511656e-13
34950.056 2.461924832637196e-12
35000.056 1.7050310969971594e-12
35050.056 4.527400492189289e-12
35100.056 5.587577777877334e-12
35150.056 9.532897884399599e-12
35200.056 1.229056130950157e-11
35250.056 1.7873107673770238e-11
35300.056 1.7347472325480843e-12
35350.056 2.575050847995053e-13
35400.056 1.2646448273451204e-13
35450.056 1.6618026028608472e-13
35500.056 2.348493017614129e-12
35550.056 4.001897518010047e-12
35600.056 6.0367626055782044e-12
35650.056 4.133817018970154e-12
35700.056 8.239829136951903e-12
35750.056 8.162315050047596e-12
35800.056 1.2769596628627355e-12
35850.056 1.0670255544547606e-12
35900.056 3.513270152471332e-12
35950.056 1.3693463498891099e-11
36000.056 1.8645063524200767e-11
36050.056 7.982512149716355e-12
36100.056 6.808680413672363e-12
36150.056 6.848875157192255e-11
36200.056 3.935164342329754e-11
36250.056 1.1401039488779395e-11
36300.056 4.539341487373144e-11
36350.056 4.195175642709861e-11
36400.056 5.142973405199665e-11
36450.056 1.8268247097122544e-11
36500.056 1.9206965088800708e-11
36550.056 1.272101436420049e-10
36600.056 1.5465716642999714e-10
36650.056 3.103841315937865e-11
36700.056 5.6348756686020726e-11
36750.056 1.9999811271001542e-10
36800.056 1.7593295312098152e-10
36850.056 4.477298062956739e-11
36900.056 4.5217024109132304e-11
36950.056 2.1555233710898877e-10
37000.056 1.5475512938502235e-10
37050.056 1.689828541961754e-10
37100.056 2.0133897119645145e-11
37150.056 6.481154455230013e-11
37200.056 3.7235795782001963e-10
37250.056 1.246293063717715e-10
37300.056 3.912164366010415e-11
37350.056 8.646788227353925e-11
37400.056 1.948421870773991e-10
37450.056 1.1365328338398914e-10
37500.056 8.268103734339547e-11
37550.056 4.071155663210763e-10
37600.056 7.432889278699469e-10
37650.056 9.2767007551014e-11
37700.056 2.2616979975101467e-10
37750.056 1.9381376555799717e-10
37800.056 2.371672587300395e-10
37850.056 1.6746546201099659e-10
37900.056 1.2680584731469697e-10
37950.056 1.7068470194799372e-10
38000.056 1.267079384962037e-10
38050.056 3.7607035581602014e-10
38100.056 6.340561233589561e-10
38150.056 6.96485611203954e-10
38200.056 3.726438309533886e-10
38250.056 6.582251298870839e-10
38300.056 1.4485056735798563e-09
38350.056 7.18107582420088e-10
38400.056 1.931209327059154e-10
38450.056 3.999219332618996e-11
38500.056 9.101744452961855e-11
38550.056 5.309911593900456e-10
38600.056 8.406452199999525e-10
38650.056 5.325520666019944e-10
38700.056 3.1543469826295387e-10
38750.056 5.601800074389874e-10
38800.056 5.744101688200091e-10
38850.056 6.686251767400434e-10
38900.056 5.272212096895191e-10
38950.056 4.0626634675007883e-10
39000.056 8.703764274099244e-10
39050.056 2.3780156434002887e-10
39100.056 2.469126686983282e-10
39150.056 8.476239541300143e-10
39200.056 9.25417211630008e-10
39250.056 5.844727936049936e-10
39300.056 5.579074965260592e-10
39350.056 1.4881817783600205e-09
39400.056 7.255380895578749e-10
39450.056 1.1682139132801083e-09
39500.056 1.443599759619908e-09
39550.056 4.942397750600722e-10
39600.056 7.931523364801556e-10
39650.056 2.1089930192000324e-09
39700.056 1.8578046634999476e-09
39750.056 4.582076606389174e-10
39800.056 2.659509120570201e-10
39850.056 1.5875102335401643e-09
39900.056 2.3228228787999446e-09
39950.056 1.1112107604600214e-09
40000.056 1.5979979605000763e-09
40050.056 1.440572277439874e-09
40100.056 2.916221758339068e-10
40150.056 1.438975667400103e-09
40200.056 2.0377785247999525e-09
40250.056 2.332779526499914e-09
40300.056 2.2112617258000398e-09
40350.056 7.911457000598626e-10
40400.056 8.719243336839708e-10
40450.056 5.740770495000376e-10
40500.056 1.829943658810088e-09
40550.056 2.4038988523999516e-09
40600.056 2.819432327099978e-09
40650.056 1.5642607531898487e-09
40700.056 2.27237291040003e-09
40750.056 1.8480114975998783e-09
40800.056 1.1621756304100024e-09
40850.056 3.22185727620014e-09
40900.056 3.492754090099921e-09
40950.056 1.7622882493098824e-09
41000.056 1.7476947336399729e-09
41050.056 3.3035084042001376e-09
41100.056 2.8194436802597333e-09
41150.056 8.999691078299712e-10
41200.056 2.9563672268203277e-09
41250.056 3.273239086799723e-09
41300.056 3.5425096087002446e-09
41350.056 4.913751738100031e-09
41400.056 4.353792156999921e-09
41450.056 4.252955435799989e-09
41500.056 2.56253420149979e-09
41550.056 2.2772028850001583e-09
41600.056 2.677644910999919e-09
41650.056 4.48520228520024e-09
41700.056 5.573465044099954e-09
41750.056 4.969040283000058e-09
41800.056 5.163602837499938e-09
41850.056 3.605998475799875e-09
41900.056 2.896643140099764e-09
41950.056 2.3987096377998434e-09
42000.056 1.0070830203098002e-09
42050.056 1.5106383474401e-09
42100.056 2.6219216267000167e-09
42150.056 3.322266344800051e-09
42200.056 3.8048443411999745e-09
42250.056 3.25151296850004e-09
42300.056 3.0787761553999384e-09
42350.056 4.523149546000138e-09
42400.056 5.681698693100079e-09
42450.056 6.413379569000048e-09
42500.056 6.611751404799992e-09
42550.056 6.211547921499924e-09
42600.056 5.061335230400087e-09
42650.056 5.4537248795997594e-09
42700.056 3.71242138209998e-09
42750.056 5.778875843400212e-09
42800.056 7.1192871092000405e-09
42850.056 7.198978370799966e-09
42900.056 6.951210879599981e-09
42950.056 6.4009512489000275e-09
43000.056 6.554712357999958e-09
43050.056 5.097714534299702e-09
43100.056 5.7072611934002005e-09
43150.056 6.380681887900065e-09
43200.056 7.158414042700037e-09
43250.056 7.411297704400003e-09
43300.056 7.0992875955999156e-09
43350.056 6.332837520899994e-09
43400.056 6.52503879049996e-09
43450.056 5.425139508699966e-09
43500.056 4.579192480200024e-09
43550.056 5.618989487200118e-09
43600.056 6.842580246699991e-09
43650.056 5.774037675399901e-09
43700.056 6.646207097900255e-09
43750.056 7.352966632599977e-09
43800.056 6.757179320699919e-09
43850.056 6.251021214300022e-09
43900.056 5.5158721947999954e-09
43950.056 5.202190742299983e-09
44000.056 5.571859022300042e-09
44050.056 6.92357478750017e-09
44100.056 7.536873437000001e-09
44150.056 7.312947343199984e-09
44200.056 7.165556511999959e-09
44250.056 6.257934533299913e-09
44300.056 5.094903332399895e-09
44350.056 4.659456707000041e-09
44400.056 5.278424145300023e-09
44450.056 6.416297852800125e-09
44500.056 6.382855115199958e-09
44550.056 6.738544260700027e-09
44600.056 6.301588767899996e-09
44650.056 6.639758866399959e-09
44700.056 6.172388294599913e-09
44750.056 6.416803541100052e-09
44800.056 5.582164901399908e-09
44850.056 6.0864297740001115e-09
44900.056 6.476817817600012e-09
44950.056 6.914428604800063e-09
45000.056 7.121008657499988e-09
45050.056 6.691465947199894e-09
45100.056 6.476527791000078e-09
45150.056 6.22853848669995e-09
45200.056 5.068316282199924e-09
45250.056 5.477658397100011e-09
45300.056 5.170164809099892e-09
45350.056 4.193565543700162e-09
45400.056 6.519914329100062e-09
45450.056 6.322175451600098e-09
45500.056 6.941276320400066e-09
45550.056 6.90333734339991e-09
45600.056 6.802254146800033e-09
45650.056 6.496605580399878e-09
45700.056 4.707877966899632e-09
45750.056 4.5712813360002746e-09
45800.056 6.291417683199988e-09
45850.056 5.781788017000094e-09
45900.056 6.944761361200035e-09
45950.056 7.025882905799972e-09
46000.056 6.816287921899974e-09
46050.056 6.297365457900061e-09
46100.056 6.656824454899934e-09
46150.056 5.898044155899958e-09
46200.056 4.43490403299965e-09
46250.056 2.4174089400000435e-09
46300.056 4.8634616010002195e-09
46350.056 5.634837895499985e-09
46400.056 5.794056695900023e-09
46450.056 4.682390847999905e-09
46500.056 5.6501521812000085e-09
46550.056 4.4788953795998175e-09
46600.056 3.617817720999977e-09
46650.056 4.9592524220000845e-09
46700.056 4.149817846699763e-09
46750.056 2.0966514712000293e-09
46800.056 1.2922396858199389e-09
46850.056 3.6704488740004258e-09
46900.056 5.458126453900092e-09
46950.056 5.883703739200014e-09
47000.056 5.964389875199986e-09
47050.056 4.592232422099787e-09
47100.056 4.682565000500051e-09
47150.056 4.958643014700082e-09
47200.056 4.834632460499868e-09
47250.056 2.3719565083295924e-09
47300.056 1.8771897575403867e-09
47350.056 4.607563065500162e-09
47400.056 5.3383581261999975e-09
47450.056 4.396260891499978e-09
47500.056 5.322577561000164e-09
47550.056 5.554582027599966e-09
47600.056 4.1448512974998795e-09
47650.056 4.472906943799892e-09
47700.056 4.158436451900129e-09
47750.056 3.741492869399901e-09
47800.056 2.058263237379733e-09
47850.056 6.833821421201029e-10
47900.056 1.4989007555700774e-09
47950.056 3.628035835800232e-09
48000.056 4.214879732999858e-09
48050.056 3.802616934000055e-09
48100.056 2.7082089012999348e-09
48150.056 3.787566829600048e-09
48200.056 2.3051850840998214e-09
48250.056 3.389280127500104e-09
48300.056 3.485229297599911e-09
48350.056 2.1081117953997416e-09
48400.056 4.350828156298938e-10
48450.056 7.109198699701579e-10
48500.056 1.5961667679798835e-09
48550.056 1.983517125750377e-09
48600.056 4.014277815700101e-09
48650.056 4.517032285700011e-09
48700.056 4.419358806599997e-09
48750.056 4.2970919480999875e-09
48800.056 3.985457282299907e-09
48850.056 2.2598582019998365e-09
48900.056 1.4626302133798234e-09
48950.056 7.166429198599589e-10
49000.056 5.611690918101316e-10
49050.056 1.8696979480999877e-09
49100.056 2.7337700171002417e-09
49150.056 3.0485710338999988e-09
49200.056 3.89653209920009e-09
49250.056 3.9454799756999605e-09
49300.056 3.0748428267997926e-09
49350.056 1.6697515392901204e-09
49400.056 1.7507663030797748e-09
49450.056 1.2583440213901502e-09
49500.056 8.596517576998601e-10
49550.056 2.0034803939598746e-10
49600.056 3.574120765440623e-10
49650.056 1.4570636592801573e-09
49700.056 2.291317840000053e-09
49750.056 1.6613437271199158e-09
49800.056 1.0882757337500356e-09
49850.056 2.493879466300143e-09
49900.056 2.9721447820000026e-09
49950.056 2.6758326405999285e-09
50000.056 1.3467740188997735e-09
50050.056 1.1710724755401592e-09
50100.056 1.1203671974499232e-09
50150.056 3.773229201299351e-10
50200.056 1.076757831860122e-10
50250.056 3.3354874998000494e-10
50300.056 3.1759446232005085e-10
50350.056 1.2717157398101154e-09
50400.056 2.04615108100008e-09
50450.056 2.3897372064999993e-09
50500.056 2.652535229900054e-09
50550.056 2.76667460669995e-09
50600.056 2.0156968152999563e-09
50650.056 2.439095629999994e-09
50700.056 1.9697555310999e-09
50750.056 1.1094827845399084e-09
50800.056 2.8673163783393034e-10
50850.056 1.7184652523003832e-10
50900.056 8.22146909790101e-10
50950.056 1.1500415848299278e-09
51000.056 8.384781483401387e-10
51050.056 1.6211798059999388e-09
51100.056 1.005705983819924e-09
51150.056 4.757839191600778e-10
51200.056 1.4885391898400843e-09
51250.056 1.5183990836999583e-09
51300.056 1.0263503067599362e-09
51350.056 4.620561417199147e-10
51400.056 1.7873393297001566e-10
51450.056 1.4773948336297522e-10
51500.056 1.6298873767903216e-10
51550.056 5.413199181500606e-10
51600.056 9.636258420200441e-10
51650.056 1.294996050700027e-09
51700.056 9.691907331398585e-10
51750.056 9.047620742001205e-10
51800.056 1.3468520829999944e-09
51850.056 1.116548287179947e-09
51900.056 7.693248669199503e-10
51950.056 3.564775511499408e-10
52000.056 1.0767332880399214e-10
52050.056 2.2487837504000592e-10
52100.056 1.4133976265897985e-10
52150.056 9.867662149301797e-11
52200.056 2.893258582000293e-10
52250.056 4.958383733000195e-10
52300.056 4.6481591985996946e-10
52350.056 1.6249574629199457e-10
52400.056 1.9893838755000908e-10
52450.056 5.492609590700526e-10
52500.056 4.5361416546998856e-10
52550.056 8.503972692999903e-10
52600.056 9.464167900000557e-10
52650.056 1.024711364549966e-09
52700.056 5.858092461699367e-10
52750.056 1.824247694759716e-10
52800.056 3.2865631381003834e-10
52850.056 3.6492909217997777e-10
52900.056 1.34746438331972e-10
52950.056 2.0332624214002906e-10
53000.056 4.524898186100119e-10
53050.056 2.8107676463999635e-10
53100.056 6.917707252800666e-10
53150.056 7.946070642799768e-10
53200.056 5.441346494399807e-10
53250.056 6.97338141079996e-10
53300.056 6.097566382999992e-10
53350.056 5.072122024499738e-10
53400.056 3.21819619199976e-10
53450.056 1.518842443889806e-10
53500.056 6.932246547099692e-11
53550.056 1.0056637052400316e-10
53600.056 2.0580593804903271e-10
