galfind/configs/Brown_Dwarf_templates/sonora_bobcat/m-0.5/1000g/sp_t1400g1000nc_m-0.5_resample.dat
# %ECSV 1.0
# ---
# datatype:
# - {name: wav, unit: Angstrom, datatype: float64}
# - {name: flux_nu, unit: erg / (cm2 Hz s), datatype: float64}
# meta: {C/O: '1.00', Kzz: '1.0000E+05', Teff: '1400.', Y: '0.28', '[Fe/H]': '-0.50', f_hole: '1.00', f_rain: '0.00', grav: '1000.'}
# schema: astropy-2.0
wav flux_nu
4000.0559999999996 nan
4050.0559999999996 7.874885331414014e-11
4100.056 6.47668361434953e-10
4150.056 7.69983685316029e-10
4200.056 6.120279809329926e-10
4250.056 6.626669486660697e-10
4300.056 5.975500323510608e-10
4350.056 5.876664590100258e-10
4400.056 6.772589204300341e-10
4450.056 6.038354704200165e-10
4500.056 6.134022926600353e-10
4550.056 7.702407351999254e-10
4600.056 7.475205890399915e-10
4650.056 7.132647168499594e-10
4700.056 8.696134355800051e-10
4750.056 7.685566366499892e-10
4800.056 3.560235404400112e-10
4850.056 2.615698067900011e-10
4900.056 1.9780935205999784e-10
4950.056 9.958210706399928e-11
5000.056 3.485723293399965e-11
5050.056 1.3123221331999927e-11
5100.056 1.0517655020799955e-11
5150.056 9.109108817099987e-12
5200.056 7.82827812399997e-12
5250.056 6.301691290799977e-12
5300.056 4.969455764199986e-12
5350.056 3.921126155799988e-12
5400.056 3.0980805494999907e-12
5450.056 2.414146026499991e-12
5500.056 1.8403062257999944e-12
5550.056 1.3692024840999953e-12
5600.056 9.912783662199955e-13
5650.056 6.89253575989997e-13
5700.056 4.593316326099977e-13
5750.056 2.8790224537999807e-13
5800.056 1.695407183299987e-13
5850.056 8.462338700799888e-14
5900.056 2.1106684904744205e-14
5950.056 1.8607801249000284e-13
6000.056 5.9853252442001e-13
6050.056 1.7135492937900218e-12
6100.056 4.3498215669000506e-12
6150.056 9.968757677800105e-12
6200.056 2.0654094019000183e-11
6250.056 3.9335829085000355e-11
6300.056 7.025276642400059e-11
6350.056 1.189808026630009e-10
6400.056 1.920960265500014e-10
6450.056 2.980601913900021e-10
6500.056 4.4862890568000317e-10
6550.056 6.598050151600042e-10
6600.056 9.517608313500055e-10
6650.056 1.326439447700002e-09
6700.056 1.0559860269148195e-09
6750.056 2.289877315700019e-09
6800.056 3.1024884544000057e-09
6850.056 3.4622450410999996e-09
6900.056 3.2793213720999914e-09
6950.056 2.9214060513999934e-09
7000.056 2.8552014145000037e-09
7050.056 3.115391337100001e-09
7100.056 3.4555424162000053e-09
7150.056 3.6883791517999928e-09
7200.056 3.727112239300015e-09
7250.056 3.5002298202999713e-09
7300.056 3.108454293899993e-09
7350.056 2.6713971664999876e-09
7400.056 2.2565478029999973e-09
7450.056 1.834476088199996e-09
7500.056 1.4051044309999918e-09
7550.056 9.860065152999924e-10
7600.056 5.826238973799911e-10
7650.056 6.987525167667126e-11
7700.056 2.2960359921324017e-11
7750.056 3.499064532900112e-10
7800.056 9.246949142474217e-10
7850.056 2.220086624200025e-09
7900.056 3.6500363866000273e-09
7950.056 4.353541312662831e-09
8000.056 7.978231184200066e-09
8050.056 1.0977703393100083e-08
8100.056 1.4550841950000054e-08
8150.056 1.8790759220000078e-08
8200.056 2.287907604400028e-08
8250.056 2.973538131500026e-08
8300.056 3.65256681950007e-08
8350.056 4.4036168291000093e-08
8400.056 5.248597770099992e-08
8450.056 6.098191560500001e-08
8500.056 6.246346888344361e-08
8550.056 7.786252492100266e-08
8600.056 8.85073123660004e-08
8650.056 8.54385427419978e-08
8700.056 9.317274183099276e-08
8750.056 1.0485014132700203e-07
8800.056 1.2527182295900123e-07
8850.056 1.4042356349699792e-07
8900.056 1.5218518200500055e-07
8950.056 1.4398238137345712e-07
9000.056 1.926935245299979e-07
9050.056 2.038390505100043e-07
9100.056 2.3371813040000265e-07
9150.056 2.597108996800022e-07
9200.056 2.841192487299912e-07
9250.056 2.8804056145098866e-07
9300.056 2.3056853215898875e-07
9350.056 2.7365008617401785e-07
9400.056 3.284619242849909e-07
9450.056 3.561565117280137e-07
9500.056 3.835576662049771e-07
9550.056 4.1318804983623537e-07
9600.056 4.319190536500138e-07
9650.056 4.730660734080049e-07
9700.056 5.371592536449715e-07
9750.056 5.321318790190015e-07
9800.056 5.682742719219826e-07
9850.056 5.786661345000021e-07
9900.056 4.088283756199817e-07
9950.056 3.2726568329000005e-07
10000.056 2.78209018451e-07
10050.056 3.5546499687000056e-07
10100.056 4.136409339800083e-07
10150.056 4.1418347455998616e-07
10200.056 4.501102091999984e-07
10250.056 4.811844931900018e-07
10300.056 4.838127849199989e-07
10350.056 5.53933029330022e-07
10400.056 6.042197874899868e-07
10450.056 6.33276801390001e-07
10500.056 6.448382380499989e-07
10550.056 6.7521001100001e-07
10600.056 7.231188097799951e-07
10650.056 7.541331275900262e-07
10700.056 7.982706776700127e-07
10750.056 8.46365576580014e-07
10800.056 8.976511756600015e-07
10850.056 9.84004069949991e-07
10900.056 9.974695397299962e-07
10950.056 9.507866939899868e-07
11000.056 8.762758830299685e-07
11050.056 7.762077186679722e-07
11100.056 7.34661112130043e-07
11150.056 7.120778562502744e-07
11200.056 7.476722586637058e-07
11250.056 9.181930110470156e-07
11300.056 8.863020775022723e-07
11350.056 6.724067261409112e-07
11400.056 7.351428814000348e-07
11450.056 8.622168079805235e-07
11500.056 1.0436014582595943e-06
11550.056 9.021633066711202e-07
11600.056 9.499258313310699e-07
11650.056 9.397184948041261e-07
11700.056 6.534531976080068e-07
11750.056 6.461713501039416e-07
11800.056 7.502176146540324e-07
11850.056 1.1517719549480144e-06
11900.056 1.348140431509921e-06
11950.056 1.2443469093500098e-06
12000.056 1.1257241956500117e-06
12050.056 1.3454008510900441e-06
12100.056 1.3710840987299755e-06
12150.056 1.5884472326699848e-06
12200.056 1.5741448102999316e-06
12250.056 1.7171150912999935e-06
12300.056 1.7992411364000234e-06
12350.056 1.7330856359999826e-06
12400.056 1.5646198191999824e-06
12450.056 1.4688148704000176e-06
12500.056 1.492190502759975e-06
12550.056 1.5713141654800635e-06
12600.056 1.919285492800007e-06
12650.056 1.9445502430999906e-06
12700.056 2.1209298095000763e-06
12750.056 2.0734531527999714e-06
12800.056 2.139806056700049e-06
12850.056 2.0538004788699646e-06
12900.056 1.9386057013000138e-06
12950.056 1.9763518030899786e-06
13000.056 2.0466113528999824e-06
13050.056 2.1094559033399653e-06
13100.056 2.125329653459955e-06
13150.056 2.068961558869987e-06
13200.056 1.96294306763998e-06
13250.056 1.7087957603329944e-06
13300.056 1.2776765791628932e-06
13350.056 5.423132230059945e-07
13400.056 3.429488096971597e-07
13450.056 2.6787303469719173e-07
13500.056 2.0827861771671502e-07
13550.056 1.7572533359214216e-07
13600.056 1.6178429575256974e-07
13650.056 2.6880784877708895e-07
13700.056 2.254543730084735e-07
13750.056 2.6662469580714524e-07
13800.056 3.2972215240900996e-07
13850.056 2.721050810495477e-07
13900.056 2.6093310355283853e-07
13950.056 2.4096976371949626e-07
14000.056 2.2546363340234815e-07
14050.056 2.5645068347352417e-07
14100.056 2.0177482377279709e-07
14150.056 2.4951032420980103e-07
14200.056 2.109325959582774e-07
14250.056 2.0256010308382096e-07
14300.056 2.621203506990231e-07
14350.056 2.676645973009269e-07
14400.056 2.778682359452612e-07
14450.056 3.05881794627502e-07
14500.056 4.0432569826036976e-07
14550.056 4.101720415682857e-07
14600.056 5.186179214916873e-07
14650.056 5.046828303265748e-07
14700.056 4.432923558781121e-07
14750.056 5.166133544891045e-07
14800.056 5.750048447932802e-07
14850.056 6.30930634848344e-07
14900.056 6.123627289803773e-07
14950.056 6.600792961090569e-07
15000.056 7.07023480031011e-07
15050.056 8.203168602319361e-07
15100.056 8.346501793270007e-07
15150.056 9.069388696090542e-07
15200.056 9.387284041239397e-07
15250.056 1.028818863810013e-06
15300.056 1.0870034439799748e-06
15350.056 1.1825735572799639e-06
15400.056 1.2476390324900167e-06
15450.056 1.3104896395800482e-06
15500.056 1.344938076040022e-06
15550.056 1.4274788253599384e-06
15600.056 1.4501452691500257e-06
15650.056 1.479627244920031e-06
15700.056 1.5598060501800566e-06
15750.056 1.5881495809999842e-06
15800.056 1.5775715860000246e-06
15850.056 1.5266003825000027e-06
15900.056 1.5177329203000122e-06
15950.056 1.4945967200999664e-06
16000.056 1.4536328153000067e-06
16050.056 1.3658885509299895e-06
16100.056 1.282770874589966e-06
16150.056 1.1628885542899727e-06
16200.056 1.071984375299922e-06
16250.056 1.0324410429099375e-06
16300.056 9.970533467919994e-07
16350.056 1.0338105117870104e-06
16400.056 1.0653850191240607e-06
16450.056 1.0987747427970235e-06
16500.056 1.1381374438710327e-06
16550.056 1.1250391831589766e-06
16600.056 1.1054538184700466e-06
16650.056 9.658825747410457e-07
16700.056 8.185505645160379e-07
16750.056 8.708072172599815e-07
16800.056 9.77060965780022e-07
16850.056 9.727638065299348e-07
16900.056 9.44584471540025e-07
16950.056 8.993698859299666e-07
17000.056 8.56716562530098e-07
17050.056 9.34446984060048e-07
17100.056 9.435521405300095e-07
17150.056 8.878346139699854e-07
17200.056 9.102871640999282e-07
17250.056 8.543740150099191e-07
17300.056 8.025305387700251e-07
17350.056 7.508466535639793e-07
17400.056 7.301169969659821e-07
17450.056 6.90491182145864e-07
17500.056 6.945097422330835e-07
17550.056 6.408838014360363e-07
17600.056 6.145734024756206e-07
17650.056 6.069946398773617e-07
17700.056 5.110738103303807e-07
17750.056 4.705047467448876e-07
17800.056 4.972311544305575e-07
17850.056 3.998465643081813e-07
17900.056 4.41759881498913e-07
17950.056 3.902981004050838e-07
18000.056 3.8073520520469745e-07
18050.056 3.6365707368200143e-07
18100.056 3.6518858461867827e-07
18150.056 4.1646284087813874e-07
18200.056 3.1276954835480655e-07
18250.056 4.584417108702445e-07
18300.056 3.7708368546251494e-07
18350.056 3.603024311647413e-07
18400.056 3.4379572545039685e-07
18450.056 3.37866582691575e-07
18500.056 3.513028507032116e-07
18550.056 3.0346211803416195e-07
18600.056 2.6327265575110387e-07
18650.056 2.760579914689855e-07
18700.056 2.966732887001019e-07
18750.056 3.2026255991826863e-07
18800.056 4.06518267120664e-07
18850.056 4.518976384826994e-07
18900.056 4.273977117618608e-07
18950.056 5.325137446287101e-07
19000.056 4.776643502379638e-07
19050.056 4.249526416136693e-07
19100.056 5.283275771763119e-07
19150.056 4.6563848392674805e-07
19200.056 4.99443210071474e-07
19250.056 4.378417477938173e-07
19300.056 4.43439797697099e-07
19350.056 4.159283990520541e-07
19400.056 3.152543793933533e-07
19450.056 4.354383870033725e-07
19500.056 4.321844986079955e-07
19550.056 3.5590983148043644e-07
19600.056 4.062162547641085e-07
19650.056 4.5026391884476256e-07
19700.056 4.4034732150422915e-07
19750.056 4.225391926192307e-07
19800.056 4.6667582761255665e-07
19850.056 5.241244564553877e-07
19900.056 4.3594195285462677e-07
19950.056 5.533130316209787e-07
20000.056 5.013339326330578e-07
20050.056 5.752152032170081e-07
20100.056 5.606779398188402e-07
20150.056 6.026775292630805e-07
20200.056 6.283992588170393e-07
20250.056 6.611981680599265e-07
20300.056 6.527329337560552e-07
20350.056 7.100308001829544e-07
20400.056 7.064007460738628e-07
20450.056 7.351015001599052e-07
20500.056 7.594028505199365e-07
20550.056 7.599963873100059e-07
20600.056 8.037125401600293e-07
20650.056 7.943643832900277e-07
20700.056 8.107508410800272e-07
20750.056 8.123425222999929e-07
20800.056 8.315026755499795e-07
20850.056 8.188328380199847e-07
20900.056 8.392559937899521e-07
20950.056 8.310450273700038e-07
21000.056 8.293130034100183e-07
21050.056 8.255590531899946e-07
21100.056 8.182110301800037e-07
21150.056 8.230383998699539e-07
21200.056 8.075734832400076e-07
21250.056 8.042826483499566e-07
21300.056 7.792833889099757e-07
21350.056 7.78247213310013e-07
21400.056 7.638901867700558e-07
21450.056 7.536399728600061e-07
21500.056 7.34260889070022e-07
21550.056 7.204682696300144e-07
21600.056 6.990233227000288e-07
21650.056 6.801823284000095e-07
21700.056 6.746762791100096e-07
21750.056 6.384197254200144e-07
21800.056 6.109775558699445e-07
21850.056 5.819006125800151e-07
21900.056 5.35872718219993e-07
21950.056 4.652524222200308e-07
22000.056 3.568904499180175e-07
22050.056 3.0229360852094644e-07
22100.056 3.428611178090569e-07
22150.056 3.774754557899831e-07
22200.056 3.909425017129907e-07
22250.056 3.8944900591604816e-07
22300.056 3.567888614359952e-07
22350.056 3.490243095990343e-07
22400.056 3.141346572069828e-07
22450.056 2.921779982499926e-07
22500.056 2.9908095060406245e-07
22550.056 2.740123958869691e-07
22600.056 2.7796161142604985e-07
22650.056 2.7650502530201715e-07
22700.056 2.621422821039948e-07
22750.056 2.6238751126902866e-07
22800.056 2.531646417459699e-07
22850.056 2.328216469130182e-07
22900.056 2.2782097516496684e-07
22950.056 2.1967036483196688e-07
23000.056 2.436487735179986e-07
23050.056 2.837875318939886e-07
23100.056 3.358625049420298e-07
23150.056 3.294455432659842e-07
23200.056 2.0462343582098693e-07
23250.056 2.171148064560291e-07
23300.056 1.895171981960468e-07
23350.056 1.8551082714900716e-07
23400.056 1.877275302640143e-07
23450.056 1.920758811250111e-07
23500.056 2.0467000151404296e-07
23550.056 2.3417307026801433e-07
23600.056 2.552059218559629e-07
23650.056 2.8521429206997255e-07
23700.056 2.1194457380505264e-07
23750.056 2.0454442570198786e-07
23800.056 1.9666041097498897e-07
23850.056 2.1278410349502084e-07
23900.056 2.641193547100275e-07
23950.056 2.782350684240271e-07
24000.056 3.015418337479637e-07
24050.056 3.1629816952102206e-07
24100.056 3.006695924249801e-07
24150.056 3.1872551861507307e-07
24200.056 3.229450280989826e-07
24250.056 3.1059271663101126e-07
24300.056 3.268901106100362e-07
24350.056 2.9477750408195446e-07
24400.056 3.4338254361903334e-07
24450.056 3.1194493224293696e-07
24500.056 3.1988348121196804e-07
24550.056 3.256421396130791e-07
24600.056 3.3099274746800983e-07
24650.056 3.792767696970407e-07
24700.056 3.029961123529516e-07
24750.056 3.016821983350164e-07
24800.056 3.120399549764137e-07
24850.056 3.786939765940654e-07
24900.056 2.6023472176909127e-07
24950.056 3.656462702010279e-07
25000.056 3.330584627450647e-07
25050.056 2.532279817205539e-07
25100.056 3.2521888063507053e-07
25150.056 2.63890973858375e-07
25200.056 3.023421789892429e-07
25250.056 2.464192242787643e-07
25300.056 3.012661926622133e-07
25350.056 2.2726606691960696e-07
25400.056 3.0904284728045623e-07
25450.056 2.2901090249167335e-07
25500.056 2.4715191976892705e-07
25550.056 2.479456874783032e-07
25600.056 2.5529301711025975e-07
25650.056 1.99448442684602e-07
25700.056 3.0884087558561434e-07
25750.056 1.8673162189263994e-07
25800.056 3.133536722966534e-07
25850.056 2.170493205711841e-07
25900.056 2.8278411524100225e-07
25950.056 1.9783157203582145e-07
26000.056 3.248598282030993e-07
26050.056 2.717301888645575e-07
26100.056 3.427990266392248e-07
26150.056 3.023557991938697e-07
26200.056 3.071566435538163e-07
26250.056 3.773429298659362e-07
26300.056 3.1603559612032593e-07
26350.056 4.1870945797417763e-07
26400.056 4.0138499582595943e-07
26450.056 4.005344134060344e-07
26500.056 4.3377213729092736e-07
26550.056 3.3829151631247526e-07
26600.056 4.368433173389667e-07
26650.056 2.825570553327481e-07
26700.056 2.7892873654061263e-07
26750.056 2.069283947558997e-07
26800.056 2.710327014187767e-07
26850.056 1.8393107133412456e-07
26900.056 3.020077565260945e-07
26950.056 1.8709478800105426e-07
27000.056 3.1834778778805013e-07
27050.056 2.6120937049098523e-07
27100.056 2.4729789904795143e-07
27150.056 3.13088982858029e-07
27200.056 2.671775807117161e-07
27250.056 2.734458055058601e-07
27300.056 4.248832557550439e-07
27350.056 3.564044122220235e-07
27400.056 2.1092475737618479e-07
27450.056 4.345979420599568e-07
27500.056 4.0591999835848485e-07
27550.056 2.775509363485408e-07
27600.056 4.1529414523379804e-07
27650.056 2.622303649381987e-07
27700.056 2.3239662089507717e-07
27750.056 4.179470755739634e-07
27800.056 2.5339143496008493e-07
27850.056 2.8271492549403297e-07
27900.056 3.083292165680242e-07
27950.056 4.246224184080101e-07
28000.056 3.496704497760181e-07
28050.056 2.0874337320914772e-07
28100.056 4.4842278934444134e-07
28150.056 3.065993449844272e-07
28200.056 2.1951490081528856e-07
28250.056 4.054438962129702e-07
28300.056 4.76493422120088e-07
28350.056 2.505920792501341e-07
28400.056 3.512889667404074e-07
28450.056 4.243753187969406e-07
28500.056 3.6024899598194197e-07
28550.056 2.0082993430845806e-07
28600.056 4.572401557749837e-07
28650.056 3.962331430120228e-07
28700.056 3.4339906538895135e-07
28750.056 4.3548200970400165e-07
28800.056 4.051796058830869e-07
28850.056 4.3408224317200647e-07
28900.056 2.792073190919818e-07
