galfind/configs/Brown_Dwarf_templates/sonora_bobcat/m-0.5/1000g/sp_t1600g1000nc_m-0.5_resample.dat
# %ECSV 1.0
# ---
# datatype:
# - {name: wav, unit: Angstrom, datatype: float64}
# - {name: flux_nu, unit: erg / (cm2 Hz s), datatype: float64}
# meta: {C/O: '1.00', Kzz: '1.0000E+05', Teff: '1600.', Y: '0.28', '[Fe/H]': '-0.50', f_hole: '1.00', f_rain: '0.00', grav: '1000.'}
# schema: astropy-2.0
wav flux_nu
4000.0559999999996 nan
4050.0559999999996 5.330358013400115e-10
4100.056 2.3934993620487834e-09
4150.056 2.277666154238096e-09
4200.056 1.6784451470688148e-09
4250.056 1.554586495317292e-09
4300.056 1.1175356132381893e-09
4350.056 1.0420844345800762e-09
4400.056 1.1446122569401414e-09
4450.056 8.557894630800375e-10
4500.056 8.728668876800622e-10
4550.056 1.1200855724998107e-09
4600.056 1.021061755959966e-09
4650.056 9.481366717099085e-10
4700.056 1.2223787838600222e-09
4750.056 1.2466171466299637e-09
4800.056 6.402785686500393e-10
4850.056 6.863023065500212e-10
4900.056 8.225992664999791e-10
4950.056 5.749281064799944e-10
5000.056 2.2752121055998532e-10
5050.056 1.0935220421000074e-10
5100.056 8.528633517800263e-11
5150.056 6.82292538310041e-11
5200.056 6.705570860499815e-11
5250.056 6.501783357999995e-11
5300.056 5.345782112199987e-11
5350.056 4.3917849192999914e-11
5400.056 3.6174387660999907e-11
5450.056 2.976051149699995e-11
5500.056 2.3992723594999914e-11
5550.056 1.8932776448999946e-11
5600.056 1.4538087096999934e-11
5650.056 1.0619553885499959e-11
5700.056 7.19675665739996e-12
5750.056 4.3311121500999694e-12
5800.056 2.1517799280999748e-12
5850.056 7.621094465799849e-13
5900.056 1.1997177584359057e-13
5950.056 1.870161374140041e-12
6000.056 7.600676442100132e-12
6050.056 2.1856245123000267e-11
6100.056 4.984848775300049e-11
6150.056 1.0006024871300092e-10
6200.056 1.8359869376000143e-10
6250.056 3.1401962483000234e-10
6300.056 5.120645945200036e-10
6350.056 8.069528632400046e-10
6400.056 1.2249974232300074e-09
6450.056 1.8035514536000107e-09
6500.056 2.5749474570000144e-09
6550.056 3.616279553800021e-09
6600.056 4.942755788400022e-09
6650.056 6.182206040900098e-09
6700.056 3.84993185250842e-09
6750.056 8.606774147800094e-09
6800.056 1.1449257257800279e-08
6850.056 1.3318915881000162e-08
6900.056 1.3611070435000076e-08
6950.056 1.2813323940000095e-08
7000.056 1.2848518584000031e-08
7050.056 1.3031062559600029e-08
7100.056 1.2791655397000081e-08
7150.056 1.3181783753000004e-08
7200.056 1.473693666800002e-08
7250.056 1.5204156764000096e-08
7300.056 1.4441740125000051e-08
7350.056 1.257804870399996e-08
7400.056 1.0414451814699989e-08
7450.056 8.44402779809996e-09
7500.056 6.587000960199957e-09
7550.056 4.8356275028999685e-09
7600.056 2.9803854372999574e-09
7650.056 4.1330868821093867e-10
7700.056 1.4492783649614857e-10
7750.056 1.8817108051600527e-09
7800.056 4.416271199932489e-09
7850.056 9.840394339200095e-09
7900.056 1.5255490297000096e-08
7950.056 1.7448477159120617e-08
8000.056 3.014318391500031e-08
8050.056 4.1796772319e-08
8100.056 5.5678585765000104e-08
8150.056 7.173790138200027e-08
8200.056 7.633013644300061e-08
8250.056 1.040482078830008e-07
8300.056 1.196550349720019e-07
8350.056 1.3939247670000003e-07
8400.056 1.5795816828999916e-07
8450.056 1.544356842199988e-07
8500.056 1.5107958262473978e-07
8550.056 1.8778581684200735e-07
8600.056 2.1263104138099755e-07
8650.056 2.1113965236199134e-07
8700.056 2.0109994441497891e-07
8750.056 2.1603387441000747e-07
8800.056 2.684122531500053e-07
8850.056 2.862553317399869e-07
8900.056 2.837894297900014e-07
8950.056 2.8499743305291037e-07
9000.056 3.7209652074000174e-07
9050.056 3.6259866163001044e-07
9100.056 4.293558811499992e-07
9150.056 4.859838992400041e-07
9200.056 5.227524713299943e-07
9250.056 4.905977138199966e-07
9300.056 4.210181832069748e-07
9350.056 4.819011472100336e-07
9400.056 5.507239114399882e-07
9450.056 6.188234885880144e-07
9500.056 6.964275077749677e-07
9550.056 7.461281001840464e-07
9600.056 7.96228003000023e-07
9650.056 8.778608702000138e-07
9700.056 9.994931654099544e-07
9750.056 9.132335300799848e-07
9800.056 9.683012321099738e-07
9850.056 9.49106888400009e-07
9900.056 6.241100542899613e-07
9950.056 4.315395609700026e-07
10000.056 3.906562136899973e-07
10050.056 4.812852805200009e-07
10100.056 5.688826291400172e-07
10150.056 5.579641928299751e-07
10200.056 6.070715315799956e-07
10250.056 6.454202027199986e-07
10300.056 6.213314714999959e-07
10350.056 7.265467222000399e-07
10400.056 8.163023024599726e-07
10450.056 8.500527161800104e-07
10500.056 8.611574210999899e-07
10550.056 9.285682677000244e-07
10600.056 1.0038117810100002e-06
10650.056 1.0325746313300545e-06
10700.056 1.0814863927300216e-06
10750.056 1.1726717912600292e-06
10800.056 1.2658568979699955e-06
10850.056 1.4266642741499702e-06
10900.056 1.4755457952199839e-06
10950.056 1.4779231045799758e-06
11000.056 1.3968220473499696e-06
11050.056 1.2173954981699662e-06
11100.056 1.2326530821080762e-06
11150.056 1.2840169569129482e-06
11200.056 1.3164550379901528e-06
11250.056 1.6234942012819466e-06
11300.056 1.5560096154439641e-06
11350.056 1.3256639220869457e-06
11400.056 1.1736543482200328e-06
11450.056 1.5855572497970084e-06
11500.056 1.9636912098399e-06
11550.056 1.7868885767440042e-06
11600.056 1.9062271076467535e-06
11650.056 1.795627167858053e-06
11700.056 1.1987994144440105e-06
11750.056 1.2655280971258799e-06
11800.056 1.3708540456700826e-06
11850.056 2.088867538180057e-06
11900.056 2.426145838689854e-06
11950.056 2.042035180740004e-06
12000.056 1.6908366580200272e-06
12050.056 2.1174109747800475e-06
12100.056 2.0881912907999486e-06
12150.056 2.4897805923999573e-06
12200.056 2.386303255399847e-06
12250.056 2.6401738388999864e-06
12300.056 2.738906069000059e-06
12350.056 2.594108219199953e-06
12400.056 2.2136915365999745e-06
12450.056 2.00425221750002e-06
12500.056 2.0587384710999454e-06
12550.056 2.1611455252001105e-06
12600.056 2.7053048401000045e-06
12650.056 2.7477677631999606e-06
12700.056 3.0792986796001507e-06
12750.056 3.0016107185999186e-06
12800.056 3.141311993200107e-06
12850.056 3.0198861932999258e-06
12900.056 2.8101085557999936e-06
12950.056 2.890599634899973e-06
13000.056 3.046931000899955e-06
13050.056 3.2197748826299607e-06
13100.056 3.274291285879959e-06
13150.056 3.2751012237199578e-06
13200.056 3.123524740100001e-06
13250.056 2.819583832280017e-06
13300.056 2.312939066342803e-06
13350.056 1.1416262211759238e-06
13400.056 8.467856569677305e-07
13450.056 7.02026097913235e-07
13500.056 5.876600082114678e-07
13550.056 5.231625191396579e-07
13600.056 5.096415273801126e-07
13650.056 7.475807895481682e-07
13700.056 6.51247493542515e-07
13750.056 7.354746829997901e-07
13800.056 8.867280483462171e-07
13850.056 7.712929509776488e-07
13900.056 7.360005985324763e-07
13950.056 6.779469545615539e-07
14000.056 6.314990540722597e-07
14050.056 7.000023670810715e-07
14100.056 5.603161475583821e-07
14150.056 6.578673996310185e-07
14200.056 5.693541241544753e-07
14250.056 5.436422617510788e-07
14300.056 6.441213295190264e-07
14350.056 6.606575550322195e-07
14400.056 6.843715840390896e-07
14450.056 7.331203880611449e-07
14500.056 9.018549735976514e-07
14550.056 9.096336964574644e-07
14600.056 1.095546558942191e-06
14650.056 1.066151497436717e-06
14700.056 9.569357048770184e-07
14750.056 1.0776688509801977e-06
14800.056 1.163360284181163e-06
14850.056 1.2712892125668758e-06
14900.056 1.2332346759009455e-06
14950.056 1.2900092084601332e-06
15000.056 1.3662387383100207e-06
15050.056 1.5590760603988708e-06
15100.056 1.561041118700017e-06
15150.056 1.6691585108800908e-06
15200.056 1.7320781251299034e-06
15250.056 1.8399051704400172e-06
15300.056 1.930503643249967e-06
15350.056 2.067240105139948e-06
15400.056 2.156366513270018e-06
15450.056 2.253020932790075e-06
15500.056 2.3052832325500343e-06
15550.056 2.4277132440998773e-06
15600.056 2.4470425671000617e-06
15650.056 2.5115986296000595e-06
15700.056 2.647196383000126e-06
15750.056 2.708883240099954e-06
15800.056 2.6865903149000547e-06
15850.056 2.3855650532000127e-06
15900.056 2.4243160766000188e-06
15950.056 2.401466072699937e-06
16000.056 2.411875818000012e-06
16050.056 2.3678213042000084e-06
16100.056 2.3416397173999767e-06
16150.056 2.1687878691999724e-06
16200.056 2.163186425779871e-06
16250.056 2.0686128581799215e-06
16300.056 2.052660691700003e-06
16350.056 2.130651130360005e-06
16400.056 2.1376369319100873e-06
16450.056 2.1906974061300345e-06
16500.056 2.2405132676200607e-06
16550.056 2.2619996311199756e-06
16600.056 2.1780583281000693e-06
16650.056 2.1169201679900214e-06
16700.056 1.9475866693499805e-06
16750.056 1.977148358599963e-06
16800.056 2.1003659167000052e-06
16850.056 2.0962355104399047e-06
16900.056 2.0461491067000166e-06
16950.056 1.995351430319974e-06
17000.056 1.9693658716001547e-06
17050.056 2.03052450140004e-06
17100.056 1.992638023000044e-06
17150.056 1.915394144370001e-06
17200.056 1.8710376346599097e-06
17250.056 1.7611357546899103e-06
17300.056 1.695829958060022e-06
17350.056 1.6243631643800138e-06
17400.056 1.5610356052699742e-06
17450.056 1.4644703723396928e-06
17500.056 1.4448269003601147e-06
17550.056 1.349584123049142e-06
17600.056 1.304508421644028e-06
17650.056 1.29345671382014e-06
17700.056 1.102242366714924e-06
17750.056 1.0360459863209616e-06
17800.056 1.061933446575166e-06
17850.056 8.882538788449677e-07
17900.056 9.737025516870504e-07
17950.056 8.896896194060784e-07
18000.056 8.469913119649917e-07
18050.056 8.258474243639266e-07
18100.056 8.160841639229247e-07
18150.056 9.118010392578366e-07
18200.056 7.156524863603289e-07
18250.056 9.672193768138104e-07
18300.056 8.454022774380036e-07
18350.056 8.175649895539477e-07
18400.056 7.883713033552287e-07
18450.056 7.356500032122535e-07
18500.056 7.655449603540264e-07
18550.056 6.826859166292078e-07
18600.056 5.929368523278764e-07
18650.056 6.422835620898749e-07
18700.056 7.018245714249924e-07
18750.056 7.15928268538934e-07
18800.056 8.331674261691547e-07
18850.056 9.316781278999813e-07
18900.056 8.856697513005325e-07
18950.056 1.0354676698820067e-06
19000.056 9.85663655508896e-07
19050.056 9.107009142027383e-07
19100.056 1.0617690282280454e-06
19150.056 9.883870087154314e-07
19200.056 1.0227105465109062e-06
19250.056 9.302683824420115e-07
19300.056 9.57074715411702e-07
19350.056 9.056838356315083e-07
19400.056 7.182697088009164e-07
19450.056 9.207423118509493e-07
19500.056 9.173309678679946e-07
19550.056 7.654025405940912e-07
19600.056 8.550275896709824e-07
19650.056 9.160077060567204e-07
19700.056 8.966417892450617e-07
19750.056 8.450965362930512e-07
19800.056 9.243289512789154e-07
19850.056 1.005952022223979e-06
19900.056 8.562413311930813e-07
19950.056 1.038133748326961e-06
20000.056 9.4561350156711e-07
20050.056 1.069166682886024e-06
20100.056 1.0311714010926882e-06
20150.056 1.1035943116701512e-06
20200.056 1.1442475405980085e-06
20250.056 1.1879993216698824e-06
20300.056 1.1790033711351065e-06
20350.056 1.2660574978299194e-06
20400.056 1.2672851598997448e-06
20450.056 1.3030298785898092e-06
20500.056 1.3479861314098956e-06
20550.056 1.3499299864800004e-06
20600.056 1.4268447808400448e-06
20650.056 1.406348005770048e-06
20700.056 1.4466241512400518e-06
20750.056 1.4479792867599878e-06
20800.056 1.489214082179965e-06
20850.056 1.4656023410599764e-06
20900.056 1.5121365790399282e-06
20950.056 1.504394699689992e-06
21000.056 1.5104148962000283e-06
21050.056 1.5119711088199922e-06
21100.056 1.5039731306800026e-06
21150.056 1.5211757224999427e-06
21200.056 1.5027719877000121e-06
21250.056 1.5108014735999451e-06
21300.056 1.4738333170299808e-06
21350.056 1.4865057006600185e-06
21400.056 1.459583055200073e-06
21450.056 1.4639890929400023e-06
21500.056 1.432074571430024e-06
21550.056 1.4188363722000096e-06
21600.056 1.3971026969400443e-06
21650.056 1.371234667599998e-06
21700.056 1.3655307850000145e-06
21750.056 1.316236551250012e-06
21800.056 1.2836170509999096e-06
21850.056 1.2451274026300259e-06
21900.056 1.1940000518200012e-06
21950.056 1.1002981600500397e-06
22000.056 9.67501842840029e-07
22050.056 8.647858019199221e-07
22100.056 9.058406418000936e-07
22150.056 9.570370146499984e-07
22200.056 9.676950305699905e-07
22250.056 9.78280379830097e-07
22300.056 9.324829826899818e-07
22350.056 9.11807285500096e-07
22400.056 8.633896011099614e-07
22450.056 8.211120160100163e-07
22500.056 8.328380145901095e-07
22550.056 7.927331546899344e-07
22600.056 7.983427410300663e-07
22650.056 7.801436135800584e-07
22700.056 7.523032849800089e-07
22750.056 7.56050553250055e-07
22800.056 7.287357467499384e-07
22850.056 6.929823196000405e-07
22900.056 6.836460966499385e-07
22950.056 6.32600309189961e-07
23000.056 6.646930960200277e-07
23050.056 7.372774939399275e-07
23100.056 7.878269527100397e-07
23150.056 7.924006259399909e-07
23200.056 6.145420205000053e-07
23250.056 6.084684898500298e-07
23300.056 5.485413558701016e-07
23350.056 5.375830853500009e-07
23400.056 5.441227525100443e-07
23450.056 5.625107314700601e-07
23500.056 5.957072620480765e-07
23550.056 6.443832198600477e-07
23600.056 6.718356817199691e-07
23650.056 7.259089213999377e-07
23700.056 6.068217491301109e-07
23750.056 5.991000596900076e-07
23800.056 5.628829779419739e-07
23850.056 5.838593125300272e-07
23900.056 6.716967381920792e-07
23950.056 7.141473151500807e-07
24000.056 7.409703032598532e-07
24050.056 7.610708657390918e-07
24100.056 7.293083907759616e-07
24150.056 7.464421624801961e-07
24200.056 7.560158889399159e-07
24250.056 7.401726513600371e-07
24300.056 7.548613667700555e-07
24350.056 6.878927157029521e-07
24400.056 7.777714912000731e-07
24450.056 7.0719468408289e-07
24500.056 7.126666692659918e-07
24550.056 7.04900797596144e-07
24600.056 7.206245180400331e-07
24650.056 8.017905766840865e-07
24700.056 6.621554920129295e-07
24750.056 6.449502122860514e-07
24800.056 6.672466120830228e-07
24850.056 7.7755187660912e-07
24900.056 5.686996157441818e-07
24950.056 7.495135415500552e-07
25000.056 6.919269665591293e-07
25050.056 5.444497963501059e-07
25100.056 6.732208339279563e-07
25150.056 5.716875351159417e-07
25200.056 6.321858570270755e-07
25250.056 5.517568278539192e-07
25300.056 6.390949688770341e-07
25350.056 5.154614639309975e-07
25400.056 6.391133897501236e-07
25450.056 5.193033187819621e-07
25500.056 5.581199140370869e-07
25550.056 5.449254681610099e-07
25600.056 5.667968764789255e-07
25650.056 4.7418095166999267e-07
25700.056 6.702721548098173e-07
25750.056 4.4815058607708736e-07
25800.056 6.615910696380978e-07
25850.056 5.204814877699593e-07
25900.056 6.323390145620676e-07
25950.056 4.895641553640517e-07
26000.056 6.80740035643195e-07
26050.056 6.334166721149657e-07
26100.056 7.20321561838058e-07
26150.056 6.702308875779465e-07
26200.056 6.629682677030191e-07
26250.056 7.526806327519172e-07
26300.056 6.806148365740307e-07
26350.056 8.128960948299717e-07
26400.056 7.964416446899387e-07
26450.056 7.870624037170347e-07
26500.056 8.434927723438513e-07
26550.056 7.259314561509238e-07
26600.056 8.989731513599274e-07
26650.056 6.42577514595901e-07
26700.056 6.490018768360206e-07
26750.056 5.085294459147811e-07
26800.056 6.226204530759304e-07
26850.056 4.5409987824004496e-07
26900.056 6.643464733759756e-07
26950.056 4.406903634579222e-07
27000.056 6.608327901720803e-07
27050.056 5.556263571769672e-07
27100.056 5.485159619748899e-07
27150.056 6.294847456870382e-07
27200.056 5.884905875270382e-07
27250.056 5.707317632411365e-07
27300.056 7.798785074220891e-07
27350.056 6.895497595098551e-07
27400.056 4.931702396049513e-07
27450.056 8.228270146168823e-07
27500.056 7.556154623139941e-07
27550.056 5.980108479249e-07
27600.056 8.143645069699817e-07
27650.056 5.724736678819938e-07
27700.056 5.26057977226979e-07
27750.056 8.161616140598824e-07
27800.056 5.496276147199764e-07
27850.056 5.978959035548816e-07
27900.056 6.386669566400134e-07
27950.056 8.140982607160004e-07
28000.056 7.016470619690706e-07
28050.056 4.764392148601105e-07
28100.056 8.52660405586131e-07
28150.056 6.25358784997048e-07
28200.056 4.914023324869906e-07
28250.056 7.621207568019655e-07
28300.056 8.826065281281465e-07
28350.056 5.43457502108883e-07
28400.056 6.916223649870256e-07
28450.056 7.862396490319029e-07
28500.056 7.14312320931888e-07
28550.056 4.469140014439019e-07
28600.056 8.612956233779875e-07
28650.056 7.544521659360135e-07
28700.056 6.657225532319322e-07
28750.056 7.97888774176003e-07
28800.056 7.593223458301498e-07
28850.056 8.034088751170408e-07
28900.056 5.604933442339739e-07
