galfind/configs/Brown_Dwarf_templates/sonora_bobcat/m-0.5/1000g/sp_t275g1000nc_m-0.5_resample.dat
# %ECSV 1.0
# ---
# datatype:
# - {name: wav, unit: Angstrom, datatype: float64}
# - {name: flux_nu, unit: erg / (cm2 Hz s), datatype: float64}
# meta: {C/O: '1.00', Kzz: '1.0000E+05', Teff: '275.', Y: '0.28', '[Fe/H]': '-0.50', f_hole: '1.00', f_rain: '0.00', grav: '1000.'}
# schema: astropy-2.0
wav flux_nu
[from data line 498]
28900.056 1.3961618182934151e-12
28950.056 1.4846752928726615e-12
29000.056 7.197020399369548e-13
29050.056 2.090088159345384e-12
29100.056 4.292868246748305e-13
29150.056 5.854205100837917e-13
29200.056 5.007844688523397e-12
29250.056 2.136738545094777e-12
29300.056 1.2251616881551244e-12
29350.056 6.11522692694822e-12
29400.056 4.1017662884306635e-12
29450.056 5.781673699469702e-13
29500.056 8.15885564738793e-12
29550.056 1.8896244454205992e-12
29600.056 1.8166835150644535e-12
29650.056 9.590341318944369e-12
29700.056 1.2658441311382865e-12
29750.056 6.19577987809507e-12
29800.056 2.505559763392771e-12
29850.056 1.331079230984052e-11
29900.056 4.0880626784936775e-12
29950.056 2.8383965796016822e-12
30000.056 2.1163913438034623e-14
30050.056 1.1710343129254683e-12
30100.056 4.86657464732144e-12
30150.056 8.883730940611036e-12
30200.056 7.701386151778956e-12
30250.056 1.5143386616552623e-11
30300.056 1.710386574967754e-11
30350.056 2.7754031743718673e-12
30400.056 2.1764516595356897e-11
30450.056 2.4857561004094443e-11
30500.056 5.252970474936554e-12
30550.056 5.104471771320195e-12
30600.056 1.1460530393029559e-10
30650.056 4.939637471647084e-11
30700.056 9.09929370681798e-12
30750.056 3.9083715186188993e-11
30800.056 5.677170300638543e-11
30850.056 4.990425164260569e-11
30900.056 1.4880669898143565e-11
30950.056 1.7103833873001724e-11
31000.056 2.80374716812013e-11
31050.056 7.980926957192539e-12
31100.056 2.9645427358013638e-12
31150.056 1.4436139889176303e-11
31200.056 7.271673848699767e-11
31250.056 2.422107096004182e-11
31300.056 5.600492626085787e-12
31350.056 4.46048359566253e-11
31400.056 1.9686776114939165e-11
31450.056 2.2747158245968104e-11
31500.056 7.230664545090704e-12
31550.056 1.7203328022783997e-11
31600.056 1.1547798628790805e-11
31650.056 6.931664653579418e-12
31700.056 6.220917001601109e-12
31750.056 1.835953251668082e-12
31800.056 3.752866824069776e-12
31850.056 4.850656809560558e-13
31900.056 1.4272245365997896e-12
31950.056 4.559334578233026e-13
32000.056 3.5049807969528e-13
32050.056 2.401493030458623e-13
32100.056 1.8708063260348307e-13
32150.056 1.5061261138523008e-13
32200.056 4.70076533682505e-14
32250.056 1.1240486064111545e-13
32300.056 1.5706438658675847e-14
32350.056 6.299326970082201e-14
32400.056 3.1672691563483917e-15
32450.056 4.4353838989881507e-14
32500.056 3.238941375816106e-15
32550.056 4.105294785080137e-14
32600.056 1.6252400599662278e-15
32650.056 6.312243651350233e-14
32700.056 2.874983588594222e-15
32750.056 2.287865860741393e-13
32800.056 5.071493437351912e-14
32850.056 9.337111461541364e-13
32900.056 4.6103181371857e-13
32950.056 9.248789517890459e-13
33000.056 1.8406840578110073e-13
33050.056 7.53979099923179e-14
33100.056 8.337819084995692e-15
33150.056 2.4000163671205146e-17
33200.056 1.936507762449348e-15
33250.056 6.167906069722569e-15
33300.056 2.7468182744668175e-13
33350.056 1.652297891724596e-13
33400.056 1.048525250819932e-12
33450.056 3.849211814823582e-14
33500.056 6.073405036850418e-13
33550.056 6.004761448733529e-14
33600.056 2.6566940283647535e-13
33650.056 3.5725847162036737e-13
33700.056 2.7747634948464296e-14
33750.056 4.1577371256434604e-13
33800.056 8.703463193385359e-15
33850.056 1.8028369359402718e-13
33900.056 1.6100450734501179e-13
33950.056 2.4326692489192447e-13
34000.056 7.757612889757122e-13
34050.056 1.180495374548504e-13
34100.056 1.0981531142255512e-12
34150.056 2.2707131537919775e-13
34200.056 1.7735852115866108e-12
34250.056 5.471705729121227e-13
34300.056 9.00473116297866e-13
34350.056 5.6735069797309464e-12
34400.056 4.3315435770178065e-13
34450.056 4.0063030200745096e-12
34500.056 7.986922547332861e-13
34550.056 4.5783308300672e-12
34600.056 2.443447757789578e-11
34650.056 7.918757863521198e-13
34700.056 1.7335461250635388e-11
34750.056 4.564668650837283e-12
34800.056 3.2768035238607695e-12
34850.056 1.4368797996956982e-11
34900.056 1.1186399710105167e-12
34950.056 2.7332193730342016e-11
35000.056 2.047426859120681e-11
35050.056 3.1512460054819335e-11
35100.056 5.965234545054486e-11
35150.056 5.981325636799202e-11
35200.056 6.811940701420953e-11
35250.056 1.2058339124834613e-10
35300.056 1.6077593602379018e-11
35350.056 6.028524307583478e-12
35400.056 3.3098246741533806e-12
35450.056 3.4171706821532096e-12
35500.056 2.938224466441797e-11
35550.056 3.5246092960794296e-11
35600.056 5.947807617917262e-11
35650.056 4.898892826873441e-11
35700.056 8.012197172999948e-11
35750.056 8.618880545297235e-11
35800.056 1.6115642154020335e-11
35850.056 1.320981293102772e-11
35900.056 3.107764972084817e-11
35950.056 9.078024492320298e-11
36000.056 1.153855518100082e-10
36050.056 6.181328914916204e-11
36100.056 5.7189800797205267e-11
36150.056 3.590262255760088e-10
36200.056 2.477288213475896e-10
36250.056 8.94738749140325e-11
36300.056 3.1582664377419617e-10
36350.056 2.428092860969983e-10
36400.056 3.3505100919996756e-10
36450.056 1.4550101673064874e-10
36500.056 1.4973592079881149e-10
36550.056 6.666306772900118e-10
36600.056 8.200363216399762e-10
36650.056 2.178538076700219e-10
36700.056 3.3833906263496765e-10
36750.056 9.246022804700873e-10
36800.056 8.675803130999122e-10
36850.056 2.7472850933833194e-10
36900.056 3.090703002415418e-10
36950.056 1.0408300527999121e-09
37000.056 6.909537325150812e-10
37050.056 8.503428195141901e-10
37100.056 1.4896155026384567e-10
37150.056 4.272797401590568e-10
37200.056 1.6382004979600652e-09
37250.056 5.916972453938611e-10
37300.056 2.3083766296202854e-10
37350.056 5.552652163812094e-10
37400.056 1.0692837509119693e-09
37450.056 5.085316570739421e-10
37500.056 4.321024769349837e-10
37550.056 1.8229983716003089e-09
37600.056 3.073537262039819e-09
37650.056 4.796977071030684e-10
37700.056 1.0698235065701e-09
37750.056 8.531660011499929e-10
37800.056 1.0608680317901348e-09
37850.056 6.333979211299867e-10
37900.056 6.032025590389791e-10
37950.056 8.515058167899839e-10
38000.056 6.81057900614063e-10
38050.056 1.5939159075001115e-09
38100.056 2.5369436739498604e-09
38150.056 2.862917832949795e-09
38200.056 1.6186942892762252e-09
38250.056 2.6106396839692582e-09
38300.056 5.222384139039479e-09
38350.056 3.0777618356404085e-09
38400.056 9.996397475975968e-10
38450.056 2.885302725559332e-10
38500.056 4.24675609119081e-10
38550.056 1.982396918040144e-09
38600.056 2.811417772099822e-09
38650.056 2.138213542349979e-09
38700.056 1.5565531156397645e-09
38750.056 2.1899772963899264e-09
38800.056 2.1493382526200282e-09
38850.056 2.5229141521001706e-09
38900.056 2.2962017480676835e-09
38950.056 1.6443799856202743e-09
39000.056 3.141873668499717e-09
39050.056 1.171472490490225e-09
39100.056 1.3696230654508544e-09
39150.056 3.3407744431000043e-09
39200.056 3.2233355322000476e-09
39250.056 2.510485806920012e-09
39300.056 2.1957662784601716e-09
39350.056 5.066725835900079e-09
39400.056 2.6894051735575755e-09
39450.056 4.1712806035863655e-09
39500.056 4.970538685099723e-09
39550.056 1.9868186347693227e-09
39600.056 3.0161620169904873e-09
39650.056 6.65729394740003e-09
39700.056 5.884635313299913e-09
39750.056 1.8090598900597705e-09
39800.056 1.3121117576551007e-09
39850.056 5.663078906900497e-09
39900.056 7.238461331399895e-09
39950.056 3.535674413300083e-09
40000.056 5.285734351300203e-09
40050.056 5.1437551135196245e-09
40100.056 1.2272244468484077e-09
40150.056 4.781274660400307e-09
40200.056 6.333779703399796e-09
40250.056 7.115378257499625e-09
40300.056 6.8524844908002326e-09
40350.056 2.771098518779513e-09
40400.056 3.539786768419864e-09
40450.056 2.181761333220047e-09
40500.056 5.943979253600127e-09
40550.056 7.045449753599742e-09
40600.056 7.961001055499923e-09
40650.056 4.787953898619572e-09
40700.056 7.500141685200088e-09
40750.056 5.989020054199656e-09
40800.056 3.6945654285998613e-09
40850.056 9.384777262000449e-09
40900.056 9.84415719849976e-09
40950.056 5.399267218779756e-09
41000.056 5.668556125499955e-09
41050.056 9.940269161600345e-09
41100.056 8.478023731799222e-09
41150.056 2.851288170599886e-09
41200.056 8.775395259400946e-09
41250.056 9.066273557199084e-09
41300.056 1.0022552071300698e-08
41350.056 1.3030984880000048e-08
41400.056 1.1082525062999748e-08
41450.056 1.1601348029800033e-08
41500.056 7.147566246799291e-09
41550.056 6.519472738200552e-09
41600.056 7.32675780219981e-09
41650.056 1.1868451722500596e-08
41700.056 1.4589147634999845e-08
41750.056 1.2593290852000202e-08
41800.056 1.3321292301999833e-08
41850.056 9.679453484599635e-09
41900.056 7.921229958599125e-09
41950.056 7.526822722499658e-09
42000.056 3.892658248599038e-09
42050.056 5.080299958900345e-09
42100.056 7.831033608699913e-09
42150.056 9.17190018500002e-09
42200.056 1.010507907359987e-08
42250.056 8.366062956500217e-09
42300.056 7.82943942329977e-09
42350.056 1.1540941935300302e-08
42400.056 1.3916828795000201e-08
42450.056 1.53381530850002e-08
42500.056 1.594457769699995e-08
42550.056 1.4895237355999835e-08
42600.056 1.2186141106000454e-08
42650.056 1.4202244633399377e-08
42700.056 9.377432000199717e-09
42750.056 1.3546774487000678e-08
42800.056 1.7121637432000097e-08
42850.056 1.7233322197999798e-08
42900.056 1.6569211402000026e-08
42950.056 1.4893826156000172e-08
43000.056 1.5653251141999834e-08
43050.056 1.1660590178999399e-08
43100.056 1.3953498393000443e-08
43150.056 1.4925566156000124e-08
43200.056 1.6754171009000136e-08
43250.056 1.8220649362000033e-08
43300.056 1.705600658599969e-08
43350.056 1.4059238043000026e-08
43400.056 1.5721872153e-08
43450.056 1.3271225840999948e-08
43500.056 1.1493432060800102e-08
43550.056 1.2874201223000291e-08
43600.056 1.6649077840999932e-08
43650.056 1.2507434448599614e-08
43700.056 1.5731272189000977e-08
43750.056 1.7831767853999868e-08
43800.056 1.6058457834999793e-08
43850.056 1.4989250854000273e-08
43900.056 1.3086531735000013e-08
43950.056 1.149406743789983e-08
44000.056 1.1948795313000067e-08
44050.056 1.655522565800062e-08
44100.056 1.860603839000002e-08
44150.056 1.7842282569999902e-08
44200.056 1.753089944199992e-08
44250.056 1.443563838799969e-08
44300.056 1.0992372114699758e-08
44350.056 1.0341519591700157e-08
44400.056 1.2146455549000007e-08
44450.056 1.5206796895000476e-08
44500.056 1.4658468051999913e-08
44550.056 1.6262833193000118e-08
44600.056 1.4471403608000017e-08
44650.056 1.5683315148999772e-08
44700.056 1.375649390299959e-08
44750.056 1.4858214713000287e-08
44800.056 1.221962609849979e-08
44850.056 1.434710414700036e-08
44900.056 1.491558088099995e-08
44950.056 1.6274920068000245e-08
45000.056 1.7011412073999953e-08
45050.056 1.578994806299957e-08
45100.056 1.5112100567000383e-08
45150.056 1.4491434672999842e-08
45200.056 1.0819571781399793e-08
45250.056 1.2333374531999976e-08
45300.056 1.1703704464899794e-08
45350.056 8.768587124900464e-09
45400.056 1.6086501021000184e-08
45450.056 1.5212103891000397e-08
45500.056 1.6771272254000216e-08
45550.056 1.690600112299963e-08
45600.056 1.6497113370000107e-08
45650.056 1.553690954199956e-08
45700.056 1.0245611814598962e-08
45750.056 9.716739713000798e-09
45800.056 1.545682033800003e-08
45850.056 1.3834922559000318e-08
45900.056 1.7077935489000033e-08
45950.056 1.720144109699983e-08
46000.056 1.6615326018e-08
46050.056 1.526766027300031e-08
46100.056 1.6477649091999717e-08
46150.056 1.371837225299993e-08
46200.056 1.0079477273599059e-08
46250.056 4.752030619500073e-09
46300.056 1.1645666495500639e-08
46350.056 1.3675505282000048e-08
46400.056 1.408056561600009e-08
46450.056 1.131446704289965e-08
46500.056 1.3741993433000036e-08
46550.056 1.0190849532899456e-08
46600.056 8.390040728499829e-09
46650.056 1.2138214102800292e-08
46700.056 1.0003893490999349e-08
46750.056 4.502000100800244e-09
46800.056 2.741844242439771e-09
46850.056 9.297058355501145e-09
46900.056 1.3701579836000178e-08
46950.056 1.4509246497999977e-08
47000.056 1.4781443352000017e-08
47050.056 1.0719944852399116e-08
47100.056 1.056656866800016e-08
47150.056 1.1968915262000385e-08
47200.056 1.211773338499969e-08
47250.056 5.5657463082189e-09
47300.056 4.194739586781044e-09
47350.056 1.1595664023700437e-08
47400.056 1.3399245878999976e-08
47450.056 1.019134711290003e-08
47500.056 1.3628577351000479e-08
47550.056 1.3918006188999957e-08
47600.056 1.02931415606996e-08
47650.056 1.1485783242999619e-08
47700.056 1.0403355410000494e-08
47750.056 9.128829455399835e-09
47800.056 5.249899482399393e-09
47850.056 1.6142611731402884e-09
47900.056 3.4322141105001163e-09
47950.056 9.393942600500647e-09
48000.056 1.1001032548299532e-08
48050.056 9.483039803000084e-09
48100.056 5.975071213999858e-09
48150.056 9.59396172550024e-09
48200.056 5.878881108799507e-09
48250.056 9.113816465200254e-09
48300.056 9.658678131099786e-09
48350.056 5.925229396399276e-09
48400.056 1.0446279623656997e-09
48450.056 1.9829866655624873e-09
48500.056 4.638541128399586e-09
48550.056 5.596566031651146e-09
48600.056 1.098219672030024e-08
48650.056 1.2113704505999985e-08
48700.056 1.1273238343000047e-08
48750.056 1.0620695112899983e-08
48800.056 1.0575425213799811e-08
48850.056 5.517437724699446e-09
48900.056 4.164504271359489e-09
48950.056 2.0387487474998803e-09
49000.056 1.45613678660039e-09
49050.056 5.053186142899755e-09
49100.056 7.245713787700817e-09
49150.056 7.441823836199933e-09
49200.056 1.0474635609800332e-08
49250.056 1.0855606990999916e-08
49300.056 8.7755751141994e-09
49350.056 4.417929002600348e-09
49400.056 4.677186030639256e-09
49450.056 3.349433685070578e-09
49500.056 2.4609524396495513e-09
49550.056 3.816783772799812e-10
49600.056 9.830443422042013e-10
49650.056 4.417690676400473e-09
49700.056 6.75004273640014e-09
49750.056 4.691518389799678e-09
49800.056 2.7070910517700717e-09
49850.056 7.092788451500455e-09
49900.056 8.525387887800004e-09
49950.056 7.804964070399786e-09
50000.056 4.07770808070929e-09
50050.056 3.782971134540606e-09
50100.056 3.602364215799757e-09
50150.056 1.08777840459977e-09
50200.056 1.6915826474104564e-10
50250.056 9.315246156400075e-10
50300.056 7.878252518011729e-10
50350.056 3.92617517170036e-09
50400.056 6.124269798500184e-09
50450.056 6.479123049099946e-09
50500.056 7.60818915650024e-09
50550.056 8.230589707899892e-09
50600.056 5.76109232599969e-09
50650.056 7.392371276700064e-09
50700.056 6.196053250199711e-09
50750.056 3.4945395084997056e-09
50800.056 7.558026840197643e-10
50850.056 3.2201985305112537e-10
50900.056 2.6233668512003483e-09
50950.056 3.644254844799723e-09
51000.056 2.386679974400487e-09
51050.056 4.774020397799646e-09
51100.056 2.53893630259989e-09
51150.056 1.2073656395102776e-09
51200.056 4.778152152800289e-09
51250.056 4.7655729668998275e-09
51300.056 3.004329005199858e-09
51350.056 1.4877550823256783e-09
51400.056 3.4413954557905993e-10
51450.056 2.9827958030792297e-10
51500.056 3.2700513747910205e-10
51550.056 1.6575200736302264e-09
51600.056 2.8828202600001312e-09
51650.056 4.02808208650006e-09
51700.056 2.8191119570594563e-09
51750.056 2.523266199100468e-09
51800.056 4.382341596100004e-09
51850.056 3.507934463699813e-09
51900.056 2.4990860429998615e-09
51950.056 1.0036720132197778e-09
52000.056 1.3784117202397882e-10
52050.056 5.179327381300272e-10
52100.056 2.627578819019388e-10
52150.056 1.5344579342204385e-10
52200.056 7.419186653200767e-10
52250.056 1.508112375900102e-09
52300.056 1.4292934303998741e-09
52350.056 2.8942471909197345e-10
52400.056 3.684739936750235e-10
52450.056 1.7265658051902147e-09
52500.056 1.2934236149599536e-09
52550.056 2.5637402723998357e-09
52600.056 2.6295387860102624e-09
52650.056 3.2126368837998716e-09
52700.056 1.600205573299813e-09
52750.056 3.542865418148927e-10
52800.056 8.132134636301383e-10
52850.056 9.714134361798846e-10
52900.056 2.3301124067791845e-10
52950.056 4.3687761809608856e-10
53000.056 1.3481882839300355e-09
53050.056 5.635879651899817e-10
53100.056 2.266499818550262e-09
53150.056 2.6972693026999096e-09
53200.056 1.3771850281399194e-09
53250.056 2.236540377999983e-09
53300.056 1.9242239511000524e-09
53350.056 1.6236198673999026e-09
53400.056 8.636522046099009e-10
53450.056 2.4958214754995027e-10
53500.056 8.222281135799291e-11
