galfind/configs/Brown_Dwarf_templates/sonora_bobcat/m-0.5/1000g/sp_t650g1000nc_m-0.5_resample.dat
# %ECSV 1.0
# ---
# datatype:
# - {name: wav, unit: Angstrom, datatype: float64}
# - {name: flux_nu, unit: erg / (cm2 Hz s), datatype: float64}
# meta: {C/O: '1.00', Kzz: '1.0000E+05', Teff: '650.', Y: '0.28', '[Fe/H]': '-0.50', f_hole: '1.00', f_rain: '0.00', grav: '1000.'}
# schema: astropy-2.0
wav flux_nu
[from data line 500]
29000.056 5.144163005146395e-09
29050.056 6.8924973625482955e-09
29100.056 3.861622444942694e-09
29150.056 7.541057612603607e-09
29200.056 6.626086716837027e-09
29250.056 9.242111184659229e-09
29300.056 4.915352473557827e-09
29350.056 1.5267160934965322e-08
29400.056 6.0731636744708795e-09
29450.056 6.17339264480956e-09
29500.056 1.1433966238528357e-08
29550.056 6.807917681415588e-09
29600.056 8.865070347607698e-09
29650.056 1.4282682002615246e-08
29700.056 6.5066445893188575e-09
29750.056 1.2290956634433435e-08
29800.056 1.1013539725461419e-08
29850.056 1.5488062748579945e-08
29900.056 1.1783711754786537e-08
29950.056 1.05069556457074e-08
30000.056 7.367606267904756e-10
30050.056 2.335188070954669e-09
30100.056 5.262385659150822e-09
30150.056 1.2377617694210193e-08
30200.056 1.0654574870729797e-08
30250.056 2.0274622551270585e-08
30300.056 1.8767741176329373e-08
30350.056 1.0713094365166837e-08
30400.056 2.231469908117359e-08
30450.056 1.4648622898489176e-08
30500.056 1.4286215447618318e-08
30550.056 1.2132396282881475e-08
30600.056 3.003694878140234e-08
30650.056 1.800236000986127e-08
30700.056 1.3645159134898242e-08
30750.056 2.009510500051764e-08
30800.056 1.669356545893208e-08
30850.056 1.745542401211787e-08
30900.056 1.163791048220069e-08
30950.056 1.066946832275126e-08
31000.056 1.193048298827199e-08
31050.056 1.3176467475998488e-08
31100.056 6.8993360005434434e-09
31150.056 1.1653536024489416e-08
31200.056 1.9755845040001444e-08
31250.056 1.0198545874479686e-08
31300.056 8.68048172913512e-09
31350.056 1.2064149905378493e-08
31400.056 8.48852902019897e-09
31450.056 1.0609990240058677e-08
31500.056 4.636611897410621e-09
31550.056 7.530529131333774e-09
31600.056 5.272795894762179e-09
31650.056 4.310409709125797e-09
31700.056 5.104597576700893e-09
31750.056 2.628156173616068e-09
31800.056 5.273311653560124e-09
31850.056 1.8249520148121504e-09
31900.056 3.6999178551201263e-09
31950.056 1.8633225688586916e-09
32000.056 2.537080345099341e-09
32050.056 2.5094091785261424e-09
32100.056 1.9793313979739026e-09
32150.056 2.7896760681638587e-09
32200.056 1.6191870746849285e-09
32250.056 3.524802251754226e-09
32300.056 1.361435820270526e-09
32350.056 3.899945699460554e-09
32400.056 1.2510597911618874e-09
32450.056 3.4146500980557165e-09
32500.056 1.818172089418813e-09
32550.056 3.1790974509197813e-09
32600.056 2.4495086218283713e-09
32650.056 4.673040374158424e-09
32700.056 3.1782810700074962e-09
32750.056 7.459707575811771e-09
32800.056 6.913810018215995e-09
32850.056 1.0604671418911209e-08
32900.056 1.0471912754781657e-08
32950.056 1.1040070051252267e-08
33000.056 6.3640133970042886e-09
33050.056 7.484672031340737e-09
33100.056 2.412650514381952e-09
33150.056 3.0200334613509904e-11
33200.056 1.2119740321117015e-10
33250.056 1.5624824890546173e-10
33300.056 4.996219145521369e-10
33350.056 1.364527202429888e-09
33400.056 3.1702407697699548e-09
33450.056 2.9812476210461225e-09
33500.056 8.125946989101765e-09
33550.056 3.4295172572445023e-09
33600.056 6.724302384389337e-09
33650.056 6.86058975477001e-09
33700.056 3.267230198631974e-09
33750.056 8.954142098240477e-09
33800.056 1.9234737812873723e-09
33850.056 4.947658195929391e-09
33900.056 4.666601232887899e-09
33950.056 4.173749145887848e-09
34000.056 7.1493033323507855e-09
34050.056 1.8943479456030747e-09
34100.056 6.284095341045398e-09
34150.056 2.8112467946495758e-09
34200.056 5.732538480967271e-09
34250.056 4.9512564978132875e-09
34300.056 3.5381911861735823e-09
34350.056 7.140319236711087e-09
34400.056 2.86095858899901e-09
34450.056 7.411721340648116e-09
34500.056 5.116104188392418e-09
34550.056 2.9901839597142082e-09
34600.056 1.0548755324500031e-08
34650.056 2.766620994030938e-09
34700.056 8.289279209451576e-09
34750.056 5.825468718877746e-09
34800.056 4.095324453041694e-09
34850.056 1.1806781390400403e-08
34900.056 4.682451197638831e-09
34950.056 9.949009768379158e-09
35000.056 1.5674318388129304e-08
35050.056 6.869644046975103e-09
35100.056 1.7151748914582054e-08
35150.056 1.462247810589769e-08
35200.056 1.2457880318979751e-08
35250.056 2.1669293685847148e-08
35300.056 7.99359592068889e-09
35350.056 1.3617691841432892e-08
35400.056 1.3087284050467027e-08
35450.056 9.007736523770884e-09
35500.056 2.4946456134935916e-08
35550.056 1.5774437409411873e-08
35600.056 1.8930828565106555e-08
35650.056 2.1739629001145915e-08
35700.056 1.6697271222129958e-08
35750.056 3.02157046052206e-08
35800.056 2.629255266500265e-08
35850.056 1.5089593855034425e-08
35900.056 2.464778239815741e-08
35950.056 2.8282516481497567e-08
36000.056 2.7477081243204167e-08
36050.056 2.529409162019423e-08
36100.056 2.139239024146562e-08
36150.056 3.5816192704297833e-08
36200.056 4.0610836911195e-08
36250.056 2.8784152080574304e-08
36300.056 4.926794500257438e-08
36350.056 4.099091548020301e-08
36400.056 4.8934124029792815e-08
36450.056 4.197305794118466e-08
36500.056 4.717671087759281e-08
36550.056 6.485930182200777e-08
36600.056 7.370506465999148e-08
36650.056 5.394819457250415e-08
36700.056 5.548640894711443e-08
36750.056 7.396360970300768e-08
36800.056 7.625527478399689e-08
36850.056 5.933173799535194e-08
36900.056 6.739221557836215e-08
36950.056 8.264479637198542e-08
37000.056 6.770915417899714e-08
37050.056 8.219278039950155e-08
37100.056 6.112826405747335e-08
37150.056 7.362974561180538e-08
37200.056 1.0050132068099297e-07
37250.056 6.516360125638639e-08
37300.056 5.7762752909290934e-08
37350.056 8.6354598322011e-08
37400.056 1.1159314228799784e-07
37450.056 6.624730305475769e-08
37500.056 7.443537923509572e-08
37550.056 1.1802083005702387e-07
37600.056 1.3945415178000807e-07
37650.056 7.014199780011063e-08
37700.056 1.0892291579300844e-07
37750.056 8.2769755256709e-08
37800.056 9.815680022901418e-08
37850.056 6.546705132800031e-08
37900.056 7.759737010700395e-08
37950.056 1.0040741397899865e-07
38000.056 9.950526318719713e-08
38050.056 1.0820759784401397e-07
38100.056 1.335332058450043e-07
38150.056 1.3860348145599371e-07
38200.056 1.1921264070150074e-07
38250.056 1.2306792909801032e-07
38300.056 1.6991562972197788e-07
38350.056 1.6483289773601914e-07
38400.056 1.0676517496397218e-07
38450.056 8.6793965696979e-08
38500.056 7.508960618001427e-08
38550.056 1.282041736480128e-07
38600.056 1.2386909139198336e-07
38650.056 1.3174892911399206e-07
38700.056 1.4468634288999824e-07
38750.056 1.2931427801099734e-07
38800.056 1.2802279311099504e-07
38850.056 1.4088971044800493e-07
38900.056 1.5823852378698046e-07
38950.056 1.2978018349300355e-07
39000.056 1.4479443595697998e-07
39050.056 1.3915111811103284e-07
39100.056 1.4047088561299528e-07
39150.056 1.7485800959899388e-07
39200.056 1.4771854864999689e-07
39250.056 1.6886947091000547e-07
39300.056 1.545555868559972e-07
39350.056 1.898065943020018e-07
39400.056 1.5590375608499955e-07
39450.056 1.8189949143200715e-07
39500.056 1.9291006401999947e-07
39550.056 1.441257789960327e-07
39600.056 1.7406168629100104e-07
39650.056 2.15526800919995e-07
39700.056 1.9537874589001176e-07
39750.056 1.409353923820226e-07
39800.056 1.5262446765200322e-07
39850.056 2.2164642524000396e-07
39900.056 2.2454901667000662e-07
39950.056 1.7438593867499682e-07
40000.056 2.1321602650999524e-07
40050.056 2.1045188966999968e-07
40100.056 1.3310217993641518e-07
40150.056 2.0524335667800824e-07
40200.056 2.1641234834998545e-07
40250.056 2.2244146381997687e-07
40300.056 2.2340174040001598e-07
40350.056 1.7094657742497806e-07
40400.056 2.1538890946399855e-07
40450.056 1.624561305549918e-07
40500.056 2.2113670201999086e-07
40550.056 2.3390860852198166e-07
40600.056 2.2320363574000201e-07
40650.056 1.9695093090897854e-07
40700.056 2.680517458499931e-07
40750.056 2.1755946943998375e-07
40800.056 1.7730496896997197e-07
40850.056 2.6795901914001435e-07
40900.056 2.562819145899875e-07
40950.056 2.1568575441000693e-07
41000.056 2.1540023021999412e-07
41050.056 2.697488558499897e-07
41100.056 2.522292589299852e-07
41150.056 1.683028921989956e-07
41200.056 2.6095464462001263e-07
41250.056 2.450604124749785e-07
41300.056 2.449699879700044e-07
41350.056 2.797235367699982e-07
41400.056 2.4690413741000846e-07
41450.056 2.803504987799984e-07
41500.056 2.226776646199722e-07
41550.056 2.1150350191702828e-07
41600.056 2.207297016260113e-07
41650.056 2.631956825300096e-07
41700.056 2.6895953663998067e-07
41750.056 2.486330963399935e-07
41800.056 2.6881109639000964e-07
41850.056 2.1417448236098985e-07
41900.056 2.2374214279696348e-07
41950.056 2.4898682022000443e-07
42000.056 2.200840061409477e-07
42050.056 2.0639201362001394e-07
42100.056 2.5298113379997853e-07
42150.056 2.1245542740699819e-07
42200.056 2.1345306606998353e-07
42250.056 2.1522996512200624e-07
42300.056 2.066422404199938e-07
42350.056 2.4350079982000674e-07
42400.056 2.5769645217000717e-07
42450.056 2.2260246456601856e-07
42500.056 2.3422209930999376e-07
42550.056 2.1520478485999505e-07
42600.056 2.3184050428803468e-07
42650.056 2.871302374199821e-07
42700.056 2.1696463391996744e-07
42750.056 1.94477138854026e-07
42800.056 2.4833414360000447e-07
42850.056 2.6795956007997147e-07
42900.056 2.7109327150801683e-07
42950.056 2.227700085339909e-07
43000.056 2.547463581399957e-07
43050.056 1.6339745790502753e-07
43100.056 2.420919874899906e-07
43150.056 2.1153277191000427e-07
43200.056 2.3255408230000556e-07
43250.056 3.036430937300071e-07
43300.056 2.854346777899981e-07
43350.056 1.752843898159824e-07
43400.056 2.448534995400107e-07
43450.056 2.0109630054001455e-07
43500.056 2.146225626700026e-07
43550.056 2.0755944305800493e-07
43600.056 2.744127646100082e-07
43650.056 1.759916300269931e-07
43700.056 2.8373424504202703e-07
43750.056 2.736883295799932e-07
43800.056 2.494088095359855e-07
43850.056 2.3075496318802742e-07
43900.056 2.223810881099917e-07
43950.056 1.716123684109904e-07
44000.056 1.5330809354600004e-07
44050.056 2.6663752504001376e-07
44100.056 3.238462122800065e-07
44150.056 3.160828466099921e-07
44200.056 2.913320111700049e-07
44250.056 1.990667760499942e-07
44300.056 1.5352497278401303e-07
44350.056 1.7848980376201247e-07
44400.056 1.8114626779499277e-07
44450.056 2.537456886900114e-07
44500.056 2.260460277060248e-07
44550.056 2.941307554499967e-07
44600.056 2.547273516950076e-07
44650.056 2.518538508299878e-07
44700.056 1.8841260519398296e-07
44750.056 2.2613445258103006e-07
44800.056 1.9277568314200946e-07
44850.056 2.6259074109000944e-07
44900.056 2.208037918739969e-07
44950.056 2.39855123276016e-07
45000.056 2.617776582200035e-07
45050.056 2.5547348756998503e-07
45100.056 2.4364307392101504e-07
45150.056 2.378470390659952e-07
45200.056 1.757848782540045e-07
45250.056 2.0090986225198046e-07
45300.056 1.9575116444901704e-07
45350.056 1.5962355577500434e-07
45400.056 2.9413568126001356e-07
45450.056 2.7710122500001605e-07
45500.056 2.842812067700088e-07
45550.056 3.118155129099748e-07
45600.056 2.994648644200107e-07
45650.056 2.6678828314498323e-07
45700.056 1.8010572350099263e-07
45750.056 1.6251374298400743e-07
45800.056 3.078634885700099e-07
45850.056 2.7920455468100794e-07
45900.056 3.0603449144999566e-07
45950.056 2.6457537859999157e-07
46000.056 2.9372479255502435e-07
46050.056 2.5763677309000113e-07
46100.056 3.155089343199903e-07
46150.056 2.2180846899400026e-07
46200.056 1.970031175159869e-07
46250.056 1.0148104481469186e-07
46300.056 2.2730649160800638e-07
46350.056 2.5116786122001476e-07
46400.056 2.414565442100067e-07
46450.056 2.1028431229898656e-07
46500.056 2.2587051059302666e-07
46550.056 1.6643673625500088e-07
46600.056 1.8798994738197872e-07
46650.056 2.54443421541014e-07
46700.056 2.062645620599793e-07
46750.056 1.1721853021101649e-07
46800.056 8.946836516079662e-08
46850.056 2.477323220200223e-07
46900.056 2.6884138411999054e-07
46950.056 2.552624867999892e-07
47000.056 2.49342628710014e-07
47050.056 1.9770320894895517e-07
47100.056 1.574835839850041e-07
47150.056 2.1848338893402259e-07
47200.056 2.478671195099923e-07
47250.056 1.4189837135298286e-07
47300.056 1.02594612707217e-07
47350.056 2.6001206290000705e-07
47400.056 2.534252163599925e-07
47450.056 2.0325822488101805e-07
47500.056 2.7317565615999355e-07
47550.056 2.320275062260064e-07
47600.056 2.296896414369858e-07
47650.056 2.417153866759843e-07
47700.056 2.0259228879203198e-07
47750.056 1.5962324254999917e-07
47800.056 1.4230710665801171e-07
47850.056 7.655802391420744e-08
47900.056 1.117315729885951e-07
47950.056 2.2475048038000915e-07
48000.056 2.6440991672999627e-07
48050.056 2.3037796723998488e-07
48100.056 1.219392117032022e-07
48150.056 1.8498999392500658e-07
48200.056 1.547376609149927e-07
48250.056 1.971509248599995e-07
48300.056 2.550428049000018e-07
48350.056 1.8225766905998683e-07
48400.056 6.108673365248877e-08
48450.056 1.1555240076312348e-07
48500.056 1.7732665448197006e-07
48550.056 1.8719513774202058e-07
48600.056 2.1874871724000337e-07
48650.056 2.529932913599964e-07
48700.056 2.006017144240101e-07
48750.056 1.3137894555701587e-07
48800.056 2.1747527439701238e-07
48850.056 1.382543345379792e-07
48900.056 1.8236339996638565e-07
48950.056 1.2446422812699438e-07
49000.056 7.374098855211076e-08
49050.056 1.7803597462698147e-07
49100.056 2.00722498400023e-07
49150.056 1.586866324038968e-07
49200.056 2.2267869871001342e-07
49250.056 2.202501167800036e-07
49300.056 1.9295532093999219e-07
49350.056 1.0679691751321725e-07
49400.056 1.4278393222697474e-07
49450.056 1.323691721360291e-07
49500.056 1.169479003585849e-07
49550.056 3.8414399994499035e-08
49600.056 8.329208377433233e-08
49650.056 1.4501111731199818e-07
49700.056 1.5999858460297962e-07
49750.056 1.7245405136898792e-07
49800.056 1.183705625661969e-07
49850.056 1.9797449875801442e-07
49900.056 1.8969717361999874e-07
49950.056 1.6319360832399487e-07
50000.056 1.4454824028319716e-07
50050.056 1.6919568378400418e-07
50100.056 1.455994455879932e-07
50150.056 8.083782665198925e-08
50200.056 2.352757839634788e-08
50250.056 9.838704899699794e-08
50300.056 6.829884339000905e-08
50350.056 1.6165898827201385e-07
50400.056 1.62953532286995e-07
50450.056 1.1557591418900104e-07
50500.056 1.7903694447800997e-07
50550.056 1.8105544785000128e-07
50600.056 1.2471541531197257e-07
50650.056 1.762655903870242e-07
50700.056 1.9389173626999768e-07
50750.056 1.300206769300032e-07
50800.056 6.127421398968898e-08
50850.056 4.245927714221541e-08
50900.056 1.5722782521400376e-07
50950.056 1.4719780271999867e-07
51000.056 1.2369051106511414e-07
51050.056 1.5162994685498077e-07
51100.056 7.137537698099517e-08
51150.056 8.108154819919413e-08
51200.056 1.8566358812999672e-07
51250.056 1.38810462944984e-07
51300.056 9.670120965601294e-08
51350.056 1.0878596475018331e-07
51400.056 5.365483578060871e-08
51450.056 4.170144885610971e-08
51500.056 3.604917006613146e-08
51550.056 1.0582848412801154e-07
51600.056 8.617456642490716e-08
51650.056 1.044118286399926e-07
51700.056 1.1269354237698158e-07
51750.056 8.504245994601213e-08
51800.056 1.3847638729798643e-07
51850.056 1.095629108879961e-07
51900.056 1.4623810073000662e-07
51950.056 1.0074737189698888e-07
52000.056 1.803435052759431e-08
52050.056 5.949477524100648e-08
52100.056 4.095667981399508e-08
52150.056 2.8031836948364822e-08
52200.056 5.64666301922974e-08
52250.056 8.56126384421119e-08
52300.056 1.2363824023999682e-07
52350.056 4.964368498429477e-08
52400.056 4.952470712470071e-08
52450.056 1.2076566756101316e-07
52500.056 1.0721257793937935e-07
52550.056 1.056916427929913e-07
52600.056 8.251555816020679e-08
52650.056 9.736645231000524e-08
52700.056 6.570326068330145e-08
52750.056 3.752197184073214e-08
52800.056 5.4818423395008264e-08
52850.056 6.663377506868499e-08
52900.056 4.045739163410129e-08
52950.056 5.735618914400545e-08
53000.056 8.960324951400249e-08
53050.056 4.2203211234692926e-08
53100.056 1.045951539010035e-07
53150.056 1.1346680722400357e-07
53200.056 4.5413501557795345e-08
53250.056 9.811181724500706e-08
53300.056 1.1287167433603093e-07
53350.056 9.911032455899769e-08
53400.056 7.611584053299608e-08
53450.056 3.1155796186093396e-08
53500.056 1.1056237195496352e-08
53550.056 2.2181783878059542e-08
