galfind/configs/Brown_Dwarf_templates/sonora_bobcat/m-0.5/1000g/sp_t475g1000nc_m-0.5_resample.dat
# %ECSV 1.0
# ---
# datatype:
# - {name: wav, unit: Angstrom, datatype: float64}
# - {name: flux_nu, unit: erg / (cm2 Hz s), datatype: float64}
# meta: {C/O: '1.00', Kzz: '1.0000E+05', Teff: '475.', Y: '0.28', '[Fe/H]': '-0.50', f_hole: '1.00', f_rain: '0.00', grav: '1000.'}
# schema: astropy-2.0
wav flux_nu
4000.0559999999996 nan
4050.0559999999996 7.770850148186274e-18
4100.056 1.6731060904680397e-15
4150.056 2.4691358737700302e-14
4200.056 3.2056255861150285e-14
4250.056 3.3977171465600275e-13
4300.056 8.705010630100045e-13
4350.056 1.6606345197000074e-12
4400.056 2.839609917000012e-12
4450.056 4.5290525714000165e-12
4500.056 6.578519680100019e-12
4550.056 7.561894410099975e-12
4600.056 3.932939268299992e-12
4650.056 2.476725856399985e-12
4700.056 1.0595271914399881e-12
4750.056 2.1433181549599657e-13
4800.056 4.6402114434999475e-14
4850.056 1.4844086258399858e-14
4900.056 6.869006653699957e-15
4950.056 3.862108605499978e-15
5000.056 2.132635746099988e-15
5050.056 1.441423076999999e-15
5100.056 1.4563737151000013e-15
5150.056 1.5388303763000013e-15
5200.056 1.659541825800001e-15
5250.056 1.818182632900002e-15
5300.056 1.9990134896000016e-15
5350.056 2.2150599360000036e-15
5400.056 2.4821305717000034e-15
5450.056 2.7542293001000034e-15
5500.056 3.0334172369000034e-15
5550.056 3.312350608800004e-15
5600.056 3.594847402200004e-15
5650.056 3.856752491700003e-15
5700.056 4.032999276200002e-15
5750.056 3.943017171299997e-15
5800.056 3.4770953965999902e-15
5850.056 2.4066947181999736e-15
5900.056 7.925257307790257e-16
5950.056 4.96195432650007e-15
6000.056 1.082379330690009e-14
6050.056 1.899168836700013e-14
6100.056 2.996317559100019e-14
6150.056 4.510632808500025e-14
6200.056 6.628010923500032e-14
6250.056 9.530621840900047e-14
6300.056 1.3425135906000063e-13
6350.056 1.8643725311000085e-13
6400.056 2.568142331000012e-13
6450.056 3.4152978950000073e-13
6500.056 4.640793685600029e-13
6550.056 6.352972581700011e-13
6600.056 8.683563231200063e-13
6650.056 1.1944863408500064e-12
6700.056 1.5513012932000069e-12
6750.056 2.1308516112000094e-12
6800.056 2.6241692429000076e-12
6850.056 2.8028619014999995e-12
6900.056 2.457998242699991e-12
6950.056 2.065180096500002e-12
7000.056 2.1199447308999916e-12
7050.056 2.2401287792e-12
7100.056 2.477968839099999e-12
7150.056 2.3330853439399745e-12
7200.056 2.206635784030017e-12
7250.056 2.3677928799999384e-12
7300.056 2.4080194789000445e-12
7350.056 2.6888269239000023e-12
7400.056 2.9682107137000112e-12
7450.056 3.277347784200017e-12
7500.056 3.4716903060000017e-12
7550.056 3.5077277857999992e-12
7600.056 3.3858425671999937e-12
7650.056 1.5439215587959551e-12
7700.056 1.3430124558000395e-12
7750.056 3.703083995600038e-12
7800.056 5.001119833900041e-12
7850.056 7.423676350000019e-12
7900.056 9.449291296400036e-12
7950.056 1.0336520637100053e-11
8000.056 1.4353676965000074e-11
8050.056 1.7410039369000083e-11
8100.056 1.7964748201999873e-11
8150.056 1.8122075544300317e-11
8200.056 2.675621637680038e-11
8250.056 3.054217699290024e-11
8300.056 3.720376386000046e-11
8350.056 4.526362179600024e-11
8400.056 5.6688949575000555e-11
8450.056 7.331403689700052e-11
8500.056 8.750805443899981e-11
8550.056 1.1005401694800183e-10
8600.056 1.382656876000011e-10
8650.056 1.672754609900013e-10
8700.056 1.9842653185000154e-10
8750.056 2.3767853507000185e-10
8800.056 2.7974203361000164e-10
8850.056 3.116639907399996e-10
8900.056 2.4840296149999613e-10
8950.056 2.2801511521300227e-10
9000.056 2.72595587733998e-10
9050.056 5.106955264400063e-10
9100.056 5.936863516970202e-10
9150.056 6.932283664300009e-10
9200.056 8.842888203900237e-10
9250.056 8.741735376799709e-10
9300.056 1.1960273160690444e-10
9350.056 1.9936108157552088e-10
9400.056 7.093334400864576e-10
9450.056 4.900878765186983e-10
9500.056 4.810958289364811e-10
9550.056 5.317108718386341e-10
9600.056 6.498919090439839e-10
9650.056 9.85450474761082e-10
9700.056 1.8409889888299552e-09
9750.056 2.052780169850136e-09
9800.056 2.5600965122199764e-09
9850.056 3.2245392269999795e-09
9900.056 4.17531791890009e-09
9950.056 4.7765542574000534e-09
10000.056 3.5016074672659546e-09
10050.056 3.755209936099945e-09
10100.056 3.5174977433e-09
10150.056 3.107513542799975e-09
10200.056 2.626556378100036e-09
10250.056 2.823196152500017e-09
10300.056 3.1293390140999296e-09
10350.056 2.545360988600036e-09
10400.056 2.8521702184999996e-09
10450.056 2.96762146069994e-09
10500.056 2.9939614869999918e-09
10550.056 3.0310331364999965e-09
10600.056 2.937337169999997e-09
10650.056 2.7614935089999894e-09
10700.056 2.5172727811999896e-09
10750.056 2.3460045893999863e-09
10800.056 2.182596187300001e-09
10850.056 2.0242554428999932e-09
10900.056 1.8231155798999806e-09
10950.056 1.4159045093799939e-09
11000.056 1.0204791516699525e-09
11050.056 6.019981441689963e-10
11100.056 2.9598012758102683e-10
11150.056 1.3760684756869528e-10
11200.056 1.2734024585813601e-10
11250.056 1.9777042320138213e-10
11300.056 2.6447679107828465e-10
11350.056 1.1358905263732748e-10
11400.056 4.222461398324384e-10
11450.056 2.4790475375506167e-10
11500.056 2.6188745024607344e-10
11550.056 1.2222975060977139e-10
11600.056 9.371009566261147e-11
11650.056 2.2588247619051992e-10
11700.056 2.886033167219705e-10
11750.056 1.6833471953491107e-10
11800.056 4.951297627099922e-10
11850.056 6.205460170699977e-10
11900.056 7.007682675599997e-10
11950.056 8.132949632400085e-10
12000.056 9.49552620740016e-10
12050.056 1.1333435901700164e-09
12100.056 1.2502818418200026e-09
12150.056 1.480830550739996e-09
12200.056 1.6348190308000067e-09
12250.056 1.9370028806799878e-09
12300.056 2.3936661360000422e-09
12350.056 2.7028006358000196e-09
12400.056 3.246411465700012e-09
12450.056 3.8987675804000326e-09
12500.056 4.425036272400015e-09
12550.056 4.887169440500046e-09
12600.056 5.801929310400068e-09
12650.056 6.764893078300043e-09
12700.056 7.3665320893e-09
12750.056 7.0437580649000125e-09
12800.056 6.43770461569996e-09
12850.056 5.461390049799941e-09
12900.056 4.96964173089997e-09
12950.056 4.6734496199000706e-09
13000.056 4.9698681159001536e-09
13050.056 4.19415013679998e-09
13100.056 4.542386748299744e-09
13150.056 3.5040620377902056e-09
13200.056 3.669604116269857e-09
13250.056 3.139161774363956e-09
13300.056 1.4917545469578364e-09
13350.056 6.413114420460952e-10
13400.056 1.0555617774027044e-10
13450.056 2.7126155142211118e-11
13500.056 9.021101598443228e-12
13550.056 2.37115418161163e-12
13600.056 9.014929472647423e-13
13650.056 5.720667096616884e-12
13700.056 3.2061971391063296e-12
13750.056 1.51686601540318e-11
13800.056 1.7362490931065297e-11
13850.056 4.4146060539575354e-12
13900.056 7.559934625352391e-12
13950.056 7.465300714028782e-12
14000.056 1.3077625990397375e-11
14050.056 1.6000330629614462e-11
14100.056 1.2632244754855613e-11
14150.056 2.8084276875873567e-11
14200.056 1.8983428767958025e-11
14250.056 2.6121256494975163e-11
14300.056 9.221563483504231e-11
14350.056 7.638597912727874e-11
14400.056 7.408823353641968e-11
14450.056 1.5596368671458093e-10
14500.056 3.251779027400356e-10
14550.056 3.681865348518719e-10
14600.056 6.82509988433276e-10
14650.056 3.529496028446767e-10
14700.056 1.6942771758116148e-10
14750.056 1.3799384604393626e-10
14800.056 1.4203413808150996e-10
14850.056 1.550810343623758e-10
14900.056 1.5817454497795327e-10
14950.056 1.6016314439035108e-10
15000.056 3.494365859375589e-10
15050.056 4.1507609629330144e-10
15100.056 2.3644351118265526e-10
15150.056 1.3586260189018622e-10
15200.056 3.199711504441842e-10
15250.056 5.459508327651714e-10
15300.056 7.01844360070088e-10
15350.056 8.16973119499031e-10
15400.056 1.0333393645980786e-09
15450.056 1.263877230210082e-09
15500.056 1.6367040607499087e-09
15550.056 2.1916391460001423e-09
15600.056 2.991337950249914e-09
15650.056 4.0520145288001824e-09
15700.056 5.1548260174000424e-09
15750.056 5.74316813150004e-09
15800.056 6.3609710612999925e-09
15850.056 6.885363662000096e-09
15900.056 7.038871337799992e-09
15950.056 7.143443139599992e-09
16000.056 6.637725120399962e-09
16050.056 5.593444922499911e-09
16100.056 4.296778563499975e-09
16150.056 2.9529208387598244e-09
16200.056 1.7004842411700552e-09
16250.056 1.185038548068013e-09
16300.056 8.442570090465019e-10
16350.056 8.821757731654222e-10
16400.056 9.531212567612998e-10
16450.056 1.031651240632472e-09
16500.056 9.942241614973555e-10
16550.056 1.0353337281364635e-09
16600.056 1.523824055229746e-09
16650.056 8.408009784616361e-10
16700.056 3.110747004026154e-10
16750.056 8.121053540429679e-10
16800.056 9.812419555708786e-10
16850.056 9.236974661860259e-10
16900.056 6.583901058068289e-10
16950.056 5.0613553731318e-10
17000.056 3.6062107151003713e-10
17050.056 5.239246225420448e-10
17100.056 6.894195449070083e-10
17150.056 5.520333585056396e-10
17200.056 9.83089870972001e-10
17250.056 6.037363448338815e-10
17300.056 5.163775225859871e-10
17350.056 5.561336372159827e-10
17400.056 6.778567597450201e-10
17450.056 7.286049537619831e-10
17500.056 8.324319921100706e-10
17550.056 6.766622541599649e-10
17600.056 6.253743744800359e-10
17650.056 5.014185731789978e-10
17700.056 4.312894647509924e-10
17750.056 3.2243152941591834e-10
17800.056 4.163429445139255e-10
17850.056 2.4996286191325025e-10
17900.056 2.117560427938516e-10
17950.056 1.3315387768126177e-10
18000.056 1.8686116816507732e-10
18050.056 9.270204537727132e-11
18100.056 1.0431243358198492e-10
18150.056 8.306457335162647e-11
18200.056 5.6809689554352126e-11
18250.056 1.6039738445798142e-10
18300.056 4.095962893872124e-11
18350.056 3.657754570817324e-11
18400.056 2.442589502036337e-11
18450.056 9.991074425066833e-11
18500.056 8.636142194570108e-11
18550.056 4.535422205915643e-11
18600.056 6.430863604132603e-11
18650.056 4.389746571347572e-11
18700.056 1.0508170557409225e-11
18750.056 2.4773190354107437e-11
18800.056 1.38646587452217e-10
18850.056 1.2353172876195186e-10
18900.056 1.1434431567623039e-10
18950.056 1.6122234666556427e-10
19000.056 5.178691587995093e-11
19050.056 2.7112533567264598e-11
19100.056 6.820836906671807e-11
19150.056 3.233521562421268e-11
19200.056 5.5649241021696267e-11
19250.056 4.106898463435473e-11
19300.056 2.8158751973101527e-11
19350.056 2.965384481912967e-11
19400.056 2.041887101247307e-11
19450.056 2.807537535073663e-11
19500.056 3.219555926083554e-11
19550.056 3.804888844908691e-11
19600.056 6.177210943289136e-11
19650.056 5.91002259150013e-11
19700.056 7.46650804042863e-11
19750.056 9.049914246654109e-11
19800.056 6.573717796749931e-11
19850.056 8.500646157017088e-11
19900.056 1.0858561386116492e-10
19950.056 1.1367098780287391e-10
20000.056 1.2484812311729382e-10
20050.056 1.1483846586539125e-10
20100.056 1.5239730434771884e-10
20150.056 1.1325166972620822e-10
20200.056 9.585842020334517e-11
20250.056 1.3727858382835e-10
20300.056 1.4348447755650294e-10
20350.056 1.4544688384468713e-10
20400.056 1.5168077272200082e-10
20450.056 1.8812496087001767e-10
20500.056 1.9377172434999855e-10
20550.056 1.972816473499991e-10
20600.056 1.9988115731000682e-10
20650.056 2.0394044724999433e-10
20700.056 2.0389839073999914e-10
20750.056 2.0037531006999892e-10
20800.056 1.9343715262999483e-10
20850.056 1.9370113305000014e-10
20900.056 1.8941037334999948e-10
20950.056 1.8369465969000023e-10
21000.056 1.7899813975999966e-10
21050.056 1.784485544099995e-10
21100.056 1.7605561254999992e-10
21150.056 1.7614919633999952e-10
21200.056 1.7612213912000106e-10
21250.056 1.766906841199975e-10
21300.056 1.7522243650000114e-10
21350.056 1.7446718535399785e-10
21400.056 1.8181689014000753e-10
21450.056 1.7266518598200436e-10
21500.056 1.693997266420017e-10
21550.056 1.6809276792299774e-10
21600.056 1.6235277160860092e-10
21650.056 1.5373584304549637e-10
21700.056 1.589772626299918e-10
21750.056 1.472575505986077e-10
21800.056 1.2614874051946156e-10
21850.056 1.1799499044276987e-10
21900.056 1.0078882170680616e-10
21950.056 6.84164809898933e-11
22000.056 1.7243341484039796e-11
22050.056 2.7128021398070597e-11
22100.056 6.006034982657038e-11
22150.056 4.5336452210831344e-11
22200.056 4.592514051435383e-11
22250.056 4.120755605852113e-11
22300.056 2.5015333619558313e-11
22350.056 3.2053785791317954e-11
22400.056 1.700416254866546e-11
22450.056 2.209190962604566e-11
22500.056 1.8263251734777536e-11
22550.056 1.212359388577172e-11
22600.056 1.0500138389258625e-11
22650.056 1.3570372463211743e-11
22700.056 1.4280975704925525e-11
22750.056 1.8066923566352732e-11
22800.056 2.2547224494728255e-11
22850.056 1.5543497913884968e-11
22900.056 1.3577912726812176e-11
22950.056 1.1234313462855584e-11
23000.056 1.2291411491436817e-11
23050.056 1.4031323802942775e-11
23100.056 5.009952348438474e-11
23150.056 3.776877133996835e-11
23200.056 4.8187650741999754e-12
23250.056 1.8092812558051536e-11
23300.056 1.4432062560081914e-11
23350.056 1.6340036688836633e-11
23400.056 1.1598221321009875e-11
23450.056 9.264630049687094e-12
23500.056 9.215780370952993e-12
23550.056 1.8222952657878258e-11
23600.056 3.0703976443702914e-11
23650.056 3.7794831897121716e-11
23700.056 8.309375119444214e-12
23750.056 1.191585975548386e-11
23800.056 4.150679496779529e-11
23850.056 2.5582048462911913e-11
23900.056 4.54091276775458e-11
23950.056 2.7180290694790862e-11
24000.056 5.3295963983703226e-11
24050.056 5.272972647319882e-11
24100.056 6.043550103896074e-11
24150.056 7.992619998492419e-11
24200.056 6.990911804286859e-11
24250.056 6.431648110490427e-11
24300.056 1.0485848584062096e-10
24350.056 8.718961080897304e-11
24400.056 1.4594939707000097e-10
24450.056 1.511157460374546e-10
24500.056 1.3988966157206793e-10
24550.056 2.0846947560230789e-10
24600.056 2.328308074059909e-10
24650.056 2.70654334367197e-10
24700.056 2.345771474763276e-10
24750.056 2.747732970986049e-10
24800.056 2.643183139788617e-10
24850.056 3.417968413845415e-10
24900.056 1.8917198022150008e-10
24950.056 3.098428489177064e-10
25000.056 3.3940393823049183e-10
25050.056 1.9253271971631438e-10
25100.056 3.104506858721435e-10
25150.056 1.6515607086438882e-10
25200.056 2.46738265469397e-10
25250.056 9.995361441856742e-11
25300.056 1.4179597649285005e-10
25350.056 6.197452062824823e-11
25400.056 1.612712868992874e-10
25450.056 5.3684993479799454e-11
25500.056 4.609049911470506e-11
25550.056 1.2970649182358042e-10
25600.056 7.139620632037311e-11
25650.056 2.5763733783474192e-11
25700.056 2.8518423314301872e-11
25750.056 7.32560282502876e-12
25800.056 4.679133831829798e-11
25850.056 8.475586405977282e-12
25900.056 1.4668164453035864e-11
25950.056 2.3395860310634248e-12
26000.056 4.4603479098318324e-11
26050.056 3.961644813873682e-12
26100.056 2.8536003556856866e-11
26150.056 1.0103748848833957e-11
26200.056 1.4480933808821691e-11
26250.056 1.173925244371082e-10
26300.056 1.8130079184493553e-11
26350.056 2.3801072183397894e-10
26400.056 3.063695937595701e-10
26450.056 1.602496035205464e-10
26500.056 4.0582559522024356e-10
26550.056 4.351243029424057e-11
26600.056 4.3274431066690695e-11
26650.056 5.3582432944674e-12
26700.056 3.0513755750484488e-12
26750.056 4.5554893283113175e-12
26800.056 1.885839614317565e-11
26850.056 9.585285876375677e-12
26900.056 5.587663180219786e-11
26950.056 1.8282470027844575e-11
27000.056 1.0917117320838337e-10
27050.056 1.486454379286012e-10
27100.056 1.1194341694607018e-11
27150.056 1.7596426473745438e-10
27200.056 1.0183638923395305e-11
27250.056 4.4076109893515225e-11
27300.056 4.513470182391545e-10
27350.056 1.1476061813570629e-10
27400.056 4.964698024232575e-12
27450.056 1.5626528668462394e-10
27500.056 2.2633104737970402e-10
27550.056 2.385135931281216e-11
27600.056 8.714299675850496e-11
27650.056 1.792583878396522e-11
27700.056 1.7618235981396988e-11
27750.056 1.4011492992451275e-10
27800.056 4.1854076806025866e-11
27850.056 7.57296200849255e-11
27900.056 1.0074032277925578e-10
27950.056 2.314061868679823e-10
28000.056 1.9259643826243829e-10
28050.056 2.1394096838033522e-11
28100.056 2.739842414817427e-10
28150.056 1.702220393740934e-10
28200.056 4.107873404383618e-11
28250.056 3.6984268711830895e-10
28300.056 3.7577245914205647e-10
28350.056 5.062523141991628e-11
28400.056 2.457384087399057e-10
28450.056 4.711517931599579e-10
28500.056 2.4087694614063914e-10
28550.056 4.825850102567704e-11
28600.056 4.345735762575272e-10
28650.056 2.3620292128133984e-10
28700.056 3.799737140039819e-10
28750.056 8.264199358469988e-10
28800.056 3.1489407266817516e-10
