galfind/configs/Brown_Dwarf_templates/sonora_bobcat/m-0.5/1000g/sp_t1700g1000nc_m-0.5_resample.dat
# %ECSV 1.0
# ---
# datatype:
# - {name: wav, unit: Angstrom, datatype: float64}
# - {name: flux_nu, unit: erg / (cm2 Hz s), datatype: float64}
# meta: {C/O: '1.00', Kzz: '1.0000E+05', Teff: '1700.', Y: '0.28', '[Fe/H]': '-0.50', f_hole: '1.00', f_rain: '0.00', grav: '1000.'}
# schema: astropy-2.0
wav flux_nu
4000.0559999999996 nan
4050.0559999999996 1.2034801803088428e-09
4100.056 4.279186346967587e-09
4150.056 3.8566091722921954e-09
4200.056 2.821045167324823e-09
4250.056 2.4702650373505564e-09
4300.056 1.6266001610703533e-09
4350.056 1.4677729072601341e-09
4400.056 1.5600518818502789e-09
4450.056 1.0435171831600611e-09
4500.056 1.0549378276500857e-09
4550.056 1.3720627054197055e-09
4600.056 1.2022957561699282e-09
4650.056 1.082970997539874e-09
4700.056 1.420989176620036e-09
4750.056 1.5265977860299288e-09
4800.056 7.8942866533006e-10
4850.056 9.425859242500436e-10
4900.056 1.3264386052999464e-09
4950.056 1.080211067749983e-09
5000.056 4.368988260999576e-10
5050.056 2.611655026300041e-10
5100.056 2.0680177952501332e-10
5150.056 1.519960580670159e-10
5200.056 1.6065813629099588e-10
5250.056 1.786025339000019e-10
5300.056 1.5201517580999976e-10
5350.056 1.2624204232000027e-10
5400.056 1.0343860980699972e-10
5450.056 8.4151762645e-11
5500.056 6.671595753299952e-11
5550.056 5.3157449109999713e-11
5600.056 4.13076463639998e-11
5650.056 3.064842965699988e-11
5700.056 2.1224062214999888e-11
5750.056 1.3263604206699923e-11
5800.056 6.867025727199923e-12
5850.056 2.4436677344699495e-12
5900.056 3.3511508417441873e-13
5950.056 5.857923753500129e-12
6000.056 2.218042326000035e-11
6050.056 5.934321413600069e-11
6100.056 1.2829991567100126e-10
6150.056 2.4964840174000235e-10
6200.056 4.4988693682000355e-10
6250.056 7.556274853600055e-10
6300.056 1.216847837540008e-09
6350.056 1.879205209700012e-09
6400.056 2.779613759000012e-09
6450.056 3.97752823259999e-09
6500.056 5.463013589899979e-09
6550.056 7.428939357200016e-09
6600.056 9.638094252400014e-09
6650.056 1.1083149610300325e-08
6700.056 6.454292168600167e-09
6750.056 1.3573714468900182e-08
6800.056 1.7593272531000718e-08
6850.056 2.103706714800045e-08
6900.056 2.284227195200025e-08
6950.056 2.278400367100038e-08
7000.056 2.392702605400006e-08
7050.056 2.295466395200013e-08
7100.056 1.9964032866000182e-08
7150.056 2.002504372600006e-08
7200.056 2.3777384684999953e-08
7250.056 2.64998636660006e-08
7300.056 2.734260425300042e-08
7350.056 2.525405454199999e-08
7400.056 2.1143491279000007e-08
7450.056 1.7114539752999816e-08
7500.056 1.3426615349999883e-08
7550.056 9.926345653899942e-09
7600.056 5.999153902699909e-09
7650.056 8.355280272748315e-10
7700.056 3.1373349305691724e-10
7750.056 3.6950575870001026e-09
7800.056 8.761637244448973e-09
7850.056 1.9438824879000215e-08
7900.056 2.898898363500027e-08
7950.056 3.2289598539301726e-08
8000.056 5.3631476928000415e-08
8050.056 7.495962795899947e-08
8100.056 9.994822703600027e-08
8150.056 1.2858731399100063e-07
8200.056 1.2410038262500003e-07
8250.056 1.7173228261000127e-07
8300.056 1.8798320317000422e-07
8350.056 2.155072999100011e-07
8400.056 2.3822905633999897e-07
8450.056 2.110595121699978e-07
8500.056 2.0170767824650956e-07
8550.056 2.532226446500112e-07
8600.056 2.9189338971999125e-07
8650.056 3.033703274509861e-07
8700.056 2.7453721307896954e-07
8750.056 2.903498445000124e-07
8800.056 3.7032197788001045e-07
8850.056 3.8374282083997677e-07
8900.056 3.557313819600036e-07
8950.056 3.6873735094820174e-07
9000.056 4.811534397400089e-07
9050.056 4.563159996000134e-07
9100.056 5.538893282799948e-07
9150.056 6.36540779570006e-07
9200.056 6.795992574800036e-07
9250.056 6.082877442700093e-07
9300.056 5.31437470004967e-07
9350.056 6.021526889500395e-07
9400.056 6.79659740819992e-07
9450.056 7.790451722700087e-07
9500.056 8.969892309799672e-07
9550.056 9.610541407000514e-07
9600.056 1.037625369190028e-06
9650.056 1.150600899310024e-06
9700.056 1.3102925339399468e-06
9750.056 1.1572935595399707e-06
9800.056 1.2257631525799685e-06
9850.056 1.1867697586000108e-06
9900.056 7.672864299099468e-07
9950.056 4.933141032400052e-07
10000.056 4.573124147199953e-07
10050.056 5.547141710699996e-07
10100.056 6.653806813300262e-07
10150.056 6.4771355074997e-07
10200.056 7.074414816099946e-07
10250.056 7.494797590199933e-07
10300.056 7.041152316499924e-07
10350.056 8.338159200600517e-07
10400.056 9.561027615799603e-07
10450.056 9.937703328300227e-07
10500.056 1.0062582442299796e-06
10550.056 1.1057753333500364e-06
10600.056 1.2020299321200072e-06
10650.056 1.2238658707900777e-06
10700.056 1.2706687968600276e-06
10750.056 1.3950983391500426e-06
10800.056 1.5182717723399868e-06
10850.056 1.72396122162995e-06
10900.056 1.7921096477899716e-06
10950.056 1.8211530097599685e-06
11000.056 1.73258987225997e-06
11050.056 1.4814323552699785e-06
11100.056 1.5357116475600893e-06
11150.056 1.639490260819939e-06
11200.056 1.6673557738761794e-06
11250.056 2.0539458988129596e-06
11300.056 1.968950889239961e-06
11350.056 1.7344843302569053e-06
11400.056 1.4150900912000306e-06
11450.056 2.0238443863999942e-06
11500.056 2.5136294824198767e-06
11550.056 2.3266243984390075e-06
11600.056 2.4868003377797026e-06
11650.056 2.318103157369071e-06
11700.056 1.533897141261011e-06
11750.056 1.6473478026598404e-06
11800.056 1.7519747654501141e-06
11850.056 2.6516981080200928e-06
11900.056 3.0602670970798135e-06
11950.056 2.5294383447700068e-06
12000.056 2.045433790100036e-06
12050.056 2.5970169413000405e-06
12100.056 2.5327111583999244e-06
12150.056 3.0396833134999297e-06
12200.056 2.890119804299792e-06
12250.056 3.2091312612999785e-06
12300.056 3.3125682430000885e-06
12350.056 3.130891835899938e-06
12400.056 2.6143870712999692e-06
12450.056 2.3241954501000197e-06
12500.056 2.406748877499918e-06
12550.056 2.518405846200138e-06
12600.056 3.1822529786000033e-06
12650.056 3.2408041176999346e-06
12700.056 3.654466397400193e-06
12750.056 3.5598541409998865e-06
12800.056 3.7425436470001294e-06
12850.056 3.5953549926999102e-06
12900.056 3.3332960395999696e-06
12950.056 3.432771970499977e-06
13000.056 3.637336070899929e-06
13050.056 3.861455397499956e-06
13100.056 3.931450835599967e-06
13150.056 3.962980000499946e-06
13200.056 3.7876539062000243e-06
13250.056 3.456903565640026e-06
13300.056 2.925530658602757e-06
13350.056 1.5371675594010432e-06
13400.056 1.2092349724893528e-06
13450.056 1.0268297752886252e-06
13500.056 8.842713739322825e-07
13550.056 8.036235131180083e-07
13600.056 7.941094080231527e-07
13650.056 1.1073498201372486e-06
13700.056 9.816502343997656e-07
13750.056 1.0923521449618438e-06
13800.056 1.297782657366962e-06
13850.056 1.1510788100275284e-06
13900.056 1.0955916082182488e-06
13950.056 1.0128883408494973e-06
14000.056 9.44362851625957e-07
14050.056 1.0374464149698026e-06
14100.056 8.408650532384894e-07
14150.056 9.663932209003545e-07
14200.056 8.452834923449981e-07
14250.056 8.080943127294298e-07
14300.056 9.274875564940034e-07
14350.056 9.523898733611288e-07
14400.056 9.847718238223898e-07
14450.056 1.0455193207176613e-06
14500.056 1.2504468464439416e-06
14550.056 1.259076471923949e-06
14600.056 1.4862088358302513e-06
14650.056 1.445936867919617e-06
14700.056 1.308309562154012e-06
14750.056 1.4538079490692503e-06
14800.056 1.550596482263208e-06
14850.056 1.689144416939833e-06
14900.056 1.641214651693924e-06
14950.056 1.69974600731018e-06
15000.056 1.7917760090200275e-06
15050.056 2.0276472126098286e-06
15100.056 2.0193335095200297e-06
15150.056 2.1387281799201097e-06
15200.056 2.2264410831298824e-06
15250.056 2.3380508329800197e-06
15300.056 2.445860633029965e-06
15350.056 2.6028954295099434e-06
15400.056 2.7021712840600167e-06
15450.056 2.8167176817400893e-06
15500.056 2.8781590545000384e-06
15550.056 3.020770996799844e-06
15600.056 3.039423752600087e-06
15650.056 3.124539852400075e-06
15700.056 3.289901600000175e-06
15750.056 3.3721766522999285e-06
15800.056 3.3464927663000744e-06
15850.056 2.8619591410000256e-06
15900.056 2.9329008201000197e-06
15950.056 2.9041825734999183e-06
16000.056 2.945483382300018e-06
16050.056 2.929530440300029e-06
16100.056 2.9483822533999964e-06
16150.056 2.731876780199984e-06
16200.056 2.8004676558998884e-06
16250.056 2.663057995799941e-06
16300.056 2.664724902100009e-06
16350.056 2.7789403074299963e-06
16400.056 2.7583274324000713e-06
16450.056 2.8307967371000617e-06
16500.056 2.883494892400075e-06
16550.056 2.9424240339999777e-06
16600.056 2.8016720817000728e-06
16650.056 2.835481662999996e-06
16700.056 2.658142722199943e-06
16750.056 2.6628069854999607e-06
16800.056 2.7877980336999742e-06
16850.056 2.7953586329999023e-06
16900.056 2.7245018786000065e-06
16950.056 2.6785415932999905e-06
17000.056 2.680604276400164e-06
17050.056 2.717231057100021e-06
17100.056 2.6492655832000785e-06
17150.056 2.5728658130600287e-06
17200.056 2.4752241680999186e-06
17250.056 2.327951764329925e-06
17300.056 2.2664067179299966e-06
17350.056 2.196657289880055e-06
17400.056 2.102439127699967e-06
17450.056 1.9806481554395775e-06
17500.056 1.938899074190124e-06
17550.056 1.8219021988802167e-06
17600.056 1.7663331920400293e-06
17650.056 1.7526715029281833e-06
17700.056 1.5009007395988795e-06
17750.056 1.4250777952469454e-06
17800.056 1.4427308338062503e-06
17850.056 1.2272723654079587e-06
17900.056 1.3374271965910779e-06
17950.056 1.237577728100975e-06
18000.056 1.168635462341992e-06
18050.056 1.1465970352690438e-06
18100.056 1.127990399122887e-06
18150.056 1.2514614812751952e-06
18200.056 9.965158734030447e-07
18250.056 1.3111752409308814e-06
18300.056 1.166990237455001e-06
18350.056 1.1334688836670718e-06
18400.056 1.0956509060300603e-06
18450.056 1.0094155543653278e-06
18500.056 1.0498517203920383e-06
18550.056 9.433685570540019e-07
18600.056 8.194332520048348e-07
18650.056 8.979467142691168e-07
18700.056 9.829693039371222e-07
18750.056 9.86484723418192e-07
18800.056 1.1202223621552068e-06
18850.056 1.255022067930969e-06
18900.056 1.1933842611846558e-06
18950.056 1.3667076402889964e-06
19000.056 1.325128599099853e-06
19050.056 1.2369807987019267e-06
19100.056 1.4127719617410663e-06
19150.056 1.3377771394970352e-06
19200.056 1.3699999390101404e-06
19250.056 1.2602872967090004e-06
19300.056 1.303621451059754e-06
19350.056 1.2386887161238795e-06
19400.056 9.954859533398949e-07
19450.056 1.248167946490943e-06
19500.056 1.2457168352849922e-06
19550.056 1.0424835445711283e-06
19600.056 1.1576079085319632e-06
19650.056 1.2264162898246354e-06
19700.056 1.2010189785930768e-06
19750.056 1.1252632707360625e-06
19800.056 1.2252669038078878e-06
19850.056 1.3203154337369685e-06
19900.056 1.1308600228091177e-06
19950.056 1.3528882855599461e-06
20000.056 1.2326299002401443e-06
20050.056 1.3867744443600473e-06
20100.056 1.3334003630405906e-06
20150.056 1.4226673402301906e-06
20200.056 1.4720563175099895e-06
20250.056 1.5215520988698641e-06
20300.056 1.5138202427001339e-06
20350.056 1.6173768214898962e-06
20400.056 1.622005662369673e-06
20450.056 1.6620052532897537e-06
20500.056 1.72024799414987e-06
20550.056 1.724071114500003e-06
20600.056 1.8223573696100485e-06
20650.056 1.7937906876100516e-06
20700.056 1.8522432143100681e-06
20750.056 1.8537522235799795e-06
20800.056 1.9111607575999537e-06
20850.056 1.880264843739973e-06
20900.056 1.9470399004999197e-06
20950.056 1.9410783643999836e-06
21000.056 1.9546227241000284e-06
21050.056 1.9623904060999903e-06
21100.056 1.9545762429999998e-06
21150.056 1.983169102799942e-06
21200.056 1.965085382200019e-06
21250.056 1.984180074099943e-06
21300.056 1.9389779047999967e-06
21350.056 1.966474275300014e-06
21400.056 1.9305349212000738e-06
21450.056 1.9524661517999973e-06
21500.056 1.911166919800025e-06
21550.056 1.9025269208999992e-06
21600.056 1.8859452118000483e-06
21650.056 1.8574076007999932e-06
21700.056 1.8569538914000146e-06
21750.056 1.8040555086000095e-06
21800.056 1.7741740580999078e-06
21850.056 1.7359405898000115e-06
21900.056 1.6958746998000139e-06
21950.056 1.6025245176000354e-06
22000.056 1.4864574444000224e-06
22050.056 1.3772402076799233e-06
22100.056 1.409940769000088e-06
22150.056 1.4561047283600046e-06
22200.056 1.451894099010017e-06
22250.056 1.4744082841601091e-06
22300.056 1.427671266659978e-06
22350.056 1.397289282810114e-06
22400.056 1.3542664879699552e-06
22450.056 1.302648568620037e-06
22500.056 1.3167421367600969e-06
22550.056 1.2743616620199212e-06
22600.056 1.2801711016000624e-06
22650.056 1.2472968964100945e-06
22700.056 1.2133517389400377e-06
22750.056 1.2256735929400455e-06
22800.056 1.1845461476499344e-06
22850.056 1.1486889700200515e-06
22900.056 1.1380703158799378e-06
22950.056 1.0126067882399955e-06
23000.056 1.0455101801200481e-06
23050.056 1.1293217575598822e-06
23100.056 1.158818192010023e-06
23150.056 1.1790964509000092e-06
23200.056 1.0025679111000241e-06
23250.056 9.705262748199936e-07
23300.056 9.044915371801155e-07
23350.056 8.977871284399923e-07
23400.056 9.035768755100675e-07
23450.056 9.292084904501044e-07
23500.056 9.769671465700686e-07
23550.056 1.0170221644100782e-06
23600.056 1.0356963981400139e-06
23650.056 1.1007846710798958e-06
23700.056 9.720890313100967e-07
23750.056 9.741257058900386e-07
23800.056 9.268548644299704e-07
23850.056 9.271867359500413e-07
23900.056 1.029230218030106e-06
23950.056 1.0888752076901155e-06
24000.056 1.1051891416997755e-06
24050.056 1.1180995612501419e-06
24100.056 1.0710279637799493e-06
24150.056 1.08129831775025e-06
24200.056 1.0896250032398567e-06
24250.056 1.0720916826400623e-06
24300.056 1.0811271138900678e-06
24350.056 9.879829999499745e-07
24400.056 1.1060938020800682e-06
24450.056 1.0028502715298895e-06
24500.056 9.98388899950009e-07
24550.056 9.773258707561685e-07
24600.056 1.000427762592047e-06
24650.056 1.0990948281001052e-06
24700.056 9.144691544899351e-07
24750.056 8.814471451860754e-07
24800.056 9.093891973160266e-07
24850.056 1.0487571615051452e-06
24900.056 7.757272728572314e-07
24950.056 1.004734057750056e-06
25000.056 9.284845844711596e-07
25050.056 7.3400301783714e-07
25100.056 9.005101140159471e-07
25150.056 7.733560621259256e-07
25200.056 8.440008701220902e-07
25250.056 7.491501926228881e-07
25300.056 8.544324883740471e-07
25350.056 7.008365589739946e-07
25400.056 8.451758892171643e-07
25450.056 7.048184342679607e-07
25500.056 7.569287608621275e-07
25550.056 7.347590057450179e-07
25600.056 7.645498521129064e-07
25650.056 6.516733120329792e-07
25700.056 8.986940299627623e-07
25750.056 6.17004446294113e-07
25800.056 8.804924278911228e-07
25850.056 7.173745886889417e-07
25900.056 8.513569522131178e-07
25950.056 6.784384962850702e-07
26000.056 9.001826171102457e-07
26050.056 8.590622732389768e-07
26100.056 9.541303377290776e-07
26150.056 9.013186226349286e-07
26200.056 8.8271994290402e-07
26250.056 9.830953359159224e-07
26300.056 9.075129480060358e-07
26350.056 1.0517475465369716e-06
26400.056 1.0375618407399223e-06
26450.056 1.020610608964027e-06
26500.056 1.091457852984805e-06
26550.056 9.645835936609023e-07
26600.056 1.1784494164209043e-06
26650.056 8.662457832148784e-07
26700.056 8.785694841110254e-07
26750.056 7.005672817187131e-07
26800.056 8.400485718259028e-07
26850.056 6.2645422727306e-07
26900.056 8.874761853859591e-07
26950.056 6.003229393179081e-07
27000.056 8.686503674760908e-07
27050.056 7.35422295939952e-07
27100.056 7.326815899228534e-07
27150.056 8.188405581840415e-07
27200.056 7.824851734950522e-07
27250.056 7.479199448091765e-07
27300.056 9.861746077001097e-07
27350.056 8.843676474268157e-07
27400.056 6.648585469019326e-07
27450.056 1.0451740485048408e-06
27500.056 9.568088921570011e-07
27550.056 7.879205737758841e-07
27600.056 1.0415213804899708e-06
27650.056 7.571027910399897e-07
27700.056 7.030415852419825e-07
27750.056 1.0447414588838325e-06
27800.056 7.276813496259686e-07
27850.056 7.845258982968538e-07
27900.056 8.333827248390008e-07
27950.056 1.0378642175499903e-06
28000.056 9.057289360841044e-07
28050.056 6.394592346111464e-07
28100.056 1.083199978088185e-06
28150.056 8.127957322270519e-07
28200.056 6.561732817099894e-07
28250.056 9.671005128999608e-07
28300.056 1.1129289914711805e-06
28350.056 7.187057840818528e-07
28400.056 8.907600115030392e-07
28450.056 9.932390628998864e-07
28500.056 9.198613213198606e-07
28550.056 5.962891900078715e-07
28600.056 1.0947937892500004e-06
28650.056 9.609357564550114e-07
28700.056 8.51444723636922e-07
28750.056 1.0069618887300006e-06
28800.056 9.639361475041806e-07
