galfind/configs/Brown_Dwarf_templates/sonora_bobcat/m-0.5/1000g/sp_t750g1000nc_m-0.5_resample.dat
# %ECSV 1.0
# ---
# datatype:
# - {name: wav, unit: Angstrom, datatype: float64}
# - {name: flux_nu, unit: erg / (cm2 Hz s), datatype: float64}
# meta: {C/O: '1.00', Kzz: '1.0000E+05', Teff: '750.', Y: '0.28', '[Fe/H]': '-0.50', f_hole: '1.00', f_rain: '0.00', grav: '1000.'}
# schema: astropy-2.0
wav flux_nu
[from data line 991]
53550.056 4.8830736418698515e-08
53600.056 1.0748331200571521e-07
53650.056 8.298890200579539e-08
53700.056 7.636822876459403e-08
53750.056 7.419663522999164e-08
53800.056 8.236166564700433e-08
53850.056 1.2023283649197341e-07
53900.056 1.1707093736600638e-07
53950.056 1.3673706202100422e-07
54000.056 9.988705910501933e-08
54050.056 1.1582065034099217e-07
54100.056 3.928844087119715e-08
54150.056 6.072521026861304e-08
54200.056 2.2086136178394427e-08
54250.056 4.100059702900395e-08
54300.056 5.931065742193763e-08
54350.056 8.536199056699525e-08
54400.056 8.588241873698535e-08
54450.056 8.35623777852191e-08
54500.056 8.128539899200877e-08
54550.056 6.431529838399889e-08
54600.056 7.34106098369963e-08
54650.056 2.4086902371615868e-08
54700.056 8.124826448699288e-08
54750.056 7.912504693398773e-08
54800.056 4.942232976710994e-08
54850.056 5.8132490189902065e-08
54900.056 7.808136750799895e-08
54950.056 1.220879231889833e-07
55000.056 5.652596484239613e-08
55050.056 6.737034893020189e-08
55100.056 8.649969981101849e-08
55150.056 5.228511009324752e-08
55200.056 5.5849793986587334e-08
55250.056 6.609386452101542e-08
55300.056 4.8256171548461156e-08
55350.056 7.926303962700253e-08
55400.056 7.32197415247992e-08
55450.056 5.960523306828578e-08
55500.056 2.6724375352704035e-08
55550.056 3.9130792161600984e-08
55600.056 5.671350222029915e-08
55650.056 4.233627826351594e-08
55700.056 5.373857515341044e-08
55750.056 4.6113578485592524e-08
55800.056 2.9144773987201304e-08
55850.056 2.6327431836796918e-08
55900.056 5.5880456986992424e-08
55950.056 9.071610817302765e-08
56000.056 4.325399181118648e-08
56050.056 4.6161124312606005e-08
56100.056 6.055912003850121e-08
56150.056 4.537881737220311e-08
56200.056 3.6846794680890465e-08
56250.056 7.706339281601488e-08
56300.056 6.294866440223674e-08
56350.056 4.592389804260873e-08
56400.056 2.598925226673861e-08
56450.056 2.8932145334407136e-08
56500.056 5.205817320760416e-08
56550.056 2.3485123792210216e-08
56600.056 5.65040708059969e-08
56650.056 6.15372413378026e-08
56700.056 6.279602342499926e-08
56750.056 3.045422842820008e-08
56800.056 3.678462942070088e-08
56850.056 4.362175350001293e-08
56900.056 3.065017956689148e-08
56950.056 6.302611662099448e-08
57000.056 6.967279913881044e-08
57050.056 4.8536233708984547e-08
57100.056 1.6783833598189692e-08
57150.056 3.567438267655044e-08
57200.056 2.604215743239935e-08
57250.056 3.5527712459996065e-08
57300.056 4.214753227280485e-08
57350.056 2.5741464925001398e-08
57400.056 6.575691836760146e-08
57450.056 4.016618390369069e-08
57500.056 3.5366417316518614e-08
57550.056 4.605820644628192e-08
57600.056 3.608499889612634e-08
57650.056 1.6121598031680403e-08
57700.056 2.8260950579199764e-08
57750.056 4.196620837250208e-08
57800.056 2.6426778579749204e-08
57850.056 6.592429955301687e-08
57900.056 7.915389281600843e-08
57950.056 8.04577249370055e-08
58000.056 3.812974199699632e-08
58050.056 5.8946088111993564e-08
58100.056 5.109176336860992e-08
58150.056 4.7706053324880206e-08
58200.056 1.725561708944059e-08
58250.056 2.6715657170694658e-08
58300.056 2.042780273090418e-08
58350.056 2.9183059012807598e-08
58400.056 4.60258684366031e-08
58450.056 6.077933252300033e-08
58500.056 6.474443197400557e-08
58550.056 5.164711069319658e-08
58600.056 2.9418402219899208e-08
58650.056 4.0820371757123014e-08
58700.056 3.7281695987992234e-08
58750.056 4.973837094100114e-08
58800.056 9.9668057714464e-09
58850.056 2.9721669996303377e-08
58900.056 3.190777872710225e-08
58950.056 2.2427523872992284e-08
59000.056 3.990787604160455e-08
59050.056 4.021008675303383e-08
59100.056 4.53822610694007e-08
59150.056 4.183135173511351e-08
59200.056 4.780743653919938e-08
59250.056 5.6093384893213244e-08
59300.056 5.6782539746991826e-08
59350.056 1.6334399340699264e-08
59400.056 1.7469646537946694e-08
59450.056 5.065980092529444e-08
59500.056 2.7633051197291678e-08
59550.056 4.448634506968048e-08
59600.056 6.431815880599417e-08
59650.056 3.8251042215202534e-08
59700.056 2.989025143870539e-08
59750.056 8.18654615569896e-08
59800.056 4.3390789161693173e-08
59850.056 5.1123285750999206e-08
59900.056 2.6421048572945408e-08
59950.056 4.103606560400035e-08
60000.056 7.582538884822025e-08
60050.056 7.966801616301078e-08
60100.056 7.616951346198739e-08
60150.056 3.607902070179608e-08
60200.056 4.530556143962793e-08
60250.056 6.78133538085106e-08
60300.056 6.616296703539066e-08
60350.056 4.1386667446201884e-08
60400.056 5.5175641546484785e-08
60450.056 1.882037232739818e-08
60500.056 1.0666993642103586e-08
60550.056 4.368647737301392e-08
60600.056 5.004301800199844e-08
60650.056 4.190556153025013e-08
60700.056 3.225999773499884e-08
60750.056 2.095555988150618e-08
60800.056 5.023897860531084e-08
60850.056 7.03269600361977e-08
60900.056 5.6731880175408026e-08
60950.056 4.367165774104058e-08
61000.056 6.459609564799822e-08
61050.056 3.191022347639584e-08
61100.056 3.6214577742804456e-08
61150.056 1.650454812993183e-08
61200.056 4.9744961031010965e-08
61250.056 4.583220548899597e-08
61300.056 3.100917941100563e-08
61350.056 5.1739972009794106e-08
61400.056 2.746233333450505e-08
61450.056 2.2326379958704936e-08
61500.056 1.9157114647610346e-08
61550.056 3.236884958159193e-08
61600.056 2.3142883931458518e-08
61650.056 2.3886712183007548e-08
61700.056 3.2219107795599733e-08
61750.056 3.384014083990072e-08
61800.056 3.933027601979425e-08
61850.056 1.739712926979677e-08
61900.056 5.757033364300697e-08
61950.056 4.61983528551887e-08
62000.056 3.5532547089397627e-08
62050.056 6.611349587501037e-08
62100.056 3.7444885479275926e-08
62150.056 5.422556566421437e-08
62200.056 4.851232867619363e-08
62250.056 4.6038386193487116e-08
62300.056 6.615073739499635e-08
62350.056 6.602018531600543e-08
62400.056 5.196639366860741e-08
62450.056 5.0194380111390644e-08
62500.056 6.943156816300858e-08
62550.056 8.576527599098884e-08
62600.056 5.521120912600607e-08
62650.056 5.158789372750382e-08
62700.056 4.908479339920699e-08
62750.056 7.235646619597717e-08
62800.056 5.8897371656999084e-08
62850.056 5.666329638168761e-08
62900.056 6.86625733869859e-08
62950.056 9.310442893799283e-08
63000.056 4.345767328880385e-08
63050.056 1.1132359778300651e-07
63100.056 1.1628972825299736e-07
63150.056 7.940871845249678e-08
63200.056 7.087369989199998e-08
63250.056 8.976164042200274e-08
63300.056 5.305184770919834e-08
63350.056 7.232691243200316e-08
63400.056 3.701974761079361e-08
63450.056 2.406812965180663e-08
63500.056 8.355608430300854e-08
63550.056 8.804478201267906e-08
63600.056 5.934513404280153e-08
63650.056 6.685188972900321e-08
63700.056 3.1184372684592015e-08
63750.056 5.203388698899214e-08
63800.056 7.498610681461454e-08
63850.056 6.798664302199714e-08
63900.056 3.985369883800842e-08
63950.056 4.937523281951865e-08
64000.056 7.063091832400147e-08
64050.056 3.336079622768902e-08
64100.056 1.5105393974751912e-08
64150.056 1.9278157604796903e-08
64200.056 2.030459345563462e-08
64250.056 5.121661295660523e-08
64300.056 3.974695383698995e-08
64350.056 2.7987980193609913e-08
64400.056 5.413119940599411e-08
64450.056 5.394276300480931e-08
64500.056 3.0735700578995e-08
64550.056 5.486062844780308e-08
64600.056 4.099853781279937e-08
64650.056 5.7832777385990364e-08
64700.056 2.0854619936196193e-08
64750.056 2.9496702539000238e-08
64800.056 2.373912538260448e-08
64850.056 2.0711516413965325e-08
64900.056 2.1178803191593996e-08
64950.056 1.8465819704998178e-08
65000.056 2.4464844149008154e-08
65050.056 4.542492147099566e-08
65100.056 3.8475900522000526e-08
65150.056 3.9315990488397526e-08
65200.056 1.9498529605898036e-08
65250.056 3.099208391419617e-08
65300.056 3.700184541005593e-08
65350.056 6.870054308799956e-08
65400.056 3.249912218940005e-08
65450.056 3.253619296589145e-08
65500.056 4.468024530900391e-08
65550.056 2.4843588816099752e-08
65600.056 4.708185236650359e-08
65650.056 3.5215703525704286e-08
65700.056 3.0006160049006814e-08
65750.056 2.1958354915707646e-08
65800.056 3.5546768003809874e-08
65850.056 5.7419616190988245e-08
65900.056 2.0452618878599392e-08
65950.056 2.0834104471400308e-08
66000.056 2.5083378088205672e-08
66050.056 5.469129957002011e-08
66100.056 3.342010218799759e-08
66150.056 3.1212479733804063e-08
66200.056 3.0779467361194027e-08
66250.056 2.243522677810259e-08
66300.056 1.7483299709902758e-08
66350.056 1.3996650986403843e-08
66400.056 2.2465700270098625e-08
66450.056 4.5640725179004154e-08
66500.056 6.440108265501859e-08
66550.056 5.44478621089891e-08
66600.056 4.214017503200603e-08
66650.056 3.495263881200314e-08
66700.056 3.187891303160579e-08
66750.056 4.6570761420993375e-08
66800.056 3.715354088599681e-08
66850.056 2.5783223834506473e-08
66900.056 5.6638524814413836e-08
66950.056 5.7559443175122915e-08
67000.056 8.483255476900589e-08
67050.056 3.488930296298779e-08
67100.056 3.245189260930326e-08
67150.056 3.2367953620202795e-08
67200.056 5.30254528400047e-08
67250.056 4.488905769270983e-08
67300.056 5.679221575740441e-08
67350.056 3.5888059520710466e-08
67400.056 6.184925772098695e-08
67450.056 4.4338795644002586e-08
67500.056 3.232407202690552e-08
67550.056 6.112282466302182e-08
67600.056 9.98462278939953e-08
67650.056 6.980894369203417e-08
67700.056 4.904038309378408e-08
67750.056 3.776441071610809e-08
67800.056 4.598153639317799e-08
67850.056 3.070447768980089e-08
67900.056 3.9217266913495465e-08
67950.056 3.339433063450215e-08
68000.056 5.81262367469905e-08
68050.056 4.0817841925393574e-08
68100.056 5.1008680148116126e-08
68150.056 5.276164229299124e-08
68200.056 5.435414308661561e-08
68250.056 2.8680625865495744e-08
68300.056 5.993994030000422e-08
68350.056 5.7990657360987727e-08
68400.056 7.055974686699927e-08
68450.056 7.359796531601513e-08
68500.056 5.379118733898124e-08
68550.056 3.023418066800121e-08
68600.056 3.2266213077201313e-08
68650.056 1.8556690853521745e-08
68700.056 3.648316557200518e-08
68750.056 4.707001959600458e-08
68800.056 4.4209468579983145e-08
68850.056 3.322042989298607e-08
68900.056 8.876489483200374e-08
68950.056 8.36633639460082e-08
69000.056 5.3191906000208046e-08
69050.056 3.4042121807300534e-08
69100.056 8.612963404700419e-08
69150.056 9.571710174401393e-08
69200.056 6.264688575400367e-08
69250.056 9.159244559098851e-08
69300.056 9.10862601810228e-08
69350.056 8.445585000399574e-08
69400.056 4.62088373909936e-08
69450.056 7.448439678998475e-08
69500.056 5.619806727999214e-08
69550.056 5.2192564990001094e-08
69600.056 1.8078185754202792e-08
69650.056 4.7127490809016944e-08
69700.056 8.461652289899844e-08
69750.056 5.055055584319722e-08
69800.056 7.49645810739932e-08
69850.056 8.190550486801658e-08
69900.056 6.42269056728849e-08
69950.056 6.265463595712259e-08
70000.056 5.2260534313494316e-08
70050.056 9.41906142430192e-08
70100.056 5.386548908300461e-08
70150.056 6.412565256200517e-08
70200.056 4.642826615169069e-08
70250.056 5.53093941152058e-08
70300.056 7.474658199299297e-08
70350.056 7.555315619200241e-08
70400.056 4.8679374053990266e-08
70450.056 1.8611211267105452e-08
70500.056 4.5902047600002917e-08
70550.056 3.601436848939899e-08
70600.056 4.404885209220281e-08
70650.056 5.750277771699713e-08
70700.056 6.602147139802051e-08
70750.056 9.923207105601722e-08
70800.056 5.904623761198207e-08
70850.056 5.091535326499435e-08
70900.056 7.217286584059075e-08
70950.056 7.173843239201935e-08
71000.056 6.865001974599041e-08
71050.056 7.305825809800097e-08
71100.056 5.6006718582999876e-08
71150.056 4.6927070940493136e-08
71200.056 5.1367280042009654e-08
71250.056 6.801379803300187e-08
71300.056 7.648021377599523e-08
71350.056 8.614157659900868e-08
71400.056 7.145120323898484e-08
71450.056 3.726247918479904e-08
71500.056 4.7500786815987755e-08
71550.056 3.805037267249928e-08
71600.056 6.04292338229987e-08
71650.056 4.347930062490231e-08
71700.056 3.134627648759792e-08
71750.056 5.176902585001374e-08
71800.056 7.094571075500022e-08
71850.056 6.996825419299204e-08
71900.056 4.688029364979089e-08
71950.056 6.516060035897501e-08
72000.056 6.067399384600567e-08
72050.056 3.295893683939765e-08
72100.056 4.0736785566801014e-08
72150.056 5.860704465388563e-08
72200.056 4.982963727500762e-08
72250.056 8.022066849200561e-08
72300.056 4.8239368283004e-08
72350.056 5.7117218222982645e-08
72400.056 5.087744289000424e-08
72450.056 4.888880482796747e-08
72500.056 6.092034799200444e-08
72550.056 2.622318940921098e-08
72600.056 4.975850085300486e-08
72650.056 6.867380525601893e-08
72700.056 4.103344790418838e-08
72750.056 5.3997848088996054e-08
72800.056 3.155532019050719e-08
72850.056 3.4320665788609024e-08
72900.056 7.21841415510112e-08
72950.056 4.547165297680762e-08
73000.056 4.285862243718446e-08
73050.056 3.1257644840004e-08
73100.056 4.4565531969108444e-08
73150.056 7.873651075399549e-08
73200.056 3.7280533233291325e-08
73250.056 5.0787680786997676e-08
73300.056 3.161034841938906e-08
73350.056 2.49458169625943e-08
73400.056 4.641204244699846e-08
73450.056 3.07787498080019e-08
73500.056 3.1781415083009006e-08
73550.056 4.4304724700001504e-08
73600.056 4.5454994061485305e-08
73650.056 4.6182996071611126e-08
73700.056 3.739740994698097e-08
73750.056 2.4706285838386403e-08
73800.056 3.651764168371202e-08
73850.056 4.7830380680986916e-08
73900.056 3.342117645598917e-08
73950.056 4.098305651900725e-08
74000.056 2.3165288120795602e-08
74050.056 6.012114599701465e-08
74100.056 4.784483746157801e-08
74150.056 5.0263259524998066e-08
74200.056 2.9663721743592573e-08
74250.056 1.8511906580595095e-08
74300.056 4.3588207526000634e-08
74350.056 5.808396752000785e-08
74400.056 4.9332916783002414e-08
74450.056 3.279038143998449e-08
74500.056 2.3952296325395188e-08
74550.056 3.640718469621325e-08
74600.056 2.879756237650092e-08
74650.056 3.017762993650459e-08
74700.056 3.3286401061105833e-08
74750.056 2.2852407545991895e-08
74800.056 2.7005123996401985e-08
74850.056 5.3448760833013024e-08
74900.056 6.225807578998007e-08
74950.056 5.0866287660994604e-08
75000.056 4.403783514899401e-08
75050.056 1.8916201887204233e-08
75100.056 6.196668240202615e-08
75150.056 6.409428763501069e-08
75200.056 5.128002636798845e-08
75250.056 5.8545871282978774e-08
75300.056 5.517523268499993e-08
75350.056 2.5957789975500455e-08
75400.056 7.199863804900503e-08
75450.056 6.440623185801615e-08
75500.056 5.4289904390990985e-08
75550.056 4.472729340360872e-08
75600.056 6.690965396900488e-08
75650.056 5.1267814099011726e-08
75700.056 6.142744290199003e-08
75750.056 5.101383871902722e-08
75800.056 5.04068299779836e-08
75850.056 6.48716375470228e-08
75900.056 5.629665206498891e-08
75950.056 4.566383280700032e-08
76000.056 6.35907949649839e-08
76050.056 5.49315605039817e-08
76100.056 5.7793265470989205e-08
76150.056 5.975430338998574e-08
76200.056 5.753177217802547e-08
76250.056 5.446233522039956e-08
76300.056 9.280314650099999e-08
76350.056 1.0871423672501555e-07
76400.056 7.294105162000898e-08
76450.056 7.230496590201688e-08
76500.056 6.639890605400171e-08
76550.056 3.146947406049493e-08
76600.056 1.2548098976104593e-08
76650.056 1.751237522719875e-08
76700.056 1.7836981056698384e-08
76750.056 1.7589886991403503e-08
76800.056 2.8371139323004782e-08
76850.056 2.300295280521357e-08
76900.056 2.9760505107689246e-08
76950.056 2.2740165856203264e-08
77000.056 3.434777576279842e-08
77050.056 1.9986765219496558e-08
77100.056 2.6676117223600132e-08
77150.056 3.738034056600125e-08
77200.056 2.4970542207001183e-08
77250.056 3.011440777200099e-08
77300.056 3.9080937929992824e-08
77350.056 2.4783060930483878e-08
77400.056 3.2656255528006514e-08
77450.056 4.255798619999619e-08
77500.056 3.792156037200231e-08
77550.056 3.525418474920302e-08
77600.056 3.0808338411402766e-08
77650.056 3.2752567023204725e-08
77700.056 4.204288749198108e-08
77750.056 4.186592881001407e-08
77800.056 5.88532963800023e-08
77850.056 6.940151402299847e-08
77900.056 3.9063041312381457e-08
77950.056 3.077724128760643e-08
78000.056 4.941788661999316e-08
78050.056 3.2096440867399265e-08
78100.056 4.168838606701848e-08
78150.056 4.8807241049313863e-08
78200.056 6.830202691599781e-08
