galfind/configs/Brown_Dwarf_templates/sonora_bobcat/m-0.5/1000g/sp_t400g1000nc_m-0.5_resample.dat
# %ECSV 1.0
# ---
# datatype:
# - {name: wav, unit: Angstrom, datatype: float64}
# - {name: flux_nu, unit: erg / (cm2 Hz s), datatype: float64}
# meta: {C/O: '1.00', Kzz: '1.0000E+05', Teff: '400.', Y: '0.28', '[Fe/H]': '-0.50', f_hole: '1.00', f_rain: '0.00', grav: '1000.'}
# schema: astropy-2.0
wav flux_nu
[from data line 993]
53650.056 7.695189520640419e-09
53700.056 6.380377638569223e-09
53750.056 5.437160138669496e-09
53800.056 5.0734706009803484e-09
53850.056 1.1890177512499117e-08
53900.056 1.5873418461000395e-08
53950.056 1.3205827787799305e-08
54000.056 9.868096997741046e-09
54050.056 9.323900825298926e-09
54100.056 1.4601264784499558e-09
54150.056 1.7876093196400692e-09
54200.056 2.2335078121692273e-10
54250.056 6.887021595261278e-10
54300.056 2.7406709300304874e-09
54350.056 5.7289425607000215e-09
54400.056 4.214412952959294e-09
54450.056 3.3031926530190116e-09
54500.056 5.324944866600584e-09
54550.056 3.4250650131096643e-09
54600.056 2.1653212323494556e-09
54650.056 1.567538552283889e-10
54700.056 2.364348701740375e-09
54750.056 2.2848752034695088e-09
54800.056 1.0831373537724387e-09
54850.056 2.280495588755297e-09
54900.056 4.012514827140496e-09
54950.056 8.575744399998762e-09
55000.056 3.141335315469597e-09
55050.056 3.7967771945203355e-09
55100.056 6.019527196400925e-09
55150.056 2.6836380177576527e-09
55200.056 1.3943715498359609e-09
55250.056 2.0238718264615708e-09
55300.056 1.8266443259849599e-09
55350.056 3.440885232230251e-09
55400.056 2.6338074492797623e-09
55450.056 2.412668168997439e-09
55500.056 6.495391923181034e-10
55550.056 5.190008487789125e-10
55600.056 1.6598910002202141e-09
55650.056 1.30316061281167e-09
55700.056 1.1712430919901594e-09
55750.056 6.035354334528741e-10
55800.056 2.587272786020295e-10
55850.056 4.59382697950958e-10
55900.056 1.8074132292482382e-09
55950.056 3.493443648750898e-09
56000.056 1.2402811789884717e-09
56050.056 1.0531553160401887e-09
56100.056 1.6990438130001162e-09
56150.056 6.65803618720898e-10
56200.056 8.852889634449046e-10
56250.056 3.2100626969102273e-09
56300.056 1.3325140694795772e-09
56350.056 4.5651928556607036e-10
56400.056 1.4666093019657983e-10
56450.056 1.7789964034807613e-10
56500.056 9.964224722770804e-10
56550.056 3.263987663629952e-10
56600.056 1.2369210687901083e-09
56650.056 1.2212329804718525e-09
56700.056 1.0642890912600104e-09
56750.056 3.416243429799378e-10
56800.056 4.5178141796591824e-10
56850.056 9.719559384232638e-10
56900.056 4.1786640626576867e-10
56950.056 1.4194936587198627e-09
57000.056 1.9869484737474794e-09
57050.056 1.1196531432596221e-09
57100.056 1.7067405300638198e-10
57150.056 4.818938268501306e-10
57200.056 2.3347637521599246e-10
57250.056 4.919808903809458e-10
57300.056 5.781883090859352e-10
57350.056 3.253602409465269e-10
57400.056 1.1549154486700338e-09
57450.056 3.3183289390736643e-10
57500.056 2.947536051469465e-10
57550.056 4.5120652110798045e-10
57600.056 2.3122432924144569e-10
57650.056 1.1552250049400979e-10
57700.056 2.9862305890601247e-10
57750.056 7.462378578551121e-10
57800.056 3.961778839798354e-10
57850.056 1.4163763138024998e-09
57900.056 2.7634725097900537e-09
57950.056 2.542233583100158e-09
58000.056 6.202695135206154e-10
58050.056 1.2711173506198282e-09
58100.056 5.984845596962016e-10
58150.056 5.161627113447376e-10
58200.056 1.1087737548900104e-10
58250.056 2.315102231423911e-10
58300.056 1.8212031469604594e-10
58350.056 2.945609171801613e-10
58400.056 7.148844445073099e-10
58450.056 1.3215801711998555e-09
58500.056 1.5753107229600202e-09
58550.056 5.183896746533181e-10
58600.056 1.983357672610235e-10
58650.056 4.158699444389357e-10
58700.056 3.2245305550902024e-10
58750.056 5.473535211499502e-10
58800.056 6.217205800797697e-11
58850.056 2.1113486984803842e-10
58900.056 1.9593265240354236e-10
58950.056 1.5572232694593657e-10
59000.056 3.141054424720451e-10
59050.056 4.6170192211886237e-10
59100.056 2.1148126057452233e-10
59150.056 3.2156017943615875e-10
59200.056 8.407953633879955e-10
59250.056 9.148023370201778e-10
59300.056 5.823644041998452e-10
59350.056 1.0775310951499393e-10
59400.056 1.2889250772303357e-10
59450.056 6.572376565823574e-10
59500.056 5.397008477717704e-10
59550.056 8.511814278840971e-10
59600.056 1.004296766125794e-09
59650.056 2.4470217423559445e-10
59700.056 2.636420128291043e-10
59750.056 1.4301215191100806e-09
59800.056 5.560772320618013e-10
59850.056 4.720341063809801e-10
59900.056 1.840225939190137e-10
59950.056 4.5031572074133127e-10
60000.056 1.5391199299587742e-09
60050.056 2.3682417322999924e-09
60100.056 1.1009453810797258e-09
60150.056 2.9084984900599e-10
60200.056 5.192373040090839e-10
60250.056 1.7121677140768614e-09
60300.056 1.3581198538990893e-09
60350.056 8.893227169677723e-10
60400.056 6.772483325797964e-10
60450.056 1.353772588789837e-10
60500.056 7.030045203011765e-11
60550.056 3.618502676951763e-10
60600.056 5.919350254300356e-10
60650.056 4.149018778089129e-10
60700.056 2.436151633289803e-10
60750.056 1.1407084838506705e-10
60800.056 6.157317083612806e-10
60850.056 1.1459355103458235e-09
60900.056 7.826563738070323e-10
60950.056 5.033647612580508e-10
61000.056 1.3104364106925588e-09
61050.056 3.428223252948695e-10
61100.056 2.664970634108519e-10
61150.056 1.043366093374371e-10
61200.056 7.372722242941827e-10
61250.056 7.851556354099543e-10
61300.056 4.2116767186038495e-10
61350.056 8.946156048165342e-10
61400.056 2.8550988252494583e-10
61450.056 1.5613914381155772e-10
61500.056 1.1336769070487353e-10
61550.056 2.7172915440798266e-10
61600.056 1.5342774276840303e-10
61650.056 1.9808837309686398e-10
61700.056 5.837987210501551e-10
61750.056 4.3846565810719315e-10
61800.056 4.0194399412566355e-10
61850.056 1.0204776243118059e-10
61900.056 8.051651540301699e-10
61950.056 6.84913011065964e-10
62000.056 4.668559489839271e-10
62050.056 2.3158432880656043e-09
62100.056 5.382745510622341e-10
62150.056 1.379413630916362e-09
62200.056 1.1693915742338497e-09
62250.056 1.1674315773847001e-09
62300.056 2.387923343590115e-09
62350.056 2.9453330219097686e-09
62400.056 2.1445121413845325e-09
62450.056 1.3942387142394468e-09
62500.056 3.4251009427156697e-09
62550.056 6.944690274100059e-09
62600.056 1.9075806919069658e-09
62650.056 1.2450493320492083e-09
62700.056 5.605523877722254e-10
62750.056 2.9165989876797157e-09
62800.056 1.9891724002399804e-09
62850.056 1.1095639720819749e-09
62900.056 3.24619698930061e-09
62950.056 6.037396006408778e-09
63000.056 1.2401361283633867e-09
63050.056 7.844395352101828e-09
63100.056 8.659020768699681e-09
63150.056 6.722793305200021e-09
63200.056 4.112792891799442e-09
63250.056 3.6600753916999418e-09
63300.056 5.955047190549242e-10
63350.056 1.1195009206901524e-09
63400.056 4.342381925898423e-10
63450.056 1.6194712341944343e-10
63500.056 1.2052393362403353e-09
63550.056 2.2475461243996168e-09
63600.056 9.315301826762399e-10
63650.056 1.2522657828399868e-09
63700.056 2.7119629292592815e-10
63750.056 5.719505894714986e-10
63800.056 2.0675147133368715e-09
63850.056 1.6960413280796611e-09
63900.056 3.958872353090008e-10
63950.056 5.953016082622623e-10
64000.056 1.2358939278609228e-09
64050.056 2.4164163733186687e-10
64100.056 1.6416796901501118e-10
64150.056 1.9221119408464723e-10
64200.056 1.8449827751887795e-10
64250.056 8.408848125251401e-10
64300.056 7.150231947198329e-10
64350.056 3.819708429862112e-10
64400.056 1.35087805622791e-09
64450.056 1.36354160648718e-09
64500.056 7.581662611598325e-10
64550.056 1.2914259154199932e-09
64600.056 9.60209703544239e-10
64650.056 1.4739878103165376e-09
64700.056 3.155094373079666e-10
64750.056 5.925301328189599e-10
64800.056 2.3914364679204494e-10
64850.056 2.3266500687204827e-10
64900.056 1.890001646249451e-10
64950.056 1.6458651853597032e-10
65000.056 2.3607949403906666e-10
65050.056 8.558343360699418e-10
65100.056 7.003087508640748e-10
65150.056 7.521223023699175e-10
65200.056 1.991890523189838e-10
65250.056 3.6066318908968817e-10
65300.056 7.218645415007368e-10
65350.056 1.628530025684078e-09
65400.056 6.20206611337861e-10
65450.056 7.252197867958797e-10
65500.056 9.036732615150523e-10
65550.056 3.773559442030233e-10
65600.056 9.822125592000943e-10
65650.056 5.024635330840276e-10
65700.056 4.082199002960802e-10
65750.056 3.1216585873115114e-10
65800.056 6.942252831582606e-10
65850.056 1.3079472468998267e-09
65900.056 2.6912417749491516e-10
65950.056 3.7043340083907416e-10
66000.056 4.991514154111673e-10
66050.056 1.3191447836808173e-09
66100.056 7.665907875508122e-10
66150.056 8.170357355872022e-10
66200.056 1.0317883124498064e-09
66250.056 4.489939310001321e-10
66300.056 3.72873344871131e-10
66350.056 2.039984990040221e-10
66400.056 2.7467493723802137e-10
66450.056 8.189589660902031e-10
66500.056 1.6794924278603828e-09
66550.056 1.622719734879532e-09
66600.056 1.2662824666000725e-09
66650.056 6.219769771210573e-10
66700.056 4.816960017990955e-10
66750.056 9.704221997800172e-10
66800.056 5.692138830799604e-10
66850.056 4.494226811680084e-10
66900.056 1.8673014203302073e-09
66950.056 1.6216893653529139e-09
67000.056 3.3173194244001693e-09
67050.056 1.1159422622396415e-09
67100.056 6.113036053900859e-10
67150.056 9.608397004601673e-10
67200.056 1.390227327909633e-09
67250.056 1.2237537726704237e-09
67300.056 2.6748613390602428e-09
67350.056 9.366867250444043e-10
67400.056 2.5518917576996595e-09
67450.056 2.140903137629115e-09
67500.056 1.115044118440267e-09
67550.056 4.407961218551117e-09
67600.056 7.158407814499399e-09
67650.056 3.862062519111844e-09
67700.056 2.1004286023392584e-09
67750.056 9.658768831203438e-10
67800.056 1.3490418323593698e-09
67850.056 6.218119709299863e-10
67900.056 6.796485577599271e-10
67950.056 7.279501318382122e-10
68000.056 2.4311773284798804e-09
68050.056 1.5270610784199063e-09
68100.056 2.8897320688707037e-09
68150.056 3.305496156899612e-09
68200.056 1.9212820799815224e-09
68250.056 5.120091989459052e-10
68300.056 2.1279570166005963e-09
68350.056 4.075589102800037e-09
68400.056 4.8304237060000955e-09
68450.056 4.49779045799969e-09
68500.056 1.7580724177594154e-09
68550.056 5.997773877799911e-10
68600.056 5.596020031800267e-10
68650.056 3.68753014910083e-10
68700.056 8.886821447202235e-10
68750.056 1.8590572750602022e-09
68800.056 2.1232479729595554e-09
68850.056 1.4901646152392415e-09
68900.056 5.442331744270965e-09
68950.056 6.175953738999945e-09
69000.056 2.4712026576275502e-09
69050.056 1.0422207755299198e-09
69100.056 3.777790554800332e-09
69150.056 7.2769357999218635e-09
69200.056 7.466748285100865e-09
69250.056 9.040968668598885e-09
69300.056 8.873407602101175e-09
69350.056 8.57532425189934e-09
69400.056 3.943270915300022e-09
69450.056 6.368940694398413e-09
69500.056 3.897443178699696e-09
69550.056 1.7743265608096975e-09
69600.056 4.119422478800749e-10
69650.056 1.8122508357905575e-09
69700.056 4.8348572431003615e-09
69750.056 2.3195407024297606e-09
69800.056 5.262818861299519e-09
69850.056 5.324730730561026e-09
69900.056 2.6605021118641236e-09
69950.056 2.5304249078562053e-09
70000.056 3.895503002049997e-09
70050.056 9.02740439330109e-09
70100.056 6.373313367058688e-09
70150.056 5.236551153400335e-09
70200.056 2.2577277204090545e-09
70250.056 2.4261192037509097e-09
70300.056 5.313338599800497e-09
70350.056 4.936684472799547e-09
70400.056 1.7826134009095072e-09
70450.056 3.7846495244012163e-10
70500.056 1.8120934348103808e-09
70550.056 1.5233545330602054e-09
70600.056 2.5722971243402385e-09
70650.056 5.005891431999934e-09
70700.056 8.001105617001568e-09
70750.056 1.2141849169999855e-08
70800.056 4.598561717698113e-09
70850.056 5.255175791401342e-09
70900.056 6.9800186216984476e-09
70950.056 9.689458768401776e-09
71000.056 9.811544335600221e-09
71050.056 1.0124178412699126e-08
71100.056 7.200386661199006e-09
71150.056 2.429891009139182e-09
71200.056 3.371466332360275e-09
71250.056 7.633572343700617e-09
71300.056 1.1067669208099144e-08
71350.056 1.0119060130300177e-08
71400.056 6.032191365998648e-09
71450.056 1.3621204513295998e-09
71500.056 2.5783428488898824e-09
71550.056 2.6469466374502267e-09
71600.056 3.556284453599392e-09
71650.056 1.4805558763101116e-09
71700.056 1.0032988910799882e-09
71750.056 3.6840027876012655e-09
71800.056 6.495648072999608e-09
71850.056 7.888118133100003e-09
71900.056 4.726558279900013e-09
71950.056 6.572121737898498e-09
72000.056 4.900385794599431e-09
72050.056 1.3686402646695876e-09
72100.056 1.925813226350328e-09
72150.056 4.940720052699755e-09
72200.056 5.147125552790325e-09
72250.056 1.1135771567500563e-08
72300.056 4.1801296826692725e-09
72350.056 6.2592483105001874e-09
72400.056 5.121517090800067e-09
72450.056 4.641553451997655e-09
72500.056 5.789834535099732e-09
72550.056 1.4874057889607336e-09
72600.056 3.2254242529004157e-09
72650.056 5.9195991433017535e-09
72700.056 2.041778885239073e-09
72750.056 2.4631022434299743e-09
72800.056 1.1894113217402307e-09
72850.056 2.1040810940208283e-09
72900.056 7.469892987900352e-09
72950.056 3.1787947554616773e-09
73000.056 3.114466851434779e-09
73050.056 1.1684547847398754e-09
73100.056 1.9693438889521627e-09
73150.056 6.089056408999575e-09
73200.056 1.5753405244107687e-09
73250.056 2.30871705370971e-09
73300.056 1.186206836475904e-09
73350.056 7.672625687696768e-10
73400.056 2.3200662713903086e-09
73450.056 1.2744626432198385e-09
73500.056 8.131045318241914e-10
73550.056 2.038839084910554e-09
73600.056 2.6691920477991154e-09
73650.056 1.6820732182773213e-09
73700.056 1.3735214962391819e-09
73750.056 4.1414890070658034e-10
73800.056 1.3438228503505173e-09
73850.056 2.4601296065993348e-09
73900.056 6.466987572036391e-10
73950.056 1.2549429367678394e-09
74000.056 3.211416922487238e-10
74050.056 2.294128881000889e-09
74100.056 2.4127543776599334e-09
74150.056 1.985602565629434e-09
74200.056 4.560171036507456e-10
74250.056 1.630663500771275e-10
74300.056 1.7494769451217554e-09
74350.056 3.059226239730404e-09
74400.056 1.966139234589319e-09
74450.056 5.771449529724231e-10
74500.056 2.4154421712354255e-10
74550.056 6.995258249404112e-10
74600.056 1.0834721137300935e-09
74650.056 1.524273190039895e-09
74700.056 1.2011092878702801e-09
74750.056 2.871413724653044e-10
74800.056 4.21205618176165e-10
74850.056 2.57551654525071e-09
74900.056 3.381061223199353e-09
74950.056 2.0931641881092476e-09
75000.056 9.951312539295701e-10
75050.056 1.051855974707399e-10
75100.056 1.3419119288005311e-09
75150.056 3.6657723916004555e-09
75200.056 3.5006988267994406e-09
75250.056 2.0726467471087863e-09
75300.056 9.763222805499384e-10
75350.056 1.9092461169653987e-10
75400.056 2.1179826161506255e-09
75450.056 4.6408524836004554e-09
75500.056 3.908296202559287e-09
75550.056 2.1444738277700617e-09
75600.056 2.001247781849497e-09
75650.056 8.827913533045778e-10
75700.056 4.161296213000239e-09
75750.056 3.816057449230473e-09
75800.056 3.136925128158552e-09
75850.056 4.074982224020973e-09
75900.056 3.5261044696689395e-09
75950.056 1.2954501138434416e-09
76000.056 6.200077144500371e-09
76050.056 5.3412342069989355e-09
76100.056 4.719979802598872e-09
76150.056 4.427656925469656e-09
76200.056 3.149875015900461e-09
76250.056 7.76449023213292e-10
76300.056 4.345451609600662e-09
76350.056 5.993216938900014e-09
76400.056 4.0974624819296245e-09
76450.056 2.6511339740006096e-09
76500.056 1.6796592427996818e-09
76550.056 3.6080534089902284e-10
76600.056 9.865228614992777e-11
76650.056 1.4306259508593644e-10
76700.056 1.6948297109302508e-10
76750.056 1.978833278683016e-10
76800.056 3.5251309332309406e-10
76850.056 3.9839682849074893e-10
76900.056 7.107215519527398e-10
76950.056 5.13867650062281e-10
77000.056 1.8229440725998167e-09
77050.056 3.8116220949889706e-10
77100.056 7.36680333551001e-10
77150.056 1.7328907352000066e-09
77200.056 5.490237375800044e-10
77250.056 4.1275012244813906e-10
77300.056 2.107870330399848e-09
77350.056 1.0190796973513667e-09
77400.056 2.31096732267129e-09
77450.056 5.0829176973994394e-09
77500.056 2.9681312717499203e-09
77550.056 1.1439390243198143e-09
77600.056 3.1622004242843797e-10
77650.056 5.205421528076665e-10
77700.056 2.19331700699975e-09
77750.056 2.5588987496711138e-09
77800.056 5.0737559721001356e-09
77850.056 4.5883464757989625e-09
77900.056 1.0411923441304605e-09
77950.056 2.94947987894191e-10
78000.056 1.1709013674998256e-09
78050.056 1.4463895237268212e-09
78100.056 2.913797072070599e-09
78150.056 3.987882771851296e-09
78200.056 6.343377385199823e-09
