galfind/configs/Brown_Dwarf_templates/sonora_bobcat/m-0.5/1000g/sp_t250g1000nc_m-0.5_resample.dat
# %ECSV 1.0
# ---
# datatype:
# - {name: wav, unit: Angstrom, datatype: float64}
# - {name: flux_nu, unit: erg / (cm2 Hz s), datatype: float64}
# meta: {C/O: '1.00', Kzz: '1.0000E+05', Teff: '250.', Y: '0.28', '[Fe/H]': '-0.50', f_hole: '1.00', f_rain: '0.00', grav: '1000.'}
# schema: astropy-2.0
wav flux_nu
4000.0559999999996 nan
4050.0559999999996 1.982703051030021e-19
4100.056 2.3404185903000305e-18
4150.056 1.0697568350100087e-17
4200.056 2.676156168500017e-17
4250.056 6.601146790700037e-17
4300.056 1.3399174984400058e-16
4350.056 2.398421868900009e-16
4400.056 4.024361006600015e-16
4450.056 6.451539419000025e-16
4500.056 1.0121912884000033e-15
4550.056 1.491831273500002e-15
4600.056 1.7879153159000044e-15
4650.056 2.262215444200004e-15
4700.056 2.637692682400002e-15
4750.056 2.6997416683999996e-15
4800.056 2.5660140765999978e-15
4850.056 2.1327708008999952e-15
4900.056 1.7716442822999969e-15
4950.056 1.4667540203999965e-15
5000.056 1.026485907839995e-15
5050.056 7.22355531399999e-16
5100.056 7.560621305500008e-16
5150.056 8.315457379700009e-16
5200.056 9.27337420090001e-16
5250.056 1.016982965330001e-15
5300.056 1.1111884745000011e-15
5350.056 1.2197923105000012e-15
5400.056 1.3323436934000015e-15
5450.056 1.482895631700002e-15
5500.056 1.660833633400002e-15
5550.056 1.846506750200002e-15
5600.056 2.0299895964000022e-15
5650.056 2.2065979260000015e-15
5700.056 2.308292066800001e-15
5750.056 2.3509831304e-15
5800.056 2.231590764999997e-15
5850.056 1.678602349799983e-15
5900.056 5.47996348514916e-16
5950.056 3.2311322281000412e-15
6000.056 6.505070372500054e-15
6050.056 1.1507972673000082e-14
6100.056 1.8491115582000116e-14
6150.056 2.8000938151000156e-14
6200.056 4.1080075215000196e-14
6250.056 5.784238005300027e-14
6300.056 8.237748747400042e-14
6350.056 1.1599648457000056e-13
6400.056 1.598327818300008e-13
6450.056 1.9676563469000025e-13
6500.056 2.610158316400018e-13
6550.056 3.62163629600001e-13
6600.056 5.057651725400036e-13
6650.056 7.223743305700038e-13
6700.056 9.749195554100041e-13
6750.056 1.2930736506000052e-12
6800.056 1.5247623703000018e-12
6850.056 1.4683874319999966e-12
6900.056 1.0713943859899883e-12
6950.056 7.269324536900043e-13
7000.056 7.71378845499996e-13
7050.056 7.785001896900017e-13
7100.056 8.640599566100004e-13
7150.056 6.242535324999867e-13
7200.056 4.095556957600068e-13
7250.056 4.702967975799888e-13
7300.056 4.839676427600087e-13
7350.056 7.018796724700038e-13
7400.056 9.507694706600037e-13
7450.056 1.2426545163000073e-12
7500.056 1.4671891902000026e-12
7550.056 1.601245196000002e-12
7600.056 1.6432053073999995e-12
7650.056 1.0715282658299882e-12
7700.056 1.1443908613200142e-12
7750.056 1.9368814519000134e-12
7800.056 2.47629650340001e-12
7850.056 2.9698573650000065e-12
7900.056 3.5150904080000146e-12
7950.056 4.1148779077000086e-12
8000.056 4.963632574500021e-12
8050.056 5.843751136500012e-12
8100.056 4.477211788199937e-12
8150.056 2.4125914789000697e-12
8200.056 5.457937137299998e-12
8250.056 5.9859684667701645e-12
8300.056 6.819908837199927e-12
8350.056 8.296922397500096e-12
8400.056 1.2139812302800258e-11
8450.056 1.8060935554000202e-11
8500.056 2.33769118500002e-11
8550.056 2.966408644200029e-11
8600.056 3.7169218783000295e-11
8650.056 4.35872080330002e-11
8700.056 4.6422486906000114e-11
8750.056 4.995279992700016e-11
8800.056 4.90882191269998e-11
8850.056 3.803810333899878e-11
8900.056 7.436266486299264e-12
8950.056 2.388692851260081e-12
9000.056 1.9755672838671087e-12
9050.056 1.424319338060007e-11
9100.056 1.3981988411000868e-11
9150.056 1.6660648668099492e-11
9200.056 2.7680219181401447e-11
9250.056 1.7627027747538288e-11
9300.056 5.805212983821576e-14
9350.056 1.3907822202179845e-14
9400.056 1.1762437949719257e-12
9450.056 9.196877142785658e-14
9500.056 1.5927531069532886e-13
9550.056 1.6005494604021902e-13
9600.056 3.791379937990852e-13
9650.056 1.5889531285173446e-12
9700.056 1.0953301692099977e-11
9750.056 1.3551216470600979e-11
9800.056 2.1341218528399815e-11
9850.056 3.471562513900043e-11
9900.056 5.6934853543001615e-11
9950.056 6.590454645500095e-11
10000.056 4.1641562196637015e-11
10050.056 6.15347333669937e-12
10100.056 3.0575050223999592e-12
10150.056 1.7735906420999329e-12
10200.056 7.616714214999856e-13
10250.056 5.6355050856e-13
10300.056 6.568522817899808e-13
10350.056 3.370615195500045e-13
10400.056 4.442739209500007e-13
10450.056 4.299785083999914e-13
10500.056 3.899557710499981e-13
10550.056 3.466547479499966e-13
10600.056 2.7324441096999665e-13
10650.056 1.976195288999966e-13
10700.056 1.336869888099973e-13
10750.056 9.323694894599823e-14
10800.056 6.947755624599958e-14
10850.056 5.41348381769993e-14
10900.056 4.2583990341999255e-14
10950.056 3.052621196599962e-14
11000.056 2.05716814559995e-14
11050.056 1.1730422638899691e-14
11100.056 4.4195734548896805e-15
11150.056 1.0497905276910749e-15
11200.056 3.204972164319152e-16
11250.056 3.3455308207329717e-16
11300.056 9.526884661223303e-16
11350.056 4.0852310746246695e-16
11400.056 2.040797360812733e-15
11450.056 1.0863589935276861e-15
11500.056 1.153128977109939e-15
11550.056 7.361778363781532e-16
11600.056 4.3131849029798555e-16
11650.056 1.5443697149035548e-15
11700.056 3.243402369376681e-15
11750.056 2.7061395254272967e-15
11800.056 6.85720654149998e-15
11850.056 7.389139362300026e-15
11900.056 9.282972229700058e-15
11950.056 1.0634183186099997e-14
12000.056 1.0578502064900099e-14
12050.056 1.329151507850017e-14
12100.056 1.628672654960041e-14
12150.056 2.3413291076000272e-14
12200.056 3.198130015200028e-14
12250.056 4.824502346400112e-14
12300.056 6.77010680410012e-14
12350.056 8.323498966000152e-14
12400.056 1.2343177425300274e-13
12450.056 1.9921628169000537e-13
12500.056 2.955936297000015e-13
12550.056 3.77027997000009e-13
12600.056 6.059065838100165e-13
12650.056 9.681045485700255e-13
12700.056 1.3257827243000103e-12
12750.056 1.4701765377000088e-12
12800.056 1.5151982457999941e-12
12850.056 1.3003533875999812e-12
12900.056 1.0587466834299917e-12
12950.056 1.0270178343500047e-12
13000.056 1.1784074134900384e-12
13050.056 9.803101315899898e-13
13100.056 1.3267069183999775e-12
13150.056 9.4323386810004e-13
13200.056 9.8182483434997e-13
13250.056 1.2425405187409933e-12
13300.056 4.2076646098288205e-13
13350.056 3.143824784497018e-13
13400.056 5.3834114902398973e-14
13450.056 3.4312267781973267e-15
13500.056 1.7689081338231521e-16
13550.056 5.136562231788221e-18
13600.056 4.72360221313812e-19
13650.056 3.3588848195953325e-18
13700.056 1.0154809564875027e-18
13750.056 3.877395804492343e-17
13800.056 4.992292483361065e-17
13850.056 6.410379921603057e-18
13900.056 4.674146763814963e-17
13950.056 2.0312497457569114e-17
14000.056 1.4286255315463943e-16
14050.056 1.3881304966918e-16
14100.056 1.5237578401483744e-16
14150.056 1.157622677367817e-15
14200.056 1.174834660104186e-15
14250.056 2.4099549657779903e-15
14300.056 7.813982560364556e-15
14350.056 1.0244132744795178e-14
14400.056 9.99213436047724e-15
14450.056 2.6933464865678495e-14
14500.056 1.05955569822781e-13
14550.056 3.0668922239141746e-13
14600.056 5.824517618073624e-13
14650.056 1.3401175337249197e-13
14700.056 4.26848540176508e-14
14750.056 2.7148152836841052e-14
14800.056 1.2549499141493673e-14
14850.056 1.4978511269880097e-14
14900.056 8.692892077693825e-15
14950.056 4.087337102775054e-15
15000.056 2.022431604580628e-14
15050.056 5.558408047907351e-14
15100.056 1.5458779989169303e-14
15150.056 4.509065591923874e-15
15200.056 2.6868430100947976e-14
15250.056 6.426314274863541e-14
15300.056 1.380860398155387e-13
15350.056 1.8678326410631213e-13
15400.056 2.8839710238900924e-13
15450.056 5.252448346830564e-13
15500.056 1.1479234232500517e-12
15550.056 2.4177867530901748e-12
15600.056 4.5745574972000324e-12
15650.056 7.772920992000335e-12
15700.056 1.0808914497600147e-11
15750.056 1.2256861731000044e-11
15800.056 1.3218709899000002e-11
15850.056 1.4094311369000121e-11
15900.056 1.381364529999996e-11
15950.056 1.4217874955999946e-11
16000.056 1.2992003197999875e-11
16050.056 1.0981077843699799e-11
16100.056 8.073818567999907e-12
16150.056 5.294493636099765e-12
16200.056 2.2941689274098686e-12
16250.056 9.704429585099686e-13
16300.056 3.522325681795298e-13
16350.056 1.9536797775194508e-13
16400.056 1.5524906516676694e-13
16450.056 1.727219184482772e-13
16500.056 1.4409818438222357e-13
16550.056 2.0416538060393626e-13
16600.056 6.961709898387404e-13
16650.056 2.195220770484103e-13
16700.056 1.3406198217461977e-13
16750.056 3.218919570147139e-13
16800.056 3.3590378051133324e-13
16850.056 2.847061188701762e-13
16900.056 1.529705345296474e-13
16950.056 1.2111524721610941e-13
17000.056 6.425475663041355e-14
17050.056 7.767070385751036e-14
17100.056 1.5167769366968376e-13
17150.056 1.3663767073082772e-13
17200.056 3.1633937422598395e-13
17250.056 7.39440420365826e-14
17300.056 8.1630906517399e-14
17350.056 1.3517101246000114e-13
17400.056 2.055420340332045e-13
17450.056 2.499759356320121e-13
17500.056 3.626490180499977e-13
17550.056 3.257955495639913e-13
17600.056 3.310906782700103e-13
17650.056 2.0270679470499256e-13
17700.056 1.7448330800199946e-13
17750.056 1.2588493523029404e-13
17800.056 1.5535408736500475e-13
17850.056 8.29322511888938e-14
17900.056 4.976535126588269e-14
17950.056 3.132974001581275e-14
18000.056 3.8586086672039245e-14
18050.056 1.5118637794119902e-14
18100.056 1.1220426362003335e-14
18150.056 4.952174932680126e-15
18200.056 2.753713315111095e-15
18250.056 9.762930322379009e-15
18300.056 6.283158424432874e-16
18350.056 7.037599383783257e-16
18400.056 1.3749305849260401e-16
18450.056 2.521139183973637e-15
18500.056 1.49170427719463e-15
18550.056 4.66871353893728e-16
18600.056 1.971982851828182e-15
18650.056 2.136037277135787e-15
18700.056 5.662410267283538e-17
18750.056 1.0621894563258891e-16
18800.056 4.528307057368874e-15
18850.056 3.0060427673003607e-15
18900.056 4.774545131740007e-15
18950.056 5.073198556792301e-15
19000.056 4.83273997545136e-16
19050.056 2.5978760517810375e-16
19100.056 1.5450045152819015e-15
19150.056 7.605284908761472e-16
19200.056 1.9626234683003725e-15
19250.056 1.8161373622940746e-15
19300.056 9.70234778236339e-16
19350.056 1.4085686270003838e-15
19400.056 8.157485800983074e-16
19450.056 5.6146299564911815e-16
19500.056 5.935981198886407e-16
19550.056 1.0285274220386712e-15
19600.056 1.5858383441610814e-15
19650.056 1.4002332585955624e-15
19700.056 2.2937593170076673e-15
19750.056 2.1075640172797306e-15
19800.056 1.1837311865613026e-15
19850.056 1.8023277450572672e-15
19900.056 2.6234093451249673e-15
19950.056 1.7642248824218318e-15
20000.056 1.9283940613112953e-15
20050.056 1.8902694126614455e-15
20100.056 2.2838699727634817e-15
20150.056 1.6475304141575611e-15
20200.056 1.4314676432362246e-15
20250.056 2.158249567210146e-15
20300.056 2.227889012769955e-15
20350.056 2.202936071179909e-15
20400.056 2.2007516375000006e-15
20450.056 2.1759600279000633e-15
20500.056 1.9631068234000057e-15
20550.056 1.742144850299952e-15
20600.056 1.5289030068000127e-15
20650.056 1.3189782554999665e-15
20700.056 1.1236680551999807e-15
20750.056 9.351472783999847e-16
20800.056 7.745236858299865e-16
20850.056 6.484617640999907e-16
20900.056 5.435617463099925e-16
20950.056 4.660645025999941e-16
21000.056 4.141137735799966e-16
21050.056 3.8529601853999817e-16
21100.056 3.779941407000005e-16
21150.056 3.991392295300031e-16
21200.056 4.457047429000053e-16
21250.056 5.221184769200064e-16
21300.056 6.283396992600119e-16
21350.056 7.654971668500044e-16
21400.056 9.583778097200244e-16
21450.056 1.1114803474200215e-15
21500.056 1.2369304662200074e-15
21550.056 1.3756284546399977e-15
21600.056 1.4240857907909867e-15
21650.056 1.5235683153649294e-15
21700.056 1.6283598393699249e-15
21750.056 1.645187652108022e-15
21800.056 1.5033115248729458e-15
21850.056 1.5581913363929177e-15
21900.056 1.3856382244298341e-15
21950.056 9.749780092956747e-16
22000.056 1.445126092408152e-16
22050.056 2.3245065395090797e-16
22100.056 4.2237800049574163e-16
22150.056 2.5740568336946875e-16
22200.056 2.618921478869598e-16
22250.056 1.9687775557636294e-16
22300.056 9.192481505752176e-17
22350.056 1.8242648441265325e-16
22400.056 1.2065063793688639e-16
22450.056 1.5526007671014108e-16
22500.056 1.3521016468561204e-16
22550.056 5.4714422371239785e-17
22600.056 4.5267532178870676e-17
22650.056 3.0142734135775486e-17
22700.056 5.0485213977907186e-17
22750.056 8.156166889157365e-17
22800.056 1.259987634733232e-16
22850.056 6.652612676451861e-17
22900.056 5.828157439347718e-17
22950.056 4.1098663410287755e-17
23000.056 2.6072816344270575e-17
23050.056 1.828620893349628e-17
23100.056 2.7546048075464377e-16
23150.056 2.5779089888359915e-16
23200.056 2.8555004514842736e-17
23250.056 1.501876655104519e-16
23300.056 5.848442728608135e-17
23350.056 1.1327966674992603e-16
23400.056 7.258127226686164e-17
23450.056 4.2652993870843165e-17
23500.056 2.787190410353472e-17
23550.056 5.783792265581185e-17
23600.056 1.4706492173066046e-16
23650.056 2.1482149676867495e-16
23700.056 2.897859666463807e-17
23750.056 6.097328424194932e-17
23800.056 2.534516920273973e-16
23850.056 1.1060479102870494e-16
23900.056 2.229140828221311e-16
23950.056 1.280036758950383e-16
24000.056 3.445626540534839e-16
24050.056 3.9777905758590735e-16
24100.056 6.419534008570387e-16
24150.056 9.411427070400127e-16
24200.056 9.877998166200113e-16
24250.056 9.618161780500909e-16
24300.056 1.7805378448591705e-15
24350.056 2.1197326145599183e-15
24400.056 3.592129430330163e-15
24450.056 4.778168347600313e-15
24500.056 5.6593441290999604e-15
24550.056 8.962807382700465e-15
24600.056 1.2927657909499845e-14
24650.056 1.708321483130085e-14
24700.056 1.7759970820698887e-14
24750.056 2.6552026901102252e-14
24800.056 3.2083851612001264e-14
24850.056 3.582728710769944e-14
24900.056 3.963692902910169e-14
24950.056 5.033617087050258e-14
25000.056 7.646167733099733e-14
25050.056 5.927041698650489e-14
25100.056 7.979340365999495e-14
25150.056 5.494409454969472e-14
25200.056 8.849399911410928e-14
25250.056 5.329609931289138e-14
25300.056 3.912359331359629e-14
25350.056 2.7627800760503347e-14
25400.056 6.255866471789777e-14
25450.056 1.877217256989843e-14
25500.056 1.5648737472730194e-14
25550.056 4.833025023700418e-14
25600.056 1.8376070002803735e-14
25650.056 7.377243903190658e-15
25700.056 6.317003784299271e-15
25750.056 3.2639049530708796e-15
25800.056 1.0222758597080784e-14
25850.056 2.6555806930365046e-15
25900.056 3.582592262448052e-15
25950.056 1.801415295845296e-15
26000.056 7.832488843390675e-15
26050.056 2.2283962009811268e-15
26100.056 5.561941466370527e-15
26150.056 3.678685137119375e-15
26200.056 3.988820380896237e-15
26250.056 1.2176003063999064e-14
26300.056 4.6034645268575734e-15
26350.056 2.6386795508880038e-14
26400.056 6.142037543698896e-14
26450.056 2.5444338237913332e-14
26500.056 6.000630485381614e-14
26550.056 1.4054456097893072e-14
26600.056 1.0996533252747099e-14
26650.056 4.131722524879277e-15
26700.056 4.2013956735307655e-15
26750.056 6.0822490212193265e-15
26800.056 1.3333989922491241e-14
26850.056 1.2802076527802353e-14
26900.056 3.0002708264898315e-14
26950.056 9.396885570202069e-15
27000.056 3.2316213845180647e-14
27050.056 5.822277007999796e-14
27100.056 7.976434580860287e-15
27150.056 4.258568323699959e-14
27200.056 8.007252185550723e-15
27250.056 1.5906205767024822e-14
27300.056 1.2177467918700087e-13
27350.056 3.844818720988644e-14
27400.056 8.013926012318297e-15
27450.056 6.40284697290095e-14
27500.056 7.411831113019137e-14
27550.056 2.244148084923762e-14
27600.056 5.55253605513003e-14
27650.056 2.2070056727402434e-14
27700.056 2.6303047393598248e-14
27750.056 9.140817751960311e-14
27800.056 4.741258360960337e-14
27850.056 7.785548808759483e-14
27900.056 1.2726767627823658e-13
27950.056 1.5951396378698167e-13
28000.056 2.1725480562099653e-13
28050.056 3.705335585411397e-14
28100.056 3.072632419600937e-13
28150.056 2.2363570525753265e-13
28200.056 6.427967376097284e-14
28250.056 5.408342651759982e-13
28300.056 4.63873018093023e-13
28350.056 6.688747328160303e-14
28400.056 3.383136821585407e-13
28450.056 4.3569195264757537e-13
28500.056 1.6421344375193397e-13
28550.056 9.519010334508239e-14
28600.056 5.297559314897505e-13
28650.056 1.129178913396336e-13
28700.056 5.700553707337096e-13
28750.056 1.04829804293662e-12
28800.056 1.6567153860389178e-13
