galfind/configs/Brown_Dwarf_templates/sonora_bobcat/m-0.5/1000g/sp_t475g1000nc_m-0.5_resample.dat
# %ECSV 1.0
# ---
# datatype:
# - {name: wav, unit: Angstrom, datatype: float64}
# - {name: flux_nu, unit: erg / (cm2 Hz s), datatype: float64}
# meta: {C/O: '1.00', Kzz: '1.0000E+05', Teff: '475.', Y: '0.28', '[Fe/H]': '-0.50', f_hole: '1.00', f_rain: '0.00', grav: '1000.'}
# schema: astropy-2.0
wav flux_nu
[from data line 498]
28900.056 3.4106436150247194e-10
28950.056 4.987350360914527e-10
29000.056 3.967585717911113e-10
29050.056 6.548350599214202e-10
29100.056 2.703872994323994e-10
29150.056 5.536902988855452e-10
29200.056 8.340278574292685e-10
29250.056 9.209432759640362e-10
29300.056 5.423611088000297e-10
29350.056 1.712864274076419e-09
29400.056 6.143049113758318e-10
29450.056 4.063094396556437e-10
29500.056 1.5541312323341852e-09
29550.056 6.290132025208918e-10
29600.056 8.488517021878226e-10
29650.056 2.1898188310310874e-09
29700.056 4.981464207681375e-10
29750.056 1.4356247186620132e-09
29800.056 1.061016881985158e-09
29850.056 2.3190128117149854e-09
29900.056 1.200873286887001e-09
29950.056 1.0546516597130608e-09
30000.056 2.781126446723144e-11
30050.056 1.8815540109007837e-10
30100.056 6.670692354605101e-10
30150.056 1.8346728886532893e-09
30200.056 1.3205166984886993e-09
30250.056 2.756258118477149e-09
30300.056 2.720345188107806e-09
30350.056 9.096769381724605e-10
30400.056 3.222852589794936e-09
30450.056 2.2865323250936665e-09
30500.056 1.6663636970164364e-09
30550.056 1.3148872420555861e-09
30600.056 6.9554549033500926e-09
30650.056 3.5328189388590967e-09
30700.056 1.9779514939123753e-09
30750.056 3.6871601726638773e-09
30800.056 3.301838282302825e-09
30850.056 3.6844734104928502e-09
30900.056 2.049871749314608e-09
30950.056 1.7183914353170283e-09
31000.056 2.202443488817927e-09
31050.056 1.8953032800097127e-09
31100.056 8.586327235750279e-10
31150.056 1.7492108232489427e-09
31200.056 4.4433366093799025e-09
31250.056 1.6991923521993638e-09
31300.056 1.2346168547018378e-09
31350.056 2.712159389677576e-09
31400.056 1.6279950977703961e-09
31450.056 2.011833464573082e-09
31500.056 6.908640476279466e-10
31550.056 1.4053943887020622e-09
31600.056 9.298330005816735e-10
31650.056 7.077103218632535e-10
31700.056 7.476414021001643e-10
31750.056 2.950989576770218e-10
31800.056 6.841878050140438e-10
31850.056 1.4986032726746655e-10
31900.056 3.829775011720148e-10
31950.056 1.7470838700467824e-10
32000.056 1.8089464474851799e-10
32050.056 1.8176079246429955e-10
32100.056 1.3798710831256926e-10
32150.056 1.7291077950259268e-10
32200.056 8.473208163330087e-11
32250.056 2.0202492810394074e-10
32300.056 6.312722010011805e-11
32350.056 2.304368804388372e-10
32400.056 3.987569676005438e-11
32450.056 1.7707816284300112e-10
32500.056 4.9756311908471136e-11
32550.056 1.910510049160018e-10
32600.056 5.821845117218706e-11
32650.056 3.0501737408196935e-10
32700.056 8.733604152467105e-11
32750.056 6.696677808942009e-10
32800.056 4.358079003762263e-10
32850.056 1.2243363491502758e-09
32900.056 1.1011508062501214e-09
32950.056 1.1868395517070622e-09
33000.056 3.9227725306252167e-10
33050.056 4.5064764167707454e-10
33100.056 9.23186579306786e-11
33150.056 1.3967986864573164e-13
33200.056 3.652988475598629e-12
33250.056 7.547015727663064e-12
33300.056 6.235040386442936e-11
33350.056 1.8191985053381427e-10
33400.056 5.822691223070145e-10
33450.056 2.6149962684059035e-10
33500.056 1.0759285600601815e-09
33550.056 2.306146416733757e-10
33600.056 5.225648008030987e-10
33650.056 5.788013960339423e-10
33700.056 1.5918389887021732e-10
33750.056 7.540580618728781e-10
33800.056 6.918827812680207e-11
33850.056 3.4661644367320625e-10
33900.056 3.3516896312158174e-10
33950.056 2.9492190600675e-10
34000.056 6.638202946744699e-10
34050.056 1.0886303766954793e-10
34100.056 6.102066882042307e-10
34150.056 1.8579640232301902e-10
34200.056 6.136553875537248e-10
34250.056 3.904767925288538e-10
34300.056 3.4257311672098836e-10
34350.056 1.0644466939298984e-09
34400.056 2.2231462125196767e-10
34450.056 9.80349212297318e-10
34500.056 4.894467970346264e-10
34550.056 4.488735248233715e-10
34600.056 2.0242987453020345e-09
34650.056 2.3105061254013466e-10
34700.056 1.5121348388135904e-09
34750.056 7.750817964285185e-10
34800.056 5.345254904418567e-10
34850.056 2.20601329984106e-09
34900.056 3.921613782861423e-10
34950.056 2.1572503940539142e-09
35000.056 2.866082107650246e-09
35050.056 1.405276502360689e-09
35100.056 4.145652792843662e-09
35150.056 3.1904327961954855e-09
35200.056 2.7447468295390757e-09
35250.056 5.196754529490664e-09
35300.056 1.216461878119194e-09
35350.056 2.2104873521217214e-09
35400.056 1.6737916881464882e-09
35450.056 1.3194782292057489e-09
35500.056 4.904470751932921e-09
35550.056 2.7701860415524613e-09
35600.056 4.166518394414937e-09
35650.056 4.42066526246783e-09
35700.056 4.050234537677059e-09
35750.056 7.498374276736057e-09
35800.056 4.175213839134446e-09
35850.056 2.3956941874953255e-09
35900.056 4.085881486006686e-09
35950.056 5.9390604077794414e-09
36000.056 6.0964953562209255e-09
36050.056 4.647607847342718e-09
36100.056 4.072654921526423e-09
36150.056 9.88313430989978e-09
36200.056 1.0466138175379201e-08
36250.056 6.158334353305993e-09
36300.056 1.3762685170938584e-08
36350.056 1.0015644200570696e-08
36400.056 1.3816405008397717e-08
36450.056 9.633015120170742e-09
36500.056 1.115265329932704e-08
36550.056 1.9752974387200707e-08
36600.056 2.3036635695997628e-08
36650.056 1.3108340697946003e-08
36700.056 1.382277809976471e-08
36750.056 2.2350747633002976e-08
36800.056 2.335446467599841e-08
36850.056 1.4024379960704334e-08
36900.056 1.6960981369479235e-08
36950.056 2.5649900724495436e-08
37000.056 1.84819920136998e-08
37050.056 2.4464340868278706e-08
37100.056 1.2373094404312102e-08
37150.056 1.9375408924621176e-08
37200.056 3.331947663799847e-08
37250.056 1.6596303534266242e-08
37300.056 1.2593071653194554e-08
37350.056 2.36325726103835e-08
37400.056 3.4076163776398786e-08
37450.056 1.607940909063858e-08
37500.056 1.841409407077915e-08
37550.056 3.87432004906063e-08
37600.056 5.116659646000098e-08
37650.056 1.7549735286402357e-08
37700.056 3.1138012008803036e-08
37750.056 2.2961692666301367e-08
37800.056 2.790379673350297e-08
37850.056 1.610867492789975e-08
37900.056 1.9628597716699515e-08
37950.056 2.7860280692099884e-08
38000.056 2.597920586809852e-08
38050.056 3.303448772330378e-08
38100.056 4.550440479800003e-08
38150.056 4.8316941155596504e-08
38200.056 3.521743956040103e-08
38250.056 4.2118086228602984e-08
38300.056 6.573738423099256e-08
38350.056 5.740323540000804e-08
38400.056 2.9924276667890276e-08
38450.056 1.809064992649603e-08
38500.056 1.617879589790308e-08
38550.056 3.853704809900281e-08
38600.056 4.03236387809954e-08
38650.056 4.119779036579836e-08
38700.056 4.3038409790996635e-08
38750.056 3.983293209799799e-08
38800.056 3.95055049409998e-08
38850.056 4.5094525877001885e-08
38900.056 5.018656176579389e-08
38950.056 3.7417170866502626e-08
39000.056 4.756445059399355e-08
39050.056 3.764914963601126e-08
39100.056 4.1732302962528665e-08
39150.056 5.9597905532997886e-08
39200.056 4.909222834299981e-08
39250.056 5.4040197215001764e-08
39300.056 4.7168619969600744e-08
39350.056 6.885063214100076e-08
39400.056 4.9050845878995657e-08
39450.056 6.372353836440447e-08
39500.056 7.018926076699842e-08
39550.056 4.238433993110895e-08
39600.056 5.6352417813003866e-08
39650.056 8.10878329109987e-08
39700.056 7.206261892000278e-08
39750.056 4.007823345950373e-08
39800.056 4.2157749595501546e-08
39850.056 8.196943891600291e-08
39900.056 8.572911883400208e-08
39950.056 5.523916771100039e-08
40000.056 7.52638915249991e-08
40050.056 7.63167665289978e-08
40100.056 3.374208642718661e-08
40150.056 7.039078638400313e-08
40200.056 7.914458550099602e-08
40250.056 8.421845832899289e-08
40300.056 8.377002000400597e-08
40350.056 5.163876259129172e-08
40400.056 7.16209220413978e-08
40450.056 4.6503196204997206e-08
40500.056 7.986297137399697e-08
40550.056 8.504582002999384e-08
40600.056 8.448683880899926e-08
40650.056 6.658173443379449e-08
40700.056 1.0191133843399893e-07
40750.056 7.992352476099645e-08
40800.056 5.7402615255993104e-08
40850.056 1.0500903432300563e-07
40900.056 1.0182747440999586e-07
40950.056 7.536605653160134e-08
41000.056 7.701849394399892e-08
41050.056 1.0926710496399997e-07
41100.056 9.912590809699313e-08
41150.056 5.10154264179985e-08
41200.056 1.015352970510079e-07
41250.056 9.658856896598883e-08
41300.056 1.027246756680048e-07
41350.056 1.1810097518999994e-07
41400.056 9.950244396600019e-08
41450.056 1.1640269127000111e-07
41500.056 8.351243569898914e-08
41550.056 7.914014584000987e-08
41600.056 8.203760117560138e-08
41650.056 1.0872783473400445e-07
41700.056 1.2216284954999468e-07
41750.056 1.0605733481500032e-07
41800.056 1.1326723193200059e-07
41850.056 9.165580274899548e-08
41900.056 8.54927679379857e-08
41950.056 9.419547612199948e-08
42000.056 7.415450164797911e-08
42050.056 7.596015740000627e-08
42100.056 9.363448818199396e-08
42150.056 8.771416776999796e-08
42200.056 8.988087303999468e-08
42250.056 8.187568331500447e-08
42300.056 7.79518760969973e-08
42350.056 1.0113480374100152e-07
42400.056 1.0991373748600257e-07
42450.056 1.0296570119700514e-07
42500.056 1.0895513835999828e-07
42550.056 1.0017731581199848e-07
42600.056 9.773951401401207e-08
42650.056 1.2365838550099365e-07
42700.056 8.531179146399042e-08
42750.056 8.739733717300983e-08
42800.056 1.1587352975400097e-07
42850.056 1.21739702212992e-07
42900.056 1.201413634580046e-07
42950.056 1.012640013660007e-07
43000.056 1.1451577326599762e-07
43050.056 7.233495157400444e-08
43100.056 1.0856018528699873e-07
43150.056 9.865652802000022e-08
43200.056 1.0870067930600264e-07
43250.056 1.4141607323000177e-07
43300.056 1.287446069199972e-07
43350.056 8.09913368939976e-08
43400.056 1.1205944171200325e-07
43450.056 9.250885019000264e-08
43500.056 9.184317015200138e-08
43550.056 8.886863109200297e-08
43600.056 1.2477772322000027e-07
43650.056 7.706354217799505e-08
43700.056 1.2216862286001248e-07
43750.056 1.2843729997999642e-07
43800.056 1.1305569956799668e-07
43850.056 1.0566667339200933e-07
43900.056 9.489001968299893e-08
43950.056 7.417024365699716e-08
44000.056 6.830065192699958e-08
44050.056 1.205937899630072e-07
44100.056 1.4717716016000184e-07
44150.056 1.399606967699968e-07
44200.056 1.3370197531000136e-07
44250.056 9.185797463499683e-08
44300.056 6.60135868030012e-08
44350.056 7.292333073300293e-08
44400.056 8.020754781599825e-08
44450.056 1.1188746330300597e-07
44500.056 9.960624155900496e-08
44550.056 1.288185392400006e-07
44600.056 1.0592151266100203e-07
44650.056 1.1230403823699426e-07
44700.056 8.40101980149931e-08
44750.056 1.0092160377000823e-07
44800.056 7.966953283800148e-08
44850.056 1.0958076798600376e-07
44900.056 9.952983988699773e-08
44950.056 1.0957828118600512e-07
45000.056 1.19797852806e-07
45050.056 1.142905268639937e-07
45100.056 1.0717339637400656e-07
45150.056 1.0238703672699835e-07
45200.056 7.090865241600027e-08
45250.056 8.329009937699541e-08
45300.056 8.298663202500389e-08
45350.056 6.137672646640369e-08
45400.056 1.3030200298000336e-07
45450.056 1.2011455145700704e-07
45500.056 1.2637079203200302e-07
45550.056 1.3678456935499187e-07
45600.056 1.2957771127000256e-07
45650.056 1.1648335794799284e-07
45700.056 7.235928702579439e-08
45750.056 6.387181986000459e-08
45800.056 1.2947026199200295e-07
45850.056 1.1481508950000406e-07
45900.056 1.341165426099982e-07
45950.056 1.2427042865399563e-07
46000.056 1.290503200590055e-07
46050.056 1.159890495180034e-07
46100.056 1.3575827421999532e-07
46150.056 9.531672397400023e-08
46200.056 7.787340262599319e-08
46250.056 3.507080879639831e-08
46300.056 9.389917532100518e-08
46350.056 1.0799172452000513e-07
46400.056 1.0653263054600133e-07
46450.056 9.078993953799385e-08
46500.056 1.0087259761000605e-07
46550.056 7.04027962889972e-08
46600.056 7.16888782403934e-08
46650.056 1.0164606827000478e-07
46700.056 8.26976527419929e-08
46750.056 3.9685199050205266e-08
46800.056 2.7948348283797094e-08
46850.056 9.303197041000997e-08
46900.056 1.1453289661999783e-07
46950.056 1.1182490599999718e-07
47000.056 1.1149632896800345e-07
47050.056 8.09739578739838e-08
47100.056 6.789120395200122e-08
47150.056 9.35022313750084e-08
47200.056 1.0344904170499766e-07
47250.056 5.0825161927991266e-08
47300.056 3.654264745550887e-08
47350.056 1.0383488256400413e-07
47400.056 1.0985588755599848e-07
47450.056 7.891150402800545e-08
47500.056 1.1816212267800017e-07
47550.056 1.0348449097300187e-07
47600.056 9.206996020899436e-08
47650.056 1.0164152504999456e-07
47700.056 8.559771093301047e-08
47750.056 6.729555660999972e-08
47800.056 5.217360383700099e-08
47850.056 2.1611520476802927e-08
47900.056 3.6150422788999357e-08
47950.056 8.930983832300527e-08
48000.056 1.0672631621199594e-07
48050.056 8.818335490099635e-08
48100.056 4.62928593821004e-08
48150.056 7.735463233200333e-08
48200.056 5.934300779439613e-08
48250.056 8.35767219360009e-08
48300.056 1.0150338175700041e-07
48350.056 7.02569444849932e-08
48400.056 1.6057702226626102e-08
48450.056 3.276696050572747e-08
48500.056 6.20152913699913e-08
48550.056 6.855532065261112e-08
48600.056 9.749644222000137e-08
48650.056 1.0976988131399865e-07
48700.056 8.782820183700367e-08
48750.056 6.422234133200156e-08
48800.056 9.203348150300293e-08
48850.056 5.1828836295493003e-08
48900.056 5.923030433939426e-08
48950.056 3.653284690819767e-08
49000.056 2.171112328345464e-08
49050.056 6.158748711259377e-08
49100.056 7.601142294310971e-08
49150.056 6.290156495189863e-08
49200.056 9.42532835570046e-08
49250.056 9.743339183700007e-08
49300.056 8.381730637199596e-08
49350.056 4.2145977241404153e-08
49400.056 5.154735314739105e-08
49450.056 4.3283026169309227e-08
49500.056 3.788891457726386e-08
49550.056 7.546788332399836e-09
49600.056 2.0960050071543615e-08
49650.056 5.630740688900292e-08
49700.056 6.891396610899723e-08
49750.056 6.141574648389505e-08
49800.056 3.649563839483944e-08
49850.056 7.714837452700528e-08
49900.056 8.110468865099943e-08
49950.056 7.137305524599702e-08
50000.056 5.2351843466756325e-08
50050.056 6.061403189060624e-08
50100.056 5.396462429199781e-08
50150.056 2.3430052474895916e-08
50200.056 3.777116339299707e-09
50250.056 2.375347185999976e-08
50300.056 1.6343133908313113e-08
50350.056 5.805230973000449e-08
50400.056 6.700035644799868e-08
50450.056 4.9057953640000085e-08
50500.056 7.45716614430041e-08
50550.056 7.969123069600029e-08
50600.056 5.3886695974988395e-08
50650.056 7.426463071600734e-08
50700.056 7.714726721399874e-08
50750.056 4.83302072689985e-08
50800.056 1.6373441420726442e-08
50850.056 7.896208554083736e-09
50900.056 5.0326156869003937e-08
50950.056 5.5842780529996914e-08
51000.056 3.9176663063066264e-08
51050.056 5.7003247905992436e-08
51100.056 2.556493440159979e-08
51150.056 2.2528736811308957e-08
51200.056 6.87506299730011e-08
51250.056 5.624340016099349e-08
51300.056 3.623223912940283e-08
51350.056 3.4648201900734156e-08
51400.056 1.1296596504682293e-08
51450.056 8.86221663648643e-09
51500.056 7.527976850300789e-09
51550.056 3.2087660879004285e-08
51600.056 3.285947572520267e-08
51650.056 4.393187580099827e-08
51700.056 3.9442095756552594e-08
51750.056 3.1319339399605894e-08
51800.056 5.655336789599844e-08
51850.056 4.2966689082097994e-08
51900.056 4.735455567200166e-08
51950.056 2.6562241461395434e-08
52000.056 2.4285196640950403e-09
52050.056 1.3882079619601456e-08
52100.056 7.642651501898347e-09
52150.056 4.365138257225358e-09
52200.056 1.5813669846499243e-08
52250.056 2.8629200936404087e-08
52300.056 3.577138958699802e-08
52350.056 8.76444317584929e-09
52400.056 1.001370626205008e-08
52450.056 3.9399356183004574e-08
52500.056 3.1776618697226e-08
52550.056 3.726305707499607e-08
52600.056 2.9962074451503684e-08
52650.056 3.806065115099959e-08
52700.056 2.138776124699979e-08
52750.056 8.545504121329158e-09
52800.056 1.5569000094402876e-08
52850.056 1.9983874098195972e-08
52900.056 7.018315375605612e-09
52950.056 1.293858225910229e-08
53000.056 2.8598513345000626e-08
53050.056 1.028992237005939e-08
53100.056 3.867441527800306e-08
53150.056 4.071074605599915e-08
53200.056 1.495214205435873e-08
53250.056 3.4184495794001226e-08
53300.056 3.714614142860641e-08
53350.056 3.362683227899916e-08
53400.056 2.1426064574998072e-08
53450.056 5.544906481758347e-09
53500.056 1.124951703899656e-09
53550.056 2.7384582683899707e-09
