galfind/configs/Brown_Dwarf_templates/sonora_bobcat/m-0.5/1000g/sp_t700g1000nc_m-0.5_resample.dat
# %ECSV 1.0
# ---
# datatype:
# - {name: wav, unit: Angstrom, datatype: float64}
# - {name: flux_nu, unit: erg / (cm2 Hz s), datatype: float64}
# meta: {C/O: '1.00', Kzz: '1.0000E+05', Teff: '700.', Y: '0.28', '[Fe/H]': '-0.50', f_hole: '1.00', f_rain: '0.00', grav: '1000.'}
# schema: astropy-2.0
wav flux_nu
[from data line 499]
28950.056 9.807573836166706e-09
29000.056 8.684594164532195e-09
29050.056 1.12256142186748e-08
29100.056 6.634801914466419e-09
29150.056 1.2728954073410362e-08
29200.056 1.036987160693176e-08
29250.056 1.4754831014086384e-08
29300.056 7.805207139108437e-09
29350.056 2.3914423618902514e-08
29400.056 1.0002749304452157e-08
29450.056 1.0545553446342677e-08
29500.056 1.729372591653217e-08
29550.056 1.1176597617322739e-08
29600.056 1.42626936086449e-08
29650.056 2.091634246455043e-08
29700.056 1.094556307635382e-08
29750.056 1.905071057040241e-08
29800.056 1.761235346015402e-08
29850.056 2.2952277259596208e-08
29900.056 1.8822865118674414e-08
29950.056 1.682969595903678e-08
30000.056 1.5233133796126515e-09
30050.056 4.138842531371445e-09
30100.056 8.302493150855721e-09
30150.056 1.85078813950801e-08
30200.056 1.642285909947413e-08
30250.056 3.030165116906086e-08
30300.056 2.773022474893924e-08
30350.056 1.7556365043013113e-08
30400.056 3.291322264818498e-08
30450.056 2.1584034555009346e-08
30500.056 2.1618442607488113e-08
30550.056 1.89347539290329e-08
30600.056 4.037867848320346e-08
30650.056 2.5325171249301627e-08
30700.056 2.014728863362482e-08
30750.056 2.8167327056086444e-08
30800.056 2.3570778129083237e-08
30850.056 2.4038802472996698e-08
30900.056 1.6669650109558088e-08
30950.056 1.5643097625382237e-08
31000.056 1.6977435823142853e-08
31050.056 1.92223770445981e-08
31100.056 1.0567556929585559e-08
31150.056 1.698413005320913e-08
31200.056 2.6513883831902597e-08
31250.056 1.4604600547849539e-08
31300.056 1.263665593291236e-08
31350.056 1.6390693255595182e-08
31400.056 1.1866232028239213e-08
31450.056 1.474388175639783e-08
31500.056 7.003970710616376e-09
31550.056 1.0681898066989635e-08
31600.056 7.687360973485158e-09
31650.056 6.400185329983959e-09
31700.056 7.621805102701118e-09
31750.056 4.217052232533694e-09
31800.056 7.963966247099975e-09
31850.056 3.130963922514925e-09
31900.056 5.888747110780347e-09
31950.056 3.075895603123101e-09
32000.056 4.300846857930684e-09
32050.056 4.241428979200673e-09
32100.056 3.4421832597607614e-09
32150.056 4.811112850689785e-09
32200.056 2.9184363299318264e-09
32250.056 6.053888571282091e-09
32300.056 2.505165454913792e-09
32350.056 6.633993477360858e-09
32400.056 2.4273850180842373e-09
32450.056 5.886996529724329e-09
32500.056 3.5466324532922216e-09
32550.056 5.44003294422955e-09
32600.056 4.787731268308565e-09
32650.056 7.839216744947207e-09
32700.056 6.008287573900163e-09
32750.056 1.1670266071182427e-08
32800.056 1.1265056127401139e-08
32850.056 1.5762290223001364e-08
32900.056 1.5795409947405387e-08
32950.056 1.6577165407823233e-08
33000.056 1.0686421261653003e-08
33050.056 1.2188354273001204e-08
33100.056 4.375074466380221e-09
33150.056 8.835324979159218e-11
33200.056 2.6288447083848934e-10
33250.056 3.0400394564891573e-10
33300.056 8.145654411142349e-10
33350.056 2.083246073425903e-09
33400.056 4.441635638669787e-09
33450.056 4.670737707679776e-09
33500.056 1.1476112066502557e-08
33550.056 5.659173823737866e-09
33600.056 1.0644532737718829e-08
33650.056 1.0861904359900477e-08
33700.056 5.750030629221576e-09
33750.056 1.4006567372330794e-08
33800.056 3.736578035609936e-09
33850.056 8.325541389913607e-09
33900.056 7.596736950028797e-09
33950.056 7.115933144319475e-09
34000.056 1.1295564451031527e-08
34050.056 3.5093865493994588e-09
34100.056 1.002458000428226e-08
34150.056 4.900235049969321e-09
34200.056 9.067700253085854e-09
34250.056 8.089364345907421e-09
34300.056 5.762987752237105e-09
34350.056 1.0469131949501611e-08
34400.056 4.809131441223409e-09
34450.056 1.1100086732077192e-08
34500.056 8.113654253960427e-09
34550.056 4.671860128436252e-09
34600.056 1.4938534684800094e-08
34650.056 4.693729421877863e-09
34700.056 1.1888005570991822e-08
34750.056 8.991010350186643e-09
34800.056 6.368865007539543e-09
34850.056 1.6359965018800576e-08
34900.056 7.672273399470328e-09
34950.056 1.3791291134098611e-08
35000.056 2.1864919559439478e-08
35050.056 9.930925453111652e-09
35100.056 2.2760530548392172e-08
35150.056 2.0051690915950268e-08
35200.056 1.7291838581349647e-08
35250.056 2.907497908428083e-08
35300.056 1.2023877597215369e-08
35350.056 1.9259836462953152e-08
35400.056 1.9411694536915624e-08
35450.056 1.3065351640045373e-08
35500.056 3.35917983551748e-08
35550.056 2.2391217770202263e-08
35600.056 2.5786206779209163e-08
35650.056 2.996865986249497e-08
35700.056 2.2699847442676057e-08
35750.056 3.932204237460065e-08
35800.056 3.6850983527623104e-08
35850.056 2.163367557154862e-08
35900.056 3.4737352157708914e-08
35950.056 3.823336698929673e-08
36000.056 3.703889749860531e-08
36050.056 3.5334384645692945e-08
36100.056 3.003948534379028e-08
36150.056 4.669420333519681e-08
36200.056 5.305025977719322e-08
36250.056 3.906234666918247e-08
36300.056 6.302809254343664e-08
36350.056 5.4019570669503575e-08
36400.056 6.247044256899178e-08
36450.056 5.594430752965188e-08
36500.056 6.171453609287244e-08
36550.056 8.161592767401155e-08
36600.056 9.225899419399008e-08
36650.056 7.03976087626681e-08
36700.056 7.296617211486469e-08
36750.056 9.368765641900893e-08
36800.056 9.595655412099667e-08
36850.056 7.808919991712907e-08
36900.056 8.728716169380174e-08
36950.056 1.0427068542798275e-07
37000.056 8.784964758499621e-08
37050.056 1.0412580762000403e-07
37100.056 8.251396970300218e-08
37150.056 9.526328758900745e-08
37200.056 1.2491275812799163e-07
37250.056 8.621010702838237e-08
37300.056 7.764964672283585e-08
37350.056 1.1047350228601237e-07
37400.056 1.4012633718699753e-07
37450.056 8.826023927359793e-08
37500.056 9.759745104469453e-08
37550.056 1.4673799099903123e-07
37600.056 1.699897971200107e-07
37650.056 9.25212871610144e-08
37700.056 1.3878834676101058e-07
37750.056 1.0694626374611212e-07
37800.056 1.259029154140194e-07
37850.056 8.72230976680008e-08
37900.056 1.022121651930073e-07
37950.056 1.2851730274599758e-07
38000.056 1.2960856813899583e-07
38050.056 1.3748482079401784e-07
38100.056 1.6513993865300641e-07
38150.056 1.7127324755399364e-07
38200.056 1.5222213620600129e-07
38250.056 1.5344711771601287e-07
38300.056 2.061966455999729e-07
38350.056 2.0279666178002197e-07
38400.056 1.3716497745896705e-07
38450.056 1.1824360335397181e-07
38500.056 1.0237063609801868e-07
38550.056 1.6330819723001717e-07
38600.056 1.5658349395197901e-07
38650.056 1.6684562387098994e-07
38700.056 1.8323270116999976e-07
38750.056 1.6535510376499822e-07
38800.056 1.6246799456999208e-07
38850.056 1.776922158780065e-07
38900.056 1.9874508802797607e-07
38950.056 1.6649948397700318e-07
39000.056 1.8261806443497635e-07
39050.056 1.7935444027603725e-07
39100.056 1.7847438991999514e-07
39150.056 2.1638380764999323e-07
39200.056 1.8550679133999556e-07
39250.056 2.1164334177300587e-07
39300.056 1.9540087958099475e-07
39350.056 2.3338390690000268e-07
39400.056 1.9710185624500398e-07
39450.056 2.2454059619400677e-07
39500.056 2.3630313734000015e-07
39550.056 1.8513850873704163e-07
39600.056 2.1850879088999776e-07
39650.056 2.625397400599935e-07
39700.056 2.3970089702001495e-07
39750.056 1.817479205140296e-07
39800.056 1.9612207490500348e-07
39850.056 2.705015270700044e-07
39900.056 2.725833769100074e-07
39950.056 2.209206289099948e-07
40000.056 2.631885975299947e-07
40050.056 2.578107445500009e-07
40100.056 1.7558117601521678e-07
40150.056 2.5453941022001e-07
40200.056 2.658613516399812e-07
40250.056 2.709286050099704e-07
40300.056 2.723187454900188e-07
40350.056 2.1781020908697422e-07
40400.056 2.671791049340005e-07
40450.056 2.093521458099909e-07
40500.056 2.715046497299899e-07
40550.056 2.867035471999782e-07
40600.056 2.7235361429000397e-07
40650.056 2.455823359149717e-07
40700.056 3.241223510799912e-07
40750.056 2.661056019899777e-07
40800.056 2.2253198023996285e-07
40850.056 3.224935392000174e-07
40900.056 3.0866892702998533e-07
40950.056 2.657772913170081e-07
41000.056 2.650948574399922e-07
41050.056 3.2283341513998515e-07
41100.056 3.029353701899826e-07
41150.056 2.1309754827999396e-07
41200.056 3.144993905900128e-07
41250.056 2.9430209288997715e-07
41300.056 2.9049991522000217e-07
41350.056 3.3225245530999753e-07
41400.056 2.965815929300123e-07
41450.056 3.32766509819997e-07
41500.056 2.697475053729675e-07
41550.056 2.5687462296003385e-07
41600.056 2.692905189050155e-07
41650.056 3.140546426400116e-07
41700.056 3.140725305999758e-07
41750.056 2.9513862166999047e-07
41800.056 3.215594463200132e-07
41850.056 2.5297840138798927e-07
41900.056 2.707837270059576e-07
41950.056 3.0162133264000696e-07
42000.056 2.718436573899413e-07
42050.056 2.5073438168201476e-07
42100.056 3.0946371730997404e-07
42150.056 2.5400462122699965e-07
42200.056 2.5462646297998083e-07
42250.056 2.6227801045000507e-07
42300.056 2.515653701899926e-07
42350.056 2.915471713200099e-07
42400.056 3.0629881085000885e-07
42450.056 2.613673176520239e-07
42500.056 2.7445330182999184e-07
42550.056 2.5272365368999406e-07
42600.056 2.7617417618004095e-07
42650.056 3.3945125368997793e-07
42700.056 2.6221019939995985e-07
42750.056 2.3103881064303079e-07
42800.056 2.904781226300063e-07
42850.056 3.142618795299641e-07
42900.056 3.190808938040213e-07
42950.056 2.6100698631998523e-07
43000.056 2.980108334799953e-07
43050.056 1.9434005519103753e-07
43100.056 2.824898456499883e-07
43150.056 2.4698907241000676e-07
43200.056 2.707951776800057e-07
43250.056 3.507445744600094e-07
43300.056 3.3262533951999905e-07
43350.056 2.0693679750597508e-07
43400.056 2.857599358400126e-07
43450.056 2.3604348941001995e-07
43500.056 2.545080986100027e-07
43550.056 2.4704590206100484e-07
43600.056 3.203899142800122e-07
43650.056 2.093610282519938e-07
43700.056 3.3451833860003064e-07
43750.056 3.1762081688999367e-07
43800.056 2.9221756356398054e-07
43850.056 2.6976577039803335e-07
43900.056 2.6540547847898887e-07
43950.056 2.0491102707098718e-07
44000.056 1.8257843329400097e-07
44050.056 3.12337588770015e-07
44100.056 3.773542723500079e-07
44150.056 3.713427862299906e-07
44200.056 3.3905223666000576e-07
44250.056 2.342858401399939e-07
44300.056 1.8426454770001853e-07
44350.056 2.1520090460501644e-07
44400.056 2.151334067249906e-07
44450.056 2.990593663800126e-07
44500.056 2.6792922452803275e-07
44550.056 3.454445441099943e-07
44600.056 3.0407623823800977e-07
44650.056 2.9626729439998714e-07
44700.056 2.2369889078598e-07
44750.056 2.667032592070387e-07
44800.056 2.3253273050501246e-07
44850.056 3.136594145200118e-07
44900.056 2.5973768712399784e-07
44950.056 2.8178160801001964e-07
45000.056 3.060463443700052e-07
45050.056 2.9969492948998266e-07
45100.056 2.877748760620169e-07
45150.056 2.8316357706599383e-07
45200.056 2.1312293131700598e-07
45250.056 2.422561056879744e-07
45300.056 2.333079288890216e-07
45350.056 1.953443601140028e-07
45400.056 3.4411422161001766e-07
45450.056 3.262834396400178e-07
45500.056 3.326951178600107e-07
45550.056 3.6516517789996897e-07
45600.056 3.525587886500138e-07
45650.056 3.1434126081398057e-07
45700.056 2.17957355295993e-07
45750.056 1.9874611414600766e-07
45800.056 3.637741721600119e-07
45850.056 3.322998591850082e-07
45900.056 3.596483697399956e-07
45950.056 3.073363151599918e-07
46000.056 3.4445189559003133e-07
46050.056 3.0100831979999907e-07
46100.056 3.7081735261998916e-07
46150.056 2.6340593789600027e-07
46200.056 2.3792487346798626e-07
46250.056 1.2809398209298897e-07
46300.056 2.7109960512200523e-07
46350.056 2.9637080694001717e-07
46400.056 2.840341258900091e-07
46450.056 2.4835812632398556e-07
46500.056 2.6586310691903447e-07
46550.056 1.9942001107800303e-07
46600.056 2.282727061999738e-07
46650.056 3.053405221660174e-07
46700.056 2.4789017818997444e-07
46750.056 1.4748564217302022e-07
46800.056 1.1467257599399797e-07
46850.056 2.994160810300259e-07
46900.056 3.171875481899883e-07
46950.056 3.004831266999863e-07
47000.056 2.9307589501001787e-07
47050.056 2.3720969890894617e-07
47100.056 1.8820602597800565e-07
47150.056 2.580084213000269e-07
47200.056 2.9396503192999035e-07
47250.056 1.75689504305981e-07
47300.056 1.2795062913471827e-07
47350.056 3.111050440000065e-07
47400.056 2.9814714857998986e-07
47450.056 2.4690014378202196e-07
47500.056 3.1992650396999106e-07
47550.056 2.7327103647000774e-07
47600.056 2.747916868099832e-07
47650.056 2.858442744919801e-07
47700.056 2.4077027884404e-07
47750.056 1.9141793542399913e-07
47800.056 1.7474784407501545e-07
47850.056 1.0012363163730884e-07
47900.056 1.41401177412993e-07
47950.056 2.685785193700092e-07
48000.056 3.1384415012999825e-07
48050.056 2.779873050239806e-07
48100.056 1.498589022882027e-07
48150.056 2.216463557020071e-07
48200.056 1.8793451177499215e-07
48250.056 2.3392573945999845e-07
48300.056 3.036617307900011e-07
48350.056 2.1742338688998636e-07
48400.056 8.106507376198601e-08
48450.056 1.4934577721602927e-07
48500.056 2.180536490699631e-07
48550.056 2.2772092613002223e-07
48600.056 2.5584803640000424e-07
48650.056 2.967760968599958e-07
48700.056 2.3670233805401114e-07
48750.056 1.5332322975402355e-07
48800.056 2.581329081260152e-07
48850.056 1.6887556771397394e-07
48900.056 2.273389360239834e-07
48950.056 1.5797981233799425e-07
49000.056 9.502030776931163e-08
49050.056 2.190973127799771e-07
49100.056 2.426717248600269e-07
49150.056 1.9139740709009609e-07
49200.056 2.640931173400169e-07
49250.056 2.583010028100059e-07
49300.056 2.2763963034399112e-07
49350.056 1.299004413860221e-07
49400.056 1.7551498609596896e-07
49450.056 1.6577859146553674e-07
49500.056 1.461556507826826e-07
49550.056 5.446124958509868e-08
49600.056 1.0999402043641589e-07
49650.056 1.7473550085899495e-07
49700.056 1.8903300275797188e-07
49750.056 2.1083145040298589e-07
49800.056 1.5014835274359602e-07
49850.056 2.382447089920178e-07
49900.056 2.245203623999987e-07
49950.056 1.9280041986099445e-07
50000.056 1.7648028491699784e-07
50050.056 2.0625411765200117e-07
50100.056 1.7659407636399122e-07
50150.056 1.0314863138798751e-07
50200.056 3.465343420691043e-08
50250.056 1.2954432088299686e-07
50300.056 9.169749527011081e-08
50350.056 1.9708474153601723e-07
50400.056 1.944350728079938e-07
50450.056 1.392582612720012e-07
50500.056 2.1278973690001212e-07
50550.056 2.1302400419000183e-07
50600.056 1.483320430419685e-07
50650.056 2.0983087355902974e-07
50700.056 2.3154762676999638e-07
50750.056 1.5866703981300595e-07
50800.056 8.013774587828587e-08
50850.056 6.019338902661997e-08
50900.056 1.9505519920000227e-07
50950.056 1.768638254400006e-07
51000.056 1.555347153322163e-07
51050.056 1.8382436981297792e-07
51100.056 8.885519020499285e-08
51150.056 1.0500682370161664e-07
51200.056 2.2530499596999458e-07
51250.056 1.6589551401198253e-07
51300.056 1.1798631222601728e-07
51350.056 1.3546369942137975e-07
51400.056 7.191304473931062e-08
51450.056 5.6605509971686746e-08
51500.056 5.0048837247215186e-08
51550.056 1.3436443651401354e-07
51600.056 1.0578087755820816e-07
51650.056 1.2519784406999012e-07
51700.056 1.3897462484927809e-07
51750.056 1.0435322648251334e-07
51800.056 1.6543521287998076e-07
51850.056 1.3278647345399545e-07
51900.056 1.82039560030008e-07
51950.056 1.2967922416198716e-07
52000.056 2.765081076549197e-08
52050.056 7.987951539100845e-08
52100.056 5.7395598225994363e-08
52150.056 4.111791401402617e-08
52200.056 7.310224771639717e-08
52250.056 1.0645096995501416e-07
52300.056 1.568397015799969e-07
52350.056 7.019576719765889e-08
52400.056 6.738731755150185e-08
52450.056 1.4831194923201562e-07
52500.056 1.3554014612697326e-07
52550.056 1.3081059981298984e-07
52600.056 1.0278469543900717e-07
52650.056 1.1907539850900836e-07
52700.056 8.366715960950183e-08
52750.056 5.0964727228191e-08
52800.056 7.130539072900997e-08
52850.056 8.511735608068031e-08
52900.056 5.7427612967670065e-08
52950.056 7.674355110500587e-08
53000.056 1.1290656419700271e-07
53050.056 5.668393261378953e-08
53100.056 1.2727991592800215e-07
53150.056 1.4070925222600653e-07
53200.056 5.817218135269391e-08
53250.056 1.2203265099900963e-07
53300.056 1.40425739405142e-07
53350.056 1.2299774395799698e-07
53400.056 9.859690177999585e-08
53450.056 4.468850422809146e-08
53500.056 1.7733180080434168e-08
