galfind/configs/Brown_Dwarf_templates/sonora_bobcat/m0.0/10g/sp_t300g10nc_m0.0_resample.dat
# %ECSV 1.0
# ---
# datatype:
# - {name: wav, unit: Angstrom, datatype: float64}
# - {name: flux_nu, unit: erg / (cm2 Hz s), datatype: float64}
# meta: {C/O: '1.00', Kzz: '1.0000E+05', Teff: '300.', Y: '0.28', '[Fe/H]': '0.00', f_hole: '1.00', f_rain: '0.00', grav: '10.'}
# schema: astropy-2.0
wav flux_nu
4000.0559999999996 nan
4050.0559999999996 6.444676037628728e-20
4100.056 1.707827927860034e-18
4150.056 9.046276908800036e-18
4200.056 9.951401955856003e-18
4250.056 7.089961199300045e-17
4300.056 1.6740353779999949e-16
4350.056 3.254479167800012e-16
4400.056 5.687650257799952e-16
4450.056 9.172382726499915e-16
4500.056 1.5755576722500087e-15
4550.056 1.8859330043230032e-15
4600.056 8.917949989299951e-16
4650.056 6.492937002099953e-16
4700.056 3.85860511420002e-16
4750.056 2.240206953300019e-16
4800.056 1.4810789672999924e-16
4850.056 8.273104781899995e-17
4900.056 5.793149865200014e-17
4950.056 4.7987797761000054e-17
5000.056 3.8749618606999704e-17
5050.056 3.274996858500025e-17
5100.056 4.023199327240131e-17
5150.056 5.133801229600091e-17
5200.056 6.296989949600033e-17
5250.056 7.53045588410001e-17
5300.056 8.985134413200008e-17
5350.056 1.0729475148800026e-16
5400.056 1.2386943300300038e-16
5450.056 1.463543311010035e-16
5500.056 1.7559549724100292e-16
5550.056 2.0956829732000068e-16
5600.056 2.425539104900007e-16
5650.056 2.696438607499988e-16
5700.056 2.653492626139998e-16
5750.056 2.640239792900004e-16
5800.056 2.346911784599986e-16
5850.056 1.5653156492599609e-16
5900.056 3.693446201952588e-17
5950.056 2.816839682108239e-16
6000.056 7.121546774269671e-16
6050.056 1.5056635202200479e-15
6100.056 2.636861635400044e-15
6150.056 4.080816976300031e-15
6200.056 5.970760639400038e-15
6250.056 8.103973255899964e-15
6300.056 1.1377211307099988e-14
6350.056 1.55046129687001e-14
6400.056 2.042297205550004e-14
6450.056 2.169624668434907e-14
6500.056 2.7668431274518353e-14
6550.056 3.772423579862501e-14
6600.056 5.237677977284281e-14
6650.056 7.428228114950096e-14
6700.056 1.027033487740003e-13
6750.056 1.3929450685000112e-13
6800.056 1.691924616600043e-13
6850.056 1.8977843462200089e-13
6900.056 1.5936600371610584e-13
6950.056 1.1643510263059758e-13
7000.056 1.4202508596514885e-13
7050.056 1.441532741217616e-13
7100.056 1.6190985019592738e-13
7150.056 1.1031168310396633e-13
7200.056 7.006837532958391e-14
7250.056 9.604125542409154e-14
7300.056 1.0391949170872514e-13
7350.056 1.5484618365916392e-13
7400.056 2.134339692839723e-13
7450.056 3.2256505724203803e-13
7500.056 4.3122811005199426e-13
7550.056 5.177544234699989e-13
7600.056 5.469219331099982e-13
7650.056 2.2559451036929198e-13
7700.056 1.775927080442052e-13
7750.056 6.712317005100078e-13
7800.056 8.644978350439852e-13
7850.056 1.0738689422389894e-12
7900.056 1.2897745751397195e-12
7950.056 1.3956691335695618e-12
8000.056 1.5523830539890161e-12
8050.056 1.7018276413103946e-12
8100.056 9.50571605877057e-13
8150.056 6.573715038863162e-13
8200.056 1.3121411369004727e-12
8250.056 1.4223627515349467e-12
8300.056 1.531881570921181e-12
8350.056 1.218219365533371e-12
8400.056 1.314545750297944e-12
8450.056 1.981605510750541e-12
8500.056 2.3496726414970417e-12
8550.056 3.0693645456100503e-12
8600.056 3.759901776300003e-12
8650.056 3.991338198400125e-12
8700.056 3.029876424400137e-12
8750.056 2.6994181718300322e-12
8800.056 1.8978165904525595e-12
8850.056 9.255720406894396e-13
8900.056 1.5292345388206833e-14
8950.056 1.554441706980804e-14
9000.056 9.147118447431796e-15
9050.056 6.90341119026359e-14
9100.056 1.224026110422058e-13
9150.056 3.324650740276906e-13
9200.056 1.3699314619211711e-12
9250.056 1.373167158491485e-12
9300.056 1.9879869110293904e-14
9350.056 2.1213061099146676e-14
9400.056 1.4767867947796805e-13
9450.056 1.5050266481758798e-13
9500.056 1.2707118140990757e-13
9550.056 1.4579744003857164e-13
9600.056 1.5670810931237435e-13
9650.056 3.519648304248697e-13
9700.056 1.0995566655533455e-12
9750.056 6.382111834048883e-13
9800.056 4.2877204027915703e-13
9850.056 3.696418497292361e-13
9900.056 4.719753839119627e-13
9950.056 2.887251342132955e-13
10000.056 3.385115658209444e-13
10050.056 2.456847375126184e-13
10100.056 2.536761513774294e-13
10150.056 1.275046993953916e-13
10200.056 4.432110927669484e-14
10250.056 6.364949245864137e-14
10300.056 1.546675564588972e-13
10350.056 8.204784415758134e-14
10400.056 4.672699733972662e-13
10450.056 1.4388493087664947e-12
10500.056 3.801204818976782e-12
10550.056 9.514140145377164e-12
10600.056 1.632074111259043e-11
10650.056 2.0528649317219863e-11
10700.056 1.8437775069592603e-11
10750.056 2.1918435041603648e-11
10800.056 2.185053599632007e-11
10850.056 1.6689145064540797e-11
10900.056 9.092655522001842e-12
10950.056 3.960864280616491e-12
11000.056 2.077179479970707e-12
11050.056 1.0121433425916334e-12
11100.056 3.0873443843525463e-13
11150.056 5.495589882707834e-14
11200.056 1.0173991448393142e-14
11250.056 7.025743939292267e-15
11300.056 4.9075572676628225e-14
11350.056 4.5660958914560555e-15
11400.056 3.747433442955653e-14
11450.056 2.4483651946696983e-14
11500.056 1.5143811129296506e-14
11550.056 1.1130002297050426e-15
11600.056 3.2419554369227405e-16
11650.056 4.889303994634972e-15
11700.056 4.738615866337334e-15
11750.056 4.591820236833924e-16
11800.056 4.929501231075932e-15
11850.056 4.675017559509647e-15
11900.056 3.334488896186934e-15
11950.056 7.328189739891905e-15
12000.056 1.4563849468429223e-14
12050.056 3.041143321958843e-14
12100.056 5.753235982839564e-14
12150.056 8.361840793757391e-14
12200.056 9.671197715026964e-14
12250.056 3.196844961579043e-13
12300.056 8.912969781828081e-13
12350.056 1.2395396672391235e-12
12400.056 3.2890062650471337e-12
12450.056 7.383614467333746e-12
12500.056 9.400506676247922e-12
12550.056 1.3674657423777118e-11
12600.056 3.296988232593616e-11
12650.056 6.542156308633975e-11
12700.056 7.016345421099831e-11
12750.056 2.8493494039749858e-11
12800.056 8.676867823454243e-12
12850.056 3.1552728366005374e-12
12900.056 2.102013603005093e-12
12950.056 1.4937949547916922e-12
13000.056 1.3397632181288443e-12
13050.056 6.588561803434072e-13
13100.056 4.718167262777969e-13
13150.056 2.2012748430745723e-13
13200.056 2.4991600418130896e-13
13250.056 2.848695743978052e-13
13300.056 1.2146548496831938e-13
13350.056 3.5543518605869065e-14
13400.056 2.5344866654392206e-14
13450.056 5.199788349322061e-15
13500.056 1.0422289397016841e-15
13550.056 2.1675686203041035e-16
13600.056 1.138457573349956e-17
13650.056 2.3566829713714933e-16
13700.056 7.475847588098383e-17
13750.056 3.181706676183544e-16
13800.056 1.4633561035967815e-16
13850.056 7.775946016363506e-17
13900.056 3.15873574154337e-16
13950.056 1.4145867475194158e-16
14000.056 2.1211320989828782e-16
14050.056 4.2765121554468497e-16
14100.056 6.589129830246491e-16
14150.056 2.978055687569249e-15
14200.056 1.3520908801477007e-15
14250.056 3.136690043553464e-15
14300.056 8.50324022533298e-15
14350.056 9.594768226022355e-15
14400.056 1.0747849029601467e-14
14450.056 2.3836923763658223e-14
14500.056 6.575154470455325e-14
14550.056 7.824725377896021e-14
14600.056 6.267673097600576e-14
14650.056 1.9960372633147714e-14
14700.056 8.361539664009135e-15
14750.056 1.3294700375312668e-15
14800.056 3.51755447289609e-15
14850.056 4.856862965471059e-15
14900.056 4.306744584860712e-15
14950.056 2.0085508902017055e-15
15000.056 8.084695296971318e-15
15050.056 8.172065556518953e-15
15100.056 2.98318967320515e-15
15150.056 1.1194684189183134e-15
15200.056 6.225908977546454e-15
15250.056 1.6859995447121755e-14
15300.056 2.0851284421470023e-14
15350.056 4.0754869770044203e-14
15400.056 5.5346038652618467e-14
15450.056 7.425988468979882e-14
15500.056 9.674030239648274e-14
15550.056 3.438607564325987e-13
15600.056 4.962804064522665e-13
15650.056 1.4146213278809461e-12
15700.056 3.016765792474679e-12
15750.056 5.77800230645556e-12
15800.056 6.879911966059228e-12
15850.056 1.0766902390862597e-11
15900.056 1.4666127436720913e-11
15950.056 1.9310785620221264e-11
16000.056 1.818339957715967e-11
16050.056 1.0456367669118072e-11
16100.056 5.779460981881941e-12
16150.056 2.428145258365176e-12
16200.056 9.956515202013306e-13
16250.056 4.989750975444141e-13
16300.056 2.0280216184241947e-13
16350.056 2.6484490174351625e-13
16400.056 3.6654688783802345e-13
16450.056 2.2311744631114106e-13
16500.056 1.5454595757631827e-13
16550.056 1.332615334183449e-13
16600.056 4.1469076363886944e-13
16650.056 2.668321189558239e-13
16700.056 2.2527864942447352e-14
16750.056 1.0848337641003603e-13
16800.056 2.1232348627780454e-13
16850.056 2.3724602146657003e-13
16900.056 6.892526037888285e-14
16950.056 2.458390490938173e-14
17000.056 9.242041719393699e-15
17050.056 2.1838912687219237e-14
17100.056 6.450274876564819e-14
17150.056 2.6028829083227533e-14
17200.056 2.3877891381258593e-13
17250.056 6.181497770289647e-14
17300.056 3.631978918311854e-14
17350.056 4.779650569814375e-14
17400.056 1.5043468288142097e-13
17450.056 2.073075160636245e-13
17500.056 3.650317107485584e-13
17550.056 3.3844662673662935e-13
17600.056 2.426144235616772e-13
17650.056 1.8551702824893275e-13
17700.056 1.373132661280203e-13
17750.056 1.6267366066841522e-13
17800.056 8.499203749085573e-13
17850.056 1.7390685475505178e-13
17900.056 1.431536938520139e-13
17950.056 1.1971740109788355e-13
18000.056 1.8625050444158002e-13
18050.056 1.7647196040907401e-13
18100.056 2.5176941032037435e-13
18150.056 1.1204560909548197e-13
18200.056 9.32801604755854e-14
18250.056 4.90339528399244e-13
18300.056 3.939996371766482e-14
18350.056 2.880796644886363e-14
18400.056 1.1249179165935425e-14
18450.056 1.8668600226586358e-13
18500.056 1.5709172887140482e-13
18550.056 6.756961792298037e-14
18600.056 1.849956283003268e-13
18650.056 1.3042036101497994e-13
18700.056 7.199951771134172e-15
18750.056 1.9434322161388383e-14
18800.056 3.58634001629352e-13
18850.056 3.277678141207028e-13
18900.056 3.741115805366016e-13
18950.056 4.723307716557391e-13
19000.056 6.043172749686774e-14
19050.056 2.486071437584136e-14
19100.056 8.777011045685724e-14
19150.056 3.267211902966408e-14
19200.056 6.47322678420326e-14
19250.056 5.1793810576032955e-14
19300.056 2.606467687496658e-14
19350.056 2.5186131680996978e-14
19400.056 2.067539604768537e-14
19450.056 3.8800296805308e-14
19500.056 1.3701264235057777e-14
19550.056 5.236090272387589e-14
19600.056 1.849891610585098e-13
19650.056 1.042887444273919e-13
19700.056 1.2637811542348066e-13
19750.056 2.778690266123255e-13
19800.056 1.3011484040083118e-13
19850.056 1.6132375661212581e-13
19900.056 2.8643358792005657e-13
19950.056 3.870705470664187e-13
20000.056 5.317810721154625e-13
20050.056 3.5334022416605454e-13
20100.056 6.376247766045607e-13
20150.056 3.3105942670607433e-13
20200.056 1.9389168456486926e-13
20250.056 5.715779620258297e-13
20300.056 7.744341087620631e-13
20350.056 9.910860768655804e-13
20400.056 7.11734695913691e-13
20450.056 1.3209992948786176e-12
20500.056 1.7291802316329536e-12
20550.056 2.0704326772066134e-12
20600.056 2.2338089021306088e-12
20650.056 3.0023452990630254e-12
20700.056 3.3126280855504943e-12
20750.056 4.007350805344652e-12
20800.056 3.5529679003201197e-12
20850.056 4.375109440788812e-12
20900.056 4.900424015947743e-12
20950.056 4.5041806405230364e-12
21000.056 4.452062893917724e-12
21050.056 4.9495067791990395e-12
21100.056 4.6713226749237575e-12
21150.056 4.743106216330114e-12
21200.056 4.379990797818293e-12
21250.056 4.241418791730244e-12
21300.056 3.6354873519947828e-12
21350.056 3.692495895787605e-12
21400.056 3.801934007912588e-12
21450.056 2.8081084280304846e-12
21500.056 2.465746520721484e-12
21550.056 2.5126942385632376e-12
21600.056 1.9531258712574635e-12
21650.056 1.3408529669911355e-12
21700.056 9.118094583782798e-13
21750.056 1.2637142103431333e-12
21800.056 8.190497660660529e-13
21850.056 8.478075997117237e-13
21900.056 5.82327120153135e-13
21950.056 1.2203993310933547e-13
22000.056 8.254556327496922e-15
22050.056 2.3951196981197412e-14
22100.056 1.281170026273387e-13
22150.056 8.254576149800596e-14
22200.056 7.278158794961687e-14
22250.056 5.574882620862601e-14
22300.056 1.8524113125956708e-14
22350.056 3.5241747718181105e-14
22400.056 9.064093964621132e-15
22450.056 1.555756918679517e-14
22500.056 1.2119046236559711e-14
22550.056 3.828761762310637e-15
22600.056 2.88660221984221e-15
22650.056 6.7214100856650355e-15
22700.056 6.370437323317741e-15
22750.056 1.1444549612812902e-14
22800.056 1.2443157039609297e-14
22850.056 7.849775629557782e-15
22900.056 5.463625111897634e-15
22950.056 2.5309300489689228e-15
23000.056 5.5378904947888216e-15
23050.056 4.6338601883549346e-15
23100.056 6.07720936055099e-14
23150.056 8.331080216331685e-14
23200.056 1.1443474944865111e-15
23250.056 8.442528911153992e-15
23300.056 6.884416076407164e-15
23350.056 1.6968773631888127e-14
23400.056 1.1548661406312965e-14
23450.056 4.05482730140745e-15
23500.056 3.836474978588823e-15
23550.056 1.232830809603355e-14
23600.056 4.290485637771275e-14
23650.056 6.057818933907956e-14
23700.056 5.8761108742024346e-15
23750.056 6.405676389493328e-15
23800.056 5.75333919214891e-14
23850.056 3.0977466985942435e-14
23900.056 8.213925902494703e-14
23950.056 2.742518417769122e-14
24000.056 1.0818979771534548e-13
24050.056 1.4761210059672126e-13
24100.056 2.5431432793672945e-13
24150.056 3.6509034093123763e-13
24200.056 1.8161408761263324e-13
24250.056 1.3748896202614396e-13
24300.056 2.834096669626791e-13
24350.056 2.627875756466278e-13
24400.056 8.526971735085544e-13
24450.056 1.1157277712614765e-12
24500.056 9.626175540737783e-13
24550.056 1.625760111558455e-12
24600.056 1.8496359207725976e-12
24650.056 3.3938911035869868e-12
24700.056 1.948145475111971e-12
24750.056 2.9827313409484753e-12
24800.056 2.4696860717890936e-12
24850.056 4.264397424187825e-12
24900.056 2.3788636887530077e-12
24950.056 3.9958055054778674e-12
25000.056 5.304207982533102e-12
25050.056 3.7140940355622715e-12
25100.056 5.368589089136818e-12
25150.056 2.089854631687784e-12
25200.056 3.599525118318477e-12
25250.056 1.3935572595037469e-12
25300.056 1.3729045109424196e-12
25350.056 7.011994336020119e-13
25400.056 1.8192299292215494e-12
25450.056 3.5191067876209326e-13
25500.056 2.8122134039156927e-13
25550.056 8.290221349428584e-13
25600.056 2.369237198191121e-13
25650.056 1.0371938893105291e-13
25700.056 6.317009202565136e-14
25750.056 1.6325083479655432e-14
25800.056 1.1901724730019412e-13
25850.056 1.1470626638905422e-14
25900.056 1.529127456254722e-14
25950.056 2.6302694455352853e-15
26000.056 6.951961361333002e-14
26050.056 3.857048617139742e-15
26100.056 2.347623121248813e-14
26150.056 6.651613388242439e-15
26200.056 1.084089742961123e-14
26250.056 1.434284977544018e-13
26300.056 1.2855666753112156e-14
26350.056 4.984729629001191e-13
26400.056 1.387279605928566e-12
26450.056 6.769307147370637e-13
26500.056 2.507743157058247e-12
26550.056 7.061087748712189e-14
26600.056 6.67488827083177e-14
26650.056 6.1535391784766855e-15
26700.056 4.406773134860048e-15
26750.056 1.1050026254892482e-14
26800.056 6.470682188323143e-14
26850.056 3.321262112007815e-14
26900.056 2.431624624889344e-13
26950.056 4.239898581745975e-14
27000.056 3.55920463706573e-13
27050.056 7.30341843708543e-13
27100.056 1.5190007819374198e-14
27150.056 5.086677234245067e-13
27200.056 1.7319276640669942e-14
27250.056 1.2841420004920663e-13
27300.056 2.3530345477960216e-12
27350.056 4.5177836745582886e-13
27400.056 1.3165359787684723e-14
27450.056 8.655272350083149e-13
27500.056 1.0638403882121456e-12
27550.056 1.0347942411885914e-13
27600.056 4.553728701936579e-13
27650.056 7.671986708838645e-14
27700.056 9.625574201391169e-14
27750.056 1.0168916474092478e-12
27800.056 2.1364202647547655e-13
27850.056 5.803599074664325e-13
27900.056 6.190664412376875e-13
27950.056 1.7431869494351292e-12
28000.056 2.4403481524365158e-12
28050.056 1.0877384389812565e-13
28100.056 2.1137223773348548e-12
28150.056 1.6603450361086483e-12
28200.056 2.265069378678364e-13
28250.056 3.123348666757354e-12
28300.056 2.6254434449045106e-12
28350.056 3.058590414451686e-13
28400.056 1.4817488020255833e-12
28450.056 3.4275973657791953e-12
28500.056 1.4748832011273703e-12
28550.056 2.664416337937053e-13
28600.056 3.2026861296407475e-12
28650.056 1.4530980112516294e-12
28700.056 3.901820234674263e-12
28750.056 5.208030823129023e-12
28800.056 1.1694361093171638e-12
