galfind/configs/Brown_Dwarf_templates/sonora_bobcat/m0.0/10g/sp_t1400g10nc_m0.0_resample.dat
# %ECSV 1.0
# ---
# datatype:
# - {name: wav, unit: Angstrom, datatype: float64}
# - {name: flux_nu, unit: erg / (cm2 Hz s), datatype: float64}
# meta: {C/O: '1.00', Kzz: '1.0000E+05', Teff: '1400.', Y: '0.28', '[Fe/H]': '0.00', f_hole: '1.00', f_rain: '0.00', grav: '10.'}
# schema: astropy-2.0
wav flux_nu
[from data line 499]
28950.056 5.723025874019953e-07
29000.056 4.676384878958643e-07
29050.056 4.788806956288651e-07
29100.056 4.024220410050466e-07
29150.056 5.222094723011698e-07
29200.056 4.626177870351863e-07
29250.056 5.569728998950234e-07
29300.056 4.361873843457159e-07
29350.056 6.391634643457985e-07
29400.056 4.876980910818568e-07
29450.056 5.225348641979768e-07
29500.056 5.449598535989451e-07
29550.056 5.190086920140281e-07
29600.056 5.594257619169166e-07
29650.056 5.471866304309504e-07
29700.056 4.639037976318574e-07
29750.056 6.111994255564242e-07
29800.056 6.10470271879993e-07
29850.056 6.016554467299234e-07
29900.056 5.415606322301409e-07
29950.056 6.262478521359191e-07
30000.056 6.251564822348996e-07
30050.056 5.85508277379882e-07
30100.056 4.851406820078506e-07
30150.056 7.355416478699178e-07
30200.056 6.193884156350585e-07
30250.056 6.614268119702656e-07
30300.056 6.577075379099168e-07
30350.056 5.649339752300639e-07
30400.056 7.153271994501408e-07
30450.056 5.706879554000444e-07
30500.056 5.028784118601113e-07
30550.056 6.773302416001912e-07
30600.056 6.741469200900993e-07
30650.056 6.576481244199432e-07
30700.056 6.17798436248019e-07
30750.056 5.764576525300299e-07
30800.056 6.419288925091264e-07
30850.056 5.319155967999207e-07
30900.056 5.639594124269412e-07
30950.056 5.135617052340862e-07
31000.056 5.335469674699516e-07
31050.056 4.969223449899903e-07
31100.056 4.729243785899587e-07
31150.056 5.37645635479891e-07
31200.056 5.457987000699758e-07
31250.056 5.144492264599959e-07
31300.056 4.805704805149208e-07
31350.056 4.544238521079849e-07
31400.056 4.232458610451201e-07
31450.056 4.136737211919778e-07
31500.056 4.398698795159675e-07
31550.056 4.092482997520253e-07
31600.056 3.910366445949466e-07
31650.056 3.8264853010898176e-07
31700.056 3.826634772299682e-07
31750.056 3.435377440901146e-07
31800.056 4.098877723699789e-07
31850.056 3.886144757370445e-07
31900.056 4.4189439330997763e-07
31950.056 3.053436603159944e-07
32000.056 3.7845608450499225e-07
32050.056 4.420825684390207e-07
32100.056 4.1453446835101035e-07
32150.056 4.5102644490996877e-07
32200.056 4.1419754807898406e-07
32250.056 4.7381831191008e-07
32300.056 4.286158558439881e-07
32350.056 5.120504601500179e-07
32400.056 3.984235475199861e-07
32450.056 4.796062322998453e-07
32500.056 5.12873633211143e-07
32550.056 5.550171113300167e-07
32600.056 5.71280778207968e-07
32650.056 6.258450056001064e-07
32700.056 5.913995095800898e-07
32750.056 6.07923127199989e-07
32800.056 5.977117528290014e-07
32850.056 6.626172460998388e-07
32900.056 7.177275679399387e-07
32950.056 6.072160057498879e-07
33000.056 6.198502630629582e-07
33050.056 5.863433059401174e-07
33100.056 4.895921317699078e-07
33150.056 3.599021046080167e-07
33200.056 2.4310364968593824e-07
33250.056 1.8930132718992253e-07
33300.056 1.677926187320235e-07
33350.056 1.9227010864000532e-07
33400.056 2.0655913698996878e-07
33450.056 2.3854001618998803e-07
33500.056 3.041580540500834e-07
33550.056 3.3860337040004585e-07
33600.056 4.179450140300485e-07
33650.056 4.927228135201021e-07
33700.056 5.066505991398999e-07
33750.056 6.345259526899735e-07
33800.056 6.225168770598783e-07
33850.056 6.528367389699388e-07
33900.056 6.509673421898617e-07
33950.056 5.751914874999449e-07
34000.056 6.213259672598392e-07
34050.056 5.98497614659819e-07
34100.056 7.088200442299718e-07
34150.056 6.394876087498463e-07
34200.056 5.336984922697442e-07
34250.056 6.644765303098299e-07
34300.056 5.709518494895164e-07
34350.056 5.068729813699808e-07
34400.056 5.106552345900044e-07
34450.056 5.954861703499384e-07
34500.056 5.725392399200057e-07
34550.056 5.287819711300169e-07
34600.056 6.473845658800564e-07
34650.056 6.338238814099457e-07
34700.056 5.843782276498591e-07
34750.056 6.524308891001083e-07
34800.056 6.724577503196901e-07
34850.056 5.720610172200093e-07
34900.056 6.913791746201084e-07
34950.056 5.954213092898201e-07
35000.056 7.187894600399895e-07
35050.056 6.817349269499026e-07
35100.056 6.229007778997784e-07
35150.056 7.132436170800377e-07
35200.056 7.135462812300915e-07
35250.056 7.038925961398983e-07
35300.056 7.061697211900666e-07
35350.056 6.914952290098861e-07
35400.056 6.907492410601084e-07
35450.056 5.612845130603752e-07
35500.056 7.859822444499619e-07
35550.056 7.319097233799728e-07
35600.056 6.628243855600763e-07
35650.056 8.428408235500758e-07
35700.056 6.773738114201788e-07
35750.056 7.938320418397124e-07
35800.056 9.358555242899374e-07
35850.056 7.71244935219887e-07
35900.056 9.89725611829785e-07
35950.056 8.907637943601264e-07
36000.056 8.244812574199141e-07
36050.056 9.8638422801009e-07
36100.056 9.86948956339378e-07
36150.056 9.29578842480084e-07
36200.056 1.0823797694698282e-06
36250.056 9.407543413597909e-07
36300.056 1.165202221810341e-06
36350.056 1.0729268728199726e-06
36400.056 1.0138910013400458e-06
36450.056 1.182838496339889e-06
36500.056 1.1184016455300166e-06
36550.056 1.1080636774703632e-06
36600.056 1.2006261947800514e-06
36650.056 1.2417392993199278e-06
36700.056 1.2882684881600217e-06
36750.056 1.2824381042101766e-06
36800.056 1.2916385228399283e-06
36850.056 1.2853506045702073e-06
36900.056 1.3349634368802797e-06
36950.056 1.3975005911898752e-06
37000.056 1.458525523819929e-06
37050.056 1.3809110120399216e-06
37100.056 1.4641571873603e-06
37150.056 1.4531727539997336e-06
37200.056 1.4896087887101473e-06
37250.056 1.5608815742500454e-06
37300.056 1.4823021045600012e-06
37350.056 1.4046978786502598e-06
37400.056 1.5288275807797599e-06
37450.056 1.5220538639401914e-06
37500.056 1.5222691216398154e-06
37550.056 1.55571296675977e-06
37600.056 1.6600483015997433e-06
37650.056 1.553747224029865e-06
37700.056 1.613733627970032e-06
37750.056 1.6616903291599523e-06
37800.056 1.7320159178001428e-06
37850.056 1.5789240352699364e-06
37900.056 1.655830455420106e-06
37950.056 1.672872604839916e-06
38000.056 1.6835528417701753e-06
38050.056 1.7306923606000225e-06
38100.056 1.6196107592002304e-06
38150.056 1.8725010148997855e-06
38200.056 1.9596235327398346e-06
38250.056 1.6565240723903177e-06
38300.056 1.672065107729936e-06
38350.056 1.8041237304697673e-06
38400.056 1.7770492380297145e-06
38450.056 1.9159343291001198e-06
38500.056 1.8018747523799211e-06
38550.056 1.8469282846699926e-06
38600.056 2.023765628329776e-06
38650.056 1.7756512193000523e-06
38700.056 1.8675188927903762e-06
38750.056 1.84110082844005e-06
38800.056 1.8817507377000018e-06
38850.056 1.7954759021902299e-06
38900.056 1.7998792204198426e-06
38950.056 1.9711629244198506e-06
39000.056 1.8419998305100503e-06
39050.056 1.9417251029098745e-06
39100.056 1.8003078699101424e-06
39150.056 1.855229786480003e-06
39200.056 2.004155585340177e-06
39250.056 1.9914374208994714e-06
39300.056 1.9264425850994308e-06
39350.056 1.94620307388016e-06
39400.056 1.9197587898999998e-06
39450.056 1.9136328515598384e-06
39500.056 1.880935922739855e-06
39550.056 1.8506254667798708e-06
39600.056 2.05980335299988e-06
39650.056 1.7929435377299106e-06
39700.056 1.9015501721998348e-06
39750.056 1.8415803510497537e-06
39800.056 1.774415545859973e-06
39850.056 1.8300373826898161e-06
39900.056 1.8441847284402315e-06
39950.056 1.93823770069987e-06
40000.056 1.7008770010799669e-06
40050.056 1.6869784559999887e-06
40100.056 1.8407448573999332e-06
40150.056 1.6843101037696912e-06
40200.056 1.7020008017597498e-06
40250.056 1.7121067624594921e-06
40300.056 1.6004109711701224e-06
40350.056 1.7971817716003017e-06
40400.056 1.7262941749800236e-06
40450.056 1.7116724431003107e-06
40500.056 1.534932208170279e-06
40550.056 1.8138943312799037e-06
40600.056 1.5662131157702945e-06
40650.056 1.5602615556399413e-06
40700.056 1.7093143323701328e-06
40750.056 1.5144446423793028e-06
40800.056 1.4779879440602532e-06
40850.056 1.4565594060503433e-06
40900.056 1.4569777494102094e-06
40950.056 1.5611645423499513e-06
41000.056 1.54203285189002e-06
41050.056 1.5118012843597288e-06
41100.056 1.4866521818400853e-06
41150.056 1.4992038481100852e-06
41200.056 1.4431085693099965e-06
41250.056 1.4810543961901274e-06
41300.056 1.2698544725797065e-06
41350.056 1.52526653582005e-06
41400.056 1.4352823274002485e-06
41450.056 1.4213995825103323e-06
41500.056 1.4679497384900263e-06
41550.056 1.3917135367399685e-06
41600.056 1.5117877041400014e-06
41650.056 1.3552538491703391e-06
41700.056 1.274893180729807e-06
41750.056 1.2940761127398443e-06
41800.056 1.3076474087997012e-06
41850.056 1.1488605171402536e-06
41900.056 1.3258739295499671e-06
41950.056 1.0599220532703643e-06
42000.056 1.195035337440144e-06
42050.056 1.0441105279496127e-06
42100.056 1.2725617908602378e-06
42150.056 9.026254964396184e-07
42200.056 9.94094051019962e-07
42250.056 1.025768486180149e-06
42300.056 8.337520518900418e-07
42350.056 1.049305794650314e-06
42400.056 8.63550126150237e-07
42450.056 7.230730247401978e-07
42500.056 7.976946538502171e-07
42550.056 7.943896517400921e-07
42600.056 8.097111753103173e-07
42650.056 6.74006938049432e-07
42700.056 7.937058041503114e-07
42750.056 7.217009557900277e-07
42800.056 6.787205264602982e-07
42850.056 7.239261967697815e-07
42900.056 7.099809763000254e-07
42950.056 6.616944094396119e-07
43000.056 6.538658534700846e-07
43050.056 6.172103795003076e-07
43100.056 7.006207551901748e-07
43150.056 6.574787990001557e-07
43200.056 6.955910226001379e-07
43250.056 6.625670445798871e-07
43300.056 6.745072534900635e-07
43350.056 6.374535867699901e-07
43400.056 6.581019063999712e-07
43450.056 6.766465764902709e-07
43500.056 6.397685274699071e-07
43550.056 6.957489706999978e-07
43600.056 6.815735514700707e-07
43650.056 6.025483494600597e-07
43700.056 6.199002155298003e-07
43750.056 6.390129405001273e-07
43800.056 5.721677235601351e-07
43850.056 6.153545897301771e-07
43900.056 6.41651018429993e-07
43950.056 5.967891788502213e-07
44000.056 5.91266008620128e-07
44050.056 6.045495638701002e-07
44100.056 6.119041102000895e-07
44150.056 6.215893947998208e-07
44200.056 5.862705851399324e-07
44250.056 6.005475747800324e-07
44300.056 5.868008349900363e-07
44350.056 5.649805833700178e-07
44400.056 6.061317780999806e-07
44450.056 6.101691751699717e-07
44500.056 6.422472602700209e-07
44550.056 5.803711320598876e-07
44600.056 6.129736458500566e-07
44650.056 6.228560443600912e-07
44700.056 5.943932026000539e-07
44750.056 6.232702021899351e-07
44800.056 6.606524544899653e-07
44850.056 6.302051308500709e-07
44900.056 6.02428206270072e-07
44950.056 5.755286603299766e-07
45000.056 6.372722984499476e-07
45050.056 6.284661339399454e-07
45100.056 6.492056183699574e-07
45150.056 6.179501460999628e-07
45200.056 5.783170537600213e-07
45250.056 5.883845845499331e-07
45300.056 6.283225267200356e-07
45350.056 6.559846293199753e-07
45400.056 6.337737966200695e-07
45450.056 5.787075779299227e-07
45500.056 5.933802445299863e-07
45550.056 6.478482015599575e-07
45600.056 6.028576792399723e-07
45650.056 5.554829364898961e-07
45700.056 6.625341265200314e-07
45750.056 5.960434078199891e-07
45800.056 5.874425340099793e-07
45850.056 6.846544223499621e-07
45900.056 6.962941739400476e-07
45950.056 5.973288046700053e-07
46000.056 7.035624609300167e-07
46050.056 6.829177280000787e-07
46100.056 5.841590936900768e-07
46150.056 6.520169789299917e-07
46200.056 6.883599580201203e-07
46250.056 5.722172211199873e-07
46300.056 7.293198275399728e-07
46350.056 6.10319980489936e-07
46400.056 6.239582409299293e-07
46450.056 6.622558437301015e-07
46500.056 6.053085674199387e-07
46550.056 7.504387293999721e-07
46600.056 6.839932653100388e-07
46650.056 8.80859901409869e-07
46700.056 8.071617788602414e-07
46750.056 6.399290450499108e-07
46800.056 7.121698899001151e-07
46850.056 7.586574036500785e-07
46900.056 7.15871451459865e-07
46950.056 7.893479673000483e-07
47000.056 6.691978030399966e-07
47050.056 8.01114106489826e-07
47100.056 6.286410387500725e-07
47150.056 6.87284605050087e-07
47200.056 7.362862362601527e-07
47250.056 6.451873029299369e-07
47300.056 6.784117505198219e-07
47350.056 5.890588059898772e-07
47400.056 7.41610357729869e-07
47450.056 6.364752438199763e-07
47500.056 7.244228835998709e-07
47550.056 6.451341660599405e-07
47600.056 7.355693573699691e-07
47650.056 5.3850079053985e-07
47700.056 7.573021142800475e-07
47750.056 5.244253778001205e-07
47800.056 7.503773556099091e-07
47850.056 5.790495017298768e-07
47900.056 7.391117114500398e-07
47950.056 5.439120989801013e-07
48000.056 8.279071075500088e-07
48050.056 6.151031825700928e-07
48100.056 6.89456320449992e-07
48150.056 6.381219384800915e-07
48200.056 7.441655496701115e-07
48250.056 6.241311643499772e-07
48300.056 8.156082116398282e-07
48350.056 5.705296078099801e-07
48400.056 7.414921910600022e-07
48450.056 6.115705633500298e-07
48500.056 8.344213618100355e-07
48550.056 5.877930063500322e-07
48600.056 7.511003381599425e-07
48650.056 6.065822822599641e-07
48700.056 7.295039793300451e-07
48750.056 5.501541373300535e-07
48800.056 8.54470291060043e-07
48850.056 6.017723749299007e-07
48900.056 7.6014594824007e-07
48950.056 7.11444403450028e-07
49000.056 6.905993838698945e-07
49050.056 7.331398633799892e-07
49100.056 6.704548722700718e-07
49150.056 7.263487240300204e-07
49200.056 6.855280535299839e-07
49250.056 7.217477040600236e-07
49300.056 6.197130624999567e-07
49350.056 6.672290063800004e-07
49400.056 7.909753913800744e-07
49450.056 6.681432657701511e-07
49500.056 7.157123957700273e-07
49550.056 6.149701515100175e-07
49600.056 6.889862049601948e-07
49650.056 7.168924754100231e-07
49700.056 6.174778996399392e-07
49750.056 8.918503693698598e-07
49800.056 6.82707509280049e-07
49850.056 8.82210271220049e-07
49900.056 6.822860695500604e-07
49950.056 7.626731842597987e-07
50000.056 7.331122423598493e-07
50050.056 7.419991849500663e-07
50100.056 7.832718620599563e-07
50150.056 6.612836462100448e-07
50200.056 6.196756159400693e-07
50250.056 7.349085854900154e-07
50300.056 6.949354606599531e-07
50350.056 8.077433434500304e-07
50400.056 7.084776253999997e-07
50450.056 7.024397422001221e-07
50500.056 8.894518797301629e-07
50550.056 7.390340934299631e-07
50600.056 7.925420331400313e-07
50650.056 7.571725356001825e-07
50700.056 8.231491587697411e-07
50750.056 8.417099684601144e-07
50800.056 6.397465139899402e-07
50850.056 7.424507082301696e-07
50900.056 8.13304918339969e-07
50950.056 8.199504462601409e-07
51000.056 9.372869391400713e-07
51050.056 6.884420593300931e-07
51100.056 6.844420540599275e-07
51150.056 7.970031786499197e-07
51200.056 7.87924575299947e-07
51250.056 8.341008901299115e-07
51300.056 7.040804531302782e-07
51350.056 7.734628165498055e-07
51400.056 7.082500063498254e-07
51450.056 5.565235440398847e-07
51500.056 7.336370119499839e-07
51550.056 9.658056707400745e-07
51600.056 6.535953407200736e-07
51650.056 7.566642370398928e-07
51700.056 7.123631202897926e-07
51750.056 6.823909340800793e-07
51800.056 8.154354247398183e-07
51850.056 8.242208921999315e-07
51900.056 8.634428525102159e-07
51950.056 8.02106340979943e-07
52000.056 6.709140831999509e-07
52050.056 7.680521049999829e-07
52100.056 7.154816081798474e-07
52150.056 7.288502658700421e-07
52200.056 6.990701198500236e-07
52250.056 7.470895724200073e-07
52300.056 8.129877472900025e-07
52350.056 8.837409520401359e-07
52400.056 6.457901295401043e-07
52450.056 7.648580492699719e-07
52500.056 8.451535990798473e-07
52550.056 7.824442647397224e-07
52600.056 7.881475056301478e-07
52650.056 8.9631208390015e-07
52700.056 7.694301483900012e-07
52750.056 6.24973474539917e-07
52800.056 7.122598203100787e-07
52850.056 6.749308046798919e-07
52900.056 7.406927840900733e-07
52950.056 7.491771253798829e-07
53000.056 8.47825205119924e-07
53050.056 7.18646934069859e-07
53100.056 6.669588326697849e-07
53150.056 8.87533519070156e-07
53200.056 6.157686792900784e-07
53250.056 8.990142241599716e-07
53300.056 8.652602813703927e-07
53350.056 8.381979468799075e-07
53400.056 7.921949085600971e-07
53450.056 6.793662076200306e-07
53500.056 5.976246744798734e-07
53550.056 7.456596554698962e-07
53600.056 8.248277128201657e-07
53650.056 6.701544439301192e-07
53700.056 6.994529189101854e-07
53750.056 7.659743942500185e-07
53800.056 7.62984575240132e-07
