galfind/configs/Brown_Dwarf_templates/sonora_bobcat/m0.0/10g/sp_t800g10nc_m0.0_resample.dat
# %ECSV 1.0
# ---
# datatype:
# - {name: wav, unit: Angstrom, datatype: float64}
# - {name: flux_nu, unit: erg / (cm2 Hz s), datatype: float64}
# meta: {C/O: '1.00', Kzz: '1.0000E+05', Teff: '800.', Y: '0.28', '[Fe/H]': '0.00', f_hole: '1.00', f_rain: '0.00', grav: '10.'}
# schema: astropy-2.0
wav flux_nu
4000.0559999999996 nan
4050.0559999999996 5.190735588860964e-14
4100.056 3.243992134849868e-12
4150.056 9.906163569500805e-12
4200.056 8.261947858745033e-12
4250.056 1.8052916835403426e-11
4300.056 2.3087523791802146e-11
4350.056 2.6372605806801622e-11
4400.056 3.264191135050221e-11
4450.056 3.723586207099997e-11
4500.056 3.885500370600238e-11
4550.056 4.625745867883109e-11
4600.056 5.2467632302192566e-11
4650.056 4.7562270746995236e-11
4700.056 4.593066904100082e-11
4750.056 2.5093646978000307e-11
4800.056 7.156512621599794e-12
4850.056 1.6583042219099749e-12
4900.056 6.235915200199958e-13
4950.056 2.6734783417999775e-13
5000.056 9.268871133099896e-14
5050.056 3.6780763717999995e-14
5100.056 3.0097697251000044e-14
5150.056 2.7022492287999943e-14
5200.056 2.4552766201e-14
5250.056 2.2318080698999962e-14
5300.056 2.0613949566999994e-14
5350.056 1.9561639931999996e-14
5400.056 1.9015279964999935e-14
5450.056 1.8682226269999922e-14
5500.056 1.8427917411000043e-14
5550.056 1.824533555200001e-14
5600.056 1.8043476336999956e-14
5650.056 1.7618679318000026e-14
5700.056 1.6887043786000016e-14
5750.056 1.520696541399996e-14
5800.056 1.2422838966999969e-14
5850.056 7.823163655099904e-15
5900.056 2.1516471894727813e-15
5950.056 1.6441475576300318e-14
6000.056 3.8518491498000035e-14
6050.056 7.341033581600075e-14
6100.056 1.2661978030900076e-13
6150.056 2.089328101900013e-13
6200.056 3.3829096072000215e-13
6250.056 5.403831052800021e-13
6300.056 8.58786728490006e-13
6350.056 1.3536517022000118e-12
6400.056 2.1153872270000132e-12
6450.056 3.2234116535999414e-12
6500.056 4.9536544823999935e-12
6550.056 7.524660284500025e-12
6600.056 1.1343962317500225e-11
6650.056 1.6831337650500134e-11
6700.056 2.0954306744147166e-11
6750.056 3.425854091400018e-11
6800.056 4.533038701400023e-11
6850.056 5.278857846100011e-11
6900.056 5.168443414900114e-11
6950.056 4.72071416351995e-11
7000.056 4.875518419800093e-11
7050.056 5.336757855099897e-11
7100.056 5.911357722799956e-11
7150.056 5.903343502134869e-11
7200.056 5.753137185293131e-11
7250.056 5.580583864725532e-11
7300.056 5.119765722600507e-11
7350.056 4.616075272696836e-11
7400.056 4.1385346941001564e-11
7450.056 3.559472713800091e-11
7500.056 2.937741116999972e-11
7550.056 2.2631475798999834e-11
7600.056 1.643980928099986e-11
7650.056 3.643149680612396e-12
7700.056 1.9885603937111304e-12
7750.056 1.484537987890035e-11
7800.056 2.853527389238043e-11
7850.056 5.899262040099998e-11
7900.056 9.510150836199965e-11
7950.056 1.178598971131616e-10
8000.056 2.1450441276000367e-10
8050.056 2.988148405200119e-10
8100.056 3.7539422827190974e-10
8150.056 4.843225286682188e-10
8200.056 6.547399369705409e-10
8250.056 8.166601929361094e-10
8300.056 1.0299353593230075e-09
8350.056 1.2377804655034345e-09
8400.056 1.5078560718077349e-09
8450.056 1.8836983484438684e-09
8500.056 2.0659712129762735e-09
8550.056 2.7144150897700228e-09
8600.056 3.435010717900026e-09
8650.056 4.064729259600114e-09
8700.056 4.723958658899882e-09
8750.056 5.5104566586000895e-09
8800.056 6.2482958648002215e-09
8850.056 6.498721630199731e-09
8900.056 4.385800936435606e-09
8950.056 4.5687616266877156e-09
9000.056 4.814991161181966e-09
9050.056 8.428326268812144e-09
9100.056 9.938236379387028e-09
9150.056 1.0370024210059293e-08
9200.056 1.2854650179007222e-08
9250.056 1.307486462233247e-08
9300.056 6.420117425552233e-09
9350.056 7.203037026486072e-09
9400.056 8.985141484274317e-09
9450.056 1.15458480944435e-08
9500.056 1.1314538189435131e-08
9550.056 1.3254338474924266e-08
9600.056 1.2765923081714346e-08
9650.056 1.4763941841774967e-08
9700.056 1.671888307526906e-08
9750.056 1.6984464851353924e-08
9800.056 1.8407339382118168e-08
9850.056 2.0913824264557752e-08
9900.056 2.463095370559651e-08
9950.056 2.4642383139875808e-08
10000.056 2.4688398699470815e-08
10050.056 3.0380186216201915e-08
10100.056 3.77300903601885e-08
10150.056 4.452483562768981e-08
10200.056 5.330851371959677e-08
10250.056 6.039206036199942e-08
10300.056 6.985127860100214e-08
10350.056 8.298154699499668e-08
10400.056 9.678577523199364e-08
10450.056 1.0483207817199189e-07
10500.056 1.095571449380061e-07
10550.056 1.1589582482201043e-07
10600.056 1.2240770545699247e-07
10650.056 1.3352513559330188e-07
10700.056 1.3808287630145996e-07
10750.056 1.4746105868942725e-07
10800.056 1.519562609078951e-07
10850.056 1.4552110528412223e-07
10900.056 1.0401899816474686e-07
10950.056 5.5027733022218084e-08
11000.056 4.928829035629637e-08
11050.056 4.052324656507428e-08
11100.056 3.0296925358840667e-08
11150.056 1.9027219525357603e-08
11200.056 1.5157119448416188e-08
11250.056 1.728443223190247e-08
11300.056 2.038973481992777e-08
11350.056 9.874252481259294e-09
11400.056 1.496865924985684e-08
11450.056 1.3753636577166174e-08
11500.056 1.04855141427312e-08
11550.056 3.827296642325246e-09
11600.056 4.954578087423405e-09
11650.056 9.542001462230314e-09
11700.056 8.80698606071881e-09
11750.056 2.188940938881655e-09
11800.056 9.833900309416353e-09
11850.056 1.654274834605906e-08
11900.056 1.8723562753629806e-08
11950.056 2.8292724994432478e-08
12000.056 3.9525652500052446e-08
12050.056 5.456249234638834e-08
12100.056 7.105042998138182e-08
12150.056 9.194061525101972e-08
12200.056 1.1136942969807505e-07
12250.056 1.3199542990475002e-07
12300.056 1.55807386675673e-07
12350.056 1.6599528104408654e-07
12400.056 1.9210454045120147e-07
12450.056 2.0129093609442954e-07
12500.056 2.2078668680749658e-07
12550.056 2.3974333871733387e-07
12600.056 2.734105702342104e-07
12650.056 2.688314749461902e-07
12700.056 2.794405426640795e-07
12750.056 2.731833763602063e-07
12800.056 2.7376986543801644e-07
12850.056 2.3975843780744985e-07
12900.056 2.0706385705301298e-07
12950.056 2.0604129846560118e-07
13000.056 1.7720309560068334e-07
13050.056 1.5389439278424174e-07
13100.056 1.3539694218263664e-07
13150.056 1.0914001346178131e-07
13200.056 9.134933605486801e-08
13250.056 6.912838162723884e-08
13300.056 3.104860371711339e-08
13350.056 1.0230693467501489e-08
13400.056 8.66333961017077e-09
13450.056 4.743286823061334e-09
13500.056 3.34838001050852e-09
13550.056 2.2598481751337643e-09
13600.056 7.784579167119566e-10
13650.056 2.055298378052637e-09
13700.056 1.8553553900580106e-09
13750.056 1.3730135130670156e-09
13800.056 1.3094442087317097e-09
13850.056 1.098682931851598e-09
13900.056 1.1742703103093826e-09
13950.056 9.275854361174553e-10
14000.056 9.821961775224447e-10
14050.056 1.2955622087074775e-09
14100.056 1.554979977770673e-09
14150.056 2.250821802386778e-09
14200.056 1.8827480315502267e-09
14250.056 2.40520141738645e-09
14300.056 3.6084973892689873e-09
14350.056 4.075666768323908e-09
14400.056 5.1683983481674905e-09
14450.056 5.806437424656164e-09
14500.056 9.862961718792964e-09
14550.056 1.190866072220038e-08
14600.056 1.480044183260186e-08
14650.056 1.564071324717769e-08
14700.056 1.3765127205886843e-08
14750.056 1.6040326910267697e-08
14800.056 2.1106233305709413e-08
14850.056 2.3860695353896996e-08
14900.056 2.62802102241744e-08
14950.056 2.8744773788941552e-08
15000.056 3.425904010812539e-08
15050.056 3.732125196024821e-08
15100.056 4.04516586432817e-08
15150.056 4.591001185021059e-08
15200.056 4.8966522005382144e-08
15250.056 5.909839525248863e-08
15300.056 6.683181850200042e-08
15350.056 7.31693944923465e-08
15400.056 8.390903929693833e-08
15450.056 9.279485063879302e-08
15500.056 9.648205289648827e-08
15550.056 1.076383393883057e-07
15600.056 1.0665927990516198e-07
15650.056 1.1710559932360831e-07
15700.056 1.3671213645326983e-07
15750.056 1.47514430826499e-07
15800.056 1.4142847280866194e-07
15850.056 1.5388057312318563e-07
15900.056 1.387084361915154e-07
15950.056 1.316407350609575e-07
16000.056 9.989196505300985e-08
16050.056 6.312075039588981e-08
16100.056 4.35422247172501e-08
16150.056 2.7036749787640752e-08
16200.056 1.6437968150956827e-08
16250.056 1.2639319358291928e-08
16300.056 8.76521820274487e-09
16350.056 9.618430159869864e-09
16400.056 1.2361178734002334e-08
16450.056 1.2762784893986576e-08
16500.056 1.3440951491396434e-08
16550.056 1.3595058277479211e-08
16600.056 1.1973894955261771e-08
16650.056 1.0443871917903637e-08
16700.056 2.39668154107343e-09
16750.056 3.1507151324622914e-09
16800.056 6.566214985967283e-09
16850.056 8.483939652293037e-09
16900.056 5.714376639119886e-09
16950.056 3.866360603457867e-09
17000.056 2.5289350552521728e-09
17050.056 4.67000264728494e-09
17100.056 7.196512560439488e-09
17150.056 4.4601389403316925e-09
17200.056 9.239372542994298e-09
17250.056 8.682430346661987e-09
17300.056 5.409078950256999e-09
17350.056 4.601408864308932e-09
17400.056 6.053866515940218e-09
17450.056 8.382119966668384e-09
17500.056 1.1144191535843483e-08
17550.056 1.1143753864246165e-08
17600.056 9.189961499101347e-09
17650.056 9.366028515708408e-09
17700.056 6.343037845205885e-09
17750.056 6.967148555022479e-09
17800.056 1.2618581829818673e-08
17850.056 8.553185616386756e-09
17900.056 6.499807577825049e-09
17950.056 5.777430449731522e-09
18000.056 7.482379638418204e-09
18050.056 9.292610349531022e-09
18100.056 1.1267901152514695e-08
18150.056 1.4436368173452274e-08
18200.056 9.812511460543748e-09
18250.056 1.8471531491590948e-08
18300.056 1.3486778762253392e-08
18350.056 1.0530066930175564e-08
18400.056 1.1332539608917093e-08
18450.056 1.4005617266233515e-08
18500.056 1.5621535326389045e-08
18550.056 1.2985161881805796e-08
18600.056 1.251884664401422e-08
18650.056 1.3524577403116274e-08
18700.056 1.2153241045036426e-08
18750.056 1.6643899142571058e-08
18800.056 2.5572434145289416e-08
18850.056 2.9700968479784613e-08
18900.056 2.9447401620035467e-08
18950.056 3.812116752008217e-08
19000.056 3.216420311753668e-08
19050.056 2.5252358598148222e-08
19100.056 3.7359597581828366e-08
19150.056 3.1946191710578294e-08
19200.056 3.6050732853911414e-08
19250.056 3.023909321882864e-08
19300.056 2.9634897166325633e-08
19350.056 2.552385450934698e-08
19400.056 2.1093751130486544e-08
19450.056 3.516609790586059e-08
19500.056 3.2648246280815425e-08
19550.056 2.3592215131973698e-08
19600.056 3.590632915799241e-08
19650.056 3.7354128314735645e-08
19700.056 3.996974862180542e-08
19750.056 4.245435209649681e-08
19800.056 4.340103193925224e-08
19850.056 5.331540192020673e-08
19900.056 4.349855884675204e-08
19950.056 6.58220743902721e-08
20000.056 6.01272318075855e-08
20050.056 6.473533337199095e-08
20100.056 7.866432993201123e-08
20150.056 7.233662521400933e-08
20200.056 7.866994407333485e-08
20250.056 9.244501294793312e-08
20300.056 9.351011187917075e-08
20350.056 1.0403384284053499e-07
20400.056 9.874749645107907e-08
20450.056 1.1620993203567622e-07
20500.056 1.2310021304219269e-07
20550.056 1.218077761744019e-07
20600.056 1.3401884282447285e-07
20650.056 1.3277512861132664e-07
20700.056 1.3720437875194327e-07
20750.056 1.426835297450459e-07
20800.056 1.4093033883643748e-07
20850.056 1.3580107456870471e-07
20900.056 1.3642082348251708e-07
20950.056 1.276001947508667e-07
21000.056 1.1933326137186196e-07
21050.056 1.1744025544969054e-07
21100.056 1.059360134108204e-07
21150.056 1.0598511353415894e-07
21200.056 9.316136119918248e-08
21250.056 8.337632620096264e-08
21300.056 6.62206913250085e-08
21350.056 6.690931997042812e-08
21400.056 5.985023004828634e-08
21450.056 5.1722686680724975e-08
21500.056 4.558929328073773e-08
21550.056 3.988424676650193e-08
21600.056 3.137644919879456e-08
21650.056 2.5536812156234796e-08
21700.056 2.5130189109517894e-08
21750.056 2.1749762426790726e-08
21800.056 1.8143510462378384e-08
21850.056 1.628865464763015e-08
21900.056 1.0962092181870842e-08
21950.056 6.034171145344265e-09
22000.056 2.2756741911710554e-09
22050.056 1.3422892579508146e-09
22100.056 2.431976422803754e-09
22150.056 4.096632397335154e-09
22200.056 4.8680874291501615e-09
22250.056 3.949515723197859e-09
22300.056 3.166246933834269e-09
22350.056 3.0412679086174323e-09
22400.056 2.0480832501037967e-09
22450.056 1.8037393473212763e-09
22500.056 1.5096523833234292e-09
22550.056 1.2328474639789065e-09
22600.056 1.2942102177347317e-09
22650.056 1.4625622292146077e-09
22700.056 1.2131334500574016e-09
22750.056 1.3255859000827934e-09
22800.056 1.153163354295548e-09
22850.056 1.0119948308959426e-09
22900.056 8.108386635756583e-10
22950.056 7.790298177290975e-10
23000.056 1.0707386331299032e-09
23050.056 1.4471777450171135e-09
23100.056 2.788976048451443e-09
23150.056 3.4698263232176544e-09
23200.056 7.703560355356794e-10
23250.056 8.745145494620522e-10
23300.056 8.574645952268598e-10
23350.056 9.170046720672458e-10
23400.056 1.0510774874822992e-09
23450.056 9.770208432409875e-10
23500.056 1.0532704573652521e-09
23550.056 1.4126119779210359e-09
23600.056 1.5685814603876688e-09
23650.056 2.344461870646131e-09
23700.056 1.4037850203332764e-09
23750.056 1.0295597424885332e-09
23800.056 1.2941946956008075e-09
23850.056 1.4828032048735086e-09
23900.056 2.326977493348813e-09
23950.056 2.702011633103118e-09
24000.056 2.939900847732301e-09
24050.056 4.1859562567266405e-09
24100.056 3.882348773789902e-09
24150.056 4.4745348379189735e-09
24200.056 4.2190428642166225e-09
24250.056 3.449580230045342e-09
24300.056 4.405199597566081e-09
24350.056 3.700926541141881e-09
24400.056 5.350369443346688e-09
24450.056 5.731705410770794e-09
24500.056 5.925998820804111e-09
24550.056 7.48675244836078e-09
24600.056 7.689850134407974e-09
24650.056 9.721419609679063e-09
24700.056 7.783689538914708e-09
24750.056 9.41715934743255e-09
24800.056 1.0053275628461344e-08
24850.056 1.2480055114874604e-08
24900.056 9.302495062056246e-09
24950.056 1.4829507315045111e-08
25000.056 1.4156037339255361e-08
25050.056 1.1616469166345838e-08
25100.056 1.5511850344840747e-08
25150.056 1.0805460757343472e-08
25200.056 1.4661276436861867e-08
25250.056 1.1035647104584952e-08
25300.056 1.6148253262511877e-08
25350.056 9.896192022035282e-09
25400.056 1.717458388772118e-08
25450.056 9.896673910613589e-09
25500.056 9.847169733930611e-09
25550.056 1.1601259192543194e-08
25600.056 8.389470901247887e-09
25650.056 6.939217439875708e-09
25700.056 1.1594343577863358e-08
25750.056 5.347920503029955e-09
25800.056 1.0713578639740126e-08
25850.056 5.85566491250471e-09
25900.056 7.400479375168875e-09
25950.056 4.73373757617411e-09
26000.056 1.2852266528260026e-08
26050.056 7.284651779157503e-09
26100.056 1.087409257843771e-08
26150.056 8.446932544258143e-09
26200.056 1.0716308231317472e-08
26250.056 1.6153900173090635e-08
26300.056 1.1673439562694556e-08
26350.056 2.1395760781942526e-08
26400.056 2.235248588680695e-08
26450.056 2.6021442366685937e-08
26500.056 2.821912353430476e-08
26550.056 1.5606963461626723e-08
26600.056 2.2543791404708606e-08
26650.056 1.0217074706986945e-08
26700.056 9.871169642110331e-09
26750.056 6.899932777333758e-09
26800.056 1.2645581502178456e-08
26850.056 7.114037946711206e-09
26900.056 1.7316987737537496e-08
26950.056 8.860574363144825e-09
27000.056 2.3897062180714362e-08
27050.056 1.7939078524313955e-08
27100.056 1.2786765482713735e-08
27150.056 2.7892917527104577e-08
27200.056 1.4131670748175669e-08
27250.056 1.8123490637676324e-08
27300.056 4.2607099052873346e-08
27350.056 3.037058006684395e-08
27400.056 8.780382373548274e-09
27450.056 4.061377345165307e-08
27500.056 3.8474290370524336e-08
27550.056 1.677897943851798e-08
27600.056 3.2271134233208136e-08
27650.056 1.4032426596551216e-08
27700.056 1.1356357794900171e-08
27750.056 3.344476979372546e-08
27800.056 1.356918124174032e-08
27850.056 1.8587326393491364e-08
27900.056 2.0122669577232828e-08
27950.056 3.6789789554161885e-08
28000.056 3.026490860213168e-08
28050.056 9.53840830230776e-09
28100.056 3.743912454035241e-08
28150.056 2.343599808996218e-08
28200.056 1.1353862454561566e-08
28250.056 3.729427305106338e-08
28300.056 4.992794417602052e-08
28350.056 1.6981448955509772e-08
28400.056 2.8854915318867398e-08
28450.056 3.8592041058099355e-08
28500.056 3.100406927092767e-08
28550.056 1.1581535788586466e-08
28600.056 4.482992412255724e-08
28650.056 3.8602447066706866e-08
28700.056 3.421374352962112e-08
28750.056 5.005880646123373e-08
28800.056 3.808887466583099e-08
