galfind/configs/Brown_Dwarf_templates/sonora_bobcat/m0.0/10g/sp_t300g10nc_m0.0_resample.dat
# %ECSV 1.0
# ---
# datatype:
# - {name: wav, unit: Angstrom, datatype: float64}
# - {name: flux_nu, unit: erg / (cm2 Hz s), datatype: float64}
# meta: {C/O: '1.00', Kzz: '1.0000E+05', Teff: '300.', Y: '0.28', '[Fe/H]': '0.00', f_hole: '1.00', f_rain: '0.00', grav: '10.'}
# schema: astropy-2.0
wav flux_nu
[from data line 498]
28900.056 2.743796904421054e-12
28950.056 3.930721625599719e-12
29000.056 1.842628604411433e-12
29050.056 3.334660150909482e-12
29100.056 1.4391334921607689e-12
29150.056 1.2150123180493833e-12
29200.056 8.134336333386007e-12
29250.056 5.589136175420522e-12
29300.056 2.7246411003634564e-12
29350.056 7.65529634827133e-12
29400.056 4.877444143625132e-12
29450.056 1.3600144817669602e-12
29500.056 9.65330937891831e-12
29550.056 2.4428868145990884e-12
29600.056 2.629173669803867e-12
29650.056 1.1970319949798036e-11
29700.056 1.86508378310409e-12
29750.056 1.0431475107867229e-11
29800.056 4.94604402663321e-12
29850.056 1.0065658731944533e-11
29900.056 3.825599734152842e-12
29950.056 6.2540911970023394e-12
30000.056 4.960830915780668e-14
30050.056 5.76533954968937e-13
30100.056 3.764305175468934e-12
30150.056 1.3405471585065124e-11
30200.056 7.121408201323178e-12
30250.056 1.2988593940634735e-11
30300.056 2.2933153203080537e-11
30350.056 3.221323628873979e-12
30400.056 1.794922278949281e-11
30450.056 1.8360197819900272e-11
30500.056 5.51065854355429e-12
30550.056 5.4283777778779656e-12
30600.056 6.434343668352878e-11
30650.056 2.7937635850654852e-11
30700.056 8.53750244373165e-12
30750.056 2.6044864955935965e-11
30800.056 2.6124525217774057e-11
30850.056 3.022545241826867e-11
30900.056 1.1080431758440657e-11
30950.056 9.543354366805655e-12
31000.056 1.610697330758237e-11
31050.056 5.524919724882617e-12
31100.056 4.322687508825948e-12
31150.056 8.122722327115791e-12
31200.056 3.919546797163904e-11
31250.056 2.500522366975656e-11
31300.056 9.52031279608982e-12
31350.056 3.8094252557519106e-11
31400.056 2.857324505244924e-11
31450.056 2.390782820891697e-11
31500.056 7.329657487209676e-12
31550.056 1.356295182207117e-11
31600.056 1.040783103642415e-11
31650.056 9.561943651383375e-12
31700.056 6.617265581270579e-12
31750.056 3.910574960492852e-12
31800.056 6.106636023260033e-12
31850.056 8.638374028504901e-13
31900.056 2.1140364310274055e-12
31950.056 1.6286519783079793e-12
32000.056 6.464415834691436e-13
32050.056 1.3877607837494958e-12
32100.056 1.2884586895859908e-12
32150.056 9.30083283987416e-13
32200.056 3.706298568032625e-13
32250.056 9.661402432341752e-13
32300.056 2.2290440901440134e-13
32350.056 8.599648863349095e-13
32400.056 5.948231228942986e-14
32450.056 4.630547645597468e-13
32500.056 5.4413866637464364e-14
32550.056 3.1589875526200035e-13
32600.056 3.615707213985924e-14
32650.056 1.1582415884559159e-12
32700.056 6.4305901081246e-14
32750.056 3.070373657220211e-12
32800.056 9.711856151042981e-13
32850.056 9.147081939260342e-12
32900.056 6.408161005630732e-12
32950.056 7.098014985456287e-12
33000.056 1.3573697675328126e-12
33050.056 1.4532565712267357e-12
33100.056 2.0845967301190034e-13
33150.056 6.140511792831036e-17
33200.056 8.883434584723583e-15
33250.056 1.5798233265805138e-14
33300.056 2.868697687244668e-13
33350.056 6.14985620351537e-13
33400.056 3.917418487400417e-12
33450.056 9.79218339605675e-13
33500.056 5.28544199828207e-12
33550.056 6.598094879507124e-13
33600.056 2.454222294887858e-12
33650.056 2.1751046441665916e-12
33700.056 4.009927685793045e-13
33750.056 3.4237244211334755e-12
33800.056 1.3700528103406402e-13
33850.056 1.5540760080641067e-12
33900.056 1.8603233697430768e-12
33950.056 1.5735854050236455e-12
34000.056 4.4822770702263775e-12
34050.056 5.768253182010588e-13
34100.056 4.685376842967105e-12
34150.056 1.8025013074219992e-12
34200.056 6.918182673915172e-12
34250.056 2.5698213247814418e-12
34300.056 3.848690837796347e-12
34350.056 1.1772874612852053e-11
34400.056 2.3097495512294566e-12
34450.056 9.146291466969683e-12
34500.056 3.166013047175701e-12
34550.056 4.232023991618248e-12
34600.056 2.103346361689147e-11
34650.056 1.6289487941505583e-12
34700.056 1.1481414506335805e-11
34750.056 7.166569733690619e-12
34800.056 7.619949705621893e-12
34850.056 2.51446886082824e-11
34900.056 2.8607892501433817e-12
34950.056 2.4755894554227074e-11
35000.056 3.656760256740941e-11
35050.056 2.554155066124449e-11
35100.056 4.7676089026642397e-11
35150.056 3.4963171790977156e-11
35200.056 3.404377411513443e-11
35250.056 5.994291502968424e-11
35300.056 2.246339706803012e-11
35350.056 1.917199043939863e-11
35400.056 1.1375511925159974e-11
35450.056 1.5164365796094847e-11
35500.056 5.7606081418791296e-11
35550.056 2.746760295805467e-11
35600.056 4.750056690600849e-11
35650.056 7.016918953583488e-11
35700.056 7.687696070243243e-11
35750.056 6.744306935043244e-11
35800.056 5.0710157524481446e-11
35850.056 1.6805376192384847e-11
35900.056 2.0287047771398505e-11
35950.056 2.8473140594752292e-11
36000.056 4.968159003430495e-11
36050.056 3.164569722762738e-11
36100.056 2.6920099038257974e-11
36150.056 9.860998910580995e-11
36200.056 8.745937924657446e-11
36250.056 5.3774031123166495e-11
36300.056 1.7664041205967922e-10
36350.056 8.017735240712338e-11
36400.056 1.5024729366936229e-10
36450.056 1.4848394254545998e-10
36500.056 1.445169324400982e-10
36550.056 2.6948136594872303e-10
36600.056 2.3230604346093484e-10
36650.056 1.5064209372893453e-10
36700.056 2.1940098173197277e-10
36750.056 2.643503789074076e-10
36800.056 3.2262399896363916e-10
36850.056 1.0757479560804524e-10
36900.056 2.5255876125904185e-10
36950.056 3.298217662499786e-10
37000.056 2.08801757330182e-10
37050.056 3.439095193764128e-10
37100.056 1.8509269951099658e-10
37150.056 1.8784929159623394e-10
37200.056 4.751430341913783e-10
37250.056 2.438551240943993e-10
37300.056 1.3408129603629802e-10
37350.056 2.925049778439604e-10
37400.056 4.3676758769889924e-10
37450.056 1.4912665221920972e-10
37500.056 2.9032079698079695e-10
37550.056 5.063605277337367e-10
37600.056 8.995093550738777e-10
37650.056 2.141612205812647e-10
37700.056 4.59690969770548e-10
37750.056 3.312625091063161e-10
37800.056 2.8084466719890294e-10
37850.056 1.206162216879887e-10
37900.056 1.8474028865836764e-10
37950.056 4.3186959279182464e-10
38000.056 4.518640214417366e-10
38050.056 7.963312181124671e-10
38100.056 8.660979166348849e-10
38150.056 1.09930955122388e-09
38200.056 8.01555652242747e-10
38250.056 1.0816706909579128e-09
38300.056 1.5772081175701266e-09
38350.056 1.3267639976867358e-09
38400.056 3.7844473734654424e-10
38450.056 1.0703990550944751e-10
38500.056 8.097547536296153e-11
38550.056 4.898490509331756e-10
38600.056 4.685713104032907e-10
38650.056 6.039253928410915e-10
38700.056 2.159491118345918e-10
38750.056 4.659257820086776e-10
38800.056 4.609126559841023e-10
38850.056 6.182062545229406e-10
38900.056 7.5981169658601e-10
38950.056 4.3105003023604566e-10
39000.056 1.1116522067847027e-09
39050.056 3.5364866952758307e-10
39100.056 7.495345627244437e-10
39150.056 1.1798777850484995e-09
39200.056 6.92891232977882e-10
39250.056 1.4974923212263316e-09
39300.056 6.803654057278356e-10
39350.056 1.8825332783318487e-09
39400.056 7.036312805870589e-10
39450.056 1.393669403247065e-09
39500.056 1.2588410776749483e-09
39550.056 4.906464104864345e-10
39600.056 1.4175586632908062e-09
39650.056 1.4121603773042548e-09
39700.056 1.619975771349095e-09
39750.056 6.981932060072795e-10
39800.056 7.398037089653846e-10
39850.056 1.878890898122162e-09
39900.056 2.5787703623043756e-09
39950.056 7.757678514265205e-10
40000.056 1.7246719686847445e-09
40050.056 1.9854532481593496e-09
40100.056 6.401211293551768e-10
40150.056 1.9232307604679785e-09
40200.056 2.056605926695222e-09
40250.056 2.4199536030646955e-09
40300.056 2.354218466333104e-09
40350.056 1.2880050133803082e-09
40400.056 1.7790129681372077e-09
40450.056 7.637287575742593e-10
40500.056 2.7139712148808256e-09
40550.056 3.1804380618998956e-09
40600.056 1.982726052644174e-09
40650.056 1.3527091010759623e-09
40700.056 3.1273608302604788e-09
40750.056 2.0108787302600183e-09
40800.056 1.257149566228308e-09
40850.056 4.466964518669452e-09
40900.056 3.5627594227217333e-09
40950.056 3.289336407597473e-09
41000.056 2.109530685097911e-09
41050.056 4.7280612400079286e-09
41100.056 3.616536379886826e-09
41150.056 1.1480667392348626e-09
41200.056 5.397433839808991e-09
41250.056 2.9893312162079953e-09
41300.056 3.245725926205179e-09
41350.056 5.159029048119025e-09
41400.056 4.0942173741616826e-09
41450.056 6.641728816576783e-09
41500.056 4.115277496036304e-09
41550.056 3.27423986841034e-09
41600.056 3.2581536729039987e-09
41650.056 5.5961299883979666e-09
41700.056 7.512010247367164e-09
41750.056 5.605413814408289e-09
41800.056 5.061594834590066e-09
41850.056 5.39779732648694e-09
41900.056 4.0746893667978656e-09
41950.056 3.831721069985439e-09
42000.056 1.5145070790382435e-09
42050.056 2.8128605052914093e-09
42100.056 2.458635279937835e-09
42150.056 3.6346151014376586e-09
42200.056 5.2330514110781275e-09
42250.056 3.3858830454774326e-09
42300.056 3.2138891967352373e-09
42350.056 6.115973086259964e-09
42400.056 7.973417575791738e-09
42450.056 8.09833134232258e-09
42500.056 7.8576505700881e-09
42550.056 6.573733975849409e-09
42600.056 6.0090213675481135e-09
42650.056 1.0544880591124474e-08
42700.056 4.342601494318102e-09
42750.056 9.080736656402118e-09
42800.056 1.490654903310331e-08
42850.056 1.303996190879659e-08
42900.056 1.24442163036335e-08
42950.056 1.1584587421698177e-08
43000.056 1.3211752574623632e-08
43050.056 6.716907402624266e-09
43100.056 9.866081465820644e-09
43150.056 7.80857732643644e-09
43200.056 1.5225155575601996e-08
43250.056 1.6951138275498672e-08
43300.056 1.7054663085998214e-08
43350.056 9.994748019795903e-09
43400.056 1.443338426965134e-08
43450.056 8.312456765569774e-09
43500.056 7.221521686492367e-09
43550.056 8.801100254041214e-09
43600.056 1.651567762730291e-08
43650.056 1.0750095920420422e-08
43700.056 1.8590700016756834e-08
43750.056 1.7758812082995527e-08
43800.056 1.5718527387615814e-08
43850.056 1.3200001978919388e-08
43900.056 1.0230821568918373e-08
43950.056 5.842618201419688e-09
44000.056 6.969151361738549e-09
44050.056 2.0042339707399166e-08
44100.056 2.3117691866497198e-08
44150.056 2.1845776358640183e-08
44200.056 2.020214504625014e-08
44250.056 9.606846827799852e-09
44300.056 8.246347716570972e-09
44350.056 8.6907079400761e-09
44400.056 7.276983005638879e-09
44450.056 1.5074876356670683e-08
44500.056 1.4968383128462388e-08
44550.056 2.1154872556998376e-08
44600.056 1.7734596555368325e-08
44650.056 1.4246284357993435e-08
44700.056 9.980814713129521e-09
44750.056 1.9494409385404925e-08
44800.056 1.0341941882481137e-08
44850.056 1.29187557592569e-08
44900.056 1.4002195378921623e-08
44950.056 1.7819236044503304e-08
45000.056 2.2300175544701763e-08
45050.056 1.766765769229612e-08
45100.056 1.5481586167518546e-08
45150.056 1.288380030460614e-08
45200.056 1.05724069012707e-08
45250.056 1.2991857074425475e-08
45300.056 1.2377097783952164e-08
45350.056 8.075859267403506e-09
45400.056 2.9028462744004954e-08
45450.056 1.986267040119205e-08
45500.056 2.8623772828892746e-08
45550.056 2.7982106283689058e-08
45600.056 2.2028204240705905e-08
45650.056 1.808996785709019e-08
45700.056 1.1608438347828812e-08
45750.056 1.1490085122801155e-08
45800.056 2.9534546330800562e-08
45850.056 1.9205200247279003e-08
45900.056 2.9869901959195045e-08
45950.056 2.894037278459996e-08
46000.056 2.6885521567303357e-08
46050.056 1.9330182801914093e-08
46100.056 3.627002609099598e-08
46150.056 2.0043217862602616e-08
46200.056 1.596497764729672e-08
46250.056 5.787101679173238e-09
46300.056 1.9011692861259507e-08
46350.056 1.949673828306404e-08
46400.056 1.7504940400499734e-08
46450.056 1.69920505753436e-08
46500.056 2.0089047422094286e-08
46550.056 8.797273382870637e-09
46600.056 1.434804121523598e-08
46650.056 2.2593625811102058e-08
46700.056 1.493402870369559e-08
46750.056 6.39984465695129e-09
46800.056 3.724162852634254e-09
46850.056 2.1625201690004002e-08
46900.056 2.3007567056799552e-08
46950.056 2.4656663799898438e-08
47000.056 2.4152287947803966e-08
47050.056 1.5148250296237867e-08
47100.056 1.1094791798602125e-08
47150.056 1.9238618637661575e-08
47200.056 1.9940921577997384e-08
47250.056 1.060833312834897e-08
47300.056 6.654083216067578e-09
47350.056 2.3987596263801357e-08
47400.056 2.1040818314997383e-08
47450.056 1.5017512939730826e-08
47500.056 2.4848624352396764e-08
47550.056 2.303746385970327e-08
47600.056 1.922894157995882e-08
47650.056 2.1171422787073024e-08
47700.056 1.5697214373310035e-08
47750.056 1.1867626544370771e-08
47800.056 8.669666260901616e-09
47850.056 3.501551192100965e-09
47900.056 6.413438516831373e-09
47950.056 1.7613345446921395e-08
48000.056 2.4737523637001063e-08
48050.056 1.9412791940082193e-08
48100.056 7.785129919837455e-09
48150.056 1.6663204309300586e-08
48200.056 8.701627491069541e-09
48250.056 1.1725599539898235e-08
48300.056 2.4250257821998076e-08
48350.056 1.2638217905798025e-08
48400.056 2.4814182499082257e-09
48450.056 5.281423176076436e-09
48500.056 9.985326463597432e-09
48550.056 1.1260913215279114e-08
48600.056 1.90756341626976e-08
48650.056 2.48122280190959e-08
48700.056 1.535894183502353e-08
48750.056 1.2588844849504372e-08
48800.056 2.1263016829000435e-08
48850.056 9.993955079788395e-09
48900.056 1.0977190493642545e-08
48950.056 5.178276586539991e-09
49000.056 2.744592822488826e-09
49050.056 1.0979709506368533e-08
49100.056 1.6389334909929193e-08
49150.056 1.1900204441012326e-08
49200.056 2.20596743905044e-08
49250.056 2.198212558879982e-08
49300.056 1.7756268957900166e-08
49350.056 5.5595659816843225e-09
49400.056 8.839353117116775e-09
49450.056 7.968472043992081e-09
49500.056 5.547453643407006e-09
49550.056 8.213655234490333e-10
49600.056 2.775202946836204e-09
49650.056 1.0017014381301919e-08
49700.056 1.1708003923794991e-08
49750.056 9.459104783758662e-09
49800.056 5.482729984848301e-09
49850.056 1.5479520440742897e-08
49900.056 1.3432975131578377e-08
49950.056 1.3920830159600856e-08
50000.056 7.88055088209878e-09
50050.056 1.0068560988640423e-08
50100.056 8.101250628099138e-09
50150.056 2.9665738873952734e-09
50200.056 3.26825574252556e-10
50250.056 2.8664481870999823e-09
50300.056 1.7329068119354194e-09
50350.056 9.547201497701957e-09
50400.056 1.0879806704617562e-08
50450.056 9.412686533241704e-09
50500.056 1.4860672126430346e-08
50550.056 1.2267367440101575e-08
50600.056 8.498975047413034e-09
50650.056 1.6474985589102146e-08
50700.056 1.4036024783796801e-08
50750.056 7.969872099180598e-09
50800.056 1.8916591108084893e-09
50850.056 7.611376644974127e-10
50900.056 7.2951076785008e-09
50950.056 7.304192916499008e-09
51000.056 5.2661005771614e-09
51050.056 1.0285171107288871e-08
51100.056 3.134279806658383e-09
51150.056 2.8561866256451157e-09
51200.056 1.212767133740015e-08
51250.056 8.696897917857973e-09
51300.056 5.723018305129411e-09
51350.056 4.1333603151863184e-09
51400.056 8.242296447311641e-10
51450.056 7.224326455893254e-10
51500.056 7.70722976007553e-10
51550.056 3.981250767134895e-09
51600.056 4.036091530331488e-09
51650.056 6.510620522899871e-09
51700.056 6.155461242083049e-09
51750.056 3.6487042783658775e-09
51800.056 8.016442927799207e-09
51850.056 6.288675615209382e-09
51900.056 5.979390516699214e-09
51950.056 2.699388785679715e-09
52000.056 1.8429617706093448e-10
52050.056 1.250794872880169e-09
52100.056 5.950012739818636e-10
52150.056 2.8442047465654125e-10
52200.056 1.550020809789979e-09
52250.056 2.7815529506208713e-09
52300.056 3.1257245088397765e-09
52350.056 7.106147383984783e-10
52400.056 8.492250182090082e-10
52450.056 4.73578906020035e-09
52500.056 3.0169762264391537e-09
52550.056 4.885596231759737e-09
52600.056 4.094752207439684e-09
52650.056 4.919534586300126e-09
52700.056 3.177544414519656e-09
52750.056 7.014819301541272e-10
52800.056 1.7621916627703646e-09
52850.056 2.0575277449495563e-09
52900.056 5.178618701468383e-10
52950.056 1.116611857378186e-09
53000.056 2.5870608239706575e-09
53050.056 7.935198516517338e-10
53100.056 3.753536796449398e-09
53150.056 3.5895471950369505e-09
53200.056 1.8200670129435504e-09
53250.056 2.8787304071991334e-09
53300.056 3.852115810473039e-09
53350.056 2.779576902494227e-09
53400.056 1.5503521100193492e-09
53450.056 3.958008256368414e-10
53500.056 5.36877752700843e-11
53550.056 1.401997420460072e-10
