galfind/configs/Brown_Dwarf_templates/sonora_bobcat/m0.0/10g/sp_t700g10nc_m0.0_resample.dat
# %ECSV 1.0
# ---
# datatype:
# - {name: wav, unit: Angstrom, datatype: float64}
# - {name: flux_nu, unit: erg / (cm2 Hz s), datatype: float64}
# meta: {C/O: '1.00', Kzz: '1.0000E+05', Teff: '700.', Y: '0.28', '[Fe/H]': '0.00', f_hole: '1.00', f_rain: '0.00', grav: '10.'}
# schema: astropy-2.0
wav flux_nu
[from data line 499]
28950.056 2.0421347836305877e-08
29000.056 1.5548390510789186e-08
29050.056 1.792243427559386e-08
29100.056 1.3130879152571738e-08
29150.056 2.085137596825249e-08
29200.056 1.6391745600512568e-08
29250.056 2.5225423230233665e-08
29300.056 1.2485931730963706e-08
29350.056 3.461087950175224e-08
29400.056 1.8134862740796373e-08
29450.056 1.998191394061437e-08
29500.056 2.3316873746025448e-08
29550.056 1.8698372597834593e-08
29600.056 2.3793047240184433e-08
29650.056 2.5738021413871067e-08
29700.056 1.597559686945049e-08
29750.056 2.514121626843458e-08
29800.056 2.4979233013675893e-08
29850.056 2.834343432948668e-08
29900.056 2.482586845594797e-08
29950.056 2.3118786461786906e-08
30000.056 6.812885011090066e-09
30050.056 9.500655750433731e-09
30100.056 1.0160359589409731e-08
30150.056 1.9761321436028928e-08
30200.056 1.4663925097908868e-08
30250.056 2.8632799435907402e-08
30300.056 2.776031175025787e-08
30350.056 2.2195273351923365e-08
30400.056 2.813388038494144e-08
30450.056 1.8318510282154777e-08
30500.056 1.700123047898926e-08
30550.056 1.8018325399903757e-08
30600.056 2.158373097210817e-08
30650.056 1.5438261096376047e-08
30700.056 1.4378066986875115e-08
30750.056 1.7663300922247286e-08
30800.056 1.2608902425257159e-08
30850.056 1.3447912149236496e-08
30900.056 9.373977888203905e-09
30950.056 1.1063572217730684e-08
31000.056 8.603513182680003e-09
31050.056 8.472615990441479e-09
31100.056 7.0088435833543326e-09
31150.056 9.592488407683357e-09
31200.056 9.221458595872211e-09
31250.056 6.819637685294559e-09
31300.056 5.918662077153109e-09
31350.056 6.7386161260679154e-09
31400.056 5.193848266531811e-09
31450.056 5.22067341196823e-09
31500.056 4.0485500356208225e-09
31550.056 4.734819521646978e-09
31600.056 3.097039669211163e-09
31650.056 3.1209760238325778e-09
31700.056 3.264978896267546e-09
31750.056 2.5053059788069592e-09
31800.056 3.3391966609004504e-09
31850.056 2.21842415092709e-09
31900.056 2.6136334213616664e-09
31950.056 1.7257505337426257e-09
32000.056 2.2413112700350593e-09
32050.056 2.6437345243950474e-09
32100.056 2.56561322633559e-09
32150.056 2.6059701702027676e-09
32200.056 2.087860517505416e-09
32250.056 2.9930716881902766e-09
32300.056 2.1525388085293824e-09
32350.056 2.9988262853931147e-09
32400.056 2.015900405223086e-09
32450.056 2.7975374123870444e-09
32500.056 2.2547115664435334e-09
32550.056 2.253704923968104e-09
32600.056 2.965312892740486e-09
32650.056 5.004484431657063e-09
32700.056 3.6956756538408867e-09
32750.056 5.144302885033366e-09
32800.056 4.580780525884895e-09
32850.056 5.727510540239369e-09
32900.056 6.2585675662737755e-09
32950.056 6.857292607352747e-09
33000.056 5.368648151338249e-09
33050.056 5.504364187512314e-09
33100.056 2.0659783818039723e-09
33150.056 3.439051244209763e-10
33200.056 4.142854164898557e-10
33250.056 2.073767746559963e-10
33300.056 2.740904607280485e-10
33350.056 6.425765100779235e-10
33400.056 1.142997936905236e-09
33450.056 1.7931504774816292e-09
33500.056 3.3105273241729167e-09
33550.056 2.3902534153826783e-09
33600.056 4.586193610451174e-09
33650.056 4.218181326138846e-09
33700.056 3.6969412328373715e-09
33750.056 5.486175161191763e-09
33800.056 4.183347680714381e-09
33850.056 4.970249358223567e-09
33900.056 4.076445835660539e-09
33950.056 4.133447301364732e-09
34000.056 5.7627927475402975e-09
34050.056 2.3552824657991643e-09
34100.056 5.540945765364999e-09
34150.056 4.302748376605133e-09
34200.056 4.490515650117344e-09
34250.056 4.313006681182041e-09
34300.056 4.1150469271011715e-09
34350.056 3.5089786649556687e-09
34400.056 2.8722183859450336e-09
34450.056 4.205203738537984e-09
34500.056 4.014224073691221e-09
34550.056 3.031675964580715e-09
34600.056 5.482562196020024e-09
34650.056 3.4347743530824607e-09
34700.056 4.982129040299568e-09
34750.056 4.576212553142024e-09
34800.056 4.243799927639682e-09
34850.056 4.871154997402103e-09
34900.056 5.10709973863517e-09
34950.056 5.960459423207661e-09
35000.056 9.3674206005185e-09
35050.056 5.106840026323421e-09
35100.056 7.492713016362039e-09
35150.056 6.019235312246074e-09
35200.056 7.530512443230361e-09
35250.056 9.796437541071742e-09
35300.056 7.395736757670589e-09
35350.056 7.593621720230621e-09
35400.056 8.788817358047136e-09
35450.056 5.826777543265457e-09
35500.056 1.2750045382199175e-08
35550.056 1.1619375342546229e-08
35600.056 9.052627327777015e-09
35650.056 1.0731974663556594e-08
35700.056 1.0074774554761163e-08
35750.056 1.3825154666778537e-08
35800.056 1.807355400271988e-08
35850.056 9.786432955154042e-09
35900.056 1.2929287708910739e-08
35950.056 1.1967887202811882e-08
36000.056 1.2191702020282538e-08
36050.056 1.0165727606115597e-08
36100.056 1.1224780504565826e-08
36150.056 1.252777993731561e-08
36200.056 1.323242267327429e-08
36250.056 1.2971552864942757e-08
36300.056 1.591171900133711e-08
36350.056 1.4234861321664176e-08
36400.056 1.3951300574735046e-08
36450.056 1.8983265646905013e-08
36500.056 2.0679059805446516e-08
36550.056 1.901736675610497e-08
36600.056 2.4175953178997563e-08
36650.056 2.3091448332265368e-08
36700.056 2.599791483824273e-08
36750.056 2.8343765844246666e-08
36800.056 2.7049840207601247e-08
36850.056 2.4242375845756376e-08
36900.056 2.932632810295455e-08
36950.056 3.1269140159511887e-08
37000.056 2.8370884645594324e-08
37050.056 2.8191956971983113e-08
37100.056 3.3957739460552974e-08
37150.056 2.5646452024013753e-08
37200.056 3.279690826848957e-08
37250.056 3.352259624859471e-08
37300.056 2.839053121676547e-08
37350.056 3.08953918420978e-08
37400.056 4.773139090567829e-08
37450.056 3.380572723237314e-08
37500.056 3.4412242282648305e-08
37550.056 4.0280662624023426e-08
37600.056 4.486552094948473e-08
37650.056 3.103256454102865e-08
37700.056 5.2384505933507335e-08
37750.056 3.604186233049394e-08
37800.056 3.795200517856393e-08
37850.056 2.5842018675754458e-08
37900.056 3.19853687502236e-08
37950.056 4.202442190133702e-08
38000.056 4.979812600965309e-08
38050.056 4.720990847231482e-08
38100.056 4.61730431805581e-08
38150.056 5.8317296811998844e-08
38200.056 6.067906627392311e-08
38250.056 5.784468154123976e-08
38300.056 7.781383278118751e-08
38350.056 7.70161852784105e-08
38400.056 4.495768838562758e-08
38450.056 4.763145938525381e-08
38500.056 3.2605476603683974e-08
38550.056 5.148309091151927e-08
38600.056 5.4478332850923184e-08
38650.056 4.7034918001788964e-08
38700.056 4.988695843100049e-08
38750.056 5.976302925281145e-08
38800.056 5.202335259278812e-08
38850.056 5.35686408844556e-08
38900.056 7.441851037140723e-08
38950.056 5.955761021307467e-08
39000.056 6.577940338889935e-08
39050.056 5.8227818674197395e-08
39100.056 6.700096759800512e-08
39150.056 6.534838921773721e-08
39200.056 7.181740391459655e-08
39250.056 8.205552879257914e-08
39300.056 6.137595626746184e-08
39350.056 9.264299412480225e-08
39400.056 7.240178931385811e-08
39450.056 8.103149554816067e-08
39500.056 8.144965930193463e-08
39550.056 8.418531936469753e-08
39600.056 8.690404284607153e-08
39650.056 8.933658051828437e-08
39700.056 9.130952416872226e-08
39750.056 7.620441649740377e-08
39800.056 8.735554816137691e-08
39850.056 1.095593833440004e-07
39900.056 1.0963119875101487e-07
39950.056 8.940622464726395e-08
40000.056 1.3323554710663805e-07
40050.056 1.0711153616599463e-07
40100.056 8.838305263353415e-08
40150.056 1.1364915628077264e-07
40200.056 1.1735340209214326e-07
40250.056 1.1618387034594088e-07
40300.056 1.1694373988243172e-07
40350.056 1.250482454436807e-07
40400.056 1.3874414573516916e-07
40450.056 1.2074883939153475e-07
40500.056 1.4099535075096895e-07
40550.056 1.4010524353555763e-07
40600.056 1.371531330280198e-07
40650.056 1.1168853921939175e-07
40700.056 1.5720701014518626e-07
40750.056 1.398729871359938e-07
40800.056 1.1293635472332336e-07
40850.056 1.7582056666806662e-07
40900.056 1.606162973892225e-07
40950.056 1.528615329008004e-07
41000.056 1.5377913554270134e-07
41050.056 1.8818881164195388e-07
41100.056 1.6298705342002763e-07
41150.056 1.251395894008356e-07
41200.056 1.9264337226766714e-07
41250.056 1.5533895816816361e-07
41300.056 1.4711071588076114e-07
41350.056 2.148859342090407e-07
41400.056 1.88429981006046e-07
41450.056 2.0855926307701743e-07
41500.056 1.7240285053170614e-07
41550.056 1.7117606561284464e-07
41600.056 2.0219634029098555e-07
41650.056 2.142598488359928e-07
41700.056 1.9092728377888896e-07
41750.056 2.0318132822298785e-07
41800.056 2.2105974825198662e-07
41850.056 1.7884022829100366e-07
41900.056 1.886942870999553e-07
41950.056 1.7182134727304205e-07
42000.056 1.7437585607153316e-07
42050.056 1.7011465404587793e-07
42100.056 2.2213165425937254e-07
42150.056 1.8660005235898966e-07
42200.056 1.6449040499761603e-07
42250.056 1.6932088230644724e-07
42300.056 1.7521751172361217e-07
42350.056 2.1650386189703395e-07
42400.056 2.0386692246408116e-07
42450.056 1.8527285166604724e-07
42500.056 1.753519703359835e-07
42550.056 1.7605484671696876e-07
42600.056 1.8486329487024894e-07
42650.056 2.175599244769107e-07
42700.056 1.9922476715058802e-07
42750.056 1.8503320093298445e-07
42800.056 2.0375588491403939e-07
42850.056 2.2575696845391873e-07
42900.056 2.3442489272208486e-07
42950.056 2.0595666218594254e-07
43000.056 2.2267659300883364e-07
43050.056 1.6660653288767396e-07
43100.056 2.0366749243693094e-07
43150.056 1.9446727866862835e-07
43200.056 2.379139814879926e-07
43250.056 2.714218878370164e-07
43300.056 2.674300442129953e-07
43350.056 1.9556788533596643e-07
43400.056 2.2503794956296645e-07
43450.056 2.0229054902024287e-07
43500.056 1.8016162657029375e-07
43550.056 1.939619347569681e-07
43600.056 2.709004675760338e-07
43650.056 2.1633729938750155e-07
43700.056 2.4401154198505464e-07
43750.056 2.455053936410579e-07
43800.056 2.2996789029525243e-07
43850.056 2.066534466410176e-07
43900.056 2.2055370891198391e-07
43950.056 1.6477351486301082e-07
44000.056 1.6617040323438687e-07
44050.056 2.583495857920222e-07
44100.056 2.963144783880203e-07
44150.056 2.654470592039401e-07
44200.056 2.5232293373499116e-07
44250.056 2.0130284446341453e-07
44300.056 1.7904260245563793e-07
44350.056 1.9674365649155127e-07
44400.056 2.0544854206870378e-07
44450.056 2.4277884039394474e-07
44500.056 2.5126490212207305e-07
44550.056 2.924133194999559e-07
44600.056 2.3734967179893674e-07
44650.056 2.5779227159686803e-07
44700.056 1.9308060553401158e-07
44750.056 2.5148485422803075e-07
44800.056 2.1689587194101598e-07
44850.056 2.4168854881503386e-07
44900.056 2.21269397217413e-07
44950.056 2.488829765130141e-07
45000.056 2.604922882679741e-07
45050.056 2.524176389060102e-07
45100.056 2.419060628917899e-07
45150.056 2.515688367545541e-07
45200.056 2.1533994550602093e-07
45250.056 2.3110059115991074e-07
45300.056 2.0177947281405275e-07
45350.056 2.1060471307601373e-07
45400.056 3.0198891340902416e-07
45450.056 2.585477640759813e-07
45500.056 2.6952724705321074e-07
45550.056 2.948419768699084e-07
45600.056 2.957425550800356e-07
45650.056 2.3271521179077397e-07
45700.056 2.1825353589692266e-07
45750.056 2.10344461295989e-07
45800.056 2.989370418219892e-07
45850.056 3.0273082352299814e-07
45900.056 3.1408220207999327e-07
45950.056 2.6836698010098424e-07
46000.056 2.973327122670034e-07
46050.056 2.6209028114802785e-07
46100.056 3.033427475799824e-07
46150.056 2.5158395569599393e-07
46200.056 2.395760552980076e-07
46250.056 1.717626007025623e-07
46300.056 2.7146475224260194e-07
46350.056 2.543310732650273e-07
46400.056 2.3989336117501456e-07
46450.056 2.2952012104104658e-07
46500.056 2.4840904507005403e-07
46550.056 2.076601262858785e-07
46600.056 2.4475689506818995e-07
46650.056 3.2128555849696373e-07
46700.056 2.5341828269801213e-07
46750.056 1.8772041755278733e-07
46800.056 1.5510746447982132e-07
46850.056 3.281844565910807e-07
46900.056 2.864171914749705e-07
46950.056 2.877487001090066e-07
47000.056 2.7131859737303296e-07
47050.056 2.5494315370450095e-07
47100.056 1.9061776952993513e-07
47150.056 2.240611360230168e-07
47200.056 2.6277404580601466e-07
47250.056 2.1332131558699723e-07
47300.056 1.6538434043790538e-07
47350.056 2.8983689194596344e-07
47400.056 2.7386352618396976e-07
47450.056 2.765175561040202e-07
47500.056 3.027372954971491e-07
47550.056 2.706196176880035e-07
47600.056 2.6085487958499386e-07
47650.056 2.3425505157735944e-07
47700.056 2.4990016314686407e-07
47750.056 1.8412558203101023e-07
47800.056 2.045861683250125e-07
47850.056 1.5297517594250585e-07
47900.056 1.9442889614236207e-07
47950.056 2.2212272726404227e-07
48000.056 3.117200761700632e-07
48050.056 2.8766474605800935e-07
48100.056 1.8634885605821788e-07
48150.056 2.4629183675301817e-07
48200.056 2.186532429330041e-07
48250.056 2.211402770400102e-07
48300.056 2.738969961348988e-07
48350.056 1.8852297293102548e-07
48400.056 1.2822720333247324e-07
48450.056 2.1195037193628143e-07
48500.056 2.677772019939586e-07
48550.056 2.1982516465519643e-07
48600.056 2.4119357511200343e-07
48650.056 2.457768933399681e-07
48700.056 2.1837874963438394e-07
48750.056 1.6123894923709805e-07
48800.056 2.985750696409852e-07
48850.056 1.8660050502597122e-07
48900.056 2.6709913334960023e-07
48950.056 2.0469995759203868e-07
49000.056 1.1887987913976995e-07
49050.056 2.2103669268199304e-07
49100.056 2.516828067900549e-07
49150.056 2.1026630754733912e-07
49200.056 2.812662985140408e-07
49250.056 2.611961622100439e-07
49300.056 2.3362823546020572e-07
49350.056 1.4603173286832977e-07
49400.056 1.888528938499758e-07
49450.056 2.0040297295006736e-07
49500.056 1.6499430350397911e-07
49550.056 8.932318219921546e-08
49600.056 1.5241610077384342e-07
49650.056 1.969547230929953e-07
49700.056 1.816969810409328e-07
49750.056 2.0563793932094835e-07
49800.056 1.7758396591422467e-07
49850.056 2.5920283671408134e-07
49900.056 2.088146579197717e-07
49950.056 2.082377488370061e-07
50000.056 1.8691706354697232e-07
50050.056 2.2293170383500728e-07
50100.056 1.8068786153001026e-07
50150.056 1.2626301824297686e-07
50200.056 5.666416762460882e-08
50250.056 1.7061838467497074e-07
50300.056 1.2911433054181993e-07
50350.056 2.2618408412902884e-07
50400.056 1.986415881349884e-07
50450.056 1.6013068314082585e-07
50500.056 1.918006704970347e-07
50550.056 1.8160276776401286e-07
50600.056 1.5928728152495656e-07
50650.056 2.1679897642505614e-07
50700.056 2.2484140344689972e-07
50750.056 1.790156131964301e-07
50800.056 1.0604633012599725e-07
50850.056 9.511128090603845e-08
50900.056 2.1215297559000612e-07
50950.056 1.6077031269902955e-07
51000.056 1.723970914633139e-07
51050.056 1.735563168640021e-07
51100.056 9.95760070861917e-08
51150.056 1.3813678333777953e-07
51200.056 2.321798013649873e-07
51250.056 1.545553686755542e-07
51300.056 1.3710834923807744e-07
51350.056 1.3583713580299252e-07
51400.056 7.768315936539707e-08
51450.056 6.634804449457794e-08
51500.056 7.244162967053171e-08
51550.056 1.757986295144096e-07
51600.056 1.252380079523321e-07
51650.056 1.2817836768396071e-07
51700.056 1.373438997880833e-07
51750.056 1.0167432742452505e-07
51800.056 1.4658588538797502e-07
51850.056 1.3760037644399847e-07
51900.056 1.8983359007201162e-07
51950.056 1.4551579537499317e-07
52000.056 5.031249069908764e-08
52050.056 1.0782146894672333e-07
52100.056 7.823988213898991e-08
52150.056 6.923285834020686e-08
52200.056 8.043135242420201e-08
52250.056 1.0542930458302916e-07
52300.056 1.4889873469499655e-07
52350.056 1.0428117010940529e-07
52400.056 7.581217229320566e-08
52450.056 1.5219066184200705e-07
52500.056 1.331362851859613e-07
52550.056 1.395274842969635e-07
52600.056 1.1875424437201815e-07
52650.056 1.276526421512185e-07
52700.056 1.1145528218299644e-07
52750.056 7.126670813579805e-08
52800.056 9.415682596252023e-08
52850.056 9.991265549696144e-08
52900.056 8.183555379819182e-08
52950.056 9.4122227926801e-08
53000.056 1.2808885825602226e-07
53050.056 6.564531302568195e-08
53100.056 9.959658990035253e-08
53150.056 1.349332822440171e-07
53200.056 6.90018496710022e-08
53250.056 1.2805895752400245e-07
53300.056 1.452829135941807e-07
53350.056 1.3123350112179602e-07
53400.056 1.1098029437899252e-07
53450.056 5.871020579798753e-08
