galfind/configs/Brown_Dwarf_templates/sonora_bobcat/m0.0/10g/sp_t1800g10nc_m0.0_resample.dat
# %ECSV 1.0
# ---
# datatype:
# - {name: wav, unit: Angstrom, datatype: float64}
# - {name: flux_nu, unit: erg / (cm2 Hz s), datatype: float64}
# meta: {C/O: '1.00', Kzz: '1.0000E+05', Teff: '1800.', Y: '0.28', '[Fe/H]': '0.00', f_hole: '1.00', f_rain: '0.00', grav: '10.'}
# schema: astropy-2.0
wav flux_nu
4000.0559999999996 nan
4050.0559999999996 1.3315778011535112e-09
4100.056 1.3330745406350205e-09
4150.056 8.723537994353386e-10
4200.056 5.974811149551463e-10
4250.056 5.077499202785026e-10
4300.056 2.9060275739113046e-10
4350.056 3.724260444019605e-10
4400.056 3.7167743442408114e-10
4450.056 2.2941900242000395e-10
4500.056 2.7137253890401444e-10
4550.056 3.508740380059056e-10
4600.056 3.3134615488097076e-10
4650.056 2.794062906520451e-10
4700.056 3.3412339264409145e-10
4750.056 4.417222846899156e-10
4800.056 3.377138572359952e-10
4850.056 4.2349121580805934e-10
4900.056 8.075336022298959e-10
4950.056 9.866563315701304e-10
5000.056 5.639512193070054e-10
5050.056 6.71589290710124e-10
5100.056 1.233148536839243e-09
5150.056 1.4123899504456035e-09
5200.056 9.07314794895011e-10
5250.056 1.0881936964300401e-09
5300.056 1.3120995371000806e-09
5350.056 1.3649986042402305e-09
5400.056 1.634601057009988e-09
5450.056 1.428140666289871e-09
5500.056 1.1688396626198866e-09
5550.056 1.432728486499785e-09
5600.056 1.35657849212005e-09
5650.056 1.2957589560099957e-09
5700.056 1.3388897833300194e-09
5750.056 1.0000886197399353e-09
5800.056 7.516527188699726e-10
5850.056 2.686131256229907e-10
5900.056 1.7221146997270953e-11
5950.056 5.704678158000026e-10
6000.056 1.5802558409100008e-09
6050.056 2.881752348700086e-09
6100.056 3.7174140892402504e-09
6150.056 4.303787732499597e-09
6200.056 3.915154431400059e-09
6250.056 4.716827068000199e-09
6300.056 6.355101657100147e-09
6350.056 7.817248838500155e-09
6400.056 9.429678016400047e-09
6450.056 1.1765998708198538e-08
6500.056 1.1358238218098614e-08
6550.056 1.30831464004971e-08
6600.056 1.2359394954000852e-08
6650.056 1.1905004685701188e-08
6700.056 9.810179344172367e-09
6750.056 1.3140870009500932e-08
6800.056 1.5015243787600405e-08
6850.056 1.8542914894699645e-08
6900.056 2.1060672644100172e-08
6950.056 2.3060637919997464e-08
7000.056 2.706575322399711e-08
7050.056 2.594881649100184e-08
7100.056 2.0067328946698512e-08
7150.056 1.9035765670201062e-08
7200.056 2.4739345313999387e-08
7250.056 3.32822104370017e-08
7300.056 4.790028522400574e-08
7350.056 5.925235981600289e-08
7400.056 6.233226527900535e-08
7450.056 5.9436425143978876e-08
7500.056 6.601749391999654e-08
7550.056 7.824122921200242e-08
7600.056 6.014991182099469e-08
7650.056 1.5461850772909787e-08
7700.056 7.34283010478817e-09
7750.056 4.5564974620004595e-08
7800.056 6.191483011046537e-08
7850.056 7.058696487499975e-08
7900.056 6.93660527280159e-08
7950.056 6.31386350936436e-08
8000.056 7.358773404399462e-08
8050.056 1.0714905422498316e-07
8100.056 1.7313775778604863e-07
8150.056 2.756911573890287e-07
8200.056 2.3689570296456683e-07
8250.056 2.42305210515007e-07
8300.056 1.992122908810572e-07
8350.056 2.1620556905405465e-07
8400.056 2.2576096830402455e-07
8450.056 1.4900863136795915e-07
8500.056 1.3745423217573083e-07
8550.056 1.569226026360136e-07
8600.056 1.700597411539358e-07
8650.056 1.95989945982977e-07
8700.056 2.2511131006410946e-07
8750.056 2.911079080230185e-07
8800.056 4.237121975591077e-07
8850.056 4.4193673141106583e-07
8900.056 3.1578912582094836e-07
8950.056 3.3461839164170576e-07
9000.056 4.302625332430649e-07
9050.056 4.7322575270782933e-07
9100.056 6.14701116045027e-07
9150.056 7.201919191660002e-07
9200.056 6.711818731339647e-07
9250.056 3.851357622849193e-07
9300.056 2.9827475655693886e-07
9350.056 3.419850330678053e-07
9400.056 3.9215989772603014e-07
9450.056 4.485988430173715e-07
9500.056 5.41770313741698e-07
9550.056 6.398913317449689e-07
9600.056 6.575616291558446e-07
9650.056 7.81154265309975e-07
9700.056 8.588915558123636e-07
9750.056 6.515386635922697e-07
9800.056 7.552723687578967e-07
9850.056 7.657395460978879e-07
9900.056 7.928502861510495e-07
9950.056 8.314718036340072e-07
10000.056 8.540000809628546e-07
10050.056 8.360664259370756e-07
10100.056 1.0376153708243726e-06
10150.056 9.947206789436585e-07
10200.056 1.0853666674298458e-06
10250.056 1.071196471739569e-06
10300.056 1.1069945028596363e-06
10350.056 1.272952834819721e-06
10400.056 1.3601701189699172e-06
10450.056 1.4678245982902223e-06
10500.056 1.3579806051698028e-06
10550.056 1.3472739531205123e-06
10600.056 1.462221187340436e-06
10650.056 1.6229086686198497e-06
10700.056 1.8288365547301344e-06
10750.056 2.0287900279700694e-06
10800.056 2.1436478439999094e-06
10850.056 2.3475217030597845e-06
10900.056 2.1750382589896936e-06
10950.056 1.9150968411075596e-06
11000.056 1.8668308834590783e-06
11050.056 1.329679456445063e-06
11100.056 1.4637547852385917e-06
11150.056 1.5051245640081791e-06
11200.056 1.5216371837985717e-06
11250.056 1.726234806218857e-06
11300.056 1.7465418873906333e-06
11350.056 1.574858314101526e-06
11400.056 1.4840708840092095e-06
11450.056 1.6919799537111251e-06
11500.056 1.8627093841014298e-06
11550.056 1.7884069540159891e-06
11600.056 1.8848317507495993e-06
11650.056 1.9910311242435846e-06
11700.056 1.7306978968624502e-06
11750.056 1.7125632648710536e-06
11800.056 1.7131421531499342e-06
11850.056 1.9866020437281994e-06
11900.056 1.995724066615462e-06
11950.056 2.1465508838747357e-06
12000.056 2.1116310647302117e-06
12050.056 2.3009055785006053e-06
12100.056 2.3443941904999204e-06
12150.056 2.5567482689098165e-06
12200.056 2.6921063366696246e-06
12250.056 2.858941012359403e-06
12300.056 2.9754635181306457e-06
12350.056 3.062951308140443e-06
12400.056 2.924193967909685e-06
12450.056 2.53795360346403e-06
12500.056 2.7902795892094977e-06
12550.056 2.8334414170799693e-06
12600.056 2.8739515560901175e-06
12650.056 3.060162580709596e-06
12700.056 3.2224450475797935e-06
12750.056 3.203351917150382e-06
12800.056 3.446459061629822e-06
12850.056 3.391046108800344e-06
12900.056 3.334192448909649e-06
12950.056 3.5002650476990615e-06
13000.056 3.531318632699036e-06
13050.056 3.5593840333597554e-06
13100.056 3.509111598611343e-06
13150.056 3.4839049360717017e-06
13200.056 3.323481338539586e-06
13250.056 3.1197958784810968e-06
13300.056 2.5829072764407112e-06
13350.056 1.6324771640832409e-06
13400.056 1.482808786523507e-06
13450.056 1.2791495304975487e-06
13500.056 1.2882798086077186e-06
13550.056 1.2120461738968075e-06
13600.056 1.023969654988574e-06
13650.056 1.106522021112478e-06
13700.056 9.4959265118895e-07
13750.056 9.117184273972056e-07
13800.056 1.062592634641903e-06
13850.056 1.080272902008688e-06
13900.056 1.0805706692113615e-06
13950.056 1.0254475657562761e-06
14000.056 9.508461443540361e-07
14050.056 9.447595983921844e-07
14100.056 8.60025583066491e-07
14150.056 8.264378426512799e-07
14200.056 7.950411140892166e-07
14250.056 7.784106358923077e-07
14300.056 7.940214646966572e-07
14350.056 7.77075069394101e-07
14400.056 8.580636223310555e-07
14450.056 9.040183265076381e-07
14500.056 1.0131703231020678e-06
14550.056 1.033630206291844e-06
14600.056 1.0634548767215101e-06
14650.056 1.052376873624589e-06
14700.056 9.713911300697986e-07
14750.056 1.039286317504257e-06
14800.056 1.0905036477933918e-06
14850.056 1.1744818982784626e-06
14900.056 1.210727782089065e-06
14950.056 1.2102408768341664e-06
15000.056 1.2563110862314604e-06
15050.056 1.379668068730509e-06
15100.056 1.397451119874262e-06
15150.056 1.4955326978981421e-06
15200.056 1.5381934943178898e-06
15250.056 1.539909130429782e-06
15300.056 1.6579531626198741e-06
15350.056 1.6929022082700725e-06
15400.056 1.7759461573301026e-06
15450.056 1.8837093214902782e-06
15500.056 1.920142427899462e-06
15550.056 2.05229897568991e-06
15600.056 2.024708566750316e-06
15650.056 2.1525023689200945e-06
15700.056 2.3423748006410954e-06
15750.056 2.451280194239828e-06
15800.056 2.4759713051508376e-06
15850.056 2.5165665881200327e-06
15900.056 2.5711305148305774e-06
15950.056 2.692536938109874e-06
16000.056 2.7725932444798137e-06
16050.056 2.88064720486011e-06
16100.056 2.991924794720367e-06
16150.056 3.0158747067003494e-06
16200.056 3.1371418651996018e-06
16250.056 3.2106709116399267e-06
16300.056 3.2341653050300554e-06
16350.056 3.4176943019797807e-06
16400.056 3.422506959800943e-06
16450.056 3.506112115850113e-06
16500.056 3.6384110453808386e-06
16550.056 3.7859912562198045e-06
16600.056 3.637993290980836e-06
16650.056 3.981330700000277e-06
16700.056 3.898667745539167e-06
16750.056 4.006904521309188e-06
16800.056 4.155418703580293e-06
16850.056 4.115395330409943e-06
16900.056 4.043911558650285e-06
16950.056 4.027794464849499e-06
17000.056 3.985421957680661e-06
17050.056 3.906683469660139e-06
17100.056 3.6448781850407613e-06
17150.056 3.543517985129382e-06
17200.056 3.2466495240398085e-06
17250.056 3.0932297795997934e-06
17300.056 3.1701169645193494e-06
17350.056 2.9678786925900637e-06
17400.056 3.1385505563462574e-06
17450.056 2.9055289610821993e-06
17500.056 2.7555632259797184e-06
17550.056 2.797833947323856e-06
17600.056 2.6533979884561363e-06
17650.056 2.680439134503228e-06
17700.056 2.356897589862687e-06
17750.056 2.2091635054872045e-06
17800.056 2.227859026237502e-06
17850.056 2.096028876376306e-06
17900.056 2.0548401991938863e-06
17950.056 2.017623747982178e-06
18000.056 1.8176889383801453e-06
18050.056 1.8402913675730857e-06
18100.056 1.7531266772621439e-06
18150.056 1.9674191560397924e-06
18200.056 1.622601553810532e-06
18250.056 1.875924107996301e-06
18300.056 1.8284676659778727e-06
18350.056 1.6792060072275578e-06
18400.056 1.6737545836703432e-06
18450.056 1.5316854248136113e-06
18500.056 1.5475201812506034e-06
18550.056 1.470971755793375e-06
18600.056 1.2512791275478505e-06
18650.056 1.4546187492486005e-06
18700.056 1.5481006546992044e-06
18750.056 1.4563459279593935e-06
18800.056 1.503341091150731e-06
18850.056 1.7194671121098364e-06
18900.056 1.6717284155581618e-06
18950.056 1.6405871842919357e-06
19000.056 1.779127963977596e-06
19050.056 1.739912576744932e-06
19100.056 1.7567155295287567e-06
19150.056 1.8680231339718529e-06
19200.056 1.837007132494882e-06
19250.056 1.7539722707852782e-06
19300.056 1.8099002785161024e-06
19350.056 1.8265128499891855e-06
19400.056 1.6919399112571093e-06
19450.056 1.8556122980504565e-06
19500.056 1.814599777061583e-06
19550.056 1.6006239579178946e-06
19600.056 1.87177348403385e-06
19650.056 1.829320860479483e-06
19700.056 1.853314839935366e-06
19750.056 1.7551147254573983e-06
19800.056 1.7989734691095335e-06
19850.056 1.8103266094106625e-06
19900.056 1.6459544245795463e-06
19950.056 1.8969798765751757e-06
20000.056 1.676130073771475e-06
20050.056 1.765848981172269e-06
20100.056 1.9112910516274605e-06
20150.056 1.819009866117975e-06
20200.056 1.8843736036331147e-06
20250.056 2.002377029242298e-06
20300.056 1.985977163311922e-06
20350.056 2.0201489287198594e-06
20400.056 1.996968250064936e-06
20450.056 2.197344663589865e-06
20500.056 2.1217167118904287e-06
20550.056 2.1925832973401623e-06
20600.056 2.3544425622506246e-06
20650.056 2.2935862479309016e-06
20700.056 2.388445567030035e-06
20750.056 2.4563801821593974e-06
20800.056 2.551953959310392e-06
20850.056 2.5686446634497734e-06
20900.056 2.6653611186896184e-06
20950.056 2.7191481169000445e-06
21000.056 2.8917626019997964e-06
21050.056 2.8690142356501703e-06
21100.056 2.9533772253099283e-06
21150.056 3.1503761354002822e-06
21200.056 3.1033755097404447e-06
21250.056 3.2760053632996114e-06
21300.056 3.177679054329768e-06
21350.056 3.445709195530151e-06
21400.056 3.3107159590405393e-06
21450.056 3.662484296450058e-06
21500.056 3.481903186750299e-06
21550.056 3.5781280814397674e-06
21600.056 3.7132080895004985e-06
21650.056 3.6756125341005826e-06
21700.056 3.901256097899769e-06
21750.056 3.822378321249847e-06
21800.056 3.8112322383198315e-06
21850.056 3.87303820539971e-06
21900.056 3.987728535900684e-06
21950.056 3.9412668400104455e-06
22000.056 4.127459740099841e-06
22050.056 3.9654382784992034e-06
22100.056 4.150630409629904e-06
22150.056 4.16552475883045e-06
22200.056 4.027487101691463e-06
22250.056 4.250018009820304e-06
22300.056 4.219338807649451e-06
22350.056 4.137205775460404e-06
22400.056 4.366797962730345e-06
22450.056 4.3220293741991505e-06
22500.056 4.4003151242795635e-06
22550.056 4.310091745898872e-06
22600.056 4.3303407640797904e-06
22650.056 4.3529331987613655e-06
22700.056 4.347325629301344e-06
22750.056 4.4874522948896715e-06
22800.056 4.305374765410089e-06
22850.056 4.367564110250744e-06
22900.056 4.549665402289652e-06
22950.056 3.3682558636905674e-06
23000.056 3.834241434200367e-06
23050.056 3.9482977510921216e-06
23100.056 3.74761787773269e-06
23150.056 3.859400475246982e-06
23200.056 3.928401454872026e-06
23250.056 3.2216680206118005e-06
23300.056 3.5091386760672537e-06
23350.056 3.5670392533151232e-06
23400.056 3.4064900841100774e-06
23450.056 3.57018072271953e-06
23500.056 3.346180194518989e-06
23550.056 3.0273617706022265e-06
23600.056 3.120331837574951e-06
23650.056 3.3052631713276805e-06
23700.056 3.324216479946805e-06
23750.056 3.210978105935419e-06
23800.056 3.1842871682367556e-06
23850.056 2.7045453949734067e-06
23900.056 2.984745856921353e-06
23950.056 3.0511883042013567e-06
24000.056 2.8556015105096377e-06
24050.056 2.8361457458101977e-06
24100.056 2.5666680069591497e-06
24150.056 2.478796304290683e-06
24200.056 2.5324784826589166e-06
24250.056 2.44358652714081e-06
24300.056 2.30394375995008e-06
24350.056 2.206328983760219e-06
24400.056 2.4037245410794813e-06
24450.056 2.165994129719768e-06
24500.056 1.963048939679779e-06
24550.056 1.9626364300397723e-06
24600.056 1.993845846530494e-06
24650.056 2.1476185264995936e-06
24700.056 1.8290320058598802e-06
24750.056 1.7174296578408998e-06
24800.056 1.6379929531205747e-06
24850.056 1.8986787367299208e-06
24900.056 1.5114352138711723e-06
24950.056 1.840819529119592e-06
25000.056 1.606661747599989e-06
25050.056 1.3362706817504111e-06
25100.056 1.5631653870000636e-06
25150.056 1.3140241264102313e-06
25200.056 1.4460206668493212e-06
25250.056 1.3761888150996105e-06
25300.056 1.4617574600300798e-06
25350.056 1.2186039927701405e-06
25400.056 1.3476904286207342e-06
25450.056 1.2346057178101399e-06
25500.056 1.3072233031905183e-06
25550.056 1.202004252770305e-06
25600.056 1.2447908530602915e-06
25650.056 1.1256281292800004e-06
25700.056 1.3619702459293171e-06
25750.056 1.0484289469701072e-06
25800.056 1.3254074644703869e-06
25850.056 1.1798362798597883e-06
25900.056 1.3137132145203337e-06
25950.056 1.171638024589881e-06
26000.056 1.2907846177403343e-06
26050.056 1.447177160950222e-06
26100.056 1.3428778817201233e-06
26150.056 1.3760730639393867e-06
26200.056 1.3002961715501122e-06
26250.056 1.2808517461606527e-06
26300.056 1.3419103504201818e-06
26350.056 1.2787284037797658e-06
26400.056 1.3537828107093005e-06
26450.056 1.3408380882602092e-06
26500.056 1.3969042588492356e-06
26550.056 1.369770662699429e-06
26600.056 1.5891197695693882e-06
26650.056 1.2820912573597814e-06
26700.056 1.278229127309969e-06
26750.056 1.2139776271694318e-06
26800.056 1.3283967166593703e-06
26850.056 1.1366372214000205e-06
26900.056 1.4135898324102247e-06
26950.056 1.0157148771400158e-06
27000.056 1.3432162256706417e-06
27050.056 1.1314966741799747e-06
27100.056 1.1498809043498125e-06
27150.056 1.212042641459849e-06
27200.056 1.1998226044306074e-06
27250.056 1.1292587193407137e-06
27300.056 1.2324204860798191e-06
27350.056 1.24530380394943e-06
27400.056 1.0819029163100113e-06
27450.056 1.3538414814491925e-06
27500.056 1.231584814999917e-06
27550.056 1.218638658589976e-06
27600.056 1.37119960975965e-06
27650.056 1.074668691069761e-06
27700.056 1.0879427755602262e-06
27750.056 1.3555432024589612e-06
27800.056 9.940600308297272e-07
27850.056 1.148247352439052e-06
27900.056 1.1677648442402613e-06
27950.056 1.2960375137498285e-06
28000.056 1.2865702643404626e-06
28050.056 1.0063262961603293e-06
28100.056 1.3833084256007072e-06
28150.056 1.1278930462200244e-06
28200.056 9.777763357901399e-07
28250.056 1.1933867371700962e-06
28300.056 1.3666832316301947e-06
28350.056 1.1698266239394605e-06
28400.056 1.1499992077399438e-06
28450.056 1.1607530666996308e-06
28500.056 1.2168708259097582e-06
28550.056 9.558322385495921e-07
28600.056 1.3658277508099884e-06
28650.056 1.2957166157996918e-06
28700.056 1.1857849090194772e-06
