galfind/configs/Brown_Dwarf_templates/sonora_bobcat/m0.0/10g/sp_t1000g10nc_m0.0_resample.dat
# %ECSV 1.0
# ---
# datatype:
# - {name: wav, unit: Angstrom, datatype: float64}
# - {name: flux_nu, unit: erg / (cm2 Hz s), datatype: float64}
# meta: {C/O: '1.00', Kzz: '1.0000E+05', Teff: '1000.', Y: '0.28', '[Fe/H]': '0.00', f_hole: '1.00', f_rain: '0.00', grav: '10.'}
# schema: astropy-2.0
wav flux_nu
[from data line 498]
28900.056 1.3029834823189945e-07
28950.056 2.1280512510351985e-07
29000.056 1.730377573786552e-07
29050.056 1.7731162740303476e-07
29100.056 1.4132329846772272e-07
29150.056 2.0255899284980415e-07
29200.056 1.690336528964477e-07
29250.056 2.1978177733970742e-07
29300.056 1.5544462063080132e-07
29350.056 2.5796784942780405e-07
29400.056 1.8021801095586076e-07
29450.056 1.97320893205665e-07
29500.056 2.0653874378936754e-07
29550.056 1.9277031533528892e-07
29600.056 2.1333378386214722e-07
29650.056 2.0778186846465999e-07
29700.056 1.625074826785933e-07
29750.056 2.1851342340832713e-07
29800.056 2.225419240017007e-07
29850.056 2.2202063086806547e-07
29900.056 2.0048205812560456e-07
29950.056 2.1666154579784376e-07
30000.056 2.005298360908891e-07
30050.056 1.86253532941989e-07
30100.056 1.657702436732268e-07
30150.056 2.2573649841198003e-07
30200.056 1.779119075853911e-07
30250.056 2.251064159605663e-07
30300.056 1.8697542937201207e-07
30350.056 1.650076637660117e-07
30400.056 1.8735464801220105e-07
30450.056 1.5163856925121946e-07
30500.056 1.1832941941031844e-07
30550.056 1.2652312487760732e-07
30600.056 1.331566029529898e-07
30650.056 1.1072491046696618e-07
30700.056 1.1634803509957906e-07
30750.056 1.0420971197398467e-07
30800.056 8.869659305601603e-08
30850.056 8.136059970816533e-08
30900.056 8.200378376308652e-08
30950.056 7.263075550242083e-08
31000.056 6.353942317950145e-08
31050.056 6.646850804400696e-08
31100.056 5.239942829339212e-08
31150.056 5.683547178159688e-08
31200.056 6.185977626900944e-08
31250.056 4.654611286758931e-08
31300.056 4.630740027839434e-08
31350.056 4.447766541239941e-08
31400.056 3.8044686047900276e-08
31450.056 3.8198423673393835e-08
31500.056 3.347845610169036e-08
31550.056 3.647690133720038e-08
31600.056 3.041701997379583e-08
31650.056 2.947722391699934e-08
31700.056 2.8245001111994325e-08
31750.056 2.6219066100610407e-08
31800.056 2.945504132629565e-08
31850.056 2.8588837961002302e-08
31900.056 3.017880689849658e-08
31950.056 2.1676476959302355e-08
32000.056 2.6390377854297166e-08
32050.056 2.804882578650025e-08
32100.056 2.8552425950507197e-08
32150.056 2.8039199201694484e-08
32200.056 2.6343350662200557e-08
32250.056 3.028645438620277e-08
32300.056 2.7059627333102895e-08
32350.056 3.2059634574192524e-08
32400.056 2.5471517315993836e-08
32450.056 3.051422868589008e-08
32500.056 3.109912542330312e-08
32550.056 2.8077105955297113e-08
32600.056 3.2817435883602375e-08
32650.056 4.266269806129355e-08
32700.056 3.813633429800563e-08
32750.056 4.0202671516204454e-08
32800.056 3.877804640800319e-08
32850.056 4.1568545526991405e-08
32900.056 4.678727188699183e-08
32950.056 4.804813706639535e-08
33000.056 4.112649712438569e-08
33050.056 3.7596475406620116e-08
33100.056 2.4233017096497763e-08
33150.056 2.013522510689909e-08
33200.056 1.5304004682801005e-08
33250.056 1.071290208939863e-08
33300.056 1.054449499820048e-08
33350.056 1.2470041551499805e-08
33400.056 1.4821412936196673e-08
33450.056 1.8562844937999864e-08
33500.056 2.440094004500878e-08
33550.056 2.5821504516607898e-08
33600.056 3.4282000966995936e-08
33650.056 3.529116955839402e-08
33700.056 3.364922240869465e-08
33750.056 4.125388282800631e-08
33800.056 4.232122100399994e-08
33850.056 4.366953847759396e-08
33900.056 3.832175820010093e-08
33950.056 3.7584710850498724e-08
34000.056 4.4176782426813744e-08
34050.056 3.38212251137844e-08
34100.056 4.425467163299277e-08
34150.056 4.1280637876998496e-08
34200.056 3.6675803507987996e-08
34250.056 4.0141702167977923e-08
34300.056 3.917804310098069e-08
34350.056 3.156471355099935e-08
34400.056 3.308104024399551e-08
34450.056 3.804039337099431e-08
34500.056 3.6794165365001513e-08
34550.056 3.640852788400196e-08
34600.056 4.322610350299587e-08
34650.056 4.0084397781998175e-08
34700.056 3.90970333509975e-08
34750.056 4.104519827399091e-08
34800.056 4.030364449998987e-08
34850.056 3.851669554201224e-08
34900.056 4.5428501852988865e-08
34950.056 4.4605085017991124e-08
35000.056 5.5685869676016096e-08
35050.056 4.179358714699071e-08
35100.056 4.7218036888004015e-08
35150.056 4.5673273125000536e-08
35200.056 5.0808775100995e-08
35250.056 5.844803925798666e-08
35300.056 5.4840485714009916e-08
35350.056 5.032736394098605e-08
35400.056 5.4650936450005355e-08
35450.056 4.1705917427015884e-08
35500.056 6.472474141600183e-08
35550.056 6.496460900298926e-08
35600.056 5.5729777873022256e-08
35650.056 6.276435819699377e-08
35700.056 5.94711239629934e-08
35750.056 6.974430935398812e-08
35800.056 9.042037971399886e-08
35850.056 6.221484073799038e-08
35900.056 7.645606221299725e-08
35950.056 7.109424783398915e-08
36000.056 7.362940561301387e-08
36050.056 6.945559905798163e-08
36100.056 7.605217166295786e-08
36150.056 7.521478030898331e-08
36200.056 7.940843175598127e-08
36250.056 7.957464924497082e-08
36300.056 8.518028933000604e-08
36350.056 8.495731065800687e-08
36400.056 8.139763280599367e-08
36450.056 9.846701856201228e-08
36500.056 1.0274261589498829e-07
36550.056 9.956996645702456e-08
36600.056 1.1508679187900766e-07
36650.056 1.174719224079741e-07
36700.056 1.2579878633998774e-07
36750.056 1.3151850361006902e-07
36800.056 1.3080430940499945e-07
36850.056 1.3311757890496557e-07
36900.056 1.3259956568997876e-07
36950.056 1.5341816793297932e-07
37000.056 1.5107283201899404e-07
37050.056 1.4463613316797672e-07
37100.056 1.6874691609299647e-07
37150.056 1.4224848675100136e-07
37200.056 1.601924003129881e-07
37250.056 1.728029401499723e-07
37300.056 1.5351559071693952e-07
37350.056 1.522070487210326e-07
37400.056 2.142187838799956e-07
37450.056 1.811802259830218e-07
37500.056 1.8275688504197727e-07
37550.056 2.0164095449910328e-07
37600.056 2.1049337052600484e-07
37650.056 1.8486192600798882e-07
37700.056 2.418326764420311e-07
37750.056 1.9585685549698643e-07
37800.056 2.0602205955314885e-07
37850.056 1.8080117634500775e-07
37900.056 1.8353117982006667e-07
37950.056 2.077800208769521e-07
38000.056 2.4890508016001603e-07
38050.056 2.5119159450203974e-07
38100.056 2.1797817647405988e-07
38150.056 2.750153874939809e-07
38200.056 2.847839414590731e-07
38250.056 2.7698700464602925e-07
38300.056 3.2538826866297544e-07
38350.056 3.4318465504200445e-07
38400.056 2.5565070911392246e-07
38450.056 2.8108685066198467e-07
38500.056 2.194522050600339e-07
38550.056 2.9363314727003754e-07
38600.056 3.1684172088003464e-07
38650.056 2.891932260969707e-07
38700.056 3.1433623681196975e-07
38750.056 3.414415215620273e-07
38800.056 2.971741898047681e-07
38850.056 2.8766927227301533e-07
38900.056 3.611317234460647e-07
38950.056 3.424624740989656e-07
39000.056 3.5474762343298766e-07
39050.056 3.3661906348394364e-07
39100.056 3.534274097370694e-07
39150.056 3.429034220320006e-07
39200.056 3.847067290489884e-07
39250.056 4.090358024608606e-07
39300.056 3.5393434618280605e-07
39350.056 4.240092634319985e-07
39400.056 4.0582007268010643e-07
39450.056 4.040180942389789e-07
39500.056 3.785260584161061e-07
39550.056 4.1884865334804346e-07
39600.056 4.236666381078482e-07
39650.056 4.408725865899979e-07
39700.056 4.4028184146200833e-07
39750.056 3.9290015694305346e-07
39800.056 4.5123347969983076e-07
39850.056 4.80524950699982e-07
39900.056 4.6643753125007094e-07
39950.056 4.5412238306185094e-07
40000.056 5.354977762881138e-07
40050.056 4.800781425760285e-07
40100.056 4.6864503825000273e-07
40150.056 5.08185953309892e-07
40200.056 5.086802792098289e-07
40250.056 4.727853657298571e-07
40300.056 4.81433460460078e-07
40350.056 5.333535342920474e-07
40400.056 5.553577301539858e-07
40450.056 5.542173139791497e-07
40500.056 5.278891211700326e-07
40550.056 5.47599403811943e-07
40600.056 5.308905857400871e-07
40650.056 5.028693054358713e-07
40700.056 6.021317805199944e-07
40750.056 5.582915586998775e-07
40800.056 4.912355059468293e-07
40850.056 5.869448132201331e-07
40900.056 5.483669900680447e-07
40950.056 5.449556141100447e-07
41000.056 5.653331339340367e-07
41050.056 6.156249801999474e-07
41100.056 5.521325237300494e-07
41150.056 4.975100499239418e-07
41200.056 5.997865821499265e-07
41250.056 5.485017904929555e-07
41300.056 5.067427731698869e-07
41350.056 6.45101880990081e-07
41400.056 6.120498369521356e-07
41450.056 6.092538912101982e-07
41500.056 5.60369774078992e-07
41550.056 5.768746123700227e-07
41600.056 6.596824213290403e-07
41650.056 6.153165849800691e-07
41700.056 5.616351925998209e-07
41750.056 5.940325781299539e-07
41800.056 6.047644407898876e-07
41850.056 4.929293949590679e-07
41900.056 5.473334672739472e-07
41950.056 4.7358585294014186e-07
42000.056 5.011229765900827e-07
42050.056 4.561141498759212e-07
42100.056 5.827161542700559e-07
42150.056 4.376869186088471e-07
42200.056 4.422476695619772e-07
42250.056 4.3095238458492696e-07
42300.056 3.954392044680412e-07
42350.056 4.977471031201026e-07
42400.056 4.1587024408013383e-07
42450.056 3.8744833921003797e-07
42500.056 3.966891747900508e-07
42550.056 4.006228877139723e-07
42600.056 3.839252083361359e-07
42650.056 3.678907176718424e-07
42700.056 4.031202277501157e-07
42750.056 3.657934593599731e-07
42800.056 3.5540057111212707e-07
42850.056 4.088475495298691e-07
42900.056 4.030973403300689e-07
42950.056 3.886803858298122e-07
43000.056 3.942064073340151e-07
43050.056 3.4519725454319173e-07
43100.056 3.922515079100078e-07
43150.056 3.653547893630754e-07
43200.056 4.135411541200498e-07
43250.056 4.0687138032994953e-07
43300.056 4.2323977849000407e-07
43350.056 3.845418181969948e-07
43400.056 3.866125396389771e-07
43450.056 3.8333738099606433e-07
43500.056 3.593423543379555e-07
43550.056 3.951342738270521e-07
43600.056 4.3081774451802704e-07
43650.056 3.8609884551503917e-07
43700.056 3.9285778069993263e-07
43750.056 4.019083945541221e-07
43800.056 3.666097580549828e-07
43850.056 3.851906279200918e-07
43900.056 4.029684096499622e-07
43950.056 3.4857232997405055e-07
44000.056 3.54540428906031e-07
44050.056 3.994769172900604e-07
44100.056 4.1765121260003405e-07
44150.056 3.9051080312887016e-07
44200.056 3.9071157225397877e-07
44250.056 3.8255224204600413e-07
44300.056 3.6932785486505493e-07
44350.056 3.6126305227605005e-07
44400.056 3.975271984310112e-07
44450.056 4.00227659503974e-07
44500.056 4.2996460786005026e-07
44550.056 4.160479348099238e-07
44600.056 3.78618372126056e-07
44650.056 4.200216033180858e-07
44700.056 3.7356738102002736e-07
44750.056 4.175329463829656e-07
44800.056 4.1813320483001195e-07
44850.056 4.021265196500723e-07
44900.056 3.772305529780191e-07
44950.056 3.86095622252021e-07
45000.056 4.125366645399553e-07
45050.056 4.1386029477199576e-07
45100.056 4.1891243642398566e-07
45150.056 4.03738248840976e-07
45200.056 3.7862629918002475e-07
45250.056 3.893168643599118e-07
45300.056 3.8618968395004873e-07
45350.056 4.0493710623996545e-07
45400.056 4.2162903353003493e-07
45450.056 3.801528137859286e-07
45500.056 3.9528902066598514e-07
45550.056 4.302270442399388e-07
45600.056 4.135722699000003e-07
45650.056 3.563565897389202e-07
45700.056 4.1931656031106484e-07
45750.056 3.6858730487898293e-07
45800.056 3.98828111599991e-07
45850.056 4.5207196285997473e-07
45900.056 4.553874556900208e-07
45950.056 3.9115411580001113e-07
46000.056 4.429450761290038e-07
46050.056 4.21802769393034e-07
46100.056 3.9712502997002814e-07
46150.056 4.1551924393499013e-07
46200.056 4.239110223650744e-07
46250.056 3.6397710262896943e-07
46300.056 4.546843684119808e-07
46350.056 3.961379477499787e-07
46400.056 3.987874875699848e-07
46450.056 4.125024195630621e-07
46500.056 3.890926668699997e-07
46550.056 4.6219424000696247e-07
46600.056 4.3444329088801244e-07
46650.056 5.421531555299045e-07
46700.056 4.900816080301499e-07
46750.056 3.879810590759625e-07
46800.056 4.18661268328055e-07
46850.056 4.901025311300861e-07
46900.056 4.603436912199238e-07
46950.056 4.932348412400376e-07
47000.056 4.2542278328998913e-07
47050.056 4.771162480218546e-07
47100.056 3.7906740391205773e-07
47150.056 4.108999872990253e-07
47200.056 4.4785546334406086e-07
47250.056 4.0241340323998585e-07
47300.056 3.9454587901691994e-07
47350.056 4.004357436399328e-07
47400.056 4.6786265502992483e-07
47450.056 4.1494201341300244e-07
47500.056 4.702885837999067e-07
47550.056 4.1566015222996254e-07
47600.056 4.4692225111995823e-07
47650.056 3.445659971699114e-07
47700.056 4.6633271982508604e-07
47750.056 3.2829699913105184e-07
47800.056 4.5482002072995485e-07
47850.056 3.539493987409347e-07
47900.056 4.394885523039837e-07
47950.056 3.448332173720487e-07
48000.056 4.962369844200527e-07
48050.056 4.1531588131203797e-07
48100.056 4.1939659341000316e-07
48150.056 4.141255230200511e-07
48200.056 4.513125313700555e-07
48250.056 3.9260268314998825e-07
48300.056 4.6772046784983187e-07
48350.056 3.517349453800109e-07
48400.056 4.035237042169799e-07
48450.056 3.9457593446009294e-07
48500.056 5.078739467700009e-07
48550.056 3.686167458600126e-07
48600.056 4.433630418799893e-07
48650.056 3.885297828599634e-07
48700.056 4.268649869680048e-07
48750.056 3.366710771190869e-07
48800.056 5.268391634849997e-07
48850.056 3.667694908749397e-07
48900.056 4.7447881114003485e-07
48950.056 4.43476886970061e-07
49000.056 3.6605797089390116e-07
49050.056 4.4344781493001505e-07
49100.056 4.2109289648004845e-07
49150.056 4.319319950010113e-07
49200.056 4.4217698520001045e-07
49250.056 4.557286164600418e-07
49300.056 3.966028234339802e-07
49350.056 3.7587259608002596e-07
49400.056 4.484878770500152e-07
49450.056 4.0514672332212125e-07
49500.056 4.075042252399705e-07
49550.056 3.408042902320264e-07
49600.056 4.0558469050210565e-07
49650.056 4.2100026265599374e-07
49700.056 3.684521311569046e-07
49750.056 4.682508124398965e-07
49800.056 4.031539735340227e-07
49850.056 5.105753182200915e-07
49900.056 4.0730441384001795e-07
49950.056 4.3997452348994126e-07
50000.056 4.211479048899251e-07
50050.056 4.5068073034002503e-07
50100.056 4.2761903129497715e-07
50150.056 3.509731877699769e-07
50200.056 2.8365895287298106e-07
50250.056 4.31526877369957e-07
50300.056 3.9152413990999765e-07
50350.056 4.889901260900172e-07
50400.056 4.214250805499879e-07
50450.056 3.9246203770208527e-07
50500.056 4.520611447400695e-07
50550.056 4.019126573000006e-07
50600.056 4.250497919549711e-07
50650.056 4.5260678948011736e-07
50700.056 4.795388752398371e-07
50750.056 4.783407014740747e-07
50800.056 3.5057933913596974e-07
50850.056 3.761555917730915e-07
50900.056 4.678890463600161e-07
50950.056 4.16152522060106e-07
51000.056 4.849722479110594e-07
51050.056 3.840490489100417e-07
51100.056 3.423548809269633e-07
51150.056 4.232222480509316e-07
51200.056 4.720905851999898e-07
51250.056 4.2274963246788494e-07
51300.056 3.838982827702033e-07
51350.056 3.768624485099516e-07
51400.056 3.1008054814294905e-07
51450.056 2.6598703118291273e-07
51500.056 3.40784356809065e-07
51550.056 5.030374445180579e-07
51600.056 3.7133696200805696e-07
51650.056 3.95876191979946e-07
51700.056 3.7744416342387835e-07
51750.056 3.321033436600689e-07
51800.056 4.1539087902988907e-07
51850.056 4.2352924321000217e-07
51900.056 4.771493948881402e-07
51950.056 4.270771703499519e-07
52000.056 3.00945561057992e-07
52050.056 4.01255834281034e-07
52100.056 3.35917270349921e-07
52150.056 3.3860747570802567e-07
52200.056 3.034947470439819e-07
52250.056 3.4452028845803503e-07
52300.056 4.3541693800998326e-07
52350.056 4.2065276065203856e-07
52400.056 2.975864593270062e-07
52450.056 3.912721748400189e-07
52500.056 4.0524257118890037e-07
52550.056 4.317668670198601e-07
52600.056 3.7762132767007274e-07
52650.056 4.1297694833811345e-07
52700.056 3.8802238375899644e-07
52750.056 3.019557677539711e-07
52800.056 3.5460431743004413e-07
52850.056 3.384439980679257e-07
52900.056 3.5366915661807817e-07
52950.056 3.6039605653596276e-07
53000.056 4.078959273669766e-07
53050.056 3.099753706148813e-07
53100.056 3.062206034758983e-07
53150.056 4.3704037844004743e-07
53200.056 2.902529327539972e-07
53250.056 4.4046089532002316e-07
53300.056 4.1630432418720276e-07
53350.056 4.121250502599649e-07
53400.056 4.1588863627005976e-07
53450.056 3.043872406000363e-07
53500.056 2.50647883219908e-07
53550.056 3.38645526441901e-07
