galfind/configs/Brown_Dwarf_templates/sonora_bobcat/m0.0/10g/sp_t2200g10nc_m0.0_resample.dat
# %ECSV 1.0
# ---
# datatype:
# - {name: wav, unit: Angstrom, datatype: float64}
# - {name: flux_nu, unit: erg / (cm2 Hz s), datatype: float64}
# meta: {C/O: '1.00', Kzz: '1.0000E+05', Teff: '2200.', Y: '0.28', '[Fe/H]': '0.00', f_hole: '1.00', f_rain: '0.00', grav: '10.'}
# schema: astropy-2.0
wav flux_nu
4000.0559999999996 nan
4050.0559999999996 1.3102476406107908e-08
4100.056 1.1825235639467881e-08
4150.056 9.11189268197142e-09
4200.056 6.7883256717121326e-09
4250.056 5.881352559552892e-09
4300.056 3.6235278098531702e-09
4350.056 4.064306253469683e-09
4400.056 3.836183890391046e-09
4450.056 1.974779009062142e-09
4500.056 2.370769117976304e-09
4550.056 3.0430865202289862e-09
4600.056 2.4466347992393013e-09
4650.056 1.7496964293405734e-09
4700.056 2.1241010117008656e-09
4750.056 2.9725254380466657e-09
4800.056 1.9997951493691563e-09
4850.056 2.548181292580974e-09
4900.056 6.06148121281851e-09
4950.056 7.42751374626742e-09
5000.056 3.5146333027906908e-09
5050.056 4.481945107012218e-09
5100.056 1.1689037201011984e-08
5150.056 1.4014455293324342e-08
5200.056 6.068633144780859e-09
5250.056 7.525126818418988e-09
5300.056 9.269383206530897e-09
5350.056 8.089733076011732e-09
5400.056 9.267587551199527e-09
5450.056 7.3344889787384755e-09
5500.056 5.822207326418832e-09
5550.056 8.614660474278586e-09
5600.056 5.571201606180016e-09
5650.056 4.553194620900721e-09
5700.056 6.733909897100876e-09
5750.056 7.901856706459153e-09
5800.056 1.126042913579952e-08
5850.056 8.253493051400933e-09
5900.056 2.391567682042832e-09
5950.056 5.166521270100282e-09
6000.056 8.244041442499469e-09
6050.056 1.3620769109601482e-08
6100.056 1.8698426097600215e-08
6150.056 1.8129649285894896e-08
6200.056 7.048109324700805e-09
6250.056 7.577252417101041e-09
6300.056 1.2197455892500403e-08
6350.056 1.7574963841501582e-08
6400.056 2.378183181340227e-08
6450.056 3.434140073518664e-08
6500.056 3.243110724809041e-08
6550.056 4.310606669288466e-08
6600.056 3.1276480794204934e-08
6650.056 2.2562457599003725e-08
6700.056 1.7645435143221522e-08
6750.056 2.0483942933203844e-08
6800.056 2.3934711492800215e-08
6850.056 3.410100793729771e-08
6900.056 5.137053945539674e-08
6950.056 7.553936403198303e-08
7000.056 1.1808254185798444e-07
7050.056 1.054656670522184e-07
7100.056 4.9512655226993707e-08
7150.056 2.9997343923308106e-08
7200.056 4.759831074019451e-08
7250.056 7.796019018800848e-08
7300.056 1.5202715998203442e-07
7350.056 2.4995056771998624e-07
7400.056 3.575025921840059e-07
7450.056 4.2442660664993253e-07
7500.056 5.017266947700073e-07
7550.056 5.841410088600265e-07
7600.056 3.867459253389754e-07
7650.056 1.6630995130735887e-07
7700.056 1.1470249983459263e-07
7750.056 1.8535026563507093e-07
7800.056 2.142316361670743e-07
7850.056 2.1989909807698872e-07
7900.056 2.5947533483305283e-07
7950.056 2.7672388808863715e-07
8000.056 3.398132056979355e-07
8050.056 5.265716555278899e-07
8100.056 7.859657150202095e-07
8150.056 1.1292507427400952e-06
8200.056 9.17851338939847e-07
8250.056 8.901527392699704e-07
8300.056 6.828316363802085e-07
8350.056 7.242230422602616e-07
8400.056 7.385950323501715e-07
8450.056 3.7155476721388e-07
8500.056 3.1980591669117937e-07
8550.056 4.252434097100191e-07
8600.056 5.488373556597825e-07
8650.056 7.543078650699329e-07
8700.056 9.521748845202436e-07
8750.056 1.2222104450299926e-06
8800.056 1.6035087878204878e-06
8850.056 1.5111144765701635e-06
8900.056 1.0203197746998808e-06
8950.056 1.1139478459998365e-06
9000.056 1.3704827605201873e-06
9050.056 1.5116371121794626e-06
9100.056 1.886928715100155e-06
9150.056 2.172465447239997e-06
9200.056 2.0349671614402706e-06
9250.056 1.2666988313597328e-06
9300.056 1.0608749189900828e-06
9350.056 1.216946011609728e-06
9400.056 1.3649789821904317e-06
9450.056 1.5289637262995583e-06
9500.056 1.851239092689771e-06
9550.056 2.110216138600518e-06
9600.056 2.303989673320637e-06
9650.056 2.6052550273208047e-06
9700.056 2.826689639309661e-06
9750.056 2.232982270500044e-06
9800.056 2.486561412799846e-06
9850.056 2.4360285812699315e-06
9900.056 2.5300017130500953e-06
9950.056 2.6627191862801594e-06
10000.056 2.7238430263797893e-06
10050.056 2.5833271626402336e-06
10100.056 2.9724324343513055e-06
10150.056 2.8608579490894626e-06
10200.056 3.049681052979207e-06
10250.056 3.031054254268761e-06
10300.056 3.0933904423697084e-06
10350.056 3.4104913574196113e-06
10400.056 3.5320220270302465e-06
10450.056 3.788651419180205e-06
10500.056 3.7974697094091874e-06
10550.056 3.885929752360525e-06
10600.056 4.096880535800557e-06
10650.056 4.330433742879364e-06
10700.056 4.62204339735014e-06
10750.056 4.865967646160169e-06
10800.056 4.973426805339736e-06
10850.056 5.187604691939987e-06
10900.056 4.9897646879996644e-06
10950.056 4.751616452298783e-06
11000.056 4.643156993500217e-06
11050.056 3.5259056841593073e-06
11100.056 3.794039792060926e-06
11150.056 3.9349785135294844e-06
11200.056 3.992644805400116e-06
11250.056 4.363367462169952e-06
11300.056 4.442111955510166e-06
11350.056 4.255012510069889e-06
11400.056 4.128519513840171e-06
11450.056 4.495764252688884e-06
11500.056 4.763399126899281e-06
11550.056 4.702002577670144e-06
11600.056 4.805373287958977e-06
11650.056 5.026665107510675e-06
11700.056 4.798313946969742e-06
11750.056 4.793901816669747e-06
11800.056 4.805886151809957e-06
11850.056 5.11959671216017e-06
11900.056 5.136416143008927e-06
11950.056 5.290508906899746e-06
12000.056 5.277885089500372e-06
12050.056 5.509806485500704e-06
12100.056 5.588884807800139e-06
12150.056 5.833687857499867e-06
12200.056 6.0174356173998064e-06
12250.056 6.19559985949925e-06
12300.056 6.300335699700848e-06
12350.056 6.404940082100537e-06
12400.056 6.2167682600994035e-06
12450.056 5.675985981839938e-06
12500.056 6.05099054229921e-06
12550.056 6.071812721599846e-06
12600.056 5.960338413500011e-06
12650.056 6.244918742299487e-06
12700.056 6.404770936099419e-06
12750.056 6.408835139800481e-06
12800.056 6.725467617299231e-06
12850.056 6.719957437400044e-06
12900.056 6.740304646399895e-06
12950.056 6.953831091098663e-06
13000.056 7.048597941599281e-06
13050.056 7.092042486499647e-06
13100.056 7.026488480799103e-06
13150.056 7.059926405559786e-06
13200.056 6.889232810899454e-06
13250.056 6.6515572876101735e-06
13300.056 6.021047024249073e-06
13350.056 4.455265935950496e-06
13400.056 4.328434535979845e-06
13450.056 3.963127319769708e-06
13500.056 4.007949244369629e-06
13550.056 3.854129354351993e-06
13600.056 3.499364666809927e-06
13650.056 3.6551335677400364e-06
13700.056 3.3766536488401637e-06
13750.056 3.3701262292592496e-06
13800.056 3.6742954926009803e-06
13850.056 3.7090569331295657e-06
13900.056 3.6288705655800244e-06
13950.056 3.499631060029758e-06
14000.056 3.3228213687501224e-06
14050.056 3.3628757368210465e-06
14100.056 3.1490800491605598e-06
14150.056 3.0891858846403925e-06
14200.056 2.979276094520533e-06
14250.056 2.959608093919153e-06
14300.056 2.985775208809474e-06
14350.056 3.004036798090337e-06
14400.056 3.1162636056102383e-06
14450.056 3.263238528240215e-06
14500.056 3.4291939824796236e-06
14550.056 3.4440191091200243e-06
14600.056 3.529030776210943e-06
14650.056 3.489190998548931e-06
14700.056 3.3050271394094985e-06
14750.056 3.445533645280431e-06
14800.056 3.4900233257807343e-06
14850.056 3.6748523775591918e-06
14900.056 3.711641676779789e-06
14950.056 3.737066920340631e-06
15000.056 3.8089896069806372e-06
15050.056 4.068852964749286e-06
15100.056 4.054264012570628e-06
15150.056 4.207878872240241e-06
15200.056 4.306249440979735e-06
15250.056 4.299855318599748e-06
15300.056 4.478240301079966e-06
15350.056 4.5641415628002435e-06
15400.056 4.656995253400077e-06
15450.056 4.813931149500392e-06
15500.056 4.875377457499216e-06
15550.056 5.069476951299813e-06
15600.056 5.0626374106006256e-06
15650.056 5.223331669899963e-06
15700.056 5.47131244380163e-06
15750.056 5.610789791599582e-06
15800.056 5.683114039200734e-06
15850.056 5.752751183700266e-06
15900.056 5.844547500100692e-06
15950.056 5.997460243699861e-06
16000.056 6.103940982599467e-06
16050.056 6.27506986320008e-06
16100.056 6.366932735300215e-06
16150.056 6.4509506981003745e-06
16200.056 6.57073757219951e-06
16250.056 6.687179965199977e-06
16300.056 6.735686173900057e-06
16350.056 6.966753682999564e-06
16400.056 7.0080313932010826e-06
16450.056 7.15481615870036e-06
16500.056 7.256403000100939e-06
16550.056 7.451839966599587e-06
16600.056 7.3181365367007595e-06
16650.056 7.718446332600588e-06
16700.056 7.624205546498933e-06
16750.056 7.770876862399248e-06
16800.056 7.904922023700344e-06
16850.056 7.867800228699627e-06
16900.056 7.810301796699593e-06
16950.056 7.736874827699828e-06
17000.056 7.660192067101033e-06
17050.056 7.568787876600274e-06
17100.056 7.245364789699805e-06
17150.056 7.075032599199375e-06
17200.056 6.7314563356998215e-06
17250.056 6.5719678753999075e-06
17300.056 6.698472333019464e-06
17350.056 6.397622963249387e-06
17400.056 6.584715613780316e-06
17450.056 6.2339252788074775e-06
17500.056 6.079650096029092e-06
17550.056 6.0553923746099494e-06
17600.056 5.885399803790389e-06
17650.056 5.936130391098711e-06
17700.056 5.508279561229029e-06
17750.056 5.294760965020326e-06
17800.056 5.237920979871294e-06
17850.056 5.132285668650724e-06
17900.056 5.081537975079999e-06
17950.056 4.953454865879115e-06
18000.056 4.687382497420258e-06
18050.056 4.72487341433223e-06
18100.056 4.5681668627902885e-06
18150.056 4.860744861721658e-06
18200.056 4.38819336700005e-06
18250.056 4.736007513159072e-06
18300.056 4.634369249099439e-06
18350.056 4.485357316510478e-06
18400.056 4.402621222560039e-06
18450.056 4.118376131362174e-06
18500.056 4.161670002810831e-06
18550.056 4.055865743660101e-06
18600.056 3.5700497452079636e-06
18650.056 4.008870667680914e-06
18700.056 4.207739620760507e-06
18750.056 4.0413235317620904e-06
18800.056 4.044626623511794e-06
18850.056 4.490239141569595e-06
18900.056 4.366587492748578e-06
18950.056 4.317373842069688e-06
19000.056 4.5557999093090765e-06
19050.056 4.480993876460054e-06
19100.056 4.492401132931608e-06
19150.056 4.663031394929678e-06
19200.056 4.655967862731188e-06
19250.056 4.481147414488815e-06
19300.056 4.602514131029412e-06
19350.056 4.730351041139693e-06
19400.056 4.533421752858706e-06
19450.056 4.690515576980899e-06
19500.056 4.718392332509489e-06
19550.056 4.397310983451004e-06
19600.056 4.804593147879292e-06
19650.056 4.69558091450753e-06
19700.056 4.762111300140486e-06
19750.056 4.566321874120257e-06
19800.056 4.69213968014935e-06
19850.056 4.6156283030818075e-06
19900.056 4.4169509890317165e-06
19950.056 4.753764537109866e-06
20000.056 4.329239398780868e-06
20050.056 4.489261529031393e-06
20100.056 4.623839457537256e-06
20150.056 4.492911935571055e-06
20200.056 4.583964702278534e-06
20250.056 4.739478121010456e-06
20300.056 4.709791384420418e-06
20350.056 4.711396396239704e-06
20400.056 4.672768927517804e-06
20450.056 4.908318710949755e-06
20500.056 4.829057295240219e-06
20550.056 4.932746504019624e-06
20600.056 5.120195188460639e-06
20650.056 4.987098893721156e-06
20700.056 5.145789741199883e-06
20750.056 5.169544154399239e-06
20800.056 5.3142865504003355e-06
20850.056 5.327322188399988e-06
20900.056 5.466715620799781e-06
20950.056 5.514485319399765e-06
21000.056 5.714420401899567e-06
21050.056 5.700832660700274e-06
21100.056 5.767991016200026e-06
21150.056 6.0000963728003245e-06
21200.056 5.963541309400562e-06
21250.056 6.161540366099328e-06
21300.056 6.0247614481997696e-06
21350.056 6.32394251250037e-06
21400.056 6.190247694900417e-06
21450.056 6.614452180900101e-06
21500.056 6.3812880621003026e-06
21550.056 6.5145229871996225e-06
21600.056 6.670621244400561e-06
21650.056 6.66509640710051e-06
21700.056 6.866716647699594e-06
21750.056 6.798372161899921e-06
21800.056 6.805312208099876e-06
21850.056 6.897354906499833e-06
21900.056 7.0244651531007024e-06
21950.056 6.974382294900482e-06
22000.056 7.198704878199486e-06
22050.056 7.048489860199292e-06
22100.056 7.211391358799785e-06
22150.056 7.275429824200592e-06
22200.056 7.132950852501321e-06
22250.056 7.460445099600399e-06
22300.056 7.395640371999537e-06
22350.056 7.29689005980034e-06
22400.056 7.563220753200213e-06
22450.056 7.501762647899105e-06
22500.056 7.602302000599717e-06
22550.056 7.544077708298842e-06
22600.056 7.523649047599628e-06
22650.056 7.600693565901445e-06
22700.056 7.579333576001393e-06
22750.056 7.751204089699394e-06
22800.056 7.571776373499974e-06
22850.056 7.660268265900728e-06
22900.056 7.831498684999264e-06
22950.056 6.504613373450825e-06
23000.056 7.107678436610528e-06
23050.056 7.246379692208691e-06
23100.056 7.064915415170276e-06
23150.056 7.136875556511028e-06
23200.056 7.199742043590078e-06
23250.056 6.3178171870980505e-06
23300.056 6.678851034280507e-06
23350.056 6.740192695079838e-06
23400.056 6.607872561710188e-06
23450.056 6.7433455785798875e-06
23500.056 6.457997274798474e-06
23550.056 5.98104680988222e-06
23600.056 6.176700842751483e-06
23650.056 6.463646620068944e-06
23700.056 6.442311843458235e-06
23750.056 6.354277996040471e-06
23800.056 6.296900605901112e-06
23850.056 5.507747072560418e-06
23900.056 5.870432505729395e-06
23950.056 5.9717217012019096e-06
24000.056 5.740651805569283e-06
24050.056 5.601189954051204e-06
24100.056 5.265968524418364e-06
24150.056 5.144785335580691e-06
24200.056 5.2263909192385705e-06
24250.056 5.176335473341002e-06
24300.056 4.88304295277018e-06
24350.056 4.780209720499956e-06
24400.056 5.055835886559725e-06
24450.056 4.780217084830287e-06
24500.056 4.442948061200131e-06
24550.056 4.448383772819381e-06
24600.056 4.399368906301005e-06
24650.056 4.6959768027694e-06
24700.056 4.23060744088988e-06
24750.056 4.0812456905611775e-06
24800.056 3.952032422010469e-06
24850.056 4.335589143380321e-06
24900.056 3.808111324142252e-06
24950.056 4.3463943826094205e-06
25000.056 3.916770454500268e-06
25050.056 3.585934685500737e-06
25100.056 3.930502174219764e-06
25150.056 3.5963319001907246e-06
25200.056 3.7852269345291244e-06
25250.056 3.7313521294288924e-06
25300.056 3.7339449873304426e-06
25350.056 3.4894022131898924e-06
25400.056 3.5497312564414625e-06
25450.056 3.4888456962104586e-06
25500.056 3.6091912880513173e-06
25550.056 3.385428975199888e-06
25600.056 3.493952011990138e-06
25650.056 3.2923779617597623e-06
25700.056 3.6609628277782714e-06
25750.056 3.210129433450813e-06
25800.056 3.5434372578504683e-06
25850.056 3.410365424479573e-06
25900.056 3.5529860101909754e-06
25950.056 3.4056663374908107e-06
26000.056 3.4008075577807097e-06
26050.056 3.823094054760383e-06
26100.056 3.5501582934610867e-06
26150.056 3.62240840013909e-06
26200.056 3.420393660330395e-06
26250.056 3.43444135468119e-06
26300.056 3.5406777938799004e-06
26350.056 3.3510671805993884e-06
26400.056 3.458253745839271e-06
26450.056 3.3960608547204685e-06
26500.056 3.5247482736287674e-06
26550.056 3.657253666119048e-06
26600.056 3.964841157378943e-06
26650.056 3.573226018258985e-06
26700.056 3.6041365348994127e-06
26750.056 3.577012884678751e-06
26800.056 3.6707124486686627e-06
26850.056 3.579680624320637e-06
26900.056 3.881444948000102e-06
26950.056 3.1137281473604977e-06
27000.056 3.731037339281257e-06
27050.056 3.4219866075691005e-06
27100.056 3.380766141359749e-06
27150.056 3.4641850111396268e-06
27200.056 3.441909749910853e-06
27250.056 3.2508584987818195e-06
27300.056 3.2965020502700427e-06
27350.056 3.3529183552887733e-06
27400.056 3.1345225912902622e-06
27450.056 3.449627405588662e-06
27500.056 3.2468168899504385e-06
27550.056 3.348730587910025e-06
27600.056 3.3860773000495683e-06
27650.056 3.0297823662797114e-06
27700.056 3.133047826370621e-06
27750.056 3.4348825017678645e-06
27800.056 2.8771546669400162e-06
27850.056 3.1248641303888614e-06
27900.056 3.0848015041700635e-06
27950.056 3.3223558013095624e-06
28000.056 3.3135556810707438e-06
28050.056 2.8944073351204246e-06
28100.056 3.4273926116518596e-06
28150.056 2.9800216777402645e-06
28200.056 2.7100126467902993e-06
28250.056 3.007105583489902e-06
28300.056 3.3245933207208892e-06
28350.056 3.150861092698882e-06
28400.056 3.0251160062701644e-06
28450.056 2.961484054339386e-06
28500.056 3.0876574174194707e-06
28550.056 2.7949414639190882e-06
28600.056 3.270752250950502e-06
28650.056 3.2189033644295657e-06
28700.056 2.9921836691792037e-06
28750.056 3.1671843377197304e-06
28800.056 3.10314531850051e-06
28850.056 3.2005979123800615e-06
28900.056 2.959791433490475e-06
