galfind/configs/Brown_Dwarf_templates/sonora_bobcat/m0.0/10g/sp_t950g10nc_m0.0_resample.dat
# %ECSV 1.0
# ---
# datatype:
# - {name: wav, unit: Angstrom, datatype: float64}
# - {name: flux_nu, unit: erg / (cm2 Hz s), datatype: float64}
# meta: {C/O: '1.00', Kzz: '1.0000E+05', Teff: '950.', Y: '0.28', '[Fe/H]': '0.00', f_hole: '1.00', f_rain: '0.00', grav: '10.'}
# schema: astropy-2.0
wav flux_nu
[from data line 499]
28950.056 1.6740676506820905e-07
29000.056 1.3514897793446756e-07
29050.056 1.3886822311935069e-07
29100.056 1.0751345246711764e-07
29150.056 1.6250981531210274e-07
29200.056 1.3145050754704044e-07
29250.056 1.7613856743051175e-07
29300.056 1.1777494226403851e-07
29350.056 2.1227569336163025e-07
29400.056 1.4022088892188087e-07
29450.056 1.5514214081136297e-07
29500.056 1.6491711943538124e-07
29550.056 1.5088003196817898e-07
29600.056 1.6916612573405688e-07
29650.056 1.6573354086196849e-07
29700.056 1.251131885341121e-07
29750.056 1.7216436613340262e-07
29800.056 1.755840523369068e-07
29850.056 1.776822770307664e-07
29900.056 1.5926626372729552e-07
29950.056 1.6969902380894706e-07
30000.056 1.4277967546549765e-07
30050.056 1.377877626609935e-07
30100.056 1.227057176987451e-07
30150.056 1.7332574455668035e-07
30200.056 1.31953345609193e-07
30250.056 1.7749513308655212e-07
30300.056 1.448423139320147e-07
30350.056 1.2557258144560828e-07
30400.056 1.4403725366199974e-07
30450.056 1.1330864101981395e-07
30500.056 8.746968862531188e-08
30550.056 9.41936034442038e-08
30600.056 1.0087038693599154e-07
30650.056 8.197540841507398e-08
30700.056 8.635147363118149e-08
30750.056 7.77566090409871e-08
30800.056 6.505846791751188e-08
30850.056 6.052613131337176e-08
30900.056 5.9329301433391225e-08
30950.056 5.3756739737216054e-08
31000.056 4.6590755269801244e-08
31050.056 4.769120251900453e-08
31100.056 3.753521099199418e-08
31150.056 4.164512700279754e-08
31200.056 4.4992325377007216e-08
31250.056 3.331124901499166e-08
31300.056 3.305812972569549e-08
31350.056 3.20598539968994e-08
31400.056 2.6464067389699775e-08
31450.056 2.729499230259569e-08
31500.056 2.3114912441593272e-08
31550.056 2.5749670853099983e-08
31600.056 2.070594190159716e-08
31650.056 2.0131936258599884e-08
31700.056 1.926992086539601e-08
31750.056 1.761495995500785e-08
31800.056 2.009260902979738e-08
31850.056 1.922570061010177e-08
31900.056 2.0471755823097306e-08
31950.056 1.3699968017301098e-08
32000.056 1.7488519869698e-08
32050.056 1.881117059770031e-08
32100.056 1.8949270374705115e-08
32150.056 1.8671838870696273e-08
32200.056 1.736808355660057e-08
32250.056 2.02178032731021e-08
32300.056 1.7713317561301854e-08
32350.056 2.143229196289473e-08
32400.056 1.6516552483095187e-08
32450.056 1.9999894285493364e-08
32500.056 2.02515018990025e-08
32550.056 1.807240457499796e-08
32600.056 2.1901948951601887e-08
32650.056 2.9377700939995724e-08
32700.056 2.5736297585704187e-08
32750.056 2.7453133156404125e-08
32800.056 2.643449091490286e-08
32850.056 2.868179075569439e-08
32900.056 3.263628075319362e-08
32950.056 3.363479479639734e-08
33000.056 2.8253735420189587e-08
33050.056 2.6209184598016046e-08
33100.056 1.527504743659798e-08
33150.056 1.1164849442099782e-08
33200.056 8.3079071038002e-09
33250.056 5.343787411999069e-09
33300.056 5.405562117600499e-09
33350.056 7.091296658900033e-09
33400.056 8.978313654197258e-09
33450.056 1.1925649410599652e-08
33500.056 1.6536832196807523e-08
33550.056 1.6948925696706487e-08
33600.056 2.3811287325496785e-08
33650.056 2.4000974164394543e-08
33700.056 2.2542054770195947e-08
33750.056 2.8468067881605714e-08
33800.056 2.8821997854201338e-08
33850.056 2.970584033839586e-08
33900.056 2.5594182210800947e-08
33950.056 2.52388165436987e-08
34000.056 3.045949730971111e-08
34050.056 2.1571193117387686e-08
34100.056 3.056363838899568e-08
34150.056 2.7929436685699324e-08
34200.056 2.490151357969084e-08
34250.056 2.7038044131782793e-08
34300.056 2.6347192666086297e-08
34350.056 2.0925318811599454e-08
34400.056 2.161230931849587e-08
34450.056 2.55117494325949e-08
34500.056 2.4786942791601844e-08
34550.056 2.37814593971019e-08
34600.056 2.9764513999496114e-08
34650.056 2.6244843412599632e-08
34700.056 2.6583753703098074e-08
34750.056 2.7884054979292577e-08
34800.056 2.694777261589131e-08
34850.056 2.6314428714109593e-08
34900.056 3.083655737149108e-08
34950.056 3.0869958532293276e-08
35000.056 3.974516717051304e-08
35050.056 2.8674746635193533e-08
35100.056 3.3209197318103954e-08
35150.056 3.131483007450161e-08
35200.056 3.543975462329522e-08
35250.056 4.17745946013885e-08
35300.056 3.8595764359706995e-08
35350.056 3.5670200826789044e-08
35400.056 3.9153453004802e-08
35450.056 2.8828656845912448e-08
35500.056 4.761232200720049e-08
35550.056 4.705088320079116e-08
35600.056 3.9583650957618095e-08
35650.056 4.519143496459393e-08
35700.056 4.259254226929345e-08
35750.056 5.128328924999013e-08
35800.056 6.727805785559856e-08
35850.056 4.425234035949218e-08
35900.056 5.547657006399838e-08
35950.056 5.086500652848868e-08
36000.056 5.25909414590099e-08
36050.056 4.884265524598369e-08
36100.056 5.38665868403691e-08
36150.056 5.367475126218625e-08
36200.056 5.633390315898405e-08
36250.056 5.663404860757644e-08
36300.056 6.142201133320322e-08
36350.056 6.109691861460721e-08
36400.056 5.757815949099308e-08
36450.056 7.188514582671008e-08
36500.056 7.502960645999173e-08
36550.056 7.185284558551744e-08
36600.056 8.4957672376005e-08
36650.056 8.62252365146793e-08
36700.056 9.304595695818864e-08
36750.056 9.729954505805888e-08
36800.056 9.593107744500046e-08
36850.056 9.607257526637477e-08
36900.056 9.82707053725824e-08
36950.056 1.1229778798398158e-07
37000.056 1.0980432500299327e-07
37050.056 1.0447797556998002e-07
37100.056 1.2307899718749797e-07
37150.056 1.0239176753499661e-07
37200.056 1.1618539437498641e-07
37250.056 1.2547596071897887e-07
37300.056 1.1062299303995388e-07
37350.056 1.1020774226502456e-07
37400.056 1.5916279481399641e-07
37450.056 1.313384863338108e-07
37500.056 1.3294244838278458e-07
37550.056 1.4653825467708874e-07
37600.056 1.5322763679100582e-07
37650.056 1.3242101086399113e-07
37700.056 1.780043520260227e-07
37750.056 1.4061711129598494e-07
37800.056 1.47687284532111e-07
37850.056 1.26357757257006e-07
37900.056 1.2959283925704532e-07
37950.056 1.5064531187296002e-07
38000.056 1.8145482575601275e-07
38050.056 1.812911809620258e-07
38100.056 1.5831085994804841e-07
38150.056 2.0149593863198728e-07
38200.056 2.0773059792005933e-07
38250.056 2.0574999383802303e-07
38300.056 2.4605866832298113e-07
38350.056 2.562307726430098e-07
38400.056 1.8279083596394302e-07
38450.056 1.9988776859098092e-07
38500.056 1.5230713999801304e-07
38550.056 2.0975986918703527e-07
38600.056 2.2614689340604047e-07
38650.056 2.0528526190497558e-07
38700.056 2.2255338668497238e-07
38750.056 2.487668456840235e-07
38800.056 2.1261450121580138e-07
38850.056 2.065345852360129e-07
38900.056 2.7024171193405174e-07
38950.056 2.4580957336396443e-07
39000.056 2.586511235939932e-07
39050.056 2.409517726779617e-07
39100.056 2.602243914690522e-07
39150.056 2.5152370520200345e-07
39200.056 2.811485206869909e-07
39250.056 3.0356306879489755e-07
39300.056 2.5734731842685127e-07
39350.056 3.2061343255199043e-07
39400.056 3.0045839065310196e-07
39450.056 3.018745141779904e-07
39500.056 2.8313989965408677e-07
39550.056 3.14965475237043e-07
39600.056 3.17433170204885e-07
39650.056 3.3727415770099853e-07
39700.056 3.3226284115302203e-07
39750.056 2.9501379218705276e-07
39800.056 3.4307661996185683e-07
39850.056 3.7133276857998846e-07
39900.056 3.622652714800539e-07
39950.056 3.446549089428726e-07
40000.056 4.326705944701081e-07
40050.056 3.739409412580199e-07
40100.056 3.5672546227300094e-07
40150.056 4.0285125602990666e-07
40200.056 4.05768544502848e-07
40250.056 3.751730215648718e-07
40300.056 3.819052027200808e-07
40350.056 4.2474033057502055e-07
40400.056 4.5041769374197087e-07
40450.056 4.4503567399813483e-07
40500.056 4.2893260866000866e-07
40550.056 4.4034582214194073e-07
40600.056 4.328075344600663e-07
40650.056 4.054168483098871e-07
40700.056 4.976089931100015e-07
40750.056 4.620332586399193e-07
40800.056 3.999829151158315e-07
40850.056 4.953341479201274e-07
40900.056 4.5867261367404973e-07
40950.056 4.491694695540444e-07
41000.056 4.737084168780365e-07
41050.056 5.238205546999554e-07
41100.056 4.6161153882805357e-07
41150.056 4.124625763079397e-07
41200.056 5.146870480499249e-07
41250.056 4.5862104817194864e-07
41300.056 4.2846354169590395e-07
41350.056 5.574443990400892e-07
41400.056 5.246025550061183e-07
41450.056 5.266655371461688e-07
41500.056 4.799081157590028e-07
41550.056 4.909849334290352e-07
41600.056 5.708780338840478e-07
41650.056 5.380258005300478e-07
41700.056 4.874562047178157e-07
41750.056 5.218174076699686e-07
41800.056 5.34307533609902e-07
41850.056 4.333766623430582e-07
41900.056 4.747500690429475e-07
41950.056 4.1499776605611386e-07
42000.056 4.385483275700642e-07
42050.056 4.0367094195295245e-07
42100.056 5.214497979800424e-07
42150.056 3.9670323791987687e-07
42200.056 3.9210266535297886e-07
42250.056 3.8198294548490436e-07
42300.056 3.602752604120316e-07
42350.056 4.5220829870009006e-07
42400.056 3.8197261379013295e-07
42450.056 3.574060216380257e-07
42500.056 3.604012079400328e-07
42550.056 3.6622432304996273e-07
42600.056 3.5231758604111217e-07
42650.056 3.5031196652386315e-07
42700.056 3.7483530742909377e-07
42750.056 3.3784664395397024e-07
42800.056 3.345948053171045e-07
42850.056 3.859914055198719e-07
42900.056 3.8303424792008404e-07
42950.056 3.6526411220383114e-07
43000.056 3.7727143456200816e-07
43050.056 3.201303009591818e-07
43100.056 3.668120111119778e-07
43150.056 3.453787533540714e-07
43200.056 3.9403185488003885e-07
43250.056 3.947538808999694e-07
43300.056 4.097358601299999e-07
43350.056 3.599097633619835e-07
43400.056 3.6888708847096825e-07
43450.056 3.6072446994705645e-07
43500.056 3.3606536500295655e-07
43550.056 3.66287050691062e-07
43600.056 4.1907926137202697e-07
43650.056 3.709145525340274e-07
43700.056 3.7500454959996836e-07
43750.056 3.862812345731181e-07
43800.056 3.54476661546964e-07
43850.056 3.6493901623007926e-07
43900.056 3.8476506208995596e-07
43950.056 3.2620551565104047e-07
44000.056 3.2988548826801434e-07
44050.056 3.842004253120544e-07
44100.056 4.0751704716002916e-07
44150.056 3.7682159444987637e-07
44200.056 3.7988401163798535e-07
44250.056 3.609794890320013e-07
44300.056 3.4501141497006256e-07
44350.056 3.41503223561055e-07
44400.056 3.77399742434015e-07
44450.056 3.83705485187972e-07
44500.056 4.110273928900683e-07
44550.056 4.074854419999254e-07
44600.056 3.5757104666305864e-07
44650.056 4.037120257580888e-07
44700.056 3.4745366179002477e-07
44750.056 3.9818137047897456e-07
44800.056 3.904920804000185e-07
44850.056 3.823577135100705e-07
44900.056 3.554387516990156e-07
44950.056 3.6969945998402393e-07
45000.056 3.9331732414995295e-07
45050.056 3.933327615420037e-07
45100.056 3.9554496246798857e-07
45150.056 3.8490504348297357e-07
45200.056 3.5713126485602463e-07
45250.056 3.7007834163990396e-07
45300.056 3.587793202840533e-07
45350.056 3.75697967667965e-07
45400.056 4.06801403072033e-07
45450.056 3.648580172239336e-07
45500.056 3.782719516349877e-07
45550.056 4.128485961399297e-07
45600.056 4.014629334300051e-07
45650.056 3.377453573129249e-07
45700.056 3.9172777066906655e-07
45750.056 3.463029630059767e-07
45800.056 3.871060991599924e-07
45850.056 4.327141316039794e-07
45900.056 4.3756164419001595e-07
45950.056 3.757297746970086e-07
46000.056 4.2328140954700085e-07
46050.056 3.9894556462902547e-07
46100.056 3.8675300276001993e-07
46150.056 3.9191394269498834e-07
46200.056 3.9726560621007053e-07
46250.056 3.3963657822296476e-07
46300.056 4.285010466009793e-07
46350.056 3.772364573579895e-07
46400.056 3.766614322899947e-07
46450.056 3.8426450856606023e-07
46500.056 3.692099398970152e-07
46550.056 4.2503300768796264e-07
46600.056 4.0808868470400745e-07
46650.056 5.085976225299165e-07
46700.056 4.554748455001279e-07
46750.056 3.554521698339671e-07
46800.056 3.7626018912604666e-07
46850.056 4.6922433524009167e-07
46900.056 4.3663538404993e-07
46950.056 4.6484719682003576e-07
47000.056 4.035757146599918e-07
47050.056 4.425684079498542e-07
47100.056 3.5129259415905686e-07
47150.056 3.8142964892202e-07
47200.056 4.206785059300543e-07
47250.056 3.7545611222999007e-07
47300.056 3.5636318518193607e-07
47350.056 3.86399107169937e-07
47400.056 4.412326768499302e-07
47450.056 3.99007928064007e-07
47500.056 4.473747783639094e-07
47550.056 3.966225333599698e-07
47600.056 4.1707633162995826e-07
47650.056 3.28615770103917e-07
47700.056 4.3476132939908896e-07
47750.056 3.053647596780407e-07
47800.056 4.1591078035596903e-07
47850.056 3.2285068896895224e-07
47900.056 4.016968504679685e-07
47950.056 3.2645381830004855e-07
48000.056 4.6725731837006057e-07
48050.056 4.0195484456003406e-07
48100.056 3.826520653090062e-07
48150.056 3.9050735815004587e-07
48200.056 4.1582770390804586e-07
48250.056 3.689372093699876e-07
48300.056 4.3445592026983247e-07
48350.056 3.2448772225401746e-07
48400.056 3.510599688239797e-07
48450.056 3.694981453541041e-07
48500.056 4.725793210499885e-07
48550.056 3.462289854840047e-07
48600.056 4.0982788416999603e-07
48650.056 3.6677101330996357e-07
48700.056 3.9260742032699377e-07
48750.056 3.083370361131e-07
48800.056 4.94618358730995e-07
48850.056 3.369395228299438e-07
48900.056 4.42912135000028e-07
48950.056 4.098545204100647e-07
49000.056 3.193762164399076e-07
49050.056 4.0810904249001066e-07
49100.056 3.969430760100565e-07
49150.056 3.962186824890213e-07
49200.056 4.203743500800179e-07
49250.056 4.2583963433004597e-07
49300.056 3.7170130812998695e-07
49350.056 3.338069517620348e-07
49400.056 4.049089114950024e-07
49450.056 3.724191414171194e-07
49500.056 3.640551136399644e-07
49550.056 2.936894800170263e-07
49600.056 3.6238849150209406e-07
49650.056 3.8332450618199483e-07
49700.056 3.3594586520690354e-07
49750.056 4.174458901198972e-07
49800.056 3.661993473280253e-07
49850.056 4.6881353364009664e-07
49900.056 3.7564106392400864e-07
49950.056 3.9749679234395617e-07
50000.056 3.7838344454994056e-07
50050.056 4.147498620100199e-07
50100.056 3.828642157699856e-07
50150.056 3.0620054463997023e-07
50200.056 2.2608777721898202e-07
50250.056 3.8915152111995387e-07
50300.056 3.4083843749600526e-07
50350.056 4.4763012450702097e-07
50400.056 3.8408162966398644e-07
50450.056 3.492015017030791e-07
50500.056 3.988121228900625e-07
50550.056 3.5997581334000377e-07
50600.056 3.7563056343596094e-07
50650.056 4.1364534870011684e-07
50700.056 4.3583529149984026e-07
50750.056 4.2556152837907625e-07
50800.056 3.0077221097697763e-07
50850.056 3.166779403250852e-07
50900.056 4.237395011800206e-07
50950.056 3.654820027610917e-07
51000.056 4.2604943038704956e-07
51050.056 3.459166548770348e-07
51100.056 2.8860210831097047e-07
51150.056 3.662370290139355e-07
51200.056 4.309728473199906e-07
51250.056 3.7083896520988577e-07
51300.056 3.3510509170818934e-07
51350.056 3.2809731769396926e-07
51400.056 2.545118679519624e-07
51450.056 2.1875763341192798e-07
51500.056 2.7571259580106925e-07
51550.056 4.4288157493404975e-07
51600.056 3.272414937140556e-07
51650.056 3.4194228932394393e-07
51700.056 3.300927619788931e-07
51750.056 2.774509540640647e-07
51800.056 3.61515347815902e-07
51850.056 3.6472429736000983e-07
51900.056 4.2821868265613156e-07
51950.056 3.755521680199577e-07
52000.056 2.3680738661498801e-07
52050.056 3.44752237257042e-07
52100.056 2.7550904077993483e-07
52150.056 2.734816013750203e-07
52200.056 2.5163896956498973e-07
52250.056 2.918700939240382e-07
52300.056 3.8347032580998086e-07
52350.056 3.527766657280327e-07
52400.056 2.436789302349972e-07
52450.056 3.4312257996001645e-07
52500.056 3.469909555739067e-07
52550.056 3.773519002778738e-07
52600.056 3.23252740850068e-07
52650.056 3.526144648970971e-07
52700.056 3.3026795037999685e-07
52750.056 2.46595444820978e-07
52800.056 2.960610220120422e-07
52850.056 2.8595727607192614e-07
52900.056 2.929070191000714e-07
52950.056 3.016289328679723e-07
53000.056 3.516123497159853e-07
53050.056 2.493942491358954e-07
53100.056 2.5995448952890217e-07
53150.056 3.7751127826004396e-07
53200.056 2.3721730765499488e-07
53250.056 3.769464335700237e-07
53300.056 3.597642569251807e-07
53350.056 3.556784979639716e-07
53400.056 3.5988779305005167e-07
53450.056 2.4462134762102586e-07
53500.056 1.8966955409792794e-07
53550.056 2.705988380099219e-07
