galfind/configs/Brown_Dwarf_templates/sonora_bobcat/m0.0/10g/sp_t2100g10nc_m0.0_resample.dat
# %ECSV 1.0
# ---
# datatype:
# - {name: wav, unit: Angstrom, datatype: float64}
# - {name: flux_nu, unit: erg / (cm2 Hz s), datatype: float64}
# meta: {C/O: '1.00', Kzz: '1.0000E+05', Teff: '2100.', Y: '0.28', '[Fe/H]': '0.00', f_hole: '1.00', f_rain: '0.00', grav: '10.'}
# schema: astropy-2.0
wav flux_nu
[from data line 500]
29000.056 2.32534463017904e-06
29050.056 2.3683763539396744e-06
29100.056 2.1337005405299443e-06
29150.056 2.477127142080224e-06
29200.056 2.353580366160273e-06
29250.056 2.550794722960091e-06
29300.056 2.3058755595586985e-06
29350.056 2.706288498899503e-06
29400.056 2.360450980599881e-06
29450.056 2.334382085669822e-06
29500.056 2.5076117927597605e-06
29550.056 2.3993142784102523e-06
29600.056 2.477972707030031e-06
29650.056 2.5263597848500936e-06
29700.056 2.2120676764898104e-06
29750.056 2.7234738657210895e-06
29800.056 2.6032374481599383e-06
29850.056 2.5855029235796676e-06
29900.056 2.3486315182905323e-06
29950.056 2.7031990303695413e-06
30000.056 2.695238590259047e-06
30050.056 2.5436857819999185e-06
30100.056 2.0680210908095107e-06
30150.056 3.0406780723997123e-06
30200.056 2.7769879398002884e-06
30250.056 2.612847943500699e-06
30300.056 2.7415298452499095e-06
30350.056 2.528815684020502e-06
30400.056 2.931732127790454e-06
30450.056 2.441292067280287e-06
30500.056 2.3827072629804177e-06
30550.056 3.0868225892706684e-06
30600.056 2.952707199240297e-06
30650.056 2.8969206447601376e-06
30700.056 2.757639964990027e-06
30750.056 2.622810405250157e-06
30800.056 3.0840693294508988e-06
30850.056 2.72523278154994e-06
30900.056 2.7759017289797663e-06
30950.056 2.6665586272903264e-06
31000.056 2.999416792799903e-06
31050.056 2.5491812689300514e-06
31100.056 2.943585644999976e-06
31150.056 2.963292611279756e-06
31200.056 3.065130311059659e-06
31250.056 3.1765894883006313e-06
31300.056 2.874997015899738e-06
31350.056 2.890212274279981e-06
31400.056 2.976560903350516e-06
31450.056 2.9830751369802135e-06
31500.056 3.0628262229905967e-06
31550.056 2.817058568499989e-06
31600.056 2.9731726176598754e-06
31650.056 3.0762662197999723e-06
31700.056 3.205728236199957e-06
31750.056 2.767957218540217e-06
31800.056 3.1599515767002857e-06
31850.056 3.4443290462999178e-06
31900.056 3.3450827485997887e-06
31950.056 2.7470741535996643e-06
32000.056 2.974230495960713e-06
32050.056 3.3824072922003383e-06
32100.056 3.386778569929614e-06
32150.056 3.3499809102001968e-06
32200.056 3.238234452499915e-06
32250.056 3.0675604767001615e-06
32300.056 3.341328881720172e-06
32350.056 3.48757806070043e-06
32400.056 3.206617229689986e-06
32450.056 3.0953174686002923e-06
32500.056 3.351677992500258e-06
32550.056 3.6542456739001416e-06
32600.056 3.5791151534998028e-06
32650.056 3.4969349248010573e-06
32700.056 3.3226090778001102e-06
32750.056 3.502660053300025e-06
32800.056 3.2479374897605282e-06
32850.056 3.7588728732997153e-06
32900.056 3.601616378180023e-06
32950.056 3.165970419699816e-06
33000.056 3.439954339290268e-06
33050.056 3.505191593099638e-06
33100.056 3.6386627292490533e-06
33150.056 3.603009493100302e-06
33200.056 3.363995965950653e-06
33250.056 3.578204283420116e-06
33300.056 3.880792569420267e-06
33350.056 3.6131265887003354e-06
33400.056 3.4022329556196775e-06
33450.056 3.7160891801988126e-06
33500.056 3.6327753325002607e-06
33550.056 3.617429621599368e-06
33600.056 3.652469840200641e-06
33650.056 3.75026329320073e-06
33700.056 3.897158163859447e-06
33750.056 3.8729927963001314e-06
33800.056 3.818173141599936e-06
33850.056 3.644897099599986e-06
33900.056 4.032583243499523e-06
33950.056 3.602890618799559e-06
34000.056 3.6886259052191507e-06
34050.056 3.76354799980008e-06
34100.056 4.034261946700471e-06
34150.056 3.922582147499636e-06
34200.056 3.710402788699423e-06
34250.056 4.090012528299464e-06
34300.056 3.818893240799479e-06
34350.056 4.004631286199454e-06
34400.056 3.6795835771995156e-06
34450.056 3.7752791219999623e-06
34500.056 3.815429480600779e-06
34550.056 3.7498516297998224e-06
34600.056 3.90921628460008e-06
34650.056 3.900954129699893e-06
34700.056 3.7293422104994903e-06
34750.056 3.994100684700285e-06
34800.056 4.156734081599549e-06
34850.056 3.767735414200111e-06
34900.056 4.042649816400392e-06
34950.056 3.911033953899132e-06
35000.056 3.821530844599539e-06
35050.056 4.136722870100531e-06
35100.056 4.064776601299129e-06
35150.056 3.954802043299681e-06
35200.056 4.091785723199628e-06
35250.056 3.6340357241003e-06
35300.056 4.008334849500385e-06
35350.056 4.197231544199704e-06
35400.056 3.9730165017998155e-06
35450.056 3.840693906300335e-06
35500.056 4.091752032299935e-06
35550.056 3.929689720799968e-06
35600.056 3.85938904169926e-06
35650.056 4.2323371173005e-06
35700.056 3.858625706000383e-06
35750.056 3.946771970299719e-06
35800.056 4.081696418799657e-06
35850.056 4.196260726399624e-06
35900.056 4.266059565599536e-06
35950.056 4.15136347709958e-06
36000.056 3.800713092799556e-06
36050.056 4.264599949600222e-06
36100.056 4.401614533299956e-06
36150.056 4.0097080041003104e-06
36200.056 4.29461252999953e-06
36250.056 3.9889243183992815e-06
36300.056 4.531005207500817e-06
36350.056 4.385208903699366e-06
36400.056 4.189486629299848e-06
36450.056 4.481616841999653e-06
36500.056 4.2150203891003205e-06
36550.056 4.0761476358004825e-06
36600.056 4.184953138700418e-06
36650.056 4.3117625448004915e-06
36700.056 4.491078111000217e-06
36750.056 4.2147609550005275e-06
36800.056 4.305755682999468e-06
36850.056 4.341245833500075e-06
36900.056 4.429846054700681e-06
36950.056 4.419011484500071e-06
37000.056 4.444930716900264e-06
37050.056 4.541175780799986e-06
37100.056 4.377219225700322e-06
37150.056 4.3231675769991225e-06
37200.056 4.543455095300139e-06
37250.056 4.553556478600367e-06
37300.056 4.5245585974008426e-06
37350.056 4.33806705840057e-06
37400.056 4.532128677299657e-06
37450.056 4.525605061400396e-06
37500.056 4.607911249199804e-06
37550.056 4.483580097499244e-06
37600.056 4.700652545899396e-06
37650.056 4.34137874839955e-06
37700.056 4.391661602200182e-06
37750.056 4.705380066299284e-06
37800.056 4.803181252699952e-06
37850.056 4.596514334699773e-06
37900.056 4.690307064800318e-06
37950.056 4.7232552971002736e-06
38000.056 4.587608768900655e-06
38050.056 4.6369754453003e-06
38100.056 4.48799365080018e-06
38150.056 4.786251043399325e-06
38200.056 4.902009368899327e-06
38250.056 4.5751219066006074e-06
38300.056 4.510558902599927e-06
38350.056 4.705769022999953e-06
38400.056 4.727386343399811e-06
38450.056 4.707531512100481e-06
38500.056 4.6548037426997645e-06
38550.056 4.665852114000345e-06
38600.056 5.00621815239975e-06
38650.056 4.4625980195001975e-06
38700.056 4.5613944993005854e-06
38750.056 4.786198793000028e-06
38800.056 4.672208594700647e-06
38850.056 4.715173585600283e-06
38900.056 4.553475871699921e-06
38950.056 4.737108124399551e-06
39000.056 4.674228125900162e-06
39050.056 4.710106287199954e-06
39100.056 4.486932483499906e-06
39150.056 4.619296553100255e-06
39200.056 4.74719881020021e-06
39250.056 4.726454997499335e-06
39300.056 4.7293547130991794e-06
39350.056 4.684581304900501e-06
39400.056 4.587936377600164e-06
39450.056 4.6223996727997216e-06
39500.056 4.602648039999888e-06
39550.056 4.514569050399038e-06
39600.056 4.864147275800373e-06
39650.056 4.481033751500134e-06
39700.056 4.654844336599936e-06
39750.056 4.625304834099519e-06
39800.056 4.424093810700287e-06
39850.056 4.537287051999764e-06
39900.056 4.441386940599727e-06
39950.056 4.643898794599829e-06
40000.056 4.394006520899744e-06
40050.056 4.061609186099859e-06
40100.056 4.389860790899719e-06
40150.056 4.112876976699156e-06
40200.056 4.309915301399642e-06
40250.056 4.339986776998716e-06
40300.056 3.964243395100332e-06
40350.056 4.184059709700199e-06
40400.056 4.2830421210998365e-06
40450.056 3.91827991140096e-06
40500.056 3.729003747199949e-06
40550.056 4.310893395699795e-06
40600.056 3.955166514800268e-06
40650.056 4.05021071270095e-06
40700.056 4.230828032500366e-06
40750.056 3.755310063298975e-06
40800.056 3.7197731271005788e-06
40850.056 3.531535926000777e-06
40900.056 3.4773511040007327e-06
40950.056 3.7912234498999836e-06
41000.056 3.95723760450048e-06
41050.056 3.813558073499252e-06
41100.056 3.6461229514006932e-06
41150.056 3.948545647000206e-06
41200.056 3.647472856500089e-06
41250.056 3.7539845024001937e-06
41300.056 3.3087914403996986e-06
41350.056 3.851498816400222e-06
41400.056 3.707279513499914e-06
41450.056 3.496489879399883e-06
41500.056 3.785586514800001e-06
41550.056 3.7821747461000236e-06
41600.056 3.963689702599866e-06
41650.056 3.475171397700541e-06
41700.056 3.3794906349996574e-06
41750.056 3.5961810130001017e-06
41800.056 3.3814056171997485e-06
41850.056 3.2494381909003486e-06
41900.056 3.6492303690993964e-06
41950.056 3.2356665877004884e-06
42000.056 3.513235407300254e-06
42050.056 3.259808432198816e-06
42100.056 3.568939348000389e-06
42150.056 3.0751444132991717e-06
42200.056 3.154775701900161e-06
42250.056 3.3352049967998746e-06
42300.056 3.05243337660005e-06
42350.056 3.434877420800642e-06
42400.056 3.097161752800219e-06
42450.056 2.666774339600242e-06
42500.056 2.854793314700272e-06
42550.056 3.1112799598997764e-06
42600.056 2.980301047500447e-06
42650.056 2.7993413189989498e-06
42700.056 3.0493141172009256e-06
42750.056 2.8632775332001093e-06
42800.056 2.8580560976003737e-06
42850.056 3.047888329799786e-06
42900.056 2.968220953200281e-06
42950.056 2.71374862399874e-06
43000.056 2.884715383799881e-06
43050.056 2.83554189226125e-06
43100.056 2.9194364546995627e-06
43150.056 3.040159798900711e-06
43200.056 2.8943223472000305e-06
43250.056 2.8694654537005434e-06
43300.056 2.9799107809002255e-06
43350.056 2.785620594899692e-06
43400.056 2.7284182298997903e-06
43450.056 2.825353772240999e-06
43500.056 2.740151958199299e-06
43550.056 2.883172468779889e-06
43600.056 2.9583551738999745e-06
43650.056 2.7254092113405596e-06
43700.056 2.653966682199826e-06
43750.056 2.7294794891000552e-06
43800.056 2.6727721888000565e-06
43850.056 2.7745992700004284e-06
43900.056 2.75160708617991e-06
43950.056 2.6436372676505304e-06
44000.056 2.5108069721503937e-06
44050.056 2.5549168336000515e-06
44100.056 2.6225608200005987e-06
44150.056 2.8115985265994146e-06
44200.056 2.666037704200031e-06
44250.056 2.47780576002982e-06
44300.056 2.447590737880469e-06
44350.056 2.5425056398700066e-06
44400.056 2.484541346900143e-06
44450.056 2.6716736601000277e-06
44500.056 2.762591075100631e-06
44550.056 2.474563438899436e-06
44600.056 2.549402824220366e-06
44650.056 2.656974391480207e-06
44700.056 2.4529178928603364e-06
44750.056 2.6840070941196575e-06
44800.056 2.692594952739846e-06
44850.056 2.7620420080001363e-06
44900.056 2.6011794296004896e-06
44950.056 2.413264930799918e-06
45000.056 2.6401579514999915e-06
45050.056 2.616695268099626e-06
45100.056 2.6677686959996765e-06
45150.056 2.6785690940300684e-06
45200.056 2.4696003152198186e-06
45250.056 2.5204779710894455e-06
45300.056 2.4519832337400896e-06
45350.056 2.706107164799456e-06
45400.056 2.6865090308003296e-06
45450.056 2.500440922099628e-06
45500.056 2.4382861970799817e-06
45550.056 2.6628925891795063e-06
45600.056 2.5998654154499146e-06
45650.056 2.3554973928991543e-06
45700.056 2.494281563360373e-06
45750.056 2.5556296763497634e-06
45800.056 2.5621305579599757e-06
45850.056 2.7156117014401135e-06
45900.056 2.741834064460074e-06
45950.056 2.4557986898198886e-06
46000.056 2.675843949799994e-06
46050.056 2.6570387193705397e-06
46100.056 2.4949839559401436e-06
46150.056 2.5397686057200036e-06
46200.056 2.778798420700539e-06
46250.056 2.4020667702798108e-06
46300.056 2.7364498315398003e-06
46350.056 2.3046406160998113e-06
46400.056 2.508834699169666e-06
46450.056 2.41630870266064e-06
46500.056 2.4103499679000603e-06
46550.056 2.6147570725597847e-06
46600.056 2.3799632656096504e-06
46650.056 2.8323893278501442e-06
46700.056 2.624433585900564e-06
46750.056 2.3681495777798865e-06
46800.056 2.5728258084804292e-06
46850.056 2.5934587093200542e-06
46900.056 2.5394220374794833e-06
46950.056 2.5982493400902376e-06
47000.056 2.6257275845100284e-06
47050.056 2.5206744456296485e-06
47100.056 2.542099513870176e-06
47150.056 2.510358869140538e-06
47200.056 2.4959777615006096e-06
47250.056 2.5139474003991086e-06
47300.056 2.40251765613926e-06
47350.056 2.278477317199589e-06
47400.056 2.574544571699413e-06
47450.056 2.7149520481997888e-06
47500.056 2.4313750386791925e-06
47550.056 2.5072568700992847e-06
47600.056 2.6474038588000324e-06
47650.056 2.136289981339478e-06
47700.056 2.621390205300221e-06
47750.056 2.0857289465806415e-06
47800.056 2.651801880699744e-06
47850.056 2.290718389698835e-06
47900.056 2.6935954329901424e-06
47950.056 2.156522084800636e-06
48000.056 2.756618641200071e-06
48050.056 2.2858734498305918e-06
48100.056 2.3169472799700783e-06
48150.056 2.280149753000229e-06
48200.056 2.628553205500884e-06
48250.056 2.3644150524795525e-06
48300.056 2.7456740270997213e-06
48350.056 2.144362890419654e-06
48400.056 2.664053716109955e-06
48450.056 2.466373228960232e-06
48500.056 2.697897149300097e-06
48550.056 2.302021710390044e-06
48600.056 2.511629328099767e-06
48650.056 2.166482414640022e-06
48700.056 2.3623151173000363e-06
48750.056 2.1096481228104817e-06
48800.056 2.742242233600106e-06
48850.056 2.308219666659616e-06
48900.056 2.546355755799969e-06
48950.056 2.5204065652005495e-06
49000.056 2.3995377011998662e-06
49050.056 2.365753555599769e-06
49100.056 2.396988708059981e-06
49150.056 2.3734554683502626e-06
49200.056 2.581324839700018e-06
49250.056 2.427310190340292e-06
49300.056 2.296580017839717e-06
49350.056 2.1319189200001418e-06
49400.056 2.535257522200522e-06
49450.056 2.307186665170472e-06
49500.056 2.3751201296003697e-06
49550.056 2.220442256580044e-06
49600.056 2.2734555825904586e-06
49650.056 2.2566746036205188e-06
49700.056 2.0305777229297757e-06
49750.056 2.6053844760993863e-06
49800.056 2.3965237141500177e-06
49850.056 2.5394108718000556e-06
49900.056 2.2376788384401123e-06
49950.056 2.4321277527790753e-06
50000.056 2.2310571827395004e-06
50050.056 2.3790249032001507e-06
50100.056 2.324688654219714e-06
50150.056 2.2511758372598655e-06
50200.056 2.0303045909001053e-06
50250.056 2.0732122370601352e-06
50300.056 2.167839192929517e-06
50350.056 2.2397175272200004e-06
50400.056 2.259504043900216e-06
50450.056 2.1200732952401923e-06
50500.056 2.5940780780004046e-06
50550.056 2.2830699335798185e-06
50600.056 2.2723549118702565e-06
50650.056 2.247295636100622e-06
50700.056 2.3161853426191946e-06
50750.056 2.1890268226802503e-06
50800.056 2.128061363800047e-06
50850.056 2.180181299040307e-06
50900.056 2.134713868739973e-06
50950.056 2.3978639685503403e-06
51000.056 2.4699402388002533e-06
51050.056 2.0534771271204503e-06
51100.056 2.0706714727898686e-06
51150.056 2.26007117851016e-06
51200.056 2.2482324596997763e-06
51250.056 2.3148172678100573e-06
51300.056 2.1699719581306634e-06
51350.056 2.263324287499673e-06
51400.056 2.164096483099419e-06
51450.056 1.766260682459829e-06
51500.056 2.274030266699794e-06
51550.056 2.481529598120225e-06
51600.056 1.932436130329891e-06
51650.056 2.181832512999674e-06
51700.056 1.9295714401494105e-06
51750.056 2.0391937297801516e-06
51800.056 2.1693784649797843e-06
51850.056 2.266883496000039e-06
51900.056 2.3216762447002777e-06
51950.056 2.072665212399753e-06
52000.056 1.9946732705799397e-06
52050.056 2.2434516759598585e-06
52100.056 2.180528255399417e-06
52150.056 2.1716058599704417e-06
52200.056 2.0896593234501116e-06
52250.056 2.035672146429971e-06
52300.056 2.073883529759976e-06
52350.056 2.4076036128202587e-06
52400.056 1.9790426799498466e-06
52450.056 2.0925824473199324e-06
52500.056 2.1643732574792807e-06
52550.056 2.0152545928594734e-06
52600.056 2.1780153214801992e-06
52650.056 2.4130247964804987e-06
52700.056 2.144964738940072e-06
52750.056 1.780688887109825e-06
52800.056 1.998299202000309e-06
52850.056 1.943087332899842e-06
52900.056 2.0695489699603676e-06
52950.056 2.056166424699507e-06
53000.056 2.202730028129721e-06
53050.056 2.1648192996497296e-06
53100.056 1.86442976023946e-06
53150.056 2.223994506340502e-06
53200.056 1.81677412895035e-06
53250.056 2.3965619079999068e-06
53300.056 2.218577575100745e-06
53350.056 2.268093591199851e-06
53400.056 1.9995270192001543e-06
53450.056 1.8939821572499848e-06
53500.056 1.8796104009597055e-06
53550.056 2.192179611659936e-06
53600.056 2.1519426338303147e-06
