galfind/configs/Brown_Dwarf_templates/sonora_bobcat/m0.0/10g/sp_t250g10nc_m0.0_resample.dat
# %ECSV 1.0
# ---
# datatype:
# - {name: wav, unit: Angstrom, datatype: float64}
# - {name: flux_nu, unit: erg / (cm2 Hz s), datatype: float64}
# meta: {C/O: '1.00', Kzz: '1.0000E+05', Teff: '250.', Y: '0.28', '[Fe/H]': '0.00', f_hole: '1.00', f_rain: '0.00', grav: '10.'}
# schema: astropy-2.0
wav flux_nu
4000.0559999999996 nan
4050.0559999999996 1.4631871000680292e-20
4100.056 2.442030514740047e-19
4150.056 8.671921488900027e-19
4200.056 9.671881239139998e-19
4250.056 5.516568885300024e-18
4300.056 1.2620698429499833e-17
4350.056 2.4057937394000124e-17
4400.056 3.668270539299932e-17
4450.056 5.216681318999913e-17
4500.056 9.858979153400089e-17
4550.056 1.396822468860007e-16
4600.056 1.1446518280199947e-16
4650.056 1.003749749289994e-16
4700.056 6.877424238700067e-17
4750.056 5.0403401018000945e-17
4800.056 4.165104484399991e-17
4850.056 2.5706187268000006e-17
4900.056 1.9390241892000087e-17
4950.056 1.6938844312000048e-17
5000.056 1.3601455410299957e-17
5050.056 1.0515856480299869e-17
5100.056 1.3554365678700595e-17
5150.056 1.8794350625000295e-17
5200.056 2.4181199596000192e-17
5250.056 2.9128249009000075e-17
5300.056 3.5048277386000114e-17
5350.056 4.2088388784000106e-17
5400.056 4.6438049796000313e-17
5450.056 5.4633895288002086e-17
5500.056 6.728028047500105e-17
5550.056 8.317953762600015e-17
5600.056 9.782741774100037e-17
5650.056 1.0810005043699948e-16
5700.056 9.684645265379958e-17
5750.056 9.686511988400035e-17
5800.056 8.62998751599991e-17
5850.056 5.443556503339859e-17
5900.056 1.0059536305155883e-17
5950.056 8.272199277115319e-17
6000.056 2.3586456271868927e-16
6050.056 5.875220311040145e-16
6100.056 1.1434737130200232e-15
6150.056 1.8766783991000153e-15
6200.056 2.8316879451000197e-15
6250.056 3.7371921398799794e-15
6300.056 5.292605175239973e-15
6350.056 7.2143833836e-15
6400.056 9.43075463630001e-15
6450.056 8.729368556200621e-15
6500.056 1.0672302062648254e-14
6550.056 1.4933487005087673e-14
6600.056 2.2090045865143555e-14
6650.056 3.396421420345063e-14
6700.056 5.084873745700011e-14
6750.056 7.115225723800068e-14
6800.056 8.55987028920022e-14
6850.056 9.396753392500028e-14
6900.056 7.074786056293176e-14
6950.056 3.9126129415233815e-14
7000.056 5.0016590184790925e-14
7050.056 4.85869248863105e-14
7100.056 5.526827404892227e-14
7150.056 3.136146823861944e-14
7200.056 1.1904114911128703e-14
7250.056 1.854241169908898e-14
7300.056 2.147249844177396e-14
7350.056 3.993856574256129e-14
7400.056 6.71515010823923e-14
7450.056 1.359102673336968e-13
7500.056 2.2027530092899798e-13
7550.056 3.0348885390000073e-13
7600.056 3.4833985493999943e-13
7650.056 1.647191000799951e-13
7700.056 1.4213823112480366e-13
7750.056 4.5190514612000485e-13
7800.056 5.270865312559904e-13
7850.056 5.539485631839897e-13
7900.056 6.051823031707339e-13
7950.056 6.647779986763938e-13
8000.056 6.198009749076097e-13
8050.056 6.533234568865322e-13
8100.056 2.434246216143081e-13
8150.056 9.739856273119136e-14
8200.056 2.8148500512839463e-13
8250.056 3.2501265908381305e-13
8300.056 2.822903102381655e-13
8350.056 2.1831717130322658e-13
8400.056 2.3549791142166583e-13
8450.056 4.2513753243494767e-13
8500.056 5.24352107542009e-13
8550.056 7.039837365730146e-13
8600.056 8.677233656819942e-13
8650.056 8.61524816380026e-13
8700.056 4.956544829900204e-13
8750.056 3.4939156149800355e-13
8800.056 1.7583660418338723e-13
8850.056 6.937108181803985e-14
8900.056 3.341876910144924e-16
8950.056 1.3292210022721658e-16
9000.056 9.040595941130128e-17
9050.056 9.34173961341362e-16
9100.056 2.219016481153786e-15
9150.056 1.027256584331407e-14
9200.056 7.291056986621076e-14
9250.056 6.679030951877896e-14
9300.056 2.0818788307167095e-16
9350.056 1.4047849505442008e-16
9400.056 2.628174150520809e-15
9450.056 1.9067052288044595e-15
9500.056 2.0394432629283634e-15
9550.056 1.9970432855347854e-15
9600.056 3.097356901397732e-15
9650.056 9.88527825347431e-15
9700.056 5.189229015322094e-14
9750.056 2.095798199194657e-14
9800.056 1.029427461669436e-14
9850.056 7.170958518821092e-15
9900.056 8.379633426237188e-15
9950.056 5.107616656188973e-15
10000.056 5.2718116273084725e-15
10050.056 3.650401432163156e-15
10100.056 2.9760633142338842e-15
10150.056 1.2245762533237701e-15
10200.056 2.0057869795918653e-16
10250.056 2.049141505650624e-16
10300.056 7.677877153416879e-16
10350.056 2.942482085875321e-16
10400.056 2.9496210614882553e-15
10450.056 1.0978251630023248e-14
10500.056 4.11191088025747e-14
10550.056 1.6345821538888108e-13
10600.056 3.6370085982562673e-13
10650.056 4.942670385796077e-13
10700.056 4.100727704102173e-13
10750.056 5.037682198195434e-13
10800.056 5.40954665854387e-13
10850.056 4.179832024456101e-13
10900.056 2.3414856106862165e-13
10950.056 1.1761953076256327e-13
11000.056 5.790526692128255e-14
11050.056 2.898043051162722e-14
11100.056 6.891741913251576e-15
11150.056 9.381189075307148e-16
11200.056 1.0980163917787693e-16
11250.056 4.3577662363147294e-17
11300.056 6.51483828327728e-16
11350.056 3.025214046676633e-17
11400.056 5.94192172990207e-16
11450.056 2.874261648586382e-16
11500.056 2.378700771391016e-16
11550.056 1.754819582782743e-17
11600.056 1.9280310296351507e-18
11650.056 5.325933407298921e-17
11700.056 6.526030951788382e-17
11750.056 6.4482883719704104e-18
11800.056 6.797241396741665e-17
11850.056 4.477843589690828e-17
11900.056 3.7266218496701813e-17
11950.056 1.0036253013917286e-16
12000.056 1.890348138516725e-16
12050.056 3.3499073835960414e-16
12100.056 6.389697067739624e-16
12150.056 8.198455937725998e-16
12200.056 8.158396785130031e-16
12250.056 4.179841696205371e-15
12300.056 1.3723084554353288e-14
12350.056 1.8316649189024974e-14
12400.056 6.099675416450304e-14
12450.056 1.8036366737716978e-13
12500.056 2.374889922261812e-13
12550.056 2.9583503482166924e-13
12600.056 8.951106980313064e-13
12650.056 2.640145479560218e-12
12700.056 2.8314139232490196e-12
12750.056 9.53771088293503e-13
12800.056 2.385394336103929e-13
12850.056 7.740113517788448e-14
12900.056 4.2302413152508353e-14
12950.056 2.987355636711334e-14
13000.056 2.4624874416995566e-14
13050.056 1.3616035471708722e-14
13100.056 9.048005216659356e-15
13150.056 3.738645057725858e-15
13200.056 4.738446033429201e-15
13250.056 6.968612292338278e-15
13300.056 3.0038819953574805e-15
13350.056 8.90198005078077e-16
13400.056 5.890134968022262e-16
13450.056 9.505120908063626e-17
13500.056 1.0542306141307625e-17
13550.056 1.236020667976242e-18
13600.056 3.414100169254956e-20
13650.056 7.708490000262032e-19
13700.056 1.7024928291441792e-19
13750.056 1.6988806771004811e-18
13800.056 6.962813282033319e-19
13850.056 3.54853684645245e-19
13900.056 1.9753464237406636e-18
13950.056 7.756434819455749e-19
14000.056 1.8864573915890497e-18
14050.056 2.5217145093439562e-18
14100.056 4.667272349064692e-18
14150.056 4.1944027497631605e-17
14200.056 1.9795599535107453e-17
14250.056 5.19673250111614e-17
14300.056 1.586007433944906e-16
14350.056 1.7415119321434982e-16
14400.056 1.8542481938045838e-16
14450.056 4.560629601661008e-16
14500.056 1.462778778569086e-15
14550.056 2.3819850914384977e-15
14600.056 1.8128229638608675e-15
14650.056 4.4131720999016774e-16
14700.056 1.7320276479613392e-16
14750.056 1.6470298191895363e-17
14800.056 5.648035440520184e-17
14850.056 5.792213301481793e-17
14900.056 4.371207309399866e-17
14950.056 1.9333175262351693e-17
15000.056 8.737417614690821e-17
15050.056 1.608399870734168e-16
15100.056 3.264919965444671e-17
15150.056 6.967246087936054e-18
15200.056 1.0045819425392925e-16
15250.056 2.8123936022054123e-16
15300.056 3.9980256415963125e-16
15350.056 1.1639810079756636e-15
15400.056 1.115439519500693e-15
15450.056 1.6814515539760454e-15
15500.056 2.403569481064916e-15
15550.056 1.2583587543340374e-14
15600.056 2.1797158246311294e-14
15650.056 7.050047507449641e-14
15700.056 1.8405095771006794e-13
15750.056 3.531875669744039e-13
15800.056 4.3098784917033404e-13
15850.056 6.991615614002023e-13
15900.056 1.065146475940483e-12
15950.056 1.6125796019189342e-12
16000.056 1.646746404068054e-12
16050.056 1.0020327544731953e-12
16100.056 5.027658188007245e-13
16150.056 1.8621295480457431e-13
16200.056 6.226415135662113e-14
16250.056 2.5027826075912402e-14
16300.056 7.182629131688507e-15
16350.056 9.432495615157832e-15
16400.056 1.391204495044007e-14
16450.056 8.609115935494238e-15
16500.056 6.7850989588105476e-15
16550.056 4.638288387081716e-15
16600.056 2.1968171259368177e-14
16650.056 1.0063141594478655e-14
16700.056 9.663044180543254e-16
16750.056 3.5135395481365086e-15
16800.056 9.517058784660456e-15
16850.056 8.549097348380133e-15
16900.056 1.8765341010105137e-15
16950.056 5.866656598666175e-16
17000.056 1.815491706361209e-16
17050.056 3.738092589764811e-16
17100.056 1.7514273645383805e-15
17150.056 6.117326958576378e-16
17200.056 7.675838103199664e-15
17250.056 9.99658408634512e-16
17300.056 9.017123675850664e-16
17350.056 1.2216733809820152e-15
17400.056 4.951582699708594e-15
17450.056 6.37819267258219e-15
17500.056 1.4248622250907057e-14
17550.056 1.34654051840886e-14
17600.056 9.869308513973167e-15
17650.056 5.626916848455513e-15
17700.056 4.348901398855789e-15
17750.056 4.580038724382614e-15
17800.056 3.9462685198879306e-14
17850.056 4.454501202257313e-15
17900.056 4.1567738341609454e-15
17950.056 3.612269670401318e-15
18000.056 5.42049963373836e-15
18050.056 5.115057921240122e-15
18100.056 7.520523559436606e-15
18150.056 2.3464317471228052e-15
18200.056 2.0017300795842303e-15
18250.056 1.4186242716978904e-14
18300.056 5.408541239346731e-16
18350.056 4.338867908800784e-16
18400.056 9.813283223339404e-17
18450.056 3.2329083766438944e-15
18500.056 2.1858939491870427e-15
18550.056 8.718489235155717e-16
18600.056 3.7564077859739184e-15
18650.056 3.2133485005876697e-15
18700.056 6.386483980063258e-17
18750.056 1.3856912123749753e-16
18800.056 9.022476817452823e-15
18850.056 6.4624258909456e-15
18900.056 1.1606601519495339e-14
18950.056 1.2146457847686786e-14
19000.056 7.802905607509498e-16
19050.056 3.314596273813995e-16
19100.056 1.7135657945847362e-15
19150.056 6.175499195195979e-16
19200.056 1.7361569615895452e-15
19250.056 1.2239544582008847e-15
19300.056 5.1700977978460255e-16
19350.056 5.51968683068671e-16
19400.056 3.795451037206608e-16
19450.056 6.24169522026771e-16
19500.056 1.8604379841872533e-16
19550.056 1.1810878174295208e-15
19600.056 4.253816252690491e-15
19650.056 2.3073330356632054e-15
19700.056 3.29143712914535e-15
19750.056 7.973234359264048e-15
19800.056 3.151336466265443e-15
19850.056 4.005586781988686e-15
19900.056 7.976405997898962e-15
19950.056 1.0718226726346935e-14
20000.056 1.4059267646420267e-14
20050.056 9.645154081423992e-15
20100.056 1.506296288612652e-14
20150.056 9.248072903341413e-15
20200.056 4.704594279255829e-15
20250.056 1.6866098330483993e-14
20300.056 2.4915515478713957e-14
20350.056 3.21442754490529e-14
20400.056 2.2622438793959116e-14
20450.056 4.1951908843828756e-14
20500.056 5.049139419805894e-14
20550.056 5.80189103137939e-14
20600.056 6.121521521801175e-14
20650.056 7.614810776490585e-14
20700.056 8.029356832881565e-14
20750.056 8.797321512490987e-14
20800.056 7.497399493493531e-14
20850.056 8.856156327398031e-14
20900.056 9.423724323888798e-14
20950.056 8.47154054962197e-14
21000.056 8.04099044449257e-14
21050.056 8.633148068399083e-14
21100.056 8.316472070722766e-14
21150.056 8.467617019980598e-14
21200.056 8.0593073713729e-14
21250.056 8.254085477118785e-14
21300.056 7.534977686420137e-14
21350.056 7.842549988821601e-14
21400.056 8.71981973453701e-14
21450.056 6.841106375408216e-14
21500.056 6.05016190972352e-14
21550.056 6.855704588787268e-14
21600.056 5.5438744622415016e-14
21650.056 3.6984787360710404e-14
21700.056 2.259731762195671e-14
21750.056 3.665032826361817e-14
21800.056 2.5085582656249532e-14
21850.056 2.5962752316013814e-14
21900.056 1.8532589554295427e-14
21950.056 3.650101710015677e-15
22000.056 1.311756523059386e-16
22050.056 5.39643856816679e-16
22100.056 2.888565729782067e-15
22150.056 1.5015975541328267e-15
22200.056 1.1734021817701073e-15
22250.056 8.308634525278387e-16
22300.056 2.145445933835525e-16
22350.056 5.480518171551352e-16
22400.056 1.2213204674447024e-16
22450.056 2.473206902291654e-16
22500.056 1.836378640674236e-16
22550.056 3.574092356919272e-17
22600.056 2.6129857733143286e-17
22650.056 5.245779377363544e-17
22700.056 6.049441008518174e-17
22750.056 1.55768622255486e-16
22800.056 1.9541899806765968e-16
22850.056 1.1894198596279512e-16
22900.056 7.469508952739598e-17
22950.056 2.518156179375218e-17
23000.056 6.246657898861462e-17
23050.056 3.132126615101813e-17
23100.056 1.1474376212952078e-15
23150.056 1.837442025741339e-15
23200.056 1.2979041035647171e-17
23250.056 1.6018249218692094e-16
23300.056 8.93481198501348e-17
23350.056 2.7340747658178183e-16
23400.056 2.0885104094351907e-16
23450.056 4.4488597682392126e-17
23500.056 4.385376646460189e-17
23550.056 1.676896140930542e-16
23600.056 7.9869205223688165e-16
23650.056 1.2279317971401259e-15
23700.056 7.175043521278694e-17
23750.056 1.0578932418380319e-16
23800.056 1.2592843312503205e-15
23850.056 5.475985631295156e-16
23900.056 1.6333591322120606e-15
23950.056 4.010888889021111e-16
24000.056 2.4544194737398356e-15
24050.056 3.2871103084452106e-15
24100.056 7.664726437822042e-15
24150.056 1.0774926182790784e-14
24200.056 4.624450122102029e-15
24250.056 3.584941182958321e-15
24300.056 7.868763754337784e-15
24350.056 8.478702061897464e-15
24400.056 3.142820049730641e-14
24450.056 4.2545916481458366e-14
24500.056 3.8233938492469173e-14
24550.056 6.971774769478711e-14
24600.056 8.821631233120592e-14
24650.056 1.7157355140706366e-13
24700.056 1.0902792498762615e-13
24750.056 1.7250216856403965e-13
24800.056 1.3998790969753208e-13
24850.056 2.385477953408303e-13
24900.056 1.5472437704315464e-13
24950.056 2.218415246943685e-13
25000.056 3.4644935116619525e-13
25050.056 2.59989166145918e-13
25100.056 3.398301237686294e-13
25150.056 1.3632540945089994e-13
25200.056 2.3133010086361936e-13
25250.056 9.598106581809508e-14
25300.056 6.830567805220243e-14
25350.056 4.329284870239863e-14
25400.056 1.002092416567697e-13
25450.056 1.72707172792384e-14
25500.056 1.3310655478037424e-14
25550.056 4.259733326328783e-14
25600.056 1.0729370117376317e-14
25650.056 3.983570529976475e-15
25700.056 2.2332203802931146e-15
25750.056 7.839179785645812e-16
25800.056 4.254107614936493e-15
25850.056 6.024216365638548e-16
25900.056 6.043606998902587e-16
25950.056 3.326592928080917e-16
26000.056 2.275100753605775e-15
26050.056 4.009252092528357e-16
26100.056 1.0843265139136187e-15
26150.056 5.3804086038196e-16
26200.056 7.023175960833887e-16
26250.056 3.721444771756336e-15
26300.056 8.884993712720477e-16
26350.056 1.3676703062997066e-14
26400.056 4.397517665368584e-14
26450.056 1.9618485235708506e-14
26500.056 7.616081633705822e-14
26550.056 3.199328325377869e-15
26600.056 2.951063672862044e-15
26650.056 7.345804194399093e-16
26700.056 8.439398072342657e-16
26750.056 1.2781517536094486e-15
26800.056 4.240723578538108e-15
26850.056 2.7855770282565467e-15
26900.056 1.1449326477415958e-14
26950.056 2.470452688394209e-15
27000.056 1.2622032697943398e-14
27050.056 2.932957279412536e-14
27100.056 1.6386545408407345e-15
27150.056 1.8717894640262686e-14
27200.056 2.1068080189120787e-15
27250.056 6.5420972004294354e-15
27300.056 8.758947696553186e-14
27350.056 2.083772967107761e-14
27400.056 2.0576984450168258e-15
27450.056 4.027141212492775e-14
27500.056 4.7328707218638446e-14
27550.056 8.103495404841768e-15
27600.056 2.6222027548584415e-14
27650.056 7.0423755136860905e-15
27700.056 9.206878032968734e-15
27750.056 5.879614234236889e-14
27800.056 1.6171328881406034e-14
27850.056 4.2139865972354865e-14
27900.056 5.025919325648383e-14
27950.056 1.0368770219242121e-13
28000.056 1.8837998334119146e-13
28050.056 9.298916312220812e-15
28100.056 1.6143864303737364e-13
28150.056 1.270286465559709e-13
28200.056 1.6632310256204183e-14
28250.056 2.244477471838276e-13
28300.056 1.8743579474335842e-13
28350.056 1.9888585503748825e-14
28400.056 9.283208444619131e-14
28450.056 2.017498996757757e-13
28500.056 7.254023556633801e-14
28550.056 2.1043048685203217e-14
28600.056 2.085479506848174e-13
28650.056 6.769263878178824e-14
28700.056 2.350935893393384e-13
28750.056 2.86302287873629e-13
28800.056 4.936896414151647e-14
28850.056 8.492687882605727e-13
