galfind/configs/Brown_Dwarf_templates/sonora_bobcat/m0.0/10g/sp_t600g10nc_m0.0_resample.dat
# %ECSV 1.0
# ---
# datatype:
# - {name: wav, unit: Angstrom, datatype: float64}
# - {name: flux_nu, unit: erg / (cm2 Hz s), datatype: float64}
# meta: {C/O: '1.00', Kzz: '1.0000E+05', Teff: '600.', Y: '0.28', '[Fe/H]': '0.00', f_hole: '1.00', f_rain: '0.00', grav: '10.'}
# schema: astropy-2.0
wav flux_nu
[from data line 499]
28950.056 6.381028451839363e-09
29000.056 4.5916813361892966e-09
29050.056 5.8356641557830535e-09
29100.056 4.00570398586659e-09
29150.056 5.700751455808674e-09
29200.056 5.341990471685089e-09
29250.056 8.842880598523794e-09
29300.056 3.6859825484039514e-09
29350.056 1.1593545228192853e-08
29400.056 5.742920175473129e-09
29450.056 6.190341654318579e-09
29500.056 7.72520666421342e-09
29550.056 5.582992842804715e-09
29600.056 7.64565688357437e-09
29650.056 9.530477990181217e-09
29700.056 4.853998717508922e-09
29750.056 8.781250265508798e-09
29800.056 8.418799831966769e-09
29850.056 9.832078924883984e-09
29900.056 8.255119904743767e-09
29950.056 7.624238894371305e-09
30000.056 8.147353572913546e-10
30050.056 1.8726027949532466e-09
30100.056 3.101216214884533e-09
30150.056 6.2038298210544374e-09
30200.056 4.763733423927045e-09
30250.056 1.0412924417870969e-08
30300.056 1.1519807630546546e-08
30350.056 7.5478605021422e-09
30400.056 1.1618640138410402e-08
30450.056 7.1167178615107786e-09
30500.056 7.132831399017448e-09
30550.056 7.087494322863229e-09
30600.056 9.562730705023093e-09
30650.056 6.866997854478201e-09
30700.056 5.755577528394672e-09
30750.056 8.306831451061994e-09
30800.056 5.366280352217675e-09
30850.056 6.329758016768153e-09
30900.056 3.6297287470139847e-09
30950.056 4.8107741757762226e-09
31000.056 3.900217231834418e-09
31050.056 3.77527090950781e-09
31100.056 2.8074969986941026e-09
31150.056 4.267095706219284e-09
31200.056 4.620280554256482e-09
31250.056 3.428098434155811e-09
31300.056 2.6038366951661796e-09
31350.056 3.3634435911149135e-09
31400.056 2.57613271884252e-09
31450.056 2.55186994663772e-09
31500.056 1.7739865295093492e-09
31550.056 2.1464197159274942e-09
31600.056 1.3195247298234083e-09
31650.056 1.4639280844524689e-09
31700.056 1.5610519384385928e-09
31750.056 9.576777271307774e-10
31800.056 1.526668008331353e-09
31850.056 7.563032534426984e-10
31900.056 1.0160195152366789e-09
31950.056 6.718585524971491e-10
32000.056 8.391383774571781e-10
32050.056 1.0079851906360562e-09
32100.056 9.542611471902611e-10
32150.056 1.044428789807956e-09
32200.056 7.102984393049172e-10
32250.056 1.2672294229142626e-09
32300.056 7.474826212684855e-10
32350.056 1.21311676610607e-09
32400.056 6.646403545476618e-10
32450.056 1.1005182188704575e-09
32500.056 7.212481799996544e-10
32550.056 8.392305886656002e-10
32600.056 1.0292615764208346e-09
32650.056 2.148457594583258e-09
32700.056 1.3059072215955978e-09
32750.056 2.481015702936069e-09
32800.056 1.99333283815983e-09
32850.056 2.8991458064996806e-09
32900.056 2.932105725601973e-09
32950.056 3.38524365994699e-09
33000.056 2.4246459052922344e-09
33050.056 2.751466776058358e-09
33100.056 8.552676059627559e-10
33150.056 2.4168103369527364e-11
33200.056 6.918878141447247e-11
33250.056 3.641651114382712e-11
33300.056 7.781348573002387e-11
33350.056 2.356351800730248e-10
33400.056 5.324302673875019e-10
33450.056 7.792993443790611e-10
33500.056 1.8042799796957659e-09
33550.056 9.103487270422111e-10
33600.056 2.1227179025193813e-09
33650.056 1.915136121704688e-09
33700.056 1.516322594030524e-09
33750.056 2.6463760940571413e-09
33800.056 1.3706712367870497e-09
33850.056 2.0888474094379834e-09
33900.056 1.7716541640397844e-09
33950.056 1.7208255515760752e-09
34000.056 2.6820519301187368e-09
34050.056 8.177897737108808e-10
34100.056 2.496242188864069e-09
34150.056 1.705081382249885e-09
34200.056 2.1513280268478996e-09
34250.056 1.8592576745768025e-09
34300.056 1.760690640452116e-09
34350.056 1.6487381483251246e-09
34400.056 1.1197489645775781e-09
34450.056 1.968392241593303e-09
34500.056 1.71573347272062e-09
34550.056 1.112646237523042e-09
34600.056 2.602024409314407e-09
34650.056 1.3108253935384124e-09
34700.056 2.4534339726760587e-09
34750.056 1.960957627416234e-09
34800.056 1.8312576339962989e-09
34850.056 2.3939745310689244e-09
34900.056 2.1389688470348583e-09
34950.056 2.9050858529783683e-09
35000.056 5.097606824129516e-09
35050.056 2.397389198854876e-09
35100.056 4.134425803131182e-09
35150.056 3.0599925739312792e-09
35200.056 3.9839042986807855e-09
35250.056 5.326860393058618e-09
35300.056 3.603833672646345e-09
35350.056 3.80495567829615e-09
35400.056 4.353721683402618e-09
35450.056 2.9179579465484494e-09
35500.056 7.440490026888823e-09
35550.056 6.352915352345678e-09
35600.056 4.950470194722701e-09
35650.056 5.594927475999538e-09
35700.056 5.489907147500533e-09
35750.056 7.792804637320184e-09
35800.056 9.944886481424287e-09
35850.056 4.85782840685342e-09
35900.056 6.458425198499514e-09
35950.056 6.247164186728734e-09
36000.056 6.508474943559171e-09
36050.056 5.04923176685531e-09
36100.056 5.465736278691355e-09
36150.056 6.87019281632843e-09
36200.056 7.359834634880547e-09
36250.056 6.782274731302381e-09
36300.056 9.300031133281614e-09
36350.056 7.56775971047412e-09
36400.056 8.149167284528478e-09
36450.056 1.083631815279172e-08
36500.056 1.2211795192374825e-08
36550.056 1.1320006984492596e-08
36600.056 1.4501478662136771e-08
36650.056 1.2968248330520576e-08
36700.056 1.4855722226702758e-08
36750.056 1.6709990012387244e-08
36800.056 1.6045816464070718e-08
36850.056 1.3344693868559257e-08
36900.056 1.7546342648431147e-08
36950.056 1.8111651486671784e-08
37000.056 1.5692279466366102e-08
37050.056 1.6653892949610186e-08
37100.056 1.9598550420406967e-08
37150.056 1.4239575179018088e-08
37200.056 1.9749440034522183e-08
37250.056 1.8865937155477452e-08
37300.056 1.5807576627947772e-08
37350.056 1.8800242192040538e-08
37400.056 2.874332640326862e-08
37450.056 1.8401797571021448e-08
37500.056 1.9206392703436966e-08
37550.056 2.415205624277459e-08
37600.056 2.7879127447880445e-08
37650.056 1.6736387098973268e-08
37700.056 3.1082845544456574e-08
37750.056 2.0153896746227457e-08
37800.056 2.1371490692293035e-08
37850.056 1.3262490715759067e-08
37900.056 1.775773090052219e-08
37950.056 2.5118914112962822e-08
38000.056 2.893009734243097e-08
38050.056 2.8121693853144545e-08
38100.056 2.8823844412935977e-08
38150.056 3.57542273179994e-08
38200.056 3.683625249996447e-08
38250.056 3.427043563802379e-08
38300.056 4.9098262958789434e-08
38350.056 4.7845110292910364e-08
38400.056 2.5303642149479843e-08
38450.056 2.4939348340860627e-08
38500.056 1.659049881399022e-08
38550.056 2.939063143459149e-08
38600.056 3.043803236872826e-08
38650.056 2.689228655925386e-08
38700.056 2.6729996318075907e-08
38750.056 3.25115780132552e-08
38800.056 2.932976855362508e-08
38850.056 3.1100892564445525e-08
38900.056 4.259992727110068e-08
38950.056 3.275656331884511e-08
39000.056 3.893889348101483e-08
39050.056 3.2266730304702666e-08
39100.056 3.8924287674497346e-08
39150.056 3.8971148796496526e-08
39200.056 4.086171590482607e-08
39250.056 4.959557560111076e-08
39300.056 3.49712640981552e-08
39350.056 5.7366127413403333e-08
39400.056 4.040674896407895e-08
39450.056 4.839994653470068e-08
39500.056 5.070026462336445e-08
39550.056 4.762701355401143e-08
39600.056 5.211401164644689e-08
39650.056 5.32176175261632e-08
39700.056 5.50731388013153e-08
39750.056 4.346809857351522e-08
39800.056 4.9277253048954166e-08
39850.056 6.811037756650116e-08
39900.056 6.850965105400882e-08
39950.056 5.0767362128560295e-08
40000.056 8.005739304696567e-08
40050.056 6.48241782116934e-08
40100.056 4.842535057989484e-08
40150.056 6.836749161606793e-08
40200.056 7.223412765770645e-08
40250.056 7.351349574671751e-08
40300.056 7.183632675216186e-08
40350.056 7.261266003878536e-08
40400.056 8.544319926195907e-08
40450.056 6.74381988947592e-08
40500.056 8.763440450067309e-08
40550.056 8.723434421709512e-08
40600.056 8.260260159841324e-08
40650.056 6.322596933530035e-08
40700.056 9.725888289108655e-08
40750.056 8.195191870849545e-08
40800.056 6.555708083189035e-08
40850.056 1.1198474441934505e-07
40900.056 1.0116800233945412e-07
40950.056 9.47732535577994e-08
41000.056 9.381662241140714e-08
41050.056 1.1951183369295892e-07
41100.056 1.0310090826791676e-07
41150.056 7.109409705679439e-08
41200.056 1.2423379888575724e-07
41250.056 9.407624464834438e-08
41300.056 9.265255296125304e-08
41350.056 1.3496424060501468e-07
41400.056 1.1829589119442543e-07
41450.056 1.353161374771883e-07
41500.056 1.077210274248938e-07
41550.056 1.0623956179244584e-07
41600.056 1.195712085741279e-07
41650.056 1.3441060643508662e-07
41700.056 1.2238222820392688e-07
41750.056 1.2604043521638322e-07
41800.056 1.437472568352096e-07
41850.056 1.1566931887893208e-07
41900.056 1.2025657121546554e-07
41950.056 1.1117777144863201e-07
42000.056 1.0909670292594424e-07
42050.056 1.0934710889979677e-07
42100.056 1.40024398312045e-07
42150.056 1.2025996420939665e-07
42200.056 1.0958859442630718e-07
42250.056 1.0891906133617351e-07
42300.056 1.1506184545345268e-07
42350.056 1.432340236750216e-07
42400.056 1.4098968528805247e-07
42450.056 1.2825247539505482e-07
42500.056 1.1682554176628018e-07
42550.056 1.1507211930097297e-07
42600.056 1.2529144653210709e-07
42650.056 1.6199906452892606e-07
42700.056 1.3284558510057505e-07
42750.056 1.300310250768914e-07
42800.056 1.5209247484402874e-07
42850.056 1.6273916134494627e-07
42900.056 1.7179464153806734e-07
42950.056 1.4761916671696745e-07
43000.056 1.5850240783524756e-07
43050.056 1.1272441916043747e-07
43100.056 1.4135864548794564e-07
43150.056 1.3385431996881802e-07
43200.056 1.7445047931399005e-07
43250.056 2.0559651571401645e-07
43300.056 2.0006494854399207e-07
43350.056 1.370807117479743e-07
43400.056 1.634942826700795e-07
43450.056 1.384917202886285e-07
43500.056 1.242408081289035e-07
43550.056 1.3417616885885265e-07
43600.056 1.9767338829282948e-07
43650.056 1.5283009796000632e-07
43700.056 1.8812110524705037e-07
43750.056 1.8073035078202804e-07
43800.056 1.7132941610356707e-07
43850.056 1.4770649034300635e-07
43900.056 1.567033462047927e-07
43950.056 1.0962822634500448e-07
44000.056 1.0990959757258755e-07
44050.056 1.9718828108101417e-07
44100.056 2.3556164700201162e-07
44150.056 2.0806177724317213e-07
44200.056 1.892202489914908e-07
44250.056 1.402849464582164e-07
44300.056 1.201646073936235e-07
44350.056 1.3856477361644776e-07
44400.056 1.379826919625954e-07
44450.056 1.8061822950394677e-07
44500.056 1.832062921580516e-07
44550.056 2.3088590811596837e-07
44600.056 1.8742292130182203e-07
44650.056 1.8994949867924976e-07
44700.056 1.3699590378000944e-07
44750.056 1.890914775010401e-07
44800.056 1.5341178611049726e-07
44850.056 1.8125236650102294e-07
44900.056 1.644822380378087e-07
44950.056 1.921930968572086e-07
45000.056 1.999921991209899e-07
45050.056 1.915501806994984e-07
45100.056 1.7834872511419046e-07
45150.056 1.879638546921635e-07
45200.056 1.5470913393820974e-07
45250.056 1.690233172539294e-07
45300.056 1.4392013953904063e-07
45350.056 1.4857495912622925e-07
45400.056 2.476426363740202e-07
45450.056 2.0527164605799558e-07
45500.056 2.1965493620991475e-07
45550.056 2.3773051578791146e-07
45600.056 2.3657917971004538e-07
45650.056 1.8568254279268908e-07
45700.056 1.5344548308330925e-07
45750.056 1.5273341511569725e-07
45800.056 2.488908416009854e-07
45850.056 2.390200617209966e-07
45900.056 2.540655820879861e-07
45950.056 2.1605571988698543e-07
46000.056 2.3941785454450555e-07
46050.056 2.0251799215502528e-07
46100.056 2.550981636999725e-07
46150.056 1.9369087638900468e-07
46200.056 1.778510826379939e-07
46250.056 1.0967515838694286e-07
46300.056 2.0520027449840377e-07
46350.056 1.9936614612802875e-07
46400.056 1.8042790134401038e-07
46450.056 1.7037592089393948e-07
46500.056 1.958254170342512e-07
46550.056 1.39777716920592e-07
46600.056 1.805398056507867e-07
46650.056 2.4754347227298485e-07
46700.056 1.8151043104298165e-07
46750.056 1.292361390349977e-07
46800.056 9.630666371047637e-08
46850.056 2.571251417070627e-07
46900.056 2.2018653716598426e-07
46950.056 2.1834948815599672e-07
47000.056 2.1434176924403978e-07
47050.056 1.8417992543892974e-07
47100.056 1.3509047871441333e-07
47150.056 1.687095682682161e-07
47200.056 1.9977723950100228e-07
47250.056 1.5227786447299568e-07
47300.056 1.1076051499935278e-07
47350.056 2.3638670922797306e-07
47400.056 2.057584567039832e-07
47450.056 2.1183755720229847e-07
47500.056 2.369013407860637e-07
47550.056 2.0985028596801193e-07
47600.056 2.0159756927600156e-07
47650.056 1.8919426133997694e-07
47700.056 1.8164927802254703e-07
47750.056 1.371697250891058e-07
47800.056 1.384104625470117e-07
47850.056 9.619716281821108e-08
47900.056 1.2799753775257154e-07
47950.056 1.743279885406329e-07
48000.056 2.4576665367005345e-07
48050.056 2.249701738260068e-07
48100.056 1.250859315608155e-07
48150.056 1.871107696260101e-07
48200.056 1.5156646769040165e-07
48250.056 1.6135379001600943e-07
48300.056 2.1353557463393458e-07
48350.056 1.411936634270183e-07
48400.056 7.682481640813999e-08
48450.056 1.4287268458185462e-07
48500.056 1.882499774049637e-07
48550.056 1.659344051446057e-07
48600.056 1.8127478631200107e-07
48650.056 1.9490572907997008e-07
48700.056 1.5875958308539487e-07
48750.056 1.1396428327347321e-07
48800.056 2.214451405469867e-07
48850.056 1.3389421386947834e-07
48900.056 1.977549207027535e-07
48950.056 1.344105568110224e-07
49000.056 7.170455900200368e-08
49050.056 1.5705739301298922e-07
49100.056 1.8955991763054117e-07
49150.056 1.486024917428129e-07
49200.056 2.1736526881304097e-07
49250.056 2.0068768750603562e-07
49300.056 1.787124169182042e-07
49350.056 9.577452193281865e-08
49400.056 1.2736469436097554e-07
49450.056 1.385006123283966e-07
49500.056 1.0998001342598905e-07
49550.056 4.726908509580804e-08
49600.056 9.370669856950619e-08
49650.056 1.3945283361299467e-07
49700.056 1.3179254373314826e-07
49750.056 1.4610501380297087e-07
49800.056 1.1832850880335731e-07
49850.056 1.896014057694624e-07
49900.056 1.500853472409725e-07
49950.056 1.512912908000111e-07
50000.056 1.3123792302477083e-07
50050.056 1.5700697876900647e-07
50100.056 1.2480781428260664e-07
50150.056 8.061249325798347e-08
50200.056 2.838961572760666e-08
50250.056 1.0736747166698157e-07
50300.056 7.62549552352128e-08
50350.056 1.5633943196802055e-07
50400.056 1.386122862801892e-07
50450.056 1.1011186492101374e-07
50500.056 1.3927392367702392e-07
50550.056 1.295826889330139e-07
50600.056 1.0538532831796817e-07
50650.056 1.5575115861903504e-07
50700.056 1.6044443841392724e-07
50750.056 1.184650090480177e-07
50800.056 6.275283797019565e-08
50850.056 5.041752688552317e-08
50900.056 1.4427239993400132e-07
50950.056 1.0819403584401562e-07
51000.056 1.1015224246820876e-07
51050.056 1.223253038599967e-07
51100.056 6.24177550568549e-08
51150.056 8.572487897965064e-08
51200.056 1.654554948149893e-07
51250.056 1.034837576342741e-07
51300.056 9.011010976454972e-08
51350.056 8.844114053959249e-08
51400.056 4.486652267929976e-08
51450.056 3.701593335123763e-08
51500.056 3.895290329789828e-08
51550.056 1.1077762969316599e-07
51600.056 7.720410757032332e-08
51650.056 8.321409081597118e-08
51700.056 9.033345405864896e-08
51750.056 6.558311557706659e-08
51800.056 9.738212594898811e-08
51850.056 8.87222969989943e-08
51900.056 1.234691871049907e-07
51950.056 8.83173180339929e-08
52000.056 2.2589552932092537e-08
52050.056 6.101437401641092e-08
52100.056 4.297621219799651e-08
52150.056 3.3879733854444896e-08
52200.056 4.801264396080082e-08
52250.056 6.446594083702434e-08
52300.056 9.212934729419623e-08
52350.056 5.615066799492234e-08
52400.056 4.365922665460557e-08
52450.056 1.028391724636064e-07
52500.056 8.394817964767988e-08
52550.056 8.809478520518352e-08
52600.056 7.167562910240449e-08
52650.056 8.091230519581066e-08
52700.056 6.691195428539832e-08
52750.056 3.934411876767709e-08
52800.056 5.530700875201051e-08
52850.056 5.93897390373792e-08
52900.056 4.291761819864657e-08
52950.056 5.308436787188202e-08
53000.056 7.475512136702202e-08
53050.056 3.538970503690145e-08
53100.056 6.425912926897115e-08
53150.056 7.933906879640816e-08
53200.056 3.9888148341899635e-08
53250.056 7.939456394190461e-08
53300.056 9.379638523584107e-08
53350.056 7.809797402019848e-08
53400.056 5.8973284897384615e-08
53450.056 2.9621833765692577e-08
53500.056 1.1436497744647681e-08
53550.056 2.4785467824796857e-08
