galfind/configs/Brown_Dwarf_templates/sonora_bobcat/m0.0/10g/sp_t2300g10nc_m0.0_resample.dat
# %ECSV 1.0
# ---
# datatype:
# - {name: wav, unit: Angstrom, datatype: float64}
# - {name: flux_nu, unit: erg / (cm2 Hz s), datatype: float64}
# meta: {C/O: '1.00', Kzz: '1.0000E+05', Teff: '2300.', Y: '0.28', '[Fe/H]': '0.00', f_hole: '1.00', f_rain: '0.00', grav: '10.'}
# schema: astropy-2.0
wav flux_nu
4000.0559999999996 nan
4050.0559999999996 2.0743019967268565e-08
4100.056 1.8845545191821367e-08
4150.056 1.5200027590101655e-08
4200.056 1.1710166335503678e-08
4250.056 1.0366863297703942e-08
4300.056 6.82375954176198e-09
4350.056 7.3576731576196094e-09
4400.056 7.027574107261884e-09
4450.056 3.798543333308276e-09
4500.056 4.4325271289525205e-09
4550.056 5.652357161358129e-09
4600.056 4.452902063464791e-09
4650.056 3.2170479173327102e-09
4700.056 3.991961646781514e-09
4750.056 5.366955256361602e-09
4800.056 3.5929266746425592e-09
4850.056 4.644124005791838e-09
4900.056 1.0584415677077701e-08
4950.056 1.2886758837988295e-08
5000.056 6.0602580191730595e-09
5050.056 8.039659335814151e-09
5100.056 2.0777419921282875e-08
5150.056 2.4670037420996227e-08
5200.056 1.0592924817651743e-08
5250.056 1.3403403584168233e-08
5300.056 1.6552100125281262e-08
5350.056 1.4560737022082798e-08
5400.056 1.64915979378992e-08
5450.056 1.2652541782207286e-08
5500.056 9.888699874607796e-09
5550.056 1.4892145867498421e-08
5600.056 8.844549932000147e-09
5650.056 6.475274042001506e-09
5700.056 1.0242645027201737e-08
5750.056 1.298510946389838e-08
5800.056 1.8965802213699228e-08
5850.056 1.3583170964902047e-08
5900.056 3.91714267544975e-09
5950.056 6.41094610410059e-09
6000.056 1.1167290980099045e-08
6050.056 2.0378497283402863e-08
6100.056 3.01982388411997e-08
6150.056 2.8675813201991068e-08
6200.056 8.411659983901587e-09
6250.056 8.679389529701882e-09
6300.056 1.5735410949700676e-08
6350.056 2.4877454141802872e-08
6400.056 3.514771010950402e-08
6450.056 5.162414077887705e-08
6500.056 4.906897227658256e-08
6550.056 6.623339059797751e-08
6600.056 4.646433301340786e-08
6650.056 3.030961484610578e-08
6700.056 2.205281228156239e-08
6750.056 2.5529099242106277e-08
6800.056 3.05004272990001e-08
6850.056 4.5954834358096443e-08
6900.056 7.420929694859433e-08
6950.056 1.1388821455897601e-07
7000.056 1.8421603074997768e-07
7050.056 1.6469615720403017e-07
7100.056 7.126171374619026e-08
7150.056 3.69657556308137e-08
7200.056 6.364692742079157e-08
7250.056 1.1011534573801603e-07
7300.056 2.2222896306405533e-07
7350.056 3.71045555650977e-07
7400.056 5.438553190150029e-07
7450.056 6.559170642399457e-07
7500.056 7.678226531100186e-07
7550.056 8.69616964080037e-07
7600.056 5.698443233189755e-07
7650.056 2.7793325887408317e-07
7700.056 1.8546778254278407e-07
7750.056 2.64639683525103e-07
7800.056 3.054327642991084e-07
7850.056 3.191683899349839e-07
7900.056 3.904063349100676e-07
7950.056 4.2993070981305355e-07
8000.056 5.295615341619075e-07
8050.056 7.888428541598703e-07
8100.056 1.1130261861302604e-06
8150.056 1.5231666597601049e-06
8200.056 1.255532936057797e-06
8250.056 1.215157435939949e-06
8300.056 9.512326882702489e-07
8350.056 1.0028867278203412e-06
8400.056 1.0181973001502304e-06
8450.056 5.166148102388624e-07
8500.056 4.4986534048525964e-07
8550.056 6.057052035700115e-07
8600.056 7.91102584079735e-07
8650.056 1.081332996969894e-06
8700.056 1.3517656828302337e-06
8750.056 1.6862092769999656e-06
8800.056 2.125142540330621e-06
8850.056 1.9716230417501344e-06
8900.056 1.3617592048798816e-06
8950.056 1.487152458519839e-06
9000.056 1.8006306188201975e-06
9050.056 1.981546614019395e-06
9100.056 2.4202585855102234e-06
9150.056 2.7519731896999835e-06
9200.056 2.6034651029104e-06
9250.056 1.7310048168796798e-06
9300.056 1.4912160564700842e-06
9350.056 1.683229002149688e-06
9400.056 1.858613798830585e-06
9450.056 2.059501661929469e-06
9500.056 2.444341516149776e-06
9550.056 2.739548925980548e-06
9600.056 2.9903360382807064e-06
9650.056 3.3237044798709535e-06
9700.056 3.5762891532696647e-06
9750.056 2.9012458483200795e-06
9800.056 3.183280124019832e-06
9850.056 3.113660057759985e-06
9900.056 3.212584218750124e-06
9950.056 3.3639192647201903e-06
10000.056 3.440971202719761e-06
10050.056 3.269826236380223e-06
10100.056 3.689517655731543e-06
10150.056 3.5720895677295495e-06
10200.056 3.7841418528890586e-06
10250.056 3.780098867918587e-06
10300.056 3.850362908179811e-06
10350.056 4.195777503939621e-06
10400.056 4.32252902930035e-06
10450.056 4.60682012033021e-06
10500.056 4.665397894039062e-06
10550.056 4.793160802820431e-06
10600.056 5.0215347469004745e-06
10650.056 5.248749530799316e-06
10700.056 5.533754958600141e-06
10750.056 5.76821023660016e-06
10800.056 5.871678831699731e-06
10850.056 6.076586479000037e-06
10900.056 5.89333931059968e-06
10950.056 5.687508692598706e-06
11000.056 5.578060789300214e-06
11050.056 4.3534706773791296e-06
11100.056 4.6497356282610104e-06
11150.056 4.8223308433394465e-06
11200.056 4.886135226880124e-06
11250.056 5.283588162480022e-06
11300.056 5.3782265869401525e-06
11350.056 5.222205130249932e-06
11400.056 5.097138402700138e-06
11450.056 5.480857712598889e-06
11500.056 5.755287818649301e-06
11550.056 5.709054654160151e-06
11600.056 5.809579763619045e-06
11650.056 6.0474817025806504e-06
11700.056 5.86144062802966e-06
11750.056 5.8646338161396855e-06
11800.056 5.879904500129935e-06
11850.056 6.1690699029001566e-06
11900.056 6.1883204818988694e-06
11950.056 6.32876205569976e-06
12000.056 6.3250571985003455e-06
12050.056 6.553962180800673e-06
12100.056 6.640280355500167e-06
12150.056 6.8771749660998694e-06
12200.056 7.063999322399837e-06
12250.056 7.234609910899254e-06
12300.056 7.332648691400804e-06
12350.056 7.436433390000524e-06
12400.056 7.24662905289939e-06
12450.056 6.706328807039917e-06
12500.056 7.085795221799223e-06
12550.056 7.1039153230998055e-06
12600.056 6.957996392699979e-06
12650.056 7.254922729999465e-06
12700.056 7.4106346233993775e-06
12750.056 7.423683048700462e-06
12800.056 7.744558133799112e-06
12850.056 7.758354265999966e-06
12900.056 7.797913224399972e-06
12950.056 8.015537241698682e-06
13000.056 8.119947356999402e-06
13050.056 8.167796817799656e-06
13100.056 8.102210784699114e-06
13150.056 8.154064404599836e-06
13200.056 7.992937297399531e-06
13250.056 7.762611310000156e-06
13300.056 7.144697526758981e-06
13350.056 5.487870333030541e-06
13400.056 5.374581574419967e-06
13450.056 4.9996128071997074e-06
13500.056 5.04032881972968e-06
13550.056 4.8922857212421e-06
13600.056 4.534338561999967e-06
13650.056 4.712480441130037e-06
13700.056 4.438006570990212e-06
13750.056 4.467947889799188e-06
13800.056 4.778737410321064e-06
13850.056 4.800488602439494e-06
13900.056 4.681995088650022e-06
13950.056 4.542599157799797e-06
14000.056 4.354607499590206e-06
14050.056 4.420719011391076e-06
14100.056 4.166423029170705e-06
14150.056 4.113501502300345e-06
14200.056 3.98423440958055e-06
14250.056 3.965932415659185e-06
14300.056 3.997329217839369e-06
14350.056 4.032309862230337e-06
14400.056 4.140328880830204e-06
14450.056 4.305680841770252e-06
14500.056 4.4704188876296115e-06
14550.056 4.476801970720005e-06
14600.056 4.580020056820928e-06
14650.056 4.53405614925882e-06
14700.056 4.326404487449445e-06
14750.056 4.480986015170405e-06
14800.056 4.515976429230706e-06
14850.056 4.7216517103991825e-06
14900.056 4.752351965699718e-06
14950.056 4.783867473700677e-06
15000.056 4.860160621600643e-06
15050.056 5.144239068799306e-06
15100.056 5.119324917200671e-06
15150.056 5.271804111000244e-06
15200.056 5.383550877999707e-06
15250.056 5.370388544899774e-06
15300.056 5.5494531889000276e-06
15350.056 5.644135813100268e-06
15400.056 5.7244529297000395e-06
15450.056 5.881227729700404e-06
15500.056 5.944574878999211e-06
15550.056 6.13777490489983e-06
15600.056 6.136524440200685e-06
15650.056 6.293766384999914e-06
15700.056 6.538878630901667e-06
15750.056 6.677822296899516e-06
15800.056 6.760929032500631e-06
15850.056 6.837655625600255e-06
15900.056 6.932707450300645e-06
15950.056 7.084181737999878e-06
16000.056 7.188717739199443e-06
16050.056 7.368464906400049e-06
16100.056 7.449694003500139e-06
16150.056 7.551292852200349e-06
16200.056 7.656304830299526e-06
16250.056 7.78621670339998e-06
16300.056 7.837191058200044e-06
16350.056 8.063503434099539e-06
16400.056 8.114787547401e-06
16450.056 8.270190131900328e-06
16500.056 8.361988984800804e-06
16550.056 8.566662065299623e-06
16600.056 8.443545895600664e-06
16650.056 8.835350530500557e-06
16700.056 8.750328535099032e-06
16750.056 8.89818875259935e-06
16800.056 9.018481608900381e-06
16850.056 8.986447104699608e-06
16900.056 8.937729242299506e-06
16950.056 8.856979588399917e-06
17000.056 8.77079493150097e-06
17050.056 8.675214301800276e-06
17100.056 8.357237924199607e-06
17150.056 8.175308852899479e-06
17200.056 7.83802256319985e-06
17250.056 7.68884889759994e-06
17300.056 7.82469131149953e-06
17350.056 7.502950415799205e-06
17400.056 7.680196393300242e-06
17450.056 7.318559639897628e-06
17500.056 7.169132215499335e-06
17550.056 7.115207410130035e-06
17600.056 6.95068047590047e-06
17650.056 6.998423810208688e-06
17700.056 6.564729438628842e-06
17750.056 6.349871700540327e-06
17800.056 6.277186893001493e-06
17850.056 6.171059119320771e-06
17900.056 6.132661734710048e-06
17950.056 5.988317453509246e-06
18000.056 5.729226839990372e-06
18050.056 5.761563552932284e-06
18100.056 5.602554671020211e-06
18150.056 5.895650939051876e-06
18200.056 5.405770082449845e-06
18250.056 5.781371838439081e-06
18300.056 5.663789455409284e-06
18350.056 5.531285318160447e-06
18400.056 5.425149447260067e-06
18450.056 5.1235776701121235e-06
18500.056 5.17319527493082e-06
18550.056 5.051954946289899e-06
18600.056 4.526369555517956e-06
18650.056 5.00367741764092e-06
18700.056 5.21035450637051e-06
18750.056 5.0362084439023565e-06
18800.056 5.044793279661936e-06
18850.056 5.5146550933094884e-06
18900.056 5.369678332768593e-06
18950.056 5.336736961599577e-06
19000.056 5.580981042699059e-06
19050.056 5.494014949760119e-06
19100.056 5.514443877671677e-06
19150.056 5.682675893429789e-06
19200.056 5.6727672504311285e-06
19250.056 5.498034643468856e-06
19300.056 5.628865331789594e-06
19350.056 5.7749827471394944e-06
19400.056 5.565893261858786e-06
19450.056 5.721696289240918e-06
19500.056 5.768429026909514e-06
19550.056 5.436078662980962e-06
19600.056 5.851869311049197e-06
19650.056 5.732691110447523e-06
19700.056 5.796799806020423e-06
19750.056 5.587418812800174e-06
19800.056 5.73291820203932e-06
19850.056 5.639777813201544e-06
19900.056 5.440906462401929e-06
19950.056 5.779856488499771e-06
20000.056 5.325151240400884e-06
20050.056 5.510126738701297e-06
20100.056 5.605786082297055e-06
20150.056 5.486372214601296e-06
20200.056 5.573170013098551e-06
20250.056 5.72258830770042e-06
20300.056 5.695191687700542e-06
20350.056 5.691111278299626e-06
20400.056 5.654060393497683e-06
20450.056 5.869118496599701e-06
20500.056 5.804817054400113e-06
20550.056 5.904613304999484e-06
20600.056 6.080601882000539e-06
20650.056 5.9359911009010846e-06
20700.056 6.100014653899836e-06
20750.056 6.105493555399207e-06
20800.056 6.255816147600262e-06
20850.056 6.258978165600032e-06
20900.056 6.40324157319989e-06
20950.056 6.4454362292996804e-06
21000.056 6.6307625630995585e-06
21050.056 6.626483982900258e-06
21100.056 6.679063361100029e-06
21150.056 6.9011074385003305e-06
21200.056 6.875734689100533e-06
21250.056 7.060315330399297e-06
21300.056 6.925149749099815e-06
21350.056 7.208494311500403e-06
21400.056 7.086811105000315e-06
21450.056 7.501103010500114e-06
21500.056 7.267165718600262e-06
21550.056 7.402688577499627e-06
21600.056 7.5548416057004904e-06
21650.056 7.557194700300461e-06
21700.056 7.738023482799609e-06
21750.056 7.678910365399952e-06
21800.056 7.69003120099991e-06
21850.056 7.783539229299884e-06
21900.056 7.901868000100635e-06
21950.056 7.860913037100467e-06
22000.056 8.079767947699448e-06
22050.056 7.938728699899385e-06
22100.056 8.088307680099786e-06
22150.056 8.158877764900595e-06
22200.056 8.032788113801197e-06
22250.056 8.35944368930033e-06
22300.056 8.289208147499573e-06
22350.056 8.197382244700322e-06
22400.056 8.454146484900135e-06
22450.056 8.397142262999174e-06
22500.056 8.491283906599758e-06
22550.056 8.448797561998921e-06
22600.056 8.414626740699606e-06
22650.056 8.502479412201299e-06
22700.056 8.479891276801233e-06
22750.056 8.646772775799387e-06
22800.056 8.480130338299957e-06
22850.056 8.570479937200661e-06
22900.056 8.724579667899238e-06
22950.056 7.4244976943007764e-06
23000.056 8.009086564600522e-06
23050.056 8.140668151698655e-06
23100.056 7.980405128300358e-06
23150.056 8.042313642500911e-06
23200.056 8.091438124400123e-06
23250.056 7.214095834198078e-06
23300.056 7.579979009300472e-06
23350.056 7.63531356199986e-06
23400.056 7.532689314400248e-06
23450.056 7.644088105899926e-06
23500.056 7.3854292314985216e-06
23550.056 6.873026724002296e-06
23600.056 7.085723463401514e-06
23650.056 7.38532869739885e-06
23700.056 7.347742882498358e-06
23750.056 7.2736100501003505e-06
23800.056 7.2090659815010245e-06
23850.056 6.39114584380036e-06
23900.056 6.734350979099447e-06
23950.056 6.858378278201895e-06
24000.056 6.622217593499219e-06
24050.056 6.458984256301378e-06
24100.056 6.131960956898327e-06
24150.056 6.007387736000577e-06
24200.056 6.089964914898639e-06
24250.056 6.051690602000928e-06
24300.056 5.7477632312002136e-06
24350.056 5.6378763275999476e-06
24400.056 5.9111872941997305e-06
24450.056 5.640780230200396e-06
24500.056 5.298562561200254e-06
24550.056 5.294361631399506e-06
24600.056 5.224926223601024e-06
24650.056 5.546120076099475e-06
24700.056 5.062737231099924e-06
24750.056 4.913783443801175e-06
24800.056 4.793227414900297e-06
24850.056 5.181126807800461e-06
24900.056 4.633248658802249e-06
24950.056 5.194697340699415e-06
25000.056 4.744890209200369e-06
25050.056 4.408946065200714e-06
25100.056 4.786137318999698e-06
25150.056 4.4521680780007055e-06
25200.056 4.625261607999188e-06
25250.056 4.587305950598793e-06
25300.056 4.564994632900607e-06
25350.056 4.341529324199782e-06
25400.056 4.370125956001465e-06
25450.056 4.331102373100456e-06
25500.056 4.444590080301461e-06
25550.056 4.2368705113997855e-06
25600.056 4.3378408285999954e-06
25650.056 4.128950823499605e-06
25700.056 4.515721658798214e-06
25750.056 4.043266236500954e-06
25800.056 4.373745360600448e-06
25850.056 4.267754244899456e-06
25900.056 4.383221055001122e-06
25950.056 4.251064148201085e-06
26000.056 4.227403643600622e-06
26050.056 4.659965748800257e-06
26100.056 4.391994551801149e-06
26150.056 4.461648841999105e-06
26200.056 4.2385311611004225e-06
26250.056 4.281277219201171e-06
26300.056 4.380865905199722e-06
26350.056 4.189079944699449e-06
26400.056 4.285336529599388e-06
26450.056 4.223343278900402e-06
26500.056 4.3588394341988e-06
26550.056 4.524370078699035e-06
26600.056 4.821849686198932e-06
26650.056 4.430269584198848e-06
26700.056 4.478371005099288e-06
26750.056 4.441101085398696e-06
26800.056 4.535745219798667e-06
26850.056 4.4669846174007814e-06
26900.056 4.761621446900004e-06
26950.056 3.941031282300529e-06
27000.056 4.601962513701097e-06
27050.056 4.288084822098932e-06
27100.056 4.228153007499707e-06
27150.056 4.326140026099626e-06
27200.056 4.2871603972008404e-06
27250.056 4.072182399801945e-06
27300.056 4.113859693600168e-06
27350.056 4.154675322998736e-06
27400.056 3.926130041700304e-06
27450.056 4.258187894598651e-06
27500.056 4.038771297100552e-06
27550.056 4.148067880699995e-06
27600.056 4.163056165299616e-06
27650.056 3.821019069099764e-06
27700.056 3.927918248500717e-06
27750.056 4.231050343897816e-06
27800.056 3.675089852200205e-06
27850.056 3.8974433059989864e-06
27900.056 3.851613588499932e-06
27950.056 4.117876054799565e-06
28000.056 4.092052572500829e-06
28050.056 3.6551945031004228e-06
28100.056 4.205801676902037e-06
28150.056 3.7393255121003354e-06
28200.056 3.449989878600212e-06
28250.056 3.7596515921997832e-06
28300.056 4.095057470801008e-06
28350.056 3.9141494653988124e-06
28400.056 3.793949063900222e-06
28450.056 3.7142910585993573e-06
28500.056 3.84509412679945e-06
28550.056 3.5394631601990366e-06
28600.056 4.027629674000643e-06
28650.056 3.979926920099621e-06
28700.056 3.7267939128993067e-06
28750.056 3.911309847799679e-06
28800.056 3.868600935000509e-06
28850.056 3.935899290399988e-06
28900.056 3.692328817900594e-06
28950.056 4.2313674934991866e-06
29000.056 3.6320996097988458e-06
