galfind/configs/Brown_Dwarf_templates/sonora_bobcat/m0.0/10g/sp_t1100g10nc_m0.0_resample.dat
# %ECSV 1.0
# ---
# datatype:
# - {name: wav, unit: Angstrom, datatype: float64}
# - {name: flux_nu, unit: erg / (cm2 Hz s), datatype: float64}
# meta: {C/O: '1.00', Kzz: '1.0000E+05', Teff: '1100.', Y: '0.28', '[Fe/H]': '0.00', f_hole: '1.00', f_rain: '0.00', grav: '10.'}
# schema: astropy-2.0
wav flux_nu
[from data line 498]
28900.056 1.952792177309998e-07
28950.056 2.9388671280002027e-07
29000.056 2.4210869158793473e-07
29050.056 2.4849759741092035e-07
29100.056 2.0482879799203159e-07
29150.056 2.757440466821087e-07
29200.056 2.384773109600678e-07
29250.056 2.9787780953100385e-07
29300.056 2.2368585898584952e-07
29350.056 3.427326775248761e-07
29400.056 2.5377820676793144e-07
29450.056 2.748638870709719e-07
29500.056 2.843024259459528e-07
29550.056 2.7010921128400334e-07
29600.056 2.9483260765493586e-07
29650.056 2.8639718578195533e-07
29700.056 2.3559069597288697e-07
29750.056 3.077098347831827e-07
29800.056 3.124539894989939e-07
29850.056 3.084516130609551e-07
29900.056 2.809236251311123e-07
29950.056 3.0974443547993846e-07
30000.056 3.055059491349665e-07
30050.056 2.819528829129699e-07
30100.056 2.4544958189290463e-07
30150.056 3.3427485023097287e-07
30200.056 2.7642570556999963e-07
30250.056 3.228775450001029e-07
30300.056 2.8542188605699715e-07
30350.056 2.533348140760183e-07
30400.056 2.905645308280141e-07
30450.056 2.4133241721702973e-07
30500.056 1.960647156510327e-07
30550.056 2.1595427221902462e-07
30600.056 2.2393018254399637e-07
30650.056 1.9568785378395143e-07
30700.056 1.9980683930198343e-07
30750.056 1.8229097492098248e-07
30800.056 1.6488344373602973e-07
30850.056 1.4735271928095077e-07
30900.056 1.5387053181497503e-07
30950.056 1.3491054417003212e-07
31000.056 1.215559216260006e-07
31050.056 1.2827864671100855e-07
31100.056 1.0567374215198766e-07
31150.056 1.129316172739928e-07
31200.056 1.222730335090146e-07
31250.056 9.713670274398318e-08
31300.056 9.70076737489908e-08
31350.056 9.199591269399958e-08
31400.056 8.300772840800501e-08
31450.056 8.104515763498832e-08
31500.056 7.59583504519816e-08
31550.056 7.904416843200076e-08
31600.056 6.989435540899296e-08
31650.056 6.733085918399874e-08
31700.056 6.550143893999015e-08
31750.056 6.18514822410185e-08
31800.056 6.881704873698955e-08
31850.056 6.567469670100532e-08
31900.056 6.998693505099547e-08
31950.056 5.58852255240076e-08
32000.056 6.342182065399479e-08
32050.056 6.639674520299998e-08
32100.056 6.811160618301261e-08
32150.056 6.754386895798961e-08
32200.056 6.390422139600037e-08
32250.056 7.292988157600592e-08
32300.056 6.532133188200339e-08
32350.056 7.646561080398764e-08
32400.056 6.351196782099106e-08
32450.056 7.494827465497625e-08
32500.056 7.649682499300691e-08
32550.056 7.158108773099508e-08
32600.056 7.83943058380025e-08
32650.056 9.668722031998691e-08
32700.056 8.895569550801157e-08
32750.056 9.327408849800505e-08
32800.056 9.042221843400533e-08
32850.056 9.468660954898151e-08
32900.056 1.0467872607998852e-07
32950.056 1.0539677833398826e-07
33000.056 9.408263257597216e-08
33050.056 8.524450501103154e-08
33100.056 6.394897895099659e-08
33150.056 5.7197022091995785e-08
33200.056 4.5729478919002225e-08
33250.056 3.453150319299664e-08
33300.056 3.318802945900011e-08
33350.056 3.616682482799916e-08
33400.056 4.0346721665994264e-08
33450.056 4.730981486800078e-08
33500.056 5.785200809101249e-08
33550.056 6.248264550601226e-08
33600.056 7.636475056099305e-08
33650.056 8.12380978219955e-08
33700.056 7.880289876599013e-08
33750.056 9.299733238100669e-08
33800.056 9.545009446099589e-08
33850.056 9.984854409898706e-08
33900.056 9.003769290499921e-08
33950.056 8.811234278199615e-08
34000.056 9.915826103501883e-08
34050.056 8.387097369097655e-08
34100.056 9.962962301098252e-08
34150.056 9.493107854199643e-08
34200.056 8.4474946824977e-08
34250.056 9.300168982296274e-08
34300.056 8.973693069396179e-08
34350.056 7.583040944899783e-08
34400.056 7.921751785699694e-08
34450.056 8.898929597699226e-08
34500.056 8.56477572299997e-08
34550.056 8.6555678067e-08
34600.056 9.764218542399775e-08
34650.056 9.440242243499076e-08
34700.056 9.004813416899428e-08
34750.056 9.46404596139864e-08
34800.056 9.369995430698449e-08
34850.056 8.781873717701705e-08
34900.056 1.034547435219822e-07
34950.056 9.855721016798426e-08
35000.056 1.1876851847202221e-07
35050.056 9.486206220498031e-08
35100.056 1.038780278700044e-07
35150.056 1.0435894102799821e-07
35200.056 1.1198048203999784e-07
35250.056 1.229439917919806e-07
35300.056 1.165038040690194e-07
35350.056 1.0772176855297466e-07
35400.056 1.1459367327501993e-07
35450.056 9.307346621603059e-08
35500.056 1.3006866108100942e-07
35550.056 1.324478124229822e-07
35600.056 1.1865519326503421e-07
35650.056 1.3055897031299553e-07
35700.056 1.2340535663499414e-07
35750.056 1.383695349319771e-07
35800.056 1.7409910198200315e-07
35850.056 1.3202933896098358e-07
35900.056 1.571180361849905e-07
35950.056 1.4910972266999103e-07
36000.056 1.5345785689402356e-07
36050.056 1.5081582597497745e-07
36100.056 1.6054065483391434e-07
36150.056 1.5840453095298177e-07
36200.056 1.7050521681897315e-07
36250.056 1.68817339893955e-07
36300.056 1.7814676251601546e-07
36350.056 1.7681770889399776e-07
36400.056 1.747695646069953e-07
36450.056 1.994079444080168e-07
36500.056 2.0565444303798092e-07
36550.056 2.0656553165505446e-07
36600.056 2.2795742621001527e-07
36650.056 2.3217871128495193e-07
36700.056 2.464561751949871e-07
36750.056 2.571145477500938e-07
36800.056 2.6019576764999647e-07
36850.056 2.652381242209561e-07
36900.056 2.610074943839816e-07
36950.056 3.033893022299687e-07
37000.056 3.0210469399899025e-07
37050.056 2.900856169599667e-07
37100.056 3.3172108291001764e-07
37150.056 2.9191906625602183e-07
37200.056 3.226456463000047e-07
37250.056 3.4456999015395945e-07
37300.056 3.117601574059049e-07
37350.056 3.046547793250642e-07
37400.056 4.005882605399798e-07
37450.056 3.588754748040632e-07
37500.056 3.5778702146094037e-07
37550.056 3.937522173501209e-07
37600.056 4.147326414499875e-07
37650.056 3.7240174872998354e-07
37700.056 4.582195750840538e-07
37750.056 3.966393108400003e-07
37800.056 4.181107715252452e-07
37850.056 3.770269266900004e-07
37900.056 3.848749026461197e-07
37950.056 4.1079767704493466e-07
38000.056 4.798413795400334e-07
38050.056 4.870437165840753e-07
38100.056 4.291888238200904e-07
38150.056 5.273293662199668e-07
38200.056 5.520095139800881e-07
38250.056 5.059298349100603e-07
38300.056 5.679853591399521e-07
38350.056 6.096257534099704e-07
38400.056 5.026235628758445e-07
38450.056 5.631182693400111e-07
38500.056 4.634216626501045e-07
38550.056 5.770900264600328e-07
38600.056 6.191342377199737e-07
38650.056 5.6351923053996e-07
38700.056 6.148374805000108e-07
38750.056 6.218938847800371e-07
38800.056 5.798225866497542e-07
38850.056 5.602317011000275e-07
38900.056 6.314340444600612e-07
38950.056 6.507998900599641e-07
39000.056 6.463559116299896e-07
39050.056 6.495379357998965e-07
39100.056 6.354907274601112e-07
39150.056 6.272963458399909e-07
39200.056 7.047180592000121e-07
39250.056 7.2873027315976e-07
39300.056 6.549680491197164e-07
39350.056 7.248748359400395e-07
39400.056 7.14848988170076e-07
39450.056 7.07098794469938e-07
39500.056 6.663412665801054e-07
39550.056 7.170194556690358e-07
39600.056 7.39361820319761e-07
39650.056 7.230633451399802e-07
39700.056 7.44030555109956e-07
39750.056 6.787113955600239e-07
39800.056 7.381079697498184e-07
39850.056 7.717056366699593e-07
39900.056 7.538647022601249e-07
39950.056 7.599726378698154e-07
40000.056 7.861188398600992e-07
40050.056 7.506987133400478e-07
40100.056 7.721180710460072e-07
40150.056 7.714127665698633e-07
40200.056 7.655531436398061e-07
40250.056 7.294444022898035e-07
40300.056 7.325149071400758e-07
40350.056 8.089111859801161e-07
40400.056 8.065359185320426e-07
40450.056 8.137938695901763e-07
40500.056 7.619725593800997e-07
40550.056 8.198512140599535e-07
40600.056 7.624972133801392e-07
40650.056 7.339240646718355e-07
40700.056 8.4471375734999e-07
40750.056 7.747779591097496e-07
40800.056 7.042829818898798e-07
40850.056 7.898043532001579e-07
40900.056 7.515772451900346e-07
40950.056 7.728226857700198e-07
41000.056 7.756040453100198e-07
41050.056 8.166684319199138e-07
41100.056 7.62938316980029e-07
41150.056 7.015555024599728e-07
41200.056 7.851887642699447e-07
41250.056 7.599699625899926e-07
41300.056 6.828535258498354e-07
41350.056 8.357437627400582e-07
41400.056 7.967238521101718e-07
41450.056 7.901213837002505e-07
41500.056 7.410735766689787e-07
41550.056 7.565461135500024e-07
41600.056 8.417242967440225e-07
41650.056 7.800530117401294e-07
41700.056 7.231886894198383e-07
41750.056 7.429861627499176e-07
41800.056 7.534736334298551e-07
41850.056 6.218184549900923e-07
41900.056 7.084506901099505e-07
41950.056 5.976091086401976e-07
42000.056 6.370453380960963e-07
42050.056 5.692000538698472e-07
42100.056 7.151075413400884e-07
42150.056 5.234343971607907e-07
42200.056 5.488958750359759e-07
42250.056 5.400672575579951e-07
42300.056 4.671441946820574e-07
42350.056 5.950284151421334e-07
42400.056 4.892057544501364e-07
42450.056 4.4692190030007084e-07
42500.056 4.71303639056091e-07
42550.056 4.698518843800008e-07
42600.056 4.553736071721809e-07
42650.056 4.052239870907803e-07
42700.056 4.620751986961599e-07
42750.056 4.248079171599817e-07
42800.056 3.994445242591781e-07
42850.056 4.5376298400986204e-07
42900.056 4.4390085077603884e-07
42950.056 4.295029341097737e-07
43000.056 4.2496294521502906e-07
43050.056 3.908648508282063e-07
43100.056 4.4233981617007325e-07
43150.056 4.0594022543508797e-07
43200.056 4.5018047716007505e-07
43250.056 4.3056541169190945e-07
43300.056 4.4798461461001526e-07
43350.056 4.243198985800089e-07
43400.056 4.217130354599962e-07
43450.056 4.2752236847410067e-07
43500.056 4.0015096663995605e-07
43550.056 4.4788946063003525e-07
43600.056 4.512324742900246e-07
43650.056 4.1003206578005165e-07
43700.056 4.2416338879986704e-07
43750.056 4.293907770901193e-07
43800.056 3.875088626200354e-07
43850.056 4.1609177402010935e-07
43900.056 4.313916885799805e-07
43950.056 3.8736035210009203e-07
44000.056 3.9744625267506346e-07
44050.056 4.2850608357006715e-07
44100.056 4.377729171500513e-07
44150.056 4.229485499198652e-07
44200.056 4.100109238799559e-07
44250.056 4.1827407889001433e-07
44300.056 4.083838635830369e-07
44350.056 3.939178622310391e-07
44400.056 4.2918896667000137e-07
44450.056 4.2868725932997414e-07
44500.056 4.606149463800195e-07
44550.056 4.299816124299196e-07
44600.056 4.20400425447049e-07
44650.056 4.4754121509008106e-07
44700.056 4.174749245500328e-07
44750.056 4.499046965199587e-07
44800.056 4.678869415299988e-07
44850.056 4.416809828900747e-07
44900.056 4.208944544900316e-07
44950.056 4.1685644040000807e-07
45000.056 4.504258888599604e-07
45050.056 4.517632360099806e-07
45100.056 4.618851633399789e-07
45150.056 4.4106917023997563e-07
45200.056 4.173295557700251e-07
45250.056 4.2470351099992876e-07
45300.056 4.3688291166004074e-07
45350.056 4.5756802070997434e-07
45400.056 4.547338224000401e-07
45450.056 4.1285177909192535e-07
45500.056 4.2963535256998737e-07
45550.056 4.66656873179956e-07
45600.056 4.3828372898999565e-07
45650.056 3.954333520499196e-07
45700.056 4.701501989700491e-07
45750.056 4.1308854403099877e-07
45800.056 4.262380147399853e-07
45850.056 4.917495830299698e-07
45900.056 4.93323694000029e-07
45950.056 4.2431058410401053e-07
46000.056 4.862990108030134e-07
46050.056 4.6941111669505617e-07
46100.056 4.2177425989804274e-07
46150.056 4.603110687939901e-07
46200.056 4.7333583155507927e-07
46250.056 4.070237929699786e-07
46300.056 5.058155086799881e-07
46350.056 4.344719207999621e-07
46400.056 4.408448081799654e-07
46450.056 4.669378454000639e-07
46500.056 4.2800626903097313e-07
46550.056 5.233857784699632e-07
46600.056 4.837772740520224e-07
46650.056 6.072464776898798e-07
46700.056 5.534096556501994e-07
46750.056 4.442223003299475e-07
46800.056 4.871132609200674e-07
46850.056 5.347934974200744e-07
46900.056 5.077803934199121e-07
46950.056 5.475083768100373e-07
47000.056 4.681421990499866e-07
47050.056 5.453160765498616e-07
47100.056 4.3056656682205787e-07
47150.056 4.660279122300369e-07
47200.056 5.026427465780752e-07
47250.056 4.50656184939975e-07
47300.056 4.5878603154989384e-07
47350.056 4.3113563555992147e-07
47400.056 5.185620249599161e-07
47450.056 4.4931878060199036e-07
47500.056 5.183407678299065e-07
47550.056 4.554290985059544e-07
47600.056 5.053208932599675e-07
47650.056 3.78846950852904e-07
47700.056 5.23920878720072e-07
47750.056 3.701181070300744e-07
47800.056 5.217145018599415e-07
47850.056 4.0586431531991576e-07
47900.056 5.033877153800134e-07
47950.056 3.834971530100556e-07
48000.056 5.59394006190034e-07
48050.056 4.43613412728047e-07
48100.056 4.818649835499997e-07
48150.056 4.550907855500616e-07
48200.056 5.146631690400674e-07
48250.056 4.362296868919967e-07
48300.056 5.390631589698366e-07
48350.056 4.0215135810999563e-07
48400.056 4.90247707740987e-07
48450.056 4.382303239600576e-07
48500.056 5.741362177700152e-07
48550.056 4.1173308266601576e-07
48600.056 5.089884982399755e-07
48650.056 4.331988803299642e-07
48700.056 4.950312785900198e-07
48750.056 3.8778816061006357e-07
48800.056 5.890672035900102e-07
48850.056 4.192890801799293e-07
48900.056 5.346807246900445e-07
48950.056 5.022672608500468e-07
49000.056 4.476122983439036e-07
49050.056 5.092759240700154e-07
49100.056 4.695423177300432e-07
49150.056 4.990068003550022e-07
49200.056 4.867056605819985e-07
49250.056 5.108236438300304e-07
49300.056 4.4298751830997173e-07
49350.056 4.515386238800131e-07
49400.056 5.287766762000345e-07
49450.056 4.665604109251215e-07
49500.056 4.83748138779987e-07
49550.056 4.1631678915002437e-07
49600.056 4.767679287161215e-07
49650.056 4.892674836400007e-07
49700.056 4.2930123145991907e-07
49750.056 5.677057604398957e-07
49800.056 4.676187967140229e-07
49850.056 5.926813242700771e-07
49900.056 4.697260556100294e-07
49950.056 5.192033735999104e-07
50000.056 4.983086440599044e-07
50050.056 5.169523310400343e-07
50100.056 5.132905001899689e-07
50150.056 4.3078302729000224e-07
50200.056 3.867676420300065e-07
50250.056 5.062117289999743e-07
50300.056 4.771008118999816e-07
50350.056 5.646893514400132e-07
50400.056 4.913349164599913e-07
50450.056 4.7181493896809233e-07
50500.056 5.587748591900878e-07
50550.056 4.857890699199943e-07
50600.056 5.166194118499877e-07
50650.056 5.246235631101185e-07
50700.056 5.61298887179833e-07
50750.056 5.696024686900764e-07
50800.056 4.327225704139587e-07
50850.056 4.794163678401091e-07
50900.056 5.534437716699999e-07
50950.056 5.187188670501262e-07
51000.056 5.970481798500669e-07
51050.056 4.5701261054004844e-07
51100.056 4.394731910999539e-07
51150.056 5.234635098799306e-07
51200.056 5.507305239999813e-07
51250.056 5.23611722739904e-07
51300.056 4.69599855860217e-07
51350.056 4.7577329422991716e-07
51400.056 4.174567788099273e-07
51450.056 3.527884932099011e-07
51500.056 4.5292205910204435e-07
51550.056 6.157765618600641e-07
51600.056 4.4815680060806155e-07
51650.056 4.938672964099439e-07
51700.056 4.6607394389986626e-07
51750.056 4.34115187110068e-07
51800.056 5.213600884798638e-07
51850.056 5.307166217199831e-07
51900.056 5.723760187301516e-07
51950.056 5.243158220099476e-07
52000.056 4.144007323099875e-07
52050.056 4.98555485630012e-07
52100.056 4.418205959499031e-07
52150.056 4.548923043100271e-07
52200.056 4.0697751107997863e-07
52250.056 4.51843384930022e-07
52300.056 5.318147325299903e-07
52350.056 5.429610735700559e-07
52400.056 4.0053375493003647e-07
52450.056 4.876534972600132e-07
52500.056 5.201548549598937e-07
52550.056 5.270700933698328e-07
52600.056 4.83701986000085e-07
52650.056 5.305619558101303e-07
52700.056 4.919521869299956e-07
52750.056 4.0067807247996217e-07
52800.056 4.591329698600447e-07
52850.056 4.3649210299992437e-07
52900.056 4.658094322900702e-07
52950.056 4.6929931002994853e-07
53000.056 5.211551023599638e-07
53050.056 4.2584017604987575e-07
53100.056 4.0225476893988155e-07
53150.056 5.54972878860058e-07
53200.056 3.891264236800105e-07
53250.056 5.607958311300145e-07
53300.056 5.297270055502391e-07
53350.056 5.238817643199494e-07
53400.056 5.180731662600703e-07
53450.056 4.1573614669003776e-07
53500.056 3.635002020298934e-07
53550.056 4.592153817098949e-07
53600.056 5.02577423520085e-07
53650.056 4.3314505151000884e-07
