galfind/configs/Brown_Dwarf_templates/sonora_bobcat/m0.0/10g/sp_t450g10nc_m0.0_resample.dat
# %ECSV 1.0
# ---
# datatype:
# - {name: wav, unit: Angstrom, datatype: float64}
# - {name: flux_nu, unit: erg / (cm2 Hz s), datatype: float64}
# meta: {C/O: '1.00', Kzz: '1.0000E+05', Teff: '450.', Y: '0.28', '[Fe/H]': '0.00', f_hole: '1.00', f_rain: '0.00', grav: '10.'}
# schema: astropy-2.0
wav flux_nu
[from data line 498]
28900.056 2.839846069486718e-10
28950.056 4.711954053259446e-10
29000.056 3.017781987156879e-10
29050.056 4.687018362438592e-10
29100.056 2.695312896368897e-10
29150.056 3.12422299397286e-10
29200.056 4.898042911701498e-10
29250.056 7.909719168075555e-10
29300.056 3.0793450372439454e-10
29350.056 8.8950450576105e-10
29400.056 4.70676955136736e-10
29450.056 3.7823958224015577e-10
29500.056 7.479145526679675e-10
29550.056 3.697792254548613e-10
29600.056 5.410240013712102e-10
29650.056 1.037705181322144e-09
29700.056 3.4598151885279994e-10
29750.056 8.098893350233008e-10
29800.056 7.2173465471288e-10
29850.056 8.573390285383473e-10
29900.056 5.883891626508177e-10
29950.056 7.124691775192938e-10
30000.056 1.8083393046483134e-11
30050.056 8.11116335352254e-11
30100.056 2.6888595692137095e-10
30150.056 5.995854287219111e-10
30200.056 4.756601362301043e-10
30250.056 1.053911024445852e-09
30300.056 1.5385055334185626e-09
30350.056 5.837855713354578e-10
30400.056 1.3428758146175891e-09
30450.056 8.383979025660236e-10
30500.056 8.465674148912291e-10
30550.056 7.318717520060239e-10
30600.056 1.6591539037287412e-09
30650.056 1.0833939493738217e-09
30700.056 7.407822254947912e-10
30750.056 1.4002671142334313e-09
30800.056 8.532763216934839e-10
30850.056 1.0478901862195822e-09
30900.056 5.18990655515006e-10
30950.056 7.014079878614564e-10
31000.056 7.086047883011148e-10
31050.056 5.694140198749203e-10
31100.056 3.4762491673688114e-10
31150.056 6.20621178292729e-10
31200.056 1.020408371961355e-09
31250.056 7.705465956148483e-10
31300.056 4.723378717365112e-10
31350.056 8.106943488163341e-10
31400.056 5.798365227021127e-10
31450.056 5.728581593202788e-10
31500.056 3.0042804523820883e-10
31550.056 4.1186133007205694e-10
31600.056 2.492913346579027e-10
31650.056 2.9494137621962864e-10
31700.056 2.9562937401814793e-10
31750.056 1.4182727263735007e-10
31800.056 2.8013293743610226e-10
31850.056 7.255936158210172e-11
31900.056 1.4824266310666832e-10
31950.056 9.563471535870069e-11
32000.056 8.349911987057314e-11
32050.056 1.322992026130791e-10
32100.056 1.1738171354829443e-10
32150.056 1.3757499105386889e-10
32200.056 7.015803707457093e-11
32250.056 1.7868860089154263e-10
32300.056 6.996090474177572e-11
32350.056 1.5652669768344087e-10
32400.056 4.651088811328555e-11
32450.056 1.237346029725623e-10
32500.056 5.332830917966844e-11
32550.056 9.314361493173864e-11
32600.056 7.077657440545747e-11
32650.056 2.8841243496012817e-10
32700.056 9.741475705544759e-11
32750.056 4.3276959968380305e-10
32800.056 2.552627269872326e-10
32850.056 6.087780099520409e-10
32900.056 5.298392731946596e-10
32950.056 6.384102916391494e-10
33000.056 2.9896157482896506e-10
33050.056 4.3331614301400723e-10
33100.056 9.693967945800693e-11
33150.056 1.0082624098116271e-13
33200.056 2.4758497117604335e-12
33250.056 1.9413998411676745e-12
33300.056 1.1123743878436064e-11
33350.056 3.650127829235699e-11
33400.056 1.3556573090521547e-10
33450.056 1.36360723314802e-10
33500.056 4.403996251384775e-10
33550.056 1.1255395273902776e-10
33600.056 3.338122531189454e-10
33650.056 2.937532598650107e-10
33700.056 1.5940630648512992e-10
33750.056 4.4319407339897316e-10
33800.056 8.41056089709491e-11
33850.056 2.5806432370686666e-10
33900.056 2.5419380590709693e-10
33950.056 2.0746842579251138e-10
34000.056 4.361551021259454e-10
34050.056 8.412905484364888e-11
34100.056 3.897531213317094e-10
34150.056 2.1134123692175342e-10
34200.056 4.0602021906092373e-10
34250.056 2.741657295126154e-10
34300.056 2.827813742933319e-10
34350.056 3.500526564104316e-10
34400.056 1.6186770820052722e-10
34450.056 3.9067478691819495e-10
34500.056 2.5416327275635374e-10
34550.056 1.5181126556919142e-10
34600.056 5.595378145768198e-10
34650.056 1.674605323120117e-10
34700.056 4.945571497881375e-10
34750.056 3.126329583831442e-10
34800.056 3.2380213631201677e-10
34850.056 5.73930880695578e-10
34900.056 2.920826644757646e-10
34950.056 6.172306723234519e-10
35000.056 1.2311716001860467e-09
35050.056 5.262914368552499e-10
35100.056 1.1170158170659318e-09
35150.056 7.550786777565299e-10
35200.056 9.507789994871588e-10
35250.056 1.3576810319817912e-09
35300.056 7.624415138017743e-10
35350.056 8.329144298026958e-10
35400.056 7.729976442277461e-10
35450.056 6.191113247188046e-10
35500.056 2.076278018755261e-09
35550.056 1.4376858702613604e-09
35600.056 1.2664548138832641e-09
35650.056 1.2235405203231397e-09
35700.056 1.4139155271661247e-09
35750.056 2.014765530826032e-09
35800.056 2.3303343827856707e-09
35850.056 9.046147627435262e-10
35900.056 1.1996317594374412e-09
35950.056 1.2813666617353278e-09
36000.056 1.5580709781289077e-09
36050.056 1.090943003669421e-09
36100.056 1.0635670675889237e-09
36150.056 1.7957591321091359e-09
36200.056 1.927256546600997e-09
36250.056 1.5482358819018947e-09
36300.056 2.7787492990698812e-09
36350.056 1.8250086513006177e-09
36400.056 2.4850572183245495e-09
36450.056 3.0794667273842564e-09
36500.056 3.4782286873847825e-09
36550.056 3.6049014608772198e-09
36600.056 4.306143724665629e-09
36650.056 3.4487413009204632e-09
36700.056 4.002386974988746e-09
36750.056 4.680576694194723e-09
36800.056 4.75270936295686e-09
36850.056 3.17427157626948e-09
36900.056 5.181553493643526e-09
36950.056 5.066552858633504e-09
37000.056 4.056178555601862e-09
37050.056 5.041034641491688e-09
37100.056 5.186812165108579e-09
37150.056 3.659868762098934e-09
37200.056 6.09992070653454e-09
37250.056 4.75114254495963e-09
37300.056 3.858452909038128e-09
37350.056 5.776570436139113e-09
37400.056 8.337656245348011e-09
37450.056 4.287756045276911e-09
37500.056 5.155472245908169e-09
37550.056 7.490313178886086e-09
37600.056 9.381708716870338e-09
37650.056 4.243626581225999e-09
37700.056 8.787745721490075e-09
37750.056 5.311572976972305e-09
37800.056 5.645962257159325e-09
37850.056 3.0180485869274377e-09
37900.056 4.457226318057267e-09
37950.056 7.564178495705465e-09
38000.056 8.029347265360187e-09
38050.056 9.039876541388897e-09
38100.056 9.945373531115746e-09
38150.056 1.1471483678359659e-08
38200.056 1.1001404030455907e-08
38250.056 1.0890541345954147e-08
38300.056 1.6119389203174648e-08
38350.056 1.5765144122946513e-08
38400.056 7.166923764160272e-09
38450.056 5.1949408832747775e-09
38500.056 3.184827319724237e-09
38550.056 8.025148225979108e-09
38600.056 7.83444118283193e-09
38650.056 7.920350992332903e-09
38700.056 6.236467777830182e-09
38750.056 8.126036626186505e-09
38800.056 7.957746473244153e-09
38850.056 8.592052399928504e-09
38900.056 1.1573178117173568e-08
38950.056 8.117750342373424e-09
39000.056 1.2381913239609942e-08
39050.056 8.042370371830537e-09
39100.056 1.1514539901209826e-08
39150.056 1.2530601332989197e-08
39200.056 1.1183696947695041e-08
39250.056 1.5876881065766383e-08
39300.056 1.003226271850522e-08
39350.056 1.917758130222046e-08
39400.056 1.0804504693444229e-08
39450.056 1.5449818010746665e-08
39500.056 1.6420804513163002e-08
39550.056 1.1513166188006234e-08
39600.056 1.6010742157018664e-08
39650.056 1.7415749301501207e-08
39700.056 1.7301828284388953e-08
39750.056 1.1726002700967283e-08
39800.056 1.2863954788619516e-08
39850.056 2.1903751377101992e-08
39900.056 2.3738962553502543e-08
39950.056 1.343697040208638e-08
40000.056 2.3631000879734803e-08
40050.056 2.0965078217807602e-08
40100.056 1.1520677954292568e-08
40150.056 2.1975410631751948e-08
40200.056 2.3243239256230254e-08
40250.056 2.5407335036844247e-08
40300.056 2.3669369968138237e-08
40350.056 1.970987792293806e-08
40400.056 2.5991453666853948e-08
40450.056 1.6931435409618957e-08
40500.056 2.9251033187145053e-08
40550.056 3.012354972959964e-08
40600.056 2.4632682306743847e-08
40650.056 1.8393412564737642e-08
40700.056 3.4425238576946e-08
40750.056 2.478885172369553e-08
40800.056 1.8670125834213373e-08
40850.056 4.0396951549239075e-08
40900.056 3.370452672715126e-08
40950.056 3.177575241440469e-08
41000.056 2.8561994553359295e-08
41050.056 4.3267064656980367e-08
41100.056 3.5744841947393744e-08
41150.056 1.91290008102159e-08
41200.056 4.5517641115153605e-08
41250.056 3.0734368089488184e-08
41300.056 3.237204567345895e-08
41350.056 4.5955290851696006e-08
41400.056 3.9906592027385896e-08
41450.056 5.0800688298781276e-08
41500.056 3.766524984866479e-08
41550.056 3.5313317333912675e-08
41600.056 3.562703825088656e-08
41650.056 4.6184930770406314e-08
41700.056 4.826593508517257e-08
41750.056 4.444408816538932e-08
41800.056 5.043187063640338e-08
41850.056 4.2543322182033054e-08
41900.056 4.202525612106698e-08
41950.056 3.9060056227208844e-08
42000.056 3.154330156690659e-08
42050.056 3.470971313957303e-08
42100.056 3.924099786879577e-08
42150.056 3.9310532742779335e-08
42200.056 4.0988942153021636e-08
42250.056 3.41909362845666e-08
42300.056 3.7843164974018204e-08
42350.056 5.196656232500532e-08
42400.056 5.4716257730867247e-08
42450.056 5.2156653913028156e-08
42500.056 4.537130436298665e-08
42550.056 4.233768079818131e-08
42600.056 4.5484573244179084e-08
42650.056 7.145952666456111e-08
42700.056 4.518058627098328e-08
42750.056 5.3289668273301146e-08
42800.056 7.198402677821657e-08
42850.056 7.09383346259793e-08
42900.056 7.500130488712887e-08
42950.056 6.397215517198597e-08
43000.056 6.879488007163157e-08
43050.056 4.3440925598007694e-08
43100.056 5.779303464748034e-08
43150.056 5.052287716461079e-08
43200.056 7.852243017740094e-08
43250.056 9.325530673899963e-08
43300.056 8.972295472498572e-08
43350.056 5.7078355905685016e-08
43400.056 7.28397484130978e-08
43450.056 5.3445297246705054e-08
43500.056 4.8882623103509164e-08
43550.056 5.4127174539421664e-08
43600.056 8.722461669421113e-08
43650.056 6.390142407240638e-08
43700.056 9.290105218382774e-08
43750.056 8.221470931239361e-08
43800.056 7.924054178518611e-08
43850.056 6.541225250599807e-08
43900.056 6.495102780397227e-08
43950.056 4.0898850833399674e-08
44000.056 4.1900094952292343e-08
44050.056 9.475870683300416e-08
44100.056 1.1986987598399185e-07
44150.056 1.0465261874711987e-07
44200.056 9.054419980149524e-08
44250.056 5.661420068130555e-08
44300.056 4.766157844140821e-08
44350.056 5.6210634188865254e-08
44400.056 5.2095357517292824e-08
44450.056 8.215652085897793e-08
44500.056 8.04363664410188e-08
44550.056 1.156326683223848e-07
44600.056 9.578802112908013e-08
44650.056 8.206512809771891e-08
44700.056 5.674583133720391e-08
44750.056 9.121175804922706e-08
44800.056 6.296327606602921e-08
44850.056 8.111510409663229e-08
44900.056 7.303192982200443e-08
44950.056 9.164535439060645e-08
45000.056 9.79852742870031e-08
45050.056 9.005087354248886e-08
45100.056 8.020112835099409e-08
45150.056 8.009958053316386e-08
45200.056 6.456909076779923e-08
45250.056 7.297446751276823e-08
45300.056 6.187991589521637e-08
45350.056 5.7677366041422186e-08
45400.056 1.3245381518801584e-07
45450.056 1.0255439467501114e-07
45500.056 1.243396837111106e-07
45550.056 1.2716493814194014e-07
45600.056 1.177977169230327e-07
45650.056 9.397489539570106e-08
45700.056 6.496049022169974e-08
45750.056 6.469209573950093e-08
45800.056 1.4022913054698772e-07
45850.056 1.1385245187199252e-07
45900.056 1.376608688779819e-07
45950.056 1.1868863763799701e-07
46000.056 1.2871937942615826e-07
46050.056 9.917919329901259e-08
46100.056 1.4772890677697217e-07
46150.056 9.48038795855149e-08
46200.056 8.240441694179e-08
46250.056 3.9062984153011676e-08
46300.056 9.591655485280032e-08
46350.056 1.0167125159041801e-07
46400.056 8.458993782000102e-08
46450.056 7.985230689988852e-08
46500.056 9.863246491032712e-08
46550.056 5.551547111880458e-08
46600.056 8.228773253267079e-08
46650.056 1.2017649211900637e-07
46700.056 7.98107977969756e-08
46750.056 4.893386429352585e-08
46800.056 3.247508068832175e-08
46850.056 1.240789779780273e-07
46900.056 1.0838753141299626e-07
46950.056 1.0930396460299178e-07
47000.056 1.1065360756102601e-07
47050.056 8.140500682135816e-08
47100.056 5.839557574324971e-08
47150.056 8.302903118150979e-08
47200.056 9.693397900199477e-08
47250.056 6.513463149799716e-08
47300.056 4.287805579963351e-08
47350.056 1.2244325355598983e-07
47400.056 9.792248976299426e-08
47450.056 9.44311748702677e-08
47500.056 1.2086119312376207e-07
47550.056 1.0409588518501688e-07
47600.056 1.0135180165350171e-07
47650.056 1.023536447951766e-07
47700.056 8.232550682105412e-08
47750.056 6.257330633000466e-08
47800.056 5.575380476840646e-08
47850.056 3.115769849815755e-08
47900.056 4.686184033749047e-08
47950.056 8.731775326661371e-08
48000.056 1.2444403990902367e-07
48050.056 1.0911608854541035e-07
48100.056 4.930468636408747e-08
48150.056 8.8331019882002e-08
48200.056 6.08688461931605e-08
48250.056 6.984037767699971e-08
48300.056 1.1112841476997714e-07
48350.056 6.781799237480234e-08
48400.056 2.427158504924901e-08
48450.056 4.9204529911926155e-08
48500.056 7.465315482398154e-08
48550.056 7.395124079740724e-08
48600.056 8.791884757999789e-08
48650.056 1.0412581132897802e-07
48700.056 7.430231757368625e-08
48750.056 5.293650596683089e-08
48800.056 1.0431561929529529e-07
48850.056 5.79169226828901e-08
48900.056 8.409716668796915e-08
48950.056 4.7915365840004575e-08
49000.056 2.3814166028692054e-08
49050.056 6.817120103369187e-08
49100.056 8.87421069320176e-08
49150.056 6.536486791436669e-08
49200.056 1.0639413546302455e-07
49250.056 1.0148836072801474e-07
49300.056 8.771539459240087e-08
49350.056 3.690529808453722e-08
49400.056 5.291462435128465e-08
49450.056 5.538915671726873e-08
49500.056 4.199982036269671e-08
49550.056 1.1806018383571251e-08
49600.056 3.015091324162321e-08
49650.056 6.104040166999985e-08
49700.056 6.144086549977342e-08
49750.056 6.43246506462953e-08
49800.056 4.438641528161333e-08
49850.056 8.762133637362609e-08
49900.056 6.718174022702582e-08
49950.056 6.974981004700645e-08
50000.056 5.582117943150066e-08
50050.056 6.680647655700252e-08
50100.056 5.2693967224699095e-08
50150.056 2.851760519259329e-08
50200.056 6.209063263108253e-09
50250.056 3.4654925205995826e-08
50300.056 2.226189794907368e-08
50350.056 6.367241082570748e-08
50400.056 5.9344715520150695e-08
50450.056 4.810591353224477e-08
50500.056 6.774070558300828e-08
50550.056 5.8720552086308366e-08
50600.056 4.3760154954488016e-08
50650.056 7.271934839301356e-08
50700.056 7.210591279397027e-08
50750.056 4.8605286602806345e-08
50800.056 1.96704036101858e-08
50850.056 1.2143171923906211e-08
50900.056 5.580308055499958e-08
50950.056 4.4384425160001e-08
51000.056 4.0087428172856506e-08
51050.056 5.4547867460994896e-08
51100.056 2.3092504962304583e-08
51150.056 2.8743936665380067e-08
51200.056 6.968386725499888e-08
51250.056 4.488337080645252e-08
51300.056 3.589882957167969e-08
51350.056 3.340912435172344e-08
51400.056 1.2993223048172699e-08
51450.056 1.0235978262095485e-08
51500.056 1.0526398774751016e-08
51550.056 3.8096591913324345e-08
51600.056 2.8077330264899608e-08
51650.056 3.423444400079059e-08
51700.056 3.632216905974116e-08
51750.056 2.5186668847482006e-08
51800.056 4.137786066799629e-08
51850.056 3.504071714639522e-08
51900.056 4.646587273519401e-08
51950.056 2.8744184171595546e-08
52000.056 3.986978958875458e-09
52050.056 1.7430384382582443e-08
52100.056 1.0983557383399172e-08
52150.056 6.661307343416994e-09
52200.056 1.576736129672994e-08
52250.056 2.2325594825110104e-08
52300.056 3.131500730979737e-08
52350.056 1.3579685489646039e-08
52400.056 1.2586130418131368e-08
52450.056 3.9764177416204175e-08
52500.056 2.9658610177423173e-08
52550.056 3.296423349789667e-08
52600.056 2.504271379989815e-08
52650.056 3.047896330240286e-08
52700.056 2.3349444159199725e-08
52750.056 1.026785216071398e-08
52800.056 1.7725540076302046e-08
52850.056 1.9490547199995232e-08
52900.056 1.0055449686512609e-08
52950.056 1.5183390550849328e-08
53000.056 2.370529368250742e-08
53050.056 9.74253096666731e-09
53100.056 2.497001262349193e-08
53150.056 2.748020706432088e-08
53200.056 1.3912710292968567e-08
53250.056 2.740732996272926e-08
53300.056 3.3606113145741266e-08
53350.056 2.503562575125749e-08
53400.056 1.6770822607593917e-08
53450.056 6.952789128107776e-09
53500.056 1.3746440500510964e-09
53550.056 3.925989796049941e-09
