galfind/configs/Brown_Dwarf_templates/sonora_bobcat/m0.0/10g/sp_t1700g10nc_m0.0_resample.dat
# %ECSV 1.0
# ---
# datatype:
# - {name: wav, unit: Angstrom, datatype: float64}
# - {name: flux_nu, unit: erg / (cm2 Hz s), datatype: float64}
# meta: {C/O: '1.00', Kzz: '1.0000E+05', Teff: '1700.', Y: '0.28', '[Fe/H]': '0.00', f_hole: '1.00', f_rain: '0.00', grav: '10.'}
# schema: astropy-2.0
wav flux_nu
4000.0559999999996 nan
4050.0559999999996 6.517608848126282e-10
4100.056 7.287438240883899e-10
4150.056 4.88058699077185e-10
4200.056 3.4251303721808834e-10
4250.056 3.0834359701328764e-10
4300.056 1.9737812593007794e-10
4350.056 2.4334875148198367e-10
4400.056 2.5899743740905867e-10
4450.056 1.7699949625500187e-10
4500.056 2.0233796561100816e-10
4550.056 2.630727849029363e-10
4600.056 2.5679439398799636e-10
4650.056 2.2693641781001686e-10
4700.056 2.7125404109106506e-10
4750.056 3.4433568716794814e-10
4800.056 2.711676840209951e-10
4850.056 3.3764373051303097e-10
4900.056 5.724103190229743e-10
4950.056 6.963739403800719e-10
5000.056 4.223578659319812e-10
5050.056 4.6464943448606597e-10
5100.056 7.349278515491394e-10
5150.056 8.080658004223402e-10
5200.056 6.065100965959941e-10
5250.056 6.956345418830481e-10
5300.056 8.054190334100332e-10
5350.056 8.516262828901333e-10
5400.056 9.869160149699995e-10
5450.056 8.482467928899451e-10
5500.056 6.585670818199496e-10
5550.056 7.329072936298956e-10
5600.056 6.85883931360017e-10
5650.056 6.025931691799887e-10
5700.056 5.117102641799986e-10
5750.056 3.026540964899842e-10
5800.056 1.5405488647399498e-10
5850.056 3.630501619659849e-11
5900.056 1.888699094846763e-12
5950.056 1.0466337894600234e-10
6000.056 4.77043534000008e-10
6050.056 1.1686021999500236e-09
6100.056 1.7895396061301326e-09
6150.056 2.425887389139858e-09
6200.056 2.6954940793000354e-09
6250.056 3.4711797693001287e-09
6300.056 4.7531713378001105e-09
6350.056 5.975495420700064e-09
6400.056 7.351124194999974e-09
6450.056 9.215645757899102e-09
6500.056 9.02424850219909e-09
6550.056 1.0266016147598053e-08
6600.056 1.0160522159500679e-08
6650.056 1.0185537374900979e-08
6700.056 8.126565530580622e-09
6750.056 1.1725144478900688e-08
6800.056 1.3565543089900334e-08
6850.056 1.6589324362199733e-08
6900.056 1.8038075817600283e-08
6950.056 1.8588336870098417e-08
7000.056 2.0558550682598055e-08
7050.056 2.024039862300103e-08
7100.056 1.706253075269897e-08
7150.056 1.6849113891900624e-08
7200.056 2.156320564499972e-08
7250.056 2.8411837612001267e-08
7300.056 3.866131009700396e-08
7350.056 4.358474614200293e-08
7400.056 4.052510195800344e-08
7450.056 3.5226186457988816e-08
7500.056 3.704176447799788e-08
7550.056 4.230528198500124e-08
7600.056 3.3779979647997687e-08
7650.056 6.905041436781564e-09
7700.056 2.322023399063575e-09
7750.056 2.6652922037001306e-08
7800.056 4.229759187472073e-08
7850.056 5.340232324500029e-08
7900.056 5.195202295801132e-08
7950.056 4.586494888351075e-08
8000.056 5.400001215099762e-08
8050.056 7.65816599299909e-08
8100.056 1.2122944090002668e-07
8150.056 1.8934142146601987e-07
8200.056 1.720903623641815e-07
8250.056 1.8316259755000761e-07
8300.056 1.6073875235203755e-07
8350.056 1.7591334261703173e-07
8400.056 1.8491265985101299e-07
8450.056 1.3261149585897256e-07
8500.056 1.242206277721696e-07
8550.056 1.3846926888401148e-07
8600.056 1.4386992541094772e-07
8650.056 1.5487718557796984e-07
8700.056 1.680814062520785e-07
8750.056 2.0985413178600684e-07
8800.056 3.0080410061706063e-07
8850.056 3.2136417285102386e-07
8900.056 2.4778885804396674e-07
8950.056 2.60001865386434e-07
9000.056 3.351006697200455e-07
9050.056 3.673721529589015e-07
9100.056 4.6979985263402097e-07
9150.056 5.409692380780027e-07
9200.056 5.141739228619624e-07
9250.056 3.174355306350421e-07
9300.056 2.4230868378642265e-07
9350.056 2.732347184807326e-07
9400.056 3.105527605342984e-07
9450.056 3.555710123872015e-07
9500.056 4.141571801305677e-07
9550.056 4.824323685456812e-07
9600.056 4.7551612730632385e-07
9650.056 5.590687468963584e-07
9700.056 6.080704637128244e-07
9750.056 4.778951310573744e-07
9800.056 5.500424794440955e-07
9850.056 5.680436359139211e-07
9900.056 5.776394738690335e-07
9950.056 5.937201308139833e-07
10000.056 6.105102919258798e-07
10050.056 6.149735026640421e-07
10100.056 7.692442429172089e-07
10150.056 7.516280916677451e-07
10200.056 8.250406943279125e-07
10250.056 8.198973125576915e-07
10300.056 8.477712871997408e-07
10350.056 9.774070675098036e-07
10400.056 1.0547388373999052e-06
10450.056 1.1240573582502125e-06
10500.056 1.0069879656399073e-06
10550.056 9.868997013304196e-07
10600.056 1.0727873918103238e-06
10650.056 1.20077279906996e-06
10700.056 1.3596071103901167e-06
10750.056 1.529543306850028e-06
10800.056 1.6421659244599755e-06
10850.056 1.8231345299197621e-06
10900.056 1.678983134139744e-06
10950.056 1.4421127636767583e-06
11000.056 1.4123085038880387e-06
11050.056 1.0247898188677184e-06
11100.056 1.1174366172431425e-06
11150.056 1.1412679954841846e-06
11200.056 1.149282668336966e-06
11250.056 1.3100866088916594e-06
11300.056 1.3182896523522542e-06
11350.056 1.1631240730829115e-06
11400.056 1.102252092996576e-06
11450.056 1.2557642426632247e-06
11500.056 1.3969901485195778e-06
11550.056 1.3263362316110324e-06
11600.056 1.4127330136455556e-06
11650.056 1.4885818422925027e-06
11700.056 1.2657085760064658e-06
11750.056 1.246887739198573e-06
11800.056 1.2468075619512323e-06
11850.056 1.4759870132891838e-06
11900.056 1.485269928255501e-06
11950.056 1.6188481527787615e-06
12000.056 1.5824577888861246e-06
12050.056 1.7512314526735043e-06
12100.056 1.7870110319898832e-06
12150.056 1.97406893300981e-06
12200.056 2.0883007043995916e-06
12250.056 2.238394793989469e-06
12300.056 2.348904080540524e-06
12350.056 2.42444262122038e-06
12400.056 2.312596589899777e-06
12450.056 2.0179058549240562e-06
12500.056 2.219503599329611e-06
12550.056 2.2637404345299885e-06
12600.056 2.3340254686101158e-06
12650.056 2.480376315309644e-06
12700.056 2.6343555544999308e-06
12750.056 2.617980700630303e-06
12800.056 2.8241561867999537e-06
12850.056 2.7655835081403654e-06
12900.056 2.6959337253796373e-06
12950.056 2.8396022333222607e-06
13000.056 2.8513750243761135e-06
13050.056 2.875119157176809e-06
13100.056 2.8300502970654636e-06
13150.056 2.7950660136385112e-06
13200.056 2.6500346176957234e-06
13250.056 2.463249752385899e-06
13300.056 1.9828710470408497e-06
13350.056 1.1954822452644637e-06
13400.056 1.0575227445792578e-06
13450.056 8.97335339058993e-07
13500.056 8.914498578968717e-07
13550.056 8.34130412065028e-07
13600.056 6.994197086640923e-07
13650.056 7.739277499439626e-07
13700.056 6.561148243708565e-07
13750.056 6.271264502556821e-07
13800.056 7.410839179711877e-07
13850.056 7.480122956064202e-07
13900.056 7.532635257917647e-07
13950.056 7.142894066814145e-07
14000.056 6.62915757690234e-07
14050.056 6.558887928654457e-07
14100.056 5.899572654772149e-07
14150.056 5.723907407551176e-07
14200.056 5.479766138004523e-07
14250.056 5.35140229315039e-07
14300.056 5.507156591079958e-07
14350.056 5.347213487826531e-07
14400.056 6.007219023293085e-07
14450.056 6.29106555776719e-07
14500.056 7.206676902644263e-07
14550.056 7.409419420986377e-07
14600.056 7.657107117376001e-07
14650.056 7.598371372543854e-07
14700.056 6.967965120639606e-07
14750.056 7.519228827606077e-07
14800.056 7.983420570322121e-07
14850.056 8.62408353512471e-07
14900.056 8.930221236436748e-07
14950.056 8.907462339671055e-07
15000.056 9.304167632513817e-07
15050.056 1.0266026153175881e-06
15100.056 1.0464551849341909e-06
15150.056 1.1287674821651177e-06
15200.056 1.160155956244912e-06
15250.056 1.1653427598938098e-06
15300.056 1.261853257283889e-06
15350.056 1.290926160740024e-06
15400.056 1.3638889526360888e-06
15450.056 1.4546498246762297e-06
15500.056 1.4845934988745559e-06
15550.056 1.5949810404299379e-06
15600.056 1.5681773249602378e-06
15650.056 1.6783831590201023e-06
15700.056 1.8431171881409157e-06
15750.056 1.9390191091798757e-06
15800.056 1.954579952770762e-06
15850.056 1.9989872942699643e-06
15900.056 2.0422400761204682e-06
15950.056 2.1517139472298593e-06
16000.056 2.2189149724298795e-06
16050.056 2.307813473600074e-06
16100.056 2.4113347211903386e-06
16150.056 2.4287933861002987e-06
16200.056 2.5360900255096414e-06
16250.056 2.598463258579933e-06
16300.056 2.615379729720025e-06
16350.056 2.7714798014698326e-06
16400.056 2.780548272250734e-06
16450.056 2.844109147880046e-06
16500.056 2.9705652931306868e-06
16550.056 3.094929092389932e-06
16600.056 2.9610240641707798e-06
16650.056 3.2588986773601284e-06
16700.056 3.1895809780093662e-06
16750.056 3.281654504619277e-06
16800.056 3.422394497270191e-06
16850.056 3.3821912066300287e-06
16900.056 3.3211900161602974e-06
16950.056 3.3109088007595345e-06
17000.056 3.27473431058046e-06
17050.056 3.203894208110075e-06
17100.056 2.9724535756808258e-06
17150.056 2.884741018022494e-06
17200.056 2.619008409789833e-06
17250.056 2.4795714968587744e-06
17300.056 2.533477917708403e-06
17350.056 2.3628768710680675e-06
17400.056 2.506604066050186e-06
17450.056 2.3054452483125533e-06
17500.056 2.1728386432128554e-06
17550.056 2.2127925405779143e-06
17600.056 2.089448717541088e-06
17650.056 2.1016124838704195e-06
17700.056 1.8202748264467626e-06
17750.056 1.6942640563281853e-06
17800.056 1.7279567027234111e-06
17850.056 1.588766963871217e-06
17900.056 1.5666226093559075e-06
17950.056 1.5396903845913282e-06
18000.056 1.3764635525440933e-06
18050.056 1.3837486020477785e-06
18100.056 1.3163520808250485e-06
18150.056 1.5046683986826265e-06
18200.056 1.2013254433095106e-06
18250.056 1.430314998958456e-06
18300.056 1.38837679906494e-06
18350.056 1.2534903165274696e-06
18400.056 1.2551205829133344e-06
18450.056 1.1447031253483523e-06
18500.056 1.1628278060175208e-06
18550.056 1.0927978735383464e-06
18600.056 9.258775016821387e-07
18650.056 1.0754260033714706e-06
18700.056 1.1475562238461596e-06
18750.056 1.0807513880811688e-06
18800.056 1.131420962799528e-06
18850.056 1.2989558045038492e-06
18900.056 1.26301348658831e-06
18950.056 1.24722948101297e-06
19000.056 1.3519294732597175e-06
19050.056 1.314957169821957e-06
19100.056 1.3425027118445497e-06
19150.056 1.4280236333379841e-06
19200.056 1.3968576693367587e-06
19250.056 1.334260158347487e-06
19300.056 1.381161737803183e-06
19350.056 1.3708254325152124e-06
19400.056 1.2490072136333086e-06
19450.056 1.4113490416463315e-06
19500.056 1.3668242592936113e-06
19550.056 1.1815764463327801e-06
19600.056 1.4079440932629195e-06
19650.056 1.3793229908287777e-06
19700.056 1.3941012570462615e-06
19750.056 1.3159649603263666e-06
19800.056 1.3519506787115955e-06
19850.056 1.3780540392193487e-06
19900.056 1.2313043814323437e-06
19950.056 1.4504384042011704e-06
20000.056 1.2764196131873655e-06
20050.056 1.3562330048360962e-06
20100.056 1.4793170216577702e-06
20150.056 1.409926990437857e-06
20200.056 1.4666149154912927e-06
20250.056 1.566971500482198e-06
20300.056 1.5577593147538834e-06
20350.056 1.5992568957548492e-06
20400.056 1.5814460740071651e-06
20450.056 1.7543290566298368e-06
20500.056 1.696686971650392e-06
20550.056 1.753178257660188e-06
20600.056 1.8990177863705677e-06
20650.056 1.854863569340792e-06
20700.056 1.9348092413100874e-06
20750.056 2.0039220089594797e-06
20800.056 2.0865752203003502e-06
20850.056 2.097774194059762e-06
20900.056 2.1854449277296387e-06
20950.056 2.236086842610052e-06
21000.056 2.385472230399875e-06
21050.056 2.3696559789701197e-06
21100.056 2.4448268669599193e-06
21150.056 2.6182514462902344e-06
21200.056 2.576964319640359e-06
21250.056 2.7309270844496974e-06
21300.056 2.645054010849794e-06
21350.056 2.8860566125200837e-06
21400.056 2.7608469814104916e-06
21450.056 3.070894249320032e-06
21500.056 2.9117002210602773e-06
21550.056 2.993759908739805e-06
21600.056 3.1120774598704355e-06
21650.056 3.0694983511305333e-06
21700.056 3.2801542065198327e-06
21750.056 3.2005559327498763e-06
21800.056 3.1876423361898087e-06
21850.056 3.233376207059729e-06
21900.056 3.3338407874505893e-06
21950.056 3.286530376320402e-06
22000.056 3.4383061340599396e-06
22050.056 3.2826525400792625e-06
22100.056 3.4589520039199285e-06
22150.056 3.4617914743803765e-06
22200.056 3.337010424951302e-06
22250.056 3.516272893500283e-06
22300.056 3.492728445039508e-06
22350.056 3.416001303200377e-06
22400.056 3.6124502043103088e-06
22450.056 3.568193451809279e-06
22500.056 3.6355677908096045e-06
22550.056 3.544233466829017e-06
22600.056 3.5721417421498597e-06
22650.056 3.5704054047012025e-06
22700.056 3.5644073860011257e-06
22750.056 3.6910293532897644e-06
22800.056 3.5203703979100656e-06
22850.056 3.5702243638506478e-06
22900.056 3.729635410459782e-06
22950.056 2.665651936061464e-06
23000.056 3.0455781533372825e-06
23050.056 3.1505234923713022e-06
23100.056 2.974189834440635e-06
23150.056 3.082314955397848e-06
23200.056 3.1196560609150504e-06
23250.056 2.532766937936093e-06
23300.056 2.7679884384672066e-06
23350.056 2.8267866320941363e-06
23400.056 2.680444078687088e-06
23450.056 2.8286573598015974e-06
23500.056 2.663432047808246e-06
23550.056 2.399002548775923e-06
23600.056 2.455948329665744e-06
23650.056 2.611410724904778e-06
23700.056 2.613072694594088e-06
23750.056 2.523901291822329e-06
23800.056 2.5019963479705493e-06
23850.056 2.1244116078063354e-06
23900.056 2.368199301151465e-06
23950.056 2.42902921093012e-06
24000.056 2.2608581625965957e-06
24050.056 2.2646028096750567e-06
24100.056 2.0282462258683627e-06
24150.056 1.9636098950926384e-06
24200.056 2.0067322842060547e-06
24250.056 1.9222690284716543e-06
24300.056 1.8267754575380555e-06
24350.056 1.7269080331602463e-06
24400.056 1.8998844605374983e-06
24450.056 1.683806380612741e-06
24500.056 1.528374096063752e-06
24550.056 1.524906588035906e-06
24600.056 1.5650002683773561e-06
24650.056 1.6867979488707243e-06
24700.056 1.4128251800389024e-06
24750.056 1.324657144508783e-06
24800.056 1.2606794149114917e-06
24850.056 1.4816877947878873e-06
24900.056 1.1406380775679065e-06
24950.056 1.4146089923506498e-06
25000.056 1.2341250082919723e-06
25050.056 9.91093313618299e-07
25100.056 1.1856167925530846e-06
25150.056 9.791583344511195e-07
25200.056 1.0774842451044713e-06
25250.056 1.0184258337807262e-06
25300.056 1.1066075987060612e-06
25350.056 8.917018675451052e-07
25400.056 1.0127310900555238e-06
25450.056 9.006403795920471e-07
25500.056 9.607371369243815e-07
25550.056 8.875625255352737e-07
25600.056 9.129470209912042e-07
25650.056 8.182987133219697e-07
25700.056 1.0230582122895047e-06
25750.056 7.493071138750664e-07
25800.056 9.95229940047301e-07
25850.056 8.58329706448785e-07
25900.056 9.759706964251975e-07
25950.056 8.47316227636854e-07
26000.056 9.770281337142277e-07
26050.056 1.0701848347001534e-06
26100.056 1.0153629410530058e-06
26150.056 1.0322042269765434e-06
26200.056 9.765065365010317e-07
26250.056 9.70803217883463e-07
26300.056 1.0103431743531507e-06
26350.056 9.820444932518447e-07
26400.056 1.0410169226474174e-06
26450.056 1.0378033739391674e-06
26500.056 1.0786655853123893e-06
26550.056 1.0270257250955325e-06
26600.056 1.2124199414915136e-06
26650.056 9.390185031998529e-07
26700.056 9.359446774840368e-07
26750.056 8.591862276845744e-07
26800.056 9.754719486835311e-07
26850.056 7.968614074039759e-07
26900.056 1.0382008371131855e-06
26950.056 7.243006340839833e-07
27000.056 9.886452740264338e-07
27050.056 8.167775629680551e-07
27100.056 8.34589900210831e-07
27150.056 8.95917278898914e-07
27200.056 8.767554795344922e-07
27250.056 8.313054976225221e-07
27300.056 9.373288933298557e-07
27350.056 9.35769391965602e-07
27400.056 7.870879684699865e-07
27450.056 1.0384230768513602e-06
27500.056 9.417771077348429e-07
27550.056 9.053098609489978e-07
27600.056 1.0603274879277064e-06
27650.056 8.004820104087979e-07
27700.056 7.971251606101835e-07
27750.056 1.0378583622192513e-06
27800.056 7.376107849697677e-07
27850.056 8.569893079392258e-07
27900.056 8.871205096502279e-07
27950.056 9.987640418798893e-07
28000.056 9.816764357604008e-07
28050.056 7.397290609802647e-07
28100.056 1.0690972838505075e-06
28150.056 8.583636879800258e-07
28200.056 7.335459077901088e-07
28250.056 9.268342994600987e-07
28300.056 1.0731051540200897e-06
28350.056 8.763687673095795e-07
28400.056 8.797573939899428e-07
28450.056 9.026386005796864e-07
28500.056 9.408097920798002e-07
28550.056 7.002127102396867e-07
28600.056 1.074922687189927e-06
28650.056 1.008211584559751e-06
28700.056 9.18300777069609e-07
28750.056 1.03438472479002e-06
