galfind/configs/Brown_Dwarf_templates/sonora_bobcat/m0.0/10g/sp_t475g10nc_m0.0_resample.dat
# %ECSV 1.0
# ---
# datatype:
# - {name: wav, unit: Angstrom, datatype: float64}
# - {name: flux_nu, unit: erg / (cm2 Hz s), datatype: float64}
# meta: {C/O: '1.00', Kzz: '1.0000E+05', Teff: '475.', Y: '0.28', '[Fe/H]': '0.00', f_hole: '1.00', f_rain: '0.00', grav: '10.'}
# schema: astropy-2.0
wav flux_nu
[from data line 498]
28900.056 4.5444604859129156e-10
28950.056 7.977286113016322e-10
29000.056 5.235708595329058e-10
29050.056 7.879564635811025e-10
29100.056 4.641425126249349e-10
29150.056 5.546414436204067e-10
29200.056 7.844763725618227e-10
29250.056 1.3191766425495567e-09
29300.056 5.043045841630757e-10
29350.056 1.5106761835365174e-09
29400.056 7.749319570892932e-10
29450.056 6.769442032034898e-10
29500.056 1.1882708591112298e-09
29550.056 6.393165959410362e-10
29600.056 9.34364771210754e-10
29650.056 1.6464990300877902e-09
29700.056 5.88843002975384e-10
29750.056 1.3200434729097934e-09
29800.056 1.212400719140691e-09
29850.056 1.4044515339972095e-09
29900.056 1.0136980484397936e-09
29950.056 1.1577864305490966e-09
30000.056 3.518594657550538e-11
30050.056 1.4116644741435975e-10
30100.056 4.332344471145237e-10
30150.056 9.317143011079133e-10
30200.056 7.426595895345495e-10
30250.056 1.6828896286061125e-09
30300.056 2.358531269866935e-09
30350.056 9.840113862666897e-10
30400.056 2.133044600607746e-09
30450.056 1.2938844137456662e-09
30500.056 1.3544586098678336e-09
30550.056 1.1833637452503514e-09
30600.056 2.3779127266733154e-09
30650.056 1.5956899711270836e-09
30700.056 1.134112000614604e-09
30750.056 2.056235856412179e-09
30800.056 1.2448444560738154e-09
30850.056 1.5244720392093053e-09
30900.056 7.709023948899788e-10
30950.056 1.055129727857994e-09
31000.056 1.0168637575510006e-09
31050.056 8.574562588264325e-10
31100.056 5.356891889384683e-10
31150.056 9.288174784179237e-10
31200.056 1.403682736822367e-09
31250.056 1.0628137055916881e-09
31300.056 6.755106026000257e-10
31350.056 1.0916894290294273e-09
31400.056 7.915206663410682e-10
31450.056 7.84286109239806e-10
31500.056 4.3275597109356074e-10
31550.056 5.781613609234913e-10
31600.056 3.4668101322211073e-10
31650.056 4.1280022396746656e-10
31700.056 4.2217730781384435e-10
31750.056 2.0574949870936863e-10
31800.056 4.015480393260982e-10
31850.056 1.1566737426198947e-10
31900.056 2.2003340353896312e-10
31950.056 1.4111533213484093e-10
32000.056 1.3455009001442733e-10
32050.056 2.00976178476619e-10
32100.056 1.7934412979878234e-10
32150.056 2.1167460937772727e-10
32200.056 1.1245042069281613e-10
32250.056 2.7446916744785856e-10
32300.056 1.1513516190163338e-10
32350.056 2.423849560456629e-10
32400.056 8.177664420495641e-11
32450.056 1.9752189885064142e-10
32500.056 9.304596067004094e-11
32550.056 1.4836774753946295e-10
32600.056 1.2800216893630386e-10
32650.056 4.482037575014104e-10
32700.056 1.7222623242319109e-10
32750.056 6.38409358412519e-10
32800.056 4.030277187325945e-10
32850.056 8.560844239511029e-10
32900.056 7.65018331941221e-10
32950.056 9.237943750399825e-10
33000.056 4.783262469580694e-10
33050.056 6.661040780488047e-10
33100.056 1.5800524741095308e-10
33150.056 2.8396640544724595e-13
33200.056 4.48477529906003e-12
33250.056 3.2357871287436165e-12
33300.056 1.5681498419338552e-11
33350.056 5.183601006772715e-11
33400.056 1.7845566942521964e-10
33450.056 1.9646369600910612e-10
33500.056 6.070174537420047e-10
33550.056 1.7279320274963817e-10
33600.056 4.987874675984618e-10
33650.056 4.426620369442508e-10
33700.056 2.610988416415873e-10
33750.056 6.591007603910733e-10
33800.056 1.5001840275792573e-10
33850.056 4.0437932949895216e-10
33900.056 3.86638589658335e-10
33950.056 3.251243074655103e-10
34000.056 6.463190886282666e-10
34050.056 1.347200312623472e-10
34100.056 5.796249982735378e-10
34150.056 3.270966896824071e-10
34200.056 5.792023283249989e-10
34250.056 4.1075401649060164e-10
34300.056 4.1477788004179553e-10
34350.056 4.793914703248752e-10
34400.056 2.3963234633402595e-10
34450.056 5.484946224461501e-10
34500.056 3.7837319457875406e-10
34550.056 2.228056226313975e-10
34600.056 7.673589507175193e-10
34650.056 2.563700921353723e-10
34700.056 6.968685706859283e-10
34750.056 4.555657461182699e-10
34800.056 4.5862265564666427e-10
34850.056 7.67524416039422e-10
34900.056 4.437318759726251e-10
34950.056 8.503413903932793e-10
35000.056 1.6818705020155098e-09
35050.056 7.135592004444843e-10
35100.056 1.4810527688158166e-09
35150.056 1.00999665026263e-09
35200.056 1.2942224545095468e-09
35250.056 1.8203061697375366e-09
35300.056 1.056184167973367e-09
35350.056 1.145962541202618e-09
35400.056 1.1239378949637744e-09
35450.056 8.576675513099896e-10
35500.056 2.775405078283228e-09
35550.056 2.006643105320222e-09
35600.056 1.7031333831827659e-09
35650.056 1.677993911390206e-09
35700.056 1.8838306126069355e-09
35750.056 2.705159677776486e-09
35800.056 3.2153107278890833e-09
35850.056 1.303089636681712e-09
35900.056 1.7339385803179188e-09
35950.056 1.8224199618231708e-09
36000.056 2.123045872781612e-09
36050.056 1.5092427659217533e-09
36100.056 1.507216735249271e-09
36150.056 2.3932603593048283e-09
36200.056 2.5823522092122734e-09
36250.056 2.1201572975331867e-09
36300.056 3.614898402104694e-09
36350.056 2.4747897292380274e-09
36400.056 3.216910422813335e-09
36450.056 4.043398294170399e-09
36500.056 4.613389658591966e-09
36550.056 4.621157774970429e-09
36600.056 5.644360934880484e-09
36650.056 4.600956116168407e-09
36700.056 5.324182042320822e-09
36750.056 6.197592533674938e-09
36800.056 6.203394324633958e-09
36850.056 4.361143806688494e-09
36900.056 6.787773537771078e-09
36950.056 6.6733023028259244e-09
37000.056 5.437445540177494e-09
37050.056 6.539784872048131e-09
37100.056 6.978024276802877e-09
37150.056 4.914425124439943e-09
37200.056 7.890794627115333e-09
37250.056 6.424159266229444e-09
37300.056 5.2766543447309585e-09
37350.056 7.531966508420929e-09
37400.056 1.0984926228901785e-08
37450.056 5.8928578814354346e-09
37500.056 6.828201659792235e-09
37550.056 9.680031908880376e-09
37600.056 1.1881267490981021e-08
37650.056 5.689982530425399e-09
37700.056 1.16215000423777e-08
37750.056 7.060264169557174e-09
37800.056 7.552602006532e-09
37850.056 4.145090170539903e-09
37900.056 6.024158490887481e-09
37950.056 9.85611406577693e-09
38000.056 1.0620145519209306e-08
38050.056 1.1524387003652506e-08
38100.056 1.2540562978588662e-08
38150.056 1.467683656657973e-08
38200.056 1.435020569353971e-08
38250.056 1.3900450056348829e-08
38300.056 2.0642830783773592e-08
38350.056 2.0087621449967644e-08
38400.056 9.397863014023339e-09
38450.056 7.357425934027435e-09
38500.056 4.574619414405771e-09
38550.056 1.0641562140505185e-08
38600.056 1.0504218791171072e-08
38650.056 1.0291494936289381e-08
38700.056 8.588265719949984e-09
38750.056 1.0928852045692865e-08
38800.056 1.0531058323653963e-08
38850.056 1.1341385426269631e-08
38900.056 1.531544745048737e-08
38950.056 1.094235012500669e-08
39000.056 1.5841337329667573e-08
39050.056 1.0849444574566039e-08
39100.056 1.5014415693096238e-08
39150.056 1.5990582310371814e-08
39200.056 1.4803224714412247e-08
39250.056 2.0337691545381602e-08
39300.056 1.3145274096736568e-08
39350.056 2.4327097630480906e-08
39400.056 1.4370602982926965e-08
39450.056 1.9758510260804986e-08
39500.056 2.1147177878543378e-08
39550.056 1.5800722114196894e-08
39600.056 2.070982807712162e-08
39650.056 2.2259238575390243e-08
39700.056 2.223897566597454e-08
39750.056 1.5600081675644946e-08
39800.056 1.7197907392762457e-08
39850.056 2.817229416300197e-08
39900.056 2.987395304050341e-08
39950.056 1.7957803728046273e-08
40000.056 3.101956559537861e-08
40050.056 2.673696512065688e-08
40100.056 1.5721288733704513e-08
40150.056 2.8209267351346524e-08
40200.056 2.989206215413138e-08
40250.056 3.2212607581146085e-08
40300.056 3.011390376289919e-08
40350.056 2.6225453848583633e-08
40400.056 3.406576423991588e-08
40450.056 2.303490890517004e-08
40500.056 3.7286166827291905e-08
40550.056 3.7946093588119765e-08
40600.056 3.2232864005785266e-08
40650.056 2.4065540829661748e-08
40700.056 4.3421204562584706e-08
40750.056 3.210645497799511e-08
40800.056 2.462421926243032e-08
40850.056 5.073092119212376e-08
40900.056 4.295741229374902e-08
40950.056 4.037712355450903e-08
41000.056 3.741417923594113e-08
41050.056 5.4351235796176064e-08
41100.056 4.523083898441537e-08
41150.056 2.5499749765722105e-08
41200.056 5.6910727295732714e-08
41250.056 3.9187298241170504e-08
41300.056 4.087421826712911e-08
41350.056 5.8403191043397305e-08
41400.056 5.0833170464708676e-08
41450.056 6.301455586377949e-08
41500.056 4.7429050822560045e-08
41550.056 4.5076513402281656e-08
41600.056 4.6423305643836215e-08
41650.056 5.8352850156324257e-08
41700.056 5.8915422686365935e-08
41750.056 5.5615105330587446e-08
41800.056 6.416344328321582e-08
41850.056 5.300026976803324e-08
41900.056 5.3157776980060286e-08
41950.056 4.9504040151312587e-08
42000.056 4.1823065028491205e-08
42050.056 4.496406608692081e-08
42100.056 5.297815868882957e-08
42150.056 5.0505762568999556e-08
42200.056 5.093880423512186e-08
42250.056 4.424237794088738e-08
42300.056 4.8882673676722044e-08
42350.056 6.53129229805078e-08
42400.056 6.764075780442198e-08
42450.056 6.400847064203494e-08
42500.056 5.5708545497784405e-08
42550.056 5.251523435967815e-08
42600.056 5.7223427437464356e-08
42650.056 8.684380644685386e-08
42700.056 5.797053144982617e-08
42750.056 6.498998984999979e-08
42800.056 8.522592844721857e-08
42850.056 8.550167415197485e-08
42900.056 9.079496710173592e-08
42950.056 7.713896089098352e-08
43000.056 8.276586660843738e-08
43050.056 5.3417339383910484e-08
43100.056 7.021887315097461e-08
43150.056 6.258770549761201e-08
43200.056 9.404843822419902e-08
43250.056 1.1216303902000298e-07
43300.056 1.0798397043498558e-07
43350.056 6.924258030098322e-08
43400.056 8.716687197819555e-08
43450.056 6.584720003710787e-08
43500.056 5.98635986868796e-08
43550.056 6.60435190410668e-08
43600.056 1.0480645478181398e-07
43650.056 7.751029585090714e-08
43700.056 1.0963942614713247e-07
43750.056 9.785998947289695e-08
43800.056 9.420539361378368e-08
43850.056 7.817345142399858e-08
43900.056 7.917288037488349e-08
43950.056 5.071870406910021e-08
44000.056 5.136378213929112e-08
44050.056 1.1198001763800579e-07
44100.056 1.412981389449944e-07
44150.056 1.2318154752829802e-07
44200.056 1.067419267094943e-07
44250.056 6.910115515990772e-08
44300.056 5.796214175111028e-08
44350.056 6.870300147026403e-08
44400.056 6.439268261329232e-08
44450.056 9.854499802387109e-08
44500.056 9.68543798404238e-08
44550.056 1.3691883550378107e-07
44600.056 1.1254626241434307e-07
44650.056 9.958235902032375e-08
44700.056 6.899998321100512e-08
44750.056 1.075751993656316e-07
44800.056 7.682649689890341e-08
44850.056 9.83050260883647e-08
44900.056 8.799705917180484e-08
44950.056 1.0908223112800631e-07
45000.056 1.153122756150024e-07
45050.056 1.0706728445748881e-07
45100.056 9.613300329659351e-08
45150.056 9.780441180668852e-08
45200.056 7.874479022299957e-08
45250.056 8.819656950276148e-08
45300.056 7.43024604968203e-08
45350.056 7.182641729962569e-08
45400.056 1.5469278359501677e-07
45450.056 1.213368567760103e-07
45500.056 1.4265918287321188e-07
45550.056 1.4796974634593228e-07
45600.056 1.3974550778303804e-07
45650.056 1.1105335227540039e-07
45700.056 7.864810672130084e-08
45750.056 7.838794536540064e-08
45800.056 1.620584812919857e-07
45850.056 1.3657983228599257e-07
45900.056 1.5989046565498168e-07
45950.056 1.3670177194399502e-07
46000.056 1.4976897499790803e-07
46050.056 1.1722488300001503e-07
46100.056 1.6929163409696966e-07
46150.056 1.118256646700153e-07
46200.056 9.795559296338967e-08
46250.056 4.8436065227999156e-08
46300.056 1.1444696133780113e-07
46350.056 1.1920066960602052e-07
46400.056 1.0033209670700229e-07
46450.056 9.440669784302261e-08
46500.056 1.162142595740328e-07
46550.056 6.777632882770404e-08
46600.056 9.827479371436939e-08
46650.056 1.4269718668900472e-07
46700.056 9.563948813897265e-08
46750.056 6.074168173618569e-08
46800.056 4.0938110497915435e-08
46850.056 1.4782637531603334e-07
46900.056 1.2760623586399496e-07
46950.056 1.2771126076699152e-07
47000.056 1.294730678770301e-07
47050.056 9.751797370697546e-08
47100.056 7.009391956661139e-08
47150.056 9.727458357491151e-08
47200.056 1.1447608537999516e-07
47250.056 7.869735695309648e-08
47300.056 5.267075023200503e-08
47350.056 1.440371031079869e-07
47400.056 1.157856867699935e-07
47450.056 1.1443165174146156e-07
47500.056 1.415233157951809e-07
47550.056 1.2225516374201737e-07
47600.056 1.1896429211200256e-07
47650.056 1.1853546514265459e-07
47700.056 9.802804182829356e-08
47750.056 7.467501730120498e-08
47800.056 6.778327698480744e-08
47850.056 3.958970999351891e-08
47900.056 5.81606679337876e-08
47950.056 1.0251321540701701e-07
48000.056 1.462167776300297e-07
48050.056 1.2946688191741034e-07
48100.056 6.018728797120883e-08
48150.056 1.0497893212700284e-07
48200.056 7.444893931620089e-08
48250.056 8.433571471100135e-08
48300.056 1.290505761589714e-07
48350.056 7.997052492080478e-08
48400.056 3.096326725324316e-08
48450.056 6.214572166493124e-08
48500.056 9.180770505597805e-08
48550.056 8.936095361660846e-08
48600.056 1.0337498595299835e-07
48650.056 1.2039849754297572e-07
48700.056 8.765670156962524e-08
48750.056 6.212031817193745e-08
48800.056 1.233683228048935e-07
48850.056 6.963838931698832e-08
48900.056 1.0269301198933457e-07
48950.056 6.001503195600659e-08
49000.056 2.998499081861863e-08
49050.056 8.192538132769056e-08
49100.056 1.0543579605692148e-07
49150.056 7.808046481992965e-08
49200.056 1.255032638690287e-07
49250.056 1.185217373010187e-07
49300.056 1.0301592788260122e-07
49350.056 4.516748401868852e-08
49400.056 6.378033626688251e-08
49450.056 6.764035541672304e-08
49500.056 5.173528568527607e-08
49550.056 1.5695901548811922e-08
49600.056 3.8426317590329555e-08
49650.056 7.31677634579986e-08
49700.056 7.253479812856917e-08
49750.056 7.722309252919238e-08
49800.056 5.498576009466311e-08
49850.056 1.0413489593803216e-07
49900.056 7.994881107532296e-08
49950.056 8.270634071520794e-08
50000.056 6.743399694573789e-08
50050.056 8.052399684600322e-08
50100.056 6.355923182380006e-08
50150.056 3.564756310239174e-08
50200.056 8.473759090620908e-09
50250.056 4.440282106799404e-08
50300.056 2.8942896533754774e-08
50350.056 7.746226558850909e-08
50400.056 7.116819108198993e-08
50450.056 5.7300290202645595e-08
50500.056 7.918738743031059e-08
50550.056 6.968013186800978e-08
50600.056 5.245221428598503e-08
50650.056 8.553691222301655e-08
50700.056 8.580652206196342e-08
50750.056 5.8624925369207874e-08
50800.056 2.501951217966527e-08
50850.056 1.6273697101008285e-08
50900.056 6.870921452699942e-08
50950.056 5.369658966600263e-08
51000.056 4.972402226332427e-08
51050.056 6.48494033789947e-08
51100.056 2.8411943256118022e-08
51150.056 3.633405224550326e-08
51200.056 8.424372445099753e-08
51250.056 5.339130853168038e-08
51300.056 4.354689356025393e-08
51350.056 4.113792580653474e-08
51400.056 1.69011134768207e-08
51450.056 1.3387726659882483e-08
51500.056 1.3766080630750618e-08
51550.056 4.791562410264474e-08
51600.056 3.459390203474173e-08
51650.056 4.1088717873787645e-08
51700.056 4.395650693410842e-08
51750.056 3.078969413980849e-08
51800.056 4.943557194099538e-08
51850.056 4.24028514784944e-08
51900.056 5.732269560559298e-08
51950.056 3.6442385392394455e-08
52000.056 5.6090828778378444e-09
52050.056 2.2676498923873206e-08
52100.056 1.4649939908699051e-08
52150.056 9.295450537680254e-09
52200.056 1.991007608200004e-08
52250.056 2.778150096551268e-08
52300.056 3.947922417785673e-08
52350.056 1.830916449269825e-08
52400.056 1.6371765209162022e-08
52450.056 4.893219660760478e-08
52500.056 3.7055509068031744e-08
52550.056 4.048772494839545e-08
52600.056 3.086422126099834e-08
52650.056 3.727767260150384e-08
52700.056 2.8898588702599682e-08
52750.056 1.3546248875453668e-08
52800.056 2.2406382881002646e-08
52850.056 2.4521700221793675e-08
52900.056 1.3626754250464595e-08
52950.056 1.9637352914925542e-08
53000.056 2.996457300570961e-08
53050.056 1.2622713923436622e-08
53100.056 3.0358079559689356e-08
53150.056 3.407900038044106e-08
53200.056 1.7180086090291403e-08
53250.056 3.431786197445383e-08
53300.056 4.182429894818182e-08
53350.056 3.1533140763881384e-08
53400.056 2.1504962227392312e-08
53450.056 9.33123576931715e-09
53500.056 2.060670695209433e-09
53550.056 5.659169002025796e-09
