galfind/configs/Brown_Dwarf_templates/sonora_bobcat/m0.0/10g/sp_t350g10nc_m0.0_resample.dat
# %ECSV 1.0
# ---
# datatype:
# - {name: wav, unit: Angstrom, datatype: float64}
# - {name: flux_nu, unit: erg / (cm2 Hz s), datatype: float64}
# meta: {C/O: '1.00', Kzz: '1.0000E+05', Teff: '350.', Y: '0.28', '[Fe/H]': '0.00', f_hole: '1.00', f_rain: '0.00', grav: '10.'}
# schema: astropy-2.0
wav flux_nu
[from data line 499]
28950.056 3.0311116955574315e-11
29000.056 1.6541283999226683e-11
29050.056 2.84623217937306e-11
29100.056 1.4203178516720679e-11
29150.056 1.4440644739470488e-11
29200.056 4.502612435068695e-11
29250.056 4.8479694727569896e-11
29300.056 2.1802507416333342e-11
29350.056 5.87692049108639e-11
29400.056 3.3988823167723926e-11
29450.056 1.606481605534421e-11
29500.056 6.41488705840308e-11
29550.056 2.115876143820345e-11
29600.056 2.7621382174691104e-11
29650.056 8.495755800111511e-11
29700.056 1.8478419944461384e-11
29750.056 6.574065281693568e-11
29800.056 4.400453152612543e-11
29850.056 6.862593832547982e-11
29900.056 3.359056349453459e-11
29950.056 5.061841074734444e-11
30000.056 6.272469813037613e-13
30050.056 4.766522897559414e-12
30100.056 2.3169277394251633e-11
30150.056 6.889790798160257e-11
30200.056 4.5350869558213144e-11
30250.056 8.956567826873921e-11
30300.056 1.4490874984250764e-10
30350.056 3.17213381936957e-11
30400.056 1.1402027735264128e-10
30450.056 9.056291434382183e-11
30500.056 5.419200755326466e-11
30550.056 4.7979186379417615e-11
30600.056 2.528802294733695e-10
30650.056 1.346109131512547e-10
30700.056 6.511039232393356e-11
30750.056 1.5592060301316133e-10
30800.056 1.1321212829315925e-10
30850.056 1.402425233182615e-10
30900.056 5.832663633358348e-11
30950.056 6.551128902731499e-11
31000.056 8.817343425454125e-11
31050.056 4.6894831963133746e-11
31100.056 2.986288091754863e-11
31150.056 5.797554189474263e-11
31200.056 1.6618303199047864e-10
31250.056 1.1397789986059793e-10
31300.056 5.6333708204906243e-11
31350.056 1.483216959202813e-10
31400.056 1.0374313767094755e-10
31450.056 9.628750523516133e-11
31500.056 3.759126216802592e-11
31550.056 6.013242102332649e-11
31600.056 4.101799013707382e-11
31650.056 4.250907641665015e-11
31700.056 3.5456930390400955e-11
31750.056 1.8376295125928622e-11
31800.056 3.314696147876321e-11
31850.056 5.617054869332188e-12
31900.056 1.4096247932367819e-11
31950.056 9.931676820665119e-12
32000.056 5.4054958428487635e-12
32050.056 1.0783700075475236e-11
32100.056 9.732635257307507e-12
32150.056 9.211988556352867e-12
32200.056 3.9631177573881374e-12
32250.056 1.097039871221116e-11
32300.056 3.0547392628418836e-12
32350.056 9.824580295444316e-12
32400.056 1.2687675357414732e-12
32450.056 6.271429292016239e-12
32500.056 1.3293857799528205e-12
32550.056 4.5432902714182836e-12
32600.056 1.2860045078972568e-12
32650.056 1.6023760622993507e-11
32700.056 2.0187324842738587e-12
32750.056 3.3624483397903865e-11
32800.056 1.3381895525208216e-11
32850.056 6.913588060304802e-11
32900.056 5.2342370911100246e-11
32950.056 6.027767366781093e-11
33000.056 1.554350830169603e-11
33050.056 2.247503694068928e-11
33100.056 3.799940332028098e-12
33150.056 5.646820482607695e-16
33200.056 9.202208439321232e-14
33250.056 1.251999195941383e-13
33300.056 1.5299633538968073e-12
33350.056 4.3509338797740084e-12
33400.056 2.231636646600952e-11
33450.056 1.155148933605236e-11
33500.056 4.6806853026202694e-11
33550.056 7.385757403313679e-12
33600.056 2.484843180503063e-11
33650.056 2.111625385036582e-11
33700.056 6.489364279012111e-12
33750.056 3.387733878132331e-11
33800.056 2.4917502154871094e-12
33850.056 1.603209456859697e-11
33900.056 1.8156978055277015e-11
33950.056 1.3984029499498305e-11
34000.056 3.731952816814254e-11
34050.056 5.044439686440862e-12
34100.056 3.471291144850981e-11
34150.056 1.528455647500076e-11
34200.056 4.513802166075637e-11
34250.056 2.2211370699860087e-11
34300.056 2.7419188122309178e-11
34350.056 5.497074684201268e-11
34400.056 1.565015254141657e-11
34450.056 5.031293643996355e-11
34500.056 2.30195446153289e-11
34550.056 1.8910191049049222e-11
34600.056 8.90649632393679e-11
34650.056 1.2822125635611938e-11
34700.056 6.229441773978907e-11
34750.056 3.6963968830659415e-11
34800.056 4.217279896488049e-11
34850.056 1.0568788103213671e-10
34900.056 2.2848862941257695e-11
34950.056 9.955601943562525e-11
35000.056 1.8089392656485118e-10
35050.056 9.468907388649589e-11
35100.056 2.0093775247965572e-10
35150.056 1.3951935845795498e-10
35200.056 1.51562593181209e-10
35250.056 2.4004852485994153e-10
35300.056 1.098700695510015e-10
35350.056 1.1645466000839764e-10
35400.056 7.997948864261548e-11
35450.056 8.769843923910314e-11
35500.056 3.1593485165099694e-10
35550.056 1.7401307897973917e-10
35600.056 2.0906433316467712e-10
35650.056 2.3796897889476253e-10
35700.056 2.7668082511784116e-10
35750.056 3.3130423854319706e-10
35800.056 3.0829741950803427e-10
35850.056 1.0094625127208048e-10
35900.056 1.2684721446537193e-10
35950.056 1.5385203699082173e-10
36000.056 2.3961474093493726e-10
36050.056 1.557763029952523e-10
36100.056 1.373165014169709e-10
36150.056 3.4709879415354347e-10
36200.056 3.453313644290185e-10
36250.056 2.4421721643231504e-10
36300.056 6.019658251557554e-10
36350.056 3.123396438386877e-10
36400.056 5.378818577203525e-10
36450.056 5.97140287707632e-10
36500.056 6.147400342589671e-10
36550.056 8.577806430362241e-10
36600.056 8.592605475527628e-10
36650.056 6.221814375856251e-10
36700.056 7.766773304465136e-10
36750.056 9.264343927152547e-10
36800.056 1.0384211278164306e-09
36850.056 4.833705039002577e-10
36900.056 1.008400605458995e-09
36950.056 1.075121754184655e-09
37000.056 7.536904792574169e-10
37050.056 1.122747863338223e-09
37100.056 8.484604193965736e-10
37150.056 6.811956567211626e-10
37200.056 1.4260752472749517e-09
37250.056 8.590277182529891e-10
37300.056 5.985187441107844e-10
37350.056 1.1438323343503925e-09
37400.056 1.6468528498497501e-09
37450.056 6.693062675761766e-10
37500.056 1.0392480385883766e-09
37550.056 1.6665030279863517e-09
37600.056 2.500249446100948e-09
37650.056 7.994640006909175e-10
37700.056 1.7090656856280459e-09
37750.056 1.091239157447903e-09
37800.056 1.0517018356073762e-09
37850.056 4.909342695237434e-10
37900.056 7.682261194728678e-10
37950.056 1.577650763875069e-09
38000.056 1.6180007203497093e-09
38050.056 2.3119383543337767e-09
38100.056 2.585348060497453e-09
38150.056 2.9709020086132704e-09
38200.056 2.468000258986812e-09
38250.056 2.8554859960332653e-09
38300.056 4.133170007597531e-09
38350.056 3.97447518548658e-09
38400.056 1.4522277906830222e-09
38450.056 6.254670899195748e-10
38500.056 3.95669842218432e-10
38550.056 1.647365033765624e-09
38600.056 1.5510252759195816e-09
38650.056 1.8442909078648402e-09
38700.056 9.566176713720758e-10
38750.056 1.5865433985097579e-09
38800.056 1.6201622761414323e-09
38850.056 1.8918285292073103e-09
38900.056 2.4488556186184306e-09
38950.056 1.5385360713876364e-09
39000.056 3.131174472472512e-09
39050.056 1.4363626084417464e-09
39100.056 2.4941079385939606e-09
39150.056 3.2420872305542828e-09
39200.056 2.302123723100947e-09
39250.056 4.056391683678889e-09
39300.056 2.1924015086106587e-09
39350.056 5.1207835697717264e-09
39400.056 2.2534597773262165e-09
39450.056 3.904296393902757e-09
39500.056 3.841428909559938e-09
39550.056 1.913332642961767e-09
39600.056 3.9230081151926575e-09
39650.056 4.211616868974794e-09
39700.056 4.397535474000769e-09
39750.056 2.363898525994302e-09
39800.056 2.537898677549076e-09
39850.056 5.40660064911632e-09
39900.056 6.64743468379067e-09
39950.056 2.6499850449756486e-09
40000.056 5.241588360103653e-09
40050.056 5.491339180629435e-09
40100.056 2.145798157694933e-09
40150.056 5.445931987818479e-09
40200.056 5.708721660198997e-09
40250.056 6.614469388656158e-09
40300.056 6.256142480140214e-09
40350.056 4.073834823185201e-09
40400.056 5.554459182758887e-09
40450.056 2.9117886254848216e-09
40500.056 7.418285991530925e-09
40550.056 8.322387632132767e-09
40600.056 5.632074388600624e-09
40650.056 4.102169617202003e-09
40700.056 8.91219491116998e-09
40750.056 5.854820100328002e-09
40800.056 3.96821040398729e-09
40850.056 1.1241320794444327e-08
40900.056 9.040946442553869e-09
40950.056 8.492000743078925e-09
41000.056 6.2824959417501255e-09
41050.056 1.1952445530854632e-08
41100.056 9.484810523940391e-09
41150.056 3.804744469154341e-09
41200.056 1.310307610671308e-08
41250.056 7.980708428963698e-09
41300.056 8.67277923952902e-09
41350.056 1.2480417803157313e-08
41400.056 1.0487078836619895e-08
41450.056 1.550954934287282e-08
41500.056 1.0452517252380904e-08
41550.056 8.998904493583018e-09
41600.056 8.612301611134074e-09
41650.056 1.316091417858211e-08
41700.056 1.6300414009732068e-08
41750.056 1.3156776665326165e-08
41800.056 1.2907471519453055e-08
41850.056 1.2736960916557629e-08
41900.056 1.1025182108484014e-08
41950.056 1.015726596925097e-08
42000.056 5.882559661709153e-09
42050.056 8.267980892014798e-09
42100.056 7.5008323883031e-09
42150.056 9.923597151102986e-09
42200.056 1.2421710297581152e-08
42250.056 8.673866943003305e-09
42300.056 8.956862031952757e-09
42350.056 1.4654126788080262e-08
42400.056 1.7477307097054246e-08
42450.056 1.7043267242996625e-08
42500.056 1.569521474086566e-08
42550.056 1.3854066305773951e-08
42600.056 1.3397170588752488e-08
42650.056 2.3249635939387e-08
42700.056 1.1431286393642393e-08
42750.056 1.8562558326028107e-08
42800.056 2.8450337277307187e-08
42850.056 2.580492190199269e-08
42900.056 2.586116862507808e-08
42950.056 2.3172474755395026e-08
43000.056 2.5651483442809496e-08
43050.056 1.443734694193967e-08
43100.056 2.0452351943095585e-08
43150.056 1.65413017123439e-08
43200.056 2.9396433475203112e-08
43250.056 3.36373537312966e-08
43300.056 3.3117394750594485e-08
43350.056 2.0230258455692594e-08
43400.056 2.783469227851157e-08
43450.056 1.764559466769992e-08
43500.056 1.616160710858177e-08
43550.056 1.8655510993775993e-08
43600.056 3.23905568757046e-08
43650.056 2.234079956762171e-08
43700.056 3.61214460016418e-08
43750.056 3.276988394679259e-08
43800.056 3.0706678590713003e-08
43850.056 2.535326894119852e-08
43900.056 2.198591206182113e-08
43950.056 1.294083152139937e-08
44000.056 1.4452006277206997e-08
44050.056 3.796851755899968e-08
44100.056 4.5293118899993807e-08
44150.056 4.131097565848109e-08
44200.056 3.713859543279896e-08
44250.056 1.9661191574900337e-08
44300.056 1.6931448949802408e-08
44350.056 1.877642211021881e-08
44400.056 1.6464348798626996e-08
44450.056 2.983334442099789e-08
44500.056 2.945716137650529e-08
44550.056 4.264341665179632e-08
44600.056 3.610238016737689e-08
44650.056 2.8756500294006172e-08
44700.056 2.0058417247000244e-08
44750.056 3.6648756621109885e-08
44800.056 2.157988430714246e-08
44850.056 2.710281870024134e-08
44900.056 2.6918893113742916e-08
44950.056 3.455488656740521e-08
45000.056 4.0425666366002454e-08
45050.056 3.448803473999326e-08
45100.056 2.9965956934397075e-08
45150.056 2.6851686055711776e-08
45200.056 2.1985656354600618e-08
45250.056 2.6121463108789882e-08
45300.056 2.3756640665705037e-08
45350.056 1.7613426064427695e-08
45400.056 5.3693213908408956e-08
45450.056 3.88844065050055e-08
45500.056 5.324909892244521e-08
45550.056 5.235984288027667e-08
45600.056 4.3627990424011924e-08
45650.056 3.535658332380056e-08
45700.056 2.3259345227618288e-08
45750.056 2.3189506643651697e-08
45800.056 5.673692688259861e-08
45850.056 3.9655477353396866e-08
45900.056 5.6323984165989966e-08
45950.056 5.182193671200018e-08
46000.056 5.145027712890575e-08
46050.056 3.8154529028005965e-08
46100.056 6.504770347798991e-08
46150.056 3.7892910978806245e-08
46200.056 3.155396481259418e-08
46250.056 1.266283400404494e-08
46300.056 3.6500513527019106e-08
46350.056 3.937821154190797e-08
46400.056 3.345998483289939e-08
46450.056 3.238803171838522e-08
46500.056 3.866403836425891e-08
46550.056 1.877436361430195e-08
46600.056 3.010902246869218e-08
46650.056 4.499506499800455e-08
46700.056 2.9936846566490774e-08
46750.056 1.496050348642291e-08
46800.056 9.194364588543097e-09
46850.056 4.4934935992808774e-08
46900.056 4.365400660169928e-08
46950.056 4.5810964602096504e-08
47000.056 4.4965964983209126e-08
47050.056 3.041989198689549e-08
47100.056 2.1968069585234162e-08
47150.056 3.5218855089723304e-08
47200.056 3.809138816419564e-08
47250.056 2.2686273015598717e-08
47300.056 1.4267369053611154e-08
47350.056 4.755896533879956e-08
47400.056 3.9390055691996164e-08
47450.056 3.2114718938609044e-08
47500.056 4.854043029939707e-08
47550.056 4.291576156060804e-08
47600.056 3.940917997774886e-08
47650.056 4.187048032313948e-08
47700.056 3.150948232388635e-08
47750.056 2.3786563309301912e-08
47800.056 1.8987253584402975e-08
47850.056 8.649113246682403e-09
47900.056 1.4629673210227866e-08
47950.056 3.4977204198803756e-08
48000.056 4.9109073008005024e-08
48050.056 4.048450661200501e-08
48100.056 1.672092429878295e-08
48150.056 3.3514842139400965e-08
48200.056 1.9832217995031518e-08
48250.056 2.47844503029971e-08
48300.056 4.702891459199377e-08
48350.056 2.6323510335497515e-08
48400.056 6.430924968356062e-09
48450.056 1.3574650629657779e-08
48500.056 2.345784689079382e-08
48550.056 2.497736192966214e-08
48600.056 3.61192102050969e-08
48650.056 4.572947672899076e-08
48700.056 2.9913306407925545e-08
48750.056 2.2748890012410375e-08
48800.056 4.149326243960005e-08
48850.056 2.1017425165876403e-08
48900.056 2.6424491737884434e-08
48950.056 1.3471186187600454e-08
49000.056 6.794125102382092e-09
49050.056 2.416884170549691e-08
49100.056 3.367154676850636e-08
49150.056 2.4472573783051615e-08
49200.056 4.257472441000932e-08
49250.056 4.223342218540232e-08
49300.056 3.54126320378005e-08
49350.056 1.228798329032872e-08
49400.056 1.8953923477783473e-08
49450.056 1.8241487124820407e-08
49500.056 1.3186036211850274e-08
49550.056 2.5005947011461177e-09
49600.056 7.72348270613243e-09
49650.056 2.1980833562702598e-08
49700.056 2.4103810911089137e-08
49750.056 2.2026894086210714e-08
49800.056 1.3451746712520438e-08
49850.056 3.280118620920744e-08
49900.056 2.6343741206455656e-08
49950.056 2.7494419473701994e-08
50000.056 1.867833570480652e-08
50050.056 2.321969069930067e-08
50100.056 1.835375425469832e-08
50150.056 7.97150789630808e-09
50200.056 1.114688519795507e-09
50250.056 8.415183905099651e-09
50300.056 5.1416885936350104e-09
50350.056 2.16117178604035e-08
50400.056 2.2303720455515333e-08
50450.056 1.8786926921642628e-08
50500.056 2.850247065717174e-08
50550.056 2.3479362512303232e-08
50600.056 1.7010650714605997e-08
50650.056 3.0825379405504614e-08
50700.056 2.8120276851091425e-08
50750.056 1.7450298927901777e-08
50800.056 5.205314439268609e-09
50850.056 2.4498352882772965e-09
50900.056 1.7630362100000957e-08
50950.056 1.576653542849855e-08
51000.056 1.2490745270522061e-08
51050.056 2.111254153229734e-08
51100.056 7.379130860293427e-09
51150.056 7.736666881295663e-09
51200.056 2.5431218041000403e-08
51250.056 1.7740310265193732e-08
51300.056 1.257597161723439e-08
51350.056 1.0397644050047387e-08
51400.056 2.7898952820393903e-09
51450.056 2.2575273662599333e-09
51500.056 2.3599248770026917e-09
51550.056 1.0604020879554003e-08
51600.056 9.191905750343251e-09
51650.056 1.3138954139198499e-08
51700.056 1.3114526450756143e-08
51750.056 8.360219764747186e-09
51800.056 1.6093005145398505e-08
51850.056 1.297328879489853e-08
51900.056 1.457491748699783e-08
51950.056 7.595435308999071e-09
52000.056 6.350478796987492e-10
52050.056 3.931532169210584e-09
52100.056 2.0905399402796357e-09
52150.056 1.0549527130702482e-09
52200.056 4.229819162819895e-09
52250.056 6.817821683222553e-09
52300.056 8.556554901459427e-09
52350.056 2.5071277011908827e-09
52400.056 2.7604059617160757e-09
52450.056 1.2178156017801241e-08
52500.056 8.312683258878691e-09
52550.056 1.098507712519925e-08
52600.056 8.657332749519073e-09
52650.056 1.0564191906280519e-08
52700.056 7.466795733359565e-09
52750.056 2.2098371986664792e-09
52800.056 4.8148026503108085e-09
52850.056 5.4734058576088e-09
52900.056 1.8207843288425514e-09
52950.056 3.513730819604468e-09
53000.056 6.72845277150189e-09
53050.056 2.322515555169251e-09
53100.056 8.587411689178204e-09
53150.056 8.63171756880905e-09
53200.056 4.401395311070574e-09
53250.056 7.791081456092424e-09
53300.056 9.991765354383495e-09
53350.056 7.289224381914634e-09
53400.056 4.369835660998269e-09
53450.056 1.3313253210594774e-09
53500.056 1.6376203964434568e-10
53550.056 5.28836798612023e-10
