galfind/configs/Brown_Dwarf_templates/sonora_bobcat/m0.0/10g/sp_t1300g10nc_m0.0_resample.dat
# %ECSV 1.0
# ---
# datatype:
# - {name: wav, unit: Angstrom, datatype: float64}
# - {name: flux_nu, unit: erg / (cm2 Hz s), datatype: float64}
# meta: {C/O: '1.00', Kzz: '1.0000E+05', Teff: '1300.', Y: '0.28', '[Fe/H]': '0.00', f_hole: '1.00', f_rain: '0.00', grav: '10.'}
# schema: astropy-2.0
wav flux_nu
[from data line 498]
28900.056 3.31204294703007e-07
28950.056 4.822619402760063e-07
29000.056 3.950235838538787e-07
29050.056 4.049498542768821e-07
29100.056 3.373605419170515e-07
29150.056 4.428461523841542e-07
29200.056 3.915815529621378e-07
29250.056 4.7581478995001276e-07
29300.056 3.698376802787454e-07
29350.056 5.4317493567982e-07
29400.056 4.150342669138803e-07
29450.056 4.4510113386198045e-07
29500.056 4.6121461034792416e-07
29550.056 4.4134342104702465e-07
29600.056 4.7674301943890517e-07
29650.056 4.658725456069473e-07
29700.056 3.914647947128548e-07
29750.056 5.138993082733499e-07
29800.056 5.159794931749912e-07
29850.056 5.081629634679257e-07
29900.056 4.6068011881515674e-07
29950.056 5.235777036839315e-07
30000.056 5.251756455939085e-07
30050.056 4.909328835919149e-07
30100.056 4.1087097878385654e-07
30150.056 6.061268034699357e-07
30200.056 5.094669355100349e-07
30250.056 5.551366459852082e-07
30300.056 5.375014957759466e-07
30350.056 4.6388744604404477e-07
30400.056 5.699332283370853e-07
30450.056 4.617100852760484e-07
30500.056 3.937572806450847e-07
30550.056 5.031169536061206e-07
30600.056 5.089364456380579e-07
30650.056 4.809378905179187e-07
30700.056 4.6090852592002073e-07
30750.056 4.243360818290064e-07
30800.056 4.4243603922808735e-07
30850.056 3.6974288679591426e-07
30900.056 3.9629834652994956e-07
30950.056 3.4749570011807377e-07
31000.056 3.369194429499747e-07
31050.056 3.2998828230099694e-07
31100.056 2.937041301669701e-07
31150.056 3.2860063646094135e-07
31200.056 3.454424836500095e-07
31250.056 2.974212338229663e-07
31300.056 2.8244851922696123e-07
31350.056 2.6372297221899234e-07
31400.056 2.364931552560546e-07
31450.056 2.2594472628997198e-07
31500.056 2.3080691163896656e-07
31550.056 2.2651011606000768e-07
31600.056 2.0246342603997007e-07
31650.056 1.9433202937498757e-07
31700.056 1.913160026489813e-07
31750.056 1.761512322260584e-07
31800.056 2.0680913450997892e-07
31850.056 1.8831214187001844e-07
31900.056 2.1258321997598283e-07
31950.056 1.5198131003702093e-07
32000.056 1.8667249791798574e-07
32050.056 2.0597649856701063e-07
32100.056 2.0076510434002583e-07
32150.056 2.1089726543697646e-07
32200.056 1.929670550279964e-07
32250.056 2.3527177570002855e-07
32300.056 2.0225816583299118e-07
32350.056 2.457422208819765e-07
32400.056 1.9002265434498407e-07
32450.056 2.412143112258965e-07
32500.056 2.5411036927005883e-07
32550.056 2.544896084709896e-07
32600.056 2.6872954533799017e-07
32650.056 3.266967194939983e-07
32700.056 2.9810253859004045e-07
32750.056 3.1732373889500656e-07
32800.056 3.0783966836699417e-07
32850.056 3.2492943611990334e-07
32900.056 3.74932593945944e-07
32950.056 3.361178510549321e-07
33000.056 3.164997552479313e-07
33050.056 2.800841363041145e-07
33100.056 2.0979702851496951e-07
33150.056 1.5841249446999473e-07
33200.056 1.1112644606898242e-07
33250.056 8.471746141398039e-08
33300.056 7.959152999800752e-08
33350.056 8.98856537739999e-08
33400.056 9.880998911998583e-08
33450.056 1.1412071083999937e-07
33500.056 1.4083318520802887e-07
33550.056 1.5638287712803105e-07
33600.056 1.9573324790100056e-07
33650.056 2.2657033732000624e-07
33700.056 2.333158386239683e-07
33750.056 3.010191990440245e-07
33800.056 3.0484806815896327e-07
33850.056 3.262615587399496e-07
33900.056 3.1166339474994275e-07
33950.056 2.753010248659531e-07
34000.056 3.209224592629898e-07
34050.056 2.8293906861091666e-07
34100.056 3.3811022820594826e-07
34150.056 3.1162266191893355e-07
34200.056 2.484434122018855e-07
34250.056 3.1890165296686036e-07
34300.056 2.8143267468278634e-07
34350.056 2.210914180719682e-07
34400.056 2.383325483529985e-07
34450.056 2.860846598119491e-07
34500.056 2.671510936100043e-07
34550.056 2.605225449719919e-07
34600.056 3.185906920400416e-07
34650.056 2.99229990730942e-07
34700.056 2.814584378379279e-07
34750.056 3.0889058828000646e-07
34800.056 3.1206672487385524e-07
34850.056 2.72866596270022e-07
34900.056 3.492912753459921e-07
34950.056 2.9801461515993154e-07
35000.056 3.783923146800313e-07
35050.056 3.130279417818865e-07
35100.056 3.229508100899332e-07
35150.056 3.5898682583400954e-07
35200.056 3.5810717502704194e-07
35250.056 3.743388426299277e-07
35300.056 3.6884529072607186e-07
35350.056 3.498712299099179e-07
35400.056 3.5718111048007554e-07
35450.056 2.7121482575018657e-07
35500.056 4.117408720200325e-07
35550.056 4.030457594999351e-07
35600.056 3.52765086953086e-07
35650.056 4.349330148300226e-07
35700.056 3.6792277148004726e-07
35750.056 4.303556889898054e-07
35800.056 5.55284663849997e-07
35850.056 4.2216515545991033e-07
35900.056 5.478233718898804e-07
35950.056 5.006316568600381e-07
36000.056 4.792213596299784e-07
36050.056 5.425115220799834e-07
36100.056 5.602037507895561e-07
36150.056 5.30697907750009e-07
36200.056 6.261122986999005e-07
36250.056 5.69710677379829e-07
36300.056 6.673871112401811e-07
36350.056 6.293606440799235e-07
36400.056 6.026575715400169e-07
36450.056 7.098629774600019e-07
36500.056 6.906499904399917e-07
36550.056 7.009100051402712e-07
36600.056 7.769375053300269e-07
36650.056 7.956302112198775e-07
36700.056 8.465576071999823e-07
36750.056 8.541619972602033e-07
36800.056 8.675017935499639e-07
36850.056 8.554244490500371e-07
36900.056 8.827646009101478e-07
36950.056 9.72308338489881e-07
37000.056 1.0125959762599416e-06
37050.056 9.377590785599167e-07
37100.056 1.0383508745901988e-06
37150.056 9.895692570499093e-07
37200.056 1.0400224689401206e-06
37250.056 1.1024699247799445e-06
37300.056 1.0101587336998633e-06
37350.056 9.688713373801978e-07
37400.056 1.1286124738698407e-06
37450.056 1.0893996874101542e-06
37500.056 1.0815598444198441e-06
37550.056 1.1400097278999366e-06
37600.056 1.2243623616698354e-06
37650.056 1.1118163557299413e-06
37700.056 1.2234483334900773e-06
37750.056 1.200699991540016e-06
37800.056 1.2532271784903366e-06
37850.056 1.1374018943099325e-06
37900.056 1.1876793052001849e-06
37950.056 1.197287120619891e-06
38000.056 1.2892386764201232e-06
38050.056 1.3036180308800375e-06
38100.056 1.204813921580216e-06
38150.056 1.4268637250998881e-06
38200.056 1.4984448731999506e-06
38250.056 1.2663194791902473e-06
38300.056 1.3174147299099148e-06
38350.056 1.425718950499826e-06
38400.056 1.330809952769696e-06
38450.056 1.4879740156300816e-06
38500.056 1.3339421283600614e-06
38550.056 1.4472272652700074e-06
38600.056 1.5680280659297827e-06
38650.056 1.3881392227299974e-06
38700.056 1.4825453608402558e-06
38750.056 1.4461301655000472e-06
38800.056 1.4636841651698669e-06
38850.056 1.392490642990153e-06
38900.056 1.4258959355699134e-06
38950.056 1.554301350599884e-06
39000.056 1.4666674149300382e-06
39050.056 1.5483621660898446e-06
39100.056 1.4307159604401719e-06
39150.056 1.4601107299099805e-06
39200.056 1.602052336640148e-06
39250.056 1.6041158265395342e-06
39300.056 1.5143301779595083e-06
39350.056 1.5636395615001295e-06
39400.056 1.5472708741799994e-06
39450.056 1.538258410279875e-06
39500.056 1.4901802979999397e-06
39550.056 1.497203615899973e-06
39600.056 1.637440134499748e-06
39650.056 1.454931189489917e-06
39700.056 1.540282800389866e-06
39750.056 1.4621824205298472e-06
39800.056 1.4488670896998978e-06
39850.056 1.5017910873098609e-06
39900.056 1.4997618411202232e-06
39950.056 1.5629548336098367e-06
40000.056 1.4038887100600177e-06
40050.056 1.3991929483700235e-06
40100.056 1.5125336149599667e-06
40150.056 1.3968632782997522e-06
40200.056 1.4034182123897637e-06
40250.056 1.3904099202896093e-06
40300.056 1.3290576848300998e-06
40350.056 1.484937381500254e-06
40400.056 1.4209587905600807e-06
40450.056 1.4300779860002648e-06
40500.056 1.2942203389802334e-06
40550.056 1.497522352729921e-06
40600.056 1.3070691274502563e-06
40650.056 1.285381889519842e-06
40700.056 1.430247294300063e-06
40750.056 1.2791274624494427e-06
40800.056 1.2215829604001071e-06
40850.056 1.2470790788202794e-06
40900.056 1.226416009650109e-06
40950.056 1.303827230189957e-06
41000.056 1.2883699418900016e-06
41050.056 1.2858903611297988e-06
41100.056 1.2544652103100456e-06
41150.056 1.226501962730049e-06
41200.056 1.2270784939899876e-06
41250.056 1.2470737978700748e-06
41300.056 1.0828677798697361e-06
41350.056 1.2965954215000427e-06
41400.056 1.2228230996302302e-06
41450.056 1.2180117116903228e-06
41500.056 1.2032632967099845e-06
41550.056 1.1755906401999779e-06
41600.056 1.2795940002700024e-06
41650.056 1.164436932430266e-06
41700.056 1.0959457735298247e-06
41750.056 1.1066656331698569e-06
41800.056 1.1236166296897525e-06
41850.056 9.645167923901893e-07
41900.056 1.1113378681799538e-06
41950.056 9.063785264403143e-07
42000.056 1.0020944788901348e-06
42050.056 8.771567019396955e-07
42100.056 1.080499275750189e-06
42150.056 7.707877503696713e-07
42200.056 8.393107353499612e-07
42250.056 8.559397031401142e-07
42300.056 6.965637360600626e-07
42350.056 8.897890279502446e-07
42400.056 7.293365229401937e-07
42450.056 6.283443740301503e-07
42500.056 6.844695201501746e-07
42550.056 6.79637293830058e-07
42600.056 6.807722233302865e-07
42650.056 5.710737071095622e-07
42700.056 6.708954457902619e-07
42750.056 6.115715684700047e-07
42800.056 5.694000617902702e-07
42850.056 6.245767290198097e-07
42900.056 6.095025021300232e-07
42950.056 5.759620737296571e-07
43000.056 5.676618527500726e-07
43050.056 5.345477617202811e-07
43100.056 6.054689888601575e-07
43150.056 5.613063250401361e-07
43200.056 6.029896268001181e-07
43250.056 5.70840174309875e-07
43300.056 5.880505067100428e-07
43350.056 5.626815369500098e-07
43400.056 5.667187894099916e-07
43450.056 5.853261384402091e-07
43500.056 5.503969674199219e-07
43550.056 6.084812639800155e-07
43600.056 5.90952825640048e-07
43650.056 5.276386446100658e-07
43700.056 5.502988563197994e-07
43750.056 5.618165004501382e-07
43800.056 5.003831411301114e-07
43850.056 5.425349049601576e-07
43900.056 5.614509115999916e-07
43950.056 5.18734909010182e-07
44000.056 5.230924120001189e-07
44050.056 5.425498938200932e-07
44100.056 5.489444199100811e-07
44150.056 5.496721970998291e-07
44200.056 5.208729307399304e-07
44250.056 5.384811678300292e-07
44300.056 5.246602902100377e-07
44350.056 5.040679946600304e-07
44400.056 5.438712473299905e-07
44450.056 5.478376411599708e-07
44500.056 5.818488169500128e-07
44550.056 5.29972938209895e-07
44600.056 5.502318819200533e-07
44650.056 5.637440580100931e-07
44700.056 5.367015271000488e-07
44750.056 5.688135966199407e-07
44800.056 6.047805356799743e-07
44850.056 5.694359757100823e-07
44900.056 5.436661938500615e-07
44950.056 5.251180428299887e-07
45000.056 5.792484610899544e-07
45050.056 5.731108084899548e-07
45100.056 5.92825958289963e-07
45150.056 5.630193026199665e-07
45200.056 5.281610545100252e-07
45250.056 5.357761473999258e-07
45300.056 5.700390390500388e-07
45350.056 5.967609280499704e-07
45400.056 5.780226235000593e-07
45450.056 5.251436141599179e-07
45500.056 5.418939375499862e-07
45550.056 5.930017379699573e-07
45600.056 5.505793153399774e-07
45650.056 5.029417325498957e-07
45700.056 6.085172066600397e-07
45750.056 5.378048770299923e-07
45800.056 5.343566108699802e-07
45850.056 6.279285839499596e-07
45900.056 6.324279121600484e-07
45950.056 5.407590319100112e-07
46000.056 6.352358343600182e-07
46050.056 6.138397535200683e-07
46100.056 5.298402245300727e-07
46150.056 5.947971691699887e-07
46200.056 6.213020765401116e-07
46250.056 5.203243966899821e-07
46300.056 6.611992328699802e-07
46350.056 5.533276597399365e-07
46400.056 5.662267549299376e-07
46450.056 6.053470614800879e-07
46500.056 5.49668422349947e-07
46550.056 6.812971370099644e-07
46600.056 6.223741516800346e-07
46650.056 7.942200616998613e-07
46700.056 7.261859447502472e-07
46750.056 5.795829281099231e-07
46800.056 6.45839800080101e-07
46850.056 6.852618370600784e-07
46900.056 6.509622861298768e-07
46950.056 7.124990604000426e-07
47000.056 6.065642914499953e-07
47050.056 7.196496714298335e-07
47100.056 5.651360548500699e-07
47150.056 6.162963983700726e-07
47200.056 6.609340992801249e-07
47250.056 5.833776276099493e-07
47300.056 6.116632686298355e-07
47350.056 5.381569653398846e-07
47400.056 6.737319741498826e-07
47450.056 5.744349285099806e-07
47500.056 6.627048511898795e-07
47550.056 5.858323348499414e-07
47600.056 6.649833489099655e-07
47650.056 4.836553389698592e-07
47700.056 6.877516970700619e-07
47750.056 4.7182584989011446e-07
47800.056 6.864454914799081e-07
47850.056 5.230671039698783e-07
47900.056 6.676044066100383e-07
47950.056 4.886592226700849e-07
48000.056 7.434280916600231e-07
48050.056 5.570582020000787e-07
48100.056 6.288578724999952e-07
48150.056 5.789999181100835e-07
48200.056 6.757789837701e-07
48250.056 5.618692506199875e-07
48300.056 7.313395566598241e-07
48350.056 5.155204569999809e-07
48400.056 6.67300530829996e-07
48450.056 5.561653619700347e-07
48500.056 7.575212086000374e-07
48550.056 5.306837325200323e-07
48600.056 6.758042969199504e-07
48650.056 5.526865627899595e-07
48700.056 6.563234096800397e-07
48750.056 4.978837986500569e-07
48800.056 7.713573367100287e-07
48850.056 5.429288958999023e-07
48900.056 6.941061578200631e-07
48950.056 6.52027769230037e-07
49000.056 6.129495336898855e-07
49050.056 6.684094981200064e-07
49100.056 6.068538857600549e-07
49150.056 6.572933941200067e-07
49200.056 6.250041904599864e-07
49250.056 6.595497472500288e-07
49300.056 5.645015909599605e-07
49350.056 6.050985895800043e-07
49400.056 7.127945327000607e-07
49450.056 6.080568320501509e-07
49500.056 6.441271415800094e-07
49550.056 5.543507784900229e-07
49600.056 6.268631575101754e-07
49650.056 6.465085967100111e-07
49700.056 5.605983735499252e-07
49750.056 7.913522161898726e-07
49800.056 6.172267437800411e-07
49850.056 7.912317852300653e-07
49900.056 6.151675550100497e-07
49950.056 6.927560974598316e-07
50000.056 6.610869570998616e-07
50050.056 6.75228770650054e-07
50100.056 6.992182618699531e-07
50150.056 5.910833580500365e-07
50200.056 5.468942401300503e-07
50250.056 6.670948279799984e-07
50300.056 6.334404348699581e-07
50350.056 7.366716785300224e-07
50400.056 6.440937096199994e-07
50450.056 6.33767740370114e-07
50500.056 7.866964215801428e-07
50550.056 6.626102278399712e-07
50600.056 7.08112360010016e-07
50650.056 6.911260881601577e-07
50700.056 7.418460423697761e-07
50750.056 7.59898922900095e-07
50800.056 5.807487497399426e-07
50850.056 6.651034814901532e-07
50900.056 7.341869131999704e-07
50950.056 7.256996859701619e-07
51000.056 8.327518229800795e-07
51050.056 6.160570753900775e-07
51100.056 6.10110039189928e-07
51150.056 7.16344063399921e-07
51200.056 7.218774515099654e-07
51250.056 7.32764305999911e-07
51300.056 6.366906420702734e-07
51350.056 6.778646269798329e-07
51400.056 6.154701264098568e-07
51450.056 4.908986176298751e-07
51500.056 6.505452354100068e-07
51550.056 8.551546422800775e-07
51600.056 5.93824549170079e-07
51650.056 6.795694251499126e-07
51700.056 6.349905206998172e-07
51750.056 6.099079128600738e-07
51800.056 7.240529140298127e-07
51850.056 7.378617013699469e-07
51900.056 7.749140347001933e-07
51950.056 7.16873249769947e-07
52000.056 5.934746918199653e-07
52050.056 6.888996548599856e-07
52100.056 6.323413671198652e-07
52150.056 6.488548763200398e-07
52200.056 6.012534936799971e-07
52250.056 6.547113126300124e-07
52300.056 7.28895424249993e-07
52350.056 7.809799256101078e-07
52400.056 5.693140403100865e-07
52450.056 6.820833657299848e-07
52500.056 7.471816707298576e-07
52550.056 7.080607096997544e-07
52600.056 6.927341559001289e-07
52650.056 7.772483496601605e-07
52700.056 6.848264577999995e-07
52750.056 5.56830954369924e-07
52800.056 6.396757696400665e-07
52850.056 6.043354295499006e-07
52900.056 6.560719173900759e-07
52950.056 6.681945550699024e-07
53000.056 7.432665334399312e-07
53050.056 6.298242449598608e-07
53100.056 5.736376283497986e-07
53150.056 7.869562558001144e-07
53200.056 5.468920117700546e-07
53250.056 8.000031544399818e-07
53300.056 7.612688894903537e-07
53350.056 7.41102245229917e-07
53400.056 7.102294391100967e-07
53450.056 6.014392909300383e-07
53500.056 5.255271581598669e-07
53550.056 6.599017223598826e-07
53600.056 7.249946314801482e-07
53650.056 6.020982071200844e-07
