galfind/configs/Brown_Dwarf_templates/sonora_bobcat/m0.0/10g/sp_t850g10nc_m0.0_resample.dat
# %ECSV 1.0
# ---
# datatype:
# - {name: wav, unit: Angstrom, datatype: float64}
# - {name: flux_nu, unit: erg / (cm2 Hz s), datatype: float64}
# meta: {C/O: '1.00', Kzz: '1.0000E+05', Teff: '850.', Y: '0.28', '[Fe/H]': '0.00', f_hole: '1.00', f_rain: '0.00', grav: '10.'}
# schema: astropy-2.0
wav flux_nu
[from data line 499]
28950.056 8.20809508983528e-08
29000.056 6.54846966618635e-08
29050.056 6.898536763282481e-08
29100.056 5.154416545731386e-08
29150.056 8.481204622903432e-08
29200.056 6.395917549018101e-08
29250.056 9.193167054893965e-08
29300.056 5.327382040415687e-08
29350.056 1.1915671708066264e-07
29400.056 6.877437826186226e-08
29450.056 7.767370108808225e-08
29500.056 8.624848937408029e-08
29550.056 7.379816705530561e-08
29600.056 8.71393232045722e-08
29650.056 8.790949930180449e-08
29700.056 6.158429760626274e-08
29750.056 8.941492694827379e-08
29800.056 9.136222722836138e-08
29850.056 9.613606522477575e-08
29900.056 8.539094442632718e-08
29950.056 8.717477051313147e-08
30000.056 5.4577745084700657e-08
30050.056 5.700927434296117e-08
30100.056 4.79333466316841e-08
30150.056 8.1787223157883e-08
30200.056 6.011731855206178e-08
30250.056 9.425647751712763e-08
30300.056 7.90765551307147e-08
30350.056 6.732827225499435e-08
30400.056 7.80227688939281e-08
30450.056 5.676946779198644e-08
30500.056 4.577453335303561e-08
30550.056 4.9714621682221036e-08
30600.056 5.620112617609697e-08
30650.056 4.3041733415986874e-08
30700.056 4.4106516701987585e-08
30750.056 4.340081437774146e-08
30800.056 3.47286007671265e-08
30850.056 3.3480053551820584e-08
30900.056 2.9406704298276996e-08
30950.056 2.9406514239608638e-08
31000.056 2.457813087609173e-08
31050.056 2.3398790414400466e-08
31100.056 1.938433943066678e-08
31150.056 2.308572415585874e-08
31200.056 2.377783664390496e-08
31250.056 1.738343103262519e-08
31300.056 1.6759313106217328e-08
31350.056 1.6910840080399713e-08
31400.056 1.323648002873959e-08
31450.056 1.4062330701097333e-08
31500.056 1.1277004939186962e-08
31550.056 1.3046856567479543e-08
31600.056 9.568823190749252e-09
31650.056 9.296001563111144e-09
31700.056 8.967544137478437e-09
31750.056 8.004038059993746e-09
31800.056 9.473014271939537e-09
31850.056 8.228196107210592e-09
31900.056 9.059922310558525e-09
31950.056 5.577415852879813e-09
32000.056 7.511467034789402e-09
32050.056 8.395097103190103e-09
32100.056 8.310079693762153e-09
32150.056 8.272853569718634e-09
32200.056 7.392298265650635e-09
32250.056 9.091388274240886e-09
32300.056 7.434807782140045e-09
32350.056 9.508274405737568e-09
32400.056 6.91858221402735e-09
32450.056 8.671094623417047e-09
32500.056 8.309572282431531e-09
32550.056 7.468811259009285e-09
32600.056 9.70605241700109e-09
32650.056 1.4081433314837757e-08
32700.056 1.163188861840215e-08
32750.056 1.3303517285783e-08
32800.056 1.2582501937651835e-08
32850.056 1.4195556631597669e-08
32900.056 1.626405868969584e-08
32950.056 1.71031459991796e-08
33000.056 1.3867943821314093e-08
33050.056 1.327875868278997e-08
33100.056 6.252033189768338e-09
33150.056 2.908969041969952e-09
33200.056 2.356888090409811e-09
33250.056 1.2943136463198286e-09
33300.056 1.3823029995201809e-09
33350.056 2.3198722399499616e-09
33400.056 3.395285476768351e-09
33450.056 5.0629507540796486e-09
33500.056 7.893293840505232e-09
33550.056 7.297226878303774e-09
33600.056 1.1691124283527937e-08
33650.056 1.1269923384416425e-08
33700.056 1.0379455032577844e-08
33750.056 1.3904381661994642e-08
33800.056 1.3269860140392183e-08
33850.056 1.3906783138248235e-08
33900.056 1.1566178663350831e-08
33950.056 1.1615764441298399e-08
34000.056 1.4918788798517227e-08
34050.056 8.454891550253636e-09
34100.056 1.4774929713259193e-08
34150.056 1.2782941007511034e-08
34200.056 1.1757331253104456e-08
34250.056 1.2279381237710187e-08
34300.056 1.1940642103463972e-08
34350.056 9.473207476619425e-09
34400.056 9.063747357417543e-09
34450.056 1.1571754562496548e-08
34500.056 1.1304854221601738e-08
34550.056 9.985221832061483e-09
34600.056 1.4383349381798017e-08
34650.056 1.1029894446960644e-08
34700.056 1.2644605091399024e-08
34750.056 1.294181226039546e-08
34800.056 1.212183425031453e-08
34850.056 1.2543942416205497e-08
34900.056 1.4388663935874323e-08
34950.056 1.510548572509587e-08
35000.056 2.1091606484258078e-08
35050.056 1.3587929154316991e-08
35100.056 1.7111418767803657e-08
35150.056 1.52006580502826e-08
35200.056 1.7851297962946515e-08
35250.056 2.2160124809631967e-08
35300.056 1.9226667865003245e-08
35350.056 1.8363210464892946e-08
35400.056 2.0701632073398218e-08
35450.056 1.4147592629357228e-08
35500.056 2.677651514779912e-08
35550.056 2.5606968660593622e-08
35600.056 2.0647136028412254e-08
35650.056 2.431059148389447e-08
35700.056 2.2682129327993434e-08
35750.056 2.903880981349409e-08
35800.056 3.8553166131398945e-08
35850.056 2.325180298199515e-08
35900.056 3.009948519639945e-08
35950.056 2.723902265828884e-08
36000.056 2.790401966770571e-08
36050.056 2.4877632110988786e-08
36100.056 2.772068333448248e-08
36150.056 2.8479124288491265e-08
36200.056 2.9729232099289108e-08
36250.056 2.9987521548785447e-08
36300.056 3.380139340819884e-08
36350.056 3.2731606681606326e-08
36400.056 3.04707705589933e-08
36450.056 4.0328336904307155e-08
36500.056 4.245196684719708e-08
36550.056 3.9837571331709763e-08
36600.056 4.9051127427001165e-08
36650.056 4.9031832602085284e-08
36700.056 5.384153023658946e-08
36750.056 5.670647464834349e-08
36800.056 5.494899936300155e-08
36850.056 5.265360124408792e-08
36900.056 5.782964959238868e-08
36950.056 6.416763015618556e-08
37000.056 6.121756561599246e-08
37050.056 5.829034333938632e-08
37100.056 6.978694752650235e-08
37150.056 5.609267569609312e-08
37200.056 6.578394676668662e-08
37250.056 7.055710499578802e-08
37300.056 6.106005116507094e-08
37350.056 6.204032064191549e-08
37400.056 9.347122028319614e-08
37450.056 7.315670506839889e-08
37500.056 7.412685034859172e-08
37550.056 8.2277863059467e-08
37600.056 8.780679338400516e-08
37650.056 7.119853919409556e-08
37700.056 1.0345813341061324e-07
37750.056 7.744981330478811e-08
37800.056 8.145621096566178e-08
37850.056 6.402473604430344e-08
37900.056 6.961115544762029e-08
37950.056 8.49827247857737e-08
38000.056 1.0265091290750862e-07
38050.056 9.971355644531413e-08
38100.056 9.02750491132314e-08
38150.056 1.1542006761299493e-07
38200.056 1.192078175850392e-07
38250.056 1.1849151937401658e-07
38300.056 1.4735900987198476e-07
38350.056 1.4960468574001183e-07
38400.056 9.866474076436382e-08
38450.056 1.073579348645813e-07
38500.056 7.730534139989684e-08
38550.056 1.126452061890285e-07
38600.056 1.2103072679943068e-07
38650.056 1.0701614135648168e-07
38700.056 1.1646642416548866e-07
38750.056 1.3470694182931756e-07
38800.056 1.1404727220967166e-07
38850.056 1.1279816658740999e-07
38900.056 1.552959649448273e-07
38950.056 1.3194025038617064e-07
39000.056 1.4113151392300172e-07
39050.056 1.2912152644298345e-07
39100.056 1.45144359191026e-07
39150.056 1.3969562325530602e-07
39200.056 1.5541690341179768e-07
39250.056 1.7216509800734477e-07
39300.056 1.3933735002991768e-07
39350.056 1.871192926549926e-07
39400.056 1.6503942336618044e-07
39450.056 1.7127830546289617e-07
39500.056 1.6392576738645347e-07
39550.056 1.8042325451934226e-07
39600.056 1.8203024019993323e-07
39650.056 1.950838481569924e-07
39700.056 1.9080572589102967e-07
39750.056 1.6706979241854586e-07
39800.056 1.9480351946091619e-07
39850.056 2.2143845604899674e-07
39900.056 2.1978735368203254e-07
39950.056 1.9747116496491544e-07
40000.056 2.742184537300799e-07
40050.056 2.2326799134100737e-07
40100.056 2.0225352781439617e-07
40150.056 2.453392680539381e-07
40200.056 2.4730307155088627e-07
40250.056 2.3362402681389566e-07
40300.056 2.3636401120007177e-07
40350.056 2.6335521152398786e-07
40400.056 2.851094873261811e-07
40450.056 2.7243429605809167e-07
40500.056 2.767765491559801e-07
40550.056 2.8029534191234186e-07
40600.056 2.787928104080382e-07
40650.056 2.5051072646121343e-07
40700.056 3.2582904047100507e-07
40750.056 2.9836758843496754e-07
40800.056 2.481848995118644e-07
40850.056 3.39760505400113e-07
40900.056 3.101745783980462e-07
40950.056 2.989160590520264e-07
41000.056 3.1554536474801734e-07
41050.056 3.638071616499585e-07
41100.056 3.131314445020474e-07
41150.056 2.6882984809835226e-07
41200.056 3.6199142852193315e-07
41250.056 3.101688751219496e-07
41300.056 2.9261025434992783e-07
41350.056 4.005620321400861e-07
41400.056 3.648974207280906e-07
41450.056 3.800216741221044e-07
41500.056 3.3515727813332237e-07
41550.056 3.3596117621975484e-07
41600.056 4.0232398812385647e-07
41650.056 3.949969784170196e-07
41700.056 3.5355323763582393e-07
41750.056 3.81971095973986e-07
41800.056 3.97774721643935e-07
41850.056 3.1980589562603537e-07
41900.056 3.447745741515488e-07
41950.056 3.052811091480705e-07
42000.056 3.145288668739707e-07
42050.056 2.981265822469972e-07
42100.056 3.9761587956000817e-07
42150.056 3.115098131669371e-07
42200.056 2.906768016959964e-07
42250.056 2.8931434266939777e-07
42300.056 2.85330706489015e-07
42350.056 3.5795922028506707e-07
42400.056 3.1233254963812516e-07
42450.056 2.9097002491102e-07
42500.056 2.8548824711700446e-07
42550.056 2.896585852839556e-07
42600.056 2.8685317322207486e-07
42650.056 3.059799959008825e-07
42700.056 3.10011872816646e-07
42750.056 2.781974027139728e-07
42800.056 2.8682804766707084e-07
42850.056 3.2891001937988e-07
42900.056 3.3260218649910023e-07
42950.056 3.0551083650987397e-07
43000.056 3.2634457868400836e-07
43050.056 2.5955510582614433e-07
43100.056 3.0786585085493666e-07
43150.056 2.920948120430566e-07
43200.056 3.4057406026801694e-07
43250.056 3.5991074607000177e-07
43300.056 3.6642275348999665e-07
43350.056 2.968578156669639e-07
43400.056 3.2126519511295693e-07
43450.056 3.0486553663005403e-07
43500.056 2.7720389806996717e-07
43550.056 2.986862835869771e-07
43600.056 3.776235874270294e-07
43650.056 3.1922118231300416e-07
43700.056 3.295086270400273e-07
43750.056 3.4125034809210055e-07
43800.056 3.1526888763594585e-07
43850.056 3.06812494438051e-07
43900.056 3.292683783959584e-07
43950.056 2.6451064978703014e-07
44000.056 2.6647797630699254e-07
44050.056 3.4437470519303963e-07
44100.056 3.768702292120272e-07
44150.056 3.4351499545589563e-07
44200.056 3.4238697356998987e-07
44250.056 3.0213510783800386e-07
44300.056 2.813990875130605e-07
44350.056 2.8860733458656206e-07
44400.056 3.1751527369101737e-07
44450.056 3.364042076889593e-07
44500.056 3.5645430479908896e-07
44550.056 3.7579970496993023e-07
44600.056 3.1189642515275666e-07
44650.056 3.565512668120886e-07
44700.056 2.859177587600195e-07
44750.056 3.4722156684900026e-07
44800.056 3.250936659100262e-07
44850.056 3.348731347280649e-07
44900.056 3.062261488380157e-07
44950.056 3.2811257866002234e-07
45000.056 3.471882436499542e-07
45050.056 3.429098847630149e-07
45100.056 3.400015341839911e-07
45150.056 3.3956615716686395e-07
45200.056 3.059889410010273e-07
45250.056 3.2169136592189636e-07
45300.056 2.968189971380601e-07
45350.056 3.11021439436979e-07
45400.056 3.728413430220313e-07
45450.056 3.2927940253795216e-07
45500.056 3.4000333533999844e-07
45550.056 3.7370872301791443e-07
45600.056 3.696630184600174e-07
45650.056 2.9863093179994407e-07
45700.056 3.264768476950529e-07
45750.056 2.9584492923097526e-07
45800.056 3.6070687943999297e-07
45850.056 3.885227518029911e-07
45900.056 3.97080216350007e-07
45950.056 3.400245126049966e-07
46000.056 3.804120364549995e-07
46050.056 3.49860232644025e-07
46100.056 3.623745132200027e-07
46150.056 3.3912257121998556e-07
46200.056 3.372511614330467e-07
46250.056 2.7749299509295773e-07
46300.056 3.71435385009988e-07
46350.056 3.338335658200115e-07
46400.056 3.2705086650000956e-07
46450.056 3.239419709510554e-07
46500.056 3.2507782734904153e-07
46550.056 3.3617752696096577e-07
46600.056 3.469105583229997e-07
46650.056 4.3797125201993665e-07
46700.056 3.77847457900082e-07
46750.056 2.859726787675719e-07
46800.056 2.7800232138503204e-07
46850.056 4.236696712800971e-07
46900.056 3.8368709576994433e-07
46950.056 4.00226724808027e-07
47000.056 3.549686932900066e-07
47050.056 3.710177065868632e-07
47100.056 2.866737715869517e-07
47150.056 3.1757412870801546e-07
47200.056 3.6167120232203986e-07
47250.056 3.1249732210999427e-07
47300.056 2.7186800608177264e-07
47350.056 3.556679337179465e-07
47400.056 3.8030850135994507e-07
47450.056 3.601468812140141e-07
47500.056 3.9777429526292205e-07
47550.056 3.536048124399866e-07
47600.056 3.554606989749719e-07
47650.056 2.9488623685893134e-07
47700.056 3.6333336699808443e-07
47750.056 2.559513313120241e-07
47800.056 3.2779114089600024e-07
47850.056 2.522022159929833e-07
47900.056 3.1575789791695585e-07
47950.056 2.8776602186005074e-07
48000.056 4.1017424692006807e-07
48050.056 3.675338926600242e-07
48100.056 3.0009911912601375e-07
48150.056 3.3551706734003516e-07
48200.056 3.3605414541602325e-07
48250.056 3.136374777359972e-07
48300.056 3.705107181498453e-07
48350.056 2.6738042712702653e-07
48400.056 2.438595608735744e-07
48450.056 3.115559606991086e-07
48500.056 3.9496822399196437e-07
48550.056 2.9731820924598984e-07
48600.056 3.4178594426800445e-07
48650.056 3.2074921459996447e-07
48700.056 3.2209707671197824e-07
48750.056 2.4610867224711606e-07
48800.056 4.231383749049888e-07
48850.056 2.7371913947595675e-07
48900.056 3.7511956105201453e-07
48950.056 3.2872017123006117e-07
49000.056 2.2384135975893578e-07
49050.056 3.319355710500005e-07
49100.056 3.440631008010685e-07
49150.056 3.2015472864293826e-07
49200.056 3.718393640770313e-07
49250.056 3.6088972891304896e-07
49300.056 3.1750808186899997e-07
49350.056 2.4761021910704334e-07
49400.056 3.1104564053798587e-07
49450.056 3.0337611056410375e-07
49500.056 2.743642714419639e-07
49550.056 1.9239701268502486e-07
49600.056 2.6908661246447393e-07
49650.056 3.034486688159991e-07
49700.056 2.69223821177912e-07
49750.056 3.214266271449084e-07
49800.056 2.8566415520762966e-07
49850.056 3.837798056380997e-07
49900.056 3.0812210988198683e-07
49950.056 3.1349225139398223e-07
50000.056 2.9262704641596605e-07
50050.056 3.369160582100113e-07
50100.056 2.924899450500047e-07
50150.056 2.1898316566696937e-07
50200.056 1.307368414580021e-07
50250.056 2.9507790901195667e-07
50300.056 2.402080025020194e-07
50350.056 3.5632348366502996e-07
50400.056 3.0618274703998384e-07
50450.056 2.6232904865005706e-07
50500.056 3.0094785926505145e-07
50550.056 2.796684399990092e-07
50600.056 2.7570112659094685e-07
50650.056 3.2974158408910163e-07
50700.056 3.464422586428554e-07
50750.056 3.1268400071006494e-07
50800.056 2.0228305057899181e-07
50850.056 2.0319378167807006e-07
50900.056 3.350167765120192e-07
50950.056 2.69857952106061e-07
51000.056 3.09199206671029e-07
51050.056 2.6930041732501823e-07
51100.056 1.8931372896398376e-07
51150.056 2.553726162045535e-07
51200.056 3.477436210499874e-07
51250.056 2.694562466789085e-07
51300.056 2.3773189560214393e-07
51350.056 2.359156422369913e-07
51400.056 1.5822225357798515e-07
51450.056 1.3708513015175673e-07
51500.056 1.6221921195146065e-07
51550.056 3.1983610938402754e-07
51600.056 2.3339458780304895e-07
51650.056 2.356619652709458e-07
51700.056 2.3833893376993495e-07
51750.056 1.8330559045604805e-07
51800.056 2.586457854639332e-07
51850.056 2.5116786544400967e-07
51900.056 3.264637265080951e-07
51950.056 2.703417537789757e-07
52000.056 1.293169260879845e-07
52050.056 2.2679066503204393e-07
52100.056 1.6738593025196443e-07
52150.056 1.6074173751201167e-07
52200.056 1.602898652218024e-07
52250.056 1.9714907987203655e-07
52300.056 2.7616342067798394e-07
52350.056 2.2356267017801842e-07
52400.056 1.527940687989978e-07
52450.056 2.5139753088901076e-07
52500.056 2.4059746306192433e-07
52550.056 2.6380194302590896e-07
52600.056 2.2248737429005034e-07
52650.056 2.3811906802905545e-07
52700.056 2.1955662376599502e-07
52750.056 1.5000955770799364e-07
52800.056 1.8922990013203374e-07
52850.056 1.915952083089372e-07
52900.056 1.8278753083303588e-07
52950.056 1.929874949999897e-07
53000.056 2.4574154696800204e-07
53050.056 1.4660653605793983e-07
53100.056 1.780968077659183e-07
53150.056 2.6378685024603556e-07
53200.056 1.474222246525962e-07
53250.056 2.5267978582601644e-07
53300.056 2.5431514176413475e-07
53350.056 2.4843710616798485e-07
53400.056 2.424163123800291e-07
53450.056 1.4129007033699794e-07
53500.056 9.530604150596552e-08
