galfind/configs/Brown_Dwarf_templates/sonora_bobcat/m0.0/10g/sp_t900g10nc_m0.0_resample.dat
# %ECSV 1.0
# ---
# datatype:
# - {name: wav, unit: Angstrom, datatype: float64}
# - {name: flux_nu, unit: erg / (cm2 Hz s), datatype: float64}
# meta: {C/O: '1.00', Kzz: '1.0000E+05', Teff: '900.', Y: '0.28', '[Fe/H]': '0.00', f_hole: '1.00', f_rain: '0.00', grav: '10.'}
# schema: astropy-2.0
wav flux_nu
4000.0559999999996 nan
4050.0559999999996 2.974181659345843e-13
4100.056 9.487351904039636e-12
4150.056 2.0434659091201783e-11
4200.056 1.7104114594780673e-11
4250.056 3.0175226085807493e-11
4300.056 3.546263105980424e-11
4350.056 3.953646220170255e-11
4400.056 4.8392939214004734e-11
4450.056 5.169950825900029e-11
4500.056 5.3867267503003596e-11
4550.056 6.562560782290794e-11
4600.056 7.476302483380129e-11
4650.056 6.981252046999263e-11
4700.056 7.453078893300276e-11
4750.056 5.3497855112000215e-11
4800.056 2.0627557577599467e-11
4850.056 5.73593298139982e-12
4900.056 2.134989844199975e-12
4950.056 8.92913221749993e-13
5000.056 3.0049141385999693e-13
5050.056 1.1551941722099926e-13
5100.056 9.268105474199984e-14
5150.056 8.145643074799945e-14
5200.056 7.209816621800013e-14
5250.056 6.328689635099988e-14
5300.056 5.6239649694999946e-14
5350.056 5.1327863406999954e-14
5400.056 4.796532699099988e-14
5450.056 4.534895067799984e-14
5500.056 4.3110142991000004e-14
5550.056 4.1189143739999973e-14
5600.056 3.933653778099992e-14
5650.056 3.712625282300004e-14
5700.056 3.4499790716000006e-14
5750.056 3.0268105353999905e-14
5800.056 2.4219703151999937e-14
5850.056 1.4901206087199835e-14
5900.056 3.911422273998285e-15
5950.056 3.1365366360000515e-14
6000.056 7.421320542000039e-14
6050.056 1.4375607647900117e-13
6100.056 2.543640634000016e-13
6150.056 4.328643248000029e-13
6200.056 7.219054135900048e-13
6250.056 1.1853274782200066e-12
6300.056 1.9272541295000134e-12
6350.056 3.1019403891000244e-12
6400.056 4.937134197800031e-12
6450.056 7.686300357299943e-12
6500.056 1.1880473760900042e-11
6550.056 1.8076045641000085e-11
6600.056 2.717441245200037e-11
6650.056 4.011190574600024e-11
6700.056 4.67724571798703e-11
6750.056 8.00943635010004e-11
6800.056 1.0575755342300032e-10
6850.056 1.2146200660000016e-10
6900.056 1.1799654479000192e-10
6950.056 1.0757472156099927e-10
7000.056 1.1041422773300174e-10
7050.056 1.2079010315399804e-10
7100.056 1.3358394907499963e-10
7150.056 1.3475530083469732e-10
7200.056 1.3177276916156206e-10
7250.056 1.2730752189199056e-10
7300.056 1.1576425169529845e-10
7350.056 1.0355437813129682e-10
7400.056 9.178977539300274e-11
7450.056 7.767642921400147e-11
7500.056 6.278918014399952e-11
7550.056 4.7278528459999656e-11
7600.056 3.332614918599969e-11
7650.056 6.980406955884495e-12
7700.056 3.647571275880253e-12
7750.056 2.89985858420007e-11
7800.056 5.711591407770095e-11
7850.056 1.2106753755600046e-10
7900.056 1.9690394279200042e-10
7950.056 2.4321282843336327e-10
8000.056 4.4748521086000757e-10
8050.056 6.204632767400219e-10
8100.056 7.813867061290102e-10
8150.056 1.0032520258971986e-09
8200.056 1.329834956862723e-09
8250.056 1.658922285337307e-09
8300.056 2.0808980527985674e-09
8350.056 2.5316480244674597e-09
8400.056 3.0879237985425535e-09
8450.056 3.854636895799746e-09
8500.056 4.19090399957553e-09
8550.056 5.495207691200047e-09
8600.056 6.897234991700025e-09
8650.056 7.90990263809998e-09
8700.056 9.217336096599385e-09
8750.056 1.0765560497000301e-08
8800.056 1.2449222358500672e-08
8850.056 1.3662827482399268e-08
8900.056 1.1251743522239146e-08
8950.056 1.0699076538528658e-08
9000.056 1.2804625641917198e-08
9050.056 1.9222784176724173e-08
9100.056 2.2130313017151806e-08
9150.056 2.245699387861385e-08
9200.056 2.6742931553379033e-08
9250.056 2.682392693421627e-08
9300.056 1.3791107787987556e-08
9350.056 1.540328346141677e-08
9400.056 1.8678037989025496e-08
9450.056 2.3886412242216227e-08
9500.056 2.385009729666673e-08
9550.056 2.7647814954789207e-08
9600.056 2.6191958163273836e-08
9650.056 2.9667288663835013e-08
9700.056 3.265606700649999e-08
9750.056 3.319971882866234e-08
9800.056 3.598438240819136e-08
9850.056 4.093926844241372e-08
9900.056 4.5355173826549e-08
9950.056 4.576811852858906e-08
10000.056 4.3836179395383674e-08
10050.056 5.450993410320266e-08
10100.056 6.676843005827893e-08
10150.056 7.78975909269787e-08
10200.056 9.218768127399095e-08
10250.056 1.025555930099921e-07
10300.056 1.147160517970073e-07
10350.056 1.3505363073599327e-07
10400.056 1.5404899951498807e-07
10450.056 1.620191441579955e-07
10500.056 1.6080396300000809e-07
10550.056 1.6475305457101803e-07
10600.056 1.7384321815199503e-07
10650.056 1.9116754467170215e-07
10700.056 2.0023963041991603e-07
10750.056 2.1640219861816693e-07
10800.056 2.280085253603445e-07
10850.056 2.271913253205671e-07
10900.056 1.7135820436728923e-07
10950.056 9.716850583996564e-08
11000.056 9.080411712993529e-08
11050.056 7.903184368773322e-08
11100.056 6.382250824480176e-08
11150.056 4.572974772677523e-08
11200.056 3.9778361507238256e-08
11250.056 4.538505807214262e-08
11300.056 4.923547113188824e-08
11350.056 2.6352956339885847e-08
11400.056 3.7353600504870596e-08
11450.056 3.5555815708868786e-08
11500.056 3.280554052781795e-08
11550.056 1.6284326450764544e-08
11600.056 1.9810909736888967e-08
11650.056 2.964338416382222e-08
11700.056 2.6654583563502292e-08
11750.056 1.083714403957435e-08
11800.056 3.044830445673453e-08
11850.056 4.548229370684409e-08
11900.056 4.9921757066500114e-08
11950.056 7.127665334810294e-08
12000.056 8.918437444436004e-08
12050.056 1.1368310954048172e-07
12100.056 1.354637185682072e-07
12150.056 1.6530898706860217e-07
12200.056 1.931325446454079e-07
12250.056 2.195959806434047e-07
12300.056 2.5007604780225395e-07
12350.056 2.651714034768306e-07
12400.056 2.931712802992049e-07
12450.056 2.9833929610004126e-07
12500.056 3.255805043629902e-07
12550.056 3.4842530119804584e-07
12600.056 3.986430295780158e-07
12650.056 3.931872723399843e-07
12700.056 4.136037013296782e-07
12750.056 4.098320519616337e-07
12800.056 4.188255368111201e-07
12850.056 3.791688379381968e-07
12900.056 3.379597260468242e-07
12950.056 3.4544389600612945e-07
13000.056 3.071675396724783e-07
13050.056 2.824583741321782e-07
13100.056 2.55574487729082e-07
13150.056 2.1767658809038772e-07
13200.056 1.8911777302034712e-07
13250.056 1.5005931230502146e-07
13300.056 7.565870876144312e-08
13350.056 2.7057939934276458e-08
13400.056 2.1972735758973234e-08
13450.056 1.3625607976336063e-08
13500.056 1.0731755608584116e-08
13550.056 8.16490729423012e-09
13600.056 3.886807744266848e-09
13650.056 7.76817872749526e-09
13700.056 7.008722362678661e-09
13750.056 5.560226166729023e-09
13800.056 5.771867296109745e-09
13850.056 5.1269779262925485e-09
13900.056 5.380610044598255e-09
13950.056 4.615791794047526e-09
14000.056 4.661486079294206e-09
14050.056 5.641354356794063e-09
14100.056 6.014502680244468e-09
14150.056 7.829739002428185e-09
14200.056 6.84852735007649e-09
14250.056 7.929928743369517e-09
14300.056 1.0718505342058601e-08
14350.056 1.1312336274258371e-08
14400.056 1.4014314566290094e-08
14450.056 1.510610208735757e-08
14500.056 2.2910995591381772e-08
14550.056 2.6452314275101073e-08
14600.056 3.1303011818079686e-08
14650.056 3.320309373030402e-08
14700.056 3.008297733507516e-08
14750.056 3.561778839017371e-08
14800.056 4.3650852388713416e-08
14850.056 4.788288753399947e-08
14900.056 5.209069414485488e-08
14950.056 5.5681532934983195e-08
15000.056 6.213764656583452e-08
15050.056 7.036905236772306e-08
15100.056 7.763410723448286e-08
15150.056 8.760282990454633e-08
15200.056 8.977046272123698e-08
15250.056 1.0083206146506862e-07
15300.056 1.1214670862668306e-07
15350.056 1.2067820719062016e-07
15400.056 1.356383188952153e-07
15450.056 1.4832782632710888e-07
15500.056 1.5292491784995883e-07
15550.056 1.6856735942439647e-07
15600.056 1.633597563486068e-07
15650.056 1.7764433785521653e-07
15700.056 2.058813999647134e-07
15750.056 2.2248127874100083e-07
15800.056 2.1323729582110347e-07
15850.056 2.3734081084495555e-07
15900.056 2.2400073659703434e-07
15950.056 2.2729970774293172e-07
16000.056 1.9159201495900907e-07
16050.056 1.426385599743019e-07
16100.056 1.1276421819532146e-07
16150.056 8.121097801364125e-08
16200.056 5.816848327483193e-08
16250.056 4.9567102304184946e-08
16300.056 3.827116592804914e-08
16350.056 4.189946524573565e-08
16400.056 5.23525249240543e-08
16450.056 5.47611738268637e-08
16500.056 5.922216847831604e-08
16550.056 5.848627089259977e-08
16600.056 5.203565839198047e-08
16650.056 4.8014054361337307e-08
16700.056 1.4988182861717534e-08
16750.056 1.708579965147442e-08
16800.056 3.336754072250088e-08
16850.056 3.980548682016499e-08
16900.056 3.0269898906809756e-08
16950.056 2.2217883767045267e-08
17000.056 1.5162666593679435e-08
17050.056 2.5167703866958903e-08
17100.056 3.4245544533301004e-08
17150.056 2.2989552837480347e-08
17200.056 3.7630240878459706e-08
17250.056 3.49217033877838e-08
17300.056 2.439549638166403e-08
17350.056 2.0756650161355918e-08
17400.056 2.5690360963720947e-08
17450.056 3.109656090263782e-08
17500.056 3.807824153629181e-08
17550.056 3.7856126023600104e-08
17600.056 3.237974820468205e-08
17650.056 3.2875485885363386e-08
17700.056 2.3104804756033793e-08
17750.056 2.410511282523207e-08
17800.056 3.800351652368375e-08
17850.056 2.7800218630990895e-08
17900.056 2.2208044570152392e-08
17950.056 2.0319693606654768e-08
18000.056 2.4574355497098523e-08
18050.056 2.85577410017304e-08
18100.056 3.2484311020389616e-08
18150.056 4.145113704782059e-08
18200.056 2.8963110635725525e-08
18250.056 4.753041888038553e-08
18300.056 3.919646636796042e-08
18350.056 3.1927985048259436e-08
18400.056 3.4265133826209505e-08
18450.056 3.703782833221278e-08
18500.056 4.090712743111662e-08
18550.056 3.594074066871526e-08
18600.056 3.290069331071837e-08
18650.056 3.6585470003636144e-08
18700.056 3.64138527308327e-08
18750.056 4.287379866637326e-08
18800.056 5.7786233658212525e-08
18850.056 6.671175299972358e-08
18900.056 6.660407825882955e-08
18950.056 7.944960461767763e-08
19000.056 7.52327947430277e-08
19050.056 6.439270758534047e-08
19100.056 8.399213681528473e-08
19150.056 7.849194231819574e-08
19200.056 8.380734855712641e-08
19250.056 7.469379040496621e-08
19300.056 7.637418098127291e-08
19350.056 6.813548457109189e-08
19400.056 5.63084499682438e-08
19450.056 8.282405112539627e-08
19500.056 7.864714238538792e-08
19550.056 6.038308890662203e-08
19600.056 8.31803910536539e-08
19650.056 8.69650525826353e-08
19700.056 9.007176901586868e-08
19750.056 9.021559556002153e-08
19800.056 9.424674195350853e-08
19850.056 1.0960858291816516e-07
19900.056 9.128071837462871e-08
19950.056 1.2590728617563426e-07
20000.056 1.1321077228196804e-07
20050.056 1.241122917171794e-07
20100.056 1.4187867377971614e-07
20150.056 1.3645740987759704e-07
20200.056 1.4823458594053787e-07
20250.056 1.6600055621542402e-07
20300.056 1.6485388006775556e-07
20350.056 1.8198286478618867e-07
20400.056 1.7645635225190663e-07
20450.056 2.0001297798395021e-07
20500.056 2.0609466826323418e-07
20550.056 2.0519942386820293e-07
20600.056 2.2541453455892185e-07
20650.056 2.2057366536204274e-07
20700.056 2.272996452649794e-07
20750.056 2.3669336214715202e-07
20800.056 2.3707253939406335e-07
20850.056 2.296558597255896e-07
20900.056 2.3284725517951566e-07
20950.056 2.2409627165364834e-07
21000.056 2.1644489305008033e-07
21050.056 2.1385437456759097e-07
21100.056 1.9948547009902932e-07
21150.056 2.027272122106631e-07
21200.056 1.8397582714419824e-07
21250.056 1.721379089766305e-07
21300.056 1.4471224487775173e-07
21350.056 1.4840078097320264e-07
21400.056 1.3490558356519465e-07
21450.056 1.2406550459021295e-07
21500.056 1.1104424137609523e-07
21550.056 1.0025151041193749e-07
21600.056 8.337215220248973e-08
21650.056 7.058307847732497e-08
21700.056 7.036742281731493e-08
21750.056 6.022326638414456e-08
21800.056 5.0279796865084356e-08
21850.056 4.4626050752766487e-08
21900.056 3.102417611248162e-08
21950.056 1.8094900017130916e-08
22000.056 7.57501272567095e-09
22050.056 4.384651407282866e-09
22100.056 6.761065607497074e-09
22150.056 1.1145034669728397e-08
22200.056 1.3629133352868991e-08
22250.056 1.1539602840955176e-08
22300.056 9.596105267834262e-09
22350.056 8.969916157353104e-09
22400.056 6.613394188770439e-09
22450.056 5.577087985724946e-09
22500.056 4.913890075428149e-09
22550.056 4.085701735028137e-09
22600.056 4.32828278381215e-09
22650.056 4.59660720153369e-09
22700.056 4.005076749319652e-09
22750.056 4.391534954189649e-09
22800.056 3.755081112790744e-09
22850.056 3.3446029215489834e-09
22900.056 2.796581709385553e-09
22950.056 2.6695600782411596e-09
23000.056 3.5102239402094852e-09
23050.056 4.695295805401168e-09
23100.056 7.888989233678067e-09
23150.056 9.722327577970393e-09
23200.056 2.8228122877269136e-09
23250.056 2.9924113012304833e-09
23300.056 2.816958929069973e-09
23350.056 2.8891790487798787e-09
23400.056 3.2401124809164464e-09
23450.056 3.180747267167348e-09
23500.056 3.4448649192628225e-09
23550.056 4.396242751500781e-09
23600.056 4.862982984644855e-09
23650.056 6.662733097276044e-09
23700.056 4.607076696190571e-09
23750.056 3.4508673427333177e-09
23800.056 3.64801434134707e-09
23850.056 4.363711737205716e-09
23900.056 6.482332323904413e-09
23950.056 7.710185951413731e-09
24000.056 7.960350162690907e-09
24050.056 1.0927280733059752e-08
24100.056 1.03125836668985e-08
24150.056 1.157912171460983e-08
24200.056 1.132136038640007e-08
24250.056 9.419269574435837e-09
24300.056 1.1570075828122971e-08
24350.056 9.75194471004496e-09
24400.056 1.3177331601070482e-08
24450.056 1.3983018877538322e-08
24500.056 1.4409595560614458e-08
24550.056 1.779676705575451e-08
24600.056 1.820662764082414e-08
24650.056 2.2295013757311452e-08
24700.056 1.8932213118667303e-08
24750.056 2.2406981493948144e-08
24800.056 2.388775808642693e-08
24850.056 2.8661973846999907e-08
24900.056 2.3059619264947433e-08
24950.056 3.417814273809013e-08
25000.056 3.268462850941373e-08
25050.056 2.7791751029988472e-08
25100.056 3.593071630580656e-08
25150.056 2.7025517932535426e-08
25200.056 3.514074595085439e-08
25250.056 2.93895459810264e-08
25300.056 3.9914901979884244e-08
25350.056 2.6941594464591143e-08
25400.056 4.202642176798817e-08
25450.056 2.8106255324823985e-08
25500.056 2.7769192225431652e-08
25550.056 3.039083814904385e-08
25600.056 2.4092730735353724e-08
25650.056 2.1370704658142577e-08
25700.056 3.206790564014463e-08
25750.056 1.7328689194128632e-08
25800.056 2.8812351317606805e-08
25850.056 1.9225224600846124e-08
25900.056 2.3036180797703545e-08
25950.056 1.7049893455496758e-08
26000.056 3.545675827491317e-08
26050.056 2.5731045595382862e-08
26100.056 3.123847337045981e-08
26150.056 2.60203585831888e-08
26200.056 3.149715451983005e-08
26250.056 4.045614879560453e-08
26300.056 3.4077631969295616e-08
26350.056 5.1824633984057806e-08
26400.056 5.397265824410748e-08
26450.056 6.220479105709481e-08
26500.056 6.525119444083975e-08
26550.056 4.44245118074042e-08
26600.056 6.155703027281979e-08
26650.056 3.393307475556242e-08
26700.056 3.47029426124847e-08
26750.056 2.482915966595034e-08
26800.056 4.071817234050174e-08
26850.056 2.420372177383419e-08
26900.056 4.9784728635836324e-08
26950.056 2.78974833833155e-08
27000.056 6.040771306637005e-08
27050.056 4.607769042484476e-08
27100.056 3.9819431478534416e-08
27150.056 6.722438759452183e-08
27200.056 4.4516977998535765e-08
27250.056 4.9951758551760754e-08
27300.056 9.13332848342568e-08
27350.056 7.414650596049989e-08
27400.056 3.2088752080204614e-08
27450.056 9.606084026769841e-08
27500.056 8.876892311263817e-08
27550.056 5.146686656911233e-08
27600.056 8.867675800179338e-08
27650.056 4.502112434617386e-08
27700.056 3.8472681322278187e-08
27750.056 8.704011293219208e-08
27800.056 4.3235192567354955e-08
27850.056 5.452100799917041e-08
27900.056 6.010028271969212e-08
27950.056 9.269019526287687e-08
28000.056 8.07614010858827e-08
28050.056 3.4235344721375556e-08
28100.056 9.748636596441745e-08
28150.056 6.526697833179667e-08
28200.056 3.797144528475026e-08
28250.056 9.094152705479215e-08
28300.056 1.1825084537126849e-07
28350.056 5.244576478506394e-08
28400.056 7.415072273903774e-08
28450.056 9.266284707358518e-08
28500.056 8.095860364711375e-08
28550.056 3.611589529974287e-08
28600.056 1.0799042320514495e-07
28650.056 9.46095261627934e-08
28700.056 8.581080750911146e-08
28750.056 1.1329570771399067e-07
28800.056 9.280752004807578e-08
