galfind/configs/Brown_Dwarf_templates/sonora_bobcat/m0.0/10g/sp_t250g10nc_m0.0_resample.dat
# %ECSV 1.0
# ---
# datatype:
# - {name: wav, unit: Angstrom, datatype: float64}
# - {name: flux_nu, unit: erg / (cm2 Hz s), datatype: float64}
# meta: {C/O: '1.00', Kzz: '1.0000E+05', Teff: '250.', Y: '0.28', '[Fe/H]': '0.00', f_hole: '1.00', f_rain: '0.00', grav: '10.'}
# schema: astropy-2.0
wav flux_nu
[from data line 499]
28950.056 2.318541605192254e-13
29000.056 9.353965974652398e-14
29050.056 1.7556187296803982e-13
29100.056 5.792281575464994e-14
29150.056 3.215945089955404e-14
29200.056 7.756199377589792e-13
29250.056 2.640812345393713e-13
29300.056 1.2293267445172644e-13
29350.056 4.1446256988855454e-13
29400.056 3.5122593864486607e-13
29450.056 4.820786377742178e-14
29500.056 6.402940866273043e-13
29550.056 1.2816152259139458e-13
29600.056 9.596743607619847e-14
29650.056 6.81462252073609e-13
29700.056 8.68468666648025e-14
29750.056 8.194589901863611e-13
29800.056 2.163066349653355e-13
29850.056 6.508540785491799e-13
29900.056 1.9331040170069295e-13
29950.056 3.093203166291755e-13
30000.056 1.4190399221941366e-15
30050.056 3.601524176403225e-14
30100.056 3.087397637352107e-13
30150.056 1.0483281335983702e-12
30200.056 5.241537254907329e-13
30250.056 7.701997642500205e-13
30300.056 1.518927141933911e-12
30350.056 1.4895943107485344e-13
30400.056 1.2922659982680224e-12
30450.056 2.0832819452420974e-12
30500.056 1.9952272157897925e-13
30550.056 2.542103474454075e-13
30600.056 9.450494961432984e-12
30650.056 3.0765141707109996e-12
30700.056 3.9424390009204755e-13
30750.056 1.8622742118653573e-12
30800.056 3.7771681784283356e-12
30850.056 3.4226711629539043e-12
30900.056 1.1059069906609047e-12
30950.056 6.283983648928081e-13
31000.056 1.3089880263770075e-12
31050.056 2.594261194544903e-13
31100.056 2.618475687984923e-13
31150.056 5.287297148717372e-13
31200.056 4.97419612112988e-12
31250.056 3.34564906066153e-12
31300.056 6.798508471105703e-13
31350.056 5.156285770148165e-12
31400.056 4.3658406845256705e-12
31450.056 3.2738305524212743e-12
31500.056 7.302856695777407e-13
31550.056 1.743752232134447e-12
31600.056 1.540476225240781e-12
31650.056 1.2804877045645997e-12
31700.056 6.701753694372815e-13
31750.056 4.496193725373025e-13
31800.056 5.952075955707665e-13
31850.056 6.803235586557041e-14
31900.056 1.5768033844397934e-13
31950.056 1.2952941815005113e-13
32000.056 3.909157259167433e-14
32050.056 7.790070651685127e-14
32100.056 7.547286345929711e-14
32150.056 3.787624585159911e-14
32200.056 1.2818386719500562e-14
32250.056 3.239527277649495e-14
32300.056 5.570806442479187e-15
32350.056 2.2179429938222124e-14
32400.056 9.454888598494902e-16
32450.056 1.0742590334749475e-14
32500.056 7.588072328588638e-16
32550.056 6.144474391289298e-15
32600.056 3.620341680685606e-16
32650.056 1.9745842668357712e-14
32700.056 6.664700059406519e-16
32750.056 6.427039258799679e-14
32800.056 1.6209941052852992e-14
32850.056 3.3998136637766833e-13
32900.056 2.0466439346216106e-13
32950.056 2.505999808901757e-13
33000.056 4.664747128562023e-14
33050.056 2.401295325322298e-14
33100.056 3.0009454803396606e-15
33150.056 3.2248768400961e-18
33200.056 4.808163503169605e-16
33250.056 9.197614944049564e-16
33300.056 2.194083452201205e-14
33350.056 2.214542490014958e-14
33400.056 2.1697891784259368e-13
33450.056 1.6336771418029227e-14
33500.056 1.6245061829370966e-13
33550.056 1.7191871650070713e-14
33600.056 7.434845945106018e-14
33650.056 7.495705419824149e-14
33700.056 7.260369428722962e-15
33750.056 1.0746188993602109e-13
33800.056 2.6963956972333782e-15
33850.056 4.992162475339179e-14
33900.056 6.19850567816724e-14
33950.056 6.577659193451289e-14
34000.056 2.0132953022573015e-13
34050.056 2.8581565078635415e-14
34100.056 2.5423064455965506e-13
34150.056 8.907587399678664e-14
34200.056 4.4230706437255554e-13
34250.056 1.1297231269890988e-13
34300.056 2.163646385974911e-13
34350.056 1.2315759900346938e-12
34400.056 1.484105715084839e-13
34450.056 7.454088236386634e-13
34500.056 1.874491711545357e-13
34550.056 5.642816085584549e-13
34600.056 2.8403614080565552e-12
34650.056 8.859354625981036e-14
34700.056 1.0710670990476059e-12
34750.056 6.739258447360658e-13
34800.056 5.803050616767869e-13
34850.056 2.5170891319931715e-12
34900.056 1.7664159977282536e-13
34950.056 3.5149498610828017e-12
35000.056 3.655138006289847e-12
35050.056 3.9795562674286635e-12
35100.056 6.090031206035145e-12
35150.056 4.399469749398377e-12
35200.056 4.183434376043406e-12
35250.056 8.514421642413715e-12
35300.056 2.18325280585506e-12
35350.056 1.0223495663288423e-12
35400.056 5.799092018189738e-13
35450.056 8.618251463478707e-13
35500.056 4.2090029408728855e-12
35550.056 1.7921626740169078e-12
35600.056 5.387557741230478e-12
35650.056 1.024288065161855e-11
35700.056 1.1542444054579834e-11
35750.056 5.6066151593228585e-12
35800.056 3.227882107411343e-12
35850.056 1.2131219226035957e-12
35900.056 1.5583325018074439e-12
35950.056 2.725925558927329e-12
36000.056 4.957648419166411e-12
36050.056 3.39003932368979e-12
36100.056 2.7660949784371374e-12
36150.056 1.8027845191795132e-11
36200.056 1.1944822516150835e-11
36250.056 5.698263915393002e-12
36300.056 2.8958497727943675e-11
36350.056 1.313457891880515e-11
36400.056 2.2435538114642242e-11
36450.056 1.87662949518487e-11
36500.056 1.727267499597244e-11
36550.056 4.9041983440932923e-11
36600.056 3.557632614980793e-11
36650.056 1.903335696612099e-11
36700.056 3.792014112503914e-11
36750.056 4.6480345315602015e-11
36800.056 6.267083841474011e-11
36850.056 1.3310715449239165e-11
36900.056 3.189805873795609e-11
36950.056 6.468916041353819e-11
37000.056 3.788004886205133e-11
37050.056 6.531750914303814e-11
37100.056 2.0339223041805658e-11
37150.056 3.0581161849670546e-11
37200.056 1.0370586311632399e-10
37250.056 4.840897188543077e-11
37300.056 1.6429594007393957e-11
37350.056 3.80167865440642e-11
37400.056 5.910960930996439e-11
37450.056 1.748545790859015e-11
37500.056 4.470553237186297e-11
37550.056 9.936748485665378e-11
37600.056 2.0950849377515042e-10
37650.056 3.2711334967634695e-11
37700.056 7.006616615822964e-11
37750.056 6.364501002236188e-11
37800.056 4.3608925421380556e-11
37850.056 1.7737771841935855e-11
37900.056 2.2429415415896342e-11
37950.056 6.233137426176275e-11
38000.056 6.742758534082438e-11
38050.056 1.6639956348744914e-10
38100.056 1.726800555922234e-10
38150.056 2.757814502637091e-10
38200.056 1.7287183814002928e-10
38250.056 2.936400167941174e-10
38300.056 4.461771460366416e-10
38350.056 2.5006745014064455e-10
38400.056 4.711737690337848e-11
38450.056 8.359460021928572e-12
38500.056 9.7354424517591e-12
38550.056 8.72554877360025e-11
38600.056 9.531308915362185e-11
38650.056 1.2110266564807379e-10
38700.056 2.5475807796618963e-11
38750.056 8.276389361093969e-11
38800.056 7.512014601823812e-11
38850.056 1.3036789242921847e-10
38900.056 1.5126491173080575e-10
38950.056 7.067554845088201e-11
39000.056 2.6540223678518745e-10
39050.056 4.4965748613546106e-11
39100.056 1.312089166547281e-10
39150.056 2.917580318325478e-10
39200.056 1.3495262048824578e-10
39250.056 3.6347275907468783e-10
39300.056 1.2958574785065072e-10
39350.056 4.517718032839452e-10
39400.056 1.37593181774322e-10
39450.056 3.3389350594899105e-10
39500.056 2.682428280685197e-10
39550.056 7.563073392451175e-11
39600.056 3.5354598191504323e-10
39650.056 3.144406252649433e-10
39700.056 4.171878037990409e-10
39750.056 1.281544315082927e-10
39800.056 1.3120291777659125e-10
39850.056 4.162658046933319e-10
39900.056 6.996294047827508e-10
39950.056 1.426712605503932e-10
40000.056 3.6861941795189193e-10
40050.056 4.6088387386832977e-10
40100.056 1.25006899800742e-10
40150.056 4.5393435803604915e-10
40200.056 5.118988106788303e-10
40250.056 6.054703961983643e-10
40300.056 6.294074997347354e-10
40350.056 2.7267230522771267e-10
40400.056 3.6917525501761597e-10
40450.056 1.190431099423678e-10
40500.056 7.032017674872019e-10
40550.056 8.208765457112026e-10
40600.056 5.071686849556283e-10
40650.056 2.9729476458990814e-10
40700.056 6.809448353307413e-10
40750.056 4.6342793501619607e-10
40800.056 2.5759112511594635e-10
40850.056 1.2979833777937861e-09
40900.056 1.0322493215649609e-09
40950.056 9.161197549630372e-10
41000.056 4.734580159846194e-10
41050.056 1.3509993011084286e-09
41100.056 1.015176151748561e-09
41150.056 2.227943126817245e-10
41200.056 1.690325283883373e-09
41250.056 8.083585801645789e-10
41300.056 8.247648851127291e-10
41350.056 1.6673042214398894e-09
41400.056 1.2070481999029024e-09
41450.056 2.123730515874928e-09
41500.056 1.160746010069393e-09
41550.056 8.140077419791687e-10
41600.056 9.063802258910035e-10
41650.056 1.8605188524890152e-09
41700.056 2.6342366178549036e-09
41750.056 1.860221729937446e-09
41800.056 1.5412511221933025e-09
41850.056 1.7152277018996471e-09
41900.056 1.0385435332655002e-09
41950.056 1.0445048838739597e-09
42000.056 1.9447865688849616e-10
42050.056 5.60698692310601e-10
42100.056 5.555261112369323e-10
42150.056 8.958039992013572e-10
42200.056 1.6314362337129518e-09
42250.056 9.931811004813257e-10
42300.056 8.32917087845396e-10
42350.056 1.986011816140979e-09
42400.056 2.8907231715036977e-09
42450.056 3.2091662941408544e-09
42500.056 3.3352457407794073e-09
42550.056 2.568223755387175e-09
42600.056 2.1973142264125017e-09
42650.056 3.777504404348154e-09
42700.056 1.1889007242376268e-09
42750.056 3.6240512191909758e-09
42800.056 6.539559328601083e-09
42850.056 5.5572273703987465e-09
42900.056 4.918134990033228e-09
42950.056 4.822612758709709e-09
43000.056 5.676258031221008e-09
43050.056 2.4790954644888373e-09
43100.056 3.7020137555030573e-09
43150.056 3.0554817035393317e-09
43200.056 6.75351663890089e-09
43250.056 7.142200597299768e-09
43300.056 7.36241191791982e-09
43350.056 4.1286425060881026e-09
43400.056 6.14496669148072e-09
43450.056 3.145600382734331e-09
43500.056 2.400918405314558e-09
43550.056 3.2409870847475033e-09
43600.056 6.9709203721014366e-09
43650.056 4.19531758149021e-09
43700.056 7.89888247932738e-09
43750.056 8.23041407209788e-09
43800.056 6.4411140557671615e-09
43850.056 5.546822242820021e-09
43900.056 3.710008392989207e-09
43950.056 2.1381334435638956e-09
44000.056 2.7974904587394454e-09
44050.056 8.760922956609488e-09
44100.056 9.923488040179184e-09
44150.056 9.772773489555662e-09
44200.056 9.229379989700413e-09
44250.056 3.913135835009881e-09
44300.056 3.256632611690308e-09
44350.056 3.210582975060132e-09
44400.056 2.5215137734698646e-09
44450.056 6.467325279230885e-09
44500.056 6.418010635760889e-09
44550.056 8.764013477699428e-09
44600.056 7.202082552794378e-09
44650.056 5.798347741131645e-09
44700.056 4.2161586542093985e-09
44750.056 8.742665706321905e-09
44800.056 4.098243511606634e-09
44850.056 5.118232577780691e-09
44900.056 6.205141994700543e-09
44950.056 7.749751328681616e-09
45000.056 1.0543213955900928e-08
45050.056 7.56232920409833e-09
45100.056 6.861012794109465e-09
45150.056 5.174223612838489e-09
45200.056 4.227270987080391e-09
45250.056 5.391726644748312e-09
45300.056 5.332282719060716e-09
45350.056 3.082096211891244e-09
45400.056 1.3312802519802125e-08
45450.056 8.412144811500521e-09
45500.056 1.2975451018340982e-08
45550.056 1.259835972686582e-08
45600.056 9.29858194500232e-09
45650.056 7.938348766860021e-09
45700.056 4.851969915859485e-09
45750.056 4.740320595260564e-09
45800.056 1.277387678636065e-08
45850.056 7.679887009320109e-09
45900.056 1.325240847399828e-08
45950.056 1.3912021547299783e-08
46000.056 1.1955688844601464e-08
46050.056 8.03202024776194e-09
46100.056 1.706463288699877e-08
46150.056 8.900437800600731e-09
46200.056 6.676126438378585e-09
46250.056 2.151884060687806e-09
46300.056 8.244810492119807e-09
46350.056 7.809031895461535e-09
46400.056 7.605068059300037e-09
46450.056 7.122718131365135e-09
46500.056 8.6988038852916e-09
46550.056 3.4164969573500153e-09
46600.056 5.328651029029204e-09
46650.056 9.352634106910624e-09
46700.056 6.0716488516982434e-09
46750.056 2.155873108800392e-09
46800.056 1.1684734293330232e-09
46850.056 8.363517472731526e-09
46900.056 1.004619621779965e-08
46950.056 1.1006420036399435e-08
47000.056 1.1033055630901395e-08
47050.056 6.120142773443969e-09
47100.056 4.655760521620787e-09
47150.056 8.58704106886075e-09
47200.056 8.732647841498847e-09
47250.056 3.990553720009363e-09
47300.056 2.544722410049661e-09
47350.056 9.816836208401151e-09
47400.056 9.465628136098694e-09
47450.056 5.638136028593357e-09
47500.056 1.0198585786714337e-08
47550.056 1.0184775866800778e-08
47600.056 7.260706858654266e-09
47650.056 8.475271686437954e-09
47700.056 6.22374858185726e-09
47750.056 4.816231079630172e-09
47800.056 3.1486502239806367e-09
47850.056 1.1147502211422953e-09
47900.056 2.2508059100979404e-09
47950.056 7.056229541540333e-09
48000.056 9.868315429199776e-09
48050.056 7.3513383367006475e-09
48100.056 2.9539577675985456e-09
48150.056 6.67260595864025e-09
48200.056 2.965090721611673e-09
48250.056 4.36914100741453e-09
48300.056 9.54443869599972e-09
48350.056 4.598197353629139e-09
48400.056 7.42003088825557e-10
48450.056 1.5582867864310258e-09
48500.056 3.2358421694392255e-09
48550.056 3.903852959667539e-09
48600.056 8.103669229398806e-09
48650.056 1.0553362168098727e-08
48700.056 6.319050666871588e-09
48750.056 5.862454953001158e-09
48800.056 8.61442047261025e-09
48850.056 3.732914262403437e-09
48900.056 3.3706341328395584e-09
48950.056 1.4551050549199524e-09
49000.056 8.527738336029903e-10
49050.056 3.773400508779485e-09
49100.056 6.179844198845214e-09
49150.056 4.593452111229282e-09
49200.056 9.129259462701487e-09
49250.056 8.883865689899402e-09
49300.056 6.7943569203999266e-09
49350.056 1.9865010963930124e-09
49400.056 3.1652986737488163e-09
49450.056 2.6550751559206036e-09
49500.056 1.7484881903755926e-09
49550.056 2.1626723880400556e-10
49600.056 7.374158054303715e-10
49650.056 3.3561510184408674e-09
49700.056 4.319017716068501e-09
49750.056 2.933625362506243e-09
49800.056 1.6575007154671644e-09
49850.056 5.455840297264858e-09
49900.056 5.432420659519599e-09
49950.056 5.461266094780228e-09
50000.056 2.3824863928820502e-09
50050.056 3.0131143833962446e-09
50100.056 2.590071802339725e-09
50150.056 7.909364436868015e-10
50200.056 8.59964765616323e-11
50250.056 7.082493096300107e-10
50300.056 4.3860242315612333e-10
50350.056 3.0574898106907055e-09
50400.056 4.012907078739064e-09
50450.056 3.6893146194208134e-09
50500.056 5.901995105891942e-09
50550.056 5.129182915700519e-09
50600.056 3.1125175650373155e-09
50650.056 6.6995742004007495e-09
50700.056 5.250202845099201e-09
50750.056 2.6336904462300797e-09
50800.056 5.044167634396653e-10
50850.056 1.9021977777309325e-10
50900.056 2.120110954040317e-09
50950.056 2.5099933215996236e-09
51000.056 1.5937874025749059e-09
51050.056 3.728167563229763e-09
51100.056 1.002516420630238e-09
51150.056 7.63362042887588e-10
51200.056 4.194948968800027e-09
51250.056 3.062619509819609e-09
51300.056 1.9015300308975183e-09
51350.056 1.0937009899663736e-09
51400.056 1.8533697612094326e-10
51450.056 1.8091978494494237e-10
51500.056 1.9824702726208203e-10
51550.056 1.0497088501342489e-09
51600.056 1.3245488127805116e-09
51650.056 2.4372213344301224e-09
51700.056 2.126231074976788e-09
51750.056 1.1924071626932763e-09
51800.056 2.987487489499762e-09
51850.056 2.2752079314398027e-09
51900.056 1.7294179019198202e-09
51950.056 6.786453342799243e-10
52000.056 6.209877545888663e-11
52050.056 2.972197537640271e-10
52100.056 1.4555919241697082e-10
52150.056 7.744440049283253e-11
52200.056 4.2626844080001315e-10
52250.056 8.189984832202008e-10
52300.056 8.013313333939262e-10
52350.056 1.6755437888857182e-10
52400.056 2.0585534127099954e-10
52450.056 1.2448147853600633e-09
52500.056 7.347033896778254e-10
52550.056 1.5807912808099513e-09
52600.056 1.5237998985579632e-09
52650.056 1.7544480880600072e-09
52700.056 9.984623326498426e-10
52750.056 1.7903609220513428e-10
52800.056 4.71085331217099e-10
52850.056 5.561136188698756e-10
52900.056 1.3032574151393134e-10
52950.056 2.6868352962804945e-10
53000.056 7.115744193001525e-10
53050.056 2.1863336674693907e-10
53100.056 1.1762390142198685e-09
53150.056 1.0245701417374037e-09
53200.056 5.211444730665623e-10
53250.056 7.094801481641953e-10
53300.056 1.0008631713945616e-09
53350.056 7.134605741768491e-10
53400.056 3.968723214598358e-10
53450.056 1.1034792683596813e-10
53500.056 2.7539273669392314e-11
53550.056 5.011008195660381e-11
53600.056 2.318431245690525e-10
