galfind/configs/Brown_Dwarf_templates/sonora_bobcat/m0.0/10g/sp_t1500g10nc_m0.0_resample.dat
# %ECSV 1.0
# ---
# datatype:
# - {name: wav, unit: Angstrom, datatype: float64}
# - {name: flux_nu, unit: erg / (cm2 Hz s), datatype: float64}
# meta: {C/O: '1.00', Kzz: '1.0000E+05', Teff: '1500.', Y: '0.28', '[Fe/H]': '0.00', f_hole: '1.00', f_rain: '0.00', grav: '10.'}
# schema: astropy-2.0
wav flux_nu
[from data line 498]
28900.056 4.810678413200265e-07
28950.056 7.052622803809763e-07
29000.056 5.678628556798154e-07
29050.056 5.796263565628157e-07
29100.056 4.840131117990463e-07
29150.056 6.341987980942111e-07
29200.056 5.612858484172626e-07
29250.056 6.760656140920418e-07
29300.056 5.283461822256394e-07
29350.056 7.752453814817534e-07
29400.056 5.883656826588192e-07
29450.056 6.296406517619721e-07
29500.056 6.61355690123943e-07
29550.056 6.270651325010378e-07
29600.056 6.750087588859029e-07
29650.056 6.637006883739467e-07
29700.056 5.567225056388379e-07
29750.056 7.489831350505571e-07
29800.056 7.411024842329899e-07
29850.056 7.303186205979102e-07
29900.056 6.508302265531616e-07
29950.056 7.636893220529073e-07
30000.056 7.639911219508664e-07
30050.056 7.116559007398549e-07
30100.056 5.783248532408214e-07
30150.056 9.110946660598934e-07
30200.056 7.656224169600872e-07
30250.056 8.031007602303435e-07
30300.056 8.118181028698808e-07
30350.056 6.915271853700916e-07
30400.056 8.956072654202058e-07
30450.056 7.053178889720509e-07
30500.056 6.26859114790153e-07
30550.056 8.866645900702697e-07
30600.056 8.68692476140145e-07
30650.056 8.617492426299587e-07
30700.056 8.051967517100116e-07
30750.056 7.436806815550498e-07
30800.056 8.70774082384198e-07
30850.056 7.100529111999131e-07
30900.056 7.499672457199337e-07
30950.056 6.952753244611122e-07
31000.056 7.533398868099292e-07
31050.056 6.70964066359986e-07
31100.056 6.651361674999394e-07
31150.056 7.665625429598205e-07
31200.056 7.658951631799405e-07
31250.056 7.496096398700417e-07
31300.056 6.915613908098709e-07
31350.056 6.641509960919701e-07
31400.056 6.262504179102036e-07
31450.056 6.166286460500077e-07
31500.056 6.642191924999815e-07
31550.056 5.970457915300433e-07
31600.056 5.95523789914914e-07
31650.056 5.800094635599746e-07
31700.056 5.931246640199443e-07
31750.056 5.13113346120194e-07
31800.056 6.33444221639987e-07
31850.056 6.286128222580804e-07
31900.056 7.121493769599637e-07
31950.056 4.5250083329994195e-07
32000.056 5.804887669700421e-07
32050.056 7.096895326400214e-07
32100.056 6.602144298699622e-07
32150.056 7.278759844099672e-07
32200.056 6.705816601809583e-07
32250.056 7.289259947301487e-07
32300.056 6.845734454019994e-07
32350.056 8.105887060900881e-07
32400.056 6.259582961899853e-07
32450.056 7.285635006798072e-07
32500.056 7.863148061102392e-07
32550.056 8.710978976600567e-07
32600.056 9.070969549699454e-07
32650.056 9.50278511960281e-07
32700.056 9.007882329801608e-07
32750.056 9.169683164299726e-07
32800.056 8.921521884800376e-07
32850.056 1.0399602036297713e-06
32900.056 1.0824193366099404e-06
32950.056 8.931406439998228e-07
33000.056 9.421359129400092e-07
33050.056 9.262606948501177e-07
33100.056 8.190885917397936e-07
33150.056 5.989308517300603e-07
33200.056 3.874159018298878e-07
33250.056 2.8493172534980916e-07
33300.056 2.3037883302004215e-07
33350.056 2.730872285600175e-07
33400.056 3.006746722299404e-07
33450.056 3.593403676299498e-07
33500.056 5.042806399801931e-07
33550.056 5.739340918900461e-07
33600.056 7.130846977401422e-07
33650.056 8.396311190002902e-07
33700.056 8.424156296497637e-07
33750.056 1.0363073067799022e-06
33800.056 9.87680013249787e-07
33850.056 1.0162218121599252e-06
33900.056 1.019453643429764e-06
33950.056 9.047742435599372e-07
34000.056 9.443774553496591e-07
34050.056 9.33861036249681e-07
34100.056 1.1265852717800398e-06
34150.056 1.0155321677997653e-06
34200.056 8.717675741695441e-07
34250.056 1.0540828939197891e-06
34300.056 8.979740679192081e-07
34350.056 8.639618621799985e-07
34400.056 8.19204000529994e-07
34450.056 9.492373838399138e-07
34500.056 9.287176514100536e-07
34550.056 8.308348360900245e-07
34600.056 1.021944774410052e-06
34650.056 1.012220989669962e-06
34700.056 9.219450559097926e-07
34750.056 1.0491822589902066e-06
34800.056 1.0826431871695265e-06
34850.056 9.118416096200369e-07
34900.056 1.0639240593702648e-06
34950.056 9.343229090696779e-07
35000.056 1.093546087729903e-06
35050.056 1.1123814430400389e-06
35100.056 9.707384852895932e-07
35150.056 1.09457490417005e-06
35200.056 1.1164712555800834e-06
35250.056 1.0586798475798802e-06
35300.056 1.0843979662100449e-06
35350.056 1.0924108362698533e-06
35400.056 1.0570771920101232e-06
35450.056 8.98552826700542e-07
35500.056 1.2092784528698924e-06
35550.056 1.0960552931099992e-06
35600.056 9.95882572360062e-07
35650.056 1.29693902761015e-06
35700.056 1.0152965731503183e-06
35750.056 1.1996399330296695e-06
35800.056 1.3483687691898484e-06
35850.056 1.1720187119698533e-06
35900.056 1.4596500327996933e-06
35950.056 1.2998140742401898e-06
36000.056 1.1768798246698614e-06
36050.056 1.446869376450178e-06
36100.056 1.4450431921093034e-06
36150.056 1.3314439274501532e-06
36200.056 1.5347581333497392e-06
36250.056 1.3151624517797014e-06
36300.056 1.655565753880513e-06
36350.056 1.5148815897000095e-06
36400.056 1.4239750273200552e-06
36450.056 1.656266578429792e-06
36500.056 1.5466937208300565e-06
36550.056 1.5021242621604267e-06
36600.056 1.6125165105300963e-06
36650.056 1.6721800985800076e-06
36700.056 1.7200777190400803e-06
36750.056 1.6893269191801893e-06
36800.056 1.701080589479875e-06
36850.056 1.6796376688403243e-06
36900.056 1.7612558493403832e-06
36950.056 1.8011977445798738e-06
37000.056 1.8779795326799525e-06
37050.056 1.7978856920598973e-06
37100.056 1.8633868557003634e-06
37150.056 1.8572518389095889e-06
37200.056 1.9067837881301438e-06
37250.056 1.9813045837801163e-06
37300.056 1.9224670079401414e-06
37350.056 1.7988798650603206e-06
37400.056 1.9215052728696917e-06
37450.056 1.927406208740222e-06
37500.056 1.9270539223797982e-06
37550.056 1.9385044706696546e-06
37600.056 2.0689487176596542e-06
37650.056 1.9393738714998034e-06
37700.056 1.977290462440018e-06
37750.056 2.082370579899865e-06
37800.056 2.154106819600064e-06
37850.056 1.975702452269924e-06
37900.056 2.068649223080108e-06
37950.056 2.0942493240999524e-06
38000.056 2.0525901555602462e-06
38050.056 2.1218083018100397e-06
38100.056 1.997296257140237e-06
38150.056 2.276540233199694e-06
38200.056 2.37350321819972e-06
38250.056 2.025126510300389e-06
38300.056 2.0231640419099377e-06
38350.056 2.169585927249739e-06
38400.056 2.1692928881797135e-06
38450.056 2.298311582700168e-06
38500.056 2.1862472818998673e-06
38550.056 2.2051771583500076e-06
38600.056 2.431862107399768e-06
38650.056 2.1224945290800895e-06
38700.056 2.2182169893604548e-06
38750.056 2.2150476177000425e-06
38800.056 2.249312842180089e-06
38850.056 2.162940209590297e-06
38900.056 2.1559253082798155e-06
38950.056 2.3365327294997812e-06
39000.056 2.1971621590000758e-06
39050.056 2.2968718321998903e-06
39100.056 2.144317087860103e-06
39150.056 2.2138814675000267e-06
39200.056 2.3704338206001945e-06
39250.056 2.352792276099415e-06
39300.056 2.294093405119348e-06
39350.056 2.3023608225202097e-06
39400.056 2.268446983100007e-06
39450.056 2.2608362867998017e-06
39500.056 2.240113689699821e-06
39550.056 2.1854835839797735e-06
39600.056 2.44405190599995e-06
39650.056 2.1226326830999222e-06
39700.056 2.250305209399806e-06
39750.056 2.1952662143196952e-06
39800.056 2.100651234700015e-06
39850.056 2.162376964719778e-06
39900.056 2.1760732371201953e-06
39950.056 2.3014956326998836e-06
40000.056 2.0147194090499224e-06
40050.056 1.973214652379969e-06
40100.056 2.1512789305798936e-06
40150.056 1.9803019958596233e-06
40200.056 2.0135944029497174e-06
40250.056 2.0454867779693648e-06
40300.056 1.8768188044801482e-06
40350.056 2.100506460300347e-06
40400.056 2.04824309025993e-06
40450.056 1.9853280780003984e-06
40500.056 1.787474838420292e-06
40550.056 2.1293232616998776e-06
40600.056 1.844009577100308e-06
40650.056 1.840611063850039e-06
40700.056 2.0053541036001935e-06
40750.056 1.7707505797292082e-06
40800.056 1.7469734919903192e-06
40850.056 1.6841694033803987e-06
40900.056 1.6956608842603048e-06
40950.056 1.8247951996499436e-06
41000.056 1.822479989590081e-06
41050.056 1.7699628563296412e-06
41100.056 1.7335378270501491e-06
41150.056 1.780894452920116e-06
41200.056 1.6870181263899894e-06
41250.056 1.7355312825401685e-06
41300.056 1.4781617813996857e-06
41350.056 1.7864669822200804e-06
41400.056 1.6775418719002418e-06
41450.056 1.6452318613903102e-06
41500.056 1.7374440611400327e-06
41550.056 1.6364317563999608e-06
41600.056 1.7806015871499946e-06
41650.056 1.5740528337304035e-06
41700.056 1.4802518829397667e-06
41750.056 1.5197386821098394e-06
41800.056 1.5211664868096459e-06
41850.056 1.36758915679031e-06
41900.056 1.5668587869999465e-06
41950.056 1.2443667758804289e-06
42000.056 1.4222821498901635e-06
42050.056 1.2452776869594951e-06
42100.056 1.509392225740281e-06
42150.056 1.070846044029515e-06
42200.056 1.1867530663999658e-06
42250.056 1.2289595179401325e-06
42300.056 9.951048667800342e-07
42350.056 1.258368741450402e-06
42400.056 1.0365471135402944e-06
42450.056 8.469532976602299e-07
42500.056 9.438298519002645e-07
42550.056 9.482188280701265e-07
42600.056 9.653751204503755e-07
42650.056 7.908400531892817e-07
42700.056 9.534777840304075e-07
42750.056 8.562514011000557e-07
42800.056 8.08931017450365e-07
42850.056 8.511055755797336e-07
42900.056 8.402195226000367e-07
42950.056 7.705142646095122e-07
43000.056 7.698611366900946e-07
43050.056 7.252878977404033e-07
43100.056 8.290463999302051e-07
43150.056 7.844085486102026e-07
43200.056 8.237959637201662e-07
43250.056 7.874782077699129e-07
43300.056 7.987672065300853e-07
43350.056 7.442522796899792e-07
43400.056 7.773995372599496e-07
43450.056 8.016004315703744e-07
43500.056 7.543188829798788e-07
43550.056 8.185722929099876e-07
43600.056 8.074116009601009e-07
43650.056 7.010725604800812e-07
43700.056 7.116500957397748e-07
43750.056 7.45436732630143e-07
43800.056 6.596487164801723e-07
43850.056 7.112118653202307e-07
43900.056 7.487649079099938e-07
43950.056 6.950110652602907e-07
44000.056 6.769142551101603e-07
44050.056 6.902739855601198e-07
44100.056 7.004322830801164e-07
44150.056 7.19762215549781e-07
44200.056 6.71354034469927e-07
44250.056 6.835795843800427e-07
44300.056 6.68718719970052e-07
44350.056 6.407095927100184e-07
44400.056 6.915916914999734e-07
44450.056 6.977940926199703e-07
44500.056 7.350617672700408e-07
44550.056 6.525551287598583e-07
44600.056 6.963269166900709e-07
44650.056 7.114446264401108e-07
44700.056 6.728155067900732e-07
44750.056 7.069316390799194e-07
44800.056 7.518205027299565e-07
44850.056 7.183240297200734e-07
44900.056 6.823016778200965e-07
44950.056 6.446719266099584e-07
45000.056 7.233272347199293e-07
45050.056 7.137113044499274e-07
45100.056 7.37937383889944e-07
45150.056 6.988164593299523e-07
45200.056 6.476257901700203e-07
45250.056 6.622582177999151e-07
45300.056 7.137224887400488e-07
45350.056 7.48914322129974e-07
45400.056 7.164661359300932e-07
45450.056 6.475555694199072e-07
45500.056 6.667098951299831e-07
45550.056 7.382646428999467e-07
45600.056 6.802218379099658e-07
45650.056 6.193422966598769e-07
45700.056 7.502518774800378e-07
45750.056 6.724020936499853e-07
45800.056 6.595984000699794e-07
45850.056 7.813189914599592e-07
45900.056 8.033894269900658e-07
45950.056 6.757234570899991e-07
46000.056 8.157490626900059e-07
46050.056 7.895996186201069e-07
46100.056 6.596147744600838e-07
46150.056 7.367365976799887e-07
46200.056 7.938296825401571e-07
46250.056 6.414411922299841e-07
46300.056 8.438873357999548e-07
46350.056 6.918822442699285e-07
46400.056 7.075554718999132e-07
46450.056 7.509121023501388e-07
46500.056 6.807517797299231e-07
46550.056 8.622652390899761e-07
46600.056 7.802078031500429e-07
46650.056 1.022774914079869e-06
46700.056 9.353004091402681e-07
46750.056 7.252113060198926e-07
46800.056 8.169263073701471e-07
46850.056 8.759281729100918e-07
46900.056 8.18501195109833e-07
46950.056 9.163470896800698e-07
47000.056 7.649857183899895e-07
47050.056 9.249750289197816e-07
47100.056 7.140783589000904e-07
47150.056 7.939303436201242e-07
47200.056 8.496403132302071e-07
47250.056 7.352269809299025e-07
47300.056 7.838537987597836e-07
47350.056 6.575968500298501e-07
47400.056 8.537973254298225e-07
47450.056 7.281758656799681e-07
47500.056 8.273103102798283e-07
47550.056 7.312320481999202e-07
47600.056 8.514884613399634e-07
47650.056 5.995396563698141e-07
47700.056 8.739739395400485e-07
47750.056 5.794556947501453e-07
47800.056 8.590474901898953e-07
47850.056 6.48857262129852e-07
47900.056 8.561006872500443e-07
47950.056 6.056154322301315e-07
48000.056 9.677809023100008e-07
48050.056 6.939313680601199e-07
48100.056 7.82252584429986e-07
48150.056 7.211656130401083e-07
48200.056 8.576264905901447e-07
48250.056 7.057782304199456e-07
48300.056 9.506624925398e-07
48350.056 6.352621819399736e-07
48400.056 8.590623472400002e-07
48450.056 6.891558442400481e-07
48500.056 9.692340328100354e-07
48550.056 6.570073648000412e-07
48600.056 8.678443203299274e-07
48650.056 6.767445382099615e-07
48700.056 8.349965773300604e-07
48750.056 6.096307537200716e-07
48800.056 9.954743445100643e-07
48850.056 6.76262770149883e-07
48900.056 8.665333293100839e-07
48950.056 8.057876350600317e-07
49000.056 7.937928240198815e-07
49050.056 8.322577032499675e-07
49100.056 7.607175271901048e-07
49150.056 8.284148075300452e-07
49200.056 7.762953101799776e-07
49250.056 8.181915328400263e-07
49300.056 6.959424694899419e-07
49350.056 7.505214285900029e-07
49400.056 9.08899858020096e-07
49450.056 7.525175080601769e-07
49500.056 8.156028850100484e-07
49550.056 6.90664919120018e-07
49600.056 7.790769044102382e-07
49650.056 8.121204318300377e-07
49700.056 6.899494092799372e-07
49750.056 1.0362919704098219e-06
49800.056 7.744776194100586e-07
49850.056 1.0137986995300444e-06
49900.056 7.735630195100818e-07
49950.056 8.668628131197406e-07
50000.056 8.327786423198186e-07
50050.056 8.405394990700901e-07
50100.056 8.960446213299461e-07
50150.056 7.479775963600525e-07
50200.056 6.951949253800843e-07
50250.056 8.274195539700272e-07
50300.056 7.762853510299396e-07
50350.056 9.104702254400403e-07
50400.056 7.969899819600056e-07
50450.056 7.920975424901449e-07
50500.056 1.030453837960202e-06
50550.056 8.352674723299489e-07
50600.056 9.01738683810044e-07
50650.056 8.532296967302329e-07
50700.056 9.35321847839667e-07
50750.056 9.5351768702014e-07
50800.056 7.165694963799398e-07
50850.056 8.420283142801973e-07
50900.056 9.151746233799642e-07
50950.056 9.358167287101483e-07
51000.056 1.072039087550082e-06
51050.056 7.756770490401226e-07
51100.056 7.74080396519915e-07
51150.056 9.048992884999111e-07
51200.056 8.816192881499296e-07
51250.056 9.548809958598976e-07
51300.056 7.940156009303254e-07
51350.056 8.855263392297587e-07
51400.056 8.129604129597729e-07
51450.056 6.195844907798742e-07
51500.056 8.421334007899602e-07
51550.056 1.1085604142200903e-06
51600.056 7.278292903300715e-07
51650.056 8.5413309664986e-07
51700.056 7.999227228597483e-07
51750.056 7.670733060800872e-07
51800.056 9.24808629229815e-07
51850.056 9.362741996299166e-07
51900.056 9.783629519802528e-07
51950.056 9.053275611399286e-07
52000.056 7.591114024299378e-07
52050.056 8.753540831099771e-07
52100.056 8.163565241098062e-07
52150.056 8.307923044800589e-07
52200.056 8.021450695000417e-07
52250.056 8.513530375600077e-07
52300.056 9.155944071100022e-07
52350.056 1.0151988929301729e-06
52400.056 7.278865083101158e-07
52450.056 8.659513488299618e-07
52500.056 9.611227265298111e-07
52550.056 8.780853946096683e-07
52600.056 9.010809762501763e-07
52650.056 1.0351168824101754e-06
52700.056 8.742974001100036e-07
52750.056 6.980834291998942e-07
52800.056 8.011792848100993e-07
52850.056 7.582741835498756e-07
52900.056 8.369418901500868e-07
52950.056 8.469844877698459e-07
53000.056 9.646299439099145e-07
53050.056 8.214980558898341e-07
53100.056 7.56706504919739e-07
53150.056 1.009514680520204e-06
53200.056 6.863047764201048e-07
53250.056 1.0281114782199563e-06
53300.056 9.884995825404673e-07
53350.056 9.528606240798919e-07
53400.056 8.898719919201125e-07
53450.056 7.675592797900331e-07
53500.056 6.683629148198471e-07
53550.056 8.51496657669882e-07
53600.056 9.463394763302037e-07
53650.056 7.511538463801666e-07
53700.056 7.925484286802314e-07
