galfind/configs/Brown_Dwarf_templates/sonora_bobcat/m0.0/10g/sp_t275g10nc_m0.0_resample.dat
# %ECSV 1.0
# ---
# datatype:
# - {name: wav, unit: Angstrom, datatype: float64}
# - {name: flux_nu, unit: erg / (cm2 Hz s), datatype: float64}
# meta: {C/O: '1.00', Kzz: '1.0000E+05', Teff: '275.', Y: '0.28', '[Fe/H]': '0.00', f_hole: '1.00', f_rain: '0.00', grav: '10.'}
# schema: astropy-2.0
wav flux_nu
4000.0559999999996 nan
4050.0559999999996 3.1232275778780614e-20
4100.056 6.424287116400128e-19
4150.056 2.750732558200009e-18
4200.056 3.048547431792999e-18
4250.056 1.91981855651001e-17
4300.056 4.445803672499962e-17
4350.056 8.548850126000036e-17
4400.056 1.4187111878999815e-16
4450.056 2.1859802319899715e-16
4500.056 3.8869629220000267e-16
4550.056 4.997228814460017e-16
4600.056 3.1090723111999845e-16
4650.056 2.493291407899983e-16
4700.056 1.6063811310100125e-16
4750.056 1.0556813913000147e-16
4800.056 7.801030387799972e-17
4850.056 4.6270474829e-17
4900.056 3.387388377800012e-17
4950.056 2.884307456400005e-17
5000.056 2.364456753999986e-17
5050.056 1.9500642216100005e-17
5100.056 2.4412117335500924e-17
5150.056 3.2094308461000544e-17
5200.056 4.004329351200025e-17
5250.056 4.8146946770000104e-17
5300.056 5.78610931980001e-17
5350.056 6.958339671200019e-17
5400.056 7.946537582700036e-17
5450.056 9.417967413800283e-17
5500.056 1.144441861570019e-16
5550.056 1.384880354400004e-16
5600.056 1.6100503387000052e-16
5650.056 1.7802532188999912e-16
5700.056 1.685643441289996e-16
5750.056 1.6736155522500042e-16
5800.056 1.4922789295999887e-16
5850.056 9.743793986599755e-17
5900.056 2.0603936917201502e-17
5950.056 1.6448426139121454e-16
6000.056 4.3626586524867902e-16
6050.056 9.899318456600296e-16
6100.056 1.8180434726100335e-15
6150.056 2.8785799423000225e-15
6200.056 4.243994458500028e-15
6250.056 5.679075004099973e-15
6300.056 7.977335519259977e-15
6350.056 1.0872809806000045e-14
6400.056 1.4305048638700017e-14
6450.056 1.4406786542193393e-14
6500.056 1.810455446928113e-14
6550.056 2.4978578520590593e-14
6600.056 3.552773353478963e-14
6650.056 5.195114711195079e-14
6700.056 7.396758321000016e-14
6750.056 1.0114560581900089e-13
6800.056 1.2224782193100313e-13
6850.056 1.3599197107400054e-13
6900.056 1.0937629475616349e-13
6950.056 7.170514600416778e-14
7000.056 8.943934411479623e-14
7050.056 8.908670522089805e-14
7100.056 1.0058735253473964e-13
7150.056 6.33242646103106e-14
7200.056 3.295890824302398e-14
7250.056 4.7974918278244703e-14
7300.056 5.2888358505786924e-14
7350.056 8.696821155206677e-14
7400.056 1.2997245592710805e-13
7450.056 2.2054543129702683e-13
7500.056 3.194459842899967e-13
7550.056 4.0705237527000003e-13
7600.056 4.486697939099989e-13
7650.056 1.9824544974499347e-13
7700.056 1.613422559656045e-13
7750.056 5.686219512400063e-13
7800.056 6.935370126899876e-13
7850.056 7.984945051184884e-13
7900.056 9.204162404627528e-13
7950.056 9.98404163492567e-13
8000.056 1.0349208939237064e-12
8050.056 1.1144357159202907e-12
8100.056 5.251350684835744e-13
8150.056 2.9547101841975373e-13
8200.056 6.831972579065893e-13
8250.056 7.521954332017344e-13
8300.056 7.507018233472367e-13
8350.056 5.809084471052184e-13
8400.056 6.238580408612663e-13
8450.056 1.0116827180210638e-12
8500.056 1.2192397651665262e-12
8550.056 1.6077384672700286e-12
8600.056 1.9714588411599934e-12
8650.056 2.031718465680064e-12
8700.056 1.3724599139800621e-12
8750.056 1.108589773830014e-12
8800.056 6.759534063040944e-13
8850.056 2.9750460970905165e-13
8900.056 2.6824412754558816e-15
8950.056 1.8496124229867047e-15
9000.056 1.1653570177824444e-15
9050.056 1.0268391003534595e-14
9100.056 2.0387125680035255e-14
9150.056 7.057985840542469e-14
9200.056 3.7317994935114083e-13
9250.056 3.6117401608809014e-13
9300.056 2.408888501080911e-15
9350.056 2.1820971405673494e-15
9400.056 2.4194551967489587e-14
9450.056 2.149407570522298e-14
9500.056 1.9765505145092197e-14
9550.056 2.1228742089256308e-14
9600.056 2.6377175205890002e-14
9650.056 6.996282526466213e-14
9700.056 2.7606296027886166e-13
9750.056 1.3472504756440038e-13
9800.056 7.769890525622427e-14
9850.056 6.080883141085392e-14
9900.056 7.540325642041446e-14
9950.056 4.5436668258642866e-14
10000.056 5.066146337705333e-14
10050.056 3.503882543777061e-14
10100.056 3.1266076089785626e-14
10150.056 1.3750876539705296e-14
10200.056 3.2317289485649886e-15
10250.056 4.0948401585819185e-15
10300.056 1.2292024290038333e-14
10350.056 5.195693537030801e-15
10400.056 3.9756329861777405e-14
10450.056 1.3956219193262865e-13
10500.056 4.439523329670566e-13
10550.056 1.403091493771594e-12
10600.056 2.7635132556591433e-12
10650.056 3.635935648027119e-12
10700.056 3.181362531524806e-12
10750.056 3.902173620109314e-12
10800.056 4.056287474645173e-12
10850.056 3.1232098342303367e-12
10900.056 1.715659093424181e-12
10950.056 8.025606662685371e-13
11000.056 4.0722830224971427e-13
11050.056 2.008648497642848e-13
11100.056 5.455311476134682e-14
11150.056 8.629963430913672e-15
11200.056 1.2863166644420018e-15
11250.056 7.04742514238333e-16
11300.056 6.9552897848996564e-15
11350.056 4.688497994633465e-16
11400.056 5.759894249733986e-15
11450.056 3.268027382541898e-15
11500.056 2.305699126612609e-15
11550.056 1.6610788137774452e-16
11600.056 3.1064081132024235e-17
11650.056 6.350139984413905e-16
11700.056 6.702430046422447e-16
11750.056 6.563251706108129e-17
11800.056 6.980491298019673e-16
11850.056 5.556565646632064e-16
11900.056 4.161463754645445e-16
11950.056 9.961842164811885e-16
12000.056 1.9320309199817917e-15
12050.056 3.759289034942383e-15
12100.056 7.0354988026533954e-15
12150.056 9.409149580295382e-15
12200.056 1.0025455600615746e-14
12250.056 3.9612072820330675e-14
12300.056 1.1833425488556136e-13
12350.056 1.6314533448115124e-13
12400.056 4.758031048332353e-13
12450.056 1.2053240832288027e-12
12500.056 1.55250985967201e-12
12550.056 2.1176899333151996e-12
12600.056 5.886736935845885e-12
12650.056 1.4318846214675228e-11
12700.056 1.5405805357873285e-11
12750.056 5.599135061068237e-12
12800.056 1.4893803876917477e-12
12850.056 5.204022602039194e-13
12900.056 3.2145738683301503e-13
12950.056 2.3101069889307724e-13
13000.056 1.9929811479329735e-13
13050.056 1.0502631983857445e-13
13100.056 7.346625902390434e-14
13150.056 3.277998723778787e-14
13200.056 3.937020681269628e-14
13250.056 5.066291959434646e-14
13300.056 2.20471586869054e-14
13350.056 6.565196383254584e-15
13400.056 4.484366945142202e-15
13450.056 8.186452761349608e-16
13500.056 1.2647156075242604e-16
13550.056 2.0113494346632258e-17
13600.056 7.918260137973846e-19
13650.056 1.750109882333758e-17
13700.056 4.651244995713382e-18
13750.056 2.9647090966446467e-17
13800.056 1.253580926740989e-17
13850.056 6.59414751633117e-18
13900.056 3.1771621351876826e-17
13950.056 1.3404257308165716e-17
14000.056 2.39804054588689e-17
14050.056 4.1696394799454006e-17
14100.056 6.928272927534335e-17
14150.056 4.259857986382052e-16
14200.056 1.9408661656462448e-16
14250.056 4.781676514234467e-16
14300.056 1.3756488509631942e-15
14350.056 1.5335937119834425e-15
14400.056 1.678835218846146e-15
14450.056 3.945463400959726e-15
14500.056 1.168533198312233e-14
14550.056 1.5653791021049886e-14
14600.056 1.2322555270828011e-14
14650.056 3.4736190057695295e-15
14700.056 1.4268945607547969e-15
14750.056 1.7641381736710925e-16
14800.056 5.252734407340521e-16
14850.056 6.378479422654231e-16
14900.056 5.316500837580605e-16
14950.056 2.4337084846408194e-16
15000.056 1.0467168488405557e-15
15050.056 1.3242493784665298e-15
15100.056 3.8447861623683395e-16
15150.056 1.120464574655409e-16
15200.056 9.34376514919118e-16
15250.056 2.6135795574535407e-15
15300.056 3.4007217495631626e-15
15350.056 7.811443861935424e-15
15400.056 9.229925806494721e-15
15450.056 1.289443546357656e-14
15500.056 1.7556451503037763e-14
15550.056 7.31024738669921e-14
15600.056 1.1410890692895439e-13
15650.056 3.426499427068036e-13
15700.056 7.961439046260286e-13
15750.056 1.527585988504356e-12
15800.056 1.8325419888803255e-12
15850.056 2.9271017982931457e-12
15900.056 4.212126424886637e-12
15950.056 5.957992185283275e-12
16000.056 5.87554594313086e-12
16050.056 3.511128730989416e-12
16100.056 1.8569666407249785e-12
16150.056 7.381347511508406e-13
16200.056 2.7745908300192026e-13
16250.056 1.2671985625023235e-13
16300.056 4.4711652788204363e-14
16350.056 5.937280777928137e-14
16400.056 8.440757491153015e-14
16450.056 5.104175651067684e-14
16500.056 3.6994935950590653e-14
16550.056 2.8258752022369178e-14
16600.056 1.0792828722373586e-13
16650.056 6.109621559923483e-14
16700.056 5.271059805131299e-15
16750.056 2.3232954975990246e-14
16800.056 5.160797522057978e-14
16850.056 5.2386698411265255e-14
16900.056 1.3522667114873314e-14
16950.056 4.476146899044306e-15
17000.056 1.5204630041285727e-15
17050.056 3.453044492300864e-15
17100.056 1.2427022484560408e-14
17150.056 4.736155988679236e-15
17200.056 5.095173137134079e-14
17250.056 9.742865938874783e-15
17300.056 6.713166724209285e-15
17350.056 8.989690074585246e-15
17400.056 3.2034067345255694e-14
17450.056 4.263135237898791e-14
17500.056 8.334713586303097e-14
17550.056 7.788799630492364e-14
17600.056 5.5760094706339254e-14
17650.056 3.794775962124222e-14
17700.056 2.885003710030808e-14
17750.056 3.285635416138134e-14
17800.056 2.1138638362326297e-13
17850.056 3.330644873826395e-14
17900.056 2.909420137415734e-14
17950.056 2.4388544449245485e-14
18000.056 3.767233938936516e-14
18050.056 3.504318190017251e-14
18100.056 5.0738720517010624e-14
18150.056 1.9066735675313556e-14
18200.056 1.6045380093606463e-14
18250.056 9.748879941865929e-14
18300.056 5.438695652170978e-15
18350.056 4.162666748463097e-15
18400.056 1.2558908144235774e-15
18450.056 2.985707866676679e-14
18500.056 2.3108429586173446e-14
18550.056 9.443937102316405e-15
18600.056 3.159585233651376e-14
18650.056 2.3893983936888422e-14
18700.056 7.779790067302223e-16
18750.056 1.9626718950114105e-15
18800.056 6.749725452293093e-14
18850.056 5.5991881556056635e-14
18900.056 7.703828269663106e-14
18950.056 9.027484162469659e-14
19000.056 8.204486499248802e-15
19050.056 3.3951679866333013e-15
19100.056 1.4518520573172263e-14
19150.056 5.199660931091369e-15
19200.056 1.22695329822761e-14
19250.056 9.251730542511958e-15
19300.056 4.283596816314357e-15
19350.056 4.323614345801123e-15
19400.056 3.291169542246004e-15
19450.056 6.024272866039447e-15
19500.056 1.9229854157198937e-15
19550.056 9.46546856665103e-15
19600.056 3.417512850956749e-14
19650.056 1.8989512024549638e-14
19700.056 2.442013452902251e-14
19750.056 5.649083798578408e-14
19800.056 2.4158145394152383e-14
19850.056 3.019314391512137e-14
19900.056 5.719104349499737e-14
19950.056 7.722031848678009e-14
20000.056 1.0484670743505714e-13
20050.056 6.962116761008529e-14
20100.056 1.1832328658959716e-13
20150.056 6.62279957349616e-14
20200.056 3.598006100178564e-14
20250.056 1.1693184506863787e-13
20300.056 1.6493818159685238e-13
20350.056 2.1281931112708678e-13
20400.056 1.505225367323462e-13
20450.056 2.8161076749038067e-13
20500.056 3.562310689150721e-13
20550.056 4.1857817716115276e-13
20600.056 4.4876976143036553e-13
20650.056 5.854033001660844e-13
20700.056 6.324774633624647e-13
20750.056 7.334088058887683e-13
20800.056 6.375921404734918e-13
20850.056 7.740708572555218e-13
20900.056 8.485008830778372e-13
20950.056 7.732874697500065e-13
21000.056 7.525451741630642e-13
21050.056 8.250591756898779e-13
21100.056 7.861472332673004e-13
21150.056 7.963625033760402e-13
21200.056 7.424059002439652e-13
21250.056 7.359785554833447e-13
21300.056 6.482221037535131e-13
21350.056 6.625151145623752e-13
21400.056 7.064184223915072e-13
21450.056 5.34191770126704e-13
21500.056 4.707021184792578e-13
21550.056 5.051162056586172e-13
21600.056 3.984081439299453e-13
21650.056 2.688993377617952e-13
21700.056 1.7340461396037188e-13
21750.056 2.6055614444878667e-13
21800.056 1.7179509744417007e-13
21850.056 1.7757518305772124e-13
21900.056 1.2421583230301245e-13
21950.056 2.4823389122438183e-14
22000.056 1.2214140233524552e-15
22050.056 4.3907920313784005e-15
22100.056 2.3651960739874652e-14
22150.056 1.3719950016477998e-14
22200.056 1.1398762118108988e-14
22250.056 8.425048774116316e-15
22300.056 2.5288307303639445e-15
22350.056 5.4511678086615565e-15
22400.056 1.2838709273300917e-15
22450.056 2.3972608745512944e-15
22500.056 1.8333972085131272e-15
22550.056 4.603787676252116e-16
22600.056 3.469628221412499e-16
22650.056 7.74068677001276e-16
22700.056 7.890459076244318e-16
22750.056 1.690061882504769e-15
22800.056 1.9487762625724016e-15
22850.056 1.2038187468218328e-15
22900.056 8.028338639587067e-16
22950.056 3.1492930162753394e-16
23000.056 7.584810595888829e-16
23050.056 5.083317957809684e-16
23100.056 1.0172117390854745e-14
23150.056 1.5076254684967703e-14
23200.056 1.493306751756885e-16
23250.056 1.4098118035751052e-15
23300.056 9.839838452453434e-16
23350.056 2.6946943429073138e-15
23400.056 1.8737289746734506e-15
23450.056 5.282761111977759e-16
23500.056 5.034235953248202e-16
23550.056 1.7887676573737473e-15
23600.056 7.314447349172515e-15
23650.056 1.049603498718481e-14
23700.056 8.007399767767143e-16
23750.056 9.997660602263457e-16
23800.056 1.0489540650383748e-14
23850.056 5.094859035845118e-15
23900.056 1.434143736162234e-14
23950.056 4.061166874646865e-15
24000.056 1.9772385465430856e-14
24050.056 2.684489499292054e-14
24100.056 5.3321173207569806e-14
24150.056 7.553390732737174e-14
24200.056 3.48840373347936e-14
24250.056 2.6618426401515427e-14
24300.056 5.67595716792275e-14
24350.056 5.558017874718652e-14
24400.056 1.957375074848272e-13
24450.056 2.5885196567618834e-13
24500.056 2.2592837353364094e-13
24550.056 3.959787947856215e-13
24600.056 4.70695032148249e-13
24650.056 8.892810237546705e-13
24700.056 5.339574613190668e-13
24750.056 8.268371575293266e-13
24800.056 6.718514635441893e-13
24850.056 1.1639989391951397e-12
24900.056 6.877624972759493e-13
24950.056 1.071714077666161e-12
25000.056 1.5421388973307816e-12
25050.056 1.105066334320225e-12
25100.056 1.5363548315392832e-12
25150.056 5.97558985223955e-13
25200.056 1.026146564694969e-12
25250.056 4.02725572054114e-13
25300.056 3.4025463660152013e-13
25350.056 1.8916078482313501e-13
25400.056 4.722122232054381e-13
25450.056 8.354140710244387e-14
25500.056 6.494197171343725e-14
25550.056 2.0643024716182816e-13
25600.056 5.4171417757829706e-14
25650.056 2.1252176596410147e-14
25700.056 1.1247255868859807e-14
25750.056 3.2298317011178115e-15
25800.056 2.163350736955419e-14
25850.056 2.2324565855779887e-15
25900.056 2.710253674620209e-15
25950.056 7.626983438562704e-16
26000.056 1.141776351204915e-14
26050.056 9.964304711827007e-16
26100.056 4.06937422245294e-15
26150.056 1.4544730625033209e-15
26200.056 2.0951245410826796e-15
26250.056 2.0595787930181026e-14
26300.056 2.5073880783168973e-15
26350.056 8.843849753181281e-14
26400.056 2.753185501044526e-13
26450.056 1.180537808114955e-13
26500.056 4.865054242894073e-13
26550.056 1.2804256056565186e-14
26600.056 1.134246733932678e-14
26650.056 1.6385492870234025e-15
26700.056 1.5836740572760813e-15
26750.056 2.9350664709169747e-15
26800.056 1.4067135940884185e-14
26850.056 7.885103839485717e-15
26900.056 4.8622419654677235e-14
26950.056 8.257977908919859e-15
27000.056 6.211079785293142e-14
27050.056 1.4648222646307765e-13
27100.056 3.7461491901546874e-15
27150.056 9.070027147115914e-14
27200.056 4.602549962345634e-15
27250.056 2.449238156702668e-14
27300.056 4.752372660378731e-13
27350.056 8.943446381038969e-14
27400.056 4.1015267780860775e-15
27450.056 1.8449032508757968e-13
27500.056 2.244191304846536e-13
27550.056 2.4319698470069618e-14
27600.056 1.016013907396174e-13
27650.056 1.9170982948789354e-14
27700.056 2.5428947858183243e-14
27750.056 2.451667063908785e-13
27800.056 5.34430912541476e-14
27850.056 1.550382185634304e-13
27900.056 1.776791233936464e-13
27950.056 4.461108722110202e-13
28000.056 7.211328181423278e-13
28050.056 2.871259017083814e-14
28100.056 6.25538667532191e-13
28150.056 4.871380274508642e-13
28200.056 5.937605315539967e-14
28250.056 9.148037319212113e-13
28300.056 7.6729566926154e-13
28350.056 7.903954640936879e-14
28400.056 3.973548760430871e-13
28450.056 9.415398381599923e-13
28500.056 3.615971914493868e-13
28550.056 7.34885291972537e-14
28600.056 8.927140118605276e-13
28650.056 3.4959392408397575e-13
28700.056 1.076389172694805e-12
28750.056 1.404662997392209e-12
28800.056 2.692422125582658e-13
28850.056 3.0375209708442776e-12
