galfind/configs/Brown_Dwarf_templates/sonora_bobcat/m0.0/10g/sp_t1600g10nc_m0.0_resample.dat
# %ECSV 1.0
# ---
# datatype:
# - {name: wav, unit: Angstrom, datatype: float64}
# - {name: flux_nu, unit: erg / (cm2 Hz s), datatype: float64}
# meta: {C/O: '1.00', Kzz: '1.0000E+05', Teff: '1600.', Y: '0.28', '[Fe/H]': '0.00', f_hole: '1.00', f_rain: '0.00', grav: '10.'}
# schema: astropy-2.0
wav flux_nu
[from data line 498]
28900.056 6.327488721370381e-07
28950.056 9.055468654949351e-07
29000.056 7.250290386747375e-07
29050.056 7.37442529769756e-07
29100.056 6.189348677000409e-07
29150.056 8.03267788780254e-07
29200.056 7.194972895293458e-07
29250.056 8.540476133250617e-07
29300.056 6.809100938325289e-07
29350.056 9.66753754619711e-07
29400.056 7.465866931217864e-07
29450.056 7.907942585029669e-07
29500.056 8.356976470209233e-07
29550.056 7.925604024500594e-07
29600.056 8.463659224148916e-07
29650.056 8.403577500099487e-07
29700.056 7.039149149278305e-07
29750.056 9.493380092247058e-07
29800.056 9.274429854899869e-07
29850.056 9.153209925998879e-07
29900.056 8.146860000601981e-07
29950.056 9.591843178098876e-07
30000.056 9.63298512419794e-07
30050.056 8.985834223898353e-07
30100.056 7.193857391397819e-07
30150.056 1.1488866696798652e-06
30200.056 9.780909276001227e-07
30250.056 9.983438656704226e-07
30300.056 1.0253940675398483e-06
30350.056 8.785936217101292e-07
30400.056 1.1371553092402843e-06
30450.056 9.043075465800633e-07
30500.056 8.162444246601907e-07
30550.056 1.1751107465703475e-06
30600.056 1.141202581190199e-06
30650.056 1.1421598691199982e-06
30700.056 1.0705409867399938e-06
30750.056 9.97204343060058e-07
30800.056 1.2005388734302945e-06
30850.056 9.90625329819915e-07
30900.056 1.032468831449928e-06
30950.056 9.804712153001436e-07
31000.056 1.1123188513199218e-06
31050.056 9.375868832399734e-07
31100.056 1.0041477134999237e-06
31150.056 1.1323956292097614e-06
31200.056 1.1216800681898655e-06
31250.056 1.1361740419001332e-06
31300.056 1.0484217429298214e-06
31350.056 1.062485159089975e-06
31400.056 1.0078323945103031e-06
31450.056 1.0425679719200753e-06
31500.056 1.0641459145201424e-06
31550.056 9.746652382400458e-07
31600.056 1.0141014087198962e-06
31650.056 1.0330545461300047e-06
31700.056 1.0716665894399136e-06
31750.056 8.984122545102654e-07
31800.056 1.1199519066200682e-06
31850.056 1.1523197177101518e-06
31900.056 1.246226189999919e-06
31950.056 8.20847940069842e-07
32000.056 1.0119719962802017e-06
32050.056 1.2235606158000838e-06
32100.056 1.1784351850898497e-06
32150.056 1.2595702603300179e-06
32200.056 1.1791575220599008e-06
32250.056 1.1764221268002156e-06
32300.056 1.1979700938400534e-06
32350.056 1.3517144658502044e-06
32400.056 1.1252635321000453e-06
32450.056 1.185529614279923e-06
32500.056 1.2638143136503005e-06
32550.056 1.422730818460098e-06
32600.056 1.4569961108799049e-06
32650.056 1.4610395127405751e-06
32700.056 1.3883841455402076e-06
32750.056 1.4328522189899865e-06
32800.056 1.3324251364301465e-06
32850.056 1.629208754679771e-06
32900.056 1.58993722154997e-06
32950.056 1.3241890641097773e-06
33000.056 1.4312072098801748e-06
33050.056 1.4717558860799858e-06
33100.056 1.4728030063395749e-06
33150.056 1.1318427154901468e-06
33200.056 8.230743445898139e-07
33250.056 7.408837560095324e-07
33300.056 6.823657113701403e-07
33350.056 7.775151812201553e-07
33400.056 8.457271636098171e-07
33450.056 9.626614100396504e-07
33500.056 1.1996446328202968e-06
33550.056 1.2196641340500032e-06
33600.056 1.3762108316003838e-06
33650.056 1.5180339084905215e-06
33700.056 1.4823305329196112e-06
33750.056 1.681448003569917e-06
33800.056 1.5669679016897456e-06
33850.056 1.5658514380200039e-06
33900.056 1.6654273846196603e-06
33950.056 1.4825327913398718e-06
34000.056 1.5083251285194564e-06
34050.056 1.4808815821296047e-06
34100.056 1.7624904834302196e-06
34150.056 1.6357284225997385e-06
34200.056 1.4893802527693694e-06
34250.056 1.7310956442497995e-06
34300.056 1.447609371059045e-06
34350.056 1.5872241220099576e-06
34400.056 1.4051510438798045e-06
34450.056 1.549886968019895e-06
34500.056 1.5787985790402257e-06
34550.056 1.4135828202099274e-06
34600.056 1.6636139652400839e-06
34650.056 1.6342001200199971e-06
34700.056 1.5407650892496626e-06
34750.056 1.7250193383502626e-06
34800.056 1.7728708269895319e-06
34850.056 1.5377390053300968e-06
34900.056 1.6410673557904047e-06
34950.056 1.561401502149525e-06
35000.056 1.652418772039772e-06
35050.056 1.8157720985904487e-06
35100.056 1.6251499983593813e-06
35150.056 1.692057713410045e-06
35200.056 1.7580478291099084e-06
35250.056 1.597041483939932e-06
35300.056 1.7013929710099911e-06
35350.056 1.8022557191398238e-06
35400.056 1.6489393579900046e-06
35450.056 1.5499922704005211e-06
35500.056 1.8544420385598322e-06
35550.056 1.6779178727599663e-06
35600.056 1.5417506442799513e-06
35650.056 1.954910355000264e-06
35700.056 1.5797359544504223e-06
35750.056 1.8034505333097057e-06
35800.056 1.8850526250997298e-06
35850.056 1.8056767754997743e-06
35900.056 2.0743760485696254e-06
35950.056 1.8607814687602076e-06
36000.056 1.6819116525697566e-06
36050.056 2.045593745810263e-06
36100.056 2.0698565729994894e-06
36150.056 1.872491345770236e-06
36200.056 2.093514860479656e-06
36250.056 1.8271792275595798e-06
36300.056 2.252497655120658e-06
36350.056 2.080491263539973e-06
36400.056 1.9625622884000347e-06
36450.056 2.2270838185997245e-06
36500.056 2.081929284040165e-06
36550.056 1.9844856768804195e-06
36600.056 2.093411336640161e-06
36650.056 2.176894366470189e-06
36700.056 2.2403075239601413e-06
36750.056 2.1529560535802046e-06
36800.056 2.1741185445797885e-06
36850.056 2.1455010932604267e-06
36900.056 2.2641000504004713e-06
36950.056 2.2555728292199013e-06
37000.056 2.34284219490001e-06
37050.056 2.28448182701989e-06
37100.056 2.308929090980397e-06
37150.056 2.3073125388394354e-06
37200.056 2.377282034050114e-06
37250.056 2.4433903191602153e-06
37300.056 2.4359134329004132e-06
37350.056 2.2488425282303808e-06
37400.056 2.364363799299634e-06
37450.056 2.399938230590295e-06
37500.056 2.390411891469788e-06
37550.056 2.3652298288595284e-06
37600.056 2.519632925659575e-06
37650.056 2.367974496199723e-06
37700.056 2.37879351308001e-06
37750.056 2.552425407039736e-06
37800.056 2.6208816259999625e-06
37850.056 2.4272441125799145e-06
37900.056 2.5282171954601193e-06
37950.056 2.57142026340002e-06
38000.056 2.464462340440334e-06
38050.056 2.55232144030008e-06
38100.056 2.4210983123202265e-06
38150.056 2.7096905438995953e-06
38200.056 2.8127079230995897e-06
38250.056 2.442416434100453e-06
38300.056 2.4154798455999416e-06
38350.056 2.571021947499729e-06
38400.056 2.608737333859733e-06
38450.056 2.70783309890023e-06
38500.056 2.6061172767998154e-06
38550.056 2.5971062696000367e-06
38600.056 2.8746232899997725e-06
38650.056 2.5012769682001276e-06
38700.056 2.5990492268405223e-06
38750.056 2.6304701091000303e-06
38800.056 2.651399514200206e-06
38850.056 2.5741325223003503e-06
38900.056 2.5477856610998126e-06
38950.056 2.732097335299702e-06
39000.056 2.5907638898000993e-06
39050.056 2.683660648799911e-06
39100.056 2.5220996522100375e-06
39150.056 2.608518469000066e-06
39200.056 2.7650032108402027e-06
39250.056 2.7413034875993715e-06
39300.056 2.699433460059288e-06
39350.056 2.688535410060268e-06
39400.056 2.645555964500026e-06
39450.056 2.639621079699758e-06
39500.056 2.6337481938297904e-06
39550.056 2.556326576999629e-06
39600.056 2.8553234630000484e-06
39650.056 2.4874872351999517e-06
39700.056 2.6334446469997814e-06
39750.056 2.585543232139637e-06
39800.056 2.4617122907000803e-06
39850.056 2.529088122099747e-06
39900.056 2.5369385932601225e-06
39950.056 2.6920897166998944e-06
40000.056 2.369382731639869e-06
40050.056 2.290644087899948e-06
40100.056 2.4972653847998503e-06
40150.056 2.3059149949995507e-06
40200.056 2.3623226735896885e-06
40250.056 2.4193117931292295e-06
40300.056 2.186203590790162e-06
40350.056 2.4280836358003857e-06
40400.056 2.408420456199826e-06
40450.056 2.2818698310004896e-06
40500.056 2.072301569460278e-06
40550.056 2.4724764277998627e-06
40600.056 2.1542659182903062e-06
40650.056 2.1625559868302003e-06
40700.056 2.3335365011002564e-06
40750.056 2.0581135955991514e-06
40800.056 2.0462052335503747e-06
40850.056 1.939075182860447e-06
40900.056 1.9578278414004096e-06
40950.056 2.11540933289994e-06
41000.056 2.140427459440154e-06
41050.056 2.066680586639558e-06
41100.056 2.0111969795202397e-06
41150.056 2.102124239310151e-06
41200.056 1.9653861047199817e-06
41250.056 2.023965671540215e-06
41300.056 1.7227952891996796e-06
41350.056 2.0825407913101176e-06
41400.056 1.961412164850214e-06
41450.056 1.8989278832802514e-06
41500.056 2.0458125062800513e-06
41550.056 1.9281211207799676e-06
41600.056 2.092336068139984e-06
41650.056 1.8292325294404581e-06
41700.056 1.7256291382797359e-06
41750.056 1.7903802311998547e-06
41800.056 1.767871813559605e-06
41850.056 1.6351240432403567e-06
41900.056 1.8561633850399105e-06
41950.056 1.4870031800104803e-06
42000.056 1.7029827791001845e-06
42050.056 1.5054408371193586e-06
42100.056 1.7960506753003276e-06
42150.056 1.301104263689394e-06
42200.056 1.4421127078499969e-06
42250.056 1.4946643159500968e-06
42300.056 1.22256172309002e-06
42350.056 1.5343566564204934e-06
42400.056 1.2796453360903595e-06
42450.056 1.0348801851002381e-06
42500.056 1.157387767080306e-06
42550.056 1.180608113250154e-06
42600.056 1.1885576785904226e-06
42650.056 9.706317831491444e-07
42700.056 1.1905142754505418e-06
42750.056 1.0649052931900888e-06
42800.056 1.0181652872604324e-06
42850.056 1.0525600942596992e-06
42900.056 1.0440248179200555e-06
42950.056 9.525995316093984e-07
43000.056 9.655227498300855e-07
43050.056 9.170116824905428e-07
43100.056 1.0368980792002126e-06
43150.056 1.0047191648102581e-06
43200.056 1.0364771605301851e-06
43250.056 9.931363082899682e-07
43300.056 1.0157684566701174e-06
43350.056 9.3073497450997e-07
43400.056 9.755763798399208e-07
43450.056 1.014253905450513e-06
43500.056 9.545888211698322e-07
43550.056 1.0268511285199739e-06
43600.056 1.022753685600141e-06
43650.056 8.781156649201331e-07
43700.056 8.695585491597396e-07
43750.056 9.30149371850166e-07
43800.056 8.27736580390209e-07
43850.056 8.856999681802926e-07
43900.056 9.359992922999709e-07
43950.056 8.715282178703724e-07
44000.056 8.366563643802091e-07
44050.056 8.475389924801338e-07
44100.056 8.625133940101635e-07
44150.056 8.974400731597269e-07
44200.056 8.363873757599278e-07
44250.056 8.373957081200554e-07
44300.056 8.217388583200821e-07
44350.056 7.90737981130016e-07
44400.056 8.512117193699723e-07
44450.056 8.653126628499715e-07
44500.056 9.089455891500865e-07
44550.056 7.967201495298018e-07
44600.056 8.527384428400933e-07
44650.056 8.799145813301373e-07
44700.056 8.23049656090101e-07
44750.056 8.675876250898926e-07
44800.056 9.221532721199431e-07
44850.056 8.864210775700722e-07
44900.056 8.359063381301371e-07
44950.056 7.827270742499323e-07
45000.056 8.877842300399067e-07
45050.056 8.751647249298966e-07
45100.056 9.064615102399204e-07
45150.056 8.570072284999404e-07
45200.056 7.886227839600115e-07
45250.056 8.092854391198804e-07
45300.056 8.734286632700703e-07
45350.056 9.217474887199638e-07
45400.056 8.76996367610131e-07
45450.056 7.874841389098876e-07
45500.056 8.103216172399764e-07
45550.056 9.099182827099268e-07
45600.056 8.367180159499532e-07
45650.056 7.504979115098384e-07
45700.056 9.151560874500592e-07
45750.056 8.239946930399676e-07
45800.056 8.046285315199782e-07
45850.056 9.589818891899635e-07
45900.056 9.931887356100916e-07
45950.056 8.294714028899863e-07
46000.056 1.0139852790399872e-06
46050.056 9.776629933301485e-07
46100.056 8.107053746400931e-07
46150.056 8.936731932199846e-07
46200.056 9.847615149102098e-07
46250.056 7.804504093899695e-07
46300.056 1.041845770859927e-06
46350.056 8.406099075299152e-07
46400.056 8.64492836229886e-07
46450.056 9.068698560401972e-07
46500.056 8.256407810499093e-07
46550.056 1.041740470119977e-06
46600.056 9.429718375300325e-07
46650.056 1.2321258754698936e-06
46700.056 1.129339965620301e-06
46750.056 8.772331081298745e-07
46800.056 9.953286977701927e-07
46850.056 1.062612897030104e-06
46900.056 9.922417875897868e-07
46950.056 1.1129631239001012e-06
47000.056 9.407315308299779e-07
47050.056 1.1117511915697321e-06
47100.056 8.75367277690113e-07
47150.056 9.760363262901828e-07
47200.056 1.0297440002902884e-06
47250.056 9.005201222398377e-07
47300.056 9.644657070597265e-07
47350.056 7.924743419198028e-07
47400.056 1.040941765939753e-06
47450.056 9.084308397599525e-07
47500.056 9.993336585097576e-07
47550.056 8.948800813598748e-07
47600.056 1.046638740059957e-06
47650.056 7.241658501397602e-07
47700.056 1.0666438262800541e-06
47750.056 6.958179218901872e-07
47800.056 1.0441244560198749e-06
47850.056 7.852268428698014e-07
47900.056 1.0538501217900562e-06
47950.056 7.313526314801818e-07
48000.056 1.1865037189499967e-06
48050.056 8.361887144701643e-07
48100.056 9.405825236399822e-07
48150.056 8.647323266101296e-07
48200.056 1.048693737470203e-06
48250.056 8.557105576798859e-07
48300.056 1.1663869458697723e-06
48350.056 7.623195601999614e-07
48400.056 1.0536474953899958e-06
48450.056 8.395377273100776e-07
48500.056 1.1800563126000363e-06
48550.056 7.912827118100564e-07
48600.056 1.0560308625699016e-06
48650.056 8.088460232299602e-07
48700.056 1.0037974102300755e-06
48750.056 7.291186172401075e-07
48800.056 1.2113215785300905e-06
48850.056 8.169346117498582e-07
48900.056 1.0396342839100945e-06
48950.056 9.716177245900479e-07
49000.056 9.644846979198707e-07
49050.056 9.946042546099395e-07
49100.056 9.181643871001382e-07
49150.056 9.920580411100795e-07
49200.056 9.452747645999706e-07
49250.056 9.761581996300368e-07
49300.056 8.358944652199174e-07
49350.056 8.925235987000077e-07
49400.056 1.0913991709401293e-06
49450.056 8.977872647302167e-07
49500.056 9.788804391900839e-07
49550.056 8.283557593100199e-07
49600.056 9.294256000602865e-07
49650.056 9.666242005700685e-07
49700.056 8.181174887099365e-07
49750.056 1.2398801983697681e-06
49800.056 9.331843242000673e-07
49850.056 1.198045755660031e-06
49900.056 9.251453109901065e-07
49950.056 1.030932803179656e-06
50000.056 9.873574084997742e-07
50050.056 9.977730744601186e-07
50100.056 1.0609482639699234e-06
50150.056 8.991368751800558e-07
50200.056 8.266662381301022e-07
50250.056 9.672290752000454e-07
50300.056 9.105400289399095e-07
50350.056 1.0579414364900499e-06
50400.056 9.427002536500251e-07
50450.056 9.331406257501621e-07
50500.056 1.228691066330246e-06
50550.056 9.84994870179926e-07
50600.056 1.061642595560071e-06
50650.056 1.002017269650293e-06
50700.056 1.0963756290595795e-06
50750.056 1.1052261294201633e-06
50800.056 8.485356023299443e-07
50850.056 9.931323616002218e-07
50900.056 1.0570058141699607e-06
50950.056 1.1040067698301508e-06
51000.056 1.2486985966201014e-06
51050.056 9.134952579301692e-07
51100.056 9.160021738599011e-07
51150.056 1.0602076032899165e-06
51200.056 1.0212937349499144e-06
51250.056 1.122082793029901e-06
51300.056 9.403732094903767e-07
51350.056 1.0487462505997072e-06
51400.056 9.725499838897043e-07
51450.056 7.31151310169863e-07
51500.056 1.0093183947599264e-06
51550.056 1.2900673921901102e-06
51600.056 8.50464840530058e-07
51650.056 1.0011636151698188e-06
51700.056 9.298952162296987e-07
51750.056 9.026061531500893e-07
51800.056 1.0785462736598371e-06
51850.056 1.0961078520599137e-06
51900.056 1.1362294128802836e-06
51950.056 1.0458409985099095e-06
52000.056 9.010742971499317e-07
52050.056 1.0342981350499583e-06
52100.056 9.747423575897554e-07
52150.056 9.88504952940093e-07
52200.056 9.610688850100667e-07
52250.056 1.002818885080009e-06
52300.056 1.0545467401799985e-06
52350.056 1.1946696249202057e-06
52400.056 8.617124613501146e-07
52450.056 1.0123318527999442e-06
52500.056 1.1148115176497548e-06
52550.056 1.0129109656396193e-06
52600.056 1.061712650000197e-06
52650.056 1.2204698873402082e-06
52700.056 1.0282971827100056e-06
52750.056 8.152850432398647e-07
52800.056 9.374392274201214e-07
52850.056 8.876196960398677e-07
52900.056 9.782221235501101e-07
52950.056 9.90418811089797e-07
53000.056 1.1205663142399e-06
53050.056 9.78346826599809e-07
53100.056 8.955603260896976e-07
53150.056 1.1675340879402535e-06
53200.056 8.041826601501441e-07
53250.056 1.2028669008399295e-06
53300.056 1.1481830777405408e-06
53350.056 1.1112179970098821e-06
53400.056 1.0253327597301298e-06
53450.056 9.0569047427003e-07
53500.056 7.942161323898114e-07
53550.056 1.012366775129865e-06
