galfind/configs/Brown_Dwarf_templates/sonora_bobcat/m0.0/10g/sp_t950g10nc_m0.0_resample.dat
# %ECSV 1.0
# ---
# datatype:
# - {name: wav, unit: Angstrom, datatype: float64}
# - {name: flux_nu, unit: erg / (cm2 Hz s), datatype: float64}
# meta: {C/O: '1.00', Kzz: '1.0000E+05', Teff: '950.', Y: '0.28', '[Fe/H]': '0.00', f_hole: '1.00', f_rain: '0.00', grav: '10.'}
# schema: astropy-2.0
wav flux_nu
4000.0559999999996 nan
4050.0559999999996 6.749695099338512e-13
4100.056 1.461829256213954e-11
4150.056 2.7199591905902358e-11
4200.056 2.289589569971878e-11
4250.056 3.72364602900102e-11
4300.056 4.219853791920556e-11
4350.056 4.6750663254902906e-11
4400.056 5.706059412700644e-11
4450.056 5.91638770760005e-11
4500.056 6.179736267900415e-11
4550.056 7.598792345634184e-11
4600.056 8.609207312816184e-11
4650.056 8.114005626699141e-11
4700.056 8.954162494000435e-11
4750.056 7.149037045899975e-11
4800.056 3.178792083829931e-11
4850.056 1.0482290474299598e-11
4900.056 4.034064783199937e-12
4950.056 1.652764950679985e-12
5000.056 5.383586345999947e-13
5050.056 2.0219552863999781e-13
5100.056 1.6070518667999924e-13
5150.056 1.3983813059999832e-13
5200.056 1.2193568916000048e-13
5250.056 1.0489932820099972e-13
5300.056 9.102896130999986e-14
5350.056 8.10511034489999e-14
5400.056 7.388255301199981e-14
5450.056 6.813613083499975e-14
5500.056 6.320388142599996e-14
5550.056 5.895525753799994e-14
5600.056 5.498352950699988e-14
5650.056 5.067289788700003e-14
5700.056 4.5994019785999994e-14
5750.056 3.949013795199986e-14
5800.056 3.108897246699991e-14
5850.056 1.9042646797299795e-14
5900.056 5.037503612216608e-15
5950.056 3.9937729296000614e-14
6000.056 9.544563576900065e-14
6050.056 1.8906279973000154e-13
6100.056 3.430697417100023e-13
6150.056 5.987615865900042e-13
6200.056 1.022074713910007e-12
6250.056 1.7141513031000109e-12
6300.056 2.8374470045000205e-12
6350.056 4.6346900960000364e-12
6400.056 7.456755548800049e-12
6450.056 1.1707143972799952e-11
6500.056 1.8168937447000083e-11
6550.056 2.769231985500016e-11
6600.056 4.162344617500048e-11
6650.056 6.135771718700028e-11
6700.056 6.878658677459639e-11
6750.056 1.2170333108700063e-10
6800.056 1.612135080700004e-10
6850.056 1.8383383952000022e-10
6900.056 1.7716070580000243e-10
6950.056 1.6072937730299912e-10
7000.056 1.6433950158900242e-10
7050.056 1.7962896212499732e-10
7100.056 1.9852823092299975e-10
7150.056 2.0079155069729616e-10
7200.056 1.959982937785033e-10
7250.056 1.8859079629498707e-10
7300.056 1.704806010947981e-10
7350.056 1.5183498185159553e-10
7400.056 1.3389985577300372e-10
7450.056 1.1234985330000201e-10
7500.056 8.968622288099932e-11
7550.056 6.64899832379995e-11
7600.056 4.5755506468999545e-11
7650.056 9.154444452196755e-12
7700.056 4.666331452476326e-12
7750.056 3.870946654900097e-11
7800.056 7.832824043732138e-11
7850.056 1.6965776589000093e-10
7900.056 2.784122606900009e-10
7950.056 3.440256093937246e-10
8000.056 6.382782349100106e-10
8050.056 8.831315148800304e-10
8100.056 1.1120604361480102e-09
8150.056 1.4272681964590737e-09
8200.056 1.879489109175964e-09
8250.056 2.356554722423551e-09
8300.056 2.9603023089147555e-09
8350.056 3.627336710746747e-09
8400.056 4.441830153736917e-09
8450.056 5.575849067649641e-09
8500.056 6.042406083982302e-09
8550.056 7.891265867800085e-09
8600.056 9.793922451900008e-09
8650.056 1.0933546763099673e-08
8700.056 1.265800462489898e-08
8750.056 1.479526192930054e-08
8800.056 1.732223919170121e-08
8850.056 1.944007777959879e-08
8900.056 1.7264787331918795e-08
8950.056 1.5954371248183096e-08
9000.056 2.002949119017019e-08
9050.056 2.8062142031897195e-08
9100.056 3.208017675946789e-08
9150.056 3.223125935292439e-08
9200.056 3.77917053741843e-08
9250.056 3.7500857832585977e-08
9300.056 1.9695787607545537e-08
9350.056 2.1851616765670515e-08
9400.056 2.6136253947054354e-08
9450.056 3.322126742112704e-08
9500.056 3.336959138330539e-08
9550.056 3.8368309039744625e-08
9600.056 3.5879561322259346e-08
9650.056 4.021467104930822e-08
9700.056 4.3750415210501526e-08
9750.056 4.439054857842216e-08
9800.056 4.807627023685191e-08
9850.056 5.4553029437876056e-08
9900.056 5.8757762893123106e-08
9950.056 5.91242415831422e-08
10000.056 5.5914921805379294e-08
10050.056 6.957882014950317e-08
10100.056 8.483324456677321e-08
10150.056 9.813926882697184e-08
10200.056 1.1513650188298735e-07
10250.056 1.2689029398698666e-07
10300.056 1.399050660950096e-07
10350.056 1.6360692525699163e-07
10400.056 1.856266767389852e-07
10450.056 1.9311650909599804e-07
10500.056 1.8734394504400844e-07
10550.056 1.89584958552023e-07
10600.056 2.000123300559978e-07
10650.056 2.205291351170025e-07
10700.056 2.3206444728421909e-07
10750.056 2.5209323093040925e-07
10800.056 2.680246159054057e-07
10850.056 2.71604791732958e-07
10900.056 2.1036992650658324e-07
10950.056 1.2405559734727467e-07
11000.056 1.1785116509214279e-07
11050.056 1.0453745151420256e-07
11100.056 8.725744674568654e-08
11150.056 6.584516851789912e-08
11200.056 5.919571465775028e-08
11250.056 6.770610664349628e-08
11300.056 7.117657509528476e-08
11350.056 3.990309639056373e-08
11400.056 5.4594036529979605e-08
11450.056 5.273046260014545e-08
11500.056 5.2234398649639824e-08
11550.056 2.9595865862124066e-08
11600.056 3.5089532768465184e-08
11650.056 4.7392688396894314e-08
11700.056 4.243145561519157e-08
11750.056 2.1261126017873283e-08
11800.056 4.806318688047499e-08
11850.056 6.881618901902739e-08
11900.056 7.457418793663116e-08
11950.056 1.0307550833687083e-07
12000.056 1.229630667074009e-07
12050.056 1.5207166047735608e-07
12100.056 1.7517936698835625e-07
12150.056 2.095506060706929e-07
12200.056 2.409852584524706e-07
12250.056 2.706926833219855e-07
12300.056 3.046175408453676e-07
12350.056 3.220666216540375e-07
12400.056 3.496573213270052e-07
12450.056 3.529481679710467e-07
12500.056 3.8417507451798607e-07
12550.056 4.083792292940495e-07
12600.056 4.666290308380199e-07
12650.056 4.613974243687795e-07
12700.056 4.879672309504933e-07
12750.056 4.851679552436383e-07
12800.056 4.989656647778732e-07
12850.056 4.567508363040295e-07
12900.056 4.116009851979168e-07
12950.056 4.243250376618065e-07
13000.056 3.8281136715808145e-07
13050.056 3.5941903341745755e-07
13100.056 3.29832176896673e-07
13150.056 2.868762094636052e-07
13200.056 2.5313183849747943e-07
13250.056 2.0505548867352272e-07
13300.056 1.09522257995119e-07
13350.056 4.0478723462644945e-08
13400.056 3.200595160012784e-08
13450.056 2.069602148240303e-08
13500.056 1.6988361610378598e-08
13550.056 1.3470176012996449e-08
13600.056 7.343916082787735e-09
13650.056 1.3189052764481146e-08
13700.056 1.1755259330789494e-08
13750.056 9.789400471688851e-09
13800.056 1.0578018692560481e-08
13850.056 9.607760927097e-09
13900.056 1.0015529608886568e-08
13950.056 8.910437413489938e-09
14000.056 8.845547421485767e-09
14050.056 1.0221951462245137e-08
14100.056 1.0316510160373756e-08
14150.056 1.2819964347981085e-08
14200.056 1.1347427929970659e-08
14250.056 1.2629572803088796e-08
14300.056 1.6369403636599677e-08
14350.056 1.6744827110333397e-08
14400.056 2.049941270308721e-08
14450.056 2.1769440186736145e-08
14500.056 3.173026745967758e-08
14550.056 3.597198328821185e-08
14600.056 4.160618538014556e-08
14650.056 4.4004476788824507e-08
14700.056 3.978064317350448e-08
14750.056 4.689985454695014e-08
14800.056 5.653065600439281e-08
14850.056 6.169143278565069e-08
14900.056 6.658443573126587e-08
14950.056 7.013902205726929e-08
15000.056 7.722043686288502e-08
15050.056 8.786941441679117e-08
15100.056 9.670440031393798e-08
15150.056 1.0896472716228086e-07
15200.056 1.1081405923975251e-07
15250.056 1.222714705269051e-07
15300.056 1.3566341763520286e-07
15350.056 1.4520881375664463e-07
15400.056 1.62208897586613e-07
15450.056 1.7705625755122366e-07
15500.056 1.8242450994265223e-07
15550.056 2.009722549399945e-07
15600.056 1.9393564325280932e-07
15650.056 2.1124572187542084e-07
15700.056 2.447432058921395e-07
15750.056 2.650117693010002e-07
15800.056 2.5462592151612764e-07
15850.056 2.858422691999375e-07
15900.056 2.7464698254404767e-07
15950.056 2.861117493839187e-07
16000.056 2.519157540760077e-07
16050.056 2.009196358549029e-07
16100.056 1.6907769040060472e-07
16150.056 1.3025499066167822e-07
16200.056 1.0082686979143693e-07
16250.056 9.005637386281013e-08
16300.056 7.368833536841414e-08
16350.056 8.050806033471677e-08
16400.056 9.824803808833298e-08
16450.056 1.0289732797083103e-07
16500.056 1.1173003738722995e-07
16550.056 1.0962895768193253e-07
16600.056 9.958873691092497e-08
16650.056 9.393065319439987e-08
16700.056 3.5752914537981106e-08
16750.056 4.03131743446756e-08
16800.056 7.228845308405879e-08
16850.056 8.136455959104785e-08
16900.056 6.61730095994232e-08
16950.056 5.111679469825317e-08
17000.056 3.6589521297754813e-08
17050.056 5.553227386975342e-08
17100.056 6.936090649507264e-08
17150.056 4.9134742074085346e-08
17200.056 7.100443891296601e-08
17250.056 6.504617130507891e-08
17300.056 4.8597761421264566e-08
17350.056 4.178777244946555e-08
17400.056 5.020511148428617e-08
17450.056 5.6354445715876065e-08
17500.056 6.560701184700555e-08
17550.056 6.499638958716761e-08
17600.056 5.673981725708221e-08
17650.056 5.714267410902515e-08
17700.056 4.1222918507548017e-08
17750.056 4.175995269597265e-08
17800.056 6.130847015021065e-08
17850.056 4.6126039228796094e-08
17900.056 3.8233765665259536e-08
17950.056 3.549572324628387e-08
18000.056 4.1122990104684213e-08
18050.056 4.5728080213220695e-08
18100.056 5.019340411095442e-08
18150.056 6.369582592288598e-08
18200.056 4.5089772181374446e-08
18250.056 6.986438047566341e-08
18300.056 5.987187830965397e-08
18350.056 4.9700307860768364e-08
18400.056 5.29328883084767e-08
18450.056 5.46480120687641e-08
18500.056 5.978118559521322e-08
18550.056 5.352887706230494e-08
18600.056 4.8016085373142526e-08
18650.056 5.37135734547245e-08
18700.056 5.5005703551803654e-08
18750.056 6.14576427526781e-08
18800.056 7.843190957878328e-08
18850.056 9.019686466513655e-08
18900.056 8.977683541754088e-08
18950.056 1.0388763084153041e-07
19000.056 1.0147426657443367e-07
19050.056 8.954729889561844e-08
19100.056 1.1159807744873568e-07
19150.056 1.0733549931248127e-07
19200.056 1.1234937822224678e-07
19250.056 1.0223242630093926e-07
19300.056 1.0522926308843159e-07
19350.056 9.474195802516246e-08
19400.056 7.957899052896108e-08
19450.056 1.1111918448348286e-07
19500.056 1.0600784936567015e-07
19550.056 8.31884428026778e-08
19600.056 1.1088228844861734e-07
19650.056 1.1502781285704283e-07
19700.056 1.1885657426821231e-07
19750.056 1.1634570480274525e-07
19800.056 1.2234910367247122e-07
19850.056 1.3977394712970884e-07
19900.056 1.1720851523562573e-07
19950.056 1.5640377983251596e-07
20000.056 1.404766800931489e-07
20050.056 1.5398827979136223e-07
20100.056 1.731979364710788e-07
20150.056 1.6874986113106913e-07
20200.056 1.8213642716005045e-07
20250.056 2.0160502361848171e-07
20300.056 1.9997501655386478e-07
20350.056 2.1979484489326862e-07
20400.056 2.1419095665536351e-07
20450.056 2.407584946927222e-07
20500.056 2.461234752719003e-07
20550.056 2.458650636270977e-07
20600.056 2.7056841987043705e-07
20650.056 2.6461096782567093e-07
20700.056 2.7314232504407683e-07
20750.056 2.853112457748426e-07
20800.056 2.878328465432365e-07
20850.056 2.8026376940998026e-07
20900.056 2.858856084147022e-07
20950.056 2.7905104385194375e-07
21000.056 2.7412381080108366e-07
21050.056 2.716787293959915e-07
21100.056 2.574945220680307e-07
21150.056 2.640379196177561e-07
21200.056 2.434190661011967e-07
21250.056 2.3313702333104243e-07
21300.056 2.011914099592154e-07
21350.056 2.082197136240997e-07
21400.056 1.9093201051355546e-07
21450.056 1.814623043426822e-07
21500.056 1.6380263564964171e-07
21550.056 1.5040985868833724e-07
21600.056 1.3006962398378081e-07
21650.056 1.1249089445275652e-07
21700.056 1.132482822332291e-07
21750.056 9.737882462705599e-08
21800.056 8.256459047081606e-08
21850.056 7.374243145850447e-08
21900.056 5.320378073216609e-08
21950.056 3.246617499889961e-08
22000.056 1.4472689299288148e-08
22050.056 8.327735437929538e-09
22100.056 1.1939984701137064e-08
22150.056 1.948897305284221e-08
22200.056 2.3847441412309424e-08
22250.056 2.0661991660957693e-08
22300.056 1.7423504128156345e-08
22350.056 1.6209695857274737e-08
22400.056 1.2281328729830338e-08
22450.056 1.0306404436628652e-08
22500.056 9.266748595006501e-09
22550.056 7.766188888919431e-09
22600.056 8.187613442207645e-09
22650.056 8.50129343285475e-09
22700.056 7.550025663173411e-09
22750.056 8.137317417945131e-09
22800.056 6.945031028564296e-09
22850.056 6.184440981567182e-09
22900.056 5.288432922604839e-09
22950.056 5.045024189188123e-09
23000.056 6.4403696374492296e-09
23050.056 8.57588924718106e-09
23100.056 1.3716015817752683e-08
23150.056 1.6845502008101117e-08
23200.056 5.436521557820367e-09
23250.056 5.558319230070955e-09
23300.056 5.1340477152631095e-09
23350.056 5.192263515478595e-09
23400.056 5.757673413723225e-09
23450.056 5.778245580737944e-09
23500.056 6.279710539735505e-09
23550.056 7.868938624482555e-09
23600.056 8.71180336288912e-09
23650.056 1.155409918987073e-08
23700.056 8.384112035898123e-09
23750.056 6.374559265009458e-09
23800.056 6.318334108200295e-09
23850.056 7.57579101612954e-09
23900.056 1.1026133570083523e-08
23950.056 1.3202944683886272e-08
24000.056 1.3466746495219264e-08
24050.056 1.817303068757501e-08
24100.056 1.7231345264818354e-08
24150.056 1.9214101476342628e-08
24200.056 1.904402185870502e-08
24250.056 1.613624843380395e-08
24300.056 1.929985613565588e-08
24350.056 1.6432632531561744e-08
24400.056 2.1537654020787055e-08
24450.056 2.25936724639696e-08
24500.056 2.3361417675327392e-08
24550.056 2.838910415674826e-08
24600.056 2.9066058297193135e-08
24650.056 3.5050192832261925e-08
24700.056 3.028152712947036e-08
24750.056 3.533031606383586e-08
24800.056 3.738386654891854e-08
24850.056 4.4455651506975546e-08
24900.056 3.668389012069116e-08
24950.056 5.2208223862950935e-08
25000.056 5.0111094512978394e-08
25050.056 4.30851987173875e-08
25100.056 5.456498424853521e-08
25150.056 4.262871201268098e-08
25200.056 5.3902819898516736e-08
25250.056 4.704708423616319e-08
25300.056 6.115837282312465e-08
25350.056 4.345783140786295e-08
25400.056 6.378075987427547e-08
25450.056 4.600648233168662e-08
25500.056 4.530918635701253e-08
25550.056 4.784023272869029e-08
25600.056 3.9894041670723313e-08
25650.056 3.669846338670992e-08
25700.056 5.1349435325866765e-08
25750.056 3.0606196951604286e-08
25800.056 4.648428293944731e-08
25850.056 3.396793952536196e-08
25900.056 3.9273427605051136e-08
25950.056 3.128014627304677e-08
26000.056 5.6191401665758303e-08
26050.056 4.604336086862923e-08
26100.056 5.1036178926985775e-08
26150.056 4.41892558867217e-08
26200.056 5.156925548029942e-08
26250.056 6.202250088923513e-08
26300.056 5.5478478819520175e-08
26350.056 7.675723647214785e-08
26400.056 8.013032142259979e-08
26450.056 9.04586857306528e-08
26500.056 9.391024874097653e-08
26550.056 7.010820372345084e-08
26600.056 9.358700855998177e-08
26650.056 5.710627480498423e-08
26700.056 5.871926694055191e-08
26750.056 4.432532636329436e-08
26800.056 6.747230624318325e-08
26850.056 4.2980281630723535e-08
26900.056 7.830370689163133e-08
26950.056 4.713649872566868e-08
27000.056 8.878417588800312e-08
27050.056 6.973316320446288e-08
27100.056 6.460654434153744e-08
27150.056 9.581518093753601e-08
27200.056 7.15419195918104e-08
27250.056 7.717553527090779e-08
27300.056 1.2238379568262808e-07
27350.056 1.0552971251039384e-07
27400.056 5.61440359391758e-08
27450.056 1.3324139976464874e-07
27500.056 1.2224885510193833e-07
27550.056 8.101805774507738e-08
27600.056 1.288630079573719e-07
27650.056 7.314329286978758e-08
27700.056 6.466431331721728e-08
27750.056 1.2483098615017343e-07
27800.056 6.968137338427123e-08
27850.056 8.391800104931278e-08
27900.056 9.188498654213333e-08
27950.056 1.3093993565991795e-07
28000.056 1.1734557109894028e-07
28050.056 5.842099159051552e-08
28100.056 1.3840080646690866e-07
28150.056 9.72556979307335e-08
28200.056 6.372785340522052e-08
28250.056 1.2722381007942414e-07
28300.056 1.6073074212549074e-07
28350.056 8.352166189956495e-08
28400.056 1.0662546358707253e-07
28450.056 1.2922298121301113e-07
28500.056 1.1830600891314377e-07
28550.056 5.987020434396956e-08
28600.056 1.4956280515885024e-07
28650.056 1.3354502537348307e-07
28700.056 1.227105434614632e-07
28750.056 1.533563691013224e-07
28800.056 1.2973263857754277e-07
28850.056 1.5326159811494185e-07
