galfind/configs/Brown_Dwarf_templates/sonora_bobcat/m0.0/10g/sp_t200g10nc_m0.0_resample.dat
# %ECSV 1.0
# ---
# datatype:
# - {name: wav, unit: Angstrom, datatype: float64}
# - {name: flux_nu, unit: erg / (cm2 Hz s), datatype: float64}
# meta: {C/O: '1.00', Kzz: '1.0000E+05', Teff: '200.', Y: '0.28', '[Fe/H]': '0.00', f_hole: '1.00', f_rain: '0.00', grav: '10.'}
# schema: astropy-2.0
wav flux_nu
4000.0559999999996 nan
4050.0559999999996 2.7751845176500568e-21
4100.056 3.1458368797000466e-20
4150.056 7.660405881900039e-20
4200.056 8.843354964340026e-20
4250.056 4.495396788800019e-19
4300.056 1.0545788130299859e-18
4350.056 2.0207696257000132e-18
4400.056 2.257677630379945e-18
4450.056 2.227471406655956e-18
4500.056 5.492691556320091e-18
4550.056 1.080722198420009e-17
4600.056 1.5129810912999924e-17
4650.056 1.5168612201099927e-17
4700.056 1.0572810557300134e-17
4750.056 9.737361816900258e-18
4800.056 1.0924347191600005e-17
4850.056 6.996594797299987e-18
4900.056 5.62498592790004e-18
4950.056 5.299675452300037e-18
5000.056 3.71522000214001e-18
5050.056 2.0022018347178857e-18
5100.056 2.8662624841901317e-18
5150.056 5.138641847800039e-18
5200.056 7.601536260400094e-18
5250.056 9.120165432100034e-18
5300.056 1.103600380350009e-17
5350.056 1.3283993403000026e-17
5400.056 1.2504241301800097e-17
5450.056 1.437687760210083e-17
5500.056 1.9310373167000184e-17
5550.056 2.6785581560999963e-17
5600.056 3.305625984500009e-17
5650.056 3.588735441199987e-17
5700.056 2.505268716633962e-17
5750.056 2.5921268202400185e-17
5800.056 2.449471160219963e-17
5850.056 1.451451656421956e-17
5900.056 1.4307389532150123e-18
5950.056 1.3461051571129965e-17
6000.056 4.5234936632225125e-17
6050.056 1.6343967768360058e-16
6100.056 4.0160101244000967e-16
6150.056 7.351108738500068e-16
6200.056 1.1460257306300086e-15
6250.056 1.3246643924299915e-15
6300.056 1.8426766429259817e-15
6350.056 2.452998861099961e-15
6400.056 3.061266091830009e-15
6450.056 2.0410876976442505e-15
6500.056 2.1410853727869055e-15
6550.056 3.0570680004967676e-15
6600.056 5.427926098653338e-15
6650.056 1.0460760581805287e-14
6700.056 1.9519474199300112e-14
6750.056 3.026361342500039e-14
6800.056 3.54717372670008e-14
6850.056 3.6847059316000066e-14
6900.056 2.2515537339738875e-14
6950.056 6.097277512386346e-15
7000.056 7.807432205447252e-15
7050.056 6.934664392226633e-15
7100.056 8.122670942786249e-15
7150.056 3.369282309210958e-15
7200.056 4.3336048129797065e-16
7250.056 6.078393202201161e-16
7300.056 9.872976833815396e-16
7350.056 2.679618863611501e-15
7400.056 7.394456829887319e-15
7450.056 3.033358550429382e-14
7500.056 7.320323283699975e-14
7550.056 1.3229589681400069e-13
7600.056 1.784838352000002e-13
7650.056 1.0806798794359788e-13
7700.056 1.111317094568023e-13
7750.056 2.7187686681000227e-13
7800.056 2.544760744529948e-13
7850.056 1.801676037749453e-13
7900.056 1.5366943186618401e-13
7950.056 1.9245432709820916e-13
8000.056 1.1463774500401385e-13
8050.056 1.17449698559322e-13
8100.056 2.1797842576777276e-14
8150.056 1.7238828861180352e-15
8200.056 1.1593830372881561e-14
8250.056 1.7886216273748883e-14
8300.056 8.199740161157947e-15
8350.056 7.966652552833392e-15
8400.056 9.886503556662277e-15
8450.056 2.6183558845663957e-14
8500.056 3.5098813317249377e-14
8550.056 5.060791934385157e-14
8600.056 6.456952633199963e-14
8650.056 5.822773166500124e-14
8700.056 2.0058768418300194e-14
8750.056 9.295049774899898e-15
8800.056 2.7139746194471136e-15
8850.056 9.122592236276677e-16
8900.056 1.7636236823659117e-18
8950.056 1.3600750827762098e-19
9000.056 9.493953954561984e-20
9050.056 1.3927656697961988e-18
9100.056 7.094957683750407e-18
9150.056 6.320614373711622e-17
9200.056 7.958611878908989e-16
9250.056 5.713479775571058e-16
9300.056 4.957285363054253e-19
9350.056 9.760068145133697e-20
9400.056 6.548310792693091e-18
9450.056 2.4483836688310048e-18
9500.056 4.583405631644536e-18
9550.056 3.517344636697862e-18
9600.056 1.1269439653087465e-17
9650.056 5.411894396157066e-17
9700.056 6.075377172392955e-16
9750.056 1.6148631881412493e-16
9800.056 6.160783611926105e-17
9850.056 3.214535137903052e-17
9900.056 2.869925145604501e-17
9950.056 1.9327737146670416e-17
10000.056 1.5194266669689658e-17
10050.056 1.2741508615054031e-17
10100.056 1.065746967217358e-17
10150.056 4.275821000057572e-18
10200.056 2.899514822828817e-19
10250.056 1.4165778475079114e-19
10300.056 9.898385737189694e-19
10350.056 3.8906127868103536e-19
10400.056 8.922173833861196e-18
10450.056 3.354752638914562e-17
10500.056 2.028382623797628e-16
10550.056 1.33958021232016e-15
10600.056 3.482750453477158e-15
10650.056 4.528678317855908e-15
10700.056 2.902797524189341e-15
10750.056 2.9988651539776266e-15
10800.056 3.156085597912313e-15
10850.056 2.3024977848195006e-15
10900.056 1.3088608148022026e-15
10950.056 6.814092708622195e-16
11000.056 3.037051105365286e-16
11050.056 1.5677533654125098e-16
11100.056 2.851802596860641e-17
11150.056 2.426419755862719e-18
11200.056 1.6575230248079028e-19
11250.056 2.3879628148680926e-20
11300.056 1.0020454995958808e-18
11350.056 2.204130314935195e-20
11400.056 1.1113283633388925e-18
11450.056 4.1735819723295654e-19
11500.056 4.69554619002229e-19
11550.056 4.461026032444367e-20
11600.056 1.4329610240179563e-21
11650.056 5.3541105190145407e-20
11700.056 1.155615355984898e-19
11750.056 1.1530080173804945e-20
11800.056 1.1820442392532025e-19
11850.056 5.180626465424068e-20
11900.056 7.189592651177454e-20
11950.056 2.602892959136804e-19
12000.056 4.0404067456715716e-19
12050.056 5.011894069791659e-19
12100.056 1.0595232355025325e-18
12150.056 1.4021572559167451e-18
12200.056 1.19179292710201e-18
12250.056 1.4747840079729734e-17
12300.056 6.119646076599412e-17
12350.056 7.364352238615541e-17
12400.056 3.8813975139108805e-16
12450.056 1.8324602858578154e-15
12500.056 2.7249557947089348e-15
12550.056 2.696151836535731e-15
12600.056 8.879415456646919e-15
12650.056 4.0855265528723283e-14
12700.056 4.354937252636352e-14
12750.056 1.3086912102257691e-14
12800.056 3.3208675951860342e-15
12850.056 7.618420355172325e-16
12900.056 2.6471791011249883e-16
12950.056 1.7373015581723947e-16
13000.056 1.3150963759076038e-16
13050.056 7.299065303969719e-17
13100.056 4.0193882840411714e-17
13150.056 1.2362821499628924e-17
13200.056 1.7664588050707853e-17
13250.056 3.998841377716045e-17
13300.056 1.514910337527734e-17
13350.056 4.4013929174491636e-18
13400.056 2.8816080377803727e-18
13450.056 4.011878100215625e-19
13500.056 1.8033006966204484e-20
13550.056 1.257632627648423e-21
13600.056 2.196116570761482e-23
13650.056 3.4436687127651813e-22
13700.056 8.048240059496073e-23
13750.056 1.0887940720731766e-21
13800.056 5.256857940752447e-22
13850.056 2.3367625156759863e-22
13900.056 1.2946149567430072e-21
13950.056 4.6137213294235835e-22
14000.056 3.0879201139039766e-21
14050.056 1.802459447789948e-21
14100.056 4.486816076206287e-21
14150.056 9.47907918323011e-20
14200.056 5.541490383787737e-20
14250.056 1.660553822332051e-19
14300.056 5.4886191776339755e-19
14350.056 5.572403443059755e-19
14400.056 5.590642027336264e-19
14450.056 1.3267798182152908e-18
14500.056 4.99775654253938e-18
14550.056 1.728462104623389e-17
14600.056 1.0176055027903982e-17
14650.056 1.8148338523148687e-18
14700.056 6.239392022065061e-19
14750.056 3.7127961123877234e-20
14800.056 1.5781642758402888e-19
14850.056 1.0909526242027557e-19
14900.056 5.98149140537427e-20
14950.056 1.8054254107416245e-20
15000.056 8.252434811604386e-20
15050.056 6.4713060603141485e-19
15100.056 3.863892292173833e-20
15150.056 3.945056895543287e-21
15200.056 2.8010808760254072e-19
15250.056 6.481755838234978e-19
15300.056 1.290771282655442e-18
15350.056 7.197710468624711e-18
15400.056 3.877233801938897e-18
15450.056 8.14313246698095e-18
15500.056 1.2686512084879355e-17
15550.056 1.3511025465758516e-16
15600.056 3.1787010483427946e-16
15650.056 1.318042648357718e-15
15700.056 4.605943735913646e-15
15750.056 8.688923668708865e-15
15800.056 1.0985924901070618e-14
15850.056 1.8598303032347854e-14
15900.056 3.288948752366879e-14
15950.056 5.880477920929328e-14
16000.056 6.516352772655057e-14
16050.056 3.8740616650183825e-14
16100.056 1.7706314618763775e-14
16150.056 5.627381601555285e-15
16200.056 1.3353502092582787e-15
16250.056 3.6254333268173167e-16
16300.056 5.12542721567701e-17
16350.056 4.9027116494656625e-17
16400.056 8.132824111010903e-17
16450.056 5.804116083562138e-17
16500.056 5.490474076805598e-17
16550.056 3.715715798924398e-17
16600.056 3.006975815853791e-16
16650.056 5.665774676478128e-17
16700.056 1.0736231737095244e-17
16750.056 1.8242435381717587e-17
16800.056 9.00719403382174e-17
16850.056 6.544368624503628e-17
16900.056 8.031187237703039e-18
16950.056 2.5745173914241875e-18
17000.056 7.236610770493008e-19
17050.056 7.986031886972314e-19
17100.056 1.0061755496706394e-17
17150.056 2.315778724392635e-18
17200.056 4.025892017605511e-17
17250.056 1.5750196197585302e-18
17300.056 3.6475288621891165e-18
17350.056 6.283864042198525e-18
17400.056 3.232846194468616e-17
17450.056 4.0713139392854266e-17
17500.056 1.308406462939533e-16
17550.056 1.258614667921219e-16
17600.056 1.141361775457788e-16
17650.056 3.276142066409845e-17
17700.056 2.4281686035667427e-17
17750.056 1.7680428932984448e-17
17800.056 3.987061821898982e-16
17850.056 1.9406435076658142e-17
17900.056 2.0340608933353784e-17
17950.056 2.254741789734069e-17
18000.056 2.815053913887436e-17
18050.056 3.4460576446064375e-17
18100.056 5.18086378901621e-17
18150.056 1.1734381001675261e-17
18200.056 1.131701934322136e-17
18250.056 9.854344899807445e-17
18300.056 3.219141094939902e-18
18350.056 2.386520359470762e-18
18400.056 5.766303031879383e-19
18450.056 1.218563720751305e-17
18500.056 6.297407117754206e-18
18550.056 3.318174146135154e-18
18600.056 1.7809548246273135e-17
18650.056 2.4447556034627625e-17
18700.056 9.583560375214141e-19
18750.056 1.286986608259176e-18
18800.056 5.153841230344644e-17
18850.056 2.8723809751333773e-17
18900.056 8.491255215384441e-17
18950.056 6.872952154438913e-17
19000.056 5.196156449604149e-18
19050.056 2.4736249857619626e-18
19100.056 1.1422009104487117e-17
19150.056 5.378373644377668e-18
19200.056 1.3709546643965709e-17
19250.056 8.616065691334423e-18
19300.056 3.2504320802864356e-18
19350.056 3.502528187977326e-18
19400.056 1.926800857759253e-18
19450.056 1.3862037347519578e-18
19500.056 4.682909563573787e-19
19550.056 4.085329422816659e-18
19600.056 1.2814059704727226e-17
19650.056 6.130106724490506e-18
19700.056 1.2745968784373803e-17
19750.056 3.521252484109207e-17
19800.056 1.306460292517252e-17
19850.056 1.7688824841462676e-17
19900.056 3.5512891520967854e-17
19950.056 4.489923399251962e-17
20000.056 4.873573649567557e-17
20050.056 4.182553938716361e-17
20100.056 5.636257045423861e-17
20150.056 4.109657466155249e-17
20200.056 1.975951560342906e-17
20250.056 8.314472018715752e-17
20300.056 1.3243470707731593e-16
20350.056 1.682731498184241e-16
20400.056 1.218682112766281e-16
20450.056 2.0445461076141676e-16
20500.056 2.127811613664941e-16
20550.056 2.2859760685183785e-16
20600.056 2.2304874167613445e-16
20650.056 2.391251699985321e-16
20700.056 2.35826716771672e-16
20750.056 2.1859003356984713e-16
20800.056 1.7733429291202775e-16
20850.056 1.8739085604999782e-16
20900.056 1.7758055022699292e-16
20950.056 1.5044168075199322e-16
21000.056 1.3241116490069859e-16
21050.056 1.3080389143299324e-16
21100.056 1.280150681990064e-16
21150.056 1.3550977754501028e-16
21200.056 1.4229818812881537e-16
21250.056 1.6336228767698406e-16
21300.056 1.6995422879127834e-16
21350.056 1.9470636105040966e-16
21400.056 2.4287971666853756e-16
21450.056 2.1734044684297276e-16
21500.056 1.987891727578259e-16
21550.056 2.501667117090323e-16
21600.056 2.154017280831434e-16
21650.056 1.474516222054772e-16
21700.056 7.774476311042921e-17
21750.056 1.390518584159199e-16
21800.056 1.116974248189154e-16
21850.056 1.190915659992924e-16
21900.056 8.62811162183661e-17
21950.056 1.9213719490923906e-17
22000.056 4.471292365271863e-19
22050.056 1.4142546223816579e-18
22100.056 7.657958761506264e-18
22150.056 2.969642271473245e-18
22200.056 2.0615046109595393e-18
22250.056 1.3853756177031977e-18
22300.056 1.908978311068195e-19
22350.056 8.614388165368399e-19
22400.056 2.1494419030945912e-19
22450.056 4.805595843772877e-19
22500.056 3.517641978786728e-19
22550.056 3.7237856655811453e-20
22600.056 2.1644687057484213e-20
22650.056 2.4318988763808183e-20
22700.056 4.785365913997466e-20
22750.056 1.680651193885433e-19
22800.056 2.685870934507239e-19
22850.056 1.5831936451955978e-19
22900.056 8.472207448355352e-20
22950.056 2.3650586517552594e-20
23000.056 4.1251348694891875e-20
23050.056 8.565691591818981e-21
23100.056 2.6696222536058196e-18
23150.056 4.66146965085187e-18
23200.056 1.6291915629343016e-20
23250.056 4.089042919893324e-19
23300.056 1.014541978449e-19
23350.056 4.441639472766117e-19
23400.056 5.365799335906746e-19
23450.056 5.628795069864922e-20
23500.056 5.920947528016424e-20
23550.056 2.2758070532852815e-19
23600.056 1.3318295986404982e-18
23650.056 2.954640832028205e-18
23700.056 9.344041930781582e-20
23750.056 2.1630593213565169e-19
23800.056 2.9096589991156083e-18
23850.056 9.69912836778239e-19
23900.056 3.3506682390780785e-18
23950.056 7.351855393440748e-19
24000.056 7.349249027384465e-18
24050.056 8.734997405031363e-18
24100.056 2.94781137377458e-17
24150.056 4.3822330574158995e-17
24200.056 1.7967281260661978e-17
24250.056 1.4266438816890156e-17
24300.056 3.219448146298305e-17
24350.056 5.51971818444863e-17
24400.056 1.718855465698308e-16
24450.056 2.945353851395902e-16
24500.056 3.089677045194947e-16
24550.056 5.828585568257631e-16
24600.056 8.903433175695868e-16
24650.056 1.884426798390432e-15
24700.056 1.4335586648686371e-15
24750.056 2.459881265721172e-15
24800.056 2.350490049704747e-15
24850.056 3.5640689474274265e-15
24900.056 3.033274188320756e-15
24950.056 4.046425753189606e-15
25000.056 6.446768217864932e-15
25050.056 6.3087201662394256e-15
25100.056 6.5684231318159844e-15
25150.056 3.4275237363514495e-15
25200.056 5.48439763753835e-15
25250.056 3.2870639513203286e-15
25300.056 2.13672366911915e-15
25350.056 1.960664644623608e-15
25400.056 3.3177107707372543e-15
25450.056 9.127982164735753e-16
25500.056 7.082936181389281e-16
25550.056 1.564386420419677e-15
25600.056 4.647502297211872e-16
25650.056 1.9988368572505252e-16
25700.056 1.832067104068635e-16
25750.056 6.408329174678298e-17
25800.056 4.08138353716156e-16
25850.056 7.49743149165958e-17
25900.056 4.283417505638345e-17
25950.056 8.208899596206103e-17
26000.056 2.341206143167666e-16
26050.056 9.465716013350289e-17
26100.056 1.8271816724863758e-16
26150.056 1.3396202754951497e-16
26200.056 1.7390280139484064e-16
26250.056 4.7151772639326e-16
26300.056 2.3969432053427174e-16
26350.056 7.435540250263118e-16
26400.056 1.8774275269911384e-15
26450.056 1.9472404996549865e-15
26500.056 3.806652367580509e-15
26550.056 6.08103480672789e-16
26600.056 7.266938458744423e-16
26650.056 2.714461589810581e-16
26700.056 3.6457996058033465e-16
26750.056 4.941511509650514e-16
26800.056 1.2168692602995614e-15
26850.056 8.551384822293221e-16
26900.056 2.042016169608911e-15
26950.056 7.297733498009157e-16
27000.056 2.195680678513584e-15
27050.056 3.878414674300632e-15
27100.056 6.623682194072377e-16
27150.056 3.277443167774616e-15
27200.056 9.04553720519722e-16
27250.056 1.8657161092930763e-15
27300.056 8.483436597163865e-15
27350.056 4.125685945295795e-15
27400.056 9.683032970426916e-16
27450.056 6.321704414928777e-15
27500.056 6.739564168760602e-15
27550.056 2.655333844927447e-15
27600.056 5.730592728760104e-15
27650.056 2.5251866596495605e-15
27700.056 3.0572373075305112e-15
27750.056 8.647081968167668e-15
27800.056 3.979997813079526e-15
27850.056 6.884232966670713e-15
27900.056 7.010192005248418e-15
27950.056 1.0065176754796949e-14
28000.056 1.6729047733857847e-14
28050.056 1.9302919997867674e-15
28100.056 1.1698599480147864e-14
28150.056 1.0715624866639799e-14
28200.056 2.38395515753692e-15
28250.056 1.0385640602170257e-14
28300.056 7.378740092335134e-15
28350.056 1.4419812459854176e-15
28400.056 5.0868153048258204e-15
28450.056 4.106392675830961e-15
28500.056 2.2041405330630442e-15
28550.056 2.2599614791013323e-15
28600.056 7.20619734581207e-15
28650.056 1.6567546655283738e-15
28700.056 6.167874152024215e-15
28750.056 5.361790509438581e-15
28800.056 1.0250424340381373e-15
28850.056 3.649559948339334e-14
