galfind/configs/Brown_Dwarf_templates/sonora_bobcat/m0.0/10g/sp_t2000g10nc_m0.0_resample.dat
# %ECSV 1.0
# ---
# datatype:
# - {name: wav, unit: Angstrom, datatype: float64}
# - {name: flux_nu, unit: erg / (cm2 Hz s), datatype: float64}
# meta: {C/O: '1.00', Kzz: '1.0000E+05', Teff: '2000.', Y: '0.28', '[Fe/H]': '0.00', f_hole: '1.00', f_rain: '0.00', grav: '10.'}
# schema: astropy-2.0
wav flux_nu
4000.0559999999996 nan
4050.0559999999996 4.660089328991341e-09
4100.056 4.2559641365832665e-09
4150.056 2.957443694739837e-09
4200.056 2.067008759870478e-09
4250.056 1.7160860866533633e-09
4300.056 9.306127641413959e-10
4350.056 1.1599123403288592e-09
4400.056 1.0779017905392627e-09
4450.056 5.518021120300276e-10
4500.056 6.868610364720813e-10
4550.056 8.813646924247205e-10
4600.056 7.644522803578013e-10
4650.056 5.721507516552227e-10
4700.056 6.78646475147235e-10
4750.056 9.718217610886752e-10
4800.056 6.838085826789926e-10
4850.056 8.564580127502449e-10
4900.056 2.0177061878694675e-09
4950.056 2.4403867903523256e-09
5000.056 1.2242806042102052e-09
5050.056 1.5120272843105303e-09
5100.056 3.5731084066606955e-09
5150.056 4.233039099226695e-09
5200.056 2.0432867279741474e-09
5250.056 2.5275274165098404e-09
5300.056 3.1178206009903607e-09
5350.056 2.8915309864005847e-09
5400.056 3.417768790699886e-09
5450.056 2.9238603436295582e-09
5500.056 2.4636805263096553e-09
5550.056 3.377485086259377e-09
5600.056 2.81672371491009e-09
5650.056 2.7239823270001155e-09
5700.056 3.451395400900187e-09
5750.056 3.3937714726997257e-09
5800.056 4.0399852577598355e-09
5850.056 2.6775217862500714e-09
5900.056 4.941131788687298e-10
5950.056 2.9703038969000314e-09
6000.056 4.809592136199861e-09
6050.056 7.080308845400377e-09
6100.056 8.507797630700366e-09
6150.056 8.652269333098516e-09
6200.056 5.658601636500165e-09
6250.056 6.41563276090038e-09
6300.056 8.912808806700203e-09
6350.056 1.1179061943800507e-08
6400.056 1.3726207932200545e-08
6450.056 1.8001752322496047e-08
6500.056 1.7205306137496995e-08
6550.056 2.1196742569193496e-08
6600.056 1.7831873150401767e-08
6650.056 1.5602495076701816e-08
6700.056 1.3145773774018728e-08
6750.056 1.5943338866301664e-08
6800.056 1.8101250655000504e-08
6850.056 2.3257164147099196e-08
6900.056 2.9541530870999453e-08
6950.056 3.743973275599301e-08
7000.056 5.101261948899352e-08
7050.056 4.639807087240577e-08
7100.056 2.8393108316297167e-08
7150.056 2.327238479820269e-08
7200.056 3.201252441899808e-08
7250.056 4.5947345965002814e-08
7300.056 7.63945879900126e-08
7350.056 1.1326760603699817e-07
7400.056 1.4785071937700836e-07
7450.056 1.6498156194395015e-07
7500.056 1.9479141381699624e-07
7550.056 2.334202896960096e-07
7600.056 1.612372790829839e-07
7650.056 5.383634069496809e-08
7700.056 3.7789479455226024e-08
7750.056 9.313058432102489e-08
7800.056 1.1048417397142931e-07
7850.056 1.1394337592899653e-07
7900.056 1.225182840180281e-07
7950.056 1.214189119275745e-07
8000.056 1.461457844649783e-07
8050.056 2.2758219671094718e-07
8100.056 3.67735523754118e-07
8150.056 5.754606961100582e-07
8200.056 4.6467284798392056e-07
8250.056 4.5465434080999837e-07
8300.056 3.4474385288012345e-07
8350.056 3.6976501950013134e-07
8400.056 3.8154600805007526e-07
8450.056 2.0971905158092098e-07
8500.056 1.8397005461257728e-07
8550.056 2.2725728887201904e-07
8600.056 2.7320082972988175e-07
8650.056 3.5921613435998086e-07
8700.056 4.504068595171853e-07
8750.056 6.00648388897027e-07
8800.056 8.516116065342576e-07
8850.056 8.399136868481519e-07
8900.056 5.564069630229052e-07
8950.056 5.999998112698749e-07
9000.056 7.601671913701278e-07
9050.056 8.391948196396397e-07
9100.056 1.0884541370400632e-06
9150.056 1.2806167174500013e-06
9200.056 1.1804797103300579e-06
9250.056 6.559348727898385e-07
9300.056 5.21393181555071e-07
9350.056 6.094525474088235e-07
9400.056 7.010774057071779e-07
9450.056 8.000138810877365e-07
9500.056 9.97543821802814e-07
9550.056 1.175485810533412e-06
9600.056 1.2713707140644517e-06
9650.056 1.49111470268547e-06
9700.056 1.6429552145797298e-06
9750.056 1.2366567028609878e-06
9800.056 1.418964695060879e-06
9850.056 1.4022051012998654e-06
9900.056 1.4728191220960641e-06
9950.056 1.5634490788620816e-06
10000.056 1.5998423043898326e-06
10050.056 1.5214675734131735e-06
10100.056 1.825967950750819e-06
10150.056 1.736185938349478e-06
10200.056 1.8729106465295654e-06
10250.056 1.8449939127891976e-06
10300.056 1.8946254896995648e-06
10350.056 2.1410447030196062e-06
10400.056 2.2486346274500395e-06
10450.056 2.440768251350212e-06
10500.056 2.3777315809894957e-06
10550.056 2.407375635740591e-06
10600.056 2.5778082370305845e-06
10650.056 2.7920201589695636e-06
10700.056 3.0653480670301464e-06
10750.056 3.30477363231015e-06
10800.056 3.4157062176297865e-06
10850.056 3.6377634937898817e-06
10900.056 3.4309697295496486e-06
10950.056 3.1563631688991032e-06
11000.056 3.0692033351601673e-06
11050.056 2.214041355175744e-06
11100.056 2.425531094963632e-06
11150.056 2.5109539798625644e-06
11200.056 2.5491247593401066e-06
11250.056 2.84585032518092e-06
11300.056 2.8948508384551843e-06
11350.056 2.696563853562957e-06
11400.056 2.5714301412102285e-06
11450.056 2.877995151446983e-06
11500.056 3.1080104604543e-06
11550.056 3.032140875226138e-06
11600.056 3.139045684459082e-06
11650.056 3.309328315548625e-06
11700.056 3.02795485775794e-06
11750.056 3.0131688315739287e-06
11800.056 3.021311414744956e-06
11850.056 3.3475434819901923e-06
11900.056 3.3593706150791537e-06
11950.056 3.525469073179725e-06
12000.056 3.4983476506303563e-06
12050.056 3.7198137095407175e-06
12100.056 3.7806412857000448e-06
12150.056 4.025184124839848e-06
12200.056 4.192829054459733e-06
12250.056 4.376921736599298e-06
12300.056 4.492756223500831e-06
12350.056 4.594635383050522e-06
12400.056 4.417805962899501e-06
12450.056 3.9063049961399765e-06
12500.056 4.242932056499291e-06
12550.056 4.277300879989915e-06
12600.056 4.241266636500076e-06
12650.056 4.49038883999953e-06
12700.056 4.657238927699552e-06
12750.056 4.643767075100479e-06
12800.056 4.939339719999505e-06
12850.056 4.901530857290212e-06
12900.056 4.88057825663975e-06
12950.056 5.078999665518754e-06
13000.056 5.147705434739068e-06
13050.056 5.183478620209671e-06
13100.056 5.124020146449165e-06
13150.056 5.12433167324971e-06
13200.056 4.947717637689404e-06
13250.056 4.7171120439701414e-06
13300.056 4.103590127820417e-06
13350.056 2.816368495317382e-06
13400.056 2.6682068959786803e-06
13450.056 2.3690371346897566e-06
13500.056 2.409528715162638e-06
13550.056 2.2840865782035756e-06
13600.056 1.987698880372929e-06
13650.056 2.097081023017074e-06
13700.056 1.8612636786190109e-06
13750.056 1.8177901102834914e-06
13800.056 2.0553247649716934e-06
13850.056 2.0941923230427053e-06
13900.056 2.0684425298830437e-06
13950.056 1.9734240571047267e-06
14000.056 1.8433727178019804e-06
14050.056 1.84930768165887e-06
14100.056 1.7112947703943594e-06
14150.056 1.6507777585363207e-06
14200.056 1.588506435157505e-06
14250.056 1.5677648693681923e-06
14300.056 1.5860827909327105e-06
14350.056 1.576069808422299e-06
14400.056 1.6824134154892406e-06
14450.056 1.777763775895172e-06
14500.056 1.922321865515664e-06
14550.056 1.9420168475340484e-06
14600.056 1.9917985714007687e-06
14650.056 1.966129175925293e-06
14700.056 1.83783738431564e-06
14750.056 1.939811436461376e-06
14800.056 1.9944685518086023e-06
14850.056 2.1274379006092746e-06
14900.056 2.1707640453849675e-06
14950.056 2.180068878500378e-06
15000.056 2.239362094270594e-06
15050.056 2.4311477849393566e-06
15100.056 2.4369434845704522e-06
15150.056 2.5692757306702016e-06
15200.056 2.6384904535298172e-06
15250.056 2.63601711254974e-06
15300.056 2.794590152849877e-06
15350.056 2.852011377140174e-06
15400.056 2.9502996675801126e-06
15450.056 3.0903827395603545e-06
15500.056 3.141392964649295e-06
15550.056 3.3153883918798394e-06
15600.056 3.2934878736104798e-06
15650.056 3.44857606046005e-06
15700.056 3.6815254264814323e-06
15750.056 3.812200229009714e-06
15800.056 3.859233923460874e-06
15850.056 3.9081793334001905e-06
15900.056 3.985660510900714e-06
15950.056 4.129990058299868e-06
16000.056 4.229435184199615e-06
16050.056 4.373376112300128e-06
16100.056 4.483441493900343e-06
16150.056 4.531092489500405e-06
16200.056 4.664781419799526e-06
16250.056 4.758270340599946e-06
16300.056 4.7956962845000825e-06
16350.056 5.019168990599662e-06
16400.056 5.0348804531011535e-06
16450.056 5.156982610500288e-06
16500.056 5.280754974701051e-06
16550.056 5.458214213599611e-06
16600.056 5.306150666000868e-06
16650.056 5.702562747300528e-06
16700.056 5.602967999698903e-06
16750.056 5.737178249199129e-06
16800.056 5.889309252800351e-06
16850.056 5.849129333699746e-06
16900.056 5.775352221119973e-06
16950.056 5.729878856809615e-06
17000.056 5.6720141276009785e-06
17050.056 5.586345665400247e-06
17100.056 5.2771343337003385e-06
17150.056 5.13965083894927e-06
17200.056 4.802344460959786e-06
17250.056 4.635624091299859e-06
17300.056 4.744472962609341e-06
17350.056 4.487826680079802e-06
17400.056 4.684512805540365e-06
17450.056 4.384675064487595e-06
17500.056 4.222537746618706e-06
17550.056 4.247397811079791e-06
17600.056 4.077901881470218e-06
17650.056 4.124764182318846e-06
17700.056 3.733980859019437e-06
17750.056 3.5444218343102797e-06
17800.056 3.5250535947108258e-06
17850.056 3.413456335145521e-06
17900.056 3.3477964627039204e-06
17950.056 3.2696225549160105e-06
18000.056 3.016701327350173e-06
18050.056 3.05764924492176e-06
18100.056 2.928233906340327e-06
18150.056 3.1928098744642043e-06
18200.056 2.7740090159404084e-06
18250.056 3.0709456857990936e-06
18300.056 3.0028760507896835e-06
18350.056 2.8408928308005933e-06
18400.056 2.8048315924301746e-06
18450.056 2.5871551779320106e-06
18500.056 2.610602690400761e-06
18550.056 2.5244060358903315e-06
18600.056 2.1689943244782687e-06
18650.056 2.4972815047008393e-06
18700.056 2.644023193290355e-06
18750.056 2.507484024921203e-06
18800.056 2.5297769387412228e-06
18850.056 2.866888012419776e-06
18900.056 2.785771581768818e-06
18950.056 2.7298048831298448e-06
19000.056 2.9317930515292985e-06
19050.056 2.8804062328199407e-06
19100.056 2.88282268681122e-06
19150.056 3.036848120969639e-06
19200.056 3.0193377180410932e-06
19250.056 2.883238167178894e-06
19300.056 2.9685655587491465e-06
19350.056 3.0462979581900254e-06
19400.056 2.885923385128755e-06
19450.056 3.04185262561074e-06
19500.056 3.0282102087395045e-06
19550.056 2.7556807196910063e-06
19600.056 3.110933579549589e-06
19650.056 3.0326042247278957e-06
19700.056 3.0838117142205144e-06
19750.056 2.9365793095203884e-06
19800.056 3.0121628968794457e-06
19850.056 2.979007449772022e-06
19900.056 2.791675211901119e-06
19950.056 3.0966016176000678e-06
20000.056 2.7692761007007046e-06
20050.056 2.8828212847514684e-06
20100.056 3.053250780197832e-06
20150.056 2.9240292238404304e-06
20200.056 3.0067482572687233e-06
20250.056 3.153921305520455e-06
20300.056 3.1250614419001175e-06
20350.056 3.1406815581698315e-06
20400.056 3.105438764548351e-06
20450.056 3.3464903991898676e-06
20500.056 3.251075136920393e-06
20550.056 3.3460561471399657e-06
20600.056 3.5327396188307055e-06
20650.056 3.432919887941111e-06
20700.056 3.5628320592699523e-06
20750.056 3.6170276132492864e-06
20800.056 3.7391119906004197e-06
20850.056 3.7615163526398613e-06
20900.056 3.879483986769637e-06
20950.056 3.93473893039994e-06
21000.056 4.138916818799641e-06
21050.056 4.112048358400257e-06
21100.056 4.198786048219978e-06
21150.056 4.428432136900323e-06
21200.056 4.377961785000557e-06
21250.056 4.577959775299444e-06
21300.056 4.453656004799736e-06
21350.056 4.756908337800276e-06
21400.056 4.611909621900549e-06
21450.056 5.0235429337000906e-06
21500.056 4.806819124300331e-06
21550.056 4.926475965799679e-06
21600.056 5.081116790900597e-06
21650.056 5.057649689700596e-06
21700.056 5.287578016799646e-06
21750.056 5.209391637199847e-06
21800.056 5.205239711099851e-06
21850.056 5.288865795399743e-06
21900.056 5.419351572300764e-06
21950.056 5.365413601100494e-06
22000.056 5.585618473599645e-06
22050.056 5.421646297799178e-06
22100.056 5.6062433211998385e-06
22150.056 5.649010901500552e-06
22200.056 5.496840862061516e-06
22250.056 5.791095908400393e-06
22300.056 5.741509656949458e-06
22350.056 5.645357427300399e-06
22400.056 5.9116014412003384e-06
22450.056 5.8556174464990475e-06
22500.056 5.953468484839613e-06
22550.056 5.870644650158753e-06
22600.056 5.873692023259698e-06
22650.056 5.93112593822154e-06
22700.056 5.917949514911557e-06
22750.056 6.0799631482194975e-06
22800.056 5.890877955190053e-06
22850.056 5.968353368270812e-06
22900.056 6.162345775709402e-06
22950.056 4.857571102020749e-06
23000.056 5.440452919210487e-06
23050.056 5.572418627738852e-06
23100.056 5.36528429351997e-06
23150.056 5.45941274025112e-06
23200.056 5.540910485790022e-06
23250.056 4.6956431073582816e-06
23300.056 5.039452353900421e-06
23350.056 5.098911306489956e-06
23400.056 4.932111176660077e-06
23450.056 5.099386263199645e-06
23500.056 4.802706699068599e-06
23550.056 4.4008606572718285e-06
23600.056 4.558093058321266e-06
23650.056 4.79984816202938e-06
23700.056 4.8112850412283536e-06
23750.056 4.690286001930551e-06
23800.056 4.650189272271077e-06
23850.056 3.987277374550459e-06
23900.056 4.334166863919291e-06
23950.056 4.408603454241747e-06
24000.056 4.1874377244395635e-06
24050.056 4.10770843937063e-06
24100.056 3.789863092978704e-06
24150.056 3.6756219868607574e-06
24200.056 3.7502615538286694e-06
24250.056 3.670124596781002e-06
24300.056 3.4416830301501333e-06
24350.056 3.3489378328301023e-06
24400.056 3.5904892237396056e-06
24450.056 3.328687015039976e-06
24500.056 3.0393924499599307e-06
24550.056 3.047154257979465e-06
24600.056 3.0458387263108037e-06
24650.056 3.26917555512939e-06
24700.056 2.8716387904598356e-06
24750.056 2.728697194621029e-06
24800.056 2.613238082460633e-06
24850.056 2.949253544460073e-06
24900.056 2.485282166061785e-06
24950.056 2.93066396552947e-06
25000.056 2.580587049940067e-06
25050.056 2.2772690332106537e-06
25100.056 2.561656110359932e-06
25150.056 2.2470196053205208e-06
25200.056 2.433817594669088e-06
25250.056 2.3545035908992726e-06
25300.056 2.4119077369601773e-06
25350.056 2.142299563120093e-06
25400.056 2.2600960626011788e-06
25450.056 2.166995611560379e-06
25500.056 2.268165683840862e-06
25550.056 2.085066383240194e-06
25600.056 2.167404001920378e-06
25650.056 2.0014787610100176e-06
25700.056 2.303842776698806e-06
25750.056 1.921888687770337e-06
25800.056 2.2378266349505055e-06
25850.056 2.0830865014997753e-06
25900.056 2.241476119590628e-06
25950.056 2.0849544336201405e-06
26000.056 2.1520678777905976e-06
26050.056 2.454461983810365e-06
26100.056 2.2440427760805903e-06
26150.056 2.3058636686091113e-06
26200.056 2.1724935404303065e-06
26250.056 2.147105671271034e-06
26300.056 2.245890402640134e-06
26350.056 2.104106147179556e-06
26400.056 2.20748327506916e-06
26450.056 2.167168970350368e-06
26500.056 2.2598669523189123e-06
26550.056 2.3102850463292225e-06
26600.056 2.586777784189129e-06
26650.056 2.2331465010494602e-06
26700.056 2.231158589729743e-06
26750.056 2.2046253944891006e-06
26800.056 2.297660896018986e-06
26850.056 2.1406354798702513e-06
26900.056 2.4475248915502373e-06
26950.056 1.8668333476902334e-06
27000.056 2.3355713521311236e-06
27050.056 2.0573567573695953e-06
27100.056 2.0610479966097967e-06
27150.056 2.1219328727897106e-06
27200.056 2.119997150970799e-06
27250.056 1.9864954270412475e-06
27300.056 2.0641674653798135e-06
27350.056 2.1104965572990493e-06
27400.056 1.9212324127601098e-06
27450.056 2.2128296768989e-06
27500.056 2.044948911760146e-06
27550.056 2.095364196140007e-06
27600.056 2.202572284719566e-06
27650.056 1.8533341650397263e-06
27700.056 1.915874362400358e-06
27750.056 2.211144310688313e-06
27800.056 1.7327051932197333e-06
27850.056 1.957039883958829e-06
27900.056 1.9440216514502613e-06
27950.056 2.1144844031596853e-06
28000.056 2.119661357620578e-06
28050.056 1.7645843313904276e-06
28100.056 2.227543616871219e-06
28150.056 1.8758497967800762e-06
28200.056 1.6633763695402429e-06
28250.056 1.9210505824400364e-06
28300.056 2.1605585763805077e-06
28350.056 1.9835872730092007e-06
28400.056 1.903214899360007e-06
28450.056 1.8753402590995072e-06
28500.056 1.969498854939622e-06
28550.056 1.6974238718193584e-06
28600.056 2.1407216306801963e-06
28650.056 2.0788164742795846e-06
28700.056 1.9136837756692324e-06
28750.056 2.0646713438798655e-06
28800.056 1.979574062580423e-06
