galfind/configs/Brown_Dwarf_templates/sonora_bobcat/m0.0/10g/sp_t425g10nc_m0.0_resample.dat
# %ECSV 1.0
# ---
# datatype:
# - {name: wav, unit: Angstrom, datatype: float64}
# - {name: flux_nu, unit: erg / (cm2 Hz s), datatype: float64}
# meta: {C/O: '1.00', Kzz: '1.0000E+05', Teff: '425.', Y: '0.28', '[Fe/H]': '0.00', f_hole: '1.00', f_rain: '0.00', grav: '10.'}
# schema: astropy-2.0
wav flux_nu
4000.0559999999996 nan
4050.0559999999996 3.2134237731269914e-18
4100.056 7.980518511730194e-16
4150.056 8.872663376100029e-15
4200.056 9.134266057390693e-15
4250.056 8.384082373600017e-14
4300.056 1.902983208200004e-13
4350.056 3.434229010400009e-13
4400.056 5.553452008700005e-13
4450.056 8.684579805099988e-13
4500.056 1.23493179905001e-12
4550.056 1.2523544450043755e-12
4600.056 4.3970844303207727e-13
4650.056 2.3848593324e-13
4700.056 9.150058061599913e-14
4750.056 1.773582677339965e-14
4800.056 4.0971143468999494e-15
4850.056 1.114142909739989e-15
4900.056 5.157941026699985e-16
4950.056 3.4068204698999923e-16
5000.056 2.394173873699978e-16
5050.056 1.9117306527800291e-16
5100.056 2.1724378800100373e-16
5150.056 2.5606269061000383e-16
5200.056 2.9975896320000095e-16
5250.056 3.5011505085000015e-16
5300.056 4.0844044452000023e-16
5350.056 4.766270706600011e-16
5400.056 5.511239354499993e-16
5450.056 6.356961388900043e-16
5500.056 7.289447867300098e-16
5550.056 8.271542906300032e-16
5600.056 9.2461345044e-16
5650.056 1.0144539407999983e-15
5700.056 1.0612118055700027e-15
5750.056 1.0782996504600008e-15
5800.056 9.857996051399976e-16
5850.056 6.79401328519985e-16
5900.056 2.0321382691008297e-16
5950.056 1.3613104230720712e-15
6000.056 3.0160859972699236e-15
6050.056 5.412834769000131e-15
6100.056 8.7807197319001e-15
6150.056 1.33554554635001e-14
6200.056 1.9523629527000113e-14
6250.056 2.7127337468999925e-14
6300.056 3.760402377900012e-14
6350.056 5.0857295660000475e-14
6400.056 6.723323523200028e-14
6450.056 8.064912352119598e-14
6500.056 1.0667090331663727e-13
6550.056 1.4353764234499823e-13
6600.056 1.942336020000118e-13
6650.056 2.6313661217800247e-13
6700.056 3.4648828696100347e-13
6750.056 4.662374899200035e-13
6800.056 5.770636519900128e-13
6850.056 6.677111684400043e-13
6900.056 6.364851804080257e-13
6950.056 5.781760647645219e-13
7000.056 6.589649691988076e-13
7050.056 7.0241803225844e-13
7100.056 7.817747198531638e-13
7150.056 6.69577547890426e-13
7200.056 6.087539437391575e-13
7250.056 7.060347038178329e-13
7300.056 7.532355461186891e-13
7350.056 8.642617333168557e-13
7400.056 9.787071896630688e-13
7450.056 1.1128643276500904e-12
7500.056 1.1977248602199787e-12
7550.056 1.1999372486099917e-12
7600.056 1.090472539579993e-12
7650.056 3.526096503939845e-13
7700.056 2.4660991588660925e-13
7750.056 1.2036469682500173e-12
7800.056 1.8922227110059867e-12
7850.056 2.8721687404099793e-12
7900.056 3.805827388577798e-12
7950.056 4.327808722489991e-12
8000.056 5.7819229805199735e-12
8050.056 6.8467237573501895e-12
8100.056 6.011020438275923e-12
8150.056 6.155729978738092e-12
8200.056 9.129542047944374e-12
8250.056 1.031356802435005e-11
8300.056 1.2377919783046051e-11
8350.056 1.173834446209421e-11
8400.056 1.3308560076025124e-11
8450.056 1.742384455707512e-11
8500.056 1.9966388518499102e-11
8550.056 2.6069640636000396e-11
8600.056 3.252117068860049e-11
8650.056 3.76296579700011e-11
8700.056 3.810065746500117e-11
8750.056 4.234330363200012e-11
8800.056 4.171816717500032e-11
8850.056 2.955697695367629e-11
8900.056 3.442605104211592e-12
8950.056 5.937001729921e-12
9000.056 3.5444265446443437e-12
9050.056 1.5727494130472543e-11
9100.056 2.3349462831139394e-11
9150.056 3.468812371107483e-11
9200.056 7.354127009469846e-11
9250.056 8.07759961781526e-11
9300.056 1.216937562673956e-11
9350.056 1.4219616571048684e-11
9400.056 3.0238759139184594e-11
9450.056 3.8538949602464964e-11
9500.056 3.180638100306033e-11
9550.056 3.941948035345598e-11
9600.056 3.5315616867651694e-11
9650.056 5.194608989418119e-11
9700.056 8.567522781174007e-11
9750.056 7.69471625578279e-11
9800.056 7.56165945674143e-11
9850.056 8.016157598566226e-11
9900.056 1.038878382256493e-10
9950.056 7.580611873431085e-11
10000.056 9.266860767937734e-11
10050.056 9.293853472241455e-11
10100.056 1.3977277494265814e-10
10150.056 1.3893300788546496e-10
10200.056 1.4824688948129748e-10
10250.056 1.9725963603469443e-10
10300.056 2.8701022868701597e-10
10350.056 3.4407448262081117e-10
10400.056 6.931038293466633e-10
10450.056 1.0930567009954204e-09
10500.056 1.5476713030602466e-09
10550.056 2.1697910054151806e-09
10600.056 2.543411403338831e-09
10650.056 2.815184032196485e-09
10700.056 2.667464150947758e-09
10750.056 2.796586034381947e-09
10800.056 2.545159330396779e-09
10850.056 1.9764703043747515e-09
10900.056 1.1450652822012965e-09
10950.056 4.67963909873247e-10
11000.056 2.976597043500569e-10
11050.056 1.5571113487646354e-10
11100.056 6.98686720963233e-11
11150.056 1.920846468766225e-11
11200.056 7.469743047576818e-12
11250.056 8.058043275239829e-12
11300.056 2.0570256576367827e-11
11350.056 4.9907778820298835e-12
11400.056 1.3266891892533818e-11
11450.056 1.1884379455588523e-11
11500.056 5.872728712436001e-12
11550.056 6.776973273632103e-13
11600.056 6.173797711632167e-13
11650.056 3.364100682683413e-12
11700.056 3.113211387939308e-12
11750.056 3.079490522928336e-13
11800.056 3.230866940959822e-12
11850.056 5.703453919667254e-12
11900.056 5.1109546579006274e-12
11950.056 9.555240814115971e-12
12000.056 2.061947987229691e-11
12050.056 4.50297844515018e-11
12100.056 9.895021562087657e-11
12150.056 1.954826875994279e-10
12200.056 2.8800438362954937e-10
12250.056 5.697096994227189e-10
12300.056 1.085118436324386e-09
12350.056 1.2137085198886433e-09
12400.056 2.2280026753549864e-09
12450.056 3.5935673282260156e-09
12500.056 4.2697788260060375e-09
12550.056 5.566201255521743e-09
12600.056 6.8742506056757756e-09
12650.056 7.3731823130951735e-09
12700.056 7.39708039644237e-09
12750.056 5.212785790938369e-09
12800.056 3.5451985439335253e-09
12850.056 1.9204468660407036e-09
12900.056 1.3491248676311503e-09
12950.056 1.0003609427752264e-09
13000.056 8.116851055814812e-10
13050.056 4.302780811770982e-10
13100.056 3.429122761317115e-10
13150.056 1.9296818025663707e-10
13200.056 1.5781774085382968e-10
13250.056 1.1963125916849683e-10
13300.056 4.107437845893557e-11
13350.056 1.1203108863997777e-11
13400.056 9.518290930012798e-12
13450.056 2.914569245644435e-12
13500.056 1.1742821153665604e-12
13550.056 5.079060597144872e-13
13600.056 6.418712815913247e-14
13650.056 6.788583598040904e-13
13700.056 3.7623456729856365e-13
13750.056 5.012294693252559e-13
13800.056 3.506357859745112e-13
13850.056 2.141749020935366e-13
13900.056 4.1730751926714434e-13
13950.056 2.3367001312167446e-13
14000.056 2.854973894860041e-13
14050.056 5.577211663412982e-13
14100.056 7.823227559107686e-13
14150.056 1.661707795577631e-12
14200.056 9.453458272249674e-13
14250.056 1.6996825819337172e-12
14300.056 3.5723991804677704e-12
14350.056 4.438429533720915e-12
14400.056 5.2549916199997285e-12
14450.056 8.627170904269015e-12
14500.056 1.963866618518582e-11
14550.056 2.215681684085976e-11
14600.056 2.2984384103133414e-11
14650.056 1.2995519171442036e-11
14700.056 6.108816672471215e-12
14750.056 2.6203646737167386e-12
14800.056 6.580033293527667e-12
14850.056 1.0524814977395372e-11
14900.056 1.089106512512607e-11
14950.056 6.993203106463303e-12
15000.056 1.8372045459575262e-11
15050.056 1.4823851967731378e-11
15100.056 9.0854858742405e-12
15150.056 7.474583351006464e-12
15200.056 1.5199697217188183e-11
15250.056 3.762188177782656e-11
15300.056 4.5395245663706816e-11
15350.056 7.067321862968885e-11
15400.056 1.0293050974501529e-10
15450.056 1.4774545465877686e-10
15500.056 1.6513846431839182e-10
15550.056 3.1204025021022807e-10
15600.056 4.065720054821163e-10
15650.056 6.934973052323429e-10
15700.056 1.0607928278286538e-09
15750.056 1.462033279596791e-09
15800.056 1.6344130616812474e-09
15850.056 1.9814329829004156e-09
15900.056 1.8217291759057376e-09
15950.056 1.6451861984962462e-09
16000.056 1.1303589920324401e-09
16050.056 5.281380660102615e-10
16100.056 3.194513751378774e-10
16150.056 1.5458966036398205e-10
16200.056 7.798068367749354e-11
16250.056 4.849512551375679e-11
16300.056 2.7022802482252785e-11
16350.056 3.099414703849827e-11
16400.056 4.054140499275449e-11
16450.056 3.047935201113301e-11
16500.056 2.4151066842629833e-11
16550.056 2.72800941205567e-11
16600.056 3.9570203285868146e-11
16650.056 3.0432307028969893e-11
16700.056 3.572154482878751e-12
16750.056 1.3412082272734478e-11
16800.056 2.4384694845105154e-11
16850.056 3.1273048696809356e-11
16900.056 1.3249867832069218e-11
16950.056 6.535119253912758e-12
17000.056 3.531751199382678e-12
17050.056 7.681242725543351e-12
17100.056 1.4043294957962014e-11
17150.056 6.726067719495877e-12
17200.056 3.112818402453845e-11
17250.056 1.8254723714918462e-11
17300.056 9.505384344808872e-12
17350.056 1.0285289385046008e-11
17400.056 2.0716116875216413e-11
17450.056 3.1615499485242955e-11
17500.056 4.418722440972235e-11
17550.056 4.115612485757746e-11
17600.056 3.153852146993287e-11
17650.056 3.012980313628777e-11
17700.056 2.0252616419611473e-11
17750.056 2.4392694519496874e-11
17800.056 7.527892029280892e-11
17850.056 2.973771535104739e-11
17900.056 2.177693129613742e-11
17950.056 1.9265786800245265e-11
18000.056 2.8731268841969008e-11
18050.056 3.186601739090473e-11
18100.056 4.273787329889639e-11
18150.056 3.4194560392714487e-11
18200.056 2.6075000690320644e-11
18250.056 8.24887774125647e-11
18300.056 2.216479723367531e-11
18350.056 1.5170153874512494e-11
18400.056 1.1269665515198642e-11
18450.056 4.943416814417624e-11
18500.056 4.6727243857359045e-11
18550.056 2.8137050236141866e-11
18600.056 4.330125563639345e-11
18650.056 3.169863790469591e-11
18700.056 8.546907283665508e-12
18750.056 2.1770280059223023e-11
18800.056 8.020964831272548e-11
18850.056 8.234623378084442e-11
18900.056 7.096496943875697e-11
18950.056 1.0318423824523958e-10
19000.056 3.2140159805554266e-11
19050.056 1.6029292476372552e-11
19100.056 3.3706686828356694e-11
19150.056 1.641166503627634e-11
19200.056 2.106788272152843e-11
19250.056 1.7861728090980247e-11
19300.056 1.1282120767195356e-11
19350.056 9.843141754104985e-12
19400.056 9.191429735376278e-12
19450.056 1.6893747491638287e-11
19500.056 9.032462510531505e-12
19550.056 1.3684110347743026e-11
19600.056 4.165762722632527e-11
19650.056 2.553257926244703e-11
19700.056 2.8952624675006674e-11
19750.056 5.2696728055432405e-11
19800.056 3.4887072203936687e-11
19850.056 4.793631540917537e-11
19900.056 6.068736329887066e-11
19950.056 8.51457043837026e-11
20000.056 1.1474061973442716e-10
20050.056 8.830105770894728e-11
20100.056 1.6173737878372228e-10
20150.056 7.573211529097406e-11
20200.056 5.826399641525022e-11
20250.056 1.2578415626111246e-10
20300.056 1.5619578060063307e-10
20350.056 1.7771267384045912e-10
20400.056 1.464804942004727e-10
20450.056 2.4717923167345106e-10
20500.056 3.232390319318882e-10
20550.056 3.917313345881273e-10
20600.056 4.1119357293343674e-10
20650.056 5.577992104804253e-10
20700.056 6.275875227568782e-10
20750.056 7.70206677833304e-10
20800.056 7.330084712412385e-10
20850.056 8.407154945667709e-10
20900.056 9.638185863619275e-10
20950.056 8.881536041129283e-10
21000.056 8.672342370295157e-10
21050.056 9.502006599726643e-10
21100.056 8.64696235187213e-10
21150.056 8.911298024350846e-10
21200.056 8.07554264822658e-10
21250.056 7.30796533368532e-10
21300.056 5.71536502684491e-10
21350.056 5.875514464549449e-10
21400.056 5.461492599338675e-10
21450.056 4.0421377192041656e-10
21500.056 3.521671630614044e-10
21550.056 3.053888814189809e-10
21600.056 2.4130866080381007e-10
21650.056 1.7863960939984274e-10
21700.056 1.4927633407764234e-10
21750.056 1.538310604031687e-10
21800.056 1.0537340400601731e-10
21850.056 1.053822752500432e-10
21900.056 6.87516685409036e-11
21950.056 2.0462832971934728e-11
22000.056 3.876767151838995e-12
22050.056 4.261748835018069e-12
22100.056 1.7465727336166053e-11
22150.056 1.8874937677339868e-11
22200.056 2.000747157439759e-11
22250.056 1.524842358482391e-11
22300.056 7.640065279727612e-12
22350.056 1.054837340247858e-11
22400.056 3.9256489974277964e-12
22450.056 5.235864638041331e-12
22500.056 3.871461808797155e-12
22550.056 2.4271797886473076e-12
22600.056 1.83270419102659e-12
22650.056 3.5963352494509206e-12
22700.056 3.06567356616857e-12
22750.056 3.316248227202187e-12
22800.056 3.1735489269495202e-12
22850.056 2.356471901103672e-12
22900.056 1.7214882728377222e-12
22950.056 1.4378938958501119e-12
23000.056 2.1922769472725758e-12
23050.056 2.8277918335815274e-12
23100.056 1.3488405004042464e-11
23150.056 1.472636461383956e-11
23200.056 7.291332446501213e-13
23250.056 2.055536576616082e-12
23300.056 2.2108225620598623e-12
23350.056 3.75198699324337e-12
23400.056 3.313052733227114e-12
23450.056 2.016736647331242e-12
23500.056 2.0351106200074183e-12
23550.056 4.128064149679645e-12
23600.056 7.350934890249921e-12
23650.056 1.2333164419334142e-11
23700.056 2.7187334608103382e-12
23750.056 2.0424218775430844e-12
23800.056 8.963930494065764e-12
23850.056 6.692056929161291e-12
23900.056 1.423779439987916e-11
23950.056 9.173979414136981e-12
24000.056 1.8241133324028942e-11
24050.056 2.5206470978376715e-11
24100.056 2.8112129393793546e-11
24150.056 4.02164401595908e-11
24200.056 2.6497100180520968e-11
24250.056 2.082215116615236e-11
24300.056 3.536097860167523e-11
24350.056 3.079153569020593e-11
24400.056 6.774988733594654e-11
24450.056 8.263823113050434e-11
24500.056 7.48499167911686e-11
24550.056 1.1129082064298708e-10
24600.056 1.1727576933132628e-10
24650.056 1.8626482366823187e-10
24700.056 1.0290002415224508e-10
24750.056 1.508662533999025e-10
24800.056 1.4060961785494612e-10
24850.056 2.1993195476983744e-10
24900.056 1.2041574094997408e-10
24950.056 2.345364738067011e-10
25000.056 2.486368812612005e-10
25050.056 1.744489967250913e-10
25100.056 2.616887504084027e-10
25150.056 1.210910007589687e-10
25200.056 1.9778915053450755e-10
25250.056 8.964896324900478e-11
25300.056 1.3174276637659898e-10
25350.056 6.008889404717967e-11
25400.056 1.556754101420449e-10
25450.056 4.486020949097312e-11
25500.056 4.1000258697791297e-11
25550.056 8.096877459095324e-11
25600.056 3.5594816850737726e-11
25650.056 2.094603906922202e-11
25700.056 2.6973763475402068e-11
25750.056 7.131189000473891e-12
25800.056 3.913021973490751e-11
25850.056 6.889212063355504e-12
25900.056 9.746186738823188e-12
25950.056 2.2623878271001114e-12
26000.056 3.464009859364663e-11
26050.056 3.782318779445994e-12
26100.056 1.9514121215510344e-11
26150.056 8.257311592498964e-12
26200.056 1.2213988775031002e-11
26250.056 8.133196290019632e-11
26300.056 1.6753085516503747e-11
26350.056 1.2769696995642715e-10
26400.056 1.9156293945725164e-10
26450.056 1.5909949048750916e-10
26500.056 3.163933284420806e-10
26550.056 3.5303499477001385e-11
26600.056 4.50155718003064e-11
26650.056 6.117365268359624e-12
26700.056 3.3954472619348216e-12
26750.056 5.610825578698735e-12
26800.056 1.962175686775914e-11
26850.056 1.075685312289559e-11
26900.056 5.7641147918281054e-11
26950.056 1.7947655968490352e-11
27000.056 1.0776968979462572e-10
27050.056 1.1887206210785203e-10
27100.056 1.2873687610256433e-11
27150.056 1.4624949517029026e-10
27200.056 1.2385698793679766e-11
27250.056 4.7811771689601725e-11
27300.056 3.5029220416011016e-10
27350.056 1.175867412873917e-10
27400.056 5.349588534661128e-12
27450.056 1.5287486168601544e-10
27500.056 1.7123231814477296e-10
27550.056 2.7479021190039794e-11
27600.056 8.57910545943807e-11
27650.056 2.057310240726485e-11
27700.056 1.804279660177306e-11
27750.056 1.2658884657479868e-10
27800.056 3.161173309292418e-11
27850.056 6.010787359427665e-11
27900.056 5.6946067958695375e-11
27950.056 1.5623714100565853e-10
28000.056 1.5223817525987362e-10
28050.056 1.6258609310161183e-11
28100.056 1.3197478489155952e-10
28150.056 1.0606638499167647e-10
28200.056 2.7938015925526585e-11
28250.056 1.845130161227337e-10
28300.056 1.6686744189059864e-10
28350.056 3.629319056373147e-11
28400.056 1.2167575818647754e-10
28450.056 2.1523943897363847e-10
28500.056 1.3194231427911854e-10
28550.056 3.0381869347636924e-11
28600.056 2.3041733009237975e-10
28650.056 1.4413634594707022e-10
28700.056 2.2724854240919642e-10
28750.056 3.219982030999019e-10
28800.056 1.3291650338494866e-10
28850.056 3.2978310723081414e-10
