galfind/configs/Brown_Dwarf_templates/sonora_bobcat/m0.0/10g/sp_t500g10nc_m0.0_resample.dat
# %ECSV 1.0
# ---
# datatype:
# - {name: wav, unit: Angstrom, datatype: float64}
# - {name: flux_nu, unit: erg / (cm2 Hz s), datatype: float64}
# meta: {C/O: '1.00', Kzz: '1.0000E+05', Teff: '500.', Y: '0.28', '[Fe/H]': '0.00', f_hole: '1.00', f_rain: '0.00', grav: '10.'}
# schema: astropy-2.0
wav flux_nu
[from data line 498]
28900.056 6.971465227843376e-10
28950.056 1.29773011308785e-09
29000.056 8.69858968968651e-10
29050.056 1.2650275749462731e-09
29100.056 7.657607952856175e-10
29150.056 9.45857877914705e-10
29200.056 1.2171529838149565e-09
29250.056 2.090505864886817e-09
29300.056 7.94082772646509e-10
29350.056 2.4593709962923394e-09
29400.056 1.2276432803616759e-09
29450.056 1.150249854817173e-09
29500.056 1.825245460102872e-09
29550.056 1.0594242703179755e-09
29600.056 1.5390050652078096e-09
29650.056 2.5049049386668582e-09
29700.056 9.579725761277832e-10
29750.056 2.0713874456675243e-09
29800.056 1.9358401666015023e-09
29850.056 2.2228555987804514e-09
29900.056 1.6719135881472851e-09
29950.056 1.801846526757085e-09
30000.056 6.697332310561305e-11
30050.056 2.414078421203102e-10
30100.056 6.763571296378426e-10
30150.056 1.417672149743853e-09
30200.056 1.1284819366059756e-09
30250.056 2.5907874980544844e-09
30300.056 3.4602521044977584e-09
30350.056 1.5813631725694615e-09
30400.056 3.2360088438572583e-09
30450.056 1.931297038861377e-09
30500.056 2.0486904304082314e-09
30550.056 1.8220013990375732e-09
30600.056 3.3057156206098323e-09
30650.056 2.2675330802981217e-09
30700.056 1.6660977517179693e-09
30750.056 2.8984039130838957e-09
30800.056 1.7556472541240144e-09
30850.056 2.1457487962157256e-09
30900.056 1.1023409102526076e-09
30950.056 1.5178899518037875e-09
31000.056 1.4032692722337042e-09
31050.056 1.228780884490173e-09
31100.056 7.892616285596289e-10
31150.056 1.3321359039992252e-09
31200.056 1.8686275515571473e-09
31250.056 1.4121343623986277e-09
31300.056 9.268938347087155e-10
31350.056 1.4259860372406592e-09
31400.056 1.0470007783307919e-09
31450.056 1.0380294868182516e-09
31500.056 5.99741097732187e-10
31550.056 7.832701110994417e-10
31600.056 4.676001837398916e-10
31650.056 5.564914196013046e-10
31700.056 5.76699795192855e-10
31750.056 2.8787933128162295e-10
31800.056 5.506095392521877e-10
31850.056 1.7580739628194336e-10
31900.056 3.115122418945651e-10
31950.056 1.9930969537851895e-10
32000.056 2.0509600623452843e-10
32050.056 2.9020025101064e-10
32100.056 2.611739485783858e-10
32150.056 3.073662773587344e-10
32200.056 1.7014982710704328e-10
32250.056 3.9612038295385546e-10
32300.056 1.7733059699918504e-10
32350.056 3.5398573913929555e-10
32400.056 1.3320694769052782e-10
32450.056 2.95744824601865e-10
32500.056 1.4993722290065986e-10
32550.056 2.2151231844757924e-10
32600.056 2.1150697735355099e-10
32650.056 6.541083714259933e-10
32700.056 2.79552511999433e-10
32750.056 8.911348739425832e-10
32800.056 5.960123752743415e-10
32850.056 1.1513649441701714e-09
32900.056 1.0540992524415411e-09
32950.056 1.271594562120153e-09
33000.056 7.157337616643058e-10
33050.056 9.561546749595528e-10
33100.056 2.393479103146545e-10
33150.056 7.305247154026545e-13
33200.056 7.829092569586068e-12
33250.056 5.2539786075807894e-12
33300.056 2.1608762330164892e-11
33350.056 7.123581803582203e-11
33400.056 2.2642015373205265e-10
33450.056 2.690075383572007e-10
33500.056 7.958159139049943e-10
33550.056 2.5153861127581153e-10
33600.056 7.050789568830562e-10
33650.056 6.291435058520363e-10
33700.056 3.986551446306369e-10
33750.056 9.263881082687737e-10
33800.056 2.495011793545338e-10
33850.056 5.969276349315504e-10
33900.056 5.55716626766412e-10
33950.056 4.810787920994363e-10
34000.056 9.090449775451621e-10
34050.056 2.031099623224644e-10
34100.056 8.187797203211098e-10
34150.056 4.799064311009271e-10
34200.056 7.887357432178033e-10
34250.056 5.841026349960362e-10
34300.056 5.802711311169388e-10
34350.056 6.335537250046706e-10
34400.056 3.3887165072771654e-10
34450.056 7.381421286273001e-10
34500.056 5.366062389514437e-10
34550.056 3.155195361420717e-10
34600.056 1.015628445017272e-09
34650.056 3.722697290424325e-10
34700.056 9.402036033979112e-10
34750.056 6.36159364259618e-10
34800.056 6.261493377798335e-10
34850.056 9.942067127397786e-10
34900.056 6.396087540274741e-10
34950.056 1.1307396445968912e-09
35000.056 2.2072790035258982e-09
35050.056 9.372795760721375e-10
35100.056 1.8975430131601025e-09
35150.056 1.3079204301990244e-09
35200.056 1.6975473294596907e-09
35250.056 2.357461762186535e-09
35300.056 1.4078123462167756e-09
35350.056 1.5190619481717585e-09
35400.056 1.5600608270471975e-09
35450.056 1.143647135028319e-09
35500.056 3.562225185583463e-09
35550.056 2.6763886562279252e-09
35600.056 2.2066205134946735e-09
35650.056 2.2332495340890984e-09
35700.056 2.433199332623402e-09
35750.056 3.505847999595979e-09
35800.056 4.255941881632254e-09
35850.056 1.7925687853076434e-09
35900.056 2.3896819393303033e-09
35950.056 2.4743473829551997e-09
36000.056 2.784999878946839e-09
36050.056 2.0085156060446697e-09
36100.056 2.0491997070998246e-09
36150.056 3.0881613322621447e-09
36200.056 3.3385758984149038e-09
36250.056 2.8013542164195303e-09
36300.056 4.562063564380381e-09
36350.056 3.2393713583860073e-09
36400.056 4.040965108080571e-09
36450.056 5.14395858005478e-09
36500.056 5.8980929639546725e-09
36550.056 5.762744997946634e-09
36600.056 7.156794243727735e-09
36650.056 5.935427336076584e-09
36700.056 6.857700481181911e-09
36750.056 7.942161786639777e-09
36800.056 7.855896209656074e-09
36850.056 5.762848091955968e-09
36900.056 8.606387898908559e-09
36950.056 8.533611655658999e-09
37000.056 7.05065023328107e-09
37050.056 8.241085125005916e-09
37100.056 9.045843550426295e-09
37150.056 6.384483268758807e-09
37200.056 9.919690461863473e-09
37250.056 8.391563439193197e-09
37300.056 6.941904012194717e-09
37350.056 9.49783797925416e-09
37400.056 1.4006460647441043e-08
37450.056 7.807659826660165e-09
37500.056 8.779173090413462e-09
37550.056 1.2148847895668452e-08
37600.056 1.4687077306241936e-08
37650.056 7.394455595180001e-09
37700.056 1.4873162187670187e-08
37750.056 9.115903925977923e-09
37800.056 9.772307385799263e-09
37850.056 5.4942912624451594e-09
37900.056 7.863985028639772e-09
37950.056 1.2451350290237147e-08
38000.056 1.3618850106962021e-08
38050.056 1.433213932932212e-08
38100.056 1.541709990273009e-08
38150.056 1.8307487300659734e-08
38200.056 1.8178772205396318e-08
38250.056 1.7312965903675972e-08
38300.056 2.570968963883256e-08
38350.056 2.4929679786288654e-08
38400.056 1.195723825923498e-08
38450.056 9.969421149135081e-09
38500.056 6.293121914117913e-09
38550.056 1.3681082225177503e-08
38600.056 1.3653920567379567e-08
38650.056 1.3012800295068726e-08
38700.056 1.1379949255561818e-08
38750.056 1.4252562849301738e-08
38800.056 1.3524515818703746e-08
38850.056 1.454834794883776e-08
38900.056 1.969090873667123e-08
38950.056 1.429651983122118e-08
39000.056 1.975046910968681e-08
39050.056 1.4170321100464348e-08
39100.056 1.899243510939277e-08
39150.056 1.989682060659648e-08
39200.056 1.9009864501244435e-08
39250.056 2.5365010680357552e-08
39300.056 1.6726293066280773e-08
39350.056 3.0099371370301416e-08
39400.056 1.8539706271811402e-08
39450.056 2.4614084968707448e-08
39500.056 2.6419008712070085e-08
39550.056 2.088487916869469e-08
39600.056 2.6055136459569724e-08
39650.056 2.763585024253829e-08
39700.056 2.784399200548023e-08
39750.056 2.0105192536412018e-08
39800.056 2.229157105300615e-08
39850.056 3.5222926426201906e-08
39900.056 3.669307358480441e-08
39950.056 2.323766534305382e-08
40000.056 3.943542493811555e-08
40050.056 3.325993889783607e-08
40100.056 2.076793820346713e-08
40150.056 3.519913570980727e-08
40200.056 3.733652756747602e-08
40250.056 3.969798057740229e-08
40300.056 3.734451978590066e-08
40350.056 3.381452144594202e-08
40400.056 4.313337972898832e-08
40450.056 3.019092291966474e-08
40500.056 4.6191149307188235e-08
40550.056 4.661897211543035e-08
40600.056 4.088674170414682e-08
40650.056 3.0544402182302336e-08
40700.056 5.319325748517311e-08
40750.056 4.043634258749489e-08
40800.056 3.1446370426504734e-08
40850.056 6.19845873074284e-08
40900.056 5.331316146334694e-08
40950.056 4.995686395318128e-08
41000.056 4.7377144867761294e-08
41050.056 6.637827020107188e-08
41100.056 5.568106805317725e-08
41150.056 3.289247210212232e-08
41200.056 6.929966265432101e-08
41250.056 4.86531419482416e-08
41300.056 5.0224223924013414e-08
41350.056 7.216486552649937e-08
41400.056 6.294175554701173e-08
41450.056 7.62915735773788e-08
41500.056 5.817081155589687e-08
41550.056 5.592698444480723e-08
41600.056 5.8756476572532776e-08
41650.056 7.183557971769207e-08
41700.056 7.044938373815874e-08
41750.056 6.798585612008572e-08
41800.056 7.90235390811673e-08
41850.056 6.443603167997199e-08
41900.056 6.534735634049944e-08
41950.056 6.088153787911669e-08
42000.056 5.345190773420238e-08
42050.056 5.6452182823525473e-08
42100.056 6.861294456781276e-08
42150.056 6.302656954385955e-08
42200.056 6.184624039798226e-08
42250.056 5.568178950077923e-08
42300.056 6.108074609456785e-08
42350.056 7.983406096091055e-08
42400.056 8.16325295309273e-08
42450.056 7.658197970644117e-08
42500.056 6.701623892548257e-08
42550.056 6.377506864937562e-08
42600.056 7.005088037710894e-08
42650.056 1.0265212699634697e-07
42700.056 7.201672352722503e-08
42750.056 7.75575341372483e-08
42800.056 9.892658154242051e-08
42850.056 1.0083086720396993e-07
42900.056 1.0725181848194307e-07
42950.056 9.104574660098095e-08
43000.056 9.755814033664224e-08
43050.056 6.431081455343398e-08
43100.056 8.36381394404685e-08
43150.056 7.588549826686301e-08
43200.056 1.1025780322279684e-07
43250.056 1.3168653548900675e-07
43300.056 1.270243298239864e-07
43350.056 8.225338358138149e-08
43400.056 1.0227471488339279e-07
43450.056 7.937786149061133e-08
43500.056 7.18239911050294e-08
43550.056 7.893628835597213e-08
43600.056 1.2331319427161724e-07
43650.056 9.202390928190753e-08
43700.056 1.26468508471737e-07
43750.056 1.143379206584016e-07
43800.056 1.0978194427528086e-07
43850.056 9.17070919079995e-08
43900.056 9.430530378178761e-08
43950.056 6.149007763030088e-08
44000.056 6.183733067769002e-08
44050.056 1.2970691072300747e-07
44100.056 1.6227091581599787e-07
44150.056 1.4165591811559514e-07
44200.056 1.2350033061299334e-07
44250.056 8.25878408419099e-08
44300.056 6.92311312413126e-08
44350.056 8.2113486471845e-08
44400.056 7.784332699019219e-08
44450.056 1.1540508302916454e-07
44500.056 1.1408454593222915e-07
44550.056 1.5788438346277775e-07
44600.056 1.290161885394065e-07
44650.056 1.1793251031612895e-07
44700.056 8.214242988700624e-08
44750.056 1.2433678400043532e-07
44800.056 9.167541466781339e-08
44850.056 1.1585075597081685e-07
44900.056 1.0361895174100532e-07
44950.056 1.267679234656063e-07
45000.056 1.3302670981000103e-07
45050.056 1.2460657352298947e-07
45100.056 1.1274650150239296e-07
45150.056 1.1636235793001371e-07
45200.056 9.374388201140058e-08
45250.056 1.0425617049535457e-07
45300.056 8.764650471382447e-08
45350.056 8.693048904882844e-08
45400.056 1.761566773250175e-07
45450.056 1.3995297772400833e-07
45500.056 1.6003202626251306e-07
45550.056 1.6818339756092597e-07
45600.056 1.6143569846604235e-07
45650.056 1.2782775437159913e-07
45700.056 9.316140213180214e-08
45750.056 9.301455587830038e-08
45800.056 1.8250461717498477e-07
45850.056 1.592595578819932e-07
45900.056 1.8129306546798195e-07
45950.056 1.542312721309929e-07
46000.056 1.7002979009455752e-07
46050.056 1.3540975385021747e-07
46100.056 1.8959171779296858e-07
46150.056 1.2912972955951446e-07
46200.056 1.1409362549558967e-07
46250.056 5.8973215707386226e-08
46300.056 1.3342617814780193e-07
46350.056 1.3656797026102292e-07
46400.056 1.1669208686600387e-07
46450.056 1.0964502438142661e-07
46500.056 1.3373174653353811e-07
46550.056 8.104158790780272e-08
46600.056 1.1484330397128819e-07
46650.056 1.6531489057700212e-07
46700.056 1.1239047939097103e-07
46750.056 7.361140285754497e-08
46800.056 5.041748793479324e-08
46850.056 1.7167562713403953e-07
46900.056 1.4713874882599338e-07
46950.056 1.4643361876099178e-07
47000.056 1.4807342739703358e-07
47050.056 1.1450674983325619e-07
47100.056 8.257977104031335e-08
47150.056 1.1193356662651302e-07
47200.056 1.323206965399958e-07
47250.056 9.300949891749587e-08
47300.056 6.333792101141738e-08
47350.056 1.65235419667984e-07
47400.056 1.342278077949923e-07
47450.056 1.3504781963020756e-07
47500.056 1.621004248892576e-07
47550.056 1.4074108946301715e-07
47600.056 1.3656403927200315e-07
47650.056 1.3426732305198387e-07
47700.056 1.1450228134739233e-07
47750.056 8.734906309770507e-08
47800.056 8.077468229240842e-08
47850.056 4.9172439324880046e-08
47900.056 7.06576166386844e-08
47950.056 1.1793303019602037e-07
48000.056 1.6797162309003558e-07
48050.056 1.4999024977600967e-07
48100.056 7.201401016621029e-08
48150.056 1.2208299860900395e-07
48200.056 8.901514161880123e-08
48250.056 9.964799261700313e-08
48300.056 1.4706107148496505e-07
48350.056 9.247205313060747e-08
48400.056 3.8542934127589084e-08
48450.056 7.660510147778714e-08
48500.056 1.1024448506297461e-07
48550.056 1.0528073063060916e-07
48600.056 1.1928304096699887e-07
48650.056 1.3659814663197403e-07
48700.056 1.0162243295326376e-07
48750.056 7.188117611814444e-08
48800.056 1.4312464130199178e-07
48850.056 8.21095510723864e-08
48900.056 1.2210249436139837e-07
48950.056 7.333822862700904e-08
49000.056 3.691581008574898e-08
49050.056 9.646723250498951e-08
49100.056 1.2270121058442558e-07
49150.056 9.154961724591265e-08
49200.056 1.4497127114203243e-07
49250.056 1.3575801786002257e-07
49300.056 1.1871332598820168e-07
49350.056 5.419355628081006e-08
49400.056 7.547575388818053e-08
49450.056 8.087483156542758e-08
49500.056 6.235699675879521e-08
49550.056 2.0299093093892803e-08
49600.056 4.774507423576828e-08
49650.056 8.597552133899745e-08
49700.056 8.414167782006487e-08
49750.056 9.06756798029889e-08
49800.056 6.656446609496326e-08
49850.056 1.2127181718303845e-07
49900.056 9.351872261938027e-08
49950.056 9.627542788940931e-08
50000.056 7.96828996291754e-08
50050.056 9.513800670100399e-08
50100.056 7.515227690230123e-08
50150.056 4.3498203541690115e-08
50200.056 1.1205700055965642e-08
50250.056 5.532333076599191e-08
50300.056 3.659866528506607e-08
50350.056 9.233900691971107e-08
50400.056 8.38699786107894e-08
50450.056 6.715565055884666e-08
50500.056 9.107750691811308e-08
50550.056 8.12854382200111e-08
50600.056 6.195809693138174e-08
50650.056 9.912913368401981e-08
50700.056 1.0031091175495623e-07
50750.056 6.94886641132096e-08
50800.056 3.111059633763492e-08
50850.056 2.1203676551610743e-08
50900.056 8.275721456999949e-08
50950.056 6.376034375500467e-08
51000.056 6.037394373546501e-08
51050.056 7.580195464399465e-08
51100.056 3.4271181024437494e-08
51150.056 4.479896262277412e-08
51200.056 9.995318953699581e-08
51250.056 6.257552610295781e-08
51300.056 5.187573761097853e-08
51350.056 4.958365876411418e-08
51400.056 2.1344708287360662e-08
51450.056 1.7016906130033314e-08
51500.056 1.7526299917694484e-08
51550.056 5.8845156767165064e-08
51600.056 4.1843852588874e-08
51650.056 4.8580811700884446e-08
51700.056 5.22913751593093e-08
51750.056 3.690545506018504e-08
51800.056 5.8154167555994315e-08
51850.056 5.053154477649377e-08
51900.056 6.923127260239187e-08
51950.056 4.512539992519352e-08
52000.056 7.646004112977091e-09
52050.056 2.870921650887416e-08
52100.056 1.8912972727898865e-08
52150.056 1.2542297483068752e-08
52200.056 2.4541183450340157e-08
52250.056 3.389266840621535e-08
52300.056 4.8582326570836225e-08
52350.056 2.3908576182679374e-08
52400.056 2.0688635245192758e-08
52450.056 5.8861852473305216e-08
52500.056 4.5200068580520055e-08
52550.056 4.8796301379593893e-08
52600.056 3.7489751987298814e-08
52650.056 4.4811244886904993e-08
52700.056 3.5144513073999526e-08
52750.056 1.739006874274738e-08
52800.056 2.7695509397903532e-08
52850.056 3.0193935987891715e-08
52900.056 1.7876528426910538e-08
52950.056 2.4754034401061728e-08
53000.056 3.712171343981212e-08
53050.056 1.596093529826585e-08
53100.056 3.627754657088634e-08
53150.056 4.147876940152152e-08
53200.056 2.081750043128831e-08
53250.056 4.203372449792439e-08
53300.056 5.094240501654304e-08
53350.056 3.900811475622103e-08
53400.056 2.7039135220590512e-08
53450.056 1.2148260772146443e-08
53500.056 2.9802988541472352e-09
53550.056 7.875749196413542e-09
