galfind/configs/Brown_Dwarf_templates/sonora_bobcat/m0.0/10g/sp_t750g10nc_m0.0_resample.dat
# %ECSV 1.0
# ---
# datatype:
# - {name: wav, unit: Angstrom, datatype: float64}
# - {name: flux_nu, unit: erg / (cm2 Hz s), datatype: float64}
# meta: {C/O: '1.00', Kzz: '1.0000E+05', Teff: '750.', Y: '0.28', '[Fe/H]': '0.00', f_hole: '1.00', f_rain: '0.00', grav: '10.'}
# schema: astropy-2.0
wav flux_nu
[from data line 499]
28950.056 3.326936132819453e-08
29000.056 2.5968654751908677e-08
29050.056 2.8795771784134135e-08
29100.056 2.1366737219142003e-08
29150.056 3.495019985031939e-08
29200.056 2.6424604871438428e-08
29250.056 3.962867311243159e-08
29300.056 2.0944467081422976e-08
29350.056 5.404356609392848e-08
29400.056 2.9075433494474657e-08
29450.056 3.230420374229643e-08
29500.056 3.716683843483151e-08
29550.056 3.053709251696085e-08
29600.056 3.78200974294395e-08
29650.056 3.966038357483331e-08
29700.056 2.595722941233342e-08
29750.056 3.935986871107767e-08
29800.056 3.969661597262582e-08
29850.056 4.3878593795438885e-08
29900.056 3.87409889067169e-08
29950.056 3.7079535357890676e-08
30000.056 1.5195490063497933e-08
30050.056 1.8203498067091826e-08
30100.056 1.689351585549447e-08
30150.056 3.2332706263742695e-08
30200.056 2.3957194401482003e-08
30250.056 4.365289212282301e-08
30300.056 4.0105381233390955e-08
30350.056 3.334507307589191e-08
30400.056 4.043418273880574e-08
30450.056 2.7270263213985963e-08
30500.056 2.4194510924593572e-08
30550.056 2.593292465628065e-08
30600.056 3.04751177122405e-08
30650.056 2.1979565037138212e-08
30700.056 2.122770412216193e-08
30750.056 2.432911028958496e-08
30800.056 1.813144795315331e-08
30850.056 1.842109248368698e-08
30900.056 1.4025324839034745e-08
30950.056 1.5655463623860054e-08
31000.056 1.2349046302542148e-08
31050.056 1.1837923451079507e-08
31100.056 1.0080464805781884e-08
31150.056 1.3128386982319226e-08
31200.056 1.264989329510312e-08
31250.056 9.316440386818669e-09
31300.056 8.450252102223662e-09
31350.056 9.201294567203841e-09
31400.056 7.089270844849765e-09
31450.056 7.282363925657879e-09
31500.056 5.729005888644496e-09
31550.056 6.692803608905849e-09
31600.056 4.524337527990087e-09
31650.056 4.4418154242237436e-09
31700.056 4.505870110979377e-09
31750.056 3.738305210247568e-09
31800.056 4.714277729770389e-09
31850.056 3.4456103149611435e-09
31900.056 3.96983642100939e-09
31950.056 2.5429894591195822e-09
32000.056 3.3422793717809857e-09
32050.056 3.919603786602058e-09
32100.056 3.825560788740919e-09
32150.056 3.841393999819554e-09
32200.056 3.2217809551245083e-09
32250.056 4.332230913200382e-09
32300.056 3.278857324289416e-09
32350.056 4.4128113993487655e-09
32400.056 3.0725153571286754e-09
32450.056 4.082497279678598e-09
32500.056 3.5259559716708036e-09
32550.056 3.366882826569943e-09
32600.056 4.453323971230665e-09
32650.056 7.091519705998749e-09
32700.056 5.4758508980111635e-09
32750.056 7.031988100611835e-09
32800.056 6.430899422351117e-09
32850.056 7.706271923459038e-09
32900.056 8.611564107377263e-09
32950.056 9.301448162170578e-09
33000.056 7.3858282971724045e-09
33050.056 7.353019256515824e-09
33100.056 2.9746040330987828e-09
33150.056 7.654454508299638e-10
33200.056 7.702365825198343e-10
33250.056 3.952828265599823e-10
33300.056 4.709551975800727e-10
33350.056 9.754890240299273e-10
33400.056 1.6108606097890185e-09
33450.056 2.5152642898496427e-09
33500.056 4.34897773368354e-09
33550.056 3.478291868032191e-09
33600.056 6.249599969198818e-09
33650.056 5.825018073538216e-09
33700.056 5.225459975108997e-09
33750.056 7.443638811323374e-09
33800.056 6.260710210031702e-09
33850.056 7.0114669475393e-09
33900.056 5.750998009660639e-09
33950.056 5.835776941458585e-09
34000.056 7.905908461084352e-09
34050.056 3.6032060576971216e-09
34100.056 7.676619951910706e-09
34150.056 6.221961017431288e-09
34200.056 6.1370503591565595e-09
34250.056 6.085270019984606e-09
34300.056 5.856305246877306e-09
34350.056 4.843566945539591e-09
34400.056 4.209496906018642e-09
34450.056 5.8358094561876515e-09
34500.056 5.657458680821398e-09
34550.056 4.528525414390933e-09
34600.056 7.542576130979557e-09
34650.056 5.063442242770563e-09
34700.056 6.744987373749457e-09
34750.056 6.483124538007362e-09
34800.056 6.008774249286888e-09
34850.056 6.626549692882963e-09
34900.056 7.22877272119644e-09
34950.056 8.08530342403719e-09
35000.056 1.2203292625634715e-08
35050.056 7.042160262648878e-09
35100.056 9.780306984002568e-09
35150.056 8.135705519092346e-09
35200.056 9.963871584727837e-09
35250.056 1.279084993199474e-08
35300.056 1.011835768303109e-08
35350.056 1.0175412280615597e-08
35400.056 1.1704667902287152e-08
35450.056 7.778690156224356e-09
35500.056 1.6244578513379002e-08
35550.056 1.506930000224546e-08
35600.056 1.1815171927628442e-08
35650.056 1.4091994537755797e-08
35700.056 1.3140520431094468e-08
35750.056 1.769191527135738e-08
35800.056 2.3296076977109617e-08
35850.056 1.309329958399726e-08
35900.056 1.7209132274140302e-08
35950.056 1.5759522312610668e-08
36000.056 1.6017552417763443e-08
36050.056 1.3693248946853696e-08
36100.056 1.521177590230944e-08
36150.056 1.639353073689451e-08
36200.056 1.721668277290288e-08
36250.056 1.7131579232331577e-08
36300.056 2.03368915209272e-08
36350.056 1.8756301913984876e-08
36400.056 1.7913620405434463e-08
36450.056 2.4361991697525637e-08
36500.056 2.6190466363809778e-08
36550.056 2.419511477430617e-08
36600.056 3.0521776162898506e-08
36650.056 2.9775611544688196e-08
36700.056 3.322948681013011e-08
36750.056 3.5741180287331886e-08
36800.056 3.4192508426801415e-08
36850.056 3.143484229285433e-08
36900.056 3.680709127155291e-08
36950.056 3.9782137482189797e-08
37000.056 3.67726097737935e-08
37050.056 3.5806392727791205e-08
37100.056 4.321013030565321e-08
37150.056 3.3302283404613104e-08
37200.056 4.124584138078838e-08
37250.056 4.304497007639298e-08
37300.056 3.6690700824661455e-08
37350.056 3.877595187810992e-08
37400.056 5.973070682539738e-08
37450.056 4.391961836409405e-08
37500.056 4.453765133050647e-08
37550.056 5.090492807805112e-08
37600.056 5.5861848390404856e-08
37650.056 4.1000685492398027e-08
37700.056 6.577858631180886e-08
37750.056 4.6538977534092204e-08
37800.056 4.901797922930369e-08
37850.056 3.493848210420421e-08
37900.056 4.142084588280748e-08
37950.056 5.299627434074333e-08
38000.056 6.334575502980466e-08
38050.056 6.01299862199139e-08
38100.056 5.73915940246016e-08
38150.056 7.280682726439814e-08
38200.056 7.567073298282757e-08
38250.056 7.336230561531235e-08
38300.056 9.577092557358658e-08
38350.056 9.548414871721078e-08
38400.056 5.831956035374397e-08
38450.056 6.270129422358294e-08
38500.056 4.343016562469404e-08
38550.056 6.636929415162276e-08
38600.056 7.066555577391809e-08
38650.056 6.114751988808657e-08
38700.056 6.598551279509906e-08
38750.056 7.814193256991303e-08
38800.056 6.71999282761207e-08
38850.056 6.812337026040718e-08
38900.056 9.501509222301227e-08
38950.056 7.726626222238024e-08
39000.056 8.406472815830119e-08
39050.056 7.548339985399386e-08
39100.056 8.616335779751053e-08
39150.056 8.337233643780709e-08
39200.056 9.250454813449772e-08
39250.056 1.0397405685457075e-07
39300.056 7.993723602345259e-08
39350.056 1.158857856942001e-07
39400.056 9.462490834226433e-08
39450.056 1.0294573406359262e-07
39500.056 1.0180383287143864e-07
39550.056 1.0809131648188094e-07
39600.056 1.1014353098466151e-07
39650.056 1.1496465768768643e-07
39700.056 1.1546045607402547e-07
39750.056 9.837273279223754e-08
39800.056 1.1320127694076236e-07
39850.056 1.3694396711099993e-07
39900.056 1.3698605916701932e-07
39950.056 1.1567706647115191e-07
40000.056 1.6886651978444801e-07
40050.056 1.3566862261099771e-07
40100.056 1.1580722862231368e-07
40150.056 1.4594183613736353e-07
40200.056 1.4819149863792745e-07
40250.056 1.4535872829242573e-07
40300.056 1.4688429513904474e-07
40350.056 1.600867578797799e-07
40400.056 1.750137119216858e-07
40450.056 1.583783763612473e-07
40500.056 1.7608199140997066e-07
40550.056 1.7585681433495222e-07
40600.056 1.7369071754602382e-07
40650.056 1.467249113557411e-07
40700.056 2.0051013313849157e-07
40750.056 1.8027261295798938e-07
40800.056 1.4606438072490668e-07
40850.056 2.1970513063608224e-07
40900.056 2.0010322584882916e-07
40950.056 1.9173850899820555e-07
41000.056 1.9566909049620255e-07
41050.056 2.3574211769995486e-07
41100.056 2.0296670847103359e-07
41150.056 1.62587684237269e-07
41200.056 2.3818568667495504e-07
41250.056 1.96918992879059e-07
41300.056 1.849703757319522e-07
41350.056 2.6732496123605674e-07
41400.056 2.3568653620106132e-07
41450.056 2.566276449400409e-07
41500.056 2.1637839860252788e-07
41550.056 2.1514380890445003e-07
41600.056 2.574949899340516e-07
41650.056 2.663849478570001e-07
41700.056 2.3698812026886598e-07
41750.056 2.540828906959897e-07
41800.056 2.710833325559715e-07
41850.056 2.189953659131124e-07
41900.056 2.33000423142753e-07
41950.056 2.100542840140478e-07
42000.056 2.1270107457172746e-07
42050.056 2.0642041016743258e-07
42100.056 2.72091024413976e-07
42150.056 2.2473860058498064e-07
42200.056 1.990800467376167e-07
42250.056 2.0451162235743152e-07
42300.056 2.092303794292112e-07
42350.056 2.598177805490436e-07
42400.056 2.3825392653009723e-07
42450.056 2.1827770047903754e-07
42500.056 2.0955005539598786e-07
42550.056 2.1104579066396332e-07
42600.056 2.171971748414534e-07
42650.056 2.468212978189015e-07
42700.056 2.3503380787840228e-07
42750.056 2.147750078279808e-07
42800.056 2.309786290060474e-07
42850.056 2.5934466549790426e-07
42900.056 2.669337657370921e-07
42950.056 2.3764353182692311e-07
43000.056 2.569768006520237e-07
43050.056 1.9583351203169532e-07
43100.056 2.3743806672492773e-07
43150.056 2.2633100589433615e-07
43200.056 2.7145539775999846e-07
43250.056 3.0299986137001403e-07
43300.056 3.0117777002699596e-07
43350.056 2.2750208426996323e-07
43400.056 2.5718235767396125e-07
43450.056 2.362490753376479e-07
43500.056 2.108462739029863e-07
43550.056 2.2678888366227344e-07
43600.056 3.081011597020331e-07
43650.056 2.501037680138995e-07
43700.056 2.7235243182105186e-07
43750.056 2.781096265010724e-07
43800.056 2.5912408105304717e-07
43850.056 2.3865345773902606e-07
43900.056 2.5558226334697616e-07
43950.056 1.95846699130016e-07
44000.056 1.9759644314998723e-07
44050.056 2.881161599020273e-07
44100.056 3.24994073698023e-07
44150.056 2.9307851130312416e-07
44200.056 2.8363453752299144e-07
44250.056 2.3370260827401129e-07
44300.056 2.1159272147604618e-07
44350.056 2.2700062246275682e-07
44400.056 2.420774898230091e-07
44450.056 2.74102284126948e-07
44500.056 2.8611366059508194e-07
44550.056 3.219468564499469e-07
44600.056 2.618553606743439e-07
44650.056 2.91554211716076e-07
44700.056 2.2259685977901325e-07
44750.056 2.833538089080224e-07
44800.056 2.510224274850171e-07
44850.056 2.730372740110444e-07
44900.056 2.495422999722146e-07
44950.056 2.7581866285601733e-07
45000.056 2.8991068189196626e-07
45050.056 2.8250568979301415e-07
45100.056 2.742987621799905e-07
45150.056 2.8183066150035644e-07
45200.056 2.458276201780248e-07
45250.056 2.617295878779038e-07
45300.056 2.3209896585705676e-07
45350.056 2.4295236134300205e-07
45400.056 3.2663528444602665e-07
45450.056 2.8312271139197296e-07
45500.056 2.9349221965100725e-07
45550.056 3.2189887328190895e-07
45600.056 3.2214993223002966e-07
45650.056 2.5495679928526485e-07
45700.056 2.533286530663322e-07
45750.056 2.38930501776984e-07
45800.056 3.211322503819912e-07
45850.056 3.3203354634699746e-07
45900.056 3.427703558299975e-07
45950.056 2.931549943579866e-07
46000.056 3.25387620630502e-07
46050.056 2.9143854110102755e-07
46100.056 3.2465850926998814e-07
46150.056 2.802977533399899e-07
46200.056 2.712511355560184e-07
46250.056 2.0622326960435902e-07
46300.056 3.046076554963991e-07
46350.056 2.812007142880242e-07
46400.056 2.6932753204601484e-07
46450.056 2.6001435463804925e-07
46500.056 2.739281440140526e-07
46550.056 2.4664244900897265e-07
46600.056 2.778898923733928e-07
46650.056 3.5942618439695337e-07
46700.056 2.9264649358403245e-07
46750.056 2.1873856273558182e-07
46800.056 1.906127198640238e-07
46850.056 3.6170009333208814e-07
46900.056 3.1928363534596207e-07
46950.056 3.2414744393401295e-07
47000.056 2.991272060600256e-07
47050.056 2.9246066666048733e-07
47100.056 2.20616219189441e-07
47150.056 2.534141384420166e-07
47200.056 2.9512174981602254e-07
47250.056 2.4534604650499724e-07
47300.056 1.9680021356119778e-07
47350.056 3.133882675999585e-07
47400.056 3.08722222415962e-07
47450.056 3.060980460934191e-07
47500.056 3.348093725279407e-07
47550.056 2.9933845889199864e-07
47600.056 2.911117232099878e-07
47650.056 2.5519802350295025e-07
47700.056 2.860191670570719e-07
47750.056 2.0757682190851385e-07
47800.056 2.420367507960112e-07
47850.056 1.8413273955900085e-07
47900.056 2.3166651299195857e-07
47950.056 2.445995039400458e-07
48000.056 3.441955430100661e-07
48050.056 3.16248065888013e-07
48100.056 2.2095014902481763e-07
48150.056 2.757277587160232e-07
48200.056 2.5507632166900804e-07
48250.056 2.514367303220077e-07
48300.056 3.0480464151088e-07
48350.056 2.133311557730272e-07
48400.056 1.6025480327417183e-07
48450.056 2.4576291488309287e-07
48500.056 3.0897215453795817e-07
48550.056 2.4565947330399206e-07
48600.056 2.727517819770045e-07
48650.056 2.707538670899671e-07
48700.056 2.507256238169794e-07
48750.056 1.8757019427510764e-07
48800.056 3.389486774319857e-07
48850.056 2.1419722959196717e-07
48900.056 3.018809852000044e-07
48950.056 2.435354433200469e-07
49000.056 1.4819253715256077e-07
49050.056 2.556637655779953e-07
49100.056 2.825161631040613e-07
49150.056 2.443084901627407e-07
49200.056 3.1203277617503876e-07
49250.056 2.926997375800466e-07
49300.056 2.609531635820053e-07
49350.056 1.755991501392355e-07
49400.056 2.250640621589777e-07
49450.056 2.33208658168079e-07
49500.056 1.9682017641397337e-07
49550.056 1.1702285458301929e-07
49600.056 1.869462153016532e-07
49650.056 2.2911659236299645e-07
49700.056 2.087461698179253e-07
49750.056 2.3967454858693534e-07
49800.056 2.1078150593442675e-07
49850.056 2.9768317566208937e-07
49900.056 2.400923650919742e-07
49950.056 2.397554727840007e-07
50000.056 2.1816874479097302e-07
50050.056 2.587015060850076e-07
50100.056 2.1331740331501042e-07
50150.056 1.5302031104697377e-07
50200.056 7.534362337880886e-08
50250.056 2.0750283404096562e-07
50300.056 1.6093306111402221e-07
50350.056 2.6549735137403145e-07
50400.056 2.3182179087898674e-07
50450.056 1.8963463688363403e-07
50500.056 2.2289108189704011e-07
50550.056 2.1093717706201185e-07
50600.056 1.922090895119518e-07
50650.056 2.5090604478706985e-07
50700.056 2.6136280376388524e-07
50750.056 2.1648923037303957e-07
50800.056 1.3264758072259687e-07
50850.056 1.2392326252004778e-07
50900.056 2.4994355468701e-07
50950.056 1.9204128739803786e-07
51000.056 2.1089991053331718e-07
51050.056 2.0231759863600607e-07
51100.056 1.2324245565578987e-07
51150.056 1.704547472081725e-07
51200.056 2.679528218599872e-07
51250.056 1.8664338380494078e-07
51300.056 1.6529988623409546e-07
51350.056 1.6416098370499338e-07
51400.056 9.860765202899472e-08
51450.056 8.507226981077204e-08
51500.056 9.501643081934024e-08
51550.056 2.1590359041181346e-07
51600.056 1.5573865316663706e-07
51650.056 1.5704709093095623e-07
51700.056 1.659074231491708e-07
51750.056 1.2369533263403075e-07
51800.056 1.775233733889642e-07
51850.056 1.6826187043500135e-07
51900.056 2.3003764744003536e-07
51950.056 1.8097040896699024e-07
52000.056 6.943508611098575e-08
52050.056 1.3915739300083105e-07
52100.056 1.0116730085098431e-07
52150.056 9.254352019360799e-08
52200.056 1.0140546553940279e-07
52250.056 1.3064053019903122e-07
52300.056 1.8477607963699422e-07
52350.056 1.35448449050008e-07
52400.056 9.611570851500405e-08
52450.056 1.8043447422300756e-07
52500.056 1.6300803459594892e-07
52550.056 1.7297622863894825e-07
52600.056 1.4767321212102756e-07
52650.056 1.5702470793102586e-07
52700.056 1.4028225863799548e-07
52750.056 9.13220505935981e-08
52800.056 1.1913037165202486e-07
52850.056 1.253833698989532e-07
52900.056 1.0785593169920088e-07
52950.056 1.2026611769999912e-07
53000.056 1.6128265620401744e-07
53050.056 8.586417702547303e-08
53100.056 1.211388413909418e-07
53150.056 1.714599719460221e-07
53200.056 8.918775786050181e-08
53250.056 1.6023692047000382e-07
53300.056 1.756369416031966e-07
53350.056 1.640473961439938e-07
53400.056 1.4655592513700332e-07
53450.056 7.918977547198705e-08
53500.056 4.601082616178691e-08
53550.056 8.073796146238632e-08
