galfind/configs/Brown_Dwarf_templates/sonora_bobcat/m0.0/10g/sp_t2200g10nc_m0.0_resample.dat
# %ECSV 1.0
# ---
# datatype:
# - {name: wav, unit: Angstrom, datatype: float64}
# - {name: flux_nu, unit: erg / (cm2 Hz s), datatype: float64}
# meta: {C/O: '1.00', Kzz: '1.0000E+05', Teff: '2200.', Y: '0.28', '[Fe/H]': '0.00', f_hole: '1.00', f_rain: '0.00', grav: '10.'}
# schema: astropy-2.0
wav flux_nu
[from data line 500]
29000.056 2.9006257430589045e-06
29050.056 2.9698748650998088e-06
29100.056 2.698229680489966e-06
29150.056 3.074897967400186e-06
29200.056 2.9353485921801425e-06
29250.056 3.1281961233000407e-06
29300.056 2.8814201418485756e-06
29350.056 3.302377730399501e-06
29400.056 2.9435264170998875e-06
29450.056 2.885804005229789e-06
29500.056 3.0864372108997115e-06
29550.056 2.968367404700311e-06
29600.056 3.0607801043000667e-06
29650.056 3.102178523600134e-06
29700.056 2.7732745618997804e-06
29750.056 3.3082534762010652e-06
29800.056 3.1859385982998745e-06
29850.056 3.149524945999607e-06
29900.056 2.8863970597006547e-06
29950.056 3.2913725636994883e-06
30000.056 3.2729305180988686e-06
30050.056 3.1107356302999636e-06
30100.056 2.582274232099458e-06
30150.056 3.639114210499699e-06
30200.056 3.3713985884002984e-06
30250.056 3.164695027400679e-06
30300.056 3.2962558678999308e-06
30350.056 3.115116102700603e-06
30400.056 3.5214484518004664e-06
30450.056 2.9671653993003554e-06
30500.056 2.9283115327004593e-06
30550.056 3.672901241100692e-06
30600.056 3.5146433144002963e-06
30650.056 3.4515899109001726e-06
30700.056 3.286046044300024e-06
30750.056 3.165798556600172e-06
30800.056 3.65006886950101e-06
30850.056 3.263043326399969e-06
30900.056 3.311999601999745e-06
30950.056 3.1900798999003374e-06
31000.056 3.5670655562998976e-06
31050.056 3.09891208640008e-06
31100.056 3.4908033150000148e-06
31150.056 3.4948368576997523e-06
31200.056 3.6265638862996415e-06
31250.056 3.731923960700684e-06
31300.056 3.412093331999735e-06
31350.056 3.3932366819999723e-06
31400.056 3.5336305031005197e-06
31450.056 3.5247769861002466e-06
31500.056 3.6128054683005966e-06
31550.056 3.3358456749999776e-06
31600.056 3.4937491238998794e-06
31650.056 3.6114030121999224e-06
31700.056 3.757655316699993e-06
31750.056 3.296083553300168e-06
31800.056 3.6860836614003112e-06
31850.056 3.993973400099857e-06
31900.056 3.8857438544997486e-06
31950.056 3.2967149729996414e-06
32000.056 3.4986304475006895e-06
32050.056 3.9208482946004175e-06
32100.056 3.942385040599652e-06
32150.056 3.899995848500163e-06
32200.056 3.764621729899908e-06
32250.056 3.5998955518001375e-06
32300.056 3.86195031890014e-06
32350.056 4.048120438800472e-06
32400.056 3.731353398899992e-06
32450.056 3.6221581094002936e-06
32500.056 3.893296563300223e-06
32550.056 4.196374152700137e-06
32600.056 4.092360880499779e-06
32650.056 4.026905037001046e-06
32700.056 3.840774521200096e-06
32750.056 4.028677028500014e-06
32800.056 3.758939032400577e-06
32850.056 4.293298376599725e-06
32900.056 4.130957151600089e-06
32950.056 3.7027101225998774e-06
33000.056 3.9830323668002264e-06
33050.056 4.030765641599613e-06
33100.056 4.156889481899066e-06
33150.056 4.130548137300322e-06
33200.056 3.892110858600591e-06
33250.056 4.093486125800171e-06
33300.056 4.409180956700306e-06
33350.056 4.135346268300348e-06
33400.056 3.918607525499679e-06
33450.056 4.245592605998778e-06
33500.056 4.155065490900233e-06
33550.056 4.142830127799331e-06
33600.056 4.179140794700574e-06
33650.056 4.261567458000722e-06
33700.056 4.408821867299428e-06
33750.056 4.387504472100164e-06
33800.056 4.337493928599906e-06
33850.056 4.1656467744999765e-06
33900.056 4.559034736099539e-06
33950.056 4.128496958999539e-06
34000.056 4.203447966399161e-06
34050.056 4.297702699700116e-06
34100.056 4.5513289055004695e-06
34150.056 4.4530947946996e-06
34200.056 4.229136010699441e-06
34250.056 4.616396680199411e-06
34300.056 4.335323363299463e-06
34350.056 4.529623563699415e-06
34400.056 4.219100654699533e-06
34450.056 4.2826228881e-06
34500.056 4.343131467400828e-06
34550.056 4.283875157299816e-06
34600.056 4.428241056100011e-06
34650.056 4.4241269915998585e-06
34700.056 4.243658779299551e-06
34750.056 4.526191205500273e-06
34800.056 4.657147677799604e-06
34850.056 4.286514102600073e-06
34900.056 4.564256920300403e-06
34950.056 4.429039805599154e-06
35000.056 4.351005328099566e-06
35050.056 4.652331098500529e-06
35100.056 4.606602995599161e-06
35150.056 4.462708858199623e-06
35200.056 4.606918882199657e-06
35250.056 4.1612084818003765e-06
35300.056 4.534526965200425e-06
35350.056 4.720954343699679e-06
35400.056 4.4984118882998665e-06
35450.056 4.370773639400248e-06
35500.056 4.608594165800018e-06
35550.056 4.472881573299991e-06
35600.056 4.420177739799186e-06
35650.056 4.7430748412004945e-06
35700.056 4.404050165100328e-06
35750.056 4.450492034399717e-06
35800.056 4.611681833299699e-06
35850.056 4.725874450099657e-06
35900.056 4.768860954599559e-06
35950.056 4.675027140599493e-06
36000.056 4.324733766799531e-06
36050.056 4.767547466200186e-06
36100.056 4.928148064700061e-06
36150.056 4.512222897800291e-06
36200.056 4.804548458699548e-06
36250.056 4.513807511499311e-06
36300.056 5.033201691700764e-06
36350.056 4.901407261699376e-06
36400.056 4.70977940489982e-06
36450.056 4.987864673299672e-06
36500.056 4.70908579370032e-06
36550.056 4.588572413700453e-06
36600.056 4.67698207230044e-06
36650.056 4.807089669900482e-06
36700.056 4.988573527100191e-06
36750.056 4.696722683000581e-06
36800.056 4.801427313599487e-06
36850.056 4.8688549536999495e-06
36900.056 4.923240257500662e-06
36950.056 4.917106131300109e-06
37000.056 4.924943235100261e-06
37050.056 5.042492366399983e-06
37100.056 4.856930060700317e-06
37150.056 4.800835753599141e-06
37200.056 5.017931953700152e-06
37250.056 5.0300448347003556e-06
37300.056 4.988951733600848e-06
37350.056 4.8225661695005564e-06
37400.056 5.014287993699703e-06
37450.056 4.9964541032003966e-06
37500.056 5.1009865355998085e-06
37550.056 4.9627830912992744e-06
37600.056 5.173850136899403e-06
37650.056 4.801433274399548e-06
37700.056 4.861233900500202e-06
37750.056 5.16607376769926e-06
37800.056 5.262309126199967e-06
37850.056 5.070501770799768e-06
37900.056 5.156530427800326e-06
37950.056 5.184053526800281e-06
38000.056 5.063584120200658e-06
38050.056 5.094713392800318e-06
38100.056 4.9536102625001565e-06
38150.056 5.233990476999327e-06
38200.056 5.348210571999347e-06
38250.056 5.054129297500571e-06
38300.056 4.980893469799928e-06
38350.056 5.17381509970001e-06
38400.056 5.183658912899835e-06
38450.056 5.145463217100507e-06
38500.056 5.109559718299772e-06
38550.056 5.133725853300379e-06
38600.056 5.448799308699753e-06
38650.056 4.9120480870001925e-06
38700.056 5.0014259234005324e-06
38750.056 5.249067828200036e-06
38800.056 5.115228269400682e-06
38850.056 5.181423776900245e-06
38900.056 4.996508633199957e-06
38950.056 5.171880941199578e-06
39000.056 5.125490462900143e-06
39050.056 5.150169202599978e-06
39100.056 4.929320300999902e-06
39150.056 5.057463313600257e-06
39200.056 5.166320940400205e-06
39250.056 5.153137762199383e-06
39300.056 5.163673280799199e-06
39350.056 5.117458623000495e-06
39400.056 5.00725344670018e-06
39450.056 5.05612738659976e-06
39500.056 5.025995502299944e-06
39550.056 4.941602921099003e-06
39600.056 5.2756921556004004e-06
39650.056 4.9199133213001525e-06
39700.056 5.0823134899999755e-06
39750.056 5.066425347699528e-06
39800.056 4.854230224500273e-06
39850.056 4.97805181509979e-06
39900.056 4.857621219099701e-06
39950.056 5.052495069499823e-06
40000.056 4.838700185699745e-06
40050.056 4.490967165199839e-06
40100.056 4.819289087799752e-06
40150.056 4.5398086425991606e-06
40200.056 4.750585924399683e-06
40250.056 4.7461993843986915e-06
40300.056 4.406800256400311e-06
40350.056 4.591350212400121e-06
40400.056 4.69429700669992e-06
40450.056 4.327502941400975e-06
40500.056 4.1514548372998975e-06
40550.056 4.720150702499769e-06
40600.056 4.371388756700263e-06
40650.056 4.481236357300989e-06
40700.056 4.666516006800338e-06
40750.056 4.177143939098957e-06
40800.056 4.14096973920056e-06
40850.056 3.9573203041008166e-06
40900.056 3.8794646600007115e-06
40950.056 4.21088382640001e-06
41000.056 4.37974716340047e-06
41050.056 4.2330091424992525e-06
41100.056 4.062605568000679e-06
41150.056 4.368350199100195e-06
41200.056 4.0684397585001165e-06
41250.056 4.1768405504001455e-06
41300.056 3.7399646528997293e-06
41350.056 4.267018595100244e-06
41400.056 4.121876938899884e-06
41450.056 3.920815277999901e-06
41500.056 4.198756517299996e-06
41550.056 4.219928765200024e-06
41600.056 4.376490950499834e-06
41650.056 3.898272033100504e-06
41700.056 3.803339300599679e-06
41750.056 4.047316513400124e-06
41800.056 3.812826880999815e-06
41850.056 3.6717026609003717e-06
41900.056 4.071901259799343e-06
41950.056 3.710919601200413e-06
42000.056 3.96200942960027e-06
42050.056 3.7037040412988327e-06
42100.056 4.016486191500358e-06
42150.056 3.570287447099307e-06
42200.056 3.6039548588002027e-06
42250.056 3.823623923299884e-06
42300.056 3.5917638410000615e-06
42350.056 3.911678555000594e-06
42400.056 3.5986081551000738e-06
42450.056 3.192266109600265e-06
42500.056 3.3136811656002456e-06
42550.056 3.6201373329997303e-06
42600.056 3.5015728297004523e-06
42650.056 3.3970651629990085e-06
42700.056 3.5418558081008233e-06
42750.056 3.384062471600059e-06
42800.056 3.399770984100208e-06
42850.056 3.600231979699763e-06
42900.056 3.500274334500311e-06
42950.056 3.1989129013986888e-06
43000.056 3.409576817199946e-06
43050.056 3.3270517812011955e-06
43100.056 3.4104745481994002e-06
43150.056 3.5499417342007867e-06
43200.056 3.3746425096999734e-06
43250.056 3.3912924717007744e-06
43300.056 3.4772518898002187e-06
43350.056 3.299323628999555e-06
43400.056 3.210140433899764e-06
43450.056 3.309428990700958e-06
43500.056 3.2278718787991763e-06
43550.056 3.357264521599863e-06
43600.056 3.469379952399932e-06
43650.056 3.2306506455005535e-06
43700.056 3.204398221899987e-06
43750.056 3.228528775599997e-06
43800.056 3.1847299171999842e-06
43850.056 3.321712122100348e-06
43900.056 3.269123913699891e-06
43950.056 3.1391663723005196e-06
44000.056 3.0077939114003762e-06
44050.056 3.0676427319000726e-06
44100.056 3.117380570800649e-06
44150.056 3.3476534322993954e-06
44200.056 3.175226130900107e-06
44250.056 2.9529484022997486e-06
44300.056 2.925971455800505e-06
44350.056 3.042314830599989e-06
44400.056 2.9540091022001346e-06
44450.056 3.177866926500055e-06
44500.056 3.276364505900731e-06
44550.056 2.9760501797993865e-06
44600.056 3.057768126700431e-06
44650.056 3.1384808067001406e-06
44700.056 2.9258089043003555e-06
44750.056 3.177164202699648e-06
44800.056 3.154767830199845e-06
44850.056 3.2763059839002496e-06
44900.056 3.1096291425005324e-06
44950.056 2.891174566599982e-06
45000.056 3.1253922376000223e-06
45050.056 3.0807917971996067e-06
45100.056 3.1458530090996555e-06
45150.056 3.175158144800113e-06
45200.056 2.9485958265997615e-06
45250.056 2.988888320899419e-06
45300.056 2.888819911000065e-06
45350.056 3.1751871956993383e-06
45400.056 3.18041175050031e-06
45450.056 2.994527286499495e-06
45500.056 2.903462890900035e-06
45550.056 3.1061673884993567e-06
45600.056 3.0819890115999314e-06
45650.056 2.8423548855990215e-06
45700.056 2.9074207757004276e-06
45750.056 3.0328719218997505e-06
45800.056 3.0792493343000696e-06
45850.056 3.1611168552001547e-06
45900.056 3.195185735099986e-06
45950.056 2.9136879454999412e-06
46000.056 3.0713057400000286e-06
46050.056 3.0906364207006166e-06
46100.056 2.9484649692002023e-06
46150.056 2.9808149398000095e-06
46200.056 3.207402171000585e-06
46250.056 2.8449582027998287e-06
46300.056 3.1448293828997913e-06
46350.056 2.731162284099812e-06
46400.056 2.9389389751996545e-06
46450.056 2.8322668785006794e-06
46500.056 2.8410324076001545e-06
46550.056 3.034682463899777e-06
46600.056 2.7659224176996115e-06
46650.056 3.224256305800206e-06
46700.056 3.001381846300554e-06
46750.056 2.767342904699926e-06
46800.056 2.964141338100473e-06
46850.056 2.9958675436000183e-06
46900.056 2.935586380899492e-06
46950.056 2.976205667800202e-06
47000.056 3.0398499670000773e-06
47050.056 2.9031946450997093e-06
47100.056 2.956501759700206e-06
47150.056 2.8967916808005116e-06
47200.056 2.891623291000604e-06
47250.056 2.937152276099002e-06
47300.056 2.7742952158991796e-06
47350.056 2.7111696898996066e-06
47400.056 2.969926799899429e-06
47450.056 3.147265443299789e-06
47500.056 2.7991295551991516e-06
47550.056 2.9369065358992664e-06
47600.056 3.019815391800036e-06
47650.056 2.549890332599438e-06
47700.056 3.0131560350002483e-06
47750.056 2.484819841100733e-06
47800.056 3.035962684499735e-06
47850.056 2.7123429936985873e-06
47900.056 3.071803790800101e-06
47950.056 2.573680403100719e-06
48000.056 3.11070638330008e-06
48050.056 2.7395547279006728e-06
48100.056 2.6793237399000912e-06
48150.056 2.702155129500283e-06
48200.056 2.9902213873009385e-06
48250.056 2.781136085199632e-06
48300.056 3.128284910399789e-06
48350.056 2.52769003449959e-06
48400.056 3.0328215120999123e-06
48450.056 2.89122213530021e-06
48500.056 3.0463700745000847e-06
48550.056 2.7275022877000436e-06
48600.056 2.881524735299754e-06
48650.056 2.576601735300002e-06
48700.056 2.7119777041000613e-06
48750.056 2.5206274297005377e-06
48800.056 3.068925660900121e-06
48850.056 2.7252773011995674e-06
48900.056 2.915855761299962e-06
48950.056 2.905585464400632e-06
49000.056 2.7804990355998394e-06
49050.056 2.73086359109976e-06
49100.056 2.7796858201999375e-06
49150.056 2.728668784600251e-06
49200.056 2.984486786600054e-06
49250.056 2.808223682500331e-06
49300.056 2.6894212592997507e-06
49350.056 2.471719808000149e-06
49400.056 2.8965633740005737e-06
49450.056 2.6878300098004942e-06
49500.056 2.7305423811004025e-06
49550.056 2.6048691106000587e-06
49600.056 2.6259495069004e-06
49650.056 2.6192058340006184e-06
49700.056 2.3814149109997202e-06
49750.056 2.9369792281993463e-06
49800.056 2.788772607600017e-06
49850.056 2.8983802243000944e-06
49900.056 2.5862975844000797e-06
49950.056 2.7913993718989718e-06
50000.056 2.559344581799469e-06
50050.056 2.7608733270001017e-06
50100.056 2.6483319688997163e-06
50150.056 2.5942207530998164e-06
50200.056 2.3749880991001035e-06
50250.056 2.3834446483001585e-06
50300.056 2.5151477899994602e-06
50350.056 2.561641983499965e-06
50400.056 2.616876032100237e-06
50450.056 2.4598658761001488e-06
50500.056 2.917923563700414e-06
50550.056 2.6497763439997935e-06
50600.056 2.6007451434002945e-06
50650.056 2.5797667463006566e-06
50700.056 2.6398329777992236e-06
50750.056 2.5076109223002642e-06
50800.056 2.483220100000058e-06
50850.056 2.499029469600329e-06
50900.056 2.455597989399983e-06
50950.056 2.72707784080038e-06
51000.056 2.787597762200261e-06
51050.056 2.389763798500492e-06
51100.056 2.3951781421998698e-06
51150.056 2.59287387530021e-06
51200.056 2.5959745346997627e-06
51250.056 2.623633464700124e-06
51300.056 2.4956123936006364e-06
51350.056 2.5730523018996604e-06
51400.056 2.4851192173994144e-06
51450.056 2.078703100099835e-06
51500.056 2.601102957599808e-06
51550.056 2.7761193939002265e-06
51600.056 2.2511740856998615e-06
51650.056 2.5214813896996827e-06
51700.056 2.233866283299346e-06
51750.056 2.3645803892001586e-06
51800.056 2.4752492026997475e-06
51850.056 2.5742387352000385e-06
51900.056 2.634737143400254e-06
51950.056 2.3677157320997272e-06
52000.056 2.301068526399992e-06
52050.056 2.5636704699998483e-06
52100.056 2.4985383183993635e-06
52150.056 2.478541537600478e-06
52200.056 2.3899017754000998e-06
52250.056 2.3239217276999783e-06
52300.056 2.370317941299965e-06
52350.056 2.6965423370002762e-06
52400.056 2.279789224099833e-06
52450.056 2.3923457573999747e-06
52500.056 2.4516572483992194e-06
52550.056 2.299303698999451e-06
52600.056 2.4680053558001916e-06
52650.056 2.709246394000518e-06
52700.056 2.4385591393000825e-06
52750.056 2.0548884867998155e-06
52800.056 2.292068706000334e-06
52850.056 2.2450291273998622e-06
52900.056 2.388981273400388e-06
52950.056 2.3483549850994822e-06
53000.056 2.5042067749996483e-06
53050.056 2.467661270099717e-06
53100.056 2.1341439184994253e-06
53150.056 2.502025266600493e-06
53200.056 2.116851475400373e-06
53250.056 2.6837672326999416e-06
53300.056 2.499314361600728e-06
53350.056 2.5807149629998758e-06
53400.056 2.2847075427001464e-06
53450.056 2.1767411895999772e-06
53500.056 2.1688436983997134e-06
53550.056 2.4984246035000265e-06
53600.056 2.4185758940003456e-06
53650.056 2.3317999764008416e-06
