galfind/configs/Brown_Dwarf_templates/sonora_bobcat/m0.0/10g/sp_t400g10nc_m0.0_resample.dat
# %ECSV 1.0
# ---
# datatype:
# - {name: wav, unit: Angstrom, datatype: float64}
# - {name: flux_nu, unit: erg / (cm2 Hz s), datatype: float64}
# meta: {C/O: '1.00', Kzz: '1.0000E+05', Teff: '400.', Y: '0.28', '[Fe/H]': '0.00', f_hole: '1.00', f_rain: '0.00', grav: '10.'}
# schema: astropy-2.0
wav flux_nu
[from data line 499]
28950.056 1.4024040414895217e-10
29000.056 8.437968573086695e-11
29050.056 1.3809685099602433e-10
29100.056 7.542548624964193e-11
29150.056 8.274270057981566e-11
29200.056 1.6802243554134351e-10
29250.056 2.342118751985964e-10
29300.056 9.72094929491481e-11
29350.056 2.652024648153795e-10
29400.056 1.4799207671845352e-10
29450.056 9.64157520920006e-11
29500.056 2.552784282264196e-10
29550.056 1.0483937547142017e-10
29600.056 1.4957742151173892e-10
29650.056 3.4874917984423453e-10
29700.056 9.80327579719118e-11
29750.056 2.6459996285178056e-10
29800.056 2.1259327453441276e-10
29850.056 2.798429889380081e-10
29900.056 1.673679119495935e-10
29950.056 2.2620194443341652e-10
30000.056 4.102547285241596e-12
30050.056 2.3348348360733486e-11
30100.056 9.075667455796058e-11
30150.056 2.2604646869022307e-10
30200.056 1.7097813016859226e-10
30250.056 3.576331771742577e-10
30300.056 5.515750432423757e-10
30350.056 1.6721704307592536e-10
30400.056 4.514546850855561e-10
30450.056 3.0970865464632044e-10
30500.056 2.649944509698179e-10
30550.056 2.2856599626273087e-10
30600.056 7.185643050166395e-10
30650.056 4.342226783632977e-10
30700.056 2.643253809555368e-10
30750.056 5.497395257304878e-10
30800.056 3.506772171735034e-10
30850.056 4.346501346466717e-10
30900.056 2.0113230174983474e-10
30950.056 2.5701494248847827e-10
31000.056 2.92442979748761e-10
31050.056 2.0287382752531065e-10
31100.056 1.2156382308629586e-10
31150.056 2.2984585541441483e-10
31200.056 4.699482079274902e-10
31250.056 3.4486804639139776e-10
31300.056 1.9369710483977565e-10
31350.056 3.92645385322476e-10
31400.056 2.740643145482825e-10
31450.056 2.664668607661194e-10
31500.056 1.2341246362312167e-10
31550.056 1.8037869242036794e-10
31600.056 1.1372202474196429e-10
31650.056 1.2897458110846692e-10
31700.056 1.2083565597079594e-10
31750.056 5.823411308308818e-11
31800.056 1.1372180012434188e-10
31850.056 2.3634053008421613e-11
31900.056 5.5088273914376906e-11
31950.056 3.6550487671978617e-11
32000.056 2.5789796536649573e-11
32050.056 4.619865616711168e-11
32100.056 4.101754064399579e-11
32150.056 4.5291117915095085e-11
32200.056 2.1177142182850675e-11
32250.056 5.772709829734962e-11
32300.056 1.927038811471801e-11
32350.056 5.0603790806876083e-11
32400.056 1.068863516474609e-11
32450.056 3.670731567649715e-11
32500.056 1.2106234545468457e-11
32550.056 2.7477217589592518e-11
32600.056 1.4367492623580706e-11
32650.056 9.034921802373516e-11
32700.056 2.097940798623591e-11
32750.056 1.5576551246124358e-10
32800.056 7.711026617598214e-11
32850.056 2.5280446736982767e-10
32900.056 2.0645948773100864e-10
32950.056 2.4531854633017944e-10
33000.056 8.818190593716414e-11
33050.056 1.3494174815902837e-10
33100.056 2.645524989430037e-11
33150.056 8.125638351357767e-15
33200.056 5.982603256569774e-13
33250.056 5.874084880800161e-13
33300.056 4.797905573823322e-12
33350.056 1.5193270774055777e-11
33400.056 6.605407684303449e-11
33450.056 5.1746154111005336e-11
33500.056 1.8397696271673449e-10
33550.056 3.7260342085458045e-11
33600.056 1.1686665033757977e-10
33650.056 1.0043931421951197e-10
33700.056 4.356446802497918e-11
33750.056 1.5674441802335673e-10
33800.056 1.9431464862686813e-11
33850.056 8.157707202850905e-11
33900.056 8.60824347388219e-11
33950.056 6.664622563153819e-11
34000.056 1.588870395605476e-10
34050.056 2.5476593342666335e-11
34100.056 1.421646553074834e-10
34150.056 7.027521625947784e-11
34200.056 1.6392099819361642e-10
34250.056 9.743847165020503e-11
34300.056 1.0724731603758999e-10
34350.056 1.6070758480442465e-10
34400.056 6.06232888920653e-11
34450.056 1.6589471215805009e-10
34500.056 9.31900913020952e-11
34550.056 6.071493613537628e-11
34600.056 2.562247301924418e-10
34650.056 5.692291955963869e-11
34700.056 2.07886507224848e-10
34750.056 1.2439830489461032e-10
34800.056 1.3731713176303043e-10
34850.056 2.8081781786058097e-10
34900.056 1.010512963290485e-10
34950.056 2.814738428744846e-10
35000.056 5.558755109413033e-10
35050.056 2.5117153297754845e-10
35100.056 5.478584939057164e-10
35150.056 3.6908717752775434e-10
35200.056 4.3926560498550897e-10
35250.056 6.536081037047143e-10
35300.056 3.3780415749371273e-10
35350.056 3.724991534793097e-10
35400.056 3.0096219320955807e-10
35450.056 2.7452457011244123e-10
35500.056 9.712834590278087e-10
35550.056 6.068351264558714e-10
35600.056 5.974069367146886e-10
35650.056 5.86373582009466e-10
35700.056 7.020182007819876e-10
35750.056 9.572861788756951e-10
35800.056 1.0208059882908075e-09
35850.056 3.602559230493782e-10
35900.056 4.700696302384524e-10
35950.056 5.251389289427465e-10
36000.056 7.143129543163921e-10
36050.056 4.830612449077743e-10
36100.056 4.468363898439142e-10
36150.056 8.875359159665009e-10
36200.056 9.297314939509349e-10
36250.056 7.107114353545227e-10
36300.056 1.450311402480923e-09
36350.056 8.593899003442959e-10
36400.056 1.307037349794865e-09
36450.056 1.556063300004336e-09
36500.056 1.6931421203065715e-09
36550.056 1.9576454889275088e-09
36600.056 2.18561220958818e-09
36650.056 1.6814880747279436e-09
36700.056 1.983370152584551e-09
36750.056 2.341038254295787e-09
36800.056 2.4722529382293362e-09
36850.056 1.433879567939135e-09
36900.056 2.623938847864956e-09
36950.056 2.5946019279800512e-09
37000.056 1.971904926281628e-09
37050.056 2.657430784621489e-09
37100.056 2.4466621861525898e-09
37150.056 1.7772876407903568e-09
37200.056 3.2549077600389154e-09
37250.056 2.2678376401622524e-09
37300.056 1.759807228074722e-09
37350.056 2.947667971867517e-09
37400.056 4.200658280956401e-09
37450.056 1.953759138664066e-09
37500.056 2.599250814707893e-09
37550.056 3.966307015349765e-09
37600.056 5.300173590679586e-09
37650.056 2.076976217337523e-09
37700.056 4.391056340625441e-09
37750.056 2.674189137387321e-09
37800.056 2.7571638221939804e-09
37850.056 1.3864529234795395e-09
37900.056 2.115357757318074e-09
37950.056 3.9125255706550524e-09
38000.056 4.047636267041441e-09
38050.056 5.02345483575576e-09
38100.056 5.6193360676507126e-09
38150.056 6.350392056159408e-09
38200.056 5.7626911087229596e-09
38250.056 6.061605515955949e-09
38300.056 8.857741558088697e-09
38350.056 8.729505490998163e-09
38400.056 3.664829570371639e-09
38450.056 2.1522076506152028e-09
38500.056 1.302477479784066e-09
38550.056 4.0433971578607026e-09
38600.056 3.867877440758609e-09
38650.056 4.2105428302968964e-09
38700.056 2.8148817703402834e-09
38750.056 3.986067918230195e-09
38800.056 4.0230232332197345e-09
38850.056 4.424774105356417e-09
38900.056 5.894347676896179e-09
38950.056 3.948250798878563e-09
39000.056 6.820058845993433e-09
39050.056 3.867231930391208e-09
39100.056 5.987422198752866e-09
39150.056 6.960849515907783e-09
39200.056 5.654862500527403e-09
39250.056 8.732310361657602e-09
39300.056 5.2039703573532836e-09
39350.056 1.0803785979453872e-08
39400.056 5.442398881284357e-09
39450.056 8.507068149276191e-09
39500.056 8.796094591449578e-09
39550.056 5.301430169559892e-09
39600.056 8.625605448974557e-09
39650.056 9.48676109504875e-09
39700.056 9.479370209206015e-09
39750.056 5.858857179142403e-09
39800.056 6.370738127844116e-09
39850.056 1.1908488589271818e-08
39900.056 1.3631738818021285e-08
39950.056 6.642559899485377e-09
40000.056 1.2214708461468389e-08
40050.056 1.1694674918608712e-08
40100.056 5.49156881991544e-09
40150.056 1.1973282192851425e-08
40200.056 1.258446344038135e-08
40250.056 1.4181901664787883e-08
40300.056 1.3237998228042656e-08
40350.056 9.887741133288247e-09
40400.056 1.330313088618744e-08
40450.056 7.925183602240621e-09
40500.056 1.612186899546937e-08
40550.056 1.7217689120194262e-08
40600.056 1.284917814514173e-08
40650.056 9.564557177534264e-09
40700.056 1.9303096999275633e-08
40750.056 1.3233807146586749e-08
40800.056 9.50752803393219e-09
40850.056 2.3111223491590354e-08
40900.056 1.8832061740418795e-08
40950.056 1.780005366795222e-08
41000.056 1.4713328017158314e-08
41050.056 2.4678914715788605e-08
41100.056 2.0071959001239483e-08
41150.056 9.482806295780635e-09
41200.056 2.6381826649943407e-08
41250.056 1.7051475871923938e-08
41300.056 1.8284130957257525e-08
41350.056 2.5720374058395687e-08
41400.056 2.2161265168941698e-08
41450.056 3.0155063896886975e-08
41500.056 2.1502461895208625e-08
41550.056 1.9464858230302038e-08
41600.056 1.8912324351839025e-08
41650.056 2.6375449491909157e-08
41700.056 2.992495675994385e-08
41750.056 2.596799110839304e-08
41800.056 2.7682931856437403e-08
41850.056 2.501917016585801e-08
41900.056 2.35429773940684e-08
41950.056 2.1741434783203266e-08
42000.056 1.549812311995104e-08
42050.056 1.850075972400454e-08
42100.056 1.8736553162474876e-08
42150.056 2.1452203803548834e-08
42200.056 2.4297371849981467e-08
42250.056 1.8525545132938615e-08
42300.056 2.0118897493248835e-08
42350.056 2.9725627222101784e-08
42400.056 3.2917149384039425e-08
42450.056 3.1672061908315196e-08
42500.056 2.8041505514491635e-08
42550.056 2.5560774831788287e-08
42600.056 2.62185735646662e-08
42650.056 4.3790590007675276e-08
42700.056 2.458166953771666e-08
42750.056 3.3221343934152936e-08
42800.056 4.778963164291205e-08
42850.056 4.5206475266586855e-08
42900.056 4.689442219561645e-08
42950.056 4.0750448272890704e-08
43000.056 4.423265735871931e-08
43050.056 2.659638106746379e-08
43100.056 3.6409568496389684e-08
43150.056 3.0570057799277465e-08
43200.056 5.071831377160316e-08
43250.056 5.930614684099592e-08
43300.056 5.739475302298919e-08
43350.056 3.5951620274588747e-08
43400.056 4.7418142262810667e-08
43450.056 3.2564882735681364e-08
43500.056 3.0090905510646796e-08
43550.056 3.3729599751762565e-08
43600.056 5.6104103678007033e-08
43650.056 4.0145861369514086e-08
43700.056 6.146483355231876e-08
43750.056 5.4380743248691e-08
43800.056 5.215257556398997e-08
43850.056 4.283629090039792e-08
43900.056 4.024240011296641e-08
43950.056 2.4498984760599176e-08
44000.056 2.6029654318994842e-08
44050.056 6.322861850900138e-08
44100.056 7.861970985039048e-08
44150.056 6.96135109593013e-08
44200.056 6.094084037049718e-08
44250.056 3.5260874583602035e-08
44300.056 3.006893709870481e-08
44350.056 3.465239003403689e-08
44400.056 3.1352111101304665e-08
44450.056 5.2467149429890265e-08
44500.056 5.138421142421058e-08
44550.056 7.503540707799191e-08
44600.056 6.328592681156676e-08
44650.056 5.1320844779911056e-08
44700.056 3.562323139160172e-08
44750.056 6.097806593591753e-08
44800.056 3.90884098800412e-08
44850.056 5.00747401305677e-08
44900.056 4.659745406380378e-08
44950.056 5.95410810592064e-08
45000.056 6.604822901800312e-08
45050.056 5.901181452599055e-08
45100.056 5.1726078160495447e-08
45150.056 4.921638952946433e-08
45200.056 3.994526592949987e-08
45250.056 4.6214112960980546e-08
45300.056 4.026822445920973e-08
45350.056 3.383879223319434e-08
45400.056 8.922230638701309e-08
45450.056 6.708115984810963e-08
45500.056 8.696402164521779e-08
45550.056 8.65646787849587e-08
45600.056 7.631407869902118e-08
45650.056 6.135973899780107e-08
45700.056 4.105715315579843e-08
45750.056 4.093157149561157e-08
45800.056 9.558851078199349e-08
45850.056 7.177896703759412e-08
45900.056 9.368468071398473e-08
45950.056 8.302351325249966e-08
46000.056 8.693507309065772e-08
46050.056 6.540679670140833e-08
46100.056 1.0390435247098065e-07
46150.056 6.326578059711123e-08
46200.056 5.41276923749916e-08
46250.056 2.3647468825911522e-08
46300.056 6.233868029491921e-08
46350.056 6.783786591521281e-08
46400.056 5.610013458129954e-08
46450.056 5.356857512956105e-08
46500.056 6.544250715241648e-08
46550.056 3.4407754356103775e-08
46600.056 5.317772169927373e-08
46650.056 7.817935399580675e-08
46700.056 5.17539016061835e-08
46750.056 2.9082919431244816e-08
46800.056 1.8658579593502927e-08
46850.056 7.984176491931662e-08
46900.056 7.266312319559823e-08
46950.056 7.469342768499376e-08
47000.056 7.462167036431714e-08
47050.056 5.273412999573072e-08
47100.056 3.784099524622673e-08
47150.056 5.67718954928062e-08
47200.056 6.430959350619468e-08
47250.056 4.108257507709824e-08
47300.056 2.629466390565251e-08
47350.056 8.119947793499535e-08
47400.056 6.53586336129952e-08
47450.056 5.8760233198742176e-08
47500.056 8.144705129966798e-08
47550.056 7.039416346341347e-08
47600.056 6.767083699339986e-08
47650.056 7.016267229568274e-08
47700.056 5.404245317491458e-08
47750.056 4.0882763165503405e-08
47800.056 3.4841670013404603e-08
47850.056 1.7676416799394725e-08
47900.056 2.803965851125499e-08
47950.056 5.87914479792079e-08
48000.056 8.319869313301268e-08
48050.056 7.113954467700838e-08
48100.056 3.062056858688499e-08
48150.056 5.783116776040118e-08
48200.056 3.7346782744619815e-08
48250.056 4.429309518999744e-08
48300.056 7.677115324498672e-08
48350.056 4.519332037459882e-08
48400.056 1.3549976422160018e-08
48450.056 2.8067131370022407e-08
48500.056 4.512857929998828e-08
48550.056 4.6178701570404315e-08
48600.056 5.944128559599708e-08
48650.056 7.277253190898408e-08
48700.056 4.992861793423674e-08
48750.056 3.6370277561219334e-08
48800.056 6.957894140209833e-08
48850.056 3.7187816363483486e-08
48900.056 5.113196630567353e-08
48950.056 2.7697421021401828e-08
49000.056 1.3736722269684302e-08
49050.056 4.357106854649461e-08
49100.056 5.823070096484103e-08
49150.056 4.258695157736016e-08
49200.056 7.110059967801623e-08
49250.056 6.932951383000753e-08
49300.056 5.923302516180062e-08
49350.056 2.277459297862522e-08
49400.056 3.382420516098919e-08
49450.056 3.4189869927231084e-08
49500.056 2.5399037678387552e-08
49550.056 5.976841045699428e-09
49600.056 1.6741510554508492e-08
49650.056 3.928644400650194e-08
49700.056 4.106417910368164e-08
49750.056 4.0809726073049225e-08
49800.056 2.644438841023514e-08
49850.056 5.737247279493529e-08
49900.056 4.44349363585713e-08
49950.056 4.6332693809503796e-08
50000.056 3.5010549180876766e-08
50050.056 4.2430322668801333e-08
50100.056 3.3443507311498064e-08
50150.056 1.6520287664936038e-08
50200.056 2.930911632935202e-09
50250.056 1.8872781327698425e-08
50300.056 1.1787751398940034e-08
50350.056 3.976084080550514e-08
50400.056 3.856583458317283e-08
50450.056 3.181095721862357e-08
50500.056 4.64777513487044e-08
50550.056 3.910606134460556e-08
50600.056 2.873959697519282e-08
50650.056 4.9677205508008425e-08
50700.056 4.7633750052782416e-08
50750.056 3.111245865330371e-08
50800.056 1.1058428345297227e-08
50850.056 6.031015526107129e-09
50900.056 3.3814255686400335e-08
50950.056 2.819349229049901e-08
51000.056 2.4006632660402148e-08
51050.056 3.6067010026995825e-08
51100.056 1.4059195109967771e-08
51150.056 1.6291346395998866e-08
51200.056 4.45555008640003e-08
51250.056 2.986803888948371e-08
51300.056 2.268505964993228e-08
51350.056 2.0201658153804982e-08
51400.056 6.772030485382605e-09
51450.056 5.327833017550767e-09
51500.056 5.50714779157198e-09
51550.056 2.1903229177903274e-08
51600.056 1.717405599502596e-08
51650.056 2.2388463885295418e-08
51700.056 2.3178125071307814e-08
51750.056 1.557645211018929e-08
51800.056 2.7259985880797615e-08
51850.056 2.2519489204197067e-08
51900.056 2.808185947709596e-08
51950.056 1.6209972881297652e-08
52000.056 1.7662738750013044e-09
52050.056 9.195992340831332e-09
52100.056 5.397485133469378e-09
52150.056 2.9795860793708063e-09
52200.056 8.947715008929853e-09
52250.056 1.3298553019565642e-08
52300.056 1.7889736483158633e-08
52350.056 6.5508348926719165e-09
52400.056 6.590469754223447e-09
52450.056 2.3969765591602708e-08
52500.056 1.7216446890258617e-08
52550.056 2.030164961979833e-08
52600.056 1.5548101456438395e-08
52650.056 1.9044107980401394e-08
52700.056 1.4161814971909645e-08
52750.056 5.271939735940641e-09
52800.056 1.0096758587511327e-08
52850.056 1.1251910270487433e-08
52900.056 4.798096007043355e-09
52950.056 8.124018019582874e-09
53000.056 1.3662180506204073e-08
53050.056 5.231556859612441e-09
53100.056 1.5713537000495837e-08
53150.056 1.6544602230457908e-08
53200.056 8.430866862515596e-09
53250.056 1.595861608833006e-08
53300.056 1.989649924864513e-08
53350.056 1.4617157324733182e-08
53400.056 9.350049956196489e-09
53450.056 3.3976980317037895e-09
53500.056 5.2251516053183e-10
53550.056 1.6261469694168341e-09
