galfind/configs/Brown_Dwarf_templates/sonora_bobcat/m0.0/10g/sp_t525g10nc_m0.0_resample.dat
# %ECSV 1.0
# ---
# datatype:
# - {name: wav, unit: Angstrom, datatype: float64}
# - {name: flux_nu, unit: erg / (cm2 Hz s), datatype: float64}
# meta: {C/O: '1.00', Kzz: '1.0000E+05', Teff: '525.', Y: '0.28', '[Fe/H]': '0.00', f_hole: '1.00', f_rain: '0.00', grav: '10.'}
# schema: astropy-2.0
wav flux_nu
[from data line 498]
28900.056 1.0335508896275159e-09
28950.056 2.0362885341055497e-09
29000.056 1.3906398924522725e-09
29050.056 1.9531909394323324e-09
29100.056 1.21773418504391e-09
29150.056 1.559276208470682e-09
29200.056 1.8356473571601115e-09
29250.056 3.170506225911391e-09
29300.056 1.209747880012499e-09
29350.056 3.845187150851141e-09
29400.056 1.8831662319512634e-09
29450.056 1.865437534430055e-09
29500.056 2.7260319337031896e-09
29550.056 1.6904729275554378e-09
29600.056 2.4323723083506574e-09
29650.056 3.6735990991159105e-09
29700.056 1.5038218546232153e-09
29750.056 3.1358176628089444e-09
29800.056 2.9555850716780698e-09
29850.056 3.400864473781567e-09
29900.056 2.6473556952103626e-09
29950.056 2.704966412297414e-09
30000.056 1.2556108901830998e-10
30050.056 4.091019072738249e-10
30100.056 1.0264696299601612e-09
30150.056 2.1161415010205326e-09
30200.056 1.6760992101187176e-09
30250.056 3.8561734727854425e-09
30300.056 4.892602736930735e-09
30350.056 2.4489425266808964e-09
30400.056 4.710435773176461e-09
30450.056 2.7966140199239706e-09
30500.056 2.9562675193348826e-09
30550.056 2.6930901542081837e-09
30600.056 4.470818088598649e-09
30650.056 3.120406692501657e-09
30700.056 2.3663456390543624e-09
30750.056 3.943223907811009e-09
30800.056 2.4047814757160217e-09
30850.056 2.9310319407877923e-09
30900.056 1.528786522866367e-09
30950.056 2.1053306773868214e-09
31000.056 1.8740370403666076e-09
31050.056 1.6926628162538894e-09
31100.056 1.1208526685259063e-09
31150.056 1.8464402058599319e-09
31200.056 2.4185721199245266e-09
31250.056 1.8185526992231522e-09
31300.056 1.229936319705641e-09
31350.056 1.8135330696023593e-09
31400.056 1.3467359183493202e-09
31450.056 1.3335948792479683e-09
31500.056 8.045805318354898e-10
31550.056 1.0296064267266364e-09
31600.056 6.143951753844178e-10
31650.056 7.263245734220531e-10
31700.056 7.591748799557721e-10
31750.056 3.908975367510591e-10
31800.056 7.278378968212294e-10
31850.056 2.567142025131279e-10
31900.056 4.244913730073304e-10
31950.056 2.7147528177287516e-10
32000.056 2.9844898928917013e-10
32050.056 4.022439046296878e-10
32100.056 3.65894739936568e-10
32150.056 4.2632525741009403e-10
32200.056 2.458271440360668e-10
32250.056 5.445462105435348e-10
32300.056 2.5924103282616344e-10
32350.056 4.936311927477369e-10
32400.056 2.0422209401497905e-10
32450.056 4.212185516079006e-10
32500.056 2.2745291621011727e-10
32550.056 3.1454433996248806e-10
32600.056 3.2595742364375667e-10
32650.056 9.090764707956064e-10
32700.056 4.253581799177018e-10
32750.056 1.1908196103857567e-09
32800.056 8.371578585257208e-10
32850.056 1.4936006140725478e-09
32900.056 1.3992223469573993e-09
32950.056 1.6819662239190881e-09
33000.056 1.015121486229501e-09
33050.056 1.300956405517531e-09
33100.056 3.424272074263885e-10
33150.056 1.7549120813482045e-12
33200.056 1.3224264213497557e-11
33250.056 8.319172550743602e-12
33300.056 2.9148095107577136e-11
33350.056 9.513502381038375e-11
33400.056 2.7870671085478636e-10
33450.056 3.5348125428138225e-10
33500.056 1.0014697974734002e-09
33550.056 3.5118872659233153e-10
33600.056 9.533809796630967e-10
33650.056 8.536948564757132e-10
33700.056 5.757650032108758e-10
33750.056 1.2451508908068123e-09
33800.056 3.9204207472388304e-10
33850.056 8.401138119326764e-10
33900.056 7.635430769147839e-10
33950.056 6.789954159530156e-10
34000.056 1.2261688915255123e-09
34050.056 2.916334255344614e-10
34100.056 1.1092338784285312e-09
34150.056 6.744101899779476e-10
34200.056 1.033734744068196e-09
34250.056 7.963415135545514e-10
34300.056 7.810980647281845e-10
34350.056 8.125033405819389e-10
34400.056 4.6179685230609076e-10
34450.056 9.593154925547687e-10
34500.056 7.313469036641472e-10
34550.056 4.3326845053203126e-10
34600.056 1.3049420292717237e-09
34650.056 5.180668309322744e-10
34700.056 1.2236478456453924e-09
34750.056 8.57171804880186e-10
34800.056 8.289850246750679e-10
34850.056 1.2533338324659108e-09
34900.056 8.837406041905683e-10
34950.056 1.4585610232888935e-09
35000.056 2.8013341228180394e-09
35050.056 1.1978869720478397e-09
35100.056 2.36079680899602e-09
35150.056 1.6478991829118428e-09
35200.056 2.1569869933884726e-09
35250.056 2.964831531077649e-09
35300.056 1.8171639222868947e-09
35350.056 1.9523260331573074e-09
35400.056 2.0834301947470584e-09
35450.056 1.4757249260465463e-09
35500.056 4.4237486703764485e-09
35550.056 3.439942589297329e-09
35600.056 2.7713698152562608e-09
35650.056 2.8893273444496425e-09
35700.056 3.057981411571013e-09
35750.056 4.4113723909498295e-09
35800.056 5.446291227904917e-09
35850.056 2.374727288224116e-09
35900.056 3.1700349590231942e-09
35950.056 3.2355837048266854e-09
36000.056 3.5418409066936933e-09
36050.056 2.5914696477082637e-09
36100.056 2.6936962613914884e-09
36150.056 3.877827967125631e-09
36200.056 4.190603324208665e-09
36250.056 3.592879637603467e-09
36300.056 5.61153626074655e-09
36350.056 4.118277612297745e-09
36400.056 4.9486786993681774e-09
36450.056 6.376044614214525e-09
36500.056 7.31809073370103e-09
36550.056 7.01898688608745e-09
36600.056 8.82766920840104e-09
36650.056 7.448057789421034e-09
36700.056 8.596233562955209e-09
36750.056 9.899745733202814e-09
36800.056 9.696322305090213e-09
36850.056 7.37671954694668e-09
36900.056 1.0624855448634328e-08
36950.056 1.0640702409614329e-08
37000.056 8.89386044773959e-09
37050.056 1.0134239087580348e-08
37100.056 1.1378070753627696e-08
37150.056 8.068016900503444e-09
37200.056 1.2167914924022579e-08
37250.056 1.0648247629358882e-08
37300.056 8.849517340978501e-09
37350.056 1.1651625579675921e-08
37400.056 1.737345597080932e-08
37450.056 1.0036302991927321e-08
37500.056 1.101029435890153e-08
37550.056 1.4880592567118127e-08
37600.056 1.777350040659671e-08
37650.056 9.361545588615105e-09
37700.056 1.8520677779850738e-08
37750.056 1.1482070842119527e-08
37800.056 1.2300892634641382e-08
37850.056 7.075223772884937e-09
37900.056 9.975875756077953e-09
37950.056 1.533263041113234e-08
38000.056 1.701180576294783e-08
38050.056 1.7450634016281665e-08
38100.056 1.855352880595368e-08
38150.056 2.233156952557967e-08
38200.056 2.2452814784563185e-08
38250.056 2.11184488400226e-08
38300.056 3.1245229355091574e-08
38350.056 3.024838324080947e-08
38400.056 1.4847202471401692e-08
38450.056 1.3043788809128209e-08
38500.056 8.357635966315069e-09
38550.056 1.7135699323326064e-08
38600.056 1.7283039932387947e-08
38650.056 1.607742951264992e-08
38700.056 1.4615859872071382e-08
38750.056 1.8110613141354362e-08
38800.056 1.694337773042405e-08
38850.056 1.820148636487584e-08
38900.056 2.4704314052715203e-08
38950.056 1.819864092973074e-08
39000.056 2.4093085029733245e-08
39050.056 1.8018696707944426e-08
39100.056 2.343659383294553e-08
39150.056 2.4232976877734922e-08
39200.056 2.3804405480023907e-08
39250.056 3.091964534245622e-08
39300.056 2.0764877085297688e-08
39350.056 3.644694916080196e-08
39400.056 2.3305458814342405e-08
39450.056 3.000019992222624e-08
39500.056 3.216485022307107e-08
39550.056 2.6738289790958195e-08
39600.056 3.199967710423005e-08
39650.056 3.351338741559646e-08
39700.056 3.4074090691793996e-08
39750.056 2.5227292974639813e-08
39800.056 2.814788393256147e-08
39850.056 4.29585892746018e-08
39900.056 4.413965815750545e-08
39950.056 2.9265715345629125e-08
40000.056 4.8761394562281245e-08
40050.056 4.049501845265523e-08
40100.056 2.6664323868639686e-08
40150.056 4.2874103447165535e-08
40200.056 4.5492707669792155e-08
40250.056 4.7763905635007944e-08
40300.056 4.5306741406872683e-08
40350.056 4.243472819148029e-08
40400.056 5.306015863057677e-08
40450.056 3.8362535930876065e-08
40500.056 5.587812401908427e-08
40550.056 5.6081390848366657e-08
40600.056 5.049112071223847e-08
40650.056 3.7802770193146114e-08
40700.056 6.363372401945139e-08
40750.056 4.9749939611594875e-08
40800.056 3.909256900874877e-08
40850.056 7.400481587083281e-08
40900.056 6.462573616038889e-08
40950.056 6.042300752120123e-08
41000.056 5.8283642691939804e-08
41050.056 7.917727976476796e-08
41100.056 6.697559215990938e-08
41150.056 4.129364826884395e-08
41200.056 8.25189191579885e-08
41250.056 5.9084182681632546e-08
41300.056 6.029955611681e-08
41350.056 8.70491714924022e-08
41400.056 7.606520262681499e-08
41450.056 9.047207527317936e-08
41500.056 6.979494108642442e-08
41550.056 6.774314871242869e-08
41600.056 7.251684058105195e-08
41650.056 8.648575113542006e-08
41700.056 8.277098155265106e-08
41750.056 8.146425619808426e-08
41800.056 9.47612988770675e-08
41850.056 7.67062138296973e-08
41900.056 7.845365279573537e-08
41950.056 7.301797089352092e-08
42000.056 6.630607083326007e-08
42050.056 6.897423686243626e-08
42100.056 8.568055410602589e-08
42150.056 7.663939766215922e-08
42200.056 7.351840271796298e-08
42250.056 6.830984299710509e-08
42300.056 7.418107634903546e-08
42350.056 9.527320982801347e-08
42400.056 9.639624275193321e-08
42450.056 8.960737351164647e-08
42500.056 7.911622866578126e-08
42550.056 7.597213828677396e-08
42600.056 8.366675342079254e-08
42650.056 1.1848188642714056e-07
42700.056 8.69545035607842e-08
42750.056 9.073938010929669e-08
42800.056 1.1283664155782251e-07
42850.056 1.1664667691896444e-07
42900.056 1.2400999029595003e-07
42950.056 1.0544000918897814e-07
43000.056 1.1293142263964572e-07
43050.056 7.59913987864784e-08
43100.056 9.78620856279623e-08
43150.056 9.016258331421401e-08
43200.056 1.2685746618599465e-07
43250.056 1.5136477187901032e-07
43300.056 1.463521991759878e-07
43350.056 9.590955563337969e-08
43400.056 1.1790341804388965e-07
43450.056 9.38349393566154e-08
43500.056 8.462920620610862e-08
43550.056 9.25888579947976e-08
43600.056 1.4240799636342068e-07
43650.056 1.0723343785410762e-07
43700.056 1.4310526753954117e-07
43750.056 1.3136475185810733e-07
43800.056 1.2573180477207766e-07
43850.056 1.0581678460700077e-07
43900.056 1.1008468759185542e-07
43950.056 7.307492016470164e-08
44000.056 7.323667962258912e-08
44050.056 1.4761917311000916e-07
44100.056 1.8260660508300156e-07
44150.056 1.5981896319119093e-07
44200.056 1.405951382794925e-07
44250.056 9.686317830321198e-08
44300.056 8.139674733881514e-08
44350.056 9.623183742838717e-08
44400.056 9.232290409999242e-08
44450.056 1.324775186089586e-07
44500.056 1.3184007585703482e-07
44550.056 1.7817595002597498e-07
44600.056 1.4508968462471039e-07
44650.056 1.3670697999843438e-07
44700.056 9.593805204600727e-08
44750.056 1.4130098952243813e-07
44800.056 1.07243128845935e-07
44850.056 1.334088527078187e-07
44900.056 1.19565107793206e-07
44950.056 1.444093160714065e-07
45000.056 1.50854769644999e-07
45050.056 1.4235660140749087e-07
45100.056 1.2975749015899234e-07
45150.056 1.352983072051297e-07
45200.056 1.092892812415022e-07
45250.056 1.2090417441624766e-07
45300.056 1.017238458301288e-07
45350.056 1.0262627666143028e-07
45400.056 1.966470253210181e-07
45450.056 1.5811240165100557e-07
45500.056 1.7671408715291396e-07
45550.056 1.876721009959207e-07
45600.056 1.8248626655504515e-07
45650.056 1.4405204785069722e-07
45700.056 1.0828993060470363e-07
45750.056 1.0828563538679998e-07
45800.056 2.0170313407998434e-07
45850.056 1.814404944909941e-07
45900.056 2.0176870925598266e-07
45950.056 1.7129408189999072e-07
46000.056 1.89468582691507e-07
46050.056 1.534882998862198e-07
46100.056 2.0867788534496848e-07
46150.056 1.4644240519501268e-07
46200.056 1.3061545054599005e-07
46250.056 7.066040566498293e-08
46300.056 1.5250134553340262e-07
46350.056 1.5364389548802509e-07
46400.056 1.3339000250000557e-07
46450.056 1.2533544617883047e-07
46500.056 1.508716129368427e-07
46550.056 9.521458253190073e-08
46600.056 1.3180503496028729e-07
46650.056 1.8763852343599864e-07
46700.056 1.2984068498997118e-07
46750.056 8.731883838300372e-08
46800.056 6.088310839301914e-08
46850.056 1.951630581940458e-07
46900.056 1.666698742649915e-07
46950.056 1.6530210804999252e-07
47000.056 1.6627179870503635e-07
47050.056 1.321538303969125e-07
47100.056 9.569438335594558e-08
47150.056 1.2679525768061424e-07
47200.056 1.502323320139968e-07
47250.056 1.0789614174499543e-07
47300.056 7.474906709768844e-08
47350.056 1.8558407737598103e-07
47400.056 1.5296374343799059e-07
47450.056 1.557724154740896e-07
47500.056 1.8238761451661416e-07
47550.056 1.592639180640163e-07
47600.056 1.540006183690033e-07
47650.056 1.4952863287946055e-07
47700.056 1.315554335198072e-07
47750.056 1.0033834882420504e-07
47800.056 9.466508779500941e-08
47850.056 5.987095543234092e-08
47900.056 8.425508749508096e-08
47950.056 1.3328685101502373e-07
48000.056 1.8935154081004105e-07
48050.056 1.7036283150600867e-07
48100.056 8.471185095781176e-08
48150.056 1.393425718050053e-07
48200.056 1.0440801800140147e-07
48250.056 1.154938624710049e-07
48300.056 1.6495662394095802e-07
48350.056 1.051863265650103e-07
48400.056 4.700842768274682e-08
48450.056 9.244304758291372e-08
48500.056 1.2970420080397135e-07
48550.056 1.2137606400280925e-07
48600.056 1.3544868385499937e-07
48650.056 1.5254306574497264e-07
48700.056 1.1607770384920186e-07
48750.056 8.219326671625181e-08
48800.056 1.633341957489902e-07
48850.056 9.514866289808429e-08
48900.056 1.4191850725337058e-07
48950.056 8.779981784001196e-08
49000.056 4.4614764666651084e-08
49050.056 1.1164532601098878e-07
49100.056 1.402599041613298e-07
49150.056 1.056867794216956e-07
49200.056 1.644391556110356e-07
49250.056 1.5300953565702633e-07
49300.056 1.345922128958023e-07
49350.056 6.394809301510189e-08
49400.056 8.795049933947871e-08
49450.056 9.49680000452823e-08
49500.056 7.377130085509408e-08
49550.056 2.5664469041313878e-08
49600.056 5.809492838168739e-08
49650.056 9.933821997799647e-08
49700.056 9.618110401676047e-08
49750.056 1.0457757349608488e-07
49800.056 7.898323866554375e-08
49850.056 1.3882999594204486e-07
49900.056 1.0773018941977777e-07
49950.056 1.1029359405301041e-07
50000.056 9.24608619750733e-08
50050.056 1.1050592590500476e-07
50100.056 8.736695302180251e-08
50150.056 5.2036979337388385e-08
50200.056 1.4436751560644451e-08
50250.056 6.734742052498954e-08
50300.056 4.523181861955757e-08
50350.056 1.0811733718501339e-07
50400.056 9.733348151498912e-08
50450.056 7.759907848288801e-08
50500.056 1.0331725093061577e-07
50550.056 9.339642998701221e-08
50600.056 7.220774024117822e-08
50650.056 1.133419983920233e-07
50700.056 1.1543519722494878e-07
50750.056 8.113684877281147e-08
50800.056 3.79600224443748e-08
50850.056 2.6989625953933582e-08
50900.056 9.776641073299976e-08
50950.056 7.448111897500707e-08
51000.056 7.195278940828581e-08
51050.056 8.73155669209948e-08
51100.056 4.0649037837985296e-08
51150.056 5.409126522581665e-08
51200.056 1.1650041314099396e-07
51250.056 7.237222928880486e-08
51300.056 6.084656725387354e-08
51350.056 5.86858175254737e-08
51400.056 2.6317466943970584e-08
51450.056 2.1125969966447967e-08
51500.056 2.1825150228574617e-08
51550.056 7.082536000508529e-08
51600.056 4.981319018660638e-08
51650.056 5.6671017316981044e-08
51700.056 6.12608937876518e-08
51750.056 4.350416651981162e-08
51800.056 6.748137726599308e-08
51850.056 5.9375921606893376e-08
51900.056 8.208761695679081e-08
51950.056 5.478014149309285e-08
52000.056 1.0150804075346178e-08
52050.056 3.554700499170539e-08
52100.056 2.3774763416098553e-08
52150.056 1.646194436737528e-08
52200.056 2.9652580951750303e-08
52250.056 4.0648337765518016e-08
52300.056 5.855659087169592e-08
52350.056 3.041777619813621e-08
52400.056 2.553220619171354e-08
52450.056 6.94600313911056e-08
52500.056 5.4046679961087986e-08
52550.056 5.78426390943919e-08
52600.056 4.4923614664199623e-08
52650.056 5.30493036953063e-08
52700.056 4.209079211859929e-08
52750.056 2.18137305772891e-08
52800.056 3.360003256860477e-08
52850.056 3.6508522581889294e-08
52900.056 2.283427967805094e-08
52950.056 3.056919626766188e-08
53000.056 4.51968764512149e-08
53050.056 1.9781780334054962e-08
53100.056 4.2704976471382924e-08
53150.056 4.9697851635742407e-08
53200.056 2.4823669546868328e-08
53250.056 5.0514204656324866e-08
53300.056 6.089060263345293e-08
53350.056 4.7480233359840484e-08
53400.056 3.344348604898861e-08
53450.056 1.542614125949564e-08
53500.056 4.174733265201998e-09
