galfind/configs/Brown_Dwarf_templates/sonora_bobcat/m0.0/10g/sp_t1900g10nc_m0.0_resample.dat
# %ECSV 1.0
# ---
# datatype:
# - {name: wav, unit: Angstrom, datatype: float64}
# - {name: flux_nu, unit: erg / (cm2 Hz s), datatype: float64}
# meta: {C/O: '1.00', Kzz: '1.0000E+05', Teff: '1900.', Y: '0.28', '[Fe/H]': '0.00', f_hole: '1.00', f_rain: '0.00', grav: '10.'}
# schema: astropy-2.0
wav flux_nu
4000.0559999999996 nan
4050.0559999999996 2.564525374602775e-09
4100.056 2.4139588531481057e-09
4150.056 1.6075858704105593e-09
4200.056 1.1015784212731385e-09
4250.056 9.121259464098527e-10
4300.056 4.906637525532268e-10
4350.056 6.328237738489205e-10
4400.056 6.004199117581341e-10
4450.056 3.3220342460501046e-10
4500.056 4.0672918821103474e-10
4550.056 5.22635138186845e-10
4600.056 4.742257659429126e-10
4650.056 3.759123953431074e-10
4700.056 4.478511906481368e-10
4750.056 6.202672998798437e-10
4800.056 4.5432546628699313e-10
4850.056 5.692837557701184e-10
4900.056 1.2283924935597344e-09
4950.056 1.4886310389002195e-09
5000.056 7.91131065880073e-10
5050.056 9.724742861402486e-10
5100.056 2.0468298255224047e-09
5150.056 2.39319244271901e-09
5200.056 1.3173598970350501e-09
5250.056 1.617127310459988e-09
5300.056 1.9853505007701826e-09
5350.056 1.9666595470303597e-09
5400.056 2.3597414184999556e-09
5450.056 2.059655410089758e-09
5500.056 1.7346296498497984e-09
5550.056 2.2618093715396283e-09
5600.056 2.0603599907400817e-09
5650.056 2.025118493000031e-09
5700.056 2.3592938518000753e-09
5750.056 2.07484091965985e-09
5800.056 2.0687375859199195e-09
5850.056 1.0841599678799917e-09
5900.056 1.2250561955042783e-10
5950.056 1.6302758962800038e-09
6000.056 3.1672483307999544e-09
6050.056 4.919826131500193e-09
6100.056 5.913987568300334e-09
6150.056 6.293387931199199e-09
6200.056 4.8935239199000914e-09
6250.056 5.6759136046002736e-09
6300.056 7.679679739100174e-09
6350.056 9.434559407600293e-09
6400.056 1.1367039294700209e-08
6450.056 1.4385627618297691e-08
6500.056 1.3815034910198023e-08
6550.056 1.6351654815995733e-08
6600.056 1.4690188238101147e-08
6650.056 1.3586610816801426e-08
6700.056 1.1435657863981827e-08
6750.056 1.4450865982301225e-08
6800.056 1.640101603330047e-08
6850.056 2.0545853833699494e-08
6900.056 2.4521609367599948e-08
6950.056 2.873098727599583e-08
7000.056 3.6116401264995776e-08
7050.056 3.36781982377032e-08
7100.056 2.349493929879797e-08
7150.056 2.1067297265101663e-08
7200.056 2.7920272226998906e-08
7250.056 3.849364107600214e-08
7300.056 5.906031540300825e-08
7350.056 8.014307650700146e-08
7400.056 9.494676833300717e-08
7450.056 9.903926498496548e-08
7500.056 1.1452350934599552e-07
7550.056 1.3739239045700485e-07
7600.056 9.954120408698994e-08
7650.056 2.968881866576785e-08
7700.056 1.8367619893237513e-08
7750.056 6.674093224701182e-08
7800.056 8.291746949549677e-08
7850.056 8.873452953799862e-08
7900.056 9.050859657202099e-08
7950.056 8.584054788377688e-08
8000.056 1.012274064559891e-07
8050.056 1.5275014987096907e-07
8100.056 2.4943346079207907e-07
8150.056 3.984497753980414e-07
8200.056 3.2875597682574685e-07
8250.056 3.270762490250047e-07
8300.056 2.5522571282708585e-07
8350.056 2.7526481786008646e-07
8400.056 2.857643966000442e-07
8450.056 1.7176369720994163e-07
8500.056 1.5477850687824828e-07
8550.056 1.8299325059201638e-07
8600.056 2.0855845147991558e-07
8650.056 2.57977500681983e-07
8700.056 3.1221935271714574e-07
8750.056 4.140274982290272e-07
8800.056 6.009637126281727e-07
8850.056 6.099648173631133e-07
8900.056 4.137617315469263e-07
8950.056 4.422502468358885e-07
9000.056 5.656509855300927e-07
9050.056 6.233683856367391e-07
9100.056 8.142381377800389e-07
9150.056 9.607475372200004e-07
9200.056 8.864066134099943e-07
9250.056 4.889690534658851e-07
9300.056 3.8279288816615647e-07
9350.056 4.4489349693926905e-07
9400.056 5.128039212350882e-07
9450.056 5.868369719698131e-07
9500.056 7.269309797608548e-07
9550.056 8.625455982991404e-07
9600.056 9.153298947883436e-07
9650.056 1.0862820802733097e-06
9700.056 1.1998121371047943e-06
9750.056 8.97028603557973e-07
9800.056 1.0387669814328922e-06
9850.056 1.0371976705098656e-06
9900.056 1.0859362734660583e-06
9950.056 1.1506036414380418e-06
10000.056 1.1790479399798411e-06
10050.056 1.1326528468031232e-06
10100.056 1.3857957866065822e-06
10150.056 1.3168277439795608e-06
10200.056 1.4285094886297293e-06
10250.056 1.4057075440694042e-06
10300.056 1.4486673225295705e-06
10350.056 1.6545944714296487e-06
10400.056 1.7524468007799614e-06
10450.056 1.9032133301602187e-06
10500.056 1.8125319174096608e-06
10550.056 1.8188960096305714e-06
10600.056 1.96322211162053e-06
10650.056 2.1540969747297075e-06
10700.056 2.4000025675901444e-06
10750.056 2.6240497319201157e-06
10800.056 2.7373035146598406e-06
10850.056 2.954872144309828e-06
10900.056 2.7600949705696604e-06
10950.056 2.4867997356193294e-06
11000.056 2.418337686470124e-06
11050.056 1.7205285160169364e-06
11100.056 1.8957355471595522e-06
11150.056 1.957533218134615e-06
11200.056 1.984362986754891e-06
11250.056 2.2356539494007408e-06
11300.056 2.2699393585538667e-06
11350.056 2.0829374590145012e-06
11400.056 1.9696928940682296e-06
11450.056 2.23048987345609e-06
11500.056 2.431827466311351e-06
11550.056 2.3554455093393194e-06
11600.056 2.4590171635910335e-06
11650.056 2.5978027333295615e-06
11700.056 2.3168035768000106e-06
11750.056 2.2997507768560053e-06
11800.056 2.303943924410943e-06
11850.056 2.6114911919742008e-06
11900.056 2.6214742303463066e-06
11950.056 2.783389328199726e-06
12000.056 2.7514562322102966e-06
12050.056 2.9589224641806792e-06
12100.056 3.01063636242998e-06
12150.056 3.243012175109832e-06
12200.056 3.39645169491968e-06
12250.056 3.575163853249346e-06
12300.056 3.6932425239507545e-06
12350.056 3.7896655170404904e-06
12400.056 3.6279852122695877e-06
12450.056 3.1661269383199995e-06
12500.056 3.465481838479385e-06
12550.056 3.5054114625799438e-06
12600.056 3.5088876908001027e-06
12650.056 3.7302658374995603e-06
12700.056 3.896929244599659e-06
12750.056 3.878521989850443e-06
12800.056 4.152224410619666e-06
12850.056 4.10353527488029e-06
12900.056 4.0631483107096885e-06
12950.056 4.247925741008885e-06
13000.056 4.298820544779021e-06
13050.056 4.331010298529706e-06
13100.056 4.275994698093241e-06
13150.056 4.262642925303699e-06
13200.056 4.091412449989469e-06
13250.056 3.8727939117611125e-06
13300.056 3.2907960251186255e-06
13350.056 2.170937772906316e-06
13400.056 2.018073005741075e-06
13450.056 1.7664703539704006e-06
13500.056 1.7931085222699738e-06
13550.056 1.6928830207623986e-06
13600.056 1.4479566870845509e-06
13650.056 1.5412329551208836e-06
13700.056 1.3434032190986637e-06
13750.056 1.2993195905296098e-06
13800.056 1.4924123195104392e-06
13850.056 1.5220248408358526e-06
13900.056 1.512292627678353e-06
13950.056 1.4380065014669437e-06
14000.056 1.3363958796239488e-06
14050.056 1.3342283796584315e-06
14100.056 1.2258972824492746e-06
14150.056 1.1765120396358503e-06
14200.056 1.1328339913664694e-06
14250.056 1.1134778875012842e-06
14300.056 1.1297795333887982e-06
14350.056 1.1141874052622526e-06
14400.056 1.2092917593022036e-06
14450.056 1.2781710410111556e-06
14500.056 1.40540663239971e-06
14550.056 1.4255216922090487e-06
14600.056 1.463346092351636e-06
14650.056 1.4455127135204596e-06
14700.056 1.3426911341717214e-06
14750.056 1.4262891288763155e-06
14800.056 1.4806023994734914e-06
14850.056 1.5878415891163595e-06
14900.056 1.6288074053170311e-06
14950.056 1.632148089433257e-06
15000.056 1.6847318777665348e-06
15050.056 1.8405173085134295e-06
15100.056 1.8537135918453512e-06
15150.056 1.9689545819021714e-06
15200.056 2.0243552773998575e-06
15250.056 2.0233580843297575e-06
15300.056 2.163021576089867e-06
15350.056 2.207338679550125e-06
15400.056 2.2994665535001114e-06
15450.056 2.4242811636403215e-06
15500.056 2.4679903038593717e-06
15550.056 2.622300413599875e-06
15600.056 2.5960790618503984e-06
15650.056 2.739648540050077e-06
15700.056 2.9533157985912744e-06
15750.056 3.074224968849774e-06
15800.056 3.1093641035008795e-06
15850.056 3.1509353934701127e-06
15900.056 3.217447628460666e-06
15950.056 3.351036015489877e-06
16000.056 3.4419379894297202e-06
16050.056 3.5684761386001295e-06
16100.056 3.68202526640037e-06
16150.056 3.715394039100389e-06
16200.056 3.84587909329956e-06
16250.056 3.929451018399932e-06
16300.056 3.959864639100078e-06
16350.056 4.166947345199723e-06
16400.056 4.173674857621093e-06
16450.056 4.2777926640402e-06
16500.056 4.408952749150976e-06
16550.056 4.574237334669689e-06
16600.056 4.420096719840867e-06
16650.056 4.796682024700422e-06
16700.056 4.702963323539002e-06
16750.056 4.8257056780791365e-06
16800.056 4.978677855840348e-06
16850.056 4.938874658859841e-06
16900.056 4.8626867950501745e-06
16950.056 4.834092634519527e-06
17000.056 4.784470810100843e-06
17050.056 4.701497428130203e-06
17100.056 4.41314704062059e-06
17150.056 4.294585625539303e-06
17200.056 3.973486962679791e-06
17250.056 3.8108342839498263e-06
17300.056 3.906314908899324e-06
17350.056 3.675146562559973e-06
17400.056 3.864189917980324e-06
17450.056 3.5978602454478598e-06
17500.056 3.4381156905786583e-06
17550.056 3.4759230084467998e-06
17600.056 3.3156759018911757e-06
17650.056 3.354776074495018e-06
17700.056 2.9941741100385827e-06
17750.056 2.824619563556237e-06
17800.056 2.8249803043566366e-06
17850.056 2.703971044810408e-06
17900.056 2.6462180320628934e-06
17950.056 2.5917872047890646e-06
18000.056 2.36086977933817e-06
18050.056 2.395731645197425e-06
18100.056 2.2871862694772496e-06
18150.056 2.5274321450429875e-06
18200.056 2.1440089689435003e-06
18250.056 2.4190907702741715e-06
18300.056 2.363276722918786e-06
18350.056 2.205080803285608e-06
18400.056 2.186963089697281e-06
18450.056 2.008458199589835e-06
18500.056 2.025525720274683e-06
18550.056 1.94422897983637e-06
18600.056 1.6604541846755465e-06
18650.056 1.924964311205734e-06
18700.056 2.0432497907612693e-06
18750.056 1.9277660601857494e-06
18800.056 1.964713942691959e-06
18850.056 2.238342777062818e-06
18900.056 2.1755255738189967e-06
18950.056 2.1299730612118937e-06
19000.056 2.3020960367594514e-06
19050.056 2.2582117715529235e-06
19100.056 2.265717962896982e-06
19150.056 2.4006439644957258e-06
19200.056 2.3749297098899906e-06
19250.056 2.266563647649063e-06
19300.056 2.334893623538091e-06
19350.056 2.382389843365123e-06
19400.056 2.236033439782911e-06
19450.056 2.3958577126386033e-06
19500.056 2.365534257704544e-06
19550.056 2.1223322754549696e-06
19600.056 2.4375033283327363e-06
19650.056 2.377880589686181e-06
19700.056 2.4148548536904585e-06
19750.056 2.2936399889974077e-06
19800.056 2.3501340590324856e-06
19850.056 2.3408920107309047e-06
19900.056 2.1629910855718117e-06
19950.056 2.443083795210142e-06
20000.056 2.1702246089305926e-06
20050.056 2.2702419909614e-06
20100.056 2.433252141488143e-06
20150.056 2.319826659870166e-06
20200.056 2.394025026108916e-06
20250.056 2.528281451770393e-06
20300.056 2.50468751336e-06
20350.056 2.529611590319857e-06
20400.056 2.500110419698662e-06
20450.056 2.7247042837698804e-06
20500.056 2.635111755640431e-06
20550.056 2.7193311637300903e-06
20600.056 2.895390514500674e-06
20650.056 2.8153126967410135e-06
20700.056 2.927152477569988e-06
20750.056 2.9902761996493314e-06
20800.056 3.0989908562504174e-06
20850.056 3.1199456645698076e-06
20900.056 3.2265026445296156e-06
20950.056 3.281969587770007e-06
21000.056 3.4737940402997134e-06
21050.056 3.4467617047402185e-06
21100.056 3.5352750858899487e-06
21150.056 3.7516018150003114e-06
21200.056 3.7009772532005132e-06
21250.056 3.889601611579524e-06
21300.056 3.777822185499746e-06
21350.056 4.067353515600217e-06
21400.056 3.9253020581005614e-06
21450.056 4.311767240000079e-06
21500.056 4.111432292000319e-06
21550.056 4.220273409639724e-06
21600.056 4.367480029300557e-06
21650.056 4.336220764100605e-06
21700.056 4.568457905099704e-06
21750.056 4.489563172939835e-06
21800.056 4.4810494496798465e-06
21850.056 4.5556581037997164e-06
21900.056 4.6801948455007425e-06
21950.056 4.630195263910478e-06
22000.056 4.837810649799744e-06
22050.056 4.672457288199173e-06
22100.056 4.860815195699875e-06
22150.056 4.889876891900509e-06
22200.056 4.742735022831533e-06
22250.056 5.004442224120347e-06
22300.056 4.964209289899438e-06
22350.056 4.8751411093904145e-06
22400.056 5.127497258740356e-06
22450.056 5.078158449219077e-06
22500.056 5.167277558489572e-06
22550.056 5.0789820512487806e-06
22600.056 5.09117023795974e-06
22650.056 5.134045840171483e-06
22700.056 5.125474442791496e-06
22750.056 5.27694793491958e-06
22800.056 5.089386073470082e-06
22850.056 5.159787082050801e-06
22900.056 5.353257483259517e-06
22950.056 4.095980116690662e-06
23000.056 4.631462434940442e-06
23050.056 4.754926733568969e-06
23100.056 4.54577268537981e-06
23150.056 4.651071931141075e-06
23200.056 4.732085593350015e-06
23250.056 3.940563895228522e-06
23300.056 4.262895386260333e-06
23350.056 4.320312360220057e-06
23400.056 4.15247092492007e-06
23450.056 4.322591266699548e-06
23500.056 4.052766683658769e-06
23550.056 3.6902081934115392e-06
23600.056 3.8186851765911206e-06
23650.056 4.032566003979556e-06
23700.056 4.052726342768555e-06
23750.056 3.9283624661705005e-06
23800.056 3.895858206190944e-06
23850.056 3.3201961233204457e-06
23900.056 3.6367499734592966e-06
23950.056 3.706848528151573e-06
24000.056 3.494951212299636e-06
24050.056 3.4468948735403832e-06
24100.056 3.1501848992889266e-06
24150.056 3.04550571173073e-06
24200.056 3.1107541810487853e-06
24250.056 3.0228119013909307e-06
24300.056 2.838028625520107e-06
24350.056 2.7437072423201716e-06
24400.056 2.963707711459525e-06
24450.056 2.712200855849838e-06
24500.056 2.4630979555198488e-06
24550.056 2.467109970049617e-06
24600.056 2.484524971220652e-06
24650.056 2.672149022499473e-06
24700.056 2.312574396939852e-06
24750.056 2.1820277733509735e-06
24800.056 2.0846799275306266e-06
24850.056 2.3846734987099847e-06
24900.056 1.956994261561473e-06
24950.056 2.34473346554953e-06
25000.056 2.0518180038300188e-06
25050.056 1.7627427120405365e-06
25100.056 2.01927854668001e-06
25150.056 1.7323189052703678e-06
25200.056 1.8967690232491818e-06
25250.056 1.8184758826094603e-06
25300.056 1.893982046670113e-06
25350.056 1.6317722370301431e-06
25400.056 1.7606904536109612e-06
25450.056 1.6551141940502647e-06
25500.056 1.7410752796206752e-06
25550.056 1.5978382188702822e-06
25600.056 1.6602062303803605e-06
25650.056 1.516801374680026e-06
25700.056 1.7847400678890854e-06
25750.056 1.4367657968501915e-06
25800.056 1.7362303887704609e-06
25850.056 1.5848248618398005e-06
25900.056 1.733017490750477e-06
25950.056 1.581900708339966e-06
26000.056 1.6796279950204673e-06
26050.056 1.9074657628502924e-06
26100.056 1.7487022163103214e-06
26150.056 1.797751017119232e-06
26200.056 1.6965533481902152e-06
26250.056 1.6688357901808515e-06
26300.056 1.7510024407801733e-06
26350.056 1.6484331691096678e-06
26400.056 1.738956526969207e-06
26450.056 1.7131151032302767e-06
26500.056 1.7867200716090697e-06
26550.056 1.7950884633593274e-06
26600.056 2.045134236139256e-06
26650.056 1.712987024849654e-06
26700.056 1.708529669469873e-06
26750.056 1.6641343838792754e-06
26800.056 1.7676608619691878e-06
26850.056 1.5839162408401114e-06
26900.056 1.8824899240902444e-06
26950.056 1.3960548580900985e-06
27000.056 1.7915777093608865e-06
27050.056 1.542613115489819e-06
27100.056 1.557411278579807e-06
27150.056 1.6182127989997757e-06
27200.056 1.6133283626207126e-06
27250.056 1.5120843346009585e-06
27300.056 1.6056261710897974e-06
27350.056 1.6354087311492384e-06
27400.056 1.459207469950047e-06
27450.056 1.743226647449039e-06
27500.056 1.596524040230021e-06
27550.056 1.6141213806099757e-06
27600.056 1.750064132159602e-06
27650.056 1.4228696860897403e-06
27700.056 1.4594589019502819e-06
27750.056 1.7445500724286316e-06
27800.056 1.3230719934197063e-06
27850.056 1.5140891911689173e-06
27900.056 1.518018540920275e-06
27950.056 1.6647730378497617e-06
28000.056 1.664138295140523e-06
28050.056 1.3469036557903855e-06
28100.056 1.767606914410939e-06
28150.056 1.4651262387400352e-06
28200.056 1.2859657528201821e-06
28250.056 1.5223066211000755e-06
28300.056 1.7261916254303343e-06
28350.056 1.537223896289338e-06
28400.056 1.4892656739099632e-06
28450.056 1.4819952166195707e-06
28500.056 1.5568699988897e-06
28550.056 1.2874012209994833e-06
28600.056 1.7179450679200806e-06
28650.056 1.650092443319634e-06
28700.056 1.5151287095493449e-06
28750.056 1.6529833183799328e-06
