galfind/configs/Brown_Dwarf_templates/sonora_bobcat/m0.0/10g/sp_t900g10nc_m0.0_resample.dat
# %ECSV 1.0
# ---
# datatype:
# - {name: wav, unit: Angstrom, datatype: float64}
# - {name: flux_nu, unit: erg / (cm2 Hz s), datatype: float64}
# meta: {C/O: '1.00', Kzz: '1.0000E+05', Teff: '900.', Y: '0.28', '[Fe/H]': '0.00', f_hole: '1.00', f_rain: '0.00', grav: '10.'}
# schema: astropy-2.0
wav flux_nu
[from data line 498]
28900.056 6.37884301548936e-08
28950.056 1.2203332902840625e-07
29000.056 9.792212190167787e-08
29050.056 1.014817443224211e-07
29100.056 7.663483230677132e-08
29150.056 1.2204964404696437e-07
29200.056 9.520053888819274e-08
29250.056 1.3205036919030515e-07
29300.056 8.219982466528456e-08
29350.056 1.6480646423111428e-07
29400.056 1.0169107638387556e-07
29450.056 1.1386060959582819e-07
29500.056 1.2367563388732384e-07
29550.056 1.0970852047714178e-07
29600.056 1.2564517581902335e-07
29650.056 1.245219115727226e-07
29700.056 9.058734311104083e-08
29750.056 1.2797118498408122e-07
29800.056 1.305622018562795e-07
29850.056 1.3474218442536717e-07
29900.056 1.200177958136416e-07
29950.056 1.2557771710507237e-07
30000.056 9.220918637417318e-08
30050.056 9.339180134269952e-08
30100.056 8.113125857196663e-08
30150.056 1.242442806445806e-07
30200.056 9.191315582083787e-08
30250.056 1.3296711404004027e-07
30300.056 1.0883341135451523e-07
30350.056 9.301934005720586e-08
30400.056 1.0741725824119931e-07
30450.056 8.149841372472945e-08
30500.056 6.351187608310758e-08
30550.056 6.900878714246209e-08
30600.056 7.579547754899424e-08
30650.056 6.005856762268093e-08
30700.056 6.276131678558465e-08
30750.056 5.815209680018938e-08
30800.056 4.7808232252308855e-08
30850.056 4.524349230357677e-08
30900.056 4.2406842708694785e-08
30950.056 3.9987915162352085e-08
31000.056 3.4209197374401346e-08
31050.056 3.389278864170223e-08
31100.056 2.70661296367957e-08
31150.056 3.099522754599815e-08
31200.056 3.293092549270587e-08
31250.056 2.4121394690043548e-08
31300.056 2.373025998505645e-08
31350.056 2.3367821936619487e-08
31400.056 1.866247689342957e-08
31450.056 1.9682968501596773e-08
31500.056 1.6155481334895386e-08
31550.056 1.8380018911799636e-08
31600.056 1.4137675462098347e-08
31650.056 1.3751506038100512e-08
31700.056 1.3177124508497374e-08
31750.056 1.1899482474005609e-08
31800.056 1.380337178209861e-08
31850.056 1.2765776299601163e-08
31900.056 1.377342634699795e-08
31950.056 8.690628535300282e-09
32000.056 1.1549467990598765e-08
32050.056 1.2597840047500195e-08
32100.056 1.2575511220803408e-08
32150.056 1.2458381682897663e-08
32200.056 1.1390168566200638e-08
32250.056 1.3565135140901425e-08
32300.056 1.151874937160082e-08
32350.056 1.4318894571596388e-08
32400.056 1.0702029526596328e-08
32450.056 1.3141825517795565e-08
32500.056 1.3055859773701992e-08
32550.056 1.1601410946398684e-08
32600.056 1.4629953430401435e-08
32650.056 2.0358668945296952e-08
32700.056 1.7357560831503046e-08
32750.056 1.9022639629603635e-08
32800.056 1.8197789207102366e-08
32850.056 2.0069892759796358e-08
32900.056 2.301426812099485e-08
32950.056 2.3908085076998645e-08
33000.056 1.969265737089221e-08
33050.056 1.8548518539512833e-08
33100.056 9.66130769789813e-09
33150.056 5.803248488499947e-09
33200.056 4.39454606759987e-09
33250.056 2.5784001839995615e-09
33300.056 2.670476042800313e-09
33350.056 3.968122973900017e-09
33400.056 5.4158490318978324e-09
33450.056 7.676126500099638e-09
33500.056 1.1304765265806369e-08
33550.056 1.1077288743905054e-08
33600.056 1.6627834959097387e-08
33650.056 1.638632190399536e-08
33700.056 1.5225920133596956e-08
33750.056 1.9812582114105224e-08
33800.056 1.9626762128402053e-08
33850.056 2.0301303848497227e-08
33900.056 1.7144718985400923e-08
33950.056 1.7057978442898463e-08
34000.056 2.1236943735509114e-08
34050.056 1.3552124572490838e-08
34100.056 2.12229878403977e-08
34150.056 1.8903153883000315e-08
34200.056 1.7029676185192875e-08
34250.056 1.8201014291086783e-08
34300.056 1.7729634567890725e-08
34350.056 1.3968998118099412e-08
34400.056 1.3970902475796725e-08
34450.056 1.7124784332395703e-08
34500.056 1.6691943235201865e-08
34550.056 1.5421026690201748e-08
34600.056 2.0629894331696963e-08
34650.056 1.7020204778600376e-08
34700.056 1.8208000459498625e-08
34750.056 1.8965308564494077e-08
34800.056 1.80084694542929e-08
34850.056 1.807756119210739e-08
34900.056 2.10282140837928e-08
34950.056 2.1512665165294795e-08
35000.056 2.880403121601043e-08
35050.056 1.9690879508295464e-08
35100.056 2.3673310390503963e-08
35150.056 2.1704067429702327e-08
35200.056 2.4996585907595775e-08
35250.056 3.027535560579021e-08
35300.056 2.7260981481004933e-08
35350.056 2.5511324836491176e-08
35400.056 2.8383200538199713e-08
35450.056 2.0053671598709608e-08
35500.056 3.555478192959963e-08
35550.056 3.455513329809249e-08
35600.056 2.8453692537214926e-08
35650.056 3.298942883159411e-08
35700.056 3.092258000749331e-08
35750.056 3.837438125919204e-08
35800.056 5.081900211459863e-08
35850.056 3.193803066509372e-08
35900.056 4.079976479749901e-08
35950.056 3.70175647316885e-08
36000.056 3.813251646890743e-08
36050.056 3.4729055088485986e-08
36100.056 3.855121923137684e-08
36150.056 3.89056632173889e-08
36200.056 4.067572325508662e-08
36250.056 4.1015813829781194e-08
36300.056 4.525286780320076e-08
36350.056 4.458813394100691e-08
36400.056 4.156888254659294e-08
36450.056 5.354497394160835e-08
36500.056 5.601513922779476e-08
36550.056 5.309403923851288e-08
36600.056 6.415638867400288e-08
36650.056 6.46436994732828e-08
36700.056 7.036731278878917e-08
36750.056 7.371821431565066e-08
36800.056 7.205899031100122e-08
36850.056 7.058917209388238e-08
36900.056 7.47711239903858e-08
36950.056 8.419105257538345e-08
37000.056 8.145105101949259e-08
37050.056 7.730255034778317e-08
37100.056 9.184773128500059e-08
37150.056 7.523928710079417e-08
37200.056 8.650659869598621e-08
37250.056 9.331502850798406e-08
37300.056 8.151269545646354e-08
37350.056 8.181908896321937e-08
37400.056 1.2086469143959618e-07
37450.056 9.727833653680366e-08
37500.056 9.85853075347886e-08
37550.056 1.0875528327707675e-07
37600.056 1.1464865872800551e-07
37650.056 9.651106926499356e-08
37700.056 1.3427095353281704e-07
37750.056 1.0340076815098606e-07
37800.056 1.0861292220118303e-07
37850.056 8.950400508750419e-08
37900.056 9.394057985963079e-08
37950.056 1.1191410534226729e-07
38000.056 1.3521826642051062e-07
38050.056 1.3331313351761768e-07
38100.056 1.1808437487843884e-07
38150.056 1.5093206347199183e-07
38200.056 1.554663835260478e-07
38250.056 1.5503682356301929e-07
38300.056 1.8880372852598358e-07
38350.056 1.9402078158301163e-07
38400.056 1.3303382851355553e-07
38450.056 1.4511989229998053e-07
38500.056 1.0748012904300214e-07
38550.056 1.5240554227603168e-07
38600.056 1.6402698093303726e-07
38650.056 1.4735335764397901e-07
38700.056 1.597931063949802e-07
38750.056 1.8221381896102034e-07
38800.056 1.543677147218381e-07
38850.056 1.5100091392601132e-07
38900.056 2.0371984057703852e-07
38950.056 1.785697423249662e-07
39000.056 1.8984650767299857e-07
39050.056 1.7497405718497456e-07
39100.056 1.9328380684103774e-07
39150.056 1.8626820467200485e-07
39200.056 2.075855224253952e-07
39250.056 2.273099028939249e-07
39300.056 1.8851450328688894e-07
39350.056 2.437342811549896e-07
39400.056 2.224509857260909e-07
39450.056 2.2640147201499546e-07
39500.056 2.1392028573106786e-07
39550.056 2.375909485667424e-07
39600.056 2.392488939999122e-07
39650.056 2.5672195497499605e-07
39700.056 2.5096823691302823e-07
39750.056 2.216658730171493e-07
39800.056 2.5886224381888674e-07
39850.056 2.8634423674999333e-07
39900.056 2.8170654903204164e-07
39950.056 2.608793058238945e-07
40000.056 3.460462849040958e-07
40050.056 2.892375937120132e-07
40100.056 2.6936216019859876e-07
40150.056 3.1598755499192273e-07
40200.056 3.194603521158677e-07
40250.056 2.9654207261588404e-07
40300.056 3.00958574779079e-07
40350.056 3.355277390290009e-07
40400.056 3.6058738927736976e-07
40450.056 3.513128763501157e-07
40500.056 3.454939017609914e-07
40550.056 3.521312141559401e-07
40600.056 3.491179691900501e-07
40650.056 3.2146797935180027e-07
40700.056 4.05733763905006e-07
40750.056 3.7520358195494817e-07
40800.056 3.1894130996984474e-07
40850.056 4.129435304801214e-07
40900.056 3.794035052960505e-07
40950.056 3.677290634300371e-07
41000.056 3.905900211180294e-07
41050.056 4.3987611512995866e-07
41100.056 3.822291808120523e-07
41150.056 3.3641486379194435e-07
41200.056 4.3541208418992744e-07
41250.056 3.7968976815894747e-07
41300.056 3.5752216397191636e-07
41350.056 4.759657981800914e-07
41400.056 4.418756384401032e-07
41450.056 4.5027680447213726e-07
41500.056 4.0478594110281345e-07
41550.056 4.099992470060471e-07
41600.056 4.847227145079534e-07
41650.056 4.6471788759603173e-07
41700.056 4.1831235316181607e-07
41750.056 4.510576817859794e-07
41800.056 4.6556581073391736e-07
41850.056 3.756422274030471e-07
41900.056 4.074742251539481e-07
41950.056 3.5880101294808956e-07
42000.056 3.7649003511002606e-07
42050.056 3.509090366039768e-07
42100.056 4.606990340500276e-07
42150.056 3.5489172778990697e-07
42200.056 3.416484885199846e-07
42250.056 3.3501172561489456e-07
42300.056 3.235131471080222e-07
42350.056 4.0594865438007845e-07
42400.056 3.477749183001306e-07
42450.056 3.2538979795801886e-07
42500.056 3.2341503091801726e-07
42550.056 3.291908632179572e-07
42600.056 3.202729872220917e-07
42650.056 3.300481440908755e-07
42700.056 3.440219379770706e-07
42750.056 3.0880380576797036e-07
42800.056 3.11849274046086e-07
42850.056 3.594120983798749e-07
42900.056 3.5981587727409507e-07
42950.056 3.372317025078512e-07
43000.056 3.5470559543200564e-07
43050.056 2.912826935131661e-07
43100.056 3.389880888379538e-07
43150.056 3.210123075750654e-07
43200.056 3.697626903080281e-07
43250.056 3.794508629299876e-07
43300.056 3.909079210399974e-07
43350.056 3.3026490205897206e-07
43400.056 3.473672373979612e-07
43450.056 3.3472617048005403e-07
43500.056 3.084810086279601e-07
43550.056 3.339057429280709e-07
43600.056 4.0169732243002754e-07
43650.056 3.4843320667901463e-07
43700.056 3.538826735900012e-07
43750.056 3.661254724741107e-07
43800.056 3.37380143119952e-07
43850.056 3.383795062700653e-07
43900.056 3.602341847739547e-07
43950.056 2.978586464010351e-07
44000.056 3.002982332230014e-07
44050.056 3.6613156675704705e-07
44100.056 3.9431937477002755e-07
44150.056 3.616997793348849e-07
44200.056 3.6398605130698844e-07
44250.056 3.3392710523600117e-07
44300.056 3.1526981299606437e-07
44350.056 3.170158118210594e-07
44400.056 3.5061200073001756e-07
44450.056 3.6247393009896686e-07
44500.056 3.8652294945508184e-07
44550.056 3.94388663119927e-07
44600.056 3.3533056507805907e-07
44650.056 3.826420753680902e-07
44700.056 3.1780633407002215e-07
44750.056 3.7468932736698695e-07
44800.056 3.597646744980246e-07
44850.056 3.604024458770688e-07
44900.056 3.320294045800149e-07
44950.056 3.505193055640241e-07
45000.056 3.717673913499525e-07
45050.056 3.697632150430104e-07
45100.056 3.6936822564899034e-07
45150.056 3.638848661289694e-07
45200.056 3.3319296982602574e-07
45250.056 3.4781698821789846e-07
45300.056 3.2895522579605744e-07
45350.056 3.4433141310796955e-07
45400.056 3.9095418807203194e-07
45450.056 3.483223349479417e-07
45500.056 3.600647757509929e-07
45550.056 3.944985902939215e-07
45600.056 3.8723396674001096e-07
45650.056 3.187613015809332e-07
45700.056 3.610219338510619e-07
45750.056 3.2235181527597407e-07
45800.056 3.7497082427999315e-07
45850.056 4.1190067273498534e-07
45900.056 4.1856611213001156e-07
45950.056 3.591426466150037e-07
46000.056 4.029013730399994e-07
46050.056 3.753439571730229e-07
46100.056 3.7569057889001143e-07
46150.056 3.665825582599865e-07
46200.056 3.68464697170061e-07
46250.056 3.110150718579606e-07
46300.056 4.010006155789816e-07
46350.056 3.567512147790009e-07
46400.056 3.5298222189000323e-07
46450.056 3.5487581373405783e-07
46500.056 3.4814219690302973e-07
46550.056 3.8251281482596384e-07
46600.056 3.790002403700033e-07
46650.056 4.739146538399274e-07
46700.056 4.181042338601059e-07
46750.056 3.2106062323996965e-07
46800.056 3.283708941930387e-07
46850.056 4.475879704600956e-07
46900.056 4.1142091320993674e-07
46950.056 4.3410726074803235e-07
47000.056 3.802635773899974e-07
47050.056 4.0745678256985724e-07
47100.056 3.2047036204105495e-07
47150.056 3.5023492697701657e-07
47200.056 3.921920736080475e-07
47250.056 3.4541906719999267e-07
47300.056 3.1463899581295435e-07
47350.056 3.7194927254994143e-07
47400.056 4.1237011661193713e-07
47450.056 3.8123949637201085e-07
47500.056 4.2373698250691467e-07
47550.056 3.763164513399782e-07
47600.056 3.8666619433996336e-07
47650.056 3.1243138074492347e-07
47700.056 4.0043955202008815e-07
47750.056 2.810812938990313e-07
47800.056 3.7314979848798594e-07
47850.056 2.8844759245296905e-07
47900.056 3.600072862759592e-07
47950.056 3.076883634220496e-07
48000.056 4.391040199300657e-07
48050.056 3.8650941457002943e-07
48100.056 3.4231861544301005e-07
48150.056 3.6409942035004055e-07
48200.056 3.772313104100345e-07
48250.056 3.4282003329999086e-07
48300.056 4.024251629798366e-07
48350.056 2.963148785890228e-07
48400.056 2.9651145208997753e-07
48450.056 3.41843778332109e-07
48500.056 4.350591428999751e-07
48550.056 3.2245580167599577e-07
48600.056 3.761099378800013e-07
48650.056 3.4444182136996395e-07
48700.056 3.5788480341398426e-07
48750.056 2.779624579391105e-07
48800.056 4.603696804029913e-07
48850.056 3.0563902551494964e-07
48900.056 4.0990205863002087e-07
48950.056 3.7158569278006477e-07
49000.056 2.708730959419202e-07
49050.056 3.7090822202000505e-07
49100.056 3.716409827700643e-07
49150.056 3.5888613773303096e-07
49200.056 3.9740412745002505e-07
49250.056 3.9422450012004814e-07
49300.056 3.453576557399941e-07
49350.056 2.9047917024104133e-07
49400.056 3.587010992499925e-07
49450.056 3.3861022108311357e-07
49500.056 3.1916366003896256e-07
49550.056 2.4257290521502597e-07
49600.056 3.1609502844008343e-07
49650.056 3.4389984453599765e-07
49700.056 3.0271632559590664e-07
49750.056 3.681235671499005e-07
49800.056 3.265531305360282e-07
49850.056 4.266462506330995e-07
49900.056 3.427483575709978e-07
49950.056 3.549710922079699e-07
50000.056 3.349733431099556e-07
50050.056 3.76816663750015e-07
50100.056 3.374678979399957e-07
50150.056 2.611487325929685e-07
50200.056 1.738196112229921e-07
50250.056 3.4327856392495396e-07
50300.056 2.892719873780128e-07
50350.056 4.0328108273602584e-07
50400.056 3.45609045199985e-07
50450.056 3.052971143750692e-07
50500.056 3.480423338690567e-07
50550.056 3.190904822140067e-07
50600.056 3.2524960653095215e-07
50650.056 3.7246851462011204e-07
50700.056 3.9134732943884615e-07
50750.056 3.69288659710074e-07
50800.056 2.4973178204798553e-07
50850.056 2.574703739240788e-07
50900.056 3.794744312880214e-07
50950.056 3.164707598770761e-07
51000.056 3.6686787107503866e-07
51050.056 3.074306429730263e-07
51100.056 2.3625687789197779e-07
51150.056 3.091018864269433e-07
51200.056 3.895633292199892e-07
51250.056 3.191871232618947e-07
51300.056 2.851463133931693e-07
51350.056 2.806508372889836e-07
51400.056 2.0273016979797547e-07
51450.056 1.7492534605694398e-07
51500.056 2.1399218054806774e-07
51550.056 3.8108275203003886e-07
51600.056 2.8050924532805324e-07
51650.056 2.874284235159433e-07
51700.056 2.831009237179131e-07
51750.056 2.2665614325505753e-07
51800.056 3.088468677439166e-07
51850.056 3.060472279730121e-07
51900.056 3.780215904001176e-07
51950.056 3.22863872731966e-07
52000.056 1.7777081642598542e-07
52050.056 2.850719887100453e-07
52100.056 2.1737999174994995e-07
52150.056 2.1263863755701518e-07
52200.056 2.0289451653299753e-07
52250.056 2.421274814210384e-07
52300.056 3.299122800279807e-07
52350.056 2.8524713308702567e-07
52400.056 1.9454792255599522e-07
52450.056 2.9600718620401347e-07
52500.056 2.9132126057391454e-07
52550.056 3.2039556936388986e-07
52600.056 2.709330644040609e-07
52650.056 2.9317005450007693e-07
52700.056 2.72935171331996e-07
52750.056 1.9454682998098654e-07
52800.056 2.3953373942803813e-07
52850.056 2.362686192439301e-07
52900.056 2.3492099448105632e-07
52950.056 2.444429127579817e-07
53000.056 2.972696696119938e-07
53050.056 1.9365557360691653e-07
53100.056 2.167918837349083e-07
53150.056 3.1947051242204025e-07
53200.056 1.889565410459944e-07
53250.056 3.1343529509002177e-07
53300.056 3.0511793299115744e-07
53350.056 3.007334931999784e-07
53400.056 3.013778867400412e-07
53450.056 1.8883705210901128e-07
