galfind/configs/Brown_Dwarf_templates/sonora_bobcat/m0.0/10g/sp_t2400g10nc_m0.0_resample.dat
# %ECSV 1.0
# ---
# datatype:
# - {name: wav, unit: Angstrom, datatype: float64}
# - {name: flux_nu, unit: erg / (cm2 Hz s), datatype: float64}
# meta: {C/O: '1.00', Kzz: '1.0000E+05', Teff: '2400.', Y: '0.28', '[Fe/H]': '0.00', f_hole: '1.00', f_rain: '0.00', grav: '10.'}
# schema: astropy-2.0
wav flux_nu
[from data line 503]
29150.056 4.652925536700041e-06
29200.056 4.478928198499946e-06
29250.056 4.62080838109995e-06
29300.056 4.405262115198735e-06
29350.056 4.824702970999597e-06
29400.056 4.47734349099986e-06
29450.056 4.361096750299794e-06
29500.056 4.592188394399677e-06
29550.056 4.475918673800347e-06
29600.056 4.583728647100136e-06
29650.056 4.579928016100204e-06
29700.056 4.297684526699657e-06
29750.056 4.799554328500891e-06
29800.056 4.6777179862997505e-06
29850.056 4.603499297199594e-06
29900.056 4.314074200700802e-06
29950.056 4.783993966899468e-06
30000.056 4.734756405298781e-06
30050.056 4.555814954200047e-06
30100.056 4.011896731199476e-06
30150.056 5.0851819122997544e-06
30200.056 4.863077978300271e-06
30250.056 4.574500246800522e-06
30300.056 4.695250875399983e-06
30350.056 4.619354125600701e-06
30400.056 4.9691873581003885e-06
30450.056 4.3460426465004104e-06
30500.056 4.375059667100481e-06
30550.056 5.115560274600637e-06
30600.056 4.884639630500242e-06
30650.056 4.841297965900218e-06
30700.056 4.622741491400025e-06
30750.056 4.5663765238001815e-06
30800.056 5.032642587701065e-06
30850.056 4.644319860200061e-06
30900.056 4.656817662399767e-06
30950.056 4.534400396600264e-06
31000.056 4.965832917499898e-06
31050.056 4.523434800600137e-06
31100.056 4.8330798472000884e-06
31150.056 4.813821440799784e-06
31200.056 4.984037201799623e-06
31250.056 5.063332016000699e-06
31300.056 4.745748259499729e-06
31350.056 4.670912118199949e-06
31400.056 4.906664021800422e-06
31450.056 4.858619517200317e-06
31500.056 4.96480829890048e-06
31550.056 4.628798373599959e-06
31600.056 4.810455846299934e-06
31650.056 4.923348404499825e-06
31700.056 5.080234174000061e-06
31750.056 4.627184984600049e-06
31800.056 4.940734821200316e-06
31850.056 5.284139036299751e-06
31900.056 5.172972505499673e-06
31950.056 4.679830773699651e-06
32000.056 4.8008630246005444e-06
32050.056 5.181471030300526e-06
32100.056 5.259958513099672e-06
32150.056 5.214822935000131e-06
32200.056 5.034834488299904e-06
32250.056 4.902897857000124e-06
32300.056 5.1264749034000554e-06
32350.056 5.344675552600512e-06
32400.056 5.003052535900008e-06
32450.056 4.898787274400249e-06
32500.056 5.15203848990014e-06
32550.056 5.430897589400126e-06
32600.056 5.308026236699743e-06
32650.056 5.267909374300896e-06
32700.056 5.069963172000067e-06
32750.056 5.263437148099964e-06
32800.056 4.989341109900643e-06
32850.056 5.503770364799802e-06
32900.056 5.352702055300232e-06
32950.056 5.008903517399922e-06
33000.056 5.247682343900174e-06
33050.056 5.260409257699742e-06
33100.056 5.358091852799195e-06
33150.056 5.347885145700374e-06
33200.056 5.1562828154003985e-06
33250.056 5.297810495900287e-06
33300.056 5.617717752100229e-06
33350.056 5.350491946000323e-06
33400.056 5.179595686999729e-06
33450.056 5.453599614898816e-06
33500.056 5.355849869600111e-06
33550.056 5.360632834299318e-06
33600.056 5.377587757100355e-06
33650.056 5.438348008800691e-06
33700.056 5.558599476099386e-06
33750.056 5.543491040300218e-06
33800.056 5.511397942599848e-06
33850.056 5.3681690322999225e-06
33900.056 5.7178336419996065e-06
33950.056 5.352607562099575e-06
34000.056 5.3740267687993275e-06
34050.056 5.510925057800125e-06
34100.056 5.692366442300375e-06
34150.056 5.6248866108996155e-06
34200.056 5.416855122899535e-06
34250.056 5.766473458899387e-06
34300.056 5.512752407099482e-06
34350.056 5.708348467199438e-06
34400.056 5.443523600899589e-06
34450.056 5.437607346400099e-06
34500.056 5.528792251600797e-06
34550.056 5.482373794299846e-06
34600.056 5.585515290499895e-06
34650.056 5.5968197030997995e-06
34700.056 5.414778006099736e-06
34750.056 5.688293950400222e-06
34800.056 5.758680215899718e-06
34850.056 5.450500234000015e-06
34900.056 5.698644880900403e-06
34950.056 5.591519050899274e-06
35000.056 5.530547471199709e-06
35050.056 5.7770830535004435e-06
35100.056 5.770719894799273e-06
35150.056 5.590957752399567e-06
35200.056 5.715451746199761e-06
35250.056 5.346354275200432e-06
35300.056 5.676830831800433e-06
35350.056 5.83025126739964e-06
35400.056 5.6515324474000194e-06
35450.056 5.538895214700088e-06
35500.056 5.7303497533001296e-06
35550.056 5.6305119005e-06
35600.056 5.616864826699203e-06
35650.056 5.8350978998004075e-06
35700.056 5.581827638400232e-06
35750.056 5.56601101069975e-06
35800.056 5.744815270599766e-06
35850.056 5.8479641896997426e-06
35900.056 5.838250186299636e-06
35950.056 5.769844670699414e-06
36000.056 5.472196112899577e-06
36050.056 5.828324802800109e-06
36100.056 6.0112294556001745e-06
36150.056 5.596549835400206e-06
36200.056 5.873097532299574e-06
36250.056 5.631483171399392e-06
36300.056 6.068935957200656e-06
36350.056 5.966677020399461e-06
36400.056 5.794792378199824e-06
36450.056 6.0294696313997344e-06
36500.056 5.764274687400299e-06
36550.056 5.673530040600359e-06
36600.056 5.716680794000448e-06
36650.056 5.842895818500438e-06
36700.056 6.013237930900135e-06
36750.056 5.720690061700613e-06
36800.056 5.845560543099596e-06
36850.056 5.927541676799819e-06
36900.056 5.9519263947005635e-06
36950.056 5.939647155800145e-06
37000.056 5.930725916900215e-06
37050.056 6.051949060199946e-06
37100.056 5.862183532800277e-06
37150.056 5.809044524499211e-06
37200.056 5.9918820135001484e-06
37250.056 6.020170879500296e-06
37300.056 5.960239047900769e-06
37350.056 5.84109073980051e-06
37400.056 6.00103961429978e-06
37450.056 5.986945560100354e-06
37500.056 6.106579229699817e-06
37550.056 5.949452498899369e-06
37600.056 6.135423998999441e-06
37650.056 5.773699293199555e-06
37700.056 5.840651288900214e-06
37750.056 6.1101606429992665e-06
37800.056 6.188887130800001e-06
37850.056 6.0387481861998045e-06
37900.056 6.105833008100291e-06
37950.056 6.127189753200267e-06
38000.056 6.029099196000606e-06
38050.056 6.035272158300323e-06
38100.056 5.918322232400126e-06
38150.056 6.153210556999355e-06
38200.056 6.262046028399412e-06
38250.056 6.026059789500481e-06
38300.056 5.940960042299926e-06
38350.056 6.117907358800077e-06
38400.056 6.1151715848999045e-06
38450.056 6.0485944494005344e-06
38500.056 6.040118669899783e-06
38550.056 6.0881389045004015e-06
38600.056 6.3433452530997615e-06
38650.056 5.848254061500182e-06
38700.056 5.923916806800402e-06
38750.056 6.173401370800053e-06
38800.056 6.023665394800678e-06
38850.056 6.1222422016001945e-06
38900.056 5.912355399800032e-06
38950.056 6.058956248299637e-06
39000.056 6.040944868000075e-06
39050.056 6.043080793200022e-06
39100.056 5.843172234999895e-06
39150.056 5.953596779600225e-06
39200.056 6.024329247600194e-06
39250.056 6.030460528199492e-06
39300.056 6.05053864479924e-06
39350.056 6.009578883000448e-06
39400.056 5.869976005100182e-06
39450.056 5.942105707599835e-06
39500.056 5.9070574634000275e-06
39550.056 5.816090040899054e-06
39600.056 6.109165845300421e-06
39650.056 5.814185609500164e-06
39700.056 5.947410897000022e-06
39750.056 5.964269922499578e-06
39800.056 5.7349857773001975e-06
39850.056 5.87349289419982e-06
39900.056 5.724864996999716e-06
39950.056 5.89318400329981e-06
40000.056 5.736030140799747e-06
40050.056 5.4319820174998165e-06
40100.056 5.733367092499908e-06
40150.056 5.466440709799385e-06
40200.056 5.662885728199762e-06
40250.056 5.604590463198793e-06
40300.056 5.390818912500058e-06
40350.056 5.502729762500271e-06
40400.056 5.5965340541000776e-06
40450.056 5.300102789900847e-06
40500.056 5.1286653205998655e-06
40550.056 5.610359722999729e-06
40600.056 5.28107022030024e-06
40650.056 5.374918639700938e-06
40700.056 5.584011409400268e-06
40750.056 5.107232320999014e-06
40800.056 5.100444641600429e-06
40850.056 4.923840308300817e-06
40900.056 4.8267862980005795e-06
40950.056 5.143050143800083e-06
41000.056 5.290664639100355e-06
41050.056 5.1766039487993815e-06
41100.056 5.0262864089004675e-06
41150.056 5.261956949800208e-06
41200.056 5.008082668000038e-06
41250.056 5.103851596600119e-06
41300.056 4.733170738499828e-06
41350.056 5.170992871900297e-06
41400.056 5.038945691699888e-06
41450.056 4.894387822700083e-06
41500.056 5.089555493999956e-06
41550.056 5.132027299500032e-06
41600.056 5.235298458599786e-06
41650.056 4.843851735300452e-06
41700.056 4.761520467599828e-06
41750.056 5.001948788000095e-06
41800.056 4.7853275922999385e-06
41850.056 4.633748835300458e-06
41900.056 4.97009249699934e-06
41950.056 4.738684438600318e-06
42000.056 4.931906130500194e-06
42050.056 4.690051386599015e-06
42100.056 4.962187654000317e-06
42150.056 4.616886957499522e-06
42200.056 4.646879289400111e-06
42250.056 4.843050663999908e-06
42300.056 4.699865762500057e-06
42350.056 4.889371332600531e-06
42400.056 4.652455837299977e-06
42450.056 4.33656860230025e-06
42500.056 4.328402980900112e-06
42550.056 4.660869231699705e-06
42600.056 4.565648576500407e-06
42650.056 4.609551971999308e-06
42700.056 4.593715499700543e-06
42750.056 4.463358067899981e-06
42800.056 4.547433999699851e-06
42850.056 4.697344075699728e-06
42900.056 4.584892244400324e-06
42950.056 4.221102855798804e-06
43000.056 4.450778756799938e-06
43050.056 4.3392217998009415e-06
43100.056 4.42425454979931e-06
43150.056 4.577863791200766e-06
43200.056 4.389848428199851e-06
43250.056 4.452296280200952e-06
43300.056 4.498226597300219e-06
43350.056 4.35555158239953e-06
43400.056 4.2807108860997265e-06
43450.056 4.324295818200778e-06
43500.056 4.251622780399135e-06
43550.056 4.353375761999853e-06
43600.056 4.483202507599873e-06
43650.056 4.2827886957004785e-06
43700.056 4.313467177600285e-06
43750.056 4.242800016699886e-06
43800.056 4.212152899999929e-06
43850.056 4.403886992700202e-06
43900.056 4.346883329299923e-06
43950.056 4.16773510300047e-06
44000.056 4.064640325000287e-06
44050.056 4.114910769800085e-06
44100.056 4.124697915500718e-06
44150.056 4.412861644699441e-06
44200.056 4.210710529200216e-06
44250.056 3.9823553048997496e-06
44300.056 3.975441089700603e-06
44350.056 4.059147051999988e-06
44400.056 3.96719720970002e-06
44450.056 4.193418230400138e-06
44500.056 4.2988564215007166e-06
44550.056 4.0193322963993685e-06
44600.056 4.099845610600465e-06
44650.056 4.108495391399967e-06
44700.056 3.922807827900368e-06
44750.056 4.155205310899776e-06
44800.056 4.096617398599858e-06
44850.056 4.266650494200366e-06
44900.056 4.13453605190054e-06
44950.056 3.89946363770006e-06
45000.056 4.115842665000047e-06
45050.056 4.031503275699649e-06
45100.056 4.104542509899684e-06
45150.056 4.155200748500242e-06
45200.056 3.923253823099682e-06
45250.056 3.9533256625994495e-06
45300.056 3.821432606799989e-06
45350.056 4.09596685499925e-06
45400.056 4.1475511913001745e-06
45450.056 4.004836364099499e-06
45500.056 3.8565882724999174e-06
45550.056 4.023348178499237e-06
45600.056 4.031818252499959e-06
45650.056 3.877448245299018e-06
45700.056 3.8070681859005155e-06
45750.056 3.993635273999625e-06
45800.056 4.036543495900211e-06
45850.056 4.060173802600177e-06
45900.056 4.081390306999929e-06
45950.056 3.827245266000057e-06
46000.056 3.924073665199932e-06
46050.056 4.011227018700656e-06
46100.056 3.8653694091001665e-06
46150.056 3.867865353400059e-06
46200.056 4.064442665100607e-06
46250.056 3.7616941693998947e-06
46300.056 3.9991848773997655e-06
46350.056 3.6646097726998206e-06
46400.056 3.840030434499689e-06
46450.056 3.743839553500625e-06
46500.056 3.759128416700358e-06
46550.056 3.890536836799966e-06
46600.056 3.6398333947996267e-06
46650.056 4.0339694305002264e-06
46700.056 3.811396709600498e-06
46750.056 3.6411804958000146e-06
46800.056 3.7900856666004297e-06
46850.056 3.848305805499952e-06
46900.056 3.7761115144995366e-06
46950.056 3.799250215900173e-06
47000.056 3.877219707400159e-06
47050.056 3.75928452389985e-06
47100.056 3.821059922800219e-06
47150.056 3.7354825516003964e-06
47200.056 3.7490498149005575e-06
47250.056 3.794146939998998e-06
47300.056 3.6131791613992304e-06
47350.056 3.5838595464996437e-06
47400.056 3.825219779599584e-06
47450.056 3.998064319199877e-06
47500.056 3.609983378899236e-06
47550.056 3.7860058205993793e-06
47600.056 3.803223398199991e-06
47650.056 3.475787130999474e-06
47700.056 3.831994185700126e-06
47750.056 3.3943232986007516e-06
47800.056 3.82076955649981e-06
47850.056 3.532876098198688e-06
47900.056 3.84948179540013e-06
47950.056 3.5028051859007846e-06
48000.056 3.851986831700062e-06
48050.056 3.6504892776006704e-06
48100.056 3.500768801100063e-06
48150.056 3.6084662921002463e-06
48200.056 3.764967427300853e-06
48250.056 3.6410622720997895e-06
48300.056 3.897228545999909e-06
48350.056 3.3820603644995245e-06
48400.056 3.7810836598998804e-06
48450.056 3.757524731100209e-06
48500.056 3.784476603399976e-06
48550.056 3.5982217697001267e-06
48600.056 3.7017762535998056e-06
48650.056 3.429099903199929e-06
48700.056 3.5009319798001123e-06
48750.056 3.415615627000618e-06
48800.056 3.7524714014001697e-06
48850.056 3.5777528690996275e-06
48900.056 3.679083770100001e-06
48950.056 3.6880310296005966e-06
49000.056 3.574839094599875e-06
49050.056 3.5281707548997383e-06
49100.056 3.539861833399955e-06
49150.056 3.4949520366002152e-06
49200.056 3.802944088900109e-06
49250.056 3.6031104177003644e-06
49300.056 3.4865469254998645e-06
49350.056 3.261631412400074e-06
49400.056 3.6489691983005552e-06
49450.056 3.503407395500417e-06
49500.056 3.470011249200325e-06
49550.056 3.4139631203000643e-06
49600.056 3.4033978138002724e-06
49650.056 3.4204847631007025e-06
49700.056 3.1677013656996907e-06
49750.056 3.6561812195994194e-06
49800.056 3.592365486599987e-06
49850.056 3.6532322960001388e-06
49900.056 3.3941090583000003e-06
49950.056 3.555652501699018e-06
50000.056 3.312929390799518e-06
50050.056 3.5640398253999855e-06
50100.056 3.4005149569997207e-06
50150.056 3.3442043259996835e-06
50200.056 3.1406429484001214e-06
50250.056 3.1420003850001768e-06
50300.056 3.2800409451995187e-06
50350.056 3.2765673495999388e-06
50400.056 3.355396218600241e-06
50450.056 3.2049586676000906e-06
50500.056 3.626839809000369e-06
50550.056 3.3980949823997825e-06
50600.056 3.3294858480003045e-06
50650.056 3.2995705534006e-06
50700.056 3.3633009385993748e-06
50750.056 3.229492116300213e-06
50800.056 3.246495389200128e-06
50850.056 3.207343820300243e-06
50900.056 3.225945139900047e-06
50950.056 3.424785303000351e-06
51000.056 3.4689394447002115e-06
51050.056 3.157788971000509e-06
51100.056 3.154931026899896e-06
51150.056 3.328437110700243e-06
51200.056 3.306695710399797e-06
51250.056 3.3175164683001898e-06
51300.056 3.218291029100489e-06
51350.056 3.288024959399775e-06
51400.056 3.2143559793995083e-06
51450.056 2.8441425352999596e-06
51500.056 3.3190316465998735e-06
51550.056 3.4296551701002143e-06
51600.056 2.9873020112997573e-06
51650.056 3.2457005371997306e-06
51700.056 2.9699569631993642e-06
51750.056 3.097634030700168e-06
51800.056 3.1613973309997316e-06
51850.056 3.2504115208000536e-06
51900.056 3.322361007000193e-06
51950.056 3.045635289599742e-06
52000.056 2.966573850499983e-06
52050.056 3.2632708364998276e-06
52100.056 3.1925518812994257e-06
52150.056 3.1541357099004526e-06
52200.056 3.084806051000056e-06
52250.056 2.99948663389998e-06
52300.056 3.043122184599906e-06
52350.056 3.3054889043003184e-06
52400.056 3.0123196265997978e-06
52450.056 3.0935605738000573e-06
52500.056 3.1231774448992334e-06
52550.056 2.9835206393994924e-06
52600.056 3.134178448600165e-06
52650.056 3.3509561071004953e-06
52700.056 3.0798122296001105e-06
52750.056 2.7328158707998495e-06
52800.056 2.9732157120003024e-06
52850.056 2.933080818999878e-06
52900.056 3.1232010148003645e-06
52950.056 3.0083916833995097e-06
53000.056 3.1751524072995506e-06
53050.056 3.1299497129997265e-06
53100.056 2.799833799499421e-06
53150.056 3.139454294200408e-06
53200.056 2.820644333200384e-06
53250.056 3.283448984400002e-06
53300.056 3.1337357374006314e-06
53350.056 3.2680245993999133e-06
53400.056 2.9692765898001257e-06
53450.056 2.8502320365999873e-06
53500.056 2.8204060659997263e-06
53550.056 3.1721053373001748e-06
53600.056 3.0523584219003906e-06
53650.056 2.968591470200763e-06
53700.056 2.9666243108005584e-06
53750.056 3.1928833327997563e-06
53800.056 3.242494327300313e-06
53850.056 3.0784818494992056e-06
