galfind/configs/Brown_Dwarf_templates/sonora_bobcat/m0.0/1780g/sp_t700g1780nc_m0.0_resample.dat
# %ECSV 1.0
# ---
# datatype:
# - {name: wav, unit: Angstrom, datatype: float64}
# - {name: flux_nu, unit: erg / (cm2 Hz s), datatype: float64}
# meta: {C/O: '1.00', Kzz: '1.0000E+05', Teff: '700.', Y: '0.28', '[Fe/H]': '0.00', f_hole: '1.00', f_rain: '0.00', grav: '1780.'}
# schema: astropy-2.0
wav flux_nu
[from data line 499]
28950.056 9.126735485068385e-09
29000.056 7.904888932514574e-09
29050.056 1.0129027064193736e-08
29100.056 6.164194208092926e-09
29150.056 1.1556467139771485e-08
29200.056 9.40928565794051e-09
29250.056 1.352381726444743e-08
29300.056 6.947312506854305e-09
29350.056 2.2044657712384735e-08
29400.056 9.101524980771469e-09
29450.056 9.630389634887349e-09
29500.056 1.5612188411481682e-08
29550.056 1.0041563058452135e-08
29600.056 1.2848356652379473e-08
29650.056 1.896976650291977e-08
29700.056 9.703609309832866e-09
29750.056 1.7267284930853574e-08
29800.056 1.6059537722562072e-08
29850.056 2.0394448078706527e-08
29900.056 1.6942047326224356e-08
29950.056 1.5386750781380787e-08
30000.056 1.4230193041499526e-09
30050.056 3.773521050632781e-09
30100.056 7.387772899464676e-09
30150.056 1.6767555130339662e-08
30200.056 1.4628776697386241e-08
30250.056 2.718006273758045e-08
30300.056 2.5150104247220095e-08
30350.056 1.5349279042752996e-08
30400.056 2.9526628875504773e-08
30450.056 1.8933429913141294e-08
30500.056 1.8506985748981138e-08
30550.056 1.6447760069916984e-08
30600.056 3.473553741430326e-08
30650.056 2.1203674310151203e-08
30700.056 1.7377296378384817e-08
30750.056 2.417659612116668e-08
30800.056 2.005284651107318e-08
30850.056 2.030682813311672e-08
30900.056 1.3982638349189963e-08
30950.056 1.3385075839531817e-08
31000.056 1.4253529410012621e-08
31050.056 1.5396953371598453e-08
31100.056 8.835095242938196e-09
31150.056 1.4279924482439148e-08
31200.056 2.1815300737702835e-08
31250.056 1.2328608872489439e-08
31300.056 1.032826824091179e-08
31350.056 1.3604086080900577e-08
31400.056 9.889622074467293e-09
31450.056 1.2012953183997832e-08
31500.056 5.895608852882303e-09
31550.056 8.760225744931357e-09
31600.056 6.3052237283418856e-09
31650.056 5.352827259875624e-09
31700.056 6.1985149866409776e-09
31750.056 3.5221361186766976e-09
31800.056 6.5939003549400515e-09
31850.056 2.5944180460795452e-09
31900.056 4.783671545220231e-09
31950.056 2.57171179221573e-09
32000.056 3.5158554826767482e-09
32050.056 3.591932370328412e-09
32100.056 2.9639327304582594e-09
32150.056 4.0618085917678e-09
32200.056 2.46815187411648e-09
32250.056 5.095865503997846e-09
32300.056 2.1530606686021974e-09
32350.056 5.47440130750053e-09
32400.056 2.048239828115758e-09
32450.056 4.806282270941388e-09
32500.056 2.950507851183233e-09
32550.056 4.360272022269775e-09
32600.056 3.946020169474655e-09
32650.056 6.760522586217469e-09
32700.056 4.940116975024405e-09
32750.056 9.700035462452195e-09
32800.056 9.072561656489991e-09
32850.056 1.2766405401700492e-08
32900.056 1.2714665959714264e-08
32950.056 1.348131620447303e-08
33000.056 8.68984450005301e-09
33050.056 9.842305965301475e-09
33100.056 3.5432321541403494e-09
33150.056 7.325165610223166e-11
33200.056 2.2506379940825566e-10
33250.056 2.398691648089361e-10
33300.056 6.450220847201692e-10
33350.056 1.651141041568895e-09
33400.056 3.477675409429567e-09
33450.056 3.727943328746788e-09
33500.056 9.06817743850311e-09
33550.056 4.454392183297324e-09
33600.056 8.556843647289315e-09
33650.056 8.630940353230322e-09
33700.056 4.81065996604683e-09
33750.056 1.119645180756213e-08
33800.056 3.2280221007877394e-09
33850.056 6.974886566415709e-09
33900.056 6.258051050404984e-09
33950.056 5.926030727007131e-09
34000.056 9.331845394851978e-09
34050.056 2.9717007331835305e-09
34100.056 8.404993154224172e-09
34150.056 4.284581366754659e-09
34200.056 7.741459625696232e-09
34250.056 6.730017898937658e-09
34300.056 5.024428475664903e-09
34350.056 8.389832470411156e-09
34400.056 4.088769019219161e-09
34450.056 9.165984043966905e-09
34500.056 6.638425890827753e-09
34550.056 3.8577673994201125e-09
34600.056 1.2194944580500162e-08
34650.056 4.018899123074084e-09
34700.056 9.642632183511517e-09
34750.056 7.436023447946941e-09
34800.056 5.38119613048536e-09
34850.056 1.2966317933350821e-08
34900.056 6.532527094466476e-09
34950.056 1.1187643857198273e-08
35000.056 1.8250710069930044e-08
35050.056 8.513207124107183e-09
35100.056 1.835241373082211e-08
35150.056 1.6512228100701467e-08
35200.056 1.4209417774179748e-08
35250.056 2.3348093227817192e-08
35300.056 1.0652002730005342e-08
35350.056 1.549508620725188e-08
35400.056 1.5794753351456166e-08
35450.056 1.0761214011241826e-08
35500.056 2.7491715010454905e-08
35550.056 1.9075982289930993e-08
35600.056 2.0939510283108623e-08
35650.056 2.3793634583074032e-08
35700.056 1.9137451336360955e-08
35750.056 3.132748249799972e-08
35800.056 3.050001212390252e-08
35850.056 1.7469211316226754e-08
35900.056 2.704651309960782e-08
35950.056 3.002274040059662e-08
36000.056 2.9071343503904416e-08
36050.056 2.6992007631592976e-08
36100.056 2.3914547240714558e-08
36150.056 3.6390640584995605e-08
36200.056 4.126987248299339e-08
36250.056 3.095187495060733e-08
36300.056 4.971681256038906e-08
36350.056 4.1797600514403995e-08
36400.056 4.885463903019184e-08
36450.056 4.478991667208196e-08
36500.056 4.9449344596645514e-08
36550.056 6.431867212001117e-08
36600.056 7.263649725598972e-08
36650.056 5.663444922229501e-08
36700.056 5.8166849485873586e-08
36750.056 7.397869353501154e-08
36800.056 7.656890492599644e-08
36850.056 6.096088015929086e-08
36900.056 7.035027892343997e-08
36950.056 8.264469891898474e-08
37000.056 6.895441242299455e-08
37050.056 8.337324535910202e-08
37100.056 6.69723632476524e-08
37150.056 7.41583322504053e-08
37200.056 9.844596652499208e-08
37250.056 7.001744983058448e-08
37300.056 6.247206768067419e-08
37350.056 8.681889285281234e-08
37400.056 1.1314871263099779e-07
37450.056 7.034962664861769e-08
37500.056 7.815421674209512e-08
37550.056 1.179183713350319e-07
37600.056 1.3919393636901184e-07
37650.056 7.416330857781178e-08
37700.056 1.1345625989200973e-07
37750.056 8.624218618031038e-08
37800.056 9.94584242120215e-08
37850.056 6.837269839800113e-08
37900.056 7.94439334310097e-08
37950.056 1.0359718021449532e-07
38000.056 1.0588725386839577e-07
38050.056 1.1415006421301924e-07
38100.056 1.3562076139540618e-07
38150.056 1.4063314425899457e-07
38200.056 1.2799132000450396e-07
38250.056 1.2722679848201174e-07
38300.056 1.7397652036597147e-07
38350.056 1.7041381119402423e-07
38400.056 1.107714035009643e-07
38450.056 9.451273442797117e-08
38500.056 7.72167000990169e-08
38550.056 1.3102422670001987e-07
38600.056 1.2661844335098027e-07
38650.056 1.3695054244198788e-07
38700.056 1.4777882055999812e-07
38750.056 1.3734351979600032e-07
38800.056 1.3161465462998824e-07
38850.056 1.4533993375900764e-07
38900.056 1.6715526641797834e-07
38950.056 1.33230418590001e-07
39000.056 1.5344027920597793e-07
39050.056 1.4473901231603562e-07
39100.056 1.488214971330933e-07
39150.056 1.7894580218899437e-07
39200.056 1.5248668159199362e-07
39250.056 1.801564593030032e-07
39300.056 1.6233929646299024e-07
39350.056 2.014809989130043e-07
39400.056 1.6502795108500957e-07
39450.056 1.8916615566900332e-07
39500.056 2.001280384100038e-07
39550.056 1.5498407222044157e-07
39600.056 1.8863138689999494e-07
39650.056 2.2840809478999172e-07
39700.056 2.0686932899801583e-07
39750.056 1.503139927410329e-07
39800.056 1.668042829610002e-07
39850.056 2.405485246900056e-07
39900.056 2.420722601800064e-07
39950.056 1.917396142649916e-07
40000.056 2.369355920199999e-07
40050.056 2.2863553854600117e-07
40100.056 1.5148257371049652e-07
40150.056 2.2888549989701126e-07
40200.056 2.3959341916997453e-07
40250.056 2.4475913170496334e-07
40300.056 2.4578349791002054e-07
40350.056 1.9567222742397372e-07
40400.056 2.472359915716001e-07
40450.056 1.8640597729999025e-07
40500.056 2.513249518799888e-07
40550.056 2.6701176050597e-07
40600.056 2.497171014500066e-07
40650.056 2.2352345381507118e-07
40700.056 3.1487979992998885e-07
40750.056 2.436993434999716e-07
40800.056 1.9636849447895287e-07
40850.056 3.114821444500254e-07
40900.056 2.973542673639863e-07
40950.056 2.4879179031901095e-07
41000.056 2.484213587099916e-07
41050.056 3.1537005248997714e-07
41100.056 2.8515524741998134e-07
41150.056 1.8976208094199183e-07
41200.056 3.061178539600141e-07
41250.056 2.8026174082797556e-07
41300.056 2.669732404899974e-07
41350.056 3.256983962599988e-07
41400.056 2.844673492500154e-07
41450.056 3.224122995699936e-07
41500.056 2.4993787078196777e-07
41550.056 2.335014563910412e-07
41600.056 2.587472517007197e-07
41650.056 3.0174128951001364e-07
41700.056 2.9548534490996835e-07
41750.056 2.775348467399869e-07
41800.056 3.1759249895001837e-07
41850.056 2.3156153830598637e-07
41900.056 2.5334184790795335e-07
41950.056 2.8866435758001266e-07
42000.056 2.587331784419321e-07
42050.056 2.29142849546017e-07
42100.056 3.0667238233997265e-07
42150.056 2.3578661701700364e-07
42200.056 2.3535743756098238e-07
42250.056 2.4484133313500454e-07
42300.056 2.2955538978999333e-07
42350.056 2.781904385900176e-07
42400.056 2.919695472100134e-07
42450.056 2.450065704820289e-07
42500.056 2.5451719692999127e-07
42550.056 2.3178142440999267e-07
42600.056 2.6025642911004884e-07
42650.056 3.3576697249996455e-07
42700.056 2.413673650919526e-07
42750.056 2.1834256184203043e-07
42800.056 2.7564825554001027e-07
42850.056 3.0519404489995403e-07
42900.056 3.18373896022027e-07
42950.056 2.489671949099777e-07
43000.056 2.8947618648999755e-07
43050.056 1.7733828335003953e-07
43100.056 2.6761564489998493e-07
43150.056 2.296327132240109e-07
43200.056 2.638538347000097e-07
43250.056 3.6157183512001574e-07
43300.056 3.3697998129000193e-07
43350.056 1.9383478939596794e-07
43400.056 2.72587837230013e-07
43450.056 2.1721384312802378e-07
43500.056 2.3770255947700857e-07
43550.056 2.3438114256500827e-07
43600.056 3.1315833978001765e-07
43650.056 1.9819785650399672e-07
43700.056 3.372508005900336e-07
43750.056 3.0663001650999726e-07
43800.056 2.799266982179777e-07
43850.056 2.563909213430343e-07
43900.056 2.498095934639852e-07
43950.056 1.858263169779839e-07
44000.056 1.6531894108100155e-07
44050.056 3.01289886120014e-07
44100.056 3.85241761340011e-07
44150.056 3.797199133399862e-07
44200.056 3.310101338800061e-07
44250.056 2.1612633844999406e-07
44300.056 1.715127263680225e-07
44350.056 2.0135793565002303e-07
44400.056 1.9677941147099013e-07
44450.056 2.861669854300119e-07
44500.056 2.5627104984003783e-07
44550.056 3.4274804485998865e-07
44600.056 3.02312768158011e-07
44650.056 2.8925666968999116e-07
44700.056 2.088669758219805e-07
44750.056 2.596139148920415e-07
44800.056 2.2209894551101598e-07
44850.056 3.0694910363001766e-07
44900.056 2.4385005349199907e-07
44950.056 2.6819508684601867e-07
45000.056 2.962405256000063e-07
45050.056 2.880125465399819e-07
45100.056 2.7904602114401595e-07
45150.056 2.700815479399893e-07
45200.056 2.0294458156500974e-07
45250.056 2.3016837246396727e-07
45300.056 2.18293146652024e-07
45350.056 1.9102241556800603e-07
45400.056 3.4090898853002577e-07
45450.056 3.174789192000181e-07
45500.056 3.355769109500145e-07
45550.056 3.7354469384995566e-07
45600.056 3.541227753400216e-07
45650.056 3.043820757809807e-07
45700.056 2.1017458800499506e-07
45750.056 1.9106249656700612e-07
45800.056 3.696815520200132e-07
45850.056 3.3844736801700074e-07
45900.056 3.685038545799977e-07
45950.056 3.00218283149991e-07
46000.056 3.520019598750343e-07
46050.056 2.9212173951000304e-07
46100.056 3.813301726499833e-07
46150.056 2.5682672399399944e-07
46200.056 2.3236213254498746e-07
46250.056 1.2345321007668823e-07
46300.056 2.6783074355600384e-07
46350.056 2.8693693490002036e-07
46400.056 2.749949018480113e-07
46450.056 2.385040530849906e-07
46500.056 2.5923539261104083e-07
46550.056 1.8374647715100522e-07
46600.056 2.2464579584697266e-07
46650.056 3.168678110120174e-07
46700.056 2.3700274610996862e-07
46750.056 1.4226488285401915e-07
46800.056 1.0948409494559978e-07
46850.056 3.073592007400335e-07
46900.056 3.1925167371998625e-07
46950.056 3.0175954363998104e-07
47000.056 2.911343074380259e-07
47050.056 2.3402601311893777e-07
47100.056 1.761243799850084e-07
47150.056 2.4961349580802956e-07
47200.056 2.8821043498998987e-07
47250.056 1.724089873299806e-07
47300.056 1.2417541720121695e-07
47350.056 3.1172670683000585e-07
47400.056 2.940468718599856e-07
47450.056 2.4581495165202846e-07
47500.056 3.229022950199857e-07
47550.056 2.7417955940000964e-07
47600.056 2.7744750603397904e-07
47650.056 2.7825034497997903e-07
47700.056 2.3324860415004608e-07
47750.056 1.806677216940008e-07
47800.056 1.6548944021601584e-07
47850.056 9.802837587000923e-08
47900.056 1.3728744570219164e-07
47950.056 2.6008692612000976e-07
48000.056 3.19856349440002e-07
48050.056 2.785894216679822e-07
48100.056 1.4352819382580344e-07
48150.056 2.151719418650072e-07
48200.056 1.7923597113499398e-07
48250.056 2.1979252765999975e-07
48300.056 3.0667277143999473e-07
48350.056 2.0470096545798725e-07
48400.056 7.92638583506856e-08
48450.056 1.4677962670722967e-07
48500.056 2.1256741040696188e-07
48550.056 2.2154806231701982e-07
48600.056 2.4821848530000614e-07
48650.056 2.9488149614999374e-07
48700.056 2.2660554593201357e-07
48750.056 1.4425505629703228e-07
48800.056 2.59524696639015e-07
48850.056 1.6391085171597305e-07
48900.056 2.2859563896778385e-07
48950.056 1.513190824679976e-07
49000.056 9.000014219620871e-08
49050.056 2.1357326121597646e-07
49100.056 2.412708293240302e-07
49150.056 1.8703189797469722e-07
49200.056 2.63585777750024e-07
49250.056 2.578665752700114e-07
49300.056 2.2246187897999158e-07
49350.056 1.2191350924642196e-07
49400.056 1.6860250151596814e-07
49450.056 1.6264352586653795e-07
49500.056 1.396618735141847e-07
49550.056 5.307568722669963e-08
49600.056 1.0716091533373621e-07
49650.056 1.6765107692799387e-07
49700.056 1.8065398389096552e-07
49750.056 2.0564673686698585e-07
49800.056 1.4654388111019635e-07
49850.056 2.3691533827002263e-07
49900.056 2.146043055659962e-07
49950.056 1.8728148173099504e-07
50000.056 1.7025604814199155e-07
50050.056 2.0174698065299972e-07
50100.056 1.6841897075199134e-07
50150.056 9.788086573098774e-08
50200.056 3.3751374437110005e-08
50250.056 1.2469026253599595e-07
50300.056 8.964144583431046e-08
50350.056 1.9198779826401969e-07
50400.056 1.884354691379921e-07
50450.056 1.36089724752401e-07
50500.056 2.0771942812301306e-07
50550.056 2.0236294754000414e-07
50600.056 1.4253884146196723e-07
50650.056 2.0809532458003183e-07
50700.056 2.2692299572999066e-07
50750.056 1.5425597018200877e-07
50800.056 7.683821113008673e-08
50850.056 5.8577716815819696e-08
50900.056 1.9131750443600142e-07
50950.056 1.6704031851000077e-07
51000.056 1.5149355362391456e-07
51050.056 1.7807018640597973e-07
51100.056 8.356557698909196e-08
51150.056 1.0232341281401445e-07
51200.056 2.2490519027999179e-07
51250.056 1.5911516915398094e-07
51300.056 1.1258120516802162e-07
51350.056 1.2866998708938194e-07
51400.056 6.678261361810911e-08
51450.056 5.297141397541701e-08
51500.056 4.8481230320275336e-08
51550.056 1.3011051712381336e-07
51600.056 1.0131572630760981e-07
51650.056 1.1957226937498895e-07
51700.056 1.338506472648814e-07
51750.056 9.724138242051164e-08
51800.056 1.5685431758797697e-07
51850.056 1.2773294886999487e-07
51900.056 1.782358519280081e-07
51950.056 1.241351667959876e-07
52000.056 2.6961205946892207e-08
52050.056 7.715609461100844e-08
52100.056 5.5057667571994856e-08
52150.056 3.970424841026588e-08
52200.056 6.955589182639796e-08
52250.056 1.0036419382641426e-07
52300.056 1.4989630448999628e-07
52350.056 6.83185966698152e-08
52400.056 6.362993673740221e-08
52450.056 1.4139550909901502e-07
52500.056 1.2977390433897107e-07
52550.056 1.2601700190698992e-07
52600.056 9.911904640180567e-08
52650.056 1.129247801830108e-07
52700.056 8.192821518490069e-08
52750.056 4.88978434990922e-08
52800.056 6.899507696400963e-08
52850.056 8.121462884627945e-08
52900.056 5.542755024698966e-08
52950.056 7.265519029400537e-08
53000.056 1.0789272482200393e-07
53050.056 5.34761356280887e-08
53100.056 1.1780351163799886e-07
53150.056 1.3554934823900896e-07
53200.056 5.62214988899943e-08
53250.056 1.1680078029400932e-07
53300.056 1.3420720235794643e-07
53350.056 1.1687621315299754e-07
53400.056 9.383908088499549e-08
53450.056 4.2957675773991085e-08
53500.056 1.6796620752884255e-08
