galfind/configs/Brown_Dwarf_templates/sonora_bobcat/m0.0/1780g/sp_t400g1780nc_m0.0_resample.dat
# %ECSV 1.0
# ---
# datatype:
# - {name: wav, unit: Angstrom, datatype: float64}
# - {name: flux_nu, unit: erg / (cm2 Hz s), datatype: float64}
# meta: {C/O: '1.00', Kzz: '1.0000E+05', Teff: '400.', Y: '0.28', '[Fe/H]': '0.00', f_hole: '1.00', f_rain: '0.00', grav: '1780.'}
# schema: astropy-2.0
wav flux_nu
[from data line 499]
28950.056 6.108450359921404e-11
29000.056 4.072934712071131e-11
29050.056 8.046956240418985e-11
29100.056 2.6900484904815187e-11
29150.056 4.828453854223914e-11
29200.056 1.3860829411804618e-10
29250.056 1.1165064173388733e-10
29300.056 7.017390042561014e-11
29350.056 2.1809548807211266e-10
29400.056 8.614508877431716e-11
29450.056 3.434832239224875e-11
29500.056 2.3741660093024597e-10
29550.056 6.820834577892753e-11
29600.056 8.702174860942869e-11
29650.056 3.5594375865317746e-10
29700.056 4.8331503270957444e-11
29750.056 2.0268839197885696e-10
29800.056 1.1930176743398484e-10
29850.056 3.519450185235645e-10
29900.056 1.3573834249523673e-10
29950.056 1.2494817573856073e-10
30000.056 1.8023090070094302e-12
30050.056 2.1669489095677432e-11
30100.056 9.222771336566772e-11
30150.056 2.9177169618762857e-10
30200.056 1.8980330900466245e-10
30250.056 3.808512045642782e-10
30300.056 4.3263568422786105e-10
30350.056 8.6696645089281e-11
30400.056 5.094282128949542e-10
30450.056 3.9195642241162883e-10
30500.056 1.8888518512783853e-10
30550.056 1.4861114276612532e-10
30600.056 1.694890115447951e-09
30650.056 6.900281397469669e-10
30700.056 2.976712837987172e-10
30750.056 6.674605268604443e-10
30800.056 7.120530749955045e-10
30850.056 7.497754036736309e-10
30900.056 3.6513884684889075e-10
30950.056 2.8259127194298287e-10
31000.056 3.989807422029522e-10
31050.056 2.447097947072601e-10
31100.056 1.172127843520047e-10
31150.056 2.683937843368421e-10
31200.056 9.704762928599287e-10
31250.056 3.275764373089419e-10
31300.056 1.7913257301345136e-10
31350.056 6.184693450468721e-10
31400.056 3.427822635435633e-10
31450.056 3.9014295516953877e-10
31500.056 1.2217893363433326e-10
31550.056 2.703973601240331e-10
31600.056 1.848650089494064e-10
31650.056 1.347151118794538e-10
31700.056 1.2212898036003403e-10
31750.056 4.706374129613755e-11
31800.056 1.0484766108150872e-10
31850.056 1.7844187854841655e-11
31900.056 4.89965969710731e-11
31950.056 2.1849969835564685e-11
32000.056 1.6998242526640353e-11
32050.056 1.8225557712963005e-11
32100.056 1.46479759484436e-11
32150.056 1.5018602690902928e-11
32200.056 6.4270545246586135e-12
32250.056 1.5702091167504397e-11
32300.056 4.127425365681112e-12
32350.056 1.637937147821849e-11
32400.056 1.6943076608644744e-12
32450.056 1.095614723667717e-11
32500.056 1.8647336378309263e-12
32550.056 1.2390700474981262e-11
32600.056 1.6889947196758235e-12
32650.056 2.2565141520619134e-11
32700.056 2.8664728232001733e-12
32750.056 5.962479940551972e-11
32800.056 2.7466324591196463e-11
32850.056 1.3556363777003377e-10
32900.056 1.0884599477953081e-10
32950.056 1.2221306167313266e-10
33000.056 2.958954621254372e-11
33050.056 2.8241446888147193e-11
33100.056 4.5620846396907355e-12
33150.056 3.252634166752137e-15
33200.056 2.065705964082094e-13
33250.056 5.39309013200399e-13
33300.056 9.715244771938372e-12
33350.056 2.1011860320265642e-11
33400.056 8.255674706509414e-11
33450.056 1.906229751355907e-11
33500.056 1.0956532717602381e-10
33550.056 1.6127074763341144e-11
33600.056 4.4651386619985764e-11
33650.056 5.0355978715874394e-11
33700.056 9.313837938721742e-12
33750.056 6.404406523572107e-11
33800.056 3.4720127535993765e-12
33850.056 2.8884095614417183e-11
33900.056 2.7671318378774877e-11
33950.056 2.7323301856747158e-11
34000.056 6.873973676161846e-11
34050.056 1.0304882708777067e-11
34100.056 7.111194423074008e-11
34150.056 1.8728647229776832e-11
34200.056 8.170596477936203e-11
34250.056 3.829435732563917e-11
34300.056 4.41010209869588e-11
34350.056 1.7356402273847968e-10
34400.056 2.5837162456952744e-11
34450.056 1.4568338138343473e-10
34500.056 5.39051974888738e-11
34550.056 8.364415568167423e-11
34600.056 4.081091900510242e-10
34650.056 2.8028127866694853e-11
34700.056 2.7762902139840505e-10
34750.056 1.2379058868747544e-10
34800.056 8.182884586062417e-11
34850.056 3.8600552286853906e-10
34900.056 4.2083138593998e-11
34950.056 4.5489550659038484e-10
35000.056 5.244560753676315e-10
35050.056 3.4993260501791164e-10
35100.056 9.067927020848457e-10
35150.056 7.275981291008809e-10
35200.056 6.14946626469059e-10
35250.056 1.2009930076475792e-09
35300.056 2.4229986556886865e-10
35350.056 3.1830027596278954e-10
35400.056 2.1309701830421523e-10
35450.056 1.8682352040283995e-10
35500.056 8.496145074310001e-10
35550.056 5.140880555930147e-10
35600.056 8.71652155062363e-10
35650.056 9.434461231568967e-10
35700.056 1.0108831417296277e-09
35750.056 1.5228959524296993e-09
35800.056 6.102249978334377e-10
35850.056 3.581875848004195e-10
35900.056 5.898604724182958e-10
35950.056 1.0862596281480623e-09
36000.056 1.1973250228991495e-09
36050.056 8.17158513526562e-10
36100.056 7.490711292001269e-10
36150.056 2.5363148167418798e-09
36200.056 2.3824486542624594e-09
36250.056 1.2225321786414937e-09
36300.056 3.4511533486304175e-09
36350.056 2.1808624174772165e-09
36400.056 3.3390688983593627e-09
36450.056 2.11272383532208e-09
36500.056 2.320208375325268e-09
36550.056 5.299040978329995e-09
36600.056 6.228114234199247e-09
36650.056 2.901462037244185e-09
36700.056 3.4262463305473506e-09
36750.056 6.089875651601274e-09
36800.056 6.61286523457914e-09
36850.056 3.0463002173533168e-09
36900.056 3.905905292195003e-09
36950.056 7.3464632573487856e-09
37000.056 4.762371322313851e-09
37050.056 7.089202603612282e-09
37100.056 2.47038542357927e-09
37150.056 4.602296042186206e-09
37200.056 1.0182661823099726e-08
37250.056 4.4857212055008785e-09
37300.056 2.7522143510044083e-09
37350.056 5.699382935523003e-09
37400.056 9.321297157019408e-09
37450.056 3.7221075278715394e-09
37500.056 4.3625841176358e-09
37550.056 1.2129450243182372e-08
37600.056 1.832206555800005e-08
37650.056 4.261336124121614e-09
37700.056 8.551519148101153e-09
37750.056 6.343694892460181e-09
37800.056 7.335491843021152e-09
37850.056 3.9451690749698985e-09
37900.056 4.567955539009877e-09
37950.056 7.382213986900023e-09
38000.056 6.5404578938651965e-09
38050.056 1.0493166764701436e-08
38100.056 1.5252454241439657e-08
38150.056 1.7004035490898612e-08
38200.056 1.0847151886309884e-08
38250.056 1.4973761786291016e-08
38300.056 2.6142062564996122e-08
38350.056 1.9748917068603988e-08
38400.056 7.988421747185928e-09
38450.056 3.3942498999090435e-09
38500.056 3.203222029838671e-09
38550.056 1.1237370480601113e-08
38600.056 1.3154078502898208e-08
38650.056 1.2664337913879356e-08
38700.056 1.1701806372397882e-08
38750.056 1.2202626525699374e-08
38800.056 1.1825268794600074e-08
38850.056 1.4065958504701036e-08
38900.056 1.5721201869118064e-08
38950.056 1.023102354940129e-08
39000.056 1.6146577611397358e-08
39050.056 9.21237220040386e-09
39100.056 1.2426686262992994e-08
39150.056 2.039817777889951e-08
39200.056 1.5941183106499834e-08
39250.056 1.81770032317005e-08
39300.056 1.4411933576450253e-08
39350.056 2.6400798113600275e-08
39400.056 1.5608766104087683e-08
39450.056 2.3070570071341705e-08
39500.056 2.6337771417999123e-08
39550.056 1.20631202823971e-08
39600.056 1.9436151545002357e-08
39650.056 3.256650414199935e-08
39700.056 2.8291755149001176e-08
39750.056 1.1537791024890606e-08
39800.056 1.1502697598855675e-08
39850.056 3.2364847661002085e-08
39900.056 3.6032470775000914e-08
39950.056 1.7715934740700312e-08
40000.056 2.8259263977999954e-08
40050.056 2.9769831401998733e-08
40100.056 9.045663747977477e-09
40150.056 2.5977897718901687e-08
40200.056 3.1362368166997904e-08
40250.056 3.487877579499606e-08
40300.056 3.4531232254003014e-08
40350.056 1.7071287603005988e-08
40400.056 2.541380133901842e-08
40450.056 1.345645986279935e-08
40500.056 3.204163338799925e-08
40550.056 3.4690327784996046e-08
40600.056 3.5540904854999494e-08
40650.056 2.4649546123338257e-08
40700.056 4.397329793599941e-08
40750.056 3.172619132559785e-08
40800.056 1.9134390934497285e-08
40850.056 4.841900925600398e-08
40900.056 4.7023490604997386e-08
40950.056 3.070111059294076e-08
41000.056 2.970830103419912e-08
41050.056 5.240393010000024e-08
41100.056 4.51592422569965e-08
41150.056 1.6210261720599153e-08
41200.056 4.755874181980505e-08
41250.056 4.451785583309346e-08
41300.056 4.877036387700365e-08
41350.056 6.124383123599995e-08
41400.056 4.7738146829999195e-08
41450.056 5.8877985651000305e-08
41500.056 3.5342515186594246e-08
41550.056 3.264223150270545e-08
41600.056 3.5622816029799686e-08
41650.056 5.451396774500356e-08
41700.056 6.794291159399648e-08
41750.056 5.412600491900047e-08
41800.056 5.9287476665000206e-08
41850.056 4.469474206199704e-08
41900.056 3.818966403749212e-08
41950.056 4.129116498999885e-08
42000.056 2.556727263408944e-08
42050.056 2.9012122997803456e-08
42100.056 4.0255339083997595e-08
42150.056 4.0582740817998865e-08
42200.056 4.337408334399758e-08
42250.056 3.651445582610304e-08
42300.056 3.30649172419983e-08
42350.056 5.1391489207001254e-08
42400.056 5.9195125566001985e-08
42450.056 5.8758694717003264e-08
42500.056 6.251797641199869e-08
42550.056 5.5792583788998774e-08
42600.056 5.0646992885007864e-08
42650.056 6.994337696099484e-08
42700.056 3.889790183499463e-08
42750.056 4.8400555981005864e-08
42800.056 6.962194708900093e-08
42850.056 7.329179700699464e-08
42900.056 7.149732577700284e-08
42950.056 5.7632829332001035e-08
43000.056 6.615923771699848e-08
43050.056 3.7167036096000725e-08
43100.056 5.969001329800015e-08
43150.056 5.5071958656000546e-08
43200.056 6.526041339000232e-08
43250.056 9.001990388000146e-08
43300.056 7.838260238699753e-08
43350.056 4.560896931199833e-08
43400.056 6.552085862900195e-08
43450.056 5.0100270965001256e-08
43500.056 4.706936577500148e-08
43550.056 4.8081665175002396e-08
43600.056 7.573702494200016e-08
43650.056 4.2728281651996865e-08
43700.056 7.418187639400924e-08
43750.056 8.101685213599714e-08
43800.056 6.78186800559982e-08
43850.056 6.223904579400552e-08
43900.056 5.0984916419999284e-08
43950.056 3.864161259199816e-08
44000.056 3.6282131771999763e-08
44050.056 7.41589217840053e-08
44100.056 9.842301237600139e-08
44150.056 9.046092197699723e-08
44200.056 8.538829345500076e-08
44250.056 5.247065870099742e-08
44300.056 3.487792730900053e-08
44350.056 3.768910890860187e-08
44400.056 4.248419049299907e-08
44450.056 6.62014017140048e-08
44500.056 5.8044575829002304e-08
44550.056 7.942013261600044e-08
44600.056 6.210853700500105e-08
44650.056 6.754217252999634e-08
44700.056 4.7357724510995586e-08
44750.056 6.048571585600493e-08
44800.056 4.3586808004800516e-08
44850.056 6.297134486800282e-08
44900.056 5.8107303480998445e-08
44950.056 6.714132263700384e-08
45000.056 7.600827250599985e-08
45050.056 6.971803887499551e-08
45100.056 6.402792797300413e-08
45150.056 5.898196644799836e-08
45200.056 3.810558500950023e-08
45250.056 4.5796702094997016e-08
45300.056 4.529909751400217e-08
45350.056 3.173044692980337e-08
45400.056 8.329698610600297e-08
45450.056 7.334661467500522e-08
45500.056 8.349626496400335e-08
45550.056 9.13263228729924e-08
45600.056 8.269796711700242e-08
45650.056 7.176593158599485e-08
45700.056 3.9415221562596405e-08
45750.056 3.381347990520296e-08
45800.056 8.1734729570002e-08
45850.056 6.920948841400296e-08
45900.056 8.944300225899835e-08
45950.056 8.29302238409966e-08
46000.056 8.477901368100361e-08
46050.056 7.203344058700395e-08
46100.056 9.060662107799561e-08
46150.056 5.6727482856000105e-08
46200.056 4.3129405420994964e-08
46250.056 1.6247517610339525e-08
46300.056 5.3797432190003725e-08
46350.056 6.364782369400346e-08
46400.056 6.388548304400111e-08
46450.056 5.11187375006963e-08
46500.056 6.053966206200362e-08
46550.056 3.675746636249756e-08
46600.056 3.685091042889641e-08
46650.056 5.880606214500281e-08
46700.056 4.412906480999533e-08
46750.056 1.7870288626902372e-08
46800.056 1.1541185988998526e-08
46850.056 5.0062051127007086e-08
46900.056 6.949733177799901e-08
46950.056 6.954085506899802e-08
47000.056 7.045310494100251e-08
47050.056 4.5786499874690314e-08
47100.056 3.68957281430008e-08
47150.056 5.418638297700536e-08
47200.056 5.969707835999803e-08
47250.056 2.492726987769487e-08
47300.056 1.755542875384504e-08
47350.056 5.9300461164003426e-08
47400.056 6.65407544779988e-08
47450.056 4.250653208610263e-08
47500.056 7.35865478100017e-08
47550.056 6.464428957500124e-08
47600.056 5.168522822779551e-08
47650.056 5.913006761139729e-08
47700.056 4.72919826603055e-08
47750.056 3.566714341599994e-08
47800.056 2.4226974903000104e-08
47850.056 8.6789890721115e-09
47900.056 1.590822228192011e-08
47950.056 4.803080396300379e-08
48000.056 6.11344905069966e-08
48050.056 4.7514913995598914e-08
48100.056 2.280888512169997e-08
48150.056 4.220573888500214e-08
48200.056 2.8383754334257305e-08
48250.056 4.4171968506000744e-08
48300.056 5.6196036433999625e-08
48350.056 3.374301080999577e-08
48400.056 6.0929459204482675e-09
48450.056 1.2956604280683185e-08
48500.056 2.7693762505295837e-08
48550.056 3.3633906133406324e-08
48600.056 5.702417368500128e-08
48650.056 6.691498759799891e-08
48700.056 5.01611262780025e-08
48750.056 3.7376776811000985e-08
48800.056 5.287881616200119e-08
48850.056 2.5487843541496446e-08
48900.056 2.643492495879721e-08
48950.056 1.393742568829917e-08
49000.056 8.452593911432132e-09
49050.056 2.815474521179718e-08
49100.056 3.9372180564205795e-08
49150.056 3.2750540141099244e-08
49200.056 5.4220886698003565e-08
49250.056 5.7504378275e-08
49300.056 4.630187118699695e-08
49350.056 1.9203438499162416e-08
49400.056 2.4192664855905484e-08
49450.056 1.8970196975194005e-08
49500.056 1.550218381689715e-08
49550.056 2.3782142371399664e-09
49600.056 7.3794243936254376e-09
49650.056 2.604358370300229e-08
49700.056 3.52184688239986e-08
49750.056 2.7970828582297886e-08
49800.056 1.5055509669219948e-08
49850.056 3.91318027130035e-08
49900.056 4.354809663799956e-08
49950.056 3.844452340599838e-08
50000.056 2.3513584978446815e-08
50050.056 2.669835909040334e-08
50100.056 2.347500552099869e-08
50150.056 8.316860299528346e-09
50200.056 1.050180067381504e-09
50250.056 7.766953030499967e-09
50300.056 5.565278190617229e-09
50350.056 2.5563803327002532e-08
50400.056 3.35852355989994e-08
50450.056 2.5828283188600057e-08
50500.056 3.9690361785002216e-08
50550.056 4.31334741030002e-08
50600.056 2.697500588679386e-08
50650.056 4.0032909279003725e-08
50700.056 3.863962063199866e-08
50750.056 2.1598598538998886e-08
50800.056 5.637688209392603e-09
50850.056 2.317252155077179e-09
50900.056 2.003718055880219e-08
50950.056 2.426340067499814e-08
51000.056 1.6005200677703002e-08
51050.056 2.7097667915096613e-08
51100.056 1.0795435200000139e-08
51150.056 8.238403302992037e-09
51200.056 3.2125589880001015e-08
51250.056 2.6894287195997155e-08
51300.056 1.599176626440097e-08
51350.056 1.2855981055043573e-08
51400.056 3.045781389379676e-09
51450.056 2.539334787058214e-09
51500.056 2.339616567546923e-09
51550.056 1.1914199973801939e-08
51600.056 1.455461092500126e-08
51650.056 2.089101214919955e-08
51700.056 1.7128886555616778e-08
51750.056 1.3324068429072748e-08
51800.056 2.6421544283999434e-08
51850.056 1.97009230776989e-08
51900.056 1.8697069635000286e-08
51950.056 8.733231988398253e-09
52000.056 6.369312708607612e-10
52050.056 4.292664791400411e-09
52100.056 2.070900706699466e-09
52150.056 1.089564454174409e-09
52200.056 5.4440016614999326e-09
52250.056 1.081618253610154e-08
52300.056 1.2257992329499051e-08
52350.056 2.3539134931147236e-09
52400.056 2.836832493507079e-09
52450.056 1.4643221112301858e-08
52500.056 1.103011323188886e-08
52550.056 1.5796054804198467e-08
52600.056 1.3378260021681649e-08
52650.056 1.7194400808699657e-08
52700.056 8.848808321499511e-09
52750.056 2.624346345778998e-09
52800.056 5.5512990253010765e-09
52850.056 7.064219542598511e-09
52900.056 1.853716683083141e-09
52950.056 3.785101213020785e-09
53000.056 1.0292434206700315e-08
53050.056 3.323195847095786e-09
53100.056 1.5689734361401478e-08
53150.056 1.6795046932999496e-08
53200.056 6.294667068879553e-09
53250.056 1.3695464070300115e-08
53300.056 1.4052507035802031e-08
53350.056 1.2299260745799652e-08
53400.056 7.020189496899167e-09
53450.056 1.5518921153894907e-09
53500.056 2.6536990744293585e-10
53550.056 6.171650205649939e-10
