galfind/configs/Brown_Dwarf_templates/sonora_bobcat/m0.0/1780g/sp_t2300g1780nc_m0.0_resample.dat
# %ECSV 1.0
# ---
# datatype:
# - {name: wav, unit: Angstrom, datatype: float64}
# - {name: flux_nu, unit: erg / (cm2 Hz s), datatype: float64}
# meta: {C/O: '1.00', Kzz: '1.0000E+05', Teff: '2300.', Y: '0.28', '[Fe/H]': '0.00', f_hole: '1.00', f_rain: '0.00', grav: '1780.'}
# schema: astropy-2.0
wav flux_nu
[from data line 502]
29100.056 2.2975350929702727e-06
29150.056 3.0069916190700297e-06
29200.056 2.5943410534901827e-06
29250.056 2.790718472299884e-06
29300.056 2.4018551131693595e-06
29350.056 3.2471260712997815e-06
29400.056 2.726991769349885e-06
29450.056 2.66261194927997e-06
29500.056 2.7896238494498015e-06
29550.056 2.7414833787401713e-06
29600.056 2.985258108639768e-06
29650.056 2.7401041399499497e-06
29700.056 2.6436580204899365e-06
29750.056 3.080003715050647e-06
29800.056 3.102597265659698e-06
29850.056 2.8561196749697334e-06
29900.056 2.6738691060807395e-06
29950.056 3.2367414001195855e-06
30000.056 3.1009409503294297e-06
30050.056 2.901825218800093e-06
30100.056 2.518361061269422e-06
30150.056 3.5849349046999602e-06
30200.056 3.192849817250194e-06
30250.056 3.088724980250412e-06
30300.056 2.9589481070997698e-06
30350.056 3.1314860040405217e-06
30400.056 3.6021081924003754e-06
30450.056 2.8724178903303387e-06
30500.056 2.7945529175002395e-06
30550.056 3.5618969968003253e-06
30600.056 3.370025673110256e-06
30650.056 3.44047851270016e-06
30700.056 3.1308645173098153e-06
30750.056 3.1689584437899766e-06
30800.056 3.785488507550638e-06
30850.056 3.291017043759939e-06
30900.056 3.124471419899891e-06
30950.056 3.1406482052001487e-06
31000.056 3.70066022620002e-06
31050.056 3.4356886462000773e-06
31100.056 3.3654380182999886e-06
31150.056 3.496675046999532e-06
31200.056 3.4357708451996755e-06
31250.056 3.954142050400561e-06
31300.056 3.4487111463998183e-06
31350.056 3.463289710539983e-06
31400.056 3.58280778970053e-06
31450.056 3.604665599980068e-06
31500.056 3.665775335000214e-06
31550.056 3.4192879885999044e-06
31600.056 3.595994915419875e-06
31650.056 3.8021096493997815e-06
31700.056 3.685027288799921e-06
31750.056 3.494924329299992e-06
31800.056 3.802852145600177e-06
31850.056 4.108856625600154e-06
31900.056 4.0555779951996775e-06
31950.056 3.490055042199973e-06
32000.056 3.5569649082004344e-06
32050.056 4.007107558500407e-06
32100.056 4.115619092899592e-06
32150.056 4.096492320799881e-06
32200.056 3.949570921250016e-06
32250.056 3.817508794300095e-06
32300.056 4.033029786200029e-06
32350.056 4.329571535800639e-06
32400.056 3.957982415199891e-06
32450.056 3.9157219682002595e-06
32500.056 4.205985632600164e-06
32550.056 4.551017297499989e-06
32600.056 4.4246987549997425e-06
32650.056 4.323848445700652e-06
32700.056 4.216267808700218e-06
32750.056 4.26995182249999e-06
32800.056 3.959194833000297e-06
32850.056 4.582239797699666e-06
32900.056 4.4902277351000915e-06
32950.056 4.070017845899826e-06
33000.056 4.338232658200219e-06
33050.056 4.362991310499534e-06
33100.056 4.349637456399238e-06
33150.056 4.383263012699989e-06
33200.056 4.154387977900557e-06
33250.056 4.50031996740042e-06
33300.056 4.775230114400242e-06
33350.056 4.496812608799904e-06
33400.056 4.0961585779995936e-06
33450.056 4.338954968299265e-06
33500.056 4.626807917100111e-06
33550.056 4.3506537004996765e-06
33600.056 4.5019816731005176e-06
33650.056 4.628411039900736e-06
33700.056 4.735567983499609e-06
33750.056 4.68888210910006e-06
33800.056 4.485587094700172e-06
33850.056 4.579735426100303e-06
33900.056 5.099032439499474e-06
33950.056 4.618886778199571e-06
34000.056 4.63194954299939e-06
34050.056 4.778365943399974e-06
34100.056 4.73742329560057e-06
34150.056 4.708217395299387e-06
34200.056 4.628578118599619e-06
34250.056 5.0647179363995995e-06
34300.056 4.766977623799756e-06
34350.056 4.819187601099845e-06
34400.056 4.798985122899752e-06
34450.056 4.431673992000303e-06
34500.056 5.029325604600691e-06
34550.056 4.720065814699849e-06
34600.056 4.792893188799889e-06
34650.056 4.928636241100145e-06
34700.056 4.920632472299311e-06
34750.056 5.1383984503002265e-06
34800.056 5.005890870999739e-06
34850.056 4.727796819299885e-06
34900.056 4.924481752500058e-06
34950.056 4.90383803669947e-06
35000.056 4.749076754699645e-06
35050.056 5.432470374500585e-06
35100.056 5.019480506299597e-06
35150.056 5.125744382499766e-06
35200.056 5.040757924799926e-06
35250.056 4.825939174000444e-06
35300.056 5.11759123690034e-06
35350.056 5.2390700897998996e-06
35400.056 4.9350966665996154e-06
35450.056 4.978480281200193e-06
35500.056 5.287447883500004e-06
35550.056 5.144285663999785e-06
35600.056 4.931189145299362e-06
35650.056 5.387037842900451e-06
35700.056 5.023953976300229e-06
35750.056 5.074780986699655e-06
35800.056 5.322577545599738e-06
35850.056 5.235953356200102e-06
35900.056 5.515849687299729e-06
35950.056 5.239291779699702e-06
36000.056 5.0111105980995855e-06
36050.056 5.4785113698002905e-06
36100.056 5.621446190099678e-06
36150.056 4.981618582700487e-06
36200.056 5.442504414699677e-06
36250.056 5.206479489199538e-06
36300.056 5.686819872200383e-06
36350.056 5.340621496599447e-06
36400.056 5.392615627100013e-06
36450.056 5.754711535799706e-06
36500.056 5.351537818000214e-06
36550.056 5.349377167200559e-06
36600.056 5.254226428500233e-06
36650.056 5.475190311200303e-06
36700.056 5.788159761599951e-06
36750.056 5.220309912700318e-06
36800.056 5.477750802299886e-06
36850.056 5.653442601100111e-06
36900.056 5.553513691000431e-06
36950.056 5.531404733099982e-06
37000.056 5.639388466699904e-06
37050.056 5.766629609299779e-06
37100.056 5.571035360800388e-06
37150.056 5.614119939399328e-06
37200.056 5.677894109199958e-06
37250.056 5.743962029600019e-06
37300.056 5.814088835900617e-06
37350.056 5.460909086100462e-06
37400.056 5.71219333799992e-06
37450.056 5.584556099300184e-06
37500.056 5.877208267199757e-06
37550.056 5.695672656599357e-06
37600.056 5.921186928599678e-06
37650.056 5.616971891499811e-06
37700.056 5.822340595499996e-06
37750.056 5.8493241955996475e-06
37800.056 5.923234840899843e-06
37850.056 5.848379901799918e-06
37900.056 5.862961692200299e-06
37950.056 5.89024355750018e-06
38000.056 5.9167407978003395e-06
38050.056 5.856981269900293e-06
38100.056 5.6948377381002146e-06
38150.056 6.002485217799761e-06
38200.056 6.007719185599696e-06
38250.056 5.711442805300415e-06
38300.056 5.669193524099977e-06
38350.056 5.831572466999978e-06
38400.056 5.927802025099873e-06
38450.056 6.01807152710023e-06
38500.056 5.814727159799868e-06
38550.056 5.888774529200293e-06
38600.056 6.258865571899892e-06
38650.056 5.720371666300056e-06
38700.056 5.737184814700573e-06
38750.056 5.9870630721999494e-06
38800.056 5.884021079600561e-06
38850.056 5.941001530600042e-06
38900.056 5.693315156799939e-06
38950.056 5.9604197956999495e-06
39000.056 5.868231982100079e-06
39050.056 5.933411670399944e-06
39100.056 5.662971648800052e-06
39150.056 5.803834364000141e-06
39200.056 5.897081365400094e-06
39250.056 5.8749117933995685e-06
39300.056 5.8842851819995e-06
39350.056 5.82710549430033e-06
39400.056 5.786838257400096e-06
39450.056 5.841369237099934e-06
39500.056 5.688905605299827e-06
39550.056 5.613176683199398e-06
39600.056 5.967765104400024e-06
39650.056 5.5357081666001495e-06
39700.056 5.655302591799965e-06
39750.056 5.744580612099639e-06
39800.056 5.401796068300233e-06
39850.056 5.647466508699815e-06
39900.056 5.462624211399804e-06
39950.056 5.6637191576998224e-06
40000.056 5.325196334999763e-06
40050.056 5.173018670099968e-06
40100.056 5.431780825299887e-06
40150.056 5.149831280499326e-06
40200.056 5.355247184799875e-06
40250.056 5.141923872898931e-06
40300.056 5.058898581200346e-06
40350.056 5.181986177900137e-06
40400.056 5.191067994100081e-06
40450.056 4.905199606400321e-06
40500.056 4.696392084500156e-06
40550.056 5.241209334799643e-06
40600.056 4.655185979200288e-06
40650.056 4.989081326600461e-06
40700.056 5.175513725700067e-06
40750.056 4.654128727698991e-06
40800.056 4.623066753700135e-06
40850.056 4.365556086900804e-06
40900.056 4.402245416500389e-06
40950.056 4.585259362599949e-06
41000.056 4.702913331400041e-06
41050.056 4.686209942499325e-06
41100.056 4.393233130000017e-06
41150.056 4.709627716300075e-06
41200.056 4.479652965400083e-06
41250.056 4.554828476200198e-06
41300.056 4.05947190379965e-06
41350.056 4.573703812700101e-06
41400.056 4.323943282600179e-06
41450.056 4.333562292400157e-06
41500.056 4.525033634700228e-06
41550.056 4.41556725880012e-06
41600.056 4.373226999800092e-06
41650.056 4.162206079100341e-06
41700.056 4.03312674229973e-06
41750.056 4.308160580599899e-06
41800.056 4.324474163299833e-06
41850.056 3.8115374958003924e-06
41900.056 4.335153707799677e-06
41950.056 4.206924601100337e-06
42000.056 4.203456215100363e-06
42050.056 3.909765549199331e-06
42100.056 4.270297808600257e-06
42150.056 3.6405441184996333e-06
42200.056 3.703593019700201e-06
42250.056 4.219386538199841e-06
42300.056 3.8732743364000815e-06
42350.056 4.184800766200553e-06
42400.056 3.834024492700191e-06
42450.056 3.516043701200122e-06
42500.056 3.578690583000174e-06
42550.056 3.7132967784999223e-06
42600.056 3.7070535551003313e-06
42650.056 3.7676642500992e-06
42700.056 3.800075983400286e-06
42750.056 3.583405580899991e-06
42800.056 3.7512724859003376e-06
42850.056 3.911286730899665e-06
42900.056 3.8844079146002145e-06
42950.056 3.3343331774990523e-06
43000.056 3.5835059247000443e-06
43050.056 3.2765250289010195e-06
43100.056 3.4504200933998224e-06
43150.056 3.480017315400516e-06
43200.056 3.273917140899943e-06
43250.056 3.40139872360039e-06
43300.056 3.4009755469001654e-06
43350.056 3.124052184299513e-06
43400.056 3.136515615199904e-06
43450.056 3.097679044900361e-06
43500.056 3.058718670099618e-06
43550.056 3.0196598475999566e-06
43600.056 3.1874456822001853e-06
43650.056 2.8289088872600826e-06
43700.056 2.9075831190000197e-06
43750.056 2.9082467314001e-06
43800.056 2.7143963333999617e-06
43850.056 2.7523425247004064e-06
43900.056 2.8315809552799823e-06
43950.056 2.6604406087999992e-06
44000.056 2.4632977304000353e-06
44050.056 2.4415557342000817e-06
44100.056 2.5685149631003728e-06
44150.056 2.6969522077998813e-06
44200.056 2.438215937890147e-06
44250.056 2.46637490929991e-06
44300.056 2.3721447603003323e-06
44350.056 2.2499751058001982e-06
44400.056 2.3799687389998982e-06
44450.056 2.461394292900147e-06
44500.056 2.3626506557002435e-06
44550.056 2.1757151918796085e-06
44600.056 2.179617737550252e-06
44650.056 2.3741162049599214e-06
44700.056 2.2217578149601306e-06
44750.056 2.2665975197197582e-06
44800.056 2.2350635890599805e-06
44850.056 2.2497584567002e-06
44900.056 2.14415946970018e-06
44950.056 2.014956258220116e-06
45000.056 2.1911312586999768e-06
45050.056 2.1615954916497933e-06
45100.056 2.2494886531000486e-06
45150.056 2.0761599060100125e-06
45200.056 1.910309168429929e-06
45250.056 2.0111532871598478e-06
45300.056 2.205508990690074e-06
45350.056 2.215220563159801e-06
45400.056 2.069415369200228e-06
45450.056 1.9564784753497422e-06
45500.056 2.0329865450798414e-06
45550.056 2.2120802213999593e-06
45600.056 2.046151358099959e-06
45650.056 1.8997073847397116e-06
45700.056 2.1122098804001605e-06
45750.056 1.967143336080027e-06
45800.056 1.9349591396799203e-06
45850.056 2.282941247699999e-06
45900.056 2.1962470145399927e-06
45950.056 1.9696932833199792e-06
46000.056 2.3138598051600005e-06
46050.056 2.3723245186305507e-06
46100.056 1.935178993830135e-06
46150.056 2.0273439138798686e-06
46200.056 2.188265411540477e-06
46250.056 1.8585582357399945e-06
46300.056 2.374012887980009e-06
46350.056 2.047407708429844e-06
46400.056 2.1106552571398042e-06
46450.056 2.1203402839402874e-06
46500.056 1.9943406317498662e-06
46550.056 2.331072183240004e-06
46600.056 2.194430265080052e-06
46650.056 2.628527495919864e-06
46700.056 2.5619332456907653e-06
46750.056 2.0819906841700247e-06
46800.056 2.2253053426002908e-06
46850.056 2.34958120700019e-06
46900.056 2.2149295494796905e-06
46950.056 2.5715587822500423e-06
47000.056 2.175497791050028e-06
47050.056 2.453805929599829e-06
47100.056 2.005207233000063e-06
47150.056 2.289944742040189e-06
47200.056 2.3207950816805517e-06
47250.056 2.1833837616196685e-06
47300.056 2.354176798939581e-06
47350.056 1.9334474857398085e-06
47400.056 2.3109640244096356e-06
47450.056 2.219386591719923e-06
47500.056 2.2805451333197127e-06
47550.056 2.1474761405298352e-06
47600.056 2.382489327299811e-06
47650.056 1.830496576409652e-06
47700.056 2.4086360659999346e-06
47750.056 1.7533223066904083e-06
47800.056 2.3405202370998803e-06
47850.056 1.8005373850897706e-06
47900.056 2.3869256428000608e-06
47950.056 1.858495241720341e-06
48000.056 2.596339432299984e-06
48050.056 1.9826958768102683e-06
48100.056 2.215932138979923e-06
48150.056 1.962786782000203e-06
48200.056 2.387216565460234e-06
48250.056 1.98980537722004e-06
48300.056 2.5405922339998173e-06
48350.056 1.7778087047296473e-06
48400.056 2.3032698094999575e-06
48450.056 1.9016684014800815e-06
48500.056 2.5672857980800034e-06
48550.056 1.7655390951099795e-06
48600.056 2.4813121034998132e-06
48650.056 1.8173483002399899e-06
48700.056 2.4073570191001088e-06
48750.056 1.642660748070147e-06
48800.056 2.5023302585401525e-06
48850.056 1.7731301449096917e-06
48900.056 2.4162131539002033e-06
48950.056 2.0506745316000023e-06
49000.056 2.1163525739599937e-06
49050.056 2.249302830999873e-06
49100.056 2.0510458165201266e-06
49150.056 2.1091292651599397e-06
49200.056 2.029153870779881e-06
49250.056 2.0947364745500242e-06
49300.056 1.882339141079734e-06
49350.056 2.031815592599894e-06
49400.056 2.3299152898001054e-06
49450.056 1.9944826137804e-06
49500.056 2.055839942000179e-06
49550.056 1.8649583965998446e-06
49600.056 1.9799357439803e-06
49650.056 2.0774911432000516e-06
49700.056 1.7894064589998545e-06
49750.056 2.6794794740997583e-06
49800.056 1.9657903306200444e-06
49850.056 2.4840939514601128e-06
49900.056 2.0059055886800362e-06
49950.056 2.0644711428997163e-06
50000.056 2.0566486826995494e-06
50050.056 2.0509749938601325e-06
50100.056 2.246072892999899e-06
50150.056 1.9199303003400175e-06
50200.056 1.8306522386001619e-06
50250.056 2.0430533147801366e-06
50300.056 1.8774232473798847e-06
50350.056 2.284205314719941e-06
50400.056 1.9725805997998778e-06
50450.056 1.965316481220239e-06
50500.056 2.490778866000227e-06
50550.056 2.00162583183993e-06
50600.056 2.1702706355800076e-06
50650.056 2.0235688623003544e-06
50700.056 2.2970015565797012e-06
50750.056 2.3842866088202154e-06
50800.056 1.7301562458598017e-06
50850.056 2.101799834520182e-06
50900.056 2.170776994599904e-06
50950.056 2.1577103420503707e-06
51000.056 2.5254028912402143e-06
51050.056 1.995541359160181e-06
51100.056 1.9727076501999025e-06
51150.056 2.245897333489981e-06
51200.056 2.00385965841998e-06
51250.056 2.29145384544004e-06
51300.056 1.8822912803704248e-06
51350.056 2.2058473014999185e-06
51400.056 2.134811986599607e-06
51450.056 1.5751369008297643e-06
51500.056 2.151960001780102e-06
51550.056 2.584331790880164e-06
51600.056 1.7153016250799802e-06
51650.056 2.1623645114997354e-06
51700.056 1.988847106059424e-06
51750.056 1.909207871300057e-06
51800.056 2.295387190699661e-06
51850.056 2.1610039305997203e-06
51900.056 2.3381960269002174e-06
51950.056 2.140853802599822e-06
52000.056 1.8316169681399776e-06
52050.056 2.191143004499863e-06
52100.056 2.0706153921997474e-06
52150.056 2.0798609160001197e-06
52200.056 2.007792894440099e-06
52250.056 2.0230299384499417e-06
52300.056 2.2059009183599632e-06
52350.056 2.3319888066402e-06
52400.056 1.7659827123901574e-06
52450.056 2.0049408910800567e-06
52500.056 2.2817774369196175e-06
52550.056 2.0893583123996215e-06
52600.056 2.177654087440088e-06
52650.056 2.406038555780276e-06
52700.056 2.0084581123000923e-06
52750.056 1.8009357477198808e-06
52800.056 1.935360131300118e-06
52850.056 1.860790076939939e-06
52900.056 2.15227803984005e-06
52950.056 1.981738765099818e-06
53000.056 2.2651315226298752e-06
53050.056 2.093608177589644e-06
53100.056 1.964709044569774e-06
53150.056 2.357979400600313e-06
53200.056 1.6875198898802339e-06
53250.056 2.2432832971999955e-06
53300.056 2.2618452239005772e-06
53350.056 2.2683666464997275e-06
53400.056 2.0582730404001183e-06
53450.056 1.979867441500067e-06
53500.056 1.6848582728897846e-06
53550.056 2.1432126201799523e-06
53600.056 2.2258584871102833e-06
53650.056 1.8178275482602104e-06
53700.056 1.9289603180803202e-06
53750.056 2.164043492949949e-06
