galfind/configs/Brown_Dwarf_templates/sonora_bobcat/m0.0/1780g/sp_t200g1780nc_m0.0_resample.dat
# %ECSV 1.0
# ---
# datatype:
# - {name: wav, unit: Angstrom, datatype: float64}
# - {name: flux_nu, unit: erg / (cm2 Hz s), datatype: float64}
# meta: {C/O: '1.00', Kzz: '1.0000E+05', Teff: '200.', Y: '0.28', '[Fe/H]': '0.00', f_hole: '1.00', f_rain: '0.00', grav: '1780.'}
# schema: astropy-2.0
wav flux_nu
[from data line 499]
28950.056 3.714657712120013e-15
29000.056 3.418766735455899e-15
29050.056 7.91173990263889e-15
29100.056 1.6138754723051956e-16
29150.056 3.857206180704007e-16
29200.056 2.1825957380802006e-14
29250.056 6.121498618731121e-15
29300.056 8.00756741376374e-16
29350.056 1.1164427143888648e-14
29400.056 1.0747966330477576e-14
29450.056 1.5145358406839981e-15
29500.056 1.955287252303775e-14
29550.056 1.2862550649975804e-14
29600.056 1.543100163720235e-15
29650.056 1.2091113245960506e-14
29700.056 1.051679037815033e-14
29750.056 3.899007467263165e-14
29800.056 3.817679137329924e-15
29850.056 3.078650005249975e-14
29900.056 7.52444296750112e-15
29950.056 3.726751958493024e-15
30000.056 1.9222013032078896e-17
30050.056 5.6760308407132706e-15
30100.056 1.9535443057593865e-14
30150.056 2.1683716556421675e-14
30200.056 1.21094270619005e-13
30250.056 6.623152775583329e-14
30300.056 5.682980462498973e-14
30350.056 3.407816530887805e-14
30400.056 1.857183771950299e-13
30450.056 1.9966123298894805e-13
30500.056 1.7080663662148922e-14
30550.056 2.636458724874331e-14
30600.056 9.093101432349641e-13
30650.056 3.586870748806999e-13
30700.056 1.4800348157867638e-14
30750.056 1.9207067645120096e-13
30800.056 5.60586140136998e-13
30850.056 5.288434961700413e-13
30900.056 6.3995425528713e-14
30950.056 1.8224445904163214e-13
31000.056 2.383968033549776e-13
31050.056 3.264678590678833e-14
31100.056 7.513877849724956e-15
31150.056 1.2450145212267662e-13
31200.056 4.688149759249998e-13
31250.056 3.878832810429228e-13
31300.056 3.266880812165537e-14
31350.056 3.5789486803502316e-13
31400.056 2.817228338079985e-13
31450.056 2.1620021814098762e-13
31500.056 6.190034145000133e-14
31550.056 1.5898175806608738e-13
31600.056 1.0796873812880703e-13
31650.056 4.670908657749414e-14
31700.056 4.223937342180778e-14
31750.056 1.2686977574425911e-14
31800.056 1.9803683507897947e-14
31850.056 1.8296352537433157e-15
31900.056 5.0965560284532316e-15
31950.056 1.2464011671457554e-15
32000.056 1.0209315656154956e-15
32050.056 3.5258042047119626e-16
32100.056 2.157551209467014e-16
32150.056 9.035877600301436e-17
32200.056 1.9830373228765895e-17
32250.056 4.347232602525512e-17
32300.056 3.595358803513261e-18
32350.056 1.1001586781748045e-17
32400.056 5.5011111950315965e-19
32450.056 5.7242420121842096e-18
32500.056 4.396638229786576e-19
32550.056 2.999668602974046e-18
32600.056 1.653878727659528e-19
32650.056 3.26023260489012e-18
32700.056 2.071384404855805e-19
32750.056 9.103260856771558e-18
32800.056 1.6735279907435543e-18
32850.056 7.392958870120665e-17
32900.056 2.1582915395259958e-17
32950.056 9.114922928260281e-17
33000.056 1.976137123173404e-17
33050.056 5.2041692640213066e-18
33100.056 8.52258730292361e-19
33150.056 8.74966253709681e-21
33200.056 1.1473164173633607e-18
33250.056 2.269316904724162e-18
33300.056 7.909694370669531e-17
33350.056 1.32502502716293e-17
33400.056 1.395026699219897e-16
33450.056 2.216679242371641e-18
33500.056 4.7545371960003835e-17
33550.056 6.178596794294921e-18
33600.056 3.120159396651606e-17
33650.056 5.779194756273283e-17
33700.056 4.394078480225875e-18
33750.056 8.375613561793968e-17
33800.056 2.1598726054548602e-18
33850.056 4.457519079355075e-17
33900.056 5.117694368816313e-17
33950.056 1.110247391798859e-16
34000.056 5.094003448644533e-16
34050.056 6.110264631126863e-17
34100.056 9.42429047617708e-16
34150.056 2.5073565492530074e-16
34200.056 2.90426650401237e-15
34250.056 6.321380818868211e-16
34300.056 1.3384503211806617e-15
34350.056 1.535240362469031e-14
34400.056 8.508074399321342e-16
34450.056 5.984524261485155e-15
34500.056 1.0353278141602858e-15
34550.056 2.075680864380505e-14
34600.056 1.3822134999491334e-13
34650.056 1.3445661238588038e-15
34700.056 6.568310884748998e-14
34750.056 7.676063465077756e-15
34800.056 1.0361292616736344e-14
34850.056 2.725360945154802e-14
34900.056 6.827562274726383e-15
34950.056 5.856873003533247e-14
35000.056 3.912745434106985e-14
35050.056 1.9861252379923677e-13
35100.056 1.310556830773993e-13
35150.056 5.711087466901731e-13
35200.056 8.143405888720999e-13
35250.056 9.314822047249833e-13
35300.056 4.108745877312466e-14
35350.056 2.6156634249461667e-15
35400.056 1.2986251264916676e-15
35450.056 2.3278574274939865e-15
35500.056 5.090653910774675e-14
35550.056 1.0034922311011746e-13
35600.056 1.5348306321373395e-13
35650.056 1.1361311544728535e-13
35700.056 2.6812133502839467e-13
35750.056 2.1540867686836198e-13
35800.056 3.1212865954789525e-14
35850.056 2.502171485037033e-14
35900.056 1.1213627477688522e-13
35950.056 6.482145282421705e-13
36000.056 9.366747210280156e-13
36050.056 3.457273537313373e-13
36100.056 2.3895093897966056e-13
36150.056 4.834484885327273e-12
36200.056 1.832997488375846e-12
36250.056 4.5319610540618687e-13
36300.056 2.3184384711323275e-12
36350.056 2.531028511054937e-12
36400.056 2.5985172075798188e-12
36450.056 8.887687444270653e-13
36500.056 8.705365750511022e-13
36550.056 9.430549091000463e-12
36600.056 1.1046052990599851e-11
36650.056 1.7646552610492306e-12
36700.056 4.291565613694552e-12
36750.056 1.7703964596701965e-11
36800.056 1.4866330756097555e-11
36850.056 2.866791332212574e-12
36900.056 2.408916785382772e-12
36950.056 1.934593134549967e-11
37000.056 1.495635867827269e-11
37050.056 1.6962252379916165e-11
37100.056 1.0200834852546697e-12
37150.056 3.3568538325899928e-12
37200.056 3.792139384300331e-11
37250.056 1.2399165702467002e-11
37300.056 2.733761177260077e-12
37350.056 4.0745587747913446e-12
37400.056 1.2049433817028005e-11
37450.056 8.775486795099543e-12
37500.056 5.741716283831353e-12
37550.056 3.8066074412849824e-11
37600.056 8.371415960719161e-11
37650.056 5.542617857391572e-12
37700.056 1.833374555280143e-11
37750.056 1.7548866167098906e-11
37800.056 1.9243277873906008e-11
37850.056 1.7412092999599668e-11
37900.056 8.683298757949749e-12
37950.056 1.223412663567936e-11
38000.056 7.510556207343662e-12
38050.056 3.5247455933451665e-11
38100.056 6.587017624905385e-11
38150.056 7.324552328367642e-11
38200.056 3.421203500203279e-11
38250.056 7.401595624419126e-11
38300.056 2.0905465555377475e-10
38350.056 6.335914840120933e-11
38400.056 1.082234100238611e-11
38450.056 1.3070420920115318e-12
38500.056 6.972673512229682e-12
38550.056 6.251176580400791e-11
38600.056 1.1970893723899108e-10
38650.056 5.0941165437699e-11
38700.056 1.9091766012425972e-11
38750.056 5.715376859975856e-11
38800.056 5.942150626390138e-11
38850.056 7.263875219100766e-11
38900.056 5.220735290085616e-11
38950.056 3.9761255785511804e-11
39000.056 1.158797348899874e-10
39050.056 1.4020240972602005e-11
39100.056 1.666795129966169e-11
39150.056 9.769030742400383e-11
39200.056 1.204686777160001e-10
39250.056 6.425582516569938e-11
39300.056 6.386675009230737e-11
39350.056 2.4272153884000316e-10
39400.056 8.936043711359765e-11
39450.056 1.7545925885838802e-10
39500.056 2.3292590073198006e-10
39550.056 4.886937875360849e-11
39600.056 1.1202646705473461e-10
39650.056 4.1952624007001153e-10
39700.056 3.5651383898998516e-10
39750.056 5.326015671934606e-11
39800.056 2.07938722851023e-11
39850.056 2.5770608635603447e-10
39900.056 4.97676870479986e-10
39950.056 1.7463386481000563e-10
40000.056 2.747033031100192e-10
40050.056 2.4025405099997427e-10
40100.056 3.156401165825578e-11
40150.056 2.4480352929002755e-10
40200.056 4.0655585378998876e-10
40250.056 5.061642898499768e-10
40300.056 4.750594057200093e-10
40350.056 1.240182259153652e-10
40400.056 1.1129047670479642e-10
40450.056 6.580471542910875e-11
40500.056 3.644385977580382e-10
40550.056 5.584986061299858e-10
40600.056 7.376004618699907e-10
40650.056 3.169386804159598e-10
40700.056 4.5446930568000025e-10
40750.056 3.457971092099717e-10
40800.056 1.950592735680063e-10
40850.056 8.910542250000537e-10
40900.056 1.0177204539299605e-09
40950.056 4.037309433899602e-10
41000.056 3.2918110681598405e-10
41050.056 8.748537164200472e-10
41100.056 7.364570700799174e-10
41150.056 1.4457213341199303e-10
41200.056 8.278576372041147e-10
41250.056 9.866274509198972e-10
41300.056 1.0818178230901078e-09
41350.056 1.8831559725000285e-09
41400.056 1.6302486926999568e-09
41450.056 1.4848627156999836e-09
41500.056 6.86962992639922e-10
41550.056 5.814578387700576e-10
41600.056 7.649703138799887e-10
41650.056 1.6765321935001153e-09
41700.056 2.3856710911999725e-09
41750.056 2.042772648300028e-09
41800.056 2.110120574299959e-09
41850.056 1.1884419343899288e-09
41900.056 8.39341378119905e-10
41950.056 5.286400216099402e-10
42000.056 1.1697072174197722e-10
42050.056 2.4967951045002136e-10
42100.056 6.171858305300144e-10
42150.056 9.597492573500336e-10
42200.056 1.2643328593999998e-09
42250.056 1.0671464858800204e-09
42300.056 9.955384813499769e-10
42350.056 1.825260423960084e-09
42400.056 2.711572533000072e-09
42450.056 3.387987084800044e-09
42500.056 3.580943226599996e-09
42550.056 3.226109349999931e-09
42600.056 2.3224002554000495e-09
42650.056 2.422020176699838e-09
42700.056 1.3609404589500353e-09
42750.056 2.9333153702001635e-09
42800.056 4.185204722400048e-09
42850.056 4.3398569197999644e-09
42900.056 4.101236362199983e-09
42950.056 3.6070048705000138e-09
43000.056 3.673750116999965e-09
43050.056 2.4506533372997942e-09
43100.056 2.8500137484001398e-09
43150.056 3.576741141300069e-09
43200.056 4.414995929200038e-09
43250.056 4.633671159700003e-09
43300.056 4.337206121299931e-09
43350.056 3.6782601075999706e-09
43400.056 3.6332502647999417e-09
43450.056 2.577016395299941e-09
43500.056 1.921424395599997e-09
43550.056 2.928898511700109e-09
43600.056 4.009913447200007e-09
43650.056 3.294983303699936e-09
43700.056 4.006110447100207e-09
43750.056 4.6589910120999725e-09
43800.056 4.026921153099924e-09
43850.056 3.451668712499996e-09
43900.056 2.799683749200001e-09
43950.056 2.7138584276000213e-09
44000.056 3.1301700073000382e-09
44050.056 4.29361605330015e-09
44100.056 4.948488039300003e-09
44150.056 4.730041445099981e-09
44200.056 4.5127388700999586e-09
44250.056 3.6345998377999328e-09
44300.056 2.7236001129999267e-09
44350.056 2.3440614279000207e-09
44400.056 2.702652507500031e-09
44450.056 3.797695596600115e-09
44500.056 3.885446415599973e-09
44550.056 4.163737879600018e-09
44600.056 3.840780939399997e-09
44650.056 4.07368014909998e-09
44700.056 3.7227460668999316e-09
44750.056 3.913402059900037e-09
44800.056 3.225809519999923e-09
44850.056 3.53783150550009e-09
44900.056 4.01901905030003e-09
44950.056 4.471734031600067e-09
45000.056 4.700670441799991e-09
45050.056 4.265239457399905e-09
45100.056 4.0401909493000495e-09
45150.056 3.75335904199995e-09
45200.056 2.8936556364999475e-09
45250.056 3.114564472699995e-09
45300.056 2.8599738429999324e-09
45350.056 2.268199777300105e-09
45400.056 3.972475442200066e-09
45450.056 3.899316506700088e-09
45500.056 4.5544515290000645e-09
45550.056 4.523147367999904e-09
45600.056 4.38523926860003e-09
45650.056 4.0516906472998834e-09
45700.056 2.6718637426997806e-09
45750.056 2.5634517756001564e-09
45800.056 3.790009153499992e-09
45850.056 3.4480565727000933e-09
45900.056 4.5664097288000525e-09
45950.056 4.704978241199969e-09
46000.056 4.4543202951999785e-09
46050.056 3.915589187000041e-09
46100.056 4.220061850999942e-09
46150.056 3.496023139399949e-09
46200.056 2.3967652418997887e-09
46250.056 1.265224246960021e-09
46300.056 2.605573565900136e-09
46350.056 3.1912698780999986e-09
46400.056 3.3135720803000105e-09
46450.056 2.512177901799944e-09
46500.056 3.1733998312000195e-09
46550.056 2.3755643261998786e-09
46600.056 1.8215585995999881e-09
46650.056 2.5970155006000517e-09
46700.056 2.0797473420998643e-09
46750.056 1.0341158205299965e-09
46800.056 6.891846674499804e-10
46850.056 1.7713557498802274e-09
46900.056 2.9642461949000812e-09
46950.056 3.404059904600022e-09
47000.056 3.4801291912999854e-09
47050.056 2.4969406273998644e-09
47100.056 2.5289504682000284e-09
47150.056 2.6729408282000445e-09
47200.056 2.4940852069999015e-09
47250.056 1.1685370905498222e-09
47300.056 9.60616914180166e-10
47350.056 2.342443155000112e-09
47400.056 2.891581407199999e-09
47450.056 2.3261915459999815e-09
47500.056 2.902680141100108e-09
47550.056 3.066098964899965e-09
47600.056 2.112206878899926e-09
47650.056 2.2362896926999465e-09
47700.056 2.0342741542000604e-09
47750.056 1.765001395499935e-09
47800.056 9.497480939198928e-10
47850.056 4.2031308344003633e-10
47900.056 7.630728458600399e-10
47950.056 1.689239885400115e-09
48000.056 2.0277925123999333e-09
48050.056 1.8325394300000229e-09
48100.056 1.3476716111399664e-09
48150.056 1.770592641800014e-09
48200.056 1.083709405419919e-09
48250.056 1.4995184122000477e-09
48300.056 1.5268536369999553e-09
48350.056 9.226874248798999e-10
48400.056 3.033144659199566e-10
48450.056 3.9961324090006204e-10
48500.056 7.227258302999654e-10
48550.056 9.002946278701386e-10
48600.056 1.8116061573000589e-09
48650.056 2.1516455631000117e-09
48700.056 2.1399526065000037e-09
48750.056 2.0759433645999872e-09
48800.056 1.8413930738999482e-09
48850.056 1.0655851959799342e-09
48900.056 6.945639690599372e-10
48950.056 4.194839430299809e-10
49000.056 3.55485264570048e-10
49050.056 8.581924318600075e-10
49100.056 1.2396726962700926e-09
49150.056 1.4183569308000059e-09
49200.056 1.783916048800039e-09
49250.056 1.773033655499974e-09
49300.056 1.3323099588899186e-09
49350.056 7.955964562500413e-10
49400.056 8.17580084099927e-10
49450.056 6.387948975600412e-10
49500.056 4.711993712899512e-10
49550.056 2.0234138077998868e-10
49600.056 2.604997804400283e-10
49650.056 6.708224515700545e-10
49700.056 9.72850904310019e-10
49750.056 7.797055795099742e-10
49800.056 6.041807621300139e-10
49850.056 1.0849943434600523e-09
49900.056 1.2593546324999993e-09
49950.056 1.1234568929799702e-09
50000.056 6.440052686699274e-10
50050.056 5.74614499930047e-10
50100.056 5.508153976599744e-10
50150.056 2.7419673225996916e-10
50200.056 1.2118068976900778e-10
50250.056 2.6343423945000503e-10
50300.056 2.595872570800228e-10
50350.056 6.190477550900395e-10
50400.056 8.901698597300278e-10
50450.056 1.0396561071000069e-09
50500.056 1.1394705289000168e-09
50550.056 1.1674067859999808e-09
50600.056 9.096545866499864e-10
50650.056 1.033746733169997e-09
50700.056 8.567885380399648e-10
50750.056 5.650738862999694e-10
50800.056 2.355184211599639e-10
50850.056 1.797681839800245e-10
50900.056 4.663533280200364e-10
50950.056 5.872394725399791e-10
51000.056 4.992269797700445e-10
51050.056 7.601937794799867e-10
51100.056 5.700528872699685e-10
51150.056 3.6402858838002815e-10
51200.056 7.007240887600255e-10
51250.056 7.074929064999851e-10
51300.056 5.507208675099778e-10
51350.056 3.2145774502996336e-10
51400.056 1.890201554600078e-10
51450.056 1.488982437569815e-10
51500.056 1.6067206837302243e-10
51550.056 3.618562137800238e-10
51600.056 5.241343391600178e-10
51650.056 6.373972194400092e-10
51700.056 5.468378052099565e-10
51750.056 5.290873999100362e-10
51800.056 6.52303904739997e-10
51850.056 5.777010126499833e-10
51900.056 4.567956929099812e-10
51950.056 2.8201139262996837e-10
52000.056 1.261552078509951e-10
52050.056 2.0162858586000245e-10
52100.056 1.3985288518398616e-10
52150.056 1.0795491973101474e-10
52200.056 2.458851487800189e-10
52250.056 3.513958515300084e-10
52300.056 3.3905006537998626e-10
52350.056 1.7288679380999667e-10
52400.056 2.0602945907000671e-10
52450.056 3.80803536250023e-10
52500.056 3.5611072849999576e-10
52550.056 5.062103913300035e-10
52600.056 5.467104876800141e-10
52650.056 5.524749664999894e-10
52700.056 4.009131346499728e-10
52750.056 1.83718464639983e-10
52800.056 2.738453170900218e-10
52850.056 2.9194766966998877e-10
52900.056 1.4017989110297905e-10
52950.056 1.8918104860602043e-10
53000.056 3.294767294400068e-10
53050.056 2.630011610299989e-10
53100.056 4.096442127000197e-10
53150.056 3.5801122921998376e-10
53200.056 2.90176647609994e-10
53250.056 3.405452544800058e-10
53300.056 3.500260244099995e-10
53350.056 3.183739421999919e-10
53400.056 2.5063924817998866e-10
53450.056 1.461556856659851e-10
53500.056 7.631454043699706e-11
53550.056 1.0946993705800447e-10
53600.056 1.8304323642002128e-10
