galfind/configs/Brown_Dwarf_templates/sonora_bobcat/m0.0/1780g/sp_t1000g1780nc_m0.0_resample.dat
# %ECSV 1.0
# ---
# datatype:
# - {name: wav, unit: Angstrom, datatype: float64}
# - {name: flux_nu, unit: erg / (cm2 Hz s), datatype: float64}
# meta: {C/O: '1.00', Kzz: '1.0000E+05', Teff: '1000.', Y: '0.28', '[Fe/H]': '0.00', f_hole: '1.00', f_rain: '0.00', grav: '1780.'}
# schema: astropy-2.0
wav flux_nu
[from data line 499]
28950.056 8.704094216098514e-08
29000.056 7.230421457742521e-08
29050.056 8.282489578187482e-08
29100.056 5.815485653748014e-08
29150.056 1.0883347669320749e-07
29200.056 7.239703091847208e-08
29250.056 9.865843803694381e-08
29300.056 5.877176423690562e-08
29350.056 1.5860524786091175e-07
29400.056 8.299961307052361e-08
29450.056 8.975722864727201e-08
29500.056 1.0374386292868423e-07
29550.056 9.190391453620928e-08
29600.056 1.0659730857586454e-07
29650.056 1.0963038835789687e-07
29700.056 8.714818447983462e-08
29750.056 1.1659049295133546e-07
29800.056 1.1933906316071672e-07
29850.056 1.2586954892876943e-07
29900.056 1.260933005877601e-07
29950.056 1.2410723933985763e-07
30000.056 5.223557352146077e-08
30050.056 7.021043232520804e-08
30100.056 8.192242020259693e-08
30150.056 1.3340629386899402e-07
30200.056 1.069769152018014e-07
30250.056 1.6007416550601912e-07
30300.056 1.368911072550006e-07
30350.056 1.2119227597050484e-07
30400.056 1.547553805753073e-07
30450.056 1.0852874814231556e-07
30500.056 1.0209614095789958e-07
30550.056 1.0642477584680044e-07
30600.056 1.3422546747000373e-07
30650.056 1.0610461393999438e-07
30700.056 9.67898413611866e-08
30750.056 1.0334905798998548e-07
30800.056 9.459205025962027e-08
30850.056 8.54590288534785e-08
30900.056 7.731593716658351e-08
30950.056 6.846349789491478e-08
31000.056 6.857196035680834e-08
31050.056 7.81393227580004e-08
31100.056 5.421575525189944e-08
31150.056 6.710588977259553e-08
31200.056 7.908534475301314e-08
31250.056 5.493003334139585e-08
31300.056 5.3686344374620655e-08
31350.056 5.45329410230049e-08
31400.056 4.2490547330083364e-08
31450.056 4.955915494979007e-08
31500.056 3.5624820633412686e-08
31550.056 4.144705659131446e-08
31600.056 3.413664675875426e-08
31650.056 3.044820123460667e-08
31700.056 3.397198563079746e-08
31750.056 2.4957232888506116e-08
31800.056 3.5210154975595044e-08
31850.056 2.370582312147449e-08
31900.056 3.202257258250348e-08
31950.056 2.0504520773103187e-08
32000.056 2.774475912779623e-08
32050.056 2.77455008197121e-08
32100.056 2.542750266479049e-08
32150.056 3.07322186075982e-08
32200.056 2.358674651042123e-08
32250.056 3.562954674990872e-08
32300.056 2.1725486058234058e-08
32350.056 3.778576984820096e-08
32400.056 2.3053612988997778e-08
32450.056 3.5112995584190444e-08
32500.056 3.0577042691967694e-08
32550.056 3.2983613230996815e-08
32600.056 3.681231606112084e-08
32650.056 4.545555297068973e-08
32700.056 4.266609949260866e-08
32750.056 5.22031877294063e-08
32800.056 5.231914063768691e-08
32850.056 5.854071556289746e-08
32900.056 6.237006554801771e-08
32950.056 6.384654637489834e-08
33000.056 5.396262650658913e-08
33050.056 5.293776388200975e-08
33100.056 2.9331232754393028e-08
33150.056 5.462894688200812e-09
33200.056 6.143940466916583e-09
33250.056 4.8069899371984575e-09
33300.056 6.5903297595018426e-09
33350.056 1.1150351987800765e-08
33400.056 1.6524858777496616e-08
33450.056 2.185241244687944e-08
33500.056 3.489894610301028e-08
33550.056 2.97973745195065e-08
33600.056 4.450785918439515e-08
33650.056 4.8003127852005104e-08
33700.056 3.684836862847266e-08
33750.056 5.738998490800209e-08
33800.056 3.6172884894957395e-08
33850.056 4.860444313869494e-08
33900.056 3.967720405439788e-08
33950.056 4.240140106969298e-08
34000.056 5.2869553500008455e-08
34050.056 2.985101419179776e-08
34100.056 5.085344473720372e-08
34150.056 3.583836510516754e-08
34200.056 4.378960966138414e-08
34250.056 4.2947172363086744e-08
34300.056 3.4690005264235164e-08
34350.056 4.0260232941003774e-08
34400.056 3.072717253863648e-08
34450.056 4.609076964359027e-08
34500.056 4.099433265249922e-08
34550.056 2.9000465676000535e-08
34600.056 5.413134704599986e-08
34650.056 3.3222987245099285e-08
34700.056 4.574672737069881e-08
34750.056 4.429497862508735e-08
34800.056 3.606730776799618e-08
34850.056 5.136351641550336e-08
34900.056 4.4077664820185455e-08
34950.056 4.938435377399052e-08
35000.056 7.156870211300788e-08
35050.056 4.398143137360695e-08
35100.056 6.317530393299994e-08
35150.056 6.374432456440666e-08
35200.056 6.057294585120041e-08
35250.056 8.218341877657727e-08
35300.056 5.503222133010808e-08
35350.056 6.324107056108919e-08
35400.056 7.122658665200112e-08
35450.056 4.960226005172116e-08
35500.056 9.150453029799363e-08
35550.056 7.806241798399827e-08
35600.056 7.717466701202505e-08
35650.056 8.812174318501326e-08
35700.056 7.326286506959351e-08
35750.056 9.612825371099594e-08
35800.056 1.1402779836300248e-07
35850.056 7.495788210940043e-08
35900.056 1.0641884868350932e-07
35950.056 1.0486521918198697e-07
36000.056 1.0274043478001393e-07
36050.056 1.053720124299861e-07
36100.056 9.78807342677557e-08
36150.056 1.1682263837998926e-07
36200.056 1.299804006109835e-07
36250.056 1.1162703378878224e-07
36300.056 1.4290721611791182e-07
36350.056 1.3404757068400207e-07
36400.056 1.4063001642599202e-07
36450.056 1.4791001693179337e-07
36500.056 1.5103042688219268e-07
36550.056 1.7590156766503995e-07
36600.056 1.9405335642999246e-07
36650.056 1.7193553937297707e-07
36700.056 1.8267187423798413e-07
36750.056 2.0777014051002878e-07
36800.056 2.0815513207499498e-07
36850.056 1.9280966562196337e-07
36900.056 2.0496729771599203e-07
36950.056 2.324871401999746e-07
37000.056 2.148169719319896e-07
37050.056 2.3207540883601534e-07
37100.056 2.2470078873898772e-07
37150.056 2.2405715872302094e-07
37200.056 2.6115483565999266e-07
37250.056 2.3049754437195842e-07
37300.056 2.123751774094408e-07
37350.056 2.484063792090192e-07
37400.056 3.0719621437999235e-07
37450.056 2.4161151764940015e-07
37500.056 2.4762742184598767e-07
37550.056 3.1077814511008467e-07
37600.056 3.4192620432002153e-07
37650.056 2.490582998900319e-07
37700.056 3.224737556640257e-07
37750.056 2.662427716070274e-07
37800.056 2.98101564396078e-07
37850.056 2.4053565406500366e-07
37900.056 2.67167231340054e-07
37950.056 3.001551031619746e-07
38000.056 3.2958618435499103e-07
38050.056 3.2829716710204554e-07
38100.056 3.509920520280229e-07
38150.056 3.6887383927998933e-07
38200.056 3.6880451346602777e-07
38250.056 3.5389689791001067e-07
38300.056 4.2850207410994547e-07
38350.056 4.326695172600419e-07
38400.056 3.3543279025594174e-07
38450.056 3.483382986299394e-07
38500.056 2.9967490068005255e-07
38550.056 3.912384110700457e-07
38600.056 3.7710258600995763e-07
38650.056 4.007782719099787e-07
38700.056 4.2601902303000117e-07
38750.056 4.2470174104999257e-07
38800.056 3.871584192199452e-07
38850.056 4.2148322343002786e-07
38900.056 4.6316250394997387e-07
38950.056 4.11113841599995e-07
39000.056 4.4780737388997777e-07
39050.056 4.40171828100027e-07
39100.056 4.3523182971001883e-07
39150.056 4.7662110998999643e-07
39200.056 4.4279123431998616e-07
39250.056 4.947807429999871e-07
39300.056 4.671514318499476e-07
39350.056 5.227243277200216e-07
39400.056 4.819209494100324e-07
39450.056 5.033435561500015e-07
39500.056 5.113998422700068e-07
39550.056 4.809833950100762e-07
39600.056 5.274258164199443e-07
39650.056 5.69762044219989e-07
39700.056 5.391329190300372e-07
39750.056 4.709286783600729e-07
39800.056 5.036963272799736e-07
39850.056 6.00325140270006e-07
39900.056 5.920759279300001e-07
39950.056 5.652712278499706e-07
40000.056 6.135528251800196e-07
40050.056 5.846147177300134e-07
40100.056 5.111617771560243e-07
40150.056 6.081102128300164e-07
40200.056 6.270714194599319e-07
40250.056 6.038372322199129e-07
40300.056 6.123465826500448e-07
40350.056 5.770504895999643e-07
40400.056 6.437106016680131e-07
40450.056 5.85931315770022e-07
40500.056 6.342562685800191e-07
40550.056 6.746189156699537e-07
40600.056 6.25319169330025e-07
40650.056 6.150460535949247e-07
40700.056 7.471667106999817e-07
40750.056 6.176796146499066e-07
40800.056 5.583401121798662e-07
40850.056 7.075432217500625e-07
40900.056 6.995474060499963e-07
40950.056 6.299552033300027e-07
41000.056 6.530372284199909e-07
41050.056 7.182238073799486e-07
41100.056 6.514306107199516e-07
41150.056 5.519285742599656e-07
41200.056 7.004634726500079e-07
41250.056 6.509925177199764e-07
41300.056 5.915244923099414e-07
41350.056 7.20842245300023e-07
41400.056 6.538221634400436e-07
41450.056 6.976472340400119e-07
41500.056 5.994970460859513e-07
41550.056 5.731921137300723e-07
41600.056 6.380615184420449e-07
41650.056 6.718185493800288e-07
41700.056 6.102948236799326e-07
41750.056 6.235461659799737e-07
41800.056 7.297272433699996e-07
41850.056 5.021765318599982e-07
41900.056 6.041807351099153e-07
41950.056 6.681978345200449e-07
42000.056 6.519405950500028e-07
42050.056 5.51689356179988e-07
42100.056 7.32808640800019e-07
42150.056 5.318421453900153e-07
42200.056 5.341246932299715e-07
42250.056 5.981289532999778e-07
42300.056 5.527252632499862e-07
42350.056 6.303174195400682e-07
42400.056 6.258234943600432e-07
42450.056 5.21008453110042e-07
42500.056 5.380310566299927e-07
42550.056 5.076367722599974e-07
42600.056 5.716237516300693e-07
42650.056 6.887838664099113e-07
42700.056 5.68962863289922e-07
42750.056 4.968366879600512e-07
42800.056 5.720193246600341e-07
42850.056 6.318857311098908e-07
42900.056 6.627514600000636e-07
42950.056 5.191954649799027e-07
43000.056 6.008813212100041e-07
43050.056 4.122144308721337e-07
43100.056 5.550341223999608e-07
43150.056 5.014638034260352e-07
43200.056 5.447749329800067e-07
43250.056 6.934099331400372e-07
43300.056 6.722321045500177e-07
43350.056 4.359673579598987e-07
43400.056 5.591026485600118e-07
43450.056 4.770085469900757e-07
43500.056 5.184360710000011e-07
43550.056 5.150931352970114e-07
43600.056 6.264929872100493e-07
43650.056 4.427043735440068e-07
43700.056 6.525516386800468e-07
43750.056 5.929100615400353e-07
43800.056 5.572260483499371e-07
43850.056 5.043654207700832e-07
43900.056 5.455180522099611e-07
43950.056 4.171035147299517e-07
44000.056 3.736674680810131e-07
44050.056 5.705589879700136e-07
44100.056 6.703656458800383e-07
44150.056 6.756184369099678e-07
44200.056 5.929041582000116e-07
44250.056 4.499913495500003e-07
44300.056 3.9514571632806207e-07
44350.056 4.476762303860587e-07
44400.056 4.3204913170998003e-07
44450.056 5.349490479000057e-07
44500.056 5.117439993600868e-07
44550.056 6.117107700699665e-07
44600.056 5.5113312459803e-07
44650.056 5.502071410100095e-07
44700.056 4.333561845299717e-07
44750.056 5.071219788700622e-07
44800.056 4.786236508480435e-07
44850.056 5.787828226300585e-07
44900.056 4.654711637120238e-07
44950.056 4.954657508740267e-07
45000.056 5.313050169900089e-07
45050.056 5.257549429899837e-07
45100.056 5.367379284100184e-07
45150.056 5.203727316499843e-07
45200.056 4.234525442800254e-07
45250.056 4.683207263799211e-07
45300.056 4.531925278700436e-07
45350.056 4.3241941175397085e-07
45400.056 5.69613896930047e-07
45450.056 5.435415773099936e-07
45500.056 5.441739146700126e-07
45550.056 6.133230961099289e-07
45600.056 5.911412142700329e-07
45650.056 5.139813819699435e-07
45700.056 4.506420358360132e-07
45750.056 4.2489276392500017e-07
45800.056 5.938603894000098e-07
45850.056 6.051142237899928e-07
45900.056 6.225008947800233e-07
45950.056 5.073615864199888e-07
46000.056 6.003232904100491e-07
46050.056 5.321864755100114e-07
46100.056 6.07276730069975e-07
46150.056 4.879160798099801e-07
46200.056 4.713013814600244e-07
46250.056 3.308112020079626e-07
46300.056 5.243242041099886e-07
46350.056 5.144886696300244e-07
46400.056 5.189004443400213e-07
46450.056 4.7530560970000777e-07
46500.056 4.864844540000823e-07
46550.056 4.080561429100091e-07
46600.056 4.767150075459637e-07
46650.056 6.368384567800154e-07
46700.056 5.069478865399633e-07
46750.056 3.684042922330351e-07
46800.056 3.075619755140161e-07
46850.056 6.179847265100689e-07
46900.056 5.857818631499637e-07
46950.056 5.79217243749973e-07
47000.056 5.266445834000498e-07
47050.056 5.027727968818786e-07
47100.056 3.718302444000283e-07
47150.056 4.7478343998005476e-07
47200.056 5.495883233800009e-07
47250.056 4.077716215399688e-07
47300.056 3.198278856280147e-07
47350.056 5.745634569999917e-07
47400.056 5.601333656299648e-07
47450.056 5.056720119430435e-07
47500.056 5.811692757999702e-07
47550.056 5.112400512000096e-07
47600.056 5.365549578399591e-07
47650.056 4.840934226619334e-07
47700.056 4.822289781141053e-07
47750.056 3.7405911599800685e-07
47800.056 3.8917902149002374e-07
47850.056 2.872797049260101e-07
47900.056 3.58608365034965e-07
47950.056 4.893949178600108e-07
48000.056 6.010271306300217e-07
48050.056 5.362567812099851e-07
48100.056 3.485299700900068e-07
48150.056 4.3733542380002234e-07
48200.056 4.114332422559925e-07
48250.056 4.301859842900031e-07
48300.056 5.896840398499599e-07
48350.056 3.9098215392999273e-07
48400.056 2.488674880019603e-07
48450.056 3.9213522412107087e-07
48500.056 4.890080948999317e-07
48550.056 4.374239212020147e-07
48600.056 4.79214523190009e-07
48650.056 5.106467872899833e-07
48700.056 4.5904784761000867e-07
48750.056 2.95764133577095e-07
48800.056 5.285567259000249e-07
48850.056 3.6117328752793405e-07
48900.056 5.249180626799854e-07
48950.056 3.7726435014001305e-07
49000.056 2.5606451561799566e-07
49050.056 4.7403130564995314e-07
49100.056 4.821088807250571e-07
49150.056 4.114802467089962e-07
49200.056 5.106923591500467e-07
49250.056 4.893370841100387e-07
49300.056 4.3385254870598535e-07
49350.056 2.9145533889904714e-07
49400.056 3.939472399619404e-07
49450.056 3.983536192081001e-07
49500.056 3.4034348494997734e-07
49550.056 2.0129556106500501e-07
49600.056 3.1299117282204877e-07
49650.056 3.6376772952996983e-07
49700.056 3.662534815209198e-07
49750.056 4.655553508099577e-07
49800.056 3.6393913560800036e-07
49850.056 5.029273714700567e-07
49900.056 4.363683609199901e-07
49950.056 3.836325303599844e-07
50000.056 3.793531476299869e-07
50050.056 4.47045457969977e-07
50100.056 3.8281267743998866e-07
50150.056 2.630807287299815e-07
50200.056 1.4997442547202652e-07
50250.056 3.4591251651998265e-07
50300.056 2.8717186487002077e-07
50350.056 4.4116417757004256e-07
50400.056 3.9394762158998206e-07
50450.056 3.09010996170006e-07
50500.056 4.2783223225003463e-07
50550.056 4.078072889600149e-07
50600.056 3.1641259594393585e-07
50650.056 4.2602030382006843e-07
50700.056 4.7327786438995146e-07
50750.056 3.606123034240361e-07
50800.056 2.288717241669658e-07
50850.056 2.2028150467904992e-07
50900.056 4.463151982999883e-07
50950.056 3.647917274100242e-07
51000.056 3.89892439524027e-07
51050.056 3.8438608909997627e-07
51100.056 2.1726842620097243e-07
51150.056 2.8846644404801465e-07
51200.056 4.972872402499697e-07
51250.056 3.425104346979753e-07
51300.056 2.6359034179406344e-07
51350.056 3.2034373947996564e-07
51400.056 2.0235161596700708e-07
51450.056 1.7246301424996646e-07
51500.056 1.795116735830461e-07
51550.056 3.4868183931002377e-07
51600.056 2.5565800577301483e-07
51650.056 2.7601595314996416e-07
51700.056 3.18561265815952e-07
51750.056 2.3691117719001385e-07
51800.056 3.4833363948992774e-07
51850.056 3.047053052839874e-07
51900.056 4.3506670414003493e-07
51950.056 3.3078753831997414e-07
52000.056 1.3786742606097699e-07
52050.056 2.469941551490175e-07
52100.056 1.9760011500599412e-07
52150.056 1.7040856509101317e-07
52200.056 2.018282350929939e-07
52250.056 2.582371788310234e-07
52300.056 3.936117907199888e-07
52350.056 2.5374207391679844e-07
52400.056 2.0122532156401825e-07
52450.056 3.24501485500028e-07
52500.056 3.365254140439343e-07
52550.056 3.167758584199688e-07
52600.056 2.725436835620223e-07
52650.056 2.848193112250393e-07
52700.056 2.344844312370031e-07
52750.056 1.717661421409909e-07
52800.056 2.085913253620232e-07
52850.056 2.3089113444494155e-07
52900.056 2.080525527893662e-07
52950.056 2.3238952369600467e-07
53000.056 3.098882309580055e-07
53050.056 1.8088869252195355e-07
53100.056 2.771446301699847e-07
53150.056 3.618835668500225e-07
53200.056 1.6890940623798355e-07
53250.056 3.109903401600237e-07
53300.056 3.301524999321442e-07
53350.056 3.1830226920999165e-07
53400.056 3.02136559e-07
53450.056 1.74557732183987e-07
53500.056 1.0774705519577142e-07
53550.056 1.6597741987398685e-07
53600.056 2.555501072750375e-07
53650.056 1.9011799136398512e-07
