galfind/configs/Brown_Dwarf_templates/sonora_bobcat/m0.0/1780g/sp_t2000g1780nc_m0.0_resample.dat
# %ECSV 1.0
# ---
# datatype:
# - {name: wav, unit: Angstrom, datatype: float64}
# - {name: flux_nu, unit: erg / (cm2 Hz s), datatype: float64}
# meta: {C/O: '1.00', Kzz: '1.0000E+05', Teff: '2000.', Y: '0.28', '[Fe/H]': '0.00', f_hole: '1.00', f_rain: '0.00', grav: '1780.'}
# schema: astropy-2.0
wav flux_nu
[from data line 498]
28900.056 1.2186084338099848e-06
28950.056 1.8437529462299142e-06
29000.056 1.5545593193196622e-06
29050.056 1.6752794483900725e-06
29100.056 1.3121756471901735e-06
29150.056 1.796120444440046e-06
29200.056 1.4939740002100993e-06
29250.056 1.659502651559932e-06
29300.056 1.3556815869596677e-06
29350.056 2.0080749898998545e-06
29400.056 1.613006085399916e-06
29450.056 1.595139935549971e-06
29500.056 1.6573589030698945e-06
29550.056 1.6376405936600642e-06
29600.056 1.8086029305897035e-06
29650.056 1.6339299795599482e-06
29700.056 1.5868179334399078e-06
29750.056 1.8422011116903655e-06
29800.056 1.8944127561897702e-06
29850.056 1.7338473342998181e-06
29900.056 1.651703582080527e-06
29950.056 1.997509157949743e-06
30000.056 1.905256249839702e-06
30050.056 1.7607385137700306e-06
30100.056 1.5563109807596292e-06
30150.056 2.242905488179989e-06
30200.056 1.94015180046012e-06
30250.056 1.9494892448502687e-06
30300.056 1.8214734594698348e-06
30350.056 1.9375272870002957e-06
30400.056 2.267979150340264e-06
30450.056 1.7810232498702234e-06
30500.056 1.7014352909501254e-06
30550.056 2.1737523121602168e-06
30600.056 2.083096505460143e-06
30650.056 2.144992432440052e-06
30700.056 1.932703833629833e-06
30750.056 1.9610999489799582e-06
30800.056 2.3074720319003467e-06
30850.056 1.9698154288498737e-06
30900.056 1.8710345690698742e-06
30950.056 1.8262086572701613e-06
31000.056 2.1803192855800317e-06
31050.056 2.099544873940025e-06
31100.056 1.9008145283499697e-06
31150.056 2.040467887619659e-06
31200.056 2.0331949664498495e-06
31250.056 2.235486974730188e-06
31300.056 1.9944414566498157e-06
31350.056 1.9892953434999734e-06
31400.056 1.952423769900401e-06
31450.056 2.0350987300599336e-06
31500.056 2.0092405092999857e-06
31550.056 1.935008840479957e-06
31600.056 1.9290474906699008e-06
31650.056 2.048208373069887e-06
31700.056 1.998701335999893e-06
31750.056 1.8651273607002054e-06
31800.056 2.1223817556999556e-06
31850.056 2.148283886060246e-06
31900.056 2.312845835329921e-06
31950.056 1.8317171066700187e-06
32000.056 1.9272964242499974e-06
32050.056 2.2040346235102826e-06
32100.056 2.2496347165997537e-06
32150.056 2.3551558429998826e-06
32200.056 2.1889316431799437e-06
32250.056 2.252154887150164e-06
32300.056 2.1879895350399875e-06
32350.056 2.5800986495004505e-06
32400.056 2.197653580530013e-06
32450.056 2.327359339449955e-06
32500.056 2.4681945267002864e-06
32550.056 2.7855364064999773e-06
32600.056 2.6730353464198714e-06
32650.056 2.6944833482504024e-06
32700.056 2.6172721404002528e-06
32750.056 2.6333740026699865e-06
32800.056 2.442222746240269e-06
32850.056 2.909486879209747e-06
32900.056 2.888859635660075e-06
32950.056 2.5776856987298924e-06
33000.056 2.701182031700128e-06
33050.056 2.6650141944397265e-06
33100.056 2.5950999231096334e-06
33150.056 2.0270769990302003e-06
33200.056 1.6394938242896643e-06
33250.056 1.6315593860695467e-06
33300.056 1.5955553086203683e-06
33350.056 1.6946500893700462e-06
33400.056 1.6632154032998167e-06
33450.056 1.8213926394597461e-06
33500.056 2.241873426500197e-06
33550.056 2.1819448280599795e-06
33600.056 2.4339568232602743e-06
33650.056 2.6896672830005153e-06
33700.056 2.6780150216198297e-06
33750.056 2.876372661259972e-06
33800.056 2.6399287914198275e-06
33850.056 2.8204125330602196e-06
33900.056 3.0915830523996485e-06
33950.056 2.8183598163998558e-06
34000.056 2.8755480802495865e-06
34050.056 2.821932463939638e-06
34100.056 2.945417906520315e-06
34150.056 2.803009572799419e-06
34200.056 2.774867941139571e-06
34250.056 3.0998392215997495e-06
34300.056 2.668567876949136e-06
34350.056 2.8282652642000496e-06
34400.056 2.7577055851500126e-06
34450.056 2.634421910220154e-06
34500.056 3.1290108820003027e-06
34550.056 2.703700806999898e-06
34600.056 2.9474328583800085e-06
34650.056 2.967261111400114e-06
34700.056 3.0038479992995613e-06
34750.056 3.2409709869002295e-06
34800.056 2.9774770154897956e-06
34850.056 2.890175645540049e-06
34900.056 2.9380226305401637e-06
34950.056 2.9511893071996004e-06
35000.056 2.977686504549922e-06
35050.056 3.3988822104005566e-06
35100.056 3.072783355699765e-06
35150.056 3.2135605993399384e-06
35200.056 3.171918296000002e-06
35250.056 3.1401680831001705e-06
35300.056 3.178577061200079e-06
35350.056 3.3243353783999324e-06
35400.056 3.1196681660999655e-06
35450.056 3.0155419301003226e-06
35500.056 3.4784561616999227e-06
35550.056 3.3352308614998946e-06
35600.056 3.122826541099773e-06
35650.056 3.580007245100276e-06
35700.056 3.184047474600128e-06
35750.056 3.321656881099722e-06
35800.056 3.6144016137998438e-06
35850.056 3.3909109322001732e-06
35900.056 3.781332537099832e-06
35950.056 3.5035764914998847e-06
36000.056 3.36412194109989e-06
36050.056 3.7928307430002924e-06
36100.056 3.833255661799324e-06
36150.056 3.3850410058004192e-06
36200.056 3.818128655799777e-06
36250.056 3.5622427483997432e-06
36300.056 4.010178778200231e-06
36350.056 3.7213538463996735e-06
36400.056 3.7704307843000638e-06
36450.056 4.139029284299725e-06
36500.056 3.7986052915001227e-06
36550.056 3.814437913300526e-06
36600.056 3.7677054475001085e-06
36650.056 3.934895852500063e-06
36700.056 4.2218689687999145e-06
36750.056 3.767027989200133e-06
36800.056 3.984890204199912e-06
36850.056 4.163023144300155e-06
36900.056 4.058827054900291e-06
36950.056 4.056083441899896e-06
37000.056 4.168686211299891e-06
37050.056 4.261073231799824e-06
37100.056 4.150316646400283e-06
37150.056 4.199687484099583e-06
37200.056 4.268453869499963e-06
37250.056 4.314722441899974e-06
37300.056 4.373940936500377e-06
37350.056 4.082177829900378e-06
37400.056 4.295480815499931e-06
37450.056 4.153594081000149e-06
37500.056 4.420556364599794e-06
37550.056 4.308790378199583e-06
37600.056 4.49829154879983e-06
37650.056 4.280785916599905e-06
37700.056 4.466187052999947e-06
37750.056 4.45492981469989e-06
37800.056 4.5281445102998766e-06
37850.056 4.4377356488999255e-06
37900.056 4.460289983500252e-06
37950.056 4.493701848400092e-06
38000.056 4.551691569900226e-06
38050.056 4.500340703700203e-06
38100.056 4.3291889491002e-06
38150.056 4.634186627899903e-06
38200.056 4.6150463395998445e-06
38250.056 4.361347144900291e-06
38300.056 4.3355838851999755e-06
38350.056 4.479543857899974e-06
38400.056 4.563351679999873e-06
38450.056 4.698598938500105e-06
38500.056 4.483863957099929e-06
38550.056 4.561709246800194e-06
38600.056 4.893596323499939e-06
38650.056 4.456055987299997e-06
38700.056 4.445579402300421e-06
38750.056 4.665732835299979e-06
38800.056 4.583286715300332e-06
38850.056 4.598134357200015e-06
38900.056 4.391125778399913e-06
38950.056 4.663085628299979e-06
39000.056 4.561603070000088e-06
39050.056 4.637416401199931e-06
39100.056 4.386417813000092e-06
39150.056 4.5394859832000895e-06
39200.056 4.613106880400042e-06
39250.056 4.572349581799661e-06
39300.056 4.5725067907996755e-06
39350.056 4.546367051300237e-06
39400.056 4.515485607100084e-06
39450.056 4.5731748835999316e-06
39500.056 4.416203179199817e-06
39550.056 4.36611598979964e-06
39600.056 4.680111668799966e-06
39650.056 4.293430156800094e-06
39700.056 4.384383210799952e-06
39750.056 4.430244268599737e-06
39800.056 4.143943466000146e-06
39850.056 4.391923629799853e-06
39900.056 4.228979979699944e-06
39950.056 4.399873663999859e-06
40000.056 4.049935261099863e-06
40050.056 3.967446213999982e-06
40100.056 4.202032141499903e-06
40150.056 3.956590759399546e-06
40200.056 4.1200524490998935e-06
40250.056 3.852685625199215e-06
40300.056 3.8543701254002864e-06
40350.056 3.985078426900151e-06
40400.056 3.963927538500052e-06
40450.056 3.768638909700117e-06
40500.056 3.538682627000212e-06
40550.056 4.007074757999718e-06
40600.056 3.447582539700211e-06
40650.056 3.7919595822002094e-06
40700.056 3.940074981500043e-06
40750.056 3.4872790717991837e-06
40800.056 3.4630943106999993e-06
40850.056 3.2768898461005404e-06
40900.056 3.34918275150021e-06
40950.056 3.4473029489999483e-06
41000.056 3.5175637175999627e-06
41050.056 3.4945011127995487e-06
41100.056 3.2585442566999336e-06
41150.056 3.5287269164999904e-06
41200.056 3.335555557300077e-06
41250.056 3.385731508800156e-06
41300.056 2.9631659657996677e-06
41350.056 3.396031050500062e-06
41400.056 3.1617864740002196e-06
41450.056 3.2204439296001873e-06
41500.056 3.349126385700181e-06
41550.056 3.2323316571800715e-06
41600.056 3.172694567000114e-06
41650.056 3.063723148000255e-06
41700.056 2.9287882674998004e-06
41750.056 3.1148873173998496e-06
41800.056 3.210168284999796e-06
41850.056 2.665604756100301e-06
41900.056 3.140393873499863e-06
41950.056 3.0615648706003713e-06
42000.056 3.002995647880387e-06
42050.056 2.7430663087995722e-06
42100.056 3.0635386176002188e-06
42150.056 2.4553441855996846e-06
42200.056 2.532951446410173e-06
42250.056 2.9624954425198692e-06
42300.056 2.62118998540008e-06
42350.056 2.918985437460399e-06
42400.056 2.621063000800253e-06
42450.056 2.3599910978000756e-06
42500.056 2.44545168570015e-06
42550.056 2.492843345799972e-06
42600.056 2.5295217046002063e-06
42650.056 2.549394286499312e-06
42700.056 2.60003426320025e-06
42750.056 2.4191607560999753e-06
42800.056 2.526518093740442e-06
42850.056 2.6826100888996546e-06
42900.056 2.663962129060104e-06
42950.056 2.2941676147993243e-06
43000.056 2.455013278639984e-06
43050.056 2.1861337757807415e-06
43100.056 2.3566146060999946e-06
43150.056 2.341525751220274e-06
43200.056 2.2039581705000587e-06
43250.056 2.2835377683199887e-06
43300.056 2.3157541148001324e-06
43350.056 2.03912554893973e-06
43400.056 2.1012327617899624e-06
43450.056 2.040102941260243e-06
43500.056 2.035996999899807e-06
43550.056 2.0162226948200188e-06
43600.056 2.1332967989001207e-06
43650.056 1.8489953898000261e-06
43700.056 1.9264325960998973e-06
43750.056 1.9188872520701325e-06
43800.056 1.7725685681400218e-06
43850.056 1.7857741905802704e-06
43900.056 1.845972179099951e-06
43950.056 1.7047891980799893e-06
44000.056 1.5778481867300478e-06
44050.056 1.575660969300052e-06
44100.056 1.6624086460102042e-06
44150.056 1.727168877489923e-06
44200.056 1.5773162743000636e-06
44250.056 1.580640003549982e-06
44300.056 1.5263664687701408e-06
44350.056 1.4460475662301073e-06
44400.056 1.5262827353699275e-06
44450.056 1.5524090192200722e-06
44500.056 1.4935266149101222e-06
44550.056 1.388802870719792e-06
44600.056 1.3873169734801486e-06
44650.056 1.4980160684199955e-06
44700.056 1.4026172883300584e-06
44750.056 1.4230418939998728e-06
44800.056 1.4040622927399583e-06
44850.056 1.3975392553801312e-06
44900.056 1.3379768795201013e-06
44950.056 1.2777307491000677e-06
45000.056 1.3653199702299761e-06
45050.056 1.3633293679999074e-06
45100.056 1.4091179520200286e-06
45150.056 1.284758758080003e-06
45200.056 1.1944442654399905e-06
45250.056 1.2520116648799228e-06
45300.056 1.3710038498800363e-06
45350.056 1.3907349560699059e-06
45400.056 1.2910844763601356e-06
45450.056 1.2241417278698483e-06
45500.056 1.2822171306199208e-06
45550.056 1.3705645295800041e-06
45600.056 1.2620713571999742e-06
45650.056 1.1772144479398327e-06
45700.056 1.3381312188500756e-06
45750.056 1.2217602216900474e-06
45800.056 1.2061576645799452e-06
45850.056 1.43063721314997e-06
45900.056 1.3873930209400163e-06
45950.056 1.2341106097199926e-06
46000.056 1.447197367170012e-06
46050.056 1.472527883100317e-06
46100.056 1.1972239505200892e-06
46150.056 1.3058080581499063e-06
46200.056 1.3741572489702636e-06
46250.056 1.1655998140600124e-06
46300.056 1.4910019735700045e-06
46350.056 1.3104946460399023e-06
46400.056 1.32700328388989e-06
46450.056 1.3700819721301346e-06
46500.056 1.254438253099908e-06
46550.056 1.5188400952700185e-06
46600.056 1.4152099960900801e-06
46650.056 1.7562672296998223e-06
46700.056 1.700581489790531e-06
46750.056 1.3489344361900078e-06
46800.056 1.4296063668501547e-06
46850.056 1.544703573770174e-06
46900.056 1.4321467662698103e-06
46950.056 1.6722256875799808e-06
47000.056 1.3694842272500192e-06
47050.056 1.6403444157998863e-06
47100.056 1.2651753270900717e-06
47150.056 1.4485208669700855e-06
47200.056 1.539583893340306e-06
47250.056 1.3828562870798605e-06
47300.056 1.4678924466497732e-06
47350.056 1.2323901467498906e-06
47400.056 1.5097423261898014e-06
47450.056 1.3355699051899227e-06
47500.056 1.5080506987098556e-06
47550.056 1.3351666321899256e-06
47600.056 1.5327558666298818e-06
47650.056 1.1695121462298235e-06
47700.056 1.5558440950999983e-06
47750.056 1.1143734120402167e-06
47800.056 1.5146718522199222e-06
47850.056 1.1497645333299257e-06
47900.056 1.5021827977700437e-06
47950.056 1.1895653676501711e-06
48000.056 1.676879882999971e-06
48050.056 1.277585372910148e-06
48100.056 1.4544444995099517e-06
48150.056 1.2734361897501542e-06
48200.056 1.5233971933001095e-06
48250.056 1.2691203185900595e-06
48300.056 1.6447029630298377e-06
48350.056 1.1591045047698438e-06
48400.056 1.4707231288899748e-06
48450.056 1.1985995892900297e-06
48500.056 1.6701951204600177e-06
48550.056 1.1404630598899833e-06
48600.056 1.5968160799998956e-06
48650.056 1.180351056099979e-06
48700.056 1.5873692462100981e-06
48750.056 1.0710207321500555e-06
48800.056 1.644715709330081e-06
48850.056 1.1488266471297971e-06
48900.056 1.5853958102001343e-06
48950.056 1.3374305158799763e-06
49000.056 1.3626742336199761e-06
49050.056 1.4831504972499363e-06
49100.056 1.3288214578200824e-06
49150.056 1.4063613702599382e-06
49200.056 1.2928681855699378e-06
49250.056 1.4038380910600076e-06
49300.056 1.2292498507998755e-06
49350.056 1.3490386575199512e-06
49400.056 1.5266382576100284e-06
49450.056 1.3062661502502533e-06
49500.056 1.3740955253100484e-06
49550.056 1.2153148117699052e-06
49600.056 1.323243820050211e-06
49650.056 1.3904438773199626e-06
49700.056 1.2023129774099098e-06
49750.056 1.8254054755998702e-06
49800.056 1.2932196300700242e-06
49850.056 1.6883703165601002e-06
49900.056 1.3493027702600148e-06
49950.056 1.3974385395898355e-06
50000.056 1.4082937112297082e-06
50050.056 1.3624033907900862e-06
50100.056 1.5539954979099192e-06
50150.056 1.2711300415500164e-06
50200.056 1.2283719795101295e-06
50250.056 1.4277499304300509e-06
50300.056 1.276902939419957e-06
50350.056 1.6067671207199672e-06
50400.056 1.3266798137598837e-06
50450.056 1.3522568098201681e-06
50500.056 1.7030578854601528e-06
50550.056 1.3754090353599893e-06
50600.056 1.5078937494799503e-06
50650.056 1.391614921200189e-06
50700.056 1.5961961030998339e-06
50750.056 1.6917215674201567e-06
50800.056 1.1699569855098507e-06
50850.056 1.4492325800601307e-06
50900.056 1.5492512644699173e-06
50950.056 1.5113419187902623e-06
51000.056 1.813567126460143e-06
51050.056 1.3868406579100958e-06
51100.056 1.3541711621699185e-06
51150.056 1.551096383619948e-06
51200.056 1.4302294996800061e-06
51250.056 1.6170944334300174e-06
51300.056 1.2851374337002986e-06
51350.056 1.5416447008998875e-06
51400.056 1.4441444478697796e-06
51450.056 1.080284288609839e-06
51500.056 1.4468488745200963e-06
51550.056 1.8383131874001154e-06
51600.056 1.2047463502900263e-06
51650.056 1.5014291925498173e-06
51700.056 1.4226587415696147e-06
51750.056 1.3200257642200519e-06
51800.056 1.647914648379735e-06
51850.056 1.5237221350798103e-06
51900.056 1.6734441067001624e-06
51950.056 1.541273064099886e-06
52000.056 1.2534711536899583e-06
52050.056 1.5140423346999241e-06
52100.056 1.407716238179855e-06
52150.056 1.410836516370056e-06
52200.056 1.3669268117300498e-06
52250.056 1.424548983259969e-06
52300.056 1.6172213447699736e-06
52350.056 1.6549393361401312e-06
52400.056 1.2283852071101462e-06
52450.056 1.4166720195400368e-06
52500.056 1.646140367379772e-06
52550.056 1.514415860189733e-06
52600.056 1.5394743936700933e-06
52650.056 1.7103491245201643e-06
52700.056 1.4086134454900659e-06
52750.056 1.2493025087499185e-06
52800.056 1.3480073776901002e-06
52850.056 1.3052818639298958e-06
52900.056 1.4960969431099974e-06
52950.056 1.4086560473699076e-06
53000.056 1.6380946036199627e-06
53050.056 1.4211659612997405e-06
53100.056 1.424948944319858e-06
53150.056 1.729199813860186e-06
53200.056 1.1697000062301044e-06
53250.056 1.6063542397000104e-06
53300.056 1.6353600237204915e-06
53350.056 1.6253527919798152e-06
