galfind/configs/Brown_Dwarf_templates/sonora_bobcat/m0.0/1780g/sp_t375g1780nc_m0.0_resample.dat
# %ECSV 1.0
# ---
# datatype:
# - {name: wav, unit: Angstrom, datatype: float64}
# - {name: flux_nu, unit: erg / (cm2 Hz s), datatype: float64}
# meta: {C/O: '1.00', Kzz: '1.0000E+05', Teff: '375.', Y: '0.28', '[Fe/H]': '0.00', f_hole: '1.00', f_rain: '0.00', grav: '1780.'}
# schema: astropy-2.0
wav flux_nu
4000.0559999999996 nan
4050.0559999999996 5.014582585330114e-18
4100.056 2.0350521752300323e-16
4150.056 1.2491725214100112e-15
4200.056 1.885709816190012e-15
4250.056 9.358758661400074e-15
4300.056 2.1304333713000103e-14
4350.056 3.994473083500016e-14
4400.056 6.866312391600026e-14
4450.056 1.1146608352300042e-13
4500.056 1.7415630287000052e-13
4550.056 2.2765983876999974e-13
4600.056 1.5152328787999988e-13
4650.056 1.229563635999997e-13
4700.056 8.283844614699962e-14
4750.056 4.5383111328999754e-14
4800.056 2.7268694636999888e-14
4850.056 1.7098850651999928e-14
4900.056 1.2248355502999965e-14
4950.056 9.16097636989997e-15
5000.056 5.995684639499971e-15
5050.056 4.093117055399995e-15
5100.056 4.0741978061000044e-15
5150.056 4.272535067500002e-15
5200.056 4.607753447800004e-15
5250.056 4.868695358600002e-15
5300.056 5.133660804900004e-15
5350.056 5.4515133932000035e-15
5400.056 5.741821227200004e-15
5450.056 6.159796573600008e-15
5500.056 6.6623202150000045e-15
5550.056 7.196326208800004e-15
5600.056 7.654545548400004e-15
5650.056 7.971616774100001e-15
5700.056 7.939046609100003e-15
5750.056 7.835795709399996e-15
5800.056 7.149431257899984e-15
5850.056 5.085666958099946e-15
5900.056 1.6666127112260512e-15
5950.056 9.622573200700142e-15
6000.056 1.9720032770000135e-14
6050.056 3.526861942500025e-14
6100.056 5.812387499400039e-14
6150.056 9.030198357400055e-14
6200.056 1.3483271439000068e-13
6250.056 1.9123460603000082e-13
6300.056 2.744873960200013e-13
6350.056 3.8836095742000176e-13
6400.056 5.403129335200026e-13
6450.056 6.893487473700005e-13
6500.056 9.365506960200072e-13
6550.056 1.3008979525000004e-12
6600.056 1.7922057520000147e-12
6650.056 2.487678830200013e-12
6700.056 3.1451188721000134e-12
6750.056 4.281744575700018e-12
6800.056 4.9972693524000066e-12
6850.056 4.88712876299999e-12
6900.056 3.744081498299971e-12
6950.056 2.6484628127000067e-12
7000.056 2.6379747744999785e-12
7050.056 2.633502347200001e-12
7100.056 2.8873453838999965e-12
7150.056 2.341282566089955e-12
7200.056 1.838386106700013e-12
7250.056 1.9773156778299297e-12
7300.056 1.9462077114800535e-12
7350.056 2.3501017818000047e-12
7400.056 2.774778483500011e-12
7450.056 3.3222575569000255e-12
7500.056 3.737067866200002e-12
7550.056 3.969016214700002e-12
7600.056 3.986127584099997e-12
7650.056 2.266262878829959e-12
7700.056 2.237505477400041e-12
7750.056 4.662644338300039e-12
7800.056 6.080334486700037e-12
7850.056 7.9263214191e-12
7900.056 9.92948344240005e-12
7950.056 1.1336991720400046e-11
8000.056 1.5117125253000066e-11
8050.056 1.840276718800008e-11
8100.056 1.6218447664199774e-11
8150.056 1.2923232208800432e-11
8200.056 2.409050066890032e-11
8250.056 2.6793679448820374e-11
8300.056 3.2035857358899986e-11
8350.056 3.92281806640002e-11
8400.056 5.207436748100083e-11
8450.056 7.28357459790006e-11
8500.056 9.033826348500026e-11
8550.056 1.1382775382200148e-10
8600.056 1.4179709102000102e-10
8650.056 1.6641605072000097e-10
8700.056 1.842130918400009e-10
8750.056 2.0735244540000112e-10
8800.056 2.2141346232000005e-10
8850.056 2.044497503099963e-10
8900.056 7.933739850799576e-11
8950.056 5.183975409130125e-11
9000.056 5.1004683254599104e-11
9050.056 1.671591162550002e-10
9100.056 1.7806001458721146e-10
9150.056 2.007666614659967e-10
9200.056 2.839132180620145e-10
9250.056 2.2615612001998425e-10
9300.056 3.6595661083390744e-12
9350.056 6.124057456670108e-12
9400.056 6.518658046442747e-11
9450.056 2.5631646761986696e-11
9500.056 2.3709810828058582e-11
9550.056 2.3908738452979642e-11
9600.056 3.504689030785151e-11
9650.056 7.317320350523311e-11
9700.056 2.3447328747979175e-10
9750.056 2.4483319171002284e-10
9800.056 3.2875292506499414e-10
9850.056 4.506612897799977e-10
9900.056 6.497384627000209e-10
9950.056 7.44740307170012e-10
10000.056 5.886142376175568e-10
10050.056 6.478691113399897e-10
10100.056 5.876373319899993e-10
10150.056 4.35531206289991e-10
10200.056 2.7692290968000637e-10
10250.056 3.194585672580041e-10
10300.056 4.3123736347998516e-10
10350.056 2.7970590228000843e-10
10400.056 4.1472153893000396e-10
10450.056 5.027273767999857e-10
10500.056 5.70584852040003e-10
10550.056 6.561232235100018e-10
10600.056 6.767609462600008e-10
10650.056 6.454288982499976e-10
10700.056 5.691877933999966e-10
10750.056 5.280283138799947e-10
10800.056 4.812104693900028e-10
10850.056 4.264758083399985e-10
10900.056 3.564447555599927e-10
10950.056 2.283826571399968e-10
11000.056 1.3028291405799115e-10
11050.056 5.3767247752998816e-11
11100.056 1.7037492016090123e-11
11150.056 4.539627816399303e-12
11200.056 2.966548399412895e-12
11250.056 4.9174492527141656e-12
11300.056 9.24239007486061e-12
11350.056 2.8448753632220225e-12
11400.056 1.9832942901440257e-11
11450.056 8.402621347739242e-12
11500.056 8.946856009616564e-12
11550.056 2.7213211692104476e-12
11600.056 1.3940014083137002e-12
11650.056 6.5955387569305175e-12
11700.056 1.0411563159118227e-11
11750.056 4.897688465588631e-12
11800.056 2.2946420596799723e-11
11850.056 2.943047500450023e-11
11900.056 3.57294836406e-11
11950.056 4.766267279400099e-11
12000.056 6.222328852200245e-11
12050.056 8.589108870200153e-11
12100.056 9.755527048600033e-11
12150.056 1.2843906584799997e-10
12200.056 1.4693280590200012e-10
12250.056 2.043007599440006e-10
12300.056 3.0326401452400935e-10
12350.056 3.693317839700055e-10
12400.056 5.11551814330004e-10
12450.056 7.071623827100103e-10
12500.056 8.411858383099994e-10
12550.056 9.404427777000143e-10
12600.056 1.235043408960025e-09
12650.056 1.5903974467000161e-09
12700.056 1.757167019699992e-09
12750.056 1.4701223895499984e-09
12800.056 1.1413406069499778e-09
12850.056 7.705621834599791e-10
12900.056 5.897594203099924e-10
12950.056 4.935226643200079e-10
13000.056 5.335148274700254e-10
13050.056 3.6257210976899137e-10
13100.056 3.9250490669297564e-10
13150.056 2.28190900414019e-10
13200.056 2.4127641061598336e-10
13250.056 2.12505512419779e-10
13300.056 7.222474831676778e-11
13350.056 3.1228796981254325e-11
13400.056 4.340343443359695e-12
13450.056 6.203829331311861e-13
13500.056 1.2052204798448583e-13
13550.056 1.4636986401203566e-14
13600.056 2.9219273143641543e-15
13650.056 2.5744638283387783e-14
13700.056 1.1995956308849177e-14
13750.056 1.0855533841706923e-13
13800.056 1.2269518205139018e-13
13850.056 2.1563148653358554e-14
13900.056 6.599171941786561e-14
13950.056 5.3200760586466377e-14
14000.056 1.383995332759534e-13
14050.056 1.5153750637569538e-13
14100.056 1.3278079145967678e-13
14150.056 4.63029220209977e-13
14200.056 3.2775016644956244e-13
14250.056 5.420830158341068e-13
14300.056 2.3502598067792653e-12
14350.056 1.8718757860010686e-12
14400.056 1.8080497177839734e-12
14450.056 4.696215041752742e-12
14500.056 1.1898280402847613e-11
14550.056 1.7177204284091702e-11
14600.056 3.5572209418915115e-11
14650.056 1.223390861763205e-11
14700.056 4.760902542471421e-12
14750.056 2.8322579779959944e-12
14800.056 2.4707072126290633e-12
14850.056 2.6055724136318532e-12
14900.056 2.387191337042864e-12
14950.056 1.7753699692923018e-12
15000.056 6.266252462629792e-12
15050.056 9.55101914491004e-12
15100.056 3.5894252992652404e-12
15150.056 1.3852823590200428e-12
15200.056 5.8199569779690485e-12
15250.056 1.286391283359048e-11
15300.056 1.9983734091950255e-11
15350.056 2.5081785515980954e-11
15400.056 3.380409735711298e-11
15450.056 5.100088157904575e-11
15500.056 8.136543462099549e-11
15550.056 1.5329423865301934e-10
15600.056 2.7722435381098956e-10
15650.056 5.038351247200425e-10
15700.056 8.223598713200155e-10
15750.056 1.0417103804300166e-09
15800.056 1.3013025204200079e-09
15850.056 1.5753977457000427e-09
15900.056 1.6965710219999977e-09
15950.056 1.8423491679999982e-09
16000.056 1.6648251870999827e-09
16050.056 1.2610889777499635e-09
16100.056 7.940373163699916e-10
16150.056 4.2494901794596536e-10
16200.056 1.691389120160031e-10
16250.056 8.461628804060078e-11
16300.056 4.450965343532618e-11
16350.056 4.41743767009128e-11
16400.056 4.7953453046099114e-11
16450.056 5.6692605228027534e-11
16500.056 4.809600866230699e-11
16550.056 5.634600068091665e-11
16600.056 1.3412443801899268e-10
16650.056 6.522603607512099e-11
16700.056 1.3995667169229532e-11
16750.056 5.310721201135948e-11
16800.056 7.204100545539296e-11
16850.056 6.774588675943765e-11
16900.056 3.298521057334818e-11
16950.056 2.3211896185403202e-11
17000.056 1.2473426424624875e-11
17050.056 2.30712195579044e-11
17100.056 4.288729251086917e-11
17150.056 3.0134070106415895e-11
17200.056 8.568909990946233e-11
17250.056 2.9585215618197413e-11
17300.056 2.4552352888678812e-11
17350.056 3.259900700829078e-11
17400.056 5.402846445436362e-11
17450.056 6.612514665012073e-11
17500.056 9.188901701400661e-11
17550.056 7.092195788609802e-11
17600.056 6.788528346400525e-11
17650.056 4.399551010987889e-11
17700.056 3.7664545505297606e-11
17750.056 2.5081298754761653e-11
17800.056 4.228614398200109e-11
17850.056 2.009757594424925e-11
17900.056 1.31925011606024e-11
17950.056 6.911000764956704e-12
18000.056 1.3536046882498812e-11
18050.056 4.217219465223643e-12
18100.056 4.571049553559397e-12
18150.056 2.851655577442004e-12
18200.056 1.7960589606061225e-12
18250.056 8.0174812236531e-12
18300.056 7.388169569670495e-13
18350.056 7.387983753661172e-13
18400.056 3.2441696987631325e-13
18450.056 3.83707631595579e-12
18500.056 3.3874431100509e-12
18550.056 1.1109822503737912e-12
18600.056 2.3262805605845724e-12
18650.056 1.496065752558167e-12
18700.056 1.0492685348574678e-13
18750.056 3.022821735461715e-13
18800.056 7.4660764483908e-12
18850.056 6.1005053582194195e-12
18900.056 6.976105543033168e-12
18950.056 1.0364643500329894e-11
19000.056 1.2506237022086588e-12
19050.056 5.443693139053881e-13
19100.056 2.4437789446955065e-12
19150.056 8.694977788659735e-13
19200.056 2.4010934636499493e-12
19250.056 1.5938050054160361e-12
19300.056 7.982955787533234e-13
19350.056 9.973280065021087e-13
19400.056 5.970093667126425e-13
19450.056 8.206405563278705e-13
19500.056 9.110856047726528e-13
19550.056 1.7900449534736765e-12
19600.056 3.716723664746335e-12
19650.056 3.239724286257755e-12
19700.056 5.108487957199328e-12
19750.056 6.495521223138915e-12
19800.056 3.778790530609944e-12
19850.056 5.409377145719732e-12
19900.056 9.05299190693908e-12
19950.056 1.035840099790059e-11
20000.056 1.1729785231516701e-11
20050.056 9.481569867939747e-12
20100.056 1.4835836057299e-11
20150.056 1.0547274359221781e-11
20200.056 7.472319307218688e-12
20250.056 1.458823827946908e-11
20300.056 1.650715596911546e-11
20350.056 1.767305871099786e-11
20400.056 1.8024930354099818e-11
20450.056 2.7359610079604102e-11
20500.056 2.919258599450007e-11
20550.056 3.0764653976999355e-11
20600.056 3.2340444729002254e-11
20650.056 3.416033210099846e-11
20700.056 3.509640166999968e-11
20750.056 3.4831956335999746e-11
20800.056 3.333172818299865e-11
20850.056 3.44173546560001e-11
20900.056 3.377872933299985e-11
20950.056 3.240861273700008e-11
21000.056 3.1253877169999966e-11
21050.056 3.1532836702999815e-11
21100.056 3.0915314056999973e-11
21150.056 3.100945083699992e-11
21200.056 3.0862180033000314e-11
21250.056 3.085500542699915e-11
21300.056 2.995006818200021e-11
21350.056 2.9529977553999117e-11
21400.056 3.116762474100158e-11
21450.056 2.763373433880089e-11
21500.056 2.588907331570006e-11
21550.056 2.5467147991759302e-11
21600.056 2.392731542775893e-11
21650.056 2.1076982362026293e-11
21700.056 2.0629662266399e-11
21750.056 1.9356471980890645e-11
21800.056 1.4483564264040844e-11
21850.056 1.3073173407699676e-11
21900.056 9.933974219129214e-12
21950.056 4.93001081069085e-12
22000.056 5.340884989584668e-13
22050.056 1.0823392891909462e-12
22100.056 3.414985714510244e-12
22150.056 2.1973203794203704e-12
22200.056 2.137960929448736e-12
22250.056 1.755674051786805e-12
22300.056 7.218169770325134e-13
22350.056 1.1400467184311577e-12
22400.056 4.064170111351822e-13
22450.056 7.45261786030408e-13
22500.056 5.086992776653172e-13
22550.056 2.3356963775172945e-13
22600.056 1.719218825726089e-13
22650.056 2.3725422686341733e-13
22700.056 3.050712863498662e-13
22750.056 5.597333399457195e-13
22800.056 7.365298070878262e-13
22850.056 4.188965085237745e-13
22900.056 3.263846556551636e-13
22950.056 2.2009465932956041e-13
23000.056 2.4204481873751267e-13
23050.056 2.3110529316283997e-13
23100.056 2.908885727881432e-12
23150.056 2.5422631978280325e-12
23200.056 8.639606139828416e-14
23250.056 6.262244936635936e-13
23300.056 4.2506854617588516e-13
23350.056 5.426365768763838e-13
23400.056 3.682807810458224e-13
23450.056 1.9209044648963246e-13
23500.056 1.8973300691344768e-13
23550.056 5.62962997554286e-13
23600.056 1.588358614873085e-12
23650.056 1.9874974568847134e-12
23700.056 2.1095080044855442e-13
23750.056 3.4559943821666944e-13
23800.056 2.5293156378818435e-12
23850.056 1.1410744465492776e-12
23900.056 2.8053154947633387e-12
23950.056 1.0857662993741042e-12
24000.056 3.446962885397982e-12
24050.056 3.393755496820197e-12
24100.056 5.069980708454431e-12
24150.056 7.406649685147505e-12
24200.056 5.5465105519996735e-12
24250.056 4.240478949750947e-12
24300.056 1.0138752255810414e-11
24350.056 7.332487193806328e-12
24400.056 1.7620148897029906e-11
24450.056 1.7818441482000248e-11
24500.056 1.491086210476746e-11
24550.056 2.8800265991391637e-11
24600.056 3.4683138975197364e-11
24650.056 4.4170184296336146e-11
24700.056 3.3720721290863694e-11
24750.056 4.4410623391179375e-11
24800.056 3.854736412856039e-11
24850.056 5.119102611913593e-11
24900.056 2.3338676670569155e-11
24950.056 4.093686241549019e-11
25000.056 5.0963170805497215e-11
25050.056 2.2661611511520602e-11
25100.056 4.017364745065104e-11
25150.056 1.6672853884245226e-11
25200.056 2.5923252983826008e-11
25250.056 7.835246780227806e-12
25300.056 9.273089389698338e-12
25350.056 3.742122926588145e-12
25400.056 1.1066293397386393e-11
25450.056 2.4594860520104813e-12
25500.056 1.871962053914808e-12
25550.056 7.320236569281371e-12
25600.056 3.0124078270085957e-12
25650.056 8.632686120300866e-13
25700.056 5.710509691243124e-13
25750.056 1.4370097644186965e-13
25800.056 1.0283742895640956e-12
25850.056 1.263996191326493e-13
25900.056 2.1158035281887208e-13
25950.056 3.071324462496321e-14
26000.056 7.126951906678309e-13
26050.056 4.6666318835178386e-14
26100.056 3.3400272530180475e-13
26150.056 1.0128750097115323e-13
26200.056 1.5740016219912647e-13
26250.056 1.7627251332068996e-12
26300.056 1.6566943361253988e-13
26350.056 6.30715053267996e-12
26400.056 1.2575895574261951e-11
26450.056 4.108793746783675e-12
26500.056 1.5261265889836343e-11
26550.056 7.97659933070019e-13
26600.056 6.276862938031889e-13
26650.056 6.751333121972374e-14
26700.056 4.790282146606631e-14
26750.056 8.833910328844287e-14
26800.056 4.95616440208406e-13
26850.056 2.519577215616912e-13
26900.056 1.5773403014168398e-12
26950.056 3.645698921420994e-13
27000.056 2.6817987551808602e-12
27050.056 5.107605469253985e-12
27100.056 1.5168058561021047e-13
27150.056 4.177552979552468e-12
27200.056 1.4827093558308874e-13
27250.056 8.405864749767739e-13
27300.056 1.563362737868507e-11
27350.056 2.7853330328800706e-12
27400.056 1.0123289052387909e-13
27450.056 4.552188560694071e-12
27500.056 6.979380021219026e-12
27550.056 6.102670914021238e-13
27600.056 2.637154095285555e-12
27650.056 4.669042631285168e-13
27700.056 5.704749488122829e-13
27750.056 5.303427694571125e-12
27800.056 1.4169896652214252e-12
27850.056 3.402238597454306e-12
27900.056 5.2977369972635834e-12
27950.056 1.0521538394486441e-11
28000.056 1.141253449596405e-11
28050.056 7.835725910107816e-13
28100.056 1.7010160742858325e-11
28150.056 1.0715937692798388e-11
28200.056 1.7899422832228115e-12
28250.056 2.4077282325209286e-11
28300.056 2.391458999529734e-11
28350.056 2.2409891262967155e-12
28400.056 1.4586586756397457e-11
28450.056 3.025042843927073e-11
28500.056 1.1810301858755646e-11
28550.056 2.281696459889824e-12
28600.056 2.6931445848345077e-11
28650.056 1.0583699018759944e-11
28700.056 2.5778404264188902e-11
28750.056 5.903622650539794e-11
28800.056 1.3910727826511806e-11
28850.056 5.568174981802918e-11
