galfind/configs/Brown_Dwarf_templates/sonora_bobcat/m0.0/1780g/sp_t850g1780nc_m0.0_resample.dat
# %ECSV 1.0
# ---
# datatype:
# - {name: wav, unit: Angstrom, datatype: float64}
# - {name: flux_nu, unit: erg / (cm2 Hz s), datatype: float64}
# meta: {C/O: '1.00', Kzz: '1.0000E+05', Teff: '850.', Y: '0.28', '[Fe/H]': '0.00', f_hole: '1.00', f_rain: '0.00', grav: '1780.'}
# schema: astropy-2.0
wav flux_nu
4000.0559999999996 nan
4050.0559999999996 2.5854108577597187e-14
4100.056 3.536500597090032e-12
4150.056 2.2206147810000413e-11
4200.056 2.020090717265349e-11
4250.056 7.499291442900071e-11
4300.056 1.1911073127300233e-10
4350.056 1.5034496220000062e-10
4400.056 1.9373966515000117e-10
4450.056 2.476171070300029e-10
4500.056 2.661637572200024e-10
4550.056 2.7443193990799736e-10
4600.056 1.4654956630599957e-10
4650.056 9.605978812499946e-11
4700.056 5.2709009525999564e-11
4750.056 1.50461100480998e-11
4800.056 3.110207897999955e-12
4850.056 7.086440857599912e-13
4900.056 2.7200456625999795e-13
4950.056 1.3132062200399902e-13
5000.056 5.866100532799949e-14
5050.056 3.067468557499992e-14
5100.056 2.7468541904000026e-14
5150.056 2.634509881100001e-14
5200.056 2.5461777113e-14
5250.056 2.4438692782999994e-14
5300.056 2.3679225440999995e-14
5350.056 2.3395062626e-14
5400.056 2.3436065485000003e-14
5450.056 2.3757769050000026e-14
5500.056 2.4278850420000022e-14
5550.056 2.4934364363000007e-14
5600.056 2.555268019800001e-14
5650.056 2.5909742962999993e-14
5700.056 2.5636710511999992e-14
5750.056 2.442119945199998e-14
5800.056 2.154756168699994e-14
5850.056 1.5410817603199843e-14
5900.056 5.336112844568966e-15
5950.056 2.9651594574000484e-14
6000.056 6.050230910600028e-14
6050.056 1.0571155658800097e-13
6100.056 1.7126190658000128e-13
6150.056 2.685088429400017e-13
6200.056 4.144076052500024e-13
6250.056 6.294147126300036e-13
6300.056 9.53843652030005e-13
6350.056 1.4340976030000081e-12
6400.056 2.136832497600014e-12
6450.056 3.0991943063000074e-12
6500.056 4.501571018300025e-12
6550.056 6.477750649100012e-12
6600.056 9.216731086400089e-12
6650.056 1.2967903304000077e-11
6700.056 1.646923853660015e-11
6750.056 2.3872390741000106e-11
6800.056 2.997357046300012e-11
6850.056 3.3081756588000016e-11
6900.056 3.048104968100004e-11
6950.056 2.6248480343999942e-11
7000.056 2.5688402714999996e-11
7050.056 2.7386018421999948e-11
7100.056 2.9705838175999964e-11
7150.056 2.990290999999975e-11
7200.056 2.8927688266000157e-11
7250.056 2.7749530067999437e-11
7300.056 2.5295126753000458e-11
7350.056 2.3363952947999874e-11
7400.056 2.14220562060002e-11
7450.056 1.9603667930000206e-11
7500.056 1.7599581113999948e-11
7550.056 1.5384379062999953e-11
7600.056 1.3179227442999939e-11
7650.056 4.912122397106833e-12
7700.056 3.994601358666132e-12
7750.056 1.3107411651400174e-11
7800.056 2.0345155632900147e-11
7850.056 3.428783940600022e-11
7900.056 5.050746146500018e-11
7950.056 6.120880644480058e-11
8000.056 1.0373824968900081e-10
8050.056 1.437501157000012e-10
8100.056 1.852047713199991e-10
8150.056 2.371771011960015e-10
8200.056 3.282039116900071e-10
8250.056 4.1653146462500255e-10
8300.056 5.351247788100191e-10
8350.056 6.718543281199986e-10
8400.056 8.434473429099987e-10
8450.056 1.0687187448500025e-09
8500.056 1.2046084298999675e-09
8550.056 1.5794128608900448e-09
8600.056 2.0042599806000167e-09
8650.056 2.4244937496000203e-09
8700.056 2.891663897700022e-09
8750.056 3.447212186800025e-09
8800.056 4.05180945960003e-09
8850.056 4.6039270324000104e-09
8900.056 4.578788300899941e-09
8950.056 4.359525805319955e-09
9000.056 5.667453567299881e-09
9050.056 7.774920934200108e-09
9100.056 8.906306253400187e-09
9150.056 9.93042412790022e-09
9200.056 1.1638442319099741e-08
9250.056 1.2028467335399421e-08
9300.056 5.732898421873911e-09
9350.056 7.823701211345687e-09
9400.056 1.293650469332771e-08
9450.056 1.2948044630612173e-08
9500.056 1.298014462195853e-08
9550.056 1.4350470168236354e-08
9600.056 1.5418134748630052e-08
9650.056 1.8496294060726535e-08
9700.056 2.4216240858968658e-08
9750.056 2.65471876770217e-08
9800.056 3.048820587659885e-08
9850.056 3.5240425617999596e-08
9900.056 4.080671760100034e-08
9950.056 4.43808642370003e-08
10000.056 4.0024801633199886e-08
10050.056 5.353861996800023e-08
10100.056 6.022135097500026e-08
10150.056 6.582062985599987e-08
10200.056 7.169361799300073e-08
10250.056 7.98019979910006e-08
10300.056 8.956384324999895e-08
10350.056 9.610118797200122e-08
10400.056 1.0568753004500011e-07
10450.056 1.137461183539985e-07
10500.056 1.210984371399998e-07
10550.056 1.2874228391000031e-07
10600.056 1.3512910379999974e-07
10650.056 1.416954664000012e-07
10700.056 1.462533838900009e-07
10750.056 1.516289366800009e-07
10800.056 1.5483071591200084e-07
10850.056 1.544224852400004e-07
10900.056 1.3627518093699837e-07
10950.056 9.581781878799944e-08
11000.056 7.256565482049362e-08
11050.056 5.021954954001949e-08
11100.056 3.432689350481125e-08
11150.056 2.3595658227366525e-08
11200.056 2.634101607521992e-08
11250.056 3.542509400890827e-08
11300.056 3.70764903891908e-08
11350.056 1.7968231559803856e-08
11400.056 4.169650931194165e-08
11450.056 3.0876594021309015e-08
11500.056 3.316210781118945e-08
11550.056 1.9947525791654143e-08
11600.056 1.944262610771806e-08
11650.056 2.8496607396226684e-08
11700.056 2.94150506310481e-08
11750.056 1.9470485156361836e-08
11800.056 3.9686368835358994e-08
11850.056 5.821628238729926e-08
11900.056 7.133028253509661e-08
11950.056 9.28729757189049e-08
12000.056 1.1279818930500054e-07
12050.056 1.3623330712400496e-07
12100.056 1.586947053889966e-07
12150.056 1.8576741385199665e-07
12200.056 2.086091760599969e-07
12250.056 2.3527836048999658e-07
12300.056 2.655617429100042e-07
12350.056 2.764118600300001e-07
12400.056 2.9957772447999715e-07
12450.056 3.1279344449000346e-07
12500.056 3.2585228272000335e-07
12550.056 3.5330108485000363e-07
12600.056 3.9533448431000246e-07
12650.056 4.0144708957000056e-07
12700.056 4.043933906100046e-07
12750.056 3.8227605787000315e-07
12800.056 3.6922778031000005e-07
12850.056 3.1725284524599966e-07
12900.056 2.874065882860037e-07
12950.056 2.689098869490014e-07
13000.056 2.6549376251000454e-07
13050.056 2.3457749738369703e-07
13100.056 2.2887674936898694e-07
13150.056 1.86521241190908e-07
13200.056 1.7165349823079643e-07
13250.056 1.2468054105303e-07
13300.056 6.629011356672467e-08
13350.056 2.1895583921745395e-08
13400.056 8.20435908183215e-09
13450.056 4.669820833432199e-09
13500.056 2.6848183226100557e-09
13550.056 1.6959931886837929e-09
13600.056 1.0990582637803379e-09
13650.056 3.0608642144312666e-09
13700.056 2.2176407296234516e-09
13750.056 3.754130188872602e-09
13800.056 4.605119333453462e-09
13850.056 2.845000653063724e-09
13900.056 2.910503467318995e-09
13950.056 2.8842430199993157e-09
14000.056 2.9788359185810875e-09
14050.056 3.851725218896565e-09
14100.056 3.009256032945731e-09
14150.056 4.4496316229709505e-09
14200.056 3.3849549715733223e-09
14250.056 3.641147782717598e-09
14300.056 7.081192764909166e-09
14350.056 6.753602412758643e-09
14400.056 6.935208794921911e-09
14450.056 9.265971216820722e-09
14500.056 1.5898295568823628e-08
14550.056 1.6279151568949322e-08
14600.056 2.47450150074484e-08
14650.056 2.1855099607909046e-08
14700.056 1.5536649289662424e-08
14750.056 1.9130624373010963e-08
14800.056 2.404978521014142e-08
14850.056 2.5943999825857693e-08
14900.056 2.657488824604056e-08
14950.056 3.166268793840211e-08
15000.056 4.0537893551920797e-08
15050.056 4.6059058513344583e-08
15100.056 4.7003434768099535e-08
15150.056 4.946671476196808e-08
15200.056 5.7709293452888157e-08
15250.056 7.814741708130329e-08
15300.056 8.77712015942945e-08
15350.056 1.0533911735299806e-07
15400.056 1.205684170170131e-07
15450.056 1.3490171710600906e-07
15500.056 1.4616526760899202e-07
15550.056 1.6839218407300415e-07
15600.056 1.865480667499979e-07
15650.056 2.0005231414000546e-07
15700.056 2.2406145172000353e-07
15750.056 2.3388651669000122e-07
15800.056 2.3865582300000046e-07
15850.056 2.4720821305000123e-07
15900.056 2.3618075074000108e-07
15950.056 2.237538416599949e-07
16000.056 1.9566161370000142e-07
16050.056 1.5225142565099626e-07
16100.056 1.1875030068299586e-07
16150.056 8.678888849279644e-08
16200.056 6.108232122729992e-08
16250.056 5.343318190745622e-08
16300.056 4.5512343917871726e-08
16350.056 5.064944945829342e-08
16400.056 5.7640048063786664e-08
16450.056 6.143644360551406e-08
16500.056 6.749830326015979e-08
16550.056 6.566532286697147e-08
16600.056 7.107690342315206e-08
16650.056 4.843215761635642e-08
16700.056 2.170552887828422e-08
16750.056 3.6359712763691334e-08
16800.056 5.188019969369871e-08
16850.056 5.296876604117721e-08
16900.056 4.516228068660255e-08
16950.056 3.8123317395830886e-08
17000.056 3.1111743571544456e-08
17050.056 4.357563930520427e-08
17100.056 5.153639942290084e-08
17150.056 4.3155208287300425e-08
17200.056 6.089608360159589e-08
17250.056 5.0573486963186074e-08
17300.056 4.324432851669922e-08
17350.056 3.943901109925709e-08
17400.056 4.2291680720399295e-08
17450.056 4.409501707754453e-08
17500.056 4.76027357319097e-08
17550.056 4.0680920394658994e-08
17600.056 3.698081081574536e-08
17650.056 3.4482819240821264e-08
17700.056 2.7299342764539236e-08
17750.056 2.2957422923406812e-08
17800.056 2.901069496097985e-08
17850.056 1.9143844055105948e-08
17900.056 2.0082899950973796e-08
17950.056 1.4823311299726006e-08
18000.056 1.8070440601177777e-08
18050.056 1.338227302416887e-08
18100.056 1.503520214888694e-08
18150.056 1.7305334530675087e-08
18200.056 1.111003141282005e-08
18250.056 2.463784277093226e-08
18300.056 1.2403281310219643e-08
18350.056 1.1386286755957697e-08
18400.056 9.848100425525898e-09
18450.056 1.5821073327918757e-08
18500.056 1.5527546201947024e-08
18550.056 1.1407676713781355e-08
18600.056 1.0509016590084384e-08
18650.056 9.005528978033921e-09
18700.056 6.9791097564969464e-09
18750.056 1.1076356528846445e-08
18800.056 2.3454883165444596e-08
18850.056 2.4658071191070864e-08
18900.056 2.1548670047302324e-08
18950.056 3.597561710965789e-08
19000.056 2.0356406270137578e-08
19050.056 1.4267897800984262e-08
19100.056 2.449387925097687e-08
19150.056 1.5410246763169508e-08
19200.056 2.0835300642491736e-08
19250.056 1.4573110580776248e-08
19300.056 1.260342674520649e-08
19350.056 1.1633711490139546e-08
19400.056 8.412618689298423e-09
19450.056 1.4270033215506072e-08
19500.056 1.412883874964163e-08
19550.056 1.1983812620920817e-08
19600.056 1.564464881155074e-08
19650.056 1.8391384464466502e-08
19700.056 1.8372989809469294e-08
19750.056 2.2563314796906238e-08
19800.056 2.1510765986410294e-08
19850.056 2.8982635593213114e-08
19900.056 2.5173717439824442e-08
19950.056 3.6506705797060133e-08
20000.056 3.528153192418096e-08
20050.056 3.914921959731568e-08
20100.056 4.699179810827549e-08
20150.056 4.135126502811026e-08
20200.056 4.2698421752303385e-08
20250.056 5.36040364719768e-08
20300.056 5.490022202424262e-08
20350.056 5.978846688599096e-08
20400.056 5.9203358898995744e-08
20450.056 7.255619927580282e-08
20500.056 7.827380928898453e-08
20550.056 7.994177966800729e-08
20600.056 8.707904284900697e-08
20650.056 9.099766530900072e-08
20700.056 9.409177424200394e-08
20750.056 9.691570945599683e-08
20800.056 9.912553677999244e-08
20850.056 1.0073198835800006e-07
20900.056 1.0371952500899307e-07
20950.056 1.017254307270031e-07
21000.056 1.0047621107000225e-07
21050.056 1.002152773239972e-07
21100.056 9.801211144500125e-08
21150.056 9.800640981999145e-08
21200.056 9.407338396800296e-08
21250.056 9.112005817199168e-08
21300.056 8.447493810199778e-08
21350.056 8.273650715539818e-08
21400.056 8.083798701100912e-08
21450.056 7.475865881160094e-08
21500.056 7.048819006670431e-08
21550.056 6.63412811116007e-08
21600.056 6.115473127430311e-08
21650.056 5.45807182693993e-08
21700.056 5.460510059899964e-08
21750.056 4.8117895229982486e-08
21800.056 4.1454092683838006e-08
21850.056 3.736386684235792e-08
21900.056 3.029337246216237e-08
21950.056 2.0718387768863838e-08
22000.056 9.2499711854992e-09
22050.056 8.47934499672138e-09
22100.056 1.5530105616616895e-08
22150.056 1.615262656599031e-08
22200.056 1.749539076017636e-08
22250.056 1.6006697603263944e-08
22300.056 1.1990734678403372e-08
22350.056 1.2794931377926154e-08
22400.056 8.730746224746035e-09
22450.056 8.818186810581005e-09
22500.056 8.603611344643732e-09
22550.056 6.886474878418245e-09
22600.056 6.809711478162822e-09
22650.056 8.068333176178216e-09
22700.056 7.0317684196151526e-09
22750.056 7.3374617913800416e-09
22800.056 7.548961503986605e-09
22850.056 6.374225949856357e-09
22900.056 5.9543897003513955e-09
22950.056 5.509486056741176e-09
23000.056 6.7546830042497204e-09
23050.056 8.44922888259565e-09
23100.056 1.6503006840272702e-08
23150.056 1.482642038458418e-08
23200.056 3.4680142233952055e-09
23250.056 6.128880285769163e-09
23300.056 5.3286729192043264e-09
23350.056 5.654012599739216e-09
23400.056 5.49025376139986e-09
23450.056 5.032269578427415e-09
23500.056 5.541512945081785e-09
23550.056 7.4058231978189855e-09
23600.056 9.310276793968536e-09
23650.056 1.1653135218528494e-08
23700.056 5.278569617465762e-09
23750.056 5.156365786287577e-09
23800.056 8.172177415624824e-09
23850.056 7.907157063020434e-09
23900.056 1.2467393449302858e-08
23950.056 1.1105979771484681e-08
24000.056 1.4795604193618303e-08
24050.056 1.5636768599448067e-08
24100.056 1.4794024002148895e-08
24150.056 1.8042195014135692e-08
24200.056 1.6596672553653068e-08
24250.056 1.5124597032531417e-08
24300.056 1.9473776115651484e-08
24350.056 1.6422027048879858e-08
24400.056 2.2982533999319917e-08
24450.056 2.1468639043030957e-08
24500.056 2.116060643519873e-08
24550.056 2.5508285853265668e-08
24600.056 2.558460112389794e-08
24650.056 3.20629427891669e-08
24700.056 2.1897784866436602e-08
24750.056 2.3730191744806598e-08
24800.056 2.3017543952130547e-08
24850.056 3.3581576715399944e-08
24900.056 1.67233011098869e-08
24950.056 3.0232433317431385e-08
25000.056 2.6006838091413355e-08
25050.056 1.680674424314626e-08
25100.056 2.5137020660385884e-08
25150.056 1.6067518902982538e-08
25200.056 2.0758833219580633e-08
25250.056 1.1942429546883136e-08
25300.056 1.7423222534854704e-08
25350.056 9.956092125920139e-09
25400.056 1.9150296649728915e-08
25450.056 9.777103043269744e-09
25500.056 9.985637752588017e-09
25550.056 1.3022064763822852e-08
25600.056 1.1290639376507454e-08
25650.056 6.6980478175555744e-09
25700.056 1.2488869575510486e-08
25750.056 5.2847439493786154e-09
25800.056 1.495215898451156e-08
25850.056 6.08111998886971e-09
25900.056 9.159855108559183e-09
25950.056 4.329661590913481e-09
26000.056 1.4944825413951e-08
26050.056 6.674213479889503e-09
26100.056 1.4751579373532732e-08
26150.056 1.0308898981152643e-08
26200.056 1.1153681679093283e-08
26250.056 2.3996220060746582e-08
26300.056 1.310570611905659e-08
26350.056 2.91706369462172e-08
26400.056 2.7453379136848697e-08
26450.056 2.587998753686169e-08
26500.056 3.253191466695125e-08
26550.056 1.418945362821671e-08
26600.056 1.883787670375115e-08
26650.056 7.51505623200615e-09
26700.056 6.607882133497424e-09
26750.056 4.8640349819387935e-09
26800.056 8.524873680215679e-09
26850.056 4.921903503342473e-09
26900.056 1.2696573753146364e-08
26950.056 6.386782616882441e-09
27000.056 1.7608712068901184e-08
27050.056 1.522996972248006e-08
27100.056 8.800401620954068e-09
27150.056 2.1248762198655068e-08
27200.056 9.182148877042559e-09
27250.056 1.3659504784956968e-08
27300.056 3.5583634361924074e-08
27350.056 2.2474675099973552e-08
27400.056 5.261203087437871e-09
27450.056 2.6459856715445357e-08
27500.056 2.8643728957265005e-08
27550.056 1.0235393242226887e-08
27600.056 1.974975561622978e-08
27650.056 9.182170641723568e-09
27700.056 7.38399137063071e-09
27750.056 2.2119036836026696e-08
27800.056 9.929807390592367e-09
27850.056 1.2174277886024275e-08
27900.056 1.3522027135589458e-08
27950.056 2.4378188724708954e-08
28000.056 1.8695208982107256e-08
28050.056 6.2612954778086e-09
28100.056 2.287089258221334e-08
28150.056 1.5111839002913285e-08
28200.056 7.807322420453267e-09
28250.056 2.5106156080576157e-08
28300.056 2.7437027104509236e-08
28350.056 9.66838596942505e-09
28400.056 1.9687536018250223e-08
28450.056 2.7875932673534807e-08
28500.056 1.99626097616291e-08
28550.056 7.671785886080442e-09
28600.056 2.9958267642810986e-08
28650.056 2.2957680945282062e-08
28700.056 2.2599604539797994e-08
28750.056 3.3898552741773785e-08
28800.056 2.546955230558153e-08
