galfind/configs/Brown_Dwarf_templates/sonora_bobcat/m0.0/1780g/sp_t525g1780nc_m0.0_resample.dat
# %ECSV 1.0
# ---
# datatype:
# - {name: wav, unit: Angstrom, datatype: float64}
# - {name: flux_nu, unit: erg / (cm2 Hz s), datatype: float64}
# meta: {C/O: '1.00', Kzz: '1.0000E+05', Teff: '525.', Y: '0.28', '[Fe/H]': '0.00', f_hole: '1.00', f_rain: '0.00', grav: '1780.'}
# schema: astropy-2.0
wav flux_nu
4000.0559999999996 nan
4050.0559999999996 7.307954085024224e-17
4100.056 6.8324117404001345e-15
4150.056 6.51543916110007e-14
4200.056 7.380111747955046e-14
4250.056 6.210090401900054e-13
4300.056 1.4591023391000075e-12
4350.056 2.6564805914000103e-12
4400.056 4.3823730436000165e-12
4450.056 6.796266473100026e-12
4500.056 9.789808424400028e-12
4550.056 1.0460055346599953e-11
4600.056 3.471957088999987e-12
4650.056 1.960669838499989e-12
4700.056 8.477671976499917e-13
4750.056 2.3334888154999723e-13
4800.056 8.209469358599937e-14
4850.056 3.877940520099976e-14
4900.056 2.3785739929999906e-14
4950.056 1.5882217930999936e-14
5000.056 9.439332027199947e-15
5050.056 6.1928698137999935e-15
5100.056 6.09798134130001e-15
5150.056 6.351158125800002e-15
5200.056 6.696606918500004e-15
5250.056 7.0065468045000034e-15
5300.056 7.359722146000006e-15
5350.056 7.806591055600006e-15
5400.056 8.292972722500006e-15
5450.056 8.893584186700012e-15
5500.056 9.582515283300007e-15
5550.056 1.0324065981200008e-14
5600.056 1.1017984514000008e-14
5650.056 1.1530561737000002e-14
5700.056 1.1571388288e-14
5750.056 1.1144144873999992e-14
5800.056 9.874493053199974e-15
5850.056 6.9524363855999245e-15
5900.056 2.2505790589270775e-15
5950.056 1.3537587511400206e-14
6000.056 2.817746313900018e-14
6050.056 5.014147314500037e-14
6100.056 8.047375510800054e-14
6150.056 1.2194937413100072e-13
6200.056 1.798713134700009e-13
6250.056 2.5777865203000115e-13
6300.056 3.694252323700016e-13
6350.056 5.229175842900022e-13
6400.056 7.323947787300037e-13
6450.056 9.769582385600014e-13
6500.056 1.3459307415900094e-12
6550.056 1.8660689232999986e-12
6600.056 2.569350327000023e-12
6650.056 3.5337365252000196e-12
6700.056 4.468917339700021e-12
6750.056 6.120110423400024e-12
6800.056 7.267935059600017e-12
6850.056 7.35653630579999e-12
6900.056 6.042880330399985e-12
6950.056 4.737256374000001e-12
7000.056 4.672083029499974e-12
7050.056 4.841155213099994e-12
7100.056 5.2635731640999924e-12
7150.056 4.845303774199937e-12
7200.056 4.431992501900012e-12
7250.056 4.583680150599858e-12
7300.056 4.475875501300129e-12
7350.056 4.8191922317999964e-12
7400.056 5.155889021500043e-12
7450.056 5.619140972600062e-12
7500.056 5.955568713000004e-12
7550.056 6.1293399323000016e-12
7600.056 6.07364686689999e-12
7650.056 2.8908313966299257e-12
7700.056 2.6532439448700605e-12
7750.056 6.606093058600074e-12
7800.056 9.032602889400049e-12
7850.056 1.2383497098999998e-11
7900.056 1.5750581847000057e-11
7950.056 1.7930318013400092e-11
8000.056 2.4987881838000142e-11
8050.056 3.116632969700019e-11
8100.056 3.3002883154999636e-11
8150.056 3.468571679370062e-11
8200.056 5.218398719200107e-11
8250.056 6.108232661670016e-11
8300.056 7.590881576800129e-11
8350.056 9.330629965600019e-11
8400.056 1.1733917604900075e-10
8450.056 1.524216621600007e-10
8500.056 1.8043020508999878e-10
8550.056 2.2785337913000416e-10
8600.056 2.832115549800021e-10
8650.056 3.3759185534000237e-10
8700.056 3.916763929700028e-10
8750.056 4.578985920900031e-10
8800.056 5.222011754000023e-10
8850.056 5.556519645699974e-10
8900.056 4.034286922999905e-10
8950.056 3.6430636026100255e-10
9000.056 4.0714325945298737e-10
9050.056 7.625229447270082e-10
9100.056 8.585814012910315e-10
9150.056 9.648576956000065e-10
9200.056 1.2110336474900299e-09
9250.056 1.1560899082799593e-09
9300.056 1.6867773013348188e-10
9350.056 2.724178638943327e-10
9400.056 8.434610124291145e-10
9450.056 6.429245935278047e-10
9500.056 6.048962073571059e-10
9550.056 6.507542085431791e-10
9600.056 7.625293617874237e-10
9650.056 1.111829046296997e-09
9700.056 2.011718419331923e-09
9750.056 2.155337601335193e-09
9800.056 2.6388910080899522e-09
9850.056 3.251867269479957e-09
9900.056 4.1581639097001e-09
9950.056 4.6633379960000634e-09
10000.056 4.019898972169007e-09
10050.056 5.463880578500011e-09
10100.056 5.839115531600027e-09
10150.056 5.685808356599988e-09
10200.056 5.335779505600126e-09
10250.056 6.177759282700065e-09
10300.056 7.4366412361997915e-09
10350.056 6.7863512229001625e-09
10400.056 8.314899353300046e-09
10450.056 9.409847649299702e-09
10500.056 1.0349629443699973e-08
10550.056 1.142869626560004e-08
10600.056 1.1998725215000026e-08
10650.056 1.2270246816000025e-08
10700.056 1.2054630443000004e-08
10750.056 1.214485947139998e-08
10800.056 1.1956328873600053e-08
10850.056 1.1414440455600007e-08
10900.056 9.86929056059983e-09
10950.056 6.483212392499951e-09
11000.056 4.120988444419671e-09
11050.056 2.1331910349939863e-09
11100.056 1.0052316190835042e-09
11150.056 4.4806908805469104e-10
11200.056 4.2632660002850575e-10
11250.056 6.846107211987748e-10
11300.056 8.673247643967327e-10
11350.056 3.1927998739813437e-10
11400.056 1.3503515154350342e-09
11450.056 7.272059386059549e-10
11500.056 7.702375237393815e-10
11550.056 2.950973728702041e-10
11600.056 2.1486628298921251e-10
11650.056 5.626366012778259e-10
11700.056 7.104167694768966e-10
11750.056 3.4493872450061587e-10
11800.056 1.2664509470969627e-09
11850.056 1.8434967099299925e-09
11900.056 2.283914827909965e-09
11950.056 3.0598163020701203e-09
12000.056 4.0257449984401315e-09
12050.056 5.311864364700106e-09
12100.056 6.3013971021999155e-09
12150.056 7.908848322499911e-09
12200.056 8.939665021700054e-09
12250.056 1.0934960389799768e-08
12300.056 1.3881738872600326e-08
12350.056 1.5321359558300053e-08
12400.056 1.883249186499998e-08
12450.056 2.2506799605000184e-08
12500.056 2.5024384780000374e-08
12550.056 2.792168477800015e-08
12600.056 3.1409995855000314e-08
12650.056 3.417391425000004e-08
12700.056 3.499880626399999e-08
12750.056 3.057884033200015e-08
12800.056 2.6211676494999724e-08
12850.056 1.9884232240999653e-08
12900.056 1.6763917302899995e-08
12950.056 1.4593067467100324e-08
13000.056 1.5217998023000743e-08
13050.056 1.1749174885699942e-08
13100.056 1.2034647273259104e-08
13150.056 8.388509115810645e-09
13200.056 8.392710168919544e-09
13250.056 6.234063622089103e-09
13300.056 2.6270569306246206e-09
13350.056 8.714835402749101e-10
13400.056 1.6960140253449023e-10
13450.056 5.2475647717251854e-11
13500.056 1.987557385093597e-11
13550.056 6.354504691223742e-12
13600.056 2.476934774653794e-12
13650.056 1.357378144867553e-11
13700.056 7.732691456612989e-12
13750.056 2.8901236027453754e-11
13800.056 3.1728378868904944e-11
13850.056 1.0886781187927682e-11
13900.056 1.6398197079697442e-11
13950.056 1.610670544607788e-11
14000.056 2.278548086883564e-11
14050.056 3.149674775317094e-11
14100.056 2.4829886774510432e-11
14150.056 5.022170982417256e-11
14200.056 3.4193481301128523e-11
14250.056 4.561940117546379e-11
14300.056 1.4735010428156346e-10
14350.056 1.1896634140571692e-10
14400.056 1.1774161169505392e-10
14450.056 2.2862567362787562e-10
14500.056 4.721817725754331e-10
14550.056 5.001053824113338e-10
14600.056 9.130184850129745e-10
14650.056 5.001025586909031e-10
14700.056 2.445320008103471e-10
14750.056 1.9800980562928932e-10
14800.056 2.325273143236142e-10
14850.056 2.53891236308935e-10
14900.056 2.625763134671568e-10
14950.056 2.6499976423085154e-10
15000.056 5.83157233289978e-10
15050.056 6.549467112453804e-10
15100.056 3.9671589842979224e-10
15150.056 2.409593335678182e-10
15200.056 5.607721621748102e-10
15250.056 1.0442833948486303e-09
15300.056 1.332722544446339e-09
15350.056 1.6601494925580061e-09
15400.056 2.13964024131725e-09
15450.056 2.7385567700652922e-09
15500.056 3.510406129739658e-09
15550.056 4.992165038600481e-09
15600.056 7.057813429199711e-09
15650.056 9.951466775900625e-09
15700.056 1.3493610985000148e-08
15750.056 1.560530304030023e-08
15800.056 1.7836918859999966e-08
15850.056 2.0024931203000432e-08
15900.056 2.048480138200003e-08
15950.056 2.0667264454999858e-08
16000.056 1.821294958299994e-08
16050.056 1.3652725227499638e-08
16100.056 9.431569764899835e-09
16150.056 5.782848904589606e-09
16200.056 3.0888069517401345e-09
16250.056 2.125495335841969e-09
16300.056 1.491834468122097e-09
16350.056 1.708916735074608e-09
16400.056 1.952429052629136e-09
16450.056 2.1033676636212316e-09
16500.056 2.0874426223303622e-09
16550.056 2.1540140866494788e-09
16600.056 3.2228972145666047e-09
16650.056 1.9323802388225644e-09
16700.056 4.850074320168101e-10
16750.056 1.4446649705672609e-09
16800.056 2.051092545802348e-09
16850.056 2.046565928653985e-09
16900.056 1.3281941914618329e-09
16950.056 9.830552403339963e-10
17000.056 6.59319340997769e-10
17050.056 1.1098240704701584e-09
17100.056 1.5929706925228321e-09
17150.056 1.1810310921159316e-09
17200.056 2.4980420733920395e-09
17250.056 1.4866480643565188e-09
17300.056 1.2061961626909164e-09
17350.056 1.2658012326769744e-09
17400.056 1.6617610822072913e-09
17450.056 1.9094536734139103e-09
17500.056 2.258560158690349e-09
17550.056 1.7787288852849513e-09
17600.056 1.5940718388902075e-09
17650.056 1.259595944774608e-09
17700.056 1.0401350233445708e-09
17750.056 7.630167972324796e-10
17800.056 1.1666221720442332e-09
17850.056 6.410217563541706e-10
17900.056 5.430007486264502e-10
17950.056 3.3243008793523523e-10
18000.056 5.378895951910794e-10
18050.056 2.5375181180336393e-10
18100.056 3.0351944202239134e-10
18150.056 2.6643184489198094e-10
18200.056 1.7115321132964473e-10
18250.056 5.608691403273545e-10
18300.056 1.2613443475439316e-10
18350.056 1.1613969417366646e-10
18400.056 7.860555773582836e-11
18450.056 3.337769173981017e-10
18500.056 3.0921375112428726e-10
18550.056 1.6023157910451937e-10
18600.056 2.03824183086743e-10
18650.056 1.343797435872115e-10
18700.056 3.9000579380500884e-11
18750.056 9.418393838269625e-11
18800.056 5.426943073494047e-10
18850.056 4.991099407124422e-10
18900.056 4.2826144859158793e-10
18950.056 7.521755010738436e-10
19000.056 2.1984806884625482e-10
19050.056 1.046698141245126e-10
19100.056 2.724165865059529e-10
19150.056 1.1760845371462943e-10
19200.056 2.0644792028786227e-10
19250.056 1.3676188378070535e-10
19300.056 9.258499551703735e-11
19350.056 9.142145256181342e-11
19400.056 6.59441169907035e-11
19450.056 1.0662009595278006e-10
19500.056 1.0715403288697826e-10
19550.056 1.4114787248394192e-10
19600.056 2.477945033204323e-10
19650.056 2.2123014151476286e-10
19700.056 2.930398182116918e-10
19750.056 4.090545488274609e-10
19800.056 2.83893246065437e-10
19850.056 3.8379586949122624e-10
19900.056 4.842281945837281e-10
19950.056 6.502726759254738e-10
20000.056 7.18837795375016e-10
20050.056 6.379327193771391e-10
20100.056 9.978866075756903e-10
20150.056 6.795346811211882e-10
20200.056 5.220117466045645e-10
20250.056 8.942336306976947e-10
20300.056 9.8090989922575e-10
20350.056 1.024536543091528e-09
20400.056 9.982000883999565e-10
20450.056 1.5333421783702842e-09
20500.056 1.6917702767698771e-09
20550.056 1.8227926136000465e-09
20600.056 1.9567757280401574e-09
20650.056 2.206187192499933e-09
20700.056 2.3608879179800203e-09
20750.056 2.4662981089999487e-09
20800.056 2.4534371803998244e-09
20850.056 2.649747005400029e-09
20900.056 2.7050489614999438e-09
20950.056 2.662983566700045e-09
21000.056 2.628736209300016e-09
21050.056 2.6929897469999612e-09
21100.056 2.6390542792000166e-09
21150.056 2.632095916099923e-09
21200.056 2.559763339900051e-09
21250.056 2.4775324869998647e-09
21300.056 2.313758280900005e-09
21350.056 2.2354753300899335e-09
21400.056 2.25462058658016e-09
21450.056 1.973702874110055e-09
21500.056 1.8333142906610435e-09
21550.056 1.713598334227948e-09
21600.056 1.5684555328586085e-09
21650.056 1.3128525684879045e-09
21700.056 1.2946722231999236e-09
21750.056 1.1334012779213586e-09
21800.056 8.582153851193028e-10
21850.056 7.752102502204482e-10
21900.056 5.937039622209849e-10
21950.056 3.313703895294503e-10
22000.056 6.946788269546542e-11
22050.056 1.0126897821581068e-10
22100.056 3.0332385519013346e-10
22150.056 2.2579726718958927e-10
22200.056 2.349749005845909e-10
22250.056 2.0423609493804757e-10
22300.056 1.1156921127123224e-10
22350.056 1.4353636705009505e-10
22400.056 6.024346857251484e-11
22450.056 9.01359591129838e-11
22500.056 7.171799373568654e-11
22550.056 4.390758700833226e-11
22600.056 3.726717904127324e-11
22650.056 5.799301768194638e-11
22700.056 5.5686014556535275e-11
22750.056 7.34518157392658e-11
22800.056 8.505342811960813e-11
22850.056 5.848892155749051e-11
22900.056 4.906252304102462e-11
22950.056 4.118909260769656e-11
23000.056 4.951296557338466e-11
23050.056 6.229067912506101e-11
23100.056 2.812951340287154e-10
23150.056 2.2515995677558939e-10
23200.056 1.4893118635468083e-11
23250.056 6.384323937805973e-11
23300.056 5.154214917857782e-11
23350.056 6.270476262726469e-11
23400.056 4.553148409810366e-11
23450.056 3.404119263928452e-11
23500.056 3.6724481074363504e-11
23550.056 7.596004822845338e-11
23600.056 1.4457797962372942e-10
23650.056 1.7915372914686553e-10
23700.056 3.502262157241141e-11
23750.056 4.220439778934039e-11
23800.056 1.789899694567072e-10
23850.056 1.1270406511335941e-10
23900.056 2.3847354187612437e-10
23950.056 1.3263943594565615e-10
24000.056 2.8703871453704463e-10
24050.056 2.878214896965173e-10
24100.056 3.1789627763627777e-10
24150.056 4.552219904535515e-10
24200.056 3.4717706885926015e-10
24250.056 2.965979665696678e-10
24300.056 5.457566829104648e-10
24350.056 4.0543051453034136e-10
24400.056 7.974057054755707e-10
24450.056 7.852830234341084e-10
24500.056 6.810223515177376e-10
24550.056 1.0872101525059274e-09
24600.056 1.143778789145885e-09
24650.056 1.4788762957874785e-09
24700.056 1.0039488395394674e-09
24750.056 1.1798040600039704e-09
24800.056 1.0309123662107147e-09
24850.056 1.617147942554317e-09
24900.056 6.195817924664507e-10
24950.056 1.2862346394426165e-09
25000.056 1.2303349478756115e-09
25050.056 6.238905760469916e-10
25100.056 1.1104835164465235e-09
25150.056 5.164889604023259e-10
25200.056 7.440739652448168e-10
25250.056 2.589876333639757e-10
25300.056 4.0135780106849326e-10
25350.056 1.638821511672713e-10
25400.056 4.6096395048768004e-10
25450.056 1.410475746001929e-10
25500.056 1.2123698068884138e-10
25550.056 3.0078498057958366e-10
25600.056 1.797648430989423e-10
25650.056 6.502533204792014e-11
25700.056 8.30995037575641e-11
25750.056 2.1667550696261146e-11
25800.056 1.3358997898315495e-10
25850.056 2.5044711046506382e-11
25900.056 4.068389820177596e-11
25950.056 8.114714887275076e-12
26000.056 1.2734212965594068e-10
26050.056 1.3756086185409266e-11
26100.056 8.538902682000624e-11
26150.056 3.4352942819074903e-11
26200.056 4.4199087813361445e-11
26250.056 3.327061485066109e-10
26300.056 6.14651254595045e-11
26350.056 6.206380869451985e-10
26400.056 7.710652369460563e-10
26450.056 4.329894800857634e-10
26500.056 1.0134268805099364e-09
26550.056 1.1714069249847228e-10
26600.056 1.3313521425643176e-10
26650.056 1.8236518484821678e-11
26700.056 1.0895192822786622e-11
26750.056 1.4169395060899033e-11
26800.056 4.818913988574617e-11
26850.056 2.5498090054822495e-11
26900.056 1.3761233498991022e-10
26950.056 4.628432663996484e-11
27000.056 2.694237829596443e-10
27050.056 3.2325261728115755e-10
27100.056 3.535994091956368e-11
27150.056 4.146022689111869e-10
27200.056 3.3165794991788316e-11
27250.056 1.2277460456699137e-10
27300.056 1.0099022057146648e-09
27350.056 2.9507444321019146e-10
27400.056 1.5264515858580042e-11
27450.056 3.925956096859807e-10
27500.056 5.317991126116161e-10
27550.056 6.45654071653728e-11
27600.056 2.1273156693024185e-10
27650.056 4.972567392467263e-11
27700.056 4.4871490972465565e-11
27750.056 3.278388177180041e-10
27800.056 9.731679615389458e-11
27850.056 1.6347468720655458e-10
27900.056 1.985935823780606e-10
27950.056 4.770628953654176e-10
28000.056 3.880386944473938e-10
28050.056 4.790976108302114e-11
28100.056 4.925914890977312e-10
28150.056 3.134609097404378e-10
28200.056 8.381301503160769e-11
28250.056 6.618798003031802e-10
28300.056 6.544078919944736e-10
28350.056 1.0441645136747522e-10
28400.056 4.4423875352893434e-10
28450.056 8.244007604293411e-10
28500.056 4.5233936067529614e-10
28550.056 9.01897065519632e-11
28600.056 7.908872276694119e-10
28650.056 4.713388627242434e-10
28700.056 6.801811367646946e-10
28750.056 1.3261506893072805e-09
28800.056 5.583831943719764e-10
