galfind/configs/Brown_Dwarf_templates/sonora_bobcat/m0.0/1780g/sp_t1300g1780nc_m0.0_resample.dat
# %ECSV 1.0
# ---
# datatype:
# - {name: wav, unit: Angstrom, datatype: float64}
# - {name: flux_nu, unit: erg / (cm2 Hz s), datatype: float64}
# meta: {C/O: '1.00', Kzz: '1.0000E+05', Teff: '1300.', Y: '0.28', '[Fe/H]': '0.00', f_hole: '1.00', f_rain: '0.00', grav: '1780.'}
# schema: astropy-2.0
wav flux_nu
4000.0559999999996 nan
4050.0559999999996 9.777899399003727e-12
4100.056 1.7002738098199446e-10
4150.056 3.276536728580179e-10
4200.056 3.03057039718493e-10
4250.056 4.308142299620038e-10
4300.056 5.025340592900425e-10
4350.056 5.472027887500157e-10
4400.056 6.74825935640027e-10
4450.056 6.917163100000105e-10
4500.056 6.609079460300271e-10
4550.056 7.847229355149531e-10
4600.056 7.586355190499929e-10
4650.056 6.793815413399703e-10
4700.056 6.899839840700044e-10
4750.056 4.67879468739995e-10
4800.056 1.7377291863600204e-10
4850.056 6.945761612099926e-11
4900.056 3.466028607299972e-11
4950.056 1.6858355812999862e-11
5000.056 6.4284321099999305e-12
5050.056 2.7146633107999883e-12
5100.056 2.2416496844999985e-12
5150.056 1.9804844305999996e-12
5200.056 1.7394583777999965e-12
5250.056 1.4665858577999973e-12
5300.056 1.2163056701999978e-12
5350.056 1.013181012659998e-12
5400.056 8.466190380299981e-13
5450.056 7.025333018099986e-13
5500.056 5.758784671199989e-13
5550.056 4.668278617899987e-13
5600.056 3.713293647999989e-13
5650.056 2.8664394481999895e-13
5700.056 2.1359145480999913e-13
5750.056 1.5324933160999933e-13
5800.056 1.0691326084099943e-13
5850.056 6.767474281599926e-14
5900.056 2.345212535897515e-14
5950.056 1.322209039770021e-13
6000.056 3.3610497563000355e-13
6050.056 8.208958843800105e-13
6100.056 1.846028657900021e-12
6150.056 3.836359931800038e-12
6200.056 7.39367085890006e-12
6250.056 1.334658067990011e-11
6300.056 2.296913365100018e-11
6350.056 3.7870378324000273e-11
6400.056 6.003486365700041e-11
6450.056 9.176829227200041e-11
6500.056 1.366760172100007e-10
6550.056 1.9937596253000106e-10
6600.056 2.8540463757000197e-10
6650.056 3.99106757610002e-10
6700.056 4.0857029068410196e-10
6750.056 7.135405180300041e-10
6800.056 9.180598554700032e-10
6850.056 1.034986743300001e-09
6900.056 1.012428199e-09
6950.056 9.370917659699985e-10
7000.056 9.41439998690002e-10
7050.056 1.0267058235600001e-09
7100.056 1.129641581700001e-09
7150.056 1.2009329407499964e-09
7200.056 1.2202270063100066e-09
7250.056 1.1752030360899887e-09
7300.056 1.075125242650001e-09
7350.056 9.543100714899954e-10
7400.056 8.286663305200009e-10
7450.056 6.923892516899996e-10
7500.056 5.468058523499967e-10
7550.056 3.96456311889997e-10
7600.056 2.4917063465999663e-10
7650.056 3.752777487877139e-11
7700.056 1.6691928316271048e-11
7750.056 1.6670151165500473e-10
7800.056 4.0121721984080827e-10
7850.056 9.146487272000097e-10
7900.056 1.4718099473000108e-09
7950.056 1.75071068470802e-09
8000.056 3.1196215923000227e-09
8050.056 4.222466393800029e-09
8100.056 5.472292451700014e-09
8150.056 6.9363182470000274e-09
8200.056 8.589177394100123e-09
8250.056 1.0722677017500098e-08
8300.056 1.3057020103300365e-08
8350.056 1.5642914275999977e-08
8400.056 1.863713490299989e-08
8450.056 2.218838820899998e-08
8500.056 2.3269951192643145e-08
8550.056 2.908778651090089e-08
8600.056 3.433115576200013e-08
8650.056 3.662118906599961e-08
8700.056 4.209869936999837e-08
8750.056 4.8221664429000614e-08
8800.056 5.594948188600053e-08
8850.056 6.343747326899969e-08
8900.056 6.940477214600013e-08
8950.056 6.442733909016876e-08
9000.056 8.733106748999879e-08
9050.056 1.0072290337900195e-07
9100.056 1.1398703454100155e-07
9150.056 1.259283641480019e-07
9200.056 1.404415390689935e-07
9250.056 1.4695808875299054e-07
9300.056 1.082985775080959e-07
9350.056 1.3348085053750576e-07
9400.056 1.7061751386599416e-07
9450.056 1.8266755675061933e-07
9500.056 1.912754948029873e-07
9550.056 2.0901056346150386e-07
9600.056 2.149842654808086e-07
9650.056 2.3693122325030115e-07
9700.056 2.6948809575418213e-07
9750.056 2.859516876820042e-07
9800.056 3.125347110859851e-07
9850.056 3.384796375799993e-07
9900.056 2.8168033976999125e-07
9950.056 2.592210814399989e-07
10000.056 2.242143211719988e-07
10050.056 2.788030012499999e-07
10100.056 3.2319136556000355e-07
10150.056 3.3717388610998893e-07
10200.056 3.696057128999988e-07
10250.056 3.976888531300008e-07
10300.056 4.149696222100002e-07
10350.056 4.6851604691001347e-07
10400.056 5.08440289609992e-07
10450.056 5.32636081810002e-07
10500.056 5.377812530799992e-07
10550.056 5.519842645400047e-07
10600.056 5.86659389909995e-07
10650.056 6.241601721200169e-07
10700.056 6.673728594200114e-07
10750.056 7.101384457900109e-07
10800.056 7.531442288500017e-07
10850.056 8.116646975099933e-07
10900.056 7.932195269999952e-07
10950.056 6.915970109699906e-07
11000.056 6.160670906329633e-07
11050.056 5.33120819387982e-07
11100.056 4.6956469368949785e-07
11150.056 4.252398472621901e-07
11200.056 4.6140012824466613e-07
11250.056 5.676648108901081e-07
11300.056 5.478269097165234e-07
11350.056 3.5387157995338904e-07
11400.056 4.3021783862823183e-07
11450.056 4.880980021436345e-07
11500.056 5.934855116634362e-07
11550.056 4.868398575870804e-07
11600.056 5.017288603357268e-07
11650.056 5.093043845414424e-07
11700.056 3.581083926096067e-07
11750.056 3.406383485140721e-07
11800.056 4.2085251663681216e-07
11850.056 6.603270432480017e-07
11900.056 7.805878585729389e-07
11950.056 8.448349843060162e-07
12000.056 8.511326579000055e-07
12050.056 9.913192681500446e-07
12100.056 1.0484158945699766e-06
12150.056 1.1931854727499815e-06
12200.056 1.239688516879949e-06
12250.056 1.3467019608799813e-06
12300.056 1.4310735153000262e-06
12350.056 1.4137277974999994e-06
12400.056 1.3041625112999771e-06
12450.056 1.1772059649000186e-06
12500.056 1.1966311032299732e-06
12550.056 1.266562409130058e-06
12600.056 1.649056982800016e-06
12650.056 1.6927805033999982e-06
12700.056 1.8097512670000648e-06
12750.056 1.7737315829999934e-06
12800.056 1.8168608177600255e-06
12850.056 1.7073884719799868e-06
12900.056 1.6177590788100161e-06
12950.056 1.6344928789599793e-06
13000.056 1.6610881830399684e-06
13050.056 1.661360149093962e-06
13100.056 1.6397891247419501e-06
13150.056 1.5276807511059869e-06
13200.056 1.421212476379974e-06
13250.056 1.1594123647153892e-06
13300.056 7.676638082234122e-07
13350.056 2.834003827937299e-07
13400.056 1.7053115992150123e-07
13450.056 1.2831829282765048e-07
13500.056 9.85549074415188e-08
13550.056 8.167890331735437e-08
13600.056 7.169881044675168e-08
13650.056 1.2180371819156919e-07
13700.056 1.0122165721070096e-07
13750.056 1.1986939407942673e-07
13800.056 1.4776845599190077e-07
13850.056 1.2189647844147782e-07
13900.056 1.1996460040410807e-07
13950.056 1.1226100842180384e-07
14000.056 1.0590244066498243e-07
14050.056 1.1994888544681802e-07
14100.056 9.66063572693194e-08
14150.056 1.2127994644243885e-07
14200.056 1.0197668943860299e-07
14250.056 9.973368761971016e-08
14300.056 1.3264576993342458e-07
14350.056 1.3472675204332675e-07
14400.056 1.4100661019466596e-07
14450.056 1.5587696686136236e-07
14500.056 2.1319626415259034e-07
14550.056 2.1998818994157098e-07
14600.056 2.787994240348548e-07
14650.056 2.7379919593212495e-07
14700.056 2.3873817859546293e-07
14750.056 2.8135083847360003e-07
14800.056 3.210265334124894e-07
14850.056 3.5187525312436216e-07
14900.056 3.448457943105075e-07
14950.056 3.7755390409603513e-07
15000.056 4.0703735167471796e-07
15050.056 4.792611187873524e-07
15100.056 4.989304404390027e-07
15150.056 5.518999287137362e-07
15200.056 5.684204811599526e-07
15250.056 6.446117057620039e-07
15300.056 6.924370170139744e-07
15350.056 7.715117868999725e-07
15400.056 8.329306953200173e-07
15450.056 8.931268119100399e-07
15500.056 9.29854582420014e-07
15550.056 1.0125991284999483e-06
15600.056 1.0326854787600233e-06
15650.056 1.0757591857600359e-06
15700.056 1.1699006614600657e-06
15750.056 1.2147170020899859e-06
15800.056 1.209656580960035e-06
15850.056 1.234455250850004e-06
15900.056 1.2298958124200186e-06
15950.056 1.2251656611399578e-06
16000.056 1.1794592554600064e-06
16050.056 1.0901493843199933e-06
16100.056 1.0099701486899668e-06
16150.056 8.994603107699789e-07
16200.056 8.047808378999221e-07
16250.056 7.788153574899413e-07
16300.056 7.418722147369977e-07
16350.056 7.821882345397118e-07
16400.056 8.263767196210545e-07
16450.056 8.6414715600863e-07
16500.056 9.095558463998411e-07
16550.056 8.965055915899873e-07
16600.056 8.830278902300593e-07
16650.056 7.491186923710404e-07
16700.056 5.886648083550532e-07
16750.056 6.522792781399856e-07
16800.056 7.718388591610207e-07
16850.056 7.691757576959465e-07
16900.056 7.360393675820185e-07
16950.056 6.889904412829743e-07
17000.056 6.406521832000937e-07
17050.056 7.259899459200485e-07
17100.056 7.344753398800179e-07
17150.056 6.693625022199728e-07
17200.056 6.999824943599225e-07
17250.056 6.418732936589022e-07
17300.056 5.896070680810118e-07
17350.056 5.400800850939782e-07
17400.056 5.314365586949767e-07
17450.056 4.961370560418897e-07
17500.056 5.051550926490494e-07
17550.056 4.6122076917642736e-07
17600.056 4.390249178174213e-07
17650.056 4.336064585887248e-07
17700.056 3.50655942219495e-07
17750.056 3.1768245279499026e-07
17800.056 3.4970507579603807e-07
17850.056 2.693047496981779e-07
17900.056 2.972652559446913e-07
17950.056 2.565827817100204e-07
18000.056 2.577100360327991e-07
18050.056 2.4024537979986445e-07
18100.056 2.430951670489226e-07
18150.056 2.8709815221849796e-07
18200.056 2.0343020294330728e-07
18250.056 3.229589858220379e-07
18300.056 2.527404053338086e-07
18350.056 2.3622225726813973e-07
18400.056 2.2595980460320323e-07
18450.056 2.2707305504994434e-07
18500.056 2.399363203437402e-07
18550.056 2.0336835300857415e-07
18600.056 1.7376576242973375e-07
18650.056 1.809438205319742e-07
18700.056 1.9257821026322207e-07
18750.056 2.1546396786489906e-07
18800.056 2.880049018697471e-07
18850.056 3.269721546732841e-07
18900.056 3.057204617496606e-07
18950.056 4.015912795918089e-07
19000.056 3.468554534752877e-07
19050.056 3.016134923299752e-07
19100.056 3.986371286892661e-07
19150.056 3.4057804838390853e-07
19200.056 3.7885434906370745e-07
19250.056 3.20201969335995e-07
19300.056 3.2162304777773557e-07
19350.056 2.957210932575542e-07
19400.056 2.17698860394808e-07
19450.056 3.1831259971298014e-07
19500.056 3.202986400288082e-07
19550.056 2.52120997507544e-07
19600.056 2.9885367752189417e-07
19650.056 3.363298474050682e-07
19700.056 3.3201993165512556e-07
19750.056 3.21871604160227e-07
19800.056 3.554218368042655e-07
19850.056 4.1231040441750725e-07
19900.056 3.321404822280194e-07
19950.056 4.451365965969858e-07
20000.056 3.9878980882403826e-07
20050.056 4.6368522279302774e-07
20100.056 4.6151956092544576e-07
20150.056 5.003818632050625e-07
20200.056 5.320345526770328e-07
20250.056 5.701242372079249e-07
20300.056 5.633695555950532e-07
20350.056 6.292145343259501e-07
20400.056 6.243453492198556e-07
20450.056 6.65776317319902e-07
20500.056 6.998394272899353e-07
20550.056 7.000718994100151e-07
20600.056 7.648523521400431e-07
20650.056 7.544630026400353e-07
20700.056 7.7850663480004e-07
20750.056 7.867392049499806e-07
20800.056 8.173991780699728e-07
20850.056 8.017294772999824e-07
20900.056 8.368814768899283e-07
20950.056 8.284688096800035e-07
21000.056 8.311998391300238e-07
21050.056 8.291381452899901e-07
21100.056 8.197042701200066e-07
21150.056 8.330852816299325e-07
21200.056 8.102436315200124e-07
21250.056 8.107085378799361e-07
21300.056 7.708258756999673e-07
21350.056 7.764688529800109e-07
21400.056 7.536065322600843e-07
21450.056 7.448709774400064e-07
21500.056 7.15628726420046e-07
21550.056 6.968261281400219e-07
21600.056 6.68720112480043e-07
21650.056 6.418299935900158e-07
21700.056 6.385341170000109e-07
21750.056 5.897503092700187e-07
21800.056 5.529393245399318e-07
21850.056 5.16625622380009e-07
21900.056 4.5955117850998614e-07
21950.056 3.744343567040375e-07
22000.056 2.540611820300181e-07
22050.056 2.050889324019346e-07
22100.056 2.4877666680906185e-07
22150.056 2.843340126509751e-07
22200.056 2.989027289441943e-07
22250.056 2.954963249980572e-07
22300.056 2.6178498355459633e-07
22350.056 2.539893743221169e-07
22400.056 2.1987482232739114e-07
22450.056 1.996715693655822e-07
22500.056 2.0511844044655276e-07
22550.056 1.8180525888956598e-07
22600.056 1.8578530709025662e-07
22650.056 1.8657289777340912e-07
22700.056 1.7358823537469324e-07
22750.056 1.7408436096182354e-07
22800.056 1.657447633655735e-07
22850.056 1.4912556141061908e-07
22900.056 1.4405863584937172e-07
22950.056 1.33910728703974e-07
23000.056 1.5382698637599795e-07
23050.056 1.866577409287861e-07
23100.056 2.3842123517602834e-07
23150.056 2.3772918233978342e-07
23200.056 1.2136646801279177e-07
23250.056 1.338593847230195e-07
23300.056 1.1554217708973338e-07
23350.056 1.1283038906980435e-07
23400.056 1.1544772699861443e-07
23450.056 1.1752529046410637e-07
23500.056 1.2682033670033546e-07
23550.056 1.4912229187371716e-07
23600.056 1.6654176805497637e-07
23650.056 1.9247780556897638e-07
23700.056 1.3322097083032773e-07
23750.056 1.2489131956309561e-07
23800.056 1.2250359795999336e-07
23850.056 1.3359028050221343e-07
23900.056 1.7646443941031614e-07
23950.056 1.8752710534131954e-07
24000.056 2.0653030723597026e-07
24050.056 2.2225509684220044e-07
24100.056 2.0744786248168095e-07
24150.056 2.2396972964105098e-07
24200.056 2.2910237033688647e-07
24250.056 2.1326708519100928e-07
24300.056 2.319294560832375e-07
24350.056 2.0283392243485823e-07
24400.056 2.460656284170391e-07
24450.056 2.2125260706393543e-07
24500.056 2.2701033754566556e-07
24550.056 2.3759366307126924e-07
24600.056 2.42267434662812e-07
24650.056 2.824741216340267e-07
24700.056 2.1627324824685308e-07
24750.056 2.1970724350701675e-07
24800.056 2.2427378085751652e-07
24850.056 2.841241760612418e-07
24900.056 1.840480036900802e-07
24950.056 2.7288282634751785e-07
25000.056 2.4411359434775196e-07
25050.056 1.7918384308144316e-07
25100.056 2.3566669567297132e-07
25150.056 1.847750006218794e-07
25200.056 2.154843771538337e-07
25250.056 1.6873274604837528e-07
25300.056 2.1369929343291062e-07
25350.056 1.538507410804068e-07
25400.056 2.1958027446544222e-07
25450.056 1.543250856631788e-07
25500.056 1.6554029173512002e-07
25550.056 1.6904131879179478e-07
25600.056 1.7145847309697396e-07
25650.056 1.2979881880520102e-07
25700.056 2.1039862644343522e-07
25750.056 1.198366637321309e-07
25800.056 2.1508338775604e-07
25850.056 1.3889711416848933e-07
25900.056 1.8538906439418795e-07
25950.056 1.2408783081231459e-07
26000.056 2.231988944973772e-07
26050.056 1.7514827798535986e-07
26100.056 2.3352237914820484e-07
26150.056 1.9979453400457864e-07
26200.056 2.0516765975581375e-07
26250.056 2.6422241912844736e-07
26300.056 2.1237650631212521e-07
26350.056 2.9701676998428005e-07
26400.056 2.8767555975606487e-07
26450.056 2.843772071988357e-07
26500.056 3.098653516245394e-07
26550.056 2.283598875390745e-07
26600.056 3.040426823450756e-07
26650.056 1.836070122384635e-07
26700.056 1.7938138386931248e-07
26750.056 1.3100202407073483e-07
26800.056 1.7799154439638334e-07
26850.056 1.1755051313141525e-07
26900.056 2.035319344577052e-07
26950.056 1.2222005784306464e-07
27000.056 2.2059261349174248e-07
27050.056 1.7963494761849425e-07
27100.056 1.645220540639675e-07
27150.056 2.2124276210942215e-07
27200.056 1.7801109195301697e-07
27250.056 1.8775697497794543e-07
27300.056 3.0870982771262817e-07
27350.056 2.527063755250397e-07
27400.056 1.365739125262908e-07
27450.056 3.101548654147643e-07
27500.056 2.923364801780763e-07
27550.056 1.8735837985005204e-07
27600.056 2.90588640810795e-07
27650.056 1.750827007507981e-07
27700.056 1.5330744965438735e-07
27750.056 2.9403562531397496e-07
27800.056 1.7015447171448832e-07
27850.056 1.929980335998403e-07
27900.056 2.112675013009234e-07
27950.056 3.0073370410690727e-07
28000.056 2.456717748080151e-07
28050.056 1.3802014478573202e-07
28100.056 3.193574181897276e-07
28150.056 2.1310954645182156e-07
28200.056 1.4632374819449228e-07
28250.056 2.910278775649764e-07
28300.056 3.4528046188996133e-07
28350.056 1.7133328537894961e-07
28400.056 2.459350554537965e-07
28450.056 3.042146571549466e-07
28500.056 2.535825022634535e-07
28550.056 1.3536335921186893e-07
28600.056 3.281239089109807e-07
28650.056 2.8518089209801735e-07
28700.056 2.462142936132594e-07
28750.056 3.1871576857760377e-07
28800.056 2.9199296489106856e-07
28850.056 3.163904543775035e-07
