galfind/configs/Brown_Dwarf_templates/sonora_bobcat/m0.0/1780g/sp_t1500g1780nc_m0.0_resample.dat
# %ECSV 1.0
# ---
# datatype:
# - {name: wav, unit: Angstrom, datatype: float64}
# - {name: flux_nu, unit: erg / (cm2 Hz s), datatype: float64}
# meta: {C/O: '1.00', Kzz: '1.0000E+05', Teff: '1500.', Y: '0.28', '[Fe/H]': '0.00', f_hole: '1.00', f_rain: '0.00', grav: '1780.'}
# schema: astropy-2.0
wav flux_nu
[from data line 500]
29000.056 5.718838128988801e-07
29050.056 6.251999746150418e-07
29100.056 4.825702089910778e-07
29150.056 7.063460191230407e-07
29200.056 5.560583882600316e-07
29250.056 6.523947831229879e-07
29300.056 4.983905738478841e-07
29350.056 8.314364890189225e-07
29400.056 6.17443477225951e-07
29450.056 6.292359589039731e-07
29500.056 6.489868085779655e-07
29550.056 6.429607168500209e-07
29600.056 7.147981079438172e-07
29650.056 6.497192092859618e-07
29700.056 6.170789711029131e-07
29750.056 7.154858814661174e-07
29800.056 7.506552241518954e-07
29850.056 7.019380974859096e-07
29900.056 6.870570612222702e-07
29950.056 7.91171910748886e-07
30000.056 7.503555218058946e-07
30050.056 6.868581537500006e-07
30100.056 6.395278133698372e-07
30150.056 8.629205502199921e-07
30200.056 7.212430256300139e-07
30250.056 7.897339856100927e-07
30300.056 7.018110689199738e-07
30350.056 7.139531901500749e-07
30400.056 7.94173163780024e-07
30450.056 6.404762021581106e-07
30500.056 5.826634816500502e-07
30550.056 6.429168395400596e-07
30600.056 6.561142325200066e-07
30650.056 6.203752783699505e-07
30700.056 5.768631396559581e-07
30750.056 5.571746452499578e-07
30800.056 5.532562116201074e-07
30850.056 4.860147072199209e-07
30900.056 4.946365208399228e-07
30950.056 4.39848360285067e-07
31000.056 4.352776759200151e-07
31050.056 4.790027225300187e-07
31100.056 3.9412426703598673e-07
31150.056 4.158956127749775e-07
31200.056 4.402657840700255e-07
31250.056 3.761147372239787e-07
31300.056 3.773398125099582e-07
31350.056 3.5628217588801114e-07
31400.056 3.290588465670313e-07
31450.056 3.357896848699623e-07
31500.056 3.1233906597494366e-07
31550.056 3.215701847339932e-07
31600.056 2.9654940623999954e-07
31650.056 2.825640665150073e-07
31700.056 2.9476857047996326e-07
31750.056 2.629822761300707e-07
31800.056 3.022363821199531e-07
31850.056 2.680814130360363e-07
31900.056 3.0536112231001694e-07
31950.056 2.4862717058401887e-07
32000.056 2.859968405499484e-07
32050.056 2.926434556430182e-07
32100.056 2.8926526617501117e-07
32150.056 3.119931337899758e-07
32200.056 2.771004200889907e-07
32250.056 3.374318752660299e-07
32300.056 2.732225676599793e-07
32350.056 3.526680195499988e-07
32400.056 2.8069190507999965e-07
32450.056 3.5097806559790675e-07
32500.056 3.39526757696056e-07
32550.056 3.492715096199931e-07
32600.056 3.611484556099906e-07
32650.056 4.095495840399755e-07
32700.056 4.0244030271004335e-07
32750.056 4.2090635841001053e-07
32800.056 4.1942567876603826e-07
32850.056 4.4091801620996465e-07
32900.056 4.678164821400048e-07
32950.056 4.58873866029984e-07
33000.056 4.3387311828994154e-07
33050.056 3.977235400100275e-07
33100.056 3.3281780440997926e-07
33150.056 1.9984156165002493e-07
33200.056 1.6687386670695022e-07
33250.056 1.394206575209612e-07
33300.056 1.3583450394502047e-07
33350.056 1.5806701076400248e-07
33400.056 1.8018865507997798e-07
33450.056 2.029015452239967e-07
33500.056 2.464598389900321e-07
33550.056 2.665592312540379e-07
33600.056 3.125503511199906e-07
33650.056 3.486533771700299e-07
33700.056 3.328793373579695e-07
33750.056 4.082067518699852e-07
33800.056 3.8259809125097603e-07
33850.056 4.2728423740997513e-07
33900.056 3.855842226399889e-07
33950.056 3.925752399999841e-07
34000.056 4.252893725999899e-07
34050.056 3.575042496169416e-07
34100.056 4.3512565317997524e-07
34150.056 3.8245814151495646e-07
34200.056 3.617253119609207e-07
34250.056 3.8881001637992514e-07
34300.056 3.4061718976284153e-07
34350.056 3.450447296400069e-07
34400.056 3.232031446640104e-07
34450.056 3.7431854122998044e-07
34500.056 3.7513742041998e-07
34550.056 3.3422509852200205e-07
34600.056 4.044683400099971e-07
34650.056 3.698743250799745e-07
34700.056 3.74819178869977e-07
34750.056 4.0683503371999144e-07
34800.056 3.6831301334996396e-07
34850.056 3.792454688600134e-07
34900.056 4.024692615389746e-07
34950.056 3.8699026542992646e-07
35000.056 4.6686808684004804e-07
35050.056 3.8436769555999947e-07
35100.056 4.1857496081998344e-07
35150.056 4.4193452630400007e-07
35200.056 4.3750390962003657e-07
35250.056 4.876312991599497e-07
35300.056 4.288145407400374e-07
35350.056 4.2666290269994946e-07
35400.056 4.6974867152008615e-07
35450.056 3.785995546601158e-07
35500.056 5.063200041000198e-07
35550.056 4.929664041399836e-07
35600.056 4.7023864143007563e-07
35650.056 5.241976392000134e-07
35700.056 4.6956658044000235e-07
35750.056 5.09004180469947e-07
35800.056 6.167180306100174e-07
35850.056 4.967928460500084e-07
35900.056 6.040592519799812e-07
35950.056 5.901564222799694e-07
36000.056 5.90954921710069e-07
36050.056 6.229267770200094e-07
36100.056 6.139899711997337e-07
36150.056 6.488442000400431e-07
36200.056 7.106191183299832e-07
36250.056 6.585565493399639e-07
36300.056 7.34008170860025e-07
36350.056 7.188345468999501e-07
36400.056 7.281032008800269e-07
36450.056 7.963276063999804e-07
36500.056 7.811517449499393e-07
36550.056 8.526570408001836e-07
36600.056 8.72786534250035e-07
36650.056 8.595503128098758e-07
36700.056 9.406352899799706e-07
36750.056 9.6240974502007e-07
36800.056 9.820580026999599e-07
36850.056 1.0220566615198946e-06
36900.056 9.966405889800173e-07
36950.056 1.1072649322699401e-06
37000.056 1.1012952109599494e-06
37050.056 1.1252860326400107e-06
37100.056 1.165197290990005e-06
37150.056 1.1669786693600367e-06
37200.056 1.2302510170300068e-06
37250.056 1.2346003173799127e-06
37300.056 1.1879710392298595e-06
37350.056 1.2161848851001274e-06
37400.056 1.3792785404999677e-06
37450.056 1.2798605896500532e-06
37500.056 1.3293722510999482e-06
37550.056 1.4334429691000827e-06
37600.056 1.4961671764000334e-06
37650.056 1.377915107980039e-06
37700.056 1.519995236140067e-06
37750.056 1.4395131056400873e-06
37800.056 1.5226793228001562e-06
37850.056 1.4405543264000024e-06
37900.056 1.4915904706002003e-06
37950.056 1.5078267309099482e-06
38000.056 1.62366709546004e-06
38050.056 1.600207624780095e-06
38100.056 1.5652761334201116e-06
38150.056 1.7016236283999678e-06
38200.056 1.7123250456000693e-06
38250.056 1.6316404130000567e-06
38300.056 1.7231422267999243e-06
38350.056 1.778746097200048e-06
38400.056 1.6931922194999085e-06
38450.056 1.8149149515999792e-06
38500.056 1.7260349118000834e-06
38550.056 1.843230094900075e-06
38600.056 1.902101972999912e-06
38650.056 1.8368443764999764e-06
38700.056 1.868580726500073e-06
38750.056 1.9268909915000207e-06
38800.056 1.856187925499928e-06
38850.056 1.8833588024000182e-06
38900.056 1.8735804490000005e-06
38950.056 1.9518198526999975e-06
39000.056 1.9471094468000198e-06
39050.056 1.9766628483999334e-06
39100.056 1.8694036861001497e-06
39150.056 1.9856433964000405e-06
39200.056 1.9806407930999742e-06
39250.056 2.0058833682998585e-06
39300.056 1.9747461216998252e-06
39350.056 2.0233471322001006e-06
39400.056 2.0053300297000648e-06
39450.056 2.032526843599964e-06
39500.056 1.9604066584999533e-06
39550.056 1.9641983300999705e-06
39600.056 2.095417499899862e-06
39650.056 2.0026945599000184e-06
39700.056 2.001872930500031e-06
39750.056 1.9684254047000095e-06
39800.056 1.9199635311999656e-06
39850.056 2.0523625946999614e-06
39900.056 1.9914271300000212e-06
39950.056 2.059840839999888e-06
40000.056 1.9374726563000275e-06
40050.056 1.9518792332000263e-06
40100.056 2.014024230780005e-06
40150.056 1.9564475947999274e-06
40200.056 2.016520074199891e-06
40250.056 1.8460770602496591e-06
40300.056 1.8902156828500986e-06
40350.056 1.9627401241000466e-06
40400.056 1.9487678857000534e-06
40450.056 1.9459829409000314e-06
40500.056 1.8068102767001536e-06
40550.056 2.026991295999911e-06
40600.056 1.7411894725800927e-06
40650.056 1.9084174536999574e-06
40700.056 2.029561846700015e-06
40750.056 1.7688944940996338e-06
40800.056 1.7279137225498445e-06
40850.056 1.7593413945802174e-06
40900.056 1.780902871000026e-06
40950.056 1.7896210262399598e-06
41000.056 1.8071428169999697e-06
41050.056 1.8148920439998392e-06
41100.056 1.693446328799921e-06
41150.056 1.755358029699943e-06
41200.056 1.7484401818000305e-06
41250.056 1.7336763168000307e-06
41300.056 1.5267415270597966e-06
41350.056 1.7752677347900647e-06
41400.056 1.6481830028001384e-06
41450.056 1.7035664937301458e-06
41500.056 1.6797202509199972e-06
41550.056 1.632053670980036e-06
41600.056 1.6388056324100582e-06
41650.056 1.6311651094601203e-06
41700.056 1.5222529806298881e-06
41750.056 1.585779968269918e-06
41800.056 1.7083157633199166e-06
41850.056 1.3090164826601167e-06
41900.056 1.574054575709921e-06
41950.056 1.5788936911501983e-06
42000.056 1.5241681381102343e-06
42050.056 1.3604518483998406e-06
42100.056 1.5805420789001228e-06
42150.056 1.2261854055898984e-06
42200.056 1.2506025805400546e-06
42250.056 1.4417164102799267e-06
42300.056 1.2794991540900238e-06
42350.056 1.4286754642401678e-06
42400.056 1.3078676778001433e-06
42450.056 1.1758364538000296e-06
42500.056 1.213580463290038e-06
42550.056 1.2093809353099732e-06
42600.056 1.267069745820109e-06
42650.056 1.3243790262697043e-06
42700.056 1.2935066638800798e-06
42750.056 1.1901818025499892e-06
42800.056 1.2384452293402122e-06
42850.056 1.3546533632397716e-06
42900.056 1.3497136452700659e-06
42950.056 1.1699211289996744e-06
43000.056 1.2544627777500023e-06
43050.056 1.0675433777103545e-06
43100.056 1.1988267146299882e-06
43150.056 1.1734637859001168e-06
43200.056 1.154645579650044e-06
43250.056 1.221906030049921e-06
43300.056 1.2429886713700406e-06
43350.056 1.0488893311898287e-06
43400.056 1.126114505299989e-06
43450.056 1.0715643124101274e-06
43500.056 1.0888284994099171e-06
43550.056 1.084759546410037e-06
43600.056 1.177669251290062e-06
43650.056 1.0052050119300091e-06
43700.056 1.1108560630599513e-06
43750.056 1.0855608279401156e-06
43800.056 1.021541378299968e-06
43850.056 1.0011401345901464e-06
43900.056 1.052100976959917e-06
43950.056 9.390973986699605e-07
44000.056 8.746880193400379e-07
44050.056 9.43410946870021e-07
44100.056 1.0094923151700971e-06
44150.056 1.0203819807499544e-06
44200.056 9.54362609580026e-07
44250.056 9.064579883399991e-07
44300.056 8.765412114400956e-07
44350.056 8.660890186200612e-07
44400.056 8.882235636199569e-07
44450.056 9.093091753600192e-07
44500.056 8.940273361600977e-07
44550.056 8.823692479899088e-07
44600.056 8.476322890700807e-07
44650.056 9.028770697300384e-07
44700.056 8.191142877700073e-07
44750.056 8.651038295399592e-07
44800.056 8.535670016399837e-07
44850.056 8.564151188500915e-07
44900.056 7.968842242100563e-07
44950.056 7.949021336900432e-07
45000.056 8.280054324099887e-07
45050.056 8.325322016599732e-07
45100.056 8.670524325200089e-07
45150.056 7.974698713199982e-07
45200.056 7.362228748700252e-07
45250.056 7.743866178299265e-07
45300.056 8.207121940500277e-07
45350.056 8.247638943799353e-07
45400.056 8.036877764000673e-07
45450.056 7.664635756199005e-07
45500.056 7.931801304299571e-07
45550.056 8.495610499799586e-07
45600.056 7.991942173600047e-07
45650.056 7.295053039298852e-07
45700.056 8.158821226200668e-07
45750.056 7.492215553700184e-07
45800.056 7.636729877999697e-07
45850.056 8.874491902499729e-07
45900.056 8.614557782300212e-07
45950.056 7.55733616500003e-07
46000.056 8.699091622700264e-07
46050.056 8.699255335801498e-07
46100.056 7.654809353400236e-07
46150.056 8.042657916699457e-07
46200.056 8.294643869801464e-07
46250.056 7.181635940699766e-07
46300.056 8.841321597999823e-07
46350.056 8.02679714389966e-07
46400.056 8.247530585699767e-07
46450.056 8.476355258900412e-07
46500.056 7.632346724899934e-07
46550.056 8.901198696800001e-07
46600.056 8.604619102100325e-07
46650.056 1.044184080409874e-06
46700.056 9.856033288102587e-07
46750.056 8.005922544500458e-07
46800.056 8.168708565300614e-07
46850.056 9.451861131801064e-07
46900.056 8.86548271449894e-07
46950.056 9.869556014500045e-07
47000.056 8.26336587660021e-07
47050.056 9.743955443798922e-07
47100.056 7.484568952100652e-07
47150.056 8.414782933900469e-07
47200.056 9.157515939101001e-07
47250.056 8.091696960499633e-07
47300.056 8.074156003699168e-07
47350.056 7.921899700199497e-07
47400.056 9.26956770299927e-07
47450.056 8.03030502819994e-07
47500.056 9.294554365699396e-07
47550.056 8.059596748399639e-07
47600.056 9.090536546999283e-07
47650.056 7.347266123598856e-07
47700.056 9.153619631000805e-07
47750.056 6.789013718100811e-07
47800.056 8.81544325009969e-07
47850.056 6.810834692899602e-07
47900.056 8.516591420099705e-07
47950.056 7.441134000200499e-07
48000.056 9.787219716400018e-07
48050.056 7.99721084100056e-07
48100.056 8.387123145399911e-07
48150.056 7.740897596600944e-07
48200.056 8.822763251600389e-07
48250.056 7.604851540600287e-07
48300.056 9.77338918919891e-07
48350.056 7.0858756158997e-07
48400.056 7.934431474399556e-07
48450.056 7.43591890220049e-07
48500.056 9.698470206699771e-07
48550.056 7.104145167299837e-07
48600.056 9.2239043238997e-07
48650.056 7.506639636399717e-07
48700.056 9.229729404800395e-07
48750.056 6.527226392100644e-07
48800.056 9.754040771900328e-07
48850.056 7.027081996298571e-07
48900.056 9.54256113700049e-07
48950.056 8.205806779000107e-07
49000.056 7.560311193999481e-07
49050.056 9.069001156099638e-07
49100.056 8.135172004900552e-07
49150.056 8.554025152899578e-07
49200.056 8.129105581399875e-07
49250.056 8.705590422900465e-07
49300.056 7.673604943399566e-07
49350.056 7.71212021770025e-07
49400.056 8.909091303999746e-07
49450.056 8.071999707601748e-07
49500.056 8.038075731499922e-07
49550.056 6.914876061199752e-07
49600.056 7.900277846701062e-07
49650.056 8.132313600699495e-07
49700.056 7.443084479998942e-07
49750.056 1.0339445816199117e-06
49800.056 7.801443348600078e-07
49850.056 9.945893460400872e-07
49900.056 8.283820609999989e-07
49950.056 8.33208480989925e-07
50000.056 8.499555260698788e-07
50050.056 8.483290709700141e-07
50100.056 9.098764228799561e-07
50150.056 7.34343246590003e-07
50200.056 6.537931393000495e-07
50250.056 8.648339272999864e-07
50300.056 7.802677942699879e-07
50350.056 9.720889080900199e-07
50400.056 8.06230396309934e-07
50450.056 7.828404185100887e-07
50500.056 9.662200500800834e-07
50550.056 8.382307966700209e-07
50600.056 8.471546887699339e-07
50650.056 8.543106265500981e-07
50700.056 9.66190703369898e-07
50750.056 9.58374085630098e-07
50800.056 6.784868228299011e-07
50850.056 7.981510815000932e-07
50900.056 9.514521312899507e-07
50950.056 8.80471242820147e-07
51000.056 1.0351108669800869e-06
51050.056 8.346686889000269e-07
51100.056 7.259825546899409e-07
51150.056 8.613484365499781e-07
51200.056 9.273825931599851e-07
51250.056 8.941273712699929e-07
51300.056 7.342468690501813e-07
51350.056 8.589941657799249e-07
51400.056 7.25701234539928e-07
51450.056 6.053506749899016e-07
51500.056 7.349577005800988e-07
51550.056 1.0077485187000744e-06
51600.056 7.257425976200359e-07
51650.056 8.149474264599057e-07
51700.056 8.367750904798075e-07
51750.056 7.233153043200182e-07
51800.056 9.187257849198021e-07
51850.056 8.646006278799346e-07
51900.056 1.0037004676401044e-06
51950.056 8.871817228899459e-07
52000.056 6.559229551699677e-07
52050.056 8.26568923949978e-07
52100.056 7.412057524399677e-07
52150.056 7.244287162200224e-07
52200.056 7.109903044899917e-07
52250.056 7.861831958600091e-07
52300.056 9.697471873099693e-07
52350.056 9.015045039800344e-07
52400.056 6.744987119300851e-07
52450.056 8.203117123300332e-07
52500.056 9.213203761098694e-07
52550.056 8.881324188198733e-07
52600.056 8.35645147600077e-07
52650.056 9.003762395801188e-07
52700.056 7.747867773000188e-07
52750.056 6.637486879999724e-07
52800.056 7.309106528800515e-07
52850.056 7.325352866198879e-07
52900.056 7.827216070499823e-07
52950.056 7.785490545399733e-07
53000.056 9.216122811300183e-07
53050.056 7.144884376198412e-07
53100.056 7.814768510299285e-07
53150.056 9.899017928400553e-07
53200.056 6.229505511200104e-07
53250.056 9.096141693200233e-07
53300.056 9.102720260803169e-07
53350.056 9.043860226399332e-07
53400.056 8.892926334100297e-07
53450.056 7.207139727800191e-07
53500.056 5.762012849899095e-07
53550.056 7.526033326599402e-07
53600.056 8.437081795701259e-07
53650.056 6.788939432200108e-07
53700.056 6.992531291200742e-07
53750.056 7.402127710799995e-07
