galfind/configs/Brown_Dwarf_templates/sonora_bobcat/m0.0/1780g/sp_t475g1780nc_m0.0_resample.dat
# %ECSV 1.0
# ---
# datatype:
# - {name: wav, unit: Angstrom, datatype: float64}
# - {name: flux_nu, unit: erg / (cm2 Hz s), datatype: float64}
# meta: {C/O: '1.00', Kzz: '1.0000E+05', Teff: '475.', Y: '0.28', '[Fe/H]': '0.00', f_hole: '1.00', f_rain: '0.00', grav: '1780.'}
# schema: astropy-2.0
wav flux_nu
4000.0559999999996 nan
4050.0559999999996 3.122120582822091e-17
4100.056 2.234595246000041e-15
4150.056 1.9010373035600196e-14
4200.056 2.2801484100130145e-14
4250.056 1.7697291869500155e-13
4300.056 4.182609862700021e-13
4350.056 7.780591261900031e-13
4400.056 1.3121284467000048e-12
4450.056 2.0788494824000073e-12
4500.056 3.1161954325000092e-12
4550.056 3.5182287871999872e-12
4600.056 1.3776308252999959e-12
4650.056 8.477145729699959e-13
4700.056 4.0832031734999656e-13
4750.056 1.3846284436699868e-13
4800.056 5.908265818499962e-14
4850.056 3.0421944888999825e-14
4900.056 1.9364412136999927e-14
4950.056 1.3265372908999947e-14
5000.056 8.039295669099956e-15
5050.056 5.308171336399993e-15
5100.056 5.2366053724000065e-15
5150.056 5.4621558684999995e-15
5200.056 5.784001516800005e-15
5250.056 6.064075376700003e-15
5300.056 6.378945760000004e-15
5350.056 6.778640819600005e-15
5400.056 7.208452945300005e-15
5450.056 7.754078352200011e-15
5500.056 8.383337602200007e-15
5550.056 9.051056845400007e-15
5600.056 9.653073808000008e-15
5650.056 1.0076680780300002e-14
5700.056 1.0083938611000002e-14
5750.056 9.796737850299993e-15
5800.056 8.83878051339998e-15
5850.056 6.267861304699933e-15
5900.056 2.0437979355920683e-15
5950.056 1.2144630263500184e-14
6000.056 2.487835820800016e-14
6050.056 4.411594231600032e-14
6100.056 7.151350194800049e-14
6150.056 1.0911469290900062e-13
6200.056 1.6106883921000083e-13
6250.056 2.29879432010001e-13
6300.056 3.293460901600015e-13
6350.056 4.66206534350002e-13
6400.056 6.523185298700032e-13
6450.056 8.598892447900008e-13
6500.056 1.1816523627800086e-12
6550.056 1.6407736569999995e-12
6600.056 2.261798255500019e-12
6650.056 3.1215927381000175e-12
6700.056 3.951394093300017e-12
6750.056 5.406032260000022e-12
6800.056 6.382941039000013e-12
6850.056 6.38085544049999e-12
6900.056 5.112550997399977e-12
6950.056 3.8820449723000024e-12
7000.056 3.8395405495999745e-12
7050.056 3.940185730399996e-12
7100.056 4.295182745099993e-12
7150.056 3.824503417639943e-12
7200.056 3.3801630457000144e-12
7250.056 3.5365166101998818e-12
7300.056 3.4695926259000964e-12
7350.056 3.849139377e-12
7400.056 4.2318501443000265e-12
7450.056 4.748303288600045e-12
7500.056 5.140186829200002e-12
7550.056 5.354402117300001e-12
7600.056 5.300408028699991e-12
7650.056 2.6602306961599403e-12
7700.056 2.556376533330053e-12
7750.056 5.77771793520006e-12
7800.056 7.89483576670005e-12
7850.056 1.0751375501699996e-11
7900.056 1.3571009200000059e-11
7950.056 1.5415823389600074e-11
8000.056 2.1105562723000115e-11
8050.056 2.6078822214000146e-11
8100.056 2.6269077469999695e-11
8150.056 2.5896321433200573e-11
8200.056 4.097774183900078e-11
8250.056 4.722483921350021e-11
8300.056 5.823719632800072e-11
8350.056 7.162359541700021e-11
8400.056 9.110335232200086e-11
8450.056 1.205470892600007e-10
8500.056 1.4463153694999944e-10
8550.056 1.8249001866000307e-10
8600.056 2.273071909800017e-10
8650.056 2.7034236935000187e-10
8700.056 3.107525148400021e-10
8750.056 3.608608681600023e-10
8800.056 4.0639296544000146e-10
8850.056 4.199613670699968e-10
8900.056 2.663216142999923e-10
8950.056 2.278658582910026e-10
9000.056 2.460775250869926e-10
9050.056 5.216649756600045e-10
9100.056 5.815312867340251e-10
9150.056 6.532883478800015e-10
9200.056 8.40684078264028e-10
9250.056 7.700584002019681e-10
9300.056 6.725016045807502e-11
9350.056 1.1536897122853649e-10
9400.056 4.649886643835746e-10
9450.056 3.125503567050342e-10
9500.056 2.8819451163706115e-10
9550.056 3.059661357518151e-10
9600.056 3.7333646351297017e-10
9650.056 5.874253782348834e-10
9700.056 1.2029914824099551e-09
9750.056 1.276222196861117e-09
9800.056 1.5942071690199738e-09
9850.056 2.008175903399977e-09
9900.056 2.635200096900069e-09
9950.056 2.9696855681000433e-09
10000.056 2.499731579867003e-09
10050.056 3.3140819009999964e-09
10100.056 3.434845249600012e-09
10150.056 3.152532247299982e-09
10200.056 2.7338160299000694e-09
10250.056 3.1853724756000353e-09
10300.056 3.934250050299882e-09
10350.056 3.329545322500085e-09
10400.056 4.260839999600027e-09
10450.056 4.908957973599845e-09
10500.056 5.449769853299999e-09
10550.056 6.08793902780002e-09
10600.056 6.3830669593000154e-09
10650.056 6.444069092600003e-09
10700.056 6.195910493399992e-09
10750.056 6.149896531299974e-09
10800.056 5.960167763100028e-09
10850.056 5.596988349999998e-09
10900.056 4.793367399099912e-09
10950.056 3.089995951999969e-09
11000.056 1.873756488149855e-09
11050.056 8.922664207889917e-10
11100.056 3.731708500006057e-10
11150.056 1.4424661614667854e-10
11200.056 1.2711161634449936e-10
11250.056 2.1146376622906875e-10
11300.056 2.899942937079965e-10
11350.056 1.0034084822274345e-10
11400.056 4.969265909474685e-10
11450.056 2.4485805627682626e-10
11500.056 2.615845276439757e-10
11550.056 9.099049636104816e-11
11600.056 6.009432279942786e-11
11650.056 1.86182449912161e-10
11700.056 2.4772010118746076e-10
11750.056 1.1598396457256867e-10
11800.056 4.744706048219882e-10
11850.056 6.774284561100001e-10
11900.056 8.335764293099908e-10
11950.056 1.117200324180037e-09
12000.056 1.4842227811000545e-09
12050.056 1.998547250300039e-09
12100.056 2.354350062609982e-09
12150.056 3.0080571365999793e-09
12200.056 3.403345168700018e-09
12250.056 4.2907711217999315e-09
12300.056 5.681233739100148e-09
12350.056 6.42905986710004e-09
12400.056 8.15173359450001e-09
12450.056 1.0098067882900095e-08
12500.056 1.1414735248200119e-08
12550.056 1.284069364550011e-08
12600.056 1.5004030021300188e-08
12650.056 1.6984849126000053e-08
12700.056 1.7667277730999966e-08
12750.056 1.5135856287000046e-08
12800.056 1.250941144539983e-08
12850.056 9.124969191799807e-09
12900.056 7.515791471999957e-09
12950.056 6.441077569900138e-09
13000.056 6.8041806700003386e-09
13050.056 5.050201235189949e-09
13100.056 5.226035431169617e-09
13150.056 3.4515415645922774e-09
13200.056 3.5235510492597865e-09
13250.056 2.686203377311371e-09
13300.056 1.065975828537319e-09
13350.056 3.7194566358686885e-10
13400.056 6.442249453496152e-11
13450.056 1.6335324876782663e-11
13500.056 5.29798119941227e-12
13550.056 1.3102934484503965e-12
13600.056 4.235686687445055e-13
13650.056 2.8111347557927073e-12
13700.056 1.489354510965722e-12
13750.056 7.1712683862576946e-12
13800.056 7.758795401268493e-12
13850.056 2.1949617153704318e-12
13900.056 3.945681968163874e-12
13950.056 3.760465027430903e-12
14000.056 6.111461261745716e-12
14050.056 8.117460834990198e-12
14100.056 6.5284543001177886e-12
14150.056 1.5046808369646826e-11
14200.056 1.017464244414341e-11
14250.056 1.4397562548103542e-11
14300.056 5.1788123896557354e-11
14350.056 4.0838080031437013e-11
14400.056 4.012999086384609e-11
14450.056 8.529888526961537e-11
14500.056 1.844526439088773e-10
14550.056 2.0661619743396604e-10
14600.056 3.91947919652008e-10
14650.056 1.8860215178845978e-10
14700.056 8.660645272486243e-11
14750.056 6.273641185701426e-11
14800.056 6.878128337640041e-11
14850.056 7.454517368424152e-11
14900.056 7.586382604348938e-11
14950.056 7.115873378415076e-11
15000.056 1.7794141508984614e-10
15050.056 2.116166863067588e-10
15100.056 1.1106883896969244e-10
15150.056 5.848522869570716e-11
15200.056 1.620537877868795e-10
15250.056 3.1827133507794857e-10
15300.056 4.2496401812589956e-10
15350.056 5.263224414980078e-10
15400.056 6.900991809880756e-10
15450.056 9.188009837790961e-10
15500.056 1.2413033003498877e-09
15550.056 1.898979879350203e-09
15600.056 2.878699733879873e-09
15650.056 4.383117927200312e-09
15700.056 6.2902097971000846e-09
15750.056 7.493454163300114e-09
15800.056 8.8358951061e-09
15850.056 1.016914485250025e-08
15900.056 1.0625236115700007e-08
15950.056 1.0975062560799955e-08
16000.056 9.769155312499944e-09
16050.056 7.354709248799802e-09
16100.056 4.954645407299931e-09
16150.056 2.924258694119787e-09
16200.056 1.4475991521050603e-09
16250.056 9.21201149706299e-10
16300.056 6.055644990159275e-10
16350.056 6.820962401328591e-10
16400.056 7.736953572779659e-10
16450.056 8.501592590802854e-10
16500.056 8.04596176076084e-10
16550.056 8.567713769604715e-10
16600.056 1.4347950251264245e-09
16650.056 8.235588401077458e-10
16700.056 1.8993487397311711e-10
16750.056 6.25023515696178e-10
16800.056 8.745522310754636e-10
16850.056 8.635063091761017e-10
16900.056 5.167231214940239e-10
16950.056 3.737903030807676e-10
17000.056 2.363383798355221e-10
17050.056 4.125384846149658e-10
17100.056 6.323920069468063e-10
17150.056 4.5795942400398506e-10
17200.056 1.0617309431620278e-09
17250.056 5.559710920956153e-10
17300.056 4.490342454199695e-10
17350.056 4.982438533039981e-10
17400.056 6.974640605528448e-10
17450.056 8.15540720001975e-10
17500.056 1.002750842000129e-09
17550.056 7.791462902387794e-10
17600.056 7.061741039850802e-10
17650.056 5.285720781203979e-10
17700.056 4.417520658545823e-10
17750.056 3.1244678205503244e-10
17800.056 4.978887681909739e-10
17850.056 2.6132291758701304e-10
17900.056 2.0586922734798817e-10
17950.056 1.1928010272191562e-10
18000.056 2.0804277263000698e-10
18050.056 8.534507249270648e-11
18100.056 1.0102042512120682e-10
18150.056 8.096085536547636e-11
18200.056 5.1748464375145886e-11
18250.056 1.8940550470396075e-10
18300.056 3.201128222138726e-11
18350.056 3.0069570606558835e-11
18400.056 1.84172875501299e-11
18450.056 1.0763815493481561e-10
18500.056 9.97916681554782e-11
18550.056 4.455888280243733e-11
18600.056 6.410364180772247e-11
18650.056 4.0321571323708924e-11
18700.056 7.858016763101457e-12
18750.056 2.0997418375111393e-11
18800.056 1.8196961736243073e-10
18850.056 1.6284245964589068e-10
18900.056 1.4571809487358088e-10
18950.056 2.52263265491547e-10
19000.056 5.7558007617280074e-11
19050.056 2.5423577979323708e-11
19100.056 7.877222264606946e-11
19150.056 3.068458919103698e-11
19200.056 6.233473713485481e-11
19250.056 4.0317693050076444e-11
19300.056 2.4709339042469318e-11
19350.056 2.57575646933799e-11
19400.056 1.7670004719152845e-11
19450.056 2.8379551901555064e-11
19500.056 2.9250985963126e-11
19550.056 4.342512120273639e-11
19600.056 8.205836892454401e-11
19650.056 7.113640676677033e-11
19700.056 1.0072624053555246e-10
19750.056 1.3941422609228594e-10
19800.056 9.086784330022052e-11
19850.056 1.2413584797872407e-10
19900.056 1.7118203624246673e-10
19950.056 2.2445825958922094e-10
20000.056 2.5012125743051303e-10
20050.056 2.1326567383102758e-10
20100.056 3.3945065744568363e-10
20150.056 2.3114483656650934e-10
20200.056 1.6989977777629548e-10
20250.056 3.0692186258912627e-10
20300.056 3.398282556807267e-10
20350.056 3.5753128683964445e-10
20400.056 3.495658535609878e-10
20450.056 5.470775675980986e-10
20500.056 6.008940017099738e-10
20550.056 6.468769893400052e-10
20600.056 6.935501339300541e-10
20650.056 7.735850491299717e-10
20700.056 8.220774438100009e-10
20750.056 8.50092385249987e-10
20800.056 8.367363765299481e-10
20850.056 8.984385647800079e-10
20900.056 9.091566901399873e-10
20950.056 8.90084118720011e-10
21000.056 8.737518344000033e-10
21050.056 8.9339765201999e-10
21100.056 8.746287754400034e-10
21150.056 8.718878474699831e-10
21200.056 8.509357862400137e-10
21250.056 8.272047215299616e-10
21300.056 7.765529570000044e-10
21350.056 7.508810265699772e-10
21400.056 7.654291584100486e-10
21450.056 6.670295956890207e-10
21500.056 6.193233907140095e-10
21550.056 5.852676323759804e-10
21600.056 5.374863252019178e-10
21650.056 4.5229084512976493e-10
21700.056 4.4385754162497394e-10
21750.056 3.935850020586478e-10
21800.056 2.919573390045784e-10
21850.056 2.6191865140221403e-10
21900.056 1.9794576460163463e-10
21950.056 1.0496975548190997e-10
22000.056 1.763819875134481e-11
22050.056 2.9058753677599004e-11
22100.056 9.208842439775968e-11
22150.056 6.480199129336111e-11
22200.056 6.591473635731702e-11
22250.056 5.6425551243917264e-11
22300.056 2.8327862355919734e-11
22350.056 3.819491943062034e-11
22400.056 1.4778441459794946e-11
22450.056 2.397206290141872e-11
22500.056 1.810193257443734e-11
22550.056 1.0228199798791813e-11
22600.056 8.376573102859018e-12
22650.056 1.3148217512189479e-11
22700.056 1.345926497853763e-11
22750.056 1.9534445849211515e-11
22800.056 2.3311753024603552e-11
22850.056 1.5156513464328052e-11
22900.056 1.237441647380394e-11
22950.056 9.797085845708387e-12
23000.056 1.1639881249380103e-11
23050.056 1.3967691057984732e-11
23100.056 8.225163368047762e-11
23150.056 6.696055842339574e-11
23200.056 3.467421081874934e-12
23250.056 1.7768700465890196e-11
23300.056 1.3878314680839301e-11
23350.056 1.700600983301099e-11
23400.056 1.1814527839569389e-11
23450.056 8.104901004037435e-12
23500.056 8.53330356717264e-12
23550.056 2.005200301751645e-11
23600.056 4.273965225872465e-11
23650.056 5.2242372954365006e-11
23700.056 8.473032344348571e-12
23750.056 1.113180585384903e-11
23800.056 5.7270820774193014e-11
23850.056 3.244899174628075e-11
23900.056 7.223037586187688e-11
23950.056 3.5455317031412175e-11
24000.056 8.687240582510473e-11
24050.056 8.618404232907562e-11
24100.056 1.0288276826365276e-10
24150.056 1.495932882193474e-10
24200.056 1.1191948560010196e-10
24250.056 9.247312007563146e-11
24300.056 1.8642756092255026e-10
24350.056 1.350372513730032e-10
24400.056 2.877578400501923e-10
24450.056 2.8482581842362043e-10
24500.056 2.414201155402175e-10
24550.056 4.148906038227334e-10
24600.056 4.498493319609585e-10
24650.056 5.804208060762685e-10
24700.056 4.0562749954617046e-10
24750.056 4.894406676864903e-10
24800.056 4.2076824440871804e-10
24850.056 6.431274952171938e-10
24900.056 2.4602445602923715e-10
24950.056 5.00992188274745e-10
25000.056 5.109398160034935e-10
25050.056 2.447624320083567e-10
25100.056 4.4473201972857105e-10
25150.056 1.95088129552479e-10
25200.056 2.8795092635319294e-10
25250.056 9.318055470085186e-11
25300.056 1.3777363952640864e-10
25350.056 5.428479630050659e-11
25400.056 1.5814006120902876e-10
25450.056 4.371632420586855e-11
25500.056 3.602082741774931e-11
25550.056 1.0435167154366559e-10
25600.056 5.5732064960851675e-11
25650.056 1.8575929318553572e-11
25700.056 1.924066337040116e-11
25750.056 4.746446138507714e-12
25800.056 3.2458043553882786e-11
25850.056 5.1671392219826395e-12
25900.056 8.548171275746384e-12
25950.056 1.3765592259673107e-12
26000.056 2.8942060462916158e-11
26050.056 2.3213653682457258e-12
26100.056 1.703433906463626e-11
26150.056 5.8974879990495745e-12
26200.056 8.41288438080473e-12
26250.056 7.86474292477575e-11
26300.056 1.0737846150104844e-11
26350.056 1.7903376099885562e-10
26400.056 2.549361020453773e-10
26450.056 1.188250341044231e-10
26500.056 3.3238674788627847e-10
26550.056 2.772100066298317e-11
26600.056 2.837504495952955e-11
26650.056 3.165449015284834e-12
26700.056 1.8143450836018225e-12
26750.056 2.8806819177633027e-12
26800.056 1.2078452353603509e-11
26850.056 6.236182747370449e-12
26900.056 3.7712543050555223e-11
26950.056 1.1381305406208156e-11
27000.056 7.39011313956874e-11
27050.056 1.0168686268697217e-10
27100.056 6.753135721865083e-12
27150.056 1.1690822439376948e-10
27200.056 6.255964300204657e-12
27250.056 2.8950625023390803e-11
27300.056 3.2336408683044824e-10
27350.056 7.77526023315936e-11
27400.056 3.1069285411395922e-12
27450.056 1.098181270425292e-10
27500.056 1.5652348266447385e-10
27550.056 1.5660578857327144e-11
27600.056 5.844904155008276e-11
27650.056 1.184984022318428e-11
27700.056 1.1685215858758043e-11
27750.056 9.829844352067618e-11
27800.056 2.7645239651588584e-11
27850.056 5.185601631878967e-11
27900.056 6.723210736579731e-11
27950.056 1.5971802784335595e-10
28000.056 1.381962036492833e-10
28050.056 1.3771341988150103e-11
28100.056 1.8553295819665802e-10
28150.056 1.1653938397700177e-10
28200.056 2.6457379088845793e-11
28250.056 2.532040595521556e-10
28300.056 2.505273673193984e-10
28350.056 3.291171279373722e-11
28400.056 1.6349011550931104e-10
28450.056 3.235003888395011e-10
28500.056 1.606524295936533e-10
28550.056 2.9821213172559656e-11
28600.056 2.956436182066991e-10
28650.056 1.6107401392261454e-10
28700.056 2.664712377068979e-10
28750.056 5.557484007802033e-10
28800.056 1.9736404945253868e-10
28850.056 4.774956424751058e-10
