galfind/configs/Brown_Dwarf_templates/sonora_bobcat/m0.0/1780g/sp_t575g1780nc_m0.0_resample.dat
# %ECSV 1.0
# ---
# datatype:
# - {name: wav, unit: Angstrom, datatype: float64}
# - {name: flux_nu, unit: erg / (cm2 Hz s), datatype: float64}
# meta: {C/O: '1.00', Kzz: '1.0000E+05', Teff: '575.', Y: '0.28', '[Fe/H]': '0.00', f_hole: '1.00', f_rain: '0.00', grav: '1780.'}
# schema: astropy-2.0
wav flux_nu
4000.0559999999996 nan
4050.0559999999996 1.7287797859265568e-16
4100.056 2.1217895482500434e-14
4150.056 2.1223257363600234e-13
4200.056 2.302696980698413e-13
4250.056 1.9508360263100173e-12
4300.056 4.441960930800025e-12
4350.056 7.70118151190003e-12
4400.056 1.2203941201200048e-11
4450.056 1.8292745743000083e-11
4500.056 2.4864558995000075e-11
4550.056 2.5596344380999865e-11
4600.056 8.017891172599966e-12
4650.056 4.315903801499973e-12
4700.056 1.7554136275399812e-12
4750.056 4.115344819199944e-13
4800.056 1.1773636326599897e-13
4850.056 5.066738035299967e-14
4900.056 3.0812861198999875e-14
4950.056 2.0525901202999916e-14
5000.056 1.2049778330399927e-14
5050.056 7.730167410099992e-15
5100.056 7.517120782700012e-15
5150.056 7.737450935300002e-15
5200.056 8.054039714300006e-15
5250.056 8.333110348500004e-15
5300.056 8.671881882700005e-15
5350.056 9.128057139700005e-15
5400.056 9.634298738800007e-15
5450.056 1.0240662475400013e-14
5500.056 1.0907449074000009e-14
5550.056 1.1597871551000006e-14
5600.056 1.2230582582000007e-14
5650.056 1.2715946867e-14
5700.056 1.2826647298000002e-14
5750.056 1.2467959752999991e-14
5800.056 1.1023110829099968e-14
5850.056 7.587819083599917e-15
5900.056 2.4504612788360844e-15
5950.056 1.4931679789100233e-14
6000.056 3.153276318700019e-14
6050.056 5.5054822571000406e-14
6100.056 8.811159848800061e-14
6150.056 1.3534915673000082e-13
6200.056 2.023749906500011e-13
6250.056 2.9301483650000134e-13
6300.056 4.2257717513000184e-13
6350.056 6.024464128500026e-13
6400.056 8.510798580200043e-13
6450.056 1.1510242645300017e-12
6500.056 1.5975697245000116e-12
6550.056 2.223536121999998e-12
6600.056 3.070776210600028e-12
6650.056 4.2255523258000234e-12
6700.056 5.345662220300031e-12
6750.056 7.344747345800029e-12
6800.056 8.785741269300024e-12
6850.056 9.04306853529999e-12
6900.056 7.60959455359999e-12
6950.056 6.082583974800001e-12
7000.056 5.9799250796999695e-12
7050.056 6.22067421679999e-12
7100.056 6.746488223599988e-12
7150.056 6.322356667399924e-12
7200.056 5.8677626361000125e-12
7250.056 5.981363321999825e-12
7300.056 5.773663260600166e-12
7350.056 6.040470853099993e-12
7400.056 6.2883641204000575e-12
7450.056 6.65606306990008e-12
7500.056 6.852457227100001e-12
7550.056 6.820613349099999e-12
7600.056 6.562580784899987e-12
7650.056 3.1019757808199193e-12
7700.056 2.7644474810400726e-12
7750.056 7.238302887400073e-12
7800.056 9.839141396100059e-12
7850.056 1.4066071472000006e-11
7900.056 1.8403302201000073e-11
7950.056 2.1107331961400124e-11
8000.056 3.032335125700018e-11
8050.056 3.845168680400025e-11
8100.056 4.229216539399957e-11
8150.056 4.6564564150000716e-11
8200.056 6.833746875700143e-11
8250.056 8.118714290210018e-11
8300.056 1.0143631520800209e-10
8350.056 1.2472598772600017e-10
8400.056 1.5583753097700069e-10
8450.056 2.0009766752000075e-10
8500.056 2.3393931899999777e-10
8550.056 2.959071103600058e-10
8600.056 3.665902236400026e-10
8650.056 4.36361529940003e-10
8700.056 5.076162193300036e-10
8750.056 5.94226619880004e-10
8800.056 6.813005515700033e-10
8850.056 7.371512950699978e-10
8900.056 5.862730640999882e-10
8950.056 5.453740000450019e-10
9000.056 6.27898519149981e-10
9050.056 1.075722753780013e-09
9100.056 1.2190198078460384e-09
9150.056 1.3704678316500142e-09
9200.056 1.6902073858500267e-09
9250.056 1.6610240094799455e-09
9300.056 3.4990069875288757e-10
9350.056 5.371737996994276e-10
9400.056 1.3815576218402346e-09
9450.056 1.1472530130256754e-09
9500.056 1.0992543849513706e-09
9550.056 1.1946801616140746e-09
9600.056 1.3633851727676568e-09
9650.056 1.8841930372903348e-09
9700.056 3.1192389611058764e-09
9750.056 3.372688584040291e-09
9800.056 4.070759788429917e-09
9850.056 4.940647714499931e-09
9900.056 6.201655144200136e-09
9950.056 6.930045609400089e-09
10000.056 6.089334380879008e-09
10050.056 8.359508421800031e-09
10100.056 9.119270812300047e-09
10150.056 9.2647462121e-09
10200.056 9.181374847700196e-09
10250.056 1.0559750883700113e-08
10300.056 1.2483117522399672e-08
10350.056 1.2023659632300266e-08
10400.056 1.4273026403400071e-08
10450.056 1.593099328299951e-08
10500.056 1.7388403001999927e-08
10550.056 1.9022179114000064e-08
10600.056 1.996384872500003e-08
10650.056 2.0576664028000062e-08
10700.056 2.049846465700003e-08
10750.056 2.0834002351e-08
10800.056 2.071202285100009e-08
10850.056 1.9980582909000026e-08
10900.056 1.734369458999972e-08
10950.056 1.1532980978799929e-08
11000.056 7.621160904999373e-09
11050.056 4.229518009900979e-09
11100.056 2.1988394602635463e-09
11150.056 1.0989157689928343e-09
11200.056 1.1027890453907275e-09
11250.056 1.7009944012998774e-09
11300.056 2.0408449659470584e-09
11350.056 7.991054910955524e-10
11400.056 2.9385702913566093e-09
11450.056 1.7128036571569187e-09
11500.056 1.8030882011047387e-09
11550.056 7.624346918318462e-10
11600.056 6.01436876313316e-10
11650.056 1.3638716721810089e-09
11700.056 1.6534416136007821e-09
11750.056 8.442588865229172e-10
11800.056 2.7613013894699114e-09
11850.056 4.046311114369969e-09
11900.056 5.0317158215999005e-09
11950.056 6.727471162500301e-09
12000.056 8.740672007000244e-09
12050.056 1.1320831292100228e-08
12100.056 1.3475638822499761e-08
12150.056 1.666124782999975e-08
12200.056 1.8842917964500097e-08
12250.056 2.2566157521899472e-08
12300.056 2.7756846638000594e-08
12350.056 3.009738797800004e-08
12400.056 3.61363334819999e-08
12450.056 4.204889078600034e-08
12500.056 4.6194676578000844e-08
12550.056 5.116192663300014e-08
12600.056 5.607076855000045e-08
12650.056 5.929253055400001e-08
12700.056 6.00918855380001e-08
12750.056 5.3405959337000335e-08
12800.056 4.7192344277999635e-08
12850.056 3.693568592699949e-08
12900.056 3.1660520786200133e-08
12950.056 2.794295193190061e-08
13000.056 2.8794868790001327e-08
13050.056 2.295590810789995e-08
13100.056 2.3315157595798278e-08
13150.056 1.6961399143061238e-08
13200.056 1.6656032915879213e-08
13250.056 1.2209645921274554e-08
13300.056 5.431715362094402e-09
13350.056 1.7719357003793085e-09
13400.056 3.8922469258286183e-10
13450.056 1.416426070267056e-10
13500.056 6.008256630909354e-11
13550.056 2.3258830261205077e-11
13600.056 1.037268835706619e-11
13650.056 4.858645924536508e-11
13700.056 2.939972929263849e-11
13750.056 8.978757660677355e-11
13800.056 1.0081083663560525e-10
13850.056 4.021478334860662e-11
13900.056 5.3505916991211865e-11
13950.056 5.3293890061805553e-11
14000.056 6.85704597704153e-11
14050.056 9.585641726545947e-11
14100.056 7.484964353931404e-11
14150.056 1.378131930183335e-10
14200.056 9.541737242428582e-11
14250.056 1.2109698430159415e-10
14300.056 3.513695969305445e-10
14350.056 2.927380017743274e-10
14400.056 2.918220277350884e-10
14450.056 5.212484112907627e-10
14500.056 1.0360789668898799e-09
14550.056 1.0660814259496062e-09
14600.056 1.8786934565285206e-09
14650.056 1.156310221927377e-09
14700.056 6.036339901461938e-10
14750.056 5.459699021844123e-10
14800.056 6.707283655902085e-10
14850.056 7.319668697364223e-10
14900.056 7.615656003813755e-10
14950.056 8.12127359733093e-10
15000.056 1.5947120662368008e-09
15050.056 1.737662992658905e-09
15100.056 1.2045180895255307e-09
15150.056 8.438312392147384e-10
15200.056 1.6585313328764947e-09
15250.056 2.9165893757897023e-09
15300.056 3.5954431317099153e-09
15350.056 4.48633214552098e-09
15400.056 5.65840595979069e-09
15450.056 6.9968518350707544e-09
15500.056 8.591691956699151e-09
15550.056 1.150270808460098e-08
15600.056 1.527336195839945e-08
15650.056 2.005883984640107e-08
15700.056 2.583503639500024e-08
15750.056 2.907007015600041e-08
15800.056 3.227059258799991e-08
15850.056 3.5430382107000646e-08
15900.056 3.552511215900008e-08
15950.056 3.513664147399966e-08
16000.056 3.0733015922999973e-08
16050.056 2.3023541022999404e-08
16100.056 1.6284941884799656e-08
16150.056 1.034094751377935e-08
16200.056 5.887809823560244e-09
16250.056 4.312270124248878e-09
16300.056 3.1826715845155857e-09
16350.056 3.6574288090733535e-09
16400.056 4.193030087315164e-09
16450.056 4.4675237051811444e-09
16500.056 4.597482100037067e-09
16550.056 4.639752748352691e-09
16600.056 6.358172816183326e-09
16650.056 3.932725092238575e-09
16700.056 1.0903510141735663e-09
16750.056 2.9207825716031025e-09
16800.056 4.190160133330618e-09
16850.056 4.208506607208049e-09
16900.056 2.9240460389922746e-09
16950.056 2.2187172158246292e-09
17000.056 1.5596978540669775e-09
17050.056 2.5296293797513274e-09
17100.056 3.4515039041780867e-09
17150.056 2.621490828785027e-09
17200.056 5.094005713300019e-09
17250.056 3.3322933740229455e-09
17300.056 2.72603833917782e-09
17350.056 2.746350697337904e-09
17400.056 3.421323063085146e-09
17450.056 3.865679121294766e-09
17500.056 4.446149424320778e-09
17550.056 3.556634923395898e-09
17600.056 3.174979749460452e-09
17650.056 2.6213890779370387e-09
17700.056 2.143397852149762e-09
17750.056 1.6266717141413584e-09
17800.056 2.384934334403137e-09
17850.056 1.3663582419191906e-09
17900.056 1.225703681979744e-09
17950.056 7.856375776815005e-10
18000.056 1.1892838359698015e-09
18050.056 6.287306282025159e-10
18100.056 7.516454899239185e-10
18150.056 7.078036430433378e-10
18200.056 4.5486666881967795e-10
18250.056 1.3623064387784181e-09
18300.056 3.776350027914988e-10
18350.056 3.461496022350469e-10
18400.056 2.493801249635577e-10
18450.056 8.32850722622218e-10
18500.056 7.723924906969299e-10
18550.056 4.454344633344146e-10
18600.056 5.165490595774825e-10
18650.056 3.568285222795401e-10
18700.056 1.3703745146017733e-10
18750.056 3.041946030287523e-10
18800.056 1.3192089194021484e-09
18850.056 1.2409815692501946e-09
18900.056 1.0493263840644983e-09
18950.056 1.845091567295396e-09
19000.056 6.416129882678053e-10
19050.056 3.2873809154330956e-10
19100.056 7.534546042212583e-10
19150.056 3.528769764012047e-10
19200.056 5.630461674679373e-10
19250.056 3.7691660148228877e-10
19300.056 2.7357419469102156e-10
19350.056 2.615262743089228e-10
19400.056 1.9420072504424934e-10
19450.056 3.1655694472719524e-10
19500.056 3.110767110081859e-10
19550.056 3.737087705186587e-10
19600.056 6.150543848342399e-10
19650.056 5.718786389348344e-10
19700.056 7.116846972316452e-10
19750.056 9.955118038337104e-10
19800.056 7.297861815861875e-10
19850.056 9.857260614034923e-10
19900.056 1.1538872704582066e-09
19950.056 1.5759030224334834e-09
20000.056 1.7220171647851087e-09
20050.056 1.5904086067390136e-09
20100.056 2.4220715253956448e-09
20150.056 1.6697481088255636e-09
20200.056 1.3442172522637796e-09
20250.056 2.193459034410013e-09
20300.056 2.3854189113912216e-09
20350.056 2.4797815446815587e-09
20400.056 2.4178890383398817e-09
20450.056 3.621394641700663e-09
20500.056 3.99651032329959e-09
20550.056 4.290527168100179e-09
20600.056 4.607074088900379e-09
20650.056 5.198222388099878e-09
20700.056 5.566056255700088e-09
20750.056 5.837277720799851e-09
20800.056 5.851294768099536e-09
20850.056 6.306612413500076e-09
20900.056 6.467983970999816e-09
20950.056 6.381470459000136e-09
21000.056 6.315050006400051e-09
21050.056 6.458871955099884e-09
21100.056 6.3312252135000545e-09
21150.056 6.316947349499748e-09
21200.056 6.126090445500142e-09
21250.056 5.915756299099628e-09
21300.056 5.507077381899988e-09
21350.056 5.325346954739842e-09
21400.056 5.327373024400419e-09
21450.056 4.694604298510113e-09
21500.056 4.364704755848136e-09
21550.056 4.0557745313998994e-09
21600.056 3.7059321162066512e-09
21650.056 3.1017755602527914e-09
21700.056 3.068994038009829e-09
21750.056 2.6665165594645643e-09
21800.056 2.0600759664351607e-09
21850.056 1.866257540568484e-09
21900.056 1.4437238395179247e-09
21950.056 8.400742807911101e-10
22000.056 2.117593887245638e-10
22050.056 2.767370021494372e-10
22100.056 7.724004631718646e-10
22150.056 6.098656714180304e-10
22200.056 6.459266537566371e-10
22250.056 5.67035459804983e-10
22300.056 3.320231515250074e-10
22350.056 4.1220322501579427e-10
22400.056 1.8859672799577285e-10
22450.056 2.6105752621120455e-10
22500.056 2.171490030626316e-10
22550.056 1.421701338197208e-10
22600.056 1.2411857169635173e-10
22650.056 1.8676708586893473e-10
22700.056 1.7213866388686314e-10
22750.056 2.112558557308927e-10
22800.056 2.3897139421562925e-10
22850.056 1.7239387767143413e-10
22900.056 1.4810943665602172e-10
22950.056 1.294790780428084e-10
23000.056 1.5669277015589127e-10
23050.056 2.0082487141415533e-10
23100.056 7.402123436921998e-10
23150.056 5.909121425370194e-10
23200.056 4.962920754594676e-11
23250.056 1.7951828727586098e-10
23300.056 1.4791468325503954e-10
23350.056 1.7777638287024508e-10
23400.056 1.363917963975166e-10
23450.056 1.0803448987426721e-10
23500.056 1.1857960368815883e-10
23550.056 2.1993157347178043e-10
23600.056 3.7987646269383514e-10
23650.056 4.777777332853741e-10
23700.056 1.1036544085672089e-10
23750.056 1.2451518513170712e-10
23800.056 4.3891460411757466e-10
23850.056 3.0341622492706874e-10
23900.056 6.104628121876321e-10
23950.056 3.78631306858307e-10
24000.056 7.355015312747766e-10
24050.056 7.451716732565793e-10
24100.056 7.805014666658138e-10
24150.056 1.0939363583535627e-09
24200.056 8.559293725007181e-10
24250.056 7.496015631762633e-10
24300.056 1.2735187830349851e-09
24350.056 9.721823560634165e-10
24400.056 1.7766709341499246e-09
24450.056 1.7386011359496784e-09
24500.056 1.5455104205706899e-09
24550.056 2.3135478782641352e-09
24600.056 2.388232012739748e-09
24650.056 3.0923970058949416e-09
24700.056 2.0579621402905896e-09
24750.056 2.375354289227081e-09
24800.056 2.1127130138846145e-09
24850.056 3.3471710258521925e-09
24900.056 1.312763020818408e-09
24950.056 2.724806576125574e-09
25000.056 2.4947054147187746e-09
25050.056 1.3318102531891798e-09
25100.056 2.308958848652103e-09
25150.056 1.1377005217130732e-09
25200.056 1.607759410681216e-09
25250.056 6.079475136569706e-10
25300.056 9.593413402197425e-10
25350.056 4.1087969318101936e-10
25400.056 1.100244316918126e-09
25450.056 3.689151050422339e-10
25500.056 3.294310929614838e-10
25550.056 7.134532360132454e-10
25600.056 4.660690719224319e-10
25650.056 1.8279905554536375e-10
25700.056 2.739648199596143e-10
25750.056 7.600849435235857e-11
25800.056 4.182125797566429e-10
25850.056 9.042214972785288e-11
25900.056 1.4522269235668278e-10
25950.056 3.4793450332260323e-11
26000.056 4.109582208832869e-10
26050.056 5.886930464079706e-11
26100.056 3.0593387052387506e-10
26150.056 1.4049473668450242e-10
26200.056 1.6741296577949843e-10
26250.056 1.002910628968616e-09
26300.056 2.405888958994036e-10
26350.056 1.6224569333944738e-09
26400.056 1.8255742204512522e-09
26450.056 1.1929786155846712e-09
26500.056 2.388213024497391e-09
26550.056 3.706963023778953e-10
26600.056 4.521350321084344e-10
26650.056 7.597879777007216e-11
26700.056 4.8272010663545284e-11
26750.056 5.290272543656003e-11
26800.056 1.528682887754668e-10
26850.056 8.172585294225774e-11
26900.056 3.9288609792838077e-10
26950.056 1.426288355018101e-10
27000.056 7.450299268151874e-10
27050.056 8.072041571287324e-10
27100.056 1.330632390394589e-10
27150.056 1.1026355572121545e-09
27200.056 1.2763380703457272e-10
27250.056 3.8701575445119837e-10
27300.056 2.4410353355613095e-09
27350.056 8.514111735236295e-10
27400.056 5.691640433756611e-11
27450.056 1.082995806995446e-09
27500.056 1.3973792765663339e-09
27550.056 2.0696641491127205e-10
27600.056 6.107941055278984e-10
27650.056 1.6305808402794897e-10
27700.056 1.382382062684811e-10
27750.056 8.742743270045731e-10
27800.056 2.7385589682115675e-10
27850.056 4.2488658553506127e-10
27900.056 4.952035923772121e-10
27950.056 1.1638741112718046e-09
28000.056 9.157287450542476e-10
28050.056 1.3591197460149342e-10
28100.056 1.1141194752804441e-09
28150.056 7.186935831114582e-10
28200.056 2.206793027261584e-10
28250.056 1.466913856168441e-09
28300.056 1.4595159984692912e-09
28350.056 2.759706098863225e-10
28400.056 1.0212062146988287e-09
28450.056 1.7782721330561063e-09
28500.056 1.0526043501189978e-09
28550.056 2.2973282241980187e-10
28600.056 1.7843426736975651e-09
28650.056 1.1289444764148538e-09
28700.056 1.4711584862588263e-09
28750.056 2.6994797239159527e-09
28800.056 1.3046852879628883e-09
