galfind/configs/Brown_Dwarf_templates/sonora_bobcat/m0.0/1780g/sp_t225g1780nc_m0.0_resample.dat
# %ECSV 1.0
# ---
# datatype:
# - {name: wav, unit: Angstrom, datatype: float64}
# - {name: flux_nu, unit: erg / (cm2 Hz s), datatype: float64}
# meta: {C/O: '1.00', Kzz: '1.0000E+05', Teff: '225.', Y: '0.28', '[Fe/H]': '0.00', f_hole: '1.00', f_rain: '0.00', grav: '1780.'}
# schema: astropy-2.0
wav flux_nu
[from data line 498]
28900.056 2.5334032755598958e-14
28950.056 2.5006933366134415e-14
29000.056 1.7484809531689906e-14
29050.056 4.4076962276432075e-14
29100.056 2.0861503640586575e-15
29150.056 3.365302574550389e-15
29200.056 1.1805890400023216e-13
29250.056 3.490679136366472e-14
29300.056 7.36132490997254e-15
29350.056 7.50071393116796e-14
29400.056 7.281413625405828e-14
29450.056 9.93280008077348e-15
29500.056 1.2487621283068868e-13
29550.056 5.536701248192773e-14
29600.056 1.3143489082814714e-14
29650.056 9.696207682627775e-14
29700.056 4.2101372824930785e-14
29750.056 1.7776807118862314e-13
29800.056 2.7961054660862112e-14
29850.056 1.8856304791809954e-13
29900.056 4.8415810485990465e-14
29950.056 3.0028152776077576e-14
30000.056 1.2959066580046961e-16
30050.056 2.8040157524865962e-14
30100.056 9.915432785512779e-14
30150.056 1.260316794227302e-13
30200.056 3.6837008872500195e-13
30250.056 2.86639953350966e-13
30300.056 3.043224936403484e-13
30350.056 1.127543561336885e-13
30400.056 6.743901118631602e-13
30450.056 8.073352792527986e-13
30500.056 8.388221876055282e-14
30550.056 1.1714173263409787e-13
30600.056 4.076944585684808e-12
30650.056 1.5397307522108532e-12
30700.056 9.63510555069743e-14
30750.056 8.953751790059565e-13
30800.056 2.1921044663409725e-12
30850.056 1.8808523128002005e-12
30900.056 3.3848619208295533e-13
30950.056 6.313280836720914e-13
31000.056 8.598505465959662e-13
31050.056 1.45284817133618e-13
31100.056 4.361323228924349e-14
31150.056 4.873335207973144e-13
31200.056 2.1616853461499274e-12
31250.056 1.3551177538246621e-12
31300.056 1.4602445765703376e-13
31350.056 1.6049423818761204e-12
31400.056 9.620290551450072e-13
31450.056 8.564189154789442e-13
31500.056 2.5024337412109195e-13
31550.056 6.498661117722463e-13
31600.056 4.510425604575276e-13
31650.056 2.1656221124555682e-13
31700.056 1.8757387029203944e-13
31750.056 5.852441953654447e-14
31800.056 9.754176653699218e-14
31850.056 9.437131950747262e-15
31900.056 2.8245851731795416e-14
31950.056 7.545086917202456e-15
32000.056 6.656219667122919e-15
32050.056 2.77900193233958e-15
32100.056 1.9006015566215366e-15
32150.056 9.728795111601628e-16
32200.056 2.5566064381746706e-16
32250.056 5.993529803240768e-16
32300.056 6.443777533377088e-17
32350.056 2.050233137104828e-16
32400.056 1.4456170051773352e-17
32450.056 1.2936993223445611e-16
32500.056 1.2980169570701457e-17
32550.056 8.321675347750082e-17
32600.056 5.666217091115843e-18
32650.056 1.0555174967020425e-16
32700.056 7.562152058707859e-18
32750.056 3.051760257750524e-16
32800.056 6.176431736970735e-17
32850.056 1.9630111463121894e-15
32900.056 6.770720761165661e-16
32950.056 2.4226583404050818e-15
33000.056 5.417728542707368e-16
33050.056 1.5438517240043916e-16
33100.056 2.5764969883655013e-17
33150.056 7.115422651976974e-20
33200.056 2.3082527106423753e-17
33250.056 3.9066727116820106e-17
33300.056 1.3055185329408003e-15
33350.056 3.3096957133056835e-16
33400.056 3.058051019039728e-15
33450.056 6.854640942791046e-17
33500.056 1.2147044427991e-15
33550.056 1.482999776406096e-16
33600.056 6.768408143149196e-16
33650.056 1.1114429202628653e-15
33700.056 9.546467566181509e-17
33750.056 1.3898238692581223e-15
33800.056 4.931689730865142e-17
33850.056 7.014453921663542e-16
33900.056 7.249681691556061e-16
33950.056 1.3282888826220146e-15
34000.056 5.209563405504102e-15
34050.056 7.105278439585279e-16
34100.056 8.741993534271518e-15
34150.056 2.1321001160616767e-15
34200.056 2.128079706330455e-14
34250.056 4.965629406900255e-15
34300.056 1.0154799758420453e-14
34350.056 1.0163209043506114e-13
34400.056 5.887675552267839e-15
34450.056 4.981544644652374e-14
34500.056 8.107251241841357e-15
34550.056 1.1489670784890674e-13
34600.056 7.222111573642527e-13
34650.056 1.0208312944663197e-14
34700.056 3.8533400075881944e-13
34750.056 6.30841563605263e-14
34800.056 5.733586610093498e-14
34850.056 2.01491443352541e-13
34900.056 3.153026384599686e-14
34950.056 4.588220285860085e-13
35000.056 3.14231275786716e-13
35050.056 1.1273361363986465e-12
35100.056 1.0490434366243868e-12
35150.056 2.2927721009770883e-12
35200.056 3.1314060480884494e-12
35250.056 4.4057869048329556e-12
35300.056 3.1382330695360845e-13
35350.056 3.422637058996074e-14
35400.056 1.774281923140105e-14
35450.056 2.4381930189142143e-14
35500.056 3.835462918959677e-13
35550.056 6.675271073925475e-13
35600.056 1.059635549887402e-12
35650.056 8.697310584758298e-13
35700.056 1.7944950384256289e-12
35750.056 1.3862796165257016e-12
35800.056 2.0716081831522876e-13
35850.056 1.7248744582674784e-13
35900.056 5.732979871512513e-13
35950.056 2.7107243593902113e-12
36000.056 3.813756789940163e-12
36050.056 1.7548743795824104e-12
36100.056 1.3416946646535247e-12
36150.056 1.888848205816014e-11
36200.056 8.139030848823475e-12
36250.056 2.2810914350018034e-12
36300.056 1.0837081080388832e-11
36350.056 9.935345453009997e-12
36400.056 1.1280275052299009e-11
36450.056 4.3969131216660145e-12
36500.056 4.0569468036196e-12
36550.056 3.399019360150109e-11
36600.056 4.097167211799915e-11
36650.056 7.629885770183322e-12
36700.056 1.670818134643177e-11
36750.056 5.822869777500731e-11
36800.056 5.145683026999152e-11
36850.056 1.1283111686572069e-11
36900.056 1.058455812146163e-11
36950.056 6.589979889699777e-11
37000.056 4.635320739438767e-11
37050.056 5.714601414825077e-11
37100.056 4.538079176716057e-12
37150.056 1.5054913474248047e-11
37200.056 1.2175840682101e-10
37250.056 4.080994604395994e-11
37300.056 1.0090245719610661e-11
37350.056 1.8370762602896597e-11
37400.056 4.683995088075904e-11
37450.056 2.6968648538597996e-11
37500.056 1.9828471718194342e-11
37550.056 1.2940173871323126e-10
37600.056 2.7065850405097437e-10
37650.056 2.1184826526934018e-11
37700.056 6.296092215480647e-11
37750.056 5.6731516007996934e-11
37800.056 6.359813765911717e-11
37850.056 4.7394578377998996e-11
37900.056 2.9730738758735504e-11
37950.056 4.3909305881898584e-11
38000.056 2.8710774396315206e-11
38050.056 1.1847966548650681e-10
38100.056 2.1011173101788197e-10
38150.056 2.468134768357863e-10
38200.056 1.1959099902243612e-10
38250.056 2.440294605448263e-10
38300.056 6.26951246655921e-10
38350.056 2.2368525492203537e-10
38400.056 4.392218186065993e-11
38450.056 6.547404051157712e-12
38500.056 2.1854799280730972e-11
38550.056 1.7332460183602022e-10
38600.056 3.139729403799754e-10
38650.056 1.619830419845969e-10
38700.056 7.322064341748374e-11
38750.056 1.7587929683949477e-10
38800.056 1.7330640164000394e-10
38850.056 2.1214225872302356e-10
38900.056 1.7121994391955084e-10
38950.056 1.1916059178253356e-10
39000.056 3.294919114649644e-10
39050.056 5.136364654431062e-11
39100.056 6.906802848038975e-11
39150.056 2.9673028145000907e-10
39200.056 3.237981708700022e-10
39250.056 2.0720829737360018e-10
39300.056 1.840666160472168e-10
39350.056 6.409065673400093e-10
39400.056 2.4777897689190995e-10
39450.056 4.78380099940735e-10
39500.056 6.169548725999502e-10
39550.056 1.45732945132057e-10
39600.056 3.135170713400891e-10
39650.056 1.0208894628200199e-09
39700.056 8.719672368899727e-10
39750.056 1.532995519589635e-10
39800.056 7.219577914850837e-11
39850.056 6.983465150000893e-10
39900.056 1.1948536319299717e-09
39950.056 4.0793617960001473e-10
40000.056 6.833182636000478e-10
40050.056 6.481578417719364e-10
40100.056 9.398117015968744e-11
40150.056 6.103822509600656e-10
40200.056 9.568073081399621e-10
40250.056 1.1755781139399277e-09
40300.056 1.1160845124000364e-09
40350.056 3.1420413278691035e-10
40400.056 3.2548136957498504e-10
40450.056 1.803437583450177e-10
40500.056 8.901638486600719e-10
40550.056 1.2343395942399462e-09
40600.056 1.581956614399979e-09
40650.056 7.184338847629161e-10
40700.056 1.1115601982700004e-09
40750.056 8.39969605849927e-10
40800.056 4.5430077802000014e-10
40850.056 1.958570233240128e-09
40900.056 2.1709312941999118e-09
40950.056 9.099232619219283e-10
41000.056 7.808921013899638e-10
41050.056 2.0180052102801012e-09
41100.056 1.6658050742798168e-09
41150.056 3.255781492699811e-10
41200.056 1.8369807707902525e-09
41250.056 2.0464843745297564e-09
41300.056 2.2527940854202375e-09
41350.056 3.7601510923000425e-09
41400.056 3.10821402499991e-09
41450.056 3.0093584686999844e-09
41500.056 1.4045987163098238e-09
41550.056 1.2085538049601328e-09
41600.056 1.5344510526899352e-09
41650.056 3.317605637000255e-09
41700.056 4.692623565199931e-09
41750.056 3.875265665800068e-09
41800.056 4.104369832199925e-09
41850.056 2.380501476799854e-09
41900.056 1.7210337339997724e-09
41950.056 1.2479414619398765e-09
42000.056 3.1519412178191105e-10
42050.056 6.123309622500525e-10
42100.056 1.3759990828200095e-09
42150.056 1.995343774400043e-09
42200.056 2.530157781199986e-09
42250.056 2.026875678100058e-09
42300.056 1.8458356089999388e-09
42350.056 3.440639728900151e-09
42400.056 4.93437641400013e-09
42450.056 6.069386994000096e-09
42500.056 6.427388520199984e-09
42550.056 5.7659681679998736e-09
42600.056 4.129538762500155e-09
42650.056 4.692642928499684e-09
42700.056 2.4945164329800003e-09
42750.056 5.1829626539003225e-09
42800.056 7.468353941400088e-09
42850.056 7.662710282799898e-09
42900.056 7.19266826739999e-09
42950.056 6.204098026400052e-09
43000.056 6.4664439636999265e-09
43050.056 4.204579315199623e-09
43100.056 5.111720262500257e-09
43150.056 6.186585086700116e-09
43200.056 7.652000912100082e-09
43250.056 8.310137499000014e-09
43300.056 7.615703103399835e-09
43350.056 6.121313523499957e-09
43400.056 6.482468084199937e-09
43450.056 4.681586504599929e-09
43500.056 3.5493646008000198e-09
43550.056 5.014712957200188e-09
43600.056 7.140379792799995e-09
43650.056 5.34223485479984e-09
43700.056 6.917012782500474e-09
43750.056 8.26501181869993e-09
43800.056 7.044639028799859e-09
43850.056 6.1052935800000616e-09
43900.056 4.880979554699992e-09
43950.056 4.449668346599986e-09
44000.056 5.016591656500062e-09
44050.056 7.483192787800327e-09
44100.056 8.876394784800012e-09
44150.056 8.38480602809995e-09
44200.056 8.032307030599928e-09
44250.056 6.164187740099846e-09
44300.056 4.382576832299875e-09
44350.056 3.8295076560000576e-09
44400.056 4.581982971300037e-09
44450.056 6.558086348000247e-09
44500.056 6.5278354813999434e-09
44550.056 7.234191620000042e-09
44600.056 6.429244399300002e-09
44650.056 6.99456402759993e-09
44700.056 6.113955853599824e-09
44750.056 6.625640735600112e-09
44800.056 5.215624497199861e-09
44850.056 6.032236709100186e-09
44900.056 6.763706713000027e-09
44950.056 7.663332077400152e-09
45000.056 8.167068482499978e-09
45050.056 7.2875110316997755e-09
45100.056 6.840483645600146e-09
45150.056 6.333184982799893e-09
45200.056 4.5489022023999026e-09
45250.056 5.100868421699981e-09
45300.056 4.684257790499892e-09
45350.056 3.475509548300221e-09
45400.056 7.045664380000131e-09
45450.056 6.718137980300203e-09
45500.056 7.999427574100146e-09
45550.056 7.995204267999766e-09
45600.056 7.679491537000075e-09
45650.056 7.006127149199747e-09
45700.056 4.236853430299558e-09
45750.056 3.99267662290032e-09
45800.056 6.675220359499999e-09
45850.056 5.889171139000197e-09
45900.056 8.144177087100079e-09
45950.056 8.37289743649991e-09
46000.056 7.871125055599982e-09
46050.056 6.813465130900127e-09
46100.056 7.548945002899851e-09
46150.056 5.9416928534999195e-09
46200.056 3.9385989745995856e-09
46250.056 1.7750473301000414e-09
46300.056 4.4624680320002744e-09
46350.056 5.54566654180001e-09
46400.056 5.81262207740004e-09
46450.056 4.24484541459987e-09
46500.056 5.576075038400041e-09
46550.056 3.878966071199748e-09
46600.056 2.9198756707999598e-09
46650.056 4.542512360400115e-09
46700.056 3.54264969089973e-09
46750.056 1.5138965249200233e-09
46800.056 9.294208201899525e-10
46850.056 3.074903821800452e-09
46900.056 5.326451528000139e-09
46950.056 6.075731776700024e-09
47000.056 6.247391815299989e-09
47050.056 4.170402832399672e-09
47100.056 4.159867005300063e-09
47150.056 4.605443286300133e-09
47200.056 4.429430623099817e-09
47250.056 1.848327800989653e-09
47300.056 1.4404484307003248e-09
47350.056 4.1525490989002214e-09
47400.056 5.193575028499991e-09
47450.056 3.843311780399975e-09
47500.056 5.269321276700243e-09
47550.056 5.568761184599943e-09
47600.056 3.6171094403998315e-09
47650.056 3.996672944799875e-09
47700.056 3.548466218500154e-09
47750.056 3.0438146419998978e-09
47800.056 1.5474685382098053e-09
47850.056 5.532203906000717e-10
47900.056 1.1106154947900642e-09
47950.056 2.9912043675002366e-09
48000.056 3.650134205099831e-09
48050.056 3.155001864800055e-09
48100.056 2.0806150238999303e-09
48150.056 3.1209028600000527e-09
48200.056 1.7296883528098243e-09
48250.056 2.6795155423001046e-09
48300.056 2.8166761398999107e-09
48350.056 1.5849642247197967e-09
48400.056 3.859844037599266e-10
48450.056 5.741770888501128e-10
48500.056 1.1785143086999189e-09
48550.056 1.5190917772002917e-09
48600.056 3.3988414384001157e-09
48650.056 4.041782251700012e-09
48700.056 3.872169579100016e-09
48750.056 3.7139041658999833e-09
48800.056 3.3788576304999004e-09
48850.056 1.7110053744398542e-09
48900.056 1.1053357268098785e-09
48950.056 5.874210788499722e-10
49000.056 4.753103406000867e-10
49050.056 1.3914504317999825e-09
49100.056 2.133990758400214e-09
49150.056 2.3785907609e-09
49200.056 3.289262292700104e-09
49250.056 3.3296292123999506e-09
49300.056 2.4359037741998184e-09
49350.056 1.2390326538900969e-09
49400.056 1.3206238763698348e-09
49450.056 9.652125909401052e-10
49500.056 6.925129684699043e-10
49550.056 2.2871721324998678e-10
49600.056 3.389371756360488e-10
49650.056 1.1007478792801118e-09
49700.056 1.7169890690000372e-09
49750.056 1.245076888069937e-09
49800.056 8.418727277400267e-10
49850.056 1.8975949557001212e-09
49900.056 2.308274870300001e-09
49950.056 2.0445121331999376e-09
50000.056 1.028277869019846e-09
50050.056 9.059287111701065e-10
50100.056 8.730224205999489e-10
50150.056 3.652128332999495e-10
50200.056 1.307139586990129e-10
50250.056 3.4502550442000523e-10
50300.056 3.198331646600377e-10
50350.056 9.8609087812008e-10
50400.056 1.540111737600055e-09
50450.056 1.803037001100008e-09
50500.056 2.0408266317000455e-09
50550.056 2.139790035199959e-09
50600.056 1.5138302916999585e-09
50650.056 1.8666418041000004e-09
50700.056 1.4942362012999243e-09
50750.056 8.82221635599939e-10
50800.056 2.977071091479423e-10
50850.056 2.0175994249803833e-10
50900.056 6.924593753200681e-10
50950.056 9.107070805299522e-10
51000.056 7.010967706500946e-10
51050.056 1.2419580932899567e-09
51100.056 8.077602975699501e-10
51150.056 4.555047625800563e-10
51200.056 1.151704726840057e-09
51250.056 1.162808053599966e-09
51300.056 8.279679330199601e-10
51350.056 4.395107218099337e-10
51400.056 2.1422449146001652e-10
51450.056 1.7531984700297265e-10
51500.056 1.897493328040331e-10
51550.056 5.055608226600421e-10
51600.056 7.876488046700327e-10
51650.056 1.0168463143800179e-09
51700.056 8.037696546098978e-10
51750.056 7.55897643380084e-10
51800.056 1.0581698811999958e-09
51850.056 8.998039553099653e-10
51900.056 6.716404001399676e-10
51950.056 3.7314761366995026e-10
52000.056 1.31443541835991e-10
52050.056 2.5340250590000535e-10
52100.056 1.6671582479597984e-10
52150.056 1.2007517558102068e-10
52200.056 3.183130362200262e-10
52250.056 4.837574589300159e-10
52300.056 4.631988714899765e-10
52350.056 1.951467822479951e-10
52400.056 2.353656054400092e-10
52450.056 5.290663789000402e-10
52500.056 4.552253333899896e-10
52550.056 7.35846473249994e-10
52600.056 7.973903260900363e-10
52650.056 8.47396882129978e-10
52700.056 5.521515461599548e-10
52750.056 2.1167734231997284e-10
52800.056 3.518967248100352e-10
52850.056 3.8548705992997907e-10
52900.056 1.6064263580496952e-10
52950.056 2.331100975560301e-10
53000.056 4.5180910330001e-10
53050.056 3.108268286799979e-10
53100.056 6.097999721000418e-10
53150.056 5.814296347799753e-10
53200.056 4.2321856674998747e-10
53250.056 5.326499918200025e-10
53300.056 5.183201736200064e-10
53350.056 4.605250009599848e-10
53400.056 3.361885236199805e-10
53450.056 1.738556059199796e-10
53500.056 8.117742795199549e-11
53550.056 1.1951335573100408e-10
53600.056 2.271144073900345e-10
