galfind/configs/Brown_Dwarf_templates/sonora_bobcat/m0.0/1780g/sp_t325g1780nc_m0.0_resample.dat
# %ECSV 1.0
# ---
# datatype:
# - {name: wav, unit: Angstrom, datatype: float64}
# - {name: flux_nu, unit: erg / (cm2 Hz s), datatype: float64}
# meta: {C/O: '1.00', Kzz: '1.0000E+05', Teff: '325.', Y: '0.28', '[Fe/H]': '0.00', f_hole: '1.00', f_rain: '0.00', grav: '1780.'}
# schema: astropy-2.0
wav flux_nu
4000.0559999999996 nan
4050.0559999999996 2.16614840990004e-18
4100.056 5.943880636330087e-17
4150.056 3.0740440492000247e-16
4200.056 5.453295002300031e-16
4250.056 1.7960401480300114e-15
4300.056 3.6491131324000155e-15
4350.056 6.409227128600023e-15
4400.056 1.0500238787600038e-14
4450.056 1.6449399199000055e-14
4500.056 2.5197350716000077e-14
4550.056 3.527653698300003e-14
4600.056 3.498573324200003e-14
4650.056 3.590416919899999e-14
4700.056 3.164142896499994e-14
4750.056 2.3235896839999925e-14
4800.056 1.681147990799995e-14
4850.056 1.1779052770999962e-14
4900.056 9.059131343399981e-15
4950.056 7.195688783499982e-15
5000.056 4.934301449199976e-15
5050.056 3.4166004080999952e-15
5100.056 3.4323450043000035e-15
5150.056 3.645789647900002e-15
5200.056 3.985682178300003e-15
5250.056 4.225165631100002e-15
5300.056 4.453155939200003e-15
5350.056 4.7131353680000025e-15
5400.056 4.907975977200003e-15
5450.056 5.249595570900007e-15
5500.056 5.691852202500005e-15
5550.056 6.176855558600005e-15
5600.056 6.585893029600004e-15
5650.056 6.860191885200001e-15
5700.056 6.777374513600002e-15
5750.056 6.739574696599997e-15
5800.056 6.22149835599999e-15
5850.056 4.5097746684999525e-15
5900.056 1.483124250188043e-15
5950.056 8.260360671500117e-15
6000.056 1.6722234384000123e-14
6050.056 3.0365639543000234e-14
6100.056 5.072811845300035e-14
6150.056 7.943544165700046e-14
6200.056 1.1922954574900062e-13
6250.056 1.6825723849000075e-13
6300.056 2.4247476418000115e-13
6350.056 3.4395888123000165e-13
6400.056 4.774758690700024e-13
6450.056 5.940443265200002e-13
6500.056 8.021026323500064e-13
6550.056 1.120539711220001e-12
6600.056 1.5519327211000126e-12
6650.056 2.1758561816000113e-12
6700.056 2.7867032312000116e-12
6750.056 3.7606736623000154e-12
6800.056 4.372229326900005e-12
6850.056 4.218070193799991e-12
6900.056 3.1053162765999683e-12
6950.056 2.0557090950000093e-12
7000.056 2.073422772999982e-12
7050.056 2.0336163243000023e-12
7100.056 2.2350447457999986e-12
7150.056 1.6704831375199632e-12
7200.056 1.1535679687300113e-12
7250.056 1.2604316618499544e-12
7300.056 1.2404149600200338e-12
7350.056 1.6232105200000052e-12
7400.056 2.0478692972000076e-12
7450.056 2.5967160404000197e-12
7500.056 3.025782780800003e-12
7550.056 3.2843697070000045e-12
7600.056 3.3443238194999984e-12
7650.056 2.011356314159968e-12
7700.056 2.021553850630031e-12
7750.056 3.993094816200032e-12
7800.056 5.1713812199000285e-12
7850.056 6.4318356118000025e-12
7900.056 7.94055522460004e-12
7950.056 9.198202016700027e-12
8000.056 1.1901408357000052e-11
8050.056 1.435357929100005e-11
8100.056 1.1313426859499816e-11
8150.056 7.284328093700303e-12
8200.056 1.593968749550012e-11
8250.056 1.7550856819820398e-11
8300.056 2.025065774619984e-11
8350.056 2.4791805150900188e-11
8400.056 3.476646638700073e-11
8450.056 5.1537491600000527e-11
8500.056 6.600322313800037e-11
8550.056 8.391752722800096e-11
8600.056 1.0476037083100075e-10
8650.056 1.216027425300006e-10
8700.056 1.2976551114000043e-10
8750.056 1.4133599183000057e-10
8800.056 1.4256323592999956e-10
8850.056 1.1750033106299676e-10
8900.056 2.929413104399769e-11
8950.056 1.3593158440400455e-11
9000.056 1.2727464364770005e-11
9050.056 6.182181549799997e-11
9100.056 6.30667685551049e-11
9150.056 7.236645946539775e-11
9200.056 1.1230346750740693e-10
9250.056 8.018518691209282e-11
9300.056 4.3649029457327383e-13
9350.056 4.698797181236029e-13
9400.056 1.1526657107065147e-11
9450.056 2.6178321926143212e-12
9500.056 2.7663884833272323e-12
9550.056 2.6447492415417644e-12
9600.056 4.737311716988555e-12
9650.056 1.2798301110768063e-11
9700.056 6.015942036389825e-11
9750.056 6.335260230100607e-11
9800.056 9.091042086599811e-11
9850.056 1.3466831090199996e-10
9900.056 2.0995156088600738e-10
9950.056 2.4307013983000417e-10
10000.056 1.8562580941823913e-10
10050.056 1.6001414973999511e-10
10100.056 1.285056413099994e-10
10150.056 8.179008590299739e-11
10200.056 4.007991569200055e-11
10250.056 4.339839147100059e-11
10300.056 6.31760873319977e-11
10350.056 3.4183972859001175e-11
10400.056 5.72174223970008e-11
10450.056 7.156533060599814e-11
10500.056 8.247924239500062e-11
10550.056 9.638653044400022e-11
10600.056 9.754245454799997e-11
10650.056 8.858459005899939e-11
10700.056 7.287385400299927e-11
10750.056 6.357915719899916e-11
10800.056 5.5300088518000305e-11
10850.056 4.7153592266999697e-11
10900.056 3.9051717906999185e-11
10950.056 2.5746299027999667e-11
11000.056 1.4828791365899123e-11
11050.056 5.954909209439814e-12
11100.056 1.628589662546742e-12
11150.056 3.380967973365157e-13
11200.056 1.6216439654067308e-13
11250.056 2.4635999302171076e-13
11300.056 6.32266396258644e-13
11350.056 1.7992555667011865e-13
11400.056 1.489884117651142e-12
11450.056 6.184705414618036e-13
11500.056 6.32775171313674e-13
11550.056 1.9635836251845985e-13
11600.056 8.604765023587435e-14
11650.056 5.140000924103063e-13
11700.056 9.409814691481472e-13
11750.056 4.714603714435684e-13
11800.056 2.1765506258339855e-12
11850.056 2.5890249071500347e-12
11900.056 3.2691186272000207e-12
11950.056 4.44038861680007e-12
12000.056 5.570413122400194e-12
12050.056 7.708176831900123e-12
12100.056 8.577075797500066e-12
12150.056 1.1473438918700038e-11
12200.056 1.3490338099299985e-11
12250.056 2.0369947165500315e-11
12300.056 3.231227244380104e-11
12350.056 4.096189161100083e-11
12400.056 6.05416476230008e-11
12450.056 9.071044764700171e-11
12500.056 1.1248216873799945e-10
12550.056 1.2343416513300214e-10
12600.056 1.7352751303000422e-10
12650.056 2.4353941520000384e-10
12700.056 2.8275975426999864e-10
12750.056 2.403447611599996e-10
12800.056 1.879016040699962e-10
12850.056 1.2404839379899632e-10
12900.056 8.91327636429987e-11
12950.056 7.39568646150008e-11
13000.056 8.005659488800365e-11
13050.056 5.17550280205983e-11
13100.056 5.850421741499694e-11
13150.056 3.1344023189402564e-11
13200.056 3.289438927569763e-11
13250.056 3.263393455957988e-11
13300.056 9.775068911018026e-12
13350.056 4.867885614959972e-12
13400.056 6.464487732067736e-13
13450.056 6.292359593034167e-14
13500.056 7.71736336342099e-15
13550.056 5.283758741797429e-16
13600.056 7.316692252768146e-17
13650.056 6.796897872815962e-16
13700.056 2.8360112829076434e-16
13750.056 4.2127891887889176e-15
13800.056 5.149831622257644e-15
13850.056 6.844318069675059e-16
13900.056 3.11353201902534e-15
13950.056 2.0277187598333137e-15
14000.056 7.91566468588605e-15
14050.056 7.707453279015862e-15
14100.056 7.18493094707655e-15
14150.056 3.558916905905138e-14
14200.056 2.745169774797615e-14
14250.056 5.083504604794817e-14
14300.056 2.2811553651995373e-13
14350.056 1.9499313800458767e-13
14400.056 1.8665972524922762e-13
14450.056 5.255158719144446e-13
14500.056 1.5476719702826008e-12
14550.056 2.865527032485994e-12
14600.056 6.092383438273013e-12
14650.056 1.6676794566258715e-12
14700.056 5.739168288036725e-13
14750.056 3.17244820268019e-13
14800.056 2.2655596777106978e-13
14850.056 2.3860295357650834e-13
14900.056 1.889972074922374e-13
14950.056 1.1277220705131179e-13
15000.056 5.105640729263821e-13
15050.056 9.99742728417571e-13
15100.056 3.0269668961869426e-13
15150.056 9.329161606503013e-14
15200.056 5.299782996217353e-13
15250.056 1.2632867649998312e-12
15300.056 2.263255194111571e-12
15350.056 2.952633571411136e-12
15400.056 4.072431897482311e-12
15450.056 6.920685798250871e-12
15500.056 1.28738075443997e-11
15550.056 2.839377101800373e-11
15600.056 5.789606977399859e-11
15650.056 1.1665230307200995e-10
15700.056 2.0251991379400453e-10
15750.056 2.630087204900042e-10
15800.056 3.330589455000029e-10
15850.056 4.098048497500108e-10
15900.056 4.409547512699991e-10
15950.056 4.899869239799998e-10
16000.056 4.4409886017999454e-10
16050.056 3.380917895799899e-10
16100.056 2.0621222225799767e-10
16150.056 1.0571384075099132e-10
16200.056 3.6582852735399666e-11
16250.056 1.526300385290994e-11
16300.056 6.560304955697602e-12
16350.056 5.478768586962055e-12
16400.056 5.5555524128378555e-12
16450.056 6.875403642326727e-12
16500.056 5.575242891288593e-12
16550.056 7.029646334814903e-12
16600.056 2.2402113031453808e-11
16650.056 9.191664599510887e-12
16700.056 2.151736274660581e-12
16750.056 8.196708155601877e-12
16800.056 1.0968035709027814e-11
16850.056 9.851714256849536e-12
16900.056 4.233267552511189e-12
16950.056 3.0047984170488303e-12
17000.056 1.4321251546788832e-12
17050.056 2.6448422876621298e-12
17100.056 5.699977903430277e-12
17150.056 4.064249895452484e-12
17200.056 1.2962141267022088e-11
17250.056 3.1138140796034265e-12
17300.056 2.764824329220514e-12
17350.056 4.29747943648015e-12
17400.056 7.941161723858474e-12
17450.056 1.0130423649828388e-11
17500.056 1.5504395301000694e-11
17550.056 1.223936533188964e-11
17600.056 1.2285236357300763e-11
17650.056 7.168608702539758e-12
17700.056 6.149413772659587e-12
17750.056 4.02112483812709e-12
17800.056 6.8112635369874645e-12
17850.056 3.026752866737084e-12
17900.056 1.773934124194984e-12
17950.056 8.874097340535425e-13
18000.056 1.7785153006624066e-12
18050.056 4.860523122729563e-13
18100.056 4.746829235682766e-13
18150.056 2.446597808229077e-13
18200.056 1.4968155946159841e-13
18250.056 7.346392899899506e-13
18300.056 4.571186986130527e-14
18350.056 4.875799406584515e-14
18400.056 1.543843621545276e-14
18450.056 2.800400138292314e-13
18500.056 2.2202959440802986e-13
18550.056 6.30690146604441e-14
18600.056 1.8391889017656827e-13
18650.056 1.312293027295793e-13
18700.056 4.755563850701146e-15
18750.056 1.2790287984850283e-14
18800.056 6.305525548402151e-13
18850.056 4.636895870021941e-13
18900.056 6.836172406894518e-13
18950.056 8.768245237573734e-13
19000.056 6.883750619783885e-14
19050.056 3.130891320123098e-14
19100.056 1.798646766658516e-13
19150.056 6.578350909901457e-14
19200.056 2.1182693971974626e-13
19250.056 1.4850881198229857e-13
19300.056 6.665227149181731e-14
19350.056 9.521762981625465e-14
19400.056 5.186052858047711e-14
19450.056 5.875531184627546e-14
19500.056 6.727166155692561e-14
19550.056 1.589140704088527e-13
19600.056 3.351512831934525e-13
19650.056 2.988529068900652e-13
19700.056 4.991252489267227e-13
19750.056 5.953441662704446e-13
19800.056 3.221697278048017e-13
19850.056 4.901197326244095e-13
19900.056 8.997636164254829e-13
19950.056 9.11578478914824e-13
20000.056 1.0348334933572852e-12
20050.056 8.374800516352487e-13
20100.056 1.2925352506858995e-12
20150.056 9.455071165595817e-13
20200.056 6.708044759544942e-13
20250.056 1.3706661003983667e-12
20300.056 1.572599518895016e-12
20350.056 1.7079281627418256e-12
20400.056 1.80257187159e-12
20450.056 2.58468523978033e-12
20500.056 2.6772405085000344e-12
20550.056 2.748018694199912e-12
20600.056 2.8077424130001766e-12
20650.056 2.8365827632998695e-12
20700.056 2.824303761099967e-12
20750.056 2.7035664380999813e-12
20800.056 2.5251104752999222e-12
20850.056 2.5069730638999975e-12
20900.056 2.3908899708999918e-12
20950.056 2.2460110548999952e-12
21000.056 2.130068726399993e-12
21050.056 2.118538634999991e-12
21100.056 2.080907681599997e-12
21150.056 2.108158668300006e-12
21200.056 2.143587391300019e-12
21250.056 2.211662394199963e-12
21300.056 2.2298103566000163e-12
21350.056 2.264077857759937e-12
21400.056 2.466362734800112e-12
21450.056 2.252128654590067e-12
21500.056 2.1328434704989993e-12
21550.056 2.1543657364919562e-12
21600.056 2.063227487389365e-12
21650.056 1.8836215775787474e-12
21700.056 1.837336568104928e-12
21750.056 1.7998982792965175e-12
21800.056 1.381866575084415e-12
21850.056 1.2776019509616044e-12
21900.056 9.788953420980805e-13
21950.056 4.723985854792268e-13
22000.056 4.0344687299926213e-14
22050.056 8.457077979588057e-14
22100.056 2.5223486538465396e-13
22150.056 1.53578356100353e-13
22200.056 1.481081474739741e-13
22250.056 1.1679872059270835e-13
22300.056 4.086109988335008e-14
22350.056 7.607048425704386e-14
22400.056 2.7283802695503138e-14
22450.056 5.164405683924257e-14
22500.056 3.4077440826853657e-14
22550.056 1.3140951918621878e-14
22600.056 9.008167925182053e-15
22650.056 1.0169204051996552e-14
22700.056 1.594776316563164e-14
22750.056 3.370376601577885e-14
22800.056 4.7818390280171654e-14
22850.056 2.5029313069449098e-14
22900.056 1.9337162328601464e-14
22950.056 1.1751077385678194e-14
23000.056 1.1603862738371601e-14
23050.056 8.887566292330993e-15
23100.056 2.0844640733330056e-13
23150.056 1.9348282432348908e-13
23200.056 5.336359783937952e-15
23250.056 4.658936405093803e-14
23300.056 2.7017192500678747e-14
23350.056 3.782302663998917e-14
23400.056 2.631033949405464e-14
23450.056 1.1143982776725044e-14
23500.056 1.0386646268138629e-14
23550.056 3.2796319066906546e-14
23600.056 1.1347495335479486e-13
23650.056 1.5316368870091916e-13
23700.056 1.2391937783429716e-14
23750.056 2.3606566088889178e-14
23800.056 2.0029986543461577e-13
23850.056 7.92021811852175e-14
23900.056 2.0946180754550793e-13
23950.056 7.376866157607548e-14
24000.056 2.7086335454581714e-13
24050.056 2.7177704497828156e-13
24100.056 4.750684800904349e-13
24150.056 6.972222675750507e-13
24200.056 5.35928892245548e-13
24250.056 3.9307250293708373e-13
24300.056 1.016553082710841e-12
24350.056 7.736473258238057e-13
24400.056 1.9224100722590083e-12
24450.056 2.016777802275022e-12
24500.056 1.7352056098798736e-12
24550.056 3.4897295857161964e-12
24600.056 4.567982667499679e-12
24650.056 5.867588119057525e-12
24700.056 4.6651962892756416e-12
24750.056 6.624101378816402e-12
24800.056 5.974943116710152e-12
24850.056 7.1922839548086255e-12
24900.056 4.0226458501871295e-12
24950.056 6.2207333362859874e-12
25000.056 8.801738112109371e-12
25050.056 3.921742782975862e-12
25100.056 6.6173630658903885e-12
25150.056 2.7973257992434445e-12
25200.056 4.438154554307043e-12
25250.056 1.3991067143588408e-12
25300.056 1.3296378054877691e-12
25350.056 6.039517247971177e-13
25400.056 1.7076238190636302e-12
25450.056 3.532363852477566e-13
25500.056 2.644896215164967e-13
25550.056 1.0882999370760276e-12
25600.056 3.950691709791539e-13
25650.056 1.1346971335618506e-13
25700.056 7.161331189910323e-14
25750.056 2.408372227560388e-14
25800.056 1.276861055387189e-13
25850.056 1.9631095722920182e-14
25900.056 2.918175393655507e-14
25950.056 8.240244332797878e-15
26000.056 8.107091339221991e-14
26050.056 1.0906158518085783e-14
26100.056 4.365817480152293e-14
26150.056 1.8729232628607626e-14
26200.056 2.430708893922501e-14
26250.056 1.6504720720103787e-13
26300.056 2.726818531264334e-14
26350.056 5.863792258538564e-13
26400.056 1.374457116634202e-12
26450.056 4.278218726841219e-13
26500.056 1.5439946366570248e-12
26550.056 1.1031441599651238e-13
26600.056 8.26456170435375e-14
26650.056 1.6994379186654066e-14
26700.056 1.616959847221679e-14
26750.056 2.412246660154512e-14
26800.056 9.063589568287427e-14
26850.056 5.817211576966626e-14
26900.056 2.431383262668556e-13
26950.056 6.031896554596414e-14
27000.056 3.3497723232867676e-13
27050.056 6.909226755995611e-13
27100.056 3.4917942106506455e-14
27150.056 4.952508336093837e-13
27200.056 3.610005759363671e-14
27250.056 1.2290208873619114e-13
27300.056 1.9135132355480014e-12
27350.056 3.7778073377183827e-13
27400.056 3.002452178780757e-14
27450.056 6.305427507226268e-13
27500.056 9.24457587112563e-13
27550.056 1.2529606882614104e-13
27600.056 4.3614064986312717e-13
27650.056 1.064092332784485e-13
27700.056 1.3311828800094905e-13
27750.056 8.63310967316156e-13
27800.056 2.781950216208154e-13
27850.056 6.355045457560382e-13
27900.056 1.048813059822546e-12
27950.056 1.6964646381950434e-12
28000.056 2.1468084167652257e-12
28050.056 1.7422563213167998e-13
28100.056 3.2018418119383604e-12
28150.056 2.1107337923390647e-12
28200.056 3.631917241677341e-13
28250.056 4.667533983837685e-12
28300.056 4.503706427434294e-12
28350.056 4.3574346678269647e-13
28400.056 2.8325063638805353e-12
28450.056 5.208990239256828e-12
28500.056 1.850920849298622e-12
28550.056 4.847153243553429e-13
28600.056 5.112783434821061e-12
28650.056 1.49942628015721e-12
28700.056 4.909316764051086e-12
28750.056 1.0888642965285008e-11
28800.056 1.999186550846638e-12
28850.056 1.1984574584563628e-11
