galfind/configs/Brown_Dwarf_templates/sonora_bobcat/m0.0/1780g/sp_t2200g1780nc_m0.0_resample.dat
# %ECSV 1.0
# ---
# datatype:
# - {name: wav, unit: Angstrom, datatype: float64}
# - {name: flux_nu, unit: erg / (cm2 Hz s), datatype: float64}
# meta: {C/O: '1.00', Kzz: '1.0000E+05', Teff: '2200.', Y: '0.28', '[Fe/H]': '0.00', f_hole: '1.00', f_rain: '0.00', grav: '1780.'}
# schema: astropy-2.0
wav flux_nu
4000.0559999999996 nan
4050.0559999999996 1.3142726304400746e-08
4100.056 1.9075606638049172e-08
4150.056 1.7828121501021598e-08
4200.056 1.3853273151664557e-08
4250.056 1.2365991435290599e-08
4300.056 8.526967735103706e-09
4350.056 8.589673987990593e-09
4400.056 9.507355139633253e-09
4450.056 5.478623275390685e-09
4500.056 4.9991714593806896e-09
4550.056 6.517818141118174e-09
4600.056 5.177390676199333e-09
4650.056 4.0334958469690685e-09
4700.056 5.152224703900578e-09
4750.056 6.057110610088933e-09
4800.056 3.0376558536607246e-09
4850.056 4.167803730500872e-09
4900.056 7.620832732099194e-09
4950.056 8.890442368320112e-09
5000.056 3.4993813565493994e-09
5050.056 4.6871692156304704e-09
5100.056 6.341171808371256e-09
5150.056 5.258665594491167e-09
5200.056 4.1055107791199365e-09
5250.056 6.550495526400161e-09
5300.056 8.10795023099985e-09
5350.056 8.360922869700473e-09
5400.056 8.711029052600146e-09
5450.056 6.564680454299613e-09
5500.056 4.811196251699884e-09
5550.056 5.4182100413999794e-09
5600.056 4.5455705207002356e-09
5650.056 3.7023152926999903e-09
5700.056 3.0739598215000176e-09
5750.056 1.9405685833999286e-09
5800.056 1.0273888880799818e-09
5850.056 3.236840864229921e-10
5900.056 3.609735382540639e-11
5950.056 7.183845514000116e-10
6000.056 2.587496567900012e-09
6050.056 6.134153529200147e-09
6100.056 1.0545247235900218e-08
6150.056 1.4279848715599388e-08
6200.056 1.3713463073800009e-08
6250.056 1.7284432739500533e-08
6300.056 2.4972458337000555e-08
6350.056 3.17855704760014e-08
6400.056 3.876611447300026e-08
6450.056 4.925042628299363e-08
6500.056 5.59128598549925e-08
6550.056 6.894211223399335e-08
6600.056 6.797005283500108e-08
6650.056 5.869350903800492e-08
6700.056 3.7329253783647845e-08
6750.056 5.225401302200204e-08
6800.056 5.864499684700343e-08
6850.056 6.661423858999927e-08
6900.056 7.060939430200037e-08
6950.056 9.176226662800048e-08
7000.056 1.5695365482299344e-07
7050.056 1.5959486622800902e-07
7100.056 7.888172050999844e-08
7150.056 6.984132464600259e-08
7200.056 9.476712068299746e-08
7250.056 1.3492073063801576e-07
7300.056 2.0272100500802415e-07
7350.056 2.7748645700000407e-07
7400.056 3.1369471478002814e-07
7450.056 3.023803011400009e-07
7500.056 2.9296494955000565e-07
7550.056 2.7564088339000375e-07
7600.056 1.6541951994599068e-07
7650.056 2.6495299987256108e-08
7700.056 9.432259047065557e-09
7750.056 9.486156735800361e-08
7800.056 1.679011842389395e-07
7850.056 2.4619877639000396e-07
7900.056 3.0504934161002173e-07
7950.056 3.2678162825796377e-07
8000.056 4.551267214899679e-07
8050.056 6.569045911899875e-07
8100.056 8.833912670900658e-07
8150.056 1.1100803146400009e-06
8200.056 7.074988868039373e-07
8250.056 1.0535401666199722e-06
8300.056 9.412385216901572e-07
8350.056 1.0271645069701457e-06
8400.056 1.0547248977000662e-06
8450.056 6.697822606299608e-07
8500.056 5.906916783447828e-07
8550.056 7.787116751300649e-07
8600.056 9.69733880549784e-07
8650.056 1.1864176512998985e-06
8700.056 1.132786304799928e-06
8750.056 1.2805147764801214e-06
8800.056 1.6782169092501865e-06
8850.056 1.5866804332199449e-06
8900.056 1.1249493374700857e-06
8950.056 1.249336760789465e-06
9000.056 1.6071065429601396e-06
9050.056 1.572137675179902e-06
9100.056 2.005412040259982e-06
9150.056 2.3532550825700492e-06
9200.056 2.37133551809029e-06
9250.056 1.855201068660098e-06
9300.056 1.6274408775700174e-06
9350.056 1.7896395326099919e-06
9400.056 1.958413906290193e-06
9450.056 2.254224519529721e-06
9500.056 2.6489292826999536e-06
9550.056 2.8540257354101333e-06
9600.056 3.089635292900244e-06
9650.056 3.428928883180344e-06
9700.056 3.7410722584998405e-06
9750.056 3.1135542202798907e-06
9800.056 3.2982201420998817e-06
9850.056 3.1920018237999e-06
9900.056 2.2932023878798222e-06
9950.056 1.668920600770073e-06
10000.056 1.6737780177899359e-06
10050.056 1.7589784287999156e-06
10100.056 2.208478674140366e-06
10150.056 2.159457245359944e-06
10200.056 2.3576733104799503e-06
10250.056 2.3453229523296496e-06
10300.056 2.159049767409818e-06
10350.056 2.5553669945500476e-06
10400.056 2.9028388091799014e-06
10450.056 3.042085052040353e-06
10500.056 3.1325401542896466e-06
10550.056 3.3939556863702076e-06
10600.056 3.706781301500155e-06
10650.056 3.6646867205401257e-06
10700.056 3.734048884460142e-06
10750.056 4.072603956530268e-06
10800.056 4.391612363539743e-06
10850.056 4.756665984509733e-06
10900.056 4.883256861689829e-06
10950.056 4.95299309319958e-06
11000.056 4.737821688700022e-06
11050.056 3.810405894000051e-06
11100.056 4.113520442270391e-06
11150.056 4.446910754069884e-06
11200.056 4.4769834748504665e-06
11250.056 5.144007916550095e-06
11300.056 5.062988781649976e-06
11350.056 4.711892059009756e-06
11400.056 3.1871839928800085e-06
11450.056 5.120540899899664e-06
11500.056 6.010144966049707e-06
11550.056 5.841915364879959e-06
11600.056 6.125561701579307e-06
11650.056 5.917478641550328e-06
11700.056 4.159809735650018e-06
11750.056 4.4915375634995615e-06
11800.056 4.583052894490344e-06
11850.056 6.299495257200302e-06
11900.056 6.843895976599313e-06
11950.056 6.166475262400018e-06
12000.056 5.3981363864001186e-06
12050.056 6.306933610699979e-06
12100.056 6.13407556059965e-06
12150.056 6.950676001899669e-06
12200.056 6.765329509399456e-06
12250.056 7.286239267899787e-06
12300.056 7.395531213600424e-06
12350.056 7.2199354383001064e-06
12400.056 6.152138330899818e-06
12450.056 5.11490488930003e-06
12500.056 5.521449749299364e-06
12550.056 5.584760489590252e-06
12600.056 6.813890725500024e-06
12650.056 7.005127243499673e-06
12700.056 7.552908953100157e-06
12750.056 7.487744510799785e-06
12800.056 7.91738803099982e-06
12850.056 7.658157782600059e-06
12900.056 7.292887117899536e-06
12950.056 7.457280620299885e-06
13000.056 7.83065389669954e-06
13050.056 8.132204269399785e-06
13100.056 8.205030158699917e-06
13150.056 8.343224089999862e-06
13200.056 8.095159595400122e-06
13250.056 7.606543619130064e-06
13300.056 6.9227659900793345e-06
13350.056 4.575069233125418e-06
13400.056 4.279579970781252e-06
13450.056 3.8925099362369245e-06
13500.056 3.716692528216614e-06
13550.056 3.565254788880067e-06
13600.056 3.495823205652203e-06
13650.056 4.019012359018838e-06
13700.056 3.7724039218805422e-06
13750.056 3.977159786309393e-06
13800.056 4.438043109578356e-06
13850.056 4.245220107873717e-06
13900.056 4.03006707239019e-06
13950.056 3.840932422603071e-06
14000.056 3.6177121941300827e-06
14050.056 3.8051532426005714e-06
14100.056 3.343403636960243e-06
14150.056 3.5225266559051805e-06
14200.056 3.2396898520312827e-06
14250.056 3.1740654293944015e-06
14300.056 3.30944288027762e-06
14350.056 3.383988377466178e-06
14400.056 3.4855741955420865e-06
14450.056 3.621205680944216e-06
14500.056 3.953444389069805e-06
14550.056 3.974028378469801e-06
14600.056 4.2975121997307775e-06
14650.056 4.206102396298761e-06
14700.056 3.914749522819818e-06
14750.056 4.155090330060621e-06
14800.056 4.271591258280643e-06
14850.056 4.575302692579393e-06
14900.056 4.510414223669727e-06
14950.056 4.56231780884061e-06
15000.056 4.711572754600262e-06
15050.056 5.157218289209404e-06
15100.056 5.091218711000248e-06
15150.056 5.125802993500244e-06
15200.056 5.471009556599724e-06
15250.056 5.552969319699958e-06
15300.056 5.7565346778999685e-06
15350.056 5.9992385976000045e-06
15400.056 6.133223755800006e-06
15450.056 6.347697287200225e-06
15500.056 6.460062927599829e-06
15550.056 6.720583620299627e-06
15600.056 6.741508492500465e-06
15650.056 6.957672659000089e-06
15700.056 7.301673406700946e-06
15750.056 7.524193535099563e-06
15800.056 7.5635551784004515e-06
15850.056 6.5425693436003915e-06
15900.056 6.778120036600135e-06
15950.056 6.7633967292998435e-06
16000.056 6.909928124999949e-06
16050.056 7.05845785050042e-06
16100.056 7.270805092100101e-06
16150.056 6.8683677071001015e-06
16200.056 7.216137775599967e-06
16250.056 6.928918153400023e-06
16300.056 7.035819238300057e-06
16350.056 7.443822942799813e-06
16400.056 7.241728312700276e-06
16450.056 7.507977276400419e-06
16500.056 7.673621896700052e-06
16550.056 8.049305829199802e-06
16600.056 7.567756705600199e-06
16650.056 8.12725206770016e-06
16700.056 7.766680624599502e-06
16750.056 7.757270435599731e-06
16800.056 7.994508446999835e-06
16850.056 8.148364770399603e-06
16900.056 7.87856879540029e-06
16950.056 7.864176207299592e-06
17000.056 7.975692484900476e-06
17050.056 7.901669233500298e-06
17100.056 7.653832472900533e-06
17150.056 7.6024165669003854e-06
17200.056 7.099755516899739e-06
17250.056 6.685961773199988e-06
17300.056 6.7395072604994344e-06
17350.056 6.61641274302055e-06
17400.056 6.428558648469759e-06
17450.056 6.1463109298081695e-06
17500.056 5.938564667719872e-06
17550.056 5.713145356870865e-06
17600.056 5.549838190310036e-06
17650.056 5.596433868930083e-06
17700.056 4.837451395089395e-06
17750.056 4.77114311522975e-06
17800.056 4.673414410471021e-06
17850.056 4.274673724240107e-06
17900.056 4.4356804909802e-06
17950.056 4.295630037249801e-06
18000.056 3.988851298670189e-06
18050.056 4.006702550658557e-06
18100.056 3.903641617889571e-06
18150.056 4.2691094522789825e-06
18200.056 3.5823101279532784e-06
18250.056 4.287861620555463e-06
18300.056 4.036948036017948e-06
18350.056 3.939699337215199e-06
18400.056 3.827066738960218e-06
18450.056 3.466400980176243e-06
18500.056 3.6194224260303444e-06
18550.056 3.343687249250015e-06
18600.056 2.8772255908772123e-06
18650.056 3.298739582174609e-06
18700.056 3.594104327319524e-06
18750.056 3.4500624922198454e-06
18800.056 3.6425709464408937e-06
18850.056 4.127038392339787e-06
18900.056 3.938150700478725e-06
18950.056 4.1652388877997605e-06
19000.056 4.325292402379387e-06
19050.056 4.156696542559946e-06
19100.056 4.396432107250564e-06
19150.056 4.443054087905989e-06
19200.056 4.421409560642784e-06
19250.056 4.217138705259624e-06
19300.056 4.4458744926382515e-06
19350.056 4.384704911769705e-06
19400.056 3.7379851347395027e-06
19450.056 4.369528639730107e-06
19500.056 4.393053901269834e-06
19550.056 3.7361952902706287e-06
19600.056 4.173549855669648e-06
19650.056 4.194530619778302e-06
19700.056 4.1750721757501955e-06
19750.056 3.842324607440262e-06
19800.056 4.097658426569534e-06
19850.056 4.215968610310172e-06
19900.056 3.720084718120639e-06
19950.056 4.307927824839726e-06
20000.056 3.8460757290504915e-06
20050.056 4.227771841970611e-06
20100.056 4.1196990435383315e-06
20150.056 4.251642556000624e-06
20200.056 4.3635996899795284e-06
20250.056 4.476897653809702e-06
20300.056 4.517520915750369e-06
20350.056 4.68631169776955e-06
20400.056 4.70362522543852e-06
20450.056 4.827984745899282e-06
20500.056 4.951925433119771e-06
20550.056 5.02366356859998e-06
20600.056 5.299082090340156e-06
20650.056 5.173233078800154e-06
20700.056 5.428968754300372e-06
20750.056 5.448404947299643e-06
20800.056 5.676586437899827e-06
20850.056 5.582726369799978e-06
20900.056 5.901113864699888e-06
20950.056 5.929560250899784e-06
21000.056 6.089734857599889e-06
21050.056 6.207805049000067e-06
21100.056 6.202306507799948e-06
21150.056 6.440703781100042e-06
21200.056 6.469023693600228e-06
21250.056 6.6898282381996686e-06
21300.056 6.517914607700168e-06
21350.056 6.865440791500136e-06
21400.056 6.681774183900167e-06
21450.056 7.178464135200013e-06
21500.056 6.873845088800167e-06
21550.056 7.043238568899794e-06
21600.056 7.176707014200272e-06
21650.056 7.143657332400078e-06
21700.056 7.350237913599934e-06
21750.056 7.205162551800043e-06
21800.056 7.246303126499725e-06
21850.056 7.2576700515997754e-06
21900.056 7.410007826000371e-06
21950.056 7.288155044400049e-06
22000.056 7.431979768999816e-06
22050.056 7.106590480599633e-06
22100.056 7.286581389299938e-06
22150.056 7.426329016000264e-06
22200.056 7.2349517857005785e-06
22250.056 7.556834553200317e-06
22300.056 7.466387904099997e-06
22350.056 7.263521631600144e-06
22400.056 7.488015574100027e-06
22450.056 7.370251749299634e-06
22500.056 7.4267172664999495e-06
22550.056 7.387044670099544e-06
22600.056 7.401097368499906e-06
22650.056 7.255609062600609e-06
22700.056 7.233818709000657e-06
22750.056 7.457501619699817e-06
22800.056 7.1778816287000534e-06
22850.056 7.311064430900224e-06
22900.056 7.360133996199838e-06
22950.056 5.38612711547049e-06
23000.056 5.864202897930199e-06
23050.056 6.1195677688394255e-06
23100.056 5.893496788369717e-06
23150.056 6.156558955180292e-06
23200.056 6.055979626640238e-06
23250.056 5.064757473089272e-06
23300.056 5.4244597643900244e-06
23350.056 5.641396604170058e-06
23400.056 5.553508429420058e-06
23450.056 5.630120586390335e-06
23500.056 5.720517761179418e-06
23550.056 5.033375680080867e-06
23600.056 5.048807095060673e-06
23650.056 5.400852455599419e-06
23700.056 5.291128598279183e-06
23750.056 5.371674499150682e-06
23800.056 5.317623733890161e-06
23850.056 4.605894016280399e-06
23900.056 4.9580559223401684e-06
23950.056 5.145874412370693e-06
24000.056 4.8222496510491e-06
24050.056 4.76705890966053e-06
24100.056 4.392678890909379e-06
24150.056 4.3016567592204465e-06
24200.056 4.281936709989087e-06
24250.056 4.160167791260151e-06
24300.056 4.0948497116603e-06
24350.056 3.719974798320197e-06
24400.056 4.084061574939984e-06
24450.056 3.6739348683399223e-06
24500.056 3.460300136790195e-06
24550.056 3.341278386730325e-06
24600.056 3.4155356471603196e-06
24650.056 3.6851613369601485e-06
24700.056 3.057405584690016e-06
24750.056 2.896754187840374e-06
24800.056 2.8846739077901335e-06
24850.056 3.3558454225301583e-06
24900.056 2.4872363843009465e-06
24950.056 3.1752497798398246e-06
25000.056 2.856355617290356e-06
25050.056 2.2445506304905586e-06
25100.056 2.766673208459838e-06
25150.056 2.4157228017897824e-06
25200.056 2.5590428230600263e-06
25250.056 2.3662037043394978e-06
25300.056 2.6074312218001906e-06
25350.056 2.1604784325299517e-06
25400.056 2.44804229835073e-06
25450.056 2.174795279259976e-06
25500.056 2.343702091580555e-06
25550.056 2.229401672720076e-06
25600.056 2.2933736869649026e-06
25650.056 2.0373922309658794e-06
25700.056 2.683838479199277e-06
25750.056 1.9005560935442732e-06
25800.056 2.517587494120335e-06
25850.056 2.2614422436858007e-06
25900.056 2.489449087990489e-06
25950.056 2.1471285748201924e-06
26000.056 2.533448003650693e-06
26050.056 2.5884711683199937e-06
26100.056 2.6813481050202453e-06
26150.056 2.6351592490295226e-06
26200.056 2.5026796752380953e-06
26250.056 2.660808953260105e-06
26300.056 2.6085956522599872e-06
26350.056 2.7528410647899535e-06
26400.056 2.781698068889742e-06
26450.056 2.7144177533801227e-06
26500.056 2.886068355509359e-06
26550.056 2.800655776829664e-06
26600.056 3.30213693392961e-06
26650.056 2.5472096914696447e-06
26700.056 2.633149404870067e-06
26750.056 2.2118845742490816e-06
26800.056 2.5371952562795706e-06
26850.056 1.9685848236802553e-06
26900.056 2.639867560189893e-06
26950.056 1.7865069142298784e-06
27000.056 2.4709439206402807e-06
27050.056 2.0652692974297865e-06
27100.056 2.0933628479495376e-06
27150.056 2.2164476909000454e-06
27200.056 2.208583005590264e-06
27250.056 2.0001538795406264e-06
27300.056 2.4336887642502715e-06
27350.056 2.257876993789381e-06
27400.056 1.8722787619598946e-06
27450.056 2.5798208497993907e-06
27500.056 2.337501543740097e-06
27550.056 2.14325116598979e-06
27600.056 2.5910646701798196e-06
27650.056 2.018808924949913e-06
27700.056 1.923196306110049e-06
27750.056 2.6299416039592443e-06
27800.056 1.9297418847399525e-06
27850.056 2.0753415712695407e-06
27900.056 2.1476693456799496e-06
27950.056 2.547944639559859e-06
28000.056 2.3098587031604737e-06
28050.056 1.7563580407404638e-06
28100.056 2.6333583727007006e-06
28150.056 2.0734259806600345e-06
28200.056 1.7625148227500172e-06
28250.056 2.3133948678599543e-06
28300.056 2.6472718960304387e-06
28350.056 1.9358663670494617e-06
28400.056 2.2106284068201015e-06
28450.056 2.30450734567972e-06
28500.056 2.2735698779996005e-06
28550.056 1.5887583868395674e-06
28600.056 2.6531913634301313e-06
28650.056 2.351410335969935e-06
28700.056 2.064354873179767e-06
28750.056 2.3850317268599355e-06
28800.056 2.3138935587104067e-06
28850.056 2.3851181236501935e-06
28900.056 1.8168886116400041e-06
