galfind/configs/Brown_Dwarf_templates/sonora_bobcat/m0.0/1780g/sp_t525g1780nc_m0.0_resample.dat
# %ECSV 1.0
# ---
# datatype:
# - {name: wav, unit: Angstrom, datatype: float64}
# - {name: flux_nu, unit: erg / (cm2 Hz s), datatype: float64}
# meta: {C/O: '1.00', Kzz: '1.0000E+05', Teff: '525.', Y: '0.28', '[Fe/H]': '0.00', f_hole: '1.00', f_rain: '0.00', grav: '1780.'}
# schema: astropy-2.0
wav flux_nu
[from data line 498]
28900.056 5.475919783987001e-10
28950.056 8.713216566644156e-10
29000.056 6.964241431038052e-10
29050.056 1.0756000213163942e-09
29100.056 4.9512177990272e-10
29150.056 9.801549246899869e-10
29200.056 1.2770054035397241e-09
29250.056 1.5458415554708716e-09
29300.056 8.515925045320844e-10
29350.056 2.6901667540088273e-09
29400.056 9.441252768731404e-10
29450.056 7.492888073677486e-10
29500.056 2.2946926947899435e-09
29550.056 9.791069351288847e-10
29600.056 1.3313967258770335e-09
29650.056 3.2218061530319016e-09
29700.056 8.406716534083631e-10
29750.056 2.2762434042814768e-09
29800.056 1.779990483422063e-09
29850.056 3.1989876480599058e-09
29900.056 1.825192720257182e-09
29950.056 1.70677853022403e-09
30000.056 5.4104500524207204e-11
30050.056 2.752065920320417e-10
30100.056 8.892038172161022e-10
30150.056 2.6389743683965164e-09
30200.056 1.9765717118263146e-09
30250.056 4.007352498954318e-09
30300.056 4.056445150531846e-09
30350.056 1.4377532316247401e-09
30400.056 4.762694629921418e-09
30450.056 3.1300209112999156e-09
30500.056 2.4986987011363092e-09
30550.056 1.956520493936656e-09
30600.056 8.9646251175804e-09
30650.056 4.334462707497567e-09
30700.056 2.83458557234806e-09
30750.056 4.89313583736995e-09
30800.056 4.189243930680404e-09
30850.056 4.5626865601169105e-09
30900.056 2.665860654100467e-09
30950.056 2.2617418178939944e-09
31000.056 2.7668725617165385e-09
31050.056 2.543860114528599e-09
31100.056 1.2398335666154992e-09
31150.056 2.3970410093948413e-09
31200.056 5.553819011290062e-09
31250.056 2.3773743427398364e-09
31300.056 1.7799114035330883e-09
31350.056 3.3800029106245444e-09
31400.056 2.179258783401705e-09
31450.056 2.604425053585713e-09
31500.056 9.379538590708374e-10
31550.056 1.773396157766886e-09
31600.056 1.1916776682347458e-09
31650.056 9.393690539753779e-10
31700.056 9.989454180702662e-10
31750.056 4.4333019628649115e-10
31800.056 9.958327916680977e-10
31850.056 2.3701353015308947e-10
31900.056 5.680038769523725e-10
31950.056 2.755533311070327e-10
32000.056 3.0273051226717477e-10
32050.056 3.269234284640819e-10
32100.056 2.498782825686509e-10
32150.056 3.229552991686768e-10
32200.056 1.6711137893306982e-10
32250.056 3.9703905342811234e-10
32300.056 1.2921933048464104e-10
32350.056 4.3882568264866697e-10
32400.056 9.185291511874407e-11
32450.056 3.535519702984915e-10
32500.056 1.2120152065091274e-10
32550.056 3.3858724095701987e-10
32600.056 1.5183966651513463e-10
32650.056 5.8120228577086e-10
32700.056 2.1860906180042037e-10
32750.056 1.141143924878402e-09
32800.056 8.270143394658377e-10
32850.056 1.9272371856103375e-09
32900.056 1.78461816985391e-09
32950.056 1.89191055498579e-09
33000.056 7.315264920768067e-10
33050.056 8.81204788509138e-10
33100.056 2.0760093776212508e-10
33150.056 4.817693551632194e-13
33200.056 8.100809842357855e-12
33250.056 1.3541865226174096e-11
33300.056 8.113952220852203e-11
33350.056 2.4268130190964967e-10
33400.056 7.188680593289861e-10
33450.056 4.407571354944227e-10
33500.056 1.5845162736904876e-09
33550.056 4.068735367949597e-10
33600.056 9.199639665485847e-10
33650.056 9.45889962936892e-10
33700.056 3.2760798696782854e-10
33750.056 1.2584552288937624e-09
33800.056 1.5086919099025547e-10
33850.056 6.10920778771851e-10
33900.056 6.134108583388007e-10
33950.056 5.143909602509205e-10
34000.056 1.0751304704784882e-09
34050.056 1.919965733974279e-10
34100.056 9.740130309885578e-10
34150.056 3.4803141876108357e-10
34200.056 9.571378184344768e-10
34250.056 6.747082678775818e-10
34300.056 5.630864110336159e-10
34350.056 1.4552684266113604e-09
34400.056 3.9245328947550773e-10
34450.056 1.4156656536507488e-09
34500.056 7.815797651500566e-10
34550.056 5.716969695458361e-10
34600.056 2.52376213214004e-09
34650.056 3.7885483739171273e-10
34700.056 1.8453804230002264e-09
34750.056 1.0705643064187203e-09
34800.056 7.605826673780645e-10
34850.056 2.831136902869639e-09
34900.056 6.638895513771293e-10
34950.056 2.5573038077297057e-09
35000.056 3.8859077508512205e-09
35050.056 1.7741468228203162e-09
35100.056 4.8779606707732686e-09
35150.056 4.007855455489742e-09
35200.056 3.223960638385056e-09
35250.056 6.019288344870625e-09
35300.056 1.7569006243540977e-09
35350.056 2.998172372468966e-09
35400.056 2.463710763209369e-09
35450.056 1.895316755034138e-09
35500.056 6.523378442763406e-09
35550.056 3.755054329992019e-09
35600.056 5.019968519651607e-09
35650.056 5.44828725397645e-09
35700.056 4.896514986684049e-09
35750.056 8.748127530263722e-09
35800.056 5.975646422656611e-09
35850.056 3.1357435847091926e-09
35900.056 5.110437007252443e-09
35950.056 7.0182607528890655e-09
36000.056 7.042507444621222e-09
36050.056 5.5871703826200126e-09
36100.056 4.854766537844332e-09
36150.056 1.0760113083229115e-08
36200.056 1.1754431247998572e-08
36250.056 7.374137622183368e-09
36300.056 1.5753804268525088e-08
36350.056 1.1234364070761346e-08
36400.056 1.536796682141669e-08
36450.056 1.1891319822236464e-08
36500.056 1.3605885489689097e-08
36550.056 2.187612076585157e-08
36600.056 2.5030747489995874e-08
36650.056 1.5926310570190505e-08
36700.056 1.63889557491634e-08
36750.056 2.4406698303004733e-08
36800.056 2.6286780104497583e-08
36850.056 1.659105775103204e-08
36900.056 2.06564692196328e-08
36950.056 2.817228485149429e-08
37000.056 2.0575865187498123e-08
37050.056 2.820952673245847e-08
37100.056 1.629488444858467e-08
37150.056 2.219017879898075e-08
37200.056 3.5982995880997017e-08
37250.056 1.969780067295535e-08
37300.056 1.5779684136914582e-08
37350.056 2.7080614807415796e-08
37400.056 3.8710490254598613e-08
37450.056 1.853387356758834e-08
37500.056 2.2210752126038665e-08
37550.056 4.327310747940961e-08
37600.056 5.677760835700345e-08
37650.056 2.0760703291102898e-08
37700.056 3.6620811028703727e-08
37750.056 2.6802627266982554e-08
37800.056 3.114386463650541e-08
37850.056 1.84713706639999e-08
37900.056 2.2046110784500558e-08
37950.056 3.2989031133999625e-08
38000.056 3.100913172040828e-08
38050.056 3.8964586001806317e-08
38100.056 5.167222720300066e-08
38150.056 5.441063416959639e-08
38200.056 4.213859276095118e-08
38250.056 4.789270892280399e-08
38300.056 7.33740024179879e-08
38350.056 6.613484825501221e-08
38400.056 3.4834787185584994e-08
38450.056 2.1496487651993274e-08
38500.056 1.7963969400004157e-08
38550.056 4.3039594471005445e-08
38600.056 4.413261931899283e-08
38650.056 4.660750316819614e-08
38700.056 4.8642462472995574e-08
38750.056 4.4673909346998695e-08
38800.056 4.420939904399878e-08
38850.056 5.027744476800257e-08
38900.056 5.8305915321992146e-08
38950.056 4.182199915200254e-08
39000.056 5.398025506199007e-08
39050.056 4.328574562501678e-08
39100.056 4.987809137247669e-08
39150.056 6.820444186099759e-08
39200.056 5.392892348099826e-08
39250.056 6.479192295460218e-08
39300.056 5.529211894319911e-08
39350.056 7.983512520000076e-08
39400.056 5.646462561639673e-08
39450.056 7.32855263641038e-08
39500.056 8.022908204799959e-08
39550.056 4.810412127275352e-08
39600.056 6.741563405280386e-08
39650.056 9.420971524199727e-08
39700.056 8.293988367300577e-08
39750.056 4.65072446132086e-08
39800.056 5.1281812664501346e-08
39850.056 9.770841765600364e-08
39900.056 1.0203126315900376e-07
39950.056 6.373820069099885e-08
40000.056 8.99673706199986e-08
40050.056 9.134568103199831e-08
40100.056 4.1542428229571115e-08
40150.056 8.51601994690047e-08
40200.056 9.398997034899191e-08
40250.056 1.0028510127998706e-07
40300.056 1.0034078256600937e-07
40350.056 6.401498796708796e-08
40400.056 9.004552638531629e-08
40450.056 5.573495510099562e-08
40500.056 9.788608180999517e-08
40550.056 1.0507623471398655e-07
40600.056 1.0036469451200012e-07
40650.056 8.07221028775926e-08
40700.056 1.305431038529962e-07
40750.056 9.621135722399187e-08
40800.056 6.73575464519874e-08
40850.056 1.3407517344901114e-07
40900.056 1.2670117203899208e-07
40950.056 9.643820045920499e-08
41000.056 9.347404618299688e-08
41050.056 1.3963867276599497e-07
41100.056 1.2445416405699168e-07
41150.056 6.227374043239762e-08
41200.056 1.3168820855501063e-07
41250.056 1.2146168623668438e-07
41300.056 1.2428281433400557e-07
41350.056 1.5065438359999916e-07
41400.056 1.2427058913300234e-07
41450.056 1.504974058029989e-07
41500.056 1.0365808396058375e-07
41550.056 9.598108487701765e-08
41600.056 1.0373973769170389e-07
41650.056 1.3711792507400746e-07
41700.056 1.518958586799874e-07
41750.056 1.2979037988999731e-07
41800.056 1.433192236700052e-07
41850.056 1.1070963040899207e-07
41900.056 1.0711877946797774e-07
41950.056 1.2049410336000067e-07
42000.056 9.328932574496456e-08
42050.056 9.198661239001116e-08
42100.056 1.20127542114989e-07
42150.056 1.0517428626299795e-07
42200.056 1.075790061359912e-07
42250.056 1.0091932894400696e-07
42300.056 9.388952104399624e-08
42350.056 1.2649613039700415e-07
42400.056 1.3870080864400549e-07
42450.056 1.2431960871301063e-07
42500.056 1.3060414999999612e-07
42550.056 1.1695865845099625e-07
42600.056 1.220463905860235e-07
42650.056 1.645269778259858e-07
42700.056 1.0359257762898071e-07
42750.056 1.0496555898501485e-07
42800.056 1.434583967600031e-07
42850.056 1.561285304239822e-07
42900.056 1.5842740322501004e-07
42950.056 1.2551491585099736e-07
43000.056 1.458082095579974e-07
43050.056 8.311094343100967e-08
43100.056 1.346772439549956e-07
43150.056 1.1574738877800257e-07
43200.056 1.3585022191400588e-07
43250.056 1.9210502632000545e-07
43300.056 1.7210292135999707e-07
43350.056 9.536770577599123e-08
43400.056 1.4036901208900656e-07
43450.056 1.0807720889200666e-07
43500.056 1.121425465760046e-07
43550.056 1.1085504393500527e-07
43600.056 1.6288218229400383e-07
43650.056 9.52977507809947e-08
43700.056 1.6946807369002006e-07
43750.056 1.6615693704999385e-07
43800.056 1.4515072696099346e-07
43850.056 1.3384469758901557e-07
43900.056 1.176202179449953e-07
43950.056 8.773646772899458e-08
44000.056 7.912333622899941e-08
44050.056 1.5807294202200996e-07
44100.056 2.0982689379000463e-07
44150.056 1.9820696245999283e-07
44200.056 1.8009488748000305e-07
44250.056 1.0974503515699507e-07
44300.056 7.926093109800572e-08
44350.056 9.124558245410733e-08
44400.056 9.46196426929964e-08
44450.056 1.4608368511100922e-07
44500.056 1.2708975385101235e-07
44550.056 1.778299177299984e-07
44600.056 1.4637214359600388e-07
44650.056 1.4760300242799173e-07
44700.056 1.0211609922798964e-07
44750.056 1.3130424511301633e-07
44800.056 1.0167724612500493e-07
44850.056 1.4694638128000668e-07
44900.056 1.2486383144299664e-07
44950.056 1.4008271471400964e-07
45000.056 1.584153319900013e-07
45050.056 1.5056006144698982e-07
45100.056 1.4060200278600934e-07
45150.056 1.3170920803999556e-07
45200.056 9.161492402100302e-08
45250.056 1.0670042924398857e-07
45300.056 1.0495343669600943e-07
45350.056 8.122488202180687e-08
45400.056 1.8328265289001004e-07
45450.056 1.6522014292501253e-07
45500.056 1.819948580170083e-07
45550.056 2.0204485613097878e-07
45600.056 1.8495375216000842e-07
45650.056 1.58599382300989e-07
45700.056 9.528219777459443e-08
45750.056 8.326129953400524e-08
45800.056 1.9088206041000678e-07
45850.056 1.664756658840045e-07
45900.056 1.9549654119999546e-07
45950.056 1.6748862977999273e-07
46000.056 1.8670989999601406e-07
46050.056 1.5556421670400584e-07
46100.056 2.0410065937999017e-07
46150.056 1.278859263940006e-07
46200.056 1.0691006158858937e-07
46250.056 4.6264767256976905e-08
46300.056 1.292421204560064e-07
46350.056 1.459306130310107e-07
46400.056 1.416199475560038e-07
46450.056 1.1887091335189157e-07
46500.056 1.3287943887501514e-07
46550.056 8.547767545799858e-08
46600.056 9.850021762058817e-08
46650.056 1.4688656665600775e-07
46700.056 1.0934178870198651e-07
46750.056 5.330345517950792e-08
46800.056 3.7543594296797e-08
46850.056 1.3669961405501672e-07
46900.056 1.6163192683599446e-07
46950.056 1.5465442215899256e-07
47000.056 1.5250130367000972e-07
47050.056 1.0953737198897217e-07
47100.056 8.388405140900239e-08
47150.056 1.2597891851601442e-07
47200.056 1.4241252072999494e-07
47250.056 6.98583136458887e-08
47300.056 4.8978091474411146e-08
47350.056 1.4852803671000686e-07
47400.056 1.5115200664999513e-07
47450.056 1.0884481278251154e-07
47500.056 1.695083358399972e-07
47550.056 1.4135652627200463e-07
47600.056 1.3108044916698873e-07
47650.056 1.414119752243926e-07
47700.056 1.1277863652881752e-07
47750.056 8.453924651100005e-08
47800.056 6.834091461300502e-08
47850.056 3.10907670596043e-08
47900.056 5.0166134693698626e-08
47950.056 1.2357465101400767e-07
48000.056 1.5574877514899493e-07
48050.056 1.2681776321499396e-07
48100.056 5.998817068060125e-08
48150.056 1.0156347348000463e-07
48200.056 7.728048012839508e-08
48250.056 1.0706236453700075e-07
48300.056 1.4712434971000007e-07
48350.056 9.506245225899032e-08
48400.056 2.3441284513154446e-08
48450.056 4.824851449012092e-08
48500.056 8.573602664298435e-08
48550.056 9.68725742300138e-08
48600.056 1.2981143639600272e-07
48650.056 1.5538131825999686e-07
48700.056 1.1390475606600778e-07
48750.056 7.58456685230074e-08
48800.056 1.266397212240064e-07
48850.056 7.01733822512896e-08
48900.056 8.746615439291192e-08
48950.056 5.242226099579738e-08
49000.056 2.9881955725086016e-08
49050.056 8.68829678122906e-08
49100.056 1.0834908651951499e-07
49150.056 8.459234151989831e-08
49200.056 1.2986960785001012e-07
49250.056 1.3301260227400204e-07
49300.056 1.1101421300699445e-07
49350.056 5.147120718450803e-08
49400.056 6.982312818838667e-08
49450.056 6.148900854531356e-08
49500.056 5.235408249669195e-08
49550.056 1.1544850632629849e-08
49600.056 3.142981760002928e-08
49650.056 7.406023424300235e-08
49700.056 8.786381521599013e-08
49750.056 8.527566730489393e-08
49800.056 5.2048570662198844e-08
49850.056 1.0674306100600958e-07
49900.056 1.0544689069299831e-07
49950.056 9.206478404899679e-08
50000.056 7.079694835159363e-08
50050.056 8.405822227900565e-08
50100.056 7.139297016599655e-08
50150.056 3.250959052759448e-08
50200.056 6.142144300214647e-09
50250.056 3.566063914999943e-08
50300.056 2.4423575490294316e-08
50350.056 7.966682418000802e-08
50400.056 8.805736482299672e-08
50450.056 6.21030414646005e-08
50500.056 9.97865475340057e-08
50550.056 1.0200007502700127e-07
50600.056 6.694506782798267e-08
50650.056 9.983913854501331e-08
50700.056 1.0547339121699753e-07
50750.056 6.434420965699995e-08
50800.056 2.3033728978785553e-08
50850.056 1.2445345940365667e-08
50900.056 7.211550596800434e-08
50950.056 7.30907476619967e-08
51000.056 5.524448171968784e-08
51050.056 7.759554642798947e-08
51100.056 3.182834276579907e-08
51150.056 3.241417571526286e-08
51200.056 9.618897064299952e-08
51250.056 7.290375835698939e-08
51300.056 4.674776123820622e-08
51350.056 4.7608552643752355e-08
51400.056 1.6929917291343246e-08
51450.056 1.3132508500934138e-08
51500.056 1.1397847010660252e-08
51550.056 4.4313375832406374e-08
51600.056 4.1138689708604595e-08
51650.056 5.407932053199707e-08
51700.056 5.3376422288051325e-08
51750.056 3.931002652040699e-08
51800.056 7.179584284599455e-08
51850.056 5.500403114329753e-08
51900.056 6.64312016530028e-08
51950.056 3.850846140399421e-08
52000.056 4.108581824488456e-09
52050.056 2.018417486140234e-08
52100.056 1.1804235434097857e-08
52150.056 7.034134220301801e-09
52200.056 2.1578319381699e-08
52250.056 3.725779588290603e-08
52300.056 5.006823985699751e-08
52350.056 1.4133543542405051e-08
52400.056 1.5326050417829955e-08
52450.056 5.431852529700668e-08
52500.056 4.423213825189176e-08
52550.056 4.9196952476995704e-08
52600.056 3.8378189429803766e-08
52650.056 4.712629004100139e-08
52700.056 2.8489397321799866e-08
52750.056 1.2379269367624299e-08
52800.056 2.1281048837203764e-08
52850.056 2.668931122779389e-08
52900.056 1.1260548664547903e-08
52950.056 1.897461332580273e-08
53000.056 3.72660303840016e-08
53050.056 1.4193871685957918e-08
53100.056 4.8644120398002816e-08
53150.056 5.1969237411000457e-08
53200.056 1.9393854044098174e-08
53250.056 4.379372136500203e-08
53300.056 4.9716097083011764e-08
53350.056 4.283069841199925e-08
53400.056 2.8419247862997388e-08
53450.056 8.614543884897487e-09
53500.056 2.0143918803343297e-09
