galfind/configs/Brown_Dwarf_templates/sonora_bobcat/m0.0/1780g/sp_t575g1780nc_m0.0_resample.dat
# %ECSV 1.0
# ---
# datatype:
# - {name: wav, unit: Angstrom, datatype: float64}
# - {name: flux_nu, unit: erg / (cm2 Hz s), datatype: float64}
# meta: {C/O: '1.00', Kzz: '1.0000E+05', Teff: '575.', Y: '0.28', '[Fe/H]': '0.00', f_hole: '1.00', f_rain: '0.00', grav: '1780.'}
# schema: astropy-2.0
wav flux_nu
[from data line 498]
28900.056 1.138517063747905e-09
28950.056 1.927881292903195e-09
29000.056 1.5968215439426738e-09
29050.056 2.312499163991165e-09
29100.056 1.1713784537232426e-09
29150.056 2.2930971492174307e-09
29200.056 2.4775838342572008e-09
29250.056 3.2675368679391055e-09
29300.056 1.7274028754551126e-09
29350.056 5.52807463056883e-09
29400.056 1.9999926523368397e-09
29450.056 1.8245140627539976e-09
29500.056 4.403283158719748e-09
29550.056 2.148218151629985e-09
29600.056 2.9037645447735645e-09
29650.056 5.924464243710158e-09
29700.056 1.946538210072491e-09
29750.056 4.56057198230539e-09
29800.056 3.82076589314017e-09
29850.056 6.006977583214246e-09
29900.056 3.907655196996138e-09
29950.056 3.6227900211544196e-09
30000.056 1.5562176418768034e-10
30050.056 6.304004383857676e-10
30100.056 1.7675007224557353e-09
30150.056 4.892230995823991e-09
30200.056 3.897034554413875e-09
30250.056 7.767765004090018e-09
30300.056 7.612022501971838e-09
30350.056 3.255883314961324e-09
30400.056 8.961719749759726e-09
30450.056 5.771293573281672e-09
30500.056 5.077879037101819e-09
30550.056 4.098079552734246e-09
30600.056 1.4277087386940978e-08
30650.056 7.418358867608583e-09
30700.056 5.303862854627879e-09
30750.056 8.555783900493029e-09
30800.056 7.101437530202835e-09
30850.056 7.620955411859277e-09
30900.056 4.667939882796248e-09
30950.056 4.14370787311317e-09
31000.056 4.836723525520941e-09
31050.056 4.7930148026193006e-09
31100.056 2.4150562779657674e-09
31150.056 4.469685939940701e-09
31200.056 8.995262170400448e-09
31250.056 4.212835965987777e-09
31300.056 3.299788520193728e-09
31350.056 5.444422064296395e-09
31400.056 3.6638490925839015e-09
31450.056 4.430499212029413e-09
31500.056 1.7178005715372439e-09
31550.056 3.0347759212501294e-09
31600.056 2.059207282312056e-09
31650.056 1.6588091577394014e-09
31700.056 1.8397130467204512e-09
31750.056 8.696075729865474e-10
31800.056 1.893332733880152e-09
31850.056 5.157971663208365e-10
31900.056 1.1613036812871799e-09
31950.056 5.743085699143115e-10
32000.056 6.965333164687607e-10
32050.056 7.379905157146773e-10
32100.056 5.705596701090364e-10
32150.056 7.720915580059487e-10
32200.056 4.1656453125721566e-10
32250.056 9.718233528432595e-10
32300.056 3.373574903226613e-10
32350.056 1.0626183109741463e-09
32400.056 2.689579697180817e-10
32450.056 8.914248954879568e-10
32500.056 3.74297675292303e-10
32550.056 8.238383591330208e-10
32600.056 4.887817809713475e-10
32650.056 1.3752012760025646e-09
32700.056 6.74232374253032e-10
32750.056 2.4458863307907922e-09
32800.056 1.9753120947402105e-09
32850.056 3.801136030080495e-09
32900.056 3.615267190614073e-09
32950.056 3.83909920806463e-09
33000.056 1.7572980556455192e-09
33050.056 2.1306392148802903e-09
33100.056 5.715470760663859e-10
33150.056 2.7553118305224574e-12
33200.056 2.3759985710110333e-11
33250.056 3.4560209552954574e-11
33300.056 1.5629735464443008e-10
33350.056 4.584431203665552e-10
33400.056 1.224699808534956e-09
33450.056 9.320755862320595e-10
33500.056 3.002075248920985e-09
33550.056 9.432416073971977e-10
33600.056 2.050412743011919e-09
33650.056 2.066652058819843e-09
33700.056 8.436527209565775e-10
33750.056 2.7596437098114156e-09
33800.056 4.2718234640218976e-10
33850.056 1.4143226679451498e-09
33900.056 1.3978679621169418e-09
33950.056 1.1803468095429664e-09
34000.056 2.28309577527982e-09
34050.056 4.725039911669553e-10
34100.056 2.0315669356648604e-09
34150.056 8.121138298132497e-10
34200.056 1.939634098474939e-09
34250.056 1.4991858640398598e-09
34300.056 1.1722154000410719e-09
34350.056 2.642616864895338e-09
34400.056 8.657408239385369e-10
34450.056 2.6821102613342683e-09
34500.056 1.627550461492699e-09
34550.056 1.0346907376986697e-09
34600.056 4.269078166420043e-09
34650.056 8.28025914982648e-10
34700.056 3.1982021242855362e-09
34750.056 2.0285664203800836e-09
34800.056 1.445793095379763e-09
34850.056 4.810302519115256e-09
34900.056 1.4551881559621529e-09
34950.056 4.166825312559458e-09
35000.056 6.678442303755126e-09
35050.056 2.9179153458678908e-09
35100.056 7.72819650374042e-09
35150.056 6.498010978895916e-09
35200.056 5.274658170250002e-09
35250.056 9.58532872489223e-09
35300.056 3.1924223201732997e-09
35350.056 5.351396306492794e-09
35400.056 4.741652622323881e-09
35450.056 3.473113919665634e-09
35500.056 1.100170160724953e-08
35550.056 6.60233969514255e-09
35600.056 8.211161094843022e-09
35650.056 9.033373278994166e-09
35700.056 7.72757994226293e-09
35750.056 1.3816682490309751e-08
35800.056 1.0787822762609182e-08
35850.056 5.711944359171916e-09
35900.056 9.233025070109015e-09
35950.056 1.1759780031918538e-08
36000.056 1.1572981949802038e-08
36050.056 9.688543009116682e-09
36100.056 8.393006894403286e-09
36150.056 1.637993099059843e-08
36200.056 1.829742150247745e-08
36250.056 1.2176163806746729e-08
36300.056 2.3707517831574313e-08
36350.056 1.7857004505622117e-08
36400.056 2.3205217470455113e-08
36450.056 1.898915955313583e-08
36500.056 2.1697839833606014e-08
36550.056 3.211502455320336e-08
36600.056 3.653449122599388e-08
36650.056 2.5112120036907874e-08
36700.056 2.554468385123725e-08
36750.056 3.603563210300654e-08
36800.056 3.8373782909497054e-08
36850.056 2.6382129581148176e-08
36900.056 3.2090724960386904e-08
36950.056 4.1022119748991607e-08
37000.056 3.132628826309706e-08
37050.056 4.127860879411868e-08
37100.056 2.705556742783336e-08
37150.056 3.40170497980815e-08
37200.056 5.117315157499538e-08
37250.056 3.049641870393295e-08
37300.056 2.5662303520500157e-08
37350.056 4.1065438598008184e-08
37400.056 5.658176783539843e-08
37450.056 2.9450094323809935e-08
37500.056 3.4645965061487786e-08
37550.056 6.147953320601455e-08
37600.056 7.754716026300573e-08
37650.056 3.234186464950468e-08
37700.056 5.45792366800051e-08
37750.056 4.025278005270444e-08
37800.056 4.6739121737008656e-08
37850.056 2.901599402900012e-08
37900.056 3.44264992532019e-08
37950.056 4.949752697399899e-08
38000.056 4.7638364605998065e-08
38050.056 5.654407174050946e-08
38100.056 7.237507259760174e-08
38150.056 7.548791936699561e-08
38200.056 6.199276208025137e-08
38250.056 6.680099621270606e-08
38300.056 9.848619814198346e-08
38350.056 9.19795106890159e-08
38400.056 5.222756838977912e-08
38450.056 3.61285310796884e-08
38500.056 2.974356682670696e-08
38550.056 6.325671345000865e-08
38600.056 6.314084047598961e-08
38650.056 6.755845189639392e-08
38700.056 7.182815400699565e-08
38750.056 6.537172901299883e-08
38800.056 6.445918039999712e-08
38850.056 7.235652717400349e-08
38900.056 8.403767782098845e-08
38950.056 6.245761709400262e-08
39000.056 7.697987665598613e-08
39050.056 6.62264113770234e-08
39100.056 7.29287396528651e-08
39150.056 9.530507650199655e-08
39200.056 7.685764020699713e-08
39250.056 9.232285629000292e-08
39300.056 8.044473869399762e-08
39350.056 1.0954423130000128e-07
39400.056 8.159659204249837e-08
39450.056 1.0156045497500422e-07
39500.056 1.098554179230004e-07
39550.056 7.18242292738403e-08
39600.056 9.596350932900314e-08
39650.056 1.2759955675599592e-07
39700.056 1.1319399536100844e-07
39750.056 6.957978502491455e-08
39800.056 7.749790678700142e-08
39850.056 1.331904583630041e-07
39900.056 1.3719774718900496e-07
39950.056 9.276253977699735e-08
40000.056 1.2536396624499824e-07
40050.056 1.2519865468699875e-07
40100.056 6.483526319513176e-08
40150.056 1.196561520520064e-07
40200.056 1.2917824456098797e-07
40250.056 1.3593264503498163e-07
40300.056 1.3627032147001248e-07
40350.056 9.388815561698387e-08
40400.056 1.279013936763161e-07
40450.056 8.434976620299349e-08
40500.056 1.3508038327499285e-07
40550.056 1.4470644120798167e-07
40600.056 1.3660435928200125e-07
40650.056 1.1422402961618812e-07
40700.056 1.7691029127099425e-07
40750.056 1.3217631702698755e-07
40800.056 9.717274665698013e-08
40850.056 1.792293515700148e-07
40900.056 1.6923524626998973e-07
40950.056 1.3365590040360725e-07
41000.056 1.3036879447699553e-07
41050.056 1.8449672950999074e-07
41100.056 1.6559684769598918e-07
41150.056 9.153723546479664e-08
41200.056 1.760204195100124e-07
41250.056 1.6184020767298108e-07
41300.056 1.6152842621000498e-07
41350.056 1.9568118826999872e-07
41400.056 1.6472284073200525e-07
41450.056 1.9565148409599744e-07
41500.056 1.4052142661567895e-07
41550.056 1.3034092982702415e-07
41600.056 1.4165350126510736e-07
41650.056 1.7933699917000913e-07
41700.056 1.9046210254998246e-07
41750.056 1.6768297594199473e-07
41800.056 1.8677932584000887e-07
41850.056 1.4258854487298984e-07
41900.056 1.4391357677497074e-07
41950.056 1.6299281076500295e-07
42000.056 1.33249298730953e-07
42050.056 1.263191498360142e-07
42100.056 1.6538048654898392e-07
42150.056 1.3844037295999857e-07
42200.056 1.4017076952698811e-07
42250.056 1.362356258060075e-07
42300.056 1.2746909528299542e-07
42350.056 1.6487715513700666e-07
42400.056 1.7832693517000738e-07
42450.056 1.5572191067801505e-07
42500.056 1.6291927656299474e-07
42550.056 1.46454967495995e-07
42600.056 1.5783041326803105e-07
42650.056 2.0994560577998062e-07
42700.056 1.3812226862497303e-07
42750.056 1.3357344167601926e-07
42800.056 1.7820189403000462e-07
42850.056 1.953965783349752e-07
42900.056 2.0046087956301417e-07
42950.056 1.5810677375299357e-07
43000.056 1.8376605661399727e-07
43050.056 1.06905929515016e-07
43100.056 1.7009806163999282e-07
43150.056 1.451195092450043e-07
43200.056 1.6955664223300726e-07
43250.056 2.3809858747000781e-07
43300.056 2.1612219156999784e-07
43350.056 1.2040029552198618e-07
43400.056 1.7550445408200868e-07
43450.056 1.3622482959901035e-07
43500.056 1.4466469542500607e-07
43550.056 1.4262947114500626e-07
43600.056 2.0311549782000686e-07
43650.056 1.2172585386699464e-07
43700.056 2.146614255750243e-07
43750.056 2.0423035839999352e-07
43800.056 1.8126089668799004e-07
43850.056 1.6694440198802046e-07
43900.056 1.514141005909927e-07
43950.056 1.1275349736599229e-07
44000.056 1.0114347996899956e-07
44050.056 1.9673554441001142e-07
44100.056 2.5891461246000616e-07
44150.056 2.4795029907999095e-07
44200.056 2.219865897100041e-07
44250.056 1.3749931040899438e-07
44300.056 1.025503401900095e-07
44350.056 1.1923828607701097e-07
44400.056 1.2084787180799477e-07
44450.056 1.839330763750105e-07
44500.056 1.6091970816801866e-07
44550.056 2.232128170999964e-07
44600.056 1.8843752890900555e-07
44650.056 1.8558867705399062e-07
44700.056 1.2968980575198696e-07
44750.056 1.6532967971902293e-07
44800.056 1.3217655654400756e-07
44850.056 1.8906624822000885e-07
44900.056 1.567725851499965e-07
44950.056 1.7459129200801233e-07
45000.056 1.9615542552000253e-07
45050.056 1.8806849665598733e-07
45100.056 1.7738349960801145e-07
45150.056 1.6795784977799397e-07
45200.056 1.2001813758700474e-07
45250.056 1.3853457857398353e-07
45300.056 1.3466746600801338e-07
45350.056 1.084757480286076e-07
45400.056 2.2796785907001414e-07
45450.056 2.0777789369001515e-07
45500.056 2.2637017053001045e-07
45550.056 2.5126631063997215e-07
45600.056 2.3246421819001186e-07
45650.056 1.99229689882987e-07
45700.056 1.245908846293941e-07
45750.056 1.1025772669100586e-07
45800.056 2.4185486328000905e-07
45850.056 2.135861750990042e-07
45900.056 2.4399260487999484e-07
45950.056 2.0476020858999175e-07
46000.056 2.331792702450198e-07
46050.056 1.9329720885700533e-07
46100.056 2.5523421653998815e-07
46150.056 1.6255911432400067e-07
46200.056 1.3980870125898766e-07
46250.056 6.443235592889504e-08
46300.056 1.6629989092600646e-07
46350.056 1.848307800070138e-07
46400.056 1.778462232200056e-07
46450.056 1.5110473603599035e-07
46500.056 1.669829875410217e-07
46550.056 1.1065223523700012e-07
46600.056 1.3116211853678383e-07
46650.056 1.9155401360401034e-07
46700.056 1.4270164499598174e-07
46750.056 7.4486623853211e-08
46800.056 5.401563920699705e-08
46850.056 1.817090896210212e-07
46900.056 2.0485317549999213e-07
46950.056 1.9452132846998954e-07
47000.056 1.9042131337501376e-07
47050.056 1.4182221716396295e-07
47100.056 1.0790522734400357e-07
47150.056 1.5992507922001857e-07
47200.056 1.8208138888999333e-07
47250.056 9.519216678758622e-08
47300.056 6.700914572811333e-08
47350.056 1.9268407132000746e-07
47400.056 1.9023856326999288e-07
47450.056 1.4410249021211625e-07
47500.056 2.1265801434999406e-07
47550.056 1.773664984830062e-07
47600.056 1.70427264663986e-07
47650.056 1.799278027639897e-07
47700.056 1.4478907223402444e-07
47750.056 1.0958217312900006e-07
47800.056 9.28857060020081e-08
47850.056 4.5986186311105724e-08
47900.056 7.095574862509725e-08
47950.056 1.6085440360000878e-07
48000.056 2.0096638286999576e-07
48050.056 1.6742968928799077e-07
48100.056 8.062074184980194e-08
48150.056 1.3145006540900542e-07
48200.056 1.0323950128779449e-07
48250.056 1.3741829779000056e-07
48300.056 1.9096180578999962e-07
48350.056 1.2557425252198868e-07
48400.056 3.5457995785842275e-08
48450.056 7.107774981705558e-08
48500.056 1.17999920537978e-07
48550.056 1.2985560478461632e-07
48600.056 1.6257193106700353e-07
48650.056 1.9488642496999605e-07
48700.056 1.4428515354000997e-07
48750.056 9.410251194801257e-08
48800.056 1.6225243479500903e-07
48850.056 9.417177117308555e-08
48900.056 1.2276828365938923e-07
48950.056 7.64733185699968e-08
49000.056 4.364889582436767e-08
49050.056 1.1951198460498692e-07
49100.056 1.4375123204331927e-07
49150.056 1.1129480649189798e-07
49200.056 1.6597984521001356e-07
49250.056 1.6746572529400387e-07
49300.056 1.414131926129936e-07
49350.056 6.909385244351156e-08
49400.056 9.489576762418184e-08
49450.056 8.643010638266934e-08
49500.056 7.397079606578963e-08
49550.056 1.9168800370639777e-08
49600.056 4.8247864422207754e-08
49650.056 9.881342355300086e-08
49700.056 1.1309288498098421e-07
49750.056 1.1631599642999186e-07
49800.056 7.477755463557813e-08
49850.056 1.4122467853401273e-07
49900.056 1.3490992235099776e-07
49950.056 1.1774460227399631e-07
50000.056 9.65519248128926e-08
50050.056 1.1469509531100523e-07
50100.056 9.675860021199523e-08
50150.056 4.7825436690692436e-08
50200.056 1.0847364399984313e-08
50250.056 5.572138313899881e-08
50300.056 3.8214485094166055e-08
50350.056 1.0880139420701112e-07
50400.056 1.1494777389899538e-07
50450.056 8.098084865660072e-08
50500.056 1.2894798530800743e-07
50550.056 1.2932980275000186e-07
50600.056 8.672014443497809e-08
50650.056 1.2889647286201827e-07
50700.056 1.3831662210999658e-07
50750.056 8.736367080800166e-08
50800.056 3.487783489893359e-08
50850.056 2.103470163924895e-08
50900.056 1.0238265704500433e-07
50950.056 9.816602987899704e-08
51000.056 7.854166180709985e-08
51050.056 1.0409622579598618e-07
51100.056 4.417134800629774e-08
51150.056 4.836045829166927e-08
51200.056 1.2974495063999788e-07
51250.056 9.593670654498619e-08
51300.056 6.345701199350978e-08
51350.056 6.77860180211296e-08
51400.056 2.7550977915214906e-08
51450.056 2.126658752740401e-08
51500.056 1.8568948500686677e-08
51550.056 6.46623534116085e-08
51600.056 5.586651531530618e-08
51650.056 7.09265993499953e-08
51700.056 7.363570151368872e-08
51750.056 5.36937149249087e-08
51800.056 9.429519082799067e-08
51850.056 7.34995410427969e-08
51900.056 9.434701734100415e-08
51950.056 5.848466823899225e-08
52000.056 7.6290495778173e-09
52050.056 3.199096498520375e-08
52100.056 1.9996751245796878e-08
52150.056 1.258860607827269e-08
52200.056 3.224440416619858e-08
52250.056 5.2606126379008434e-08
52300.056 7.399900514899698e-08
52350.056 2.4358810754610862e-08
52400.056 2.526373276660004e-08
52450.056 7.685861074100924e-08
52500.056 6.477646806768656e-08
52550.056 6.808123087199432e-08
52600.056 5.263803102400451e-08
52650.056 6.329550603500321e-08
52700.056 4.059953745850014e-08
52750.056 1.9702022696174897e-08
52800.056 3.1649630758605245e-08
52850.056 3.90703555735907e-08
52900.056 1.9495531896757656e-08
52950.056 3.022253828660364e-08
53000.056 5.3657754201002425e-08
53050.056 2.2153726186356116e-08
53100.056 6.629446074400266e-08
53150.056 7.196829422300197e-08
53200.056 2.7492051028297153e-08
53250.056 6.128363285700365e-08
53300.056 7.055885472941916e-08
53350.056 6.05240385439989e-08
53400.056 4.263782961999661e-08
53450.056 1.4715898472496044e-08
53500.056 4.079024383553614e-09
