galfind/configs/Brown_Dwarf_templates/sonora_bobcat/m0.0/1780g/sp_t1100g1780nc_m0.0_resample.dat
# %ECSV 1.0
# ---
# datatype:
# - {name: wav, unit: Angstrom, datatype: float64}
# - {name: flux_nu, unit: erg / (cm2 Hz s), datatype: float64}
# meta: {C/O: '1.00', Kzz: '1.0000E+05', Teff: '1100.', Y: '0.28', '[Fe/H]': '0.00', f_hole: '1.00', f_rain: '0.00', grav: '1780.'}
# schema: astropy-2.0
wav flux_nu
[from data line 499]
28950.056 1.487095124098707e-07
29000.056 1.2154585099557543e-07
29050.056 1.3757928128792008e-07
29100.056 9.86947105961162e-08
29150.056 1.7910280571682664e-07
29200.056 1.1953612460500272e-07
29250.056 1.5855819538168814e-07
29300.056 1.0043748492819855e-07
29350.056 2.4670351247170136e-07
29400.056 1.394432191625043e-07
29450.056 1.4938272483916995e-07
29500.056 1.6442707646440403e-07
29550.056 1.530124615112102e-07
29600.056 1.7540472867714188e-07
29650.056 1.6979143862029135e-07
29700.056 1.439171791994824e-07
29750.056 1.8331219901872337e-07
29800.056 1.9156616088177978e-07
29850.056 1.9404937135566124e-07
29900.056 1.9598773831289616e-07
29950.056 2.0251745537814308e-07
30000.056 1.2079016440520224e-07
30050.056 1.3631663224800678e-07
30100.056 1.484403752739775e-07
30150.056 2.2146950786299173e-07
30200.056 1.735424765733983e-07
30250.056 2.3907287102103005e-07
30300.056 2.0267209070999944e-07
30350.056 1.8802701574700952e-07
30400.056 2.2741666088700564e-07
30450.056 1.6555806937352897e-07
30500.056 1.5233684428600148e-07
30550.056 1.6137705385940374e-07
30600.056 1.8837134529600127e-07
30650.056 1.5767203871898675e-07
30700.056 1.4663353862998304e-07
30750.056 1.471715427819802e-07
30800.056 1.3798996942202985e-07
30850.056 1.222592103669692e-07
30900.056 1.1781358129597641e-07
30950.056 1.0135678939772193e-07
31000.056 1.0060145668291012e-07
31050.056 1.1548224667700362e-07
31100.056 8.338971613539813e-08
31150.056 9.699916317319319e-08
31200.056 1.1085823632901676e-07
31250.056 8.023104610009318e-08
31300.056 8.078905376648672e-08
31350.056 7.87507583498056e-08
31400.056 6.29606955635051e-08
31450.056 7.162814595498619e-08
31500.056 5.54063343310876e-08
31550.056 6.186674669379283e-08
31600.056 5.2624109906005016e-08
31650.056 4.735662901080792e-08
31700.056 5.2044567327993377e-08
31750.056 4.016811028955127e-08
31800.056 5.354056701039107e-08
31850.056 3.9486503809167794e-08
31900.056 5.05839295582053e-08
31950.056 3.3834452874194073e-08
32000.056 4.4821654383093406e-08
32050.056 4.4764173991302857e-08
32100.056 4.1824335336001726e-08
32150.056 4.8975422394896576e-08
32200.056 3.928320725282121e-08
32250.056 5.583355292931149e-08
32300.056 3.6617350649492074e-08
32350.056 5.8948919766000526e-08
32400.056 3.885591285599709e-08
32450.056 5.573282594238347e-08
32500.056 5.0478908706101794e-08
32550.056 5.280007221189539e-08
32600.056 5.88779665678002e-08
32650.056 7.087994991898658e-08
32700.056 6.77731687700121e-08
32750.056 7.849265402410772e-08
32800.056 7.856131464988899e-08
32850.056 8.586593214099486e-08
32900.056 9.233820544159783e-08
32950.056 9.361995410739717e-08
33000.056 8.156604931448323e-08
33050.056 7.804065387401395e-08
33100.056 4.767326220499109e-08
33150.056 1.2790618800891976e-08
33200.056 1.2698397472234091e-08
33250.056 9.783140913596875e-09
33300.056 1.2025717027603183e-08
33350.056 1.836677152250119e-08
33400.056 2.5423992595994994e-08
33450.056 3.321600558920944e-08
33500.056 4.938681108501324e-08
33550.056 4.6078304199409914e-08
33600.056 6.505776421739334e-08
33650.056 7.136835918800742e-08
33700.056 5.784447712448957e-08
33750.056 8.427769591600131e-08
33800.056 6.027878946293806e-08
33850.056 7.579420250449312e-08
33900.056 6.222778233159661e-08
33950.056 6.635043838759084e-08
34000.056 7.979772660441026e-08
34050.056 4.996281137779397e-08
34100.056 7.792128587600212e-08
34150.056 5.8513908352894335e-08
34200.056 6.60132317458778e-08
34250.056 6.643744678258004e-08
34300.056 5.507550365367537e-08
34350.056 6.035488593300475e-08
34400.056 4.952392166719624e-08
34450.056 6.900288808798822e-08
34500.056 6.357233788399707e-08
34550.056 4.7813733714600946e-08
34600.056 7.953735457199964e-08
34650.056 5.4540737680798255e-08
34700.056 6.838608380699646e-08
34750.056 6.852855102198355e-08
34800.056 5.769788433149388e-08
34850.056 7.422578197800512e-08
34900.056 6.891527035968233e-08
34950.056 7.326027601598555e-08
35000.056 1.0202237893601297e-07
35050.056 6.71214589908073e-08
35100.056 8.894219502799806e-08
35150.056 9.139645911350775e-08
35200.056 8.849240624120182e-08
35250.056 1.1435945957297134e-07
35300.056 8.258010887761228e-08
35350.056 9.04606032869845e-08
35400.056 1.0224579372500876e-07
35450.056 7.305586132863036e-08
35500.056 1.2529970411299584e-07
35550.056 1.1123255393799643e-07
35600.056 1.083543423300318e-07
35650.056 1.2300483327101538e-07
35700.056 1.0445355417699409e-07
35750.056 1.29977633574993e-07
35800.056 1.5781578505600257e-07
35850.056 1.0770857157000078e-07
35900.056 1.484538143480074e-07
35950.056 1.4471624801998226e-07
36000.056 1.4263890089401992e-07
36050.056 1.4788385228698535e-07
36100.056 1.393286435569349e-07
36150.056 1.5999851427798905e-07
36200.056 1.7681738770198146e-07
36250.056 1.5576407878297733e-07
36300.056 1.9052212796901422e-07
36350.056 1.818440656859985e-07
36400.056 1.880083251859949e-07
36450.056 2.0138464108899018e-07
36500.056 2.031688942639861e-07
36550.056 2.3214877257505243e-07
36600.056 2.5282308572999653e-07
36650.056 2.2996383775636837e-07
36700.056 2.455780823787831e-07
36750.056 2.735988570800361e-07
36800.056 2.733987037799933e-07
36850.056 2.605656965059494e-07
36900.056 2.7110176992998923e-07
36950.056 3.0746734130997264e-07
37000.056 2.896216907299872e-07
37050.056 3.0624354883001825e-07
37100.056 3.0538314699997965e-07
37150.056 3.006660352480283e-07
37200.056 3.4167797400999487e-07
37250.056 3.140736450899488e-07
37300.056 2.9094824178592213e-07
37350.056 3.293455022600242e-07
37400.056 4.016290406399899e-07
37450.056 3.318247497500025e-07
37500.056 3.361352654869845e-07
37550.056 4.067356991801026e-07
37600.056 4.4062197291002455e-07
37650.056 3.427788148400368e-07
37700.056 4.2607321346803315e-07
37750.056 3.6134140930903553e-07
37800.056 3.9984582388010414e-07
37850.056 3.37072499550006e-07
37900.056 3.6842748720007825e-07
37950.056 4.006775789689645e-07
38000.056 4.4344184107199284e-07
38050.056 4.38480299254055e-07
38100.056 4.582305349300316e-07
38150.056 4.842831108399852e-07
38200.056 4.889931840600404e-07
38250.056 4.697255529900069e-07
38300.056 5.523680639499375e-07
38350.056 5.601637491500482e-07
38400.056 4.5314637795093635e-07
38450.056 4.813299797699364e-07
38500.056 4.24304899720068e-07
38550.056 5.270848675700508e-07
38600.056 5.107419080799493e-07
38650.056 5.37343413539976e-07
38700.056 5.670944844500007e-07
38750.056 5.719755856399898e-07
38800.056 5.214276127399245e-07
38850.056 5.622201481100333e-07
38900.056 6.083684074599801e-07
38950.056 5.573322737099944e-07
39000.056 5.993065970499791e-07
39050.056 5.911874259100149e-07
39100.056 5.811904614000369e-07
39150.056 6.286040079900007e-07
39200.056 5.936193737699834e-07
39250.056 6.524032589699745e-07
39300.056 6.222331533499231e-07
39350.056 6.8114157358003e-07
39400.056 6.435879903300347e-07
39450.056 6.621797723500002e-07
39500.056 6.650258259900051e-07
39550.056 6.437785546900795e-07
39600.056 6.95754116369919e-07
39650.056 7.335839100499917e-07
39700.056 7.02565639120045e-07
39750.056 6.356542818600818e-07
39800.056 6.701547067299574e-07
39850.056 7.705349470100035e-07
39900.056 7.57560330729998e-07
39950.056 7.450484969899579e-07
40000.056 7.840555010700303e-07
40050.056 7.541214632000207e-07
40100.056 6.926419079860268e-07
40150.056 7.844356713100119e-07
40200.056 8.075629822199164e-07
40250.056 7.661058635598913e-07
40300.056 7.801350658800543e-07
40350.056 7.575588951599691e-07
40400.056 8.196995126600116e-07
40450.056 7.732297941700371e-07
40500.056 8.004545631200392e-07
40550.056 8.577662045299502e-07
40600.056 7.880692127400338e-07
40650.056 7.942410445299136e-07
40700.056 9.313786973699815e-07
40750.056 7.840980196498738e-07
40800.056 7.250386105998367e-07
40850.056 8.693997918700834e-07
40900.056 8.650499664300014e-07
40950.056 7.978920202899965e-07
41000.056 8.273832992299972e-07
41050.056 8.862979297299356e-07
41100.056 8.064730509199409e-07
41150.056 7.207489754399551e-07
41200.056 8.626605887800055e-07
41250.056 8.102129199299805e-07
41300.056 7.318262455799143e-07
41350.056 8.838797813500365e-07
41400.056 8.081261208000559e-07
41450.056 8.528837856900304e-07
41500.056 7.539536194999481e-07
41550.056 7.272625758700767e-07
41600.056 7.972542168580492e-07
41650.056 8.243466021300381e-07
41700.056 7.47406536539919e-07
41750.056 7.72421738669969e-07
41800.056 8.940257325399852e-07
41850.056 6.217026019600097e-07
41900.056 7.555976541499044e-07
41950.056 8.189598523500577e-07
42000.056 8.038832739700546e-07
42050.056 6.86105481789971e-07
42100.056 8.863480967700461e-07
42150.056 6.519010035300143e-07
42200.056 6.583702325599674e-07
42250.056 7.411763947299641e-07
42300.056 6.832838258799845e-07
42350.056 7.698541013900898e-07
42400.056 7.522222561800583e-07
42450.056 6.361982091900375e-07
42500.056 6.562369583299953e-07
42550.056 6.265713012599987e-07
42600.056 6.960958760100738e-07
42650.056 8.179735981398891e-07
42700.056 7.01505865809926e-07
42750.056 6.166426390700527e-07
42800.056 6.935576541500476e-07
42850.056 7.624829714598676e-07
42900.056 7.944638004600749e-07
42950.056 6.308053853598644e-07
43000.056 7.234895293900094e-07
43050.056 5.185407238461756e-07
43100.056 6.710573775199536e-07
43150.056 6.182738233300481e-07
43200.056 6.583906906400037e-07
43250.056 8.073835116200389e-07
43300.056 7.911214070300197e-07
43350.056 5.437407539398678e-07
43400.056 6.71282296960005e-07
43450.056 5.872229497560961e-07
43500.056 6.297351335799935e-07
43550.056 6.254787856330125e-07
43600.056 7.416535961500597e-07
43650.056 5.475314504970096e-07
43700.056 7.536347363500465e-07
43750.056 6.973811413300537e-07
43800.056 6.573571507699244e-07
43850.056 5.977426551301057e-07
43900.056 6.533309946999478e-07
43950.056 5.118438111999394e-07
44000.056 4.632284585000174e-07
44050.056 6.53848935370011e-07
44100.056 7.489083123400527e-07
44150.056 7.528341101599633e-07
44200.056 6.721437417300138e-07
44250.056 5.395081335400017e-07
44300.056 4.888565091560773e-07
44350.056 5.370081718820693e-07
44400.056 5.246740424599757e-07
44450.056 6.113572915300046e-07
44500.056 5.946941948601008e-07
44550.056 6.807118294499604e-07
44600.056 6.171167474690385e-07
44650.056 6.292345903900205e-07
44700.056 5.103019527499733e-07
44750.056 5.856759804400532e-07
44800.056 5.623265603600442e-07
44850.056 6.45751236650071e-07
44900.056 5.354156673700366e-07
44950.056 5.638326578300285e-07
45000.056 5.987640117700063e-07
45050.056 5.942558308299887e-07
45100.056 6.126613330900154e-07
45150.056 5.883684751089859e-07
45200.056 4.925680965500287e-07
45250.056 5.409168471099106e-07
45300.056 5.340249828800453e-07
45350.056 5.155938733279512e-07
45400.056 6.254278721200503e-07
45450.056 5.983419796299755e-07
45500.056 5.972475015600055e-07
45550.056 6.697462022999224e-07
45600.056 6.446512463300305e-07
45650.056 5.623677349199258e-07
45700.056 5.298110106080273e-07
45750.056 5.021470315239947e-07
45800.056 6.366471039300055e-07
45850.056 6.723396788899915e-07
45900.056 6.81748613060029e-07
45950.056 5.644726063999905e-07
46000.056 6.630743177150475e-07
46050.056 6.061138235500225e-07
46100.056 6.518761528399776e-07
46150.056 5.576370120799694e-07
46200.056 5.491849007800504e-07
46250.056 4.185661358439537e-07
46300.056 6.025670699899806e-07
46350.056 5.784201975100192e-07
46400.056 5.918738995200199e-07
46450.056 5.578880216800158e-07
46500.056 5.511279071100844e-07
46550.056 4.996208167000066e-07
46600.056 5.599757383319719e-07
46650.056 7.3006525038e-07
46700.056 6.0638608809999e-07
46750.056 4.5735960411804014e-07
46800.056 3.9608024645002387e-07
46850.056 7.023637216600806e-07
46900.056 6.577948362299511e-07
46950.056 6.701622046399802e-07
47000.056 5.921878519400509e-07
47050.056 6.009912112298655e-07
47100.056 4.457585809550389e-07
47150.056 5.498646751380587e-07
47200.056 6.31217367870014e-07
47250.056 4.942585127099685e-07
47300.056 4.0500779593100376e-07
47350.056 6.353064972599869e-07
47400.056 6.449844326199592e-07
47450.056 5.791688270900406e-07
47500.056 6.590011713799667e-07
47550.056 5.802894987200052e-07
47600.056 6.139201145199502e-07
47650.056 5.413897301939142e-07
47700.056 5.732996167731201e-07
47750.056 4.385680954500111e-07
47800.056 4.826977863400222e-07
47850.056 3.659196862520044e-07
47900.056 4.526434757919525e-07
47950.056 5.519258644400137e-07
48000.056 6.838184332200236e-07
48050.056 6.042068008299988e-07
48100.056 4.3686960427600623e-07
48150.056 5.104568741600328e-07
48200.056 5.036790555999924e-07
48250.056 4.990064227800055e-07
48300.056 6.765943935799419e-07
48350.056 4.538519423099968e-07
48400.056 3.3216951174395043e-07
48450.056 4.783192591600832e-07
48500.056 5.905943313699267e-07
48550.056 4.981577812200081e-07
48600.056 5.65642453020006e-07
48650.056 5.663242290599774e-07
48700.056 5.499989821000064e-07
48750.056 3.607516125801114e-07
48800.056 6.254091701900272e-07
48850.056 4.3112604936491623e-07
48900.056 6.221993933199912e-07
48950.056 4.6805624831001985e-07
49000.056 3.357909721119874e-07
49050.056 5.670633160999487e-07
49100.056 5.562294985700651e-07
49150.056 5.015401387029933e-07
49200.056 5.839420118900455e-07
49250.056 5.680647795100463e-07
49300.056 5.056195569739833e-07
49350.056 3.689471229740553e-07
49400.056 4.876563787099371e-07
49450.056 4.890050778001253e-07
49500.056 4.229440422799775e-07
49550.056 2.7614247452000783e-07
49600.056 4.0235164231606354e-07
49650.056 4.4345551413996124e-07
49700.056 4.3836178804890487e-07
49750.056 5.693102490299414e-07
49800.056 4.447729486040042e-07
49850.056 6.012668010700702e-07
49900.056 5.178510302399879e-07
49950.056 4.621690159799751e-07
50000.056 4.646124326799812e-07
50050.056 5.348521140799714e-07
50100.056 4.752783491499884e-07
50150.056 3.3858191708998166e-07
50200.056 2.1267256710603297e-07
50250.056 4.4172194930997625e-07
50300.056 3.7869813580802177e-07
50350.056 5.443351032500496e-07
50400.056 4.7164763741997436e-07
50450.056 3.84592194670015e-07
50500.056 5.184751748600434e-07
50550.056 4.879316506100206e-07
50600.056 3.962249482399245e-07
50650.056 5.0645898128008e-07
50700.056 5.697584141599317e-07
50750.056 4.5370445022404963e-07
50800.056 2.9876290072695575e-07
50850.056 3.013730867200623e-07
50900.056 5.460611487799828e-07
50950.056 4.4993035658003956e-07
51000.056 4.963636918040337e-07
51050.056 4.6679455365997844e-07
51100.056 2.8209223119496486e-07
51150.056 3.749637948860097e-07
51200.056 5.94749377239963e-07
51250.056 4.2373100900497256e-07
51300.056 3.3208610941108364e-07
51350.056 4.0512671916795947e-07
51400.056 2.6683962685000137e-07
51450.056 2.302214753769571e-07
51500.056 2.481283191660603e-07
51550.056 4.5063973428202974e-07
51600.056 3.294003168500158e-07
51650.056 3.495624633699526e-07
51700.056 4.000210786259341e-07
51750.056 3.0244111952001384e-07
51800.056 4.343341476199037e-07
51850.056 3.8733821115998345e-07
51900.056 5.417171357800504e-07
51950.056 4.1963917689996773e-07
52000.056 1.987763339399716e-07
52050.056 3.307103463790184e-07
52100.056 2.680290073899939e-07
52150.056 2.38638418296015e-07
52200.056 2.674280784669895e-07
52250.056 3.319426258530254e-07
52300.056 4.97109319049982e-07
52350.056 3.466009870059997e-07
52400.056 2.6523682268002703e-07
52450.056 4.0234519920003324e-07
52500.056 4.271991576589216e-07
52550.056 4.0515682988995655e-07
52600.056 3.552222348860348e-07
52650.056 3.680863818200532e-07
52700.056 3.090588268420051e-07
52750.056 2.336924734309891e-07
52800.056 2.7713152304002835e-07
52850.056 3.0131626519092573e-07
52900.056 2.8405898218996316e-07
52950.056 3.0820692869800174e-07
53000.056 4.058462680160107e-07
53050.056 2.452915232519337e-07
53100.056 3.4838452742997977e-07
53150.056 4.6428122097002325e-07
53200.056 2.252842737289799e-07
53250.056 4.022250325700272e-07
53300.056 4.160709573801843e-07
53350.056 4.0961166921998615e-07
53400.056 4.0074181904000167e-07
53450.056 2.4282392002799087e-07
53500.056 1.6071814104696134e-07
53550.056 2.4023190405897594e-07
53600.056 3.379400766730534e-07
53650.056 2.5311560209198356e-07
53700.056 2.4958288192401237e-07
