galfind/configs/Brown_Dwarf_templates/sonora_bobcat/m0.0/1780g/sp_t550g1780nc_m0.0_resample.dat
# %ECSV 1.0
# ---
# datatype:
# - {name: wav, unit: Angstrom, datatype: float64}
# - {name: flux_nu, unit: erg / (cm2 Hz s), datatype: float64}
# meta: {C/O: '1.00', Kzz: '1.0000E+05', Teff: '550.', Y: '0.28', '[Fe/H]': '0.00', f_hole: '1.00', f_rain: '0.00', grav: '1780.'}
# schema: astropy-2.0
wav flux_nu
4000.0559999999996 nan
4050.0559999999996 1.1143252639816354e-16
4100.056 1.2008859672550241e-14
4150.056 1.1843325269900127e-13
4200.056 1.311296243082208e-13
4250.056 1.1179785360800098e-12
4300.056 2.597528171700014e-12
4350.056 4.634323368800018e-12
4400.056 7.513381427200029e-12
4450.056 1.1475779313600048e-11
4500.056 1.6081092120000046e-11
4550.056 1.6823263561799917e-11
4600.056 5.33833934389998e-12
4650.056 2.9253187031999825e-12
4700.056 1.2176704141199874e-12
4750.056 3.062193012399961e-13
4800.056 9.71197927299992e-14
4850.056 4.397152692899972e-14
4900.056 2.6810921376999892e-14
4950.056 1.7839553018999924e-14
5000.056 1.054129188039994e-14
5050.056 6.852842850099993e-15
5100.056 6.70574695720001e-15
5150.056 6.939757184700003e-15
5200.056 7.268995605500004e-15
5250.056 7.564903189500003e-15
5300.056 7.910974796300006e-15
5350.056 8.358892946500006e-15
5400.056 8.849524921500007e-15
5450.056 9.447186338700013e-15
5500.056 1.0126414385000007e-14
5550.056 1.0860356107000009e-14
5600.056 1.1566353139000008e-14
5650.056 1.2127815039000004e-14
5700.056 1.2254848854000002e-14
5750.056 1.185168859499999e-14
5800.056 1.0428620961099969e-14
5850.056 7.261296346099921e-15
5900.056 2.3447066628930815e-15
5950.056 1.4203561943600217e-14
6000.056 2.9929348981000186e-14
6050.056 5.2791292516000377e-14
6100.056 8.396822600200056e-14
6150.056 1.2735343428000072e-13
6200.056 1.8882740268000097e-13
6250.056 2.721547467400012e-13
6300.056 3.913625955200016e-13
6350.056 5.559923396100023e-13
6400.056 7.822999103300039e-13
6450.056 1.0526650287200016e-12
6500.056 1.4564234190000104e-12
6550.056 2.0230351972999984e-12
6600.056 2.789121812900025e-12
6650.056 3.8348797520000215e-12
6700.056 4.847335069200027e-12
6750.056 6.647048267500026e-12
6800.056 7.92059652270002e-12
6850.056 8.07748489959999e-12
6900.056 6.713529358799987e-12
6950.056 5.3165226407999994e-12
7000.056 5.222567303199972e-12
7050.056 5.422346503199992e-12
7100.056 5.883929942099991e-12
7150.056 5.4807357860999325e-12
7200.056 5.063049831200012e-12
7250.056 5.193535677499844e-12
7300.056 5.042390054300144e-12
7350.056 5.3435726587999944e-12
7400.056 5.632071474700049e-12
7450.056 6.0374904485000685e-12
7500.056 6.303336546100002e-12
7550.056 6.402447842100001e-12
7600.056 6.324749724499992e-12
7650.056 3.0154741876799213e-12
7700.056 2.7027277674600662e-12
7750.056 7.021072906800075e-12
7800.056 9.43108090210005e-12
7850.056 1.3042875987000004e-11
7900.056 1.6784661826000063e-11
7950.056 1.9188226688200105e-11
8000.056 2.714871584500016e-11
8050.056 3.416127352600021e-11
8100.056 3.704783808499961e-11
8150.056 4.0026304855000657e-11
8200.056 5.928329664300123e-11
8250.056 6.999871033740016e-11
8300.056 8.730635233700165e-11
8350.056 1.0738603578600021e-10
8400.056 1.3456601423400073e-10
8450.056 1.736268467200007e-10
8500.056 2.0422882269999834e-10
8550.056 2.581133622400049e-10
8600.056 3.2031031902000235e-10
8650.056 3.8170521444000266e-10
8700.056 4.438078756700032e-10
8750.056 5.194710014600035e-10
8800.056 5.944453002100027e-10
8850.056 6.387115485299977e-10
8900.056 4.878149547099895e-10
8950.056 4.481807631300023e-10
9000.056 5.085233281489843e-10
9050.056 9.072043785900105e-10
9100.056 1.0250590038470347e-09
9150.056 1.15213164841001e-09
9200.056 1.432139120890029e-09
9250.056 1.3890829110899534e-09
9300.056 2.474795421876994e-10
9350.056 3.8902773902726017e-10
9400.056 1.08887009639761e-09
9450.056 8.696949848299626e-10
9500.056 8.260956908249876e-10
9550.056 8.935655862404792e-10
9600.056 1.0318835642685403e-09
9650.056 1.461418817499415e-09
9700.056 2.520090528162902e-09
9750.056 2.7130954391102386e-09
9800.056 3.296410750949937e-09
9850.056 4.028818917419944e-09
9900.056 5.100499902500117e-09
9950.056 5.709551053200076e-09
10000.056 4.972046809053008e-09
10050.056 6.80119683630002e-09
10100.056 7.3512602040000355e-09
10150.056 7.325439629599994e-09
10200.056 7.083107394300159e-09
10250.056 8.173129900400089e-09
10300.056 9.742041042799736e-09
10350.056 9.15504852130021e-09
10400.056 1.1026659627900058e-08
10450.056 1.2386722686499608e-08
10500.056 1.3568517382399953e-08
10550.056 1.4908443410000054e-08
10600.056 1.565056076000003e-08
10650.056 1.607491384000004e-08
10700.056 1.5914196703000013e-08
10750.056 1.6112645938999986e-08
10800.056 1.594875259360007e-08
10850.056 1.5314200654400015e-08
10900.056 1.3274122290599775e-08
10950.056 8.77917182049994e-09
11000.056 5.695542750569537e-09
11050.056 3.0583521783329826e-09
11100.056 1.5180740448513946e-09
11150.056 7.191131428202102e-10
11200.056 7.044424868390871e-10
11250.056 1.108448149362846e-09
11300.056 1.3632375979712504e-09
11350.056 5.179127232437907e-10
11400.056 2.0365750561196824e-09
11450.056 1.143117792387078e-09
11500.056 1.2064885045315375e-09
11550.056 4.860500207488069e-10
11600.056 3.692002077929421e-10
11650.056 8.964761501989033e-10
11700.056 1.1077302552418464e-09
11750.056 5.51092946192218e-10
11800.056 1.909083788919941e-09
11850.056 2.7914916546199836e-09
11900.056 3.466357100189939e-09
11950.056 4.639770844400195e-09
12000.056 6.0667768933001835e-09
12050.056 7.928200252500158e-09
12100.056 9.425119814399851e-09
12150.056 1.1736590944299843e-08
12200.056 1.3268677643700077e-08
12250.056 1.6044704096399636e-08
12300.056 2.002537661900045e-08
12350.056 2.1889143858000053e-08
12400.056 2.657145594399995e-08
12450.056 3.130553561100025e-08
12500.056 3.458473616300058e-08
12550.056 3.8440670542000144e-08
12600.056 4.2623545065000384e-08
12650.056 4.566168838200002e-08
12700.056 4.6495478250000035e-08
12750.056 4.098649814800024e-08
12800.056 3.5701432916999684e-08
12850.056 2.7536772101999572e-08
12900.056 2.3424431477500048e-08
12950.056 2.0536626935000456e-08
13000.056 2.128671767610101e-08
13050.056 1.6714917676299945e-08
13100.056 1.704709070033873e-08
13150.056 1.2156568494820912e-08
13200.056 1.2046740876759388e-08
13250.056 8.87948335648644e-09
13300.056 3.848375928614612e-09
13350.056 1.2620709590977791e-09
13400.056 2.6129767745362005e-10
13450.056 8.821691130233663e-11
13500.056 3.5507296082399195e-11
13550.056 1.257312137682221e-11
13600.056 5.261413996283947e-12
13650.056 2.6603123246086378e-11
13700.056 1.563745337893747e-11
13750.056 5.2527124762516065e-11
13800.056 5.830343210309603e-11
13850.056 2.16708428942657e-11
13900.056 3.0525990657858656e-11
13950.056 3.0226043142399077e-11
14000.056 4.060628123502194e-11
14050.056 5.659572337429448e-11
14100.056 4.43641060179588e-11
14150.056 8.527300116128561e-11
14200.056 5.852255732056018e-11
14250.056 7.606208648315067e-11
14300.056 2.3230878952943766e-10
14350.056 1.9065214962054994e-10
14400.056 1.8938440012290607e-10
14450.056 3.518442688285322e-10
14500.056 7.119890853082926e-10
14550.056 7.414654373115171e-10
14600.056 1.3285512831859341e-09
14650.056 7.731680496991793e-10
14700.056 3.9082930066013394e-10
14750.056 3.347665956832394e-10
14800.056 4.0309347032002646e-10
14850.056 4.4033421167182606e-10
14900.056 4.5712975256724724e-10
14950.056 4.750796451318109e-10
15000.056 9.859780114550208e-10
15050.056 1.087580724251754e-09
15100.056 7.059918464831694e-10
15150.056 4.611132595303307e-10
15200.056 9.845511270387041e-10
15250.056 1.7823222792969018e-09
15300.056 2.2328083087682147e-09
15350.056 2.7856683777599976e-09
15400.056 3.552838077170425e-09
15450.056 4.46686613844548e-09
15500.056 5.597717729299448e-09
15550.056 7.710486289400698e-09
15600.056 1.0551473695099592e-08
15650.056 1.4340226839600833e-08
15700.056 1.893075890600019e-08
15750.056 2.158384816400031e-08
15800.056 2.4300087642999943e-08
15850.056 2.6964930922000532e-08
15900.056 2.7298145346000052e-08
15950.056 2.7252114900999777e-08
16000.056 2.391523960199995e-08
16050.056 1.791149119099953e-08
16100.056 1.252362241059976e-08
16150.056 7.819064238859489e-09
16200.056 4.3196001248901855e-09
16250.056 3.072912255491934e-09
16300.056 2.215735425723299e-09
16350.056 2.5449158428491686e-09
16400.056 2.9133044829035255e-09
16450.056 3.1183082374288296e-09
16500.056 3.155489465692937e-09
16550.056 3.2167323470096944e-09
16600.056 4.5929089730043404e-09
16650.056 2.800222063791016e-09
16700.056 7.394092991438302e-10
16750.056 2.0869474615676536e-09
16800.056 2.9784177117675453e-09
16850.056 2.9826711899776915e-09
16900.056 2.0070491192926024e-09
16950.056 1.5044442686249177e-09
17000.056 1.034516589628413e-09
17050.056 1.708249589252232e-09
17100.056 2.386289015425055e-09
17150.056 1.791446994842576e-09
17200.056 3.626450295478036e-09
17250.056 2.271069988731274e-09
17300.056 1.8502284404708738e-09
17350.056 1.9000863296289472e-09
17400.056 2.4262701869901192e-09
17450.056 2.764057628527851e-09
17500.056 3.2202672370405324e-09
17550.056 2.5566415662259282e-09
17600.056 2.285423705030313e-09
17650.056 1.84864449901902e-09
17700.056 1.518994383885566e-09
17750.056 1.1341373380309153e-09
17800.056 1.6974037380548416e-09
17850.056 9.529268990333141e-10
17900.056 8.320850982838541e-10
17950.056 5.216439470619849e-10
18000.056 8.156077436703399e-10
18050.056 4.0826271650818615e-10
18100.056 4.888157224222274e-10
18150.056 4.453165925013983e-10
18200.056 2.8607735752992375e-10
18250.056 8.95310836750606e-10
18300.056 2.2458000789153263e-10
18350.056 2.0620657218480987e-10
18400.056 1.442992375900056e-10
18450.056 5.40550843127271e-10
18500.056 5.007927296831895e-10
18550.056 2.7469887892969526e-10
18600.056 3.325512158322273e-10
18650.056 2.2422522411119582e-10
18700.056 7.556454531212328e-11
18750.056 1.7497137093061223e-10
18800.056 8.66487922248453e-10
18850.056 8.060688979129062e-10
18900.056 6.847622941065956e-10
18950.056 1.2054224295316884e-09
19000.056 3.863349004904351e-10
19050.056 1.9062720211872693e-10
19100.056 4.6392645863397803e-10
19150.056 2.0870682675883152e-10
19200.056 3.4783950350669935e-10
19250.056 2.3165408360863648e-10
19300.056 1.62723353816158e-10
19350.056 1.5775081754873014e-10
19400.056 1.1568666834195226e-10
19450.056 1.87996982215392e-10
19500.056 1.8660369769709557e-10
19550.056 2.3436817093149176e-10
19600.056 3.983491058485192e-10
19650.056 3.6237684478035206e-10
19700.056 4.6525910344257767e-10
19750.056 6.511021518229745e-10
19800.056 4.643743288079457e-10
19850.056 6.272024512577575e-10
19900.056 7.613486030616642e-10
19950.056 1.032517355821787e-09
20000.056 1.1353145075091155e-09
20050.056 1.0274988389570413e-09
20100.056 1.588713830263507e-09
20150.056 1.086345054433819e-09
20200.056 8.533892739709708e-10
20250.056 1.4275540931553745e-09
20300.056 1.55928583450558e-09
20350.056 1.6242208272676179e-09
20400.056 1.5818969663179259e-09
20450.056 2.4030536464004456e-09
20500.056 2.653031553499767e-09
20550.056 2.854884628260097e-09
20600.056 3.06535369310025e-09
20650.056 3.461686136699907e-09
20700.056 3.708301157500045e-09
20750.056 3.88400654379991e-09
20800.056 3.8795303753997055e-09
20850.056 4.189398783800048e-09
20900.056 4.288469333699894e-09
20950.056 4.227563604500081e-09
21000.056 4.1794403384000305e-09
21050.056 4.279644878599931e-09
21100.056 4.1945423320000314e-09
21150.056 4.184221509699855e-09
21200.056 4.062963165100087e-09
21250.056 3.926867825899769e-09
21300.056 3.6602782586000007e-09
21350.056 3.5372145174598953e-09
21400.056 3.551886060920265e-09
21450.056 3.1182989049700816e-09
21500.056 2.89708024031108e-09
21550.056 2.6979580792739242e-09
21600.056 2.4664445743590234e-09
21650.056 2.0621354194606554e-09
21700.056 2.036728922769882e-09
21750.056 1.774774308296425e-09
21800.056 1.3565653742865914e-09
21850.056 1.2274905656638046e-09
21900.056 9.44561757427042e-10
21950.056 5.383612446373672e-10
22000.056 1.2416372864698813e-10
22050.056 1.710716715497032e-10
22100.056 4.955991663698041e-10
22150.056 3.798104931283038e-10
22200.056 3.9903803468729257e-10
22250.056 3.4867716760158277e-10
22300.056 1.97413125302147e-10
22350.056 2.4928262333944056e-10
22400.056 1.09168539761466e-10
22450.056 1.5706017448341586e-10
22500.056 1.2787624674062996e-10
22550.056 8.106541904365251e-11
22600.056 6.982259527612492e-11
22650.056 1.070818643710517e-10
22700.056 1.0051610289503924e-10
22750.056 1.275735608186601e-10
22800.056 1.459138616907988e-10
22850.056 1.0286206113826337e-10
22900.056 8.736296553215844e-11
22950.056 7.499128387774353e-11
23000.056 9.047929651758398e-11
23050.056 1.1518661839378506e-10
23100.056 4.672800326287137e-10
23150.056 3.729573630790668e-10
23200.056 2.7826004733768805e-11
23250.056 1.0941055453535272e-10
23300.056 8.93444943063016e-11
23350.056 1.0811342581151528e-10
23400.056 8.062818350107651e-11
23450.056 6.22254001572675e-11
23500.056 6.776825612197856e-11
23550.056 1.323937208874246e-10
23600.056 2.396567728592768e-10
23650.056 2.99247273476898e-10
23700.056 6.372566377054896e-11
23750.056 7.414643134303623e-11
23800.056 2.8633874029128394e-10
23850.056 1.891646896655721e-10
23900.056 3.9031464963322817e-10
23950.056 2.2969197296231996e-10
24000.056 4.70107903955119e-10
24050.056 4.738686936505252e-10
24100.056 5.084624358694877e-10
24150.056 7.208896013660151e-10
24200.056 5.564845983430561e-10
24250.056 4.817920166796079e-10
24300.056 8.509241592663592e-10
24350.056 6.406570038656194e-10
24400.056 1.2141879811509511e-09
24450.056 1.1920420481411676e-09
24500.056 1.0465454343775841e-09
24550.056 1.6166646108335356e-09
24600.056 1.6828731260868257e-09
24650.056 2.178918410224544e-09
24700.056 1.4618379046922204e-09
24750.056 1.7016596020881978e-09
24800.056 1.4996141116706735e-09
24850.056 2.3697449677428736e-09
24900.056 9.158393030625278e-10
24950.056 1.9060929336585177e-09
25000.056 1.7795871827941354e-09
25050.056 9.260646814812306e-10
25100.056 1.6283674241705951e-09
25150.056 7.79338308374438e-10
25200.056 1.1114181761668718e-09
25250.056 4.027392876343741e-10
25300.056 6.315660328487447e-10
25350.056 2.6387900288788523e-10
25400.056 7.252773113446945e-10
25450.056 2.325379625872745e-10
25500.056 2.0383243610785292e-10
25550.056 4.713589126728431e-10
25600.056 2.953023805708951e-10
25650.056 1.1126938726753423e-10
25700.056 1.5487397175008898e-10
25750.056 4.1677907219250514e-11
25800.056 2.4266625527092933e-10
25850.056 4.900596497522796e-11
25900.056 7.907952757432957e-11
25950.056 1.7385421006193725e-11
26000.056 2.3565367837730533e-10
26050.056 2.944345088705426e-11
26100.056 1.6702387058721645e-10
26150.056 7.200729358110756e-11
26200.056 8.88346640088866e-11
26250.056 5.964689463982134e-10
26300.056 1.262992048364596e-10
26350.056 1.0304721153913516e-09
26400.056 1.2137609120618727e-09
26450.056 7.377368910070048e-10
26500.056 1.5928428032578115e-09
26550.056 2.1424230035111613e-10
26600.056 2.5313826244131865e-10
26650.056 3.8485007565188907e-11
26700.056 2.3714055954620032e-11
26750.056 2.817517930213251e-11
26800.056 8.781921010031452e-11
26850.056 4.678339497900863e-11
26900.056 2.380021567497397e-10
26950.056 8.346238499010258e-11
27000.056 4.5978364905535396e-10
27050.056 5.223353492488582e-10
27100.056 7.093303841279964e-11
27150.056 6.943892756098773e-10
27200.056 6.725361255384174e-11
27250.056 2.2434687740799312e-10
27300.056 1.6076057808547594e-09
27350.056 5.144984973556706e-10
27400.056 3.034395214649775e-11
27450.056 6.681524081618697e-10
27500.056 8.830207078366007e-10
27550.056 1.185621989334822e-10
27600.056 3.6871508484993586e-10
27650.056 9.23427656802726e-11
27700.056 8.056555808907049e-11
27750.056 5.468220481116903e-10
27800.056 1.66863026815791e-10
27850.056 2.6836463577506825e-10
27900.056 3.1852352474035906e-10
27950.056 7.589382859704776e-10
28000.056 6.055744428798026e-10
28050.056 8.233498722969852e-11
28100.056 7.511954984606675e-10
28150.056 4.814371891719555e-10
28200.056 1.384661721401898e-10
28250.056 9.998633188655774e-10
28300.056 9.908037074993008e-10
28350.056 1.7280514032788843e-10
28400.056 6.837115382603463e-10
28450.056 1.2285124918293716e-09
28500.056 7.019371125905497e-10
28550.056 1.4640262401970362e-10
28600.056 1.2063420207287642e-09
28650.056 7.428329995471969e-10
28700.056 1.015059470292393e-09
28750.056 1.9184507710670167e-09
28800.056 8.681767935193163e-10
28850.056 1.6528079168175054e-09
