galfind/configs/Brown_Dwarf_templates/sonora_bobcat/m0.0/1780g/sp_t600g1780nc_m0.0_resample.dat
# %ECSV 1.0
# ---
# datatype:
# - {name: wav, unit: Angstrom, datatype: float64}
# - {name: flux_nu, unit: erg / (cm2 Hz s), datatype: float64}
# meta: {C/O: '1.00', Kzz: '1.0000E+05', Teff: '600.', Y: '0.28', '[Fe/H]': '0.00', f_hole: '1.00', f_rain: '0.00', grav: '1780.'}
# schema: astropy-2.0
wav flux_nu
4000.0559999999996 nan
4050.0559999999996 2.706492814976493e-16
4100.056 3.735507682760077e-14
4150.056 3.7335957861000405e-13
4200.056 3.97836177197412e-13
4250.056 3.2951595004000282e-12
4300.056 7.312381775100045e-12
4350.056 1.2284770074400047e-11
4400.056 1.9009562240000076e-11
4450.056 2.7962139549000135e-11
4500.056 3.690530405900011e-11
4550.056 3.75191506269998e-11
4600.056 1.1816146847199951e-11
4650.056 6.31794696979996e-12
4700.056 2.5508394467999724e-12
4750.056 5.739947579299918e-13
4800.056 1.5095647942499853e-13
4850.056 6.081401150599958e-14
4900.056 3.600203946299985e-14
4950.056 2.3716930909999897e-14
5000.056 1.3745163645599915e-14
5050.056 8.713780409699989e-15
5100.056 8.432615270500016e-15
5150.056 8.6426407123e-15
5200.056 8.946236349200007e-15
5250.056 9.199162722900003e-15
5300.056 9.513700111500005e-15
5350.056 9.959286293000005e-15
5400.056 1.0470733041000008e-14
5450.056 1.1094610453000016e-14
5500.056 1.178193961200001e-14
5550.056 1.2475117145000007e-14
5600.056 1.3056724179000005e-14
5650.056 1.3404090324e-14
5700.056 1.3310101199e-14
5750.056 1.2794647276999991e-14
5800.056 1.1377885896999967e-14
5850.056 7.849566071399913e-15
5900.056 2.5408718394746856e-15
5950.056 1.5489903539100245e-14
6000.056 3.2393648413000195e-14
6050.056 5.721542545600044e-14
6100.056 9.338748798000068e-14
6150.056 1.4471926268000086e-13
6200.056 2.1684991495000116e-13
6250.056 3.149214329600015e-13
6300.056 4.55997699160002e-13
6350.056 6.529680184200029e-13
6400.056 9.26004988630005e-13
6450.056 1.2575946954000021e-12
6500.056 1.7499788614000127e-12
6550.056 2.4393159138999973e-12
6600.056 3.3729835141000315e-12
6650.056 4.644561535700027e-12
6700.056 5.879762860800036e-12
6750.056 8.101344715800032e-12
6800.056 9.729578583800027e-12
6850.056 1.0090458697799991e-11
6900.056 8.577411131499993e-12
6950.056 6.9136023142e-12
7000.056 6.800056513199967e-12
7050.056 7.088460731899989e-12
7100.056 7.684493711099987e-12
7150.056 7.242702587599915e-12
7200.056 6.750751370400012e-12
7250.056 6.843608471599807e-12
7300.056 6.570632732700188e-12
7350.056 6.7988677974999904e-12
7400.056 7.005627439900067e-12
7450.056 7.348040497600093e-12
7500.056 7.5152575898e-12
7550.056 7.431791250499997e-12
7600.056 7.02197701679998e-12
7650.056 3.1384516402299145e-12
7700.056 2.8043020439400745e-12
7750.056 7.367467242400082e-12
7800.056 1.0521377966600068e-11
7850.056 1.5355323376000008e-11
7900.056 2.0206761049000084e-11
7950.056 2.3216783625800144e-11
8000.056 3.375235344200021e-11
8050.056 4.308190933900028e-11
8100.056 4.79812755899995e-11
8150.056 5.3700450195000805e-11
8200.056 7.821470628300163e-11
8250.056 9.347494802160023e-11
8300.056 1.1706050277000255e-10
8350.056 1.4403535980100016e-10
8400.056 1.7969965524400068e-10
8450.056 2.3000596042000076e-10
8500.056 2.67631791749997e-10
8550.056 3.393740932500069e-10
8600.056 4.2068484478000306e-10
8650.056 5.011325870600036e-10
8700.056 5.842184484800042e-10
8750.056 6.850536380200047e-10
8800.056 7.877676210800039e-10
8850.056 8.580079785199981e-10
8900.056 7.056491957899866e-10
8950.056 6.622453798900012e-10
9000.056 7.738760150399771e-10
9050.056 1.2834247000100163e-09
9100.056 1.4582728527960436e-09
9150.056 1.6393861561500197e-09
9200.056 2.009250889510023e-09
9250.056 1.9940028255799347e-09
9300.056 4.798052923073015e-10
9350.056 7.235066912978325e-10
9400.056 1.7373406391996664e-09
9450.056 1.488960328855166e-09
9500.056 1.4365015968722223e-09
9550.056 1.5671509591629878e-09
9600.056 1.7709733111479333e-09
9650.056 2.3984543867621566e-09
9700.056 3.838434816388843e-09
9750.056 4.165127526460353e-09
9800.056 4.998627394929891e-09
9850.056 6.0310820235999146e-09
9900.056 7.515383925800158e-09
9950.056 8.382979743100103e-09
10000.056 7.419680458670008e-09
10050.056 1.0201805398500045e-08
10100.056 1.120900500380006e-08
10150.056 1.156656440240001e-08
10200.056 1.1691428720800235e-08
10250.056 1.3406417672500143e-08
10300.056 1.5736120021799605e-08
10350.056 1.546488300350033e-08
10400.056 1.8132563767000087e-08
10450.056 2.0126578605999402e-08
10500.056 2.1896701171999895e-08
10550.056 2.3861463676000077e-08
10600.056 2.5031834882000034e-08
10650.056 2.5868610557000098e-08
10700.056 2.589831737400005e-08
10750.056 2.639903567700002e-08
10800.056 2.6334211749000114e-08
10850.056 2.549708759400004e-08
10900.056 2.2144287288999643e-08
10950.056 1.4782280672099912e-08
11000.056 9.922404266099175e-09
11050.056 5.6627891497429724e-09
11100.056 3.0614215766923983e-09
11150.056 1.6010074142272613e-09
11200.056 1.638419023270722e-09
11250.056 2.4836014863947e-09
11300.056 2.9181074831860974e-09
11350.056 1.1736197293717462e-09
11400.056 4.0687632276607126e-09
11450.056 2.449802733789168e-09
11500.056 2.574393228411152e-09
11550.056 1.1371801606233646e-09
11600.056 9.274268254457922e-10
11650.056 1.980685404742942e-09
11700.056 2.3617046559167055e-09
11750.056 1.2369100139028109e-09
11800.056 3.835418584709875e-09
11850.056 5.62934678936995e-09
11900.056 7.006486585999846e-09
11950.056 9.359023706300442e-09
12000.056 1.2088416121000307e-08
12050.056 1.5534600961300324e-08
12100.056 1.850620565729964e-08
12150.056 2.274015121999962e-08
12200.056 2.5729650436000102e-08
12250.056 3.056377271199927e-08
12300.056 3.7130729805000763e-08
12350.056 3.9997596703000026e-08
12400.056 4.755333589399983e-08
12450.056 5.472786953200044e-08
12500.056 5.982222068100116e-08
12550.056 6.605545477300012e-08
12600.056 7.177286189600052e-08
12650.056 7.509952255099998e-08
12700.056 7.583011968800018e-08
12750.056 6.788511691800046e-08
12800.056 6.073641674199961e-08
12850.056 4.813329213399942e-08
12900.056 4.152729744400026e-08
12950.056 3.687210375630077e-08
13000.056 3.7789880859001686e-08
13050.056 3.052651992739996e-08
13100.056 3.087504141919774e-08
13150.056 2.2842999072031627e-08
13200.056 2.224236909385903e-08
13250.056 1.6227736905623434e-08
13300.056 7.387062623335447e-09
13350.056 2.401655494430512e-09
13400.056 5.602037960606311e-10
13450.056 2.182583669383089e-10
13500.056 9.686606948653965e-11
13550.056 4.054212068809399e-11
13600.056 1.9114844722904784e-11
13650.056 8.350439150566505e-11
13700.056 5.1908483363184215e-11
13750.056 1.4534096937048326e-10
13800.056 1.6509853510988088e-10
13850.056 7.018677218265278e-11
13900.056 8.901597046921919e-11
13950.056 8.901309360610117e-11
14000.056 1.1045663618356376e-10
14050.056 1.5413859862405688e-10
14100.056 1.201321054732407e-10
14150.056 2.131724629045146e-10
14200.056 1.490794609030087e-10
14250.056 1.8506689470255897e-10
14300.056 5.103833447277461e-10
14350.056 4.325215744397434e-10
14400.056 4.326687283832792e-10
14450.056 7.437214080584044e-10
14500.056 1.4531422817155348e-09
14550.056 1.4841932012521047e-09
14600.056 2.5721414259583634e-09
14650.056 1.6681306623208706e-09
14700.056 9.003366649641831e-10
14750.056 8.566646336981153e-10
14800.056 1.0677126004368802e-09
14850.056 1.1631113844334807e-09
14900.056 1.2115509593111351e-09
14950.056 1.3210321546317873e-09
15000.056 2.4592469298490254e-09
15050.056 2.6594582591608215e-09
15100.056 1.9600511641662133e-09
15150.056 1.466478473124964e-09
15200.056 2.6650526545323067e-09
15250.056 4.549040026915433e-09
15300.056 5.529165076977103e-09
15350.056 6.891456228479949e-09
15400.056 8.593558920051062e-09
15450.056 1.0464465853201123e-08
15500.056 1.2617637108398761e-08
15550.056 1.6475868772701325e-08
15600.056 2.1287336086199296e-08
15650.056 2.7102432308001335e-08
15700.056 3.414619324500029e-08
15750.056 3.796934179800052e-08
15800.056 4.161642797499988e-08
15850.056 4.5259039165000745e-08
15900.056 4.4987323634000116e-08
15950.056 4.413017264199951e-08
16000.056 3.8492250029000004e-08
16050.056 2.8856945939999254e-08
16100.056 2.0630922740399522e-08
16150.056 1.3310576159799194e-08
16200.056 7.791099190330305e-09
16250.056 5.856784283897794e-09
16300.056 4.413782404308053e-09
16350.056 5.0666617214297025e-09
16400.056 5.81379191275524e-09
16450.056 6.175292952121512e-09
16500.056 6.446051612726793e-09
16550.056 6.45192496165919e-09
16600.056 8.526658495879687e-09
16650.056 5.34072621755922e-09
16700.056 1.5574659049312252e-09
16750.056 3.9621844888498215e-09
16800.056 5.704583393734693e-09
16850.056 5.742675228131673e-09
16900.056 4.108857325887237e-09
16950.056 3.1558075686504823e-09
17000.056 2.2638340855862667e-09
17050.056 3.6084885899274475e-09
17100.056 4.820367074062124e-09
17150.056 3.7032832717462804e-09
17200.056 6.921671598499978e-09
17250.056 4.704505987716526e-09
17300.056 3.865495192886756e-09
17350.056 3.830807024909841e-09
17400.056 4.668401967178168e-09
17450.056 5.232076998584649e-09
17500.056 5.95262897233109e-09
17550.056 4.798692227765858e-09
17600.056 4.2827427355506305e-09
17650.056 3.6027269571110677e-09
17700.056 2.934327970509361e-09
17750.056 2.261188221649509e-09
17800.056 3.25120227856338e-09
17850.056 1.8984369958744385e-09
17900.056 1.7443592865172812e-09
17950.056 1.1398745722010366e-09
18000.056 1.6755514137618348e-09
18050.056 9.29977665207513e-10
18100.056 1.1085428333272593e-09
18150.056 1.0753500323388355e-09
18200.056 6.910760505230323e-10
18250.056 1.988285289255164e-09
18300.056 6.01728426304888e-10
18350.056 5.514679968674638e-10
18400.056 4.076407083275753e-10
18450.056 1.2284785693685495e-09
18500.056 1.1419787228155397e-09
18550.056 6.870006425450136e-10
18600.056 7.669833407804954e-10
18650.056 5.42288423827335e-10
18700.056 2.335133336370327e-10
18750.056 4.980322115090026e-10
18800.056 1.92624037574796e-09
18850.056 1.8319397175200077e-09
18900.056 1.5467176501449918e-09
18950.056 2.71333177496908e-09
19000.056 1.0129116613764955e-09
19050.056 5.384644563076567e-10
19100.056 1.1715673540127866e-09
19150.056 5.693075746952844e-10
19200.056 8.770802923200868e-10
19250.056 5.890763399102477e-10
19300.056 4.3976245328083627e-10
19350.056 4.159682716193893e-10
19400.056 3.1171173865982337e-10
19450.056 5.101033679621678e-10
19500.056 4.971000725232371e-10
19550.056 5.726295751483495e-10
19600.056 9.140439719899721e-10
19650.056 8.706171372098164e-10
19700.056 1.0507942684417551e-09
19750.056 1.4672091040563505e-09
19800.056 1.1048801943633273e-09
19850.056 1.494140303365663e-09
19900.056 1.6895507875398844e-09
19950.056 2.3230049069917336e-09
20000.056 2.519572428529789e-09
20050.056 2.3746872939957137e-09
20100.056 3.553926906440761e-09
20150.056 2.478231349048208e-09
20200.056 2.0468865272989143e-09
20250.056 3.256930996804944e-09
20300.056 3.525737906879675e-09
20350.056 3.6616065611303366e-09
20400.056 3.5761179133398206e-09
20450.056 5.272409984710944e-09
20500.056 5.812602018099317e-09
20550.056 6.220754399500308e-09
20600.056 6.680571591000555e-09
20650.056 7.517187182899851e-09
20700.056 8.036323492100158e-09
20750.056 8.430432545899766e-09
20800.056 8.476440266799305e-09
20850.056 9.106880770100111e-09
20900.056 9.351562156499696e-09
20950.056 9.229909688400213e-09
21000.056 9.138800189200086e-09
21050.056 9.330894907499819e-09
21100.056 9.146556395500085e-09
21150.056 9.127393103099586e-09
21200.056 8.841116388400218e-09
21250.056 8.532383244999432e-09
21300.056 7.934771469899964e-09
21350.056 7.679572740899773e-09
21400.056 7.656878511500633e-09
21450.056 6.7750881378501506e-09
21500.056 6.304926770640219e-09
21550.056 5.8517353127798735e-09
21600.056 5.346144384111096e-09
21650.056 4.4851838636497134e-09
21700.056 4.445198226599765e-09
21750.056 3.855030446208008e-09
21800.056 3.010749922610625e-09
21850.056 2.7283507498750935e-09
21900.056 2.1208838079877376e-09
21950.056 1.258598837577981e-09
22000.056 3.4573786766954473e-10
22050.056 4.2942100919840703e-10
22100.056 1.1492142659015711e-09
22150.056 9.36176258277192e-10
22200.056 9.98344574500953e-10
22250.056 8.802068146065985e-10
22300.056 5.327936566107838e-10
22350.056 6.505175739409837e-10
22400.056 3.1226701293640304e-10
22450.056 4.152395985116304e-10
22500.056 3.5291776585735133e-10
22550.056 2.38822657383877e-10
22600.056 2.1159816884609668e-10
22650.056 3.104415533802378e-10
22700.056 2.818715203036483e-10
22750.056 3.356952473421889e-10
22800.056 3.757220781545467e-10
22850.056 2.7758131179249184e-10
22900.056 2.413261793062525e-10
22950.056 2.1439784525311408e-10
23000.056 2.598490331033895e-10
23050.056 3.335062711479661e-10
23100.056 1.1202706240929657e-09
23150.056 8.970644283890814e-10
23200.056 8.619863577240125e-11
23250.056 2.845662368545222e-10
23300.056 2.3663793378357376e-10
23350.056 2.8151518883105116e-10
23400.056 2.2294877170755405e-10
23450.056 1.8101352840123652e-10
23500.056 1.996489466537424e-10
23550.056 3.515333024990469e-10
23600.056 5.782378256820405e-10
23650.056 7.316468264043187e-10
23700.056 1.8427104948875417e-10
23750.056 2.0300899366051213e-10
23800.056 6.475986733056009e-10
23850.056 4.685219070488418e-10
23900.056 9.152868602409831e-10
23950.056 5.97898589236171e-10
24000.056 1.1019857438038422e-09
24050.056 1.1219513383463957e-09
24100.056 1.1515117905654327e-09
24150.056 1.59167340634688e-09
24200.056 1.2650635794745205e-09
24250.056 1.1193988785829315e-09
24300.056 1.8299222107845832e-09
24350.056 1.4174836988311629e-09
24400.056 2.4974463848488913e-09
24450.056 2.4349908163852116e-09
24500.056 2.1926988122711046e-09
24550.056 3.184628864990213e-09
24600.056 3.2648549477596507e-09
24650.056 4.224998929422985e-09
24700.056 2.796444455967586e-09
24750.056 3.202885637937544e-09
24800.056 2.875660104653638e-09
24850.056 4.553801079526986e-09
24900.056 1.8214677870545372e-09
24950.056 3.752764153059462e-09
25000.056 3.3798728417761376e-09
25050.056 1.8517419793856312e-09
25100.056 3.1598664194695542e-09
25150.056 1.6055023135028072e-09
25200.056 2.2474022896329295e-09
25250.056 8.942261972445034e-10
25300.056 1.4086540748151348e-09
25350.056 6.236291599241534e-10
25400.056 1.6108312140152262e-09
25450.056 5.692080354705827e-10
25500.056 5.182960715789769e-10
25550.056 1.0468542344740613e-09
25600.056 7.105327272684065e-10
25650.056 2.933638331723859e-10
25700.056 4.687372604683898e-10
25750.056 1.357291746459269e-10
25800.056 6.941985404851462e-10
25850.056 1.6225519358141295e-10
25900.056 2.5909115291635283e-10
25950.056 6.792259439950047e-11
26000.056 6.855834918344465e-10
26050.056 1.1432524445144317e-10
26100.056 5.360546170352144e-10
26150.056 2.624866902656212e-10
26200.056 3.044365665891413e-10
26250.056 1.597132832894878e-09
26300.056 4.356172505389812e-10
26350.056 2.4366142492553063e-09
26400.056 2.6340754848694226e-09
26450.056 1.8436391290891483e-09
26500.056 3.4276495765519605e-09
26550.056 6.181527921022721e-10
26600.056 7.702908717950725e-10
26650.056 1.4517968704954514e-10
26700.056 9.589486777191957e-11
26750.056 9.733062127789076e-11
26800.056 2.619002759916461e-10
26850.056 1.4043851127270646e-10
26900.056 6.311896085643409e-10
26950.056 2.379635763277249e-10
27000.056 1.1596673767626007e-09
27050.056 1.2078938592001956e-09
27100.056 2.4127764237695317e-10
27150.056 1.6800472365058558e-09
27200.056 2.34846350754786e-10
27250.056 6.423611558151261e-10
27300.056 3.5513788530296857e-09
27350.056 1.3552712260765979e-09
27400.056 1.0452613899765867e-10
27450.056 1.6865378178718037e-09
27500.056 2.1241921594056525e-09
27550.056 3.5325246414024307e-10
27600.056 9.820669721284797e-10
27650.056 2.823945564274108e-10
27700.056 2.3412679950225964e-10
27750.056 1.3545114773015188e-09
27800.056 4.413308559659568e-10
27850.056 6.596753746655524e-10
27900.056 7.574037649196468e-10
27950.056 1.7328450613324587e-09
28000.056 1.3529890279416153e-09
28050.056 2.2173980666629492e-10
28100.056 1.61846724495921e-09
28150.056 1.0551888971119518e-09
28200.056 3.4782924905856687e-10
28250.056 2.099504829487034e-09
28300.056 2.098987652113892e-09
28350.056 4.353671230282653e-10
28400.056 1.4905084722574028e-09
28450.056 2.5087634996633745e-09
28500.056 1.5377008758375037e-09
28550.056 3.5738595130236226e-10
28600.056 2.5692738792813865e-09
28650.056 1.6677387729229628e-09
28700.056 2.08382258967429e-09
28750.056 3.700766259973754e-09
28800.056 1.910254728324652e-09
28850.056 3.2272202648593117e-09
