galfind/configs/Brown_Dwarf_templates/sonora_bobcat/m0.0/1780g/sp_t1600g1780nc_m0.0_resample.dat
# %ECSV 1.0
# ---
# datatype:
# - {name: wav, unit: Angstrom, datatype: float64}
# - {name: flux_nu, unit: erg / (cm2 Hz s), datatype: float64}
# meta: {C/O: '1.00', Kzz: '1.0000E+05', Teff: '1600.', Y: '0.28', '[Fe/H]': '0.00', f_hole: '1.00', f_rain: '0.00', grav: '1780.'}
# schema: astropy-2.0
wav flux_nu
[from data line 500]
29000.056 7.245803405908513e-07
29050.056 7.883741816940467e-07
29100.056 6.142811800190919e-07
29150.056 8.748433691100428e-07
29200.056 7.036307836530413e-07
29250.056 8.110249930359761e-07
29300.056 6.335703832368517e-07
29350.056 1.0141618679199125e-06
29400.056 7.747637958279438e-07
29450.056 7.82825019174974e-07
29500.056 8.069726991999536e-07
29550.056 8.012153066200246e-07
29600.056 8.869477429697945e-07
29650.056 8.051484025399598e-07
29700.056 7.728663797299095e-07
29750.056 8.904297241581525e-07
29800.056 9.30174071149875e-07
29850.056 8.651021660198938e-07
29900.056 8.429711842303094e-07
29950.056 9.808577186198673e-07
30000.056 9.352026027668632e-07
30050.056 8.59974709620001e-07
30100.056 7.895408395698056e-07
30150.056 1.077595544269991e-06
30200.056 9.117791287200288e-07
30250.056 9.750668718101163e-07
30300.056 8.790258876499546e-07
30350.056 9.051660300001043e-07
30400.056 1.0182890792400546e-06
30450.056 8.1979505488013e-07
30500.056 7.550362709800634e-07
30550.056 8.612180156300923e-07
30600.056 8.668272135200233e-07
30650.056 8.387940555899555e-07
30700.056 7.714304698799421e-07
30750.056 7.549211654599578e-07
30800.056 7.745143671401421e-07
30850.056 6.744061171499085e-07
30900.056 6.800706005999078e-07
30950.056 6.108014759200869e-07
31000.056 6.254177089700178e-07
31050.056 6.740464884200152e-07
31100.056 5.655093021099864e-07
31150.056 5.974878153099607e-07
31200.056 6.252989083300159e-07
31250.056 5.572562428299857e-07
31300.056 5.48185089079938e-07
31350.056 5.192966806800091e-07
31400.056 4.864194950300567e-07
31450.056 4.964594276099509e-07
31500.056 4.692390087699283e-07
31550.056 4.787182097819924e-07
31600.056 4.451271749249956e-07
31650.056 4.296240858700097e-07
31700.056 4.4548631237995184e-07
31750.056 4.0363498173009633e-07
31800.056 4.5940104813993957e-07
31850.056 4.1314178271205106e-07
31900.056 4.6581754774002624e-07
31950.056 3.8609456996302595e-07
32000.056 4.375588234499285e-07
32050.056 4.5112837037703253e-07
32100.056 4.4713552045000713e-07
32150.056 4.842272722999672e-07
32200.056 4.300743865739844e-07
32250.056 5.189812057900435e-07
32300.056 4.251137633959677e-07
32350.056 5.494437774200136e-07
32400.056 4.397671337500024e-07
32450.056 5.435311687298726e-07
32500.056 5.291314654500895e-07
32550.056 5.575875641699931e-07
32600.056 5.681487112639895e-07
32650.056 6.298053860399835e-07
32700.056 6.206328968000584e-07
32750.056 6.426949326900101e-07
32800.056 6.405843348500575e-07
32850.056 6.811561794199463e-07
32900.056 7.178830753000092e-07
32950.056 6.893062509299773e-07
33000.056 6.637097207699397e-07
33050.056 6.082494808200076e-07
33100.056 5.246704450399666e-07
33150.056 3.21581006170037e-07
33200.056 2.6904570254792694e-07
33250.056 2.3022925861993608e-07
33300.056 2.2302205349003352e-07
33350.056 2.549445253100063e-07
33400.056 2.832202160699714e-07
33450.056 3.1226390619999544e-07
33500.056 3.6858763657003824e-07
33550.056 3.9779611295004735e-07
33600.056 4.5781334832999844e-07
33650.056 5.143543916400486e-07
33700.056 5.04390417399968e-07
33750.056 6.140411846399862e-07
33800.056 5.806555753709555e-07
33850.056 6.481879755899794e-07
33900.056 6.013492913799758e-07
33950.056 6.048335132599794e-07
34000.056 6.52780023479955e-07
34050.056 5.631016693099168e-07
34100.056 6.717310222499785e-07
34150.056 5.907222047999246e-07
34200.056 5.53028338909885e-07
34250.056 6.024389291899014e-07
34300.056 5.206769656397613e-07
34350.056 5.311902298500049e-07
34400.056 4.984804458900243e-07
34450.056 5.676427708699844e-07
34500.056 5.823847082599755e-07
34550.056 5.117851707400016e-07
34600.056 6.152456675200053e-07
34650.056 5.694329554699667e-07
34700.056 5.74169741219958e-07
34750.056 6.338329397800173e-07
34800.056 5.64665695489939e-07
34850.056 5.833487502900101e-07
34900.056 6.153201739999806e-07
34950.056 5.86992723569888e-07
35000.056 7.001246798600506e-07
35050.056 5.928637202200138e-07
35100.056 6.337893852499698e-07
35150.056 6.81982437859988e-07
35200.056 6.609837905400636e-07
35250.056 7.317435816299496e-07
35300.056 6.460700688800539e-07
35350.056 6.500397216799363e-07
35400.056 7.152947303201074e-07
35450.056 5.731466284301791e-07
35500.056 7.639194683300223e-07
35550.056 7.392277021499765e-07
35600.056 7.021709916500903e-07
35650.056 7.984517130800236e-07
35700.056 7.051520571400006e-07
35750.056 7.591618060899058e-07
35800.056 9.206941361000204e-07
35850.056 7.525275098700283e-07
35900.056 9.176696889399674e-07
35950.056 8.924708842699699e-07
36000.056 8.846492204600927e-07
36050.056 9.591315882300409e-07
36100.056 9.443327361195929e-07
36150.056 9.753200026301029e-07
36200.056 1.0876198521199695e-06
36250.056 9.977713246499662e-07
36300.056 1.133920774220044e-06
36350.056 1.0950517268999203e-06
36400.056 1.1073728160600483e-06
36450.056 1.2334322832599635e-06
36500.056 1.179150703689933e-06
36550.056 1.2718928326202876e-06
36600.056 1.2924337846600532e-06
36650.056 1.292787710789829e-06
36700.056 1.4297640739799475e-06
36750.056 1.4022924669000812e-06
36800.056 1.4511532634999366e-06
36850.056 1.5315751416999169e-06
36900.056 1.4869718586000569e-06
36950.056 1.6051310299599034e-06
37000.056 1.6206826327999276e-06
37050.056 1.6575981176999866e-06
37100.056 1.6904440535500564e-06
37150.056 1.7100593113999809e-06
37200.056 1.783643443700005e-06
37250.056 1.7977506034999168e-06
37300.056 1.7577774956998941e-06
37350.056 1.7421566507001887e-06
37400.056 1.930041611599952e-06
37450.056 1.8113030751000767e-06
37500.056 1.9137286549299168e-06
37550.056 1.995974336400001e-06
37600.056 2.083608340900015e-06
37650.056 1.9512638164000264e-06
37700.056 2.109705535300047e-06
37750.056 2.039067020900087e-06
37800.056 2.133098753900098e-06
37850.056 2.036217740599986e-06
37900.056 2.0895298341002126e-06
37950.056 2.109834592899971e-06
38000.056 2.2225209459000707e-06
38050.056 2.195638648600104e-06
38100.056 2.1219829488001363e-06
38150.056 2.3104675371999667e-06
38200.056 2.3125510163000397e-06
38250.056 2.192323176300099e-06
38300.056 2.2596177554999354e-06
38350.056 2.3382350144000304e-06
38400.056 2.2950623237998986e-06
38450.056 2.4347729424999996e-06
38500.056 2.318712673500048e-06
38550.056 2.4225367840000882e-06
38600.056 2.5456324600999196e-06
38650.056 2.400817473299978e-06
38700.056 2.4174154755001393e-06
38750.056 2.5109198877000234e-06
38800.056 2.4437599242000015e-06
38850.056 2.45523938160001e-06
38900.056 2.398657830799977e-06
38950.056 2.540872057599998e-06
39000.056 2.50215355280004e-06
39050.056 2.5498110455999253e-06
39100.056 2.4010092967001534e-06
39150.056 2.535358687600049e-06
39200.056 2.5494870230999824e-06
39250.056 2.548498435899819e-06
39300.056 2.5254069675998124e-06
39350.056 2.557749256600125e-06
39400.056 2.5371944210000686e-06
39450.056 2.574701361699953e-06
39500.056 2.4765985310999177e-06
39550.056 2.4717577715999035e-06
39600.056 2.645260985099891e-06
39650.056 2.4799462121000283e-06
39700.056 2.4971962097000097e-06
39750.056 2.4767303980999515e-06
39800.056 2.373603815600002e-06
39850.056 2.5308833985999406e-06
39900.056 2.449285778300027e-06
39950.056 2.5417238616998845e-06
40000.056 2.3486327670000015e-06
40050.056 2.3656412144000114e-06
40100.056 2.475751537099987e-06
40150.056 2.35657257759988e-06
40200.056 2.437836670999897e-06
40250.056 2.2280894076995667e-06
40300.056 2.275159216700122e-06
40350.056 2.3706791038000706e-06
40400.056 2.3416721605000656e-06
40450.056 2.3207216359000207e-06
40500.056 2.138921065200184e-06
40550.056 2.4193280987998866e-06
40600.056 2.055018223700114e-06
40650.056 2.2804781221000063e-06
40700.056 2.3972454800000304e-06
40750.056 2.0889402807995407e-06
40800.056 2.05540305231988e-06
40850.056 2.042491122460267e-06
40900.056 2.078632844500051e-06
40950.056 2.1078759896999544e-06
41000.056 2.125103591399951e-06
41050.056 2.1179098364397983e-06
41100.056 1.98110126299992e-06
41150.056 2.093796310199946e-06
41200.056 2.0354879067500475e-06
41250.056 2.0369161202000547e-06
41300.056 1.7809511629997636e-06
41350.056 2.064931625900063e-06
41400.056 1.915255941900164e-06
41450.056 1.9757144895001695e-06
41500.056 1.9891028894000396e-06
41550.056 1.919384373650032e-06
41600.056 1.9052008247000677e-06
41650.056 1.8837808076001453e-06
41700.056 1.7672379880798843e-06
41750.056 1.8469805218098965e-06
41800.056 1.9695648086598874e-06
41850.056 1.5311067568601526e-06
41900.056 1.8423115373799323e-06
41950.056 1.829502632150246e-06
42000.056 1.7654143210702784e-06
42050.056 1.5805571220097956e-06
42100.056 1.8159948779001447e-06
42150.056 1.4052802406398438e-06
42200.056 1.4460687372000804e-06
42250.056 1.6824447080099304e-06
42300.056 1.473383633400041e-06
42350.056 1.653515333640202e-06
42400.056 1.4963788907801712e-06
42450.056 1.3445104172700398e-06
42500.056 1.3929045038000639e-06
42550.056 1.3958409390199707e-06
42600.056 1.4494350673301161e-06
42650.056 1.4857582719396223e-06
42700.056 1.4818436885201325e-06
42750.056 1.3689385898599763e-06
42800.056 1.4163564038302778e-06
42850.056 1.5439454895997407e-06
42900.056 1.5316152801900588e-06
42950.056 1.3365183760696197e-06
43000.056 1.4220582132599892e-06
43050.056 1.2323861570604048e-06
43100.056 1.3648009250000099e-06
43150.056 1.3408522805601317e-06
43200.056 1.3009835737800637e-06
43250.056 1.3556306793598833e-06
43300.056 1.3859438143500578e-06
43350.056 1.1874361896098382e-06
43400.056 1.2588780210499935e-06
43450.056 1.2067347730901396e-06
43500.056 1.2202885341698984e-06
43550.056 1.2165059439000432e-06
43600.056 1.3023116342400606e-06
43650.056 1.1230603634300081e-06
43700.056 1.2131497618699084e-06
43750.056 1.1940063285201216e-06
43800.056 1.120929339159995e-06
43850.056 1.1093449444801543e-06
43900.056 1.1559848566899178e-06
43950.056 1.0490523827199756e-06
44000.056 9.804976021800413e-07
44050.056 1.0253935610700248e-06
44100.056 1.0876569627401108e-06
44150.056 1.1072023207099493e-06
44200.056 1.0356963580600284e-06
44250.056 1.001807694889999e-06
44300.056 9.71173435610092e-07
44350.056 9.480783031400588e-07
44400.056 9.787804263599534e-07
44450.056 9.95318311260025e-07
44500.056 9.734956137400918e-07
44550.056 9.429184667598933e-07
44600.056 9.185354670200901e-07
44650.056 9.796827847300335e-07
44700.056 9.02111302060015e-07
44750.056 9.395457698599404e-07
44800.056 9.276667656599714e-07
44850.056 9.233982515800941e-07
44900.056 8.708873174200607e-07
44950.056 8.583929624800436e-07
45000.056 8.965042965399868e-07
45050.056 9.012024972499639e-07
45100.056 9.381595762900109e-07
45150.056 8.588591030599998e-07
45200.056 7.991749122700198e-07
45250.056 8.358512355699337e-07
45300.056 8.946542394600252e-07
45350.056 9.02707890799938e-07
45400.056 8.631914609000758e-07
45450.056 8.224919299698945e-07
45500.056 8.560996295299537e-07
45550.056 9.105735212299777e-07
45600.056 8.515872455299975e-07
45650.056 7.867759890498807e-07
45700.056 8.882443997300637e-07
45750.056 8.116287239600255e-07
45800.056 8.148112228399645e-07
45850.056 9.53740532289969e-07
45900.056 9.220842256900211e-07
45950.056 8.155222507500001e-07
46000.056 9.395299717100237e-07
46050.056 9.461735007701792e-07
46100.056 8.1125306080004e-07
46150.056 8.727451899599433e-07
46200.056 9.024337833101578e-07
46250.056 7.811521869499895e-07
46300.056 9.63519765719992e-07
46350.056 8.68119443569951e-07
46400.056 8.88067152569961e-07
46450.056 9.193217063200507e-07
46500.056 8.270590059599698e-07
46550.056 9.829696617800018e-07
46600.056 9.365137532300465e-07
46650.056 1.1367219142898508e-06
46700.056 1.0861519928703198e-06
46750.056 8.808233556000351e-07
46800.056 9.138679817400724e-07
46850.056 1.0190433068301116e-06
46900.056 9.560743124898832e-07
46950.056 1.0743447263499922e-06
47000.056 8.96285370780019e-07
47050.056 1.0701941512899038e-06
47100.056 8.250031295900642e-07
47150.056 9.228200406600457e-07
47200.056 9.976934790701281e-07
47250.056 8.874578676699529e-07
47300.056 9.037644424998942e-07
47350.056 8.437287873799355e-07
47400.056 1.0016560871399103e-06
47450.056 8.670940154599778e-07
47500.056 1.0067063119399291e-06
47550.056 8.721940963499584e-07
47600.056 9.935793453499259e-07
47650.056 7.909679867098872e-07
47700.056 1.0031878365500601e-06
47750.056 7.422992419001037e-07
47800.056 9.776017217099597e-07
47850.056 7.543827188099569e-07
47900.056 9.460742291399898e-07
47950.056 8.015709319000675e-07
48000.056 1.068334448129994e-06
48050.056 8.566668206200701e-07
48100.056 9.349076987999871e-07
48150.056 8.419038109201068e-07
48200.056 9.754283380800515e-07
48250.056 8.302296881800393e-07
48300.056 1.0656401782598865e-06
48350.056 7.756236907499489e-07
48400.056 9.035525216199656e-07
48450.056 8.054581941400344e-07
48500.056 1.0672880224399928e-06
48550.056 7.703819438599791e-07
48600.056 1.016617225039955e-06
48650.056 8.072705319099725e-07
48700.056 1.0202459449500525e-06
48750.056 7.209468416500487e-07
48800.056 1.0666423310300375e-06
48850.056 7.694453254198504e-07
48900.056 1.0410484978500633e-06
48950.056 8.988492233700016e-07
49000.056 8.551367340999535e-07
49050.056 9.898621332499651e-07
49100.056 8.836062202500506e-07
49150.056 9.385916852199503e-07
49200.056 8.76352094349974e-07
49250.056 9.475146661800356e-07
49300.056 8.331681146399475e-07
49350.056 8.689696946800093e-07
49400.056 9.872198011899878e-07
49450.056 8.807921773201793e-07
49500.056 8.967752793599975e-07
49550.056 7.832438181199618e-07
49600.056 8.757219000501189e-07
49650.056 9.059395500699486e-07
49700.056 8.176135511299075e-07
49750.056 1.1553206383699123e-06
49800.056 8.608887995400095e-07
49850.056 1.0973085946800835e-06
49900.056 9.069269067900017e-07
49950.056 9.264762407499114e-07
50000.056 9.411326463998479e-07
50050.056 9.246659991100291e-07
50100.056 1.0168334962399468e-06
50150.056 8.260341136100051e-07
50200.056 7.654488349200625e-07
50250.056 9.584548332100002e-07
50300.056 8.656995462599809e-07
50350.056 1.0730506916500056e-06
50400.056 8.897722186399256e-07
50450.056 8.819420502701042e-07
50500.056 1.0856468081300939e-06
50550.056 9.263952636100149e-07
50600.056 9.631527256999417e-07
50650.056 9.403178051001052e-07
50700.056 1.0651298977098995e-06
50750.056 1.085570587170105e-06
50800.056 7.67657280159891e-07
50850.056 9.179729674700982e-07
50900.056 1.0501060634999417e-06
50950.056 9.904452423101634e-07
51000.056 1.1698720123700955e-06
51050.056 9.2693859160004e-07
51100.056 8.44100683459939e-07
51150.056 9.826488649999725e-07
51200.056 1.0058783375599937e-06
51250.056 1.022706203580002e-06
51300.056 8.343052719902008e-07
51350.056 9.791818528399133e-07
51400.056 8.57322757579905e-07
51450.056 6.977611876198927e-07
51500.056 8.649751488200971e-07
51550.056 1.1501852012900804e-06
51600.056 8.147568447500413e-07
51650.056 9.393980541998942e-07
51700.056 9.450597546097797e-07
51750.056 8.348305949900229e-07
51800.056 1.0492384285197933e-06
51850.056 9.849097591099157e-07
51900.056 1.116356669590113e-06
51950.056 1.0057766325299393e-06
52000.056 7.738732734699659e-07
52050.056 9.484729094299648e-07
52100.056 8.642434182199518e-07
52150.056 8.521522355700266e-07
52200.056 8.326263082300022e-07
52250.056 9.057855631600021e-07
52300.056 1.0842047879899728e-06
52350.056 1.039135139460048e-06
52400.056 7.812141116400994e-07
52450.056 9.280278927800308e-07
52500.056 1.0518447036498584e-06
52550.056 1.0037107699998506e-06
52600.056 9.628789255400786e-07
52650.056 1.0493722031001199e-06
52700.056 8.932293735400245e-07
52750.056 7.766797161199636e-07
52800.056 8.484131389300608e-07
52850.056 8.408466128498893e-07
52900.056 9.13999058749984e-07
52950.056 8.981838458499639e-07
53000.056 1.0534654841200094e-06
53050.056 8.444311955398291e-07
53100.056 9.050136181199181e-07
53150.056 1.1234828342900733e-06
53200.056 7.297013181300242e-07
53250.056 1.0369279501900193e-06
53300.056 1.0420038184303434e-06
53350.056 1.034587689229916e-06
53400.056 1.007139051370037e-06
53450.056 8.468377081800227e-07
53500.056 6.867761493499012e-07
53550.056 8.858495365799463e-07
53600.056 9.787071353101375e-07
53650.056 7.902889105500255e-07
53700.056 8.197848832000877e-07
