galfind/configs/Brown_Dwarf_templates/sonora_bobcat/m0.0/1780g/sp_t2200g1780nc_m0.0_resample.dat
# %ECSV 1.0
# ---
# datatype:
# - {name: wav, unit: Angstrom, datatype: float64}
# - {name: flux_nu, unit: erg / (cm2 Hz s), datatype: float64}
# meta: {C/O: '1.00', Kzz: '1.0000E+05', Teff: '2200.', Y: '0.28', '[Fe/H]': '0.00', f_hole: '1.00', f_rain: '0.00', grav: '1780.'}
# schema: astropy-2.0
wav flux_nu
[from data line 500]
29000.056 2.2405727899594927e-06
29050.056 2.394738555980085e-06
29100.056 1.900151898720239e-06
29150.056 2.5360776812400364e-06
29200.056 2.15666250112015e-06
29250.056 2.3471776226499035e-06
29300.056 1.9798832568194838e-06
29350.056 2.772659817319805e-06
29400.056 2.2893564701798987e-06
29450.056 2.2452335629699723e-06
29500.056 2.3460655588798356e-06
29550.056 2.3085514844001244e-06
29600.056 2.5307294800397245e-06
29650.056 2.3059087908699445e-06
29700.056 2.229758672679928e-06
29750.056 2.601065872960541e-06
29800.056 2.639653546939719e-06
29850.056 2.4200742049597632e-06
29900.056 2.276565873910668e-06
29950.056 2.7648295420596434e-06
30000.056 2.6431935939195384e-06
30050.056 2.4608669587000704e-06
30100.056 2.145035251259493e-06
30150.056 3.083756740899974e-06
30200.056 2.7153269520001724e-06
30250.056 2.658095781520366e-06
30300.056 2.5237757997397836e-06
30350.056 2.6825428137404393e-06
30400.056 3.11330952404035e-06
30450.056 2.4635532549502973e-06
30500.056 2.3824718894401904e-06
30550.056 3.0559341628002834e-06
30600.056 2.9006114076602183e-06
30650.056 2.977202267780124e-06
30700.056 2.697033847359816e-06
30750.056 2.7374452255799604e-06
30800.056 3.2772385103405224e-06
30850.056 2.8322277111999095e-06
30900.056 2.6764615826298934e-06
30950.056 2.6787433290101485e-06
31000.056 3.200790463550035e-06
31050.056 2.9825979247900574e-06
31100.056 2.872443447129972e-06
31150.056 3.0138170178995567e-06
31200.056 2.9529588089997293e-06
31250.056 3.407043987400453e-06
31300.056 2.9748802651998222e-06
31350.056 2.988498150079978e-06
31400.056 3.0554925547005095e-06
31450.056 3.1028464547600184e-06
31500.056 3.124450535770153e-06
31550.056 2.950656093599915e-06
31600.056 3.0678615280098596e-06
31650.056 3.273474437999813e-06
31700.056 3.151891047399915e-06
31750.056 2.9818056844000632e-06
31800.056 3.293273514800122e-06
31850.056 3.516487846500243e-06
31900.056 3.5305050233997407e-06
31950.056 2.966489253300002e-06
32000.056 3.027933452720283e-06
32050.056 3.449871947000388e-06
32100.056 3.5508754148996194e-06
32150.056 3.557247784999882e-06
32200.056 3.414054530399987e-06
32250.056 3.3227737369001104e-06
32300.056 3.4786271612000194e-06
32350.056 3.7922915320005877e-06
32400.056 3.421145945149938e-06
32450.056 3.4235726108002e-06
32500.056 3.6825482733001935e-06
32550.056 4.0304700871999695e-06
32600.056 3.891554039119776e-06
32650.056 3.822734946200571e-06
32700.056 3.720791939600236e-06
32750.056 3.7590577278999905e-06
32800.056 3.473077904560268e-06
32850.056 4.064419758999675e-06
32900.056 3.991786234100068e-06
32950.056 3.5914318576998477e-06
33000.056 3.817492949950206e-06
33050.056 3.832399469059563e-06
33100.056 3.815172405389353e-06
33150.056 3.7340300411000327e-06
33200.056 3.4301667770003023e-06
33250.056 3.749818035020189e-06
33300.056 3.930745317960364e-06
33350.056 3.755651441499915e-06
33400.056 3.4156928132996293e-06
33450.056 3.6396615062993994e-06
33500.056 4.000892060300134e-06
33550.056 3.7280682680997703e-06
33600.056 3.9065897466004785e-06
33650.056 4.074312943900684e-06
33700.056 4.152362804499683e-06
33750.056 4.1436354580000145e-06
33800.056 3.921964401500121e-06
33850.056 4.034768216700315e-06
33900.056 4.529833697999502e-06
33950.056 4.077999044799639e-06
34000.056 4.097676135999465e-06
34050.056 4.207911279999893e-06
34100.056 4.176973664000513e-06
34150.056 4.141729699099408e-06
34200.056 4.0802583554996244e-06
34250.056 4.494573078699679e-06
34300.056 4.170727801899648e-06
34350.056 4.232347567199921e-06
34400.056 4.22378890919982e-06
34450.056 3.882971283400271e-06
34500.056 4.493150373000593e-06
34550.056 4.148119276599854e-06
34600.056 4.24160207569994e-06
34650.056 4.369409601800174e-06
34700.056 4.382240273899337e-06
34750.056 4.590350219500218e-06
34800.056 4.427663235199755e-06
34850.056 4.185818596399924e-06
34900.056 4.3482770953000334e-06
34950.056 4.342290247499516e-06
35000.056 4.205897800099724e-06
35050.056 4.8801992284005835e-06
35100.056 4.448328108299657e-06
35150.056 4.586144260299839e-06
35200.056 4.500264507799942e-06
35250.056 4.324146057900369e-06
35300.056 4.5653770388002745e-06
35350.056 4.695510551099928e-06
35400.056 4.389929694699665e-06
35450.056 4.420349565000217e-06
35500.056 4.763697303299969e-06
35550.056 4.622674552499795e-06
35600.056 4.397726622499461e-06
35650.056 4.860082493700403e-06
35700.056 4.4865215036002015e-06
35750.056 4.562296699999678e-06
35800.056 4.812613005799761e-06
35850.056 4.697310680900124e-06
35900.056 5.009788418799765e-06
35950.056 4.720915610099763e-06
36000.056 4.51550086739966e-06
36050.056 4.978578362800302e-06
36100.056 5.0958756434995974e-06
36150.056 4.486537252800476e-06
36200.056 4.948481624399705e-06
36250.056 4.709524916099592e-06
36300.056 5.177858448700331e-06
36350.056 4.83955794639951e-06
36400.056 4.896995862300027e-06
36450.056 5.2657008149997e-06
36500.056 4.87245438410019e-06
36550.056 4.871944767600544e-06
36600.056 4.78660219850018e-06
36650.056 4.997481975100228e-06
36700.056 5.306313279599936e-06
36750.056 4.755210031900241e-06
36800.056 5.006595393799901e-06
36850.056 5.185745654100143e-06
36900.056 5.080812572500384e-06
36950.056 5.059108529099949e-06
37000.056 5.173924603099897e-06
37050.056 5.290310992199785e-06
37100.056 5.119965037500356e-06
37150.056 5.166975163899406e-06
37200.056 5.2291803159999534e-06
37250.056 5.288925375999999e-06
37300.056 5.36206006670055e-06
37350.056 5.01974177860044e-06
37400.056 5.256490637599925e-06
37450.056 5.12142409630017e-06
37500.056 5.412252821499764e-06
37550.056 5.246812154499422e-06
37600.056 5.464409885499728e-06
37650.056 5.188953807199845e-06
37700.056 5.390001712399968e-06
37750.056 5.402290558399735e-06
37800.056 5.474293233499842e-06
37850.056 5.395934431699918e-06
37900.056 5.411188786700285e-06
37950.056 5.440648359500153e-06
38000.056 5.4791172333003044e-06
38050.056 5.419189088300266e-06
38100.056 5.251105358000214e-06
38150.056 5.563339322699816e-06
38200.056 5.5570983434997445e-06
38250.056 5.270450606600379e-06
38300.056 5.231400594199978e-06
38350.056 5.389283670999973e-06
38400.056 5.485499568199871e-06
38450.056 5.5949106858001845e-06
38500.056 5.380133874999889e-06
38550.056 5.45605372630026e-06
38600.056 5.82301870189991e-06
38650.056 5.308464766400033e-06
38700.056 5.313765267200533e-06
38750.056 5.558518807399957e-06
38800.056 5.462464158800487e-06
38850.056 5.505133370400033e-06
38900.056 5.2662852789999275e-06
38950.056 5.539945890099961e-06
39000.056 5.4424090910000845e-06
39050.056 5.513046859699939e-06
39100.056 5.244725473300064e-06
39150.056 5.391523417000124e-06
39200.056 5.480136285100075e-06
39250.056 5.449982079899594e-06
39300.056 5.4567076106995595e-06
39350.056 5.4097034410003e-06
39400.056 5.373094280600096e-06
39450.056 5.429333238499933e-06
39500.056 5.271780218699813e-06
39550.056 5.204142392299481e-06
39600.056 5.550556562699999e-06
39650.056 5.123352934100133e-06
39700.056 5.236706738299956e-06
39750.056 5.314250733199665e-06
39800.056 4.982385374400209e-06
39850.056 5.237325154299823e-06
39900.056 5.054562260799854e-06
39950.056 5.248326557799833e-06
40000.056 4.897158001799793e-06
40050.056 4.766519506899975e-06
40100.056 5.021095518499887e-06
40150.056 4.751122955499384e-06
40200.056 4.943539141799883e-06
40250.056 4.706818602299023e-06
40300.056 4.6532059465003415e-06
40350.056 4.781198543200153e-06
40400.056 4.78026227590006e-06
40450.056 4.518187911800245e-06
40500.056 4.300194852100183e-06
40550.056 4.825879689299656e-06
40600.056 4.2372298420002654e-06
40650.056 4.581287652800368e-06
40700.056 4.756420837400055e-06
40750.056 4.254423122399042e-06
40800.056 4.226171826700083e-06
40850.056 3.983941957500717e-06
40900.056 4.040200032600327e-06
40950.056 4.189526254399947e-06
41000.056 4.2942492140000105e-06
41050.056 4.277277684899396e-06
41100.056 3.996950996599979e-06
41150.056 4.3038567458000435e-06
41200.056 4.082069057400082e-06
41250.056 4.15039019290019e-06
41300.056 3.67271143839965e-06
41350.056 4.16545955160008e-06
41400.056 3.915036020500204e-06
41450.056 3.945676266000169e-06
41500.056 4.118339267700221e-06
41550.056 4.0017292574001094e-06
41600.056 3.9481915998001085e-06
41650.056 3.774112587800313e-06
41700.056 3.6413117963997472e-06
41750.056 3.889109140199873e-06
41800.056 3.937458451399807e-06
41850.056 3.4027262945003673e-06
41900.056 3.9201362424997485e-06
41950.056 3.8061352264003636e-06
42000.056 3.7784631862003817e-06
42050.056 3.495901441299417e-06
42100.056 3.847496722000249e-06
42150.056 3.2064804058996355e-06
42200.056 3.276056363300207e-06
42250.056 3.775159574999833e-06
42300.056 3.4216092033000864e-06
42350.056 3.7391764626005024e-06
42400.056 3.39955500630023e-06
42450.056 3.0942550019001007e-06
42500.056 3.173149510900172e-06
42550.056 3.2733701429999476e-06
42600.056 3.2802897137002858e-06
42650.056 3.323693046399211e-06
42700.056 3.369761334100272e-06
42750.056 3.1621404240999904e-06
42800.056 3.3102038660004095e-06
42850.056 3.4725301931996566e-06
42900.056 3.449975154100171e-06
42950.056 2.959795679699143e-06
43000.056 3.1785493590000184e-06
43050.056 2.879208873330941e-06
43100.056 3.0570479573998965e-06
43150.056 3.0660575337004244e-06
43200.056 2.8809206686999912e-06
43250.056 2.9894327314002074e-06
43300.056 3.0055155715001595e-06
43350.056 2.7180325820995915e-06
43400.056 2.7528531796999288e-06
43450.056 2.702068477800321e-06
43500.056 2.6777649636996976e-06
43550.056 2.6456270335599784e-06
43600.056 2.79563199690017e-06
43650.056 2.4546176267600634e-06
43700.056 2.5342312309999696e-06
43750.056 2.531430795500119e-06
43800.056 2.3488611463999905e-06
43850.056 2.376581177900365e-06
43900.056 2.451573648219974e-06
43950.056 2.286939850319991e-06
44000.056 2.1113081444000413e-06
44050.056 2.0958596728000717e-06
44100.056 2.2117297790003054e-06
44150.056 2.3155140203998967e-06
44200.056 2.0945073299201122e-06
44250.056 2.115437928259944e-06
44300.056 2.0355194577502497e-06
44350.056 1.9230416739401684e-06
44400.056 2.040041681749906e-06
44450.056 2.0965465396201197e-06
44500.056 2.0097548794901887e-06
44550.056 1.8513856327996823e-06
44600.056 1.853634058870212e-06
44650.056 2.0192364537199514e-06
44700.056 1.8884193989901034e-06
44750.056 1.916580718339805e-06
44800.056 1.8907270952399683e-06
44850.056 1.8964381452101744e-06
44900.056 1.8097288688201489e-06
44950.056 1.7081429746800993e-06
45000.056 1.8500971083999727e-06
45050.056 1.8345617837498422e-06
45100.056 1.9000363189800458e-06
45150.056 1.7410025762500079e-06
45200.056 1.6036601768999557e-06
45250.056 1.6914775360798818e-06
45300.056 1.8624073964600601e-06
45350.056 1.8777920120198459e-06
45400.056 1.7423399348501948e-06
45450.056 1.647581984989786e-06
45500.056 1.7200371685998734e-06
45550.056 1.8642010127099876e-06
45600.056 1.7138715891199633e-06
45650.056 1.590965207459764e-06
45700.056 1.79284907910012e-06
45750.056 1.6514156508600425e-06
45800.056 1.625281621999929e-06
45850.056 1.9322571881999856e-06
45900.056 1.8686754934600072e-06
45950.056 1.6643022403999857e-06
46000.056 1.9666271241000054e-06
46050.056 2.008690833380461e-06
46100.056 1.6229404840601214e-06
46150.056 1.7288724344398753e-06
46200.056 1.8530491480703932e-06
46250.056 1.5627435889900075e-06
46300.056 2.019125282580009e-06
46350.056 1.7464145762098656e-06
46400.056 1.783670148499834e-06
46450.056 1.8134152258002275e-06
46500.056 1.685931145219877e-06
46550.056 2.0080762924200155e-06
46600.056 1.8804629897800747e-06
46650.056 2.295917274179841e-06
46700.056 2.23191897152069e-06
46750.056 1.7844572266500115e-06
46800.056 1.9034959383402361e-06
46850.056 2.0340210439901986e-06
46900.056 1.9001108656597355e-06
46950.056 2.224590800340012e-06
47000.056 1.8469921470000257e-06
47050.056 2.140486361869847e-06
47100.056 1.6966795517200723e-06
47150.056 1.9532318850001475e-06
47200.056 2.019868543560466e-06
47250.056 1.8605335899497467e-06
47300.056 2.0035493646696565e-06
47350.056 1.6394196992398436e-06
47400.056 1.9942637495996945e-06
47450.056 1.8518972139399122e-06
47500.056 1.9785613095597725e-06
47550.056 1.8164276081198768e-06
47600.056 2.047528647199832e-06
47650.056 1.5537957930297204e-06
47700.056 2.075540565139961e-06
47750.056 1.4826410262803306e-06
47800.056 2.012314826499894e-06
47850.056 1.527529419109852e-06
47900.056 2.0347343049800613e-06
47950.056 1.5800624498202705e-06
48000.056 2.243623713499972e-06
48050.056 1.6952087161902243e-06
48100.056 1.9147588373599267e-06
48150.056 1.6823626435801895e-06
48200.056 2.043900504310178e-06
48250.056 1.6952931633800535e-06
48300.056 2.192067551199812e-06
48350.056 1.5197813975397288e-06
48400.056 1.9750202415299646e-06
48450.056 1.6048887998300603e-06
48500.056 2.2229544848400117e-06
48550.056 1.502978101459982e-06
48600.056 2.1360730313998426e-06
48650.056 1.5522511933699857e-06
48700.056 2.091629371100111e-06
48750.056 1.3997416423801058e-06
48800.056 2.1726541216401272e-06
48850.056 1.5115039282697323e-06
48900.056 2.0907426786001853e-06
48950.056 1.757421587679984e-06
49000.056 1.8152382064899896e-06
49050.056 1.9444472478998983e-06
49100.056 1.757482684180117e-06
49150.056 1.8293644751599401e-06
49200.056 1.722360742049905e-06
49250.056 1.81885288345001e-06
49300.056 1.6115783204897895e-06
49350.056 1.7612332271999107e-06
49400.056 2.014304283620071e-06
49450.056 1.7141949590703417e-06
49500.056 1.7843634112001217e-06
49550.056 1.5983182663698635e-06
49600.056 1.7159262018102772e-06
49650.056 1.804200298520008e-06
49700.056 1.5472540350398777e-06
49750.056 2.3623911535998035e-06
49800.056 1.6905615532800388e-06
49850.056 2.1811823959001116e-06
49900.056 1.743741498360028e-06
49950.056 1.7984860490997584e-06
50000.056 1.8009418091596038e-06
50050.056 1.7724230478801202e-06
50100.056 1.980571994599906e-06
50150.056 1.6572214403000202e-06
50200.056 1.5884703160601582e-06
50250.056 1.8040684688201036e-06
50300.056 1.6334684109899177e-06
50350.056 2.0268346916599504e-06
50400.056 1.7116609277498729e-06
50450.056 1.7247460416502168e-06
50500.056 2.192191555300198e-06
50550.056 1.7513441472199558e-06
50600.056 1.9168428814499787e-06
50650.056 1.7731437481002897e-06
50700.056 2.02778733095975e-06
50750.056 2.1262956483401974e-06
50800.056 1.5017143428498166e-06
50850.056 1.849877504680162e-06
50900.056 1.932990670719907e-06
50950.056 1.907738835230334e-06
51000.056 2.2626548957701888e-06
51050.056 1.756877737880147e-06
51100.056 1.7317976144999063e-06
51150.056 1.9803879218499597e-06
51200.056 1.7786675996599946e-06
51250.056 2.03763105519003e-06
51300.056 1.6437319283103802e-06
51350.056 1.954132147999902e-06
51400.056 1.8717924721896732e-06
51450.056 1.3738385525597918e-06
51500.056 1.8813331233501012e-06
51550.056 2.31203443620015e-06
51600.056 1.5095273496299984e-06
51650.056 1.9103596854997606e-06
51700.056 1.7704609813694894e-06
51750.056 1.6788117759800565e-06
51800.056 2.054715230599684e-06
51850.056 1.917383560299746e-06
51900.056 2.0871055862001984e-06
51950.056 1.914359388649846e-06
52000.056 1.6048024117199687e-06
52050.056 1.9335640038298864e-06
52100.056 1.8150933637997873e-06
52150.056 1.8231292194800917e-06
52200.056 1.7606563475000822e-06
52250.056 1.794526772459948e-06
52300.056 1.986366845379967e-06
52350.056 2.079969575720178e-06
52400.056 1.5550813569601606e-06
52450.056 1.778166985040048e-06
52500.056 2.046761313719678e-06
52550.056 1.8725844397996582e-06
52600.056 1.9391594955400954e-06
52650.056 2.150075760330231e-06
52700.056 1.7789067936000856e-06
52750.056 1.586483375689892e-06
52800.056 1.7096049587601137e-06
52850.056 1.6443192710699158e-06
52900.056 1.9042865141800255e-06
52950.056 1.764040073499854e-06
53000.056 2.031679589829912e-06
53050.056 1.8379217542396709e-06
53100.056 1.7627762900398072e-06
53150.056 2.1275630944002683e-06
53200.056 1.4849311710501844e-06
53250.056 2.0043113641000013e-06
53300.056 2.03067895260056e-06
53350.056 2.0285341198997543e-06
53400.056 1.855558548500101e-06
53450.056 1.7554196705500604e-06
53500.056 1.4690925492498116e-06
53550.056 1.888120435119952e-06
53600.056 1.989572808300256e-06
