galfind/configs/Brown_Dwarf_templates/sonora_bobcat/m0.0/1780g/sp_t425g1780nc_m0.0_resample.dat
# %ECSV 1.0
# ---
# datatype:
# - {name: wav, unit: Angstrom, datatype: float64}
# - {name: flux_nu, unit: erg / (cm2 Hz s), datatype: float64}
# meta: {C/O: '1.00', Kzz: '1.0000E+05', Teff: '425.', Y: '0.28', '[Fe/H]': '0.00', f_hole: '1.00', f_rain: '0.00', grav: '1780.'}
# schema: astropy-2.0
wav flux_nu
[from data line 498]
28900.056 8.392362177288163e-11
28950.056 1.1241942651589125e-10
29000.056 7.874490986938542e-11
29050.056 1.4640601479214158e-10
29100.056 5.2619267572683865e-11
29150.056 9.867274849296209e-11
29200.056 2.322245792285954e-10
29250.056 2.0784032685620718e-10
29300.056 1.277987333753945e-10
29350.056 3.9374706122563325e-10
29400.056 1.4699152768384912e-10
29450.056 6.999121336634362e-11
29500.056 4.0562370866586554e-10
29550.056 1.2642114269705772e-10
29600.056 1.6536808526212267e-10
29650.056 6.068197601855483e-10
29700.056 9.312117500162936e-11
29750.056 3.573278432646818e-10
29800.056 2.257138431720081e-10
29850.056 5.946990340169553e-10
29900.056 2.481291078462843e-10
29950.056 2.3071510172649587e-10
30000.056 3.9001951201383416e-12
30050.056 3.781286212900152e-11
30100.056 1.553307419238535e-10
30150.056 4.965205330908323e-10
30200.056 3.282059086605949e-10
30250.056 6.649220448999304e-10
30300.056 7.362176924286418e-10
30350.056 1.6543299591529333e-10
30400.056 8.631784676433015e-10
30450.056 6.337210502035959e-10
30500.056 3.5002620459911755e-10
30550.056 2.71088810706343e-10
30600.056 2.5276308325779614e-09
30650.056 1.060821969961085e-09
30700.056 5.122492775651749e-10
30750.056 1.0709775138202599e-09
30800.056 1.0732545151382506e-09
30850.056 1.15214204542834e-09
30900.056 5.880202490891196e-10
30950.056 4.593674589011723e-10
31000.056 6.297207651324774e-10
31050.056 4.317228188429287e-10
31100.056 2.0627555137525546e-10
31150.056 4.4800229893889913e-10
31200.056 1.473391324059911e-09
31250.056 5.178531847978742e-10
31300.056 3.1242863932266297e-10
31350.056 9.290141289749799e-10
31400.056 5.324645563025619e-10
31450.056 6.125816116840096e-10
31500.056 1.9608375604047726e-10
31550.056 4.2187335619371377e-10
31600.056 2.862623226800139e-10
31650.056 2.1282989487706364e-10
31700.056 1.9958146435305587e-10
31750.056 7.8931098997348e-11
31800.056 1.7815413388971673e-10
31850.056 3.247094267177353e-11
31900.056 8.676050227478936e-11
31950.056 3.978144573513856e-11
32000.056 3.3214748306111015e-11
32050.056 3.6184752794677715e-11
32100.056 2.8537924562870706e-11
32150.056 3.096920465281897e-11
32200.056 1.4027028510180869e-11
32250.056 3.3970567851880256e-11
32300.056 9.506542568203734e-12
32350.056 3.672323100983583e-11
32400.056 4.559092243820588e-12
32450.056 2.5591284102010262e-11
32500.056 5.187871595960982e-12
32550.056 2.803203519840278e-11
32600.056 5.2083781029019295e-12
32650.056 5.0588337547996486e-11
32700.056 8.413091128980849e-12
32750.056 1.2522376125104373e-10
32800.056 6.462071981551164e-11
32850.056 2.6454675067706473e-10
32900.056 2.2159310028686186e-10
32950.056 2.417253161593629e-10
33000.056 6.422641132743467e-11
33050.056 6.647757106001561e-11
33100.056 1.1675118392994596e-11
33150.056 7.344209488260926e-15
33200.056 4.933080417705336e-13
33250.056 1.1666681322852745e-12
33300.056 1.6082420978477742e-11
33350.056 3.9549649564013456e-11
33400.056 1.450611690831925e-10
33450.056 4.354915498935059e-11
33500.056 2.1836751810805212e-10
33550.056 3.604145572078295e-11
33600.056 9.346999183205547e-11
33650.056 1.0339446673998728e-10
33700.056 2.2411992375545465e-11
33750.056 1.3319643398718807e-10
33800.056 8.800068366394807e-12
33850.056 6.074595481587866e-11
33900.056 5.913846270058622e-11
33950.056 5.535108145721278e-11
34000.056 1.3382641916785994e-10
34050.056 2.03319763038002e-11
34100.056 1.3319552723803234e-10
34150.056 3.7244687574015656e-11
34200.056 1.4663415321492838e-10
34250.056 7.590172462070638e-11
34300.056 8.066305849640805e-11
34350.056 2.886564662142625e-10
34400.056 4.89049102976891e-11
34450.056 2.506477561709954e-10
34500.056 1.0301767184903315e-10
34550.056 1.3080562134103487e-10
34600.056 6.283956866619317e-10
34650.056 5.109096911133652e-11
34700.056 4.338400406117779e-10
34750.056 2.052448234959441e-10
34800.056 1.3904320299349114e-10
34850.056 6.300625996956308e-10
34900.056 8.04299736858412e-11
34950.056 6.892262471359618e-10
35000.056 8.538988275403026e-10
35050.056 5.095504088962275e-10
35100.056 1.3637753251583259e-09
35150.056 1.0919170662188342e-09
35200.056 9.028804284750704e-10
35250.056 1.7538001162299757e-09
35300.056 3.8228113895948336e-10
35350.056 5.587357722620144e-10
35400.056 3.8904394957026365e-10
35450.056 3.32576634427573e-10
35500.056 1.4111866500989332e-09
35550.056 8.202038377078207e-10
35600.056 1.326234524373478e-09
35650.056 1.4335717268710505e-09
35700.056 1.470447323284224e-09
35750.056 2.3498400200059535e-09
35800.056 1.0725980058317397e-09
35850.056 6.032956381651686e-10
35900.056 9.893794721360031e-10
35950.056 1.693209725537772e-09
36000.056 1.822531656080253e-09
36050.056 1.2799314156590977e-09
36100.056 1.1581900767338286e-09
36150.056 3.551775862909808e-09
36200.056 3.489328497995749e-09
36250.056 1.8790504952257755e-09
36300.056 4.991614482105831e-09
36350.056 3.2064107640113425e-09
36400.056 4.836953780249035e-09
36450.056 3.2085796401707005e-09
36500.056 3.576263194226347e-09
36550.056 7.467159568450077e-09
36600.056 8.72201640189884e-09
36650.056 4.386247933054394e-09
36700.056 4.959281687286367e-09
36750.056 8.465856497401778e-09
36800.056 9.220529294998864e-09
36850.056 4.567887448816857e-09
36900.056 5.870282871891594e-09
36950.056 1.0137049227498212e-08
37000.056 6.708224086019665e-09
37050.056 9.898759660059079e-09
37100.056 3.89567306592152e-09
37150.056 6.7442220006702466e-09
37200.056 1.380263906599942e-08
37250.056 6.314181870216435e-09
37300.056 4.163310085336249e-09
37350.056 8.346399450381623e-09
37400.056 1.3272954461079221e-08
37450.056 5.417647513355347e-09
37500.056 6.45838384293769e-09
37550.056 1.6554119500603296e-08
37600.056 2.4260818078000405e-08
37650.056 6.2190341446008725e-09
37700.056 1.2163022613801562e-08
37750.056 8.93282313063039e-09
37800.056 1.035690936853163e-08
37850.056 5.6345546296598694e-09
37900.056 6.632011974449858e-09
37950.056 1.0620993143600016e-08
38000.056 9.547126680533947e-09
38050.056 1.435929788090206e-08
38100.056 2.05826078952797e-08
38150.056 2.2614262273018198e-08
38200.056 1.4999543146897505e-08
38250.056 1.9858825646941365e-08
38300.056 3.376048671379487e-08
38350.056 2.6729738816905383e-08
38400.056 1.1445900966174327e-08
38450.056 5.264181295608497e-09
38500.056 4.772391919941021e-09
38550.056 1.5462144372501604e-08
38600.056 1.747390894379748e-08
38650.056 1.733802384149901e-08
38700.056 1.661440319709727e-08
38750.056 1.661756314529918e-08
38800.056 1.6203281631300018e-08
38850.056 1.9131407146801303e-08
38900.056 2.1679412333037292e-08
38950.056 1.4332117060801593e-08
39000.056 2.1514031744596323e-08
39050.056 1.342609326850567e-08
39100.056 1.7535669251079167e-08
39150.056 2.7510086774099242e-08
39200.056 2.1345744555599664e-08
39250.056 2.4904734423200744e-08
39300.056 2.000838822610021e-08
39350.056 3.467103286150033e-08
39400.056 2.1320525212737152e-08
39450.056 3.067127922205217e-08
39500.056 3.471155896199904e-08
39550.056 1.6779310976212427e-08
39600.056 2.636880421810287e-08
39650.056 4.237538632799907e-08
39700.056 3.6812002687001795e-08
39750.056 1.6105674361911374e-08
39800.056 1.6566939965750844e-08
39850.056 4.267793188400248e-08
39900.056 4.668309506300138e-08
39950.056 2.407050398740025e-08
40000.056 3.757347788099973e-08
40050.056 3.934296668579852e-08
40100.056 1.29632001469191e-08
40150.056 3.472132596800217e-08
40200.056 4.108665261199711e-08
40250.056 4.529816174099473e-08
40300.056 4.495933482900408e-08
40350.056 2.3466128333494683e-08
40400.056 3.4833919836517937e-08
40450.056 1.8869532137998908e-08
40500.056 4.217819537299874e-08
40550.056 4.552891481299457e-08
40600.056 4.574095480799945e-08
40650.056 3.2830259816697624e-08
40700.056 5.7939740890999044e-08
40750.056 4.1745003163997065e-08
40800.056 2.5875612864196073e-08
40850.056 6.249300806400519e-08
40900.056 6.015511866499652e-08
40950.056 4.06949207367013e-08
41000.056 3.9326792569798824e-08
41050.056 6.713871620899979e-08
41100.056 5.828961883199565e-08
41150.056 2.2407944492298894e-08
41200.056 6.138767885200625e-08
41250.056 5.718217757489165e-08
41300.056 6.183002159200429e-08
41350.056 7.679530619999988e-08
41400.056 6.035846047099937e-08
41450.056 7.47832335250003e-08
41500.056 4.612264962499245e-08
41550.056 4.257032082300733e-08
41600.056 4.625209378260005e-08
41650.056 6.857996223000435e-08
41700.056 8.357845068399508e-08
41750.056 6.728169151600024e-08
41800.056 7.37938813210007e-08
41850.056 5.619379113899619e-08
41900.056 4.922786349898971e-08
41950.056 5.393614683799884e-08
42000.056 3.531832914278547e-08
42050.056 3.871625115780475e-08
42100.056 5.2661023138996454e-08
42150.056 5.132347280899853e-08
42200.056 5.425148248299655e-08
42250.056 4.667826665200392e-08
42300.056 4.249390616899789e-08
42350.056 6.42180916490016e-08
42400.056 7.306160458700257e-08
42450.056 7.069780169100439e-08
42500.056 7.507844695899826e-08
42550.056 6.69267011869984e-08
42600.056 6.288908743701049e-08
42650.056 8.690887092599336e-08
42700.056 4.930063774699256e-08
42750.056 5.8214609035007435e-08
42800.056 8.337624628300121e-08
42850.056 8.85480908209927e-08
42900.056 8.712845635100395e-08
42950.056 6.977033542100086e-08
43000.056 8.056093766999814e-08
43050.056 4.477482186300181e-08
43100.056 7.316901131599962e-08
43150.056 6.601374766100075e-08
43200.056 7.811596076900301e-08
43250.056 1.0947723945900203e-07
43300.056 9.559083169899718e-08
43350.056 5.4176449872997454e-08
43400.056 7.921645396800274e-08
43450.056 6.043341034100197e-08
43500.056 5.815505310700198e-08
43550.056 5.8713425304003034e-08
43600.056 9.195531774800047e-08
43650.056 5.16366986419962e-08
43700.056 9.126607000501146e-08
43750.056 9.735693024599635e-08
43800.056 8.197841825999759e-08
43850.056 7.533164341100728e-08
43900.056 6.232466847699882e-08
43950.056 4.683131544299761e-08
44000.056 4.330012226999966e-08
44050.056 8.969854624800641e-08
44100.056 1.1981728279500195e-07
44150.056 1.1050674091799637e-07
44200.056 1.0348757768900118e-07
44250.056 6.261765470099686e-08
44300.056 4.2012965800001085e-08
44350.056 4.63364399334026e-08
44400.056 5.130299669699869e-08
44450.056 8.054427741200586e-08
44500.056 7.01750844270036e-08
44550.056 9.741504166000034e-08
44600.056 7.648836618900146e-08
44650.056 8.193994527699525e-08
44700.056 5.66569375329945e-08
44750.056 7.303611756700661e-08
44800.056 5.306849122260108e-08
44850.056 7.736565444300352e-08
44900.056 6.993221195999796e-08
44950.056 8.040746541600491e-08
45000.056 9.134308008299995e-08
45050.056 8.444453489199444e-08
45100.056 7.766332510600515e-08
45150.056 7.156179891399793e-08
45200.056 4.662304532100055e-08
45250.056 5.568434540299585e-08
45300.056 5.529165359900321e-08
45350.056 3.9343990342604215e-08
45400.056 1.0195141481100401e-07
45450.056 8.995322549700661e-08
45500.056 1.017324048110043e-07
45550.056 1.1203802114099003e-07
45600.056 1.012776727520033e-07
45650.056 8.740556209299358e-08
45700.056 4.838040023179593e-08
45750.056 4.137654262040345e-08
45800.056 1.012247449020028e-07
45850.056 8.608206972800346e-08
45900.056 1.0907128883699768e-07
45950.056 9.91736955619957e-08
46000.056 1.0351440858200515e-07
46050.056 8.747807320000473e-08
46100.056 1.1148724011199445e-07
46150.056 6.892747066000023e-08
46200.056 5.343341766099381e-08
46250.056 2.0412146245249223e-08
46300.056 6.651651396400448e-08
46350.056 7.811639214500472e-08
46400.056 7.777257238800147e-08
46450.056 6.281336489869528e-08
46500.056 7.335734930300527e-08
46550.056 4.463437125699742e-08
46600.056 4.641863395939513e-08
46650.056 7.333254679800362e-08
46700.056 5.460678026199394e-08
46750.056 2.2794083099503156e-08
46800.056 1.499394929329816e-08
46850.056 6.372363762000886e-08
46900.056 8.574155960099835e-08
46950.056 8.471736196699718e-08
47000.056 8.532941317000361e-08
47050.056 5.6340319023187414e-08
47100.056 4.444186352800099e-08
47150.056 6.653897111100697e-08
47200.056 7.382926245799753e-08
47250.056 3.152983798529371e-08
47300.056 2.211995820156619e-08
47350.056 7.407864791700424e-08
47400.056 8.159465072699829e-08
47450.056 5.290455268490391e-08
47500.056 9.089762551200136e-08
47550.056 7.826372288900182e-08
47600.056 6.484629190949421e-08
47650.056 7.337840732579662e-08
47700.056 5.8245195096107246e-08
47750.056 4.3462681965e-08
47800.056 3.066965653100067e-08
47850.056 1.1529268418691913e-08
47900.056 2.0580577522639996e-08
47950.056 6.026920072900464e-08
48000.056 7.704717157099595e-08
48050.056 6.00793284017983e-08
48100.056 2.834865280150011e-08
48150.056 5.179062934600266e-08
48200.056 3.590874268529682e-08
48250.056 5.46842984510008e-08
48300.056 7.121350271799973e-08
48350.056 4.327022119899472e-08
48400.056 8.22173507410273e-09
48450.056 1.7469642339164233e-08
48500.056 3.6084870141394264e-08
48550.056 4.3386578496807774e-08
48600.056 6.997426015600157e-08
48650.056 8.275756255599855e-08
48700.056 6.102167412700336e-08
48750.056 4.393874532400162e-08
48800.056 6.524487770200194e-08
48850.056 3.221737943929546e-08
48900.056 3.495442333369641e-08
48950.056 1.8922915126198882e-08
49000.056 1.124462332053074e-08
49050.056 3.659175720219625e-08
49100.056 5.012913944110733e-08
49150.056 4.0864259631799044e-08
49200.056 6.701252842900465e-08
49250.056 7.073539869300016e-08
49300.056 5.725618827599642e-08
49350.056 2.405165047696312e-08
49400.056 3.090494396429419e-08
49450.056 2.4851716715255302e-08
49500.056 2.057510699052631e-08
49550.056 3.347554128239956e-09
49600.056 1.024605225859594e-08
49650.056 3.3407005282002614e-08
49700.056 4.3848164467997664e-08
49750.056 3.643091459469728e-08
49800.056 1.9982460617939828e-08
49850.056 4.9678398009004474e-08
49900.056 5.390694950299938e-08
49950.056 4.733797511999803e-08
50000.056 3.0434988056426195e-08
50050.056 3.5181231501404005e-08
50100.056 3.062353272699838e-08
50150.056 1.1433000735587794e-08
50200.056 1.5304195795187347e-09
50250.056 1.098020872319993e-08
50300.056 7.746594203239649e-09
50350.056 3.3502275901003315e-08
50400.056 4.2293413697999005e-08
50450.056 3.153274351080011e-08
50500.056 4.9493410479002806e-08
50550.056 5.315041242000035e-08
50600.056 3.3447368189791906e-08
50650.056 4.9814201012005157e-08
50700.056 4.928647391699847e-08
50750.056 2.7972042136998822e-08
50800.056 7.779024729346187e-09
50850.056 3.346493631599687e-09
50900.056 2.7131167281002717e-08
50950.056 3.167952646599771e-08
51000.056 2.1382500600403823e-08
51050.056 3.4723202565395516e-08
51100.056 1.3778436148900126e-08
51150.056 1.127332197784273e-08
51200.056 4.179752502700099e-08
51250.056 3.4140134223995953e-08
51300.056 2.0573204921901598e-08
51350.056 1.7615266823122793e-08
51400.056 4.513528917019981e-09
51450.056 3.68929998363186e-09
51500.056 3.322718679941306e-09
51550.056 1.6155617738102607e-08
51600.056 1.8523515566401745e-08
51650.056 2.6186386534999252e-08
51700.056 2.2362623283135905e-08
51750.056 1.7147325366133465e-08
51800.056 3.363290769299898e-08
51850.056 2.513440158089866e-08
51900.056 2.522780214800061e-08
51950.056 1.2329474381797649e-08
52000.056 9.331716850226368e-10
52050.056 6.10247250690062e-09
52100.056 3.0463401073192585e-09
52150.056 1.6333496501375842e-09
52200.056 7.47752839489981e-09
52250.056 1.4511604234202174e-08
52300.056 1.7072271940998775e-08
52350.056 3.498452605721618e-09
52400.056 4.134855889617072e-09
52450.056 2.009779929430252e-08
52500.056 1.533834759884814e-08
52550.056 2.062622865549802e-08
52600.056 1.7050856990542046e-08
52650.056 2.176927275419974e-08
52700.056 1.155211189839951e-08
52750.056 3.726080879672619e-09
52800.056 7.561732727701457e-09
52850.056 9.639447613797932e-09
52900.056 2.760620375939759e-09
52950.056 5.477902320311077e-09
53000.056 1.3950876674700462e-08
53050.056 4.590471848235645e-09
53100.056 2.0605802366001814e-08
53150.056 2.1920493740999453e-08
53200.056 8.113017334379402e-09
53250.056 1.798456906900028e-08
53300.056 1.8976886245523086e-08
53350.056 1.6586127234999595e-08
53400.056 9.726639886098885e-09
53450.056 2.2532122600592605e-09
53500.056 3.8733430784389507e-10
53550.056 9.395835614569913e-10
53600.056 5.475321419715234e-09
