galfind/configs/Brown_Dwarf_templates/sonora_bobcat/m0.0/1780g/sp_t275g1780nc_m0.0_resample.dat
# %ECSV 1.0
# ---
# datatype:
# - {name: wav, unit: Angstrom, datatype: float64}
# - {name: flux_nu, unit: erg / (cm2 Hz s), datatype: float64}
# meta: {C/O: '1.00', Kzz: '1.0000E+05', Teff: '275.', Y: '0.28', '[Fe/H]': '0.00', f_hole: '1.00', f_rain: '0.00', grav: '1780.'}
# schema: astropy-2.0
wav flux_nu
[from data line 500]
29000.056 2.583229986910824e-13
29050.056 7.281168132310585e-13
29100.056 1.2015448457521205e-13
29150.056 1.4350770113815364e-13
29200.056 1.907827600113776e-12
29250.056 6.817674433045927e-13
29300.056 3.3205809429219126e-13
29350.056 1.726821834859014e-12
29400.056 1.3328273421198625e-12
29450.056 1.8111288054561155e-13
29500.056 2.5950934522432976e-12
29550.056 6.253429741227086e-13
29600.056 4.5000074599653604e-13
29650.056 2.960629206043363e-12
29700.056 4.314721413849658e-13
29750.056 2.277033200084078e-12
29800.056 7.172523878112619e-13
29850.056 3.91456930315415e-12
29900.056 1.1034684509017249e-12
29950.056 8.559649457537868e-13
30000.056 4.981541049381172e-15
30050.056 3.608828782820845e-13
30100.056 1.4450613028489292e-12
30150.056 2.7954570930431443e-12
30200.056 2.8902806446897554e-12
30250.056 4.241647126725567e-12
30300.056 5.2965287766452485e-12
30350.056 8.911291586042643e-13
30400.056 7.46990611300235e-12
30450.056 8.68820646652786e-12
30500.056 1.3616933288351685e-12
30550.056 1.521951312463277e-12
30600.056 4.851543479579722e-11
30650.056 1.7851805426652503e-11
30700.056 2.5207946097156427e-12
30750.056 1.2484075906802611e-11
30800.056 2.268990050658943e-11
30850.056 1.858250490410247e-11
30900.056 5.5879288012486745e-12
30950.056 5.681110858140399e-12
31000.056 8.926284538280635e-12
31050.056 2.1924019472231104e-12
31100.056 9.278674565822e-13
31150.056 5.1261439673628786e-12
31200.056 2.6787297102797876e-11
31250.056 1.0478055311666624e-11
31300.056 2.0117606597988864e-12
31350.056 1.8442189166861843e-11
31400.056 8.696717121770009e-12
31450.056 9.172458267119228e-12
31500.056 2.708345059128741e-12
31550.056 6.79212631555969e-12
31600.056 4.812113565727139e-12
31650.056 2.818333189203297e-12
31700.056 2.289052427550564e-12
31750.056 7.578483614942095e-13
31800.056 1.429464204069965e-12
31850.056 1.611272034945807e-13
31900.056 4.975726806565104e-13
31950.056 1.6161933458954693e-13
32000.056 1.2651413226909037e-13
32050.056 8.312150917644893e-14
32100.056 6.65956911066202e-14
32150.056 4.5699148817917813e-14
32200.056 1.439063206419578e-14
32250.056 3.520750743035488e-14
32300.056 4.960888487355219e-15
32350.056 1.767328721078689e-14
32400.056 1.2988007299947823e-15
32450.056 1.2361623055590478e-14
32500.056 1.2963965790239315e-15
32550.056 1.0144972754540416e-14
32600.056 7.534414982272719e-16
32650.056 1.6093643031530522e-14
32700.056 1.1207975132035804e-15
32750.056 5.5207636596410596e-14
32800.056 1.260612378669248e-14
32850.056 2.4278498692163834e-13
32900.056 1.1819672501849925e-13
32950.056 2.608933979380172e-13
33000.056 5.5807143648026496e-14
33050.056 2.020499815820574e-14
33100.056 2.8329871311546258e-15
33150.056 9.810704821382513e-18
33200.056 1.0923910187383355e-15
33250.056 2.0888161829175238e-15
33300.056 7.228696572056478e-14
33350.056 3.892991219710152e-14
33400.056 2.845273458999671e-13
33450.056 1.0382069953693546e-14
33500.056 1.5804274835091657e-13
33550.056 1.5936016857653325e-14
33600.056 7.072060309205684e-14
33650.056 9.605458869729102e-14
33700.056 8.21692703702599e-15
33750.056 1.0937964018022374e-13
33800.056 3.6357904873106026e-15
33850.056 4.95635983880429e-14
33900.056 4.697826756681161e-14
33950.056 6.99129969843828e-14
34000.056 2.296412623766135e-13
34050.056 3.522452816984441e-14
34100.056 3.3280622916296765e-13
34150.056 7.408403931996437e-14
34200.056 5.697184050908175e-13
34250.056 1.5684046020839353e-13
34300.056 2.8461662095508784e-13
34350.056 2.1228020194960325e-12
34400.056 1.525194471797754e-13
34450.056 1.367594460052418e-12
34500.056 2.490346552065862e-13
34550.056 1.7409540936729293e-12
34600.056 9.750405485863338e-12
34650.056 2.413972347367828e-13
34700.056 5.944128720633252e-12
34750.056 1.5506893144772936e-12
34800.056 9.95377862691854e-13
34850.056 4.735050730643916e-12
34900.056 3.7810495666225024e-13
34950.056 9.738026873405782e-12
35000.056 7.133701453992313e-12
35050.056 1.3468650854060405e-11
35100.056 2.1318378701699473e-11
35150.056 2.275109934919771e-11
35200.056 2.6105126231244226e-11
35250.056 4.695528780147077e-11
35300.056 5.5788463726273945e-12
35350.056 1.6967813560846167e-12
35400.056 9.54064731900202e-13
35450.056 1.0196233391249337e-12
35500.056 9.247817534265436e-12
35550.056 1.1201985887809589e-11
35600.056 1.9576416479740196e-11
35650.056 1.8888943423262e-11
35700.056 3.095257527536763e-11
35750.056 2.6781045518375726e-11
35800.056 4.883847369719512e-12
35850.056 3.885446635482141e-12
35900.056 8.550669670430874e-12
35950.056 2.8430172717650104e-11
36000.056 3.709944398340248e-11
36050.056 2.1382920415514878e-11
36100.056 1.88121649211117e-11
36150.056 1.4728394998251844e-10
36200.056 8.58374297398569e-11
36250.056 2.991335652851591e-11
36300.056 1.2334079917793266e-10
36350.056 8.830530741345353e-11
36400.056 1.201532043519852e-10
36450.056 5.5815277965611875e-11
36500.056 5.223442768746036e-11
36550.056 2.6686648975700045e-10
36600.056 3.278898781299847e-10
36650.056 8.328811237145215e-11
36700.056 1.4750957511701101e-10
36750.056 3.854919553700615e-10
36800.056 3.7687945842793975e-10
36850.056 1.0473551763585921e-10
36900.056 1.1671731010057983e-10
36950.056 4.608887524389645e-10
37000.056 2.923899480720337e-10
37050.056 4.0793071685537954e-10
37100.056 5.462863610545831e-11
37150.056 1.623918211513449e-10
37200.056 7.639315476100477e-10
37250.056 2.768150601087301e-10
37300.056 9.106633709689821e-11
37350.056 2.0008698755095363e-10
37400.056 4.170198016507784e-10
37450.056 1.820216637549807e-10
37500.056 1.6332110697921095e-10
37550.056 8.701840173191838e-10
37600.056 1.6366686539098765e-09
37650.056 1.8011181204625154e-10
37700.056 4.5431842181206314e-10
37750.056 3.7530864260498563e-10
37800.056 4.2761586933908876e-10
37850.056 2.521586679049934e-10
37900.056 2.1806130845729654e-10
37950.056 3.4480154201099707e-10
38000.056 2.5708056635199217e-10
38050.056 7.660102667850637e-10
38100.056 1.2498790834059148e-09
38150.056 1.5175854056558947e-09
38200.056 7.785894584823971e-10
38250.056 1.4215625656996791e-09
38300.056 3.151358125291582e-09
38350.056 1.5115939851842725e-09
38400.056 3.855596152736631e-10
38450.056 8.51645242038727e-11
38500.056 1.4714919998561105e-10
38550.056 8.996881896500901e-10
38600.056 1.4116003579698706e-09
38650.056 9.745914206359776e-10
38700.056 6.036882434168596e-10
38750.056 1.007636697315959e-09
38800.056 9.477976393600195e-10
38850.056 1.1677353260801284e-09
38900.056 1.1068493898378421e-09
38950.056 7.006089518751661e-10
39000.056 1.6428113043198056e-09
39050.056 4.158241972581286e-10
39100.056 6.23905573094267e-10
39150.056 1.714200138260019e-09
39200.056 1.562595959550018e-09
39250.056 1.3278060691840172e-09
39300.056 1.039104266179061e-09
39350.056 2.969061306580043e-09
39400.056 1.3055027607377154e-09
39450.056 2.3418847560732006e-09
39500.056 2.880018923849804e-09
39550.056 8.573694970272794e-10
39600.056 1.6681140456923784e-09
39650.056 4.1845928749000125e-09
39700.056 3.595063972399964e-09
39750.056 8.505180753618592e-10
39800.056 5.58819898384562e-10
39850.056 3.4204337063003778e-09
39900.056 4.792117711099956e-09
39950.056 1.7291427847200699e-09
40000.056 3.0356987743001516e-09
40050.056 3.1287943753197546e-09
40100.056 5.6192035268258e-10
40150.056 2.7193267371002566e-09
40200.056 3.884565790499801e-09
40250.056 4.60896891809961e-09
40300.056 4.447744054800236e-09
40350.056 1.4828758042465786e-09
40400.056 1.917447281091884e-09
40450.056 9.793462282680442e-10
40500.056 3.784850808820154e-09
40550.056 4.5442061068996685e-09
40600.056 5.427535691899917e-09
40650.056 2.829934483699731e-09
40700.056 4.9565150624000076e-09
40750.056 3.646363756679701e-09
40800.056 1.9126501955098875e-09
40850.056 7.038073276100511e-09
40900.056 7.410908059799671e-09
40950.056 3.5818984933898526e-09
41000.056 3.3620091819198876e-09
41050.056 7.657426358900298e-09
41100.056 6.282026825099365e-09
41150.056 1.3939006162799072e-09
41200.056 6.76251298706089e-09
41250.056 6.850887851399068e-09
41300.056 7.715619033600795e-09
41350.056 1.1474679028000067e-08
41400.056 8.92316492089969e-09
41450.056 9.713254116500014e-09
41500.056 4.808590789099306e-09
41550.056 4.275321687900557e-09
41600.056 5.108989895859756e-09
41650.056 1.0082408948900764e-08
41700.056 1.3903517653999702e-08
41750.056 1.0964499516500238e-08
41800.056 1.1922861209999805e-08
41850.056 7.572623651699521e-09
41900.056 5.697498831399035e-09
41950.056 5.126566472099645e-09
42000.056 1.855183673009313e-09
42050.056 2.840114515700263e-09
42100.056 5.24534907629991e-09
42150.056 6.6480286899999905e-09
42200.056 7.865775085399867e-09
42250.056 6.049403343400311e-09
42300.056 5.382774380399741e-09
42350.056 9.886269031000357e-09
42400.056 1.3050742517000348e-08
42450.056 1.5206093006000382e-08
42500.056 1.6201468427999876e-08
42550.056 1.4467358136999708e-08
42600.056 1.0746378442000806e-08
42650.056 1.3804031099799067e-08
42700.056 7.042234024899648e-09
42750.056 1.269741473020101e-08
42800.056 1.8571135695000226e-08
42850.056 1.890573370599948e-08
42900.056 1.7723804769000147e-08
42950.056 1.4822321135000282e-08
43000.056 1.6106083604999723e-08
43050.056 9.903177979499258e-09
43100.056 1.336299322970057e-08
43150.056 1.4789782433000225e-08
43200.056 1.812058948100031e-08
43250.056 2.1431242746000108e-08
43300.056 1.898097022199942e-08
43350.056 1.3512895933999902e-08
43400.056 1.6337206990000047e-08
43450.056 1.222267845209993e-08
43500.056 9.798336005400137e-09
43550.056 1.1896589886400483e-08
43600.056 1.822552591199993e-08
43650.056 1.162509070129942e-08
43700.056 1.710303874670169e-08
43750.056 2.074667514499966e-08
43800.056 1.725450013099965e-08
43850.056 1.531365997400054e-08
43900.056 1.2132358804199986e-08
43950.056 1.0002899058899772e-08
44000.056 1.060948828650008e-08
44050.056 1.8483144556001112e-08
44100.056 2.3073064041000095e-08
44150.056 2.1368839001999728e-08
44200.056 2.0569946285999888e-08
44250.056 1.4381511765999473e-08
44300.056 9.512114057099754e-09
44350.056 8.824202591800235e-09
44400.056 1.0835993215100001e-08
44450.056 1.6074061473000885e-08
44500.056 1.516248193599991e-08
44550.056 1.8190475856000163e-08
44600.056 1.5008522897800054e-08
44650.056 1.6899471538999588e-08
44700.056 1.3468899239999292e-08
44750.056 1.5604278033700547e-08
44800.056 1.1435968960799708e-08
44850.056 1.4685986537500578e-08
44900.056 1.5596978645999905e-08
44950.056 1.816701928300058e-08
45000.056 1.9860464857999926e-08
45050.056 1.751072250499918e-08
45100.056 1.6198345259000657e-08
45150.056 1.4942546552999675e-08
45200.056 9.731859657499783e-09
45250.056 1.160471610289982e-08
45300.056 1.0871107071699888e-08
45350.056 7.4209907546006796e-09
45400.056 1.845745715600042e-08
45450.056 1.675555733500077e-08
45500.056 2.0054544626000527e-08
45550.056 2.0592254246999034e-08
45600.056 1.931974387500029e-08
45650.056 1.7269559037999132e-08
45700.056 9.446077290298841e-09
45750.056 8.523895703000858e-09
45800.056 1.73986968920001e-08
45850.056 1.4753942970700638e-08
45900.056 2.098136316900005e-08
45950.056 2.123124920999955e-08
46000.056 1.996231337200014e-08
46050.056 1.7086177053000653e-08
46100.056 1.984935071799936e-08
46150.056 1.4124142721999871e-08
46200.056 9.419063967598858e-09
46250.056 3.535250380000076e-09
46300.056 1.1368419663700814e-08
46350.056 1.4123583863000187e-08
46400.056 1.4799177399000176e-08
46450.056 1.07820519064995e-08
46500.056 1.4232457005000186e-08
46550.056 8.97060981719925e-09
46600.056 7.085594950199734e-09
46650.056 1.1920126795300412e-08
46700.056 9.0686335483992e-09
46750.056 3.326526216200212e-09
46800.056 1.9386946820898096e-09
46850.056 8.50340994460135e-09
46900.056 1.4413290561000247e-08
46950.056 1.5847483570999933e-08
47000.056 1.6384303473000102e-08
47050.056 1.0157446271498696e-08
47100.056 9.50477250600019e-09
47150.056 1.1721101379600638e-08
47200.056 1.1969307744399528e-08
47250.056 4.562790277018984e-09
47300.056 3.3357766583009543e-09
47350.056 1.1322497275000658e-08
47400.056 1.4023877351999923e-08
47450.056 9.161393139400045e-09
47500.056 1.4662126536000776e-08
47550.056 1.4896548562999941e-08
47600.056 9.634092073599371e-09
47650.056 1.1196851010599535e-08
47700.056 9.49889116740065e-09
47750.056 7.841434202799834e-09
47800.056 4.103822163599555e-09
47850.056 1.2164165219102217e-09
47900.056 2.5765900542501207e-09
47950.056 8.447691090800745e-09
48000.056 1.052530872249936e-08
48050.056 8.478401138700104e-09
48100.056 4.753242996999826e-09
48150.056 8.500215319700288e-09
48200.056 4.599048751499431e-09
48250.056 7.830806584200298e-09
48300.056 8.743474630099753e-09
48350.056 4.753060821299329e-09
48400.056 7.969435406797806e-10
48450.056 1.4911635700003669e-09
48500.056 3.50973356225965e-09
48550.056 4.58469503065102e-09
48600.056 1.0413329336400325e-08
48650.056 1.2180050258999953e-08
48700.056 1.0654646122800151e-08
48750.056 9.691203022499998e-09
48800.056 9.885680702799792e-09
48850.056 4.383971015299459e-09
48900.056 3.2023998576396073e-09
48950.056 1.4971524196199235e-09
49000.056 1.094274202070288e-09
49050.056 3.8879864319997595e-09
49100.056 6.130490704900829e-09
49150.056 6.163530194999927e-09
49200.056 9.809473816300458e-09
49250.056 1.0278555645999882e-08
49300.056 7.665180795899359e-09
49350.056 3.245461879630368e-09
49400.056 3.6609260877493816e-09
49450.056 2.544791587810445e-09
49500.056 1.8377763127596573e-09
49550.056 3.2832488849998657e-10
49600.056 7.560452381521487e-10
49650.056 3.358248086000399e-09
49700.056 5.3996848923000875e-09
49750.056 3.559928168349738e-09
49800.056 1.979710450320069e-09
49850.056 5.788900496700471e-09
49900.056 7.2630120555999945e-09
49950.056 6.4840198501997725e-09
50000.056 3.0529381321094294e-09
50050.056 2.8118191729804427e-09
50100.056 2.6655828795998094e-09
50150.056 8.285743137398373e-10
50200.056 1.6791215120403547e-10
50250.056 7.301253917100059e-10
50300.056 6.190910061801223e-10
50350.056 2.9593534175002975e-09
50400.056 4.824649541800128e-09
50450.056 5.1191117347e-09
50500.056 6.332448101400233e-09
50550.056 6.965336924099895e-09
50600.056 4.392337460999659e-09
50650.056 6.129636452400109e-09
50700.056 4.946742096399723e-09
50750.056 2.6102144492997775e-09
50800.056 5.998572883128335e-10
50850.056 2.912594456800944e-10
50900.056 1.953647928900258e-09
50950.056 2.7123363907997885e-09
51000.056 1.7825067698003622e-09
51050.056 3.6894749944997188e-09
51100.056 1.805274488889918e-09
51150.056 9.247923472202014e-10
51200.056 3.6785571675002293e-09
51250.056 3.5849790820998333e-09
51300.056 2.1886487716999058e-09
51350.056 1.1116389697897661e-09
51400.056 3.129666087200462e-10
51450.056 2.738177058159371e-10
51500.056 2.95684635054079e-10
51550.056 1.2283543626701657e-09
51600.056 2.0914583876001135e-09
51650.056 3.007029302300046e-09
51700.056 2.135301560109595e-09
51750.056 1.8564491656103437e-09
51800.056 3.3145564741999984e-09
51850.056 2.606386430599856e-09
51900.056 1.8447941592999038e-09
51950.056 7.905926006198459e-10
52000.056 1.5243812335998148e-10
52050.056 4.4187587980001903e-10
52100.056 2.526904876539545e-10
52150.056 1.6095889167603886e-10
52200.056 6.046710760500503e-10
52250.056 1.1254935026700764e-09
52300.056 1.0768426222699133e-09
52350.056 2.769869138789812e-10
52400.056 3.399565929800161e-10
52450.056 1.3051865215701494e-09
52500.056 9.72561718989961e-10
52550.056 1.907912555599894e-09
52600.056 1.98339348402019e-09
52650.056 2.3799048231999118e-09
52700.056 1.2170191316298658e-09
52750.056 3.208648925329231e-10
52800.056 6.563329738600983e-10
52850.056 7.675144417999096e-10
52900.056 2.2942643752293524e-10
52950.056 3.902212258200676e-10
53000.056 1.0214193690700272e-09
53050.056 4.740065324999843e-10
53100.056 1.6587754291701778e-09
53150.056 1.8371505354999252e-09
53200.056 9.655520068899522e-10
53250.056 1.5268815249999775e-09
53300.056 1.3521554878000612e-09
53350.056 1.1600234168999438e-09
53400.056 6.80025195629933e-10
53450.056 2.481842291299609e-10
53500.056 9.405990336399051e-11
53550.056 1.4440187043300304e-10
53600.056 3.790595643660844e-10
