galfind/configs/Brown_Dwarf_templates/sonora_bobcat/m0.0/1780g/sp_t500g1780nc_m0.0_resample.dat
# %ECSV 1.0
# ---
# datatype:
# - {name: wav, unit: Angstrom, datatype: float64}
# - {name: flux_nu, unit: erg / (cm2 Hz s), datatype: float64}
# meta: {C/O: '1.00', Kzz: '1.0000E+05', Teff: '500.', Y: '0.28', '[Fe/H]': '0.00', f_hole: '1.00', f_rain: '0.00', grav: '1780.'}
# schema: astropy-2.0
wav flux_nu
[from data line 498]
28900.056 3.6423890309988864e-10
28950.056 5.585976382353328e-10
29000.056 4.359653471615254e-10
29050.056 6.991676000991403e-10
29100.056 3.048270285811289e-10
29150.056 6.035685603873439e-10
29200.056 8.832292172877478e-10
29250.056 1.0098728058285011e-09
29300.056 5.705309276293739e-10
29350.056 1.7878602541601235e-09
29400.056 6.246088647800171e-10
29450.056 4.509175878551649e-10
29500.056 1.5874353197002774e-09
29550.056 6.298134984829736e-10
29600.056 8.54491405795286e-10
29650.056 2.273936629639014e-09
29700.056 5.228765291189464e-10
29750.056 1.5345897967094355e-09
29800.056 1.149861342090601e-09
29850.056 2.239563874249177e-09
29900.056 1.1885075190480714e-09
29950.056 1.1140407954908522e-09
30000.056 3.0317433423139366e-11
30050.056 1.759260736146e-10
30100.056 6.082045553659045e-10
30150.056 1.8598266595116295e-09
30200.056 1.347187289497227e-09
30250.056 2.744593471997818e-09
30300.056 2.8317826376968662e-09
30350.056 9.036788795210981e-10
30400.056 3.319799493513405e-09
30450.056 2.2188661500013593e-09
30500.056 1.657273656802331e-09
30550.056 1.2837194185068452e-09
30600.056 6.874197466910207e-09
30650.056 3.2053724038969595e-09
30700.056 1.980850691325638e-09
30750.056 3.552424374438123e-09
30800.056 3.120052623326066e-09
30850.056 3.4097373926342427e-09
30900.056 1.9391789715646862e-09
30950.056 1.6068168050589647e-09
31000.056 2.017874603713991e-09
31050.056 1.7615616713777147e-09
31100.056 8.489814916067164e-10
31150.056 1.6783349078058957e-09
31200.056 4.2063966318399664e-09
31250.056 1.7153937055843606e-09
31300.056 1.2422189277530196e-09
31350.056 2.5755875840967594e-09
31400.056 1.6190645872458202e-09
31450.056 1.919338417821206e-09
31500.056 6.687247744003749e-10
31550.056 1.3068819606300014e-09
31600.056 8.771941975748289e-10
31650.056 6.831602263178882e-10
31700.056 7.073693662801934e-10
31750.056 3.0479800052832455e-10
31800.056 6.907711367510709e-10
31850.056 1.5402480144586594e-10
31900.056 3.794568493855351e-10
31950.056 1.8238655440552748e-10
32000.056 1.8861373390422353e-10
32050.056 2.053570201208048e-10
32100.056 1.569899890110986e-10
32150.056 1.96235140944986e-10
32200.056 9.920551418460431e-11
32250.056 2.3677738953394275e-10
32300.056 7.469919357096535e-11
32350.056 2.627006171252616e-10
32400.056 4.940984997584802e-11
32450.056 2.057180248307972e-10
32500.056 6.299843481241787e-11
32550.056 2.0231654963901473e-10
32600.056 7.637790185500353e-11
32650.056 3.5200874257183054e-10
32700.056 1.1247860062366067e-10
32750.056 7.288257305072628e-10
32800.056 4.936109600761369e-10
32850.056 1.2901429696412543e-09
32900.056 1.1741507656783174e-09
32950.056 1.2455905437163885e-09
33000.056 4.4041140678997814e-10
33050.056 5.2144196922609e-10
33100.056 1.1480143414539721e-10
33150.056 1.7340666038096697e-13
33200.056 4.463748807646743e-12
33250.056 8.032641841146804e-12
33300.056 5.6880921595886984e-11
33350.056 1.6841552451071056e-10
33400.056 5.2390552708879e-10
33450.056 2.805695017043766e-10
33500.056 1.0733983407603162e-09
33550.056 2.4830877532921237e-10
33600.056 5.741100486429986e-10
33650.056 5.993148127309244e-10
33700.056 1.887143429635666e-10
33750.056 7.935069486500953e-10
33800.056 8.34103460992883e-11
33850.056 3.773362619008472e-10
33900.056 3.7896387250607175e-10
33950.056 3.211418831434371e-10
34000.056 6.961810778418341e-10
34050.056 1.1721050405979302e-10
34100.056 6.403957156152785e-10
34150.056 2.1574656920875703e-10
34200.056 6.420142872286538e-10
34250.056 4.2611556757070815e-10
34300.056 3.7226772649348447e-10
34350.056 1.0348246348073009e-09
34400.056 2.511639219705719e-10
34450.056 9.823708556420476e-10
34500.056 5.123369496103986e-10
34550.056 4.1416950382298847e-10
34600.056 1.876370986030042e-09
34650.056 2.4511321783063464e-10
34700.056 1.3536911993815453e-09
34750.056 7.495919261071711e-10
34800.056 5.298654068966321e-10
34850.056 2.078052221078099e-09
34900.056 4.240518107961965e-10
34950.056 1.938623209937797e-09
35000.056 2.8380569548642756e-09
35050.056 1.3506978932884443e-09
35100.056 3.739268286145063e-09
35150.056 3.044203206168727e-09
35200.056 2.447568807656072e-09
35250.056 4.624304783215326e-09
35300.056 1.2601947704157868e-09
35350.056 2.133079833755631e-09
35400.056 1.684318241093879e-09
35450.056 1.3295624209887324e-09
35500.056 4.785733978039173e-09
35550.056 2.718516512277833e-09
35600.056 3.79073469833411e-09
35650.056 4.098024919412675e-09
35700.056 3.787229394438599e-09
35750.056 6.690939526441327e-09
35800.056 4.2150772211923936e-09
35850.056 2.2194966915869563e-09
35900.056 3.6278359542917907e-09
35950.056 5.207771583549286e-09
36000.056 5.295581978460894e-09
36050.056 4.080729081101554e-09
36100.056 3.5661327317546957e-09
36150.056 8.48503808558936e-09
36200.056 9.111257557738992e-09
36250.056 5.531459608601204e-09
36300.056 1.2421562645245593e-08
36350.056 8.612896527451025e-09
36400.056 1.2096203720877403e-08
36450.056 9.063152269666961e-09
36500.056 1.0344748326589817e-08
36550.056 1.7502014312500965e-08
36600.056 2.009847221739679e-08
36650.056 1.2204419408188164e-08
36700.056 1.2716333698408293e-08
36750.056 1.9513071869503898e-08
36800.056 2.1117055719397898e-08
36850.056 1.2672517498306168e-08
36900.056 1.5948441823892705e-08
36950.056 2.2707885673795483e-08
37000.056 1.6194882581238603e-08
37050.056 2.264614657708854e-08
37100.056 1.2115496772054217e-08
37150.056 1.7318448728392527e-08
37200.056 2.938686897699777e-08
37250.056 1.539465989228632e-08
37300.056 1.1920004907462413e-08
37350.056 2.1232014944764597e-08
37400.056 3.102411133649873e-08
37450.056 1.4242743961424591e-08
37500.056 1.7166294947589014e-08
37550.056 3.53342104142076e-08
37600.056 4.744650145000248e-08
37650.056 1.6099992671182223e-08
37700.056 2.9066430305503117e-08
37750.056 2.1236176694481803e-08
37800.056 2.4670175607904146e-08
37850.056 1.4301742172199853e-08
37900.056 1.7085194605700197e-08
37950.056 2.60540809397998e-08
38000.056 2.4219466626558387e-08
38050.056 3.1498816810205e-08
38100.056 4.254568332650028e-08
38150.056 4.5124393032396824e-08
38200.056 3.3795144645901154e-08
38250.056 3.965105450060313e-08
38300.056 6.207619648898993e-08
38350.056 5.465543728601037e-08
38400.056 2.756665704348769e-08
38450.056 1.595850862249511e-08
38500.056 1.3497048299043078e-08
38550.056 3.4557962456004176e-08
38600.056 3.607654146399424e-08
38650.056 3.772042403399707e-08
38700.056 3.88210512588958e-08
38750.056 3.6056232745798736e-08
38800.056 3.565551010899931e-08
38850.056 4.087258529900219e-08
38900.056 4.726950258647374e-08
38950.056 3.3261292560702376e-08
39000.056 4.4194523391791897e-08
39050.056 3.384137183421359e-08
39100.056 4.006065787222745e-08
39150.056 5.626347849299806e-08
39200.056 4.413581464899871e-08
39250.056 5.2884274206601765e-08
39300.056 4.456696173569957e-08
39350.056 6.66999408880006e-08
39400.056 4.580212325099645e-08
39450.056 6.081926666140346e-08
39500.056 6.704682988999932e-08
39550.056 3.833612506326067e-08
39600.056 5.513706956860383e-08
39650.056 7.927856119099782e-08
39700.056 6.95517223420046e-08
39750.056 3.700274410110618e-08
39800.056 4.041677274295125e-08
39850.056 8.185278605800336e-08
39900.056 8.61936174760031e-08
39950.056 5.15825521139994e-08
40000.056 7.451932058699886e-08
40050.056 7.628736411199824e-08
40100.056 3.2289824236687776e-08
40150.056 7.017890153000395e-08
40200.056 7.853238343999357e-08
40250.056 8.441709400798942e-08
40300.056 8.434524323200791e-08
40350.056 5.153239083628985e-08
40400.056 7.361531234355658e-08
40450.056 4.40883003595966e-08
40500.056 8.156444309399623e-08
40550.056 8.762637186398888e-08
40600.056 8.443477038499981e-08
40650.056 6.636647644049432e-08
40700.056 1.097214742289971e-07
40750.056 8.03536941079936e-08
40800.056 5.474637832399025e-08
40850.056 1.1366468422400944e-07
40900.056 1.0765114020699331e-07
40950.056 8.007845723980395e-08
41000.056 7.74623304879975e-08
41050.056 1.1921104781799664e-07
41100.056 1.0572907607999283e-07
41150.056 4.9994359302398004e-08
41200.056 1.1166248370900957e-07
41250.056 1.0317825233008617e-07
41300.056 1.0700460316700549e-07
41350.056 1.3000633460999938e-07
41400.056 1.0603039206800124e-07
41450.056 1.2951652369099944e-07
41500.056 8.709912968438613e-08
41550.056 8.060315810101468e-08
41600.056 8.701270169870252e-08
41650.056 1.1783301485200662e-07
41700.056 1.3353024108998966e-07
41750.056 1.1237329800299834e-07
41800.056 1.237034459880037e-07
41850.056 9.577852741199316e-08
41900.056 9.055351210798105e-08
41950.056 1.013903244409999e-07
42000.056 7.59677901509703e-08
42050.056 7.662802637120948e-08
42100.056 1.003507288699913e-07
42150.056 9.00219570329979e-08
42200.056 9.266814175299265e-08
42250.056 8.524839909100635e-08
42300.056 7.898437134199667e-08
42350.056 1.0901521192800326e-07
42400.056 1.2042639303400466e-07
42450.056 1.0966446666500873e-07
42500.056 1.1547586427599672e-07
42550.056 1.0325866087899686e-07
42600.056 1.055578192820199e-07
42650.056 1.43254254975988e-07
42700.056 8.80663076989842e-08
42750.056 9.191197723701277e-08
42800.056 1.271148333740025e-07
42850.056 1.3768302921998528e-07
42900.056 1.3879726507900825e-07
42950.056 1.102441964739987e-07
43000.056 1.2797129266599752e-07
43050.056 7.231765292400715e-08
43100.056 1.1794314498499685e-07
43150.056 1.0210149687300189e-07
43200.056 1.2004786431800515e-07
43250.056 1.700495541500044e-07
43300.056 1.5130002606199694e-07
43350.056 8.390811589699323e-08
43400.056 1.237622534620055e-07
43450.056 9.500710043700517e-08
43500.056 9.713484786100387e-08
43550.056 9.627220348700472e-08
43600.056 1.4374718793400265e-07
43650.056 8.314196890899491e-08
43700.056 1.481033861270179e-07
43750.056 1.4784552339999437e-07
43800.056 1.2802498491199482e-07
43850.056 1.1807229638801331e-07
43900.056 1.0213704977699643e-07
43950.056 7.630259460799553e-08
44000.056 6.909319132399942e-08
44050.056 1.3964112640700913e-07
44100.056 1.8600245687000389e-07
44150.056 1.7452426451599374e-07
44200.056 1.597887121100026e-07
44250.056 9.68242461899955e-08
44300.056 6.874053645800419e-08
44350.056 7.854805440170585e-08
44400.056 8.257466217499706e-08
44450.056 1.282207004640085e-07
44500.056 1.1138019673800963e-07
44550.056 1.5612322712999913e-07
44600.056 1.2686450176700314e-07
44650.056 1.2969553087399249e-07
44700.056 8.945040891199093e-08
44750.056 1.1535337878601344e-07
44800.056 8.788487901900377e-08
44850.056 1.2752404346500576e-07
44900.056 1.0985458112499684e-07
44950.056 1.2383168716700834e-07
45000.056 1.403770794730008e-07
45050.056 1.3269300065699106e-07
45100.056 1.2335512008500825e-07
45150.056 1.1498186878799629e-07
45200.056 7.880847484600227e-08
45250.056 9.226640988099075e-08
45300.056 9.118431470200761e-08
45350.056 6.913670057180627e-08
45400.056 1.616337619500082e-07
45450.056 1.4488134996801104e-07
45500.056 1.6052166718700727e-07
45550.056 1.7810790375598192e-07
45600.056 1.622744360800069e-07
45650.056 1.3926796039399014e-07
45700.056 8.200127682579472e-08
45750.056 7.123560614500484e-08
45800.056 1.6651278964700567e-07
45850.056 1.443293415150044e-07
45900.056 1.7224529850999593e-07
45950.056 1.4943788638499336e-07
46000.056 1.6434807287501143e-07
46050.056 1.3739596414800582e-07
46100.056 1.793123191399912e-07
46150.056 1.1164644889200054e-07
46200.056 9.184737940479045e-08
46250.056 3.8535341848057665e-08
46300.056 1.1192266642700611e-07
46350.056 1.2746882848600916e-07
46400.056 1.2437362110700305e-07
46450.056 1.036379738568924e-07
46500.056 1.1674446039001221e-07
46550.056 7.402448062099805e-08
46600.056 8.367151075779016e-08
46650.056 1.2626181790100657e-07
46700.056 9.401644881398868e-08
46750.056 4.420928286620654e-08
46800.056 3.065653788339718e-08
46850.056 1.1603535481201461e-07
46900.056 1.4103453527999555e-07
46950.056 1.3570877791999393e-07
47000.056 1.3442141576800788e-07
47050.056 9.467707484097641e-08
47100.056 7.289043991000191e-08
47150.056 1.0983216847601239e-07
47200.056 1.236714518059957e-07
47250.056 5.869682152668996e-08
47300.056 4.112508640750994e-08
47350.056 1.2787864594000631e-07
47400.056 1.3244085665399612e-07
47450.056 9.288646562130936e-08
47500.056 1.4854762277999851e-07
47550.056 1.2428069305800386e-07
47600.056 1.1270852101699013e-07
47650.056 1.2300537706539378e-07
47700.056 9.781603934531452e-08
47750.056 7.308079746800005e-08
47800.056 5.745188762000367e-08
47850.056 2.499043692390363e-08
47900.056 4.128896722617912e-08
47950.056 1.0608288133200697e-07
48000.056 1.3424626886399493e-07
48050.056 1.0804243405199532e-07
48100.056 5.087171128970093e-08
48150.056 8.778087278100416e-08
48200.056 6.555793071919546e-08
48250.056 9.27999738650008e-08
48300.056 1.2633271350000007e-07
48350.056 8.071872508599136e-08
48400.056 1.86095309673254e-08
48450.056 3.873076143516891e-08
48500.056 7.135350828898725e-08
48550.056 8.176264801011236e-08
48600.056 1.1398066200800238e-07
48650.056 1.3615748174799732e-07
48700.056 9.956537103800666e-08
48750.056 6.728884966000541e-08
48800.056 1.0989819080300515e-07
48850.056 5.9363909341991315e-08
48900.056 7.195079805099316e-08
48950.056 4.218682197119775e-08
49000.056 2.4149763364415145e-08
49050.056 7.229558464369226e-08
49100.056 9.202141925661292e-08
49150.056 7.236070728319848e-08
49200.056 1.1282136047700855e-07
49250.056 1.1645216872600139e-07
49300.056 9.657456576799493e-08
49350.056 4.363229693940651e-08
49400.056 5.8634536813988835e-08
49450.056 5.063181247901109e-08
49500.056 4.2934007922793094e-08
49550.056 8.743330522549885e-09
49600.056 2.4648546748892268e-08
49650.056 6.269637352900273e-08
49700.056 7.596342790499254e-08
49750.056 7.12766836737949e-08
49800.056 4.2348114573159164e-08
49850.056 9.082538947900817e-08
49900.056 9.153135251599862e-08
49950.056 7.997894641399706e-08
50000.056 5.920115624763424e-08
50050.056 7.014951853900549e-08
50100.056 5.98504011859971e-08
50150.056 2.6048918671395435e-08
50200.056 4.490391457860004e-09
50250.056 2.7643753826999622e-08
50300.056 1.8990936444193528e-08
50350.056 6.648998425900665e-08
50400.056 7.551809410399735e-08
50450.056 5.355629456520038e-08
50500.056 8.609401703400493e-08
50550.056 8.898439765100098e-08
50600.056 5.7789814317985026e-08
50650.056 8.623251053301103e-08
50700.056 9.00744833319978e-08
50750.056 5.398378012099941e-08
50800.056 1.821809085817636e-08
50850.056 9.296029100874363e-09
50900.056 5.879658645900412e-08
50950.056 6.152497214299678e-08
51000.056 4.516807610471682e-08
51050.056 6.550169745599112e-08
51100.056 2.6494829018199514e-08
51150.056 2.582201770715769e-08
51200.056 8.08730988070001e-08
51250.056 6.221152602999108e-08
51300.056 3.927246964510477e-08
51350.056 3.87494014379136e-08
51400.056 1.2776321847712535e-08
51450.056 9.985678425792012e-09
51500.056 8.68354904209329e-09
51550.056 3.5715258641405345e-08
51600.056 3.463785978460382e-08
51650.056 4.637773163999775e-08
51700.056 4.439531070590256e-08
51750.056 3.292896621795608e-08
51800.056 6.134373027099608e-08
51850.056 4.662858752049782e-08
51900.056 5.422044091000217e-08
51950.056 3.025284031099516e-08
52000.056 2.9259517963588717e-09
52050.056 1.5571132848701774e-08
52100.056 8.772575155398288e-09
52150.056 5.085144826605427e-09
52200.056 1.718255621319923e-08
52250.056 3.056191693490492e-08
52300.056 3.993009271899782e-08
52350.056 1.0402677321743194e-08
52400.056 1.1528417913919976e-08
52450.056 4.4280833330005467e-08
52500.056 3.544708979652388e-08
52550.056 4.089693662499634e-08
52600.056 3.218767177080335e-08
52650.056 3.992968329900075e-08
52700.056 2.3392432285299732e-08
52750.056 9.532929251884966e-09
52800.056 1.70218856712031e-08
52850.056 2.1488683620095165e-08
52900.056 8.268143835228816e-09
52950.056 1.4543026663502277e-08
53000.056 3.027516947900125e-08
53050.056 1.1069566424678565e-08
53100.056 4.068083489600268e-08
53150.056 4.3240142311999955e-08
53200.056 1.6002411908388578e-08
53250.056 3.6208882716001416e-08
53300.056 4.0622481188888886e-08
53350.056 3.512470392599936e-08
53400.056 2.2596620464997786e-08
53450.056 6.396382973338063e-09
53500.056 1.3617674025945553e-09
53550.056 3.273020726423975e-09
