galfind/configs/Brown_Dwarf_templates/sonora_bobcat/m0.0/1780g/sp_t300g1780nc_m0.0_resample.dat
# %ECSV 1.0
# ---
# datatype:
# - {name: wav, unit: Angstrom, datatype: float64}
# - {name: flux_nu, unit: erg / (cm2 Hz s), datatype: float64}
# meta: {C/O: '1.00', Kzz: '1.0000E+05', Teff: '300.', Y: '0.28', '[Fe/H]': '0.00', f_hole: '1.00', f_rain: '0.00', grav: '1780.'}
# schema: astropy-2.0
wav flux_nu
[from data line 498]
28900.056 1.6132591328939605e-12
28950.056 1.776702292987865e-12
29000.056 9.07215102950896e-13
29050.056 2.4448491343454873e-12
29100.056 5.200838670537552e-13
29150.056 6.593435819501178e-13
29200.056 5.970011155068516e-12
29250.056 2.559134812278395e-12
29300.056 1.4657149225875906e-12
29350.056 6.171309381254745e-12
29400.056 4.0302846110916534e-12
29450.056 6.553492442563315e-13
29500.056 8.702333317954213e-12
29550.056 1.9915899361182105e-12
29600.056 1.8181868890094808e-12
29650.056 1.1151878295807505e-11
29700.056 1.3390969253862183e-12
29750.056 7.135607148235407e-12
29800.056 2.7062482863194197e-12
29850.056 1.3196199121547692e-11
29900.056 3.8691302883824865e-12
29950.056 3.182026987005087e-12
30000.056 2.238590649074654e-14
30050.056 1.0108482422606893e-12
30100.056 4.2577953696152065e-12
30150.056 9.84806671150618e-12
30200.056 8.086592161129084e-12
30250.056 1.3555364667228354e-11
30300.056 1.689402324307777e-11
30350.056 2.623073317929915e-12
30400.056 2.2019952845026643e-11
30450.056 2.326289738240442e-11
30500.056 4.814235676215456e-12
30550.056 4.771982781984042e-12
30600.056 1.2877261641939243e-10
30650.056 4.799879496808467e-11
30700.056 9.326836695732777e-12
30750.056 3.6217093402925816e-11
30800.056 5.7731599363248944e-11
30850.056 5.0370283941506374e-11
30900.056 1.7483085690496333e-11
30950.056 1.5656435421300435e-11
31000.056 2.4432285033462655e-11
31050.056 7.47377941579474e-12
31100.056 3.3922381973204177e-12
31150.056 1.3983029951026293e-11
31200.056 7.120395006779354e-11
31250.056 2.480576099601223e-11
31300.056 6.282198201395594e-12
31350.056 4.7795994547105535e-11
31400.056 2.290644820114978e-11
31450.056 2.4744549191677932e-11
31500.056 7.241859263537012e-12
31550.056 1.7838881852571313e-11
31600.056 1.2549138530944936e-11
31650.056 7.854282985061071e-12
31700.056 6.377954594921648e-12
31750.056 2.1776866823936754e-12
31800.056 4.314328660660012e-12
31850.056 5.295222197309837e-13
31900.056 1.618359108196706e-12
31950.056 5.734601578657831e-13
32000.056 4.203147221109202e-13
32050.056 3.2827261804537714e-13
32100.056 2.7257642774186684e-13
32150.056 2.085023232596313e-13
32200.056 6.935329342871429e-14
32250.056 1.7105466988092632e-13
32300.056 2.7863384728810665e-14
32350.056 1.0586062054654794e-13
32400.056 7.0814875596232135e-15
32450.056 7.266272809923223e-14
32500.056 7.177990500442533e-15
32550.056 6.771312264260433e-14
32600.056 4.333266590940727e-15
32650.056 1.1645613952120283e-13
32700.056 7.198107768424274e-15
32750.056 3.9582442865108435e-13
32800.056 1.0199551230931094e-13
32850.056 1.4419035829822774e-12
32900.056 8.178249987477478e-13
32950.056 1.433069972588126e-12
33000.056 2.9516893349986223e-13
33050.056 1.3634512233474047e-13
33100.056 1.7692362006234162e-14
33150.056 4.872690012142695e-17
33200.056 4.049520234240678e-15
33250.056 8.874250115685855e-15
33300.056 3.024767090579945e-13
33350.056 2.3511561667233693e-13
33400.056 1.4711386815638197e-12
33450.056 7.676294121315651e-14
33500.056 9.924609703661263e-13
33550.056 1.0044094595156478e-13
33600.056 4.147965517355062e-13
33650.056 5.258041912315575e-13
33700.056 4.841906390126516e-14
33750.056 6.086127858925634e-13
33800.056 1.8604789484473346e-14
33850.056 2.693847477323477e-13
33900.056 2.5055220104275207e-13
33950.056 3.397027076600389e-13
34000.056 1.0458292858788892e-12
34050.056 1.619712767710392e-13
34100.056 1.4008248400211508e-12
34150.056 3.11587993973594e-13
34200.056 2.1283097485342563e-12
34250.056 6.464847260500688e-13
34300.056 1.078316532745794e-12
34350.056 6.9479137701031475e-12
34400.056 5.752202696984318e-13
34450.056 4.842429374937012e-12
34500.056 1.0114953215429852e-12
34550.056 4.96156052800187e-12
34600.056 2.668603415730535e-11
34650.056 8.316729150319581e-13
34700.056 1.686034921384802e-11
34750.056 5.151336530736613e-12
34800.056 3.1642148683662186e-12
34850.056 1.590987606827658e-11
34900.056 1.1465276549722554e-12
34950.056 2.921447700891195e-11
35000.056 2.31259517234555e-11
35050.056 3.303257586560829e-11
35100.056 6.218834811165444e-11
35150.056 5.740292450869208e-11
35200.056 6.01439877603096e-11
35250.056 1.1407509288064774e-10
35300.056 1.5492303371752223e-11
35350.056 7.34633739697714e-12
35400.056 4.274267554594398e-12
35450.056 4.2856990967803466e-12
35500.056 3.176353988095186e-11
35550.056 3.141795234310683e-11
35600.056 5.7078917883284254e-11
35650.056 5.810342791969492e-11
35700.056 8.510167196913466e-11
35750.056 8.330890335722683e-11
35800.056 1.7562209691092636e-11
35850.056 1.3236539078521971e-11
35900.056 2.5737961054578048e-11
35950.056 7.361385358528755e-11
36000.056 9.23821406968068e-11
36050.056 5.5944595554552196e-11
36100.056 5.1080867087848173e-11
36150.056 3.1807400205899394e-10
36200.056 2.1234261699515346e-10
36250.056 8.154568471813318e-11
36300.056 3.108402129312421e-10
36350.056 2.074066185652614e-10
36400.056 3.00329725089958e-10
36450.056 1.4946210090655585e-10
36500.056 1.4515604758083717e-10
36550.056 5.988607166599949e-10
36600.056 7.327623093999546e-10
36650.056 2.153735736769521e-10
36700.056 3.4478551231013214e-10
36750.056 8.062946330601412e-10
36800.056 8.190742390448727e-10
36850.056 2.5478437548539927e-10
36900.056 3.0040077527305755e-10
36950.056 9.78730260003903e-10
37000.056 6.091459504428507e-10
37050.056 8.829192107525768e-10
37100.056 1.491997994075074e-10
37150.056 4.0600481309362097e-10
37200.056 1.5482831044100726e-09
37250.056 5.826399375437518e-10
37300.056 2.2263913984961744e-10
37350.056 5.015890084670284e-10
37400.056 9.803885903795389e-10
37450.056 3.9886915317595394e-10
37500.056 3.8810316580938105e-10
37550.056 1.796718048691363e-09
37600.056 3.215000987549802e-09
37650.056 4.1849287900866997e-10
37700.056 9.934593948101464e-10
37750.056 7.934565426949771e-10
37800.056 9.081157304101707e-10
37850.056 5.049127271469859e-10
37900.056 4.8426978450519e-10
37950.056 7.808779379599983e-10
38000.056 6.155689968195424e-10
38050.056 1.5580605376001501e-09
38100.056 2.471411290053856e-09
38150.056 2.9742486089557767e-09
38200.056 1.5787327968869468e-09
38250.056 2.7244030225632843e-09
38300.056 5.69416521803923e-09
38350.056 3.091200083170585e-09
38400.056 8.821939583633811e-10
38450.056 2.3013661549392985e-10
38500.056 3.223530549888666e-10
38550.056 1.7397090862401656e-09
38600.056 2.538343250299745e-09
38650.056 1.9439873736999488e-09
38700.056 1.3574309354366875e-09
38750.056 1.9697015436519095e-09
38800.056 1.8481862783000344e-09
38850.056 2.273948274170239e-09
38900.056 2.2745973994890973e-09
38950.056 1.4184903459503014e-09
39000.056 3.0342703007596155e-09
39050.056 9.503968900503293e-10
39100.056 1.4332234484676223e-09
39150.056 3.3722102999600066e-09
39200.056 2.899260204800027e-09
39250.056 2.7208398736600467e-09
39300.056 2.0815469401031e-09
39350.056 5.372089796600074e-09
39400.056 2.5250090980386814e-09
39450.056 4.342814002712763e-09
39500.056 5.242410587099679e-09
39550.056 1.7292836808843809e-09
39600.056 3.226661877350646e-09
39650.056 7.260398099999973e-09
39700.056 6.2496696994000065e-09
39750.056 1.6856549906687943e-09
39800.056 1.25905497811863e-09
39850.056 6.324894151600638e-09
39900.056 8.242105772299995e-09
39950.056 3.1476062650001248e-09
40000.056 5.500467755500203e-09
40050.056 5.768905110679598e-09
40100.056 1.1550740806224205e-09
40150.056 4.939510491700433e-09
40200.056 6.776442125299629e-09
40250.056 7.916355663799266e-09
40300.056 7.68961574290048e-09
40350.056 2.7956113737082248e-09
40400.056 3.864663241643754e-09
40450.056 1.9392498026100462e-09
40500.056 6.699415328000163e-09
40550.056 7.71493328329935e-09
40600.056 8.883343953599857e-09
40650.056 4.960514249949577e-09
40700.056 8.956459963999997e-09
40750.056 6.519025445699497e-09
40800.056 3.465365603129713e-09
40850.056 1.1735715659700888e-08
40900.056 1.2093170120299438e-08
40950.056 6.280020059179846e-09
41000.056 6.007024833959811e-09
41050.056 1.2886908141200424e-08
41100.056 1.064989078249898e-08
41150.056 2.599758979979828e-09
41200.056 1.1374522410701445e-08
41250.056 1.1191790496598418e-08
41300.056 1.2653220848401241e-08
41350.056 1.789305235300007e-08
41400.056 1.372493589899951e-08
41450.056 1.5635963518000044e-08
41500.056 8.046981940398782e-09
41550.056 7.250295280301013e-09
41600.056 8.43059026779964e-09
41650.056 1.572070436220117e-08
41700.056 2.1346014916999443e-08
41750.056 1.666784086800036e-08
41800.056 1.8216917287999742e-08
41850.056 1.2127809844299233e-08
41900.056 9.326694780698293e-09
41950.056 8.970448683599474e-09
42000.056 3.7679979831885355e-09
42050.056 5.283677465400518e-09
42100.056 8.98595301349976e-09
42150.056 1.075767767559989e-08
42200.056 1.2375572124999705e-08
42250.056 9.563417841600592e-09
42300.056 8.493661633399559e-09
42350.056 1.521492996760049e-08
42400.056 1.9332900827000532e-08
42450.056 2.1775236442000685e-08
42500.056 2.325313782499975e-08
42550.056 2.0744756573999602e-08
42600.056 1.59701369974015e-08
42650.056 2.1254951841998542e-08
42700.056 1.0861488164299223e-08
42750.056 1.804602883860161e-08
42800.056 2.6470980750000317e-08
42850.056 2.7023093151999023e-08
42900.056 2.5460657880000368e-08
42950.056 2.1050173453000495e-08
43000.056 2.3268664425999544e-08
43050.056 1.3891040701199165e-08
43100.056 1.9753121837000713e-08
43150.056 2.0891129615000272e-08
43200.056 2.5388771006000537e-08
43250.056 3.1352435324000225e-08
43300.056 2.746699400099909e-08
43350.056 1.847062006799983e-08
43400.056 2.3575902858000205e-08
43450.056 1.7810956346999983e-08
43500.056 1.476010132950026e-08
43550.056 1.692531884400073e-08
43600.056 2.6559905677999887e-08
43650.056 1.6045683238399056e-08
43700.056 2.4900953629402728e-08
43750.056 2.987431338499938e-08
43800.056 2.468694814799949e-08
43850.056 2.212586255700106e-08
43900.056 1.754878312799998e-08
43950.056 1.4009252739199572e-08
44000.056 1.4389322660000056e-08
44050.056 2.6624909378001763e-08
44100.056 3.390786666400021e-08
44150.056 3.1200596171999476e-08
44200.056 3.0019220007999925e-08
44250.056 2.0170133705999166e-08
44300.056 1.3107226785299717e-08
44350.056 1.2609714848700396e-08
44400.056 1.5371889412999932e-08
44450.056 2.318324887700145e-08
44500.056 2.1383537660999977e-08
44550.056 2.6634642276000248e-08
44600.056 2.1379997695000124e-08
44650.056 2.4188444096999216e-08
44700.056 1.852296309099882e-08
44750.056 2.2115055059000987e-08
44800.056 1.5879550548299663e-08
44850.056 2.125863586000089e-08
44900.056 2.1850385565999744e-08
44950.056 2.5614050300000974e-08
45000.056 2.8300184901999887e-08
45050.056 2.5039137380998686e-08
45100.056 2.305679776000111e-08
45150.056 2.1236847884999506e-08
45200.056 1.3505976370899734e-08
45250.056 1.634536744199963e-08
45300.056 1.5528682931699996e-08
45350.056 1.0447610137901052e-08
45400.056 2.7427459391000684e-08
45450.056 2.4512968431001273e-08
45500.056 2.9090440738000883e-08
45550.056 3.037103578299831e-08
45600.056 2.8165385085000495e-08
45650.056 2.4971788218998577e-08
45700.056 1.3378653474398385e-08
45750.056 1.1833956310901213e-08
45800.056 2.592139205800025e-08
45850.056 2.1805219950800988e-08
45900.056 3.0729018015999925e-08
45950.056 3.06680091189992e-08
46000.056 2.910531865600038e-08
46050.056 2.4911548981001147e-08
46100.056 2.949266059899889e-08
46150.056 2.010658652699987e-08
46200.056 1.3709662169298315e-08
46250.056 4.9880798975000695e-09
46300.056 1.6858640111201245e-08
46350.056 2.0824247471000437e-08
46400.056 2.1658813138000287e-08
46450.056 1.608552431979915e-08
46500.056 2.0806306533000388e-08
46550.056 1.2782025138898894e-08
46600.056 1.0585315536899453e-08
46650.056 1.7858573322900686e-08
46700.056 1.3508696519298759e-08
46750.056 4.912953873000415e-09
46800.056 2.9129253040196725e-09
46850.056 1.3240563594702091e-08
46900.056 2.1706142274000244e-08
46950.056 2.3355234373999783e-08
47000.056 2.4126737797000273e-08
47050.056 1.4853661063197788e-08
47100.056 1.3352396141100282e-08
47150.056 1.7341114624001145e-08
47200.056 1.8105466659999316e-08
47250.056 6.892301048678445e-09
47300.056 4.969925272861473e-09
47350.056 1.7259188419001027e-08
47400.056 2.107207497799984e-08
47450.056 1.3340808202200193e-08
47500.056 2.239518110500112e-08
47550.056 2.202689816500001e-08
47600.056 1.4760419576998942e-08
47650.056 1.7274228336399257e-08
47700.056 1.4383773837301111e-08
47750.056 1.1580775063199827e-08
47800.056 6.376692395799442e-09
47850.056 1.9136657250503595e-09
47900.056 3.949979458700152e-09
47950.056 1.3147833453501161e-08
48000.056 1.6513268944798965e-08
48050.056 1.3034524487800076e-08
48100.056 6.939657931799775e-09
48150.056 1.2878872650900526e-08
48200.056 7.282398938399117e-09
48250.056 1.2359583611600418e-08
48300.056 1.4158891214999656e-08
48350.056 7.800463801098909e-09
48400.056 1.261881214837632e-09
48450.056 2.4946079146866266e-09
48500.056 5.896891408099357e-09
48550.056 7.620418126811672e-09
48600.056 1.647394409600048e-08
48650.056 1.916272034999986e-08
48700.056 1.6048616781000334e-08
48750.056 1.4022437725000034e-08
48800.056 1.5382297198999797e-08
48850.056 6.766175912999115e-09
48900.056 5.388144289559358e-09
48950.056 2.5423819134798633e-09
49000.056 1.771236235270478e-09
49050.056 6.323934676499521e-09
49100.056 9.801562553701391e-09
49150.056 9.34505825129984e-09
49200.056 1.5407534317000802e-08
49250.056 1.6340864536999847e-08
49300.056 1.2435347350498986e-08
49350.056 5.138311077010601e-09
49400.056 5.872612388518967e-09
49450.056 4.14434972585078e-09
49500.056 3.086138800129407e-09
49550.056 4.808043586599814e-10
49600.056 1.2710430424542599e-09
49650.056 5.690281831300665e-09
49700.056 8.899769312700082e-09
49750.056 5.9664526161895465e-09
49800.056 3.1880434523200856e-09
49850.056 9.476318168500802e-09
49900.056 1.173448768599997e-08
49950.056 1.0501965265099605e-08
50000.056 5.152365180199068e-09
50050.056 4.991340264990788e-09
50100.056 4.651191097799674e-09
50150.056 1.4172993426697068e-09
50200.056 2.2368618613006569e-10
50250.056 1.2377045934200067e-09
50300.056 1.0023722885922184e-09
50350.056 5.093817972600515e-09
50400.056 8.041281833400141e-09
50450.056 7.88113277459999e-09
50500.056 1.0295563869600447e-08
50550.056 1.1447920234999878e-08
50600.056 7.136700377899209e-09
50650.056 1.017615786020033e-08
50700.056 8.49892989159955e-09
50750.056 4.49210351809963e-09
50800.056 9.922472249337105e-10
50850.056 4.274841031521681e-10
50900.056 3.45167780490046e-09
50950.056 4.736269364999613e-09
51000.056 3.0369417960006386e-09
51050.056 6.150153860199438e-09
51100.056 2.795825224299925e-09
51150.056 1.5171213362303605e-09
51200.056 6.431200536000387e-09
51250.056 6.1015464423996635e-09
51300.056 3.6186699362999074e-09
51350.056 2.0101023857995674e-09
51400.056 4.752383122800874e-10
51450.056 4.177952881968902e-10
51500.056 4.391282247041407e-10
51550.056 2.1190418981003135e-09
51600.056 3.4497395994002006e-09
51650.056 5.044595746800042e-09
51700.056 3.589207779009289e-09
51750.056 3.039662098250606e-09
51800.056 5.742286228099998e-09
51850.056 4.418729691599745e-09
51900.056 3.2641892671998674e-09
51950.056 1.3549204609097155e-09
52000.056 1.802709745869695e-10
52050.056 7.0780082925004e-10
52100.056 3.668908150499198e-10
52150.056 2.1520586451406322e-10
52200.056 9.84859059390066e-10
52250.056 1.9415475450101693e-09
52300.056 1.8988307007998352e-09
52350.056 4.0182860753296283e-10
52400.056 5.004721884800259e-10
52450.056 2.3242655378602854e-09
52500.056 1.7055871115299167e-09
52550.056 3.243472094499757e-09
52600.056 3.21165245709036e-09
52650.056 4.0084845590998495e-09
52700.056 1.9621854813297904e-09
52750.056 4.773801350318555e-10
52800.056 1.051862725410178e-09
52850.056 1.2654439124298095e-09
52900.056 3.2647071699388556e-10
52950.056 6.080965277901197e-10
53000.056 1.7638036638000473e-09
53050.056 6.985567973299712e-10
53100.056 2.9352520226003234e-09
53150.056 3.2718577945998685e-09
53200.056 1.5143364000899105e-09
53250.056 2.6658941269999613e-09
53300.056 2.3950783219401566e-09
53350.056 2.0607499510999024e-09
53400.056 1.1460252407398708e-09
53450.056 3.312132346899317e-10
