galfind/configs/Brown_Dwarf_templates/sonora_bobcat/m0.0/1780g/sp_t1400g1780nc_m0.0_resample.dat
# %ECSV 1.0
# ---
# datatype:
# - {name: wav, unit: Angstrom, datatype: float64}
# - {name: flux_nu, unit: erg / (cm2 Hz s), datatype: float64}
# meta: {C/O: '1.00', Kzz: '1.0000E+05', Teff: '1400.', Y: '0.28', '[Fe/H]': '0.00', f_hole: '1.00', f_rain: '0.00', grav: '1780.'}
# schema: astropy-2.0
wav flux_nu
[from data line 498]
28900.056 3.026765220159832e-07
28950.056 5.140294642279673e-07
29000.056 4.268457868079077e-07
29050.056 4.7041868593403657e-07
29100.056 3.565021912530618e-07
29150.056 5.476883808210385e-07
29200.056 4.1474424971802245e-07
29250.056 5.003415655970004e-07
29300.056 3.682633651039194e-07
29350.056 6.607488084479366e-07
29400.056 4.6741309796696004e-07
29450.056 4.818708968199711e-07
29500.056 4.9901348736698e-07
29550.056 4.918384131440174e-07
29600.056 5.514158930218393e-07
29650.056 5.014711064179662e-07
29700.056 4.685822556199218e-07
29750.056 5.504810209520857e-07
29800.056 5.810869431229145e-07
29850.056 5.474886165529249e-07
29900.056 5.393254074212319e-07
29950.056 6.137612829529024e-07
30000.056 5.708190927309317e-07
30050.056 5.20163778500001e-07
30100.056 4.955954812218703e-07
30150.056 6.676987306199933e-07
30200.056 5.463604274550025e-07
30250.056 6.199613179300738e-07
30300.056 5.412237534499864e-07
30350.056 5.431821257800511e-07
30400.056 6.034055129800083e-07
30450.056 4.813429691550903e-07
30500.056 4.3316977813003517e-07
30550.056 4.6774151296003515e-07
30600.056 4.851185036299978e-07
30650.056 4.4808689761995364e-07
30700.056 4.2010965849596765e-07
30750.056 4.0130105927996086e-07
30800.056 3.9012208580107966e-07
30850.056 3.429258399419325e-07
30900.056 3.5023534378693796e-07
30950.056 3.067544950440526e-07
31000.056 2.98156885467014e-07
31050.056 3.343745879400178e-07
31100.056 2.675493366349894e-07
31150.056 2.840929520389844e-07
31200.056 3.0520543243002753e-07
31250.056 2.502938575279799e-07
31300.056 2.533291948959698e-07
31350.056 2.391471452600099e-07
31400.056 2.147376953820184e-07
31450.056 2.2197135671796912e-07
31500.056 2.0085058406895942e-07
31550.056 2.0933331827999153e-07
31600.056 1.900530015360025e-07
31650.056 1.7847488276500793e-07
31700.056 1.8774273473197287e-07
31750.056 1.6374928021904757e-07
31800.056 1.9256210358496673e-07
31850.056 1.6667234605202461e-07
31900.056 1.9271747738201197e-07
31950.056 1.5092547314101228e-07
32000.056 1.7898626226196702e-07
32050.056 1.8225858483701047e-07
32100.056 1.7873204971300958e-07
32150.056 1.9408371795898342e-07
32200.056 1.7055042296999643e-07
32250.056 2.125068027040216e-07
32300.056 1.6658269524098356e-07
32350.056 2.2113811537599647e-07
32400.056 1.716521822159978e-07
32450.056 2.19321221284935e-07
32500.056 2.10670825063037e-07
32550.056 2.144829940849923e-07
32600.056 2.2609073387999385e-07
32650.056 2.619293210039756e-07
32700.056 2.5565536944003143e-07
32750.056 2.711541190250098e-07
32800.056 2.6936344475602495e-07
32850.056 2.8377579413997554e-07
32900.056 3.0418804886800086e-07
32950.056 3.0145097997698797e-07
33000.056 2.795907874799522e-07
33050.056 2.567772062620318e-07
33100.056 2.0304867519798402e-07
33150.056 1.1100168051401459e-07
33200.056 9.349638598197112e-08
33250.056 7.628669935397977e-08
33300.056 7.614683964101338e-08
33350.056 9.201829837700172e-08
33400.056 1.0827036106298513e-07
33450.056 1.252871859989979e-07
33500.056 1.578080876580256e-07
33550.056 1.6929564859002775e-07
33600.056 2.0607610738798894e-07
33650.056 2.3064638310401922e-07
33700.056 2.1341699090797453e-07
33750.056 2.6878967091999063e-07
33800.056 2.447449563669912e-07
33850.056 2.7613883912697946e-07
33900.056 2.42462338708992e-07
33950.056 2.493468873759848e-07
34000.056 2.749311785570057e-07
34050.056 2.201585241339616e-07
34100.056 2.7868467336798194e-07
34150.056 2.4063761328097225e-07
34200.056 2.3178930161094175e-07
34250.056 2.4711989903394194e-07
34300.056 2.1627759550589761e-07
34350.056 2.1835630223400668e-07
34400.056 2.0220829731000167e-07
34450.056 2.410582941699822e-07
34500.056 2.3750925155998512e-07
34550.056 2.0837427808000159e-07
34600.056 2.6336641032999775e-07
34650.056 2.3116184537898306e-07
34700.056 2.404785213759849e-07
34750.056 2.5715720948998034e-07
34800.056 2.3228524171297648e-07
34850.056 2.4402651747001367e-07
34900.056 2.5786498263897484e-07
34950.056 2.509423894799508e-07
35000.056 3.1103746965003975e-07
35050.056 2.451350843239987e-07
35100.056 2.7475754062998904e-07
35150.056 2.8845061914200527e-07
35200.056 2.878965085400198e-07
35250.056 3.2750013367995273e-07
35300.056 2.81231020639031e-07
35350.056 2.806076691199609e-07
35400.056 3.106349784400602e-07
35450.056 2.451828753500809e-07
35500.056 3.428880133600136e-07
35550.056 3.3124449654998834e-07
35600.056 3.160103520610623e-07
35650.056 3.5149586036001347e-07
35700.056 3.145429234700012e-07
35750.056 3.4777348570996776e-07
35800.056 4.2494233970001133e-07
35850.056 3.306507686200026e-07
35900.056 4.104853967899898e-07
35950.056 3.9983110985996915e-07
36000.056 4.007461134800527e-07
36050.056 4.184418953099955e-07
36100.056 4.106399294098115e-07
36150.056 4.389237874000112e-07
36200.056 4.787908222899839e-07
36250.056 4.435754159599635e-07
36300.056 4.946479728200195e-07
36350.056 4.85371274999969e-07
36400.056 4.925247510000144e-07
36450.056 5.355483935199844e-07
36500.056 5.320834061199537e-07
36550.056 5.842480090001237e-07
36600.056 6.058816521100203e-07
36650.056 5.87982218839914e-07
36700.056 6.361842745499809e-07
36750.056 6.702271140900614e-07
36800.056 6.764910779099763e-07
36850.056 6.90556407159899e-07
36900.056 6.797528876199971e-07
36950.056 7.676664072299607e-07
37000.056 7.534897315999668e-07
37050.056 7.702509572400188e-07
37100.056 8.019852816799761e-07
37150.056 7.916883240100544e-07
37200.056 8.472322969500052e-07
37250.056 8.414344378199176e-07
37300.056 7.984392953598627e-07
37350.056 8.395842716000798e-07
37400.056 9.74517850099979e-07
37450.056 8.892634655400317e-07
37500.056 9.068957776299663e-07
37550.056 1.0086747819801243e-06
37600.056 1.0558668937200364e-06
37650.056 9.46741599340042e-07
37700.056 1.070054155440067e-06
37750.056 9.866254238200738e-07
37800.056 1.054148880450179e-06
37850.056 9.831772907800104e-07
37900.056 1.0283656161801776e-06
37950.056 1.0469933584399376e-06
38000.056 1.1495694235700164e-06
38050.056 1.1307359613800882e-06
38100.056 1.1221802106700857e-06
38150.056 1.21277307876997e-06
38200.056 1.227176613020079e-06
38250.056 1.175743613690026e-06
38300.056 1.27762079472992e-06
38350.056 1.3134826885200578e-06
38400.056 1.2012983023299164e-06
38450.056 1.2969477796899594e-06
38500.056 1.2222034459801027e-06
38550.056 1.3474909023000672e-06
38600.056 1.360802888199917e-06
38650.056 1.3504915673299723e-06
38700.056 1.3906660318900277e-06
38750.056 1.4247961307600099e-06
38800.056 1.3512172846798853e-06
38850.056 1.3909578802900266e-06
38900.056 1.4168166994500092e-06
38950.056 1.4359434887399954e-06
39000.056 1.4601319360000021e-06
39050.056 1.47194795229995e-06
39100.056 1.404701701840127e-06
39150.056 1.4979015135000285e-06
39200.056 1.4772038761199728e-06
39250.056 1.5255450076998963e-06
39300.056 1.4886216838298397e-06
39350.056 1.548925658400077e-06
39400.056 1.5291174331000572e-06
39450.056 1.5478948743999769e-06
39500.056 1.5024006021999807e-06
39550.056 1.5077861266700285e-06
39600.056 1.6045901670998466e-06
39650.056 1.5721482092000101e-06
39700.056 1.556975338100047e-06
39750.056 1.511436506410055e-06
39800.056 1.506790750699939e-06
39850.056 1.6222299620999786e-06
39900.056 1.5785319477000117e-06
39950.056 1.6232309296998974e-06
40000.056 1.5667977462000436e-06
40050.056 1.5677218307000363e-06
40100.056 1.5850186351200176e-06
40150.056 1.5871834169999599e-06
40200.056 1.630712319799886e-06
40250.056 1.500859348849743e-06
40300.056 1.5389336179500837e-06
40350.056 1.5836256676000225e-06
40400.056 1.5919778194200365e-06
40450.056 1.5898028480000455e-06
40500.056 1.5002032925001206e-06
40550.056 1.6630256517999269e-06
40600.056 1.454472102210074e-06
40650.056 1.5647838354699211e-06
40700.056 1.6928239120999984e-06
40750.056 1.4744514428197151e-06
40800.056 1.4252166399498118e-06
40850.056 1.4980439740001763e-06
40900.056 1.5077146123400107e-06
40950.056 1.4929382408599681e-06
41000.056 1.5155446420999885e-06
41050.056 1.5399774652398723e-06
41100.056 1.4290691422499222e-06
41150.056 1.4417050195799393e-06
41200.056 1.4871094865500145e-06
41250.056 1.4561409358200103e-06
41300.056 1.2934258825498265e-06
41350.056 1.5126436249300642e-06
41400.056 1.403755470960113e-06
41450.056 1.454874190790118e-06
41500.056 1.3974959603799651e-06
41550.056 1.366050108110048e-06
41600.056 1.3967261465100537e-06
41650.056 1.3997418253600948e-06
41700.056 1.2971772098198894e-06
41750.056 1.3501197812499375e-06
41800.056 1.4746541708199413e-06
41850.056 1.1077044732500816e-06
41900.056 1.334500961429906e-06
41950.056 1.358577169950149e-06
42000.056 1.3174934680101863e-06
42050.056 1.1675288297398834e-06
42100.056 1.3814113451001042e-06
42150.056 1.071842630259955e-06
42200.056 1.089237609300014e-06
42250.056 1.2393429545899291e-06
42300.056 1.119081932600007e-06
42350.056 1.2432328237401496e-06
42400.056 1.154247837760117e-06
42450.056 1.0322492751800252e-06
42500.056 1.0621072459900133e-06
42550.056 1.0485167498599806e-06
42600.056 1.1135858712401043e-06
42650.056 1.198383758289786e-06
42700.056 1.1360646883900259e-06
42750.056 1.0346898077100097e-06
42800.056 1.0936175151101398e-06
42850.056 1.1949953504697993e-06
42900.056 1.203293289370081e-06
42950.056 1.023857475919723e-06
43000.056 1.1152785463400154e-06
43050.056 9.18535899600313e-07
43100.056 1.0566074219299677e-06
43150.056 1.0260641941201029e-06
43200.056 1.0279855408800206e-06
43250.056 1.1199647232399834e-06
43300.056 1.1277461845900265e-06
43350.056 9.219337125698158e-07
43400.056 1.0117561357899836e-06
43450.056 9.490768353001218e-07
43500.056 9.732342755399371e-07
43550.056 9.676865247100265e-07
43600.056 1.0707443529800677e-06
43650.056 8.945805264400119e-07
43700.056 1.0249897614499962e-06
43750.056 9.924135204001065e-07
43800.056 9.342893724599391e-07
43850.056 9.015395083001458e-07
43900.056 9.593810733099193e-07
43950.056 8.340301887199426e-07
44000.056 7.719868267900339e-07
44050.056 8.733139307200173e-07
44100.056 9.465909812800861e-07
44150.056 9.503076217899572e-07
44200.056 8.856341450600238e-07
44250.056 8.185607280399978e-07
44300.056 7.850076366301009e-07
44350.056 7.895821567800669e-07
44400.056 8.028864262399608e-07
44450.056 8.338881526400146e-07
44500.056 8.235464058701074e-07
44550.056 8.365813722599248e-07
44600.056 7.898833803100703e-07
44650.056 8.370331115000413e-07
44700.056 7.42345628349998e-07
44750.056 7.995446096899843e-07
44800.056 7.8693071468e-07
44850.056 8.036370109800895e-07
44900.056 7.319073414000546e-07
44950.056 7.411367880100416e-07
45000.056 7.716857707599922e-07
45050.056 7.744964705099823e-07
45100.056 8.063657986400082e-07
45150.056 7.480150328999952e-07
45200.056 6.797500295900288e-07
45250.056 7.219317259099158e-07
45300.056 7.546106720100336e-07
45350.056 7.527504994699294e-07
45400.056 7.586835855500607e-07
45450.056 7.240875685299112e-07
45500.056 7.421485884799661e-07
45550.056 8.037681134499366e-07
45600.056 7.618918309400125e-07
45650.056 6.843219573698883e-07
45700.056 7.494786290400681e-07
45750.056 6.952152195700066e-07
45800.056 7.287051873899792e-07
45850.056 8.349405775299779e-07
45900.056 8.16709392120025e-07
45950.056 7.095816340700073e-07
46000.056 8.170336331500279e-07
46050.056 8.056369421801106e-07
46100.056 7.367847309500059e-07
46150.056 7.462343972699503e-07
46200.056 7.640177273901343e-07
46250.056 6.575274136299619e-07
46300.056 8.157285073899686e-07
46350.056 7.480307512299817e-07
46400.056 7.716049470699929e-07
46450.056 7.820474943700355e-07
46500.056 7.141090956400291e-07
46550.056 7.990684361000018e-07
46600.056 7.908161354400154e-07
46650.056 9.670561207599168e-07
46700.056 8.952937833301737e-07
46750.056 7.233075573000519e-07
46800.056 7.163141717000529e-07
46850.056 8.875425703401041e-07
46900.056 8.304489940599073e-07
46950.056 9.131732137300074e-07
47000.056 7.679026482800283e-07
47050.056 8.84719974329877e-07
47100.056 6.759133361000652e-07
47150.056 7.704505388600509e-07
47200.056 8.46525329150074e-07
47250.056 7.374693705699689e-07
47300.056 7.099187399899398e-07
47350.056 7.556446267999638e-07
47400.056 8.626995036099393e-07
47450.056 7.51170021740011e-07
47500.056 8.632172169699485e-07
47550.056 7.519374824099739e-07
47600.056 8.342351707599294e-07
47650.056 6.886322888298825e-07
47700.056 8.358517930901044e-07
47750.056 6.216692940500532e-07
47800.056 7.871525396999831e-07
47850.056 6.069199535999656e-07
47900.056 7.577655446399517e-07
47950.056 6.984423995100352e-07
48000.056 9.033116747900112e-07
48050.056 7.55735337660042e-07
48100.056 7.411505540999951e-07
48150.056 7.13602283820078e-07
48200.056 7.925087583800237e-07
48250.056 6.982709992100158e-07
48300.056 9.022244593198962e-07
48350.056 6.458100576699879e-07
48400.056 6.765212881799454e-07
48450.056 6.885287863800687e-07
48500.056 8.80096031019957e-07
48550.056 6.583599986299924e-07
48600.056 8.351243018499844e-07
48650.056 7.0461845246997e-07
48700.056 8.316687005300256e-07
48750.056 5.828482749100885e-07
48800.056 8.935544703500294e-07
48850.056 6.397490878598691e-07
48900.056 8.768248875800331e-07
48950.056 7.426403796300201e-07
49000.056 6.51640802369949e-07
49050.056 8.286853516599585e-07
49100.056 7.525087467600631e-07
49150.056 7.739570067799665e-07
49200.056 7.598982540300061e-07
49250.056 7.992831114000559e-07
49300.056 7.070019578699655e-07
49350.056 6.691492750900439e-07
49400.056 7.952912432999584e-07
49450.056 7.36506233100173e-07
49500.056 7.107501791099875e-07
49550.056 5.895672203199903e-07
49600.056 7.012272867200972e-07
49650.056 7.218582616999475e-07
49700.056 6.707378092898828e-07
49750.056 9.165424204899109e-07
49800.056 7.007127166900089e-07
49850.056 8.982412029900913e-07
49900.056 7.542885030399957e-07
49950.056 7.387783578699379e-07
50000.056 7.570258607099108e-07
50050.056 7.763736669099962e-07
50100.056 8.015256345799659e-07
50150.056 6.360811816799987e-07
50200.056 5.286220684100416e-07
50250.056 7.682129460299732e-07
50300.056 6.880422552799972e-07
50350.056 8.723488950500367e-07
50400.056 7.235586086799422e-07
50450.056 6.794516192300695e-07
50500.056 8.488733374500738e-07
50550.056 7.511276907800272e-07
50600.056 7.272910306299221e-07
50650.056 7.692592521700962e-07
50700.056 8.706837067098941e-07
50750.056 8.277954874200918e-07
50800.056 5.806985620499132e-07
50850.056 6.669566021500895e-07
50900.056 8.545594530299596e-07
50950.056 7.689735381901249e-07
51000.056 8.982419231200756e-07
51050.056 7.43159229490011e-07
51100.056 5.988112651499426e-07
51150.056 7.340312831699832e-07
51200.056 8.538704174199738e-07
51250.056 7.641639563899823e-07
51300.056 6.26575449240162e-07
51350.056 7.373601275299349e-07
51400.056 5.890072429799513e-07
51450.056 5.015241459199139e-07
51500.056 5.953275857900987e-07
51550.056 8.636034135900648e-07
51600.056 6.275583981600291e-07
51650.056 6.847492920599145e-07
51700.056 7.235857517098386e-07
51750.056 6.04628520910014e-07
51800.056 7.876719739998178e-07
51850.056 7.376256730199507e-07
51900.056 8.916878756600954e-07
51950.056 7.652089208799498e-07
52000.056 5.235818900299661e-07
52050.056 6.974466387699936e-07
52100.056 6.081883118699806e-07
52150.056 5.855464853700193e-07
52200.056 5.829530868899827e-07
52250.056 6.601693097200165e-07
52300.056 8.536583493099669e-07
52350.056 7.55537398840023e-07
52400.056 5.588873327200691e-07
52450.056 7.089558907100372e-07
52500.056 7.884271923198818e-07
52550.056 7.652891457898949e-07
52600.056 7.044204947700738e-07
52650.056 7.490051839201119e-07
52700.056 6.47842418820015e-07
52750.056 5.401479562899784e-07
52800.056 6.034843243800449e-07
52850.056 6.153001665898881e-07
52900.056 6.430403063319765e-07
52950.056 6.496084819999823e-07
53000.056 7.858613850500244e-07
53050.056 5.758579028498555e-07
53100.056 6.570369395799427e-07
53150.056 8.543195083800406e-07
53200.056 5.05816254399995e-07
53250.056 7.767593084800281e-07
53300.056 7.761397836602932e-07
53350.056 7.714677709299491e-07
53400.056 7.664415743300207e-07
53450.056 5.842864077800141e-07
53500.056 4.517992224839188e-07
53550.056 6.084935992499378e-07
53600.056 7.042505136301136e-07
53650.056 5.577015646599974e-07
