galfind/configs/Brown_Dwarf_templates/sonora_bobcat/m0.0/1780g/sp_t2000g1780nc_m0.0_resample.dat
# %ECSV 1.0
# ---
# datatype:
# - {name: wav, unit: Angstrom, datatype: float64}
# - {name: flux_nu, unit: erg / (cm2 Hz s), datatype: float64}
# meta: {C/O: '1.00', Kzz: '1.0000E+05', Teff: '2000.', Y: '0.28', '[Fe/H]': '0.00', f_hole: '1.00', f_rain: '0.00', grav: '1780.'}
# schema: astropy-2.0
wav flux_nu
4000.0559999999996 nan
4050.0559999999996 3.6398119677236394e-09
4100.056 6.737599876609464e-09
4150.056 6.444119536110523e-09
4200.056 4.8505995816347e-09
4250.056 4.408727254280287e-09
4300.056 3.0692818388012125e-09
4350.056 3.1581511070802035e-09
4400.056 3.649224721201084e-09
4450.056 2.2756735180402017e-09
4500.056 2.1594293714701842e-09
4550.056 2.803199152769282e-09
4600.056 2.4176182767897993e-09
4650.056 2.076888721259641e-09
4700.056 2.608122996660166e-09
4750.056 2.9367590045297496e-09
4800.056 1.6978855150802233e-09
4850.056 2.16577357684021e-09
4900.056 3.3085352610997753e-09
4950.056 3.4966207846000383e-09
5000.056 1.7018086579097681e-09
5050.056 1.6463847011500763e-09
5100.056 1.7373679863102462e-09
5150.056 1.3358258396902502e-09
5200.056 1.3239228582899702e-09
5250.056 1.7950030841300778e-09
5300.056 1.9207529848799827e-09
5350.056 1.8554627397000605e-09
5400.056 1.7225137986000144e-09
5450.056 1.3229694018399748e-09
5500.056 9.781705231499906e-10
5550.056 8.773491798599816e-10
5600.056 6.861449721200083e-10
5650.056 4.968064021299961e-10
5700.056 3.2660661676999786e-10
5750.056 1.8532688578999742e-10
5800.056 9.11968371309989e-11
5850.056 3.209707782829931e-11
5900.056 4.216233304801756e-12
5950.056 7.236115974200156e-11
6000.056 2.6930508012000424e-10
6050.056 7.5156769022001e-10
6100.056 1.6085954781000333e-09
6150.056 2.8926655862999956e-09
6200.056 4.225861614200005e-09
6250.056 6.23264182440009e-09
6300.056 9.380908698700106e-09
6350.056 1.2704587029900276e-08
6400.056 1.6395454123000005e-08
6450.056 2.12680516859988e-08
6500.056 2.548664136299838e-08
6550.056 3.1656618508998676e-08
6600.056 3.502502177300015e-08
6650.056 3.4520474164002e-08
6700.056 2.1761862994800822e-08
6750.056 3.535201298300069e-08
6800.056 4.101162036700195e-08
6850.056 4.60516216160001e-08
6900.056 4.68772630589994e-08
6950.056 5.4309729298999524e-08
7000.056 7.44813429679981e-08
7050.056 7.589192911300242e-08
7100.056 5.1763418056999546e-08
7150.056 4.952527237500088e-08
7200.056 6.251933736399913e-08
7250.056 7.830905222500526e-08
7300.056 9.859444382400664e-08
7350.056 1.1335547341600191e-07
7400.056 1.0986758918200495e-07
7450.056 9.646571171199834e-08
7500.056 8.535571102499959e-08
7550.056 7.261921052900043e-08
7600.056 4.4068766534998544e-08
7650.056 5.620081526758174e-09
7700.056 1.882053462406792e-09
7750.056 2.517211568010073e-08
7800.056 5.647964520527493e-08
7850.056 1.0043088401400182e-07
7900.056 1.2723791194500505e-07
7950.056 1.3273273885945773e-07
8000.056 1.9077846490999455e-07
8050.056 2.7315047183999283e-07
8100.056 3.716062512500129e-07
8150.056 4.810340240100027e-07
8200.056 3.5635286282998063e-07
8250.056 5.072656360899982e-07
8300.056 4.853447429800511e-07
8350.056 5.38592750240043e-07
8400.056 5.675778272200169e-07
8450.056 4.139447549899889e-07
8500.056 3.769269286395645e-07
8550.056 4.7659129352003216e-07
8600.056 5.661101109699182e-07
8650.056 6.47837350679949e-07
8700.056 6.018910111099481e-07
8750.056 6.698744848100456e-07
8800.056 8.843105006200724e-07
8850.056 8.666270318799472e-07
8900.056 6.672764642500311e-07
8950.056 7.249893061908013e-07
9000.056 9.441554797500615e-07
9050.056 9.149246944399907e-07
9100.056 1.160249761389984e-06
9150.056 1.3645101343300207e-06
9200.056 1.3982832620901064e-06
9250.056 1.1150598856700488e-06
9300.056 9.73971164719968e-07
9350.056 1.0854562263100308e-06
9400.056 1.2059175464900544e-06
9450.056 1.3927302919599097e-06
9500.056 1.6363823526399449e-06
9550.056 1.7691800295000995e-06
9600.056 1.9141774227801168e-06
9650.056 2.1405271825701512e-06
9700.056 2.3815260119198926e-06
9750.056 1.9744994276899173e-06
9800.056 2.106614014689924e-06
9850.056 2.042410393549958e-06
9900.056 1.4361961275498927e-06
9950.056 9.716224776600278e-07
10000.056 9.614326839799698e-07
10050.056 1.0521613912099662e-06
10100.056 1.3097195244801332e-06
10150.056 1.2817759510499481e-06
10200.056 1.4027793187999863e-06
10250.056 1.4339912841698893e-06
10300.056 1.3149892762599448e-06
10350.056 1.5652966870600631e-06
10400.056 1.8111648396599295e-06
10450.056 1.8889431330301621e-06
10500.056 1.9122191913598708e-06
10550.056 2.0927129327801243e-06
10600.056 2.290480598840079e-06
10650.056 2.2940320141001492e-06
10700.056 2.3492751014200757e-06
10750.056 2.6066063637601503e-06
10800.056 2.8453186229998856e-06
10850.056 3.1605377353598165e-06
10900.056 3.252304492469913e-06
10950.056 3.292964706299819e-06
11000.056 3.1439512218799917e-06
11050.056 2.515337187610015e-06
11100.056 2.6873945080202202e-06
11150.056 2.9214042788799145e-06
11200.056 2.9469047905703656e-06
11250.056 3.5014975507300133e-06
11300.056 3.4142232456299615e-06
11350.056 3.1082427553998257e-06
11400.056 2.203241551120033e-06
11450.056 3.469997811119831e-06
11500.056 4.2166389140797565e-06
11550.056 4.025020887430019e-06
11600.056 4.257463755989448e-06
11650.056 4.025676110930202e-06
11700.056 2.7116769552710325e-06
11750.056 2.939129021609707e-06
11800.056 3.032399683330221e-06
11850.056 4.3900180376502354e-06
11900.056 4.904402233589539e-06
11950.056 4.280137176300039e-06
12000.056 3.608476014600046e-06
12050.056 4.407462739200005e-06
12100.056 4.26972709189976e-06
12150.056 4.992080725099769e-06
12200.056 4.806945856399541e-06
12250.056 5.276105222499854e-06
12300.056 5.392929932300278e-06
12350.056 5.1970142498999936e-06
12400.056 4.326172383399901e-06
12450.056 3.6045670915000166e-06
12500.056 3.862814608799665e-06
12550.056 3.947931533140217e-06
12600.056 4.954027826800005e-06
12650.056 5.106015382499792e-06
12700.056 5.653851777400252e-06
12750.056 5.548499120099805e-06
12800.056 5.897786487300018e-06
12850.056 5.660970494899937e-06
12900.056 5.308573075599751e-06
12950.056 5.452137227899942e-06
13000.056 5.770994544299697e-06
13050.056 6.0601753044998555e-06
13100.056 6.141224176999954e-06
13150.056 6.23396473939989e-06
13200.056 5.997389950800113e-06
13250.056 5.539466501690056e-06
13300.056 4.884844421874546e-06
13350.056 2.910210673279207e-06
13400.056 2.57658831907609e-06
13450.056 2.27039890669832e-06
13500.056 2.098819633988717e-06
13550.056 1.968614827289406e-06
13600.056 1.934891553160125e-06
13650.056 2.375773935368867e-06
13700.056 2.171346788298458e-06
13750.056 2.3234008406546143e-06
13800.056 2.679465155879697e-06
13850.056 2.50355635078882e-06
13900.056 2.3840794859246387e-06
13950.056 2.241187909222996e-06
14000.056 2.093929477163975e-06
14050.056 2.230769530277341e-06
14100.056 1.8919837913270704e-06
14150.056 2.0634963756693114e-06
14200.056 1.8526222506621963e-06
14250.056 1.797607560249607e-06
14300.056 1.9320270980587842e-06
14350.056 1.9780489051471087e-06
14400.056 2.0500545294150535e-06
14450.056 2.139420812863134e-06
14500.056 2.4267439399558786e-06
14550.056 2.448160372594872e-06
14600.056 2.724230894366541e-06
14650.056 2.6651890330041884e-06
14700.056 2.4483653633399414e-06
14750.056 2.641234384580481e-06
14800.056 2.763969960050451e-06
14850.056 2.9904893072896157e-06
14900.056 2.9275100552998375e-06
14950.056 2.9827665503303967e-06
15000.056 3.1083078452901566e-06
15050.056 3.46434070364959e-06
15100.056 3.4353681688201307e-06
15150.056 3.5414784385401896e-06
15200.056 3.748084873779791e-06
15250.056 3.852516758499989e-06
15300.056 4.0239053025399425e-06
15350.056 4.241726832999961e-06
15400.056 4.380079178500016e-06
15450.056 4.567077683100161e-06
15500.056 4.673433441999951e-06
15550.056 4.904832455999702e-06
15600.056 4.923617021600288e-06
15650.056 5.114655139200124e-06
15700.056 5.422044172500612e-06
15750.056 5.618494428099722e-06
15800.056 5.628524555600296e-06
15850.056 4.747691733900175e-06
15900.056 4.94140121260008e-06
15950.056 4.921423910099825e-06
16000.056 5.043030105999988e-06
16050.056 5.14522124510021e-06
16100.056 5.3286473709000655e-06
16150.056 4.967709133600071e-06
16200.056 5.255946726199956e-06
16250.056 5.015521182600023e-06
16300.056 5.084823438300037e-06
16350.056 5.399085994899916e-06
16400.056 5.261164660700094e-06
16450.056 5.465221685300279e-06
16500.056 5.591296753600091e-06
16550.056 5.882996961999938e-06
16600.056 5.473966856100154e-06
16650.056 5.912543099100014e-06
16700.056 5.607886943799729e-06
16750.056 5.587438541999853e-06
16800.056 5.798152858799849e-06
16850.056 5.913761236999752e-06
16900.056 5.7051088954001e-06
16950.056 5.676267572599868e-06
17000.056 5.783592921000322e-06
17050.056 5.740604151800079e-06
17100.056 5.5353633152004186e-06
17150.056 5.4694984600002455e-06
17200.056 5.082462261099844e-06
17250.056 4.727027656559979e-06
17300.056 4.732737599089707e-06
17350.056 4.631144062630351e-06
17400.056 4.466214968809856e-06
17450.056 4.214649048348799e-06
17500.056 4.076780936669934e-06
17550.056 3.875457385500619e-06
17600.056 3.7565238640599645e-06
17650.056 3.7724205693801895e-06
17700.056 3.1925456569816565e-06
17750.056 3.100265661922871e-06
17800.056 3.081476021100678e-06
17850.056 2.7117005740980318e-06
17900.056 2.8799437139101507e-06
17950.056 2.7413477384378983e-06
18000.056 2.5396420485500516e-06
18050.056 2.5271553136452605e-06
18100.056 2.4605172489827178e-06
18150.056 2.7438779908745913e-06
18200.056 2.203559807928196e-06
18250.056 2.786218079918663e-06
18300.056 2.562323291700995e-06
18350.056 2.4787159216321726e-06
18400.056 2.407654984928164e-06
18450.056 2.158930630768778e-06
18500.056 2.2731241789732092e-06
18550.056 2.0612340470420423e-06
18600.056 1.7540051406195267e-06
18650.056 2.0025409279013555e-06
18700.056 2.2120279570723208e-06
18750.056 2.1471506082174816e-06
18800.056 2.3234726378105305e-06
18850.056 2.6666629345299015e-06
18900.056 2.530766026200126e-06
18950.056 2.7650432830498998e-06
19000.056 2.8271892595996425e-06
19050.056 2.67832749342391e-06
19100.056 2.929540946661255e-06
19150.056 2.9062168915840256e-06
19200.056 2.916915352831485e-06
19250.056 2.735418012635842e-06
19300.056 2.8955734519264256e-06
19350.056 2.7912388030978237e-06
19400.056 2.2785293402877117e-06
19450.056 2.7967099460559827e-06
19500.056 2.8138819961389077e-06
19550.056 2.317008135631404e-06
19600.056 2.6197604027968315e-06
19650.056 2.6794570643009064e-06
19700.056 2.6554134584431443e-06
19750.056 2.436639048890175e-06
19800.056 2.6269795087676924e-06
19850.056 2.7640578110600744e-06
19900.056 2.3690134766003404e-06
19950.056 2.834673684999825e-06
20000.056 2.5190755347103114e-06
20050.056 2.8168712564003374e-06
20100.056 2.7335814751989335e-06
20150.056 2.874582305880378e-06
20200.056 2.974572810309753e-06
20250.056 3.0676952497497456e-06
20300.056 3.0937027438702603e-06
20350.056 3.2644568676597207e-06
20400.056 3.2793809538590428e-06
20450.056 3.386320458279474e-06
20500.056 3.507299891379816e-06
20550.056 3.5483007770400555e-06
20600.056 3.798830373140116e-06
20650.056 3.7109660515000848e-06
20700.056 3.912293906290277e-06
20750.056 3.934509802139789e-06
20800.056 4.123531416799858e-06
20850.056 4.046866784859964e-06
20900.056 4.3054195089998524e-06
20950.056 4.327274998399891e-06
21000.056 4.450362538499966e-06
21050.056 4.5389074299000195e-06
21100.056 4.53878450629996e-06
21150.056 4.726204330099976e-06
21200.056 4.730466644200152e-06
21250.056 4.905733364699793e-06
21300.056 4.762878484200121e-06
21350.056 5.025469525800061e-06
21400.056 4.877423519300148e-06
21450.056 5.2267775281999975e-06
21500.056 5.005446403500117e-06
21550.056 5.113197276899886e-06
21600.056 5.19647800990018e-06
21650.056 5.1533501580000325e-06
21700.056 5.3031718136999885e-06
21750.056 5.171903092500021e-06
21800.056 5.188164824099792e-06
21850.056 5.170322399399837e-06
21900.056 5.275021160000226e-06
21950.056 5.143336065800026e-06
22000.056 5.199303206399914e-06
22050.056 5.015658609199745e-06
22100.056 5.123016617700011e-06
22150.056 5.168853925700153e-06
22200.056 4.99860950790039e-06
22250.056 5.226500647000239e-06
22300.056 5.157021680100003e-06
22350.056 4.990818688700127e-06
22400.056 5.123720923400011e-06
22450.056 5.009009074099786e-06
22500.056 5.055875899400001e-06
22550.056 5.004789448899683e-06
22600.056 5.031903722099997e-06
22650.056 4.879867700900417e-06
22700.056 4.8449646216004435e-06
22750.056 5.0195986869999265e-06
22800.056 4.796198947260023e-06
22850.056 4.877208433200152e-06
22900.056 4.894551942449906e-06
22950.056 3.485302217950279e-06
23000.056 3.7353235364701442e-06
23050.056 3.937294175349657e-06
23100.056 3.7814633639697624e-06
23150.056 3.982675949580211e-06
23200.056 3.86638671066018e-06
23250.056 3.2766898491195776e-06
23300.056 3.445828020730048e-06
23350.056 3.611107779470008e-06
23400.056 3.55559211946005e-06
23450.056 3.6047986647602316e-06
23500.056 3.72252094280969e-06
23550.056 3.3338499070304636e-06
23600.056 3.292844416500372e-06
23650.056 3.5171290601196253e-06
23700.056 3.4051360535195455e-06
23750.056 3.4743456048704748e-06
23800.056 3.433205981709987e-06
23850.056 2.9993714158302526e-06
23900.056 3.2665798744301545e-06
23950.056 3.412783349640407e-06
24000.056 3.2187497831993768e-06
24050.056 3.184822017150341e-06
24100.056 2.914550184299669e-06
24150.056 2.8759923247003465e-06
24200.056 2.8589605446393554e-06
24250.056 2.7644795345801316e-06
24300.056 2.744679513230194e-06
24350.056 2.4517488264901166e-06
24400.056 2.7426772338399847e-06
24450.056 2.4200435953799247e-06
24500.056 2.3000826496600164e-06
24550.056 2.213296326760271e-06
24600.056 2.2881922437201786e-06
24650.056 2.467791915520122e-06
24700.056 1.999228844469972e-06
24750.056 1.8939183654202512e-06
24800.056 1.892743804670119e-06
24850.056 2.2402602973301093e-06
24900.056 1.5910660743805855e-06
24950.056 2.095085003849907e-06
25000.056 1.8831323029402497e-06
25050.056 1.4396695125063553e-06
25100.056 1.799236674629891e-06
25150.056 1.5482689190188595e-06
25200.056 1.648525874380066e-06
25250.056 1.4900161953467091e-06
25300.056 1.6854722122100968e-06
25350.056 1.36639571722597e-06
25400.056 1.5940168869904083e-06
25450.056 1.3664946682549701e-06
25500.056 1.4809636828643207e-06
25550.056 1.4121314242920513e-06
25600.056 1.4636877783328956e-06
25650.056 1.2692128141829299e-06
25700.056 1.7482260102395271e-06
25750.056 1.1861450825851897e-06
25800.056 1.6601649960722319e-06
25850.056 1.412789094832862e-06
25900.056 1.6187162983702776e-06
25950.056 1.3326873003161011e-06
26000.056 1.6706215506705007e-06
26050.056 1.6538001058180043e-06
26100.056 1.7807788897361309e-06
26150.056 1.7133381482157536e-06
26200.056 1.6393997242030408e-06
26250.056 1.775754451297995e-06
26300.056 1.7007236651420521e-06
26350.056 1.8675607607699814e-06
26400.056 1.8807753213298063e-06
26450.056 1.8247286181000877e-06
26500.056 1.9508761620795685e-06
26550.056 1.8171127948247837e-06
26600.056 2.212367920051765e-06
26650.056 1.634053521884759e-06
26700.056 1.6840965962020665e-06
26750.056 1.3579940208274198e-06
26800.056 1.5986081167557504e-06
26850.056 1.2037198478731316e-06
26900.056 1.6748383906469351e-06
26950.056 1.1132484241408835e-06
27000.056 1.585943212230182e-06
27050.056 1.321235762579893e-06
27100.056 1.3344029691407055e-06
27150.056 1.4403153056800433e-06
27200.056 1.4173225137781541e-06
27250.056 1.3049642888013758e-06
27300.056 1.6551480779801828e-06
27350.056 1.5091832476236104e-06
27400.056 1.1993513357608989e-06
27450.056 1.7542805055696248e-06
27500.056 1.5914278231700234e-06
27550.056 1.4008121004598369e-06
27600.056 1.7671508420198942e-06
27650.056 1.323841940165959e-06
27700.056 1.2474202983270198e-06
27750.056 1.7837750537195814e-06
27800.056 1.2630260341999512e-06
27850.056 1.3695694733186973e-06
27900.056 1.435031755435992e-06
27950.056 1.7379267057099308e-06
28000.056 1.5499350464702838e-06
28050.056 1.1404906703423002e-06
28100.056 1.811136158263411e-06
28150.056 1.388052329510044e-06
28200.056 1.153265875853999e-06
28250.056 1.5920959293799581e-06
28300.056 1.8413438551402864e-06
28350.056 1.2689363281476786e-06
28400.056 1.4975388418160638e-06
28450.056 1.6020592506298004e-06
28500.056 1.5433804584497215e-06
28550.056 1.0381573572597364e-06
28600.056 1.8299578902900467e-06
28650.056 1.603972709839981e-06
28700.056 1.4086147367398414e-06
28750.056 1.654292487709977e-06
28800.056 1.585482902750302e-06
