galfind/configs/Brown_Dwarf_templates/sonora_bobcat/m0.0/1780g/sp_t750g1780nc_m0.0_resample.dat
# %ECSV 1.0
# ---
# datatype:
# - {name: wav, unit: Angstrom, datatype: float64}
# - {name: flux_nu, unit: erg / (cm2 Hz s), datatype: float64}
# meta: {C/O: '1.00', Kzz: '1.0000E+05', Teff: '750.', Y: '0.28', '[Fe/H]': '0.00', f_hole: '1.00', f_rain: '0.00', grav: '1780.'}
# schema: astropy-2.0
wav flux_nu
[from data line 498]
28900.056 7.863155006752264e-09
28950.056 1.480635317069504e-08
29000.056 1.2852240995010593e-08
29050.056 1.594516117617315e-08
29100.056 1.014427229008364e-08
29150.056 1.8943302937990032e-08
29200.056 1.4455032474475519e-08
29250.056 2.0834775629533665e-08
29300.056 1.0831015157423604e-08
29350.056 3.386505735590302e-08
29400.056 1.4668466406241704e-08
29450.056 1.5787706505305592e-08
29500.056 2.3264864989686544e-08
29550.056 1.6223775235572745e-08
29600.056 2.0286754909178308e-08
29650.056 2.736316426301286e-08
29700.056 1.5770259788448726e-08
29750.056 2.606424831336214e-08
29800.056 2.482868032254767e-08
29850.056 3.001365061618254e-08
29900.056 2.651406901605753e-08
29950.056 2.4088336721164465e-08
30000.056 2.9705109995690673e-09
30050.056 6.880459482625882e-09
30100.056 1.19369504990357e-08
30150.056 2.53083148121493e-08
30200.056 2.222105724949671e-08
30250.056 3.997243626814131e-08
30300.056 3.6346347783360304e-08
30350.056 2.4525275178968233e-08
30400.056 4.244086277139485e-08
30450.056 2.7455768109801076e-08
30500.056 2.707703637815073e-08
30550.056 2.4960041415580684e-08
30600.056 4.6016804122104185e-08
30650.056 2.9645977456401293e-08
30700.056 2.502627427119338e-08
30750.056 3.3126204233925354e-08
30800.056 2.787743295584479e-08
30850.056 2.7569218225434907e-08
30900.056 1.989427558536747e-08
30950.056 1.9178493152873085e-08
31000.056 1.995505124408352e-08
31050.056 2.1867439212098212e-08
31100.056 1.3173041079655086e-08
31150.056 2.0184841994038838e-08
31200.056 2.8578013040604305e-08
31250.056 1.7047076464949168e-08
31300.056 1.4619396932139015e-08
31350.056 1.8167036524615125e-08
31400.056 1.345278562906065e-08
31450.056 1.6263845477796852e-08
31500.056 8.71196683601792e-09
31550.056 1.2209702473993416e-08
31600.056 9.02208186678685e-09
31650.056 7.774238288981526e-09
31700.056 8.991727431401056e-09
31750.056 5.4446143413975355e-09
31800.056 9.572897469699776e-09
31850.056 4.285541832114179e-09
31900.056 7.322610576630509e-09
31950.056 4.092747058869971e-09
32000.056 5.659580863423176e-09
32050.056 5.739793855550358e-09
32100.056 4.86479350448452e-09
32150.056 6.533576567479699e-09
32200.056 4.179679063218275e-09
32250.056 8.081168093582804e-09
32300.056 3.7013264472880373e-09
32350.056 8.658889445120712e-09
32400.056 3.6683790551985847e-09
32450.056 7.683434540453769e-09
32500.056 5.222072742890124e-09
32550.056 7.007332827879497e-09
32600.056 6.901269045784663e-09
32650.056 1.0580809468016239e-08
32700.056 8.41762622931436e-09
32750.056 1.4297993206762818e-08
32800.056 1.3735712319650424e-08
32850.056 1.800262929860027e-08
32900.056 1.8213806551710455e-08
32950.056 1.9203776969265895e-08
33000.056 1.3490228710270811e-08
33050.056 1.4769552313702403e-08
33100.056 5.851970828007532e-09
33150.056 1.9953931560450162e-10
33200.056 4.687381261180013e-10
33250.056 4.5328319032887233e-10
33300.056 1.0398640816282868e-09
33350.056 2.47966848698494e-09
33400.056 4.822058345039252e-09
33450.056 5.598753546640612e-09
33500.056 1.2307622313704183e-08
33550.056 6.953004397382857e-09
33600.056 1.2672394270618838e-08
33650.056 1.2921675287340875e-08
33700.056 7.844103706910995e-09
33750.056 1.6458423251541525e-08
33800.056 5.815522582694778e-09
33850.056 1.1029367244763043e-08
33900.056 9.557482920497831e-09
33950.056 9.450526123322343e-09
34000.056 1.396614992398302e-08
34050.056 5.129606001503811e-09
34100.056 1.273798663818294e-08
34150.056 7.0094601820544105e-09
34200.056 1.1597788618754679e-08
34250.056 1.0362672918386559e-08
34300.056 7.784280412004348e-09
34350.056 1.1864588804481587e-08
34400.056 6.479145239667663e-09
34450.056 1.3178417504925829e-08
34500.056 1.0051374617260868e-08
34550.056 5.9692865261961415e-09
34600.056 1.688500033170022e-08
34650.056 6.498005388844085e-09
34700.056 1.3548823377191563e-08
34750.056 1.1091442938505672e-08
34800.056 8.164131837912101e-09
34850.056 1.7457786529251118e-08
34900.056 1.0156859844652797e-08
34950.056 1.533705351549751e-08
35000.056 2.462490720963567e-08
35050.056 1.2104302537568026e-08
35100.056 2.386367926740207e-08
35150.056 2.204076885969238e-08
35200.056 1.9413556188989675e-08
35250.056 3.06681842561348e-08
35300.056 1.5380386088590018e-08
35350.056 2.1190051274622818e-08
35400.056 2.2348340632315255e-08
35450.056 1.508333167527284e-08
35500.056 3.579022543373399e-08
35550.056 2.6115356700250936e-08
35600.056 2.7824445045811245e-08
35650.056 3.1813178312802715e-08
35700.056 2.5491258385155112e-08
35750.056 3.989469608979949e-08
35800.056 4.104477489230274e-08
35850.056 2.4248096368598987e-08
35900.056 3.691267248010877e-08
35950.056 3.9508176933695524e-08
36000.056 3.828907028290544e-08
36050.056 3.6566310434591586e-08
36100.056 3.2706687473166626e-08
36150.056 4.655736455099422e-08
36200.056 5.271096244699156e-08
36250.056 4.092039650972259e-08
36300.056 6.212515825565608e-08
36350.056 5.381165063070439e-08
36400.056 6.10445172913911e-08
36450.056 5.7985077716461827e-08
36500.056 6.287751846624504e-08
36550.056 7.931244248951527e-08
36600.056 8.934145895098892e-08
36650.056 7.193622632636664e-08
36700.056 7.44622372903195e-08
36750.056 9.202128114501378e-08
36800.056 9.43867369079964e-08
36850.056 7.812177767544762e-08
36900.056 8.860832040259905e-08
36950.056 1.0252492361398248e-07
37000.056 8.776622938899373e-08
37050.056 1.0328620982920423e-07
37100.056 8.727714876660094e-08
37150.056 9.37230108598074e-08
37200.056 1.2041934671499142e-07
37250.056 9.030118192098044e-08
37300.056 8.140408639807822e-08
37350.056 1.0848009809101328e-07
37400.056 1.3952223575799727e-07
37450.056 9.164491197601782e-08
37500.056 9.982158432599404e-08
37550.056 1.4398805866804015e-07
37600.056 1.6704297264001394e-07
37650.056 9.567241506001532e-08
37700.056 1.4146682923901202e-07
37750.056 1.0905587889831287e-07
37800.056 1.2523166618702847e-07
37850.056 8.90269025780015e-08
37900.056 1.0261047452401453e-07
37950.056 1.294239017864929e-07
38000.056 1.3486208502379413e-07
38050.056 1.4194377516502348e-07
38100.056 1.6470158441400844e-07
38150.056 1.7098903050599435e-07
38200.056 1.5984857105500618e-07
38250.056 1.5635976740101344e-07
38300.056 2.0857033786796673e-07
38350.056 2.0630545690902714e-07
38400.056 1.394704290429592e-07
38450.056 1.2580212866096386e-07
38500.056 1.0325212465702165e-07
38550.056 1.6422771900002493e-07
38600.056 1.5802597730897645e-07
38650.056 1.7075905274798584e-07
38700.056 1.842165915999993e-07
38750.056 1.7365111473000062e-07
38800.056 1.6433583428798297e-07
38850.056 1.8096998442001021e-07
38900.056 2.0666789076197512e-07
38950.056 1.6839031892799988e-07
39000.056 1.9096773332697635e-07
39050.056 1.8317529148403758e-07
39100.056 1.8570181187799447e-07
39150.056 2.17985609593994e-07
39200.056 1.8946569331199218e-07
39250.056 2.2170515817200235e-07
39300.056 2.0171215154898584e-07
39350.056 2.443922910140063e-07
39400.056 2.0568437391201568e-07
39450.056 2.3029828797400257e-07
39500.056 2.4182209477000515e-07
39550.056 1.9678366062935007e-07
39600.056 2.3312717653998914e-07
39650.056 2.7466008038999014e-07
39700.056 2.5081670587001896e-07
39750.056 1.9090450702104042e-07
39800.056 2.1060808111299865e-07
39850.056 2.897575307500062e-07
39900.056 2.89893202430006e-07
39950.056 2.406047316479889e-07
40000.056 2.8906293382000166e-07
40050.056 2.765981870300025e-07
40100.056 1.9646912028701775e-07
40150.056 2.802066312660131e-07
40200.056 2.9152638367996806e-07
40250.056 2.947413524399549e-07
40300.056 2.9623511893002405e-07
40350.056 2.458202107579703e-07
40400.056 3.0260995079240357e-07
40450.056 2.37998934472991e-07
40500.056 3.0526976440998943e-07
40550.056 3.2354281613396614e-07
40600.056 3.023147147600094e-07
40650.056 2.760325659979631e-07
40700.056 3.7682153703998697e-07
40750.056 2.954411542399635e-07
40800.056 2.444772240449395e-07
40850.056 3.6992396353003007e-07
40900.056 3.554742240499863e-07
40950.056 3.0202396430601107e-07
41000.056 3.042794579199899e-07
41050.056 3.7361599004997176e-07
41100.056 3.3814870623997747e-07
41150.056 2.3771364532098868e-07
41200.056 3.637930126200137e-07
41250.056 3.3322661636497467e-07
41300.056 3.1326250307999174e-07
41350.056 3.8329627700000015e-07
41400.056 3.3804718927002e-07
41450.056 3.7759627602999326e-07
41500.056 2.99252626038964e-07
41550.056 2.805103147140475e-07
41600.056 3.126744380109252e-07
41650.056 3.5588451202001575e-07
41700.056 3.407594623299626e-07
41750.056 3.2669224906998395e-07
41800.056 3.771962068100201e-07
41850.056 2.7030824229698645e-07
41900.056 3.0288103428394663e-07
41950.056 3.4466401014001757e-07
42000.056 3.1624514394993e-07
42050.056 2.753556500840156e-07
42100.056 3.71139026719972e-07
42150.056 2.791291285820064e-07
42200.056 2.780046756149811e-07
42250.056 2.9510938184700185e-07
42300.056 2.7615843221799243e-07
42350.056 3.293726654900238e-07
42400.056 3.420141679200167e-07
42450.056 2.8456599516203427e-07
42500.056 2.9507712656999036e-07
42550.056 2.7032546643999246e-07
42600.056 3.057156634380546e-07
42650.056 3.8990183948995707e-07
42700.056 2.88335575475945e-07
42750.056 2.570852246100346e-07
42800.056 3.1849766040601315e-07
42850.056 3.532018944199446e-07
42900.056 3.698096553340328e-07
42950.056 2.8850477739996873e-07
43000.056 3.3549335816999803e-07
43050.056 2.0954308212505173e-07
43100.056 3.0978805056998143e-07
43150.056 2.676850229520141e-07
43200.056 3.0501259453001016e-07
43250.056 4.1387116904001965e-07
43300.056 3.888594690100044e-07
43350.056 2.272574232719589e-07
43400.056 3.148027235100142e-07
43450.056 2.5365313882403066e-07
43500.056 2.787865835300088e-07
43550.056 2.7535995035600893e-07
43600.056 3.6062146972002257e-07
43650.056 2.326204007589981e-07
43700.056 3.890017368200368e-07
43750.056 3.503103368200009e-07
43800.056 3.2229620249597173e-07
43850.056 2.9445954960104056e-07
43900.056 2.939541677869822e-07
43950.056 2.1894684267397958e-07
44000.056 1.9439348156100295e-07
44050.056 3.4542900268001464e-07
44100.056 4.3598211872001403e-07
44150.056 4.3322178788998385e-07
44200.056 3.754623178400068e-07
44250.056 2.508098455499946e-07
44300.056 2.029365409370285e-07
44350.056 2.3816418399302862e-07
44400.056 2.308357041689882e-07
44450.056 3.2827102573001156e-07
44500.056 2.97337123864046e-07
44550.056 3.911533213399851e-07
44600.056 3.477232840500136e-07
44650.056 3.328512223569925e-07
44700.056 2.437934637959782e-07
44750.056 2.999174485560485e-07
44800.056 2.622413146410202e-07
44850.056 3.559212325100231e-07
44900.056 2.8035041685000123e-07
44950.056 3.066870168060206e-07
45000.056 3.369428047700075e-07
45050.056 3.290035248399803e-07
45100.056 3.222098060830173e-07
45150.056 3.132666203649875e-07
45200.056 2.3901449017201207e-07
45250.056 2.6935818581395976e-07
45300.056 2.54681767461028e-07
45350.056 2.283309180340037e-07
45400.056 3.839987840000304e-07
45450.056 3.598383812900172e-07
45500.056 3.755378051380156e-07
45550.056 4.1962301563995015e-07
45600.056 4.003530261200252e-07
45650.056 3.4480967424097675e-07
45700.056 2.4799846930499634e-07
45750.056 2.273449411600058e-07
45800.056 4.1625840056001394e-07
45850.056 3.878071920749987e-07
45900.056 4.166225521400011e-07
45950.056 3.373668380499907e-07
46000.056 3.9818115065003873e-07
46050.056 3.324705065800029e-07
46100.056 4.2736850691998115e-07
46150.056 2.958246309079979e-07
46200.056 2.7138363240598986e-07
46250.056 1.5170854634518477e-07
46300.056 3.104809949540019e-07
46350.056 3.2735686666002226e-07
46400.056 3.1556248865001375e-07
46450.056 2.7545157638299214e-07
46500.056 2.9773896851604893e-07
46550.056 2.1633087265600708e-07
46600.056 2.6503048062396876e-07
46650.056 3.704663049340198e-07
46700.056 2.779684014099637e-07
46750.056 1.7428739612102223e-07
46800.056 1.3643022586700184e-07
46850.056 3.6043364647003896e-07
46900.056 3.659969401699836e-07
46950.056 3.467115292399778e-07
47000.056 3.3219805855003103e-07
47050.056 2.7461366654692743e-07
47100.056 2.0585386039201085e-07
47150.056 2.8640377593403404e-07
47200.056 3.317480768399894e-07
47250.056 2.0753043744497839e-07
47300.056 1.5123385546111795e-07
47350.056 3.599989955100041e-07
47400.056 3.3730283804998236e-07
47450.056 2.8957915873503284e-07
47500.056 3.669679213699824e-07
47550.056 3.143625800920106e-07
47600.056 3.21780418849976e-07
47650.056 3.1578231565397325e-07
47700.056 2.7126309099305576e-07
47750.056 2.1142347339100144e-07
47800.056 1.9782914958201818e-07
47850.056 1.2381010528341037e-07
47900.056 1.6829386383838862e-07
47950.056 3.0025020019000976e-07
48000.056 3.6804866968000557e-07
48050.056 3.2414709668797954e-07
48100.056 1.7241298366120402e-07
48150.056 2.5091285044400824e-07
48200.056 2.13127549777994e-07
48250.056 2.541832513699995e-07
48300.056 3.5390385093999106e-07
48350.056 2.360152910299876e-07
48400.056 1.0142808570188229e-07
48450.056 1.8270656926743596e-07
48500.056 2.5423365082995605e-07
48550.056 2.593053772950202e-07
48600.056 2.8377823274000727e-07
48650.056 3.3397828968999263e-07
48700.056 2.6155149309801386e-07
48750.056 1.6611078985504207e-07
48800.056 3.009092844000171e-07
48850.056 1.944753445179676e-07
48900.056 2.753249356859826e-07
48950.056 1.8485830191999907e-07
49000.056 1.1235291425240766e-07
49050.056 2.540762336969722e-07
49100.056 2.8173904371503467e-07
49150.056 2.2004070319649702e-07
49200.056 3.0447397277002874e-07
49250.056 2.950680706700154e-07
49300.056 2.562183302299907e-07
49350.056 1.4579326033102625e-07
49400.056 2.012854626439626e-07
49450.056 1.970938051630466e-07
49500.056 1.6909841853298307e-07
49550.056 7.192083877259978e-08
49600.056 1.357621696318204e-07
49650.056 1.9708666987799016e-07
49700.056 2.0900387607395769e-07
49750.056 2.44436509292983e-07
49800.056 1.7931691620139604e-07
49850.056 2.7769963596002736e-07
49900.056 2.4845660940999547e-07
49950.056 2.1678953919799432e-07
50000.056 2.019073537359912e-07
50050.056 2.393195856049963e-07
50100.056 1.994835982499901e-07
50150.056 1.2126399025998632e-07
50200.056 4.7451752974012464e-08
50250.056 1.568252884609943e-07
50300.056 1.1575528477371219e-07
50350.056 2.2824653078702332e-07
50400.056 2.1966519237199078e-07
50450.056 1.607859976780011e-07
50500.056 2.408135621700158e-07
50550.056 2.3325291120000536e-07
50600.056 1.6712701128696282e-07
50650.056 2.416741037550375e-07
50700.056 2.641385357299865e-07
50750.056 1.8378219532101235e-07
50800.056 9.754781600758355e-08
50850.056 7.927958667662425e-08
50900.056 2.2988372233999965e-07
50950.056 1.9621637460000317e-07
51000.056 1.850358641010164e-07
51050.056 2.094478424859781e-07
51100.056 1.0197911226498906e-07
51150.056 1.2808884578617566e-07
51200.056 2.662060059699888e-07
51250.056 1.8599697373598002e-07
51300.056 1.3435656833402727e-07
51350.056 1.5597292390977887e-07
51400.056 8.58656719382101e-08
51450.056 6.913348255388381e-08
51500.056 6.484344183601955e-08
51550.056 1.6046142804501505e-07
51600.056 1.2240500918971102e-07
51650.056 1.4138037383298572e-07
51700.056 1.6059528838437807e-07
51750.056 1.169797432300123e-07
51800.056 1.8413520935797051e-07
51850.056 1.5221189582899382e-07
51900.056 2.1556420755001022e-07
51950.056 1.5423141459998572e-07
52000.056 3.951497998778964e-08
52050.056 9.989428241001043e-08
52100.056 7.388778882899449e-08
52150.056 5.5678069506407326e-08
52200.056 8.750874602999784e-08
52250.056 1.223184429530162e-07
52300.056 1.8462851432999598e-07
52350.056 9.211266476123939e-08
52400.056 8.277588677340398e-08
52450.056 1.68844002282017e-07
52500.056 1.5948033275196492e-07
52550.056 1.525238073799876e-07
52600.056 1.2179967502100632e-07
52650.056 1.3611319386501475e-07
52700.056 1.0216521820300083e-07
52750.056 6.45232941649918e-08
52800.056 8.760689688201156e-08
52850.056 1.01583941082974e-07
52900.056 7.505160332316201e-08
52950.056 9.41316628850057e-08
53000.056 1.3427537338100398e-07
53050.056 6.992007451158464e-08
53100.056 1.4063757198799638e-07
53150.056 1.659096612280124e-07
53200.056 7.076263872209293e-08
53250.056 1.429416179460119e-07
53300.056 1.6275753656615994e-07
53350.056 1.437955279839969e-07
53400.056 1.2000291607999557e-07
53450.056 5.9221228235989114e-08
