galfind/configs/Brown_Dwarf_templates/sonora_bobcat/m0.0/1780g/sp_t225g1780nc_m0.0_resample.dat
# %ECSV 1.0
# ---
# datatype:
# - {name: wav, unit: Angstrom, datatype: float64}
# - {name: flux_nu, unit: erg / (cm2 Hz s), datatype: float64}
# meta: {C/O: '1.00', Kzz: '1.0000E+05', Teff: '225.', Y: '0.28', '[Fe/H]': '0.00', f_hole: '1.00', f_rain: '0.00', grav: '1780.'}
# schema: astropy-2.0
wav flux_nu
4000.0559999999996 nan
4050.0559999999996 4.097739195400042e-19
4100.056 4.17000912920005e-18
4150.056 1.6755060124200124e-17
4200.056 4.675902109700023e-17
4250.056 8.927000559900044e-17
4300.056 1.724173280100007e-16
4350.056 2.97650794780001e-16
4400.056 4.716233252500014e-16
4450.056 7.201144725200026e-16
4500.056 1.1202708897100037e-15
4550.056 1.7281376845000057e-15
4600.056 2.5313422807000074e-15
4650.056 3.4775773655000077e-15
4700.056 4.319885298100006e-15
4750.056 4.692124431800002e-15
4800.056 4.633895470899999e-15
4850.056 4.119563654499995e-15
4900.056 3.816436422699998e-15
4950.056 3.459441793499995e-15
5000.056 2.5365471873999885e-15
5050.056 1.7346890991999968e-15
5100.056 1.8134332007000022e-15
5150.056 2.0665844056000038e-15
5200.056 2.3894675931000023e-15
5250.056 2.5630490526000014e-15
5300.056 2.7138146395000016e-15
5350.056 2.852202811700001e-15
5400.056 2.8289887297000006e-15
5450.056 3.014164174200003e-15
5500.056 3.3485698362000053e-15
5550.056 3.754032045600005e-15
5600.056 4.051319137400003e-15
5650.056 4.181412675399998e-15
5700.056 3.920227002500001e-15
5750.056 3.997844166499999e-15
5800.056 3.7761937497999966e-15
5850.056 2.850202433699972e-15
5900.056 8.960277057320202e-16
5950.056 4.353516108900052e-15
6000.056 8.809502610200082e-15
6050.056 1.747317289700015e-14
6100.056 3.119782319000024e-14
6150.056 5.076359786300032e-14
6200.056 7.711207552300039e-14
6250.056 1.0535221728700036e-13
6300.056 1.5271660072000083e-13
6350.056 2.1917318913000109e-13
6400.056 3.0233884844000143e-13
6450.056 3.381264279399993e-13
6500.056 4.410403027100039e-13
6550.056 6.320146252300011e-13
6600.056 9.09680445510008e-13
6650.056 1.3595535257000077e-12
6700.056 1.877858579300008e-12
6750.056 2.48697702580001e-12
6800.056 2.8871531374000017e-12
6850.056 2.6738722793999913e-12
6900.056 1.6814355716099717e-12
6950.056 8.433232791000103e-13
7000.056 9.307140195999906e-13
7050.056 8.71528635700003e-13
7100.056 9.542661557199987e-13
7150.056 5.150059353769835e-13
7200.056 1.89970993412005e-13
7250.056 2.083445887679916e-13
7300.056 2.0767973230400551e-13
7350.056 4.1325750603000477e-13
7400.056 7.212019393500051e-13
7450.056 1.1799859831900116e-12
7500.056 1.5958954571000051e-12
7550.056 1.8776261683000044e-12
7600.056 1.9849072691999997e-12
7650.056 1.2857563175499843e-12
7700.056 1.3027295610300144e-12
7750.056 2.299004940700018e-12
7800.056 2.9807886567000098e-12
7850.056 3.1250350586999942e-12
7900.056 3.5674831646000257e-12
7950.056 4.421240133199999e-12
8000.056 4.9157920251000185e-12
8050.056 5.569637597899999e-12
8100.056 2.7704284816999124e-12
8150.056 6.155592877300332e-13
8200.056 2.5438162776399807e-12
8250.056 3.0133491787551284e-12
8300.056 2.910833922669939e-12
8350.056 3.612138301300064e-12
8400.056 6.896178725500257e-12
8450.056 1.3428332426000262e-11
8500.056 1.9763899552000254e-11
8550.056 2.6876951484000294e-11
8600.056 3.466033053400027e-11
8650.056 3.881373595800002e-11
8700.056 3.523998986999983e-11
8750.056 3.2451954584999886e-11
8800.056 2.445760154799952e-11
8850.056 1.180892342949925e-11
8900.056 5.547630114649003e-13
8950.056 3.641974123950178e-14
9000.056 3.1584338068153585e-14
9050.056 6.473463287000022e-13
9100.056 5.900872749710611e-13
9150.056 8.095067509909632e-13
9200.056 1.9148584969301346e-12
9250.056 1.020748714288862e-12
9300.056 1.258063639739683e-15
9350.056 4.9449316457038234e-17
9400.056 1.3060549559725493e-14
9450.056 5.162722524589312e-16
9500.056 1.5354474328095267e-15
9550.056 1.3068586790995239e-15
9600.056 5.191823384939762e-15
9650.056 3.538193779833329e-14
9700.056 4.984043862410001e-13
9750.056 5.466390303900521e-13
9800.056 9.714256895099832e-13
9850.056 1.8662719490700266e-12
9900.056 3.60045067060014e-12
9950.056 4.159568114800079e-12
10000.056 3.076626392124877e-12
10050.056 1.0230244878899167e-12
10100.056 5.75309307479994e-13
10150.056 2.734085816999838e-13
10200.056 6.768494303299734e-14
10250.056 4.507975343500052e-14
10300.056 8.691169269399733e-14
10350.056 3.406534792500177e-14
10400.056 8.624719830400264e-14
10450.056 1.171572515269984e-13
10500.056 1.4340799529000168e-13
10550.056 1.705052258300001e-13
10600.056 1.5652711220999897e-13
10650.056 1.1968981840499802e-13
10700.056 7.920316054899827e-14
10750.056 5.5370370190998805e-14
10800.056 4.161956955900005e-14
10850.056 3.158319344699949e-14
10900.056 2.4069965105999377e-14
10950.056 1.5477431169999818e-14
11000.056 8.906574994499636e-15
11050.056 3.7758784178898425e-15
11100.056 8.53000179026893e-16
11150.056 9.664461990215886e-17
11200.056 1.3288961467195822e-17
11250.056 1.05980965772734e-17
11300.056 8.144889930441675e-17
11350.056 1.880155930567814e-17
11400.056 1.9623763356547401e-16
11450.056 9.370263662666879e-17
11500.056 8.105477876990612e-17
11550.056 4.1850965275360845e-17
11600.056 1.3924759716698564e-17
11650.056 9.21007728249949e-17
11700.056 2.840610133901694e-16
11750.056 1.9066173795356476e-16
11800.056 6.359895624569982e-16
11850.056 7.056695444420238e-16
11900.056 1.2387171136500285e-15
11950.056 1.7497644334000044e-15
12000.056 1.7264330844500353e-15
12050.056 2.3877672484000523e-15
12100.056 2.7307977120300497e-15
12150.056 3.991093422000066e-15
12200.056 5.5813098421000455e-15
12250.056 1.1189475297400507e-14
12300.056 1.970939677750051e-14
12350.056 2.666978259330091e-14
12400.056 4.959770913800169e-14
12450.056 9.766841859800333e-14
12500.056 1.4892337452999987e-13
12550.056 1.8404618378000443e-13
12600.056 3.1375270185001003e-13
12650.056 5.692153246300192e-13
12700.056 7.818701859299993e-13
12750.056 7.260916656900021e-13
12800.056 6.434684338699884e-13
12850.056 4.109573590599848e-13
12900.056 2.338638056449949e-13
12950.056 1.8898130872299873e-13
13000.056 2.0214103468000728e-13
13050.056 1.1502270253299348e-13
13100.056 1.5140655447799625e-13
13150.056 6.568823097300309e-14
13200.056 5.830345125229599e-14
13250.056 8.325265494085958e-14
13300.056 1.7375750132057265e-14
13350.056 1.1137615503831145e-14
13400.056 1.8922652352159652e-15
13450.056 1.0011473251858247e-16
13500.056 2.96518065544264e-18
13550.056 8.903634073950493e-20
13600.056 9.784676991488341e-21
13650.056 4.137430831906711e-20
13700.056 1.552845889118025e-20
13750.056 2.994930736177702e-19
13800.056 3.028094857803657e-19
13850.056 6.824417407516679e-20
13900.056 4.2901270084465405e-19
13950.056 1.7027548215088302e-19
14000.056 1.1055578707697781e-18
14050.056 1.4045550435488882e-18
14100.056 2.0284368013083103e-18
14150.056 1.8377062240649532e-17
14200.056 2.3448905583594738e-17
14250.056 5.366760265035555e-17
14300.056 1.4801953543732087e-16
14350.056 1.8798227223265401e-16
14400.056 1.839446289579147e-16
14450.056 4.689962853275088e-16
14500.056 2.2621103116037202e-15
14550.056 9.464588965671771e-15
14600.056 1.8927474526233795e-14
14650.056 2.7141009213500174e-15
14700.056 7.740538388191102e-16
14750.056 3.9085708330580863e-16
14800.056 1.4665040915336283e-16
14850.056 1.653732837615308e-16
14900.056 6.421059355294937e-17
14950.056 1.435964611661947e-17
15000.056 9.898584108793578e-17
15050.056 5.037738055989854e-16
15100.056 1.0225161113953193e-16
15150.056 1.7937421199881932e-17
15200.056 2.1260583548606193e-16
15250.056 6.181100667216026e-16
15300.056 1.9572026297670725e-15
15350.056 3.1859170588911925e-15
15400.056 5.559462536820281e-15
15450.056 1.5651299953132623e-14
15500.056 5.410845220100423e-14
15550.056 1.9347084634802505e-13
15600.056 5.414433993300123e-13
15650.056 1.3704853687601014e-12
15700.056 2.586544192000088e-12
15750.056 3.427930770900036e-12
15800.056 4.20250131470004e-12
15850.056 5.159908058900113e-12
15900.056 5.449880493000011e-12
15950.056 6.371442764799986e-12
16000.056 5.823542149799932e-12
16050.056 4.5264587289998615e-12
16100.056 2.713232880699951e-12
16150.056 1.3763761697899028e-12
16200.056 3.6529903902796467e-13
16250.056 9.372224486609265e-14
16300.056 1.8877313443713697e-14
16350.056 6.4896564568398245e-15
16400.056 4.009376793553399e-15
16450.056 4.406426320102758e-15
16500.056 3.3701283984379064e-15
16550.056 5.982186592752868e-15
16600.056 5.326359182813044e-14
16650.056 1.0103155764323066e-14
16700.056 5.4124619424743064e-15
16750.056 1.55674639964758e-14
16800.056 2.094439713096836e-14
16850.056 1.6941857474104983e-14
16900.056 5.838042654799568e-15
16950.056 4.7281181273213356e-15
17000.056 1.6908040072298655e-15
17050.056 2.1204837176373563e-15
17100.056 6.9777973821548804e-15
17150.056 6.707271507631445e-15
17200.056 2.6373360340424988e-14
17250.056 1.78843073335113e-15
17300.056 2.6674151055846477e-15
17350.056 7.433853910560366e-15
17400.056 1.7654348076578766e-14
17450.056 2.7874711680742826e-14
17500.056 5.691595481699938e-14
17550.056 5.327822059359926e-14
17600.056 5.886875120300202e-14
17650.056 2.403480880399867e-14
17700.056 1.83802399331393e-14
17750.056 1.1491326081197718e-14
17800.056 1.9158960742240852e-14
17850.056 7.88202758275052e-15
17900.056 3.782993910818714e-15
17950.056 2.3479241165053613e-15
18000.056 3.564820885136721e-15
18050.056 1.2716481794773248e-15
18100.056 8.325735470520507e-16
18150.056 3.1348386141136417e-16
18200.056 2.0233654192229567e-16
18250.056 7.891604101668754e-16
18300.056 6.974763886211037e-17
18350.056 7.075102726392524e-17
18400.056 2.297727855542954e-17
18450.056 2.0472177040201558e-16
18500.056 1.3008469583630892e-16
18550.056 5.844607149167914e-17
18600.056 2.0451588639420086e-16
18650.056 2.7827325671336485e-16
18700.056 2.1264308559881974e-17
18750.056 2.9970209979089845e-17
18800.056 5.773485892671053e-16
18850.056 3.743402109625404e-16
18900.056 6.746172353762234e-16
18950.056 7.488039403824094e-16
19000.056 8.892790988249271e-17
19050.056 5.312866301650991e-17
19100.056 2.370223561053023e-16
19150.056 1.291505646281324e-16
19200.056 2.662617886218217e-16
19250.056 2.2850658552365165e-16
19300.056 1.1689112944839474e-16
19350.056 1.4716556845219105e-16
19400.056 6.85377131129307e-17
19450.056 2.629587000699867e-17
19500.056 2.4816388893702676e-17
19550.056 7.208077306107069e-17
19600.056 1.2852854564095987e-16
19650.056 9.824909172779943e-17
19700.056 2.2806340633466157e-16
19750.056 2.370593609230059e-16
19800.056 1.1532152694189675e-16
19850.056 2.257266415426033e-16
19900.056 3.994661479037201e-16
19950.056 2.7306141460477037e-16
20000.056 3.0431286387329885e-16
20050.056 2.953978863607146e-16
20100.056 4.716765905109719e-16
20150.056 3.609960243765608e-16
20200.056 2.758683691736516e-16
20250.056 6.354919519021836e-16
20300.056 7.413787836039792e-16
20350.056 8.070813762399569e-16
20400.056 8.601095374400044e-16
20450.056 9.646938001400676e-16
20500.056 9.001634590000042e-16
20550.056 8.227054525599605e-16
20600.056 7.471716925000274e-16
20650.056 6.610931305699756e-16
20700.056 5.782162583299895e-16
20750.056 4.829301548599918e-16
20800.056 4.0101765648999065e-16
20850.056 3.4046868471999523e-16
20900.056 2.8539866800999617e-16
20950.056 2.4293941151999683e-16
21000.056 2.1456680268999812e-16
21050.056 1.9952230699999897e-16
21100.056 1.9558572290000035e-16
21150.056 2.0713286903000187e-16
21200.056 2.3191672943000306e-16
21250.056 2.730737871900027e-16
21300.056 3.267180167700058e-16
21350.056 3.9157704830999714e-16
21400.056 4.932283476400179e-16
21450.056 5.336690776000136e-16
21500.056 5.489676988380014e-16
21550.056 5.889951475249968e-16
21600.056 5.919870415112806e-16
21650.056 5.92092701702004e-16
21700.056 5.563884048591883e-16
21750.056 5.81303819020903e-16
21800.056 4.92856585192973e-16
21850.056 5.206639067310943e-16
21900.056 4.153524157108986e-16
21950.056 2.1117733670282196e-16
22000.056 1.3701421037259226e-17
22050.056 1.9699207892971244e-17
22100.056 4.6567287999282663e-17
22150.056 2.191934871028093e-17
22200.056 2.1454711569117457e-17
22250.056 1.3842037881132278e-17
22300.056 3.0211923200270447e-18
22350.056 1.1157942602229529e-17
22400.056 5.4427673650476526e-18
22450.056 9.12528913726263e-18
22500.056 6.880949966794921e-18
22550.056 1.4944471300070186e-18
22600.056 1.104401670044966e-18
22650.056 4.553229772113778e-19
22700.056 1.188720092487213e-18
22750.056 3.1045103342922174e-18
22800.056 5.129687044917442e-18
22850.056 2.443304510216634e-18
22900.056 1.7630294513238902e-18
22950.056 1.0331980279456112e-18
23000.056 5.72161873574679e-19
23050.056 2.2842432366285347e-19
23100.056 3.3071873493993844e-17
23150.056 3.6382246684753135e-17
23200.056 9.592320092619189e-19
23250.056 1.0338519437966847e-17
23300.056 2.576747353633909e-18
23350.056 7.783625385369696e-18
23400.056 5.868988914498397e-18
23450.056 1.8451575132610106e-18
23500.056 9.687652706678709e-19
23550.056 2.6655771995097896e-18
23600.056 1.3986299121546717e-17
23650.056 2.7818824185460794e-17
23700.056 1.419100291715805e-18
23750.056 3.959033397500677e-18
23800.056 3.507804915322861e-17
23850.056 1.0822926207682405e-17
23900.056 3.378459959216029e-17
23950.056 1.3212393801120533e-17
24000.056 6.497567193773653e-17
24050.056 7.622380691095859e-17
24100.056 1.7601550898787037e-16
24150.056 2.847812512560063e-16
24200.056 2.4790921286420733e-16
24250.056 1.7995362579223386e-16
24300.056 4.923377611849015e-16
24350.056 6.215519789659465e-16
24400.056 1.2156636467840407e-15
24450.056 1.7821193415501424e-15
24500.056 2.010661143789922e-15
24550.056 3.611803293450262e-15
24600.056 5.747180716799902e-15
24650.056 8.367168999200518e-15
24700.056 7.807226404059416e-15
24750.056 1.2782708915201091e-14
24800.056 1.5190117335600703e-14
24850.056 1.65456342682195e-14
24900.056 1.771828371922667e-14
24950.056 2.302628670810169e-14
25000.056 3.308544328529792e-14
25050.056 2.57806197123028e-14
25100.056 3.2980659749796586e-14
25150.056 2.216943260709792e-14
25200.056 3.271699574500346e-14
25250.056 2.095427115059692e-14
25300.056 1.561427297966848e-14
25350.056 1.2324014428620558e-14
25400.056 2.529322509809959e-14
25450.056 9.928182749899167e-15
25500.056 7.876082015699855e-15
25550.056 1.5924611821400856e-14
25600.056 6.294655256738194e-15
25650.056 2.5534615368830236e-15
25700.056 2.7708467079279668e-15
25750.056 1.6434845792936595e-15
25800.056 5.7939836024969645e-15
25850.056 1.2984992432847228e-15
25900.056 1.2853062636077487e-15
25950.056 1.427730088907271e-15
26000.056 4.290904308576124e-15
26050.056 1.7880549304994573e-15
26100.056 3.762816201050406e-15
26150.056 3.0589801937796403e-15
26200.056 3.3657877340506964e-15
26250.056 8.510124267039531e-15
26300.056 4.223666822470428e-15
26350.056 1.4236057156413527e-14
26400.056 3.0226968504096354e-14
26450.056 1.886247472580186e-14
26500.056 3.380455817899739e-14
26550.056 1.204994258047215e-14
26600.056 1.0576285973898157e-14
26650.056 4.409416816669333e-15
26700.056 4.661359326130751e-15
26750.056 6.838735226199399e-15
26800.056 1.2454969934861216e-14
26850.056 1.3081960232001654e-14
26900.056 2.4724542984398663e-14
26950.056 9.431993565791506e-15
27000.056 2.6812734558700362e-14
27050.056 4.415168001399883e-14
27100.056 8.878152774829894e-15
27150.056 3.500988269299967e-14
27200.056 9.110208563530456e-15
27250.056 1.5425817803643363e-14
27300.056 7.975436999500075e-14
27350.056 3.28729593450974e-14
27400.056 9.512352809598367e-15
27450.056 5.461269049400705e-14
27500.056 5.789019454999419e-14
27550.056 2.2213810165598372e-14
27600.056 4.917039181459918e-14
27650.056 2.382837606400227e-14
27700.056 2.6269471888498504e-14
27750.056 7.062230683200281e-14
27800.056 4.5515163237002264e-14
27850.056 5.941177249139618e-14
27900.056 8.114387075131807e-14
27950.056 9.514112712998944e-14
28000.056 1.184719469015963e-13
28050.056 2.633033270570541e-14
28100.056 1.1642813394902768e-13
28150.056 9.227389920228007e-14
28200.056 3.486285087739113e-14
28250.056 1.0944871447840272e-13
28300.056 7.393329244565165e-14
28350.056 2.0365617189367966e-14
28400.056 7.931840118548114e-14
28450.056 3.4460913143138684e-14
28500.056 2.104178653108492e-14
28550.056 2.648610314132813e-14
28600.056 7.251992477208734e-14
28650.056 1.3727933201672035e-14
28700.056 8.041659487456193e-14
28750.056 9.181376839457806e-14
28800.056 1.3632437159061176e-14
