galfind/configs/Brown_Dwarf_templates/sonora_bobcat/m0.0/1780g/sp_t650g1780nc_m0.0_resample.dat
# %ECSV 1.0
# ---
# datatype:
# - {name: wav, unit: Angstrom, datatype: float64}
# - {name: flux_nu, unit: erg / (cm2 Hz s), datatype: float64}
# meta: {C/O: '1.00', Kzz: '1.0000E+05', Teff: '650.', Y: '0.28', '[Fe/H]': '0.00', f_hole: '1.00', f_rain: '0.00', grav: '1780.'}
# schema: astropy-2.0
wav flux_nu
4000.0559999999996 nan
4050.0559999999996 6.53549089924235e-16
4100.056 1.0870898955280223e-13
4150.056 1.0665573182700118e-12
4200.056 1.0986621166043544e-12
4250.056 8.319712855100072e-12
4300.056 1.7280202656000116e-11
4350.056 2.7080375440000094e-11
4400.056 3.990033246300017e-11
4450.056 5.656918055000032e-11
4500.056 7.055360795600023e-11
4550.056 7.07383091349996e-11
4600.056 2.360726932699991e-11
4650.056 1.271099373179992e-11
4700.056 5.190799557399943e-12
4750.056 1.1206249784699829e-12
4800.056 2.561675958599971e-13
4850.056 9.02364663529993e-14
4900.056 4.9763528693999766e-14
4950.056 3.117463218199985e-14
5000.056 1.7126618970999888e-14
5050.056 1.0334306751699985e-14
5100.056 9.797103578500016e-15
5150.056 9.8808719413e-15
5200.056 1.0074537991700005e-14
5250.056 1.0231012791000001e-14
5300.056 1.0477049067000004e-14
5350.056 1.0886058636000006e-14
5400.056 1.1387815817000007e-14
5450.056 1.2009962999000016e-14
5500.056 1.2709390941000012e-14
5550.056 1.3444997267000008e-14
5600.056 1.4122159242000009e-14
5650.056 1.4623636488000003e-14
5700.056 1.4699352178e-14
5750.056 1.4193725829999991e-14
5800.056 1.2532574628999964e-14
5850.056 8.762712324599906e-15
5900.056 2.9376234297506974e-15
5950.056 1.714121523150027e-14
6000.056 3.5820349934000204e-14
6050.056 6.259125221800048e-14
6100.056 1.002797901130007e-13
6150.056 1.5420818006000094e-13
6200.056 2.3141899991000126e-13
6250.056 3.383526933400016e-13
6300.056 4.931322409000022e-13
6350.056 7.122352575200031e-13
6400.056 1.0211550545600056e-12
6450.056 1.4114401732000027e-12
6500.056 1.988462425800014e-12
6550.056 2.7990931123999977e-12
6600.056 3.906756272000037e-12
6650.056 5.417848441200032e-12
6700.056 6.880389193200046e-12
6750.056 9.58377652580004e-12
6800.056 1.1611825680000036e-11
6850.056 1.2154640858999992e-11
6900.056 1.0428607429699996e-11
6950.056 8.451602471699996e-12
7000.056 8.239223386099966e-12
7050.056 8.608913604799986e-12
7100.056 9.304088518799984e-12
7150.056 8.901513869299902e-12
7200.056 8.371348495600019e-12
7250.056 8.360178133199778e-12
7300.056 7.933653345000216e-12
7350.056 8.007094772499983e-12
7400.056 8.064152762600082e-12
7450.056 8.254679146500106e-12
7500.056 8.273597036799997e-12
7550.056 8.055985331599996e-12
7600.056 7.59824753409998e-12
7650.056 3.3772941288149037e-12
7700.056 2.930355404820083e-12
7750.056 8.133656679500089e-12
7800.056 1.1415678187300069e-11
7850.056 1.6798528514000022e-11
7900.056 2.2417827725000088e-11
7950.056 2.6014516876200174e-11
8000.056 3.8742779242000246e-11
8050.056 5.034393244700035e-11
8100.056 5.825444624499945e-11
8150.056 6.783735685300086e-11
8200.056 9.74559762120021e-11
8250.056 1.1857117895100035e-10
8300.056 1.4986249978300386e-10
8350.056 1.8563517370600004e-10
8400.056 2.320830948900006e-10
8450.056 2.9638333491000087e-10
8500.056 3.4280123513999506e-10
8550.056 4.388318615200097e-10
8600.056 5.472467140200041e-10
8650.056 6.554711082800049e-10
8700.056 7.701387740800058e-10
8750.056 9.088092266500063e-10
8800.056 1.0535296853100057e-09
8850.056 1.163550481599999e-09
8900.056 1.0148692488599824e-09
8950.056 9.640425102899987e-10
9000.056 1.1605069659199677e-09
9050.056 1.824301167740024e-09
9100.056 2.0837447646500564e-09
9150.056 2.342530382810034e-09
9200.056 2.84123585464001e-09
9250.056 2.8628457076999027e-09
9300.056 8.499097747471839e-10
9350.056 1.247592143829437e-09
9400.056 2.683576343715919e-09
9450.056 2.419610735061626e-09
9500.056 2.359899043405246e-09
9550.056 2.5895034352648404e-09
9600.056 2.8801495061815675e-09
9650.056 3.772542341410208e-09
9700.056 5.707654142313749e-09
9750.056 6.228876847990506e-09
9800.056 7.401456663569814e-09
9850.056 8.839982608599874e-09
9900.056 1.0873330960400206e-08
9950.056 1.2083404670700139e-08
10000.056 1.0816313537710001e-08
10050.056 1.4872643969000079e-08
10100.056 1.6517969963000092e-08
10150.056 1.7465280739000024e-08
10200.056 1.8198278442000322e-08
10250.056 2.0741438313200224e-08
10300.056 2.4055760797999444e-08
10350.056 2.4399750317000476e-08
10400.056 2.8032992664000117e-08
10450.056 3.082337418599916e-08
10500.056 3.3344587682999825e-08
10550.056 3.609352994600011e-08
10600.056 3.7827857924000016e-08
10650.056 3.9246616493000185e-08
10700.056 3.959915534600012e-08
10750.056 4.053880135500009e-08
10800.056 4.0656458400000196e-08
10850.056 3.959277418500008e-08
10900.056 3.438907626299947e-08
10950.056 2.3088895619799874e-08
11000.056 1.5918830651198646e-08
11050.056 9.524705333791952e-09
11100.056 5.4939221189947124e-09
11150.056 3.09776078554504e-09
11200.056 3.266344270149385e-09
11250.056 4.803272671536827e-09
11300.056 5.452853798096209e-09
11350.056 2.2994026936115292e-09
11400.056 7.1969235577031884e-09
11450.056 4.575453493447228e-09
11500.056 4.802694754183103e-09
11550.056 2.2952162524444017e-09
11600.056 1.9792084721846343e-09
11650.056 3.813293372180997e-09
11700.056 4.418678847042508e-09
11750.056 2.4342113739486733e-09
11800.056 6.832961229739777e-09
11850.056 1.0046628427269891e-08
11900.056 1.2516349359499662e-08
11950.056 1.6687661216900853e-08
12000.056 2.1309232970400434e-08
12050.056 2.7006123275000615e-08
12100.056 3.217550966099931e-08
12150.056 3.911290215799924e-08
12200.056 4.4289987421000025e-08
12250.056 5.192145437199879e-08
12300.056 6.180010558100117e-08
12350.056 6.587865211699997e-08
12400.056 7.695505693899961e-08
12450.056 8.684682572400073e-08
12500.056 9.404961830300191e-08
12550.056 1.033215153560001e-07
12600.056 1.1108882940100068e-07
12650.056 1.1437901170499994e-07
12700.056 1.1487204366000048e-07
12750.056 1.0417084599900079e-07
12800.056 9.519643749499958e-08
12850.056 7.704004159099932e-08
12900.056 6.718916879600062e-08
12950.056 6.03103092840011e-08
13000.056 6.119322280300248e-08
13050.056 5.055876084099993e-08
13100.056 5.0723228580096414e-08
13150.056 3.8579636921452576e-08
13200.056 3.699118750719863e-08
13250.056 2.6797541231222685e-08
13300.056 1.270157664359871e-08
13350.056 4.130597934331294e-09
13400.056 1.0862536813132765e-09
13450.056 4.742798877842615e-10
13500.056 2.2665509708479713e-10
13550.056 1.0763627401772635e-10
13600.056 5.571821183237762e-11
13650.056 2.1530261914886494e-10
13700.056 1.4001325718143512e-10
13750.056 3.3876075794408674e-10
13800.056 3.9343204082533144e-10
13850.056 1.8614227348065594e-10
13900.056 2.1901873230522846e-10
13950.056 2.199021087113134e-10
14000.056 2.576348676425691e-10
14050.056 3.5587132624356833e-10
14100.056 2.768909562801456e-10
14150.056 4.6375070119303297e-10
14200.056 3.307846482827027e-10
14250.056 3.9504276400189386e-10
14300.056 9.93598189315527e-10
14350.056 8.700800019418615e-10
14400.056 8.759690679215322e-10
14450.056 1.405174860303451e-09
14500.056 2.6610579901029106e-09
14550.056 2.699892063537635e-09
14600.056 4.531498812371518e-09
14650.056 3.2265139477160748e-09
14700.056 1.861862638973913e-09
14750.056 1.9358712475796185e-09
14800.056 2.4522891087706975e-09
14850.056 2.6599308813698935e-09
14900.056 2.7702492067548373e-09
14950.056 3.1291811661940963e-09
15000.056 5.2688048739351896e-09
15050.056 5.676863431113493e-09
15100.056 4.66061793127328e-09
15150.056 3.910437023820689e-09
15200.056 6.1827471598751984e-09
15250.056 9.948026083157823e-09
15300.056 1.1807407618241854e-08
15350.056 1.4639965161679844e-08
15400.056 1.784983150150225e-08
15450.056 2.1162396270532177e-08
15500.056 2.472282266839767e-08
15550.056 3.0975285786602195e-08
15600.056 3.816964954199892e-08
15650.056 4.6027561367001915e-08
15700.056 5.582665238800043e-08
15750.056 6.080637596600076e-08
15800.056 6.51677980439998e-08
15850.056 6.971038313000094e-08
15900.056 6.825436064700019e-08
15950.056 6.60282491929991e-08
16000.056 5.736764553400015e-08
16050.056 4.315876866499889e-08
16100.056 3.150283492359917e-08
16150.056 2.0959628905198833e-08
16200.056 1.2898247131320423e-08
16250.056 1.014139030555552e-08
16300.056 7.922435951623627e-09
16350.056 9.045717317353903e-09
16400.056 1.0382664306587954e-08
16450.056 1.0997660174662853e-08
16500.056 1.1726378862763406e-08
16550.056 1.1597030862304148e-08
16600.056 1.4425728932817439e-08
16650.056 9.229196580411737e-09
16700.056 2.9784303257289473e-09
16750.056 6.8618893187738094e-09
16800.056 9.916801495998739e-09
16850.056 1.0019305105260164e-08
16900.056 7.544063444495064e-09
16950.056 5.931115376801019e-09
17000.056 4.406627212287552e-09
17050.056 6.798065028360779e-09
17100.056 8.763939286780217e-09
17150.056 6.881187827880396e-09
17200.056 1.1973732933239792e-08
17250.056 8.663936940767345e-09
17300.056 7.184255806339607e-09
17350.056 6.932611050529633e-09
17400.056 8.139674421452187e-09
17450.056 8.98063821266929e-09
17500.056 1.0045393709651972e-08
17550.056 8.216167582867746e-09
17600.056 7.344540071011127e-09
17650.056 6.3738162147001665e-09
17700.056 5.153770410866767e-09
17750.056 4.075916952520128e-09
17800.056 5.660031019592897e-09
17850.056 3.4170378680499327e-09
17900.056 3.26816448436776e-09
17950.056 2.207925175006849e-09
18000.056 3.0836542164501453e-09
18050.056 1.859572254910674e-09
18100.056 2.1958008018615642e-09
18150.056 2.2414642710494846e-09
18200.056 1.4400532411473669e-09
18250.056 3.858451124961303e-09
18300.056 1.3550281134366127e-09
18350.056 1.2427443241567945e-09
18400.056 9.6002688681839e-10
18450.056 2.4215072216934425e-09
18500.056 2.2683370413544724e-09
18550.056 1.4593446746162489e-09
18600.056 1.5322734221564252e-09
18650.056 1.1346002401178931e-09
18700.056 5.887252745707812e-10
18750.056 1.1641427512508765e-09
18800.056 3.736590417114754e-09
18850.056 3.6324469467709992e-09
18900.056 3.0781037827676874e-09
18950.056 5.3611524884174546e-09
19000.056 2.2519826482980986e-09
19050.056 1.2859291321758084e-09
19100.056 2.576457452117685e-09
19150.056 1.338781605070898e-09
19200.056 1.9632285967620875e-09
19250.056 1.326359719202347e-09
19300.056 1.0360083364342085e-09
19350.056 9.678991029407084e-10
19400.056 7.304386482387659e-10
19450.056 1.2042969121475897e-09
19500.056 1.1629834899958636e-09
19550.056 1.2380814125279446e-09
19600.056 1.8662000861717372e-09
19650.056 1.8741732328101688e-09
19700.056 2.1338108248735034e-09
19750.056 2.9465507472999867e-09
19800.056 2.342641690637682e-09
19850.056 3.1806373108096122e-09
19900.056 3.3694794826221117e-09
19950.056 4.682770541774998e-09
20000.056 4.984531411808428e-09
20050.056 4.895767718127015e-09
20100.056 7.022327443488751e-09
20150.056 5.064838036655667e-09
20200.056 4.4180411271503715e-09
20250.056 6.671082733678564e-09
20300.056 7.1487740602086255e-09
20350.056 7.437764782552644e-09
20400.056 7.301556796449641e-09
20450.056 1.0366532694981695e-08
20500.056 1.1384818266798342e-08
20550.056 1.2080811968000776e-08
20600.056 1.2984077183201092e-08
20650.056 1.445183553409981e-08
20700.056 1.5357511967300413e-08
20750.056 1.6080643913699498e-08
20800.056 1.6248213005198608e-08
20850.056 1.7289098950000203e-08
20900.056 1.7773255661999277e-08
20950.056 1.7535584780000466e-08
21000.056 1.7364218223000206e-08
21050.056 1.76464693859996e-08
21100.056 1.7294104544000183e-08
21150.056 1.7262101225399036e-08
21200.056 1.668484139200046e-08
21250.056 1.6095771411598813e-08
21300.056 1.4949215950399855e-08
21350.056 1.4500630999099573e-08
21400.056 1.4377340573801297e-08
21450.056 1.283935666740024e-08
21500.056 1.1980074377525499e-08
21550.056 1.1124893109139847e-08
21600.056 1.0173055312216269e-08
21650.056 8.616111440763515e-09
21700.056 8.569524831799614e-09
21750.056 7.431841623557491e-09
21800.056 5.942178092263986e-09
21850.056 5.3798302837054515e-09
21900.056 4.223935407696672e-09
21950.056 2.599550096117323e-09
22000.056 8.276302581572745e-10
22050.056 9.395960654967998e-10
22100.056 2.3072784642144526e-09
22150.056 1.998464253212291e-09
22200.056 2.1512882898032207e-09
22250.056 1.9111219506361115e-09
22300.056 1.2268055081789572e-09
22350.056 1.4518625738835713e-09
22400.056 7.631379263101796e-10
22450.056 9.427939228522363e-10
22500.056 8.323136251716754e-10
22550.056 5.952093217066228e-10
22600.056 5.421067498817273e-10
22650.056 7.549086451086199e-10
22700.056 6.707350458887235e-10
22750.056 7.622699521200599e-10
22800.056 8.363904747873069e-10
22850.056 6.439113238432459e-10
22900.056 5.71733348708204e-10
22950.056 5.187793890464798e-10
23000.056 6.308294074219214e-10
23050.056 8.064869429681541e-10
23100.056 2.316217447721465e-09
23150.056 1.8823055172480158e-09
23200.056 2.308520682135127e-10
23250.056 6.449931038226739e-10
23300.056 5.442268334779848e-10
23350.056 6.32379781477293e-10
23400.056 5.319162071327355e-10
23450.056 4.4829536678173864e-10
23500.056 4.972531001373029e-10
23550.056 8.029140566875115e-10
23600.056 1.2134696449796471e-09
23650.056 1.5464642389734893e-09
23700.056 4.555476316320443e-10
23750.056 4.834732692020965e-10
23800.056 1.28296137940399e-09
23850.056 1.0068033213535268e-09
23900.056 1.8602613288995843e-09
23950.056 1.3287812983229488e-09
24000.056 2.2339318412211116e-09
24050.056 2.2950727581039688e-09
24100.056 2.285780344568242e-09
24150.056 3.0691370216929574e-09
24200.056 2.520424865935864e-09
24250.056 2.2636937590088117e-09
24300.056 3.457635130528048e-09
24350.056 2.750289085918592e-09
24400.056 4.5359978417858105e-09
24450.056 4.38565536666155e-09
24500.056 4.046553334420097e-09
24550.056 5.5703411097618446e-09
24600.056 5.6561958454893915e-09
24650.056 7.290581236465067e-09
24700.056 4.812716647886536e-09
24750.056 5.435942091703835e-09
24800.056 4.974432991945817e-09
24850.056 7.800169376776075e-09
24900.056 3.268552374474295e-09
24950.056 6.5806266662437845e-09
25000.056 5.795397821747353e-09
25050.056 3.3280810378259403e-09
25100.056 5.497382474185564e-09
25150.056 2.9625824800511407e-09
25200.056 4.0734230182571826e-09
25250.056 1.7860615150490429e-09
25300.056 2.782920059127061e-09
25350.056 1.313465897168095e-09
25400.056 3.1575262541228535e-09
25450.056 1.229031271412961e-09
25500.056 1.158014963409683e-09
25550.056 2.066562163449971e-09
25600.056 1.4972744642834828e-09
25650.056 6.809458089106107e-10
25700.056 1.1912120706027007e-09
25750.056 3.7629126476930455e-10
25800.056 1.6665495439391265e-09
25850.056 4.4893297614107046e-10
25900.056 7.103430075309196e-10
25950.056 2.1877478641408087e-10
26000.056 1.6489073332500066e-09
26050.056 3.6294247574972746e-10
26100.056 1.3984789746702488e-09
26150.056 7.628393528994132e-10
26200.056 8.561726705681433e-10
26250.056 3.5004590399454023e-09
26300.056 1.185681892300435e-09
26350.056 4.8911822533314e-09
26400.056 4.980069634920713e-09
26450.056 3.895777280466276e-09
26500.056 6.385957077142522e-09
26550.056 1.4974174043217722e-09
26600.056 1.9182913116384502e-09
26650.056 4.460452537676441e-10
26700.056 3.1941969749472674e-10
26750.056 2.856094837968689e-10
26800.056 6.816243925390748e-10
26850.056 3.674334858278643e-10
26900.056 1.4486244111587492e-09
26950.056 5.854407783484915e-10
27000.056 2.4877667305382014e-09
27050.056 2.436202692500533e-09
27100.056 6.739907786544178e-10
27150.056 3.4557665152259153e-09
27200.056 6.721101678642483e-10
27250.056 1.5355670667221745e-09
27300.056 6.764954882545678e-09
27350.056 3.01694380757715e-09
27400.056 3.0542567871052664e-10
27450.056 3.6327160112098042e-09
27500.056 4.384970097084732e-09
27550.056 9.016504321080732e-10
27600.056 2.25350679415959e-09
27650.056 7.424816101405838e-10
27700.056 5.977730974298996e-10
27750.056 2.917267986644853e-09
27800.056 1.0262287504914324e-09
27850.056 1.4434695983447105e-09
27900.056 1.6258410207052404e-09
27950.056 3.5110726597993498e-09
28000.056 2.7192058483950956e-09
28050.056 5.337614011947076e-10
28100.056 3.188173065037647e-09
28150.056 2.1117354231840046e-09
28200.056 7.886598558687568e-10
28250.056 4.0025205395938194e-09
28300.056 4.055122209122351e-09
28350.056 9.874322512182861e-10
28400.056 2.939027045503432e-09
28450.056 4.669578385353699e-09
28500.056 3.022253792546929e-09
28550.056 7.943802014011891e-10
28600.056 4.925844241706052e-09
28650.056 3.337708123314628e-09
28700.056 3.892759923020904e-09
28750.056 6.541999968096485e-09
28800.056 3.777423245148479e-09
