galfind/configs/Brown_Dwarf_templates/sonora_bobcat/m0.0/1780g/sp_t800g1780nc_m0.0_resample.dat
# %ECSV 1.0
# ---
# datatype:
# - {name: wav, unit: Angstrom, datatype: float64}
# - {name: flux_nu, unit: erg / (cm2 Hz s), datatype: float64}
# meta: {C/O: '1.00', Kzz: '1.0000E+05', Teff: '800.', Y: '0.28', '[Fe/H]': '0.00', f_hole: '1.00', f_rain: '0.00', grav: '1780.'}
# schema: astropy-2.0
wav flux_nu
[from data line 498]
28900.056 1.1812010587918189e-08
28950.056 2.2700562570065543e-08
29000.056 1.9624464292994133e-08
29050.056 2.3743225726029002e-08
29100.056 1.5606669221573002e-08
29150.056 2.9194031510115286e-08
29200.056 2.1216284911385667e-08
29250.056 3.0399613452960365e-08
29300.056 1.6130538608744033e-08
29350.056 4.944724312954344e-08
29400.056 2.2349267953035325e-08
29450.056 2.4231332488157085e-08
29500.056 3.3201838123602214e-08
29550.056 2.475660133297921e-08
29600.056 3.033117012923675e-08
29650.056 3.7967427726890726e-08
29700.056 2.40583259354642e-08
29750.056 3.747427582832467e-08
29800.056 3.637073020162906e-08
29850.056 4.234371377159875e-08
29900.056 3.912644055341956e-08
29950.056 3.580065369297131e-08
30000.056 5.834725168870473e-09
30050.056 1.1931311803471237e-08
30100.056 1.8565204510354596e-08
30150.056 3.705215043919872e-08
30200.056 3.228512659208128e-08
30250.056 5.6146009862303004e-08
30300.056 5.023921881690054e-08
30350.056 3.680667185667075e-08
30400.056 5.825992216848584e-08
30450.056 3.8152375935602326e-08
30500.056 3.757950065873567e-08
30550.056 3.5819449661316784e-08
30600.056 5.919208534330486e-08
30650.056 4.0027729439901104e-08
30700.056 3.452077315245203e-08
30750.056 4.3618779067073827e-08
30800.056 3.734779227480689e-08
30850.056 3.611107196065255e-08
30900.056 2.7332568757441854e-08
30950.056 2.6208052995704705e-08
31000.056 2.6836606452204484e-08
31050.056 2.9692455700098114e-08
31100.056 1.865513555432087e-08
31150.056 2.7174830819268473e-08
31200.056 3.625646411300597e-08
31250.056 2.2602825038948783e-08
31300.056 1.98897876001101e-08
31350.056 2.349945918128362e-08
31400.056 1.7650685724585083e-08
31450.056 2.1208403091795733e-08
31500.056 1.2288543673204323e-08
31550.056 1.636399995907923e-08
31600.056 1.2402962528457342e-08
31650.056 1.0809633825682477e-08
31700.056 1.2430301882800956e-08
31750.056 7.955784185904086e-09
31800.056 1.3194169862099312e-08
31850.056 6.6149795047807905e-09
31900.056 1.0570623453340907e-08
31950.056 6.133004410820749e-09
32000.056 8.481542364473666e-09
32050.056 8.568932000903545e-09
32100.056 7.43066280907639e-09
32150.056 9.738458143029556e-09
32200.056 6.543058083582495e-09
32250.056 1.1856621269213883e-08
32300.056 5.8577447642425405e-09
32350.056 1.2676734255680872e-08
32400.056 5.974200712793124e-09
32450.056 1.136471918524783e-08
32500.056 8.36597842945132e-09
32550.056 1.0437783039139109e-08
32600.056 1.0852951202195942e-08
32650.056 1.5385513731904967e-08
32700.056 1.2995324879093444e-08
32750.056 1.9808694548403452e-08
32800.056 1.9367765483905323e-08
32850.056 2.408993331189994e-08
32900.056 2.4722526507982216e-08
32950.056 2.5890802377199713e-08
33000.056 1.9367274982612633e-08
33050.056 2.057831812580356e-08
33100.056 8.883742373256653e-09
33150.056 4.794911468337945e-10
33200.056 9.040966734168889e-10
33250.056 8.085630278497636e-10
33300.056 1.6109647774304575e-09
33350.056 3.5665491099100373e-09
33400.056 6.457083072518851e-09
33450.056 7.933226203958248e-09
33500.056 1.5934050578905308e-08
33550.056 1.0126884763676749e-08
33600.056 1.7550851457258238e-08
33650.056 1.8114679423701574e-08
33700.056 1.1780124652388351e-08
33750.056 2.2658573013591826e-08
33800.056 9.495257571176726e-09
33850.056 1.6193013478506447e-08
33900.056 1.3667103173899572e-08
33950.056 1.3965578737927362e-08
34000.056 1.9600763253134154e-08
34050.056 8.126099642267698e-09
34100.056 1.8116936309323527e-08
34150.056 1.06551913000503e-08
34200.056 1.6298262440772946e-08
34250.056 1.4913820124175185e-08
34300.056 1.1343128485431621e-08
34350.056 1.6006665467802038e-08
34400.056 9.612400460389949e-09
34450.056 1.7985458182394744e-08
34500.056 1.4328474160360863e-08
34550.056 8.807258491476184e-09
34600.056 2.242241073060023e-08
34650.056 9.83057231881005e-09
34700.056 1.8221839137601413e-08
34750.056 1.567450495499422e-08
34800.056 1.1785717836728766e-08
34850.056 2.2620726216801434e-08
34900.056 1.4783328824442065e-08
34950.056 2.029052501939657e-08
35000.056 3.1904642916801594e-08
35050.056 1.6549641491304792e-08
35100.056 3.0025834226301905e-08
35150.056 2.839978019046332e-08
35200.056 2.5540770609789646e-08
35250.056 3.888302267730822e-08
35300.056 2.111152231280286e-08
35350.056 2.77291315655856e-08
35400.056 2.995290308849503e-08
35450.056 2.0207274387878255e-08
35500.056 4.489465974339333e-08
35550.056 3.4194401512600696e-08
35600.056 3.561353183651387e-08
35650.056 4.082412907360739e-08
35700.056 3.2811171810554474e-08
35750.056 4.919629268199912e-08
35800.056 5.284371446700279e-08
35850.056 3.207919626006929e-08
35900.056 4.806501883825937e-08
35950.056 5.003735517109422e-08
36000.056 4.859523917000659e-08
36050.056 4.744632110219027e-08
36100.056 4.2806610669022074e-08
36150.056 5.7817040296392856e-08
36200.056 6.525996839078977e-08
36250.056 5.2119113300230674e-08
36300.056 7.552274703746714e-08
36350.056 6.696921649920449e-08
36400.056 7.419402314439066e-08
36450.056 7.260336328077031e-08
36500.056 7.743483859606013e-08
36550.056 9.541374993251971e-08
36600.056 1.0715849221698869e-07
36650.056 8.854119520144e-08
36700.056 9.23203039859896e-08
36750.056 1.1147692689801629e-07
36800.056 1.1350709602999628e-07
36850.056 9.693090136098381e-08
36900.056 1.0825675204819792e-07
36950.056 1.2410727705398055e-07
37000.056 1.0850037726099296e-07
37050.056 1.247982988900066e-07
37100.056 1.0971929419469905e-07
37150.056 1.1510820666220976e-07
37200.056 1.4405020083299113e-07
37250.056 1.1289303535817627e-07
37300.056 1.0247450053567172e-07
37350.056 1.318535544060141e-07
37400.056 1.6785790070199656e-07
37450.056 1.1552876362899804e-07
37500.056 1.2373562083619293e-07
37550.056 1.7196887509204873e-07
37600.056 1.967340915900158e-07
37650.056 1.198542906030189e-07
37700.056 1.7177174744501443e-07
37750.056 1.3430600597601537e-07
37800.056 1.534973082320365e-07
37850.056 1.1241540160400177e-07
37900.056 1.2859298911002027e-07
37950.056 1.5751368430299005e-07
38000.056 1.6674933608699257e-07
38050.056 1.7235646038702776e-07
38100.056 1.959242145670109e-07
38150.056 2.0380689981599408e-07
38200.056 1.9456183947100923e-07
38250.056 1.8843587042001448e-07
38300.056 2.457034880799623e-07
38350.056 2.4471277988002996e-07
38400.056 1.7113016035595482e-07
38450.056 1.6119065858695713e-07
38500.056 1.3324666246102684e-07
38550.056 2.0084444743002997e-07
38600.056 1.9291497718697265e-07
38650.056 2.079705754009841e-07
38700.056 2.239800900400002e-07
38750.056 2.141049884940002e-07
38800.056 2.0034267940897695e-07
38850.056 2.2021342379401338e-07
38900.056 2.495417376759729e-07
38950.056 2.073647631439987e-07
39000.056 2.3242126808097583e-07
39050.056 2.252973557580379e-07
39100.056 2.2628679522499698e-07
39150.056 2.6037955876999376e-07
39200.056 2.303037801409908e-07
39250.056 2.668410781190008e-07
39300.056 2.448876732659805e-07
39350.056 2.9080975854000877e-07
39400.056 2.5045097419502135e-07
39450.056 2.7509869461000194e-07
39500.056 2.8676696979000644e-07
39550.056 2.431674451750578e-07
39600.056 2.817394960599821e-07
39650.056 3.24363480169989e-07
39700.056 2.985742094600222e-07
39750.056 2.3602239212204772e-07
39800.056 2.5878222012999594e-07
39850.056 3.4252586364000657e-07
39900.056 3.4118120877000523e-07
39950.056 2.944096107899861e-07
40000.056 3.4508032562000396e-07
40050.056 3.28416147960004e-07
40100.056 2.4700638159741894e-07
40150.056 3.3571055995001463e-07
40200.056 3.478367960899611e-07
40250.056 3.4817851663994626e-07
40300.056 3.504040636200278e-07
40350.056 3.0101792923096744e-07
40400.056 3.6188435805320726e-07
40450.056 2.953724990779935e-07
40500.056 3.630041605799921e-07
40550.056 3.841773633299628e-07
40600.056 3.587514510300123e-07
40650.056 3.3332359866395503e-07
40700.056 4.4238382449998536e-07
40750.056 3.5105809008995445e-07
40800.056 2.971323267699255e-07
40850.056 4.311548507100349e-07
40900.056 4.171392794099871e-07
40950.056 3.5907611652001036e-07
41000.056 3.647410053399884e-07
41050.056 4.351037408899668e-07
41100.056 3.9399815211997314e-07
41150.056 2.9034855985398493e-07
41200.056 4.243827535300127e-07
41250.056 3.893408407219741e-07
41300.056 3.6212400800998445e-07
41350.056 4.4398014612000274e-07
41400.056 3.945696568200245e-07
41450.056 4.3535570624999404e-07
41500.056 3.5167320409496065e-07
41550.056 3.308203019720533e-07
41600.056 3.702791577260303e-07
41650.056 4.12788098690018e-07
41700.056 3.8828315373995664e-07
41750.056 3.788894667099814e-07
41800.056 4.406216775100198e-07
41850.056 3.1105602709098724e-07
41900.056 3.5566650537694023e-07
41950.056 4.0357575997002265e-07
42000.056 3.77213437679933e-07
42050.056 3.2424432453001256e-07
42100.056 4.3906366466997534e-07
42150.056 3.248080899120091e-07
42200.056 3.2330807139398006e-07
42250.056 3.490273444359986e-07
42300.056 3.2577551463999155e-07
42350.056 3.837506205000311e-07
42400.056 3.945040763100206e-07
42450.056 3.2648001115003863e-07
42500.056 3.3807936087998997e-07
42550.056 3.116239978999929e-07
42600.056 3.5379816034805923e-07
42650.056 4.461454744899492e-07
42700.056 3.384474504519381e-07
42750.056 2.9871400910003855e-07
42800.056 3.637680259500163e-07
42850.056 4.0368074964993467e-07
42900.056 4.237186710160388e-07
42950.056 3.299990182799586e-07
43000.056 3.838097279899987e-07
43050.056 2.4420333775506546e-07
43100.056 3.540533467299777e-07
43150.056 3.084245617120175e-07
43200.056 3.482859189000101e-07
43250.056 4.678632041500236e-07
43300.056 4.4274151108000717e-07
43350.056 2.631558935369489e-07
43400.056 3.592043354600149e-07
43450.056 2.926422091280384e-07
43500.056 3.221083780600085e-07
43550.056 3.187989210230095e-07
43600.056 4.102414013100276e-07
43650.056 2.693799551119999e-07
43700.056 4.419360747100396e-07
43750.056 3.9578127679000596e-07
43800.056 3.664391712039652e-07
43850.056 3.3394315397804744e-07
43900.056 3.407152721699792e-07
43950.056 2.543476268719748e-07
44000.056 2.2557224145800467e-07
44050.056 3.907254220900152e-07
44100.056 4.864157501700176e-07
44150.056 4.863815767899809e-07
44200.056 4.202660289700076e-07
44250.056 2.8740716910999533e-07
44300.056 2.3659278439603467e-07
44350.056 2.7711063979203437e-07
44400.056 2.670405404319864e-07
44450.056 3.7074693359001075e-07
44500.056 3.397481972320544e-07
44550.056 4.3940190457998114e-07
44600.056 3.9233915901001643e-07
44650.056 3.7728148354699464e-07
44700.056 2.8035672387797615e-07
44750.056 3.414192948600547e-07
44800.056 3.0437570374002506e-07
44850.056 4.0496176092002927e-07
44900.056 3.176242090680042e-07
44950.056 3.4557634290002224e-07
45000.056 3.7779258370000856e-07
45050.056 3.7027163060997937e-07
45100.056 3.663484855640184e-07
45150.056 3.57131089811986e-07
45200.056 2.761670777580146e-07
45250.056 3.095671862829517e-07
45300.056 2.9265866526403187e-07
45350.056 2.6754547986000006e-07
45400.056 4.258527425200347e-07
45450.056 4.0112164719001493e-07
45500.056 4.1366252185401647e-07
45550.056 4.640046072299451e-07
45600.056 4.4479576597002806e-07
45650.056 3.8385743196997173e-07
45700.056 2.875206692959981e-07
45750.056 2.6546043785000534e-07
45800.056 4.5985018168001404e-07
45850.056 4.362001282399967e-07
45900.056 4.6348251368000554e-07
45950.056 3.739535666699904e-07
46000.056 4.4329303662504255e-07
46050.056 3.732467373900031e-07
46100.056 4.708018030299789e-07
46150.056 3.352867530439956e-07
46200.056 3.112356221999937e-07
46250.056 1.8243287294338098e-07
46300.056 3.5399104363199985e-07
46350.056 3.672912445800239e-07
46400.056 3.5696757067001616e-07
46450.056 3.1362982467099423e-07
46500.056 3.3691843627805706e-07
46550.056 2.508041455100086e-07
46600.056 3.067092062319654e-07
46650.056 4.2538346627702174e-07
46700.056 3.2074075995995917e-07
46750.056 2.0886264289102507e-07
46800.056 1.6575525359300428e-07
46850.056 4.144398013900447e-07
46900.056 4.1292116045998076e-07
46950.056 3.927278719499749e-07
47000.056 3.7345234456003603e-07
47050.056 3.172372260489171e-07
47100.056 2.3687312396501363e-07
47150.056 3.237644338240386e-07
47200.056 3.758146131999896e-07
47250.056 2.44691470616976e-07
47300.056 1.8052709117431877e-07
47350.056 4.079346875400019e-07
47400.056 3.815977566599789e-07
47450.056 3.343568667940369e-07
47500.056 4.1108131771997934e-07
47550.056 3.5509280557001135e-07
47600.056 3.6643210329997294e-07
47650.056 3.522477565739667e-07
47700.056 3.108398621880658e-07
47750.056 2.432286002340022e-07
47800.056 2.3187660054802008e-07
47850.056 1.5206240860301133e-07
47900.056 2.015350770879851e-07
47950.056 3.4037916991000967e-07
48000.056 4.1641177917000947e-07
48050.056 3.696581205759777e-07
48100.056 2.0324592009900465e-07
48150.056 2.8768709637000967e-07
48200.056 2.48934763430994e-07
48250.056 2.8926960409999953e-07
48300.056 4.016425761899866e-07
48350.056 2.6715591213998825e-07
48400.056 1.2585693097347853e-07
48450.056 2.2125505805664255e-07
48500.056 2.9786073446995046e-07
48550.056 2.9708784394202037e-07
48600.056 3.204233731500084e-07
48650.056 3.725420062299914e-07
48700.056 2.9781588762801353e-07
48750.056 1.891109539340525e-07
48800.056 3.438038441120188e-07
48850.056 2.2629002530996205e-07
48900.056 3.2388522040198214e-07
48950.056 2.1988762185400108e-07
49000.056 1.3656975304540596e-07
49050.056 2.9588115062096797e-07
49100.056 3.2264297807503906e-07
49150.056 2.54606372173697e-07
49200.056 3.4633157859003353e-07
49250.056 3.330127600500199e-07
49300.056 2.908126399179896e-07
49350.056 1.7108906072603044e-07
49400.056 2.3566760732595728e-07
49450.056 2.335161688120559e-07
49500.056 2.000167223179815e-07
49550.056 9.314376488900017e-08
49600.056 1.6660089394442501e-07
49650.056 2.2759852569798627e-07
49700.056 2.3820005798095007e-07
49750.056 2.8481121682597956e-07
49800.056 2.1381448626539612e-07
49850.056 3.1991930808003244e-07
49900.056 2.8362595618199466e-07
49950.056 2.473765839449934e-07
50000.056 2.345448450249907e-07
50050.056 2.783648700299926e-07
50100.056 2.3197375541998918e-07
50150.056 1.460872541449851e-07
50200.056 6.351912171441497e-08
50250.056 1.9055242029999243e-07
50300.056 1.4449775185381392e-07
50350.056 2.662873763440271e-07
50400.056 2.520593199619895e-07
50450.056 1.8690867205800108e-07
50500.056 2.7493170302001907e-07
50550.056 2.653524389500067e-07
50600.056 1.9308609359495814e-07
50650.056 2.764237621590434e-07
50700.056 3.0259458456998135e-07
50750.056 2.1480466684101616e-07
50800.056 1.200766936087803e-07
50850.056 1.0255222299302885e-07
50900.056 2.698117223899976e-07
50950.056 2.2642408717000606e-07
51000.056 2.207548220822184e-07
51050.056 2.41731050179977e-07
51100.056 1.2167573716298598e-07
51150.056 1.5574048452401638e-07
51200.056 3.093732306699853e-07
51250.056 2.138845318989793e-07
51300.056 1.571707473140333e-07
51350.056 1.8482599341097598e-07
51400.056 1.0622197326601049e-07
51450.056 8.677217309438055e-08
51500.056 8.33863951874241e-08
51550.056 1.9281770567601664e-07
51600.056 1.4503392774801204e-07
51650.056 1.6452561632798213e-07
51700.056 1.8863885807487418e-07
51750.056 1.378484088885128e-07
51800.056 2.128501966199635e-07
51850.056 1.7833007988699268e-07
51900.056 2.5477555015001325e-07
51950.056 1.858299054089837e-07
52000.056 5.4697411433087104e-08
52050.056 1.246234957890123e-07
52100.056 9.475414787299434e-08
52150.056 7.412522881960867e-08
52200.056 1.0681485079569767e-07
52250.056 1.4572133048201793e-07
52300.056 2.2146522735999557e-07
52350.056 1.187141334018794e-07
52400.056 1.0338568971200617e-07
52450.056 1.97066529890019e-07
52500.056 1.9084451052895885e-07
52550.056 1.8075571358998476e-07
52600.056 1.4681136202600756e-07
52650.056 1.6114052380601897e-07
52700.056 1.2428818097300096e-07
52750.056 8.212406957559178e-08
52800.056 1.079442588090137e-07
52850.056 1.2364564534896823e-07
52900.056 9.705192109861846e-08
52950.056 1.1761643056700582e-07
53000.056 1.6330714151800377e-07
53050.056 8.825821689597995e-08
53100.056 1.6464546046599372e-07
53150.056 1.9903231730001554e-07
53200.056 8.692448673959146e-08
53250.056 1.7121766241401444e-07
53300.056 1.9266268496307474e-07
53350.056 1.7320703206999627e-07
53400.056 1.49424515110996e-07
53450.056 7.786998443048748e-08
