galfind/configs/Brown_Dwarf_templates/sonora_bobcat/m0.0/1780g/sp_t300g1780nc_m0.0_resample.dat
# %ECSV 1.0
# ---
# datatype:
# - {name: wav, unit: Angstrom, datatype: float64}
# - {name: flux_nu, unit: erg / (cm2 Hz s), datatype: float64}
# meta: {C/O: '1.00', Kzz: '1.0000E+05', Teff: '300.', Y: '0.28', '[Fe/H]': '0.00', f_hole: '1.00', f_rain: '0.00', grav: '1780.'}
# schema: astropy-2.0
wav flux_nu
4000.0559999999996 nan
4050.0559999999996 1.4614150922300242e-18
4100.056 3.236463777150045e-17
4150.056 1.5670363724700124e-16
4200.056 3.042487242700016e-16
4250.056 8.546399248500049e-16
4300.056 1.675152336900007e-15
4350.056 2.8799789743000103e-15
4400.056 4.629112303400015e-15
4450.056 7.139805315900024e-15
4500.056 1.0847248304800033e-14
4550.056 1.5538999185000027e-14
4600.056 1.774862391400003e-14
4650.056 1.999044398700001e-14
4700.056 1.958279516599998e-14
4750.056 1.6196881574999966e-14
4800.056 1.2846618563999971e-14
4850.056 9.481005158399972e-15
4900.056 7.588485570699987e-15
4950.056 6.1970162165999856e-15
5000.056 4.30917772469998e-15
5050.056 3.0096358560999956e-15
5100.056 3.0489782415000036e-15
5150.056 3.269749711600002e-15
5200.056 3.602968872700003e-15
5250.056 3.8336750108000025e-15
5300.056 4.057438424200003e-15
5350.056 4.3059764708000024e-15
5400.056 4.462563247400003e-15
5450.056 4.772093930600006e-15
5500.056 5.185578547700005e-15
5550.056 5.643354389700005e-15
5600.056 6.022644510900003e-15
5650.056 6.2781876501000015e-15
5700.056 6.183844952400002e-15
5750.056 6.174481149699998e-15
5800.056 5.68230502189999e-15
5850.056 4.1681023385999585e-15
5900.056 1.3883058346580383e-15
5950.056 7.435340706200103e-15
6000.056 1.5062814184000117e-14
6050.056 2.7708645377000218e-14
6100.056 4.652668797000032e-14
6150.056 7.335013791100043e-14
6200.056 1.1062382493300058e-13
6250.056 1.5533762545000063e-13
6300.056 2.235657036200011e-13
6350.056 3.170267840800015e-13
6400.056 4.3957114965000215e-13
6450.056 5.387967635000001e-13
6500.056 7.24256410590006e-13
6550.056 1.013995463380001e-12
6600.056 1.4070239532200112e-12
6650.056 1.9834014262000103e-12
6700.056 2.570107712500011e-12
6750.056 3.4455763790000147e-12
6800.056 4.006221702700004e-12
6850.056 3.846426776499991e-12
6900.056 2.772668655199968e-12
6950.056 1.7667820086000102e-12
7000.056 1.8097047142999837e-12
7050.056 1.762765135500003e-12
7100.056 1.938449118499999e-12
7150.056 1.3726083426999671e-12
7200.056 8.657957084100102e-13
7250.056 9.551698583999652e-13
7300.056 9.413931006400256e-13
7350.056 1.3047499100000056e-12
7400.056 1.7224739628000065e-12
7450.056 2.2658173114000176e-12
7500.056 2.700435148300004e-12
7550.056 2.9802561429000045e-12
7600.056 3.080946432799999e-12
7650.056 1.8704199622099726e-12
7700.056 1.8723902787700275e-12
7750.056 3.665197262800031e-12
7800.056 4.751209117700023e-12
7850.056 5.6933890649000004e-12
7900.056 6.940572254400038e-12
7950.056 8.151303736900022e-12
8000.056 1.0303208420000045e-11
8050.056 1.2348841393000035e-11
8100.056 9.049821872199834e-12
8150.056 4.99802900110023e-12
8200.056 1.2147054972700049e-11
8250.056 1.3377059737080372e-11
8300.056 1.501860177239983e-11
8350.056 1.8365746031000167e-11
8400.056 2.6814617078000642e-11
8450.056 4.1378364519000474e-11
8500.056 5.4115987139000373e-11
8550.056 6.935948747500076e-11
8600.056 8.677203283600064e-11
8650.056 9.997151853500043e-11
8700.056 1.0391230219000022e-10
8750.056 1.1038562252000034e-10
8800.056 1.0664363782899941e-10
8850.056 8.084915473599724e-11
8900.056 1.497565862479855e-11
8950.056 5.243311265260202e-12
9000.056 4.8079190129840745e-12
9050.056 3.0511708243899984e-11
9100.056 3.025338966740256e-11
9150.056 3.5373879336598655e-11
9200.056 5.871767344610389e-11
9250.056 3.9225828596696046e-11
9300.056 1.2971773943406834e-13
9350.056 8.768244003870693e-14
9400.056 3.5510801610825024e-12
9450.056 5.60851439963331e-13
9500.056 6.867520161429978e-13
9550.056 6.342977937651108e-13
9600.056 1.3071841742310287e-12
9650.056 4.1790513864741474e-12
9700.056 2.481944688776941e-11
9750.056 2.6471771363402578e-11
9800.056 3.9718339922699136e-11
9850.056 6.196991287500015e-11
9900.056 1.0147167172500372e-10
9950.056 1.1809502921200213e-10
10000.056 8.895493333747482e-11
10050.056 6.40046232929974e-11
10100.056 4.7668492868999695e-11
10150.056 2.8095118227998928e-11
10200.056 1.1838854265500063e-11
10250.056 1.2030558123100167e-11
10300.056 1.8417651280299328e-11
10350.056 9.131386856100338e-12
10400.056 1.6511434780800283e-11
10450.056 2.100780545599949e-11
10500.056 2.446908139700021e-11
10550.056 2.881617737300006e-11
10600.056 2.8763807028999967e-11
10650.056 2.5340281052999773e-11
10700.056 1.9996325196999755e-11
10750.056 1.6770036190999747e-11
10800.056 1.418926941400007e-11
10850.056 1.1836172155499901e-11
10900.056 9.721305736299793e-12
10950.056 6.487218877599922e-12
11000.056 3.7720971790997955e-12
11050.056 1.5155580268099462e-12
11100.056 3.873928841037796e-13
11150.056 6.984484533089414e-14
11200.056 2.6843119417649512e-14
11250.056 3.742707261698113e-14
11300.056 1.1918355189017268e-13
11350.056 3.22487969677585e-14
11400.056 2.885894584347456e-13
11450.056 1.2157034824989858e-13
11500.056 1.1998823557910917e-13
11550.056 3.9284875162193106e-14
11600.056 1.5903350153488673e-14
11650.056 1.0486530448460173e-13
11700.056 2.1168340515389745e-13
11750.056 1.1142415640131455e-13
11800.056 4.938147806119975e-13
11850.056 5.666811989070099e-13
11900.056 7.479957163400073e-13
11950.056 1.0302825629000135e-12
12000.056 1.24915782715004e-12
12050.056 1.7271645117900267e-12
12100.056 1.909216675120018e-12
12150.056 2.584218596750014e-12
12200.056 3.113979325999998e-12
12250.056 4.963726189270112e-12
12300.056 8.139597339700261e-12
12350.056 1.0513462599200242e-11
12400.056 1.619770053900028e-11
12450.056 2.5514142938000553e-11
12500.056 3.26158085759998e-11
12550.056 3.5846951647000657e-11
12600.056 5.225449097100137e-11
12650.056 7.698609821500148e-11
12700.056 9.213631219299959e-11
12750.056 7.95270929589999e-11
12800.056 6.322147924399871e-11
12850.056 4.138949663699872e-11
12900.056 2.849965642569956e-11
12950.056 2.3532259707200178e-11
13000.056 2.5407221770001114e-11
13050.056 1.596115344549939e-11
13100.056 1.8552379130099144e-11
13150.056 9.474614298000748e-12
13200.056 9.773518879439285e-12
13250.056 1.0426912041615961e-11
13300.056 2.8886594469709692e-12
13350.056 1.546247231236918e-12
13400.056 2.0745762630050816e-13
13450.056 1.6281984694511043e-14
13500.056 1.4653755557176646e-15
13550.056 7.207125875410356e-17
13600.056 8.256669503488727e-18
13650.056 7.204303112545264e-17
13700.056 2.768968020385777e-17
13750.056 5.477423282006371e-16
13800.056 6.949613153464181e-16
13850.056 8.477701329104518e-17
13900.056 4.738090534787808e-16
13950.056 2.637979314624458e-16
14000.056 1.3057404285040603e-15
14050.056 1.2373371176612842e-15
14100.056 1.2068969205216722e-15
14150.056 7.398978962110739e-15
14200.056 6.160600820406566e-15
14250.056 1.2170794072750894e-14
14300.056 5.389719513749865e-14
14350.056 4.875137316860783e-14
14400.056 4.6476974660069805e-14
14450.056 1.3491271733110079e-13
14500.056 4.426801993704869e-13
14550.056 9.682502959292061e-13
14600.056 2.0562545848846157e-12
14650.056 4.906651279706793e-13
14700.056 1.5676264336741404e-13
14750.056 8.430854444834439e-14
14800.056 5.26334866411154e-14
14850.056 5.606830651287401e-14
14900.056 3.940445817955523e-14
14950.056 2.0062552942958215e-14
15000.056 1.0472686525527394e-13
15050.056 2.448053692505887e-13
15100.056 6.579128559619023e-14
15150.056 1.757703064948067e-14
15200.056 1.1992649915055937e-13
15250.056 2.9866565368894825e-13
15300.056 5.923619038543634e-13
15350.056 7.993295729278396e-13
15400.056 1.127898453808079e-12
15450.056 2.0873756334562818e-12
15500.056 4.32850626153999e-12
15550.056 1.0526122747101393e-11
15600.056 2.301045009249966e-11
15650.056 4.8974143010004117e-11
15700.056 8.731370061400217e-11
15750.056 1.1445806561500175e-10
15800.056 1.4498291425700136e-10
15850.056 1.7912541284000454e-10
15900.056 1.9198869682999964e-10
15950.056 2.158661157699999e-10
16000.056 1.9605051159999748e-10
16050.056 1.5003776752399551e-10
16100.056 9.05865983929989e-11
16150.056 4.5849340223996305e-11
16200.056 1.4750416831899586e-11
16250.056 5.5106292129399065e-12
16300.056 2.0565980524909236e-12
16350.056 1.4957276320662433e-12
16400.056 1.426745653417524e-12
16450.056 1.791545087528113e-12
16500.056 1.4330293678088838e-12
16550.056 1.8976115179772573e-12
16600.056 7.34983668240471e-12
16650.056 2.6590986551091536e-12
16700.056 6.833766488444051e-13
16750.056 2.5439031895069344e-12
16800.056 3.397073633169686e-12
16850.056 2.9625397408372306e-12
16900.056 1.1888990146632216e-12
16950.056 8.552855357241658e-13
17000.056 3.794201674341799e-13
17050.056 6.85677311650839e-13
17100.056 1.620020315331042e-12
17150.056 1.184684575540287e-12
17200.056 4.019241382519564e-12
17250.056 7.556930418457072e-13
17300.056 7.151357210760852e-13
17350.056 1.2359562996320488e-12
17400.056 2.428086042447834e-12
17450.056 3.1987879157401726e-12
17500.056 5.198605314980165e-12
17550.056 4.192090373349881e-12
17600.056 4.3223139414602405e-12
17650.056 2.3534096001159114e-12
17700.056 2.0032484455288706e-12
17750.056 1.3003822884869925e-12
17800.056 2.193479245053139e-12
17850.056 9.384964921112176e-13
17900.056 5.187486267028422e-13
17950.056 2.5758433914635345e-13
18000.056 5.077804416732819e-13
18050.056 1.3414036394125446e-13
18100.056 1.2118670888046275e-13
18150.056 5.587417332731804e-14
18200.056 3.3704837635025517e-14
18250.056 1.6879952608298142e-13
18300.056 8.946287665761528e-15
18350.056 9.814774000242748e-15
18400.056 2.62829509694754e-15
18450.056 5.468510013335971e-14
18500.056 3.977508282605697e-14
18550.056 1.1024587308682224e-14
18600.056 3.9042522251295356e-14
18650.056 3.08168586734618e-14
18700.056 9.28456206081256e-16
18750.056 2.2039113287396737e-15
18800.056 1.3547879002801897e-13
18850.056 9.293883410102105e-14
18900.056 1.5976230598330214e-13
18950.056 1.8861718823909085e-13
19000.056 1.2504279924791986e-14
19050.056 5.9125869799392836e-15
19100.056 3.766937318239778e-14
19150.056 1.4564615722344863e-14
19200.056 4.8612622395709065e-14
19250.056 3.5704952863853885e-14
19300.056 1.5593396272023096e-14
19350.056 2.3615721340147175e-14
19400.056 1.2329038027437378e-14
19450.056 1.1973303386028186e-14
19500.056 1.3773911348314425e-14
19550.056 3.523578045115033e-14
19600.056 7.335556919008691e-14
19650.056 6.580246872581476e-14
19700.056 1.142151248938453e-13
19750.056 1.3187209389127229e-13
19800.056 6.878518388913792e-14
19850.056 1.0933392349685891e-13
19900.056 2.0667260727474542e-13
19950.056 1.9355744433057022e-13
20000.056 2.1924395816243667e-13
20050.056 1.8069500400255535e-13
20100.056 2.781132751818978e-13
20150.056 2.0603648005962746e-13
20200.056 1.4753760200657007e-13
20250.056 3.091022901091896e-13
20300.056 3.5709709047410017e-13
20350.056 3.907368566749646e-13
20400.056 4.1882065851000137e-13
20450.056 5.743031996300661e-13
20500.056 5.831635971300085e-13
20550.056 5.870285247499785e-13
20600.056 5.872387568100342e-13
20650.056 5.77878516469974e-13
20700.056 5.631893662499929e-13
20750.056 5.266144478199958e-13
20800.056 4.83358425679987e-13
20850.056 4.672262645399985e-13
20900.056 4.3661800409999807e-13
20950.056 4.039684399899981e-13
21000.056 3.7877520281999834e-13
21050.056 3.728283875599986e-13
21100.056 3.6652893786999964e-13
21150.056 3.741280216800017e-13
21200.056 3.8641419009000353e-13
21250.056 4.077132486199956e-13
21300.056 4.2277853805000347e-13
21350.056 4.398575788499888e-13
21400.056 4.901270201100211e-13
21450.056 4.589588093800129e-13
21500.056 4.3909214790799963e-13
21550.056 4.4969108272399263e-13
21600.056 4.3559876138021735e-13
21650.056 4.061057414149975e-13
21700.056 3.947087873839864e-13
21750.056 3.956394178448158e-13
21800.056 3.10172977373417e-13
21850.056 2.9364883194720344e-13
21900.056 2.268185935908409e-13
21950.056 1.0955494465044175e-13
22000.056 8.606611543868972e-15
22050.056 1.7471197661868902e-14
22100.056 4.9379274969974494e-14
22150.056 2.906472726240101e-14
22200.056 2.811186282368713e-14
22250.056 2.1556816304965858e-14
22300.056 6.955335723220294e-15
22350.056 1.44155388619589e-14
22400.056 5.447571810818101e-15
22450.056 1.0096505996523015e-14
22500.056 6.7257307428502755e-15
22550.056 2.3524606334218383e-15
22600.056 1.5868527968321632e-15
22650.056 1.5222347340717283e-15
22700.056 2.669628237200092e-15
22750.056 5.911964259044363e-15
22800.056 8.769218153331461e-15
22850.056 4.43623817240227e-15
22900.056 3.4397128543682154e-15
22950.056 2.018041472690946e-15
23000.056 1.8143957758935475e-15
23050.056 1.224587454902524e-15
23100.056 4.014394150198258e-14
23150.056 3.8515393777159144e-14
23200.056 1.0308830951073815e-15
23250.056 9.607344610315613e-15
23300.056 4.909782342281228e-15
23350.056 7.568837919630211e-15
23400.056 5.347147118675778e-15
23450.056 2.067491921556555e-15
23500.056 1.8162423451353737e-15
23550.056 5.6806758177368865e-15
23600.056 2.1659361316635e-14
23650.056 3.115888290184269e-14
23700.056 2.2447781950449316e-15
23750.056 4.639913781069281e-15
23800.056 4.05030046879992e-14
23850.056 1.5109164081474306e-14
23900.056 4.13053913384189e-14
23950.056 1.4386794576500896e-14
24000.056 5.6080986270829497e-14
24050.056 5.751520672412898e-14
24100.056 1.0810570887288321e-13
24150.056 1.5975213114236978e-13
24200.056 1.2598436211830957e-13
24250.056 9.130475479661853e-14
24300.056 2.3995272730553933e-13
24350.056 1.9444876212597758e-13
24400.056 4.743862139570047e-13
24450.056 5.169710918680118e-13
24500.056 4.603637808479716e-13
24550.056 9.24166420117055e-13
24600.056 1.2665657292099174e-12
24650.056 1.6446770528281405e-12
24700.056 1.3347136186501443e-12
24750.056 1.9733502935641496e-12
24800.056 1.847917136950061e-12
24850.056 2.1164062622626813e-12
24900.056 1.3654454096358978e-12
24950.056 1.9669234073797377e-12
25000.056 2.9400175646997738e-12
25050.056 1.3608420546883622e-12
25100.056 2.20262167961849e-12
25150.056 9.691315219280538e-13
25200.056 1.5412303624798307e-12
25250.056 5.254973076905652e-13
25300.056 4.4133115006404385e-13
25350.056 2.220658789539409e-13
25400.056 5.969620345672046e-13
25450.056 1.28350741052685e-13
25500.056 9.706061083141147e-14
25550.056 3.7349838633361364e-13
25600.056 1.3161283137769767e-13
25650.056 4.043318858390313e-14
25700.056 2.804930790133015e-14
25750.056 1.1156405613766352e-14
25800.056 4.9716913036696095e-14
25850.056 9.07842786573142e-15
25900.056 1.245065666975109e-14
25950.056 4.925361787919678e-15
26000.056 3.226740371133382e-14
26050.056 6.306765961558596e-15
26100.056 1.984694924151139e-14
26150.056 1.0317720745722884e-14
26200.056 1.2479706857752889e-14
26250.056 6.083060508710915e-14
26300.056 1.4547480239728462e-14
26350.056 1.7529727951795644e-13
26400.056 4.2176176604993574e-13
26450.056 1.4805539598288093e-13
26500.056 4.620865555429983e-13
26550.056 5.017170493982942e-14
26600.056 3.874269789214342e-14
26650.056 1.064171740959241e-14
26700.056 1.0681055319251186e-14
26750.056 1.5159669373877444e-14
26800.056 4.530090385276093e-14
26850.056 3.293754545097198e-14
26900.056 1.0896789853059614e-13
26950.056 3.057401828923546e-14
27000.056 1.3615103674389537e-13
27050.056 2.705851846034865e-13
27100.056 2.1277905029978103e-14
27150.056 1.9480203556409584e-13
27200.056 2.1915747346027013e-14
27250.056 5.798764148585874e-14
27300.056 6.802088649370019e-13
27350.056 1.6029902242239018e-13
27400.056 1.976316544796762e-14
27450.056 2.62568202509048e-13
27500.056 3.5960896253233833e-13
27550.056 6.725080362661094e-14
27600.056 2.0154570468840996e-13
27650.056 6.025178914494508e-14
27700.056 7.356865298583425e-14
27750.056 3.7052317968132193e-13
27800.056 1.4146537850430763e-13
27850.056 2.8683076885587633e-13
27900.056 4.670095309388204e-13
27950.056 6.769526035339882e-13
28000.056 8.954603703465752e-13
28050.056 9.148977510463705e-14
28100.056 1.2781452001094888e-12
28150.056 8.807930296755688e-13
28200.056 1.719327286557933e-13
28250.056 1.8609738588699176e-12
28300.056 1.7160533343948333e-12
28350.056 1.914993896198982e-13
28400.056 1.1590352238224045e-12
28450.056 1.8129542197439505e-12
28500.056 6.522144669819176e-13
28550.056 2.2295497497676512e-13
28600.056 1.977995364375313e-12
28650.056 4.937339142189849e-13
28700.056 1.909141377184744e-12
28750.056 3.899263664968024e-12
28800.056 6.491520436444644e-13
